92
Emue_Em0016g1044a.t1                               0.0000000 0.1433728 0.5204842 0.5597439 0.9185213 0.9671220 0.9389963 0.9159368 0.6635932 0.8587064 1.1137303 1.0185657 0.6867054 1.1409595 0.8671721 0.8868003 0.7967863 0.8971267 0.7480530 0.8887467 1.1665276 0.7891798 0.7336414 0.8937384 0.9227378 0.9804431 1.0283234 0.7588456 0.9018712 0.8732293 0.9017816 0.9642830 0.9373879 0.8952300 1.0561259 1.1578048 1.0999095 1.1295715 1.1260705 0.9822942 1.1132573 1.1132573 0.9582954 1.0125855 1.1338554 1.1905051 1.0996324 0.7112140 0.8225272 1.1612512 1.3040530 1.2482190 1.2482190 1.3038541 1.1278260 1.1278260 0.8528768 1.3368451 1.4383539 1.2313347 1.5337038 1.5206828 0.9579643 0.7387154 0.9493351 1.0472513 1.2415101 1.5349116 1.5062489 1.2752507 1.2653789 0.9086800 1.3517304 1.5887858 1.8200456 1.4337022 1.5110928 1.2581170 1.3614247 1.6494385 1.5888483 1.5811486 1.6130752 1.5362047 1.3106939 1.3995171 1.6537823 1.7272810 1.2591075 1.4037227 1.4703529 1.5758271 
Spolac_c100541_g1_i1_m.22789c100541-g1             0.1433728 0.0000000 0.5513937 0.6072796 0.9770995 1.0416595 0.9989421 0.9589811 0.6549801 0.8484763 1.1784918 1.1402181 0.6714626 1.2266714 0.9128350 0.9041534 0.8253256 0.9001004 0.7890096 0.9073367 1.1658074 0.8599392 0.7153035 0.9226343 0.9257281 1.0799167 1.0724965 0.8958582 0.9109147 0.9361658 0.9459888 0.9783425 1.0169430 0.9404349 1.1076230 1.2250761 1.1540050 1.1897661 1.1773672 1.0121103 1.1482031 1.1482031 1.0188209 1.1124436 1.2063301 1.2548044 1.1555886 0.7661474 0.8446197 1.1778130 1.3308954 1.2840406 1.2840406 1.4149115 1.1980646 1.1980646 0.8811661 1.3880368 1.4160621 1.3003013 1.6364923 1.5836188 0.9689013 0.7088409 0.9590225 1.0634211 1.3218079 1.6028448 1.6484911 1.2991233 1.3158205 0.9698000 1.4746517 1.6728384 1.9039064 1.5545454 1.5937034 1.3264802 1.4720996 1.7057931 1.6610767 1.5634651 1.6926149 1.6098192 1.4142364 1.5638574 1.7114616 1.7377042 1.3118463 1.5602562 1.5226682 1.7551381 
Tetwil_g23159.t1                                   0.5204842 0.5513937 0.0000000 0.4219143 1.0780231 1.0093826 0.8950984 0.9359824 0.7158079 0.8216836 1.1485398 1.0738950 0.5896601 1.1094936 0.8990652 0.8630985 0.8058183 0.8705317 0.8213203 0.8633137 1.5173311 0.8947375 0.9018561 0.8726920 0.9083621 0.9975569 1.0071426 0.8350789 0.8423693 0.9472247 0.8189555 1.0724356 0.9774280 1.0022081 1.0265469 1.3077311 1.2438932 1.2888464 1.2472526 1.1147546 1.1704957 1.1704957 0.9370596 1.0029902 1.1836454 1.2337721 1.1073415 0.7134140 0.8100702 1.2381184 1.4114849 1.4074126 1.4074126 1.3451193 1.1699583 1.1699583 0.8043778 1.4372238 1.4278382 1.2097469 1.3949589 1.5144765 0.9307509 0.6704477 0.8972074 1.0800445 1.3902562 1.6395461 1.7542868 1.1373844 1.4270121 1.0995759 1.3867857 1.7426641 1.8417203 1.3926905 1.4734991 1.3967973 1.5467405 1.8212407 1.7009980 1.5460701 1.6726914 1.6339420 1.2965054 1.5974679 1.6862682 1.7452450 1.2497601 1.4165957 1.5849111 1.7614601 
Stycar_maker-SC_scaffold5413-snap-gene-0.15-mRNA-1 0.5597439 0.6072796 0.4219143 0.0000000 1.1647902 1.1157470 0.9624575 1.0573017 0.7480830 0.8787764 1.1502420 1.1190802 0.6454094 1.0550317 0.9121122 0.8868830 0.7940152 0.8831793 0.7633159 0.8283401 1.4926448 0.9139455 1.1579040 0.9230522 0.9112206 0.9757738 1.0133115 0.8355378 0.8770505 0.9676660 0.9233200 1.0437362 1.0200567 0.9727017 1.1300571 1.3275051 1.2554721 1.2453300 1.2542031 1.0809506 1.1290236 1.1290236 0.9696856 1.1516738 1.1055807 1.1613889 1.0950536 0.7178237 0.8221808 1.2236450 1.3602086 1.2986186 1.2986186 1.3173435 1.1393800 1.1393800 0.8605319 1.2846476 1.4362903 1.2285508 1.5337690 1.5717689 0.9061126 0.7025713 0.9275917 1.1010083 1.4613509 1.7218574 1.7069213 1.2906873 1.4833706 1.1412288 1.5797444 1.8356877 2.1691865 1.5151302 1.6443349 1.4229286 1.5193120 1.8430157 1.7630207 1.6837310 1.7336978 1.8378368 1.4552446 1.6690670 1.7697481 1.5957027 1.1840010 1.4917219 1.7149699 2.0889222 
Lcom_lcpid38896                                    0.9185213 0.9770995 1.0780231 1.1647902 0.0000000 0.3819729 0.2354393 0.3090447 0.3236205 1.1672225 1.2961609 1.2333243 0.9078509 1.2854219 1.1025263 1.1295642 1.0764531 1.1506220 1.0341022 1.1335903 1.6939229 1.1672082 0.6587343 1.1480107 1.0917676 1.2154330 1.1107847 0.9395559 1.3238274 1.0871162 1.0856821 1.1680460 1.1266867 1.0910178 1.0432083 1.4667332 1.3933758 1.4159615 1.4322565 1.3183026 1.3209347 1.3209347 1.1614245 1.3280446 1.2765204 1.3354672 1.2081624 0.8117065 0.9675289 1.2974363 1.4272221 1.4540962 1.4540962 1.5348746 1.4162712 1.4162712 0.9020660 1.5610291 1.6128979 1.2867261 1.4952964 1.8070819 1.2880053 1.2293734 1.2951751 1.2295136 1.4397293 1.6191329 1.6099801 1.2634579 1.4275439 1.2021010 1.3659299 1.7704030 1.7373004 1.6140030 1.6245686 1.3207125 1.6408683 1.8542325 1.8065002 1.5605871 1.7568285 1.6096333 1.3423449 1.6734913 1.6292370 1.9676695 1.3711483 1.6909646 1.5242444 2.4673440 
Scil_scict022565.1                                 0.9671220 1.0416595 1.0093826 1.1157470 0.3819729 0.0000000 0.2357517 0.3502459 0.3974139 1.1477575 1.2961828 1.2438219 0.8464368 1.2800618 1.1286967 1.0969171 1.0874174 1.1769720 1.1339330 1.1790984 1.7773590 1.1498174 0.6600393 1.1359388 1.0506212 1.1892050 1.1323564 0.9244051 1.2962004 1.1233383 1.1252599 1.1583667 1.0977289 1.1761975 1.1133704 1.5856994 1.5145897 1.5223041 1.5523745 1.4009086 1.4551157 1.4551157 1.1362264 1.2958988 1.2949847 1.3429140 1.1978169 0.8369729 0.9508508 1.3012111 1.4345111 1.4116476 1.4116476 1.4643866 1.3763186 1.3763186 1.0106198 1.5633245 1.4887840 1.3212794 1.5080194 1.8235541 1.2632156 1.2678655 1.1767906 1.2848119 1.3332309 1.5138936 1.5548993 1.3141482 1.3585755 1.2659337 1.3706809 1.7933250 1.8859708 1.6396603 1.6858969 1.4050081 1.4611091 1.8716618 1.8637912 1.6535757 1.7854340 1.5557001 1.3584834 1.6006808 1.5998817 1.9320062 1.4065129 1.6788209 1.5425204 2.3395515 
Leuniv_Lniv_C792736_01                             0.9389963 0.9989421 0.8950984 0.9624575 0.2354393 0.2357517 0.0000000 0.2497107 0.3917207 1.0634590 1.0449191 1.0734429 0.8898178 1.0533167 0.8911940 0.8983883 0.8839125 0.9299732 0.8908936 1.0329227 3.1497260 0.9478208 0.5726424 0.8829845 0.9204278 1.0951027 0.8859646 0.9693229 1.0704341 0.9985461 0.9043889 1.0379443 0.9264679 0.9343544 0.9049606 1.3897261 1.3463086 1.2822852 1.2679873 1.2775800 1.2144953 1.2144953 0.9876475 1.0196006 1.1023464 1.1023464 1.1023464 0.8337961 0.9943619 1.2036738 1.2036738 1.1090551 1.1090551 1.1517250 1.1458636 1.1458636 0.9153095 1.2015285 1.1768693 1.1985472 1.4555797 1.5174732 1.2658835 1.0948707 1.0046260 1.1699542 1.0098877 1.3400954 1.3081323 1.0860293 1.1702617 1.1071518 1.3015835 1.4174179 1.2134425 1.3822636 1.3711938 1.2880238 1.1870475 1.5373742 1.5098487 1.3790661 1.5102035 1.3408747 1.3850582 1.2474896 1.4522352 2.3196058 1.0303153 1.2236506 1.2219479 2.1272552 
Gracom_Gcom_scaffold9480_01                        0.9159368 0.9589811 0.9359824 1.0573017 0.3090447 0.3502459 0.2497107 0.0000000 0.4549728 1.0507198 1.1699222 1.1950584 1.0026508 1.1646055 0.9733952 0.9710739 0.9870941 1.0227400 1.0190608 1.1487178 1.0750344 1.0023314 0.6643634 1.0154868 0.9831129 1.1523138 1.0474411 1.0629797 1.1286753 1.1285106 1.0391639 1.1108692 1.0938645 1.0580235 1.0508775 1.6130842 1.5450046 1.6001248 1.5817340 1.4768858 1.3821372 1.3821372 1.0883929 1.2480037 1.2708391 1.3232427 1.2222213 0.9246032 1.0502394 1.2508283 1.3041125 1.3076215 1.3076215 1.3632240 1.2969880 1.2969880 0.9280450 1.3934941 1.3006280 1.3321762 1.6009225 1.6415499 1.1573538 1.1127126 1.0945432 1.1836120 1.3692174 1.5498432 1.5977255 1.4992826 1.3619247 1.4055599 1.5198926 1.6000416 1.7601333 1.4979192 1.4952056 1.2971094 1.4307781 1.7205100 1.7237662 1.5287231 1.6605434 1.5865546 1.5693397 1.4661639 1.5257459 1.2823172 1.1044751 1.5965753 1.4401449 2.3823409 
Clacor_Ccor_scaffold7898_01                        0.6635932 0.6549801 0.7158079 0.7480830 0.3236205 0.3974139 0.3917207 0.4549728 0.0000000 0.6554652 0.9180104 0.9265166 0.8359865 0.8488685 0.7766514 0.7615144 0.7602340 0.8040680 0.7889593 0.7843386 2.8733832 0.6716234 0.7122833 0.7714819 0.7877616 0.9107430 0.7475992 0.8436116 0.6142085 0.8393000 0.8232911 0.8622382 0.7989264 0.7584249 0.8020402 0.9124458 0.8988611 0.8179477 0.8004360 0.7908201 0.6972004 0.6972004 0.6926246 0.7868428 0.9229827 0.9229827 0.9229827 0.9328685 0.9312259 0.9599396 0.9599396 0.9886373 0.9886373 0.8990475 0.8835867 0.8835867 0.9766594 0.8559705 0.9126054 0.8812940 1.1010018 1.3883846 0.9888504 0.8385292 0.7441558 0.7841487 0.7735084 1.1571069 1.2097674 0.5763537 1.0643166 1.1034127 1.2110004 1.1483596 0.8130740 1.0155804 1.0207894 1.0406276 1.0644493 1.3690949 1.4051720 1.2363349 1.3130568 1.2459431 1.2666900 1.1490503 1.2968915 0.0000010 0.6851715 0.8782916 0.9037982 1.8087265 
Bralan_BLAG09000491_1                              0.8587064 0.8484763 0.8216836 0.8787764 1.1672225 1.1477575 1.0634590 1.0507198 0.6554652 0.0000000 1.0040386 0.9428168 0.3886943 0.9813818 0.7755372 0.7626629 0.7173729 0.7900825 0.7086902 0.7326552 1.6979068 0.7494398 0.4969885 0.8014555 0.7886982 0.8995513 0.7903542 0.5103691 0.6139485 0.6608130 0.7741839 0.8587841 0.6597508 0.7065639 0.8303622 1.1514718 1.1502808 1.1057793 1.1742490 0.9876529 0.9764198 0.9764198 0.8554451 0.9903671 1.0990482 1.1413453 1.0831818 0.7583899 0.8042559 1.1092276 1.2232641 1.1806350 1.1806350 1.2154653 1.0322215 1.0322215 0.7910313 1.2512208 1.2634491 1.1388677 1.4221369 1.3993494 1.0741321 0.8519693 0.9258302 0.8983477 1.0907111 1.3552586 1.2550198 1.3153761 1.2616533 1.1016394 1.3767416 1.5852887 1.6846853 1.3615706 1.3972217 1.2291758 1.4478935 1.6164640 1.4771100 1.4922401 1.5638278 1.5534772 1.3361164 1.3003621 1.4605188 1.4018682 0.9584064 1.2652569 1.5611687 1.4602603 
Nemnom_g8645.t1                                    1.1137303 1.1784918 1.1485398 1.1502420 1.2961609 1.2961828 1.0449191 1.1699222 0.9180104 1.0040386 0.0000000 0.1071784 0.2685307 0.4610109 0.8529584 0.8390486 0.8460339 0.8718736 0.7526854 0.6996774 1.5145778 0.9731108 0.8081940 1.0546501 0.8490707 0.6362361 1.1458116 0.5478985 1.0116428 0.8636850 0.8861838 1.1066405 1.0393239 0.9872463 1.1390311 1.2237205 1.1772026 1.1990197 1.1860701 1.0657733 1.1695563 1.1695563 0.8772605 1.1102712 1.1400332 1.2076316 1.1093694 0.9805050 1.0288118 1.1051482 1.2762813 1.3604602 1.3604602 1.3863440 1.2077793 1.2077793 0.9541339 1.3433418 1.3832467 1.2988282 1.7772433 1.5712313 1.2597673 1.0505324 1.2426368 1.3587451 1.5026459 1.6266105 1.6537549 1.5895292 1.5250469 1.2971995 1.6618131 1.6416088 1.9602393 1.4929809 1.5760572 1.5698027 1.5804469 1.9364663 1.9373203 1.5449110 1.6032396 1.6791546 1.2864342 1.6967738 1.4807654 1.5575604 1.1507338 0.5101494 1.6692685 1.9747294 
Rhoesc_Res_002147-T1                               1.0185657 1.1402181 1.0738950 1.1190802 1.2333243 1.2438219 1.0734429 1.1950584 0.9265166 0.9428168 0.1071784 0.0000000 0.2479455 0.4280120 0.7929380 0.7924897 0.7845254 0.8244800 0.7239678 0.6996821 1.2836868 0.9569229 0.8189764 0.9952397 0.8200691 0.6207145 1.0554407 0.5377996 0.9489233 0.8661883 0.8285752 1.0975623 1.0658897 0.9138509 1.1072924 1.2314643 1.1794610 1.1739156 1.1599039 1.0510816 1.1244983 1.1244983 0.8257056 1.0593056 1.1279854 1.1935746 1.0997785 0.9297657 0.9901060 1.1022699 1.3005524 1.3663708 1.3663708 1.3985321 1.2086728 1.2086728 0.9215217 1.3101173 1.3797803 1.2745265 1.7161649 1.5689403 1.2106526 1.0564034 1.2221773 1.3930958 1.4159942 1.5359547 1.5709584 1.4762697 1.5300500 1.2422706 1.6627228 1.5993918 1.8784059 1.4981672 1.5851392 1.5416641 1.5032313 1.8641403 1.9118969 1.5613116 1.5768936 1.6445709 1.2647471 1.6142392 1.4609116 1.4842380 1.1228223 0.5508884 1.5913825 1.8308843 
Aaur_scaffold47.g20.t1                             0.6867054 0.6714626 0.5896601 0.6454094 0.9078509 0.8464368 0.8898178 1.0026508 0.8359865 0.3886943 0.2685307 0.2479455 0.0000000 0.1905713 0.4728649 0.4532623 0.4162676 0.3805341 0.4267449 0.4443356 3.0651476 0.6900245 0.8596542 0.5797891 0.4749431 0.4117064 0.4904410 0.4519314 0.4391471 0.5628891 0.4696322 0.6185376 0.5410633 0.5662135 0.7301400 0.8804443 0.8477910 0.6820805 0.6630549 0.6931999 0.5827355 0.5827355 0.4808792 0.5419195 0.8218162 0.8218162 0.8218162 0.8218162 0.8245772 0.8295279 0.8295279 0.7930944 0.7930944 0.9251498 0.7760804 0.7760804 0.8145725 0.7253496 0.8975210 0.9309529 1.1539203 1.7207785 0.6851239 0.5767602 0.6018332 0.8237966 0.6571022 0.9727060 0.9771934 0.5644061 0.9920016 0.9920016 1.5675573 0.9202169 1.0046087 0.9451028 0.9166826 0.9270278 1.0391072 1.2109339 1.2446143 1.0938926 1.1222518 1.0749252 0.9827895 0.9944293 0.9825063 0.0000010 0.4222361 0.0000010 1.0700349 1.2995291 
Sanmal_Sma_017439-T1                               1.1409595 1.2266714 1.1094936 1.0550317 1.2854219 1.2800618 1.0533167 1.1646055 0.8488685 0.9813818 0.4610109 0.4280120 0.1905713 0.0000000 0.8859509 0.9169687 0.8335986 0.9074317 0.7503805 0.6531599 2.3774149 1.0848386 0.9153261 1.1002620 0.8621259 0.6219767 1.1198802 0.4798397 1.0395581 0.9476797 0.9220108 1.0999685 1.1475639 1.1430937 1.1902636 1.3087338 1.2726165 1.2872418 1.2666783 1.0521677 1.2615514 1.2615514 0.9727733 1.2202376 1.0857289 1.1363019 1.0195968 0.7898602 0.8706296 1.1385241 1.3340965 1.4691418 1.4691418 1.4421249 1.2167575 1.2167575 0.8476263 1.3336495 1.3891864 1.1305110 1.6388506 1.6157900 1.1807948 0.9765580 1.1534334 1.3438387 1.4852818 1.6589596 1.5519221 1.5013573 1.6874806 1.2165016 1.6647187 1.6735950 2.2634858 1.5713064 1.6539499 1.4715721 1.6676501 1.8698635 1.8848744 1.5557167 1.6325586 1.7506887 1.2453634 1.6141859 1.6194129 1.9321971 1.2844040 0.5204756 1.9738509 1.5826005 
Spis_XP_022780726_1                                0.8671721 0.9128350 0.8990652 0.9121122 1.1025263 1.1286967 0.8911940 0.9733952 0.7766514 0.7755372 0.8529584 0.7929380 0.4728649 0.8859509 0.0000000 0.0845588 0.2027440 0.2967125 0.1709909 0.6937754 2.2075999 0.8734957 0.5238942 0.8289731 0.5403034 0.8261912 0.8754348 0.6743825 0.8339064 0.7883353 0.4266549 0.9470280 0.9019682 0.8100484 0.9676009 1.0463857 1.0047180 1.0233611 1.0369109 0.8493754 0.9296625 0.9296625 0.7034211 0.9016105 0.9884114 1.0341268 0.9514264 0.7154597 0.8303058 1.0540315 1.2386589 1.1837133 1.1837133 1.1902291 0.9838142 0.9838142 0.6081217 1.1253242 1.2112329 1.0127895 1.5463224 1.2789831 1.1073488 0.9061289 1.0538988 1.1988628 1.2446797 1.4785672 1.5634860 1.2578237 1.3234234 1.0047365 1.3782450 1.5414756 1.9014245 1.4644919 1.5182584 1.1629020 1.4922293 1.7177162 1.6768291 1.3953448 1.4366249 1.5821581 1.2009239 1.3647631 1.4659021 1.7530904 1.0188727 1.1888320 1.6718345 1.4652166 
Pocdam_XM_027198564.1                              0.8868003 0.9041534 0.8630985 0.8868830 1.1295642 1.0969171 0.8983883 0.9710739 0.7615144 0.7626629 0.8390486 0.7924897 0.4532623 0.9169687 0.0845588 0.0000000 0.1846660 0.2757345 0.1728530 0.7117346 2.0485918 0.8593404 0.5235678 0.8209995 0.5484482 0.8221266 0.9131913 0.6570509 0.8133547 0.7871199 0.4397931 0.9264579 0.8775718 0.8402253 0.9538150 1.0519300 1.0117020 1.0147021 1.0344495 0.8219417 0.9120753 0.9120753 0.7289164 0.8821299 1.0134348 1.0592392 0.9921319 0.7066928 0.8049548 1.0706782 1.2563548 1.2266711 1.2266711 1.2281663 1.0180201 1.0180201 0.6461012 1.1444186 1.2180734 1.0744496 1.5256002 1.3423004 1.0714282 0.9019175 1.0557157 1.2168878 1.2922868 1.5095727 1.5807452 1.2208580 1.2264733 0.9542016 1.3348095 1.4874204 1.8594863 1.4565497 1.5107970 1.1487853 1.4602906 1.6585066 1.6740221 1.3764641 1.4116021 1.5948468 1.1765430 1.3649750 1.4368928 1.7062497 1.0527116 1.1060829 1.6413405 1.4201141 
Fspp_ffun1.m4.19830.m1                             0.7967863 0.8253256 0.8058183 0.7940152 1.0764531 1.0874174 0.8839125 0.9870941 0.7602340 0.7173729 0.8460339 0.7845254 0.4162676 0.8335986 0.2027440 0.1846660 0.0000000 0.1882080 0.0675375 0.6839585 1.5238727 0.7998339 0.6122645 0.7711076 0.4834408 0.8071542 0.8969593 0.6049036 0.7301854 0.7955729 0.4200621 0.8877511 0.8586361 0.7999003 0.9877764 1.0753050 1.0632522 1.0616035 1.0561093 0.8991979 0.9680085 0.9680085 0.6678967 0.7626976 0.9787859 1.0075422 0.9562140 0.6754302 0.8159532 1.0665628 1.1681554 1.0949448 1.0949448 1.0803651 1.0076961 1.0076961 0.6508807 1.0727703 1.2280247 1.0689320 1.5558487 1.2811814 1.0409663 0.8342499 0.8937375 1.1728498 1.2117525 1.4636299 1.4946559 1.3457387 1.2307907 0.9730300 1.3446722 1.5957483 1.8749668 1.4121177 1.5215176 1.1667824 1.4192878 1.6779967 1.7080433 1.5511676 1.5138758 1.5709681 1.1371060 1.3178749 1.4280054 1.6045743 0.9639099 1.2366613 1.5980559 1.2793706 
Gfas_gfas1.m1.16771.m1                             0.8971267 0.9001004 0.8705317 0.8831793 1.1506220 1.1769720 0.9299732 1.0227400 0.8040680 0.7900825 0.8718736 0.8244800 0.3805341 0.9074317 0.2967125 0.2757345 0.1882080 0.0000000 0.1685356 0.6687842 2.2078257 0.9336893 0.6510806 0.8082527 0.5446948 0.8023153 0.9616304 0.5875382 0.7462995 0.8361605 0.4846543 0.9382271 0.8926552 0.8788111 1.0054218 1.1511454 1.0841966 1.1072153 1.1035621 0.8980514 1.0052905 1.0052905 0.7419788 0.8749541 1.0048676 1.0512138 1.0039043 0.7424577 0.8233483 1.1098373 1.2737397 1.1937170 1.1937170 1.2284503 1.0786537 1.0786537 0.7165621 1.1866606 1.3063613 1.1190165 1.6274320 1.2920609 1.0641417 0.9174250 0.9943640 1.2104300 1.3113742 1.5828741 1.5629857 1.2233769 1.2632172 0.9334388 1.3491484 1.6857282 1.9936074 1.5730619 1.5925625 1.1852202 1.4692023 1.8235683 1.7408971 1.5940788 1.4834626 1.6493472 1.2047451 1.4135952 1.5517518 1.6539336 1.0121749 1.2445169 1.6990417 1.2497858 
Gasp_gasp1.m3.2671.m1                              0.7480530 0.7890096 0.8213203 0.7633159 1.0341022 1.1339330 0.8908936 1.0190608 0.7889593 0.7086902 0.7526854 0.7239678 0.4267449 0.7503805 0.1709909 0.1728530 0.0675375 0.1685356 0.0000000 0.6762021 1.6745336 0.7500049 0.5651628 0.6754167 0.4294490 0.7592547 0.8300972 0.6063700 0.6934903 0.7810643 0.3886033 0.8412362 0.7971812 0.7311789 0.8909450 1.1109073 1.0689493 1.0638521 1.0861921 0.9038653 0.9796487 0.9796487 0.5858606 0.6735373 0.9468957 0.9778354 0.9317149 0.6515432 0.7715776 1.0242476 1.1384227 1.0143897 1.0143897 1.0584884 0.9652707 0.9652707 0.6129561 1.0451356 1.1654479 1.0039374 1.4813986 1.2948895 1.1302058 0.8379894 0.8869710 1.0864534 1.1385503 1.4844705 1.4241035 1.0870152 1.1981362 0.8809782 1.1825057 1.4609357 1.5292095 1.3439784 1.4648166 1.1805496 1.3550449 1.6373295 1.6257635 1.5014847 1.4466438 1.5205124 1.1715485 1.2882851 1.2932189 1.7462115 0.9079242 0.9421779 1.5227322 1.1977505 
Hvul_g20882_1                                      0.8887467 0.9073367 0.8633137 0.8283401 1.1335903 1.1790984 1.0329227 1.1487178 0.7843386 0.7326552 0.6996774 0.6996821 0.4443356 0.6531599 0.6937754 0.7117346 0.6839585 0.6687842 0.6762021 0.0000000 2.3796769 0.8372047 0.5448774 0.8175048 0.7393864 0.7212961 0.8535513 0.6289409 0.6556690 0.8710462 0.6977877 0.9037364 0.8034681 0.8197662 0.9640332 1.1451586 1.1470929 1.0518758 1.0643305 0.9621193 0.9743026 0.9743026 0.7647436 0.8752517 1.0769728 1.0769728 1.0233990 0.7481370 0.7405609 1.1642642 1.1642642 1.0268599 1.0268599 1.1208603 1.0420627 1.0420627 0.8175725 1.0871771 1.0774248 1.1983022 1.4753543 1.3802954 1.3264341 1.0434407 0.8481081 1.1443203 0.9337500 1.3088964 1.3258645 1.4332707 1.2802481 1.1925797 1.5192580 1.3595381 1.5062856 1.3873783 1.4089550 1.2995297 1.2251398 1.3970439 1.3780546 1.5001200 1.4032109 1.2971451 1.3261836 1.3716571 1.3551142 1.9612832 1.1085920 1.1374066 1.2717248 1.3783868 
Opea_EP00118_Oscarella_pearsei_P005075             1.1665276 1.1658074 1.5173311 1.4926448 1.6939229 1.7773590 3.1497260 1.0750344 2.8733832 1.6979068 1.5145778 1.2836868 3.0651476 2.3774149 2.2075999 2.0485918 1.5238727 2.2078257 1.6745336 2.3796769 0.0000000 0.1102874 9.0000000 1.8466388 2.0506137 1.4632061 2.4181030 3.1891186 1.8846389 0.9778631 1.9638409 1.5126740 1.6684753 1.2017225 1.6323832 2.1195931 1.7517324 2.0346878 2.1907732 1.6986527 1.6011121 1.6011121 1.3503259 1.9246996 1.9561610 2.3104228 3.6624258 3.6624258 3.6624258 2.2453912 2.7261708 3.4054021 3.4054021 3.2564020 2.7421510 2.7421510 3.8162208 2.5339393 3.4526180 2.8827249 9.0000000 2.9593512 1.6138759 1.6030910 2.2025780 1.7773951 5.3899339 2.8819453 3.5795124 2.3597385 3.0149828 2.0777906 1.2554256 2.9795158 6.3072386 2.4124783 2.6212079 2.0342672 3.2283951 3.8062594 3.7232008 3.0349673 2.9179482 2.9058586 2.9720982 2.6934238 2.9245286 1.7444622 1.6929517 3.3596743 2.6341432 4.7612345 
Opea_EP00118_Oscarella_pearsei_P005074             0.7891798 0.8599392 0.8947375 0.9139455 1.1672082 1.1498174 0.9478208 1.0023314 0.6716234 0.7494398 0.9731108 0.9569229 0.6900245 1.0848386 0.8734957 0.8593404 0.7998339 0.9336893 0.7500049 0.8372047 0.1102874 0.0000000 0.0000010 0.6750906 0.9096164 0.8879192 1.0339486 0.6890745 0.8347156 0.8049389 0.8998943 0.9824818 0.8874191 0.8750081 1.0210066 1.1606593 1.0866046 1.1238776 1.1250934 1.0534648 1.0528400 1.0528400 0.7692338 0.8909345 1.0524802 1.0896893 1.0086288 0.6635830 0.6638628 1.1514828 1.2740330 1.1585596 1.1585596 1.2379493 1.0414427 1.0414427 0.7100241 1.1607914 1.2880274 1.0778202 1.1184942 1.5060158 1.0623725 1.0033760 1.0287732 1.1903519 1.2500669 1.3933354 1.4738145 1.2119968 1.2544353 1.0408356 1.2835483 1.5494561 1.7435951 1.4015730 1.4255284 1.3517264 1.3312026 1.5518669 1.5098130 1.4719342 1.5905564 1.5469457 1.2557527 1.2738406 1.5811023 1.7291322 1.1623323 1.3794887 1.6170225 1.7451138 
Ocar_g9704                                         0.7336414 0.7153035 0.9018561 1.1579040 0.6587343 0.6600393 0.5726424 0.6643634 0.7122833 0.4969885 0.8081940 0.8189764 0.8596542 0.9153261 0.5238942 0.5235678 0.6122645 0.6510806 0.5651628 0.5448774 9.0000000 0.0000010 0.0000000 0.3730467 0.5352017 0.7016773 0.6852644 0.8044260 0.5480584 0.5374081 0.6427931 0.7414129 0.5625439 0.6221361 0.7817449 1.2446780 1.1527134 0.7637191 0.7637191 0.7799702 0.6159500 0.6159500 0.5493656 0.5799084 0.8822169 0.8822169 0.8822169 0.8822169 0.8916920 1.0026400 1.0026400 0.7914011 0.7914011 0.8957943 0.7777271 0.7777271 0.8228994 0.8020455 1.0012249 0.7917011 0.9132908 2.3970329 0.8486668 0.8609482 0.7629734 0.9126792 0.8326766 0.7291614 0.8145611 0.0000010 0.9775422 0.9775422 5.2458178 0.7979381 0.5987450 0.8756816 0.8777244 0.8115941 0.5502391 0.9297351 0.9587969 0.7566253 0.8717857 0.9780438 0.8377384 0.5875986 0.8426244 0.0000010 0.0000010 0.0000010 0.7679286 3.9858953 
Plajan_Pjan_C561026_01                             0.8937384 0.9226343 0.8726920 0.9230522 1.1480107 1.1359388 0.8829845 1.0154868 0.7714819 0.8014555 1.0546501 0.9952397 0.5797891 1.1002620 0.8289731 0.8209995 0.7711076 0.8082527 0.6754167 0.8175048 1.8466388 0.6750906 0.3730467 0.0000000 0.8134045 0.9760984 0.8950169 0.6744564 0.8175094 0.8452391 0.8144414 0.9566706 0.9201226 0.8736668 0.9825134 1.1924241 1.1795438 1.1856956 1.1904277 1.0661487 1.1598296 1.1598296 0.8323292 0.9682533 1.0147669 1.0615836 0.9003334 0.5960011 0.5527569 1.0974979 1.2375496 1.1855802 1.1855802 1.1918441 1.0541218 1.0541218 0.6101568 1.2269512 1.2377224 0.9956721 1.2028332 1.4566957 1.1206298 1.0130612 1.0441818 1.1797963 1.1757087 1.5148760 1.5360448 1.1243125 1.4102768 1.0334341 1.3687241 1.6741886 2.0077985 1.5190200 1.4787546 1.3111489 1.3957920 1.7194330 1.6397752 1.6308901 1.6329680 1.6086558 1.3428958 1.5825440 1.5374565 1.4705076 0.9323711 1.4026081 1.6060476 1.7715391 
Nvec_v1g124120                                     0.9227378 0.9257281 0.9083621 0.9112206 1.0917676 1.0506212 0.9204278 0.9831129 0.7877616 0.7886982 0.8490707 0.8200691 0.4749431 0.8621259 0.5403034 0.5484482 0.4834408 0.5446948 0.4294490 0.7393864 2.0506137 0.9096164 0.5352017 0.8134045 0.0000000 0.7962058 0.9437930 0.5268465 0.8647905 0.7637666 0.4054811 0.9516482 0.9505618 0.8759624 0.9812852 0.9818318 0.9607152 0.9790694 0.9703918 0.8037890 0.8937905 0.8937905 0.7543119 0.8585483 1.0026297 1.0412513 0.9566848 0.5948043 0.7065884 1.0018210 1.1475227 1.1502759 1.1502759 1.1906520 1.0442121 1.0442121 0.6113495 1.1260925 1.2946220 1.0315072 1.3562893 1.3881310 1.0281288 0.9217281 1.0739457 1.1799175 1.2604832 1.5415818 1.5731185 1.2478728 1.4028214 1.0199312 1.4430618 1.6263621 1.9766478 1.5083662 1.5365364 1.2899134 1.5527962 1.7632201 1.7283552 1.5386250 1.7159825 1.6692343 1.2386501 1.4564681 1.5378773 1.4563601 1.0684983 1.1057624 1.6684552 1.7379999 
Morvir_scaffold374.g2.t1                           0.9804431 1.0799167 0.9975569 0.9757738 1.2154330 1.1892050 1.0951027 1.1523138 0.9107430 0.8995513 0.6362361 0.6207145 0.4117064 0.6219767 0.8261912 0.8221266 0.8071542 0.8023153 0.7592547 0.7212961 1.4632061 0.8879192 0.7016773 0.9760984 0.7962058 0.0000000 1.0365601 0.5753637 0.9282611 0.9323951 0.8395802 1.0450633 1.0261400 0.9405638 1.0328458 1.1451857 1.0709938 1.1110560 1.1193712 0.9801388 1.0845639 1.0845639 0.8109853 1.0341565 1.1514000 1.1871365 1.1499092 0.8462833 0.8586028 1.2546547 1.3671298 1.2770183 1.2770183 1.2870880 1.2179985 1.2179985 0.9223950 1.3426849 1.4063495 1.2130862 1.5275699 1.5728393 1.2389708 1.0980489 1.1119229 1.2586781 1.3328390 1.4928045 1.4661804 1.5716283 1.3015520 1.1584892 1.5481113 1.6076131 1.9732888 1.4330473 1.4871553 1.4688780 1.4258039 1.4673105 1.4426173 1.5213878 1.6158102 1.4534228 1.2740204 1.4508692 1.5971123 1.7933435 1.2107114 1.0754577 1.7374819 1.8135751 
Spur_XM_011676865.2                                1.0283234 1.0724965 1.0071426 1.0133115 1.1107847 1.1323564 0.8859646 1.0474411 0.7475992 0.7903542 1.1458116 1.0554407 0.4904410 1.1198802 0.8754348 0.9131913 0.8969593 0.9616304 0.8300972 0.8535513 2.4181030 1.0339486 0.6852644 0.8950169 0.9437930 1.0365601 0.0000000 0.5190023 0.6558212 0.7205023 0.8771482 0.9018437 0.8760588 0.8155603 0.6852588 1.1751988 1.1778240 1.1469208 1.1972963 1.0579340 1.1026416 1.1026416 1.1046609 1.2519524 1.0144129 1.0734587 0.9258034 0.7240651 0.8468429 1.0422715 1.2079919 1.2985468 1.2985468 1.3004903 1.1379928 1.1379928 0.6568105 1.2456983 1.3858070 1.1745051 1.4010161 1.5850384 1.1216186 0.9656560 1.1106953 1.1112942 1.1202066 1.5192516 1.4935502 1.5878503 1.3083255 1.0053064 1.4249629 1.6342631 1.8312920 1.6419111 1.6531820 1.4830689 1.4732225 1.7263281 1.6247579 1.5409781 1.7581897 1.7651133 1.1944430 1.6213822 1.6119489 1.4790571 0.9991820 1.4778719 1.6907963 1.9033874 
Cscu_XM_023388512.1                                0.7588456 0.8958582 0.8350789 0.8355378 0.9395559 0.9244051 0.9693229 1.0629797 0.8436116 0.5103691 0.5478985 0.5377996 0.4519314 0.4798397 0.6743825 0.6570509 0.6049036 0.5875382 0.6063700 0.6289409 3.1891186 0.6890745 0.8044260 0.6744564 0.5268465 0.5753637 0.5190023 0.0000000 0.4635937 0.5475127 0.5716774 0.6645712 0.6355344 0.6418700 0.7485000 1.0271573 1.0748472 0.7186833 0.7186833 0.7321129 0.6327406 0.6327406 0.5786977 0.5995071 0.9195916 0.9195916 0.9195916 0.9195916 0.8976729 0.8850025 0.8850025 0.8069421 0.8069421 0.9943675 0.8880986 0.8880986 0.8021165 0.8273162 0.8488374 0.9611115 0.9796939 2.9759275 0.8025540 0.7868729 0.7887330 0.7841636 0.5655136 1.0786535 0.8581047 0.0000010 0.8936897 0.8936897 1.5340174 0.8976831 0.9821181 0.9739749 0.9371358 0.9069708 0.9161382 1.2309880 1.2539983 0.8725617 1.1507963 1.1041438 1.0073419 0.9807181 0.9583382 0.0000010 0.5470970 0.3903552 1.0703471 1.2132522 
Skow_XM_002733201.2                                0.9018712 0.9109147 0.8423693 0.8770505 1.3238274 1.2962004 1.0704341 1.1286753 0.6142085 0.6139485 1.0116428 0.9489233 0.4391471 1.0395581 0.8339064 0.8133547 0.7301854 0.7462995 0.6934903 0.6556690 1.8846389 0.8347156 0.5480584 0.8175094 0.8647905 0.9282611 0.6558212 0.4635937 0.0000000 0.6720430 0.8350397 0.7839220 0.6411307 0.7221064 0.7013026 1.1421389 1.1133657 1.0859307 1.1155467 0.9404210 1.0425516 1.0425516 0.8633673 0.9975029 1.0187972 1.0702250 0.9761862 0.6627967 0.7806783 1.1366736 1.3209968 1.2708534 1.2708534 1.2835554 1.0704602 1.0704602 0.7347974 1.2454889 1.3013688 1.1807113 1.5066800 1.4112503 1.0889239 0.9669838 0.8931855 0.8860249 1.0583181 1.4860310 1.4604082 1.4880198 1.2843799 1.0905687 1.3709104 1.5974659 1.8294688 1.3456043 1.3593033 1.3160795 1.3898483 1.7473462 1.5862615 1.4490212 1.5735563 1.5106637 1.2867792 1.4834978 1.4630479 1.4604608 0.9707299 1.4225420 1.4988215 1.7321302 
Ctel_gnl_WGS_AMQN_CAPTEDRAFT_mRNA155831            0.8732293 0.9361658 0.9472247 0.9676660 1.0871162 1.1233383 0.9985461 1.1285106 0.8393000 0.6608130 0.8636850 0.8661883 0.5628891 0.9476797 0.7883353 0.7871199 0.7955729 0.8361605 0.7810643 0.8710462 0.9778631 0.8049389 0.5374081 0.8452391 0.7637666 0.9323951 0.7205023 0.5475127 0.6720430 0.0000000 0.8133502 0.6461605 0.5215789 0.5526291 0.7916957 1.1456871 1.2078364 1.1383211 1.1286161 1.1282028 1.0684792 1.0684792 0.8821127 0.9627971 1.1389437 1.1750000 1.0565025 0.7514405 0.8378231 1.1237114 1.1446213 1.1148378 1.1148378 1.1383107 1.0922104 1.0922104 0.7654498 1.2232823 1.1997150 1.2195337 1.5004978 1.4187821 1.1649526 0.9762905 1.0242952 0.9696096 0.8043271 1.2758756 1.2614380 1.6945650 1.1378217 0.9875151 1.4331696 1.4054900 1.5476304 1.3779966 1.3674955 1.4386851 1.1987097 1.3898670 1.3959492 1.3673974 1.5609495 1.3394742 1.1441609 1.3569674 1.3227080 0.8574499 0.8133797 1.3764423 1.4047114 1.4033987 
Exapal_XM_021047060.2                              0.9017816 0.9459888 0.8189555 0.9233200 1.0856821 1.1252599 0.9043889 1.0391639 0.8232911 0.7741839 0.8861838 0.8285752 0.4696322 0.9220108 0.4266549 0.4397931 0.4200621 0.4846543 0.3886033 0.6977877 1.9638409 0.8998943 0.6427931 0.8144414 0.4054811 0.8395802 0.8771482 0.5716774 0.8350397 0.8133502 0.0000000 0.9577871 0.9157801 0.7732453 0.9613301 1.0028929 0.9804708 0.9597215 0.9953674 0.8568245 0.9287038 0.9287038 0.6691404 0.7236478 0.9975616 1.0449841 0.9366843 0.6492020 0.7167095 1.0924705 1.2679207 1.1449295 1.1449295 1.1475370 1.0192187 1.0192187 0.6249998 1.1492948 1.2724263 0.9971384 1.3610503 1.3649819 1.0738732 0.9562684 1.0168879 1.2113022 1.2803473 1.4291353 1.4907499 1.3535388 1.3086273 1.0278158 1.3885121 1.5226172 1.7664013 1.4918372 1.4980325 1.2742577 1.4171942 1.6551453 1.6482565 1.3521722 1.4198211 1.5444741 1.3095057 1.4515765 1.4036798 1.4792483 1.0056501 1.1384784 1.6868821 1.4068242 
Tcas_TC003502_001                                  0.9642830 0.9783425 1.0724356 1.0437362 1.1680460 1.1583667 1.0379443 1.1108692 0.8622382 0.8587841 1.1066405 1.0975623 0.6185376 1.0999685 0.9470280 0.9264579 0.8877511 0.9382271 0.8412362 0.9037364 1.5126740 0.9824818 0.7414129 0.9566706 0.9516482 1.0450633 0.9018437 0.6645712 0.7839220 0.6461605 0.9577871 0.0000000 0.8231412 0.8829345 0.8138332 1.2516431 1.2047696 1.1492339 1.1792511 1.0118771 1.1651741 1.1651741 1.0387128 1.1185898 1.1730793 1.2234348 1.1562917 0.8526969 0.9614921 1.1095729 1.2738353 1.2972407 1.2972407 1.3421906 1.2496849 1.2496849 0.9018843 1.3051483 1.3721283 1.2913153 1.7901964 1.5723571 1.1438567 1.0846791 1.0617753 1.1053113 0.9420881 1.5708942 1.4881206 1.6024058 1.3382630 1.1517490 1.4900588 1.6992211 1.9862741 1.5739303 1.5600903 1.4786730 1.3025113 1.7718662 1.7424428 1.6370046 1.6912164 1.4418250 1.4305731 1.5315399 1.5325956 1.3736909 0.9687907 1.4675132 1.5506168 2.0467796 
Acagra_model.g5084.t1.1.5d3b83e0                   0.9373879 1.0169430 0.9774280 1.0200567 1.1266867 1.0977289 0.9264679 1.0938645 0.7989264 0.6597508 1.0393239 1.0658897 0.5410633 1.1475639 0.9019682 0.8775718 0.8586361 0.8926552 0.7971812 0.8034681 1.6684753 0.8874191 0.5625439 0.9201226 0.9505618 1.0261400 0.8760588 0.6355344 0.6411307 0.5215789 0.9157801 0.8231412 0.0000000 0.5397052 0.7879290 1.3264367 1.3168822 1.2794655 1.2830414 1.1883245 1.2249732 1.2249732 1.0718234 1.1525373 1.0857135 1.1403027 1.0577582 0.7175231 0.7858428 1.0762159 1.2495685 1.2929124 1.2929124 1.2567640 1.2148647 1.2148647 0.7679352 1.3459285 1.3335862 1.2385908 1.4539576 1.4683425 1.2310315 1.0937703 1.0565086 0.9809430 0.9940683 1.5596404 1.4785052 1.7926406 1.3946093 1.1559904 1.6850213 1.7860689 1.9662172 1.4627180 1.4486089 1.4924921 1.4926848 1.7588617 1.6713050 1.6471040 1.8425323 1.6295285 1.2769478 1.5249142 1.5405320 1.4909856 0.9100686 1.2986451 1.5462943 1.7349085 
Cgig_XM_011453114.3                                0.8952300 0.9404349 1.0022081 0.9727017 1.0910178 1.1761975 0.9343544 1.0580235 0.7584249 0.7065639 0.9872463 0.9138509 0.5662135 1.1430937 0.8100484 0.8402253 0.7999003 0.8788111 0.7311789 0.8197662 1.2017225 0.8750081 0.6221361 0.8736668 0.8759624 0.9405638 0.8155603 0.6418700 0.7221064 0.5526291 0.7732453 0.8829345 0.5397052 0.0000000 0.7339889 1.3367259 1.2787456 1.2842734 1.2734579 1.1346405 1.1651269 1.1651269 0.9574999 1.0200249 1.0992632 1.1591283 1.0259774 0.8039144 0.8843474 1.1320419 1.2521889 1.2479731 1.2479731 1.2018712 1.2020663 1.2020663 0.7063459 1.1965683 1.2803251 1.1171706 1.4629591 1.3680946 1.1861958 0.9430924 1.0637775 1.0650419 1.0458799 1.4514784 1.5269893 1.6200902 1.2375353 0.9022097 1.4017088 1.5580920 1.8006113 1.5826178 1.5856830 1.3989345 1.3371459 1.7035622 1.6633111 1.4718713 1.5446218 1.6168141 1.3457469 1.3694538 1.5039139 1.5050020 0.8573715 1.4049324 1.4863236 1.7164663 
Spur_XM_030993748.1                                1.0561259 1.1076230 1.0265469 1.1300571 1.0432083 1.1133704 0.9049606 1.0508775 0.8020402 0.8303622 1.1390311 1.1072924 0.7301400 1.1902636 0.9676009 0.9538150 0.9877764 1.0054218 0.8909450 0.9640332 1.6323832 1.0210066 0.7817449 0.9825134 0.9812852 1.0328458 0.6852588 0.7485000 0.7013026 0.7916957 0.9613301 0.8138332 0.7879290 0.7339889 0.0000000 1.2676878 1.2317917 1.2453243 1.2815423 1.0579210 1.1596689 1.1596689 1.0960534 1.3572524 1.2469373 1.3129118 1.2499680 0.9775890 1.0656736 1.2896337 1.4746581 1.4361755 1.4361755 1.3211588 1.3632972 1.3632972 0.7906716 1.4221708 1.4406027 1.3207636 1.6216201 1.4672094 1.2372507 1.0945181 1.2360122 1.1204562 1.0500043 1.7144147 1.6774304 1.6234764 1.4431388 1.2389541 1.4618443 1.8864212 1.9013118 1.7003150 1.7643571 1.5793892 1.5244582 1.9079402 1.7853401 1.6600483 1.8891030 1.8821152 1.3880520 1.6255798 1.6023015 1.5153228 0.9819625 1.5866747 1.7213360 1.9550295 
HoiH23_PlH23_007137-RA                             1.1578048 1.2250761 1.3077311 1.3275051 1.4667332 1.5856994 1.3897261 1.6130842 0.9124458 1.1514718 1.2237205 1.2314643 0.8804443 1.3087338 1.0463857 1.0519300 1.0753050 1.1511454 1.1109073 1.1451586 2.1195931 1.1606593 1.2446780 1.1924241 0.9818318 1.1451857 1.1751988 1.0271573 1.1421389 1.1456871 1.0028929 1.2516431 1.3264367 1.3367259 1.2676878 0.0000000 0.0780468 0.1393610 0.1681079 0.2268190 0.4095364 0.4095364 1.0947210 1.2518270 1.3796917 1.4601544 1.3294662 0.9181277 0.9191771 1.4763250 1.6131886 1.4860908 1.4860908 1.4936058 1.5292322 1.5292322 0.8999417 1.5764005 1.6175083 1.3947522 1.8427536 1.7164535 1.4183114 1.2523560 1.3950294 1.5156160 1.4135574 1.9053677 1.9096730 1.4932374 1.5199946 1.3867148 1.5026312 1.9582924 2.3567242 1.8121816 1.8683347 1.7485350 1.6608531 2.1613719 2.0714454 1.8209277 1.9775432 1.8707862 1.5263884 1.8032077 1.9212811 1.8914885 1.5189060 1.5981200 1.8348623 1.3393050 
HoiH06_mRNA12218                                   1.0999095 1.1540050 1.2438932 1.2554721 1.3933758 1.5145897 1.3463086 1.5450046 0.8988611 1.1502808 1.1772026 1.1794610 0.8477910 1.2726165 1.0047180 1.0117020 1.0632522 1.0841966 1.0689493 1.1470929 1.7517324 1.0866046 1.1527134 1.1795438 0.9607152 1.0709938 1.1778240 1.0748472 1.1133657 1.2078364 0.9804708 1.2047696 1.3168822 1.2787456 1.2317917 0.0780468 0.0000000 0.1465085 0.1513492 0.2515096 0.4150532 0.4150532 1.0726745 1.2160734 1.4075651 1.4857731 1.3691484 0.9767942 0.9901486 1.5210891 1.5898783 1.4196409 1.4196409 1.4399817 1.5220076 1.5220076 0.9197486 1.5584513 1.5843679 1.4262767 1.7219080 1.6472579 1.3807251 1.1993008 1.3914681 1.4479057 1.3113648 1.8573907 1.8191991 1.5971994 1.4629288 1.4411263 1.5934187 1.8819146 2.2455936 1.7697081 1.8342686 1.8200635 1.6175359 2.0182790 1.9400555 1.8060691 1.9380446 1.8018710 1.5642273 1.7449070 1.9381741 1.6216717 1.4494277 1.5297970 1.7865864 1.1852482 
Hhon_g03353.t1                                     1.1295715 1.1897661 1.2888464 1.2453300 1.4159615 1.5223041 1.2822852 1.6001248 0.8179477 1.1057793 1.1990197 1.1739156 0.6820805 1.2872418 1.0233611 1.0147021 1.0616035 1.1072153 1.0638521 1.0518758 2.0346878 1.1238776 0.7637191 1.1856956 0.9790694 1.1110560 1.1469208 0.7186833 1.0859307 1.1383211 0.9597215 1.1492339 1.2794655 1.2842734 1.2453243 0.1393610 0.1465085 0.0000000 0.0328902 0.1945499 0.3614864 0.3614864 1.0443645 1.1015313 1.3532070 1.4156178 1.2773979 0.8931178 0.9052168 1.4678359 1.5809579 1.4277408 1.4277408 1.5201828 1.5185594 1.5185594 0.8952422 1.5387334 1.5999312 1.3666332 1.5308727 1.8678914 1.3607560 1.1902623 1.3349285 1.5059847 1.3638211 1.7933411 1.6955336 1.6219276 1.5301789 1.2656745 1.7912747 1.7281202 2.1830259 1.7901213 1.7579430 1.6031484 1.6065808 1.9590499 1.8592844 1.6705814 1.8143414 1.8407057 1.4811603 1.6717700 1.7773376 2.0698527 1.6141854 1.5562607 1.7567372 1.9226079 
HoiH04_mRNA14583                                   1.1260705 1.1773672 1.2472526 1.2542031 1.4322565 1.5523745 1.2679873 1.5817340 0.8004360 1.1742490 1.1860701 1.1599039 0.6630549 1.2666783 1.0369109 1.0344495 1.0561093 1.1035621 1.0861921 1.0643305 2.1907732 1.1250934 0.7637191 1.1904277 0.9703918 1.1193712 1.1972963 0.7186833 1.1155467 1.1286161 0.9953674 1.1792511 1.2830414 1.2734579 1.2815423 0.1681079 0.1513492 0.0328902 0.0000000 0.1984400 0.3865839 0.3865839 1.0455665 1.1047037 1.3410303 1.4031845 1.2631706 0.8718462 0.8831504 1.4548342 1.6147074 1.4619462 1.4619462 1.5557724 1.5366728 1.5366728 0.8802750 1.5474032 1.5912957 1.3513334 1.5308727 1.8950348 1.3753279 1.1899509 1.3507124 1.4996441 1.4008879 1.8497860 1.7066737 1.6219276 1.5577056 1.2518802 1.7770275 1.6514068 2.1539248 1.8172466 1.7836997 1.5880157 1.7102704 1.9398450 1.8814584 1.6983149 1.8198333 1.8096742 1.4650868 1.6576694 1.8894658 2.1169510 1.6085771 1.5231833 1.7880840 1.8865522 
HoiH11_mRNA2457                                    0.9822942 1.0121103 1.1147546 1.0809506 1.3183026 1.4009086 1.2775800 1.4768858 0.7908201 0.9876529 1.0657733 1.0510816 0.6931999 1.0521677 0.8493754 0.8219417 0.8991979 0.8980514 0.9038653 0.9621193 1.6986527 1.0534648 0.7799702 1.0661487 0.8037890 0.9801388 1.0579340 0.7321129 0.9404210 1.1282028 0.8568245 1.0118771 1.1883245 1.1346405 1.0579210 0.2268190 0.2515096 0.1945499 0.1984400 0.0000000 0.3562793 0.3562793 0.8654374 0.9445968 1.3908178 1.3908178 1.3161570 0.9023116 0.9485825 1.5414383 1.5507986 1.3418980 1.3418980 1.3833535 1.3939264 1.3939264 0.9277133 1.4395297 1.5114251 1.3859697 1.5640800 1.6755049 1.2196015 1.0630720 1.1468437 1.3558949 1.2326581 1.5725420 1.4724759 1.6531489 1.3432891 1.3266462 1.8236310 1.6296993 1.8902651 1.6312634 1.6815424 1.6041123 1.4404081 1.7725332 1.6869678 1.5591649 1.6521957 1.5813599 1.4771491 1.5086054 1.5706218 1.5303678 1.3962969 1.4879097 1.6110635 1.7981409 
TrH2_TrispH2_007636-RA                             1.1132573 1.1482031 1.1704957 1.1290236 1.3209347 1.4551157 1.2144953 1.3821372 0.6972004 0.9764198 1.1695563 1.1244983 0.5827355 1.2615514 0.9296625 0.9120753 0.9680085 1.0052905 0.9796487 0.9743026 1.6011121 1.0528400 0.6159500 1.1598296 0.8937905 1.0845639 1.1026416 0.6327406 1.0425516 1.0684792 0.9287038 1.1651741 1.2249732 1.1651269 1.1596689 0.4095364 0.4150532 0.3614864 0.3865839 0.3562793 0.0000000 0.0000010 0.9265464 1.0190574 1.3734361 1.4421763 1.3373989 0.9142456 0.9084459 1.4634274 1.5687166 1.4176223 1.4176223 1.4721089 1.4830700 1.4830700 0.9698962 1.4558563 1.5642363 1.3458026 1.6161741 1.7920977 1.4020035 1.1903872 1.1834606 1.3930720 1.3603172 1.7126714 1.6671375 1.4710202 1.4143887 1.2013764 1.8126946 1.6473337 2.0819300 1.6083015 1.6512215 1.4644570 1.5631365 1.8469367 1.8098355 1.5458065 1.7377075 1.6622586 1.3482128 1.5591890 1.6174142 1.6202915 1.4937928 1.6694066 1.5355036 1.9693381 
