108
Emue_Em0015g571a.t1                                    0.0000000 0.2297717 0.9488254 1.6971987 1.8607153 2.1800453 2.0332367 1.9735391 1.9858141 1.1588389 2.2475896 1.3647264 1.9785102 1.7702108 1.7695894 1.8122789 1.7738778 1.7250672 1.8687101 2.0467398 1.7569340 1.9225341 1.5915044 1.5915044 1.8688248 2.1303012 1.8581489 1.9294799 2.5570512 2.0362164 1.9569774 1.9253985 1.9288381 1.9638071 1.8797002 1.8797002 2.0706071 2.0986038 2.1385074 2.0890910 1.8039272 1.7979994 1.7854514 1.8233052 2.1503693 1.9057130 1.8848958 1.9468357 2.0542055 1.7198121 2.1926398 2.1926398 2.1206402 2.1206402 1.8795989 1.8795989 2.0614836 2.0186416 2.0219963 1.9938656 2.0519967 2.0519967 2.0520771 1.8362520 1.8891079 1.8408847 1.9987139 1.9449553 2.2563920 2.0265359 2.1695826 1.7468620 1.4884502 1.9817494 4.7985444 1.8700805 1.1366171 1.7680418 2.3486521 1.6029345 1.3813751 1.4442805 1.9625245 2.4075154 2.7026132 2.2389016 2.3592230 2.1677561 2.4498564 2.1712978 2.3114642 2.3517431 2.4583745 2.1784904 2.5308512 2.2635751 2.3397505 2.9603016 3.0881111 2.9957650 2.8237986 2.9469761 2.4778943 2.3852273 2.7924529 3.0958580 2.1883249 3.3416019 
Spolac_c98185_g1_i1_m.16652c98185-g1                   0.2297717 0.0000000 0.8602453 1.7318293 1.6663362 1.9131029 1.9086105 1.8620299 1.7919616 1.1486734 2.0649980 1.4523882 1.7438357 1.6827577 1.6863290 1.6646201 1.6141612 1.5519546 1.6568994 1.8086595 1.6259490 1.6261545 1.4704804 1.4704804 1.7761029 1.8270977 1.6467237 1.7475182 1.4465885 1.7949154 1.8416319 1.7954495 1.8001467 1.8275943 1.7811017 1.7811017 1.8832420 1.9125836 1.9367701 1.8708559 1.6091270 1.6289763 1.6359922 1.6607695 2.0564252 1.8090562 1.7796788 1.7963860 1.9203638 1.5989840 1.9764494 1.9764494 1.9764494 1.9764494 1.7129065 1.7129065 2.0041653 1.9504853 1.9621026 2.0502787 2.0541497 2.0541497 2.0502787 1.7115818 1.6301127 1.5893316 1.9423781 1.8572031 2.1772242 1.9176750 2.1196207 1.7076934 1.4413046 1.9007955 4.9253885 1.7704161 1.1171009 1.5572288 2.1924626 1.5354430 1.4200232 1.3829128 1.8975188 2.3909079 2.6502652 2.3726112 2.2911172 2.1941570 2.5361063 2.2272367 2.2116371 2.4390404 2.4457040 1.9764973 2.4503285 2.1230506 2.3565000 3.1518377 2.6560956 2.7043421 2.6384120 2.7112364 2.6216833 2.6341466 2.7380747 3.0234116 2.2491492 3.1336830 
Tetwil_g27023.t1                                       0.9488254 0.8602453 0.0000000 1.6338590 1.7208011 2.0064358 1.8390361 1.6842477 1.9727912 1.0823129 2.1554028 1.4653417 1.7406141 1.5935956 1.5844119 1.6022016 1.5625023 1.4590773 1.5484732 1.7390837 1.5461169 1.6839479 1.4899204 1.4899204 1.7886474 2.0338119 1.7032562 1.7292727 1.8285477 1.8649488 1.6262848 1.6044645 1.6138786 1.6347841 1.6744922 1.6744922 1.8517009 1.9101296 1.9615471 1.9055531 1.5709739 1.6349820 1.6197519 1.6064044 2.0109895 1.6972528 1.7384230 1.5987470 1.9369662 1.5531724 1.9216495 1.9216495 1.8392093 1.8392093 1.5312463 1.5312463 1.7641479 1.7351356 1.7342823 1.8186224 1.8838755 1.8838755 1.8755890 1.6477528 1.6343326 1.6482344 1.8560647 1.8513892 1.9919944 1.8108741 1.9632277 1.6360706 1.4628626 1.8527798 4.9977739 1.8268469 1.2562219 1.6244580 2.2397291 1.5498379 1.4088234 1.4379871 2.0300520 2.2400235 2.5142084 2.2297549 2.5648672 2.1426856 1.9954759 2.1125234 2.1309170 2.3687909 2.4930898 2.0178094 2.5183871 1.9513704 2.2214733 2.6048608 2.6946723 2.8404012 2.8352554 2.8867480 2.4164773 2.4189290 2.5108553 2.8888431 1.9841573 3.6207932 
Lcom_lcpid197172                                       1.6971987 1.7318293 1.6338590 0.0000000 0.6935250 0.7724811 0.8535647 0.8882884 1.5057817 1.3287130 2.1723907 0.0000010 0.7733540 1.1628879 1.1270859 1.1390455 1.1312447 1.0915782 1.1962431 1.1834810 1.2112198 1.2705767 1.7238228 1.7238228 0.9173935 1.3660060 1.4865992 1.4687678 2.1709772 1.4991478 1.2797137 1.2722577 1.2752561 1.2178920 1.1912972 1.1912972 1.3613316 1.7235222 1.4703527 1.4703527 1.1810147 1.4589659 1.2812758 1.3696419 1.4589659 1.4249845 1.4207241 1.4063358 1.4882681 1.4316637 1.5446775 1.5446775 1.5446775 1.5446775 1.5434188 1.5434188 1.4922966 1.4896692 1.4896692 1.4106433 1.4106433 1.4106433 1.4106433 1.4106433 1.4106433 1.3907500 1.4524306 1.4524306 1.4262553 1.4262553 1.4262553 1.3208032 1.4194239 1.5459378 5.8517080 1.3391302 2.0839764 1.6183345 2.1900723 2.4477979 2.0739700 2.3644050 2.4749184 2.2444439 2.3177544 2.1689378 2.7515486 3.1396462 2.9773171 2.2085643 2.1454808 3.3375234 2.7702338 1.3695828 2.3422251 2.3687152 2.4782204 2.9768886 2.4787821 2.4969392 2.7637554 3.2021226 2.9434744 3.3787859 2.8506386 2.8096843 1.9085402 3.3782018 
Acagra_model.g14986.t1                                 1.8607153 1.6663362 1.7208011 0.6935250 0.0000000 0.0416631 0.6280611 0.9334289 1.3261045 1.0375454 1.8806595 0.7574979 0.8994804 1.1321552 1.1331675 1.1250025 1.1111339 0.9736744 1.1236421 1.4004697 1.1262730 1.1609796 1.3899409 1.3899409 1.0331733 1.2411004 1.1628404 1.2488050 1.9551917 1.1878379 1.2959556 1.2939633 1.2982936 1.2681145 1.3319863 1.3319863 1.3815141 1.5779569 1.5505848 1.5741598 0.9477605 1.1995519 0.9399082 1.0472087 1.4992052 1.0246366 0.9913521 1.0790653 1.5996891 1.0178224 1.6397295 1.6397295 1.5648944 1.5648944 0.9582354 0.9582354 1.4201498 1.4046749 1.4043683 1.4954739 1.5018868 1.5018868 1.5721025 1.2278155 1.2298101 1.2709126 1.6010298 1.4831341 1.7588245 1.5296354 1.7183105 1.0995102 1.1559092 1.7154276 4.3510534 1.2749910 1.1924916 1.3584791 1.9816599 2.1471332 2.1564606 2.0371240 1.6929114 2.2311696 2.3702131 2.0871699 2.3394276 2.1484614 2.0819841 1.8045306 1.6865876 2.0816691 2.2487038 1.4640775 2.2619824 1.9733340 1.8762637 2.7575877 2.4931287 2.6240082 2.6635566 2.7585393 2.2579763 2.3808172 2.5458266 2.9553773 1.8101529 2.6230738 
Acagra_model.g14986.t1.1.5d3b8802                      2.1800453 1.9131029 2.0064358 0.7724811 0.0416631 0.0000000 0.8726989 1.1696828 1.6450905 1.5327311 2.6035279 3.9190935 1.1284799 1.3794651 1.3829292 1.4095064 1.4168483 1.4697673 1.4387498 1.3694724 1.4738882 1.4611001 1.7393040 1.7393040 1.2535802 1.5507908 1.5728985 1.6342757 1.9551917 1.5741493 1.5184746 1.5042720 1.5121183 1.4652838 1.5110237 1.5110237 1.7223302 2.0413800 1.8490200 1.8732630 1.4297705 1.5213222 1.4695059 1.5124961 1.8611582 1.5038969 1.4562080 1.4315197 1.9264042 1.4721063 2.0094344 2.0094344 1.9294908 1.9294908 1.4997037 1.4997037 1.7675948 1.7459360 1.7459360 1.8167517 1.8640108 1.8640108 1.8999149 1.5665302 1.5909488 1.6983908 1.9609174 1.9207327 2.1651075 1.9178040 2.1116479 1.6070807 1.7039536 2.1132741 4.5847300 1.5975202 1.8013794 1.7229674 2.5874453 2.5124144 2.6407327 2.5575291 2.2154697 2.7538057 2.9179020 2.7580518 2.9908698 2.8196136 2.7113049 2.3480420 2.1653750 3.3904079 2.6595171 1.7088206 2.8229242 2.6819006 2.4544630 3.2053574 2.9915440 3.2626022 3.4021549 3.4464719 2.6559001 2.7450657 3.1700908 3.5774654 2.0653402 2.6305010 
Cgig_XM_011447970.3                                    2.0332367 1.9086105 1.8390361 0.8535647 0.6280611 0.8726989 0.0000000 1.1233533 1.4686557 1.0298627 1.8839458 0.8652338 1.0330827 1.2636780 1.2454572 1.2203544 1.2191634 0.9977388 1.2145486 1.4763234 1.1154538 1.2642267 1.4633760 1.4633760 1.1483249 1.4810806 1.3092997 1.4290639 1.7045109 1.4068605 1.2847366 1.2681319 1.2724403 1.2948756 1.2993745 1.2993745 1.4122794 1.4592565 1.5280335 1.5590993 0.8328644 1.1602751 0.9287918 0.9804794 1.5521269 0.9632289 0.9309101 1.0106556 1.5715433 0.9522415 1.6630983 1.6630983 1.6477587 1.6477587 1.0358479 1.0358479 1.4853469 1.4552621 1.4640556 1.5466681 1.5261077 1.5261077 1.5651676 1.1748584 1.1178297 1.1680073 1.5541323 1.5215953 1.8518397 1.5325601 1.8284393 1.0470440 1.0344827 1.6870768 5.0692818 1.4760926 1.1222008 1.4408078 2.0394145 2.2153047 2.2262741 1.9514022 1.8229837 2.2236985 2.2998401 2.0670315 2.4876088 2.0999967 2.2857731 1.7965516 1.7727868 2.3427843 2.3482211 1.4784099 2.3632339 2.2146220 2.0746306 2.7002089 2.3680718 2.7139423 2.5634474 2.6043394 2.2877354 2.5018473 2.4566401 3.1663755 2.0005409 2.7359647 
Bralan_BLAG01001794_1                                  1.9735391 1.8620299 1.6842477 0.8882884 0.9334289 1.1696828 1.1233533 0.0000000 1.3797195 0.8355959 1.7706399 0.9923350 0.7473158 1.1323424 1.1072943 1.1345409 1.0994110 0.8612074 1.0836233 1.2106972 1.1120476 1.0921618 1.2395009 1.2395009 0.8863996 1.4458213 1.2700469 1.3112068 1.9402919 1.3101978 1.2342885 1.2376665 1.2308543 1.1878772 1.1888241 1.1888241 1.3432703 1.4679733 1.5058730 1.4777599 0.8759540 1.1535860 0.8460927 0.9653195 1.4218684 1.0235106 0.9941217 1.0291750 1.4429177 0.9624010 1.4791828 1.4791828 1.3955117 1.3955117 0.8990477 0.8990477 1.3854808 1.3556729 1.3588436 1.3707028 1.3921072 1.3921072 1.4510189 1.1502748 1.2003665 1.1751095 1.4276237 1.2975292 1.5920097 1.3421204 1.5596620 0.9816428 0.9873116 1.4201428 4.7636993 1.2237876 1.0903791 1.4241817 1.8019967 2.0600086 2.1382611 1.8899133 1.8317615 2.2156872 2.3819308 2.0967395 1.9944653 2.0478897 2.1267543 1.6324809 1.6368905 2.4816745 2.4226565 1.5474884 2.4662165 2.0752740 2.1307464 2.5520043 2.3604488 2.4106674 2.4893917 2.5675775 2.4850505 2.5797393 2.6967924 2.9985257 1.9091516 3.2455643 
Chem_TCONS_00065928                                    1.9858141 1.7919616 1.9727912 1.5057817 1.3261045 1.6450905 1.4686557 1.3797195 0.0000000 0.8091125 2.1371235 0.8964143 1.3125772 1.2184123 1.2062684 1.2261555 1.1881868 1.0302824 1.2254510 1.4150752 1.0581377 1.0429412 1.4720413 1.4720413 1.3966735 1.1133733 0.9903208 0.9944056 1.6311479 1.0181113 1.5765023 1.5550362 1.5591477 1.5450598 1.6043857 1.6043857 1.3297757 1.4234315 1.7972508 1.7540578 1.0998567 1.4848798 1.1185648 1.2145572 1.6986487 1.2533585 1.2167073 1.3524096 1.6635452 1.1775746 1.6652350 1.6652350 1.6230271 1.6230271 1.0695516 1.0695516 1.6597913 1.6339970 1.6310683 1.6322414 1.6097065 1.6097065 1.6665622 1.4265850 1.3990807 1.4060596 1.7611168 1.7256739 1.9067576 1.7304235 1.8411743 1.0753368 1.2183168 1.8541018 4.3087618 1.0796626 1.1421731 1.3766595 2.1506462 2.3050348 2.3332364 2.3138620 2.0615519 2.3092594 2.5706346 2.2392993 2.2742787 2.1752019 2.4374715 1.9418154 1.8341312 2.4683188 2.6459818 1.8652059 2.7329999 2.2602327 2.2293945 2.6510513 2.7965534 2.6293563 2.3548917 2.7682947 2.5452135 2.7419923 2.8045862 3.1675891 1.6499285 2.3708374 
Salpun_EP00053_Salpingoeca_punica_P026563              1.1588389 1.1486734 1.0823129 1.3287130 1.0375454 1.5327311 1.0298627 0.8355959 0.8091125 0.0000000 0.5827578 0.0000010 0.8855899 0.9302051 0.9302051 0.9968446 0.9248342 0.9093421 0.8934286 0.9510975 0.9896548 0.9102793 0.8309524 0.8309524 1.0049113 1.0757663 1.0117913 0.9782458 2.2008365 1.0762057 0.9951703 0.9355230 0.8993952 0.9779858 0.9298883 0.9298883 1.0049030 0.9980202 1.2867346 1.2867346 1.2867346 1.2564266 1.2564266 1.2564266 1.2564266 1.2564266 1.2564266 1.2172076 1.2172076 1.2564266 1.2284187 1.2284187 1.2284187 1.2284187 1.2284187 1.2284187 1.2179573 1.2179573 1.2179573 1.0705768 1.0705768 1.0705768 1.0705768 1.0705768 1.0705768 1.1312751 1.1508932 1.1508932 1.1185841 1.1185841 1.1185841 1.1185841 1.0931637 1.5121949 4.4122357 1.1413651 1.2180058 1.0580081 0.7393313 1.7151800 1.6033825 1.5537264 1.3806198 0.8292760 1.0370708 1.0309617 0.7664772 0.9620172 1.0937407 1.0765866 1.0441232 1.8102586 1.8102586 1.1640230 1.4653480 1.2688832 1.7879985 1.5771506 1.2406399 1.1506232 1.5231674 1.2430675 1.4865037 1.6753768 1.5560367 1.7647851 0.9866464 4.3705571 
Salmac_EP00052_Salpingoeca_macrocollata_P012731        2.2475896 2.0649980 2.1554028 2.1723907 1.8806595 2.6035279 1.8839458 1.7706399 2.1371235 0.5827578 0.0000000 0.4363002 1.8499899 1.9077898 1.8801639 1.8824564 1.8293490 1.9129915 1.8904523 2.1770652 1.8458508 1.9931694 2.1133796 2.1133796 1.9322737 2.2802904 2.0764691 2.1164671 4.1542512 2.1058994 1.9668430 1.9403383 1.9385424 1.9749143 1.9652041 1.9652041 2.0349655 2.0533199 2.1937311 2.1614943 1.6520918 1.8784390 1.7533628 1.8115598 1.9641569 1.7632036 1.6855639 1.8751614 2.1659431 1.7384684 2.2597971 2.2597971 2.2597971 2.2597971 1.8562519 1.8562519 2.0996670 2.1022735 2.1081472 2.1336779 1.9273364 1.9273364 2.1336779 1.8109952 1.8233191 1.7809001 2.0179930 1.8307727 2.0512260 2.0512260 2.0512260 1.6637963 1.6232364 1.9790851 6.3627672 1.9927252 1.6370604 1.9950371 1.6085274 2.4592567 2.4725405 2.5595720 1.6380276 1.8160244 1.9801380 1.8359604 1.6148204 1.8589095 1.7797768 1.8104976 1.9989256 1.9914219 2.2303288 2.2792034 2.0174888 1.7921990 2.0155277 2.0673367 2.7329779 3.3445771 3.0640512 2.9256634 2.2804686 2.2788573 2.2983343 3.5201586 2.2720214 4.1117000 
Salpun_EP00053_Salpingoeca_punica_P024846              1.3647264 1.4523882 1.4653417 0.0000010 0.7574979 3.9190935 0.8652338 0.9923350 0.8964143 0.0000010 0.4363002 0.0000000 0.9190241 0.9480573 0.9191483 0.9076408 0.8642304 0.9545459 0.8679964 0.0000010 0.7413969 0.9109921 0.9081754 0.9081754 0.9651608 1.5922091 0.9113649 0.8503293 0.0000010 0.9249020 1.1926759 1.1941826 1.1941826 1.2455762 1.3236457 1.3236457 1.0982475 1.0625467 1.4611518 1.4053013 1.4017024 1.3059628 1.3059628 1.3059628 1.3539207 1.3539207 1.3539207 1.4450560 1.3488372 1.3059628 1.3963167 1.3963167 1.3963167 1.3963167 1.3963167 1.3963167 1.2133437 1.2236989 1.2133437 1.1650621 1.1650621 1.1650621 1.1650621 1.1650621 1.1650621 1.1590077 1.3562593 1.3562593 1.1902179 1.1902179 1.1902179 1.1902179 1.1549670 1.2601900 4.4561341 0.9131764 0.8843317 0.8898498 0.5670082 1.8787491 1.8745466 1.5433628 0.7304326 1.2652281 0.8503560 0.6414293 0.7636248 0.6831183 0.7302050 0.8874998 1.4571062 1.6912060 1.6912060 1.3442901 0.7065356 0.6232591 0.8284322 0.9148058 1.3590852 1.5129454 1.2086383 1.4241500 1.6242015 1.7668017 1.6713092 1.9565460 2.6173496 2.4313230 
Skow_XM_002732051.2                                    1.9785102 1.7438357 1.7406141 0.7733540 0.8994804 1.1284799 1.0330827 0.7473158 1.3125772 0.8855899 1.8499899 0.9190241 0.0000000 1.0043486 0.9745408 1.0121732 0.9897291 0.9155828 1.0368212 1.1726431 1.0548166 1.0327293 1.2953356 1.2953356 0.6662328 1.4383933 1.2656342 1.3243708 2.5227967 1.2448799 1.1934897 1.1915418 1.1864821 1.1915697 1.1839749 1.1839749 1.2388906 1.4405496 1.3940320 1.3923260 0.7851091 1.0572853 0.8247843 0.8970552 1.3839216 0.9363910 0.9046890 0.9184098 1.4119298 0.8878637 1.4902021 1.4902021 1.4089251 1.4089251 0.8623865 0.8623865 1.3475868 1.3243878 1.3181899 1.3791632 1.3927496 1.3927496 1.4479814 1.1421360 1.1090953 1.1017487 1.4766066 1.3628876 1.5594205 1.3932343 1.5150288 1.0376540 0.9805647 1.4851928 4.5503415 1.3088000 1.0999277 1.2557161 1.9248604 2.2804223 2.0467015 1.9913966 1.8301583 2.2254737 2.5964927 2.1863589 2.4239123 2.1802074 2.0763918 1.7474026 1.5908919 2.4269553 2.2997632 1.5516983 2.3242546 1.9784589 2.0566448 2.7297349 2.4415116 2.5638930 2.3294441 2.7088405 2.2323543 2.4565266 2.5212052 2.8601033 1.8617915 2.9556134 
Spis_XP_022780320_1                                    1.7702108 1.6827577 1.5935956 1.1628879 1.1321552 1.3794651 1.2636780 1.1323424 1.2184123 0.9302051 1.9077898 0.9480573 1.0043486 0.0000000 0.0449913 0.1234020 0.1234618 0.1741372 0.2085087 0.2375354 0.4452523 0.5243316 1.2473527 1.2473527 0.9643157 0.9911885 0.9320740 0.9855740 1.1901216 0.9132008 1.1474860 1.1641525 1.1667681 1.1365595 1.1698475 1.1698475 0.8366352 0.9383500 1.6420172 1.5972197 1.2303792 1.3353560 1.2096967 1.2990647 1.6318409 1.3917732 1.3361238 1.3245237 1.5799279 1.2852683 1.6309672 1.6309672 1.6102168 1.6102168 1.2296017 1.2296017 1.5169725 1.5044830 1.4955114 1.5313362 1.5450364 1.5450364 1.5429939 1.3034804 1.2761230 1.3479416 1.6294539 1.6166841 1.7344533 1.5480177 1.6618888 1.2369858 1.1483600 1.6584808 4.1942832 0.9779705 1.2252486 1.2827408 1.9400283 2.1146890 1.9920059 1.8667984 2.0533981 2.2280694 2.4007363 2.0901105 2.2076699 2.1208649 2.2864544 1.8273284 1.6097309 2.4333733 2.3843669 1.7447791 2.4866819 2.1133665 2.0825904 2.7398587 2.4068272 2.5721587 2.5417675 2.7529088 2.2723640 2.4289219 2.4858692 2.8787056 1.8468177 2.7409748 
Pocdam_XM_027196260.1                                  1.7695894 1.6863290 1.5844119 1.1270859 1.1331675 1.3829292 1.2454572 1.1072943 1.2062684 0.9302051 1.8801639 0.9191483 0.9745408 0.0449913 0.0000000 0.1208687 0.1203672 0.1849725 0.1963564 0.2221136 0.4543559 0.5251300 1.2487437 1.2487437 0.9638872 0.9853334 0.9255566 1.0065849 1.2395355 0.9253190 1.1325541 1.1489139 1.1515006 1.1216907 1.1640434 1.1640434 0.8253127 0.9359148 1.6373465 1.5927446 1.2331949 1.3006358 1.2181958 1.2871209 1.6145733 1.3743214 1.3300730 1.3062207 1.5701957 1.2696981 1.6177632 1.6177632 1.5947018 1.5947018 1.2322265 1.2322265 1.5099882 1.4976900 1.4886443 1.5331988 1.5385270 1.5385270 1.5464920 1.2859268 1.2560105 1.3259919 1.6248409 1.6000416 1.7199977 1.5254035 1.6480496 1.2174803 1.1450013 1.6204765 4.3043831 0.9776251 1.2374246 1.2692113 1.9311639 2.1408760 1.9519054 1.8598318 2.0611427 2.1812053 2.3607215 2.1011699 2.2141149 2.1270902 2.2535705 1.8012013 1.6317637 2.4417711 2.3480926 1.7596672 2.4234149 2.0268032 2.0726410 2.7826080 2.3658226 2.5885389 2.5121921 2.7315064 2.2931345 2.4492028 2.4846930 2.7675916 1.8531699 2.7439199 
Gasp_gasp1.m3.29196.m1                                 1.8122789 1.6646201 1.6022016 1.1390455 1.1250025 1.4095064 1.2203544 1.1345409 1.2261555 0.9968446 1.8824564 0.9076408 1.0121732 0.1234020 0.1208687 0.0000000 0.0846716 0.1778738 0.1973967 0.2216653 0.4450861 0.5075795 1.2022002 1.2022002 0.9792239 1.0128202 0.9167664 0.9972340 1.2063183 0.9034721 1.1164588 1.1334816 1.1360796 1.1226030 1.1737606 1.1737606 0.8713731 0.9445150 1.5993155 1.5559544 1.1823023 1.3126197 1.1723936 1.2543298 1.5817724 1.3225560 1.2779292 1.2825365 1.5409281 1.2217649 1.6048047 1.6048047 1.5845149 1.5845149 1.1451967 1.1451967 1.4895853 1.4777279 1.4684399 1.4899038 1.5038903 1.5038903 1.4862616 1.2915533 1.2491767 1.2841662 1.5428641 1.5342727 1.7213342 1.5191198 1.6513808 1.2114163 1.1073282 1.6377414 4.3569610 0.9942956 1.2785980 1.2520798 1.8972211 2.0312767 1.9818315 1.8295374 2.1016182 2.1524111 2.3969682 2.0536931 2.1758399 2.1257677 2.2693353 1.7849432 1.6487779 2.4164959 2.3675102 1.6763795 2.4470957 2.1052078 2.0482093 2.7790071 2.4620964 2.5477260 2.5905106 2.7882224 2.2798062 2.4380187 2.5639979 2.7960642 1.8011304 2.7387355 
Fspp_ffun1.m4.18759.m1                                 1.7738778 1.6141612 1.5625023 1.1312447 1.1111339 1.4168483 1.2191634 1.0994110 1.1881868 0.9248342 1.8293490 0.8642304 0.9897291 0.1234618 0.1203672 0.0846716 0.0000000 0.1637035 0.1728199 0.2021670 0.4250688 0.4870430 1.1974586 1.1974586 0.9776834 1.0214391 0.9116798 0.9862231 1.2248394 0.8914426 1.0945017 1.1064379 1.1089913 1.0837334 1.1302710 1.1302710 0.8267303 0.9277555 1.6019609 1.5588767 1.1838128 1.2582153 1.1396627 1.2199738 1.5716478 1.2876967 1.2433779 1.2489281 1.5178945 1.1905820 1.5619203 1.5619203 1.5485330 1.5485330 1.1319926 1.1319926 1.4662742 1.4551657 1.4457504 1.4535748 1.4753770 1.4753770 1.4591369 1.2344147 1.1845935 1.2260062 1.5418667 1.5384398 1.6780814 1.4812335 1.6078636 1.1400425 1.0649081 1.6331949 4.4215308 0.9324587 1.2451418 1.2598177 1.8231435 2.0741101 2.0077459 1.8460691 1.9538572 2.1174848 2.3307959 2.0063169 2.1095230 1.9979330 2.1853717 1.7859072 1.5995871 2.4288739 2.2955949 1.6576522 2.3069207 2.0587923 2.0215844 2.7732035 2.3941684 2.4702883 2.5130544 2.6897343 2.1857208 2.3443000 2.4161533 2.8319641 1.7739286 2.6603593 
Amil_Amillepora14319-RA                                1.7250672 1.5519546 1.4590773 1.0915782 0.9736744 1.4697673 0.9977388 0.8612074 1.0302824 0.9093421 1.9129915 0.9545459 0.9155828 0.1741372 0.1849725 0.1778738 0.1637035 0.0000000 0.1690141 0.0863743 0.3127755 0.3748692 1.0808407 1.0808407 0.8500761 0.8726052 0.7491355 0.8187966 1.5225034 0.7144177 0.9045164 0.9493767 0.9504132 0.9088559 0.9936984 0.9936984 0.6974211 0.8307385 1.5317023 1.4788555 1.1925626 1.3433062 1.1556694 1.2457319 1.4772617 1.3477890 1.3033433 1.3498832 1.4588520 1.2580529 1.4199739 1.4199739 1.3734104 1.3734104 1.1797705 1.1797705 1.4285289 1.4143425 1.3987567 1.3827409 1.4007482 1.4007482 1.4117128 1.3058081 1.3445730 1.3133033 1.4568853 1.3895322 1.4339373 1.4289653 1.4041649 1.2417735 1.1940509 1.5400971 4.7950427 0.8613812 1.2623540 1.0548801 1.6001842 1.8315401 1.6875228 1.7415257 2.0934918 1.9163738 1.9229346 1.7989023 2.0303050 1.8665579 2.0264254 1.5540739 1.5543350 2.1821211 2.1194898 1.5203897 2.2432285 1.8232283 1.9201917 2.6093328 2.1811004 2.1995436 2.1719879 2.5059564 2.1523279 2.2248240 2.2030331 2.7505020 1.7014830 3.3015256 
Gfas_gfas1.m1.9648.m1                                  1.8687101 1.6568994 1.5484732 1.1962431 1.1236421 1.4387498 1.2145486 1.0836233 1.2254510 0.8934286 1.8904523 0.8679964 1.0368212 0.2085087 0.1963564 0.1973967 0.1728199 0.1690141 0.0000000 0.2479878 0.5010098 0.5507107 1.2989685 1.2989685 1.0126370 1.0696427 0.9921175 1.0456641 1.2320234 0.9729779 1.0688902 1.1057998 1.1073739 1.0489676 1.1197981 1.1197981 0.8607650 0.9685438 1.5379028 1.5049061 1.1733369 1.2517348 1.1512515 1.2538388 1.4622065 1.3113792 1.2671338 1.2364942 1.4384216 1.2247586 1.5039478 1.5039478 1.4788722 1.4788722 1.1444578 1.1444578 1.4388488 1.4284695 1.4187025 1.4257738 1.4478795 1.4478795 1.4413129 1.2382979 1.2326762 1.2550083 1.4395248 1.4019622 1.5379618 1.3863628 1.4881026 1.1731217 1.0469577 1.5598992 4.1959258 1.0590215 1.2179447 1.2934227 1.7826719 2.1045974 2.0196547 1.8642552 1.9983503 2.1603471 2.2647885 2.0010738 2.1339627 2.0335241 2.1920808 1.7226151 1.5590170 2.3725923 2.3563747 1.7578404 2.4318581 1.9738070 1.9737176 2.6125787 2.2959784 2.4025234 2.3982844 2.6489469 2.2539444 2.4077238 2.4910158 2.7929246 1.8176245 2.5823400 
Adig_XM_015906876.1                                    2.0467398 1.8086595 1.7390837 1.1834810 1.4004697 1.3694724 1.4763234 1.2106972 1.4150752 0.9510975 2.1770652 0.0000010 1.1726431 0.2375354 0.2221136 0.2216653 0.2021670 0.0863743 0.2479878 0.0000000 0.5830470 0.6210008 1.5120909 1.5120909 1.0844234 1.1706850 1.1890789 1.3043399 1.3169993 1.0999840 1.2188017 1.2004534 1.2018887 1.2177120 1.2295111 1.2295111 1.0391893 1.1414019 1.7293515 1.7293515 1.5064857 1.4141769 1.5588569 1.6042611 1.7246267 1.6509939 1.5764744 1.4879041 1.6934303 1.5696238 1.7961205 1.7961205 1.7730654 1.7730654 1.6410043 1.6410043 1.7000675 1.6888180 1.6888180 1.6836797 1.7294956 1.7294956 1.6943236 1.4491945 1.4534019 1.4957627 1.6934182 1.7132781 1.9269010 1.6470916 1.8080628 1.4822977 1.3746515 1.8648300 4.4901880 1.2137198 1.6607080 1.5764464 2.2135533 2.2600033 2.3011504 2.0766900 2.3740289 2.4015913 2.8353473 2.5797074 2.3501015 2.4636048 2.6767039 2.1891278 1.9496904 3.8241331 2.4300808 1.7968690 2.9060187 2.3737295 2.5778268 3.0518314 2.8135691 3.1519597 3.0934773 3.5711383 2.4880545 2.6607953 2.8099597 3.3786471 1.8294265 2.6728603 
Nvec_v1g93943                                          1.7569340 1.6259490 1.5461169 1.2112198 1.1262730 1.4738882 1.1154538 1.1120476 1.0581377 0.9896548 1.8458508 0.7413969 1.0548166 0.4452523 0.4543559 0.4450861 0.4250688 0.3127755 0.5010098 0.5830470 0.0000000 0.3657624 1.1325420 1.1325420 1.0941864 0.9774255 0.9228061 0.9485949 1.1160225 0.9221472 1.1912214 1.1809249 1.1828998 1.1961895 1.2272903 1.2272903 0.8132599 0.9657060 1.5505493 1.5095224 1.1095635 1.3297413 1.1351275 1.2060171 1.5767905 1.2640155 1.2287461 1.2126373 1.4902445 1.1753084 1.5317962 1.5317962 1.5156219 1.5156219 1.1399489 1.1399489 1.4636783 1.4418144 1.4426148 1.4754706 1.5119489 1.5119489 1.4836201 1.3580838 1.3135619 1.3386701 1.4822640 1.4936400 1.6447283 1.4824560 1.5793137 1.1284629 1.1311357 1.6058392 4.0634715 1.0039112 1.2111338 1.2240632 1.8859409 1.8701059 1.8183419 1.7943834 1.8989249 2.1156908 2.3718140 2.1602356 2.1953447 1.9200968 2.1133581 1.8191064 1.5571668 2.3188117 2.1642651 1.6629496 2.3816851 2.1769618 2.0855700 2.6668330 2.3146197 2.3061097 2.3236503 2.4636006 2.2639073 2.5100027 2.7301543 3.1191330 1.9067563 2.8706976 
Exapal_XM_021048993.2                                  1.9225341 1.6261545 1.6839479 1.2705767 1.1609796 1.4611001 1.2642267 1.0921618 1.0429412 0.9102793 1.9931694 0.9109921 1.0327293 0.5243316 0.5251300 0.5075795 0.4870430 0.3748692 0.5507107 0.6210008 0.3657624 0.0000000 1.2015677 1.2015677 1.0569271 0.9746448 0.9712158 0.9213288 1.0756216 0.9162472 1.1460887 1.1103148 1.1116058 1.1263725 1.1636813 1.1636813 0.8766355 1.0250032 1.5022110 1.4566023 1.1040890 1.2282403 1.0414278 1.1258473 1.4766876 1.1960523 1.1584316 1.1081193 1.4258918 1.1054129 1.4705886 1.4705886 1.4310307 1.4310307 1.0437865 1.0437865 1.3547243 1.3495258 1.3288706 1.4542705 1.4809302 1.4809302 1.4576658 1.3066711 1.2705157 1.2437018 1.4512574 1.4631677 1.6910783 1.5103369 1.6093492 1.1237602 1.1769064 1.5649039 3.9095839 0.9704587 1.1926119 1.3143124 1.8506272 2.0606933 1.9371307 1.9576828 1.7848350 2.2511112 2.3087747 2.1277067 2.3058819 2.0466285 2.2547795 1.8510325 1.6432461 2.3737351 2.2986501 1.7294296 2.2055086 2.0768381 2.1221640 2.7737160 2.4395171 2.5329111 2.4341112 2.8133213 2.3549367 2.4410746 2.5647429 2.9884582 1.8145763 2.6460435 
Opea_EP00118_Oscarella_pearsei_P018018                 1.5915044 1.4704804 1.4899204 1.7238228 1.3899409 1.7393040 1.4633760 1.2395009 1.4720413 0.8309524 2.1133796 0.9081754 1.2953356 1.2473527 1.2487437 1.2022002 1.1974586 1.0808407 1.2989685 1.5120909 1.1325420 1.2015677 0.0000000 0.0000010 1.4059251 1.5085694 1.2656641 1.3555158 1.5976237 1.3558200 1.3268074 1.3012571 1.2966052 1.3383466 1.3001889 1.3001889 1.4191276 1.5300475 1.7587476 1.7073947 1.2750561 1.4687816 1.3087131 1.3942453 1.8114152 1.4641450 1.3783865 1.4744587 1.7141310 1.3423851 1.7221321 1.7221321 1.7471050 1.7471050 1.3406550 1.3406550 1.5961676 1.5716180 1.5584144 1.6981338 1.7035047 1.7035047 1.6776165 1.4579651 1.4057956 1.4615426 1.6934024 1.6884421 1.8756997 1.7120643 1.8145848 1.3919575 1.2363537 1.7361289 4.3066741 1.5112756 1.1201780 0.8517784 1.9504185 1.9039414 1.7795112 1.7110203 1.7255986 2.3604061 2.4191472 2.0478565 2.1518441 2.0516145 2.2008465 1.9062632 1.5931519 2.3284411 2.3075229 1.8747453 2.3711626 2.1440528 2.3125562 2.7742762 2.4446428 2.4721885 2.4054780 2.5816177 2.6697817 2.7931074 2.9464431 3.2493924 2.0377434 2.7161436 
Ocar_g5663                                             1.5915044 1.4704804 1.4899204 1.7238228 1.3899409 1.7393040 1.4633760 1.2395009 1.4720413 0.8309524 2.1133796 0.9081754 1.2953356 1.2473527 1.2487437 1.2022002 1.1974586 1.0808407 1.2989685 1.5120909 1.1325420 1.2015677 0.0000010 0.0000000 1.4059251 1.5085694 1.2656641 1.3555158 1.5976237 1.3558200 1.3268074 1.3012571 1.2966052 1.3383466 1.3001889 1.3001889 1.4191276 1.5300475 1.7587476 1.7073947 1.2750561 1.4687816 1.3087131 1.3942453 1.8114152 1.4641450 1.3783865 1.4744587 1.7141310 1.3423851 1.7221321 1.7221321 1.7471050 1.7471050 1.3406550 1.3406550 1.5961676 1.5716180 1.5584144 1.6981338 1.7035047 1.7035047 1.6776165 1.4579651 1.4057956 1.4615426 1.6934024 1.6884421 1.8756997 1.7120643 1.8145848 1.3919575 1.2363537 1.7361289 4.3066741 1.5112756 1.1201780 0.8517784 1.9504185 1.9039414 1.7795112 1.7110203 1.7255986 2.3604061 2.4191472 2.0478565 2.1518441 2.0516145 2.2008465 1.9062632 1.5931519 2.3284411 2.3075229 1.8747453 2.3711626 2.1440528 2.3125562 2.7742762 2.4446428 2.4721885 2.4054780 2.5816177 2.6697817 2.7931074 2.9464431 3.2493924 2.0377434 2.7161436 
Spur_XM_779785.5                                       1.8688248 1.7761029 1.7886474 0.9173935 1.0331733 1.2535802 1.1483249 0.8863996 1.3966735 1.0049113 1.9322737 0.9651608 0.6662328 0.9643157 0.9638872 0.9792239 0.9776834 0.8500761 1.0126370 1.0844234 1.0941864 1.0569271 1.4059251 1.4059251 0.0000000 1.4786210 1.2486491 1.3131603 1.9526447 1.2947607 1.2267793 1.2397156 1.2428665 1.2506700 1.2136520 1.2136520 1.3084968 1.4780238 1.4788994 1.4732344 0.9248476 1.1014595 0.9333111 1.0015480 1.5330143 1.0428021 1.0358367 1.0459062 1.4933246 0.9825123 1.5299767 1.5299767 1.4361729 1.4361729 0.9516767 0.9516767 1.4752635 1.4500152 1.4470640 1.3369812 1.3864233 1.3864233 1.4306876 1.0712431 1.0530176 1.1729795 1.5736726 1.4657028 1.6981082 1.5026744 1.6568908 1.1035515 1.0510658 1.5623062 4.1273361 1.3083382 1.2258989 1.3977205 2.0280261 2.3176165 2.2673585 2.0986222 2.1207787 2.1705503 2.4754099 2.1329340 2.4456903 2.2169736 2.2232424 1.7992993 1.7850709 2.3914135 2.3303757 1.4916729 2.3104587 2.2213239 2.0745242 3.1890226 2.3869364 2.5185738 2.4956797 2.6960125 2.6362777 2.7579851 2.7155419 3.0798415 1.9843546 3.5125114 
Nemnom_g1281.t1                                        2.1303012 1.8270977 2.0338119 1.3660060 1.2411004 1.5507908 1.4810806 1.4458213 1.1133733 1.0757663 2.2802904 1.5922091 1.4383933 0.9911885 0.9853334 1.0128202 1.0214391 0.8726052 1.0696427 1.1706850 0.9774255 0.9746448 1.5085694 1.5085694 1.4786210 0.0000000 0.1658687 0.4197140 0.5007565 0.5063862 1.3592591 1.4185038 1.4210481 1.4539504 1.4509678 1.4509678 1.3923959 1.4370545 1.8168089 1.8494893 1.3739188 1.5513572 1.3484551 1.3573618 1.8323451 1.3266058 1.2895287 1.2327836 1.8983851 1.3333231 1.8330567 1.8330567 1.7776487 1.7776487 1.3133434 1.3133434 1.6961513 1.7221198 1.7036719 1.8030564 1.8579779 1.8579779 1.8439243 1.5519956 1.5390288 1.5804148 1.8069040 1.8291845 1.8538138 1.5713533 1.7990535 0.9582869 1.2970770 2.0116952 4.5418757 0.9953837 1.3142819 1.3925462 2.3106338 2.2838569 2.3825265 2.2743598 1.9373553 2.5553939 2.5656205 2.6620326 2.6983994 2.4647255 2.5761730 2.1180117 2.0372250 2.9827526 2.8346572 1.9302971 2.7868356 2.3352924 2.5167457 2.8410931 2.8491269 2.9795548 3.0671448 3.3370286 2.5572330 2.8359589 3.1813573 3.4678397 1.5958061 2.8549199 
Rhoesc_Res_014255-T1                                   1.8581489 1.6467237 1.7032562 1.4865992 1.1628404 1.5728985 1.3092997 1.2700469 0.9903208 1.0117913 2.0764691 0.9113649 1.2656342 0.9320740 0.9255566 0.9167664 0.9116798 0.7491355 0.9921175 1.1890789 0.9228061 0.9712158 1.2656641 1.2656641 1.2486491 0.1658687 0.0000000 0.2864496 0.4288383 0.3956682 1.2486917 1.2906176 1.2927876 1.3202174 1.3477005 1.3477005 1.2512569 1.3292101 1.7829578 1.7325483 1.0521367 1.3993744 1.0653071 1.1356600 1.7710282 1.1957597 1.1587730 1.2652175 1.7337490 1.1100360 1.6570273 1.6570273 1.6142321 1.6142321 0.9491710 0.9491710 1.5872665 1.5612199 1.5582037 1.6474755 1.6738854 1.6738854 1.6943741 1.3883427 1.3623887 1.3697145 1.6355858 1.5970468 1.8823164 1.6371758 1.8333469 0.9577970 1.0575425 1.7993022 4.1300430 0.8500018 1.0785497 1.2466731 1.9702207 2.1278868 2.0943158 2.0298124 2.0068409 2.3858056 2.5975702 2.2946255 2.4936837 2.2766329 2.2811638 1.7927110 1.7597139 2.2710687 2.4966531 1.7653234 2.5049785 2.2221593 2.1126366 2.8997575 2.5073087 2.5782683 2.7750976 2.9887625 2.4861898 2.6464794 2.6514928 3.2549882 1.4413137 2.6813033 
Aaur_scaffold1082.g5.t1                                1.9294799 1.7475182 1.7292727 1.4687678 1.2488050 1.6342757 1.4290639 1.3112068 0.9944056 0.9782458 2.1164671 0.8503293 1.3243708 0.9855740 1.0065849 0.9972340 0.9862231 0.8187966 1.0456641 1.3043399 0.9485949 0.9213288 1.3555158 1.3555158 1.3131603 0.4197140 0.2864496 0.0000000 0.0851439 0.4049786 1.3774762 1.4230856 1.4274092 1.4256545 1.4184111 1.4184111 1.2550222 1.4333192 1.7956465 1.7357149 1.1432006 1.5185101 1.1689268 1.2236355 1.8011234 1.2921375 1.2659977 1.3149095 1.7609183 1.2144674 1.7561506 1.7561506 1.7137444 1.7137444 1.0783354 1.0783354 1.6406650 1.6184997 1.6124643 1.6785719 1.6880529 1.6880529 1.7053530 1.4801062 1.4094784 1.4427681 1.6520174 1.6061463 1.8844639 1.6685487 1.8464167 1.0838068 1.1500645 1.7077662 4.2790287 0.8764171 1.1681104 1.3313831 1.9685263 2.1722182 2.1979251 2.1384929 2.0527659 2.3394330 2.6420202 2.2504945 2.4391843 2.2163311 2.2841995 1.9092672 1.7255070 2.3829932 2.6225082 1.7906980 2.4447860 2.2282020 2.1441513 2.9530393 2.6722542 2.4614325 2.6422606 3.0351858 2.4747186 2.5203702 2.6519297 3.2904048 1.6097174 2.6149725 
Aaur_scaffold1082.g6.t1                                2.5570512 1.4465885 1.8285477 2.1709772 1.9551917 1.9551917 1.7045109 1.9402919 1.6311479 2.2008365 4.1542512 0.0000010 2.5227967 1.1901216 1.2395355 1.2063183 1.2248394 1.5225034 1.2320234 1.3169993 1.1160225 1.0756216 1.5976237 1.5976237 1.9526447 0.5007565 0.4288383 0.0851439 0.0000000 0.5944382 1.8420374 1.9075399 1.9075399 1.7589606 1.8064292 1.8064292 1.5865413 1.8904998 1.6764562 1.6323211 2.6448456 3.1916624 3.1916624 2.4375691 1.2661907 2.0860993 2.0860993 2.0860993 1.7188485 2.0860993 1.6794220 1.6794220 1.4026985 1.4026985 2.0860993 2.0860993 1.6922193 1.6922193 1.6922193 1.3940608 1.2155229 1.2155229 1.5894346 2.2558205 3.3860950 3.9142359 1.6114808 1.9562499 3.2770948 2.1542529 2.3047925 2.1105156 2.1542529 1.7797571 3.1730121 1.8169320 3.0321621 1.7097160 2.3133005 2.2907454 2.6082232 2.8380684 2.8519077 2.5331970 2.4521433 2.5559217 2.7960013 2.4746780 1.9736215 1.7131509 2.8697949 6.0440411 1.8086565 1.8679547 2.5526434 2.5031638 1.8726389 2.2727229 2.2164026 2.7691239 2.8332045 2.5354038 1.7795102 1.9326459 2.4945672 2.5795576 2.9711267 2.1492895 
Sanmal_Sma_013253-T1                                   2.0362164 1.7949154 1.8649488 1.4991478 1.1878379 1.5741493 1.4068605 1.3101978 1.0181113 1.0762057 2.1058994 0.9249020 1.2448799 0.9132008 0.9253190 0.9034721 0.8914426 0.7144177 0.9729779 1.0999840 0.9221472 0.9162472 1.3558200 1.3558200 1.2947607 0.5063862 0.3956682 0.4049786 0.5944382 0.0000000 1.3032994 1.3428043 1.3489643 1.3369103 1.3567868 1.3567868 1.2024488 1.3388988 1.7053657 1.6668881 1.1031227 1.4698126 1.1447214 1.2134564 1.7495949 1.2529522 1.2245943 1.3147776 1.6667615 1.1927442 1.6513870 1.6513870 1.6323133 1.6323133 1.0522992 1.0522992 1.5673198 1.5408158 1.5414928 1.6155841 1.6447668 1.6447668 1.6352349 1.3975007 1.3758852 1.4139790 1.6117391 1.5933808 1.8871013 1.7067300 1.8509879 1.1382032 1.2126280 1.7615460 4.2962645 0.9081177 1.2239092 1.3968237 1.9782459 2.2858236 2.1459026 2.1680878 2.0339560 2.3636477 2.5509657 2.2567280 2.4334973 2.0767455 2.2910119 1.8067742 1.8210936 2.4679419 2.5092300 1.7667510 2.5294925 2.3577550 2.2154343 2.8936153 2.8146471 2.5109121 2.7385599 3.0034699 2.4773016 2.7200839 2.7070722 3.3686248 1.5506527 2.7654930 
HoiH23_PlH23_005872-RA                                 1.9569774 1.8416319 1.6262848 1.2797137 1.2959556 1.5184746 1.2847366 1.2342885 1.5765023 0.9951703 1.9668430 1.1926759 1.1934897 1.1474860 1.1325541 1.1164588 1.0945017 0.9045164 1.0688902 1.2188017 1.1912214 1.1460887 1.3268074 1.3268074 1.2267793 1.3592591 1.2486917 1.3774762 1.8420374 1.3032994 0.0000000 0.0521448 0.0567852 0.0854775 0.1770716 0.1770716 1.4040174 1.3950537 1.7707532 1.7886157 1.4156551 1.4581068 1.3238207 1.3069484 1.7595773 1.3232034 1.2824225 1.1943779 1.7819099 1.3140313 1.8908913 1.8908913 1.7817221 1.7817221 1.3644960 1.3644960 1.6499090 1.6315161 1.6144949 1.6511367 1.6955030 1.6955030 1.7367717 1.4516988 1.4358787 1.4055970 1.7271173 1.5856426 1.7024616 1.5275317 1.6721647 1.1957746 1.2570173 1.7353099 4.5861080 1.4239691 1.1498584 1.4280787 2.1757325 2.1421647 2.1078273 1.9610264 1.8536056 2.3204997 2.3528321 2.0780991 2.5039022 2.1957796 2.1979130 1.8181766 1.8909688 2.6717162 2.4200623 1.8462895 2.3795481 2.0614042 1.9393915 2.7834773 2.6726193 2.8700963 2.9888135 2.9671629 2.4145943 2.4561527 2.6298292 3.2636257 1.9067717 3.0588249 
Hhon_g00806.t1                                         1.9253985 1.7954495 1.6044645 1.2722577 1.2939633 1.5042720 1.2681319 1.2376665 1.5550362 0.9355230 1.9403383 1.1941826 1.1915418 1.1641525 1.1489139 1.1334816 1.1064379 0.9493767 1.1057998 1.2004534 1.1809249 1.1103148 1.3012571 1.3012571 1.2397156 1.4185038 1.2906176 1.4230856 1.9075399 1.3428043 0.0521448 0.0000000 0.0043786 0.0904927 0.1706979 0.1706979 1.4023891 1.4153809 1.7847639 1.8024774 1.4434912 1.4615185 1.3448750 1.3237018 1.7688940 1.3409450 1.3002505 1.2308384 1.7915634 1.3313226 1.8901619 1.8901619 1.7812932 1.7812932 1.3904181 1.3904181 1.6488315 1.6304218 1.6133432 1.6583854 1.7036322 1.7036322 1.7565194 1.4547444 1.4393124 1.3812831 1.6864306 1.5548229 1.7048031 1.5243903 1.6708489 1.2045737 1.2795829 1.7448580 4.5214508 1.4223967 1.1668489 1.4684233 2.1937382 2.0813860 2.0210188 1.9439261 1.8689832 2.3117093 2.3870111 2.1160089 2.4830767 2.1642274 2.1735846 1.8602216 1.8984098 2.6543791 2.4049575 1.8297720 2.4013967 2.0621965 1.9537131 2.7228653 2.7357756 2.9199834 2.9967358 2.9586626 2.4155239 2.4356419 2.6508588 3.3126214 1.9569934 3.0630371 
HoiH04_mRNA15979                                       1.9288381 1.8001467 1.6138786 1.2752561 1.2982936 1.5121183 1.2724403 1.2308543 1.5591477 0.8993952 1.9385424 1.1941826 1.1864821 1.1667681 1.1515006 1.1360796 1.1089913 0.9504132 1.1073739 1.2018887 1.1828998 1.1116058 1.2966052 1.2966052 1.2428665 1.4210481 1.2927876 1.4274092 1.9075399 1.3489643 0.0567852 0.0043786 0.0000000 0.0955112 0.1676907 0.1676907 1.4046655 1.4176886 1.7918995 1.8094916 1.4518056 1.4623958 1.3463562 1.3248670 1.7734564 1.3421898 1.3014765 1.2319939 1.7955074 1.3325300 1.8974285 1.8974285 1.7885582 1.7885582 1.3980007 1.3980007 1.6525810 1.6340572 1.6170143 1.6652100 1.7111438 1.7111438 1.7633254 1.4590538 1.4437062 1.3821340 1.6902167 1.5593050 1.7134687 1.5293874 1.6794831 1.2121773 1.2845354 1.7501513 4.5081356 1.4253718 1.1714397 1.4749926 2.1878526 2.0874545 2.0253529 1.9495481 1.8641574 2.3370964 2.3976590 2.1254904 2.4899187 2.1579812 2.1617591 1.8692996 1.8830928 2.6603504 2.4126933 1.8233033 2.4115743 2.0671563 1.9420871 2.7302699 2.7212610 2.9065110 2.9906139 2.9488004 2.3969972 2.4492877 2.6549224 3.3029428 1.9600737 3.0574439 
HoiH11_mRNA4037                                        1.9638071 1.8275943 1.6347841 1.2178920 1.2681145 1.4652838 1.2948756 1.1878772 1.5450598 0.9779858 1.9749143 1.2455762 1.1915697 1.1365595 1.1216907 1.1226030 1.0837334 0.9088559 1.0489676 1.2177120 1.1961895 1.1263725 1.3383466 1.3383466 1.2506700 1.4539504 1.3202174 1.4256545 1.7589606 1.3369103 0.0854775 0.0904927 0.0955112 0.0000000 0.1707700 0.1707700 1.3560531 1.3644308 1.7728380 1.7907015 1.3828895 1.4230814 1.2876967 1.2782109 1.7844187 1.2926732 1.2520886 1.1861066 1.7881050 1.2843319 1.9114722 1.9114722 1.8113775 1.8113775 1.3347575 1.3347575 1.6483750 1.6299531 1.6128443 1.6745031 1.7215933 1.7215933 1.7519782 1.4160818 1.3865435 1.3742355 1.7666586 1.6026309 1.7069847 1.5100616 1.6804437 1.2102664 1.2461485 1.7675138 4.3796256 1.4275559 1.1373939 1.4709726 2.1936223 2.1272400 2.1205047 1.9569490 1.8334639 2.2546036 2.3484621 2.0601095 2.4785739 2.2097532 2.1865076 1.8517748 1.8975413 2.5343357 2.4109489 1.8851842 2.4345347 2.1378842 1.9667858 2.6712392 2.6920983 2.8794202 2.9320125 3.0216023 2.3665172 2.4091619 2.6063690 3.2887001 1.9207011 2.9117561 
TrH2_TrispH2_001965-RA                                 1.8797002 1.7811017 1.6744922 1.1912972 1.3319863 1.5110237 1.2993745 1.1888241 1.6043857 0.9298883 1.9652041 1.3236457 1.1839749 1.1698475 1.1640434 1.1737606 1.1302710 0.9936984 1.1197981 1.2295111 1.2272903 1.1636813 1.3001889 1.3001889 1.2136520 1.4509678 1.3477005 1.4184111 1.8064292 1.3567868 0.1770716 0.1706979 0.1676907 0.1707700 0.0000000 0.0000010 1.3722727 1.4204746 1.7974690 1.8131781 1.4660191 1.4633056 1.3737492 1.3352542 1.8001211 1.3636782 1.3330970 1.2499067 1.7891147 1.3580908 1.8969407 1.8969407 1.8026522 1.8026522 1.4333002 1.4333002 1.6915062 1.6647000 1.6479150 1.6848106 1.7294126 1.7294126 1.7700867 1.4495583 1.4228199 1.4157045 1.7483476 1.6305669 1.7309269 1.4740015 1.6572595 1.1895296 1.2572662 1.7601391 4.2778026 1.4473555 1.2639170 1.4851461 2.2965547 2.1318021 2.1767399 1.8912093 1.8372937 2.3520118 2.5067460 2.1483206 2.5421648 2.2784366 2.3129379 1.8718207 1.8099269 2.6878874 2.3980630 1.9332084 2.5480145 2.2173527 1.9437227 2.7958278 2.7302568 2.8641879 2.8460679 3.0864825 2.4069046 2.4502433 2.6560965 3.3599758 2.1038579 3.0203937 
