89
Hsap_ENST00000455662                                   0.0000000 1.2422655 1.5969830 1.3574355 1.2923075 1.3257489 1.2406140 1.2669328 1.1769485 1.2927093 1.3065859 1.0021572 1.1142379 1.0342837 1.2912837 1.2532448 1.2250718 1.3441110 1.3441110 1.2751569 1.2751569 1.3913829 1.5341626 1.3903081 1.4212822 1.4752318 1.7014732 1.2876922 1.3847968 1.8528738 1.4696253 1.4457110 1.3219694 1.5302097 1.9179199 1.6040099 1.7579547 1.3884349 1.5556305 1.5312903 1.7623141 1.3105836 1.5223441 1.4441686 1.7068512 1.6020013 2.5827727 2.2893381 1.5116219 1.5883792 1.6405405 1.7260109 1.7884330 1.8743934 1.7014828 1.6986520 1.3957536 1.5210874 1.5466592 1.3401109 1.4358070 1.5217992 1.4873164 1.5205182 1.4713767 1.5745900 1.5572277 1.7919644 1.2961523 2.0541155 1.3197341 2.2869917 1.4115927 1.6074600 1.8717475 1.8354457 2.2787260 2.1277062 2.1624204 2.2067857 1.6373395 3.6419485 2.0752480 3.1083601 1.9460024 3.1397599 2.4225088 2.4225088 2.9717648 
Acagra_model.g18162.t1                                 1.2422655 0.0000000 1.4714444 1.1968129 1.0966191 1.1722081 0.9510388 1.1387783 1.0660151 1.2608221 1.2721324 0.9204650 0.8931026 1.0810840 1.2720873 1.3368249 0.9987335 1.4586339 1.4586339 1.2541161 1.2541161 1.3760946 1.5253957 1.4640028 1.3294410 1.4260696 1.7205859 1.3879798 1.5713182 1.9421776 1.7133720 1.4337411 1.2135876 1.5531049 1.7870315 1.5926378 2.3295241 1.6691086 1.4805068 1.5972136 1.6909032 1.3332747 1.5434031 1.2517613 1.2935896 1.4222398 1.5722482 2.4281362 1.6029640 1.6909628 1.6931797 1.9666855 1.8812297 1.9839226 1.6956031 1.5640374 1.5264604 1.4922087 1.1878767 1.6395459 1.5515119 1.5408761 1.5167106 1.5324831 1.4680890 1.6301660 1.5599251 1.8457865 1.3222526 2.3938565 1.2790455 2.0096825 1.4098982 1.6836105 1.9472385 1.8859765 2.1219405 2.0602234 2.1048073 2.2429392 1.7904408 2.6797619 2.0899010 2.3191947 2.0396942 2.4016483 2.2455000 2.2455000 3.1807279 
Adig_XM_015920862.1                                    1.5969830 1.4714444 0.0000000 0.0323257 0.3775067 0.4167484 0.0000010 0.3942801 0.4259959 1.5550650 1.2299097 1.4472968 1.3342570 1.1564784 1.9921654 2.0551644 1.3172485 1.7140898 1.7140898 1.5102459 1.5102459 1.8631303 1.9440343 1.8736040 2.0497285 2.0983307 2.8278820 1.8505042 0.0000010 1.9000948 2.4846699 1.8441918 9.0000000 1.9076477 2.1816371 1.7661337 1.7022278 1.9843835 2.2962298 2.4634061 2.1114231 3.8552298 2.0622655 2.0032133 3.3937852 2.0258238 5.0212769 2.0258238 1.9197754 2.8190398 2.1266908 2.5565066 2.1406654 2.6159118 2.0931712 2.1599517 2.4472735 2.2058488 1.6185633 1.9746850 1.6314430 1.6323128 1.6323128 1.5053607 1.5383838 1.5580366 1.6651629 1.5053607 1.5958268 0.0000010 1.6205567 2.1359560 1.8131448 2.0823524 3.0250627 2.8093149 2.9394706 2.5270139 2.4116792 2.8418753 0.0000010 2.8830859 2.7949707 2.7148271 3.3642000 2.8404226 2.4582410 2.4582410 4.3003731 
Amil_Amillepora03539-RA                                1.3574355 1.1968129 0.0323257 0.0000000 0.3168847 0.3697168 0.2458802 0.4191199 0.3764683 0.9446291 0.9381196 1.1743534 1.0178764 0.9648669 1.2369614 1.2433483 1.0905866 1.6265181 1.6265181 1.2344924 1.2344924 1.4110630 1.4810969 1.3039782 1.3649767 1.4824776 1.8888225 1.4047049 1.0754768 1.6538140 1.4835955 1.3687851 1.1945207 1.3399862 1.7606534 1.5323458 1.6181961 1.5583154 1.6891666 1.6583424 1.7592828 1.4241603 1.6328245 1.3793162 1.6050576 1.7557035 2.0182195 2.6465740 1.5755779 1.8315555 1.7962615 1.8933552 1.7923908 1.9814664 1.9132392 1.7148770 1.7748216 1.4902597 1.5442813 1.4334560 1.4833447 1.4592158 1.4555734 1.4024457 1.4161935 1.5359153 1.4722447 1.6501630 1.4104129 2.2752336 1.4341458 1.9761193 1.4787836 1.7113575 1.9511417 2.0825567 2.1625215 2.0065572 1.9605852 2.2070485 1.6362607 2.8179465 2.0432331 2.5248072 1.9293518 2.6385483 2.1213016 2.1213016 2.6138408 
Fspp_ffun1.m4.9262.m1                                  1.2923075 1.0966191 0.3775067 0.3168847 0.0000000 0.1758426 0.1596661 0.2613603 0.2678985 0.8765293 0.8054920 1.0424965 1.1295306 1.0873207 1.1228226 1.0392934 1.1331349 1.4660127 1.4660127 1.1639891 1.1639891 1.4156476 1.1558920 0.9771083 1.1420446 1.2115951 1.8107558 1.5056649 0.9412864 1.9768536 1.5167128 1.3657582 1.5302921 1.2663694 1.7650286 1.5410496 0.8354753 1.6754287 1.7409850 1.6415965 1.9160272 1.8797720 1.8008542 1.4498639 1.5976637 1.7316827 1.1279869 2.5889287 1.6606434 2.0700459 1.8611467 1.8232941 1.9104753 1.9023314 2.0832560 1.8120117 1.8011241 1.5775401 1.4895848 1.4415794 1.5587032 1.5934205 1.5987890 1.6376089 1.5902121 1.7414822 1.7145624 2.0174866 1.3088491 2.4686128 1.4416607 1.6302074 1.3629961 1.7175221 1.9817272 2.2431191 2.3484814 2.1433925 2.3132598 2.3101371 1.9790613 1.8511940 2.0790359 1.7992334 2.0835624 2.1429735 2.2773071 2.2773071 4.7868028 
Gasp_gasp1.m3.932.m1                                   1.3257489 1.1722081 0.4167484 0.3697168 0.1758426 0.0000000 0.2416540 0.2844128 0.2449035 0.9564729 0.9608304 1.1038003 1.1175962 1.0840837 1.3127020 1.1992452 1.1676403 1.4982243 1.4982243 1.2010738 1.2010738 1.4088791 1.3175626 1.1854207 1.2461695 1.2977064 1.7439006 1.4475806 0.9083241 1.5615303 1.5064647 1.4382939 1.4956427 1.3487677 1.6163759 1.5450292 1.2878976 1.6811924 1.6598590 1.6744381 1.8214996 1.2292968 1.6473480 1.4449309 1.6179883 1.7303310 2.3760698 2.6074459 1.7199585 1.6918955 1.7591313 1.9508512 1.7983376 1.8538228 1.9885231 1.7950532 1.8416321 1.5505532 1.4799222 1.5448787 1.4840267 1.3707071 1.4306056 1.4567685 1.4135537 1.4429205 1.4602843 1.6609610 1.2994833 2.4490639 1.5575586 1.8947513 1.4642139 1.6772414 1.9409072 2.1675017 2.2737533 2.2301688 2.0880117 2.2836917 1.6707702 2.6977332 1.9553255 2.1771597 1.9799049 2.6497757 2.1209307 2.1209307 3.2290133 
Gfas_gfas1.m1.3390.m1                                  1.2406140 0.9510388 0.0000010 0.2458802 0.1596661 0.2416540 0.0000000 0.2962708 0.2635879 0.5604688 0.6822305 0.8394632 0.8010835 0.8867064 0.7209624 0.7503593 0.8197901 1.4183770 1.4183770 0.8500908 0.8500908 1.1515571 1.0287390 0.7587539 0.9189548 1.0508927 1.1989197 1.2510315 1.0641025 1.6828559 1.0538098 1.0241140 1.1862139 1.0472838 1.6451816 1.4712377 0.0000010 1.2888188 1.2988745 1.1748989 1.4792266 1.0500853 1.2616865 1.0964126 1.2219117 1.3501793 1.4713301 5.0759810 1.4763393 1.6804889 1.5719791 1.4476606 1.5360317 1.5835746 1.7228986 1.3774054 1.3597922 1.1910569 1.3417445 1.2306255 1.3575167 1.2582631 1.2496554 1.2781898 1.2215954 1.4327257 1.2869918 1.7863355 1.1245407 2.1032134 1.2980412 0.0000010 1.2422870 1.4265964 1.4284298 1.6806263 1.6921265 1.5464464 1.6297292 1.6760214 1.6186052 1.0713472 1.4896145 0.3528964 1.4975362 0.0000010 1.8912835 1.8912835 2.4847462 
Spis_XP_022807732_1                                    1.2669328 1.1387783 0.3942801 0.4191199 0.2613603 0.2844128 0.2962708 0.0000000 0.0580883 0.9622635 0.9022269 1.0565354 1.0497384 1.0869790 1.2158437 1.2661924 1.2075636 1.3234931 1.3234931 1.0926367 1.0926367 1.4215724 1.4068007 1.1615136 1.2934293 1.3081004 1.7928401 1.3811836 1.2470049 1.7235413 1.3668895 1.3383734 1.2857894 1.3343725 1.8157342 1.5630353 1.6003656 1.5625695 1.5789488 1.6811324 1.6290199 1.2155235 1.4823730 1.3981488 1.2760542 1.5122515 1.5258217 2.5449690 1.6601482 1.7943292 1.6307336 1.8494936 1.7849439 1.8018804 1.9109492 1.8521736 1.6584136 1.5442910 1.4738630 1.4673831 1.4477371 1.4037984 1.3950520 1.4066126 1.3718036 1.5014059 1.4788649 1.6853848 1.2937222 2.1930176 1.4798777 1.8989558 1.3985716 1.7747905 1.8837896 1.9585721 2.3130404 2.1226045 1.9156412 2.0179086 1.6178394 2.8134727 2.0256752 2.4912197 1.8936792 2.4480080 2.1438406 2.1438406 3.3794378 
Pocdam_XM_027203111.1                                  1.1769485 1.0660151 0.4259959 0.3764683 0.2678985 0.2449035 0.2635879 0.0580883 0.0000000 0.9920852 0.9211666 1.1298317 1.0924946 1.0145299 1.3616790 1.3390402 1.1822206 1.2139840 1.2139840 1.1639806 1.1639806 1.4905289 1.4208405 1.4070294 1.4119616 1.4570802 1.5869803 1.2427564 0.3553740 1.5697896 1.4593390 1.2970249 1.0118635 1.2716584 1.6442980 1.3478974 1.5656076 1.5695705 1.6648748 1.7575882 1.6009360 0.8382269 1.4655844 1.3615582 1.0240979 1.5256326 6.7129039 2.3504189 1.5887380 1.5058967 1.4455099 1.9577973 1.6964164 1.8812320 1.8694789 1.8544813 1.7332689 1.6129910 1.3687352 1.5553446 1.4193189 1.5113194 1.5113194 1.4712002 1.4680311 1.4983265 1.5658017 1.4712002 1.1731386 1.4815612 1.2811707 1.8976937 1.2678840 1.7488639 1.9639766 1.9615289 2.1163299 2.0391178 1.8577360 2.0004885 0.9871292 2.9032424 1.9882046 2.5729797 1.7574008 2.3200978 1.8174391 1.8174391 3.2961905 
Exapal_XM_021057005.1                                  1.2927093 1.2608221 1.5550650 0.9446291 0.8765293 0.9564729 0.5604688 0.9622635 0.9920852 0.0000000 0.6921014 0.9791175 0.9912383 0.9650589 1.0917513 0.9990443 1.1302178 1.5257381 1.5257381 1.2847123 1.2847123 1.4259970 1.4319527 1.2962346 1.3332247 1.3447253 1.5155333 1.3461117 1.3562866 1.7856628 1.4758852 1.3828607 1.2780460 1.3054167 1.7895419 1.5580373 1.7068889 1.5010869 1.5559213 1.4969783 1.7729229 1.4221173 1.5244265 1.5262510 1.4264654 1.5645916 1.9153553 2.5303558 1.5082343 1.7198724 1.6475492 1.6759063 1.7424256 1.6137385 1.7386946 1.7042386 1.6108751 1.5021267 1.5916591 1.2622920 1.5504617 1.5419225 1.5341687 1.6117085 1.5058665 1.6310211 1.6220661 1.8879767 1.2065253 2.5497957 1.5029157 2.1081699 1.4170086 1.6827456 1.9425724 1.6361474 2.0716304 2.1682405 2.1371055 2.1634770 1.5944708 2.7842206 2.0420593 2.3375241 2.0103809 2.6832334 2.1064665 2.1064665 3.6224831 
Nvec_v1g204972                                         1.3065859 1.2721324 1.2299097 0.9381196 0.8054920 0.9608304 0.6822305 0.9022269 0.9211666 0.6921014 0.0000000 1.0462625 1.0754698 0.9084867 1.0730151 1.1007917 1.4060543 1.3815869 1.3815869 1.2307672 1.2307672 1.2853086 1.3890826 1.2526869 1.2727248 1.3736698 1.6377157 1.3093999 1.4228760 1.9291125 1.6122262 1.3071556 1.1966855 1.3313223 1.7127312 1.6400071 1.8101363 1.3805834 1.5668448 1.3529609 1.8296538 1.3453818 1.5616006 1.4819407 1.3708367 1.4636781 1.6154629 2.3901937 1.5426956 1.6106727 1.6111633 1.7245158 1.8391028 1.7233585 1.6915773 1.6120890 1.4451881 1.6053955 1.4725917 1.3259360 1.5837850 1.4965190 1.4974568 1.5591532 1.4860959 1.6058568 1.5960614 1.8844601 1.2352976 2.8415594 1.5317497 2.0701497 1.3345403 1.7706911 1.8306320 1.6484838 2.4405256 2.2070617 2.0787179 2.1873475 1.5224414 3.0890985 2.1846946 2.6018938 2.0381529 3.0941758 2.1782338 2.1782338 3.1140644 
Bralan_BLAG03000974_1                                  1.0021572 0.9204650 1.4472968 1.1743534 1.0424965 1.1038003 0.8394632 1.0565354 1.1298317 0.9791175 1.0462625 0.0000000 0.6197513 0.7253442 1.0660360 1.0582918 0.9545439 1.2024759 1.2024759 1.0395326 1.0395326 1.1828874 1.2916356 1.2694659 1.2557039 1.2742896 1.7614385 1.3019120 0.8765508 1.6216973 1.4698556 1.3871233 1.1855980 1.4313004 1.6142480 1.7327836 1.8308442 1.3991065 1.4948162 1.4170878 1.5860716 1.2387387 1.4947570 1.3044804 1.2834775 1.4008228 1.4852888 2.4211796 1.5283612 1.3552394 1.5944488 1.7938260 1.6488680 1.7283891 1.6220995 1.4086998 1.4812890 1.5143817 1.3144367 1.3828859 1.4012537 1.3861922 1.4049922 1.3910061 1.3608917 1.4903991 1.4228214 1.6515755 1.3004927 2.3907862 1.4306593 2.2732627 1.3262095 1.5274352 1.7075773 1.5284628 2.2893662 2.1706888 2.0823004 2.2559568 1.5280409 3.5716561 2.1935336 3.1614194 2.1267936 2.8397542 2.0766374 2.0766374 3.5383762 
Skow_XM_002734899.2                                    1.1142379 0.8931026 1.3342570 1.0178764 1.1295306 1.1175962 0.8010835 1.0497384 1.0924946 0.9912383 1.0754698 0.6197513 0.0000000 0.6909469 1.1392581 1.1573513 0.9843612 1.2631746 1.2631746 1.1773304 1.1773304 1.2778586 1.3136795 1.2066107 1.2902044 1.3329092 1.5653632 1.2212698 0.7408272 1.4836152 1.4098861 1.4273926 1.1862027 1.3950096 1.7531812 1.6050006 1.6297108 1.3876969 1.5327033 1.5230214 1.6612637 1.1329690 1.5426199 1.4458521 1.2326658 1.3690733 1.6463768 2.3346482 1.4764014 1.5479610 1.5547929 1.6719524 1.6962944 1.6978501 1.6869596 1.5729263 1.4487533 1.5924327 1.2122144 1.4735507 1.4798800 1.3962150 1.3989400 1.5014477 1.3353629 1.4570131 1.4771912 1.8126984 1.2686948 2.6323936 1.3156829 2.1973619 1.4015295 1.6395792 1.7775264 1.6056153 2.4875316 2.1707295 2.2916445 2.3844336 1.6060255 3.4606354 2.2911564 3.1400046 2.0839640 3.2202468 2.1857289 2.1857289 3.2316682 
Spur_XM_030985730.1                                    1.0342837 1.0810840 1.1564784 0.9648669 1.0873207 1.0840837 0.8867064 1.0869790 1.0145299 0.9650589 0.9084867 0.7253442 0.6909469 0.0000000 1.1348556 1.1102307 1.0349955 1.2982635 1.2982635 1.1473001 1.1473001 1.1560484 1.1335879 1.0746138 1.2457018 1.2918381 1.5941135 1.2391632 0.8553818 1.5731174 1.5234579 1.3651972 1.0614020 1.4054677 1.9134027 1.7038588 1.6306506 1.2310328 1.5921061 1.5139415 1.6165433 1.1353954 1.5853726 1.3062052 1.3354397 1.5246782 1.9777069 2.5648783 1.6228517 1.4978758 1.6042045 1.7490336 1.7206917 1.8936441 1.6425145 1.5930602 1.3976097 1.5698959 1.4099023 1.2919888 1.3543296 1.3955888 1.3966188 1.3851719 1.3514902 1.4751289 1.4362999 1.6553071 1.2542162 2.2310516 1.2940022 1.9513445 1.3346105 1.5460344 1.8775842 1.8723221 2.1092324 1.9777541 1.9661572 2.1351555 1.4651190 2.4751958 2.0171793 2.4191615 2.0191653 2.7936023 2.0906469 2.0906469 3.2162253 
Dgig_XM_028547472.1                                    1.2912837 1.2720873 1.9921654 1.2369614 1.1228226 1.3127020 0.7209624 1.2158437 1.3616790 1.0917513 1.0730151 1.0660360 1.1392581 1.1348556 0.0000000 0.4248515 1.4256846 1.2682976 1.2682976 1.2302011 1.2302011 1.2219535 1.5226021 1.3318856 1.4233442 1.4983494 1.9151753 1.2579094 1.1565559 2.0559326 1.3376264 1.3214389 1.1657564 1.3655942 1.6942690 1.6001533 1.7242383 1.7044356 1.6267899 1.4161794 1.7558621 1.1510566 1.5591151 1.5644405 1.1725717 1.3833111 1.6980581 2.4323411 1.9222499 1.7977161 1.6716909 1.7255533 1.4439973 1.6254967 1.9962217 1.8204693 1.6753159 1.5882762 1.6342269 1.4339796 1.6295305 1.5344652 1.4735739 1.5592551 1.4918985 1.6234515 1.5886054 1.8379994 1.4731677 2.1282620 1.6745262 2.6820167 1.6321083 1.7830766 1.8063525 1.7983775 2.2255447 2.1242789 2.0700033 2.1977443 1.5616212 3.0521407 2.0294075 2.5902768 1.9706109 2.9247675 2.1565421 2.1565421 3.5241531 
Xesp_006020-T1                                         1.2532448 1.3368249 2.0551644 1.2433483 1.0392934 1.1992452 0.7503593 1.2661924 1.3390402 0.9990443 1.1007917 1.0582918 1.1573513 1.1102307 0.4248515 0.0000000 1.3576164 1.2620229 1.2620229 1.1942642 1.1942642 1.2175134 1.4273158 1.2629307 1.2942763 1.3541053 1.6997134 1.0810048 1.1235072 1.8733608 1.4294541 1.2733539 1.1599448 1.2601262 1.7359432 1.5655129 1.7458592 1.6480763 1.6555547 1.6135715 1.7780421 1.2528874 1.5920340 1.6697175 1.3706336 1.4930064 2.0975722 2.4146201 1.7419328 1.7227875 1.6414182 1.7343075 1.5723322 1.5856755 1.9247993 1.7384293 1.7519325 1.6220418 1.6428140 1.4424376 1.6046094 1.5609595 1.5150862 1.5814033 1.5118574 1.6065273 1.6705867 1.8930025 1.5285793 1.9105760 1.6248268 2.8494241 1.6357579 1.6717003 1.8662460 1.8124832 2.2596997 2.1569761 2.2957365 2.4320983 1.6321562 3.1643527 2.1623423 2.7288535 2.1200269 2.9592970 2.1508850 2.1508850 3.8365943 
Cgig_XM_011446980.3                                    1.2250718 0.9987335 1.3172485 1.0905866 1.1331349 1.1676403 0.8197901 1.2075636 1.1822206 1.1302178 1.4060543 0.9545439 0.9843612 1.0349955 1.4256846 1.3576164 0.0000000 1.4929744 1.4929744 1.2662799 1.2662799 1.4865429 1.7753563 1.5999387 1.6031427 1.5892186 1.6811599 1.2284775 0.9781927 1.8273716 1.4765317 1.5392414 1.1502897 1.5491245 1.8442075 1.6758004 2.1603061 1.5479763 1.5807447 1.5200530 1.7084363 1.2737841 1.6713137 1.4888425 1.5690452 1.6270439 2.2759763 2.3631753 1.4665978 1.6310704 1.6035695 1.9666477 1.6845143 1.8092282 1.8729102 1.8574482 1.5576084 1.5383674 1.3255628 1.4378313 1.3521260 1.4717637 1.4781975 1.5318159 1.4156873 1.5315564 1.4690399 1.7819301 1.4671707 1.8892680 1.3787470 2.3334634 1.3989141 1.6101380 1.8223517 1.8007703 2.1072634 2.0928171 1.8942130 2.0767189 1.5645836 2.9786775 1.9866875 2.7926554 1.8917455 1.9906916 2.0750206 2.0750206 3.5366570 
Ocar_g2668                                             1.3441110 1.4586339 1.7140898 1.6265181 1.4660127 1.4982243 1.4183770 1.3234931 1.2139840 1.5257381 1.3815869 1.2024759 1.2631746 1.2982635 1.2682976 1.2620229 1.4929744 0.0000000 0.0000010 0.8444731 0.8444731 1.2370461 1.2541390 1.1832166 1.1827807 1.2890605 1.7011019 1.3872114 1.3641730 1.9370410 1.7923993 1.8760565 1.8322636 1.8109075 2.0770077 1.7879131 2.0246958 1.7773799 1.8104697 1.7739013 1.8362458 1.4855260 1.8243585 1.6485342 1.5525887 1.5361929 2.1056042 2.3425908 1.7759652 1.7354007 1.7461857 1.8120851 1.7348180 1.7458147 2.0217130 1.9402343 1.5970197 1.7327899 1.6426574 1.5403211 1.4155625 1.5708627 1.5747158 1.6488098 1.5856929 1.6937062 1.6223735 1.9008098 1.5680549 2.8220594 1.8691728 2.4503014 1.7574381 1.9258171 1.8145727 1.9398737 2.6273580 2.3780920 2.4991833 2.6720000 2.0403799 3.4229527 2.5819970 3.1452069 2.5694533 2.5819440 2.6397208 2.6397208 3.3491078 
Opea_EP00118_Oscarella_pearsei_P026124                 1.3441110 1.4586339 1.7140898 1.6265181 1.4660127 1.4982243 1.4183770 1.3234931 1.2139840 1.5257381 1.3815869 1.2024759 1.2631746 1.2982635 1.2682976 1.2620229 1.4929744 0.0000010 0.0000000 0.8444731 0.8444731 1.2370461 1.2541390 1.1832166 1.1827807 1.2890605 1.7011019 1.3872114 1.3641730 1.9370410 1.7923993 1.8760565 1.8322636 1.8109075 2.0770077 1.7879131 2.0246958 1.7773799 1.8104697 1.7739013 1.8362458 1.4855260 1.8243585 1.6485342 1.5525887 1.5361929 2.1056042 2.3425908 1.7759652 1.7354007 1.7461857 1.8120851 1.7348180 1.7458147 2.0217130 1.9402343 1.5970197 1.7327899 1.6426574 1.5403211 1.4155625 1.5708627 1.5747158 1.6488098 1.5856929 1.6937062 1.6223735 1.9008098 1.5680549 2.8220594 1.8691728 2.4503014 1.7574381 1.9258171 1.8145727 1.9398737 2.6273580 2.3780920 2.4991833 2.6720000 2.0403799 3.4229527 2.5819970 3.1452069 2.5694533 2.5819440 2.6397208 2.6397208 3.3491078 
Plajan_Pjan_scaffold14241_01                           1.2751569 1.2541161 1.5102459 1.2344924 1.1639891 1.2010738 0.8500908 1.0926367 1.1639806 1.2847123 1.2307672 1.0395326 1.1773304 1.1473001 1.2302011 1.1942642 1.2662799 0.8444731 0.8444731 0.0000000 0.0000010 1.3670018 1.2837867 1.2093053 1.2039497 1.2168758 1.7814454 1.2888386 0.9379235 1.6628170 1.5802652 1.4230402 1.2443144 1.5616186 1.6971616 1.9957565 2.1368997 1.4408287 1.4254672 1.6282485 1.6490211 1.1530164 1.6403479 1.5857539 1.1919651 1.5177681 1.7857886 2.6247690 1.5867207 1.6949454 1.5913785 1.5879688 1.6319183 1.4826348 1.7939617 1.6014420 1.5312355 1.5831716 1.6765854 1.4336964 1.4484568 1.5096700 1.4944583 1.4734395 1.5120693 1.6250298 1.5395658 1.7767354 1.2913045 2.1224893 1.5013795 2.6659542 1.5852301 1.6837139 1.8987161 1.7210435 2.1147413 1.9927002 1.9823625 2.2221713 1.4868385 3.7127799 1.9424592 3.1449744 1.9121958 2.5476685 2.2410378 2.2410378 2.9610335 
Plajan_Pjan_scaffold14240_01                           1.2751569 1.2541161 1.5102459 1.2344924 1.1639891 1.2010738 0.8500908 1.0926367 1.1639806 1.2847123 1.2307672 1.0395326 1.1773304 1.1473001 1.2302011 1.1942642 1.2662799 0.8444731 0.8444731 0.0000010 0.0000000 1.3670018 1.2837867 1.2093053 1.2039497 1.2168758 1.7814454 1.2888386 0.9379235 1.6628170 1.5802652 1.4230402 1.2443144 1.5616186 1.6971616 1.9957565 2.1368997 1.4408287 1.4254672 1.6282485 1.6490211 1.1530164 1.6403479 1.5857539 1.1919651 1.5177681 1.7857886 2.6247690 1.5867207 1.6949454 1.5913785 1.5879688 1.6319183 1.4826348 1.7939617 1.6014420 1.5312355 1.5831716 1.6765854 1.4336964 1.4484568 1.5096700 1.4944583 1.4734395 1.5120693 1.6250298 1.5395658 1.7767354 1.2913045 2.1224893 1.5013795 2.6659542 1.5852301 1.6837139 1.8987161 1.7210435 2.1147413 1.9927002 1.9823625 2.2221713 1.4868385 3.7127799 1.9424592 3.1449744 1.9121958 2.5476685 2.2410378 2.2410378 2.9610335 
Clacor_Ccor_scaffold14989_01                           1.3913829 1.3760946 1.8631303 1.4110630 1.4156476 1.4088791 1.1515571 1.4215724 1.4905289 1.4259970 1.2853086 1.1828874 1.2778586 1.1560484 1.2219535 1.2175134 1.4865429 1.2370461 1.2370461 1.3670018 1.3670018 0.0000000 0.7269723 0.6792421 0.7664812 0.7566068 2.1250962 1.5072106 1.0684006 2.1119389 1.6303813 1.7619832 1.2873650 1.5657173 1.9915742 1.6118849 2.1377811 1.5821375 1.6758576 1.6817318 1.7902685 1.4319218 1.6752724 1.4346613 1.3941181 1.6810705 2.0267807 2.9839190 1.5759583 1.6594384 1.5820145 1.9646292 1.7327274 1.7611011 1.8026871 1.7571381 1.5922163 1.6813835 1.6683823 1.6632262 1.4891939 1.5350601 1.5126646 1.5223937 1.4410208 1.4409198 1.5235291 1.7177374 1.8878187 3.7287687 1.7959076 2.5303548 1.5834740 1.8862257 1.9146162 1.8773096 2.0034545 2.2657092 2.4402648 2.3651321 1.7887069 2.4408536 2.1798242 2.2434927 2.3037874 2.3651646 2.4790127 2.4790127 3.2610599 
Leuniv_Lniv_C793568_01                                 1.5341626 1.5253957 1.9440343 1.4810969 1.1558920 1.3175626 1.0287390 1.4068007 1.4208405 1.4319527 1.3890826 1.2916356 1.3136795 1.1335879 1.5226021 1.4273158 1.7753563 1.2541390 1.2541390 1.2837867 1.2837867 0.7269723 0.0000000 0.3556871 0.3825689 0.4247968 1.9813935 1.4990843 0.8941695 1.4398936 1.7499220 2.0470222 1.4612236 1.8447913 2.1261696 1.7813488 2.5974274 1.8295003 2.0626469 2.0406717 1.8181268 1.0182251 1.5916036 1.7227251 1.6497620 1.8379737 3.9579451 2.9226239 1.8567634 1.7719777 1.7303114 1.8421370 1.7596924 1.9029504 1.8989047 1.7835914 1.7369057 1.8419861 1.7480133 1.7392657 1.6560785 1.4968381 1.4968381 1.4947354 1.4469955 1.4756150 1.5772386 1.4947354 1.8392515 2.9783133 1.7410807 2.9709894 1.8577160 1.9707815 2.0986473 2.0788904 2.2807669 2.2575575 2.4839673 2.4458705 1.9102220 2.4887502 2.2854718 2.1396823 2.5341484 2.5028147 1.9371863 1.9371863 3.3172235 
Lcom_lcpid86816                                        1.3903081 1.4640028 1.8736040 1.3039782 0.9771083 1.1854207 0.7587539 1.1615136 1.4070294 1.2962346 1.2526869 1.2694659 1.2066107 1.0746138 1.3318856 1.2629307 1.5999387 1.1832166 1.1832166 1.2093053 1.2093053 0.6792421 0.3556871 0.0000000 0.4125234 0.4378855 2.0889630 1.5507931 0.8367999 1.6984053 1.5816268 1.7858356 1.2616704 1.6377452 2.1186263 1.5189221 2.5828407 1.6345022 1.7101187 1.7486534 1.5425958 1.1890317 1.5107810 1.3859669 1.2367274 1.6567318 1.8268136 3.1303267 1.5848615 1.6751675 1.5464419 1.7412050 1.6408039 1.7776284 1.6873588 1.6389417 1.6996777 1.7443046 1.5653307 1.5360052 1.4025054 1.4701445 1.4681328 1.4852812 1.4490154 1.5286825 1.5185282 1.6942878 1.9093447 2.8548952 1.7518529 2.6509432 1.7170889 1.8157187 1.8319772 1.8358429 2.2288965 2.2519986 2.5939547 2.4506521 1.7659643 2.1298895 2.3190190 2.1910355 2.4291681 2.7862293 2.4928386 2.4928386 3.6217714 
Scil_scict010253.1                                     1.4212822 1.3294410 2.0497285 1.3649767 1.1420446 1.2461695 0.9189548 1.2934293 1.4119616 1.3332247 1.2727248 1.2557039 1.2902044 1.2457018 1.4233442 1.2942763 1.6031427 1.1827807 1.1827807 1.2039497 1.2039497 0.7664812 0.3825689 0.4125234 0.0000000 0.3810168 2.0075710 1.5313634 1.0823295 1.7837393 1.7627512 1.7160351 1.3411152 1.6453787 2.1120514 1.6790554 2.7097314 1.7134451 1.9233960 1.9375846 1.7845695 1.1737102 1.6015826 1.3808477 1.3477832 1.7813380 1.9570722 3.2426665 1.8456746 1.6769790 1.6515744 1.8031518 1.7329702 1.8604441 1.7974842 1.7703755 1.5985283 1.5576085 1.6602188 1.6518045 1.4602979 1.5470222 1.5733034 1.5990999 1.5361766 1.6194402 1.5977558 1.7934056 1.6972510 2.6967821 1.6331333 2.7495158 1.6371204 1.7500455 1.7960612 1.8766151 2.2241872 2.1863605 2.4281681 2.3232344 1.8216331 2.1496261 2.1364540 2.0467895 2.3027571 2.7186351 2.2041254 2.2041254 3.0080747 
Gracom_Gcom_scaffold18241_01                           1.4752318 1.4260696 2.0983307 1.4824776 1.2115951 1.2977064 1.0508927 1.3081004 1.4570802 1.3447253 1.3736698 1.2742896 1.3329092 1.2918381 1.4983494 1.3541053 1.5892186 1.2890605 1.2890605 1.2168758 1.2168758 0.7566068 0.4247968 0.4378855 0.3810168 0.0000000 1.8336233 1.6301882 0.9254248 1.8439639 1.7734044 1.9675900 1.4756218 1.8662366 2.0949292 1.7945151 2.5370194 1.8239681 1.8967726 2.0013588 1.8343217 1.2556579 1.6841751 1.6139641 1.4650612 1.8873462 2.0136490 3.3147122 1.8990529 1.7711212 1.6845031 1.9442784 1.8357447 1.9107460 1.8621433 1.7905862 1.6834752 1.6994132 1.6832937 1.7373339 1.3247710 1.4823816 1.5650404 1.5393544 1.5042605 1.5658129 1.5409689 1.6964034 1.8154915 2.8536591 1.8472766 2.8147932 1.7772859 1.9739631 1.9914453 2.0991362 2.3109646 2.3279629 2.4786752 2.6271779 2.0004096 2.9349598 2.4353488 2.2700370 2.6892585 2.7632963 2.3544996 2.3544996 3.4008329 
Emue_Em0013g843a.t1                                    1.7014732 1.7205859 2.8278820 1.8888225 1.8107558 1.7439006 1.1989197 1.7928401 1.5869803 1.5155333 1.6377157 1.7614385 1.5653632 1.5941135 1.9151753 1.6997134 1.6811599 1.7011019 1.7011019 1.7814454 1.7814454 2.1250962 1.9813935 2.0889630 2.0075710 1.8336233 0.0000000 0.4516155 0.4029826 1.2179092 1.6211296 2.5235610 1.8421667 2.0450991 2.5956037 2.3333026 3.5295457 2.6573847 2.5369280 2.6628365 2.3863477 1.4037325 2.1909967 2.3570883 2.9240391 2.9405034 8.0277684 3.9001636 2.4267701 2.7305891 2.0753228 2.5900764 1.7048774 1.9600668 2.6941358 2.6551176 2.4521862 2.3537549 2.0703535 2.4476377 2.4021080 2.0624188 2.0624188 2.1227949 2.0284865 2.0702120 2.1503660 2.1227949 2.1856910 1.9651805 1.8329285 4.0180486 2.0255577 2.1983872 2.9414311 2.8778368 2.9708231 2.9530467 2.9224982 2.8785316 2.2532457 3.3256224 2.8885599 3.1057094 2.8910799 3.2043802 2.8385505 2.8385505 5.0802682 
Spolac_c98439_g2_i1_m.17189c98439-g2                   1.2876922 1.3879798 1.8505042 1.4047049 1.5056649 1.4475806 1.2510315 1.3811836 1.2427564 1.3461117 1.3093999 1.3019120 1.2212698 1.2391632 1.2579094 1.0810048 1.2284775 1.3872114 1.3872114 1.2888386 1.2888386 1.5072106 1.4990843 1.5507931 1.5313634 1.6301882 0.4516155 0.0000000 0.7150127 1.1849458 1.1060458 1.5938413 1.3927356 1.5198325 2.0470321 1.7208630 2.1180594 1.7279107 1.8089777 1.7255890 1.7626673 1.0119243 1.7100237 1.6546339 1.5522110 1.7544795 2.1385980 2.8182400 1.7587152 1.5677429 1.6328788 1.6774111 1.1553004 1.2707765 1.9731336 1.9914637 1.6489288 1.7065874 1.5570710 1.4924780 1.5175610 1.4325739 1.4196038 1.5294244 1.4471814 1.5558696 1.5039379 1.7725127 1.4724930 2.3097840 1.5845964 2.6331370 1.5827079 1.7090146 1.9279517 1.9092631 2.3227009 2.2671052 2.1103744 2.2550318 1.8090694 3.0598837 2.2310390 2.6648609 2.2588143 2.3932928 2.4091730 2.4091730 3.2977597 
Stycar_maker-SC_scaffold65303-augustus-gene-0.2-mRNA-1 1.3847968 1.5713182 0.0000010 1.0754768 0.9412864 0.9083241 1.0641025 1.2470049 0.3553740 1.3562866 1.4228760 0.8765508 0.7408272 0.8553818 1.1565559 1.1235072 0.9781927 1.3641730 1.3641730 0.9379235 0.9379235 1.0684006 0.8941695 0.8367999 1.0823295 0.9254248 0.4029826 0.7150127 0.0000000 0.0312569 0.5523900 1.8572789 1.6700950 1.1977677 2.5632084 2.0911336 0.0000010 1.1250038 1.2801730 1.4374770 1.5338640 0.9586303 1.2243913 1.3187058 1.3526292 1.3526292 1.6240665 6.6597950 1.5437307 1.6906834 1.9178485 1.1958304 1.1056154 1.1117115 1.8142681 1.4732628 1.4726901 1.1837058 1.4652806 1.3053021 1.8620897 1.4001042 1.4001042 1.3961857 1.3412854 1.4116354 1.4957781 1.3961857 2.5259111 1.8091959 1.8091959 0.0000010 1.4807595 1.4171628 1.4508847 1.9190937 3.3343794 2.4719254 3.4104071 2.7509821 3.4097954 0.0000010 2.7448947 0.0000010 2.8070798 0.0000010 2.2027784 2.2027784 5.4470929 
Stycar_maker-SC_scaffold107782-snap-gene-0.9-mRNA-1    1.8528738 1.9421776 1.9000948 1.6538140 1.9768536 1.5615303 1.6828559 1.7235413 1.5697896 1.7856628 1.9291125 1.6216973 1.4836152 1.5731174 2.0559326 1.8733608 1.8273716 1.9370410 1.9370410 1.6628170 1.6628170 2.1119389 1.4398936 1.6984053 1.7837393 1.8439639 1.2179092 1.1849458 0.0312569 0.0000000 1.2633119 2.1331402 1.8914696 1.8848512 2.4132214 2.2350065 1.2968181 1.9334830 2.2596894 2.2445745 2.4971196 0.8794475 2.3441051 2.0719173 1.6260342 2.2845761 3.7666957 5.0672922 2.3804623 2.4074129 2.5269655 1.9279831 1.8515251 1.8881788 2.3497894 2.3750095 2.2433379 2.2404105 2.0703521 2.1609036 2.3209410 2.0074143 2.0095529 2.1162691 2.0598714 2.1208058 2.1996430 2.3181362 1.8885450 1.8881185 2.3056593 3.4982255 1.9873452 2.3878105 2.4263090 2.7686762 3.5562674 3.2702479 3.5675049 3.1515130 3.1908761 3.2038611 3.4094879 2.3267348 3.4722498 3.4399895 3.0880371 3.0880371 3.9802987 
Tetwil_g23897.t1                                       1.4696253 1.7133720 2.4846699 1.4835955 1.5167128 1.5064647 1.0538098 1.3668895 1.4593390 1.4758852 1.6122262 1.4698556 1.4098861 1.5234579 1.3376264 1.4294541 1.4765317 1.7923993 1.7923993 1.5802652 1.5802652 1.6303813 1.7499220 1.5816268 1.7627512 1.7734044 1.6211296 1.1060458 0.5523900 1.2633119 0.0000000 1.7773340 1.4417763 1.5105836 2.4968276 1.8816569 2.4881429 1.8669213 2.0353915 1.7305475 2.0813825 1.1844319 1.8646204 1.7650567 1.5492447 1.9778615 2.0839605 3.4813521 1.9813456 1.9851225 1.9221820 1.6430393 1.1353897 1.3778209 2.1448847 2.1891454 1.9778245 2.0325359 1.6690323 1.5744138 1.7272874 1.6267440 1.5455928 1.5552220 1.5130690 1.6484716 1.6561135 1.9125608 1.7749317 2.0804375 1.8960801 4.2666842 1.8072964 1.8478916 2.1554272 2.0048579 2.0643106 2.1974073 2.3012923 2.0975017 1.7588815 5.9838435 2.0906967 3.9426686 1.8370128 2.8870207 2.4521220 2.4521220 3.4657138 
Rhoesc_Res_016083-T1                                   1.4457110 1.4337411 1.8441918 1.3687851 1.3657582 1.4382939 1.0241140 1.3383734 1.2970249 1.3828607 1.3071556 1.3871233 1.4273926 1.3651972 1.3214389 1.2733539 1.5392414 1.8760565 1.8760565 1.4230402 1.4230402 1.7619832 2.0470222 1.7858356 1.7160351 1.9675900 2.5235610 1.5938413 1.8572789 2.1331402 1.7773340 0.0000000 0.2669414 0.4792048 1.5099950 1.3277745 1.0007227 1.5916649 1.7081717 1.6301566 1.7740230 1.1776293 1.7883736 1.4201912 1.3344778 1.5964539 1.8469660 2.5849506 1.7184841 1.8967534 1.6455780 1.9301013 2.0475974 2.1792578 1.8098323 1.8915612 1.6767186 1.8024225 1.6110474 1.7963014 1.7321488 1.6062511 1.5828500 1.6563481 1.5785899 1.6899345 1.6219629 2.0128256 1.5896334 2.0188408 1.7511959 2.4541739 1.7229994 1.9104047 1.9464353 1.9148660 2.5272017 2.4329960 2.2369459 2.2617480 1.5741483 3.5259377 2.2806978 3.5396427 2.0503498 4.0662318 2.5233380 2.5233380 3.6802542 
Nemnom_g19644.t1                                       1.3219694 1.2135876 9.0000000 1.1945207 1.5302921 1.4956427 1.1862139 1.2857894 1.0118635 1.2780460 1.1966855 1.1855980 1.1862027 1.0614020 1.1657564 1.1599448 1.1502897 1.8322636 1.8322636 1.2443144 1.2443144 1.2873650 1.4612236 1.2616704 1.3411152 1.4756218 1.8421667 1.3927356 1.6700950 1.8914696 1.4417763 0.2669414 0.0000000 0.5874961 1.4519003 1.3585933 0.0000010 1.2840287 1.0848000 1.1077830 1.5939477 1.2371070 1.5237920 1.3182296 1.1751763 1.1892596 1.4646518 4.4645629 1.3337576 1.9427629 1.3836616 1.6052609 1.8702557 2.0820031 1.6529562 1.6688472 1.5255102 1.5103115 1.4868734 1.4681000 1.5521726 1.2518235 1.1968790 1.2983832 1.2491288 1.4385237 1.2822478 1.9964316 1.3281067 1.7051621 1.5530971 5.8088995 1.4728719 1.6629000 1.2872469 1.6039797 2.1659074 2.0517140 1.9660772 1.7790022 1.6591438 0.7382635 1.6728928 0.3528964 1.6482281 1.8372112 2.1649869 2.1649869 3.8852573 
Aaur_scaffold72.g12.t1                                 1.5302097 1.5531049 1.9076477 1.3399862 1.2663694 1.3487677 1.0472838 1.3343725 1.2716584 1.3054167 1.3313223 1.4313004 1.3950096 1.4054677 1.3655942 1.2601262 1.5491245 1.8109075 1.8109075 1.5616186 1.5616186 1.5657173 1.8447913 1.6377452 1.6453787 1.8662366 2.0450991 1.5198325 1.1977677 1.8848512 1.5105836 0.4792048 0.5874961 0.0000000 1.4160072 1.2797580 1.0365693 1.5913215 1.7022803 1.6601785 1.7942560 1.1453505 1.7677045 1.3786370 1.5301730 1.7488038 2.0592852 2.7721348 1.7411645 1.7233828 1.7556043 2.1142498 2.0182074 2.1962924 1.8792253 1.9199164 1.7502947 1.6113244 1.7584936 1.6721825 1.6891048 1.7577788 1.7388637 1.7604340 1.7062316 1.8157425 1.7588276 2.1185549 1.5620966 2.3860322 1.7696426 2.6267338 1.6149532 1.8111009 1.9306283 2.1863969 2.6738622 2.6858568 2.4875040 2.2624170 1.8699121 3.2787054 2.5050560 3.2370333 2.3460361 4.0895739 2.6510423 2.6510423 3.2502790 
Hvul_g27937_1                                          1.9179199 1.7870315 2.1816371 1.7606534 1.7650286 1.6163759 1.6451816 1.8157342 1.6442980 1.7895419 1.7127312 1.6142480 1.7531812 1.9134027 1.6942690 1.7359432 1.8442075 2.0770077 2.0770077 1.6971616 1.6971616 1.9915742 2.1261696 2.1186263 2.1120514 2.0949292 2.5956037 2.0470321 2.5632084 2.4132214 2.4968276 1.5099950 1.4519003 1.4160072 0.0000000 1.0301726 1.4313686 2.1040449 1.9970394 2.1058374 2.2058690 1.5922590 2.3307185 2.0423782 1.8272075 1.9884679 3.8579140 3.0561748 2.0520693 2.0197138 1.9733990 2.2936835 2.5129539 2.6788345 2.6258043 2.4782370 2.2968837 2.3045729 1.8403186 1.9664738 2.1189343 1.8462060 1.8462060 1.9432391 1.9031510 1.8971943 1.9480019 1.9432391 1.8503784 3.2681797 2.0131640 3.0609364 2.0306169 1.9589149 2.3792621 2.5689329 2.6581271 2.5401611 2.4967796 2.8066696 2.2712014 3.8677661 2.6870296 3.4167411 2.6261519 3.4036383 2.3174562 2.3174562 5.2508909 
Chem_TCONS_00017695                                    1.6040099 1.5926378 1.7661337 1.5323458 1.5410496 1.5450292 1.4712377 1.5630353 1.3478974 1.5580373 1.6400071 1.7327836 1.6050006 1.7038588 1.6001533 1.5655129 1.6758004 1.7879131 1.7879131 1.9957565 1.9957565 1.6118849 1.7813488 1.5189221 1.6790554 1.7945151 2.3333026 1.7208630 2.0911336 2.2350065 1.8816569 1.3277745 1.3585933 1.2797580 1.0301726 0.0000000 0.8729328 1.8503449 2.0059023 2.0988001 1.8485934 1.2766544 1.8492453 1.7876329 1.8108198 1.8311599 2.6807182 2.5910987 1.7857131 1.9014683 1.7585188 2.3027504 1.9762213 2.3579932 2.0181685 2.2517624 2.0683712 1.8927500 1.8351004 1.5052112 1.7019116 1.4942928 1.5109339 1.5865194 1.5491821 1.6155353 1.5553055 1.8052659 1.8133682 2.4108914 1.9516945 2.3695024 1.7897164 1.9528355 1.8155182 2.3909589 2.6553185 2.5527471 2.6236470 2.5231054 1.8389964 3.2416282 2.7409624 2.9682273 2.5378445 3.0953944 2.7382573 2.7382573 4.0166293 
Morvir_scaffold775.g3.t1                               1.7579547 2.3295241 1.7022278 1.6181961 0.8354753 1.2878976 0.0000010 1.6003656 1.5656076 1.7068889 1.8101363 1.8308442 1.6297108 1.6306506 1.7242383 1.7458592 2.1603061 2.0246958 2.0246958 2.1368997 2.1368997 2.1377811 2.5974274 2.5828407 2.7097314 2.5370194 3.5295457 2.1180594 0.0000010 1.2968181 2.4881429 1.0007227 0.0000010 1.0365693 1.4313686 0.8729328 0.0000000 2.6516417 2.9947747 2.8029809 2.1739952 3.4852086 2.2857333 2.8490308 5.1938793 2.1560717 8.8183615 2.1560717 2.3924137 1.7382005 2.1282384 3.4634285 2.7275705 2.4170401 2.9731264 3.0252736 3.0315800 2.5502606 1.7955814 2.0077887 1.8575667 1.8009090 1.8009090 1.8556955 1.5300897 1.5343390 1.6952442 1.8556955 1.8786631 0.0000010 2.6131535 2.6146342 1.8741205 2.1598920 2.8398233 3.2432731 3.6505886 3.3929383 3.0862427 3.9829070 0.0000010 3.8094618 4.0791839 3.4634968 4.8221554 3.7667404 3.3473336 3.3473336 5.4304406 
Codhol_EP00042_Codosiga_hollandica_P036188             1.3884349 1.6691086 1.9843835 1.5583154 1.6754287 1.6811924 1.2888188 1.5625695 1.5695705 1.5010869 1.3805834 1.3991065 1.3876969 1.2310328 1.7044356 1.6480763 1.5479763 1.7773799 1.7773799 1.4408287 1.4408287 1.5821375 1.8295003 1.6345022 1.7134451 1.8239681 2.6573847 1.7279107 1.1250038 1.9334830 1.8669213 1.5916649 1.2840287 1.5913215 2.1040449 1.8503449 2.6516417 0.0000000 1.2745793 1.4498847 1.4856640 0.9215853 1.5470021 1.0980368 1.1980401 1.2918152 2.0887450 1.9422885 1.1926489 1.3746128 1.4735009 2.3238596 2.2949536 2.4333393 1.6891747 1.5978507 1.6733691 1.5235459 1.6305879 1.3328530 1.4756521 1.7492173 1.7210663 1.7189011 1.6616432 1.8214455 1.7487765 2.1179979 1.9703576 2.8237618 1.7895085 2.8277947 1.8606780 1.8839933 1.5965966 1.7796379 2.5420580 2.5374378 2.4460252 2.5283807 1.8792702 2.9356720 2.3491930 2.7572923 2.3283002 2.7395329 2.8516967 2.8516967 2.9061384 
Microa_EP00043_Microstomoeca_roanoka_P001082           1.5556305 1.4805068 2.2962298 1.6891666 1.7409850 1.6598590 1.2988745 1.5789488 1.6648748 1.5559213 1.5668448 1.4948162 1.5327033 1.5921061 1.6267899 1.6555547 1.5807447 1.8104697 1.8104697 1.4254672 1.4254672 1.6758576 2.0626469 1.7101187 1.9233960 1.8967726 2.5369280 1.8089777 1.2801730 2.2596894 2.0353915 1.7081717 1.0848000 1.7022803 1.9970394 2.0059023 2.9947747 1.2745793 0.0000000 0.5641383 1.2316880 0.7604232 1.0408570 1.1703569 0.8164182 1.0116976 1.1348179 1.8332901 1.4067620 1.3675277 1.6398178 1.9900612 1.9831205 2.0853683 1.7215129 1.4733053 1.6292297 1.5788639 1.3934246 1.6264733 1.7785530 1.7858550 1.7637434 1.7729211 1.7382964 1.8492997 1.8292862 2.0875082 1.7914539 3.1455457 2.0078413 2.5987037 1.9535853 2.0931529 1.6490949 1.3563067 2.3676695 2.3116157 2.2755848 2.4137992 1.7928790 3.6509638 2.1556416 3.1895813 2.0115561 2.9237261 2.4064371 2.4064371 3.7283233 
Sros_EGD76316                                          1.5312903 1.5972136 2.4634061 1.6583424 1.6415965 1.6744381 1.1748989 1.6811324 1.7575882 1.4969783 1.3529609 1.4170878 1.5230214 1.5139415 1.4161794 1.6135715 1.5200530 1.7739013 1.7739013 1.6282485 1.6282485 1.6817318 2.0406717 1.7486534 1.9375846 2.0013588 2.6628365 1.7255890 1.4374770 2.2445745 1.7305475 1.6301566 1.1077830 1.6601785 2.1058374 2.0988001 2.8029809 1.4498847 0.5641383 0.0000000 1.2700469 0.8651484 1.0848831 1.1046526 0.8785663 1.0681098 1.1168559 2.0197371 1.3068122 1.3162327 1.5018617 2.0412880 2.1022333 2.1242960 1.7450843 1.5232877 1.5383055 1.5185426 1.3805965 1.3725144 1.6199452 1.5550796 1.5392483 1.6185234 1.5040219 1.5990326 1.6121002 2.0195402 1.7780256 2.4945916 1.9243610 2.6863638 1.8207316 1.7466610 1.8420069 1.3067320 2.2920379 2.2876418 2.1805000 2.1098412 1.7657894 3.6328275 1.9782501 3.2809653 1.6815003 2.8433318 2.3594774 2.3594774 3.2147567 
Choper_EP00045_Choanoeca_perplexa_P014078              1.7623141 1.6909032 2.1114231 1.7592828 1.9160272 1.8214996 1.4792266 1.6290199 1.6009360 1.7729229 1.8296538 1.5860716 1.6612637 1.6165433 1.7558621 1.7780421 1.7084363 1.8362458 1.8362458 1.6490211 1.6490211 1.7902685 1.8181268 1.5425958 1.7845695 1.8343217 2.3863477 1.7626673 1.5338640 2.4971196 2.0813825 1.7740230 1.5939477 1.7942560 2.2058690 1.8485934 2.1739952 1.4856640 1.2316880 1.2700469 0.0000000 0.3341877 0.4683539 1.3381629 1.0170467 1.2260116 1.8572445 2.2815772 1.3338963 0.9716935 1.5344071 2.2991867 2.2755403 2.1556014 1.7870540 1.7016607 1.5499122 1.6038532 1.7276663 1.6467429 1.6924457 1.9456503 1.9673837 1.9895340 1.8842834 2.0122963 1.9321951 2.2715323 2.3087257 3.1010363 2.1441335 2.6753322 2.0823192 1.8306438 1.5912127 1.4267169 2.6804681 2.6365859 2.4686448 2.5672751 2.0897272 2.9035660 2.3876512 2.7231990 2.1077669 2.5795247 2.6218283 2.6218283 3.6516198 
Chofle_EP00730_Choanoeca_flexa_P016834                 1.3105836 1.3332747 3.8552298 1.4241603 1.8797720 1.2292968 1.0500853 1.2155235 0.8382269 1.4221173 1.3453818 1.2387387 1.1329690 1.1353954 1.1510566 1.2528874 1.2737841 1.4855260 1.4855260 1.1530164 1.1530164 1.4319218 1.0182251 1.1890317 1.1737102 1.2556579 1.4037325 1.0119243 0.9586303 0.8794475 1.1844319 1.1776293 1.2371070 1.1453505 1.5922590 1.2766544 3.4852086 0.9215853 0.7604232 0.8651484 0.3341877 0.0000000 0.1405978 0.8839879 0.6971391 0.7826588 8.1293762 4.7828657 1.1932658 0.8031267 1.2412779 1.5359787 1.3288069 1.3036787 1.2273883 1.0533688 1.0187824 1.0522204 1.0986706 1.1610128 1.4834472 1.3632274 1.3632274 1.3629202 1.4024113 1.4024113 1.3959431 1.3629202 1.6566964 2.5947549 1.6263818 5.1980339 1.6499234 1.3842972 1.3275118 1.2875551 2.2017095 1.9039699 2.1043345 1.7363125 1.8318212 3.6661865 1.6910338 1.5614870 1.5697387 4.8667234 1.7729320 1.7729320 2.3752902 
