92
Emue_Em0001g86a.t1                                     0.0000000 0.1708863 0.2494775 0.5262321 0.7068708 0.8091053 1.0345582 1.0458149 0.9982222 1.0261879 0.7921561 1.1710135 0.8148972 1.9459086 1.3479804 1.3841022 1.0854574 1.0854574 1.1403679 1.4594077 1.3150479 1.3780828 1.3468336 1.4316026 1.3653788 1.3276133 1.4447722 1.6386839 1.1653399 1.6336922 1.3186954 1.3760105 1.3714067 1.4839644 1.5312566 2.0090808 1.6245652 1.7231019 1.6486412 1.5998293 2.2138381 1.2854652 1.3023750 1.0416225 1.8337083 1.5141386 1.5330204 1.5031949 1.7299958 1.7850522 1.6266326 1.8783149 1.1275324 1.8281325 1.3633847 1.5906759 1.4797750 1.6819183 1.4896966 1.6084142 1.6999017 1.9197111 2.0029659 2.8777737 1.7373585 1.7108297 2.3937562 1.7424508 1.7963753 1.5696732 2.5221536 1.6211437 2.0613566 2.1237597 2.1258567 1.8643102 2.3424548 2.0838259 1.8324507 1.5595680 1.7617273 2.3817306 1.8646092 1.9205912 2.2270810 2.0844354 2.2729833 1.9159093 1.6901031 3.4228668 1.9050335 3.5232835 
Spolac_c102886_g1_i3_m.31469c102886-g1                 0.1708863 0.0000000 0.0509974 3.1486123 0.4089611 0.5336625 0.7843649 0.7857718 0.7737936 0.7330351 0.7249447 0.8233071 0.8130021 1.6427214 1.0074897 0.9903975 0.8390243 0.8390243 0.8390243 1.0257199 0.8973064 0.9392083 0.9392083 0.9651942 0.9532256 0.9367959 0.9677010 1.2948635 0.9748444 1.1351838 1.0788604 1.1442179 1.1656344 1.0780900 1.3572321 1.7623255 1.3319457 1.4012694 1.3550410 1.1423864 1.6450425 1.0192546 1.1669619 0.7904980 1.6127263 1.1326897 1.0739004 1.1419358 1.5601095 1.6818701 1.5127207 2.0707650 1.2786047 2.1267111 1.5871465 1.2959523 1.3840272 1.5390843 1.3205491 1.6617743 1.4509078 1.5354853 1.6271884 3.0545913 1.3593724 1.4854254 2.8241982 1.6545405 1.6812673 1.4744999 2.8186898 1.4160759 1.6500103 2.2738545 2.2738545 1.8305403 2.5786394 2.1402003 1.5439424 1.5117840 1.6134022 2.1673187 1.7024888 1.4929038 2.0446927 1.9368707 1.9310858 1.3477603 0.9413361 2.6779331 2.1655984 2.6000992 
Spolac_c102886_g1_i1_m.31467c102886-g1                 0.2494775 0.0509974 0.0000000 0.0201325 0.6689563 0.8450966 1.0275717 1.0480857 1.0522919 1.0220154 0.7846198 1.2019533 0.8545720 2.2522054 1.3616280 1.3641183 1.1284827 1.1284827 1.1870260 1.5245929 1.3512031 1.4057262 1.3737015 1.4020951 1.3857804 1.3298478 1.5112709 1.9028952 1.2205024 1.7087197 1.3828336 1.5087885 1.4910906 1.6328989 1.7356226 2.2092900 1.6989314 1.7630076 1.6608546 1.6448752 2.3384517 1.3793575 1.4755557 1.0603803 2.0301053 1.6566606 1.6420410 1.6994799 1.8988211 1.8963889 1.6078224 1.9447899 1.2371501 1.9727149 1.4781201 1.7640425 1.6244169 1.7480008 1.6806053 1.6978740 1.9028116 2.1013062 1.8477095 2.6337860 1.6423770 1.6079501 2.4379181 1.7464407 1.8981600 1.6612818 2.6230361 1.5406252 1.9286022 2.2586991 2.2774919 1.8247230 2.2655385 2.0227283 1.8085942 1.5750375 1.8619268 2.4787590 2.0085070 2.0148907 2.2388953 2.1113549 2.4154547 2.0063891 1.6359613 4.1692264 2.1447858 3.5895592 
Spolac_c102886_g1_i2_m.31468c102886-g1                 0.5262321 3.1486123 0.0201325 0.0000000 1.5705249 1.9516488 1.8903481 1.8804856 1.7733935 1.9665176 2.4784811 2.3721556 0.0000010 2.8499962 2.8263629 2.8554362 2.5802301 2.5802301 2.8513661 3.2344540 3.2482319 3.5079440 3.2299893 3.1195653 3.0980725 2.9632626 8.9999990 3.9875681 2.2551169 4.5964179 2.8001613 2.7201584 2.5586380 3.6014391 3.2431751 4.1725673 3.2215939 3.2288176 2.9327959 4.3384062 6.0389925 2.7884696 2.9138716 1.8796433 3.3816825 4.0173704 3.8768900 4.2841213 4.5053881 3.4360313 2.5675424 2.1880258 2.1880258 2.1880258 6.8626287 4.7636016 2.8140063 3.6215134 3.5049136 2.6907649 3.9820493 5.5435110 3.0128561 3.0128561 3.0601324 2.4954423 2.8846037 2.7326180 3.2706351 3.0511096 3.2182950 2.5694337 3.1169338 3.0442018 3.4335178 2.5308034 2.5308034 2.5308034 3.4156873 2.3371768 3.4695123 3.9054857 3.1923924 3.1076284 3.1908143 2.9607366 4.6585824 6.5941408 3.1723346 8.9999984 1.4762844 6.2270404 
Stycar_maker-SC_scaffold7568-snap-gene-0.9-mRNA-1      0.7068708 0.4089611 0.6689563 1.5705249 0.0000000 0.7462987 1.1968863 1.1517017 1.1624868 1.1868131 0.7308876 1.2777759 1.0278971 2.1820140 1.2890654 1.5032749 1.0128900 1.0128900 1.0724521 1.4451792 1.3287739 1.3488129 1.3087077 1.4149501 1.3806442 1.3124438 1.4224830 2.0158221 1.3088066 1.6206583 1.4570679 1.6278397 1.5458460 1.5274702 1.8402207 2.4829317 1.5505904 1.6694569 1.5706439 1.6226225 2.2570103 1.1835350 1.2071636 1.0087128 2.1110710 1.6502165 1.7329739 1.6865781 1.8329556 1.7951629 1.5115890 2.1070911 1.3195302 2.0477419 1.4757188 1.7104437 1.6468560 1.6573503 1.7568948 1.6368067 1.8309322 2.0905177 2.0128630 2.4914470 1.7119752 1.7002901 2.4172223 1.7051394 1.8724036 1.7580330 2.4618972 1.6187880 1.9785193 2.3899747 2.3798544 1.8246583 2.3339169 2.1084631 1.8007079 1.3969600 1.7249035 2.3471236 2.0046619 2.2019503 2.1606009 2.1782528 2.4412590 1.8640265 1.7039772 3.6158459 2.1544837 3.7283178 
Tetwil_g4091.t2                                        0.8091053 0.5336625 0.8450966 1.9516488 0.7462987 0.0000000 1.2295357 1.2798168 1.3276905 1.2395891 0.9131988 1.2518604 0.9903170 2.2576748 1.2265213 1.4864420 1.1456604 1.1456604 1.2215777 1.3974921 1.3083893 1.3319672 1.3180611 1.3907808 1.3914664 1.3330597 1.6361314 2.1336366 1.3886069 1.5849596 1.3883211 1.4488713 1.4353936 1.4762430 1.6237532 2.3049565 1.6990460 1.6095593 1.8270360 1.4493870 1.9782543 1.3005974 1.3155542 1.2288717 1.9018582 1.4888621 1.5278006 1.5517158 1.9694847 1.9541996 1.7317430 1.8473380 1.1966921 1.8775703 1.2775976 1.5959580 1.6293042 1.6865986 1.5861951 1.4055787 1.7675544 1.9282472 2.1460787 2.8781609 1.7743015 1.7636321 2.5829847 1.8330986 1.8670451 1.7014532 2.9905094 1.7049431 2.0652290 2.6152523 2.6858379 1.8262122 2.3150191 2.0709174 1.8159284 1.5771901 1.9732123 2.4123900 2.1283285 2.0899528 2.0371710 2.0133807 2.3669838 2.1108378 1.8355159 4.0095208 2.2716679 4.2160575 
Spis_XP_022797480_1                                    1.0345582 0.7843649 1.0275717 1.8903481 1.1968863 1.2295357 0.0000000 0.0790733 0.2173355 0.2398848 0.3057136 0.8350871 0.7295572 1.1659064 1.0374825 1.0764465 0.9920800 0.9920800 1.0072333 1.0126567 0.9957097 0.9848007 0.9735007 1.0962035 1.0155260 0.9885157 1.1071334 0.9174465 1.1630103 1.2001523 1.2103568 1.3461441 1.3104925 1.3111939 1.4942214 1.8395629 1.4370203 1.2416323 1.3916094 1.3934612 1.7899007 1.6175746 1.5279492 1.4223953 2.0047989 1.4130334 1.5746344 1.5330127 1.9496101 2.0175037 1.4536927 1.9499358 1.1776366 1.5362592 1.3855248 1.5918362 1.5280434 1.5396705 1.6146568 1.4187114 1.7779437 1.7770572 2.0612904 2.5477332 1.8790897 1.8785389 2.4923937 1.8954958 1.8309708 1.8307703 2.3603002 1.7407307 2.1223415 2.3084262 2.3672884 2.0661312 2.5037450 2.2981697 1.9350914 1.5654939 1.7158524 1.7448962 1.6202175 1.6091653 1.9573546 1.8762419 2.4779270 2.0771777 1.6144442 3.7872019 1.7717384 3.9762187 
Pocdam_XM_027179961.1                                  1.0458149 0.7857718 1.0480857 1.8804856 1.1517017 1.2798168 0.0790733 0.0000000 0.2073264 0.2416235 0.2693391 0.7984242 0.7448948 1.1244129 0.9923730 1.0580478 0.9261122 0.9261122 0.9420251 0.9825091 0.9606455 0.9578149 0.9361592 1.0600657 1.0137756 0.9866884 1.0878675 0.9376027 1.0868215 1.2266808 1.1574158 1.2739562 1.2472450 1.2268562 1.4087853 1.8537111 1.3681724 1.2194970 1.3291901 1.3756329 1.6462765 1.5713119 1.4477746 1.4460395 1.7486182 1.2933571 1.3955822 1.3644605 2.0158617 1.9581525 1.5546236 1.9822017 1.1958527 1.6133471 1.3496623 1.5981230 1.5212658 1.5736986 1.6818684 1.3965795 1.6891618 1.7482810 1.9170384 2.3337036 1.7754732 1.7581104 2.1448525 1.7352494 1.7413259 1.7252999 2.0907219 1.6280979 1.9580743 2.2631588 2.3157499 1.9321599 2.2994415 2.1233276 1.8105991 1.5039613 1.6549078 1.6560605 1.5477934 1.5144163 1.8216455 1.7161432 2.3484000 1.9780731 1.4832390 3.7324816 1.8249982 4.0404869 
Gasp_gasp1.m3.13797.m1                                 0.9982222 0.7737936 1.0522919 1.7733935 1.1624868 1.3276905 0.2173355 0.2073264 0.0000000 0.1587160 0.2652052 0.9011662 0.7682608 1.1161470 1.0853507 1.1408553 1.0926624 1.0926624 1.1329909 1.1123562 1.0689373 1.0541710 1.0578936 1.1812798 1.1257192 1.1012376 0.9288831 0.9920879 1.2307074 1.3384114 1.1821713 1.3060397 1.2589861 1.1578378 1.6297332 2.1447093 1.3391835 1.3470042 1.3815261 1.3389100 1.8121443 1.6697869 1.5669553 1.4327735 2.0123971 1.6061716 1.7091564 1.6911538 2.1538386 2.1614403 1.6013958 1.9097200 1.1540618 1.5605985 1.3986079 1.6340779 1.5427642 1.8269552 1.7120860 1.3885504 1.9239670 1.8455094 1.9887292 2.4104158 1.7987474 1.7291950 2.2787954 1.8103404 1.8448786 1.7455740 2.1353009 1.7085100 1.9735632 2.2583033 2.3013827 1.9869630 2.3577202 2.1705642 1.9319004 1.6428100 1.8393190 1.9807094 1.7073557 1.9160410 2.0141774 2.0297265 2.6027638 1.8985056 1.7436010 3.5399702 1.8622453 4.4053517 
Fspp_ffun1.m4.8171.m1                                  1.0261879 0.7330351 1.0220154 1.9665176 1.1868131 1.2395891 0.2398848 0.2416235 0.1587160 0.0000000 0.2630258 0.8243230 0.7075881 1.1927819 1.0253996 1.0813101 1.1096908 1.1096908 1.1419120 1.1163480 1.0958730 1.0992931 1.0873092 1.1687845 1.1354823 1.1113035 0.9682015 0.9318585 1.1995141 1.2344523 1.2384307 1.3623360 1.3024399 1.2297693 1.6108862 2.1045799 1.3041346 1.2364240 1.3593275 1.3176017 1.7630284 1.5696360 1.5610105 1.4283371 1.8602630 1.4308737 1.6128860 1.6037255 2.0376069 1.9436574 1.6080578 1.9128002 1.1893990 1.5549326 1.5104082 1.6933151 1.5630710 1.6682585 1.6509032 1.4299814 1.8891044 1.9599146 1.8973558 2.3860349 1.7210940 1.6533395 2.2212000 1.7654990 1.8702714 1.6630170 2.1966918 1.6782891 1.9259420 2.1249548 2.2380700 1.8897480 2.2371787 2.0693432 1.9008117 1.5607106 1.8392943 1.9931598 1.7792100 2.0116436 1.9212891 1.9423228 2.6014586 1.8942861 1.6839686 3.6311703 1.7826167 4.1561092 
Gfas_gfas1.m1.18324.m1                                 0.7921561 0.7249447 0.7846198 2.4784811 0.7308876 0.9131988 0.3057136 0.2693391 0.2652052 0.2630258 0.0000000 0.7486479 0.7584180 1.2656951 0.8383634 0.9904805 0.8578201 0.8578201 0.8578201 1.0781786 1.0132958 0.9796522 0.9922671 1.0693257 0.9766127 0.8778817 0.6959365 0.9308206 0.9336532 0.8704204 1.0610724 1.1979625 1.1759673 0.9449606 1.2884812 1.5163977 1.0690939 1.1442049 1.1722916 1.1869305 1.4214049 1.2535919 1.2401714 1.0972022 1.5221020 1.2474201 1.2607010 1.1862488 1.7863219 1.8412287 1.2166722 2.0203379 1.2596641 1.7769764 1.4975259 1.2756763 1.2691810 1.4262357 1.3875531 1.2243309 1.3559481 1.5618233 1.6718805 2.1177294 1.5433529 1.6343395 1.8572166 1.6164806 1.5586081 1.4873191 1.9557518 1.5024224 1.6874414 1.9926213 1.9450356 1.7963593 2.1342806 1.9321702 1.5388312 1.4104380 1.4037825 1.6756466 1.5473152 1.5921286 1.9468224 1.8355280 2.1052888 1.4943920 1.2638051 2.6541728 1.7653937 3.6389223 
Exapal_XM_021048473.2                                  1.1710135 0.8233071 1.2019533 2.3721556 1.2777759 1.2518604 0.8350871 0.7984242 0.9011662 0.8243230 0.7486479 0.0000000 0.4666241 0.6651135 0.9449894 1.0086392 1.0923651 1.0923651 1.1124796 1.2665985 1.1658657 1.2919749 1.2608483 1.2328197 1.3077812 1.3508830 1.3798473 1.4342876 1.1862456 1.2870878 1.3332231 1.4604318 1.3934463 1.4025403 1.4491255 1.7584568 1.3794146 1.4777557 1.5453700 1.6504068 1.9580630 1.6614232 1.6929557 1.5642936 2.3240251 1.8806797 1.8451519 1.9772717 2.1803259 2.0238497 1.7892782 2.2813710 1.5058423 1.8426975 2.0346868 1.7336950 1.8201812 1.9060412 1.9143394 1.8056932 1.9595748 2.0872371 1.9520162 2.2044720 1.7225608 1.6805755 2.0702482 1.8421653 1.9729186 1.7095276 2.1384697 1.9210970 1.9757452 2.1682151 2.3529407 1.9703486 2.1934180 2.1381811 1.9658358 1.5500032 1.8744802 2.0537329 1.8728095 2.2450950 2.1794678 2.1516449 2.7193160 2.4356433 1.5228286 4.0854289 2.3259877 4.0638332 
Nvec_v1g143460                                         0.8148972 0.8130021 0.8545720 0.0000010 1.0278971 0.9903170 0.7295572 0.7448948 0.7682608 0.7075881 0.7584180 0.4666241 0.0000000 5.6965261 1.0702778 1.0839349 1.0018999 1.0018999 1.0018999 1.0890830 0.9780457 0.9984019 0.9984019 1.0397262 1.1135025 1.1135025 1.1957037 1.0991936 1.1982341 1.0788222 1.2908856 1.2194192 1.2188948 1.2294871 1.5544454 1.7172726 1.3464524 1.5340291 1.5482103 1.5431583 1.7028322 1.2650365 1.2985017 1.1219743 3.7609106 1.6683278 1.5426799 1.7249425 2.1778186 2.1864118 1.7553996 3.4170615 1.8264156 3.0981215 1.5685888 1.2904893 1.8984410 1.7278095 1.4877199 1.7970931 1.7855816 1.5818647 2.2893089 4.4035335 1.7851318 2.1334322 3.4447044 1.9602858 1.8662569 1.7591735 3.3763126 1.7956894 2.1026987 2.4522998 2.4522998 2.2688566 3.2668931 2.8331638 1.8106109 1.6769756 1.7494295 2.0125891 1.9498619 3.2877161 2.8971769 2.9325773 2.6096946 1.7649869 0.9925464 2.2912377 2.4759105 3.1556839 
Nvec_v1g13439                                          1.9459086 1.6427214 2.2522054 2.8499962 2.1820140 2.2576748 1.1659064 1.1244129 1.1161470 1.1927819 1.2656951 0.6651135 5.6965261 0.0000000 1.3854676 1.4668111 1.7072574 1.7072574 1.8088499 1.5844365 1.6705737 1.7152946 1.6565157 1.8435045 1.6482045 1.7205252 2.0432836 2.0009214 1.8027188 1.8530505 1.5238188 1.6222740 1.5467716 1.6454739 1.8822775 2.2854209 1.8132560 1.8125934 1.9435803 1.7164490 2.4491712 2.1062498 2.2376291 2.1410777 1.9441083 2.1501922 2.1060907 2.3043751 2.8717892 2.5595889 2.7110390 1.6375723 1.6375723 1.6375723 8.2761704 2.2566081 2.1429721 2.4451128 2.6476636 2.1384504 2.1724016 2.6544159 2.0780921 2.0780921 2.1491838 1.8757768 1.9746013 1.8509860 2.4336280 2.0306575 2.0033633 2.0137915 1.9518575 2.1125074 2.6040567 2.0474038 2.0474038 2.0474038 2.4364574 1.7913407 2.4453830 2.1670995 2.3756483 2.0498448 1.8544759 1.7825616 2.6842235 3.3677498 2.0016823 7.9125198 2.2858767 6.6974541 
Dgig_XM_028542535.1                                    1.3479804 1.0074897 1.3616280 2.8263629 1.2890654 1.2265213 1.0374825 0.9923730 1.0853507 1.0253996 0.8383634 0.9449894 1.0702778 1.3854676 0.0000000 0.4457700 1.2303553 1.2303553 1.3065019 1.1809290 1.1939357 1.2135620 1.1966680 1.3092060 1.3569387 1.3138953 1.4646655 1.6093666 1.4106037 1.3567839 1.1808980 1.3343069 1.3011913 1.3590864 1.5676349 1.9011585 1.3384856 1.3640516 1.4287805 1.5043930 1.6104892 1.6039068 1.6129809 1.4859866 2.1853309 1.8031200 1.6243179 1.7619508 1.8653062 1.9277028 1.6347742 1.6743204 1.0778711 1.4143754 1.5185095 1.5063529 1.6287900 1.7533294 1.7154477 1.5013084 1.9805335 2.0202684 1.9819086 2.4169105 1.9363426 1.7893292 2.3046362 1.9284073 2.0797694 1.8357575 2.4209072 1.8410135 2.0418244 2.2240124 2.3809391 2.0066018 2.3451915 2.1826005 1.9747812 1.6352251 1.7761467 1.8486635 1.6966179 2.1264410 2.0958404 1.9516614 2.5581789 1.9932351 1.5983366 3.2425117 2.1820795 4.2493631 
Xesp_003583-T1                                         1.3841022 0.9903975 1.3641183 2.8554362 1.5032749 1.4864420 1.0764465 1.0580478 1.1408553 1.0813101 0.9904805 1.0086392 1.0839349 1.4668111 0.4457700 0.0000000 1.4355218 1.4355218 1.4675136 1.3136635 1.2353585 1.2606222 1.2548551 1.3170404 1.2602203 1.2185782 1.6613753 2.0141247 1.4890168 1.5741477 1.1902371 1.4297453 1.3988937 1.4875462 1.3697304 1.8239551 1.5833952 1.4856765 1.4658214 1.6185411 1.9606094 1.7181384 1.6762731 1.4049997 2.1498432 1.8837270 1.9817398 2.0096532 1.9491545 1.9559900 1.7352007 1.7420408 1.0779074 1.4947291 1.5007589 1.7401639 1.6676360 1.9087395 1.8711037 1.5286526 2.0477364 2.0854248 2.0425885 2.4580639 1.8753369 1.7574844 2.0239919 1.8270964 2.1037139 1.8366381 2.1466621 1.8481915 2.1199841 2.2555451 2.4750063 2.0291507 2.3404639 2.1908342 1.9064712 1.6341225 1.7768748 1.7243629 1.7975405 2.1994699 2.1311062 2.1029212 2.7696717 2.4581646 1.8024748 4.0440534 2.2723631 4.9630027 
Plajan_Pjan_scaffold13967_01                           1.0854574 0.8390243 1.1284827 2.5802301 1.0128900 1.1456604 0.9920800 0.9261122 1.0926624 1.1096908 0.8578201 1.0923651 1.0018999 1.7072574 1.2303553 1.4355218 0.0000000 0.0000010 0.0000010 1.3027600 1.1243995 1.1390172 1.1208570 1.1894840 1.1955629 1.1664473 1.5140904 1.8921775 0.9093024 1.4550729 1.4066765 1.3573406 1.3081839 1.2829405 1.3545006 2.1295318 1.5770418 1.4490770 1.3649461 1.7010915 1.9339859 1.5042755 1.5474472 1.3352042 1.9892453 1.5069391 1.4501093 1.5645548 2.0199242 2.0895485 1.7935569 1.9812760 1.2437177 1.4923036 1.6115060 1.5421217 1.5674995 1.8875116 1.6626775 1.8717133 1.6664652 1.9419286 1.6493729 1.8603565 1.3934135 1.5556046 1.7610319 1.5182907 1.5729836 1.4507644 1.7478034 1.4573988 1.5885232 2.0022827 2.0318125 2.0015000 2.3691500 2.2265309 1.6661990 1.4145746 1.8222233 1.8138016 1.8225158 1.6382089 2.2009835 2.1254019 2.5841568 1.9687114 1.4942408 2.9687415 2.5334245 3.2909452 
Plajan_Pjan_scaffold13964_01                           1.0854574 0.8390243 1.1284827 2.5802301 1.0128900 1.1456604 0.9920800 0.9261122 1.0926624 1.1096908 0.8578201 1.0923651 1.0018999 1.7072574 1.2303553 1.4355218 0.0000010 0.0000000 0.0000010 1.3027600 1.1243995 1.1390172 1.1208570 1.1894840 1.1955629 1.1664473 1.5140904 1.8921775 0.9093024 1.4550729 1.4066765 1.3573406 1.3081839 1.2829405 1.3545006 2.1295318 1.5770418 1.4490770 1.3649461 1.7010915 1.9339859 1.5042755 1.5474472 1.3352042 1.9892453 1.5069391 1.4501093 1.5645548 2.0199242 2.0895485 1.7935569 1.9812760 1.2437177 1.4923036 1.6115060 1.5421217 1.5674995 1.8875116 1.6626775 1.8717133 1.6664652 1.9419286 1.6493729 1.8603565 1.3934135 1.5556046 1.7610319 1.5182907 1.5729836 1.4507644 1.7478034 1.4573988 1.5885232 2.0022827 2.0318125 2.0015000 2.3691500 2.2265309 1.6661990 1.4145746 1.8222233 1.8138016 1.8225158 1.6382089 2.2009835 2.1254019 2.5841568 1.9687114 1.4942408 2.9687415 2.5334245 3.2909452 
Plajan_Pjan_scaffold13963_01                           1.1403679 0.8390243 1.1870260 2.8513661 1.0724521 1.2215777 1.0072333 0.9420251 1.1329909 1.1419120 0.8578201 1.1124796 1.0018999 1.8088499 1.3065019 1.4675136 0.0000010 0.0000010 0.0000000 1.3422485 1.1698448 1.1652982 1.1471986 1.2385839 1.2112868 1.2196820 1.5140904 1.8662917 0.9061172 1.4957066 1.4066765 1.4196528 1.3696933 1.3519408 1.3885834 2.1301372 1.6204203 1.4688370 1.3864500 1.7500288 1.9959706 1.5376338 1.6009906 1.4334442 2.0142101 1.5540352 1.5343665 1.6567207 2.0199242 2.0895485 1.7935569 1.9812760 1.2437177 1.4923036 1.6115060 1.5421217 1.5674995 1.8875116 1.6626775 1.8717133 1.6848128 1.9419286 1.7130928 1.9574574 1.4644733 1.5556046 1.8289955 1.5182907 1.6374188 1.4184161 1.8326622 1.4573988 1.6930575 2.0022827 2.0318125 2.0015000 2.3691500 2.2265309 1.7019547 1.4145746 1.8164523 1.8951196 1.8563360 1.7384512 2.2009835 2.1254019 2.5841568 2.0571609 1.4942408 3.0358251 2.5334245 3.4412158 
HoiH23_PlH23_002568-RA                                 1.4594077 1.0257199 1.5245929 3.2344540 1.4451792 1.3974921 1.0126567 0.9825091 1.1123562 1.1163480 1.0781786 1.2665985 1.0890830 1.5844365 1.1809290 1.3136635 1.3027600 1.3027600 1.3422485 0.0000000 0.0515413 0.0819017 0.0821299 0.1372932 0.2859596 0.2660141 1.6556365 2.1496757 1.5108079 1.7880260 1.4551018 1.6120484 1.6052243 1.5737663 1.7796597 2.3472663 1.5872782 1.5418537 1.5653883 1.7238887 2.3380860 1.8537986 1.7470387 1.5892337 2.1639385 1.8353783 1.8165724 1.9100841 2.0406604 1.9386977 1.9635102 1.6154785 1.3340047 1.6761356 2.1234768 1.8736322 1.8595809 1.8645518 2.2072171 1.9339911 2.0590805 2.4560955 2.1295886 2.6578679 2.0955026 1.9708201 2.5329430 2.2440674 2.2216143 2.5164288 2.3720107 2.1044490 2.2418837 2.5385228 2.7514364 2.1102520 2.3790338 2.3233410 2.2760957 1.7595986 1.9768643 2.0827627 2.0075699 1.6541489 2.4252068 2.4167535 3.0133159 2.2313552 1.5271446 3.6767744 2.0877543 4.9754685 
HoiH06_mRNA6191                                        1.3150479 0.8973064 1.3512031 3.2482319 1.3287739 1.3083893 0.9957097 0.9606455 1.0689373 1.0958730 1.0132958 1.1658657 0.9780457 1.6705737 1.1939357 1.2353585 1.1243995 1.1243995 1.1698448 0.0515413 0.0000000 0.0933536 0.0935769 0.1206471 0.2444872 0.2299166 1.6347532 1.9984850 1.3142826 1.6803229 1.3058726 1.4838593 1.4841642 1.4927438 1.6433947 2.0529329 1.4449576 1.5102717 1.5797025 1.5960385 2.1665512 1.6925753 1.7178943 1.4331047 2.1572236 1.5864715 1.6239651 1.7358035 1.8524581 1.8385211 1.7717356 1.9731300 1.2170275 1.6792707 1.6220671 1.7295912 1.7155616 1.8460144 1.9823619 1.7367713 1.9198745 2.1685887 2.1473690 2.6205344 1.8881542 1.9440285 2.5807683 1.9390250 2.0310953 2.1542131 2.3416170 1.8532878 2.2361613 2.5738082 2.7910363 2.0805928 2.4856022 2.3152783 1.9815636 1.5877491 1.8627876 2.0635988 1.8653380 1.6236927 2.2548710 2.2563846 2.8353560 2.1015299 1.4629880 3.4553931 2.3516480 3.9718405 
Hhon_g02190.t1                                         1.3780828 0.9392083 1.4057262 3.5079440 1.3488129 1.3319672 0.9848007 0.9578149 1.0541710 1.0992931 0.9796522 1.2919749 0.9984019 1.7152946 1.2135620 1.2606222 1.1390172 1.1390172 1.1652982 0.0819017 0.0933536 0.0000000 0.0084645 0.1598967 0.2619990 0.2326132 1.4996872 1.9436992 1.3484345 1.6466996 1.3883391 1.4368929 1.4356738 1.5047583 1.6438676 2.0888075 1.5092446 1.5375727 1.5377934 1.5707155 2.1282331 1.7368707 1.7296909 1.5579338 2.4329398 1.7297966 1.8449782 1.8728842 1.8676582 1.8884261 1.7616143 1.8674942 1.2074919 1.5450029 1.6517885 1.7381078 1.7929950 1.9049523 2.1128778 1.7968583 1.9974434 2.2400692 2.2233626 2.7406275 1.9706575 2.0203817 2.6148785 1.8920902 2.0527056 2.2333857 2.4769881 1.8716169 2.2464055 2.7004478 2.9391181 2.0354723 2.4557624 2.2812725 1.8668543 1.6384266 1.8348889 2.1432877 1.9661048 1.6422779 2.1680038 2.1644587 2.7637675 2.1625565 1.5274913 3.7341336 2.3714651 4.4208700 
HoiH04_mRNA6399                                        1.3468336 0.9392083 1.3737015 3.2299893 1.3087077 1.3180611 0.9735007 0.9361592 1.0578936 1.0873092 0.9922671 1.2608483 0.9984019 1.6565157 1.1966680 1.2548551 1.1208570 1.1208570 1.1471986 0.0821299 0.0935769 0.0084645 0.0000000 0.1554976 0.2575829 0.2363537 1.5016986 1.8999187 1.3359657 1.6219559 1.3927047 1.4274617 1.4262849 1.4971644 1.6286141 2.0735355 1.5053538 1.5088612 1.5262168 1.5567871 2.1024797 1.6900433 1.6888257 1.5225469 2.4044499 1.6844046 1.7982911 1.8221095 1.8460975 1.8614280 1.7542215 1.8674942 1.2074919 1.5450029 1.6517885 1.7272527 1.7844519 1.8919517 2.0869923 1.7968583 1.9505820 2.1768195 2.2194241 2.7317834 1.9669061 2.0158129 2.6051566 1.8885234 2.0109368 2.1792924 2.4660707 1.8573680 2.2110466 2.6621820 2.9093349 1.9451215 2.3160407 2.1607235 1.8291976 1.6352799 1.8135706 2.0535475 1.9553798 1.6284386 2.1646815 2.1551025 2.7206545 2.1447029 1.5168473 3.6920466 2.3714651 4.3468323 
HoiH11_mRNA8711                                        1.4316026 0.9651942 1.4020951 3.1195653 1.4149501 1.3907808 1.0962035 1.0600657 1.1812798 1.1687845 1.0693257 1.2328197 1.0397262 1.8435045 1.3092060 1.3170404 1.1894840 1.1894840 1.2385839 0.1372932 0.1206471 0.1598967 0.1554976 0.0000000 0.2418937 0.2365868 1.6676108 2.1388326 1.3873912 1.6599339 1.3385647 1.5373599 1.5412356 1.5092708 1.7652902 2.2797856 1.4346636 1.3974725 1.4709931 1.5125771 2.2664122 1.7877279 1.8144681 1.6395780 2.3824222 1.6922679 1.7654222 1.8125136 1.9674627 1.9054628 1.8708755 1.9239713 1.3067129 1.6431973 1.8696793 1.8009435 1.8385709 2.0375645 2.0616342 1.7930724 2.0904379 2.2950210 2.2854743 2.6455106 1.9869997 2.0388993 2.5824166 1.9791204 2.0637535 2.1470889 2.2456632 1.8896180 2.2003408 2.5608861 2.7897572 2.1350841 2.5149646 2.3413728 2.0108359 1.6148580 1.9302754 2.2077272 1.9307279 1.7475183 2.2629169 2.2968268 2.9393316 2.2122509 1.3594253 3.7619855 2.3283354 3.8428656 
TrH2_TrispH2_004897-RA                                 1.3653788 0.9532256 1.3857804 3.0980725 1.3806442 1.3914664 1.0155260 1.0137756 1.1257192 1.1354823 0.9766127 1.3077812 1.1135025 1.6482045 1.3569387 1.2602203 1.1955629 1.1955629 1.2112868 0.2859596 0.2444872 0.2619990 0.2575829 0.2418937 0.0000000 0.0285449 1.6061788 2.0364560 1.3937973 1.7046908 1.3491456 1.5020126 1.5215666 1.5822411 1.5965827 2.2379518 1.5492066 1.4962807 1.5551281 1.6291428 2.2565971 1.7821714 1.6578055 1.5377867 2.3444273 1.8215899 1.8507579 1.8587298 1.9594150 1.9695059 1.8915763 1.9831322 1.2580439 1.6708179 1.6824918 1.7170098 1.6921720 1.9090959 2.0429190 1.7150277 2.0180864 2.2421810 2.1970828 2.6847174 1.9217562 1.9788898 2.2432623 1.8127721 1.8983175 2.0679080 2.3858976 1.8199903 2.1910912 2.6017041 2.8122493 2.1311729 2.6038403 2.4108247 2.0109453 1.6482170 1.7781795 1.9943880 1.8658440 1.7533025 2.1763485 2.1871626 2.9102241 2.1754080 1.4756274 3.9121412 2.4767952 3.6684699 
Tadh_TriadT24331                                       1.3276133 0.9367959 1.3298478 2.9632626 1.3124438 1.3330597 0.9885157 0.9866884 1.1012376 1.1113035 0.8778817 1.3508830 1.1135025 1.7205252 1.3138953 1.2185782 1.1664473 1.1664473 1.2196820 0.2660141 0.2299166 0.2326132 0.2363537 0.2365868 0.0285449 0.0000000 1.5522111 2.1189890 1.3470319 1.6578403 1.3240225 1.4545664 1.4747218 1.5383525 1.5564751 2.2491395 1.5646748 1.5273698 1.5689583 1.6780437 2.1741274 1.7904109 1.6524925 1.5155542 2.3667730 1.7557675 1.8780859 1.8369158 1.9691341 1.9674700 1.8637556 1.9323993 1.2341069 1.6220408 1.6645055 1.6275473 1.6683380 1.8576625 1.9216620 1.7068295 2.0589965 2.3432206 2.0881829 2.5297087 1.8527080 1.9414988 2.1939775 1.7268056 1.8474187 2.0741663 2.3304224 1.8149355 2.2019011 2.4619114 2.7891625 2.1515259 2.6446865 2.4430041 1.8326494 1.6246068 1.7569568 2.0411755 1.9198679 1.8076002 2.1438008 2.1547466 2.9598275 2.1040923 1.3181536 3.4319841 2.4767952 3.6641641 
Amil_Amillepora18349-RA                                1.4447722 0.9677010 1.5112709 8.9999990 1.4224830 1.6361314 1.1071334 1.0878675 0.9288831 0.9682015 0.6959365 1.3798473 1.1957037 2.0432836 1.4646655 1.6613753 1.5140904 1.5140904 1.5140904 1.6556365 1.6347532 1.4996872 1.5016986 1.6676108 1.6061788 1.5522111 0.0000000 0.5160680 1.5418575 1.6537495 1.6436380 1.6982212 1.6591979 1.5068895 1.9793981 1.9455328 1.7976699 1.7408095 1.7514323 2.0253479 2.0294659 1.7381165 2.0798238 2.1191539 2.6144586 2.4299184 2.0604931 2.1170634 2.5411401 2.3173476 1.7922321 2.0743202 1.3505517 1.7163327 1.7445451 1.7921614 1.8825842 2.2420076 2.0426906 1.9568266 2.0743623 2.2883539 2.0318799 2.5682310 1.9433530 1.9692189 2.3107455 1.9235941 1.9631339 1.8534013 2.3232949 2.0130987 2.2272726 2.5563680 2.3637934 1.9166511 2.4119687 2.3129572 1.9546565 1.7336817 2.1193208 2.2334143 2.5893543 2.8607568 2.3798677 2.2711265 2.3684973 2.2266860 2.3108961 3.0803019 1.7500137 5.1876733 
Adig_XM_015904941.1                                    1.6386839 1.2948635 1.9028952 3.9875681 2.0158221 2.1336366 0.9174465 0.9376027 0.9920879 0.9318585 0.9308206 1.4342876 1.0991936 2.0009214 1.6093666 2.0141247 1.8921775 1.8921775 1.8662917 2.1496757 1.9984850 1.9436992 1.8999187 2.1388326 2.0364560 2.1189890 0.5160680 0.0000000 2.0405841 1.9884536 1.8328035 1.9072476 1.9131681 1.9635780 2.3734050 2.4861139 1.9512199 1.8109902 1.9872276 2.0471221 2.3019308 2.2622024 2.3520968 2.2519378 3.2303459 2.4110124 2.6291660 2.4090106 2.6463465 2.6782368 2.2322971 3.1323628 1.7391749 2.4842268 1.8299917 2.2635745 2.1885495 2.2332522 2.2502061 2.1912017 2.4324397 2.4677631 2.5534729 3.3155511 2.3452607 2.3602155 3.2841118 2.1845066 2.2942652 2.2242869 2.9602002 2.1536903 2.5870067 2.9245197 2.9593223 2.3895726 3.0678721 2.8901826 2.2753522 2.1604103 2.6121799 2.4965762 2.4602700 3.0999526 2.6539691 2.7281372 3.2055377 2.7189654 2.2727243 4.6978591 2.1510039 5.0563799 
Opea_EP00118_Oscarella_pearsei_P004281                 1.1653399 0.9748444 1.2205024 2.2551169 1.3088066 1.3886069 1.1630103 1.0868215 1.2307074 1.1995141 0.9336532 1.1862456 1.1982341 1.8027188 1.4106037 1.4890168 0.9093024 0.9093024 0.9061172 1.5108079 1.3142826 1.3484345 1.3359657 1.3873912 1.3937973 1.3470319 1.5418575 2.0405841 0.0000000 1.6107215 1.5173766 1.6327446 1.5542493 1.4000484 1.6680658 2.0661664 1.6470195 1.5362763 1.5599144 2.0107489 2.1945821 1.5733352 1.4778592 1.3439055 1.8357054 1.6772057 1.5788922 1.5054097 2.0923547 2.4709415 2.0213621 2.7709258 1.6254249 2.4272593 1.8104188 1.8851107 1.8151670 1.8324039 1.7580006 2.0584918 1.9609581 1.9298898 1.8205601 1.9886938 1.5220371 1.6224342 2.1197421 1.7258916 1.7268681 1.7106325 2.2309171 1.7387396 1.9960825 2.0453508 2.1854481 1.8570932 2.1533563 2.0065087 1.7705836 1.5331161 1.8753860 2.0186236 2.2189477 2.2030064 2.2370465 2.1098659 2.5478449 2.2685511 1.7078178 3.7573067 2.6164633 3.8356668 
Chem_TCONS_00051623                                    1.6336922 1.1351838 1.7087197 4.5964179 1.6206583 1.5849596 1.2001523 1.2266808 1.3384114 1.2344523 0.8704204 1.2870878 1.0788222 1.8530505 1.3567839 1.5741477 1.4550729 1.4550729 1.4957066 1.7880260 1.6803229 1.6466996 1.6219559 1.6599339 1.7046908 1.6578403 1.6537495 1.9884536 1.6107215 0.0000000 1.5232594 1.5331442 1.5022064 1.6565544 1.6399104 2.0095751 1.4408712 1.4809600 1.5578913 1.7407604 1.6865348 1.9445611 1.9564219 1.7751652 2.1934575 1.8373409 2.0170624 2.1200242 1.9031105 2.1249677 1.8492204 2.2503568 1.5705288 1.7035911 2.1590254 1.8761160 2.0121354 1.9793738 1.7717140 1.9509421 2.2529764 2.4461929 2.0662369 2.3635040 1.8435846 1.8220463 2.3748606 1.9087180 2.0270615 1.8588956 2.4422968 1.8284664 2.1405742 2.1024146 2.1858752 2.2333913 2.5316289 2.4202522 2.0291644 1.8356810 2.1125572 2.5123905 2.0870950 1.9221309 2.4407377 2.4290556 2.9577582 2.1812245 1.7099998 3.9948873 2.5600420 4.2778002 
Bralan_BLAG02001177_1                                  1.3186954 1.0788604 1.3828336 2.8001613 1.4570679 1.3883211 1.2103568 1.1574158 1.1821713 1.2384307 1.0610724 1.3332231 1.2908856 1.5238188 1.1808980 1.1902371 1.4066765 1.4066765 1.4066765 1.4551018 1.3058726 1.3883391 1.3927047 1.3385647 1.3491456 1.3240225 1.6436380 1.8328035 1.5173766 1.5232594 0.0000000 1.1561290 1.1272588 1.3623573 1.2944151 1.8642299 1.5545099 1.4028865 1.4759193 1.3667479 1.6316107 1.7326112 1.8042563 1.5244997 2.0276510 1.7718575 1.5843024 1.8790982 1.9599840 1.8609591 1.8256497 2.1194309 1.3912535 2.1653227 1.6933738 1.5334760 1.7583278 2.1485587 1.8728303 1.6992987 2.0671833 1.9781258 1.8676034 2.1108767 1.5515087 1.7077246 1.9076288 1.6882374 1.7171097 1.7341767 1.9421168 1.6433361 1.6822017 2.2823663 2.5839157 1.9901077 2.4766032 2.3086207 1.7634787 1.5149093 1.7645050 1.6757444 1.7305168 2.3032660 1.9415419 2.0317680 2.2260120 2.1913241 1.5770632 3.5327228 2.4422589 4.3987318 
Spur_XM_030983085.1                                    1.3760105 1.1442179 1.5087885 2.7201584 1.6278397 1.4488713 1.3461441 1.2739562 1.3060397 1.3623360 1.1979625 1.4604318 1.2194192 1.6222740 1.3343069 1.4297453 1.3573406 1.3573406 1.4196528 1.6120484 1.4838593 1.4368929 1.4274617 1.5373599 1.5020126 1.4545664 1.6982212 1.9072476 1.6327446 1.5331442 1.1561290 0.0000000 0.0343420 1.0420211 1.2364297 1.8260212 1.5718904 1.4546903 1.5171051 1.3284072 1.5082260 1.8514454 1.6434907 1.6893896 2.3929886 1.6754749 1.8973763 1.7817678 2.0274757 2.0856237 1.7694159 2.5707879 1.6099926 2.1761468 1.6675590 1.6899840 1.6929940 1.7621287 1.6986338 1.8804883 1.9311479 2.2130575 2.0636753 2.5164814 1.6104524 1.6167084 2.0909901 1.6612638 1.8581232 1.7342918 2.2050392 1.5878056 1.7884067 2.0839327 2.3164029 2.0606172 2.5403795 2.3118080 1.7990083 1.7412312 1.7413313 2.1743643 1.7206775 2.2393713 2.1800142 2.1060925 2.2912791 2.1035278 1.5397081 3.8139650 2.3446149 3.8796532 
Spur_XM_011682665.2                                    1.3714067 1.1656344 1.4910906 2.5586380 1.5458460 1.4353936 1.3104925 1.2472450 1.2589861 1.3024399 1.1759673 1.3934463 1.2188948 1.5467716 1.3011913 1.3988937 1.3081839 1.3081839 1.3696933 1.6052243 1.4841642 1.4356738 1.4262849 1.5412356 1.5215666 1.4747218 1.6591979 1.9131681 1.5542493 1.5022064 1.1272588 0.0343420 0.0000000 0.9818273 1.2307784 1.8455371 1.5191905 1.4408468 1.4944034 1.3043900 1.4050845 1.8199835 1.6287934 1.6376009 2.3249770 1.7013678 1.8827647 1.7972682 2.0757452 2.1122741 1.7154485 2.5707879 1.5776151 2.1795280 1.6146306 1.6752103 1.6464726 1.7172982 1.6977121 1.8606797 1.9438719 2.1379891 1.9887090 2.3416605 1.5559147 1.5525277 1.9478615 1.6041510 1.8193841 1.6693241 2.0395657 1.5121884 1.6984567 2.0191746 2.2361570 2.0430654 2.4678786 2.2875898 1.7759698 1.6721132 1.7493993 2.2110892 1.7042673 2.0359077 2.2079385 2.1548491 2.2923375 2.0720040 1.5154453 3.8084538 2.3395403 3.9466819 
Skow_XM_002737525.2                                    1.4839644 1.0780900 1.6328989 3.6014391 1.5274702 1.4762430 1.3111939 1.2268562 1.1578378 1.2297693 0.9449606 1.4025403 1.2294871 1.6454739 1.3590864 1.4875462 1.2829405 1.2829405 1.3519408 1.5737663 1.4927438 1.5047583 1.4971644 1.5092708 1.5822411 1.5383525 1.5068895 1.9635780 1.4000484 1.6565544 1.3623573 1.0420211 0.9818273 0.0000000 1.1729532 1.8664595 1.6671322 1.5574138 1.4561456 1.6062687 1.4424407 1.8619614 1.7581306 1.7633254 2.1880625 1.6728228 1.5904375 1.5820958 2.2979894 2.1693667 2.0432744 2.0959295 1.4617238 1.9782055 1.8747531 1.7780644 1.7505706 1.7974125 2.0788877 1.8342394 1.7336877 1.9690645 1.7297969 1.8990410 1.5817220 1.5671772 1.8553080 1.5576134 1.6733010 1.5088895 1.8818460 1.5796501 1.7247694 2.3486093 2.5695715 2.0702047 2.5187736 2.3195688 1.9236786 1.6159824 1.6531414 1.8667388 1.6961371 1.8779259 2.2196293 2.3579312 2.2896397 2.1286026 1.6187311 3.3240558 1.9727877 4.2447747 
Cscu_XM_023366925.1                                    1.5312566 1.3572321 1.7356226 3.2431751 1.8402207 1.6237532 1.4942214 1.4087853 1.6297332 1.6108862 1.2884812 1.4491255 1.5544454 1.8822775 1.5676349 1.3697304 1.3545006 1.3545006 1.3885834 1.7796597 1.6433947 1.6438676 1.6286141 1.7652902 1.5965827 1.5564751 1.9793981 2.3734050 1.6680658 1.6399104 1.2944151 1.2364297 1.2307784 1.1729532 0.0000000 1.3853588 1.7609107 1.6296160 1.6174677 1.6578531 1.3677144 2.0647785 1.9468101 1.8135473 2.4004239 1.7787584 1.8759974 1.8841008 2.0367015 1.9023287 2.0106511 2.4337193 1.4384409 2.4047070 1.4826643 1.8897039 1.7303566 1.8659074 1.9550985 1.9188261 2.1084891 2.0648041 1.9652497 2.3415199 1.7393942 1.6980685 2.0089045 1.7380197 1.8397085 1.9156993 2.3508438 1.8320613 2.3208677 2.3599697 2.5055874 2.0433005 2.4172129 2.2730145 1.9358875 1.7604328 1.4897738 1.7701090 1.5857834 2.3160269 2.0376065 2.0886964 2.7716131 2.2135423 1.5363507 3.9121501 2.4922228 4.3066073 
Dpul_mRNA6553                                          2.0090808 1.7623255 2.2092900 4.1725673 2.4829317 2.3049565 1.8395629 1.8537111 2.1447093 2.1045799 1.5163977 1.7584568 1.7172726 2.2854209 1.9011585 1.8239551 2.1295318 2.1295318 2.1301372 2.3472663 2.0529329 2.0888075 2.0735355 2.2797856 2.2379518 2.2491395 1.9455328 2.4861139 2.0661664 2.0095751 1.8642299 1.8260212 1.8455371 1.8664595 1.3853588 0.0000000 1.9057982 2.0945399 2.1729690 2.1957094 1.6376938 2.6595285 2.5060107 2.3643791 2.6908133 2.2092807 2.4160211 2.2970153 2.7667269 2.8541535 2.3134171 2.6436239 2.0953148 2.9529872 2.5420033 1.9086686 2.3356417 2.2319686 2.3313478 2.4178483 2.5349812 2.8211348 2.2541460 2.6125241 1.9944563 1.9039393 2.3269418 1.8921981 1.9689041 1.9956571 2.4927380 2.0541764 2.4942599 2.1135900 2.3900944 1.9798158 2.2689707 2.2046325 1.9955866 1.8935943 2.1533748 2.0060572 2.0444744 2.8935645 2.5048242 2.2915874 2.8887172 2.8459433 2.6953479 4.5731456 2.5800016 5.0460772 
Sanmal_Sma_008535-T1                                   1.6245652 1.3319457 1.6989314 3.2215939 1.5505904 1.6990460 1.4370203 1.3681724 1.3391835 1.3041346 1.0690939 1.3794146 1.3464524 1.8132560 1.3384856 1.5833952 1.5770418 1.5770418 1.6204203 1.5872782 1.4449576 1.5092446 1.5053538 1.4346636 1.5492066 1.5646748 1.7976699 1.9512199 1.6470195 1.4408712 1.5545099 1.5718904 1.5191905 1.6671322 1.7609107 1.9057982 0.0000000 0.8259914 0.8056379 1.6842476 2.0259040 2.0039318 1.9578921 1.6728789 2.3271843 1.9315695 1.9354689 2.1258209 2.6233776 2.5811126 2.3153440 2.6280644 1.6835720 2.2309753 1.8445542 1.8614546 2.0987244 2.1599091 2.0189465 1.8657740 1.9420254 2.3855500 2.2326538 2.4083128 1.9117881 1.9210853 2.3307384 1.9205531 1.8590639 2.0009564 2.1958627 1.7947451 2.0317841 2.1403256 2.3234905 2.0167411 2.2639204 2.1565966 1.9218469 1.9512386 2.1552296 2.2364345 1.7561502 2.4109559 2.4213652 2.4774293 2.8833190 2.1682340 1.2628223 4.7810371 2.7886188 4.3901814 
Rhoesc_Res_002984-T1                                   1.7231019 1.4012694 1.7630076 3.2288176 1.6694569 1.6095593 1.2416323 1.2194970 1.3470042 1.2364240 1.1442049 1.4777557 1.5340291 1.8125934 1.3640516 1.4856765 1.4490770 1.4490770 1.4688370 1.5418537 1.5102717 1.5375727 1.5088612 1.3974725 1.4962807 1.5273698 1.7408095 1.8109902 1.5362763 1.4809600 1.4028865 1.4546903 1.4408468 1.5574138 1.6296160 2.0945399 0.8259914 0.0000000 0.2772406 1.5663437 1.9797234 2.2285576 2.0942652 1.8724495 2.3016794 1.8230218 1.9309523 1.7632032 2.3518070 2.7978772 2.3463715 2.4364787 1.5652215 1.8597764 1.8725317 2.0865553 2.0450962 2.2258990 2.0582910 1.8913424 2.1318234 2.3590843 1.9245069 1.9118772 1.7680492 1.8367664 2.0455676 1.8124121 1.8666739 1.9647800 2.0512111 1.8874939 1.9913533 2.5300168 2.7502889 2.2213159 2.4028561 2.2758767 2.1707836 2.0414565 2.0225056 1.9134140 1.9773365 2.2175823 2.1930089 2.3025128 2.8911082 2.5796322 1.3189857 4.3817229 2.7477920 5.0192984 
Nemnom_g8729.t1                                        1.6486412 1.3550410 1.6608546 2.9327959 1.5706439 1.8270360 1.3916094 1.3291901 1.3815261 1.3593275 1.1722916 1.5453700 1.5482103 1.9435803 1.4287805 1.4658214 1.3649461 1.3649461 1.3864500 1.5653883 1.5797025 1.5377934 1.5262168 1.4709931 1.5551281 1.5689583 1.7514323 1.9872276 1.5599144 1.5578913 1.4759193 1.5171051 1.4944034 1.4561456 1.6174677 2.1729690 0.8056379 0.2772406 0.0000000 1.6975948 2.1707099 2.2184187 2.1737460 1.9015828 2.1563971 1.9058599 2.0305853 1.8231537 2.4374535 2.6226377 2.5328280 2.6271045 1.6711027 2.0569872 1.9513556 1.9966244 2.1264651 2.2699232 2.1159739 1.9688290 2.1808781 2.3392076 1.8909818 1.9159962 1.7227194 1.8199254 2.1955611 1.8894265 1.9648672 2.0463733 2.0339058 2.0216057 2.1364386 2.6309728 2.8104940 2.2152541 2.4615583 2.3274661 2.0102308 1.9873903 1.9082352 2.0079976 1.9363697 2.2002487 2.3026654 2.4134182 2.7848544 2.4558741 1.3096739 4.6281616 2.7948000 5.0359177 
Hsap_ENST00000309822                                   1.5998293 1.1423864 1.6448752 4.3384062 1.6226225 1.4493870 1.3934612 1.3756329 1.3389100 1.3176017 1.1869305 1.6504068 1.5431583 1.7164490 1.5043930 1.6185411 1.7010915 1.7010915 1.7500288 1.7238887 1.5960385 1.5707155 1.5567871 1.5125771 1.6291428 1.6780437 2.0253479 2.0471221 2.0107489 1.7407604 1.3667479 1.3284072 1.3043900 1.6062687 1.6578531 2.1957094 1.6842476 1.5663437 1.6975948 0.0000000 1.7077300 1.8075893 1.8096513 1.6353867 2.1453456 1.7855224 1.8375426 1.9297667 2.1780142 2.1535867 1.8804523 2.3420824 1.6694702 2.3779644 1.7586919 1.6141474 1.6244067 2.0334522 1.6856910 1.5422728 2.0580762 2.0156332 2.5048399 3.1694215 2.0322861 2.0011410 2.7216947 2.0234234 1.9832083 1.8239535 2.5974799 1.7019772 2.0145287 2.5789725 2.9765070 2.2037673 2.8092409 2.5873684 2.1469840 1.9448878 2.0816038 2.2912239 1.9965215 2.1577783 2.1721346 1.9473437 2.5213531 1.9700403 1.7938422 3.4384629 2.2185358 4.6865971 
