89
Codhol_EP00042_Codosiga_hollandica_P024876            0.0000000 0.1375365 0.1634944 0.6643321 0.1730262 1.1008477 1.1008477 1.2612712 1.2210023 0.9738149 0.9996596 0.9393686 0.9093150 0.9758408 0.9754486 0.9796453 0.9644624 0.9311847 0.8120610 1.8498130 0.9547772 1.1677455 1.2052456 1.4959385 1.2447504 1.3214209 1.4232165 1.2436664 1.8959260 1.1939185 1.1618756 1.2142173 1.1970441 1.1420461 1.1928840 1.1637490 1.4135713 1.1721341 1.1499179 1.2334475 1.2204695 1.1666097 1.1467961 1.0722926 1.1150783 1.1761028 1.2079035 1.1918098 1.0837607 1.1577644 1.1173032 1.1150845 1.2576397 1.0735090 1.3654129 1.1387089 1.2525344 1.1525909 1.2080370 1.1630340 2.0553407 1.2621767 1.1420621 1.1420621 1.1431822 1.2440122 1.2555186 1.2818399 1.2494506 1.2405042 1.5252300 1.5114735 1.5140365 1.5140365 1.4642813 1.5177227 1.5138910 1.6459614 1.7164368 1.6717853 1.6717853 2.6067996 1.9212655 2.1457639 1.2971869 1.3509743 1.1312213 1.3491280 3.3363472 
Codhol_EP00042_Codosiga_hollandica_P024878            0.1375365 0.0000000 0.1535058 1.0431740 0.9321204 1.1840922 1.1840922 1.2812464 1.2606437 1.2451854 1.2697688 1.2236151 1.2115362 1.5272989 1.2379856 1.0608143 1.1671019 1.2670249 1.1415965 1.6868890 1.1407087 1.5279395 1.5472484 1.8397159 1.5720056 1.6405219 1.6405219 1.6083747 1.6327597 1.4585756 1.2998319 1.5812241 1.4137308 1.3904561 1.3176248 1.3036746 1.8185236 1.3117997 1.3048197 1.3903252 1.3903252 1.3774245 1.3886477 1.0080122 1.2067697 1.3029694 1.3321786 1.4246369 1.1486518 1.4426345 1.1992426 1.2393907 1.3084113 1.0799415 1.5111007 1.3777191 1.4484219 1.3366337 1.4038327 1.3426620 4.5326931 1.2622021 1.3983622 1.3983622 1.3893268 1.3168063 1.3957439 1.4621190 1.3971225 1.4714098 1.1457199 1.8389137 1.8119069 1.8119069 1.8924430 1.8415836 1.7519130 2.0686778 2.0810540 2.0093936 2.0093936 1.9922952 2.2165873 2.0834621 1.3047041 1.4970954 1.1205656 1.2814143 8.5944030 
Codhol_EP00042_Codosiga_hollandica_P024877            0.1634944 0.1535058 0.0000000 0.1813609 0.6643321 1.3052859 1.3052859 1.4551828 1.4073126 1.1978035 1.2151826 1.1914179 1.1564988 1.2692510 1.2641752 1.2255102 1.1918908 1.1554500 1.0815375 2.2227321 1.2754902 1.4074989 1.4488595 1.5536271 1.4935596 1.3214209 1.4232165 1.5269063 1.9586808 1.4412255 1.4283346 1.4932433 1.5451604 1.4585415 1.5529905 1.5198407 2.1028580 1.5118761 1.5242406 1.5777941 1.5618379 1.5380454 1.4852671 1.4831385 1.4525803 1.5239724 1.5388910 1.5233218 1.3872786 1.4564133 1.4693156 1.4661190 1.5888417 1.2278703 1.7942253 1.5036111 1.5950204 1.4713025 1.2080370 1.4194542 6.0670314 1.5963398 1.4506251 1.4506251 1.4374538 1.2440122 1.2555186 1.6180998 1.5841546 1.4314750 1.8730434 2.0177942 2.0441654 2.0441654 1.4642813 1.8909682 1.8794572 1.8913338 1.9881346 1.9833489 1.9833489 2.9442932 1.9212655 2.1328500 1.5655451 1.6882681 1.4587608 1.5914000 4.9180216 
Codhol_EP00042_Codosiga_hollandica_P024879            0.6643321 1.0431740 0.1813609 0.0000000 0.3082680 2.1747878 2.1747878 2.3333017 2.2504625 1.5454878 1.6012932 1.7719346 1.7230020 1.6533423 1.8865888 1.8038710 1.8475852 1.4716792 1.4339572 8.9999988 1.9579951 1.9034741 1.9187460 6.1405675 2.0352230 1.8338973 2.3056792 2.0267391 5.2446110 1.9602179 1.7701092 1.9596126 2.2920713 2.1507033 2.2695299 2.1742650 3.8938684 2.1109650 2.1748065 2.2510145 2.2111288 2.3591096 2.1879813 2.1030624 2.2475572 2.2364152 2.2073152 2.2602612 2.1103622 1.9789565 2.2496762 2.2836456 2.2347856 1.6218334 2.2811164 2.3894258 2.3246931 2.2172705 1.9582992 2.0486505 8.9999983 2.4217193 2.0583356 2.0583356 1.8971820 1.8077197 2.0645692 2.3943096 2.3405441 2.0447090 2.2991654 3.1285416 3.0981288 3.0981288 4.8928039 2.5329819 2.6134737 2.4912046 2.6982931 2.5954008 2.5954008 6.7278152 5.5156128 3.5840143 2.2705722 2.4359152 2.3110481 2.4789047 4.7554265 
Codhol_EP00042_Codosiga_hollandica_P024875            0.1730262 0.9321204 0.6643321 0.3082680 0.0000000 1.6230087 1.6230087 1.8079922 1.7630592 1.0807961 1.1434046 1.1889705 1.1560438 1.0550919 1.2166065 1.2481949 1.2947375 1.0183137 0.8845326 8.9999988 1.2300692 1.3850340 1.4014458 5.0567428 1.4888728 1.8338973 2.3056792 1.4211562 4.7702819 1.4185278 1.2396191 1.3753470 1.4868311 1.4232511 1.4431454 1.3822469 1.8135648 1.3704754 1.3479156 1.4816613 1.4556545 1.4796280 1.4116323 1.3288586 1.4433055 1.4482502 1.4633548 1.4925996 1.3917747 1.3483669 1.4176509 1.4448614 1.5035033 1.3402450 1.4246153 1.4979972 1.5391755 1.4578302 1.9582992 1.4653319 2.5944830 1.6057701 1.3763516 1.3763516 1.2846814 1.8077197 2.0645692 1.6030624 1.4813175 1.6037684 1.6227324 1.8411833 1.7968249 1.7968249 4.8928039 1.7164637 1.7794444 1.9500196 2.0797392 1.9261365 1.9261365 5.1012295 5.5156128 3.6707672 1.6398679 1.6612875 1.5545009 1.8521720 2.7534095 
Chofle_EP00730_Choanoeca_flexa_P000043                1.1008477 1.1840922 1.3052859 2.1747878 1.6230087 0.0000000 0.0000010 0.1809922 0.6952254 1.1499228 1.2574178 1.1786425 1.3442779 1.2530965 1.1456797 1.1424668 1.3127025 1.1692519 1.1964433 1.6864548 1.2082961 1.5876685 1.5586844 1.7973560 1.5887073 1.5948989 1.7172875 1.6060893 2.4249266 1.6219338 1.5953002 1.6084418 1.7256333 1.5481684 1.6363183 1.5688225 2.0457438 1.5646354 1.5832644 1.6299878 1.6358860 1.6277497 1.5641980 1.3742526 1.4775360 1.3859612 1.4391642 1.5095139 1.3707830 1.6051444 1.6190097 1.6701459 1.7235577 1.2707468 1.9358495 1.7149438 1.4575129 1.4943599 1.5523128 1.4660733 2.8114084 1.2689633 1.4700195 1.4700195 1.4542344 1.2947298 1.3288572 1.6493540 1.4393624 1.4387089 1.6850063 1.7171474 1.7142981 1.7142981 1.6430111 1.6808088 1.6702635 1.5518075 1.7019283 1.5934576 1.5934576 2.6399453 1.9293578 2.2801923 1.2482721 1.3509788 1.2618786 1.3535542 3.6720668 
Chofle_EP00730_Choanoeca_flexa_P000042                1.1008477 1.1840922 1.3052859 2.1747878 1.6230087 0.0000010 0.0000000 0.1809922 0.6952254 1.1499228 1.2574178 1.1786425 1.3442779 1.2530965 1.1456797 1.1424668 1.3127025 1.1692519 1.1964433 1.6864548 1.2082961 1.5876685 1.5586844 1.7973560 1.5887073 1.5948989 1.7172875 1.6060893 2.4249266 1.6219338 1.5953002 1.6084418 1.7256333 1.5481684 1.6363183 1.5688225 2.0457438 1.5646354 1.5832644 1.6299878 1.6358860 1.6277497 1.5641980 1.3742526 1.4775360 1.3859612 1.4391642 1.5095139 1.3707830 1.6051444 1.6190097 1.6701459 1.7235577 1.2707468 1.9358495 1.7149438 1.4575129 1.4943599 1.5523128 1.4660733 2.8114084 1.2689633 1.4700195 1.4700195 1.4542344 1.2947298 1.3288572 1.6493540 1.4393624 1.4387089 1.6850063 1.7171474 1.7142981 1.7142981 1.6430111 1.6808088 1.6702635 1.5518075 1.7019283 1.5934576 1.5934576 2.6399453 1.9293578 2.2801923 1.2482721 1.3509788 1.2618786 1.3535542 3.6720668 
Choper_EP00045_Choanoeca_perplexa_P012991             1.2612712 1.2812464 1.4551828 2.3333017 1.8079922 0.1809922 0.1809922 0.0000000 0.7997370 1.2174243 1.2453498 1.2169345 1.3579537 1.3042007 1.2176964 1.1755421 1.3542632 1.1269508 1.2949872 1.7095241 1.2678779 1.7144635 1.7708307 1.8551787 1.7448769 1.7348033 1.8730176 1.7595253 2.7229626 1.7138741 1.6695319 1.7567107 1.9178883 1.7000152 1.7153158 1.7038834 2.0684871 1.6626666 1.6833372 1.7808198 1.7869339 1.7406820 1.6344618 1.4456209 1.6371671 1.4732751 1.5893762 1.5490667 1.4312008 1.6447257 1.6581196 1.7028202 1.8610854 1.4186106 2.0686758 1.7060068 1.5872056 1.5771385 1.6299013 1.6122004 3.2914175 1.3841634 1.5864079 1.5864079 1.5670424 1.3388564 1.3766113 1.7554670 1.4917463 1.5349369 1.7532691 1.8761345 1.8712459 1.8712459 1.9213484 1.9093242 1.8803592 1.6204492 1.6911587 1.7124496 1.7124496 2.6034487 1.8345709 2.2417119 1.2470132 1.3474578 1.2119823 1.5352024 4.0537714 
Mbre_EDQ85331                                         1.2210023 1.2606437 1.4073126 2.2504625 1.7630592 0.6952254 0.6952254 0.7997370 0.0000000 1.2756993 1.3974380 1.2733084 1.5971961 1.5992983 1.4821032 1.6432906 1.5147314 1.3582403 1.3669033 1.9672785 1.4507944 1.5900826 1.5514076 1.7158672 1.5669876 1.4678137 1.5729699 1.5341611 2.3612987 1.5386474 1.5993607 1.4380764 1.6482679 1.4095578 1.5037538 1.4725756 2.0416662 1.4693533 1.4849084 1.4814943 1.4821890 1.4928516 1.4413769 1.1180239 1.6344891 1.3732928 1.5341432 1.3778809 1.3568482 1.6748316 1.5612891 1.6575163 1.4769365 1.0782046 1.9078059 1.7661113 1.4608313 1.4507558 1.3757114 1.5152970 4.3604501 1.3814104 1.8919533 1.8919533 1.8059346 1.5145913 1.5775091 2.0992772 1.9065716 1.5857734 1.7276776 2.0144763 2.0948066 2.0948066 1.4661614 1.9438986 1.8513246 1.9054887 2.1337515 2.1078027 2.1078027 3.1515293 2.1995563 2.3918782 1.4923345 1.4941198 1.4227710 1.7143901 3.9390738 
Acaspe_EP00035_Acanthoeca_spectabilis_P003742         0.9738149 1.2451854 1.1978035 1.5454878 1.0807961 1.1499228 1.1499228 1.2174243 1.2756993 0.0000000 0.0988941 0.3306617 0.4514415 0.5350203 0.8732330 0.8270916 0.8271254 0.8753443 0.9544672 1.9598752 1.0770682 1.2328601 1.1945994 1.4691037 1.2332882 1.3735592 1.4758380 1.3113835 2.0457129 1.2478571 1.1660847 1.3399005 1.1860609 1.0492374 1.0643509 1.0821075 1.4179230 1.1275077 1.1465201 1.1938731 1.1886630 1.0994261 1.0992916 1.0699334 1.0503183 1.1364147 1.1377347 1.1050460 1.0522992 1.2784729 1.0662068 1.0844112 1.2852180 0.9888384 1.3761207 1.2053070 1.0296867 1.0989648 1.2532248 1.2226513 1.8948398 1.1410513 1.2169304 1.2169304 1.1935214 1.2041668 1.2357164 1.4143301 1.2675412 1.2530271 1.4142582 1.4886062 1.4950120 1.4950120 1.3958059 1.4898659 1.4713653 1.6599112 1.7409607 1.6756579 1.6756579 2.8971329 2.0889559 2.3200315 1.3139702 1.4834973 1.3395107 1.2239249 2.6852130 
Helnan_EP00037_Helgoeca_nana_P012368                  0.9996596 1.2697688 1.2151826 1.6012932 1.1434046 1.2574178 1.2574178 1.2453498 1.3974380 0.0988941 0.0000000 0.3254800 0.4163206 0.5806948 0.8860706 0.8680504 0.8601940 0.8959685 1.0513678 2.1961745 1.1737126 1.3802989 1.3300259 1.6587075 1.3624492 1.4227617 1.5251939 1.4035162 2.0958099 1.2713468 1.2260602 1.4058237 1.2767315 1.2070087 1.1896063 1.2305048 1.4631565 1.2158771 1.2430856 1.2727658 1.2676524 1.2962857 1.1711710 1.1549990 1.1944741 1.1239809 1.2147086 1.1014012 1.0876468 1.3455066 1.1225654 1.1739271 1.3856800 1.0208892 1.5436068 1.3138757 1.1217971 1.1947493 1.2104734 1.2824889 1.7881467 1.2625881 1.2621945 1.2621945 1.1980375 1.1862492 1.2230068 1.4417129 1.2874888 1.3033652 1.4919964 1.5156344 1.5751085 1.5751085 1.4587647 1.6325694 1.5530135 1.7027263 1.8896818 1.7829215 1.7829215 3.0423858 2.1423981 2.3905102 1.4154351 1.6493896 1.4855769 1.2964603 3.0743156 
Diagra_EP00040_Diaphanoeca_grandis_P024313            0.9393686 1.2236151 1.1914179 1.7719346 1.1889705 1.1786425 1.1786425 1.2169345 1.2733084 0.3306617 0.3254800 0.0000000 0.4152069 0.4499294 0.7813254 0.7781457 0.7338613 0.8785667 0.9767586 1.7206739 0.9512757 1.2241529 1.1939220 1.4965960 1.1680692 1.2606769 1.3435503 1.2064255 1.9274607 1.0422677 0.9516805 1.2718728 1.0844795 0.9192690 0.9074282 0.9125259 1.1313066 0.9036250 0.9475396 0.9733408 0.9739115 1.0063537 0.9197507 0.9374757 0.9011170 0.9706984 0.9748723 0.8897664 0.9486209 1.1091144 0.9942879 1.0424202 1.0715577 0.8636334 1.2749944 1.1039931 1.0147380 1.0591447 1.1099975 1.0980418 1.8430391 1.0902917 1.1436808 1.1436808 1.0950271 1.0891331 1.1093953 1.2529095 1.2061903 1.2051288 1.2212347 1.3065487 1.3076506 1.3076506 1.2036354 1.2892098 1.2969788 1.5143762 1.6228032 1.5538399 1.5538399 2.6542978 1.9269425 2.1371364 1.2158492 1.5426211 1.4255660 1.3009279 3.1385401 
Stedip_EP00041_Stephanoeca_diplocostata_P004662       0.9093150 1.2115362 1.1564988 1.7230020 1.1560438 1.3442779 1.3442779 1.3579537 1.5971961 0.4514415 0.4163206 0.4152069 0.0000000 0.5015551 0.8581036 0.8067526 0.8834655 0.9042944 0.9224698 1.8532515 1.0554116 1.4506172 1.4706490 1.7820116 1.4069301 1.5667817 1.6833354 1.4625980 2.3128890 1.3138233 1.2578932 1.4255447 1.2680593 1.1239120 1.1242909 1.0949620 1.2663012 1.0824271 1.0941766 1.1287696 1.1352986 1.1482370 1.1387509 1.2467135 1.1172022 1.1923925 1.1976741 0.9953649 1.0569979 1.3463798 1.2201472 1.2800021 1.4689489 1.0222253 1.4369848 1.2414065 1.1567405 1.3484362 1.3404558 1.2411070 1.5247313 1.2175436 1.3424032 1.3424032 1.2708341 1.3144219 1.2367651 1.3833078 1.4085433 1.2922652 1.4280042 1.5583129 1.6022430 1.6022430 1.4856418 1.4538381 1.4670165 1.4352430 1.5848057 1.5661512 1.5661512 2.7412145 1.9882355 2.1086367 1.5082353 1.7105661 1.4644908 1.3517280 3.1928654 
Didcos_EP00039_Didymoeca_costata_P018948              0.9758408 1.5272989 1.2692510 1.6533423 1.0550919 1.2530965 1.2530965 1.3042007 1.5992983 0.5350203 0.5806948 0.4499294 0.5015551 0.0000000 0.8570738 0.8278438 0.8232923 0.9758057 0.9657466 1.8739181 1.1161870 1.3192334 1.3293337 1.6004012 1.3322508 1.4664236 1.5898934 1.3715830 2.1351612 1.2538588 1.2268406 1.2647206 1.2325895 1.0866363 1.0433386 1.0070915 1.1833869 1.0396889 1.0393430 1.0636485 1.0642213 1.0537669 1.1145160 1.1783465 1.0241477 1.1473439 1.1285357 1.0019564 1.0906127 1.3051937 1.2895171 1.3292256 1.3547923 1.1079011 1.4981699 1.2832511 1.0699416 1.1640547 1.3041632 1.2589827 1.9521083 1.2108706 1.2922709 1.2922709 1.2186486 1.3235644 1.3044471 1.4038771 1.3217598 1.3997865 1.4837976 1.4808175 1.5383151 1.5383151 1.4119125 1.3136607 1.3589809 1.5361661 1.6054007 1.6733039 1.6733039 2.8027533 2.1630463 2.3698017 1.4849260 1.7305229 1.4506033 1.4175347 3.0124777 
Salkve_EP00050_Salpingoeca_kvevrii_P010945            0.9754486 1.2379856 1.2641752 1.8865888 1.2166065 1.1456797 1.1456797 1.2176964 1.4821032 0.8732330 0.8860706 0.7813254 0.8581036 0.8570738 0.0000000 0.9261278 0.9607965 0.8712307 1.0103187 1.5814888 0.9200826 1.3452354 1.4069250 1.7687941 1.3808149 1.5501455 1.6025058 1.3990286 2.1630812 1.2207822 1.2727340 1.4320357 1.1738080 1.2718829 1.1440156 1.1924808 1.5610290 1.2590176 1.1862786 1.2843292 1.2849503 1.2536747 1.2217675 1.0854678 1.2540450 1.1073768 1.1697599 1.1814835 1.0256290 1.2445650 1.1931390 1.2397698 1.2852028 0.8710553 1.4558144 1.2903131 1.2844237 1.2318792 1.2958237 1.2351605 2.0235070 1.2772122 1.2352293 1.2352293 1.2653299 1.2158114 1.1719442 1.3879219 1.4116907 1.3388532 1.4037296 1.6659317 1.6847032 1.6847032 1.6246516 1.7541512 1.6801115 1.4812706 1.6135899 1.5787041 1.5787041 3.1131885 2.3462457 2.3679827 1.6646358 1.6744168 1.4888963 1.3365671 3.3601178 
Salurc_EP00051_Salpingoeca_urceolata_P010551          0.9796453 1.0608143 1.2255102 1.8038710 1.2481949 1.1424668 1.1424668 1.1755421 1.6432906 0.8270916 0.8680504 0.7781457 0.8067526 0.8278438 0.9261278 0.0000000 1.0371433 1.0218663 1.1084734 1.5936610 1.0583992 1.4243479 1.3951293 1.8833612 1.4381124 1.4331582 1.5361083 1.3772124 2.0599356 1.3048353 1.2235401 1.4601891 1.4151893 1.2189219 1.1717033 1.1399718 1.5071996 1.1999008 1.1812846 1.2413051 1.2536104 1.2027399 1.3470151 1.1023998 1.0742942 1.2969943 1.1743698 1.2641574 1.2416344 1.3371708 1.2207788 1.2843372 1.3641719 1.0500530 1.4685820 1.1509432 1.2211617 1.3678256 1.2277410 1.1798488 2.5187315 1.3107585 1.1881855 1.1881855 1.2356799 1.1988577 1.2047061 1.3673406 1.2326550 1.3651809 1.3824487 1.5828199 1.6006075 1.6006075 1.5804000 1.6783836 1.6836027 1.5495364 1.6611356 1.5495653 1.5495653 2.5176385 1.9167016 2.1036132 1.6130853 1.7404631 1.4961838 1.3737881 3.5927072 
Saldol_EP00054_Salpingoeca_dolichothecata_P037665     0.9644624 1.1671019 1.1918908 1.8475852 1.2947375 1.3127025 1.3127025 1.3542632 1.5147314 0.8271254 0.8601940 0.7338613 0.8834655 0.8232923 0.9607965 1.0371433 0.0000000 1.0613269 0.9549066 1.6226536 1.2019289 1.2166495 1.1899595 1.5363070 1.2195016 1.4320495 1.5573167 1.2919190 2.1478402 1.1911811 1.0766478 1.3181915 1.2566339 1.1737225 1.0828650 1.0737958 1.4586575 1.0644971 1.0981274 1.0187763 1.0295354 1.2741634 1.1275820 1.0179181 1.1827363 1.1919054 1.1458031 1.1044364 1.2358289 1.2956564 1.1530448 1.1795336 1.3895101 1.0258719 1.3940415 1.2465081 1.2401807 1.2509394 1.3391081 1.2813533 2.2292306 1.3803018 1.2045723 1.2045723 1.2107353 1.1779446 1.2556341 1.3801088 1.3562857 1.3441839 1.6162474 1.6197639 1.6717685 1.6717685 1.4332354 1.5873971 1.5845612 1.5155568 1.7187767 1.6200758 1.6200758 3.0551711 1.9376805 2.2636777 1.5381156 1.6045636 1.3755316 1.2456107 3.4556687 
Salpun_EP00053_Salpingoeca_punica_P003442             0.9311847 1.2670249 1.1554500 1.4716792 1.0183137 1.1692519 1.1692519 1.1269508 1.3582403 0.8753443 0.8959685 0.8785667 0.9042944 0.9758057 0.8712307 1.0218663 1.0613269 0.0000000 0.6658306 1.8231785 1.0645385 1.4566349 1.4542427 1.8547920 1.4217845 1.4097907 1.5130606 1.3431216 2.1843219 1.3389308 1.2831800 1.4173033 1.2808575 1.1829951 1.2582683 1.3114712 1.5760962 1.2989276 1.2833104 1.2816711 1.2822876 1.2846000 1.2399800 1.0037661 1.3101515 1.2786224 1.3759718 1.3277539 1.1373749 1.4010274 1.2575096 1.3140032 1.3457571 1.1330167 1.5217648 1.1922112 1.3509630 1.2993215 1.4970150 1.2373242 1.8234367 1.2732123 1.3720942 1.3720942 1.3602880 1.4196967 1.4564659 1.5363994 1.4759492 1.4295263 1.5592144 1.4335735 1.4535142 1.4535142 1.6238384 1.5420419 1.5192746 1.4557184 1.6641926 1.5875740 1.5875740 2.6913803 2.0713982 2.2999877 1.4220645 1.6238588 1.3950254 1.3388167 3.2205041 
Salmac_EP00052_Salpingoeca_macrocollata_P004534       0.8120610 1.1415965 1.0815375 1.4339572 0.8845326 1.1964433 1.1964433 1.2949872 1.3669033 0.9544672 1.0513678 0.9767586 0.9224698 0.9657466 1.0103187 1.1084734 0.9549066 0.6658306 0.0000000 1.5667876 0.9904732 1.2441154 1.2666791 1.6029707 1.3545281 1.5013369 1.6140639 1.3081980 2.2310838 1.2655554 1.1816188 1.2050515 1.1024363 1.0571658 1.0805108 1.1102384 1.5264975 1.0573993 1.1180623 1.0742508 1.0809265 1.1676421 1.1728083 1.0660671 1.1460151 1.1239733 1.0908153 1.1143852 0.9432201 1.2714888 1.1098925 1.1364159 1.3400944 1.0447521 1.2968997 1.1162850 1.0921405 1.2145137 1.2358912 1.1482043 1.4280397 1.1143454 1.3225942 1.3225942 1.2930434 1.2670942 1.3165982 1.4266483 1.3243674 1.2941872 1.4258044 1.4092703 1.4680594 1.4680594 1.4673887 1.3385314 1.4622039 1.5080732 1.6095764 1.5799546 1.5799546 2.8344599 2.3149088 2.4467261 1.5887311 1.6358625 1.4398251 1.4531855 2.9936937 
Mylflu_EP00047_Mylnosiga_fluctuans_P016343            1.8498130 1.6868890 2.2227321 8.9999988 8.9999988 1.6864548 1.6864548 1.7095241 1.9672785 1.9598752 2.1961745 1.7206739 1.8532515 1.8739181 1.5814888 1.5936610 1.6226536 1.8231785 1.5667876 0.0000000 0.1790786 1.9817050 2.0635106 1.6632132 2.1628877 1.7218472 1.7218472 1.9643846 1.7218472 1.8370360 1.9431336 1.7496072 1.8403817 1.6025603 1.4317279 1.4321163 1.9145915 1.4637984 1.4321163 1.5750417 1.5750417 1.8335403 1.6505469 1.7929428 1.7497355 1.4851261 1.5487235 1.7131463 1.7471414 1.5501848 1.5656424 1.6550151 1.8480041 1.7900714 1.6472152 1.3766679 1.7836739 1.6826824 1.4505158 1.8085737 4.4900089 1.5469751 1.7690912 1.7690912 1.6864746 1.3659865 1.3345877 1.5571218 1.5935374 1.9087063 2.2344443 1.8263854 1.8270030 1.8270030 1.6601098 1.9785658 2.0993991 1.8665835 1.9000934 1.9956829 1.9956829 2.2595870 1.8884423 1.9786178 1.6051225 1.7068266 1.4143444 1.3688652 8.9999989 
Mylflu_EP00047_Mylnosiga_fluctuans_P016344            0.9547772 1.1407087 1.2754902 1.9579951 1.2300692 1.2082961 1.2082961 1.2678779 1.4507944 1.0770682 1.1737126 0.9512757 1.0554116 1.1161870 0.9200826 1.0583992 1.2019289 1.0645385 0.9904732 0.1790786 0.0000000 1.1141992 1.1117036 1.4952430 1.1754802 1.1747498 1.2590495 1.1008178 1.7950318 1.1082041 1.0888456 1.0738080 1.1675722 1.0165789 1.0181234 1.0687807 1.2752109 1.0644737 1.0689813 1.1174376 1.1245426 1.1190800 1.0392862 0.9744416 1.0581232 0.9689966 1.0360543 1.1157961 1.0563966 1.2154121 1.1206375 1.1581590 1.2251945 1.1256041 1.1608659 1.0790835 1.1108862 1.1632267 1.1678541 1.1283573 1.6181628 1.0876512 1.2506435 1.2506435 1.2068809 1.1973062 1.2400307 1.3543596 1.1203705 1.2924885 1.3015944 1.5895828 1.4809909 1.4809909 1.4512279 1.4546130 1.5110378 1.3117900 1.3746250 1.2980444 1.2980444 2.4106849 1.8581574 2.1536972 1.3976127 1.4102032 1.2947789 1.3964000 3.2937345 
Mlei_ML3434.g7.i1                                     1.1677455 1.5279395 1.4074989 1.9034741 1.3850340 1.5876685 1.5876685 1.7144635 1.5900826 1.2328601 1.3802989 1.2241529 1.4506172 1.3192334 1.3452354 1.4243479 1.2166495 1.4566349 1.2441154 1.9817050 1.1141992 0.0000000 0.0772779 0.0705950 0.1067284 0.2601938 0.3157842 0.1982003 0.5417077 0.2408077 0.2130320 0.2393883 0.5815628 0.5054262 0.5295752 0.5473858 0.8302211 0.5671638 0.5217940 0.5818738 0.5902845 0.5481614 0.4814797 0.3924140 0.5383409 0.5148109 0.5247881 0.5450337 0.5254105 0.5702007 0.5891938 0.6075744 0.6197268 0.4302466 0.7593553 0.5672149 0.5471007 0.5944441 0.6940033 0.6136948 0.8555423 0.6169397 0.8207810 0.8207810 0.7212360 0.7443621 0.8769102 0.8387364 0.7600073 0.7143195 0.9381308 1.2232355 1.2272357 1.2272357 1.1441947 1.1561600 1.1438941 0.9425457 0.9511689 1.0218673 1.0218673 2.1001110 1.4235616 1.6615392 1.7764050 1.7357551 1.6122019 1.3210973 2.2403464 
Beraby_Baby_sb340065                                  1.2052456 1.5472484 1.4488595 1.9187460 1.4014458 1.5586844 1.5586844 1.7708307 1.5514076 1.1945994 1.3300259 1.1939220 1.4706490 1.3293337 1.4069250 1.3951293 1.1899595 1.4542427 1.2666791 2.0635106 1.1117036 0.0772779 0.0000000 0.1365181 0.1295003 0.2888956 0.3498240 0.1997272 0.5951402 0.2351343 0.2174933 0.2428626 0.5515979 0.4913662 0.5269984 0.5222456 0.7726524 0.5330900 0.5089804 0.5788371 0.5871738 0.5357075 0.4842391 0.3871496 0.5500780 0.5318440 0.5473461 0.5427659 0.5238448 0.5493105 0.5671944 0.5717516 0.6323575 0.4253684 0.7631669 0.5721302 0.5170453 0.6130672 0.7206053 0.6040932 0.8249428 0.6217044 0.8366918 0.8366918 0.7482560 0.7852287 0.9030117 0.8731033 0.8163258 0.6461430 0.8987739 1.2214977 1.1960598 1.1960598 1.0878492 1.1700125 1.1378573 0.9483878 0.9670079 1.0309187 1.0309187 2.1161756 1.4422381 1.6295894 1.8427428 1.8151262 1.6709988 1.3185881 2.1344763 
Bolinf_Binf_sb1225434                                 1.4959385 1.8397159 1.5536271 6.1405675 5.0567428 1.7973560 1.7973560 1.8551787 1.7158672 1.4691037 1.6587075 1.4965960 1.7820116 1.6004012 1.7687941 1.8833612 1.5363070 1.8547920 1.6029707 1.6632132 1.4952430 0.0705950 0.1365181 0.0000000 0.1491867 0.3306686 0.3306686 0.2933516 0.3073690 0.4777914 0.4719806 0.4183680 0.8319978 0.6920715 0.7862816 0.7929149 1.0294027 0.8048231 0.7413035 0.8457354 0.8457354 0.7864829 0.6336612 0.3403088 0.8354527 0.8106259 0.8196193 0.6293924 0.7011892 0.7712340 0.7716933 0.8054735 0.9330769 0.3655034 1.1676885 0.7796144 0.7161984 0.7201501 0.8275215 0.9029245 1.8958702 0.8646048 1.0418685 1.0418685 0.9247597 0.9376703 0.9939692 0.9993856 1.0702818 0.9191301 1.4925791 1.4754755 1.4838715 1.4838715 1.1781246 1.4085145 1.4315305 1.1958192 1.1432020 1.2539634 1.2539634 1.3588071 1.3620731 1.3734017 2.1257834 1.9916083 1.8196638 1.2451534 8.9999980 
Lampan_Lpan_C398427_01                                1.2447504 1.5720056 1.4935596 2.0352230 1.4888728 1.5887073 1.5887073 1.7448769 1.5669876 1.2332882 1.3624492 1.1680692 1.4069301 1.3322508 1.3808149 1.4381124 1.2195016 1.4217845 1.3545281 2.1628877 1.1754802 0.1067284 0.1295003 0.1491867 0.0000000 0.2676307 0.3234778 0.1793571 0.5375064 0.2596527 0.2320789 0.2360059 0.5674907 0.4639666 0.4898967 0.4876732 0.7069350 0.5191237 0.4625987 0.5389859 0.5471831 0.5314217 0.4618643 0.3784950 0.5433367 0.5324951 0.5712324 0.5129454 0.5479045 0.5725667 0.5820239 0.6160688 0.5897717 0.4201733 0.7438752 0.5782919 0.5535751 0.5855328 0.7980640 0.6438168 0.8058904 0.6531939 0.8606439 0.8606439 0.7709045 0.8144443 0.9251551 0.8926594 0.8322965 0.6826089 0.9227189 1.2152574 1.2109623 1.2109623 1.2080288 1.2708927 1.2698245 0.9982239 1.0249832 1.0200657 1.0200657 2.1563792 1.4892891 1.7050636 1.7665358 1.7685519 1.7031768 1.3150244 2.1095286 
Coeast_Cast_sb784523                                  1.3214209 1.6405219 1.3214209 1.8338973 1.8338973 1.5948989 1.5948989 1.7348033 1.4678137 1.3735592 1.4227617 1.2606769 1.5667817 1.4664236 1.5501455 1.4331582 1.4320495 1.4097907 1.5013369 1.7218472 1.1747498 0.2601938 0.2888956 0.3306686 0.2676307 0.0000000 0.0276601 0.0262149 0.0219674 0.4646306 0.3856367 0.2845246 0.7796764 0.5740973 0.6724006 0.6891527 1.0250768 0.6829311 0.6282609 0.7334842 0.7334842 0.6648853 0.5718773 0.3662868 0.7591326 0.6821424 0.7105684 0.5690605 0.6574092 0.7086693 0.6767768 0.7513374 0.7668389 0.3349986 0.9120026 0.5983813 0.6136909 0.6240789 0.7513524 0.8501658 2.7842937 0.7329022 0.9952953 0.9952953 0.8634543 0.8866113 0.9697586 1.0937219 0.9170813 0.7939465 1.0712612 1.2769439 1.3154366 1.3154366 1.2736734 1.1783328 1.1958443 1.2382750 1.2885605 1.2412907 1.2412907 1.4324784 1.5895167 1.4324784 1.7166201 1.8325854 1.5647572 1.3206301 6.7346303 
Coeast_Cast_sb784525                                  1.4232165 1.6405219 1.4232165 2.3056792 2.3056792 1.7172875 1.7172875 1.8730176 1.5729699 1.4758380 1.5251939 1.3435503 1.6833354 1.5898934 1.6025058 1.5361083 1.5573167 1.5130606 1.6140639 1.7218472 1.2590495 0.3157842 0.3498240 0.3306686 0.3234778 0.0276601 0.0000000 0.0565293 0.0219674 0.5447394 0.4738338 0.3465622 0.8984380 0.6694105 0.7775737 0.7960984 1.0250768 0.7884000 0.7310915 0.8485371 0.8485371 0.7720884 0.6643785 0.4345417 0.8766282 0.7957993 0.8242269 0.6577849 0.7479339 0.8154993 0.7819336 0.8660130 0.8855399 0.4434140 1.0509296 0.7004886 0.7106959 0.7261218 0.7513524 0.9779729 2.7842937 0.8129331 1.1138632 1.1138632 0.9974506 0.9971591 0.9697586 1.2132852 1.0241527 0.9193117 1.1950038 1.4083583 1.4509527 1.4509527 1.2736734 1.3434014 1.3638433 1.3624475 1.4138451 1.3449063 1.3449063 1.4324784 1.5895167 1.4324784 1.9101334 2.0642976 1.8008612 1.3253350 8.9999984 
Coemet_Cmet_scaffold678_01                            1.2436664 1.6083747 1.5269063 2.0267391 1.4211562 1.6060893 1.6060893 1.7595253 1.5341611 1.3113835 1.4035162 1.2064255 1.4625980 1.3715830 1.3990286 1.3772124 1.2919190 1.3431216 1.3081980 1.9643846 1.1008178 0.1982003 0.1997272 0.2933516 0.1793571 0.0262149 0.0565293 0.0000000 0.2170818 0.3297964 0.2815942 0.1719156 0.6498581 0.5070980 0.5809460 0.5851202 0.7765827 0.6002446 0.5351970 0.6394874 0.6481136 0.5780913 0.5285035 0.4230099 0.6234433 0.5651534 0.6009614 0.5668938 0.5710016 0.6201946 0.6112635 0.6647731 0.6432122 0.5025742 0.7878851 0.5779711 0.5824584 0.6068652 0.7410784 0.7006216 0.8950240 0.6570531 0.8724039 0.8724039 0.7739055 0.8355325 0.9437806 0.9128320 0.8162284 0.7286609 0.9044865 1.2399438 1.2464753 1.2464753 1.2557277 1.1859708 1.2161288 1.0935545 1.1437423 1.1046790 1.1046790 2.2872907 1.6006373 1.8000038 1.7972767 1.9030041 1.7151092 1.3638970 2.2154772 
Coeast_Cast_sb784524                                  1.8959260 1.6327597 1.9586808 5.2446110 4.7702819 2.4249266 2.4249266 2.7229626 2.3612987 2.0457129 2.0958099 1.9274607 2.3128890 2.1351612 2.1630812 2.0599356 2.1478402 2.1843219 2.2310838 1.7218472 1.7950318 0.5417077 0.5951402 0.3073690 0.5375064 0.0219674 0.0219674 0.2170818 0.0000000 0.8380138 0.8184090 0.5744333 1.2873730 1.0263702 1.1387451 1.1449450 1.4581607 1.1339296 1.0901574 1.2168325 1.2167737 1.1027958 1.0027974 0.9129882 1.2987553 1.1925242 1.2190234 0.9980190 1.1209477 1.1539067 1.1527339 1.2657839 1.2866565 1.0082830 1.5027527 1.0714084 1.0163537 1.0447038 0.8315257 1.4101278 2.5443192 1.2001099 1.5280536 1.5280536 1.3885866 1.0730324 1.1091976 1.4636512 1.1651211 1.3205831 1.6885097 1.7350563 1.7930383 1.7930383 1.2736734 1.7200224 1.7331379 2.1089682 2.1527645 2.0207817 2.0207817 1.9429008 1.5895167 2.0891027 2.6799692 2.9462331 2.7738395 1.6983318 8.9063952 
Horcal_Hcv1.av93.c3.g1247.i1                          1.1939185 1.4585756 1.4412255 1.9602179 1.4185278 1.6219338 1.6219338 1.7138741 1.5386474 1.2478571 1.2713468 1.0422677 1.3138233 1.2538588 1.2207822 1.3048353 1.1911811 1.3389308 1.2655554 1.8370360 1.1082041 0.2408077 0.2351343 0.4777914 0.2596527 0.4646306 0.5447394 0.3297964 0.8380138 0.0000000 0.0429033 0.3136695 0.5909287 0.5604526 0.5426680 0.5163845 0.7908247 0.5250435 0.5028230 0.5381103 0.5460361 0.5383536 0.5236689 0.4208182 0.5587124 0.5425946 0.5582438 0.6094429 0.5786545 0.5969859 0.5347142 0.5585422 0.6399193 0.4932165 0.7849117 0.6017142 0.6246847 0.6030663 0.7634305 0.5751440 0.9890036 0.7096001 0.8091274 0.8091274 0.7370343 0.8300984 0.9777163 0.8697222 0.8346841 0.7779655 0.8678877 1.1891197 1.1806196 1.1806196 1.2363416 1.2865648 1.2267384 0.9022166 1.0343179 1.0037753 1.0037753 1.9882360 1.3461521 1.5766919 1.8863138 1.9375457 1.8209795 1.3557013 2.1956209 
Pbac_sb2666207                                        1.1618756 1.2998319 1.4283346 1.7701092 1.2396191 1.5953002 1.5953002 1.6695319 1.5993607 1.1660847 1.2260602 0.9516805 1.2578932 1.2268406 1.2727340 1.2235401 1.0766478 1.2831800 1.1816188 1.9431336 1.0888456 0.2130320 0.2174933 0.4719806 0.2320789 0.3856367 0.4738338 0.2815942 0.8184090 0.0429033 0.0000000 0.2645504 0.5451464 0.4814997 0.4727660 0.4815061 0.7070506 0.4673453 0.4638859 0.4602229 0.4686606 0.4916150 0.4623331 0.4366236 0.5026809 0.5221731 0.5273623 0.6163207 0.5880508 0.5268081 0.4998811 0.5345180 0.5948056 0.5099047 0.7075857 0.5759500 0.5871161 0.5833554 0.6456650 0.5894944 0.8188157 0.7056035 0.8141193 0.8141193 0.7785812 0.8510099 0.9558166 0.8990485 0.8500628 0.7373424 0.8411639 1.1250330 1.1325592 1.1325592 1.0973910 1.1922857 1.2040530 0.8914555 1.0250083 1.0075034 1.0075034 2.0823756 1.2505086 1.5375792 1.7394453 1.9791642 1.7665693 1.3219747 2.2750676 
Vmul_Simscaffold9973_01                               1.2142173 1.5812241 1.4932433 1.9596126 1.3753470 1.6084418 1.6084418 1.7567107 1.4380764 1.3399005 1.4058237 1.2718728 1.4255447 1.2647206 1.4320357 1.4601891 1.3181915 1.4173033 1.2050515 1.7496072 1.0738080 0.2393883 0.2428626 0.4183680 0.2360059 0.2845246 0.3465622 0.1719156 0.5744333 0.3136695 0.2645504 0.0000000 0.6467623 0.5631718 0.5812782 0.5607863 0.7990573 0.6224472 0.5571374 0.6440467 0.6526303 0.6061638 0.5770814 0.4234967 0.6583683 0.5269709 0.5701241 0.6252984 0.5462168 0.5923707 0.6458192 0.6920877 0.6471877 0.4968806 0.8001124 0.6214208 0.6893424 0.6441224 0.8671780 0.6788879 0.7976452 0.6756410 0.9081474 0.9081474 0.7945100 0.8492253 0.9336637 0.9062523 0.8192774 0.7771145 0.9886176 1.2716557 1.2779513 1.2779513 1.2629893 1.2865240 1.3094399 1.0231732 1.1207582 1.0782320 1.0782320 2.1935023 1.5361905 1.7215025 1.8038429 1.9027997 1.7915442 1.3037695 2.1020899 
Ctel_gnl_WGS_AMQN_CAPTEDRAFT_mRNA159615               1.1970441 1.4137308 1.5451604 2.2920713 1.4868311 1.7256333 1.7256333 1.9178883 1.6482679 1.1860609 1.2767315 1.0844795 1.2680593 1.2325895 1.1738080 1.4151893 1.2566339 1.2808575 1.1024363 1.8403817 1.1675722 0.5815628 0.5515979 0.8319978 0.5674907 0.7796764 0.8984380 0.6498581 1.2873730 0.5909287 0.5451464 0.6467623 0.0000000 0.4004904 0.4130460 0.3998483 0.5574646 0.4385771 0.4023393 0.4512457 0.4515985 0.4821975 0.4492953 0.3463314 0.4638238 0.3850985 0.3916725 0.4006922 0.3708212 0.4533941 0.4647176 0.4836686 0.5242738 0.3709589 0.5952642 0.4787348 0.4453523 0.5089753 0.6306332 0.5243252 0.6777790 0.5614847 0.7797599 0.7797599 0.7351033 0.7716150 0.8440384 0.8153466 0.7757905 0.6893961 0.7853675 1.1214734 1.1619825 1.1619825 1.0031377 1.0903925 1.1323421 1.0220303 1.1063820 1.1571312 1.1571312 2.3010020 1.5693850 1.8189573 1.8747864 1.8806277 1.7159890 1.5210236 2.1019704 
Nvec_v1g179634                                        1.1420461 1.3904561 1.4585415 2.1507033 1.4232511 1.5481684 1.5481684 1.7000152 1.4095578 1.0492374 1.2070087 0.9192690 1.1239120 1.0866363 1.2718829 1.2189219 1.1737225 1.1829951 1.0571658 1.6025603 1.0165789 0.5054262 0.4913662 0.6920715 0.4639666 0.5740973 0.6694105 0.5070980 1.0263702 0.5604526 0.4814997 0.5631718 0.4004904 0.0000000 0.1774010 0.1880474 0.2598871 0.2126452 0.1809362 0.2440706 0.2379554 0.1788169 0.2993755 0.2992513 0.3384713 0.3062285 0.2990197 0.3171678 0.3949439 0.4318738 0.4097167 0.4307275 0.4226546 0.2975080 0.5595970 0.4459304 0.4848755 0.4914315 0.5157518 0.5027933 0.8020075 0.5062155 0.6895050 0.6895050 0.6171872 0.6959412 0.7337358 0.7185988 0.7080034 0.5860338 0.7169364 0.8948536 0.8845104 0.8845104 0.7874762 0.8554396 0.9033722 0.9183938 0.9961686 0.9463125 0.9463125 2.1338112 1.4054422 1.6547023 1.6433765 1.6492254 1.5530818 1.3751749 1.8896754 
Gasp_gasp1.m3.17899.m1                                1.1928840 1.3176248 1.5529905 2.2695299 1.4431454 1.6363183 1.6363183 1.7153158 1.5037538 1.0643509 1.1896063 0.9074282 1.1242909 1.0433386 1.1440156 1.1717033 1.0828650 1.2582683 1.0805108 1.4317279 1.0181234 0.5295752 0.5269984 0.7862816 0.4898967 0.6724006 0.7775737 0.5809460 1.1387451 0.5426680 0.4727660 0.5812782 0.4130460 0.1774010 0.0000000 0.0799988 0.0837087 0.0762522 0.0828687 0.1837430 0.1780956 0.2402251 0.2831470 0.3161081 0.3443316 0.3140415 0.3094932 0.3006159 0.4107129 0.4207201 0.4047189 0.4073531 0.4589094 0.3027747 0.5144967 0.4460314 0.4175980 0.4496478 0.4478719 0.4924753 0.9248457 0.5292517 0.6621571 0.6621571 0.5933760 0.6145282 0.6442458 0.6633377 0.6646212 0.6485453 0.7509791 0.9197724 0.9318649 0.9318649 0.8374606 0.9938815 0.9868221 0.8873009 0.9480782 0.9366547 0.9366547 2.0345440 1.3996880 1.6547682 1.6137748 1.7082738 1.6018434 1.4535184 1.8635930 
Spis_XP_022781511_1                                   1.1637490 1.3036746 1.5198407 2.1742650 1.3822469 1.5688225 1.5688225 1.7038834 1.4725756 1.0821075 1.2305048 0.9125259 1.0949620 1.0070915 1.1924808 1.1399718 1.0737958 1.3114712 1.1102384 1.4321163 1.0687807 0.5473858 0.5222456 0.7929149 0.4876732 0.6891527 0.7960984 0.5851202 1.1449450 0.5163845 0.4815061 0.5607863 0.3998483 0.1880474 0.0799988 0.0000000 0.0983554 0.0657068 0.0478879 0.1662232 0.1606833 0.2324543 0.2686561 0.3262567 0.3356719 0.3213835 0.2982610 0.3055467 0.3924011 0.4103157 0.3816306 0.3920111 0.4462156 0.3112423 0.4990515 0.4316169 0.4156502 0.4832136 0.4546468 0.5002610 0.8095380 0.5037611 0.6576215 0.6576215 0.5587250 0.6162925 0.6647903 0.6615299 0.6317661 0.6417928 0.7562252 0.9255775 0.9153174 0.9153174 0.8309433 0.9837956 0.9929851 0.9164353 0.9280810 0.9799977 0.9799977 2.0443048 1.4081478 1.6640153 1.6945819 1.7385724 1.6225040 1.4295297 1.8833913 
Fspp_ffun1.m4.6239.m1                                 1.4135713 1.8185236 2.1028580 3.8938684 1.8135648 2.0457438 2.0457438 2.0684871 2.0416662 1.4179230 1.4631565 1.1313066 1.2663012 1.1833869 1.5610290 1.5071996 1.4586575 1.5760962 1.5264975 1.9145915 1.2752109 0.8302211 0.7726524 1.0294027 0.7069350 1.0250768 1.0250768 0.7765827 1.4581607 0.7908247 0.7070506 0.7990573 0.5574646 0.2598871 0.0837087 0.0983554 0.0000000 0.0507630 0.1230943 0.2088526 0.1998663 0.2965144 0.3259279 0.2885315 0.4576365 0.4522150 0.4415457 0.3295505 0.4910180 0.6304397 0.5469450 0.5273104 0.7079361 0.4435295 0.7298624 0.5893692 0.5284326 0.6180136 0.6477188 0.7088608 0.9045449 0.6313382 0.9291726 0.9291726 0.7929294 0.9738075 0.9941950 0.7979054 0.9604928 0.7471547 1.1620614 0.9077072 0.9432879 0.9432879 0.8190437 0.9999053 1.0282441 1.2564484 1.3290509 1.3760879 1.3760879 3.1715302 1.7763271 2.5032555 2.1727933 2.3945911 2.3713439 1.7247825 1.4307899 
Gfas_gfas1.m1.595.m1                                  1.1721341 1.3117997 1.5118761 2.1109650 1.3704754 1.5646354 1.5646354 1.6626666 1.4693533 1.1275077 1.2158771 0.9036250 1.0824271 1.0396889 1.2590176 1.1999008 1.0644971 1.2989276 1.0573993 1.4637984 1.0644737 0.5671638 0.5330900 0.8048231 0.5191237 0.6829311 0.7884000 0.6002446 1.1339296 0.5250435 0.4673453 0.6224472 0.4385771 0.2126452 0.0762522 0.0657068 0.0507630 0.0000000 0.0935520 0.1706327 0.1651075 0.2523027 0.2606386 0.3407933 0.3516166 0.3364426 0.3206292 0.2769563 0.4214399 0.4414277 0.4217724 0.4210263 0.4961346 0.3568329 0.5273945 0.4627985 0.4082312 0.4786125 0.4360181 0.5130674 0.9235687 0.5489223 0.6746512 0.6746512 0.5875664 0.6285639 0.6761022 0.6924045 0.6877216 0.6476341 0.7476598 0.9230519 0.9336599 0.9336599 0.8118048 1.0006356 1.0130777 0.9275270 0.9750753 0.9774419 0.9774419 1.9790312 1.3515573 1.6073512 1.6892983 1.7534478 1.6818318 1.5129899 1.9827180 
Pocdam_XM_027202812.1                                 1.1499179 1.3048197 1.5242406 2.1748065 1.3479156 1.5832644 1.5832644 1.6833372 1.4849084 1.1465201 1.2430856 0.9475396 1.0941766 1.0393430 1.1862786 1.1812846 1.0981274 1.2833104 1.1180623 1.4321163 1.0689813 0.5217940 0.5089804 0.7413035 0.4625987 0.6282609 0.7310915 0.5351970 1.0901574 0.5028230 0.4638859 0.5571374 0.4023393 0.1809362 0.0828687 0.0478879 0.1230943 0.0935520 0.0000000 0.1775532 0.1718190 0.2214822 0.2668476 0.3194312 0.3411215 0.3289228 0.3159946 0.3041557 0.4106168 0.4137233 0.3719089 0.3749397 0.4379676 0.3071371 0.5063626 0.4224731 0.4156998 0.4708517 0.4703356 0.4972857 0.7338746 0.5297897 0.6677674 0.6677674 0.5784786 0.6490227 0.6701732 0.6719960 0.6634032 0.6695289 0.7477117 0.9354923 0.9251622 0.9251622 0.8470773 0.9773658 0.9907360 0.9091820 0.9252388 0.9541226 0.9541226 2.0232091 1.3634630 1.6404896 1.7371944 1.7783203 1.5742226 1.4559812 1.9170794 
Adig_XM_015906968.1                                   1.2334475 1.3903252 1.5777941 2.2510145 1.4816613 1.6299878 1.6299878 1.7808198 1.4814943 1.1938731 1.2727658 0.9733408 1.1287696 1.0636485 1.2843292 1.2413051 1.0187763 1.2816711 1.0742508 1.5750417 1.1174376 0.5818738 0.5788371 0.8457354 0.5389859 0.7334842 0.8485371 0.6394874 1.2168325 0.5381103 0.4602229 0.6440467 0.4512457 0.2440706 0.1837430 0.1662232 0.2088526 0.1706327 0.1775532 0.0000000 0.0045133 0.2865017 0.3034648 0.3488316 0.3499081 0.3871945 0.3737630 0.3366196 0.4385361 0.5141829 0.4327790 0.4565283 0.5435203 0.3592279 0.5642970 0.4836217 0.4731311 0.5124299 0.5832386 0.5629030 0.9899222 0.5692128 0.7988858 0.7988858 0.6965931 0.7507924 0.8503974 0.8254934 0.7492307 0.7427383 0.8446294 0.9685669 0.9934522 0.9934522 0.7854778 0.9953684 1.0238705 0.9337426 0.9431492 0.9441963 0.9441963 2.0154132 1.3064830 1.5892310 1.7252840 1.9476027 1.8100732 1.4804421 2.0482231 
Amil_Amillepora22306-RA                               1.2204695 1.3903252 1.5618379 2.2111288 1.4556545 1.6358860 1.6358860 1.7869339 1.4821890 1.1886630 1.2676524 0.9739115 1.1352986 1.0642213 1.2849503 1.2536104 1.0295354 1.2822876 1.0809265 1.5750417 1.1245426 0.5902845 0.5871738 0.8457354 0.5471831 0.7334842 0.8485371 0.6481136 1.2167737 0.5460361 0.4686606 0.6526303 0.4515985 0.2379554 0.1780956 0.1606833 0.1998663 0.1651075 0.1718190 0.0045133 0.0000000 0.2930490 0.3037048 0.3582247 0.3567808 0.3875040 0.3740568 0.3339699 0.4388807 0.5064311 0.4255541 0.4491719 0.5400839 0.3552374 0.5674969 0.4865424 0.4700322 0.5128166 0.5832386 0.5594670 0.9899222 0.5775026 0.7895685 0.7895685 0.6877544 0.7507924 0.8503974 0.8158992 0.7492307 0.7520104 0.8549969 0.9793346 1.0042985 1.0042985 0.7854778 1.0057727 1.0344615 0.9398732 0.9491729 0.9503089 0.9503089 2.0226537 1.3064830 1.5879017 1.7260430 1.9484326 1.8109694 1.4959737 2.0223786 
Exapal_XM_021049461.2                                 1.1666097 1.3774245 1.5380454 2.3591096 1.4796280 1.6277497 1.6277497 1.7406820 1.4928516 1.0994261 1.2962857 1.0063537 1.1482370 1.0537669 1.2536747 1.2027399 1.2741634 1.2846000 1.1676421 1.8335403 1.1190800 0.5481614 0.5357075 0.7864829 0.5314217 0.6648853 0.7720884 0.5780913 1.1027958 0.5383536 0.4916150 0.6061638 0.4821975 0.1788169 0.2402251 0.2324543 0.2965144 0.2523027 0.2214822 0.2865017 0.2930490 0.0000000 0.2865553 0.2681058 0.2911803 0.3377342 0.3197737 0.3533154 0.3999692 0.5097802 0.4406852 0.4359554 0.5321155 0.3606770 0.6493466 0.4871242 0.4830270 0.5154779 0.5480571 0.5130772 0.9204635 0.5230705 0.6705719 0.6705719 0.6083104 0.6655683 0.7295511 0.7161327 0.6696365 0.5947633 0.7556466 0.8245920 0.7802037 0.7802037 0.7331986 0.9086457 0.9245139 1.0055447 1.0337271 1.0240365 1.0240365 2.1945418 1.4514263 1.7277212 1.6763272 1.6852290 1.5304189 1.4158189 2.0394923 
