81
Emue_Em0018g311a.t1                                0.0000000 0.3701010 0.3902460 0.4506853 1.2822204 1.6471630 1.7687104 1.7737882 1.8991814 1.6724924 2.0243445 1.7702865 1.6995479 1.2666104 1.4474333 1.6841954 2.1338255 2.1543897 1.5760677 1.6335898 1.2683764 1.5202787 1.6554702 1.6105603 1.6651849 1.6612878 1.7638147 1.7063809 1.5798676 1.6843962 1.4804393 2.2012870 2.0931734 2.0489347 2.0489347 1.8165213 2.3303610 2.0600283 2.0175515 1.9335511 1.6021023 1.9862618 1.9599762 2.1379915 2.1379915 2.0594295 1.5090968 2.2106521 2.4317279 2.6943970 2.0743243 2.6784259 1.4139306 2.1533395 2.3085780 2.1136783 2.3362672 2.2269260 2.5249229 2.2406368 2.2022670 2.6397290 2.7360858 2.0920440 2.9610706 2.7749369 2.4583774 2.3259396 2.7240987 3.2206590 2.9757685 3.0567700 3.2393663 2.7324524 2.4777085 4.2795936 1.9569549 2.2231599 1.9914100 1.5599816 3.9911789 
Spolac_c101738_g1_i1_m.26600c101738-g1             0.3701010 0.0000000 0.0000010 0.0000010 1.5744614 2.2622442 2.0893315 2.0854413 2.1545440 1.9964351 2.2622905 2.1760071 2.3332586 1.0628252 1.6978295 2.2366339 2.6993348 2.7942574 1.7284261 2.0048109 1.0831355 2.0032626 2.0963921 2.4222670 2.2667666 2.6129287 2.4693693 2.7108294 2.2038840 1.7769266 2.0029391 2.8170425 2.4918063 2.6653550 2.6653550 2.4809278 2.5177375 2.9233069 2.9130422 2.6540195 1.8768422 2.6704867 2.2856670 2.7286835 2.7286835 3.1150030 1.3151921 3.1136536 3.8863792 3.4831371 2.4023589 3.4282081 1.7773774 3.4621851 3.5226781 0.0000010 3.2990334 2.7680254 3.5787749 2.3560806 3.1554081 3.3479971 3.0743558 2.4829086 4.3451634 3.4584711 3.0210085 3.3756607 2.9287146 3.8828133 4.0046945 4.6183501 3.4195588 3.1863369 0.0000010 5.8100241 2.8826522 2.8826522 2.8826522 0.0000010 5.1612364 
Spolac_c101738_g1_i3_m.26601c101738-g1             0.3902460 0.0000010 0.0000000 0.0000010 1.1975161 1.4999070 1.5582456 1.5604723 1.7995699 1.4812485 1.8573265 1.6180637 1.6294216 1.3270996 1.4225556 1.7425813 2.1543358 2.1790337 1.6360271 1.5769750 1.1371709 1.4834094 1.5954789 1.6929027 1.5906067 1.6369119 1.7535124 1.7493895 1.4928171 1.4358799 1.4452716 2.1350590 2.1846086 2.0495409 2.0583523 1.8359704 2.1308411 1.9748996 1.9095953 1.8196522 1.5072091 1.8932598 1.9823221 2.4038764 2.4038764 2.3337829 1.5084245 2.2862464 2.7203120 2.7622632 2.1008558 2.6765589 1.4784372 2.1455798 2.3634462 1.8196917 2.3634614 2.1485452 2.7225301 2.1356916 2.3799689 2.5239671 2.4182739 1.8731616 3.3001762 2.8236614 2.5544001 2.3174572 2.5403959 3.1513800 2.7561226 2.9033350 2.8697468 2.6761608 2.4230828 4.1255844 1.9376928 2.0758344 1.9446559 1.5663276 3.8936377 
Spolac_c101738_g1_i1_m.26599c101738-g1             0.4506853 0.0000010 0.0000010 0.0000000 0.8940361 1.0352185 1.1577230 1.1976446 1.4891040 1.1548854 1.6303732 1.2762927 1.1740820 1.5438171 1.2875750 1.3604028 1.8307494 1.7902395 1.6661263 1.2277446 1.2784823 1.1876776 1.3371780 1.2309322 1.2024977 1.0456536 1.3290096 1.1561988 1.0356467 1.2369894 1.0758982 1.5939694 1.9676646 1.5416141 1.5563956 1.2744660 1.7715596 1.3534640 1.3033975 1.2976164 1.3855422 1.4005759 1.5968735 2.0509499 2.0509499 1.6797899 1.5994562 1.6281620 1.8597599 2.1600123 1.8215717 2.0865589 1.0856027 1.4876755 1.6994430 1.8196917 1.8023489 1.8626365 1.9776698 1.9131527 1.7455213 1.9124804 1.9041050 1.2762188 2.3805298 2.3096530 2.0882823 1.6882341 2.2330119 2.5372026 2.0774474 2.1217039 2.4575549 2.3312696 2.4230828 2.7150815 1.1903687 1.5197921 1.2087266 1.5663276 2.9553440 
Tetwil_g20383.t1                                   1.2822204 1.5744614 1.1975161 0.8940361 0.0000000 1.6801328 1.6087474 1.5782624 1.7410959 1.5347965 1.7449770 1.5386704 1.5286342 1.3043749 1.3293720 1.8993375 1.9397284 2.0345605 1.5132278 1.5958122 1.2439346 1.5667743 1.6528432 1.7204808 1.6454628 1.5732409 1.7025013 1.6689835 1.6108354 1.4406314 1.2901309 2.1224691 2.1569213 1.9262625 1.9240818 1.6360310 2.1292338 1.8157921 1.7415635 1.6461575 1.6728835 1.8240258 2.1640775 2.3147003 2.3147003 2.1353261 1.6749939 2.5585999 2.5088172 2.8790375 2.2781887 2.9097069 1.4071874 2.2574812 1.8852707 1.8730242 1.9380645 1.7455129 2.6273082 2.2896843 2.1317945 2.2760861 2.0674489 1.6338413 3.3401634 2.5595864 2.6317966 2.0981084 2.4568647 3.0389878 2.3181735 2.5481672 2.7200665 2.4217040 2.9351861 3.9194353 1.9021619 2.1529562 1.9209110 1.3621267 3.4490861 
Bralan_BLAG07000831_4                              1.6471630 2.2622442 1.4999070 1.0352185 1.6801328 0.0000000 0.9768479 0.9586896 1.1038427 0.9620532 1.1613923 1.0579088 0.9818835 0.8119710 0.7586974 1.3757243 1.3275412 1.3369143 0.9488696 1.2777465 0.8596902 0.8484334 1.0087475 1.0387608 1.0217394 1.0288519 1.1792085 1.0962479 1.0370742 0.9469955 2.0011603 1.6734708 1.5350341 1.4308191 1.4328922 1.2437308 1.7584975 1.5579812 1.4695612 1.2261658 1.1022660 1.4947778 1.9296788 2.2239339 2.2239339 1.9905002 1.4297127 2.5597327 2.8194735 2.6384229 1.9879298 2.5951796 2.0211674 1.4376872 1.7272439 1.6556816 1.7780712 1.6865552 2.4113968 2.1924601 2.1244064 2.0838769 2.1758137 1.4454340 2.8862466 2.7623998 2.7880980 1.7608459 2.5947860 3.8115577 2.2918781 2.4354247 2.7297632 2.4914043 2.5732474 3.4759275 1.7953157 1.9984425 1.7861261 1.4017076 3.8006506 
Spis_XP_022799379_1                                1.7687104 2.0893315 1.5582456 1.1577230 1.6087474 0.9768479 0.0000000 0.0926162 0.3208792 0.2786976 0.4507236 0.5173847 0.7799781 0.7176042 0.5627933 1.1518873 1.1547720 1.1756262 0.7456848 1.1855281 0.9311043 1.0739990 1.2971819 1.1291256 1.2674920 1.2196166 1.2028035 1.2405644 1.2764892 1.1517412 1.9328900 1.5846506 1.5027576 1.3979806 1.4097837 1.2865592 1.7647699 1.6229036 1.4645861 1.2586264 1.1871235 1.6009437 1.8089659 2.0156772 2.0156772 1.8126612 1.3383169 2.3717743 2.5396860 2.6970871 1.8907573 2.6639742 1.9716033 1.7038076 1.6580992 1.5595249 1.6694445 1.5683837 2.2755548 2.2980592 2.1946356 2.4705728 2.1054668 1.4092612 3.0337812 2.7158845 2.9012415 1.6256763 2.6612913 3.9701170 2.2433869 2.5775268 2.5180520 2.5434419 2.6537570 3.6939337 1.9050079 2.0849490 1.9227515 1.5069462 3.6738448 
Pocdam_XM_027200936.1                              1.7737882 2.0854413 1.5604723 1.1976446 1.5782624 0.9586896 0.0926162 0.0000000 0.3199252 0.2532461 0.4575959 0.5125813 0.7746804 0.7352103 0.6062419 1.1312552 1.1382872 1.1182285 0.7513994 1.1652103 0.8859769 1.0306780 1.2334418 1.0912932 1.2145573 1.1957411 1.2165906 1.2162118 1.2807785 1.1165893 1.8954471 1.5494020 1.4426994 1.3371116 1.3483869 1.2408077 1.7599454 1.5723263 1.4759836 1.2680930 1.1787325 1.5588780 1.8096972 2.0037735 2.0037735 1.8156124 1.3640116 2.3119142 2.5063327 2.5943669 1.8767295 2.6461060 1.8471584 1.7165331 1.6066172 1.5543130 1.6274528 1.4978786 2.2577020 2.2156881 2.1148507 2.3144479 2.0395730 1.3855962 2.9711655 2.5939160 2.9999136 1.6151002 2.5384987 3.8911484 2.1957155 2.4468072 2.4209581 2.4930970 2.6293762 3.4513804 1.9732058 2.1721542 1.9911790 1.5691315 3.5739361 
Fspp_ffun1.m4.19675.m1                             1.8991814 2.1545440 1.7995699 1.4891040 1.7410959 1.1038427 0.3208792 0.3199252 0.0000000 0.2775784 0.3812844 0.5439574 0.9248185 0.8561614 0.6263492 1.2503509 1.2532435 1.2891825 0.8828350 1.2377952 0.9414954 1.0891938 1.2446589 1.2645720 1.3391051 1.2981837 1.2837766 1.3612330 1.2959319 1.2340364 2.2087045 1.6357200 1.5845419 1.4832768 1.4772640 1.3815267 1.5290820 1.5655189 1.6731798 1.4175316 1.2187187 1.7621802 2.1073357 2.2387721 2.2387721 2.1074572 1.6149379 2.6152249 2.8979785 3.2913092 2.1529361 2.9964486 2.0013978 1.8454379 1.8922964 2.2479766 1.6921312 1.6067130 2.7459831 2.4897389 2.4183045 2.8850173 2.6236076 1.5675192 3.3408077 2.8473469 3.0997235 1.8293886 3.1588518 4.0037862 2.6809036 3.1123810 2.7770516 2.9246510 5.0834445 3.9888505 1.9765973 2.0418397 1.9765973 1.4003300 4.0311608 
Gasp_gasp1.m3.26310.m1                             1.6724924 1.9964351 1.4812485 1.1548854 1.5347965 0.9620532 0.2786976 0.2532461 0.2775784 0.0000000 0.4551308 0.4947003 0.8096622 0.6873613 0.5827113 1.0538028 1.0959330 1.0991194 0.7624984 1.1133896 0.9914336 1.0119937 1.1855207 0.9995021 1.1858769 1.1465649 1.1929256 1.1702562 1.1857756 1.0619210 1.8832694 1.5628674 1.5103391 1.3572518 1.3696262 1.2249577 1.6970521 1.4018476 1.4426587 1.2279671 1.1777972 1.5313214 1.7739860 1.9969395 1.9969395 1.8751995 1.5042395 2.2665539 2.4420554 2.5165530 1.8689179 2.4020565 1.7977419 1.5724883 1.4874402 1.4317533 1.6440947 1.4681995 2.2060148 2.2402543 2.1197419 2.4356990 2.1556732 1.4468016 3.0170003 2.6478713 2.8146940 1.5319071 2.8958743 4.0533918 2.3889307 2.7150534 2.6418039 2.6768801 2.4378313 3.5138960 1.8432576 2.0377593 1.8621216 1.4106120 3.8907292 
Gfas_gfas1.m1.2353.m1                              2.0243445 2.2622905 1.8573265 1.6303732 1.7449770 1.1613923 0.4507236 0.4575959 0.3812844 0.4551308 0.0000000 0.4011590 0.9902115 0.9816727 0.6558962 1.3042792 1.3511561 1.3910316 0.9324915 1.2719294 1.0377170 1.1436080 1.2909064 1.3634122 1.4719403 1.3535402 1.3341008 1.3139736 1.4190334 1.2321522 2.0952058 1.5899560 1.5468608 1.5039170 1.5014795 1.3121017 1.6879999 1.5541263 1.6478932 1.4532172 1.3326955 1.7096957 2.0759366 2.2917480 2.2917480 2.1446828 1.5707901 2.6665040 2.9743783 2.9006872 2.1019082 2.7918828 2.1015675 1.9295125 1.8316044 2.2403096 1.8208320 1.6479899 2.7231933 2.7225162 2.4079663 2.7161468 2.4547244 1.3330542 3.2713197 2.9936551 3.0474782 1.7525307 3.1006930 4.0493220 2.3505700 2.9223926 2.5405351 2.7175426 3.6840924 3.8306573 1.8950156 2.1081663 1.9040639 2.1209132 4.1413593 
Adig_XM_015896180.1                                1.7702865 2.1760071 1.6180637 1.2762927 1.5386704 1.0579088 0.5173847 0.5125813 0.5439574 0.4947003 0.4011590 0.0000000 0.8724755 0.7446966 0.5975384 1.1408915 1.1708615 1.2144305 0.8576100 1.1602000 0.8782982 1.0552171 1.1561427 1.1730492 1.1848328 1.1581496 1.2813093 1.2649792 1.3072285 1.1490375 1.8362134 1.6035330 1.5507867 1.3830134 1.3855912 1.2063108 1.6310579 1.4410612 1.4862670 1.2929995 1.1743344 1.5543009 1.7365382 2.0116279 2.0116279 1.8340374 1.1921591 2.1660235 2.3010962 2.3652368 1.8693139 2.5375497 1.9289726 1.8390226 1.7912489 1.5771746 1.6575793 1.6042401 2.4083469 2.2812428 2.2137724 2.3889798 2.1937881 1.3384615 3.0171787 2.6378571 2.9743758 1.5643710 2.5497512 3.4569872 2.2586225 2.5191448 2.5329547 2.4301484 2.6243313 3.8226714 1.8370700 2.0423934 1.8464708 1.3419925 3.6160311 
Exapal_XM_021040983.2                              1.6995479 2.3332586 1.6294216 1.1740820 1.5286342 0.9818835 0.7799781 0.7746804 0.9248185 0.8096622 0.9902115 0.8724755 0.0000000 0.1009035 0.5626259 1.1961780 1.2722008 1.2962055 0.8481006 1.1916741 0.8977944 1.1055472 1.1802229 1.2146242 1.2123262 1.0886620 1.1065735 1.1274837 1.1884995 1.1310536 1.7874004 1.4801906 1.3067207 1.3081243 1.3186033 1.1273811 1.5395168 1.3639723 1.5028614 1.2910811 1.1226871 1.5167952 1.7250690 1.8667833 1.8667833 1.8041031 1.4045698 2.1311076 2.4397238 2.6931434 1.7638910 2.5713318 1.9921885 1.6419193 1.7581887 1.4294372 1.6766028 1.4739819 2.1997036 2.1226504 2.1811055 2.2156537 2.1533356 1.2241999 3.1351013 2.4734662 2.2670264 1.5477220 2.6515642 3.8106407 2.3676936 2.4237525 2.6721036 2.4597025 2.9766241 3.0279056 1.7346587 1.9378142 1.7459708 1.3778477 3.8721252 
Exapal_XM_028663687.1                              1.2666104 1.0628252 1.3270996 1.5438171 1.3043749 0.8119710 0.7176042 0.7352103 0.8561614 0.6873613 0.9816727 0.7446966 0.1009035 0.0000000 0.7426782 0.8803089 0.9705766 0.9265276 0.9610353 0.8769794 1.1860951 0.8030867 0.9627021 0.9011570 0.9041724 0.8904393 0.8874527 1.0166128 0.9932486 1.2278425 1.4000133 1.0921952 1.0948254 1.1233021 1.1336637 1.0951514 1.4279198 1.0783933 1.2394960 1.2031764 1.1610971 1.4013731 1.3190290 1.5367128 1.5367128 1.4714187 1.6682241 1.5111497 1.9895166 2.2798924 1.2369870 1.6734759 1.4378010 1.4170132 1.4671886 1.6035854 1.4382864 1.2874892 1.4513566 1.6398862 1.3612736 1.7057711 1.5609471 1.1063222 2.2886869 1.9860553 1.5380599 1.3257143 2.7074249 2.8932142 2.1750504 2.1612692 2.0923342 2.3484770 3.3400057 2.2885465 1.6371398 1.9749761 1.6126786 1.3294866 3.6008508 
Nvec_v1g89550                                      1.4474333 1.6978295 1.4225556 1.2875750 1.3293720 0.7586974 0.5627933 0.6062419 0.6263492 0.5827113 0.6558962 0.5975384 0.5626259 0.7426782 0.0000000 0.9075945 0.8680220 0.8923394 0.8265171 0.9872951 0.8470151 0.7676950 0.9388804 0.8670661 0.8570598 0.8649683 0.9568496 0.8632346 0.9461639 1.0011485 1.2348810 1.0933566 1.2341537 1.0385456 1.0437887 0.9623492 1.0675014 1.0508510 1.1350956 1.1152784 0.9915502 1.4077015 1.3496719 1.6825736 1.6825736 1.7534919 1.4106942 1.9425193 2.1948091 2.7119144 1.4347849 1.9807182 1.3756425 1.3260664 1.3895206 1.3553287 1.1815348 1.0982921 1.8831818 1.9304613 1.7353280 1.8456977 1.6302230 1.2171076 2.4163167 2.0421729 2.3332167 1.0415372 2.7902625 3.0140716 2.3625827 2.4698598 2.5142837 2.3513766 2.4779426 3.6428689 1.5310105 1.6391119 1.5282105 0.9262091 3.8258011 
Morvir_scaffold82.g49.t1                           1.6841954 2.2366339 1.7425813 1.3604028 1.8993375 1.3757243 1.1518873 1.1312552 1.2503509 1.0538028 1.3042792 1.1408915 1.1961780 0.8803089 0.9075945 0.0000000 0.9495292 0.9647520 0.6527298 0.9594407 0.9884407 1.0446809 1.3329114 1.2099753 1.2146652 1.2928155 1.2934518 1.1734822 1.4487856 1.3925841 2.0422898 1.4779891 1.3780166 1.3019006 1.3108114 1.1616666 1.6765136 1.5284301 1.6903249 1.4431547 1.1397832 1.5548008 1.7019897 2.1522260 2.1522260 1.9585650 1.2984313 2.2044074 2.3824568 2.7310493 1.8287126 2.4756176 2.1916975 1.8108107 1.7511280 1.4646393 1.6125937 1.4545531 2.3082912 2.1292221 2.0897190 2.4127583 2.2271092 1.4482791 2.7913793 2.7194524 2.6420385 1.3439741 2.5856648 3.3616580 2.3656070 2.6938192 2.8128498 2.2309414 2.1022084 3.9683053 2.1011716 2.3079039 2.1158579 1.6210501 3.6026512 
Rhoesc_Res_011375-T1                               2.1338255 2.6993348 2.1543358 1.8307494 1.9397284 1.3275412 1.1547720 1.1382872 1.2532435 1.0959330 1.3511561 1.1708615 1.2722008 0.9705766 0.8680220 0.9495292 0.0000000 0.1164202 0.2282222 0.9799033 0.9192094 1.2336411 1.2828391 1.3731833 1.3399715 1.3327289 1.6016083 1.3210350 1.5269845 1.4171930 2.1554412 1.6907426 1.6080886 1.5719200 1.5833268 1.3694797 1.7839097 1.6629038 1.6530400 1.4644309 1.2748958 1.7883682 1.7760191 2.1726799 2.1726799 1.8628737 1.4308768 2.6098811 2.6616904 2.7329817 1.9657046 2.6240606 2.1223099 1.8940034 1.6674031 1.5674368 1.5201980 1.5628671 2.4391292 2.3049514 2.3801043 2.6487684 2.3988585 1.3987453 3.0444883 2.7120298 2.7490276 1.5098514 2.7117121 3.8961981 2.2107164 2.5175662 2.5762719 2.4049503 2.3004766 3.8365145 1.9069850 2.1229601 1.9274522 1.8530364 3.7553758 
Nemnom_g12490.t1                                   2.1543897 2.7942574 2.1790337 1.7902395 2.0345605 1.3369143 1.1756262 1.1182285 1.2891825 1.0991194 1.3910316 1.2144305 1.2962055 0.9265276 0.8923394 0.9647520 0.1164202 0.0000000 0.2414225 0.9514176 0.9085750 1.2758151 1.3322412 1.4346896 1.4020117 1.3571316 1.5652366 1.3412579 1.5643459 1.3946785 2.1575743 1.7425418 1.6794779 1.6306382 1.6425504 1.3873878 1.8364929 1.6885265 1.6396312 1.4575530 1.2642022 1.8352173 1.7927833 2.2113204 2.2113204 1.8958457 1.4190490 2.4904913 2.7165932 2.8070733 1.9973872 2.5935415 2.1436937 1.8986079 1.7612878 1.4468713 1.6047221 1.5483500 2.4619920 2.2469354 2.3285490 2.6383528 2.4322686 1.3717618 3.0663272 2.6976525 2.7926666 1.5675657 2.7056758 4.0334784 2.2163223 2.5222078 2.7196621 2.4645175 2.3176303 3.8240620 1.9976902 2.1977786 2.0092012 1.9392535 3.8275772 
Aaur_scaffold235.g19.t1                            1.5760677 1.7284261 1.6360271 1.6661263 1.5132278 0.9488696 0.7456848 0.7513994 0.8828350 0.7624984 0.9324915 0.8576100 0.8481006 0.9610353 0.8265171 0.6527298 0.2282222 0.2414225 0.0000000 0.6287035 0.7823844 0.9796909 1.0481278 1.0417242 1.0280256 1.1205568 1.0828920 1.0324321 1.0634214 1.2782633 1.5113960 1.2381476 1.3304260 1.2338336 1.2332680 1.1493158 1.2557598 1.1346596 1.2570979 1.2472802 1.0956212 1.4725379 1.4209771 1.7575622 1.7575622 1.5798420 1.5061257 1.9326873 2.0661158 2.3298036 1.5936736 1.9556898 1.4393988 1.6157205 1.3520616 1.4657990 1.2259397 1.1680382 1.8687966 1.7950576 1.7817877 1.9434914 1.8538344 1.1162909 2.3869997 2.0770787 2.2872564 0.9917215 2.7396469 2.9901390 2.1176864 2.3088846 2.5895178 2.2923696 2.0421878 3.6186567 1.6128454 1.7819604 1.6103205 1.0827296 3.7439872 
Chem_TCONS_00047376                                1.6335898 2.0048109 1.5769750 1.2277446 1.5958122 1.2777465 1.1855281 1.1652103 1.2377952 1.1133896 1.2719294 1.1602000 1.1916741 0.8769794 0.9872951 0.9594407 0.9799033 0.9514176 0.6287035 0.0000000 0.9533586 1.1354189 1.3323365 1.3101421 1.2284309 1.2455001 1.3598905 1.2624748 1.4772490 1.3456869 1.8249569 1.5894334 1.5672164 1.4384761 1.4462027 1.3262746 1.7885147 1.6618324 1.7340187 1.4872643 1.2310987 1.6719765 1.6261394 2.0133112 2.0133112 1.7411959 1.2293741 1.9793487 2.1166699 2.5174478 1.8513713 2.4371091 1.8584301 1.7780648 1.6700954 1.4400739 1.6829446 1.6971656 2.2199913 2.3322441 2.4752558 2.2802805 2.2317622 1.4453204 2.8981361 2.4132567 2.4953525 1.2088570 2.5626206 3.3183931 2.5130129 2.5657646 2.4949930 2.3493942 2.3165905 3.0499757 1.7613253 1.9247396 1.7556425 1.8820124 3.7780517 
Plajan_Pjan_C564770_01                             1.2683764 1.0831355 1.1371709 1.2784823 1.2439346 0.8596902 0.9311043 0.8859769 0.9414954 0.9914336 1.0377170 0.8782982 0.8977944 1.1860951 0.8470151 0.9884407 0.9192094 0.9085750 0.7823844 0.9533586 0.0000000 0.9030620 1.0779723 1.1342205 0.9391856 1.0664542 1.2476184 0.9609561 1.0138939 1.3060822 1.3358138 1.2377577 1.3469055 1.2161302 1.2176279 1.0950740 1.5089817 1.1793625 0.8923997 0.8808309 1.3099359 1.3630776 1.5387531 1.6460864 1.6460864 1.5417773 1.5725204 1.6621680 1.9075752 2.1324207 1.5518275 2.0251897 1.2448299 1.6036652 1.0025057 1.7883384 1.2623231 1.1073921 2.0132185 1.7404234 1.7209317 1.8714071 1.5658580 0.5962891 2.0628863 1.9712613 2.4136166 1.2924937 2.7231670 3.2006743 2.1995919 2.3976922 2.8210327 2.3525273 2.5185552 3.0403564 1.2347811 1.5480623 1.2415248 1.7545474 3.3587941 
Spur_XM_030975828.1                                1.5202787 2.0032626 1.4834094 1.1876776 1.5667743 0.8484334 1.0739990 1.0306780 1.0891938 1.0119937 1.1436080 1.0552171 1.1055472 0.8030867 0.7676950 1.0446809 1.2336411 1.2758151 0.9796909 1.1354189 0.9030620 0.0000000 0.5001710 0.9773298 1.0406850 1.0246121 1.0832581 0.9478839 1.0190089 1.1627457 1.7195752 1.4268781 1.3318516 1.3011310 1.3029295 1.1631372 1.5621447 1.3982675 1.4107200 1.2767949 0.9777818 1.5035150 1.6553097 1.9900764 1.9900764 1.8592887 1.2074283 2.0582742 2.2672194 2.5507535 2.0023260 2.4062679 1.6658463 1.7297874 1.6210773 1.5233298 1.6591092 1.5986985 2.2209968 2.0192039 2.1830496 2.1729862 2.1109625 1.2832966 2.5677373 2.4624909 2.8603934 1.5812129 2.5126118 3.3529937 2.2835676 2.4865059 2.5337256 2.7015196 3.2377428 3.3214091 1.5538154 1.7320131 1.5709557 1.6339615 3.9045657 
Spur_XM_776904.5                                   1.6554702 2.0963921 1.5954789 1.3371780 1.6528432 1.0087475 1.2971819 1.2334418 1.2446589 1.1855207 1.2909064 1.1561427 1.1802229 0.9627021 0.9388804 1.3329114 1.2828391 1.3322412 1.0481278 1.3323365 1.0779723 0.5001710 0.0000000 1.1395308 1.0875205 1.1825507 1.2427830 1.1454114 1.2242382 1.2050419 1.7417677 1.4904468 1.5785213 1.3782705 1.3803100 1.3153541 1.6833969 1.5100777 1.6704990 1.5457986 1.0962752 1.6980441 1.7188978 2.0146492 2.0146492 1.9280237 1.2662066 2.1999329 2.5222949 2.4852752 2.0203710 2.3962444 1.9582557 1.6938324 1.5867872 1.6663180 1.7752292 1.6236936 2.2316154 2.3764955 2.0629945 2.2611644 2.2868861 1.4300242 2.7051475 2.5062028 2.5778777 1.7976077 2.5000275 3.2211322 2.4468554 2.5720269 2.7812458 2.7279932 3.1973636 3.7703207 1.4782323 1.6806222 1.4890041 1.7257288 3.9713770 
Cscu_XM_023383505.1                                1.6105603 2.4222670 1.6929027 1.2309322 1.7204808 1.0387608 1.1291256 1.0912932 1.2645720 0.9995021 1.3634122 1.1730492 1.2146242 0.9011570 0.8670661 1.2099753 1.3731833 1.4346896 1.0417242 1.3101421 1.1342205 0.9773298 1.1395308 0.0000000 0.9850903 0.9710302 1.1350418 1.0903012 1.1740164 1.0603714 1.8292730 1.5619644 1.5925303 1.4116864 1.4179610 1.2920345 1.7567146 1.5042857 1.5669682 1.3695517 0.9664521 1.3270700 1.8707470 2.1789749 2.1789749 2.0040439 1.3340965 2.2899293 2.7534106 2.7748636 1.8269753 2.4673735 1.9286408 1.6708665 1.9111814 1.5610261 1.7973603 1.7138790 2.4759389 2.3242394 2.1924799 2.4549471 2.4585232 1.7762797 2.7716032 2.6714098 2.8550794 1.7994069 2.5538721 3.4662690 2.3967871 2.4747852 2.5525027 2.7039393 2.8553403 3.3018476 1.9411647 2.1867879 1.9697359 1.7300827 3.7350386 
Cgig_XM_011452937.3                                1.6651849 2.2667666 1.5906067 1.2024977 1.6454628 1.0217394 1.2674920 1.2145573 1.3391051 1.1858769 1.4719403 1.1848328 1.2123262 0.9041724 0.8570598 1.2146652 1.3399715 1.4020117 1.0280256 1.2284309 0.9391856 1.0406850 1.0875205 0.9850903 0.0000000 1.0841525 1.0653715 1.1249593 1.2462619 1.0713339 1.8283901 1.5768403 1.5725920 1.4571973 1.4570288 1.2842815 1.7414087 1.5540976 1.5011701 1.3743293 1.0621638 1.3377536 1.8558809 2.1438716 2.1438716 2.0638077 1.3645847 2.2498958 2.3887971 2.8893388 2.0303159 2.5094407 2.1710959 1.5448934 1.7092072 1.2980119 1.7355455 1.6003392 2.3398429 2.3568538 2.0600008 2.3411232 2.1692949 1.6049905 2.9746109 2.8043495 2.5697053 1.7234822 2.6294409 3.7457980 2.2653122 2.5667551 2.5559367 2.3371855 2.2067255 2.9453756 1.8143353 2.0191705 1.8075841 1.8007652 3.2681407 
Acagra_model.g29081.t1                             1.6612878 2.6129287 1.6369119 1.0456536 1.5732409 1.0288519 1.2196166 1.1957411 1.2981837 1.1465649 1.3535402 1.1581496 1.0886620 0.8904393 0.8649683 1.2928155 1.3327289 1.3571316 1.1205568 1.2455001 1.0664542 1.0246121 1.1825507 0.9710302 1.0841525 0.0000000 0.9664647 1.1283508 1.1554386 1.0169333 1.8135096 1.5187205 1.5232948 1.5364459 1.5359105 1.3685553 1.7936581 1.5073943 1.5050543 1.3251529 1.0624306 1.3664781 1.7298075 2.0119453 2.0119453 1.9306587 1.2153268 2.1605111 2.4648737 2.5661980 1.9412691 2.3249982 1.9607042 1.4944407 1.8410768 1.5637493 1.6911015 1.8183438 2.2912952 2.3297799 2.2912530 2.5341932 2.2361748 1.5941873 2.8084318 2.7301230 2.7374802 1.7086084 2.6076678 3.7389838 2.4967979 2.4381625 2.7858729 2.4411869 2.2700880 2.8807003 1.7618847 1.9531965 1.7652880 1.6004905 3.4829938 
Ctel_gnl_WGS_AMQN_CAPTEDRAFT_mRNA225127            1.7638147 2.4693693 1.7535124 1.3290096 1.7025013 1.1792085 1.2028035 1.2165906 1.2837766 1.1929256 1.3341008 1.2813093 1.1065735 0.8874527 0.9568496 1.2934518 1.6016083 1.5652366 1.0828920 1.3598905 1.2476184 1.0832581 1.2427830 1.1350418 1.0653715 0.9664647 0.0000000 1.1412747 1.2490594 1.0773783 1.8315841 1.4290321 1.4158253 1.4033124 1.4025172 1.2209572 1.6741956 1.4121659 1.4861924 1.3188986 1.1031993 1.4544510 1.8783310 2.2074695 2.2074695 1.9363901 1.4356495 2.0919467 2.5189630 2.8233534 1.7402709 2.3261930 2.1278007 1.5200590 1.7817103 1.4997370 1.8821249 1.8681600 2.2908795 2.1905334 2.1235966 2.3021510 2.3376450 1.2337738 2.8569910 2.7330798 2.3839457 1.8393891 2.5247785 3.7900097 2.3478036 2.5080091 2.6949862 2.5926268 2.7701092 2.9664292 1.9056911 2.1176405 1.9329349 1.8446637 3.5230566 
Skow_XM_006811840.1                                1.7063809 2.7108294 1.7493895 1.1561988 1.6689835 1.0962479 1.2405644 1.2162118 1.3612330 1.1702562 1.3139736 1.2649792 1.1274837 1.0166128 0.8632346 1.1734822 1.3210350 1.3412579 1.0324321 1.2624748 0.9609561 0.9478839 1.1454114 1.0903012 1.1249593 1.1283508 1.1412747 0.0000000 1.1535358 1.1284310 1.9279482 1.4867785 1.4010697 1.3098481 1.3095006 1.2113976 1.6347057 1.4400756 1.6544394 1.5015783 1.0829077 1.5842013 1.8471068 2.1153081 2.1153081 1.9415627 1.3805044 2.3508951 2.4054228 2.9556862 2.0167731 2.4437111 1.9831756 1.6517419 1.8553253 1.6439796 1.8327496 1.7749305 2.5042825 2.3905671 2.2594025 2.3842364 2.2060361 1.4244360 2.8823142 2.6949508 2.6268000 1.7674828 3.0019262 3.7918212 2.4167664 2.5121671 2.5569134 2.4385061 2.7621059 3.2717661 1.8389693 2.0485774 1.8422151 1.4399885 3.3927154 
Hsap_ENST00000446197                               1.5798676 2.2038840 1.4928171 1.0356467 1.6108354 1.0370742 1.2764892 1.2807785 1.2959319 1.1857756 1.4190334 1.3072285 1.1884995 0.9932486 0.9461639 1.4487856 1.5269845 1.5643459 1.0634214 1.4772490 1.0138939 1.0190089 1.2242382 1.1740164 1.2462619 1.1554386 1.2490594 1.1535358 0.0000000 1.0326558 1.9106948 1.3940004 1.3225861 1.3136015 1.2995673 1.1300750 1.5182072 1.2790232 1.6129112 1.4027894 1.1479359 1.5231676 1.7922095 2.1621746 2.1621746 2.0021420 1.4806095 2.5193821 2.8182308 3.1615181 2.1705730 2.7181419 2.0090179 1.8032218 1.8558526 1.9846732 1.9306980 1.8658534 2.6386829 2.3478958 2.5079544 2.6415216 2.6134636 1.5637198 3.0491831 2.9694886 2.9975591 1.8837936 2.8449127 3.9994149 2.7381525 2.8786092 2.8189988 2.4442294 2.6526661 3.9088049 1.7818724 1.9657387 1.7927971 0.4562111 3.3914053 
Bralan_BLAG07000949_1                              1.6843962 1.7769266 1.4358799 1.2369894 1.4406314 0.9469955 1.1517412 1.1165893 1.2340364 1.0619210 1.2321522 1.1490375 1.1310536 1.2278425 1.0011485 1.3925841 1.4171930 1.3946785 1.2782633 1.3456869 1.3060822 1.1627457 1.2050419 1.0603714 1.0713339 1.0169333 1.0773783 1.1284310 1.0326558 0.0000000 1.5154910 1.4609767 1.5507361 1.4507082 1.4542564 1.3078358 1.8152636 1.5033333 1.4084129 1.3825051 1.2001237 1.4322261 1.7343529 2.0250615 2.0250615 1.8332581 1.4498088 2.0945906 2.2690953 2.3201048 1.6858074 2.2689736 1.4896154 1.4169555 1.6409154 1.5239994 1.7607167 1.5984031 2.1376871 2.1551427 1.7254100 2.0102471 1.9440273 1.2716636 2.5146942 2.2256107 2.6785966 1.8711800 2.5955974 3.1928839 2.2656812 2.3952479 2.4731975 2.5951826 2.9370966 3.3114217 1.6765565 1.9355410 1.6695089 1.7199940 3.9579196 
Aque_Aqu2.1.44164_001                              1.4804393 2.0029391 1.4452716 1.0758982 1.2901309 2.0011603 1.9328900 1.8954471 2.2087045 1.8832694 2.0952058 1.8362134 1.7874004 1.4000133 1.2348810 2.0422898 2.1554412 2.1575743 1.5113960 1.8249569 1.3358138 1.7195752 1.7417677 1.8292730 1.8283901 1.8135096 1.8315841 1.9279482 1.9106948 1.5154910 0.0000000 1.8502835 1.7474007 1.8226015 1.8364105 1.4566587 2.0682086 1.8377599 2.2194994 2.0650435 1.5703210 1.9858478 2.4250518 2.6795996 2.6795996 2.4589896 1.9313121 2.8231714 3.0597343 3.4254233 2.5116973 3.0598793 1.2144100 2.3736496 2.4145243 1.6728571 2.1669807 2.1644203 3.2141700 2.5466544 2.7126364 2.6085457 2.6388030 2.1631210 3.7013402 3.1641554 2.8504049 2.4423696 2.6599791 3.7936612 2.6545532 2.7258028 2.9424753 2.8514102 3.6287915 4.0163395 2.0149033 2.1733181 2.0275331 1.5164170 4.6542697 
HoiH23_PlH23_005606-RA                             2.2012870 2.8170425 2.1350590 1.5939694 2.1224691 1.6734708 1.5846506 1.5494020 1.6357200 1.5628674 1.5899560 1.6035330 1.4801906 1.0921952 1.0933566 1.4779891 1.6907426 1.7425418 1.2381476 1.5894334 1.2377577 1.4268781 1.4904468 1.5619644 1.5768403 1.5187205 1.4290321 1.4867785 1.3940004 1.4609767 1.8502835 0.0000000 0.0904970 0.2188683 0.2196221 0.1717407 0.4153694 0.3346180 1.9201046 1.7367963 1.5050908 1.7040237 2.0038789 2.4346147 2.4346147 2.1065769 1.6218381 2.2835816 2.3687598 3.0376778 1.9463308 2.6328371 2.0141804 2.0768462 1.9542105 1.7824667 1.9349063 1.9632802 2.5499600 2.2876955 2.5007909 2.3787074 2.3903110 1.3732875 3.0236617 3.0360171 2.5732557 2.1110417 2.6682229 3.5393707 2.4253706 2.7943590 2.4277012 2.6851773 3.4779409 3.4000345 2.0976318 2.2942137 2.0746273 1.8389290 3.7278361 
HoiH06_mRNA5073                                    2.0931734 2.4918063 2.1846086 1.9676646 2.1569213 1.5350341 1.5027576 1.4426994 1.5845419 1.5103391 1.5468608 1.5507867 1.3067207 1.0948254 1.2341537 1.3780166 1.6080886 1.6794779 1.3304260 1.5672164 1.3469055 1.3318516 1.5785213 1.5925303 1.5725920 1.5232948 1.4158253 1.4010697 1.3225861 1.5507361 1.7474007 0.0904970 0.0000000 0.1791121 0.1791121 0.1806063 0.4091990 0.3201676 1.8867568 1.8143785 1.6791971 1.7808871 1.8903080 2.4212731 2.4212731 2.0983708 1.6840740 2.1223585 2.2717198 3.0060996 2.0408260 2.6713546 1.9687648 2.2215276 2.0668831 2.0500008 1.7966254 1.8841807 2.5123566 2.3467158 2.4028198 2.4442785 2.2009031 1.4038998 2.7561091 3.0972114 2.6899507 1.8942937 2.8909459 3.7072374 2.6351649 2.9585007 2.6368858 2.8428009 3.4915237 3.5006287 2.0685965 2.3008222 2.0417707 1.8012429 4.0849364 
Hhon_g09980.t1                                     2.0489347 2.6653550 2.0495409 1.5416141 1.9262625 1.4308191 1.3979806 1.3371116 1.4832768 1.3572518 1.5039170 1.3830134 1.3081243 1.1233021 1.0385456 1.3019006 1.5719200 1.6306382 1.2338336 1.4384761 1.2161302 1.3011310 1.3782705 1.4116864 1.4571973 1.5364459 1.4033124 1.3098481 1.3136015 1.4507082 1.8226015 0.2188683 0.1791121 0.0000000 0.0065871 0.1296384 0.4149605 0.3428280 1.8167094 1.6369203 1.4507937 1.7054694 1.9745596 2.3945848 2.3945848 2.0914190 1.5736094 2.0439028 2.1839919 2.8628963 2.1028562 2.5586602 2.0872585 1.8683169 1.8503853 1.7623534 1.8000556 1.6128663 2.3843993 2.2206877 2.2417460 2.2384382 2.2228463 1.3451918 2.8625263 2.8334511 2.5036020 1.9502802 2.7323015 3.4861387 2.3282245 2.5709262 2.4591949 2.6440317 3.3137156 3.2679706 1.9769512 2.2214558 1.9557923 1.6141330 3.6431016 
HoiH04_mRNA17417                                   2.0489347 2.6653550 2.0583523 1.5563956 1.9240818 1.4328922 1.4097837 1.3483869 1.4772640 1.3696262 1.5014795 1.3855912 1.3186033 1.1336637 1.0437887 1.3108114 1.5833268 1.6425504 1.2332680 1.4462027 1.2176279 1.3029295 1.3803100 1.4179610 1.4570288 1.5359105 1.4025172 1.3095006 1.2995673 1.4542564 1.8364105 0.2196221 0.1791121 0.0065871 0.0000000 0.1296384 0.4082952 0.3355196 1.8073580 1.6451154 1.4580869 1.6971978 1.9748585 2.3819813 2.3819813 2.0919880 1.5735612 2.0364117 2.1658682 2.8495349 2.1074803 2.5735375 2.0921640 1.8696708 1.8482582 1.7663226 1.7914258 1.6166832 2.3854911 2.2319276 2.2147327 2.2397082 2.2448149 1.3451918 2.8570233 2.8355662 2.5055021 1.9480376 2.7489026 3.5026676 2.3408904 2.5880889 2.4591949 2.6453137 3.3201301 3.2679706 1.9769512 2.2446501 1.9557923 1.6406949 3.7021078 
HoiH11_mRNA3964                                    1.8165213 2.4809278 1.8359704 1.2744660 1.6360310 1.2437308 1.2865592 1.2408077 1.3815267 1.2249577 1.3121017 1.2063108 1.1273811 1.0951514 0.9623492 1.1616666 1.3694797 1.3873878 1.1493158 1.3262746 1.0950740 1.1631372 1.3153541 1.2920345 1.2842815 1.3685553 1.2209572 1.2113976 1.1300750 1.3078358 1.4566587 0.1717407 0.1806063 0.1296384 0.1296384 0.0000000 0.2544802 0.2514935 1.5049480 1.4307702 1.2897457 1.5772953 1.5926488 2.0981280 2.0981280 1.9418559 1.4538427 1.9459327 2.0264129 2.7052191 1.8062099 2.3376393 1.7988193 1.7811697 1.8356676 1.3550569 1.4379063 1.4212508 2.2062195 1.8527327 1.7870538 1.9692464 1.9155806 1.3637843 2.5018583 2.5116278 2.1775788 1.5310070 2.5616927 3.1116956 2.1899841 2.4958844 2.4175865 2.3453615 2.8058612 3.1319384 1.8903651 1.9079959 1.8903651 0.9112431 3.6050292 
TrH2_TrispH2_010941-RA                             2.3303610 2.5177375 2.1308411 1.7715596 2.1292338 1.7584975 1.7647699 1.7599454 1.5290820 1.6970521 1.6879999 1.6310579 1.5395168 1.4279198 1.0675014 1.6765136 1.7839097 1.8364929 1.2557598 1.7885147 1.5089817 1.5621447 1.6833969 1.7567146 1.7414087 1.7936581 1.6741956 1.6347057 1.5182072 1.8152636 2.0682086 0.4153694 0.4091990 0.4149605 0.4082952 0.2544802 0.0000000 0.0715828 1.9069269 1.7370078 1.8288495 1.8917723 2.0844853 2.3888879 2.3888879 2.0656607 1.6163510 2.3988962 2.5174172 3.0440808 2.2159613 2.8767374 2.3436852 2.1958337 2.2495181 2.4144426 2.0951518 1.9431209 2.7400811 2.3057817 2.6086232 2.4425869 2.4800067 1.3620999 3.1968952 3.0573278 2.6715537 2.2508068 3.0021847 3.7097433 2.6713742 2.9525823 2.7274455 2.6754573 3.9477025 3.5061529 2.0199553 2.2608901 2.0780577 3.1857631 4.1658770 
Tadh_TriadT59895                                   2.0600283 2.9233069 1.9748996 1.3534640 1.8157921 1.5579812 1.6229036 1.5723263 1.5655189 1.4018476 1.5541263 1.4410612 1.3639723 1.0783933 1.0508510 1.5284301 1.6629038 1.6885265 1.1346596 1.6618324 1.1793625 1.3982675 1.5100777 1.5042857 1.5540976 1.5073943 1.4121659 1.4400756 1.2790232 1.5033333 1.8377599 0.3346180 0.3201676 0.3428280 0.3355196 0.2514935 0.0715828 0.0000000 1.8205151 1.6218641 1.5161293 1.5441881 1.9606763 2.2174751 2.2174751 1.9471699 1.4583249 2.2328758 2.3186442 2.7714578 2.0568956 2.6048421 2.3527004 1.8031730 1.9398994 1.6204671 2.1380720 2.0132881 2.5641547 2.2323125 2.3402897 2.3515958 2.5009138 1.5534726 3.0888132 2.9696150 2.4213760 2.1079095 2.5397521 3.5344336 2.2709859 2.4540305 2.5676188 2.4769569 2.8852176 3.1675270 1.9818911 2.0988990 1.9694686 1.4676251 3.7211213 
Opea_EP00118_Oscarella_pearsei_P003993             2.0175515 2.9130422 1.9095953 1.3033975 1.7415635 1.4695612 1.4645861 1.4759836 1.6731798 1.4426587 1.6478932 1.4862670 1.5028614 1.2394960 1.1350956 1.6903249 1.6530400 1.6396312 1.2570979 1.7340187 0.8923997 1.4107200 1.6704990 1.5669682 1.5011701 1.5050543 1.4861924 1.6544394 1.6129112 1.4084129 2.2194994 1.9201046 1.8867568 1.8167094 1.8073580 1.5049480 1.9069269 1.8205151 0.0000000 0.0797517 1.2658844 1.7767098 1.7464750 2.4581073 2.4581073 2.1336439 1.4827698 2.3437916 2.5833827 2.7778703 2.0932257 2.5321339 2.3279406 2.0239364 1.6382421 1.7533957 1.9771884 1.9698875 2.5787536 2.3974657 2.4151211 2.2535818 2.2130276 1.4199484 3.3338601 2.8176177 2.4956658 2.2724426 3.2111833 4.1096871 2.5750888 2.6440145 3.0890482 2.7162152 2.8888183 3.4045490 2.1438293 2.3943585 2.1387743 1.3957994 3.6283954 
Ocar_g2672                                         1.9335511 2.6540195 1.8196522 1.2976164 1.6461575 1.2261658 1.2586264 1.2680930 1.4175316 1.2279671 1.4532172 1.2929995 1.2910811 1.2031764 1.1152784 1.4431547 1.4644309 1.4575530 1.2472802 1.4872643 0.8808309 1.2767949 1.5457986 1.3695517 1.3743293 1.3251529 1.3188986 1.5015783 1.4027894 1.3825051 2.0650435 1.7367963 1.8143785 1.6369203 1.6451154 1.4307702 1.7370078 1.6218641 0.0797517 0.0000000 1.2348092 1.6413593 1.6660366 2.3107090 2.3107090 1.9854610 1.4736678 2.2897084 2.4396029 2.6370185 1.9845685 2.4453733 2.1517550 1.9578347 1.5147313 1.7533957 1.9481071 1.7685059 2.3857071 2.3733414 2.1592674 2.2230852 2.1453537 1.2932474 3.0649347 2.7376640 2.4627793 2.1148637 3.1617438 3.8395702 2.5042553 2.6349001 3.1401885 2.7066708 2.8888183 3.2639187 1.9524893 2.1920909 1.9485782 1.3957994 3.5045348 
Dpul_mRNA29703                                     1.6021023 1.8768422 1.5072091 1.3855422 1.6728835 1.1022660 1.1871235 1.1787325 1.2187187 1.1777972 1.3326955 1.1743344 1.1226871 1.1610971 0.9915502 1.1397832 1.2748958 1.2642022 1.0956212 1.2310987 1.3099359 0.9777818 1.0962752 0.9664521 1.0621638 1.0624306 1.1031993 1.0829077 1.1479359 1.2001237 1.5703210 1.5050908 1.6791971 1.4507937 1.4580869 1.2897457 1.8288495 1.5161293 1.2658844 1.2348092 0.0000000 1.2240185 1.5156159 1.9373176 1.9373176 1.6437673 1.4515388 1.6844890 1.9718954 2.2466342 1.6811021 1.8952061 1.5333011 1.4837843 1.5947550 1.6428039 1.7291293 1.5312500 2.0262180 2.3003914 2.0482413 2.5997301 1.9946097 1.2567470 2.3594223 2.2526422 2.4711048 1.6832232 3.1308821 3.4046327 2.6664326 2.9649589 2.7729730 2.8180409 3.9380246 2.4804972 1.5948350 1.9015768 1.6336914 2.0816649 4.0882025 
Tcas_TC003447_001                                  1.9862618 2.6704867 1.8932598 1.4005759 1.8240258 1.4947778 1.6009437 1.5588780 1.7621802 1.5313214 1.7096957 1.5543009 1.5167952 1.4013731 1.4077015 1.5548008 1.7883682 1.8352173 1.4725379 1.6719765 1.3630776 1.5035150 1.6980441 1.3270700 1.3377536 1.3664781 1.4544510 1.5842013 1.5231676 1.4322261 1.9858478 1.7040237 1.7808871 1.7054694 1.6971978 1.5772953 1.8917723 1.5441881 1.7767098 1.6413593 1.2240185 0.0000000 2.0239610 2.2401949 2.2401949 2.2684331 1.6568513 2.5829507 2.8169897 2.6000741 2.1784116 2.5990442 2.1007223 1.8731219 2.0584819 1.7025066 1.9695217 1.7603510 2.4575555 2.4812848 2.2953060 2.6459856 2.3194846 1.7586085 2.8827215 2.5577915 2.8511508 2.1850938 2.5182553 3.2279590 2.3778515 2.7296903 2.5066498 2.4516789 2.8222336 3.3551309 2.0225823 2.3182238 2.0336265 1.6961849 3.6735202 
Salurc_EP00051_Salpingoeca_urceolata_P027046       1.9599762 2.2856670 1.9823221 1.5968735 2.1640775 1.9296788 1.8089659 1.8096972 2.1073357 1.7739860 2.0759366 1.7365382 1.7250690 1.3190290 1.3496719 1.7019897 1.7760191 1.7927833 1.4209771 1.6261394 1.5387531 1.6553097 1.7188978 1.8707470 1.8558809 1.7298075 1.8783310 1.8471068 1.7922095 1.7343529 2.4250518 2.0038789 1.8903080 1.9745596 1.9748585 1.5926488 2.0844853 1.9606763 1.7464750 1.6660366 1.5156159 2.0239610 0.0000000 1.6170800 1.6170800 1.3238635 0.9233369 1.8726190 1.9807625 2.0520862 1.4333435 1.8503999 2.4596830 2.3306451 2.3112645 1.7248133 1.9238480 1.7376686 1.8584777 2.1347183 2.2971671 2.4967038 2.1352113 1.8009599 2.0974113 2.0152153 1.6307192 2.2110489 2.8759944 3.5225905 2.7329268 2.7333943 2.6437285 2.5575312 3.1183542 2.6571446 2.4793897 2.7789768 2.4781521 2.2537495 3.9712635 
Chofle_EP00730_Choanoeca_flexa_P005688             2.1379915 2.7286835 2.4038764 2.0509499 2.3147003 2.2239339 2.0156772 2.0037735 2.2387721 1.9969395 2.2917480 2.0116279 1.8667833 1.5367128 1.6825736 2.1522260 2.1726799 2.2113204 1.7575622 2.0133112 1.6460864 1.9900764 2.0146492 2.1789749 2.1438716 2.0119453 2.2074695 2.1153081 2.1621746 2.0250615 2.6795996 2.4346147 2.4212731 2.3945848 2.3819813 2.0981280 2.3888879 2.2174751 2.4581073 2.3107090 1.9373176 2.2401949 1.6170800 0.0000000 0.0000010 0.6181663 0.8421830 1.6400183 1.6073141 1.9605650 1.6975732 2.3050887 2.6184288 2.2854152 2.5275856 2.0412752 2.3162825 2.2773139 2.3943276 2.4336594 2.2970375 2.9384954 2.6002094 2.4174685 2.3307659 2.5301804 1.9581143 2.6353460 3.5514245 4.1540321 3.0500688 2.9701174 3.3829687 2.8580628 2.9048380 4.2553053 2.8299706 3.0430485 2.8328714 1.7729771 4.1565196 
Chofle_EP00730_Choanoeca_flexa_P005687             2.1379915 2.7286835 2.4038764 2.0509499 2.3147003 2.2239339 2.0156772 2.0037735 2.2387721 1.9969395 2.2917480 2.0116279 1.8667833 1.5367128 1.6825736 2.1522260 2.1726799 2.2113204 1.7575622 2.0133112 1.6460864 1.9900764 2.0146492 2.1789749 2.1438716 2.0119453 2.2074695 2.1153081 2.1621746 2.0250615 2.6795996 2.4346147 2.4212731 2.3945848 2.3819813 2.0981280 2.3888879 2.2174751 2.4581073 2.3107090 1.9373176 2.2401949 1.6170800 0.0000010 0.0000000 0.6181663 0.8421830 1.6400183 1.6073141 1.9605650 1.6975732 2.3050887 2.6184288 2.2854152 2.5275856 2.0412752 2.3162825 2.2773139 2.3943276 2.4336594 2.2970375 2.9384954 2.6002094 2.4174685 2.3307659 2.5301804 1.9581143 2.6353460 3.5514245 4.1540321 3.0500688 2.9701174 3.3829687 2.8580628 2.9048380 4.2553053 2.8299706 3.0430485 2.8328714 1.7729771 4.1565196 
Choper_EP00045_Choanoeca_perplexa_P010361          2.0594295 3.1150030 2.3337829 1.6797899 2.1353261 1.9905002 1.8126612 1.8156124 2.1074572 1.8751995 2.1446828 1.8340374 1.8041031 1.4714187 1.7534919 1.9585650 1.8628737 1.8958457 1.5798420 1.7411959 1.5417773 1.8592887 1.9280237 2.0040439 2.0638077 1.9306587 1.9363901 1.9415627 2.0021420 1.8332581 2.4589896 2.1065769 2.0983708 2.0914190 2.0919880 1.9418559 2.0656607 1.9471699 2.1336439 1.9854610 1.6437673 2.2684331 1.3238635 0.6181663 0.6181663 0.0000000 0.8355847 1.6169004 1.5825356 1.7350736 1.6572994 2.1969129 2.5087074 2.3206505 2.3312338 1.5405222 2.2750916 2.1802678 2.1050514 2.0659495 2.2551218 2.4799462 2.4317662 2.3969238 2.2166963 2.3151986 1.8391451 2.4120040 3.0517600 3.6749464 2.6630757 2.5766195 3.1234409 2.3950770 2.4803442 3.6953709 2.9156588 3.1733224 2.9536341 1.2989766 3.4981203 
