84
Pocdam_XM_027189707.1                                             0.0000000 0.0071705 0.0210882 0.2018299 0.1529231 0.1687409 0.2737619 0.0884624 0.3619222 0.4131413 0.3876334 0.4611500 0.4156848 0.4940115 0.4349738 0.4060911 0.4165691 0.5776188 0.4549420 0.5029239 0.4739720 0.4494853 0.4812378 0.3767112 0.3900416 0.6666693 0.4406455 0.4934330 0.6370067 0.4932960 0.5477354 0.7084816 0.5476362 0.6054477 0.6825492 0.7441029 0.6598848 0.7808614 0.7809518 0.8144100 0.9061288 0.9476536 0.9017517 1.0201327 0.9733943 1.0587857 1.1794630 1.2040561 1.0073421 1.0898945 1.0167615 1.0489557 1.0266121 1.0742041 0.9878408 0.9420434 1.0668866 0.9334277 0.9644619 1.0654098 0.8535124 0.9290931 0.9534594 1.0171273 0.8761622 0.8761622 1.1967966 1.0004019 0.9997288 0.9801213 1.1735612 1.1735612 1.1253161 1.1253161 1.0747016 1.0747016 0.9587325 0.9587325 0.8700327 0.9932511 1.0377557 1.0244554 1.6334861 1.6384717 
Spis_XP_022794421_1                                               0.0071705 0.0000000 0.0210882 0.1929729 0.1431981 0.1585589 0.2646858 0.0884624 0.3526107 0.4165522 0.3777017 0.4511002 0.4057651 0.4780085 0.4226920 0.3962843 0.4067014 0.5647205 0.4583723 0.5081618 0.4636672 0.4597903 0.4711549 0.3674404 0.3804850 0.6627890 0.4309993 0.4783913 0.6201715 0.4932960 0.5320813 0.6968039 0.5371256 0.6174114 0.6835194 0.7452279 0.6687139 0.7933066 0.7931022 0.8271232 0.9187211 0.9606563 0.9150436 1.0338082 0.9869803 1.0626020 1.1835861 1.2082207 1.0092680 1.1010185 1.0309807 1.0351381 1.0304299 1.0763279 0.9897168 0.9437445 1.0811740 0.9372522 0.9777729 1.0794619 0.8408939 0.9138024 0.9381444 1.0028284 0.8635598 0.8635598 1.1813015 0.9871733 0.9864994 0.9646287 1.1579082 1.1579082 1.1095794 1.1095794 1.0586351 1.0586351 0.9456866 0.9456866 0.8829135 1.0065981 1.0241132 1.0110300 1.6684593 1.6583244 
Gasp_gasp1.m3.16439.m1                                            0.0210882 0.0210882 0.0000000 0.0211902 0.0679600 0.1590627 0.2471042 0.0813470 0.3574809 0.4156013 0.2888896 0.4208482 0.3962231 0.4865944 0.4081795 0.3721928 0.3742569 0.6003957 0.3900562 0.4307549 0.4581883 0.3891811 0.4489614 0.3895904 0.3780407 0.4769869 0.4153751 0.4643691 0.5587824 0.3806124 0.5569673 0.6924420 0.4695912 0.3065512 0.4278980 0.5174270 0.3973122 0.7163592 0.7432651 0.7504265 0.7613750 0.8317098 0.8033479 0.8579902 0.7927487 0.8176491 0.9587287 0.9133020 0.7480592 0.9239034 0.8332323 0.9832900 0.8374204 0.8794694 0.9136152 0.8520074 1.0590311 0.7071470 0.8965758 0.8738483 0.8168657 0.8466501 0.8569230 0.8168657 0.7737378 0.7737378 0.7612101 0.8232524 0.8223335 0.7374554 0.7540744 0.7540744 0.7540744 0.7540744 0.7540744 0.7540744 0.7104398 0.7104398 0.7862275 0.7862275 0.8317451 0.8155212 1.9266563 1.5455086 
Gfas_gfas1.m1.3768.m1                                             0.2018299 0.1929729 0.0211902 0.0000000 0.0989501 0.2674239 0.3700953 0.2779776 0.4680600 0.5978950 0.5030918 0.5504266 0.5309364 0.4281298 0.4078532 0.5432830 0.5529881 0.7131308 0.5512740 0.4567903 0.6527308 0.6223851 0.6623627 0.5309769 0.5750606 0.8497575 0.5316616 0.4312307 0.6035456 0.4623056 0.5210681 0.8279893 0.6847514 0.7280102 0.8456481 0.9333064 0.8515952 0.9857070 1.0018548 1.0180306 1.0934446 1.2191370 1.1477572 1.2668977 1.2052895 1.1991621 1.4238735 1.4376981 1.2286920 1.3681131 1.2063288 1.2858308 1.1973479 1.2528421 1.2893846 1.1537138 1.3696589 1.1732104 1.0973711 1.2182739 0.9563275 0.8381493 0.8324534 0.9915559 0.9396400 0.9396400 1.0029020 1.1846502 1.1839250 0.9450626 1.1173691 1.1173691 1.0743334 1.0743334 0.9689514 0.9689514 1.1628581 1.1628581 1.0975405 1.2401979 1.2584722 1.2040510 2.1491542 2.0806898 
Amil_Amillepora26808-RA                                           0.1529231 0.1431981 0.0679600 0.0989501 0.0000000 0.2150416 0.2873700 0.0292203 0.3409612 0.4760860 0.3743852 0.4415879 0.4282196 0.4936712 0.4429629 0.4134234 0.4230240 0.5976311 0.4447388 0.4729349 0.4945995 0.4913275 0.4891967 0.4350203 0.4845684 0.7311623 0.4408580 0.4979957 0.6298127 0.4853610 0.5584356 0.7009254 0.5640126 0.6182958 0.6598515 0.7723570 0.7185243 0.8501784 0.8309042 0.8642439 0.9942652 1.0446850 0.9382600 0.9502620 0.9003804 1.0621594 1.1774855 1.1812365 1.0877953 1.1611039 1.0389240 1.1074999 1.0204143 1.0435265 1.2458319 1.0915123 1.2921270 0.9523280 0.8744451 1.0115145 0.8326431 0.8750520 0.8884982 0.8711632 0.8236694 0.8236694 0.8695927 1.0158617 1.0150762 0.9459712 0.9488955 0.9488955 0.9488955 0.9488955 0.9274432 0.9274432 0.9192041 0.9192041 0.9045773 1.0109125 1.0353251 0.9893137 1.5856683 1.9076669 
Fspp_ffun1.m4.16706.m1                                            0.1687409 0.1585589 0.1590627 0.2674239 0.2150416 0.0000000 0.3265165 0.2109233 0.4006442 0.3860847 0.4738762 0.5189700 0.5144723 0.7220524 0.5868539 0.3907152 0.4079597 0.6149290 0.5874971 0.7209201 0.6107610 0.5881889 0.5452628 0.4256091 0.5247026 0.7964864 0.4749884 0.5792650 0.7218782 0.7428915 0.8165457 0.9066093 0.6420715 0.7445322 0.9022573 0.8924166 0.8952717 1.0649189 1.0521334 1.1345788 1.1154570 1.1888884 1.1485887 1.2445598 1.1717972 1.3117507 1.4521240 1.4523192 1.2794066 1.3644925 1.3195273 1.2275557 1.1499808 1.2101393 1.3010068 1.1443341 1.3291175 1.1514792 1.1012779 1.4222778 0.8645250 0.9623888 0.9920041 1.1230826 0.8531131 0.8531131 1.3009969 1.1187142 1.1187142 1.1435123 1.3288336 1.3288336 1.2704041 1.2704041 1.2114601 1.2114601 1.0513233 1.0513233 0.9327772 1.0833544 1.0778774 1.0569961 1.7134632 2.3080620 
Nvec_v1g238091                                                    0.2737619 0.2646858 0.2471042 0.3700953 0.2873700 0.3265165 0.0000000 0.3237182 0.3378612 0.3998013 0.3713534 0.4049968 0.4039476 0.4938106 0.4570444 0.3725192 0.3831149 0.5344268 0.5683559 0.5734874 0.3664056 0.4898407 0.4473186 0.4153466 0.3870355 0.7293156 0.4009961 0.4264012 0.4555469 0.4465748 0.5029163 0.6694641 0.6000904 0.6702370 0.7385361 0.7985686 0.7536633 0.7779426 0.7530631 0.7849075 0.9092703 0.9777173 0.8303370 1.0043252 0.9416718 1.0055015 1.1348806 1.1568489 0.9817577 1.0024436 0.9343594 0.9982033 0.9042339 0.8909941 1.0003327 0.8981666 0.9889721 0.8286769 0.9170368 1.0817924 0.7706448 0.8309681 0.8557264 0.9544010 0.7616014 0.7616014 1.1466736 1.0079112 1.0072119 0.9047563 1.1069310 1.1069310 1.0803273 1.0803273 1.0328766 1.0328766 0.9867179 0.9867179 0.8828014 1.0175600 0.9538551 1.0239747 1.7071077 1.5971316 
Adig_XM_015908887.1                                               0.0884624 0.0884624 0.0813470 0.2779776 0.0292203 0.2109233 0.3237182 0.0000000 0.3002636 0.3979874 0.3811142 0.4682542 0.3512339 0.4004652 0.3532617 0.4471684 0.4578498 0.6444546 0.3734349 0.3330026 0.4726031 0.4790290 0.4711070 0.4034166 0.3729048 0.4034166 0.4217570 0.4434742 0.7754010 0.4800388 0.3857370 0.7056327 0.4920225 0.4629367 0.5083091 0.6537300 0.4990687 0.6983832 0.7533050 0.7177016 0.7520861 0.8445399 0.7042186 0.7986630 0.8434119 0.8246317 0.8391608 0.8080459 0.7164272 0.7672545 0.8850895 0.9426267 0.7563702 0.7739341 0.7450410 0.7394818 0.7921322 0.6543807 0.8840366 0.7584749 0.6746458 0.7036801 0.7518293 0.9214714 0.6546014 0.6546014 1.2439224 0.8672556 0.8662391 0.6817836 0.8418125 0.8418125 0.7655131 0.7655131 0.6781300 0.6781300 0.7059314 0.7059314 0.7241791 0.7241791 0.8588969 0.8085750 4.2343360 0.8512624 
Exapal_XM_021039448.1                                             0.3619222 0.3526107 0.3574809 0.4680600 0.3409612 0.4006442 0.3378612 0.3002636 0.0000000 0.5245460 0.4785077 0.5327493 0.5022259 0.5675142 0.5392248 0.4144827 0.4252532 0.6053594 0.5479788 0.6619805 0.4417294 0.4835879 0.4998630 0.4581074 0.5743229 0.7640189 0.4825353 0.5072561 0.5808437 0.5706882 0.6189939 0.7918741 0.5773038 0.7863065 0.7755898 0.8343620 0.7320825 0.8439792 0.8560191 0.9946985 1.0789333 1.1095115 0.9686465 1.0611135 0.8850946 1.2419496 1.2793302 1.3293597 1.2117613 1.2150804 1.0352376 1.1147299 1.0785687 1.1638208 1.1573043 1.0614649 1.1196728 1.0567205 0.9203290 1.1358236 0.8664625 0.8215242 0.8547403 1.0447980 0.8283169 0.8283169 1.2685291 1.0236315 1.0229427 0.9797141 1.1993346 1.1993346 1.1439503 1.1439503 1.1031404 1.1031404 0.9469359 0.9469359 0.8383405 0.9696735 1.0809868 0.9987910 1.7771901 1.6705764 
Skow_XM_002733912.2                                               0.4131413 0.4165522 0.4156013 0.5978950 0.4760860 0.3860847 0.3998013 0.3979874 0.5245460 0.0000000 0.3257353 0.4357151 0.4853328 0.6185900 0.5650067 0.3570414 0.3713791 0.5745851 0.4293657 0.4212894 0.4384838 0.4693255 0.3728706 0.5103111 0.5444735 0.7937493 0.4370174 0.4656607 0.6653872 0.6407420 0.6972013 0.7513775 0.6082519 0.7821989 0.7780885 0.7792706 0.8049742 0.7689794 0.7849143 0.9666476 0.9791882 0.9830468 0.9333076 1.0387823 0.9567567 1.0188864 1.1123371 1.1479701 1.0108310 1.0285381 1.0434385 1.1469179 0.9053580 0.9696903 0.9956002 0.9964672 1.0962220 0.8474293 0.9391952 1.0746988 1.0159379 1.1828077 1.2099539 1.2703304 1.0169827 1.0169827 1.5944508 1.0456382 1.0449386 1.0188026 1.2910515 1.2910515 1.2672571 1.2672571 1.2238785 1.2238785 1.0222638 1.0222638 1.0548111 1.1932640 1.1178249 1.0691134 2.0531038 1.6224176 
Bralan_BLAG04001127_1                                             0.3876334 0.3777017 0.2888896 0.5030918 0.3743852 0.4738762 0.3713534 0.3811142 0.4785077 0.3257353 0.0000000 0.2999249 0.3279170 0.4128372 0.3727492 0.3266525 0.3499101 0.5765364 0.4114264 0.3855039 0.3815597 0.3850116 0.3641031 0.4322216 0.4640941 0.7277493 0.4135263 0.4705762 0.5114610 0.5109592 0.6381512 0.6860414 0.6072870 0.6676222 0.7535403 0.8188454 0.8471987 0.6606878 0.6975431 0.7212703 0.7834594 0.7599646 0.9208160 0.8923761 0.8632955 0.9379772 1.0044718 0.9716514 0.8860215 0.8711344 0.7842015 0.9219697 0.9386229 1.0081828 1.0578177 0.9623702 1.0948471 0.8652906 0.9045908 0.7995604 0.8055386 0.9568201 0.9779494 1.0570412 0.8161501 0.8161501 1.3316967 0.8529212 0.8522404 0.8659481 0.9800649 0.9800649 0.9853301 0.9853301 0.9700660 0.9700660 0.7566638 0.7566638 0.8304213 0.9333508 0.9530343 0.9429400 1.9056182 1.4901673 
Hsap_ENST00000334982                                              0.4611500 0.4511002 0.4208482 0.5504266 0.4415879 0.5189700 0.4049968 0.4682542 0.5327493 0.4357151 0.2999249 0.0000000 0.3714606 0.4122919 0.4235599 0.4045478 0.4124153 0.5975460 0.4954485 0.3852850 0.4710944 0.4357282 0.4656267 0.4298934 0.5022697 0.7686306 0.3924646 0.4623917 0.5434373 0.5983165 0.6087080 0.7038280 0.6957971 0.7700524 0.7898205 0.8290919 0.8359521 0.7870833 0.8147894 0.8339992 1.0169368 1.0298134 0.8996702 1.0037773 1.0218054 0.9708818 1.1607680 1.1147784 0.8374414 0.9406780 0.9422267 0.9919424 0.9165800 0.9653243 1.1077701 1.1080838 1.1650237 0.9394628 0.8227291 0.9671280 0.8026368 0.9789758 1.0048167 1.0399486 0.8084132 0.8084132 1.3190626 0.9196015 0.9189141 0.9243511 1.0097380 1.0097380 1.0247091 1.0247091 0.9830425 0.9830425 0.8542774 0.8542774 0.8701553 0.9759877 0.9851079 0.9423308 1.9739765 1.5459858 
Acagra_model.g15501.t1                                            0.4156848 0.4057651 0.3962231 0.5309364 0.4282196 0.5144723 0.4039476 0.3512339 0.5022259 0.4853328 0.3279170 0.3714606 0.0000000 0.0000010 0.0091643 0.4512747 0.4441978 0.6765490 0.3950768 0.3475009 0.3825621 0.4694472 0.4450137 0.4546410 0.4015203 0.6950212 0.3771901 0.4176602 0.6712909 0.7528489 0.5448768 0.6863807 0.4987026 0.7813373 0.7691086 0.8206771 0.8177172 0.6544949 0.7914800 0.8236192 0.8746272 0.9003246 0.9233421 0.9143013 0.9890865 0.8245571 1.1265710 1.1361364 0.8557098 0.8939519 0.9149769 0.8320385 0.8922262 0.9713845 0.8640289 0.7967815 0.9230157 0.8470922 0.8796396 0.8806251 0.8574748 1.0080952 1.0272458 1.1221204 0.8607465 0.8607465 1.4390105 0.9032515 0.9025748 0.9724307 1.0443414 1.0443414 1.0175170 1.0175170 1.0037198 1.0037198 0.8772091 0.8772091 0.9342079 1.0038817 0.9139575 0.8455961 2.0023187 1.5040292 
Acagra_model.g15501.t1.2.5d3b87fd                                 0.4940115 0.4780085 0.4865944 0.4281298 0.4936712 0.7220524 0.4938106 0.4004652 0.5675142 0.6185900 0.4128372 0.4122919 0.0000010 0.0000000 0.0000010 0.5933483 0.5571927 0.6302881 0.3475009 0.3475009 0.4118535 0.5535780 0.6140522 0.5050688 0.4344807 0.9245185 0.3948030 0.4176602 0.6712909 0.7528489 0.5745432 0.5745432 0.4488384 1.0391908 0.9355684 1.0563388 1.0312524 0.7067216 0.9206537 1.0348829 1.0178469 1.1171238 1.1560899 0.9904363 1.1673576 0.8628507 1.2574228 1.2790285 1.1296794 1.1971233 1.0562270 0.8974434 1.1928703 1.2731672 1.1519670 1.0342375 1.2390841 1.2222739 0.9506340 1.0190436 1.1394672 1.1097438 1.1144093 1.1394672 1.1522991 1.1522991 1.1725495 1.1190404 1.1179505 1.1307221 1.1290423 1.1290423 1.1290423 1.1290423 1.1290423 1.1290423 1.1544933 1.1544933 1.1550397 1.2701589 1.2024061 1.0332540 1.6429025 2.2241937 
Acagra_model.g15501.t1.1.5d3b87fc                                 0.4349738 0.4226920 0.4081795 0.4078532 0.4429629 0.5868539 0.4570444 0.3532617 0.5392248 0.5650067 0.3727492 0.4235599 0.0091643 0.0000010 0.0000000 0.5608232 0.5323015 0.7535918 0.3668933 0.3475009 0.4538987 0.5286597 0.5201983 0.4902452 0.4384616 0.8068460 0.4241177 0.4176602 0.6712909 0.7528489 0.5448768 0.6793565 0.4712686 0.8821075 0.8734580 0.9451196 0.9339967 0.7591931 0.8970139 0.9533072 1.0156737 1.0831585 1.0676732 0.9898519 1.0238789 0.8834653 1.2269956 1.2412208 1.0185453 1.1159893 0.9947421 0.8724814 1.0589334 1.1701161 1.0253614 0.9180771 1.1733598 1.0190701 0.9502625 0.9416833 1.0299921 1.0100258 1.0133735 1.0611944 1.0110000 1.0110000 1.0950050 1.0092276 1.0083725 0.9810321 0.9800015 0.9800015 0.9800015 0.9800015 0.9800015 0.9800015 1.0215085 1.0215085 1.0197266 1.1082490 1.0686345 0.9916387 1.9876172 1.9051349 
Rhoesc_Res_004272-T1                                              0.4060911 0.3962843 0.3721928 0.5432830 0.4134234 0.3907152 0.3725192 0.4471684 0.4144827 0.3570414 0.3266525 0.4045478 0.4512747 0.5933483 0.5608232 0.0000000 0.0446232 0.2898912 0.5274274 0.5683160 0.3670188 0.4614605 0.3534539 0.4614931 0.4758642 0.7845277 0.4865269 0.5864255 0.3962758 0.2829906 0.5828378 0.6668870 0.7000104 0.6512763 0.7055031 0.7441299 0.6827351 0.7948614 0.7356488 0.9294115 0.9732245 0.9242793 0.8805759 1.0010080 0.8223695 1.0384247 1.1286251 1.1323066 0.9023350 0.9879906 0.9377470 1.0773002 0.9353847 0.9818429 1.0994115 0.9994266 1.1051007 0.9365242 0.8715030 0.9844321 0.7293859 0.8950747 0.9267538 0.9784300 0.7521583 0.7521583 1.3387728 0.8865762 0.8858942 0.8737041 1.0480580 1.0480580 1.0212450 1.0212450 1.0075761 1.0075761 0.7904024 0.7904024 0.7918184 0.9186665 0.9570794 0.9104301 1.8117089 1.6191605 
Nemnom_g2986.t1                                                   0.4165691 0.4067014 0.3742569 0.5529881 0.4230240 0.4079597 0.3831149 0.4578498 0.4252532 0.3713791 0.3499101 0.4124153 0.4441978 0.5571927 0.5323015 0.0446232 0.0000000 0.2853263 0.5248442 0.5489519 0.3451275 0.4879878 0.3647625 0.4695608 0.4787188 0.8092557 0.4787790 0.5498489 0.3992588 0.2896149 0.5806347 0.6669366 0.7031112 0.6370989 0.6888295 0.7524922 0.6638901 0.7970328 0.7594752 0.9050714 0.9858845 0.9318097 0.9097785 0.9757106 0.8022999 1.0729369 1.1689432 1.1751892 0.9385515 1.0032717 0.9791605 1.0491043 0.9123357 0.9579455 1.0728432 0.9709735 1.1115884 0.9218613 0.8683304 1.0199007 0.7101949 0.8727866 0.8979690 0.9470660 0.7356222 0.7356222 1.3069437 0.9372956 0.9366115 0.9020609 1.0695148 1.0695148 1.0430920 1.0430920 1.0303401 1.0303401 0.8402346 0.8402346 0.8224405 0.9512709 0.9910397 0.9288328 1.8168400 1.5997401 
Sanmal_Sma_023561-T1                                              0.5776188 0.5647205 0.6003957 0.7131308 0.5976311 0.6149290 0.5344268 0.6444546 0.6053594 0.5745851 0.5765364 0.5975460 0.6765490 0.6302881 0.7535918 0.2898912 0.2853263 0.0000000 0.7624697 0.5910509 0.5701919 0.6535130 0.5990852 0.7183205 0.6889448 1.1537377 0.6184273 0.6558012 0.5176616 0.4161819 0.5766315 0.7854035 0.8322261 0.9654511 1.0395111 1.1630982 1.0015652 0.9700464 1.0344410 1.1460828 1.1298305 1.1731363 1.1902640 1.3351905 1.1221534 1.4093877 1.5182467 1.5493138 1.3823613 1.4921866 1.3333054 1.2690574 1.2569195 1.3208116 1.6668453 1.5469754 1.4848176 1.3986503 1.1983816 1.3477013 1.0285066 1.1793762 1.1934131 1.3325592 1.0814094 1.0814094 1.7823706 1.2379755 1.2370786 1.2656318 1.5597912 1.5597912 1.5881461 1.5881461 1.4405307 1.4405307 1.2485155 1.2485155 1.1444383 1.3321920 1.2540297 1.3027525 1.8147516 2.0348974 
Ctel_gnl_WGS_AMQN_CAPTEDRAFT_mRNA178459                           0.4549420 0.4583723 0.3900562 0.5512740 0.4447388 0.5874971 0.5683559 0.3734349 0.5479788 0.4293657 0.4114264 0.4954485 0.3950768 0.3475009 0.3668933 0.5274274 0.5248442 0.7624697 0.0000000 0.0000010 0.5430431 0.5018310 0.5240428 0.5338646 0.5675139 0.8171361 0.5861777 0.5394720 0.6291538 0.7501481 0.6846703 0.8533751 0.5902793 0.8276636 0.8011791 0.8785196 0.8071178 0.8590458 0.9822316 1.0034738 0.9828433 1.0270796 0.9775888 1.0388001 1.0980253 1.0001403 1.0714172 1.0816255 1.0094541 1.0368426 1.1688294 1.0157124 0.9873679 1.0816762 1.0548169 1.0469151 1.1371263 0.8618769 0.8909900 0.9647885 0.9937633 1.0460850 1.0655246 1.1938044 0.9418392 0.9418392 1.5209287 0.9581794 0.9574871 0.9454346 1.1415882 1.1415882 1.0623301 1.0623301 1.0502855 1.0502855 0.9909168 0.9909168 0.9768641 1.0675383 1.1675580 0.9958717 2.4058571 1.8852542 
Ctel_gnl_WGS_AMQN_CAPTEDRAFT_mRNA207248                           0.5029239 0.5081618 0.4307549 0.4567903 0.4729349 0.7209201 0.5734874 0.3330026 0.6619805 0.4212894 0.3855039 0.3852850 0.3475009 0.3475009 0.3475009 0.5683160 0.5489519 0.5910509 0.0000010 0.0000000 0.5628487 0.4835482 0.5825800 0.5109610 0.6123144 0.9699370 0.5146568 0.5394720 0.6291538 0.7501481 0.7239175 0.7239175 0.5925588 0.9979294 1.0055400 1.1414805 1.0305801 0.9181091 1.0412121 1.1678460 1.1239639 1.1858791 1.0990082 1.0640514 1.2302632 0.9313404 1.0254080 1.0414802 1.1304234 1.2143056 1.2268384 1.0700597 1.0384156 1.1651902 1.2424165 1.1350393 1.2823234 1.0158337 0.9934634 0.9640548 1.2014693 1.1744889 1.1795446 1.2014693 1.1996062 1.1996062 1.2344349 1.0308870 1.0298229 0.9904921 1.0758991 1.0758991 1.0758991 1.0758991 1.0758991 1.0758991 1.1079608 1.1079608 1.0281971 1.1688499 1.3026399 1.1219631 1.9635253 2.4733170 
Cgig_XM_011417902.3                                               0.4739720 0.4636672 0.4581883 0.6527308 0.4945995 0.6107610 0.3664056 0.4726031 0.4417294 0.4384838 0.3815597 0.4710944 0.3825621 0.4118535 0.4538987 0.3670188 0.3451275 0.5701919 0.5430431 0.5628487 0.0000000 0.5670207 0.4733499 0.5090013 0.4413592 0.7634881 0.4391990 0.5028449 0.5760716 0.4663250 0.5360291 0.7142472 0.6402511 0.7567013 0.7402902 0.7601290 0.7834516 0.6586010 0.7254926 0.7816518 0.7350171 0.7632368 0.7685739 0.9089099 0.8730043 0.9139100 0.9951428 1.0371629 0.8964539 0.9422290 0.8276610 0.8854899 1.0206578 1.0327771 1.0479067 0.9645095 1.0075484 0.9544196 0.6980384 1.0041935 0.7340116 0.8257508 0.8522179 0.9152722 0.7400692 0.7400692 1.2788699 0.9066684 0.9059870 0.9202300 1.0698772 1.0698772 1.0430200 1.0430200 1.0019329 1.0019329 0.8570356 0.8570356 0.8709237 0.9294266 0.9660315 0.8423184 1.5745553 1.4991282 
Dpul_mRNA12194                                                    0.4494853 0.4597903 0.3891811 0.6223851 0.4913275 0.5881889 0.4898407 0.4790290 0.4835879 0.4693255 0.3850116 0.4357282 0.4694472 0.5535780 0.5286597 0.4614605 0.4879878 0.6535130 0.5018310 0.4835482 0.5670207 0.0000000 0.3248550 0.6338794 0.6241800 0.8999197 0.5313995 0.6237260 0.5131152 0.5489710 0.6393364 0.8038605 0.6702817 0.7553196 0.9217159 0.9696149 0.9433298 0.7621323 0.7274855 0.9329656 0.9491436 0.9319477 0.9743052 0.9618549 0.9956133 0.9754411 1.1124483 1.2084091 0.9546735 0.9520934 0.9565822 1.0878379 0.8355915 0.9081033 0.9495704 1.0332518 1.0640348 0.8443396 0.9218270 0.9066990 0.9265761 1.0808660 1.1000589 1.2142258 0.9173815 0.9173815 1.5082832 1.0490080 1.0483209 1.0866694 1.2952855 1.2952855 1.2456335 1.2456335 1.2415256 1.2415256 0.9952793 0.9952793 1.0330989 1.1441585 1.1899917 1.1950321 1.8976338 1.8431722 
Tcas_TC007251_001                                                 0.4812378 0.4711549 0.4489614 0.6623627 0.4891967 0.5452628 0.4473186 0.4711070 0.4998630 0.3728706 0.3641031 0.4656267 0.4450137 0.6140522 0.5201983 0.3534539 0.3647625 0.5990852 0.5240428 0.5825800 0.4733499 0.3248550 0.0000000 0.5465619 0.5298034 0.8418603 0.5064526 0.5513779 0.4225198 0.5431378 0.6852806 0.7683753 0.6412482 0.8050762 0.8417588 0.8788248 0.8633196 0.7262184 0.7565834 0.8648986 0.9940455 0.8988522 0.8442387 0.9826593 0.7371803 1.0213299 1.1407405 1.1780985 0.9021745 0.9337428 0.9818242 0.8897355 0.8457447 0.8932314 0.9991577 0.9378625 0.9801893 0.7970116 0.7695188 0.9180374 0.8085143 0.9372043 0.9537424 1.0674382 0.8433806 0.8433806 1.4390174 0.8859705 0.8853094 0.8532510 1.0702090 1.0702090 1.0441520 1.0441520 1.0316189 1.0316189 0.8304481 0.8304481 0.8907495 0.9986126 0.9985547 0.9910561 2.0850595 1.4255161 
Xesp_021461-T1                                                    0.3767112 0.3674404 0.3895904 0.5309769 0.4350203 0.4256091 0.4153466 0.4034166 0.4581074 0.5103111 0.4322216 0.4298934 0.4546410 0.5050688 0.4902452 0.4614931 0.4695608 0.7183205 0.5338646 0.5109610 0.5090013 0.6338794 0.5465619 0.0000000 0.2364983 0.2045435 0.4563438 0.5430666 0.5400971 0.6068523 0.6582458 0.7552585 0.6353479 0.7745818 0.6938046 0.6296561 0.6116475 0.9027663 0.8011768 0.8218426 0.9783606 0.9481065 1.0589973 1.0958342 1.0680118 1.0354358 1.2624584 1.2571625 1.0317224 1.0944700 1.0462170 1.0969211 1.0529525 1.1139969 1.0313425 0.9169570 1.1022767 1.0071454 0.9303933 1.1852911 0.9450991 1.0234791 1.0492384 1.1670375 0.8958361 0.8958361 1.3098479 0.9291269 0.9284521 0.9709024 1.0476818 1.0476818 0.9813849 0.9813849 0.9342035 0.9342035 0.8188369 0.8188369 0.8210762 0.9265475 1.0596270 0.9033179 1.7777139 1.8331389 
Dgig_XM_028547073.1                                               0.3900416 0.3804850 0.3780407 0.5750606 0.4845684 0.5247026 0.3870355 0.3729048 0.5743229 0.5444735 0.4640941 0.5022697 0.4015203 0.4344807 0.4384616 0.4758642 0.4787188 0.6889448 0.5675139 0.6123144 0.4413592 0.6241800 0.5298034 0.2364983 0.0000000 0.5234675 0.5057733 0.5801428 0.5953476 0.5438558 0.5571813 0.6700344 0.6563232 0.7874471 0.8463041 0.8826556 0.8390711 0.8595735 0.8886867 0.8087024 1.0368256 1.0149768 1.1038768 1.1485454 1.1920818 1.1923772 1.4331193 1.4209955 1.1853310 1.1639363 1.0270539 1.0849636 0.9591062 0.9772202 0.9178364 0.8766358 0.9967487 0.9206272 0.9747140 1.1052600 0.8748429 0.9860884 1.0114058 1.0890073 0.8072041 0.8072041 1.3309072 0.9840262 0.9833552 1.0318898 1.1457710 1.1457710 1.0791777 1.0791777 1.0681006 1.0681006 0.9263576 0.9263576 0.9695262 1.0657632 1.0770478 0.9593728 2.1345202 1.7973941 
Xesp_021453-T1                                                    0.6666693 0.6627890 0.4769869 0.8497575 0.7311623 0.7964864 0.7293156 0.4034166 0.7640189 0.7937493 0.7277493 0.7686306 0.6950212 0.9245185 0.8068460 0.7845277 0.8092557 1.1537377 0.8171361 0.9699370 0.7634881 0.8999197 0.8418603 0.2045435 0.5234675 0.0000000 0.7415020 1.0242254 1.0289198 0.7654493 0.9986972 1.0024069 0.7994926 0.7818184 0.8843836 0.7890896 0.7705185 1.1826656 0.9965728 1.0336833 1.1747276 1.1235731 1.3263674 1.3227286 1.2777935 1.1450505 1.2703407 1.2811011 1.2268075 1.3395470 1.1608454 1.3623297 1.2531234 1.3280396 1.1524480 1.1227247 1.2900530 1.2193204 1.3012148 1.3047870 1.3905330 1.6175287 1.6428543 1.7088188 1.3644286 1.3644286 1.9424038 1.3077268 1.3069928 1.3951501 1.4599303 1.4599303 1.3862984 1.3862984 1.3444123 1.3444123 1.1027673 1.1027673 1.0958078 1.2387243 1.4079094 1.2165507 2.5760122 1.8180027 
Spur_XM_779524.5                                                  0.4406455 0.4309993 0.4153751 0.5316616 0.4408580 0.4749884 0.4009961 0.4217570 0.4825353 0.4370174 0.4135263 0.3924646 0.3771901 0.3948030 0.4241177 0.4865269 0.4787790 0.6184273 0.5861777 0.5146568 0.4391990 0.5313995 0.5064526 0.4563438 0.5057733 0.7415020 0.0000000 0.0218933 0.6321847 0.6537714 0.6910372 0.8468609 0.5949124 0.8571520 0.8243670 0.8463617 0.8898680 0.9196701 0.8786871 1.0062857 1.0695604 1.0701178 1.0601826 1.0405991 0.9704053 1.1859489 1.3003511 1.3517486 1.1028729 1.0937589 1.0640566 1.0083351 0.9936647 1.0119372 1.0505402 0.9718115 1.0874814 1.0297656 1.0150133 1.0392472 0.8588507 0.9878904 1.0013290 1.0787556 0.8452296 0.8452296 1.3335304 1.0121208 1.0114365 0.9538961 1.1147309 1.1147309 1.0863506 1.0863506 1.0048996 1.0048996 0.9549007 0.9549007 0.9236937 1.0124961 1.0318521 0.9178338 1.7290055 1.6022034 
Spur_XM_030999358.1                                               0.4934330 0.4783913 0.4643691 0.4312307 0.4979957 0.5792650 0.4264012 0.4434742 0.5072561 0.4656607 0.4705762 0.4623917 0.4176602 0.4176602 0.4176602 0.5864255 0.5498489 0.6558012 0.5394720 0.5394720 0.5028449 0.6237260 0.5513779 0.5430666 0.5801428 1.0242254 0.0218933 0.0000000 0.6689311 0.6827497 0.7860721 0.7860721 0.6157873 1.0671233 0.9379912 0.9789258 0.9956512 0.8994459 0.9042197 1.0844240 1.2049510 1.1691865 1.1562324 1.2183585 0.9118471 1.3186237 1.3495246 1.4337148 1.3078514 1.2861619 1.0661840 1.0832951 1.0444386 1.0702112 1.1806120 1.1330432 1.2084415 1.2761026 0.9723966 0.9897159 0.9469542 0.9351043 0.9472739 0.9469542 0.9724320 0.9724320 0.9908998 1.3064985 1.3053854 1.1018833 1.1497469 1.1497469 1.1497469 1.1497469 1.1497469 1.1497469 1.2390555 1.2390555 1.1437356 1.2723414 1.1503186 1.0082759 1.4623782 2.0919413 
Hvul_g14240_1                                                     0.6370067 0.6201715 0.5587824 0.6035456 0.6298127 0.7218782 0.4555469 0.7754010 0.5808437 0.6653872 0.5114610 0.5434373 0.6712909 0.6712909 0.6712909 0.3962758 0.3992588 0.5176616 0.6291538 0.6291538 0.5760716 0.5131152 0.4225198 0.5400971 0.5953476 1.0289198 0.6321847 0.6689311 0.0000000 0.4923582 0.7411050 0.7411050 0.9078115 1.0745449 1.2210998 1.1227254 1.0230176 0.9408559 1.0835711 1.0570137 1.2122260 1.1316337 1.1683859 1.2788092 1.0482942 1.3272340 1.4765485 1.4408001 1.4773227 1.4201335 1.0929648 1.3121274 1.2513897 1.3907701 1.7590494 1.7671109 1.6768547 1.4341292 0.9967104 1.1759344 1.0673711 1.1086404 1.1133219 1.0673711 1.1547698 1.1547698 1.1716410 1.2781864 1.2770674 1.2473468 1.2729547 1.2729547 1.2729547 1.2729547 1.2729547 1.2729547 1.2881638 1.2881638 1.1240736 1.3230603 1.3676596 1.2823293 1.8856504 2.8680738 
Morvir_scaffold301.g7.t1                                          0.4932960 0.4932960 0.3806124 0.4623056 0.4853610 0.7428915 0.4465748 0.4800388 0.5706882 0.6407420 0.5109592 0.5983165 0.7528489 0.7528489 0.7528489 0.2829906 0.2896149 0.4161819 0.7501481 0.7501481 0.4663250 0.5489710 0.5431378 0.6068523 0.5438558 0.7654493 0.6537714 0.6827497 0.4923582 0.0000000 0.7447610 0.7447610 0.7682187 0.4549555 0.5719157 0.7073892 0.5758336 0.9296667 0.8519383 0.8470315 0.8234914 0.8090204 1.0924492 1.2382818 0.9100040 1.0235091 1.0009587 0.9664530 1.1292314 1.2055951 1.0446027 1.1147338 0.8381277 0.8943094 1.2506792 1.1311284 1.2227008 1.0554401 0.7654561 1.1027618 1.0170370 1.0336171 1.0609916 1.0170370 0.9214122 0.9214122 0.9990158 1.1510759 1.1497535 1.1380610 1.2243461 1.2243461 1.2243461 1.2243461 1.2243461 1.2243461 1.1144976 1.1144976 1.2440641 1.2440641 1.1355325 1.1368619 1.6281333 1.9122537 
Ocar_g9249                                                        0.5477354 0.5320813 0.5569673 0.5210681 0.5584356 0.8165457 0.5029163 0.3857370 0.6189939 0.6972013 0.6381512 0.6087080 0.5448768 0.5745432 0.5448768 0.5828378 0.5806347 0.5766315 0.6846703 0.7239175 0.5360291 0.6393364 0.6852806 0.6582458 0.5571813 0.9986972 0.6910372 0.7860721 0.7411050 0.7447610 0.0000000 0.0000010 0.5468258 1.1549420 1.0871685 1.2132071 1.1240826 0.7994686 0.8717731 0.9502763 1.0790480 1.1809345 0.9788359 1.0397225 0.9315747 1.1220031 1.2292033 1.4260151 1.2874489 1.3064187 1.0647690 1.1377414 1.4447041 1.4991704 1.5901422 1.6406653 1.6311692 1.5407418 0.9134645 0.9437742 1.1365928 1.2055476 1.2198434 1.1365928 1.1610539 1.1610539 1.1579146 1.2642130 1.2631238 1.1247092 1.3533399 1.3533399 1.3533399 1.3533399 1.3533399 1.3533399 1.3221737 1.3221737 1.1945727 1.3145232 1.5573110 1.5206055 1.3652516 2.1950066 
Opea_EP00118_Oscarella_pearsei_P026358                            0.7084816 0.6968039 0.6924420 0.8279893 0.7009254 0.9066093 0.6694641 0.7056327 0.7918741 0.7513775 0.6860414 0.7038280 0.6863807 0.5745432 0.6793565 0.6668870 0.6669366 0.7854035 0.8533751 0.7239175 0.7142472 0.8038605 0.7683753 0.7552585 0.6700344 1.0024069 0.8468609 0.7860721 0.7411050 0.7447610 0.0000010 0.0000000 0.7141318 1.2038788 1.1296472 1.2321304 1.1500459 0.9942889 0.9336544 1.0381987 1.2106285 1.2536117 1.0689185 1.1690284 1.0996907 1.3178426 1.4281690 1.5802515 1.2257299 1.3265341 1.1990587 1.2484474 1.3120797 1.3504816 1.3552730 1.4350948 1.5642299 1.3797733 1.0024050 1.1968166 1.0317565 1.2961724 1.3223540 1.2878709 1.0730595 1.0730595 1.6706756 1.1549862 1.1542564 1.1434907 1.4239055 1.4239055 1.4056532 1.4056532 1.3580414 1.3580414 1.1213754 1.1213754 1.1302872 1.2114416 1.3453360 1.3506858 1.7929866 1.8495868 
Plajan_Pjan_C541336_01                                            0.5476362 0.5371256 0.4695912 0.6847514 0.5640126 0.6420715 0.6000904 0.4920225 0.5773038 0.6082519 0.6072870 0.6957971 0.4987026 0.4488384 0.4712686 0.7000104 0.7031112 0.8322261 0.5902793 0.5925588 0.6402511 0.6702817 0.6412482 0.6353479 0.6563232 0.7994926 0.5949124 0.6157873 0.9078115 0.7682187 0.5468258 0.7141318 0.0000000 0.9846823 0.9019280 0.9573695 0.9752812 0.9698553 0.9134899 0.9785089 1.1485562 1.2294928 1.1257880 1.1534970 1.0637158 1.2309008 1.2590273 1.3027890 1.2834084 1.2101134 1.2540918 1.1282503 1.1116160 1.1189318 1.0942650 1.0041663 1.1580308 1.0353697 1.1206876 0.9988164 1.1981027 1.2459890 1.3224998 1.4566085 1.0686574 1.0686574 1.6609340 1.1202526 1.1385873 1.0599194 1.2764961 1.2764961 1.1982681 1.1982681 1.1466383 1.1466383 1.0049392 1.0049392 1.0424724 1.1265273 1.1380876 1.0941622 1.6986398 1.9774921 
Clacor_Ccor_scaffold5069_01                                       0.6054477 0.6174114 0.3065512 0.7280102 0.6182958 0.7445322 0.6702370 0.4629367 0.7863065 0.7821989 0.6676222 0.7700524 0.7813373 1.0391908 0.8821075 0.6512763 0.6370989 0.9654511 0.8276636 0.9979294 0.7567013 0.7553196 0.8050762 0.7745818 0.7874471 0.7818184 0.8571520 1.0671233 1.0745449 0.4549555 1.1549420 1.2038788 0.9846823 0.0000000 0.5499180 0.6414391 0.5449647 1.1380809 1.1439234 1.2620469 1.1794318 1.2295093 1.2568842 1.4259622 1.3890059 1.2510429 1.4608466 1.4151224 1.2429156 1.4424370 1.2903202 1.4807185 1.1940739 1.2522808 1.4026085 1.3465954 1.3398872 1.1768442 1.1985866 1.4214527 1.2568407 1.3945628 1.4231969 1.5523535 1.2186710 1.2186710 1.8773427 1.1787514 1.1779901 1.1594566 1.3453065 1.3453065 1.2835657 1.2835657 1.2451187 1.2451187 1.0783652 1.0783652 0.9733194 1.1456200 1.1765503 1.1632339 3.4450642 2.0331421 
Scil_scict006603.1                                                0.6825492 0.6835194 0.4278980 0.8456481 0.6598515 0.9022573 0.7385361 0.5083091 0.7755898 0.7780885 0.7535403 0.7898205 0.7691086 0.9355684 0.8734580 0.7055031 0.6888295 1.0395111 0.8011791 1.0055400 0.7402902 0.9217159 0.8417588 0.6938046 0.8463041 0.8843836 0.8243670 0.9379912 1.2210998 0.5719157 1.0871685 1.1296472 0.9019280 0.5499180 0.0000000 0.1654528 0.2144215 1.1688191 1.0766136 1.1745546 1.2141190 1.2202131 1.2949351 1.3663980 1.2725003 1.2527153 1.3564792 1.3046614 1.1264819 1.2738747 1.2454238 1.4923003 1.1634163 1.1264706 1.3052625 1.2736694 1.4715442 1.1636371 1.2436873 1.3828924 1.2572538 1.4278888 1.4610865 1.5169982 1.2227489 1.2227489 1.8958889 1.1735063 1.1561185 1.2213442 1.3378238 1.3378238 1.2700160 1.2700160 1.2339879 1.2339879 1.0851203 1.0851203 1.1644796 1.2103933 1.2097709 1.1976082 2.3608631 2.2222835 
Gracom_Gcom_scaffold16165_01                                      0.7441029 0.7452279 0.5174270 0.9333064 0.7723570 0.8924166 0.7985686 0.6537300 0.8343620 0.7792706 0.8188454 0.8290919 0.8206771 1.0563388 0.9451196 0.7441299 0.7524922 1.1630982 0.8785196 1.1414805 0.7601290 0.9696149 0.8788248 0.6296561 0.8826556 0.7890896 0.8463617 0.9789258 1.1227254 0.7073892 1.2132071 1.2321304 0.9573695 0.6414391 0.1654528 0.0000000 0.2151520 1.1297008 1.0233229 1.1584880 1.3312659 1.2849394 1.2624428 1.3971130 1.2545417 1.2899401 1.4369743 1.4568714 1.1614073 1.3546539 1.3518903 1.5246593 1.3346200 1.2872269 1.4142247 1.4372433 1.6658157 1.2350286 1.3643675 1.4846713 1.4016658 1.6518444 1.6775564 1.6689534 1.3668920 1.3668920 2.1499984 1.2465232 1.2283615 1.3801189 1.4310414 1.4310414 1.3609660 1.3609660 1.3266179 1.3266179 1.1874280 1.1874280 1.1879238 1.2270751 1.2202889 1.2434057 2.3582895 2.2140763 
Lcom_lcpid111695                                                  0.6598848 0.6687139 0.3973122 0.8515952 0.7185243 0.8952717 0.7536633 0.4990687 0.7320825 0.8049742 0.8471987 0.8359521 0.8177172 1.0312524 0.9339967 0.6827351 0.6638901 1.0015652 0.8071178 1.0305801 0.7834516 0.9433298 0.8633196 0.6116475 0.8390711 0.7705185 0.8898680 0.9956512 1.0230176 0.5758336 1.1240826 1.1500459 0.9752812 0.5449647 0.2144215 0.2151520 0.0000000 1.0697323 0.9632185 1.0880018 1.1638692 1.1178077 1.1308141 1.4056218 1.1672002 1.0803132 1.2860868 1.3021484 1.0521195 1.1687853 1.2123546 1.3713642 1.2941491 1.3114868 1.3796321 1.3832573 1.4720394 1.1354260 1.1461061 1.3631696 1.2901309 1.4427019 1.4691775 1.5544471 1.2552859 1.2552859 1.9130123 1.1845633 1.1838569 1.2435359 1.2981207 1.2981207 1.2302119 1.2302119 1.1929040 1.1929040 1.1463735 1.1463735 1.0932964 1.1506793 1.1962378 1.1694292 2.3666943 2.0108816 
Diagra_EP00040_Diaphanoeca_grandis_P025985                        0.7808614 0.7933066 0.7163592 0.9857070 0.8501784 1.0649189 0.7779426 0.6983832 0.8439792 0.7689794 0.6606878 0.7870833 0.6544949 0.7067216 0.7591931 0.7948614 0.7970328 0.9700464 0.8590458 0.9181091 0.6586010 0.7621323 0.7262184 0.9027663 0.8595735 1.1826656 0.9196701 0.8994459 0.9408559 0.9296667 0.7994686 0.9942889 0.9698553 1.1380809 1.1688191 1.1297008 1.0697323 0.0000000 0.4807338 0.4769978 0.5158692 0.5547393 0.5247492 0.6394036 0.6590252 0.8099804 0.9071951 1.0368124 0.8700937 0.7188823 0.6586218 0.7433196 1.0858817 1.1298030 1.0990219 1.1157550 1.1519135 1.0983349 0.7676265 0.7914154 1.1190768 1.3684996 1.3769589 1.3889887 1.1364703 1.1364703 1.7744852 1.2664307 1.2656955 1.4549980 1.4690148 1.4690148 1.4935508 1.4935508 1.4630962 1.4630962 1.2320238 1.2320238 1.2391133 1.3566943 1.4006926 1.4386192 1.1385869 1.2772817 
Salmac_EP00052_Salpingoeca_macrocollata_P022932                   0.7809518 0.7931022 0.7432651 1.0018548 0.8309042 1.0521334 0.7530631 0.7533050 0.8560191 0.7849143 0.6975431 0.8147894 0.7914800 0.9206537 0.8970139 0.7356488 0.7594752 1.0344410 0.9822316 1.0412121 0.7254926 0.7274855 0.7565834 0.8011768 0.8886867 0.9965728 0.8786871 0.9042197 1.0835711 0.8519383 0.8717731 0.9336544 0.9134899 1.1439234 1.0766136 1.0233229 0.9632185 0.4807338 0.0000000 0.5428427 0.6549807 0.6440748 0.5716570 0.4826797 0.5833771 0.7728510 0.7940458 0.9292689 0.6938008 0.6687182 0.6325862 0.7904631 1.0560839 1.0616185 1.1178324 1.1153048 1.1646182 1.0536079 0.7765927 0.8038997 1.0827714 1.3448792 1.3785961 1.3907596 1.1470358 1.1470358 1.8919320 1.1330864 1.1323736 1.3424976 1.4071653 1.4071653 1.4773136 1.4773136 1.3943336 1.3943336 1.1010640 1.1010640 1.2018077 1.3003539 1.3530433 1.3517794 0.4045966 1.2365195 
Stedip_EP00041_Stephanoeca_diplocostata_P007960                   0.8144100 0.8271232 0.7504265 1.0180306 0.8642439 1.1345788 0.7849075 0.7177016 0.9946985 0.9666476 0.7212703 0.8339992 0.8236192 1.0348829 0.9533072 0.9294115 0.9050714 1.1460828 1.0034738 1.1678460 0.7816518 0.9329656 0.8648986 0.8218426 0.8087024 1.0336833 1.0062857 1.0844240 1.0570137 0.8470315 0.9502763 1.0381987 0.9785089 1.2620469 1.1745546 1.1584880 1.0880018 0.4769978 0.5428427 0.0000000 0.4377520 0.4205304 0.5190215 0.7622636 0.7871266 0.9761438 1.1361468 1.1416367 0.7302917 0.7181179 0.8377629 0.6853312 1.2622806 1.2832006 1.2545989 1.2402824 1.1747836 1.1167094 0.8974378 0.9144855 1.0686679 1.3386772 1.3323941 1.3635591 1.1294293 1.1294293 1.7230943 1.2828974 1.2821565 1.3961911 1.3495665 1.3495665 1.4130239 1.4130239 1.3579612 1.3579612 1.2356201 1.2356201 1.3346353 1.3524297 1.4723729 1.4644429 1.1140661 1.3672854 
Acaspe_EP00035_Acanthoeca_spectabilis_P023528                     0.9061288 0.9187211 0.7613750 1.0934446 0.9942652 1.1154570 0.9092703 0.7520861 1.0789333 0.9791882 0.7834594 1.0169368 0.8746272 1.0178469 1.0156737 0.9732245 0.9858845 1.1298305 0.9828433 1.1239639 0.7350171 0.9491436 0.9940455 0.9783606 1.0368256 1.1747276 1.0695604 1.2049510 1.2122260 0.8234914 1.0790480 1.2106285 1.1485562 1.1794318 1.2141190 1.3312659 1.1638692 0.5158692 0.6549807 0.4377520 0.0000000 0.1039432 0.6160891 0.7698430 0.7733431 0.7557314 0.8625800 0.8793200 0.7196165 0.7214319 0.8234797 0.8516318 1.2744877 1.3426206 1.2959604 1.2517029 1.1834914 1.1905539 0.9298851 0.9694863 1.2652864 1.4354455 1.4675864 1.5200194 1.1580644 1.1580644 1.8635280 1.2267652 1.2260749 1.3846927 1.3675224 1.3675224 1.3869379 1.3869379 1.3468528 1.3468528 1.1860209 1.1860209 1.1065709 1.1730449 1.3743220 1.2940474 1.6889081 1.4201450 
Helnan_EP00037_Helgoeca_nana_P014604                              0.9476536 0.9606563 0.8317098 1.2191370 1.0446850 1.1888884 0.9777173 0.8445399 1.1095115 0.9830468 0.7599646 1.0298134 0.9003246 1.1171238 1.0831585 0.9242793 0.9318097 1.1731363 1.0270796 1.1858791 0.7632368 0.9319477 0.8988522 0.9481065 1.0149768 1.1235731 1.0701178 1.1691865 1.1316337 0.8090204 1.1809345 1.2536117 1.2294928 1.2295093 1.2202131 1.2849394 1.1178077 0.5547393 0.6440748 0.4205304 0.1039432 0.0000000 0.6581478 0.7923637 0.7349736 0.7659198 0.8083481 0.8434059 0.7083670 0.6984566 0.8413706 0.8125310 1.2221429 1.2871023 1.1981008 1.1983759 1.1305362 1.2201843 0.8654903 0.9421936 1.2591460 1.5113281 1.5385443 1.5842154 1.1953974 1.1953974 1.9304636 1.1694355 1.1687615 1.3550853 1.3112341 1.3112341 1.3281951 1.3281951 1.3280533 1.3280533 1.1207707 1.1207707 1.1130778 1.1565177 1.3199419 1.2894594 1.4975303 1.3832849 
Didcos_EP00039_Didymoeca_costata_P014427                          0.9017517 0.9150436 0.8033479 1.1477572 0.9382600 1.1485887 0.8303370 0.7042186 0.9686465 0.9333076 0.9208160 0.8996702 0.9233421 1.1560899 1.0676732 0.8805759 0.9097785 1.1902640 0.9775888 1.0990082 0.7685739 0.9743052 0.8442387 1.0589973 1.1038768 1.3263674 1.0601826 1.1562324 1.1683859 1.0924492 0.9788359 1.0689185 1.1257880 1.2568842 1.2949351 1.2624428 1.1308141 0.5247492 0.5716570 0.5190215 0.6160891 0.6581478 0.0000000 0.7624573 0.7467021 0.9269682 0.9823355 1.0634554 0.7278454 0.6598710 0.8705426 0.7476587 1.1876412 1.1520429 1.1934897 1.3133943 1.1302410 1.1181546 0.8026958 0.8732081 1.2455159 1.4952560 1.5028970 1.5124845 1.2685288 1.2685288 1.9551589 1.3408172 1.3400705 1.5446742 1.5147226 1.5147226 1.5942287 1.5942287 1.4934595 1.4934595 1.3018953 1.3018953 1.2326594 1.3056751 1.4903729 1.5065969 1.4487094 1.2200714 
Salpun_EP00053_Salpingoeca_punica_P003983                         1.0201327 1.0338082 0.8579902 1.2668977 0.9502620 1.2445598 1.0043252 0.7986630 1.0611135 1.0387823 0.8923761 1.0037773 0.9143013 0.9904363 0.9898519 1.0010080 0.9757106 1.3351905 1.0388001 1.0640514 0.9089099 0.9618549 0.9826593 1.0958342 1.1485454 1.3227286 1.0405991 1.2183585 1.2788092 1.2382818 1.0397225 1.1690284 1.1534970 1.4259622 1.3663980 1.3971130 1.4056218 0.6394036 0.4826797 0.7622636 0.7698430 0.7923637 0.7624573 0.0000000 0.7736614 0.9322158 0.8889155 1.0007495 0.9130604 0.8581751 0.8134631 0.9271664 1.4787620 1.4866819 1.4902127 1.4929690 1.6198347 1.4059062 1.1588689 0.9516316 1.3178228 1.5516843 1.5838854 1.6446723 1.3478399 1.3478399 2.1164082 1.2116641 1.2109549 1.2681578 1.2753817 1.2753817 1.2917114 1.2917114 1.2703594 1.2703594 1.1702671 1.1702671 1.2988305 1.3028749 1.3626156 1.3496532 1.4378111 1.4667010 
