95
Emue_Em0017g34a.t1                                 0.0000000 0.1603694 1.1643682 1.2178846 0.4883737 1.9003961 1.5717634 1.5494844 1.6011283 1.6135104 1.6390476 1.5046453 0.4782118 1.5126010 1.6156349 1.7621935 1.8178129 1.8938989 1.8697356 1.8697356 1.9302603 0.4811681 2.1084791 2.7583773 2.2422034 1.8444785 1.5427370 2.0672313 2.0786575 2.0847876 2.0847876 2.0181561 0.9695303 2.2286415 1.8692181 1.6308363 1.4606174 1.8110406 2.0600867 1.8687369 1.7858002 1.8376438 2.0384658 2.0547671 4.0075329 1.3971844 1.6107781 2.1669033 2.2478357 2.1746573 1.9402526 1.9118711 2.0727556 2.0562808 1.8888126 1.1221450 3.3110492 2.9819609 3.0801370 3.6925077 3.7364969 2.0118971 3.3324971 3.9031945 3.0531852 3.8752680 3.9581919 3.9256813 2.0450201 3.9542842 6.6430650 4.6113018 4.9687435 5.1480368 4.1781154 4.1373967 4.1898911 4.4073685 3.7966068 4.5428636 3.9215562 4.6952306 4.7962306 3.7138590 4.2228368 3.8232964 4.7441208 4.2446307 4.2793366 2.5120582 0.9804498 8.9999980 4.5752967 5.1611975 3.4981947 
Spolac_c99735_g1_i1_m.20454c99735-g1               0.1603694 0.0000000 1.2328582 1.2900823 0.6031418 1.7643968 1.6347170 1.6286642 1.5302353 1.5250905 1.6699645 1.5497826 0.8454320 1.6182151 1.6732891 1.7411677 1.7922337 1.7855750 1.7818475 1.7818475 1.9070553 0.6709866 2.0291134 2.5196806 2.0734117 1.7156687 1.5046672 1.9435238 1.9159538 1.9739222 1.9156443 1.9492069 0.8503816 2.0005969 1.7152059 1.6205420 1.4159660 1.7827119 1.9259883 1.7639333 1.6747226 1.7052234 1.9506641 1.9635672 3.8503301 1.3527295 1.6001188 2.0812826 2.2511286 2.0490867 1.8181167 1.7617220 2.0041042 1.9724176 1.8739128 1.1911502 3.8449378 3.3347506 3.2873499 4.1450372 4.0412692 2.0557132 3.6489825 3.8396422 3.0923547 3.8229065 4.0789585 3.4853748 2.1666540 3.5982059 6.6338047 4.4595399 4.5176939 5.0436537 4.0519526 3.8856481 3.7047891 3.5731008 3.4544303 4.5460614 3.8370861 5.4045061 5.1204739 4.1557065 4.0513302 4.1086985 4.6198777 3.9518447 4.1182416 2.4725603 1.0393768 8.9999988 5.3569408 5.4463205 3.4690044 
Aque_Aqu2.1.33463_001                              1.1643682 1.2328582 0.0000000 0.5508343 0.3919059 2.1070281 1.7640968 1.7755520 1.7018796 1.6049219 1.7610803 1.7025627 0.8650681 1.5978991 1.5486285 1.6169704 1.8453759 1.7335170 1.6815931 1.6815931 1.8209356 0.8162085 2.1171947 2.3854657 1.9162840 1.8367514 1.5800265 1.9171908 1.9085214 1.8739616 1.8273820 1.9023003 0.7528312 1.8938475 1.7811352 1.9695219 1.9192922 2.0059586 2.2312536 2.0161402 1.9636179 1.9716258 2.1993476 2.1935596 3.8596866 1.5203396 1.7147326 2.0189636 2.2199797 2.0544059 2.0749693 1.8993221 2.0507427 2.1670993 2.0628029 1.1442538 3.9196353 2.8966085 3.2552006 3.7682338 4.3654974 1.9443784 3.8460297 4.0379815 3.5391109 3.4587284 4.0357783 3.3661796 2.4724353 3.5033172 5.7341769 4.0503776 4.6197063 4.6522093 3.5949559 4.0867996 3.9932765 4.1526343 3.2548245 4.1358959 3.5029266 4.4875562 4.5236535 3.2986201 3.8994130 3.4247672 3.3789666 3.6186217 4.5307258 2.4589408 1.8979986 8.9999983 4.4985149 4.6645479 3.2340658 
Halamb_c27585_g1_i1m.5486                          1.2178846 1.2900823 0.5508343 0.0000000 0.3526325 1.9396703 1.8406751 1.8528586 1.7845630 1.7613594 1.8566223 1.7625713 0.9320878 1.8518178 1.7150641 1.8762530 1.9363892 1.7940977 1.8013461 1.8013461 1.8421647 0.7634762 2.0056362 2.4110959 1.9477432 1.8167836 1.6228219 2.0305735 2.0563775 2.1358642 2.0826064 1.9982446 0.7621731 2.0018443 1.8757357 2.0277784 1.8333471 2.1435327 2.0837231 1.8656949 2.0276005 1.9534191 2.1104938 2.1059140 3.3996646 1.4841779 1.8527064 2.1887272 1.9312744 2.0157578 1.9453067 1.8220406 1.8323913 2.0896514 1.9779702 1.2864019 4.0244241 2.8633980 3.4790136 3.6469876 4.2704422 2.1532794 4.3212815 3.4983346 3.2293253 3.8282232 4.4567056 3.8551548 2.5576650 3.6429349 6.4397389 4.4628429 4.6711353 5.1267053 3.5787729 4.1646667 4.8368360 4.3158730 3.4990366 4.7999606 3.7499692 5.2746095 5.2680736 3.5207818 4.0929941 3.4002626 3.7009886 4.2064576 5.0853117 2.6806340 1.8956878 8.9999982 4.3421881 4.3541970 3.7920097 
Xestes_maker-XT_scaffold3710-snap-gene-0.39-mRNA-1 0.4883737 0.6031418 0.3919059 0.3526325 0.0000000 0.7932830 0.8605218 0.8605218 0.6586217 0.5738545 0.8353501 0.8307793 1.0688708 0.8859169 0.8325813 0.8115990 0.8687998 0.8692264 0.8761936 0.8761936 0.9034604 0.6858025 0.8684953 0.6711278 0.6011637 0.8519227 0.7888085 1.0202024 0.9325991 0.9996421 0.8351062 0.8258636 0.5050037 0.9063253 0.7422710 0.8927619 0.8473396 0.8841937 0.7812609 0.7731565 0.8985687 0.8451763 0.9924104 0.9924104 4.0777971 0.7123164 1.0817223 1.0023043 0.8831265 1.0781983 1.1197005 1.1612685 0.8628703 1.1389515 1.1198880 0.5771223 2.8713235 2.4538383 2.7165131 2.9714957 3.1647694 1.8234000 3.0996806 2.7373146 2.1586536 2.0546863 3.1836372 2.2546236 1.1465850 2.2001044 3.4441082 2.1562174 2.5013272 3.3777370 2.6723002 2.9502465 2.7705205 2.9482750 2.2754410 2.9076277 2.8177326 3.1245053 3.7334193 3.0418038 2.7040567 2.5147316 3.1472376 2.8448502 2.8839724 1.0336157 0.7090174 8.9999984 3.6439695 3.6439695 1.8347783 
Spur_XM_030993380.1                                1.9003961 1.7643968 2.1070281 1.9396703 0.7932830 0.0000000 0.8317114 0.8397980 0.7962998 0.7819303 0.8410294 0.8323394 0.4548929 0.8572397 0.8164367 0.9369220 1.1708415 1.1270836 1.1435665 1.1435665 1.1202377 0.3458106 1.2450400 1.7462064 1.1204331 0.9824719 0.8136636 1.2357236 1.2288950 1.2361457 1.1983173 1.2125445 0.5244810 1.1646133 0.8576659 0.6767325 0.7929693 0.9826691 1.0084948 0.9846584 0.8816015 0.9184481 1.3760595 1.3617872 2.4614490 0.9488497 1.1396360 1.0610382 1.8819239 1.7123257 1.5505279 1.4923454 1.6031706 1.6608600 1.5371056 1.9858616 3.8718148 2.7125175 3.0554243 3.4408328 3.5649728 1.4772113 2.8216948 2.9295673 2.3526747 2.9192054 3.1045613 3.3671642 1.7893566 2.8742947 4.3086507 3.2830954 3.7223922 4.7573671 3.7164859 4.3547704 3.3224806 3.3537399 3.0123938 3.9711954 3.2250413 4.6745335 5.1404433 3.9379401 3.1510656 3.2900914 3.6050449 3.8625439 4.7134295 1.2654416 2.0622946 8.9999983 4.6872934 4.8376556 2.0996064 
Spis_XP_022801714_1                                1.5717634 1.6347170 1.7640968 1.8406751 0.8605218 0.8317114 0.0000000 0.0063653 0.0495968 0.0463200 0.0779977 0.0720680 0.2734171 0.3189763 0.2495323 0.4974192 0.7885996 0.8261211 0.8486010 0.8486010 0.7743982 0.3077360 1.0022305 1.4819405 0.2855378 0.8298134 0.5896893 0.9246211 0.8760067 0.8968001 0.8169276 0.8428981 0.4231158 0.8406756 0.7460292 0.5310362 0.6287087 0.7843651 0.9045622 0.8417671 0.8860746 0.9083588 1.1686727 1.1780848 1.9499637 0.8268283 1.0898750 0.9606575 1.4577343 1.3624347 1.3396246 1.3675524 1.3884856 1.6197447 1.4666863 1.7714703 3.8615032 2.5017166 2.6364578 2.7635977 2.9021039 1.4339103 2.8239767 2.7569021 2.2824276 2.5673960 3.1987952 2.9186392 1.7614087 2.5840000 3.8363329 2.9696880 3.3927852 3.7164302 3.3319266 3.8499626 2.8774846 2.8732099 2.7687593 3.9587634 3.0965813 4.3157226 4.3155753 3.7811464 2.7059553 2.9070040 3.4645270 3.4737271 3.8081132 0.9383117 2.0461717 8.9999984 4.6398301 4.7177535 1.3148542 
Pocdam_XM_027182248.1                              1.5494844 1.6286642 1.7755520 1.8528586 0.8605218 0.8397980 0.0063653 0.0000000 0.0497141 0.0464312 0.0779807 0.0760338 0.2734171 0.3111893 0.2424820 0.4955770 0.7914085 0.8275635 0.8501121 0.8501121 0.7762063 0.3077360 0.9934941 1.4900780 0.2862105 0.8379950 0.5818051 0.9291610 0.8803141 0.9050768 0.8249758 0.8512940 0.4231158 0.8487462 0.7502681 0.5257232 0.6129844 0.7751441 0.9137635 0.8454730 0.8821995 0.9051361 1.1784635 1.1881358 1.9909811 0.8380480 1.0991775 0.9671723 1.4693442 1.3706390 1.3477551 1.3757143 1.4012916 1.6309033 1.4758824 1.7831223 3.8615032 2.5017166 2.6364578 2.7744671 2.9119269 1.4339103 2.8510417 2.7728153 2.2824276 2.5817450 3.1558379 2.9591036 1.7732084 2.6051963 3.8802989 2.9979169 3.4144392 3.7314430 3.3567772 3.8634465 2.8572961 2.8925613 2.7828165 3.9745495 3.1139364 4.3835039 4.3839994 3.8061607 2.6694773 2.9311214 3.4862898 3.5243652 3.7183456 0.9370043 2.0461717 8.9999988 4.6850989 4.7568595 1.2946769 
Gasp_gasp1.m3.2538.m1                              1.6011283 1.5302353 1.7018796 1.7845630 0.6586217 0.7962998 0.0495968 0.0497141 0.0000000 0.0430964 0.0881234 0.0735945 0.1222147 0.2884095 0.2002093 0.4571540 0.7669420 0.8087107 0.8226210 0.8226210 0.7281589 0.2297404 0.9658314 1.4155639 0.2922965 0.7534775 0.5261086 0.8633057 0.8773230 0.8418398 0.8506561 0.8820266 0.4231158 0.8476596 0.6792104 0.4230910 0.5788354 0.6672987 0.8562106 0.8475271 0.8347144 0.8289141 1.1695057 1.1791020 2.2644725 0.7879105 0.9959855 0.8960334 1.4470226 1.2103009 1.1862267 1.2312990 1.3624943 1.4860445 1.3490327 1.7025101 3.4015176 2.1027655 2.5223809 2.7859720 2.8771053 1.4339103 2.6149530 2.5742866 2.0187602 2.4642765 2.9640131 3.0200541 1.7654357 2.4779363 3.9936029 2.9012140 3.2187423 3.5729961 3.1604635 3.7923395 2.7753204 2.7288484 2.6884828 3.7748882 2.9171822 4.1418879 4.1351721 3.4115544 2.6431084 2.8322160 3.3280894 3.6810131 3.7274077 0.9827508 1.7435846 8.6391290 4.2579896 4.4731747 1.3397791 
Fspp_ffun1.m4.12554.m1                             1.6135104 1.5250905 1.6049219 1.7613594 0.5738545 0.7819303 0.0463200 0.0464312 0.0430964 0.0000000 0.0833890 0.0727876 0.1131300 0.2832525 0.1913277 0.4454755 0.7581690 0.7918317 0.8182397 0.8182397 0.7351053 0.2255682 0.9855266 1.4895093 0.2645188 0.7660416 0.4986389 0.8612669 0.8681039 0.8475787 0.8495099 0.8373056 0.4270051 0.8382891 0.6645731 0.4243978 0.5477934 0.6527812 0.8185168 0.8197610 0.8208346 0.8213339 1.1085980 1.1168703 2.1256778 0.7496644 0.9890674 0.8844470 1.4825132 1.2621185 1.2545718 1.2654507 1.3933825 1.5001304 1.3680730 1.6407441 3.1932388 2.0243533 2.3972623 2.6710800 2.8113180 1.4339103 2.6209766 2.5583309 1.9502507 2.4866045 2.7894761 2.9817824 1.7420300 2.3935178 3.9141412 2.8513290 3.0781193 3.6669687 3.2257587 3.6366031 2.7631752 2.7409754 2.6572190 3.7673198 2.7340336 3.9794668 3.8794900 3.4688479 2.5787001 2.8608265 3.2331558 3.4851982 3.5844860 0.9386538 1.8227307 8.2217571 4.2039059 4.4763247 1.2962067 
Gfas_gfas1.m1.2507.m1                              1.6390476 1.6699645 1.7610803 1.8566223 0.8353501 0.8410294 0.0779977 0.0779807 0.0881234 0.0833890 0.0000000 0.0541236 0.2510954 0.3042172 0.2294583 0.5087383 0.8529137 0.8277900 0.8646899 0.8646899 0.7738806 0.3065892 0.9742249 1.4391961 0.2637322 0.8321525 0.6200081 0.9341349 0.8760941 0.9289722 0.8540829 0.8509065 0.4231158 0.8677449 0.7557190 0.5138152 0.6457129 0.7493518 0.8585472 0.8477344 0.8407957 0.8872855 1.1985076 1.2087114 2.1975180 0.8296848 1.0558043 0.9480044 1.4734676 1.3783408 1.3332206 1.3501453 1.4487400 1.5959267 1.4555281 1.8132229 3.7497911 2.5115447 2.6291185 2.7299534 2.8733399 1.4339103 2.8454470 2.7413197 2.2966803 2.5879526 3.2381348 2.9011516 1.7950755 2.5944304 3.8449220 2.9651087 3.4173002 3.7537117 3.2597803 3.9255487 2.8232865 2.8574931 2.7414690 3.9073751 3.1442818 4.3375938 4.2387182 3.6127158 2.7392564 2.8289657 3.4765219 3.4698909 3.6443020 0.9594944 2.0538205 8.9999986 4.6241167 4.9741062 1.2467277 
Amil_Amillepora10451-RA                            1.5046453 1.5497826 1.7025627 1.7625713 0.8307793 0.8323394 0.0720680 0.0760338 0.0735945 0.0727876 0.0541236 0.0000000 0.2682296 0.2992146 0.2136893 0.4926227 0.8186817 0.8112782 0.8388725 0.8388725 0.7447135 0.3039953 0.8943183 1.2985866 0.2073172 0.8118373 0.6210903 0.9237855 0.8766245 0.9148041 0.8384136 0.8342281 0.4231158 0.8638535 0.7140752 0.4960106 0.6090743 0.7373949 0.8533522 0.7645177 0.7784063 0.8396022 1.1651326 1.1749146 2.2095929 0.7889531 1.0562567 0.9477570 1.4206780 1.3547275 1.2490194 1.3076927 1.3974518 1.3854923 1.3680421 1.7118959 3.7378617 2.4886725 2.5084523 2.5939687 2.6303772 1.4339103 2.7426315 2.6126997 2.0725340 2.4250373 3.0352003 2.6881011 1.6908993 2.3160856 3.7083740 2.8340130 3.2156659 3.5117646 3.0517083 3.7440010 2.7100389 2.7301728 2.5081531 3.6864439 2.9122214 3.8884256 3.9004723 3.3720186 2.5989095 2.7812432 3.2058771 3.3715001 3.2931240 0.8418010 1.7192560 8.6698799 4.5289565 4.8482277 1.1755129 
Nvec_NVE7389                                       0.4782118 0.8454320 0.8650681 0.9320878 1.0688708 0.4548929 0.2734171 0.2734171 0.1222147 0.1131300 0.2510954 0.2682296 0.0000000 0.1809822 0.0973573 0.2492062 0.3684093 0.3758405 0.3758405 0.3758405 0.4009382 0.3880069 0.3880069 0.2940329 0.1618422 0.5123620 0.3816737 0.6704370 0.5282792 0.6576416 0.3900810 0.5676804 0.4324555 0.5601671 0.4728670 0.5341222 0.4378497 0.5739371 0.3896546 0.4145331 0.4187727 0.4006904 0.5591439 0.5591439 0.0000010 0.3596882 0.6955644 0.6955644 0.7088728 0.8087918 0.7011456 0.7357741 0.7008333 0.8917554 0.8917554 0.9720545 4.0150904 4.0150904 3.3926094 3.3926094 3.7962278 1.4178036 3.7791473 2.4547408 2.4547408 2.0189997 3.2436173 1.8005968 0.6346146 1.6487522 5.6799747 2.2052454 2.7610753 2.7448526 2.3649327 3.8375576 1.7823952 1.8327098 1.9848534 2.8265732 2.9915908 4.5378315 4.8958069 2.7955015 3.2292230 2.4948974 3.7318613 3.4618401 2.9386035 1.4525911 0.8377233 8.9999986 4.5461426 4.5461426 0.0000010 
Exapal_XM_021052896.2                              1.5126010 1.6182151 1.5978991 1.8518178 0.8859169 0.8572397 0.3189763 0.3111893 0.2884095 0.2832525 0.3042172 0.2992146 0.1809822 0.0000000 0.1937315 0.4348185 0.7308723 0.7569078 0.7719083 0.7719083 0.7123122 0.3372786 0.9860440 1.3946136 0.5748389 0.8128012 0.6013831 0.8925267 0.8616594 0.8719049 0.7892543 0.8061063 0.4207741 0.8510491 0.7273367 0.6071001 0.6255934 0.8011538 0.9844353 0.9049532 0.7808464 0.8174181 1.0458292 1.0521661 1.6837419 0.8303827 1.0151139 0.9213494 1.3733541 1.3322769 1.2729943 1.3032665 1.2553190 1.4722677 1.3597936 1.6848952 3.4842165 2.4790447 2.5683221 2.7624226 2.8729960 1.3852643 2.7944919 2.7849789 2.1406457 2.5890766 3.2951885 2.8241516 1.6318181 2.5914861 3.7873011 2.8767888 3.6032061 3.5955137 3.3556127 3.8380463 2.5599300 2.7287355 2.6002204 4.0866170 3.1829153 4.0326610 3.8479813 3.3694062 2.6883110 2.8627891 3.5785229 3.3025461 3.8845687 0.9080762 1.9680506 8.0378290 4.7436750 4.9118461 1.1242252 
Nvec_v1g157648                                     1.6156349 1.6732891 1.5486285 1.7150641 0.8325813 0.8164367 0.2495323 0.2424820 0.2002093 0.1913277 0.2294583 0.2136893 0.0973573 0.1937315 0.0000000 0.3774301 0.7733735 0.8096044 0.8217466 0.8217466 0.7318657 0.3393507 0.9905455 1.2674068 0.4137153 0.7659425 0.5418826 0.8166467 0.8092993 0.8200943 0.7484146 0.7322056 0.4071279 0.7695650 0.7334362 0.5659502 0.6243824 0.7153402 0.7920217 0.7920990 0.7627849 0.7812189 1.0506860 1.0571112 1.8291527 0.7926548 0.9537794 0.8792361 1.4240405 1.3869383 1.2874681 1.3451322 1.3705884 1.4477064 1.3768253 1.6996524 3.3823664 2.3626273 2.8274441 2.9954837 3.0349786 1.3865507 2.9506578 2.8078352 2.1771742 2.4651953 3.0583314 2.6971618 1.7285673 2.5562954 3.9302965 2.9705732 3.4696485 3.4976433 3.1592754 3.9836622 2.5673407 2.7399724 2.5839992 4.0325955 3.0699653 3.8934213 3.8757633 3.3405969 2.7514150 2.8592624 3.6923193 3.5182082 3.9720787 0.8418082 1.9857102 8.9276080 4.6067341 4.7481206 1.2355553 
Dgig_XM_028543937.1                                1.7621935 1.7411677 1.6169704 1.8762530 0.8115990 0.9369220 0.4974192 0.4955770 0.4571540 0.4454755 0.5087383 0.4926227 0.2492062 0.4348185 0.3774301 0.0000000 0.8930367 0.8063229 0.8307158 0.8307158 0.8678579 0.3021025 0.9765427 1.4231071 0.7407748 0.8348577 0.6596404 0.9583127 0.9199169 0.9290369 0.8665261 0.8818896 0.4164584 0.8875443 0.9335474 0.6785414 0.7561447 0.9289257 1.0406533 0.9407387 0.9131229 0.8827337 1.1861906 1.1893407 2.0106751 0.7466899 1.1506926 1.0366310 1.4842412 1.4466413 1.3967951 1.4255345 1.4272598 1.5916676 1.4479129 1.6429609 3.6067438 2.2885182 2.6547177 2.9631490 2.9662124 1.3977500 2.9074483 3.1137370 2.4602942 2.4489857 3.2060855 3.2370943 1.9076780 2.8666325 4.0213766 3.0263187 3.4055129 3.8781594 3.3703504 3.8001906 2.9407373 3.0860156 2.5760378 4.5086258 3.6510895 3.8626663 4.0009941 3.2295339 2.8792462 3.0303746 3.7811466 3.6331152 4.2061704 0.6194652 1.9834396 8.9999984 4.9683185 4.9562118 1.2952479 
Sanmal_Sma_022726-T1                               1.8178129 1.7922337 1.8453759 1.9363892 0.8687998 1.1708415 0.7885996 0.7914085 0.7669420 0.7581690 0.8529137 0.8186817 0.3684093 0.7308723 0.7733735 0.8930367 0.0000000 0.3528567 0.3930235 0.3930235 0.3394265 0.2753308 0.9321629 1.4860272 1.1181659 1.0634748 0.8886287 1.1972736 1.2079125 1.2120264 1.1642490 1.2136657 0.5110565 1.2302267 0.9951985 0.8479729 0.9655750 1.1424040 1.2881544 1.2280344 1.2443314 1.2050684 1.3810206 1.3813597 2.5014436 0.9499190 1.2621310 1.1876654 1.4895603 1.5091001 1.3975657 1.4352906 1.5785062 1.5815714 1.5048003 1.7464691 2.8712155 2.1797581 2.7332383 2.7933835 2.9554162 1.4792620 2.8635645 3.1231747 2.4924362 3.3415551 3.5906035 3.3873262 1.7774175 2.7068038 4.0509997 2.9903136 3.6803185 4.5704567 4.3367281 3.8841241 2.8958747 2.8668522 3.3108437 4.6401672 3.3298444 4.1998916 4.3123913 3.8275756 3.4716279 3.3534713 3.9722009 4.1084564 3.8253838 1.4482457 1.7981845 7.2890962 5.1467427 5.3423055 1.1766294 
Rhoesc_Res_004015-T1                               1.8938989 1.7855750 1.7335170 1.7940977 0.8692264 1.1270836 0.8261211 0.8275635 0.8087107 0.7918317 0.8277900 0.8112782 0.3758405 0.7569078 0.8096044 0.8063229 0.3528567 0.0000000 0.0918642 0.0918642 0.2559305 0.2769938 0.8811777 1.2894660 1.0585781 1.0315798 0.8948903 1.2235999 1.2167500 1.2388003 1.1829635 1.2352670 0.5249089 1.2510177 1.0785814 0.9040799 1.0372880 1.2645609 1.2281702 1.2582233 1.2320235 1.1987578 1.3421247 1.3430639 2.6337886 0.8714588 1.3129568 1.1817457 1.6903726 1.6881761 1.5001308 1.4317263 1.7114566 1.6818306 1.5738194 1.6969350 3.2053783 2.2478692 2.7602268 2.9402999 3.2265228 1.4673075 3.0847807 2.9542413 2.3991446 3.1374755 3.7581693 3.3519431 2.0187361 2.9422701 4.4113606 3.1997951 3.4359349 4.2020685 4.1086939 4.0553515 3.1958051 3.0684454 3.2206576 4.6045185 3.3941515 4.1523050 4.2956371 3.6939934 3.2850787 3.3295796 3.8209876 3.9765973 3.5577957 1.3717174 1.7338886 8.4242925 5.2434906 5.7403221 1.0601206 
Nemnom_g15497.t1                                   1.8697356 1.7818475 1.6815931 1.8013461 0.8761936 1.1435665 0.8486010 0.8501121 0.8226210 0.8182397 0.8646899 0.8388725 0.3758405 0.7719083 0.8217466 0.8307158 0.3930235 0.0918642 0.0000000 0.0000010 0.2796169 0.2649829 0.8463017 1.2928747 1.1229351 0.9853445 0.9198348 1.2114799 1.2148950 1.2269098 1.1811132 1.2312068 0.5386082 1.2445314 1.0889404 0.8612682 1.0055359 1.1947524 1.2133836 1.3043339 1.2069587 1.1526862 1.3780745 1.3796878 2.8096161 0.8965359 1.3134628 1.2034668 1.7249966 1.7335888 1.5313691 1.4306449 1.7008816 1.6474757 1.5374705 1.7690293 3.2344458 2.2806754 2.7171814 2.9035251 3.3158427 1.4853879 3.2499461 3.0114282 2.4903182 3.1901402 3.6845017 3.2520576 1.9819763 2.8130362 4.1798631 3.0885049 3.6745497 4.6755065 4.1692045 3.8001985 3.1968460 2.9762235 3.1123161 4.4225271 3.4073249 4.2845124 4.2042273 3.5916109 3.3572264 3.3272411 3.8517201 3.8709907 3.7827110 1.3821056 1.6772636 8.9999982 5.5068630 5.8024757 1.1539137 
Nemnom_g1631.t1                                    1.8697356 1.7818475 1.6815931 1.8013461 0.8761936 1.1435665 0.8486010 0.8501121 0.8226210 0.8182397 0.8646899 0.8388725 0.3758405 0.7719083 0.8217466 0.8307158 0.3930235 0.0918642 0.0000010 0.0000000 0.2796169 0.2649829 0.8463017 1.2928747 1.1229351 0.9853445 0.9198348 1.2114799 1.2148950 1.2269098 1.1811132 1.2312068 0.5386082 1.2445314 1.0889404 0.8612682 1.0055359 1.1947524 1.2133836 1.3043339 1.2069587 1.1526862 1.3780745 1.3796878 2.8096161 0.8965359 1.3134628 1.2034668 1.7249966 1.7335888 1.5313691 1.4306449 1.7008816 1.6474757 1.5374705 1.7690293 3.2344458 2.2806754 2.7171814 2.9035251 3.3158427 1.4853879 3.2499461 3.0114282 2.4903182 3.1901402 3.6845017 3.2520576 1.9819763 2.8130362 4.1798631 3.0885049 3.6745497 4.6755065 4.1692045 3.8001985 3.1968460 2.9762235 3.1123161 4.4225271 3.4073249 4.2845124 4.2042273 3.5916109 3.3572264 3.3272411 3.8517201 3.8709907 3.7827110 1.3821056 1.6772636 8.9999982 5.5068630 5.8024757 1.1539137 
Aaur_scaffold2.g52.t1                              1.9302603 1.9070553 1.8209356 1.8421647 0.9034604 1.1202377 0.7743982 0.7762063 0.7281589 0.7351053 0.7738806 0.7447135 0.4009382 0.7123122 0.7318657 0.8678579 0.3394265 0.2559305 0.2796169 0.2796169 0.0000000 0.3004652 0.8808243 1.3838160 1.0488439 1.0405558 0.7653289 1.2382046 1.2537038 1.2552584 1.1819305 1.2485605 0.5337306 1.2833905 1.0248671 0.8378393 0.9183206 1.1578522 1.1560796 1.1809064 1.1924797 1.0198566 1.3922972 1.3570196 2.6217113 0.8659321 1.2399068 1.1376135 1.5322198 1.5626246 1.4358402 1.4350757 1.5705155 1.5088262 1.4659133 1.7059995 2.9197732 2.1748337 2.6692432 2.9440564 2.9862516 1.4290518 2.8606298 2.7235972 2.4298536 3.2734229 3.7836739 3.4815560 1.9845634 2.5976839 4.3831473 3.0915227 3.5345808 4.2438531 4.3854428 4.0232347 2.9625767 2.9569572 3.4245953 4.5147731 3.6332185 4.4067445 4.6346584 3.8275569 3.2605325 3.4122825 3.9556737 4.1813775 3.9052743 1.4371641 1.8671134 8.9214840 5.1615196 5.3667208 1.1324092 
Chem_TCONS_00024461                                0.4811681 0.6709866 0.8162085 0.7634762 0.6858025 0.3458106 0.3077360 0.3077360 0.2297404 0.2255682 0.3065892 0.3039953 0.3880069 0.3372786 0.3393507 0.3021025 0.2753308 0.2769938 0.2649829 0.2649829 0.3004652 0.0000000 0.0000010 0.1233274 0.2559499 0.3885268 0.3623734 0.4588311 0.4314881 0.4769925 0.3617064 0.4500157 0.3755698 0.4614750 0.4278477 0.3777570 0.3871084 0.4284306 0.4250673 0.3353197 0.4080385 0.3942569 0.7226486 0.7226486 0.0000010 0.5610693 0.6399760 0.6399760 0.4779117 0.6384255 0.6024155 0.6172944 0.5735720 0.5168795 0.5648097 0.6281976 2.3941697 2.3941697 1.8296287 1.8296287 2.1579835 1.3907533 2.0220337 1.9569353 1.9569353 1.7875617 2.4622715 1.3386062 0.8537106 1.4979076 2.1300930 1.5113886 1.9212589 2.7118401 1.7242303 2.5741481 1.6529985 1.8030910 1.7822922 2.4869481 2.3065647 2.6373028 3.0672452 2.0271923 2.1295175 2.0015760 2.1980040 1.9728770 2.2769670 0.5817695 1.0133693 7.7665904 3.7458800 3.7458800 0.3041628 
Chem_TCONS_00065514                                2.1084791 2.0291134 2.1171947 2.0056362 0.8684953 1.2450400 1.0022305 0.9934941 0.9658314 0.9855266 0.9742249 0.8943183 0.3880069 0.9860440 0.9905455 0.9765427 0.9321629 0.8811777 0.8463017 0.8463017 0.8808243 0.0000010 0.0000000 1.3244166 1.2971870 1.1048443 0.9506650 1.3422926 1.3411864 1.3240504 1.2619618 1.3587364 0.6552621 1.3438083 1.3285778 1.0165938 1.0885924 1.2986548 1.3781651 1.2485071 1.3404703 1.2551320 1.6245011 1.6335336 2.4443995 1.0176045 1.4270226 1.4959805 1.7510604 1.8265556 1.5727163 1.6380130 1.8844901 1.6524794 1.5524097 2.1437543 3.4860064 2.5399306 2.7260399 2.9028365 3.3227026 1.4811137 2.4524095 3.3424468 2.9438824 2.8936041 3.4721884 3.1092438 1.9835126 2.8577184 4.5655162 3.2778588 3.4667855 4.4884981 3.7923791 3.9822290 3.5551256 3.3351660 3.1148244 4.0701694 3.4680386 4.1912927 4.2789532 3.2904348 3.4324148 3.4099381 3.6204916 3.9778762 4.0153464 1.5494517 2.1012990 8.0758485 4.5930087 4.7348467 1.4611477 
Hvul_g7419_1                                       2.7583773 2.5196806 2.3854657 2.4110959 0.6711278 1.7462064 1.4819405 1.4900780 1.4155639 1.4895093 1.4391961 1.2985866 0.2940329 1.3946136 1.2674068 1.4231071 1.4860272 1.2894660 1.2928747 1.2928747 1.3838160 0.1233274 1.3244166 0.0000000 1.6091036 1.6977503 1.6329277 1.8315795 1.8528917 1.8788096 1.8104064 1.9877226 0.6001522 1.8948661 1.5879734 1.4368326 1.6503382 1.8873002 1.8572665 1.5021420 1.7697763 1.5637842 2.2103159 2.1891703 8.9999990 1.0654579 1.4874479 1.9405566 2.3423496 1.8917780 1.7605223 1.7907885 2.2425028 1.7636928 1.7871662 2.6310777 3.6336939 2.8131675 2.8366840 3.2651080 3.6539361 1.5624503 3.5026637 3.4430803 2.5484786 3.5477881 4.2449519 3.2723156 2.3457369 3.3616654 5.2009523 3.5712957 3.8389688 4.9129928 4.2288098 4.7512770 3.4510600 3.9042926 3.2108295 4.5366990 3.7655891 4.7682261 4.9223116 4.5262330 3.9964451 3.9162459 4.0101238 3.6847348 3.5047155 1.9919885 1.8953275 8.9999985 5.7733284 6.9372301 3.5152439 
Adig_XM_015909848.1                                2.2422034 2.0734117 1.9162840 1.9477432 0.6011637 1.1204331 0.2855378 0.2862105 0.2922965 0.2645188 0.2637322 0.2073172 0.1618422 0.5748389 0.4137153 0.7407748 1.1181659 1.0585781 1.1229351 1.1229351 1.0488439 0.2559499 1.2971870 1.6091036 0.0000000 1.0000835 0.8616765 1.2511739 1.2598546 1.2728752 1.2757003 1.2517175 0.4231158 1.2283213 1.0120515 0.7079316 0.8273752 0.9561728 1.1449432 1.1907942 1.1086476 1.1165883 1.5355782 1.5565540 4.8628093 0.6993780 1.2801307 1.2707413 1.9323749 1.5292788 1.4337945 1.5041020 1.7701783 1.7874845 1.6015143 2.1656054 3.4519582 2.1456319 2.6155335 3.3892793 3.4730452 1.7316122 2.8979290 2.9971549 2.0185052 2.9065402 3.7995939 3.2778517 2.4006708 3.0007497 4.5394579 3.1555913 3.5706683 4.0919836 4.7286015 4.7585042 3.3609282 3.3621900 3.2340506 4.1970008 3.2807574 4.6142813 5.3044721 4.4687049 3.5384565 2.8882275 3.6749262 3.8299616 4.2587676 1.5239485 1.8300101 8.9717807 4.5161461 4.8424324 1.9745611 
Hsap_ENST00000367510                               1.8444785 1.7156687 1.8367514 1.8167836 0.8519227 0.9824719 0.8298134 0.8379950 0.7534775 0.7660416 0.8321525 0.8118373 0.5123620 0.8128012 0.7659425 0.8348577 1.0634748 1.0315798 0.9853445 0.9853445 1.0405558 0.3885268 1.1048443 1.6977503 1.0000835 0.0000000 0.7712559 1.0477716 1.0491666 1.0591707 1.0172095 0.9815560 0.4986725 0.9986226 0.9766329 0.6419263 0.7568229 0.8925773 0.7247594 0.8734967 0.9618640 0.9217473 1.2723599 1.2756228 1.9479952 0.8988374 1.2117460 1.1207995 1.5826632 1.5626172 1.5026506 1.6502381 1.6339815 1.8268903 1.6773719 2.0264815 3.7904314 2.8959576 2.7019526 3.0431948 3.1790685 1.4787195 2.8791609 2.9416903 2.5911634 2.6468855 3.6551541 3.1074006 1.6183441 2.4894227 4.1286269 3.0987840 3.9954104 4.0117837 3.4345799 3.9537569 3.0964109 3.1199337 2.9438732 3.6945537 3.3702614 4.2054601 4.1478006 3.8305502 2.9796891 3.2430202 3.9285373 3.7750902 3.7706380 1.2092386 2.6163779 8.9999989 4.9146084 4.9723289 1.4590639 
Skow_XM_006816506.1                                1.5427370 1.5046672 1.5800265 1.6228219 0.7888085 0.8136636 0.5896893 0.5818051 0.5261086 0.4986389 0.6200081 0.6210903 0.3816737 0.6013831 0.5418826 0.6596404 0.8886287 0.8948903 0.9198348 0.9198348 0.7653289 0.3623734 0.9506650 1.6329277 0.8616765 0.7712559 0.0000000 0.8920788 0.8610981 0.8639116 0.8086423 0.8105272 0.3742211 0.8375180 0.5779890 0.5619270 0.6430147 0.7370738 0.8642329 0.7401180 0.6898881 0.7322595 1.0652059 1.0658485 1.4528521 0.7817202 0.9528844 0.8415860 1.2097082 1.1982974 1.1726452 1.1998087 1.2597169 1.4362427 1.3338708 1.7037624 2.8211861 2.1183990 2.7649688 2.8373223 2.8667247 1.4789461 2.6707219 2.3710716 2.0395612 2.9129788 3.1854797 2.9913242 1.5557780 2.3520924 3.7888523 2.8648638 3.3140370 3.6518812 3.1266825 3.7011514 2.7570122 2.8868247 2.7168545 3.4912213 3.1523470 4.2134368 3.9867209 3.0839222 2.5743863 2.6231463 3.5969153 3.4030623 3.5134396 1.1856352 2.0597807 8.6049507 4.3468760 4.2776676 1.2102601 
HoiH23_PlH23_007329-RA                             2.0672313 1.9435238 1.9171908 2.0305735 1.0202024 1.2357236 0.9246211 0.9291610 0.8633057 0.8612669 0.9341349 0.9237855 0.6704370 0.8925267 0.8166467 0.9583127 1.1972736 1.2235999 1.2114799 1.2114799 1.2382046 0.4588311 1.3422926 1.8315795 1.2511739 1.0477716 0.8920788 0.0000000 0.0361061 0.0707353 0.0616835 0.1749541 0.1202673 0.0951055 1.0749296 1.0206272 0.9092146 1.0724026 1.2013338 1.2254044 1.0729511 1.0951955 1.2889824 1.3136860 1.9483704 1.0104530 1.2695223 1.2449118 1.5354832 1.4842017 1.3554488 1.4612365 1.5434120 1.6651892 1.5076867 2.0076731 3.1894218 2.3848326 2.8665738 3.1114688 3.4273467 1.4002793 3.0934164 2.4911781 2.0377322 2.7017955 3.2850556 3.1034027 1.5529003 2.6616615 3.7955723 2.7730868 3.8574218 4.0783482 3.0913241 3.3557546 3.2457717 3.2882957 2.9243012 3.6602910 3.4681588 3.5888392 3.6195443 3.2678332 3.0209377 3.2795465 3.6286295 4.0932594 4.1466894 1.4795083 2.4450453 8.9999988 4.5927108 4.6609780 1.6470746 
HoiH06_mRNA677                                     2.0786575 1.9159538 1.9085214 2.0563775 0.9325991 1.2288950 0.8760067 0.8803141 0.8773230 0.8681039 0.8760941 0.8766245 0.5282792 0.8616594 0.8092993 0.9199169 1.2079125 1.2167500 1.2148950 1.2148950 1.2537038 0.4314881 1.3411864 1.8528917 1.2598546 1.0491666 0.8610981 0.0361061 0.0000000 0.0609641 0.0659063 0.1910646 0.1292839 0.1056551 1.1109890 1.0318473 0.9211744 1.0919153 1.2357802 1.2574631 1.0782632 1.1080281 1.3128266 1.3384504 2.0123680 1.0246760 1.2839481 1.2648555 1.5740056 1.4677008 1.3420478 1.4462668 1.5835515 1.6718496 1.4962464 2.0002178 3.2414018 2.4362339 2.8222754 3.0969756 3.3200676 1.4002793 2.9864511 2.4718010 1.9164575 2.6930718 3.3374284 3.1866113 1.6640952 2.7922024 3.9459294 2.9180701 3.7863484 4.2127723 3.2265324 3.3533130 3.3525266 3.3630988 2.9161436 3.9078199 3.4536978 3.6170889 3.6930574 3.4605533 3.1284015 3.4140133 3.5333904 4.1528124 4.2894815 1.5409475 2.3935950 8.9999990 5.0410902 5.2892209 1.6802096 
Hhon_g07320.t1                                     2.0847876 1.9739222 1.8739616 2.1358642 0.9996421 1.2361457 0.8968001 0.9050768 0.8418398 0.8475787 0.9289722 0.9148041 0.6576416 0.8719049 0.8200943 0.9290369 1.2120264 1.2388003 1.2269098 1.2269098 1.2552584 0.4769925 1.3240504 1.8788096 1.2728752 1.0591707 0.8639116 0.0707353 0.0609641 0.0000000 0.0032258 0.1699906 0.1318958 0.0967937 1.0564840 1.0227969 0.9767464 1.1162929 1.2237416 1.2677527 1.1295800 1.1627429 1.3323880 1.3586101 1.8759232 1.0212759 1.2399384 1.2046079 1.5091287 1.4615757 1.3428527 1.4578970 1.5311615 1.7119868 1.5371753 2.0603562 3.3084659 2.4614789 2.9923027 3.2122485 3.4649038 1.4002793 2.9674490 2.5219666 2.0339431 2.7135977 3.2956318 3.1146285 1.6002396 2.7623478 3.7779251 2.7805714 3.7166947 4.0078769 3.1378554 3.4433433 3.2039577 3.3095606 2.9450088 3.7662002 3.3336700 3.6543980 3.6596626 3.2709170 3.0410813 3.2711666 3.4411309 4.0580089 4.1404545 1.5155848 2.4681541 8.9999989 4.8497624 4.9294065 1.6216008 
HoiH04_mRNA8911                                    2.0847876 1.9156443 1.8273820 2.0826064 0.8351062 1.1983173 0.8169276 0.8249758 0.8506561 0.8495099 0.8540829 0.8384136 0.3900810 0.7892543 0.7484146 0.8665261 1.1642490 1.1829635 1.1811132 1.1811132 1.1819305 0.3617064 1.2619618 1.8104064 1.2757003 1.0172095 0.8086423 0.0616835 0.0659063 0.0032258 0.0000000 0.1723676 0.1318958 0.0993098 1.0212913 0.9829602 0.8974478 1.0119897 1.1752225 1.2282695 1.0980295 1.0948182 1.3066280 1.3323390 1.8759232 0.9787821 1.1885931 1.1648184 1.5091287 1.3970302 1.2562415 1.4075566 1.5311615 1.5967223 1.4377090 2.0143711 3.1245883 2.2628263 2.7247345 3.0117803 3.2112602 1.4002793 2.7121425 2.3294248 1.8016725 2.7247537 3.2073477 3.1254378 1.6020386 2.7683503 3.7779251 2.7999266 3.5260234 4.0945099 3.1440258 3.3695537 3.2611283 3.3707029 2.9450088 3.8015729 3.2396958 3.5704985 3.5439655 3.2652347 3.0360122 3.2822674 3.4216056 4.0580089 4.2262798 1.5155848 2.4096856 8.9999988 4.8453636 4.9275931 1.6331547 
TrH2_TrispH2_003353-RA                             2.0181561 1.9492069 1.9023003 1.9982446 0.8258636 1.2125445 0.8428981 0.8512940 0.8820266 0.8373056 0.8509065 0.8342281 0.5676804 0.8061063 0.7322056 0.8818896 1.2136657 1.2352670 1.2312068 1.2312068 1.2485605 0.4500157 1.3587364 1.9877226 1.2517175 0.9815560 0.8105272 0.1749541 0.1910646 0.1699906 0.1723676 0.0000000 0.0560412 0.1750436 1.1023230 0.9717747 0.9300228 1.0211305 1.2668679 1.2129865 1.1116038 1.1239854 1.3519777 1.3801592 1.8511405 1.0931768 1.2792350 1.1931386 1.5142601 1.4406524 1.2653811 1.4396535 1.4979045 1.6534872 1.4878786 1.9798116 3.0891763 2.1382967 2.6544672 2.7733562 3.0124172 1.4003526 2.7385129 2.3771524 1.7966028 2.6662079 2.9916078 3.1052380 1.7251978 2.6603304 3.6086381 2.6269615 3.2231130 3.7198927 3.1059035 3.3615643 3.4000562 3.3806097 2.9845962 3.8127208 3.1484813 3.5943063 3.4981894 3.0097063 3.0731810 3.0390884 3.5512463 4.0006378 4.0586481 1.3885128 2.2736142 8.9999989 4.5912156 4.4590711 1.6414177 
Tadh_TriadT19102                                   0.9695303 0.8503816 0.7528312 0.7621731 0.5050037 0.5244810 0.4231158 0.4231158 0.4231158 0.4270051 0.4231158 0.4231158 0.4324555 0.4207741 0.4071279 0.4164584 0.5110565 0.5249089 0.5386082 0.5386082 0.5337306 0.3755698 0.6552621 0.6001522 0.4231158 0.4986725 0.3742211 0.1202673 0.1292839 0.1318958 0.1318958 0.0560412 0.0000000 0.1589698 0.4380056 0.4306348 0.4521633 0.5118155 0.4809140 0.5727900 0.5472529 0.5167636 0.7508151 0.7508151 0.0000010 0.7535958 0.6532328 0.6532328 0.7539191 0.7128907 0.6463417 0.6560414 0.7440475 0.7895372 0.8251984 0.7840990 1.9325165 1.8436495 1.6426971 1.6426971 2.0215230 1.3221008 1.9474700 1.0261078 1.0261078 1.6065478 1.9046737 1.3934071 1.0461376 1.3352761 2.1903577 1.3577382 1.6291435 2.2366156 1.9828155 2.3101895 1.7917926 1.7987459 1.7724425 2.1293282 2.0022576 2.3620022 2.8212341 2.0566830 2.3108674 2.0596285 2.2845556 2.5744319 2.3710933 0.6855563 1.5012895 6.7375462 3.4456643 3.4456643 1.0650936 
HoiH11_mRNA7914                                    2.2286415 2.0005969 1.8938475 2.0018443 0.9063253 1.1646133 0.8406756 0.8487462 0.8476596 0.8382891 0.8677449 0.8638535 0.5601671 0.8510491 0.7695650 0.8875443 1.2302267 1.2510177 1.2445314 1.2445314 1.2833905 0.4614750 1.3438083 1.8948661 1.2283213 0.9986226 0.8375180 0.0951055 0.1056551 0.0967937 0.0993098 0.1750436 0.1589698 0.0000000 1.0438857 1.0067083 0.9245959 1.0613650 1.1906713 1.2177126 1.1714939 1.1269187 1.3725187 1.4004470 1.9634339 1.0393628 1.3000183 1.2808316 1.5366932 1.5367506 1.3664006 1.5589280 1.6447185 1.7702634 1.5783382 1.9891047 3.2417764 2.4738733 2.8832464 2.9829700 3.0931235 1.4116120 2.8526208 2.4851022 1.9680865 2.6375066 3.0599390 3.1073532 1.6314576 2.6538855 4.1016890 3.0992460 3.5863052 4.0261460 3.1027537 3.5143108 3.2339528 3.3624804 2.9279854 3.7729436 3.5506815 3.6101739 3.7009383 3.3303520 3.1075996 3.4013043 3.5382335 3.7884503 4.2367791 1.4295336 2.4410999 8.9999983 5.1397303 4.9293034 1.8113531 
Cscu_XM_023382925.1                                1.8692181 1.7152059 1.7811352 1.8757357 0.7422710 0.8576659 0.7460292 0.7502681 0.6792104 0.6645731 0.7557190 0.7140752 0.4728670 0.7273367 0.7334362 0.9335474 0.9951985 1.0785814 1.0889404 1.0889404 1.0248671 0.4278477 1.3285778 1.5879734 1.0120515 0.9766329 0.5779890 1.0749296 1.1109890 1.0564840 1.0212913 1.1023230 0.4380056 1.0438857 0.0000000 0.6822202 0.7429127 0.7794401 1.0235256 0.9238082 0.7203125 0.7924334 1.2053133 1.1997806 2.2115490 0.9089214 0.6779302 0.6575534 1.7892071 1.4766222 1.5578866 1.5142715 1.5755018 1.7423718 1.6723229 1.8523877 3.7547349 2.5460964 2.6975999 3.2071230 2.9725828 1.4185650 2.8982472 3.0981636 2.2837370 2.9135775 3.4436055 3.3100555 1.9652965 2.4795469 4.4672635 3.3074198 3.6617594 4.0916780 3.6193647 4.2841905 2.8239064 3.3394742 3.1928146 3.7667212 3.2228914 4.7962876 4.5512010 3.8744763 3.0939661 3.0979762 3.7692116 3.7034098 4.0739945 1.3821676 1.8375798 7.8841950 4.5971784 5.0040836 1.8764326 
Bralan_BLAG08001090_1                              1.6308363 1.6205420 1.9695219 2.0277784 0.8927619 0.6767325 0.5310362 0.5257232 0.4230910 0.4243978 0.5138152 0.4960106 0.5341222 0.6071001 0.5659502 0.6785414 0.8479729 0.9040799 0.8612682 0.8612682 0.8378393 0.3777570 1.0165938 1.4368326 0.7079316 0.6419263 0.5619270 1.0206272 1.0318473 1.0227969 0.9829602 0.9717747 0.4306348 1.0067083 0.6822202 0.0000000 0.5448999 0.6076108 0.6692133 0.7533664 0.7262274 0.7265856 1.2037891 1.2118787 2.2538097 0.7993257 0.8757000 0.8024752 1.6657054 1.5841925 1.6049273 1.5705269 1.6925106 1.7797373 1.5847638 1.9046102 3.6098497 2.7508106 2.7160422 2.8521039 2.8814001 1.4404633 3.0702713 3.0489116 2.3751268 2.7898108 3.2748220 2.8821131 1.7699999 2.6264173 4.0841959 3.1244741 3.8152501 4.4453391 3.6655230 4.3358859 3.1480750 3.1486377 2.9219190 4.0763269 3.1014451 4.2015212 4.1010160 3.7608986 2.9322253 3.1030780 4.1076908 3.6273566 4.1465366 1.0554518 2.0123664 8.9999986 4.6253270 4.3354601 1.3914323 
Cgig_XM_011455266.3                                1.4606174 1.4159660 1.9192922 1.8333471 0.8473396 0.7929693 0.6287087 0.6129844 0.5788354 0.5477934 0.6457129 0.6090743 0.4378497 0.6255934 0.6243824 0.7561447 0.9655750 1.0372880 1.0055359 1.0055359 0.9183206 0.3871084 1.0885924 1.6503382 0.8273752 0.7568229 0.6430147 0.9092146 0.9211744 0.9767464 0.8974478 0.9300228 0.4521633 0.9245959 0.7429127 0.5448999 0.0000000 0.4962748 0.7846896 0.8012118 0.7605700 0.7773126 1.1687541 1.1700753 2.1224739 0.8694194 0.9860108 0.9212840 1.5868096 1.4240390 1.2357434 1.3113861 1.4664201 1.5934321 1.5105330 1.5698178 3.3132271 2.7316297 2.7480743 3.0445085 3.2321503 1.4837229 3.2852455 2.6661021 2.1124094 3.0899821 3.3584054 3.0175994 1.6124069 2.6169009 3.7284168 2.9282301 3.6674798 4.6911185 3.8454304 4.4356120 3.0611313 3.3290400 2.8537859 4.1965682 3.3516073 4.8707784 5.2077877 3.7828885 3.0009800 3.3629000 4.0949075 3.7051332 4.1930772 1.1952967 2.0803353 8.9999987 4.9000861 4.8436608 1.2729806 
Acagra_model.g5122.t1                              1.8110406 1.7827119 2.0059586 2.1435327 0.8841937 0.9826691 0.7843651 0.7751441 0.6672987 0.6527812 0.7493518 0.7373949 0.5739371 0.8011538 0.7153402 0.9289257 1.1424040 1.2645609 1.1947524 1.1947524 1.1578522 0.4284306 1.2986548 1.8873002 0.9561728 0.8925773 0.7370738 1.0724026 1.0919153 1.1162929 1.0119897 1.0211305 0.5118155 1.0613650 0.7794401 0.6076108 0.4962748 0.0000000 0.9649501 0.8880850 0.8565077 0.8576845 1.2706933 1.2788103 2.2890271 0.9890119 1.0707453 1.0675659 1.6639778 1.5782392 1.5671330 1.5382152 1.5967809 1.6931664 1.6322336 1.9061232 3.6099219 2.8275436 2.9215735 3.1681540 3.0864375 1.4049903 3.1179093 2.6946100 2.0324321 3.1947194 3.4864927 3.0283872 1.9173551 2.4601253 3.9434214 2.9696442 4.0876727 4.1439717 3.7277497 4.1912022 2.8446380 2.8786288 2.7326470 4.1170966 3.0144710 5.0979826 4.8305254 3.8476806 3.5160323 3.1575566 3.9965372 4.0743923 4.4260872 1.3040679 2.2241326 8.9999989 4.5687891 4.4935072 1.8127810 
Hsap_ENST00000374656                               2.0600867 1.9259883 2.2312536 2.0837231 0.7812609 1.0084948 0.9045622 0.9137635 0.8562106 0.8185168 0.8585472 0.8533522 0.3896546 0.9844353 0.7920217 1.0406533 1.2881544 1.2281702 1.2133836 1.2133836 1.1560796 0.4250673 1.3781651 1.8572665 1.1449432 0.7247594 0.8642329 1.2013338 1.2357802 1.2237416 1.1752225 1.2668679 0.4809140 1.1906713 1.0235256 0.6692133 0.7846896 0.9649501 0.0000000 1.0267294 1.1056520 1.0261537 1.3253468 1.3306940 2.3306439 0.8692696 1.4199987 1.2861289 1.6853380 1.6298039 1.3979375 1.5253847 1.7109562 1.7578467 1.6861801 2.0123992 3.5875668 2.3856108 2.6989115 3.3599907 3.5448274 1.3910046 3.1481289 2.9994506 2.3707684 2.8464737 3.5895970 3.7684788 1.7689942 3.0014522 4.9477688 3.6573587 4.0616054 4.7352312 3.7735598 5.0342339 3.5275948 3.4778138 3.1801287 4.0036025 3.2726700 4.9602141 4.5554006 4.0756844 2.9041110 3.5598813 4.2787540 4.4448047 4.4318133 1.5660588 2.2614011 8.9999986 5.0589646 5.1173883 2.1477281 
