114
Emue_Em0016g947a.t1                                0.0000000 0.2249804 0.7920584 0.6595383 0.9149552 1.1240028 1.1182918 1.1689247 1.0824875 1.0504760 1.0237209 0.9983877 0.9957495 1.1136921 0.6166086 1.1298339 1.1156746 1.1548351 1.1918284 1.1712884 1.1645660 1.0792341 1.1933279 1.5093457 1.1598373 1.1496455 0.8533359 0.8477012 0.8290838 0.9664952 0.9759281 1.0653353 1.0916995 1.0422140 1.0498796 1.0229360 1.1622309 1.0941592 1.0525898 1.0604422 1.3010854 1.3368188 1.0790503 1.1747686 1.2758516 1.2825729 0.9880925 1.3055413 1.2347307 1.3691098 1.3691098 1.3003979 1.2679088 1.0260159 1.3320088 1.3682147 1.5212473 1.1975643 1.0921428 1.8465209 1.5944882 1.9154914 1.4170148 1.2832396 1.2521565 1.7331128 1.7616594 1.3761186 1.6073753 2.4572791 2.4572791 2.0509016 1.6606435 1.7764292 1.9744127 2.1570720 1.9209604 2.1168233 1.7097315 2.0981332 1.7916694 2.1280341 1.9433515 2.5119600 2.4342362 2.3259489 2.2450310 2.2776247 2.1418956 1.6801863 2.1059636 1.9703269 2.0970163 2.1506727 2.4436330 1.9146548 2.0417780 2.3536172 2.2550290 2.7356438 2.7386403 2.7519831 2.7901377 2.7499072 2.7146728 2.8395898 2.6989222 2.2706027 2.9574719 2.5487700 2.8391526 2.6564516 2.9460929 3.1666025 
Spolac_c102042_g1_i2_m.27718c102042-g1             0.2249804 0.0000000 0.7103346 0.6194943 0.8544204 1.0769485 1.0964184 1.1547458 1.0357138 1.0431516 1.0328409 1.0298270 1.0220609 1.1145238 0.6178556 1.0678528 1.0643529 1.0964213 1.1696354 1.1536987 1.1190868 1.0915474 1.1763153 1.4757977 1.1280541 1.1081629 0.8564803 0.8649880 0.7979015 0.9828502 0.9993296 0.9928263 1.1072653 1.0310116 1.0306310 1.0216947 1.1639032 1.0666299 1.0663672 1.0135017 1.3065273 1.3107468 1.0732486 1.1778432 1.2518498 1.2628671 0.9118190 1.2539881 1.2160032 1.3375694 1.3375694 1.2683538 1.2323696 1.0635694 1.3044138 1.2962358 1.5537821 1.2032368 1.0867714 1.8102147 1.5641956 1.9459687 1.4194995 1.2353938 1.1709618 1.6597527 1.8039147 1.4199885 1.5871362 2.3791647 2.3791647 1.9734730 1.6524690 1.8042923 2.0138884 2.1285588 1.9713227 2.1600324 1.6760628 2.2378528 1.8368630 2.2218285 1.9054868 2.3620525 2.3661743 2.1187419 2.2454094 2.2132329 2.0066104 1.6858723 2.1554028 1.9905845 2.1190103 2.1301296 2.4440521 1.9553445 2.1320474 2.4373838 2.2287317 2.8822994 2.6751502 2.6672844 2.6561846 2.8023149 2.7715544 2.8987178 2.6355199 2.5097522 3.0421430 2.7058110 2.8641182 2.6865966 3.2944928 3.1473768 
Tetwil_g11954.t2                                   0.7920584 0.7103346 0.0000000 0.3476082 0.7714890 0.9757870 0.9514789 1.0016658 0.9472860 0.9666908 0.9336823 0.9120837 0.9231871 1.0251471 0.6982351 0.9858700 0.9675627 0.9842454 1.0509497 1.0123420 1.0001483 0.9457623 1.0036228 1.3016464 1.0942457 1.1032118 0.7122216 0.7653868 0.6433970 1.0069187 1.0314346 0.9047024 1.0339186 1.0400720 1.0998256 0.9396188 1.0482898 1.0553119 1.0864602 1.0601553 1.1749969 1.2451742 1.0562903 1.1773053 1.2303174 1.2343901 0.9693820 1.2143597 1.1629434 1.2200388 1.2200388 1.2894063 1.1994922 0.9270133 1.4391750 1.4445377 1.5786765 1.2553250 1.2339347 1.8429770 1.5900838 1.9123787 1.4046742 1.2176604 1.2285059 1.7911851 1.9409140 1.5308418 1.6002635 2.2550121 2.2550121 2.0357478 1.7116869 1.7811500 1.9532117 2.0793222 2.0140446 2.1049317 1.6667016 2.0655613 1.8800305 2.2827746 2.0138655 2.5598875 2.6011385 2.3919841 2.1608344 2.1092483 2.1971496 1.6695844 2.1558977 2.0523620 2.1579962 2.2227015 2.4738712 1.9438098 2.1366424 2.4483046 2.1963085 2.8575653 2.9333807 2.9698356 2.9700341 2.9926832 2.9581096 3.0872151 2.6642504 2.5503188 3.1780154 2.6479833 2.9140832 2.7331752 3.6642947 3.1713294 
Stycar_maker-SC_scaffold2902-snap-gene-0.41-mRNA-1 0.6595383 0.6194943 0.3476082 0.0000000 0.7094568 0.9758067 0.9546333 0.9963296 0.9099308 0.9039270 0.8561441 0.8874160 0.8755931 0.9529773 0.6435331 0.9073573 0.9043620 0.8834427 0.9164043 0.8675812 0.8900507 0.8381892 0.8969741 1.1546558 0.9580618 0.9621122 0.6453700 0.7156264 0.5503991 0.9021865 0.9207308 0.8245487 0.9815824 0.8896242 1.0181071 0.8553440 0.9969239 0.9620031 0.9472606 0.9443215 1.0769444 1.1421554 0.9349933 1.0843142 1.0358119 1.0447368 0.9221638 1.0624683 1.0392403 1.0734854 1.0734854 1.1878739 1.1320340 0.8635811 1.2779312 1.2417395 1.3544966 1.1238155 1.1309838 1.6558040 1.3605987 1.7224901 1.2954464 1.0451295 1.1346290 1.5652231 1.7873089 1.4105399 1.6235278 2.2010845 2.2010845 1.9995752 1.5962031 1.7226953 1.9996828 1.9972968 1.9370209 2.1269029 1.8068624 2.0993689 1.8265801 2.2638229 1.9579409 2.4231013 2.4072874 2.2409128 2.2084837 2.1334862 2.1666313 1.6806201 2.0033020 1.9390527 2.1398796 2.1081881 2.2306071 1.8827844 1.9044755 2.2874573 2.1549458 2.4497218 2.5631703 2.5536629 2.6283041 2.8001536 2.7812764 2.7690185 2.5664500 2.3039352 3.0261043 2.5359111 2.8529782 2.6850858 3.3638285 2.9353472 
Plespi_Pspi_C610184_01                             0.9149552 0.8544204 0.7714890 0.7094568 0.0000000 1.0307384 1.0044541 1.0293217 1.0628907 1.0535507 0.9240613 0.9435592 0.9632754 1.0675519 0.7498866 0.9390245 0.9355733 0.9247127 0.9829642 0.9555414 0.9060425 0.9349042 1.0128476 1.1880683 1.0603389 1.0582473 0.8820535 0.8480687 0.7669983 0.9457707 1.0118432 0.9088165 1.0896532 1.0257147 1.1383371 0.9768693 1.0852094 1.0212924 1.0954024 1.0113015 1.0760195 1.2531152 0.9814292 1.1070458 1.2217431 1.2336489 1.0382389 1.1743293 1.2475080 1.2539657 1.2539657 1.2860010 1.2185653 0.9838946 1.1857610 1.4199472 1.3588615 1.2414468 1.0959110 1.7770181 1.7429627 1.8345656 1.4694820 1.1412075 1.3113559 1.6336469 1.6717927 1.3147940 1.6175075 2.2083203 2.2083203 1.8530036 1.5365569 1.7259097 1.8169396 1.9685144 2.0781039 2.1192524 1.7587577 2.1349889 2.0425586 2.1972440 1.9268438 2.4811116 2.4999882 2.4435729 2.1418400 2.0600201 2.1769108 1.7533592 1.9341331 1.9269473 2.0847336 2.1818868 2.4140132 1.9325622 2.1807766 2.2918738 2.1770674 2.5783556 2.8793367 2.9641078 3.0429916 3.2136045 3.1912172 2.7421143 2.6989840 2.8655846 3.1325371 2.6946880 2.9883154 2.7497244 3.1859353 2.8605488 
Lcom_lcpid45200                                    1.1240028 1.0769485 0.9757870 0.9758067 1.0307384 0.0000000 0.3303380 0.2969922 0.2881568 0.9751077 0.9915143 0.9689896 0.9873311 1.1020667 0.5855395 0.9377450 0.9254644 0.9437008 1.0358790 0.9759545 0.9769664 0.9405807 1.0201887 1.3773733 1.0352731 0.9824472 1.1647260 1.1759716 1.0068787 0.9223973 0.9226512 0.8483171 0.9603008 1.0443087 0.9698262 0.8252166 1.0592500 1.0610366 1.0523798 1.0768759 1.0461726 1.1587005 0.9964008 1.0530970 1.3472117 1.3517755 0.9221161 1.3289976 1.2116749 1.3951817 1.3951817 1.2666347 1.1062977 0.6643943 1.4128955 1.4452802 1.5998933 1.2359424 1.1798797 2.0341166 1.7492129 2.0912492 1.5335112 1.1996014 1.2093383 1.7906164 2.0106995 1.4332641 1.6240810 2.2433733 2.2433733 2.1540881 1.5950018 1.7532860 2.0820439 2.0711853 2.0180622 2.3338416 1.9895992 2.4213301 1.8209895 2.4033810 2.1005280 2.5500000 2.5970126 2.6206843 2.4682828 2.4080204 2.2542178 2.0010487 2.2700285 2.0176230 2.2123044 2.1504245 2.7196952 2.1712711 2.1965524 2.4083880 2.2987533 2.8787001 2.5312149 2.7352950 2.8350373 2.8888624 2.8704144 2.6279940 2.7226127 2.5052194 3.0789836 2.8164146 3.1800361 3.1213166 3.2088500 2.9701381 
Gracom_Gcom_scaffold15579_01                       1.1182918 1.0964184 0.9514789 0.9546333 1.0044541 0.3303380 0.0000000 0.2173579 0.2524113 0.9769504 1.0389404 1.0372581 1.0135480 1.1023015 0.6246428 0.9513838 0.9471684 0.9666885 1.0591530 1.0044207 0.9711980 0.9629925 1.0750813 1.3467679 0.9624672 0.9802985 1.0813296 1.1223893 1.0054964 0.9645678 0.9735216 0.9510014 0.9452357 1.0647206 1.0463497 0.8560423 1.0286104 1.0518123 0.9992881 0.9797247 1.1087974 1.2072943 1.0276439 1.1182577 1.3188309 1.3317552 0.9423489 1.3118141 1.1970959 1.4065457 1.4065457 1.2097729 1.1182658 0.6227841 1.3610530 1.4203815 1.5465920 1.2037377 1.2003527 1.9242314 1.6632912 2.0411303 1.4872273 1.2266941 1.1820336 1.6135144 1.8871352 1.3989188 1.5226162 2.2358309 2.2358309 2.1676552 1.5735515 1.5862829 1.9988043 1.9794071 2.1312726 2.3851300 1.9795080 2.3692454 1.9021458 2.3867620 2.0600699 2.5819245 2.6634145 2.6699940 2.4709129 2.3722424 2.2941199 1.9825388 2.2456839 2.0314409 2.1605224 2.0776645 2.7503681 2.0807661 2.1375591 2.3896381 2.3453135 2.7934041 3.1008888 2.9057458 2.8401349 2.9424641 2.9071478 2.5400424 2.7053400 2.5418677 3.0703501 2.8217884 3.2888366 3.1749230 3.3080556 2.8622062 
Scil_scict015007.2                                 1.1689247 1.1547458 1.0016658 0.9963296 1.0293217 0.2969922 0.2173579 0.0000000 0.2374129 1.0523104 1.0849312 1.0594643 1.0069199 1.1051651 0.5966786 0.9898556 0.9789208 1.0160510 1.1031023 1.0028034 1.0126841 1.0177663 1.0969382 1.3407770 1.0435994 1.0158339 1.1831451 1.1981494 1.0676852 0.9676379 0.9652031 0.9523369 1.0003768 1.0600438 1.1062724 0.8785107 1.0390121 1.1119598 1.0273758 1.0799353 1.1468751 1.1885088 1.0321883 1.1066759 1.3734550 1.3782170 0.9858899 1.3621879 1.2455564 1.4333263 1.4333263 1.2888188 1.1587188 0.6316178 1.3930990 1.4465518 1.5483827 1.2006925 1.2091961 2.0393980 1.7676747 2.0272499 1.5592179 1.2989727 1.2217993 1.7188020 1.9854390 1.4212025 1.5237210 2.3296273 2.3296273 2.1102004 1.6323827 1.6880800 2.1198397 1.9977163 2.1221105 2.3209125 2.0000131 2.2164063 1.8819130 2.2948080 2.1930775 2.5911786 2.6609551 2.7286838 2.4325052 2.3260013 2.3607767 1.9460618 2.2075748 2.0989814 2.2679823 2.0355806 2.6512969 2.1707328 2.1059294 2.3671027 2.3415104 2.8865714 2.8127045 2.9962831 3.0046432 2.9324798 2.9011756 2.7304789 2.6274001 2.6205669 3.1003512 2.8481114 3.2676639 3.1457314 3.3309302 2.9431761 
Leuniv_Lniv_scaffold23202_01                       1.0824875 1.0357138 0.9472860 0.9099308 1.0628907 0.2881568 0.2524113 0.2374129 0.0000000 0.8859635 0.9785897 0.9648129 0.9657749 1.0678297 0.5737730 0.9019607 0.8977826 0.9063272 0.9623281 0.9180954 0.9262764 0.9618779 1.0394804 1.2171593 0.9951129 0.9796980 1.0970535 1.1469310 1.0209144 0.9105766 0.9129559 0.8492929 0.9402390 1.0754413 1.0277074 0.8033033 1.0107663 1.0522069 1.0473429 1.0148935 1.1234002 1.2229450 1.0067327 1.1090561 1.2550309 1.2676821 0.9185547 1.2419053 1.1611835 1.3292052 1.3292052 1.1755198 1.0920714 0.5875010 1.2722931 1.3632581 1.4773360 1.1252008 1.1295579 1.9082911 1.7710585 1.8683954 1.5074551 1.1757439 1.2562565 1.5621522 1.9360499 1.3444702 1.5190200 2.0930149 2.0930149 2.1152709 1.5168852 1.6592838 1.9484768 1.9687188 2.1134552 2.2838124 2.0408222 2.2817298 1.9955488 2.3525018 2.1068427 2.4990099 2.6552878 2.5654102 2.4476810 2.3251987 2.3147445 1.8709353 2.1253839 1.9324608 2.1114513 2.0542012 2.5013247 1.9923560 2.0455807 2.2815220 2.2911763 2.7679259 2.7993789 2.7310109 2.7339521 2.7742928 2.7449403 2.5963542 2.6678314 2.5038108 3.1157318 2.8574301 3.2028991 3.0669876 3.3337621 2.9631873 
Morvir_scaffold446.g4.t1                           1.0504760 1.0431516 0.9666908 0.9039270 1.0535507 0.9751077 0.9769504 1.0523104 0.8859635 0.0000000 0.4689664 0.4420010 0.4487188 0.5257671 0.4362339 0.6654965 0.6719055 0.6593865 0.7063735 0.6516021 0.6562291 0.6496072 0.6923748 0.8859931 0.7620382 0.8598742 1.1288400 1.0943219 0.9705916 0.8187828 0.8365966 0.9082208 0.9077679 0.9398460 0.9396252 0.8460714 0.9269395 0.8989430 0.9984614 0.8550031 1.0246874 1.1265726 0.8911575 1.0679358 1.0528718 1.0620454 0.8475937 1.0364923 1.0937895 1.1164101 1.1164101 0.8074267 1.1531759 0.9745963 1.3451055 1.2981397 1.4214784 1.2479949 1.2141130 1.7150456 1.4054288 1.7860514 1.3910679 1.1312277 1.2806540 1.5742467 1.7652716 1.3775043 1.5021556 2.1306035 2.1306035 1.9539157 1.6169697 1.5934573 2.2750731 2.2265303 2.1966167 2.4403991 1.9052214 2.4244264 2.0302367 2.3076941 1.9285074 2.9267492 2.6504530 2.3857356 2.5058708 2.4933520 2.4011127 1.8135748 2.3234547 2.0184140 2.2167492 2.2663055 2.5331079 2.2004063 2.2267951 2.5478974 2.5773165 2.9570679 2.6691422 2.7558813 2.8767318 2.8145630 2.7635542 2.9680252 2.9093489 2.6682856 3.1428079 2.8327418 3.1329077 2.8995464 3.2471584 2.9751059 
Nemnom_g10639.t1                                   1.0237209 1.0328409 0.9336823 0.8561441 0.9240613 0.9915143 1.0389404 1.0849312 0.9785897 0.4689664 0.0000000 0.0916621 0.2591441 0.3215135 0.2332842 0.6745508 0.6817266 0.6306417 0.6986208 0.6831162 0.6684197 0.6660863 0.6948416 0.9804942 0.7274492 0.8228152 1.1574968 1.0630764 0.9555859 0.8975547 0.9039874 0.8073369 0.9272259 1.0168030 1.0759153 0.7893124 1.0338795 0.9799510 1.0072771 0.9747218 1.0646402 1.1709844 0.9405697 1.0249599 1.1233813 1.1299529 0.8186084 1.0551709 1.1102828 1.1254121 1.1254121 0.8627817 1.1875159 1.0103872 1.4087634 1.3670183 1.3918658 1.1759377 1.1910969 1.8403238 1.4644855 1.8682582 1.4827203 1.1220277 1.3059192 1.6659216 1.8245380 1.4615612 1.5635995 2.0774558 2.0774558 2.1169578 1.6704774 1.6602550 2.3088033 2.2012409 2.1935239 2.4777133 1.8467699 2.3305722 1.8299460 2.2085110 2.0256241 2.8281568 2.7883156 2.2537490 2.4215552 2.4227507 2.3000961 1.7695636 2.2772367 2.0734272 2.3514118 2.3264838 2.7367512 2.2089713 2.3543903 2.5630455 2.5568198 2.8962860 2.7522427 2.6303773 2.6179341 2.7299529 2.7258481 2.6367363 2.9037697 2.5007141 2.8883981 2.4341895 2.8250263 2.6830936 3.1542376 2.9336724 
Rhoesc_Res_015327-T2                               0.9983877 1.0298270 0.9120837 0.8874160 0.9435592 0.9689896 1.0372581 1.0594643 0.9648129 0.4420010 0.0916621 0.0000000 0.2279190 0.2842834 0.1700359 0.6978159 0.6947471 0.6533446 0.7252322 0.7087038 0.7102383 0.6540286 0.6992259 1.0267010 0.7094541 0.7476704 1.1266817 1.0408513 0.9044444 0.8961814 0.9016119 0.7950774 0.9184627 0.9696769 1.0101191 0.7711746 1.0475128 0.9484144 1.0014206 0.9321590 1.1145576 1.1876240 0.9143731 1.0343997 1.1044348 1.1099663 0.8043968 1.0525539 1.0829082 1.1043182 1.1043182 0.8270120 1.1630201 1.0029601 1.3503830 1.3636084 1.3476283 1.2090069 1.1808370 1.7659006 1.3568540 1.7963095 1.4035092 1.1090434 1.2284996 1.6641081 1.8118386 1.4108537 1.5185919 1.9960194 1.9960194 2.0329746 1.6130866 1.6080226 2.3322827 2.1175698 2.1595439 2.4791847 1.8529156 2.4407089 1.8343039 2.2763085 1.9897084 2.6660861 2.5819138 2.1372883 2.2170775 2.2087414 2.0572387 1.7738225 2.1839634 2.0181580 2.2781666 2.2945169 2.7425538 2.1810703 2.1838152 2.5728049 2.4671304 2.8810095 2.7225368 2.7072328 2.7011927 2.6840572 2.6800643 2.6978004 2.7955271 2.4535433 2.9060786 2.4472573 2.8664446 2.6930137 3.2175544 2.8484921 
Sanmal_Sma_022014-T1                               0.9957495 1.0220609 0.9231871 0.8755931 0.9632754 0.9873311 1.0135480 1.0069199 0.9657749 0.4487188 0.2591441 0.2279190 0.0000000 0.0199733 0.1664265 0.6958827 0.7042847 0.6478660 0.6730454 0.6696428 0.6888551 0.6327599 0.7018188 0.9883301 0.6555730 0.6688983 1.1284370 1.0760148 0.9461097 0.8431369 0.8056274 0.7946285 0.9094810 0.9575078 0.9906428 0.7941699 1.0049777 1.0209487 1.0327772 0.9058233 1.1625591 1.2232749 0.8794235 1.0981497 1.1436894 1.1547264 0.8112442 1.1136622 1.0836718 1.1574227 1.1574227 0.8707008 1.1362070 0.9378931 1.4711536 1.4596252 1.3856440 1.2505015 1.1355833 1.8435904 1.3387417 1.9406907 1.4654784 1.0464605 1.1876099 1.7730954 1.8923931 1.5099921 1.7159706 2.3007200 2.3007200 2.1654730 1.7950114 1.6652863 2.4459636 2.3042908 2.2812018 2.3814699 1.5468269 2.2722176 1.9628136 1.8363202 2.1249021 2.8845654 2.7615385 2.2192389 2.3862246 2.5032821 2.0688634 1.8739851 2.3234171 2.0948503 2.2691064 2.5460162 2.8861150 2.1482710 2.3339530 2.7130693 2.6339311 3.1184088 2.7858407 2.7186755 2.8236581 2.7248363 2.7202204 2.8305487 2.7204016 2.6246935 3.1602995 2.5932602 3.0478074 2.8253250 3.1617241 3.3828539 
Sanmal_Sma_021995-T1                               1.1136921 1.1145238 1.0251471 0.9529773 1.0675519 1.1020667 1.1023015 1.1051651 1.0678297 0.5257671 0.3215135 0.2842834 0.0199733 0.0000000 0.2729352 0.7661535 0.7730736 0.7170903 0.7476159 0.7541791 0.7556357 0.6799125 0.6941130 1.1176064 0.7013135 0.7190535 1.2370608 1.1687936 1.0422123 0.9357503 0.8351820 0.8663786 1.0033545 1.0640145 1.1008402 0.8935206 1.1063272 1.1168265 1.1107512 0.9909049 1.2861771 1.3739882 0.9749847 1.1871488 1.2211884 1.2324971 0.9282276 1.2061973 1.1835186 1.2333760 1.2333760 0.9632526 1.2515347 0.9967818 1.6030370 1.5648392 1.4825269 1.4222859 1.1355833 1.9926308 1.8665005 2.0768467 1.6335159 1.1352253 1.3359514 1.9027401 2.0498817 1.6115463 1.9149937 2.5198418 2.5198418 2.3247664 1.9224411 1.8037668 2.5872949 2.4223157 2.3799940 2.4173177 1.7358570 2.4018081 2.2169117 2.0814789 2.2786279 2.9949049 2.8891667 2.3806878 2.5227408 2.6252130 2.0289755 2.0745598 2.3951038 2.2039564 2.3084589 2.6713884 2.9846517 2.2983150 2.4319365 2.8284182 2.7607276 3.1888881 2.7631804 2.8550847 3.0057810 2.8954970 2.8904826 3.0627147 2.9366340 2.7427016 3.2941022 2.7645800 3.1833621 2.9585682 3.1644247 3.4452212 
Aaur_scaffold530.g12.t1                            0.6166086 0.6178556 0.6982351 0.6435331 0.7498866 0.5855395 0.6246428 0.5966786 0.5737730 0.4362339 0.2332842 0.1700359 0.1664265 0.2729352 0.0000000 0.4328749 0.4301357 0.4166258 0.5222458 0.4193883 0.4576095 0.4827033 0.4448746 0.7374915 0.5808174 0.5402610 0.8462002 0.8592880 0.6549140 0.6247434 0.5809552 0.6039223 0.5935756 0.7125579 0.6387290 0.5739151 0.6721192 0.6982977 0.7684045 0.6161534 0.8668903 0.8286958 0.6040851 0.7069757 0.7207069 0.7285348 0.7053786 0.7012720 0.7372717 0.7155552 0.7155552 0.6594412 0.8329612 0.5795676 0.8716295 0.8569373 0.9313023 1.0052730 1.0447036 1.2329964 1.1938063 1.1187901 1.0025790 0.8881146 0.9497537 1.0348304 1.0613157 1.0278156 1.3403943 1.4252816 1.4252816 1.3115989 1.2818750 1.3385666 1.6874758 1.6284034 1.4636648 1.3834751 1.5174952 1.4236713 1.5676012 1.6367089 1.7087679 2.0485704 1.8587854 1.4432150 1.5487045 1.5126140 1.3710557 1.6746289 2.0912700 1.6495363 1.6500856 1.6995562 2.1606573 1.9060724 1.8934323 2.0667738 1.9597807 2.5194497 2.2560698 2.2698906 2.2510742 2.0790738 2.1063220 2.5758503 2.3612586 2.5303946 2.5945949 2.5945949 2.5945949 2.5945949 2.3907542 2.3101074 
Spis_XP_022789611_1                                1.1298339 1.0678528 0.9858700 0.9073573 0.9390245 0.9377450 0.9513838 0.9898556 0.9019607 0.6654965 0.6745508 0.6978159 0.6958827 0.7661535 0.4328749 0.0000000 0.0175300 0.0805581 0.1367569 0.1490847 0.1123108 0.2841428 0.2562723 0.2644777 0.5520762 0.5743679 1.0964652 1.0872142 0.9648494 0.8630144 0.8690436 0.8063018 0.8811734 0.9499592 0.8924134 0.7420637 0.9216856 0.9222894 0.9078452 0.8320660 1.0716546 1.0826477 0.8283305 1.0453704 0.9496542 0.9543584 0.6644146 0.8965066 0.9066980 0.9410850 0.9410850 1.0187640 1.1651891 1.0656954 1.4929157 1.2924977 1.4194702 1.1814451 1.1362906 1.8858876 1.6008300 1.8218311 1.3766045 1.1011554 1.2132129 1.5636296 1.7766554 1.4913707 1.5049448 2.1455519 2.1455519 1.8848017 1.5574707 1.6696041 2.2932002 2.2036768 2.3462051 2.6074377 1.9364034 2.5911528 2.1050488 2.4625962 2.0571897 2.5598655 2.5256438 2.3484926 2.4512629 2.4950794 2.1978295 1.8098188 2.3075220 2.0160909 2.2907310 2.2854728 2.7061611 2.0394938 2.2754740 2.4927978 2.4134699 2.8850293 2.6347975 2.6861155 2.7070789 2.6720022 2.6558546 2.8811312 2.7948899 2.5597463 3.1757475 2.7091374 3.0492220 2.8349232 3.2541070 2.9068814 
Pocdam_XM_027184042.1                              1.1156746 1.0643529 0.9675627 0.9043620 0.9355733 0.9254644 0.9471684 0.9789208 0.8977826 0.6719055 0.6817266 0.6947471 0.7042847 0.7730736 0.4301357 0.0175300 0.0000000 0.0930707 0.1394632 0.1627570 0.1256441 0.2904165 0.2779120 0.2782153 0.5682331 0.5811689 1.0745850 1.0998003 0.9612098 0.8495200 0.8571816 0.8148124 0.8707808 0.9332172 0.8876285 0.7306391 0.9145234 0.9104041 0.9022188 0.8154223 1.0595111 1.0634598 0.8260286 1.0221953 0.9442247 0.9488799 0.6612696 0.8911652 0.9022240 0.9514546 0.9514546 1.0012137 1.1629958 1.0592756 1.5084096 1.3133924 1.4354203 1.1450945 1.1299009 1.9068993 1.5943264 1.8194983 1.3760779 1.0856640 1.2019123 1.5869271 1.7978251 1.5005680 1.4834057 2.1802594 2.1802594 1.8813430 1.5254052 1.6386107 2.2712211 2.2001287 2.3399652 2.6072966 1.9355819 2.5859605 2.0899353 2.4591528 2.0456719 2.5732613 2.5138546 2.3755623 2.4161124 2.4481421 2.1928810 1.8467826 2.2713978 2.0252014 2.3111001 2.2375711 2.7010452 1.9960706 2.2847584 2.5488499 2.4033913 2.8853116 2.6536152 2.6876127 2.7235500 2.6387762 2.6229353 2.7924532 2.7979963 2.5651784 3.1489853 2.7003178 3.0404270 2.8124803 3.2248620 2.8766680 
Gasp_gasp1.m3.19959.m1                             1.1548351 1.0964213 0.9842454 0.8834427 0.9247127 0.9437008 0.9666885 1.0160510 0.9063272 0.6593865 0.6306417 0.6533446 0.6478660 0.7170903 0.4166258 0.0805581 0.0930707 0.0000000 0.0976587 0.1238563 0.1061184 0.2642626 0.2633953 0.2243641 0.5363031 0.5602619 1.0743782 1.0807966 0.9591916 0.8440433 0.8704564 0.7704098 0.8653965 0.9149263 0.8628570 0.7236716 0.9260454 0.8749467 0.8931648 0.8275426 1.0719173 1.0941446 0.8412521 0.9990207 0.9698010 0.9746363 0.6671645 0.9044104 0.9223556 0.9492003 0.9492003 0.9885730 1.1558600 1.0632090 1.4449446 1.2831179 1.3867702 1.1636805 1.1264092 1.8990440 1.5935696 1.8182282 1.3736242 1.0434350 1.2218643 1.4988926 1.7534195 1.4827017 1.4605506 2.0712248 2.0712248 1.9281803 1.5116203 1.6304733 2.3011729 2.2591171 2.3531826 2.6123464 1.9612021 2.6013527 2.1100569 2.4904126 2.0842035 2.6154750 2.5490222 2.3563057 2.4482574 2.4779717 2.1591388 1.8264684 2.3090353 2.0172028 2.3267091 2.2800750 2.7229544 2.0472785 2.2592646 2.5088076 2.4175698 2.8417540 2.5531627 2.6319937 2.6402349 2.6284682 2.6472212 2.8275757 2.8269034 2.5222299 3.0759949 2.6650856 3.0659349 2.8645611 3.1475712 2.8715699 
Fspp_ffun1.m4.12642.m1                             1.1918284 1.1696354 1.0509497 0.9164043 0.9829642 1.0358790 1.0591530 1.1031023 0.9623281 0.7063735 0.6986208 0.7252322 0.6730454 0.7476159 0.5222458 0.1367569 0.1394632 0.0976587 0.0000000 0.1424566 0.1471931 0.3021811 0.2956016 0.2503685 0.6079480 0.6145573 1.1679613 1.1759402 0.9913927 0.9123730 0.9524291 0.8700097 0.9483788 0.9898285 0.9440023 0.7801113 0.9945879 0.9556637 0.9504292 0.8648497 1.1171484 1.1737084 0.8884251 1.0493243 1.0358646 1.0410598 0.7459458 0.9732812 0.9917272 1.0247175 1.0247175 1.0808166 1.2527846 1.1900619 1.5395520 1.4157306 1.4808810 1.3128574 1.3078942 1.9380209 1.5787941 1.8465924 1.4336646 1.1558193 1.2041889 1.5924553 1.8354873 1.5438120 1.7097162 2.2474340 2.2474340 2.0845407 1.6269922 1.7583366 2.5012485 2.4760156 2.4748088 2.8476147 1.9964661 2.6743478 2.1407364 2.5351079 2.2618007 2.8411764 2.7448957 2.5081398 2.6065106 2.6135506 2.5834150 2.0189474 2.4483306 2.0741354 2.4273778 2.3726900 2.9542972 2.1177162 2.3572770 2.6399482 2.5526622 3.0062278 3.0152429 2.8894233 2.9545330 2.9138083 2.9345666 3.1177058 3.1084353 2.5482922 3.3245421 2.8767874 3.2943835 2.9726618 3.6160282 3.0602210 
Amil_Amillepora06094-RA                            1.1712884 1.1536987 1.0123420 0.8675812 0.9555414 0.9759545 1.0044207 1.0028034 0.9180954 0.6516021 0.6831162 0.7087038 0.6696428 0.7541791 0.4193883 0.1490847 0.1627570 0.1238563 0.1424566 0.0000000 0.1161469 0.2949151 0.3044129 0.0550920 0.5510128 0.5603399 1.1681248 1.1672465 1.0405127 0.8779201 0.9149891 0.8670426 0.8949292 0.9205414 0.9258604 0.7291326 0.9646960 0.9224468 0.9033611 0.8330638 1.0864176 1.1146017 0.8368760 1.0403841 1.0230902 1.0292992 0.7098387 0.9900524 1.0057834 0.9741554 0.9741554 1.0406190 1.1271674 1.1326751 1.5199602 1.4363312 1.4521436 1.1900511 1.2078963 2.0349484 1.5780434 1.9480955 1.4526639 1.0914591 1.2079898 1.6416855 2.0397114 1.5397790 1.5869169 2.3878187 2.3878187 2.1733980 1.6614009 1.8711906 2.5819558 2.6357616 2.5301978 3.1675170 2.2633077 4.6779256 2.5458588 3.4349185 2.3176721 2.9288877 2.9480924 2.9336597 2.9738175 3.0237659 2.5257482 1.9708044 2.4631095 2.2619571 2.8249786 2.6371943 2.9767652 2.3087153 2.3705312 2.6468777 2.6289446 3.1719053 2.5959736 2.5474290 2.6248532 2.7209498 2.6696202 2.9283343 2.6885872 2.1692473 3.3889641 2.8112940 3.2694338 2.9819918 4.1344072 3.1111219 
Gfas_gfas1.m1.1371.m1                              1.1645660 1.1190868 1.0001483 0.8900507 0.9060425 0.9769664 0.9711980 1.0126841 0.9262764 0.6562291 0.6684197 0.7102383 0.6888551 0.7556357 0.4576095 0.1123108 0.1256441 0.1061184 0.1471931 0.1161469 0.0000000 0.2788232 0.2872582 0.2134391 0.5605851 0.5933696 1.0951259 1.1022279 0.9632420 0.8563454 0.8676204 0.8072800 0.9067576 0.9276661 0.9013097 0.7674575 0.9238970 0.9551619 0.9383393 0.8361808 1.0731343 1.1068990 0.8567401 1.0443311 0.9690928 0.9739422 0.6614269 0.9160626 0.9067769 0.9599462 0.9599462 1.0205734 1.1453214 1.0776553 1.4839008 1.3430552 1.4266897 1.1567842 1.0852763 1.8779486 1.5443965 1.8078780 1.3595969 1.0585702 1.2149083 1.5372588 1.8444157 1.4561419 1.5006444 2.1147720 2.1147720 1.9849316 1.6026742 1.6966704 2.3165370 2.3310528 2.3535899 2.6747040 1.9695424 2.6052729 2.0462218 2.4241857 2.1510842 2.6233569 2.5658279 2.4615241 2.5084140 2.5748068 2.3188349 1.8932427 2.3175114 1.9994427 2.2888891 2.3171163 2.7583368 2.0240689 2.1892739 2.5571438 2.4638535 2.8436125 2.7475418 2.6541181 2.7135021 2.7837617 2.7664693 2.8457610 2.7817968 2.5097562 3.2867823 2.7740665 3.1693753 2.9028180 3.4564697 2.9990649 
Exapal_XM_021061898.2                              1.0792341 1.0915474 0.9457623 0.8381892 0.9349042 0.9405807 0.9629925 1.0177663 0.9618779 0.6496072 0.6660863 0.6540286 0.6327599 0.6799125 0.4827033 0.2841428 0.2904165 0.2642626 0.3021811 0.2949151 0.2788232 0.0000000 0.1732706 0.4562969 0.5325708 0.5617235 0.9839204 1.0439603 0.9186371 0.8739546 0.8798955 0.8099817 0.8716940 0.8485025 0.8770592 0.7467258 0.8485017 0.8628293 0.8899440 0.8015235 1.0025793 1.0885080 0.8067939 0.9595519 0.9071227 0.9116115 0.7198304 0.8794355 0.9504232 0.9709723 0.9709723 0.9986305 1.1053270 1.0585634 1.4874562 1.2900064 1.4863560 1.0950050 1.0322227 1.7840944 1.3443073 1.7460565 1.2899292 1.0305094 1.2384351 1.5193947 1.6565823 1.4330683 1.4771228 2.1693582 2.1693582 2.0030309 1.4816884 1.6588565 2.1731819 2.1794489 2.2847865 2.6025975 1.8623714 2.3618066 1.8918900 2.3120903 2.0518696 2.5743053 2.4729228 2.3198466 2.3972167 2.4479561 2.0808189 1.8533917 2.2829775 1.9484420 2.2116823 2.3290528 2.6446004 1.9945900 2.1869726 2.4580860 2.4840887 2.8860890 2.5329729 2.4914376 2.5329987 2.6319233 2.6448926 2.8412253 2.8460014 2.2276889 3.0891109 2.6444391 3.0081530 2.7325999 3.0034508 2.9298497 
Nvec_v1g174876                                     1.1933279 1.1763153 1.0036228 0.8969741 1.0128476 1.0201887 1.0750813 1.0969382 1.0394804 0.6923748 0.6948416 0.6992259 0.7018188 0.6941130 0.4448746 0.2562723 0.2779120 0.2633953 0.2956016 0.3044129 0.2872582 0.1732706 0.0000000 0.4333288 0.5524892 0.5800061 1.1969595 1.1486644 1.0431616 0.9094769 0.9094769 0.8716954 1.0078070 0.9123354 1.0111110 0.8785451 1.0544361 0.9609197 0.9870121 0.9376017 1.1059725 1.1193158 0.8664260 1.0925751 1.0348628 1.0415070 0.7338929 1.0184399 1.0362017 1.1141694 1.1141694 0.9197040 1.1442833 1.0168364 1.6363725 1.4396029 1.4997011 1.2740124 1.1317067 1.9413065 2.0230279 1.9617741 1.3756056 1.0720112 1.3671176 1.7362125 1.8805307 1.5970707 1.8162379 2.5996403 2.5996403 2.2131258 1.6446027 1.8272524 2.5427043 2.4809494 2.5768720 2.5151927 1.7407808 2.0576794 2.2797919 2.2797919 2.1025710 2.7961190 2.8302242 2.4434922 2.4902281 2.4720343 2.0978048 1.7465121 2.5342505 2.0719834 2.0447750 2.4473654 3.0033808 2.2757271 2.3869621 2.6399569 2.7495845 3.1920134 2.4660313 2.5393443 2.6597184 2.4986220 2.5107283 2.6910975 2.5926424 2.4464777 3.0719019 2.4593924 2.9171956 2.6559195 2.9997223 3.3518610 
Adig_XM_015910320.1                                1.5093457 1.4757977 1.3016464 1.1546558 1.1880683 1.3773733 1.3467679 1.3407770 1.2171593 0.8859931 0.9804942 1.0267010 0.9883301 1.1176064 0.7374915 0.2644777 0.2782153 0.2243641 0.2503685 0.0550920 0.2134391 0.4562969 0.4333288 0.0000000 0.8207836 0.8235262 1.4389032 1.3778569 1.3016094 1.1102571 1.2297670 1.1021436 1.2379798 1.1995831 1.2039157 1.0535360 1.2956967 1.2230863 1.2041417 1.1370804 1.3509184 1.4126412 1.2061661 1.4162721 1.3047838 1.3020283 0.9033566 1.2696982 1.2855376 1.2576272 1.2576272 1.3163024 1.6618281 1.5557030 1.8563423 1.6751907 1.7875123 1.4680996 1.4370507 2.1944133 1.6995008 2.0773731 1.7593969 1.5709858 1.4333085 1.8877754 2.4299510 1.7888863 1.7257760 2.4368347 2.4368347 2.3119545 1.9447947 1.9065045 2.5375326 2.6985507 2.6027432 3.0114153 2.2408745 1.9944278 1.7428222 2.2368859 2.2260488 2.7925466 2.7219502 2.8273678 2.8123322 3.0370266 3.1100885 2.0872213 2.4009655 2.3339154 2.4836714 2.5010396 3.1406706 1.9704946 2.2815975 2.7069784 2.7511225 3.0857955 3.0646048 2.7322686 2.9034811 2.9347556 2.9298826 3.2898886 3.3287764 2.8559826 4.0774012 3.2499676 3.6815838 3.2586132 5.0462758 3.3906053 
Dgig_XM_028552531.1                                1.1598373 1.1280541 1.0942457 0.9580618 1.0603389 1.0352731 0.9624672 1.0435994 0.9951129 0.7620382 0.7274492 0.7094541 0.6555730 0.7013135 0.5808174 0.5520762 0.5682331 0.5363031 0.6079480 0.5510128 0.5605851 0.5325708 0.5524892 0.8207836 0.0000000 0.1799690 1.1768128 1.1148448 1.0875933 0.9677829 0.9790276 0.8627782 0.9599855 0.9801815 1.0947751 0.8091415 1.0778933 1.0794390 1.0154433 0.9150516 1.1376499 1.2741259 0.9053013 1.0511210 1.0601472 1.0702665 0.7828819 1.0629082 0.9962355 1.1240418 1.1240418 1.0304077 1.1985583 1.1466542 1.4384373 1.3742709 1.3283596 1.1738279 1.1654715 1.8430328 1.6841764 1.9006499 1.5104240 1.1096041 1.2657464 1.5016476 1.8228011 1.4250283 1.6006375 2.3316313 2.3316313 2.0912339 1.5845694 1.5480585 2.2127963 2.1126105 2.1641480 2.4486411 1.9697465 2.3825297 1.8511213 2.3853848 1.9551106 2.6231951 2.6811566 2.5488769 2.6431064 2.6297150 2.4449451 1.8286184 2.0836347 2.0178839 2.2855698 2.2944167 2.8679448 1.9550626 2.1796177 2.4266960 2.4073813 2.8090032 2.5626366 2.4531952 2.5391438 2.4427110 2.4560680 3.0480973 2.6122073 2.4793968 3.1121332 2.6906474 3.0065081 2.8445582 3.3440637 2.9084847 
Xesp_008284-T1                                     1.1496455 1.1081629 1.1032118 0.9621122 1.0582473 0.9824472 0.9802985 1.0158339 0.9796980 0.8598742 0.8228152 0.7476704 0.6688983 0.7190535 0.5402610 0.5743679 0.5811689 0.5602619 0.6145573 0.5603399 0.5933696 0.5617235 0.5800061 0.8235262 0.1799690 0.0000000 1.1978942 1.1141171 1.0423299 0.9463537 0.9677230 0.8896815 0.9476831 0.9381247 1.0650607 0.8412707 1.1143812 1.0105891 0.9802673 0.9037694 1.1677707 1.2470647 0.8815375 1.0713360 1.0618973 1.0711124 0.7719123 1.0602569 0.9789848 1.0942175 1.0942175 1.0990355 1.1900155 1.1457021 1.3940492 1.3037126 1.3135635 1.2336353 1.2045623 1.8502992 1.7090702 1.9068336 1.5326706 1.1268076 1.2896046 1.4790739 1.7802459 1.4547147 1.6201679 2.3503463 2.3503463 2.1806021 1.6093090 1.5937273 2.2891218 2.1362089 2.2776323 2.5760362 2.0103061 2.4202693 1.9603542 2.4010497 2.0531760 2.5972624 2.5447031 2.5183587 2.7056508 2.6620802 2.3309517 1.8883780 2.2275673 2.0161240 2.2655012 2.2989632 2.9925510 2.0537073 2.2313919 2.5243004 2.4562433 2.8538402 2.5282112 2.5354256 2.5347238 2.4951015 2.4922741 3.0120534 2.6600328 2.4017553 2.8953243 2.6784774 2.8765727 2.7378055 3.0288691 2.8691436 
Halamb_c48423_g1_i1m.24181                         0.8533359 0.8564803 0.7122216 0.6453700 0.8820535 1.1647260 1.0813296 1.1831451 1.0970535 1.1288400 1.1574968 1.1266817 1.1284370 1.2370608 0.8462002 1.0964652 1.0745850 1.0743782 1.1679613 1.1681248 1.0951259 0.9839204 1.1969595 1.4389032 1.1768128 1.1978942 0.0000000 0.3141919 0.4460595 1.1028715 1.1876402 1.0003308 1.2171788 1.1643449 1.2072279 1.0324963 1.2450448 1.0927352 1.2694841 1.1343777 1.1715007 1.2374273 1.1929693 1.3897666 1.2509632 1.2302980 0.9923750 1.2264857 1.1950474 1.2824785 1.2824785 1.3707309 1.2568779 1.1784217 1.4294547 1.5262981 1.5128749 1.1905379 1.2148010 1.9303385 1.3725189 2.0488578 1.6258756 1.2711447 1.3507058 1.7436577 1.9052750 1.5168635 1.6122294 2.1905146 2.1905146 2.1765440 1.7241463 1.7134388 2.1799972 2.1521195 2.0954242 2.2407346 1.7231542 2.1201545 1.8246031 2.1322511 1.9848276 2.4517427 2.5102789 2.3983165 2.2741118 2.2425230 2.3396546 1.7719304 2.3684040 2.0960758 2.3689586 2.2323840 2.6311611 2.0909773 2.2901588 2.5994971 2.4077748 3.0396767 2.9438151 2.7687642 2.8701769 2.9101702 2.8798857 2.7052078 2.9189158 2.4349857 3.3666459 2.7577959 3.1233506 2.8844245 3.5348031 3.0864902 
Aque_Aqu2.1.34188_001                              0.8477012 0.8649880 0.7653868 0.7156264 0.8480687 1.1759716 1.1223893 1.1981494 1.1469310 1.0943219 1.0630764 1.0408513 1.0760148 1.1687936 0.8592880 1.0872142 1.0998003 1.0807966 1.1759402 1.1672465 1.1022279 1.0439603 1.1486644 1.3778569 1.1148448 1.1141171 0.3141919 0.0000000 0.4418710 1.0940458 1.1421388 1.0387429 1.2229005 1.0325006 1.1960894 1.0288514 1.1756967 1.0197100 1.2186306 1.0966612 1.1178697 1.1903409 1.1217687 1.2854062 1.2013540 1.2053510 1.0056215 1.1812150 1.1635648 1.2643489 1.2643489 1.3240933 1.2856844 1.1276091 1.3965781 1.5684675 1.4976977 1.2008818 1.3000471 1.8852625 1.3337986 2.0908300 1.5636630 1.2982412 1.3429938 1.7633480 1.9208617 1.6624474 1.6956754 2.3840250 2.3840250 2.1283163 1.7308474 1.7792962 2.0369413 2.1668169 2.1116065 2.3862623 1.8331815 2.3511579 1.8408181 2.2479845 1.8897533 2.4573255 2.4345245 2.4260328 2.1836959 2.1440229 2.2234436 1.6544485 2.2542616 1.9446412 2.1606196 2.1556827 2.6590487 2.0708074 2.2486544 2.6624795 2.3474128 2.8238129 2.9289955 2.9275748 2.9702758 2.8721294 2.9060392 2.7937975 2.9082441 2.4128314 3.1559915 2.6764597 3.0215300 2.8303503 3.3548698 3.1956353 
Xestes_maker-XT_scaffold1296-snap-gene-0.30-mRNA-1 0.8290838 0.7979015 0.6433970 0.5503991 0.7669983 1.0068787 1.0054964 1.0676852 1.0209144 0.9705916 0.9555859 0.9044444 0.9461097 1.0422123 0.6549140 0.9648494 0.9612098 0.9591916 0.9913927 1.0405127 0.9632420 0.9186371 1.0431616 1.3016094 1.0875933 1.0423299 0.4460595 0.4418710 0.0000000 1.0260134 1.1011549 1.0169218 1.0471862 0.9401024 1.0474207 0.9660662 1.0512518 0.8770523 1.1305353 0.8538334 1.0401442 1.1778011 0.9935744 1.0708921 1.1271709 1.1378287 0.9661061 1.1182807 1.1349872 1.1706289 1.1706289 1.2667796 1.2321900 0.9490799 1.2856148 1.4261242 1.4979971 1.2642803 1.1418445 1.7571093 1.7127862 1.8697272 1.4092122 1.1882124 1.2043453 1.6036793 1.6827093 1.4395507 1.6115782 2.1007594 2.1007594 2.0134356 1.4820775 1.5974790 2.0096507 2.0557746 2.2185880 2.5242985 1.9099844 2.2646265 1.8431699 2.2140575 1.9703469 2.5938210 2.6479796 2.3475169 1.9935060 1.8787990 2.2380529 1.6261759 2.1967002 2.0809992 2.3677485 2.3234777 2.5757506 2.1578146 2.3759099 2.6469045 2.3336639 3.0310977 2.8678251 2.8375112 2.7856579 2.8152011 2.8038711 2.5185305 2.9367824 2.5402928 2.9714169 2.6426434 3.0275273 2.8463478 3.0270889 2.8728826 
Opea_EP00118_Oscarella_pearsei_P005354             0.9664952 0.9828502 1.0069187 0.9021865 0.9457707 0.9223973 0.9645678 0.9676379 0.9105766 0.8187828 0.8975547 0.8961814 0.8431369 0.9357503 0.6247434 0.8630144 0.8495200 0.8440433 0.9123730 0.8779201 0.8563454 0.8739546 0.9094769 1.1102571 0.9677829 0.9463537 1.1028715 1.0940458 1.0260134 0.0000000 0.0182871 0.5999339 0.8655017 0.8407805 0.9360356 0.8344565 0.9664154 0.9050401 1.0225163 0.8881958 1.0806840 1.1387665 0.8660333 1.0028968 1.1456250 1.1558540 0.9852695 1.1450240 1.1343469 1.1578816 1.1578816 1.0815739 1.2409138 0.9879467 1.2764371 1.3093900 1.4494373 1.1967439 1.1664900 1.7311007 1.7585053 1.7906787 1.4242749 1.1048343 1.1882489 1.6003817 1.7749408 1.3311477 1.5988462 2.2898688 2.2898688 1.9912191 1.5263115 1.7217616 1.9825084 1.9841091 2.2792812 2.5655150 2.1174281 2.5433460 2.0185167 2.3696253 2.0009850 2.6883637 2.6968831 2.3685800 2.2322920 2.0826795 2.1840407 1.9440387 2.2654326 1.9319092 2.0561992 2.2462891 2.5205524 1.9913011 2.1540492 2.4478215 2.4113140 2.5345377 2.6504850 2.7447425 2.7670347 2.8365649 2.8067479 2.6554695 2.5928963 2.7878469 3.0310903 2.7106676 2.9224170 2.7521165 3.1492564 2.7710569 
Ocar_g4472                                         0.9759281 0.9993296 1.0314346 0.9207308 1.0118432 0.9226512 0.9735216 0.9652031 0.9129559 0.8365966 0.9039874 0.9016119 0.8056274 0.8351820 0.5809552 0.8690436 0.8571816 0.8704564 0.9524291 0.9149891 0.8676204 0.8798955 0.9094769 1.2297670 0.9790276 0.9677230 1.1876402 1.1421388 1.1011549 0.0182871 0.0000000 0.6563267 0.8759279 0.8891384 0.9453843 0.8685467 1.0360638 0.9480234 1.0205655 0.8837078 1.1586350 1.1774073 0.9239333 1.0559661 1.1659757 1.1777858 0.9827048 1.1672472 1.1582465 1.1971201 1.1971201 1.0708170 1.3173006 0.9737922 1.3541353 1.3525632 1.4705511 1.2665523 1.1664900 1.7452275 1.8365835 1.8207148 1.4108276 1.0069873 1.2295522 1.7291042 1.8186286 1.3598192 1.6588337 2.5258717 2.5258717 2.0977228 1.6304342 1.8661970 2.0944924 2.0650279 2.3732547 2.5466334 1.9027435 2.4926922 2.1427955 2.1109389 2.0574448 2.9401989 2.8157382 2.3712365 2.2583631 2.0796231 2.1840407 1.8951423 2.3549051 2.0028798 1.9913003 2.4002755 2.6110848 2.0577246 2.1765837 2.5637683 2.4323396 2.5683841 2.6504850 2.8869693 2.9795660 2.9112769 2.8764082 2.6710749 2.4878164 2.7979921 3.1150050 2.7373783 2.9714639 2.7754679 3.1492564 3.0329934 
Plajan_Pjan_C560408_01                             1.0653353 0.9928263 0.9047024 0.8245487 0.9088165 0.8483171 0.9510014 0.9523369 0.8492929 0.9082208 0.8073369 0.7950774 0.7946285 0.8663786 0.6039223 0.8063018 0.8148124 0.7704098 0.8700097 0.8670426 0.8072800 0.8099817 0.8716954 1.1021436 0.8627782 0.8896815 1.0003308 1.0387429 1.0169218 0.5999339 0.6563267 0.0000000 0.8657000 0.8493188 1.0552749 0.7769950 0.9816879 0.9241903 0.9843867 0.8354817 1.0323462 1.1285601 0.8765985 1.0934474 1.1398110 1.1330045 0.9202352 1.0975914 1.1342171 1.1407613 1.1407613 1.1419394 1.1356739 0.8831548 1.3226921 1.2370357 1.4278332 1.2156760 1.1665909 1.6872449 1.7705444 1.6751145 1.4245687 1.1009583 1.2340803 1.5212727 1.7604298 1.3076500 1.5000801 2.0786531 2.0786531 2.0644669 1.6738583 1.7358713 1.8837198 1.8872171 2.2752913 2.5329910 2.0915564 2.4494075 2.0669937 2.4375541 2.0104347 2.7415693 2.7177515 2.3001214 2.4595344 2.2455973 2.1866953 1.8938358 2.3965586 2.0140369 2.2378432 2.0367162 2.5299126 2.2066110 2.2120981 2.4737116 2.5101248 2.6306303 2.6153660 2.6510876 2.8559501 2.8544711 2.8409250 2.8667005 2.7879960 2.6262004 2.9807246 2.7007088 2.9384491 2.7542849 3.2712819 2.7084416 
Bralan_BLAG08000879_1                              1.0916995 1.1072653 1.0339186 0.9815824 1.0896532 0.9603008 0.9452357 1.0003768 0.9402390 0.9077679 0.9272259 0.9184627 0.9094810 1.0033545 0.5935756 0.8811734 0.8707808 0.8653965 0.9483788 0.8949292 0.9067576 0.8716940 1.0078070 1.2379798 0.9599855 0.9476831 1.2171788 1.2229005 1.0471862 0.8655017 0.8759279 0.8657000 0.0000000 0.7317592 0.7134855 0.6464072 0.7880638 0.7843400 0.7918528 0.7208860 0.8831274 0.8930435 0.8097905 0.8670074 1.1356178 1.1414127 0.8380317 1.1317295 1.1067357 1.1683112 1.1683112 1.0969016 1.0282077 1.0434723 1.3282004 1.3777923 1.4737345 1.1567233 1.1237753 1.8010406 1.6205721 1.8752554 1.4663885 1.0041322 1.0403936 1.6008018 1.8478495 1.5312085 1.4730621 2.1829789 2.1829789 1.9843005 1.4846975 1.5565070 2.0020420 2.1305666 2.0616907 2.2413271 1.9061509 2.3333098 1.8616922 2.2490011 2.1188554 2.5982862 2.6220223 2.3207080 2.3335184 2.2938818 2.1778990 1.7395513 2.4246325 1.9488709 2.1434715 2.0784256 2.6858798 2.0080843 2.0995806 2.5993281 2.4640039 2.7279399 2.8497203 2.7143345 2.7212922 2.8038345 2.7930802 2.5397709 2.8028094 2.5900637 3.1900488 2.7583910 3.0265922 2.9474555 3.2171057 3.2538313 
