76
Bralan_BLAG01002578_1                              0.0000000 0.4095965 0.5250960 0.5449829 0.4545932 0.5023766 0.5366221 0.5807044 0.4093373 0.5216179 0.5842954 0.6201108 0.4696488 0.4692799 0.4366812 0.6342798 0.6361011 0.5125897 0.6427353 0.4246174 0.5626969 0.5505918 0.5074675 0.5365592 0.4863789 0.6420656 0.5065361 0.5605278 0.5845860 0.8531156 0.5866153 0.6545425 0.5415144 0.5152290 0.5282725 0.5236764 0.6353836 0.8705770 0.6021379 0.8066698 0.7758891 0.7077251 0.7444032 0.7819826 1.1478045 1.1287067 0.7074731 0.6322806 0.7796791 0.8085493 0.8021309 0.5650995 0.5892907 0.6857633 0.7083907 0.6155589 0.6155589 0.7452042 0.8030923 0.6711577 0.6259027 1.3824837 1.2565038 0.9003015 0.7452890 0.8987863 0.7968106 0.6965810 0.6688145 0.7328153 0.7301690 0.7318453 0.6934701 0.7274403 0.8782614 1.2792201 
Ocar_g8918                                         0.4095965 0.0000000 0.0116380 0.2206323 0.4641176 0.4468509 0.4374865 0.4281891 0.3312594 0.3607939 0.4442010 0.4550138 0.4022680 0.4010038 0.4104811 0.4665153 0.4796587 0.5087615 0.4519583 0.4453931 0.4783269 0.4322236 0.4286581 0.4236133 0.4123463 0.4290392 0.4259269 0.4598031 0.4668098 0.4502492 0.4472027 0.4506180 0.5572371 0.4740766 0.4740766 0.5012541 0.4814260 0.5591837 0.4485471 0.5259157 0.4693247 0.5613933 0.6514930 0.6548181 0.6508863 0.6439375 0.6341917 0.6608831 0.6911437 0.6509695 0.5920377 0.6052423 0.6052423 0.6035003 0.6007068 0.6606408 0.6606408 0.6368460 0.5761823 0.5774782 0.6182269 0.8657087 0.9380901 0.7399164 0.6980802 0.7668691 0.6039653 0.6008159 0.6001826 0.5999132 0.6018547 0.5900618 0.5981985 0.5981985 0.5768630 0.7966229 
Opea_EP00118_Oscarella_pearsei_P005341             0.5250960 0.0116380 0.0000000 0.2899679 0.4641176 0.4468509 0.5131135 0.5669188 0.3954384 0.5471375 0.5273000 0.5937473 0.5558510 0.5562650 0.5520417 0.5599819 0.5683464 0.5435072 0.5433905 0.4778960 0.5571314 0.5264138 0.5192367 0.5154136 0.5280605 0.6610998 0.5227709 0.5364661 0.5740940 0.5621445 0.5235372 0.6798729 0.6253697 0.5779498 0.5779498 0.6096953 0.6542431 0.8367918 0.6234523 0.7676752 0.7976058 0.6933532 0.7589466 0.7480260 0.7744878 0.7743024 0.6829440 0.6161435 0.7622288 0.7882554 0.7335887 0.5819864 0.5966827 0.7433767 0.7562221 0.6326792 0.6326792 0.7927323 0.7431289 0.7396537 0.6316473 1.0066297 1.0142885 0.8897091 0.7499603 0.9150279 0.8588540 0.7372149 0.7219771 0.7319148 0.7267966 0.7240724 0.7267030 0.7277686 0.6681820 1.0139740 
Plajan_Pjan_scaffold15299_01                       0.5449829 0.2206323 0.2899679 0.0000000 0.4790509 0.4565471 0.5049457 0.5251274 0.4006887 0.4892479 0.5402020 0.5877240 0.5458278 0.5483960 0.5516801 0.5505489 0.5647290 0.5286603 0.5408046 0.4517498 0.5856978 0.5417492 0.5289438 0.5188662 0.5109958 0.6349215 0.5101516 0.5449914 0.5874557 0.5898182 0.5223089 0.6182175 0.6471125 0.5733843 0.5733843 0.6057394 0.6597064 0.7532648 0.5844215 0.7837597 0.8141531 0.6966294 0.7938596 0.7926431 0.7676950 0.7589953 0.6847167 0.6140459 0.8163499 0.8215778 0.7509300 0.5956764 0.6026588 0.7541754 0.7460079 0.6314918 0.6314918 0.7724544 0.7670829 0.7666683 0.6394089 1.0386556 1.0471370 0.9065200 0.6880266 0.9059860 0.7486903 0.7049003 0.6975103 0.7058477 0.7040825 0.7068031 0.6849615 0.6845965 0.6776167 1.0252375 
Spolac_c99660_g1_i2_m.20265c39806-g1               0.4545932 0.4641176 0.4641176 0.4790509 0.0000000 0.0144119 0.0449469 0.3031229 0.3022978 0.3393926 0.3083596 0.3620705 0.4569615 0.4569615 0.4866395 0.4617804 0.4637303 0.5418616 0.5408008 0.5268649 0.5114938 0.6002394 0.6397169 0.5910978 0.6275423 0.6417904 0.5886872 0.5491735 0.5374547 0.5479596 0.5149804 0.5145100 0.5694454 0.5853350 0.5853350 0.7026307 0.5845682 0.6009866 0.6174167 0.5789994 0.6161676 0.5057563 0.6148084 0.6005969 0.6306820 0.6733654 0.5711495 0.6125873 0.7148132 0.6597554 0.6793257 0.6756015 0.6756015 0.6743469 0.6923077 0.8098064 0.8098064 0.7755312 0.7097626 0.7097626 0.7430075 1.1535209 1.1824087 0.7660566 0.7873839 0.7659181 0.5850863 0.6573363 0.6733292 0.6733292 0.6868591 0.6666550 0.6503126 0.6503126 0.4070547 0.9412295 
Spolac_c99660_g1_i3_m.20266c39806-g1               0.5023766 0.4468509 0.4468509 0.4565471 0.0144119 0.0000000 0.0294432 0.3037523 0.3502196 0.3027665 0.2966674 0.3707809 0.5589617 0.5561044 0.5389485 0.5028492 0.5194402 0.5776162 0.4904391 0.4918039 0.5051364 0.5407716 0.5561972 0.5318576 0.5281941 0.5408653 0.5236054 0.5543163 0.5439130 0.5201962 0.5198416 0.5867116 0.6308245 0.6347854 0.6347854 0.6962289 0.6468584 0.6583681 0.6174167 0.6391235 0.6279730 0.6550373 0.7200955 0.7159398 0.8132874 0.7664012 0.7851874 0.7850717 0.7931854 0.7985752 0.7477083 0.7230348 0.7230348 0.7303514 0.7170271 0.7490063 0.7490063 0.7982769 0.7465770 0.7427812 0.7336708 1.1644274 1.1764295 0.8946906 0.7875189 0.8906063 0.6973302 0.7045681 0.7379410 0.7405705 0.7390109 0.7264221 0.7113184 0.7113184 0.2868032 0.9012513 
Emue_Em0015g744a.t1                                0.5366221 0.4374865 0.5131135 0.5049457 0.0449469 0.0294432 0.0000000 0.2972276 0.3778465 0.4187386 0.3350857 0.3491248 0.5704248 0.5689263 0.5890590 0.5930181 0.6073469 0.6145583 0.6123202 0.5489534 0.5932377 0.5450510 0.5535218 0.5294460 0.5708896 0.5957020 0.5527023 0.5290207 0.5665469 0.5918148 0.5649910 0.7035486 0.6100966 0.6038475 0.6038475 0.6193472 0.6472424 0.7126979 0.7041844 0.7340020 0.7348531 0.6873960 0.7038762 0.7408226 0.7712786 0.7742382 0.7629476 0.7041531 0.7802794 0.7779900 0.7370818 0.6330295 0.6625464 0.7078372 0.7294953 0.6867643 0.6867643 0.7377406 0.7337485 0.7346029 0.6665971 1.0043214 1.0445860 0.8624037 0.7388558 0.9084185 0.6951989 0.7014190 0.7088905 0.7172773 0.7240818 0.7152869 0.6986944 0.6986944 0.0874093 0.8823658 
Tetwil_g6955.t2                                    0.5807044 0.4281891 0.5669188 0.5251274 0.3031229 0.3037523 0.2972276 0.0000000 0.3207274 0.2896128 0.3466699 0.3542165 0.6105753 0.6096799 0.6194619 0.6323735 0.6461141 0.5756541 0.6522255 0.5261802 0.6359118 0.5669663 0.5723113 0.5528702 0.5241587 0.5639252 0.5748624 0.5708769 0.6032706 0.5987874 0.5490577 0.7785429 0.6592057 0.6429354 0.6429354 0.6576152 0.7283643 0.7548656 0.6218882 0.8461615 0.8283705 0.6871072 0.8179479 0.8007075 0.8451297 0.8356342 0.7340859 0.6413021 0.8407621 0.8150014 0.8122818 0.6228089 0.6454253 0.7838780 0.7639396 0.7051775 0.7051775 0.8065663 0.8070739 0.8053999 0.6521272 1.0042904 1.0723210 0.9429633 0.7538295 0.8979371 0.7947006 0.7280483 0.7272116 0.7363575 0.7474079 0.7397292 0.7311063 0.7318713 0.4974698 0.9179090 
Plespi_Pspi_scaffold20527_01                       0.4093373 0.3312594 0.3954384 0.4006887 0.3022978 0.3502196 0.3778465 0.3207274 0.0000000 0.3018033 0.3212799 0.3469881 0.4352550 0.4328664 0.4553388 0.4837628 0.4889091 0.5068022 0.4804596 0.3861373 0.4473316 0.4480050 0.4421018 0.4373300 0.4263477 0.4418532 0.4141478 0.4207033 0.4266259 0.4616777 0.4433310 0.4501571 0.5355312 0.4810860 0.4810860 0.5186668 0.5733416 0.5793174 0.6451978 0.6555746 0.6652777 0.5456067 0.6438941 0.6369505 0.6401371 0.6705979 0.6705151 0.5653105 0.6869751 0.6383339 0.6534342 0.5663405 0.5663405 0.6336941 0.6346890 0.6042138 0.6042138 0.6207441 0.6367742 0.6368913 0.5999991 0.8993797 0.9332234 0.7568222 0.6427233 0.7898356 0.5472688 0.6002694 0.6034549 0.6031410 0.6192517 0.6151150 0.6023293 0.6023293 0.6095264 0.8175168 
Xestes_maker-XT_scaffold85870-snap-gene-0.3-mRNA-1 0.5216179 0.3607939 0.5471375 0.4892479 0.3393926 0.3027665 0.4187386 0.2896128 0.3018033 0.0000000 0.1515065 0.2001118 0.5955809 0.5955809 0.5794290 0.5444630 0.5620148 0.5452183 0.6305272 0.3807785 0.5298613 0.5545000 0.5542040 0.5347954 0.5639442 0.5608153 0.5232129 0.5040782 0.5134130 0.5231473 0.5406844 0.4767221 0.7148201 0.5673501 0.5673501 0.6201815 0.6602043 0.5970363 0.5596974 0.6316143 0.6030146 0.5945711 0.7080367 0.6680523 0.7560287 0.7424686 0.7158130 0.5211184 0.7553136 0.7248632 0.7411443 0.5455258 0.5455258 0.7524242 0.7370171 0.6671750 0.6671750 0.7183338 0.7467363 0.7428684 0.5497166 1.0094363 1.0305414 0.8606710 0.7224505 0.9176689 0.6353830 0.7220827 0.7162000 0.7066441 0.7207173 0.7077231 0.7041708 0.7041708 0.6986832 0.8893824 
Halamb_c55952_g1_i1m.42139                         0.5842954 0.4442010 0.5273000 0.5402020 0.3083596 0.2966674 0.3350857 0.3466699 0.3212799 0.1515065 0.0000000 0.1516733 0.5847008 0.5849277 0.6014972 0.5872154 0.5868657 0.5904182 0.5925517 0.5230262 0.5977077 0.5529265 0.5602197 0.5325985 0.5695984 0.7259905 0.5547015 0.5582454 0.5889076 0.5904064 0.5336286 0.6551837 0.6504324 0.6293106 0.6293106 0.6210988 0.7027005 0.9155587 0.5829959 0.7853406 0.7771817 0.7206577 0.7846560 0.7742321 0.8110483 0.7909865 0.7410018 0.6661403 0.8113015 0.8323904 0.7616859 0.6066370 0.6276128 0.7598656 0.7714904 0.6789565 0.6789565 0.7938088 0.7932160 0.7943878 0.6696402 1.0846979 1.1001707 0.9470302 0.7608316 0.9558432 0.9115334 0.7581434 0.7451778 0.7537528 0.7589283 0.7564520 0.7429502 0.7455582 0.4603216 0.9639057 
Aque_Aqu2.1.29852_001                              0.6201108 0.4550138 0.5937473 0.5877240 0.3620705 0.3707809 0.3491248 0.3542165 0.3469881 0.2001118 0.1516733 0.0000000 0.6222596 0.6197132 0.6637094 0.6436523 0.6543769 0.6512196 0.6423612 0.5584857 0.6627133 0.6164800 0.6210333 0.5976288 0.6061713 0.7623707 0.6211543 0.5963464 0.6241408 0.6508738 0.5654539 0.7110458 0.6968502 0.6527111 0.6527111 0.6607913 0.7323496 0.8544578 0.6421645 0.8674734 0.8403861 0.7338160 0.8058133 0.8202978 0.8436334 0.8410964 0.7471337 0.6954055 0.8543797 0.8519748 0.8052581 0.6286388 0.6387110 0.7986840 0.7809443 0.7252212 0.7252212 0.8115281 0.8216889 0.8156551 0.6868003 1.1165451 1.1317459 0.9773879 0.7914055 0.9718885 0.8351857 0.7951262 0.7959907 0.8023445 0.8148293 0.8108142 0.7940566 0.7966916 0.5117640 1.0209006 
Spur_XM_030992114.1                                0.4696488 0.4022680 0.5558510 0.5458278 0.4569615 0.5589617 0.5704248 0.6105753 0.4352550 0.5955809 0.5847008 0.6222596 0.0000000 0.0026217 0.3704960 0.6764030 0.6881726 0.5022282 0.6912614 0.4550357 0.6025821 0.5955526 0.5306112 0.5810356 0.4926368 0.6888531 0.5386459 0.5974240 0.5977124 0.8653118 0.5541946 0.6369610 0.5567911 0.5377526 0.5528922 0.5475919 0.6710922 0.8859976 0.6049513 0.8401803 0.8056665 0.7130560 0.7403156 0.7760134 1.1211171 1.1350492 0.6908619 0.6068130 0.7802778 0.8000216 0.8122305 0.5459955 0.5780755 0.6860219 0.7143147 0.6023009 0.6023009 0.7388945 0.8241258 0.6720450 0.6047755 1.4119544 1.2899359 0.9139817 0.6937337 0.8757563 0.8256211 0.6778039 0.6511561 0.7250240 0.7322510 0.7326246 0.6776862 0.7141096 0.9087022 1.3050063 
Spur_XM_030975036.1                                0.4692799 0.4010038 0.5562650 0.5483960 0.4569615 0.5561044 0.5689263 0.6096799 0.4328664 0.5955809 0.5849277 0.6197132 0.0026217 0.0000000 0.3694261 0.6757336 0.6874880 0.5010244 0.6907656 0.4531118 0.6027267 0.5963228 0.5302683 0.5795119 0.4940714 0.6875714 0.5387000 0.5976983 0.5966270 0.8639664 0.5517213 0.6369610 0.5567139 0.5369174 0.5520653 0.5482075 0.6735859 0.8868675 0.6049513 0.8440553 0.8048335 0.7136128 0.7403724 0.7758227 1.1203965 1.1368861 0.6891374 0.6042989 0.7817269 0.7996630 0.8136458 0.5447100 0.5766190 0.6875958 0.7136528 0.6006377 0.6006377 0.7389877 0.8245348 0.6733791 0.6026142 1.4119034 1.2887148 0.9135408 0.6914584 0.8780955 0.8224014 0.6789039 0.6518572 0.7257627 0.7332216 0.7335958 0.6789049 0.7153065 0.9100324 1.3043303 
Skow_XM_006817118.1                                0.4366812 0.4104811 0.5520417 0.5516801 0.4866395 0.5389485 0.5890590 0.6194619 0.4553388 0.5794290 0.6014972 0.6637094 0.3704960 0.3694261 0.0000000 0.6345489 0.6492126 0.5284584 0.6557088 0.4725234 0.5881353 0.5532658 0.5028052 0.5310756 0.4599110 0.6334085 0.5012981 0.5800109 0.5874254 0.8659555 0.5464181 0.6043879 0.5165615 0.5154912 0.5309404 0.5378860 0.6455851 0.8909892 0.5998024 0.8634847 0.8174828 0.7336631 0.7541759 0.7924980 1.1611760 1.1591779 0.7002761 0.6307857 0.8025846 0.8477771 0.8093382 0.5687898 0.5867579 0.6949924 0.7220703 0.6161292 0.6161292 0.7433129 0.7823817 0.6700040 0.6087779 1.4270202 1.2750153 0.9162122 0.6921846 0.8951649 0.8439791 0.6764053 0.6554155 0.7154524 0.7157756 0.7178042 0.6715560 0.7082266 0.8990535 1.2967683 
Rhoesc_Res_006593-T1                               0.6342798 0.4665153 0.5599819 0.5505489 0.4617804 0.5028492 0.5930181 0.6323735 0.4837628 0.5444630 0.5872154 0.6436523 0.6764030 0.6757336 0.6345489 0.0000000 0.0521616 0.1272786 0.1985009 0.2276713 0.3680883 0.4372772 0.3664808 0.4225524 0.3489980 0.5393648 0.4031682 0.4631486 0.4767919 0.8565220 0.6090517 0.7125739 0.7209372 0.7039300 0.7232050 0.7508844 0.8368584 0.9173253 0.6210991 0.8284775 0.8361267 0.7084926 0.7464329 0.8302065 1.1343451 1.1517206 0.7684615 0.6912793 0.7905743 0.8343717 0.8331332 0.5697011 0.5813495 0.7086966 0.7382111 0.6118107 0.6118107 0.7572757 0.8383210 0.6878482 0.6485608 1.4229681 1.2760440 0.8996598 0.7497613 0.9409996 0.6151776 0.6666607 0.6632724 0.7420910 0.7369166 0.7379364 0.6861362 0.7318622 0.8950187 1.3374483 
Nemnom_g13644.t1                                   0.6361011 0.4796587 0.5683464 0.5647290 0.4637303 0.5194402 0.6073469 0.6461141 0.4889091 0.5620148 0.5868657 0.6543769 0.6881726 0.6874880 0.6492126 0.0521616 0.0000000 0.1318984 0.2044018 0.2448158 0.3749453 0.4460061 0.3784077 0.4311598 0.3551051 0.5413355 0.4081025 0.4696863 0.4806064 0.8604454 0.6222947 0.7279217 0.7307095 0.7101115 0.7293958 0.7581651 0.8467082 0.9260453 0.6354762 0.8523800 0.8313945 0.7185914 0.7606508 0.8336201 1.1416800 1.1624763 0.7689513 0.6957582 0.7892473 0.8444127 0.8478218 0.5777404 0.5969020 0.7087183 0.7363560 0.6227375 0.6227375 0.7581451 0.8567742 0.6980387 0.6530582 1.4383321 1.2924591 0.9181227 0.7630627 0.9521462 0.6273466 0.6812938 0.6732825 0.7534849 0.7473900 0.7489437 0.6920878 0.7413467 0.9009339 1.3527721 
Aaur_scaffold436.g17.t1                            0.5125897 0.5087615 0.5435072 0.5286603 0.5418616 0.5776162 0.6145583 0.5756541 0.5068022 0.5452183 0.5904182 0.6512196 0.5022282 0.5010244 0.5284584 0.1272786 0.1318984 0.0000000 0.1548833 0.2540567 0.3147475 0.3166866 0.3197655 0.2942960 0.3162782 0.3112628 0.3411295 0.3518007 0.3892084 0.6318370 0.6515217 0.6043522 0.5953682 0.5236899 0.5236899 0.5856146 0.6371739 0.7333830 0.6709529 0.7597013 0.7992706 0.7191986 0.7369888 0.8449183 0.8507060 0.8163785 0.8129455 0.7509331 0.8651278 0.8313631 0.7358324 0.6483895 0.6785269 0.7309466 0.7209080 0.6870351 0.6870351 0.7409690 0.7029303 0.7036948 0.7152873 1.0310750 1.0625338 0.9194897 0.7807062 0.9677172 0.4164498 0.6459167 0.6538088 0.6612340 0.6480809 0.6417057 0.6556013 0.6556013 0.8623637 0.8802672 
Sanmal_Sma_019300-T1                               0.6427353 0.4519583 0.5433905 0.5408046 0.5408008 0.4904391 0.6123202 0.6522255 0.4804596 0.6305272 0.5925517 0.6423612 0.6912614 0.6907656 0.6557088 0.1985009 0.2044018 0.1548833 0.0000000 0.2408719 0.3663459 0.4356967 0.3796624 0.4254746 0.3656831 0.5277873 0.4042773 0.4587336 0.4792993 0.8655804 0.6204331 0.7532152 0.7448604 0.6961798 0.7080953 0.7393531 0.8303595 0.9117418 0.6685953 0.8353391 0.8785373 0.7137862 0.7504004 0.8217856 1.1343909 1.1453129 0.7641615 0.6609403 0.7733274 0.8630798 0.8503987 0.5697932 0.5946923 0.7257875 0.7515786 0.5872376 0.5872376 0.7637583 0.8505921 0.6945236 0.6430531 1.4282739 1.2696413 0.9150396 0.7607082 0.9487370 0.6252038 0.6841744 0.6840011 0.7616204 0.7554959 0.7552510 0.7037337 0.7443255 0.9024705 1.3545725 
Morvir_scaffold32.g49.t1                           0.4246174 0.4453931 0.4778960 0.4517498 0.5268649 0.4918039 0.5489534 0.5261802 0.3861373 0.3807785 0.5230262 0.5584857 0.4550357 0.4531118 0.4725234 0.2276713 0.2448158 0.2540567 0.2408719 0.0000000 0.2689050 0.2900005 0.2803628 0.2805101 0.2707063 0.2809319 0.2968412 0.3094310 0.3382896 0.5431715 0.5443101 0.4744156 0.5367783 0.4502199 0.4502199 0.4913033 0.5511898 0.6473789 0.6934896 0.6201498 0.6205667 0.6360137 0.6986557 0.7474281 0.7196624 0.6927186 0.7205592 0.6691816 0.7420335 0.7327235 0.6382302 0.5758865 0.5940158 0.6096311 0.6102955 0.5994644 0.5994644 0.6041171 0.6007964 0.5982963 0.6229927 0.9867004 1.0123168 0.8342938 0.7587454 0.8861142 0.3792906 0.5650030 0.5629850 0.5643360 0.5674450 0.5645492 0.5772545 0.5772545 0.7227420 0.7922642 
Chem_TCONS_00024281                                0.5626969 0.4783269 0.5571314 0.5856978 0.5114938 0.5051364 0.5932377 0.6359118 0.4473316 0.5298613 0.5977077 0.6627133 0.6025821 0.6027267 0.5881353 0.3680883 0.3749453 0.3147475 0.3663459 0.2689050 0.0000000 0.4244504 0.4066509 0.4048199 0.3611116 0.5178126 0.4248309 0.4333372 0.4536020 0.7657292 0.5838954 0.7448297 0.6867621 0.6393394 0.6393394 0.6534450 0.7246983 0.8918070 0.6231346 0.8407223 0.8233097 0.6976889 0.7619625 0.8214362 1.0019251 0.9878496 0.7402578 0.7147704 0.7812242 0.8609321 0.7747527 0.6118297 0.6099449 0.7131570 0.7415500 0.6481970 0.6481970 0.7375967 0.7767859 0.6737042 0.6630175 1.2310430 1.2610953 0.9180935 0.7660927 0.9439341 0.4775010 0.7278106 0.7208098 0.7421417 0.7383053 0.7377600 0.7202964 0.7216793 0.8223064 1.1558801 
Spis_XP_022781464_1                                0.5505918 0.4322236 0.5264138 0.5417492 0.6002394 0.5407716 0.5450510 0.5669663 0.4480050 0.5545000 0.5529265 0.6164800 0.5955526 0.5963228 0.5532658 0.4372772 0.4460061 0.3166866 0.4356967 0.2900005 0.4244504 0.0000000 0.0582286 0.0588542 0.0696866 0.1269745 0.1961130 0.3306648 0.3545297 0.8018185 0.5403093 0.6688481 0.6455362 0.6236479 0.6373130 0.6637071 0.7582927 0.8541730 0.6653274 0.8117370 0.7546315 0.6733688 0.7335244 0.7626828 1.1180813 1.1218249 0.7173528 0.6595648 0.7791759 0.8220218 0.8036062 0.5668571 0.5948920 0.7152601 0.7255691 0.5717532 0.5717532 0.7361835 0.7987126 0.6900847 0.6318962 1.4017125 1.2835523 0.9117386 0.7730290 0.9332039 0.7002684 0.6540556 0.6420798 0.6844779 0.6818756 0.6825363 0.6490940 0.6811380 0.8391751 1.3495173 
Gasp_gasp1.m3.21421.m1                             0.5074675 0.4286581 0.5192367 0.5289438 0.6397169 0.5561972 0.5535218 0.5723113 0.4421018 0.5542040 0.5602197 0.6210333 0.5306112 0.5302683 0.5028052 0.3664808 0.3784077 0.3197655 0.3796624 0.2803628 0.4066509 0.0582286 0.0000000 0.0386619 0.0609097 0.1150541 0.1980285 0.2751643 0.3000834 0.6480618 0.5369082 0.6632318 0.6237574 0.5818402 0.5818402 0.6040534 0.6509030 0.8322558 0.6459419 0.8123357 0.7655556 0.6626941 0.7273773 0.7510201 0.8796071 0.8776192 0.7053450 0.6593982 0.7763176 0.8183540 0.7245935 0.5513132 0.5794362 0.7186691 0.7109407 0.5559876 0.5559876 0.7293593 0.7335053 0.6847622 0.6241803 1.1184372 1.1418207 0.9065900 0.7461927 0.9184273 0.6833621 0.6410105 0.6402302 0.6437517 0.6457438 0.6442866 0.6363767 0.6375705 0.7305601 1.0708959 
Fspp_ffun1.m4.6206.m1                              0.5365592 0.4236133 0.5154136 0.5188662 0.5910978 0.5318576 0.5294460 0.5528702 0.4373300 0.5347954 0.5325985 0.5976288 0.5810356 0.5795119 0.5310756 0.4225524 0.4311598 0.2942960 0.4254746 0.2805101 0.4048199 0.0588542 0.0386619 0.0000000 0.0570192 0.1074771 0.1854031 0.3202312 0.3430339 0.7792165 0.5268813 0.6698268 0.6352254 0.6088572 0.6264977 0.6484249 0.7349351 0.8267148 0.6486012 0.8076179 0.7461852 0.6527726 0.7103689 0.7417640 1.0813152 1.0937780 0.7084778 0.6456416 0.7682864 0.7999686 0.7867431 0.5518244 0.5798996 0.7077668 0.7126228 0.5614758 0.5614758 0.7257555 0.7738165 0.6741722 0.6188736 1.3773602 1.2645192 0.8866714 0.7374914 0.9140088 0.6773131 0.6357776 0.6286126 0.6681651 0.6687419 0.6693993 0.6293172 0.6608807 0.8132911 1.3119674 
Amil_Amillepora22267-RA                            0.4863789 0.4123463 0.5280605 0.5109958 0.6275423 0.5281941 0.5708896 0.5241587 0.4263477 0.5639442 0.5695984 0.6061713 0.4926368 0.4940714 0.4599110 0.3489980 0.3551051 0.3162782 0.3656831 0.2707063 0.3611116 0.0696866 0.0609097 0.0570192 0.0000000 0.0893980 0.2049619 0.2707440 0.3035783 0.5882556 0.5427292 0.6827124 0.5334306 0.5005576 0.5005576 0.5656138 0.5717287 0.6662518 0.6243899 0.7603169 0.7594682 0.6622801 0.7202960 0.7268004 0.7931240 0.7685196 0.7106752 0.6182126 0.7921402 0.7703550 0.7045887 0.5288769 0.5495091 0.7038451 0.7333089 0.5343003 0.5343003 0.7195348 0.7090753 0.7114010 0.6062862 0.9833366 1.0216441 0.9087635 0.7365980 0.9413149 0.4771373 0.6384639 0.6346201 0.6395853 0.6424494 0.6386731 0.6333810 0.6333810 0.7308218 0.9173627 
Adig_XM_015903213.1                                0.6420656 0.4290392 0.6610998 0.6349215 0.6417904 0.5408653 0.5957020 0.5639252 0.4418532 0.5608153 0.7259905 0.7623707 0.6888531 0.6875714 0.6334085 0.5393648 0.5413355 0.3112628 0.5277873 0.2809319 0.5178126 0.1269745 0.1150541 0.1074771 0.0893980 0.0000000 0.2617170 0.4105129 0.4453059 0.9092693 0.5844514 0.6937412 0.7403012 0.6969018 0.7104615 0.7472035 0.8650490 0.8831080 0.6466881 1.0708153 1.0681146 0.7975818 0.8712749 0.9274878 1.2824602 1.2965090 0.7504865 0.6587060 0.9244801 0.9305809 0.9092151 0.5436720 0.5691294 0.8758320 0.7818972 0.5499010 0.5499010 0.8650643 0.8829643 0.8022050 0.6192830 1.6437603 1.4960290 1.0803066 0.7624424 1.0650467 0.6266771 0.7397539 0.7270496 0.7664543 0.7633490 0.7650678 0.7214993 0.7553744 0.9651815 1.5005308 
Nvec_v1g245829                                     0.5065361 0.4259269 0.5227709 0.5101516 0.5886872 0.5236054 0.5527023 0.5748624 0.4141478 0.5232129 0.5547015 0.6211543 0.5386459 0.5387000 0.5012981 0.4031682 0.4081025 0.3411295 0.4042773 0.2968412 0.4248309 0.1961130 0.1980285 0.1854031 0.2049619 0.2617170 0.0000000 0.3027889 0.3350693 0.7635555 0.5310340 0.6919823 0.6327858 0.5860405 0.5869331 0.6016390 0.6833810 0.8658522 0.6648505 0.8259520 0.8037388 0.6941594 0.7284077 0.7698834 1.0379548 1.0295428 0.7264942 0.6363242 0.7740631 0.8201655 0.7266536 0.5209120 0.5579788 0.6983838 0.6768443 0.5241361 0.5241361 0.7335589 0.7312111 0.6655301 0.6095668 1.2906452 1.2383138 0.8843404 0.7141275 0.9379272 0.6936091 0.6481461 0.6397191 0.6454595 0.6470726 0.6464590 0.6302532 0.6300327 0.7741740 1.2327657 
Dgig_XM_028540957.1                                0.5605278 0.4598031 0.5364661 0.5449914 0.5491735 0.5543163 0.5290207 0.5708769 0.4207033 0.5040782 0.5582454 0.5963464 0.5974240 0.5976983 0.5800109 0.4631486 0.4696863 0.3518007 0.4587336 0.3094310 0.4333372 0.3306648 0.2751643 0.3202312 0.2707440 0.4105129 0.3027889 0.0000000 0.1119978 0.8317791 0.5627539 0.6821471 0.6407348 0.6368198 0.6501468 0.6709088 0.7567257 0.8407863 0.6475063 0.8044879 0.7715936 0.6731764 0.7224808 0.7442846 1.1003725 1.1026436 0.7131406 0.6382735 0.7437217 0.7860787 0.8039065 0.5258153 0.5486842 0.6926409 0.6763311 0.5396290 0.5396290 0.7205944 0.8022876 0.6598481 0.5858336 1.4020005 1.2725155 0.8868266 0.7400797 0.8883310 0.6676665 0.6451343 0.6330923 0.6922862 0.6881208 0.6889997 0.6454052 0.6811910 0.8570947 1.3332893 
Xesp_004866-T1                                     0.5845860 0.4668098 0.5740940 0.5874557 0.5374547 0.5439130 0.5665469 0.6032706 0.4266259 0.5134130 0.5889076 0.6241408 0.5977124 0.5966270 0.5874254 0.4767919 0.4806064 0.3892084 0.4792993 0.3382896 0.4536020 0.3545297 0.3000834 0.3430339 0.3035783 0.4453059 0.3350693 0.1119978 0.0000000 0.8460713 0.5920078 0.7141137 0.6821942 0.6628424 0.6628424 0.6820989 0.7494223 0.8729051 0.6647847 0.8192623 0.7827996 0.6944812 0.7541138 0.7750216 1.0846602 1.0658758 0.7545821 0.6877824 0.7536943 0.8374289 0.8263574 0.5636368 0.5688730 0.7300088 0.7250178 0.5854459 0.5854459 0.7671652 0.8216610 0.6819045 0.6065151 1.3548256 1.2839506 0.9240828 0.7473686 0.9377365 0.7140039 0.6658452 0.6530262 0.7066828 0.6996769 0.7006377 0.6690400 0.6927857 0.8658507 1.3074095 
Lcom_lcpid1561                                     0.8531156 0.4502492 0.5621445 0.5898182 0.5479596 0.5201962 0.5918148 0.5987874 0.4616777 0.5231473 0.5904064 0.6508738 0.8653118 0.8639664 0.8659555 0.8565220 0.8604454 0.6318370 0.8655804 0.5431715 0.7657292 0.8018185 0.6480618 0.7792165 0.5882556 0.9092693 0.7635555 0.8317791 0.8460713 0.0000000 0.1514105 0.2524346 0.9022240 0.8934573 0.9080613 0.9317562 1.0100364 0.9525598 0.6523789 0.8481529 0.8210547 0.7683152 0.8178106 0.8449105 1.2134453 1.1932078 0.7510441 0.6505430 0.8066544 0.9126715 1.0333048 0.6399241 0.6460624 0.8045109 0.8153660 0.6912514 0.6912514 0.8438354 1.0347027 0.7605862 0.6530815 1.4996332 1.4110897 0.9509981 0.7376517 0.9576236 0.9528085 0.8450410 0.8116848 0.9779436 0.9728810 0.9722456 0.9346135 0.9720963 1.0078136 1.4587431 
Gracom_Gcom_scaffold17801_01                       0.5866153 0.4472027 0.5235372 0.5223089 0.5149804 0.5198416 0.5649910 0.5490577 0.4433310 0.5406844 0.5336286 0.5654539 0.5541946 0.5517213 0.5464181 0.6090517 0.6222947 0.6515217 0.6204331 0.5443101 0.5838954 0.5403093 0.5369082 0.5268813 0.5427292 0.5844514 0.5310340 0.5627539 0.5920078 0.1514105 0.0000000 0.2263433 0.6282440 0.5917675 0.5917675 0.6389636 0.6684717 0.7321163 0.5856951 0.7258192 0.7513351 0.7195371 0.7610266 0.7627169 0.7454017 0.7258265 0.7323850 0.6423273 0.7754571 0.7978725 0.7463991 0.6659664 0.6722459 0.7400965 0.7544921 0.7018309 0.7018309 0.7396781 0.7369275 0.7364954 0.6610174 1.0014584 1.0205080 0.8544804 0.7438158 0.8794185 0.7549771 0.6828825 0.6798811 0.6946045 0.6978456 0.6920110 0.6760862 0.6760862 0.7038652 0.9065311 
Leuniv_Lniv_C801922_01                             0.6545425 0.4506180 0.6798729 0.6182175 0.5145100 0.5867116 0.7035486 0.7785429 0.4501571 0.4767221 0.6551837 0.7110458 0.6369610 0.6369610 0.6043879 0.7125739 0.7279217 0.6043522 0.7532152 0.4744156 0.7448297 0.6688481 0.6632318 0.6698268 0.6827124 0.6937412 0.6919823 0.6821471 0.7141137 0.2524346 0.2263433 0.0000000 0.8884049 0.7093980 0.7093980 0.7977555 0.7148780 0.7509209 0.4908240 0.7612483 0.7171858 0.7262866 0.7833632 0.7156761 0.7321077 0.7346738 0.6555702 0.4662177 0.7074068 0.8545685 0.7537107 0.5790887 0.5790887 0.7576491 0.7378777 0.7726536 0.7726536 0.7522555 0.7323001 0.7377799 0.5642001 1.0905620 1.0721077 0.8168419 0.5830283 0.8037341 0.8672359 0.7886885 0.8285409 0.8107831 0.8011491 0.7921703 0.7636937 0.7636937 1.0782223 0.9864174 
Ctel_gnl_WGS_AMQN_CAPTEDRAFT_mRNA221643            0.5415144 0.5572371 0.6253697 0.6471125 0.5694454 0.6308245 0.6100966 0.6592057 0.5355312 0.7148201 0.6504324 0.6968502 0.5567911 0.5567139 0.5165615 0.7209372 0.7307095 0.5953682 0.7448604 0.5367783 0.6867621 0.6455362 0.6237574 0.6352254 0.5334306 0.7403012 0.6327858 0.6407348 0.6821942 0.9022240 0.6282440 0.8884049 0.0000000 0.3971071 0.3971071 0.4152046 0.7310165 0.9357487 0.7006055 0.9445418 0.8424882 0.7527899 0.8187675 0.8116977 1.1275277 1.1098316 0.7379242 0.6861939 0.8109098 0.8699669 0.8890252 0.5991263 0.6060637 0.7402418 0.7562477 0.6561664 0.6561664 0.8034391 0.8807192 0.7361212 0.6403937 1.3817235 1.3320065 0.9366181 0.7541361 0.9203550 0.9029383 0.7766255 0.7632646 0.7996694 0.8020503 0.8029703 0.7883848 0.7967090 0.9355745 1.2824252 
Acagra_model.g14549.t1.1.5d3b87c0                  0.5152290 0.4740766 0.5779498 0.5733843 0.5853350 0.6347854 0.6038475 0.6429354 0.4810860 0.5673501 0.6293106 0.6527111 0.5377526 0.5369174 0.5154912 0.7039300 0.7101115 0.5236899 0.6961798 0.4502199 0.6393394 0.6236479 0.5818402 0.6088572 0.5005576 0.6969018 0.5860405 0.6368198 0.6628424 0.8934573 0.5917675 0.7093980 0.3971071 0.0000000 0.0000010 0.3274760 0.7030410 0.8688389 0.6185474 0.8292086 0.7840949 0.6881305 0.7759597 0.7648175 1.1390583 1.0752407 0.6764495 0.6536003 0.7864862 0.8404187 0.8554477 0.5582451 0.5701887 0.6822414 0.7263062 0.6294802 0.6294802 0.7440677 0.8489916 0.6789635 0.6043074 1.3607791 1.3301229 0.8913958 0.7163273 0.8808448 0.8163602 0.7492130 0.7319181 0.7904581 0.7936234 0.7948183 0.7534920 0.7720946 0.9307669 1.2474311 
Acagra_model.g14549.t1                             0.5282725 0.4740766 0.5779498 0.5733843 0.5853350 0.6347854 0.6038475 0.6429354 0.4810860 0.5673501 0.6293106 0.6527111 0.5528922 0.5520653 0.5309404 0.7232050 0.7293958 0.5236899 0.7080953 0.4502199 0.6393394 0.6373130 0.5818402 0.6264977 0.5005576 0.7104615 0.5869331 0.6501468 0.6628424 0.9080613 0.5917675 0.7093980 0.3971071 0.0000010 0.0000000 0.3347089 0.7254393 0.8688389 0.6185474 0.8292086 0.7840949 0.6881305 0.7759597 0.7648175 1.1603427 1.1149573 0.6764495 0.6536003 0.7864862 0.8404187 0.8761887 0.5582451 0.5701887 0.6822414 0.7263062 0.6294802 0.6294802 0.7440677 0.8656594 0.6789635 0.6043074 1.4093181 1.3301229 0.8913958 0.7163273 0.8808448 0.8163602 0.7492130 0.7319181 0.8074688 0.8101708 0.8113720 0.7534920 0.7893240 0.9480880 1.2913300 
Cgig_XM_034443049.1                                0.5236764 0.5012541 0.6096953 0.6057394 0.7026307 0.6962289 0.6193472 0.6576152 0.5186668 0.6201815 0.6210988 0.6607913 0.5475919 0.5482075 0.5378860 0.7508844 0.7581651 0.5856146 0.7393531 0.4913033 0.6534450 0.6637071 0.6040534 0.6484249 0.5656138 0.7472035 0.6016390 0.6709088 0.6820989 0.9317562 0.6389636 0.7977555 0.4152046 0.3274760 0.3347089 0.0000000 0.7465550 0.9049742 0.6064480 0.8890031 0.8224867 0.7358526 0.8008416 0.7999848 1.1845723 1.1868882 0.7265800 0.6644528 0.7999989 0.8704710 0.9141437 0.5770241 0.5908448 0.7333024 0.7602153 0.6788003 0.6788003 0.7920658 0.8883569 0.7148302 0.6522744 1.4287979 1.3272434 0.9097126 0.7055257 0.9157013 0.8834025 0.7762033 0.7652805 0.8395577 0.8329786 0.8344373 0.7878051 0.8284049 0.9519783 1.3283698 
Hsap_ENST00000673944                               0.6353836 0.4814260 0.6542431 0.6597064 0.5845682 0.6468584 0.6472424 0.7283643 0.5733416 0.6602043 0.7027005 0.7323496 0.6710922 0.6735859 0.6455851 0.8368584 0.8467082 0.6371739 0.8303595 0.5511898 0.7246983 0.7582927 0.6509030 0.7349351 0.5717287 0.8650490 0.6833810 0.7567257 0.7494223 1.0100364 0.6684717 0.7148780 0.7310165 0.7030410 0.7254393 0.7465550 0.0000000 0.9378895 0.6940213 0.8879246 0.8838982 0.7745629 0.7954613 0.8718037 1.3200172 1.3044221 0.7784121 0.6648645 0.8421304 0.9321706 0.9385946 0.6104170 0.6315901 0.7728392 0.7772834 0.6543479 0.6543479 0.8186406 0.9436548 0.7427937 0.6655195 1.5136157 1.3604249 0.9814438 0.7464896 0.9342101 0.9237376 0.7866474 0.7646339 0.8877935 0.8873540 0.8876496 0.8156580 0.8796422 1.0368257 1.3415394 
Salmac_EP00052_Salpingoeca_macrocollata_P027258    0.8705770 0.5591837 0.8367918 0.7532648 0.6009866 0.6583681 0.7126979 0.7548656 0.5793174 0.5970363 0.9155587 0.8544578 0.8859976 0.8868675 0.8909892 0.9173253 0.9260453 0.7333830 0.9117418 0.6473789 0.8918070 0.8541730 0.8322558 0.8267148 0.6662518 0.8831080 0.8658522 0.8407863 0.8729051 0.9525598 0.7321163 0.7509209 0.9357487 0.8688389 0.8688389 0.9049742 0.9378895 0.0000000 0.2881032 0.6325692 0.6769630 0.6011276 0.6610290 0.7239963 0.6957467 0.7109367 0.5110163 0.4848364 0.7235493 0.6150372 1.0126740 0.6933848 0.6960873 1.0102523 0.8514566 0.7554486 0.7554486 0.9329386 1.0152383 1.0164482 0.7129604 0.9273920 0.9605884 0.8357438 0.5664595 0.6670970 1.0738371 0.9818212 0.9746096 0.9750194 0.9808206 0.9848352 0.9747756 0.9763818 1.0841373 1.2706872 
Salpun_EP00053_Salpingoeca_punica_P000247          0.6021379 0.4485471 0.6234523 0.5844215 0.6174167 0.6174167 0.7041844 0.6218882 0.6451978 0.5596974 0.5829959 0.6421645 0.6049513 0.6049513 0.5998024 0.6210991 0.6354762 0.6709529 0.6685953 0.6934896 0.6231346 0.6653274 0.6459419 0.6486012 0.6243899 0.6466881 0.6648505 0.6475063 0.6647847 0.6523789 0.5856951 0.4908240 0.7006055 0.6185474 0.6185474 0.6064480 0.6940213 0.2881032 0.0000000 0.3094954 0.3445562 0.3437032 0.4172886 0.5171116 0.4882638 0.4648853 0.4650640 0.3632693 0.5003272 0.4142653 0.7283190 0.5993450 0.5993450 0.7472493 0.7681470 1.1276672 1.1276672 0.7323355 0.7184199 0.7164311 0.6880973 0.7275364 0.6914564 0.5204540 0.5648674 0.5680094 0.7793575 0.7456332 0.7652452 0.7659893 0.7437806 0.7400877 0.7402711 0.7402711 0.9825199 0.8975519 
Mylflu_EP00047_Mylnosiga_fluctuans_P024498         0.8066698 0.5259157 0.7676752 0.7837597 0.5789994 0.6391235 0.7340020 0.8461615 0.6555746 0.6316143 0.7853406 0.8674734 0.8401803 0.8440553 0.8634847 0.8284775 0.8523800 0.7597013 0.8353391 0.6201498 0.8407223 0.8117370 0.8123357 0.8076179 0.7603169 1.0708153 0.8259520 0.8044879 0.8192623 0.8481529 0.7258192 0.7612483 0.9445418 0.8292086 0.8292086 0.8890031 0.8879246 0.6325692 0.3094954 0.0000000 0.4864183 0.4563459 0.5660383 0.5740241 0.6254289 0.5901678 0.5135175 0.4319400 0.6463881 0.5651565 1.0040941 0.7072406 0.7072406 0.9728356 0.9513011 0.7985064 0.7985064 1.0068683 1.0089641 1.0073065 0.7268152 0.8969454 0.9262590 0.7990955 0.5793815 0.7308704 1.1786372 0.9226416 0.9209240 0.9215157 0.9324386 0.9320797 0.9020503 0.9031362 0.9635963 1.1546913 
Salkve_EP00050_Salpingoeca_kvevrii_P003420         0.7758891 0.4693247 0.7976058 0.8141531 0.6161676 0.6279730 0.7348531 0.8283705 0.6652777 0.6030146 0.7771817 0.8403861 0.8056665 0.8048335 0.8174828 0.8361267 0.8313945 0.7992706 0.8785373 0.6205667 0.8233097 0.7546315 0.7655556 0.7461852 0.7594682 1.0681146 0.8037388 0.7715936 0.7827996 0.8210547 0.7513351 0.7171858 0.8424882 0.7840949 0.7840949 0.8224867 0.8838982 0.6769630 0.3445562 0.4864183 0.0000000 0.4614680 0.5384191 0.5421393 0.5584519 0.5413358 0.4840739 0.3335711 0.5872827 0.4763604 0.9776749 0.6304059 0.6304059 0.9584794 0.9609994 0.8069958 0.8069958 1.0099225 1.0127771 1.0065570 0.6626342 0.7738777 0.8174172 0.6816214 0.4473031 0.6681809 1.1981746 0.9389253 0.9389326 0.9395705 0.9443456 0.9434156 0.9051487 0.9108249 0.9644506 1.1788973 
Saldol_EP00054_Salpingoeca_dolichothecata_P026548  0.7077251 0.5613933 0.6933532 0.6966294 0.5057563 0.6550373 0.6873960 0.6871072 0.5456067 0.5945711 0.7206577 0.7338160 0.7130560 0.7136128 0.7336631 0.7084926 0.7185914 0.7191986 0.7137862 0.6360137 0.6976889 0.6733688 0.6626941 0.6527726 0.6622801 0.7975818 0.6941594 0.6731764 0.6944812 0.7683152 0.7195371 0.7262866 0.7527899 0.6881305 0.6881305 0.7358526 0.7745629 0.6011276 0.3437032 0.4563459 0.4614680 0.0000000 0.4795181 0.4877504 0.5157504 0.4992244 0.4386112 0.4354327 0.5251720 0.5125367 0.8664494 0.6910153 0.6858222 0.8543179 0.8648089 0.7371170 0.7371170 0.8866422 0.8654624 0.8662628 0.6990951 0.7447502 0.7573345 0.6621691 0.5548841 0.6591364 0.9340697 0.8049620 0.7993670 0.8005904 0.7966894 0.7979939 0.7940880 0.7987988 0.8540335 1.0454109 
Codhol_EP00042_Codosiga_hollandica_P040336         0.7444032 0.6514930 0.7589466 0.7938596 0.6148084 0.7200955 0.7038762 0.8179479 0.6438941 0.7080367 0.7846560 0.8058133 0.7403156 0.7403724 0.7541759 0.7464329 0.7606508 0.7369888 0.7504004 0.6986557 0.7619625 0.7335244 0.7273773 0.7103689 0.7202960 0.8712749 0.7284077 0.7224808 0.7541138 0.8178106 0.7610266 0.7833632 0.8187675 0.7759597 0.7759597 0.8008416 0.7954613 0.6610290 0.4172886 0.5660383 0.5384191 0.4795181 0.0000000 0.6255924 0.6259410 0.6157755 0.5568531 0.5581289 0.6025221 0.5940903 0.9194879 0.6937652 0.7103842 0.9281056 0.9101410 0.7343972 0.7343972 0.9181625 0.9039207 0.8975466 0.7455232 0.8513051 0.8597992 0.7279646 0.6145731 0.7593090 1.0064333 0.8423845 0.8381586 0.8469744 0.8359344 0.8375892 0.8368686 0.8382168 0.8846975 1.0874379 
Salinf_EP00049_Salpingoeca_infusionum_P009578      0.7819826 0.6548181 0.7480260 0.7926431 0.6005969 0.7159398 0.7408226 0.8007075 0.6369505 0.6680523 0.7742321 0.8202978 0.7760134 0.7758227 0.7924980 0.8302065 0.8336201 0.8449183 0.8217856 0.7474281 0.8214362 0.7626828 0.7510201 0.7417640 0.7268004 0.9274878 0.7698834 0.7442846 0.7750216 0.8449105 0.7627169 0.7156761 0.8116977 0.7648175 0.7648175 0.7999848 0.8718037 0.7239963 0.5171116 0.5740241 0.5421393 0.4877504 0.6255924 0.0000000 0.3501421 0.3346758 0.3565627 0.3729123 0.4181062 0.5668241 0.9445872 0.7609583 0.7698951 0.9410714 0.9560771 0.8467711 0.8467711 0.9752469 0.9628996 0.9627133 0.7761700 0.8163140 0.8272634 0.7348967 0.6437055 0.7362372 1.1089561 0.9247427 0.9233767 0.9287051 0.9284407 0.9279579 0.8955710 0.8993611 0.9247453 1.1022854 
Microa_EP00043_Microstomoeca_roanoka_P020170       1.1478045 0.6508863 0.7744878 0.7676950 0.6306820 0.8132874 0.7712786 0.8451297 0.6401371 0.7560287 0.8110483 0.8436334 1.1211171 1.1203965 1.1611760 1.1343451 1.1416800 0.8507060 1.1343909 0.7196624 1.0019251 1.1180813 0.8796071 1.0813152 0.7931240 1.2824602 1.0379548 1.1003725 1.0846602 1.2134453 0.7454017 0.7321077 1.1275277 1.1390583 1.1603427 1.1845723 1.3200172 0.6957467 0.4882638 0.6254289 0.5584519 0.5157504 0.6259410 0.3501421 0.0000000 0.2208555 0.3467742 0.3506835 0.4060744 0.6178194 1.2752966 0.7657540 0.7693490 0.9259093 0.9169018 0.8071105 0.8071105 0.9584526 1.2963558 0.9158663 0.7686254 1.1303101 1.0376548 0.7757511 0.6157854 0.7336247 1.1660435 1.0680125 1.0295182 1.2444026 1.2543562 1.2534981 1.1553195 1.2339970 1.3240129 1.6131218 
Sros_EGD79932                                      1.1287067 0.6439375 0.7743024 0.7589953 0.6733654 0.7664012 0.7742382 0.8356342 0.6705979 0.7424686 0.7909865 0.8410964 1.1350492 1.1368861 1.1591779 1.1517206 1.1624763 0.8163785 1.1453129 0.6927186 0.9878496 1.1218249 0.8776192 1.0937780 0.7685196 1.2965090 1.0295428 1.1026436 1.0658758 1.1932078 0.7258265 0.7346738 1.1098316 1.0752407 1.1149573 1.1868882 1.3044221 0.7109367 0.4648853 0.5901678 0.5413358 0.4992244 0.6157755 0.3346758 0.2208555 0.0000000 0.3453684 0.3400785 0.3879814 0.5995325 1.2928544 0.7556244 0.7682841 0.9053057 0.9042046 0.7751363 0.7751363 0.9343666 1.2994729 0.8825555 0.7588239 1.1426754 1.0146629 0.7437521 0.6540753 0.7341078 1.1429721 1.0659597 1.0346867 1.2697275 1.2696617 1.2712899 1.1666370 1.2674755 1.3178902 1.6626613 
Chofle_EP00730_Choanoeca_flexa_P004571             0.7074731 0.6341917 0.6829440 0.6847167 0.5711495 0.7851874 0.7629476 0.7340859 0.6705151 0.7158130 0.7410018 0.7471337 0.6908619 0.6891374 0.7002761 0.7684615 0.7689513 0.8129455 0.7641615 0.7205592 0.7402578 0.7173528 0.7053450 0.7084778 0.7106752 0.7504865 0.7264942 0.7131406 0.7545821 0.7510441 0.7323850 0.6555702 0.7379242 0.6764495 0.6764495 0.7265800 0.7784121 0.5110163 0.4650640 0.5135175 0.4840739 0.4386112 0.5568531 0.3565627 0.3467742 0.3453684 0.0000000 0.1291960 0.2575264 0.5368332 0.8463627 0.7284061 0.7422492 0.8315007 0.8592663 0.7986497 0.7986497 0.8365059 0.8181671 0.8195958 0.7653704 0.7729487 0.8143291 0.6568037 0.5880778 0.6632533 0.8680763 0.8320575 0.8225257 0.8290059 0.8324240 0.8261855 0.8310837 0.8310837 0.9530192 0.9673347 
Choper_EP00045_Choanoeca_perplexa_P022700          0.6322806 0.6608831 0.6161435 0.6140459 0.6125873 0.7850717 0.7041531 0.6413021 0.5653105 0.5211184 0.6661403 0.6954055 0.6068130 0.6042989 0.6307857 0.6912793 0.6957582 0.7509331 0.6609403 0.6691816 0.7147704 0.6595648 0.6593982 0.6456416 0.6182126 0.6587060 0.6363242 0.6382735 0.6877824 0.6505430 0.6423273 0.4662177 0.6861939 0.6536003 0.6536003 0.6644528 0.6648645 0.4848364 0.3632693 0.4319400 0.3335711 0.4354327 0.5581289 0.3729123 0.3506835 0.3400785 0.1291960 0.0000000 0.2958794 0.5283798 0.7396756 0.7191595 0.7304458 0.7214307 0.7553499 0.8289898 0.8289898 0.7267385 0.7140164 0.7153003 0.7232720 0.7024096 0.7449409 0.6083431 0.5873382 0.6006051 0.8211540 0.6959114 0.6910602 0.6904048 0.7102171 0.7059243 0.7072319 0.7072319 0.8723622 0.8120299 
Mbre_EDQ84603                                      0.7796791 0.6911437 0.7622288 0.8163499 0.7148132 0.7931854 0.7802794 0.8407621 0.6869751 0.7553136 0.8113015 0.8543797 0.7802778 0.7817269 0.8025846 0.7905743 0.7892473 0.8651278 0.7733274 0.7420335 0.7812242 0.7791759 0.7763176 0.7682864 0.7921402 0.9244801 0.7740631 0.7437217 0.7536943 0.8066544 0.7754571 0.7074068 0.8109098 0.7864862 0.7864862 0.7999989 0.8421304 0.7235493 0.5003272 0.6463881 0.5872827 0.5251720 0.6025221 0.4181062 0.4060744 0.3879814 0.2575264 0.2958794 0.0000000 0.6201861 0.8806551 0.7702291 0.7788287 0.9385419 0.9212162 0.8171222 0.8171222 0.9511382 0.9109885 0.9087597 0.7680594 0.7938726 0.7943293 0.7547841 0.6153453 0.7178696 1.0986640 0.8838302 0.8837336 0.8842009 0.8915049 0.8876961 0.8797641 0.8827060 0.8778981 1.0214696 
