115
Skow_XM_006816536.1                               0.0000000 0.3774898 0.5540127 0.5436536 0.5878557 0.6205983 0.4584443 0.6471255 0.6554525 0.8432031 0.5998359 0.5736112 0.5087564 0.5586483 0.6888368 0.5270584 0.6060278 0.6907192 0.6966344 0.5799767 0.6400723 0.5560230 0.7157352 0.7341865 0.6454390 0.7048932 0.5884783 0.7069573 0.6938273 0.7066278 0.7018735 0.7179622 0.7170746 0.7266009 0.6282282 0.7123812 0.7081202 0.8347650 0.9952119 1.0282001 0.9316068 1.3191105 0.8607664 1.0079607 1.0079607 1.2009471 1.0715286 1.1564700 1.1397897 1.2238220 1.2450433 1.2926203 1.2926203 0.9708029 0.9708029 1.0867541 1.0867541 0.9836901 0.9836901 1.2625722 2.5297322 1.1958749 1.2271697 1.5996215 0.9898537 0.9898537 1.2413736 1.2413736 1.1561656 1.1561656 1.3311625 1.1503307 1.0815152 1.0916336 1.0968750 1.2028650 1.2409095 1.2125302 1.1459270 1.2416723 1.1912416 1.3857436 1.1704148 1.0028683 1.1290752 1.1276813 1.4875622 1.4833582 1.0118121 0.9835578 1.4122139 0.7180916 2.4451800 2.3805167 2.3735702 2.4297787 2.1450791 2.1024291 2.4346274 2.9778061 2.4936096 2.4931739 2.2998535 2.3239066 2.1637689 2.5958406 2.7539096 2.3558137 1.4103385 2.3918816 2.3809162 3.2502987 2.5855513 1.8454844 3.3019679 
Spur_XM_011664904.2                               0.3774898 0.0000000 0.4326670 0.5639739 0.5466271 0.5304267 0.5589476 0.5685238 0.5685238 0.8389862 0.5323735 0.4698159 0.4698159 0.4699901 0.5071230 0.5278697 0.5531217 0.5534224 0.0000010 0.4941955 0.4447578 0.4808528 0.7752630 0.5975705 0.5484865 0.6032935 0.5059295 0.5415494 0.5346018 0.5537714 0.5561059 0.5796624 0.5796942 0.5798427 0.5263113 0.6015047 0.7022958 0.7992261 0.7435188 0.7369729 0.7516845 1.0053157 0.8964488 0.8704634 0.8704634 1.0080005 0.8397585 0.9319598 0.9319598 0.9319598 0.8342049 0.9754324 0.9754324 0.9974951 0.9974951 0.9754324 0.9754324 1.0231930 1.0231930 0.9128861 0.0000010 0.9466965 0.8915264 2.0321923 0.8680066 0.8680066 0.9515595 0.9515595 0.9515595 0.9515595 0.9357709 0.8779287 0.8960588 0.8346747 0.8591185 0.8139712 0.9769018 0.8550851 0.9493924 0.9626217 0.9549662 1.1598927 0.8860594 0.6172938 0.9029496 1.0178046 1.6897993 2.1063295 0.8466034 0.8072751 1.5100755 2.0583087 2.0610760 2.0463979 2.1254984 2.0139679 1.9162340 1.8173633 1.8122510 0.0000010 1.8658892 1.9019569 1.7690552 1.7768261 1.6491479 2.0752277 2.3036998 1.9786746 0.3688721 1.9746842 1.9282856 2.5526999 2.1114634 1.6020673 4.0985516 
Bralan_BLAG01001236_1                             0.5540127 0.4326670 0.0000000 0.5554746 0.6006901 0.6351096 0.4067797 0.6356070 0.6356070 0.9592107 0.6149949 0.5419513 0.5020337 0.5335365 0.5986343 0.4641305 0.5486074 0.5761915 0.5730443 0.5523953 0.5656254 0.6182498 0.7582081 0.7153443 0.6189344 0.6858281 0.6102817 0.6145387 0.6142163 0.6325805 0.6481686 0.6475446 0.6437727 0.6635085 0.7008275 0.6779869 0.6760437 0.7037027 0.9078244 0.9626313 0.8805709 1.3386028 0.9497063 1.0182215 1.0182215 1.1113923 1.0461255 1.0799184 1.0722339 1.1278817 1.2118301 1.2201635 1.2201635 0.9599342 0.9599342 1.1190368 1.1190368 0.9854833 0.9854833 1.1556091 2.4375366 1.1085485 1.1574331 1.3694323 1.0063229 1.0063229 1.1988524 1.1988524 1.1277666 1.1277666 1.1957780 1.1404427 1.0562339 1.0471540 0.9740455 1.0442526 1.2653992 1.1927213 1.0264413 1.2294406 1.1808446 1.3394646 1.1287559 0.9402859 1.1051431 1.0983314 1.5919633 1.6026325 0.9505402 0.9249588 1.5486560 0.9081110 2.3006663 2.4061229 2.1091861 2.4373054 2.2320515 1.9984838 2.5868786 2.4133120 2.3292604 2.3501611 2.2769043 2.3161172 2.0938727 2.7064120 2.8373963 2.3647959 1.5296541 2.5067569 2.3260477 3.3177516 2.5878475 1.8627404 3.0067121 
Cgig_XM_034455256.1                               0.5436536 0.5639739 0.5554746 0.0000000 0.0301546 0.5783094 0.4003311 0.6629824 0.6629824 0.9032999 0.5635970 0.4618867 0.4618867 0.6043668 0.6347323 0.5054797 0.6450691 0.6471025 1.1004834 0.6188320 0.8346094 0.5672610 0.8577421 0.7241158 0.6455392 0.6372096 0.5346528 0.6757322 0.6750726 0.6871430 0.6831176 0.6603469 0.6602547 0.6924957 0.5542157 0.6576807 0.6637847 0.8225097 0.9115419 0.9545185 0.8351467 1.1165091 0.8496617 0.9250515 0.9250515 1.0587430 0.9248214 0.9928635 0.9928635 0.9942169 1.0036085 1.0872474 1.0872474 0.9411613 0.9411613 1.0273805 1.0273805 0.9443007 0.9443007 1.0129587 0.0000010 1.0232727 1.0026576 1.4078390 0.9262272 0.9262272 1.0535354 1.0535354 1.0535354 1.0535354 1.0630384 0.9714343 0.9419069 0.9303116 0.8252703 1.0199814 1.1478363 1.0952988 1.1540249 1.1143091 0.9650833 1.1394756 1.1282033 1.0695619 0.9522764 0.9220419 1.1937628 1.2259529 1.0322807 1.0094342 1.3876417 1.0852422 2.3045110 2.1295103 2.3392967 2.2087772 2.1329720 1.9632786 2.1341717 3.2389014 2.1562714 2.1471497 2.1666375 2.2144167 1.9057746 2.2681439 2.5833036 2.1723415 1.5480396 2.1077425 2.0596289 3.1928321 2.4601964 1.7832600 5.2914195 
Cgig_XM_034458623.1                               0.5878557 0.5466271 0.6006901 0.0301546 0.0000000 0.6348740 0.3836103 0.6871041 0.6973024 0.8882342 0.5787287 0.4453866 0.4125855 0.6283059 0.7674920 0.6181327 0.6768317 0.6884905 0.7761686 0.6833368 0.7997021 0.6341771 0.8161214 0.8331367 0.7188081 0.6922650 0.5591513 0.7489512 0.7331478 0.7243641 0.7170975 0.7279439 0.7245912 0.7480778 0.7207348 0.7074308 0.7056856 0.8563201 1.0448178 1.0801981 0.9696574 1.2162656 0.8168915 0.8913185 0.8913185 1.0219559 0.9692868 1.0206807 0.9466348 1.0768439 1.1215453 1.2151045 1.2151045 0.8966845 0.8966845 0.9999467 0.9999467 0.9005825 0.9005825 1.0792935 3.0392673 1.0095873 1.1307805 1.3513043 0.8886010 0.8886010 1.0996948 1.0996948 1.0202402 1.0202402 1.1069655 1.1758562 1.1457850 1.1250319 0.9820097 1.1550750 1.3018779 1.2342731 1.2087710 1.2764608 1.1829573 1.3559779 1.2975731 1.0597858 1.1336835 1.0852278 1.4520287 1.4887811 1.0864730 1.0682758 1.3524598 0.8538884 2.4547182 2.4349721 2.4325075 2.4517649 2.3122619 2.2538658 2.5443671 2.6935647 2.5090581 2.4837695 2.4982429 2.4495047 2.1763246 2.6230139 2.9046173 2.4321444 1.2396769 2.4449533 2.3471623 3.3078042 2.6650463 1.8885746 3.3289669 
Rhoesc_Res_007849-T1                              0.6205983 0.5304267 0.6351096 0.5783094 0.6348740 0.0000000 0.0793092 0.2927787 0.3044981 0.1876642 0.5794384 0.6607770 0.5685670 0.5417904 0.6581757 0.5514876 0.5773971 0.5575312 0.4975064 0.6316257 0.6087358 0.5955604 0.6969296 0.7679747 0.6780389 0.6522451 0.6854779 0.7567048 0.7418246 0.7337972 0.7170538 0.7627283 0.7636374 0.7140121 0.6474827 0.7355835 0.7943168 0.8827892 0.9607478 0.9793892 0.8847744 1.4032049 0.8046824 0.9751497 0.9751497 1.1846952 1.0334389 1.1508207 1.0889823 1.2063234 1.2421461 1.3028208 1.3028208 0.9849950 0.9849950 1.1482871 1.1482871 1.0106557 1.0106557 1.1855715 2.0386241 1.1245513 1.2737416 1.5356639 0.9413728 0.9413728 1.2710401 1.2710401 1.1551539 1.1551539 1.2951171 1.2020153 1.1558137 1.1664995 1.0607199 1.3113425 1.3794413 1.2848838 1.1215455 1.3020119 1.2565519 1.4242936 1.2824169 1.0862576 1.1420091 1.1828343 1.5163386 1.5367928 1.0628939 1.0401256 1.3838631 0.9594862 2.4046283 2.2012262 2.2442330 2.3948467 2.2734927 2.1946126 2.3645055 2.7115538 2.3922894 2.4159662 2.3080316 2.4436926 2.2260005 2.5967512 2.8808963 2.5028040 1.5619671 2.5847782 2.4537652 3.7589587 2.6725132 1.9081682 3.3698291 
Nemnom_g5500.t1                                   0.4584443 0.5589476 0.4067797 0.4003311 0.3836103 0.0793092 0.0000000 0.2335216 0.2335216 2.5124175 0.3668377 0.4143608 0.4143608 0.4117117 0.4676501 0.4507337 0.5183191 0.4173732 0.0000010 0.4877262 0.0000010 0.4059741 1.8573481 0.5626864 0.5470613 0.4577071 0.5350060 0.5238636 0.5330923 0.5481638 0.5448972 0.5601266 0.5523082 0.5342115 0.3932982 0.5532842 0.5771287 0.6982844 0.6964015 0.7172078 0.5849353 1.1162707 0.9101137 0.8446389 0.8446389 1.1853239 0.7629854 0.8932178 0.8932178 0.8932178 0.8283934 1.0072135 1.0072135 1.0072135 1.0072135 1.0072135 1.0072135 1.0072135 1.0072135 0.7804299 0.0000010 0.7964271 0.8233204 5.2017407 0.8424454 0.8424454 0.9392529 0.9392529 0.9392529 0.9392529 0.8540997 0.7442135 0.7318130 0.6907291 0.6853062 0.8668299 1.0338955 0.9473419 1.0212949 0.9959032 0.9099408 1.0548218 0.8136496 0.9489500 0.8760174 0.8882522 1.9685867 3.4977278 0.8482404 0.7835056 1.5205320 2.1066955 2.0122518 1.8180871 1.8921434 1.7404042 1.8574092 1.9901171 1.9085066 0.0000010 1.8834549 1.9090852 1.7781369 1.7653960 1.7536521 2.2479566 2.2371824 1.9288215 1.0144511 2.3677755 2.3297671 2.9997962 2.5502245 0.0000010 4.7016367 
Sanmal_Sma_005097-T1                              0.6471255 0.5685238 0.6356070 0.6629824 0.6871041 0.2927787 0.2335216 0.0000000 0.0000010 0.4265080 0.5861247 0.6549392 0.5797751 0.5864029 0.6787393 0.5742632 0.5719150 0.6048625 0.5623112 0.6562615 0.6204175 0.6279334 0.7258964 0.7545314 0.6402122 0.7074291 0.6599635 0.7611274 0.7621810 0.7374715 0.7315379 0.7917381 0.7927047 0.7536500 0.7313371 0.7645572 0.7934724 0.8353276 0.9722183 1.0008596 0.8848418 1.3426559 0.8828919 1.0432105 1.0432105 1.1841821 1.0711700 1.1683918 1.1083685 1.2372520 1.2550706 1.3975136 1.3975136 1.1042770 1.1042770 1.2940854 1.2940854 1.1294739 1.1294739 1.2701315 2.1961525 1.2316390 1.2377810 1.5756626 0.9742107 0.9742107 1.2795330 1.2795330 1.1821141 1.1821141 1.2503976 1.2051218 1.1594959 1.2000712 1.0608263 1.2332698 1.3759311 1.2627495 1.2698729 1.2697207 1.2317122 1.4096954 1.3011641 1.0677828 1.1756099 1.2071146 1.4661442 1.5024480 1.1207521 1.0853232 1.5712450 0.9047217 2.3964735 2.3191511 2.1291015 2.2904958 2.1787570 2.2766800 2.4450085 2.7036103 2.3497347 2.3383036 2.3352389 2.3405923 2.1251391 2.6065022 3.0415723 2.5043218 1.5148830 2.5659247 2.4694594 3.5272040 2.6021992 1.8438076 3.2916556 
Sanmal_Sma_005185-T1                              0.6554525 0.5685238 0.6356070 0.6629824 0.6973024 0.3044981 0.2335216 0.0000010 0.0000000 0.4265080 0.5861247 0.6776818 0.5797751 0.5864029 0.6787393 0.5742632 0.5719150 0.6048625 0.5623112 0.6770192 0.6204175 0.6279334 0.7258964 0.7545314 0.6402122 0.7074291 0.6828057 0.7790781 0.7621810 0.7374715 0.7315379 0.7917381 0.7927047 0.7536500 0.7313371 0.7908751 0.8165164 0.8616571 0.9841927 1.0008596 0.9002641 1.3780708 0.8828919 1.0432105 1.0432105 1.1841821 1.0711700 1.1683918 1.1083685 1.2372520 1.2650082 1.3975136 1.3975136 1.1042770 1.1042770 1.2940854 1.2940854 1.1294739 1.1294739 1.2885217 2.1961525 1.2316390 1.2553548 1.5756626 0.9742107 0.9742107 1.2795330 1.2795330 1.1821141 1.1821141 1.2762098 1.2334901 1.1919574 1.2319042 1.0852118 1.2396432 1.3917634 1.2931440 1.2698729 1.3072913 1.2285906 1.4036281 1.3269784 1.0677828 1.2025998 1.2194952 1.5233726 1.5640775 1.1207521 1.0853232 1.5712450 0.9047217 2.4073565 2.3473860 2.1291015 2.3109593 2.1787570 2.2766800 2.4450085 2.7036103 2.4229174 2.3345177 2.3357958 2.3645704 2.1376385 2.6065022 3.0415723 2.5043218 1.5148830 2.6066935 2.5267686 3.5272040 2.6254337 1.8438076 3.3843496 
Nemnom_g5499.t1                                   0.8432031 0.8389862 0.9592107 0.9032999 0.8882342 0.1876642 2.5124175 0.4265080 0.4265080 0.0000000 0.8276821 0.8572855 0.7794130 0.7168310 0.8977354 1.1668146 0.6983463 0.6959499 0.5254264 0.8642024 0.6617131 0.8299922 0.6635804 0.9936044 0.8272047 0.8680544 0.7918114 0.9629327 0.9665620 0.9474584 0.9272062 0.9265559 0.9310546 0.9526036 1.0726770 0.9001782 1.0221823 1.0310136 1.2615914 1.2383038 1.1346911 1.5057147 3.7464603 1.4662183 1.4662183 1.2281738 1.3215099 1.4811935 1.4189019 1.5764536 1.6030656 1.5321376 1.5321376 1.7636451 1.7636451 1.5290079 1.5290079 2.0101682 2.0101682 1.4958979 1.7734032 1.4808928 1.5597117 1.4173541 1.2561190 1.2561190 1.5785475 1.5785475 1.4471232 1.4471232 1.6051627 1.6292656 1.4790812 1.5634102 1.3447242 1.6047606 1.5974941 1.5821027 4.7468058 1.6053666 1.6165129 1.7136361 1.5682587 1.1440933 1.3714347 1.4294627 1.3825479 1.3957149 1.1752577 1.1914257 1.3769894 0.9767626 2.6927762 2.5183839 3.7225260 2.8150807 2.4999263 2.3776136 2.7403244 2.7052800 2.6419927 2.7101871 2.8911922 2.7836970 2.2845891 3.1120674 3.4887532 3.0188380 1.6109668 2.6356632 2.3991068 7.6518318 2.6459578 1.8894680 2.8413026 
Morvir_scaffold49.g51.t2                          0.5998359 0.5323735 0.6149949 0.5635970 0.5787287 0.5794384 0.3668377 0.5861247 0.5861247 0.8276821 0.0000000 0.5714456 0.5503463 0.5688173 0.6994637 0.5492423 0.6288213 0.6487519 0.6354757 0.5730523 0.8362661 0.5958476 0.9697602 0.7928406 0.6673924 0.5734505 0.5946198 0.6919161 0.6928757 0.6953523 0.6772235 0.7031889 0.7022650 0.6848316 0.6959618 0.6780258 0.7245004 0.8084758 1.0442078 1.0725046 0.9490427 1.3628115 0.8688869 0.9800208 0.9800208 1.2078765 1.0524279 1.1274138 1.0923845 1.1718145 1.2582992 1.2639568 1.2639568 1.0728564 1.0728564 1.1566151 1.1566151 1.0848021 1.0848021 1.1529998 2.5278548 1.1023942 1.2457916 1.5284304 0.9471062 0.9471062 1.2830712 1.2830712 1.1662396 1.1662396 1.2384074 1.1412481 1.0852633 1.0902157 0.9644505 1.1268017 1.2864644 1.1927879 1.1450203 1.2221401 1.1827159 1.3685419 1.1761558 1.2671657 1.1272110 1.1761544 1.4425397 1.4602679 1.0132822 0.9959504 1.5129002 0.8406809 2.4183915 2.3357343 2.3336925 2.3707606 2.0471655 2.0331189 2.3395040 2.8947548 2.3094096 2.3147037 2.4261841 2.3018206 2.0845482 2.6846802 2.7277318 2.4444245 1.1716232 2.3952265 2.4576611 3.4128476 2.5019789 1.9675900 3.1371901 
Acagra_model.g24243.t1_model.g24244.t1            0.5736112 0.4698159 0.5419513 0.4618867 0.4453866 0.6607770 0.4143608 0.6549392 0.6776818 0.8572855 0.5714456 0.0000000 0.0000010 0.5214586 0.6196352 0.4084818 0.5263278 0.5964976 0.7257354 0.5458070 0.7948007 0.6081248 0.7911537 0.7779724 0.6794053 0.7169366 0.5366385 0.6996671 0.6727666 0.6921757 0.6696247 0.7041488 0.7032817 0.6914021 0.6508241 0.7013792 0.7089210 0.7970438 0.9431173 0.9741007 0.9133321 1.3524831 0.9205296 0.9911335 0.9911335 1.1012299 1.0309328 1.0501625 0.9984645 1.1237972 1.1730081 1.2872283 1.2872283 0.9994696 0.9994696 1.1290626 1.1290626 1.0014804 1.0014804 1.1631467 2.3264818 1.0902014 1.2300939 1.5498656 0.9380048 0.9380048 1.1542208 1.1542208 1.1015706 1.1015706 1.1684525 1.2273259 0.9937646 1.1530090 1.0379038 1.1979106 1.2963631 1.2839509 1.1040561 1.2886745 1.2262034 1.3449858 1.1605693 1.0387571 1.1234302 1.1441416 1.4464978 1.4788524 0.9225438 0.8961046 1.5499581 0.7640549 2.3396691 2.3776715 2.0281942 2.3379833 2.2234928 1.9942510 2.3551292 2.6731303 2.4233685 2.3540312 2.4577861 2.3084024 2.0814100 2.7110636 2.8164187 2.4339816 1.4745011 2.4352679 2.3906552 3.5897667 2.7458836 1.8335941 3.1165598 
Acagra_model.g24243.t1_model.g24244.t1.1.5d400fb3 0.5087564 0.4698159 0.5020337 0.4618867 0.4125855 0.5685670 0.4143608 0.5797751 0.5797751 0.7794130 0.5503463 0.0000010 0.0000000 0.4697707 0.4989631 0.3363546 0.4907563 0.5485423 0.7353156 0.4409319 0.7948007 0.5363911 0.7911537 0.6653081 0.5904441 0.6417549 0.4825293 0.6092851 0.6103462 0.6182300 0.5971814 0.6220995 0.6250717 0.6187453 0.5347482 0.6472181 0.6376662 0.7559279 0.8012863 0.8413910 0.7905383 1.1491989 0.9205296 0.9911335 0.9911335 1.1012299 0.9937486 1.0226901 1.0226901 1.0238740 1.0559669 1.1830959 1.1830959 0.9994696 0.9994696 1.1266462 1.1266462 1.0014804 1.0014804 1.0676944 0.0000010 1.0642031 1.0871157 1.5498656 0.9380048 0.9380048 1.0991137 1.0991137 1.0991137 1.0991137 1.0742817 1.0534176 0.8803337 1.0277140 0.9038899 1.1148265 1.1283674 1.1094219 0.9851102 1.1627184 1.0203378 1.1568989 1.0252211 0.9965764 0.9931707 0.9892112 1.3537509 1.3886838 0.8451789 0.8154056 1.5499581 0.7534166 2.1802598 2.1455048 2.0281942 2.1156874 2.0715903 1.9214760 2.2378451 2.6731303 2.1685992 2.1895548 2.2107005 2.0935971 1.8994304 2.5446716 2.6544046 2.2395609 1.4745011 2.1196402 2.1494152 3.5897667 2.4851390 1.8200908 3.6302352 
Gfas_gfas1.m1.1959.m1                             0.5586483 0.4699901 0.5335365 0.6043668 0.6283059 0.5417904 0.4117117 0.5864029 0.5864029 0.7168310 0.5688173 0.5214586 0.4697707 0.0000000 0.2659969 0.1679642 0.2131088 0.2306396 0.1609841 0.1969381 0.2536484 0.4186182 0.5284519 0.6597535 0.5547775 0.6666416 0.6381228 0.6232142 0.6182291 0.6281402 0.6179613 0.6381506 0.6373563 0.6452169 0.5193830 0.6410512 0.6518139 0.7379166 0.8842200 0.9184370 0.8363380 1.3070906 0.8735200 1.0031608 1.0031608 1.1881204 1.0503385 1.1153259 1.0730051 1.1455304 1.2360952 1.2491302 1.2491302 0.9129535 0.9129535 1.1211675 1.1211675 0.9388697 0.9388697 1.1578637 1.7723764 1.1158240 1.2442859 1.8143799 0.9762333 0.9762333 1.1622215 1.1622215 1.0870419 1.0870419 1.2251126 1.1416980 1.0443897 1.0371875 1.0320439 1.1092339 1.2314021 1.1754268 1.0359962 1.2355542 1.1564256 1.2814579 1.0841934 0.9320681 0.9972735 1.0583788 1.4072631 1.4399734 0.9333900 0.9083931 1.4196303 1.0119033 2.4139962 2.3981171 2.1353829 2.3692900 2.1387845 2.2231276 2.3366224 2.8142281 2.3027311 2.3877598 2.2843482 2.3002685 2.0494496 2.7396021 2.9525384 2.4430973 1.7589181 2.5006963 2.3352346 3.3839085 2.4433872 1.9117663 2.8303444 
Gasp_gasp1.m3.7739.m1                             0.6888368 0.5071230 0.5986343 0.6347323 0.7674920 0.6581757 0.4676501 0.6787393 0.6787393 0.8977354 0.6994637 0.6196352 0.4989631 0.2659969 0.0000000 0.0870326 0.2354903 0.3466937 0.3152250 0.3693231 0.2379735 0.5066161 0.5262839 0.7552039 0.6275294 0.8093138 0.7390532 0.7445945 0.7388964 0.7615140 0.7589754 0.7572419 0.7563058 0.7733632 0.6435591 0.7986229 0.7547757 0.8548739 0.9834130 1.0238160 0.9218251 1.5032137 0.8008648 0.9630271 0.9630271 1.1816724 1.1668520 1.2313070 1.1266594 1.2640720 1.3740971 1.3850134 1.3850134 0.9186287 0.9186287 1.1433971 1.1433971 0.9320946 0.9320946 1.2958609 1.5738720 1.2658068 1.3595548 1.7569357 1.0100751 1.0100751 1.2929000 1.2929000 1.2016002 1.2016002 1.3702540 1.2751688 1.1450085 1.1736439 1.1624662 1.2932810 1.3851694 1.3327236 1.0510159 1.3968975 1.3904177 1.5368846 1.1950341 1.0715210 1.1821527 1.2281032 1.7034236 1.7870473 1.0624281 1.0372420 1.4946493 1.2607931 2.5500292 2.4884903 2.0589892 2.5648792 2.2486153 2.3109315 2.4603862 2.6173001 2.3157395 2.3379607 2.3581805 2.4276934 2.1207270 2.9429365 3.0086791 2.5850840 1.7515769 2.5607089 2.4540363 3.2426170 2.5892052 2.0737133 3.5779676 
Fspp_ffun1.m4.17475.m1                            0.5270584 0.5278697 0.4641305 0.5054797 0.6181327 0.5514876 0.4507337 0.5742632 0.5742632 1.1668146 0.5492423 0.4084818 0.3363546 0.1679642 0.0870326 0.0000000 0.1522347 0.1739187 0.0000010 0.2496173 0.0000010 0.3636404 0.6943872 0.5729500 0.5283236 0.5988857 0.5793258 0.6090787 0.5998262 0.6351970 0.6311170 0.6306849 0.6292141 0.6673682 0.3998571 0.6044071 0.5834425 0.6704989 0.8585007 0.9274236 0.7683226 1.1358900 0.8371880 0.8521958 0.8521958 0.9468073 0.8542266 0.8890548 0.8539039 0.9504767 1.0864560 1.0989352 1.0989352 0.9681481 0.9681481 0.9948972 0.9948972 0.9811070 0.9811070 1.0124228 1.5905044 0.9233794 0.9789655 4.1001069 0.8768187 0.8768187 1.0851893 1.0851893 0.9812666 0.9812666 1.1021090 0.9078535 0.7778970 0.8306326 0.7836534 0.9287274 1.1427971 1.0326287 1.0581808 1.1088674 1.0767816 1.2212969 0.8803912 0.7428481 0.8869104 0.9750737 1.9113535 2.6138866 0.9033077 0.8542130 1.4333808 1.6776157 2.1003756 2.0957689 1.8555126 1.9049714 1.8454190 1.6431050 1.7988334 0.0000010 1.8181611 1.7994907 1.8047755 1.9711134 1.6736296 2.2312277 2.2010810 2.0654849 0.9375778 2.2082416 2.1740885 2.6632816 2.2552145 1.2462943 3.5283811 
Pocdam_XM_027190936.1                             0.6060278 0.5531217 0.5486074 0.6450691 0.6768317 0.5773971 0.5183191 0.5719150 0.5719150 0.6983463 0.6288213 0.5263278 0.4907563 0.2131088 0.2354903 0.1522347 0.0000000 0.1021409 0.1420929 0.2813770 0.2555024 0.4408409 0.5895870 0.6642598 0.5520181 0.6979839 0.6616621 0.6885627 0.6835080 0.6888087 0.6844611 0.6782015 0.6773653 0.7163633 0.5653749 0.6964595 0.6794383 0.7456591 0.9038816 0.9294717 0.8310119 1.3717512 0.8985080 1.0446935 1.0446935 1.2207600 1.1006805 1.2177920 1.1681738 1.2481161 1.2814489 1.2978891 1.2978891 0.9700553 0.9700553 1.2029997 1.2029997 0.9830688 0.9830688 1.2152034 2.0790057 1.1691849 1.2957282 1.9294917 1.0354013 1.0354013 1.2077541 1.2077541 1.1412372 1.1412372 1.2818094 1.2312074 1.1062936 1.1751470 1.1058247 1.2164724 1.2617921 1.2248644 1.1131701 1.2391396 1.1961600 1.3550829 1.1772032 1.0225285 1.0640794 1.1414597 1.4078812 1.4650562 1.0110984 0.9851592 1.3508696 0.9796402 2.4094814 2.3605582 1.9555939 2.1869797 2.1426128 2.0858029 2.3488943 2.8297618 2.3599680 2.3801150 2.2764402 2.3008770 2.0165849 2.6536984 2.8794059 2.4465680 1.8831702 2.4133224 2.3597883 3.4574062 2.4226848 1.9883166 3.0153771 
Spis_XP_022798627_1                               0.6907192 0.5534224 0.5761915 0.6471025 0.6884905 0.5575312 0.4173732 0.6048625 0.6048625 0.6959499 0.6487519 0.5964976 0.5485423 0.2306396 0.3466937 0.1739187 0.1021409 0.0000000 0.1392654 0.3035030 0.1858788 0.4910788 0.7124493 0.8295008 0.6062715 0.7607373 0.6292311 0.6759466 0.6714880 0.6485587 0.6383651 0.6778268 0.6716104 0.6882625 0.5409173 0.7406051 0.7426595 0.8178547 0.8960803 0.9323852 0.8627831 1.4209187 0.9171352 1.0781656 1.0781656 1.4269952 1.2281648 1.2971295 1.2031979 1.3346625 1.3794938 1.3938324 1.3938324 0.9979933 0.9979933 1.0264365 1.0264365 0.9979933 0.9979933 1.2689642 1.9500309 1.2238590 1.4660129 1.5335255 0.9512024 0.9512024 1.3130187 1.3130187 1.1887906 1.1887906 1.3290891 1.4753078 1.2256237 1.2855009 1.2778456 1.2625292 1.4442095 1.4734656 1.1545981 1.4174726 1.3818559 1.4316983 1.3856034 2.3436745 1.2374726 1.2687682 1.5436790 1.5580246 1.0164681 1.0164681 1.3897590 0.8945047 2.8868809 2.7908412 3.9568260 2.8778960 2.5038523 2.4348522 3.0119132 2.8675211 2.7193849 2.8127330 2.6994150 2.6622228 2.3356850 3.1935326 3.3720922 3.0511685 2.1725191 2.7675021 2.5477722 5.5090982 2.9599076 2.2127659 2.6374466 
Fspp_ffun1.m4.31757.m1                            0.6966344 0.0000010 0.5730443 1.1004834 0.7761686 0.4975064 0.0000010 0.5623112 0.5623112 0.5254264 0.6354757 0.7257354 0.7353156 0.1609841 0.3152250 0.0000010 0.1420929 0.1392654 0.0000000 0.2530398 0.1699013 0.5097566 0.5297713 0.8283780 0.5454873 0.7398264 0.7750137 0.6936569 0.6936569 0.7046113 0.6991025 0.7160448 0.7160448 0.7153855 0.6739074 0.6969208 0.7763927 0.7953218 0.9524939 0.9524939 0.9145858 1.6056158 0.0000010 1.7918997 1.7918997 1.4731224 1.3819575 1.5639399 1.5314140 1.5655962 1.6166161 1.5033451 1.5033451 0.0000010 0.0000010 3.1241402 3.1241402 0.0000010 0.0000010 1.4571794 0.0000010 1.4943790 1.6208066 1.4804186 1.5360102 1.5360102 1.4303367 1.4303367 1.3829678 1.3829678 1.4770803 1.3970845 1.4574330 1.5011783 1.3005803 1.2819965 1.3223630 1.3899329 0.0000010 1.3312790 1.3442775 1.3872702 1.4407793 1.5870857 1.3095502 1.3486954 1.3796595 1.3796595 1.0299502 1.0299502 1.2698625 0.7061680 2.7798869 2.8286812 8.9999983 3.2624827 2.3646731 2.9849587 3.2938561 2.4270936 2.9934723 3.1808654 3.1622980 2.8312902 2.5252387 3.4214873 4.1474086 3.1566073 1.9573262 2.6702234 2.5510798 8.9999987 2.5040003 2.0645194 2.2493194 
Amil_Amillepora26210-RA                           0.5799767 0.4941955 0.5523953 0.6188320 0.6833368 0.6316257 0.4877262 0.6562615 0.6770192 0.8642024 0.5730523 0.5458070 0.4409319 0.1969381 0.3693231 0.2496173 0.2813770 0.3035030 0.2530398 0.0000000 0.0000010 0.4444796 0.6735751 0.7069365 0.6022433 0.7221801 0.7069810 0.6692850 0.6613493 0.6977942 0.7041394 0.7208580 0.7197907 0.7027443 0.5301094 0.6674972 0.7313109 0.7969878 1.0240360 1.0483178 0.9622097 1.3611682 0.9185981 1.0068083 1.0068083 1.1618865 1.0282818 1.1317240 1.0694484 1.1804793 1.2873411 1.3655131 1.3655131 0.9933419 0.9933419 1.2306401 1.2306401 1.0063433 1.0063433 1.2169423 1.7661803 1.1414583 1.2587297 2.5491478 1.0062302 1.0062302 1.1584240 1.1584240 1.0830455 1.0830455 1.2279056 1.2577291 1.0752627 1.1845798 1.0861907 1.1802441 1.3333283 1.2832874 1.0399991 1.3493377 1.2595912 1.4591458 1.2052952 0.8321523 1.1634533 1.2118888 1.6587465 1.7489875 0.9990627 0.9742708 1.5326402 1.1983315 2.6305259 2.6341369 2.1467098 2.3428285 2.2326243 2.1531772 2.4798187 4.6723290 2.4101880 2.2879471 2.2549125 2.2626042 2.1312953 2.7358959 2.9146829 2.2257733 1.6078641 2.6856737 2.6048075 3.0010810 2.6488002 2.2841589 2.7809138 
Adig_XM_015904210.1                               0.6400723 0.4447578 0.5656254 0.8346094 0.7997021 0.6087358 0.0000010 0.6204175 0.6204175 0.6617131 0.8362661 0.7948007 0.7948007 0.2536484 0.2379735 0.0000010 0.2555024 0.1858788 0.1699013 0.0000010 0.0000000 0.4783825 0.4501839 0.5720837 0.4655352 0.8653337 0.9492096 0.5798601 0.5798601 0.6114689 0.6525785 0.6026081 0.6026081 0.5965543 1.7155858 0.7725963 0.9390914 0.9865709 0.9760753 0.9760753 0.9658410 1.6448240 3.1546810 1.3625776 1.3625776 1.4659068 1.4659068 1.8718040 1.8718040 1.8718040 1.8615194 1.8344921 1.8344921 0.0000010 0.0000010 2.1389046 2.1389046 0.0000010 0.0000010 1.8121869 0.0000010 1.7915611 1.7762893 1.5272590 1.3364395 1.3364395 1.6803762 1.6803762 1.6803762 1.6803762 1.7970189 1.1435892 1.2795726 1.2068273 1.1930130 1.1617532 1.1241628 1.1414020 0.0000010 1.1777800 1.1436514 1.2802600 1.2072463 1.0816971 1.3016975 1.3789993 1.3569156 1.3569156 0.9807404 0.9807404 1.0017022 0.9068590 2.1066929 2.1570044 9.0000000 2.5877044 2.5324278 2.5656061 3.0086397 2.6359222 2.3773376 2.3142652 2.7317690 3.0218818 2.6932100 3.3782353 3.7164803 2.6648187 1.9530326 2.0378623 2.1512129 8.9999987 2.4328002 1.8827835 5.4459683 
Nvec_v1g178888                                    0.5560230 0.4808528 0.6182498 0.5672610 0.6341771 0.5955604 0.4059741 0.6279334 0.6279334 0.8299922 0.5958476 0.6081248 0.5363911 0.4186182 0.5066161 0.3636404 0.4408409 0.4910788 0.5097566 0.4444796 0.4783825 0.0000000 0.5567594 0.7085970 0.5913999 0.6888090 0.6539223 0.6775251 0.6721559 0.7140913 0.7045449 0.7018629 0.7082725 0.7065739 0.4813810 0.6813105 0.7108552 0.7749872 1.0071781 1.0602878 0.9223575 1.3302813 0.9315508 1.0570865 1.0570865 1.2175575 1.0370825 1.1716556 1.1233858 1.2256148 1.1760196 1.2500157 1.2500157 0.9464205 0.9464205 1.1052401 1.1052401 0.9718024 0.9718024 1.1869465 1.7499054 1.1661581 1.2407822 1.6664413 0.9952242 0.9952242 1.2212931 1.2212931 1.1444670 1.1444670 1.2555478 1.1598746 1.0758133 1.2081684 1.0767858 1.2004248 1.2448205 1.2281258 1.0586732 1.2099914 1.2400358 1.3321329 1.2395933 0.9785931 1.0891535 1.0949093 1.3782584 1.3700263 1.0140719 0.9952393 1.5007647 1.0333064 2.5296961 2.4422050 2.3653285 2.4885812 2.2575824 2.1839306 2.4171797 2.9403765 2.3597227 2.3874005 2.4579666 2.2585548 2.0576835 2.7291806 2.9570630 2.5087265 1.7760547 2.3924673 2.3699120 2.9887415 2.5158251 1.9316800 2.8840877 
Exapal_XM_021043199.2                             0.7157352 0.7752630 0.7582081 0.8577421 0.8161214 0.6969296 1.8573481 0.7258964 0.7258964 0.6635804 0.9697602 0.7911537 0.7911537 0.5284519 0.5262839 0.6943872 0.5895870 0.7124493 0.5297713 0.6735751 0.4501839 0.5567594 0.0000000 0.7349293 0.7554250 0.9018373 0.8808328 0.8120641 0.8047460 0.8208256 0.8390862 0.8361162 0.8361162 0.8071858 3.2563283 0.9155264 0.9476652 0.9112486 0.9702955 0.9586878 0.9595921 1.2467713 1.7028514 1.2646776 1.2646776 1.1664925 1.2783582 1.4995241 1.4995241 1.4995241 1.5078294 1.5881213 1.5881213 2.4804115 2.4804115 1.7015714 1.7015714 2.5429916 2.5429916 1.4940164 0.0000010 1.4845559 1.4576991 1.5634669 1.2143010 1.2143010 1.4646590 1.4646590 1.4646590 1.4646590 1.4990875 1.1904888 1.1927595 1.0859801 1.1829384 1.2413675 1.2161096 1.2789156 4.4732985 1.4067774 1.2461215 1.3453580 1.2270681 0.9965030 1.1100483 1.1190665 1.0963188 1.0115341 0.9834401 0.9834401 2.6934616 0.8717550 2.1447920 2.1573055 4.9183930 2.4437262 2.1534463 2.2095480 2.3770576 2.5288892 2.2285888 2.3558628 2.2041304 2.3218387 2.1163959 2.5201269 2.6864658 2.2412652 2.1183644 1.9436751 1.9644771 7.9048333 2.1877327 1.8098208 6.3204821 
Xesp_000950-T1                                    0.7341865 0.5975705 0.7153443 0.7241158 0.8331367 0.7679747 0.5626864 0.7545314 0.7545314 0.9936044 0.7928406 0.7779724 0.6653081 0.6597535 0.7552039 0.5729500 0.6642598 0.8295008 0.8283780 0.7069365 0.5720837 0.7085970 0.7349293 0.0000000 0.3374056 0.8826216 0.7980503 0.8255532 0.8195187 0.8556053 0.8561104 0.8865023 0.8798514 0.8787372 0.8743915 0.8673459 0.8667978 0.9360733 1.0304538 1.0662588 1.0015194 1.5473431 0.9466325 1.1036293 1.1036293 1.3992699 1.2530489 1.3653414 1.2765692 1.3996986 1.3810822 1.3662859 1.3662859 0.9550470 0.9550470 1.1442796 1.1442796 0.9680288 0.9680288 1.3912272 2.5189748 1.3590968 1.3653226 1.8252583 1.0475024 1.0475024 1.3799995 1.3799995 1.2511963 1.2511963 1.3830439 1.3209662 1.3297908 1.2473681 1.2007000 1.2750845 1.3191623 1.2335817 1.1035827 1.3942037 1.3471946 1.5583497 1.4047379 1.0962905 1.2722632 1.3635648 1.9668607 1.9917689 1.1672292 1.1315050 1.4980375 1.2742304 2.3374793 2.4300309 1.9629908 2.3202046 2.1856933 2.2021689 2.4851041 2.7140567 2.4337366 2.4232676 2.2289205 2.3905476 2.0805343 2.8423666 3.1627978 2.7544782 1.9815671 2.3934509 2.4182691 3.3755967 2.5378675 1.9833712 3.5695374 
Dgig_XM_028547775.1                               0.6454390 0.5484865 0.6189344 0.6455392 0.7188081 0.6780389 0.5470613 0.6402122 0.6402122 0.8272047 0.6673924 0.6794053 0.5904441 0.5547775 0.6275294 0.5283236 0.5520181 0.6062715 0.5454873 0.6022433 0.4655352 0.5913999 0.7554250 0.3374056 0.0000000 0.7336809 0.6710176 0.6952681 0.6898865 0.6900850 0.7032140 0.7270645 0.7141722 0.6911442 0.7667761 0.7145563 0.7478744 0.8515326 0.9734563 1.0053937 0.8748566 1.4469265 0.9284656 1.0810084 1.0810084 1.2789482 1.1398357 1.2128533 1.1413605 1.2613470 1.3417439 1.2739519 1.2739519 0.9598889 0.9598889 1.1329025 1.1329025 0.9732039 0.9732039 1.2406947 2.8699452 1.1944296 1.2382440 1.7478838 1.0452574 1.0452574 1.2626501 1.2626501 1.1582054 1.1582054 1.3049189 1.2389086 1.1753041 1.1769932 1.0930616 1.1580430 1.2171878 1.1597145 1.0750706 1.2960208 1.2460113 1.3995483 1.2243449 1.1010203 1.1255500 1.1892129 1.6101982 1.6410738 1.0263401 1.0061304 1.3767206 0.9881898 2.5000079 2.4977450 2.1330335 2.3411620 2.2202587 2.1976291 2.5224192 2.5864973 2.2880573 2.3126346 2.2876186 2.2693737 1.9476990 2.8527853 3.0445503 2.6174040 1.5709231 2.3163261 2.2768621 3.4445844 2.3912374 1.7990986 3.2788693 
Hvul_g33551_1                                     0.7048932 0.6032935 0.6858281 0.6372096 0.6922650 0.6522451 0.4577071 0.7074291 0.7074291 0.8680544 0.5734505 0.7169366 0.6417549 0.6666416 0.8093138 0.5988857 0.6979839 0.7607373 0.7398264 0.7221801 0.8653337 0.6888090 0.9018373 0.8826216 0.7336809 0.0000000 0.7273317 0.8513011 0.8498942 0.8681098 0.8493787 0.8463428 0.8481995 0.8847997 0.7565324 0.8247812 0.8183360 0.9126735 1.0525322 1.0825660 0.9782287 1.4096896 0.8748064 1.0979784 1.0979784 1.3159640 1.1600305 1.1931681 1.1362568 1.2083109 1.2335390 1.3046585 1.3046585 0.9667824 0.9667824 1.1468997 1.1468997 0.9801907 0.9801907 1.1966118 2.1609929 1.1594875 1.2769223 1.7031084 1.0000002 1.0000002 1.2980558 1.2980558 1.2012786 1.2012786 1.2750431 1.1540345 1.1514065 1.2228916 1.1054859 1.1373557 1.4026933 1.3369671 1.1564389 1.2602672 1.2519012 1.3798609 1.2659045 1.2716726 1.1632125 1.2742227 1.6505534 1.6947636 1.0683373 1.0362014 1.5095056 1.0661068 2.4640022 2.2246714 2.1467514 2.2722435 2.0071591 2.0525653 2.4470530 2.7075897 2.4294629 2.4135626 2.4292519 2.4218693 2.0851635 2.6279112 2.8578536 2.5796873 1.5901251 2.6016939 2.5085746 3.2089319 2.6083777 1.9539866 3.4764355 
Ctel_gnl_WGS_AMQN_CAPTEDRAFT_mRNA161403           0.5884783 0.5059295 0.6102817 0.5346528 0.5591513 0.6854779 0.5350060 0.6599635 0.6828057 0.7918114 0.5946198 0.5366385 0.4825293 0.6381228 0.7390532 0.5793258 0.6616621 0.6292311 0.7750137 0.7069810 0.9492096 0.6539223 0.8808328 0.7980503 0.6710176 0.7273317 0.0000000 0.6879141 0.6687644 0.6742127 0.6584114 0.6805508 0.6810464 0.6933298 0.7776757 0.8037296 0.8226166 0.8969662 1.0163942 1.0155625 0.9831374 1.3066361 0.9053210 0.9924329 0.9924329 1.1361542 1.0603043 1.1154324 1.0788052 1.1700620 1.2042940 1.2668487 1.2668487 1.0137341 1.0137341 1.1262700 1.1262700 1.0154755 1.0154755 1.1494082 1.7141822 1.1325044 1.1711554 1.4311278 0.9372697 0.9372697 1.1637207 1.1637207 1.0931555 1.0931555 1.1524247 1.2833224 1.0749043 1.2329310 1.0583126 1.2358518 1.3168725 1.2765431 1.1471841 1.3989136 1.2102311 1.3500871 1.2344761 1.0414148 1.1833235 1.1638902 1.5343953 1.5070739 1.0132019 0.9925162 1.5758079 0.8309734 2.5084857 2.4462800 2.3533637 2.4181268 2.2960976 2.2027350 2.5447455 2.5422179 2.6302714 2.5437678 2.6418638 2.3454098 2.1896311 2.7664035 3.0605206 2.4547210 1.3757534 2.4576980 2.3533996 3.4570214 2.6237338 1.7612118 3.0799191 
TrH2_TrispH2_004851-RA                            0.7069573 0.5415494 0.6145387 0.6757322 0.7489512 0.7567048 0.5238636 0.7611274 0.7790781 0.9629327 0.6919161 0.6996671 0.6092851 0.6232142 0.7445945 0.6090787 0.6885627 0.6759466 0.6936569 0.6692850 0.5798601 0.6775251 0.8120641 0.8255532 0.6952681 0.8513011 0.6879141 0.0000000 0.0031414 0.1497373 0.1540028 0.1779731 0.1728215 0.1329645 0.8237405 0.7802633 0.8076125 0.9310945 1.0275897 1.0333302 0.9961865 1.3762820 0.8473551 0.9759826 0.9759826 1.1467405 1.1121056 1.1626194 1.0895254 1.2170803 1.2777748 1.2695829 1.2695829 0.9663821 0.9663821 1.0851722 1.0851722 0.9795230 0.9795230 1.2394840 3.0443756 1.1856493 1.1447512 1.4580820 0.9920177 0.9920177 1.2490623 1.2490623 1.1627594 1.1627594 1.2584444 1.1777924 1.1133625 1.1343584 1.1244111 1.1174270 1.2341378 1.1910992 1.0514610 1.3050174 1.2050444 1.3935374 1.1769523 1.1187653 1.1861114 1.1642704 1.5427645 1.5766083 0.9803679 0.9629903 1.7513078 1.0658860 2.4047015 2.5016567 2.2134877 2.4550322 2.1823774 2.1307695 2.4733151 2.7493522 2.1290918 2.2495009 2.2133743 2.2338620 2.0205627 2.5396130 3.1196484 2.3977561 1.7899558 2.3941488 2.2919491 3.9585163 2.4307280 1.8174794 3.0796041 
Tadh_TriadT22587                                  0.6938273 0.5346018 0.6142163 0.6750726 0.7331478 0.7418246 0.5330923 0.7621810 0.7621810 0.9665620 0.6928757 0.6727666 0.6103462 0.6182291 0.7388964 0.5998262 0.6835080 0.6714880 0.6936569 0.6613493 0.5798601 0.6721559 0.8047460 0.8195187 0.6898865 0.8498942 0.6687644 0.0031414 0.0000000 0.1457528 0.1500373 0.1738312 0.1687209 0.1290778 0.8246441 0.7626348 0.7932880 0.8918823 1.0007941 1.0344859 0.9738453 1.3473255 0.8491302 0.9791535 0.9791535 1.1501580 1.1146015 1.1652503 1.0922180 1.2196857 1.2743934 1.2723080 1.2723080 0.9680778 0.9680778 1.0891520 1.0891520 0.9811775 0.9811775 1.2316242 3.0443756 1.1883604 1.1407108 1.4580820 0.9921667 0.9921667 1.2517059 1.2517059 1.1655362 1.1655362 1.2426173 1.1474632 1.0831565 1.1092703 1.1125320 1.0914393 1.2099054 1.1592257 1.0373827 1.2698642 1.1741432 1.3713093 1.1497521 1.1105348 1.1640256 1.1469243 1.5019608 1.5329207 0.9825052 0.9650845 1.7636836 1.0658860 2.3800653 2.4809936 2.2404474 2.4533817 2.1796844 2.1372827 2.4713361 2.7493522 2.0607932 2.2156785 2.1741530 2.2035011 1.9885940 2.5339231 3.1253655 2.4011029 1.7899558 2.3788326 2.2540749 3.9770773 2.4051936 1.8174794 2.9978017 
HoiH23_PlH23_001306-RA                            0.7066278 0.5537714 0.6325805 0.6871430 0.7243641 0.7337972 0.5481638 0.7374715 0.7374715 0.9474584 0.6953523 0.6921757 0.6182300 0.6281402 0.7615140 0.6351970 0.6888087 0.6485587 0.7046113 0.6977942 0.6114689 0.7140913 0.8208256 0.8556053 0.6900850 0.8681098 0.6742127 0.1497373 0.1457528 0.0000000 0.0304824 0.0903775 0.0860887 0.1142511 0.8566778 0.8003398 0.8009457 0.8876501 1.0256032 1.0625317 0.9928636 1.3702437 0.8425164 0.9465737 0.9465737 1.1064738 1.0930136 1.1712636 1.0984082 1.2174263 1.2654157 1.2856640 1.2856640 0.9703091 0.9703091 1.0869753 1.0869753 0.9833988 0.9833988 1.2144757 3.5457509 1.1552317 1.1719913 1.4880343 0.9926645 0.9926645 1.2856032 1.2856032 1.1876525 1.1876525 1.2459647 1.1642510 1.1002049 1.1454202 1.1189843 1.1265122 1.2560826 1.2095794 1.1088013 1.2709300 1.1781271 1.3720807 1.1404568 1.1168541 1.1995416 1.1960059 1.5591132 1.6095141 1.0012207 0.9878371 1.7332954 1.0936866 2.3551103 2.4553350 2.2961968 2.5299753 2.2517564 2.1574525 2.5361008 2.6829236 2.2151140 2.3168434 2.1909033 2.2763746 2.1098307 2.6112312 3.0380642 2.5301624 1.6078201 2.4247360 2.3234576 3.7719156 2.4553394 1.8455807 3.0128463 
HoiH06_mRNA9914                                   0.7018735 0.5561059 0.6481686 0.6831176 0.7170975 0.7170538 0.5448972 0.7315379 0.7315379 0.9272062 0.6772235 0.6696247 0.5971814 0.6179613 0.7589754 0.6311170 0.6844611 0.6383651 0.6991025 0.7041394 0.6525785 0.7045449 0.8390862 0.8561104 0.7032140 0.8493787 0.6584114 0.1540028 0.1500373 0.0304824 0.0000000 0.0798816 0.0757607 0.1055273 0.8431396 0.8112554 0.7950688 0.8867956 1.0155661 1.0487405 0.9893500 1.3674908 0.8531558 0.9575573 0.9575573 1.1171515 1.1133402 1.1703786 1.1004863 1.2109069 1.2766968 1.2678900 1.2678900 0.9749190 0.9749190 1.1008455 1.1008455 0.9879402 0.9879402 1.1971270 3.1841236 1.1375485 1.1622952 1.4797360 0.9991057 0.9991057 1.2792670 1.2792670 1.1850828 1.1850828 1.2444747 1.1653989 1.0918104 1.1611662 1.1231329 1.1131903 1.2695157 1.2244121 1.1000980 1.2713783 1.1776505 1.3810472 1.1400856 1.0808987 1.1736184 1.1679311 1.5650024 1.5915264 0.9996296 0.9863367 1.6783720 1.0634097 2.3280114 2.4175678 2.3294313 2.5089256 2.2228632 2.1596256 2.4908839 2.7590744 2.2142046 2.3048524 2.1872431 2.2519974 2.0948843 2.6175934 3.0035253 2.5327148 1.4979504 2.4510409 2.2877087 3.8487253 2.4412856 1.7865221 2.9866098 
Hhon_g08627.t1                                    0.7179622 0.5796624 0.6475446 0.6603469 0.7279439 0.7627283 0.5601266 0.7917381 0.7917381 0.9265559 0.7031889 0.7041488 0.6220995 0.6381506 0.7572419 0.6306849 0.6782015 0.6778268 0.7160448 0.7208580 0.6026081 0.7018629 0.8361162 0.8865023 0.7270645 0.8463428 0.6805508 0.1779731 0.1738312 0.0903775 0.0798816 0.0000000 0.0063608 0.1375758 0.8789474 0.7906192 0.8104163 0.9280033 1.0573824 1.1056624 1.0112067 1.3998726 0.8682929 1.0048956 1.0048956 1.1709698 1.1604246 1.1807988 1.0950075 1.2297592 1.3080791 1.2852518 1.2852518 0.9932780 0.9932780 1.0963534 1.0963534 1.0059797 1.0059797 1.2635936 3.3463019 1.2023243 1.2405907 1.6069982 1.0394902 1.0394902 1.3089551 1.3089551 1.1845812 1.1845812 1.2914848 1.2248374 1.1348788 1.2110308 1.1586099 1.1681022 1.3062251 1.2365578 1.0568647 1.3114199 1.2034634 1.4029749 1.1716434 1.0930640 1.2167237 1.2121137 1.6188554 1.6559829 1.0291379 1.0167196 1.7079942 1.1129750 2.4906952 2.4654278 2.3314354 2.5459810 2.2986806 2.2139765 2.5958667 2.7972256 2.2645579 2.3754447 2.2143797 2.2763130 2.1086712 2.6876801 3.1329682 2.6462910 1.6365033 2.4278081 2.3419625 3.7356263 2.5233668 1.7837547 3.0505897 
HoiH04_mRNA5331                                   0.7170746 0.5796942 0.6437727 0.6602547 0.7245912 0.7636374 0.5523082 0.7927047 0.7927047 0.9310546 0.7022650 0.7032817 0.6250717 0.6373563 0.7563058 0.6292141 0.6773653 0.6716104 0.7160448 0.7197907 0.6026081 0.7082725 0.8361162 0.8798514 0.7141722 0.8481995 0.6810464 0.1728215 0.1687209 0.0860887 0.0757607 0.0063608 0.0000000 0.1328333 0.8773194 0.7941818 0.8034784 0.9204991 1.0709178 1.1213146 1.0169531 1.3979378 0.8615501 1.0006406 1.0006406 1.1709294 1.1548709 1.1751096 1.0892732 1.2228686 1.2994461 1.2759992 1.2759992 0.9803614 0.9803614 1.0878258 1.0878258 0.9932406 0.9932406 1.2565663 3.2897209 1.1964784 1.2303624 1.6179517 1.0335032 1.0335032 1.2963509 1.2963509 1.1770627 1.1770627 1.2823348 1.2234058 1.1356876 1.2056511 1.1533935 1.1604515 1.2990209 1.2297130 1.0518722 1.3119327 1.2006087 1.4020068 1.1608405 1.0930640 1.2051523 1.2051772 1.6076581 1.6438298 1.0239907 1.0118081 1.6818784 1.1040593 2.4585163 2.4497167 2.3109093 2.5289761 2.2953095 2.2107473 2.5719253 2.7972256 2.2528224 2.3338754 2.1897024 2.2622758 2.0929925 2.6542546 3.0942752 2.6043768 1.6365033 2.4190913 2.3335319 3.7370350 2.5137135 1.7837547 2.9964322 
