137
Mertsp_Mesp_sb568856                                  0.0000000 0.0000010 0.0110426 0.0110426 0.0110426 0.0105897 0.0939264 0.0939264 0.4206437 0.4206437 0.2245826 0.5000057 0.2801401 0.1969796 0.5725524 0.5097924 0.3627861 0.3627861 0.3693771 0.2385373 0.4341369 0.0000010 0.6470006 0.6470006 0.8146808 2.4320525 1.3593832 1.5348903 0.0000010 0.6857054 0.0000010 0.0000010 0.9166679 3.3217071 1.2345663 1.1905821 1.3553290 1.3444385 4.2948268 1.3706686 0.7205928 1.2849123 1.2805327 1.2567625 1.2017571 1.2312371 1.2971122 0.0000010 1.2763939 1.1663375 0.6829587 1.4037076 1.4324027 1.4068879 0.0000010 1.4859575 0.7451287 1.2031483 1.0542103 1.1449311 1.0638329 1.2732611 1.3004680 1.3574200 1.3153796 1.3145397 1.3775684 1.2485659 1.2950030 1.7745681 1.4533453 1.1023445 1.1878422 1.5785738 1.3266332 1.2778950 1.1986558 1.3666741 1.2798577 1.3910902 1.3518256 1.1742039 1.4679027 1.4413211 1.5119191 1.3274540 1.4187326 0.0000010 1.4175095 1.5236152 1.2677549 1.6048160 1.5233983 1.5461560 1.4721522 1.3471010 1.6785791 1.9445131 1.2398033 2.4244280 1.6808974 1.5484333 1.4345625 1.5529130 1.4599219 1.5090032 1.9409602 1.6285283 1.5756325 1.1697141 1.6258026 1.5549612 1.5610815 1.5820622 1.6048248 1.5740779 1.5655214 1.8287194 1.8164362 1.8849724 1.6408545 1.3678578 1.6480736 0.6919367 0.4850303 2.1365008 2.0246191 2.0246191 1.6463318 2.0785392 3.0111793 0.0000010 0.5530273 0.0000010 0.1897061 5.9958433 1.7885908 
Mertsp_Mesp_sb568858                                  0.0000010 0.0000000 0.0075903 0.0075903 0.0075903 0.0000010 1.5726963 1.5726963 0.4836330 0.4836330 0.2723786 0.5483329 0.2801401 0.2145431 0.5725524 0.5731149 0.4328722 0.4328722 0.4195817 0.2378265 0.4257751 0.0000010 0.7269999 0.7269999 9.0000000 9.0000000 5.0303541 9.0000000 0.0000010 2.6975811 0.0000010 0.0000010 1.3248955 3.3217071 1.2579931 1.2496526 1.3629269 1.3354184 0.0000010 1.3048290 0.7794709 1.2792906 1.3339043 1.3313391 1.1406459 1.3023725 1.3023526 0.0000010 1.2389948 1.2606907 0.5412403 1.4572260 1.4315593 1.4299372 0.0000010 1.5165844 0.0000010 1.2184656 1.0584057 1.1449311 1.0720469 1.2468571 1.2661663 1.2452515 1.2802571 1.3054866 1.3791944 1.2557592 1.2931971 1.9907083 1.5104430 1.1421304 1.2215193 1.6212009 1.3792383 1.2957523 1.1719354 1.3166755 1.2639322 1.6844906 1.2991714 1.2313573 1.5398506 1.4413211 1.6169702 1.2690667 1.3198494 0.0000010 1.2579092 1.2791042 1.1181911 1.6048160 1.4874313 1.4486269 1.3562128 1.2351408 1.5228901 1.5267697 1.0842727 2.4244280 1.3907389 1.2791049 1.2198290 1.3262212 1.2775025 1.3770409 1.8384254 1.3516045 1.5756325 1.1697141 1.5859649 1.4848501 1.5170648 1.5439172 1.5852431 1.5539158 1.5422020 1.5370137 1.3418731 1.6061853 1.4803053 1.3037092 1.4035694 0.6919367 0.4850303 8.8210834 9.0000000 9.0000000 0.8911821 2.5945195 3.0111793 0.0000010 0.5530273 0.0000010 0.1897061 6.4903120 1.4776689 
Bolinf_Binf_sb1261559                                 0.0110426 0.0075903 0.0000000 0.0000010 0.0000010 0.0105897 0.0223701 0.0223701 0.4206437 0.4206437 0.2245826 0.4539256 0.2801401 0.1672753 0.0383729 0.4659229 0.3360795 0.3520267 0.3693771 0.2385373 0.4176111 0.0000010 0.5885731 0.5885731 0.5217387 0.7591599 0.6688384 0.4870176 0.0000010 0.3773417 0.0000010 0.0000010 0.9166679 1.7314545 1.2102641 1.2071713 1.4013071 1.3682652 0.7506087 1.3533749 0.7535633 1.3128712 1.2270564 1.2431868 1.1695468 1.1225336 1.1707592 0.7853864 1.1472141 1.2317512 0.6829587 1.3524279 1.3707307 1.3357134 0.0000010 1.4120728 0.7451287 1.2090558 1.0414078 1.1449311 0.9142067 1.1334571 1.1507654 1.4449649 1.2666872 1.2686322 1.3130157 1.1953828 1.2218463 1.7078762 1.3707596 1.0658218 1.1187980 1.4675024 1.2492213 1.2030987 1.1530814 1.1984473 1.2619082 1.2596921 1.2112612 1.1478562 1.4132640 1.4413211 1.4633936 1.3636086 1.3657055 0.0000010 1.4783082 1.5337019 1.4058462 1.6048160 1.6301343 1.6195100 1.5770003 1.4772048 1.6940686 2.0742267 1.3237019 2.4244280 1.7904682 1.5452900 1.4740387 1.5502838 1.5378575 1.5531880 1.9487042 1.6856155 1.5756325 1.1697141 1.6904875 1.6801020 1.6898887 1.6778393 1.7015093 1.6437652 1.6363686 1.8211099 1.8845539 1.8165495 1.7539364 1.4055682 1.7862673 0.6919367 0.4850303 1.6266663 1.4782129 1.4782129 1.8316447 2.3906919 3.0111793 0.0000010 0.5530273 0.0000010 0.1897061 5.4795556 1.6114241 
Bolinf_Binf_sb1261560                                 0.0110426 0.0075903 0.0000010 0.0000000 0.0000010 0.0105897 0.0223701 0.0223701 0.4206437 0.4206437 0.2245826 0.4539256 0.2801401 0.1672753 0.0383729 0.4659229 0.3360795 0.3520267 0.3693771 0.2385373 0.4176111 0.0000010 0.5885731 0.5885731 0.5217387 0.7591599 0.6688384 0.4870176 0.0000010 0.3773417 0.0000010 0.0000010 0.9166679 1.7314545 1.2102641 1.2071713 1.4013071 1.3682652 0.7506087 1.3533749 0.7535633 1.3128712 1.2270564 1.2431868 1.1695468 1.1225336 1.1707592 0.7853864 1.1472141 1.2317512 0.6829587 1.3524279 1.3707307 1.3357134 0.0000010 1.4120728 0.7451287 1.2090558 1.0414078 1.1449311 0.9142067 1.1334571 1.1507654 1.4449649 1.2666872 1.2686322 1.3130157 1.1953828 1.2218463 1.7078762 1.3707596 1.0658218 1.1187980 1.4675024 1.2492213 1.2030987 1.1530814 1.1984473 1.2619082 1.2596921 1.2112612 1.1478562 1.4132640 1.4413211 1.4633936 1.3636086 1.3657055 0.0000010 1.4783082 1.5337019 1.4058462 1.6048160 1.6301343 1.6195100 1.5770003 1.4772048 1.6940686 2.0742267 1.3237019 2.4244280 1.7904682 1.5452900 1.4740387 1.5502838 1.5378575 1.5531880 1.9487042 1.6856155 1.5756325 1.1697141 1.6904875 1.6801020 1.6898887 1.6778393 1.7015093 1.6437652 1.6363686 1.8211099 1.8845539 1.8165495 1.7539364 1.4055682 1.7862673 0.6919367 0.4850303 1.6266663 1.4782129 1.4782129 1.8316447 2.3906919 3.0111793 0.0000010 0.5530273 0.0000010 0.1897061 5.4795556 1.6114241 
Bolinf_Binf_sb1261561                                 0.0110426 0.0075903 0.0000010 0.0000010 0.0000000 0.0105897 0.0384786 0.0384786 0.4206437 0.4206437 0.2245826 0.4910938 0.2801401 0.1798889 0.5725524 0.5001519 0.3521940 0.3521940 0.3693771 0.2385373 0.4175890 0.0000010 0.6368198 0.6368198 0.7097660 1.6853920 1.1116672 0.9029298 0.0000010 0.4592757 0.0000010 0.0000010 0.9166679 3.3217071 1.2220113 1.1863661 1.3882812 1.3774976 4.2948268 1.3836290 0.7205928 1.3146907 1.2881541 1.2808271 1.2194579 1.2789091 1.2834679 0.0000010 1.2667077 1.1723097 0.6829587 1.4372870 1.4597253 1.4285286 0.0000010 1.5121279 0.7451287 1.2387193 1.0473908 1.1449311 1.0855106 1.2772147 1.2844787 1.3845078 1.3359370 1.3432516 1.4097356 1.2701248 1.3005203 1.8063431 1.4823046 1.1122293 1.1728425 1.5713448 1.3089955 1.2618426 1.1920948 1.3471251 1.3245814 1.3196481 1.3123265 1.1430513 1.4834978 1.4413211 1.5111348 1.3164793 1.4224059 0.0000010 1.4500510 1.5578523 1.3379704 1.6048160 1.5457557 1.5557822 1.5272203 1.4026714 1.7053099 2.0530707 1.2680593 2.4244280 1.7637849 1.5717869 1.4731553 1.5720469 1.4891790 1.5217932 1.9471655 1.6535358 1.5756325 1.1697141 1.6751665 1.6022548 1.6084609 1.6292098 1.6520603 1.6209796 1.6122763 1.8389589 1.8202006 1.8700071 1.6619801 1.3583713 1.6729167 0.6919367 0.4850303 2.1147463 1.9386473 1.9386473 1.8112024 2.2479532 3.0111793 0.0000010 0.5530273 0.0000010 0.1897061 5.9958433 1.7885908 
Mertsp_Mesp_sb568857                                  0.0105897 0.0000010 0.0105897 0.0105897 0.0105897 0.0000000 0.8000026 0.8000026 0.4414208 0.4414208 0.2334351 0.4812085 0.2801401 0.2048394 0.5725524 0.5037831 0.4011394 0.4011394 0.4022733 0.2397071 0.4092247 0.0000010 0.6261560 0.6261560 1.4162049 3.7421597 2.7645685 0.0000010 0.0000010 2.0750320 0.0000010 0.0000010 0.9133571 3.3217071 1.1669684 1.1388542 1.2625324 1.2496243 4.2948268 1.2097385 0.5352280 1.1637090 1.1825814 1.2164048 1.0719210 1.1941043 1.1227959 0.0000010 1.0716853 1.1323700 0.5459613 1.2894093 1.2838028 1.2573776 0.0000010 1.3254770 0.7451287 1.0534537 0.9678991 1.1449311 0.9570802 1.1572557 1.1835917 1.2017114 1.1556005 1.1802395 1.2478772 1.1319736 1.1582664 1.7261517 1.3349286 1.0306013 1.1225404 1.4770583 1.2283306 1.1759555 1.0664489 1.2030589 1.1666454 1.0389546 1.1587120 1.1229289 1.4131753 1.4413211 1.4646347 1.2088035 1.2338442 0.0000010 1.1498488 1.2124645 1.0196027 1.6048160 1.3577644 1.3563931 1.2383614 1.1181906 1.4395075 1.4796180 0.9971607 2.4244280 1.3037872 1.1837610 1.1548825 1.1927058 1.1421427 1.2379649 1.6662609 1.2990394 1.5756325 1.1697141 1.4796189 1.3694265 1.3993084 1.4296452 1.4647181 1.4466502 1.4370070 1.4521721 1.3532960 1.4579283 1.3361520 1.1555111 1.3206258 0.6919367 0.4850303 2.0492317 2.0004591 2.0004591 0.7961176 1.4476256 3.0111793 0.0000010 0.5530273 0.0000010 0.1897061 6.0426679 1.7885908 
Bolinf_Binf_sb1261562                                 0.0939264 1.5726963 0.0223701 0.0223701 0.0384786 0.8000026 0.0000000 0.0000010 0.3115509 0.3115509 0.3762057 0.4411868 0.0000010 0.1485881 0.0000010 0.4391261 0.2735349 0.2945565 0.3176077 0.3705440 0.4811574 0.0000010 0.5504482 0.5504482 0.5217387 0.7591599 0.6047103 0.4870176 0.0000010 0.3773417 0.0000010 0.0000010 0.9196526 0.5229229 1.2391989 1.2771178 1.5963997 1.5281829 0.7506087 1.6028462 0.7447787 1.5602643 1.2400902 1.2635891 1.3121877 1.0082687 1.2298052 0.7853864 1.2847955 1.3419674 0.9424845 1.4075148 1.4687408 1.3889270 0.0000010 1.4788282 0.0000010 1.3957188 1.1488534 0.0000010 0.8906599 1.0884884 1.1036016 1.9636493 1.3974727 1.3788304 1.3810578 1.2781584 1.3194629 1.5888768 1.3788304 1.1057869 1.1005317 1.3691819 1.2231404 1.1921001 1.2368411 1.1627895 1.4022338 1.2970934 1.2852523 1.1869104 1.3963888 0.0000010 1.4402336 1.6160365 1.6011102 0.0000010 2.1418513 2.1304120 2.2881910 0.0000010 2.1604548 2.1470074 2.2705017 2.2838938 2.1267186 3.6819292 2.0381493 0.0000010 2.8937909 2.3496244 2.1632065 2.2962496 2.3817216 2.2142511 2.4461783 2.5045979 0.0000010 0.0000010 2.0144450 2.2557298 2.2160281 2.1077350 2.1012182 1.9796116 1.9796116 2.5367405 2.9802472 2.5295170 2.5535307 1.8765539 2.8871757 0.0000010 0.0000010 1.4809007 1.4316382 1.4316382 2.7409577 2.6821464 0.0000010 0.0000010 0.0000010 0.0000010 0.0000010 3.7603301 1.3865622 
Bolinf_Binf_sb1261563                                 0.0939264 1.5726963 0.0223701 0.0223701 0.0384786 0.8000026 0.0000010 0.0000000 0.3115509 0.3115509 0.3762057 0.4411868 0.0000010 0.1485881 0.0000010 0.4391261 0.2735349 0.2945565 0.3176077 0.3705440 0.4811574 0.0000010 0.5504482 0.5504482 0.5217387 0.7591599 0.6047103 0.4870176 0.0000010 0.3773417 0.0000010 0.0000010 0.9196526 0.5229229 1.2391989 1.2771178 1.5963997 1.5281829 0.7506087 1.6028462 0.7447787 1.5602643 1.2400902 1.2635891 1.3121877 1.0082687 1.2298052 0.7853864 1.2847955 1.3419674 0.9424845 1.4075148 1.4687408 1.3889270 0.0000010 1.4788282 0.0000010 1.3957188 1.1488534 0.0000010 0.8906599 1.0884884 1.1036016 1.9636493 1.3974727 1.3788304 1.3810578 1.2781584 1.3194629 1.5888768 1.3788304 1.1057869 1.1005317 1.3691819 1.2231404 1.1921001 1.2368411 1.1627895 1.4022338 1.2970934 1.2852523 1.1869104 1.3963888 0.0000010 1.4402336 1.6160365 1.6011102 0.0000010 2.1418513 2.1304120 2.2881910 0.0000010 2.1604548 2.1470074 2.2705017 2.2838938 2.1267186 3.6819292 2.0381493 0.0000010 2.8937909 2.3496244 2.1632065 2.2962496 2.3817216 2.2142511 2.4461783 2.5045979 0.0000010 0.0000010 2.0144450 2.2557298 2.2160281 2.1077350 2.1012182 1.9796116 1.9796116 2.5367405 2.9802472 2.5295170 2.5535307 1.8765539 2.8871757 0.0000010 0.0000010 1.4809007 1.4316382 1.4316382 2.7409577 2.6821464 0.0000010 0.0000010 0.0000010 0.0000010 0.0000010 3.7603301 1.3865622 
Coemet_Cmet_scaffold12447_01                          0.4206437 0.4836330 0.4206437 0.4206437 0.4206437 0.4414208 0.3115509 0.3115509 0.0000000 0.0000010 0.0076736 0.2338109 0.6694529 0.4070529 0.5725524 0.4585040 0.4924972 0.4924972 0.4924972 0.3500415 0.4645291 0.0000010 0.4545382 0.4545382 0.0000010 0.0000010 4.8022929 0.0000010 0.0000010 0.0000010 0.0000010 0.0000010 0.6300574 3.6311012 0.9741747 0.9661809 1.0667630 1.0913025 4.2948268 1.0073971 0.5798810 0.9304125 0.9156043 0.8974960 0.9000129 1.0115255 0.9191251 0.0000010 0.8695723 0.9260681 0.5524748 0.9845194 1.0435454 1.0322245 0.0000010 0.9434293 0.7451287 0.8499040 0.8104770 1.0611341 0.8250347 0.9071915 1.0702129 0.9818293 0.9593704 0.9474390 1.0478704 0.9761670 1.0074190 1.2137290 1.1960847 0.8555807 0.8750724 1.3230816 1.0593904 1.0390822 0.9620539 0.9806295 0.7978371 1.0081360 1.0446930 0.9750256 1.0378142 1.2388516 1.2165987 1.0911023 1.2128929 0.0000010 1.0297027 1.2202363 0.9901708 1.3899189 1.3172057 1.2984633 1.1367766 1.1799857 1.2034256 1.4227195 1.0147438 2.1078468 1.3028206 1.3009842 1.2407463 1.2070612 1.1942322 1.2697622 1.4445739 1.2452134 1.2170432 1.1400906 1.1727288 1.2087946 1.2057507 1.1656733 1.1797024 1.2096988 1.2194832 1.2575791 1.3241367 1.3281968 1.2719004 1.1068521 1.4322067 0.7386804 0.7032145 1.3809418 0.9709316 0.9709316 0.8320253 1.1197729 2.4180550 0.0000010 0.5530273 0.0000010 0.1975412 6.1466729 1.6564075 
Coemet_Cmet_scaffold12446_01                          0.4206437 0.4836330 0.4206437 0.4206437 0.4206437 0.4414208 0.3115509 0.3115509 0.0000010 0.0000000 0.0076736 0.2338109 0.6694529 0.4070529 0.5725524 0.4585040 0.4924972 0.4924972 0.4924972 0.3500415 0.4645291 0.0000010 0.4545382 0.4545382 0.0000010 0.0000010 4.8022929 0.0000010 0.0000010 0.0000010 0.0000010 0.0000010 0.6300574 3.6311012 0.9741747 0.9661809 1.0667630 1.0913025 4.2948268 1.0073971 0.5798810 0.9304125 0.9156043 0.8974960 0.9000129 1.0115255 0.9191251 0.0000010 0.8695723 0.9260681 0.5524748 0.9845194 1.0435454 1.0322245 0.0000010 0.9434293 0.7451287 0.8499040 0.8104770 1.0611341 0.8250347 0.9071915 1.0702129 0.9818293 0.9593704 0.9474390 1.0478704 0.9761670 1.0074190 1.2137290 1.1960847 0.8555807 0.8750724 1.3230816 1.0593904 1.0390822 0.9620539 0.9806295 0.7978371 1.0081360 1.0446930 0.9750256 1.0378142 1.2388516 1.2165987 1.0911023 1.2128929 0.0000010 1.0297027 1.2202363 0.9901708 1.3899189 1.3172057 1.2984633 1.1367766 1.1799857 1.2034256 1.4227195 1.0147438 2.1078468 1.3028206 1.3009842 1.2407463 1.2070612 1.1942322 1.2697622 1.4445739 1.2452134 1.2170432 1.1400906 1.1727288 1.2087946 1.2057507 1.1656733 1.1797024 1.2096988 1.2194832 1.2575791 1.3241367 1.3281968 1.2719004 1.1068521 1.4322067 0.7386804 0.7032145 1.3809418 0.9709316 0.9709316 0.8320253 1.1197729 2.4180550 0.0000010 0.5530273 0.0000010 0.1975412 6.1466729 1.6564075 
Coeast_Cast_sb746369                                  0.2245826 0.2723786 0.2245826 0.2245826 0.2245826 0.2334351 0.3762057 0.3762057 0.0076736 0.0076736 0.0000000 0.0829221 0.7783294 0.2166123 0.5725524 0.2280841 0.2519425 0.2519425 0.2519425 0.2833022 0.2826584 0.0000010 0.3099110 0.3099110 0.0000010 0.0000010 4.8482699 0.0000010 0.0000010 0.0000010 0.0000010 0.0000010 0.3327292 2.5114041 0.7137272 0.6802761 0.9038845 0.9304167 4.2948268 0.8106832 0.4340429 0.6534157 0.7169152 0.6455903 0.5954350 0.7397114 0.8096518 0.0000010 0.8070438 0.7043552 0.3976416 0.5750215 0.6018477 0.6701565 0.0000010 0.6180183 0.7451287 0.6808473 0.6277547 0.0000010 0.9346262 0.7773087 0.8304876 0.6637608 0.7914320 0.7611213 0.9932705 0.7880336 0.8724543 1.2193351 0.7733434 0.6526304 0.7949373 1.4475507 0.7572008 0.7522640 0.7345691 0.8273393 0.6675117 0.8815947 0.8424941 0.7711367 0.6859495 1.5367274 1.0160340 0.8707204 0.8777380 0.0000010 0.7925342 0.9590719 0.7229822 1.6951333 0.9393998 0.9593224 0.7952301 0.9091505 1.0129508 1.0810308 0.7023406 0.0000010 1.0811110 0.9446591 0.9603733 0.8180938 0.7836356 0.9206106 1.3140051 1.0423599 1.5577730 1.9923227 0.9007561 0.9643015 0.9572962 1.0044065 1.0044065 0.9970022 1.0186392 1.0139804 1.1890666 1.0955438 1.0559023 0.8156512 0.9100694 0.0000010 0.0000010 2.0286956 1.0634982 1.0634982 0.8378709 1.1974374 0.0000010 0.0000010 0.0000010 0.0000010 0.0000010 5.5110030 2.2195570 
Vmul_sbMO461252                                       0.5000057 0.5483329 0.4539256 0.4539256 0.4910938 0.4812085 0.4411868 0.4411868 0.2338109 0.2338109 0.0829221 0.0000000 0.6682434 0.3514364 0.1715701 0.3245243 0.4448218 0.5835065 0.5583406 0.3409100 0.4303796 0.4318254 0.5497221 0.5497221 0.1819862 0.2274203 0.2265609 0.1577966 0.4001838 0.3271261 0.3488684 0.3386159 1.0958881 0.7115229 0.8900609 0.9046589 1.0762558 1.0775659 0.6432986 1.0747940 0.5469652 1.0120201 1.0526030 0.9813352 0.9226624 0.9095735 0.9404207 0.7087894 0.8798733 0.9900775 0.6991422 1.0110633 1.0008527 1.0607575 0.8233278 0.9980801 0.5353986 0.9152395 0.9002661 0.9696039 0.8597462 0.9584764 0.9445321 1.3594338 1.0205702 1.0626021 1.0850351 1.0629587 1.0341371 1.1697975 1.2061214 0.8726296 0.9479334 1.0772821 1.0041847 0.9876256 0.9423974 0.9815728 1.0981723 0.9196803 0.9805215 0.9657602 1.0690651 1.2221330 1.2378171 1.2793731 1.5331252 2.3247381 1.3352409 1.4322081 1.4099068 1.2593012 1.6368196 1.6326827 1.4826598 1.6275701 1.5208680 1.7318037 1.3591798 1.9498910 1.5581923 1.4955963 1.5469329 1.5629435 1.5552487 1.5653926 1.7791393 1.6603756 1.1604350 1.0871843 1.3415491 1.3690092 1.3539850 1.3615538 1.3681037 1.3434963 1.3496134 1.6209335 1.9129271 1.5724077 1.5405003 1.5602173 1.6534670 0.8358286 0.6179197 1.3187630 1.5212059 1.5212059 1.8551975 1.9386226 2.5230994 0.0000010 1.4046391 0.4902994 1.8170098 5.3083771 1.5550676 
Vmul_sbMO424601                                       0.2801401 0.2801401 0.2801401 0.2801401 0.2801401 0.2801401 0.0000010 0.0000010 0.6694529 0.6694529 0.7783294 0.6682434 0.0000000 0.0099295 0.4996487 0.6780027 0.5706461 0.5816969 0.5816969 0.4085624 0.5317036 0.0000010 0.7907906 0.7907906 0.0000010 0.1928735 0.6652474 0.1928735 0.4442285 0.1928735 0.0000010 0.0000010 1.1406877 2.9722176 1.4878069 1.4642331 1.5496653 1.5264877 0.4783371 1.5094878 0.4783371 1.6296215 1.4310963 1.4336372 1.3028432 1.4482288 1.2963156 0.4783371 1.1793783 1.4169192 1.5355888 1.7324587 1.6409385 1.6119270 0.0000010 1.8280818 0.6570687 1.5003480 1.1826689 1.0129966 0.9706957 1.3100639 1.3187737 1.3900729 1.4484763 1.4525249 1.4389883 1.4528951 1.4709288 1.7230667 1.9901687 1.3092417 1.4641689 1.4476465 1.5418624 1.4530470 1.3719010 1.4076002 1.3228623 1.2596816 1.5151571 1.4560906 1.7358806 1.4540851 1.5598528 1.4715469 1.5108629 0.0000010 1.2628162 1.3164525 1.2038051 1.6435834 1.6194806 1.5985266 1.6107754 1.2977795 1.6885389 1.5878112 1.2934006 2.1978130 1.6136595 1.4222823 1.4324493 1.5616751 1.5384566 1.5790274 1.8815432 1.5834699 1.5477339 1.1287656 1.5687461 1.5323754 1.5514185 1.5625591 1.5920020 1.4680014 1.4539427 1.6991607 1.5796009 1.6734260 1.5456416 1.4329749 1.4671490 0.6646835 0.6424387 0.0000010 3.8817884 3.8817884 0.7815567 0.5523228 2.7651333 0.0000010 0.5854171 0.4290501 0.5700757 5.9245705 1.4776689 
Mlei_ML0007.g19.i1                                    0.1969796 0.2145431 0.1672753 0.1672753 0.1798889 0.2048394 0.1485881 0.1485881 0.4070529 0.4070529 0.2166123 0.3514364 0.0099295 0.0000000 0.0146857 0.3261442 0.2559518 0.3453121 0.3776957 0.2588986 0.3087813 0.4724439 0.5343846 0.5343846 0.4365114 0.3188171 0.3238838 0.2744800 0.2930766 0.1673348 0.1772493 0.1768755 0.8766183 0.7242746 1.0713462 1.0349991 1.1134611 1.2110429 0.5771314 1.1518054 0.5177961 1.1249236 1.1064415 1.0401028 1.0417380 0.9434623 1.1283563 0.5771690 1.0590309 1.0933243 0.7626392 1.0948468 1.1925860 1.2068045 0.7720001 1.2470969 2.5040557 1.2162058 1.0255579 1.0129966 0.8302483 1.1053560 1.0777470 1.4645211 1.1379556 1.1592157 1.1828703 1.1767405 1.1343334 1.2537554 1.2822001 1.0203246 1.0459834 1.2036295 1.0437764 1.0033586 1.0203785 1.0992175 1.1853342 0.9822606 1.0549474 1.0741639 1.1721920 1.4248662 1.3974658 1.2176612 1.5436919 2.2582991 1.4513939 1.5980315 1.5688802 1.6435834 1.8668804 1.8118168 1.6680560 1.7144670 1.6388163 1.8928748 1.4083151 2.1268093 1.7371250 1.5722932 1.5555402 1.6406648 1.6375698 1.6405515 1.8794648 1.8022965 1.5302660 1.2793670 1.4832752 1.4910187 1.4470757 1.4594061 1.4648075 1.4254659 1.4215063 1.9680796 2.0570018 1.7365825 1.5896739 1.5930939 1.6891989 0.6439933 0.6424387 1.2766275 1.3433857 1.3433857 1.8001472 1.9788963 2.7044874 1.6151595 1.5517888 1.5503628 1.7341657 6.1178902 1.2377330 
Vmul_sbMO393672                                       0.5725524 0.5725524 0.0383729 0.0383729 0.5725524 0.5725524 0.0000010 0.0000010 0.5725524 0.5725524 0.5725524 0.1715701 0.4996487 0.0146857 0.0000000 0.1549407 0.1210776 0.5725524 2.7895262 0.5725524 0.1603727 0.0000010 0.1963182 0.1963182 0.1623436 0.1474135 0.1474135 0.1474135 0.4286449 0.0633650 0.2547368 0.3833836 0.0000010 0.4759399 0.4602698 0.4304578 0.5006341 0.4790627 0.4806040 0.4542035 0.2620609 0.4096741 0.4409192 0.4615930 0.4096449 0.3166545 0.4764521 0.4122940 0.4747837 0.4120524 0.0000010 0.4439785 0.4543075 0.4344567 1.2349152 0.4183636 0.3389180 0.4828257 0.5293510 0.0000010 0.3068765 0.4123423 0.3975559 2.2311232 0.3997682 0.5524444 0.4265035 0.4669970 0.3977785 0.4305548 0.7317775 0.4378807 0.4232727 0.3736711 0.3976735 0.4110547 0.4259733 0.4521222 1.7187953 0.4153617 0.4378348 0.5108765 0.5526794 3.3779727 0.7053976 0.6266019 0.7574808 0.9841387 0.5808634 0.6887095 0.9059804 2.2858460 0.9000719 0.8534802 0.8522416 0.8958303 0.6875674 0.6792290 0.7108937 0.0000010 0.7458757 0.7638736 0.7328914 0.7190352 0.7543728 0.6583783 0.8636290 0.9343000 0.0000010 0.0000010 0.6175030 0.6339433 0.6339433 0.6307628 0.6307628 0.6201273 0.6201273 0.8833671 0.9946946 0.8265059 0.7552968 0.9182578 0.6810114 0.0000010 0.0000010 0.4046920 0.8295402 0.8295402 0.8039978 0.7745678 0.0000010 0.0000010 0.0000010 0.0000010 1.9997568 2.8238761 1.3956352 
Lampan_Lpan_14597_01                                  0.5097924 0.5731149 0.4659229 0.4659229 0.5001519 0.5037831 0.4391261 0.4391261 0.4585040 0.4585040 0.2280841 0.3245243 0.6780027 0.3261442 0.1549407 0.0000000 0.4009807 0.4969830 0.5091676 0.3947589 0.4195853 0.0000010 0.5512006 0.5512006 0.3953211 0.2973638 0.2871296 0.1985794 0.3419528 0.2564850 0.1822166 0.2601270 0.9883734 0.7598845 1.0364317 1.0381464 1.1902524 1.1813862 0.5987623 1.1482995 0.6093994 1.0811729 1.0734813 1.0140625 0.9959660 0.9388468 0.9354397 0.5421035 0.9741973 1.0086399 0.6908666 1.0573239 1.0918138 1.1369597 1.2355376 1.0864436 0.4827145 1.0213244 0.9585103 1.2029212 0.9125595 0.9685079 0.9616824 1.4500221 1.0598835 1.1307013 1.1305882 1.1268525 1.0512382 1.2075445 1.2868291 0.9166462 0.9410561 1.2148731 1.0483647 1.0536981 0.9997915 1.0160322 1.0977791 0.9197409 1.0571165 1.0716582 1.1728826 1.7499807 1.2950169 1.2791702 1.4122634 2.2051496 1.2968972 1.3736934 1.3523482 1.5837822 1.5835048 1.5976913 1.4840213 1.4905829 1.5105169 1.7354660 1.3289849 3.4168846 1.6824227 1.5873182 1.5579387 1.4700225 1.4874137 1.5085163 1.7661666 1.7048359 1.6251996 1.0996253 1.3029698 1.3620187 1.3635436 1.3263991 1.3166492 1.3016037 1.3122470 1.6563333 1.9276773 1.6579936 1.5968989 1.4506058 1.5821007 0.9217799 0.6747230 1.1863272 1.3430704 1.3430704 1.6490340 1.6851028 3.4238577 0.0000010 0.0000010 0.0000010 0.8215925 4.9472711 1.4979649 
Drygla_Dgla_sb307623                                  0.3627861 0.4328722 0.3360795 0.3360795 0.3521940 0.4011394 0.2735349 0.2735349 0.4924972 0.4924972 0.2519425 0.4448218 0.5706461 0.2559518 0.1210776 0.4009807 0.0000000 0.0076479 0.0184961 0.2265320 0.3193031 2.8359741 0.5873198 0.5873198 0.4989068 0.4064070 0.4006276 0.3384967 0.4227101 0.2552261 0.2258103 0.2595908 0.7536914 0.7099639 0.9788349 0.9774210 1.1543402 1.1167350 0.5921230 1.0609795 0.5168232 1.0963011 1.0782095 1.0290581 0.9918526 0.8801919 1.0018033 0.6317820 0.9811030 0.9658935 0.7195697 1.0812080 1.0753455 1.0664977 0.7399907 1.1029261 1.1998136 1.0250694 0.9419097 1.3764993 0.9221654 0.9689235 0.9725709 1.5232960 1.0654582 1.1219310 1.0772748 1.0820310 1.0455323 1.1462994 1.2158685 0.9242396 0.9897904 1.1380599 0.9373081 0.9406885 0.9249616 1.0063613 1.1189514 0.9027025 1.0160538 0.9855035 1.1288433 1.5722055 1.3060593 1.2745506 1.4519127 2.1487425 1.3278006 1.5324747 1.5241106 1.6913179 1.7181933 1.7411157 1.6265927 1.6306639 1.5733976 1.8344701 1.3830777 2.5778681 1.6666966 1.6321623 1.5665502 1.6048674 1.6904385 1.5495568 1.7094504 1.6799728 1.5233064 1.3368832 1.3600423 1.3425146 1.3409705 1.3276951 1.3388129 1.3139133 1.3053721 1.8338475 1.9944568 1.6341079 1.5256727 1.5147303 1.6301643 0.7133725 0.5576921 1.2964520 1.3286058 1.3286058 1.7110412 1.7924490 3.0891691 0.0000010 1.4470029 0.0000010 1.3095445 5.5127580 1.4335712 
Drygla_Dgla_sb307624                                  0.3627861 0.4328722 0.3520267 0.3520267 0.3521940 0.4011394 0.2945565 0.2945565 0.4924972 0.4924972 0.2519425 0.5835065 0.5816969 0.3453121 0.5725524 0.4969830 0.0076479 0.0000000 0.0030421 0.2265320 0.4007570 0.0000010 0.6415796 0.6415796 0.6938645 1.5268468 1.1335093 1.1248729 2.2850251 0.4839662 2.4221084 2.1541966 0.7536914 4.3481389 1.3630170 1.3385192 1.4871937 1.5412877 4.2948268 1.4710032 0.6708959 1.4719575 1.3843361 1.3080515 1.3686644 1.2963694 1.3765073 8.6307044 1.3334001 1.3108652 0.7195697 1.4266345 1.4360531 1.3768418 0.0000010 1.4328080 0.7451287 1.3449274 1.1633002 1.3764993 1.1406238 1.3012262 1.3366837 1.5026987 1.4593386 1.4808608 1.5131328 1.3723349 1.4566312 1.8170150 1.6459643 1.1884437 1.2696616 1.6912279 1.2322594 1.2578774 1.2143366 1.3502740 1.1493800 1.5203123 1.3970950 1.2541908 1.5345292 1.5722055 1.6781427 1.5475610 1.6415501 9.0000000 1.5753658 1.6827099 1.5797392 1.6913179 1.9471268 1.9783850 1.9052740 1.6969039 1.9368156 2.2221751 1.5745165 2.5778681 1.9151808 1.8370347 1.6692105 1.7233375 1.8490717 1.7105676 2.0301708 2.0123799 1.5233064 1.2815374 1.6465873 1.6048743 1.6164663 1.6130169 1.6375603 1.6083458 1.6002375 2.0879088 2.2432304 2.0575100 1.7885872 1.5928498 1.8650916 0.7133725 0.5576921 2.1759276 1.6991201 1.6991201 2.2650890 2.5330025 3.0891691 0.0000010 3.9893808 0.0000010 0.7599983 6.4534209 1.5257072 
Drygla_Dgla_sb307625                                  0.3693771 0.4195817 0.3693771 0.3693771 0.3693771 0.4022733 0.3176077 0.3176077 0.4924972 0.4924972 0.2519425 0.5583406 0.5816969 0.3776957 2.7895262 0.5091676 0.0184961 0.0030421 0.0000000 0.2265320 0.4012220 0.0000010 0.6287190 0.6287190 0.4879972 3.4542378 1.3353463 3.1446389 2.1338114 0.8185074 1.5649483 1.5649483 0.7918428 3.9863674 1.2487309 1.2274763 1.4287876 1.4203534 8.9999988 1.3067124 0.5888748 1.2999445 1.2757491 1.2087317 1.2266756 1.2324983 1.3271784 8.9999987 1.2168955 1.1376649 0.7292448 1.3493276 1.3154716 1.2594342 2.4681826 1.3151070 0.7451287 1.1387413 1.0678714 1.3764993 1.1483200 1.2432419 1.3033840 1.3671870 1.3612896 1.3666763 1.4028193 1.3179081 1.3800955 1.7079486 1.5445599 1.0945079 1.2394626 1.5854016 1.1727151 1.2071124 1.1235250 1.3100052 1.0543473 1.3450401 1.3403004 1.2763217 1.4243051 1.5722055 1.5869973 1.2145791 1.4296557 9.0000000 1.3189275 1.4158761 1.3451158 1.6913179 1.6633355 1.7148749 1.6099330 1.4032214 1.6471568 1.9494773 1.3584112 2.5778681 1.5539121 1.6374649 1.5192783 1.5083227 1.5655231 1.4944704 1.8459487 1.6949605 1.5233064 1.2815374 1.4514154 1.3805847 1.3874268 1.4368113 1.4667999 1.4461681 1.4379320 1.7921727 1.7832822 1.7097429 1.5090241 1.3251558 1.5577212 0.7133725 0.5576921 1.6579116 1.4634433 1.4634433 1.3799021 1.7085422 3.0891691 0.0000010 1.3736117 0.0000010 0.7599983 6.5742185 1.5257072 
Pbac_sb2638592                                        0.2385373 0.2378265 0.2385373 0.2385373 0.2385373 0.2397071 0.3705440 0.3705440 0.3500415 0.3500415 0.2833022 0.3409100 0.4085624 0.2588986 0.5725524 0.3947589 0.2265320 0.2265320 0.2265320 0.0000000 0.0188818 0.0000010 0.4403649 0.4403649 0.8326904 0.0000010 5.5240883 0.0000010 0.0000010 0.0000010 0.0000010 0.0000010 0.4577524 3.4891688 0.9087091 0.8989705 1.0411607 1.0442717 4.2948268 0.8328466 0.5624861 0.9359396 0.9532028 0.8731978 0.9175708 1.0475081 0.9525387 0.0000010 0.9708543 0.9301063 0.5958603 0.9706343 0.9429089 0.9764864 0.0000010 0.9711743 0.7451287 0.9719006 0.7530059 1.2018728 1.0304450 0.8893583 0.9774750 0.9382854 0.9246172 0.9721983 1.0687371 0.9168395 0.9538634 1.1793590 0.9518670 0.8681377 0.9948592 1.2990209 0.9346749 0.9175927 0.8833992 0.9978266 0.8981503 0.9428651 0.9185935 1.0868868 1.1320132 1.3135563 1.1352772 0.9371402 1.0091526 0.0000010 0.9558526 1.0966882 0.8934456 1.4589327 1.0951367 1.0765423 1.0377146 0.9850498 1.2155219 1.2122497 0.8329233 0.0000010 1.0931528 1.0006292 0.9586071 0.9725662 0.9847047 1.0439183 1.4680752 1.2044213 1.2514727 1.0408729 0.9752711 1.0140050 0.9898651 1.0762601 1.0604720 1.0231913 1.0150559 1.1775549 1.2014973 1.2319502 1.0357080 0.9075556 1.1534563 0.0000010 0.0000010 1.4357076 0.9208873 0.9208873 0.7764326 1.1856318 0.6041589 0.0000010 0.0000010 0.0000010 0.0000010 6.6876364 2.0347190 
Horcal_Hcv1.av93.c7.g590.i1                           0.4341369 0.4257751 0.4176111 0.4176111 0.4175890 0.4092247 0.4811574 0.4811574 0.4645291 0.4645291 0.2826584 0.4303796 0.5317036 0.3087813 0.1603727 0.4195853 0.3193031 0.4007570 0.4012220 0.0188818 0.0000000 0.0404469 0.5661706 0.5661706 0.6302118 0.4239087 0.4208978 0.3611866 0.3510829 0.2809707 0.2664776 0.0331520 0.8560461 0.7030305 1.0778602 1.0226910 1.1253035 1.2113771 0.5665985 1.0992100 0.5358641 1.1108512 1.1627197 1.0722831 1.0900772 0.9810961 1.1757701 0.6088126 1.1006680 1.1537615 0.7401077 1.0811445 1.1483189 1.1879439 0.7461417 1.1841416 2.3495703 1.1958662 1.0255479 1.2071443 0.9414944 1.0865425 1.0877836 1.3600061 1.0926830 1.1620335 1.1667882 1.1426377 1.0959993 1.2059666 1.3046466 0.9911415 1.0818190 1.2051482 1.0364052 1.0219444 0.9888495 1.0611741 1.1761204 0.9743075 1.0388428 1.0859053 1.1886628 1.4699194 1.4044053 1.2944871 1.6807676 2.3263035 1.4887789 1.7103206 1.6387821 1.5996307 1.9171157 1.8401954 1.6307706 1.8171399 1.7039526 1.8509450 1.4627376 1.8992559 1.7003634 1.6183898 1.5895789 1.5706741 1.6834332 1.6454914 1.9023669 1.8838724 1.4126457 1.3422638 1.4430117 1.4467770 1.3952862 1.4485081 1.4326986 1.4194468 1.4155535 1.9634160 2.0511555 1.6944657 1.6371998 1.6424829 1.7239803 0.0370698 0.0402856 1.2689810 1.3769019 1.3769019 1.7463907 2.0321963 2.3300336 1.8581310 1.4466442 1.6863801 1.7372141 6.3374040 1.1359881 
Pbac_sb2651929                                        0.0000010 0.0000010 0.0000010 0.0000010 0.0000010 0.0000010 0.0000010 0.0000010 0.0000010 0.0000010 0.0000010 0.4318254 0.0000010 0.4724439 0.0000010 0.0000010 2.8359741 0.0000010 0.0000010 0.0000010 0.0404469 0.0000000 0.0000010 0.0000010 0.0000010 0.5851886 0.5851886 0.5851886 0.0000010 0.5821941 0.5821941 0.0000010 0.0000010 3.2191203 1.7706798 1.5689501 0.0000010 2.2781789 0.0000010 1.9637612 0.0000010 1.4759163 1.5965821 1.4335171 1.4279697 1.3479718 2.3965426 0.0000010 1.6952028 2.0964214 0.0000010 0.0000010 1.6980494 1.8716433 0.0000010 1.8283336 2.3161926 2.3161926 1.5739598 0.0000010 0.0000010 1.9261301 1.7126268 0.0000010 1.5611205 1.9865039 1.7274762 1.5881584 1.6254704 1.6017088 1.9865039 1.2872909 1.5008743 1.6595633 1.5845235 1.5825309 1.4923577 1.5355706 0.0000010 1.6632252 1.3646507 1.7471152 1.6804240 0.0000010 2.6106356 0.0000010 2.4133294 2.0302446 2.8017436 2.7026879 2.5985423 0.0000010 4.5059277 3.4679477 2.2261282 3.4653406 2.6724315 2.4047215 2.0114133 0.0000010 1.9651491 1.7697194 2.0692732 1.5237646 1.8447424 2.1377889 2.5762162 4.4080212 0.0000010 9.0000000 2.4947384 2.4993414 2.3447459 2.4686833 2.4686833 2.4084158 2.4084158 4.5733913 3.4612251 2.8290321 2.5567923 2.7140179 2.2595273 0.0000010 0.0000010 9.0000000 9.0000000 9.0000000 1.9605743 2.2878111 0.0000010 1.5608979 1.6130009 1.4405458 1.9828449 6.7267067 1.0587051 
Eupdun_Edun_sb10642824                                0.6470006 0.7269999 0.5885731 0.5885731 0.6368198 0.6261560 0.5504482 0.5504482 0.4545382 0.4545382 0.3099110 0.5497221 0.7907906 0.5343846 0.1963182 0.5512006 0.5873198 0.6415796 0.6287190 0.4403649 0.5661706 0.0000010 0.0000000 0.0000010 0.6239228 0.8343942 0.7625664 0.5378907 0.0000010 0.5443744 0.0000010 0.0000010 0.9928579 1.6610163 1.2643901 1.1931002 1.3591137 1.3496992 0.6368302 1.3512230 0.8015361 1.2087252 1.2825686 1.1968330 1.1199520 1.1380091 1.2719800 0.6554779 1.1686290 1.2139107 0.6062843 1.1516042 1.2435431 1.2127734 0.0000010 1.1723795 1.4351826 1.1769104 1.0841514 1.3929868 0.9572818 1.1270895 1.1859382 1.3635847 1.1831213 1.1808637 1.2339614 1.1454670 1.1757941 1.6717229 1.3603615 0.9732063 1.0592834 1.3380939 1.1331578 1.1304876 1.0581125 1.1565507 1.0854032 1.3256742 1.1789942 1.0543743 1.3884106 1.3380587 1.3562126 1.3609650 1.4752202 0.0000010 1.3545537 1.6172261 1.3649683 1.3122180 1.6336886 1.5526586 1.5667007 1.5109326 1.5966756 1.8306132 1.5160493 1.8779791 1.7036323 1.5815445 1.5296246 1.5745967 1.4969995 1.6485919 1.7314944 1.6129120 1.4462848 1.0318718 1.4305762 1.4859685 1.5112438 1.4641595 1.4588991 1.3968567 1.4037916 1.7720042 1.9953911 1.6037575 1.6699766 1.5215539 1.8904697 0.7367948 0.8504854 1.5606779 1.5102532 1.5102532 2.0247299 2.1899209 2.4971025 0.0000010 0.9034512 0.0000010 0.1897061 5.8963123 1.5405439 
Eupdun_Edun_sb10642825                                0.6470006 0.7269999 0.5885731 0.5885731 0.6368198 0.6261560 0.5504482 0.5504482 0.4545382 0.4545382 0.3099110 0.5497221 0.7907906 0.5343846 0.1963182 0.5512006 0.5873198 0.6415796 0.6287190 0.4403649 0.5661706 0.0000010 0.0000010 0.0000000 0.6239228 0.8343942 0.7625664 0.5378907 0.0000010 0.5443744 0.0000010 0.0000010 0.9928579 1.6610163 1.2643901 1.1931002 1.3591137 1.3496992 0.6368302 1.3512230 0.8015361 1.2087252 1.2825686 1.1968330 1.1199520 1.1380091 1.2719800 0.6554779 1.1686290 1.2139107 0.6062843 1.1516042 1.2435431 1.2127734 0.0000010 1.1723795 1.4351826 1.1769104 1.0841514 1.3929868 0.9572818 1.1270895 1.1859382 1.3635847 1.1831213 1.1808637 1.2339614 1.1454670 1.1757941 1.6717229 1.3603615 0.9732063 1.0592834 1.3380939 1.1331578 1.1304876 1.0581125 1.1565507 1.0854032 1.3256742 1.1789942 1.0543743 1.3884106 1.3380587 1.3562126 1.3609650 1.4752202 0.0000010 1.3545537 1.6172261 1.3649683 1.3122180 1.6336886 1.5526586 1.5667007 1.5109326 1.5966756 1.8306132 1.5160493 1.8779791 1.7036323 1.5815445 1.5296246 1.5745967 1.4969995 1.6485919 1.7314944 1.6129120 1.4462848 1.0318718 1.4305762 1.4859685 1.5112438 1.4641595 1.4588991 1.3968567 1.4037916 1.7720042 1.9953911 1.6037575 1.6699766 1.5215539 1.8904697 0.7367948 0.8504854 1.5606779 1.5102532 1.5102532 2.0247299 2.1899209 2.4971025 0.0000010 0.9034512 0.0000010 0.1897061 5.8963123 1.5405439 
Coeast_Cast_sb746370                                  0.8146808 9.0000000 0.5217387 0.5217387 0.7097660 1.4162049 0.5217387 0.5217387 0.0000010 0.0000010 0.0000010 0.1819862 0.0000010 0.4365114 0.1623436 0.3953211 0.4989068 0.6938645 0.4879972 0.8326904 0.6302118 0.0000010 0.6239228 0.6239228 0.0000000 0.2624174 0.1753357 0.0340825 0.0000010 0.4961769 0.0000010 0.0000010 2.1056370 0.6943363 1.6415213 1.6838371 2.1138971 2.0285549 0.9381503 2.2096780 0.9969146 2.1720775 1.8694720 1.6389401 1.6024843 1.3695961 1.6031901 1.0420083 1.6882760 1.9206591 2.0469472 2.1736203 2.1708699 2.0134313 0.0000010 1.9980082 0.0000010 1.9829433 1.4838782 0.0000010 1.1878209 1.6892475 1.7594545 2.5925440 1.9108596 2.0440230 1.9282407 1.8481704 1.8542401 2.5663860 2.0440230 1.3700680 1.4349643 1.6350406 1.5965288 1.6483930 1.7392083 1.5539563 1.8122250 1.7193403 1.6246146 2.0492579 1.6319843 0.0000010 1.7163322 2.3689573 2.3224857 0.0000010 2.5503941 2.6211745 2.7188135 0.0000010 3.1695827 3.0463306 2.9150086 3.3646565 2.6642679 3.7987214 2.7733894 0.0000010 3.4993902 2.6844164 2.6411619 2.6586604 3.0117009 2.6056380 2.9702575 3.3657208 0.0000010 0.0000010 2.8068883 3.1180006 3.0481884 2.9425108 2.8474206 2.6382825 2.6382825 3.1576222 4.1131518 2.9962635 3.1701545 2.9951259 3.6318212 0.0000010 0.0000010 2.0544056 1.9640937 1.9640937 4.8517570 3.0872098 0.0000010 0.0000010 0.0000010 0.0000010 0.0000010 4.9666588 1.5902729 
Coemet_Cmet_scaffold12443_01                          2.4320525 9.0000000 0.7591599 0.7591599 1.6853920 3.7421597 0.7591599 0.7591599 0.0000010 0.0000010 0.0000010 0.2274203 0.1928735 0.3188171 0.1474135 0.2973638 0.4064070 1.5268468 3.4542378 0.0000010 0.4239087 0.5851886 0.8343942 0.8343942 0.2624174 0.0000000 0.0427554 0.0000010 0.3025960 0.3369830 0.3046599 0.2839789 8.2393144 0.5924254 1.1124032 1.1088987 1.2290708 1.2916965 0.6255753 1.1986424 0.6102324 1.1359127 1.2254961 1.1716025 1.1516998 0.9534332 1.2280802 0.6139223 1.1433266 1.1920292 7.1479253 1.0807237 1.2376374 1.3029708 0.8450170 1.2418467 2.5317216 1.3142680 1.1809163 0.0000010 0.9766048 1.1120454 1.0837247 2.8662292 1.1145980 1.1934411 1.1094498 1.1755587 1.1158883 1.1447854 1.2720104 1.0875807 1.1770293 1.1110227 1.0680961 1.0723690 1.0734678 1.0588480 2.0399357 0.9966483 1.0242089 1.1200057 1.2001421 0.0000010 1.5563725 1.5545040 1.9407550 2.3574024 1.7993504 1.9449172 2.0466164 0.0000010 2.4309791 2.3309244 1.9904515 2.3541207 1.8256926 2.1507729 1.7387180 0.0000010 1.9230535 1.8100649 1.9315449 1.9314135 2.0447852 1.9913015 2.1074702 2.4475306 0.0000010 3.4171737 1.7372077 1.7636381 1.7342571 1.7155919 1.7013366 1.6991157 1.6957345 2.1624845 2.2756002 1.9757759 1.8599099 2.1982670 2.0656955 0.0000010 0.0000010 1.4916652 1.9690917 1.9690917 2.2604534 2.1076600 0.0000010 1.9367636 1.5691137 1.6542507 1.8112516 6.0439305 1.3850519 
Coemet_Cmet_scaffold12444_01                          1.3593832 5.0303541 0.6688384 0.6688384 1.1116672 2.7645685 0.6047103 0.6047103 4.8022929 4.8022929 4.8482699 0.2265609 0.6652474 0.3238838 0.1474135 0.2871296 0.4006276 1.1335093 1.3353463 5.5240883 0.4208978 0.5851886 0.7625664 0.7625664 0.1753357 0.0427554 0.0000000 0.0039350 0.3025960 0.2997469 0.3046599 0.2839789 1.8899230 0.5924254 1.1306382 1.1048708 1.1247273 1.2295438 0.6255753 1.1947429 0.5963623 1.1396011 1.2333130 1.1614867 1.1430000 0.9230308 1.2270163 0.6139223 1.1409412 1.1807675 2.8986685 1.1002247 1.2643422 1.3177654 0.8450170 1.2489842 2.5317216 1.3160650 1.1523563 0.0000010 1.1100415 1.1169426 1.1082470 2.4480063 1.1277439 1.2160490 1.1078585 1.1797600 1.1172893 1.1336875 1.2920157 1.0593485 1.1505772 1.1141875 1.0650789 1.0702055 1.0616697 1.0773849 1.9753160 0.9785057 1.0371475 1.1157911 1.2508636 4.8113324 1.5464044 1.5727904 1.9185512 2.3574024 1.7826782 1.9056942 2.0356913 0.0000010 2.3873899 2.3172202 1.9399777 2.3269888 1.8505903 2.1904022 1.7605786 0.0000010 1.9298041 1.8302123 1.9092006 1.9545268 2.0407503 1.9747910 2.0897922 2.4534849 0.0000010 3.4171737 1.7144447 1.7385216 1.7090294 1.6988318 1.6868332 1.7170205 1.7136097 2.1218756 2.2973879 1.9477315 1.8623569 2.1542321 1.9885430 0.0000010 0.0000010 1.3322326 1.7531550 1.7531550 2.2727965 1.9905448 0.0000010 1.9367636 1.5691137 1.6542507 1.8112516 6.2241879 1.3850519 
Coemet_Cmet_scaffold12445_01                          1.5348903 9.0000000 0.4870176 0.4870176 0.9029298 0.0000010 0.4870176 0.4870176 0.0000010 0.0000010 0.0000010 0.1577966 0.1928735 0.2744800 0.1474135 0.1985794 0.3384967 1.1248729 3.1446389 0.0000010 0.3611866 0.5851886 0.5378907 0.5378907 0.0340825 0.0000010 0.0039350 0.0000000 0.3025960 0.2814671 0.3046599 0.2839789 3.4952581 0.5924254 1.0240583 1.0260096 1.0309136 1.1875395 0.6255753 1.0887947 0.5474852 1.0179993 1.1311816 1.0763044 1.0476325 0.8729004 1.1307905 0.6139223 1.0343780 1.1133262 7.6719507 0.9222653 1.1375229 1.2186303 0.8450170 1.1475014 2.5317216 1.2231165 1.0801161 0.0000010 0.9766048 1.0283450 1.0041849 2.2241724 1.0276782 1.1158584 1.0262546 1.0957118 1.0352765 1.0683280 1.1946461 1.0021937 1.0792863 1.0203823 0.9964629 0.9891590 0.9832647 0.9590647 1.5192753 0.9088413 0.9342761 1.0246068 1.1301638 0.0000010 1.4772924 1.2794202 1.8442882 2.3574024 1.7100492 1.8052093 1.9839161 0.0000010 2.3051672 2.2041402 1.8445796 2.2759983 1.7101781 1.9796130 1.6479265 0.0000010 1.8012519 1.6875313 1.8380764 1.7918653 1.8944362 1.8641377 2.0215076 2.3166034 0.0000010 3.4171737 1.6056057 1.6288748 1.6054648 1.5847251 1.5761961 1.5794323 1.5769574 1.9969180 2.1334647 1.8210323 1.7520645 2.0554114 1.9441417 0.0000010 0.0000010 1.2166011 1.6102016 1.6102016 2.1356543 1.9918518 0.0000010 1.9367636 1.5691137 1.6542507 1.8112516 5.9214240 1.3850519 
