98
Gasp_gasp1.m3.10690.m1                                            0.0000000 0.2022943 0.3396813 0.3329168 0.7279838 0.5163830 0.4365412 0.4136715 0.4249334 0.8176179 1.0678543 0.9749591 0.5351604 1.2025718 1.1286255 1.1345600 1.0228607 1.0998463 1.0780684 1.1157769 1.1068984 1.1676044 1.1536590 1.2884527 1.3568767 1.3882228 1.2301875 1.2574976 1.4816789 1.3338336 1.8343341 1.3612159 1.4247115 1.4247115 1.3470354 1.3890436 1.3533025 1.3267774 1.5924272 1.0790844 1.5583492 1.3520189 1.5335454 1.3366712 1.5555093 1.7367968 2.4419898 1.7446251 1.9514549 1.5714350 1.6684582 1.8469821 2.1249332 2.1263846 1.8216328 2.4775716 2.4863714 2.7164663 2.0111116 2.0111116 1.9144631 1.9480541 2.1417694 2.1750295 2.0705394 2.4046564 2.4422017 2.2303721 2.1780795 2.4230377 2.0283021 2.1966266 2.1966266 2.2242777 2.2242777 2.2452323 2.1083837 2.1531917 1.7069397 1.7069397 1.6472838 1.6875113 2.1190529 1.8584708 1.5855683 2.1321949 1.7794227 1.7025538 1.7888020 3.0132431 2.0044013 2.1172681 3.6199381 1.9990654 1.8416441 2.5100669 2.3862494 2.3495785 
Fspp_ffun1.m4.15068.m1                                            0.2022943 0.0000000 0.3901957 0.3999766 0.5424255 0.5175631 0.5158898 1.2947016 0.3914774 0.8406654 1.0239650 1.1450060 0.8748368 1.3303204 1.2736600 1.2748089 1.2318192 1.3079327 1.2519772 1.2799866 1.2660455 1.3407432 1.4195950 1.3226557 1.6052527 1.6154197 2.8128402 1.2506412 1.3498656 1.3673351 1.6608193 1.4552582 1.4728191 1.4728191 1.3345139 1.4453616 1.4285520 1.3369377 1.5893191 1.6128315 1.4827072 1.3180242 1.6085536 1.6280520 1.6949853 1.9681629 2.1811202 1.9967829 2.1329193 1.6485961 1.8185807 1.8980373 2.0483276 2.1742509 1.9941932 2.3101414 2.2831191 2.5752569 1.8844840 1.8844840 1.6626289 1.7921759 2.0243976 2.1623056 1.9143735 2.3178892 2.3317561 2.0583887 2.0237832 2.5378183 2.0127227 2.0171762 2.0171762 2.0897782 2.0897782 2.2793993 2.2299500 2.5747555 1.8189572 1.8189572 1.5989499 1.7220953 1.9317230 2.0072102 1.5678970 2.2576695 1.6100754 1.7062781 1.6799128 2.6299141 2.0691221 2.2507922 3.3486692 2.1217167 4.7361826 2.6331052 1.8135533 2.3504447 
Pocdam_XM_027186539.1                                             0.3396813 0.3901957 0.0000000 0.0690257 0.7233984 0.5194232 0.4082104 0.4625139 0.4968771 0.8848551 1.1629707 1.1040028 0.5060796 1.2455559 1.1538183 1.1527316 1.1064662 1.1705672 1.1630024 1.1422810 1.1332302 1.2333749 1.2944830 1.3384155 1.3730119 1.3510532 1.1034005 1.2778482 1.4236710 1.3001441 1.9104337 1.4228909 1.4617551 1.4617551 1.3549803 1.4242236 1.3480334 1.2996265 1.5963763 1.1109017 1.6398027 1.2826718 1.6329597 1.4247217 1.8711440 1.8831774 2.6217768 1.9052683 1.9291238 1.7357453 1.5163322 1.8483390 2.3448762 2.0421919 1.6703735 2.2316086 2.2444392 2.4736482 1.9256528 1.9256528 1.7514596 1.8365301 2.0646040 1.9654030 2.1293621 2.6370451 2.6829253 2.2470921 2.2098462 2.3456264 1.9382103 2.0585966 2.0585966 2.2034349 2.2034349 2.3753939 2.2041845 1.9644721 1.5664891 1.5664891 1.6089479 1.7942644 2.1094308 1.9253964 1.5713118 2.0368325 1.8349283 1.6585023 1.7949377 3.2040690 2.0136402 2.1798124 3.7454161 1.8240177 1.5039568 2.3601283 2.4260552 2.4688968 
Spis_XP_022805008_1                                               0.3329168 0.3999766 0.0690257 0.0000000 0.6828689 0.4941946 0.3976068 0.4315447 0.4874469 0.8725948 1.1322039 1.0887055 0.4987199 1.1705544 1.1362138 1.1351943 1.0718297 1.1361404 1.1647344 1.1352438 1.1262321 1.2218896 1.2572013 1.3087733 1.3054439 1.2946001 1.1754087 1.2573889 1.3669175 1.2519531 1.8806500 1.3941403 1.4066009 1.4066009 1.3042340 1.3201723 1.3347837 1.2909246 1.5564648 1.1166066 1.6456827 1.3278140 1.6537932 1.4232143 1.7477840 1.8697896 2.6822034 1.8783212 1.8881881 1.7144281 1.4565430 1.8314307 2.3625029 2.0508034 1.6330485 2.1553226 2.1646045 2.3706592 1.8772401 1.8772401 1.7590320 1.7220718 1.9368789 1.8883568 2.0822946 2.6567636 2.7032067 2.2338344 2.2499070 2.2266517 1.8883080 1.9895935 1.9895935 2.1047170 2.1047170 2.3992713 2.2810731 1.9506717 1.5730162 1.5730162 1.5968792 1.7773010 2.0396405 1.7958610 1.5173623 2.0212447 1.7603023 1.6227701 1.7538518 3.1923276 2.0677000 2.1307455 3.6689664 1.9834380 1.5980514 2.3957358 2.4746100 2.2451321 
Amil_Amillepora29193-RA                                           0.7279838 0.5424255 0.7233984 0.6828689 0.0000000 0.1274091 0.6670940 1.3754324 0.5095372 1.1431017 1.3426428 1.4946366 1.0456550 1.5161183 1.5592360 1.5583473 1.4527933 1.5500038 1.5506572 1.6885373 1.6726064 1.6572938 1.6835493 1.7638712 1.7430043 1.7223094 2.4657020 1.6714507 1.4985931 1.6286916 1.7597449 1.7716248 1.8158424 1.8158424 1.8909839 1.7979649 1.6332284 1.7207241 1.9157286 1.9298142 1.9383326 1.4939862 1.9568312 1.8857030 2.1426565 1.8638378 2.8132701 2.4474138 2.4730618 2.1472715 1.9588164 2.2025571 2.4612998 2.7143533 2.5432474 2.4242714 2.4299908 2.7568742 2.1805180 2.1805180 1.9297912 1.9867976 2.1950694 2.2987461 2.3440361 2.7893548 2.7935643 2.5105128 2.1737315 3.7241893 2.4206904 3.0263850 3.0263850 2.6805158 2.6805158 2.7011968 2.7290187 2.1717205 1.8140017 1.8140017 2.0365597 2.3070756 2.6694921 2.4939219 1.9864772 2.7000682 2.2835113 2.2044853 2.1635663 3.5592874 2.4672972 2.8931759 3.7117616 2.5778212 5.5509651 3.0687825 3.0856401 2.9188803 
Adig_XM_015911891.1                                               0.5163830 0.5175631 0.5194232 0.4941946 0.1274091 0.0000000 0.1866589 0.1622086 0.3406212 0.9444187 1.1319121 1.2245157 0.5300003 1.2178352 1.3083581 1.3093799 1.2334351 1.3067597 1.2882743 1.4250470 1.4131665 1.3633709 1.3492138 1.4963093 1.4244847 1.4110313 1.3980976 1.4532161 1.5385828 1.3883122 1.9080246 1.4107928 1.4838534 1.4838534 1.5928681 1.6027751 1.4438356 1.4826348 1.6426716 1.1667997 1.7384391 1.3407454 1.7613604 1.6491068 1.7868844 1.7461245 2.9211662 2.2096273 2.1710386 1.8126981 1.4413215 1.8560959 2.4660912 2.2390988 1.8450428 2.2889968 2.2946018 2.5675606 1.9982363 1.9982363 1.8186968 1.8547428 2.0017519 2.1847164 2.1417871 2.7853031 2.8443805 2.3121690 2.1990950 2.6291668 2.1890365 2.4253754 2.4253754 2.4193639 2.4193639 2.2819299 2.4017144 2.1123871 1.5986160 1.5986160 1.7782816 2.0023792 2.2831646 2.1069672 1.6071065 2.3730834 2.0588281 1.9291495 1.8631256 3.4343647 2.2014551 2.3606522 4.1457986 2.2037639 1.9308232 2.6059439 2.9871717 2.7993370 
Adig_XM_015911888.1                                               0.4365412 0.5158898 0.4082104 0.3976068 0.6670940 0.1866589 0.0000000 0.0737770 0.4010845 1.1854342 1.2020364 1.1082140 0.5852658 1.1526774 1.2067292 1.2199476 1.1224189 1.1510468 1.1325966 1.2113065 1.2113065 1.1402829 1.3038797 1.7069562 1.4462845 1.3859478 1.4497953 1.6640784 1.6748613 1.3235154 3.1166829 1.5071940 1.5251741 1.5251741 1.7000334 1.6831080 1.3163319 1.4958823 1.4310607 1.3188883 1.6411035 1.8331579 1.7365371 1.6377131 1.7178340 1.9572752 2.7341418 1.8374054 1.9311532 1.5379508 1.6630597 2.0195568 6.5599357 2.2518092 2.1579934 2.3997532 2.4409550 2.5725242 2.5821893 2.5821893 2.3490648 2.1330497 2.1119149 2.3678364 2.3020913 2.0043700 3.8790397 2.5822654 1.9635857 3.0081815 2.7112765 2.6081990 2.6081990 2.7864342 2.7864342 2.1085421 2.4968343 2.1912630 2.1212830 2.1212830 2.1794586 2.1096758 2.5763426 1.8720451 2.0307039 2.3267597 2.1345143 1.8771668 1.7716139 5.5177837 1.9416684 2.1404343 8.9999988 2.2102299 1.4526662 2.2701442 1.7481957 4.3852208 
Adig_XM_015911894.1                                               0.4136715 1.2947016 0.4625139 0.4315447 1.3754324 0.1622086 0.0737770 0.0000000 0.3199460 0.9705242 0.9234680 0.7034197 0.5309884 0.7356609 0.9423971 0.9464071 0.8311100 0.8697240 0.8121128 0.8711967 0.8711967 0.7772265 0.9070561 1.3139788 1.1485871 1.1125944 1.3824617 1.4738338 2.1631371 1.2232651 5.6926546 1.1698354 1.0941750 1.0941750 1.3242701 1.4126244 1.2358341 1.3049480 1.4682535 1.0663260 1.4662973 1.7479597 1.4638345 1.2119609 1.1146837 2.0079391 6.7102136 1.5012936 1.6846448 1.3683438 1.5512797 1.5512797 0.0000010 1.8461762 1.7603931 2.2890386 2.4463039 2.5770158 2.5576767 2.5576767 2.8637175 2.6125874 2.6125874 2.6266566 2.8550161 0.0000010 3.8417825 3.0885136 0.0000010 3.0885136 3.4770907 3.4770907 3.4770907 3.4770907 3.4770907 2.0969300 2.3329922 3.3743334 2.5724199 2.5724199 2.1206713 2.2326687 2.8080691 1.7659968 1.9278056 2.4005531 2.5743423 2.0032009 1.7397170 4.1116961 2.0666942 2.3287487 9.0000000 1.9368909 1.5011675 3.2956036 0.0000010 1.6606147 
Gfas_gfas1.m1.3845.m1                                             0.4249334 0.3914774 0.4968771 0.4874469 0.5095372 0.3406212 0.4010845 0.3199460 0.0000000 0.9785480 1.0864819 1.0568434 0.5782200 1.2890456 1.1459542 1.1488706 1.0363710 1.0898907 1.0982418 1.1742052 1.1660510 1.1942563 1.2695482 1.3169581 1.3240676 1.3499552 1.2169016 1.4470397 1.5337995 1.3546449 1.9971097 1.4165658 1.3702434 1.3702434 1.3772420 1.5012612 1.4112406 1.3635411 1.5416102 1.2480356 1.7639552 1.3903599 1.7591770 1.4144755 1.5956854 1.6239968 2.5285662 1.9814674 1.9109064 1.7103481 1.4462267 1.7235708 2.1486145 2.0971814 1.6929277 2.2928854 2.3026591 2.6177764 1.9013957 1.9013957 1.7689807 1.8700821 2.0345076 2.1108324 2.0222209 2.5572915 2.5995947 2.1854675 2.2079230 2.2317167 2.1442094 2.3979509 2.3979509 2.3364058 2.3364058 2.3602867 2.3270592 2.3356871 1.8070329 1.8070329 1.9315897 1.9974540 2.2017612 1.9590887 1.5788787 2.3130120 1.9094540 1.8185997 1.7852864 3.0458128 2.2150905 2.1555924 3.7781915 2.1208052 1.8891615 2.7938310 2.4033636 2.5826117 
Nemnom_g10558.t1                                                  0.8176179 0.8406654 0.8848551 0.8725948 1.1431017 0.9444187 1.1854342 0.9705242 0.9785480 0.0000000 0.1727768 0.4705926 0.7524185 0.6970918 0.7865521 0.7886967 0.7837309 0.8131808 0.7985941 0.8458587 0.8394525 0.9791014 1.0214930 1.1519596 1.0535099 1.0503524 1.4856644 0.9229186 1.0568081 0.9562439 1.3861531 0.9113512 0.8944285 0.8944285 1.1696854 1.0988130 1.1127533 1.1254437 1.0397124 0.9823009 1.2445021 1.2502352 1.2478904 0.9756897 1.1996554 1.5611995 1.5636047 1.3535462 1.4365492 1.4245391 1.5146493 1.6730550 1.9446685 1.8844287 1.8228890 2.0093984 2.0296266 2.1625599 1.7296749 1.7296749 1.5754576 1.7364326 1.8331356 1.7232897 1.7423788 2.0016944 2.1674140 1.8679856 1.7324756 2.1319691 1.7169618 1.7882248 1.7882248 1.8010120 1.8010120 1.7971249 2.0783804 1.8008574 1.5100300 1.5100300 1.4555735 1.3911898 1.6130395 1.2614301 1.3520036 1.7151740 1.5690827 1.4788417 1.2520510 2.2153896 1.5091294 1.8165209 3.5196051 1.7226631 1.8262722 2.2007808 1.2459050 1.6006107 
Rhoesc_Res_015805-T1                                              1.0678543 1.0239650 1.1629707 1.1322039 1.3426428 1.1319121 1.2020364 0.9234680 1.0864819 0.1727768 0.0000000 0.6806551 0.6954727 0.8922575 1.0303335 1.0211336 0.9907912 1.0316511 0.9834035 1.0182740 1.0117992 1.2366559 1.3528702 1.3723084 1.1908892 1.1772204 1.3511245 1.2743022 1.4811650 1.2630852 1.6239274 1.0807804 1.2062463 1.2062463 1.3274327 1.4115051 1.2381364 1.2274594 1.2352197 1.0157495 1.5095828 1.2592935 1.6055972 1.3083223 1.4642875 1.4927764 2.1774080 1.7518971 1.8223549 1.6931870 1.3599312 1.8368368 2.5410835 2.1186483 1.7219380 2.1138403 2.1064408 2.2593257 1.8653258 1.8653258 1.7329991 1.6697099 1.7659965 1.8980072 1.9110162 2.4285327 2.6015308 2.0726651 2.0157326 2.1689225 1.7928150 1.8174644 1.8174644 2.0531154 2.0531154 2.0559231 2.1661685 1.9267631 1.5690915 1.5690915 1.5801732 1.6310360 2.2347926 1.7160296 1.3596521 2.1062270 1.8660677 1.7064816 1.5675554 3.0671132 1.9382593 2.0052033 3.8545507 1.9604350 1.8504060 2.1980071 1.8589338 2.5925292 
Sanmal_Sma_021732-T1                                              0.9749591 1.1450060 1.1040028 1.0887055 1.4946366 1.2245157 1.1082140 0.7034197 1.0568434 0.4705926 0.6806551 0.0000000 0.5667008 0.8700367 1.1272795 1.1297048 1.0814738 1.0920942 1.0786284 1.1421486 1.1493556 1.2511377 1.2985153 1.3414089 1.1526316 1.1746522 1.2239655 1.3543283 1.5979913 1.3863885 1.5987162 1.1033557 1.2714165 1.2714165 1.2045815 1.3836175 1.2665976 1.3898138 1.2964646 0.9763426 1.5605322 1.2944655 1.6388329 1.3383751 1.4943813 1.4032836 2.6206903 1.7630886 1.8232566 1.7050437 1.4831366 1.9403255 2.5865098 2.3348349 1.8461383 2.2842343 2.2457399 2.3975686 1.7887281 1.7887281 1.7263015 1.7829887 1.9911505 1.8947763 1.9157840 2.3755673 2.5166275 2.1193873 2.0331236 2.4446596 1.7988639 1.8693027 1.8693027 1.9694951 1.9694951 2.1643157 2.3088212 1.9430559 1.6986086 1.6986086 1.8535635 1.9114536 2.3540329 2.0435378 1.5867417 2.2571797 2.0018830 1.9412397 1.7668820 3.1429218 2.1363464 2.2940257 4.2329295 2.2941638 2.0973362 2.6054499 2.4767574 2.2191079 
Nvec_v1g29018                                                     0.5351604 0.8748368 0.5060796 0.4987199 1.0456550 0.5300003 0.5852658 0.5309884 0.5782200 0.7524185 0.6954727 0.5667008 0.0000000 0.5869456 0.7914157 0.7746072 0.8074010 0.7948391 0.7154536 0.7714413 0.7714482 0.7480905 0.8021150 0.9705066 0.8051119 0.8321960 0.9084768 0.8433461 0.9895337 0.8117603 1.9767987 0.8453844 0.9297674 0.9297674 0.9181133 1.0031327 1.0168667 0.9343359 1.0485240 1.0279089 1.1767550 1.3178937 1.0599667 1.0366124 1.1352513 1.3557181 1.4324890 1.0472221 1.0611629 1.2092728 1.4134130 1.4828216 7.4349436 1.4213822 1.3514860 1.7616567 1.7925088 1.7571269 1.8011180 1.8011180 1.6365703 1.6042851 1.6042851 1.7286143 1.7532777 3.7258708 8.9999988 1.8849885 1.0663443 2.3313583 1.8806275 1.8806275 1.8806275 1.8806275 1.8806275 1.8159854 1.9490329 1.5924300 1.7902394 1.7902394 1.7481257 1.8064763 1.9413833 1.5214534 1.6681051 1.6446619 1.6919392 1.4767557 1.6041804 6.6374923 1.5439304 1.6152875 8.9999983 1.8408874 1.6013600 2.1435118 1.4566415 2.0604011 
Morvir_scaffold152.g35.t1                                         1.2025718 1.3303204 1.2455559 1.1705544 1.5161183 1.2178352 1.1526774 0.7356609 1.2890456 0.6970918 0.8922575 0.8700367 0.5869456 0.0000000 1.2264145 1.2294919 1.1996615 1.2100584 1.2334994 1.1976673 1.1992050 1.4727259 1.4374410 1.2762695 1.1972327 1.2069939 1.4587564 1.4310833 1.4124409 1.3454835 1.6477491 1.1697540 1.3138028 1.3138028 1.3639399 1.5424679 1.4584055 1.4869492 1.3838312 0.9680301 1.6470351 1.3429942 1.6738819 1.6344016 1.6244115 1.7995319 2.6153140 1.9973099 2.0091176 1.7523418 1.5597821 1.8819397 2.4238705 2.0994501 1.7927706 2.1261325 2.1472888 2.2592688 1.8142475 1.8142475 1.8075870 1.7154623 2.0016587 1.9141671 2.1142629 2.6961628 2.9222940 2.3248614 2.4051775 2.1874592 1.7816551 2.0333488 2.0333488 1.9649534 1.9649534 2.4775593 2.2702612 2.0853824 1.7648962 1.7648962 1.6764672 1.9417651 2.2346556 2.1434593 1.6545468 2.1629094 2.0101430 1.9372827 1.7124157 2.7549898 2.1638946 2.5552875 4.7782129 2.2572777 2.1058123 2.7933207 2.4924102 2.1021871 
Hhon_g05351.t1                                                    1.1286255 1.2736600 1.1538183 1.1362138 1.5592360 1.3083581 1.2067292 0.9423971 1.1459542 0.7865521 1.0303335 1.1272795 0.7914157 1.2264145 0.0000000 0.0082731 0.1598740 0.1682699 0.1931707 0.2875130 0.2913949 1.1426989 1.2803830 1.2833092 1.1643204 1.1559047 1.4151954 1.4569550 1.5123458 1.3783400 1.7785133 1.2581544 1.4704101 1.4704101 1.2633358 1.4196418 1.3964732 1.3626537 1.3455731 1.1830135 1.5542482 1.4340197 1.6210974 1.3688315 1.4498449 1.5316040 2.2891444 1.7084073 1.7797709 1.7722534 1.4184409 1.7470104 2.1899151 1.9199597 1.5112850 2.1085502 2.0873977 2.3089279 1.7016378 1.7016378 1.5822071 1.5555541 1.8202449 2.0531463 1.7667556 2.2194823 2.2990896 1.9044037 1.8210094 2.0432562 1.7533560 2.1098137 2.1098137 2.0534563 2.0534563 2.2350989 2.4545810 2.2634037 1.8666595 1.8666595 1.8190254 1.9029754 2.2574663 2.1092809 1.7114263 2.3844393 1.8537591 1.7322693 1.6264971 3.0537622 2.0937820 1.8492834 2.9848055 2.1368089 2.4301017 2.3057706 2.5176523 2.2681862 
HoiH04_mRNA1136                                                   1.1345600 1.2748089 1.1527316 1.1351943 1.5583473 1.3093799 1.2199476 0.9464071 1.1488706 0.7886967 1.0211336 1.1297048 0.7746072 1.2294919 0.0082731 0.0000000 0.1615402 0.1681707 0.1973561 0.2833129 0.2871816 1.1502631 1.2896198 1.2867320 1.1834833 1.1748399 1.4185818 1.4542927 1.5217379 1.3863988 1.7858146 1.2631288 1.4712789 1.4712789 1.2683127 1.4212843 1.4034389 1.3628441 1.3494976 1.1864196 1.5553888 1.4419507 1.6140445 1.3701185 1.4557517 1.5371428 2.3026227 1.7203179 1.7735588 1.7793626 1.4129919 1.7505164 2.2049475 1.9209615 1.5209795 2.1187605 2.0887772 2.3110003 1.7000092 1.7000092 1.5806146 1.5716102 1.8410475 2.0697013 1.7791599 2.2194823 2.2990896 1.9187658 1.8443462 2.0359386 1.7468701 2.0966934 2.0966934 2.0466347 2.0466347 2.2467301 2.4583435 2.2835028 1.8540044 1.8540044 1.8012421 1.9114934 2.2585914 2.1212979 1.7123987 2.3773409 1.8502145 1.7331401 1.6308389 3.0164898 2.1040616 1.8573655 3.0149437 2.1255307 2.4104691 2.2985862 2.5263945 2.2782127 
HoiH23_PlH23_009975-RA                                            1.0228607 1.2318192 1.1064662 1.0718297 1.4527933 1.2334351 1.1224189 0.8311100 1.0363710 0.7837309 0.9907912 1.0814738 0.8074010 1.1996615 0.1598740 0.1615402 0.0000000 0.0674929 0.1970528 0.2627321 0.2621702 1.1142412 1.2634318 1.2381483 1.1685287 1.1691283 1.4157778 1.4228375 1.5041389 1.3556424 1.7896945 1.2534399 1.3620208 1.3620208 1.2515828 1.4044659 1.3832842 1.3324486 1.3384056 1.2223144 1.5018295 1.4083114 1.5968170 1.3368667 1.4043696 1.6017482 2.1172151 1.6309593 1.7222615 1.6953962 1.4417308 1.8627360 2.4365808 2.0738344 1.5859036 2.1971611 2.1818081 2.4130377 1.8038971 1.8038971 1.7080574 1.6656837 1.8838028 2.1113503 1.9060141 2.6265857 2.6709703 2.0654721 2.0611871 2.0253481 1.8401372 2.1031666 2.1031666 2.1622011 2.1622011 2.2513875 2.4764151 2.3759356 1.9056354 1.9056354 1.7823629 1.9474273 2.2031293 2.0937190 1.6823964 2.2631162 1.8846441 1.7234331 1.5970650 3.0463522 2.0338877 1.8262529 3.1363542 2.0776707 2.4772249 2.3265465 2.5323067 2.1525887 
HoiH06_mRNA14170                                                  1.0998463 1.3079327 1.1705672 1.1361404 1.5500038 1.3067597 1.1510468 0.8697240 1.0898907 0.8131808 1.0316511 1.0920942 0.7948391 1.2100584 0.1682699 0.1681707 0.0674929 0.0000000 0.1984743 0.2581499 0.2619201 1.1509512 1.2688083 1.2522854 1.1658869 1.1664997 1.3713785 1.4269176 1.5749804 1.4172064 1.8882813 1.3224185 1.3818212 1.3818212 1.3027696 1.4455373 1.3738947 1.3860212 1.3845642 1.1666670 1.5473372 1.4529281 1.5780130 1.3826889 1.4568939 1.6227355 2.0888698 1.6625076 1.7377654 1.7369637 1.4270225 1.8669443 2.4599328 2.0616122 1.5813420 2.2642298 2.2762579 2.4642280 1.7870686 1.7870686 1.6995420 1.6443357 1.8993639 2.0934791 1.8957895 2.4488788 2.4868844 2.0205464 2.0040502 2.0030791 1.8111487 2.0538702 2.0538702 2.1069124 2.1069124 2.2964653 2.4637645 2.4748778 1.9557690 1.9557690 1.8310203 2.0069328 2.2581316 2.1950119 1.7609122 2.4052904 2.0201077 1.8250647 1.6572306 3.0958900 2.1144528 1.8649442 3.2070759 2.2519136 2.5611694 2.3967691 2.6383469 2.2429588 
HoiH11_mRNA4091                                                   1.0780684 1.2519772 1.1630024 1.1647344 1.5506572 1.2882743 1.1325966 0.8121128 1.0982418 0.7985941 0.9834035 1.0786284 0.7154536 1.2334994 0.1931707 0.1973561 0.1970528 0.1984743 0.0000000 0.2181897 0.2218345 1.1821698 1.2370074 1.3656661 1.1828278 1.1825578 1.3027299 1.5183001 1.5559095 1.4238711 2.0135269 1.3573279 1.5083389 1.5083389 1.3137022 1.5130793 1.3753329 1.3621741 1.3696124 1.2050854 1.6651470 1.5295332 1.6789328 1.4032106 1.4212891 1.6399596 2.2622141 1.7816436 1.8856076 1.7327595 1.5683481 1.9150875 2.3584821 2.1898999 1.7119235 2.2624045 2.2439514 2.4225953 1.8171926 1.8171926 1.7268358 1.6602728 1.9408235 2.1701356 1.9271653 2.4026418 2.4975783 2.0808474 2.0050637 2.2151037 1.8051245 2.1232218 2.1232218 2.1135703 2.1135703 2.1467788 2.4516200 2.4493136 1.9065899 1.9065899 1.9446749 1.9820405 2.2773617 2.1435302 1.7416303 2.4680362 1.9973791 1.8602194 1.7407128 3.7086552 2.3026757 1.9692993 3.4822007 2.2600097 2.2952968 2.3645943 2.4222604 2.4879439 
TrH2_TrispH2_002597-RA                                            1.1157769 1.2799866 1.1422810 1.1352438 1.6885373 1.4250470 1.2113065 0.8711967 1.1742052 0.8458587 1.0182740 1.1421486 0.7714413 1.1976673 0.2875130 0.2833129 0.2627321 0.2581499 0.2181897 0.0000000 0.0056400 1.1971772 1.2075799 1.4099384 1.2966002 1.2836401 1.4459657 1.4614321 1.5844630 1.4487864 1.8667645 1.3056043 1.3894900 1.3894900 1.3581691 1.4984025 1.4224174 1.2970213 1.3773846 1.2092201 1.5557292 1.4505385 1.6853821 1.3624736 1.4477134 1.5763593 2.2267288 1.6489049 1.7849587 1.6789656 1.5619468 1.8024689 2.1303949 2.0707636 1.7240806 2.2190249 2.2306528 2.4301235 1.8403917 1.8403917 1.7194929 1.6898281 1.9296279 2.2048016 1.9942652 2.8119309 2.9289467 2.1648417 2.1480597 2.1757049 1.8003899 2.0627589 2.0627589 2.1262481 2.1262481 2.2608343 2.4176349 2.3379150 1.8259538 1.8259538 1.7328198 1.9601417 2.0772089 2.2122060 1.6511635 2.2987327 1.9373512 1.7915508 1.7805482 3.4779702 2.2182467 1.8284526 3.1307761 2.2342396 2.2016084 2.3345047 2.3527920 2.2481281 
Tadh_TriadT63654                                                  1.1068984 1.2660455 1.1332302 1.1262321 1.6726064 1.4131665 1.2113065 0.8711967 1.1660510 0.8394525 1.0117992 1.1493556 0.7714482 1.1992050 0.2913949 0.2871816 0.2621702 0.2619201 0.2218345 0.0056400 0.0000000 1.1884407 1.2007840 1.4099384 1.2888158 1.2759761 1.4459657 1.4547478 1.5744919 1.4405305 1.8471706 1.2947069 1.3910449 1.3910449 1.3581691 1.4932033 1.4206804 1.2866420 1.3866971 1.2092201 1.5371105 1.4434689 1.6815110 1.3461966 1.4478543 1.5763593 2.2267288 1.6437426 1.7850125 1.6690889 1.5619468 1.8024689 2.1303949 2.0605178 1.7240806 2.2189665 2.2305826 2.4250708 1.8403917 1.8403917 1.7194929 1.6898281 1.9296279 2.2044043 1.9741785 2.7490926 2.8621587 2.1418238 2.1150726 2.0838677 1.8003899 2.0627589 2.0627589 2.1262481 2.1262481 2.2608343 2.3986526 2.3379150 1.8259538 1.8259538 1.7238664 1.9568230 2.0737779 2.2080253 1.6511635 2.2701904 1.9373512 1.7866213 1.7638833 3.4149032 2.2166547 1.8284526 3.1307761 2.2341578 2.2016084 2.3345047 2.3008754 2.2249048 
Skow_XM_006821232.1                                               1.1676044 1.3407432 1.2333749 1.2218896 1.6572938 1.3633709 1.1402829 0.7772265 1.1942563 0.9791014 1.2366559 1.2511377 0.7480905 1.4727259 1.1426989 1.1502631 1.1142412 1.1509512 1.1821698 1.1971772 1.1884407 0.0000000 1.2208348 1.4164623 1.2747325 1.3054935 1.4720327 1.4749642 1.3027757 1.1814441 1.8291700 1.2415816 1.4124142 1.4124142 1.2631374 1.3073654 1.3637825 1.2976925 1.2721598 1.0289142 1.5947680 1.1585603 1.4289064 1.2661080 1.2946127 1.3949532 2.4069640 1.8363386 1.8716986 1.5573770 1.5280901 1.9379188 2.4907246 2.1120912 1.6029943 2.4361497 2.3650652 2.5409087 1.8271193 1.8271193 1.7481930 1.7105030 1.9231192 2.3281514 2.0990027 2.8386392 3.0452942 2.1296292 2.1491540 2.0263632 1.9524635 2.0487111 2.0487111 2.2360017 2.2360017 2.1891876 2.0903042 2.1380183 1.7450957 1.7450957 1.9273369 2.0196717 1.9543242 2.0799702 1.6191875 2.2081589 1.7099298 1.5807489 1.5259571 2.8710616 2.0502254 2.1001494 3.9977588 1.9725563 1.7855845 2.2625520 2.3314616 2.5312205 
Bralan_BLAG08001208_1                                             1.1536590 1.4195950 1.2944830 1.2572013 1.6835493 1.3492138 1.3038797 0.9070561 1.2695482 1.0214930 1.3528702 1.2985153 0.8021150 1.4374410 1.2803830 1.2896198 1.2634318 1.2688083 1.2370074 1.2075799 1.2007840 1.2208348 0.0000000 1.5379063 1.4471531 1.4748968 1.2616965 1.7318033 1.6326576 1.4189280 2.0703523 1.3680967 1.4598450 1.4598450 1.4943782 1.5651570 1.4705902 1.3617132 1.3700390 1.0794583 1.5539635 1.3579643 1.6504104 1.2676145 1.4657560 1.2410688 2.4061666 1.6832974 1.8671676 1.6731647 1.6565961 1.8955436 2.1881633 2.0708133 1.7643065 2.4534057 2.4347011 2.6905496 2.0051263 2.0051263 1.7053026 1.6031603 1.7936138 2.2171413 2.0708073 2.6332972 2.7356758 2.2650922 2.3692498 2.1664988 1.9177800 2.0287557 2.0287557 2.1994539 2.1994539 2.1545784 2.0927688 2.2449643 1.7605172 1.7605172 1.9357658 1.8625007 2.1075129 1.9401233 1.6369822 1.9166160 1.8898757 1.7285075 1.7219351 2.7447744 2.1547594 2.0420207 3.8890209 2.3317416 1.7665270 2.3943559 2.2613413 2.1192734 
Halamb_c45263_g1_i1m.18697                                        1.2884527 1.3226557 1.3384155 1.3087733 1.7638712 1.4963093 1.7069562 1.3139788 1.3169581 1.1519596 1.3723084 1.3414089 0.9705066 1.2762695 1.2833092 1.2867320 1.2381483 1.2522854 1.3656661 1.4099384 1.4099384 1.4164623 1.5379063 0.0000000 0.6631943 0.6934654 2.2378846 1.6426796 1.4903028 1.3769625 1.8950938 1.3465262 1.1755517 1.1755517 0.8966084 1.1787887 1.0937841 1.4767940 1.3778986 1.2975682 1.6281288 1.4635375 1.5262609 1.4668417 1.6450645 2.2495901 2.7511489 2.1222642 2.0611434 1.7449060 1.1370590 1.3881954 1.7959662 1.6224352 1.4181356 2.1675728 2.0964584 2.3670582 1.8942374 1.8942374 1.8433711 2.0819126 2.3761875 2.1569569 1.9595015 2.0431527 2.1489890 2.0229607 1.9896869 2.0448833 2.0434718 2.4275531 2.4275531 2.2522052 2.2522052 2.1762676 2.2507283 2.5889750 1.9620754 1.9620754 1.9189846 2.1130166 1.9894190 1.8676184 1.5712503 2.2393631 1.9164014 1.9197140 1.7056745 2.9671761 2.3973104 2.3261583 4.1394720 2.0162411 1.6725608 2.7533424 1.9125898 2.1932264 
Aque_Aqu2.1.11204_001                                             1.3568767 1.6052527 1.3730119 1.3054439 1.7430043 1.4244847 1.4462845 1.1485871 1.3240676 1.0535099 1.1908892 1.1526316 0.8051119 1.1972327 1.1643204 1.1834833 1.1685287 1.1658869 1.1828278 1.2966002 1.2888158 1.2747325 1.4471531 0.6631943 0.0000000 0.0221542 1.6119407 1.5695720 1.4892619 1.3566570 2.0428493 1.3811735 1.1815150 1.1815150 0.9714581 1.1557300 1.0954677 1.2752891 1.4368654 1.0480344 1.5293756 1.4232461 1.6250280 1.5741797 1.5437596 1.8771607 2.9695352 2.1483238 2.0373936 1.5395834 1.3238195 1.5609522 1.9432315 1.7071608 1.2979745 2.0821926 2.0271323 2.2934643 1.8070368 1.8070368 1.7090597 1.8497017 2.1864505 1.9343167 2.0543013 2.2500194 2.3718699 2.0416842 2.0269476 2.0047769 1.8962550 2.2792231 2.2792231 2.0180149 2.0180149 2.3111763 2.5349177 2.5503717 2.0093811 2.0093811 1.9182911 2.0649198 2.0680282 1.9473847 1.6883808 2.4136222 1.8574326 1.7161445 1.6033943 3.1089777 2.2288016 2.2399110 3.7653648 2.0714555 1.6550328 2.4946324 2.4137014 2.2608358 
Aque_Aqu2.1.30026_001                                             1.3882228 1.6154197 1.3510532 1.2946001 1.7223094 1.4110313 1.3859478 1.1125944 1.3499552 1.0503524 1.1772204 1.1746522 0.8321960 1.2069939 1.1559047 1.1748399 1.1691283 1.1664997 1.1825578 1.2836401 1.2759761 1.3054935 1.4748968 0.6934654 0.0221542 0.0000000 1.5985756 1.5860098 1.5112294 1.3757762 2.0784722 1.4047161 1.2052447 1.2052447 0.9928689 1.1749284 1.1094828 1.2982326 1.4531126 1.0813011 1.5571061 1.4414649 1.6466060 1.5841781 1.5755716 1.8579062 3.0596104 2.1451980 2.0092737 1.5163318 1.3238560 1.5622629 1.9476509 1.7244973 1.3339775 2.0604545 2.0064678 2.2640316 1.7751902 1.7751902 1.6803649 1.8280492 2.1842708 1.9106311 1.9997589 2.1768057 2.2910082 1.9840421 1.9423481 1.9095139 1.8787695 2.2579644 2.2579644 2.0008023 2.0008023 2.3292193 2.5858706 2.4757244 1.9905356 1.9905356 1.9045375 2.0659016 2.0477132 1.9163093 1.6928815 2.3889829 1.8602911 1.7053902 1.6460837 3.2101745 2.2024412 2.2157672 3.6888914 2.0552349 1.6666496 2.4569363 2.3653526 2.3475832 
Xesp_008197-T1                                                    1.2301875 2.8128402 1.1034005 1.1754087 2.4657020 1.3980976 1.4497953 1.3824617 1.2169016 1.4856644 1.3511245 1.2239655 0.9084768 1.4587564 1.4151954 1.4185818 1.4157778 1.3713785 1.3027299 1.4459657 1.4459657 1.4720327 1.2616965 2.2378846 1.6119407 1.5985756 0.0000000 0.6458696 2.1077981 1.5640951 5.7360178 1.7522428 1.6544198 1.6544198 2.0243684 1.9145729 1.9394664 1.4829783 1.9018379 1.4058676 1.9077340 2.2608701 1.9957176 1.6877386 1.9102115 2.2778957 7.2855528 2.1100755 1.9605055 1.9844355 2.0552191 2.2405710 3.9531239 2.6397101 2.5861595 3.0670364 3.2417786 3.1743394 2.6639512 2.6639512 2.2605111 2.7736648 3.2563390 2.6570049 2.5077778 2.6119123 3.5924096 2.5660879 2.0263510 2.5868368 3.2019646 3.0845012 3.0845012 3.2019646 3.2019646 2.3867287 2.7439052 1.9442299 2.3677183 2.3677183 2.1273309 2.0554321 2.4436883 2.3253378 2.4807033 2.1552679 2.4069383 2.1626105 2.0064431 6.2892632 2.4827409 2.3573686 7.0411118 2.2068707 2.0621880 3.1085422 3.3937611 3.3239036 
Dgig_XM_028539172.1                                               1.2574976 1.2506412 1.2778482 1.2573889 1.6714507 1.4532161 1.6640784 1.4738338 1.4470397 0.9229186 1.2743022 1.3543283 0.8433461 1.4310833 1.4569550 1.4542927 1.4228375 1.4269176 1.5183001 1.4614321 1.4547478 1.4749642 1.7318033 1.6426796 1.5695720 1.5860098 0.6458696 0.0000000 1.6356374 1.5039952 1.9418771 1.4962813 1.7500988 1.7500988 1.5477927 1.7166546 1.4912993 1.4976215 1.5158152 1.3631171 1.8994194 1.4267402 1.5912318 1.6111689 1.9041452 1.9481732 2.8852136 2.1971675 2.1787722 2.0585424 1.9196205 2.2035411 2.5342256 2.6075609 2.2086805 2.3755560 2.3783171 2.5477751 1.8156757 1.8156757 1.8056013 1.8714325 2.1122209 2.0493203 1.9454289 2.2650455 2.3884133 2.0980856 2.0317371 2.1995371 1.8204851 1.8756544 1.8756544 2.1227867 2.1227867 2.4415500 2.6124889 2.2806548 1.6638233 1.6638233 1.9230307 1.8917252 2.0704873 2.1313052 1.7824721 2.2707539 1.9011793 1.9851856 1.8089591 3.0693836 2.1912540 2.3704470 4.1043123 2.1254843 2.8441128 2.6293438 2.2769735 2.4134274 
Acagra_model.g24865.t1.1.5d3b8b31                                 1.4816789 1.3498656 1.4236710 1.3669175 1.4985931 1.5385828 1.6748613 2.1631371 1.5337995 1.0568081 1.4811650 1.5979913 0.9895337 1.4124409 1.5123458 1.5217379 1.5041389 1.5749804 1.5559095 1.5844630 1.5744919 1.3027757 1.6326576 1.4903028 1.4892619 1.5112294 2.1077981 1.6356374 0.0000000 0.0461336 1.9088525 1.5305170 1.5146333 1.5146333 1.5171667 1.7398145 1.6970398 0.8964542 1.5016638 1.4882581 1.4396033 1.2365230 1.4668597 1.6996017 1.7474299 1.9108374 2.2232243 2.0798644 1.9546775 1.3573184 1.5768820 2.2570273 2.9680983 2.6662572 2.1524913 2.2014431 2.2049757 2.3209700 1.8791872 1.8791872 1.6273596 1.6489713 1.9851057 2.1550459 1.9716647 2.4107129 2.5267201 2.1017073 2.0941329 2.1595515 1.7840478 2.1588458 2.1588458 1.9830555 1.9830555 2.6498344 2.6112004 2.6271591 2.3202431 2.3202431 2.2860773 2.2161918 2.5795099 2.5100589 1.9605578 2.4080034 2.2730326 2.3392139 1.9141847 2.8523048 2.3894115 2.3191295 3.5477750 2.8781472 6.3897203 2.7535547 2.6261762 2.5869868 
Acagra_model.g24865.t1                                            1.3338336 1.3673351 1.3001441 1.2519531 1.6286916 1.3883122 1.3235154 1.2232651 1.3546449 0.9562439 1.2630852 1.3863885 0.8117603 1.3454835 1.3783400 1.3863988 1.3556424 1.4172064 1.4238711 1.4487864 1.4405305 1.1814441 1.4189280 1.3769625 1.3566570 1.3757762 1.5640951 1.5039952 0.0461336 0.0000000 1.9992604 1.3276547 1.3587278 1.3587278 1.4030003 1.6580028 1.5666524 0.7844742 1.3163732 1.2196722 1.3644353 1.1456625 1.3059567 1.4325567 1.6053689 1.7164420 2.4208171 1.8604022 1.8402789 1.2323124 1.2874674 1.9720655 2.9680983 2.2822747 1.7034643 2.0761785 2.0781384 2.1912259 1.7355204 1.7355204 1.5398435 1.5849643 1.8519525 2.0418583 1.8526378 2.4107129 2.5267201 2.0141616 2.0941329 1.9059040 1.6539521 1.8450661 1.8450661 1.8358099 1.8358099 2.3561440 2.3578307 2.5226886 2.0367889 2.0367889 1.9164231 2.0291611 2.1301795 2.1064263 1.6230706 2.0921763 1.9560996 1.9821935 1.7316671 2.9922344 2.0774550 1.9944861 3.6658742 2.4472845 2.2423215 2.3671560 2.6261762 2.5869868 
Opea_EP00118_Oscarella_pearsei_P007049                            1.8343341 1.6608193 1.9104337 1.8806500 1.7597449 1.9080246 3.1166829 5.6926546 1.9971097 1.3861531 1.6239274 1.5987162 1.9767987 1.6477491 1.7785133 1.7858146 1.7896945 1.8882813 2.0135269 1.8667645 1.8471706 1.8291700 2.0703523 1.8950938 2.0428493 2.0784722 5.7360178 1.9418771 1.9088525 1.9992604 0.0000000 0.1678322 1.3627704 1.3627704 1.5927269 1.9027171 1.7679694 2.0123049 2.3174567 2.8330701 2.0910015 2.1968264 2.3048184 1.8634227 1.8158604 2.6881777 2.2572896 2.2923918 2.3153650 2.7636145 2.3871870 2.1920349 2.0359050 2.4044122 2.7297098 2.6142177 2.5487070 2.8486861 2.2930517 2.2930517 2.3262428 2.5884845 3.0607711 2.6636316 2.5764504 2.3596684 2.4563654 2.6610679 2.2326259 6.0098659 2.4509633 3.3529219 3.3529219 2.6557455 2.6557455 2.6464627 2.3272081 2.9009019 2.0625354 2.0625354 2.2958574 2.2604736 2.8673437 2.2791377 2.3785024 2.8676683 2.3596935 2.6302608 2.1770781 2.8960049 2.4799628 2.6013735 3.2905390 2.6037621 7.8690168 3.3240169 2.8721821 2.2869186 
Opea_EP00118_Oscarella_pearsei_P007048                            1.3612159 1.4552582 1.4228909 1.3941403 1.7716248 1.4107928 1.5071940 1.1698354 1.4165658 0.9113512 1.0807804 1.1033557 0.8453844 1.1697540 1.2581544 1.2631288 1.2534399 1.3224185 1.3573279 1.3056043 1.2947069 1.2415816 1.3680967 1.3465262 1.3811735 1.4047161 1.7522428 1.4962813 1.5305170 1.3276547 0.1678322 0.0000000 0.9548995 0.9548995 1.0930052 1.2706169 1.2837846 1.3837336 1.6025973 1.0699387 1.5828372 1.6423263 1.6746419 1.3638890 1.2466209 1.4880781 2.2769649 1.5829967 1.5503177 1.8968873 1.4786263 1.7170261 2.0359050 1.9013249 1.7537261 2.1218402 2.1590680 2.2618180 1.9222598 1.9222598 1.8562879 1.8294765 2.0104202 2.1360662 1.9959106 2.3596684 2.4826257 2.1243076 2.2326259 2.0063988 1.8695402 1.9003794 1.9003794 2.0477944 2.0477944 2.0280583 1.8429843 2.3061607 1.6628888 1.6628888 1.7676988 1.8626105 2.2412830 1.6996361 1.7064023 2.1266577 1.8724374 1.8396399 1.5643713 2.6690714 1.9221802 1.9496915 3.5057467 1.9400011 1.3375363 2.3773080 2.7255041 2.1615290 
Plajan_Pjan_scaffold21566_01                                      1.4247115 1.4728191 1.4617551 1.4066009 1.8158424 1.4838534 1.5251741 1.0941750 1.3702434 0.8944285 1.2062463 1.2714165 0.9297674 1.3138028 1.4704101 1.4712789 1.3620208 1.3818212 1.5083389 1.3894900 1.3910449 1.4124142 1.4598450 1.1755517 1.1815150 1.2052447 1.6544198 1.7500988 1.5146333 1.3587278 1.3627704 0.9548995 0.0000000 0.0000010 1.2427432 1.2547172 1.2008807 1.5602628 1.5652295 1.0762955 1.6612516 1.6296114 1.9900770 1.6844582 1.5285410 1.8085754 2.4980492 1.9818389 1.9655262 1.8576268 1.3686217 1.5323986 1.7746324 1.9564471 1.4878491 2.1734135 2.1903009 2.2952907 2.1368003 2.1368003 2.0101348 1.9826909 2.3422412 2.4763072 2.1583673 2.5450606 2.6782158 2.2829269 2.4285631 2.1567285 1.8358848 1.8756988 1.8756988 2.0548758 2.0548758 2.4194519 2.3338628 2.3722959 1.8112427 1.8112427 2.0437746 2.1409701 2.0447127 2.0284972 1.5910859 2.0700855 2.0492902 1.9573317 1.8472501 3.3923737 2.1024338 2.3549605 4.5303287 2.0619410 1.3919658 2.3974991 2.7937237 2.3637170 
Plajan_Pjan_scaffold21567_01                                      1.4247115 1.4728191 1.4617551 1.4066009 1.8158424 1.4838534 1.5251741 1.0941750 1.3702434 0.8944285 1.2062463 1.2714165 0.9297674 1.3138028 1.4704101 1.4712789 1.3620208 1.3818212 1.5083389 1.3894900 1.3910449 1.4124142 1.4598450 1.1755517 1.1815150 1.2052447 1.6544198 1.7500988 1.5146333 1.3587278 1.3627704 0.9548995 0.0000010 0.0000000 1.2427432 1.2547172 1.2008807 1.5602628 1.5652295 1.0762955 1.6612516 1.6296114 1.9900770 1.6844582 1.5285410 1.8085754 2.4980492 1.9818389 1.9655262 1.8576268 1.3686217 1.5323986 1.7746324 1.9564471 1.4878491 2.1734135 2.1903009 2.2952907 2.1368003 2.1368003 2.0101348 1.9826909 2.3422412 2.4763072 2.1583673 2.5450606 2.6782158 2.2829269 2.4285631 2.1567285 1.8358848 1.8756988 1.8756988 2.0548758 2.0548758 2.4194519 2.3338628 2.3722959 1.8112427 1.8112427 2.0437746 2.1409701 2.0447127 2.0284972 1.5910859 2.0700855 2.0492902 1.9573317 1.8472501 3.3923737 2.1024338 2.3549605 4.5303287 2.0619410 1.3919658 2.3974991 2.7937237 2.3637170 
Stycar_augustus_masked-SC_scaffold6221-processed-gene-0.13-mRNA-1 1.3470354 1.3345139 1.3549803 1.3042340 1.8909839 1.5928681 1.7000334 1.3242701 1.3772420 1.1696854 1.3274327 1.2045815 0.9181133 1.3639399 1.2633358 1.2683127 1.2515828 1.3027696 1.3137022 1.3581691 1.3581691 1.2631374 1.4943782 0.8966084 0.9714581 0.9928689 2.0243684 1.5477927 1.5171667 1.4030003 1.5927269 1.0930052 1.2427432 1.2427432 0.0000000 0.7032046 0.9135710 1.4478573 1.5546363 1.0629984 1.7891622 1.7083791 1.7061799 1.3510456 1.3871009 1.9981280 2.4147939 1.9748362 1.8557499 1.8077632 1.1885197 1.2554240 1.3512835 1.4147644 1.1527770 2.1634399 2.1661932 2.2653069 2.0367829 2.0367829 1.8733769 2.0092008 2.4368904 2.0152194 2.0597798 1.9048689 2.0598625 2.1249346 1.9520066 2.3957682 2.1553920 2.4581942 2.4581942 2.2956429 2.2956429 1.9132018 1.8901433 2.4038485 2.0564892 2.0564892 1.9085532 1.8381605 2.1166405 1.9668347 1.6088065 2.1156043 1.8760407 1.8524941 1.7392920 3.0004943 1.9573236 2.1550145 3.7162021 2.0330663 1.7957594 2.2643373 2.1307798 2.1225255 
Tetwil_g17438.t1                                                  1.3890436 1.4453616 1.4242236 1.3201723 1.7979649 1.6027751 1.6831080 1.4126244 1.5012612 1.0988130 1.4115051 1.3836175 1.0031327 1.5424679 1.4196418 1.4212843 1.4044659 1.4455373 1.5130793 1.4984025 1.4932033 1.3073654 1.5651570 1.1787887 1.1557300 1.1749284 1.9145729 1.7166546 1.7398145 1.6580028 1.9027171 1.2706169 1.2547172 1.2547172 0.7032046 0.0000000 1.2886134 1.4780700 1.6530518 1.1948598 1.6352757 1.3620094 1.6195710 1.3665291 1.5162793 1.9004839 2.9090827 2.2309038 2.1247027 1.8946030 1.5248684 1.5772643 1.6415156 1.8450360 1.3942154 2.3159599 2.2481356 2.4578159 1.7884870 1.7884870 1.6414956 1.6380471 1.7868846 2.1471971 2.0896948 2.4102708 2.5716719 2.2348200 2.2565481 2.1569020 1.8750287 1.8277665 1.8277665 2.0629242 2.0629242 2.0621405 2.0484774 2.3150295 1.8877076 1.8877076 1.8849242 2.2657377 2.2031461 2.0563074 1.5299022 2.0370594 1.5480554 1.5361256 1.5146090 2.4439135 1.9679699 1.9919526 3.3616350 2.1038014 1.8039817 2.2252119 2.6325179 2.1218456 
Plespi_Pspi_scaffold11540_01                                      1.3533025 1.4285520 1.3480334 1.3347837 1.6332284 1.4438356 1.3163319 1.2358341 1.4112406 1.1127533 1.2381364 1.2665976 1.0168667 1.4584055 1.3964732 1.4034389 1.3832842 1.3738947 1.3753329 1.4224174 1.4206804 1.3637825 1.4705902 1.0937841 1.0954677 1.1094828 1.9394664 1.4912993 1.6970398 1.5666524 1.7679694 1.2837846 1.2008807 1.2008807 0.9135710 1.2886134 0.0000000 1.6678861 1.7062160 1.3539719 1.8413948 1.6392178 1.7272988 1.4525869 1.6079867 2.2801358 2.4117212 2.1229155 2.0646207 1.9961856 1.3949492 1.4572094 1.5630158 1.7578461 1.4088848 2.4340268 2.4386332 2.5241543 2.1554524 2.1554524 2.0369674 2.0527289 2.3584336 2.3175368 2.1942250 2.2675136 2.4084285 2.2612344 2.1311117 2.4368253 2.3431165 2.5467024 2.5467024 2.4621020 2.4621020 2.0955241 2.3441051 2.2858565 1.8385156 1.8385156 1.9918953 1.8562903 1.9727421 1.9752389 1.7213501 2.3226098 1.9770045 1.8505315 1.8358263 3.2352699 1.9748918 2.2844564 4.3856604 2.2287903 1.7340464 2.3826561 2.1335648 2.4445780 
Ctel_gnl_WGS_AMQN_CAPTEDRAFT_mRNA228714                           1.3267774 1.3369377 1.2996265 1.2909246 1.7207241 1.4826348 1.4958823 1.3049480 1.3635411 1.1254437 1.2274594 1.3898138 0.9343359 1.4869492 1.3626537 1.3628441 1.3324486 1.3860212 1.3621741 1.2970213 1.2866420 1.2976925 1.3617132 1.4767940 1.2752891 1.2982326 1.4829783 1.4976215 0.8964542 0.7844742 2.0123049 1.3837336 1.5602628 1.5602628 1.4478573 1.4780700 1.6678861 0.0000000 1.4076681 1.3063084 1.2723242 1.2045291 1.2478925 1.3326397 1.5131292 1.8195223 2.5666357 1.9060621 2.0084030 1.1531398 1.6014144 2.0521844 2.6743182 2.2782979 2.1543556 2.0579520 2.0608049 2.2292830 1.7049492 1.7049492 1.6818674 1.7570305 2.0892833 1.8788161 1.9450780 2.7686817 2.8944562 2.0067821 2.2143753 1.6927837 1.7893233 1.8816104 1.8816104 2.0426777 2.0426777 2.3082866 2.3056758 2.5785662 2.1083626 2.1083626 1.8007644 1.8912819 2.3826745 1.7844166 1.7024315 2.2485643 1.9880122 1.8770929 1.6760554 2.8388879 1.8609732 2.0678839 3.5947866 2.1730369 1.9366656 2.3041495 1.9198870 2.4416805 
