86
Emue_Em0018g295a.t1                                               0.0000000 0.1789093 0.7696675 0.7102996 0.9466835 1.0134623 1.1044227 1.3938374 1.3656213 1.3793589 1.2727918 1.4997627 1.4513980 1.3673049 1.3782226 1.5049208 1.2131359 1.4807485 1.3519595 1.5810252 1.5966669 1.5364000 1.7599094 1.6047630 2.2286865 1.5238865 1.2628605 1.5317019 1.5603766 1.5128651 1.4884173 1.3407816 1.3168743 1.4257015 1.4378410 1.7247035 1.2638262 1.4018882 1.6023788 1.5698569 1.5138046 1.5014487 1.5083313 1.3941895 1.4639090 1.2690239 1.4721806 1.4721806 1.4253324 1.4751352 1.9983297 1.8819523 1.8782246 1.7797670 1.4889221 1.4820356 1.6613113 1.6521336 1.5739131 1.7515392 1.6468450 1.6134863 1.6581104 2.1076929 1.6942517 1.2946177 1.5886455 1.4799031 1.5276997 1.4216685 1.9143261 1.4114250 1.6586566 1.4726356 1.7259542 1.8369033 1.9329929 1.8435811 1.8102720 2.0539057 2.1594535 1.6480193 1.3874692 1.9447917 1.9031402 3.0952916 
Spolac_c95803_g1_i1_m.12057c95803-g1                              0.1789093 0.0000000 0.7742344 0.7783018 0.9644790 1.0118593 1.1329909 1.4604643 1.4019561 1.4820185 1.2706610 1.4803427 1.4567010 1.4271293 1.4378738 1.5025306 1.1527199 1.4179160 1.4621665 1.6993546 1.5809865 1.5223126 1.8320277 1.6768964 2.3303916 1.6252188 1.3525274 1.5984077 1.6474182 1.6259107 1.6047810 1.4598704 1.3831126 1.5476048 1.5542270 1.8115764 1.3380422 1.4810257 1.6269036 1.5693131 1.5242851 1.5172733 1.5234955 1.4419262 1.4780131 1.3462634 1.5720076 1.5720076 1.4670200 1.4305555 1.9541832 1.7685438 1.9719315 1.8730997 1.6673650 1.6122935 1.8438539 1.8018518 1.6588601 1.8755778 1.8398311 1.6338906 1.7423032 2.1638658 1.8587330 1.3975222 1.6562669 1.5722487 1.7597022 1.5292756 2.1760478 1.4544511 1.7424076 1.5050646 1.8476492 1.8502819 1.9201808 1.8946286 1.8599044 1.9789612 2.0449029 1.9571837 1.4714848 2.1436738 1.9745490 3.3097343 
Tetwil_g19111.t1                                                  0.7696675 0.7742344 0.0000000 0.4170420 0.7479551 0.9368242 0.9142596 1.3555633 1.4043083 1.3402899 1.2418658 1.3132987 1.2864377 1.3642638 1.4439445 1.3774001 1.0122006 1.4004132 1.3112210 1.9002102 1.7087758 1.6543121 1.8003899 1.6234900 2.4188477 1.5561026 1.2275673 1.5100054 1.4974074 1.6482529 1.4998352 1.2447918 1.5149067 1.3454700 1.2450051 1.6554664 1.4953899 1.5929968 1.7014192 1.6265943 1.5212929 1.5277318 1.5784812 1.4918118 1.5508892 1.3629498 1.6051367 1.6051367 1.5407469 1.5999538 1.9533473 1.7168100 1.8774573 1.8453950 1.6520728 1.7013952 1.7394239 1.5540925 1.6286650 1.9305707 1.9028899 1.5806364 1.5978957 1.9425454 1.8682291 1.4488001 1.5619943 1.5393604 1.7910874 1.5101904 2.0328042 1.5661971 1.8400553 1.8328370 1.8152191 1.6452823 1.7076414 1.7011838 1.6717493 1.8616659 1.9381792 2.0420167 1.6721706 2.0193022 2.1072756 3.1315381 
Stycar_augustus_masked-SC_scaffold5809-processed-gene-0.1-mRNA-1  0.7102996 0.7783018 0.4170420 0.0000000 0.6884148 0.8901450 0.8892415 1.3121095 1.4270043 1.3855724 1.2222462 1.2725651 1.2497063 1.2662258 1.3801628 1.3004300 0.9300620 1.2710632 1.1892311 1.5738591 1.6156053 1.5251265 1.7707924 1.5808605 2.2845603 1.3910238 1.1192964 1.3583639 1.4661828 1.4462523 1.4654895 1.1122782 1.3924528 1.2690347 1.3883092 1.6967516 1.3063831 1.4111021 1.6497224 1.5349188 1.6588801 1.6017381 1.5954037 1.5503089 1.5465404 1.4970166 1.6057523 1.6057523 1.4787972 1.4856574 1.9938972 1.7162064 1.9080064 1.8865688 1.5439216 1.5262091 1.5833765 1.7928519 1.7188851 1.7984905 1.7544795 1.6061761 1.5854478 1.9255212 1.6452699 1.3335955 1.5054808 1.4820223 1.5813044 1.4847424 2.0362023 1.3500809 1.7527995 1.6124316 1.8463860 1.6997562 1.7895733 1.6308933 1.6243859 1.7225760 1.8188076 1.9069288 1.4494179 1.9821353 2.0366988 3.1553211 
Xestes_augustus_masked-XT_scaffold14671-processed-gene-0.3-mRNA-1 0.9466835 0.9644790 0.7479551 0.6884148 0.0000000 0.8769041 0.8336232 1.3571770 1.4229719 1.3934352 1.3687168 1.5111697 1.4063039 1.4035637 1.4832709 1.4262454 1.0312408 1.4706637 1.3916910 1.8597231 1.6402619 1.6107732 1.9129937 1.5652421 2.7354673 1.5581942 1.3273864 1.5152360 1.5793276 1.4244849 1.5333282 1.3003639 1.4937503 1.4911933 1.3801453 1.9413282 1.5175388 1.6486463 1.5105905 1.6161681 1.5372276 1.5220576 1.4155618 1.3696245 1.4284570 1.4836149 1.5312255 1.5312255 1.4658406 1.3617419 1.7970103 1.5959571 1.7346406 1.7629707 1.7302617 1.6203728 1.8654233 1.5623916 1.9077152 1.9809423 1.9060558 1.8769293 1.8502840 2.1970203 1.9232401 1.6219532 1.5563747 1.5677778 1.6265308 1.6724561 2.1487786 1.4909368 1.9006844 1.7879766 2.0682910 1.8016866 1.8287524 1.7776498 1.7523816 2.0599518 2.1004358 2.1746623 1.6996997 2.1111189 2.0936379 3.5382162 
Aque_Aqu2.1.38414_001                                             1.0134623 1.0118593 0.9368242 0.8901450 0.8769041 0.0000000 0.5792180 1.4776087 1.4877102 1.3651521 1.5188739 1.4488755 1.4182474 1.4214139 1.4868015 1.3790204 0.9956291 1.3586413 1.3194961 1.8010494 1.6008661 1.5710250 1.7832758 1.5089319 2.3989739 1.4828338 1.4046960 1.4416560 1.6247087 1.2935588 1.5336369 1.2551905 1.3921912 1.4891901 1.4108802 1.7441740 1.6293758 1.9199018 1.5768422 1.5570186 1.6315367 1.6347051 1.6259875 1.4895889 1.5756203 1.3902167 1.5084850 1.5084850 1.4124750 1.5240505 1.9398697 1.7501511 1.8021234 1.8010853 1.7201628 1.7154404 1.8749113 1.7165364 1.8558602 1.7025624 1.5824610 1.5893543 1.6378279 1.7865543 1.8107007 1.5605794 1.5513616 1.6197972 1.7119642 1.5349075 2.0787398 1.5177221 1.8695826 1.8068654 2.0768216 1.6569996 1.6636035 1.7037803 1.6744658 1.8368585 1.7725498 2.0173031 1.8481061 2.0399812 2.0883159 3.2469117 
Halamb_c46675_g1_i1m.21022                                        1.1044227 1.1329909 0.9142596 0.8892415 0.8336232 0.5792180 0.0000000 1.5710287 1.5392835 1.5690597 1.4579045 1.4907728 1.4990158 1.5115839 1.5237798 1.5268963 1.0794174 1.5267398 1.4397257 2.0642118 1.6585228 1.5751466 1.7686849 1.6744517 2.3777294 1.4583765 1.4695309 1.6255830 1.6443899 1.4478253 1.6213672 1.2891067 1.4571698 1.6005761 1.4788406 1.8726253 1.8578779 2.1926162 1.6419197 1.6291149 1.8459679 1.7875050 1.6972453 1.4801160 1.6257238 1.6267698 1.6713510 1.6713510 1.5214190 1.6434078 2.0229003 1.8185047 1.9946605 2.0461035 1.8217708 1.7843675 1.9703598 1.5897849 1.8612715 1.8948035 1.8088386 1.6720888 1.6902759 2.0064901 1.9119637 1.5766384 1.6752380 1.6659272 1.6940357 1.7555623 2.1671721 1.4080724 1.8575550 1.8698471 1.9283683 1.6977412 1.7065455 1.7338120 1.7027043 1.8791526 1.8793586 2.3494517 2.0302838 2.2835592 2.3505409 3.3864880 
Lcom_lcpid84282                                                   1.3938374 1.4604643 1.3555633 1.3121095 1.3571770 1.4776087 1.5710287 0.0000000 0.4299274 0.4365136 0.6001233 0.9477802 0.9108407 0.9155097 0.9528373 0.9949305 0.8013984 0.9142337 0.8164934 1.2257096 1.1798395 1.2518033 1.2933790 1.0528747 1.8036767 1.1707006 0.8936462 1.0438491 1.1184886 1.0691249 1.0946669 1.0722836 1.1338306 1.0610301 1.0864833 1.2357416 1.3264297 1.5734215 1.1503800 1.1792445 1.4019665 1.3601056 1.3894906 1.2141490 1.3598715 1.3706351 1.3950737 1.3950737 1.4589387 1.4256279 1.5339861 1.5282338 1.6409376 1.6342118 1.2401659 1.2963133 1.2847801 1.1342830 1.2759433 1.3008944 1.3510066 1.2559737 1.3425088 1.6758254 1.4733071 1.0780946 1.2783251 1.2010770 1.3653029 1.3206756 1.8004404 1.3244849 1.4275239 1.3221107 1.4588648 1.3221637 1.4858814 1.4692904 1.4647635 1.4883448 1.5516845 1.3517681 1.1322455 1.4570415 1.6480780 2.3729779 
Gracom_Gcom_scaffold13101_01                                      1.3656213 1.4019561 1.4043083 1.4270043 1.4229719 1.4877102 1.5392835 0.4299274 0.0000000 0.3682693 0.6606727 1.0939617 1.0281048 1.0191202 1.0347329 1.0900223 0.8317281 1.0480540 0.8941306 1.2348093 1.3043024 1.2889950 1.3438201 1.1938087 1.7849083 1.1776156 0.9901993 1.0969388 1.2095043 1.1148465 1.0923631 1.0204092 1.1796663 1.0406179 1.1057573 1.3657208 1.3958187 1.5656212 1.2910919 1.2099613 1.3522141 1.3376338 1.3265154 1.1509858 1.2774320 1.3280376 1.2478471 1.2478471 1.3809632 1.2887083 1.6840443 1.5446638 1.5412564 1.5195955 1.4093648 1.3674046 1.4013853 1.3023684 1.4067725 1.3989544 1.5179550 1.2180657 1.2520265 1.6046719 1.5035336 1.0032002 1.3873346 1.2139790 1.4280674 1.1914931 1.7135465 1.3580256 1.4585933 1.4765368 1.5269610 1.3121482 1.4433949 1.5045049 1.5055481 1.4183054 1.5022572 1.6640202 1.0243203 1.5379573 1.5578917 2.4396148 
Leuniv_Lniv_scaffold24074_01                                      1.3793589 1.4820185 1.3402899 1.3855724 1.3934352 1.3651521 1.5690597 0.4365136 0.3682693 0.0000000 0.6127682 1.0650372 1.0220717 1.0014553 1.0681655 1.0889007 0.8889280 1.0504283 0.8933200 1.2337965 1.3015006 1.3186115 1.3882252 1.1708491 2.0923214 1.3289760 0.9362358 1.1754277 1.2227582 1.1806906 1.1219196 1.0917409 1.1931942 1.0536953 1.0716482 1.3495165 1.3970120 1.6164530 1.2509871 1.2376931 1.3575014 1.3988959 1.3716182 1.1851573 1.3350583 1.3258901 1.3001874 1.3001874 1.3807181 1.3155348 1.6981482 1.4885951 1.4900608 1.5324191 1.3885072 1.3954299 1.3442633 1.2219940 1.3159611 1.4276017 1.4334659 1.2925322 1.3812319 1.7482096 1.5472082 1.0671634 1.3020968 1.2023957 1.3769953 1.2140814 1.6377797 1.3896021 1.4612346 1.4668029 1.4592568 1.4449272 1.6354328 1.4981739 1.4992155 1.4832370 1.5658612 1.7459593 1.1914704 1.4330836 1.5504426 2.4191264 
Clacor_Ccor_scaffold3065_01                                       1.2727918 1.2706610 1.2418658 1.2222462 1.3687168 1.5188739 1.4579045 0.6001233 0.6606727 0.6127682 0.0000000 0.8540664 0.9273162 0.8200240 0.8670757 0.8676375 0.7240634 0.8238385 0.8295511 1.1703906 1.1575125 1.2111819 1.2597191 1.1077013 1.7130118 1.1093914 0.8453548 1.0404857 1.2157218 0.9403444 0.9789519 0.9085275 1.1194194 0.9969818 1.0123232 1.3555145 1.3171235 1.5346227 1.2443694 1.3072975 1.3842344 1.3893952 1.3968958 1.1881113 1.3587945 1.3322920 1.3329107 1.3329107 1.3881508 1.3765929 1.6091167 1.6203271 1.4953371 1.5044821 1.3192569 1.3880829 1.3256273 1.3935449 1.3126767 1.4507374 1.4878152 1.2386915 1.3533707 1.8522337 1.4338028 1.0132917 1.2571024 1.1312976 1.2222211 1.1459671 1.5566554 1.3510441 1.4706522 1.3449180 1.4494642 1.2781198 1.4320085 1.3557940 1.3514328 1.2811442 1.3733078 1.4172842 1.0643578 1.6266972 1.5409140 2.2936158 
Spis_XP_022794331_1                                               1.4997627 1.4803427 1.3132987 1.2725651 1.5111697 1.4488755 1.4907728 0.9477802 1.0939617 1.0650372 0.8540664 0.0000000 0.1505659 0.2388940 0.2704185 0.4352041 0.2888255 0.3563188 0.5839299 0.7826403 0.9294721 0.8931635 0.9194238 0.8962152 1.6764054 1.1762123 0.9481723 0.9558864 0.9794054 1.1679743 1.1185461 1.0167485 1.1334859 1.0281412 1.0162594 1.1541476 1.1009939 1.3110866 1.0535795 0.9257398 1.5049226 1.5317808 1.6850663 1.4500313 1.6311295 1.3903805 1.5518129 1.5518129 1.4677543 1.3460202 1.7873038 1.6073421 1.5207089 1.6075220 1.4829343 1.5135229 1.4763433 1.5346842 1.3881762 1.5602476 1.3096876 1.4372634 1.5777422 1.9298665 1.4728660 1.1530641 1.3592278 1.2025877 1.3622731 1.4747129 1.9401639 1.2615985 1.6926330 1.4386263 1.5865690 1.2626704 1.3349397 1.3391933 1.3307401 1.3827857 1.4289242 1.4425368 1.2409190 1.5359306 1.5102828 2.5746895 
Pocdam_XM_027201837.1                                             1.4513980 1.4567010 1.2864377 1.2497063 1.4063039 1.4182474 1.4990158 0.9108407 1.0281048 1.0220717 0.9273162 0.1505659 0.0000000 0.2290170 0.2473826 0.4071555 0.2758752 0.3390992 0.5976574 0.7491401 0.9172877 0.8830468 0.8932792 0.8851805 1.6826609 1.1599703 1.0176415 0.9232506 0.9559435 1.1606059 1.0511551 0.9730413 1.1158338 1.0267726 1.0031530 1.1666890 1.0949431 1.2685308 1.0536543 0.9350598 1.5217045 1.5133473 1.5832027 1.3707063 1.5351833 1.3788426 1.4892743 1.4892743 1.4711539 1.3456273 1.7355908 1.6936294 1.4976960 1.5724716 1.4654904 1.4087894 1.3834414 1.4121799 1.3323256 1.4961961 1.2898583 1.3955057 1.4714999 1.9148430 1.3898545 1.1185553 1.2768877 1.2472853 1.3018836 1.4334468 1.9707820 1.2574421 1.6499989 1.3721388 1.5015845 1.2662103 1.3692580 1.3278437 1.3194470 1.3874647 1.4559974 1.3642152 1.1899183 1.5379184 1.4860169 2.6179704 
Gasp_gasp1.m3.1575.m1                                             1.3673049 1.4271293 1.3642638 1.2662258 1.4035637 1.4214139 1.5115839 0.9155097 1.0191202 1.0014553 0.8200240 0.2388940 0.2290170 0.0000000 0.1892477 0.3647860 0.1995765 0.2716481 0.6049475 0.7617494 0.8981580 0.8559501 0.8544737 0.7855368 1.7051563 1.1564579 0.9319177 0.8847523 0.9533014 1.1072525 0.9744619 0.8910602 1.0644768 1.0611991 0.9776354 1.0918001 1.1015495 1.2795379 1.0270380 0.8844964 1.4835775 1.4804549 1.5009610 1.3590801 1.4575177 1.3444724 1.4115567 1.4115567 1.4568532 1.3976129 1.7648170 1.7618035 1.5136196 1.5254405 1.4688249 1.4446723 1.4867012 1.4401186 1.3798098 1.5650610 1.2384751 1.4117903 1.4700515 1.9770198 1.3430206 1.0999489 1.3065453 1.2678122 1.2670447 1.4942951 1.9080547 1.2685524 1.7058715 1.3179977 1.5354198 1.2520532 1.3859440 1.3143204 1.3058934 1.3721520 1.4175101 1.2232202 1.1818666 1.5364628 1.4942967 2.4667210 
Fspp_ffun1.m4.25234.m1                                            1.3782226 1.4378738 1.4439445 1.3801628 1.4832709 1.4868015 1.5237798 0.9528373 1.0347329 1.0681655 0.8670757 0.2704185 0.2473826 0.1892477 0.0000000 0.3411788 0.2149196 0.2800000 0.5502760 0.7689624 0.8744455 0.8323465 0.8742359 0.7812568 1.6758210 1.1597106 1.0284809 0.9635995 0.9573139 1.1119865 0.9913168 0.9036523 1.0453818 1.0661971 1.0303715 1.1282986 1.1463845 1.3256732 1.0651299 0.8730491 1.5329941 1.5429371 1.6833588 1.4931612 1.6291954 1.4445555 1.4631096 1.4631096 1.5240240 1.4310391 1.8050206 1.7065854 1.5711115 1.5836643 1.4430571 1.4334354 1.4809161 1.4978977 1.4339031 1.5819845 1.3427013 1.4759849 1.5385375 2.0109933 1.4413079 1.0739343 1.2797235 1.2857569 1.2953776 1.5657934 2.0206859 1.2772296 1.6718999 1.3046538 1.6041970 1.2032910 1.2494813 1.3098299 1.3014540 1.3698775 1.4169984 1.3123656 1.1059354 1.5748421 1.4643051 2.5705686 
Amil_Amillepora15213-RA                                           1.5049208 1.5025306 1.3774001 1.3004300 1.4262454 1.3790204 1.5268963 0.9949305 1.0900223 1.0889007 0.8676375 0.4352041 0.4071555 0.3647860 0.3411788 0.0000000 0.0091210 0.2770256 0.6322092 0.8706543 0.9952695 0.9576394 1.0091458 0.8519753 1.9152519 1.2830605 1.0290735 0.9291692 1.0226137 1.1369575 1.1349307 0.9117251 1.1224061 1.0821511 1.0866260 1.1705458 1.2100668 1.4837443 1.0681463 0.9430216 1.4792399 1.5275565 1.6340398 1.3587286 1.5828385 1.4049167 1.5110699 1.5110699 1.4064393 1.4605418 1.7198071 1.7217950 1.4656010 1.4363061 1.6024247 1.5259882 1.5103782 1.4375849 1.3524061 1.5410201 1.3272023 1.4528678 1.5899533 2.0573367 1.5345404 1.1684508 1.3358634 1.3310668 1.3156056 1.6356068 2.0084376 1.4158202 1.7564758 1.5351508 1.6787848 1.2930843 1.4010700 1.3838278 1.3750524 1.3609227 1.4030301 1.4654996 1.3035200 1.5664216 1.5709664 2.5818142 
Adig_XM_015913862.1                                               1.2131359 1.1527199 1.0122006 0.9300620 1.0312408 0.9956291 1.0794174 0.8013984 0.8317281 0.8889280 0.7240634 0.2888255 0.2758752 0.1995765 0.2149196 0.0091210 0.0000000 0.1865065 0.5978683 1.1773476 0.6918814 0.7888511 0.8259323 0.6545679 1.5478505 0.8046297 0.7653305 0.7669162 0.8324020 0.8157698 0.8892733 0.8369573 0.9677201 0.9451017 0.9175062 1.0271967 2.0368291 4.4350322 0.9759214 0.9482006 1.1597116 1.1597116 1.2359666 1.2359666 1.2359666 1.2024181 1.1589787 1.1589787 1.1666098 1.1412248 1.0840583 1.2601992 1.0628459 1.1584620 1.3548756 1.4271799 1.3557119 0.9776666 1.2741861 1.4022779 1.2562170 1.4179302 1.5169427 1.5169427 1.4781701 1.1407081 1.4503252 1.2535567 1.1867319 1.4005447 1.4005447 1.2875130 1.2444902 1.5083845 1.9676406 1.2231124 1.2393742 1.2479378 1.2479378 1.2275438 1.2275438 9.0000000 1.3647504 1.6626730 2.3234584 3.5488141 
Gfas_gfas1.m1.6701.m1                                             1.4807485 1.4179160 1.4004132 1.2710632 1.4706637 1.3586413 1.5267398 0.9142337 1.0480540 1.0504283 0.8238385 0.3563188 0.3390992 0.2716481 0.2800000 0.2770256 0.1865065 0.0000000 0.6167601 0.7429936 0.8651098 0.8986389 0.9215112 0.8343313 1.7798419 1.2245895 1.0357958 0.8879535 0.9468613 1.0894305 1.0126063 0.8613772 1.1158206 1.0602337 1.0220244 1.1160199 1.1900452 1.3716692 1.0749073 0.9456832 1.4860404 1.4981354 1.5582784 1.2642239 1.5256554 1.4014139 1.4705527 1.4705527 1.4657031 1.4809293 1.7449701 1.7480222 1.5988103 1.5949048 1.4890182 1.5085326 1.4597060 1.4941419 1.3973184 1.4726730 1.2477010 1.3809122 1.4783796 2.0430920 1.3745567 1.1325701 1.3354511 1.3356321 1.2646066 1.5116654 1.9444846 1.2974333 1.7713970 1.4091543 1.5864954 1.2331474 1.3380791 1.3176773 1.3092928 1.4024424 1.4619585 1.3449887 1.2175011 1.5936625 1.4583527 2.6065314 
Exapal_XM_021053662.2                                             1.3519595 1.4621665 1.3112210 1.1892311 1.3916910 1.3194961 1.4397257 0.8164934 0.8941306 0.8933200 0.8295511 0.5839299 0.5976574 0.6049475 0.5502760 0.6322092 0.5978683 0.6167601 0.0000000 0.5280936 0.9243911 0.9417303 0.9952940 0.7758599 1.9460768 1.3107595 0.9694243 0.8292440 0.8749176 1.0160509 0.9744687 0.8438209 1.0284755 0.9105906 0.9348962 1.1337430 1.0689162 1.2419353 1.0847253 0.9026190 1.2842579 1.3061756 1.3330811 1.2116225 1.2987474 1.1555378 1.3153747 1.3153747 1.2054771 1.2779504 1.6106549 1.5149883 1.4521849 1.4819184 1.2277560 1.3538353 1.2615951 1.3204622 1.2892375 1.4586698 1.2689265 1.2214135 1.2907674 1.6955430 1.2924755 1.0216428 1.2489019 1.1655899 1.1496492 1.2122669 1.7335985 1.1819386 1.5458149 1.3710188 1.4151811 1.0849215 1.1514416 1.2238317 1.2147743 1.2227099 1.2866532 1.1528073 0.9493389 1.5084379 1.4020800 2.1728662 
Nvec_v1g99348                                                     1.5810252 1.6993546 1.9002102 1.5738591 1.8597231 1.8010494 2.0642118 1.2257096 1.2348093 1.2337965 1.1703906 0.7826403 0.7491401 0.7617494 0.7689624 0.8706543 1.1773476 0.7429936 0.5280936 0.0000000 1.4062392 1.3576474 1.2000944 1.1535360 2.0334651 1.9898592 1.3501071 1.1673330 1.2906785 1.4395094 1.2414016 1.0730359 1.2110419 1.3053640 1.3314217 1.6035596 1.3431862 1.5024555 1.5528939 1.1460529 1.8203105 1.8925079 2.0398457 1.9418972 1.9495170 1.5708078 2.0385180 2.0385180 1.7332155 1.7660517 2.6971208 2.3118366 2.0353156 1.9933233 1.7045615 1.6802569 1.5977529 2.9470265 1.6863164 2.1439786 1.6759108 1.5845199 1.6097018 2.5648999 1.6406669 1.2104262 1.5302983 1.5535455 1.3247700 1.6695185 2.4309197 1.6240056 2.1026297 1.8481549 1.7869433 1.6531666 2.0401402 1.7580559 1.7597430 1.6567173 1.8226280 1.0606037 0.9866955 1.8270116 1.2289724 1.7643542 
Nemnom_g2158.t1                                                   1.5966669 1.5809865 1.7087758 1.6156053 1.6402619 1.6008661 1.6585228 1.1798395 1.3043024 1.3015006 1.1575125 0.9294721 0.9172877 0.8981580 0.8744455 0.9952695 0.6918814 0.8651098 0.9243911 1.4062392 0.0000000 0.2626810 0.5556484 0.7909396 2.0938551 1.4301672 1.2317581 1.1159731 1.0997762 1.1572075 1.1428260 1.1726988 1.2708609 1.2670588 1.2403620 1.1020994 1.4495940 1.6011000 0.9530890 1.1135299 1.6178663 1.7007248 1.7280931 1.5349084 1.7435591 1.5711844 1.6879083 1.6879083 1.7097039 1.6449243 1.9226012 2.0625437 1.9337189 1.9769152 1.5752183 1.7129146 1.5255187 1.6906392 1.6424377 1.5213907 1.4646846 1.6319090 1.5664645 2.0941916 1.8306015 1.2060947 1.3709325 1.5072869 1.6077871 1.6203508 2.1819067 1.4004697 1.7902736 1.4222634 1.8219095 1.1551297 1.2161562 1.3046939 1.3181263 1.4025461 1.4659881 1.2898331 1.2664529 2.0266861 1.6378380 2.9355689 
Rhoesc_Res_001019-T1                                              1.5364000 1.5223126 1.6543121 1.5251265 1.6107732 1.5710250 1.5751466 1.2518033 1.2889950 1.3186115 1.2111819 0.8931635 0.8830468 0.8559501 0.8323465 0.9576394 0.7888511 0.8986389 0.9417303 1.3576474 0.2626810 0.0000000 0.4454531 0.6831227 2.2657352 1.4992269 1.2509438 1.1315184 1.0550999 1.1936357 1.2055697 1.1192791 1.2657638 1.2560874 1.1819568 1.0438155 1.3675396 1.5506052 0.9772105 1.0192913 1.4821683 1.5700412 1.6617112 1.4805663 1.6521231 1.4994983 1.5997668 1.5997668 1.5865264 1.4694480 1.9066582 1.8503253 1.7719142 1.7938749 1.5687651 1.5858249 1.5972748 1.7505155 1.6042646 1.5655732 1.5016389 1.5782611 1.5848170 2.1257889 1.7073726 1.2557974 1.4212441 1.5572020 1.5212818 1.4810741 2.0599329 1.3881749 1.7513187 1.4553192 1.8629231 1.0898593 1.2126331 1.1366635 1.1455161 1.3099509 1.3785909 1.4239073 1.3170939 2.0589410 1.5196742 2.9382688 
Aaur_scaffold1064.g5.t1                                           1.7599094 1.8320277 1.8003899 1.7707924 1.9129937 1.7832758 1.7686849 1.2933790 1.3438201 1.3882252 1.2597191 0.9194238 0.8932792 0.8544737 0.8742359 1.0091458 0.8259323 0.9215112 0.9952940 1.2000944 0.5556484 0.4454531 0.0000000 0.5916163 2.1079166 1.7285111 1.2547397 1.1361097 1.1222847 1.2737226 1.2438862 1.1387761 1.3178335 1.3366031 1.2416625 1.0055914 1.3435764 1.6322583 1.1848798 1.1173936 1.7671493 1.8101372 1.7742426 1.6476676 1.7889702 1.6441915 1.7584689 1.7584689 1.7335583 1.6568793 2.0845507 2.1743969 1.9348341 1.9451930 1.7653664 1.8627649 1.7872890 2.0945878 1.8043910 1.7449059 1.6529020 1.7629369 1.7174985 2.4502804 1.7532795 1.3190650 1.4743670 1.5696382 1.5096143 1.8760577 2.4762898 1.4583766 2.0162304 1.6013901 1.7821990 1.2414941 1.4787004 1.3424795 1.3486368 1.4380007 1.5492038 1.3145077 1.2159130 1.9873304 1.4541328 2.6698730 
Sanmal_Sma_026777-T1                                              1.6047630 1.6768964 1.6234900 1.5808605 1.5652421 1.5089319 1.6744517 1.0528747 1.1938087 1.1708491 1.1077013 0.8962152 0.8851805 0.7855368 0.7812568 0.8519753 0.6545679 0.8343313 0.7758599 1.1535360 0.7909396 0.6831227 0.5916163 0.0000000 2.1112742 1.3991465 1.2289001 1.0646316 1.0846877 1.2048791 1.0632106 0.9814131 1.1999657 1.1289912 1.1303750 0.9563628 1.4027722 1.5308207 1.0053786 0.8568278 1.2736586 1.2489035 1.4327565 1.3075748 1.3622319 1.3680835 1.4359550 1.4359550 1.3895853 1.3074143 1.6929762 1.6441287 1.5779208 1.6145511 1.6892607 1.5529280 1.6222558 1.3183640 1.6095995 1.4929614 1.5027134 1.5235439 1.5144267 1.8587444 1.6925790 1.2286961 1.4874057 1.4471991 1.4853955 1.6562353 2.1304040 1.2542718 1.7990557 1.3980455 1.7884085 1.2058784 1.3236054 1.2179029 1.2314201 1.4104138 1.4974629 1.3058051 1.2092403 1.8890678 1.5033040 2.6272790 
Opea_EP00118_Oscarella_pearsei_P022224                            2.2286865 2.3303916 2.4188477 2.2845603 2.7354673 2.3989739 2.3777294 1.8036767 1.7849083 2.0923214 1.7130118 1.6764054 1.6826609 1.7051563 1.6758210 1.9152519 1.5478505 1.7798419 1.9460768 2.0334651 2.0938551 2.2657352 2.1079166 2.1112742 0.0000000 0.1845048 1.1515146 2.1171088 2.0685773 1.7281667 1.8980547 1.9517801 2.1005303 2.0860972 2.2128998 2.6922230 3.6550359 4.5337874 2.2430625 2.3172877 2.2308657 2.2762123 2.2260534 2.0189151 2.2260534 2.2222502 2.1906408 2.1906408 2.3905578 2.2941570 2.3759127 2.3378152 2.5338669 2.5614930 2.5853382 2.7709523 2.7728394 3.4607234 2.9912517 2.2872723 2.2184726 2.8512173 2.8074068 3.6083356 2.3933414 1.6911526 2.4867464 1.9895693 2.2449002 2.1856887 2.2348942 2.0952067 2.1300639 2.3244524 2.5057184 2.5017968 2.4068903 2.8911933 2.8728500 2.7916034 2.7916034 1.5834643 1.6495667 2.4255213 2.3525868 4.1367686 
Opea_EP00118_Oscarella_pearsei_P022227                            1.5238865 1.6252188 1.5561026 1.3910238 1.5581942 1.4828338 1.4583765 1.1707006 1.1776156 1.3289760 1.1093914 1.1762123 1.1599703 1.1564579 1.1597106 1.2830605 0.8046297 1.2245895 1.3107595 1.9898592 1.4301672 1.4992269 1.7285111 1.3991465 0.1845048 0.0000000 0.7611205 1.5373075 1.5027768 1.1834763 1.3461093 1.2311101 1.4224113 1.3959806 1.3527086 1.7978335 3.6550359 4.0986436 1.4678112 1.6194350 1.4763288 1.5019707 1.5150171 1.3099875 1.5150171 1.4671730 1.4262299 1.4262299 1.5295356 1.5175493 1.4549628 1.4821101 1.6145883 1.7027001 1.6925643 1.7058360 1.8023481 1.2075839 1.8178560 1.4222772 1.4611980 1.8669744 1.7644136 1.9197887 1.6460253 1.1796408 1.6338221 1.2469187 1.5171111 1.4655117 1.4913218 1.5147108 1.4420464 1.5291761 1.9495951 1.6804767 1.6170096 1.8814239 1.8702918 1.6788236 1.6788236 1.7104174 1.6495667 1.7581291 2.2430995 3.2957899 
Plajan_Pjan_C567326_01                                            1.2628605 1.3525274 1.2275673 1.1192964 1.3273864 1.4046960 1.4695309 0.8936462 0.9901993 0.9362358 0.8453548 0.9481723 1.0176415 0.9319177 1.0284809 1.0290735 0.7653305 1.0357958 0.9694243 1.3501071 1.2317581 1.2509438 1.2547397 1.2289001 1.1515146 0.7611205 0.0000000 1.2242408 1.2942260 1.0276552 1.0642544 1.0066666 1.0033947 1.1397027 1.0046007 1.4023427 0.9698276 1.1241426 1.3678805 1.1918316 1.3617550 1.3579489 1.4699472 1.2301647 1.4275479 1.3234178 1.4080500 1.4080500 1.3537764 1.3273521 1.5923757 1.5846979 1.4984411 1.5074843 1.2928429 1.4328219 1.5079285 1.4197211 1.4983393 1.2427446 1.2771142 1.3031290 1.3189917 1.7898391 1.4042948 1.1564338 1.3861026 1.1870554 1.2912850 1.2982129 1.6804812 1.1399687 1.4817355 1.2679948 1.6599317 1.4441293 1.6103826 1.6058504 1.6025605 1.4693780 1.4830187 1.4654563 1.1391027 1.5338781 1.5240825 3.0834109 
Dgig_XM_028553940.1                                               1.5317019 1.5984077 1.5100054 1.3583639 1.5152360 1.4416560 1.6255830 1.0438491 1.0969388 1.1754277 1.0404857 0.9558864 0.9232506 0.8847523 0.9635995 0.9291692 0.7669162 0.8879535 0.8292440 1.1673330 1.1159731 1.1315184 1.1361097 1.0646316 2.1171088 1.5373075 1.2242408 0.0000000 0.3605479 1.3642993 1.3010101 1.0739558 1.2418826 1.1799931 1.3084964 1.3349408 1.4625639 1.6859065 1.2870857 1.1708171 1.3877503 1.4065167 1.3814402 1.1712413 1.3729762 1.3797551 1.3721805 1.3721805 1.4654561 1.5326673 1.7570559 1.5926269 1.6859746 1.7090388 1.5449064 1.5814652 1.4092913 1.6993656 1.4667638 1.3754460 1.4716305 1.4148365 1.4438866 1.8321312 1.6143150 1.1691244 1.4312307 1.5424997 1.4159933 1.4599521 1.9639285 1.3822479 1.8296547 1.5251969 1.4783395 1.3195979 1.4529397 1.4152139 1.4263756 1.3693451 1.4227319 1.4532192 1.2523531 1.8126240 1.6069636 2.9390290 
Xesp_012318-T1                                                    1.5603766 1.6474182 1.4974074 1.4661828 1.5793276 1.6247087 1.6443899 1.1184886 1.2095043 1.2227582 1.2157218 0.9794054 0.9559435 0.9533014 0.9573139 1.0226137 0.8324020 0.9468613 0.8749176 1.2906785 1.0997762 1.0550999 1.1222847 1.0846877 2.0685773 1.5027768 1.2942260 0.3605479 0.0000000 1.3505538 1.2854377 1.0721972 1.2448170 1.2499444 1.2177376 1.3020653 1.4745552 1.6776402 1.3326088 1.0895307 1.5707291 1.5930589 1.5316613 1.3271996 1.5080862 1.5085489 1.4983070 1.4983070 1.5287722 1.5933457 1.8211131 1.8144765 1.7570493 1.8140205 1.5232562 1.5741575 1.5507409 1.5897551 1.4931750 1.3451918 1.6126590 1.3327825 1.4233590 1.7099092 1.6483700 1.2034817 1.4660302 1.5324925 1.4739675 1.4566105 1.9677346 1.3305727 1.7610215 1.4885179 1.4925419 1.3193972 1.3625040 1.4486877 1.4589740 1.4291174 1.4660328 1.5536118 1.2347132 1.7294433 1.7217807 2.6999731 
Acagra_model.g16278.t1.1.5d3b8873                                 1.5128651 1.6259107 1.6482529 1.4462523 1.4244849 1.2935588 1.4478253 1.0691249 1.1148465 1.1806906 0.9403444 1.1679743 1.1606059 1.1072525 1.1119865 1.1369575 0.8157698 1.0894305 1.0160509 1.4395094 1.1572075 1.1936357 1.2737226 1.2048791 1.7281667 1.1834763 1.0276552 1.3642993 1.3505538 0.0000000 0.6826535 0.8469198 0.8864326 0.8803583 1.0564980 1.4906270 1.6021732 1.7687896 1.3007676 1.3951958 1.4399739 1.4158348 1.3902820 1.3133398 1.3280418 1.3123341 1.3577686 1.3577686 1.4243216 1.2514783 1.6416690 1.5528772 1.5007657 1.5525165 1.4741202 1.5309407 1.3550769 1.5038388 1.6699171 1.7812312 1.5675337 1.5038062 1.4368771 1.8992913 1.6001827 1.2366716 1.2364607 1.2836142 1.3044414 1.4102675 1.6998339 1.0669008 1.4086136 1.3727552 1.8496712 1.4468775 1.3706112 1.4902320 1.5060579 1.4591339 1.4452009 1.4779727 0.9386539 1.7987097 1.5252206 2.6041338 
Cgig_XM_011415854.3                                               1.4884173 1.6047810 1.4998352 1.4654895 1.5333282 1.5336369 1.6213672 1.0946669 1.0923631 1.1219196 0.9789519 1.1185461 1.0511551 0.9744619 0.9913168 1.1349307 0.8892733 1.0126063 0.9744687 1.2414016 1.1428260 1.2055697 1.2438862 1.0632106 1.8980547 1.3461093 1.0642544 1.3010101 1.2854377 0.6826535 0.0000000 0.7909712 0.8914680 0.9099287 1.0522085 1.4082939 1.2466370 1.4365168 1.3682624 1.2111812 1.4437718 1.4519512 1.4019591 1.2308788 1.3612011 1.3253931 1.2422686 1.2422686 1.3468493 1.4106640 1.7115832 1.7315490 1.6419323 1.6095677 1.5024338 1.5310580 1.4309344 1.5556939 1.4600453 1.6617318 1.6797964 1.5395724 1.5412386 2.1788695 1.5249731 1.1395580 1.2840123 1.4492442 1.3731678 1.4573784 1.9317654 1.0700729 1.3285243 1.2607201 1.5412605 1.5101014 1.5897521 1.6619146 1.6505883 1.6518279 1.7370913 1.4973580 0.9109226 1.8492886 1.4305040 2.4559212 
Hsap_ENST00000261700                                              1.3407816 1.4598704 1.2447918 1.1122782 1.3003639 1.2551905 1.2891067 1.0722836 1.0204092 1.0917409 0.9085275 1.0167485 0.9730413 0.8910602 0.9036523 0.9117251 0.8369573 0.8613772 0.8438209 1.0730359 1.1726988 1.1192791 1.1387761 0.9814131 1.9517801 1.2311101 1.0066666 1.0739558 1.0721972 0.8469198 0.7909712 0.0000000 0.8783299 0.8280336 0.8876325 1.3500484 1.3707826 1.5684164 1.2846649 1.0940792 1.3370161 1.3246207 1.2390972 1.0663425 1.1987589 1.1627299 1.1841133 1.1841133 1.2065747 1.2905011 1.5646841 1.5621097 1.3681433 1.4300794 1.4534977 1.2839832 1.2796470 1.2379953 1.3880692 1.5623957 1.3792678 1.2564441 1.2135001 1.5999075 1.5192345 1.1768961 1.2008374 1.2561502 1.2186348 1.3586903 1.8414874 0.9906654 1.2735622 1.2432324 1.4538192 1.2860178 1.4307264 1.3518212 1.3470269 1.3793331 1.4507820 1.2679133 0.8584124 1.9078085 1.3619743 2.7390439 
Ctel_gnl_WGS_AMQN_CAPTEDRAFT_mRNA172911                           1.3168743 1.3831126 1.5149067 1.3924528 1.4937503 1.3921912 1.4571698 1.1338306 1.1796663 1.1931942 1.1194194 1.1334859 1.1158338 1.0644768 1.0453818 1.1224061 0.9677201 1.1158206 1.0284755 1.2110419 1.2708609 1.2657638 1.3178335 1.1999657 2.1005303 1.4224113 1.0033947 1.2418826 1.2448170 0.8864326 0.8914680 0.8783299 0.0000000 1.0125838 1.1350161 1.4554840 1.1315550 1.3687387 1.2741412 1.2862679 1.5955076 1.5288362 1.6115939 1.4427078 1.5657753 1.5437185 1.4618767 1.4618767 1.5424096 1.4840129 1.9172825 1.7304838 1.6198279 1.6524196 1.4080503 1.4467535 1.3079855 1.5399820 1.6052601 1.5357073 1.4670895 1.4849539 1.4465064 2.0101342 1.4949391 1.2313717 1.3281007 1.3808433 1.2649785 1.4251013 1.9786522 1.0591929 1.3302677 1.2313505 1.6052481 1.4120079 1.5282892 1.5444865 1.5400622 1.4186254 1.4721375 1.3002527 0.9237892 1.8205688 1.4494038 2.8619574 
Cscu_XM_023368426.1                                               1.4257015 1.5476048 1.3454700 1.2690347 1.4911933 1.4891901 1.6005761 1.0610301 1.0406179 1.0536953 0.9969818 1.0281412 1.0267726 1.0611991 1.0661971 1.0821511 0.9451017 1.0602337 0.9105906 1.3053640 1.2670588 1.2560874 1.3366031 1.1289912 2.0860972 1.3959806 1.1397027 1.1799931 1.2499444 0.8803583 0.9099287 0.8280336 1.0125838 0.0000000 0.9887934 1.4267657 1.2785284 1.4885128 1.3529094 1.1180476 1.4545672 1.4189698 1.5232195 1.3509003 1.4782101 1.3937394 1.3737395 1.3737395 1.4845313 1.4599507 1.6507576 1.6199516 1.5260410 1.5248630 1.5345120 1.5533889 1.3351007 1.3209291 1.4257196 1.9359132 1.5723783 1.3645308 1.4099501 1.8934048 1.6711117 1.3212613 1.4211462 1.3560132 1.2264173 1.2549234 1.6909475 1.0701872 1.0518839 1.4591396 1.7830850 1.4786515 1.6095588 1.5104435 1.5323858 1.5460581 1.6584228 1.2975443 1.1167137 1.7458578 1.6011057 2.9209625 
Spur_XM_030999331.1                                               1.4378410 1.5542270 1.2450051 1.3883092 1.3801453 1.4108802 1.4788406 1.0864833 1.1057573 1.0716482 1.0123232 1.0162594 1.0031530 0.9776354 1.0303715 1.0866260 0.9175062 1.0220244 0.9348962 1.3314217 1.2403620 1.1819568 1.2416625 1.1303750 2.2128998 1.3527086 1.0046007 1.3084964 1.2177376 1.0564980 1.0522085 0.8876325 1.1350161 0.9887934 0.0000000 1.3120943 1.3435113 1.5337840 1.3158537 1.1310743 1.5817767 1.5851996 1.5967510 1.3881033 1.5515343 1.4175209 1.4739094 1.4739094 1.4104230 1.5730407 1.7939941 1.8409997 1.6397168 1.6188802 1.5149696 1.5492263 1.3586991 1.6428143 1.5260053 1.6225037 1.3943155 1.2746296 1.3380744 1.7636962 1.4685936 1.0082294 1.4331906 1.2699661 1.2794857 1.4420489 1.9206665 1.1491717 1.3321010 1.2281002 1.5505573 1.3204814 1.3818806 1.3754514 1.3673298 1.4568464 1.5454001 1.3640931 1.1419880 1.5046891 1.2169759 2.8184009 
Morvir_scaffold25.g10.t1                                          1.7247035 1.8115764 1.6554664 1.6967516 1.9413282 1.7441740 1.8726253 1.2357416 1.3657208 1.3495165 1.3555145 1.1541476 1.1666890 1.0918001 1.1282986 1.1705458 1.0271967 1.1160199 1.1337430 1.6035596 1.1020994 1.0438155 1.0055914 0.9563628 2.6922230 1.7978335 1.4023427 1.3349408 1.3020653 1.4906270 1.4082939 1.3500484 1.4554840 1.4267657 1.3120943 0.0000000 1.8209624 2.0194634 1.4182462 1.3009721 1.8233814 1.8523129 1.9033216 1.7676546 1.8778612 1.7556053 1.9449192 1.9449192 1.8348806 1.6934128 2.2334110 2.0781884 2.0876923 2.2308530 1.7202787 1.7511465 1.4699102 1.7191964 1.7998264 1.7914198 1.7024251 1.6733636 1.7168542 2.1375086 1.7007894 1.4871510 1.5494664 1.3894102 1.7557974 1.7442602 2.4391646 1.7250317 2.1736850 1.5505251 1.8483248 1.5393055 1.8560875 1.5445088 1.5296729 1.8954675 2.0170288 1.5366997 1.5328592 2.2537444 1.9775316 3.1567090 
Opea_EP00118_Oscarella_pearsei_P022226                            1.2638262 1.3380422 1.4953899 1.3063831 1.5175388 1.6293758 1.8578779 1.3264297 1.3958187 1.3970120 1.3171235 1.1009939 1.0949431 1.1015495 1.1463845 1.2100668 2.0368291 1.1900452 1.0689162 1.3431862 1.4495940 1.3675396 1.3435764 1.4027722 3.6550359 3.6550359 0.9698276 1.4625639 1.4745552 1.6021732 1.2466370 1.3707826 1.1315550 1.2785284 1.3435113 1.8209624 0.0000000 0.1978156 1.6322934 1.2684335 2.2367039 2.2992183 3.1379246 2.8515729 2.5774559 2.0499216 3.2851579 3.2851579 1.8895025 1.8599829 3.5639129 2.5238346 1.8960858 1.8103617 1.4475539 1.6592564 1.6746115 4.0452791 1.8107123 3.3902354 1.4779275 1.5828196 1.7002602 4.8502859 1.6737431 1.6138278 1.3724049 1.3749882 1.5433335 1.5455430 3.8726943 1.2282994 2.1631247 1.4329559 1.6567606 1.4550960 2.0821990 1.4992318 1.4765172 1.7566470 1.7625499 1.3699579 1.2110758 1.8637301 1.3342833 2.9846317 
Opea_EP00118_Oscarella_pearsei_P022229                            1.4018882 1.4810257 1.5929968 1.4111021 1.6486463 1.9199018 2.1926162 1.5734215 1.5656212 1.6164530 1.5346227 1.3110866 1.2685308 1.2795379 1.3256732 1.4837443 4.4350322 1.3716692 1.2419353 1.5024555 1.6011000 1.5506052 1.6322583 1.5308207 4.5337874 4.0986436 1.1241426 1.6859065 1.6776402 1.7687896 1.4365168 1.5684164 1.3687387 1.4885128 1.5337840 2.0194634 0.1978156 0.0000000 1.8382358 1.3929370 2.4664867 2.5770222 3.2943033 3.3276038 2.7699710 2.2072878 3.7626958 3.7626958 2.1092822 2.0290265 4.1841911 2.8063925 2.3458846 2.1681974 1.8387960 1.8864137 1.9589590 4.3681921 2.2299133 6.1913267 1.7475600 1.6796417 1.8255427 4.5224059 1.9715158 1.8103776 1.7010669 1.7069913 1.8919233 1.7632141 4.0774526 1.4230666 2.3554292 1.5937380 1.7945838 1.7855181 3.0065277 1.7839802 1.7603756 1.9936741 2.0286132 1.4050341 1.3898061 2.2970355 1.5923860 3.8873370 
Chem_TCONS_00023631                                               1.6023788 1.6269036 1.7014192 1.6497224 1.5105905 1.5768422 1.6419197 1.1503800 1.2910919 1.2509871 1.2443694 1.0535795 1.0536543 1.0270380 1.0651299 1.0681463 0.9759214 1.0749073 1.0847253 1.5528939 0.9530890 0.9772105 1.1848798 1.0053786 2.2430625 1.4678112 1.3678805 1.2870857 1.3326088 1.3007676 1.3682624 1.2846649 1.2741412 1.3529094 1.3158537 1.4182462 1.6322934 1.8382358 0.0000000 0.9563356 1.5131797 1.5423573 1.7389856 1.5162746 1.6815932 1.4714789 1.6996162 1.6996162 1.6104246 1.4549601 1.7317082 1.7892851 1.8315685 1.8497167 1.8207612 1.8583277 1.4651867 1.5712478 1.6872995 1.5486141 1.6006239 1.4287090 1.4876245 1.8127504 1.7431633 1.4031206 1.4325562 1.4020760 1.6291654 1.5168674 1.9115497 1.3811294 1.7366171 1.4382637 1.5753242 1.1625585 1.2057678 1.2959127 1.2840888 1.4286133 1.4497268 1.3978221 1.4020641 1.7695330 1.6996723 2.7126750 
Hvul_g32346_1                                                     1.5698569 1.5693131 1.6265943 1.5349188 1.6161681 1.5570186 1.6291149 1.1792445 1.2099613 1.2376931 1.3072975 0.9257398 0.9350598 0.8844964 0.8730491 0.9430216 0.9482006 0.9456832 0.9026190 1.1460529 1.1135299 1.0192913 1.1173936 0.8568278 2.3172877 1.6194350 1.1918316 1.1708171 1.0895307 1.3951958 1.2111812 1.0940792 1.2862679 1.1180476 1.1310743 1.3009721 1.2684335 1.3929370 0.9563356 0.0000000 1.7022900 1.6951166 1.7343502 1.5226598 1.6762380 1.6066690 1.6970393 1.6970393 1.5991959 1.6738096 2.0157390 2.0273601 2.1124135 2.0405038 1.5675703 1.5823381 1.6425437 1.6796895 1.5268860 1.7533790 1.5430887 1.4400781 1.4955540 1.8332072 1.7417505 1.3541073 1.5403377 1.4762201 1.4789136 1.5208460 2.1144501 1.2897433 1.7371858 1.4816392 1.6640688 1.1334458 1.2801057 1.2209747 1.1992771 1.3687887 1.4767772 1.4088669 1.0184561 1.7845531 1.5224905 2.9448229 
Bolinf_Binf_sb1220681                                             1.5138046 1.5242851 1.5212929 1.6588801 1.5372276 1.6315367 1.8459679 1.4019665 1.3522141 1.3575014 1.3842344 1.5049226 1.5217045 1.4835775 1.5329941 1.4792399 1.1597116 1.4860404 1.2842579 1.8203105 1.6178663 1.4821683 1.7671493 1.2736586 2.2308657 1.4763288 1.3617550 1.3877503 1.5707291 1.4399739 1.4437718 1.3370161 1.5955076 1.4545672 1.5817767 1.8233814 2.2367039 2.4664867 1.5131797 1.7022900 0.0000000 0.0097687 0.3572877 0.2682494 0.3515139 0.3626989 0.3887021 0.3887021 0.4776464 0.4963259 0.7599113 0.8395843 0.8341745 0.8398204 2.1173438 2.0500433 2.0076507 1.6638218 1.7576804 1.6990787 1.8323408 1.7087033 1.6659449 2.0932538 2.1129083 1.4343232 1.7432609 1.8172247 1.8658990 1.6611064 1.9763592 1.8637178 2.0179516 2.0064485 2.0634289 1.8442770 1.8044728 1.9197318 1.9096169 1.9517948 1.9517786 1.9973809 1.8761015 1.9621423 2.1298203 2.8446545 
Mertsp_Mesp_sb539267                                              1.5014487 1.5172733 1.5277318 1.6017381 1.5220576 1.6347051 1.7875050 1.3601056 1.3376338 1.3988959 1.3893952 1.5317808 1.5133473 1.4804549 1.5429371 1.5275565 1.1597116 1.4981354 1.3061756 1.8925079 1.7007248 1.5700412 1.8101372 1.2489035 2.2762123 1.5019707 1.3579489 1.4065167 1.5930589 1.4158348 1.4519512 1.3246207 1.5288362 1.4189698 1.5851996 1.8523129 2.2992183 2.5770222 1.5423573 1.6951166 0.0097687 0.0000000 0.3572877 0.2682494 0.3515139 0.3536872 0.3887021 0.3887021 0.4640744 0.4627127 0.7657223 0.7791941 0.8399625 0.8430388 2.0900872 2.0696161 1.9775975 1.7166701 1.7115984 1.6990787 1.7616922 1.6449487 1.6085466 1.8514906 2.0464218 1.4094915 1.7737503 1.7710824 1.8550795 1.6556118 1.9167978 1.9041723 1.9825488 1.9074979 2.1555517 1.8245183 1.8044728 1.8588636 1.8481168 2.0000090 2.0027150 1.8204556 1.9058882 1.8519680 2.2254574 2.8446545 
Bolinf_Binf_sb1244428                                             1.5083313 1.5234955 1.5784812 1.5954037 1.4155618 1.6259875 1.6972453 1.3894906 1.3265154 1.3716182 1.3968958 1.6850663 1.5832027 1.5009610 1.6833588 1.6340398 1.2359666 1.5582784 1.3330811 2.0398457 1.7280931 1.6617112 1.7742426 1.4327565 2.2260534 1.5150171 1.4699472 1.3814402 1.5316613 1.3902820 1.4019591 1.2390972 1.6115939 1.5232195 1.5967510 1.9033216 3.1379246 3.2943033 1.7389856 1.7343502 0.3572877 0.3572877 0.0000000 0.0000010 0.0216453 0.2035388 0.3643829 0.3643829 0.4208717 0.4961412 0.7326389 0.8135938 0.8497318 0.8614575 1.9609336 2.0344470 1.9374665 1.7164739 1.8320229 1.6255432 1.6469715 1.6670089 1.6133698 1.8190578 1.8738187 1.4556327 1.8521801 1.7366521 1.7605897 1.5958640 1.6417368 1.8120159 1.8232061 1.8107744 2.1492537 1.9069657 1.8739208 1.9134787 1.9014832 1.9820887 1.9820887 1.8959623 1.8322518 2.0039528 2.1108242 2.6408411 
