93
Nemnom_g12617.t1                                       0.0000000 0.0434239 0.1893088 0.3094958 0.4668411 0.6924829 0.6505228 0.7703838 0.7952688 0.7355064 0.7169173 0.7040458 0.8724161 0.8724161 1.0488730 0.7723710 0.8528069 1.0522735 1.2938479 0.8020024 1.2058702 1.5473485 1.0094172 1.1162938 1.9803131 1.2279173 1.2615048 1.0244383 1.0656435 1.4745136 1.5249736 1.3597304 1.2109851 1.1737815 1.4594052 1.4766858 1.2780218 1.2660662 1.2925663 1.2896039 1.3367450 1.1983772 1.1674823 1.8977715 2.0383551 1.5810586 1.6443892 1.8693114 1.3580070 1.1516315 1.3180963 1.1601147 1.7685968 1.7140242 1.5210523 1.5210523 1.5056271 1.5056271 1.5885953 1.5885953 1.5441721 1.6155427 1.6475016 1.6475016 1.5114489 1.6410561 1.7034881 1.6899464 1.5850147 1.5068271 2.8762123 2.3221315 1.5210633 1.8284731 2.1911754 2.1038679 1.4834146 1.4096112 1.5334067 1.4829941 2.3163851 1.8633878 1.9341601 2.3523398 2.4374663 2.0323939 1.9506870 2.0022410 1.8987504 2.1483789 2.1257532 1.9128293 2.3555583 
Rhoesc_Res_016622-T1                                   0.0434239 0.0000000 0.1909458 0.3066492 0.4605351 0.7138432 0.6478020 0.7682709 0.7964508 0.7603838 0.7351546 0.7335227 0.8716218 0.8716218 1.0616131 0.7573881 0.8459372 1.0536679 1.3220940 0.8293514 1.2157826 1.5677187 1.0380993 1.1281036 2.0404594 1.2279173 1.2803112 1.0411973 1.0797525 1.4712229 1.5285296 1.3557219 1.2518400 1.1803175 1.4447913 1.4791016 1.2592319 1.2553031 1.2836624 1.2806958 1.3313465 1.1876721 1.1578176 1.9195804 2.0538318 1.5568984 1.6484409 1.8528820 1.3809270 1.2062796 1.3522028 1.1755061 1.7669578 1.7168718 1.5132833 1.5132833 1.5004646 1.5004646 1.5747249 1.5747249 1.5385829 1.6068646 1.6247703 1.6247703 1.4716081 1.6059951 1.7316546 1.7179615 1.5930866 1.4812018 2.9455782 2.3301153 1.5426611 1.8323208 2.1410353 2.0356132 1.4558800 1.4270354 1.5157318 1.4478827 2.3446658 1.8657197 1.9285726 2.2917221 2.3930655 2.0463551 1.9334948 1.9791204 1.8820595 2.1634443 2.1602917 1.8878454 2.3374673 
Aaur_scaffold1.g75.t1                                  0.1893088 0.1909458 0.0000000 0.2320723 0.4347655 0.6926625 0.6311874 0.7434314 0.7850143 0.7521339 0.7157155 0.6903359 0.8734304 0.8734304 1.0477788 0.7924094 0.8245041 1.1240365 1.3373210 0.8196236 1.1899159 1.4475418 1.0231364 1.1412117 1.9309937 1.2116334 1.2180999 1.0905550 1.0632963 1.4881851 1.5671348 1.3136832 1.2612935 1.2484949 1.4022905 1.4567067 1.2160860 1.2133129 1.2238385 1.2209200 1.2677131 1.1746483 1.1697892 1.9029206 1.9579292 1.5606560 1.5728377 1.8347754 1.4143162 1.2505091 1.3889864 1.2577215 1.6927828 1.6365266 1.5393354 1.5393354 1.5286713 1.5286713 1.6379790 1.6379790 1.5689107 1.6139323 1.5993942 1.5993942 1.4665368 1.6230707 1.7097149 1.6930018 1.5984888 1.5043352 2.9004930 2.3254207 1.5113286 1.8518447 2.0903019 1.9904088 1.5031137 1.4008519 1.5871734 1.5460849 2.1347924 1.9235027 1.8890500 2.3271512 2.4203374 2.1340446 2.0479769 1.9782040 1.8796196 2.1993829 2.0130769 1.7773831 2.3419356 
Sanmal_Sma_011964-T1                                   0.3094958 0.3066492 0.2320723 0.0000000 0.4773454 0.7698343 0.6741656 0.7524968 0.7651777 0.7530888 0.7017609 0.7289682 0.8760401 0.8760401 1.0812631 0.7432518 0.8727548 1.1381071 1.3341147 0.8137947 1.2523492 1.5483087 1.0332122 1.1366652 1.9116228 1.1433854 1.2023468 1.1069734 0.9881410 1.3570275 1.3846021 1.2380074 1.3055554 1.2375479 1.3973365 1.4606375 1.1440366 1.1344905 1.1066786 1.1039230 1.1584153 1.0858869 1.0798853 1.7874072 1.8908446 1.5512463 1.5182835 1.7847595 1.4960827 1.2829588 1.4145200 1.2695088 1.7070522 1.6526109 1.5006118 1.5006118 1.4810771 1.4810771 1.5525053 1.5525053 1.5056563 1.5871462 1.5841993 1.5841993 1.4593116 1.5492140 1.6769362 1.6545618 1.5445791 1.4472123 3.0468358 2.2496330 1.5189360 1.8025387 2.1398504 2.1411772 1.4261047 1.3809446 1.5351308 1.4720662 2.1263457 1.8566606 1.7543370 2.2630962 2.2918751 2.0771944 1.9110664 1.8240371 1.7261274 2.3379353 2.0687174 1.6776373 2.3307693 
Morvir_scaffold559.g1.t1                               0.4668411 0.4605351 0.4347655 0.4773454 0.0000000 0.7614931 0.6889762 0.7648815 0.7629658 0.7341418 0.7215102 0.7269762 0.8949226 0.8949226 1.0281410 0.7207390 0.7849452 1.0092454 1.2863307 0.8825056 1.1447859 1.4685072 1.0165255 1.1095745 1.9091327 1.2744610 1.2614044 1.0001756 1.1107193 1.5990273 1.6160229 1.4719099 1.3582404 1.3135723 1.5344972 1.2968518 1.2625210 1.2199760 1.2764847 1.2784448 1.3117161 1.2153500 1.1833275 2.0127672 2.1705700 1.4883717 1.4922749 1.8328366 1.4172786 1.2769026 1.4297439 1.3171764 1.8050447 1.7571279 1.5823667 1.5823667 1.5089135 1.5089135 1.6273532 1.6273532 1.5505205 1.6503217 1.6283766 1.6283766 1.4727237 1.6612807 1.6640500 1.6735971 1.5596309 1.5125383 2.8339810 2.3162860 1.4794373 1.8792375 2.3713787 2.3621982 1.6457910 1.3859872 1.4677763 1.4499969 1.9965332 1.8977564 2.0693497 2.1103871 2.2468183 2.0337276 2.0306246 1.9579971 1.8829995 1.9357794 2.1731609 1.9266176 2.4042339 
Exapal_XM_021058656.2                                  0.6924829 0.7138432 0.6926625 0.7698343 0.7614931 0.0000000 0.2444939 0.3845250 0.4162081 0.3642142 0.3839916 0.3731492 0.5414479 0.5414479 0.7231314 0.9962350 0.9895491 0.8995744 1.2739093 0.7704981 1.1072231 1.2198575 0.9728901 0.9716754 1.6558768 1.1018568 1.2754109 0.9315073 0.9312620 1.4105384 1.4741404 1.2425784 1.2477809 1.3072453 1.3040291 1.3582356 1.0688715 1.1068581 1.1224101 1.1196982 1.0667035 1.0535235 1.0967259 1.6066029 1.7362627 1.5410358 1.5216575 1.7702995 1.3852303 1.2179976 1.3569485 1.2611599 1.4779011 1.4248237 1.3591991 1.3591991 1.2889820 1.2889820 1.3009617 1.3009617 1.3104455 1.3287345 1.3395056 1.3395056 1.2944642 1.3890698 1.4260446 1.3918815 1.4027296 1.2726979 2.8354784 2.0411655 1.5001610 1.9610226 2.4997104 2.3329608 1.8287223 1.2610994 1.2563843 1.2421173 1.8076288 1.6614241 1.8605990 2.1338029 2.1547697 2.0106058 2.0178848 1.9916751 1.9109626 2.3768064 2.0502453 1.8153384 2.1873336 
Nvec_v1g110221                                         0.6505228 0.6478020 0.6311874 0.6741656 0.6889762 0.2444939 0.0000000 0.3773438 0.3838481 0.3584797 0.3451061 0.3687019 0.6235218 0.6235218 0.7592860 0.8982157 1.0212963 0.9677274 1.2283205 0.9140988 1.1308410 1.2772934 0.9779198 0.9682209 1.8245124 1.1609027 1.2879058 0.9631241 0.8942707 1.4088795 1.4747946 1.2277113 1.2373429 1.2554303 1.2961342 1.4254605 1.0106798 1.0151776 1.0241511 1.0215119 1.0205970 0.9674101 1.0008445 1.5787666 1.7556130 1.4872847 1.4282621 1.7320044 1.4572486 1.2916105 1.3218511 1.2948832 1.5655199 1.5769090 1.3287920 1.3287920 1.3671174 1.3671174 1.4032956 1.4032956 1.4094299 1.4032919 1.4056308 1.4056308 1.3188769 1.4676584 1.4245930 1.3901392 1.4644901 1.3480127 3.0823535 2.2215765 1.7401336 1.8499543 2.2547802 2.1869868 1.7316436 1.2371541 1.3554331 1.3230412 1.7556212 1.6728278 1.8922304 1.9991892 2.0347476 2.0511159 1.9447290 1.8585334 1.8510146 2.1614542 1.9895968 1.9140115 2.0448654 
Pocdam_XM_027200835.1                                  0.7703838 0.7682709 0.7434314 0.7524968 0.7648815 0.3845250 0.3773438 0.0000000 0.0880452 0.1468760 0.1333098 0.1834963 0.5986582 0.5986582 0.7956665 0.9233864 1.0195319 0.9988124 1.2802153 0.7756266 1.1788934 1.2369284 0.9445789 0.8970741 1.5601809 1.0690956 1.2725959 0.9390294 0.9238623 1.4689741 1.5696652 1.2662300 1.2973113 1.4620820 1.3102138 1.3302191 1.0925548 1.1198470 1.1269658 1.1285688 1.1158361 1.0306180 1.0519893 1.6053090 1.6394884 1.4187451 1.4661311 1.7353907 1.4014298 1.3344019 1.3920147 1.2821567 1.5024015 1.4397628 1.3878090 1.3878090 1.3092915 1.3092915 1.3021968 1.3021968 1.3095974 1.4057346 1.3864549 1.3864549 1.3531524 1.4067965 1.4074542 1.4160272 1.3136875 1.0797921 3.2656615 2.1485902 1.5933029 2.0784941 2.2908954 2.2870497 1.6900410 1.3312632 1.2556591 1.1909841 1.9801667 1.8771098 1.8912909 2.3124333 2.2937153 2.0320342 2.0514681 1.8933157 1.8984613 2.6560540 2.0285000 1.8782099 2.3897855 
Spis_XP_022788475_1                                    0.7952688 0.7964508 0.7850143 0.7651777 0.7629658 0.4162081 0.3838481 0.0880452 0.0000000 0.1703411 0.1266724 0.2007738 0.5891495 0.5891495 0.8193474 0.9318622 1.0166466 1.0037548 1.2376901 0.7848716 1.1730391 1.2273925 0.9326962 0.9524241 1.5945497 1.0147960 1.3643847 0.9628299 0.9458792 1.4968240 1.6354808 1.2421299 1.3175729 1.5131598 1.2742719 1.3725983 1.0755153 1.0842965 1.0991877 1.1007286 1.0717022 1.0232142 0.9956625 1.6407893 1.6994409 1.4400756 1.5095709 1.6994183 1.4549215 1.3749731 1.4724175 1.3347350 1.5785513 1.5357899 1.4349106 1.4349106 1.3692474 1.3692474 1.4001029 1.4001029 1.3985039 1.5077090 1.5106762 1.5106762 1.4159206 1.4163280 1.4956922 1.5044764 1.4348356 1.1946490 3.2884483 2.2031807 1.6304200 2.1222453 2.4399903 2.4369296 1.7897044 1.3693484 1.2945844 1.1957402 2.0280017 1.9613119 1.8435392 2.3354067 2.3491299 2.0910510 2.1338370 1.9335010 1.9755306 2.5581936 2.0818187 2.0084989 2.3996371 
Gfas_gfas1.m1.5023.m1                                  0.7355064 0.7603838 0.7521339 0.7530888 0.7341418 0.3642142 0.3584797 0.1468760 0.1703411 0.0000000 0.1186149 0.1207469 0.5877347 0.5877347 0.8235152 0.9080936 0.9690399 0.9312015 1.2261264 0.7669294 1.1587712 1.2320343 0.9103083 0.9100681 1.4644250 0.9677251 1.2675804 0.8835251 0.8780579 1.3356479 1.4715815 1.1386969 1.2019541 1.2841723 1.2622692 1.2658475 1.0860944 1.0865911 1.1088427 1.1103961 1.0754884 1.0335163 1.0659221 1.5217591 1.5285624 1.4082673 1.4051413 1.6116594 1.3241884 1.2253363 1.2839285 1.1264151 1.4223038 1.3865491 1.3529522 1.3529522 1.2441935 1.2441935 1.2529279 1.2529279 1.2647689 1.3379077 1.3381757 1.3381757 1.3053245 1.3454947 1.3777698 1.3866304 1.3326737 1.1303598 3.1290410 2.1239470 1.5895007 1.9503059 2.2887921 2.3051414 1.6666726 1.2487777 1.2128243 1.1469393 1.8791945 1.7970480 1.7930790 2.1361000 2.1516693 2.0240680 1.9819582 1.8325891 1.8521997 2.4694876 1.8920906 1.8113807 2.2510352 
Fspp_ffun1.m4.30126.m1                                 0.7169173 0.7351546 0.7157155 0.7017609 0.7215102 0.3839916 0.3451061 0.1333098 0.1266724 0.1186149 0.0000000 0.1495276 0.6168536 0.6168536 0.8033128 0.8837847 0.9909096 0.9373173 1.2097136 0.7788045 1.1267490 1.2725684 0.9116728 0.9114145 1.5068509 0.9454609 1.2843079 0.8988651 0.8936847 1.4188654 1.5229111 1.1781693 1.2559048 1.3617598 1.2639050 1.2968420 1.1014255 1.1066117 1.1320518 1.1336666 1.0977909 1.0212507 1.0275107 1.5863404 1.6574385 1.4385447 1.4027897 1.6867282 1.3908703 1.2717005 1.3560210 1.2128197 1.4773070 1.4197134 1.4264693 1.4264693 1.3542950 1.3542950 1.3825742 1.3825742 1.3826082 1.4573754 1.3944176 1.3944176 1.3326765 1.3991915 1.4109209 1.4194872 1.3524833 1.1632394 3.2003749 2.1284115 1.6013327 1.9701234 2.1634049 2.1588199 1.6259248 1.2499441 1.2235457 1.1571958 1.9374187 1.8106706 1.6949659 2.2175441 2.2350686 2.0265584 1.9678767 1.8740350 1.8796818 2.4345462 1.9123863 1.8786552 2.3848782 
Adig_XM_015915373.1                                    0.7040458 0.7335227 0.6903359 0.7289682 0.7269762 0.3731492 0.3687019 0.1834963 0.2007738 0.1207469 0.1495276 0.0000000 0.5910848 0.5910848 0.8039066 0.8894038 1.0118504 0.9933209 1.2713736 0.8885538 1.2097392 1.2351100 0.9313658 0.9296979 1.5520812 0.9117924 1.2885141 0.9365131 0.8843489 1.4298662 1.5236405 1.1943562 1.2239564 1.3850613 1.2751983 1.3058706 1.0937282 1.1020916 1.1389007 1.1405122 1.1105770 1.0576198 1.0733501 1.5671853 1.6239234 1.4648053 1.4746254 1.7297874 1.4224340 1.2647055 1.3655376 1.1947639 1.4570342 1.4361249 1.4013025 1.4013025 1.3454007 1.3454007 1.3425032 1.3425032 1.3462407 1.4228349 1.3888821 1.3888821 1.3266963 1.4589595 1.3644784 1.3702022 1.3955445 1.1924366 3.1666818 2.1208273 1.5604466 1.9526347 2.2236943 2.1529991 1.6463706 1.2594860 1.2915947 1.2295901 1.9351777 1.8968156 1.8722054 2.1266068 2.1419797 2.1759608 1.9937646 1.8387281 1.9269888 2.4066626 2.0376270 1.9066634 2.3385928 
Dgig_XM_028549169.1                                    0.8724161 0.8716218 0.8734304 0.8760401 0.8949226 0.5414479 0.6235218 0.5986582 0.5891495 0.5877347 0.6168536 0.5910848 0.0000000 0.0000010 0.3389875 1.0201033 1.1133577 0.9191163 1.2573351 0.7662950 1.0648550 1.3897259 0.9878926 1.0857223 1.7276742 1.0400887 1.3621651 0.9604190 0.9120635 1.4607141 1.5604334 1.3847604 1.3368748 1.3996708 1.3415175 1.3352619 1.1205447 1.1514414 1.1356384 1.1340869 1.1171410 1.0909371 1.1011823 1.7282255 1.8167716 1.5280834 1.5009596 2.0149164 1.2841015 1.2362863 1.4617200 1.2626378 1.4090086 1.3863129 1.3365123 1.3365123 1.2332137 1.2332137 1.2872256 1.2872256 1.2492840 1.3243376 1.3123377 1.3123377 1.1957725 1.2599287 1.2580365 1.2449838 1.2770995 1.1532838 2.9637482 2.1874543 1.7335949 1.7675513 2.2827484 2.1753093 1.7006075 1.3405586 1.2316517 1.2088854 2.0394863 1.7392050 1.9171100 2.0188384 1.9799936 2.2039197 2.1238521 2.0256913 2.0038670 2.6114383 2.0152591 1.9914101 2.1091552 
Dgig_XM_028548387.1                                    0.8724161 0.8716218 0.8734304 0.8760401 0.8949226 0.5414479 0.6235218 0.5986582 0.5891495 0.5877347 0.6168536 0.5910848 0.0000010 0.0000000 0.3389875 1.0201033 1.1133577 0.9191163 1.2573351 0.7662950 1.0648550 1.3897259 0.9878926 1.0857223 1.7276742 1.0400887 1.3621651 0.9604190 0.9120635 1.4607141 1.5604334 1.3847604 1.3368748 1.3996708 1.3415175 1.3352619 1.1205447 1.1514414 1.1356384 1.1340869 1.1171410 1.0909371 1.1011823 1.7282255 1.8167716 1.5280834 1.5009596 2.0149164 1.2841015 1.2362863 1.4617200 1.2626378 1.4090086 1.3863129 1.3365123 1.3365123 1.2332137 1.2332137 1.2872256 1.2872256 1.2492840 1.3243376 1.3123377 1.3123377 1.1957725 1.2599287 1.2580365 1.2449838 1.2770995 1.1532838 2.9637482 2.1874543 1.7335949 1.7675513 2.2827484 2.1753093 1.7006075 1.3405586 1.2316517 1.2088854 2.0394863 1.7392050 1.9171100 2.0188384 1.9799936 2.2039197 2.1238521 2.0256913 2.0038670 2.6114383 2.0152591 1.9914101 2.1091552 
Xesp_002850-T1                                         1.0488730 1.0616131 1.0477788 1.0812631 1.0281410 0.7231314 0.7592860 0.7956665 0.8193474 0.8235152 0.8033128 0.8039066 0.3389875 0.3389875 0.0000000 1.0089789 1.1768353 1.1026700 1.5490925 0.8215977 1.2669704 1.3119240 1.2925324 1.3586674 1.8283391 1.4297866 1.6262610 1.2205774 1.2342136 1.7008511 1.5439841 1.7467453 1.5751505 1.4725802 1.5767275 1.4369517 1.5229348 1.4845819 1.4714437 1.4677641 1.4632897 1.4165308 1.3886079 2.1070408 2.3936872 1.6077878 1.5420999 2.1674022 1.6779554 1.4862698 1.5748514 1.5171182 1.6518620 1.7826912 1.7113486 1.7113486 1.5028132 1.5028132 1.6210057 1.6210057 1.5610499 1.6317357 1.5778952 1.5778952 1.4018597 1.5679382 1.5538958 1.5356657 1.6376693 1.4843384 3.2366858 2.1833551 1.7707212 1.9239116 3.1947583 3.0987229 1.7740502 1.6201986 1.3099585 1.3100652 2.2461211 1.7102119 2.0135322 1.9197600 1.8568456 2.1582350 1.8794637 1.8784189 1.8222230 2.5486034 2.1720390 2.0084896 2.1291098 
Chem_TCONS_00066817                                    0.7723710 0.7573881 0.7924094 0.7432518 0.7207390 0.9962350 0.8982157 0.9233864 0.9318622 0.9080936 0.8837847 0.8894038 1.0201033 1.0201033 1.0089789 0.0000000 0.7119185 1.1571257 1.3411851 1.0874969 1.3569649 1.4363807 1.2152477 1.1950153 1.7081814 1.3149007 1.3227288 1.2234693 1.1307071 1.6576463 1.6488334 1.5380944 1.5835340 1.4088813 1.3993979 1.4815387 1.2658189 1.2438825 1.2586512 1.2556162 1.2121250 1.2071344 1.1981255 1.8394968 1.8409778 1.5613009 1.6257681 1.7685867 1.5031009 1.4225378 1.4616513 1.3138822 1.8475197 1.9187813 1.6525198 1.6525198 1.6593237 1.6593237 1.6863445 1.6863445 1.6813409 1.7632824 1.7803665 1.7803665 1.6912577 1.8796118 1.8262044 1.8106169 1.6928407 1.4727439 3.4015124 2.5367817 1.6862799 1.8814506 2.3050917 2.1557016 1.6896291 1.6333701 1.4734338 1.4230905 2.1412470 1.8011342 2.1217380 2.1350208 2.0881324 2.2582837 1.9667105 2.0206147 1.8381822 2.5616150 2.1463269 1.6710901 2.2321423 
Hvul_g12280_1                                          0.8528069 0.8459372 0.8245041 0.8727548 0.7849452 0.9895491 1.0212963 1.0195319 1.0166466 0.9690399 0.9909096 1.0118504 1.1133577 1.1133577 1.1768353 0.7119185 0.0000000 1.1312118 1.5981636 0.9489465 1.4633525 1.7171263 1.2683448 1.4293477 2.0101600 1.2507542 1.5059098 1.2618040 1.2665451 1.8056382 1.7745612 1.6110798 1.6965197 1.5291812 1.5453043 1.5458610 1.3532690 1.3777232 1.4164724 1.4091152 1.4229668 1.4075303 1.3666636 2.0685574 2.1840544 1.7015462 1.7037284 1.8178157 1.4352705 1.2994689 1.3217882 1.2725004 1.8825456 1.8952863 1.7591995 1.7591995 1.7308324 1.7308324 1.8116650 1.8116650 1.7737427 1.8142485 1.8344965 1.8344965 1.7817004 1.9196926 1.8975296 1.9051804 1.7914751 1.5991385 3.2369269 2.3843728 1.6718346 2.1944977 2.9830908 2.8612335 1.9437409 1.6793202 1.6997303 1.6482889 2.3001124 2.0526241 2.2488226 2.1380127 2.1531835 2.1276908 2.1648789 2.0147034 2.0590759 2.4668748 2.1691164 1.8217654 2.3117016 
Cscu_XM_023379286.1                                    1.0522735 1.0536679 1.1240365 1.1381071 1.0092454 0.8995744 0.9677274 0.9988124 1.0037548 0.9312015 0.9373173 0.9933209 0.9191163 0.9191163 1.1026700 1.1571257 1.1312118 0.0000000 1.0729494 0.7656680 0.9720113 1.2115989 0.9173608 0.9764567 1.7142166 1.1679150 1.1686918 0.8696071 0.9488286 1.5010082 1.6102458 1.3610559 1.3863553 1.2440989 0.9719047 1.0059326 1.3210472 1.3201054 1.3210664 1.3142172 1.3395162 1.2873874 1.3229581 1.6795750 1.9200669 1.5186116 1.4228246 1.8242462 1.4438664 1.4166529 1.4448385 1.2727629 1.4864961 1.4493007 1.4456893 1.4456893 1.4639264 1.4639264 1.4829389 1.4829389 1.4506649 1.4502227 1.4440791 1.4440791 1.2995955 1.3946281 1.5090591 1.4915990 1.3747880 1.2974042 2.7355381 2.0274480 1.4757716 1.8694136 2.5504623 2.5485916 1.7972020 1.4114896 1.2437664 1.1788933 2.0401409 1.7704791 1.8654432 1.9407735 2.0162629 2.0990031 1.8714003 1.9654952 1.9266053 2.1607119 2.0277566 1.8583557 2.3407938 
Acagra_model.g23222.t1                                 1.2938479 1.3220940 1.3373210 1.3341147 1.2863307 1.2739093 1.2283205 1.2802153 1.2376901 1.2261264 1.2097136 1.2713736 1.2573351 1.2573351 1.5490925 1.3411851 1.5981636 1.0729494 0.0000000 0.6525366 0.6859952 0.7154409 1.1544007 1.1973095 1.7114313 1.5065418 1.1433145 1.0454440 1.1036138 1.3638815 1.5413329 1.2735602 1.3392253 1.3249676 1.4025347 1.3700840 1.3185713 1.3535647 1.3715595 1.3688747 1.3593161 1.2830745 1.3022435 1.6858492 1.8984433 1.5670719 1.6477380 1.8126165 1.4583607 1.4177387 1.4035075 1.4021303 1.5113848 1.5109989 1.5626428 1.5626428 1.5163053 1.5163053 1.5341780 1.5341780 1.5122905 1.5635431 1.5629518 1.5629518 1.4164026 1.4960774 1.5484984 1.5288934 1.5104947 1.2600583 3.5336845 2.6466847 1.9069643 1.7123370 1.9070121 1.9010970 1.6333837 1.4750031 1.5367247 1.5268854 2.2652396 1.6554684 1.8289421 2.0975627 2.3262718 2.1347992 1.9231395 1.9950516 1.8941098 2.4873980 2.0101819 2.0508549 2.2806922 
Lcom_lcpid226010                                       0.8020024 0.8293514 0.8196236 0.8137947 0.8825056 0.7704981 0.9140988 0.7756266 0.7848716 0.7669294 0.7788045 0.8885538 0.7662950 0.7662950 0.8215977 1.0874969 0.9489465 0.7656680 0.6525366 0.0000000 0.5052883 0.0000010 0.6760692 0.7699850 1.5408805 1.3848901 0.6849930 0.7297843 0.8560147 1.1625920 1.1739603 1.2418521 0.9644736 0.8409898 0.8930834 0.9247710 0.9475626 0.9019216 0.9386839 0.9386839 0.9778674 0.8633074 0.8633074 1.3834157 1.5867871 0.9313161 1.3522741 1.4727589 1.2230885 1.1561855 1.1870051 1.0183952 1.2709808 1.0927936 1.0967251 1.0967251 1.0705181 1.0705181 1.0705181 1.0705181 1.0705181 1.0935307 1.0909466 1.0909466 1.0285807 1.0598203 1.2602303 1.1979100 1.0242467 1.0242467 2.9622470 1.8865271 0.7529411 0.8247322 1.9083294 1.9202137 1.2625387 1.1181302 1.1381016 1.1122402 1.3283089 1.3424227 1.5480945 1.5917929 1.5631787 1.5374431 1.6706465 1.4071637 1.4433462 4.1532352 1.3969358 1.3709021 2.0825077 
Cgig_XM_011436695.3                                    1.2058702 1.2157826 1.1899159 1.2523492 1.1447859 1.1072231 1.1308410 1.1788934 1.1730391 1.1587712 1.1267490 1.2097392 1.0648550 1.0648550 1.2669704 1.3569649 1.4633525 0.9720113 0.6859952 0.5052883 0.0000000 0.6401966 1.1007228 1.1863049 1.6873015 1.3526943 1.2088847 0.9813670 1.1514843 1.5349858 1.7640554 1.3284532 1.3154951 1.4167904 1.3062827 1.2422898 1.2966295 1.3327253 1.2952932 1.2973491 1.3152019 1.1920502 1.2375284 1.7328386 1.8250959 1.5080356 1.5808008 1.6389461 1.5266920 1.4167203 1.3791114 1.3265435 1.6224531 1.6302381 1.5825387 1.5825387 1.4958846 1.4958846 1.5352569 1.5352569 1.4945477 1.5638378 1.4841053 1.4841053 1.3776975 1.4638434 1.6540168 1.6743406 1.5451243 1.2932754 3.5061840 2.4212946 1.8253211 1.7918850 2.7122741 2.7599025 1.7373695 1.4189444 1.4104795 1.3449967 1.9920917 1.5455646 1.7097293 2.0345222 2.0855644 1.9519174 1.8874996 2.0571518 2.0154551 2.5443716 1.7136843 1.7973698 2.0014434 
Lcom_lcpid188445                                       1.5473485 1.5677187 1.4475418 1.5483087 1.4685072 1.2198575 1.2772934 1.2369284 1.2273925 1.2320343 1.2725684 1.2351100 1.3897259 1.3897259 1.3119240 1.4363807 1.7171263 1.2115989 0.7154409 0.0000010 0.6401966 0.0000000 1.2820628 1.3186525 1.5544467 1.1865940 1.5923466 1.2775398 1.5756933 1.8136216 1.8136216 1.8695325 1.5829468 1.6994095 1.9657784 1.4054152 1.3982107 1.5138572 1.5313087 1.5106923 1.4043288 1.2999995 1.2999995 1.8004059 1.8752913 1.4475605 1.7147643 1.9489785 1.8715699 1.6689425 1.7264617 1.4443335 1.5805695 1.7100438 1.9836170 1.9836170 1.9001759 1.9001759 2.2132874 2.2132874 1.9620643 1.8680515 1.8361417 1.8361417 1.8361417 1.7934302 1.8880215 1.8906365 1.9586749 1.4021771 3.2218884 2.2729867 2.2729867 1.8976736 5.3540587 5.4590176 1.9484634 1.5708904 1.4997418 1.4161181 2.1301002 1.9150526 1.8392723 2.8499870 2.4826564 2.2903753 2.1386391 1.8574881 1.8574881 2.0765799 1.9596861 1.8548165 2.3121750 
Spur_XM_011674330.2                                    1.0094172 1.0380993 1.0231364 1.0332122 1.0165255 0.9728901 0.9779198 0.9445789 0.9326962 0.9103083 0.9116728 0.9313658 0.9878926 0.9878926 1.2925324 1.2152477 1.2683448 0.9173608 1.1544007 0.6760692 1.1007228 1.2820628 0.0000000 0.9907745 1.5753553 0.9668231 1.1852622 0.9277508 0.9145703 1.2990442 1.3123907 1.2922287 1.1460089 1.1935101 1.3659211 1.4226681 1.2359632 1.1768762 1.1901539 1.1814414 1.1241113 1.0696027 1.0707669 1.6619911 1.7211003 1.4686036 1.4671909 1.6856330 1.3739349 1.2870804 1.3728178 1.2454685 1.4610287 1.4727189 1.4065534 1.4065534 1.4563977 1.4563977 1.4865741 1.4865741 1.4990491 1.4661298 1.4543770 1.4543770 1.3520105 1.4138651 1.4514661 1.4514271 1.3725096 1.1959630 3.1136732 2.2465875 1.5917210 1.8532592 2.4408684 2.3761858 1.5705167 1.3989956 1.4195796 1.3764853 2.1880791 1.7546842 1.5296133 2.2285807 2.3580213 2.1090020 2.0418260 1.9762410 2.0023925 2.5289371 1.9769200 1.8228666 2.2398321 
Bralan_BLAG16000520_1                                  1.1162938 1.1281036 1.1412117 1.1366652 1.1095745 0.9716754 0.9682209 0.8970741 0.9524241 0.9100681 0.9114145 0.9296979 1.0857223 1.0857223 1.3586674 1.1950153 1.4293477 0.9764567 1.1973095 0.7699850 1.1863049 1.3186525 0.9907745 0.0000000 1.5110241 1.1422198 0.9218610 0.8385811 0.9185827 1.4390885 1.5335575 1.2221960 1.2152315 1.2453007 1.4217022 1.2409091 1.1425262 1.1839890 1.1979519 1.2095374 1.1373353 1.1203956 1.2010312 1.5091911 1.8201415 1.3308831 1.4123140 1.6928002 1.1227033 1.2201685 1.2090428 1.1257327 1.4841124 1.4750437 1.3635441 1.3635441 1.3751689 1.3751689 1.3147994 1.3147994 1.3488907 1.4137200 1.4754288 1.4754288 1.4178160 1.4756993 1.4028468 1.3799543 1.4781787 1.2025443 3.3407857 2.2716851 1.6728734 1.9700478 2.2728030 2.2301986 1.6455260 1.4320564 1.4279542 1.3614316 1.9681368 1.7710658 2.0351885 2.1064258 2.0911731 2.2180364 1.8885071 1.9876107 1.8780296 2.4329512 2.0079438 2.0581533 2.3161735 
Stedip_EP00041_Stephanoeca_diplocostata_P007939        1.9803131 2.0404594 1.9309937 1.9116228 1.9091327 1.6558768 1.8245124 1.5601809 1.5945497 1.4644250 1.5068509 1.5520812 1.7276742 1.7276742 1.8283391 1.7081814 2.0101600 1.7142166 1.7114313 1.5408805 1.6873015 1.5544467 1.5753553 1.5110241 0.0000000 0.0729572 1.6526371 1.8023418 1.6475648 1.7917057 1.6237629 1.7945625 1.6176649 1.6381531 1.8701440 1.8447551 2.1833531 1.9383671 2.0009820 1.9869473 1.8669720 1.9154520 1.8823741 1.0399196 1.1014065 1.2202046 1.3324943 1.0837294 1.8933257 1.8410884 1.8195402 1.5149688 1.9635356 1.9738236 2.0211241 2.0211241 1.9207913 1.9207913 2.0355481 2.0355481 1.9751427 1.9406650 1.9742567 1.9742567 1.8116921 1.8666942 1.9780048 2.0041800 1.9726251 1.8929284 3.0924188 2.4644535 1.7480346 2.0849204 3.0048790 2.9466827 2.1785903 1.6838449 1.5792409 1.5846342 1.8148444 1.6540612 1.4519558 2.2253311 2.2273318 1.8478369 2.0172151 2.0210480 1.9969932 2.7463450 2.0060510 1.9391733 2.2908743 
Stedip_EP00041_Stephanoeca_diplocostata_P007940        1.2279173 1.2279173 1.2116334 1.1433854 1.2744610 1.1018568 1.1609027 1.0690956 1.0147960 0.9677251 0.9454609 0.9117924 1.0400887 1.0400887 1.4297866 1.3149007 1.2507542 1.1679150 1.5065418 1.3848901 1.3526943 1.1865940 0.9668231 1.1422198 0.0729572 0.0000000 1.3738158 1.1756024 1.1590253 1.0001516 0.7559030 0.9901641 1.1056289 0.8766519 1.1258364 1.4920084 1.1746447 1.2022153 1.2292381 1.2292381 1.2236675 1.2411392 1.2411392 0.7580929 0.9342125 1.0333357 1.2918119 0.8760336 1.6143544 1.4927678 1.5966381 1.5010821 1.6074270 1.5113809 1.5270418 1.5270418 1.5723616 1.5723616 1.5723616 1.5723616 1.5723616 1.7152269 1.5962474 1.5962474 1.5962474 1.5019549 1.5260850 1.5260850 1.4613450 1.4613450 4.2177804 0.8825016 0.9231776 0.9945107 5.1990797 4.9922062 1.0608235 1.4681624 1.3738454 1.3057101 1.0444721 1.1408634 1.5110022 1.8031184 2.1963724 1.8601573 1.8915036 1.4617545 1.9647859 3.7044376 1.7014776 1.5602305 2.4186091 
Ctel_gnl_WGS_AMQN_CAPTEDRAFT_mRNA108309                1.2615048 1.2803112 1.2180999 1.2023468 1.2614044 1.2754109 1.2879058 1.2725959 1.3643847 1.2675804 1.2843079 1.2885141 1.3621651 1.3621651 1.6262610 1.3227288 1.5059098 1.1686918 1.1433145 0.6849930 1.2088847 1.5923466 1.1852622 0.9218610 1.6526371 1.3738158 0.0000000 1.1437755 1.1186725 1.5735029 1.6715836 1.3366725 1.3916431 1.3754142 1.4177143 1.3819452 1.4099504 1.4825153 1.4520171 1.4487105 1.4213941 1.3438854 1.4444057 1.7058603 1.9941121 1.6703912 1.5886492 1.8461290 1.4796594 1.5008139 1.4257956 1.5866415 1.5695473 1.5279598 1.3851508 1.3851508 1.4892005 1.4892005 1.4981258 1.4981258 1.4669280 1.6170145 1.6711815 1.6711815 1.6048684 1.5469446 1.5653312 1.5623467 1.5378873 1.1496475 2.8644981 2.3713207 1.6663064 1.9007806 2.3282941 2.2585911 1.6383324 1.5729841 1.6257383 1.5356524 2.2499643 2.0293991 1.9787983 2.1751762 2.2123552 2.4821858 1.8412466 1.9792982 1.8975990 2.3275167 1.9874559 2.0662782 2.2250870 
Skow_XM_002731216.2                                    1.0244383 1.0411973 1.0905550 1.1069734 1.0001756 0.9315073 0.9631241 0.9390294 0.9628299 0.8835251 0.8988651 0.9365131 0.9604190 0.9604190 1.2205774 1.2234693 1.2618040 0.8696071 1.0454440 0.7297843 0.9813670 1.2775398 0.9277508 0.8385811 1.8023418 1.1756024 1.1437755 0.0000000 0.8876003 1.3835495 1.4855367 1.2273310 1.3105581 1.2391834 1.2587328 1.1138244 1.2680647 1.2740652 1.2813846 1.2783662 1.2942767 1.1722070 1.2085306 1.6359829 1.9093682 1.6110264 1.5251693 1.8718083 1.2766578 1.2208982 1.3797217 1.3248027 1.4617776 1.4345229 1.4672846 1.4672846 1.3784319 1.3784319 1.3791239 1.3791239 1.3738388 1.3654923 1.4448663 1.4448663 1.3436911 1.4278434 1.2595398 1.2591422 1.5278819 1.3894111 2.9687876 2.0648815 1.5817637 1.7487339 2.8280270 2.7632138 1.6286765 1.4278124 1.3414605 1.3084294 2.2284855 1.8277193 1.8443171 1.9527118 2.1911168 2.1720844 2.0472677 1.9937802 1.9579644 2.1978520 2.1772001 2.1787220 2.3095002 
Hsap_ENST00000220853                                   1.0656435 1.0797525 1.0632963 0.9881410 1.1107193 0.9312620 0.8942707 0.9238623 0.9458792 0.8780579 0.8936847 0.8843489 0.9120635 0.9120635 1.2342136 1.1307071 1.2665451 0.9488286 1.1036138 0.8560147 1.1514843 1.5756933 0.9145703 0.9185827 1.6475648 1.1590253 1.1186725 0.8876003 0.0000000 1.3566145 1.3827847 1.1691065 1.1933756 1.2458978 1.0958869 1.1451445 1.1632820 1.1929742 1.1528664 1.1640671 1.2251395 1.1553471 1.1241080 1.7628702 1.8297399 1.5378749 1.3422624 1.5933330 1.1994244 1.2003226 1.1492232 1.2049871 1.5684605 1.4452058 1.3703263 1.3703263 1.4804621 1.4804621 1.4383182 1.4383182 1.4812271 1.5286083 1.4256836 1.4256836 1.3400249 1.4568271 1.4767382 1.4631525 1.4577739 1.2341624 3.0698751 2.2887171 1.7285365 1.7268030 2.2437964 2.1389411 1.5960020 1.2701959 1.4033356 1.3581064 1.7739734 1.7412272 1.9422756 2.0420571 2.1288205 1.9343148 1.9683813 1.9021235 1.9339605 2.4986126 1.8420796 1.9400397 2.2159151 
Spolac_c102400_g1_i1_m.29171c102400-g1                 1.4745136 1.4712229 1.4881851 1.3570275 1.5990273 1.4105384 1.4088795 1.4689741 1.4968240 1.3356479 1.4188654 1.4298662 1.4607141 1.4607141 1.7008511 1.6576463 1.8056382 1.5010082 1.3638815 1.1625920 1.5349858 1.8136216 1.2990442 1.4390885 1.7917057 1.0001516 1.5735029 1.3835495 1.3566145 0.0000000 0.0061288 0.1455909 0.8661111 0.7580310 1.4562323 1.5633181 1.4926466 1.4150458 1.4370197 1.4342407 1.3892655 1.3492668 1.3400575 1.7186784 1.8905423 1.6697771 1.8393681 1.7441953 1.5961243 1.5414678 1.6290174 1.6690322 1.6979854 1.7721800 1.7354258 1.7354258 1.7147545 1.7147545 1.7015246 1.7015246 1.7530800 1.8306204 1.7400308 1.7400308 1.6219957 1.7451514 1.7024910 1.7001807 1.7158308 1.5664594 3.2585788 2.7713122 1.6914842 1.1385711 1.4703238 1.4189252 1.0440963 1.4106491 1.6351984 1.5741225 2.1872252 1.8408780 1.5895111 1.9990340 2.0435944 2.2027896 2.1012040 1.9662653 2.0132858 2.3638723 2.0497158 1.9822669 2.2017157 
Spolac_c102400_g1_i2_m.29172c102400-g1                 1.5249736 1.5285296 1.5671348 1.3846021 1.6160229 1.4741404 1.4747946 1.5696652 1.6354808 1.4715815 1.5229111 1.5236405 1.5604334 1.5604334 1.5439841 1.6488334 1.7745612 1.6102458 1.5413329 1.1739603 1.7640554 1.8136216 1.3123907 1.5335575 1.6237629 0.7559030 1.6715836 1.4855367 1.3827847 0.0061288 0.0000000 0.2567923 1.1112193 0.9159775 1.4166212 1.3482758 1.5121976 1.4156934 1.4309784 1.4263519 1.3730697 1.3292319 1.3292319 1.6990922 1.8120249 1.4973593 1.6037920 1.5328606 1.5300173 1.4298810 1.6066350 1.6733560 1.5898622 1.6890424 1.6720468 1.6720468 1.6566669 1.6566669 1.6095044 1.6095044 1.7216481 1.8661423 1.7946245 1.7946245 1.7946245 1.7977319 1.6143773 1.5901393 1.6644578 1.1685259 2.9356162 2.1719428 2.1719428 1.0773453 3.6195107 3.4105705 1.0497680 1.4943519 1.5672953 1.4785983 1.9857719 1.7213194 1.4020765 2.0443515 1.6913624 2.3850720 2.2235436 2.0112384 2.0112384 1.8996084 1.8785272 1.9327162 2.1883227 
Emue_Em0005g1633a.t1                                   1.3597304 1.3557219 1.3136832 1.2380074 1.4719099 1.2425784 1.2277113 1.2662300 1.2421299 1.1386969 1.1781693 1.1943562 1.3847604 1.3847604 1.7467453 1.5380944 1.6110798 1.3610559 1.2735602 1.2418521 1.3284532 1.8695325 1.2922287 1.2221960 1.7945625 0.9901641 1.3366725 1.2273310 1.1691065 0.1455909 0.2567923 0.0000000 0.7217223 0.5989512 1.3117624 1.5106501 1.3917911 1.3763927 1.3592458 1.3592458 1.4448346 1.2727760 1.2914096 1.6134164 1.8007331 1.5923062 1.7456611 1.5633110 1.5306312 1.5132985 1.4738962 1.5507713 1.6299275 1.7313634 1.6234171 1.6234171 1.6176572 1.6176572 1.6176572 1.6176572 1.6176572 1.5767805 1.5430655 1.5430655 1.3872074 1.4916028 1.4971366 1.5141145 1.5683765 1.5179054 2.8184552 2.3999113 1.0337501 1.1535666 1.5004676 1.4608451 1.0874962 1.4472325 1.5254680 1.5029396 2.1055307 1.9317241 1.5176661 1.5831398 1.9688393 1.7464217 2.0200311 2.0264985 2.0898404 3.1132322 1.9980959 1.7955265 2.2297423 
Tetwil_g10445.t2                                       1.2109851 1.2518400 1.2612935 1.3055554 1.3582404 1.2477809 1.2373429 1.2973113 1.3175729 1.2019541 1.2559048 1.2239564 1.3368748 1.3368748 1.5751505 1.5835340 1.6965197 1.3863553 1.3392253 0.9644736 1.3154951 1.5829468 1.1460089 1.2152315 1.6176649 1.1056289 1.3916431 1.3105581 1.1933756 0.8661111 1.1112193 0.7217223 0.0000000 0.6671619 1.5390168 1.4527733 1.5081097 1.4277252 1.4337878 1.4304910 1.4573443 1.4261699 1.4144765 1.6352157 1.6386421 1.6274843 1.4588216 1.5791380 1.4451770 1.3376448 1.3667420 1.3350197 1.6064147 1.6407850 1.6452857 1.6452857 1.5589407 1.5589407 1.6581232 1.6581232 1.6603028 1.6234088 1.5338632 1.5338632 1.4172205 1.6264392 1.6537660 1.6668901 1.6378061 1.4874126 2.7233145 2.4271476 1.6049028 1.4094778 1.6517380 1.5616518 1.3041424 1.3368186 1.5619089 1.5146123 1.9967952 1.6794322 1.8813243 2.0874737 2.2250427 2.1390090 2.2068532 2.1385145 2.3767622 2.5414423 2.2152300 2.0806635 2.1950978 
Stycar_maker-SC_scaffold3534-augustus-gene-0.52-mRNA-1 1.1737815 1.1803175 1.2484949 1.2375479 1.3135723 1.3072453 1.2554303 1.4620820 1.5131598 1.2841723 1.3617598 1.3850613 1.3996708 1.3996708 1.4725802 1.4088813 1.5291812 1.2440989 1.3249676 0.8409898 1.4167904 1.6994095 1.1935101 1.2453007 1.6381531 0.8766519 1.3754142 1.2391834 1.2458978 0.7580310 0.9159775 0.5989512 0.6671619 0.0000000 1.4961866 1.4156987 1.3877468 1.4096587 1.4062437 1.4089208 1.3781423 1.2869215 1.2675101 1.5843269 1.6160747 1.5148433 1.4315258 1.4370587 1.4459849 1.3734408 1.4012623 1.3330868 1.5944349 1.6285250 1.5900808 1.5900808 1.6098327 1.6098327 1.6003410 1.6003410 1.6760939 1.7610877 1.6275300 1.6275300 1.5137949 1.7167425 1.6298128 1.6335817 1.6233251 1.2593914 2.8889255 2.2842862 1.5949060 1.4712103 1.2544050 1.2360063 1.1080474 1.3676053 1.4079038 1.2988831 1.8419918 1.4957388 1.5728322 1.6985331 1.8741055 2.0400333 1.8627956 1.8619673 1.8012681 2.4994721 1.7688548 1.9127399 1.8854022 
Tcas_TC001201_001                                      1.4594052 1.4447913 1.4022905 1.3973365 1.5344972 1.3040291 1.2961342 1.3102138 1.2742719 1.2622692 1.2639050 1.2751983 1.3415175 1.3415175 1.5767275 1.3993979 1.5453043 0.9719047 1.4025347 0.8930834 1.3062827 1.9657784 1.3659211 1.4217022 1.8701440 1.1258364 1.4177143 1.2587328 1.0958869 1.4562323 1.4166212 1.3117624 1.5390168 1.4961866 0.0000000 0.8905924 1.6060488 1.6343604 1.6087507 1.6048010 1.6380519 1.5832575 1.5539560 1.8472831 2.0910176 1.6375419 1.7930101 2.1057125 1.6070010 1.6177350 1.5382911 1.6189131 1.5957174 1.5853495 1.5628321 1.5628321 1.3903093 1.3903093 1.3148866 1.3148866 1.3256050 1.4097118 1.4183726 1.4183726 1.3812284 1.5480124 1.5871342 1.5957338 1.4848119 1.1641611 3.8334905 2.5032521 1.9140608 2.1663439 2.6545510 2.5428022 1.8848171 1.5455479 1.5698756 1.5179245 1.9368366 1.7689541 2.1212194 1.9121037 2.0214069 2.2688399 2.2241721 2.1863121 2.1876163 3.3295472 1.9074614 2.0385667 2.4884373 
Dpul_mRNA5313                                          1.4766858 1.4791016 1.4567067 1.4606375 1.2968518 1.3582356 1.4254605 1.3302191 1.3725983 1.2658475 1.2968420 1.3058706 1.3352619 1.3352619 1.4369517 1.4815387 1.5458610 1.0059326 1.3700840 0.9247710 1.2422898 1.4054152 1.4226681 1.2409091 1.8447551 1.4920084 1.3819452 1.1138244 1.1451445 1.5633181 1.3482758 1.5106501 1.4527733 1.4156987 0.8905924 0.0000000 1.5886370 1.5337377 1.5972279 1.5938374 1.5937985 1.5474525 1.5395414 1.8912725 2.0775343 1.6388853 1.6416207 2.0760000 1.5403577 1.5244055 1.5025636 1.4391299 1.5210573 1.5971404 1.6564344 1.6564344 1.5734301 1.5734301 1.5478723 1.5478723 1.5270834 1.5806117 1.5521337 1.5521337 1.3520712 1.5766896 1.5495393 1.5716029 1.6106738 1.4118680 3.3876152 2.4229001 1.8271636 1.5559066 2.6361910 2.6318239 1.8473265 1.4863098 1.6935615 1.6720398 2.1971309 1.7822807 2.0249852 2.2311264 2.1952722 2.5199019 2.1048040 2.2428606 2.1444670 2.4068836 2.0630553 2.0079281 2.3555147 
HoiH06_mRNA13241                                       1.2780218 1.2592319 1.2160860 1.1440366 1.2625210 1.0688715 1.0106798 1.0925548 1.0755153 1.0860944 1.1014255 1.0937282 1.1205447 1.1205447 1.5229348 1.2658189 1.3532690 1.3210472 1.3185713 0.9475626 1.2966295 1.3982107 1.2359632 1.1425262 2.1833531 1.1746447 1.4099504 1.2680647 1.1632820 1.4926466 1.5121976 1.3917911 1.5081097 1.3877468 1.6060488 1.5886370 0.0000000 0.0525446 0.1135329 0.1085011 0.0933948 0.1450970 0.2023524 1.8701436 1.8605605 1.7015461 1.7344494 1.8175035 1.6192101 1.4634089 1.6338318 1.4658758 1.6966187 1.6738132 1.6724367 1.6724367 1.8998755 1.8998755 1.8507742 1.8507742 1.8509193 1.8858326 1.7693538 1.7693538 1.6554429 1.5855438 1.7480109 1.7286019 1.6997512 1.4323674 2.9957582 1.9041132 1.4533376 2.3268489 2.3603214 2.2851066 1.8525709 1.5903739 1.4065304 1.4467475 2.0891203 2.0365919 1.9857229 2.0800008 2.0946801 2.2558108 1.9367645 2.0526890 1.9763247 2.4182838 1.9452367 1.8002464 2.0838019 
HoiH23_PlH23_007192-RA                                 1.2660662 1.2553031 1.2133129 1.1344905 1.2199760 1.1068581 1.0151776 1.1198470 1.0842965 1.0865911 1.1066117 1.1020916 1.1514414 1.1514414 1.4845819 1.2438825 1.3777232 1.3201054 1.3535647 0.9019216 1.3327253 1.5138572 1.1768762 1.1839890 1.9383671 1.2022153 1.4825153 1.2740652 1.1929742 1.4150458 1.4156934 1.3763927 1.4277252 1.4096587 1.6343604 1.5337377 0.0525446 0.0000000 0.1030877 0.0988815 0.0947624 0.1549481 0.1968266 1.8265486 1.7956996 1.6287563 1.7566035 1.7538241 1.5841406 1.4312841 1.5916954 1.4153913 1.6016270 1.6477097 1.5581327 1.5581327 1.7194597 1.7194597 1.7814280 1.7814280 1.7759668 1.7510621 1.6366239 1.6366239 1.5424815 1.5709358 1.6911167 1.6754592 1.6873683 1.4525465 2.8703012 2.1117064 1.6433565 2.0544661 2.2765667 2.2032377 1.7291450 1.5916765 1.5073184 1.5018630 2.1507218 2.0479452 1.8898228 2.2302521 2.1947063 2.2191452 1.8149057 1.8921899 1.8538608 1.9903307 1.9711772 1.8754198 2.1621636 
HoiH04_mRNA16700                                       1.2925663 1.2836624 1.2238385 1.1066786 1.2764847 1.1224101 1.0241511 1.1269658 1.0991877 1.1088427 1.1320518 1.1389007 1.1356384 1.1356384 1.4714437 1.2586512 1.4164724 1.3210664 1.3715595 0.9386839 1.2952932 1.5313087 1.1901539 1.1979519 2.0009820 1.2292381 1.4520171 1.2813846 1.1528664 1.4370197 1.4309784 1.3592458 1.4337878 1.4062437 1.6087507 1.5972279 0.1135329 0.1030877 0.0000000 0.0035262 0.1270936 0.1836481 0.2093740 1.8596107 1.8071196 1.6254034 1.7550817 1.8019029 1.6016955 1.4764808 1.6417401 1.4716294 1.5780526 1.5800329 1.4420362 1.4420362 1.6574063 1.6574063 1.7401128 1.7401128 1.7232015 1.6824842 1.5820052 1.5820052 1.5080714 1.4294516 1.5976697 1.5823647 1.6031861 1.4728982 3.1843192 2.2035715 1.7807826 2.1032971 2.3396082 2.2645411 1.6974045 1.5854290 1.5698290 1.5656724 2.1886779 1.9180934 1.9479189 2.2323800 2.2591241 2.2958580 1.8404137 1.9968232 1.9699715 2.3311557 2.0052063 1.8772611 2.1267367 
Hhon_g06675.t1                                         1.2896039 1.2806958 1.2209200 1.1039230 1.2784448 1.1196982 1.0215119 1.1285688 1.1007286 1.1103961 1.1336666 1.1405122 1.1340869 1.1340869 1.4677641 1.2556162 1.4091152 1.3142172 1.3688747 0.9386839 1.2973491 1.5106923 1.1814414 1.2095374 1.9869473 1.2292381 1.4487105 1.2783662 1.1640671 1.4342407 1.4263519 1.3592458 1.4304910 1.4089208 1.6048010 1.5938374 0.1085011 0.0988815 0.0035262 0.0000000 0.1226590 0.1788759 0.2041771 1.8458643 1.8023534 1.6409886 1.7428300 1.7889052 1.5995656 1.4745199 1.6395819 1.4611735 1.5759423 1.5779367 1.4400626 1.4400626 1.6549220 1.6549220 1.7370948 1.7370948 1.7204879 1.6780587 1.5798874 1.5798874 1.5058449 1.4275265 1.5933781 1.5781025 1.5989227 1.4728982 3.1485564 2.1866956 1.7650863 2.0657496 2.3396082 2.2645411 1.7005519 1.5741186 1.5668949 1.5624784 2.1628947 1.9146554 1.9519439 2.2267957 2.2434317 2.2801229 1.8188102 1.9930802 1.9664299 2.3230042 2.0251672 1.8548194 2.1114920 
