108
Emue_Em0018g237a.t1                                   0.0000000 0.0775829 0.1690548 0.6319123 0.3441924 0.6977238 0.6610179 0.8560578 0.7990585 0.7376378 0.7193839 0.8618347 0.9233720 0.8339906 0.8885824 0.8973824 0.6248444 0.7538606 1.0760479 0.9852452 0.9463653 1.0268255 0.7475823 0.8734594 0.9742191 0.8201057 0.8099343 0.8867722 0.8867722 0.8894903 0.7810069 1.0443177 0.9383647 0.9916402 0.8866299 0.8912083 0.9174445 1.0594409 0.8072667 0.9649924 0.6288593 0.7290508 1.0156127 0.9154459 1.1908213 1.1920306 1.1132587 1.3257797 0.9474581 1.0856925 1.1022643 0.7682895 1.1330125 0.8349178 1.1203559 1.2599730 1.1187429 0.8809853 1.6175083 1.5805779 0.9250977 0.9092216 0.8327049 1.3958486 1.4347719 1.5405627 1.4207133 1.6932782 1.5687651 1.7098941 1.7098941 1.3772568 1.6412124 1.6288244 1.6288244 1.8190857 1.2581158 1.2581158 1.2856653 1.4949150 1.7290221 1.7681304 1.6561510 1.9875464 1.6830806 1.6225335 1.6592677 1.4306781 1.4306781 1.5241567 1.6026178 1.5241567 1.6026178 2.1249950 1.5679938 1.7425171 1.5229760 1.5330666 1.6825262 1.6806806 1.4838398 2.2958333 2.2967483 3.5116927 2.1982059 1.4586064 4.1908460 1.2434130 
Spolac_c100376_g1_i2_m.22269c100376-g1                0.0775829 0.0000000 0.0000010 0.3813984 0.3672669 0.3905024 0.5120883 0.6440871 0.4841378 0.5324701 0.0000010 0.6047301 0.6102448 0.6104825 0.9043408 0.5011870 0.0000010 0.5585635 0.8956762 0.5871494 0.5871494 0.7152001 0.5280265 0.5303306 0.5123667 0.6159276 0.6159276 0.6384921 0.6384921 0.6147717 0.6147717 0.7029672 0.6532800 0.6741335 0.6196435 0.5107150 0.5510301 0.6034295 0.5922720 0.7140244 0.0000010 0.0000010 0.6943855 0.0000010 1.0066629 0.5767743 0.0000010 0.5767743 0.6041385 0.7492864 0.0000010 1.4907821 0.9590396 0.0000010 0.9491482 0.8663927 0.8008993 0.6699204 0.7355922 0.5947054 0.6271448 0.5892446 0.4640991 0.0000010 0.8960979 0.0000010 1.0740473 1.0807678 1.0807678 1.2046870 1.2046870 0.0000010 0.9663655 0.9663655 0.9663655 0.9663655 0.0000010 0.0000010 0.0000010 0.0000010 1.4188333 1.0796183 1.2457187 1.1228858 1.1228858 1.1350418 1.1645108 0.0000010 0.0000010 1.0801242 1.1822792 1.0801242 1.1822792 1.1103819 0.7865096 1.1103819 0.7865096 0.7865096 1.0728801 1.0728801 0.0000010 1.4037297 1.4037297 1.5466837 1.5466837 0.0000010 5.1754171 0.0000010 
Spolac_c100376_g1_i3_m.22270c100376-g1                0.1690548 0.0000010 0.0000000 0.5416248 0.3672669 0.6543709 0.5661697 0.7992110 0.7393701 0.6789386 0.4555237 0.7856469 0.8060330 0.7828320 0.7534335 0.8041087 0.5185985 0.6895132 1.0843334 0.9127326 0.8453405 0.9812573 0.6957030 0.7883794 0.9044314 0.7376039 0.7015480 0.8050165 0.8050165 0.7944155 0.7031544 0.9767889 0.8806556 0.9669266 0.8343572 0.8626319 0.8418305 0.9803686 0.7777133 0.8944367 0.5011667 0.6180816 0.9534212 0.6353863 1.1367860 1.1072496 0.9933128 1.2891621 0.8842322 1.0336093 1.1917939 0.8738552 1.1228448 1.0296167 0.9199282 1.2080180 1.0103759 0.9204914 1.5047548 1.5393341 0.9561025 0.9004837 0.6737927 1.2521256 1.3378219 1.3828460 1.3353701 1.5990066 1.4378524 1.5726797 1.5726797 1.1312904 1.6118582 1.4598658 1.4598658 1.7609078 1.3356717 1.3356717 1.3731237 1.2649402 1.5699118 1.4044344 1.5382790 1.9531156 1.5553936 1.4959639 1.5713073 1.2720160 1.2720160 1.3659575 1.4632533 1.3659575 1.4632533 1.7553699 1.3230160 1.5338856 1.3275721 1.3360243 1.5105546 1.5059857 1.1913129 2.1824014 2.2270709 3.2970255 2.2178818 1.3236218 4.1925348 1.4579263 
Tetwil_g12852.t1                                      0.6319123 0.3813984 0.5416248 0.0000000 0.3009293 0.6258479 0.2995111 0.6858266 0.6751979 0.6510275 0.4204032 0.7303915 0.7770631 0.6877275 0.7007270 0.7602768 0.3921787 0.6872250 0.9987782 0.8352350 0.7092976 0.8440745 0.6345143 0.6846924 0.8591220 0.6708162 0.6549790 0.7168084 0.7168084 0.7025989 0.6393437 0.9480436 0.9029372 0.9495779 0.8292347 0.8245180 0.8277304 0.9895613 0.7349577 0.8156159 0.2805879 0.5835309 0.9085417 0.6344796 1.0610842 0.9959927 0.9574502 1.0696955 0.8329928 0.9177218 1.1389450 0.9914194 1.1455122 0.9977421 0.9758383 1.1805460 0.9387522 0.7786405 1.3200611 1.4197462 0.7931885 0.7762096 0.7168030 1.1790596 1.2523213 1.3240674 1.2782552 1.5216776 1.3790828 1.4866897 1.4866897 1.1576604 1.4078249 1.3677948 1.3677948 1.5636047 1.4755666 1.4755666 1.5190546 1.2540745 1.3879295 1.1606795 1.4901759 1.5903734 1.3692351 1.2896093 1.5127629 1.3342140 1.3342140 1.3912758 1.4501716 1.3912758 1.4501716 1.6661400 1.1893488 1.4317714 1.2305080 1.2373980 1.4525598 1.4273121 1.1617983 1.8430564 2.1450339 2.8241861 2.1103001 1.2254867 3.8911032 1.3958401 
Stycar_maker-SC_scaffold5907-augustus-gene-0.4-mRNA-1 0.3441924 0.3672669 0.3672669 0.3009293 0.0000000 0.3341020 0.4546532 0.3398753 0.4245173 0.3881452 0.0000010 0.5883838 0.4649853 0.6332059 0.8940863 0.5516137 0.0000010 0.5231708 0.8222339 0.5935393 0.5935393 0.6808444 0.3554012 0.4347563 0.4184629 0.6455927 0.6455927 0.6167587 0.6167587 0.6191158 0.6191158 0.5164128 0.5010642 0.6641543 0.5000950 0.4466079 0.4707296 0.5141566 0.4663782 0.6079548 0.0000010 0.0000010 0.7729245 0.0000010 0.7045756 0.5090193 0.0000010 0.5090193 0.5149266 0.4233094 0.0000010 1.6836918 0.6724280 0.0000010 0.8728912 0.8659681 0.7040986 0.6704671 0.6211596 0.5596015 0.4325416 0.4404342 0.3308097 0.0000010 0.6331458 0.0000010 0.9567745 0.9561203 0.9561203 0.9917279 0.9917279 0.0000010 0.8730655 0.8730655 0.8730655 0.8730655 0.0000010 0.0000010 0.0000010 0.0000010 1.0860288 0.8186488 1.1228267 0.8299787 0.8299787 0.8278577 0.8076757 0.0000010 0.0000010 1.0461389 1.0413898 1.0461389 1.0413898 1.0511618 0.6542200 1.0511618 0.6542200 0.6542200 1.0150827 1.0150827 0.0000010 1.0742150 1.0742150 0.0000010 0.0000010 0.0000010 6.5687090 0.0000010 
Cgig_XM_011443494.3                                   0.6977238 0.3905024 0.6543709 0.6258479 0.3341020 0.0000000 0.5959464 0.7037906 0.6410554 0.5887264 0.4914952 0.6780956 0.7206160 0.6617689 0.7515102 0.7032169 0.5608023 0.5631939 0.9271644 0.8306392 0.6671913 0.8120405 0.7323879 0.7964232 0.8058979 0.6855615 0.6575278 0.6817879 0.6817879 0.6643815 0.6282045 0.8733608 0.8489611 0.8306854 0.8350956 0.8930573 0.8828495 0.9126755 0.6370332 0.7129089 0.6375045 0.7211109 0.9092127 0.6372987 1.1054713 0.9295636 0.8879812 1.0330443 0.8313595 0.9330868 1.1374978 0.9046427 1.0756894 1.0517845 1.0682173 1.1610854 0.8968232 0.8211513 1.3362053 1.2232553 0.6649934 0.6730392 0.7269964 1.4069881 1.3693521 1.5209306 1.3831341 1.4985108 1.4676335 1.4413472 1.4413472 1.3427632 1.4721727 1.4049885 1.4049885 1.6243283 1.5251647 1.5251647 1.6298560 1.3285133 1.4030354 1.2775552 1.4794917 1.3908754 1.4331140 1.4057628 1.4035930 1.4382383 1.4382383 1.4732285 1.5048053 1.4732285 1.5048053 1.5244051 1.1664748 1.3345838 1.2428995 1.2525214 1.3879363 1.3724863 1.2837917 1.7025900 1.8601114 2.9995781 2.2975125 1.0842473 3.6808130 1.3462751 
Tetwil_g10733.t1                                      0.6610179 0.5120883 0.5661697 0.2995111 0.4546532 0.5959464 0.0000000 0.8096647 0.7138534 0.6583059 0.5757008 0.7323015 0.7567752 0.8174468 0.8170935 0.7568375 0.4777253 0.7915813 1.0991794 0.7962405 0.6620873 0.9229463 0.7163138 0.6751513 0.7861991 0.7723498 0.7604251 0.7494027 0.7494027 0.6917422 0.6917422 0.9593644 0.9526375 0.9666224 0.8590360 0.8631423 0.8641732 0.8714302 0.8892243 0.7400418 0.0535177 0.5495439 0.8396761 0.7226310 0.9755412 0.9433074 1.0247894 0.8324704 0.8448529 0.8561227 1.3101614 1.2025225 1.0603475 1.2144458 0.9774889 1.0928820 0.9802743 0.8769372 1.2060496 1.3353695 1.0847290 0.7546272 0.5758550 1.1807210 1.1333159 1.1807210 1.2052661 1.3242149 1.3089219 1.2562222 1.2562222 1.2054301 1.1534371 1.2472024 1.2472024 1.2270603 1.6267499 1.6267499 1.7737319 1.3039045 1.3206539 0.8880832 1.4230539 1.2110795 1.1548883 1.1231713 1.2262235 1.3469154 1.3469154 1.2202966 1.3172692 1.2202966 1.3172692 1.3647883 1.0014609 1.1896165 1.1366282 1.1366282 1.2855083 1.2768918 1.1111639 1.5125528 1.5125528 3.9386887 2.3825703 1.1524662 5.0078709 1.2399005 
Dgig_XM_028536673.1                                   0.8560578 0.6440871 0.7992110 0.6858266 0.3398753 0.7037906 0.8096647 0.0000000 0.6703363 0.6731033 0.4233892 0.5923940 0.6266523 0.5901375 0.6339505 0.6232307 0.5826888 0.7577744 0.7943884 0.7472393 0.6634981 0.6676680 0.7591368 0.7814179 0.9277868 0.6694482 0.6603837 0.6611111 0.6611111 0.6524809 0.6524809 0.9700972 0.9064486 0.9748976 0.8207134 0.8239464 0.8888574 1.0252256 0.7895456 0.7230762 0.7130777 0.7208026 0.8601768 0.9114299 0.4053519 0.8431685 0.8499543 0.8541849 0.7418547 0.9197031 0.8012338 1.1199245 0.8653215 0.9561535 1.0104095 1.1709136 0.9741242 1.0540868 1.4464942 1.2788374 0.8720109 0.7558170 0.7132419 1.3387100 1.3399646 1.4579640 1.3283889 1.3611159 1.3593723 1.3535649 1.3535649 1.2714147 1.4701739 1.3738258 1.3738258 1.5532270 1.4015865 1.4015865 1.5300621 1.3406024 1.3345541 1.3343971 1.3478008 1.4153555 1.3338105 1.2889259 1.3913035 1.3392288 1.3392288 1.2898673 1.3614495 1.2898673 1.3614495 1.6128407 1.2203741 1.3173488 1.2209319 1.2270529 1.3163930 1.3026668 1.2107144 1.5992624 1.5992624 3.0320987 2.1998808 1.1536583 3.9422170 1.1334844 
Dpul_mRNA9956                                         0.7990585 0.4841378 0.7393701 0.6751979 0.4245173 0.6410554 0.7138534 0.6703363 0.0000000 0.5498853 0.5216988 0.6909635 0.7329319 0.6642392 0.7549557 0.6675468 0.6615010 0.6057645 0.9138328 0.7918023 0.6261112 0.7789585 0.7964468 0.7838156 0.7415466 0.7459260 0.7030184 0.7247472 0.7247472 0.6976679 0.6976679 0.6610550 0.7007627 0.7166240 0.8218051 0.8112720 0.8541507 0.9136889 0.6387120 0.7093148 0.7733624 0.7366312 0.8498606 0.7826672 0.9478133 0.8762090 0.9188950 0.8326244 0.7956338 0.9237877 0.9803858 0.8131892 0.9543551 0.7840482 1.0097548 1.0627371 0.7862446 0.7836318 1.2177586 1.3511151 0.9258681 0.6946483 0.7564153 1.4993781 1.4143653 1.5996591 1.3647825 1.3793388 1.3541656 1.3817309 1.3817309 1.2917976 1.2661454 1.3553855 1.3553855 1.3946846 1.6210862 1.6210862 1.6760427 1.4534591 1.4822398 1.4186281 1.4477744 1.2560429 1.4392673 1.3771258 1.3878913 1.4175832 1.4175832 1.4002725 1.4719183 1.4002725 1.4719183 1.5914584 1.3430041 1.4071937 1.4174405 1.4153884 1.4651249 1.4579988 1.2463149 1.6585662 1.6275336 2.9898556 2.2891262 1.0638900 3.5425922 0.9926052 
Bralan_BLAG07001329_1                                 0.7376378 0.5324701 0.6789386 0.6510275 0.3881452 0.5887264 0.6583059 0.6731033 0.5498853 0.0000000 0.4441249 0.5875183 0.5803713 0.5311929 0.6108951 0.5758858 0.5637662 0.5979174 0.8412049 0.7076815 0.6291576 0.7578389 0.7341846 0.8129723 0.7907750 0.5823173 0.5904214 0.5988460 0.5988460 0.6373804 0.5853706 0.7806531 0.7705131 0.7372395 0.8019466 0.8063292 0.7948187 0.9382760 0.6490304 0.6334519 0.6757178 0.7527702 0.8084237 0.7036348 1.0131782 0.9322138 0.8491481 1.0698986 0.8851705 0.7792341 1.0604384 0.8150922 0.8803149 0.7761021 1.0087531 1.1180833 0.8726022 0.8117631 1.1854258 1.1108367 0.7727527 0.7318888 0.7712470 1.4733325 1.4724734 1.6212842 1.4809299 1.6371763 1.5168284 1.6049437 1.6049437 1.3408044 1.4934851 1.4866544 1.4866544 1.6324570 1.5839429 1.5839429 1.6531030 1.4528620 1.5170473 1.3942565 1.5491372 1.5957234 1.5405498 1.4876242 1.5685578 1.3691650 1.3691650 1.3703158 1.4294184 1.3703158 1.4294184 1.7688777 1.3665046 1.5764567 1.3772591 1.3851015 1.5787676 1.5514875 1.3484776 2.1404527 2.2757310 3.0442009 2.2436062 1.1915092 4.1229085 1.3846822 
Lcom_lcpid233077                                      0.7193839 0.0000010 0.4555237 0.4204032 0.0000010 0.4914952 0.5757008 0.4233892 0.5216988 0.4441249 0.0000000 0.3564324 0.3600967 0.3429918 0.3921955 0.3469783 0.3536396 0.4140794 0.4342466 0.4291930 0.3249878 0.4715207 0.4896159 0.3954652 0.6824731 0.4354026 0.4396988 0.4408492 0.4408492 0.4400589 0.4400589 0.5473734 0.5525942 0.6526557 0.4085152 0.3997361 0.4541818 0.3718631 0.4858222 0.4533812 0.5910079 0.5114571 0.4373033 0.5378084 0.4467486 0.6931293 0.6931293 0.0000010 0.7186810 0.6973181 0.9469009 1.0119126 0.5414192 0.1078667 0.6947999 0.8442356 0.6434945 0.8033343 1.0017356 3.0137715 3.1318286 0.3897737 0.3530274 0.7600014 0.7600014 0.7600014 0.7600014 0.6961361 0.6961361 0.6717733 0.6717733 0.6717733 0.0000010 0.6781074 0.6781074 0.0000010 0.7773536 0.7773536 0.8904382 0.6781074 0.8710345 0.6861850 0.8856192 1.3336203 0.8869925 0.8513776 0.9961528 0.8652376 0.8652376 0.9119453 0.9119453 0.9119453 0.9119453 0.6114036 0.7568712 0.7568712 0.7568712 0.7568712 0.7568712 0.7500836 0.8175609 0.7520767 0.7520767 3.5673956 3.3734972 0.8510898 4.0823180 0.0000010 
Spis_XP_022784125_1                                   0.8618347 0.6047301 0.7856469 0.7303915 0.5883838 0.6780956 0.7323015 0.5923940 0.6909635 0.5875183 0.3564324 0.0000000 0.1396038 0.1440446 0.2354797 0.1912392 0.5923641 0.6874950 0.4210603 0.3098545 0.2563574 0.4219667 0.7537490 0.7686058 0.7604842 0.5938371 0.6012385 0.6510634 0.6510634 0.6552093 0.6252474 0.8638140 0.8579639 0.8761224 0.7201008 0.7581285 0.7731184 0.9143546 0.7744654 0.7871564 0.7204716 0.7248518 0.8970613 0.6697802 0.9522527 0.8495234 0.8013381 0.9428595 0.7553864 0.9046769 0.7037028 1.0191509 1.1452581 0.7851422 0.9356687 1.0943220 0.9365868 0.8203163 1.2709305 0.4789095 1.1289808 0.8537466 0.6972767 1.2726010 1.3363895 1.4262021 1.3375995 1.4814623 1.3897389 1.3915569 1.3915569 1.0766100 1.5934040 1.4266874 1.4266874 1.7652619 1.3335824 1.3335824 1.3760903 1.2112891 1.3656312 1.3849377 1.4700568 1.4873520 1.4222399 1.3492134 1.4385427 1.2046213 1.2046213 1.3016895 1.4100136 1.3016895 1.4100136 1.8542263 1.2903721 1.5179005 1.2916704 1.2968531 1.4962073 1.4743141 1.0562004 1.8184003 1.9673543 3.1994604 2.3097834 1.1472511 4.0894612 1.3721867 
Fspp_ffun1.m4.7459.m1                                 0.9233720 0.6102448 0.8060330 0.7770631 0.4649853 0.7206160 0.7567752 0.6266523 0.7329319 0.5803713 0.3600967 0.1396038 0.0000000 0.1086470 0.1100795 0.1525315 0.5947422 0.6813570 0.4602576 0.3245632 0.2248633 0.3821703 0.7605382 0.8264248 0.7580464 0.6158450 0.6241158 0.6433076 0.6433076 0.6649522 0.6675234 0.8470709 0.7845127 0.8633113 0.7467047 0.7992283 0.7859482 0.8064561 0.7402517 0.6956987 0.8101458 0.7701208 0.9231537 0.7139762 0.7854933 0.8508232 0.8660388 0.8490604 0.8039396 0.8520433 0.8369362 1.1124647 1.1327954 0.9259047 1.0672926 1.0305472 0.9380725 0.7885310 1.2670999 0.7087313 1.2092918 0.7197104 0.6233857 1.2943163 1.3418459 1.4579803 1.3454237 1.5083852 1.4513315 1.3731731 1.3731731 1.1160742 1.7275419 1.5051636 1.5051636 1.9441953 1.4017231 1.4017231 1.5243012 1.2763080 1.3876200 1.3960298 1.4626719 1.7029077 1.5367271 1.4438063 1.5095584 1.2668208 1.2668208 1.3868638 1.5103283 1.3868638 1.5103283 1.7467953 1.3147320 1.4450325 1.3559079 1.3617355 1.4689874 1.4490162 1.1732949 1.8171626 1.7977944 3.3080219 2.6993955 1.1600698 3.8483066 1.7452606 
Gasp_gasp1.m3.13389.m1                                0.8339906 0.6104825 0.7828320 0.6877275 0.6332059 0.6617689 0.8174468 0.5901375 0.6642392 0.5311929 0.3429918 0.1440446 0.1086470 0.0000000 0.1966363 0.1597386 0.5557564 0.6562966 0.4022774 0.2984951 0.2222724 0.4098573 0.7042526 0.7440645 0.8125362 0.5815521 0.5966245 0.6256643 0.6256643 0.6391279 0.5983143 0.8235842 0.8170285 0.8727452 0.7562389 0.7785859 0.7789556 0.9455186 0.7471926 0.7024591 0.7725500 0.7996643 0.8737243 0.6615015 0.9739142 0.8809125 0.8587262 0.9368105 0.8058283 0.8853200 0.7128039 1.0077031 1.1053401 0.8274360 0.9564878 1.1126426 0.8965931 0.7698248 1.3118186 0.6748398 1.0896006 0.7979033 0.6596665 1.2552579 1.2369256 1.3162914 1.2563293 1.4294309 1.3365342 1.3693048 1.3693048 1.1144959 1.4241113 1.3557739 1.3557739 1.6044267 1.3193172 1.3193172 1.4101957 1.2218542 1.2684409 1.2331091 1.4252933 1.3803259 1.3628254 1.2955328 1.3532633 1.2445962 1.2445962 1.2783032 1.3890019 1.2783032 1.3890019 1.7410123 1.2186510 1.4663355 1.1867065 1.1919436 1.4114825 1.3918138 1.0933562 1.5831236 1.7477207 2.9651261 2.2396657 1.1586147 3.9725052 1.4145799 
Fspp_ffun1.m4.7456.m1                                 0.8885824 0.9043408 0.7534335 0.7007270 0.8940863 0.7515102 0.8170935 0.6339505 0.7549557 0.6108951 0.3921955 0.2354797 0.1100795 0.1966363 0.0000000 0.2594475 0.5688713 0.6420290 0.4340552 0.4606172 0.4008979 0.4617830 0.7097849 0.7606960 0.8147199 0.5731856 0.5687013 0.5942544 0.5942544 0.6183271 0.6183271 0.8719990 0.8156485 0.8816482 0.7352595 0.7927017 0.7465862 0.7904055 0.7530073 0.7416084 0.7857545 0.7503909 0.8304908 0.6585930 0.7477431 0.8974834 0.8183288 1.1441362 0.7836050 0.8577984 0.6761987 1.0056904 0.8691714 0.8264693 0.9015195 1.0425193 1.0220196 1.0017411 1.3393163 1.1238824 1.2739083 0.6795796 0.5637047 1.2751125 1.4013556 1.4163123 1.4511754 1.4106983 1.4106983 1.3885055 1.3885055 1.1265123 1.7276925 1.4121860 1.4121860 1.7614294 1.3704203 1.3704203 1.4910071 1.2716651 1.4477845 1.4061494 1.5365833 1.8352941 1.5015952 1.4324588 1.5039603 1.2235250 1.2235250 1.4372492 1.4869266 1.4372492 1.4869266 1.8850295 1.3436926 1.4497229 1.3608974 1.3667067 1.4698274 1.4562395 1.0729871 2.4079914 2.4079914 3.3054482 2.7195712 1.1704220 4.8807204 1.2166768 
Gfas_gfas1.m1.17425.m1                                0.8973824 0.5011870 0.8041087 0.7602768 0.5516137 0.7032169 0.7568375 0.6232307 0.6675468 0.5758858 0.3469783 0.1912392 0.1525315 0.1597386 0.2594475 0.0000000 0.5919551 0.6922276 0.3354202 0.2161384 0.1582922 0.4096109 0.7292132 0.7377167 0.7815118 0.6037928 0.6036341 0.6725758 0.6725758 0.6779147 0.6260258 0.8448723 0.8218946 0.9206473 0.7263093 0.7469319 0.7755127 0.9050056 0.7418266 0.7133744 0.8002422 0.6730338 0.8482947 0.7079933 1.0312104 0.9093133 0.8065413 1.0984518 0.7946893 0.8445855 0.6861690 0.9779749 1.1176922 0.8189796 0.9390681 1.1356391 0.9587225 0.7828683 1.3625465 0.7267374 1.2638905 0.8750848 0.6886630 1.2289717 1.3391772 1.3751289 1.3568792 1.5625452 1.4253043 1.5409085 1.5409085 1.1331075 1.7809731 1.5710614 1.5710614 1.9876927 1.5008671 1.5008671 1.6043780 1.3643796 1.4465260 1.3406289 1.5923743 1.6896288 1.5088088 1.4459429 1.5205877 1.3123526 1.3123526 1.4994218 1.6187217 1.4994218 1.6187217 2.0023841 1.4187163 1.6347830 1.3731112 1.3731112 1.5714838 1.5371827 1.1621687 1.9629953 2.1701951 3.4059363 2.5370427 1.0796248 3.2471314 1.2993992 
Stycar_maker-SC_scaffold45725-snap-gene-0.6-mRNA-1    0.6248444 0.0000010 0.5185985 0.3921787 0.0000010 0.5608023 0.4777253 0.5826888 0.6615010 0.5637662 0.3536396 0.5923641 0.5947422 0.5557564 0.5688713 0.5919551 0.0000000 0.5450890 0.6338049 0.5669223 0.2892585 0.7652905 0.4613988 0.4904704 0.8103581 0.5155729 0.4824763 0.4812402 0.4812402 0.5619870 0.5619870 0.8523930 0.7899631 0.7868095 0.6964559 0.6900804 0.6645374 0.8950273 0.6540696 0.6177381 0.5163599 0.5188883 0.6772959 0.6805186 0.8364703 0.8112925 0.8112925 0.0000010 0.7101499 0.8762399 1.0299969 0.9372260 0.7470363 0.9549678 0.8192930 0.9844950 0.8488571 0.8129200 1.8315457 2.9850846 2.5502702 0.6236492 0.3656048 1.0620107 1.0620107 1.0620107 1.0620107 1.0987110 1.0940579 1.0790109 1.0790109 1.0033930 0.0000010 1.1108953 1.1108953 1.1821953 1.2443337 1.2443337 1.4427008 1.0983177 1.2923591 0.7520911 1.1397309 1.3336203 1.1729661 1.1591426 1.1415308 1.2803430 1.2803430 1.2281289 1.2281289 1.2281289 1.2281289 1.2475812 0.9641449 0.9641449 1.1114796 1.1114796 1.1114796 1.1036773 1.0734872 2.6926371 2.6926371 4.0482099 2.0603503 0.9812821 3.7692901 1.1453794 
Acagra_model.g29179.t1                                0.7538606 0.5585635 0.6895132 0.6872250 0.5231708 0.5631939 0.7915813 0.7577744 0.6057645 0.5979174 0.4140794 0.6874950 0.6813570 0.6562966 0.6420290 0.6922276 0.5450890 0.0000000 0.9843825 0.8559327 0.7100152 0.8017903 0.7843741 0.8294990 0.7926405 0.6106881 0.5996501 0.6608274 0.6608274 0.6252623 0.5862308 0.8042814 0.7667455 0.8233260 0.7833391 0.7304099 0.7588864 0.8349665 0.5723059 0.6989977 0.7448502 0.6861080 0.8708713 0.7099326 1.0656849 0.9318396 0.9074754 0.9911657 0.8525267 0.9352956 1.0720896 0.8711126 0.9964465 0.7229261 0.9416095 1.1463856 0.8145301 0.6641385 1.2688721 1.3290265 0.7882342 0.6447196 0.6919240 1.3859372 1.3966396 1.4887379 1.3902282 1.4393659 1.4088992 1.3807188 1.3807188 1.2217639 1.3626835 1.3998769 1.3998769 1.5507749 1.5133853 1.5133853 1.6329313 1.3507009 1.4110079 1.2159010 1.5031566 1.4834339 1.4357290 1.4031470 1.4692591 1.3570093 1.3570093 1.3584301 1.3480477 1.3584301 1.3480477 1.6318125 1.3090378 1.4306606 1.3702753 1.3682718 1.4701221 1.4714644 1.2732969 1.7917047 1.9219994 2.9369693 2.3918891 1.0791964 3.8501386 1.1704736 
Amil_Amillepora14115-RA                               1.0760479 0.8956762 1.0843334 0.9987782 0.8222339 0.9271644 1.0991794 0.7943884 0.9138328 0.8412049 0.4342466 0.4210603 0.4602576 0.4022774 0.4340552 0.3354202 0.6338049 0.9843825 0.0000000 0.1241955 0.1937730 0.6128288 0.9111838 1.0025906 0.9836336 0.8471523 0.8364434 0.8667586 0.8667586 0.9023086 0.9023086 1.0229371 0.9964916 1.1139188 1.0202638 1.0336155 1.1436889 1.2831452 1.0547275 1.0020674 0.8392136 0.8691157 1.2248931 0.7528452 1.0825379 1.1697356 0.9433589 1.5904847 0.9601370 1.2104127 0.6911958 1.0859828 1.2145433 0.8885455 0.8985101 1.5079000 1.2719236 1.2656566 1.9816560 0.8434868 1.2571086 1.1173378 1.2307917 1.2412853 1.3087756 1.4338957 1.3357243 1.6432686 1.4566441 1.6412668 1.6412668 1.0267933 2.5395037 1.7638903 1.7638903 2.5426438 1.2964313 1.2964313 1.4806061 1.2227295 1.4138889 1.5929868 1.6794534 1.9163356 1.5520888 1.5033630 1.6191545 1.1457474 1.1457474 1.4557063 1.7306474 1.4557063 1.7306474 2.4405949 1.4239479 1.7947257 1.3522506 1.3517134 1.6606561 1.6473338 1.2027696 1.9857964 1.9857964 3.9894126 2.5537046 1.3147688 4.2785781 1.4281147 
Adig_XM_015912000.1                                   0.9852452 0.5871494 0.9127326 0.8352350 0.5935393 0.8306392 0.7962405 0.7472393 0.7918023 0.7076815 0.4291930 0.3098545 0.3245632 0.2984951 0.4606172 0.2161384 0.5669223 0.8559327 0.1241955 0.0000000 0.0137610 0.4983490 0.9544158 0.8435680 0.8344223 0.7554205 0.7587267 0.7830036 0.7830036 0.7894592 0.7922131 0.8959247 0.8707828 0.9509848 0.8421557 0.8452621 0.9046335 1.0090634 0.9112656 0.8353120 0.9538580 0.9418459 1.0566213 1.0759563 1.0571635 0.9658954 1.0393455 0.8819210 0.8266239 1.0197236 0.6911958 1.0859828 1.2526409 0.8885455 1.0001149 1.3026298 1.1131634 1.0010261 1.5472304 0.7391557 1.1874423 0.7179201 0.8504028 1.3902377 1.4146685 1.5390615 1.4365614 1.5811371 1.5330702 1.5174610 1.5174610 1.2590311 2.0059315 1.6568209 1.6568209 2.2891681 1.4282706 1.4282706 1.4806061 1.4394686 1.5166984 1.7779428 1.5599129 1.4850952 1.4887017 1.4209612 1.4640761 1.1858473 1.1858473 1.5629389 1.6336445 1.5629389 1.6336445 2.0800164 1.6269339 1.7085942 1.5199714 1.5191812 1.6203570 1.6121580 1.1333655 1.6153145 1.6061755 4.0479953 2.8151236 1.3144238 4.4406348 1.4281147 
Adig_XM_015911322.1                                   0.9463653 0.5871494 0.8453405 0.7092976 0.5935393 0.6671913 0.6620873 0.6634981 0.6261112 0.6291576 0.3249878 0.2563574 0.2248633 0.2222724 0.4008979 0.1582922 0.2892585 0.7100152 0.1937730 0.0137610 0.0000000 0.4555788 0.7042932 0.7481036 0.6821133 0.6021566 0.6122798 0.6637289 0.6637289 0.6768151 0.6356015 0.7392883 0.7426610 0.8525794 0.8224393 0.7835977 0.8418243 0.8449206 0.7495748 0.7592179 0.5737075 0.6331025 0.9519740 0.5534641 0.9865716 0.8647716 0.7158132 1.0146740 0.7419981 0.9466002 0.2773475 0.7491933 1.3382670 0.0000010 0.9795303 1.2566257 0.9373205 0.8303409 1.0043652 0.6107750 1.0834640 0.7595371 0.7451871 1.0257394 1.1755168 1.2836030 1.2386597 1.5328798 1.3901437 1.4259801 1.4259801 0.8405620 1.8192069 1.4079691 1.4079691 1.9883651 0.5005609 0.5005609 0.6748166 0.7451629 1.3128497 1.4693840 1.4785745 1.5226188 1.2699690 1.1861876 1.3236070 0.8677303 0.8677303 1.3188874 1.4881730 1.3188874 1.4881730 1.7826832 1.3107782 1.5639556 1.3107782 1.3102207 1.5779016 1.5705877 0.7717073 1.5702002 1.6900152 3.0411362 3.0411362 0.7862748 4.4092177 0.0000010 
Exapal_XM_021050094.2                                 1.0268255 0.7152001 0.9812573 0.8440745 0.6808444 0.8120405 0.9229463 0.6676680 0.7789585 0.7578389 0.4715207 0.4219667 0.3821703 0.4098573 0.4617830 0.4096109 0.7652905 0.8017903 0.6128288 0.4983490 0.4555788 0.0000000 0.7669925 0.8616236 0.8992862 0.6965908 0.6920514 0.7228742 0.7228742 0.7363656 0.6883567 0.8814555 0.8522665 0.9157190 0.8347451 0.8669408 0.8556459 0.9958790 0.8610463 0.8551244 0.7992887 0.7366122 0.9768104 0.8595183 1.0840225 0.9093247 0.8132300 1.0844714 0.8372507 0.9234006 0.4544033 0.9879267 1.1611052 0.9535936 1.0411863 1.1558693 1.0604194 0.8318481 1.3710515 0.9670094 1.2232970 1.0430420 0.7282504 1.3014383 1.3250862 1.4741765 1.3261153 1.5402071 1.4082409 1.4370201 1.4370201 1.1155671 1.6627594 1.5673731 1.5673731 1.8793791 1.5277333 1.5277333 1.5476943 1.3846465 1.5108725 1.4505606 1.5233531 1.9041584 1.5866967 1.4691204 1.5439838 1.3130171 1.3130171 1.3980202 1.5246964 1.3980202 1.5246964 1.8169304 1.2458400 1.5257855 1.3169569 1.3232805 1.5498011 1.5447384 1.2387582 2.0491234 2.2124391 3.1726384 2.5901984 1.1490003 3.8967841 1.2116088 
Aque_Aqu2.1.38431_001                                 0.7475823 0.5280265 0.6957030 0.6345143 0.3554012 0.7323879 0.7163138 0.7591368 0.7964468 0.7341846 0.4896159 0.7537490 0.7605382 0.7042526 0.7097849 0.7292132 0.4613988 0.7843741 0.9111838 0.9544158 0.7042932 0.7669925 0.0000000 0.3726756 0.8295351 0.7651928 0.7383054 0.7258863 0.7258863 0.7642471 0.7642471 0.8986825 0.9039889 0.9327079 0.8385590 0.8461121 0.8429605 0.9956756 0.8177823 0.7902948 0.7901725 0.7262040 0.8711804 0.5853993 0.8868221 0.8771985 0.8371463 1.0320287 0.7885285 0.9556439 1.0363275 0.9507560 0.8692612 1.0889176 0.9749924 1.0035087 1.0687524 1.1099553 1.6447155 1.7357488 0.9945579 0.4335362 0.2308867 1.5352321 1.5747112 1.6824242 1.5651711 1.6430473 1.6345720 1.4579027 1.4579027 1.3242757 1.7614325 1.5495772 1.5495772 1.7841430 1.6362480 1.6362480 1.7010335 1.4526560 1.6023795 1.5915274 1.5123422 1.5759798 1.7249456 1.6573853 1.6967050 1.6555273 1.6555273 1.6036595 1.6036595 1.6036595 1.6036595 1.7901948 1.5115707 1.5091453 1.5140268 1.5222316 1.5332140 1.5141241 1.4199084 2.2220364 2.2220364 3.7863949 2.7864357 1.2354701 4.5797445 1.8833704 
Halamb_c52606_g1_i1m.33508                            0.8734594 0.5303306 0.7883794 0.6846924 0.4347563 0.7964232 0.6751513 0.7814179 0.7838156 0.8129723 0.3954652 0.7686058 0.8264248 0.7440645 0.7606960 0.7377167 0.4904704 0.8294990 1.0025906 0.8435680 0.7481036 0.8616236 0.3726756 0.0000000 0.9398074 0.8304889 0.8278627 0.8762552 0.8762552 0.8937715 0.8182839 0.9334829 0.9287779 1.0014046 0.9977715 0.9492426 1.0230953 1.1739860 0.8805510 0.9710192 0.7259626 0.7768396 0.9878302 0.6578008 1.1699371 1.0303146 0.9270349 1.2356732 0.9116954 1.0223668 1.0933905 1.0634617 1.1920401 1.0299690 1.0070261 1.2640574 1.0908279 0.9627223 1.5452475 1.5718284 1.1426184 0.8376839 0.4590828 1.3208903 1.3888890 1.4703752 1.4017506 1.7158973 1.5488855 1.5199727 1.5199727 1.1850441 1.6161602 1.5251515 1.5251515 1.7853001 1.4413719 1.4413719 1.5310434 1.3484590 1.5090693 1.6113738 1.5953474 1.9288554 1.6406058 1.5520491 1.5906205 1.4630957 1.4630957 1.5329077 1.5682755 1.5329077 1.5682755 1.9663524 1.5221243 1.6625826 1.4672682 1.4752834 1.6254748 1.6287297 1.2264721 1.9886520 2.1602094 3.6445298 2.3995895 1.1955756 3.8075101 1.7800765 
Sanmal_Sma_025268-T1                                  0.9742191 0.5123667 0.9044314 0.8591220 0.4184629 0.8058979 0.7861991 0.9277868 0.7415466 0.7907750 0.6824731 0.7604842 0.7580464 0.8125362 0.8147199 0.7815118 0.8103581 0.7926405 0.9836336 0.8344223 0.6821133 0.8992862 0.8295351 0.9398074 0.0000000 0.6559284 0.6503874 0.7081792 0.7081792 0.7124952 0.6743076 0.5457177 0.5483666 0.4304176 0.7910631 0.7574573 0.8097991 0.9171734 0.7730050 0.8893574 0.9477399 0.8550884 1.0276027 0.6918378 1.2223531 1.0004144 1.0104558 1.0064722 0.9837480 0.9937592 1.3182801 0.7560669 1.1553957 1.3462940 0.8320148 0.9809468 0.8902686 0.6594725 1.0702262 1.3110586 0.9830553 0.7759462 0.8829319 1.5527498 1.5444491 1.7269360 1.5104740 1.7568676 1.5716069 1.6025480 1.6025480 1.3358485 1.5806924 1.5883403 1.5883403 1.7792834 1.6464138 1.6464138 1.7161341 1.5332985 1.5905013 1.5223555 1.6512762 1.6926686 1.7092995 1.6235262 1.7430439 1.5932160 1.5932160 1.5289179 1.5986170 1.5289179 1.5986170 1.9519719 1.5681196 1.7116221 1.5897698 1.5963402 1.7243166 1.7073176 1.5111972 1.6680984 1.8296438 3.7963195 2.6946532 1.1736004 3.9068188 1.8848743 
HoiH23_PlH23_000711-RA                                0.8201057 0.6159276 0.7376039 0.6708162 0.6455927 0.6855615 0.7723498 0.6694482 0.7459260 0.5823173 0.4354026 0.5938371 0.6158450 0.5815521 0.5731856 0.6037928 0.5155729 0.6106881 0.8471523 0.7554205 0.6021566 0.6965908 0.7651928 0.8304889 0.6559284 0.0000000 0.0272225 0.0613782 0.0613782 0.1153686 0.1153686 0.7692041 0.7487374 0.7317790 0.7069786 0.6899423 0.6923473 0.8057468 0.6788627 0.7038383 0.7043029 0.6040185 0.7688272 0.6499349 0.9083153 0.7746928 0.7658866 0.8067891 0.8273566 0.8395757 0.9012360 0.8004971 0.8897812 0.8756823 0.8613148 1.0896492 0.9509272 0.7711703 1.0885988 1.2323684 1.0197030 0.6912550 0.7535497 1.2284369 1.2698010 1.3530821 1.2939743 1.4219219 1.3993495 1.3098449 1.3098449 1.0725063 1.5958730 1.4071841 1.4071841 1.7860318 1.1875762 1.1875762 1.1945259 1.2041840 1.4338729 1.3533891 1.4743520 1.5989764 1.3837665 1.3157308 1.3865591 1.2208537 1.2208537 1.2707751 1.3340157 1.2707751 1.3340157 1.8531148 1.3846433 1.5957905 1.4281568 1.4412556 1.6204658 1.5994675 1.3711634 2.1019443 2.0581812 3.1837515 2.3187190 1.2896144 3.8051503 0.8656042 
HoiH06_mRNA11965                                      0.8099343 0.6159276 0.7015480 0.6549790 0.6455927 0.6575278 0.7604251 0.6603837 0.7030184 0.5904214 0.4396988 0.6012385 0.6241158 0.5966245 0.5687013 0.6036341 0.4824763 0.5996501 0.8364434 0.7587267 0.6122798 0.6920514 0.7383054 0.8278627 0.6503874 0.0272225 0.0000000 0.0591322 0.0591322 0.1147039 0.1147039 0.7561135 0.7230480 0.6989859 0.6959599 0.6812063 0.6919212 0.7711859 0.6716464 0.6889676 0.6265419 0.5696157 0.7457741 0.6407353 0.8720412 0.7540627 0.7305010 0.8102437 0.8096177 0.8508449 0.8580425 0.7488015 0.8650855 0.8232367 0.7670009 1.0984849 0.9427233 0.8140052 1.0625322 1.2606836 1.0197030 0.7021078 0.7418803 1.2178006 1.2625934 1.3472234 1.2880903 1.4059021 1.3857937 1.2835517 1.2835517 1.0940852 1.6259888 1.3755985 1.3755985 1.7077764 1.1888578 1.1888578 1.1964304 1.2056995 1.4378900 1.3750284 1.4531269 1.5831390 1.3418508 1.2665656 1.3712667 1.1680954 1.1680954 1.2765647 1.3487593 1.2765647 1.3487593 1.8387174 1.3595780 1.5529257 1.4132350 1.4266255 1.5923330 1.5845186 1.3211825 1.9525635 1.9525635 3.1373930 2.2540272 1.1982776 3.8113809 0.7238900 
Hhon_g05304.t1                                        0.8867722 0.6384921 0.8050165 0.7168084 0.6167587 0.6817879 0.7494027 0.6611111 0.7247472 0.5988460 0.4408492 0.6510634 0.6433076 0.6256643 0.5942544 0.6725758 0.4812402 0.6608274 0.8667586 0.7830036 0.6637289 0.7228742 0.7258863 0.8762552 0.7081792 0.0613782 0.0591322 0.0000000 0.0000010 0.1178481 0.1005298 0.8123819 0.8017234 0.7842600 0.7727987 0.7525189 0.7504182 0.8595844 0.6839306 0.7776480 0.6516336 0.6152470 0.8182098 0.6428482 0.9772356 0.8686836 0.7605558 1.0491658 0.8747551 0.8913556 0.8710900 0.8399659 0.9437041 0.8134698 0.8558334 1.1472048 0.9217732 0.7880146 1.1871363 1.3032532 0.9824631 0.8208648 0.8574714 1.3232615 1.3515053 1.4502473 1.3541539 1.5488116 1.4331819 1.4686029 1.4686029 1.1495582 1.6019672 1.4644253 1.4644253 1.7955980 1.2873317 1.2873317 1.3196298 1.2876725 1.4644676 1.4222990 1.5967709 1.8219839 1.4880874 1.4013722 1.5103481 1.3060636 1.3060636 1.3148513 1.3806802 1.3148513 1.3806802 1.9713479 1.4121348 1.6893510 1.4799106 1.4934711 1.7315439 1.7043932 1.3941813 2.1606610 2.3366677 3.2386647 2.3734554 1.1858708 3.7813220 0.8193671 
HoiH04_mRNA9935                                       0.8867722 0.6384921 0.8050165 0.7168084 0.6167587 0.6817879 0.7494027 0.6611111 0.7247472 0.5988460 0.4408492 0.6510634 0.6433076 0.6256643 0.5942544 0.6725758 0.4812402 0.6608274 0.8667586 0.7830036 0.6637289 0.7228742 0.7258863 0.8762552 0.7081792 0.0613782 0.0591322 0.0000010 0.0000000 0.1178481 0.1005298 0.8123819 0.8017234 0.7842600 0.7727987 0.7525189 0.7504182 0.8595844 0.6839306 0.7776480 0.6516336 0.6152470 0.8182098 0.6428482 0.9772356 0.8686836 0.7605558 1.0491658 0.8747551 0.8913556 0.8710900 0.8399659 0.9437041 0.8134698 0.8558334 1.1472048 0.9217732 0.7880146 1.1871363 1.3032532 0.9824631 0.8208648 0.8574714 1.3232615 1.3515053 1.4502473 1.3541539 1.5488116 1.4331819 1.4686029 1.4686029 1.1495582 1.6019672 1.4644253 1.4644253 1.7955980 1.2873317 1.2873317 1.3196298 1.2876725 1.4644676 1.4222990 1.5967709 1.8219839 1.4880874 1.4013722 1.5103481 1.3060636 1.3060636 1.3148513 1.3806802 1.3148513 1.3806802 1.9713479 1.4121348 1.6893510 1.4799106 1.4934711 1.7315439 1.7043932 1.3941813 2.1606610 2.3366677 3.2386647 2.3734554 1.1858708 3.7813220 0.8193671 
TrH2_TrispH2_005629-RA                                0.8894903 0.6147717 0.7944155 0.7025989 0.6191158 0.6643815 0.6917422 0.6524809 0.6976679 0.6373804 0.4400589 0.6552093 0.6649522 0.6391279 0.6183271 0.6779147 0.5619870 0.6252623 0.9023086 0.7894592 0.6768151 0.7363656 0.7642471 0.8937715 0.7124952 0.1153686 0.1147039 0.1178481 0.1178481 0.0000000 0.0000010 0.8005654 0.7869384 0.8043984 0.8245004 0.7921019 0.7988214 0.8768455 0.7134164 0.8226808 0.6148639 0.6508970 0.8377886 0.6994639 0.9848666 0.9101292 0.8089582 1.0826237 0.8753424 0.8965731 1.0842637 0.8809387 0.9565099 0.8326018 0.9788185 1.2190562 0.9044657 0.7583964 1.2708043 1.3778589 0.9370623 0.7996465 0.8454441 1.2746074 1.3123020 1.4005671 1.3358787 1.5994969 1.4508141 1.4335154 1.4335154 1.1100809 1.5119464 1.4333667 1.4333667 1.7227625 1.3436777 1.3436777 1.4174772 1.2686614 1.4557734 1.3296037 1.6570955 1.6628406 1.4410124 1.3635980 1.5292364 1.3540838 1.3540838 1.3415146 1.4079247 1.3415146 1.4079247 1.8702030 1.3654511 1.6464466 1.4564722 1.4698615 1.7076633 1.6784043 1.4515130 2.2297346 2.2991618 3.1148264 2.3607806 1.1601642 3.8049608 1.0200506 
Tadh_TriadT63204                                      0.7810069 0.6147717 0.7031544 0.6393437 0.6191158 0.6282045 0.6917422 0.6524809 0.6976679 0.5853706 0.4400589 0.6252474 0.6675234 0.5983143 0.6183271 0.6260258 0.5619870 0.5862308 0.9023086 0.7922131 0.6356015 0.6883567 0.7642471 0.8182839 0.6743076 0.1153686 0.1147039 0.1005298 0.1005298 0.0000010 0.0000000 0.7491031 0.7296392 0.7496758 0.7487964 0.7246682 0.7268618 0.8020841 0.7134164 0.7301771 0.6148639 0.6508970 0.7473904 0.6994639 0.9358912 0.8031703 0.8089582 0.8136605 0.8156535 0.8472204 1.0842637 0.8809387 0.8685572 0.8326018 0.9788185 1.1417379 0.8985654 0.7583964 1.1617342 1.3076516 0.9370623 0.6232691 0.7335739 1.2746074 1.3123020 1.4005671 1.3358787 1.4611201 1.4508141 1.3236672 1.3236672 1.1100809 1.5119464 1.4333667 1.4333667 1.7227625 1.3436777 1.3436777 1.4174772 1.2686614 1.4557734 1.3296037 1.5377587 1.4986927 1.3754623 1.3073332 1.4214647 1.3540838 1.3540838 1.3131958 1.3547519 1.3131958 1.3547519 1.7684364 1.3654511 1.5642850 1.4564722 1.4698615 1.6317514 1.6228255 1.4515130 2.0216430 1.9803647 3.1148264 2.3607806 1.1601642 3.8049608 1.0200506 
Nemnom_g15928.t1                                      1.0443177 0.7029672 0.9767889 0.9480436 0.5164128 0.8733608 0.9593644 0.9700972 0.6610550 0.7806531 0.5473734 0.8638140 0.8470709 0.8235842 0.8719990 0.8448723 0.8523930 0.8042814 1.0229371 0.8959247 0.7392883 0.8814555 0.8986825 0.9334829 0.5457177 0.7692041 0.7561135 0.8123819 0.8123819 0.8005654 0.7491031 0.0000000 0.1953267 0.4521741 0.8652762 0.8579773 0.8742560 0.9480952 0.7674810 0.8380151 1.0260217 0.8788198 0.9332759 0.7487187 1.3485359 1.0026202 0.9284394 1.1424656 0.9965827 1.0185807 1.0644484 0.7553510 1.1251773 0.9712149 0.8339491 0.9469646 0.9068323 0.6844981 1.2642821 1.5804728 1.1566625 0.9167272 0.8522463 1.4973329 1.4948190 1.6419756 1.4901713 1.7076097 1.5774176 1.6130545 1.6130545 1.3236116 1.6517540 1.5541021 1.5541021 1.8334157 1.5080786 1.5080786 1.5950787 1.4134151 1.6285578 1.6008340 1.6967605 1.7650963 1.6401434 1.5689458 1.6303713 1.5335985 1.5335985 1.4594761 1.5586398 1.4594761 1.5586398 2.0214546 1.5726777 1.8121924 1.5615583 1.5724305 1.7867620 1.7754457 1.4167622 2.0824244 2.1443605 3.8102484 2.6471986 1.1090820 4.2197728 1.4429641 
Rhoesc_Res_010743-T1                                  0.9383647 0.6532800 0.8806556 0.9029372 0.5010642 0.8489611 0.9526375 0.9064486 0.7007627 0.7705131 0.5525942 0.8579639 0.7845127 0.8170285 0.8156485 0.8218946 0.7899631 0.7667455 0.9964916 0.8707828 0.7426610 0.8522665 0.9039889 0.9287779 0.5483666 0.7487374 0.7230480 0.8017234 0.8017234 0.7869384 0.7296392 0.1953267 0.0000000 0.3951000 0.8443858 0.8500287 0.8795533 0.9875112 0.7749710 0.8568288 1.0004810 0.8284821 0.9390231 0.7651069 1.3018528 1.0620327 1.0242303 1.1388167 1.0369515 1.0265468 1.0763600 0.6912974 1.0801212 1.0454810 0.8500079 0.9316777 0.9375598 0.6758609 1.2455651 1.5254878 1.0956248 0.9627906 0.8749356 1.4735911 1.4596641 1.6346456 1.4914301 1.6930800 1.5460673 1.5438443 1.5438443 1.2533871 1.6515769 1.5378579 1.5378579 1.8112182 1.4604816 1.4604816 1.5447278 1.4212173 1.6569224 1.5040781 1.6422886 1.7591740 1.5396384 1.4791165 1.5101285 1.4974543 1.4974543 1.4497874 1.5269552 1.4497874 1.5269552 1.9215412 1.5135738 1.7343729 1.4877115 1.4983004 1.6981368 1.6886877 1.4324309 1.9612603 2.0815727 3.7809752 2.6104983 1.1405538 3.9254460 1.2948728 
Aaur_scaffold442.g4.t1                                0.9916402 0.6741335 0.9669266 0.9495779 0.6641543 0.8306854 0.9666224 0.9748976 0.7166240 0.7372395 0.6526557 0.8761224 0.8633113 0.8727452 0.8816482 0.9206473 0.7868095 0.8233260 1.1139188 0.9509848 0.8525794 0.9157190 0.9327079 1.0014046 0.4304176 0.7317790 0.6989859 0.7842600 0.7842600 0.8043984 0.7496758 0.4521741 0.3951000 0.0000000 0.8884031 0.8743318 0.8912596 1.0089788 0.8692447 0.9381828 1.0545726 0.8006554 1.0546950 0.8486828 1.4745720 1.0929644 1.0106723 1.2370930 0.9992318 1.0338245 1.0743178 0.6166532 1.2194978 0.9769190 0.8371875 0.9550089 0.9524863 0.5882330 1.3148368 1.5660381 1.1348720 1.0598338 0.9278278 1.4634314 1.4585219 1.6663953 1.5579174 1.7620598 1.7004347 1.7355851 1.7355851 1.3749015 1.7932351 1.6774862 1.6774862 1.9946746 1.5462966 1.5462966 1.4700223 1.5024484 1.7600463 1.7715109 1.6754641 1.9242637 1.7854173 1.7096236 1.7091829 1.5319975 1.5319975 1.6430247 1.7024223 1.6430247 1.7024223 1.9558874 1.5292093 1.7294173 1.4818423 1.4959429 1.6816623 1.6524566 1.3567991 1.9782651 2.1103746 3.8619716 2.6626463 1.2826123 4.0256964 1.1582465 
Lcom_lcpid75518                                       0.8866299 0.6196435 0.8343572 0.8292347 0.5000950 0.8350956 0.8590360 0.8207134 0.8218051 0.8019466 0.4085152 0.7201008 0.7467047 0.7562389 0.7352595 0.7263093 0.6964559 0.7833391 1.0202638 0.8421557 0.8224393 0.8347451 0.8385590 0.9977715 0.7910631 0.7069786 0.6959599 0.7727987 0.7727987 0.8245004 0.7487964 0.8652762 0.8443858 0.8884031 0.0000000 0.1999170 0.2135642 0.2494437 0.8039739 0.8892158 0.8264837 0.7382325 0.9901310 0.7396448 1.2334531 1.0165558 0.8627884 1.2836645 0.9478512 0.6896059 0.8809666 0.9577765 1.0609265 0.7116216 0.7955156 1.0866489 0.9858683 0.9498963 1.4093078 1.4585900 1.0328684 0.8313238 0.9214203 1.3522091 1.3885453 1.4937477 1.3775003 1.5624054 1.4061494 1.5418007 1.5418007 1.2195362 1.5477311 1.4820346 1.4820346 1.6824366 1.4861779 1.4861779 1.5393143 1.3763608 1.4470569 1.3236744 1.5081994 1.8064235 1.6432955 1.6147158 1.5749262 1.3500569 1.3500569 1.4577188 1.5157534 1.4577188 1.5157534 1.9075573 1.4195625 1.6335529 1.4114514 1.4180223 1.5844043 1.5545010 1.2229016 1.8895846 1.9837709 3.4760868 2.5850641 1.2394095 4.0385309 1.2931237 
