100
Clacor_Ccor_C537083_01                                  0.0000000 0.6029241 0.6029241 1.1549573 1.2511202 1.2429946 2.3626452 2.3402956 2.1899276 2.1995883 2.2354728 1.6645333 2.2552210 2.9666698 2.8979893 2.2609500 2.2821060 3.0672323 3.0976439 2.2967030 2.0974786 2.3598071 1.2752458 2.3853767 2.3621475 2.1306515 2.6590297 2.0912471 2.1006435 2.1427487 2.1577868 1.3670228 2.1185857 1.9213852 2.3176014 2.0188514 1.6986792 2.1767107 2.3753685 2.3337112 2.3337112 2.2227742 2.1693142 2.1350308 2.5173224 2.1413742 2.5197696 2.6918660 2.6918660 2.0534899 2.9218839 2.9218839 2.7615851 2.7615851 2.8012714 1.9334304 1.9334304 2.1459978 2.1459978 2.8710598 2.6877580 2.3210114 2.7142859 2.4545743 2.9481059 3.1643729 1.8866617 2.9262215 2.1699211 2.3428085 2.3428085 2.1789642 2.7249221 2.3052587 3.2540194 2.8557812 2.7166575 2.6073243 2.4266812 2.6928666 1.6413188 2.2616848 3.0886294 3.2926753 3.1636536 3.6157584 2.2910886 2.2742105 3.2958154 2.3587405 2.9358660 2.4302332 1.8865018 4.1395856 2.9876528 2.3533862 4.0366026 2.7725768 4.8998082 4.8237206 
Gracom_Gcom_scaffold719_01                              0.6029241 0.0000000 0.0000010 0.1919839 0.2570861 0.2932259 0.9129507 0.8693621 0.8487255 0.9446267 0.8562142 0.8474857 0.8996601 0.0000010 6.5921239 0.8949356 0.9522570 1.0464987 1.0464987 0.9486219 0.9885246 0.9885246 0.9876569 1.0292791 1.0046942 0.9482464 0.7858905 0.9316253 0.9316253 0.8964940 0.8587290 0.9650185 0.9650185 1.0222883 1.2576576 1.2576576 1.3011810 1.1930741 1.2252632 1.3035075 1.3035075 1.3571429 1.2612285 1.1654971 1.2406163 1.2573629 1.3276740 1.3338649 1.3338649 1.2125848 1.7415738 1.7415738 1.5217874 1.5217874 1.5217874 1.6452422 1.6452422 1.6452422 1.6452422 1.7621366 1.6700413 1.6700413 1.6700413 1.6700413 1.8445752 1.8069041 1.3597860 1.8131593 1.3897519 1.3643756 1.3643756 1.2621353 1.5092920 1.4648329 1.5770598 1.3462164 1.2632957 1.2158837 1.2877055 1.3966799 1.7513300 1.5620173 1.5199057 1.6073999 1.8512024 1.7329119 1.5640676 1.7858893 2.0288791 1.1833185 1.2672102 1.3088572 1.5909209 0.9503732 2.1895214 2.3940569 1.8582498 2.2569969 0.0000010 4.3833848 
Gracom_Gcom_scaffold720_01                              0.6029241 0.0000010 0.0000000 0.1919839 0.2570861 0.2932259 0.9129507 0.8693621 0.8487255 0.9446267 0.8562142 0.8474857 0.8996601 0.0000010 6.5921239 0.8949356 0.9522570 1.0464987 1.0464987 0.9486219 0.9885246 0.9885246 0.9876569 1.0292791 1.0046942 0.9482464 0.7858905 0.9316253 0.9316253 0.8964940 0.8587290 0.9650185 0.9650185 1.0222883 1.2576576 1.2576576 1.3011810 1.1930741 1.2252632 1.3035075 1.3035075 1.3571429 1.2612285 1.1654971 1.2406163 1.2573629 1.3276740 1.3338649 1.3338649 1.2125848 1.7415738 1.7415738 1.5217874 1.5217874 1.5217874 1.6452422 1.6452422 1.6452422 1.6452422 1.7621366 1.6700413 1.6700413 1.6700413 1.6700413 1.8445752 1.8069041 1.3597860 1.8131593 1.3897519 1.3643756 1.3643756 1.2621353 1.5092920 1.4648329 1.5770598 1.3462164 1.2632957 1.2158837 1.2877055 1.3966799 1.7513300 1.5620173 1.5199057 1.6073999 1.8512024 1.7329119 1.5640676 1.7858893 2.0288791 1.1833185 1.2672102 1.3088572 1.5909209 0.9503732 2.1895214 2.3940569 1.8582498 2.2569969 0.0000010 4.3833848 
Scil_scict010434.1                                      1.1549573 0.1919839 0.1919839 0.0000000 0.4713319 0.4334472 2.3167420 2.2586897 2.3096358 2.3206620 2.0799300 1.4125565 2.3755966 3.7278187 3.4205308 2.3094156 2.3041617 2.6599713 2.7205402 2.3399501 1.9826692 2.3991582 1.3321583 2.3305560 2.4294380 2.0167974 2.5611767 2.0422708 2.0386839 1.9717044 2.0071446 1.4389904 1.9828262 1.8065978 2.5648337 2.1454256 1.7164514 2.2889124 2.2008675 2.5783816 2.5783816 2.5941034 2.5495740 2.0781178 2.4548227 2.0882558 2.3833495 2.3743465 2.3743465 1.9457543 2.8575622 2.8575622 2.7870650 2.7870650 2.8654761 1.8407609 1.8407609 2.0220871 2.0220871 2.8675015 2.6605528 2.3153803 2.6065765 2.5005210 2.3801192 3.1195471 1.6421982 2.8172917 2.2566501 2.3170569 2.3170569 2.0840815 2.3870640 2.3385827 2.6229196 2.3482277 2.1473999 2.0451220 2.1972780 2.3270697 1.7971333 2.1600609 2.6911051 2.8966278 3.0498045 3.7194134 2.4128654 2.3625352 3.3095042 2.1513599 2.6229200 2.3792477 1.9169926 3.6796254 3.3285787 2.8111197 4.4518820 2.3533004 5.5884749 5.6524680 
Lcom_lcpid64137                                         1.2511202 0.2570861 0.2570861 0.4713319 0.0000000 0.4143452 2.1994167 2.1698823 2.2046709 2.2024804 2.0871524 1.4518835 2.2724379 3.4222942 2.8919011 2.2044431 2.2220616 2.5653578 2.6339657 2.3410280 1.9171660 2.3897645 1.3614038 2.3025077 2.3722728 1.9416154 2.5799218 1.9047731 1.9069133 1.8562692 1.8757474 1.3337791 1.8400712 1.7824839 2.3331616 1.8763968 1.6925244 2.1510525 2.0678106 2.3874279 2.3874279 2.4596876 2.3777553 2.1208780 2.1973467 1.9626274 2.3125669 2.4415494 2.4415494 2.1244371 2.2493870 2.2493870 2.5845609 2.5845609 2.6700887 1.9164149 1.9164149 2.1157773 2.1157773 2.7471361 2.2697870 2.1119279 2.2542778 2.1677339 2.2685322 2.8943930 1.5189549 2.3482044 2.0517906 2.1650497 2.1650497 2.2862348 2.1610894 2.3277106 2.5668304 2.5963394 2.4961873 2.2387294 2.3389268 2.2265673 1.8190710 2.1148172 2.9283962 2.7863789 3.0922259 3.2869232 2.3106752 2.2982599 2.9735928 2.0942883 2.5989845 2.1787995 2.1450751 3.3853506 3.2013969 2.5147352 4.2530833 2.4175823 5.0828777 5.5147713 
Leuniv_Lniv_scaffold18703_01                            1.2429946 0.2932259 0.2932259 0.4334472 0.4143452 0.0000000 2.1025319 2.0514829 2.0828949 2.0660277 1.9817415 1.3488249 2.1327049 3.2780476 2.9773130 2.1068907 2.1218923 2.5677744 2.6353253 2.2567863 1.7665774 2.2102163 1.3978432 2.1682281 2.3430709 1.9747666 2.4478719 2.0773485 2.0960001 2.0510590 2.0417679 1.4043254 2.0438751 1.8877150 2.3305375 1.8832862 1.6156036 2.2672203 2.1416474 2.4877777 2.4877777 2.5928023 2.4831993 2.0778257 2.3481548 2.1575741 2.2799657 2.3336508 2.3336508 2.0334493 2.6443565 2.6443565 2.5923762 2.5923762 2.6756624 1.8146346 1.8146346 1.9915045 1.9915045 2.8156997 2.5932906 2.1669882 2.5419848 2.4776814 2.0446656 2.9449522 1.4274017 2.6668214 2.0978973 2.3065638 2.3065638 2.1421790 2.3483516 2.2086562 2.4482214 2.4398847 2.1663394 1.9357061 2.0087847 2.1573931 1.7778111 1.9763034 2.4701952 2.7807210 2.9385836 3.1571911 2.1908964 2.2016148 2.9808779 2.0025618 2.1453957 2.1792050 1.8305058 3.3529564 2.9478999 2.1822626 4.2262559 2.0419749 6.0911176 5.5215342 
Pocdam_XM_027183775.1                                   2.3626452 0.9129507 0.9129507 2.3167420 2.1994167 2.1025319 0.0000000 0.0557319 0.1291806 0.1785302 0.1540606 0.2698734 0.1854536 0.3243654 0.4478920 0.6187370 0.5739587 0.9171455 0.9307377 0.7233624 0.5152574 0.7013771 0.4459779 0.6962206 0.7782147 0.9692476 0.4758621 1.3265485 1.3242782 1.2783375 1.2892750 0.7482128 1.3178876 1.0779493 1.2774423 1.0619894 0.9652233 1.4185085 1.5001237 1.2383468 1.2383468 1.4747250 1.4667998 1.3792614 1.5097083 1.3086602 1.3730103 1.4753100 1.4753100 1.3094302 2.5329609 2.5329609 2.4858721 2.4858721 2.4098201 1.3216448 1.3216448 1.4259106 1.4259106 2.5406331 2.5994174 2.2614262 2.6175808 2.4068912 2.5452869 2.8164923 1.9064828 2.9524561 2.0498206 2.3877300 2.3877300 2.3916485 2.3414745 1.6586108 2.6805679 2.7439544 2.7120964 2.5848006 2.5376641 2.5207803 1.6499250 1.9699782 3.0974197 2.6618933 2.9082844 3.4784395 1.4635170 1.4424140 1.9758297 1.7037634 2.3106739 1.7055693 1.2818497 0.5573220 3.3258561 2.4682662 2.4299949 0.8288672 4.8085642 3.7004623 
Spis_XP_022787822_1                                     2.3402956 0.8693621 0.8693621 2.2586897 2.1698823 2.0514829 0.0557319 0.0000000 0.1220597 0.1784524 0.1630000 0.2801255 0.2043601 0.3271308 0.4544417 0.6595679 0.6235774 0.9795911 0.9938468 0.7240446 0.5183558 0.7050713 0.4621156 0.6717303 0.7941717 0.9854465 0.5067642 1.3840533 1.3816918 1.3276621 1.3386403 0.8120956 1.3731371 1.1570926 1.2810510 1.0723809 0.9343188 1.4130937 1.4922326 1.2639877 1.2639877 1.5428721 1.4928804 1.3648256 1.4635466 1.3008242 1.3497572 1.4256924 1.4256924 1.3099614 2.4901669 2.4901669 2.4596827 2.4596827 2.4114032 1.3164936 1.3164936 1.4205842 1.4205842 2.4864801 2.6898025 2.2838519 2.6876256 2.4570586 2.4202213 2.8093663 1.8017877 2.9611831 2.1183838 2.4528723 2.4528723 2.3660944 2.3572211 1.5918141 2.5360510 2.6425094 2.6401754 2.4942512 2.4001650 2.4932880 1.5942906 1.9163107 3.0784963 2.6626226 2.8333331 3.4063748 1.4291325 1.4162012 1.9252885 1.6333094 2.2682195 1.6929626 1.3074941 0.5896924 3.4177958 2.4989985 2.4429872 0.8197053 4.9269958 3.6855738 
Fspp_ffun1.m4.8073.m1                                   2.1899276 0.8487255 0.8487255 2.3096358 2.2046709 2.0828949 0.1291806 0.1220597 0.0000000 0.1072614 0.1064200 0.2205289 0.1493375 0.1940397 0.3357123 0.6227390 0.5915431 0.9277522 0.9414200 0.6587736 0.5208824 0.6811980 0.4258996 0.6697710 0.7623916 0.9333931 0.4482594 1.3825850 1.3939957 1.3346759 1.3438252 0.7570746 1.3361694 1.1396884 1.2234418 1.0376780 0.8849905 1.3590590 1.3859110 1.1596705 1.1596705 1.4180320 1.3667605 1.3498394 1.4176067 1.2638626 1.3120198 1.3827704 1.3827704 1.2655883 2.3956742 2.3956742 2.3435632 2.3435632 2.2711406 1.2754213 1.2754213 1.3738456 1.3738456 2.3922066 2.4667980 2.0846725 2.4872736 2.2400756 2.2448549 2.8239119 1.6523350 2.7952332 1.9146968 2.1781336 2.1781336 2.2571375 2.2562682 1.6191356 2.5477578 2.6538684 2.6625237 2.5533270 2.3008173 2.4910739 1.5147491 1.8599438 2.9476367 2.8193602 2.8941533 3.3763291 1.4483339 1.4312848 1.9559260 1.6641911 2.1675687 1.6092669 1.3805136 0.6522715 3.3122917 2.4543763 2.4989302 0.9142970 5.0040040 3.9371275 
Gfas_gfas1.m1.18484.m1                                  2.1995883 0.9446267 0.9446267 2.3206620 2.2024804 2.0660277 0.1785302 0.1784524 0.1072614 0.0000000 0.1663451 0.2468450 0.1189609 0.1705362 0.2940640 0.6228270 0.5828386 0.9020773 0.9155149 0.6391991 0.5161507 0.6515408 0.4465742 0.6539706 0.7392740 0.9578594 0.4691898 1.3776154 1.3889950 1.3267430 1.3376557 0.7407258 1.2880550 1.1115309 1.2242748 1.0758634 0.9390328 1.4291234 1.4245138 1.2179458 1.2179458 1.4486546 1.3692026 1.4066835 1.4482176 1.2724453 1.2667829 1.4638184 1.4638184 1.3217111 2.4428946 2.4428946 2.3100508 2.3100508 2.2360804 1.3131775 1.3131775 1.4122671 1.4122671 2.3430125 2.4442645 2.0823838 2.4650330 2.2199419 2.5077389 2.8167434 1.8869762 2.7219445 1.9777719 2.2470343 2.2470343 2.2747123 2.1864687 1.6798910 2.5546460 2.7223816 2.7107789 2.5739071 2.3754072 2.5993490 1.6731810 2.0278339 3.2013607 2.9311376 3.0057930 3.3426921 1.4671277 1.4410534 1.8664091 1.6806151 2.2206043 1.6801667 1.4432195 0.7899702 3.3249620 2.5286857 2.3511333 0.9389877 4.7808659 3.9300380 
Gasp_gasp1.m3.30846.m1                                  2.2354728 0.8562142 0.8562142 2.0799300 2.0871524 1.9817415 0.1540606 0.1630000 0.1064200 0.1663451 0.0000000 0.1997951 0.2015221 0.3337030 0.3129758 0.6140526 0.6070196 0.9182051 0.9380123 0.6930554 0.5261614 0.6781340 0.4393926 0.6214264 0.7966473 0.8248471 0.4379344 1.2231024 1.2231024 1.1788606 1.1868952 0.7710652 1.1544127 1.0287190 1.1913729 1.0235864 0.8768273 1.2176143 1.3470260 1.1240462 1.1240462 1.3432188 1.2811146 1.1565551 1.3043916 1.0752841 1.2054419 1.1713891 1.1713891 1.1629471 2.3455322 2.3455322 2.2731517 2.2731517 2.1870197 1.2556803 1.2556803 1.3691607 1.3691607 2.3213943 2.3842932 2.1122026 2.4474923 2.1226265 2.0373085 2.5070031 1.5525428 2.5869785 1.9425707 2.0903051 2.0903051 2.0517956 2.0998628 1.6758062 2.2840430 2.4224315 2.3763165 2.4000181 2.3385472 2.3261841 1.5274522 1.8596333 2.9906533 2.6118258 2.7126598 3.4761626 1.3383615 1.3457066 1.8406927 1.5095637 2.1572693 1.5161195 1.4979686 0.4815734 3.2730922 2.5367953 2.4432913 1.0373620 5.1053431 3.9375098 
Nvec_v1g132321                                          1.6645333 0.8474857 0.8474857 1.4125565 1.4518835 1.3488249 0.2698734 0.2801255 0.2205289 0.2468450 0.1997951 0.0000000 0.2675432 0.0000010 0.8997230 0.4563167 0.4360292 0.6894242 0.6894242 0.5603979 0.5891218 0.5602070 0.5463344 0.5148735 0.6054400 0.5975381 0.2985473 0.7951695 0.7951695 0.7567260 0.7674463 0.7245639 0.7245639 0.7988990 0.9303206 0.9303206 0.7810794 0.8639156 0.7885625 0.8050121 0.8050121 0.8853300 0.8170344 0.8316633 1.0768123 0.7931518 0.7641235 0.9159622 0.9159622 0.9359701 1.6442758 1.6442758 1.6207649 1.6207649 1.6207649 1.3508515 1.3508515 1.4730525 1.4730525 1.6576571 1.8081630 1.8081630 1.8081630 1.8081630 2.0392480 1.9378005 1.6361628 1.9309369 1.4603197 1.5268380 1.5268380 1.2802877 1.6003223 1.6740257 1.4223917 1.3367321 1.2335306 1.3717980 1.4134310 1.4695363 1.3993708 1.8683481 1.7252288 1.4255692 1.4591338 2.4665551 1.1217753 1.1302008 1.7194651 1.1108697 1.4610582 1.0852287 1.4886183 0.3953062 2.2428091 2.0361753 1.8677445 1.1208164 5.2577046 3.5749852 
Amil_Amillepora21525-RA                                 2.2552210 0.8996601 0.8996601 2.3755966 2.2724379 2.1327049 0.1854536 0.2043601 0.1493375 0.1189609 0.2015221 0.2675432 0.0000000 0.0133266 0.2979699 0.5687140 0.5020791 0.9234747 0.9392262 0.6694108 0.5219591 0.6907388 0.4544899 0.7174049 0.7585276 0.9036688 0.4561003 1.2515348 1.2634016 1.1954650 1.2024393 0.7824621 1.2575888 0.9794380 1.2144775 1.0136870 0.9268736 1.3087272 1.3863523 1.2283752 1.2283752 1.3142756 1.2895198 1.3112209 1.4741144 1.2215714 1.1507719 1.3381571 1.3381571 1.3273984 2.5579663 2.5579663 2.2389165 2.2389165 2.1656047 1.1712712 1.1712712 1.2626461 1.2626461 2.0851850 2.4367499 1.9370512 2.4371545 2.1793800 2.1827911 2.6373937 1.6809352 2.6898749 1.9085503 2.2989338 2.2989338 2.2534188 2.1685963 1.7209370 2.4967019 2.7846596 2.6244678 2.4132005 2.3681021 2.4556740 1.6729899 1.9817243 3.1012079 2.5812585 2.6917469 3.4075082 1.5314929 1.4962545 2.0401498 1.7021863 2.3812247 1.6827545 1.3408828 0.8289619 3.3443301 2.1777830 2.5510547 0.9186781 5.1670450 3.4722087 
Adig_XM_015897864.1                                     2.9666698 0.0000010 0.0000010 3.7278187 3.4222942 3.2780476 0.3243654 0.3271308 0.1940397 0.1705362 0.3337030 0.0000010 0.0133266 0.0000000 0.1051989 1.0256243 0.8938223 1.2261529 1.2611507 0.9830966 0.8474007 1.1346286 0.0000010 1.1122085 1.2114312 1.6253099 0.6895296 2.7748928 2.8384058 2.7796634 2.7455601 2.3438399 2.8676669 1.8275492 1.6523598 1.3339587 0.0000010 2.0059702 2.4661566 2.0034885 2.0034885 2.3624102 2.5363577 2.1764566 1.8940335 1.9338553 1.9388831 2.2438725 2.2438725 1.7286423 3.3837090 3.3837090 3.8675945 3.8675945 3.8182153 0.0000010 0.0000010 0.0000010 0.0000010 3.4615812 3.4233844 2.9726457 3.3780727 2.9201405 0.0000010 4.0881070 0.0000010 3.9505419 2.8434323 3.8290806 3.8290806 4.5206342 3.5533880 8.0162192 5.4609394 6.3343689 7.7794683 5.4257634 4.0546038 5.1471147 0.0000010 1.8703178 7.3452258 6.7669844 7.7384746 5.2004297 2.0663027 2.0304669 1.9681498 2.8543593 3.1313431 2.4919826 0.0000010 1.5598708 4.7328493 4.1474461 2.4123863 0.0000010 4.7643184 4.2290749 
Adig_XM_015897802.1                                     2.8979893 6.5921239 6.5921239 3.4205308 2.8919011 2.9773130 0.4478920 0.4544417 0.3357123 0.2940640 0.3129758 0.8997230 0.2979699 0.1051989 0.0000000 0.8843474 0.8005573 1.3291289 1.3291289 0.9826876 1.2999757 0.9533098 1.0756384 0.7915146 1.1113214 1.2164399 0.8059746 1.7118352 1.7118352 1.7048306 1.6882088 1.4622721 1.5351834 1.5792995 1.6572239 1.7127346 1.4821335 1.7837203 1.9032384 1.5840856 1.5840856 1.7077045 1.8886382 1.7202638 1.9051759 1.3663272 1.6633550 1.6799194 1.6799194 1.5167891 2.6611248 2.6611248 2.7592999 2.7592999 2.8581356 1.5744433 1.5744433 1.7839301 1.7839301 2.8787187 2.8348155 2.6434070 2.8348155 2.5244702 7.6229286 3.3510437 1.9345371 3.2078580 2.7214746 3.0888225 3.0888225 3.2829884 2.8969906 3.2513424 3.1918499 3.5974173 3.7130741 3.4820959 3.2477236 3.9608843 2.1243962 2.7132610 4.0458422 4.5443664 4.0394505 4.9784658 1.5796668 1.5876182 1.7676712 1.8813271 2.5683029 1.5879637 7.3180866 0.6241338 5.1838581 3.9591168 2.2243643 2.3827061 4.2388193 6.1556399 
Dgig_XM_028550225.1                                     2.2609500 0.8949356 0.8949356 2.3094156 2.2044431 2.1068907 0.6187370 0.6595679 0.6227390 0.6228270 0.6140526 0.4563167 0.5687140 1.0256243 0.8843474 0.0000000 0.2288904 0.9100996 0.9170023 0.7758519 0.6047249 0.7870797 0.4095125 0.8407849 0.8792978 1.0418453 0.7263639 1.2930234 1.3036622 1.2716309 1.2459971 0.8206877 1.2753980 1.0269715 1.4492343 1.1680103 0.8205962 1.4452062 1.4352291 1.3541769 1.3541769 1.5875836 1.4256016 1.3896764 1.5806323 1.2803037 1.4203666 1.6652915 1.6652915 1.2876723 2.7863986 2.7863986 2.5554336 2.5554336 2.5497659 1.2910895 1.2910895 1.3920267 1.3920267 2.4564097 2.6306471 2.1799903 2.6883878 2.3329960 1.5685473 2.5244966 1.5946911 3.0313620 1.9424672 2.2354037 2.2354037 2.3112411 2.3509896 1.7150846 2.5691725 2.6167543 2.5636762 2.4065830 2.5268768 2.4010897 1.5376183 1.9105209 2.9024684 2.7844219 3.1173655 3.2130070 1.5527511 1.5538461 1.9152821 1.5962415 1.9075203 1.7193482 1.2193758 1.3452066 4.1334021 2.5395870 2.0623107 1.2358916 5.3773546 3.3791797 
Xesp_002645-T1                                          2.2821060 0.9522570 0.9522570 2.3041617 2.2220616 2.1218923 0.5739587 0.6235774 0.5915431 0.5828386 0.6070196 0.4360292 0.5020791 0.8938223 0.8005573 0.2288904 0.0000000 0.9576229 0.9434705 0.8859775 0.6429281 0.8883832 0.4601541 0.8326868 0.8839246 1.0264004 0.7501802 1.4083401 1.4199199 1.3372302 1.3195630 0.8936283 1.3796659 1.0594047 1.4688921 1.2249038 0.8913888 1.4841776 1.5028267 1.3859087 1.3859087 1.4697523 1.4996310 1.4083974 1.5853459 1.2867722 1.3270128 1.7497813 1.7497813 1.3462203 2.8226876 2.8226876 2.5529417 2.5529417 2.5656293 1.3667798 1.3667798 1.4754551 1.4754551 2.5424605 2.8344290 2.3655551 2.8676648 2.5071763 1.6861166 2.5198212 1.6537810 2.9964351 2.0975202 2.3685957 2.3685957 2.4460270 2.3624174 1.6457971 2.4305975 2.4696145 2.5531325 2.5306535 2.4400229 2.4454532 1.4918629 1.9230685 2.9683635 2.7656356 2.9543249 3.1745406 1.5613918 1.5480376 2.0304623 1.6595240 2.0871674 1.6815335 1.2465032 1.2881856 4.0688272 2.4856760 2.4925933 1.2088536 5.6287415 3.4975006 
Hvul_g7930_1                                            3.0672323 1.0464987 1.0464987 2.6599713 2.5653578 2.5677744 0.9171455 0.9795911 0.9277522 0.9020773 0.9182051 0.6894242 0.9234747 1.2261529 1.3291289 0.9100996 0.9576229 0.0000000 0.0109200 0.5917717 0.3953004 0.6094386 0.3672909 0.6252276 0.6816931 0.6308898 0.8959769 1.5104300 1.5241617 1.4869650 1.5323602 0.9279265 1.4926435 1.1884986 1.4688214 1.1378203 1.2354356 1.8788456 1.5811608 1.4643490 1.4643490 1.9728833 1.6354530 1.6443832 1.5820098 1.4732941 1.8859516 1.6623488 1.6623488 1.3188900 3.0495048 3.0495048 3.3614481 3.3614481 3.3728899 1.7654637 1.7654637 1.9134631 1.9134631 3.4352168 3.0891147 2.6919747 3.0442958 2.7506268 2.2466014 3.5888660 3.2316850 3.3385849 2.5367268 2.7656684 2.7656684 3.3533296 3.0839712 1.7775585 3.4994432 3.3452955 3.6098213 2.8550386 2.9559634 2.7279248 1.6396304 2.2605713 3.6523602 3.5136722 3.7788988 3.4147240 1.7357903 1.7921063 2.1560535 1.6449090 2.0173775 1.9187522 1.5034483 1.4460639 4.1394017 2.6251419 2.5010743 1.8012049 5.7701029 4.5381018 
Hvul_g7931_1                                            3.0976439 1.0464987 1.0464987 2.7205402 2.6339657 2.6353253 0.9307377 0.9938468 0.9414200 0.9155149 0.9380123 0.6894242 0.9392262 1.2611507 1.3291289 0.9170023 0.9434705 0.0109200 0.0000000 0.5940785 0.3953004 0.6001939 0.3672909 0.6211409 0.6778565 0.6308898 0.9039352 1.5168250 1.5305710 1.4977290 1.5297650 0.9279265 1.4862430 1.1884986 1.4605337 1.1378203 1.2354356 1.8911687 1.5703225 1.4713966 1.4713966 1.9737625 1.5957128 1.6554747 1.5962987 1.4847148 1.8906714 1.6848350 1.6848350 1.3188900 3.0478503 3.0478503 3.3694661 3.3694661 3.3604462 1.7654637 1.7654637 1.9134631 1.9134631 3.4431722 3.1437641 2.6919747 3.0970294 2.7506268 2.2466014 3.6484431 3.2316850 3.4381603 2.5367268 2.7656684 2.7656684 3.3511100 3.1259975 1.7775585 3.4761386 3.3220878 3.5846328 2.8857256 2.9994643 2.7554391 1.6396304 2.2605713 3.6492650 3.4888960 3.8171471 3.4621293 1.7447460 1.8014088 2.1540679 1.6659564 2.0320024 1.8937623 1.5034483 1.4575524 4.1394017 2.6251419 2.5518286 1.8012049 6.3343120 4.5381018 
Nemnom_g10922.t1                                        2.2967030 0.9486219 0.9486219 2.3399501 2.3410280 2.2567863 0.7233624 0.7240446 0.6587736 0.6391991 0.6930554 0.5603979 0.6694108 0.9830966 0.9826876 0.7758519 0.8859775 0.5917717 0.5940785 0.0000000 0.0777756 0.1293549 0.1159722 0.3510413 0.2913486 0.7484287 0.7179649 1.2371205 1.2474582 1.2450700 1.2703139 0.7469864 1.2618419 1.0233614 1.2396506 0.9260157 0.8144949 1.4795389 1.3384879 1.2343971 1.2343971 1.4279172 1.3056966 1.4504514 1.5338899 1.2859617 1.5586077 1.4926556 1.4926556 1.2557492 2.6123337 2.6123337 2.6617201 2.6617201 2.5439691 1.2669664 1.2669664 1.3749822 1.3749822 2.6516260 2.5538585 1.9760572 2.5576078 2.1563561 1.8961173 2.8479188 1.6392408 3.1359235 1.9617811 2.1728868 2.1728868 2.6689736 2.2741645 1.8325567 3.0955407 3.1483437 3.0657361 3.0441011 2.8102188 2.5980742 1.4472421 2.0115396 3.1333547 2.8401873 3.4596851 3.3983397 1.4305960 1.3803911 2.0531586 1.5943409 2.2724602 1.8245536 1.2621087 1.4762746 3.9430140 2.6126801 2.6320670 1.3817697 5.5514805 4.1764448 
Rhoesc_Res_009720-T1                                    2.0974786 0.9885246 0.9885246 1.9826692 1.9171660 1.7665774 0.5152574 0.5183558 0.5208824 0.5161507 0.5261614 0.5891218 0.5219591 0.8474007 1.2999757 0.6047249 0.6429281 0.3953004 0.3953004 0.0777756 0.0000000 0.0000010 0.0989516 0.2049727 0.1722453 0.5674303 0.5173074 1.0312485 1.0312485 1.0309224 1.0369254 0.8402950 1.0649616 1.0604605 0.9434589 0.9434589 0.8868253 1.2544223 1.2365914 1.0516021 1.0516021 1.2040814 1.0275398 1.1789056 1.2875434 1.0311446 1.3308093 1.4704594 1.4704594 1.2997489 2.1408163 2.1408163 2.3943259 2.3943259 2.3943259 1.6844130 1.6844130 1.8302727 1.8302727 2.4488466 2.1130327 2.3328633 2.1130327 2.1130327 2.0289667 2.6343055 2.4384882 2.7164511 1.9322464 1.9441682 1.9441682 2.0774480 1.8276544 1.7952661 2.5538218 2.4306546 2.2497280 2.3750867 2.3772173 2.2027583 1.7357177 2.2864360 2.6934950 2.4458390 2.5149778 3.3112687 1.4149963 1.4268158 2.0227936 1.4026418 1.6794382 1.5259007 1.2435875 0.7550645 3.4325303 2.6942723 2.5709041 1.3867626 3.6698631 4.6339953 
Rhoesc_Res_012188-T1                                    2.3598071 0.9885246 0.9885246 2.3991582 2.3897645 2.2102163 0.7013771 0.7050713 0.6811980 0.6515408 0.6781340 0.5602070 0.6907388 1.1346286 0.9533098 0.7870797 0.8883832 0.6094386 0.6001939 0.1293549 0.0000010 0.0000000 0.1096972 0.3794568 0.2909486 0.7481149 0.7330623 1.3267253 1.3376952 1.3523826 1.3442846 0.7871733 1.3938732 1.0828011 1.2562453 0.9351988 0.8378402 1.4766047 1.4459218 1.3202063 1.3202063 1.4646896 1.3461401 1.4173330 1.5929578 1.3127696 1.6012289 1.5206906 1.5206906 1.2642409 2.6826036 2.6826036 2.8466883 2.8466883 2.6803452 1.3455484 1.3455484 1.4508679 1.4508679 2.7930978 2.6580060 2.0918636 2.6560655 2.2255712 2.0219029 3.0419449 1.5650023 3.3539336 2.0063069 2.2529393 2.2529393 2.6532032 2.3762934 1.7486704 3.0956603 3.1785853 3.0603864 3.0321801 3.0170392 2.6727347 1.5249102 2.0148161 3.2116702 2.8113584 3.4492436 3.5908488 1.3988404 1.4450713 1.9831197 1.5571089 2.2399187 1.7970993 1.2435875 1.3292813 3.8498092 2.4863357 2.6597182 1.3213081 5.7774755 4.2027255 
Sanmal_Sma_017151-T1                                    1.2752458 0.9876569 0.9876569 1.3321583 1.3614038 1.3978432 0.4459779 0.4621156 0.4258996 0.4465742 0.4393926 0.5463344 0.4544899 0.0000010 1.0756384 0.4095125 0.4601541 0.3672909 0.3672909 0.1159722 0.0989516 0.1096972 0.0000000 0.1243164 0.1540279 0.4112484 0.4833047 0.7673501 0.7673501 0.7539016 0.7782346 0.7494303 0.7494303 0.7830333 0.7565789 0.7565789 0.8034406 0.8331938 0.7701844 0.7430558 0.7430558 0.8319493 0.7322043 0.8253561 0.9976756 0.7672642 0.9147642 0.9930938 0.9930938 0.7558089 1.7009871 1.7009871 1.5929157 1.5929157 1.5929157 1.3363122 1.3363122 1.4476512 1.4476512 1.6102895 1.6776826 1.6776826 1.6776826 1.6776826 1.9843832 1.9005905 1.5976907 1.9725974 1.2541682 1.3626428 1.3626428 1.3370479 1.3506852 1.7328393 1.6730250 1.5551211 1.4074179 1.5872356 1.5714629 1.5010684 1.5247945 1.9481065 1.7756898 1.5191705 1.6163575 2.2245385 1.0455562 0.9787585 1.7139637 0.9242664 1.3188538 1.0716622 1.3224873 0.6443735 2.4249620 2.0847274 2.2688097 1.4924667 3.5377978 3.4306201 
Morvir_scaffold2.g78.t1                                 2.3853767 1.0292791 1.0292791 2.3305560 2.3025077 2.1682281 0.6962206 0.6717303 0.6697710 0.6539706 0.6214264 0.5148735 0.7174049 1.1122085 0.7915146 0.8407849 0.8326868 0.6252276 0.6211409 0.3510413 0.2049727 0.3794568 0.1243164 0.0000000 0.4324311 0.6439749 0.7201236 1.1885079 1.1791511 1.1700316 1.1643509 0.6892380 1.1809015 0.9441691 1.2237814 0.8972058 0.7684253 1.3621158 1.1974592 1.1504404 1.1504404 1.5051921 1.3510417 1.3691286 1.4797583 1.1941872 1.4688030 1.3855156 1.3855156 1.3117970 2.5496592 2.5496592 2.6247010 2.6247010 2.5084346 1.2715363 1.2715363 1.3877353 1.3877353 2.5739391 2.5990908 2.0350749 2.6143217 2.1756985 1.9838893 2.8439602 1.7397345 3.0306659 1.9639629 2.2073851 2.2073851 2.4719944 2.2576839 1.8971010 2.8600005 2.8020627 2.7933205 2.6604861 2.6705513 2.8037392 1.5256161 2.0830886 3.1370787 2.6432616 3.3218129 3.5834303 1.4717149 1.3931262 1.9248512 1.4605910 1.8713186 1.7113279 1.3595745 1.1378755 3.6252635 2.5543293 2.7001894 1.2273027 5.8322924 4.1824611 
Aaur_scaffold473.g7.t2                                  2.3621475 1.0046942 1.0046942 2.4294380 2.3722728 2.3430709 0.7782147 0.7941717 0.7623916 0.7392740 0.7966473 0.6054400 0.7585276 1.2114312 1.1113214 0.8792978 0.8839246 0.6816931 0.6778565 0.2913486 0.1722453 0.2909486 0.1540279 0.4324311 0.0000000 0.7681052 0.8810686 1.4020385 1.4136486 1.4003052 1.3987344 0.7929388 1.4233540 1.0964725 1.3894602 1.0505130 0.9057832 1.5917541 1.4752855 1.3300344 1.3300344 1.4733784 1.4009882 1.6148914 1.7088586 1.3738723 1.7717079 1.5933038 1.5933038 1.3106941 2.7111297 2.7111297 2.7507740 2.7507740 2.6495807 1.3881672 1.3881672 1.4820221 1.4820221 2.6710011 2.7063207 2.1956231 2.6978826 2.3121333 2.0018839 2.9065156 1.6125292 3.2912364 2.1321709 2.3946771 2.3946771 2.7319380 2.3326151 1.9267565 3.2311394 3.1901690 3.2542950 3.1673941 3.2723051 2.5646750 1.5028899 1.8990554 3.3547049 3.0142213 3.6933322 3.5417334 1.4413392 1.4222807 2.0324401 1.6284536 2.1949443 1.7184361 1.3735874 1.4187664 3.8915485 2.4783367 2.5197600 1.3825832 5.4427150 4.5888370 
Chem_TCONS_00073059                                     2.1306515 0.9482464 0.9482464 2.0167974 1.9416154 1.9747666 0.9692476 0.9854465 0.9333931 0.9578594 0.8248471 0.5975381 0.9036688 1.6253099 1.2164399 1.0418453 1.0264004 0.6308898 0.6308898 0.7484287 0.5674303 0.7481149 0.4112484 0.6439749 0.7681052 0.0000000 1.0184485 1.3142154 1.3253607 1.3594215 1.3845713 0.8284507 1.3749170 1.1412249 1.5882297 1.2242282 1.0098447 1.6262788 1.5323904 1.3744241 1.3744241 1.6420001 1.4399317 1.4602589 1.6011757 1.3859655 1.6737426 1.5738221 1.5738221 1.4584225 2.6086059 2.6086059 2.8432127 2.8432127 2.8731837 1.5891309 1.5891309 1.6948612 1.6948612 2.5462532 2.5127419 2.0647216 2.5138236 2.1855009 2.3022524 2.7765828 1.6365825 3.2840564 2.1742022 2.6004909 2.6004909 2.6924182 2.2440212 1.6930064 2.8251814 2.8611763 2.7822858 2.2579136 2.5211851 2.3562547 1.2805153 1.7890812 2.8811415 2.7964873 2.6541819 3.0539000 1.7009897 1.6646137 2.1086412 1.7143040 1.9539355 1.6423101 1.4090669 1.5252312 3.7715299 2.5477918 2.7283058 1.4733697 4.9415401 4.4153382 
Exapal_XM_021052820.2                                   2.6590297 0.7858905 0.7858905 2.5611767 2.5799218 2.4478719 0.4758621 0.5067642 0.4482594 0.4691898 0.4379344 0.2985473 0.4561003 0.6895296 0.8059746 0.7263639 0.7501802 0.8959769 0.9039352 0.7179649 0.5173074 0.7330623 0.4833047 0.7201236 0.8810686 1.0184485 0.0000000 1.4482214 1.4618156 1.4112233 1.4139664 0.7849572 1.3963434 1.1233065 1.2725497 1.0076558 0.8014238 1.4674580 1.6199388 1.2655217 1.2655217 1.5916798 1.4417274 1.6150260 1.6860018 1.3977990 1.5041206 1.7059546 1.7059546 1.5113687 3.0234430 3.0234430 2.8953478 2.8953478 2.8763504 1.6142006 1.6142006 1.7463461 1.7463461 2.8646652 2.8525202 2.4126212 2.8935526 2.5483820 1.7227762 2.9210623 1.9060904 3.1630513 2.1317690 2.4752231 2.4752231 2.6778498 2.5777818 1.8555721 3.2214865 3.0907820 3.0029589 2.9323472 2.8789465 2.8175712 1.5725259 2.3441848 3.5258004 2.9790513 3.7968518 3.5658016 1.8068905 1.7869303 2.0698031 1.8712849 2.2119437 1.9012488 1.3136749 0.9335460 3.9918545 2.9297944 2.8121370 1.2891432 5.7860646 4.4814615 
Hhon_g03276.t1                                          2.0912471 0.9316253 0.9316253 2.0422708 1.9047731 2.0773485 1.3265485 1.3840533 1.3825850 1.3776154 1.2231024 0.7951695 1.2515348 2.7748928 1.7118352 1.2930234 1.4083401 1.5104300 1.5168250 1.2371205 1.0312485 1.3267253 0.7673501 1.1885079 1.4020385 1.3142154 1.4482214 0.0000000 0.0031761 0.1008262 0.1097965 0.0970415 0.2482686 0.1468094 1.4561957 1.1590678 0.8614338 1.2920705 1.3576545 1.2442230 1.2442230 1.3422828 1.3419796 1.5975773 1.4517617 1.2724625 1.5459681 1.8783591 1.8783591 1.7643232 2.6189987 2.6189987 2.8769292 2.8769292 2.7350611 1.4690881 1.4690881 1.5757213 1.5757213 2.6367061 2.5207540 2.0549826 2.5511049 2.2422788 1.7435083 2.8672097 1.9896119 2.6717941 2.1598659 2.3426097 2.3426097 2.4605936 2.4603285 1.6190549 2.6373399 2.7072899 2.5901722 2.2771179 2.5380543 2.4541381 1.2187671 1.6021902 2.6296469 2.5156401 2.8542218 3.1267850 2.0026323 2.0427913 2.8347638 2.0033041 2.1100137 2.1286593 1.3927618 1.9606017 3.1529589 2.3521253 3.8143266 1.8390885 5.8641472 4.1284528 
HoiH04_mRNA5584                                         2.1006435 0.9316253 0.9316253 2.0386839 1.9069133 2.0960001 1.3242782 1.3816918 1.3939957 1.3889950 1.2231024 0.7951695 1.2634016 2.8384058 1.7118352 1.3036622 1.4199199 1.5241617 1.5305710 1.2474582 1.0312485 1.3376952 0.7673501 1.1791511 1.4136486 1.3253607 1.4618156 0.0031761 0.0000000 0.0972225 0.1061109 0.0970415 0.2439455 0.1468094 1.4534177 1.1590678 0.8614338 1.2882946 1.3470506 1.2406017 1.2406017 1.3533032 1.3397331 1.6109662 1.4635766 1.2625936 1.5341948 1.8746079 1.8746079 1.7796096 2.5961954 2.5961954 2.9052856 2.9052856 2.7627130 1.4690881 1.4690881 1.5757213 1.5757213 2.6624066 2.5447561 2.0549826 2.5750542 2.2422788 1.7435083 2.8963002 1.9896119 2.6977289 2.1598659 2.3426097 2.3426097 2.4404625 2.4395658 1.6190549 2.6490006 2.7148191 2.5974861 2.2751607 2.5359922 2.4336351 1.2187671 1.6021902 2.6242260 2.4937356 2.8484676 3.0982784 1.9936694 2.0337457 2.8499444 2.0016646 2.0933034 2.1281556 1.3927618 1.9606017 3.1189586 2.4042085 3.8017331 1.8390885 5.7685149 4.1981119 
HoiH23_PlH23_002032-RA                                  2.1427487 0.8964940 0.8964940 1.9717044 1.8562692 2.0510590 1.2783375 1.3276621 1.3346759 1.3267430 1.1788606 0.7567260 1.1954650 2.7796634 1.7048306 1.2716309 1.3372302 1.4869650 1.4977290 1.2450700 1.0309224 1.3523826 0.7539016 1.1700316 1.4003052 1.3594215 1.4112233 0.1008262 0.0972225 0.0000000 0.0397804 0.1117082 0.2286239 0.1435372 1.5232258 1.1894697 0.8805737 1.3239315 1.3858844 1.2671746 1.2671746 1.3365625 1.4116135 1.6162389 1.4362351 1.2517933 1.5585768 1.8145922 1.8145922 1.7608568 2.5375174 2.5375174 2.8364084 2.8364084 2.6983530 1.5301210 1.5301210 1.6391577 1.6391577 2.6743908 2.4847764 2.0789585 2.5244734 2.2853215 1.6880086 2.9336202 2.0488748 2.7578488 2.1718440 2.3102833 2.3102833 2.4689722 2.4933521 1.5802907 2.7175516 2.6533438 2.4854074 2.2374957 2.5169138 2.3987237 1.2384689 1.6402775 2.6136904 2.5153835 2.7943725 3.0090712 1.9949522 1.8853878 2.8199120 1.9538548 2.2441298 2.1979972 1.4304222 1.9483276 3.2787736 2.4009187 3.8534815 1.8732974 5.8342633 4.2625471 
HoiH06_mRNA12989                                        2.1577868 0.8587290 0.8587290 2.0071446 1.8757474 2.0417679 1.2892750 1.3386403 1.3438252 1.3376557 1.1868952 0.7674463 1.2024393 2.7455601 1.6882088 1.2459971 1.3195630 1.5323602 1.5297650 1.2703139 1.0369254 1.3442846 0.7782346 1.1643509 1.3987344 1.3845713 1.4139664 0.1097965 0.1061109 0.0397804 0.0000000 0.1286814 0.2405706 0.1599984 1.4662926 1.1708304 0.8759428 1.3224621 1.3656314 1.2537661 1.2537661 1.3414783 1.4082091 1.5850386 1.4064431 1.2450046 1.4947913 1.8530346 1.8530346 1.7848689 2.4681353 2.4681353 2.7556722 2.7556722 2.6275545 1.4887951 1.4887951 1.5962826 1.5962826 2.5867236 2.5147211 2.0798248 2.5300735 2.2560698 1.7060386 2.9304994 1.9694954 2.8504892 2.1991542 2.3607403 2.3607403 2.4011595 2.5423603 1.6201988 2.7476734 2.6084131 2.4982989 2.2387839 2.4850962 2.4362879 1.2648500 1.6213038 2.5580877 2.4648833 2.7942221 2.9871152 2.0541827 1.9536853 2.7862043 1.9765646 2.2112064 2.1912497 1.4391893 1.9266666 3.3189171 2.4537460 3.7665546 1.8629642 5.6729776 4.3998673 
Tadh_TriadT23781                                        1.3670228 0.9650185 0.9650185 1.4389904 1.3337791 1.4043254 0.7482128 0.8120956 0.7570746 0.7407258 0.7710652 0.7245639 0.7824621 2.3438399 1.4622721 0.8206877 0.8936283 0.9279265 0.9279265 0.7469864 0.8402950 0.7871733 0.7494303 0.6892380 0.7929388 0.8284507 0.7849572 0.0970415 0.0970415 0.1117082 0.1286814 0.0000000 0.0000010 0.1291480 0.9211294 0.9211294 0.8775769 0.7510316 0.8360219 0.7138842 0.7138842 0.7328148 0.7551625 0.9492633 1.0511490 0.8516024 1.0124595 1.1898408 1.1898408 1.1439349 1.6510827 1.6510827 1.7155393 1.7155393 1.7155393 1.4235977 1.4235977 1.5357431 1.5357431 1.7092689 1.7739272 1.7739272 1.7739272 1.7739272 1.7476548 1.8474577 1.9655831 2.0520003 1.6735494 1.6895646 1.6895646 1.6651948 1.7673129 1.5007539 1.5254773 1.5417832 1.4052763 1.4130561 1.4651798 1.3946175 1.2676084 1.6218994 1.6616893 1.4226099 1.6274974 2.3319634 1.6748710 1.6669506 1.9904844 1.4783256 1.6079123 1.5209453 1.3981190 1.0754068 2.1725006 2.1213825 3.7338028 1.8573112 4.4284718 3.7934160 
TrH2_TrispH2_010320-RA                                  2.1185857 0.9650185 0.9650185 1.9828262 1.8400712 2.0438751 1.3178876 1.3731371 1.3361694 1.2880550 1.1544127 0.7245639 1.2575888 2.8676669 1.5351834 1.2753980 1.3796659 1.4926435 1.4862430 1.2618419 1.0649616 1.3938732 0.7494303 1.1809015 1.4233540 1.3749170 1.3963434 0.2482686 0.2439455 0.2286239 0.2405706 0.0000010 0.0000000 0.1936706 1.5002476 1.1814063 0.8775769 1.3486623 1.4827652 1.2627535 1.2627535 1.3928100 1.3819895 1.6213868 1.4584381 1.2849734 1.5049421 1.7479771 1.7479771 1.6473304 2.5413646 2.5413646 2.8370370 2.8370370 2.7059450 1.4235977 1.4235977 1.5357431 1.5357431 2.7114119 2.6712994 2.0779983 2.7080946 2.3022664 1.7476548 2.9206230 1.9655831 2.6884174 2.1261254 2.3311647 2.3311647 2.4580304 2.5091808 1.5411885 2.6768847 2.7227193 2.5943850 2.3417367 2.3983147 2.2936819 1.2676084 1.6581108 2.7455683 2.5387102 2.8983869 3.0698640 2.0502295 1.9630011 2.8164437 2.0190591 2.1560327 2.1007966 1.3981190 1.8813701 2.8654780 2.4060265 4.1469642 1.8573112 5.7806585 4.2221381 
HoiH11_mRNA7451                                         1.9213852 1.0222883 1.0222883 1.8065978 1.7824839 1.8877150 1.0779493 1.1570926 1.1396884 1.1115309 1.0287190 0.7988990 0.9794380 1.8275492 1.5792995 1.0269715 1.0594047 1.1884986 1.1884986 1.0233614 1.0604605 1.0828011 0.7830333 0.9441691 1.0964725 1.1412249 1.1233065 0.1468094 0.1468094 0.1435372 0.1599984 0.1291480 0.1936706 0.0000000 1.3487671 1.2083325 0.9581769 1.0849243 1.2679160 1.0856015 1.0856015 1.2095597 1.1574658 1.4171304 1.2569389 1.1786637 1.3244755 1.6101399 1.6101399 1.5167418 2.3389222 2.3389222 2.5467505 2.5467505 2.5720730 1.5553908 1.5553908 1.6639325 1.6639325 2.4679337 2.3386873 2.0386010 2.3386873 2.2461313 1.7022108 2.7441669 2.0573701 2.5597976 2.2096739 2.3449983 2.3449983 2.3899747 2.3933282 1.6187861 2.3547653 2.3631218 2.3370849 2.1389595 2.1146588 2.3136470 1.3017576 1.7887514 2.4263102 2.3602394 2.5826138 2.9428043 1.8127881 1.8433095 2.0650131 1.5571626 1.8683163 1.7736133 1.4550854 1.6205764 3.1618287 2.3475623 2.9651378 1.8230690 4.7837116 3.9794862 
Acagra_model.g4069.t1                                   2.3176014 1.2576576 1.2576576 2.5648337 2.3331616 2.3305375 1.2774423 1.2810510 1.2234418 1.2242748 1.1913729 0.9303206 1.2144775 1.6523598 1.6572239 1.4492343 1.4688921 1.4688214 1.4605337 1.2396506 0.9434589 1.2562453 0.7565789 1.2237814 1.3894602 1.5882297 1.2725497 1.4561957 1.4534177 1.5232258 1.4662926 0.9211294 1.5002476 1.3487671 0.0000000 0.0000010 0.3099717 0.7311936 0.6254290 0.6224181 0.6224181 0.8374491 0.7554171 0.7634486 0.6753825 0.7761043 0.9221906 1.6454274 1.6454274 1.7091731 2.2402155 2.2402155 2.4045711 2.4045711 2.3582097 1.3021827 1.3021827 1.4447998 1.4447998 2.3519435 2.4200661 2.0603008 2.4196754 2.1418910 1.4874238 2.5586897 1.7901600 2.7415342 1.8191430 2.1200487 2.1200487 2.2359606 2.3496532 1.7842738 3.0088683 2.8874978 2.6626220 2.5226645 2.6743883 2.1745062 1.2650039 1.6800811 2.3044465 2.3705756 2.6469411 2.7313488 1.5776356 1.6576501 2.4024254 1.7395830 1.8657905 1.7377689 1.4646221 1.8426867 3.8392437 3.2525013 2.9737043 2.3887159 5.8404884 3.8167149 
Acagra_model.g4069.t1.1.5d3b8301                        2.0188514 1.2576576 1.2576576 2.1454256 1.8763968 1.8832862 1.0619894 1.0723809 1.0376780 1.0758634 1.0235864 0.9303206 1.0136870 1.3339587 1.7127346 1.1680103 1.2249038 1.1378203 1.1378203 0.9260157 0.9434589 0.9351988 0.7565789 0.8972058 1.0505130 1.2242282 1.0076558 1.1590678 1.1590678 1.1894697 1.1708304 0.9211294 1.1814063 1.2083325 0.0000010 0.0000000 0.3099717 0.6200188 0.4837570 0.4400564 0.4400564 0.6057052 0.6753714 0.6419632 0.4651290 0.6275399 0.8254208 1.3980326 1.3980326 1.5607772 1.7411726 1.7411726 2.0002343 2.0002343 2.0002343 1.3021827 1.3021827 1.4447998 1.4447998 1.8356460 1.9895898 2.0057642 1.9895898 1.9895898 1.4874238 2.0664505 1.7901600 2.2226595 1.7288116 1.7468615 1.7468615 1.8907750 1.9951307 1.7427012 2.3744806 2.3254897 2.0737958 2.0562086 2.1560751 1.6792720 1.2650039 1.7346662 1.8806002 1.8678103 2.1417766 2.4836213 1.2767350 1.3676383 1.8814616 1.2772010 1.5766377 1.2964432 1.4646221 1.5277398 3.1612636 3.2480084 2.4239997 2.3887159 3.8755217 3.5064549 
Lcom_lcpid129027                                        1.6986792 1.3011810 1.3011810 1.7164514 1.6925244 1.6156036 0.9652233 0.9343188 0.8849905 0.9390328 0.8768273 0.7810794 0.9268736 0.0000010 1.4821335 0.8205962 0.8913888 1.2354356 1.2354356 0.8144949 0.8868253 0.8378402 0.8034406 0.7684253 0.9057832 1.0098447 0.8014238 0.8614338 0.8614338 0.8805737 0.8759428 0.8775769 0.8775769 0.9581769 0.3099717 0.3099717 0.0000000 0.3249228 0.3647371 0.3638139 0.3638139 0.4560130 0.4314693 0.4461224 0.5551050 0.5927476 0.5153880 0.7839681 0.7839681 0.9579099 1.3113630 1.3113630 1.3476655 1.3476655 1.3476655 1.2424832 1.2424832 1.3111177 1.3111177 1.3887201 1.3444587 1.3444587 1.3444587 1.3444587 1.1930053 1.3539839 1.4542159 1.7401656 1.1969142 1.1769609 1.1769609 1.1113477 1.3317644 1.5378158 1.6647414 1.6057294 1.4839134 1.5066929 1.5207473 1.4158052 1.2428236 1.2907022 1.5363873 1.2254769 1.4076462 1.9628350 0.9792535 0.9628055 1.4185652 0.9686804 0.8571170 0.8362001 1.5987335 1.0991092 2.2599459 2.7195148 3.6817628 2.4136182 5.0563413 3.1723003 
