113
Stycar_snap_masked-SC_scaffold6734-processed-gene-0.2-mRNA-1       0.0000000 0.1263925 0.0400701 0.0956859 0.0000010 0.3093699 0.4144754 0.1616517 0.9426668 0.8533730 0.6242226 0.6641275 0.7184541 0.6406901 0.6745316 0.6036160 1.4030559 0.6225503 0.6534597 0.9678677 0.5789998 0.4440100 0.4874213 0.4520412 0.7681459 0.7544965 0.0000010 0.4909130 0.7369944 0.7081966 0.9607507 0.5742915 0.7232604 0.7232604 0.8290507 0.5891935 0.7288157 0.7156649 0.7673212 0.2228554 0.2753148 0.8296469 0.7296159 0.8234477 0.8776868 0.8397127 0.8186704 0.6802144 0.9318231 1.2219167 0.9886836 0.9886836 0.9150093 0.9150093 1.0243514 1.0243514 0.8913938 0.9670025 1.0965949 0.9070721 0.7351271 0.9465785 0.8713767 0.6397970 0.7765127 0.9320619 0.9365612 0.9365612 1.0516751 1.0128558 0.9845745 0.9845745 1.0832379 1.2291797 1.2093607 1.1851364 1.1936839 1.2230564 1.2439557 0.9108970 1.0605840 0.9300846 0.9489817 1.0039348 1.1575107 0.9705331 1.1756455 1.4222248 0.9469960 1.3485002 1.0721307 0.8695456 1.0363541 0.2986241 1.2323411 0.2938131 0.7362890 0.8660467 2.0981955 1.9616781 1.2343715 2.3322993 1.5540045 3.5668126 3.5439980 3.3703188 3.2341476 3.4429572 3.7170091 1.7279548 1.1121139 2.8224400 7.6856964 
Stycar_snap_masked-SC_scaffold46342-processed-gene-0.0-mRNA-1      0.1263925 0.0000000 0.0928550 0.1815453 0.1004609 0.4103716 0.5021312 0.2424230 0.8265856 0.8813663 0.7568598 0.7692365 0.6603733 0.8215052 0.7556410 0.6773745 0.9738704 0.7052530 0.6588698 1.2897279 0.8464528 0.8748630 0.5601548 0.7219513 0.7848003 0.7752151 0.0000010 0.5038151 0.7128660 0.7286203 1.0562392 0.7115926 0.6340288 0.6340288 0.9070913 0.8360209 0.7654125 0.7692050 0.8687313 0.5246684 0.4493728 0.8944768 0.8558864 0.8015113 0.8504720 0.9082407 0.9718252 0.7961877 0.9715155 2.0712573 0.8585981 0.8585981 0.8974185 0.8974185 0.9703274 0.9703274 0.8904920 0.8941236 0.9192388 0.9585929 0.8497408 0.9396515 0.9738387 0.6792972 0.8485061 0.6176836 1.2037225 1.2037225 1.2140619 1.1747586 1.1197829 1.1197829 1.2817763 1.4099161 1.3924837 1.4919054 1.5600510 1.4912433 1.5086089 0.9098611 1.1334358 1.0620461 0.9347265 1.0020200 1.2522767 1.0232701 1.2009428 1.4203764 1.0490714 1.2870733 1.2857538 1.0485885 1.2404206 0.5798259 1.5236360 1.9577411 1.5558362 1.8543843 2.2707782 2.1457534 2.6453141 6.2213352 1.7730416 2.7639399 2.8298949 2.8849928 2.9639609 2.8152604 2.9003973 2.9487034 1.4835680 2.3489895 5.0443453 
Stycar_augustus_masked-SC_scaffold6734-processed-gene-0.0-mRNA-1   0.0400701 0.0928550 0.0000000 0.0953626 0.1278257 0.4498423 0.5588704 0.2421132 0.9054129 0.9900459 0.8385016 0.8575309 0.7088738 0.9140430 0.8208261 0.7631713 1.1190707 0.7197863 0.7293799 1.3108499 0.9024104 0.9129623 0.6236373 0.7678122 0.8653979 0.8553770 0.0000010 0.5337136 0.8528603 0.8080647 1.2383737 0.7676845 0.8121896 0.8121896 0.9386078 0.9082750 0.8638638 0.8616988 0.9113929 0.3446465 0.3042854 0.9612934 0.8799800 0.9344420 0.9209600 0.9960641 0.9935933 0.8771856 1.0394787 1.7889692 0.9398352 0.9398352 0.9798024 0.9798024 1.0191866 1.0191866 0.9133733 0.9393397 0.9601269 1.0345797 0.9804562 1.0481379 1.0250250 0.7339698 0.9429955 0.7243059 1.1654563 1.1654563 1.2325989 1.2068800 1.1434454 1.1434454 1.2642433 1.5031019 1.4852733 1.4249851 1.4214765 1.4300300 1.4455433 0.9865321 1.2359106 1.0520391 0.9398273 1.1065199 1.3211646 1.1824974 1.4078809 1.4655459 1.0747794 1.3410613 1.2819386 1.0919679 1.2940016 0.3907954 1.4173818 1.6202554 1.5959605 1.6350103 2.0504993 2.1555840 2.9051596 1.7452537 2.1456252 2.8709621 2.8473513 2.7358625 2.8073033 2.7682495 2.9290444 0.0000010 1.6359084 2.5493816 6.0915948 
Stycar_augustus_masked-SC_scaffold145446-processed-gene-0.0-mRNA-1 0.0956859 0.1815453 0.0953626 0.0000000 0.0000010 0.4304996 0.5242863 0.1891383 0.8321254 1.0804583 0.8858963 0.9134675 0.6362422 0.9400488 0.8800356 0.8355741 1.1123995 0.8680787 0.8428661 1.1232301 0.7934495 0.5755718 0.5310055 0.5903337 0.7670516 0.7676835 0.0000010 0.5958774 0.7311101 0.8596119 1.1136771 0.8842958 0.6877184 0.6877184 0.9364349 0.8627109 0.8833532 0.9031567 0.8695111 0.5059808 0.2950399 0.9519707 0.8757063 0.8817251 0.8952035 1.0713820 0.9661035 0.8494951 1.0644692 1.4706965 0.8310391 0.8310391 0.9216448 0.9216448 1.0075871 1.0075871 0.8773227 1.0400436 0.9050676 1.0892958 1.0180283 0.8950552 1.0556991 0.9022718 1.0227781 0.6808850 1.1672099 1.1672099 1.1832702 1.1531874 1.0921938 1.0921938 1.1890401 1.4912821 1.5741977 1.4043502 1.4458462 1.4680946 1.5008810 1.1201067 1.4485556 1.0650784 1.0701257 1.1992672 1.2996297 1.3617150 1.5195797 1.5747623 1.3070769 1.4937966 1.3444603 1.0320291 1.5350799 0.2273654 1.5251807 1.3486831 1.2808627 1.1892756 2.0992786 2.0521157 1.9898398 3.7160693 1.7310290 3.3742279 3.1711352 2.8584407 2.9696450 3.0789165 3.0484367 2.4930335 1.6533970 2.1758453 2.5419362 
Stycar_snap_masked-SC_scaffold108169-processed-gene-0.2-mRNA-1     0.0000010 0.1004609 0.1278257 0.0000010 0.0000000 0.3151923 0.5079865 0.0000010 0.4535761 0.5823402 0.4767475 0.4526250 0.4335997 0.6614214 0.5122921 0.4193551 0.4193551 0.5233431 0.4618654 0.0000010 0.7901987 0.0000010 0.3909014 1.2736037 0.6053527 0.6034020 0.0000010 0.3993572 0.6772558 0.5142435 1.2886332 0.7297666 0.6531415 0.6531415 0.0000010 0.9663253 0.5015117 0.5180827 0.6022436 3.1291677 3.1291677 0.5495301 0.5548743 0.4178020 0.7044871 0.6458857 0.8874207 0.6832277 0.9128562 5.9912869 0.6919567 0.6919567 0.9800573 0.9800573 0.7133939 0.7133939 0.6919602 0.6895209 0.7203738 0.8561506 0.8202558 0.0000010 0.9458125 0.6472736 0.5167139 0.3527199 1.1060635 1.1060635 0.9884892 0.9969109 0.8733788 0.8733788 0.5528168 1.1730828 1.1730828 1.1321812 1.3137844 1.2808741 1.2808741 0.7396763 0.9921929 0.9152300 0.7310451 0.7610338 0.8529538 1.0045632 1.2248624 1.2320254 0.9926567 1.3272047 1.6151360 0.7038551 1.3504898 1.9211731 1.1319575 0.0000010 5.1182548 1.3121715 0.0000010 1.8461384 0.0000010 0.0000010 2.1440027 2.3118909 2.2626398 2.1132418 2.4451009 2.2749585 2.1033823 0.0000010 1.8501426 0.9503585 8.5196730 
Tetwil_g12657.t1                                                   0.3093699 0.4103716 0.4498423 0.4304996 0.3151923 0.0000000 0.4432300 0.4324131 0.6626713 1.0421949 0.8830729 0.8900180 0.6133359 0.9602394 0.8675988 0.9074898 1.2118178 0.9062718 0.8517816 0.7396860 0.7140533 0.7808155 0.6015635 0.4888582 0.7919764 0.8713907 8.9999983 0.6722861 0.6584300 0.8814693 0.9125870 1.0108302 0.6226811 0.6226811 0.8007868 0.9225574 0.8432524 0.8902850 0.9585644 0.9201269 0.6481275 1.0517257 1.0756824 1.0137164 0.8868928 0.9757872 1.0118076 0.8986937 1.0261459 1.4956021 0.7822005 0.7822005 0.8770524 0.8770524 1.0451680 1.0451680 0.8619645 1.0000700 0.9291637 1.1264078 1.1435798 0.9879899 1.1142762 0.9818131 1.1671551 0.8849727 1.1625011 1.0293665 1.1434876 1.1446661 1.0691699 1.0691699 1.0359850 1.3411616 1.5536638 1.3306174 1.4291542 1.4504157 1.4707415 1.0070900 1.5552965 1.1757807 1.2391127 1.3150008 1.4447702 1.3986348 1.5324120 1.6322566 1.3728103 1.4568498 1.4285463 1.2468819 1.4564610 0.7351347 1.6398809 1.3272038 1.2448482 1.3700256 1.9514431 1.9744058 2.1050830 2.7571620 1.8885384 2.9253377 2.8831677 2.9660387 2.8328244 2.8502369 2.8556746 2.3982721 1.5704451 2.4784987 3.3842008 
Xestes_snap_masked-XT_scaffold1963-processed-gene-0.3-mRNA-1       0.4144754 0.5021312 0.5588704 0.5242863 0.5079865 0.4432300 0.0000000 0.4324510 0.7365151 0.9069200 0.7447904 0.7607218 0.6711735 0.7904174 0.7565974 0.8637532 1.0834127 0.7467049 0.6973964 0.8235765 0.8236200 0.4978946 0.5059380 0.5835145 0.4998962 0.5075142 0.0000010 0.5919907 0.6601269 0.7722997 1.1707993 0.7811661 0.7131766 0.7131766 0.8211495 0.8020464 0.9462746 0.8953852 0.7962251 0.8438522 0.5880679 0.9737748 0.9277594 1.0039054 0.7392884 1.1265392 0.8504960 0.8462089 1.0218676 1.3313139 0.8085293 0.8085293 0.8578708 0.8578708 0.9521353 0.9521353 0.8923473 0.9944811 1.0099582 1.0512274 1.0400926 1.1211891 1.0900382 0.8973739 1.0677957 1.0121064 1.0445669 1.0445669 1.1158629 1.1157735 1.0815270 1.0815270 1.1433439 1.4668645 1.4993685 1.3115306 1.3948255 1.3549978 1.3787054 1.0668056 1.2574625 1.1130188 1.1322632 1.0948870 1.2189545 1.1990983 1.2429167 1.3809594 1.2043781 1.2189088 1.2472013 1.1462225 1.3320616 0.7811681 1.5111373 0.9832976 1.2152810 1.1685533 2.0872950 2.0588308 2.1876935 2.7856483 2.0818468 2.7904287 2.7789708 2.4853559 2.7342500 2.3796661 3.0286276 2.1594152 1.6064487 2.8765545 2.2289418 
Stycar_augustus_masked-SC_scaffold27755-processed-gene-0.0-mRNA-1  0.1616517 0.2424230 0.2421132 0.1891383 0.0000010 0.4324131 0.4324510 0.0000000 1.0394432 1.2463079 0.9716226 1.0649266 0.7030247 1.0578417 0.9972547 1.0296907 1.1414368 1.0570829 0.9860341 0.8676892 0.8368731 0.5106536 0.4789890 0.4478570 0.6401414 0.6455759 0.0000010 0.6156462 0.7584405 0.8716410 0.0000010 1.0200933 0.8937890 0.8937890 1.0251309 0.8802954 1.0422760 1.0786548 0.9182200 0.5914136 0.1795348 1.2472410 1.1073476 1.1536007 0.9364893 1.1294991 0.9477440 0.9999691 1.0546808 1.1247917 0.8681257 0.8681257 0.8038492 0.8038492 1.0135086 1.0135086 0.7775259 1.0371630 0.8062242 1.0616994 1.1038973 0.9783209 1.3311188 1.0188533 1.3613350 3.0642256 1.1979280 1.1979280 1.3381023 1.2725095 1.2340731 1.2340731 1.2869264 1.6129390 1.8233645 1.4688772 1.4807793 1.6150143 1.6477098 1.2422143 1.5040829 1.0662330 1.2278882 1.3305974 1.3109091 1.4322671 1.5811033 1.7834029 1.4593495 1.4233255 1.3653110 1.1989624 1.6878096 0.2789904 1.5958389 1.2755339 0.9759272 1.1528382 2.1413459 1.8769580 2.0231933 3.1153104 3.2664935 2.9964374 2.8756488 2.5502538 2.5853473 2.6653100 2.7240583 2.4091143 1.7450884 2.3093371 2.5294856 
Exapal_XM_028663827.1                                              0.9426668 0.8265856 0.9054129 0.8321254 0.4535761 0.6626713 0.7365151 1.0394432 0.0000000 0.4334394 0.4469084 0.4498514 0.4411579 0.4930963 0.4127608 0.4400536 0.5779742 0.6504786 0.6095161 0.5753972 0.7329040 0.9105464 0.7980867 0.9713725 0.8897241 0.8732383 0.0000010 0.7709865 0.6645504 0.6268181 1.0133728 0.6852555 0.7413138 0.7413138 1.0837865 0.9641339 0.7253285 0.7480076 0.7721000 1.6144972 1.4719600 0.7821744 0.7617525 0.8864343 0.6935207 0.8605793 0.8453755 0.7275349 0.7659374 1.5161533 0.8063756 0.8063756 0.8621832 0.8621832 0.7754811 0.7754811 0.7251339 0.7025877 0.8299999 0.9322120 0.8739317 1.1068540 0.8317511 0.8017571 0.9089071 0.8898119 0.7971250 0.7971250 0.7766666 0.7869713 0.7788835 0.7788835 0.8506352 1.2306389 1.2175170 1.1684733 1.1796368 1.0738994 1.0943384 0.8305032 1.1205150 0.9289522 0.7869570 0.8633883 0.8609855 0.9796540 1.0397693 1.0549767 0.7798686 1.0058291 1.0142350 0.9880684 1.0516888 1.5054068 1.4019922 0.5395570 1.3876891 1.2804221 1.7428832 2.2508641 2.9911169 2.3675888 1.7698552 2.7052644 2.9219584 2.4888405 2.6675363 2.6861311 2.8904302 0.0000010 1.8083501 2.5471892 4.5560004 
Nvec_v1g229388                                                     0.8533730 0.8813663 0.9900459 1.0804583 0.5823402 1.0421949 0.9069200 1.2463079 0.4334394 0.0000000 0.7002337 0.6941115 0.6019717 0.7024442 0.6428005 0.6630347 0.7913921 0.9010828 0.8326873 0.6289599 0.7302186 1.4568419 1.1222487 1.0477067 1.0954377 1.2281824 6.2608074 1.0024389 0.6701822 0.8743873 1.1449632 0.9334571 0.6797883 0.6797883 1.0253386 1.0728705 0.9748948 0.9002111 0.8976180 1.7520744 1.2122677 0.9888379 0.9638526 1.1106857 0.8465286 0.8490353 1.0521399 0.9218126 1.0943031 1.4400940 0.9134702 0.9134702 1.0360076 1.0360076 0.9614484 0.9614484 0.9310997 1.0462057 0.9731416 1.2388884 1.1929787 1.2181766 1.1202850 1.0864609 1.0205557 1.0217461 1.1328502 1.0048114 1.1351175 1.1655796 1.1116829 1.1116829 1.1369129 1.2004514 1.4426084 1.2609338 1.3094449 1.3370258 1.3458683 1.0291195 1.3510459 1.1157801 1.1348766 1.1556375 1.2303391 1.3374827 1.2800872 1.3523987 1.1425408 1.4346915 1.3872842 1.1864731 1.1587043 1.5337005 1.6844112 0.8383393 1.3191020 1.3121381 1.8578596 2.2849488 2.4886692 3.4316048 1.9483510 2.7333288 2.8637770 2.9156351 2.6959871 3.0699143 2.9183107 1.7181766 1.7553974 2.2670126 4.7710823 
Spis_XP_022793466_1                                                0.6242226 0.7568598 0.8385016 0.8858963 0.4767475 0.8830729 0.7447904 0.9716226 0.4469084 0.7002337 0.0000000 0.0817282 0.2461805 0.2274732 0.1809219 0.2545943 0.3944988 0.8254136 0.7532468 0.4731771 0.7411855 1.2063975 0.9590252 0.8945016 0.9273272 1.0617926 7.5251899 0.9142377 0.6619416 0.6444127 0.9684917 0.8655431 0.7225353 0.7225353 1.1347585 1.0394300 0.8735547 0.8189829 0.7784221 1.3516066 0.7380180 0.8665826 0.9028802 0.9427630 0.8158352 0.8167864 0.7809077 0.7267331 0.9425427 1.3161998 0.8510177 0.8510177 0.7865274 0.7865274 0.8997743 0.8997743 0.8192179 0.9230669 0.9398629 1.0547677 1.0438129 1.0695588 1.0757229 0.8902389 0.9841583 1.0968183 0.9690247 0.8569094 0.9859978 1.0102472 0.9755619 0.9755619 0.9650843 1.1155015 1.2988982 1.1984230 1.2512512 1.2659033 1.2845946 0.8986436 1.1092329 0.9357601 1.0850570 1.0841731 1.1501252 1.1289992 1.1589756 1.2665479 1.1509234 1.3164611 1.2163970 1.1925990 1.1845090 1.2867728 1.5246395 0.2845662 1.2151241 0.9336616 2.0133662 1.9993707 2.1419054 2.9850352 1.7761471 2.7127312 2.8481067 2.5648463 2.7051640 2.8253011 2.6828840 1.7120268 1.5505025 2.5131979 4.6233558 
Pocdam_XM_027193950.1                                              0.6641275 0.7692365 0.8575309 0.9134675 0.4526250 0.8900180 0.7607218 1.0649266 0.4498514 0.6941115 0.0817282 0.0000000 0.2740849 0.2746769 0.2035984 0.2738320 0.4136321 0.8467169 0.7581725 0.5587435 0.7488570 1.2822992 1.0048121 0.9041085 0.9475206 1.0740118 8.2807084 0.9008319 0.6399152 0.6593696 1.0030990 0.8514728 0.6849940 0.6849940 1.1282695 1.0283648 0.8837651 0.8173255 0.7793559 1.4507033 0.8545777 0.8892801 0.9280118 0.9712685 0.8033248 0.7904937 0.7891006 0.7414903 0.9421177 1.2866114 0.8606569 0.8606569 0.8366746 0.8366746 0.9141050 0.9141050 0.8396742 0.9335258 0.9578025 1.0501832 1.0726951 1.0799123 1.0492722 0.8425974 0.9772368 1.1356286 0.9823192 0.8641684 0.9968869 1.0211560 0.9832109 0.9832109 0.9823407 1.0986199 1.2919366 1.1668992 1.1867265 1.2430895 1.2615160 0.9061953 1.1158967 0.9810906 1.0673621 1.0406195 1.1603309 1.1389137 1.2171020 1.2043315 1.1815273 1.2765780 1.2344255 1.2193917 1.1897579 1.3649978 1.4967467 0.3228753 1.2027910 0.9711030 2.1073450 2.0766595 2.2006948 3.1937935 1.8272656 2.8064568 2.9460379 2.5854622 2.7874852 2.8156618 2.6491602 1.6976066 1.5756157 2.5324673 4.6652330 
Gfas_gfas1.m1.17657.m1                                             0.7184541 0.6603733 0.7088738 0.6362422 0.4335997 0.6133359 0.6711735 0.7030247 0.4411579 0.6019717 0.2461805 0.2740849 0.0000000 0.3815867 0.2583923 0.1854946 0.5812038 0.5127845 0.4793601 0.9629261 0.7249864 1.5233426 0.6635160 0.8215561 0.7480176 0.7284749 0.0000010 0.7532344 0.7583891 0.5466332 1.0374208 0.6734280 0.6098233 0.6098233 1.0641635 0.8691236 0.7687716 0.7405257 0.6266771 1.0920790 1.0326468 0.7452548 0.6819586 0.6841307 0.6403721 0.5871196 0.8382547 0.6099071 0.7261883 3.1777362 0.8322612 0.8322612 0.7857000 0.7857000 0.8141349 0.8141349 0.7875933 0.7616614 0.8532271 0.8631161 0.8318409 1.1063541 0.8740566 0.8049020 0.8265127 0.6448119 0.9860552 0.9860552 0.8586416 0.8559660 0.7869291 0.7869291 0.9462829 1.1527757 1.1262070 1.1038710 1.1285270 1.0968022 1.1019410 0.7675290 0.8827929 0.8785840 0.7764605 0.7881788 0.9559008 0.9195852 0.9836667 0.9353012 0.8714724 1.2224249 1.0368050 0.9137700 1.0028569 1.2294902 1.2248151 4.8794485 2.0448799 1.5567286 1.8911815 1.9968573 3.2751692 0.0000010 1.4784632 2.3729903 2.6086280 2.3623444 2.6763406 2.7514586 2.5545303 0.0000010 1.4144705 2.2566008 5.7550439 
Fspp_ffun1.m4.730.m1                                               0.6406901 0.8215052 0.9140430 0.9400488 0.6614214 0.9602394 0.7904174 1.0578417 0.4930963 0.7024442 0.2274732 0.2746769 0.3815867 0.0000000 0.2132963 0.3564600 0.5050859 0.8482325 0.7472769 0.5763024 0.8214475 1.1402942 0.9779867 0.8883422 1.0234113 1.1437299 4.3125905 0.9950127 0.7031433 0.6854873 1.1647400 0.8800301 0.7472232 0.7472232 1.0640655 1.0341270 0.9702248 0.8459456 0.9044690 1.4563327 0.8474007 0.8867356 0.9472218 1.0233310 0.8692080 0.8764031 0.8755832 0.8441095 0.9882304 1.3425736 0.9438981 0.9438981 0.9516046 0.9516046 1.0639548 1.0639548 0.9831230 1.0765859 1.0639101 1.1522078 1.1316742 1.0562984 1.1278995 0.9940658 1.0617844 1.1846214 1.0466519 0.9350675 1.0379758 1.0453011 1.0121337 1.0121337 1.0194205 1.1709354 1.3298247 1.2373896 1.3162105 1.2769081 1.2956953 0.9378784 1.1328192 1.0622152 1.1462612 1.0886022 1.1752126 1.1826810 1.2328454 1.3090956 1.2108706 1.4244657 1.1986258 1.1453652 1.2351091 1.4087421 1.5687522 0.3023123 1.1503480 0.9977708 2.2843322 2.1336704 2.0798641 2.8859078 2.1824443 2.8686434 3.1180282 2.7459594 2.8087177 3.1608841 2.7474449 1.6889854 1.6792799 2.6972833 4.9105676 
Gasp_gasp1.m3.18429.m1                                             0.6745316 0.7556410 0.8208261 0.8800356 0.5122921 0.8675988 0.7565974 0.9972547 0.4127608 0.6428005 0.1809219 0.2035984 0.2583923 0.2132963 0.0000000 0.2584621 0.3858522 0.7536597 0.7000187 0.4862119 0.7038711 1.1912699 0.9296313 0.8207703 0.8681332 0.9601124 3.1303988 0.8565508 0.6491547 0.6734883 1.0444453 0.8351606 0.6636792 0.6636792 1.0655211 0.9960741 0.8535635 0.7515975 0.7893999 1.3706947 0.6447533 0.8537359 0.8913767 0.9040722 0.7851752 0.7765994 0.7448375 0.7182461 0.9059651 1.2689992 0.7879120 0.7879120 0.8104650 0.8104650 0.9424329 0.9424329 0.8228722 0.9147126 0.7998528 0.9778402 1.0740914 1.0653049 1.0558603 0.9017129 0.9812101 0.9702529 0.9184323 0.8296124 0.9162941 0.9153219 0.8879957 0.8879957 0.9081513 1.0835347 1.2266744 1.1411198 1.1995742 1.2235743 1.2422432 0.9031399 1.0803887 0.9443137 1.0866575 1.0293385 1.0718252 1.1598078 1.2501722 1.1782446 1.1595250 1.2513817 1.1435204 1.1381908 1.2274630 1.2769022 1.4123173 0.2719973 1.0791309 0.9242281 2.0722969 1.9878761 2.1526904 2.8833611 1.8698906 2.6372828 2.8487192 2.5970984 2.7290291 3.0297788 2.6602178 1.7367714 1.6102900 2.4482188 4.6948306 
Amil_Amillepora23163-RA                                            0.6036160 0.6773745 0.7631713 0.8355741 0.4193551 0.9074898 0.8637532 1.0296907 0.4400536 0.6630347 0.2545943 0.2738320 0.1854946 0.3564600 0.2584621 0.0000000 0.0917214 0.8158842 0.7181167 0.5657637 0.7239372 1.3857839 1.0246394 0.8878564 1.0308478 1.1114353 5.2290913 0.9916507 0.6847718 0.6245403 1.0788955 0.8739211 0.7330973 0.7330973 1.0973566 0.9668047 0.9323042 0.8529148 0.7960756 1.3189992 0.6593453 0.8435059 0.8987339 0.8229769 0.7627654 0.7488067 0.8810881 0.7498611 0.9943089 1.4535319 0.8288970 0.8288970 0.8778456 0.8778456 0.9335347 0.9335347 0.8455261 0.9587555 0.8661867 1.0869438 1.1310506 1.0456752 1.0262347 1.0033315 0.9832119 0.9183243 0.9923804 0.9302654 0.9837115 1.0286866 0.9780261 0.9780261 0.9974211 1.0620464 1.2213477 1.2218713 1.2432779 1.2732926 1.2795767 0.9952834 1.2319577 1.0152109 1.1748742 1.1174245 1.1424986 1.2755814 1.2452622 1.2776897 1.1399317 1.4300312 1.1381073 1.0977349 1.2584127 1.0962688 1.5342182 0.3323755 1.2976072 1.0783557 1.7844941 2.0819711 2.4421733 3.5736567 1.7570111 2.9579529 2.9546617 2.8361665 2.9033929 3.2040995 3.0136767 1.7465942 1.6982451 2.3267817 4.9447738 
Adig_XM_015900330.1                                                1.4030559 0.9738704 1.1190707 1.1123995 0.4193551 1.2118178 1.0834127 1.1414368 0.5779742 0.7913921 0.3944988 0.4136321 0.5812038 0.5050859 0.3858522 0.0917214 0.0000000 1.1146919 0.9379023 0.4787804 0.8948515 1.4181363 1.2832849 1.1963443 1.2531421 1.3615903 5.2290913 1.2026936 0.9380862 0.8329540 1.1731943 1.0646248 0.9667844 0.9667844 1.8337855 1.1569760 1.1139106 1.0418558 1.0854231 1.6857379 0.9044202 1.1035914 1.1053623 1.0383716 0.9977435 0.9882584 1.1607166 1.0482036 1.2486293 1.3170718 1.1217085 1.1217085 1.2231218 1.2231218 1.1011009 1.1011009 0.9974536 1.1549487 1.1192268 1.2525719 1.3884166 1.3371039 1.2060212 1.2373203 1.1742347 1.4256600 1.2157658 1.1413349 1.2832749 1.3102284 1.2453079 1.2453079 1.3026568 1.3125550 1.5046005 1.4620972 1.4770256 1.5921597 1.5855767 1.2259614 1.4747547 1.2822275 1.4990040 1.3670089 1.4379437 1.6969160 1.6244024 1.5536807 1.4534837 1.5509104 1.4613365 1.3250371 1.5257068 1.2292095 1.8276461 0.3123466 1.5876164 1.0269508 5.5429298 2.4002566 2.3890671 3.6507712 2.7786906 3.4414399 3.3073500 3.0420173 3.1046014 3.4964299 3.2973496 1.6909957 2.1780428 2.5057498 5.0300261 
Xesp_004454-T1                                                     0.6225503 0.7052530 0.7197863 0.8680787 0.5233431 0.9062718 0.7467049 1.0570829 0.6504786 0.9010828 0.8254136 0.8467169 0.5127845 0.8482325 0.7536597 0.8158842 1.1146919 0.0000000 0.2828187 0.5615587 0.7286706 1.4910818 1.0392670 0.9412889 0.9889450 1.0891974 8.9999988 0.8402297 0.6879993 0.7550520 0.7420849 0.8622837 0.5723193 0.5723193 0.9306778 0.9291821 0.9295619 0.8350848 0.8990017 1.5241899 0.9703707 0.9106035 0.8802431 0.9918535 0.8051383 0.8335435 0.9865535 0.9204101 0.8749552 1.1290012 0.7732367 0.7732367 0.7347365 0.7347365 0.8093087 0.8093087 0.8645794 0.9727389 0.8570906 1.0476037 0.9196978 0.9315555 0.9183541 1.0078114 0.9658933 0.9461766 1.0372085 0.9101384 1.0607991 1.0632724 1.0294479 1.0294479 1.0238901 1.1293041 1.3272064 1.2244656 1.3479746 1.3435332 1.3526124 0.9130718 1.2579658 1.0858944 1.1599620 1.2037506 1.0887732 1.2548928 1.4113547 1.4242359 1.3282369 1.4293255 1.1241357 0.9623668 1.1333423 1.4078628 1.4739281 1.0893621 1.1917304 1.3284066 1.7729765 2.3463837 2.5952990 2.9966952 1.8834053 2.5357277 2.7375573 2.6874656 2.6099978 2.9892468 2.6946777 1.6569670 1.5508370 2.1893144 4.0270459 
Dgig_XM_028544864.1                                                0.6534597 0.6588698 0.7293799 0.8428661 0.4618654 0.8517816 0.6973964 0.9860341 0.6095161 0.8326873 0.7532468 0.7581725 0.4793601 0.7472769 0.7000187 0.7181167 0.9379023 0.2828187 0.0000000 0.5279407 0.6433151 1.3705265 0.9629573 0.9005945 0.9551624 1.0169635 4.7340807 0.7926260 0.6603934 0.7055498 0.7213588 0.8114314 0.4869883 0.4869883 0.8582079 0.8249887 0.8322316 0.7553821 0.8355590 1.3359798 0.8724696 0.9207542 0.8932356 1.0790332 0.7877545 0.8413802 0.8982093 0.8642662 0.8492872 1.1594131 0.7527098 0.7527098 0.7730200 0.7730200 0.8698320 0.8698320 0.8373679 0.9935239 0.8389534 0.9632464 0.8874075 0.9243677 0.9275708 0.8892599 1.0130043 0.9604876 0.9272178 0.8571139 0.9711229 0.9489539 0.9293599 0.9293599 0.9701675 1.1045967 1.2604663 1.1160531 1.2015048 1.1621281 1.1846221 0.8329950 1.2443885 0.9565224 1.0520869 1.0725554 1.0417681 1.1067032 1.2995128 1.4053617 1.1919295 1.2780961 1.1510600 0.9769055 1.1934517 1.2627988 1.4644320 0.9455874 1.1255857 1.2775086 1.9237032 2.2461872 2.3520424 2.6778661 1.8240446 2.5910358 2.6751743 2.6141517 2.5302877 2.7935904 2.5739174 1.5907871 1.5868021 2.2486760 4.0704239 
Lcom_lcpid254964                                                   0.9678677 1.2897279 1.3108499 1.1232301 0.0000010 0.7396860 0.8235765 0.8676892 0.5753972 0.6289599 0.4731771 0.5587435 0.9629261 0.5763024 0.4862119 0.5657637 0.4787804 0.5615587 0.5279407 0.0000000 0.5726851 1.0722728 1.0360537 1.0843719 0.8946947 0.9063961 0.0000010 0.8483832 0.7627970 0.6317494 0.0000010 0.8458447 0.7289449 0.7289449 0.8653114 0.8528532 0.8964711 0.7667488 0.5937879 1.0557831 0.9993005 0.8131252 0.8823052 1.0163934 0.8531888 1.0610991 0.7575028 0.7060521 0.8102515 0.8379295 0.8065467 0.8065467 0.8354856 0.8354856 0.7807017 0.7807017 0.7361706 0.7571985 0.9835131 0.8321563 0.9100370 1.0673959 0.9368225 0.9403027 0.9315020 7.5298660 0.6843569 0.6843569 0.7779819 0.7663689 0.7668976 0.7668976 0.7855657 1.1585010 1.1585010 1.1394088 1.1278165 1.0297927 1.0434954 0.7575860 1.2031187 0.9941120 1.1612625 1.2656965 0.8272518 0.9691115 1.0900757 1.3268305 1.0789647 1.0227702 1.1021810 1.1271532 1.3504757 1.0368239 1.5242885 0.6125745 0.7230547 1.1610811 0.0000010 2.6150519 2.9974997 2.2566481 7.3783166 1.9105191 2.1317049 2.2019197 2.1851985 2.0964329 1.9145194 2.3660455 1.7522317 2.1698972 3.2800836 
Dpul_mRNA28824                                                     0.5789998 0.8464528 0.9024104 0.7934495 0.7901987 0.7140533 0.8236200 0.8368731 0.7329040 0.7302186 0.7411855 0.7488570 0.7249864 0.8214475 0.7038711 0.7239372 0.8948515 0.7286706 0.6433151 0.5726851 0.0000000 0.9086923 0.8219656 0.8971254 0.8328440 0.8045180 0.0000010 0.8618267 0.7245477 0.6795866 1.2187838 0.8459884 0.6745701 0.6745701 0.8890965 0.8190119 0.8763466 0.8144796 0.7100409 1.0539864 0.9739173 0.9341552 0.9286651 1.0009595 0.6518668 0.8258389 0.8418841 0.6955168 1.0281524 1.3637039 0.8824855 0.8824855 0.9184201 0.9184201 0.9419639 0.9419639 0.8370707 0.9051803 0.8571821 1.0270855 0.9596415 0.9641582 1.0152643 0.8137734 0.9381482 1.2466944 0.7954991 0.7954991 0.8554974 0.8669699 0.8449780 0.8449780 0.8761555 1.0921548 1.1267420 1.1448429 1.1362045 1.1156599 1.1315837 0.7955251 1.2575330 0.9914178 0.9360658 1.0887481 1.0063236 1.1130884 1.1596027 1.2688397 0.9781151 1.1681818 1.0035496 1.0021129 1.1703851 0.9794929 1.5996465 0.8661784 1.0821929 1.1199230 1.7806944 2.0716704 2.5126566 3.5596870 1.7100338 2.7018449 2.7484996 2.4482191 2.5462810 2.6172793 2.5950161 2.1025241 1.6852391 2.3292932 3.9481840 
Spolac_c97573_g1_i1_m.15313c97573-g1                               0.4440100 0.8748630 0.9129623 0.5755718 0.0000010 0.7808155 0.4978946 0.5106536 0.9105464 1.4568419 1.2063975 1.2822992 1.5233426 1.1402942 1.1912699 1.3857839 1.4181363 1.4910818 1.3705265 1.0722728 0.9086923 0.0000000 0.0210731 0.1503142 0.8636788 1.1417718 8.9999986 0.9315783 0.7417783 1.1540949 0.0000010 1.4489635 0.9617054 0.9617054 1.3261037 1.2368073 1.2543893 1.2952873 1.4192910 0.9817123 0.5786588 1.3096897 1.2468256 1.3497818 1.1616050 1.2827041 1.2074525 1.1845000 1.1761042 1.1636721 0.9698451 0.9698451 1.0108161 1.0108161 1.1419678 1.1419678 1.0107559 1.2400428 1.0124766 1.2936589 1.3447197 1.1530390 1.3824669 1.4839976 1.5546775 3.5972362 1.6332040 1.3288922 1.6710037 1.6702960 1.6431584 1.6431584 1.5655389 1.6130411 2.3036042 1.6771846 1.7738132 1.9243419 1.9599378 1.4152605 1.6325675 1.3748524 1.7232894 1.3841421 1.8505702 1.8660509 2.0218306 1.8670215 1.8318729 1.9530624 1.4783811 1.3616533 1.7667370 0.7088913 1.7501392 1.4664439 1.3566639 1.2332011 0.0000010 2.3860048 2.2954882 3.2248064 4.2887335 2.8944142 2.9479378 3.1750342 2.7332623 3.0508275 2.7816238 2.2118027 1.8204580 2.6860896 3.7175898 
Spolac_c97573_g1_i2_m.15315c97573-g1                               0.4874213 0.5601548 0.6236373 0.5310055 0.3909014 0.6015635 0.5059380 0.4789890 0.7980867 1.1222487 0.9590252 1.0048121 0.6635160 0.9779867 0.9296313 1.0246394 1.2832849 1.0392670 0.9629573 1.0360537 0.8219656 0.0210731 0.0000000 0.1451285 0.7744286 0.9287514 8.9999986 0.7330965 0.7382458 0.9467158 0.8280493 1.0228185 0.6765333 0.6765333 1.1431584 1.0311623 0.9304939 0.9514193 1.1286434 0.9875003 0.7245659 1.0754437 1.0752446 1.0345002 0.9075685 1.0269401 1.0600435 0.9784406 1.0583680 1.4361043 0.8200396 0.8200396 0.8458292 0.8458292 1.0026319 1.0026319 0.9370078 1.0798049 0.9662279 1.1496253 1.1565273 1.1436448 1.2025121 1.1800660 1.1622353 0.9819440 1.3224214 1.1414522 1.3230606 1.2964900 1.2797048 1.2797048 1.3192788 1.4196439 1.8048350 1.4704430 1.5810562 1.6070825 1.6174614 1.1500119 1.2756865 1.1238479 1.2521644 1.1525333 1.4892215 1.4531124 1.6192319 1.4815606 1.4251921 1.6481591 1.4769056 1.2190999 1.4985187 0.7983369 1.5889714 1.4664439 1.4405641 1.2504878 2.2196007 2.2096134 2.2954882 3.2248064 2.0704655 2.7408521 2.6543306 2.9323705 2.7210577 2.8180630 2.7679674 2.2118027 1.6417395 2.5261675 3.9635607 
Emue_Em0022g283a.t1                                                0.4520412 0.7219513 0.7678122 0.5903337 1.2736037 0.4888582 0.5835145 0.4478570 0.9713725 1.0477067 0.8945016 0.9041085 0.8215561 0.8883422 0.8207703 0.8878564 1.1963443 0.9412889 0.9005945 1.0843719 0.8971254 0.1503142 0.1451285 0.0000000 0.7198315 0.7320861 0.0000010 0.6785471 0.8845228 0.9067428 0.4390840 0.8577992 0.8404670 0.8404670 1.0530799 0.8731410 0.8852292 0.9198815 0.9219923 0.8457062 0.7157998 0.9888654 1.0067742 1.0594496 0.8438276 1.1035543 0.9339123 0.8107442 1.1030440 1.4816565 0.9374419 0.9374419 0.9071374 0.9071374 1.0555418 1.0555418 1.0480862 1.1158523 1.0754978 1.1351989 1.1559984 1.2336267 1.2305617 1.0812773 1.1249636 1.3322604 1.0464922 1.0464922 1.0704239 1.0512427 1.0624029 1.0624029 0.9926352 1.4249982 1.4698065 1.3016742 1.3271719 1.3755885 1.3866110 1.1016602 1.3078955 1.1432430 1.0889319 1.1242727 1.2217172 1.4039225 1.4882856 1.4228165 1.3103886 1.4711525 1.2717197 1.1160351 1.5432278 0.7757709 1.6150905 1.1029978 1.2524466 1.0942026 2.4678444 2.3136675 2.3040307 3.0066877 1.9813701 3.0172526 2.9222435 2.7744809 2.8681215 2.8292371 2.8810072 2.1523609 1.7917149 2.5937092 2.6954309 
Aque_Aqu2.1.17694_001                                              0.7681459 0.7848003 0.8653979 0.7670516 0.6053527 0.7919764 0.4998962 0.6401414 0.8897241 1.0954377 0.9273272 0.9475206 0.7480176 1.0234113 0.8681332 1.0308478 1.2531421 0.9889450 0.9551624 0.8946947 0.8328440 0.8636788 0.7744286 0.7198315 0.0000000 0.0405297 0.0000010 0.7585337 0.7504314 0.9954181 1.5186384 1.0179515 0.8099822 0.8099822 1.1388315 1.0378053 1.0417784 1.0657873 1.0640617 1.3235048 0.8739058 1.1075760 1.0560100 1.2313967 0.9961612 1.1698007 1.1821053 0.9704693 1.1360896 1.4803385 0.9345800 0.9345800 0.8864038 0.8864038 1.0520514 1.0520514 1.0596575 1.1776804 1.0168304 1.1774000 1.1746536 1.0072084 1.2010784 1.1148581 1.2274964 1.2612407 1.2366209 1.2313424 1.1827538 1.2027462 1.2170427 1.2170427 1.2487703 1.5084858 1.6801519 1.4191640 1.4472070 1.4606440 1.5023504 1.2264679 1.4138183 1.1813707 1.2669802 1.1697058 1.2355688 1.4084720 1.4314598 1.6786541 1.4063509 1.4681443 1.5360063 1.3962757 1.5344969 1.1390814 1.7336290 1.3628210 1.4189082 1.2889786 2.2261660 2.3055259 1.8513157 3.2159519 2.0533195 3.2077845 3.2350552 3.0432000 2.7953360 3.0825407 3.1722269 2.2856613 1.9559866 2.3652456 2.7510678 
Aque_Aqu2.1.26866_001                                              0.7544965 0.7752151 0.8553770 0.7676835 0.6034020 0.8713907 0.5075142 0.6455759 0.8732383 1.2281824 1.0617926 1.0740118 0.7284749 1.1437299 0.9601124 1.1114353 1.3615903 1.0891974 1.0169635 0.9063961 0.8045180 1.1417718 0.9287514 0.7320861 0.0405297 0.0000000 0.0000010 0.8387106 0.7403792 1.0947467 1.4190760 1.1139721 0.8140597 0.8140597 1.1433552 1.1760659 1.1633360 1.1426100 1.1989110 1.3436273 0.8558080 1.1156322 1.0831245 1.2345371 1.0786378 1.1777206 1.3421226 1.1189005 1.1389428 1.5129228 0.9335901 0.9335901 0.8866843 0.8866843 1.0485710 1.0485710 1.0660235 1.2094130 0.9961720 1.1905425 1.1898103 0.9984924 1.2194624 1.2750740 1.2574339 1.2185153 1.3331329 1.2315244 1.2622685 1.2974436 1.2647686 1.2647686 1.3284939 1.5010689 1.7604362 1.5299339 1.6382126 1.6088086 1.6517777 1.2371264 1.4376212 1.2464281 1.3549688 1.2226541 1.4128587 1.5056912 1.5512598 1.7475760 1.4548196 1.5271805 1.5991105 1.4299409 1.5206539 1.1508702 1.7326362 1.4723473 1.4762747 1.3600128 2.2094201 2.2540023 1.8543327 3.1509503 2.0077282 3.2311018 3.2470919 3.1432058 2.8500233 3.3300832 3.1623614 2.4019598 1.9435576 2.3909368 3.0827369 
Aque_Aqu2.1.00456_001                                              0.0000010 0.0000010 0.0000010 0.0000010 0.0000010 8.9999983 0.0000010 0.0000010 0.0000010 6.2608074 7.5251899 8.2807084 0.0000010 4.3125905 3.1303988 5.2290913 5.2290913 8.9999988 4.7340807 0.0000010 0.0000010 8.9999986 8.9999986 0.0000010 0.0000010 0.0000010 0.0000000 6.5875901 0.0000010 3.8339753 0.0000010 8.6914460 0.0000010 0.0000010 0.0000010 6.3398114 5.2414295 6.1411931 6.6556485 0.0000010 0.0000010 0.0000010 0.0000010 0.0000010 5.7135721 0.0000010 8.9999986 8.9999988 0.0000010 0.0000010 0.0000010 0.0000010 0.0000010 0.0000010 0.0000010 0.0000010 0.0000010 0.0000010 0.0000010 0.0000010 0.0000010 0.0000010 0.0000010 8.9999988 3.7031497 0.0000010 4.7371573 0.0000010 8.0180148 8.0180148 6.8915041 6.8915041 8.9999989 0.0000010 6.0336231 9.0000000 8.9999983 8.9999984 8.9999984 0.0000010 0.0000010 6.5794804 4.4616145 1.2157368 9.0000000 6.3470037 5.1497978 8.9999989 1.6749438 4.8160980 0.0000010 0.0000010 0.0000010 0.0000010 0.0000010 3.3693307 3.4667371 0.0000010 0.0000010 0.0000010 0.0000010 0.0000010 0.0000010 0.0000010 0.0000010 4.3363652 0.0000010 9.0000000 0.0000010 0.0000010 0.0000010 0.0000010 7.7531031 
Plespi_Pspi_scaffold14612_01                                       0.4909130 0.5038151 0.5337136 0.5958774 0.3993572 0.6722861 0.5919907 0.6156462 0.7709865 1.0024389 0.9142377 0.9008319 0.7532344 0.9950127 0.8565508 0.9916507 1.2026936 0.8402297 0.7926260 0.8483832 0.8618267 0.9315783 0.7330965 0.6785471 0.7585337 0.8387106 6.5875901 0.0000000 0.7237405 0.9538413 0.9059341 0.7855422 0.6321371 0.6321371 0.8627261 0.8425999 0.9253229 0.8907292 0.9382483 1.1926298 0.7029715 1.0042327 0.9665849 0.9899162 0.9485542 1.0055004 0.9306798 0.8621874 0.9143545 1.2038599 0.7466396 0.7466396 0.7197449 0.7197449 0.8625623 0.8625623 0.8208210 0.8843710 0.7609826 0.9327119 0.9479373 0.9583160 1.0124593 0.9510329 1.0305947 0.8403306 1.0452079 0.9658488 1.1904049 1.1818589 1.1657004 1.1657004 1.2268597 1.4061161 1.5861354 1.3791677 1.4615739 1.5344510 1.5647826 0.9524379 1.1570629 1.1820318 1.1319238 1.1528383 1.2725410 1.2533683 1.3553264 1.4855004 1.2705425 1.3334020 1.3098325 1.2436650 1.4010665 1.1230134 1.5134415 1.2229471 1.3174725 1.3314424 2.2751078 2.3073281 2.0592037 3.1602724 1.7143031 2.7069694 2.6825669 2.6123794 2.6220137 2.7133424 2.8164691 1.6136844 1.8215890 2.3867717 3.4894687 
Clacor_Ccor_C534515_01                                             0.7369944 0.7128660 0.8528603 0.7311101 0.6772558 0.6584300 0.6601269 0.7584405 0.6645504 0.6701822 0.6619416 0.6399152 0.7583891 0.7031433 0.6491547 0.6847718 0.9380862 0.6879993 0.6603934 0.7627970 0.7245477 0.7417783 0.7382458 0.8845228 0.7504314 0.7403792 0.0000010 0.7237405 0.0000000 0.6466208 1.7473567 0.7493992 0.7881042 0.7881042 0.8301319 0.8090031 0.7433429 0.6713712 0.7380393 1.1058459 1.0298454 0.7635326 0.7969173 0.8798599 0.7645791 0.9387805 0.7788988 0.7258666 1.0258241 1.4946413 0.8230108 0.8230108 0.9194386 0.9194386 0.8854346 0.8854346 0.9102162 0.9528699 0.7650716 0.9581158 0.8921091 1.0265168 0.9245400 0.7649843 0.9262826 1.0394337 0.8886056 0.8886056 0.9197232 0.8975969 0.9063459 0.9063459 0.9303549 1.1988317 1.1838788 1.0142340 1.0779284 1.0175420 1.0334243 0.8989156 1.1349784 0.9129970 0.9689108 1.0666809 0.9688654 0.8862286 0.9695189 1.2750445 0.9300001 0.9798980 1.2265912 1.0058802 1.2295826 1.1138792 1.7044558 0.7303142 1.1311811 1.2088138 1.7761582 2.2265067 2.6443227 2.3933668 2.0913930 2.5544475 2.6045492 2.6211735 2.5901881 2.5336344 2.5858729 8.9999985 1.6071805 2.4078824 4.7101517 
Skow_XM_002730632.2                                                0.7081966 0.7286203 0.8080647 0.8596119 0.5142435 0.8814693 0.7722997 0.8716410 0.6268181 0.8743873 0.6444127 0.6593696 0.5466332 0.6854873 0.6734883 0.6245403 0.8329540 0.7550520 0.7055498 0.6317494 0.6795866 1.1540949 0.9467158 0.9067428 0.9954181 1.0947467 3.8339753 0.9538413 0.6466208 0.0000000 0.9924125 0.8041815 0.5342148 0.5342148 0.8869973 0.8636677 1.0713049 1.0427074 0.7369026 1.5052342 0.8570097 0.8062143 0.8438393 0.9434735 0.7172465 0.6979371 0.8782084 0.7335397 1.0027638 1.4292824 0.8510060 0.8510060 0.8129411 0.8129411 0.9182289 0.9182289 0.8324674 0.9531856 0.9175270 1.0264084 1.1616241 0.9209149 1.0844249 0.9182595 1.0107742 0.9964797 0.8869554 0.7927466 0.9767563 0.9701915 0.9686842 0.9686842 1.0066321 1.1022969 1.2937026 1.1476524 1.1840815 1.1973707 1.1953115 0.8909759 1.3152810 0.9310886 1.1048690 1.2034579 1.0054290 1.2320853 1.2304201 1.4916252 1.1956111 1.3091218 1.0328961 0.9178316 1.3034773 1.3741631 1.5995963 0.8363896 1.3782294 1.1257925 1.9208552 1.9703769 2.3221103 3.2877559 1.6184751 2.7593228 2.7698822 2.7153586 2.7058633 2.9985518 2.6346724 1.7437128 1.7009984 2.1510321 4.3249884 
Hsap_ENST00000512905                                               0.9607507 1.0562392 1.2383737 1.1136771 1.2886332 0.9125870 1.1707993 0.0000010 1.0133728 1.1449632 0.9684917 1.0030990 1.0374208 1.1647400 1.0444453 1.0788955 1.1731943 0.7420849 0.7213588 0.0000010 1.2187838 0.0000010 0.8280493 0.4390840 1.5186384 1.4190760 0.0000010 0.9059341 1.7473567 0.9924125 0.0000000 0.4242502 0.7667147 0.7667147 0.7445419 0.8466203 1.2612580 1.1723655 1.2556880 1.5262168 1.5262168 0.8275720 1.1154479 0.7808815 1.0644111 1.3106399 1.4317936 1.1744669 1.7240185 4.3635758 1.2541202 1.2541202 1.1626425 1.1626425 1.2490263 1.2490263 1.5522502 1.5213038 1.6852477 1.1993987 1.1311102 0.0000010 1.5023702 1.6691529 0.7615999 0.8650163 1.4524842 1.4524842 1.6778123 1.7018879 1.5608623 1.5608623 1.0157284 1.5345356 1.5046984 1.7039797 2.0332013 1.5917249 1.5917249 1.1104710 1.1956681 1.1955592 1.0995398 1.3576714 0.7917062 1.6950668 1.9060566 2.1519698 1.4895576 1.6378934 2.1041827 0.8266789 1.9153386 2.4779532 1.6031891 0.0000010 3.6607915 2.3675958 2.6356196 3.0486379 0.0000010 0.0000010 1.5169348 2.1917458 2.7188382 2.2135562 2.3610113 2.8309569 2.3750186 0.0000010 1.4575613 1.2421550 3.7347958 
Hsap_ENST00000647941                                               0.5742915 0.7115926 0.7676845 0.8842958 0.7297666 1.0108302 0.7811661 1.0200933 0.6852555 0.9334571 0.8655431 0.8514728 0.6734280 0.8800301 0.8351606 0.8739211 1.0646248 0.8622837 0.8114314 0.8458447 0.8459884 1.4489635 1.0228185 0.8577992 1.0179515 1.1139721 8.6914460 0.7855422 0.7493992 0.8041815 0.4242502 0.0000000 0.4780298 0.4780298 0.9351721 0.8970531 1.0386162 0.9865025 0.8022458 1.3685695 0.6774138 1.0156766 1.0549803 1.0269038 0.8552109 0.8056833 1.0246587 0.8840530 0.9789807 1.4105960 0.8094794 0.8094794 0.8512437 0.8512437 0.9278453 0.9278453 0.8805786 0.9746862 0.8152098 1.0618232 0.9866967 0.7887284 0.9648319 1.0859064 0.9956857 1.0639158 1.0890295 0.9772834 1.1716845 1.1861159 1.1723020 1.1723020 1.1912130 1.2665896 1.4982460 1.2643953 1.3449707 1.2972576 1.3001399 0.9435074 1.1845934 1.0182524 1.1411354 1.1400458 1.3336820 1.2476091 1.3584794 1.4044752 1.4083000 1.2792933 1.3005931 1.1846185 1.1629378 1.4342743 1.4763451 1.0810890 1.2318889 1.4641114 2.2496226 2.1425785 2.2941149 3.0532573 1.8926405 2.7206611 2.6596603 2.9075151 2.6582383 3.2455343 2.8397150 1.8096445 1.7399082 2.2315979 4.3594360 
Plajan_Pjan_scaffold8319_01                                        0.7232604 0.6340288 0.8121896 0.6877184 0.6531415 0.6226811 0.7131766 0.8937890 0.7413138 0.6797883 0.7225353 0.6849940 0.6098233 0.7472232 0.6636792 0.7330973 0.9667844 0.5723193 0.4869883 0.7289449 0.6745701 0.9617054 0.6765333 0.8404670 0.8099822 0.8140597 0.0000010 0.6321371 0.7881042 0.5342148 0.7667147 0.4780298 0.0000000 0.0000010 0.5650446 0.5480993 0.9066304 0.8468204 0.6162186 0.9233517 0.8625714 0.8451426 0.8286417 0.8024055 0.6661464 0.8732528 0.9629318 0.6023383 0.8203736 1.5116201 0.7802591 0.7802591 0.7952236 0.7952236 0.7550014 0.7550014 0.8764683 0.8608735 0.7668197 0.9639713 0.8985527 1.0474199 0.8745265 0.8506573 0.8755803 0.7388212 0.9652562 0.9652562 0.9249482 0.9058903 0.9274815 0.9274815 1.0259131 1.3141677 1.2928336 1.2382827 1.2518816 1.1090951 1.1271047 0.7408069 1.0782418 0.9550223 0.9760207 0.9732298 1.0894421 1.0971358 1.1490397 1.2414765 1.0253926 1.1394968 1.1863891 0.9780068 0.9795930 0.9830069 1.4888604 0.9258847 1.4067860 1.2457243 1.8979329 2.2978241 3.1067697 3.2472687 1.7248760 2.3772006 2.6288253 2.6673771 3.0306330 2.9624022 2.4508343 0.0000010 1.6346223 1.8769249 4.2977715 
