104
Emue_Em0017g776a.t1                                              0.0000000 0.0379680 0.3391914 0.7685806 0.5200070 0.5784029 0.5180472 0.4865649 0.6445430 0.9425496 0.8533194 0.8953116 0.9785056 0.9027776 1.3201147 1.1842546 1.3705357 1.3821309 1.1585678 1.1854926 0.6511731 1.0679823 1.2257540 1.1188267 1.1156845 1.5340164 1.0972493 1.0972493 1.0140057 1.1586604 1.3014555 1.3014555 1.2346720 1.0507553 1.2137147 1.2137147 1.1880660 0.8721450 1.0632002 0.9562470 1.0465508 0.8034046 0.9519938 1.0589692 0.9303384 0.8557784 0.9318908 0.9318908 1.0882094 0.7397403 1.1311741 0.9425315 0.7833136 0.9101878 0.9184876 0.8766040 0.7750882 0.9980257 1.2142097 0.9951903 0.8280128 0.8831505 0.8672716 0.9261030 0.7143614 0.9637726 1.3101023 0.8673647 1.1069674 1.0306195 1.1055183 0.8275657 0.8111793 0.8506562 0.8502182 0.9909485 1.0196688 0.9296767 1.1901147 1.2872745 1.2582451 3.3544065 1.1943552 1.3976485 1.3765643 1.2100986 1.1275645 1.3322576 1.2785659 1.4444246 1.2895175 1.3525208 0.8072397 2.6773854 2.6773854 1.3205101 3.1230069 1.3600520 1.1759196 1.4207684 1.2940878 2.8092118 4.6429365 1.5271688 
Spolac_c101389_g3_i1_m.25474c101389-g3                           0.0379680 0.0000000 0.3219984 0.6568120 0.4587614 0.5003475 0.4626317 0.4001551 0.5655686 0.8862414 0.7608757 0.8087973 0.9353056 0.9250607 1.1261623 1.0411910 1.1049603 0.8054824 0.9969457 1.0318463 0.6589456 1.0102999 1.1057895 0.9569651 0.9547657 1.1436272 1.0078017 1.0078017 0.9654995 0.9654995 1.0078017 1.0078017 1.0648526 1.0902867 1.2278394 1.2278394 1.0190191 0.7465672 0.8490820 0.7437827 0.8685019 0.7070159 0.8039093 0.8841912 0.8297718 0.7373306 0.7804325 0.7804325 1.0538764 0.7238006 0.9699429 0.8266178 0.7218659 0.8626945 0.8684595 0.7987272 0.6523665 0.8408620 1.0762517 0.8522673 0.7522628 0.7658122 0.7809462 0.7998356 0.7371149 0.8870999 1.1888153 0.7834725 0.9459074 0.9037611 0.9665772 0.7069848 0.8925657 0.7015959 0.7752272 0.8408674 0.8793802 0.8435571 1.1216295 1.1379512 1.1146647 2.2765579 0.9949187 1.2119677 1.1616086 1.1334956 1.0212109 1.1865843 1.1835001 1.2426688 1.1649181 1.2125767 0.8212624 1.8182146 1.8182146 1.1227138 3.5528157 1.1939830 0.9968833 1.2606379 1.0592951 4.9521018 3.4325449 0.7705629 
Stycar_maker-SC_scaffold27646-snap-gene-0.4-mRNA-1               0.3391914 0.3219984 0.0000000 0.0000010 0.3508673 0.4365316 0.3900662 0.4071540 0.5916651 1.0145910 0.9536553 0.9999508 1.0148484 1.0269815 1.1939999 1.0650474 1.0650474 0.8206672 1.1193601 1.0961279 0.0000010 9.0000000 1.2255657 1.0740483 1.0740483 1.0740483 0.9784075 0.9784075 0.9784075 0.9784075 0.9784075 0.9784075 0.9503604 1.0217391 1.0217391 1.0217391 1.1412080 0.7871859 1.0143220 0.9608288 1.0007506 0.6605095 0.7191719 0.7184325 0.6792295 0.8072112 0.8392038 0.8392038 1.1546294 2.6069083 1.0144961 0.7609609 0.7010919 0.7734451 0.7333696 0.7921768 0.9395500 0.7885891 0.8370870 0.8282197 0.8199172 0.8326086 0.8529966 0.8396512 0.0000010 1.3509023 3.2699843 0.8002431 1.0356599 0.7994560 0.8938230 0.6934139 7.9128242 0.6901305 0.8274583 0.8738787 0.7762641 0.9054963 1.0534206 1.0952015 1.0999290 0.0000010 1.1013222 1.4450211 1.2193825 1.0292026 1.1791798 1.3472306 1.3512262 1.7139050 1.4545118 1.4979020 0.0000010 2.7534343 2.7534343 1.3828754 3.0153790 1.2168035 1.1651974 1.3725736 1.1699576 0.0000010 4.6160971 0.9779311 
Stycar_maker-SC_scaffold105373-augustus-gene-0.2-mRNA-1          0.7685806 0.6568120 0.0000010 0.0000000 0.7477164 0.8747262 0.8178330 0.8422776 1.0579444 1.5615243 1.4930648 1.5374628 1.5819615 1.0269815 1.6755048 1.5386850 1.5386850 1.4927362 1.5880336 1.5789510 0.0000010 9.0000000 1.7023508 1.5597198 1.5597198 1.5597198 1.4933843 1.4933843 1.4933843 1.4631356 1.4631356 1.4631356 1.4348031 1.1841187 1.1841187 1.1841187 1.6507383 1.3697996 1.5884238 1.4614955 1.6010599 1.1607033 1.2283571 1.2269143 1.1795277 1.3211672 1.3464712 1.3464712 1.1546294 2.6069083 1.5951216 1.2375470 1.1626923 1.3486267 1.2853529 1.3755503 1.5578022 1.3229666 1.3445274 1.2727158 1.4792055 1.2806304 1.3199708 1.1626482 0.0000010 2.2675239 3.9155706 1.2585848 1.5632885 1.3175778 1.4274507 1.1355282 7.9128242 1.1650226 1.2800509 1.4538339 1.2732953 1.4547518 1.5873015 1.7804561 1.7633534 0.0000010 1.7325532 2.1430834 1.9038090 1.6461704 1.8775420 1.9842663 1.8344265 2.2944269 2.0132100 2.0393829 0.0000010 5.5317902 5.5317902 1.9734125 8.4131035 1.8124801 1.7330629 1.7148917 1.8259942 8.9999983 7.1102871 1.9680474 
Tetwil_g5353.t1                                                  0.5200070 0.4587614 0.3508673 0.7477164 0.0000000 0.4783334 0.4470288 0.4366870 0.5234239 0.8310844 0.6555239 0.7430373 0.7965527 0.8541717 1.0731358 1.0916943 1.1162970 1.0274396 1.0166758 1.0708688 0.6408945 1.3545766 1.1003523 0.9978197 1.0079650 1.1947131 0.9432927 0.9432927 0.8667681 0.8734419 0.9479911 0.9479911 0.9991541 0.8836919 1.0153625 1.0153625 1.0236315 0.6717101 0.8732661 0.7988076 0.8130572 0.6459790 0.6650275 0.7038407 0.7376309 0.7023038 0.7807342 0.7807342 1.0403787 0.7932916 0.8688557 0.8099144 0.7588922 0.8152892 0.7885423 0.8084825 0.6691940 0.7615620 0.9142810 0.7952898 0.6757878 0.7216299 0.7426565 0.7568690 0.7310410 0.7751777 1.0372847 0.6617365 0.8962672 0.8614046 0.9904220 0.7104678 0.8943377 0.6654515 0.6823305 0.7665340 0.8331582 0.7746687 1.0669190 1.0766424 1.0529667 1.5732378 0.9721585 1.1170279 0.9812965 1.0296819 0.9556301 1.1224206 1.1217484 1.1326481 1.1478775 1.1505870 0.8066494 1.1698411 1.1698411 1.1222517 1.4085587 1.1393721 1.0388568 1.2023748 1.1408794 1.2898481 5.0218210 0.9658067 
Aque_Aqu2.1.41040_001                                            0.5784029 0.5003475 0.4365316 0.8747262 0.4783334 0.0000000 0.1219773 0.2910632 0.5536953 0.8496485 0.7026415 0.8585577 0.8688720 1.0410488 1.1147200 1.1079135 1.1487904 1.0322460 1.0018233 0.9963571 0.6104291 1.3230485 1.1384090 0.9797210 0.9783178 1.1104527 1.0046464 1.0046464 0.9526567 0.9523601 1.0013810 1.0013810 1.0456269 1.0489672 1.1920561 1.1920561 1.0591637 0.7953847 0.9585156 0.8932848 0.9330552 0.6947235 0.7310071 0.7408519 0.8054631 0.7205734 0.8004318 0.8004318 1.1300970 0.9813484 1.0002396 0.9828790 0.8670514 0.8763111 0.8579909 0.8484456 0.7242407 0.8506556 0.8679599 0.8709946 0.7189076 0.7704228 0.8089489 0.8356539 0.8971735 0.8634345 1.1375715 0.7425454 1.0280733 0.9604107 1.0757595 0.7661326 1.0403167 0.7335800 0.8108175 0.9277226 0.8729181 0.9167120 1.1722552 1.1560268 1.1540345 1.5018459 1.0168553 1.0945271 1.0588698 1.1225561 0.9851840 1.1692212 1.2515780 1.1922693 1.2213446 1.2905281 1.0417468 1.3128783 1.3128783 1.1398645 1.4949724 1.1837946 1.0722062 1.3274362 1.1192837 1.1982586 4.3482088 1.0388794 
Halamb_c49351_g1_i2mm.3038                                       0.5180472 0.4626317 0.3900662 0.8178330 0.4470288 0.1219773 0.0000000 0.2816273 0.4906912 0.8132979 0.7075925 0.7896073 0.8224452 1.0206959 1.1160088 1.0371144 1.0553659 0.9611654 0.9422688 0.9251669 0.5997130 1.1634664 1.0363292 0.9731041 0.9731041 1.1035007 1.0063577 1.0063577 0.9401456 0.9391899 1.0014427 1.0014427 0.9730068 1.0488845 1.2271478 1.2271478 1.0025535 0.8011199 0.9136465 0.8581799 0.8718321 0.7160907 0.7576237 0.7731449 0.8218959 0.7308830 0.7993102 0.7993102 1.1411308 0.9889541 0.9449326 0.8565174 0.7900536 0.7424861 0.7475654 0.7354903 0.6522716 0.8333334 0.8423954 0.7654345 0.6507997 0.7058331 0.7409170 0.7627310 0.7760437 0.7918396 1.0210722 0.7290182 0.8984348 0.8520867 0.9497467 0.6823083 0.8293601 0.6409482 0.7473211 0.7941531 0.7839234 0.8244914 1.0772401 1.1213618 1.1076990 1.4980202 0.9475624 1.0626595 0.9777772 1.0209840 0.9154706 1.1332473 1.1745708 1.1144088 1.1453058 1.2566240 0.8104519 1.3264641 1.3264641 1.0603402 1.5099469 1.0933000 0.9720721 1.2327756 1.0028351 1.3268929 4.0770427 0.9363703 
Xestes_augustus_masked-XT_scaffold2612-processed-gene-0.2-mRNA-1 0.4865649 0.4001551 0.4071540 0.8422776 0.4366870 0.2910632 0.2816273 0.0000000 0.5607113 0.8506798 0.7497072 0.8423234 0.9055627 0.9753181 1.0258665 1.0126124 1.0436698 0.9003209 0.9188228 0.9586334 0.6353938 1.3296864 1.0987749 0.9207942 0.9197275 1.0240814 0.9998655 0.9998655 0.9394485 0.8977360 0.9401988 0.9401988 0.9915789 1.0191717 1.1700991 1.1700991 0.9567942 0.7576849 0.9414227 0.8501054 0.9168482 0.6793590 0.7506777 0.7633278 0.7785263 0.7302175 0.7924403 0.7924403 1.2410112 1.0173421 0.9677431 0.9091039 0.7902879 0.8264765 0.8225501 0.8640312 0.6781273 0.7856457 0.8951322 0.8106812 0.6875491 0.7157692 0.7609509 0.7686604 0.7363397 0.8356368 1.0988871 0.6737927 0.9248804 0.9295311 0.9383005 0.6722852 0.8576738 0.6870210 0.8097687 0.8585672 0.9309630 0.9081563 1.1018846 1.0389131 1.0215400 1.1922877 0.9734991 1.0818705 1.0042157 1.0092297 0.8977930 1.1028458 1.1394303 1.1232941 1.1567806 1.1488082 0.9877790 1.1898080 1.1898080 1.0961317 1.4409985 1.1161756 0.9696274 1.2709696 1.0921634 1.2942347 4.0677949 0.8602030 
Plespi_Pspi_scaffold10543_01                                     0.6445430 0.5655686 0.5916651 1.0579444 0.5234239 0.5536953 0.4906912 0.5607113 0.0000000 0.8941164 0.7640836 0.8427838 0.8772223 0.9286892 1.2813003 1.1670492 1.3097857 1.0767551 1.0534898 1.0874489 0.4817059 1.1322763 1.2028973 1.1061506 1.1149557 1.3142854 1.1721951 1.1721951 1.0005375 1.0338191 1.2067824 1.2067824 1.1596944 1.0924592 1.4441769 1.4441769 1.1679557 0.7682533 0.9756676 0.9444473 0.9227292 0.7127660 0.7923387 0.8191895 0.7958810 0.7669520 0.8595695 0.8595695 1.1984019 1.0207741 0.7922669 0.8642038 0.7809710 0.8418361 0.8316408 0.8454934 0.7052671 0.8992574 1.0363735 0.8326496 0.7293732 0.7865575 0.7654591 0.8392476 0.6918469 0.8049559 1.0619355 0.7591392 0.9992625 0.8841111 0.9298085 0.7075397 0.8020395 0.6578707 0.7893460 0.8208763 0.9002002 0.8574082 0.9752626 1.1642178 1.1106348 1.4197996 0.9279941 1.1073819 1.0587592 1.0732556 0.9319754 1.1457951 1.0905112 1.2676273 1.1826057 1.2913110 0.6905689 1.3946470 1.3946470 1.0920525 1.6157301 1.1598636 1.0995192 1.2965784 1.1644011 1.5262051 4.6011578 1.0759656 
Lcom_lcpid70295                                                  0.9425496 0.8862414 1.0145910 1.5615243 0.8310844 0.8496485 0.8132979 0.8506798 0.8941164 0.0000000 0.1627524 0.1881056 0.2512063 0.4750054 1.1971060 1.1167647 1.2511568 1.0809293 1.1183719 1.1906693 0.5313240 1.2295200 1.1357652 1.0749714 1.0773511 1.2377387 1.1719764 1.1719764 1.0808952 1.0712595 1.1528533 1.1528533 1.1816117 1.1992103 1.4222199 1.4222199 1.1827686 0.9589033 1.0192775 1.0150956 1.0250024 0.7949769 0.8844971 0.8344602 0.8822614 0.8602228 0.9909094 0.9909094 1.2922378 1.2514410 1.0867368 1.0483861 0.8889499 0.9214597 0.9155200 0.8816755 0.7844425 0.9697995 1.0807717 0.9375766 0.8232605 0.8432422 0.8434097 0.8549531 0.6786854 0.8731911 1.1467469 0.8596333 0.9894464 1.0764780 1.1269620 0.8534640 1.0176024 0.8171037 0.9234367 1.0415137 1.0411885 0.9408251 1.2637012 1.3240338 1.3072102 1.4318894 1.1223075 1.1967389 1.1874561 1.2144866 1.2019935 1.2766754 1.3452819 1.4035777 1.4096995 1.3451204 0.7572425 1.5165447 1.5165447 1.3564388 1.6924245 1.3914645 1.3387578 1.4634802 1.3129970 1.4549597 3.8919862 1.1319493 
Scil_scict006037.1                                               0.8533194 0.7608757 0.9536553 1.4930648 0.6555239 0.7026415 0.7075925 0.7497072 0.7640836 0.1627524 0.0000000 0.1484392 0.1755672 0.3911351 1.1263700 1.1066245 1.1572964 1.0904967 1.1255114 1.1956400 0.0000010 1.7226749 1.0850778 1.0870107 1.0870107 1.2100086 1.1024004 1.1024004 1.1024004 1.0645769 1.0645769 1.0645769 1.0789775 1.2658641 1.2658641 1.2658641 1.1856106 0.9257364 0.9532001 0.9339879 0.9998780 0.7833145 0.8005275 0.7978936 0.8049684 0.8680168 0.9507137 0.9507137 1.0372299 0.9617526 0.9618467 0.9364753 0.7733586 0.8333501 0.8077376 0.7695943 0.7898214 1.0495818 0.9377436 0.8369502 0.7834686 0.8005516 0.8492232 0.8645315 0.6032610 0.8381974 1.2722248 0.8287928 1.0850591 1.1167577 1.2459234 0.7791570 0.9608817 0.7544244 0.8289719 0.8903596 1.0098549 0.8548049 1.2004992 1.3929587 1.4076738 1.3171809 1.1929250 1.2137988 1.1229178 1.1379267 1.1762131 1.2496839 1.4496879 1.4413721 1.3915247 1.3536496 0.0000010 1.4185135 1.4185135 1.4240238 1.5720505 1.4336505 1.2976852 1.6252732 1.3948192 1.4489351 7.2014597 1.1482729 
Leuniv_Lniv_scaffold21181_01                                     0.8953116 0.8087973 0.9999508 1.5374628 0.7430373 0.8585577 0.7896073 0.8423234 0.8427838 0.1881056 0.1484392 0.0000000 0.2392996 0.4015218 1.2238247 1.1255864 1.2763195 1.1930467 1.1108005 1.1214520 0.4161724 1.1674352 1.0976705 1.0259018 1.0283831 1.2603055 1.1163989 1.1163989 1.0182467 1.0322586 1.1296015 1.1296015 1.1349899 1.1102550 1.3288430 1.3288430 1.1287393 0.8865207 0.9350603 1.0174150 0.9631068 0.7261361 0.8071542 0.7633695 0.8024046 0.7992717 0.8881349 0.8881349 1.1179505 1.1839002 1.0306469 0.9922957 0.7992130 0.8397477 0.8334932 0.7876604 0.7097205 0.9034577 1.0016472 0.8602973 0.7065434 0.7485091 0.7623567 0.7841623 0.6523359 0.7883013 1.0430869 0.7727388 0.9771397 1.0048009 1.0608439 0.7456875 0.8586299 0.7413740 0.8418320 0.9916875 0.9399036 0.8511577 1.1376378 1.2898304 1.2201955 1.4111878 1.0510044 1.1770322 1.0740479 1.1276511 1.1118422 1.2096123 1.2679804 1.3854769 1.3073762 1.2644993 0.7074546 1.7451600 1.7451600 1.3152254 1.7968717 1.3208937 1.3031970 1.3224571 1.2002329 1.6298684 4.0219047 1.1987914 
Gracom_Gcom_C552560_01                                           0.9785056 0.9353056 1.0148484 1.5819615 0.7965527 0.8688720 0.8224452 0.9055627 0.8772223 0.2512063 0.1755672 0.2392996 0.0000000 0.5100920 1.2038570 1.1050209 1.2313435 1.1178346 1.1077160 1.1821708 0.5432371 1.1838293 1.1462992 1.0985499 1.1009170 1.3418223 1.1618771 1.1618771 1.0616160 1.0379467 1.1223212 1.1223212 1.1178016 1.1477977 1.3622165 1.3622165 1.1754606 0.8886792 1.0268924 1.0392933 0.9781410 0.7689923 0.8437139 0.7939902 0.8600342 0.8303914 0.9639350 0.9639350 1.2042793 1.1473796 1.0659215 1.0375905 0.8439807 0.8778651 0.8643841 0.8350713 0.7575196 0.9539636 1.0302959 0.9725889 0.7914580 0.8328154 0.8647869 0.8437822 0.7659743 0.8615936 1.1073113 0.8476881 1.0163294 0.9804875 1.1417285 0.8247883 0.9381164 0.8260777 0.9343127 0.9991066 1.0041902 1.0099277 1.2070985 1.3399701 1.3427887 1.7481613 1.2230683 1.1886178 1.1368828 1.1892455 1.1642260 1.3055027 1.4154515 1.4059459 1.3883303 1.3604415 0.7445552 1.6629706 1.6629706 1.3896909 1.9588248 1.4254774 1.3457111 1.4964592 1.3718428 1.4421017 4.3604860 1.1685809 
Clacor_Ccor_scaffold14831_01                                     0.9027776 0.9250607 1.0269815 1.0269815 0.8541717 1.0410488 1.0206959 0.9753181 0.9286892 0.4750054 0.3911351 0.4015218 0.5100920 0.0000000 1.4746587 1.0904106 1.3905733 1.1054749 1.1471135 1.1045640 0.4258405 0.9149084 1.0808346 1.0157694 1.0157694 1.6756151 1.1218895 1.1218895 0.9466764 0.9473305 1.1198452 1.1198452 0.9993501 0.9496082 1.1451746 1.1451746 1.0709527 0.8222226 0.9282981 0.9890338 0.8637640 0.8522490 1.0772106 1.0809605 0.9671921 0.8960513 1.0431665 1.0431665 1.1576995 1.2813563 0.9466222 0.9482817 0.8214517 0.7878890 0.7730577 0.7995108 0.7327166 0.8824891 1.1117789 0.7591464 0.6276720 0.7154713 0.7025289 0.7377240 0.6467800 0.8044957 0.8502207 0.7205890 0.9617979 0.9674555 1.0330363 0.7464676 0.7761970 0.7595312 0.9363945 0.9494473 0.9302386 0.7463465 1.2354639 1.2961372 1.2509508 3.0569893 1.0853079 1.1555978 1.1184655 1.1810664 1.1408497 1.3114745 1.3232764 1.4153572 1.3636347 1.2754302 0.5388130 3.1524212 3.1524212 1.2936046 2.4324034 1.3550097 1.3850706 1.3155923 1.1281038 2.5895558 3.0358143 1.7218512 
Bolinf_Binf_sb1193644                                            1.3201147 1.1261623 1.1939999 1.6755048 1.0731358 1.1147200 1.1160088 1.0258665 1.2813003 1.1971060 1.1263700 1.2238247 1.2038570 1.4746587 0.0000000 0.2497062 0.2330093 0.2648095 0.1150228 0.2883335 0.6728018 0.5289192 0.2241781 0.2468283 0.2468283 0.2732845 0.2961062 0.2961062 0.3283755 0.3045096 0.2745744 0.2745744 0.2994668 0.3386928 0.2898364 0.2898364 0.2938170 1.3290644 1.4672745 1.3438923 1.4573786 1.1867325 1.1281183 1.1866240 1.2011267 1.2881318 1.3332588 1.3332588 1.4520357 1.1281013 1.2877052 1.2397213 1.0771091 1.1541456 1.1266483 1.1677749 1.1729368 1.2267218 1.2628505 1.0732659 0.9940042 1.0380050 0.9891515 1.1128115 1.0112986 1.0248470 1.4723763 1.1021159 1.5012980 1.2220572 1.3062359 1.1801440 1.2221950 1.1460901 1.1901982 1.1351448 1.3770548 1.2073847 1.3818532 1.5077260 1.5432040 1.0349499 1.3630790 1.3634826 1.4830137 1.3479737 1.4586518 1.4485420 1.5846999 1.6154070 1.5519959 1.5574154 9.0000000 1.7726749 1.7726749 1.5994642 2.1782796 1.6419186 1.4988566 1.7975330 1.8021050 2.0444276 5.6889636 0.2179832 
Drygla_Dgla_sb290097                                             1.1842546 1.0411910 1.0650474 1.5386850 1.0916943 1.1079135 1.0371144 1.0126124 1.1670492 1.1167647 1.1066245 1.1255864 1.1050209 1.0904106 0.2497062 0.0000000 0.0035847 0.0000010 0.2098376 0.2921852 0.3073589 0.3282234 0.1946417 0.2405532 0.2431746 0.2928699 0.3055161 0.3055161 0.3279042 0.3263485 0.3051068 0.3051068 0.3612440 0.3314938 0.2994907 0.2994907 0.3592829 1.0868494 1.2636955 1.2809829 1.2893584 0.9403485 1.0895632 1.2032470 1.0643305 1.0178771 1.1668869 1.1668869 1.2196775 0.9720660 1.1450090 1.2390871 1.0103432 1.0176868 0.9987723 1.0687924 0.9055377 1.0969643 1.1814319 1.0172637 0.8993017 0.9166988 0.8844308 0.9558829 0.8236997 0.9121162 1.1645630 0.9305291 1.1575564 1.0595665 1.0940842 1.1002195 1.0512315 1.0563629 1.0659221 1.1651305 1.1939627 1.0227683 1.2302880 1.3170897 1.3352086 2.0034352 1.1787939 1.2346633 1.3897733 1.2220352 1.2807654 1.3076495 1.4568779 1.3911644 1.4189425 1.3670481 0.9076484 2.1848125 2.1848125 1.4204928 2.3749634 1.4399055 1.3683898 1.4799014 1.5394496 2.1974266 2.3976174 0.2740612 
Drygla_Dgla_sb290098                                             1.3705357 1.1049603 1.0650474 1.5386850 1.1162970 1.1487904 1.0553659 1.0436698 1.3097857 1.2511568 1.1572964 1.2763195 1.2313435 1.3905733 0.2330093 0.0035847 0.0000000 0.0063172 0.2106192 0.2734938 0.0000010 0.8603360 0.1944967 0.2359172 0.2349593 0.2652926 0.3011127 0.3011127 0.3011127 0.3010044 0.3010044 0.3010044 0.3107910 0.2906204 0.2906204 0.2906204 0.3393993 1.3606107 1.5103552 1.3884651 1.5503377 1.1184867 1.1580564 1.2032470 1.1317774 1.2035331 1.2704893 1.2704893 1.2342370 1.0709804 1.3026979 1.2967297 1.0363407 1.0943651 1.0775462 1.1176502 1.0472382 1.2672802 1.1719871 1.1064053 1.0334493 1.0620579 0.9992517 1.1088415 0.0000010 1.0425620 1.6369467 1.0321244 1.4754874 1.2137316 1.3286892 1.2623387 1.4520928 1.2111487 1.2630228 1.2344008 1.3395413 1.1346019 1.4251713 1.5307889 1.5837130 1.5191603 1.3074583 1.4704079 1.6510294 1.4299680 1.5258095 1.5523014 1.7757276 1.6057189 1.6020043 1.5094768 9.0000000 2.2766169 2.2766169 1.6122841 2.4876334 1.5935281 1.5909499 1.8400326 1.9082186 2.1974266 6.2605328 0.2740612 
Drygla_Dgla_sb290099                                             1.3821309 0.8054824 0.8206672 1.4927362 1.0274396 1.0322460 0.9611654 0.9003209 1.0767551 1.0809293 1.0904967 1.1930467 1.1178346 1.1054749 0.2648095 0.0000010 0.0063172 0.0000000 0.2172328 0.2604301 0.0000010 2.9503612 0.2127689 0.2567956 0.2567956 0.2624279 0.3614189 0.3614189 0.3614189 0.3522137 0.3522137 0.3522137 0.3504858 0.5037085 0.5037085 0.5037085 0.3611561 1.3729624 1.7054159 1.6123005 1.6641184 1.0610336 1.1210411 1.1565492 1.0744679 1.2271361 1.3435914 1.3435914 0.9757911 0.0000010 1.2401172 1.2474518 1.0490186 1.1664939 1.1774679 1.2193659 1.1302706 1.4140534 1.3018730 1.2170814 1.1425542 1.1496000 1.0745944 1.2594597 0.0000010 1.2311107 3.1520271 1.1186471 1.5705635 1.2370072 1.2627469 1.2739509 1.1820558 1.1920270 1.2371314 1.2293410 1.4045003 1.2078858 1.3670955 1.3184611 1.3111397 1.5191603 1.2606487 1.3221541 1.6900077 1.2766050 1.2740288 1.3195777 1.3648477 1.4818792 1.4200336 1.3503449 0.0000010 2.0224566 2.0224566 1.5406924 2.3099507 1.4351912 1.4723237 2.0619883 2.0774389 2.1974266 6.4346544 0.2740612 
Mlei_ML0160.g11.i1                                               1.1585678 0.9969457 1.1193601 1.5880336 1.0166758 1.0018233 0.9422688 0.9188228 1.0534898 1.1183719 1.1255114 1.1108005 1.1077160 1.1471135 0.1150228 0.2098376 0.2106192 0.2172328 0.0000000 0.2592939 0.1396180 0.3527511 0.1663186 0.2304508 0.2329824 0.2992062 0.3067622 0.3067622 0.3366127 0.3177142 0.2852927 0.2852927 0.3388913 0.3490285 0.3078881 0.3078881 0.3165607 0.9684581 1.2097202 1.3189112 1.2550801 0.8925718 1.1020941 1.2061067 1.0159906 0.9677478 1.1113989 1.1113989 1.0883752 0.9227921 1.0349540 1.1222297 0.9537972 0.9629138 0.9434265 0.9701782 0.8559674 0.9963005 1.2079304 0.9698720 0.8299858 0.8516536 0.8313087 0.9309515 0.6523512 0.8863254 1.1441303 0.8692827 1.1253395 0.9804210 1.0652828 0.9855450 0.9005794 0.9304584 1.0068858 1.0408392 1.1013862 0.9991361 1.1855748 1.2570806 1.2902173 1.5997744 1.1144412 1.1706159 1.3091114 1.2035263 1.1906983 1.2352794 1.3936085 1.3809592 1.3646469 1.3563932 0.8346570 1.8023842 1.8023842 1.2699002 2.1303477 1.3113714 1.2659613 1.3921263 1.4675958 2.0915029 2.1016224 0.2330213 
Horcal_Hcv1.av93.c6.g275.i1                                      1.1854926 1.0318463 1.0961279 1.5789510 1.0708688 0.9963571 0.9251669 0.9586334 1.0874489 1.1906693 1.1956400 1.1214520 1.1821708 1.1045640 0.2883335 0.2921852 0.2734938 0.2604301 0.2592939 0.0000000 0.0099243 0.4180768 0.2813266 0.2748549 0.2792418 0.3564151 0.3214499 0.3214499 0.3408210 0.3373257 0.3183239 0.3183239 0.3626747 0.3445404 0.3166289 0.3166289 0.3355718 1.0816598 1.2242512 1.2696062 1.2874071 0.9585284 1.1112397 1.2108374 1.0873514 1.0490028 1.1130431 1.1130431 1.2158703 1.0427342 1.1446552 1.1536673 1.0049085 0.9968024 0.9877862 1.0280534 0.8775434 1.0805626 1.2105750 1.0228993 0.8894623 0.9193359 0.9033955 0.9891396 0.8482406 0.9496519 1.2014977 0.9503482 1.1350852 1.0115294 1.1087051 1.0825959 1.0373572 1.0147996 1.0763059 1.0901314 1.1247930 1.0005270 1.2184136 1.3114361 1.2864091 1.5759725 1.1929147 1.2271295 1.2583750 1.2036325 1.2482957 1.2416217 1.4202957 1.4553661 1.4548787 1.4416318 0.7385654 1.8652723 1.8652723 1.2919773 2.2109577 1.3469485 1.3416300 1.4242766 1.4426537 2.2884612 2.6414053 0.0389464 
Pbac_sb2643802                                                   0.6511731 0.6589456 0.0000010 0.0000010 0.6408945 0.6104291 0.5997130 0.6353938 0.4817059 0.5313240 0.0000010 0.4161724 0.5432371 0.4258405 0.6728018 0.3073589 0.0000010 0.0000010 0.1396180 0.0099243 0.0000000 0.2064611 0.2097196 0.2211704 0.2211704 1.9250281 0.3462393 0.3462393 0.2727520 0.2727520 0.3462393 0.3462393 0.2572905 0.2727520 0.3462393 0.3462393 0.2512681 0.6375988 0.6223163 1.2089382 0.5999768 0.6601720 0.9435248 0.0000010 1.1002673 0.6619822 0.6599352 0.6599352 1.4309364 2.9787251 0.6793391 0.5658061 0.5229845 0.5401866 0.5251093 0.5551005 0.5538885 0.4721705 0.0000010 0.5083136 0.5455946 0.5028408 0.4925446 0.5142631 0.5142631 0.5653757 0.5610729 0.5853527 0.5407641 0.5291012 0.5481508 0.5030965 0.5030965 0.4925592 0.5143836 0.5085639 0.4825899 0.6112024 0.6005940 0.5862232 0.5795064 1.6264015 0.7339634 0.6073538 0.5594192 0.6402124 0.6426911 0.6445305 0.6457931 0.7052794 0.7830722 0.7945835 0.2351024 1.0587836 1.0587836 0.7348809 0.0000010 0.8265082 0.8110955 0.7676584 0.6578217 0.0000010 0.7493503 0.0000010 
Lampan_Lpan_15841_01                                             1.0679823 1.0102999 9.0000000 9.0000000 1.3545766 1.3230485 1.1634664 1.3296864 1.1322763 1.2295200 1.7226749 1.1674352 1.1838293 0.9149084 0.5289192 0.3282234 0.8603360 2.9503612 0.3527511 0.4180768 0.2064611 0.0000000 0.3451573 0.3542011 0.3490688 4.5607059 0.5890517 0.5890517 0.4640757 0.4681279 0.5972441 0.5972441 0.5081273 0.3839728 0.3979864 0.3979864 0.4464893 0.8726932 1.0977151 1.2086755 1.0789445 0.8429916 1.4679176 8.9999980 1.1383366 0.9269741 1.1532506 1.1532506 1.1765168 1.0020471 1.1454357 1.3094360 1.1066552 1.0681488 1.0640888 1.0915307 0.8376271 0.9842121 2.1857765 1.0716230 0.8801086 0.8778127 0.8932032 0.8923351 0.7073907 0.9836703 0.9516143 0.8361153 0.9851529 1.0349543 1.0058541 1.1071787 0.9491222 1.0457008 0.9765043 1.1152617 1.0505986 0.9938415 1.1803334 1.3694270 1.3088919 5.6964195 1.1775939 1.0557654 1.3081368 1.3058891 1.2498977 1.2545590 1.4714032 1.4365016 1.4821213 1.3966689 0.7722120 5.2922385 5.2922385 1.3038731 5.2208074 1.4196888 1.1844991 1.3627202 1.2787414 8.9999981 1.1943876 8.9999990 
Beraby_Baby_sb336947                                             1.2257540 1.1057895 1.2255657 1.7023508 1.1003523 1.1384090 1.0363292 1.0987749 1.2028973 1.1357652 1.0850778 1.0976705 1.1462992 1.0808346 0.2241781 0.1946417 0.1944967 0.2127689 0.1663186 0.2813266 0.2097196 0.3451573 0.0000000 0.2264926 0.2288717 0.3179109 0.3306586 0.3306586 0.3508051 0.3230606 0.2966851 0.2966851 0.3668086 0.3615008 0.3366163 0.3366163 0.3264375 1.0690833 1.2914120 1.3047094 1.3000438 0.9613954 1.1001043 1.2482277 1.0816054 1.0330955 1.1776447 1.1776447 1.2296304 0.9577089 1.1504533 1.1835393 1.0486724 1.0679071 1.0309219 1.0894930 0.9044632 1.0762143 1.2546551 1.0319248 0.9107268 0.9451353 0.9188174 1.0197719 0.8112355 0.9629739 1.2213335 0.8777977 1.1330844 1.0980627 1.1820907 1.1124670 1.1028073 1.0614856 1.0770172 1.1177255 1.1920151 1.0592090 1.2817064 1.3391150 1.3674610 1.9344709 1.2357803 1.2593267 1.3384939 1.2531425 1.2909058 1.3202915 1.4584203 1.4189076 1.4801275 1.4441782 0.9188092 2.0574342 2.0574342 1.3567494 2.3118085 1.4319485 1.3584950 1.5475772 1.4972920 2.1244483 1.7568475 0.2411001 
Bolinf_Binf_sb1230725                                            1.1188267 0.9569651 1.0740483 1.5597198 0.9978197 0.9797210 0.9731041 0.9207942 1.1061506 1.0749714 1.0870107 1.0259018 1.0985499 1.0157694 0.2468283 0.2405532 0.2359172 0.2567956 0.2304508 0.2748549 0.2211704 0.3542011 0.2264926 0.0000000 0.0000010 0.0198743 0.2497100 0.2497100 0.2913976 0.2780812 0.2357780 0.2357780 0.2842840 0.3022246 0.2447088 0.2447088 0.2882086 1.0292906 1.2169194 1.2726850 1.1875256 0.9529015 1.0677122 1.1394645 1.0976978 1.0692217 1.1254339 1.1254339 1.2273572 1.0440178 1.0858181 1.1373313 0.9967178 1.0579934 1.0334270 1.0403680 0.9869546 1.0511548 1.2002240 0.9476822 0.8469391 0.8673409 0.8276580 0.9223163 0.7855015 0.8525528 1.1362706 0.8889568 1.0880475 1.0202361 1.1017597 1.0765195 0.9780890 1.0167017 0.9663638 1.1217978 1.1359303 0.9878495 1.2821796 1.3997222 1.3259477 1.6996200 1.1760377 1.1938818 1.3828429 1.1993530 1.2039618 1.2895276 1.3970609 1.4771618 1.4093808 1.4059941 0.8252420 2.0148864 2.0148864 1.3156006 2.1648068 1.3891712 1.3791550 1.4223994 1.5080769 2.0999859 2.6064975 0.2636443 
Mertsp_Mesp_sb568584                                             1.1156845 0.9547657 1.0740483 1.5597198 1.0079650 0.9783178 0.9731041 0.9197275 1.1149557 1.0773511 1.0870107 1.0283831 1.1009170 1.0157694 0.2468283 0.2431746 0.2349593 0.2567956 0.2329824 0.2792418 0.2211704 0.3490688 0.2288717 0.0000010 0.0000000 0.0198743 0.2497100 0.2497100 0.2913976 0.2780812 0.2357780 0.2357780 0.2889624 0.3022246 0.2447088 0.2447088 0.2902463 1.0275537 1.2138736 1.2726850 1.1909461 0.9529015 1.0677122 1.1394645 1.0976978 1.0692217 1.1256065 1.1256065 1.2273572 1.0440178 1.0836612 1.1457328 1.0047489 1.0604035 1.0358863 1.0427936 0.9869546 1.0521650 1.2002240 0.9596744 0.8497385 0.8699485 0.8303264 0.9248981 0.7855015 0.8556036 1.1389575 0.8889568 1.0909179 1.0227077 1.1040740 1.0872895 0.9960741 1.0215246 0.9650360 1.1188181 1.1251604 1.0046835 1.2816746 1.4040677 1.3259607 1.6996200 1.1783234 1.1986392 1.3844889 1.1963623 1.2002202 1.2859046 1.4074433 1.4954530 1.4187452 1.4076988 0.8835291 2.0148864 2.0148864 1.3116802 2.1648068 1.3935693 1.3747802 1.4208973 1.5064123 2.0999859 2.6030141 0.2636443 
Bolinf_Binf_sb1230726                                            1.5340164 1.1436272 1.0740483 1.5597198 1.1947131 1.1104527 1.1035007 1.0240814 1.3142854 1.2377387 1.2100086 1.2603055 1.3418223 1.6756151 0.2732845 0.2928699 0.2652926 0.2624279 0.2992062 0.3564151 1.9250281 4.5607059 0.3179109 0.0198743 0.0198743 0.0000000 0.2868354 0.2868354 0.3195613 0.2884068 0.2598009 0.2598009 0.2958394 0.3974545 0.3225047 0.3225047 0.3230477 1.6696620 1.8788167 1.7588212 1.9007828 1.2527205 1.2705848 1.2396240 1.2734385 1.4970052 1.4771316 1.4771316 1.9504102 9.0000000 1.5393262 1.4454679 1.3311121 1.3934546 1.3415219 1.3568052 1.4447286 1.4363320 1.4124949 1.3174590 1.3011319 1.2866011 1.1900657 1.4662545 2.4507461 1.2247606 3.0335879 1.2043910 1.6673164 1.4185321 1.4033999 1.4799904 5.1588255 1.3428852 1.5131396 1.5082986 1.5509525 1.2973891 1.6527702 1.5609291 1.5621897 1.1425521 1.4255170 1.4747019 1.8246006 1.4207305 1.4931322 1.5322531 1.5563850 1.8208835 1.7130653 1.6284816 9.0000000 2.0181116 2.0181116 1.7695067 2.2240711 1.7539966 1.7972075 2.3556941 2.1755261 2.0999859 7.9183543 0.2636443 
Coeast_Cast_sb797184                                             1.0972493 1.0078017 0.9784075 1.4933843 0.9432927 1.0046464 1.0063577 0.9998655 1.1721951 1.1719764 1.1024004 1.1163989 1.1618771 1.1218895 0.2961062 0.3055161 0.3011127 0.3614189 0.3067622 0.3214499 0.3462393 0.5890517 0.3306586 0.2497100 0.2497100 0.2868354 0.0000000 0.0000010 0.0000010 0.0282227 0.0282227 0.0282227 0.0390905 0.0490369 0.0490369 0.0490369 0.1792650 1.0812893 1.2482878 1.1667351 1.3149690 1.1015776 1.0528556 1.1866408 1.1060140 1.1883885 1.0986904 1.0986904 1.2535516 0.9395116 1.2150873 1.1406127 0.9761727 1.1034873 1.0905623 1.1166024 1.1176939 1.0884292 1.2058190 0.8652419 0.8528552 0.8442404 0.8752825 0.9055098 1.1575477 0.8538569 1.3870385 0.9440322 1.2432643 1.0966781 1.2300836 1.0736654 1.2032666 1.0104023 1.1887650 1.0323677 1.1772123 0.9746031 1.3753130 1.4479498 1.5672039 2.9243205 1.3713414 1.3447274 1.4017632 1.3342828 1.5180059 1.3646312 1.6938520 1.5732432 1.6435726 1.5246248 0.0000010 2.8411558 2.8411558 1.5558886 3.2518632 1.5059958 1.4225766 1.4865299 1.6726489 3.2077829 5.4165691 0.3566902 
Coeast_Cast_sb797185                                             1.0972493 1.0078017 0.9784075 1.4933843 0.9432927 1.0046464 1.0063577 0.9998655 1.1721951 1.1719764 1.1024004 1.1163989 1.1618771 1.1218895 0.2961062 0.3055161 0.3011127 0.3614189 0.3067622 0.3214499 0.3462393 0.5890517 0.3306586 0.2497100 0.2497100 0.2868354 0.0000010 0.0000000 0.0000010 0.0282227 0.0282227 0.0282227 0.0390905 0.0490369 0.0490369 0.0490369 0.1792650 1.0812893 1.2482878 1.1667351 1.3149690 1.1015776 1.0528556 1.1866408 1.1060140 1.1883885 1.0986904 1.0986904 1.2535516 0.9395116 1.2150873 1.1406127 0.9761727 1.1034873 1.0905623 1.1166024 1.1176939 1.0884292 1.2058190 0.8652419 0.8528552 0.8442404 0.8752825 0.9055098 1.1575477 0.8538569 1.3870385 0.9440322 1.2432643 1.0966781 1.2300836 1.0736654 1.2032666 1.0104023 1.1887650 1.0323677 1.1772123 0.9746031 1.3753130 1.4479498 1.5672039 2.9243205 1.3713414 1.3447274 1.4017632 1.3342828 1.5180059 1.3646312 1.6938520 1.5732432 1.6435726 1.5246248 0.0000010 2.8411558 2.8411558 1.5558886 3.2518632 1.5059958 1.4225766 1.4865299 1.6726489 3.2077829 5.4165691 0.3566902 
Coeast_Cast_sb797183                                             1.0140057 0.9654995 0.9784075 1.4933843 0.8667681 0.9526567 0.9401456 0.9394485 1.0005375 1.0808952 1.1024004 1.0182467 1.0616160 0.9466764 0.3283755 0.3279042 0.3011127 0.3614189 0.3366127 0.3408210 0.2727520 0.4640757 0.3508051 0.2913976 0.2913976 0.3195613 0.0000010 0.0000010 0.0000000 0.0206667 0.0282227 0.0282227 0.0339219 0.0313370 0.0490369 0.0490369 0.1648355 0.9481908 1.1041122 1.1667351 1.0866583 0.9499737 1.0528556 1.1866408 1.0656679 1.0068536 0.9816142 0.9816142 1.2375579 0.9395116 1.0498255 1.0570161 0.9388120 0.9802552 0.9612719 0.9871518 0.9392279 0.9389663 1.2058190 0.7869831 0.7553563 0.7595910 0.7836335 0.7922511 0.6632811 0.7752104 1.0607058 0.8533220 0.9603173 0.9653337 1.0261765 0.9668057 0.9607607 0.9082411 1.0392482 0.9523384 0.9827563 0.9094030 1.2090944 1.1989138 1.2933748 3.6115926 1.1773641 1.1833394 1.1957597 1.1571715 1.2758597 1.1511801 1.4207624 1.3829234 1.4052735 1.3006628 0.6308400 2.6277682 2.6277682 1.3099888 2.9899578 1.3218921 1.2022474 1.2709886 1.3786408 3.2077829 2.9935799 0.3566902 
Coeast_Cast_sb797180                                             1.1586604 0.9654995 0.9784075 1.4631356 0.8734419 0.9523601 0.9391899 0.8977360 1.0338191 1.0712595 1.0645769 1.0322586 1.0379467 0.9473305 0.3045096 0.3263485 0.3010044 0.3522137 0.3177142 0.3373257 0.2727520 0.4681279 0.3230606 0.2780812 0.2780812 0.2884068 0.0282227 0.0282227 0.0206667 0.0000000 0.0000010 0.0000010 0.0118854 0.0313370 0.0490369 0.0490369 0.1460819 0.9947350 1.1333384 1.2194667 1.1486798 0.9491179 1.0519972 1.1647325 1.0591170 1.0551539 1.0931476 1.0931476 1.2243075 0.9395116 1.0649373 1.0475571 0.9594509 0.9795656 0.9614232 0.9811194 0.9401910 1.0142378 1.2297385 0.8334166 0.7732689 0.8047813 0.7869337 0.8672556 0.6632811 0.7942388 1.0695572 0.8683619 1.0866340 0.9640636 1.0219285 0.9879852 0.9607607 0.9217281 1.0232761 0.9608664 1.0192389 0.9171065 1.2379782 1.1871351 1.2896134 1.9504588 1.1555442 1.1919572 1.2435755 1.1225469 1.2487006 1.1576025 1.3737615 1.4372412 1.3844381 1.3124125 0.6308400 2.1619886 2.1619886 1.3102496 2.3854440 1.3348475 1.2227799 1.3203803 1.4200266 2.4467441 3.5351839 0.3480939 
Coeast_Cast_sb797181                                             1.3014555 1.0078017 0.9784075 1.4631356 0.9479911 1.0013810 1.0014427 0.9401988 1.2067824 1.1528533 1.0645769 1.1296015 1.1223212 1.1198452 0.2745744 0.3051068 0.3010044 0.3522137 0.2852927 0.3183239 0.3462393 0.5972441 0.2966851 0.2357780 0.2357780 0.2598009 0.0282227 0.0282227 0.0282227 0.0000010 0.0000000 0.0000010 0.0094081 0.0490369 0.0490369 0.0490369 0.1526159 1.1381246 1.2791944 1.2194667 1.3909260 1.0911424 1.0519972 1.1647325 1.0952873 1.2467186 1.2525641 1.2525641 1.2383695 0.9395116 1.2238686 1.1224905 1.0019515 1.0950657 1.0830134 1.1005216 1.1075841 1.1853938 1.2297385 0.9247493 0.8730816 0.9024565 0.8746434 1.0061071 1.1575477 0.8756462 1.3750151 0.9594269 1.4394658 1.0863755 1.2100966 1.0971001 1.2032666 1.0221496 1.1551691 1.0374028 1.2177893 0.9848336 1.4051674 1.4089537 1.5409836 1.2505861 1.3257452 1.3436477 1.4573706 1.2710195 1.4590067 1.3556331 1.6056163 1.6379983 1.5930844 1.5236688 0.0000010 2.2535403 2.2535403 1.5358268 2.4942139 1.5098694 1.4348077 1.5602148 1.7138615 2.4467441 6.3336417 0.3480939 
Coeast_Cast_sb797182                                             1.3014555 1.0078017 0.9784075 1.4631356 0.9479911 1.0013810 1.0014427 0.9401988 1.2067824 1.1528533 1.0645769 1.1296015 1.1223212 1.1198452 0.2745744 0.3051068 0.3010044 0.3522137 0.2852927 0.3183239 0.3462393 0.5972441 0.2966851 0.2357780 0.2357780 0.2598009 0.0282227 0.0282227 0.0282227 0.0000010 0.0000010 0.0000000 0.0094081 0.0490369 0.0490369 0.0490369 0.1526159 1.1381246 1.2791944 1.2194667 1.3909260 1.0911424 1.0519972 1.1647325 1.0952873 1.2467186 1.2525641 1.2525641 1.2383695 0.9395116 1.2238686 1.1224905 1.0019515 1.0950657 1.0830134 1.1005216 1.1075841 1.1853938 1.2297385 0.9247493 0.8730816 0.9024565 0.8746434 1.0061071 1.1575477 0.8756462 1.3750151 0.9594269 1.4394658 1.0863755 1.2100966 1.0971001 1.2032666 1.0221496 1.1551691 1.0374028 1.2177893 0.9848336 1.4051674 1.4089537 1.5409836 1.2505861 1.3257452 1.3436477 1.4573706 1.2710195 1.4590067 1.3556331 1.6056163 1.6379983 1.5930844 1.5236688 0.0000010 2.2535403 2.2535403 1.5358268 2.4942139 1.5098694 1.4348077 1.5602148 1.7138615 2.4467441 6.3336417 0.3480939 
Coemet_Cmet_C602145_01                                           1.2346720 1.0648526 0.9503604 1.4348031 0.9991541 1.0456269 0.9730068 0.9915789 1.1596944 1.1816117 1.0789775 1.1349899 1.1178016 0.9993501 0.2994668 0.3612440 0.3107910 0.3504858 0.3388913 0.3626747 0.2572905 0.5081273 0.3668086 0.2842840 0.2889624 0.2958394 0.0390905 0.0390905 0.0339219 0.0118854 0.0094081 0.0094081 0.0000000 0.0457568 0.0603582 0.0603582 0.1706060 1.0643588 1.2208522 1.2469466 1.2657177 0.9382428 1.0480115 1.1490152 1.0655844 1.0509162 1.1682719 1.1682719 1.2340540 0.9616018 1.1439890 1.1716682 1.0369225 1.0728910 1.0562874 1.0934407 0.9516011 1.1130114 1.2457096 0.9771487 0.8856801 0.9179843 0.9021539 0.9923169 0.7985111 0.9232211 1.2235237 0.8774110 1.2249921 1.0717773 1.1476204 1.1122324 1.1719985 1.0385335 1.0759331 1.0957658 1.1450997 0.9581837 1.3507325 1.2820359 1.3542581 1.9504588 1.2656273 1.2366939 1.2961166 1.2502408 1.3271605 1.2817614 1.4875266 1.5370334 1.4747108 1.3966804 1.0330972 2.1527338 2.1527338 1.3875023 2.3758364 1.4310537 1.3136125 1.3880950 1.5163616 2.4179453 3.4945672 0.3605018 
Coeast_Cast_sb797186                                             1.0507553 1.0902867 1.0217391 1.1841187 0.8836919 1.0489672 1.0488845 1.0191717 1.0924592 1.1992103 1.2658641 1.1102550 1.1477977 0.9496082 0.3386928 0.3314938 0.2906204 0.5037085 0.3490285 0.3445404 0.2727520 0.3839728 0.3615008 0.3022246 0.3022246 0.3974545 0.0490369 0.0490369 0.0313370 0.0313370 0.0490369 0.0490369 0.0457568 0.0000000 0.0000010 0.0000010 0.1842396 0.9290904 1.0959455 1.2102844 1.0647485 1.0075296 1.1632889 1.5479397 1.1764512 1.0625274 1.0554975 1.0554975 1.2297478 0.9395116 1.1087790 1.1161276 1.0227126 0.9784771 0.9673117 0.9648871 0.9231598 0.9206571 1.2464035 0.8049352 0.7499653 0.7853256 0.7878917 0.7671167 0.6632811 0.7864467 0.7242553 0.8577195 0.9232702 0.9430673 1.0264784 1.0214737 0.9607607 0.9739246 1.0405824 0.9947272 0.9684107 0.9174283 1.2416846 1.2318206 1.3605844 4.2575363 1.1842362 1.2129238 1.2213778 1.1691124 1.2802432 1.2163923 1.5229932 1.4967305 1.4388109 1.3304192 0.6308400 5.7548002 5.7548002 1.2995623 4.8002977 1.3602354 1.2261296 1.1903922 1.2780327 9.0000000 2.2156188 1.3219958 
Coeast_Cast_sb797187                                             1.2137147 1.2278394 1.0217391 1.1841187 1.0153625 1.1920561 1.2271478 1.1700991 1.4441769 1.4222199 1.2658641 1.3288430 1.3622165 1.1451746 0.2898364 0.2994907 0.2906204 0.5037085 0.3078881 0.3166289 0.3462393 0.3979864 0.3366163 0.2447088 0.2447088 0.3225047 0.0490369 0.0490369 0.0490369 0.0490369 0.0490369 0.0490369 0.0603582 0.0000010 0.0000000 0.0000010 0.2185066 1.1247597 1.3140405 1.2102844 1.4034206 1.2940387 1.1632889 1.5479397 1.2929028 1.3949852 1.2969967 1.2969967 1.2458728 0.9395116 1.4159796 1.2852878 1.1300212 1.1712882 1.1768244 1.1512823 1.2081694 1.1427743 1.2464035 0.9382828 0.9063479 0.9353835 0.9351668 0.9233797 1.1575477 0.9001829 0.8512482 1.0031060 1.3994281 1.1292900 1.3468459 1.2298802 1.2032666 1.1859062 1.2733490 1.1475755 1.2649981 1.0221986 1.5289655 1.6702849 1.8761557 9.0000000 1.4982866 1.4956253 1.5726150 1.4658703 1.6788310 1.6294134 2.0538324 1.9069811 1.8505797 1.7168836 0.0000010 8.9999983 8.9999983 1.6825047 8.0638410 1.6856345 1.5948891 1.3861714 1.6620808 9.0000000 4.7318105 1.3219958 
Coeast_Cast_sb797188                                             1.2137147 1.2278394 1.0217391 1.1841187 1.0153625 1.1920561 1.2271478 1.1700991 1.4441769 1.4222199 1.2658641 1.3288430 1.3622165 1.1451746 0.2898364 0.2994907 0.2906204 0.5037085 0.3078881 0.3166289 0.3462393 0.3979864 0.3366163 0.2447088 0.2447088 0.3225047 0.0490369 0.0490369 0.0490369 0.0490369 0.0490369 0.0490369 0.0603582 0.0000010 0.0000010 0.0000000 0.2185066 1.1247597 1.3140405 1.2102844 1.4034206 1.2940387 1.1632889 1.5479397 1.2929028 1.3949852 1.2969967 1.2969967 1.2458728 0.9395116 1.4159796 1.2852878 1.1300212 1.1712882 1.1768244 1.1512823 1.2081694 1.1427743 1.2464035 0.9382828 0.9063479 0.9353835 0.9351668 0.9233797 1.1575477 0.9001829 0.8512482 1.0031060 1.3994281 1.1292900 1.3468459 1.2298802 1.2032666 1.1859062 1.2733490 1.1475755 1.2649981 1.0221986 1.5289655 1.6702849 1.8761557 9.0000000 1.4982866 1.4956253 1.5726150 1.4658703 1.6788310 1.6294134 2.0538324 1.9069811 1.8505797 1.7168836 0.0000010 8.9999983 8.9999983 1.6825047 8.0638410 1.6856345 1.5948891 1.3861714 1.6620808 9.0000000 4.7318105 1.3219958 
