131
Eupdun_Edun_sb10672135                                 0.0000000 0.0000010 0.0053727 0.0000010 0.0676708 0.0676708 0.0752992 0.1183938 0.1751097 9.0000000 9.0000000 0.1241290 0.1273807 0.1249315 0.1305812 0.1332160 0.1044600 0.1044600 0.0987424 0.1183699 0.1183699 0.1125352 0.1125352 0.1995764 0.0987976 0.0987976 0.3218462 0.3218462 0.3044814 0.3044814 0.2752076 0.2752076 0.1249315 0.1273325 0.0685968 0.0853450 0.0995262 0.0713940 0.1501246 0.1606848 0.1666573 0.3404121 0.0000010 1.0738751 0.3019881 0.3422484 0.3112769 0.3351610 0.3351610 0.3176191 0.3288014 0.3225778 0.3307512 0.3527128 0.3528743 0.3564716 0.3990635 0.3107472 0.2924323 0.3331545 0.3074439 0.3074439 0.3018456 0.3155162 0.3377805 0.3793661 0.3793661 0.3892381 0.3581207 0.3543805 0.3543805 0.3711071 0.3464930 0.3607945 0.3607945 0.4092153 0.5823524 0.5235956 0.5759648 0.4707527 0.5198746 0.6134399 0.4589559 0.8993780 0.8993780 0.5397208 0.7324381 0.0000010 0.5391936 0.5391936 0.7345774 0.1995869 0.5130376 0.5104090 0.5908710 0.6096500 0.6223492 0.5572458 0.4751144 0.6149263 0.5321040 0.3965113 0.6233827 0.6233827 0.3979890 0.7728301 0.6765113 0.6173121 0.7286947 0.0000010 0.6798788 0.3620017 0.7056582 0.5873684 0.5830625 0.5990815 0.6569485 0.5566637 0.8068471 0.8313658 0.8809308 1.3533869 0.9683332 0.6136538 1.0244762 2.0983153 0.0000010 1.8702641 0.0000010 1.8103843 4.9807936 
Eupdun_Edun_sb10672138                                 0.0000010 0.0000000 0.0160507 0.0128329 0.0676708 0.0531086 0.0862794 0.1242373 0.1970405 2.6614242 4.4026805 0.1360264 0.1273807 0.1367678 0.1651620 0.1810162 0.1044600 0.1044600 0.1082311 0.1139430 0.1139430 0.1125352 0.1125352 0.1995764 0.0943543 0.0943543 0.3218462 0.3218462 0.3044814 0.3044814 0.2752076 0.2752076 0.1429167 0.1382422 0.0685968 0.0740835 0.1212530 0.0620578 0.1405615 0.1687173 0.1473414 0.3404121 0.0000010 1.0738751 0.3760371 0.4119441 0.3847412 0.4058661 0.4058661 0.3110382 0.4127228 0.3087169 0.3972441 0.4267479 0.4280881 0.4015653 0.4302298 0.3910141 0.3592232 0.3805406 0.3721802 0.2948997 0.4031793 0.4027233 0.3377805 0.4542223 0.4542223 0.4291960 0.4562400 0.4530762 0.4505100 0.4827636 0.3474543 0.4435225 0.3926936 0.5157740 0.6213814 0.5666022 0.5883108 0.5018893 0.5653566 0.7203533 0.4589559 0.8993780 0.8993780 0.5698282 0.7324381 0.0000010 0.6373746 0.6373746 0.7345774 0.1995869 0.5793965 0.7162745 0.8086207 0.6096500 0.8095122 0.7523452 0.6458456 0.7440636 0.6787976 0.4403949 0.6879539 0.6879539 0.5248112 0.9759243 0.9664547 0.8240847 0.9607577 0.0000010 0.9022828 0.9642695 0.9550058 0.8129447 0.8010032 0.8691918 0.8975818 0.8232520 0.8421524 0.8515520 0.8809308 1.6107042 1.2014796 0.7643684 1.1116244 2.0328034 0.0000010 2.0781552 0.0000010 1.7416356 4.8417881 
Eupdun_Edun_sb10672139                                 0.0053727 0.0160507 0.0000000 0.0000010 0.0752992 0.0862794 0.0670948 0.1391854 0.1693146 0.3633542 0.9053260 0.1523070 0.1273807 0.1533086 0.1382316 0.1410097 0.1044600 0.1044600 0.1187649 0.1391876 0.1391876 0.1125352 0.1125352 0.1995764 0.1188053 0.1188053 0.3218462 0.3218462 0.3044814 0.3044814 0.2752076 0.2752076 0.1588850 0.1361457 0.0685968 0.1046963 0.1241568 0.0967150 0.1745989 0.1835481 0.1918381 0.3404121 0.0000010 1.0738751 0.3356091 0.3778858 0.3455802 0.3705755 0.3705755 0.3360508 0.3638024 0.3412170 0.3662980 0.3896602 0.3898404 0.3867251 0.4103775 0.3453925 0.3258155 0.3687165 0.3417231 0.3255617 0.3672717 0.3429532 0.3377805 0.4066100 0.4066100 0.4244699 0.3709579 0.3671955 0.3671955 0.3693092 0.3606690 0.3735738 0.3735738 0.4536793 0.6091968 0.5492927 0.6237677 0.5154159 0.5648377 0.6735635 0.4589559 0.8993780 0.8993780 0.5814553 0.7324381 0.0000010 0.5810214 0.5810214 0.7345774 0.1995869 0.5312010 0.5543669 0.6447495 0.6589130 0.6656882 0.6216616 0.5071788 0.6663840 0.5661616 0.4332017 0.6809885 0.6809885 0.4937270 0.8317684 0.7473624 0.6891260 0.7940826 0.0000010 0.7431509 0.4619555 0.7530205 0.6390448 0.6408146 0.6716326 0.7272493 0.6590046 0.8715646 0.9004110 0.8809308 1.3829941 1.0176718 0.6797538 1.0819989 2.2205574 0.0000010 1.8702641 0.0000010 1.8728612 5.4901659 
Eupdun_Edun_sb10672141                                 0.0000010 0.0128329 0.0000010 0.0000000 0.0838177 0.0978752 0.0816810 0.1366215 0.1693146 0.3633542 0.9053260 0.1433448 0.1287705 0.1444601 0.1305812 0.1332160 0.1053846 0.1053846 0.1197091 0.1355418 0.1355418 0.1137566 0.1137566 0.1995764 0.1282332 0.1282332 0.3218462 0.3218462 0.2303341 0.2303341 0.2303341 0.2303341 0.1581842 0.1313422 0.0736340 0.1122782 0.1171230 0.1019718 0.1806952 0.2019023 0.2099705 0.3404121 0.0000010 1.0738751 0.3706132 0.4017085 0.3702217 0.4029771 0.4029771 0.3655061 0.3862862 0.3732691 0.3846387 0.3982568 0.3984776 0.3903838 0.4168628 0.3689448 0.3382314 0.4069537 0.3747402 0.3630652 0.4540487 0.3739282 0.3377805 0.4344013 0.4344013 0.4513190 0.4080647 0.4035823 0.4035823 0.3892277 0.3957813 0.4109118 0.4109118 0.4406775 0.6035584 0.5309333 0.6131063 0.4808397 0.5415663 0.6553943 0.4589559 0.8993780 0.8993780 0.5816027 0.7438684 0.0000010 0.6213700 0.6213700 0.7345774 0.1995869 0.6100574 0.5899102 0.7578473 0.9632627 0.7513781 0.6747692 0.5428561 0.6948343 0.6217090 0.6347627 0.6656685 0.6656685 0.6498501 0.9691018 0.8727527 0.8001237 0.9005585 0.0000010 0.8439820 0.6658428 0.8831432 0.7854028 0.7734402 0.8017475 0.7925087 0.6980482 0.8455559 0.8601876 0.8809308 1.2041545 1.2184999 0.7916002 1.2073465 2.5355417 0.0000010 2.2790266 0.0000010 2.0419643 5.1311036 
Eupdun_Edun_sb10672136                                 0.0676708 0.0676708 0.0752992 0.0838177 0.0000000 0.0000010 0.0053321 0.1275276 0.1945884 9.0000000 9.0000000 0.1306669 0.1352479 0.1315134 0.1391393 0.1419532 0.1170644 0.1170644 0.1106333 0.1272077 0.1272077 0.1202605 0.1202605 0.1995764 0.1050983 0.1050983 0.3218462 0.3218462 0.2960866 0.2960866 0.2676528 0.2676528 0.1315134 0.1340532 0.0758719 0.0969694 0.1072520 0.0789772 0.1544306 0.1618503 0.1678455 0.3404121 0.0000010 1.0738751 0.2745756 0.3292400 0.3085954 0.2994516 0.2994516 0.3112962 0.3225122 0.3199501 0.3403531 0.3629612 0.3631274 0.3653565 0.3991140 0.3276016 0.3085103 0.3724375 0.3219429 0.3219429 0.2916173 0.3113983 0.3390039 0.3871703 0.3871703 0.3896042 0.3745814 0.3684662 0.3684662 0.3877874 0.3605613 0.4066890 0.4066890 0.4329341 0.6157578 0.5318320 0.5926081 0.4868423 0.5238865 0.6174555 0.4589559 0.9067869 0.9067869 0.5369094 0.6859593 0.0000010 0.5286353 0.5286353 0.7345774 0.1995869 0.5228466 0.5356864 0.5787878 0.5805657 0.6039069 0.5771059 0.4734750 0.6046251 0.5761503 0.3965113 0.6222115 0.6222115 0.3564708 0.7953349 0.6638525 0.6281251 0.7565278 0.0000010 0.7232851 0.3897702 0.7706701 0.6470358 0.6374496 0.6323652 0.6611575 0.5657608 0.8153486 0.8463324 0.8809308 1.3787293 0.9970624 0.5961126 0.9930502 2.1282297 0.0000010 1.8702641 0.0000010 1.8277977 5.2865807 
Eupdun_Edun_sb10672137                                 0.0676708 0.0531086 0.0862794 0.0978752 0.0000010 0.0000000 0.0159301 0.1316651 0.2171617 2.6828800 4.4057272 0.1416140 0.1352479 0.1423871 0.1741311 0.1904079 0.1170644 0.1170644 0.1178828 0.1209719 0.1209719 0.1202605 0.1202605 0.1995764 0.0994514 0.0994514 0.3218462 0.3218462 0.2960866 0.2960866 0.2676528 0.2676528 0.1495773 0.1449489 0.0758719 0.0835197 0.1275396 0.0686005 0.1441934 0.1696985 0.1483089 0.3404121 0.0000010 1.0738751 0.3517786 0.4004808 0.3828417 0.3744165 0.3744165 0.3052111 0.4074899 0.3062194 0.4057701 0.4359972 0.4373691 0.4094647 0.4303407 0.4065409 0.3733207 0.4139465 0.3844978 0.3082067 0.3944769 0.3980990 0.3390039 0.4604806 0.4604806 0.4288664 0.4708491 0.4654791 0.4628492 0.4977111 0.3609466 0.4851376 0.4326802 0.5368109 0.6494181 0.5731227 0.6020040 0.5152617 0.5685474 0.7238174 0.4589559 0.9067869 0.9067869 0.5672503 0.6859593 0.0000010 0.6269733 0.6269733 0.7345774 0.1995869 0.5882828 0.7413126 0.7960250 0.5805657 0.7897988 0.7710396 0.6442302 0.7326676 0.7200998 0.4403949 0.6868808 0.6868808 0.4904353 0.9969448 0.9502368 0.8322988 0.9900222 0.0000010 0.9464818 0.9942532 1.0207687 0.8723844 0.8559059 0.9026790 0.9013915 0.8324361 0.8492473 0.8637999 0.8809308 1.6365132 1.2284521 0.7491339 1.0834431 2.0562851 0.0000010 2.0781552 0.0000010 1.7569092 5.0974680 
Eupdun_Edun_sb10672140                                 0.0752992 0.0862794 0.0670948 0.0816810 0.0053321 0.0159301 0.0000000 0.1488243 0.1879450 0.4274712 0.9552918 0.1591713 0.1352479 0.1602204 0.1468356 0.1497935 0.1170644 0.1170644 0.1309595 0.1484782 0.1484782 0.1202605 0.1202605 0.1995764 0.1253320 0.1253320 0.3218462 0.3218462 0.2960866 0.2960866 0.2676528 0.2676528 0.1660030 0.1430527 0.0758719 0.1166180 0.1322266 0.1047550 0.1789522 0.1848450 0.1931801 0.3404121 0.0000010 1.0738751 0.3070044 0.3642969 0.3430478 0.3333012 0.3333012 0.3296088 0.3574104 0.3386462 0.3763993 0.4004997 0.4006855 0.3960826 0.4104584 0.3633814 0.3426196 0.4092222 0.3566679 0.3404469 0.3551371 0.3383470 0.3390039 0.4144219 0.4144219 0.4241614 0.3876376 0.3814482 0.3814482 0.3858998 0.3749664 0.4203797 0.4203797 0.4783028 0.6432571 0.5574075 0.6410709 0.5323007 0.5687955 0.6777345 0.4589559 0.9067869 0.9067869 0.5782150 0.6859593 0.0000010 0.5696020 0.5696020 0.7345774 0.1995869 0.5413409 0.5804922 0.6318933 0.6256870 0.6458392 0.6426659 0.5055288 0.6551120 0.6122777 0.4332017 0.6796924 0.6796924 0.4465392 0.8553145 0.7329440 0.6996374 0.8242517 0.0000010 0.7898975 0.4929395 0.8204413 0.7016982 0.6982670 0.7068995 0.7315899 0.6693383 0.8804860 0.9157566 0.8809308 1.4089688 1.0473205 0.6610249 1.0490764 2.2520592 0.0000010 1.8702641 0.0000010 1.8908606 5.8390349 
Drygla_Dgla_sb294804                                   0.1183938 0.1242373 0.1391854 0.1366215 0.1275276 0.1316651 0.1488243 0.0000000 0.0099681 0.0287154 0.0542578 0.0471988 0.0354999 0.0800306 0.0959999 0.1058392 0.0387048 0.0387048 0.0360421 0.0434926 0.0410417 0.0322760 0.0322760 0.0305724 0.0313096 0.0313096 0.0325045 0.0325045 0.0589261 0.0589261 0.0545116 0.0545116 0.0836557 0.0797385 0.0394709 0.0403626 0.0703500 0.0358497 0.0997230 0.1406745 0.1125841 0.0945276 0.2045860 0.2306789 0.2811256 0.3018998 0.2740965 0.3000299 0.3181387 0.2500528 0.2856584 0.3041046 0.3347733 0.3421049 0.3498729 0.3099682 0.3498077 0.2993652 0.2730639 0.3259985 0.3011847 0.2704233 0.3846652 0.2964667 0.2857750 0.4065902 0.3608835 0.3520252 0.3583585 0.3633468 0.3581895 0.3590598 0.3359456 0.3558303 0.3373361 0.3618833 0.4501008 0.4357144 0.5246299 0.4806102 0.4015397 0.5268818 0.3208603 0.4983600 0.7185513 0.4222596 0.5708617 0.4467445 0.4322387 0.4422950 0.1694601 0.2942158 0.5305617 0.6364044 0.6529326 0.5475871 0.5815493 0.5596650 0.5331766 0.6630552 0.6496516 0.4295609 0.6161772 0.6161772 0.5203606 0.8834692 0.7856807 0.7297720 0.8612525 0.7879460 0.8703690 1.4716994 0.7738941 0.6956943 0.6997352 0.7080614 0.7042510 0.8061517 0.7380918 0.8073135 0.6823543 0.7623337 1.0542204 0.7334269 1.0914002 2.1228764 1.3020441 1.3784052 0.6227007 1.6442397 3.5801644 
Drygla_Dgla_sb294805                                   0.1751097 0.1970405 0.1693146 0.1693146 0.1945884 0.2171617 0.1879450 0.0099681 0.0000000 0.0069064 0.0260151 0.0513597 0.0443540 0.1274081 0.0973291 0.0973291 0.0441661 0.0441661 0.0547894 0.0544177 0.0509571 0.0405569 0.0405569 0.0305724 0.0474846 0.0474846 0.0325045 0.0325045 0.0461353 0.0461353 0.0461353 0.0461353 0.1447328 0.1109376 0.0596717 0.0606075 0.1607312 0.1008843 0.1672477 0.2379421 0.1409913 0.0945276 0.2124597 0.2306789 0.2619848 0.2708303 0.2492093 0.2722271 0.2932545 0.2538797 0.2592386 0.3455118 0.3301220 0.3415100 0.3514837 0.2932300 0.3436010 0.2832934 0.2591072 0.3401895 0.3019043 0.3019043 0.9519207 0.2802402 0.2857750 0.4219306 0.3574685 0.3475531 0.3439164 0.3505636 0.3450050 0.3374533 0.3724809 0.3445616 0.3445616 0.3342720 0.4459091 0.4154891 0.5645740 0.5391347 0.4036423 0.4848649 0.3208603 0.4201264 0.5965210 0.4101952 0.5670487 0.4467445 0.4000144 0.4052686 0.1694601 0.2942158 0.5752827 0.5788510 0.5965304 1.9513927 0.5452817 0.5069102 0.4551578 0.6129074 0.6260077 0.6347627 0.6813112 0.6813112 1.5652678 0.8952551 0.7771912 0.7421870 0.8646736 0.7879460 0.9100262 6.3467476 0.6714514 0.6490768 0.6619038 0.6578934 0.6594796 1.0436135 0.7906094 0.9186408 0.6823543 0.5242964 1.1219799 1.6747109 1.2179372 2.5143623 1.3020441 1.2726230 0.6227007 1.8984452 3.2599192 
Bolinf_Binf_sb1233294                                  9.0000000 2.6614242 0.3633542 0.3633542 9.0000000 2.6828800 0.4274712 0.0287154 0.0069064 0.0000000 0.0000010 0.0214649 0.0070978 2.6614242 9.0000000 9.0000000 0.0142251 0.0142251 0.0286999 0.0506853 0.0433393 0.0361345 0.0361345 0.0287662 0.0509705 0.0509705 0.0287662 0.0287662 0.0070784 0.0070784 0.0070784 0.0070784 9.0000000 9.0000000 9.0000000 0.0310161 2.6614242 2.6614242 2.6614242 2.6614242 0.0812303 0.0286927 0.2098735 0.2077304 0.2484221 0.2573428 0.2409037 0.2506545 0.3013269 0.2471464 0.2391195 0.6876673 0.3224370 0.3429079 0.3429079 0.2765983 0.3127623 0.2693501 0.2376752 0.3011860 0.2784912 0.2784912 1.6207616 0.2056844 0.2198422 0.3056642 0.2275164 0.3143649 0.2824519 0.2890023 0.2894926 0.2733902 0.2401144 0.2795157 0.2795157 0.2967213 0.3068460 0.3086511 0.2497258 1.5368978 0.2802723 0.3901271 0.3155416 0.3272146 1.0321260 0.3185688 0.4674831 0.4467445 0.2942033 0.3022477 2.5893980 0.4017776 0.4948162 0.6454653 0.6339389 1.8405905 0.5093819 0.4034954 0.5090642 0.7082667 0.6710901 0.6347627 2.3615845 2.3615845 3.2966351 0.9445666 0.7399375 0.7045033 0.8541868 0.7683107 1.4137908 6.7273923 0.6228463 0.5952792 0.6311452 0.6776145 0.6149327 9.0000000 0.5987653 0.8330889 0.5457349 0.4144252 0.9915154 5.5575869 1.4120390 2.2587422 1.2446496 1.0625604 0.6129074 1.5130789 2.7999687 
Mertsp_Mesp_sb573718                                   9.0000000 4.4026805 0.9053260 0.9053260 9.0000000 4.4057272 0.9552918 0.0542578 0.0260151 0.0000010 0.0000000 0.0266635 0.0052314 4.1192371 9.0000000 9.0000000 0.0157598 0.0157598 0.0431229 0.0649498 0.0594312 0.0318944 0.0318944 0.0264834 0.0541578 0.0541578 0.0264834 0.0264834 0.0104694 0.0104694 0.0104694 0.0104694 9.0000000 9.0000000 9.0000000 0.0573430 4.0386061 4.0386061 4.0386061 4.0386061 0.1227215 0.0707378 0.2098735 0.2381315 0.2850958 0.2919162 0.2794088 0.2949079 0.3288771 0.2846195 0.2779804 0.5263028 0.3585819 0.3663185 0.3663185 0.3186827 0.3443788 0.3077701 0.2679018 0.3257545 0.3275998 0.3275998 2.7401333 0.2799073 0.2949074 0.4508940 0.3417318 0.3488753 0.3476416 0.3535156 0.3447573 0.3156425 0.3796033 0.3474112 0.3474112 0.3303701 0.3745404 0.3877449 0.5100841 2.5964597 0.3457011 0.4355455 0.3467086 0.3557114 0.6482421 0.3921404 0.4674831 0.4467445 0.3362550 0.3300566 0.1605720 0.3601711 0.5861135 0.6432641 0.5795350 1.8405905 0.5390103 0.4713694 0.5053698 0.6884008 0.6507889 1.3872485 0.7635368 0.7635368 4.0176310 0.8918187 0.7605882 0.7420066 0.8729430 0.7749714 1.0583702 6.9314295 0.6574669 0.6488025 0.6792206 0.6673001 0.6051264 9.0000000 0.7201347 0.9200869 0.6516110 0.4644288 1.0365173 7.1401316 1.2668745 2.5449202 1.2446496 1.0625604 0.6129074 1.8123001 2.6981576 
Bolinf_Binf_sb1233292                                  0.1241290 0.1360264 0.1523070 0.1433448 0.1306669 0.1416140 0.1591713 0.0471988 0.0513597 0.0214649 0.0266635 0.0000000 0.0000010 0.0131962 0.0134632 0.0136735 0.0217737 0.0217737 0.0343018 0.0469080 0.0444008 0.0263499 0.0263499 0.0305802 0.0395000 0.0395000 0.0325134 0.0325134 0.0416986 0.0416986 0.0373896 0.0373896 0.0319760 0.0272278 0.0262141 0.0379961 0.0376301 0.0238201 0.1061457 0.1563911 0.1005245 0.0949903 0.2021417 0.2280185 0.2761613 0.2969453 0.2691382 0.2950500 0.3088452 0.2493984 0.2913368 0.2979727 0.3207254 0.3306698 0.3379346 0.2954906 0.3358817 0.2898684 0.2659485 0.3178634 0.3063829 0.2748801 0.3575987 0.2842851 0.2675476 0.4117307 0.3622057 0.3382368 0.3463080 0.3475714 0.3426970 0.3418716 0.3258826 0.3445548 0.3408750 0.3604654 0.4535396 0.4290636 0.5148485 0.4706179 0.4060538 0.5286925 0.3207422 0.4987081 0.7177445 0.4155205 0.5528084 0.4467445 0.4232301 0.4386186 0.1487668 0.2779951 0.5112384 0.6127605 0.6261472 0.5123353 0.5864842 0.5500781 0.4970763 0.6534775 0.6091116 0.4786968 0.5868839 0.5868839 0.4943195 0.8634471 0.7919341 0.7493550 0.8545197 0.7749714 0.8498869 1.4260855 0.7615414 0.6899099 0.6895143 0.7010938 0.6783262 0.8022630 0.7453639 0.8251453 0.6840301 0.7731698 1.0481034 0.7335915 1.0816095 2.1831348 1.2446496 1.3964459 0.6129074 1.6358730 3.5505473 
Bolinf_Binf_sb1233293                                  0.1273807 0.1273807 0.1273807 0.1287705 0.1352479 0.1352479 0.1352479 0.0354999 0.0443540 0.0070978 0.0052314 0.0000010 0.0000000 0.0192791 0.0136601 0.0139199 0.0203066 0.0203066 0.0232972 0.0351195 0.0321597 0.0263499 0.0263499 0.0305802 0.0263499 0.0263499 0.0325134 0.0325134 0.0290862 0.0290862 0.0290862 0.0290862 0.0192791 0.0198242 0.0154392 0.0270540 0.0165630 0.0172429 0.1099669 0.1608792 0.1069703 0.0949903 0.2098735 0.2280185 0.2417217 0.2571893 0.2385315 0.2587574 0.2701880 0.2438321 0.2436569 0.3116100 0.2920709 0.2965396 0.3049047 0.2636145 0.3127116 0.2544591 0.2315061 0.3044041 0.2849476 0.2849476 0.3194472 0.2547623 0.2675476 0.3886666 0.3311752 0.3237295 0.3195673 0.3209385 0.3162945 0.3162945 0.3305071 0.3243802 0.3243802 0.3000653 0.4184291 0.3931892 0.5022307 0.4219359 0.3605461 0.4391241 0.3207422 0.4987081 0.7177445 0.3874878 0.5528084 0.4467445 0.3899257 0.4001988 0.1487668 0.2779951 0.5195887 0.5439041 0.5667675 0.7746770 0.5323998 0.4761560 0.4284932 0.6022290 0.5665605 0.0000010 0.5196844 0.5196844 0.5446517 0.8266044 0.7178316 0.6757513 0.7968008 0.7749714 0.7703938 1.3736669 0.6595161 0.6229662 0.6218165 0.6111790 0.5953838 0.6001816 0.7067801 0.8156282 0.6840301 0.5996853 0.9915088 0.7056965 1.1296571 2.4511806 1.2446496 1.3938179 0.6129074 1.8178899 3.3909451 
Bolinf_Binf_sb1233295                                  0.1249315 0.1367678 0.1533086 0.1444601 0.1315134 0.1423871 0.1602204 0.0800306 0.1274081 2.6614242 4.1192371 0.0131962 0.0192791 0.0000000 0.0000010 0.0000010 0.0515471 0.0515471 0.0646102 0.0696778 0.0696778 0.0463477 0.0463477 0.1308433 0.0652528 0.0652528 0.2024112 0.2024112 0.2347267 0.2347267 0.2091526 0.2091526 0.0156905 0.0225580 0.0262141 0.0605771 0.0376301 0.0238201 0.0949811 0.1548242 0.1254437 0.9673220 0.0000010 0.5284953 0.3228555 0.3575335 0.3140972 0.3514938 0.3514938 0.2732135 0.3586126 0.2680608 0.3445720 0.3571712 0.3709551 0.3260497 0.3732951 0.3287868 0.3178642 0.3664810 0.3470752 0.2877189 0.3575987 0.3417665 0.2546582 0.4322335 0.4322335 0.3953653 0.3908044 0.3880319 0.3862702 0.3928000 0.3263912 0.3887322 0.3817373 0.4547517 0.5934067 0.5336956 0.5684146 0.4706179 0.5320196 0.7180227 0.3226103 0.8488551 0.8488551 0.5024729 0.6423060 0.0000010 0.5659546 0.5659546 0.4349489 0.1455105 0.4989025 0.6273848 0.7229399 0.5281220 0.7009164 0.6950369 0.5546524 0.6897236 0.6430438 0.4786968 0.6364983 0.6364983 0.4326453 0.9113975 0.8866063 0.8244164 0.9193532 0.0000010 0.8717969 1.0917491 0.9861107 0.8210547 0.8000189 0.8437665 0.8356150 0.8022630 0.8432038 0.8179299 0.8237913 1.5224453 1.1392730 0.7335915 1.0378091 2.0194556 0.0000010 2.1492275 0.0000010 1.6771681 4.8400553 
Mertsp_Mesp_sb576679                                   0.1305812 0.1651620 0.1382316 0.1305812 0.1391393 0.1741311 0.1468356 0.0959999 0.0973291 9.0000000 9.0000000 0.0134632 0.0136601 0.0000010 0.0000000 0.0000010 0.0490577 0.0490577 0.0789155 0.0794003 0.0794003 0.0423057 0.0423057 0.1049675 0.0721798 0.0721798 0.1629780 0.1629780 0.1470936 0.1470936 0.1470936 0.1470936 0.0000010 0.0074288 0.0166053 0.0714792 0.0553720 0.0187101 0.1003015 0.2056444 0.1526985 0.9401324 0.0000010 0.3858716 0.2848406 0.3142829 0.2845256 0.3152086 0.3152086 0.2605311 0.2990377 0.2728390 0.3159617 0.3172178 0.3372685 0.2689393 0.3319977 0.2961026 0.2914880 0.3970892 0.3383549 0.3060513 0.4561353 0.3026881 0.2411111 0.4534237 0.4534237 0.3895261 0.3630235 0.3590084 0.3590084 0.3590084 0.3384516 0.3771020 0.3771020 0.3939396 0.5998028 0.5171646 0.6048190 0.4657195 0.5133032 0.6019621 0.2624503 0.8290149 0.8290149 0.5033696 0.6919774 0.0000010 0.6060117 0.6060117 0.3641834 0.1251555 0.5132199 0.5153176 0.6426705 0.8185589 0.6060013 0.5689816 0.3941184 0.5555704 0.5363873 0.0000010 0.5912912 0.5912912 0.5032969 0.8966721 0.8207170 0.7398077 0.8146938 0.0000010 0.7458298 0.4582154 0.8027296 0.7231749 0.6902403 0.7002794 0.6996198 0.6453627 0.8400794 0.8442665 0.7767029 0.9644967 1.0832099 0.7707342 1.0813216 2.4962356 0.0000010 2.5751187 0.0000010 2.0193677 4.6863073 
Mertsp_Mesp_sb576680                                   0.1332160 0.1810162 0.1410097 0.1332160 0.1419532 0.1904079 0.1497935 0.1058392 0.0973291 9.0000000 9.0000000 0.0136735 0.0139199 0.0000010 0.0000010 0.0000000 0.0499985 0.0499985 0.0880993 0.0886537 0.0886537 0.0431244 0.0431244 0.1049675 0.0812616 0.0812616 0.1629780 0.1629780 0.1470936 0.1470936 0.1470936 0.1470936 0.0000010 0.0075816 0.0169892 0.0728603 0.0665557 0.0191992 0.1023295 0.2188181 0.1557793 0.9401324 0.0000010 0.3858716 0.3005240 0.3308991 0.3001886 0.3319076 0.3319076 0.2658739 0.3153564 0.2783857 0.3327768 0.3342173 0.3548506 0.2745471 0.3388907 0.3121177 0.3075669 0.4161028 0.3560788 0.3124647 0.5355833 0.3189076 0.2411111 0.4754657 0.4754657 0.3975533 0.3810348 0.3768809 0.3768809 0.3768809 0.3453801 0.3955198 0.3848279 0.4132270 0.6261330 0.5410491 0.6317958 0.4894360 0.5374178 0.6298489 0.2624503 0.8176675 0.8176675 0.5326173 0.7091912 0.0000010 0.6334778 0.6334778 0.3641834 0.1251555 0.5243842 0.5477312 0.6730556 0.8885362 0.6349628 0.6019704 0.4028023 0.5681301 0.5682925 0.0000010 0.6177266 0.6177266 0.5645045 0.9378002 0.8573039 0.7733655 0.8535199 0.0000010 0.7823104 0.6547147 0.8471650 0.7559352 0.7217736 0.7318652 0.7305173 0.6853530 0.8767866 0.8811932 0.7767029 0.9799257 1.1317001 0.8363276 1.0768475 2.5816703 0.0000010 2.7104584 0.0000010 2.0881526 4.6918020 
Bolinf_Binf_sb1271034                                  0.1044600 0.1044600 0.1044600 0.1053846 0.1170644 0.1170644 0.1170644 0.0387048 0.0441661 0.0142251 0.0157598 0.0217737 0.0203066 0.0515471 0.0490577 0.0499985 0.0000000 0.0000010 0.0135034 0.0355697 0.0328021 0.0292040 0.0292040 0.0304667 0.0301893 0.0301893 0.0323851 0.0323851 0.0247299 0.0247299 0.0205329 0.0205329 0.0515471 0.0527719 0.0264037 0.0253929 0.0424376 0.0289961 0.1005536 0.1241094 0.0935124 0.0945609 0.2203879 0.2410516 0.2482585 0.2626018 0.2328368 0.2603857 0.2712627 0.2417576 0.2494953 0.2916469 0.2909313 0.3013665 0.3014377 0.2882604 0.3312930 0.2527402 0.2326664 0.2910118 0.2713570 0.2713570 0.2731260 0.2487076 0.2664759 0.3799931 0.3267591 0.3238516 0.3047970 0.3056337 0.3013464 0.3089132 0.3126118 0.3091846 0.3091846 0.3177506 0.4176812 0.3943040 0.5124624 0.4400327 0.3769343 0.4428450 0.3164403 0.4968417 0.7150130 0.3951308 0.5620495 0.4695962 0.3996810 0.4062940 0.1668254 0.2634706 0.5038391 0.5300802 0.5274581 0.5508491 0.5182470 0.4608533 0.4241097 0.5928029 0.5532830 0.4332247 0.5482235 0.5482235 0.4412523 0.7817003 0.6674492 0.6307421 0.7529903 0.7698208 0.7192198 0.8813586 0.6262619 0.5714422 0.5800347 0.5850422 0.5605242 0.5612688 0.7452805 0.8338573 0.6854788 0.6195209 0.9283275 0.6536784 1.0709871 2.2965056 1.2446496 1.3167508 0.6129074 1.7630436 3.6531280 
Bolinf_Binf_sb1271035                                  0.1044600 0.1044600 0.1044600 0.1053846 0.1170644 0.1170644 0.1170644 0.0387048 0.0441661 0.0142251 0.0157598 0.0217737 0.0203066 0.0515471 0.0490577 0.0499985 0.0000010 0.0000000 0.0135034 0.0355697 0.0328021 0.0292040 0.0292040 0.0304667 0.0301893 0.0301893 0.0323851 0.0323851 0.0247299 0.0247299 0.0205329 0.0205329 0.0515471 0.0527719 0.0264037 0.0253929 0.0424376 0.0289961 0.1005536 0.1241094 0.0935124 0.0945609 0.2203879 0.2410516 0.2482585 0.2626018 0.2328368 0.2603857 0.2712627 0.2417576 0.2494953 0.2916469 0.2909313 0.3013665 0.3014377 0.2882604 0.3312930 0.2527402 0.2326664 0.2910118 0.2713570 0.2713570 0.2731260 0.2487076 0.2664759 0.3799931 0.3267591 0.3238516 0.3047970 0.3056337 0.3013464 0.3089132 0.3126118 0.3091846 0.3091846 0.3177506 0.4176812 0.3943040 0.5124624 0.4400327 0.3769343 0.4428450 0.3164403 0.4968417 0.7150130 0.3951308 0.5620495 0.4695962 0.3996810 0.4062940 0.1668254 0.2634706 0.5038391 0.5300802 0.5274581 0.5508491 0.5182470 0.4608533 0.4241097 0.5928029 0.5532830 0.4332247 0.5482235 0.5482235 0.4412523 0.7817003 0.6674492 0.6307421 0.7529903 0.7698208 0.7192198 0.8813586 0.6262619 0.5714422 0.5800347 0.5850422 0.5605242 0.5612688 0.7452805 0.8338573 0.6854788 0.6195209 0.9283275 0.6536784 1.0709871 2.2965056 1.2446496 1.3167508 0.6129074 1.7630436 3.6531280 
Mlei_ML1541.g83.i1                                     0.0987424 0.1082311 0.1187649 0.1197091 0.1106333 0.1178828 0.1309595 0.0360421 0.0547894 0.0286999 0.0431229 0.0343018 0.0232972 0.0646102 0.0789155 0.0880993 0.0135034 0.0135034 0.0000000 0.0334773 0.0310600 0.0293259 0.0293259 0.0306566 0.0264637 0.0264637 0.0325996 0.0325996 0.0459546 0.0459546 0.0416223 0.0416223 0.0653854 0.0612081 0.0261261 0.0247916 0.0475096 0.0237473 0.0893984 0.1137093 0.0879611 0.0845957 0.2009017 0.2421244 0.2763952 0.2894492 0.2622102 0.2875575 0.2997198 0.2420832 0.2839382 0.2876265 0.3073499 0.3212635 0.3218024 0.3101469 0.3472633 0.2792977 0.2584858 0.2906747 0.2935684 0.2626513 0.3427137 0.2856770 0.2569997 0.3855642 0.3425666 0.3345585 0.3356261 0.3365521 0.3398211 0.3425954 0.3169519 0.3369161 0.3188789 0.3657878 0.4326245 0.4218553 0.4993222 0.4477767 0.3967606 0.5179668 0.3229861 0.5023704 0.7221864 0.4129144 0.5556108 0.4467445 0.4270051 0.4422872 0.1664580 0.2679193 0.5207277 0.6224332 0.6264126 0.5057918 0.6062355 0.5592309 0.5282928 0.6361476 0.6270881 0.4534653 0.5948960 0.5948960 0.4813574 0.8660788 0.7815726 0.7195575 0.8448625 0.7642450 0.8469118 1.3867207 0.7586427 0.6659666 0.6697299 0.6981186 0.6584545 0.8023127 0.7351138 0.8127527 0.6795716 0.7384745 1.0338062 0.7228843 1.0733679 2.0947807 1.2446496 1.3088515 0.6129074 1.6167280 3.5471211 
Horcal_Hcv1.av93.c9.g250.i1                            0.1183699 0.1139430 0.1391876 0.1355418 0.1272077 0.1209719 0.1484782 0.0434926 0.0544177 0.0506853 0.0649498 0.0469080 0.0351195 0.0696778 0.0794003 0.0886537 0.0355697 0.0355697 0.0334773 0.0000000 0.0023375 0.0261033 0.0261033 0.0259302 0.0263126 0.0263126 0.0275519 0.0275519 0.0672333 0.0672333 0.0627935 0.0627935 0.0713779 0.0665833 0.0328018 0.0436242 0.0526277 0.0298014 0.1020465 0.1031123 0.0880159 0.0944940 0.2106072 0.2368127 0.2699649 0.2829849 0.2557785 0.2810692 0.2960563 0.2432668 0.2824618 0.2805966 0.3095943 0.3166044 0.3241722 0.3000121 0.3327397 0.2754545 0.2504275 0.2974942 0.2816157 0.2597957 0.3394091 0.2804855 0.2756952 0.3984359 0.3480478 0.3370589 0.3393057 0.3438118 0.3430184 0.3454052 0.3252342 0.3406012 0.3280588 0.3465890 0.4387463 0.4237479 0.5021159 0.4564969 0.3863773 0.5097043 0.3076537 0.4927663 0.7085633 0.4087072 0.5657561 0.4526556 0.4135459 0.4258801 0.0706817 0.2740854 0.5090848 0.6107319 0.6423430 0.5172842 0.6016144 0.5519549 0.5066574 0.6415741 0.6324198 0.4868874 0.6138002 0.6138002 0.4558205 0.8620011 0.7844126 0.7382858 0.8570586 0.8073504 0.8426603 1.3913237 0.7659668 0.6742061 0.6848717 0.6978829 0.6755814 0.8046468 0.7336720 0.8248849 0.6845583 0.7273286 1.0317999 0.6984788 1.0672971 2.0848990 1.3020441 1.3641602 0.6227007 1.6444697 3.6235749 
Pbac_sb2662515                                         0.1183699 0.1139430 0.1391876 0.1355418 0.1272077 0.1209719 0.1484782 0.0410417 0.0509571 0.0433393 0.0594312 0.0444008 0.0321597 0.0696778 0.0794003 0.0886537 0.0328021 0.0328021 0.0310600 0.0023375 0.0000000 0.0261499 0.0261499 0.0259993 0.0263513 0.0263513 0.0276297 0.0276297 0.0629358 0.0629358 0.0585195 0.0585195 0.0713779 0.0665833 0.0328018 0.0426089 0.0526277 0.0298014 0.1020465 0.1031123 0.0852229 0.0947620 0.2025971 0.2315500 0.2673051 0.2802744 0.2531878 0.2783538 0.2929933 0.2405687 0.2797448 0.2805966 0.3067208 0.3136872 0.3212244 0.2971528 0.3297803 0.2727421 0.2478686 0.2947208 0.2789048 0.2570188 0.3394091 0.2777601 0.2714470 0.3951245 0.3449787 0.3340647 0.3363162 0.3407993 0.3400162 0.3421255 0.3217360 0.3376088 0.3250961 0.3436150 0.4378994 0.4229348 0.4984210 0.4564969 0.3832440 0.5060461 0.3024032 0.4881106 0.7085633 0.4079334 0.5586136 0.4285529 0.4138885 0.4262894 0.0706817 0.2675247 0.5094240 0.6110510 0.6380757 0.5172842 0.5974571 0.5522851 0.5070145 0.6371211 0.6282375 0.4868874 0.6138002 0.6138002 0.4558205 0.8569000 0.7796129 0.7335555 0.8572323 0.7930739 0.8426603 1.3913237 0.7611559 0.6697089 0.6803073 0.6981695 0.6758689 0.8046468 0.7339251 0.8200258 0.6850357 0.7216591 1.0318479 0.6984788 1.0673179 2.0885375 1.3020441 1.3641602 0.6227007 1.6290422 3.5909255 
Drygla_Dgla_sb281531                                   0.1125352 0.1125352 0.1125352 0.1137566 0.1202605 0.1202605 0.1202605 0.0322760 0.0405569 0.0361345 0.0318944 0.0263499 0.0263499 0.0463477 0.0423057 0.0431244 0.0292040 0.0292040 0.0293259 0.0261033 0.0261499 0.0000000 0.0000010 0.0000010 0.0000010 0.0000010 0.0000010 0.0000010 0.0417939 0.0417939 0.0417939 0.0417939 0.0463477 0.0476356 0.0000010 0.0331632 0.0339537 0.0000010 0.0849509 0.1356955 0.1033142 0.0727706 0.2103346 0.2306188 0.2344128 0.2504405 0.2312340 0.2512858 0.2660815 0.2310825 0.2353610 0.2990191 0.2861755 0.2957421 0.2958170 0.2621541 0.3091814 0.2501529 0.2229630 0.2938293 0.2726938 0.2726938 0.3562815 0.2437152 0.2643766 0.3833632 0.3235973 0.3119889 0.3082526 0.3140351 0.3079780 0.3079780 0.3225859 0.3129797 0.3129797 0.2896985 0.4113547 0.3821829 0.5036669 0.4383853 0.3453728 0.4233036 0.3011677 0.4788433 0.6842201 0.3798491 0.5691773 0.4750458 0.3766517 0.3878602 0.1275273 0.2714911 0.5058730 0.5486900 0.5590476 0.7534774 0.5199839 0.4595373 0.4184467 0.5886236 0.5780231 0.0000010 0.5054772 0.5054772 0.5471535 0.8126842 0.7002712 0.6695166 0.7780072 0.7846893 0.7432654 1.3663603 0.6362398 0.6012150 0.6000881 0.6078983 0.5778198 0.5928585 0.6949029 0.8040618 0.6664762 0.5942182 0.9758862 0.6865004 1.1080371 2.4177606 1.2844192 1.4360091 0.5898874 1.7879074 3.3945864 
Drygla_Dgla_sb281532                                   0.1125352 0.1125352 0.1125352 0.1137566 0.1202605 0.1202605 0.1202605 0.0322760 0.0405569 0.0361345 0.0318944 0.0263499 0.0263499 0.0463477 0.0423057 0.0431244 0.0292040 0.0292040 0.0293259 0.0261033 0.0261499 0.0000010 0.0000000 0.0000010 0.0000010 0.0000010 0.0000010 0.0000010 0.0417939 0.0417939 0.0417939 0.0417939 0.0463477 0.0476356 0.0000010 0.0331632 0.0339537 0.0000010 0.0849509 0.1356955 0.1033142 0.0727706 0.2103346 0.2306188 0.2344128 0.2504405 0.2312340 0.2512858 0.2660815 0.2310825 0.2353610 0.2990191 0.2861755 0.2957421 0.2958170 0.2621541 0.3091814 0.2501529 0.2229630 0.2938293 0.2726938 0.2726938 0.3562815 0.2437152 0.2643766 0.3833632 0.3235973 0.3119889 0.3082526 0.3140351 0.3079780 0.3079780 0.3225859 0.3129797 0.3129797 0.2896985 0.4113547 0.3821829 0.5036669 0.4383853 0.3453728 0.4233036 0.3011677 0.4788433 0.6842201 0.3798491 0.5691773 0.4750458 0.3766517 0.3878602 0.1275273 0.2714911 0.5058730 0.5486900 0.5590476 0.7534774 0.5199839 0.4595373 0.4184467 0.5886236 0.5780231 0.0000010 0.5054772 0.5054772 0.5471535 0.8126842 0.7002712 0.6695166 0.7780072 0.7846893 0.7432654 1.3663603 0.6362398 0.6012150 0.6000881 0.6078983 0.5778198 0.5928585 0.6949029 0.8040618 0.6664762 0.5942182 0.9758862 0.6865004 1.1080371 2.4177606 1.2844192 1.4360091 0.5898874 1.7879074 3.3945864 
Mertsp_Mesp_sb576676                                   0.1995764 0.1995764 0.1995764 0.1995764 0.1995764 0.1995764 0.1995764 0.0305724 0.0305724 0.0287662 0.0264834 0.0305802 0.0305802 0.1308433 0.1049675 0.1049675 0.0304667 0.0304667 0.0306566 0.0259302 0.0259993 0.0000010 0.0000010 0.0000000 0.0000010 0.0000010 0.0000010 0.0000010 0.0304667 0.0304667 0.0304667 0.0304667 0.1308433 0.1445109 0.0000010 0.0411844 0.4168068 0.0000010 0.0773407 0.1096868 0.0838551 0.0727706 0.2103346 0.2306188 0.1960161 0.2076781 0.1915027 0.2027096 0.2153818 0.1942049 0.1963015 0.2728743 0.2547578 0.2665641 0.2605870 0.2303728 0.2592765 0.2145141 0.1761264 0.2305749 0.2289689 0.2289689 0.0000010 0.1946916 0.2464419 0.3782773 0.2905055 0.2480916 0.2463816 0.2502131 0.2419708 0.2419708 0.2574972 0.2443330 0.2443330 0.2331137 0.3106569 0.3069523 0.4605302 0.0343076 0.2597631 0.3221709 0.3011677 0.2911454 0.4028635 0.2826663 0.3954673 0.4750458 0.2595745 0.2333660 0.1275273 0.2842777 0.4939347 0.5386768 0.4921663 0.0000010 0.4242011 0.3788274 0.3690070 0.5197152 0.5316856 0.0000010 0.3802133 0.3802133 2.0112806 0.7294184 0.5779593 0.5513070 0.6633488 0.7846893 0.5493852 5.3538590 0.5102344 0.5184810 0.5282237 0.5120125 0.4975331 0.0000010 0.6020690 0.7926567 0.6487448 0.3860905 0.8299899 2.4109065 1.0950114 2.1986562 1.2844192 1.2547034 0.5898874 1.6330505 2.5222718 
Beraby_Baby_sb332754                                   0.0987976 0.0943543 0.1188053 0.1282332 0.1050983 0.0994514 0.1253320 0.0313096 0.0474846 0.0509705 0.0541578 0.0395000 0.0263499 0.0652528 0.0721798 0.0812616 0.0301893 0.0301893 0.0264637 0.0263126 0.0263513 0.0000010 0.0000010 0.0000010 0.0000000 0.0000010 0.0000010 0.0000010 0.0545235 0.0545235 0.0501416 0.0501416 0.0661537 0.0619424 0.0000010 0.0324438 0.0312536 0.0000010 0.0891004 0.1086265 0.0976063 0.0727706 0.2026047 0.2306188 0.2511761 0.2717146 0.2523760 0.2691772 0.2833364 0.2354785 0.2648339 0.2886617 0.3005228 0.3178714 0.3184091 0.2937647 0.3270577 0.2724410 0.2441941 0.2916061 0.2845674 0.2650033 0.3421190 0.2695865 0.2643766 0.3881656 0.3383243 0.3215590 0.3315714 0.3365907 0.3305360 0.3276181 0.3199503 0.3328703 0.3272607 0.3393961 0.4277779 0.4136691 0.4933538 0.4424431 0.3746668 0.4984801 0.3011677 0.4788433 0.6842201 0.3990788 0.5691773 0.4750458 0.4042725 0.4190250 0.1275273 0.2714911 0.5047704 0.6151429 0.6133275 0.5102378 0.5786707 0.5432365 0.4993794 0.6438044 0.6205148 0.4885427 0.5686994 0.5686994 0.4691165 0.8569597 0.7605018 0.7277811 0.8299983 0.7846893 0.8169661 1.3146375 0.7243473 0.6423804 0.6416912 0.6706711 0.6588260 0.7671985 0.7154229 0.7929074 0.6664762 0.7523781 1.0187143 0.6754906 1.0498492 2.0940522 1.2844192 1.3660523 0.5898874 1.6385348 3.4788649 
Beraby_Baby_sb332755                                   0.0987976 0.0943543 0.1188053 0.1282332 0.1050983 0.0994514 0.1253320 0.0313096 0.0474846 0.0509705 0.0541578 0.0395000 0.0263499 0.0652528 0.0721798 0.0812616 0.0301893 0.0301893 0.0264637 0.0263126 0.0263513 0.0000010 0.0000010 0.0000010 0.0000010 0.0000000 0.0000010 0.0000010 0.0545235 0.0545235 0.0501416 0.0501416 0.0661537 0.0619424 0.0000010 0.0324438 0.0312536 0.0000010 0.0891004 0.1086265 0.0976063 0.0727706 0.2026047 0.2306188 0.2511761 0.2717146 0.2523760 0.2691772 0.2833364 0.2354785 0.2648339 0.2886617 0.3005228 0.3178714 0.3184091 0.2937647 0.3270577 0.2724410 0.2441941 0.2916061 0.2845674 0.2650033 0.3421190 0.2695865 0.2643766 0.3881656 0.3383243 0.3215590 0.3315714 0.3365907 0.3305360 0.3276181 0.3199503 0.3328703 0.3272607 0.3393961 0.4277779 0.4136691 0.4933538 0.4424431 0.3746668 0.4984801 0.3011677 0.4788433 0.6842201 0.3990788 0.5691773 0.4750458 0.4042725 0.4190250 0.1275273 0.2714911 0.5047704 0.6151429 0.6133275 0.5102378 0.5786707 0.5432365 0.4993794 0.6438044 0.6205148 0.4885427 0.5686994 0.5686994 0.4691165 0.8569597 0.7605018 0.7277811 0.8299983 0.7846893 0.8169661 1.3146375 0.7243473 0.6423804 0.6416912 0.6706711 0.6588260 0.7671985 0.7154229 0.7929074 0.6664762 0.7523781 1.0187143 0.6754906 1.0498492 2.0940522 1.2844192 1.3660523 0.5898874 1.6385348 3.4788649 
Bolinf_Binf_sb1243510                                  0.3218462 0.3218462 0.3218462 0.3218462 0.3218462 0.3218462 0.3218462 0.0325045 0.0325045 0.0287662 0.0264834 0.0325134 0.0325134 0.2024112 0.1629780 0.1629780 0.0323851 0.0323851 0.0325996 0.0275519 0.0276297 0.0000010 0.0000010 0.0000010 0.0000010 0.0000010 0.0000000 0.0000010 0.0323851 0.0323851 0.0323851 0.0323851 0.2024112 0.2336536 0.0000010 0.0439165 0.0000010 0.0000010 0.1190184 0.1738368 0.0894627 0.0727706 0.2103346 0.2306188 0.2100701 0.2166427 0.2052540 0.2173604 0.2344990 0.2082819 0.2104028 0.3115239 0.2675675 0.2802584 0.2738336 0.2414155 0.2657250 0.2304242 0.1886319 0.2352097 0.2457582 0.2457582 0.0000010 0.2088088 0.2648065 0.3992807 0.3043015 0.2544916 0.2583679 0.2625761 0.2536449 0.2536449 0.2732934 0.2562737 0.2562737 0.2370608 0.3142121 0.3102575 0.4911817 0.0000010 0.2699435 0.3387420 0.3053286 0.3053286 0.4501997 0.2974912 0.4157336 0.4750458 0.2709762 0.2469709 0.1275273 0.3102246 0.5032795 0.5423011 0.5261748 0.0000010 0.4297977 0.3732725 0.3832531 0.5481705 0.5694358 0.0000010 0.3464518 0.3464518 2.0112806 0.7102464 0.5940773 0.5659197 0.6794446 0.7846893 0.5792121 5.3538590 0.5147788 0.5181813 0.5357065 0.5232131 0.4829645 0.0000010 0.6264916 0.8009053 0.6362729 0.3903540 0.8433052 2.4109065 1.0920117 2.1905270 1.2844192 1.1445974 0.5898874 1.4611920 2.4698781 
Bolinf_Binf_sb1243511                                  0.3218462 0.3218462 0.3218462 0.3218462 0.3218462 0.3218462 0.3218462 0.0325045 0.0325045 0.0287662 0.0264834 0.0325134 0.0325134 0.2024112 0.1629780 0.1629780 0.0323851 0.0323851 0.0325996 0.0275519 0.0276297 0.0000010 0.0000010 0.0000010 0.0000010 0.0000010 0.0000010 0.0000000 0.0323851 0.0323851 0.0323851 0.0323851 0.2024112 0.2336536 0.0000010 0.0439165 0.0000010 0.0000010 0.1190184 0.1738368 0.0894627 0.0727706 0.2103346 0.2306188 0.2100701 0.2166427 0.2052540 0.2173604 0.2344990 0.2082819 0.2104028 0.3115239 0.2675675 0.2802584 0.2738336 0.2414155 0.2657250 0.2304242 0.1886319 0.2352097 0.2457582 0.2457582 0.0000010 0.2088088 0.2648065 0.3992807 0.3043015 0.2544916 0.2583679 0.2625761 0.2536449 0.2536449 0.2732934 0.2562737 0.2562737 0.2370608 0.3142121 0.3102575 0.4911817 0.0000010 0.2699435 0.3387420 0.3053286 0.3053286 0.4501997 0.2974912 0.4157336 0.4750458 0.2709762 0.2469709 0.1275273 0.3102246 0.5032795 0.5423011 0.5261748 0.0000010 0.4297977 0.3732725 0.3832531 0.5481705 0.5694358 0.0000010 0.3464518 0.3464518 2.0112806 0.7102464 0.5940773 0.5659197 0.6794446 0.7846893 0.5792121 5.3538590 0.5147788 0.5181813 0.5357065 0.5232131 0.4829645 0.0000010 0.6264916 0.8009053 0.6362729 0.3903540 0.8433052 2.4109065 1.0920117 2.1905270 1.2844192 1.1445974 0.5898874 1.4611920 2.4698781 
Bolinf_Binf_sb1271036                                  0.3044814 0.3044814 0.3044814 0.2303341 0.2960866 0.2960866 0.2960866 0.0589261 0.0461353 0.0070784 0.0104694 0.0416986 0.0290862 0.2347267 0.1470936 0.1470936 0.0247299 0.0247299 0.0459546 0.0672333 0.0629358 0.0417939 0.0417939 0.0304667 0.0545235 0.0545235 0.0323851 0.0323851 0.0000000 0.0000010 0.0040361 0.0040361 0.2347267 0.2521997 0.2352106 0.0569790 0.5748054 0.4871058 0.2191781 0.2522873 0.1030012 0.0945609 0.2203879 0.2410516 0.2310553 0.2415624 0.2267525 0.2377517 0.2503580 0.2306048 0.2355797 0.3236509 0.3053192 0.3122547 0.3064253 0.2811617 0.3066695 0.2533879 0.2305496 0.2761994 0.2893997 0.2893997 9.0000000 0.2384899 0.2742673 0.4290782 0.3451918 0.2954939 0.3080245 0.3122425 0.3057089 0.2891388 0.3319742 0.3064643 0.3064643 0.2873500 0.3547544 0.3680221 0.5201316 0.3033429 0.3267487 0.3800550 0.3164403 0.3251136 0.4620820 0.3303753 0.4105881 0.4695962 0.3171170 0.2982753 0.1668254 0.2739099 0.5510102 0.5736161 0.5444824 1.8366189 0.5015073 0.4468167 0.4256153 0.5487456 0.5611749 9.0000000 0.4853796 0.4853796 2.5082172 0.7960561 0.6680118 0.6223450 0.7357564 0.7698208 0.6923219 5.8811028 0.5687379 0.5570614 0.5665780 0.5691213 0.5632260 0.8176346 0.6978919 0.8960690 0.7030649 0.4339525 0.9336424 3.4858922 1.2298326 2.2948144 1.2446496 1.2612702 0.6129074 1.7778542 2.7999791 
