77
Xesp_001082-T1                                    0.0000000 5.5047858 4.1996023 3.9236767 5.0941962 4.2697668 5.4763980 4.3316651 1.7775104 4.3119704 3.6299028 2.7103540 4.2734277 3.7500984 3.9954451 6.9521825 3.5113208 3.5674091 3.8777213 2.3840661 2.8403876 3.6520221 3.4035013 3.4679078 3.2830930 3.6036366 3.4177165 3.2770870 3.8203273 3.9850996 4.2543054 6.1203266 3.5520695 3.9696249 2.9951086 3.9325369 2.6163862 2.6781321 2.7024610 3.4888425 3.3092692 3.5627285 3.5627285 4.0026211 5.9855659 3.5954415 3.7887129 4.1394424 8.8469447 8.4704145 4.6990958 4.1783669 4.0505942 4.4289934 3.7463293 3.7380356 3.9108777 3.9657674 4.8135504 5.1516131 5.0887846 4.9470807 4.6890610 4.2775224 4.3048963 4.4221987 4.3669527 4.4953574 3.5778166 4.2457655 5.1721034 5.3086317 4.5182378 4.5514667 5.2063035 5.3897654 5.1766603 
Mbre_EDQ88513                                     5.5047858 0.0000000 2.5512823 2.5177744 2.8953823 2.8920095 3.0616941 2.6686580 2.1846415 2.7978638 2.8446388 1.9244810 2.6041639 2.4962266 2.8070712 3.3013702 2.9061997 2.5324434 2.7636352 2.6209981 2.7210204 3.2376043 3.0331942 2.8125983 2.6177945 2.7702084 2.8561520 2.6528296 2.3851545 2.5592561 2.5448123 2.7795681 2.9929118 2.5855426 2.0699449 2.1287736 1.9490721 1.9573135 2.0762438 2.4921062 2.3742628 2.5633156 2.5633156 2.4720881 2.8370231 1.9504639 2.3762551 2.6377901 3.5255568 3.1963839 2.6494673 2.3105938 2.1063279 2.4929898 1.9799676 2.2143684 2.0057170 2.4227630 2.5562604 2.5131565 2.0649123 2.0434678 2.3037816 2.6159981 2.9802465 2.5780352 2.7106376 2.5870751 3.1794859 3.0343778 2.3197662 2.3170516 2.7113023 2.9215684 2.5498610 2.2171945 2.4305432 
Ctel_gnl_WGS_AMQN_CAPTEDRAFT_mRNA175182           4.1996023 2.5512823 0.0000000 1.2985190 1.8680275 1.8829398 1.9378734 1.7630154 1.4609912 1.9858349 1.7420620 1.3273947 1.7129299 1.4635953 1.6021212 1.8678822 1.7482456 1.6343429 1.7928267 1.5191204 1.3830794 1.3797981 1.3474827 1.4894064 1.4013692 1.4800007 1.4034798 1.3562189 1.2510528 1.3793348 1.1825566 1.3363530 1.4482128 1.2387307 1.5133430 1.7502330 1.4170152 1.3557318 1.5282667 1.8741086 1.8251326 1.8979899 1.8979899 1.8198986 2.3682362 1.5600740 1.6935925 1.7470723 2.8466678 2.7910455 1.9411166 1.8406062 1.4192945 1.8658885 1.4740144 1.4828184 1.5770947 1.9481485 2.3813220 2.1155619 1.5520009 1.6563440 1.8761092 2.0547239 1.5982851 1.7164037 1.7230675 1.4520990 1.8884905 1.4714646 1.8450423 2.1009172 1.8853739 1.9152743 2.2310060 2.1546926 1.7647100 
Dpul_mRNA22191                                    3.9236767 2.5177744 1.2985190 0.0000000 2.0643987 1.8791836 2.1167708 1.8682563 1.1782886 2.0021423 1.5120879 1.1574578 1.4428842 1.4436457 1.5843832 1.8922272 1.4691437 1.6590919 1.4639553 1.3995734 1.2219795 1.3539604 1.3524987 1.3902763 1.3119305 1.4891907 1.3934084 1.3362010 1.2362258 1.4348213 1.3253236 1.4460692 1.3571743 1.1289643 1.7097777 2.0073259 1.5761183 1.8566388 2.0523707 2.0944972 2.0113122 2.1880001 2.1880001 2.4572389 2.3583584 1.5788679 1.5892361 1.8851497 2.6343215 2.4979210 1.9958408 1.8609725 1.8043040 2.0662403 1.4606531 2.1000799 2.0719339 2.2729910 2.4475103 1.9193621 1.7919985 2.0622971 1.6814878 1.9485837 1.8731248 1.8087803 1.7413960 1.7656101 2.6594528 1.6241855 1.8752086 2.0450489 1.8711567 1.8714164 1.9634518 2.3628422 2.3573816 
Sanmal_Sma_005687-T1                              5.0941962 2.8953823 1.8680275 2.0643987 0.0000000 0.6510691 0.6098021 0.6381710 1.1717998 1.8604716 1.5841428 1.0677187 1.4763003 1.5768208 1.6768517 1.8351776 1.6544363 1.6685086 1.6255650 1.7915929 1.8080347 1.6259198 1.5332182 1.3774637 1.2597516 1.4067175 1.4649318 1.3177708 1.7972564 1.9134856 1.7317155 1.7209479 1.7675722 1.8387610 1.6971351 1.8881980 1.5005296 1.6520441 1.8783071 2.1623735 2.1535560 2.3601559 2.3601559 2.3788466 2.5730909 1.7489654 2.2678530 2.2187045 2.7706723 2.6007256 2.2870933 2.0959124 1.7716125 2.2057637 1.6208906 1.6001641 1.5558076 2.3166214 2.3298180 2.5531544 2.1486383 2.1728744 2.0992315 2.0972115 2.0373328 2.1970719 1.9569476 2.1889917 2.4800304 1.9864926 2.6112069 2.6391724 2.3547790 2.4612438 2.6098966 2.7954421 2.7850213 
Nemnom_g16723.t1                                  4.2697668 2.8920095 1.8829398 1.8791836 0.6510691 0.0000000 0.2289231 0.4364979 0.8006640 1.6706303 1.3968281 1.0046879 1.5077914 1.5244730 1.5237156 1.8160331 1.4163540 1.5819345 1.6161729 1.6043259 1.4009286 1.4466807 1.2979829 1.3128418 1.2403887 1.2836734 1.2849755 1.2966293 1.3965074 1.6790768 1.7176556 1.8879140 1.5421834 1.8655052 1.6187234 1.8510500 1.3945195 1.4647085 1.6001617 1.9296896 1.9172175 2.0626219 2.0626219 2.1489253 2.4590883 1.6060815 1.9894950 1.8924851 2.8745435 2.7506278 2.0744752 1.9207863 1.4519254 2.0134220 1.4118888 1.8853207 1.8138533 2.1036549 2.2579276 2.3102970 2.0314648 2.1070597 1.8486740 2.1761093 1.6768866 2.2874753 1.8127615 2.0748188 1.8222586 2.0733561 2.8304995 2.3703641 2.0745616 2.0858345 2.3009019 2.6640523 2.5210033 
Rhoesc_Res_005437-T1                              5.4763980 3.0616941 1.9378734 2.1167708 0.6098021 0.2289231 0.0000000 0.4568129 0.8477980 1.7612965 1.4885970 1.0948763 1.6235770 1.4771277 1.5027843 1.7796227 1.4976149 1.5908196 1.6558361 1.8229896 1.6076059 1.4500407 1.3119376 1.3565157 1.2535083 1.2872071 1.2861697 1.2862030 1.5071028 1.7458420 1.8076037 1.8824668 1.7105124 1.8110845 1.7211616 1.9322422 1.4593238 1.5903072 1.7765408 2.2422589 2.2171049 2.4088340 2.4088340 2.3911137 2.7120800 1.7585996 2.1465916 2.1066354 2.9044526 2.7016907 2.2894424 2.0753980 1.6017567 2.2285398 1.4560793 1.8305991 1.8854050 2.3096546 2.2846404 2.5104701 2.0880543 2.2396145 2.0262809 2.3406066 1.7204285 2.5351487 1.8650144 2.0645966 1.9706024 2.0098200 2.8101828 2.6040402 2.2004011 2.2265908 2.4046666 2.6678032 2.7258668 
Aaur_scaffold61.g6.t1                             4.3316651 2.6686580 1.7630154 1.8682563 0.6381710 0.4364979 0.4568129 0.0000000 0.6366643 1.5232687 1.4175341 0.9140345 1.4243868 1.3668452 1.3740918 1.5899246 1.2580906 1.4254819 1.5032737 1.5435147 1.4564548 1.3569642 1.2392361 1.3110430 1.2499319 1.2784507 1.2708972 1.2928631 1.2345835 1.7116140 1.7619045 1.9867874 1.5237920 1.7661082 1.5561868 1.7273003 1.3408344 1.2722314 1.4172788 2.0022681 1.9275833 1.9705785 1.9705785 2.1247698 2.4338316 1.6249236 1.9542373 1.8502043 3.0502312 2.7355687 2.1320682 1.8572110 1.1916478 1.9463416 1.3283260 1.7007361 1.6488746 2.0622164 2.1476283 2.3019630 2.0607350 2.1322845 1.7861710 2.0541138 1.7833361 2.0796887 1.6600167 2.1628271 1.8384556 1.8285638 2.5264457 2.2716693 2.1671317 2.1872225 2.2114942 2.7100135 2.3982276 
Morvir_scaffold28.g97.t1                          1.7775104 2.1846415 1.4609912 1.1782886 1.1717998 0.8006640 0.8477980 0.6366643 0.0000000 0.9086566 0.9414944 0.7899269 1.0455333 0.9979323 0.8924981 8.0559942 0.9171086 1.1684923 1.4477084 0.8316287 1.0203711 1.1306368 1.1272160 1.1177528 1.1262347 1.1474729 1.1474729 1.0988425 0.9362263 1.1824324 1.3361473 1.9020129 0.9040655 1.0908118 1.2654397 1.5457598 1.2573010 1.2067294 1.2067294 1.6005747 1.6005747 1.4410818 1.4410818 1.5426478 2.0399085 1.2675914 1.0572248 1.4047726 7.6870436 7.6870436 2.0787297 2.0787297 1.4587906 1.6150216 1.3202083 2.5740107 2.7811452 2.0122287 2.1815874 1.9455124 1.1810899 1.2441667 1.4093236 1.4387109 1.2374153 1.1856174 1.4268872 1.1312409 0.9478251 1.1469494 1.6371072 2.0276478 1.9014968 1.9442115 1.7533425 2.0413093 2.1019501 
Chem_TCONS_00065100                               4.3119704 2.7978638 1.9858349 2.0021423 1.8604716 1.6706303 1.7612965 1.5232687 0.9086566 0.0000000 1.5767678 1.0695919 1.6479169 1.5366692 1.5457926 1.9275091 1.5772019 1.5663081 1.6571111 1.6522537 1.6194537 1.6607960 1.6813308 1.7005653 1.7324942 1.7421920 1.7714732 1.5173128 1.7839643 1.7681701 1.8625728 1.9734833 1.6500975 1.5796248 1.5549467 1.8336451 1.4748715 1.6112157 1.8867440 2.2039829 2.1551218 2.2634835 2.2634835 2.0808731 2.2723812 1.6261703 1.7698989 1.9988319 2.9285876 2.5847510 2.2156176 1.9241571 1.7913760 2.1932366 1.6370176 1.9090948 1.7221300 2.3685138 2.5045945 2.2567242 2.2088362 2.1096619 1.8210242 2.3005732 1.8190663 1.8590614 1.8058045 1.9669018 1.9304860 1.9045508 2.2006015 2.4326899 1.8823864 1.8787095 2.0987788 2.7102651 2.4303784 
Gfas_gfas1.m1.18116.m1                            3.6299028 2.8446388 1.7420620 1.5120879 1.5841428 1.3968281 1.4885970 1.4175341 0.9414944 1.5767678 0.0000000 0.2887840 0.4515648 0.4597374 0.4457018 0.4815198 0.3794580 1.0442882 1.1574937 1.0890080 1.0640443 1.2947213 1.1657614 1.1258893 1.0088197 1.1625302 1.1267334 1.0914506 1.1359290 1.4073805 1.5819179 1.6629290 1.2310886 1.7462353 1.4710177 1.7017221 1.2768574 1.4337919 1.5976912 1.9847035 1.9046997 1.9995757 1.9995757 1.9086047 2.2498840 1.6736451 1.6905409 1.7655385 2.6865212 2.2437598 1.9215748 1.5597640 1.4159168 1.8188762 1.3056553 1.8178423 1.8435286 2.2688271 2.4805372 2.1343997 1.8849703 1.9780559 1.6760569 2.1761480 1.4293332 1.8945321 1.6244444 1.8869838 1.9734331 1.8154944 2.1345057 2.0869813 1.7957969 1.8057508 2.1548889 2.3341684 2.3983897 
Gasp_gasp1.m3.14535.m1                            2.7103540 1.9244810 1.3273947 1.1574578 1.0677187 1.0046879 1.0948763 0.9140345 0.7899269 1.0695919 0.2887840 0.0000000 0.2006318 0.2407311 0.2091017 0.3177787 0.3271836 0.7131420 0.8451825 0.8320679 0.8201087 0.9747759 0.9733677 0.8721472 0.8662975 0.9559417 0.9447790 1.0440777 0.8738395 1.0453646 1.1529760 1.1886813 0.9006849 0.9974505 1.5993294 1.5525912 1.4282700 1.5079588 1.6603525 1.6116203 1.6116203 1.5186207 1.5186207 1.3927981 1.9586335 1.1058539 1.1567251 1.2426743 2.0589907 2.0589907 1.3696521 1.3696521 1.4351531 1.1358814 1.1002740 1.8069082 1.7950433 1.6473589 1.7475926 1.5966086 1.3855207 1.3785874 1.1397992 1.4080669 1.1403180 1.2026845 1.1345160 1.4784331 1.4036566 1.1203181 1.4084284 1.4987524 1.3203018 1.3304232 1.2975164 1.7899098 1.7327528 
Fspp_ffun1.m4.6347.m1                             4.2734277 2.6041639 1.7129299 1.4428842 1.4763003 1.5077914 1.6235770 1.4243868 1.0455333 1.6479169 0.4515648 0.2006318 0.0000000 0.4068444 0.3988398 0.5116832 0.5068380 1.0816999 1.1216458 1.1772341 1.1571241 1.3340628 1.2581931 1.2607728 1.1241520 1.1885618 1.1599241 1.2433630 1.1241253 1.5014403 1.5890262 1.6689391 1.2712621 1.6047932 1.5614761 1.7739797 1.3746146 1.5132582 1.7000616 1.9319106 1.8456510 1.9743197 1.9743197 1.7953044 2.3185751 1.5892310 1.7653033 1.9088180 2.5839441 2.2501428 1.9753808 1.6866352 1.5593117 1.9234879 1.4109789 1.9058500 1.8065531 2.2937445 2.1968697 2.0233902 1.9293059 1.9269507 1.6244053 2.0559552 1.4265917 1.7351808 1.7088628 1.9178576 1.7636855 1.6384684 2.2088232 2.0196675 1.7456830 1.7291323 2.1166672 2.3057591 2.2914849 
Spis_XP_022803363_1                               3.7500984 2.4962266 1.4635953 1.4436457 1.5768208 1.5244730 1.4771277 1.3668452 0.9979323 1.5366692 0.4597374 0.2407311 0.4068444 0.0000000 0.1668641 0.5545041 0.5322472 1.1116073 1.1186012 1.0611944 1.0283426 1.3166615 1.1915664 1.1716726 1.0182309 1.1098005 1.0723210 1.1492249 1.1337245 1.4052585 1.5091429 1.6181077 1.2198602 1.4622930 1.4854017 1.6924473 1.2648659 1.4058684 1.5976721 1.8143199 1.7608321 1.8529965 1.8529965 1.7284073 2.2169138 1.5603315 1.6918965 1.8163402 2.5012667 2.2748097 1.8002938 1.5846581 1.4483460 1.7733577 1.2067182 1.6886711 1.6638554 2.1954266 2.3605592 2.0898249 1.8726133 1.8437586 1.5944687 2.3036884 1.3957299 1.8531454 1.6148054 1.8483652 1.7175778 1.7105173 2.1853558 2.0435014 1.6313311 1.6235039 1.8874239 2.2496302 2.3779633 
Pocdam_XM_027195053.1                             3.9954451 2.8070712 1.6021212 1.5843832 1.6768517 1.5237156 1.5027843 1.3740918 0.8924981 1.5457926 0.4457018 0.2091017 0.3988398 0.1668641 0.0000000 0.6494419 0.5542056 1.0462395 1.1578137 1.1457763 1.1530326 1.4015438 1.3107793 1.2023083 1.0838000 1.1951342 1.1807622 1.2147057 1.3124376 1.5767384 1.5095763 1.6306105 1.4050256 1.5434542 1.5162679 1.7922178 1.1961083 1.2691293 1.4385618 1.8808624 1.7411425 2.0751623 2.0751623 1.8404434 2.3668766 1.5885706 1.9347670 1.9285562 3.0072573 2.3481772 2.1635775 1.6468905 1.4136286 1.9394086 1.2974484 1.7276532 1.6888929 2.2747418 2.3761165 2.1636180 1.9748903 1.9430961 1.6125905 2.4382507 1.6182975 1.7800406 1.7282737 1.8980113 1.5486130 1.7276744 2.4068537 2.0948445 1.7646897 1.8899816 2.0412455 2.2492498 2.5107321 
Amil_Amillepora12885-RA                           6.9521825 3.3013702 1.8678822 1.8922272 1.8351776 1.8160331 1.7796227 1.5899246 8.0559942 1.9275091 0.4815198 0.3177787 0.5116832 0.5545041 0.6494419 0.0000000 0.0088152 1.1523859 1.2571911 1.3579486 1.2337449 1.5862220 1.3846270 1.2933890 1.0812832 1.2722053 1.3398593 1.2185125 1.3806035 1.8106583 1.7190656 1.7190656 1.6404212 2.1178029 1.4219768 1.6432587 1.2092259 1.3819148 1.7877158 2.1760550 1.9969916 2.5845404 2.5845404 2.0206032 2.1463024 1.8127051 2.4992770 2.0646555 2.1786034 1.4587375 2.1786034 1.4587375 1.3028471 2.2450316 1.4111272 1.2126595 1.2126595 2.4695477 2.6431574 2.4982219 2.2545002 1.8221868 1.8743770 2.8016333 1.8279080 1.9544176 2.0273148 2.1327513 3.3314244 2.0595149 2.5914934 2.5526614 1.8067446 2.1824406 2.6127838 2.6162428 2.7504247 
Adig_XM_015896733.1                               3.5113208 2.9061997 1.7482456 1.4691437 1.6544363 1.4163540 1.4976149 1.2580906 0.9171086 1.5772019 0.3794580 0.3271836 0.5068380 0.5322472 0.5542056 0.0088152 0.0000000 1.0276932 1.1361629 1.1246298 1.1979277 1.3952577 1.2600197 1.1810360 1.0354684 1.1810865 1.2272335 1.1453484 1.2209432 1.5846314 1.5300345 1.6580375 1.4190872 1.7477654 1.4596715 1.6567010 1.2684708 1.4060332 1.5682573 1.9106096 1.7951999 2.0655367 2.0655367 1.8605133 2.0170170 1.5625638 1.9074172 1.7706622 2.9097501 2.2973153 2.1288001 1.6324104 1.4286944 2.0228090 1.3855144 1.8918682 1.7950224 2.3013246 2.5794254 2.3908472 2.0569908 1.7642985 1.6494149 2.4656088 1.6378207 1.7937333 1.8556858 1.9103847 2.1865330 1.9481977 2.2596449 2.3244595 1.7410302 2.0002485 2.2696788 2.5007529 2.5724238 
Exapal_XM_021059505.2                             3.5674091 2.5324434 1.6343429 1.6590919 1.6685086 1.5819345 1.5908196 1.4254819 1.1684923 1.5663081 1.0442882 0.7131420 1.0816999 1.1116073 1.0462395 1.1523859 1.0276932 0.0000000 0.8166911 1.2199182 1.1353226 1.3266250 1.2449960 1.2308001 1.1952545 1.2718970 1.2622568 1.1794398 1.2733486 1.2817528 1.4658944 1.5312885 1.3733447 1.7616321 1.6098572 1.6394761 1.1871200 1.3406143 1.4793459 1.8737190 1.7498125 1.8378585 1.8378585 1.7770274 2.2206638 1.5660749 1.6553607 1.9014967 2.7586630 2.3781482 1.9866960 1.6682192 1.5243085 1.9067026 1.2277678 1.8463411 1.9167411 2.1201193 2.1980802 2.0612345 2.1379150 2.1129114 1.8800818 2.1562723 1.6475095 1.8591496 1.7995164 1.9379320 2.1365643 1.9094621 2.1291529 1.9279402 1.7021989 1.7284259 2.2338469 2.5277920 2.6089549 
Nvec_v1g163658                                    3.8777213 2.7636352 1.7928267 1.4639553 1.6255650 1.6161729 1.6558361 1.5032737 1.4477084 1.6571111 1.1574937 0.8451825 1.1216458 1.1186012 1.1578137 1.2571911 1.1361629 0.8166911 0.0000000 1.4437775 1.3957108 1.3375312 1.2385799 1.1684159 1.1422482 1.1835067 1.1672703 1.1270422 1.3466460 1.4710979 1.3631268 1.3963364 1.4079504 1.5665902 1.5964469 1.8554057 1.2572584 1.5925369 1.7609249 1.9400031 1.8430121 1.9085072 1.9085072 1.9635976 2.1585454 1.6438964 1.6939565 1.9419091 2.8158203 2.4453887 2.0475598 1.7437722 1.8256361 2.0018802 1.3589207 1.9338507 1.8130533 2.1379098 2.2723138 2.2655867 2.4077180 2.3398670 1.8938181 2.4140772 1.5833286 2.0671714 1.7509375 1.8596806 2.4090491 1.7775817 2.5283509 2.1277354 1.8686165 1.9071508 2.3000412 2.5406813 2.4341151 
Xesp_001083-T1                                    2.3840661 2.6209981 1.5191204 1.3995734 1.7915929 1.6043259 1.8229896 1.5435147 0.8316287 1.6522537 1.0890080 0.8320679 1.1772341 1.0611944 1.1457763 1.3579486 1.1246298 1.2199182 1.4437775 0.0000000 0.5444065 1.3415530 1.3532218 1.1469805 1.1477228 1.3307571 1.3281653 1.1707643 1.4200923 1.4836249 1.3236544 1.3892207 1.4208779 1.3875728 1.3308547 1.7793130 1.3389643 1.5424516 1.6211426 1.7456823 1.6274414 1.8154472 1.8154472 1.8149651 2.3354932 1.4990447 1.6360755 1.9857264 2.8884173 2.4499964 2.0121796 1.6738742 1.7048748 1.9402291 1.4602924 1.8643680 1.7945899 2.0822534 2.3722916 2.2732255 2.1627347 2.1660356 1.6958362 2.1657862 1.5736044 1.6454409 1.5432724 1.7687751 1.8322330 1.5944369 2.2008325 2.4721258 1.7109023 1.8999306 2.4474662 2.5300662 2.5295468 
Dgig_XM_028547819.1                               2.8403876 2.7210204 1.3830794 1.2219795 1.8080347 1.4009286 1.6076059 1.4564548 1.0203711 1.6194537 1.0640443 0.8201087 1.1571241 1.0283426 1.1530326 1.2337449 1.1979277 1.1353226 1.3957108 0.5444065 0.0000000 1.1666471 1.2137498 1.0332416 1.0072740 1.1196244 1.1318019 1.0937764 1.3179319 1.3436149 1.2275162 1.3567932 1.2152769 1.2190641 1.3699501 1.4826747 1.2222362 1.3070627 1.4023717 1.5932355 1.5045796 1.7648500 1.7648500 1.6521283 1.8726076 1.3835215 1.6375584 1.9864003 2.6150553 2.2504801 1.8250119 1.5365331 1.4870796 1.9201309 1.4740900 1.7480974 1.6842334 1.9243638 2.1763814 2.1489853 1.9539684 2.3624138 1.5792972 1.9928228 1.3736494 1.6943404 1.4879416 1.8736406 2.0090993 1.5583063 2.2220290 2.1893980 1.6817747 1.7545869 2.2449437 2.2512737 2.3085149 
TrH2_TrispH2_002292-RA                            3.6520221 3.2376043 1.3797981 1.3539604 1.6259198 1.4466807 1.4500407 1.3569642 1.1306368 1.6607960 1.2947213 0.9747759 1.3340628 1.3166615 1.4015438 1.5862220 1.3952577 1.3266250 1.3375312 1.3415530 1.1666471 0.0000000 0.0364616 0.2971775 0.2561581 0.3173256 0.3178974 0.2551816 1.1919416 1.2877125 1.4322276 1.5459834 1.2171592 1.3879829 1.3077289 1.5599415 1.1637819 1.2589884 1.4402762 1.6497745 1.5680073 1.6838175 1.6838175 1.7352994 1.7204072 1.5565811 1.5060805 1.9544480 2.6978930 2.2263602 2.0291545 1.6250352 1.6078863 2.0737080 1.2424974 1.2954170 1.2450075 1.7196145 2.2639363 2.0761343 1.9183552 1.9778640 1.6580259 2.0537740 1.4091331 1.9204343 1.7432340 1.5636653 2.1332850 1.8094396 2.1884251 2.0110716 1.7192179 1.7992608 2.2663752 2.3203164 2.3485092 
Tadh_TriadT53589                                  3.4035013 3.0331942 1.3474827 1.3524987 1.5332182 1.2979829 1.3119376 1.2392361 1.1272160 1.6813308 1.1657614 0.9733677 1.2581931 1.1915664 1.3107793 1.3846270 1.2600197 1.2449960 1.2385799 1.3532218 1.2137498 0.0364616 0.0000000 0.2983105 0.2616806 0.3230778 0.3227551 0.2492481 1.1808624 1.1811822 1.3033495 1.3890512 1.1841166 1.2232841 1.2981213 1.5521803 1.1541213 1.2469375 1.4267832 1.6420945 1.5599823 1.6097491 1.6097491 1.6927955 1.6681992 1.5031924 1.5041459 1.9730909 2.5537471 2.2505658 1.9183752 1.6452493 1.4888518 1.9441487 1.2409628 1.2852881 1.2450075 1.6790444 2.1382604 2.1203333 1.7139680 1.9446488 1.6564140 2.0083759 1.3748949 1.7979752 1.5355344 1.5159993 2.1275008 1.7230904 1.9937615 1.9822347 1.5870752 1.6424378 2.2331980 2.1008590 2.1649078 
HoiH23_PlH23_001033-RA                            3.4679078 2.8125983 1.4894064 1.3902763 1.3774637 1.3128418 1.3565157 1.3110430 1.1177528 1.7005653 1.1258893 0.8721472 1.2607728 1.1716726 1.2023083 1.2933890 1.1810360 1.2308001 1.1684159 1.1469805 1.0332416 0.2971775 0.2983105 0.0000000 0.0498906 0.1442621 0.1329735 0.1165154 1.1603629 1.1639199 1.3750405 1.5186201 1.1772234 1.2635657 1.2792087 1.4576122 1.1248450 1.2821016 1.4745419 1.5833648 1.5272628 1.5264490 1.5264490 1.5762440 1.7465843 1.4472792 1.4143857 1.8287595 2.4359840 2.1382951 1.7827998 1.5365795 1.5186103 1.7966123 1.2628406 1.3861708 1.2547962 1.9442074 2.1745300 1.9944702 1.7745685 1.8769379 1.7326146 1.9179299 1.3198134 1.8072318 1.5581511 1.5650042 2.1768981 1.7230204 1.8346022 1.9607563 1.6732261 1.6734954 1.8867632 2.1550035 2.0304146 
HoiH06_mRNA4591                                   3.2830930 2.6177945 1.4013692 1.3119305 1.2597516 1.2403887 1.2535083 1.2499319 1.1262347 1.7324942 1.0088197 0.8662975 1.1241520 1.0182309 1.0838000 1.0812832 1.0354684 1.1952545 1.1422482 1.1477228 1.0072740 0.2561581 0.2616806 0.0498906 0.0000000 0.1254899 0.1381978 0.1281432 1.0571394 1.0076490 1.2695166 1.3662106 1.0579875 1.2475403 1.2825102 1.4603355 1.0876083 1.2482077 1.4459478 1.5430991 1.4890005 1.5234482 1.5234482 1.5019619 1.6970842 1.3748492 1.3323113 1.7803151 2.2539173 2.1380937 1.6605497 1.5557197 1.4712773 1.6433401 1.2483653 1.4321168 1.2793037 1.8218089 2.1482442 2.0302308 1.6660745 1.7332253 1.5475807 1.7519945 1.2501570 1.7005497 1.4156015 1.4718678 2.0871066 1.5589183 1.8045046 1.7874916 1.5553696 1.5556536 1.8741727 2.0891547 1.9675542 
HoiH04_mRNA4335                                   3.6036366 2.7702084 1.4800007 1.4891907 1.4067175 1.2836734 1.2872071 1.2784507 1.1474729 1.7421920 1.1625302 0.9559417 1.1885618 1.1098005 1.1951342 1.2722053 1.1810865 1.2718970 1.1835067 1.3307571 1.1196244 0.3173256 0.3230778 0.1442621 0.1254899 0.0000000 0.0075017 0.1891207 1.0961650 1.0502929 1.2560542 1.3833026 1.1281725 1.2411185 1.2699594 1.5083462 1.2294479 1.3341376 1.5253346 1.5546165 1.4882860 1.5395749 1.5395749 1.6191179 1.7645518 1.4045558 1.4663363 1.7861228 2.4161237 2.1899766 1.7760038 1.5915362 1.4220938 1.7894489 1.3404874 1.4235563 1.2787929 1.8288924 2.1709910 2.0711527 1.7528848 1.8649851 1.7021203 1.8460967 1.3248109 1.8452660 1.5155044 1.6386461 2.1976866 1.7297471 1.9355133 2.0440075 1.5958905 1.5961680 2.0609598 2.1190219 2.3012246 
Hhon_g08488.t1                                    3.4177165 2.8561520 1.4034798 1.3934084 1.4649318 1.2849755 1.2861697 1.2708972 1.1474729 1.7714732 1.1267334 0.9447790 1.1599241 1.0723210 1.1807622 1.3398593 1.2272335 1.2622568 1.1672703 1.3281653 1.1318019 0.3178974 0.3227551 0.1329735 0.1381978 0.0075017 0.0000000 0.1850277 1.1286250 1.0598792 1.1771216 1.2833732 1.1143641 1.2215831 1.2646682 1.5035226 1.2241514 1.3272293 1.5253346 1.5196643 1.4521933 1.5375031 1.5375031 1.6092125 1.6840406 1.4314746 1.4339814 1.8493798 2.3632786 2.2088521 1.7542680 1.6072504 1.4220938 1.7794945 1.3357758 1.4102445 1.2644291 1.7661496 2.1066657 2.1747033 1.6801152 1.7930243 1.6006984 1.8599597 1.4060908 1.8288316 1.5308094 1.6104478 2.1281045 1.6187205 2.0031206 2.0482775 1.5317900 1.6258479 2.0803218 2.1376888 2.2069347 
HoiH11_mRNA4167                                   3.2770870 2.6528296 1.3562189 1.3362010 1.3177708 1.2966293 1.2862030 1.2928631 1.0988425 1.5173128 1.0914506 1.0440777 1.2433630 1.1492249 1.2147057 1.2185125 1.1453484 1.1794398 1.1270422 1.1707643 1.0937764 0.2551816 0.2492481 0.1165154 0.1281432 0.1891207 0.1850277 0.0000000 1.0591283 0.9609669 1.1211749 1.2004100 0.9994526 1.1338425 1.2569943 1.4849359 1.0495969 1.1927030 1.3563631 1.5884204 1.5322733 1.4304019 1.4304019 1.5304105 1.6178947 1.3296376 1.2820577 1.7512768 2.1672921 2.0802852 1.6105027 1.5332269 1.5275358 1.6484486 1.3714369 1.3678569 1.2641256 1.7283484 2.0110052 1.9759321 1.7017016 1.7605381 1.6011560 1.7220026 1.2428425 1.6142974 1.3123907 1.4762231 2.0982086 1.5206464 1.6782220 1.8391183 1.4805168 1.5053877 1.8153649 2.0970445 1.8568804 
Bralan_BLAG12000187_1                             3.8203273 2.3851545 1.2510528 1.2362258 1.7972564 1.3965074 1.5071028 1.2345835 0.9362263 1.7839643 1.1359290 0.8738395 1.1241253 1.1337245 1.3124376 1.3806035 1.2209432 1.2733486 1.3466460 1.4200923 1.3179319 1.1919416 1.1808624 1.1603629 1.0571394 1.0961650 1.1286250 1.0591283 0.0000000 0.9047938 0.9832252 1.0702904 1.3144079 1.3494216 1.1703670 1.4498915 1.1170941 1.2389962 1.3961981 1.6232130 1.5711256 1.8819130 1.8819130 1.6989829 2.0489622 1.4167555 1.6759847 1.7172324 2.5329837 2.3109090 1.8897256 1.6611165 1.3246475 1.6654742 1.1977164 1.5371463 1.5290223 1.8030787 1.8969796 1.8012894 1.6766033 1.6956846 1.5567554 2.0134887 1.6034570 1.6497809 1.4585925 1.7031115 2.2007489 1.7497051 2.0009302 1.9627098 1.4892871 1.5697187 2.1265858 2.0721467 2.1639208 
Hsap_ENST00000315796                              3.9850996 2.5592561 1.3793348 1.4348213 1.9134856 1.6790768 1.7458420 1.7116140 1.1824324 1.7681701 1.4073805 1.0453646 1.5014403 1.4052585 1.5767384 1.8106583 1.5846314 1.2817528 1.4710979 1.4836249 1.3436149 1.2877125 1.1811822 1.1639199 1.0076490 1.0502929 1.0598792 0.9609669 0.9047938 0.0000000 1.0777395 1.1082597 1.3075319 1.3974472 1.3025246 1.5601206 1.3085927 1.2686313 1.4996075 1.6965118 1.6143394 1.8629654 1.8629654 1.9457760 1.9634528 1.4967652 1.6608418 1.7326243 2.6234337 2.2746648 1.8664028 1.5514701 1.4012768 1.8213652 1.2447094 1.5261360 1.4302870 1.9830661 2.2622187 2.1293425 1.7355494 1.7715729 1.7667571 2.2446886 1.6550557 1.7429950 1.5742417 1.6126055 2.6778754 1.9145718 1.9942934 1.8983946 1.7475608 1.8542709 2.2166202 2.0981312 2.5585623 
Acagra_model.g13109.t1                            4.2543054 2.5448123 1.1825566 1.3253236 1.7317155 1.7176556 1.8076037 1.7619045 1.3361473 1.8625728 1.5819179 1.1529760 1.5890262 1.5091429 1.5095763 1.7190656 1.5300345 1.4658944 1.3631268 1.3236544 1.2275162 1.4322276 1.3033495 1.3750405 1.2695166 1.2560542 1.1771216 1.1211749 0.9832252 1.0777395 0.0000000 0.0040729 1.0177825 1.0676743 1.5911086 1.7598174 1.2814491 1.5409285 1.7910980 1.8233939 1.7528572 1.8319405 1.8319405 1.8746785 1.8899946 1.5804594 1.7213067 1.6173653 2.3445267 2.1074759 1.6154243 1.3959791 1.6061705 1.6489076 1.4103195 1.6258549 1.5904145 1.9167129 2.1859369 1.9449200 1.8678643 1.9507722 1.7808512 2.2249072 1.1692322 1.7326593 1.4907204 1.8752182 2.2926166 1.7988857 1.8968821 1.9023238 1.6375459 1.6628264 2.2651917 2.1900343 2.1671879 
Acagra_model.g13109.t1.1.5d3b8717                 6.1203266 2.7795681 1.3363530 1.4460692 1.7209479 1.8879140 1.8824668 1.9867874 1.9020129 1.9734833 1.6629290 1.1886813 1.6689391 1.6181077 1.6306105 1.7190656 1.6580375 1.5312885 1.3963364 1.3892207 1.3567932 1.5459834 1.3890512 1.5186201 1.3662106 1.3833026 1.2833732 1.2004100 1.0702904 1.1082597 0.0040729 0.0000000 1.1153902 1.1397029 1.6419850 1.9293763 1.3821823 1.7888149 2.2494665 2.1513109 2.0746190 2.1592598 2.1592598 2.2113058 1.9078760 1.8073931 1.8481051 1.7378550 1.9364250 1.6699775 1.7332237 1.4712507 1.8058945 1.7348586 1.5098367 1.3775704 1.3823489 2.0610676 2.4638372 2.2365743 2.1638981 2.0987668 2.0076887 2.5987402 1.3281988 1.9016578 1.5670813 2.0940088 3.0707076 1.9473725 2.0050695 2.0267401 1.7355471 1.7664462 2.5024352 2.4215561 2.3883588 
Cscu_XM_023368750.1                               3.5520695 2.9929118 1.4482128 1.3571743 1.7675722 1.5421834 1.7105124 1.5237920 0.9040655 1.6500975 1.2310886 0.9006849 1.2712621 1.2198602 1.4050256 1.6404212 1.4190872 1.3733447 1.4079504 1.4208779 1.2152769 1.2171592 1.1841166 1.1772234 1.0579875 1.1281725 1.1143641 0.9994526 1.3144079 1.3075319 1.0177825 1.1153902 0.0000000 1.2159092 1.3436089 1.5437956 1.2926054 1.3224020 1.5056055 1.8299296 1.7444719 1.8923617 1.8923617 1.9391330 2.0878579 1.5056758 1.7363017 1.8476737 2.7627885 2.3427348 1.9733642 1.6079001 1.4255037 1.9799680 1.3993062 1.5526195 1.4891821 2.0001307 2.1460311 1.9424519 1.8770382 1.8941533 1.7956993 2.1243619 1.4156903 1.6898854 1.5591723 1.9400933 1.9612028 1.8408473 2.2688579 2.0673311 1.7748937 1.8782926 2.0449865 2.2860151 2.5484437 
Tcas_TC033550_001                                 3.9696249 2.5855426 1.2387307 1.1289643 1.8387610 1.8655052 1.8110845 1.7661082 1.0908118 1.5796248 1.7462353 0.9974505 1.6047932 1.4622930 1.5434542 2.1178029 1.7477654 1.7616321 1.5665902 1.3875728 1.2190641 1.3879829 1.2232841 1.2635657 1.2475403 1.2411185 1.2215831 1.1338425 1.3494216 1.3974472 1.0676743 1.1397029 1.2159092 0.0000000 1.3801356 1.6988817 1.2450963 1.3687894 1.5512182 1.7320261 1.6641772 1.8135636 1.8135636 1.7985089 2.0118642 1.7079642 1.7986713 1.9118989 2.6655679 2.2566877 1.9556064 1.6197750 1.7034747 1.8818494 1.3583780 1.5201780 1.5045226 2.0322815 2.4314475 2.1095155 1.7326119 1.6943970 1.6700750 2.1161532 1.3928988 1.8248719 1.7435366 1.7095374 1.9708553 1.6902467 1.9527778 1.9433360 1.8362271 1.8636910 2.0482912 2.3308855 1.9679226 
Vmul_sbMO411104                                   2.9951086 2.0699449 1.5133430 1.7097777 1.6971351 1.6187234 1.7211616 1.5561868 1.2654397 1.5549467 1.4710177 1.5993294 1.5614761 1.4854017 1.5162679 1.4219768 1.4596715 1.6098572 1.5964469 1.3308547 1.3699501 1.3077289 1.2981213 1.2792087 1.2825102 1.2699594 1.2646682 1.2569943 1.1703670 1.3025246 1.5911086 1.6419850 1.3436089 1.3801356 0.0000000 0.5335511 0.5421140 0.5764226 0.6252674 0.6004291 0.6004291 0.7435596 0.7435596 0.8403631 0.4946670 1.2395415 1.4751812 1.5844371 2.6233916 2.6233916 1.7481398 1.7481398 1.8031253 1.4714245 1.2544967 1.7196958 1.7924337 1.5819548 1.7113640 1.6461586 1.6975058 1.6188418 1.5370556 1.5465541 1.5867451 1.5111046 1.6532790 1.7164977 2.1526937 1.6417080 1.6535909 1.7558772 1.9298980 1.8980722 1.7387302 1.8413276 1.9204622 
Lampan_Lpan_C409659_01                            3.9325369 2.1287736 1.7502330 2.0073259 1.8881980 1.8510500 1.9322422 1.7273003 1.5457598 1.8336451 1.7017221 1.5525912 1.7739797 1.6924473 1.7922178 1.6432587 1.6567010 1.6394761 1.8554057 1.7793130 1.4826747 1.5599415 1.5521803 1.4576122 1.4603355 1.5083462 1.5035226 1.4849359 1.4498915 1.5601206 1.7598174 1.9293763 1.5437956 1.6988817 0.5335511 0.0000000 0.5261425 0.4606976 0.5092036 0.6317267 0.6226037 0.7369979 0.7369979 0.7187310 0.7829042 1.7165219 1.7770775 1.7706835 2.8884180 2.9126230 2.0338172 2.0174066 1.7165790 1.8487396 1.4176635 1.5648563 1.5900248 1.9389712 2.2552916 1.9886605 2.0570903 1.8653219 2.1190895 1.8665572 1.8720314 2.0273403 1.9680011 1.9188810 2.3914993 2.1741936 2.1427318 2.3465989 1.9827847 1.9752809 1.9796002 2.2025802 2.0949007 
Mlei_ML0159.g3.i1                                 2.6163862 1.9490721 1.4170152 1.5761183 1.5005296 1.3945195 1.4593238 1.3408344 1.2573010 1.4748715 1.2768574 1.4282700 1.3746146 1.2648659 1.1961083 1.2092259 1.2684708 1.1871200 1.2572584 1.3389643 1.2222362 1.1637819 1.1541213 1.1248450 1.0876083 1.2294479 1.2241514 1.0495969 1.1170941 1.3085927 1.2814491 1.3821823 1.2926054 1.2450963 0.5421140 0.5261425 0.0000000 0.2426752 0.2782409 0.3924031 0.3924031 0.4561024 0.4561024 0.5912509 0.8459110 1.1084340 1.3004146 1.6444326 2.5153135 2.5153135 1.7483022 1.7483022 2.0288162 1.5164504 1.3136341 1.6698812 1.7072795 1.4992545 1.7819608 1.6177265 1.8572385 1.5379703 1.4455551 1.5512369 1.5588950 1.4762611 1.4698322 1.5219951 2.1370694 1.4603170 1.7143843 1.5218691 1.7178545 1.7240468 1.6725564 1.8054366 1.9456986 
Bolinf_Binf_sb1221246                             2.6781321 1.9573135 1.3557318 1.8566388 1.6520441 1.4647085 1.5903072 1.2722314 1.2067294 1.6112157 1.4337919 1.5079588 1.5132582 1.4058684 1.2691293 1.3819148 1.4060332 1.3406143 1.5925369 1.5424516 1.3070627 1.2589884 1.2469375 1.2821016 1.2482077 1.3341376 1.3272293 1.1927030 1.2389962 1.2686313 1.5409285 1.7888149 1.3224020 1.3687894 0.5764226 0.4606976 0.2426752 0.0000000 0.0208507 0.3839471 0.3839471 0.4726002 0.4726002 0.6157476 0.9687117 1.2593936 1.4821668 1.6648707 3.4658526 3.4658526 1.9641293 1.9641293 1.9957447 1.6943498 1.3675128 1.7084605 1.7767480 1.4433759 2.0202792 1.8007133 1.6421448 1.5679054 1.5916663 1.7643302 1.6620871 1.4298458 1.6032961 1.8637708 2.1197731 1.6006578 2.0362918 1.7542141 1.8285608 1.8369178 2.0432723 1.7834507 1.9157781 
Bolinf_Binf_sb1221247                             2.7024610 2.0762438 1.5282667 2.0523707 1.8783071 1.6001617 1.7765408 1.4172788 1.2067294 1.8867440 1.5976912 1.6603525 1.7000616 1.5976721 1.4385618 1.7877158 1.5682573 1.4793459 1.7609249 1.6211426 1.4023717 1.4402762 1.4267832 1.4745419 1.4459478 1.5253346 1.5253346 1.3563631 1.3961981 1.4996075 1.7910980 2.2494665 1.5056055 1.5512182 0.6252674 0.5092036 0.2782409 0.0208507 0.0000000 0.4545353 0.4545353 0.5064457 0.5064457 0.6608122 1.1527783 1.4306175 1.6437705 1.8720837 4.5352825 4.5352825 2.3064669 2.3064669 2.2361352 2.0046054 1.6185743 1.9043377 2.0373651 1.5611592 2.2208512 1.9600673 1.8177066 1.7659258 1.7979382 1.9072890 1.8363712 1.5742462 1.8088182 2.1372006 2.1197731 1.9096486 2.2962249 2.0787404 2.0392302 2.0501262 2.2166403 1.9609017 2.0594710 
Drygla_Dgla_sb294721                              3.4888425 2.4921062 1.8741086 2.0944972 2.1623735 1.9296896 2.2422589 2.0022681 1.6005747 2.2039829 1.9847035 1.6116203 1.9319106 1.8143199 1.8808624 2.1760550 1.9106096 1.8737190 1.9400031 1.7456823 1.5932355 1.6497745 1.6420945 1.5833648 1.5430991 1.5546165 1.5196643 1.5884204 1.6232130 1.6965118 1.8233939 2.1513109 1.8299296 1.7320261 0.6004291 0.6317267 0.3924031 0.3839471 0.4545353 0.0000000 0.0000010 0.6167211 0.6167211 0.7517918 0.9436410 1.8385372 1.8871099 2.3963780 2.9145043 2.7994542 2.1309391 2.0182763 2.0791220 2.1020941 1.5605352 1.6180558 1.6303369 2.0008036 2.3328409 2.2247293 2.2931853 2.2964814 2.2069019 2.2107443 1.9340422 1.8824547 2.1755827 2.2490808 2.4904693 2.1621087 2.5101728 2.7313428 2.1838554 2.1582651 2.2942487 2.3153742 2.3227581 
Drygla_Dgla_sb294722                              3.3092692 2.3742628 1.8251326 2.0113122 2.1535560 1.9172175 2.2171049 1.9275833 1.6005747 2.1551218 1.9046997 1.6116203 1.8456510 1.7608321 1.7411425 1.9969916 1.7951999 1.7498125 1.8430121 1.6274414 1.5045796 1.5680073 1.5599823 1.5272628 1.4890005 1.4882860 1.4521933 1.5322733 1.5711256 1.6143394 1.7528572 2.0746190 1.7444719 1.6641772 0.6004291 0.6226037 0.3924031 0.3839471 0.4545353 0.0000010 0.0000000 0.5770223 0.5770223 0.7216624 0.9373576 1.6942404 1.7818090 2.3305585 2.9164072 2.7982867 2.0996833 2.0093799 2.0791220 2.0599802 1.5605352 1.6180558 1.6303369 1.8764780 2.1533628 2.0960303 2.2358583 2.1765673 2.0911478 2.0521018 1.8594989 1.7848909 2.1085037 2.1405037 2.2664625 1.9900122 2.4926456 2.5645542 2.1441906 2.1177518 2.2230744 2.2310511 2.2474593 
Beraby_Baby_sb326331                              3.5627285 2.5633156 1.8979899 2.1880001 2.3601559 2.0626219 2.4088340 1.9705785 1.4410818 2.2634835 1.9995757 1.5186207 1.9743197 1.8529965 2.0751623 2.5845404 2.0655367 1.8378585 1.9085072 1.8154472 1.7648500 1.6838175 1.6097491 1.5264490 1.5234482 1.5395749 1.5375031 1.4304019 1.8819130 1.8629654 1.8319405 2.1592598 1.8923617 1.8135636 0.7435596 0.7369979 0.4561024 0.4726002 0.5064457 0.6167211 0.5770223 0.0000000 0.0000010 0.6723777 1.0025671 1.7295208 1.8527996 2.3004523 2.9287308 2.6434829 2.0601082 1.8016912 2.0491101 1.9322245 1.4212057 1.6367816 1.7344364 2.0460003 2.4272110 2.3896331 2.1086607 2.0907511 2.0618249 2.1186617 2.0839406 2.0134903 2.1914425 2.2774318 2.7038967 2.1589302 2.5389365 2.6127560 2.2812603 2.4230427 2.5316521 2.3987088 2.4729400 
Beraby_Baby_sb326332                              3.5627285 2.5633156 1.8979899 2.1880001 2.3601559 2.0626219 2.4088340 1.9705785 1.4410818 2.2634835 1.9995757 1.5186207 1.9743197 1.8529965 2.0751623 2.5845404 2.0655367 1.8378585 1.9085072 1.8154472 1.7648500 1.6838175 1.6097491 1.5264490 1.5234482 1.5395749 1.5375031 1.4304019 1.8819130 1.8629654 1.8319405 2.1592598 1.8923617 1.8135636 0.7435596 0.7369979 0.4561024 0.4726002 0.5064457 0.6167211 0.5770223 0.0000010 0.0000000 0.6723777 1.0025671 1.7295208 1.8527996 2.3004523 2.9287308 2.6434829 2.0601082 1.8016912 2.0491101 1.9322245 1.4212057 1.6367816 1.7344364 2.0460003 2.4272110 2.3896331 2.1086607 2.0907511 2.0618249 2.1186617 2.0839406 2.0134903 2.1914425 2.2774318 2.7038967 2.1589302 2.5389365 2.6127560 2.2812603 2.4230427 2.5316521 2.3987088 2.4729400 
Horcal_Hcv1.av93.c5.g41.i1                        4.0026211 2.4720881 1.8198986 2.4572389 2.3788466 2.1489253 2.3911137 2.1247698 1.5426478 2.0808731 1.9086047 1.3927981 1.7953044 1.7284073 1.8404434 2.0206032 1.8605133 1.7770274 1.9635976 1.8149651 1.6521283 1.7352994 1.6927955 1.5762440 1.5019619 1.6191179 1.6092125 1.5304105 1.6989829 1.9457760 1.8746785 2.2113058 1.9391330 1.7985089 0.8403631 0.7187310 0.5912509 0.6157476 0.6608122 0.7517918 0.7216624 0.6723777 0.6723777 0.0000000 1.1488366 2.0193525 1.8879935 2.1661306 2.8147566 2.5897040 2.0313576 1.8371821 1.7907388 2.1027843 1.6713782 1.4329040 1.4571792 2.0162613 2.1298678 2.2594628 1.9976930 1.9008112 2.0300454 2.0432711 2.1649983 2.0048852 2.0500187 1.9036188 2.1830458 2.1196749 2.4268338 2.5510363 2.3608449 2.3424395 2.3543958 2.1829704 2.2515604 
Coemet_Cmet_scaffold15703_01                      5.9855659 2.8370231 2.3682362 2.3583584 2.5730909 2.4590883 2.7120800 2.4338316 2.0399085 2.2723812 2.2498840 1.9586335 2.3185751 2.2169138 2.3668766 2.1463024 2.0170170 2.2206638 2.1585454 2.3354932 1.8726076 1.7204072 1.6681992 1.7465843 1.6970842 1.7645518 1.6840406 1.6178947 2.0489622 1.9634528 1.8899946 1.9078760 2.0878579 2.0118642 0.4946670 0.7829042 0.8459110 0.9687117 1.1527783 0.9436410 0.9373576 1.0025671 1.0025671 1.1488366 0.0000000 2.3805244 2.1068966 2.2126520 2.3586127 2.0976040 2.3470626 2.0888444 2.2107573 2.3734485 1.4982604 1.5836393 1.5751489 2.4208794 2.5149257 2.5345719 2.6406631 2.5118375 2.5806265 2.5518582 2.4753534 2.4032636 2.5599151 2.6531513 3.8193671 2.8150525 2.4039697 2.9624617 2.4845151 2.4467847 2.7229239 2.6856641 2.7174050 
Salpun_EP00053_Salpingoeca_punica_P013195         3.5954415 1.9504639 1.5600740 1.5788679 1.7489654 1.6060815 1.7585996 1.6249236 1.2675914 1.6261703 1.6736451 1.1058539 1.5892310 1.5603315 1.5885706 1.8127051 1.5625638 1.5660749 1.6438964 1.4990447 1.3835215 1.5565811 1.5031924 1.4472792 1.3748492 1.4045558 1.4314746 1.3296376 1.4167555 1.4967652 1.5804594 1.8073931 1.5056758 1.7079642 1.2395415 1.7165219 1.1084340 1.2593936 1.4306175 1.8385372 1.6942404 1.7295208 1.7295208 2.0193525 2.3805244 0.0000000 1.3200436 1.6598879 2.5367868 2.3183198 1.7645862 1.5616762 1.4363552 1.4527950 1.2418763 1.3146828 1.3151436 1.6288607 1.5668675 1.3662507 1.9514182 1.7869200 1.4160133 1.8433894 1.8165301 1.4704528 1.7146959 1.8103341 1.7566556 1.5504084 1.8094420 1.6110675 1.7714637 1.7448603 2.1023479 1.7680625 2.0333269 
Salmac_EP00052_Salpingoeca_macrocollata_P032087   3.7887129 2.3762551 1.6935925 1.5892361 2.2678530 1.9894950 2.1465916 1.9542373 1.0572248 1.7698989 1.6905409 1.1567251 1.7653033 1.6918965 1.9347670 2.4992770 1.9074172 1.6553607 1.6939565 1.6360755 1.6375584 1.5060805 1.5041459 1.4143857 1.3323113 1.4663363 1.4339814 1.2820577 1.6759847 1.6608418 1.7213067 1.8481051 1.7363017 1.7986713 1.4751812 1.7770775 1.3004146 1.4821668 1.6437705 1.8871099 1.7818090 1.8527996 1.8527996 1.8879935 2.1068966 1.3200436 0.0000000 2.0176959 2.8527829 2.5358348 2.0195286 1.7248164 1.7508828 1.9492757 1.4714778 1.3256301 1.3544743 1.8054149 1.7143349 1.8425395 1.6988305 1.6359565 1.3338789 1.8552985 1.9200003 1.2768353 2.1112193 1.3034334 1.8118911 1.4823785 1.9444809 1.9471925 2.0697409 2.2503910 2.0677765 2.0737764 2.0741881 
Gracom_Gcom_C550632_01                            4.1394424 2.6377901 1.7470723 1.8851497 2.2187045 1.8924851 2.1066354 1.8502043 1.4047726 1.9988319 1.7655385 1.2426743 1.9088180 1.8163402 1.9285562 2.0646555 1.7706622 1.9014967 1.9419091 1.9857264 1.9864003 1.9544480 1.9730909 1.8287595 1.7803151 1.7861228 1.8493798 1.7512768 1.7172324 1.7326243 1.6173653 1.7378550 1.8476737 1.9118989 1.5844371 1.7706835 1.6444326 1.6648707 1.8720837 2.3963780 2.3305585 2.3004523 2.3004523 2.1661306 2.2126520 1.6598879 2.0176959 0.0000000 1.0812621 0.9720126 0.7695621 0.6558712 0.5710812 0.6203387 1.1135681 2.2391202 2.1207383 2.6843269 2.4924772 2.3929486 2.1559174 2.1187752 1.9063892 2.2248515 2.0916020 1.7520254 2.0791201 1.8623405 2.6248073 2.0805213 2.1545652 2.2465608 2.2612644 2.4700086 2.3471836 2.1758317 2.5656108 
