104
Emue_Em0016g656a.t1                                            0.0000000 0.0000010 0.0463390 0.1764168 0.1066769 0.2117987 0.2062566 0.5102084 0.1005439 0.2436526 0.6567906 0.6578875 0.3246064 0.6171042 0.5683740 0.5942694 0.6307878 0.7070499 0.4724394 0.5667155 0.5895036 0.5617770 0.5574908 0.5968525 0.6694268 0.6396383 0.5689798 0.6664826 0.9167707 0.6760210 0.5616969 0.7405175 0.6779567 0.7806878 0.9579377 0.6307935 0.6148034 0.6497196 0.8955527 0.6392217 0.6327560 1.1863627 0.8636421 0.8054098 0.7800669 0.7905782 0.8295626 0.8295626 0.6786592 0.6695955 0.8705419 0.8236218 0.9156026 1.0058875 1.1696322 0.8550198 1.0819822 1.0072394 1.7247852 0.8879182 0.9400538 0.7071499 0.7834269 1.2209109 0.7472049 0.7610489 0.8481230 1.1459849 0.8947559 0.9830532 1.3527897 1.3132878 1.2595026 1.4241475 1.4291676 0.9728667 0.6866902 0.6866902 0.9937574 1.0120373 1.0426590 0.9721588 0.8410522 0.9214563 0.3787370 0.6513860 1.0884740 1.1572612 1.1583960 1.1796412 1.1796412 1.1730104 1.1757888 0.9115713 1.1970607 0.9573013 1.3358252 1.4704127 1.9148841 2.6397562 2.4380591 1.2579032 1.9751042 1.7873178 
Emue_Em0016g649a.t1                                            0.0000010 0.0000000 0.0463390 0.1764168 0.1066769 0.2117987 0.2062566 0.5102084 0.1005439 0.2436526 0.6567906 0.6578875 0.3246064 0.6171042 0.5683740 0.5942694 0.6307878 0.7070499 0.4724394 0.5667155 0.5895036 0.5617770 0.5574908 0.5968525 0.6694268 0.6396383 0.5689798 0.6664826 0.9167707 0.6760210 0.5616969 0.7405175 0.6779567 0.7806878 0.9579377 0.6307935 0.6148034 0.6497196 0.8955527 0.6392217 0.6327560 1.1863627 0.8636421 0.8054098 0.7800669 0.7905782 0.8295626 0.8295626 0.6786592 0.6695955 0.8705419 0.8236218 0.9156026 1.0058875 1.1696322 0.8550198 1.0819822 1.0072394 1.7247852 0.8879182 0.9400538 0.7071499 0.7834269 1.2209109 0.7472049 0.7610489 0.8481230 1.1459849 0.8947559 0.9830532 1.3527897 1.3132878 1.2595026 1.4241475 1.4291676 0.9728667 0.6866902 0.6866902 0.9937574 1.0120373 1.0426590 0.9721588 0.8410522 0.9214563 0.3787370 0.6513860 1.0884740 1.1572612 1.1583960 1.1796412 1.1796412 1.1730104 1.1757888 0.9115713 1.1970607 0.9573013 1.3358252 1.4704127 1.9148841 2.6397562 2.4380591 1.2579032 1.9751042 1.7873178 
Emue_Em0238g4a.t1                                              0.0463390 0.0463390 0.0000000 0.2749807 0.1575504 0.4928651 0.4890723 0.9447892 0.2031391 0.2062112 0.6447469 0.6791072 0.3003153 0.6468234 0.5896989 0.6889280 0.6578341 0.7767899 0.5711730 0.6271444 0.6382098 0.5869572 0.5919432 0.6412624 0.7450045 0.6898497 0.6489816 0.7397725 0.9287512 0.7379809 0.5516162 0.7752070 0.6805330 0.6855862 1.1991841 0.6687773 0.6553719 0.6881278 0.8022099 0.6971012 0.6861797 1.2731042 0.8845226 0.8867959 0.8243538 0.8400350 0.8856901 0.8856901 0.7339320 0.6270768 0.9261021 0.9012516 1.0557725 0.9631963 1.1953983 0.8909807 0.8577293 0.9647288 1.7899877 0.9173370 0.8173243 0.6939779 0.7567790 1.0172161 0.7690669 0.8891307 0.9680621 1.2162582 0.8051788 0.9720590 1.1531500 1.1618730 1.2482077 1.3800312 1.4402140 0.9521312 0.7418722 0.7418722 1.2377053 1.2923886 0.8927636 1.0811670 0.8364769 0.9239018 0.4216341 0.6293972 1.2271453 1.1411126 1.1356611 1.1172602 1.1172602 1.2117560 1.2158959 1.3800174 1.2302217 0.9777244 1.2189495 1.2340417 2.6957352 2.4295688 1.8338405 1.1312568 2.5901262 1.8220561 
Spolac_c103544_g1_i1_m.34783c103544-g1                         0.1764168 0.1764168 0.2749807 0.0000000 0.0611498 0.2911670 0.2865791 0.6850128 0.1785719 0.1113595 0.7774078 0.7527271 0.5138926 0.7158331 0.6988349 0.6874551 0.8108682 0.8558490 0.7264674 0.7768835 0.7368727 0.6991117 0.6842822 0.7345714 0.7724986 0.8328842 0.7319842 0.7792320 1.0899502 0.7980780 0.6804376 0.8621549 0.7843983 0.9395902 1.0467802 0.7261165 0.6254682 0.6360848 0.9049042 0.6689448 0.6800722 1.2084068 0.9808945 0.9477812 0.9247070 0.9227699 0.9246271 0.9246271 0.8555121 0.7691344 1.0199302 0.9702793 1.1018479 1.1431114 1.1964149 1.0978511 1.6955841 1.1645381 1.7844185 1.0190873 1.1472069 1.0975287 0.8606680 1.1689310 0.8528473 0.7722514 0.9897127 1.2852065 1.1366418 1.3064556 1.4927832 1.3962975 1.4473867 1.5986399 1.6052398 1.2061351 0.8516317 0.8516317 1.1789944 1.0244948 1.5927671 1.1140442 0.8825619 1.0424424 0.5519279 0.6076070 1.2536715 1.3667869 1.3647312 1.3946011 1.3946011 1.4040187 1.4073645 1.0169291 1.3641791 0.9193517 1.6303531 1.6022912 1.8559723 2.6905595 2.8474697 2.1110094 2.2702314 1.9679188 
Spolac_c103544_g1_i3_m.34784c103544-g1                         0.1066769 0.1066769 0.1575504 0.0611498 0.0000000 0.2911670 0.2865791 0.6093946 0.1785719 0.1113595 0.6660523 0.6293052 0.2893359 0.5974424 0.5806416 0.5886032 0.6410363 0.7187213 0.4274288 0.5558950 0.6054390 0.5772533 0.5607627 0.6005621 0.6392326 0.6658602 0.5902205 0.6454930 0.8843636 0.6597046 0.5462191 0.7376721 0.6416444 0.7892035 0.9852420 0.6355727 0.6254682 0.6360848 0.9049042 0.6689448 0.6800722 1.2084068 0.8292275 0.7890036 0.7697453 0.7800860 0.7922371 0.7922371 0.7014024 0.6463413 0.8810480 0.8115733 0.9261748 0.9658388 1.1411572 0.8295589 1.1280288 0.9884066 1.6450714 0.8586747 0.9429210 0.7320240 0.7565545 1.1689310 0.7384178 0.7722514 0.8518230 1.1093827 0.8547039 0.9136115 1.2507306 1.1942256 1.2065204 1.3603480 1.3713351 1.0368932 0.7256173 0.7256173 1.0102334 1.0244948 1.1329278 0.9916966 0.8666575 0.8633206 0.5519279 0.6076070 1.0452518 1.1520202 1.1531314 1.1777882 1.1777882 1.2188081 1.2216926 0.9474041 1.2523540 0.9314181 1.3953062 1.6022912 1.8041850 2.5205039 2.3483615 1.2927828 2.1719566 1.7214475 
Emue_Em0016g651a.t1                                            0.2117987 0.2117987 0.4928651 0.2911670 0.2911670 0.0000000 0.0000010 0.0130119 0.0000010 0.3625157 0.8935686 0.8388531 0.8274751 0.7869630 0.8295349 0.8913118 0.9142199 0.9224203 1.1280155 0.7593294 0.7903872 0.7848273 0.8300148 0.9538142 0.8828675 0.8572906 0.8125557 0.8172628 1.4766199 0.8607846 0.8219534 1.0439894 0.9637522 0.9944367 0.9316173 0.8270228 0.8270228 0.8871608 0.8989803 0.7865465 0.8156342 1.4133029 1.0968691 1.0273138 0.9603765 0.9603765 1.0395127 1.0395127 0.9593731 1.0262884 1.1004127 1.1575690 1.0961888 1.3610338 1.2036483 1.2662659 5.3908932 1.3750927 1.5111668 1.2284182 1.4277645 4.6175343 1.1827935 1.8911959 0.9957375 0.9071714 0.9372284 1.3335525 1.2447162 1.6465184 1.6323222 1.5732038 1.3397675 1.5237133 1.4722852 1.4109322 0.8280827 0.8280827 0.8280827 0.8280827 3.5471581 1.0569225 1.0900556 1.3086390 0.9697498 1.6251334 1.2120925 1.5404125 1.5505486 1.5445692 1.5445692 1.5699106 1.5768809 0.8173558 1.0685100 0.6718599 1.8092674 1.3586042 2.3291163 4.6427565 5.1170220 3.7633701 1.5465244 2.1238004 
Emue_Em0016g658a.t1                                            0.2062566 0.2062566 0.4890723 0.2865791 0.2865791 0.0000010 0.0000000 0.0000010 0.0000010 0.3625157 0.8978093 0.8383227 0.8335900 0.7857979 0.8288774 0.8955131 0.9085467 0.9257662 1.1371142 0.7773863 0.7928687 0.7778292 0.8234224 0.9482379 0.8769350 0.8511622 0.8058184 0.8106960 1.4790285 0.8547115 0.8249887 1.0398618 0.9693227 0.9944367 0.9262000 0.8302099 0.8302099 0.8914815 0.9017207 0.7865465 0.8156342 1.4133029 1.0934633 1.0229491 0.9552403 0.9552403 1.0353859 1.0353859 0.9590825 1.0219094 1.1006868 1.1669645 1.0964098 1.3496071 1.2081685 1.2811711 6.2096476 1.3822903 1.4517647 1.2332424 1.4395387 5.7359622 1.1925013 1.8911959 1.0019770 0.9071714 0.9318618 1.3382649 1.2896408 1.7625853 1.6417222 1.5888744 1.3444175 1.5268398 1.4745335 1.4519325 0.8089659 0.8089659 0.8089659 0.8089659 3.5263797 1.0618732 1.0964266 1.3155876 0.9595179 1.6251334 1.2101789 1.5480465 1.5583603 1.5517138 1.5517138 1.5773857 1.5844691 0.8105170 1.0629698 0.6718599 1.8676027 1.3586042 2.3291163 4.5704333 5.5061022 3.5751902 1.4957035 2.1238004 
Emue_Em0238g1a.t1                                              0.5102084 0.5102084 0.9447892 0.6850128 0.6093946 0.0130119 0.0000010 0.0000000 0.0391969 0.3383166 1.3538867 1.2753888 1.5700098 1.1709760 1.2440568 1.2968333 1.3726982 1.3513628 1.7394510 1.2163941 1.2654928 1.2176729 1.1997638 1.3306332 1.3125480 1.2131845 1.2067846 1.2025346 1.7273660 1.3217987 1.2405866 1.5120562 1.4077986 1.3972261 1.3363938 1.2905834 0.9592620 1.2235417 1.1030659 0.7879098 0.8109194 1.3912902 1.3984110 1.3700082 1.2989131 1.2989131 1.3869124 1.3869124 1.3387649 1.3441295 1.5571486 1.6092905 1.6840849 1.7585901 1.8470176 2.2195273 4.2436196 1.7764958 1.9028034 1.6608227 1.9079342 5.3687611 1.6314941 1.7113939 1.4515667 0.9071714 1.4214319 1.8668649 1.9963717 2.8148757 2.0927438 2.2486755 1.9315726 2.0393914 1.9690793 1.9575756 1.2687699 1.2687699 1.3223925 1.2285991 3.8647011 1.6033528 1.5488710 1.7390232 0.8872663 0.8843020 1.7366020 2.1375190 2.1485032 2.1501044 2.1501044 2.1249463 2.1317479 1.2116470 1.6589910 1.3734598 2.3168675 1.5750317 2.1212541 4.5014972 5.1015462 3.6374962 2.3503561 2.8501453 
Emue_Em0238g2a.t1                                              0.1005439 0.1005439 0.2031391 0.1785719 0.1785719 0.0000010 0.0000010 0.0391969 0.0000000 0.3110465 0.7633463 0.7192923 0.4320143 0.6673021 0.6977882 0.7238222 0.7913155 0.8061609 0.4092647 0.5976740 0.6535458 0.6365489 0.6745324 0.7777801 0.7561113 0.6898525 0.6613964 0.6691441 1.3123255 0.7501305 0.6474760 0.8987987 0.8255991 0.8628108 0.7823799 0.6746596 0.6746596 0.7016023 0.8268115 0.9301937 0.9595176 1.6226739 1.0193316 0.8592296 0.8523547 0.8523547 0.9451526 0.9451526 0.8191159 0.8684240 0.9257897 1.0283330 0.9358705 1.2322949 1.1051582 0.9639448 3.4319379 1.2009523 1.3410793 1.0901950 1.2377947 1.4629793 1.0304895 1.9637524 0.8839325 0.7782129 0.7947636 1.0672843 0.9470271 1.1034899 1.3688623 1.2960555 1.1102686 1.2569231 1.1959487 1.2816057 0.7032634 0.7032634 0.7032634 0.7032634 2.5032501 0.9212412 0.9193316 1.1734576 0.7813652 2.5223662 1.0971907 1.4002010 1.3930064 1.4215295 1.4215295 1.4302950 1.4375504 0.7005015 0.8619134 0.7609050 1.7407003 1.3586042 2.2914490 4.0728229 5.2712157 3.6349061 1.2504595 1.9104456 
Spolac_c103544_g1_i4_m.34785c103544-g1                         0.2436526 0.2436526 0.2062112 0.1113595 0.1113595 0.3625157 0.3625157 0.3383166 0.3110465 0.0000000 1.0613472 1.0115687 1.3734959 1.0157832 0.9872092 0.9234001 1.0554982 1.0763092 1.4025282 1.0670810 0.9658032 0.9751606 0.8671761 0.9580312 0.9145299 1.1335120 0.9631645 1.0554990 1.5497171 1.0642057 0.9219091 1.1368610 1.0263455 1.2804113 1.1206575 0.8709727 0.8709727 0.9688403 0.8631119 0.6785379 0.6898581 1.2084068 1.2503098 1.3200926 1.1579188 1.1579188 1.2328876 1.2328876 1.0443369 1.0037828 1.3981212 1.4549615 1.6930379 1.5160295 1.4670585 1.9361936 4.7265672 1.4226485 1.2815043 1.3380794 1.3772684 2.6427013 1.0590063 1.1689310 1.1791848 1.1114864 1.3131624 1.4747521 1.4334866 2.4827055 1.7824035 1.6908078 1.6589672 1.9675988 1.9776095 1.6366655 1.0710752 1.0710752 1.0710752 1.0710752 2.9888159 1.3776405 1.1591358 1.6658487 0.5311858 0.6076070 1.9157023 1.3721057 1.3337041 1.3687326 1.3687326 1.3390442 1.3434189 1.4008991 1.4738040 1.4478533 1.9649818 1.5984530 1.9174460 2.3107579 5.2621856 3.0509834 1.4249003 1.9883654 
Aque_Aqu2.1.31422_001                                          0.6567906 0.6567906 0.6447469 0.7774078 0.6660523 0.8935686 0.8978093 1.3538867 0.7633463 1.0613472 0.0000000 0.2420819 0.2870457 0.5202668 0.6663343 0.5296946 0.6966586 0.4303848 0.5297860 0.6038748 0.6706412 0.6143419 0.5778492 0.6191109 0.7259876 0.6746434 0.6070688 0.6365353 0.7822052 0.6914698 0.6996596 0.6779235 0.7781070 0.9399846 0.9347099 0.5904716 0.5993737 0.5488445 0.7522761 0.7142329 0.7010403 0.9826752 0.7643791 0.7083869 0.7594117 0.7622948 0.6975039 0.6975039 0.7420872 0.7219774 0.9094911 0.8094350 1.0258198 0.8631079 1.1203448 0.8858708 1.3309075 0.9336721 1.5851589 0.9191689 0.9988328 0.7602440 0.8211883 1.2025400 0.7297702 0.7899377 0.8251135 1.0386368 1.0351122 1.1995035 1.2690069 1.1871488 1.1711223 1.3689516 1.3770151 1.0181840 0.8376874 0.8376874 1.1622943 1.1361725 1.2386833 0.9280956 0.8784005 0.9644823 1.5036228 0.9662369 1.2138262 1.3025708 1.2865738 1.2921561 1.2921561 1.2990959 1.3021625 1.0478520 1.3214002 0.8688215 1.5467490 1.4139856 1.7361916 2.5425003 1.9041217 1.4446876 1.9326765 1.8208745 
Halamb_c44688_g1_i1mm.1509                                     0.6578875 0.6578875 0.6791072 0.7527271 0.6293052 0.8388531 0.8383227 1.2753888 0.7192923 1.0115687 0.2420819 0.0000000 0.2843901 0.4939934 0.6202653 0.5610501 0.6983288 0.4093577 0.4900124 0.5776728 0.6914876 0.6079986 0.5496214 0.5883811 0.7018653 0.6497261 0.5895434 0.6201228 0.7617789 0.6797012 0.6965878 0.7142812 0.7443588 0.8883899 0.9194791 0.6052919 0.6119289 0.6068819 0.7960025 0.6171269 0.6166240 1.0528159 0.7692179 0.7391088 0.7381975 0.7409604 0.7101610 0.7101610 0.7113865 0.7625784 0.9025166 0.7098307 0.9578525 0.8477661 1.1085677 0.8747148 1.2317292 0.9007421 1.5257188 0.8680638 0.9638402 0.7737060 0.7541599 1.0958040 0.7630753 0.6354207 0.7797305 1.0113558 0.7946745 0.9274278 1.1662796 1.1952163 1.0966405 1.2926656 1.3338738 0.9980640 0.8430859 0.8430859 1.1454107 1.1349479 1.2789516 0.9391633 0.8298309 0.9566171 1.4338855 1.1750325 1.1330541 1.2281478 1.2268258 1.2244471 1.2244471 1.2472407 1.2502123 0.9531713 1.1938072 0.8226975 1.5216370 1.4433391 1.5073222 2.4619506 2.0680523 1.5965365 1.7258867 1.7780173 
Tetwil_g9826.t2                                                0.3246064 0.3246064 0.3003153 0.5138926 0.2893359 0.8274751 0.8335900 1.5700098 0.4320143 1.3734959 0.2870457 0.2843901 0.0000000 0.3175371 0.3208210 0.3494408 0.3619980 0.3374137 0.4731840 0.3426989 0.4406552 0.3675946 0.4044613 0.4633482 0.5280490 0.3896850 0.3323438 0.3704156 0.5241764 0.4427602 0.4463505 0.4665625 0.5214146 0.5296739 0.7824887 0.4757585 0.3765888 0.3866868 0.9599218 0.0000010 0.0000010 0.0000010 0.5881341 0.5862865 0.5343886 0.5509395 0.5222368 0.5222368 0.5945323 0.5360706 0.6621325 0.5490442 0.5962566 0.5938812 0.8451023 0.6829458 0.5968778 0.5675862 1.8633593 0.5357439 0.5649137 0.6006373 0.6706208 1.4233857 0.5888728 0.5533406 0.5412378 0.7607143 0.7759595 0.8577580 0.8745841 0.8241799 0.8150970 0.7422826 0.7292775 0.6917304 0.5398727 0.5398727 1.0707357 1.1149611 0.6398474 0.7063523 0.6030944 0.5094223 3.7306365 0.0000010 0.4244859 1.0027711 1.0371679 1.0473017 1.0473017 1.0450836 1.0450836 0.4976344 0.8282694 0.4401773 0.9238516 1.6678638 2.2045506 4.2161549 1.3883952 1.0792256 4.6036767 1.7085759 
Plespi_Pspi_scaffold19290_01                                   0.6171042 0.6171042 0.6468234 0.7158331 0.5974424 0.7869630 0.7857979 1.1709760 0.6673021 1.0157832 0.5202668 0.4939934 0.3175371 0.0000000 0.4929866 0.4649476 0.6172572 0.5347959 0.5094977 0.4854688 0.6343637 0.5771397 0.5139778 0.5497298 0.5917600 0.5510280 0.5264983 0.5773108 0.7534602 0.6712607 0.6112549 0.6395336 0.7153566 0.8839748 0.8435174 0.5933933 0.6047712 0.5580938 0.7025427 0.5378149 0.5204296 0.9902780 0.8191307 0.7252321 0.7445704 0.7486679 0.7338807 0.7338807 0.7015189 0.7124425 0.8988706 0.7974708 1.0127809 0.8196349 1.1282265 0.9223707 1.1681932 0.9696291 1.6095520 0.8960629 0.9976655 0.7076366 0.7734766 1.1568520 0.7042628 0.7173489 0.7168926 0.9565697 0.8233721 1.0159514 1.1921739 1.3419026 1.2090039 1.1241452 1.1926246 1.0112838 0.7843900 0.7843900 1.0546406 1.0507090 1.3282921 0.8183932 0.7419990 0.8606752 1.5247667 0.8251866 1.0434239 1.0674967 1.1018902 1.1259056 1.1259056 1.0965537 1.1084029 0.8160820 1.1135201 0.7632142 1.4244931 1.4350780 1.6002806 2.4216544 2.5901180 1.5875658 1.4619469 1.7173409 
Bralan_BLAG08000682_1                                          0.5683740 0.5683740 0.5896989 0.6988349 0.5806416 0.8295349 0.8288774 1.2440568 0.6977882 0.9872092 0.6663343 0.6202653 0.3208210 0.4929866 0.0000000 0.4339285 0.4628382 0.6308001 0.4798024 0.4800828 0.5939633 0.3896668 0.3936711 0.4315792 0.5459464 0.5771275 0.5552778 0.5804846 0.7443981 0.6516176 0.4993638 0.5374893 0.5965777 0.8131423 0.8798466 0.6062411 0.5696196 0.6002309 0.8268063 0.6894477 0.6694551 1.1801539 0.8148302 0.7048171 0.7335559 0.7312690 0.7118434 0.7118434 0.5986905 0.5852598 0.8436257 0.7289628 0.9279304 0.7366997 0.9745008 0.7869691 0.8951644 0.8549501 1.4722002 0.7853323 0.8384001 0.8562215 0.7910722 1.1811351 0.6200127 0.7681310 0.6906582 1.0547445 0.8519881 0.9982752 1.1290513 1.2422989 1.1873852 1.1905017 1.2012011 1.0254958 0.6329563 0.6329563 0.9198436 0.9380360 0.9593830 0.7392945 0.6912422 0.9286660 1.4026489 1.3484065 0.9413553 1.0354472 1.0540115 1.0628152 1.0628152 0.9852354 0.9876318 0.9023481 1.1778579 0.7953979 1.5113382 1.2633797 1.7636082 2.5406404 2.3970090 1.2595960 1.7281241 1.6188954 
Clacor_Ccor_C531501_01                                         0.5942694 0.5942694 0.6889280 0.6874551 0.5886032 0.8913118 0.8955131 1.2968333 0.7238222 0.9234001 0.5296946 0.5610501 0.3494408 0.4649476 0.4339285 0.0000000 0.5538417 0.6216245 0.6099615 0.5463251 0.5330479 0.4746170 0.4767934 0.5222584 0.5327969 0.5751473 0.4854208 0.4818706 0.7174915 0.6068844 0.6365609 0.5630792 0.6864786 0.7977976 0.8735959 0.4494695 0.4813309 0.4043256 0.7307009 0.5675066 0.5660896 1.0828645 0.8284010 0.7891742 0.7405207 0.7378922 0.7328649 0.7328649 0.6174361 0.6653879 0.7930121 0.7368073 0.9991206 0.8228945 0.9043538 0.7223726 0.8076638 0.7785916 1.5585131 0.7435566 0.8155594 0.5870895 0.6382550 1.0797981 0.6181785 0.7431653 0.7499441 0.9530571 0.9194978 1.1864170 1.1455187 1.2009010 1.1603750 1.1400495 1.1408920 1.1253570 0.6530360 0.6530360 1.0325475 0.9973111 0.8517200 0.7879119 0.7783327 0.8330844 1.3345347 0.7856876 0.8720510 1.0601132 1.0679322 1.0945792 1.0945792 1.0869397 1.1005273 0.8521239 0.8551130 0.7997892 1.2702628 1.2291849 1.7667206 2.9169957 2.3007169 1.6184120 1.7641592 1.5974956 
Hsap_ENST00000409155                                           0.6307878 0.6307878 0.6578341 0.8108682 0.6410363 0.9142199 0.9085467 1.3726982 0.7913155 1.0554982 0.6966586 0.6983288 0.3619980 0.6172572 0.4628382 0.5538417 0.0000000 0.6791949 0.4543680 0.6313383 0.5265225 0.4764288 0.5244593 0.5641433 0.5378842 0.7074494 0.6394737 0.6610327 0.8890776 0.7468168 0.5994441 0.5885444 0.7299419 0.9357445 1.0320730 0.6380646 0.6502959 0.6115660 0.8622694 0.9090663 0.8699373 1.2348370 0.8250914 0.7204136 0.7632210 0.7736440 0.7247633 0.7247633 0.6061974 0.6204845 0.8888123 0.7786173 0.9503408 0.7732507 0.9823345 0.7789062 1.0201032 0.8777121 1.5257347 0.8700923 0.8778781 0.6660842 0.8003453 1.4300887 0.6405871 0.8966344 0.8109517 1.2169036 1.0353022 1.1482522 1.2466229 1.3100572 1.1556525 1.1466947 1.1987812 1.0373813 0.6707626 0.6707626 1.0245796 1.0391114 0.9203864 0.8938502 0.7778611 1.0132336 1.5657075 1.1170430 1.0988141 1.0538752 1.0663547 1.0747995 1.0747995 1.0479309 1.0504047 0.9805668 1.2867967 0.9695547 1.5418811 1.3882638 1.7136329 2.2916910 2.3706335 1.4333425 1.9678687 1.6988677 
Xestes_maker-XT_scaffold1048-augustus-gene-0.10-mRNA-1         0.7070499 0.7070499 0.7767899 0.8558490 0.7187213 0.9224203 0.9257662 1.3513628 0.8061609 1.0763092 0.4303848 0.4093577 0.3374137 0.5347959 0.6308001 0.6216245 0.6791949 0.0000000 0.5842042 0.6420155 0.7658052 0.6384620 0.6071134 0.6555750 0.7141124 0.7983774 0.7306003 0.7692350 0.9300906 0.8260646 0.6646203 0.7095361 0.8794957 0.9988261 1.0957324 0.7256074 0.7523196 0.6920283 0.8718211 0.6701832 0.6474706 1.2598153 0.7184018 0.7211528 0.7306629 0.7269958 0.7251113 0.7251113 0.7637310 0.7880155 1.0594376 0.9280559 1.1376608 0.9324089 1.2076443 1.0322590 1.4363313 1.0561311 1.6100840 0.9946474 1.0676690 0.7611229 0.9465893 1.5517640 0.8868322 0.8553455 0.8598611 1.1075397 0.8857214 1.0752021 1.3124354 1.2962337 1.1061453 1.3796203 1.3949743 1.0758422 0.8397385 0.8397385 1.1903169 1.1742174 1.2630560 0.9219588 0.8733184 1.0898402 1.5638232 1.0097370 1.1623640 1.2001387 1.1987086 1.1970917 1.1970917 1.1857062 1.1885430 1.0965013 1.2459015 0.9835156 1.5704739 1.6083263 1.6235033 2.8727302 2.1067267 1.4952909 1.8833194 1.7998307 
Hvul_g21913_1                                                  0.4724394 0.4724394 0.5711730 0.7264674 0.4274288 1.1280155 1.1371142 1.7394510 0.4092647 1.4025282 0.5297860 0.4900124 0.4731840 0.5094977 0.4798024 0.6099615 0.4543680 0.5842042 0.0000000 0.3893043 0.4928545 0.4830074 0.5322370 0.6167897 0.5247139 0.4582958 0.4662470 0.5029701 0.4904068 0.5156131 0.4739429 0.5517865 0.5191568 0.5823779 1.1261433 0.7129747 0.6748098 0.5554526 1.8114521 0.0000010 0.0000010 0.0000010 0.6452301 0.6016825 0.5591205 0.5644562 0.5316602 0.5316602 0.6095276 0.5448977 0.6145000 0.4830846 0.5363768 0.6313648 1.1290248 0.7349079 0.8608836 0.7787759 2.9548370 0.6711234 0.8116195 0.7465252 0.7974138 0.7295880 0.6707744 0.5558727 0.6361720 0.8200443 0.9600205 0.9955709 0.8089653 1.0384292 0.8031119 0.9079959 0.8839286 0.6276692 0.6798077 0.6798077 1.3576329 1.3884029 0.7797968 0.7102583 0.6067025 0.5368585 2.1874678 0.0000010 0.4541716 1.2330309 1.1745713 1.1638835 1.1638835 1.2610967 1.2610967 0.4463865 0.7073530 0.6506008 0.7148475 1.6608209 2.2173016 3.4039124 1.8889608 0.9647077 4.0042132 1.4173139 
Stycar_maker-SC_scaffold6709-snap-gene-0.99-mRNA-1             0.5667155 0.5667155 0.6271444 0.7768835 0.5558950 0.7593294 0.7773863 1.2163941 0.5976740 1.0670810 0.6038748 0.5776728 0.3426989 0.4854688 0.4800828 0.5463251 0.6313383 0.6420155 0.3893043 0.0000000 0.6554075 0.5685582 0.5196290 0.5670369 0.6321505 0.5149980 0.5200178 0.5398951 0.7757010 0.5812024 0.6268449 0.7052153 0.6823389 0.7078821 0.9237933 0.7355952 0.7186234 0.6797962 0.9941491 0.6788520 0.6924296 1.5551883 0.7875782 0.7755529 0.6943083 0.7067241 0.7327218 0.7327218 0.6757576 0.7604350 0.8282918 0.6646373 0.8044539 0.8596339 1.0773847 0.6970568 1.0894780 0.9448983 1.7271682 0.8281969 0.9838386 0.7760006 0.8292532 1.8106290 0.7242135 0.7778545 0.6879772 0.9522030 0.7502316 0.9086906 0.9425640 1.2286656 1.0378203 1.0252610 1.0234278 1.0404613 0.7362730 0.7362730 1.0988824 1.1254127 1.0232540 0.8818451 0.8457463 0.8793513 1.8676820 5.0850427 0.8992636 1.2008503 1.1849007 1.2023486 1.2023486 1.2239327 1.2275614 0.6991842 0.7311600 0.3092512 1.5048259 1.0756903 2.2911018 4.7596304 2.0663976 1.4798769 1.9996243 1.7076565 
Spur_XM_030997751.1                                            0.5895036 0.5895036 0.6382098 0.7368727 0.6054390 0.7903872 0.7928687 1.2654928 0.6535458 0.9658032 0.6706412 0.6914876 0.4406552 0.6343637 0.5939633 0.5330479 0.5265225 0.7658052 0.4928545 0.6554075 0.0000000 0.5340359 0.6091688 0.6676792 0.6659059 0.6560548 0.6577096 0.6498909 0.8850870 0.7178111 0.6456227 0.6354623 0.7051431 0.9336800 0.9680675 0.6741590 0.6703840 0.6557352 0.9302439 0.8985619 0.8598715 1.3141536 0.7414739 0.6647489 0.7204732 0.7244426 0.6957334 0.6957334 0.6700778 0.6856272 0.9323074 0.7270426 0.9560285 0.8629255 1.0262982 0.9526486 1.3010573 1.0182583 1.6829853 0.9442202 1.0111217 0.7260043 0.7668329 1.2736279 0.7229738 0.7409922 0.7221171 1.0688649 1.0062456 1.2625631 1.2847861 1.1633820 1.1855646 1.2009537 1.2454468 1.0775062 0.7723131 0.7723131 1.0855411 1.0640905 1.2350071 0.9035558 0.7116502 0.8641259 1.4161045 1.2459631 1.0848986 1.0144653 1.0198851 1.0282824 1.0282824 1.0484642 1.0509421 0.9491713 1.3411997 1.0640152 1.4872898 1.1283988 1.8696554 2.4041416 2.6858998 1.7283794 1.7689526 1.6020027 
Skow_XM_002741440.1                                            0.5617770 0.5617770 0.5869572 0.6991117 0.5772533 0.7848273 0.7778292 1.2176729 0.6365489 0.9751606 0.6143419 0.6079986 0.3675946 0.5771397 0.3896668 0.4746170 0.4764288 0.6384620 0.4830074 0.5685582 0.5340359 0.0000000 0.3921772 0.4343423 0.4667641 0.4813024 0.4789334 0.4998632 0.6480293 0.5351655 0.5838128 0.4928410 0.5754959 0.7767173 0.7668496 0.6194526 0.6085848 0.5827264 0.8277150 0.5668891 0.5672332 0.8293164 0.7398881 0.6536272 0.6656784 0.6634266 0.6733028 0.6733028 0.5919018 0.6762930 0.7756380 0.7077930 0.9828608 0.7720187 0.9367770 0.7365900 1.1386551 0.8539745 1.4316717 0.8064945 0.9506609 0.7310793 0.7543972 1.1713455 0.6340862 0.7458940 0.6520697 1.0235083 0.8498354 1.0962439 1.2563098 1.1382533 1.1592836 1.2368529 1.2629139 0.9817630 0.6021512 0.6021512 0.9014214 0.9327604 0.9951799 0.7461521 0.7257896 0.9483284 1.3674666 0.9754935 0.9653191 0.9991755 0.9991597 1.0227186 1.0227186 0.9849417 0.9873227 0.7895995 1.0499639 0.9316101 1.6149164 1.2323147 1.5318725 2.1824645 2.4878793 1.2587068 1.4241868 1.6310488 
Opea_EP00118_Oscarella_pearsei_P001412                         0.5574908 0.5574908 0.5919432 0.6842822 0.5607627 0.8300148 0.8234224 1.1997638 0.6745324 0.8671761 0.5778492 0.5496214 0.4044613 0.5139778 0.3936711 0.4767934 0.5244593 0.6071134 0.5322370 0.5196290 0.6091688 0.3921772 0.0000000 0.0140165 0.3775314 0.5044944 0.4704405 0.4870574 0.6591764 0.5555632 0.5570626 0.5765601 0.6357386 0.7993946 0.7974424 0.5062071 0.4998984 0.4879602 0.7329387 0.5737854 0.5607044 0.8003458 0.7871858 0.7117116 0.7345328 0.7322554 0.7018815 0.7018815 0.6221603 0.6881110 0.7722635 0.7079079 0.9290341 0.8864692 1.0155531 0.8855861 1.2705057 0.9664852 1.6050137 0.9328587 1.0656136 0.7300524 0.8004794 1.2434567 0.6451366 0.7594845 0.7305066 1.0477931 0.8855020 1.0761853 1.1554906 1.1556006 1.1529961 1.2841073 1.3364164 0.9774721 0.6038584 0.6038584 0.8692224 0.8753756 0.9548493 0.8401168 0.7288954 0.9587856 1.2453737 0.8443550 0.9707514 1.0807202 1.0515722 1.0431543 1.0431543 1.0080182 1.0104324 0.7942021 1.0350897 0.8511026 1.4967480 1.2299242 1.6140848 2.2111858 2.3268334 1.3236097 1.5274614 1.6276681 
Ocar_g4946                                                     0.5968525 0.5968525 0.6412624 0.7345714 0.6005621 0.9538142 0.9482379 1.3306332 0.7777801 0.9580312 0.6191109 0.5883811 0.4633482 0.5497298 0.4315792 0.5222584 0.5641433 0.6555750 0.6167897 0.5670369 0.6676792 0.4343423 0.0140165 0.0000000 0.4045979 0.5454204 0.5092942 0.5276067 0.7153185 0.5995717 0.5887865 0.6147921 0.6788031 0.8658926 0.8626828 0.5481606 0.5510480 0.5316843 0.8172560 0.5737854 0.5607044 0.8197362 0.8368981 0.7731597 0.7875922 0.7852087 0.7579072 0.7579072 0.6488022 0.7309959 0.8288546 0.7664271 0.9887896 0.9180189 1.0977119 0.9991641 1.2406177 1.0002072 1.7235218 0.9662010 1.1189078 0.7300524 0.8481490 1.2809099 0.6947703 0.8203196 0.7719504 1.0909541 0.9435726 1.1893904 1.2077479 1.2494502 1.2053866 1.3522799 1.4189283 1.0487075 0.6589555 0.6589555 0.9490786 0.9604735 0.9843103 0.8995104 0.7834274 1.0203743 1.2273893 0.8380884 1.0658397 1.1284127 1.0973506 1.0955600 1.0955600 1.0510915 1.0536720 0.8765934 1.0350897 0.9459012 1.6105941 1.2299242 1.6429176 2.1291248 2.3518958 1.3236097 1.5041402 1.6871128 
Plajan_Pjan_C559689_01                                         0.6694268 0.6694268 0.7450045 0.7724986 0.6392326 0.8828675 0.8769350 1.3125480 0.7561113 0.9145299 0.7259876 0.7018653 0.5280490 0.5917600 0.5459464 0.5327969 0.5378842 0.7141124 0.5247139 0.6321505 0.6659059 0.4667641 0.3775314 0.4045979 0.0000000 0.5990487 0.5442057 0.5165860 0.6862636 0.6258357 0.7105828 0.6294175 0.6278436 0.8623658 0.8545397 0.6176020 0.6368458 0.6144936 0.7937770 0.6676219 0.6527479 0.8183362 0.7343365 0.6746601 0.6949789 0.6927172 0.7194992 0.7194992 0.6400023 0.7066342 0.8396053 0.7342570 0.9944196 0.8604338 1.0698436 0.9155674 1.4599255 1.0193009 1.6424801 0.9594857 1.0418435 0.7989980 0.7734031 1.1267760 0.7469749 0.7855796 0.7611480 1.0237463 0.9451347 1.1457381 1.1321476 1.2597772 1.2547722 1.2945551 1.3177939 1.0674552 0.6511249 0.6511249 0.8872577 0.9282318 1.1181536 0.8366757 0.7240628 0.9288134 1.3542332 0.8749021 1.0507442 1.0320454 1.0035912 1.0045045 1.0045045 0.9750798 0.9774545 0.8451495 1.0471251 1.0235921 1.4738842 1.3642354 1.6691390 2.4509879 2.6728538 1.2573195 1.6235536 1.6726829 
Spis_XP_022783786_1                                            0.6396383 0.6396383 0.6898497 0.8328842 0.6658602 0.8572906 0.8511622 1.2131845 0.6898525 1.1335120 0.6746434 0.6497261 0.3896850 0.5510280 0.5771275 0.5751473 0.7074494 0.7983774 0.4582958 0.5149980 0.6560548 0.4813024 0.5044944 0.5454204 0.5990487 0.0000000 0.2561859 0.2360876 0.2637468 0.4355223 0.5932157 0.6278890 0.6589643 0.8582122 0.3827691 0.7515215 0.7747863 0.7409847 1.0923750 0.7395160 0.7241624 0.6822092 0.8218092 0.7423184 0.7505438 0.7482908 0.7152379 0.7152379 0.7184245 0.8498275 0.8561047 0.6612042 0.9249659 0.8928326 1.0869209 0.8198386 1.2071980 0.9386025 1.5683181 0.8828657 1.0044598 0.7017719 0.8468900 1.3468895 0.7503304 0.8671002 0.7054271 1.1067860 0.8753289 1.1508890 1.1717508 1.3189317 1.2159276 1.2454068 1.2762252 0.9835659 0.8118637 0.8118637 1.1527323 1.1896953 0.9976967 0.8362984 0.8254717 0.8983023 1.5862031 1.1347727 1.0565286 1.1237704 1.1180258 1.1262896 1.1262896 1.0864204 1.0889982 0.6940009 0.8802688 0.9329583 1.5263596 1.4322938 1.7475344 2.5338376 2.3786855 1.2146379 0.7889959 1.8765530 
Adig_XM_015891736.1                                            0.5689798 0.5689798 0.6489816 0.7319842 0.5902205 0.8125557 0.8058184 1.2067846 0.6613964 0.9631645 0.6070688 0.5895434 0.3323438 0.5264983 0.5552778 0.4854208 0.6394737 0.7306003 0.4662470 0.5200178 0.6577096 0.4789334 0.4704405 0.5092942 0.5442057 0.2561859 0.0000000 0.1376415 0.3812057 0.4247575 0.6130764 0.6084870 0.6302124 0.8283881 0.4563214 0.6693081 0.6851025 0.6499013 0.9505017 0.7454351 0.7252664 0.6652128 0.7580125 0.7083286 0.7159394 0.7136961 0.6448142 0.6448142 0.6845552 0.8017519 0.8230937 0.6299196 0.9067567 0.8349107 0.9655323 0.7564672 1.0755687 0.9367154 1.7015123 0.8376229 0.9898270 0.6503447 0.7935330 1.2466914 0.6453646 0.8640386 0.7406371 0.9871136 0.8505581 1.0833510 1.1291295 1.2376930 1.2630642 1.2782943 1.3222346 0.9047583 0.7102349 0.7102349 1.0429416 1.0586153 0.8923488 0.8410577 0.7754198 0.8776807 1.4869145 1.0523224 1.0519462 1.1185512 1.1426713 1.1403420 1.1403420 1.1057310 1.1083707 0.3511969 0.4860285 0.9032633 1.4993257 1.4969337 1.7431463 2.5266446 2.5494232 1.2293774 1.2134766 1.8330052 
Gfas_gfas1.m1.12511.m1                                         0.6664826 0.6664826 0.7397725 0.7792320 0.6454930 0.8172628 0.8106960 1.2025346 0.6691441 1.0554990 0.6365353 0.6201228 0.3704156 0.5773108 0.5804846 0.4818706 0.6610327 0.7692350 0.5029701 0.5398951 0.6498909 0.4998632 0.4870574 0.5276067 0.5165860 0.2360876 0.1376415 0.0000000 0.3128427 0.4129670 0.6446118 0.6383395 0.6577686 0.7969301 0.4071875 0.6312202 0.6594460 0.6781660 0.9798687 0.7896034 0.7731014 0.6564741 0.7289014 0.6594809 0.6761391 0.6738991 0.6372337 0.6372337 0.6657276 0.7413441 0.8030926 0.6035330 0.8605162 0.8515530 1.0348638 0.8413570 1.1432696 0.9113745 1.5956867 0.8556808 1.0231168 0.5811688 0.7343496 1.1612389 0.6789329 0.7979302 0.7497303 1.0374860 0.8378408 1.1157423 1.0568751 1.1617629 1.1942001 1.2365027 1.2834319 0.9500152 0.7105586 0.7105586 1.0258516 1.0546845 1.0019167 0.8202578 0.7827767 0.8232755 1.6300292 1.1822746 1.0669915 1.0459172 1.0500269 1.0544816 1.0544816 1.0155016 1.0179492 0.4798456 0.6366737 0.8884533 1.5622802 1.4379310 1.6812499 2.4845940 2.5427242 1.2879427 1.1861596 1.7582425 
Fspp_ffun1.m4.5440.m1                                          0.9167707 0.9167707 0.9287512 1.0899502 0.8843636 1.4766199 1.4790285 1.7273660 1.3123255 1.5497171 0.7822052 0.7617789 0.5241764 0.7534602 0.7443981 0.7174915 0.8890776 0.9300906 0.4904068 0.7757010 0.8850870 0.6480293 0.6591764 0.7153185 0.6862636 0.2637468 0.3812057 0.3128427 0.0000000 0.6175138 0.7298069 0.7588644 0.8494551 1.0602963 0.4181666 0.8564792 0.9236059 0.8653519 1.2670396 0.7894176 0.7731043 0.6468950 0.9658928 0.9597177 0.8956819 0.8932450 0.8495710 0.8495710 0.8895079 0.9722706 1.0687517 0.9106915 1.2403342 1.0060902 1.1636803 0.8123761 1.1947241 1.1122309 1.7993325 1.0545419 1.1802062 0.7552311 1.0290417 1.3135129 0.9537930 1.2608827 0.8671978 1.3575661 1.1943740 1.2373916 1.3336711 1.5144433 1.3641525 1.4570734 1.4823371 1.2215150 0.9518172 0.9518172 1.2926608 1.3576572 1.0063953 1.0042188 1.0107171 0.9455594 1.5993384 1.0357761 1.2651911 1.3578827 1.3615983 1.3560409 1.3560409 1.2745262 1.2776240 1.0198750 1.3092727 1.4267817 1.9027465 2.4410107 1.7684922 2.4428323 2.6375593 1.2722943 0.9790289 2.0831223 
Exapal_XM_021045439.2                                          0.6760210 0.6760210 0.7379809 0.7980780 0.6597046 0.8607846 0.8547115 1.3217987 0.7501305 1.0642057 0.6914698 0.6797012 0.4427602 0.6712607 0.6516176 0.6068844 0.7468168 0.8260646 0.5156131 0.5812024 0.7178111 0.5351655 0.5555632 0.5995717 0.6258357 0.4355223 0.4247575 0.4129670 0.6175138 0.0000000 0.6544241 0.6293722 0.6829361 0.8237534 0.7174164 0.7062263 0.7013064 0.7150336 1.0946639 0.7784783 0.7623463 0.4412280 0.6711692 0.6393232 0.6373327 0.6351325 0.5779753 0.5779753 0.7406403 0.8574996 0.8334944 0.6934437 0.9201845 0.8296304 1.0999505 0.8939738 1.1983766 0.9541067 1.6859160 0.8501183 1.0682910 0.7190564 0.8266776 1.3467885 0.7470248 0.8002067 0.7939546 1.0619107 0.8968503 1.0961953 1.1552699 1.1719693 1.1297104 1.4006316 1.4189881 1.0299237 0.8584953 0.8584953 1.1981034 1.2015116 1.0651321 0.9217011 0.7994453 1.0893237 1.4447264 1.4601160 1.1168407 1.0852477 1.0703584 1.0904571 1.0904571 1.1293171 1.1319607 0.7995014 0.9764699 0.8640424 1.5657606 1.4716101 1.8743115 2.7498493 2.4162992 1.3039196 1.4172153 1.7944052 
Cgig_XM_011432970.3                                            0.5616969 0.5616969 0.5516162 0.6804376 0.5462191 0.8219534 0.8249887 1.2405866 0.6474760 0.9219091 0.6996596 0.6965878 0.4463505 0.6112549 0.4993638 0.6365609 0.5994441 0.6646203 0.4739429 0.6268449 0.6456227 0.5838128 0.5570626 0.5887865 0.7105828 0.5932157 0.6130764 0.6446118 0.7298069 0.6544241 0.0000000 0.4905178 0.7437778 0.8922706 0.9106969 0.7227486 0.7119327 0.7382614 0.9803842 0.7757613 0.7317401 1.0301426 0.8261710 0.7510566 0.8170704 0.8215905 0.7875874 0.7875874 0.7482123 0.8017835 0.9587418 0.8789553 0.9904563 0.9383685 1.1706798 1.1069543 1.3319938 1.0985179 1.6234110 1.0125823 0.9067646 0.9451930 0.9413140 1.3130517 0.7926964 0.8889097 0.7314224 0.9752811 0.8679314 0.9561874 1.1061673 1.2446648 1.0626538 1.2370718 1.2640661 1.1712975 0.8586634 0.8586634 1.1895000 1.1944941 1.2365037 0.7067859 0.7122795 1.0391508 1.2862691 1.1249606 0.9498387 1.1240592 1.0963631 1.1196343 1.1196343 1.0860035 1.0885611 0.9550434 1.1682445 0.9547831 1.5362779 1.4061450 1.9630606 2.0812759 2.4133613 1.3730400 1.5911963 1.5527132 
Ctel_gnl_WGS_AMQN_CAPTEDRAFT_mRNA18667                         0.7405175 0.7405175 0.7752070 0.8621549 0.7376721 1.0439894 1.0398618 1.5120562 0.8987987 1.1368610 0.6779235 0.7142812 0.4665625 0.6395336 0.5374893 0.5630792 0.5885444 0.7095361 0.5517865 0.7052153 0.6354623 0.4928410 0.5765601 0.6147921 0.6294175 0.6278890 0.6084870 0.6383395 0.7588644 0.6293722 0.4905178 0.0000000 0.7068062 0.9294649 0.8971165 0.6978517 0.6766156 0.6456626 0.9232247 0.7542424 0.7195367 1.0121769 0.8125281 0.7457835 0.7698942 0.7741185 0.7293958 0.7293958 0.7215284 0.8062298 0.9419168 0.7646420 1.0348615 0.8710604 1.0163415 0.9131557 1.3536046 0.9246676 1.4641194 0.8547782 0.9612999 0.9445814 0.8824722 1.2885138 0.8370886 0.7597216 0.6910598 1.0400606 0.9477826 1.1271570 1.1324406 1.1481119 1.1067762 1.1885744 1.2442846 1.0312512 0.8151047 0.8151047 1.1580194 1.1454219 1.2076615 0.6878936 0.7247635 1.0174719 1.4729199 1.1108718 0.9484687 1.0995964 1.0941336 1.1029721 1.1029721 1.1514186 1.1541040 0.9770732 1.2091572 1.1415674 1.3642313 1.2545272 1.8206043 2.1472527 2.5098136 1.5527246 1.8286490 1.5638697 
Dgig_XM_028538939.1                                            0.6779567 0.6779567 0.6805330 0.7843983 0.6416444 0.9637522 0.9693227 1.4077986 0.8255991 1.0263455 0.7781070 0.7443588 0.5214146 0.7153566 0.5965777 0.6864786 0.7299419 0.8794957 0.5191568 0.6823389 0.7051431 0.5754959 0.6357386 0.6788031 0.6278436 0.6589643 0.6302124 0.6577686 0.8494551 0.6829361 0.7437778 0.7068062 0.0000000 0.3827911 1.0478663 0.7614776 0.8330088 0.7385500 1.0474894 0.9973292 0.9955451 0.9410935 0.8882089 0.8449183 0.8307653 0.8284530 0.8081383 0.8081383 0.7607624 0.7951685 0.8996022 0.8411227 1.1365114 0.9294879 1.0795291 0.7961579 0.9761687 0.9507216 1.6324024 0.9015906 1.0690740 0.7087116 0.8248710 1.4001299 0.8446069 0.8193190 0.8305501 1.2151779 1.0771571 1.2220643 1.4602717 1.3677748 1.1874164 1.4229583 1.4499188 1.1196458 0.6621641 0.6621641 0.9380614 0.9539653 1.0386709 0.9511617 0.7861516 0.9336353 1.4537852 1.1446853 1.1194152 1.1310319 1.1276395 1.0967263 1.0967263 1.2083301 1.2042063 0.9983653 1.3903475 1.1039655 1.4365577 1.6451380 1.2757120 2.4521618 2.7701128 1.2515872 1.8658598 1.7526899 
Xesp_007818-T1                                                 0.7806878 0.7806878 0.6855862 0.9395902 0.7892035 0.9944367 0.9944367 1.3972261 0.8628108 1.2804113 0.9399846 0.8883899 0.5296739 0.8839748 0.8131423 0.7977976 0.9357445 0.9988261 0.5823779 0.7078821 0.9336800 0.7767173 0.7993946 0.8658926 0.8623658 0.8582122 0.8283881 0.7969301 1.0602963 0.8237534 0.8922706 0.9294649 0.3827911 0.0000000 1.3409140 0.9108383 1.0076303 0.9539812 1.4352402 1.5315291 1.5002418 1.4054745 1.1149125 0.9022937 1.0331639 1.0389799 1.0593292 1.0593292 0.9607308 0.9948616 1.1338614 0.9684946 1.2006194 1.0489046 1.1709124 1.0120143 1.1133328 1.1368266 1.8247650 1.0898833 1.1552565 0.7971731 1.0512819 1.9268721 0.8652117 0.8350761 1.0886561 1.3740187 1.1013342 1.2144014 1.4437870 1.3928207 1.2686907 1.5952824 1.6497700 1.3856664 0.8703600 0.8703600 1.1938976 1.1838810 1.1781873 1.1518231 0.9238738 1.1489523 1.6531945 2.2842613 1.2274423 1.2942907 1.3109216 1.3421731 1.3421731 1.2920569 1.2951866 1.1729638 1.6382492 1.1117466 1.7470236 1.5617531 2.1170283 3.3399756 2.3835240 1.3857785 1.8264317 2.0179621 
Gasp_gasp1.m3.1006.m1                                          0.9579377 0.9579377 1.1991841 1.0467802 0.9852420 0.9316173 0.9262000 1.3363938 0.7823799 1.1206575 0.9347099 0.9194791 0.7824887 0.8435174 0.8798466 0.8735959 1.0320730 1.0957324 1.1261433 0.9237933 0.9680675 0.7668496 0.7974424 0.8626828 0.8545397 0.3827691 0.4563214 0.4071875 0.4181666 0.7174164 0.9106969 0.8971165 1.0478663 1.3409140 0.0000000 0.9940311 0.7731492 0.9329102 1.1763549 0.8096310 0.7928775 0.7668821 1.1187126 1.1480410 1.0633354 1.0609697 0.9784607 0.9784607 1.1055292 1.1050988 1.2164082 1.0646039 1.3503844 1.1892340 1.3515685 1.5288879 2.6266901 1.3261833 1.6431565 1.2222651 1.4052172 2.0636817 1.2149784 1.3691231 1.0302151 0.9237909 0.9993665 1.3522886 1.2400116 1.8244282 1.4516071 1.6919296 1.5721113 1.5566324 1.5700360 1.3219828 1.2033541 1.2033541 1.2650953 1.1678435 2.2934091 1.1679123 1.0572992 1.3372763 1.5752905 1.0389986 1.5459934 1.5301276 1.5235619 1.5500636 1.5500636 1.4616423 1.4651015 0.6618519 0.7961406 1.6032860 2.0252588 1.6630941 1.8615343 2.8708809 3.9408240 3.5262072 1.1242329 2.2851698 
Lcom_lcpid79297                                                0.6307935 0.6307935 0.6687773 0.7261165 0.6355727 0.8270228 0.8302099 1.2905834 0.6746596 0.8709727 0.5904716 0.6052919 0.4757585 0.5933933 0.6062411 0.4494695 0.6380646 0.7256074 0.7129747 0.7355952 0.6741590 0.6194526 0.5062071 0.5481606 0.6176020 0.7515215 0.6693081 0.6312202 0.8564792 0.7062263 0.7227486 0.6978517 0.7614776 0.9108383 0.9940311 0.0000000 0.0198537 0.2178603 0.3897831 0.5750690 0.5455420 1.0173237 0.8594626 0.8167357 0.7799525 0.7907012 0.7365311 0.7365311 0.6255004 0.7282032 0.8872936 0.8667596 1.0918163 0.8777690 1.0126749 0.8158696 1.2296670 0.8423173 1.4465855 0.8620819 0.9196384 0.6791525 0.7347559 0.9660202 0.6916461 0.7963513 0.8870589 1.0770332 1.0176038 1.2269177 1.1946403 1.3106016 1.1692787 1.2342705 1.2729702 1.0815240 0.7176050 0.7176050 1.0456181 0.9958571 1.1174369 0.9166051 0.7920085 0.9193140 1.2739082 0.6116771 1.1521804 1.1108645 1.1094175 1.1137898 1.1137898 1.1139961 1.1166914 1.0124374 1.3348354 1.0414186 1.4530966 1.2301216 1.5313412 2.5412552 2.7985187 1.3476549 1.9392285 1.7430537 
