107
Gasp_gasp1.m3.3574.m1                                          0.0000000 0.1945726 0.1968768 0.1505886 0.2436418 0.2147932 0.1473396 0.3375197 0.6869771 0.7996946 0.7023430 0.7461748 0.7244001 0.5938524 1.0094578 0.9497529 0.7468663 1.0483546 1.1407671 1.0366883 0.9019458 1.0442874 0.8869771 0.8263750 0.9028251 1.0206753 0.8266059 0.9094725 0.8557436 1.0635661 1.0005035 1.0005035 0.7700387 1.1180482 1.2203382 1.2120014 1.2915699 0.7168922 1.1570754 1.3250074 0.8011124 0.8686260 1.0732318 0.8499865 0.9924470 1.1342596 0.8579322 1.1476330 1.1970661 1.1476330 1.1970661 1.1476330 1.1970661 1.1476330 1.1970661 0.8778007 0.8868324 0.8616339 1.0217101 1.0217101 1.0217101 1.0694501 1.2130370 1.1203788 2.0836835 2.0308334 2.4525450 2.4525450 1.4136167 2.5822515 1.5108325 2.7403756 2.7403756 1.3636676 1.3636676 2.5193668 2.3137199 1.1093694 1.1044665 1.1030456 1.2844199 0.7889404 1.1298976 1.1824104 1.4159056 1.6438177 1.3125411 1.2622319 1.2255687 1.3438046 1.1633844 1.5461311 1.6742756 1.7550067 1.9130975 1.6636669 1.8039499 2.1101148 2.2018925 1.6002879 1.6462074 1.9810961 1.7548031 1.8279713 1.4676678 1.5041363 1.1374514 
Pocdam_XM_027197939.1                                          0.1945726 0.0000000 0.0274213 0.1146561 0.1895694 0.1310316 0.0997713 0.3402464 0.4824201 0.6338755 0.5368367 0.5809119 0.7061501 0.4910556 0.8203850 0.8013106 0.6327016 0.8016729 0.9031099 0.8589327 0.6921165 0.7807717 0.7299572 0.7306127 0.7356593 0.7740183 0.6577388 0.6834687 0.7305643 0.7611929 0.8097392 0.8097392 0.9152522 0.9539596 0.9315248 0.9313529 0.9396872 0.6062757 0.8896743 1.1569230 0.7013475 0.7307425 0.7394769 0.7619937 0.8714380 0.8346036 0.7180788 0.8614326 0.9268292 0.8614326 0.9268292 0.8514577 0.9169578 0.8514577 0.9169578 0.8353041 0.7360152 0.7011795 0.8204344 0.8204344 0.8301173 0.8795539 1.2107365 1.3073174 1.0867770 1.0833185 1.3561967 1.3561967 0.9988130 1.9617552 1.1228317 1.2135223 1.1874333 0.9912777 0.9793201 1.1461513 1.1845990 0.9125455 0.9104601 0.8852071 0.9819866 0.7119239 0.9017324 0.9182972 1.0122749 1.2405934 1.0911067 1.0025411 1.0284815 0.9548048 1.1869035 1.1638531 1.2565048 1.2871322 1.3933620 1.2514325 1.3083575 1.7272417 1.8527662 1.5057519 1.3460664 1.5866021 1.5839174 1.5504231 1.0385949 0.9159641 1.4226513 
Spis_XP_022806882_1                                            0.1968768 0.0274213 0.0000000 0.1179781 0.1887259 0.1305727 0.1024047 0.3618721 0.4676007 0.6360231 0.5371974 0.5730238 0.7160649 0.5063753 0.8236398 0.8001219 0.6305302 0.7983173 0.9018315 0.8495856 0.6910208 0.7796818 0.7200761 0.7313397 0.7353102 0.7589012 0.6462389 0.6753638 0.7344737 0.7443605 0.8051680 0.8051680 0.9056242 0.9465140 0.9244949 0.9252172 0.9404445 0.6343507 0.8822085 1.1814238 0.6977986 0.7265530 0.7402534 0.7742985 0.8849454 0.8262116 0.7369935 0.8566658 0.9146032 0.8566658 0.9146032 0.8467712 0.9048912 0.8467712 0.9048912 0.8455488 0.7486776 0.7141762 0.8213413 0.8213413 0.8309977 0.8732062 1.2439708 1.3207615 1.0469433 1.0463805 1.3267419 1.3267419 1.0085364 1.8942995 1.1304078 1.1931335 1.1675450 0.9881449 0.9762690 1.0934568 1.1275627 0.8846605 0.8826092 0.8534881 0.9441195 0.6992621 0.8732846 0.8878087 0.9943933 1.2299132 1.1037262 0.9663543 1.0019412 0.9438856 1.2050777 1.1618188 1.2203105 1.2840072 1.3870138 1.2282872 1.2905467 1.6979796 1.8113819 1.4577846 1.3209965 1.5871078 1.5910607 1.5215284 1.0378616 0.8960762 1.4422634 
Fspp_ffun1.m4.24229.m1                                         0.1505886 0.1146561 0.1179781 0.0000000 0.1948272 0.1305057 0.1008631 0.3392499 0.4749881 0.5876919 0.5705829 0.5932373 0.7147750 0.4507458 0.8046746 0.7946920 0.5895221 0.7597534 0.8540074 0.8160647 0.6951724 0.7861881 0.7343560 0.6820522 0.7028779 0.7589261 0.6425812 0.6586967 0.7260711 0.7744672 0.7808714 0.7808714 0.8989232 0.9636994 0.9593610 0.9689592 0.9924359 0.6516205 0.9187451 1.0977029 0.6719677 0.6917733 0.7516790 0.7477478 0.8558275 0.7890906 0.7165895 0.8164924 0.8749228 0.8164924 0.8749228 0.8067738 0.8654074 0.8067738 0.8654074 0.8069340 0.6999302 0.6806270 0.7598876 0.7598876 0.7692179 0.8013330 1.1651637 1.2856318 1.0424632 1.0049441 1.3115070 1.3115070 0.9531088 1.7625233 1.0483526 1.2015013 1.1750913 0.9714948 0.9595610 1.1047087 1.1404670 0.8592713 0.8572135 0.8552009 0.9381770 0.6888205 0.8525418 0.8903915 0.9809194 1.1753636 1.0325527 0.9595394 1.0266528 0.9443891 1.1319174 1.1560140 1.1997632 1.3119553 1.3624431 1.2332154 1.3194718 1.6647740 1.7824483 1.4893299 1.3267084 1.5773244 1.6364528 1.5643265 1.0740896 0.8654284 1.3847420 
Adig_XM_015914089.1                                            0.2436418 0.1895694 0.1887259 0.1948272 0.0000000 0.0268103 0.1186135 0.3727406 0.6107272 0.6978163 0.6433087 0.6750794 0.9476869 0.7094728 0.9233489 0.9313871 0.8936674 0.9295379 0.8899047 1.0272368 0.7795208 0.7795208 0.7786275 0.8112282 0.7683702 0.8607341 0.6645890 0.7206679 0.7447689 0.6818618 0.8353780 0.8353780 0.8275449 1.1323918 1.0247691 1.0247691 1.0156743 0.8349582 0.9600498 1.3221529 0.7901278 0.8032352 0.8644364 1.0060410 1.0060410 0.9474169 0.9955903 1.0260854 1.0704641 1.0260854 1.0704641 1.0111136 1.0562530 1.0111136 1.0562530 0.9024752 0.9172576 0.8747349 0.9582726 0.9582726 0.9726278 0.9819541 1.8419304 1.4711882 1.1319398 1.0749120 1.2004516 1.1848310 1.1483880 1.7541268 1.2286233 1.6372247 1.5973611 1.1936985 1.1781333 1.1078180 1.1522248 1.0724117 1.0694426 1.0506891 1.0881422 0.9206288 1.0557512 1.0268675 1.0437818 1.2272474 1.1757733 1.0916955 1.0580714 1.0480725 1.2034653 1.2496576 1.2366256 1.3807731 1.5834126 1.4451004 1.5466064 2.0578791 2.2215717 1.5812909 1.3961649 1.6672082 1.7296692 1.8376004 1.1178085 1.0267766 2.1378363 
Amil_Amillepora14058-RA                                        0.2147932 0.1310316 0.1305727 0.1305057 0.0268103 0.0000000 0.0672447 0.3727406 0.4728810 0.6165504 0.5806846 0.6041115 0.7537660 0.4884393 0.8052884 0.8426308 0.6519864 0.8255128 0.8864389 0.8521378 0.6953829 0.7825819 0.7200166 0.7390984 0.7100338 0.7911543 0.6385164 0.6665667 0.7274495 0.7346735 0.8001962 0.8001962 0.9495313 0.9688774 0.9181618 0.9238124 0.9570104 0.6593825 0.8849327 1.1427515 0.6831205 0.7026684 0.7274518 0.7821618 0.8941986 0.8300870 0.7668867 0.8666124 0.9070100 0.8666124 0.9070100 0.8568873 0.8976046 0.8568873 0.8976046 0.8369092 0.7496776 0.7150225 0.8154439 0.8154439 0.8247807 0.8408835 1.3082431 1.3136585 1.1621870 1.1008300 1.4089378 1.3946978 1.0021105 1.8027599 1.1088344 1.3199587 1.2932389 1.0386065 1.0265158 1.1086923 1.1525195 0.9111721 0.9091324 0.8965714 0.9956669 0.7481550 0.8767087 0.9508741 0.9794916 1.2163100 1.1093039 1.0188926 0.9937843 0.9731561 1.1765398 1.1723258 1.1853432 1.2885219 1.3695622 1.2516218 1.3402944 1.7940840 1.8908230 1.5082318 1.3719588 1.6412871 1.6182549 1.5966795 1.0195546 0.8722629 1.4617608 
Gfas_gfas1.m1.9220.m1                                          0.1473396 0.0997713 0.1024047 0.1008631 0.1186135 0.0672447 0.0000000 0.3579758 0.4461224 0.6200307 0.5611370 0.5453293 0.5940777 0.4882694 0.7531519 0.7548173 0.5724153 0.8425421 0.9079107 0.8177620 0.6591520 0.7546716 0.6719553 0.7001760 0.7218161 0.7342823 0.6454343 0.7131005 0.7710497 0.8354036 0.8262017 0.8262017 0.9118787 0.9159363 0.8961591 0.9050323 0.9372018 0.6356576 0.8964597 1.0061694 0.5843179 0.5854604 0.7214121 0.7704099 0.8806516 0.8346184 0.7449246 0.8655374 0.8655374 0.8655374 0.8655374 0.8554252 0.8554252 0.8554252 0.8554252 0.8466268 0.7377479 0.7029417 0.7869473 0.7869473 0.7963882 0.8015999 1.1065942 1.2473888 1.2212086 1.2212086 1.4974583 1.4974583 0.9418374 1.4988494 0.9817029 1.1842768 1.1529670 0.9530809 0.9401235 1.3559028 1.3559028 0.8770655 0.8727555 0.8741086 0.9677891 0.7258397 0.8430019 0.8942904 1.0276611 1.2952513 1.1101149 1.0046240 1.0675305 0.9721795 1.1562759 1.2003144 1.2245447 1.3088158 1.3735194 1.3659041 1.3182928 1.6743422 1.7700844 1.5595654 1.4441944 1.7329287 1.6647559 1.6148578 0.9815385 0.9108199 1.4208288 
Nvec_v1g124888                                                 0.3375197 0.3402464 0.3618721 0.3392499 0.3727406 0.3727406 0.3579758 0.0000000 0.4603286 0.6902797 0.5897564 0.6890915 0.5962491 1.3548277 1.6852609 0.7730031 0.5683527 1.0150790 1.0424842 1.1416227 0.7517739 0.7517739 0.7456912 0.7772063 0.7210250 0.7196630 0.6803682 0.6723854 0.6628114 0.6815405 0.8463340 0.8463340 1.2377357 1.5438703 1.5438703 1.5438703 1.5818192 5.7379702 1.2920533 1.2724863 0.6362976 0.6579391 0.9271787 1.1327174 1.1327174 1.1585030 1.2114846 1.0821850 1.0821850 1.0821850 1.0821850 1.0821850 1.0821850 1.0821850 1.0821850 1.0821850 1.1327174 1.1327174 1.1301788 1.1301788 1.1301788 1.1573139 1.1573139 1.1301788 1.0449144 1.0449144 1.7914366 1.7914366 1.4877993 0.0000010 1.5731077 1.9936118 1.9936118 1.0060459 1.0060459 1.0287163 1.0287163 0.9475864 0.9475864 0.9149831 0.9195412 0.9713013 0.9713013 0.9838911 1.6675317 2.0903315 1.9194243 1.2232619 1.2569953 1.6751477 1.5266877 2.1234747 1.6761889 2.2199547 2.5923748 1.6146123 1.3676241 1.8798762 2.1527343 1.5351338 1.5545950 2.0274146 1.5150012 1.8912794 9.0000000 0.0000010 1.1394837 
Dgig_XM_028550895.1                                            0.6869771 0.4824201 0.4676007 0.4749881 0.6107272 0.4728810 0.4461224 0.4603286 0.0000000 0.6293787 0.6178282 0.6783455 0.8572704 0.5503615 0.8088793 0.8460364 0.6699195 0.9152968 0.9725198 0.8346946 0.7299963 0.8145996 0.8054505 0.7577699 0.7211953 0.7658078 0.6628721 0.7233480 0.7697013 0.8434024 0.7860344 0.7860344 0.9167136 0.9493411 0.8565363 0.8831843 0.9197591 0.6568555 0.9033780 1.0956425 0.7039348 0.7520395 0.7274780 0.7531126 0.8421402 0.8704292 0.7157124 0.8934525 0.9447304 0.8934525 0.9447304 0.8835187 0.9350136 0.8835187 0.9350136 0.8394395 0.7279484 0.6976715 0.8194945 0.8194945 0.8288860 0.8838878 1.2641745 1.3171181 1.1121119 1.1048461 1.3554328 1.3383975 1.0737612 1.7381737 1.1113049 1.2267412 1.2022586 0.9847552 0.9731797 1.0315382 1.0513751 0.8390681 0.8371317 0.8126653 0.9059125 0.6346611 0.8104265 0.8604916 0.8955515 1.2507525 1.1045552 0.9237185 1.0122262 0.9701890 1.2355764 1.2344014 1.3349622 1.1997826 1.2780090 1.1605976 1.3575979 1.5458011 1.6458176 1.5117586 1.2319423 1.5266482 1.5995407 1.4608711 1.1415702 0.6394681 1.7100840 
Hvul_g19748_1                                                  0.7996946 0.6338755 0.6360231 0.5876919 0.6978163 0.6165504 0.6200307 0.6902797 0.6293787 0.0000000 0.6906525 0.6713186 0.8807586 0.7013304 0.9741090 0.9609046 0.6373031 1.0191136 1.0678493 0.9981830 0.9130483 0.9733517 0.9811271 0.9275451 0.8915430 0.9712200 0.8582710 0.8596084 0.7620584 0.9617466 0.9078569 0.9078569 1.1270900 1.1663921 0.9990788 1.0342687 1.0971981 0.7864302 1.0210016 1.3025780 0.7337031 0.7220611 0.8362047 0.8978031 0.9617281 1.0338757 0.8731758 1.0540152 1.1014876 1.0540152 1.1014876 1.0426410 1.0903984 1.0426410 1.0903984 0.9567473 0.8357110 0.7999532 0.9841011 0.9841011 0.9948391 1.0355515 1.4740694 1.4883661 1.4311879 1.3974299 1.7225536 1.7073389 1.1327352 1.8461849 1.2438685 1.3780110 1.3517515 1.1496372 1.1366526 1.5493367 1.6252698 0.9094870 0.9082661 0.8987524 0.9967579 0.7738556 0.9029403 0.9214310 1.0623252 1.2802938 1.1290966 1.1303334 1.1185434 1.1038303 1.1853842 1.2884267 1.4302816 1.3372877 1.4182640 1.2878793 1.5789845 1.7602067 1.7511227 1.6153585 1.3225534 1.5893730 1.6829920 1.4685680 1.1886930 0.7128107 1.8049646 
Rhoesc_Res_014351-T1                                           0.7023430 0.5368367 0.5371974 0.5705829 0.6433087 0.5806846 0.5611370 0.5897564 0.6178282 0.6906525 0.0000000 0.2125400 0.2809125 0.7273356 0.8778680 1.0996854 0.5795508 0.9371294 0.9639287 0.9191633 0.7897432 0.8841893 0.8227950 0.8535709 0.8655327 0.8619796 0.7086391 0.7514464 0.7786741 0.8389249 0.8866829 0.8866829 1.0809550 1.0421642 1.0280207 1.0526493 1.1230410 0.6471648 0.9147847 1.2398145 0.4397176 0.4690888 0.7766257 0.8290631 0.9512810 0.8990686 0.8249791 0.9121389 0.9276088 0.9121389 0.9276088 0.9023244 0.9182995 0.9023244 0.9182995 0.8556278 0.8304960 0.8046303 0.8872819 0.8872819 0.8970756 0.9351817 1.3717476 1.4720089 1.0992974 1.1020222 1.3478498 1.3317515 1.0770039 1.5957503 1.1863705 1.3608115 1.3349840 1.1821203 1.1688388 1.1345902 1.2027359 0.9743355 0.9722750 0.9922734 1.0880101 0.8381803 1.0199259 1.0191884 1.0393747 1.3271854 1.2065163 1.1479172 1.1625024 1.1349546 1.0679298 1.3397765 1.4206784 1.4125411 1.4720036 1.3821719 1.5632232 1.6873042 1.7997712 1.5958032 1.4582759 1.6605461 1.6206260 1.4016639 1.2299759 0.8801745 1.5677510 
Aaur_scaffold14.g25.t3                                         0.7461748 0.5809119 0.5730238 0.5932373 0.6750794 0.6041115 0.5453293 0.6890915 0.6783455 0.6713186 0.2125400 0.0000000 0.4071503 0.7427432 0.8702659 1.1385099 0.6553468 0.9740276 1.0095118 0.9535456 0.7964401 0.8896990 0.8501280 0.9174184 0.8868820 0.8875612 0.7777269 0.7652614 0.7714011 0.8413917 0.8960855 0.8960855 1.1769004 1.1541963 1.1190831 1.1223181 1.1525369 0.7010847 0.9835395 1.3507603 0.4847056 0.5206523 0.7891260 0.8540739 0.9799005 0.9104146 0.8464300 0.9442034 0.9703238 0.9442034 0.9703238 0.9342943 0.9608033 0.9342943 0.9608033 0.9501193 0.8522148 0.8286095 0.9140951 0.9140951 0.9239267 0.9685200 1.4502574 1.5431403 1.0709387 1.0785011 1.2953131 1.2796780 1.0606819 1.4866050 1.1715691 1.2884245 1.2649196 1.1629741 1.1501263 1.1050855 1.1825102 1.0199209 1.0155780 1.0473380 1.1581976 0.8812949 1.0716716 1.0820231 1.0119843 1.4316959 1.2657385 1.1691132 1.1797393 1.1509385 1.1188388 1.4397973 1.4931983 1.4616773 1.5052629 1.3685323 1.5770305 1.6208368 1.8150749 1.5253999 1.4762863 1.7040451 1.6464655 1.4704299 1.2419028 0.8594146 1.5659465 
Nemnom_g9080.t1                                                0.7244001 0.7061501 0.7160649 0.7147750 0.9476869 0.7537660 0.5940777 0.5962491 0.8572704 0.8807586 0.2809125 0.4071503 0.0000000 0.7321572 1.1058881 1.1655831 0.5304120 1.3155439 1.4025180 1.3488948 1.0390702 1.1877266 1.0090300 0.8922397 0.9618270 1.0468542 1.0288330 1.0085359 1.0824379 1.1809837 1.1966918 1.1966918 1.0683752 1.1439406 1.3297457 1.3117770 1.4115808 0.6447520 1.2195828 1.2659328 0.5038897 0.5554043 1.2675984 0.8157866 0.9365054 1.1729520 0.7893284 1.0702490 1.1980130 1.0702490 1.1980130 1.0564065 1.1837961 1.0564065 1.1837961 0.8680302 0.8344665 0.8054601 1.0286290 1.0286290 1.0420573 1.1730960 1.3564339 1.2645545 2.1292689 2.4882404 2.5722617 2.5722617 1.3798768 4.3152386 1.5360328 2.0892546 2.0262994 1.4039191 1.3842440 2.4685852 2.4533976 1.1001955 1.1001955 1.1165464 1.2284484 0.8667477 1.1500256 1.2074254 1.4872528 1.7081950 1.4867370 1.2749006 1.5030985 1.3547941 0.9809736 1.6515631 1.7539784 1.7009204 1.6759377 1.6876373 1.7816250 1.9913150 2.1335507 2.0768602 1.9142019 2.1699624 1.6687364 1.5827446 1.4883627 1.2877361 1.7081986 
Ocar_g2691                                                     0.5938524 0.4910556 0.5063753 0.4507458 0.7094728 0.4884393 0.4882694 1.3548277 0.5503615 0.7013304 0.7273356 0.7427432 0.7321572 0.0000000 0.0000010 0.5190589 0.6239841 0.5440960 0.5489362 0.5234278 0.7479117 0.7479117 0.6934363 0.7292167 0.6547831 0.7157564 0.6964196 0.7543578 0.6640041 0.7481572 0.7489152 0.7489152 0.9733592 0.7562930 0.7562930 0.7562930 0.7568375 0.6733966 0.9015541 0.8117609 0.7252885 0.7210314 0.6150496 0.7003338 0.7003338 0.5267506 0.6587571 0.5768614 0.5768614 0.5768614 0.5768614 0.5580354 0.5580354 0.5580354 0.5580354 0.7224691 0.5768360 0.5768360 0.5361148 0.5361148 0.5546850 0.5546850 0.7252058 1.2154091 0.4886237 0.4886237 0.7157012 0.7157012 0.5830148 0.4400902 0.5830148 0.4350760 0.3950952 0.5601654 0.5412312 0.4886237 0.4886237 0.8650496 0.8650496 0.8728134 0.8650496 0.8873676 0.8873676 0.8728107 0.7518037 0.7358619 0.9315894 0.8924276 0.8475205 0.9984150 1.0044193 0.9248028 0.9601965 0.8472249 0.8739496 1.0585820 1.3737608 1.5780334 1.6546796 1.5584343 1.1749178 1.7417822 1.2655165 1.3763988 0.9502417 0.5772005 3.0964866 
Opea_EP00118_Oscarella_pearsei_P009709                         1.0094578 0.8203850 0.8236398 0.8046746 0.9233489 0.8052884 0.7531519 1.6852609 0.8088793 0.9741090 0.8778680 0.8702659 1.1058881 0.0000010 0.0000000 0.9343211 1.1145670 0.9274656 1.0675707 0.8574999 0.9924253 1.1266988 1.0282589 0.9627721 0.9692622 1.0245090 0.9346926 0.9683106 1.0228145 1.0444150 1.0076404 1.0076404 0.9110469 0.9290256 0.9500882 0.9425282 0.9910607 0.7215022 0.9434136 1.0876052 0.9369330 0.9151629 0.8626965 0.9842946 1.0429040 1.0266119 0.9499041 1.0353329 1.1326802 1.0353329 1.1326802 1.0219679 1.1189844 1.0219679 1.1189844 1.1308353 0.9090524 0.8615493 0.9299845 0.9299845 0.9422616 1.0303825 1.3213684 1.3336338 1.3525595 1.5419984 1.7605240 1.7605240 0.9692176 1.8180838 1.0652951 1.2806649 1.2429117 1.0895995 1.0739209 1.4089666 1.3912611 1.1782882 1.1782882 1.1753358 1.2342535 1.1140179 1.1372506 1.2070107 1.1700308 1.3271779 1.2934160 1.2233965 1.1564705 1.1724984 1.3308654 1.5148643 1.5243422 1.3567702 1.3783025 1.3652586 1.5254613 1.7000361 1.7719026 1.7147900 1.3362153 1.7219438 1.7401963 1.5927286 1.2462730 0.6386862 2.0326806 
Bralan_BLAG09001050_1                                          0.9497529 0.8013106 0.8001219 0.7946920 0.9313871 0.8426308 0.7548173 0.7730031 0.8460364 0.9609046 1.0996854 1.1385099 1.1655831 0.5190589 0.9343211 0.0000000 1.0318513 1.1416196 1.2068471 1.2697052 0.6267225 0.6267225 0.6238134 0.6377628 0.6516017 0.6889896 0.6224623 0.7555953 0.7001632 0.7336812 0.8534862 0.8534862 0.9997542 0.9942797 1.1920756 1.1920756 1.1824591 0.7854661 1.2663512 1.1100626 1.1124156 1.1152040 1.1602514 0.7407818 0.7407818 1.0219092 0.7752187 1.1285186 1.1729881 1.1285186 1.1729881 1.1149390 1.1595800 1.1149390 1.1595800 0.8889349 0.6847608 0.6659049 1.0093099 1.0093099 1.0217599 1.0688579 1.4385680 1.6405833 1.5302736 1.5624540 1.6399662 1.6506517 1.1635625 2.3023449 1.2135580 1.5222070 1.4922649 1.1410597 1.1280909 1.8601475 1.8093446 1.1886351 1.1828689 1.1694296 1.1947222 0.8303258 1.2146317 1.1797063 1.3866686 1.4428026 1.2080214 1.2485606 1.3989149 1.3341294 1.1852052 1.5319282 1.5493359 1.5982754 1.6750889 1.6394174 1.8141741 2.1511662 2.2422974 1.9291504 1.5950019 2.1656410 1.7377452 1.7547984 1.3489267 1.2425072 2.4352469 
Morvir_scaffold90.g53.t1                                       0.7468663 0.6327016 0.6305302 0.5895221 0.8936674 0.6519864 0.5724153 0.5683527 0.6699195 0.6373031 0.5795508 0.6553468 0.5304120 0.6239841 1.1145670 1.0318513 0.0000000 1.2250426 1.3042571 1.1447199 0.9836331 1.1311970 0.9833284 0.9701420 0.9295687 1.0156610 0.9743316 0.9687969 0.9900849 1.1601574 1.0173035 1.0173035 1.0713592 1.0695751 1.1727206 1.1452282 1.1918682 0.7609116 1.2353993 1.1951240 0.6387739 0.6760926 1.1215801 0.8152459 0.9314899 1.0208524 0.8204114 0.9907458 1.0124706 0.9907458 1.0124706 0.9779354 0.9996567 0.9779354 0.9996567 0.8768622 0.8622747 0.8093844 0.9930246 0.9930246 1.0060690 1.0112980 1.1679010 1.3394333 1.8954052 2.0228656 2.3469982 2.3469982 1.1408122 2.3847408 1.1623328 1.5703751 1.5156742 1.1480503 1.1307415 2.1332056 2.1332056 0.9970375 0.9970375 1.0005927 1.1084691 0.7441889 1.0119569 1.0678483 1.4027183 1.5899288 1.3888545 1.2025560 1.3853201 1.3976056 1.1699924 1.5050522 1.6525924 1.5217148 1.5327736 1.5990508 1.6988499 1.9167135 1.9754951 1.8509890 1.8049746 2.0234009 1.8132939 1.4181837 1.3863025 0.9630475 1.7245429 
Leuniv_Lniv_scaffold23283_01                                   1.0483546 0.8016729 0.7983173 0.7597534 0.9295379 0.8255128 0.8425421 1.0150790 0.9152968 1.0191136 0.9371294 0.9740276 1.3155439 0.5440960 0.9274656 1.1416196 1.2250426 0.0000000 0.1455770 0.2786332 0.8706316 0.8894257 0.8985665 0.9882775 0.9945541 1.0087062 0.8515981 0.9018361 0.9068881 0.9017182 0.9911920 0.9911920 1.1457412 1.0858894 1.0066097 1.0436121 1.0643336 0.8110194 1.0745528 1.2228576 1.1032538 1.0603846 0.4632299 0.9191405 0.9389072 0.9416149 0.9473098 0.9995492 1.0488727 0.9995492 1.0488727 0.9885882 1.0378137 0.9885882 1.0378137 1.0342057 0.8426278 0.7808010 0.9223614 0.9223614 0.9329552 0.9793342 1.5111297 1.6439344 1.1125638 1.1834299 1.2711022 1.2387415 1.0039902 1.4376250 1.0968926 1.2076354 1.1840418 1.0541884 1.0420254 1.2646257 1.3483612 1.1266626 1.1242394 1.1052429 1.1569427 1.0005826 1.1568767 1.1787334 0.8044988 1.2590076 1.3885236 1.3592905 1.1721461 1.2661149 1.2817693 1.2854146 1.4484682 1.3633636 1.4628910 1.4074861 1.5158975 1.7944689 1.8558108 1.8879680 1.5537175 1.7536994 1.6003991 1.6973681 1.2983254 0.9610733 2.3406255 
Scil_scict026246.1                                             1.1407671 0.9031099 0.9018315 0.8540074 0.8899047 0.8864389 0.9079107 1.0424842 0.9725198 1.0678493 0.9639287 1.0095118 1.4025180 0.5489362 1.0675707 1.2068471 1.3042571 0.1455770 0.0000000 0.2988071 0.9850069 0.9908555 0.9985929 1.0592389 1.0777803 1.0872462 0.9542377 0.9927552 1.0363221 0.9331171 1.0546981 1.0546981 1.0993366 1.1534061 1.0045460 1.1161957 1.0738900 0.8275551 1.0957639 1.2619875 1.1482312 1.0424990 0.4942068 1.0381935 1.0153201 1.0469436 1.0604020 1.0847692 1.1259761 1.0847692 1.1259761 1.0734619 1.1149872 1.0734619 1.1149872 1.1709934 0.8182412 0.7571600 1.0149443 1.0149443 1.0259063 1.0586014 1.6313839 1.7088736 1.2347188 1.3497620 1.3828908 1.3509109 0.9560604 1.4638074 1.1002185 1.3165161 1.2924697 1.0923563 1.0803370 1.4382639 1.4822964 1.1176080 1.1153491 1.1452104 1.1336497 1.0841722 1.1108447 1.0951488 0.7871847 1.2960785 1.4468350 1.3541719 1.2492004 1.2229519 1.1652208 1.3031396 1.4729982 1.4174026 1.4680576 1.4496934 1.6438204 1.8287328 1.9900083 1.8451113 1.5584787 1.7393319 1.7726139 1.7472755 1.3867055 0.9276669 2.3439792 
Lcom_lcpid72231                                                1.0366883 0.8589327 0.8495856 0.8160647 1.0272368 0.8521378 0.8177620 1.1416227 0.8346946 0.9981830 0.9191633 0.9535456 1.3488948 0.5234278 0.8574999 1.2697052 1.1447199 0.2786332 0.2988071 0.0000000 1.0300246 1.1274603 1.0342616 0.9783855 0.9821225 1.0238677 0.9462128 0.9401419 0.9635998 1.0000349 1.1088728 1.1088728 1.1272968 1.0054196 1.0442506 1.0168738 1.1041217 0.7992059 1.0039643 1.1943287 1.1318835 1.2183283 0.5414860 0.8418765 0.9407052 0.9335401 0.8513647 0.9406583 0.9895036 0.9406583 0.9895036 0.9305475 0.9796443 0.9305475 0.9796443 0.9383605 0.8447722 0.7829266 0.8810635 0.8810635 0.8908740 0.9249615 1.3416705 1.4276149 1.3167308 1.3949882 1.4976895 1.4631131 1.0458361 1.8079379 1.1883986 1.3478589 1.3221511 1.1199695 1.1073227 1.4961516 1.5426815 0.9983519 0.9957342 1.0028308 1.0898210 0.9550196 1.0100102 1.0862561 0.8204102 1.3962464 1.3866570 1.2173674 1.1850475 1.1092755 1.2250994 1.3165458 1.5409024 1.3850008 1.3749543 1.3576143 1.5046196 1.7200341 1.8948323 1.6794343 1.5773650 1.6912424 1.7039835 1.5998777 1.4594799 1.0232572 1.9236017 
Hsap_ENST00000354926                                           0.9019458 0.6921165 0.6910208 0.6951724 0.7795208 0.6953829 0.6591520 0.7517739 0.7299963 0.9130483 0.7897432 0.7964401 1.0390702 0.7479117 0.9924253 0.6267225 0.9836331 0.8706316 0.9850069 1.0300246 0.0000000 0.0361695 0.2379187 0.6462440 0.5782284 0.5530282 0.4895751 0.5043562 0.5793561 0.6282320 0.6633344 0.6633344 1.0322852 1.1113695 1.0765729 1.0684274 1.1165994 0.8805486 1.1053974 1.2853422 0.9144367 0.9299242 0.8680559 0.8812929 0.9575711 0.9693100 0.9341738 0.9410737 1.0087311 0.9410737 1.0087311 0.9310263 0.9986998 0.9310263 0.9986998 0.9883929 0.8221275 0.8080986 0.9195712 0.9195712 0.9296969 1.0290769 1.5013614 1.5471976 1.0375602 1.1498125 1.2407295 1.2239714 1.0043292 1.5769572 1.0835910 1.1854300 1.1628861 1.0677519 1.0557146 1.2105092 1.2304287 0.9754705 0.9734193 0.9883321 1.0782429 0.8233050 1.0012525 1.0982539 1.1037651 1.3946575 1.3030850 1.3140047 1.3784766 1.2853734 1.1624340 1.5067902 1.5566173 1.5052920 1.5602453 1.5241787 1.5486830 2.0671584 2.2602096 1.7488429 1.7041940 1.8340930 1.7280853 1.7168569 1.3248985 0.9020173 1.8939912 
Hsap_ENST00000541515                                           1.0442874 0.7807717 0.7796818 0.7861881 0.7795208 0.7825819 0.7546716 0.7517739 0.8145996 0.9733517 0.8841893 0.8896990 1.1877266 0.7479117 1.1266988 0.6267225 1.1311970 0.8894257 0.9908555 1.1274603 0.0361695 0.0000000 0.2902937 0.7437834 0.6584707 0.6361875 0.5665061 0.5756943 0.6529351 0.6405191 0.7360728 0.7360728 1.0942093 1.2443602 1.0765729 1.1664928 1.1364908 0.8805486 1.2227805 1.4149206 1.0224318 0.9299242 0.8680559 1.0796284 1.0683276 1.0925360 1.1453590 1.0707926 1.1375683 1.0707926 1.1375683 1.0593303 1.1261760 1.0593303 1.1261760 1.2450878 0.8210883 0.8070379 1.0491266 1.0491266 1.0607167 1.1637861 1.7409658 1.8098229 1.0375602 1.1498125 1.2544085 1.2376157 1.0043292 1.5769572 1.1239079 1.1854300 1.1628861 1.0668250 1.0548014 1.2105092 1.2304287 1.0726697 1.0704905 1.0869077 1.0880956 0.9429407 1.1012246 1.1090639 1.1067327 1.4331124 1.3923303 1.4152990 1.4779298 1.3877530 1.1624340 1.5798946 1.6134134 1.5846499 1.6757298 1.6554056 1.6822181 2.1857894 2.4315914 1.8930842 1.7622965 1.9478408 1.9359876 1.8370963 1.3437587 0.9020173 2.2203405 
Hsap_ENST00000293872                                           0.8869771 0.7299572 0.7200761 0.7343560 0.7786275 0.7200166 0.6719553 0.7456912 0.8054505 0.9811271 0.8227950 0.8501280 1.0090300 0.6934363 1.0282589 0.6238134 0.9833284 0.8985665 0.9985929 1.0342616 0.2379187 0.2902937 0.0000000 0.5857016 0.5384345 0.5471871 0.4692821 0.5416888 0.5875827 0.6375735 0.7214176 0.7214176 0.9300635 1.1138796 1.0946714 1.0897737 1.1416325 0.7622297 1.1280334 1.2413696 0.8689400 0.8740546 0.8411647 0.8544015 0.9169724 0.8708324 0.8957444 0.9296462 0.9848444 0.9296462 0.9848444 0.9195808 0.9747389 0.9195808 0.9747389 0.9971007 0.7799745 0.7755732 0.8411849 0.8411849 0.8507558 0.9195560 1.4019872 1.4502650 0.9561276 1.0867071 1.1813221 1.1700190 0.8758297 1.5809757 1.0306157 1.1430065 1.1192043 0.9891225 0.9773316 1.3511012 1.3773729 1.0375408 1.0361613 1.0168081 1.1442623 0.8661437 1.1095158 1.2239535 1.1116190 1.4423087 1.2793439 1.2623704 1.3335296 1.2679966 1.1382577 1.4666231 1.4856879 1.5547467 1.6003838 1.5619228 1.5921153 2.0250247 2.1073479 1.7607410 1.6679516 1.8092459 1.7622396 1.7022168 1.4388153 0.9626315 1.9750581 
Dpul_mRNA28148                                                 0.8263750 0.7306127 0.7313397 0.6820522 0.8112282 0.7390984 0.7001760 0.7772063 0.7577699 0.9275451 0.8535709 0.9174184 0.8922397 0.7292167 0.9627721 0.6377628 0.9701420 0.9882775 1.0592389 0.9783855 0.6462440 0.7437834 0.5857016 0.0000000 0.3897793 0.5478861 0.5139938 0.5393179 0.5617457 0.6609821 0.6734468 0.6734468 0.9702372 1.1047302 1.1618260 1.1280470 1.1674411 0.7463972 1.0933053 1.1713524 0.9862201 1.0178047 0.8596424 0.8159515 0.8751037 0.9818487 0.8773205 1.0048350 1.0449302 1.0048350 1.0449302 0.9934929 1.0336337 0.9934929 1.0336337 0.9300390 0.7693585 0.7517940 0.9212678 0.9212678 0.9321451 0.9571178 1.3124670 1.3629659 1.3857378 1.4538958 1.6493788 1.6172871 1.0108052 1.8176265 1.0748813 1.4741790 1.4386547 1.1033686 1.0892347 1.2989023 1.3474272 1.0085699 1.0063589 1.0216891 1.1421089 0.8265859 1.0400105 1.0942934 1.0985346 1.4144613 1.2610845 1.1837584 1.1312592 0.9621729 1.2368382 1.2819808 1.3919274 1.4353281 1.4828587 1.4575683 1.5551928 1.7495018 1.9010028 1.6405819 1.6325635 1.7422890 1.6447984 1.5367065 1.4255408 0.9753914 1.8625730 
Tcas_TC005987_001                                              0.9028251 0.7356593 0.7353102 0.7028779 0.7683702 0.7100338 0.7218161 0.7210250 0.7211953 0.8915430 0.8655327 0.8868820 0.9618270 0.6547831 0.9692622 0.6516017 0.9295687 0.9945541 1.0777803 0.9821225 0.5782284 0.6584707 0.5384345 0.3897793 0.0000000 0.4734558 0.4849939 0.5200942 0.5190073 0.6148202 0.6634196 0.6634196 1.0345567 1.0918073 1.1111395 1.1128696 1.0866364 0.8309002 1.1125637 1.2678705 0.8723838 0.8842553 0.8276820 0.7792386 0.8457039 0.8826788 0.8127076 0.9257228 0.9764016 0.9257228 0.9764016 0.9151580 0.9658302 0.9151580 0.9658302 0.8823081 0.7371201 0.7137325 0.8497605 0.8497605 0.8597783 0.9234817 1.2097858 1.2946152 1.1191934 1.1477557 1.3569013 1.3359642 0.9291594 1.6562314 1.0592686 1.2561407 1.2267128 0.9998464 0.9872438 1.2851582 1.3544429 1.0616684 1.0594918 1.0290454 1.1612244 0.8586404 1.0983211 1.1503939 1.0421524 1.4136947 1.3124904 1.2779067 1.1102244 1.0319985 1.0703193 1.4061966 1.3948259 1.4229937 1.4387841 1.3288031 1.4726128 1.7605310 1.8380593 1.6827358 1.4899463 1.6814530 1.6245582 1.6530909 1.3678187 0.7933457 1.9734030 
Cscu_XM_023383757.1                                            1.0206753 0.7740183 0.7589012 0.7589261 0.8607341 0.7911543 0.7342823 0.7196630 0.7658078 0.9712200 0.8619796 0.8875612 1.0468542 0.7157564 1.0245090 0.6889896 1.0156610 1.0087062 1.0872462 1.0238677 0.5530282 0.6361875 0.5471871 0.5478861 0.4734558 0.0000000 0.4641768 0.4454333 0.5138065 0.5239891 0.6431672 0.6431672 1.1011111 1.1599383 1.2246630 1.1974389 1.2424495 0.8670228 1.1917946 1.2425749 0.9952266 1.0634752 0.8565824 0.8203793 0.9099680 0.9173985 0.8547151 0.9383857 1.0037692 0.9383857 1.0037692 0.9283397 0.9937145 0.9283397 0.9937145 0.9122126 0.8359510 0.8403441 0.8877398 0.8877398 0.8976337 0.9503703 1.3301840 1.3982809 1.0534435 1.0399653 1.2890050 1.2652361 1.0599205 1.6088842 1.1484915 1.2075051 1.1827099 1.0444763 1.0323387 1.0543663 1.0708089 1.0643577 1.0622119 1.0413193 1.1652512 0.8191508 1.1162285 1.1254654 1.0473653 1.3532713 1.4208404 1.3301502 1.3341207 1.2125979 1.1423642 1.5100113 1.4743687 1.4858856 1.5359639 1.4678790 1.5914866 1.7503970 1.9433597 1.7659308 1.6153760 1.6866280 1.7333462 1.6507651 1.5837886 1.0060658 1.9170881 
Skow_XM_006822675.1                                            0.8266059 0.6577388 0.6462389 0.6425812 0.6645890 0.6385164 0.6454343 0.6803682 0.6628721 0.8582710 0.7086391 0.7777269 1.0288330 0.6964196 0.9346926 0.6224623 0.9743316 0.8515981 0.9542377 0.9462128 0.4895751 0.5665061 0.4692821 0.5139938 0.4849939 0.4641768 0.0000000 0.4601165 0.4741939 0.5415972 0.6431431 0.6431431 1.0005053 1.2093790 1.1597117 1.1492121 1.1804048 0.8066736 1.0909427 1.2752266 0.8575254 0.8765865 0.7720455 0.8652273 0.9394903 0.8825979 0.9288144 0.9581366 1.0000685 0.9581366 1.0000685 0.9481616 0.9903718 0.9481616 0.9903718 0.9774088 0.8191675 0.8165784 0.8999115 0.8999115 0.9096404 0.9288830 1.5042348 1.5272112 0.9623076 0.9559888 1.1655943 1.1434521 1.0078584 1.4175656 1.0790791 1.2516607 1.2286304 1.0581527 1.0465161 1.0337505 1.0620123 0.9351001 0.9330970 0.9176927 1.0297767 0.8207751 0.9739293 1.0017547 0.8619294 1.1913613 1.3102973 1.3685581 1.1903614 1.1535753 1.1553047 1.4131779 1.4300902 1.3876472 1.4842497 1.3707722 1.4145748 1.9036988 2.0745764 1.8100292 1.4789759 1.7978651 1.7017246 1.6361169 1.2779669 0.8649267 1.8146079 
Cgig_XM_020071638.2                                            0.9094725 0.6834687 0.6753638 0.6586967 0.7206679 0.6665667 0.7131005 0.6723854 0.7233480 0.8596084 0.7514464 0.7652614 1.0085359 0.7543578 0.9683106 0.7555953 0.9687969 0.9018361 0.9927552 0.9401419 0.5043562 0.5756943 0.5416888 0.5393179 0.5200942 0.4454333 0.4601165 0.0000000 0.3540454 0.2915538 0.6321049 0.6321049 1.0185449 1.1031108 0.9874794 0.9996458 1.0319474 0.8948933 0.9829186 1.2440869 0.8346548 0.8765897 0.8025450 0.8903572 0.9832767 0.8513544 0.8987779 0.9382579 0.9851881 0.9382579 0.9851881 0.9283663 0.9755227 0.9283663 0.9755227 0.9501461 0.8396704 0.8316424 0.8499689 0.8499689 0.8591933 0.8951093 1.4205823 1.3599583 0.8161900 0.8325702 1.0156766 0.9991442 0.9484263 1.2289267 1.0384970 1.0964309 1.0759416 0.9755202 0.9646730 0.9063377 0.9230370 0.9219831 0.9293057 0.9114454 1.0211132 0.8047786 0.9244325 1.0121839 0.9802423 1.1686266 1.2632402 1.1996596 1.1184023 0.9765112 1.2985000 1.3453150 1.3787082 1.3978932 1.5096859 1.2161191 1.4548301 1.7397295 1.9741147 1.6386911 1.4448186 1.6469925 1.6333557 1.5081592 1.3705672 0.8308221 1.6826951 
Ctel_gnl_WGS_AMQN_CAPTEDRAFT_mRNA158319                        0.8557436 0.7305643 0.7344737 0.7260711 0.7447689 0.7274495 0.7710497 0.6628114 0.7697013 0.7620584 0.7786741 0.7714011 1.0824379 0.6640041 1.0228145 0.7001632 0.9900849 0.9068881 1.0363221 0.9635998 0.5793561 0.6529351 0.5875827 0.5617457 0.5190073 0.5138065 0.4741939 0.3540454 0.0000000 0.4140958 0.6362501 0.6362501 1.0959964 1.1736755 1.0220003 1.0476841 1.1085407 0.8239204 1.0693457 1.2650449 0.8396157 0.8530749 0.7992802 0.9042522 0.9762125 0.8851432 0.8966618 0.9392473 0.9712522 0.9392473 0.9712522 0.9366317 0.9687021 0.9366317 0.9687021 1.0024671 0.8241776 0.8128273 0.8720079 0.8720079 0.8744232 0.8994650 1.4674194 1.3317250 0.9533772 0.8909953 1.2251399 1.2251399 0.9370406 1.3286309 1.0325651 1.1837700 1.1763271 0.9242932 0.9214514 0.8665105 0.8941764 1.0143312 1.0121025 0.9806475 1.0916884 0.9152466 1.0106486 1.0844338 0.9704305 1.3141547 1.3663193 1.2438250 1.1858806 1.1549688 1.2030727 1.3850022 1.4076535 1.3802045 1.5333977 1.2936584 1.5165009 1.8179276 1.9511310 1.7249068 1.4660713 1.7719192 1.7329169 1.6133397 1.3935678 0.8406533 1.8156622 
Acagra_model.g3878.t1.1.5d3b82cc                               1.0635661 0.7611929 0.7443605 0.7744672 0.6818618 0.7346735 0.8354036 0.6815405 0.8434024 0.9617466 0.8389249 0.8413917 1.1809837 0.7481572 1.0444150 0.7336812 1.1601574 0.9017182 0.9331171 1.0000349 0.6282320 0.6405191 0.6375735 0.6609821 0.6148202 0.5239891 0.5415972 0.2915538 0.4140958 0.0000000 0.7310500 0.7310500 1.0144141 1.2431384 1.0445774 1.1420700 1.1101338 0.8083153 1.0732135 1.2432554 0.9351577 0.8739429 0.7830187 1.0405526 1.0559469 0.8597422 1.0464024 1.0355714 1.0359964 1.0355714 1.0359964 1.0246195 1.0256825 1.0246195 1.0256825 1.1960726 0.8067307 0.8005735 0.9315306 0.9315306 0.9417443 0.9429041 1.5834291 1.5550658 0.8462021 0.8061531 1.0091080 0.9811644 0.9485083 1.3279760 1.0415860 1.1144457 1.0929805 0.9713280 0.9603164 0.8767621 0.8749928 1.1334655 1.1311994 1.1266078 1.1694544 0.9543893 1.0950170 1.0716148 1.0022821 1.2801211 1.3847938 1.2652666 1.1864832 1.0864473 1.3359637 1.3733897 1.4146585 1.4347562 1.5439983 1.2846185 1.6073413 1.8787663 2.1258614 1.8434782 1.5666945 1.7313709 1.8462264 1.5912031 1.3608258 0.8101396 2.1992559 
Spur_XM_030984850.1                                            1.0005035 0.8097392 0.8051680 0.7808714 0.8353780 0.8001962 0.8262017 0.8463340 0.7860344 0.9078569 0.8866829 0.8960855 1.1966918 0.7489152 1.0076404 0.8534862 1.0173035 0.9911920 1.0546981 1.1088728 0.6633344 0.7360728 0.7214176 0.6734468 0.6634196 0.6431672 0.6431431 0.6321049 0.6362501 0.7310500 0.0000000 0.0000010 1.1279954 1.1544517 1.0902432 1.0672222 1.1113457 0.9309731 0.9980681 1.2696715 1.0077729 1.0943994 0.9606087 0.9774181 1.1077431 1.0786209 0.9894077 1.1092391 1.1534082 1.1092391 1.1534082 1.0980069 1.1424357 1.0980069 1.1424357 1.0790870 1.0135935 0.9565144 1.0954049 1.0954049 1.1067394 1.1500264 1.5757252 1.7391171 1.1648364 1.1562820 1.3356556 1.3156952 1.3131455 1.9284872 1.3894717 1.4876577 1.4614991 1.3373742 1.3230721 1.2845172 1.3174053 1.0761489 1.0739564 1.0739986 1.2168794 0.9741711 1.1154075 1.1585568 1.1300726 1.4723548 1.4324371 1.2370658 1.2041867 1.1736482 1.2676141 1.4309271 1.4796852 1.4667515 1.5563813 1.3291703 1.4796734 1.7837048 1.9224388 1.6814528 1.4250949 1.6917743 1.8310085 1.6513617 1.4663966 0.7497198 2.0326539 
Spur_XM_030999685.1                                            1.0005035 0.8097392 0.8051680 0.7808714 0.8353780 0.8001962 0.8262017 0.8463340 0.7860344 0.9078569 0.8866829 0.8960855 1.1966918 0.7489152 1.0076404 0.8534862 1.0173035 0.9911920 1.0546981 1.1088728 0.6633344 0.7360728 0.7214176 0.6734468 0.6634196 0.6431672 0.6431431 0.6321049 0.6362501 0.7310500 0.0000010 0.0000000 1.1279954 1.1544517 1.0902432 1.0672222 1.1113457 0.9309731 0.9980681 1.2696715 1.0077729 1.0943994 0.9606087 0.9774181 1.1077431 1.0786209 0.9894077 1.1092391 1.1534082 1.1092391 1.1534082 1.0980069 1.1424357 1.0980069 1.1424357 1.0790870 1.0135935 0.9565144 1.0954049 1.0954049 1.1067394 1.1500264 1.5757252 1.7391171 1.1648364 1.1562820 1.3356556 1.3156952 1.3131455 1.9284872 1.3894717 1.4876577 1.4614991 1.3373742 1.3230721 1.2845172 1.3174053 1.0761489 1.0739564 1.0739986 1.2168794 0.9741711 1.1154075 1.1585568 1.1300726 1.4723548 1.4324371 1.2370658 1.2041867 1.1736482 1.2676141 1.4309271 1.4796852 1.4667515 1.5563813 1.3291703 1.4796734 1.7837048 1.9224388 1.6814528 1.4250949 1.6917743 1.8310085 1.6513617 1.4663966 0.7497198 2.0326539 
Plespi_Pspi_scaffold861_01                                     0.7700387 0.9152522 0.9056242 0.8989232 0.8275449 0.9495313 0.9118787 1.2377357 0.9167136 1.1270900 1.0809550 1.1769004 1.0683752 0.9733592 0.9110469 0.9997542 1.0713592 1.1457412 1.0993366 1.1272968 1.0322852 1.0942093 0.9300635 0.9702372 1.0345567 1.1011111 1.0005053 1.0185449 1.0959964 1.0144141 1.1279954 1.1279954 0.0000000 0.5539702 0.5687742 0.5539702 0.5580062 0.7536602 0.6555433 0.6379612 1.0207189 1.0846468 0.9666432 0.9755805 0.9755805 0.9345476 0.9962486 0.9804876 0.9804876 0.9804876 0.9804876 0.9804876 0.9804876 0.9804876 0.9804876 0.8641674 0.9970883 0.9970883 0.8957847 0.8957847 0.8957847 0.9059293 0.9059293 0.8487698 1.6667641 1.6667641 4.2328359 4.2328359 1.0371468 0.0000010 0.9944183 4.7002803 4.7002803 0.9186311 0.9186311 1.9713024 1.9713024 1.0114878 1.0114878 1.0156817 1.0546964 1.0135291 1.0099620 1.0452169 1.2854391 1.3890501 1.5212029 1.4051605 1.3943759 1.2481554 1.3746801 1.7314302 2.0023630 1.4473865 1.4483517 1.3234686 1.9421356 1.9182022 1.9493522 2.2872488 1.8904502 2.2846906 1.8042565 2.1265056 2.0868595 1.3599524 1.9105567 
Spolac_c101471_g2_i1_m.25713c101471-g2                         1.1180482 0.9539596 0.9465140 0.9636994 1.1323918 0.9688774 0.9159363 1.5438703 0.9493411 1.1663921 1.0421642 1.1541963 1.1439406 0.7562930 0.9290256 0.9942797 1.0695751 1.0858894 1.1534061 1.0054196 1.1113695 1.2443602 1.1138796 1.1047302 1.0918073 1.1599383 1.2093790 1.1031108 1.1736755 1.2431384 1.1544517 1.1544517 0.5539702 0.0000000 0.0188261 0.0160481 0.0634975 0.2861541 0.5224079 0.3494159 0.9967927 1.0130684 1.1369289 1.0461652 1.1403920 1.0871451 1.0284633 1.1542196 1.1659426 1.1542196 1.1659426 1.1386611 1.1503275 1.1386611 1.1503275 1.1149095 0.9885657 0.9668476 1.0606334 1.0606334 1.0750706 1.0945454 1.2786841 1.3512383 1.5824508 1.5439924 2.2032515 2.1660596 1.1049400 2.2557231 1.1612974 1.6678488 1.5982822 1.1770750 1.1576420 1.7840962 1.7840962 1.2546720 1.2546720 1.2479303 1.3860703 1.0710174 1.1751272 1.2929373 1.2542028 1.4951977 1.4056531 1.2499550 1.4540896 1.2005285 1.1330205 1.3860492 1.5992708 1.4543396 1.4219550 1.4415328 1.6968329 1.7038536 1.8506504 1.7580742 1.8786629 1.9458506 1.7743909 1.6128930 1.4850293 1.3066897 1.9911728 
Spolac_c101471_g2_i2_m.25714c101471-g2                         1.2203382 0.9315248 0.9244949 0.9593610 1.0247691 0.9181618 0.8961591 1.5438703 0.8565363 0.9990788 1.0280207 1.1190831 1.3297457 0.7562930 0.9500882 1.1920756 1.1727206 1.0066097 1.0045460 1.0442506 1.0765729 1.0765729 1.0946714 1.1618260 1.1111395 1.2246630 1.1597117 0.9874794 1.0220003 1.0445774 1.0902432 1.0902432 0.5687742 0.0188261 0.0000000 0.0000010 0.0943979 0.2861541 0.5625340 0.5404011 1.0722185 1.0707179 0.9915070 1.0504203 1.0504203 1.0634470 1.0607919 1.1937333 1.2163446 1.1937333 1.2163446 1.1785043 1.2017418 1.1785043 1.2017418 1.1437365 0.9761332 0.9529410 1.0333425 1.0333425 1.0468343 1.0738249 1.6835917 1.5980450 1.1948690 1.1275273 1.4867904 1.4419331 1.1172896 1.5591985 1.1077676 1.4023286 1.3711375 1.1670496 1.1525694 1.3294540 1.3393079 1.2809801 1.2693493 1.2652128 1.2545367 1.0599614 1.2181181 1.2008345 1.0829857 1.2984222 1.3620118 1.1943669 1.3319457 1.1300185 1.2146121 1.3017434 1.5579526 1.3881540 1.4731162 1.3452556 1.6747566 1.7979165 1.9697859 1.8162419 1.6228641 1.6734124 1.6516387 1.4783632 1.4292534 1.1586910 2.3914962 
