114
Chem_TCONS_00002816                                    0.0000000 0.4335243 0.5463089 0.6805896 0.6805896 0.5628943 1.5031058 1.3803445 0.4745934 1.2956414 0.5766086 0.5942355 0.5766086 0.6353324 1.2956414 0.4745934 1.6348982 1.5018397 0.4054232 0.6476225 0.6972567 1.7779958 0.6972567 1.7779958 0.4920876 0.6850688 0.5315629 0.6695872 0.5011872 0.6695872 0.6161742 1.8507871 0.6161742 1.8507871 0.6161742 1.8507871 0.4911393 0.7115670 0.4864577 0.4975224 0.7299083 0.4750250 0.4641130 1.7761500 0.3361270 1.9795734 0.5101685 0.5101685 0.5190641 0.5072269 0.5198991 0.5263148 0.3141179 0.5164068 0.3954299 0.4905659 0.4932203 0.5334646 0.5379438 0.5509612 0.5752991 1.7627818 0.5200100 0.5235633 0.5321408 0.6051965 0.6346035 0.5297312 0.3745548 0.8668449 0.7007289 0.7007289 0.6896919 0.6995408 0.4771588 0.6896919 0.6905823 0.6449533 0.7140525 0.6726399 0.6726399 0.6989785 0.6609513 0.6563685 0.5689646 0.7424589 0.7424589 2.2813126 0.7572063 0.9454916 0.7535361 3.7655213 1.0812678 1.0829227 1.0978720 1.0560943 1.1570912 1.1523581 1.2824645 1.0636898 4.2235741 2.6522787 1.3013087 1.0643092 1.1682598 1.2581401 1.2191839 1.6545561 2.3320500 2.3993919 2.0727067 2.1618397 1.8118437 6.7064956 
Morvir_scaffold807.g1.t1                               0.4335243 0.0000000 0.6701669 0.5868166 0.5868166 0.7676498 2.0537857 1.9267080 0.6486866 1.0769045 0.7165872 0.7598945 0.7165872 0.7718470 1.0769045 0.6486866 2.2177221 1.9267079 0.5633824 0.5455072 0.5860395 1.8134972 0.5860395 1.8134972 0.6880447 0.6036457 1.7433743 0.5719972 0.6421028 0.5719972 0.6455739 1.2387072 0.6455739 1.2387072 0.6455739 1.2387072 0.5750451 0.7668676 0.4517376 0.5077467 1.2709258 0.3265955 0.3346038 1.8149102 0.3483148 1.9894352 0.3294842 0.3294842 0.3781954 0.3888701 0.3893690 0.4070343 0.3795910 0.3421694 0.4767913 0.3903498 0.3913639 0.6046608 0.4828563 0.4406639 0.4226291 1.5289190 0.4478988 0.5358045 0.4283389 0.4738624 0.4043563 0.3781587 0.3478891 0.5206981 0.5790432 0.5790432 0.5809718 0.5869560 0.7762598 0.5809718 0.5950944 0.5296608 0.6018606 0.5170873 0.5123088 0.5625635 0.5586529 0.5231066 0.4552717 0.5391375 0.5391375 1.7045375 0.6109565 0.6607952 0.6640902 1.0792703 0.8851422 1.0825807 1.0901530 1.0485148 1.2234794 1.1144486 1.3905654 1.0702765 3.5309031 2.6651228 1.1377430 1.0081134 1.1299943 1.1917857 1.1788916 2.0295424 1.7817290 1.7609531 1.5570383 1.5494231 1.3785744 5.4521217 
Pbac_sb2654090                                         0.5463089 0.6701669 0.0000000 0.1197644 0.1197644 0.0315831 0.6518580 0.2683280 0.0510004 0.0000010 0.1260168 0.8007658 0.1260168 1.5006140 0.0000010 0.0510004 0.6518580 0.2683280 0.0687298 0.1201693 0.1266890 0.0000010 0.1266890 0.0000010 0.0000010 0.1054526 0.0000010 0.0642159 0.0000010 0.0642159 0.1930803 0.0000010 0.1930803 0.0000010 0.1930803 0.0000010 0.1930803 2.9708299 0.4591367 0.5575730 0.0000010 0.6132231 0.5932001 0.0000010 0.5651745 2.3369786 0.3770592 0.3770592 0.3770592 0.3770592 0.3770592 0.4007324 0.0000010 0.3708665 0.2777172 0.4909788 0.4643832 2.6350455 0.4669696 0.4113707 0.4387543 0.0000010 0.4735010 0.4074389 0.4478243 0.4909058 0.4859947 0.4337773 0.6680541 0.5354294 0.6141855 0.6141855 0.6241336 0.5944480 0.0000010 0.6241336 0.6084918 0.7759853 0.7759853 0.5130417 0.5130417 0.4925950 0.4925950 0.4427530 0.6512900 0.6279602 0.6279602 0.0000010 0.6785846 0.7541632 0.5824696 7.0055274 1.0353933 0.9148254 0.9057706 0.9510578 0.9203847 0.8520180 1.2099729 0.9164958 5.3102813 2.2890858 0.9904826 0.9421510 1.1781042 1.1095193 0.9735368 0.0000010 1.8071830 2.0130137 1.3452367 1.5098549 1.3484395 7.9174985 
Coemet_Cmet_scaffold1428_01                            0.6805896 0.5868166 0.1197644 0.0000000 0.0000010 0.0246990 0.0166505 0.0115219 0.0000010 0.0000010 0.0096213 0.0078422 0.0477933 0.0606750 0.0578803 0.0347707 0.0928293 0.0901790 0.1276804 0.1442980 0.1517844 0.2176361 0.1118001 0.1210708 0.1220605 0.0842722 0.1020769 0.1331657 0.2246610 0.1596472 0.1515585 0.1872860 0.2000065 0.2660840 0.2496889 0.3650777 0.1944705 0.2778440 0.5044202 0.4144831 0.3577668 0.4330820 0.4351784 0.4076885 0.4189300 0.4677564 0.4024845 0.4024845 0.3752881 0.3832228 0.3898815 0.4022683 0.4516196 0.3493012 0.3241196 0.4084447 0.3881729 0.4897581 0.4067853 0.3802569 0.4046265 0.5101125 0.3636825 0.3798146 0.3728352 0.4134841 0.3668272 0.3692885 0.4321343 0.5197347 0.4244413 0.4244413 0.4225942 0.4174603 0.4301828 0.4225942 0.4162389 0.5383367 0.4958443 0.4273447 0.4285703 0.4432327 0.4568748 0.4358427 0.4475840 0.5030483 0.5030483 0.6452087 0.5316267 0.5575220 0.5773474 0.7317777 0.7785198 0.8808686 0.8654578 0.8646990 0.9419676 0.8955970 1.2050419 0.9511014 1.5434816 1.3340723 1.0219192 0.8366379 0.9339297 0.9126420 0.9712819 0.6525067 1.4897596 1.5875037 1.3779425 1.3887490 1.4326515 2.9998086 
Coemet_Cmet_scaffold1429_01                            0.6805896 0.5868166 0.1197644 0.0000010 0.0000000 0.0282056 0.0206951 0.0144544 0.0000010 0.0000010 0.0108442 0.0090983 0.0108442 0.0140692 0.0000010 0.0000010 0.0277896 0.0217661 0.1276804 0.1208759 0.1256649 0.1628640 0.1256649 0.1628640 0.1426713 0.0942768 0.1103645 0.1374174 0.2246610 0.1374174 0.1716038 0.2314200 0.1716038 0.2314200 0.1722807 0.2329964 0.1944705 0.2778440 0.5044202 0.4144831 0.4079614 0.4417357 0.4441010 0.4257776 0.4264966 0.5142995 0.4024845 0.4024845 0.3968646 0.4058571 0.4135082 0.4276200 0.5050207 0.3673081 0.3542368 0.4232360 0.4003321 0.5558395 0.4296058 0.4013353 0.4291322 0.5910161 0.3927475 0.4059118 0.3976931 0.4504834 0.3856393 0.3936220 0.4321343 0.4602548 0.4245974 0.4245974 0.4275769 0.4218099 0.4398182 0.4275769 0.4204712 0.5383367 0.5410724 0.4498477 0.4513001 0.4578744 0.4669721 0.4585620 0.4193775 0.5451149 0.5451149 0.7729053 0.5653742 0.5998082 0.5773474 0.6895829 0.7785198 0.8565260 0.8498607 0.8619188 0.9368481 0.8813762 1.2095028 0.9386577 1.6868653 1.4070337 1.0378988 0.8420909 0.9629936 0.9601122 0.9951317 0.6352831 1.5623533 1.6620206 1.4301202 1.4055411 1.4547564 3.8448468 
Vmul_sbMO459417                                        0.5628943 0.7676498 0.0315831 0.0246990 0.0282056 0.0000000 0.0333223 0.0230686 0.0240516 0.0282960 0.0240516 0.0234474 0.0661617 0.0716398 0.0875272 0.0661617 0.1109441 0.1054976 0.1283877 0.1923859 0.1905197 0.2007018 0.1400585 0.1099888 0.1118675 0.1011190 0.1062834 0.1446544 0.2027622 0.1775652 0.1497515 0.1765706 0.1970084 0.2515962 0.2449364 0.3426291 0.1987437 0.2294214 0.7248640 0.3614869 0.3536619 0.4352928 0.4323021 0.4010820 0.4324467 0.3657921 0.4667776 0.4667776 0.4217880 0.4163817 0.4299242 0.4404680 0.4384381 0.3915944 0.3823523 0.4279969 0.4093962 0.4875531 0.4635156 0.4329895 0.4702885 0.4866288 0.3955335 0.4329709 0.4135559 0.4629318 0.3919233 0.4182941 0.4301442 0.5951354 0.4340972 0.4340972 0.4263803 0.4255109 0.4147697 0.4263803 0.4271912 0.7182084 0.5142465 0.4634990 0.4682764 0.4833407 0.5044545 0.4664527 0.4881635 0.5261536 0.5261536 0.5855655 0.5214812 0.5316926 0.5758300 0.6679001 0.9812307 0.9806962 0.9750808 0.9751288 1.0586561 1.0188602 1.3069841 1.0947852 1.2699473 1.1783621 1.1157855 0.9615220 1.0203058 0.9642149 1.0996432 0.6144320 1.5825145 1.7261399 1.5092478 1.4582354 1.6108268 2.5007460 
Coeast_Cast_sb795316                                   1.5031058 2.0537857 0.6518580 0.0166505 0.0206951 0.0333223 0.0000000 0.0000010 0.0159731 0.0000010 0.0159731 0.0000010 0.0824580 0.0661679 0.0661679 0.0824580 0.0637425 0.0729571 0.4266528 0.3888471 0.2590279 0.2057172 0.1750841 0.1146762 0.1413771 0.1442458 0.0904002 0.2268808 0.3064674 0.2843399 0.1737571 0.1743775 0.2544551 0.2554455 0.3548367 0.3565885 0.3432781 0.3284171 2.2929711 2.0876671 0.3326464 0.4956587 0.4997794 0.3924591 0.4022988 0.3996924 0.6626329 0.6626329 0.4877228 0.5052434 0.5006681 0.5148697 0.4971350 0.4277180 0.3750551 0.4617426 0.4381974 0.4727897 0.5178605 0.4985654 0.5276897 0.4740208 0.4412330 0.4856168 0.4678253 0.5234348 0.4272010 0.4684772 0.5192971 0.6641893 0.4826223 0.4826223 0.4747501 0.4754303 0.4529365 0.4747501 0.4611638 1.6734542 0.5176770 0.5243233 0.5273399 0.5571800 0.5917479 0.5433389 1.7330965 0.6297201 0.6297201 0.6109161 0.6599305 0.6467133 0.8266147 0.6545423 4.3035697 1.1166615 1.1046590 1.0541439 1.0641147 1.0635134 1.3587167 1.3071879 1.2084591 1.1856310 1.1409905 0.9495455 1.0501397 1.0274013 1.2242216 0.6151643 1.2741563 1.4312791 1.5418604 1.4732829 1.5680447 1.7593857 
Coeast_Cast_sb795317                                   1.3803445 1.9267080 0.2683280 0.0115219 0.0144544 0.0230686 0.0000010 0.0000000 0.0110359 0.0000010 0.0110359 0.0000010 0.0797789 0.0692986 0.0692986 0.0797789 0.0670023 0.0670023 0.3290678 0.3190159 0.2407015 0.2057172 0.1548065 0.1146762 0.1133699 0.1174101 0.0904002 0.1999468 0.2755882 0.2583535 0.1422661 0.1427763 0.2228575 0.2237336 0.3189973 0.3206032 0.2686951 0.2856274 1.7264498 1.6753266 0.3326464 0.4544452 0.4617346 0.3924591 0.3932222 0.3996924 0.5956632 0.5956632 0.4573277 0.4664052 0.4616921 0.4754331 0.4636198 0.3989460 0.3606430 0.4270187 0.4032545 0.4390127 0.4548265 0.4508389 0.4906196 0.4470375 0.3932916 0.4296499 0.4240305 0.4708608 0.3874763 0.4196672 0.4012612 0.6039901 0.4209705 0.4209705 0.4108202 0.4124332 0.3972283 0.4108202 0.3954660 1.2487596 0.4921708 0.4891243 0.4942715 0.5224822 0.5455647 0.5009503 1.5241051 0.5813551 0.5813551 0.5813464 0.6202993 0.6069449 0.7745183 0.6545423 3.5250477 1.0344877 1.0360152 0.9846058 0.9741979 0.9940422 1.2638221 1.2059248 1.1752836 1.1752836 1.0691054 0.9021198 0.9653163 0.9849538 1.1231309 0.6151643 1.2334399 1.3626609 1.4809965 1.4435857 1.5335737 1.6459326 
Coeast_Cast_sb795310                                   0.4745934 0.6486866 0.0510004 0.0000010 0.0000010 0.0240516 0.0159731 0.0110359 0.0000000 0.0000010 0.0093914 0.0076139 0.0465988 0.0587752 0.0556860 0.0339588 0.0887383 0.0860500 0.1276804 0.1579701 0.1584148 0.2057172 0.1165799 0.1146762 0.1183600 0.0877364 0.0904002 0.1388950 0.2246610 0.1666299 0.1470843 0.1788366 0.1939217 0.2535842 0.2411632 0.3446990 0.1944705 0.2645876 0.5356290 0.4144831 0.3326464 0.4280136 0.4301814 0.3924591 0.4176837 0.4512980 0.4144229 0.4144229 0.3807181 0.3938614 0.3960122 0.4087714 0.4403793 0.3535079 0.3166460 0.4061072 0.3849790 0.4764386 0.4136040 0.3858598 0.4160947 0.4823132 0.3685171 0.3812769 0.3780725 0.4207871 0.3621871 0.3742788 0.4279762 0.5349492 0.4271006 0.4271006 0.4251647 0.4197943 0.4120980 0.4251647 0.4185331 0.5539925 0.4836870 0.4298782 0.4311654 0.4464818 0.4607972 0.4387634 0.4719447 0.5026473 0.5026473 0.6062892 0.5236353 0.5440808 0.5550273 0.6701598 0.8191746 0.9026417 0.8921650 0.8846333 0.9493389 0.9138439 1.2128305 0.9850848 1.4259623 1.2281968 1.0125527 0.8583776 0.9694839 0.9164307 0.9943712 0.6151643 1.5471374 1.6835278 1.4452601 1.4757776 1.5007778 2.7284308 
Coeast_Cast_sb795314                                   1.2956414 1.0769045 0.0000010 0.0000010 0.0000010 0.0282960 0.0000010 0.0000010 0.0000010 0.0000000 0.0000010 0.0000010 0.0556860 0.0556860 0.0556860 0.0556860 0.0724801 0.0756941 0.2429700 0.3088983 0.2254069 0.2057172 0.1539519 0.1146762 0.1350041 0.1240961 0.0904002 0.1999235 0.2554704 0.2483831 0.1614324 0.1788366 0.2280065 0.2535842 0.3041066 0.3446990 0.2621288 0.2561050 1.1811092 0.2910311 0.3326464 0.4384796 0.4485916 0.3924591 0.4011787 0.3578706 0.5480810 0.5480810 0.4418485 0.4566819 0.4527015 0.4723653 0.4706532 0.3995088 0.3478386 0.4443113 0.4257641 0.4482790 0.4654064 0.4486727 0.4807388 0.4823132 0.4080816 0.4640296 0.4408436 0.4735305 0.3825038 0.4144179 0.4385403 0.5945580 0.4269905 0.4269905 0.4204617 0.4210787 0.4218580 0.4204617 0.4155519 0.9222064 0.4539333 0.4862865 0.4886878 0.5140403 0.5481183 0.5100717 1.6891639 0.5563397 0.5563397 0.6062892 0.5797471 0.5693543 0.6960849 0.6545423 0.0000010 1.0794660 1.0593952 1.0256873 1.0637245 1.0642792 1.3084448 1.2401763 1.2084591 1.1856310 1.0693034 0.9210183 0.9997074 0.9584103 1.1929704 0.6151643 1.3577186 1.4919880 1.4796291 1.4512513 1.5542501 1.9646777 
Coeast_Cast_sb795311                                   0.5766086 0.7165872 0.1260168 0.0096213 0.0108442 0.0240516 0.0159731 0.0110359 0.0093914 0.0000010 0.0000000 0.0000010 0.0356440 0.0447311 0.0556860 0.0465988 0.0887383 0.0860500 0.1276804 0.1903050 0.1815099 0.2057172 0.1362685 0.1146762 0.1183600 0.1046639 0.0904002 0.1603047 0.2246610 0.1903440 0.1470843 0.1788366 0.1939217 0.2535842 0.2411632 0.3446990 0.1944705 0.2566574 0.6222347 0.4275790 0.3326464 0.4637423 0.4660790 0.3924591 0.4379383 0.4512980 0.4599089 0.4599089 0.4128102 0.4268871 0.4292680 0.4429529 0.4403793 0.3877933 0.3724225 0.4251156 0.4026044 0.4764386 0.4484537 0.4189986 0.4513719 0.4823132 0.4005116 0.4143078 0.4105538 0.4569914 0.3934452 0.4059499 0.4729661 0.5835227 0.4420012 0.4420012 0.4399208 0.4342029 0.4120980 0.4399208 0.4329670 0.6369006 0.5077686 0.4607894 0.4622512 0.4785651 0.4943662 0.4703514 0.5194388 0.5260493 0.5260493 0.6062892 0.5306231 0.5481973 0.5760201 0.6468588 0.9002347 0.9398133 0.9235002 0.9323728 1.0106735 0.9721321 1.2643614 1.0459502 1.3529481 1.2754345 1.0357804 0.9017241 0.9839795 0.9478708 1.0294369 0.6151643 1.5934004 1.7184286 1.5011072 1.5112066 1.5700850 2.7186345 
Coeast_Cast_sb795312                                   0.5942355 0.7598945 0.8007658 0.0078422 0.0090983 0.0234474 0.0000010 0.0000010 0.0076139 0.0000010 0.0000010 0.0000000 0.0448240 0.0448240 0.0556860 0.0535074 0.0724801 0.0756941 0.1708712 0.2477661 0.2031703 0.2057172 0.1461413 0.1146762 0.1233279 0.1220079 0.0904002 0.1792940 0.2246610 0.2177901 0.1444402 0.1788366 0.1975197 0.2535842 0.2525533 0.3446990 0.2005686 0.1908955 0.7641379 0.3110130 0.3326464 0.4316859 0.4398636 0.3924591 0.4159025 0.3578706 0.4753032 0.4753032 0.4121631 0.4296271 0.4325934 0.4421198 0.4403793 0.3845284 0.3420102 0.4215596 0.4011701 0.4412089 0.4473526 0.4276048 0.4595080 0.4823132 0.3927083 0.4353776 0.4184368 0.4506416 0.3755130 0.4046395 0.4083535 0.5954554 0.4050947 0.4050947 0.3998827 0.4003880 0.4120980 0.3998827 0.3958908 0.5817502 0.4695782 0.4651115 0.4669480 0.4933512 0.5135083 0.4857306 0.5149242 0.5197725 0.5197725 0.6062892 0.5327054 0.5460818 0.6037397 0.6468588 0.7472354 0.9751361 0.9624102 0.9379228 1.0206226 0.9947712 1.2610931 1.0916542 1.2975987 1.2294086 1.0853947 0.9063609 0.9695204 0.9448499 1.0735321 0.6151643 1.5690722 1.6935724 1.5371897 1.5473231 1.6364592 2.2307802 
Coeast_Cast_sb795315                                   0.5766086 0.7165872 0.1260168 0.0477933 0.0108442 0.0661617 0.0824580 0.0797789 0.0465988 0.0556860 0.0356440 0.0448240 0.0000000 0.0000010 0.0000010 0.0093702 0.0213324 0.0165368 0.1276804 0.1904448 0.1518402 0.1455082 0.1840122 0.2114525 0.1724664 0.1493804 0.2557830 0.1975006 0.2246610 0.1604207 0.1975430 0.2600980 0.1659673 0.2089254 0.2279175 0.3200336 0.1944705 0.2566574 0.6222347 0.4275790 0.5411298 0.5121611 0.5145963 0.5012653 0.4906890 0.5496808 0.4599089 0.4599089 0.4619244 0.4766447 0.4792457 0.4935836 0.5093817 0.4354883 0.4567335 0.4751293 0.4513552 0.5510257 0.4999542 0.4695442 0.5033524 0.5771246 0.4503380 0.4649019 0.4605318 0.5100923 0.4519756 0.4548635 0.4729661 0.5740965 0.4745556 0.4745556 0.4723425 0.4663723 0.4548129 0.4723425 0.4653192 0.6369006 0.5662920 0.5058812 0.5075260 0.5210590 0.5322471 0.5158758 0.5348643 0.5978587 0.5978587 0.7292162 0.5918035 0.6177586 0.5760201 0.6465862 0.9002347 0.9390853 0.9298193 0.9523067 1.0252941 0.9921321 1.3129356 1.0621696 1.3851978 1.3064930 1.0613431 0.9157034 1.0235280 0.9753017 1.0367840 0.6481730 1.6088324 1.7422616 1.5373356 1.5531227 1.5758019 2.9726485 
Coeast_Cast_sb795318                                   0.6353324 0.7718470 1.5006140 0.0606750 0.0140692 0.0716398 0.0661679 0.0692986 0.0587752 0.0556860 0.0447311 0.0448240 0.0000010 0.0000000 0.0000010 0.0116866 0.0054080 0.0056265 0.1708712 0.2597722 0.1725911 0.1455082 0.2140265 0.2114525 0.1820003 0.1864832 0.2557830 0.2347701 0.2246610 0.1865485 0.2016729 0.2600980 0.1657888 0.2089254 0.2370773 0.3200336 0.2005686 0.1908955 0.7910803 0.3498744 0.5411298 0.4991053 0.5076640 0.5012653 0.4861778 0.4533611 0.4886438 0.4886438 0.4831091 0.5016539 0.5049998 0.5150515 0.5093817 0.4529708 0.4877078 0.4927278 0.4707995 0.5147708 0.5215054 0.5009871 0.5348449 0.5771246 0.4642688 0.5099601 0.4905671 0.5271242 0.4568632 0.4750390 0.4233707 0.5959811 0.4535173 0.4535173 0.4480313 0.4485295 0.4548129 0.4480313 0.4439989 0.6309201 0.5494028 0.5316207 0.5337868 0.5572687 0.5719222 0.5535184 0.5894631 0.6193342 0.6193342 0.7292162 0.6144493 0.6416454 0.6166412 0.6465862 0.8240697 0.9886920 0.9850386 0.9832914 1.0520358 1.0330197 1.3353661 1.1258614 1.3306650 1.2939889 1.1307950 0.9299636 1.0299013 0.9898661 1.1025596 0.6481730 1.5952073 1.7301779 1.5900839 1.6076565 1.6733809 2.4881125 
Coeast_Cast_sb795319                                   1.2956414 1.0769045 0.0000010 0.0578803 0.0000010 0.0875272 0.0661679 0.0692986 0.0556860 0.0556860 0.0556860 0.0556860 0.0000010 0.0000010 0.0000000 0.0000010 0.0054080 0.0056265 0.2429700 0.3091844 0.1783622 0.1455082 0.2301497 0.2114525 0.2080539 0.1957379 0.2557830 0.2605620 0.2554704 0.2001960 0.2335584 0.2600980 0.1881914 0.2089254 0.2831086 0.3200336 0.2621288 0.2561050 1.1811092 0.2910311 0.5411298 0.5106825 0.5213377 0.5012653 0.4809148 0.4533611 0.5480810 0.5480810 0.5202854 0.5361899 0.5321055 0.5531758 0.5514739 0.4738404 0.4956275 0.5221571 0.5019256 0.5347557 0.5469967 0.5297991 0.5639893 0.5771246 0.4862560 0.5470942 0.5202097 0.5580377 0.4731163 0.4909805 0.4385403 0.5792805 0.4762714 0.4762714 0.4693622 0.4699658 0.4709150 0.4693622 0.4643728 0.9222064 0.5387370 0.5585833 0.5614414 0.5830032 0.6103756 0.5839181 2.0923188 0.6720965 0.6720965 0.7292162 0.6799588 0.6711506 0.6960849 0.6542378 0.0000010 1.0773923 1.0689190 1.0579592 1.0868125 1.0966156 1.3843534 1.2677973 1.2409862 1.2178541 1.1092170 0.9428044 1.0605243 0.9997775 1.2040819 0.6481730 1.3783838 1.5245149 1.5337665 1.5131926 1.5628094 2.2134902 
Coeast_Cast_sb795313                                   0.4745934 0.6486866 0.0510004 0.0347707 0.0000010 0.0661617 0.0824580 0.0797789 0.0339588 0.0556860 0.0465988 0.0535074 0.0093702 0.0116866 0.0000010 0.0000000 0.0213324 0.0165368 0.1276804 0.1580886 0.1309652 0.1455082 0.1604957 0.2114525 0.1724664 0.1288185 0.2557830 0.1731413 0.2246610 0.1389780 0.1975430 0.2600980 0.1659673 0.2089254 0.2279175 0.3200336 0.1944705 0.2645876 0.5356290 0.4144831 0.5411298 0.4725028 0.4747645 0.5012653 0.4665320 0.5496808 0.4144229 0.4144229 0.4258883 0.4396106 0.4419591 0.4553042 0.5093817 0.3973107 0.3894274 0.4528158 0.4305302 0.5510257 0.4608816 0.4322708 0.4638079 0.5771246 0.4142924 0.4277746 0.4239984 0.4694779 0.4160541 0.4192920 0.4279762 0.5263433 0.4576271 0.4576271 0.4555716 0.4499730 0.4548129 0.4555716 0.4488742 0.5539925 0.5382779 0.4715829 0.4730312 0.4856824 0.4958399 0.4808873 0.4852593 0.5699775 0.5699775 0.7292162 0.5816680 0.6100374 0.5550273 0.6697994 0.8191746 0.9020967 0.8982591 0.9032095 0.9628965 0.9324392 1.2581023 1.0001409 1.4583727 1.2574297 1.0367746 0.8714442 1.0070902 0.9422481 1.0014276 0.6481730 1.5616692 1.7061697 1.4791405 1.5153371 1.5060663 2.9771001 
Coeast_Cast_sb795321                                   1.6348982 2.2177221 0.6518580 0.0928293 0.0277896 0.1109441 0.0637425 0.0670023 0.0887383 0.0724801 0.0887383 0.0724801 0.0213324 0.0054080 0.0054080 0.0213324 0.0000000 0.0054380 0.4756635 0.4079794 0.2113753 0.1455082 0.2736658 0.2114525 0.2371589 0.2374557 0.2557830 0.3080233 0.3218145 0.2352302 0.2714798 0.2714798 0.2151596 0.2151596 0.3399906 0.3399906 0.3695765 0.3505891 2.5620928 3.0257905 0.5411298 0.5986688 0.6031320 0.5012653 0.4946028 0.4982488 0.6899001 0.6899001 0.5977056 0.6169743 0.6121946 0.6276872 0.6109389 0.5298306 0.5210229 0.5676095 0.5409130 0.5966334 0.6302927 0.6102384 0.6416083 0.5860112 0.5472208 0.5994434 0.5768620 0.6395244 0.5492864 0.5772304 0.5507773 0.6626036 0.5578824 0.5578824 0.5493072 0.5499240 0.5279715 0.5493072 0.5351243 2.3703672 0.6382559 0.6269263 0.6307023 0.6567935 0.6835337 0.6474647 2.6825928 0.7882906 0.7882906 0.7460081 0.8006227 0.7859861 0.8486493 0.6542378 4.3035697 1.1399642 1.1417585 1.1169634 1.1160127 1.1258737 1.4811774 1.3715570 1.2409862 1.2178541 1.2169140 0.9994015 1.1481857 1.1015230 1.2559403 0.6481730 1.3140011 1.4864038 1.6587727 1.5440851 1.5777793 2.0499713 
Coeast_Cast_sb795322                                   1.5018397 1.9267079 0.2683280 0.0901790 0.0217661 0.1054976 0.0729571 0.0670023 0.0860500 0.0756941 0.0860500 0.0756941 0.0165368 0.0056265 0.0056265 0.0165368 0.0054380 0.0000000 0.3786159 0.3472198 0.1911814 0.1455082 0.2545402 0.2114525 0.2096693 0.2110278 0.2557830 0.2810945 0.2895721 0.2075344 0.2374308 0.2374308 0.1817125 0.1817125 0.3013114 0.3013114 0.2885798 0.3060408 1.9849780 2.4514462 0.5411298 0.5520022 0.5674948 0.5012653 0.4847655 0.4982488 0.6133135 0.6133135 0.5628972 0.5800149 0.5751250 0.5823411 0.5612142 0.4976552 0.5048397 0.5357387 0.5084821 0.5576470 0.5679891 0.5676172 0.6028815 0.5640587 0.5091678 0.5441101 0.5270479 0.5732201 0.4971807 0.5219369 0.4012607 0.5895069 0.4896634 0.4896634 0.4784034 0.4802683 0.4657381 0.4784034 0.4623076 1.7376711 0.6089783 0.5949571 0.6012131 0.6251844 0.6394446 0.6078031 2.3974816 0.7456432 0.7456432 0.7237686 0.7669479 0.7521021 0.8046166 0.6542378 3.5250477 1.0473229 1.0621225 1.0366837 1.0268099 1.0577888 1.3995430 1.2684996 1.2304238 1.2304238 1.1459908 0.9530498 1.0590194 1.0600975 1.1660660 0.6481730 1.2742471 1.3985783 1.5449384 1.5470372 1.5435602 1.9161151 
Mertsp_Mesp_sb619040                                   0.4054232 0.5633824 0.0687298 0.1276804 0.1276804 0.1283877 0.4266528 0.3290678 0.1276804 0.2429700 0.1276804 0.1708712 0.1276804 0.1708712 0.2429700 0.1276804 0.4756635 0.3786159 0.0000000 0.0618890 0.0989284 0.1848267 0.0989284 0.1848267 0.0692934 0.0576718 0.0000010 0.1527595 0.2221492 0.1527595 0.1529524 0.2608703 0.1529524 0.2608703 0.1529524 0.2608703 0.1529524 0.2447051 0.6856106 0.3321344 0.0000010 0.4747423 0.4651984 0.0000010 0.4120576 0.2935199 0.4423435 0.4423435 0.4362116 0.4483284 0.4573515 0.4909820 0.4993520 0.4430289 0.4061864 0.4523786 0.4550388 0.7229385 0.5237609 0.4556171 0.4967885 0.8122049 0.4805224 0.5061235 0.4533026 0.5732713 0.4062361 0.4735729 0.5020523 0.6016295 0.5057460 0.5057460 0.5037988 0.4991490 0.4907487 0.5037988 0.5157213 0.6730775 0.5708875 0.4405304 0.4308174 0.4783255 0.4763282 0.4559650 0.3852319 0.4022398 0.4022398 0.5737477 0.3969804 0.4590644 0.4217760 0.2226727 0.9265157 0.8793506 0.9071896 0.9411372 1.2103245 1.0293851 1.2879249 0.9352669 1.5407933 1.0736430 1.0924787 0.9479588 1.0647028 1.0071329 1.0808912 0.0000010 1.7811467 1.8518814 1.4425259 1.2971646 1.5619709 5.5882016 
Lampan_Lpan_12847_01                                   0.6476225 0.5455072 0.1201693 0.1442980 0.1208759 0.1923859 0.3888471 0.3190159 0.1579701 0.3088983 0.1903050 0.2477661 0.1904448 0.2597722 0.3091844 0.1580886 0.4079794 0.3472198 0.0618890 0.0000000 0.1202053 0.2773120 0.1202053 0.2773120 0.1315854 0.0856271 3.1555523 0.1546913 0.2139711 0.1546913 0.2140231 0.3375245 0.2154278 0.3414907 0.2085672 0.3279302 0.1632678 0.2523504 0.4958327 0.4034501 3.1555523 0.4554834 0.4502774 0.5510488 0.4299940 0.6337208 0.3831902 0.3831902 0.4135216 0.4073480 0.4202444 0.4395711 0.5587378 0.4031033 0.3900913 0.4226811 0.4164978 0.6690955 0.4466519 0.4187550 0.4396208 0.7197915 0.3936287 0.4099640 0.3968398 0.4496417 0.3913878 0.4069853 0.4655206 0.4386901 0.4755299 0.4755299 0.4805501 0.4722084 0.5267142 0.4805501 0.4752596 0.5247990 0.5636140 0.4291045 0.4388898 0.4368625 0.4326126 0.4478555 0.4110028 0.4924594 0.4924594 0.7864936 0.5227319 0.5949724 0.5026902 0.6111243 0.7500101 0.8727039 0.8894845 0.8641443 0.9753395 0.9070868 1.1762666 0.9401544 2.2282869 1.7439694 1.0639449 0.9008025 0.9994843 0.9976206 1.0340089 0.9645506 1.6114292 1.7273062 1.5473081 1.3679465 1.4967169 5.5835015 
Drygla_Dgla_sb293629                                   0.6972567 0.5860395 0.1266890 0.1517844 0.1256649 0.1905197 0.2590279 0.2407015 0.1584148 0.2254069 0.1815099 0.2031703 0.1518402 0.1725911 0.1783622 0.1309652 0.2113753 0.1911814 0.0989284 0.1202053 0.0000000 0.0195611 0.0313124 0.0981356 0.1187201 0.0951931 0.3058709 0.1669910 0.2091407 0.1321852 0.1962108 0.2366661 0.1675422 0.1925742 0.2345413 0.3057045 0.1750862 0.2821563 0.5337271 0.4341146 0.5684078 0.4666053 0.4798357 0.5481781 0.4825548 0.5977555 0.4237417 0.4237417 0.4393828 0.4385705 0.4512459 0.4579498 0.5320656 0.4319323 0.4518325 0.4583687 0.4437526 0.5845141 0.4682180 0.4345445 0.4607691 0.6159309 0.4089586 0.4225287 0.4136085 0.4652656 0.4343774 0.4301296 0.4948952 0.5244003 0.4655724 0.4655724 0.4820335 0.4767028 0.5129761 0.4820335 0.4838860 0.5615954 0.5725767 0.5020483 0.4995222 0.5123325 0.5037018 0.4929851 0.4945753 0.5600641 0.5600641 0.6898731 0.5866931 0.5990780 0.5841498 0.7244608 0.8155882 0.9223189 0.9269307 0.9001722 1.0029092 0.9135130 1.2653174 0.9819078 1.5301772 1.3347304 1.0446837 0.8882329 0.9756417 0.9827826 1.0490565 0.7746001 1.4775852 1.5714171 1.4300496 1.4366276 1.4874277 3.1199226 
Drygla_Dgla_sb293631                                   1.7779958 1.8134972 0.0000010 0.2176361 0.1628640 0.2007018 0.2057172 0.2057172 0.2057172 0.2057172 0.2057172 0.2057172 0.1455082 0.1455082 0.1455082 0.1455082 0.1455082 0.1455082 0.1848267 0.2773120 0.0195611 0.0000000 0.0981356 0.0733324 0.1500539 0.1389719 0.3058709 0.2509056 0.1976390 0.1679643 0.2049847 0.2049847 0.1536850 0.1536850 0.2830196 0.2830196 0.1536645 0.2278974 0.9351809 0.0000010 0.5684078 0.4683005 0.4788790 0.5481781 0.5236680 0.5015536 0.5013576 0.5013576 0.5206601 0.5106741 0.5206601 0.5206601 0.5203661 0.4772709 0.5720059 0.4800692 0.4682264 0.5750596 0.5144949 0.5076367 0.5566136 0.5119033 0.4328375 0.4485126 0.4812629 0.5054086 0.4758235 0.4997932 0.3428370 0.5641737 0.4623080 0.4623080 0.4796771 0.4816083 0.4816083 0.4796771 0.4715717 0.0000010 0.5546144 0.5372371 0.5372371 0.5621783 0.5606349 0.5645121 5.5423019 0.6831437 0.6831437 0.6337054 0.6805626 0.6360922 0.7076900 0.7299409 0.0000010 1.0710569 1.0772204 1.0251815 0.9896274 1.0079282 1.3336532 1.2298396 1.2298396 1.2298396 1.1340483 0.9786876 1.0137522 1.1081455 1.2183441 0.7746001 1.3190002 1.4490909 1.6148865 1.6710094 1.6633648 1.9114584 
Drygla_Dgla_sb293630                                   0.6972567 0.5860395 0.1266890 0.1118001 0.1256649 0.1400585 0.1750841 0.1548065 0.1165799 0.1539519 0.1362685 0.1461413 0.1840122 0.2140265 0.2301497 0.1604957 0.2736658 0.2545402 0.0989284 0.1202053 0.0313124 0.0981356 0.0000000 0.0197089 0.0717086 0.0592762 0.1388412 0.1360698 0.2091407 0.1618496 0.1497611 0.1655310 0.1955977 0.2359493 0.2418942 0.3190155 0.1750862 0.2821563 0.5337271 0.4341146 0.3784624 0.4302460 0.4430717 0.4399949 0.4383993 0.5008170 0.4237417 0.4237417 0.3987546 0.3980247 0.4102482 0.4166094 0.4671326 0.3916692 0.3763154 0.4165042 0.4024808 0.5131892 0.4262106 0.3933600 0.4188215 0.5346439 0.3685557 0.3817852 0.3731289 0.4228001 0.3854043 0.3896217 0.4948952 0.5308356 0.4510965 0.4510965 0.4577088 0.4525408 0.4758182 0.4577088 0.4594712 0.5615954 0.5231713 0.4641088 0.4617358 0.4769268 0.4698408 0.4554514 0.4831799 0.5015383 0.5015383 0.5808282 0.5353942 0.5420904 0.5841498 0.7249615 0.8155882 0.9104584 0.9147196 0.8830579 0.9747332 0.8898918 1.2126633 0.9605794 1.4790163 1.2893400 1.0145565 0.8682505 0.9468978 0.9441641 1.0210218 0.7208419 1.4525113 1.5387966 1.3786759 1.3925773 1.4628203 2.8965768 
Drygla_Dgla_sb293632                                   1.7779958 1.8134972 0.0000010 0.1210708 0.1628640 0.1099888 0.1146762 0.1146762 0.1146762 0.1146762 0.1146762 0.1146762 0.2114525 0.2114525 0.2114525 0.2114525 0.2114525 0.2114525 0.1848267 0.2773120 0.0981356 0.0733324 0.0197089 0.0000000 0.0668297 0.0551774 0.1388412 0.1772361 0.1976390 0.2384489 0.1227032 0.1227032 0.2039310 0.2039310 0.2989925 0.2989925 0.1536645 0.2278974 0.9351809 0.0000010 0.3784624 0.3918526 0.4016658 0.4399949 0.4305393 0.4064018 0.5013576 0.5013576 0.4279854 0.4187405 0.4279854 0.4279854 0.4277570 0.3879014 0.4189472 0.3904988 0.3796584 0.4695852 0.4224206 0.4158710 0.4614166 0.4285821 0.3472080 0.3610254 0.3917445 0.4148394 0.3723284 0.4100193 0.3428370 0.5793205 0.4320914 0.4320914 0.4291843 0.4309235 0.4309235 0.4291843 0.4213614 0.0000010 0.4530396 0.4538036 0.4538036 0.4830539 0.4847938 0.4790394 2.7954825 0.5448782 0.5448782 0.5182345 0.5616082 0.5208856 0.7076900 0.7305832 0.0000010 1.0436988 1.0497336 0.9859534 0.9303083 0.9543339 1.2155454 1.1768358 1.1768358 1.1768358 1.0666471 0.9338258 0.9512617 1.0193245 1.1531267 0.7208419 1.2692788 1.3827858 1.4934243 1.5648699 1.6061252 1.6681836 
Beraby_Baby_sb328272                                   0.4920876 0.6880447 0.0000010 0.1220605 0.1426713 0.1118675 0.1413771 0.1133699 0.1183600 0.1350041 0.1183600 0.1233279 0.1724664 0.1820003 0.2080539 0.1724664 0.2371589 0.2096693 0.0692934 0.1315854 0.1187201 0.1500539 0.0717086 0.0668297 0.0000000 0.0352202 0.1224112 0.1476638 0.1887223 0.1822392 0.1316469 0.1502571 0.1787612 0.2202077 0.2250844 0.3003999 0.1613973 0.1627015 0.6801860 0.2660414 0.3747894 0.3972959 0.4067459 0.3751246 0.3871368 0.3491527 0.4119201 0.4119201 0.3944918 0.3950208 0.4078435 0.4089776 0.4132798 0.3828413 0.3414334 0.3885783 0.3823098 0.4763381 0.4136298 0.3968424 0.4297143 0.4713915 0.3629603 0.3875146 0.3850866 0.4243463 0.3540758 0.3896142 0.4401769 0.5630554 0.4120866 0.4120866 0.4061521 0.4066204 0.4192933 0.4061521 0.4006346 0.5778534 0.5047613 0.4575476 0.4624556 0.4772204 0.4823318 0.4804910 0.4160272 0.4771583 0.4771583 0.5869580 0.4955543 0.5232456 0.5554857 0.6588495 0.8582965 1.0015719 0.9898774 0.9688468 1.0653864 1.0367107 1.2988298 1.0662427 1.2188700 1.1565714 1.1195994 0.9676086 1.0434004 0.9925583 1.1327083 0.6445488 1.5269387 1.6553276 1.6016295 1.4842700 1.6460445 2.5205405 
Mlei_ML1320.g20.i1                                     0.6850688 0.6036457 0.1054526 0.0842722 0.0942768 0.1011190 0.1442458 0.1174101 0.0877364 0.1240961 0.1046639 0.1220079 0.1493804 0.1864832 0.1957379 0.1288185 0.2374557 0.2110278 0.0576718 0.0856271 0.0951931 0.1389719 0.0592762 0.0551774 0.0352202 0.0000000 0.1224112 0.1121107 0.1746015 0.1374744 0.1335442 0.1578708 0.1793725 0.2303790 0.2241387 0.3150831 0.1607540 0.2416837 0.5066621 0.3999572 0.3747894 0.4239837 0.4227630 0.3978636 0.4102960 0.4545931 0.3996118 0.3996118 0.3803333 0.3762846 0.3897755 0.3967266 0.4425605 0.3697891 0.3410990 0.3920238 0.3800697 0.4925299 0.3911831 0.3708170 0.4004993 0.4863104 0.3489923 0.3623865 0.3596792 0.4027091 0.3521138 0.3704119 0.4723950 0.5039102 0.4305085 0.4305085 0.4278720 0.4228851 0.4310490 0.4278720 0.4202932 0.5455623 0.4936427 0.4151765 0.4223136 0.4235020 0.4346500 0.4444876 0.4713390 0.4841149 0.4841149 0.5742431 0.5057145 0.5401502 0.5426118 0.7049914 0.7913043 0.9043219 0.8968061 0.8893298 0.9292142 0.8935219 1.1929945 0.9385255 1.4910378 1.2911510 1.0069088 0.8521898 0.9345346 0.9388161 0.9951223 0.6537486 1.4762053 1.5702732 1.3882853 1.3554809 1.4324049 2.9106226 
Pbac_sb2666821                                         0.5315629 1.7433743 0.0000010 0.1020769 0.1103645 0.1062834 0.0904002 0.0904002 0.0904002 0.0904002 0.0904002 0.0904002 0.2557830 0.2557830 0.2557830 0.2557830 0.2557830 0.2557830 0.0000010 3.1555523 0.3058709 0.3058709 0.1388412 0.1388412 0.1224112 0.1224112 0.0000000 0.0000010 0.0000010 0.1820878 0.1218848 0.1218848 0.2746950 0.2746950 0.6431918 0.6431918 0.0000010 0.0000010 0.0000010 0.0000010 0.3890509 0.4103780 0.4317596 0.4170501 0.3967837 0.3983287 0.0000010 0.0000010 0.3958280 0.4165893 0.3958280 0.4165893 0.4165893 0.3888336 0.3743072 0.4248608 0.4248608 0.3743072 0.3363928 0.3513162 0.3713738 0.3600670 0.3129446 0.3369382 0.3542797 0.2876177 0.3384912 0.2959012 0.0000010 0.9188293 0.3651565 0.3651565 0.3658656 0.3693844 0.3693844 0.3658656 0.3482456 0.0000010 0.4727811 0.3723335 0.3723335 0.4139586 0.3960092 0.3813917 4.5789770 0.4786796 0.4786796 0.4218566 0.4152795 0.4093423 0.5696153 0.8067822 0.0000010 0.8597209 0.8481620 0.9105971 0.8716931 0.9206564 1.1307433 0.9943021 0.9943021 0.9943021 0.7839807 0.7062747 0.7908243 0.7310422 0.9708088 0.6323690 1.2236259 1.3123309 1.3007070 1.5608219 1.3706438 0.1440363 
Horcal_Hcv1.av93.c4.g262.i2                            0.6695872 0.5719972 0.0642159 0.1331657 0.1374174 0.1446544 0.2268808 0.1999468 0.1388950 0.1999235 0.1603047 0.1792940 0.1975006 0.2347701 0.2605620 0.1731413 0.3080233 0.2810945 0.1527595 0.1546913 0.1669910 0.2509056 0.1360698 0.1772361 0.1476638 0.1121107 0.0000010 0.0000000 0.0000010 0.0312194 0.1511447 0.1774217 0.1878017 0.2350212 0.2334067 0.3194542 0.1700194 0.0884058 0.5018542 0.4270658 0.3890509 0.4318746 0.4450986 0.4411564 0.4264088 0.5083411 0.3708480 0.3708480 0.3761229 0.3806707 0.3894937 0.3941212 0.4386067 0.3809936 0.3649202 0.4394748 0.4206041 0.5208767 0.4106733 0.3790956 0.4104635 0.5079378 0.3631836 0.3814942 0.3802364 0.4132055 0.3766351 0.3583508 0.4711050 0.5282051 0.4447456 0.4447456 0.4440255 0.4388726 0.4653168 0.4440255 0.4362898 0.5479209 0.5019245 0.4078166 0.4150157 0.4296531 0.4276842 0.4198132 0.4783448 0.5009487 0.5009487 0.5932028 0.5215440 0.5387988 0.5673181 0.7196209 0.7705467 0.8822578 0.8664172 0.8569464 0.9565422 0.8934771 1.1570904 0.9449953 1.5019165 1.3002350 0.9716015 0.8634872 0.9103900 0.9274975 1.0041211 0.6275681 1.4814544 1.5939466 1.3426340 1.4007129 1.4158967 2.7609829 
Pbac_sb2669480                                         0.5011872 0.6421028 0.0000010 0.2246610 0.2246610 0.2027622 0.3064674 0.2755882 0.2246610 0.2554704 0.2246610 0.2246610 0.2246610 0.2246610 0.2554704 0.2246610 0.3218145 0.2895721 0.2221492 0.2139711 0.2091407 0.1976390 0.2091407 0.1976390 0.1887223 0.1746015 0.0000010 0.0000010 0.0000000 0.0000010 0.1574429 0.2038519 0.1574429 0.2038519 0.1574429 0.2038519 0.1765748 0.0000010 0.7846020 0.2743734 0.0000010 0.4178876 0.4450888 0.4762348 0.4137650 0.4480271 0.4409593 0.4409593 0.4499304 0.4520765 0.4619108 0.4602066 0.4525106 0.4580067 0.6599003 0.5089186 0.4783945 0.5271431 0.5326511 0.4791898 0.5144259 0.6250994 0.4304023 0.4868922 0.4619787 0.5372704 0.3936591 0.4286378 0.4402857 0.5819277 0.5226957 0.5226957 0.5159912 0.5145761 0.5159912 0.5159912 0.5145745 0.3626874 0.4486879 0.4654973 0.4824217 0.5055378 0.5114502 0.5217797 0.3426161 0.5845496 0.5845496 0.7415520 0.6292368 0.6640699 0.6619212 0.6666871 0.4858623 1.0301604 1.0142274 0.8882669 1.1019214 0.9940733 1.2301768 1.1875346 1.5458807 1.4117733 1.0607494 1.0176397 1.0050854 1.0171360 1.2846183 0.6413961 1.6083766 1.7572119 1.4316355 1.4079731 1.5793309 5.4704319 
Horcal_Hcv1.av93.c4.g262.i1                            0.6695872 0.5719972 0.0642159 0.1596472 0.1374174 0.1775652 0.2843399 0.2583535 0.1666299 0.2483831 0.1903440 0.2177901 0.1604207 0.1865485 0.2001960 0.1389780 0.2352302 0.2075344 0.1527595 0.1546913 0.1321852 0.1679643 0.1618496 0.2384489 0.1822392 0.1374744 0.1820878 0.0312194 0.0000010 0.0000000 0.1804718 0.2233812 0.1560789 0.1851848 0.2210031 0.2971747 0.1700194 0.0884058 0.5018542 0.4270658 0.5600057 0.4641593 0.4778522 0.5160819 0.4566178 0.5763190 0.3708480 0.3708480 0.4034414 0.4081278 0.4172316 0.4219988 0.4830561 0.4084887 0.4153536 0.4691109 0.4496622 0.5715770 0.4391538 0.4067654 0.4388816 0.5691251 0.3903336 0.4093851 0.4081091 0.4419917 0.4065376 0.3851338 0.4711050 0.5156326 0.4618770 0.4618770 0.4611405 0.4558792 0.4918199 0.4611405 0.4533427 0.5479209 0.5368243 0.4325074 0.4399331 0.4518225 0.4586565 0.4447510 0.4782062 0.5392053 0.5392053 0.6680517 0.5555798 0.5766978 0.5673181 0.7319136 0.7705467 0.8907718 0.8751993 0.8719112 0.9821255 0.9138777 1.2063803 0.9616353 1.5453175 1.3376054 0.9964452 0.8846642 0.9484932 0.9511659 1.0275568 0.6921923 1.4885114 1.6098341 1.3880970 1.4456873 1.4351365 3.0068018 
Eupdun_Edun_sb10630642                                 0.6161742 0.6455739 0.1930803 0.1515585 0.1716038 0.1497515 0.1737571 0.1422661 0.1470843 0.1614324 0.1470843 0.1444402 0.1975430 0.2016729 0.2335584 0.1975430 0.2714798 0.2374308 0.1529524 0.2140231 0.1962108 0.2049847 0.1497611 0.1227032 0.1316469 0.1335442 0.1218848 0.1511447 0.1574429 0.1804718 0.0000000 0.0000010 0.0392894 0.0592294 0.0616833 0.0992721 0.0103907 0.1896111 0.6952501 0.4178575 0.3591001 0.3954013 0.4131012 0.3612698 0.3910680 0.3493305 0.4399133 0.4399133 0.3911609 0.4026073 0.4016261 0.4136222 0.3894017 0.3733089 0.3668500 0.4434604 0.4213150 0.4839050 0.4373945 0.3975910 0.4366040 0.4429073 0.3736660 0.3791131 0.3910001 0.4222258 0.3686163 0.3962846 0.4362873 0.5751191 0.4431346 0.4431346 0.4324729 0.4315705 0.4113801 0.4324729 0.4375462 0.6908421 0.5107335 0.4545411 0.4585040 0.4763465 0.4919929 0.4494002 0.5069644 0.5210259 0.5210259 0.6603157 0.5878617 0.6013100 0.6323906 0.6591787 1.0317890 0.9696989 0.9734172 0.9804735 1.1346377 1.0643084 1.3106312 1.0900409 1.2035334 1.1018128 1.0943450 0.9508071 1.0107372 0.9824499 1.1333886 0.5994839 1.5397245 1.6828197 1.5386842 1.5128642 1.6634745 2.6004357 
Eupdun_Edun_sb10630643                                 1.8507871 1.2387072 0.0000010 0.1872860 0.2314200 0.1765706 0.1743775 0.1427763 0.1788366 0.1788366 0.1788366 0.1788366 0.2600980 0.2600980 0.2600980 0.2600980 0.2714798 0.2374308 0.2608703 0.3375245 0.2366661 0.2049847 0.1655310 0.1227032 0.1502571 0.1578708 0.1218848 0.1774217 0.2038519 0.2233812 0.0000010 0.0000000 0.0592294 0.0592294 0.0992721 0.0992721 0.0204305 0.2273505 1.6472479 0.0000010 0.3591001 0.4288864 0.4556991 0.3612698 0.3888926 0.3493305 0.5332269 0.5332269 0.4227973 0.4326183 0.4228841 0.4313105 0.4351506 0.4064101 0.3431647 0.4590141 0.4416927 0.4818123 0.4563716 0.4197505 0.4583998 0.4429073 0.3731783 0.3762104 0.3744756 0.4433150 0.3693864 0.3987910 0.5122598 0.5473958 0.4518808 0.4518808 0.4404182 0.4410922 0.4420222 0.4404182 0.4384993 0.0000010 0.4824449 0.5346675 0.5413645 0.5525558 0.5864985 0.5091249 2.7954825 0.5791031 0.5791031 0.6603157 0.6811590 0.6671968 0.8056710 0.6591787 0.0000010 1.0646481 1.0737274 1.0199719 1.0946959 1.0750466 1.3051899 1.1844940 1.1323492 1.1018128 1.0707127 0.9336401 0.9845375 0.9883480 1.2238028 0.5994839 1.3017543 1.4397030 1.4282409 1.3962923 1.5477009 2.0074273 
Eupdun_Edun_sb10630644                                 0.6161742 0.6455739 0.1930803 0.2000065 0.1716038 0.1970084 0.2544551 0.2228575 0.1939217 0.2280065 0.1939217 0.1975197 0.1659673 0.1657888 0.1881914 0.1659673 0.2151596 0.1817125 0.1529524 0.2154278 0.1675422 0.1536850 0.1955977 0.2039310 0.1787612 0.1793725 0.2746950 0.1878017 0.1574429 0.1560789 0.0392894 0.0592294 0.0000000 0.0000010 0.0587593 0.0931911 0.0103907 0.1896111 0.6952501 0.4178575 0.5134524 0.4319686 0.4504261 0.4658990 0.4473417 0.4439457 0.4399133 0.4399133 0.4447949 0.4567970 0.4557147 0.4683157 0.4533993 0.4262316 0.4736220 0.4998731 0.4767622 0.5566549 0.4933143 0.4529430 0.4931782 0.5296293 0.4276914 0.4335577 0.4455919 0.4782975 0.4289754 0.4506135 0.4362873 0.5561231 0.4746083 0.4746083 0.4637553 0.4627454 0.4482299 0.4637553 0.4689566 0.6908421 0.5640217 0.5007174 0.5049883 0.5299026 0.5344103 0.4950861 0.5281809 0.5855031 0.5855031 0.7610585 0.6455358 0.6673387 0.6323906 0.6588547 1.0317890 0.9722436 0.9778419 0.9998941 1.1636278 1.0898043 1.3675418 1.1063649 1.2303337 1.1284330 1.1270609 0.9721322 1.0387950 1.0169997 1.1604898 0.6249853 1.5646602 1.7072736 1.5973160 1.5737283 1.6953621 2.8341379 
