88
Diagra_EP00040_Diaphanoeca_grandis_P039634         0.0000000 1.0929337 0.5583397 0.5993144 0.9796657 0.9987062 0.8667614 0.9526832 1.0744276 0.9550600 1.0021102 0.8269627 0.7001374 1.1814462 1.5080193 1.6183343 1.6183343 1.7165784 1.2701636 1.5163644 1.4584904 1.4584904 1.7495343 1.7931118 1.8778286 1.2831810 1.7982448 1.7964842 1.9213653 1.1203498 1.6519640 1.4446367 1.9358855 1.7261863 1.7320941 1.3520459 1.7888891 1.7004188 1.1493152 1.7331975 1.5395194 1.8043502 2.3032141 1.5968618 1.5325583 1.5417641 2.1827090 2.1419046 2.1026986 1.8985162 1.4428420 1.4428420 2.3651866 1.3825112 1.5102632 1.9461184 2.0880036 2.0880036 1.7298287 1.6017994 1.6251903 1.7766584 1.6314224 2.0373483 1.6503694 1.4084920 1.4434569 2.1051671 2.0318376 1.6684511 1.7927162 1.6624206 1.1534734 1.7873784 1.7873784 1.9056722 1.7202204 2.1855867 1.8918987 2.1576104 2.1978147 3.1007818 2.1731870 2.7993030 1.9277783 1.9271263 2.9746851 2.1406557 
Salurc_EP00051_Salpingoeca_urceolata_P027919       1.0929337 0.0000000 0.5581012 0.5515108 1.0060749 0.9375395 0.7935363 1.0487986 0.9808094 0.8413900 0.9067704 0.9502215 0.8471929 1.0661841 1.3831425 1.6561290 1.6561290 1.5199379 1.1982175 1.4751988 1.4067889 1.4067889 1.6689941 1.9639087 2.0018538 1.4980395 2.0653733 1.8257408 1.9426336 1.2619939 1.7500311 1.3931302 1.6200949 1.6422268 1.6388384 1.4203038 1.5617502 1.7250945 1.2740338 1.8052135 1.6461289 1.5264486 1.9409530 1.5639345 1.5084508 1.4216076 1.8988492 1.8582863 1.8664657 1.9874918 1.6193476 1.6193476 2.0732889 1.3937892 1.4977717 1.9049371 1.8373783 1.8373783 1.7695360 1.8280271 1.8645120 1.7598465 1.8290969 1.9892465 1.7239366 1.4568651 1.4802564 1.9005152 1.9088948 1.9202712 1.4823372 1.5222612 1.1522868 1.7530129 1.7530129 1.8882163 1.9190683 2.1917724 1.4515038 1.9938160 1.9650893 2.8299535 1.7266988 2.3267797 1.7866498 1.9436667 2.7826943 2.4065156 
Salpun_EP00053_Salpingoeca_punica_P027028          0.5583397 0.5581012 0.0000000 0.4600919 0.4674058 0.5244318 0.5035057 0.5409858 0.5627259 0.5702125 0.5983086 0.5658269 0.6308736 0.0000010 0.7903834 0.9400131 0.9400131 0.9694009 0.8419722 0.8340347 0.8475710 0.8475710 0.8432708 1.2469774 1.2120209 1.2120209 1.1846999 1.1364250 1.0928544 1.2637957 1.1645569 1.1117860 1.2907670 0.9251440 0.9190431 0.8932367 0.9428618 1.0752682 1.1181894 1.3227857 0.8790824 1.0213128 1.2018666 0.9704735 1.0032610 0.8478660 1.5164249 1.5207242 1.5393498 1.4088183 1.4825341 1.4825341 1.6314576 1.4017311 1.4767673 1.6292640 1.5774643 1.5774643 0.9121566 0.9297083 0.9475412 0.8913293 0.9535222 1.1027081 1.1027081 0.9721297 0.9754817 1.0966068 1.1125814 0.9592497 1.3139893 0.9602267 0.8399514 1.1282930 1.1282930 1.3442561 1.2765559 0.0000010 0.7466711 1.0287193 1.3028270 3.1817514 1.2329913 2.8149326 1.4659065 1.4659065 1.8128267 1.2175373 
Sros_EGD73368                                      0.5993144 0.5515108 0.4600919 0.0000000 0.1864022 0.4418670 0.4183219 0.5180044 0.4701142 0.5073189 0.4469098 0.4634450 0.4241893 0.1139612 0.7462996 1.0037708 1.0037708 0.7986544 0.6562513 0.7675224 0.7737077 0.7737077 0.8731742 1.0440398 1.1368861 1.0549450 1.0654450 1.0417611 0.9957128 1.1644161 1.1447498 1.4361363 1.2688056 0.9801405 0.9587703 1.0195825 0.8554353 1.1134506 1.1257996 1.1886031 0.7904375 0.9010927 1.2191448 0.9175056 0.9261902 0.7951465 1.4208633 1.4466157 1.4189856 1.6286619 1.6393308 1.6393308 1.4906241 1.4938743 1.5406460 1.7710660 1.7493134 1.7493134 0.9536015 0.9206249 0.9090630 0.9380532 0.9433256 1.0548713 1.0548713 0.9617332 0.9420248 1.1532216 1.1856639 0.8693959 1.0416463 1.0919885 0.7574623 1.0728381 1.0728381 1.3058561 1.5030957 0.5191488 0.8547276 1.0491996 1.4805440 3.1368468 1.3637677 6.7225314 1.5114456 1.5114456 1.9047726 1.4189218 
Microa_EP00043_Microstomoeca_roanoka_P007480       0.9796657 1.0060749 0.4674058 0.1864022 0.0000000 0.7206149 0.6720810 0.8620701 0.8465849 0.7457822 0.8193628 0.7949290 0.7766865 0.8173736 1.1840746 1.3415801 1.3415801 1.3051463 1.0744201 1.2532206 1.2188253 1.2188253 1.5076763 1.5088010 1.5331947 0.9854069 1.4705510 1.4387398 1.3858389 0.9137850 1.4164983 1.3254222 1.5699657 1.5738466 1.5725916 1.1306216 1.4083686 1.5731965 1.0982989 1.6528932 1.3372848 1.3433257 1.7348073 1.1912343 1.2656744 1.1835037 1.6852094 1.6038650 1.6580287 1.6034596 1.2929896 1.2929896 1.8182334 1.3725527 1.3268120 1.8183723 1.8863494 1.8863494 1.5150074 1.4567337 1.4544919 1.6973382 1.5871879 1.6274581 1.3967252 1.2612802 1.2648931 1.7809395 1.7800415 1.3054460 1.3692851 1.4240444 1.0608885 1.4300927 1.4300927 1.7865350 1.8508244 1.6210933 1.4379765 1.7099517 1.7306030 2.4149640 1.5880971 2.2896951 1.7391378 1.8086078 2.2025089 2.0412454 
Salmac_EP00052_Salpingoeca_macrocollata_P012306    0.9987062 0.9375395 0.5244318 0.4418670 0.7206149 0.0000000 0.5369985 0.6726398 0.7464996 0.7486834 0.7926999 0.9303959 0.8327669 0.9528755 1.1553456 1.2069424 1.2069424 1.0972844 0.9346663 1.1319748 0.9635357 0.9635357 1.3068534 1.3395643 1.5855614 1.1415118 1.3799805 1.3763328 1.3889521 0.9334597 1.2612430 1.2516816 1.4193535 1.1978465 1.1861621 1.0568387 1.1415167 1.3895949 0.9543428 1.4447142 1.0833325 1.1121254 1.6491318 1.1143365 1.2141526 1.1012426 1.5426804 1.4783091 1.4916595 1.6562642 1.2874228 1.2874228 1.7170155 1.2688526 1.3330676 1.6812555 1.7433766 1.7433766 1.2741481 1.1490319 1.1760914 1.5026401 1.2378952 1.6523634 1.4543066 1.2134055 1.2283842 1.8359686 1.8382847 1.2926668 1.2498502 1.3148918 1.1130433 1.2223669 1.2223669 1.4893179 1.4922960 1.5989297 1.3327545 1.5221624 1.5958075 2.3605471 1.3825442 1.8591416 1.6242933 2.0479104 2.1050227 1.8644699 
Chofle_EP00730_Choanoeca_flexa_P011712             0.8667614 0.7935363 0.5035057 0.4183219 0.6720810 0.5369985 0.0000000 0.4175305 0.5739691 0.7674374 0.6782769 0.7026890 0.6547719 0.8869849 1.1203291 1.3401526 1.3401526 1.0969695 0.9013101 1.1379488 0.9919854 0.9919854 1.2926821 1.4124397 1.5111109 1.0903225 1.3718928 1.3408482 1.3898212 0.9381079 1.1770810 1.1994021 1.4244681 1.3061940 1.2884119 1.0336099 1.1874518 1.5565697 1.0441673 1.6180533 1.2744775 1.2733069 1.6637702 1.1989880 1.2414976 1.2108488 1.6323075 1.5720477 1.5947083 1.4665523 1.2303960 1.2303960 1.6190747 1.4321367 1.1932556 1.6136410 1.6266912 1.6266912 1.3997953 1.3476183 1.3360530 1.4765069 1.3242546 1.5946816 1.4089073 1.2164426 1.2316457 1.7128545 1.6738976 1.2768958 1.3806679 1.3541621 0.8681549 1.2704185 1.2704185 1.6472936 1.5209650 1.3606862 1.2069136 1.6487634 1.6438708 2.3696615 1.5672443 2.0618737 1.7567377 1.9926617 2.1243913 2.0029728 
Choper_EP00045_Choanoeca_perplexa_P016038          0.9526832 1.0487986 0.5409858 0.5180044 0.8620701 0.6726398 0.4175305 0.0000000 0.6855857 0.8547032 0.8381131 0.8767983 0.7963419 1.0431229 1.1671066 1.4276981 1.4276981 1.3324706 0.9918160 1.2673754 1.1134521 1.1134521 1.3349995 1.6980110 1.8828759 1.3275635 1.5929749 1.5844268 1.5989987 1.1162122 1.4188869 1.5801804 1.5374964 1.4928370 1.4837346 1.1246016 1.2578569 1.6765505 1.1746389 1.6341855 1.3059625 1.1939285 1.7006580 1.2544453 1.3851846 1.2907493 1.6641071 1.5643178 1.5519051 1.6207255 1.3677769 1.3677769 1.7415175 1.5353228 1.4952763 1.6719078 1.6049496 1.6049496 1.4582553 1.3541985 1.3609799 1.4681427 1.4118204 1.5255376 1.3429251 1.1934420 1.2182122 1.5994151 1.5607639 1.4247094 1.5633918 1.4743421 1.0943295 1.5740192 1.5740192 1.7938769 1.6472591 1.5336486 1.3295580 1.7055171 1.8545205 2.5294686 1.5462486 2.1475947 1.8160296 2.1001277 2.3376732 2.2353796 
Mbre_EDQ87521                                      1.0744276 0.9808094 0.5627259 0.4701142 0.8465849 0.7464996 0.5739691 0.6855857 0.0000000 0.7973462 0.8219966 0.9250566 0.8633043 0.8257010 1.2112594 1.5030346 1.5030346 1.3662310 1.0265631 1.3539806 1.2157139 1.2157139 1.5321051 1.8540945 1.9588273 1.3117356 1.7856394 1.8197658 1.8434147 1.1097745 1.5442741 1.4507889 1.5861185 1.5073884 1.5193058 1.2180380 1.3046697 1.7179914 1.2362082 1.7248036 1.4672739 1.2829687 1.9760197 1.4469725 1.5584642 1.2521895 1.6803175 1.5928547 1.6174440 1.7706863 1.3578872 1.3578872 1.8148412 1.4050224 1.3065530 1.7408633 1.8673267 1.8673267 1.7014515 1.6174425 1.6036094 1.6809647 1.6347836 1.7273042 1.3965965 1.2438341 1.2589446 1.7637548 1.7478945 1.6322223 1.4751767 1.5689430 1.0818678 1.6000918 1.6000918 1.5619443 1.9321905 1.7052329 1.4290102 1.8347360 1.8191586 2.4862311 1.6384773 1.9466650 1.7833116 2.2556279 2.7968383 2.3321855 
Salkve_EP00050_Salpingoeca_kvevrii_P007653         0.9550600 0.8413900 0.5702125 0.5073189 0.7457822 0.7486834 0.7674374 0.8547032 0.7973462 0.0000000 0.8113375 0.8830215 0.8937754 0.9267362 1.3441047 1.5335374 1.5335374 1.4375463 1.0604861 1.4416610 1.2813992 1.2813992 1.5535171 1.9270204 1.9649668 1.4097229 1.8081002 1.7743808 1.8812928 1.2140899 1.4865017 1.3353453 1.8360787 1.6182348 1.6283736 1.2806056 1.4225371 1.7573006 1.2702220 1.8024464 1.4097598 1.4396503 2.1011535 1.5907135 1.5369974 1.3415830 1.7128326 1.6280550 1.6795226 1.7216710 1.2916521 1.2916521 1.9202629 1.2784618 1.2196919 1.7415111 1.9597998 1.9597998 1.5973210 1.5552362 1.5866074 1.6445214 1.5580008 1.8118817 1.4749441 1.2124904 1.2272718 1.7337036 1.7317070 1.7367065 1.7089992 1.4845058 1.1592106 1.6353620 1.6353620 1.8193740 2.0300298 1.7237694 1.4924583 1.6436022 1.8790975 2.6580256 1.6843179 2.3020478 1.7774505 1.8903265 2.7040634 2.2969483 
Salinf_EP00049_Salpingoeca_infusionum_P009276      1.0021102 0.9067704 0.5983086 0.4469098 0.8193628 0.7926999 0.6782769 0.8381131 0.8219966 0.8113375 0.0000000 1.0184482 0.9203399 1.0997276 1.1815254 1.3711125 1.3711125 1.3174491 0.9712634 1.2727451 1.1071731 1.1071731 1.4874622 1.5079636 1.5095374 1.0488614 1.5991015 1.4167749 1.4967203 0.9308401 1.4341146 1.4059015 1.4829257 1.4779191 1.5014496 1.1896501 1.3003733 1.5354826 0.9927801 1.5473078 1.2274267 1.1650527 1.5852956 1.3521571 1.2590746 1.3549427 1.5573807 1.4690946 1.4806587 1.5940613 1.1437844 1.1437844 1.6675173 1.2232326 1.2983491 1.7112530 1.6546926 1.6546926 1.5780792 1.4792916 1.5075071 1.7585950 1.5815955 1.9249036 1.5911316 1.2832697 1.3005938 1.9842176 1.9872470 1.5060974 1.6551999 1.4528661 1.1044122 1.4683397 1.4683397 1.7131032 1.7578461 1.5621950 1.3706673 1.8903118 1.8563382 2.7113143 1.7014100 2.6208871 1.8985522 2.0562974 2.2758158 1.9725210 
Acaspe_EP00035_Acanthoeca_spectabilis_P025382      0.8269627 0.9502215 0.5658269 0.4634450 0.7949290 0.9303959 0.7026890 0.8767983 0.9250566 0.8830215 1.0184482 0.0000000 0.7362328 1.1464012 1.5945229 1.7066804 1.7066804 1.5804490 1.3003427 1.5476809 1.4547452 1.4547452 1.6607143 1.7159861 1.8037322 1.3584285 1.6588834 1.7274626 1.8198124 1.1626405 1.5472084 1.4917090 2.0815507 1.8341692 1.8110242 1.4220621 1.6527727 1.9529381 1.3106443 1.8277686 1.6284663 1.5090482 2.1124720 1.5814113 1.6478717 1.5114392 1.9306345 1.8803889 1.8786059 2.0623864 1.4921184 1.4921184 2.0270610 1.3300907 1.4534738 1.8054334 2.0224406 2.0224406 1.6118591 1.6556376 1.6620885 1.8144775 1.6309202 1.8370240 1.6057611 1.3177781 1.3358820 1.9435890 1.8503214 1.6514622 1.7575684 1.5342732 1.0494365 1.6062219 1.6062219 1.9897438 1.9044708 2.1192982 1.6454484 2.0233267 2.1371300 2.7764759 1.8638194 2.4777034 1.9258030 2.0782589 2.5370447 2.2107057 
Stedip_EP00041_Stephanoeca_diplocostata_P005982    0.7001374 0.8471929 0.6308736 0.4241893 0.7766865 0.8327669 0.6547719 0.7963419 0.8633043 0.8937754 0.9203399 0.7362328 0.0000000 0.9166014 1.4344469 1.4390297 1.4390297 1.5434306 1.2467528 1.4282812 1.2452129 1.2452129 1.5129026 1.6152592 1.6518464 1.1620737 1.6704901 1.5453780 1.6680163 1.0429209 1.5778784 1.6713974 1.7621987 1.7833528 1.7888483 1.2991312 1.6320074 1.6212508 1.1685937 1.6606251 1.5756794 1.6357623 1.9226539 1.4136953 1.3590592 1.3310054 2.0567878 2.0708504 1.9749440 1.8402409 1.4327128 1.4327128 1.9107084 1.3365487 1.5628372 1.8094867 2.0164815 2.0164815 1.7173151 1.5668874 1.5992261 1.7988285 1.5816105 1.8608918 1.4996907 1.2784880 1.2953075 1.9400867 1.9283438 1.5985908 1.5634032 1.4910937 0.9313102 1.4635125 1.4635125 1.8501059 1.8210160 2.0830292 1.7150913 1.9695318 1.8340777 2.6543721 1.8584834 2.6322790 1.9035932 1.9407309 2.4078494 2.4162375 
Salpun_EP00053_Salpingoeca_punica_P025956          1.1814462 1.0661841 0.0000010 0.1139612 0.8173736 0.9528755 0.8869849 1.0431229 0.8257010 0.9267362 1.0997276 1.1464012 0.9166014 0.0000000 1.5293684 1.5417464 1.5417464 1.6529166 1.5689744 1.4869614 1.3379309 1.3379309 2.2029253 1.4908946 1.5118937 1.3842381 1.5007900 1.5037601 1.6161639 0.9189311 1.5220790 0.0000010 1.3455350 1.7727361 1.7560595 1.4876411 1.4306273 1.7312226 1.2385906 1.5932808 1.7372228 1.4068709 1.8452058 1.3488511 1.4690977 1.2715813 1.6629956 1.5978486 1.5453229 1.5199218 1.3017441 1.3017441 1.5984176 0.6562948 1.4000085 1.5093163 1.6328488 1.6328488 1.6686839 1.7838841 1.8326122 2.0275465 1.6703745 2.2150467 2.0529152 1.9879962 2.1098638 2.4174514 2.1541704 1.8824089 1.7989155 1.3506017 1.5459129 1.4446493 1.4446493 1.5451333 1.5006945 1.7611202 1.2357859 2.7117398 1.4719905 1.4719905 1.7646394 1.6654629 1.4748640 2.9817416 2.2240954 3.7977665 
Spolac_c104361_g1_i1_m.39903c104361-g1             1.5080193 1.3831425 0.7903834 0.7462996 1.1840746 1.1553456 1.1203291 1.1671066 1.2112594 1.3441047 1.1815254 1.5945229 1.4344469 1.5293684 0.0000000 0.9793112 0.9793112 0.9551977 0.8462705 0.9137763 0.8468612 0.8468612 1.0422313 1.0540117 1.1760744 0.6163648 1.0590412 1.0074579 1.0130056 0.6111927 1.1186434 0.9069371 1.1237403 1.0870352 1.0795797 0.8743124 0.9688823 1.0908342 0.7291262 1.0708885 0.9568528 0.7988502 1.2025441 0.7894910 0.9121909 0.8279497 1.4140897 1.3920726 1.3467003 1.3234949 1.1213795 1.1213795 1.3901475 0.8779057 1.1380644 1.4849526 1.3609500 1.3609500 1.1431154 1.1110724 1.1189884 1.2309254 1.1157454 1.2539473 1.0480610 1.0181656 1.0180459 1.3673919 1.3670108 1.1331970 1.0167107 1.0016377 1.5285763 1.1845799 1.1845799 1.1183065 1.1458883 1.4443029 0.8514901 1.2091914 1.4986118 2.1824319 1.2637576 2.2022101 1.4170255 1.3770678 1.9750470 1.6602001 
Opea_EP00118_Oscarella_pearsei_P026626             1.6183343 1.6561290 0.9400131 1.0037708 1.3415801 1.2069424 1.3401526 1.4276981 1.5030346 1.5335374 1.3711125 1.7066804 1.4390297 1.5417464 0.9793112 0.0000000 0.0000010 0.8114115 0.6492451 0.9218909 0.6290560 0.6290560 0.6591718 0.9472304 1.0797783 0.7737102 0.9315651 0.9035657 0.8800114 0.5620143 0.7687270 0.6813521 1.1313613 0.8150691 0.8199111 0.9709092 0.8685037 1.1339169 0.7234304 1.0776023 0.9522231 0.9463029 1.4667666 1.1026518 1.0282564 0.8512870 1.4048183 1.3195001 1.3670002 1.4903140 1.1929461 1.1929461 1.4621301 1.0154846 1.1158071 1.6623689 1.4374727 1.4374727 1.1939032 1.1224098 1.1356231 1.2514232 1.2305337 1.4466260 1.2489281 1.0404082 1.0451922 1.5853154 1.5250630 1.0576733 0.9996418 1.1129669 1.7401773 1.1196917 1.1196917 1.1294486 1.3007491 1.1801323 1.0947069 1.3838938 1.4794934 2.1392679 1.5218541 1.8815163 1.5191905 1.7643546 1.3796157 1.6610713 
Ocar_g4563                                         1.6183343 1.6561290 0.9400131 1.0037708 1.3415801 1.2069424 1.3401526 1.4276981 1.5030346 1.5335374 1.3711125 1.7066804 1.4390297 1.5417464 0.9793112 0.0000010 0.0000000 0.8114115 0.6492451 0.9218909 0.6290560 0.6290560 0.6591718 0.9472304 1.0797783 0.7737102 0.9315651 0.9035657 0.8800114 0.5620143 0.7687270 0.6813521 1.1313613 0.8150691 0.8199111 0.9709092 0.8685037 1.1339169 0.7234304 1.0776023 0.9522231 0.9463029 1.4667666 1.1026518 1.0282564 0.8512870 1.4048183 1.3195001 1.3670002 1.4903140 1.1929461 1.1929461 1.4621301 1.0154846 1.1158071 1.6623689 1.4374727 1.4374727 1.1939032 1.1224098 1.1356231 1.2514232 1.2305337 1.4466260 1.2489281 1.0404082 1.0451922 1.5853154 1.5250630 1.0576733 0.9996418 1.1129669 1.7401773 1.1196917 1.1196917 1.1294486 1.3007491 1.1801323 1.0947069 1.3838938 1.4794934 2.1392679 1.5218541 1.8815163 1.5191905 1.7643546 1.3796157 1.6610713 
Lcom_lcpid95847                                    1.7165784 1.5199379 0.9694009 0.7986544 1.3051463 1.0972844 1.0969695 1.3324706 1.3662310 1.4375463 1.3174491 1.5804490 1.5434306 1.6529166 0.9551977 0.8114115 0.8114115 0.0000000 0.2501320 0.4552617 0.4342221 0.4342221 0.8250812 1.0167435 1.0590985 0.7684210 1.0190817 0.9694190 1.0235867 0.6138252 0.7941576 0.7469151 1.1441180 0.9631825 0.9571600 0.9777704 0.8473013 1.1894436 0.7879622 1.1315783 0.9823254 1.0000491 1.4925788 0.9503486 1.1357008 0.8156122 1.6075363 1.4914838 1.5085655 1.5610297 1.2450841 1.2450841 1.5894358 1.0673690 1.1722532 1.7359901 1.6452423 1.6452423 1.1352612 1.2212886 1.2240111 1.2528681 1.2416274 1.3832413 1.1297980 1.1114039 1.1159315 1.6439346 1.5816393 1.0537984 0.9818920 1.1640001 1.6536644 1.1231400 1.1231400 0.9893540 1.5405677 1.2917404 1.2233618 1.4497206 1.6349399 2.4094548 1.2405290 2.3193681 1.6635063 1.9221031 1.5276245 1.9423832 
Leuniv_Lniv_scaffold7296_01                        1.2701636 1.1982175 0.8419722 0.6562513 1.0744201 0.9346663 0.9013101 0.9918160 1.0265631 1.0604861 0.9712634 1.3003427 1.2467528 1.5689744 0.8462705 0.6492451 0.6492451 0.2501320 0.0000000 0.2865624 0.4160507 0.4160507 0.6375646 0.7563875 0.7634491 0.6709967 0.7248829 0.7120470 0.7489350 0.6471436 0.7324703 0.7362177 0.8972880 0.6785708 0.6771420 0.9977021 0.5931806 0.9761283 0.8023992 1.0295214 0.8018819 0.8264586 1.2484797 0.8875584 0.8513352 0.6255226 1.2913822 1.2591952 1.2275026 1.2922261 1.1574483 1.1574483 1.3787052 0.9560315 1.0654988 1.4583407 1.3632510 1.3632510 0.9995837 1.0176006 1.0256122 1.0277648 0.9970291 1.2695789 1.1824911 1.1042456 1.1055176 1.4561287 1.4102229 0.8037268 0.7964474 0.7837835 1.4765152 0.8523157 0.8523157 0.7728643 1.0962609 1.0126781 0.8713765 1.2253861 1.1755211 1.8433266 0.9441336 1.8014540 1.3243466 1.7610739 1.0267205 1.7823746 
Gracom_Gcom_scaffold15104_01                       1.5163644 1.4751988 0.8340347 0.7675224 1.2532206 1.1319748 1.1379488 1.2673754 1.3539806 1.4416610 1.2727451 1.5476809 1.4282812 1.4869614 0.9137763 0.9218909 0.9218909 0.4552617 0.2865624 0.0000000 0.4530703 0.4530703 0.8249366 1.0453192 1.0116314 0.7108821 0.9458720 0.9366980 1.0045964 0.6550981 0.8443593 0.8463750 1.1142302 0.8876126 0.8735753 0.9803171 0.8056421 1.0932489 0.7729565 1.1641911 0.9486271 0.9445024 1.3804309 0.9600080 1.0745009 0.8297507 1.6016046 1.5419427 1.5253615 1.4070994 1.1305283 1.1305283 1.4667771 1.0164689 1.0836416 1.7168950 1.6379602 1.6379602 1.1315239 1.2710757 1.2742946 1.2805340 1.3710935 1.3461050 1.1231830 0.9894658 0.9906597 1.5263409 1.4945084 0.9595196 0.9232445 1.0974616 1.6784178 1.1758236 1.1758236 0.9294497 1.4038263 1.2172925 1.2401824 1.3335352 1.4601971 2.1789916 1.2447800 2.2710529 1.6645032 1.8932591 1.4894824 1.7493294 
Clacor_Ccor_scaffold1596_01                        1.4584904 1.4067889 0.8475710 0.7737077 1.2188253 0.9635357 0.9919854 1.1134521 1.2157139 1.2813992 1.1071731 1.4547452 1.2452129 1.3379309 0.8468612 0.6290560 0.6290560 0.4342221 0.4160507 0.4530703 0.0000000 0.0000010 0.5909637 0.7881913 0.8237627 0.7454808 0.7063795 0.7667688 0.7746624 0.7050378 0.8198032 0.7959317 1.0244184 0.6905572 0.6793516 0.8693910 0.7096119 0.9641363 0.8119859 1.0202129 0.8844814 0.8762423 1.1920229 0.8779338 0.8710041 0.6907841 1.3160707 1.2611368 1.2459292 1.3404793 1.1607895 1.1607895 1.3139473 1.0775537 1.1588719 1.5381116 1.3487563 1.3487563 0.8807862 0.8790773 0.8898632 1.0385811 0.9258348 1.2031475 1.1630450 1.1625594 1.1577560 1.4192433 1.3846811 0.9122152 0.8414200 0.9622670 1.4978777 1.0235667 1.0235667 0.8246454 1.1286930 1.0598626 0.9465160 1.3125802 1.2553127 1.9259753 1.1393199 1.8574492 1.4298865 1.8852293 1.0675240 1.6632991 
Clacor_Ccor_scaffold1597_01                        1.4584904 1.4067889 0.8475710 0.7737077 1.2188253 0.9635357 0.9919854 1.1134521 1.2157139 1.2813992 1.1071731 1.4547452 1.2452129 1.3379309 0.8468612 0.6290560 0.6290560 0.4342221 0.4160507 0.4530703 0.0000010 0.0000000 0.5909637 0.7881913 0.8237627 0.7454808 0.7063795 0.7667688 0.7746624 0.7050378 0.8198032 0.7959317 1.0244184 0.6905572 0.6793516 0.8693910 0.7096119 0.9641363 0.8119859 1.0202129 0.8844814 0.8762423 1.1920229 0.8779338 0.8710041 0.6907841 1.3160707 1.2611368 1.2459292 1.3404793 1.1607895 1.1607895 1.3139473 1.0775537 1.1588719 1.5381116 1.3487563 1.3487563 0.8807862 0.8790773 0.8898632 1.0385811 0.9258348 1.2031475 1.1630450 1.1625594 1.1577560 1.4192433 1.3846811 0.9122152 0.8414200 0.9622670 1.4978777 1.0235667 1.0235667 0.8246454 1.1286930 1.0598626 0.9465160 1.3125802 1.2553127 1.9259753 1.1393199 1.8574492 1.4298865 1.8852293 1.0675240 1.6632991 
Plajan_Pjan_C557547_01                             1.7495343 1.6689941 0.8432708 0.8731742 1.5076763 1.3068534 1.2926821 1.3349995 1.5321051 1.5535171 1.4874622 1.6607143 1.5129026 2.2029253 1.0422313 0.6591718 0.6591718 0.8250812 0.6375646 0.8249366 0.5909637 0.5909637 0.0000000 1.1094697 1.0999630 0.7038529 1.0038747 1.1006591 1.0840653 0.7458660 0.8626418 0.8173302 1.2390653 0.9922738 0.9810314 0.9768409 0.8274163 1.0388350 0.7136705 1.1949474 1.0002300 0.9514837 1.5114392 1.1714771 1.1653065 0.8876242 1.5050795 1.4179707 1.4993452 1.4547166 1.1262883 1.1262883 1.5986269 0.9355721 1.0698417 1.6243592 1.6598964 1.6598964 1.1698507 1.0518312 1.0562376 1.1936966 1.2963609 1.5037509 1.2678585 1.0380461 1.0474379 1.4522421 1.4742457 1.1217724 0.9465100 1.1755195 1.6618686 1.2631679 1.2631679 1.0759892 1.5383319 1.2073162 1.3098729 1.3778327 1.6176856 2.3604155 1.3776942 2.1595264 1.5831812 1.6547924 1.4584278 1.7245334 
Gfas_gfas1.m1.15923.m1                             1.7931118 1.9639087 1.2469774 1.0440398 1.5088010 1.3395643 1.4124397 1.6980110 1.8540945 1.9270204 1.5079636 1.7159861 1.6152592 1.4908946 1.0540117 0.9472304 0.9472304 1.0167435 0.7563875 1.0453192 0.7881913 0.7881913 1.1094697 0.0000000 0.2928047 0.1435370 0.3085415 0.3218610 0.3521442 0.4175672 0.6829425 0.8084811 1.3102013 1.0783687 1.0639988 0.9794253 0.9250472 1.1123960 0.6749165 1.0495643 0.9660334 1.2917446 1.6421250 1.1489192 1.2860079 1.0144947 1.3739424 1.4020781 1.3315598 1.3068323 1.0652395 1.0652395 1.6082796 0.9547302 1.1322616 1.6816831 1.4319526 1.4319526 1.3467037 1.3043839 1.3253597 1.5273579 1.4369558 1.7890178 1.5330927 1.2956689 1.3037855 1.8176982 1.8042250 0.9935339 1.1790019 1.2187169 1.7773224 1.1020553 1.1020553 1.2196324 1.5326200 1.1949294 1.3950862 1.5605159 1.7944584 2.6234252 1.4505336 2.2113953 1.6077145 1.6282633 0.7497054 1.5958331 
Amil_Amillepora07744-RA                            1.8778286 2.0018538 1.2120209 1.1368861 1.5331947 1.5855614 1.5111109 1.8828759 1.9588273 1.9649668 1.5095374 1.8037322 1.6518464 1.5118937 1.1760744 1.0797783 1.0797783 1.0590985 0.7634491 1.0116314 0.8237627 0.8237627 1.0999630 0.2928047 0.0000000 0.0776161 0.3998480 0.4197190 0.4578461 0.5195230 0.8306931 0.9235826 1.3488280 1.2716467 1.2755877 1.0767667 1.0866004 1.0946098 0.7062334 1.0559409 1.0206112 1.3740095 1.8835982 1.2982587 1.3113366 1.0853663 1.5423557 1.4809058 1.4630809 1.4138772 1.0911361 1.0911361 1.6932084 1.0383012 1.1467209 1.6264840 1.4105086 1.4105086 1.4298509 1.3775045 1.3789018 1.4646294 1.6001475 1.8178010 1.5174266 1.3205161 1.3491307 1.9094713 1.9148102 1.1004210 1.2232268 1.2593323 1.8781419 1.2522401 1.2522401 1.3221736 1.5654133 1.3274809 1.4580539 1.5265034 1.8759867 2.7963631 1.5554420 2.4354700 1.7058908 1.7128985 0.7373085 1.6772319 
Adig_XM_015914243.1                                1.2831810 1.4980395 1.2120209 1.0549450 0.9854069 1.1415118 1.0903225 1.3275635 1.3117356 1.4097229 1.0488614 1.3584285 1.1620737 1.3842381 0.6163648 0.7737102 0.7737102 0.7684210 0.6709967 0.7108821 0.7454808 0.7454808 0.7038529 0.1435370 0.0776161 0.0000000 0.1993674 0.2344455 0.2537733 0.5063616 0.6634120 0.9235826 1.1297153 0.9298562 0.9244380 0.8292300 0.7940860 0.6922746 0.7144785 0.7393707 0.6777224 0.8956923 1.0297505 0.9403663 0.8242952 0.7722133 1.0616208 1.0494360 1.0275378 1.1468827 1.0988513 1.0988513 1.2987391 0.9575339 1.1398627 1.3798480 1.2431500 1.2431500 0.7999481 0.8333247 0.8049377 0.7587396 0.8598472 1.1542433 1.1542433 0.9464579 0.9566925 1.1110567 1.1418245 0.6962503 0.9159012 0.8387252 1.4532527 0.9296121 0.9296121 1.2336267 1.2526776 0.9299848 0.8454770 0.8089825 1.5384852 3.5981946 1.1559923 5.3730300 1.3391360 1.3391360 0.9392769 1.0639224 
Fspp_ffun1.m4.21673.m1                             1.7982448 2.0653733 1.1846999 1.0654450 1.4705510 1.3799805 1.3718928 1.5929749 1.7856394 1.8081002 1.5991015 1.6588834 1.6704901 1.5007900 1.0590412 0.9315651 0.9315651 1.0190817 0.7248829 0.9458720 0.7063795 0.7063795 1.0038747 0.3085415 0.3998480 0.1993674 0.0000000 0.2485259 0.3032595 0.4181407 0.6424750 0.6932156 1.2577285 1.1150199 1.1110815 0.8824730 0.9772264 1.0486286 0.6516326 1.0805725 0.9470781 1.1725210 1.6227590 1.1963320 1.2467245 0.9005897 1.5397887 1.5511873 1.5134224 1.2715924 0.9945350 0.9945350 1.6165606 1.0599785 1.1369073 1.5023878 1.5059200 1.5059200 1.2548394 1.1264323 1.1164596 1.3521942 1.4042526 1.6949269 1.4051691 1.2119854 1.2125410 1.7295988 1.6731622 1.0185336 1.1344477 1.1787605 1.7113689 1.1232630 1.1232630 1.3359066 1.4845524 1.1218284 1.3717862 1.4896883 1.7557501 2.5576766 1.4794910 2.1893005 1.6276949 1.7663686 0.5429867 1.5805595 
Pocdam_XM_027184484.1                              1.7964842 1.8257408 1.1364250 1.0417611 1.4387398 1.3763328 1.3408482 1.5844268 1.8197658 1.7743808 1.4167749 1.7274626 1.5453780 1.5037601 1.0074579 0.9035657 0.9035657 0.9694190 0.7120470 0.9366980 0.7667688 0.7667688 1.1006591 0.3218610 0.4197190 0.2344455 0.2485259 0.0000000 0.1091247 0.4037739 0.5775146 0.6430837 1.2070132 1.0864915 1.0792067 0.9015559 0.9482741 1.1025037 0.7137508 1.0421523 0.9416070 1.2451642 1.7226215 1.1153718 1.1530056 0.9049250 1.4193951 1.4461923 1.3905871 1.3570254 1.1076130 1.1076130 1.5808346 1.0662453 1.1631635 1.5499272 1.4326986 1.4326986 1.2279367 1.1747200 1.1904857 1.3827453 1.4367995 1.7831474 1.4912939 1.2529358 1.2605791 1.7348516 1.6638964 0.9799701 1.1846266 1.1914756 1.7398406 1.0714445 1.0714445 1.2318048 1.5073986 1.1660954 1.2477280 1.4034448 1.8778002 2.7405836 1.4729086 2.1683516 1.6136879 1.6986964 0.6509156 1.6124908 
Spis_XP_022799724_1                                1.9213653 1.9426336 1.0928544 0.9957128 1.3858389 1.3889521 1.3898212 1.5989987 1.8434147 1.8812928 1.4967203 1.8198124 1.6680163 1.6161639 1.0130056 0.8800114 0.8800114 1.0235867 0.7489350 1.0045964 0.7746624 0.7746624 1.0840653 0.3521442 0.4578461 0.2537733 0.3032595 0.1091247 0.0000000 0.4310817 0.6012198 0.6430837 1.2354974 1.1060309 1.1034502 0.9290264 0.9346105 1.1192231 0.7338407 1.0858180 0.9701167 1.2294739 1.7175538 1.0892662 1.1920733 0.9160399 1.4392969 1.4506251 1.3944086 1.3994379 1.1392074 1.1392074 1.6856925 1.1060400 1.1762824 1.6429768 1.5278052 1.5278052 1.2979119 1.1715634 1.1871920 1.5061267 1.5065555 1.7542815 1.4665584 1.2741060 1.2824236 1.8341409 1.7787854 1.0432854 1.2500390 1.2316127 1.9007520 1.2139687 1.2139687 1.2310330 1.5363924 1.1896727 1.3688565 1.3843913 1.7613349 2.5794387 1.4466580 2.4061249 1.7691633 1.7838493 0.6849183 1.6168965 
Exapal_XM_021047858.2                              1.1203498 1.2619939 1.2637957 1.1644161 0.9137850 0.9334597 0.9381079 1.1162122 1.1097745 1.2140899 0.9308401 1.1626405 1.0429209 0.9189311 0.6111927 0.5620143 0.5620143 0.6138252 0.6471436 0.6550981 0.7050378 0.7050378 0.7458660 0.4175672 0.5195230 0.5063616 0.4181407 0.4037739 0.4310817 0.0000000 0.2603714 0.3467074 0.8917789 0.5935368 0.6008847 0.8133972 0.6921465 0.7638532 0.7706943 0.7625099 0.6561548 0.8163624 1.0460153 0.7621552 0.8109426 0.6840566 1.0657613 1.1042823 1.1014514 1.1608200 1.1734444 1.1734444 1.1567499 0.9490938 1.1104179 1.1215831 1.0855952 1.0855952 0.7985099 0.7867918 0.7925679 0.8292729 0.8275627 1.3486704 1.3587532 1.1584178 1.1694880 1.3649346 1.3806261 0.6542351 0.8324736 0.6875351 1.2774449 0.7440143 0.7440143 0.8907396 0.9397997 0.7730156 0.6673114 1.1333798 1.3257794 2.5137162 1.1021109 1.5846180 1.2330280 1.3741039 1.0030533 1.4977923 
Nvec_v1g177136                                     1.6519640 1.7500311 1.1645569 1.1447498 1.4164983 1.2612430 1.1770810 1.4188869 1.5442741 1.4865017 1.4341146 1.5472084 1.5778784 1.5220790 1.1186434 0.7687270 0.7687270 0.7941576 0.7324703 0.8443593 0.8198032 0.8198032 0.8626418 0.6829425 0.8306931 0.6634120 0.6424750 0.5775146 0.6012198 0.2603714 0.0000000 0.0000010 1.1390967 0.8210934 0.8256198 0.9549243 0.8072343 0.9576660 0.7408275 0.9979293 0.8924494 1.0420924 1.3009289 1.0236280 1.1562624 0.9435426 1.2438016 1.1954222 1.2040224 1.2085450 1.0439610 1.0439610 1.2246383 0.8328974 1.0589283 1.3236913 1.2377773 1.2377773 1.1719329 1.2033896 1.2138998 1.2218068 1.2834002 1.4145646 1.2979834 1.1393083 1.1444902 1.4379522 1.3537917 0.9207147 1.0783823 0.9334325 1.5631103 1.0127023 1.0127023 1.1233294 1.2775521 1.2576759 1.2249963 1.5464271 1.4933785 2.3597914 1.5004250 2.1848961 1.5696536 1.8191808 1.0772447 1.7174883 
Nvec_v1g155723                                     1.4446367 1.3931302 1.1117860 1.4361363 1.3254222 1.2516816 1.1994021 1.5801804 1.4507889 1.3353453 1.4059015 1.4917090 1.6713974 0.0000010 0.9069371 0.6813521 0.6813521 0.7469151 0.7362177 0.8463750 0.7959317 0.7959317 0.8173302 0.8084811 0.9235826 0.9235826 0.6932156 0.6430837 0.6430837 0.3467074 0.0000010 0.0000000 0.4836453 0.5681796 0.5681796 0.6336097 0.6433088 0.7934952 0.8449953 1.1704721 0.8194706 1.0376892 0.7920495 1.0094643 1.0548879 0.9770665 0.8134551 0.9448424 0.9610256 0.9233469 0.9886567 0.9886567 1.0020894 0.7753801 1.2679487 0.8524620 1.0726803 1.0726803 0.8501129 0.9264860 0.9002043 0.9522183 0.8098033 0.9632169 0.9632169 0.8897800 0.8897800 0.8681327 0.8215386 0.7383909 0.8673337 0.9457055 1.1566430 0.8482744 0.8482744 1.1486980 0.9234017 0.0000010 0.9735655 1.1053601 0.5740807 3.0333043 1.0544233 9.0000000 1.1563306 1.1563306 6.1644586 1.2431821 
Hsap_ENST00000448413                               1.9358855 1.6200949 1.2907670 1.2688056 1.5699657 1.4193535 1.4244681 1.5374964 1.5861185 1.8360787 1.4829257 2.0815507 1.7621987 1.3455350 1.1237403 1.1313613 1.1313613 1.1441180 0.8972880 1.1142302 1.0244184 1.0244184 1.2390653 1.3102013 1.3488280 1.1297153 1.2577285 1.2070132 1.2354974 0.8917789 1.1390967 0.4836453 0.0000000 1.1360193 1.1492209 1.0821274 1.1142759 1.1678159 0.8788543 1.1940014 1.1584737 1.1511719 1.4460185 1.1040977 1.2480582 1.1904372 1.6033986 1.6102698 1.5929694 1.5586809 1.2837170 1.2837170 1.5313051 1.3020828 1.2588946 1.6475163 1.4957093 1.4957093 1.4544998 1.4605266 1.4890589 1.4506882 1.4154019 1.7701471 1.5165092 1.3783056 1.3894914 1.5192936 1.4956220 1.5867796 1.4022496 1.3324950 1.8102710 1.5159012 1.5159012 1.4559892 1.6344781 1.4831090 1.1900343 1.5461081 1.7548274 2.5535534 1.4192012 1.7427255 1.4246932 1.7275503 2.3141910 2.1808957 
Spur_XM_030972365.1                                1.7261863 1.6422268 0.9251440 0.9801405 1.5738466 1.1978465 1.3061940 1.4928370 1.5073884 1.6182348 1.4779191 1.8341692 1.7833528 1.7727361 1.0870352 0.8150691 0.8150691 0.9631825 0.6785708 0.8876126 0.6905572 0.6905572 0.9922738 1.0783687 1.2716467 0.9298562 1.1150199 1.0864915 1.1060309 0.5935368 0.8210934 0.5681796 1.1360193 0.0000000 0.0089044 0.8784476 0.9309369 1.1912386 0.7075160 1.2352639 0.9331905 1.1346731 1.7160964 1.0687449 1.3073667 0.9574464 1.4464719 1.3977855 1.3640896 1.5487119 1.1433592 1.1433592 1.6562763 0.9342147 1.0958520 1.7315776 1.5480685 1.5480685 1.3388256 1.3222403 1.3217609 1.4311993 1.3887419 1.4019236 1.1648036 1.0403386 1.0554554 1.5166460 1.5061172 1.1287552 1.0907136 1.1903284 1.7548103 1.3202297 1.3202297 1.0810543 1.4576540 1.6435149 1.3493456 1.6125144 1.8169788 2.6783338 1.4454552 2.5141975 1.8138445 2.0107320 1.6687806 1.6795110 
Spur_XM_777880.5                                   1.7320941 1.6388384 0.9190431 0.9587703 1.5725916 1.1861621 1.2884119 1.4837346 1.5193058 1.6283736 1.5014496 1.8110242 1.7888483 1.7560595 1.0795797 0.8199111 0.8199111 0.9571600 0.6771420 0.8735753 0.6793516 0.6793516 0.9810314 1.0639988 1.2755877 0.9244380 1.1110815 1.0792067 1.1034502 0.6008847 0.8256198 0.5681796 1.1492209 0.0089044 0.0000000 0.8680387 0.9217282 1.1953287 0.7125980 1.2328802 0.9438413 1.1402951 1.7330932 1.0547746 1.2951916 0.9454775 1.4446279 1.3959758 1.3623018 1.5474072 1.1535309 1.1535309 1.6538094 0.9289741 1.0923624 1.7064252 1.5455607 1.5455607 1.3181343 1.3165698 1.3160798 1.4277978 1.3615951 1.4180616 1.1800568 1.0542929 1.0699631 1.5367487 1.5262264 1.1161293 1.0803564 1.1832213 1.7832427 1.2895889 1.2895889 1.0729077 1.4616166 1.6660533 1.3488191 1.5946193 1.8012575 2.6506733 1.4479995 2.4930998 1.8012801 2.0041232 1.6547293 1.6884423 
Dpul_mRNA202                                       1.3520459 1.4203038 0.8932367 1.0195825 1.1306216 1.0568387 1.0336099 1.1246016 1.2180380 1.2806056 1.1896501 1.4220621 1.2991312 1.4876411 0.8743124 0.9709092 0.9709092 0.9777704 0.9977021 0.9803171 0.8693910 0.8693910 0.9768409 0.9794253 1.0767667 0.8292300 0.8824730 0.9015559 0.9290264 0.8133972 0.9549243 0.6336097 1.0821274 0.8784476 0.8680387 0.0000000 0.8463542 0.9195328 0.8563603 0.9635971 0.6898985 0.8254584 1.1562930 0.9750791 0.9126795 0.9096798 1.3061736 1.2787311 1.2718733 1.2581491 1.2755608 1.2755608 1.2951067 1.1446779 1.2011905 1.4091192 1.2114776 1.2114776 0.8414925 0.8110350 0.8167030 0.9784766 0.8541885 1.3174834 1.3319826 1.1016105 1.1350243 1.2214196 1.2315470 0.9656186 0.9887803 0.8547288 1.4894695 0.9538565 0.9538565 1.2611837 1.0921122 1.3061493 0.7504570 0.9710435 1.3128682 2.2252516 1.1404766 1.5980280 1.2799937 1.5949820 1.4855743 1.6469796 
Acagra_model.g7585.t1                              1.7888891 1.5617502 0.9428618 0.8554353 1.4083686 1.1415167 1.1874518 1.2578569 1.3046697 1.4225371 1.3003733 1.6527727 1.6320074 1.4306273 0.9688823 0.8685037 0.8685037 0.8473013 0.5931806 0.8056421 0.7096119 0.7096119 0.8274163 0.9250472 1.0866004 0.7940860 0.9772264 0.9482741 0.9346105 0.6921465 0.8072343 0.6433088 1.1142759 0.9309369 0.9217282 0.8463542 0.0000000 1.0979236 0.7389176 1.1416163 0.7530555 0.9868887 1.4483524 0.9485764 1.1688144 0.8773743 1.5414698 1.4540472 1.4705196 1.4309532 1.1492790 1.1492790 1.5191674 0.9828715 1.1173340 1.6081686 1.5388231 1.5388231 1.3505573 1.2903836 1.2980370 1.4188028 1.4374076 1.3370827 1.1840972 1.0355282 1.0434744 1.4612597 1.4221708 1.0954246 0.7479335 1.1635369 1.6365103 1.2268510 1.2268510 0.8524807 1.3415189 1.0038169 1.1954191 1.3089710 1.7045929 2.5321804 1.3519950 2.0258024 1.5083043 1.7457871 1.5334038 1.6885234 
Xesp_015041-T1                                     1.7004188 1.7250945 1.0752682 1.1134506 1.5731965 1.3895949 1.5565697 1.6765505 1.7179914 1.7573006 1.5354826 1.9529381 1.6212508 1.7312226 1.0908342 1.1339169 1.1339169 1.1894436 0.9761283 1.0932489 0.9641363 0.9641363 1.0388350 1.1123960 1.0946098 0.6922746 1.0486286 1.1025037 1.1192231 0.7638532 0.9576660 0.7934952 1.1678159 1.1912386 1.1953287 0.9195328 1.0979236 0.0000000 0.0389988 0.5568069 0.8798052 1.0189919 1.5238821 1.0927793 1.2060518 1.1584287 1.8665527 1.7863738 1.8394357 1.5569600 1.1515827 1.1515827 1.6366807 1.1215102 1.2791214 1.8012372 1.6222797 1.6222797 1.3650348 1.3388577 1.3600236 1.2427335 1.4634776 1.5393874 1.2621899 1.1127594 1.1138213 1.6551479 1.5967355 1.1564011 1.3337490 1.2001563 1.9639989 1.5145180 1.5145180 1.4293268 1.3755570 1.6123482 1.4515865 1.4508073 1.8975590 2.7202209 1.6492728 2.4319538 1.7408687 1.9603971 1.6981785 0.8847659 
Xesp_015044-T1                                     1.1493152 1.2740338 1.1181894 1.1257996 1.0982989 0.9543428 1.0441673 1.1746389 1.2362082 1.2702220 0.9927801 1.3106443 1.1685937 1.2385906 0.7291262 0.7234304 0.7234304 0.7879622 0.8023992 0.7729565 0.8119859 0.8119859 0.7136705 0.6749165 0.7062334 0.7144785 0.6516326 0.7137508 0.7338407 0.7706943 0.7408275 0.8449953 0.8788543 0.7075160 0.7125980 0.8563603 0.7389176 0.0389988 0.0000000 0.2999392 0.5604776 0.6410391 1.0218355 0.7333000 0.7966690 0.7955910 1.3653037 1.3030712 1.3324653 1.1470653 1.1708852 1.1708852 1.2610767 1.1633701 1.2612209 1.3421828 1.3076276 1.3076276 0.8929908 0.8698059 0.8837266 0.8413160 0.8619737 1.1690467 1.1773493 1.0736313 1.0738597 1.2392126 1.2492630 0.7808799 0.8662448 0.7606968 1.3179038 0.9608336 0.9608336 1.0041152 0.8293898 0.8869282 0.7787542 0.9802743 1.4128661 2.3204064 1.2139106 1.8440168 1.3333477 1.4316113 1.2317136 0.6395136 
Dgig_XM_028541628.1                                1.7331975 1.8052135 1.3227857 1.1886031 1.6528932 1.4447142 1.6180533 1.6341855 1.7248036 1.8024464 1.5473078 1.8277686 1.6606251 1.5932808 1.0708885 1.0776023 1.0776023 1.1315783 1.0295214 1.1641911 1.0202129 1.0202129 1.1949474 1.0495643 1.0559409 0.7393707 1.0805725 1.0421523 1.0858180 0.7625099 0.9979293 1.1704721 1.1940014 1.2352639 1.2328802 0.9635971 1.1416163 0.5568069 0.2999392 0.0000000 0.8924252 1.0218138 1.5045202 1.1163944 1.3107619 1.1272494 1.7839600 1.7647470 1.7485237 1.6405349 1.3325805 1.3325805 1.5853429 1.2523147 1.3235378 1.7937329 1.5890903 1.5890903 1.4599020 1.3223545 1.3495360 1.3337514 1.5446732 1.5708271 1.2889548 1.1921167 1.1990961 1.7239782 1.7240940 1.2220640 1.3642022 1.0931018 1.7870788 1.4264004 1.4264004 1.4765754 1.3815843 1.6015105 1.3231182 1.4355760 1.7961088 2.3951451 1.6457246 2.6960632 1.9900544 1.9478936 1.8222254 1.3157893 
Cscu_XM_023388503.1                                1.5395194 1.6461289 0.8790824 0.7904375 1.3372848 1.0833325 1.2744775 1.3059625 1.4672739 1.4097598 1.2274267 1.6284663 1.5756794 1.7372228 0.9568528 0.9522231 0.9522231 0.9823254 0.8018819 0.9486271 0.8844814 0.8844814 1.0002300 0.9660334 1.0206112 0.6777224 0.9470781 0.9416070 0.9701167 0.6561548 0.8924494 0.8194706 1.1584737 0.9331905 0.9438413 0.6898985 0.7530555 0.8798052 0.5604776 0.8924252 0.0000000 0.9765330 1.3015393 0.9292356 0.9536311 0.8762517 1.3339356 1.3182196 1.3174540 1.2948215 1.0150766 1.0150766 1.3439041 1.0410834 1.0254195 1.6507514 1.3934085 1.3934085 1.0568566 1.0953683 1.1029780 1.1355151 1.1692935 1.4319528 1.1403656 1.0515668 1.0523213 1.6206452 1.6404732 1.0573784 0.8744274 0.8848709 1.6154362 1.3219123 1.3219123 1.0345784 1.2280069 1.2587717 1.2612864 1.0182804 1.5701986 2.2984174 1.4438117 2.1839809 1.6119186 1.8140982 1.6753707 1.4295499 
Tetwil_g22922.t1                                   1.8043502 1.5264486 1.0213128 0.9010927 1.3433257 1.1121254 1.2733069 1.1939285 1.2829687 1.4396503 1.1650527 1.5090482 1.6357623 1.4068709 0.7988502 0.9463029 0.9463029 1.0000491 0.8264586 0.9445024 0.8762423 0.8762423 0.9514837 1.2917446 1.3740095 0.8956923 1.1725210 1.2451642 1.2294739 0.8163624 1.0420924 1.0376892 1.1511719 1.1346731 1.1402951 0.8254584 0.9868887 1.0189919 0.6410391 1.0218138 0.9765330 0.0000000 0.6496150 0.7396152 0.8448162 0.9531015 1.3192259 1.2221139 1.2730977 1.4344424 1.1080300 1.1080300 1.2515061 1.0913523 0.9658955 1.4129502 1.2548081 1.2548081 1.2252498 1.0447338 1.0598841 1.2278432 1.1968809 1.5266652 1.2693690 1.1509568 1.1500658 1.5970595 1.5650060 1.3048113 1.0756504 1.0904798 1.6608959 1.1632664 1.1632664 1.3320985 1.3079291 1.2467564 0.8113098 1.4307865 1.5111220 2.1111606 1.4166650 2.3267679 1.6476930 1.6955726 1.7396692 1.5421343 
