90
HoiH06_mRNA9375                                                  0.0000000 0.0429217 0.0473066 0.0293831 0.0640448 0.0694058 0.0466253 0.9562752 0.5879048 0.8936167 0.7936193 0.8360806 1.0431078 0.9765544 0.5634868 0.5345230 0.4974450 0.6125294 0.6294688 0.5567084 0.5635492 0.5681333 0.4904840 0.5872215 0.6036878 0.5699701 0.6003267 0.6264436 0.5834889 0.7561462 0.6520618 0.5574973 0.6391761 0.6397666 0.4816066 0.5942835 0.5710770 0.6228912 0.6228912 0.5626032 0.7803830 0.6346361 0.6048907 0.5826335 0.7088106 0.7065196 0.6951645 0.6776837 0.6986383 0.6727486 0.7672064 0.8122278 0.8949676 0.8804239 0.8819762 0.8994738 0.9281606 0.8766528 1.0523454 1.0004828 0.8011781 0.9572674 0.9572674 0.9417861 0.9707351 0.9315583 0.9813488 0.9874848 0.9765495 0.9595362 0.9791678 1.0261004 0.9912360 0.9808952 0.9912360 0.9732769 0.9556388 1.2335557 1.0372162 1.3318761 1.4753424 2.3393400 1.7156858 1.2993545 1.3607887 1.1311168 1.2400418 2.3729083 2.7550824 2.7819851 
Hhon_g10480.t1                                                   0.0429217 0.0000000 0.0041416 0.0481357 0.0590195 0.0605390 0.0662235 0.9587089 0.5719249 0.9239121 0.7885221 0.8267377 1.0543795 0.9829373 0.5691672 0.5711587 0.5124056 0.6162496 0.6420114 0.5743493 0.5631507 0.5691839 0.5045732 0.6055108 0.6272909 0.5862103 0.6024979 0.6369381 0.5986171 0.7762791 0.6686169 0.5699287 0.6534830 0.6430940 0.4854209 0.6257992 0.5890866 0.6495077 0.6495077 0.5945562 0.7861552 0.6429923 0.6185937 0.5860610 0.7143475 0.7369596 0.7183008 0.6959607 0.7206219 0.6958017 0.7746254 0.8156337 0.9335369 0.8943258 0.8818842 0.9120045 0.9130931 0.8835631 1.0190148 0.9826747 0.8255644 0.9574335 0.9574335 0.9575415 0.9770062 0.9375549 0.9727381 0.9916893 0.9804324 0.9658022 0.9996991 1.0632770 1.0283897 1.0177379 1.0283897 1.0119189 0.9865233 1.2489259 1.0497208 1.3155676 1.4580878 2.3682447 1.7424227 1.2537358 1.4305450 1.1865735 1.3073346 2.3841093 2.8447556 2.8547046 
HoiH04_mRNA14486                                                 0.0473066 0.0041416 0.0000000 0.0526093 0.0640728 0.0649825 0.0707648 0.9680218 0.5719249 0.9332030 0.7970435 0.8175152 1.0643895 0.9926263 0.5770905 0.5790175 0.5124056 0.6240347 0.6564427 0.5820010 0.5707666 0.5768575 0.5123171 0.6132925 0.6372341 0.5937993 0.6102459 0.6449915 0.6064665 0.7848125 0.6765797 0.5699287 0.6613622 0.6367383 0.4854209 0.6339092 0.5971957 0.6575672 0.6575672 0.6025091 0.7773613 0.6509063 0.6265619 0.5939005 0.7139514 0.7365481 0.7162341 0.6932890 0.7184898 0.6931805 0.7833619 0.8152081 0.9330932 0.8938916 0.8910071 0.9214049 0.9220380 0.8856999 1.0212894 0.9726657 0.8343725 0.9679461 0.9679461 0.9570267 0.9764875 0.9375549 0.9727381 0.9916893 0.9799196 0.9652863 0.9991774 1.0632770 1.0278647 1.0172127 1.0278647 1.0113931 0.9865233 1.2464155 1.0733952 1.3150634 1.4448986 2.3180999 1.7385329 1.2537358 1.4293593 1.1859659 1.3494457 2.5086313 2.8447556 2.8485046 
HoiH23_PlH23_010983-RA                                           0.0293831 0.0481357 0.0526093 0.0000000 0.0643654 0.0652431 0.0423837 0.9355150 0.5865100 0.9080077 0.7812887 0.8223173 1.0331357 0.9625952 0.5727336 0.5395824 0.5434742 0.6426337 0.6379117 0.5740639 0.5778452 0.5837033 0.5044007 0.6051717 0.6192951 0.5862188 0.6132119 0.6338113 0.5957765 0.7549539 0.6551146 0.5556055 0.6604483 0.6655550 0.4935602 0.6073614 0.5737238 0.6349842 0.6349842 0.5769203 0.8052974 0.6516462 0.6237803 0.5869161 0.7102254 0.7108511 0.7306198 0.7037905 0.7154370 0.6897221 0.7866443 0.8058542 0.8958250 0.8870828 0.8765798 0.9064441 0.9440180 0.8942041 1.0638457 0.9852554 0.8156239 0.9683638 0.9683638 0.9504390 0.9842406 0.9455332 1.0001696 0.9964121 0.9850566 0.9699694 0.9890595 1.0613079 1.0160675 1.0055692 1.0160675 0.9978569 0.9518235 1.2050083 1.0533696 1.3345666 1.4904546 2.3310150 1.7586101 1.2166533 1.3705238 1.1347800 1.2400418 2.3729083 2.8425325 2.9138261 
Tadh_TriadT50081                                                 0.0640448 0.0590195 0.0640728 0.0643654 0.0000000 0.0000010 0.0643822 0.7357943 0.6191864 0.7808494 0.6761183 0.7750246 0.9043877 0.9304493 0.5939008 0.5699515 0.5915901 0.5738091 0.6127618 0.5165763 0.5045105 0.5101849 0.5387638 0.5243550 0.5232803 0.5116749 0.5308508 0.5630136 0.5419821 0.6482220 0.6059499 0.5795426 0.5743880 0.5747403 0.5220293 0.5363810 0.5487897 0.5572406 0.5572406 0.5164693 0.6501047 0.5691025 0.5932634 0.5554597 0.5922480 0.6158928 0.6899408 0.6657293 0.6705082 0.6563025 0.6670797 0.6641942 0.7525764 0.7339647 0.7849630 0.7849630 0.8350207 0.8614783 0.9792226 0.8371613 0.7335407 0.9746908 0.9746908 0.9577060 0.9774951 0.9721299 1.0221159 1.0268711 1.0048889 0.9689652 0.9979773 1.0740455 1.0064844 0.9957641 1.0064844 0.9822331 1.0247081 1.0503244 0.7125670 1.2860713 1.3193498 1.8893866 1.4829989 1.2129453 0.8793575 0.9361176 1.2140328 1.9894993 2.6145642 1.8612908 
TrH2_TrispH2_002215-RA                                           0.0694058 0.0605390 0.0649825 0.0652431 0.0000010 0.0000000 0.0744893 0.9815178 0.6191864 0.9283735 0.8080404 0.8591560 1.0855975 1.0134614 0.6191453 0.6112124 0.5915901 0.6807531 0.6290594 0.6130827 0.6036099 0.6099884 0.5407473 0.6451512 0.6610580 0.6230544 0.6391711 0.6849242 0.6477971 0.8359162 0.6856245 0.5795426 0.6536697 0.6799856 0.5220293 0.6776589 0.6376498 0.6843953 0.6843953 0.6205250 0.8188456 0.7117793 0.6696481 0.6466597 0.7663922 0.7852461 0.7652931 0.7518016 0.7739693 0.7505335 0.8370861 0.8202750 0.9489191 0.9180168 0.9107814 0.9447674 0.9688895 0.9618828 1.1115922 0.9994678 0.8623581 1.0015264 1.0015264 0.9838086 1.0141046 0.9721299 1.0221159 1.0380813 1.0294729 0.9797015 1.0213626 1.0740455 1.0399486 1.0293288 1.0399486 1.0235387 1.0247081 1.2107489 1.0460491 1.3649465 1.5050149 2.3734334 1.7501449 1.2129453 1.4443213 1.2025276 1.3585145 2.4170918 2.8054139 2.8441532 
HoiH11_mRNA8958                                                  0.0466253 0.0662235 0.0707648 0.0423837 0.0643822 0.0744893 0.0000000 0.9572851 0.6380698 0.8974836 0.8214563 0.8459692 1.0514780 0.9790652 0.5700906 0.5339520 0.5386725 0.6409258 0.6432134 0.5749448 0.5771911 0.5830280 0.5051614 0.6060251 0.6264512 0.5638340 0.5994631 0.6322019 0.5981341 0.7587935 0.6441386 0.5443604 0.6527101 0.6684564 0.4811875 0.6008896 0.5810442 0.6337172 0.6337172 0.5763321 0.7994628 0.6627832 0.6244077 0.6077874 0.7439235 0.7279092 0.7247122 0.6969562 0.7177558 0.6923673 0.7984255 0.8463078 0.9432436 0.9300654 0.8708721 0.9002741 0.9346410 0.9315852 1.0804144 1.0079120 0.8342835 0.9615557 0.9615557 0.9621864 1.0039270 0.9662986 0.9969391 0.9952296 0.9839275 0.9530645 0.9867853 1.0497948 1.0092582 0.9988246 1.0092582 0.9972752 0.9653824 1.2525306 1.0284666 1.3317735 1.4794067 2.4002508 1.7576711 1.2063880 1.3736426 1.1515828 1.3481242 2.4009069 2.7620863 2.7818569 
Salurc_EP00051_Salpingoeca_urceolata_P027889                     0.9562752 0.9587089 0.9680218 0.9355150 0.7357943 0.9815178 0.9572851 0.0000000 0.3419389 0.4954113 0.4531681 0.5085777 0.5774722 0.5378871 0.6236254 0.6060759 0.4821698 0.8210836 0.5395116 0.6570618 0.6299913 0.6364036 0.4643597 0.6729446 0.6932655 0.6131184 0.6018023 0.6868109 0.6958792 0.7534285 0.7324853 0.5197535 0.7340202 0.7149684 0.4498970 0.6995720 0.6576437 0.7629426 0.7629426 0.5909118 0.8510753 0.7400472 0.7579362 0.6792492 0.8655995 0.8451845 0.7620210 0.7444083 0.7712605 0.7180602 0.8232880 0.9325496 1.0430442 1.0109908 0.6555189 0.6189495 0.6750148 0.5853852 0.8780045 0.5818540 0.5477983 1.0466700 1.0466700 0.9809640 1.0786149 0.9774034 1.0395231 1.0041291 1.1390263 1.0292053 1.1574064 1.1698134 1.0586519 1.1469235 1.0838994 1.1504602 0.9389949 0.9230036 1.0129348 1.3290407 1.4505733 2.4332761 2.1221906 1.3568320 1.6351449 1.3307948 2.3752123 2.6587703 1.9976506 3.0834266 
Salpun_EP00053_Salpingoeca_punica_P008368                        0.5879048 0.5719249 0.5719249 0.5865100 0.6191864 0.6191864 0.6380698 0.3419389 0.0000000 0.4154260 0.2893606 0.4243700 0.4555548 0.4521845 0.5016305 0.3759443 0.4504495 0.4504495 0.5683555 0.3457358 0.3584651 0.3457358 0.3736116 0.3565981 0.3489781 0.3916588 0.3922944 0.3599794 0.3759074 0.4303792 0.4531966 0.4531966 0.4324846 0.3967035 0.4195010 0.4313989 0.4234743 0.4620782 0.4620782 0.4096975 0.4966557 0.4106026 0.4341740 0.3250531 0.3736820 0.4393185 0.4741065 0.4598259 0.4806597 0.4439083 0.4712614 0.6217744 0.6238407 0.5983252 0.3926443 0.3926443 0.4787947 0.4550074 0.6155867 0.4715011 0.4769473 1.2029025 1.2029025 1.1182708 1.0607293 1.0607293 1.0607293 1.1108155 1.1108155 1.1041409 1.1538344 1.1495623 1.1495623 1.1495623 1.1495623 1.1544591 0.7873265 0.6942192 0.0000010 0.9130842 1.1913215 3.4126162 1.5881013 0.9756511 0.0000010 1.0533847 0.0000010 0.0000010 1.7258959 1.5356734 
Salkve_EP00050_Salpingoeca_kvevrii_P007487                       0.8936167 0.9239121 0.9332030 0.9080077 0.7808494 0.9283735 0.8974836 0.4954113 0.4154260 0.0000000 0.4434946 0.6286462 0.6615121 0.6616041 0.7123913 0.6206536 0.6847752 0.9249636 0.6505027 0.6497937 0.6543199 0.6440640 0.5100109 0.6562228 0.7707303 0.6422225 0.6158949 0.6952081 0.6595945 0.7036822 0.7564175 0.6240801 0.7550806 0.7775922 0.5729147 0.7491449 0.7134014 0.7543167 0.7543167 0.6243085 0.7982947 0.7210085 0.6962272 0.6512258 0.8595185 0.8526961 0.9776882 0.9786802 0.9281932 0.9908140 0.8262827 0.9634295 0.9331948 0.9346624 0.6063120 0.5988121 0.6475419 0.7243749 0.9486794 0.7265399 0.6217521 1.1646326 1.1646326 1.1886640 1.1722733 1.0896452 1.1874092 1.1043225 1.1951136 1.0793925 1.2451371 1.3234794 1.2250283 1.2211206 1.2222483 1.2345298 1.1407450 0.8799523 0.7651399 1.1884228 1.3719443 2.2609153 1.8037575 1.7967827 1.2810697 1.2383567 1.0924839 2.8610649 2.9212241 2.7222001 
Saldol_EP00054_Salpingoeca_dolichothecata_P014782                0.7936193 0.7885221 0.7970435 0.7812887 0.6761183 0.8080404 0.8214563 0.4531681 0.2893606 0.4434946 0.0000000 0.3890920 0.5785795 0.5056566 0.6797755 0.6018690 0.4841485 0.7460821 0.4920824 0.5582139 0.5672352 0.5579328 0.4238050 0.5885691 0.5869676 0.5173725 0.5456716 0.6578782 0.6261591 0.6638711 0.6912539 0.5309916 0.7187304 0.6587585 0.4514386 0.6556835 0.5704507 0.7259229 0.7259229 0.5690331 0.8152064 0.6551589 0.6867643 0.6209535 0.8535139 0.8256871 0.9051170 0.8636234 0.8613855 0.8968374 0.8664107 0.7480109 0.8171978 0.8284166 0.5809623 0.5797894 0.5467357 0.5533876 0.8491756 0.5568400 0.5442044 1.1095922 1.1095922 1.0902310 1.0543833 0.9106749 0.9950798 1.0337216 1.2111102 1.0023033 1.1861584 1.2099413 1.1651621 1.2307135 1.1934632 1.2075952 0.8883901 0.8024800 0.5944903 1.3348587 1.2774613 2.1369494 1.7853906 1.5408920 1.4202208 1.2261228 1.6467512 2.6909944 2.6287068 3.3160611 
Didcos_EP00039_Didymoeca_costata_P010961                         0.8360806 0.8267377 0.8175152 0.8223173 0.7750246 0.8591560 0.8459692 0.5085777 0.4243700 0.6286462 0.3890920 0.0000000 0.6511948 0.5917419 0.8450280 0.7498547 0.5639987 0.7984076 0.6858699 0.7470612 0.7454832 0.7341289 0.5711317 0.7807375 0.7733957 0.7501357 0.7255973 0.7099812 0.6800144 0.7622832 0.7613940 0.6090674 0.7706774 0.7949222 0.5608555 0.7762013 0.7592449 0.7886238 0.7886238 0.6723159 0.8313801 0.7721376 0.7962971 0.7300676 0.8266944 0.8383972 0.8615694 0.8406142 0.8167211 0.7866222 0.8983830 0.8874045 1.0244186 0.9459515 0.6535091 0.6621115 0.5967642 0.5875952 0.9483690 0.5831137 0.5680398 1.2252773 1.2252773 1.1841011 1.1827900 1.0916358 1.0033887 1.2571386 1.3478326 1.2219143 1.3301947 1.2855347 1.2925411 1.3674679 1.3289663 1.3641603 1.0273607 0.9158331 0.8629245 1.1637178 1.2222173 1.9348524 1.9778156 1.5412399 1.9684636 1.4935642 2.5507069 2.7372053 2.9531933 2.7932664 
Acaspe_EP00035_Acanthoeca_spectabilis_P021750                    1.0431078 1.0543795 1.0643895 1.0331357 0.9043877 1.0855975 1.0514780 0.5774722 0.4555548 0.6615121 0.5785795 0.6511948 0.0000000 0.0830861 0.8177909 0.7721247 0.6133437 0.9436560 0.7591687 0.7990400 0.8070582 0.8050377 0.5908381 0.8276301 0.8407713 0.7691219 0.7396600 0.8204897 0.8348591 0.8638783 0.8903705 0.6507231 0.8800927 0.8630992 0.5697924 0.9568140 0.7872359 1.0316662 1.0316662 0.7670910 1.0844553 0.9871292 0.9401056 0.8447806 1.1311817 1.0653560 1.1237623 1.1120223 1.0637042 1.0772057 1.1495461 1.1083903 1.1753240 1.1595451 0.8247937 0.7429938 0.6601025 0.6677463 0.9891939 0.4875806 0.8035106 1.2152036 1.2152036 1.1730491 1.2740144 1.1412348 1.1874131 1.2399273 1.4700212 1.2300463 1.4091485 1.2988304 1.2904741 1.4029431 1.3484294 1.3925540 1.0587117 1.0331680 0.9496369 1.2729526 1.5373305 2.6358688 2.1547038 1.5927110 2.3659952 1.7900939 1.9565521 3.0550130 3.3656612 3.4536414 
Helnan_EP00037_Helgoeca_nana_P016465                             0.9765544 0.9829373 0.9926263 0.9625952 0.9304493 1.0134614 0.9790652 0.5378871 0.4521845 0.6616041 0.5056566 0.5917419 0.0830861 0.0000000 0.7787860 0.7695480 0.5910378 0.8936480 0.7277958 0.7254460 0.7182083 0.7164741 0.5757405 0.7581584 0.7336021 0.7311612 0.7091030 0.7329175 0.7744548 0.7916886 0.8442649 0.6665134 0.8455212 0.7763315 0.5564910 0.9417652 0.7700453 0.9609257 0.9609257 0.7377809 0.9951023 0.9276847 0.9288157 0.8035826 0.9692030 0.9473901 1.0675587 1.0522199 1.0670408 1.0250066 1.0456688 1.0374725 1.0533328 1.0440659 0.6730069 0.6492483 0.6129834 0.6346185 0.9351366 0.4565413 0.7691982 1.2606436 1.2606436 1.2358850 1.3248350 1.1804444 1.1775121 1.2703379 1.5043773 1.2445241 1.4764578 1.2548950 1.2880024 1.4112698 1.3383059 1.3906222 1.0858610 0.8987056 0.8687457 1.3325784 1.4702397 2.3790447 2.0579196 1.5505558 2.2007446 1.7080967 2.0452818 3.2235123 2.7954270 2.9644307 
Tcas_TC013743_001                                                0.5634868 0.5691672 0.5770905 0.5727336 0.5939008 0.6191453 0.5700906 0.6236254 0.5016305 0.7123913 0.6797755 0.8450280 0.8177909 0.7787860 0.0000000 0.3345599 0.3835818 0.3942422 0.5264122 0.3735328 0.3697050 0.3735328 0.3166012 0.3871487 0.4630157 0.3782819 0.3886147 0.4089750 0.4034243 0.3401538 0.4406279 0.3797106 0.4406684 0.4347777 0.3560071 0.3662078 0.3284323 0.3761171 0.3761171 0.3779184 0.4726391 0.3337424 0.3441517 0.2724836 0.3880110 0.3841837 0.6218673 0.6019044 0.6222981 0.5725733 0.5340995 0.4641770 0.5258022 0.4965241 0.7610250 0.7467665 0.7706414 0.8119178 0.9736321 0.8933097 0.6536907 0.8789312 0.8789312 0.8420830 0.8462909 0.8041158 0.9739431 0.8748030 0.8906930 0.8593123 0.8843991 1.0740913 0.9211638 0.9115272 0.9275773 0.9075551 0.7762750 0.8962214 0.7652815 1.2731174 1.2261161 1.8970532 1.6016219 1.4528690 0.5578715 0.6462615 0.5106418 1.8476195 2.7066298 2.5145988 
Dpul_mRNA2941                                                    0.5345230 0.5711587 0.5790175 0.5395824 0.5699515 0.6112124 0.5339520 0.6060759 0.3759443 0.6206536 0.6018690 0.7498547 0.7721247 0.7695480 0.3345599 0.0000000 0.3453178 0.3964403 0.3310122 0.3116204 0.3083965 0.3156979 0.2607485 0.3189625 0.3928837 0.3190074 0.3168814 0.3569330 0.3401981 0.3136790 0.4167764 0.3149419 0.4014557 0.3978587 0.3219031 0.3058211 0.3192247 0.3506364 0.3506364 0.2787499 0.4203101 0.2920926 0.2986414 0.2380058 0.3962752 0.3803536 0.5373733 0.5406604 0.5185325 0.5147274 0.4929847 0.4354970 0.4637486 0.4449918 0.7550013 0.7371587 0.8218642 0.7842379 1.0959070 0.8477327 0.6628352 0.9093879 0.9093879 0.7993912 0.8050769 0.7543838 0.9108760 0.8473686 0.8945741 0.7896507 0.8029654 0.9494221 0.8313285 0.8220783 0.8419343 0.8232879 0.7483981 1.0837659 0.7729213 1.2820025 1.3009900 2.1923235 1.6129104 1.1300943 0.5611545 0.6701591 0.5951519 1.6828037 2.4943882 2.7576171 
Ocar_g5991                                                       0.4974450 0.5124056 0.5124056 0.5434742 0.5915901 0.5915901 0.5386725 0.4821698 0.4504495 0.6847752 0.4841485 0.5639987 0.6133437 0.5910378 0.3835818 0.3453178 0.0000000 0.0291719 0.3796189 0.2801749 0.2680602 0.2792381 0.2965693 0.2900791 0.2696329 0.2719560 0.2737492 0.2876157 0.2790362 0.3179418 0.3862824 0.3862824 0.3505561 0.3509111 0.3462577 0.2660493 0.2354206 0.2192623 0.2192623 0.2584015 0.4398669 0.2300630 0.3423495 0.2871998 0.3135361 0.3012566 0.3389395 0.3823298 0.3693686 0.3421082 0.2968067 0.5634134 0.6011339 0.5373531 0.6123207 0.6123207 0.6299200 0.5988401 0.6459345 0.6183363 0.6430318 1.0347327 1.0347327 0.9628008 0.9978884 0.9978884 0.9552783 1.0619695 1.0619695 0.9799586 1.0909354 1.0106991 1.0106991 1.0106991 1.0106991 1.0371168 0.6463255 0.7580081 0.5925742 0.9658810 1.1743343 3.7553076 1.4514929 1.1000338 8.5397317 0.9960576 0.0000010 0.0000010 1.5866133 1.5365014 
Opea_EP00118_Oscarella_pearsei_P029176                           0.6125294 0.6162496 0.6240347 0.6426337 0.5738091 0.6807531 0.6409258 0.8210836 0.4504495 0.9249636 0.7460821 0.7984076 0.9436560 0.8936480 0.3942422 0.3964403 0.0291719 0.0000000 0.3541640 0.3804613 0.3594205 0.3672063 0.2866255 0.4014688 0.4426956 0.3848495 0.3979497 0.3970617 0.3806668 0.3735556 0.4373628 0.3440958 0.4534294 0.4201887 0.2972496 0.3475465 0.3067607 0.3375285 0.3375285 0.3121413 0.5554317 0.3158352 0.4520075 0.3274046 0.4960107 0.4827430 0.5580604 0.5604862 0.5491473 0.4986292 0.5202097 0.5920278 0.7438288 0.6477086 0.7767109 0.7690825 0.9387754 0.8666147 1.0183893 0.9074004 0.9066355 0.9172236 0.9172236 0.8368591 0.8640432 0.7971993 0.9344771 0.8896175 0.9975639 0.8305735 0.9982253 1.0110948 0.8858591 0.9521098 0.9155196 0.9748613 0.7508634 1.1609073 1.0457575 1.4941269 1.2877698 2.0697330 1.9058044 1.4807007 1.1960087 1.0641578 1.4420313 2.5410014 3.0321826 3.0496764 
Amil_Amillepora14874-RA                                          0.6294688 0.6420114 0.6564427 0.6379117 0.6127618 0.6290594 0.6432134 0.5395116 0.5683555 0.6505027 0.4920824 0.6858699 0.7591687 0.7277958 0.5264122 0.3310122 0.3796189 0.3541640 0.0000000 0.0625903 0.0814456 0.0718046 0.0911754 0.0717804 0.0499751 0.1228260 0.1559646 0.1725496 0.1993257 0.3504345 0.2937053 0.2743102 0.2774077 0.2528254 0.3556046 0.2877012 0.2749162 0.3129035 0.3129035 0.2899071 0.3721143 0.2951158 0.3481293 0.3206473 0.4655316 0.4503217 0.4661666 0.4949011 0.4768328 0.5184760 0.3867542 0.6278975 0.6399178 0.5960339 0.6757260 0.6757260 0.8038082 0.8186798 1.0980700 0.7742061 0.6652814 1.0059683 1.0059683 0.9643414 0.9011896 0.9485976 1.1645579 1.0326834 0.9910803 1.0730371 0.9840747 1.1908210 0.9740418 0.9740418 0.9740418 0.9924237 0.8720196 1.0235886 0.2027370 1.2195632 1.4406302 1.5626328 1.8583723 0.9425460 0.3779166 1.1224185 0.3941765 1.3459445 1.4948736 2.5256784 
Fspp_ffun1.m4.28491.m1                                           0.5567084 0.5743493 0.5820010 0.5740639 0.5165763 0.6130827 0.5749448 0.6570618 0.3457358 0.6497937 0.5582139 0.7470612 0.7990400 0.7254460 0.3735328 0.3116204 0.2801749 0.3804613 0.0625903 0.0000000 0.0170067 0.0126976 0.0142488 0.0306181 0.0331049 0.1088180 0.1219886 0.1445230 0.1629236 0.3057822 0.2733502 0.1998236 0.2764236 0.3038728 0.2081339 0.3207941 0.2847321 0.3149342 0.3149342 0.2636281 0.3446629 0.3011136 0.3548977 0.2700561 0.4704615 0.4262377 0.4960836 0.4623906 0.4114760 0.4709933 0.5001317 0.4781814 0.5885955 0.5423190 0.7769346 0.7224257 0.7712220 0.7266515 0.9364715 0.8420116 0.6490422 0.7844581 0.7844581 0.7813873 0.7757553 0.7010911 0.8596158 0.7836481 0.8900284 0.7910825 0.8181878 0.9177236 0.8170336 0.8723449 0.8465199 0.8715246 0.6848864 1.0105758 0.9314374 1.2390854 1.3698637 2.3118548 1.5125030 1.2151208 0.7838145 0.8111206 0.7910531 2.0733706 2.5108696 2.6732648 
Spis_XP_022804185_1                                              0.5635492 0.5631507 0.5707666 0.5778452 0.5045105 0.6036099 0.5771911 0.6299913 0.3584651 0.6543199 0.5672352 0.7454832 0.8070582 0.7182083 0.3697050 0.3083965 0.2680602 0.3594205 0.0814456 0.0170067 0.0000000 0.0042178 0.0239336 0.0488588 0.0559105 0.1091734 0.1270040 0.1433627 0.1616794 0.3087380 0.2790390 0.1993538 0.2783936 0.3124829 0.2115236 0.3101871 0.2750733 0.3015321 0.3015321 0.2630309 0.3507572 0.2762230 0.3569628 0.2809854 0.4527084 0.4066992 0.4880530 0.4564590 0.4214031 0.4575117 0.4874935 0.4650502 0.5732401 0.5292896 0.7756332 0.7131511 0.7845382 0.7196065 0.9330420 0.8244297 0.6499081 0.7975800 0.7975800 0.7930192 0.7888448 0.7031072 0.8634029 0.7744515 0.8812691 0.7928694 0.8365773 0.9338763 0.8357274 0.8916591 0.8570122 0.8909863 0.6968269 1.0264103 0.9296582 1.2429690 1.3792746 2.3778598 1.5634988 1.1709545 0.7755084 0.8093268 0.8152378 1.9900699 2.5274562 2.6754938 
Pocdam_XM_027184958.1                                            0.5681333 0.5691839 0.5768575 0.5837033 0.5101849 0.6099884 0.5830280 0.6364036 0.3457358 0.6440640 0.5579328 0.7341289 0.8050377 0.7164741 0.3735328 0.3156979 0.2792381 0.3672063 0.0718046 0.0126976 0.0042178 0.0000000 0.0190495 0.0442141 0.0500555 0.1144453 0.1217602 0.1378418 0.1560076 0.3120386 0.2796157 0.1997245 0.2789591 0.3054274 0.2152657 0.3140014 0.2785659 0.3054168 0.3054168 0.2626900 0.3435328 0.2830545 0.3567100 0.2738721 0.4574777 0.4111380 0.4877365 0.4542188 0.4192337 0.4628688 0.4966870 0.4647434 0.5729315 0.5289845 0.7640706 0.7022573 0.7732207 0.7265678 0.9398940 0.8123944 0.6563156 0.7953280 0.7953280 0.7908002 0.7851154 0.6994970 0.8569950 0.7722062 0.8786792 0.7905930 0.8269008 0.9177236 0.8258898 0.8814122 0.8470083 0.8806616 0.6848864 1.0261567 0.9296582 1.2370525 1.3790627 2.3778598 1.5558077 1.2151208 0.7755084 0.8194214 0.8152378 1.9900699 2.5757423 2.6120782 
Gfas_gfas1.m1.21358.m1                                           0.4904840 0.5045732 0.5123171 0.5044007 0.5387638 0.5407473 0.5051614 0.4643597 0.3736116 0.5100109 0.4238050 0.5711317 0.5908381 0.5757405 0.3166012 0.2607485 0.2965693 0.2866255 0.0911754 0.0142488 0.0239336 0.0190495 0.0000000 0.0190468 0.0506162 0.0750197 0.0957149 0.1152590 0.1276603 0.1994893 0.2161467 0.2062948 0.2211382 0.2004523 0.2151112 0.2110423 0.1970773 0.2054747 0.2054747 0.2057926 0.2574363 0.2099924 0.2608890 0.1949631 0.2969379 0.2892232 0.4025693 0.3809622 0.3748834 0.3815956 0.3289535 0.3956726 0.4332814 0.3990611 0.5689488 0.5689488 0.5939145 0.6229223 0.8267242 0.6722339 0.4941904 0.7392918 0.7392918 0.7404301 0.7332599 0.7179549 0.8878080 0.7606863 0.7367728 0.7956545 0.6893478 0.9372750 0.7549186 0.7644902 0.7549186 0.7698008 0.6791924 0.8508368 0.4590153 1.1093543 1.1418551 1.5242632 1.4455404 1.1882976 0.3248171 0.5840938 0.3456691 1.3222885 2.2879411 1.9880342 
Gasp_gasp1.m3.13297.m1                                           0.5872215 0.6055108 0.6132925 0.6051717 0.5243550 0.6451512 0.6060251 0.6729446 0.3565981 0.6562228 0.5885691 0.7807375 0.8276301 0.7581584 0.3871487 0.3189625 0.2900791 0.4014688 0.0717804 0.0306181 0.0488588 0.0442141 0.0190468 0.0000000 0.0756638 0.1375950 0.1499803 0.1806799 0.2002195 0.3280953 0.3182163 0.2063680 0.3165259 0.3299517 0.2151737 0.3527070 0.3219728 0.3530846 0.3530846 0.2821751 0.3854494 0.3331297 0.3746525 0.2939083 0.4923430 0.4504150 0.5098467 0.4737637 0.4195555 0.4902763 0.5286428 0.5039305 0.6460710 0.5688521 0.8235162 0.7681866 0.8168679 0.7436532 0.9569381 0.8417072 0.6732742 0.7938831 0.7938831 0.7907353 0.7850621 0.7109435 0.8747475 0.8109621 0.9355301 0.8179559 0.8276408 0.9328959 0.8266438 0.9150299 0.8562279 0.8940197 0.6961157 1.0804889 1.1164104 1.2386254 1.4115206 2.5028327 1.5876323 1.2151208 0.8373444 0.8404114 0.9281528 2.0733706 2.6129287 2.8332475 
Adig_XM_015923501.1                                              0.6036878 0.6272909 0.6372341 0.6192951 0.5232803 0.6610580 0.6264512 0.6932655 0.3489781 0.7707303 0.5869676 0.7733957 0.8407713 0.7336021 0.4630157 0.3928837 0.2696329 0.4426956 0.0499751 0.0331049 0.0559105 0.0500555 0.0506162 0.0756638 0.0000000 0.1418419 0.1675141 0.1876102 0.2193900 0.3868815 0.3506665 0.2511675 0.3560934 0.3789228 0.2530193 0.3995399 0.3444357 0.4060124 0.4060124 0.3236454 0.4279431 0.3882698 0.4721764 0.3758377 0.5553882 0.4969569 0.4347586 0.4489764 0.4164500 0.4848441 0.4748033 0.5798363 0.7158469 0.6507624 0.8409558 0.7590371 0.8372739 0.7561718 0.9609857 0.8312300 0.7013528 0.9735421 0.9735421 0.9604708 0.8957666 0.8311103 0.8489242 0.9656008 1.1106650 0.9249669 1.0300528 0.8989097 0.9807616 1.0582488 1.0223303 1.0712566 0.5534503 1.0181718 1.7304540 1.1471302 1.5269298 4.4708852 1.5885955 0.8795585 2.0828411 1.1956758 1.2314281 3.8342603 1.8004650 2.7111201 
Nvec_v1g173618                                                   0.5699701 0.5862103 0.5937993 0.5862188 0.5116749 0.6230544 0.5638340 0.6131184 0.3916588 0.6422225 0.5173725 0.7501357 0.7691219 0.7311612 0.3782819 0.3190074 0.2719560 0.3848495 0.1228260 0.1088180 0.1091734 0.1144453 0.0750197 0.1375950 0.1418419 0.0000000 0.1134320 0.1859796 0.1993308 0.3249256 0.2972454 0.1961712 0.2968532 0.3344310 0.1965401 0.3594114 0.2880616 0.3617434 0.3617434 0.2701041 0.3663568 0.3318693 0.3317965 0.3100689 0.4431167 0.4212515 0.5052232 0.4811913 0.4696168 0.4739008 0.5007396 0.4716720 0.5847070 0.5436282 0.7433023 0.6995779 0.6826241 0.7079535 0.9265783 0.8289947 0.6772255 0.8125907 0.8125907 0.8200983 0.8057951 0.7135566 0.8658661 0.7792216 0.9168521 0.7716750 0.8128617 0.9226554 0.8500363 0.8846740 0.8697807 0.9052229 0.6846501 1.0840840 0.8903874 1.2965542 1.3170935 2.1531937 1.5193586 1.1398052 0.7103229 0.7492504 0.7571178 2.2032374 2.6584926 3.0194800 
Exapal_XM_021044884.2                                            0.6003267 0.6024979 0.6102459 0.6132119 0.5308508 0.6391711 0.5994631 0.6018023 0.3922944 0.6158949 0.5456716 0.7255973 0.7396600 0.7091030 0.3886147 0.3168814 0.2737492 0.3979497 0.1559646 0.1219886 0.1270040 0.1217602 0.0957149 0.1499803 0.1675141 0.1134320 0.0000000 0.1729203 0.1920900 0.3382734 0.3183931 0.2344462 0.3093350 0.3281799 0.2212314 0.3512948 0.3208836 0.3659906 0.3659906 0.2900910 0.3609057 0.3672913 0.3708802 0.3009179 0.4612059 0.4322305 0.4851510 0.4405620 0.4310593 0.4708857 0.4845092 0.4896753 0.6231668 0.5267440 0.7839183 0.7399848 0.7122172 0.7370292 0.9620130 0.7616076 0.6894063 0.7571354 0.7571354 0.8188507 0.8297258 0.7335660 0.8759200 0.7548192 0.8635242 0.8040229 0.8221009 0.9111965 0.8410797 0.8752369 0.8624376 0.8873678 0.6960168 1.0254229 0.9313467 1.3036779 1.3282414 2.1230917 1.5403506 1.1429100 0.7901632 0.8016936 0.7511985 2.1149549 2.5501119 2.7884730 
Xesp_012512-T1                                                   0.6264436 0.6369381 0.6449915 0.6338113 0.5630136 0.6849242 0.6322019 0.6868109 0.3599794 0.6952081 0.6578782 0.7099812 0.8204897 0.7329175 0.4089750 0.3569330 0.2876157 0.3970617 0.1725496 0.1445230 0.1433627 0.1378418 0.1152590 0.1806799 0.1876102 0.1859796 0.1729203 0.0000000 0.0526025 0.3487761 0.2827995 0.2023325 0.2894585 0.3227552 0.2219267 0.3239775 0.3220632 0.3343785 0.3343785 0.2893092 0.3908036 0.3580375 0.3782408 0.2853765 0.4564667 0.4236789 0.4876466 0.4198997 0.4099215 0.4462010 0.4705902 0.4913207 0.6334331 0.5522502 0.8127273 0.7892511 0.7411537 0.8206180 0.9641031 0.8238882 0.7253143 0.8387708 0.8387708 0.8261271 0.8708707 0.7660989 0.9000075 0.7876395 0.8582753 0.7995588 0.8167130 0.9788926 0.9014775 0.9032995 0.9029416 0.8836486 0.6973755 1.0825636 0.9196260 1.2653326 1.3245777 2.3547806 1.6555198 1.1965134 0.8040334 0.8667988 0.7559505 2.0428472 2.5857301 2.9584464 
Dgig_XM_028540268.1                                              0.5834889 0.5986171 0.6064665 0.5957765 0.5419821 0.6477971 0.5981341 0.6958792 0.3759074 0.6595945 0.6261591 0.6800144 0.8348591 0.7744548 0.4034243 0.3401981 0.2790362 0.3806668 0.1993257 0.1629236 0.1616794 0.1560076 0.1276603 0.2002195 0.2193900 0.1993308 0.1920900 0.0526025 0.0000000 0.3417326 0.2685445 0.1935966 0.2775758 0.3232016 0.2286201 0.3137236 0.2974849 0.3369885 0.3369885 0.2788499 0.4099043 0.3163965 0.3491998 0.2911659 0.4501095 0.4210706 0.4431218 0.4143685 0.4085407 0.4127642 0.4551874 0.4624230 0.6293231 0.5283390 0.7629442 0.7437356 0.7596586 0.7820073 0.9594606 0.8326467 0.6809395 0.8569230 0.8569230 0.8499620 0.8799378 0.7775562 0.9160511 0.7958675 0.8648226 0.7975866 0.8427334 0.9991154 0.9253953 0.9272152 0.9315764 0.9075818 0.7082958 1.0544523 0.8590062 1.2419965 1.3353550 2.2808253 1.7700425 1.2012985 0.7580966 0.8591513 0.6996384 2.1365174 2.7544367 2.9366664 
Ctel_gnl_WGS_AMQN_CAPTEDRAFT_mRNA224769                          0.7561462 0.7762791 0.7848125 0.7549539 0.6482220 0.8359162 0.7587935 0.7534285 0.4303792 0.7036822 0.6638711 0.7622832 0.8638783 0.7916886 0.3401538 0.3136790 0.3179418 0.3735556 0.3504345 0.3057822 0.3087380 0.3120386 0.1994893 0.3280953 0.3868815 0.3249256 0.3382734 0.3487761 0.3417326 0.0000000 0.4027128 0.2713276 0.4082343 0.4095146 0.2940737 0.2477678 0.2441838 0.2524741 0.2524741 0.2503228 0.4493987 0.2487511 0.3187037 0.2290539 0.4367790 0.3869922 0.6062228 0.5902511 0.5247160 0.6021550 0.5639552 0.5010033 0.6678254 0.5370999 0.7895960 0.7839173 0.8034414 0.8419665 0.9704545 0.9160010 0.7082808 0.8452293 0.8452293 0.8831397 0.8582630 0.8072001 0.9511882 0.8685840 0.9398438 0.8459368 0.8769742 1.0418348 0.9151663 0.9306853 0.9404357 0.9246315 0.8011107 0.8932747 0.8987912 1.4530830 1.2504014 1.8076745 1.7842336 1.1239654 1.0272353 0.9069466 0.9624977 2.0687511 2.5072124 3.3969445 
Nemnom_g16094.t1                                                 0.6520618 0.6686169 0.6765797 0.6551146 0.6059499 0.6856245 0.6441386 0.7324853 0.4531966 0.7564175 0.6912539 0.7613940 0.8903705 0.8442649 0.4406279 0.4167764 0.3862824 0.4373628 0.2937053 0.2733502 0.2790390 0.2796157 0.2161467 0.3182163 0.3506665 0.2972454 0.3183931 0.2827995 0.2685445 0.4027128 0.0000000 0.0000010 0.0975173 0.2624821 0.2138426 0.3366511 0.2998812 0.3228263 0.3228263 0.2870244 0.3299656 0.3802000 0.4310683 0.3600295 0.5449710 0.4938546 0.6564461 0.6148898 0.5634423 0.6090362 0.5813734 0.5428680 0.6383007 0.5808868 0.7791895 0.7568731 0.8920792 0.8578990 0.9981527 0.9465801 0.7939932 0.8771922 0.8771922 0.8658376 0.9021056 0.8135184 0.9287853 0.8420381 0.9158065 0.8696172 1.0091909 1.0342165 0.9571960 0.9963445 0.9836360 1.0429511 0.8505351 1.0271364 0.8877542 1.4239195 1.4539057 2.3778191 1.9533956 1.2106271 0.9217165 0.8985211 0.7953277 2.3183160 2.6515043 3.2336367 
Rhoesc_Res_001229-T1                                             0.5574973 0.5699287 0.5699287 0.5556055 0.5795426 0.5795426 0.5443604 0.5197535 0.4531966 0.6240801 0.5309916 0.6090674 0.6507231 0.6665134 0.3797106 0.3149419 0.3862824 0.3440958 0.2743102 0.1998236 0.1993538 0.1997245 0.2062948 0.2063680 0.2511675 0.1961712 0.2344462 0.2023325 0.1935966 0.2713276 0.0000010 0.0000000 0.0821147 0.1771677 0.2138426 0.2355209 0.2028806 0.2308052 0.2308052 0.2270605 0.2462721 0.2729123 0.3291971 0.2915166 0.3522792 0.3425675 0.4989699 0.4595821 0.4198400 0.4411548 0.3663602 0.4640498 0.4857118 0.4516867 0.5902275 0.5902275 0.6945183 0.6690409 0.8123864 0.7344716 0.6074372 0.8095907 0.8095907 0.7697187 0.8074862 0.8074862 0.9287853 0.7895362 0.7895362 0.8161627 0.8172181 1.0342165 0.8424755 0.8342931 0.8424755 0.8577022 0.8505351 0.7721785 0.5296440 1.0847205 1.1307930 1.3997612 1.4324648 1.2106271 0.3625091 0.6500610 0.3803326 1.2354696 2.4854475 1.9748668 
Sanmal_Sma_026793-T1                                             0.6391761 0.6534830 0.6613622 0.6604483 0.5743880 0.6536697 0.6527101 0.7340202 0.4324846 0.7550806 0.7187304 0.7706774 0.8800927 0.8455212 0.4406684 0.4014557 0.3505561 0.4534294 0.2774077 0.2764236 0.2783936 0.2789591 0.2211382 0.3165259 0.3560934 0.2968532 0.3093350 0.2894585 0.2775758 0.4082343 0.0975173 0.0821147 0.0000000 0.2764319 0.2269326 0.3440358 0.2893425 0.3395576 0.3395576 0.2923440 0.3516301 0.4059244 0.4322139 0.3758078 0.5398687 0.4956456 0.6219557 0.5837241 0.5319943 0.5557010 0.5878272 0.5346681 0.6486056 0.5559605 0.8124593 0.7813473 0.8827365 0.8193389 0.9970901 0.8969412 0.7253742 0.8733917 0.8733917 0.8304375 0.8744134 0.7930956 0.9314738 0.8564973 0.9229612 0.8204735 0.9131359 0.9831411 0.8878605 0.9256426 0.9135836 0.9633535 0.7932664 1.0918963 1.0322893 1.4517530 1.4341789 2.4061313 2.0043624 1.1632333 1.0267269 0.9290041 0.8070025 2.0856288 2.6512976 3.2076308 
Hvul_g2850_1                                                     0.6397666 0.6430940 0.6367383 0.6655550 0.5747403 0.6799856 0.6684564 0.7149684 0.3967035 0.7775922 0.6587585 0.7949222 0.8630992 0.7763315 0.4347777 0.3978587 0.3509111 0.4201887 0.2528254 0.3038728 0.3124829 0.3054274 0.2004523 0.3299517 0.3789228 0.3344310 0.3281799 0.3227552 0.3232016 0.4095146 0.2624821 0.1771677 0.2764319 0.0000000 0.1912650 0.3632829 0.3607762 0.3896268 0.3896268 0.3357665 0.2408746 0.4068485 0.4474414 0.3783351 0.4659242 0.4478544 0.6184688 0.6023106 0.5667190 0.5904993 0.5449492 0.4691441 0.6147246 0.5581643 0.7023405 0.6882124 0.8897083 0.8488613 0.9840577 0.9592107 0.7693361 0.8222771 0.8222771 0.8136724 0.8047008 0.7417624 0.9127034 0.7720010 0.8555832 0.7719570 0.8876998 0.9261400 0.8344460 0.8652444 0.8569590 0.8783923 0.6991794 1.0451789 0.9909468 1.4538440 1.4079837 2.4623200 1.8149341 1.1041099 0.8427788 0.8132062 0.4997495 2.2807971 3.0625442 3.1940231 
Morvir_scaffold122.g29.t1                                        0.4816066 0.4854209 0.4854209 0.4935602 0.5220293 0.5220293 0.4811875 0.4498970 0.4195010 0.5729147 0.4514386 0.5608555 0.5697924 0.5564910 0.3560071 0.3219031 0.3462577 0.2972496 0.3556046 0.2081339 0.2115236 0.2152657 0.2151112 0.2151737 0.2530193 0.1965401 0.2212314 0.2219267 0.2286201 0.2940737 0.2138426 0.2138426 0.2269326 0.1912650 0.0000000 0.2379805 0.2204401 0.2663714 0.2663714 0.2437190 0.2349501 0.2717704 0.3152715 0.2941288 0.3465080 0.3361995 0.4777349 0.4264083 0.4005682 0.4406358 0.3318006 0.4839396 0.5076305 0.4682239 0.5483075 0.5483075 0.6279047 0.5635057 0.5686123 0.6605959 0.5284690 0.8080152 0.8080152 0.8007351 0.8531814 0.8531814 0.9862660 0.8312031 0.8312031 0.8143884 0.8412142 1.0105905 0.8334942 0.8334942 0.8334942 0.8433232 0.7539249 0.7488692 0.3522928 0.9676329 0.9892876 1.8600034 1.3432033 1.0968108 0.4022396 0.7227004 6.8941274 4.6596714 1.9872750 1.8172993 
Skow_XM_002741543.2                                              0.5942835 0.6257992 0.6339092 0.6073614 0.5363810 0.6776589 0.6008896 0.6995720 0.4313989 0.7491449 0.6556835 0.7762013 0.9568140 0.9417652 0.3662078 0.3058211 0.2660493 0.3475465 0.2877012 0.3207941 0.3101871 0.3140014 0.2110423 0.3527070 0.3995399 0.3594114 0.3512948 0.3239775 0.3137236 0.2477678 0.3366511 0.2355209 0.3440358 0.3632829 0.2379805 0.0000000 0.1230010 0.1757688 0.1757688 0.1819000 0.4241260 0.2524284 0.3196311 0.3110797 0.4287643 0.3883494 0.5287982 0.4894363 0.4374230 0.4654156 0.5074413 0.4680346 0.5602722 0.4648723 0.9002398 0.8442626 0.8421369 0.8346949 1.0254745 0.9236576 0.7310035 0.7697562 0.7697562 0.7487028 0.7776345 0.7341691 0.8676355 0.8069113 0.8831950 0.8500883 0.8925685 0.9742529 0.8357057 0.9003098 0.8508360 0.9009215 0.7198552 1.0002351 0.9025413 1.4368138 1.4266523 2.4198833 1.8667791 1.0855316 0.7581794 0.7760437 1.0247899 1.9694106 2.4524240 3.1423188 
Bralan_BLAG10000601_1                                            0.5710770 0.5890866 0.5971957 0.5737238 0.5487897 0.6376498 0.5810442 0.6576437 0.4234743 0.7134014 0.5704507 0.7592449 0.7872359 0.7700453 0.3284323 0.3192247 0.2354206 0.3067607 0.2749162 0.2847321 0.2750733 0.2785659 0.1970773 0.3219728 0.3444357 0.2880616 0.3208836 0.3220632 0.2974849 0.2441838 0.2998812 0.2028806 0.2893425 0.3607762 0.2204401 0.1230010 0.0000000 0.2262719 0.2262719 0.1524663 0.3986515 0.2119685 0.2636817 0.2664359 0.4122526 0.3682264 0.4832592 0.4372871 0.4532877 0.4288439 0.4294931 0.4243007 0.4914540 0.4467297 0.7640839 0.7271106 0.7737729 0.7974751 1.0183484 0.8589978 0.6611231 0.8096066 0.8096066 0.8102693 0.8230748 0.7540633 0.8738223 0.7913164 0.8656698 0.7585009 0.8911848 0.9798983 0.8540058 0.8486074 0.8414799 0.8506984 0.7310456 0.9050472 0.8089972 1.3357726 1.2461094 1.8632199 1.7191544 1.0778556 0.7513678 0.7446329 0.8039960 1.8074993 2.5468519 2.8777873 
Spur_XM_030992205.1                                              0.6228912 0.6495077 0.6575672 0.6349842 0.5572406 0.6843953 0.6337172 0.7629426 0.4620782 0.7543167 0.7259229 0.7886238 1.0316662 0.9609257 0.3761171 0.3506364 0.2192623 0.3375285 0.3129035 0.3149342 0.3015321 0.3054168 0.2054747 0.3530846 0.4060124 0.3617434 0.3659906 0.3343785 0.3369885 0.2524741 0.3228263 0.2308052 0.3395576 0.3896268 0.2663714 0.1757688 0.2262719 0.0000000 0.0000010 0.2364328 0.4312950 0.3033662 0.3781938 0.3137416 0.4874707 0.4541160 0.5376165 0.5401027 0.5318881 0.4764519 0.5639523 0.5259964 0.6342731 0.5475018 0.8326458 0.8116608 0.8976147 0.8692860 1.0942793 0.9892554 0.7693188 0.8140359 0.8140359 0.7962590 0.8232808 0.7884954 0.9153196 0.8707024 0.8999826 0.8625942 0.8854217 0.9812538 0.8344798 0.9188729 0.8686888 0.9300640 0.6904659 1.0038132 0.9038338 1.4789763 1.4881169 2.4774052 1.8305422 1.3143771 0.9130285 0.8886983 0.8971103 1.7911772 2.8268548 3.2605677 
Spur_XM_030990543.1                                              0.6228912 0.6495077 0.6575672 0.6349842 0.5572406 0.6843953 0.6337172 0.7629426 0.4620782 0.7543167 0.7259229 0.7886238 1.0316662 0.9609257 0.3761171 0.3506364 0.2192623 0.3375285 0.3129035 0.3149342 0.3015321 0.3054168 0.2054747 0.3530846 0.4060124 0.3617434 0.3659906 0.3343785 0.3369885 0.2524741 0.3228263 0.2308052 0.3395576 0.3896268 0.2663714 0.1757688 0.2262719 0.0000010 0.0000000 0.2364328 0.4312950 0.3033662 0.3781938 0.3137416 0.4874707 0.4541160 0.5376165 0.5401027 0.5318881 0.4764519 0.5639523 0.5259964 0.6342731 0.5475018 0.8326458 0.8116608 0.8976147 0.8692860 1.0942793 0.9892554 0.7693188 0.8140359 0.8140359 0.7962590 0.8232808 0.7884954 0.9153196 0.8707024 0.8999826 0.8625942 0.8854217 0.9812538 0.8344798 0.9188729 0.8686888 0.9300640 0.6904659 1.0038132 0.9038338 1.4789763 1.4881169 2.4774052 1.8305422 1.3143771 0.9130285 0.8886983 0.8971103 1.7911772 2.8268548 3.2605677 
Hsap_ENST00000627282                                             0.5626032 0.5945562 0.6025091 0.5769203 0.5164693 0.6205250 0.5763321 0.5909118 0.4096975 0.6243085 0.5690331 0.6723159 0.7670910 0.7377809 0.3779184 0.2787499 0.2584015 0.3121413 0.2899071 0.2636281 0.2630309 0.2626900 0.2057926 0.2821751 0.3236454 0.2701041 0.2900910 0.2893092 0.2788499 0.2503228 0.2870244 0.2270605 0.2923440 0.3357665 0.2437190 0.1819000 0.1524663 0.2364328 0.2364328 0.0000000 0.3920009 0.2388952 0.2642688 0.2588122 0.3740515 0.3439382 0.4767498 0.4336775 0.4338596 0.4355638 0.4162275 0.4222838 0.5014245 0.4787750 0.6702436 0.6734332 0.7594846 0.7439266 0.9246357 0.8238503 0.6470965 0.8073991 0.8073991 0.7660613 0.7730426 0.7397229 0.8662848 0.7668562 0.8068435 0.7313431 0.8297683 0.9680333 0.8462765 0.8368906 0.8381448 0.8135896 0.7112031 0.8966212 0.7406907 1.2020862 1.2864527 1.9170258 1.5835751 1.2123244 0.5788375 0.6700914 0.6143362 2.1445047 2.4591864 2.8824674 
Chem_TCONS_00008903                                              0.7803830 0.7861552 0.7773613 0.8052974 0.6501047 0.8188456 0.7994628 0.8510753 0.4966557 0.7982947 0.8152064 0.8313801 1.0844553 0.9951023 0.4726391 0.4203101 0.4398669 0.5554317 0.3721143 0.3446629 0.3507572 0.3435328 0.2574363 0.3854494 0.4279431 0.3663568 0.3609057 0.3908036 0.4099043 0.4493987 0.3299656 0.2462721 0.3516301 0.2408746 0.2349501 0.4241260 0.3986515 0.4312950 0.4312950 0.3920009 0.0000000 0.4105124 0.4895143 0.4122843 0.6213940 0.5986878 0.6226895 0.6091849 0.5658712 0.6325971 0.6443213 0.5845380 0.6261321 0.6176829 0.9607779 0.8764969 1.1081908 0.9208837 1.1069425 1.0468934 0.8941062 0.8522807 0.8522807 0.8198325 0.7894062 0.7384402 0.8952923 0.7984278 0.8863692 0.8155292 0.8844458 0.9597975 0.8355563 0.8904786 0.8688976 0.9067918 0.7300358 1.1891220 1.2271547 1.5972455 1.5253458 2.2980338 1.9599926 1.5403887 1.0543531 1.0205120 0.8324381 2.1614431 2.8555618 3.8879333 
