88
Cscu_XM_023355245.1                                              0.0000000 1.1544845 0.9764002 1.0341937 1.0162409 1.1781100 1.6250012 1.5964623 1.4888291 1.4798283 1.5861776 1.2345599 1.3757833 1.3685270 1.3399892 1.0863553 1.1815539 1.5179535 1.6548982 1.5109479 1.4144548 1.3367843 1.3814788 1.4666571 1.2606940 1.3094075 1.3198489 1.3183651 1.3121543 1.4122472 1.3400355 1.3595370 1.7964657 1.4679665 1.4214218 1.5094065 1.5148872 1.3032817 1.7593182 1.8062171 1.7766888 1.7773285 1.6420650 1.6649366 1.4521467 1.7228523 1.9733557 1.9398588 1.9416363 1.8135902 1.4066970 2.2874018 1.6461569 1.6959918 1.9861248 1.5757828 2.1380470 1.9396743 1.9396743 2.2244314 1.7181709 1.9815782 1.8845553 1.8899250 2.3375053 2.1018023 2.2047388 2.3902019 2.1427263 2.1427263 2.2444605 1.9585342 2.1991220 2.1934554 1.8345895 2.3601929 2.1693988 2.0011028 2.8083782 2.0797485 1.9566029 1.8321719 1.9269645 1.8239310 2.2115418 1.8650756 1.5314614 2.8983452 
Ctel_gnl_WGS_AMQN_CAPTEDRAFT_mRNA131167                          1.1544845 0.0000000 0.8071041 0.7121814 0.8595297 0.9408166 1.4808339 1.4388220 1.5038440 1.3836190 1.4649435 1.3048456 1.2873560 1.4305295 1.1908310 0.8269190 0.8743084 1.2848422 1.5317209 1.4569890 1.4560726 1.3848005 1.3893377 2.1306927 1.2218952 1.2798332 1.2549649 1.2476988 1.2147786 1.3311626 1.2982876 1.2937633 1.7255757 1.1617979 1.3243145 1.4729409 1.5069292 1.1263106 1.4483895 1.5167081 1.6252367 1.5001514 1.5585144 1.9171838 1.4753607 1.6222938 1.7682961 1.8998403 1.8774718 2.0475320 1.7109666 2.5194864 1.5790669 1.7313224 1.6993998 1.8066085 2.2260226 1.7110952 1.7110952 2.3886435 1.7338743 1.7392481 1.9017833 1.5873950 2.1848659 1.8914657 2.0476462 2.1310866 2.0690164 2.0690164 2.0345976 1.9034627 2.1854829 2.1477497 1.6535093 2.5431551 2.4373897 2.0597400 2.2857821 1.7190211 1.8950449 1.7386626 1.9433955 1.9179962 1.8563054 2.1085552 1.4966058 3.7563131 
Bralan_BLAG13000056_1                                            0.9764002 0.8071041 0.0000000 0.6499652 0.7167172 0.6727454 1.0875943 1.1476668 1.0319067 1.0911794 1.1484833 1.0199869 0.8112609 0.9478540 0.8833875 0.9490607 0.9375332 1.0654829 1.2955643 1.1977092 1.1573891 1.0035787 1.0666483 1.3093816 0.9276364 0.9379976 1.0808208 1.0522092 1.0084091 1.0908653 1.1148710 1.0284162 1.3134326 1.4072745 1.0134475 1.1483432 1.2807496 0.9652865 1.3925676 1.4492523 1.4013272 1.3208424 1.3721374 1.3776796 1.0830067 1.1708071 1.5262562 1.5404670 1.5882451 1.4396739 1.1627953 1.7979841 1.3718146 1.3814996 1.5208782 1.2397841 1.5800337 1.4977375 1.4977375 2.0375939 1.3643629 1.4590336 1.3745859 1.1879602 1.6270252 1.5624930 1.7591678 2.0144046 1.6896955 1.6896955 1.7664693 1.7396684 1.7911566 1.8147947 1.4750008 2.0535555 1.8221417 1.5975844 1.9742349 1.5956442 1.6028423 1.2739121 1.3505785 1.3341812 1.5538874 1.6550591 1.3586928 2.9006131 
Cgig_XM_011433575.3                                              1.0341937 0.7121814 0.6499652 0.0000000 0.8535402 0.6740302 1.4175995 1.4229087 1.3713752 1.3814944 1.4045260 1.1705848 1.1283436 1.2369633 1.1324040 0.9677513 1.0384867 1.3829653 1.5464348 1.3398256 1.2576508 1.1340016 1.2903767 1.6441019 1.1564109 1.2585441 1.3019817 1.2644378 1.1786352 1.2566545 1.2241239 1.1784585 1.5076457 1.5104821 1.2826040 1.3663361 1.5054014 1.0609227 1.6599073 1.7363208 1.6786223 1.6995694 1.5646560 1.5242954 1.4461104 1.5552781 1.6807547 1.7094174 1.7551780 1.8145418 1.4542773 2.1417858 1.7160085 1.6103632 1.8194815 1.4934510 1.8376452 1.5154771 1.5154771 2.2488838 1.4794884 1.6504011 1.6865413 1.5591915 2.0103310 1.7706421 2.0192642 2.1590394 1.8309263 1.8309263 1.9289407 1.8546362 2.0999070 2.1437609 1.6803449 2.5524873 2.4256557 1.8958686 2.3737650 1.8022251 1.7613230 1.8128891 1.7529290 1.7289791 1.7960485 1.8276454 1.4641791 3.0889020 
Skow_XM_002730527.2                                              1.0162409 0.8595297 0.7167172 0.8535402 0.0000000 0.8527459 1.1933230 1.1368547 1.1114531 1.0680151 1.0660180 0.9262977 0.8330994 0.9224811 0.8908781 1.0061176 1.1127176 1.0971331 1.3580080 1.1027810 1.0796081 1.0365250 0.9812310 1.2159081 0.8538625 0.7973540 0.9669690 0.9655575 0.9718291 1.0175464 1.0338229 0.9541825 1.3982900 1.4406355 0.9949026 1.0853321 1.2257586 0.9875099 1.3176184 1.3761150 1.3830580 1.3204369 1.3132596 1.3267776 1.0546288 1.2604881 1.4020744 1.5630440 1.5872210 1.4701093 1.2557076 2.1232223 1.2796013 1.4016115 1.7297862 1.3121838 1.8355429 1.5378346 1.5378346 2.0565150 1.4568542 1.3919763 1.5348496 1.5106429 1.7527789 1.7712482 1.6696294 1.9125568 1.7070776 1.7070776 1.9194389 1.8338587 1.8361578 1.8071547 1.5667795 2.0381308 1.9765803 1.7190008 2.7460376 1.6247019 1.5229572 1.4439936 1.5972657 1.4794002 1.5835608 1.6768703 1.5195063 2.7179955 
Acagra_model.g7330.t1                                            1.1781100 0.9408166 0.6727454 0.6740302 0.8527459 0.0000000 1.3442637 1.2140789 1.2016734 1.2544252 1.2699792 1.3335316 0.9874229 1.1706700 1.1660954 1.1091242 1.1212449 1.3285390 1.5515680 1.4282700 1.3569097 1.2127549 1.1982330 1.5558101 1.2102201 1.1374490 1.1114104 1.0752412 1.0280080 1.1761058 1.1318217 1.1007647 1.2623583 1.6715883 1.2894422 1.2534090 1.4733784 1.0582321 1.5784493 1.6483608 1.6566421 1.5604311 1.4824776 1.5868891 1.3082331 1.3909825 1.5067456 1.4677492 1.5182669 1.6845446 1.3554145 1.7874401 1.6142064 1.5393432 1.7072914 1.4923712 1.7969286 1.7423100 1.7423100 1.8949483 1.5540085 1.4544115 1.6453972 1.4884703 1.8606040 1.7219407 1.7476795 1.9540182 1.8419136 1.8419136 1.7902890 1.5676751 1.9289738 1.8930046 1.6204018 2.0311070 1.8851830 1.6146937 2.0989527 1.5943375 1.5778006 1.4802426 1.5025398 1.5517668 1.5535325 1.6898577 1.4649689 2.6542871 
Lcom_lcpid14685                                                  1.6250012 1.4808339 1.0875943 1.4175995 1.1933230 1.3442637 0.0000000 0.2843205 0.2810997 0.3843739 0.6262168 0.9638713 0.9220219 1.0035713 1.4144008 1.6838818 1.4367349 1.3978662 1.4121809 1.3883061 1.3093765 1.1462311 1.1836994 1.0883379 1.0377886 1.1110899 1.0131561 0.9987068 1.0041960 1.0756130 1.0933562 1.0489623 1.4827270 1.0276438 1.0841847 1.1403530 1.2927676 1.0979834 1.5559373 1.5217644 1.5265602 1.4714903 1.4309886 1.3240796 1.4153396 1.4694568 1.6236002 1.4743977 1.5415929 1.5875614 1.4115012 2.5787923 1.5003930 1.4426679 1.8597382 1.2115439 1.9129177 1.6238164 1.6238164 2.0593383 1.5935746 1.5954556 1.4326458 1.5700742 1.8682289 1.7451081 1.6458391 1.8216854 1.6792635 1.6792635 1.6848137 1.4501982 1.6643139 1.6681730 1.3601991 1.8460463 1.6835471 1.6670464 1.8748202 1.6537361 1.7232124 1.7472556 1.6195741 1.5561844 1.7258119 1.7380837 1.6696917 2.9307472 
Leuniv_Lniv_scaffold15694_01                                     1.5964623 1.4388220 1.1476668 1.4229087 1.1368547 1.2140789 0.2843205 0.0000000 0.2145662 0.3545928 0.6373313 1.0431446 1.0985676 1.0511057 1.4142843 1.6390977 1.4434432 1.3186320 1.4684712 1.2729276 1.2300592 1.1630605 1.0658336 1.0048732 1.1376074 1.1034716 1.0224742 0.9953536 1.0708064 1.1246884 1.0963475 1.1006048 1.5259257 1.1274318 1.1725820 1.1735670 1.3282868 1.0669424 1.5780294 1.5511202 1.5735092 1.5271096 1.4570089 1.4263329 1.4045505 1.4535145 1.6530561 1.5542580 1.6128781 1.5829722 1.2868396 2.4110501 1.4808979 1.5608620 2.1663149 1.2250228 2.0777283 1.6538232 1.6538232 2.0948810 1.6634702 1.6376530 1.5252204 1.7544202 1.9167778 1.7940968 1.7253498 1.9538862 1.7614158 1.7614158 1.6681285 1.5528946 1.6798341 1.6538063 1.3678991 1.9259370 1.7777413 1.6762181 2.0332207 1.7271339 1.8307944 1.6846496 1.6641055 1.6012765 1.6523118 1.6569943 1.5566629 2.8891124 
Scil_scict018884.1                                               1.4888291 1.5038440 1.0319067 1.3713752 1.1114531 1.2016734 0.2810997 0.2145662 0.0000000 0.3357560 0.5942007 0.9364809 0.9556712 0.9623833 1.2517192 1.5486012 1.4293029 1.3502288 1.5222122 1.3225367 1.2582704 1.0719728 1.1388705 0.9690397 1.1462330 1.0354793 0.9815928 0.9821940 0.9557544 1.0151486 1.0066172 1.0246604 1.3804406 1.1561166 1.1094365 1.0991030 1.3023911 0.9787355 1.5673354 1.5420539 1.5554323 1.5086351 1.4227715 1.4086997 1.4951785 1.4054188 1.6433276 1.5314188 1.5793377 1.5793283 1.3318067 2.3129252 1.4958229 1.5204787 2.0010926 1.1192691 1.9840762 1.5865063 1.5865063 2.1357409 1.5653359 1.6642328 1.4296847 1.6385467 1.8780141 1.8013442 1.5873420 1.7413397 1.6188411 1.6188411 1.5630531 1.4714170 1.6676494 1.6716140 1.3407036 1.9366964 1.7939518 1.6467020 1.9431558 1.5886297 1.7649411 1.5982845 1.5551913 1.4837910 1.6265339 1.8068292 1.5968633 2.6336497 
Gracom_Gcom_scaffold14897_01                                     1.4798283 1.3836190 1.0911794 1.3814944 1.0680151 1.2544252 0.3843739 0.3545928 0.3357560 0.0000000 0.6091381 0.9539706 0.9723423 1.0666440 1.4709895 1.6329279 1.5422271 1.3309938 1.5194610 1.2477928 1.2126992 1.0732744 1.0348402 0.9138464 1.0966056 1.0603312 1.0333116 1.0401982 1.0181155 1.0870375 1.0736750 1.0780763 1.6194058 1.0265145 1.1757150 1.2291881 1.2863967 1.1486606 1.4599529 1.4817731 1.5025939 1.4632267 1.4653258 1.2920785 1.3568991 1.4140075 1.6993110 1.6131751 1.6725840 1.7575953 1.4356888 2.6719654 1.4822116 1.5353279 2.0529404 1.2708327 1.9082319 1.6020157 1.6020157 2.3068174 1.6313222 1.6094818 1.4321622 1.5370697 1.8890751 1.7358092 1.6601482 1.8955846 1.7081966 1.7081966 1.8313835 1.5188394 1.6441650 1.6480024 1.3711759 1.8099658 1.6074654 1.7975037 2.1097402 1.6550127 1.7278492 1.7084153 1.6343017 1.5808458 1.7205884 1.6598477 1.5962277 2.9410810 
Clacor_Ccor_scaffold10643_01                                     1.5861776 1.4649435 1.1484833 1.4045260 1.0660180 1.2699792 0.6262168 0.6373313 0.5942007 0.6091381 0.0000000 0.9149289 0.9264567 1.0099457 1.3440647 1.5840969 1.4960813 1.5308456 1.4809338 1.2626074 1.2014949 1.0026021 1.0439272 1.5693850 1.0044604 1.0165101 1.0462096 1.0527708 0.9851485 1.0840187 1.0792343 1.0492225 1.6749624 1.0539868 1.1053338 1.2805574 1.2738009 1.1382216 1.4578217 1.4330824 1.4928417 1.4630040 1.3450152 1.3253726 1.3437443 1.3699906 1.4121579 1.4618196 1.5655361 1.5683874 1.3572717 2.5947001 1.5431250 1.3154667 1.7693135 1.3280647 1.6651283 1.5302135 1.5302135 2.0446245 1.5257072 1.4051791 1.3445999 1.4800246 1.6642838 1.5911720 1.7672270 1.9085657 1.7164571 1.7164571 1.7841342 1.5806527 1.7916530 1.8146136 1.4587409 1.9030875 1.6917896 1.8203619 2.1483976 1.3556014 1.6447525 1.5910799 1.7243557 1.6462178 1.7054737 1.7243296 1.6349568 2.8980567 
Plajan_Pjan_C542558_01                                           1.2345599 1.3048456 1.0199869 1.1705848 0.9262977 1.3335316 0.9638713 1.0431446 0.9364809 0.9539706 0.9149289 0.0000000 0.6493563 0.6933698 1.0086613 1.1685987 1.2580473 1.2001545 1.3077011 1.1497802 1.0877586 1.0551362 0.9912386 1.4718248 0.8606545 0.9816636 0.9812372 1.0004135 0.8750540 0.9392017 0.9451682 0.9261632 1.3467015 1.1500492 0.8924431 0.9700232 1.0250907 1.1067236 1.3806980 1.4093940 1.3747476 1.3109724 1.2848602 1.2193015 1.2314100 1.2363467 1.5436227 1.4779949 1.5349105 1.5602665 1.0914036 1.9648895 1.3876256 1.1840997 1.6651512 1.1073557 1.8164106 1.3640357 1.3640357 1.7751951 1.2984992 1.5426409 1.3912726 1.5461442 1.6703968 1.5173473 1.6620764 1.7226124 1.5620850 1.5620850 1.7204298 1.6288346 1.5057485 1.4798550 1.3502005 1.9462283 1.8329322 1.5241567 2.2273232 1.4681202 1.5918475 1.4293416 1.3805416 1.3310258 1.6623741 1.5840924 1.6234542 2.5241492 
Ocar_g3001                                                       1.3757833 1.2873560 0.8112609 1.1283436 0.8330994 0.9874229 0.9220219 1.0985676 0.9556712 0.9723423 0.9264567 0.6493563 0.0000000 0.0292327 1.1704801 1.1960375 1.4132605 1.2038629 1.5020661 1.2147758 1.2892513 0.9970750 1.0603014 1.1359722 0.9987744 0.9605936 1.0770051 1.0602399 1.0262593 1.2550944 1.1730265 1.0444925 1.2998623 1.4189998 1.1237047 1.1584271 1.0593378 1.1951740 1.0033194 1.0589106 1.1065200 1.1237351 0.9565543 1.4275209 1.1146586 1.1973454 1.8261774 1.6751103 1.7752309 1.9536435 1.6122351 8.0827607 1.7390543 1.5699892 0.0000010 1.3748959 2.2444128 1.3608595 1.3608595 1.3792763 1.4527520 1.9728276 1.6635552 1.6267357 1.8577112 1.7259103 1.6263823 1.8250762 1.6227378 1.6227378 1.6909359 1.7200719 1.5953595 1.6144530 1.4698585 1.6095840 1.6095840 1.8487141 1.5784563 0.7137332 1.3736167 1.3810247 1.4789144 1.5118353 1.6605196 1.7190336 1.6151877 4.5977281 
Opea_EP00118_Oscarella_pearsei_P027326                           1.3685270 1.4305295 0.9478540 1.2369633 0.9224811 1.1706700 1.0035713 1.0511057 0.9623833 1.0666440 1.0099457 0.6933698 0.0292327 0.0000000 1.0193695 1.2961406 1.3826030 1.2061326 1.2958353 1.1365685 1.1607229 0.9771743 0.9995419 1.1041858 1.0107114 1.0098834 1.0595637 1.0564854 0.9959889 1.0822725 1.0649889 0.9763414 1.2384313 1.1889910 1.1406388 1.0718435 1.0288127 1.1972499 1.3628580 1.4129101 1.4199101 1.4092810 1.3182894 1.2899091 1.1584715 1.3041327 1.5817063 1.5936242 1.6130754 1.7167482 1.2487743 1.9957541 1.3743727 1.2547235 1.6157160 1.2125796 1.9367754 1.2403458 1.2403458 1.7854165 1.3075810 1.6245033 1.3787835 1.6278163 1.6023054 1.5349251 1.6425623 1.8140742 1.6268621 1.6268621 1.6377817 1.3935251 1.6750331 1.6864162 1.3463647 1.7399488 1.5543568 1.7024473 1.7697617 1.7417018 1.6719477 1.5237480 1.6489992 1.5581464 1.6445283 1.6736421 1.6264220 2.8958236 
Spur_XM_003729896.3                                              1.3399892 1.1908310 0.8833875 1.1324040 0.8908781 1.1660954 1.4144008 1.4142843 1.2517192 1.4709895 1.3440647 1.0086613 1.1704801 1.0193695 0.0000000 1.0480587 1.1423687 1.4415411 1.6636336 1.3097417 1.3047853 1.2249211 1.1904102 1.6399094 1.2174978 1.1138227 1.3233240 1.3277658 1.2032985 1.2756395 1.2278037 1.2478967 1.7994855 1.4455526 1.3108282 1.4148164 1.5248678 1.1364779 1.3712566 1.3912370 1.4336125 1.3657693 1.3275932 1.5688080 1.3458556 1.4863604 1.5458961 1.6191587 1.7082401 1.5686191 1.4410448 2.1465981 1.3666608 1.5387440 2.0549443 1.4182986 1.6808895 1.4583498 1.4583498 2.1036468 1.4839646 1.4483142 1.4479563 1.6463834 1.6876523 1.8720939 1.7181988 1.9060610 1.7864734 1.7864734 1.7936901 1.6855521 1.7880786 1.8411974 1.3922632 2.3132079 2.2097846 1.7921818 2.1802556 1.5304881 1.4654786 1.5978518 1.7377283 1.5960634 1.8115926 1.8252383 1.4301629 3.1325928 
Dpul_mRNA16626                                                   1.0863553 0.8269190 0.9490607 0.9677513 1.0061176 1.1091242 1.6838818 1.6390977 1.5486012 1.6329279 1.5840969 1.1685987 1.1960375 1.2961406 1.0480587 0.0000000 0.0724121 1.2218721 1.2832755 1.3350386 1.2486699 1.2989254 1.1764136 2.4355507 1.0902149 1.1833312 1.1653072 1.1720946 1.1090062 1.1591070 1.1587376 1.2452523 1.5232507 1.3294746 1.3157188 1.2985648 1.3620347 1.1846785 1.5123934 1.5085164 1.6280583 1.5322094 1.6595403 1.7516153 1.3901876 1.4158892 1.5156720 1.7400034 1.7172863 1.6158035 1.4135012 2.1254628 1.3281948 1.3822111 1.7573002 1.6128889 1.9139068 1.5802829 1.5802829 2.3795873 1.5481113 1.5901428 1.4907331 1.7323939 1.9592359 1.7763323 1.8542436 2.0601579 1.9022549 1.9022549 1.8830003 1.8945730 1.7233012 1.7481922 1.4450493 2.1584070 1.9518799 1.8208571 2.0996307 1.9374874 1.9050366 1.7694040 2.0481811 1.9494426 1.9845763 1.6801215 1.3066050 3.6163860 
Dpul_mRNA14088                                                   1.1815539 0.8743084 0.9375332 1.0384867 1.1127176 1.1212449 1.4367349 1.4434432 1.4293029 1.5422271 1.4960813 1.2580473 1.4132605 1.3826030 1.1423687 0.0724121 0.0000000 1.4011577 1.3530483 1.4407333 1.3921496 1.3741426 1.2771327 1.9037297 1.0994524 1.3443752 1.3145654 1.3263098 1.2418449 1.3074924 1.2761174 1.2850312 1.6282852 1.2434762 1.4091797 1.5332951 1.5240480 1.1452651 1.5858556 1.6129555 1.7247804 1.6648580 1.6895157 1.8379563 1.4736839 1.5703912 1.5694314 1.7340119 1.8150355 1.8239918 1.5297454 2.1454795 1.5504023 1.5791005 1.7180655 1.5267539 1.8491733 1.5285306 1.5285306 2.0184583 1.5172947 1.7710601 1.7435402 1.6164803 2.0773533 2.0200906 2.0543841 2.2318866 1.9539502 1.9539502 1.9524173 1.9910990 1.8750721 1.8782355 1.4640046 2.2616406 2.1300195 1.8319268 2.1886067 1.9374874 1.8752404 1.7714804 1.8988999 1.8252349 1.9443278 1.8681894 1.4044483 3.7114524 
Hvul_g29445_1                                                    1.5179535 1.2848422 1.0654829 1.3829653 1.0971331 1.3285390 1.3978662 1.3186320 1.3502288 1.3309938 1.5308456 1.2001545 1.2038629 1.2061326 1.4415411 1.2218721 1.4011577 0.0000000 0.5630628 0.8571545 0.8607309 0.8329319 0.7398334 1.6222724 0.8692666 1.0499267 1.0551073 1.0642660 0.9598208 1.0647726 1.0833955 1.0449770 1.6945315 1.1080231 0.9262180 1.3480300 1.3942164 1.4614632 1.4079679 1.4322556 1.4215625 1.3736327 1.4773332 1.4546656 1.2222784 1.5553905 1.6160162 1.8525986 1.9433143 1.8326307 1.4250644 2.4775961 1.2061632 1.3109289 1.4089033 1.5698694 1.9323609 1.5605227 1.5605227 2.2352642 1.5675833 1.3586137 1.6139028 1.5715464 1.9902193 1.9567289 1.8182185 1.9255219 1.6479653 1.6479653 1.8200101 1.7447132 1.7313686 1.7230474 1.3831673 2.3226183 2.1831247 1.8057962 2.4283305 1.6318441 1.6821423 1.6284989 1.7122909 1.6257209 1.8280976 2.0979682 1.5269116 3.0270588 
Chem_TCONS_00043726                                              1.6548982 1.5317209 1.2955643 1.5464348 1.3580080 1.5515680 1.4121809 1.4684712 1.5222122 1.5194610 1.4809338 1.3077011 1.5020661 1.2958353 1.6636336 1.2832755 1.3530483 0.5630628 0.0000000 1.0377159 1.0323035 1.0381720 0.9730208 1.7222147 0.9311834 1.2312595 1.1839073 1.1958535 1.0847731 1.1265532 1.1401614 1.1205444 1.3932704 1.4455685 1.1651933 1.5207567 1.5175224 1.7871595 1.6782626 1.7048950 1.6395281 1.7071788 1.7454911 1.6321178 1.2637448 1.6141434 1.6436327 1.7472361 1.8222249 1.8230175 1.6161366 2.3804410 1.2920211 1.4272417 1.1497055 1.5803011 1.9356176 1.6963153 1.6963153 2.5075424 1.6554867 1.4047781 1.5741825 1.5840211 2.2684853 2.3569062 2.0231484 2.2070931 1.8360425 1.8360425 1.9615222 2.0335839 1.8334637 1.8310543 1.7496784 2.4276715 2.3626092 2.0417819 2.4108797 1.5992856 1.8556065 1.7426999 1.9198521 1.8685025 1.9606655 2.0157111 1.6337451 3.4593873 
Nemnom_g11981.t1                                                 1.5109479 1.4569890 1.1977092 1.3398256 1.1027810 1.4282700 1.3883061 1.2729276 1.3225367 1.2477928 1.2626074 1.1497802 1.2147758 1.1365685 1.3097417 1.3350386 1.4407333 0.8571545 1.0377159 0.0000000 0.2212218 0.5790733 0.5553218 1.0013730 0.7899705 0.8770616 0.8162290 0.7966453 0.8711563 0.8966898 0.9080236 0.9031947 1.4382053 1.1877404 0.9132416 1.1483551 1.3108808 1.4861098 1.5221776 1.5979518 1.5737318 1.4936977 1.6258638 1.3332142 1.0957855 1.3414552 1.5034420 1.7774144 1.8445101 1.8021527 1.2132613 2.2239869 1.3044377 1.2644837 1.4435959 1.4816250 1.7952790 1.4906765 1.4906765 2.2540971 1.4601779 1.4869910 1.2667226 1.5658214 1.5506326 1.5671842 1.9311505 2.1243963 1.8226277 1.8226277 1.8999925 1.7504852 1.6854448 1.6816515 1.4859519 2.1015170 1.8728938 1.8964428 2.3845911 1.7630062 1.6636723 1.4782188 1.7868438 1.6538539 1.8899803 1.7764036 1.5353294 2.5894524 
Rhoesc_Res_016834-T1                                             1.4144548 1.4560726 1.1573891 1.2576508 1.0796081 1.3569097 1.3093765 1.2300592 1.2582704 1.2126992 1.2014949 1.0877586 1.2892513 1.1607229 1.3047853 1.2486699 1.3921496 0.8607309 1.0323035 0.2212218 0.0000000 0.5227998 0.5219853 0.8098444 0.8326334 0.9838797 0.8261709 0.8262849 0.8341012 0.8623896 0.8449987 0.8611230 1.2205043 1.1148752 0.9016289 1.0565017 1.2292686 1.5196045 1.5021752 1.5094788 1.4994540 1.4687265 1.5479585 1.2920394 1.0853675 1.2919753 1.4027219 1.6634645 1.7242584 1.7762691 1.1768278 1.9273344 1.3538921 1.2141336 1.4561138 1.4469759 1.8551167 1.5021561 1.5021561 2.4178923 1.4994364 1.4066354 1.2532163 1.5072816 1.5445872 1.4946802 1.8011024 2.0471460 1.7602549 1.7602549 1.7827316 1.7344768 1.6175110 1.5947668 1.4673516 2.0499382 1.9577298 1.8159821 2.6058796 1.6197798 1.6333518 1.5701907 1.8315232 1.6655490 1.8233514 1.7122661 1.5685664 2.6618740 
Sanmal_Sma_012087-T1                                             1.3367843 1.3848005 1.0035787 1.1340016 1.0365250 1.2127549 1.1462311 1.1630605 1.0719728 1.0732744 1.0026021 1.0551362 0.9970750 0.9771743 1.2249211 1.2989254 1.3741426 0.8329319 1.0381720 0.5790733 0.5227998 0.0000000 0.4629481 0.7031353 0.7951310 0.8438754 0.8218797 0.8128485 0.7078006 0.7917783 0.7929829 0.7613607 1.1626667 1.1598156 0.8735395 1.1362024 1.2005304 1.3689872 1.4855197 1.4901130 1.4457454 1.4673105 1.4065857 1.2739345 1.0693657 1.2039199 1.4772691 1.5865891 1.6546567 1.6417844 1.3391782 2.0347053 1.3233664 1.1790603 1.4686413 1.1710049 1.6623580 1.2937733 1.2937733 2.0983149 1.3076324 1.4963717 1.3031733 1.4359193 1.5133902 1.4837670 1.7386456 1.9272814 1.7037334 1.7037334 1.8414234 1.7559652 1.5467685 1.5569293 1.3529397 2.0506380 1.9044574 1.8066909 2.2209176 1.5456300 1.5225722 1.6665967 1.8963704 1.7590564 1.5871050 1.5059634 1.5238940 2.5788094 
Aaur_scaffold529.g5.t1                                           1.3814788 1.3893377 1.0666483 1.2903767 0.9812310 1.1982330 1.1836994 1.0658336 1.1388705 1.0348402 1.0439272 0.9912386 1.0603014 0.9995419 1.1904102 1.1764136 1.2771327 0.7398334 0.9730208 0.5553218 0.5219853 0.4629481 0.0000000 0.0516156 0.7817852 0.8694559 0.8944455 0.8738328 0.8200519 0.9142449 0.8965177 0.8569412 1.3236758 1.0915937 0.7437852 1.0682346 1.1051922 1.3237827 1.3968420 1.3992722 1.3955699 1.4223152 1.4649816 1.2605906 1.0816219 1.2130114 1.5189578 1.6863439 1.7517374 1.7578065 1.2742652 1.9305446 1.3122172 1.1021178 1.4922141 1.3578485 1.7167460 1.4317314 1.4317314 2.3043493 1.4886975 1.4294016 1.2990849 1.4997066 1.5946000 1.5598690 1.7413547 2.0292231 1.7680824 1.7680824 1.8936159 1.7987721 1.6868205 1.6931489 1.3992007 1.9798592 1.9224053 1.7547548 2.2824248 1.6267979 1.5976534 1.5839063 1.7517456 1.6124054 1.7491243 1.7042140 1.4646375 2.6431323 
Aaur_scaffold529.g6.t1                                           1.4666571 2.1306927 1.3093816 1.6441019 1.2159081 1.5558101 1.0883379 1.0048732 0.9690397 0.9138464 1.5693850 1.4718248 1.1359722 1.1041858 1.6399094 2.4355507 1.9037297 1.6222724 1.7222147 1.0013730 0.8098444 0.7031353 0.0516156 0.0000000 1.4030187 1.4470536 1.6386815 1.6259275 1.5985686 2.0425701 1.9044653 1.4532275 1.6102347 4.1253494 1.8689720 1.9674721 1.9946823 2.0229768 1.6504817 1.5907974 1.6821265 1.8141092 1.9049208 1.9710970 1.8285247 2.4534748 2.6906669 2.6768944 3.4038886 2.9138161 2.4606574 1.8185610 2.6545017 2.1589532 0.5822184 1.7908545 2.8540771 2.4874436 2.4874436 2.5245741 2.3621118 2.7826113 3.0353014 2.5603399 3.1948389 3.2950034 2.6168985 3.6541166 2.8762319 2.8762319 3.3694720 3.8640709 3.1891746 3.1682992 2.3856466 2.8168278 2.9808941 3.0254473 3.2991955 0.5215913 1.9386410 3.2841120 2.5660697 2.5740668 2.6479145 3.2109310 1.6913866 4.4828405 
Nvec_v1g120763                                                   1.2606940 1.2218952 0.9276364 1.1564109 0.8538625 1.2102201 1.0377886 1.1376074 1.1462330 1.0966056 1.0044604 0.8606545 0.9987744 1.0107114 1.2174978 1.0902149 1.0994524 0.8692666 0.9311834 0.7899705 0.8326334 0.7951310 0.7817852 1.4030187 0.0000000 0.4348708 0.5792228 0.5771468 0.4890334 0.5032308 0.5225389 0.4635226 0.8452630 0.8485706 0.7777443 0.8591846 0.9378962 1.3043762 1.3312066 1.3642391 1.3838472 1.4209986 1.3331982 1.3027736 0.9701333 1.1616771 1.3918957 1.5279552 1.5855437 1.6060370 1.1291007 2.0807269 1.0935994 1.1814485 1.5121595 1.1352828 1.8167431 1.3614306 1.3614306 1.8673335 1.3303146 1.2833255 1.2257017 1.5621607 1.6174039 1.8181207 1.6008890 1.8673354 1.6738527 1.6738527 1.6962616 1.5626156 1.4953986 1.4687663 1.2362940 1.8991504 1.6124857 1.7133535 2.0540615 1.5296832 1.5226163 1.6201227 1.6461785 1.5095432 1.7542708 1.8335771 1.5381857 2.3846945 
Exapal_XM_021060143.2                                            1.3094075 1.2798332 0.9379976 1.2585441 0.7973540 1.1374490 1.1110899 1.1034716 1.0354793 1.0603312 1.0165101 0.9816636 0.9605936 1.0098834 1.1138227 1.1833312 1.3443752 1.0499267 1.2312595 0.8770616 0.9838797 0.8438754 0.8694559 1.4470536 0.4348708 0.0000000 0.5753679 0.5760801 0.5179925 0.5595421 0.5638108 0.5561443 0.9251757 1.0268477 0.9472295 0.8837599 1.0435567 1.4152628 1.1569893 1.1957990 1.2384471 1.2452991 1.1726150 1.3263007 0.9719633 1.2313015 1.3169195 1.5492355 1.5689725 1.6038713 1.1513214 2.1946594 1.1485666 1.1860636 1.6418593 1.1326615 1.7794818 1.4155406 1.4155406 1.8317371 1.4201166 1.3235938 1.2564675 1.5940495 1.6529791 1.7320861 1.6901884 1.8315192 1.6732802 1.6732802 1.7588448 1.6515588 1.5809528 1.5359110 1.4199883 2.0369746 1.7589311 1.7190062 2.1954908 1.4342579 1.4913284 1.5301324 1.6542290 1.4699056 1.6231725 1.6704751 1.5928102 2.3051698 
Amil_Amillepora00003-RA                                          1.3198489 1.2549649 1.0808208 1.3019817 0.9669690 1.1114104 1.0131561 1.0224742 0.9815928 1.0333116 1.0462096 0.9812372 1.0770051 1.0595637 1.3233240 1.1653072 1.3145654 1.0551073 1.1839073 0.8162290 0.8261709 0.8218797 0.8944455 1.6386815 0.5792228 0.5753679 0.0000000 0.0131721 0.2304922 0.2455011 0.2571871 0.3530357 0.6336229 0.6094525 1.0438870 0.9611910 1.0095088 1.4349325 1.3729354 1.3913663 1.3985710 1.4216997 1.3679642 1.3858175 1.1903812 1.4587457 1.3991907 1.4963370 1.5575731 1.5437181 1.3208113 1.9709385 1.3228284 1.3603843 1.4941191 1.1914580 1.8320881 1.4697003 1.4697003 2.0500075 1.3193502 1.3378857 1.2294298 1.5887089 1.6316075 1.7729561 1.6409308 1.8391680 1.6025276 1.6025276 1.6939277 1.6558051 1.5562145 1.5362055 1.4464136 2.1633602 1.8863340 1.4834282 2.0056307 1.4703812 1.6058799 1.4518223 1.6497471 1.5947953 1.5800973 1.7592351 1.6219811 2.4308126 
Adig_XM_015904195.1                                              1.3183651 1.2476988 1.0522092 1.2644378 0.9655575 1.0752412 0.9987068 0.9953536 0.9821940 1.0401982 1.0527708 1.0004135 1.0602399 1.0564854 1.3277658 1.1720946 1.3263098 1.0642660 1.1958535 0.7966453 0.8262849 0.8128485 0.8738328 1.6259275 0.5771468 0.5760801 0.0131721 0.0000000 0.2304536 0.2628230 0.2681443 0.3453339 0.6238865 0.6094525 1.0308517 0.9686286 1.0133744 1.4552388 1.3959505 1.4145848 1.4140323 1.4453921 1.3908184 1.3844730 1.1928039 1.4380709 1.4320577 1.4976105 1.5925709 1.5237673 1.3323685 1.9844493 1.3384349 1.4141272 1.5185850 1.1794521 1.8055126 1.4697003 1.4697003 2.0426816 1.3180795 1.3378857 1.2306465 1.6172369 1.6162884 1.7703739 1.6204418 1.8157189 1.6162915 1.6162915 1.6723924 1.6444077 1.5561334 1.5362214 1.4464136 2.1417101 1.8662827 1.4630763 1.9878302 1.4794495 1.5898571 1.4722391 1.6294454 1.6102126 1.6111971 1.7523528 1.6219811 2.4512914 
Gfas_gfas1.m1.3140.m1                                            1.3121543 1.2147786 1.0084091 1.1786352 0.9718291 1.0280080 1.0041960 1.0708064 0.9557544 1.0181155 0.9851485 0.8750540 1.0262593 0.9959889 1.2032985 1.1090062 1.2418449 0.9598208 1.0847731 0.8711563 0.8341012 0.7078006 0.8200519 1.5985686 0.4890334 0.5179925 0.2304922 0.2304536 0.0000000 0.1474080 0.1739887 0.2068585 0.4888846 0.5053804 0.9774252 0.8957934 0.9358067 1.4563037 1.3330697 1.3790481 1.3160676 1.3807508 1.3331407 1.4382190 1.1863047 1.3985933 1.4974957 1.5540445 1.6592257 1.5612377 1.3633695 2.1162027 1.3579494 1.4165993 1.5208739 1.2256801 1.7398059 1.4100878 1.4100878 2.0999031 1.4054258 1.2435146 1.1535588 1.5307235 1.6227026 1.7535443 1.5532535 1.6499559 1.4961102 1.4961102 1.6118993 1.6194491 1.4470278 1.4340799 1.3453204 2.1434829 1.9222789 1.4414626 1.8640124 1.4089748 1.5691961 1.5003575 1.6891480 1.6678104 1.6073626 1.7062774 1.4821948 2.0162658 
Gasp_gasp1.m3.25922.m1                                           1.4122472 1.3311626 1.0908653 1.2566545 1.0175464 1.1761058 1.0756130 1.1246884 1.0151486 1.0870375 1.0840187 0.9392017 1.2550944 1.0822725 1.2756395 1.1591070 1.3074924 1.0647726 1.1265532 0.8966898 0.8623896 0.7917783 0.9142449 2.0425701 0.5032308 0.5595421 0.2455011 0.2628230 0.1474080 0.0000000 0.0366649 0.1905895 0.4134035 0.5069254 1.0142515 0.9926844 0.9946489 1.5217825 1.2630091 1.2974570 1.2462206 1.3600119 1.2840563 1.4992079 1.1984160 1.4291927 1.5108304 1.6482327 1.7072689 1.6927161 1.2934211 1.8727900 1.3398915 1.4302702 1.4800472 1.2749917 1.9055990 1.4443981 1.4443981 2.1172782 1.3770317 1.2886460 1.1902629 1.6344004 1.6582088 1.8155720 1.7064725 1.8307954 1.6220338 1.6220338 1.6641133 1.6588602 1.4959621 1.4830009 1.4600905 2.3404566 2.0948352 1.5621795 2.3037496 1.4314275 1.5381399 1.5130577 1.6667269 1.6093922 1.7119913 1.8140299 1.5878890 2.0019616 
Gasp_gasp1.m3.25930.m1                                           1.3400355 1.2982876 1.1148710 1.2241239 1.0338229 1.1318217 1.0933562 1.0963475 1.0066172 1.0736750 1.0792343 0.9451682 1.1730265 1.0649889 1.2278037 1.1587376 1.2761174 1.0833955 1.1401614 0.9080236 0.8449987 0.7929829 0.8965177 1.9044653 0.5225389 0.5638108 0.2571871 0.2681443 0.1739887 0.0366649 0.0000000 0.2187014 0.4072242 0.5394242 0.9464684 1.0017578 1.0052358 1.4455690 1.2481628 1.2824904 1.2253739 1.3427684 1.2638568 1.5242900 1.2098311 1.4397398 1.4621077 1.6069563 1.6827720 1.6410125 1.3234312 1.9726824 1.3711765 1.3719504 1.4371599 1.2703506 1.8937406 1.4453180 1.4453180 2.0958318 1.3659213 1.2791770 1.1694456 1.6669695 1.7639037 1.9166289 1.6789241 1.7823919 1.5955048 1.5955048 1.6285339 1.6082386 1.4995024 1.4865094 1.3671696 2.2089298 1.9647354 1.5484694 2.1570758 1.3975266 1.5578967 1.5218422 1.7090669 1.6676261 1.6192560 1.7536342 1.6355158 1.9987189 
Spis_XP_022805240_1                                              1.3595370 1.2937633 1.0284162 1.1784585 0.9541825 1.1007647 1.0489623 1.1006048 1.0246604 1.0780763 1.0492225 0.9261632 1.0444925 0.9763414 1.2478967 1.2452523 1.2850312 1.0449770 1.1205444 0.9031947 0.8611230 0.7613607 0.8569412 1.4532275 0.4635226 0.5561443 0.3530357 0.3453339 0.2068585 0.1905895 0.2187014 0.0000000 0.3283046 0.5996274 0.9935319 0.9113969 0.9852083 1.5083032 1.2630796 1.2940415 1.2827232 1.4266819 1.3273672 1.4003553 1.0869892 1.3779862 1.4401010 1.5629496 1.6197368 1.5453136 1.2726370 2.0173027 1.3005880 1.3184653 1.6476937 1.2709554 1.7662361 1.4036557 1.4036557 2.0602574 1.3898398 1.2616420 1.1691736 1.6280790 1.6444122 1.7577674 1.5521815 1.7009121 1.5133870 1.5133870 1.6413635 1.5577940 1.4087721 1.3958903 1.2290671 2.0118371 1.7507492 1.4499735 1.8832976 1.5140928 1.4989987 1.5183048 1.7359789 1.6791536 1.6678709 1.7399100 1.5288281 2.0464866 
Pocdam_XM_027180496.1                                            1.7964657 1.7255757 1.3134326 1.5076457 1.3982900 1.2623583 1.4827270 1.5259257 1.3804406 1.6194058 1.6749624 1.3467015 1.2998623 1.2384313 1.7994855 1.5232507 1.6282852 1.6945315 1.3932704 1.4382053 1.2205043 1.1626667 1.3236758 1.6102347 0.8452630 0.9251757 0.6336229 0.6238865 0.4888846 0.4134035 0.4072242 0.3283046 0.0000000 3.7657071 1.4412635 1.5158053 1.8225431 2.3802045 1.7808379 1.8443132 1.7753886 2.0051572 1.8576702 2.0077488 1.8514321 1.8529117 2.0804312 1.9058023 2.2119876 1.9541249 2.0983599 1.6669812 2.0016011 1.9962549 1.0353288 1.5440508 2.6527500 1.8670171 1.8670171 2.4506095 1.7746000 1.8162220 1.8692358 2.0056760 2.3756948 3.0778039 2.7283949 3.1636266 2.5747622 2.5747622 2.6009376 3.6574637 2.3109861 2.2669950 2.2211160 3.7062390 3.8641465 2.5935558 4.0163322 1.7835814 1.9376564 2.2944527 2.2281426 2.2521211 2.5898088 2.3736131 2.5089849 3.8534221 
Fspp_ffun1.m4.31783.m1                                           1.4679665 1.1617979 1.4072745 1.5104821 1.4406355 1.6715883 1.0276438 1.1274318 1.1561166 1.0265145 1.0539868 1.1500492 1.4189998 1.1889910 1.4455526 1.3294746 1.2434762 1.1080231 1.4455685 1.1877404 1.1148752 1.1598156 1.0915937 4.1253494 0.8485706 1.0268477 0.6094525 0.6094525 0.5053804 0.5069254 0.5394242 0.5996274 3.7657071 0.0000000 1.1862148 1.0574643 0.9419245 1.1395105 1.2654044 1.2296853 1.1535297 1.2102180 1.3379107 1.8768651 1.4648896 1.5069132 1.6424665 1.8693287 1.8693287 1.3046878 1.6715431 5.3338727 1.3653841 1.7867252 9.0000000 1.3503103 2.2602761 2.1333893 2.1333893 1.9142955 1.9142955 1.4628530 1.2087054 1.8365399 2.1017269 1.8672753 1.5618160 1.4694867 1.5414053 1.5414053 1.7137080 1.6876705 1.4185223 1.4536379 1.4731951 1.3287632 1.3287632 1.4842499 1.2787618 1.0748975 1.5239685 1.4083008 1.8625262 1.8316926 1.7377839 2.5607844 1.2865188 4.0672212 
Morvir_scaffold149.g17.t1                                        1.4214218 1.3243145 1.0134475 1.2826040 0.9949026 1.2894422 1.0841847 1.1725820 1.1094365 1.1757150 1.1053338 0.8924431 1.1237047 1.1406388 1.3108282 1.3157188 1.4091797 0.9262180 1.1651933 0.9132416 0.9016289 0.8735395 0.7437852 1.8689720 0.7777443 0.9472295 1.0438870 1.0308517 0.9774252 1.0142515 0.9464684 0.9935319 1.4412635 1.1862148 0.0000000 1.1534728 1.1231891 1.2870548 1.4192841 1.4614351 1.3664799 1.3856808 1.3603473 1.2463425 1.1715874 1.3673657 1.4532969 1.5825226 1.6826246 1.7227557 1.4175538 2.1618831 1.4380501 1.2243317 1.4946165 1.2386626 1.8070150 1.4529478 1.4529478 2.1403321 1.3999584 1.4727895 1.5939632 1.4127456 1.5995052 1.6315056 1.9719753 2.0330706 1.9052484 1.9052484 1.9048628 1.8093622 1.9891702 1.9442619 1.5076930 2.4367434 2.3747291 2.0278422 2.4891330 1.7193305 1.7499011 1.6159210 1.6760237 1.6555167 1.8110477 1.6788719 1.6280575 3.0654667 
Dgig_XM_028548800.1                                              1.5094065 1.4729409 1.1483432 1.3663361 1.0853321 1.2534090 1.1403530 1.1735670 1.0991030 1.2291881 1.2805574 0.9700232 1.1584271 1.0718435 1.4148164 1.2985648 1.5332951 1.3480300 1.5207567 1.1483551 1.0565017 1.1362024 1.0682346 1.9674721 0.8591846 0.8837599 0.9611910 0.9686286 0.8957934 0.9926844 1.0017578 0.9113969 1.5158053 1.0574643 1.1534728 0.0000000 0.4710610 1.3384609 1.5664131 1.5866653 1.5317891 1.5460476 1.4705655 1.6744185 1.2838886 1.4218067 1.7458494 1.5782775 1.7377793 1.8588868 1.3581567 2.0087208 1.4247925 1.4428646 1.6578451 1.2600710 1.9589163 1.6542580 1.6542580 2.3125094 1.5817579 1.4523758 1.6075131 1.6053295 1.8707486 1.7614876 1.9756647 2.1326941 1.8894143 1.8894143 1.9261940 1.9370918 1.8247140 1.8195706 1.4418936 2.3593284 2.2103160 1.7847117 2.4765962 1.7797424 1.7803139 1.5709837 1.9722932 1.8949920 1.8163186 1.9150988 1.6386122 2.9594679 
Xesp_000521-T1                                                   1.5148872 1.5069292 1.2807496 1.5054014 1.2257586 1.4733784 1.2927676 1.3282868 1.3023911 1.2863967 1.2738009 1.0250907 1.0593378 1.0288127 1.5248678 1.3620347 1.5240480 1.3942164 1.5175224 1.3108808 1.2292686 1.2005304 1.1051922 1.9946823 0.9378962 1.0435567 1.0095088 1.0133744 0.9358067 0.9946489 1.0052358 0.9852083 1.8225431 0.9419245 1.1231891 0.4710610 0.0000000 1.4282519 1.7176342 1.7096652 1.6000650 1.6553904 1.6084174 1.6281388 1.2985115 1.5871141 1.5780100 1.5689065 1.6994622 1.8323185 1.4836216 2.7521862 1.4352004 1.4752177 2.1712613 1.2777099 2.0904707 1.6163275 1.6163275 2.2326093 1.5847247 1.5078364 1.6435226 1.7340848 1.9193427 1.9142343 2.0755831 2.2255307 1.9686139 1.9686139 2.0313060 1.8777370 2.0005695 2.0035791 1.5758054 2.2654641 2.0356986 1.9058818 2.4565908 1.9737732 1.9519623 1.5795438 1.9447656 1.9124033 1.8550123 1.7164473 1.5574308 3.2781511 
Hsap_ENST00000327304                                             1.3032817 1.1263106 0.9652865 1.0609227 0.9875099 1.0582321 1.0979834 1.0669424 0.9787355 1.1486606 1.1382216 1.1067236 1.1951740 1.1972499 1.1364779 1.1846785 1.1452651 1.4614632 1.7871595 1.4861098 1.5196045 1.3689872 1.3237827 2.0229768 1.3043762 1.4152628 1.4349325 1.4552388 1.4563037 1.5217825 1.4455690 1.5083032 2.3802045 1.1395105 1.2870548 1.3384609 1.4282519 0.0000000 1.7219564 1.7700873 1.7235391 1.6926922 1.5407399 1.7465300 1.5972386 1.5910936 1.6421877 1.6037828 1.7259182 1.6500863 1.5830017 2.7854597 1.6846139 1.5578079 2.2572605 1.5018075 1.7661809 1.5834066 1.5834066 2.0537654 1.4954447 1.6540755 1.7880494 1.6640770 1.8881917 1.8371160 1.9565058 2.2554021 2.0040714 2.0040714 2.0037979 1.9202209 2.0494890 2.0771215 1.6625207 2.5924527 2.3659162 2.0113702 2.9148030 1.6110378 1.7084662 1.5640393 1.5209596 1.4609559 1.7039493 2.1630589 1.3616567 3.5434336 
HoiH23_PlH23_004148-RA                                           1.7593182 1.4483895 1.3925676 1.6599073 1.3176184 1.5784493 1.5559373 1.5780294 1.5673354 1.4599529 1.4578217 1.3806980 1.0033194 1.3628580 1.3712566 1.5123934 1.5858556 1.4079679 1.6782626 1.5221776 1.5021752 1.4855197 1.3968420 1.6504817 1.3312066 1.1569893 1.3729354 1.3959505 1.3330697 1.2630091 1.2481628 1.2630796 1.7808379 1.2654044 1.4192841 1.5664131 1.7176342 1.7219564 0.0000000 0.0401954 0.0915399 0.1367247 0.2568508 1.5968846 1.7029893 1.5372746 1.9235704 2.1822286 2.1852916 2.1990562 1.5712118 3.0450974 1.5379194 1.5664307 2.0388829 1.4311077 1.9908431 1.8437787 1.8437787 2.2537515 1.6724669 1.7233438 1.7816909 1.5894175 1.9780538 1.9418283 1.7566700 1.7801183 1.7395548 1.7395548 1.9923686 1.7999267 1.7421188 1.8038682 1.4327650 2.1130224 1.9599840 1.8648498 1.9801347 1.5567599 1.5449685 1.7562218 1.8490555 1.7554738 1.8824005 1.8082551 2.0403797 3.6815197 
HoiH06_mRNA1642                                                  1.8062171 1.5167081 1.4492523 1.7363208 1.3761150 1.6483608 1.5217644 1.5511202 1.5420539 1.4817731 1.4330824 1.4093940 1.0589106 1.4129101 1.3912370 1.5085164 1.6129555 1.4322556 1.7048950 1.5979518 1.5094788 1.4901130 1.3992722 1.5907974 1.3642391 1.1957990 1.3913663 1.4145848 1.3790481 1.2974570 1.2824904 1.2940415 1.8443132 1.2296853 1.4614351 1.5866653 1.7096652 1.7700873 0.0401954 0.0000000 0.1073328 0.1489916 0.2822665 1.6321557 1.7363450 1.5387126 1.8983880 2.1543244 2.1575801 2.1456447 1.6042913 3.0588592 1.5527719 1.6208886 2.0711507 1.4516401 1.9234782 1.8772239 1.8772239 2.3051013 1.6972496 1.7501917 1.7531467 1.6505333 2.0583085 2.0094935 1.7729930 1.8160264 1.7764876 1.7764876 2.0414101 1.8585001 1.7656677 1.8279847 1.4378542 2.0372506 1.9117657 1.8179871 2.0228005 1.6148627 1.6295089 1.7980696 1.8702722 1.7812252 1.8535527 1.8753205 2.0771324 3.7455530 
HoiH04_mRNA13768                                                 1.7766888 1.6252367 1.4013272 1.6786223 1.3830580 1.6566421 1.5265602 1.5735092 1.5554323 1.5025939 1.4928417 1.3747476 1.1065200 1.4199101 1.4336125 1.6280583 1.7247804 1.4215625 1.6395281 1.5737318 1.4994540 1.4457454 1.3955699 1.6821265 1.3838472 1.2384471 1.3985710 1.4140323 1.3160676 1.2462206 1.2253739 1.2827232 1.7753886 1.1535297 1.3664799 1.5317891 1.6000650 1.7235391 0.0915399 0.1073328 0.0000000 0.1810366 0.2777706 1.6083236 1.7022413 1.5692760 1.9586070 2.1719745 2.2428019 2.1569538 1.6001639 2.9394629 1.6051745 1.5579657 2.0994054 1.4452618 2.0206763 1.8907678 1.8907678 2.4280085 1.7613744 1.6260784 1.7258973 1.6487068 2.0681726 1.9991995 1.8631770 1.9386239 1.8291100 1.8291100 2.0320344 1.8725451 1.8825033 1.9428753 1.5641383 2.2026863 2.0525412 1.9766099 2.0987915 1.5827269 1.5920952 1.7661225 1.7080647 1.8026467 1.8858932 1.7652207 2.0897856 3.9906250 
HoiH11_mRNA5527                                                  1.7773285 1.5001514 1.3208424 1.6995694 1.3204369 1.5604311 1.4714903 1.5271096 1.5086351 1.4632267 1.4630040 1.3109724 1.1237351 1.4092810 1.3657693 1.5322094 1.6648580 1.3736327 1.7071788 1.4936977 1.4687265 1.4673105 1.4223152 1.8141092 1.4209986 1.2452991 1.4216997 1.4453921 1.3807508 1.3600119 1.3427684 1.4266819 2.0051572 1.2102180 1.3856808 1.5460476 1.6553904 1.6926922 0.1367247 0.1489916 0.1810366 0.0000000 0.2225222 1.4796934 1.6644997 1.4897563 1.9252984 2.0651827 2.1072144 2.1214711 1.4573068 2.7266823 1.4785847 1.5858281 2.0563644 1.4636849 1.9729702 1.8902137 1.8902137 2.3278092 1.7009959 1.7113013 1.7798220 1.6949012 2.0805123 1.9343869 1.7739065 1.7761328 1.7157758 1.7157758 1.9230649 1.7447585 1.7808032 1.8442213 1.4400685 2.1208215 1.9672270 1.8427653 2.0132315 1.6709564 1.6911199 1.7480961 1.7360327 1.7203777 1.8138999 1.8166848 2.0828301 3.4607849 
