102
Tadh_TriadT31406                                       0.0000000 0.0091042 0.1551583 0.1957681 0.1893328 0.1912323 0.8704757 1.0360953 0.8675713 1.1065070 0.8644051 1.0773894 1.1014191 0.7074758 0.9112509 1.2054604 1.0394374 1.0824029 1.0030993 1.1203357 1.0115105 0.9966307 1.3766315 1.0516376 1.0965149 1.1528009 1.7326110 1.0760199 1.0581048 1.0811671 1.1914748 1.1162784 1.1191858 1.0482926 1.1635345 1.1986749 1.2629019 1.2391769 1.5434432 1.1900267 1.1021477 1.0040785 1.0836198 1.0757743 1.0803229 0.9892042 0.8712737 1.0577764 1.1784819 1.2806407 1.3385247 1.2267917 1.0717162 1.3687006 1.2542325 1.2542325 1.3395307 1.2273725 1.2933869 1.2989168 1.3983326 1.4299275 1.4126624 1.0806572 1.3019799 1.0257164 1.4954445 1.7014049 1.5827024 1.6427759 1.7388765 1.3299513 1.8500056 1.5938219 1.5786155 1.6694750 1.5120892 1.6731263 1.5602962 1.5602962 1.8242541 1.8242541 1.8511516 1.7445200 1.8295497 2.0724052 2.2868463 1.8304371 1.8622384 1.8400148 1.9374114 1.9871508 1.9871508 1.6027472 1.8475634 1.8647258 1.7195111 1.5879211 1.1612698 1.2184179 3.4938046 2.1096025 
TrH2_TrispH2_005020-RA                                 0.0091042 0.0000000 0.1512913 0.1909848 0.1836966 0.1872185 0.8704757 1.0388135 0.8710970 1.0988148 0.8668209 1.0800215 1.1016441 0.7232425 0.9146798 1.2008831 1.0453741 1.0867472 1.0059036 1.1249160 1.0085610 1.0091566 1.3779387 1.0542681 1.1043296 1.1442409 1.7346570 1.0570129 1.0422420 1.0779718 1.1991521 1.1082373 1.1113823 1.0474503 1.1654024 1.2007569 1.2546443 1.2325637 1.5551580 1.1847966 1.1034284 1.0077604 1.0884915 1.0806661 1.0808863 0.9927472 0.8748677 1.0724749 1.1765423 1.2708328 1.3472937 1.2405265 1.0667286 1.3768149 1.2382451 1.2382451 1.3315677 1.2125762 1.2865953 1.2917047 1.3918623 1.4232359 1.4061051 1.0717847 1.2970369 1.0262131 1.4838742 1.6851248 1.5712631 1.6405624 1.7306152 1.3141224 1.8416776 1.5779289 1.5628442 1.6591635 1.4918465 1.6646045 1.5571140 1.5571140 1.8189668 1.8189668 1.8412713 1.7509913 1.8196949 2.0635219 2.2633411 1.8239847 1.8557215 1.8446857 1.9148389 1.9994096 1.9994096 1.5940217 1.8580221 1.8759782 1.7195111 1.5980780 1.1490565 1.2241699 3.5162101 2.1450785 
Hhon_g07153.t1                                         0.1551583 0.1512913 0.0000000 0.0348420 0.1245157 0.1247635 0.9187476 1.0161748 0.8618679 1.0668455 0.8342540 0.9935421 1.0526962 0.6918737 0.8477542 1.1437947 1.0556833 1.0545650 1.0367305 1.1306848 1.0574344 0.9513985 1.2543879 1.0003646 1.1476060 1.1579833 1.7790314 1.1023236 1.1122968 1.0473875 1.1807968 1.0708809 1.0659052 0.9846105 1.0956544 1.1301660 1.1930937 1.1465879 1.3572325 1.1089176 1.1201763 0.9435803 1.0455393 1.0121059 1.0351261 0.9533286 0.8022556 1.0653165 1.1750014 1.2402636 1.4164373 1.1648146 1.0277519 1.2643426 1.1883775 1.1883775 1.2811880 1.1369272 1.2445022 1.2340077 1.3803743 1.4310297 1.3279734 1.0003132 1.2551393 0.9586901 1.4415988 1.6387284 1.5997218 1.6044542 1.6655886 1.2824352 1.7788166 1.5333227 1.4752428 1.6313125 1.5164464 1.6609692 1.5032062 1.5032062 1.7962874 1.7962874 1.7043895 1.7142575 1.7141879 1.9855358 2.1159174 1.8760284 1.8916161 1.9079336 2.0148431 2.0153680 2.0153680 1.4756729 1.7308702 1.8735382 1.5891931 1.5507099 1.2707916 1.2356482 3.2984839 2.0450922 
HoiH04_mRNA4151                                        0.1957681 0.1909848 0.0348420 0.0000000 0.1289007 0.1518630 0.9022850 0.9907025 0.8612827 1.0610137 0.8287351 0.9621638 0.9583215 0.6911552 0.8472161 1.1402193 0.9619546 0.9693289 0.9511232 1.0502133 0.9308667 0.8880707 1.2543879 0.9077462 1.0068960 1.0245753 1.6191773 1.0476920 0.9972106 0.9551628 1.0952378 0.9966266 0.9999512 1.0095702 1.0579911 1.0868737 1.0886833 1.0539500 1.3572325 1.0461668 1.1201763 0.9017372 1.0173107 1.0095963 1.0257694 0.9648499 0.8233103 1.0993524 1.1956469 1.2449632 1.4343812 1.1051826 1.0466451 1.1388374 1.1902390 1.1902390 1.1714556 1.0615641 1.1432231 1.1350417 1.3004886 1.2907191 1.2167688 0.8584238 1.1686296 0.9697887 1.2882895 1.4896623 1.4770315 1.4694550 1.5553012 1.2907775 1.7161443 1.4543122 1.3614196 1.4392298 1.5374383 1.4273129 1.5099116 1.5099116 1.7962874 1.7962874 1.4539545 1.7142575 1.4764665 1.7314615 1.5125103 1.5918302 1.5790269 1.9079336 1.8086510 1.7830369 1.7830369 1.4158989 1.7109700 1.8212098 1.6036917 1.4556075 1.4033219 1.5360712 3.5837225 1.9133382 
HoiH06_mRNA12434                                       0.1893328 0.1836966 0.1245157 0.1289007 0.0000000 0.0417526 0.8765019 0.8537781 0.8799555 0.8558032 0.8664448 0.8654474 0.8891396 0.7689535 0.9174046 1.1012413 0.9350534 0.9594437 0.9005447 1.0076156 0.8737825 0.8451528 1.3149688 0.8459040 0.9375698 0.8866470 1.3407610 0.9386154 0.8508186 0.8347696 1.0316075 0.9175740 0.8770918 0.9107823 0.9297495 0.9148535 0.9541671 0.9615400 1.5086764 1.0223454 1.1635620 0.8701409 0.9759406 1.0037694 1.0450360 0.9830683 0.8888914 1.0364743 1.1115346 1.1481296 1.4326457 1.0183472 1.0361016 1.2337658 1.2553150 1.2553150 1.1796650 0.9933923 1.0890294 1.0519867 1.2269656 1.1872358 1.0834117 0.8198301 1.0839965 1.0144881 1.1482670 1.3105256 1.2659848 1.2645866 1.3550726 1.1074492 1.6413468 1.3239844 1.3718754 1.4143772 1.4143772 1.3179058 1.5048993 1.5048993 1.8201000 1.8201000 1.3708999 1.6663945 1.4867394 1.6657900 1.3004701 1.4201944 1.4223501 1.8847947 1.6422192 1.6717232 1.6717232 1.2405184 1.8521967 1.6982532 1.7204334 1.3724271 1.0863428 0.7360459 4.4554237 1.6953822 
HoiH23_PlH23_004915-RA                                 0.1912323 0.1872185 0.1247635 0.1518630 0.0417526 0.0000000 0.8390228 1.0474488 0.8525746 1.0590616 0.8734297 1.0464455 1.1030820 0.7663846 0.9297056 1.1674760 1.0814776 1.0945844 1.0418783 1.1338528 1.0597620 0.9508109 1.3147502 1.0027224 1.1262644 1.1442566 1.6901005 1.0858769 1.0781888 1.0404573 1.1936931 1.1026330 0.9895956 1.0399976 1.1090651 1.1328774 1.2095984 1.1910870 1.5426938 1.1677947 1.1771320 0.9680172 1.0895544 1.0464208 1.0367442 0.9984039 0.8438892 1.0704028 1.1657682 1.2894679 1.4924445 1.1398952 1.1238030 1.3418340 1.2273014 1.2273014 1.3381609 1.1967567 1.2640268 1.2580747 1.3902913 1.3669173 1.3009512 1.1027934 1.2667263 1.0194591 1.4864388 1.6279360 1.5972587 1.6112033 1.6762977 1.2685864 1.8369318 1.5556287 1.5588854 1.6333716 1.5005984 1.6083191 1.5218193 1.5218193 1.8166933 1.8166933 1.7102631 1.6785789 1.7563513 1.9541422 2.0930314 1.8174549 1.8366318 1.8899896 1.9744129 2.0165320 2.0165320 1.5073834 1.8087416 1.9083780 1.7309972 1.6340936 1.2255340 1.3103699 3.4093737 2.0632092 
Xestes_maker-XT_scaffold577-augustus-gene-0.2-mRNA-1   0.8704757 0.8704757 0.9187476 0.9022850 0.8765019 0.8390228 0.0000000 0.5805828 0.6781115 0.6847153 0.8138185 0.6651195 0.6329280 0.8675561 0.8675561 0.6886769 1.0233329 0.8689865 0.8643108 0.8643108 0.8710372 0.7328740 0.6082485 0.7698359 0.8612157 0.8677614 1.0233667 0.7781622 0.8343070 0.9105889 0.8499848 1.0290877 0.8362553 0.8545869 0.8237195 0.7290823 0.8574620 0.8574620 0.0000010 0.8823561 0.0000010 0.7003019 0.6906024 0.7665794 0.9044338 0.7675003 0.8701825 0.7053757 0.8438534 0.8492218 0.3090469 0.9811025 1.1248034 0.7905487 0.8440393 0.8440393 0.7381807 0.7614825 0.9594581 1.0209920 1.0543834 0.9427003 1.0397997 0.8472723 0.7991522 1.1720509 1.1793950 1.0286167 0.9987450 0.9774085 0.9553684 0.9215128 1.2973158 1.2630185 1.2899863 1.5682714 1.5682714 1.1294424 1.0474629 1.0474629 0.6576256 0.6576256 1.0222322 0.9869103 0.8757421 1.0171699 0.9479417 1.1027601 1.0367420 0.9851530 1.4101213 1.4587083 1.4587083 1.1017330 1.3674873 1.9747637 2.4291169 1.8218924 0.9836356 0.3949309 2.8140962 3.7641941 
Halamb_c43972_g1_i1m.16871                             1.0360953 1.0388135 1.0161748 0.9907025 0.8537781 1.0474488 0.5805828 0.0000000 0.3616921 0.3889517 0.5195183 0.7085876 0.7152163 0.5688645 0.6274881 0.9796938 1.0399937 1.0007459 1.0128131 1.1725190 1.0420566 0.9212658 0.7825025 1.0216843 1.1104878 1.1794220 2.0362557 1.0928581 1.0810153 1.1835943 1.0531942 1.2199062 1.1372936 0.9574181 1.0894225 1.1924508 1.1590400 1.0254014 0.7784860 0.9586940 1.0549326 0.8595612 0.8704395 0.8999608 0.8245009 0.7644332 0.8313220 0.9335369 1.0619295 1.0420948 1.0403914 1.1894878 1.0175133 1.0059304 0.8285086 0.8285086 0.9960508 0.9713298 1.1842278 1.2257598 1.2934691 1.2026913 1.2825989 1.1849012 1.1839970 0.9469824 1.2322935 1.3685678 1.2794121 1.2891841 1.3656106 1.1889322 1.7294917 1.4080868 1.3122581 1.4890339 1.2832241 1.5176775 1.2696981 1.2696981 1.4866207 1.4866207 1.5844222 1.5011183 1.4932518 1.5781527 1.7606772 1.5605192 1.5741442 1.4257263 1.7117681 1.8332059 1.8332059 1.4232311 1.4685062 1.8912311 1.4770334 1.6669468 1.5773163 0.9181752 3.0737809 2.4114907 
Xestes_maker-XT_scaffold31668-augustus-gene-0.8-mRNA-1 0.8675713 0.8710970 0.8618679 0.8612827 0.8799555 0.8525746 0.6781115 0.3616921 0.0000000 0.4247564 0.5419602 0.5183310 0.5305854 0.4845827 0.5740301 0.8508845 0.8990762 0.9029500 0.8573340 1.0934855 0.8050623 0.7326729 0.7343726 0.7306466 0.9143945 0.9373180 1.9805154 0.8249090 0.8239671 0.9014277 0.8463817 1.0203043 0.8613825 0.7150545 0.9845539 1.0237466 0.8918540 0.7694946 0.8970533 0.8049320 0.8478985 0.7981022 0.7485915 0.8071661 0.7409161 0.7311141 0.7738812 0.8869464 0.9461138 0.9186045 0.8757390 0.9311157 0.8645846 0.9002694 0.8489665 0.8489665 0.9092755 0.8706762 0.8368403 0.7821555 0.9618763 0.8254923 0.8576143 0.8340109 0.8436309 0.9319654 0.9776848 1.0998216 1.1040424 1.0611798 1.1244625 1.0145181 1.5511517 1.2352492 1.3949614 1.4545703 1.4545703 1.4418973 1.4061716 1.4061716 1.6303467 1.6303467 1.4691056 1.5620938 1.4649793 1.5983429 1.6786169 1.4380781 1.4599593 1.3514176 1.4495586 1.5471007 1.5471007 1.1564258 1.6902981 1.6499145 1.7047504 1.5733837 1.5994806 3.3724962 6.9756988 0.3168218 
Aque_Aqu2.1.33418_001                                  1.1065070 1.0988148 1.0668455 1.0610137 0.8558032 1.0590616 0.6847153 0.3889517 0.4247564 0.0000000 0.5842347 0.7499801 0.7941642 0.6277946 0.6608368 0.9607862 1.0177890 1.0383187 1.0060042 1.1697476 1.1874251 0.9715437 0.8068780 1.0265025 1.1674478 1.2143837 1.9968624 1.1492550 1.0891151 1.1690055 1.0710196 1.2231765 1.1536714 0.9653210 1.1413775 1.2302873 1.2801954 1.1249231 1.0405484 1.0055445 0.9345589 0.8863374 0.9043496 0.9156021 0.8565466 0.7289089 0.8988099 0.9572513 1.0449810 1.0122301 0.8821257 1.1445700 1.1160927 1.1653347 0.8874104 0.8874104 1.1037650 1.0321299 1.1966660 1.1928703 1.2861248 1.2806632 1.3815986 1.2808457 1.2413751 0.9481304 1.2766926 1.3320728 1.2134912 1.2064745 1.2677595 1.2479817 1.6946951 1.3837406 1.2821939 1.4225194 1.2894188 1.4224922 1.3170206 1.3170206 1.6093192 1.6093192 1.6031930 1.6232901 1.6810181 1.6617026 1.9922901 1.5386314 1.5672893 1.3597175 1.6103572 1.7371563 1.7371563 1.3678718 1.2836818 1.8248774 1.3866769 1.6201655 1.4777664 1.1158777 3.3259995 2.5471020 
Stycar_maker-SC_scaffold2946-snap-gene-0.17-mRNA-1     0.8644051 0.8668209 0.8342540 0.8287351 0.8664448 0.8734297 0.8138185 0.5195183 0.5419602 0.5842347 0.0000000 0.4388357 0.4265058 0.4998784 0.4981311 0.7540919 0.8437399 0.7756746 0.8051353 0.9609980 0.8284478 0.6876386 0.7136405 0.6366283 0.8573914 0.8269818 2.1222660 0.7305657 0.7755848 0.8550838 0.8383312 0.8414292 0.8074359 0.7427985 0.8701112 0.8675236 0.8708633 0.6886880 0.8980807 0.7329892 0.9737091 0.7336016 0.7607473 0.7560979 0.7169513 0.7419305 0.8095747 0.8203173 0.9210232 0.7454149 0.7809237 0.9052869 0.7788588 1.0525447 1.0514069 1.0514069 1.0701402 0.8517055 0.9268217 0.8882041 0.9615753 0.9761299 0.9126831 0.7760006 0.9558149 0.7593657 1.0350787 0.9342353 0.9666107 0.9510412 1.0827905 0.9322387 1.6728257 1.2287597 1.3285901 1.2748376 1.2748376 1.3649163 1.5597583 1.5597583 1.8203984 1.8203984 1.5940191 1.7235670 1.4783784 1.5739958 1.9489594 1.4901577 1.5173603 1.3915039 1.5296168 1.6318894 1.6318894 1.2473529 1.4625252 1.6455052 1.5962645 1.5893163 1.8303070 0.8659071 6.4635873 1.2986860 
Emue_Em0017g565a.t1                                    1.0773894 1.0800215 0.9935421 0.9621638 0.8654474 1.0464455 0.6651195 0.7085876 0.5183310 0.7499801 0.4388357 0.0000000 0.1099231 0.5368505 0.5236969 1.0190541 1.0579198 1.0064761 1.0378148 1.1847542 1.1292300 0.9487371 0.7379370 1.0661211 1.1841004 1.2389703 2.0682266 1.0486360 1.0995480 1.1770295 1.0823967 1.1735012 1.1258558 0.9297394 1.1092532 1.1920752 1.3672829 1.1381538 1.0800077 0.9896889 0.9716137 0.9303785 0.8772121 0.9670824 0.8179015 0.7465766 0.8075248 0.9920263 1.0595964 1.0334145 0.9290999 1.2048020 1.0989664 1.1116286 0.9276698 0.9276698 1.1700216 1.0555404 1.0952470 1.1503212 1.1784568 1.2334271 1.2448330 1.3364395 1.2140850 0.9027501 1.1796771 1.3047373 1.2329457 1.2048612 1.2581653 1.2562178 1.6687519 1.4549981 1.4012873 1.3781782 1.2108615 1.4939796 1.3298638 1.3298638 1.5945988 1.5945988 1.6135051 1.6762859 1.6710190 1.6565657 1.7819561 1.7044049 1.7219797 1.6071220 1.6515851 1.7249855 1.7249855 1.4772905 1.5588430 1.7233980 1.3942543 1.6303272 1.3156162 0.7975510 3.3296996 2.7486213 
Spolac_c100459_g1_i1_m.22496c100459-g1                 1.1014191 1.1016441 1.0526962 0.9583215 0.8891396 1.1030820 0.6329280 0.7152163 0.5305854 0.7941642 0.4265058 0.1099231 0.0000000 0.5215067 0.5090580 1.0653832 1.0490342 1.0073524 1.0371121 1.1598324 1.1003280 0.9608839 0.8090630 1.0660205 1.1766898 1.2399361 2.2229482 1.0702233 1.0887410 1.1692178 1.1045226 1.2302709 1.1560208 1.0114036 1.1870533 1.2582121 1.3094658 1.1080400 1.1359928 0.9739427 1.0489729 0.9360936 0.9070016 0.9364883 0.8124585 0.7526829 0.8379184 0.9917142 1.1041811 0.9947099 0.9160220 1.2464274 1.1409714 1.1186397 0.9764952 0.9764952 1.1627954 1.0717894 1.1639255 1.2470509 1.3122020 1.3808278 1.3802450 1.3083852 1.2954848 0.9205157 1.2342187 1.2866288 1.2416073 1.2347266 1.2836103 1.2104447 1.6761333 1.4869589 1.4422647 1.4775676 1.2935407 1.5730052 1.3489874 1.3489874 1.5943819 1.5943819 1.5836148 1.6288713 1.6524551 1.6571917 1.7883771 1.8234395 1.8238050 1.5608397 1.6661876 1.7056861 1.7056861 1.5769066 1.5380411 1.9042716 1.4651822 1.7923599 1.5015819 0.9423178 3.1935186 3.2771082 
Tetwil_g15186.t1                                       0.7074758 0.7232425 0.6918737 0.6911552 0.7689535 0.7663846 0.8675561 0.5688645 0.4845827 0.6277946 0.4998784 0.5368505 0.5215067 0.0000000 0.0668991 0.7067982 0.8380117 0.7721733 0.8130112 0.8149767 0.7607470 0.7249956 0.7185294 0.6952060 0.8731860 0.8556433 2.1534679 0.7946801 0.7383765 0.7982370 0.8761086 0.9840923 0.8649995 0.7123944 0.8524650 1.0105483 0.7574090 0.8373879 0.8539491 0.7506520 0.6878135 0.7631838 0.7277508 0.7220835 0.7963426 0.6534729 0.8776853 0.7462620 0.9526782 0.8409485 0.7689918 0.9573416 0.7705089 0.8799213 0.8225299 0.8225299 0.8875235 0.9305558 0.8931296 0.8349141 0.9904804 0.9438978 0.9395852 0.7813066 0.7370653 0.8926632 1.0438241 0.9872633 0.9694247 0.9620496 1.0334207 1.1196937 1.5076723 1.1976142 1.3560975 1.3216313 1.3216313 1.3593512 1.4008762 1.4008762 1.5428908 1.5428908 1.4195250 1.1454646 1.3708140 1.4623401 1.9661459 1.4276082 1.4291401 1.3546639 1.3809004 1.3917723 1.3917723 1.3120116 1.2411955 1.7171010 1.3635307 1.3424389 1.7001894 2.3384575 5.2271757 0.7178298 
Tetwil_g25049.t1                                       0.9112509 0.9146798 0.8477542 0.8472161 0.9174046 0.9297056 0.8675561 0.6274881 0.5740301 0.6608368 0.4981311 0.5236969 0.5090580 0.0668991 0.0000000 0.8310917 0.8688826 0.7628002 0.8566069 1.0191843 0.8408773 0.7597482 0.7555679 0.7659152 0.9666153 0.9275713 2.2692666 0.8416596 0.7703416 0.8745991 0.9344816 0.9679283 0.9222101 0.7754971 0.9032446 1.0308345 0.9569522 0.8491715 0.9717563 0.7401563 1.0979150 0.8210975 0.7879681 0.8083830 0.9089138 0.7545538 0.9933909 0.9189362 1.0240395 0.9078512 0.8808400 1.0530802 0.8789474 1.0293618 0.9894996 0.9894996 1.0400886 1.0865870 0.9675990 0.9619167 1.0617228 1.0424864 1.0209010 0.8236394 0.9049423 0.9761056 1.1428745 1.1753116 1.2127836 1.1748479 1.1729860 1.2329836 1.6174942 1.2323752 1.4008300 1.4418729 1.4418729 1.4645358 1.6573149 1.6573149 1.9207279 1.9207279 1.6300226 1.5468064 1.5990426 1.6764302 1.9661459 1.6282590 1.6426141 1.6889541 1.3792660 1.4077549 1.4077549 1.3484089 1.4474819 1.6985054 1.3635307 1.4234882 1.7001894 2.3384575 5.7275767 0.7178298 
Spur_XM_030992871.1                                    1.2054604 1.2008831 1.1437947 1.1402193 1.1012413 1.1674760 0.6886769 0.9796938 0.8508845 0.9607862 0.7540919 1.0190541 1.0653832 0.7067982 0.8310917 0.0000000 0.9925690 0.9255926 0.9615034 1.0499155 1.0344064 0.9254147 0.7080166 1.0148960 1.1397360 1.2089119 2.1442439 1.0642187 1.0738113 1.1972196 1.1363748 1.2335447 1.0766004 0.8369648 0.8623563 0.8817530 1.3655034 1.1269100 1.1363292 1.0307273 0.9461464 1.0167111 0.9883302 1.0142261 0.8718473 0.7241973 0.9355808 0.9786760 1.1212343 1.0450050 0.9433337 1.1270834 0.7901994 1.2419670 0.9664823 0.9664823 1.2789684 1.1795863 1.2970260 1.3130165 1.3611809 1.2743520 1.3008389 1.2720919 1.0067014 1.0924206 1.4217127 1.5645936 1.5295086 1.4755588 1.5787998 1.2494044 1.5902600 1.4336736 1.4580006 1.7195574 1.6171469 1.6504277 1.3757920 1.3757920 1.5787553 1.5787553 1.6675986 1.7350245 1.6848953 1.7403921 1.9251237 1.7974224 1.8050753 1.4849918 1.6665932 1.7276739 1.7276739 1.5026050 1.3793241 1.8528005 1.6541832 1.7733740 1.2490671 1.4551686 3.4858003 2.4419517 
Mbre_EDQ91435                                          1.0394374 1.0453741 1.0556833 0.9619546 0.9350534 1.0814776 1.0233329 1.0399937 0.8990762 1.0177890 0.8437399 1.0579198 1.0490342 0.8380117 0.8688826 0.9925690 0.0000000 0.2055800 0.2111317 0.3346629 0.4009808 0.3601005 0.3495082 0.6109816 0.5981788 0.6163249 1.1495262 0.5537091 0.6137567 0.6884990 0.5516408 0.7454713 0.6673369 0.9901620 1.0118082 1.0568009 1.1554522 0.9886274 0.9518106 1.0230997 0.9634949 1.0935848 0.9927347 1.0104064 1.0054360 0.8307452 0.8962395 0.9902091 1.1180313 1.1360905 0.9244776 1.2434421 1.0450974 1.1154784 0.9148823 0.9148823 1.1415308 1.0221097 1.0784788 1.1557093 1.3567031 1.1833147 1.1683571 1.1587790 1.0891059 1.0192621 0.8330634 1.4288341 1.5782358 1.5865121 1.6445550 1.3687251 1.8280136 1.5003602 1.6730272 1.6713884 1.4571023 1.6365382 1.4565594 1.4565594 1.5897941 1.5897941 1.7317509 1.7630008 1.7626145 1.7307557 1.7340249 1.6077304 1.5961031 1.4443639 1.8772869 1.9265906 1.9265906 1.5443633 1.5639064 1.9288304 1.6302326 1.7366201 1.5857949 1.8560375 3.3414839 3.0644427 
Choper_EP00045_Choanoeca_perplexa_P016190              1.0824029 1.0867472 1.0545650 0.9693289 0.9594437 1.0945844 0.8689865 1.0007459 0.9029500 1.0383187 0.7756746 1.0064761 1.0073524 0.7721733 0.7628002 0.9255926 0.2055800 0.0000000 0.0975174 0.1901486 0.3459923 0.4277720 0.3674291 0.6270546 0.5908670 0.6361834 1.1453635 0.5561944 0.5831402 0.6418797 0.6119429 0.7366196 0.6458218 1.0407849 0.9099041 0.9405006 1.1196453 0.9452122 0.9495985 1.0160458 1.0765379 0.9927071 0.9086501 0.9733368 0.9622364 0.8293495 0.8784686 0.9605739 1.1120169 1.1079827 0.9303359 1.3231431 0.9525934 1.1485522 0.9057786 0.9057786 1.1693730 1.0650343 1.2348137 1.2842721 1.3427573 1.2480606 1.2187376 1.1305830 1.1856171 1.0760278 0.8467507 1.4105571 1.5628017 1.5406849 1.5421422 1.3405956 1.7738663 1.5314352 1.6080165 1.8810309 1.5917208 1.6702933 1.4547552 1.4547552 1.7728103 1.7728103 1.7324944 1.8611455 1.7658415 1.6581422 1.7675218 1.8123563 1.7669816 1.4460898 1.9047569 1.9670955 1.9670955 1.5458107 1.5650620 2.0237052 1.6841496 1.8232005 1.5518794 1.8015703 3.4210180 3.2490846 
Chofle_EP00730_Choanoeca_flexa_P020474                 1.0030993 1.0059036 1.0367305 0.9511232 0.9005447 1.0418783 0.8643108 1.0128131 0.8573340 1.0060042 0.8051353 1.0378148 1.0371121 0.8130112 0.8566069 0.9615034 0.2111317 0.0975174 0.0000000 0.1001689 0.3124242 0.4263683 0.3773905 0.6130552 0.5732880 0.6495996 1.0684484 0.5610489 0.5762820 0.6207579 0.5885718 0.7227426 0.5724392 1.0233254 0.9409770 0.9740649 1.0725293 0.9323528 1.0203155 0.9516672 0.9545823 1.0364266 0.9357275 0.9783451 0.9624641 0.8053474 0.8796759 0.9336940 1.0468929 1.0718530 0.8822371 1.2743319 0.9666923 1.1774417 0.9777302 0.9777302 1.2165395 1.0731962 1.1760026 1.2338488 1.3585752 1.2187323 1.2437714 1.1048891 1.1813311 0.9882148 0.8686997 1.3820226 1.4773287 1.4933446 1.5149403 1.3127235 1.7242591 1.4727988 1.5731520 1.8385178 1.5777468 1.6465888 1.4097461 1.4097461 1.6690489 1.6690489 1.6842286 1.8670294 1.7303985 1.6493396 1.6980199 1.7553741 1.7136653 1.5130826 1.8298562 1.8723853 1.8723853 1.5190483 1.5493216 2.0120637 1.7285264 1.8619020 1.5007943 1.8474986 3.4122835 2.9475259 
Chofle_EP00730_Choanoeca_flexa_P020476                 1.1203357 1.1249160 1.1306848 1.0502133 1.0076156 1.1338528 0.8643108 1.1725190 1.0934855 1.1697476 0.9609980 1.1847542 1.1598324 0.8149767 1.0191843 1.0499155 0.3346629 0.1901486 0.1001689 0.0000000 0.4268771 0.5675253 0.7035877 0.7424093 0.6994783 0.7900528 1.0684484 0.6838493 0.7261559 0.7412007 0.7233207 0.8836960 0.7216479 1.2167689 1.0727412 1.1298047 1.0869787 1.0868044 1.6752453 1.0989528 1.5849518 1.0157853 1.0811850 1.1607236 1.2036648 1.0735645 1.0716618 1.1342198 1.2230405 1.2550741 1.2493265 1.4878357 1.0671839 1.3905118 1.2167771 1.2167771 1.4016110 1.2137580 1.4330754 1.4845192 1.5812009 1.4896724 1.4613197 1.1185023 1.2879586 1.1804462 1.0400997 1.6228679 1.6915681 1.7208122 1.7359487 1.5216866 1.8534604 1.6418997 1.5713607 1.8385178 1.5777468 1.9413381 1.6317979 1.6317979 2.1147834 2.1147834 1.9115182 2.2770689 1.9092505 1.8900803 1.6980199 2.0025565 1.9466948 1.8149606 2.0508929 2.1295565 2.1295565 1.7527928 1.7218895 2.2885272 1.7285264 1.8619020 1.5007943 1.8474986 3.5224181 2.9475259 
Salinf_EP00049_Salpingoeca_infusionum_P003772          1.0115105 1.0085610 1.0574344 0.9308667 0.8737825 1.0597620 0.8710372 1.0420566 0.8050623 1.1874251 0.8284478 1.1292300 1.1003280 0.7607470 0.8408773 1.0344064 0.4009808 0.3459923 0.3124242 0.4268771 0.0000000 0.3464824 0.3576400 0.5867232 0.6152044 0.6496230 1.2175266 0.6098484 0.6310859 0.6457396 0.5990996 0.6112672 0.5736500 1.1165700 1.1226372 1.2008968 1.1578025 0.9907423 1.1515460 1.0880276 0.9450624 1.1827769 1.1418737 1.0627544 0.9232729 0.8264568 0.9093204 0.9992405 1.2224439 1.2263560 1.1022158 1.2242509 1.0844682 1.1242697 0.8953710 0.8953710 1.0993889 1.1528819 1.2314594 1.2577491 1.3497782 1.2334097 1.2605396 1.1627541 1.2292510 1.0590736 0.8599338 1.4949605 1.5486362 1.6420454 1.6285970 1.4544220 2.0239702 1.7567128 1.6756122 1.7040331 1.5073353 1.5774046 1.5303730 1.5303730 1.8381375 1.8381375 1.7080384 1.7084907 1.8011451 1.8442932 2.0189009 1.8718939 1.8480695 1.7698483 1.8455166 1.8466359 1.8466359 1.5708617 1.6223813 2.0571708 1.6992617 2.0290816 1.5881979 1.5356656 3.2977131 2.9059014 
Microa_EP00043_Microstomoeca_roanoka_P004425           0.9966307 1.0091566 0.9513985 0.8880707 0.8451528 0.9508109 0.7328740 0.9212658 0.7326729 0.9715437 0.6876386 0.9487371 0.9608839 0.7249956 0.7597482 0.9254147 0.3601005 0.4277720 0.4263683 0.5675253 0.3464824 0.0000000 0.1804796 0.5523795 0.6460131 0.6474832 1.0968628 0.6305333 0.6684266 0.6744581 0.6326384 0.5761599 0.5926413 0.9344024 1.0455055 1.1049025 1.1722114 0.9751791 0.9675979 0.8906664 0.9618993 1.0804391 1.0968262 0.9702257 0.9214244 0.8242218 0.8321821 0.9385925 1.1285070 1.1082666 1.1298951 0.9878201 1.0336998 1.0618704 0.8075173 0.8075173 1.0745859 1.0353873 1.1472680 1.1094456 1.2716375 1.2145755 1.1436637 1.0595155 1.0517739 0.9684663 0.7707011 1.3924152 1.3825232 1.4182478 1.4403717 1.3229763 1.8065719 1.5782644 1.5502504 1.6113776 1.4442840 1.5057967 1.4404677 1.4404677 1.7364636 1.7364636 1.6471492 1.7933554 1.7123182 1.7589315 1.7336101 1.7681441 1.7211794 1.5488215 1.6547503 1.7016111 1.7016111 1.4133796 1.4515059 1.9170974 1.6290683 1.7917270 1.4692097 1.4804043 3.2753939 2.4351365 
Sros_EGD77089                                          1.3766315 1.3779387 1.2543879 1.2543879 1.3149688 1.3147502 0.6082485 0.7825025 0.7343726 0.8068780 0.7136405 0.7379370 0.8090630 0.7185294 0.7555679 0.7080166 0.3495082 0.3674291 0.3773905 0.7035877 0.3576400 0.1804796 0.0000000 0.5128452 0.7591507 0.7604768 4.3832864 0.5418526 0.5419370 0.6240955 0.5888265 0.5667934 0.5741140 0.8300762 0.7902764 0.7902764 0.9302960 0.7245582 0.9109718 0.7937242 0.7977900 1.0354461 0.8997320 0.8658605 0.8673536 0.8380512 0.9006087 0.9061412 0.9659251 0.9582994 1.0095524 0.8984955 0.8472095 1.0534470 0.9177756 0.9177756 1.0676482 0.9840605 0.9459852 0.9699949 0.9112254 0.8559968 0.8677095 1.0976642 0.7743783 1.0285976 0.7502318 0.9222301 1.1335489 1.0966365 1.0895727 1.0637389 1.6382552 1.0590877 1.2041034 1.4452375 1.4452375 1.3810159 1.5337163 1.5337163 1.6481685 1.6481685 1.5243511 1.8770615 1.5599105 1.8052066 0.0000010 1.5385245 1.5118855 1.5569278 1.3549724 1.4527046 1.4527046 1.0216664 1.4359248 1.7406178 1.4952113 1.7005559 3.8285152 3.0388871 7.4186356 0.0000010 
Saldol_EP00054_Salpingoeca_dolichothecata_P033865      1.0516376 1.0542681 1.0003646 0.9077462 0.8459040 1.0027224 0.7698359 1.0216843 0.7306466 1.0265025 0.6366283 1.0661211 1.0660205 0.6952060 0.7659152 1.0148960 0.6109816 0.6270546 0.6130552 0.7424093 0.5867232 0.5523795 0.5128452 0.0000000 0.7824111 0.7430053 1.2344516 0.7202316 0.6924025 0.7242700 0.6916364 0.6394797 0.6799504 1.0523650 1.0486825 1.1219323 1.1388806 1.0055293 1.0668152 1.0451044 1.0159563 1.0424992 1.0502399 1.0438414 0.8873580 0.8414777 0.8923185 0.9994736 1.2018799 1.0662757 0.9411323 1.1723345 1.1318763 1.0849295 0.8102134 0.8102134 1.1531499 1.1626680 1.2640291 1.2761125 1.3309587 1.2104620 1.2318533 1.0354885 1.2318976 0.9103130 0.8295958 1.4500206 1.4288233 1.4892650 1.4938330 1.2540423 1.8846070 1.5514505 1.5423901 1.5471905 1.4511258 1.4410827 1.3515813 1.3515813 1.6949884 1.6949884 1.7139406 1.6896215 1.6886706 1.5833021 1.6358896 1.5370305 1.5417675 1.4971640 1.7292169 1.9087735 1.9087735 1.4277649 1.4815346 2.0702337 1.6517667 1.9433206 1.4956690 1.6684599 3.4524179 3.0919875 
Didcos_EP00039_Didymoeca_costata_P001458               1.0965149 1.1043296 1.1476060 1.0068960 0.9375698 1.1262644 0.8612157 1.1104878 0.9143945 1.1674478 0.8573914 1.1841004 1.1766898 0.8731860 0.9666153 1.1397360 0.5981788 0.5908670 0.5732880 0.6994783 0.6152044 0.6460131 0.7591507 0.7824111 0.0000000 0.4373858 0.7876792 0.4297212 0.4301455 0.4742545 0.7794551 0.7179256 0.6455584 1.0908324 1.0831292 1.1216818 1.4219388 1.1797457 1.3915388 1.2321121 1.0452449 1.2291452 1.1916749 1.1741493 1.0724306 0.9406427 1.0182063 1.1095104 1.2794462 1.2311542 1.1570617 1.2350424 1.0633816 1.3041321 1.0684173 1.0684173 1.4221514 1.1595703 1.1902918 1.2636729 1.2460331 1.3057028 1.1164089 1.2060222 1.1225963 1.1139578 0.7816215 1.5136300 1.4563650 1.4553793 1.6672469 1.4841606 1.9797616 1.6504686 1.6071871 1.6783294 1.4100546 1.5755518 1.6355639 1.6355639 1.9754310 1.9754310 1.8758325 1.7910805 1.8868925 1.9129464 2.0147023 1.7513546 1.7769860 1.6666488 1.8415221 1.8623510 1.8623510 1.5930665 1.7222440 2.0837462 1.8925698 1.8969447 1.4818983 2.0665408 3.6100349 2.9845493 
Stedip_EP00041_Stephanoeca_diplocostata_P036889        1.1528009 1.1442409 1.1579833 1.0245753 0.8866470 1.1442566 0.8677614 1.1794220 0.9373180 1.2143837 0.8269818 1.2389703 1.2399361 0.8556433 0.9275713 1.2089119 0.6163249 0.6361834 0.6495996 0.7900528 0.6496230 0.6474832 0.7604768 0.7430053 0.4373858 0.0000000 0.3198308 0.3659985 0.3487758 0.4388327 0.7606302 0.7164055 0.6198169 1.0668471 1.1182325 1.1616626 1.4372950 1.2017541 1.4571177 1.1686388 0.8729219 1.2600443 1.1831747 1.1795937 0.9169956 0.8884227 0.9300825 1.1070107 1.2350249 1.1699841 1.0588096 1.2683981 1.1550368 1.2598276 0.8777486 0.8777486 1.1960592 1.1891962 1.2721702 1.2475777 1.2786021 1.3053000 1.2242497 1.2689216 1.1109376 1.0512208 0.8923741 1.2532436 1.3580516 1.4365724 1.5811602 1.4465785 1.9951756 1.7029016 1.7546673 1.5135766 1.3510993 1.6182388 1.5243365 1.5243365 1.7803946 1.7803946 1.8863521 1.7866354 1.8443096 1.8207605 1.9381250 1.7542738 1.8139766 1.7288238 2.0082656 1.9814010 1.9814010 1.6308082 1.4682081 2.0803209 1.7677236 1.9954756 1.7537357 2.0306973 3.7702567 3.3847899 
Stedip_EP00041_Stephanoeca_diplocostata_P036894        1.7326110 1.7346570 1.7790314 1.6191773 1.3407610 1.6901005 1.0233667 2.0362557 1.9805154 1.9968624 2.1222660 2.0682266 2.2229482 2.1534679 2.2692666 2.1442439 1.1495262 1.1453635 1.0684484 1.0684484 1.2175266 1.0968628 4.3832864 1.2344516 0.7876792 0.3198308 0.0000000 0.8421261 0.8809217 0.8985805 1.3841418 1.1778880 1.0362724 1.9152817 1.8022514 2.1450779 1.9952475 2.0109916 5.3337545 2.1159073 7.8441850 2.0473536 2.0785389 2.1007292 2.0263046 1.8602446 1.4223814 1.4320498 2.0272024 1.8430414 3.0016462 2.1449098 2.0996887 2.0750144 1.9996141 1.9996141 2.2563983 2.0831058 2.1843026 2.1276573 2.3091800 2.3426575 2.1433616 1.7883388 2.1872940 1.9855948 1.2890715 2.0348264 2.1719279 2.3143121 2.5170247 2.3607171 3.0166635 2.6056419 2.7686083 2.3631914 2.3268780 2.6667549 2.8068644 2.8068644 8.9999982 8.9999982 2.8596730 5.9625363 2.9029222 2.7784895 1.9788441 2.6440991 2.7282037 7.5370900 3.0387886 2.9490759 2.9490759 2.5083379 2.5750576 3.0382320 1.8195381 2.7062999 1.6560176 2.0164124 3.6076473 3.3847899 
Helnan_EP00037_Helgoeca_nana_P032182                   1.0760199 1.0570129 1.1023236 1.0476920 0.9386154 1.0858769 0.7781622 1.0928581 0.8249090 1.1492550 0.7305657 1.0486360 1.0702233 0.7946801 0.8416596 1.0642187 0.5537091 0.5561944 0.5610489 0.6838493 0.6098484 0.6305333 0.5418526 0.7202316 0.4297212 0.3659985 0.8421261 0.0000000 0.1651161 0.4315237 0.6436470 0.7074521 0.5927948 1.0621459 1.0645257 1.0816200 1.2812228 1.0825699 1.2830898 1.0750416 0.9749436 1.1471308 1.0805216 1.0827273 0.8774366 0.7829966 0.9089958 1.0965373 1.2323355 1.1803289 0.9147023 1.1835052 1.0437222 1.1306426 0.8191306 0.8191306 1.1232890 1.0004924 1.1363442 1.1617353 1.2311799 1.2742549 1.2136370 1.2173991 1.1706469 1.0295697 0.9090508 1.3624697 1.3553117 1.3804780 1.5282556 1.4337472 1.8196620 1.5536153 1.6085781 1.5556841 1.3881297 1.5611403 1.5098159 1.5098159 1.8123300 1.8123300 1.7693442 1.7127245 1.7511356 1.7797899 1.8989241 1.6847967 1.7261852 1.6757338 1.8727307 1.8563533 1.8563533 1.4480326 1.5260382 2.0796739 1.6956247 1.9258429 1.7022750 1.6803365 4.0550300 3.3999767 
Acaspe_EP00035_Acanthoeca_spectabilis_P021198          1.0581048 1.0422420 1.1122968 0.9972106 0.8508186 1.0781888 0.8343070 1.0810153 0.8239671 1.0891151 0.7755848 1.0995480 1.0887410 0.7383765 0.7703416 1.0738113 0.6137567 0.5831402 0.5762820 0.7261559 0.6310859 0.6684266 0.5419370 0.6924025 0.4301455 0.3487758 0.8809217 0.1651161 0.0000000 0.3972589 0.6337939 0.7072324 0.5753359 1.0352480 1.1149040 1.1276098 1.3000474 1.1244169 1.2506446 1.0391979 0.8634506 1.1632237 1.0837130 1.0928844 0.9175657 0.7562247 0.9760367 1.1174214 1.2499056 1.1944475 0.8129105 1.2354405 1.0599772 1.1685290 0.8691424 0.8691424 1.1489221 1.0670570 1.0773582 1.1405792 1.2151194 1.2605593 1.2740159 1.2105797 1.1117531 1.0211537 0.9096506 1.3238303 1.3176364 1.3849733 1.4998638 1.3937037 1.9170653 1.6821359 1.6296387 1.5865085 1.4218956 1.5526578 1.5411905 1.5411905 1.9938133 1.9938133 1.7443627 1.6647025 1.7595744 1.6383457 1.7064873 1.6807740 1.7306007 1.6159275 1.7834369 1.8203053 1.8203053 1.4763229 1.4888310 2.0054554 1.7680491 1.8872505 1.6646789 1.8102854 3.8538347 3.1430490 
Diagra_EP00040_Diaphanoeca_grandis_P010846             1.0811671 1.0779718 1.0473875 0.9551628 0.8347696 1.0404573 0.9105889 1.1835943 0.9014277 1.1690055 0.8550838 1.1770295 1.1692178 0.7982370 0.8745991 1.1972196 0.6884990 0.6418797 0.6207579 0.7412007 0.6457396 0.6744581 0.6240955 0.7242700 0.4742545 0.4388327 0.8985805 0.4315237 0.3972589 0.0000000 0.7588311 0.7673752 0.6850168 1.1135591 1.0093575 1.0167958 1.3471329 1.1948701 1.5013293 1.1591647 1.0005063 1.1452346 1.1839799 1.1566286 0.9820586 0.9480852 0.9988535 1.1642167 1.1664389 1.2301382 1.1463868 1.3071231 1.0611555 1.3661368 0.9632668 0.9632668 1.3839022 1.1795551 1.2687212 1.2573122 1.3062333 1.3547441 1.2469828 1.2422912 1.2523736 1.1259140 0.9454033 1.4194712 1.4852086 1.5543354 1.6487190 1.4515373 1.8642330 1.6035072 1.7327828 1.4968264 1.3218892 1.6046344 1.6241979 1.6241979 1.9751824 1.9751824 1.8128973 1.7908282 1.7381214 1.8085994 1.8503115 1.7780775 1.8228852 1.6943066 1.8962184 1.9044289 1.9044289 1.4258100 1.5923362 2.0595650 1.7003890 1.8674986 1.6108062 1.7957703 3.8611843 3.5040480 
Codhol_EP00042_Codosiga_hollandica_P002957             1.1914748 1.1991521 1.1807968 1.0952378 1.0316075 1.1936931 0.8499848 1.0531942 0.8463817 1.0710196 0.8383312 1.0823967 1.1045226 0.8761086 0.9344816 1.1363748 0.5516408 0.6119429 0.5885718 0.7233207 0.5990996 0.6326384 0.5888265 0.6916364 0.7794551 0.7606302 1.3841418 0.6436470 0.6337939 0.7588311 0.0000000 0.7585438 0.6889402 1.0537542 1.1262154 1.1577773 1.2647032 1.0239850 1.0477867 1.0596362 0.8724329 1.2282931 1.1080328 1.0600977 0.9584351 0.7954808 0.9958417 1.0493757 1.1633428 1.2017256 0.8753154 1.3426127 1.2314829 0.9939947 0.8466953 0.8466953 1.1325115 1.0601547 1.1952347 1.1639821 1.2729457 1.2713967 1.3440638 1.2358908 1.1768530 0.9491559 0.9822497 1.4715103 1.5195518 1.4823097 1.5368386 1.4530374 2.2309384 1.6774003 1.5806027 1.6912795 1.5075891 1.6723541 1.3797973 1.3797973 1.5958066 1.5958066 1.7125343 1.6385240 1.6903485 1.7640838 1.9098020 1.7368525 1.7294370 1.5479461 1.7849712 1.8057999 1.8057999 1.5172931 1.4775577 2.0753194 1.7033226 2.0461347 1.6525644 2.0308132 3.6873340 3.2212793 
Salkve_EP00050_Salpingoeca_kvevrii_P013168             1.1162784 1.1082373 1.0708809 0.9966266 0.9175740 1.1026330 1.0290877 1.2199062 1.0203043 1.2231765 0.8414292 1.1735012 1.2302709 0.9840923 0.9679283 1.2335447 0.7454713 0.7366196 0.7227426 0.8836960 0.6112672 0.5761599 0.5667934 0.6394797 0.7179256 0.7164055 1.1778880 0.7074521 0.7072324 0.7673752 0.7585438 0.0000000 0.7237495 1.1163558 1.0607106 1.1070848 1.3385757 1.0821881 1.1786549 1.2544555 0.9427969 1.3630163 1.3155607 1.2194534 1.0556051 1.0231742 1.0081526 1.1468617 1.2603713 1.2893553 1.0522369 1.1816141 1.1426087 1.2116559 0.9402878 0.9402878 1.1708093 1.2004917 1.3072393 1.2760610 1.2446597 1.3559268 1.2186063 1.2137332 1.2934769 1.0993245 0.8957199 1.6271928 1.5174396 1.5035737 1.7319100 1.5163631 1.9854950 1.7110726 1.6899622 1.6877930 1.5345470 1.5211881 1.4253731 1.4253731 1.6184014 1.6184014 1.7362630 1.7845316 1.8418834 2.0033456 2.2759129 1.7446328 1.7597298 1.5220975 1.6746472 1.7536025 1.7536025 1.5536551 1.6155862 2.1173809 1.7084065 2.1362720 1.2986890 1.5963040 3.3617604 3.1846955 
Salurc_EP00051_Salpingoeca_urceolata_P027358           1.1191858 1.1113823 1.0659052 0.9999512 0.8770918 0.9895956 0.8362553 1.1372936 0.8613825 1.1536714 0.8074359 1.1258558 1.1560208 0.8649995 0.9222101 1.0766004 0.6673369 0.6458218 0.5724392 0.7216479 0.5736500 0.5926413 0.5741140 0.6799504 0.6455584 0.6198169 1.0362724 0.5927948 0.5753359 0.6850168 0.6889402 0.7237495 0.0000000 1.2068402 1.1204255 1.1356602 1.2609171 1.1356977 1.2214731 1.0991918 1.1244630 1.3206426 1.2565353 1.1750331 1.0163025 0.9709665 0.9910311 1.1547390 1.2172149 1.1957110 1.0080818 1.2904164 1.2293853 1.1477482 0.8530006 0.8530006 1.1405923 1.1150492 1.1713658 1.1589954 1.3267082 1.3067497 1.3051478 1.1857710 1.2083728 1.0541351 0.9359864 1.4640316 1.5223606 1.5335859 1.5213891 1.4602644 1.9526562 1.7350682 1.7747765 1.7101723 1.5088600 1.7069270 1.4149009 1.4149009 1.8050380 1.8050380 1.7887983 1.7312767 1.7908814 1.7715518 1.7463067 1.8818056 1.8538268 1.5546040 1.8144811 1.8613117 1.8613117 1.5027291 1.7076044 2.1169455 1.8636472 1.9889381 1.6851271 1.8683416 3.4526585 2.6598884 
Ctel_gnl_WGS_AMQN_CAPTEDRAFT_mRNA223258                1.0482926 1.0474503 0.9846105 1.0095702 0.9107823 1.0399976 0.8545869 0.9574181 0.7150545 0.9653210 0.7427985 0.9297394 1.0114036 0.7123944 0.7754971 0.8369648 0.9901620 1.0407849 1.0233254 1.2167689 1.1165700 0.9344024 0.8300762 1.0523650 1.0908324 1.0668471 1.9152817 1.0621459 1.0352480 1.1135591 1.0537542 1.1163558 1.2068402 0.0000000 0.7287871 0.7582590 1.2035306 1.0200399 1.1535973 1.0312171 0.9213852 0.9920184 0.9777235 0.8998105 0.8313687 0.7040574 0.9638753 0.9503530 1.0685146 1.0942338 0.8401166 0.8616390 0.9337932 1.1588277 0.8937573 0.8937573 1.2558304 1.1535259 1.1994343 1.2634930 1.3336018 1.2936827 1.3034187 1.2048011 1.1100377 0.8244861 1.2599203 1.6963440 1.4730945 1.4583190 1.5484780 1.3209464 1.9815900 1.6114412 1.5056812 1.7782187 1.6739687 1.7561763 1.5276690 1.5276690 1.8059655 1.8059655 1.8626866 1.8674731 1.9350217 1.9372096 2.1571335 1.8125854 1.8190769 1.5667643 1.7947024 1.7419376 1.7419376 1.5046459 1.4361521 1.6445840 1.6197148 1.5930368 1.1741909 1.3688470 4.0512003 2.3392950 
Acagra_model.g18064.t1                                 1.1635345 1.1654024 1.0956544 1.0579911 0.9297495 1.1090651 0.8237195 1.0894225 0.9845539 1.1413775 0.8701112 1.1092532 1.1870533 0.8524650 0.9032446 0.8623563 1.0118082 0.9099041 0.9409770 1.0727412 1.1226372 1.0455055 0.7902764 1.0486825 1.0831292 1.1182325 1.8022514 1.0645257 1.1149040 1.0093575 1.1262154 1.0607106 1.1204255 0.7287871 0.0000000 0.0000010 1.2033945 1.0374121 1.3903065 1.1634782 1.0106045 1.0969145 1.0890331 1.0371277 0.9847568 0.8497501 0.9741845 1.0582867 1.0948732 1.0885435 0.9735440 0.8694609 0.9321414 1.2769357 1.0705787 1.0705787 1.3946819 1.2496646 1.3739588 1.3431808 1.4555624 1.3955110 1.3403239 1.2151071 1.1213492 1.1200762 1.3659570 1.6520350 1.5932497 1.5393750 1.7074526 1.3317083 1.7296782 1.4659042 1.4568323 1.6910964 1.5448691 1.6283970 1.5447394 1.5447394 1.8083804 1.8083804 1.7294116 1.8036616 1.6726319 1.6902461 1.7337081 1.7023223 1.7016769 1.5231104 1.8728527 1.8366329 1.8366329 1.5234688 1.4203542 1.5522380 1.4169891 1.4435194 1.1843493 1.8583082 3.5325875 1.9658307 
Acagra_model.g18064.t1.1.5d3b8943                      1.1986749 1.2007569 1.1301660 1.0868737 0.9148535 1.1328774 0.7290823 1.1924508 1.0237466 1.2302873 0.8675236 1.1920752 1.2582121 1.0105483 1.0308345 0.8817530 1.0568009 0.9405006 0.9740649 1.1298047 1.2008968 1.1049025 0.7902764 1.1219323 1.1216818 1.1616626 2.1450779 1.0816200 1.1276098 1.0167958 1.1577773 1.1070848 1.1356602 0.7582590 0.0000010 0.0000000 1.2324078 1.0368777 1.3903065 1.2033065 1.0106045 1.0927242 1.0865686 0.9889550 0.8857348 0.8102114 0.8885576 1.0941909 1.0766463 1.0738864 0.9735440 0.8330070 0.8825131 1.3288784 1.1106414 1.1106414 1.4310011 1.2970938 1.3649956 1.3254081 1.4076018 1.4121584 1.3614690 1.3635475 1.0855168 1.1202425 1.3781032 1.6119106 1.6494820 1.5959581 1.7870306 1.3280924 1.7616738 1.4353708 1.4655332 1.8223458 1.6604798 1.6654706 1.5864916 1.5864916 1.8083804 1.8083804 1.8421694 1.8290340 1.7552655 1.7204422 1.8263353 1.8113818 1.8079738 1.5231104 1.9066722 1.8694123 1.8694123 1.4801793 1.5132815 1.6551552 1.7986733 1.5662490 1.2886303 1.8583082 3.4357674 2.0342749 
Ocar_g3841                                             1.2629019 1.2546443 1.1930937 1.0886833 0.9541671 1.2095984 0.8574620 1.1590400 0.8918540 1.2801954 0.8708633 1.3672829 1.3094658 0.7574090 0.9569522 1.3655034 1.1554522 1.1196453 1.0725293 1.0869787 1.1578025 1.1722114 0.9302960 1.1388806 1.4219388 1.4372950 1.9952475 1.2812228 1.3000474 1.3471329 1.2647032 1.3385757 1.2609171 1.2035306 1.2033945 1.2324078 0.0000000 0.0840549 1.1195913 0.6762769 1.0322039 1.0598095 1.2226586 1.2411429 1.0259375 0.8963721 1.0735442 1.2806632 1.2595485 1.2654454 1.1081377 1.2134027 1.3179526 1.2097740 1.0270933 1.0270933 1.3064604 1.2130964 1.5015184 1.4646265 1.6233030 1.5958913 1.5765148 0.5820288 1.3133721 1.1105215 1.6072417 1.5429640 1.3529235 1.3885083 1.4344965 1.3883084 1.8732065 1.6229190 1.5027509 1.5076073 1.3534123 1.6705911 1.4747554 1.4747554 1.7629277 1.7629277 1.7607671 1.7489316 1.7375486 1.6560033 1.5424793 1.7666784 1.7354636 1.9158393 2.1084897 2.1530666 2.1530666 1.6990450 1.4836176 1.9525032 1.7399915 1.5731777 1.7900363 1.8429221 3.6011495 2.4810186 
