100
Emue_Em0001g711a.t1                                    0.0000000 0.0529777 0.2984428 0.4255736 0.4255736 0.0909464 1.6526719 1.5634333 1.5376742 1.4386956 1.2347734 1.1783869 1.7631884 0.0164568 2.1063332 2.2535996 2.2135051 2.2155038 2.2838921 1.7553506 2.1960382 2.0994419 2.2671646 2.4252078 2.3311128 2.1897388 2.0733168 2.4267615 2.0712520 1.5782946 2.0621156 2.0302896 1.8714143 2.0849733 2.0259965 2.0080698 2.2204899 4.0275684 2.4476142 2.4630061 2.8738640 3.1110006 1.6424932 3.4835206 2.0882668 2.2306431 2.0319662 2.1406238 2.7049556 2.4600062 2.2827557 1.9278851 2.3409337 2.4656864 2.4875946 2.4943772 2.4986868 2.4668276 2.4749045 2.3561379 2.3239592 2.7161424 2.9488851 3.3259882 4.6236341 2.6769137 2.5645059 3.0190891 2.9056642 2.8759372 2.3308844 2.9580819 2.9744706 2.9967660 2.5391721 2.7183665 2.7219376 2.6738040 3.4679873 3.5600562 5.8273890 4.1940427 3.6109673 3.6139811 3.5470875 2.5431359 3.4892062 3.1450525 3.5552186 4.2746547 3.7971218 3.6612765 3.4750622 3.6571164 3.5805396 3.3391248 3.2709064 4.2719474 4.1844416 2.8902564 
Emue_Em0001g743a.t1                                    0.0529777 0.0000000 0.3190287 0.3161515 0.3161515 0.4127040 2.2308038 1.8957179 1.8712752 0.0000010 0.0000010 1.6413125 2.4264284 0.0193411 2.4284205 2.9235880 2.4284205 2.9235880 2.5188162 2.3144164 2.6457251 2.8102465 2.9987710 2.9321941 2.8400035 2.4351166 3.3829035 3.5688528 2.0642977 2.1866653 2.1302172 1.7195341 1.6786173 3.5085428 1.8441794 1.7709251 3.7981162 4.6992992 2.5495590 3.3513066 9.0000000 3.1476485 2.2396479 0.0000010 2.2051332 2.3355318 2.5067954 2.2010308 2.5219587 2.6212277 2.8370072 2.1771560 2.5510231 2.7165310 2.5656065 2.5362652 2.5599380 2.4971122 2.4720524 2.5230383 2.4302929 3.7515669 3.7515669 0.0000010 9.0000000 3.5031281 3.5031281 3.5031281 2.9126498 3.4885466 3.4885466 3.3980861 2.8118618 3.2583926 5.2441021 0.0000010 3.1491493 2.2281247 4.1722432 4.1440046 9.0000000 4.3617420 3.8291656 4.8732184 5.0780982 9.0000000 4.2171188 3.2420470 3.8196207 0.0000010 3.6641368 3.6701970 2.5871630 2.9117979 4.3179795 4.4444158 3.0853392 4.1255967 7.7432946 2.9650645 
Emue_Em0001g720a.t1                                    0.2984428 0.3190287 0.0000000 0.1214188 0.1214188 0.0360416 0.8536022 0.8161581 0.8095028 0.6412050 0.8769647 0.9795830 1.0114433 0.0656238 1.9787605 1.3428415 1.3675067 1.8811209 1.4690067 1.3850977 1.3788961 1.6125527 1.3290967 1.4750418 1.3583700 1.3895467 1.2403535 1.4143036 1.2422391 1.3151480 1.2003996 1.1597723 1.2880820 1.2217200 1.2322179 1.3034634 1.3599026 1.4896844 1.4504754 1.6384558 1.6488179 2.6944429 1.2479163 1.1941617 1.2157842 1.2956382 1.1826130 1.2661934 1.6041015 1.5336897 1.3946320 1.1693227 1.3822131 1.4671096 1.4274837 1.4226099 1.4226099 1.4206699 1.4245468 1.4795351 1.5833633 1.9959522 1.7123617 1.3820728 1.6978597 2.0060904 1.9572380 2.5316865 1.7366182 1.7757011 1.8188182 1.7766774 1.8887132 1.8467361 1.7864464 1.5263035 1.7596609 1.5672776 2.3442234 2.4812323 4.2388645 3.0070605 3.2311206 2.6791272 2.6433812 2.3893446 2.4649329 2.3740790 2.6498217 2.1250064 2.5407249 2.4792439 2.4843875 2.5006589 2.5152161 2.5475225 2.4197352 2.7153177 2.9819843 2.4939525 
Spolac_c103484_g1_i1_m.34489c103484-g1                 0.4255736 0.3161515 0.1214188 0.0000000 0.0000010 0.2379924 0.9138313 0.8702145 0.8609893 0.6295808 0.9132275 1.1002506 0.9919277 0.1874981 2.0328893 1.3814203 1.4062451 2.0434122 1.5420692 1.5381612 1.4550184 1.7023004 1.3588703 1.4445884 1.3553938 1.3815845 1.3209205 1.4337189 1.2813430 1.3934180 1.2711353 1.1820561 1.3015377 1.4429636 1.2411381 1.3255924 1.3765332 1.4457998 1.4536789 1.6654504 1.6672646 2.6139524 1.3009893 1.1858716 1.2875334 1.3629423 1.2456934 1.2883013 1.6265149 1.5197794 1.3901970 1.1940658 1.4608151 1.5166416 1.4471177 1.4435763 1.4477902 1.4592034 1.4632102 1.5237345 1.5774399 2.1191432 1.7895920 1.3983573 1.6661334 2.0594906 2.0181199 2.4921858 1.7849816 1.8367559 1.9283852 1.7650206 1.8974269 1.8830258 2.0168355 1.5243610 1.8139000 1.5698456 2.3578915 2.4512485 4.3495149 2.9617790 3.1688598 2.8608743 2.7234531 2.4052540 2.4031163 2.3656520 2.5792753 2.2286940 2.4853985 2.5333549 2.4221361 2.5459503 2.6115678 2.5843811 2.4454265 2.6061113 2.9857226 2.8567764 
Spolac_c103484_g1_i2_m.34490c103484-g1                 0.4255736 0.3161515 0.1214188 0.0000010 0.0000000 0.2379924 0.9138313 0.8702145 0.8609893 0.6295808 0.9132275 1.1002506 0.9919277 0.1874981 2.0328893 1.3814203 1.4062451 2.0434122 1.5420692 1.5381612 1.4550184 1.7023004 1.3588703 1.4445884 1.3553938 1.3815845 1.3209205 1.4337189 1.2813430 1.3934180 1.2711353 1.1820561 1.3015377 1.4429636 1.2411381 1.3255924 1.3765332 1.4457998 1.4536789 1.6654504 1.6672646 2.6139524 1.3009893 1.1858716 1.2875334 1.3629423 1.2456934 1.2883013 1.6265149 1.5197794 1.3901970 1.1940658 1.4608151 1.5166416 1.4471177 1.4435763 1.4477902 1.4592034 1.4632102 1.5237345 1.5774399 2.1191432 1.7895920 1.3983573 1.6661334 2.0594906 2.0181199 2.4921858 1.7849816 1.8367559 1.9283852 1.7650206 1.8974269 1.8830258 2.0168355 1.5243610 1.8139000 1.5698456 2.3578915 2.4512485 4.3495149 2.9617790 3.1688598 2.8608743 2.7234531 2.4052540 2.4031163 2.3656520 2.5792753 2.2286940 2.4853985 2.5333549 2.4221361 2.5459503 2.6115678 2.5843811 2.4454265 2.6061113 2.9857226 2.8567764 
Emue_Em0001g733a.t1                                    0.0909464 0.4127040 0.0360416 0.2379924 0.2379924 0.0000000 1.0180610 0.9723720 0.9553535 0.6031130 0.6169329 1.4235825 1.2106460 0.1240122 2.7433082 1.5362108 1.6587124 2.5530316 1.7643747 1.5103662 1.7302967 1.7817492 1.6298647 1.6583670 1.5704488 1.5365406 1.4681866 1.6650257 1.3825451 1.3672363 1.3696117 1.2992345 1.3189690 1.5052295 1.2700511 1.4441899 1.3417945 2.6355008 1.6551784 2.0077857 2.0477177 2.7760478 1.3458040 0.0000010 1.5434953 1.6315418 1.5969752 1.5185890 1.6847134 1.8624910 1.6692470 1.4323453 1.8535914 1.7695544 1.7422960 1.7352161 1.7397650 1.7156282 1.6974414 1.6214833 1.7961735 2.6002948 2.3401107 1.5321358 4.1201476 2.2591326 2.3134997 3.3154388 2.1212059 2.2710901 2.1127319 2.1426212 2.3604115 2.3725399 2.2500298 1.3765472 2.1092592 2.0253934 2.9008437 3.0646515 5.8020690 3.6388701 3.4862566 3.2441487 3.1457824 2.3395078 3.0265697 2.4563888 3.1829346 1.4226021 3.0860085 2.8826183 2.6971820 3.0001662 3.0276674 2.8460665 2.5894648 3.2852656 4.0283721 2.3103612 
Aque_Aqu2.1.31899_001                                  1.6526719 2.2308038 0.8536022 0.9138313 0.9138313 1.0180610 0.0000000 0.2626374 0.3076628 0.5706233 0.7583169 0.6081356 0.7565793 1.2250585 1.6410342 1.2306978 1.2823418 1.4910048 1.3163803 1.3117615 1.2862404 1.3288622 1.2037459 1.3019132 1.3007342 1.1669973 1.1025281 1.2203678 1.2268822 1.2093708 1.2222410 1.1559524 1.2770132 1.2954655 1.1951589 1.2329488 1.3434838 1.6494734 1.3062180 1.4874149 1.6857794 2.2537691 1.2935270 1.3050768 1.3439010 1.3823872 1.2422011 1.2984525 1.4006586 1.3643512 1.2013764 1.1158391 1.4171111 1.4280279 1.4292873 1.4261352 1.4270063 1.4017389 1.3906854 1.3999278 1.5358301 1.7101918 1.6251757 1.4863421 1.8564906 1.8425941 1.7748255 2.2023071 1.6667992 1.6723792 1.6339752 1.6257487 1.7600979 1.7194042 1.8903692 1.5238333 1.6756485 1.5546970 2.2973991 2.2898936 2.9608020 3.1869098 3.2445647 2.7657572 2.7068338 2.4215863 2.2704247 2.3828382 2.8483920 2.5282324 2.4989792 2.3899204 2.6626517 2.4857654 2.6557111 2.5873379 2.2905946 2.6857623 3.4997986 3.9055256 
Halamb_c48365_g1_i1m.24078                             1.5634333 1.8957179 0.8161581 0.8702145 0.8702145 0.9723720 0.2626374 0.0000000 0.3109360 0.6041914 0.6853972 0.5312219 0.7679821 1.1330152 1.5279594 1.2353227 1.2799926 1.3997909 1.3242560 1.2506103 1.2743786 1.3578076 1.1913942 1.2548266 1.2689394 1.1249689 1.1385995 1.2454512 1.1771999 1.1255075 1.1892394 1.0855279 1.2426313 1.2891735 1.1449911 1.1892087 1.2587470 1.6579390 1.2917220 1.3602881 1.5464924 2.0881262 1.2116881 1.3968896 1.3410475 1.4066102 1.1878104 1.2909037 1.4545305 1.3862780 1.1328491 1.0594647 1.3827859 1.3555656 1.3124655 1.3412262 1.3420927 1.3567976 1.3496288 1.4654350 1.5320995 1.8076097 1.6644484 1.4730311 1.8000778 1.8673594 1.8003383 2.2571119 1.7309109 1.7036093 1.6561287 1.7273926 1.7713574 1.7477443 1.9523371 1.5590843 1.7045616 1.5040936 2.3709119 2.3754355 3.2444131 3.1500513 3.1807038 2.7569535 2.7050481 2.2840256 2.3756184 2.4411054 2.7809673 2.7878079 2.5979542 2.4953936 2.5590994 2.4844558 2.5925078 2.5887664 2.2584058 2.8255310 3.4763304 3.7567612 
Xestes_maker-XT_scaffold5431-augustus-gene-0.30-mRNA-1 1.5376742 1.8712752 0.8095028 0.8609893 0.8609893 0.9553535 0.3076628 0.3109360 0.0000000 0.5725245 0.6549084 0.5135288 0.7152679 1.1117641 1.5610329 1.2192127 1.2838991 1.3603794 1.2866881 1.2301342 1.2627421 1.3187510 1.2040020 1.2489141 1.1951857 1.2023975 1.1368240 1.2744521 1.2180849 1.1534816 1.2390079 1.1130572 1.2690644 1.3350097 1.1429282 1.2105876 1.3240095 1.7181671 1.3063708 1.4431141 1.6637360 2.2157890 1.2647224 1.4173432 1.3176515 1.4179140 1.2041390 1.3181420 1.3942855 1.3699745 1.1036189 1.0438424 1.4275836 1.4043828 1.3882317 1.4072993 1.4081720 1.3684792 1.3576002 1.3564882 1.3857128 1.7011860 1.6523418 1.5524804 1.8596606 1.7927736 1.7135401 2.1390303 1.7217294 1.6315903 1.5423654 1.7045863 1.7252077 1.7019031 1.8824182 1.6497990 1.7366502 1.5963076 2.2240488 2.3666253 2.6409794 2.8053713 2.8682328 2.7202361 2.6024150 2.1929365 2.2077189 2.2065143 2.5790774 2.2149000 2.3682521 2.3568658 2.4901418 2.3716036 2.5755557 2.4252713 2.3051166 2.6780445 3.3851233 3.7913207 
Tetwil_g9863.t2                                        1.4386956 0.0000010 0.6412050 0.6295808 0.6295808 0.6031130 0.5706233 0.6041914 0.5725245 0.0000000 0.6044466 0.0000010 0.6383538 0.7879757 0.9268093 1.1173038 1.1173038 0.9268093 1.1357029 0.9289920 1.0685896 1.1618600 1.1829478 1.1848692 1.0880643 1.1556873 1.0248892 1.0914512 1.1106887 1.0411175 1.1274839 1.0730013 1.1969376 1.1621541 1.1308054 1.1596077 1.1131130 1.4918355 1.2025165 1.3785151 1.4941581 2.8857331 0.9351988 1.3073777 1.1564772 1.2161024 1.1115950 1.2238336 1.3300284 1.3445569 1.1156898 0.9732069 1.2758402 1.1464178 1.0817514 1.1153184 1.1153184 1.1439860 1.1364827 1.3462632 1.2366839 1.2415851 1.4607864 1.4866069 1.8570707 1.3728039 1.2515376 1.7473488 1.5151372 1.4709232 1.1631090 1.4559838 1.5280373 1.4991051 1.3552383 1.6876496 1.6338380 1.3719390 2.1472652 2.1537854 2.3494955 2.5438778 2.3688602 2.4162199 2.3931132 1.9819132 1.9234055 2.2208972 2.3446155 2.1605456 2.0834920 2.0895854 2.3290791 2.2513901 2.3824470 2.1822500 1.9486417 2.4792670 2.6203302 3.6178203 
Stycar_maker-SC_scaffold4261-snap-gene-0.84-mRNA-1     1.2347734 0.0000010 0.8769647 0.9132275 0.9132275 0.6169329 0.7583169 0.6853972 0.6549084 0.6044466 0.0000000 0.0000010 0.6901873 0.8491572 0.0000010 1.0911515 1.0911515 0.0000010 1.0430505 0.9596220 1.0281148 1.0031904 0.9912532 0.8339385 1.1079573 0.9911316 0.9111288 1.0103307 1.0602447 1.0662986 1.0671917 1.2596160 1.0272435 1.0836691 0.9504285 0.9457314 1.0720846 5.0492175 0.9478511 1.4584530 1.0735394 4.6211859 1.0223716 1.7471763 1.1840925 1.2741727 1.2909437 1.2595249 1.1885159 1.3642292 1.1697541 1.0658848 1.0008980 0.9274505 0.9693468 0.9455148 0.9455148 1.0025681 1.0025681 1.2176964 1.1910165 1.3216920 1.3132675 1.0369791 2.7486728 1.3133735 1.3778505 2.6836086 1.3651668 1.3198529 1.3032322 1.3088312 1.4601251 1.4668975 1.3468274 1.1982196 1.3343983 1.4620433 1.9888328 2.0666095 3.2190183 2.7737241 2.4162333 2.9384750 2.8932546 1.8821789 2.5694427 2.3342881 2.1780389 1.8418352 2.3964443 2.2817931 2.6372500 2.7676202 2.3355575 2.0220410 1.8945566 3.0078383 3.9501832 3.5736528 
Tetwil_g9865.t1                                        1.1783869 1.6413125 0.9795830 1.1002506 1.1002506 1.4235825 0.6081356 0.5312219 0.5135288 0.0000010 0.0000010 0.0000000 0.8102105 1.9390520 1.2994611 1.1698220 1.2994611 1.1698220 1.2997752 1.3433460 1.4414209 1.1741578 1.4373321 1.0888149 1.1457339 1.2554528 1.3530992 1.2629911 1.1742602 1.1716681 1.1412941 1.0198498 1.1407962 1.5190700 1.3181499 1.0592833 2.2060795 4.6992992 1.2229628 1.4395899 6.9458417 1.6455969 1.6147954 0.0000010 1.5562420 1.4746934 1.6323065 1.4316203 1.5316644 1.5149116 1.0666005 0.9522507 1.7940800 1.8547712 1.8538758 1.8684225 1.8734802 1.9247214 1.8988407 1.1867215 1.5913433 2.0499651 2.0499651 0.0000010 2.4104513 2.0179613 2.0179613 2.0179613 1.8007551 1.8866770 1.8866770 1.9083638 2.1424079 2.2197182 2.7807860 0.0000010 1.9184010 2.1890653 2.8866744 3.1410775 6.2677326 3.6372849 3.5085368 2.9390103 2.7601189 3.2836385 2.5086016 2.0315459 2.6061770 0.0000010 2.7552844 2.9388495 2.5384995 2.1245513 3.1016541 3.5458317 2.1920361 3.2813484 8.9999984 3.7319442 
Plespi_Pspi_scaffold13430_01                           1.7631884 2.4264284 1.0114433 0.9919277 0.9919277 1.2106460 0.7565793 0.7679821 0.7152679 0.6383538 0.6901873 0.8102105 0.0000000 1.3753789 1.2480233 1.1387826 1.1487773 1.2305323 1.1791166 1.1165088 1.1811184 1.2339233 1.1695294 1.1038199 1.2183212 1.1094476 1.1174549 1.1509242 1.1434137 1.1942141 1.1436317 1.1260414 1.1975208 1.2606074 1.1104998 1.1632575 1.2992925 1.3737775 1.1940356 1.3887504 1.4991658 2.1503343 1.1169412 1.0467867 1.2405387 1.2781800 1.2554997 1.2703435 1.3526424 1.2722556 1.0627298 0.9837818 1.3084536 1.2782989 1.2392726 1.2396332 1.2381087 1.2706978 1.2654942 1.4050548 1.4706909 1.7404954 1.7281470 1.6229602 2.0704063 1.8824381 1.8300904 2.3153776 1.8540941 1.7749189 1.6342961 1.7481321 1.8413138 1.8347704 1.8665481 1.7917343 1.8421689 1.3537237 2.1771948 2.2786650 2.7897288 2.9242121 3.1423174 2.8986349 2.7600837 2.1060964 2.3213048 2.2719086 2.5105194 2.1757535 2.2923110 2.2565096 2.3117235 2.3212346 2.6685404 2.5798145 2.0977022 2.4879525 2.7465553 3.8459637 
Emue_Em0001g715a.t1                                    0.0164568 0.0193411 0.0656238 0.1874981 0.1874981 0.1240122 1.2250585 1.1330152 1.1117641 0.7879757 0.8491572 1.9390520 1.3753789 0.0000000 3.2219277 1.7344678 1.7327220 4.2226212 1.8259846 1.5470885 1.8496784 1.9060266 1.7449195 1.7390656 1.7784582 1.5985179 1.5752837 1.7429697 1.4625255 1.4314946 1.4400122 1.4271690 1.4076543 1.6395472 1.3899616 1.5006755 1.3237488 4.7482053 1.7034529 2.0761726 1.7885934 3.6404629 1.4661205 0.0000010 1.6564765 1.7244807 1.6997446 1.6783187 1.9617351 1.9284633 1.7694120 1.5098220 1.8395707 1.8130033 1.7937356 1.8202632 1.8251972 1.8240375 1.8194025 1.7261524 1.8490696 2.5604743 2.2910823 1.5072129 3.9680396 2.3531030 2.4352957 3.6338860 2.1925979 2.3212836 2.1666823 2.2916176 2.3629538 2.3282874 2.3059041 1.4127215 2.1030636 1.9853756 3.1147668 3.0901775 5.8889078 3.3894521 3.3004129 3.3583927 3.4889086 2.5096294 3.1659325 2.5763804 3.1281896 1.4226021 3.3332954 3.1628952 3.1784835 3.4691221 3.1616930 3.0235148 2.6689451 3.6093421 4.0641382 1.9461650 
Lcom_lcpid92466                                        2.1063332 2.4284205 1.9787605 2.0328893 2.0328893 2.7433082 1.6410342 1.5279594 1.5610329 0.9268093 0.0000010 1.2994611 1.2480233 3.2219277 0.0000000 0.1143984 0.0359142 0.0614684 0.2525417 0.1569271 0.2426513 0.4773345 1.3325057 1.2817632 1.2835788 1.1535199 1.1534869 1.2159272 1.2755418 1.2694237 1.2522853 1.1800302 1.2802208 1.4699421 1.1299234 1.1938303 1.6146041 1.2959144 1.3943203 1.4340988 5.9420965 1.6149511 1.3774375 1.8681723 1.3945616 1.4117237 1.5123440 1.5854163 1.4590503 1.3241983 1.0834355 0.9645039 1.6093525 1.6250377 1.7298551 1.5806239 1.5824956 1.5719648 1.5580621 1.2967749 1.5922580 1.9054448 1.8509717 2.5310759 2.5001561 2.0047386 2.0047386 2.0047386 1.8187989 1.8897897 1.9489938 1.8274862 1.8835826 1.9514046 2.1405349 0.7488132 1.8267098 1.7274650 2.7183306 2.5035662 2.4733983 3.5990821 3.2345358 3.1900409 3.2137726 2.8566550 2.8386834 2.4716144 3.0560710 9.0000000 2.6940577 2.8603737 2.3956146 2.8226305 3.2063607 3.4759361 2.6825417 2.9230270 3.0162091 3.0717759 
Lcom_lcpid74440                                        2.2535996 2.9235880 1.3428415 1.3814203 1.3814203 1.5362108 1.2306978 1.2353227 1.2192127 1.1173038 1.0911515 1.1698220 1.1387826 1.7344678 0.1143984 0.0000000 0.0154816 0.0436316 0.2296731 0.1965477 0.2336863 0.4414972 1.1574456 1.3204833 1.2507775 1.1671691 1.1306845 1.1982621 1.2264240 1.1813745 1.2096329 1.1728878 1.2907842 1.2072436 1.1649611 1.1813007 1.3404309 2.0296886 1.3011457 1.3923328 1.5420604 2.2378047 1.1125101 1.7058600 1.2875310 1.2874094 1.2432236 1.3466078 1.5171565 1.3237262 0.9825214 1.0272466 1.4355008 1.4588155 1.4597265 1.4805521 1.4805521 1.4611715 1.4581404 1.3297226 1.5922566 1.6544102 1.5600574 1.4061300 1.6936430 1.7816259 1.7574460 2.4222590 1.6009332 1.5407870 1.5346206 1.5744180 1.6148276 1.5971138 1.5691140 1.3803465 1.5836125 1.5162193 2.1868917 2.2708178 2.4014332 3.0273437 3.0900447 2.8705570 2.8694540 2.4029542 2.3401982 2.2731005 2.5799043 2.6800615 2.4398945 2.5251431 2.3839270 2.6271897 2.6063832 2.5382373 2.3985121 2.5078672 2.3697314 3.9522349 
Lcom_lcpid46433                                        2.2135051 2.4284205 1.3675067 1.4062451 1.4062451 1.6587124 1.2823418 1.2799926 1.2838991 1.1173038 1.0911515 1.2994611 1.1487773 1.7327220 0.0359142 0.0154816 0.0000000 0.1143984 0.2220704 0.1815168 0.2253371 0.4640966 1.2117361 1.3215187 1.2843949 1.1827407 1.1778658 1.2285879 1.2662838 1.2461726 1.2554032 1.2355308 1.3108595 1.3271904 1.1649611 1.2077846 1.3578737 2.0296886 1.3631847 1.4586281 1.5420604 2.3232984 1.1929963 1.7058600 1.3155607 1.3381182 1.3036846 1.4069567 1.5485324 1.3705138 1.0021253 1.0234038 1.4437597 1.4923855 1.5057496 1.5079600 1.5085312 1.4885477 1.4765503 1.3276541 1.6285964 1.7243553 1.5988233 1.4061300 1.6936430 1.7908023 1.7693638 2.3574433 1.6461612 1.5598209 1.5666198 1.6085912 1.6343652 1.6283174 1.7289324 1.3803465 1.6135198 1.5320316 2.2475740 2.3162508 2.4014332 3.0810086 3.0813250 2.9306025 2.9450244 2.4029542 2.3850517 2.2931178 2.6755213 2.6800615 2.4636644 2.4894803 2.3896244 2.6907926 2.6355346 2.5060489 2.4055282 2.5096275 2.9584909 4.0007068 
Lcom_lcpid166511                                       2.2155038 2.9235880 1.8811209 2.0434122 2.0434122 2.5530316 1.4910048 1.3997909 1.3603794 0.9268093 0.0000010 1.1698220 1.2305323 4.2226212 0.0614684 0.0436316 0.1143984 0.0000000 0.2890068 0.1792282 0.2778262 0.4246603 1.1628456 1.2701080 1.1715610 1.0961225 0.9929808 1.1125963 1.1431723 1.1211016 1.0866122 0.9842071 1.2106867 1.0978407 1.1299234 1.1026603 1.5463106 1.2959144 1.1901049 1.2394628 5.9420965 1.4001946 1.2395046 1.8681723 1.3080502 1.2453937 1.3346542 1.3966478 1.3422113 1.1655488 1.0274287 0.9658938 1.6088639 1.5293830 1.6054300 1.4954977 1.4954977 1.4886203 1.5062498 1.2981169 1.4684313 1.8066203 1.7514472 2.5310759 2.5001561 2.0257642 2.0257642 2.0257642 1.6857713 1.8742447 1.9424749 1.7410425 1.8532569 1.8828576 1.7932787 0.7488132 1.7501611 1.7120995 2.5432886 2.3740001 2.4733983 3.4693965 3.2818404 3.0086792 2.9803597 2.8566550 2.7393415 2.4272273 2.7423729 9.0000000 2.6501203 3.0783899 2.3767716 2.6289541 3.1990248 3.8523629 2.7099375 2.9899901 1.6044937 2.7874527 
Gracom_Gcom_scaffold18207_01                           2.2838921 2.5188162 1.4690067 1.5420692 1.5420692 1.7643747 1.3163803 1.3242560 1.2866881 1.1357029 1.0430505 1.2997752 1.1791166 1.8259846 0.2525417 0.2296731 0.2220704 0.2890068 0.0000000 0.1648778 0.1675951 0.5239970 1.2711184 1.3071351 1.3194934 1.2527493 1.2327888 1.2841440 1.2206428 1.1806878 1.1857189 1.1827421 1.3315642 1.3536468 1.1573030 1.1978754 1.2915749 2.1399254 1.3886716 1.5000807 1.6096661 2.3578187 1.2262585 1.9410702 1.3078602 1.3285141 1.3235900 1.4015674 1.5695040 1.3980586 1.0820826 1.0808798 1.4450994 1.5308512 1.5045471 1.5583919 1.5589821 1.5359060 1.5234378 1.3882618 1.6538439 1.7147868 1.6154561 1.4341853 1.6807494 1.7855316 1.7915128 2.3590417 1.6568803 1.5771748 1.6413682 1.6281830 1.6938486 1.6784899 1.7882913 1.3926908 1.6652623 1.5415553 2.1995489 2.3506742 2.8675838 3.1446276 3.0721152 2.9414742 2.9587471 2.3697694 2.4194975 2.3658647 2.6066645 2.9943934 2.5703011 2.5788930 2.4047899 2.6134023 2.7333067 2.5155595 2.4639561 2.6034123 2.9591202 4.0969904 
Leuniv_Lniv_C804630_01                                 1.7553506 2.3144164 1.3850977 1.5381612 1.5381612 1.5103662 1.3117615 1.2506103 1.2301342 0.9289920 0.9596220 1.3433460 1.1165088 1.5470885 0.1569271 0.1965477 0.1815168 0.1792282 0.1648778 0.0000000 0.1836317 0.5025570 1.1490242 1.1001559 1.1274780 1.0478090 1.1197275 1.1261417 1.0829384 1.0770382 1.0668511 1.1357288 1.1361664 1.2203924 0.9917167 1.0084813 1.2410231 6.2533612 1.1860271 1.3721687 1.5535272 2.1621516 1.2046930 0.0000010 1.2836366 1.2719563 1.3727016 1.4176933 1.3682737 1.2891264 0.9958649 0.9345981 1.3214466 1.3515317 1.3818290 1.4058613 1.4067873 1.3635249 1.3711418 1.2124821 1.5154331 1.8115054 1.6935625 0.8370570 8.9999981 1.8365335 1.8927277 2.4441396 1.6902935 1.7257643 1.7257643 1.6439293 1.7948949 1.7866675 1.7750600 0.9533487 1.7226975 1.3725750 2.2862930 2.2493036 2.4302571 3.2048949 3.0738707 2.9353721 2.9473704 2.2656935 2.4695441 2.2268223 2.6397078 1.3853416 2.5468000 2.6629738 2.3811975 2.6002793 2.9810056 2.6037270 2.2044290 2.7030887 3.0963108 3.8805216 
Scil_scict007769.2                                     2.1960382 2.6457251 1.3788961 1.4550184 1.4550184 1.7302967 1.2862404 1.2743786 1.2627421 1.0685896 1.0281148 1.4414209 1.1811184 1.8496784 0.2426513 0.2336863 0.2253371 0.2778262 0.1675951 0.1836317 0.0000000 0.5103886 1.1575696 1.3589730 1.2566804 1.1872006 1.1756294 1.2599059 1.2302962 1.2177911 1.1893438 1.2133748 1.3044410 1.2863923 1.1592135 1.1776399 1.3159809 2.0305688 1.2692019 1.4268775 1.4125044 2.4650293 1.2095748 1.4186833 1.2898937 1.3212900 1.3350605 1.3942336 1.5341721 1.3776330 1.0378114 1.0455806 1.3835886 1.3804774 1.4183221 1.4258640 1.4264078 1.4110554 1.3993138 1.3127544 1.5923011 1.7969838 1.6638774 1.4591314 1.7153701 1.8657824 1.8560010 2.4607125 1.6963361 1.6262347 1.7051484 1.6520681 1.7120233 1.7308115 1.7778394 1.3631002 1.6448308 1.5164858 2.1726687 2.1545740 2.4387373 3.1279649 2.9512594 2.8705166 2.8739951 2.2541283 2.3617277 2.2874018 2.5459557 2.2740561 2.5071263 2.4719780 2.3421190 2.6919225 2.6522155 2.4146671 2.3644950 2.3884758 2.6949468 4.4138270 
Clacor_Ccor_C534447_01                                 2.0994419 2.8102465 1.6125527 1.7023004 1.7023004 1.7817492 1.3288622 1.3578076 1.3187510 1.1618600 1.0031904 1.1741578 1.2339233 1.9060266 0.4773345 0.4414972 0.4640966 0.4246603 0.5239970 0.5025570 0.5103886 0.0000000 1.1712021 1.0891411 1.2088435 1.0955311 1.0527342 1.1146086 1.1110985 1.1272623 1.1785469 1.1912950 1.1622374 1.2595220 1.1301476 1.1163075 1.2388676 7.1071242 1.2296217 1.4969855 1.6880680 2.3661841 1.1370217 0.0000010 1.3519381 1.3410999 1.3765104 1.3615331 1.3452927 1.2551873 0.9715514 0.9430828 1.5273205 1.4023320 1.4134898 1.4783819 1.4791945 1.4205054 1.4039072 1.2435048 1.3750563 1.6883207 1.6030265 1.2281623 1.8424533 1.7677182 1.7600807 2.3227948 1.5658326 1.5673578 1.5503404 1.6111003 1.7241795 1.6584063 1.7381347 1.2186722 1.6629939 1.6030403 2.3500252 2.3245807 2.1400425 3.2592712 2.8189471 3.1518458 2.9568510 2.2510462 2.4670797 2.3049652 2.6246414 1.3853416 2.6223681 2.6399741 2.5322077 2.6433843 2.7187702 2.7091657 2.3234222 2.8376120 2.6958058 4.2424044 
Bralan_BLAG05001490_3                                  2.2671646 2.9987710 1.3290967 1.3588703 1.3588703 1.6298647 1.2037459 1.1913942 1.2040020 1.1829478 0.9912532 1.4373321 1.1695294 1.7449195 1.3325057 1.1574456 1.2117361 1.1628456 1.2711184 1.1490242 1.1575696 1.1712021 0.0000000 0.6713557 0.6103002 0.6040838 0.5091635 0.6104997 0.8160376 0.7449037 0.8020794 0.8005926 0.8370412 0.9135762 0.7632039 0.7644503 0.8682568 1.4623304 0.8755689 0.9022287 1.1105418 1.2189372 0.8167261 0.8405655 0.9896020 1.0222215 0.9080144 0.9556049 0.8169318 0.8536202 1.0836440 0.8568648 1.1231067 1.0135918 1.0148602 1.0589779 1.0616042 1.0289885 1.0327699 1.0466679 1.0160424 1.4576794 1.5138176 1.4587902 1.7190178 1.4486516 1.3680851 1.6931659 1.5936578 1.5431120 1.3850279 1.4778765 1.6087891 1.5844867 1.5523159 1.6134577 1.6078857 1.3382940 1.9794438 2.1454643 2.1674512 2.4392378 2.4497057 2.4452623 2.4281202 1.9121073 2.0169697 1.9720938 2.2064715 2.3889810 2.1980594 2.1595724 2.2577880 2.2069518 2.3262292 2.1875468 1.9712030 2.4322548 3.0428025 4.2402396 
Acagra_model.g8920.t1                                  2.4252078 2.9321941 1.4750418 1.4445884 1.4445884 1.6583670 1.3019132 1.2548266 1.2489141 1.1848692 0.8339385 1.0888149 1.1038199 1.7390656 1.2817632 1.3204833 1.3215187 1.2701080 1.3071351 1.1001559 1.3589730 1.0891411 0.6713557 0.0000000 0.3754190 0.4617050 0.6450751 0.7568603 0.9126147 0.8555370 0.8933961 0.9136572 0.9433100 1.0710539 0.9375521 0.9263121 1.0039426 2.4251509 1.0417701 1.0632666 1.2340381 1.6101775 0.7949322 1.1064045 1.0424794 1.0416892 1.0321778 1.0121664 0.9304487 0.9347053 1.1444038 1.0102880 1.1840497 1.0630298 1.0434549 1.0829705 1.0835182 1.0658858 1.0644599 0.9863073 1.1137559 1.5707149 1.5792234 1.4567374 2.0933852 1.6644321 1.6236271 2.1315395 1.5721997 1.6553591 1.3853844 1.5926776 1.6585441 1.6145827 1.5867069 1.6665268 1.6064715 1.2969051 2.1347693 2.0490791 2.5828866 2.6275087 2.4663554 2.8654716 2.7841219 2.0009291 2.2640404 1.8531966 2.2401436 2.4894450 2.2213557 2.2314448 2.2126178 2.2771427 2.2467082 2.4480574 1.8509570 2.3246317 2.1458314 4.4925034 
Cgig_XM_011434059.3                                    2.3311128 2.8400035 1.3583700 1.3553938 1.3553938 1.5704488 1.3007342 1.2689394 1.1951857 1.0880643 1.1079573 1.1457339 1.2183212 1.7784582 1.2835788 1.2507775 1.2843949 1.1715610 1.3194934 1.1274780 1.2566804 1.2088435 0.6103002 0.3754190 0.0000000 0.4982173 0.5961357 0.6971655 0.7864342 0.7510802 0.8138400 0.7596635 0.8335187 0.9167096 0.7889641 0.8113217 0.9270846 1.3627840 0.9388822 1.0134233 1.3221724 1.4618306 0.7311355 0.9252283 0.9660463 1.0117888 0.8973915 0.9440341 0.9028765 0.9336196 1.1541551 0.9806837 1.0624051 0.9905922 0.9902618 1.0102748 1.0128294 1.0029494 1.0032558 0.9835540 1.0924924 1.3832057 1.4209201 1.3032565 1.6743428 1.3912952 1.3834276 1.7366782 1.5153901 1.4988336 1.3411971 1.4626610 1.5666489 1.4863254 1.4756563 1.6557252 1.6385608 1.2274708 2.0803256 2.1970106 2.7729315 2.6279704 2.6530277 2.5961884 2.5858307 1.8704275 2.1558050 1.9533945 2.1598393 2.3665860 2.3070191 2.2972437 2.1346202 2.2756150 2.3448746 2.3346867 1.8916785 2.4763204 2.6425233 3.7897848 
Ctel_gnl_WGS_AMQN_CAPTEDRAFT_mRNA175751                2.1897388 2.4351166 1.3895467 1.3815845 1.3815845 1.5365406 1.1669973 1.1249689 1.2023975 1.1556873 0.9911316 1.2554528 1.1094476 1.5985179 1.1535199 1.1671691 1.1827407 1.0961225 1.2527493 1.0478090 1.1872006 1.0955311 0.6040838 0.4617050 0.4982173 0.0000000 0.6096989 0.6582652 0.8271764 0.7506535 0.8122643 0.8002957 0.8717308 0.9100567 0.7931420 0.7965316 0.9758804 1.5080006 0.8799928 0.9534149 1.2425408 1.3283487 0.7444526 0.9295926 0.9917341 1.0339842 0.9686346 0.9930523 0.8915573 0.9208928 1.1718949 0.9578029 1.0789266 1.0394710 1.0419899 1.0704893 1.0724262 1.0502238 1.0512286 0.9506774 1.0507733 1.3360784 1.4299652 1.4639013 1.7999438 1.3836867 1.3423861 1.6319419 1.5428176 1.4843701 1.3083011 1.5166934 1.5706507 1.5885492 1.5381988 1.6695377 1.6641352 1.3050092 1.9966047 2.1362995 2.2943503 2.5001477 2.3990490 2.4450298 2.3797709 1.9202034 2.0357619 1.8992134 2.1279208 2.1295474 2.2029351 2.1064888 2.1645667 2.2754964 2.2128848 2.3409618 2.0481205 2.4516892 2.6380054 3.9510560 
Skow_XM_006825927.1                                    2.0733168 3.3829035 1.2403535 1.3209205 1.3209205 1.4681866 1.1025281 1.1385995 1.1368240 1.0248892 0.9111288 1.3530992 1.1174549 1.5752837 1.1534869 1.1306845 1.1778658 0.9929808 1.2327888 1.1197275 1.1756294 1.0527342 0.5091635 0.6450751 0.5961357 0.6096989 0.0000000 0.5808747 0.8403396 0.7100833 0.8191832 0.7835889 0.8590655 0.9130786 0.7997880 0.8079237 0.9178525 1.5312069 0.9300712 0.9631520 1.2089717 1.3987153 0.7275094 1.0539899 0.9509598 0.9553767 0.8928754 0.9457724 0.8036423 0.9665978 1.0885698 0.8709903 1.0773750 1.0321105 1.0859232 1.0418344 1.0444506 1.0192970 1.0260078 1.1085014 1.0856939 1.2867688 1.3869654 1.3952301 1.6934444 1.2591757 1.2141153 1.4877653 1.4311291 1.4173841 1.2644014 1.4503806 1.4113296 1.4409988 1.3901701 1.5521021 1.4698923 1.3964966 2.0279637 2.1543247 2.3555706 2.5342819 2.7048783 2.5230945 2.4781303 1.9889302 2.1205093 2.0729094 2.2758166 2.1110216 2.2292804 2.1532431 2.3879096 2.3351062 2.4358733 2.2763471 1.9462535 2.5070348 2.9358388 4.1610134 
Spur_XM_003723800.3                                    2.4267615 3.5688528 1.4143036 1.4337189 1.4337189 1.6650257 1.2203678 1.2454512 1.2744521 1.0914512 1.0103307 1.2629911 1.1509242 1.7429697 1.2159272 1.1982621 1.2285879 1.1125963 1.2841440 1.1261417 1.2599059 1.1146086 0.6104997 0.7568603 0.6971655 0.6582652 0.5808747 0.0000000 0.8482674 0.7196109 0.8417102 0.7861985 0.8937823 0.9291687 0.8107925 0.8191516 0.8836362 1.5630273 0.9469210 1.0120339 1.3195153 1.3367703 0.7981517 1.1731352 0.9913510 1.0251525 0.9116563 1.0335519 0.8916304 0.8808178 1.0706666 0.8566414 1.1651965 1.0926972 1.0541173 1.0980583 1.1007190 1.0986246 1.1038864 1.1001060 1.0529709 1.2782330 1.4320772 1.5124655 1.8025321 1.3216356 1.2736613 1.5386304 1.4575604 1.4333044 1.2584715 1.5090168 1.5716172 1.5561853 1.4610676 1.6671344 1.6806927 1.3742281 2.0271344 2.3142712 2.3868039 2.4828705 2.5311170 2.4797669 2.3744697 1.9671458 2.0768884 2.0276483 2.2767605 2.7047039 2.2706630 2.1821647 2.2686349 2.3081872 2.3830171 2.2863224 2.0126209 2.4513891 3.0517145 3.6854064 
Spis_XP_022797528_1                                    2.0712520 2.0642977 1.2422391 1.2813430 1.2813430 1.3825451 1.2268822 1.1771999 1.2180849 1.1106887 1.0602447 1.1742602 1.1434137 1.4625255 1.2755418 1.2264240 1.2662838 1.1431723 1.2206428 1.0829384 1.2302962 1.1110985 0.8160376 0.9126147 0.7864342 0.8271764 0.8403396 0.8482674 0.0000000 0.0319990 0.0904642 0.1038715 0.1824959 0.1865340 0.3602528 0.3686922 0.2296235 0.3051307 0.7006094 0.8138849 0.9546094 1.3123268 0.6947808 1.0552321 0.8980118 0.8847907 0.7884394 0.8385950 1.0951956 1.1578707 1.1761226 0.9457061 1.1174551 1.0888185 1.0355480 1.1331586 1.1358648 1.0532265 1.0434189 1.1496131 1.2957994 1.4080117 1.4968611 1.5029491 1.8060787 1.5230499 1.4541673 1.7593071 1.5096238 1.5508629 1.3633796 1.5045837 1.6673385 1.5634754 1.6119036 1.6361733 1.6830980 1.1840220 2.1554714 2.3751618 2.5241021 2.5489115 2.7138416 2.7268746 2.6523692 1.7978186 2.2596521 2.2224705 2.3906635 2.7726463 2.2357385 2.2297392 2.2757381 2.5502766 2.6704348 2.4052705 2.2707781 2.4766242 2.5677355 4.2445976 
Pocdam_XM_027199587.1                                  1.5782946 2.1866653 1.3151480 1.3934180 1.3934180 1.3672363 1.2093708 1.1255075 1.1534816 1.0411175 1.0662986 1.1716681 1.1942141 1.4314946 1.2694237 1.1813745 1.2461726 1.1211016 1.1806878 1.0770382 1.2177911 1.1272623 0.7449037 0.8555370 0.7510802 0.7506535 0.7100833 0.7196109 0.0319990 0.0000000 0.0633365 0.0804870 0.1400173 0.1704964 0.3017423 0.2658522 0.2512210 2.5693176 0.6428257 0.8235498 1.2409039 1.1882405 0.6801655 0.0000010 0.8518072 0.8372530 0.7593573 0.8133920 1.0014413 1.0744703 1.1492737 0.9025744 1.0721513 0.9991499 1.0153734 1.1098324 1.1128681 1.0049047 0.9976667 1.1251103 1.2072436 1.3320745 1.4381561 1.5802887 3.1276916 1.4741484 1.4316071 1.7277363 1.4473616 1.4916783 1.3544591 1.4756658 1.6644573 1.5705998 1.5629931 1.3786025 1.5459395 1.1928868 2.4346973 2.2354419 2.3947171 2.7148978 2.6188796 2.8227414 2.8310483 1.6828996 2.3540066 2.1798980 2.3720498 1.6085978 2.3693031 2.3347161 2.3283524 2.6427155 2.8801425 2.6503959 2.2509880 2.6804576 2.5138246 4.2352371 
Gasp_gasp1.m3.3749.m1                                  2.0621156 2.1302172 1.2003996 1.2711353 1.2711353 1.3696117 1.2222410 1.1892394 1.2390079 1.1274839 1.0671917 1.1412941 1.1436317 1.4400122 1.2522853 1.2096329 1.2554032 1.0866122 1.1857189 1.0668511 1.1893438 1.1785469 0.8020794 0.8933961 0.8138400 0.8122643 0.8191832 0.8417102 0.0904642 0.0633365 0.0000000 0.0887816 0.1854805 0.1638708 0.3479516 0.3600978 0.2378955 0.3904136 0.7008215 0.8343218 0.8954143 1.2596796 0.7137890 0.9348835 0.8953566 0.8886694 0.7827682 0.8118850 1.1428940 1.1603173 1.2136217 0.9687824 1.1289981 1.0679074 1.0192328 1.1154382 1.1182457 1.0433426 1.0332414 1.1759728 1.3500554 1.4399440 1.5105087 1.5167024 1.8419809 1.5479156 1.5011076 1.8594315 1.4921740 1.5487406 1.3710893 1.4955887 1.6152764 1.5525694 1.6074634 1.6102081 1.6734714 1.1871795 2.1764995 2.4179095 2.5742250 2.5547659 2.6713172 2.6810651 2.6331393 1.6620768 2.1797093 2.1679485 2.3670717 2.6573385 2.2013211 2.2316167 2.2690335 2.5401671 2.6516356 2.4215292 2.2022815 2.4523931 2.5113635 4.1704207 
Fspp_ffun1.m4.2880.m1                                  2.0302896 1.7195341 1.1597723 1.1820561 1.1820561 1.2992345 1.1559524 1.0855279 1.1130572 1.0730013 1.2596160 1.0198498 1.1260414 1.4271690 1.1800302 1.1728878 1.2355308 0.9842071 1.1827421 1.1357288 1.2133748 1.1912950 0.8005926 0.9136572 0.7596635 0.8002957 0.7835889 0.7861985 0.1038715 0.0804870 0.0887816 0.0000000 0.1530301 0.0964348 0.3347236 0.3182030 0.2068780 0.4220107 0.6424379 0.7410225 1.0125051 1.1307775 0.7470740 0.8987366 0.8073495 0.7972619 0.7330586 0.7829846 1.0460748 1.0419574 1.0845590 0.9113883 1.0127383 1.0506852 0.9966212 1.0651442 1.0651442 1.0203387 1.0102618 1.1512406 1.2176505 1.3138524 1.4532854 1.5006096 1.8363501 1.4080025 1.3510176 1.5261038 1.4583197 1.4755565 1.2640958 1.4075648 1.5528051 1.5051792 1.2842252 1.5959334 1.5483079 1.1249252 2.0275985 2.1834370 2.5713085 2.5169642 2.6156433 2.5627026 2.5288373 1.7394066 2.1432249 2.0818894 2.3173816 2.4253974 1.9983985 2.0423703 2.0507748 2.3282059 2.3686697 2.4044532 2.1553088 2.4051378 2.4674097 3.9193341 
Amil_Amillepora17893-RA                                1.8714143 1.6786173 1.2880820 1.3015377 1.3015377 1.3189690 1.2770132 1.2426313 1.2690644 1.1969376 1.0272435 1.1407962 1.1975208 1.4076543 1.2802208 1.2907842 1.3108595 1.2106867 1.3315642 1.1361664 1.3044410 1.1622374 0.8370412 0.9433100 0.8335187 0.8717308 0.8590655 0.8937823 0.1824959 0.1400173 0.1854805 0.1530301 0.0000000 0.2134895 0.3541453 0.3945781 0.1491128 0.5163443 0.6822745 0.8176558 0.9865932 1.1858735 0.7071262 1.0608505 0.8987811 0.8722063 0.7888141 0.8714516 1.1065837 1.1331132 1.2653508 0.9667554 1.1740076 1.1006690 1.0220480 1.1195700 1.1217245 1.0449666 1.0399976 1.1952929 1.3674416 1.4611064 1.5309647 1.5075654 1.9292183 1.5296775 1.4530598 1.7643497 1.5041600 1.5304837 1.3517971 1.5077505 1.5904552 1.5471739 1.5679161 1.6198669 1.6514788 1.2232695 2.1860604 2.3478576 2.5487263 2.4980120 2.5804301 2.5377523 2.5273015 1.6115184 2.3262798 2.1580032 2.3820634 2.7508184 2.2244691 2.1635495 2.3240353 2.5080649 2.5886431 2.5081827 2.1262733 2.6419157 2.7017644 4.0622291 
Gfas_gfas1.m1.4762.m1                                  2.0849733 3.5085428 1.2217200 1.4429636 1.4429636 1.5052295 1.2954655 1.2891735 1.3350097 1.1621541 1.0836691 1.5190700 1.2606074 1.6395472 1.4699421 1.2072436 1.3271904 1.0978407 1.3536468 1.2203924 1.2863923 1.2595220 0.9135762 1.0710539 0.9167096 0.9100567 0.9130786 0.9291687 0.1865340 0.1704964 0.1638708 0.0964348 0.2134895 0.0000000 0.3263065 0.4159327 0.2340153 0.5056729 0.7576261 0.9318941 1.0122567 1.6051200 0.8302975 1.0500713 0.9727356 0.9678918 0.8810299 0.9402937 1.2195405 1.2321279 1.2984431 1.0151963 1.2211301 1.1105417 1.1165078 1.1800734 1.1829921 1.1411589 1.1299571 1.3303818 1.5049713 1.5408830 1.6536320 1.7203179 2.2890749 1.6072761 1.5810959 1.9498002 1.6387239 1.6505575 1.4209335 1.6057362 1.7593540 1.7284625 1.5023313 1.6834427 1.7837535 1.3380040 2.2956013 2.5164284 2.3891271 2.7699522 2.9802494 2.8017444 2.7360104 1.6870131 2.4631010 2.3507766 2.6314490 2.6197155 2.3956243 2.3775163 2.2828066 2.6874366 2.8237365 2.5361798 2.4092702 2.8267438 3.0866888 4.2735340 
Exapal_XM_021053072.2                                  2.0259965 1.8441794 1.2322179 1.2411381 1.2411381 1.2700511 1.1951589 1.1449911 1.1429282 1.1308054 0.9504285 1.3181499 1.1104998 1.3899616 1.1299234 1.1649611 1.1649611 1.1299234 1.1573030 0.9917167 1.1592135 1.1301476 0.7632039 0.9375521 0.7889641 0.7931420 0.7997880 0.8107925 0.3602528 0.3017423 0.3479516 0.3347236 0.3541453 0.3263065 0.0000000 0.2928215 0.4433110 0.6919511 0.6319612 0.7932725 0.9799325 1.1916780 0.6333891 1.0244468 0.7962524 0.7890138 0.6932906 0.8115416 1.0288429 1.0541692 1.1576798 0.9917601 0.9723019 0.9988907 0.9180911 1.0224614 1.0224614 0.9624248 0.9554309 1.1172153 1.2238268 1.3432620 1.4504244 1.4497781 1.7558323 1.4487391 1.3723220 1.7229224 1.5818827 1.4736153 1.3050170 1.4193258 1.5349325 1.5408649 1.3418179 1.5463064 1.5999950 1.1093665 1.8303916 2.3011240 2.6082264 2.5321887 2.4495868 2.4893897 2.4816217 1.7480950 2.1187588 2.0472043 2.2174244 2.3978424 1.9795526 2.0215055 2.2080324 2.3966186 2.3657959 2.1488327 1.9788769 2.3104702 1.9825230 3.7119354 
Nvec_v1g180238                                         2.0080698 1.7709251 1.3034634 1.3255924 1.3255924 1.4441899 1.2329488 1.1892087 1.2105876 1.1596077 0.9457314 1.0592833 1.1632575 1.5006755 1.1938303 1.1813007 1.2077846 1.1026603 1.1978754 1.0084813 1.1776399 1.1163075 0.7644503 0.9263121 0.8113217 0.7965316 0.8079237 0.8191516 0.3686922 0.2658522 0.3600978 0.3182030 0.3945781 0.4159327 0.2928215 0.0000000 0.4205412 0.9761774 0.6975345 0.8420165 1.0003659 1.2928406 0.6967162 1.1519670 0.8828860 0.8901977 0.7897371 0.8939097 1.1111633 1.1442653 1.2049349 0.9688537 1.0553843 1.0765433 0.9844251 1.1085012 1.1111953 1.0534199 1.0453738 1.2501242 1.2528912 1.3433976 1.5072564 1.5602903 1.9234895 1.4288986 1.3694840 1.6587246 1.5116975 1.5110343 1.3469112 1.4946250 1.6111429 1.5911018 1.4737767 1.6117914 1.6781366 1.2552875 2.0199116 2.4494630 2.5497149 2.5592541 2.5646645 2.5874133 2.5483474 1.6414784 2.2220999 2.2494626 2.3176169 2.6253565 2.1971940 2.1704673 2.2709952 2.4633514 2.4384492 2.3032211 2.0463455 2.4581413 2.6930630 3.7629746 
Adig_XM_015921249.1                                    2.2204899 3.7981162 1.3599026 1.3765332 1.3765332 1.3417945 1.3434838 1.2587470 1.3240095 1.1131130 1.0720846 2.2060795 1.2992925 1.3237488 1.6146041 1.3404309 1.3578737 1.5463106 1.2915749 1.2410231 1.3159809 1.2388676 0.8682568 1.0039426 0.9270846 0.9758804 0.9178525 0.8836362 0.2296235 0.2512210 0.2378955 0.2068780 0.1491128 0.2340153 0.4433110 0.4205412 0.0000000 0.6285707 0.7387631 0.8244217 0.9091555 1.6438281 0.8479590 1.0574172 0.9282028 0.9130444 0.9193946 0.9326566 1.1090488 1.1920681 1.2465526 1.0250277 1.1747311 1.2346023 1.2011965 1.2380878 1.2380878 1.1916314 1.1781985 1.2139664 1.3909730 1.6709240 1.6994079 1.6299404 2.0633169 1.8116116 1.7219803 2.2886169 1.7370441 1.8078161 1.5715817 1.6599935 1.8593694 1.8077245 1.6264086 1.6962662 1.7883737 1.2222727 2.0647465 2.0951450 2.6372394 2.6529128 2.6788585 2.8909414 2.7834517 1.7505178 2.3424715 2.2778661 2.4994056 2.1091341 2.2673166 2.2251077 2.3002211 2.6425500 2.5031182 2.4971960 2.1967434 2.5851496 2.1228287 4.3630969 
