94
Amil_Amillepora21019-RA                               0.0000000 2.8498711 0.0946939 0.5441558 0.5620739 0.6880323 0.5660698 0.7191496 1.0765600 1.4364768 1.2386355 1.3561372 1.4745840 1.5891943 1.6670164 1.4872570 1.8841583 1.4590482 1.4636366 1.4822181 1.4593874 1.4114840 1.4067517 1.6001469 1.3113687 0.5981755 2.1214507 1.3139202 1.0797216 1.2841137 1.5652348 1.5629671 1.5652834 1.1515295 1.9962474 1.9048937 1.6006460 1.6269006 1.6370485 1.0925604 1.6291661 1.5769335 1.5194536 1.3460867 1.5581754 2.9811596 1.8940925 1.6408354 5.9915386 1.1894155 2.1254084 2.2243497 1.9776848 2.3921758 1.8239698 2.3335586 3.0906849 3.0906849 2.2350274 3.2818538 3.3698786 2.3983245 3.1920918 3.1920918 2.4700009 2.1645809 3.0594652 3.1785975 2.4834876 1.7233987 1.7301718 1.5763944 1.3756231 1.6769357 1.6284636 2.2984901 2.3259770 2.2178066 2.0024350 1.9647786 1.9492869 1.9640335 1.8987983 2.2720782 2.0728451 1.9451106 2.3564283 2.2490265 1.8241940 1.9606157 2.4633761 1.8563371 2.5766700 2.3001603 
Adig_XM_015894844.1                                   2.8498711 0.0000000 0.3012711 0.5735437 0.3869107 0.4729421 0.8427903 0.8349865 0.6237847 1.0478088 0.7076926 0.8984038 1.0472570 0.9811292 1.0672618 0.7663838 0.3597632 1.2558794 1.2964766 1.1556690 1.1556690 1.2228127 1.3042963 0.9832642 0.9786112 0.0000010 1.0306811 1.1495395 0.6335605 1.0324211 0.5605690 0.7775074 0.7745624 0.7570894 1.0207226 1.0315952 0.7385908 1.0181354 0.6226842 1.0519911 1.2208516 1.1545366 1.0449524 0.8601271 0.9291250 1.0876338 1.1694354 0.8107889 0.6586929 0.9003736 1.2299113 1.3322573 1.3680204 1.2688338 1.1319993 1.3481258 1.3773612 1.3773612 1.3773612 1.4928920 1.4928920 1.3773612 1.3773612 1.3773612 1.1621853 1.3542040 1.3542040 1.3542040 1.5361578 1.1217341 1.1217341 1.0262571 0.8361113 1.2379786 0.9935965 1.4933731 1.0616490 0.9733979 1.1997877 1.0382430 1.3113434 1.4340620 1.2680331 1.3031596 1.6993310 1.5577281 0.9701555 1.2897963 1.4799116 0.8218103 1.0320698 0.9208900 1.0420492 6.7530350 
Adig_XM_015907956.1                                   0.0946939 0.3012711 0.0000000 0.3926991 0.4118904 0.4582483 0.6307969 0.7556080 0.7939144 1.1475184 0.9726610 1.0185976 1.0825174 1.1883723 1.2757860 1.1610720 0.9190972 1.2335251 1.2502060 1.2723381 1.2624858 1.1913167 1.1496722 1.2012987 1.0122976 0.6381937 1.4216572 1.0511751 0.7929992 1.1129579 1.1344721 1.1088647 1.0308035 0.9335660 1.5858284 1.5933994 1.2037988 1.2394990 1.2289498 0.9598498 1.3676132 1.2315396 1.1933688 1.0347284 1.1394274 2.1900694 1.5376108 1.2285430 2.4699856 1.0839182 1.7056928 1.7754806 1.7247819 1.8428875 1.4875171 1.8793425 2.1737784 2.1737784 1.8315675 2.6980025 2.6559302 1.8820577 2.2039289 2.2039289 1.9589906 1.7592071 2.2302571 2.4280614 1.8691309 1.2638696 1.2703205 1.3191924 1.0189910 1.3126692 1.2720756 1.8375354 1.7961809 1.6820800 1.5861357 1.5748298 1.6044177 1.6810638 1.6139284 1.8230558 1.8222947 1.6918392 1.7902094 1.7471164 1.4073493 1.3188379 1.7365668 1.3949628 2.0928699 1.9648804 
Gfas_gfas1.m1.15850.m1                                0.5441558 0.5735437 0.3926991 0.0000000 0.1766229 0.3000880 0.5769736 0.7196255 0.7221493 1.3011379 0.9937432 1.1149915 1.1638005 1.2038510 1.3963965 1.2243118 0.9573821 1.2348060 1.2610954 1.2965103 1.2983844 1.2139224 1.1598729 1.2662207 1.0231200 0.5863854 1.5483911 1.1442922 0.7349943 1.0085803 1.2623984 1.2113757 1.1821910 0.8695032 1.6601268 1.6109681 1.2228753 1.2540359 1.2509498 0.9019128 1.3375558 1.3218419 1.1925168 1.0320127 1.2611373 2.5088654 1.6392617 1.2228631 2.3972838 1.0361449 1.7791806 1.8308025 1.7033092 1.9549764 1.4094541 1.8342719 2.0293917 2.0293917 1.7314387 2.5186827 2.5779397 1.8557747 2.1460551 2.1460551 1.9380438 1.7712914 2.1573979 2.3256889 1.7895009 1.2766750 1.2827696 1.3968022 1.1359714 1.3181973 1.2206339 1.8518371 1.8406027 1.8099706 1.6871552 1.6852551 1.7213684 1.8261180 1.7633533 1.8662292 1.9089109 1.7449074 1.8223131 1.8204360 1.5045029 1.4216083 1.7243214 1.5822155 2.0688767 1.8523477 
Fspp_ffun1.m4.208.m1                                  0.5620739 0.3869107 0.4118904 0.1766229 0.0000000 0.2029555 0.5524266 0.5234759 0.6504841 0.9224463 0.7644690 0.7445567 0.7356699 0.8286709 0.9527008 0.8759107 0.7763565 0.9023448 0.9116224 0.9577616 0.9522106 0.8615585 0.8725689 0.8570829 0.7697879 0.5822050 0.9705092 0.7560677 0.6027821 1.0034942 0.9011468 0.8183192 0.6971799 0.8523277 1.1797360 1.0948885 0.8713571 0.9195146 0.8884049 0.8581813 0.9772530 1.0202515 0.8688184 0.7247106 0.8644419 2.0299422 1.3022974 1.2422998 2.4979276 0.9532372 1.4137713 1.3979910 1.3973030 1.4198919 1.4216539 1.3372976 1.5074882 1.5074882 1.2734451 1.7736554 1.7736554 1.2734451 1.5074882 1.5074882 1.4040053 1.4171428 1.8142263 1.9501030 1.5217233 0.9212627 0.9266960 1.0644511 0.7281226 0.9325832 0.9939048 1.2769657 1.2815104 1.1857877 1.0912738 1.1527280 1.0298809 1.1802110 1.1080001 1.3189587 1.4102502 1.2326026 1.1747172 1.3745968 1.0693936 0.8922705 1.2190060 0.9089421 1.6061401 1.3900261 
Spis_XP_022799957_1                                   0.6880323 0.4729421 0.4582483 0.3000880 0.2029555 0.0000000 0.5122781 0.6015388 0.7446834 1.1516850 0.8830931 1.0464761 1.1012291 1.1637661 1.3069729 1.1824480 0.7808003 1.0677341 1.0933196 1.1032790 1.0976578 1.0503496 0.9876726 1.0944331 0.9775557 0.5236688 1.5572996 1.0922960 0.7032650 0.9301589 1.1522449 1.1086030 1.1081697 0.7881890 1.5005494 1.4176497 1.1385738 1.2101975 1.1585153 0.7951382 1.1945509 1.2955293 1.1092636 0.9807127 1.1932320 2.3900425 1.4550253 1.0978172 2.5529551 0.9331423 1.7760692 1.6990595 1.5660347 1.8679661 1.3357938 1.8024595 2.0824647 2.0824647 1.6669547 2.6681156 2.7840636 1.8375952 2.2519949 2.2519949 1.8319048 1.7111934 2.1983684 2.3858504 1.7557016 1.2048373 1.2094865 1.2684853 1.0592902 1.3118783 1.1391545 1.6777547 1.5714121 1.6198485 1.3988596 1.4420911 1.5560918 1.5658613 1.5343728 1.6720933 1.7329574 1.5434241 1.6480037 1.6079412 1.3938227 1.4047011 1.8232997 1.3663053 2.2392052 1.6048542 
Opea_EP00118_Oscarella_pearsei_P019964                0.5660698 0.8427903 0.6307969 0.5769736 0.5524266 0.5122781 0.0000000 0.0066177 0.4925352 0.4708277 0.5079182 0.4716561 0.4649790 0.5560473 0.6982563 0.5765971 1.0131342 0.6540310 0.6376712 0.6419999 0.6419999 0.6452568 0.6790291 0.4825900 0.5316195 0.5907900 1.0234742 0.5886539 0.5450280 0.8284946 0.6171138 0.5387908 0.5002661 0.7262712 0.7122682 0.5494917 0.5536969 0.5649841 0.5605504 0.6800814 0.6006282 0.5800572 0.4797082 0.5482100 0.5682396 1.5702267 0.8615293 0.8615293 1.5702267 0.9034778 0.9643740 0.9324850 0.9302749 0.9663401 0.9663401 1.0096821 1.2544083 1.2544083 0.9679172 2.8581669 2.8581669 0.9679172 1.2544083 1.2544083 1.0562404 0.8219774 1.2226694 1.5558241 0.8636032 0.6803336 0.6803336 0.7351029 0.4810732 0.5604690 0.6692716 0.8488501 0.7779801 0.7247500 0.6852001 0.7255939 0.6710463 0.6814977 0.7117458 0.7878801 0.9943732 0.9588881 0.7344339 0.8082210 0.6693034 0.5903260 1.1053841 0.5620171 1.1133815 0.5264089 
Ocar_g1991                                            0.7191496 0.8349865 0.7556080 0.7196255 0.5234759 0.6015388 0.0066177 0.0000000 0.5576480 0.6295975 0.5378271 0.5970798 0.6239891 0.6601962 0.9202330 0.6738124 0.0000010 0.8389107 0.8448772 0.8650503 0.8650503 0.8203150 0.8876102 0.5742548 0.6698411 0.5349520 1.2963058 0.6877107 0.5977044 0.7003763 0.7574844 0.6521756 0.6425586 0.6762514 0.7539224 0.6546462 0.6798588 0.6833637 0.6792525 0.6036388 0.7033799 0.7234380 0.6175690 0.6235947 0.6978650 4.6127085 0.9118186 0.7639414 2.0004970 0.9396446 1.0680631 1.0559675 1.0622045 1.1081193 0.9634118 1.0513098 1.5316313 1.5316313 1.0282471 3.5027555 2.5480356 1.0180797 1.4866894 1.4866894 0.9983373 1.1015332 1.6427673 3.0043343 1.2339515 0.7829132 0.7829132 0.7945401 0.5552343 0.7342651 0.6968728 1.1209340 0.9777332 0.9301320 0.9090897 0.8289277 0.8697255 0.9008953 0.8870158 0.8978526 1.1898254 1.1384015 0.9830566 0.8832171 0.8256747 0.8675329 1.7394647 0.6774628 2.8658182 0.6227802 
Nvec_v1g92056                                         1.0765600 0.6237847 0.7939144 0.7221493 0.6504841 0.7446834 0.4925352 0.5576480 0.0000000 1.0266733 0.8247542 0.9040552 1.0483331 1.0801913 1.3207811 1.1793169 0.7966718 1.1717786 1.1686453 1.2359964 1.2318183 1.1575111 1.0838385 1.1516929 0.8959028 0.6345980 1.7243155 1.1830753 0.5409376 0.7842054 1.2510863 1.1702258 1.0841599 0.8535962 1.4298881 1.4140031 1.1588107 1.1681334 1.1739256 0.8552463 1.2940225 1.1763065 1.1228965 0.9708644 1.1269597 2.2757376 1.4970271 1.2102313 3.1940516 0.9882884 1.6539573 1.6559342 1.5097225 1.7583492 1.2640286 1.8234053 1.9511524 1.9511524 1.6402343 2.4751791 2.6372330 1.8112944 2.1350127 2.1350127 1.8146434 1.6238745 2.0573652 2.2865302 1.6724280 1.3082299 1.3144381 1.2824353 0.9834929 1.3399307 1.1810900 1.7285830 1.5820271 1.5208976 1.4765627 1.5631903 1.4489679 1.5675911 1.5514018 1.7830068 1.7584748 1.5855820 1.7050441 1.7392628 1.3876248 1.3532810 1.7397343 1.4868297 1.8875745 2.0420970 
Ctel_gnl_WGS_AMQN_CAPTEDRAFT_mRNA148777               1.4364768 1.0478088 1.1475184 1.3011379 0.9224463 1.1516850 0.4708277 0.6295975 1.0266733 0.0000000 0.9443338 1.1517430 1.2148545 1.1419961 1.3047957 1.2640928 1.2258399 1.2843977 1.2890817 1.3831638 1.3657700 1.2671771 1.2595328 1.1084217 1.1126282 0.6647122 2.0075915 1.3091864 1.0580121 1.3582350 1.3696553 1.2105014 1.1743737 0.8329773 1.6306990 1.6093775 1.3078084 1.3732892 1.3641264 1.0408991 1.2734770 1.0637318 1.0450531 1.1474137 1.3618580 2.1065565 1.5573108 1.2939756 2.8855237 0.9991044 1.8428123 1.7758635 1.6413206 1.8510006 1.3976240 1.8867267 2.1395872 2.1395872 1.7650254 2.7604244 2.8333476 1.9117750 2.2821597 2.2821597 1.9113300 1.7725237 2.1897054 2.3763106 1.7494986 1.3641703 1.3637392 1.5801554 1.2602097 1.3628146 1.2479326 1.8256940 1.5932380 1.5743705 1.5565450 1.5850696 1.5403550 1.6237020 1.5372822 1.7907479 1.9272333 1.7028709 1.8974932 1.8752234 1.3389657 1.6334462 2.0073669 1.4054913 2.5362924 2.4335284 
Nemnom_g736.t1                                        1.2386355 0.7076926 0.9726610 0.9937432 0.7644690 0.8830931 0.5079182 0.5378271 0.8247542 0.9443338 0.0000000 0.1584757 0.3853542 0.8140794 1.2346260 0.9765884 0.7754577 1.1015287 1.0949875 1.1182163 1.1096995 1.0414488 1.0040269 0.9375119 0.8052202 0.5969511 1.4627335 0.9165900 0.8653793 1.1804464 1.0256817 1.0104784 0.9443304 0.8521939 1.3877025 1.2496661 1.0381275 1.0661228 1.0673668 0.8760353 0.9981126 0.9788076 0.9613575 0.7920529 0.7490578 2.1870865 1.3576115 1.0662273 1.9778376 0.9729854 1.6592485 1.6038537 1.5855294 1.6515464 1.4091317 1.6560839 1.8934966 1.8934966 1.6159950 2.3224812 2.3476213 1.6393450 1.9200342 1.9200342 1.6870010 1.6853979 2.1588776 2.2444860 1.7892576 1.0635620 1.0635620 1.1516592 0.5415785 0.9430233 1.0957679 1.4732866 1.3313355 1.3370355 1.3883604 1.2199376 1.2200211 1.2627844 1.1756075 1.3955461 1.6070479 1.5101007 1.5065808 1.5076443 1.1818812 1.1517368 1.6498986 1.1995967 1.8969788 1.7770847 
Rhoesc_Res_012879-T1                                  1.3561372 0.8984038 1.0185976 1.1149915 0.7445567 1.0464761 0.4716561 0.5970798 0.9040552 1.1517430 0.1584757 0.0000000 0.4336453 1.0169437 1.5534064 1.2018108 0.7631125 1.2778444 1.2938098 1.2940594 1.2830589 1.2742143 1.2845574 1.1839948 0.9737979 0.5594206 1.7366368 1.1582678 0.9522313 1.1130388 1.3309677 1.2426420 1.2202926 0.8410520 1.5494041 1.6228685 1.2287711 1.2713665 1.2605460 0.8666613 1.2204557 1.2650710 1.1125569 1.0531529 0.9425710 2.0989436 1.5460126 1.1175869 2.2797506 0.9632062 1.7006340 1.7772506 1.5568266 1.7931500 1.4255650 1.8074268 1.8716165 1.8716165 1.6173703 2.3297681 2.5460727 1.8008390 2.0798539 2.0798539 1.8786982 1.6061010 1.9486441 2.1146824 1.6674758 1.3220287 1.3220287 1.3339367 0.6215472 1.0315972 1.1376126 1.7004685 1.5586005 1.5425445 1.6425581 1.4073090 1.4473874 1.5387031 1.4836490 1.5760712 1.8406719 1.7257405 1.7503441 1.6536996 1.3453512 1.4476885 1.8529552 1.4391450 2.0811453 2.3078160 
Aaur_scaffold229.g5.t2                                1.4745840 1.0472570 1.0825174 1.1638005 0.7356699 1.1012291 0.4649790 0.6239891 1.0483331 1.2148545 0.3853542 0.4336453 0.0000000 1.0516927 1.6014638 1.2498705 0.8598373 1.2903306 1.2928254 1.3295985 1.3207046 1.2819610 1.3416684 1.2337844 1.0541950 0.4564184 1.7949317 1.2454486 1.0373578 1.0921397 1.3306663 1.4002825 1.3427869 0.7314651 1.6286650 1.5556090 1.1987219 1.2181508 1.2043601 0.8593859 1.3483390 1.2377176 1.1462302 1.1177989 0.9576516 2.2043848 1.5379220 1.1231306 2.5817955 1.0180235 1.8159148 1.9724241 1.7510997 2.0063991 1.5443092 1.9389429 1.9531291 1.9531291 1.6895036 2.3534874 2.7088809 1.9297930 2.2410392 2.2410392 1.8971400 1.7116835 2.0789084 2.3064978 1.7429483 1.3131893 1.3131893 1.3486339 0.5491089 1.1573691 1.0905679 1.8014178 1.6078857 1.6206891 1.6462893 1.4360682 1.5279447 1.6544603 1.4899314 1.4837408 1.8409125 1.6452964 1.7358418 1.7586011 1.3640281 1.3725648 1.9101230 1.3891195 1.7736475 2.6193415 
Skow_XM_002739413.2                                   1.5891943 0.9811292 1.1883723 1.2038510 0.8286709 1.1637661 0.5560473 0.6601962 1.0801913 1.1419961 0.8140794 1.0169437 1.0516927 0.0000000 1.3203645 1.1501140 0.6560879 1.2864837 1.2872281 1.2721906 1.2647251 1.2600665 1.1929861 1.0088558 1.0255039 0.6113832 1.8623638 1.2433510 1.0993490 1.3040627 1.3942438 1.3892743 1.2924044 0.9904193 1.5012358 1.6034606 1.3111448 1.3387624 1.3934548 0.9117635 1.1299379 1.1237190 1.1382622 1.1238195 1.2243437 2.0389261 1.6213017 1.4031690 2.9189201 0.9535055 1.4868881 1.6568786 1.5094625 1.5698257 1.3239665 1.6530932 1.7254532 1.7254532 1.4614886 2.1015259 2.2720848 1.6179044 1.8951275 1.8951275 1.6604978 1.5664720 1.9302944 2.0528195 1.5959907 1.0481456 1.0520000 1.3936596 1.1446174 1.3595336 1.3454733 1.7502147 1.6458634 1.6181315 1.5678883 1.6377686 1.5924219 1.6890503 1.6009173 1.8692694 1.9237092 1.8213903 1.7222592 1.7584500 1.3459709 1.5616190 1.9945664 1.3092163 2.0485530 2.3951331 
Dpul_mRNA23053                                        1.6670164 1.0672618 1.2757860 1.3963965 0.9527008 1.3069729 0.6982563 0.9202330 1.3207811 1.3047957 1.2346260 1.5534064 1.6014638 1.3203645 0.0000000 1.4302887 1.2475485 1.7059241 1.6799095 1.6630713 1.6605442 1.6363550 1.6946145 1.3508566 1.4225020 0.6725400 2.2273615 1.5413176 1.3565593 1.5824941 1.5444775 1.4827301 1.4779511 0.9198850 1.7728346 1.8275845 1.7305303 1.6001416 1.6067996 1.0835164 1.3795257 1.2886136 1.2221103 1.4035386 1.6472656 2.5292161 1.9288894 1.5223573 3.6821059 1.0779432 2.0967847 2.1028593 1.8796780 2.3186683 1.6983614 2.2544956 2.4847742 2.4847742 2.0330582 3.0381088 3.2711249 2.2558459 2.7222064 2.7222064 2.2281905 2.0437961 2.5792400 2.7076049 2.0951510 1.4235430 1.4235430 1.8013697 1.4654786 1.7988412 1.5798523 1.9974787 1.9028244 1.8273639 2.0520244 1.8989915 1.7770040 1.9652209 1.9150823 2.0719453 2.1908591 1.9970907 1.9816083 1.8191912 1.4227726 1.8857974 2.7842834 1.5727860 2.4870030 2.8331786 
Tetwil_g26043.t2                                      1.4872570 0.7663838 1.1610720 1.2243118 0.8759107 1.1824480 0.5765971 0.6738124 1.1793169 1.2640928 0.9765884 1.2018108 1.2498705 1.1501140 1.4302887 0.0000000 0.4938783 1.2905175 1.2777950 1.3981721 1.3801433 1.2272484 1.1734330 1.3605324 1.1816819 0.5190194 1.2308545 0.9138529 1.1977456 1.4813409 1.0346492 1.0922977 1.0354026 0.6762560 1.4646024 1.4128875 1.2877464 1.3363632 1.2707503 0.7773574 1.2909443 1.2427820 1.0385818 1.2725142 1.3439777 2.1966651 1.5298447 1.1625325 2.3526160 0.8705335 1.6710764 1.7238699 1.4753606 1.7250998 1.1699756 1.6524524 1.7253788 1.7253788 1.4451086 2.2700752 2.5504590 1.6581392 1.9763651 1.9763651 1.7319831 1.5293055 1.9228803 2.1118702 1.4869126 1.3519444 1.3519444 1.4560237 1.2269923 1.4538639 1.2293400 1.7513740 1.6948608 1.6573341 1.5821421 1.4752298 1.5034679 1.6508910 1.5447141 1.6472674 1.6055557 1.5981394 1.6077047 1.6795401 1.4855930 1.5322640 1.7764411 1.3145131 2.2776215 2.5011134 
Stycar_maker-SC_scaffold1793-augustus-gene-0.2-mRNA-1 1.8841583 0.3597632 0.9190972 0.9573821 0.7763565 0.7808003 1.0131342 0.0000010 0.7966718 1.2258399 0.7754577 0.7631125 0.8598373 0.6560879 1.2475485 0.4938783 0.0000000 0.7577294 0.8223963 0.7236581 0.6708577 0.8267472 0.8267472 0.6836146 0.8839418 0.0000010 0.5991770 0.7179542 0.7419584 0.7419584 1.0399393 0.8992443 0.9380781 0.4753484 0.8069474 0.9395464 1.0635292 1.1177890 0.9067818 0.7752830 0.9795290 1.0212021 0.7893675 0.4434671 0.9342430 1.0117910 1.0117910 1.2958350 1.2958350 0.4889560 1.6060391 1.6647790 1.7830316 1.4388684 1.4388684 1.3098757 1.3553395 1.3553395 1.3553395 1.3645711 1.3645711 1.3553395 1.3553395 1.3553395 1.4059359 1.5662835 1.5662835 1.5662835 1.5662835 1.2039382 1.2039382 0.8529204 0.7513503 1.0929767 1.1979584 1.1909607 1.2076771 1.1941686 1.0729862 1.0178035 1.2302733 1.3809826 1.0961847 1.0815352 1.2191073 1.2012745 0.8937099 1.6421616 0.8588179 1.0632370 1.0665923 0.7880236 0.9781890 8.9999989 
HoiH06_mRNA2950                                       1.4590482 1.2558794 1.2335251 1.2348060 0.9023448 1.0677341 0.6540310 0.8389107 1.1717786 1.2843977 1.1015287 1.2778444 1.2903306 1.2864837 1.7059241 1.2905175 0.7577294 0.0000000 0.0431414 0.1594324 0.1572562 0.2953090 0.2559725 1.2574256 1.1294948 0.6610346 1.9989385 1.3851824 1.0893747 1.3068531 1.2473182 1.2361919 1.2610420 0.8761038 1.6648649 1.5490870 1.3297776 1.3042378 1.3263891 0.9115946 1.2968058 1.2930416 1.2364400 1.1731517 1.3251454 2.1145172 1.5164395 1.1980278 2.2084741 1.1676255 1.9666409 1.8243136 1.7113711 1.9810219 1.4874628 1.9398043 2.1530222 2.1530222 1.7883486 2.5358123 2.7051095 1.9281166 2.3067067 2.3067067 2.0297827 1.8518530 2.3780052 2.5772601 1.9221426 1.2591909 1.2591909 1.4354858 1.1840150 1.5244913 1.3242444 1.7945849 1.7258678 1.6808741 1.5773343 1.4924228 1.6409579 1.6631780 1.6918597 1.9980690 1.7154221 1.7155886 1.8625010 1.7935888 1.4663967 1.6221065 1.9301331 1.3484390 2.6844128 2.3532133 
HoiH23_PlH23_010163-RA                                1.4636366 1.2964766 1.2502060 1.2610954 0.9116224 1.0933196 0.6376712 0.8448772 1.1686453 1.2890817 1.0949875 1.2938098 1.2928254 1.2872281 1.6799095 1.2777950 0.8223963 0.0431414 0.0000000 0.1436814 0.1462246 0.2795990 0.2456824 1.2749455 1.1434440 0.6439575 2.0004837 1.3823861 1.1177005 1.3180638 1.2769645 1.2393954 1.2920751 0.8657316 1.6551844 1.5338548 1.3326764 1.3104312 1.3445754 0.9122218 1.3122151 1.3069346 1.2372641 1.2023894 1.3457985 2.1258150 1.5212701 1.2140775 2.3086355 1.1484530 1.9785373 1.8354369 1.7094776 1.9938705 1.4886881 1.9654541 2.1753587 2.1753587 1.7974037 2.5297242 2.7728369 1.9657629 2.3720643 2.3720643 2.0735204 1.8692446 2.4206507 2.6331850 1.9484482 1.2863462 1.2863462 1.4281267 1.2019971 1.5264890 1.3197900 1.7901392 1.7441530 1.7055134 1.5715863 1.5064167 1.6837568 1.6807636 1.7154487 2.0057385 1.7317337 1.6990667 1.8712836 1.7871841 1.4585552 1.6627268 2.0047830 1.3841859 2.7095528 2.3744163 
Hhon_g09734.t1                                        1.4822181 1.1556690 1.2723381 1.2965103 0.9577616 1.1032790 0.6419999 0.8650503 1.2359964 1.3831638 1.1182163 1.2940594 1.3295985 1.2721906 1.6630713 1.3981721 0.7236581 0.1594324 0.1436814 0.0000000 0.0131191 0.3039541 0.2686394 1.2994659 1.1759467 0.6642337 2.1999921 1.4439657 1.1485712 1.3521755 1.3140176 1.2937774 1.3351693 0.8819366 1.7547647 1.5788456 1.4225796 1.4113397 1.4049723 0.8880439 1.3844434 1.3076270 1.3059819 1.2359410 1.3460495 2.1329762 1.5853204 1.3019811 2.4612923 1.1845480 1.9030489 1.8430342 1.7391285 2.0054942 1.5501332 1.9874372 2.2093441 2.2093441 1.8221204 2.6151813 2.7320329 1.9705835 2.3520119 2.3520119 2.0377107 1.9257206 2.4778811 2.6936207 2.0304231 1.3170919 1.3170919 1.5199034 1.2581878 1.5273373 1.3555160 1.7997574 1.7778645 1.7809006 1.6130818 1.5601259 1.6493158 1.6791778 1.6712905 1.9219156 1.7691729 1.7540968 1.8888712 1.7493127 1.5053092 1.7760168 2.1475230 1.4814935 2.6285433 2.4714928 
HoiH04_mRNA15677                                      1.4593874 1.1556690 1.2624858 1.2983844 0.9522106 1.0976578 0.6419999 0.8650503 1.2318183 1.3657700 1.1096995 1.2830589 1.3207046 1.2647251 1.6605442 1.3801433 0.6708577 0.1572562 0.1462246 0.0131191 0.0000000 0.3007991 0.2592654 1.2994256 1.1716455 0.6642337 2.1804388 1.4417213 1.1415183 1.3427297 1.3040124 1.2752101 1.3048290 0.8819366 1.7510827 1.5625900 1.4064968 1.3985842 1.3926447 0.8844526 1.3670204 1.2994135 1.3010075 1.2391196 1.3462842 2.1277453 1.5770657 1.3019811 2.4612923 1.1845480 1.8958697 1.8351319 1.7400622 1.9958325 1.5406767 1.9777524 2.1925442 2.1925442 1.8111420 2.5868808 2.7092381 1.9600489 2.3369547 2.3369547 2.0315903 1.9265125 2.4801406 2.6968883 2.0166981 1.3070885 1.3070885 1.5093228 1.2323228 1.5077594 1.3574057 1.7817886 1.7772471 1.7736218 1.5987967 1.5429498 1.6291282 1.6512253 1.6433075 1.8886465 1.7562632 1.7464728 1.8731062 1.7127304 1.4975828 1.7533605 2.0969277 1.4723202 2.5793777 2.4774797 
TrH2_TrispH2_004469-RA                                1.4114840 1.2228127 1.1913167 1.2139224 0.8615585 1.0503496 0.6452568 0.8203150 1.1575111 1.2671771 1.0414488 1.2742143 1.2819610 1.2600665 1.6363550 1.2272484 0.8267472 0.2953090 0.2795990 0.3039541 0.3007991 0.0000000 0.0000010 1.2747734 1.1334887 0.6160709 1.9796212 1.4052906 1.0864886 1.3465210 1.2535473 1.2507929 1.2679546 0.8136590 1.5542196 1.5792149 1.3445395 1.3458640 1.4121251 0.8760658 1.2513704 1.3481068 1.2657037 1.1618731 1.3507277 2.3561881 1.6378002 1.2995224 2.6765685 1.0726540 1.9505861 1.8118651 1.6929880 1.9758216 1.4604951 1.8933191 2.1138882 2.1138882 1.7437466 2.4771738 2.5897920 1.8838808 2.2475147 2.2475147 1.9967022 1.8161948 2.3229408 2.4857089 1.8816461 1.2321233 1.2321233 1.4579598 1.1874141 1.3854389 1.2189219 1.7938309 1.7595574 1.7230486 1.6827615 1.4924281 1.5629232 1.6234715 1.6392859 1.8059821 1.7325564 1.6919341 1.7753541 1.7133378 1.4383294 1.6663316 1.8608506 1.4339473 2.5876032 2.4048817 
Tadh_TriadT58231                                      1.4067517 1.3042963 1.1496722 1.1598729 0.8725689 0.9876726 0.6790291 0.8876102 1.0838385 1.2595328 1.0040269 1.2845574 1.3416684 1.1929861 1.6946145 1.1734330 0.8267472 0.2559725 0.2456824 0.2686394 0.2592654 0.0000010 0.0000000 1.2110488 1.1104528 0.7112476 1.7407467 1.3118953 1.0129630 1.2879247 1.2184299 1.2078064 1.2974579 0.8665832 1.4754336 1.4734956 1.4258292 1.3611310 1.4179215 0.9332157 1.1751898 1.3801829 1.0646985 1.1327508 1.3467398 2.2750809 1.6057318 1.3981284 2.7351791 1.1108920 1.8383483 1.7645984 1.6103582 1.8985493 1.5656869 1.8345702 1.7756404 1.7756404 1.5862139 1.9889591 2.3376561 1.8092190 2.0256701 2.0256701 1.8945773 1.7542879 2.1082836 2.2631261 1.7544871 1.1685221 1.1685221 1.3914741 1.2352565 1.3648915 1.2195206 1.6866361 1.6632004 1.5958709 1.5786913 1.4257604 1.4405162 1.5114559 1.5258439 1.7038652 1.6573396 1.5980193 1.6927044 1.6691682 1.4398668 1.7505789 1.8123852 1.2937868 2.4569465 2.3899996 
Bralan_BLAG16000199_1                                 1.6001469 0.9832642 1.2012987 1.2662207 0.8570829 1.0944331 0.4825900 0.5742548 1.1516929 1.1084217 0.9375119 1.1839948 1.2337844 1.0088558 1.3508566 1.3605324 0.6836146 1.2574256 1.2749455 1.2994659 1.2994256 1.2747734 1.2110488 0.0000000 1.1264961 0.5275014 1.8674886 1.2262100 1.1673305 1.4300285 1.3600446 1.3375882 1.2496483 0.7759105 1.4318267 1.5548824 1.3594656 1.3698034 1.3836765 0.9014345 1.0685985 1.1302908 1.0795468 1.1777202 1.3877666 2.2366882 1.6118441 1.3244301 3.1914067 0.9062925 1.8249915 1.8219603 1.6391632 1.7528500 1.4175505 1.8472237 1.9968170 1.9968170 1.6233727 2.5901624 2.7590863 1.8073500 2.1925220 2.1925220 1.8781660 1.7069937 2.1536762 2.3455907 1.7448506 1.2564024 1.2567097 1.4110929 1.2050398 1.3856965 1.3817408 1.8522723 1.6916982 1.6797308 1.6248346 1.5377288 1.6100041 1.6946121 1.5926682 1.8116189 1.7730590 1.7686707 1.7786065 1.7687745 1.4132856 1.5946587 1.9893842 1.3388967 2.2502116 2.2847515 
Dgig_XM_028550274.1                                   1.3113687 0.9786112 1.0122976 1.0231200 0.7697879 0.9775557 0.5316195 0.6698411 0.8959028 1.1126282 0.8052202 0.9737979 1.0541950 1.0255039 1.4225020 1.1816819 0.8839418 1.1294948 1.1434440 1.1759467 1.1716455 1.1334887 1.1104528 1.1264961 0.0000000 0.6406340 1.8831884 1.2230320 0.8873986 1.0349497 1.2910030 1.2551877 1.2561587 0.7798271 1.4944052 1.4361687 1.2825676 1.4033128 1.3950878 0.8166544 1.1571147 1.1660961 1.0593334 0.4739924 1.1568581 2.2938618 1.5294029 1.2452701 3.0671923 0.9694415 1.8476731 1.8632972 1.7041928 1.7629032 1.2930038 1.8034084 1.9201784 1.9201784 1.5831890 2.5796860 2.7555784 1.7689803 2.1251756 2.1251756 1.8586113 1.6287667 2.1206253 2.2887043 1.6016263 1.1983840 1.1983840 1.3341611 1.0169371 1.3833283 1.3016348 1.6271472 1.4988570 1.4484950 1.5427516 1.5154641 1.6170406 1.6093491 1.5655245 1.7665750 1.6833771 1.5544750 1.7144586 1.6177403 1.3647205 1.6327676 1.9107882 1.3448704 2.0721930 2.1505944 
Spolac_c100719_g1_i1_m.23327c100719-g1                0.5981755 0.0000010 0.6381937 0.5863854 0.5822050 0.5236688 0.5907900 0.5349520 0.6345980 0.6647122 0.5969511 0.5594206 0.4564184 0.6113832 0.6725400 0.5190194 0.0000010 0.6610346 0.6439575 0.6642337 0.6642337 0.6160709 0.7112476 0.5275014 0.6406340 0.0000000 0.0000010 0.0988195 0.5900117 0.9638635 0.6513943 0.5461444 0.4542240 0.7553659 0.7874990 0.6080606 0.6302367 0.6675056 0.6523705 0.5415353 0.5717820 0.5628687 0.5501529 0.6958399 0.5974610 1.7021912 0.8699080 0.8699080 1.7021912 0.9739277 1.0922389 0.9838239 0.9890320 1.1320935 1.1320935 1.1593027 1.8099390 1.8099390 1.0403733 5.1498346 5.1498346 1.0403733 1.8099390 1.8099390 1.3328991 0.8842235 1.6873706 0.0000010 0.9297399 0.6747432 0.6747432 0.7280267 0.6451618 0.6788063 0.8382903 0.7907634 0.6825345 0.6913673 0.6587745 0.7994640 0.6054190 0.6442683 0.6640388 0.8524818 0.8077955 0.7880617 0.6432208 0.7017969 0.7832824 0.5053828 0.0000010 0.5402458 0.0000010 0.5611918 
Spolac_c100719_g2_i2_m.23330c100719-g1                2.1214507 1.0306811 1.4216572 1.5483911 0.9705092 1.5572996 1.0234742 1.2963058 1.7243155 2.0075915 1.4627335 1.7366368 1.7949317 1.8623638 2.2273615 1.2308545 0.5991770 1.9989385 2.0004837 2.1999921 2.1804388 1.9796212 1.7407467 1.8674886 1.8831884 0.0000010 0.0000000 0.2151608 1.6165228 1.7377416 1.5468331 1.6935040 1.6017821 0.9671995 2.1431806 2.3125468 1.7572130 1.8374541 1.8643296 1.2082114 1.9746178 1.9731920 1.8266829 1.9613427 1.9187572 2.1757211 2.1925607 2.1077787 2.5085379 1.1598240 2.3906077 2.3839904 2.0438159 2.4617697 1.6121558 2.3922512 2.0942805 2.0942805 2.0942805 2.3643686 2.5872957 2.3146471 2.3146471 2.3146471 2.3802985 2.1075166 2.1075166 2.2694548 2.1305071 2.1787656 2.1787656 1.8303499 1.7960181 2.1455851 1.9933586 2.9664878 2.6616908 2.5452099 2.8484455 2.3990751 2.3841169 2.6825068 2.3669035 2.3388816 2.6643974 2.3797522 2.3064922 2.7625361 2.1135523 1.8709194 1.8103755 2.1043477 2.2527537 7.0765735 
Emue_Em0005g1538a.t1                                  1.3139202 1.1495395 1.0511751 1.1442922 0.7560677 1.0922960 0.5886539 0.6877107 1.1830753 1.3091864 0.9165900 1.1582678 1.2454486 1.2433510 1.5413176 0.9138529 0.7179542 1.3851824 1.3823861 1.4439657 1.4417213 1.4052906 1.3118953 1.2262100 1.2230320 0.0988195 0.2151608 0.0000000 1.0960476 1.2684953 1.1431224 1.1864490 1.1883567 0.7804298 1.6600703 1.5896590 1.2296674 1.3097156 1.2804057 0.8471451 1.3077505 1.3431964 1.2187721 1.2148492 1.2522156 2.2720788 1.5901218 1.1762573 2.5414218 0.9684746 1.8141112 1.8082883 1.5839014 1.9109772 1.3218949 1.8361308 2.0677964 2.0677964 1.6899727 2.5378016 2.7238186 1.8714566 2.2606688 2.2606688 1.9051418 1.7227297 2.1666962 2.4120326 1.7880461 1.4805783 1.4805783 1.3201237 1.2147110 1.3579846 1.3099068 1.9028892 1.6337972 1.5928137 1.7575336 1.7282805 1.6621307 1.6707815 1.5555991 1.6589329 1.7990622 1.6083790 1.7305361 1.7845368 1.4219702 1.5704489 1.8781070 1.4795260 2.3853207 2.4938567 
Exapal_XM_021055942.2                                 1.0797216 0.6335605 0.7929992 0.7349943 0.6027821 0.7032650 0.5450280 0.5977044 0.5409376 1.0580121 0.8653793 0.9522313 1.0373578 1.0993490 1.3565593 1.1977456 0.7419584 1.0893747 1.1177005 1.1485712 1.1415183 1.0864886 1.0129630 1.1673305 0.8873986 0.5900117 1.6165228 1.0960476 0.0000000 0.1852331 1.1956478 1.1985721 1.1796378 0.8696209 1.5021949 1.4947695 1.2703044 1.2642826 1.2782732 0.8129082 1.2530793 1.2097354 1.1144957 0.9004305 1.1334213 2.1342860 1.4379015 1.1934520 2.9901161 0.9445490 1.6788870 1.6891274 1.5546327 1.7960037 1.2226568 1.7592583 1.7990625 1.7990625 1.5399282 2.2708145 2.5418575 1.7447178 2.0399703 2.0399703 1.7596292 1.5937941 1.9585478 2.1661064 1.5607533 1.2336344 1.2395074 1.3481342 1.0199669 1.3313011 1.1579257 1.8566682 1.6061404 1.5519665 1.6046435 1.5517681 1.5669691 1.7702774 1.6399458 1.8119390 1.9705007 1.6155392 1.7583726 1.7866928 1.4018761 1.5065186 1.8721739 1.3676601 2.0330331 2.2061312 
Exapal_XM_028663813.1                                 1.2841137 1.0324211 1.1129579 1.0085803 1.0034942 0.9301589 0.8284946 0.7003763 0.7842054 1.3582350 1.1804464 1.1130388 1.0921397 1.3040627 1.5824941 1.4813409 0.7419584 1.3068531 1.3180638 1.3521755 1.3427297 1.3465210 1.2879247 1.4300285 1.0349497 0.9638635 1.7377416 1.2684953 0.1852331 0.0000000 1.5736759 1.6541454 1.2659235 1.2267475 1.8861316 1.7009829 1.3216247 1.3674897 1.4071591 0.9895853 1.5107383 1.5095260 1.5045713 1.1225531 1.4266457 2.2681780 1.8607338 1.7185156 2.4979323 1.3765333 1.8406428 1.9119868 1.9202185 1.9016560 1.5201003 1.9671670 2.3572862 2.3572862 1.8069794 2.3047585 2.3047585 1.8069794 2.3572862 2.3572862 1.9502572 1.7344819 2.2352041 2.2054774 1.8219703 1.5502957 1.5509409 1.5125016 1.1996928 1.5208342 1.6190416 2.3034890 1.8539802 1.7316749 1.7210257 1.7068122 1.5874689 1.8886000 1.7655673 2.0201456 2.2398627 1.8326061 1.8115851 2.2027588 1.4339313 1.5494344 1.8042445 1.4540027 1.7958085 3.1929140 
Halamb_c54267_g1_i1mm.5805                            1.5652348 0.5605690 1.1344721 1.2623984 0.9011468 1.1522449 0.6171138 0.7574844 1.2510863 1.3696553 1.0256817 1.3309677 1.3306663 1.3942438 1.5444775 1.0346492 1.0399393 1.2473182 1.2769645 1.3140176 1.3040124 1.2535473 1.2184299 1.3600446 1.2910030 0.6513943 1.5468331 1.1431224 1.1956478 1.5736759 0.0000000 0.5950974 0.5220313 0.8372427 1.6112113 1.5711119 1.2612815 1.2577720 1.2290336 0.8890423 1.3385340 1.3768308 1.1446710 1.1828519 1.3342238 2.6534695 1.7118316 1.2889830 2.9468872 0.9575583 1.7762415 1.8460397 1.7048957 1.8936084 1.3931345 1.8889340 2.0697503 2.0697503 1.7315795 2.7387482 2.8604396 1.9042803 2.2502021 2.2502021 1.8584331 1.6907364 2.1084115 2.3692113 1.6698135 1.4215370 1.4283310 1.6153615 1.2059820 1.7087353 1.4702674 1.8238751 1.6117910 1.6028889 1.6893501 1.7658153 1.5666581 1.6604646 1.6594852 1.6026460 1.8168342 1.7520657 1.7734798 1.7904835 1.4518120 1.4831873 1.9882360 1.4808392 2.1159863 2.3790514 
Aque_Aqu2.1.28636_001                                 1.5629671 0.7775074 1.1088647 1.2113757 0.8183192 1.1086030 0.5387908 0.6521756 1.1702258 1.2105014 1.0104784 1.2426420 1.4002825 1.3892743 1.4827301 1.0922977 0.8992443 1.2361919 1.2393954 1.2937774 1.2752101 1.2507929 1.2078064 1.3375882 1.2551877 0.5461444 1.6935040 1.1864490 1.1985721 1.6541454 0.5950974 0.0000000 0.0253113 0.7991959 1.6502487 1.6303690 1.2402399 1.3345407 1.2533038 0.8848412 1.2963007 1.3066312 1.1082463 1.1355132 1.3853447 2.7762604 1.7161616 1.2595905 3.1264212 0.9360668 1.8214662 1.7913881 1.6537640 1.8611758 1.3690612 1.8469584 2.0337627 2.0337627 1.6768366 2.5905720 2.7522134 1.8531149 2.2213616 2.2213616 1.8928077 1.7263314 2.1836059 2.4362091 1.7177754 1.2756459 1.2816989 1.4854628 1.1761170 1.4388467 1.4243289 1.8125676 1.6810251 1.5876368 1.6294140 1.6802702 1.6148116 1.6491842 1.6181357 1.7354537 1.7403279 1.7436215 1.7823760 1.7645802 1.4641739 1.5094710 2.2781840 1.4805199 2.0933312 2.2182412 
Aque_Aqu2.1.13314_001                                 1.5652834 0.7745624 1.0308035 1.1821910 0.6971799 1.1081697 0.5002661 0.6425586 1.0841599 1.1743737 0.9443304 1.2202926 1.3427869 1.2924044 1.4779511 1.0354026 0.9380781 1.2610420 1.2920751 1.3351693 1.3048290 1.2679546 1.2974579 1.2496483 1.2561587 0.4542240 1.6017821 1.1883567 1.1796378 1.2659235 0.5220313 0.0253113 0.0000000 0.6738704 1.6123546 1.6438593 1.3003473 1.3200266 1.2404116 0.8783647 1.2508242 1.2631961 1.0401507 1.0906272 1.3452208 2.5449530 1.5947007 1.0814789 2.7139850 0.9179680 1.7908197 1.7562590 1.6143532 1.7995087 1.3227122 1.7171046 1.9097378 1.9097378 1.5864310 2.3771207 2.5225300 1.7466940 2.0777153 2.0777153 1.6844667 1.6335017 2.0513874 2.2875727 1.6008494 1.2247323 1.2247323 1.4353536 1.1482801 1.3733090 1.2597019 1.6958697 1.6436949 1.5590054 1.6542941 1.6182322 1.5917349 1.7131147 1.6828668 1.6205892 1.7555535 1.7177922 1.6628101 1.6546226 1.3964110 1.4366906 2.1686419 1.4405381 1.9261898 2.4147365 
Salpun_EP00053_Salpingoeca_punica_P013937             1.1515295 0.7570894 0.9335660 0.8695032 0.8523277 0.7881890 0.7262712 0.6762514 0.8535962 0.8329773 0.8521939 0.8410520 0.7314651 0.9904193 0.9198850 0.6762560 0.4753484 0.8761038 0.8657316 0.8819366 0.8819366 0.8136590 0.8665832 0.7759105 0.7798271 0.7553659 0.9671995 0.7804298 0.8696209 1.2267475 0.8372427 0.7991959 0.6738704 0.0000000 0.5498767 0.4578686 0.6651611 0.6791851 0.7323069 0.7943880 0.8472019 0.8179188 0.8066416 0.8809920 0.9497379 1.0955014 0.7715294 0.7715294 1.0955014 1.0541716 1.1066688 1.1523829 1.1567916 1.1470031 1.1470031 1.0888418 1.2691432 1.2691432 0.9582907 0.9780063 0.9780063 0.9582907 1.2691432 1.2691432 1.1940829 0.9579752 1.3213950 1.4163580 0.9716274 0.8612887 0.8686826 0.7479605 0.7482079 0.9074932 0.9992728 0.8267620 0.6352329 0.6440923 0.5312840 0.6462564 0.5541419 0.6210858 0.5875283 0.8749133 0.6865377 0.6744907 0.5597479 0.7009678 0.9331542 0.5853821 1.0657086 0.6464225 0.6311574 1.0346256 
Salmac_EP00052_Salpingoeca_macrocollata_P016576       1.9962474 1.0207226 1.5858284 1.6601268 1.1797360 1.5005494 0.7122682 0.7539224 1.4298881 1.6306990 1.3877025 1.5494041 1.6286650 1.5012358 1.7728346 1.4646024 0.8069474 1.6648649 1.6551844 1.7547647 1.7510827 1.5542196 1.4754336 1.4318267 1.4944052 0.7874990 2.1431806 1.6600703 1.5021949 1.8861316 1.6112113 1.6502487 1.6123546 0.5498767 0.0000000 0.9899466 1.5741394 1.4967019 1.5938904 1.2136162 1.7274928 1.5334411 1.5858129 1.5769113 1.6320606 1.8173796 1.2448945 0.9602472 1.9849266 1.0890906 1.8775713 1.8704985 1.7576324 1.9226786 1.4713456 1.8514399 2.0905812 2.0905812 1.6750317 2.5837140 2.5936476 1.7861523 2.1755804 2.1755804 1.9931745 1.8267076 2.3257850 2.5413178 2.0115386 1.5593190 1.5593190 1.2533591 1.5749052 1.6701938 1.6442468 1.2987006 1.2010175 1.2889272 1.3735258 1.2093205 1.2026101 1.2642915 1.1779632 1.3836024 1.4463585 1.3810961 1.3046521 1.5501251 1.5623441 1.7105117 2.4387869 1.6965947 2.5940418 2.6895351 
Mylflu_EP00047_Mylnosiga_fluctuans_P003474            1.9048937 1.0315952 1.5933994 1.6109681 1.0948885 1.4176497 0.5494917 0.6546462 1.4140031 1.6093775 1.2496661 1.6228685 1.5556090 1.6034606 1.8275845 1.4128875 0.9395464 1.5490870 1.5338548 1.5788456 1.5625900 1.5792149 1.4734956 1.5548824 1.4361687 0.6080606 2.3125468 1.5896590 1.4947695 1.7009829 1.5711119 1.6303690 1.6438593 0.4578686 0.9899466 0.0000000 1.4374931 1.4902820 1.4336585 1.0977823 1.6133019 1.5918645 1.4934174 1.5647839 1.7498424 1.8093408 1.2512258 0.9889597 2.1890636 1.0034660 1.7428504 1.8603129 1.7261009 1.7975500 1.3266456 1.7578680 2.1659507 2.1659507 1.6754727 2.6153610 2.6348311 1.8036430 2.2573927 2.2573927 1.8095451 1.7055970 2.3324843 2.5968717 1.8084274 1.7474931 1.7474931 1.1708019 1.5356064 1.7853551 1.5808918 1.5402953 1.3394517 1.4155441 1.3818939 1.2728797 1.4106081 1.3441184 1.2509469 1.3481405 1.4535971 1.4149095 1.5299328 1.5120373 1.6120889 1.8647790 2.7938993 1.8122476 2.6330628 2.6933188 
Lcom_lcpid55624                                       1.6006460 0.7385908 1.2037988 1.2228753 0.8713571 1.1385738 0.5536969 0.6798588 1.1588107 1.3078084 1.0381275 1.2287711 1.1987219 1.3111448 1.7305303 1.2877464 1.0635292 1.3297776 1.3326764 1.4225796 1.4064968 1.3445395 1.4258292 1.3594656 1.2825676 0.6302367 1.7572130 1.2296674 1.2703044 1.3216247 1.2612815 1.2402399 1.3003473 0.6651611 1.5741394 1.4374931 0.0000000 0.4098900 0.4763110 0.9858432 1.2442242 1.3348870 1.1191261 1.2904788 1.3685135 2.4361606 1.5992114 1.2245521 2.3621448 0.9184924 1.6630542 1.7514540 1.6421145 1.6832909 1.3906079 1.7922814 2.0358686 2.0358686 1.6513439 2.8093059 2.9029260 1.8298473 2.2199402 2.2199402 1.7777550 1.6026854 2.0883344 2.3827611 1.5532666 1.4446972 1.4446972 1.3960274 1.2032580 1.4307587 1.2855740 1.6096986 1.4709510 1.4622474 1.5682457 1.4557250 1.4531032 1.4855810 1.3484945 1.3597320 1.7102405 1.4569985 1.5665645 1.6894840 1.3755217 0.4272468 1.1463424 1.4399949 2.1900321 2.6280191 
Scil_scict021828.2                                    1.6269006 1.0181354 1.2394990 1.2540359 0.9195146 1.2101975 0.5649841 0.6833637 1.1681334 1.3732892 1.0661228 1.2713665 1.2181508 1.3387624 1.6001416 1.3363632 1.1177890 1.3042378 1.3104312 1.4113397 1.3985842 1.3458640 1.3611310 1.3698034 1.4033128 0.6675056 1.8374541 1.3097156 1.2642826 1.3674897 1.2577720 1.3345407 1.3200266 0.6791851 1.4967019 1.4902820 0.4098900 0.0000000 0.3175370 0.9534342 1.3850790 1.3046403 1.1184518 1.3127650 1.3487494 2.2197071 1.5192111 1.1873326 2.5595382 0.9236923 1.7068625 1.6479787 1.6254205 1.7610198 1.3411471 1.7809407 2.0457261 2.0457261 1.6788025 2.7973621 2.6810700 1.7714065 2.1034190 2.1034190 1.7405309 1.6914833 2.2142826 2.5092370 1.6615218 1.3872300 1.3872300 1.3129132 1.2403144 1.4579904 1.3352911 1.5488700 1.4585796 1.4654212 1.5089369 1.4418830 1.4694390 1.5106211 1.4202049 1.4874984 1.7895255 1.4553839 1.4815107 1.7313286 1.4313638 0.3715266 0.9630914 1.6051902 1.7281395 2.5571905 
Gracom_Gcom_scaffold826_01                            1.6370485 0.6226842 1.2289498 1.2509498 0.8884049 1.1585153 0.5605504 0.6792525 1.1739256 1.3641264 1.0673668 1.2605460 1.2043601 1.3934548 1.6067996 1.2707503 0.9067818 1.3263891 1.3445754 1.4049723 1.3926447 1.4121251 1.4179215 1.3836765 1.3950878 0.6523705 1.8643296 1.2804057 1.2782732 1.4071591 1.2290336 1.2533038 1.2404116 0.7323069 1.5938904 1.4336585 0.4763110 0.3175370 0.0000000 0.9257400 1.4515510 1.3573866 1.1049635 1.3710292 1.3877038 2.3240943 1.6210592 1.2048166 2.3968983 0.9017859 1.6950995 1.6401626 1.5469463 1.7966436 1.3664426 1.7939421 2.0945100 2.0945100 1.7255116 2.7697572 2.6719773 1.8160628 2.1496611 2.1496611 1.6738477 1.6172482 2.0834346 2.2652394 1.6011232 1.4536350 1.4536350 1.2942024 1.1847218 1.4950101 1.3674792 1.6741312 1.4801806 1.4866249 1.5792084 1.4777391 1.5137546 1.5834116 1.4539564 1.5473667 1.7250859 1.6748974 1.5050434 1.7240942 1.4413260 0.4888022 1.1525639 1.5812418 1.9218736 2.5558421 
Plespi_Pspi_scaffold18978_01                          1.0925604 1.0519911 0.9598498 0.9019128 0.8581813 0.7951382 0.6800814 0.6036388 0.8552463 1.0408991 0.8760353 0.8666613 0.8593859 0.9117635 1.0835164 0.7773574 0.7752830 0.9115946 0.9122218 0.8880439 0.8844526 0.8760658 0.9332157 0.9014345 0.8166544 0.5415353 1.2082114 0.8471451 0.8129082 0.9895853 0.8890423 0.8848412 0.8783647 0.7943880 1.2136162 1.0977823 0.9858432 0.9534342 0.9257400 0.0000000 0.9377965 0.9390803 0.8837662 0.7370153 0.8628612 1.9811437 1.1991953 1.1477884 2.4931943 0.9545754 1.2281671 1.3667691 1.3642241 1.3249474 1.3277487 1.2624549 1.4736786 1.4736786 1.2322270 1.7112447 1.7112447 1.2322270 1.4736786 1.4736786 1.2714207 1.2257019 1.5729244 1.6653397 1.2790288 0.9520109 0.9520109 1.0168564 0.8653002 1.0629602 1.0703869 1.2197140 1.1624753 1.2031993 1.1583545 1.0552316 1.1240265 1.2001359 1.1681993 1.1171113 1.2482979 1.1412103 1.1613637 1.2648343 1.0634115 1.0021232 1.5242632 0.9038961 1.6915182 1.7583659 
