116
Emue_Em0019g307a.t1                                    0.0000000 0.2316882 0.2392471 1.0875210 0.6345150 1.1179539 0.5875320 1.1833846 1.1270443 1.1109151 1.1790721 1.1043130 1.1347498 1.3181227 1.2799387 1.2456397 1.2358155 1.2750049 1.2743123 1.2963026 1.3334884 1.3544608 1.2555704 1.3260277 0.9753334 1.2339788 1.2532771 1.3097822 1.3794805 1.3541016 1.3282500 1.7195643 1.3961018 1.4326586 1.5972047 1.6235814 1.6769004 1.6043136 1.6247350 1.7515997 1.3166808 1.6780368 1.7669671 1.6684385 1.6977858 1.8063024 1.7128251 1.7443488 1.4655967 1.4429683 1.4646356 1.4592296 1.4237053 1.4170130 1.3375990 1.3256460 1.4901332 1.0426792 1.8909747 1.6466314 1.9882159 2.0605814 2.7227359 1.4372044 1.9917465 2.0081104 1.0801459 1.3597338 2.4385277 2.4488029 1.7017757 1.0840899 1.3529526 1.8920502 1.7460924 1.8866089 1.5929143 1.9202212 1.7799189 2.8761439 8.1045721 2.1639771 1.6475898 2.6119194 2.1282045 2.8527868 2.4519671 1.9534800 2.8777697 1.9151632 1.9151632 2.4216829 1.9034393 1.9320357 2.5269705 1.4556163 1.3723127 1.4828140 1.4958872 1.7084907 2.3872320 1.7007836 1.0267257 1.2413615 1.1702130 1.6828978 1.6156161 0.8961047 1.1964394 1.2467520 1.2255156 2.0092375 1.7777426 1.7208037 1.9123521 3.0446049 
Spolac_c102855_g1_i1_m.31318c102855-g1                 0.2316882 0.0000000 0.0039354 1.1350837 0.7128626 1.1039847 0.5914773 1.1677647 1.1052356 1.0947167 1.2019418 1.1059006 1.1823759 1.3605221 1.2432947 1.2317327 1.2245989 1.2981461 1.3081329 1.3735450 1.3658005 1.4412583 1.2707602 1.4366921 1.0064497 1.2685375 1.2516567 1.3581103 1.4287678 1.4387510 1.3848127 1.7764849 1.3957228 1.4032727 1.6622668 1.6308055 1.8106361 1.6496107 1.7285928 1.8209735 1.4098707 1.8051155 1.8801761 1.7749077 1.8151526 1.8850643 1.7711193 1.8462456 1.4550850 1.4279236 1.4231821 1.4179113 1.4248663 1.3708572 1.2850206 1.4138933 1.4429922 1.1508006 1.9413466 1.7258430 2.0114519 2.0681660 2.7224712 1.3924818 1.9666367 1.9906163 0.9639682 1.3960282 2.5122587 2.4198031 1.8243622 1.0587103 1.4114775 1.9653553 1.8258819 1.9597457 1.6584526 1.9923097 1.8685826 3.0778167 8.5633559 2.1286500 1.6841658 2.5190807 2.1229286 2.7751033 2.4948476 2.0202430 2.7550778 1.9724583 1.9724583 2.4568549 1.9210406 1.9147560 2.6096616 1.4746769 1.4793446 1.5981326 1.5527589 1.7587397 2.3608851 1.6776998 1.1336447 1.3041966 1.2311288 1.7405510 1.7138724 1.0505611 1.2450310 1.3136991 1.2352189 1.9921271 1.8310963 1.8749826 1.9971447 3.1026135 
Spolac_c102855_g1_i2_m.31321c102855-g1                 0.2392471 0.0039354 0.0000000 1.0107456 0.7128626 0.9921231 0.5914773 1.0512317 0.9688621 0.9574882 1.0659098 0.9730324 1.0545234 1.0890082 1.1272392 1.0591998 1.0956467 1.1595355 1.1479029 1.1701945 1.1827008 1.2227585 0.9532409 1.4471322 1.0064497 1.1563747 1.0665691 1.2469936 1.3079080 1.2701505 1.3848127 1.5566680 1.2282413 1.2331598 1.4388514 1.4125629 1.5297539 1.6496107 1.5141061 1.6556961 1.4098707 1.5712334 1.6293413 1.5838432 1.6747527 1.6932101 1.5710560 1.5025989 1.2628511 1.2714387 1.2480051 1.2466945 1.2825018 1.2151351 1.0954029 1.2171206 1.3091619 1.1508006 1.6521157 1.4901064 1.7050295 1.7050295 2.1204395 1.3912299 1.6801341 1.7187419 0.9639682 1.3960282 2.5122587 2.1867566 1.8243622 1.0587103 1.4114775 1.7769401 1.7769401 1.7769401 1.6584526 1.6830722 1.6830722 2.4084840 8.5538467 1.7182152 1.6920293 2.0798398 2.1358291 2.3530470 2.5120065 1.6639177 1.7709545 1.7031226 1.7031226 0.0000010 1.6580119 1.6580119 2.4069009 1.2977549 1.3676972 1.4492487 1.4447211 1.7259151 2.3952694 1.4700332 1.0068009 1.2219342 1.1164993 1.6202037 1.5714552 1.0505611 1.1429494 0.0000010 1.0566359 1.8317653 1.8144322 2.0815568 1.4031873 2.2758995 
Aque_Aqu2.1.37107_001                                  1.0875210 1.1350837 1.0107456 0.0000000 0.4732080 1.1928007 0.5136830 1.1782370 1.1767267 1.2339183 1.2451689 1.2016668 1.2405368 1.4078424 1.2638852 1.2624948 1.3180734 1.3255475 1.4011175 1.3212875 1.2676559 1.2550145 0.9910442 1.3846135 0.9454866 1.2314101 1.3536370 1.3146789 1.3631913 1.3113030 1.3560522 1.4529638 1.4234636 1.3336189 1.8222119 1.8240024 1.7446873 1.1993155 1.8083824 1.8371028 1.2751199 1.8724116 1.9371366 1.8469376 1.8668597 1.9014287 1.7487953 1.6675941 1.5051704 1.4880230 1.4730213 1.4733168 1.5508739 1.4814873 1.4103634 1.4618753 1.4347666 1.1223193 1.8799498 1.6284104 1.9209776 1.9679345 2.7579871 1.2195527 1.9798525 1.9595701 0.9872380 1.1806762 2.6355922 2.4330647 1.6331346 1.1824176 1.3519863 1.8867887 1.7784034 1.8814826 1.5076203 1.8955281 1.7666488 2.9244223 7.5598574 1.8822482 1.4830961 2.2028871 1.8462931 2.3838123 2.1084543 1.9820620 2.4362299 1.9309236 1.9309236 2.9673234 1.6456408 1.6443799 2.6853905 1.4064034 1.3967136 1.5114925 1.5034998 1.7600774 2.6766818 1.9118314 0.8223493 1.3835772 1.3079126 1.8531814 1.7836200 0.9398074 1.4371805 0.8838203 0.5321207 2.2074408 1.8766370 2.0644760 2.3818352 2.6804170 
Xestes_maker-XT_scaffold4796-augustus-gene-0.17-mRNA-1 0.6345150 0.7128626 0.7128626 0.4732080 0.0000000 0.6878822 0.4743902 0.7693910 0.7227040 0.7373335 0.8009297 0.7906981 0.8107288 0.7974643 0.8729122 0.7909902 0.8279460 0.8864050 0.9662778 0.8514636 0.8435356 0.8947203 0.4906668 1.1492871 0.8631090 0.9304799 0.9281374 0.9001483 0.9270865 0.8648508 0.8449642 1.5086222 0.9438792 0.8671252 0.9478693 0.9457622 0.9643640 1.0504816 0.9246875 1.1735983 1.0213356 1.1612464 1.0408725 1.2094731 1.2264191 1.0498129 1.0402716 0.9606068 1.0404363 1.0528893 1.0209840 1.0154187 1.0508828 0.9981393 0.9015576 0.8639708 1.1110137 1.0489535 0.9610706 0.9698782 1.2359644 1.2359644 2.9667014 1.1589322 1.2932154 1.2854233 0.9573680 1.2603988 2.1702186 1.7054016 1.5754316 0.9529964 1.1660960 1.2747596 1.2747596 1.2747596 1.2153877 1.1808778 1.1808778 1.1782756 6.6250798 1.2102721 1.2278017 1.5514704 1.5973657 1.8229673 1.9024027 1.2077001 0.0000010 1.2174789 1.2174789 0.0000010 1.2179479 1.2179479 2.7458412 0.8369214 0.9034641 0.9853835 1.0199612 1.3791402 2.6683444 1.0685746 0.5163394 0.8716615 0.7317904 1.0685638 1.0994966 0.8570140 0.9642165 0.0000010 1.6798601 1.2215554 3.7682293 1.3085963 0.0000010 3.4314017 
Nvec_v1g170367                                         1.1179539 1.1039847 0.9921231 1.1928007 0.6878822 0.0000000 0.4471805 0.5541753 0.5237769 0.5718484 0.6014853 0.5789917 0.6029982 0.6820113 1.0253403 0.9660562 0.9456030 1.0212375 0.9899067 0.9739011 0.9772204 0.9507782 0.9846028 0.6131010 0.7012441 0.8691278 0.9866268 0.9108229 0.8949845 1.1462812 0.8238118 1.6289163 1.0943810 1.1449010 1.6423880 1.5582145 1.4887234 1.1043052 1.5704608 1.5241775 0.9816554 1.6724072 1.5861700 1.6286735 1.6085778 1.6573155 1.4882403 1.5977796 1.2385303 1.2171761 1.2436020 1.2370130 1.2427348 1.1659857 1.1414754 1.1488032 1.0990219 0.7338731 1.6437870 1.2289257 1.7091682 1.7570404 2.5296098 1.0987098 1.6791281 1.6945552 0.9528807 1.3313231 1.4105967 2.0681180 1.3628164 1.0456304 1.1278398 1.6255149 1.5316886 1.6255291 1.2937281 1.7010917 1.6034614 2.5157474 6.8374975 1.8503061 1.4788726 2.1553412 1.8334039 2.3384907 2.1023272 1.7866732 2.7067473 1.6692097 1.6692097 2.1547459 1.5886048 1.6340251 2.5157424 1.1955162 1.1863870 1.2605858 1.2117592 1.5237046 2.1872033 1.5136941 1.0607291 1.2605444 1.2044413 1.5512942 1.4950572 0.7485802 1.3621044 1.6232309 1.4002391 1.8271040 1.4115185 1.6032673 2.1516109 2.8753646 
Stycar_maker-SC_scaffold1348-snap-gene-0.19-mRNA-1     0.5875320 0.5914773 0.5914773 0.5136830 0.4743902 0.4471805 0.0000000 0.5003943 0.4878250 0.5384044 0.5747930 0.5248849 0.5551399 0.6368679 0.5804178 0.5674278 0.5723503 0.5618619 0.6919841 0.7245998 0.7117181 0.7229245 2.2619126 1.0391366 0.5855533 0.6951799 0.7415558 0.6557272 0.6759790 0.6325171 0.7644147 1.1570876 0.6615920 0.7093469 0.7543536 0.7802795 0.6833068 1.0896462 0.7588780 0.8556124 0.9978192 0.8860421 0.8092507 0.9736939 1.0024758 0.8069271 0.7184484 0.7185555 0.7195660 0.7557127 0.7810364 0.7810364 0.8499585 0.8221482 0.7094872 0.7752225 0.6844454 0.8105993 0.8066617 0.8235655 1.1252263 1.1252263 0.5251546 1.1974429 1.0146632 1.0247165 0.9545635 1.6130756 0.0000010 0.4432269 1.5815518 0.9380179 1.0855911 1.0497818 1.0497818 1.0497818 1.0887673 0.9744065 0.9744065 1.0012926 3.8467742 1.0584170 1.0584170 1.4273019 1.4273019 1.8809837 1.8809837 0.8959876 0.0000010 1.0594406 1.0594406 0.0000010 0.9719448 0.9719448 1.4522163 0.7924750 0.7538236 0.9340049 0.8304909 1.1264893 3.8053583 0.9037263 0.6209771 0.9246031 0.7204547 0.8226594 0.8905528 0.0869211 0.6925324 0.0000010 0.4584232 0.7928229 0.3910517 1.7664760 4.4691277 3.3023954 
Spis_XP_022781180_1                                    1.1833846 1.1677647 1.0512317 1.1782370 0.7693910 0.5541753 0.5003943 0.0000000 0.0958261 0.2143247 0.2412936 0.2644686 0.3620749 0.4875874 1.0304003 0.9110760 1.0117713 1.0600555 0.9599639 0.9666245 0.9779138 0.9383234 0.9592719 0.7151730 0.7521570 0.8927841 0.9982193 0.9357040 0.9653903 1.1559625 0.9480228 1.4749424 1.0625692 1.1250227 1.6311571 1.6536195 1.5243597 1.0067392 1.6842739 1.6021974 1.1372140 1.7134476 1.7053845 1.7720925 1.7485471 1.6728843 1.5796049 1.6517250 1.2883745 1.2670527 1.3099812 1.3074173 1.3475179 1.1891124 1.1627643 1.1662325 1.2217220 0.8662576 1.7518778 1.1932093 1.7530605 1.8050751 2.5986241 1.1174157 1.7913316 1.8186123 1.1637493 1.6577988 1.7217754 2.2410048 1.1174666 1.1018502 1.1875707 1.5862232 1.5166879 1.5818383 1.2906061 1.7064099 1.5717864 2.5546220 6.3743083 1.8311848 1.3902173 2.1022925 1.6548622 2.3382985 1.9774266 1.7179207 2.7060973 1.7335442 1.7335442 2.4128548 1.5522170 1.5712865 2.5284637 1.1490094 1.2847439 1.3691882 1.3606598 1.5806943 2.4951723 1.7094424 1.0864896 1.3988705 1.3207359 1.5522672 1.6450798 0.7886142 1.4355697 1.6750615 1.3615473 1.9725829 1.4293824 1.5678854 2.1162402 2.8566098 
Pocdam_XM_027201111.1                                  1.1270443 1.1052356 0.9688621 1.1767267 0.7227040 0.5237769 0.4878250 0.0958261 0.0000000 0.2053001 0.2355081 0.2542970 0.3363710 0.4477139 1.0020891 0.8968099 0.9526604 1.0022928 0.9563642 0.9343305 0.9600903 0.9129762 0.9898334 0.7056974 0.6885637 0.8414158 0.9583802 0.8975761 0.9200357 1.1523602 0.9231002 1.4852314 1.0411144 1.0772163 1.5690822 1.5865189 1.4784733 0.9586555 1.6093677 1.5132766 1.0750267 1.6307961 1.6158328 1.6288879 1.6198975 1.6301035 1.5440476 1.5873613 1.2420246 1.2311882 1.2626587 1.2561343 1.3033958 1.1413960 1.1132926 1.1250023 1.1847378 0.8205021 1.7534228 1.1822034 1.7115211 1.7558602 2.5494988 1.0857493 1.7444382 1.7706851 1.1564056 1.7595020 1.5116902 2.1429867 1.2041354 1.1027611 1.1231353 1.5512263 1.4714607 1.5470091 1.2480993 1.6541874 1.5318564 2.4244323 6.1552075 1.7991970 1.3433631 2.0695436 1.5953013 2.2990292 1.8897911 1.6563887 2.7264411 1.6905734 1.6905734 2.3543343 1.5606240 1.5739189 2.4627425 1.1300038 1.2554845 1.3569994 1.3238733 1.5057272 2.4415180 1.6508106 1.0305139 1.3187112 1.2449969 1.4867759 1.5811430 0.8782001 1.3569101 1.5905506 1.3473268 1.8490384 1.4566129 1.5304043 2.0436637 2.9471750 
Gasp_gasp1.m3.16498.m1                                 1.1109151 1.0947167 0.9574882 1.2339183 0.7373335 0.5718484 0.5384044 0.2143247 0.2053001 0.0000000 0.2105868 0.2374614 0.3355837 0.4546254 0.9977421 0.8906795 0.9847110 1.0519748 0.9644205 0.9845223 0.9856904 0.9556820 1.0199461 0.7725392 0.7507905 0.8523982 0.9542592 0.9468061 0.9882015 1.1626713 0.9252898 1.4483270 1.0651091 1.1509447 1.6307935 1.6464339 1.4755491 0.9829764 1.5959317 1.6423366 1.1116678 1.6855338 1.6637471 1.7039551 1.6691568 1.6905764 1.6171623 1.6685504 1.2292400 1.2255284 1.2394611 1.2370431 1.3163442 1.1366250 1.0955143 1.1797655 1.2565926 0.7885510 1.8087415 1.2409557 1.7947572 1.8403175 2.6724578 1.1263726 1.8396259 1.8447029 1.1370388 1.4598291 1.6419963 2.2617525 1.3694455 1.0861716 1.1546624 1.5320328 1.4554583 1.5329492 1.2228242 1.6771810 1.5382880 2.5192011 6.5307922 1.9554919 1.4531873 2.2774916 1.7582186 2.5338449 2.0830299 1.7770515 3.0498642 1.7943679 1.7943679 2.4619589 1.6327569 1.6550107 2.6503068 1.1305124 1.2984241 1.3918247 1.3392853 1.5950184 2.4685819 1.6628733 1.1640066 1.4208612 1.3381012 1.5282176 1.6718595 0.9028388 1.4533646 1.6779002 1.4153932 1.9032081 1.4751752 1.6535987 2.1446591 2.9311295 
Fspp_ffun1.m4.21156.m1                                 1.1790721 1.2019418 1.0659098 1.2451689 0.8009297 0.6014853 0.5747930 0.2412936 0.2355081 0.2105868 0.0000000 0.2629600 0.3634613 0.4815187 1.0606557 0.9227035 1.0469213 1.0957796 0.9483706 0.9564508 0.9808651 0.9549256 0.9792915 0.8200008 0.7809502 0.8474673 0.9812965 0.9469975 0.9738749 1.1393503 0.8886830 1.4560658 1.0958477 1.1809298 1.7264475 1.7033335 1.5483744 1.0373521 1.6321094 1.6123265 1.1710392 1.6932521 1.7187650 1.7058791 1.7625187 1.7224948 1.5993151 1.7000055 1.2883808 1.2859588 1.3113003 1.3085869 1.3615449 1.2270445 1.1889083 1.2504664 1.2422930 0.8872682 1.8659195 1.3163899 1.8106179 1.8526466 2.7709432 1.0660565 1.9073023 1.9258186 1.1787379 1.5840393 1.5754087 2.3458430 1.3625454 1.1565394 1.1826041 1.6280015 1.5348454 1.6289053 1.2661808 1.7908195 1.6836284 2.7316687 7.3944161 1.9606017 1.4611527 2.3012469 1.7899407 2.4182370 1.9124146 1.8381675 3.0638031 1.7762046 1.7762046 2.5926143 1.6485589 1.6837140 2.7385614 1.1782573 1.2601837 1.3851010 1.3650343 1.5337958 2.3091203 1.7089185 1.2917186 1.4381343 1.3583168 1.5068628 1.6631458 1.0572045 1.4562201 1.6169718 1.3875063 2.0575803 1.4909103 1.5321063 2.1187102 3.0124001 
Gfas_gfas1.m1.8403.m1                                  1.1043130 1.1059006 0.9730324 1.2016668 0.7906981 0.5789917 0.5248849 0.2644686 0.2542970 0.2374614 0.2629600 0.0000000 0.2898052 0.3022197 1.0415864 0.9027576 0.9987455 1.0938424 1.0381141 1.0101412 0.9896055 0.9385143 0.9932738 0.8085239 0.7307060 0.9396370 0.9827407 0.9557554 0.9999397 1.1028555 0.9101886 1.3892351 1.0448749 1.1199054 1.6835782 1.6955800 1.5012004 0.9578815 1.6703457 1.6022148 1.1295477 1.6893047 1.6623752 1.6954676 1.6671282 1.6919961 1.5939162 1.6086854 1.3495145 1.3649110 1.3866888 1.3828687 1.4044300 1.2906564 1.2221429 1.2024461 1.2755077 0.7917111 1.8062874 1.3081221 1.7765143 1.7765143 2.5877961 1.1071270 1.8733789 1.9016858 1.1254551 1.6037140 1.7888733 2.3855735 1.3869475 1.0704797 1.1739451 1.6326487 1.5422020 1.6334944 1.2780040 1.7709126 1.6243271 2.4458501 6.8860671 1.7559785 1.3188814 2.0445817 1.5898520 2.2789621 1.8828745 1.7574102 3.4557914 1.7787762 1.7787762 3.1370413 1.6681959 1.6432346 2.9049455 1.2447813 1.3402623 1.4275844 1.3754383 1.6755441 2.5100724 1.6869017 1.1316101 1.3344984 1.2585448 1.4815792 1.5942197 0.8930525 1.4291095 2.5267157 1.4413613 1.9671131 1.7010202 1.9246808 2.4811717 2.5380793 
Amil_Amillepora06541-RA                                1.1347498 1.1823759 1.0545234 1.2405368 0.8107288 0.6029982 0.5551399 0.3620749 0.3363710 0.3355837 0.3634613 0.2898052 0.0000000 0.1216580 0.9782466 0.8995393 1.0478540 1.1113764 1.0805314 0.9843847 1.0274235 0.9886862 0.9809011 0.8345773 0.8420965 0.9381064 0.9789187 0.9848644 0.9952770 1.1886022 0.9729749 1.4669047 1.0507292 1.1203950 1.7086698 1.7263463 1.5932372 0.8990362 1.7650003 1.6290887 1.1681505 1.7136582 1.7392464 1.7328618 1.7243084 1.7567577 1.6670578 1.6412721 1.3192131 1.3338679 1.3298920 1.3272047 1.3667428 1.2703221 1.2247814 1.2315899 1.3037381 0.9190182 1.8963968 1.2993122 1.7772508 1.8110547 2.6044338 1.1013752 1.8317368 1.8711987 1.1595080 1.6175592 1.6333194 2.2629428 1.2583834 1.1094853 1.0549901 1.6516729 1.5342915 1.6542388 1.2757145 1.7852542 1.6375376 2.6225914 6.8597134 1.8371841 1.3034410 2.1498361 1.5825592 2.4015038 1.8977280 1.7937902 3.0738408 1.8021366 1.8021366 2.6725127 1.6202980 1.6130208 2.5579287 1.2337207 1.3390930 1.4073728 1.4169416 1.6628792 2.5595062 1.8092086 1.2187274 1.4265327 1.3616738 1.5416578 1.6116451 1.0209733 1.4480978 1.5857741 1.3836594 2.0151473 1.4792459 1.7322851 2.0776883 2.6240394 
Adig_XM_015914680.1                                    1.3181227 1.3605221 1.0890082 1.4078424 0.7974643 0.6820113 0.6368679 0.4875874 0.4477139 0.4546254 0.4815187 0.3022197 0.1216580 0.0000000 1.1106485 1.0574121 1.2049948 1.2604919 1.1654501 1.1435853 1.0114230 1.1176542 0.9142153 0.9860518 0.8526983 1.0540692 1.1521164 1.1246883 1.1678341 1.3170483 0.9964856 1.4887718 1.1684170 1.2702449 1.9261340 1.8996314 1.7560026 0.9482137 1.9254606 1.7530913 1.1785441 1.9226937 1.8645123 1.9061229 1.8661695 1.9145413 1.7566394 1.7424943 1.5305184 1.5305958 1.5258548 1.5226145 1.5668812 1.5062866 1.4300205 1.4040803 1.4513318 0.9187995 1.9393064 1.3968305 1.9188728 1.8857894 3.1639564 1.0861119 2.0495697 2.0970731 1.1911916 1.6175592 1.5935921 2.7424110 1.2828458 1.1622174 1.2071159 1.6587940 1.5479071 1.6614220 1.3161326 1.9406698 1.5975006 2.5505803 7.6137938 1.8793121 1.3249470 2.2203576 1.6217074 2.4825922 1.9343777 2.0770722 4.2094457 2.0455252 2.0455252 4.1404072 1.8118826 1.5962193 3.1335667 1.4332796 1.4815145 1.5037971 1.5229466 1.8206689 2.8295884 1.9431972 1.2253663 1.5358771 1.4677265 1.4637619 1.6701134 0.9672504 1.4616287 2.9284636 1.8690323 2.3623629 2.1298248 2.9882816 3.6227375 3.0349582 
Cgig_XM_034450045.1                                    1.2799387 1.2432947 1.1272392 1.2638852 0.8729122 1.0253403 0.5804178 1.0304003 1.0020891 0.9977421 1.0606557 1.0415864 0.9782466 1.1106485 0.0000000 0.9186049 0.9306441 0.9716870 1.2394243 1.2974261 1.2119434 1.2984442 1.2438177 1.2122732 0.9015457 1.0720160 0.6681368 1.2022445 1.2911738 1.1900083 1.2089372 1.3543208 0.8997371 1.1808899 1.7412218 1.7544107 1.5141237 0.9478151 1.7327449 1.7272351 0.9253512 1.7034926 1.7554055 1.7050657 1.6996354 1.7318268 1.6781765 1.6940955 1.4623125 1.4585791 1.3915630 1.3843376 1.4756731 1.3600595 1.2982049 1.1406918 1.1580463 0.9803635 1.9152654 1.4676871 1.9026047 1.9618289 2.6422784 1.2144608 1.8286879 1.8154067 1.0998924 1.5204168 2.1138691 2.1815774 1.6296471 1.1699033 1.3271279 1.8585687 1.7337637 1.8533669 1.4916236 1.8818856 1.7803570 2.8446629 6.4817257 1.8062051 1.3881808 2.1061120 1.7059001 2.2810187 1.9366639 1.8270654 2.4174261 1.8413044 1.8413044 2.4090111 1.6075752 1.6523782 2.2620626 1.1005639 1.3150073 1.4595145 1.4221714 1.6384471 2.4243049 1.6837811 1.3538376 1.5387873 1.4700125 1.5655695 1.8314754 1.1169330 1.6272659 1.9065831 1.5696638 2.0818000 1.5405698 1.9182454 2.0723144 2.9073773 
Bralan_BLAG05000832_1                                  1.2456397 1.2317327 1.0591998 1.2624948 0.7909902 0.9660562 0.5674278 0.9110760 0.8968099 0.8906795 0.9227035 0.9027576 0.8995393 1.0574121 0.9186049 0.0000000 0.7977141 0.8795843 1.1030150 1.1610323 1.1490689 1.1473964 1.0572941 1.1977511 0.8313765 1.0126298 0.9352101 1.1614809 1.2061094 1.2562113 1.2157015 1.5273934 0.8930443 1.0623861 1.4958618 1.4902090 1.4568051 0.9553016 1.6033009 1.5580214 1.0506941 1.6788945 1.6343363 1.6618584 1.6404710 1.6822518 1.6028696 1.5646005 1.3838204 1.3525197 1.3466713 1.3380912 1.3891727 1.3533772 1.3032484 1.1331698 1.2313628 0.9339123 1.6787904 1.3786738 1.7410374 1.7659485 2.6077281 1.1189205 1.7165716 1.7170646 0.9202299 1.5188977 1.6212630 2.0948666 1.3666135 1.0124305 1.2065951 1.6550436 1.5482269 1.6425617 1.3384345 1.8650011 1.6617828 2.8114774 8.3207486 1.6812967 1.3950272 1.9225590 1.6939498 2.0797527 1.9468042 1.6821444 2.4692420 1.8281308 1.8281308 3.3799928 1.5202580 1.4743871 2.5044603 1.2117568 1.4218493 1.4518286 1.5264175 1.7344269 2.3114919 1.6272072 1.4425765 1.4075764 1.3463622 1.5180683 1.5619197 1.0551392 1.6882093 1.8112646 1.5534739 1.8565047 1.5517514 1.9003312 2.2650959 3.0061558 
Skow_XM_006823423.1                                    1.2358155 1.2245989 1.0956467 1.3180734 0.8279460 0.9456030 0.5723503 1.0117713 0.9526604 0.9847110 1.0469213 0.9987455 1.0478540 1.2049948 0.9306441 0.7977141 0.0000000 0.8614846 1.1551415 1.1829313 1.1925626 1.2294465 1.2627395 1.1462680 0.9062465 1.0525932 1.0445481 1.1361178 1.2275554 1.2882018 1.2884724 1.4678417 1.0547838 1.0691021 1.6841306 1.6833139 1.6086844 1.1494953 1.7163338 1.8035665 1.0691855 1.8151357 1.7781791 1.7594086 1.7663083 1.9114892 1.6529022 1.7000546 1.4588478 1.4233227 1.3900373 1.3812282 1.4193475 1.3792377 1.2872938 1.1935513 1.1881561 1.0321692 1.7892478 1.5802145 1.8590147 1.8781910 2.5017627 1.2952564 1.8427561 1.8404749 1.0098105 1.7114365 1.6540728 2.2108219 1.6110118 1.1032686 1.1719057 1.6976326 1.5898201 1.6929156 1.2884067 1.8252318 1.6527583 2.7570070 7.1204117 1.8201580 1.5147343 2.0768477 1.8330921 2.2439386 2.1010860 1.8138589 2.4963954 1.9118273 1.9118273 2.8968008 1.5911292 1.5610849 2.2924245 1.2335544 1.3647555 1.5090528 1.4230755 1.7064073 2.3999509 1.7350754 1.4526403 1.4423672 1.3766401 1.7424608 1.6749904 0.9937967 1.6181112 1.7963515 1.4352700 2.0284139 1.7620710 2.2108756 2.1891010 3.6382394 
Spur_XM_030999899.1                                    1.2750049 1.2981461 1.1595355 1.3255475 0.8864050 1.0212375 0.5618619 1.0600555 1.0022928 1.0519748 1.0957796 1.0938424 1.1113764 1.2604919 0.9716870 0.8795843 0.8614846 0.0000000 1.2292179 1.2340473 1.2650154 1.1464153 1.1635878 1.3006783 0.8859277 1.0491554 1.0307596 1.2549863 1.2286827 1.2859150 1.1912250 1.5172900 1.0396071 1.1193820 1.6458163 1.6073956 1.5904732 1.2107069 1.6720618 1.6361895 1.0851769 1.6969527 1.6671074 1.7564227 1.7211066 1.8100129 1.6798256 1.6461316 1.4631682 1.3738135 1.4137482 1.4133344 1.4817833 1.3638795 1.3248598 1.2151698 1.2458158 1.1167207 1.7341082 1.4997775 1.7751861 1.8181093 2.6224284 1.1813501 1.7432521 1.7488015 1.1294154 2.1878848 1.4661638 2.0854206 1.4626579 1.1724394 1.2224899 1.7361339 1.6061654 1.7225669 1.3554876 1.7590531 1.6801052 2.8291181 7.5221449 1.7984807 1.4760332 2.0020375 1.6956540 2.1501810 1.9077144 1.6771265 2.3813520 1.7979500 1.7979500 2.1344862 1.6479549 1.6399257 2.3287422 1.2734636 1.4286303 1.5010993 1.4679518 1.6776425 2.3941130 1.7549936 1.2384473 1.4036954 1.3304350 1.5948308 1.5765677 0.8763811 1.5964987 1.7103916 1.5445476 1.8797425 1.7581221 1.8040880 1.9105119 3.4406942 
Morvir_scaffold111.g19.t1                              1.2743123 1.3081329 1.1479029 1.4011175 0.9662778 0.9899067 0.6919841 0.9599639 0.9563642 0.9644205 0.9483706 1.0381141 1.0805314 1.1654501 1.2394243 1.1030150 1.1551415 1.2292179 0.0000000 0.9353916 0.9172241 0.8241266 0.9043243 1.1988734 0.7418346 0.9443586 1.1919262 1.1134560 1.1554570 1.4045067 1.0407495 1.9453457 1.3027157 1.3452383 1.7506174 1.7699246 1.6526037 1.3745889 1.9407585 1.7779182 1.1686808 1.9087020 1.9376512 1.9264450 1.9565459 1.8352516 1.8796766 1.7357948 1.4679592 1.4615591 1.4496872 1.4406784 1.4478118 1.4576679 1.3802161 1.2585911 1.3697475 0.9933670 1.8921695 1.2514050 1.9856422 2.0364797 2.8354050 1.3804458 1.8391965 1.8687084 1.3223667 1.9939301 1.7841519 2.1239529 1.6841533 1.2532184 1.3858982 1.8004761 1.7055720 1.7951460 1.4818441 1.8914406 1.7714153 2.8166282 7.0834524 1.9451457 1.5460351 2.2295103 1.8692257 2.4592810 2.2348553 1.8661148 2.8201380 1.9970008 1.9970008 2.5665259 1.6790364 1.7035852 2.5992986 1.4068055 1.4044288 1.4553500 1.4135958 1.6557663 2.7329626 1.8359738 1.4728271 1.5856844 1.4997530 1.7553065 1.8249619 1.2560469 1.7363516 1.7073829 1.7052244 2.3107908 1.5911631 1.9995298 2.4046141 3.4694365 
Nemnom_g18156.t1                                       1.2963026 1.3735450 1.1701945 1.3212875 0.8514636 0.9739011 0.7245998 0.9666245 0.9343305 0.9845223 0.9564508 1.0101412 0.9843847 1.1435853 1.2974261 1.1610323 1.1829313 1.2340473 0.9353916 0.0000000 0.2286589 0.4788165 0.8448690 1.1623370 0.7120735 0.9280087 1.1733860 1.1388862 1.1618881 1.2883229 0.9728267 1.7295092 1.3421271 1.2910463 1.8435878 1.8443264 1.6323836 0.9806065 1.7997253 1.7263504 1.1777312 1.8136502 1.8400763 1.8542986 1.9387471 1.7711743 1.7975283 1.8098939 1.4226573 1.4325277 1.3912066 1.3875186 1.4752422 1.4149975 1.3337674 1.3025439 1.3526635 0.8759808 1.9189119 1.0798588 1.9323227 1.9958994 3.0426291 1.1890071 1.8155492 1.8201639 1.0270492 1.1959351 1.6289098 2.1885468 1.3975231 1.1316772 1.2467083 1.8101498 1.7085687 1.8050734 1.3718172 1.9081261 1.8178468 3.0400440 8.5668580 1.7818459 1.3574027 2.0538816 1.6333933 2.2430413 1.8797712 1.7077683 2.4880066 1.8301975 1.8301975 2.4868375 1.7149111 1.7133267 2.2802568 1.3678156 1.3747507 1.4897726 1.4682242 1.8385412 2.5866222 1.8484200 1.3062697 1.6391405 1.5762541 1.6771485 1.6349828 1.2811404 1.6049053 1.7244322 1.5682583 1.9723449 1.4975250 1.9044413 2.6944270 3.0026885 
Rhoesc_Res_010853-T1                                   1.3334884 1.3658005 1.1827008 1.2676559 0.8435356 0.9772204 0.7117181 0.9779138 0.9600903 0.9856904 0.9808651 0.9896055 1.0274235 1.0114230 1.2119434 1.1490689 1.1925626 1.2650154 0.9172241 0.2286589 0.0000000 0.4626891 0.8169940 1.2533942 0.7183715 1.0059574 1.1651280 1.1815648 1.2191850 1.2227816 0.9723164 1.6202131 1.2681654 1.2799833 1.8502260 1.8389801 1.5971042 0.8894896 1.7595535 1.6806316 1.1311279 1.8108802 1.8154519 1.7770746 1.8903929 1.7137814 1.7033446 1.7915872 1.4901836 1.4915504 1.4482132 1.4439432 1.4953712 1.4374870 1.3428178 1.2660047 1.3423533 0.8605093 1.7760008 1.1660070 1.8862847 1.8862847 2.9610605 1.1849760 1.6988531 1.7083579 0.9903717 1.0300781 1.7160693 2.1553819 1.3551583 1.1299529 1.2461408 1.7725044 1.7002484 1.7723164 1.3869745 1.8721147 1.7505815 2.6969784 8.0750322 1.7251139 1.4269972 2.0246632 1.7755633 2.2254445 2.0662770 1.6809141 2.5887903 1.8329132 1.8329132 3.2006145 1.6977970 1.6977970 2.6056572 1.4211688 1.3272970 1.4181181 1.4632057 1.7855421 2.6351683 1.7939936 1.2298003 1.6032451 1.5254213 1.6401171 1.6463368 1.2212414 1.5204002 2.7486564 1.5704278 2.0351320 1.9225375 1.7860441 3.7614365 2.6983429 
Aaur_scaffold852.g2.t1                                 1.3544608 1.4412583 1.2227585 1.2550145 0.8947203 0.9507782 0.7229245 0.9383234 0.9129762 0.9556820 0.9549256 0.9385143 0.9886862 1.1176542 1.2984442 1.1473964 1.2294465 1.1464153 0.8241266 0.4788165 0.4626891 0.0000000 0.9150072 1.2012270 0.6876831 0.8657913 1.2045828 1.1207153 1.1569857 1.2307123 0.9342019 1.5965340 1.2944437 1.2740004 1.7953649 1.7652743 1.6583288 0.9187963 1.7766031 1.6989383 1.0446030 1.8403508 1.8336396 1.7964134 1.8565287 1.7319035 1.8026014 1.8113242 1.4173638 1.4433580 1.4230286 1.4209268 1.4656693 1.4634802 1.3725587 1.3020509 1.3200918 0.9111658 1.9280755 1.0245305 1.9107208 1.9720164 2.8834389 1.2757677 1.8955739 1.9061985 1.3260955 1.8305048 1.6371207 2.1623368 1.5514445 1.3008784 1.3562965 1.8157997 1.7223687 1.8287439 1.4710565 1.9280301 1.8520484 2.9449332 7.1007779 1.8757562 1.5724459 2.1202356 1.8709515 2.2993402 2.1557074 1.7765343 2.4755675 1.8394569 1.8394569 2.3902341 1.7579528 1.7635224 2.2817794 1.4013343 1.4101573 1.3827968 1.4328998 1.7001151 2.7143743 1.8645734 1.4461605 1.6425832 1.5531771 1.6366120 1.6609606 1.3339944 1.5962257 1.7788921 1.6199952 2.0408640 1.6142806 1.7488821 2.5082629 3.3958836 
Stycar_maker-SC_scaffold13547-augustus-gene-0.7-mRNA-1 1.2555704 1.2707602 0.9532409 0.9910442 0.4906668 0.9846028 2.2619126 0.9592719 0.9898334 1.0199461 0.9792915 0.9932738 0.9809011 0.9142153 1.2438177 1.0572941 1.2627395 1.1635878 0.9043243 0.8448690 0.8169940 0.9150072 0.0000000 1.0521758 0.9593950 1.1924644 1.0538613 1.2129796 1.3418884 1.3138106 0.9874362 2.3579169 1.3906590 1.0934343 1.6631257 1.5794445 2.2047348 0.0000010 1.7799415 1.9212786 2.3672394 1.8624195 1.6482731 1.6774760 1.8061981 1.8983592 1.9410562 1.7304691 1.0198434 1.0418051 1.0178530 1.0178530 1.0469045 0.9922611 0.9922611 0.8685860 1.9394387 2.5045909 1.3448424 1.4801612 1.6426070 1.6426070 5.7432780 0.5396127 1.7300426 1.7095095 9.0000000 9.0000000 1.6034615 1.6532237 0.0000010 4.5599477 4.5599477 1.2561044 1.2561044 1.2561044 1.0572275 1.5465039 1.2398166 1.6616308 7.4021522 1.6175820 1.1302485 1.5240767 1.0083486 1.5240767 1.0083486 1.4239254 2.9266863 1.6560042 1.6560042 7.2603939 1.5674458 1.5674458 3.5753339 1.2153595 1.5628142 1.6591625 1.5528821 1.5785947 1.6308461 1.6143067 0.6963331 1.2540853 1.2540853 1.4514004 1.5518553 1.6227474 1.2108050 4.0343709 1.9241579 1.8603934 4.0116162 2.5957912 3.1288114 2.6722731 
Exapal_XM_021058342.2                                  1.3260277 1.4366921 1.4471322 1.3846135 1.1492871 0.6131010 1.0391366 0.7151730 0.7056974 0.7725392 0.8200008 0.8085239 0.8345773 0.9860518 1.2122732 1.1977511 1.1462680 1.3006783 1.1988734 1.1623370 1.2533942 1.2012270 1.0521758 0.0000000 1.0798387 1.0833024 1.1805935 1.0934881 1.1590352 1.3067995 1.3316587 1.6386351 1.2526232 1.3695821 1.8389757 1.8489525 1.7767763 3.5144741 1.8991008 1.8532727 2.1909145 1.9507497 1.8014034 1.9625539 2.0282184 1.9002122 1.7312727 1.7926192 1.5078660 1.4698292 1.4687404 1.4655198 1.5271696 1.4275443 1.3985011 1.3482796 1.4224733 1.3378679 1.9441398 1.5282152 1.9493451 2.0132642 2.3672681 1.7055345 1.9719986 1.9932796 2.5633866 1.6998495 1.6927314 1.9772802 1.7411538 2.8544493 2.0560802 2.0621350 1.9321749 2.0615797 1.8329456 2.0815052 2.0053396 3.3295508 6.6449386 1.9996144 1.8321315 2.0759354 1.9351512 2.1536589 2.0614211 2.0042628 2.2469045 1.9441484 1.9441484 2.2817624 1.7660066 1.8137206 2.2408181 1.3563471 1.4665176 1.4887761 1.5090771 1.6237243 2.2451326 1.9328644 1.1773012 1.4595450 1.4180070 1.9278348 1.9377972 0.9264128 1.7316030 1.4765104 1.3627324 1.8087405 1.2943672 1.8706774 2.2200938 3.1669733 
Hvul_g4465_1                                           0.9753334 1.0064497 1.0064497 0.9454866 0.8631090 0.7012441 0.5855533 0.7521570 0.6885637 0.7507905 0.7809502 0.7307060 0.8420965 0.8526983 0.9015457 0.8313765 0.9062465 0.8859277 0.7418346 0.7120735 0.7183715 0.6876831 0.9593950 1.0798387 0.0000000 0.6003296 0.8068060 0.6905524 0.7706062 0.8979208 0.8150402 1.5464514 0.8550259 0.9372101 1.0940751 1.1052015 1.0292345 0.8711986 1.1560839 1.1599729 0.8970442 1.1609854 1.1621400 1.2788058 1.2942766 1.1520950 0.9860049 1.1201426 0.8277934 0.8770685 0.8529835 0.8499548 0.9021775 0.9433706 0.7835390 0.9160446 1.0726405 0.9463756 1.2973337 0.7242039 1.2139126 1.2139126 0.0000010 1.1210466 1.2925413 1.2961122 1.1191494 1.5395478 2.4261982 1.8357360 1.2197172 1.1079144 1.2738032 1.3527278 1.3527278 1.3527278 1.3527278 1.3033919 1.3033919 1.3033919 5.4301722 1.2095018 1.2095018 1.5085499 1.5085499 1.8578955 1.8578955 1.1581981 0.0000010 1.2797341 1.2797341 0.0000010 1.1748181 1.1748181 3.7390461 0.9263170 0.9650480 1.1565949 1.1882644 1.8143634 3.3283565 1.3247414 1.1884642 1.1394199 0.9879439 1.0707398 1.1204544 1.2613726 1.1517499 0.0000010 3.3386407 1.4584846 3.6646927 1.6299795 0.0000010 3.1505403 
Chem_TCONS_00001006                                    1.2339788 1.2685375 1.1563747 1.2314101 0.9304799 0.8691278 0.6951799 0.8927841 0.8414158 0.8523982 0.8474673 0.9396370 0.9381064 1.0540692 1.0720160 1.0126298 1.0525932 1.0491554 0.9443586 0.9280087 1.0059574 0.8657913 1.1924644 1.0833024 0.6003296 0.0000000 1.0879005 1.0799016 1.1084119 1.1853757 1.0977473 1.4360535 1.1024784 1.2310988 1.6776648 1.6766104 1.5729005 1.0631365 1.6623110 1.8077688 1.2367562 1.6399842 1.7155551 1.5874692 1.6014705 1.7196034 1.7837348 1.6748112 1.3479337 1.3383264 1.3301105 1.3203316 1.3492250 1.3035099 1.2167490 1.2070297 1.2908959 1.1155920 1.7631110 1.0901853 1.7258422 1.7719679 2.5935763 1.1762366 1.7373236 1.7610463 1.1526986 1.7866265 1.5684564 2.0578347 1.4232554 1.1768051 1.2920232 1.6052793 1.5022898 1.6008448 1.3465894 1.7297524 1.6094120 2.7544922 7.4980122 1.8410385 1.3941422 2.0901086 1.6226043 2.2337165 1.7847476 1.7701230 2.8877481 1.7285391 1.7285391 2.2021151 1.5097533 1.5206805 2.5315635 1.2885698 1.3904796 1.4527763 1.4416193 1.6722094 2.3067019 1.6554378 1.3101541 1.4078360 1.3352976 1.5395182 1.6910572 1.0907046 1.5973066 1.4418842 1.4160379 2.0506826 1.0720060 1.8280396 2.4094310 3.0802379 
Acagra_model.g7729.t1                                  1.2532771 1.2516567 1.0665691 1.3536370 0.9281374 0.9866268 0.7415558 0.9982193 0.9583802 0.9542592 0.9812965 0.9827407 0.9789187 1.1521164 0.6681368 0.9352101 1.0445481 1.0307596 1.1919262 1.1733860 1.1651280 1.2045828 1.0538613 1.1805935 0.8068060 1.0879005 0.0000000 1.2060034 1.2821170 1.2895036 1.1531056 1.2634698 0.9313765 1.1869412 1.7694333 1.7867737 1.7054632 0.9382063 1.8157341 1.8411947 1.1618924 1.7579493 1.8803204 1.8744094 1.8938129 1.8179841 1.7766642 1.7546921 1.4693504 1.4533005 1.4148438 1.4120644 1.4579921 1.4486258 1.3790565 1.2076581 1.2070991 1.0333681 1.9650779 1.4450090 1.8542876 1.8961526 2.5608073 1.2010077 1.8795043 1.8944986 1.0727625 1.6874451 2.0221645 2.2663237 1.5581807 1.1782686 1.2530619 1.7658299 1.6356639 1.7609232 1.4198359 1.8661811 1.6729733 2.8802878 7.2097557 2.0202191 1.5373292 2.3195077 1.8208693 2.5937462 2.1911646 1.8875492 3.0779767 1.9364180 1.9364180 2.7308437 1.7144211 1.7281318 2.3790090 1.1907700 1.5317353 1.6190682 1.6360387 1.7871299 2.6647528 1.8895964 1.3046903 1.5460718 1.4845822 1.7226561 1.7837476 1.2102666 1.6229760 1.7057989 1.5995173 2.0953364 1.5537969 1.7633700 1.7827198 2.9068414 
Dgig_XM_028547066.1                                    1.3097822 1.3581103 1.2469936 1.3146789 0.9001483 0.9108229 0.6557272 0.9357040 0.8975761 0.9468061 0.9469975 0.9557554 0.9848644 1.1246883 1.2022445 1.1614809 1.1361178 1.2549863 1.1134560 1.1388862 1.1815648 1.1207153 1.2129796 1.0934881 0.6905524 1.0799016 1.2060034 0.0000000 0.3783978 1.3050985 1.0374841 1.6838071 1.2783573 1.2870691 1.9036863 1.7935657 1.6714665 1.0388867 1.7628239 1.8084608 1.2210018 1.8992862 1.8037982 1.9140426 1.8625400 1.9481814 1.8512302 1.8296208 1.3217893 1.3247812 1.3230472 1.3137148 1.3507498 1.3064734 1.2270126 1.2808869 1.3421917 0.8695067 1.8839694 1.4143094 1.7046231 1.7542182 2.3283271 1.2290942 1.7231462 1.7324636 1.0764548 1.3888310 1.8915017 2.1581803 1.3015889 1.1425089 1.1435422 1.6282340 1.5534097 1.6238263 1.2992919 1.7628258 1.6147005 2.6878088 7.0502170 1.7812477 1.4019738 2.0504037 1.6999704 2.2498059 1.9913556 1.6869963 2.6781710 1.7253637 1.7253637 2.6982040 1.6600026 1.7158952 2.4969279 1.3566401 1.3614040 1.3971992 1.4222584 1.6360366 2.4169486 1.6811047 1.3922310 1.5158597 1.4366998 1.7694861 1.7347824 1.1567970 1.5666309 1.7126827 1.5112920 2.1111105 1.8598234 2.0645412 2.7457421 3.3883708 
Xesp_015406-T1                                         1.3794805 1.4287678 1.3079080 1.3631913 0.9270865 0.8949845 0.6759790 0.9653903 0.9200357 0.9882015 0.9738749 0.9999397 0.9952770 1.1678341 1.2911738 1.2061094 1.2275554 1.2286827 1.1554570 1.1618881 1.2191850 1.1569857 1.3418884 1.1590352 0.7706062 1.1084119 1.2821170 0.3783978 0.0000000 1.3216306 0.9789647 1.6670526 1.2708973 1.3041937 1.8418382 1.7928662 1.7129964 0.9541023 1.8489663 1.8280723 1.0858865 1.7110782 1.8831957 1.8991144 1.8417961 1.9661642 1.7689746 1.7707402 1.4106058 1.4096075 1.3930564 1.3863577 1.4370614 1.3956564 1.3422846 1.3449300 1.3332617 0.8508502 1.8438883 1.4439666 1.7642239 1.8141204 2.4776780 1.2546179 1.8328547 1.8344341 1.1942675 1.7455742 1.8901640 2.2246358 1.4335818 1.1525017 1.1614751 1.6788860 1.6297433 1.6743039 1.3793607 1.8761787 1.7230375 2.7746783 7.2870994 1.8122584 1.3821457 2.0624631 1.6171632 2.2733462 1.8878510 1.7107172 2.6664776 1.8085418 1.8085418 2.8165933 1.6422027 1.6609677 2.5150677 1.4091334 1.3821895 1.4992727 1.4511324 1.6509412 2.5247278 1.7723430 1.4707953 1.5861009 1.4987476 1.7409751 1.6364145 1.2831332 1.6225390 1.8518012 1.4514132 2.1516111 1.7175231 2.1689511 2.5956552 3.5165949 
Opea_EP00118_Oscarella_pearsei_P028423                 1.3541016 1.4387510 1.2701505 1.3113030 0.8648508 1.1462812 0.6325171 1.1559625 1.1523602 1.1626713 1.1393503 1.1028555 1.1886022 1.3170483 1.1900083 1.2562113 1.2882018 1.2859150 1.4045067 1.2883229 1.2227816 1.2307123 1.3138106 1.3067995 0.8979208 1.1853757 1.2895036 1.3050985 1.3216306 0.0000000 0.0992773 0.1096959 1.3085481 1.4295781 1.8219893 1.8058853 1.6509738 1.0350549 1.6859638 1.7036634 0.9776753 1.8320196 1.7826717 1.8309128 1.8389637 1.7619141 1.7777267 1.8771859 1.4303100 1.4337490 1.4525737 1.4448157 1.4627415 1.4362932 1.3515702 1.5085786 1.4377739 0.9067302 1.8681916 1.4783182 1.8356859 1.8557574 2.4499912 1.2030292 1.8415767 1.8424161 1.0749578 1.3950100 2.2271227 2.2191418 1.4200338 1.1041186 1.2394096 1.7321568 1.6199906 1.7274370 1.4294813 1.8220367 1.6621898 2.7959771 7.0438183 1.8506349 1.3589644 2.1442195 1.6283625 2.3652260 1.9028573 1.8237868 2.8344372 1.8802479 1.8802479 2.6914966 1.7214560 1.6781576 2.6756575 1.4856036 1.3484267 1.3790394 1.4377132 1.7197427 2.7657611 1.8754283 1.3696224 1.4957752 1.4177702 1.6012450 1.6226011 1.0486110 1.4519594 1.5731694 1.4782159 2.2430282 1.8761467 1.8788150 2.6557855 3.1541353 
Ocar_g7772                                             1.3282500 1.3848127 1.3848127 1.3560522 0.8449642 0.8238118 0.7644147 0.9480228 0.9231002 0.9252898 0.8886830 0.9101886 0.9729749 0.9964856 1.2089372 1.2157015 1.2884724 1.1912250 1.0407495 0.9728267 0.9723164 0.9342019 0.9874362 1.3316587 0.8150402 1.0977473 1.1531056 1.0374841 0.9789647 0.0992773 0.0000000 1.9798804 1.2747342 1.1428689 1.3261988 1.3300872 1.1713287 0.6930065 1.3681682 1.4304151 0.9139351 1.2653655 1.5101697 1.5409613 1.4088930 1.2771097 1.3452255 1.3410094 1.1317269 1.2158409 1.2023368 1.2023368 1.2367821 1.2875142 1.0902362 1.1348890 1.2867684 1.0126658 1.5697199 0.9428125 1.3181187 1.3181187 9.0000000 0.9647143 1.4576363 1.4515336 1.0714511 1.3950100 2.5280757 1.9968067 3.3933752 0.9247964 1.0475175 1.4008566 1.4008566 1.4008566 1.3493327 1.4149542 1.4149542 1.4350459 8.9999982 1.3265455 1.2596367 2.1108980 1.9751902 2.0512612 1.9111005 1.1803661 0.0000010 1.3224986 1.3224986 0.0000010 1.3619866 1.3619866 4.9387190 1.3079537 1.0691081 1.1199590 1.3334010 2.0158768 3.8154589 1.3829340 1.6600721 1.4602307 1.1481515 1.5136513 1.3591846 3.4841192 1.6667882 0.0000010 3.2472434 2.8923433 4.5534145 3.8758121 0.0000010 1.9597179 
Ocar_g2236                                             1.7195643 1.7764849 1.5566680 1.4529638 1.5086222 1.6289163 1.1570876 1.4749424 1.4852314 1.4483270 1.4560658 1.3892351 1.4669047 1.4887718 1.3543208 1.5273934 1.4678417 1.5172900 1.9453457 1.7295092 1.6202131 1.5965340 2.3579169 1.6386351 1.5464514 1.4360535 1.2634698 1.6838071 1.6670526 0.1096959 1.9798804 0.0000000 1.5824672 1.7124821 2.4448422 2.2499358 2.4139453 0.0000010 2.6363137 2.8678680 1.2500545 2.1465777 2.4631447 2.4664231 2.7959706 2.3022398 2.6371180 2.5558591 1.9230844 1.9016753 2.0067621 2.0067621 1.8604361 1.9706677 1.9471414 1.7421857 1.8487608 1.6266028 2.3756941 1.9100032 3.0086798 3.0086798 3.0868260 1.9733253 2.7834716 2.7744200 2.1839598 2.0902045 0.0000010 2.8386097 1.8642751 2.6637133 2.2808708 3.2860638 2.7637662 3.2036273 2.4730675 2.9119202 2.9119202 7.5865410 8.9128957 2.8654542 4.6598340 2.9693461 8.9999988 2.9693461 8.9999988 3.1289412 3.6089697 3.4960405 3.4960405 8.9999986 2.7068689 2.7068689 2.9702511 1.7703297 1.8105481 1.9682883 1.7304752 2.0077404 2.8252078 2.6760001 2.9000045 1.7033797 1.5789811 2.6267284 2.3802449 0.0000010 1.7317819 0.0000010 1.5616402 3.2244980 2.2451779 1.9537883 0.0000010 2.1181496 
