78
Emue_Em0019g169a.t1                                           0.0000000 0.3793349 2.9655030 3.1144728 3.2107647 2.8678370 2.4331012 1.9648724 1.9434177 1.9450203 2.3998857 2.5222498 2.7054134 2.4670789 2.5137534 2.5065169 2.6201617 2.5484633 2.5558807 2.3855308 2.5595492 3.0037244 2.6730317 1.9210629 2.8157623 2.7494706 2.5843183 2.6290483 3.2021633 2.9910192 2.5967148 2.5715185 2.4972420 2.5492716 2.1678075 1.8187588 2.3848136 2.6432892 2.5048478 2.6074584 2.5952092 2.6011480 2.7545471 2.6470985 3.1057609 4.0515700 4.6867487 2.7043999 2.1996307 2.2225961 2.5850171 3.2939716 3.3029699 3.2103360 2.7649049 3.3342214 2.4942716 3.1691031 2.4557748 2.9334534 2.7779042 2.6709358 2.8718485 2.7736735 3.1418761 3.3516560 3.1935396 2.9681344 2.8642109 3.0646751 2.7190835 3.6347834 3.1971563 2.9571988 3.2492999 2.7475758 3.5073730 3.2159687 
Spolac_c103987_g1_i1_m.37444c103987-g1                        0.3793349 0.0000000 2.6556583 3.1438576 3.0866438 2.8518966 2.3944812 2.0828622 2.1081232 2.1877692 2.4500687 2.5573867 2.7885824 2.4486977 2.5612877 2.4867474 2.5267241 2.3457256 2.4632144 2.3743523 2.4783769 3.0225294 2.5168536 1.9132433 2.7207786 2.6856243 2.3947463 2.6689678 2.9683037 2.7101545 2.5694009 2.5002182 2.3838222 2.5620089 2.1856902 1.8562675 2.3351010 2.6919671 2.5539961 2.5995379 2.5841737 2.5584268 2.7377869 2.6606612 3.1682129 4.5380826 5.0153056 2.7844995 2.5439724 2.5441312 2.6166055 3.3060805 3.2658027 3.3177994 2.5712208 3.2928599 2.6255386 3.1450560 2.4101884 3.0232730 2.9641431 2.9381935 2.8688455 2.9378602 3.2696731 3.4833934 3.5960119 3.1462745 2.9141347 3.1876147 2.9035509 3.5991557 3.2125226 2.9884044 3.0972502 2.7118139 3.6970321 3.5319385 
Lcom_lcpid117861                                              2.9655030 2.6556583 0.0000000 0.7111303 0.8827842 0.8831642 2.7353077 2.6859111 2.5072412 1.7616482 1.8375366 1.9611678 1.8638070 2.2405345 1.8145293 1.5537582 1.7834933 1.7604234 1.6401491 1.5425296 1.5041761 1.5151605 1.7744922 1.3456125 1.7922100 2.0178074 1.9755039 1.8217263 1.8239993 1.7315181 1.9544218 1.9544218 1.9043717 1.9970246 1.7445233 1.8781451 1.3449714 2.2042798 1.9412295 2.0834429 2.0942339 1.8934713 1.9596021 1.8266088 2.3169711 2.9983199 2.8638526 1.8687843 1.4391914 1.4391914 2.1133060 2.3400151 2.3479718 2.3119241 2.0073177 2.8893260 2.6466157 2.8298234 2.3549122 2.5180428 2.3774779 2.3950470 2.5195341 2.2929754 2.2176881 2.4157794 2.3013177 2.4154241 2.4611128 2.1418178 2.3994396 2.9329853 2.9907630 3.1057306 2.9787911 2.4411562 3.3328358 2.3418807 
Leuniv_Lniv_scaffold10780_01                                  3.1144728 3.1438576 0.7111303 0.0000000 0.7917646 0.9100984 2.9793225 2.8452947 2.6889880 2.7336115 2.2543829 2.2912928 2.2223527 2.4634643 2.0179469 1.9310803 2.1681680 2.2341008 1.9664894 1.8375775 1.7371008 2.1869476 1.9142754 1.5740720 2.0323687 2.0887196 2.0804189 2.1397689 2.3016671 1.8833531 2.0899555 1.9460936 2.2899347 2.4000414 2.3476478 2.1123272 2.4220782 2.5192115 2.2940665 2.4209419 2.4009883 2.2081973 2.2839409 2.1252496 2.6542621 3.2269292 3.2135846 2.3115265 1.9338717 2.1046513 2.4496649 2.7167453 2.7062942 2.6485206 1.9433985 3.2791821 3.0601121 3.2193832 2.4688901 2.8381963 2.7336558 2.8191071 2.9414638 2.6005200 2.4801971 2.9766162 2.9786070 2.8608979 3.0730346 2.5774810 2.7826418 3.5391486 3.6123882 3.2521009 3.3836844 2.7920129 3.4561466 2.6739766 
Scil_scict003585.2                                            3.2107647 3.0866438 0.8827842 0.7917646 0.0000000 0.8841890 2.9927032 2.9246403 2.7597238 2.8926992 2.4993995 2.5638461 2.2432481 2.6178279 1.9789914 2.0729296 2.3657262 2.1021468 2.1369333 1.9767271 1.8571090 2.2163713 2.0536286 1.7386935 2.1743995 2.3996858 2.1543030 2.1866218 2.1264514 1.9440738 2.1848937 2.1501991 2.2625669 2.3041279 2.2259919 2.0705077 2.5211199 2.2861930 2.1508454 2.2481823 2.2308268 2.2070254 2.2888016 2.1663216 2.4531544 2.4802189 2.7022156 2.2242334 1.8921512 2.0453010 2.3776266 2.8789342 2.7862011 2.6026356 2.3294672 3.3780777 2.9924875 3.2087356 2.5353332 2.5742164 2.9441388 2.6423170 3.0184039 2.4468173 2.7194928 3.0570432 3.0447722 2.7777404 2.9375335 2.9742691 3.0145241 3.1341233 3.3149093 2.9985957 3.1327627 2.7921045 3.8149091 2.8965190 
Gracom_Gcom_C556604_01                                        2.8678370 2.8518966 0.8831642 0.9100984 0.8841890 0.0000000 2.9286435 3.1247528 2.7266464 3.4838915 2.3622051 2.6572311 2.6105703 2.7780195 2.2876679 1.9797783 2.3080042 2.5375465 2.0383983 1.8568851 1.8541550 2.4634764 2.2062411 1.8839881 2.1475712 2.3868758 2.2299759 2.4662846 2.1301057 1.9670971 2.2403001 2.1600956 2.2755739 2.5931319 2.6372463 2.2396110 2.6326149 2.5296065 2.3517951 2.4254681 2.4057251 2.3092173 2.3750154 2.2237122 2.5692517 3.0872272 3.2530603 2.4040732 2.5159551 2.6190479 2.5914944 2.7677550 2.8320632 2.6792304 2.4187257 3.3622094 3.0011015 3.0658665 2.5987141 2.6950624 2.8728031 2.7768422 2.8653934 2.5411883 2.7939859 2.9202368 2.8639814 2.7267429 2.7239933 2.8127597 3.0210694 3.4183354 3.5982385 3.4735899 3.3068845 2.7262992 3.0839618 2.8061013 
Aque_Aqu2.1.26433_001                                         2.4331012 2.3944812 2.7353077 2.9793225 2.9927032 2.9286435 0.0000000 1.2046139 1.1559728 2.2784207 2.5660358 2.7841600 2.9278049 2.6103730 2.5415152 2.7913315 2.5300503 2.8317294 2.9819461 2.6486701 2.4496460 2.9839724 2.7977841 2.1980620 2.5609525 2.7794766 2.6873166 2.7208996 3.2913939 2.8629230 3.0013047 2.9071090 2.6932117 2.6520709 2.5249510 2.0358126 2.3723540 2.9775134 2.8307316 2.9950788 2.9687905 2.8214723 2.8567897 2.6800753 3.1076369 3.5728514 4.1509587 2.9000878 2.2975969 2.3337711 2.7937972 3.5902513 3.4540198 3.3938307 2.9799395 3.4866318 3.5882376 3.4850772 2.8132207 2.7819976 2.8567778 3.1772655 3.2445085 3.2619503 3.1602057 3.4785716 3.4911328 3.2290253 3.0894467 2.9417685 3.1431731 3.4031182 3.1884950 3.3930857 3.2189328 3.2109883 3.5850037 3.2877366 
Aque_Aqu2.1.37954_001                                         1.9648724 2.0828622 2.6859111 2.8452947 2.9246403 3.1247528 1.2046139 0.0000000 0.8104098 1.9226091 2.5103257 2.6890785 2.7831045 2.6090573 2.3003076 2.7647141 2.4931745 2.6006972 2.6374249 2.4214135 2.5079327 2.9860602 2.5979923 2.0272930 2.6180793 2.6180683 2.5583608 2.5121145 2.7827049 2.4536282 2.8966060 2.6414434 2.6215564 2.5877755 2.7595512 2.3321753 2.4973221 2.8842073 2.7127795 2.8291728 2.8049382 2.7272693 2.7746590 2.6055970 2.9135050 3.8491225 4.4087439 2.8043155 2.4174271 2.1980438 2.7985046 3.5814241 2.8521477 3.1433724 2.6260500 3.2597195 3.3567941 3.3403562 2.5963972 2.9022987 2.8051967 3.0547335 3.2855651 2.8426618 3.0778249 3.2634588 3.0570416 3.0553072 3.0620880 2.7684974 3.2667188 3.4027999 3.1830751 3.7937509 3.3676569 3.2175874 3.5550417 3.3282927 
Halamb_c49806_g1_i1mm.3233                                    1.9434177 2.1081232 2.5072412 2.6889880 2.7597238 2.7266464 1.1559728 0.8104098 0.0000000 1.9403619 2.4608776 2.4293819 2.4687739 2.3818946 2.2880922 2.3641781 2.4462307 2.5129357 2.4548356 2.1202923 2.2960830 2.8583708 2.3430439 1.9673681 2.4686943 2.5457493 2.4297626 2.2417814 2.5993818 2.1650576 2.4922593 2.3293909 2.4950673 2.3906275 2.3459171 1.8532144 2.1889034 2.7235580 2.5799897 2.7745234 2.7664806 2.5620704 2.6975000 2.6155161 2.9158133 3.4867485 4.1616787 2.5065248 2.3649056 2.2091686 2.4867984 3.0592266 2.7600518 2.9615368 2.4852131 3.4503543 3.0957443 3.0023293 2.1833706 2.6482028 2.8613742 2.7213284 2.5526978 2.4930842 2.7312281 2.7589380 2.6190479 2.6984748 2.7663893 2.7984992 2.7349889 3.2160391 2.8154758 3.2382506 3.2871579 3.2535633 3.2233896 2.7162309 
Tetwil_g16067.t1                                              1.9450203 2.1877692 1.7616482 2.7336115 2.8926992 3.4838915 2.2784207 1.9226091 1.9403619 0.0000000 1.9259908 2.0837942 2.1963786 2.4877748 2.0009784 2.3616074 2.4141988 2.1701504 2.2214675 1.9790292 2.3212196 3.5713212 2.5172028 2.2210163 2.5291922 1.8799948 2.2567845 2.3872782 2.1973436 2.0999815 2.2135271 2.2140491 2.2207283 2.6155215 2.4774895 1.3464099 2.1058584 2.7664474 2.5229769 2.5514686 2.4839519 2.4712745 2.5766831 2.5766831 2.7031549 5.1364345 4.1413135 2.3914588 2.8434144 2.4266317 2.4264807 2.8381769 3.1574441 2.8799950 2.3574560 3.1936592 2.8027027 2.6999456 2.2980257 2.7551997 2.4517890 2.5681314 2.7099955 2.7896759 3.0390220 2.8230589 3.2827368 3.3357336 2.6869395 3.0818815 2.9899988 3.0259576 3.1787716 3.2990651 3.4494426 2.6278377 4.7420461 2.9377190 
Hsap_ENST00000301825                                          2.3998857 2.4500687 1.8375366 2.2543829 2.4993995 2.3622051 2.5660358 2.5103257 2.4608776 1.9259908 0.0000000 1.5761338 1.7611425 1.7017240 1.8839804 1.8221471 1.9054886 2.1981340 1.8919975 1.7828307 1.9540827 2.4987339 1.8275204 1.6052095 1.9442084 2.0207478 2.0696178 2.2514300 1.9307180 1.6985793 2.1861872 2.0553753 2.1541031 2.0858016 2.0978968 1.7439733 2.3907951 2.3821544 2.1371773 2.2904533 2.2749000 2.1572633 2.2061607 2.1426181 2.3237951 2.9250203 3.4531926 2.2381655 2.0244336 1.8304843 2.1824543 2.8702556 2.7060979 2.5413138 2.4279030 2.8431430 2.8715784 2.8897360 2.3212973 2.7457646 2.7532640 2.5695927 2.6948306 2.5225834 2.5431871 2.7883139 2.9995948 2.7656661 2.9047534 2.6794862 2.8108834 2.9802496 2.9957296 3.2925906 3.0935668 2.7235360 3.3156023 2.6085043 
Hsap_ENST00000355097                                          2.5222498 2.5573867 1.9611678 2.2912928 2.5638461 2.6572311 2.7841600 2.6890785 2.4293819 2.0837942 1.5761338 0.0000000 1.6849392 1.3331735 1.7903409 1.8737187 2.0041245 1.8929565 1.9627449 1.7464007 1.9408177 2.4950715 1.9151437 1.6001339 2.0325722 2.0749580 2.0594322 2.2142884 2.2452758 1.8320133 2.1108696 1.9413996 2.0384801 2.2094870 1.9292969 1.9498941 2.8258627 2.4512077 2.3816600 2.4508043 2.4372033 2.3454023 2.4050062 2.3846486 2.3476549 2.6042246 3.2105566 2.1365171 1.9507765 1.9153510 2.1270709 3.1041629 2.7898904 2.7088834 2.4309730 3.3798696 3.0603127 3.2461044 2.3863702 2.5401713 2.4511111 2.3450306 2.3256982 2.4398534 2.6037770 2.8253382 2.8838777 2.8763161 2.7917885 2.4659540 2.4517387 2.6816032 2.5981650 2.9969749 2.7444203 2.4644081 3.5219441 2.8474560 
Hsap_ENST00000371207                                          2.7054134 2.7885824 1.8638070 2.2223527 2.2432481 2.6105703 2.9278049 2.7831045 2.4687739 2.1963786 1.7611425 1.6849392 0.0000000 1.5143923 1.6630688 1.8640987 1.7928174 1.8788678 1.9759760 1.8512098 1.7770931 2.2107382 2.0631361 1.8791144 2.1733995 2.0851970 2.2092205 2.1471170 2.0749931 1.9029940 2.2663624 2.2410175 2.0044792 1.9776884 1.9728820 2.1630316 2.7654701 2.3744582 2.1349526 2.1369750 2.1208712 2.1293697 2.2422915 2.2140670 2.4375037 1.9124867 2.0507895 2.1300140 2.0362155 2.0393897 2.0512167 2.7603084 2.5888250 2.3361888 2.4039744 2.9683146 2.8512023 3.0300866 2.3236299 2.2320712 2.3986922 2.3636588 2.5673881 2.3539206 2.5939184 2.7868666 2.8341411 2.7645101 2.9146534 2.6947963 2.8657974 2.8862822 2.8926509 2.6903830 2.8571325 2.5339857 3.5062083 2.4963312 
Hsap_ENST00000371506                                          2.4670789 2.4486977 2.2405345 2.4634643 2.6178279 2.7780195 2.6103730 2.6090573 2.3818946 2.4877748 1.7017240 1.3331735 1.5143923 0.0000000 1.7715597 1.9338125 1.9879385 2.1480756 1.9261842 1.8604920 1.8133252 2.2546584 1.9862421 1.8931958 2.1673550 2.0335109 2.1377759 2.1798982 2.3770478 2.0517611 2.4709255 2.4161658 2.0395107 2.2955474 2.1177627 2.0033299 2.6449697 2.4799153 2.3907550 2.4370306 2.4261179 2.3058466 2.3300277 2.2905476 2.6174608 3.0186027 3.1848205 2.3546834 2.1898103 2.0979134 2.2893244 2.9753296 3.1475911 3.4201504 2.6798406 3.2838333 3.1566418 3.1858960 2.4896414 2.5534582 2.3629578 2.5872724 2.7497692 2.2625695 2.6123642 2.8544992 2.9084330 2.6695537 2.7569496 2.4461153 2.6386436 2.9566545 2.6968567 2.7226939 3.0859558 2.7324985 3.4309567 2.5645145 
Bralan_BLAG15000026_1                                         2.5137534 2.5612877 1.8145293 2.0179469 1.9789914 2.2876679 2.5415152 2.3003076 2.2880922 2.0009784 1.8839804 1.7903409 1.6630688 1.7715597 0.0000000 1.2711374 1.2983881 1.4645629 1.5771014 1.4560761 1.3878625 2.0077298 1.5711157 1.4882835 1.6296189 1.7730574 1.6143261 1.7779709 1.6859716 1.5079867 2.0485349 1.9123990 1.7406772 1.9036318 1.7625615 1.8445364 2.1650582 1.8144440 1.6617236 1.6763049 1.6637973 1.6766633 1.6690175 1.6187586 2.1516044 2.0518551 2.2298988 1.8001448 1.8329793 1.6804865 1.7393059 2.5495038 2.3051515 2.2004788 2.2554004 3.0613310 2.6205568 2.6774919 2.1418700 2.2008439 2.2203043 2.3547144 2.4886439 2.3158164 2.3990489 2.5736774 2.5954711 2.7433006 2.6688121 2.7301342 2.3569659 2.7178466 2.4743331 2.5399736 2.7921032 2.7226645 2.8801409 2.3734203 
Ctel_gnl_WGS_AMQN_CAPTEDRAFT_mRNA169207                       2.5065169 2.4867474 1.5537582 1.9310803 2.0729296 1.9797783 2.7913315 2.7647141 2.3641781 2.3616074 1.8221471 1.8737187 1.8640987 1.9338125 1.2711374 0.0000000 1.5646701 1.4899188 1.5471630 1.5490533 1.5157363 1.9077570 1.6914640 1.3255536 1.6567879 1.7433393 1.6550204 1.5760569 1.6849548 1.5241336 1.8585843 1.8182374 1.7116325 1.8181310 1.6113176 1.6510342 1.9941618 1.9554235 1.8301282 1.8799286 1.8739466 1.7882487 1.8150098 1.7552994 2.2283720 2.3510978 2.7114185 2.0020771 1.6751748 1.7677543 2.0214519 2.4846100 2.4732671 2.4465550 2.0609403 2.9149796 2.7405460 2.6690957 2.1262806 2.2702196 2.3624529 2.4402379 2.3308365 2.4317080 2.3494733 2.9091274 2.7552655 2.9477752 2.6780670 2.8108219 2.6206040 2.7349546 2.6276446 2.9285349 2.8558359 2.5325059 2.8772342 2.2015986 
Skow_XM_006815498.1                                           2.6201617 2.5267241 1.7834933 2.1681680 2.3657262 2.3080042 2.5300503 2.4931745 2.4462307 2.4141988 1.9054886 2.0041245 1.7928174 1.9879385 1.2983881 1.5646701 0.0000000 1.7306340 1.6740924 1.5469594 1.4996041 2.0947403 1.9174687 1.8421678 1.8048245 1.6462692 1.7795739 1.8616922 2.0585921 1.8410125 2.1134798 2.1594052 1.9764870 1.6313042 2.0565749 2.1345638 2.5315741 2.0637449 1.9165922 1.9783127 1.9631193 1.8949882 1.8296275 1.8052307 2.2811935 2.4475731 2.7113508 1.9245675 2.0118119 1.9408900 1.8231650 2.8045218 2.4605459 2.3688063 2.1928055 3.1518460 3.0219572 2.6495026 1.9913655 2.3263062 2.3010530 2.1575666 2.7031952 2.1276920 2.4481703 2.6528694 2.7899032 2.5639438 2.6406310 2.5269121 2.5220175 2.5650335 2.7230613 2.6309458 2.7530519 2.6396659 2.9111249 2.3890163 
Acagra_model.g18009.t1                                        2.5484633 2.3457256 1.7604234 2.2341008 2.1021468 2.5375465 2.8317294 2.6006972 2.5129357 2.1701504 2.1981340 1.8929565 1.8788678 2.1480756 1.4645629 1.4899188 1.7306340 0.0000000 1.7307451 1.6076231 1.6819154 2.1651464 1.9475986 1.7509078 1.8848768 1.8964468 1.8731252 1.5838001 1.7772470 1.6115652 2.2141943 2.1705361 2.1225377 1.9519815 2.1962933 1.8635655 2.5683715 2.1479578 1.9821202 1.9725237 1.9595417 1.9054239 1.9167324 1.9313627 2.4659879 2.3405439 2.6522738 1.9367827 2.1598436 1.9408719 1.8961659 2.7378378 2.4670795 2.4488640 2.3152510 3.1924436 2.7270275 2.7650928 2.0276347 2.4342407 2.4474159 2.4689962 2.6047700 2.6056989 2.6968652 2.5907685 2.7272911 2.7567379 2.8212606 2.7226724 2.7027092 2.7765997 2.7220834 2.7688480 2.8561371 2.5732069 3.0013290 2.6222572 
Spis_XP_022791973_1                                           2.5558807 2.4632144 1.6401491 1.9664894 2.1369333 2.0383983 2.9819461 2.6374249 2.4548356 2.2214675 1.8919975 1.9627449 1.9759760 1.9261842 1.5771014 1.5471630 1.6740924 1.7307451 0.0000000 0.1905076 0.4145594 0.7144758 0.9140011 0.6108580 0.6906177 1.1872342 1.0794248 1.9781386 1.8958579 1.6112332 2.0339701 1.9435254 2.0303821 1.8152347 1.6451030 1.5726323 2.1956256 2.3176434 2.2181867 2.1620777 2.1467616 2.1263686 2.0760847 2.0286271 2.0368608 1.9360750 2.2689495 1.8090261 2.0561291 1.8952522 2.0141470 2.5322222 2.4516128 2.2102930 2.0716140 2.8662942 2.6536218 2.6774282 2.1429206 2.3099208 2.4876627 2.2830930 2.6596181 2.3129777 2.3923142 2.6332164 2.6748037 2.4009652 2.7450790 2.5320736 2.4749582 2.5992789 2.7891218 2.7582493 2.7643936 2.3660382 3.1218550 2.1357906 
Pocdam_XM_027187403.1                                         2.3855308 2.3743523 1.5425296 1.8375775 1.9767271 1.8568851 2.6486701 2.4214135 2.1202923 1.9790292 1.7828307 1.7464007 1.8512098 1.8604920 1.4560761 1.5490533 1.5469594 1.6076231 0.1905076 0.0000000 0.3877025 0.6392722 0.7928964 0.5620799 0.6252947 1.0356539 0.9811598 1.8667746 1.7500768 1.4904625 1.8386853 1.7316783 1.8495476 1.7413749 1.7771915 1.5670464 2.1222633 2.1468668 2.0011326 1.9805343 1.9663439 1.9228227 1.8796129 1.8441317 1.8746868 1.9250462 2.4246732 1.7434441 1.9344527 1.7700395 1.8546551 2.5500436 2.2797443 2.1069459 2.0177923 2.6939686 2.4883291 2.5246961 1.9082384 2.1687610 2.2856658 2.2557388 2.4433106 2.1804847 2.3349595 2.4150808 2.4840428 2.2777856 2.6833004 2.3592876 2.3868412 2.4126225 2.5321323 2.5348138 2.6001378 2.3667853 2.8228204 2.0691478 
Fspp_ffun1.m4.14175.m1                                        2.5595492 2.4783769 1.5041761 1.7371008 1.8571090 1.8541550 2.4496460 2.5079327 2.2960830 2.3212196 1.9540827 1.9408177 1.7770931 1.8133252 1.3878625 1.5157363 1.4996041 1.6819154 0.4145594 0.3877025 0.0000000 0.3492181 0.8227960 0.5602051 0.6394220 1.2108814 1.0099792 1.8824101 1.7675356 1.5073103 1.9831936 1.8655391 1.7370577 1.7717947 1.5846640 1.6085450 1.7917681 2.3197960 2.2144580 2.1679136 2.1760924 2.1257912 2.0946084 2.0906344 1.8363700 1.9269453 2.4269277 1.7396000 1.6220933 1.6220933 2.0419533 2.5637484 2.1855461 2.1171172 1.6859787 2.6027922 2.5339515 2.6121991 2.0791086 2.1670131 2.3593911 2.2291775 2.4753047 2.3171190 2.4240629 2.7848861 2.8265806 2.5298118 2.6631583 2.4747939 2.4157478 2.4319365 2.5387995 2.5874737 2.9251160 2.3506829 2.8647296 2.2549352 
Gasp_gasp1.m3.6217.m1                                         3.0037244 3.0225294 1.5151605 2.1869476 2.2163713 2.4634764 2.9839724 2.9860602 2.8583708 3.5713212 2.4987339 2.4950715 2.2107382 2.2546584 2.0077298 1.9077570 2.0947403 2.1651464 0.7144758 0.6392722 0.3492181 0.0000000 1.0860860 1.2114523 0.9422266 1.3164831 1.3730148 2.4797968 2.3270157 1.9308864 2.4513756 2.3559629 2.3000176 2.2505441 2.8255900 2.0285134 2.2907729 3.0816318 2.7237784 2.7689766 2.7480104 2.6746839 2.7048451 2.7523237 2.5488249 2.0372099 2.4205594 2.3963519 2.5582275 2.5584006 2.3548467 2.8681143 2.6986856 2.4234525 2.1849567 3.2746720 3.0002593 3.1972853 2.4686626 2.5550757 2.7250073 2.6053654 3.1024446 2.5311863 2.7041024 3.0232907 3.0625997 3.0272358 3.1301512 2.9791584 2.7963478 2.8857421 3.0751371 3.1863103 3.1532242 2.9017911 3.2768014 2.3373835 
Amil_Amillepora04344-RA                                       2.6730317 2.5168536 1.7744922 1.9142754 2.0536286 2.2062411 2.7977841 2.5979923 2.3430439 2.5172028 1.8275204 1.9151437 2.0631361 1.9862421 1.5711157 1.6914640 1.9174687 1.9475986 0.9140011 0.7928964 0.8227960 1.0860860 0.0000000 0.0889777 0.7409139 1.3565149 1.3306219 2.2196529 2.0644097 1.8328362 1.9652397 1.9551430 2.0948229 1.8662060 2.1025778 1.8263929 1.8605817 2.2355850 2.2269552 2.2521800 2.2625677 2.3823333 2.3132975 2.3559420 2.2501744 2.1596246 2.9580809 1.9897945 2.4321601 2.1258175 2.3043740 2.6299207 2.5800365 2.4258275 2.0953471 2.5374560 2.6865185 2.7989577 2.3588200 2.3793164 2.4366293 2.3115225 2.5840823 2.5011145 2.5270440 2.6412626 2.7085763 2.4824347 2.7897415 2.6937909 2.4129508 2.8309492 2.9011559 2.8062735 2.7778691 2.6154054 2.8184519 2.1300100 
Adig_XM_015923779.1                                           1.9210629 1.9132433 1.3456125 1.5740720 1.7386935 1.8839881 2.1980620 2.0272930 1.9673681 2.2210163 1.6052095 1.6001339 1.8791144 1.8931958 1.4882835 1.3255536 1.8421678 1.7509078 0.6108580 0.5620799 0.5602051 1.2114523 0.0889777 0.0000000 0.6358408 1.0206515 1.1321658 1.7969079 1.7051999 1.5364195 1.6650270 1.6825049 1.7683611 1.5936650 1.9080376 1.5627813 2.2018511 1.9635172 1.9369991 2.0066865 1.9660835 1.9584685 2.0328627 2.0329259 2.1690927 2.1593280 0.0000010 1.7722398 2.0569578 1.8656366 1.8767793 2.1714443 2.5589445 2.3025603 2.0294170 2.2866744 2.3765486 2.8945369 2.1083211 1.9576552 1.8383846 2.1238534 2.2849873 2.0283138 1.9873829 2.2628116 2.4222399 2.1888807 2.3272329 1.9735731 2.2559845 2.4210072 2.4801492 2.5100018 2.2725209 2.2108933 1.1871096 1.7015051 
Gfas_gfas1.m1.6718.m1                                         2.8157623 2.7207786 1.7922100 2.0323687 2.1743995 2.1475712 2.5609525 2.6180793 2.4686943 2.5291922 1.9442084 2.0325722 2.1733995 2.1673550 1.6296189 1.6567879 1.8048245 1.8848768 0.6906177 0.6252947 0.6394220 0.9422266 0.7409139 0.6358408 0.0000000 1.2490355 1.2475693 2.2082836 2.1279261 1.8960270 2.2493522 2.1467023 2.0236384 1.9876875 2.2643024 2.1030436 2.4257080 2.5235975 2.2677639 2.3002090 2.2834063 2.2097502 2.1584233 2.2081391 1.9630641 2.0059970 2.4212166 1.9524809 2.2351401 1.9500716 1.9807627 2.9120450 2.3296161 2.2848116 2.1672826 2.7923659 2.8457532 2.8822129 2.0844521 2.3712515 2.4466355 2.3802359 2.6301925 2.6675929 2.6571056 2.7623891 2.8436549 2.6593662 2.7845429 2.6167262 2.8026706 2.5971213 2.7606791 2.8952704 3.1052484 2.7643009 2.8340554 2.2335525 
Exapal_XM_021049308.2                                         2.7494706 2.6856243 2.0178074 2.0887196 2.3996858 2.3868758 2.7794766 2.6180683 2.5457493 1.8799948 2.0207478 2.0749580 2.0851970 2.0335109 1.7730574 1.7433393 1.6462692 1.8964468 1.1872342 1.0356539 1.2108814 1.3164831 1.3565149 1.0206515 1.2490355 0.0000000 0.7522904 2.1842230 1.9662689 1.7738651 1.9740165 1.9016848 1.8091356 1.9322570 2.0592581 1.8791818 2.0599224 2.3504108 2.1001477 2.1688948 2.1842947 2.1319319 2.0283845 1.9342525 1.9781324 2.4469885 3.1888426 1.9519821 1.3932174 1.3932174 2.3351040 2.8567432 2.3965964 2.5180899 1.9784868 2.4935173 2.9606521 2.9583032 2.2707689 2.3400288 2.5761498 2.4753782 2.6899239 2.4384413 2.8093374 2.8440665 2.8444470 2.5990345 3.1244813 2.7844169 2.9998352 2.7978373 2.7453808 2.9485508 3.0261070 2.6160257 3.1153991 2.1941006 
Nvec_NVE19169                                                 2.5843183 2.3947463 1.9755039 2.0804189 2.1543030 2.2299759 2.6873166 2.5583608 2.4297626 2.2567845 2.0696178 2.0594322 2.2092205 2.1377759 1.6143261 1.6550204 1.7795739 1.8731252 1.0794248 0.9811598 1.0099792 1.3730148 1.3306219 1.1321658 1.2475693 0.7522904 0.0000000 2.2145094 2.0085063 1.6949004 1.8638021 1.8154105 1.8366625 1.8616361 2.2177678 1.6306474 2.1125957 2.2696765 1.9869526 2.0930723 2.0843287 2.0560969 2.0217486 1.9503934 2.1751856 2.2540080 2.6003111 1.8295576 1.9706168 1.8688145 2.2882786 2.7107959 2.5316071 2.4219250 2.1335368 2.8068492 2.7785056 2.8682971 2.1394704 2.2765243 2.5043016 2.6108895 2.6731285 2.3825024 2.5668372 2.7118819 2.8431446 2.7769237 2.8410512 2.6603797 2.7246049 2.5223064 2.8469787 2.7651482 2.9794134 2.5721348 2.8228685 2.1935900 
Cgig_XM_034473185.1                                           2.6290483 2.6689678 1.8217263 2.1397689 2.1866218 2.4662846 2.7208996 2.5121145 2.2417814 2.3872782 2.2514300 2.2142884 2.1471170 2.1798982 1.7779709 1.5760569 1.8616922 1.5838001 1.9781386 1.8667746 1.8824101 2.4797968 2.2196529 1.7969079 2.2082836 2.1842230 2.2145094 0.0000000 2.2969129 2.0315890 2.3832657 2.3606228 2.1952691 2.1327617 2.1016834 2.0246248 2.4859315 2.2782595 2.0984346 2.1451871 2.1158274 2.0144526 2.1293297 2.0345750 2.5450829 2.5480398 2.7555707 2.0278119 2.0970395 1.8825775 2.0324970 2.7136746 2.5618716 2.3744644 2.2083884 2.7350645 2.6950264 2.6955208 2.3696301 2.4656618 2.3853167 2.3188885 2.6446342 2.4996891 2.6181082 2.6124250 2.5751285 2.6043105 2.5007415 2.5490006 2.7897885 2.6229323 2.8175540 2.5647381 2.6503676 2.4469022 2.7830046 2.7197947 
Opea_EP00118_Oscarella_pearsei_P025019                        3.2021633 2.9683037 1.8239993 2.3016671 2.1264514 2.1301057 3.2913939 2.7827049 2.5993818 2.1973436 1.9307180 2.2452758 2.0749931 2.3770478 1.6859716 1.6849548 2.0585921 1.7772470 1.8958579 1.7500768 1.7675356 2.3270157 2.0644097 1.7051999 2.1279261 1.9662689 2.0085063 2.2969129 0.0000000 0.0305493 1.6781927 1.5792168 1.6306284 2.2449107 2.6186199 2.0380088 2.8166743 2.4543320 2.3089767 2.2996781 2.2814406 2.1710440 2.1966985 2.0939746 2.4749881 2.3275230 2.4644153 2.1902141 2.5290963 2.2684414 2.3576606 2.7230251 2.9766714 2.7127430 2.3957320 3.5625510 2.6579353 3.0122330 2.0798056 2.4815473 2.5984679 2.7038437 2.7773680 2.7239173 2.8270878 3.1432484 3.3764271 2.8600257 2.6657796 3.0639902 2.5543956 3.0531460 3.2295222 3.2371078 3.0858754 3.0449895 3.6064343 2.7701899 
Ocar_g6068                                                    2.9910192 2.7101545 1.7315181 1.8833531 1.9440738 1.9670971 2.8629230 2.4536282 2.1650576 2.0999815 1.6985793 1.8320133 1.9029940 2.0517611 1.5079867 1.5241336 1.8410125 1.6115652 1.6112332 1.4904625 1.5073103 1.9308864 1.8328362 1.5364195 1.8960270 1.7738651 1.6949004 2.0315890 0.0305493 0.0000000 1.4456131 1.4748896 1.4205846 2.1191665 2.3887974 2.0930516 2.8212846 2.2760774 2.0795974 2.0832023 2.0604745 1.9916176 1.9962688 1.9773946 2.2384877 2.6095276 2.5423046 1.8840636 2.1684893 2.0786956 2.1973604 2.2971846 2.6488747 2.4418490 2.2160899 3.0845448 2.3861622 2.6866064 1.9697359 2.1657678 2.3999792 2.5117992 2.6766023 2.7200403 2.4941365 2.7416366 2.8931036 2.6335396 2.4290597 2.6438973 2.2571566 2.9070497 2.9412705 3.1106187 2.8379238 2.7116708 3.1183109 2.2744238 
Opea_EP00118_Oscarella_pearsei_P025274                        2.5967148 2.5694009 1.9544218 2.0899555 2.1848937 2.2403001 3.0013047 2.8966060 2.4922593 2.2135271 2.1861872 2.1108696 2.2663624 2.4709255 2.0485349 1.8585843 2.1134798 2.2141943 2.0339701 1.8386853 1.9831936 2.4513756 1.9652397 1.6650270 2.2493522 1.9740165 1.8638021 2.3832657 1.6781927 1.4456131 0.0000000 0.0196364 2.0306033 2.5246652 2.3137201 2.0671035 2.3856259 2.6928618 2.4836433 2.4161471 2.3962866 2.3967789 2.4921313 2.3926839 2.4807161 2.9732555 3.1545377 2.3045524 2.4242118 2.2616681 2.6987027 2.4645465 2.6625823 2.5506306 2.1370250 3.4141779 3.0014952 2.7712643 2.4212402 2.7313082 2.7459607 3.1508012 2.9294066 2.5859943 2.5719990 3.0231772 3.1172278 2.5843162 3.4117659 3.1369010 2.8082193 3.2009579 3.3108676 3.1960201 3.3077279 2.8155906 3.3952764 2.7339721 
Ocar_g9203                                                    2.5715185 2.5002182 1.9544218 1.9460936 2.1501991 2.1600956 2.9071090 2.6414434 2.3293909 2.2140491 2.0553753 1.9413996 2.2410175 2.4161658 1.9123990 1.8182374 2.1594052 2.1705361 1.9435254 1.7316783 1.8655391 2.3559629 1.9551430 1.6825049 2.1467023 1.9016848 1.8154105 2.3606228 1.5792168 1.4748896 0.0196364 0.0000000 2.0050146 2.5067841 2.3411523 2.0562600 2.4238229 2.6227945 2.4012607 2.3211888 2.3000847 2.3421377 2.3984887 2.2859816 2.4748890 3.2050243 3.6562677 2.2697943 2.5491550 2.2386528 2.6808558 2.3110390 2.5841652 2.3999202 2.1597088 3.4204703 2.8802175 2.7165333 2.4801602 2.5311905 2.6865268 3.1416307 2.7881345 2.5729889 2.5328583 2.7758288 2.9499842 2.5426097 3.3095833 3.0687663 2.6577218 3.1063615 3.1839378 3.0047967 3.2277788 2.7635814 3.3005538 2.4465910 
Plajan_Pjan_C565992_01                                        2.4972420 2.3838222 1.9043717 2.2899347 2.2625669 2.2755739 2.6932117 2.6215564 2.4950673 2.2207283 2.1541031 2.0384801 2.0044792 2.0395107 1.7406772 1.7116325 1.9764870 2.1225377 2.0303821 1.8495476 1.7370577 2.3000176 2.0948229 1.7683611 2.0236384 1.8091356 1.8366625 2.1952691 1.6306284 1.4205846 2.0306033 2.0050146 0.0000000 2.0003396 2.0447765 1.8723204 2.4577189 2.6618574 2.4395576 2.5133464 2.5064924 2.4162593 2.4700763 2.2705781 2.2408365 2.5342894 3.0911593 2.1143020 2.0329771 1.8038867 2.4239182 2.9083973 2.7786462 2.8326108 2.1206121 3.1942778 2.9218754 3.0512445 2.3157598 2.6195563 2.4870109 2.5780408 2.5789934 2.3667537 2.7607444 3.0822296 3.0608116 2.8530753 2.7150735 3.1486883 2.5689455 3.1039207 3.1590708 2.8986322 3.1457731 2.9019799 3.8594052 2.6340245 
Dgig_XM_028535389.1                                           2.5492716 2.5620089 1.9970246 2.4000414 2.3041279 2.5931319 2.6520709 2.5877755 2.3906275 2.6155215 2.0858016 2.2094870 1.9776884 2.2955474 1.9036318 1.8181310 1.6313042 1.9519815 1.8152347 1.7413749 1.7717947 2.2505441 1.8662060 1.5936650 1.9876875 1.9322570 1.8616361 2.1327617 2.2449107 2.1191665 2.5246652 2.5067841 2.0003396 0.0000000 1.0421256 1.8741105 2.5611555 2.1567551 2.1013886 2.2381173 2.2223358 2.2320199 2.1210070 2.0772452 2.3235736 2.2193935 2.9449487 1.9089999 1.6306427 1.6396328 2.1702241 2.6833811 2.4151690 2.4994577 2.2105623 3.0090326 2.9219112 2.8311663 2.2247537 2.4748031 2.3751136 2.3390758 2.8968789 2.4540053 2.7370274 2.8717383 2.8182470 3.0533133 2.8538224 2.6282594 2.8575346 2.9000531 2.9144084 2.6848793 3.0199366 2.6274215 3.4939506 2.6798169 
Xesp_013207-T1                                                2.1678075 2.1856902 1.7445233 2.3476478 2.2259919 2.6372463 2.5249510 2.7595512 2.3459171 2.4774895 2.0978968 1.9292969 1.9728820 2.1177627 1.7625615 1.6113176 2.0565749 2.1962933 1.6451030 1.7771915 1.5846640 2.8255900 2.1025778 1.9080376 2.2643024 2.0592581 2.2177678 2.1016834 2.6186199 2.3887974 2.3137201 2.3411523 2.0447765 1.0421256 0.0000000 1.9754951 2.7660869 2.2966445 2.2361221 2.2952046 2.2331055 2.2695175 2.4672314 2.3758800 2.8789192 2.5023394 2.0914039 2.3738829 2.2196264 2.2608281 2.1885527 2.7025516 3.3671229 3.0548571 3.0362586 3.1953437 3.2246231 3.8324527 2.1455605 2.3472540 2.2069009 2.5080768 2.5194200 2.5686890 2.6060167 2.9547381 2.9918853 2.7871625 2.7567385 2.4942964 2.5325472 3.0998567 3.1763108 2.9484203 2.6147084 2.7516338 3.9554477 2.7094588 
Stycar_maker-SC_scaffold54664-snap-gene-0.6-mRNA-1            1.8187588 1.8562675 1.8781451 2.1123272 2.0705077 2.2396110 2.0358126 2.3321753 1.8532144 1.3464099 1.7439733 1.9498941 2.1630316 2.0033299 1.8445364 1.6510342 2.1345638 1.8635655 1.5726323 1.5670464 1.6085450 2.0285134 1.8263929 1.5627813 2.1030436 1.8791818 1.6306474 2.0246248 2.0380088 2.0930516 2.0671035 2.0562600 1.8723204 1.8741105 1.9754951 0.0000000 0.3281498 2.1834967 2.0995295 2.2962695 2.2803892 2.2194540 2.1316913 2.1351891 2.3917444 3.0164225 4.3217077 2.0032413 1.7686347 1.7552801 2.3896231 2.8496660 2.7220277 2.6753518 2.3447897 2.7376035 2.1236677 2.4996682 2.1781694 2.2932462 2.5810532 2.1136304 2.6327142 2.4487515 2.2350665 2.6469389 2.4810186 2.2252253 2.3877066 2.3305390 2.1970811 2.6329906 2.5863927 2.7912951 2.7747808 2.4767086 3.1412938 2.2812121 
Stycar_snap_masked-SC_scaffold4118-processed-gene-0.35-mRNA-1 2.3848136 2.3351010 1.3449714 2.4220782 2.5211199 2.6326149 2.3723540 2.4973221 2.1889034 2.1058584 2.3907951 2.8258627 2.7654701 2.6449697 2.1650582 1.9941618 2.5315741 2.5683715 2.1956256 2.1222633 1.7917681 2.2907729 1.8605817 2.2018511 2.4257080 2.0599224 2.1125957 2.4859315 2.8166743 2.8212846 2.3856259 2.4238229 2.4577189 2.5611555 2.7660869 0.3281498 0.0000000 2.4783146 2.3549610 2.7310645 2.7124036 2.5384391 2.5296808 2.5296808 3.1419456 1.5129604 0.0000010 2.6370145 2.4916106 2.4819863 2.9359257 3.0038291 3.2627089 2.9803763 2.6176408 2.9561313 2.7867962 3.0805209 2.8414699 2.7821979 2.6333589 2.8313968 3.1031291 2.8802149 2.8844959 3.0429718 2.9619526 2.7548662 2.9524401 3.1307071 2.6539783 3.0983241 3.4162371 3.7226607 3.6454058 2.9404778 2.4649135 1.9670704 
HoiH23_PlH23_007941-RA                                        2.6432892 2.6919671 2.2042798 2.5192115 2.2861930 2.5296065 2.9775134 2.8842073 2.7235580 2.7664474 2.3821544 2.4512077 2.3744582 2.4799153 1.8144440 1.9554235 2.0637449 2.1479578 2.3176434 2.1468668 2.3197960 3.0816318 2.2355850 1.9635172 2.5235975 2.3504108 2.2696765 2.2782595 2.4543320 2.2760774 2.6928618 2.6227945 2.6618574 2.1567551 2.2966445 2.1834967 2.4783146 0.0000000 0.1279746 0.2054058 0.1986155 0.3225788 0.3816304 0.3826161 2.6905958 4.1460650 4.5516164 2.2580948 2.1726611 1.9657518 2.4200345 2.9259903 2.7163585 2.6094179 2.2439139 3.1565439 3.0488083 3.1605546 2.4203871 2.6939409 2.8512646 2.8676406 3.1768803 2.7955584 2.9736547 2.9859206 3.0517616 3.0392994 2.8875699 2.8105513 3.1240649 3.5402571 3.3735279 3.2494051 3.4050981 3.3701630 4.0557118 3.1402198 
HoiH06_mRNA9947                                               2.5048478 2.5539961 1.9412295 2.2940665 2.1508454 2.3517951 2.8307316 2.7127795 2.5799897 2.5229769 2.1371773 2.3816600 2.1349526 2.3907550 1.6617236 1.8301282 1.9165922 1.9821202 2.2181867 2.0011326 2.2144580 2.7237784 2.2269552 1.9369991 2.2677639 2.1001477 1.9869526 2.0984346 2.3089767 2.0795974 2.4836433 2.4012607 2.4395576 2.1013886 2.2361221 2.0995295 2.3549610 0.1279746 0.0000000 0.1968386 0.1906789 0.2560788 0.3408546 0.3389713 2.5401077 3.2622623 3.3962985 2.0814194 2.0469978 1.9443996 2.2330701 2.7587584 2.5230212 2.3604322 2.1575866 2.8997884 2.8080741 3.0290682 2.3261272 2.6132341 2.7187715 2.7886669 2.9597140 2.6649646 2.7742318 2.8787529 2.8267294 2.8252011 2.6484625 2.6168693 2.9931464 3.3152871 3.1911954 2.9910481 3.1697016 3.1310312 3.6626855 2.8697726 
Hhon_g03336.t1                                                2.6074584 2.5995379 2.0834429 2.4209419 2.2481823 2.4254681 2.9950788 2.8291728 2.7745234 2.5514686 2.2904533 2.4508043 2.1369750 2.4370306 1.6763049 1.8799286 1.9783127 1.9725237 2.1620777 1.9805343 2.1679136 2.7689766 2.2521800 2.0066865 2.3002090 2.1688948 2.0930723 2.1451871 2.2996781 2.0832023 2.4161471 2.3211888 2.5133464 2.2381173 2.2952046 2.2962695 2.7310645 0.2054058 0.1968386 0.0000000 0.0037661 0.2736861 0.3435933 0.3386617 2.6935095 3.2709125 3.4027014 2.1504690 2.2795942 2.0401181 2.3766541 2.8593290 2.6183403 2.4465203 2.2536204 3.0193177 2.9266046 2.9731627 2.2797105 2.7161754 2.8937829 2.9040967 3.1003708 2.7360546 3.0184567 2.8893034 2.8730072 2.7981292 2.6679672 2.6469012 3.0511747 3.3437352 3.2177910 3.0132517 3.1662054 3.2879679 3.5550528 2.8892347 
HoiH04_mRNA394                                                2.5952092 2.5841737 2.0942339 2.4009883 2.2308268 2.4057251 2.9687905 2.8049382 2.7664806 2.4839519 2.2749000 2.4372033 2.1208712 2.4261179 1.6637973 1.8739466 1.9631193 1.9595417 2.1467616 1.9663439 2.1760924 2.7480104 2.2625677 1.9660835 2.2834063 2.1842947 2.0843287 2.1158274 2.2814406 2.0604745 2.3962866 2.3000847 2.5064924 2.2223358 2.2331055 2.2803892 2.7124036 0.1986155 0.1906789 0.0037661 0.0000000 0.2729514 0.3391086 0.3338113 2.6722374 3.3015362 3.4446426 2.1355180 2.2346032 1.9986747 2.3586737 2.8475697 2.6176949 2.4459164 2.2443339 3.0149550 2.9165568 2.9687859 2.2675142 2.6929099 2.8421052 2.8806478 3.0916161 2.7126440 2.9945670 2.8658091 2.8492328 2.7739850 2.6452445 2.6345558 3.0249028 3.3151451 3.1905728 2.9995192 3.1202165 3.2790439 3.5823362 2.9078765 
HoiH11_mRNA8840                                               2.6011480 2.5584268 1.8934713 2.2081973 2.2070254 2.3092173 2.8214723 2.7272693 2.5620704 2.4712745 2.1572633 2.3454023 2.1293697 2.3058466 1.6766633 1.7882487 1.8949882 1.9054239 2.1263686 1.9228227 2.1257912 2.6746839 2.3823333 1.9584685 2.2097502 2.1319319 2.0560969 2.0144526 2.1710440 1.9916176 2.3967789 2.3421377 2.4162593 2.2320199 2.2695175 2.2194540 2.5384391 0.3225788 0.2560788 0.2736861 0.2729514 0.0000000 0.3398149 0.3391390 2.5639326 3.1001345 3.1568746 2.0278981 2.1807301 1.9915889 2.2310873 2.6376017 2.5480753 2.3520346 2.2917078 2.9574092 2.7766556 2.8421966 2.2114702 2.6576215 2.8691463 2.6975022 2.9461229 2.6213090 2.8551099 2.7540951 2.7838154 2.8408832 2.6546994 2.5516091 3.0391551 3.2205997 3.1418814 2.9360028 3.1698053 3.0905499 3.3785307 2.6607637 
TrH2_TrispH2_007625-RA                                        2.7545471 2.7377869 1.9596021 2.2839409 2.2888016 2.3750154 2.8567897 2.7746590 2.6975000 2.5766831 2.2061607 2.4050062 2.2422915 2.3300277 1.6690175 1.8150098 1.8296275 1.9167324 2.0760847 1.8796129 2.0946084 2.7048451 2.3132975 2.0328627 2.1584233 2.0283845 2.0217486 2.1293297 2.1966985 1.9962688 2.4921313 2.3984887 2.4700763 2.1210070 2.4672314 2.1316913 2.5296808 0.3816304 0.3408546 0.3435933 0.3391086 0.3398149 0.0000000 0.0061616 2.5468856 3.2231457 3.4027305 2.0471172 2.1378595 1.7923488 2.2230666 2.7846663 2.6177120 2.4125199 2.2482839 2.9368317 2.7775982 2.9071449 2.2450019 2.6955571 2.9461557 2.7629655 2.9581428 2.6558962 2.7646072 2.7244367 2.7766485 2.8658186 2.8902945 2.6743599 3.0389358 3.1836142 3.1392672 2.9901260 3.3329403 3.2709840 3.4698240 2.7966387 
Tadh_wf_g10843.t1                                             2.6470985 2.6606612 1.8266088 2.1252496 2.1663216 2.2237122 2.6800753 2.6055970 2.6155161 2.5766831 2.1426181 2.3846486 2.2140670 2.2905476 1.6187586 1.7552994 1.8052307 1.9313627 2.0286271 1.8441317 2.0906344 2.7523237 2.3559420 2.0329259 2.2081391 1.9342525 1.9503934 2.0345750 2.0939746 1.9773946 2.3926839 2.2859816 2.2705781 2.0772452 2.3758800 2.1351891 2.5296808 0.3826161 0.3389713 0.3386617 0.3338113 0.3391390 0.0061616 0.0000000 2.4227831 3.1696759 3.2042951 1.9432451 2.1471724 1.7923488 2.2792029 2.7282653 2.5227270 2.3485494 2.2517828 2.7165529 2.5937256 2.6977125 2.2232238 2.7049152 2.8403876 2.7406125 2.9500886 2.5975225 2.7378498 2.6859525 2.7384309 2.7694203 2.8581915 2.6334706 2.8879604 3.0501662 2.9996380 2.9117743 3.2714971 3.1653843 3.2103022 2.6606126 
Morvir_scaffold4.g124.t1                                      3.1057609 3.1682129 2.3169711 2.6542621 2.4531544 2.5692517 3.1076369 2.9135050 2.9158133 2.7031549 2.3237951 2.3476549 2.4375037 2.6174608 2.1516044 2.2283720 2.2811935 2.4659879 2.0368608 1.8746868 1.8363700 2.5488249 2.2501744 2.1690927 1.9630641 1.9781324 2.1751856 2.5450829 2.4749881 2.2384877 2.4807161 2.4748890 2.2408365 2.3235736 2.8789192 2.3917444 3.1419456 2.6905958 2.5401077 2.6935095 2.6722374 2.5639326 2.5468856 2.4227831 0.0000000 1.8090554 2.2016394 1.3795129 1.6425442 1.4343562 2.3885610 2.9260270 2.4846919 2.4698725 2.2650428 2.8675180 3.0948348 3.1517904 2.5038684 2.6351572 2.7108773 2.7899501 3.1289491 2.5265280 2.8935274 3.0449760 3.1916806 2.9423293 3.0866700 2.8164890 2.9130615 2.7804773 2.9603053 3.1854259 3.0304462 2.9548210 2.9503664 1.7746380 
Sanmal_Sma_004403-T1                                          4.0515700 4.5380826 2.9983199 3.2269292 2.4802189 3.0872272 3.5728514 3.8491225 3.4867485 5.1364345 2.9250203 2.6042246 1.9124867 3.0186027 2.0518551 2.3510978 2.4475731 2.3405439 1.9360750 1.9250462 1.9269453 2.0372099 2.1596246 2.1593280 2.0059970 2.4469885 2.2540080 2.5480398 2.3275230 2.6095276 2.9732555 3.2050243 2.5342894 2.2193935 2.5023394 3.0164225 1.5129604 4.1460650 3.2622623 3.2709125 3.3015362 3.1001345 3.2231457 3.1696759 1.8090554 0.0000000 0.0151429 1.0753005 1.1032758 1.2814146 2.6721805 2.9557826 2.5946252 2.6064137 2.2713350 3.0171636 2.7139927 3.1187735 2.6561482 2.7029575 2.9178324 2.9915621 3.2371717 2.6223094 2.5948024 3.2719798 3.4208591 3.0180627 3.1991908 3.2019025 3.3224978 2.8164048 2.5679707 2.9926147 2.7545382 3.2543587 3.3610364 1.8245767 
Sanmal_Sma_024444-T1                                          4.6867487 5.0153056 2.8638526 3.2135846 2.7022156 3.2530603 4.1509587 4.4087439 4.1616787 4.1413135 3.4531926 3.2105566 2.0507895 3.1848205 2.2298988 2.7114185 2.7113508 2.6522738 2.2689495 2.4246732 2.4269277 2.4205594 2.9580809 0.0000010 2.4212166 3.1888426 2.6003111 2.7555707 2.4644153 2.5423046 3.1545377 3.6562677 3.0911593 2.9449487 2.0914039 4.3217077 0.0000010 4.5516164 3.3962985 3.4027014 3.4446426 3.1568746 3.4027305 3.2042951 2.2016394 0.0151429 0.0000000 1.1001457 0.0000010 0.0000010 2.8224186 3.4495815 3.3114256 2.8471219 2.3635406 3.5908882 3.4841223 3.6936901 2.8614256 3.4275774 3.6047857 3.5392567 3.9736989 3.5785111 3.2739972 4.4507788 3.8671604 3.8607975 3.5029365 3.8516833 3.8892958 3.8950063 3.1924178 3.4259464 3.6138570 4.2227815 3.9714268 2.1971801 
