116
Emue_Em0019g1049a.t1                                   0.0000000 0.1584717 0.9951446 0.7281518 0.8685886 0.8606334 0.7686768 0.8504822 0.8922582 1.2844573 0.9921576 1.2879236 1.1591330 0.9144617 0.9734191 1.0910443 1.0779640 1.1062964 1.3895577 0.8151300 0.9944579 1.0019540 0.9447243 0.9707500 0.9920618 1.0103929 0.9839618 1.0340436 0.9975950 1.1545467 1.1798343 1.0338148 1.0211797 1.1251301 0.9976790 1.2690761 1.4612149 1.5288734 1.3733369 1.4119273 1.6711651 1.6596538 1.6086919 1.3991107 1.4611743 1.8737176 1.3804529 1.1262829 1.3651619 1.4207262 1.1175918 1.5278884 1.3972976 1.4909404 1.6325747 1.3437025 1.0716379 1.1924706 1.3741623 0.8800354 1.0997505 1.1598631 1.1602357 1.0452954 0.9951598 0.8489755 1.2785831 1.0664032 1.0275340 1.1660597 1.0846011 1.4478989 1.7152845 1.6655274 1.2350358 1.9572350 1.4614134 1.4575291 1.5149650 1.6600838 1.4818717 1.6986264 1.7173993 1.6970455 1.5879085 1.5879085 1.7425173 1.7862794 1.7862794 1.6453609 1.7613709 1.6776303 1.6732990 1.5541242 1.5789174 1.8713033 1.6115959 1.5956948 1.7028196 1.7404472 1.5261359 1.5809273 1.5809273 1.4729643 1.4729643 1.9514239 1.9514239 1.5427814 1.0816063 0.5828946 0.5222852 0.2661320 0.2661320 1.5971725 1.6229379 4.6365895 
Spolac_c96523_g1_i1_m.13256c93864-g1                   0.1584717 0.0000000 0.8254256 0.7440240 0.7361223 0.7273868 0.7477227 0.6932459 0.7467032 1.2031062 0.9583728 1.4203508 1.2445358 0.8036975 0.7969241 0.8914595 0.7794231 1.0511861 1.8056690 0.7718490 0.8160918 0.9059209 0.9263985 0.8896782 1.0302843 0.9114537 0.0883192 0.8319265 0.7779223 0.8061412 0.9333841 0.8383726 0.8027912 0.9288970 0.8787626 1.1219002 1.1974306 1.2587059 1.1804645 1.2341280 1.2504845 1.3210818 1.3781186 1.3201171 1.3743566 2.1088359 1.1014695 1.0910244 1.1383882 1.0792724 0.9886038 1.7132920 1.5339978 1.5063196 1.6177632 1.2111165 0.9662334 0.9806829 1.2168917 0.8261648 0.9787237 1.0089169 1.0337015 0.9408113 0.8272131 0.0000010 1.2452954 1.0105089 0.8467184 1.0710921 0.9956161 1.1687846 1.4221417 1.5013496 1.1764145 2.1383546 1.3010237 1.4024483 1.4024483 1.5611037 1.4024483 1.5860018 1.6096250 1.4516812 1.4624624 1.4624624 1.7049423 1.7951722 1.7951722 1.6427459 1.5176871 1.6081167 1.3349199 1.6229262 1.3938392 1.9252010 1.3600577 1.4515268 1.7978527 1.5336667 1.5336667 1.4415202 1.4415202 1.3513432 1.3513432 2.7100195 2.7100195 1.4483651 1.1471278 0.3680652 0.0000010 0.0000010 0.0000010 1.3628421 0.9586522 3.7065645 
Cgig_XM_011419764.3                                    0.9951446 0.8254256 0.0000000 1.1669333 1.1774014 1.5349767 0.8649560 0.8941207 1.3985626 1.8191811 1.0258675 1.9030160 1.8100058 1.4722468 1.3986692 0.8369234 0.8344678 1.5686138 2.0975623 1.0344812 1.2813699 1.5304520 1.5037243 1.4376943 0.9860496 1.3845809 1.9233137 1.3394226 0.8993340 1.0597169 1.1070234 1.4556147 1.5957596 1.2723330 1.4889709 1.1893945 1.9799264 1.9096012 2.1539475 1.7197015 2.2706768 2.0888577 1.5245499 1.4480102 1.3860642 1.7914113 1.5198265 1.2150954 2.0084618 2.0211866 2.0414717 2.0393184 1.3920192 2.0114336 2.3011980 1.3444981 1.3111226 1.1899114 1.8056513 1.2918967 1.8461493 1.8069662 1.8077123 1.6810266 1.6334751 3.9575196 2.0757134 1.4271657 2.1322309 1.5017616 1.7387879 1.3814661 2.0299173 2.5313756 1.5619130 2.1588415 2.2262223 1.6123328 1.5517018 1.6072407 1.5327673 1.8134600 1.7661121 2.1917050 1.5422099 1.5422099 1.7494935 1.7307605 1.7307605 1.5483453 2.4098309 2.3046847 1.9178226 1.8072305 2.4308969 2.1248352 2.3892450 2.3977826 2.2317006 2.5937883 1.8585153 2.3681068 2.3681068 2.1095599 2.1095599 3.3094334 3.3094334 2.3613347 1.9826487 1.9841761 3.2889799 2.7209682 2.7381466 2.4034310 2.0486639 4.9529999 
Stycar_maker-SC_scaffold7263-augustus-gene-0.56-mRNA-1 0.7281518 0.7440240 1.1669333 0.0000000 0.8847512 0.9886784 0.9157367 0.8278523 1.0149166 1.3051610 1.1971133 1.1935109 1.3816296 0.9655088 1.1291886 1.3021893 1.1641189 1.2330665 1.7448921 0.8140208 1.1053004 1.0969099 1.0774177 1.0358639 1.2708486 1.1698633 1.1740635 1.1635852 1.1503673 1.2497465 1.2629555 0.9894215 0.9386985 1.1617686 1.2427235 0.9435359 1.5492580 1.5906480 1.4063712 1.3795001 1.4842834 1.5199473 1.5410006 1.0378364 1.4401512 1.8864978 1.4721423 1.2243108 1.3303582 1.4206379 1.1733338 1.4786418 1.4224629 1.4380730 1.6779659 1.1697245 1.1244426 1.3996729 1.4148947 1.0016464 1.1490089 1.1770161 1.2017909 1.1026228 1.0669808 1.0206624 1.1668849 1.0118371 0.9784828 1.2397713 1.1256086 1.3231107 1.5203644 1.5082371 1.4521407 2.0382422 1.5464917 1.4618155 1.5791778 1.7592797 1.5312505 1.9243796 1.8696842 1.6642885 1.6035234 1.6035234 2.1860810 2.2223891 2.2223891 1.6464543 1.7171209 1.6126196 1.7164345 1.7606336 1.6725125 2.1996825 1.5729079 1.4982370 1.7064042 1.7097413 1.6118139 1.6031863 1.6031863 1.5286439 1.5286439 1.8983965 1.8983965 1.6152838 1.3165808 0.4710864 0.6193919 0.6462572 0.6462572 1.4142680 1.5676336 4.1596903 
Plespi_Pspi_scaffold17790_01                           0.8685886 0.7361223 1.1774014 0.8847512 0.0000000 1.0357319 0.8317698 0.8682408 1.0295821 1.3056734 1.0132345 1.3862129 1.3673388 1.0713189 1.1049023 1.1733917 1.0689887 1.2756513 1.8087074 0.9404437 1.2462534 1.1572768 1.2138407 1.2600953 1.1879339 1.1914294 1.4152013 1.3041391 1.1564593 1.3540732 1.3383135 1.0724918 1.1485158 1.2504182 1.3218228 0.9363985 1.7417235 1.7961467 1.6678715 1.5936076 1.6662823 1.6881189 1.5874024 1.4647867 1.5184295 1.9217262 1.4191984 1.2195711 1.6423467 1.4121557 1.5924159 1.7401515 1.4668382 1.7989567 1.9149917 1.3791379 1.1885247 1.4638156 1.3983250 1.2207918 1.2235475 1.2469828 1.2506281 1.1470848 1.1208886 1.8760418 1.3877232 1.1141820 1.2316324 1.3907007 1.1639970 1.3539160 1.9051976 1.9463440 1.4772044 2.0255006 1.7512277 1.5067221 1.6164257 1.8883033 1.5776653 2.1005761 1.9944932 1.8384137 1.6270498 1.6270498 2.0341355 2.0906331 2.0906331 1.9185011 1.9425445 1.8484416 1.7585019 1.8535290 1.9231858 2.2109849 1.8730142 1.8093225 2.0943483 2.1313085 1.9004455 1.7593027 1.7593027 1.7407515 1.7407515 2.3715235 2.3715235 1.7562777 1.3154292 1.0562724 1.6955925 1.2221196 1.2221196 1.6709377 1.8216772 4.8511901 
Spis_XP_022789415_1                                    0.8606334 0.7273868 1.5349767 0.9886784 1.0357319 0.0000000 0.0643471 0.1715881 0.5165689 0.6443662 0.1757471 0.8526050 0.9909292 1.1356025 1.2414986 1.0590958 0.9001825 1.4097520 1.6907616 0.6269039 1.3671208 1.2209101 1.2108303 1.1521153 0.7593683 1.2596770 1.8856935 1.7568285 1.5046504 1.7187843 1.7050915 1.4421160 1.5084403 1.3260028 1.6219999 1.2344561 1.9786545 1.8625928 1.9907558 1.7762401 2.3383775 2.2172360 1.6654627 1.2276893 1.4640706 1.8355101 1.5226596 1.2588882 2.2398974 2.0776836 1.8225813 1.8579022 1.3288207 1.8634708 2.2185029 1.2503765 1.6365218 1.2513316 1.6927363 1.2603224 1.6444577 1.6938842 1.6824591 1.6440125 1.5912033 2.9412920 1.8136167 1.2455520 1.9260864 1.5087664 1.7303458 1.5224805 2.1910417 2.7645850 1.7910971 1.9926900 2.1524415 1.5768379 1.6320899 1.6454607 1.5846339 1.8166783 1.7199546 2.3402668 1.6822751 1.6822751 1.9437488 2.0491987 2.0491987 1.5802412 2.4442299 2.2133086 1.7862871 1.6707412 2.2665374 2.0823934 2.3246845 2.3471273 1.9453628 2.6618420 1.8608156 2.4862796 2.4862796 2.1939341 2.1939341 3.4818414 3.4818414 2.4660417 1.7919812 1.7346585 3.0282618 2.6803804 2.6878361 2.2560119 1.9379051 5.5723194 
Pocdam_XM_027194689.1                                  0.7686768 0.7477227 0.8649560 0.9157367 0.8317698 0.0643471 0.0000000 0.1577624 0.2499056 0.3825866 0.2092696 0.4650097 0.6064152 0.6054891 0.6517971 1.0000637 0.8812414 0.7761054 1.2835324 0.5425760 0.7683399 0.8367591 0.7694001 0.7457730 0.8187479 0.8480931 0.7737495 0.9944662 0.8480310 0.7653803 0.8776331 0.8708908 0.8004075 0.8551813 0.9577161 1.2879584 1.4606226 1.4602180 1.1940020 1.3515453 1.4798329 1.4805443 1.5151078 1.2692689 1.2749117 1.6477485 1.3321859 1.2143503 1.3816873 1.3212095 1.0707298 1.4285208 1.3111158 1.3401986 1.4157183 1.1826377 0.9602954 0.9475108 1.2510932 1.1437594 0.9824918 1.0338007 1.0576707 0.9574452 0.9170183 0.0000010 1.3215778 1.1393757 0.9890793 0.9274473 1.0300523 1.3648073 1.7098875 1.7630151 1.1309611 2.0076247 1.4285560 1.5535198 1.6455960 1.6733434 1.5607012 1.7847906 1.7302961 1.5949548 1.6020244 1.6020244 1.8486823 1.9523952 1.9523952 1.5731358 1.7139405 1.6425168 1.4908726 1.6038750 1.4693500 2.0055673 1.5190022 1.5201836 1.8127585 1.8433306 1.8336246 1.4268540 1.4268540 1.3812983 1.3812983 1.8508695 1.8508695 1.4795516 1.0576566 0.7251498 0.0000010 0.3581122 0.3581122 1.3333160 1.2442230 4.4439160 
Fspp_ffun1.m4.29976.m1                                 0.8504822 0.6932459 0.8941207 0.8278523 0.8682408 0.1715881 0.1577624 0.0000000 0.2281945 0.3122678 0.0000010 0.4515572 0.6218523 0.6140491 0.6551392 1.0155048 0.8970201 0.8797238 1.2612697 0.5745770 0.8395763 0.8029385 0.7404337 0.7117294 0.6845341 0.7600507 0.9015803 1.1577085 0.9365913 0.8389379 0.8981587 0.8636382 0.7981800 0.8964408 1.0272862 1.5131208 1.5929972 1.5943483 1.3126218 1.4126067 1.7203735 1.6479458 1.5607805 1.0633866 1.3504205 1.5453851 1.4688776 1.0306406 1.4816567 1.5864622 1.2296634 1.3902457 1.1821992 1.3478067 1.3216591 1.1109608 0.9850317 0.9734255 1.4483917 1.4111837 0.9260005 0.9848514 1.0139937 0.9768036 0.9147841 3.6424687 1.0960552 1.0141459 1.0436718 1.0323879 1.0310931 1.3610380 1.9149965 2.1302373 1.1927595 1.5460297 1.4800240 1.5395426 1.6139821 1.6397419 1.5923821 2.0450700 1.8255288 1.6235251 1.6590769 1.6590769 1.8718911 1.8718911 1.8718911 1.5545428 1.6643013 1.5703172 1.6292176 2.0194965 1.7303352 2.0194965 1.6129515 1.5194701 1.7740264 1.8914596 1.6931509 1.6527479 1.6527479 1.5434006 1.5434006 2.3156072 2.3156072 1.6365813 1.0340257 0.8442131 1.2883712 1.3817554 1.3817554 1.5770505 1.5082629 4.3025057 
Gfas_gfas1.m1.23497.m1                                 0.8922582 0.7467032 1.3985626 1.0149166 1.0295821 0.5165689 0.2499056 0.2281945 0.0000000 0.6593865 0.2611417 0.5485983 0.7088520 1.0768520 1.1929076 1.0136509 0.9268226 1.3270543 1.5499196 0.6408853 1.4198148 1.1678704 1.0978865 1.0953601 0.7248399 1.1572656 1.7201779 1.6109054 1.4981695 1.6535288 1.6559608 1.4233585 1.4943182 1.2979843 1.6104829 1.2719409 1.9224704 1.9546110 1.9633372 1.6908325 2.1780351 1.9927262 1.6398885 1.2855139 1.4395059 1.7912334 1.5042815 1.2260846 2.1292171 2.0281167 1.8460532 1.9131064 1.3682525 1.9601974 2.1536138 1.2269021 1.5347394 1.2678237 1.6434482 1.4526869 1.5718909 1.6069826 1.6098550 1.5939136 1.5456597 2.7082465 1.7208596 1.2083760 1.7835476 1.4914659 1.7371768 1.4900753 2.1815094 2.6548917 1.7860375 2.0806293 2.2160231 1.4840892 1.5584532 1.4962414 1.5169567 1.6927024 1.5990972 2.3634349 1.7326728 1.7326728 1.8746670 1.8736985 1.8736985 1.6818381 2.5778480 2.2988472 1.7859264 1.7076129 2.3598315 2.1720505 2.3336006 2.4501293 1.8491382 2.7269404 1.7800402 2.5174843 2.5174843 2.2036057 2.2036057 3.5801326 3.5801326 2.4083823 1.7345413 1.8459274 3.1167974 2.4697042 2.4734855 2.3222339 1.9403198 4.9730401 
Gasp_gasp1.m3.5022.m1                                  1.2844573 1.2031062 1.8191811 1.3051610 1.3056734 0.6443662 0.3825866 0.3122678 0.6593865 0.0000000 0.1717975 0.8757700 1.0297846 1.3618822 1.4967915 1.2306107 1.0512195 1.6144428 1.5064671 1.0304431 1.8740118 1.5924708 1.4920071 1.4523084 1.0418055 1.5883972 2.0309893 1.9753289 1.8287621 2.2578323 2.2057334 1.8302174 2.2876425 1.7958159 2.0246538 1.1745396 2.3728463 2.2293499 2.4109363 2.1091964 2.5892063 2.5383296 2.0533595 1.2400460 1.7837538 2.4376537 1.9023443 1.4697729 2.6840200 2.5616905 2.5336112 2.4881227 1.8102872 2.4673114 2.7536837 1.6686170 2.0395121 1.6623933 2.1335992 1.2637588 2.0200697 2.0325037 2.0370116 1.9751873 1.9326044 2.9773567 2.3218403 1.6095281 2.6343721 1.8347085 2.2316970 1.9916127 2.4483024 3.2063208 2.2906231 3.5918653 2.5831274 1.8168615 1.9267267 1.8319201 1.9515568 1.9600723 1.8387534 2.8101241 2.1529645 2.1529645 2.2775490 2.3024201 2.3024201 1.7339154 3.1501392 2.5028736 2.6243948 2.0457629 2.6968521 2.5920168 2.6087748 2.7147009 2.6374437 3.2283232 2.5350589 3.4462422 3.4462422 2.7348439 2.7348439 3.5692566 3.5692566 2.9148709 2.2078287 2.2258512 3.2008173 2.8385362 2.8676760 3.0108233 2.8513946 5.5144937 
Fspp_ffun1.m4.27264.m1                                 0.9921576 0.9583728 1.0258675 1.1971133 1.0132345 0.1757471 0.2092696 0.0000010 0.2611417 0.1717975 0.0000000 0.5402246 0.5917894 0.6868905 0.8592013 0.9957226 0.0000010 1.2320196 0.6840920 0.8254098 0.8559331 0.9524362 1.0150845 0.8769975 0.8153799 1.0578913 0.0000010 0.9775789 1.0147744 1.1586677 1.5263706 0.8790884 0.5856383 0.9220744 1.1587994 1.0676593 1.2585972 1.2861336 1.0660304 1.2288064 1.4109201 1.4105984 1.4620890 1.3441541 1.3720577 2.2913912 1.4387707 1.2476801 1.2201836 1.4730287 9.0000000 2.3414429 1.7164421 1.9421065 2.0403370 1.7921254 1.0217871 1.0483542 1.3715739 1.2224636 1.1015912 1.1448377 1.1984787 1.1835747 1.0823818 0.0000010 2.0584795 1.6027764 1.4706645 1.1855486 1.2353568 1.6139558 1.4755609 1.7887796 1.1979888 3.4436081 1.2626508 1.9589101 1.9589101 1.9589101 1.9589101 1.9589101 1.9589101 2.1318404 1.9882169 1.9882169 1.9882169 1.9882169 1.9882169 1.4940032 2.3868720 1.9733006 3.2940357 1.8117968 1.7217434 2.3764440 1.9389298 1.9882933 2.1048698 2.2887942 2.2887942 5.0240596 5.0240596 1.8652350 1.8652350 3.7407066 3.7407066 1.9770239 1.4286167 0.0000010 0.0000010 0.0000010 0.0000010 1.1511541 0.0000010 4.6218143 
Amil_Amillepora16334-RA                                1.2879236 1.4203508 1.9030160 1.1935109 1.3862129 0.8526050 0.4650097 0.4515572 0.5485983 0.8757700 0.5402246 0.0000000 0.1744573 1.5394869 1.6774390 1.2621355 1.1220749 1.7470453 1.6356524 0.8970789 1.9625179 1.6478141 1.3420127 1.4766616 0.8133743 1.5419316 1.6856541 2.1495107 1.9543948 2.1496524 2.0765170 2.0139889 2.4435169 1.6970875 2.0927106 0.5740648 2.3673541 2.3388283 2.8367941 2.1206446 3.2587640 2.7505047 1.9130797 1.5546137 1.6326728 1.6103134 1.7468027 1.4248209 2.8028211 2.8409179 2.1958451 2.1452600 1.2302525 2.3583105 2.4398403 1.3634769 1.9935342 1.6690769 1.8475280 1.8046467 2.1064482 2.1220413 2.1517963 2.0974127 2.1011228 3.1852560 1.9048060 1.4416397 2.3270697 1.7864983 2.1514656 1.7419245 2.7037002 3.2572023 2.1238644 6.7235963 2.4264743 1.8033486 2.3694964 2.9716836 2.3927946 3.4037047 3.0598945 3.1784591 2.3198534 2.3198534 2.9358219 2.9358219 2.9358219 1.7914469 3.2904853 2.7041108 2.2091917 2.0254265 3.0756699 2.2867049 2.9329968 2.7664773 2.7055275 3.3837284 2.1962700 2.9687901 2.9687901 2.7147585 2.7147585 3.2408803 3.2408803 3.4530721 2.8702528 1.8457377 2.9695137 2.5102346 2.5241918 3.1375918 2.4915706 6.3744988 
Adig_XM_015924134.1                                    1.1591330 1.2445358 1.8100058 1.3816296 1.3673388 0.9909292 0.6064152 0.6218523 0.7088520 1.0297846 0.5917894 0.1744573 0.0000000 1.4483131 1.6237223 1.3253168 1.3300437 1.5946802 1.7547317 0.9484519 1.8824328 1.6401533 1.3677665 1.4818468 1.2351943 1.5946369 1.7332667 1.9453674 1.8691497 2.0417305 2.0775075 2.0752345 2.4587719 1.7225151 2.1661524 1.5245491 2.1775241 2.2208220 2.5517141 2.0640626 2.6965039 2.4257251 1.8671540 1.8304624 1.5652570 2.0487584 1.8110140 1.6852741 2.7198574 2.6221716 2.0500355 2.1555602 1.4959871 2.2747512 2.3832305 1.5871983 1.8974469 1.5666305 1.9854744 1.7121283 2.0707990 2.0993670 2.0254358 1.9775151 1.9780693 3.1097850 2.3077205 1.4333324 2.7231428 1.6899411 2.1613714 1.7820254 2.6566268 3.0357552 2.2970022 2.9258887 2.5513342 1.8664534 2.1450210 2.5052672 2.1384301 2.7852960 2.7137859 3.0176232 2.1106673 2.1106673 2.6081515 2.6081515 2.6081515 2.4919328 3.3130238 2.8432856 1.9239663 1.9810341 3.0114568 2.6768094 2.8569204 3.0616227 3.1917501 3.1704794 2.2845978 2.9651173 2.9651173 2.7474109 2.7474109 3.5422742 3.5422742 3.4064574 2.1895262 1.9406971 3.5567140 2.5991182 2.5878794 3.2206145 2.1273901 6.4832511 
Exapal_XM_021059663.2                                  0.9144617 0.8036975 1.4722468 0.9655088 1.0713189 1.1356025 0.6054891 0.6140491 1.0768520 1.3618822 0.6868905 1.5394869 1.4483131 0.0000000 1.1671972 1.1260266 1.1143881 1.2754572 1.2990514 0.6082988 1.5136136 1.0838615 1.1966822 1.1550866 0.9012873 1.2836917 1.6222370 1.5771117 1.4268092 1.5656426 1.5813550 1.4852107 1.6868768 1.6069991 1.5957600 1.1028047 1.8025074 1.8991558 2.0309734 1.6226648 2.0571263 2.2027572 1.7363414 1.4043256 1.5650194 2.0188046 1.5177576 1.3335360 2.0922672 2.0670388 2.0373997 2.0536893 1.4630618 1.9665153 2.1883061 1.3316286 1.5295105 1.3115841 1.6507582 1.3451384 1.6047983 1.6293905 1.6771836 1.4917046 1.4585740 2.9298784 1.6820839 1.1859011 1.7653601 1.3669240 1.6580863 1.5003713 2.1031423 2.8177878 1.9215924 1.8210618 2.1060827 1.5533522 1.7158084 1.7780840 1.6742737 1.9824464 1.8479701 2.4755549 1.7330039 1.7330039 2.2635729 2.2523244 2.2523244 1.6558847 2.5340708 2.2259038 1.7917805 1.7690610 2.3199696 2.0566227 2.3406932 2.2972011 2.0171313 2.5180643 1.8208090 2.6048418 2.6048418 2.3337735 2.3337735 3.6158245 3.6158245 2.4705404 1.6371424 1.5344657 2.6192259 2.1995788 2.2033940 2.1973020 1.8150366 5.1517977 
Dgig_XM_028553962.1                                    0.9734191 0.7969241 1.3986692 1.1291886 1.1049023 1.2414986 0.6517971 0.6551392 1.1929076 1.4967915 0.8592013 1.6774390 1.6237223 1.1671972 0.0000000 1.0384746 0.8207038 0.5798848 1.7025549 0.7621323 1.5495808 1.2880286 1.2818994 1.2052392 0.8503008 1.1041572 1.8120499 1.6211751 1.3829984 1.4992768 1.5601076 1.5485593 1.6460747 1.5394838 1.5886176 1.0912159 2.0562943 2.1409208 2.1266415 1.7035046 2.1488570 1.9949933 1.6787363 1.4920854 1.5069753 1.8825106 1.6804697 1.2581984 2.3276270 2.1367563 2.0017230 1.9780871 1.2835663 1.8163648 2.1453328 1.3138453 1.5923502 1.3604310 1.6980522 1.3937908 1.6055154 1.5974116 1.5487295 1.5942343 1.5829729 3.3064744 1.9391656 1.2851114 1.9494207 1.4049421 1.6694872 1.4503995 2.1241152 2.6907312 1.9014942 2.1052682 2.1746453 1.6151585 1.6883553 1.7351185 1.6460206 2.0002660 1.8848985 2.5088059 1.6766777 1.6766777 1.9839243 2.0695087 2.0695087 1.7257767 2.4704570 2.3493914 1.8418199 1.9055283 2.4701517 2.2792855 2.3310663 2.5128729 2.0554935 2.6042248 1.8369812 2.6526489 2.6526489 2.3503620 2.3503620 3.8713372 3.8713372 2.3562179 1.6410066 1.7829720 3.1155583 2.2331418 2.2536379 2.6054610 2.1939044 4.9625326 
Ctel_gnl_WGS_AMQN_CAPTEDRAFT_mRNA118009                1.0910443 0.8914595 0.8369234 1.3021893 1.1733917 1.0590958 1.0000637 1.0155048 1.0136509 1.2306107 0.9957226 1.2621355 1.3253168 1.1260266 1.0384746 0.0000000 0.0000010 1.1806803 1.7911803 1.1717053 1.0189338 1.1545766 1.1181189 1.1081687 1.1482399 1.1203822 1.4087983 0.9299838 0.8273606 0.8566587 0.9502205 1.1180524 1.1442078 0.9554394 0.9853699 1.2149527 1.5326747 1.6488454 1.4530710 1.4704258 1.6225752 1.6094730 1.7396129 1.6918105 1.5627895 2.0117817 1.5088541 1.3275252 1.4387357 1.5895230 1.2511477 1.5979555 1.5543102 1.5500557 1.6822218 1.4666590 1.0565041 1.1285507 1.6916037 1.4805323 1.2163365 1.2318047 1.2398193 1.1331742 1.1245647 1.7861107 1.7338447 1.3684157 1.3538819 1.2340019 1.1467576 1.5164861 1.5973868 1.6313666 1.1634182 1.9962534 1.6046477 1.7975225 1.7814385 1.9241237 1.7679351 2.2342693 2.1421816 1.9035315 1.9098389 1.9098389 2.3691322 2.2480278 2.2480278 2.0079222 2.1934628 1.9875556 1.9938047 1.9986913 1.9571646 2.2611108 1.9283815 1.8448000 2.1884112 2.1606236 2.0183993 1.7291353 1.7291353 1.7537087 1.7537087 2.1933953 2.1933953 1.8137512 1.3218005 1.3189994 1.2581977 1.2201328 1.2201328 1.6040037 1.5740347 4.4391900 
Ctel_gnl_WGS_AMQN_CAPTEDRAFT_mRNA122404                1.0779640 0.7794231 0.8344678 1.1641189 1.0689887 0.9001825 0.8812414 0.8970201 0.9268226 1.0512195 0.0000010 1.1220749 1.3300437 1.1143881 0.8207038 0.0000010 0.0000000 0.8955213 3.1717309 1.0063048 1.0180047 0.9706190 0.9962401 1.0277406 9.0000000 0.9641506 1.4362747 1.0679030 0.8731550 0.8731550 0.8731550 0.9345998 1.0390772 0.9870814 1.0135401 0.0000010 1.6963122 1.7110953 1.6442516 1.6002269 1.5768017 1.6370238 1.5847072 0.0000010 1.6937086 1.6937086 1.6847381 1.8314493 1.5341568 1.5953679 1.2381376 1.3059780 1.3187740 1.3796432 1.3905750 1.0400842 1.1191144 1.1180215 1.7034499 0.7351465 1.1391593 1.1412333 1.1499360 1.1129357 1.1069028 0.0000010 1.2725367 1.2529259 1.0865079 1.0437040 1.1130702 1.3199154 2.0208307 1.8691310 1.1705732 1.4768062 1.5804704 1.2211838 1.3230361 1.2008691 1.1516303 0.9540204 0.9991003 1.3632040 1.6527362 1.6527362 8.9036830 9.0000000 9.0000000 4.5560913 1.4922772 1.4068344 1.4545838 1.6693006 1.4798169 1.6693006 1.4681023 1.3396373 1.4618821 1.6435492 1.4619201 1.2788620 1.2788620 1.2788620 1.2788620 1.9477698 1.9477698 1.3952132 1.0355293 1.2731154 0.0000010 0.3353047 0.3353047 1.6896215 1.4951975 4.5268628 
Xesp_012356-T1                                         1.1062964 1.0511861 1.5686138 1.2330665 1.2756513 1.4097520 0.7761054 0.8797238 1.3270543 1.6144428 1.2320196 1.7470453 1.5946802 1.2754572 0.5798848 1.1806803 0.8955213 0.0000000 1.7784220 0.8532304 1.7559683 1.3843743 1.3209781 1.2968457 1.0824117 1.1546963 1.7872169 1.7197997 1.6280928 1.7775722 1.8581288 1.6207851 1.8946990 1.6352780 1.6674418 1.2220347 1.9290264 1.9682962 2.0667991 1.8306087 2.3655384 2.1414157 1.8236323 1.3315016 1.5504379 2.0494863 1.8366779 1.5225104 2.2750849 2.1354050 2.1203460 2.1064094 1.3493953 2.0118442 2.3241972 1.3967726 1.6443632 1.3757338 1.7451623 1.3818654 1.6924593 1.6453872 1.6132031 1.7103635 1.6236287 3.3394514 2.0836261 1.3469698 2.0292677 1.5617098 1.8610359 1.4449981 2.1919287 2.6685065 1.8731735 2.3011162 2.1738244 1.7153119 1.7796819 1.7940357 1.6944697 2.0958357 1.9892861 2.6301042 1.7936760 1.7936760 2.1232549 2.1876829 2.1876829 1.6290988 2.6295061 2.6116439 1.9495167 1.9293125 2.5512278 2.2216092 2.3198471 2.8582997 2.3146092 2.7830040 1.9898592 2.9077904 2.9077904 2.5000145 2.5000145 3.9104351 3.9104351 2.6943455 1.7743780 1.8728988 3.3972393 2.7810391 2.8110064 2.8249736 2.1890029 5.3550528 
Nvec_v1g107980                                         1.3895577 1.8056690 2.0975623 1.7448921 1.8087074 1.6907616 1.2835324 1.2612697 1.5499196 1.5064671 0.6840920 1.6356524 1.7547317 1.2990514 1.7025549 1.7911803 3.1717309 1.7784220 0.0000000 0.8216738 2.1105434 1.7329944 1.8236573 1.7877312 1.0834945 1.6909491 1.7006595 2.3720086 2.0964635 2.6332621 2.6156356 2.0226386 2.9130200 2.1889402 2.3644176 1.0211748 2.4129162 2.5231912 2.4245686 2.4186528 2.7969175 2.7320171 2.4471322 1.2302481 2.0530969 2.8222522 2.1520212 1.6256615 2.5460846 2.8589336 3.3614423 2.9046948 2.3995690 2.7781715 3.0255973 2.1710949 2.1912834 2.2002380 2.3438122 1.3970867 2.1365920 2.0922575 2.1814852 1.9961867 1.9672529 3.0698679 2.9039556 2.1578246 2.9500826 2.1895561 2.2952949 2.3111059 2.7104507 3.1526005 2.3877277 5.7220845 2.9719149 2.5409831 2.9790657 2.7053916 3.0941237 2.1927959 2.3105556 3.3824525 2.9243888 2.9243888 2.1923838 2.1331687 2.1331687 1.6330358 3.5686386 3.1134701 3.8582309 2.0735103 3.3600283 2.4291656 3.1969702 3.6577681 3.4843861 3.5353222 3.4518152 4.0116666 4.0116666 3.1114526 3.1114526 3.2314366 3.2314366 3.6593520 2.7947690 2.2744711 2.8474926 1.9949793 2.0060894 3.3219515 3.2851843 5.6767132 
Nvec_NVE4546                                           0.8151300 0.7718490 1.0344812 0.8140208 0.9404437 0.6269039 0.5425760 0.5745770 0.6408853 1.0304431 0.8254098 0.8970789 0.9484519 0.6082988 0.7621323 1.1717053 1.0063048 0.8532304 0.8216738 0.0000000 0.9550599 0.7946295 0.7850530 0.7716926 1.1576034 0.8763811 0.6851873 1.1394354 1.1286213 0.9996120 1.1095504 0.9226747 0.9362942 1.1865701 1.0422174 1.0106685 1.5653973 1.6238356 1.3717321 1.3752209 1.7501885 1.6878530 1.6942999 1.1621865 1.3696094 1.5775576 1.3442240 1.1387815 1.4615097 1.3814349 1.1283249 1.3106149 1.1509469 1.2744364 1.4127528 1.1362304 1.0828359 1.2208099 1.4392758 1.2745872 1.0941436 1.1410194 1.1609280 1.0115532 0.9552749 1.6330217 1.1661530 1.1273448 1.2011437 1.0501303 1.0029284 1.3971835 1.6489467 1.8036436 1.3469129 1.9336261 1.6227406 1.5014673 1.6016923 1.7115323 1.5882773 1.9737781 1.8576317 1.5784684 1.6779158 1.6779158 2.2496222 2.1927871 2.1927871 1.7076388 1.5597002 1.5422467 1.6595886 1.7326537 1.6664975 1.7326537 1.6309742 1.5317803 1.9754720 1.7490371 1.7145977 1.5952181 1.5952181 1.5330144 1.5330144 2.0908781 2.0908781 1.6542979 1.3678704 0.6886148 1.2209367 0.8793981 0.8793981 1.5908168 1.4815936 4.1291016 
Bralan_BLAG04000641_1                                  0.9944579 0.8160918 1.2813699 1.1053004 1.2462534 1.3671208 0.7683399 0.8395763 1.4198148 1.8740118 0.8559331 1.9625179 1.8824328 1.5136136 1.5495808 1.0189338 1.0180047 1.7559683 2.1105434 0.9550599 0.0000000 1.3339113 1.4251326 1.3606349 0.9853055 1.4962651 2.4213521 1.3132650 1.3059702 1.4911698 1.4991261 1.4513106 1.6104281 1.1114605 1.4784685 1.0811972 2.0027596 1.9895760 1.9949257 1.5670669 2.1277373 2.1987760 1.6620288 1.0484548 1.3691371 1.7321337 1.4850033 1.1430775 2.0569691 2.0727897 2.0279065 1.9179932 1.3586337 1.9353014 2.2248138 1.2579519 1.3139081 1.1500818 1.8096414 1.3390068 1.7691866 1.6958212 1.6787951 1.7316676 1.6973961 3.1180973 2.0694000 1.3783274 2.1049683 1.6175201 1.6687424 1.4366445 1.8212676 2.2511034 1.7374420 1.9638972 2.2025786 1.6082034 1.6004568 1.5733620 1.5247640 1.7403207 1.7076715 2.3862572 1.6016425 1.6016425 1.7601200 1.8182617 1.8182617 1.4914809 2.5428642 2.2447497 1.9707552 1.6771763 2.3931290 1.9340485 2.2942284 2.4910891 1.9580698 2.7111217 1.6938008 2.4604958 2.4604958 2.1505482 2.1505482 3.5407431 3.5407431 2.3634844 1.8049913 1.7948497 2.8753229 2.5445394 2.5503926 2.1317341 2.3220097 4.8075637 
Morvir_scaffold43.g66.t1                               1.0019540 0.9059209 1.5304520 1.0969099 1.1572768 1.2209101 0.8367591 0.8029385 1.1678704 1.5924708 0.9524362 1.6478141 1.6401533 1.0838615 1.2880286 1.1545766 0.9706190 1.3843743 1.7329944 0.7946295 1.3339113 0.0000000 0.9316423 0.8937423 0.7433391 0.9805159 1.0966323 1.5355236 1.5625247 1.6958835 1.7235886 1.3820031 1.5027079 1.4140029 1.6016984 1.1781506 1.8927284 1.8898246 1.9159842 1.6306048 2.0572605 1.9468823 1.5893287 1.3658713 1.4676513 1.8724810 1.4278227 1.2466359 1.8028560 2.0133799 1.7188525 1.7745067 1.3522634 1.6826506 2.0320893 1.2040828 1.4343870 1.3604089 1.7036914 1.4193480 1.4884762 1.5293390 1.4902977 1.4439903 1.4334332 3.2181999 1.8286693 1.3182048 1.8846412 1.3600669 1.5145617 1.5096144 2.0158152 2.3295840 1.7130234 2.0882972 2.0028755 1.5103309 1.5604082 1.5842264 1.5299280 1.6766773 1.6562658 2.1800375 1.7529461 1.7529461 1.8218031 1.8190188 1.8190188 1.6316345 2.2870660 2.1012685 1.8505821 1.5689493 2.0990925 1.9891166 2.1481858 2.2876152 2.1406209 2.3950536 1.8166913 2.3468014 2.3468014 1.9983957 1.9983957 3.4985155 3.4985155 2.3369607 1.3554309 1.5219423 2.6577007 1.9075370 1.9075370 1.9767955 2.2058887 4.2899751 
Nemnom_g16103.t1                                       0.9447243 0.9263985 1.5037243 1.0774177 1.2138407 1.2108303 0.7694001 0.7404337 1.0978865 1.4920071 1.0150845 1.3420127 1.3677665 1.1966822 1.2818994 1.1181189 0.9962401 1.3209781 1.8236573 0.7850530 1.4251326 0.9316423 0.0000000 0.2493705 0.3864583 0.7955452 0.8014140 1.5969765 1.5248482 1.6539056 1.6316927 1.2711112 1.4494195 1.5656640 1.5901769 1.1789951 1.7401881 1.7869973 1.9783829 1.5967140 2.0813883 2.0747593 1.6777500 1.3002296 1.3744175 1.6739017 1.5136264 1.2774351 2.0034789 1.9235927 1.7594858 1.8195752 1.3791173 1.7946449 2.0690033 1.1622339 1.6722553 1.3071030 1.6873002 1.4333505 1.5199364 1.4973883 1.5641418 1.4534924 1.4156518 2.5041258 1.8005766 1.2884376 1.7227041 1.3581678 1.5177474 1.4983388 1.8970345 2.3338159 1.7727476 1.9124859 2.0409928 1.5181331 1.5757970 1.6822723 1.5935355 1.8855329 1.8127897 2.2915847 1.6952414 1.6952414 2.0182527 2.0377345 2.0377345 1.6337787 2.3725061 2.2400873 1.7311150 1.7176036 2.2754778 2.0321968 2.1731154 2.4995230 2.0218252 2.6435865 1.8815182 2.3995644 2.3995644 2.1464871 2.1464871 3.3734818 3.3734818 2.4346037 1.5003924 1.7170489 3.1787571 2.2069524 2.2504197 2.3126005 1.9348124 4.7241628 
Rhoesc_Res_001941-T1                                   0.9707500 0.8896782 1.4376943 1.0358639 1.2600953 1.1521153 0.7457730 0.7117294 1.0953601 1.4523084 0.8769975 1.4766616 1.4818468 1.1550866 1.2052392 1.1081687 1.0277406 1.2968457 1.7877312 0.7716926 1.3606349 0.8937423 0.2493705 0.0000000 0.3624918 0.7370226 0.8339006 1.5452888 1.4479332 1.5741145 1.5623388 1.2818866 1.4437998 1.5662525 1.5138981 1.1228806 1.7621377 1.6927746 1.9798806 1.5995786 2.0563430 1.9952643 1.5917351 1.3083632 1.2807140 1.5777622 1.5226495 1.2532682 1.9926748 1.8610950 1.8050876 1.8491479 1.3714724 1.8463162 2.1346530 1.1443169 1.5960846 1.3312074 1.7268787 1.3355606 1.5097951 1.4806501 1.5294987 1.4883705 1.4372162 3.0174887 1.8408370 1.3052413 1.8158254 1.3258167 1.5278823 1.4600604 1.8906647 2.3628681 1.8223378 1.7857339 1.9901047 1.4802312 1.5271192 1.5872893 1.5312972 1.8026315 1.7100057 2.3743542 1.7198997 1.7198997 2.0078998 2.0093554 2.0093554 1.6632120 2.4303293 2.2336246 1.7628361 1.6736742 2.3243739 1.9800804 2.2356973 2.5038557 1.9188642 2.5207785 1.7731506 2.4412293 2.4412293 2.1921138 2.1921138 3.5402770 3.5402770 2.4854769 1.4243309 1.7330747 3.3343886 2.4822638 2.5317433 2.2683891 2.0022473 4.5395291 
Aaur_scaffold3071.g1.t1                                0.9920618 1.0302843 0.9860496 1.2708486 1.1879339 0.7593683 0.8187479 0.6845341 0.7248399 1.0418055 0.8153799 0.8133743 1.2351943 0.9012873 0.8503008 1.1482399 9.0000000 1.0824117 1.0834945 1.1576034 0.9853055 0.7433391 0.3864583 0.3624918 0.0000000 0.4687283 0.0000010 0.9885549 0.9408624 0.9515878 1.3936183 0.8328212 0.7111597 1.0140981 1.0746910 0.9669449 1.3432775 1.5057063 1.2654142 1.4093376 1.6139503 1.5100359 1.5330261 1.3845265 1.3306849 2.2568670 1.3640594 1.1447432 1.2648239 1.2771130 8.9999986 1.8649037 1.4698468 1.5850064 2.0131247 1.4730495 1.0683791 0.9985721 1.4256035 1.1936675 1.1603511 1.1339897 1.1952604 1.1187057 0.9875191 0.0000010 2.1930484 1.6496198 1.7473101 0.9979074 1.0627930 1.5298757 1.3913247 1.4952226 1.2895917 3.6410305 1.3390466 1.7071242 1.7071242 1.7071242 1.7071242 1.7071242 1.7071242 1.9494434 1.8310463 1.8310463 1.8310463 1.8692649 1.8692649 1.3832351 2.1946538 1.8722855 2.3116878 1.5642040 1.6334131 2.1897262 1.6698982 1.9974170 2.5438937 2.1752290 2.1752290 2.8722140 2.8722140 1.5823606 1.5823606 3.7407066 3.7407066 1.6648988 1.0965437 0.0000010 0.0000010 0.0000010 0.0000010 1.2765610 0.3510076 4.7431563 
Sanmal_Sma_027069-T1                                   1.0103929 0.9114537 1.3845809 1.1698633 1.1914294 1.2596770 0.8480931 0.7600507 1.1572656 1.5883972 1.0578913 1.5419316 1.5946369 1.2836917 1.1041572 1.1203822 0.9641506 1.1546963 1.6909491 0.8763811 1.4962651 0.9805159 0.7955452 0.7370226 0.4687283 0.0000000 0.8509301 1.5993064 1.4307932 1.5614861 1.5872864 1.2500629 1.4830480 1.5471523 1.4964622 1.1480099 1.9344332 1.9185408 2.0809785 1.7453672 1.9916571 1.9893068 1.6933646 1.5199601 1.4524028 1.8310995 1.5331092 1.4744379 2.0545406 2.0220631 1.9083081 1.9195660 1.3571924 1.8446582 2.1516778 1.2214514 1.4866698 1.3687472 1.7010984 1.3708538 1.5256401 1.5069517 1.5634245 1.5068531 1.4205239 2.8217911 1.7486224 1.2762289 1.8309174 1.3535694 1.4339285 1.5693047 2.0215247 2.4224411 1.7662385 2.2140454 1.9671893 1.5240921 1.5918475 1.6928126 1.5814057 1.9139306 1.8309133 2.0212451 1.7164481 1.7164481 2.0552844 1.9707447 1.9707447 1.7180253 2.2868068 2.0617488 1.8071649 1.7074653 2.2565597 2.0223173 2.1535382 2.1677636 2.2141519 2.4105056 1.8825006 2.2721446 2.2721446 1.9924314 1.9924314 3.2251276 3.2251276 2.4020752 1.5331912 1.4653719 2.4640784 2.1834053 2.2336390 2.1839497 2.1626465 4.8180133 
Aaur_scaffold4071.g1.t1                                0.9839618 0.0883192 1.9233137 1.1740635 1.4152013 1.8856935 0.7737495 0.9015803 1.7201779 2.0309893 0.0000010 1.6856541 1.7332667 1.6222370 1.8120499 1.4087983 1.4362747 1.7872169 1.7006595 0.6851873 2.4213521 1.0966323 0.8014140 0.8339006 0.0000010 0.8509301 0.0000000 2.3480495 2.1908533 2.1908533 2.1908533 1.6863181 2.3353872 2.1418191 2.0666104 0.0000010 2.4461891 2.5216013 2.8532132 2.2133900 3.0847289 2.8243256 1.9631548 0.0000010 1.3039595 1.3039595 1.9458467 0.0000010 2.7423729 3.0320453 2.0067561 2.0067561 1.0976507 2.3263764 2.4068993 1.2557259 2.3025263 1.6940965 1.9664281 2.8390107 1.9218886 1.9319434 1.9935312 1.7953099 1.7552924 2.8620832 1.9062497 1.2415340 2.0942034 1.8373296 2.1794893 1.6769273 2.6744166 3.4737643 2.3551529 0.0000010 2.9954686 1.3887467 1.6285683 3.2437763 1.7074066 9.0000000 2.9621207 2.9933281 1.9356005 1.9356005 0.0000010 0.0000010 0.0000010 7.3452038 2.9252556 2.5658167 2.1075356 0.0000010 3.1169292 0.0000010 3.0581360 2.6763559 0.0000010 3.0832373 0.8812528 2.6451320 2.6451320 2.6451320 2.6451320 3.1805080 3.1805080 3.3644542 2.1202133 1.7143144 2.8057403 2.2844189 2.3263921 2.7910922 2.6053757 5.5078052 
Hsap_ENST00000491415                                   1.0340436 0.8319265 1.3394226 1.1635852 1.3041391 1.7568285 0.9944662 1.1577085 1.6109054 1.9753289 0.9775789 2.1495107 1.9453674 1.5771117 1.6211751 0.9299838 1.0679030 1.7197997 2.3720086 1.1394354 1.3132650 1.5355236 1.5969765 1.5452888 0.9885549 1.5993064 2.3480495 0.0000000 1.2767734 1.4834302 1.5170127 1.5338373 1.5236386 1.2352123 1.3885053 1.2299028 1.9685052 1.8983387 2.0239637 1.7702860 2.1439684 2.2529609 1.7190461 1.0606882 1.4931562 1.9266328 1.4942788 1.3299019 2.2363132 2.1111218 2.0470592 2.0051646 1.4465372 2.1933059 2.2738848 1.2419396 1.2232813 1.1807333 1.7330243 1.3345201 1.7011350 1.6781430 1.6979734 1.6773825 1.6046279 3.5236624 2.1229163 1.2867513 2.0256556 1.5544483 1.7861661 1.5380267 1.9481674 2.5139710 1.6862712 2.0462613 2.0129012 1.5622279 1.4869227 1.6139393 1.4624870 1.8118976 1.8062274 2.3223560 1.5873947 1.5873947 1.7865402 1.8389938 1.8389938 1.6101393 2.5429859 2.3715033 1.8387259 1.6841778 2.3128265 1.9216236 2.2659808 2.4841643 1.8961177 2.4116794 1.7147096 2.8180179 2.8180179 2.3810548 2.3810548 3.9725319 3.9725319 2.6585983 1.8886951 2.0643658 3.1326986 2.7773420 2.8014496 2.3920671 2.0819309 4.8239386 
Acagra_model.g15588.t1                                 0.9975950 0.7779223 0.8993340 1.1503673 1.1564593 1.5046504 0.8480310 0.9365913 1.4981695 1.8287621 1.0147744 1.9543948 1.8691497 1.4268092 1.3829984 0.8273606 0.8731550 1.6280928 2.0964635 1.1286213 1.3059702 1.5625247 1.5248482 1.4479332 0.9408624 1.4307932 2.1908533 1.2767734 0.0000000 0.0215184 0.0487725 1.5481167 1.5475557 1.3274595 1.3558851 1.1398812 2.0181739 2.0516475 2.0431343 1.8265956 2.2129940 2.1675610 1.8648699 1.4834880 1.5215654 1.9579703 1.6725225 1.2072711 2.1061147 2.0501141 2.0526134 2.0347110 1.4447395 2.0817164 2.2495672 1.4304025 1.3016649 1.2026619 1.7810150 1.2459383 1.7612613 1.7546740 1.8032459 1.6522308 1.6287333 3.4322721 2.0540888 1.4239365 2.1120115 1.5001441 1.6198281 1.5376025 2.1088669 2.3691436 1.6757878 2.1167082 2.1619708 1.6653333 1.5799284 1.6186977 1.5496048 1.8325765 1.7980210 2.2600241 1.6417436 1.6417436 1.8462470 1.8443329 1.8443329 1.6248419 2.5529648 2.3167021 2.1041538 1.7938184 2.6117917 2.0209091 2.3205918 2.3329548 1.9378807 2.5227858 1.7779289 2.3688979 2.3688979 2.1356056 2.1356056 3.3888863 3.3888863 2.4683435 1.8903756 1.9246320 3.0886035 3.1514969 3.2098528 2.2229950 2.2192854 5.1403318 
Acagra_model.g15588.t1.2.5d400c85                      1.1545467 0.8061412 1.0597169 1.2497465 1.3540732 1.7187843 0.7653803 0.8389379 1.6535288 2.2578323 1.1586677 2.1496524 2.0417305 1.5656426 1.4992768 0.8566587 0.8731550 1.7775722 2.6332621 0.9996120 1.4911698 1.6958835 1.6539056 1.5741145 0.9515878 1.5614861 2.1908533 1.4834302 0.0215184 0.0000000 0.0195662 1.7946022 1.7784274 1.5798971 1.5324001 3.6138966 2.6428595 2.5474651 2.4185094 2.1283641 2.4736181 2.3928117 1.9953677 1.7191025 1.6162278 1.6981934 2.0368726 1.2911649 2.6645321 2.4379154 1.9772963 2.0758306 1.2490273 2.2376883 2.3420357 1.3018917 1.5447138 1.3445207 2.1420356 2.1612705 2.0181824 2.0101268 2.0794659 1.8746732 1.8278467 3.4322721 1.9697577 1.4169053 2.1602566 1.5716925 1.7025051 1.6156850 2.5849765 2.8374402 1.9242663 1.5458974 2.5561918 1.6597341 1.5146311 1.5467285 1.4552495 2.3100803 2.0830703 2.4595592 1.6109571 1.6109571 2.5644815 2.7581815 2.7581815 2.5522105 2.7683341 2.4822151 2.0628379 2.2061955 3.0749379 2.2759148 2.5559265 2.3986196 1.7638481 2.7446027 1.6180285 2.2695465 2.2695465 2.2782783 2.2782783 3.4104806 3.4104806 2.7147809 2.3175319 1.9246320 3.0886035 3.1514969 3.2098528 2.4315047 2.2192854 5.2840590 
Acagra_model.g15588.t1.1.5d400c85                      1.1798343 0.9333841 1.1070234 1.2629555 1.3383135 1.7050915 0.8776331 0.8981587 1.6559608 2.2057334 1.5263706 2.0765170 2.0775075 1.5813550 1.5601076 0.9502205 0.8731550 1.8581288 2.6156356 1.1095504 1.4991261 1.7235886 1.6316927 1.5623388 1.3936183 1.5872864 2.1908533 1.5170127 0.0487725 0.0195662 0.0000000 1.7736117 1.6750509 1.5918332 1.5639526 3.1004720 2.4718658 2.4668441 2.3172228 2.1066030 2.4907065 2.4129156 2.0328200 2.0021380 1.6894268 1.7389523 1.9633695 1.4031867 2.5744751 2.3913860 2.0526134 2.0876369 1.3512944 2.2354189 2.3154683 1.4199912 1.5603936 1.4180242 2.0663825 2.2273663 2.0202307 2.0059677 2.0902772 1.8949097 1.8792856 3.4322721 1.9762111 1.5315715 2.1355405 1.5401133 1.7110817 1.6309434 2.4905308 2.7120423 1.9772696 1.7221672 2.4553926 1.8530848 1.7687456 1.9711042 1.7382839 2.8446692 2.5976474 2.5303645 1.8586685 1.8586685 3.2358364 3.4248936 3.4248936 3.2838211 2.8025882 2.5553921 2.1041538 2.4610066 3.0778176 2.5685576 2.6105205 2.3979188 2.1358243 2.8123092 1.9536324 2.3263912 2.3263912 2.3760322 2.3760322 3.3888863 3.3888863 2.6968456 2.2812365 1.9246320 3.0886035 3.1514969 3.2098528 2.3545468 2.2192854 5.3566644 
Opea_EP00118_Oscarella_pearsei_P029211                 1.0338148 0.8383726 1.4556147 0.9894215 1.0724918 1.4421160 0.8708908 0.8636382 1.4233585 1.8302174 0.8790884 2.0139889 2.0752345 1.4852107 1.5485593 1.1180524 0.9345998 1.6207851 2.0226386 0.9226747 1.4513106 1.3820031 1.2711112 1.2818866 0.8328212 1.2500629 1.6863181 1.5338373 1.5481167 1.7946022 1.7736117 0.0000000 0.0000010 1.4338428 1.4764552 0.9455513 1.7378978 1.8978634 1.9548598 1.6277488 2.0580119 2.0920725 1.6011426 0.8996581 1.3350193 1.8120331 1.3929992 0.8864082 1.8953500 1.9721765 1.7908958 1.8039922 1.2828076 1.6546026 2.1360859 1.1219583 1.4431730 1.4713026 1.6222549 1.1983020 1.5898108 1.5838829 1.4803487 1.5808086 1.5903411 3.2667127 1.8097662 1.2757132 1.8563967 1.6635823 1.3308928 1.4365635 1.8962675 2.3257643 1.8136712 2.1006170 2.1272205 1.4402887 1.4424159 1.5437655 1.4055657 1.6401672 1.6189616 2.2006631 1.4764549 1.4764549 1.8209800 1.8331250 1.8331250 1.4594363 2.1884671 2.2505103 1.7710990 1.6952127 2.2879999 2.0464854 2.3966754 2.4324326 2.1322637 2.5160758 1.8581812 2.3752074 2.3752074 2.1180242 2.1180242 3.6003759 3.6003759 2.3373064 1.7592826 1.6733981 2.7294294 2.3739295 2.4158201 2.1032764 1.9264197 5.4055701 
