78
Emue_Em0018g51a.t1                                       0.0000000 0.0219722 0.3262413 0.3155411 0.2521461 0.2551106 0.2630420 0.3660806 0.4059824 0.3547689 0.3290657 0.3290657 0.3808968 0.3866438 0.3929977 0.3202217 0.3357597 0.3596529 0.3596529 0.3453378 0.2651751 0.2651751 0.3088026 0.4329575 0.4033026 0.4530102 0.3807611 0.4099945 0.4316304 0.3802258 0.4255839 0.4255839 0.5189536 0.5117845 0.5676599 0.4085598 0.4750520 0.4370692 0.4047465 0.4159153 0.4126223 0.4215851 0.4265627 0.4063544 0.5843038 0.4649708 0.4314274 0.4633743 0.5925897 0.6190239 0.6212245 0.5027237 0.6472536 0.6103628 0.7110837 0.7386335 0.8392852 0.5219936 0.5454131 0.5761275 0.5566217 0.6481480 0.8070994 0.8070994 0.5182970 0.8157582 0.6903395 0.7355211 0.7416886 0.7357085 0.6740340 0.4773489 0.8062823 0.8838124 0.8838124 1.1667772 0.8601701 1.3263757 
Spolac_c9264_g1_i1_m.322c9264-g1                         0.0219722 0.0000000 0.3421881 0.4319138 0.2457202 0.2658346 0.2619496 0.3511438 0.3972703 0.3344769 0.3251238 0.3251238 0.3608006 0.3666570 0.3731218 0.3018841 0.3136665 0.3510091 0.3510091 0.3366765 0.2504783 0.2504783 0.2995003 0.5213763 0.4392857 0.5394324 0.3525501 0.4845168 0.4143814 0.5152694 0.4874521 0.4851489 0.5898136 0.5039937 0.6307104 0.3886738 0.5792462 0.5385681 0.4000031 0.4111043 0.4078898 0.4166811 0.4215515 0.4017613 0.5754507 0.4747043 0.4298964 0.5106979 0.6912254 0.5945992 0.5948806 0.6113093 0.6474391 0.7152131 0.8130102 0.7657712 0.8404378 0.5016103 0.6984948 0.7399421 0.6524315 0.6451180 0.8747845 0.7777268 0.5267110 0.8603442 0.6885160 0.8065183 0.7435964 0.7314080 0.6416529 0.4560446 1.0022900 1.0520256 1.0743934 1.1916503 0.9783816 1.2811348 
Aque_Aqu2.1.38447_001                                    0.3262413 0.3421881 0.0000000 0.0592158 0.1919692 0.1449841 0.2985665 0.3394223 0.3157534 0.2867077 0.2556419 0.2556419 0.3387005 0.3174265 0.3104981 0.2901174 0.2742421 0.3018212 0.3018212 0.3269821 0.3006653 0.3006653 0.4157139 0.3283751 0.3252738 0.3271606 0.3036605 0.2940247 0.4142216 0.3272717 0.3811538 0.3811538 0.5155334 0.4606274 0.6031346 0.3623967 0.3995969 0.3349121 0.4017768 0.4126238 0.4094635 0.4180917 0.4228721 0.4282691 0.5880754 0.4614653 0.4223432 0.4505352 0.6144033 0.5379233 0.4909789 0.4306338 0.6334300 0.5741112 0.8072569 0.7722909 0.7478245 0.4633849 0.5549152 0.5858844 0.4522387 0.5738380 0.6749059 0.6749059 0.5421636 0.9325770 0.7323255 0.7422952 0.7218856 0.7107164 0.7839127 0.5043474 0.8422173 0.9952464 0.9952464 1.1069747 0.9289837 1.3893720 
Halamb_c33449_g1_i1m.7661                                0.3155411 0.4319138 0.0592158 0.0000000 0.1936122 0.1240753 0.2903036 0.3601660 0.3193768 0.2854592 0.2694109 0.2694109 0.3531923 0.3317139 0.3246808 0.3044134 0.3067009 0.3052331 0.3052331 0.3437670 0.3072437 0.3072437 0.4078311 0.4040550 0.4081630 0.3798718 0.2764120 0.3609211 0.4024523 0.4346736 0.4546271 0.4544540 0.5871126 0.4806600 0.7125912 0.4081744 0.4746311 0.4071802 0.4149653 0.4257605 0.4224560 0.4313590 0.4363217 0.4414225 0.6307008 0.5156196 0.4180123 0.5520968 0.5835850 0.5779725 0.5026578 0.5300884 0.6526657 0.7150516 0.9627351 0.8202727 0.7773156 0.4669065 0.7124402 0.7383238 0.5763461 0.5434965 0.8934191 0.7514118 0.5341381 1.1049636 0.8123553 0.8939984 0.7475680 0.7140348 0.7507737 0.5146418 0.9966498 1.1937188 1.1703507 1.2033151 1.1239387 1.3727191 
Stycar_maker-SC_scaffold13501-snap-gene-0.7-mRNA-1       0.2521461 0.2457202 0.1919692 0.1936122 0.0000000 0.1087719 0.1939440 0.2919833 0.2402208 0.2402208 0.2292925 0.2292925 0.2763945 0.2868306 0.2782330 0.2206109 0.2422316 0.2652390 0.2652390 0.2247412 0.2898687 0.2898687 0.4160531 0.2750286 0.2923541 0.3365541 0.2543779 0.2598211 0.2589108 0.3043079 0.2823101 0.2823101 0.4261567 0.4127422 0.4995664 0.3467596 0.3821569 0.3202320 0.4276122 0.4276122 0.4488906 0.4488906 0.4556316 0.4732517 0.6673505 0.4385614 0.3401409 0.3143772 0.4754468 0.5185253 0.2750286 0.3659357 0.6541865 0.6501187 0.7759061 0.7611165 0.8133056 0.3899165 0.4147861 0.4147861 0.4640129 0.6776771 0.6261114 0.6261114 0.5444742 0.8591521 0.6513570 0.7324454 0.7435266 0.7138613 0.5678212 0.5704407 0.8162797 0.6017351 0.6017351 0.8628974 0.7956277 1.1802036 
Xestes_maker-XT_scaffold135647-augustus-gene-0.14-mRNA-1 0.2551106 0.2658346 0.1449841 0.1240753 0.1087719 0.0000000 0.1901858 0.3155340 0.2726543 0.2401333 0.2214546 0.2214546 0.2872924 0.2471943 0.2407706 0.2404586 0.2275937 0.2670120 0.2670120 0.2645236 0.2819822 0.2819822 0.3737993 0.2959828 0.2620116 0.3258362 0.2004596 0.2411366 0.3689422 0.3223605 0.3484314 0.3484314 0.4375074 0.3629364 0.5048822 0.3366649 0.3820693 0.3212035 0.3765410 0.3875929 0.3846752 0.3928534 0.3973307 0.4218461 0.6090458 0.4047575 0.4346879 0.4240913 0.5400443 0.5096580 0.4240547 0.4432192 0.6266740 0.5821727 0.7340565 0.7607410 0.7803581 0.4172851 0.4637528 0.4909989 0.4531510 0.5542462 0.7583557 0.7583557 0.5916345 0.8627780 0.6917751 0.6334971 0.6799400 0.6450576 0.7311480 0.4906998 0.8238704 0.8810046 0.8810046 1.0039143 0.9122413 1.3479050 
Tetwil_g4965.t1                                          0.2630420 0.2619496 0.2985665 0.2903036 0.1939440 0.1901858 0.0000000 0.3224416 0.3481485 0.3056332 0.3102873 0.3102873 0.3281020 0.2984804 0.3083237 0.3413072 0.3126632 0.3294513 0.3294513 0.3288618 0.3265911 0.3265911 0.4224580 0.3652843 0.3653451 0.4187912 0.2704678 0.3268575 0.4278505 0.3890128 0.3625125 0.3625125 0.4589303 0.3748675 0.5066995 0.3730428 0.3726400 0.3868465 0.4605049 0.4713648 0.4637394 0.4737776 0.4832363 0.4843399 0.6674958 0.4099475 0.4300577 0.4375474 0.5530277 0.5767302 0.4776834 0.4683831 0.6769175 0.6085463 0.8085978 0.8372838 0.7520411 0.5307559 0.4857790 0.5136788 0.4947310 0.6287439 0.6392690 0.6392690 0.5459767 0.7788847 0.6001581 0.5565872 0.6807904 0.6156354 0.6880405 0.4481677 0.8346652 0.8849663 0.8849663 1.0739632 0.8437606 1.1845158 
Bralan_BLAG07000869_1                                    0.3660806 0.3511438 0.3394223 0.3601660 0.2919833 0.3155340 0.3224416 0.0000000 0.1975960 0.1571616 0.1334425 0.1334425 0.1395027 0.1443083 0.1500958 0.1255563 0.1396912 0.1493631 0.1493631 0.1984112 0.2139953 0.2139953 0.2539827 0.1801704 0.2311530 0.2254415 0.2078094 0.1558265 0.2460322 0.2081526 0.2656383 0.2656383 0.2759961 0.3936788 0.3317126 0.3163918 0.2641868 0.2477612 0.3322526 0.3433552 0.3365074 0.3436308 0.3518888 0.3487045 0.4477734 0.3457355 0.2411922 0.3262683 0.4983655 0.4171249 0.3068795 0.2939801 0.5437635 0.5074548 0.6425530 0.6312464 0.6421415 0.3778094 0.3231892 0.3454532 0.4083193 0.4630638 0.6340478 0.6340478 0.4660533 0.7026361 0.5205865 0.6430169 0.6184372 0.5604705 0.6121447 0.4237105 0.7798761 0.7557163 0.7557163 0.8489403 0.7057989 1.3045350 
Acagra_model.g28919.t1                                   0.4059824 0.3972703 0.3157534 0.3193768 0.2402208 0.2726543 0.3481485 0.1975960 0.0000000 0.0361971 0.1771863 0.1771863 0.1881853 0.1932303 0.1872456 0.1682636 0.2026900 0.1685561 0.1685561 0.2009487 0.2569001 0.2569001 0.3149037 0.2713400 0.2361977 0.2475168 0.1756787 0.1535846 0.2039338 0.2479168 0.2911550 0.2911550 0.3388572 0.3507452 0.4245223 0.3905933 0.3667483 0.2992592 0.3583750 0.3692880 0.3666151 0.3742562 0.3783959 0.4026321 0.5589911 0.3752811 0.3337854 0.3870149 0.4912080 0.4710395 0.4018399 0.3506435 0.5348850 0.5660176 0.7066015 0.6958520 0.7485837 0.3973323 0.3748734 0.3980926 0.4726363 0.5462203 0.5976248 0.5976248 0.5593122 0.8636339 0.6176823 0.6426781 0.7253761 0.6634290 0.6212531 0.5282809 0.8173762 0.7707500 0.7707500 0.8701146 0.8004015 1.4527954 
Acagra_model.g28919.t1.1.5d3b8c72                        0.3547689 0.3344769 0.2867077 0.2854592 0.2402208 0.2401333 0.3056332 0.1571616 0.0361971 0.0000000 0.1530543 0.1530543 0.1609318 0.1830254 0.1769296 0.1370822 0.1645081 0.1426205 0.1426205 0.1744708 0.2112358 0.2112358 0.2852049 0.2332647 0.2208663 0.2074082 0.1756787 0.1535846 0.2189789 0.2115281 0.2538220 0.2538220 0.3166628 0.3311577 0.3890979 0.3627993 0.2952674 0.2327207 0.3239999 0.3353489 0.3329566 0.3400658 0.3438420 0.3689812 0.5126900 0.3467887 0.2849125 0.3394063 0.3983491 0.4009413 0.3404201 0.3304711 0.5128773 0.5258275 0.7054591 0.6942229 0.6988802 0.3679865 0.3503292 0.3739551 0.4360730 0.4696591 0.5988723 0.5988723 0.5239489 0.8534904 0.5763375 0.5871855 0.6863242 0.6225467 0.5701184 0.5031908 0.7940903 0.7082628 0.7082628 0.8278299 0.7578886 1.3520805 
Dgig_XM_028536243.1                                      0.3290657 0.3251238 0.2556419 0.2694109 0.2292925 0.2214546 0.3102873 0.1334425 0.1771863 0.1530543 0.0000000 0.0000010 0.1130032 0.1234611 0.1090941 0.0976916 0.1073577 0.0992965 0.0992965 0.1131755 0.1275057 0.1275057 0.2060274 0.1631362 0.1737269 0.1676959 0.1346461 0.1317018 0.1837936 0.1823544 0.2303806 0.2303806 0.2918539 0.3445474 0.2918050 0.2628444 0.2765837 0.2096819 0.2613120 0.2721510 0.2587411 0.2638890 0.2785377 0.3023643 0.4136177 0.3181070 0.3525930 0.4091432 0.4214763 0.4004831 0.2868884 0.2951211 0.5227137 0.4565260 0.6537717 0.6422115 0.6237507 0.3406522 0.3173549 0.3392607 0.3927498 0.4213736 0.5238032 0.5238032 0.4877691 0.7577239 0.5573501 0.6324387 0.5833056 0.4912409 0.5959574 0.3647484 0.6838599 0.8952792 0.8952792 0.9196818 0.7597436 1.2773652 
Xesp_028504-T1                                           0.3290657 0.3251238 0.2556419 0.2694109 0.2292925 0.2214546 0.3102873 0.1334425 0.1771863 0.1530543 0.0000010 0.0000000 0.1130032 0.1234611 0.1090941 0.0976916 0.1073577 0.0992965 0.0992965 0.1131755 0.1275057 0.1275057 0.2060274 0.1631362 0.1737269 0.1676959 0.1346461 0.1317018 0.1837936 0.1823544 0.2303806 0.2303806 0.2918539 0.3445474 0.2918050 0.2628444 0.2765837 0.2096819 0.2613120 0.2721510 0.2587411 0.2638890 0.2785377 0.3023643 0.4136177 0.3181070 0.3525930 0.4091432 0.4214763 0.4004831 0.2868884 0.2951211 0.5227137 0.4565260 0.6537717 0.6422115 0.6237507 0.3406522 0.3173549 0.3392607 0.3927498 0.4213736 0.5238032 0.5238032 0.4877691 0.7577239 0.5573501 0.6324387 0.5833056 0.4912409 0.5959574 0.3647484 0.6838599 0.8952792 0.8952792 0.9196818 0.7597436 1.2773652 
Nvec_v1g237378                                           0.3808968 0.3608006 0.3387005 0.3531923 0.2763945 0.2872924 0.3281020 0.1395027 0.1881853 0.1609318 0.1130032 0.1130032 0.0000000 0.1538441 0.1596322 0.1445412 0.1657256 0.1337803 0.1337803 0.1636342 0.1709378 0.1709378 0.2399928 0.1837785 0.1943388 0.1897937 0.2095644 0.1802135 0.2094779 0.1936266 0.2764693 0.2764693 0.3539559 0.4262363 0.3575755 0.3587887 0.3016854 0.2638906 0.3449232 0.3558042 0.3490298 0.3563051 0.3645056 0.3669579 0.5079964 0.3428635 0.3422724 0.4398853 0.4794059 0.4458299 0.3101629 0.2661923 0.6119076 0.6092870 0.6384822 0.6267998 0.7400922 0.3934870 0.3172772 0.3395804 0.3946014 0.4336760 0.4788472 0.4788472 0.4764970 0.7434427 0.5677540 0.6285363 0.6758338 0.5446865 0.5153398 0.4703477 0.8077467 0.9278796 0.9278796 0.9614764 0.7531896 1.2995761 
Nemnom_g18174.t1                                         0.3866438 0.3666570 0.3174265 0.3317139 0.2868306 0.2471943 0.2984804 0.1443083 0.1932303 0.1830254 0.1234611 0.1234611 0.1538441 0.0000000 0.0236572 0.1447843 0.0854105 0.1527878 0.1527878 0.1996036 0.2172013 0.2172013 0.2772795 0.1416923 0.2172285 0.2009494 0.1848037 0.1736154 0.1838332 0.2003737 0.2592966 0.2592966 0.2890125 0.4029303 0.3845064 0.3050047 0.2860427 0.2710020 0.2952619 0.3063374 0.2996554 0.3058819 0.3138096 0.3382685 0.4156872 0.3240683 0.3251664 0.3667356 0.4624435 0.4459839 0.2549033 0.3485757 0.5921162 0.5964457 0.6577875 0.6832136 0.6828958 0.3372844 0.3457800 0.3690156 0.4213112 0.4093800 0.5906153 0.5906153 0.4576763 0.7617444 0.5729360 0.6449590 0.5718801 0.5446579 0.6217629 0.3900565 0.7865851 0.9157420 0.9157420 0.9074979 0.7703854 1.2940626 
Rhoesc_Res_010867-T1                                     0.3929977 0.3731218 0.3104981 0.3246808 0.2782330 0.2407706 0.3083237 0.1500958 0.1872456 0.1769296 0.1090941 0.1090941 0.1596322 0.0236572 0.0000000 0.1386168 0.0787870 0.1467728 0.1467728 0.1828852 0.2252328 0.2252328 0.2839852 0.1473692 0.2112908 0.1851213 0.1759892 0.1664021 0.1974170 0.1942601 0.2528236 0.2528236 0.2822816 0.3951585 0.3622096 0.2856000 0.2957262 0.2645249 0.3018400 0.3127890 0.2841312 0.2898838 0.3203500 0.3445369 0.4156872 0.3170206 0.3320992 0.3591211 0.4537774 0.4260071 0.2645981 0.3284016 0.5811010 0.5689912 0.6780435 0.7042252 0.6532910 0.3437121 0.3275855 0.3501597 0.4127829 0.3911860 0.6088895 0.6088895 0.4868318 0.7855351 0.5620918 0.6334821 0.5609061 0.5180717 0.6574047 0.4062002 0.7367126 0.9083708 0.9083708 0.8922272 0.7562460 1.2736003 
Skow_XM_002741625.2                                      0.3202217 0.3018841 0.2901174 0.3044134 0.2206109 0.2404586 0.3413072 0.1255563 0.1682636 0.1370822 0.0976916 0.0976916 0.1445412 0.1447843 0.1386168 0.0000000 0.0864274 0.1142256 0.1142256 0.1560328 0.1887709 0.1887709 0.2112542 0.1787410 0.1919418 0.1837452 0.1358604 0.1117260 0.1712739 0.1374244 0.1920903 0.1920903 0.2423510 0.3114430 0.2894508 0.2838799 0.2943073 0.2197906 0.2498515 0.2612385 0.2595925 0.2649545 0.2676473 0.2926429 0.4369456 0.2929463 0.2835020 0.3332217 0.3973158 0.3598835 0.3356510 0.3016765 0.4520505 0.4953530 0.6151383 0.6035513 0.6760074 0.3289197 0.3202799 0.3430324 0.3435567 0.4312304 0.5390548 0.5390548 0.4751806 0.7676630 0.4708786 0.5455973 0.6228057 0.5396926 0.6143939 0.3940223 0.7282946 0.7899084 0.7899084 0.8658518 0.6974709 1.2108198 
Sanmal_Sma_025577-T1                                     0.3357597 0.3136665 0.2742421 0.3067009 0.2422316 0.2275937 0.3126632 0.1396912 0.2026900 0.1645081 0.1073577 0.1073577 0.1657256 0.0854105 0.0787870 0.0864274 0.0000000 0.1664392 0.1664392 0.1975788 0.2092069 0.2092069 0.2318299 0.1223407 0.1835774 0.1787994 0.1373906 0.1350571 0.2103207 0.2013158 0.2185681 0.2185681 0.2573803 0.3266436 0.3226298 0.2315607 0.2699877 0.2231040 0.2378500 0.2487818 0.2473103 0.2521812 0.2545986 0.2785412 0.3850364 0.2850423 0.2999403 0.3203738 0.3986210 0.3490737 0.2229474 0.3068276 0.4892006 0.4843539 0.6017690 0.6257288 0.6608397 0.3343073 0.2842833 0.3045596 0.3464606 0.4198883 0.5124222 0.5124222 0.4435187 0.7463155 0.4588790 0.5447439 0.5416684 0.5600428 0.5674758 0.3992480 0.7022722 0.8664405 0.8664405 0.8508487 0.6636639 1.1527058 
Horcal_Hcv1.av93.c8.g163.i1                              0.3596529 0.3510091 0.3018212 0.3052331 0.2652390 0.2670120 0.3294513 0.1493631 0.1685561 0.1426205 0.0992965 0.0992965 0.1337803 0.1527878 0.1467728 0.1142256 0.1664392 0.0000000 0.0000010 0.0692932 0.1906117 0.1906117 0.2458262 0.2365760 0.2167181 0.2235699 0.1821135 0.1705654 0.2654217 0.1444949 0.2663718 0.2663718 0.2510652 0.3289742 0.3146734 0.3267758 0.3333442 0.2425665 0.3481584 0.3592015 0.3566115 0.3640994 0.3681330 0.3598207 0.4896980 0.3220752 0.2682903 0.3771788 0.4457830 0.4208117 0.3924431 0.3365975 0.5262426 0.5239543 0.6745668 0.6633440 0.6774689 0.3539173 0.3645533 0.3885834 0.3642809 0.4244743 0.5951761 0.5951761 0.4977291 0.7174560 0.5698788 0.5699768 0.6330096 0.4609854 0.6633913 0.4070324 0.7916865 0.8191569 0.8191569 0.9305045 0.8168241 1.3726676 
Pbac_sb2663345                                           0.3596529 0.3510091 0.3018212 0.3052331 0.2652390 0.2670120 0.3294513 0.1493631 0.1685561 0.1426205 0.0992965 0.0992965 0.1337803 0.1527878 0.1467728 0.1142256 0.1664392 0.0000010 0.0000000 0.0692932 0.1906117 0.1906117 0.2458262 0.2365760 0.2167181 0.2235699 0.1821135 0.1705654 0.2654217 0.1444949 0.2663718 0.2663718 0.2510652 0.3289742 0.3146734 0.3267758 0.3333442 0.2425665 0.3481584 0.3592015 0.3566115 0.3640994 0.3681330 0.3598207 0.4896980 0.3220752 0.2682903 0.3771788 0.4457830 0.4208117 0.3924431 0.3365975 0.5262426 0.5239543 0.6745668 0.6633440 0.6774689 0.3539173 0.3645533 0.3885834 0.3642809 0.4244743 0.5951761 0.5951761 0.4977291 0.7174560 0.5698788 0.5699768 0.6330096 0.4609854 0.6633913 0.4070324 0.7916865 0.8191569 0.8191569 0.9305045 0.8168241 1.3726676 
Mlei_ML0117.g27.i1                                       0.3453378 0.3366765 0.3269821 0.3437670 0.2247412 0.2645236 0.3288618 0.1984112 0.2009487 0.1744708 0.1131755 0.1131755 0.1636342 0.1996036 0.1828852 0.1560328 0.1975788 0.0692932 0.0692932 0.0000000 0.2478122 0.2478122 0.3060173 0.2485555 0.2607193 0.2394340 0.2461705 0.2228561 0.2400716 0.2173772 0.2726334 0.2726334 0.2730378 0.3300716 0.2932772 0.2846141 0.3816685 0.3068166 0.3811083 0.3920676 0.3767627 0.3847613 0.4018510 0.4261847 0.5872134 0.3370162 0.3635675 0.4082947 0.4560448 0.4110529 0.4057129 0.3527130 0.5463753 0.4693065 0.6317502 0.6205517 0.6162357 0.3939949 0.3833011 0.4075833 0.3639843 0.5023140 0.5699929 0.5699929 0.5617384 0.6864230 0.5622498 0.5604302 0.5997296 0.5140544 0.6922702 0.3867802 0.7761874 0.7619281 0.7619281 0.9339197 0.8072452 1.4277184 
Horcal_Hcv1.av93.c1.g244.i1                              0.2651751 0.2504783 0.3006653 0.3072437 0.2898687 0.2819822 0.3265911 0.2139953 0.2569001 0.2112358 0.1275057 0.1275057 0.1709378 0.2172013 0.2252328 0.1887709 0.2092069 0.1906117 0.1906117 0.2478122 0.0000000 0.0000010 0.1097521 0.2786052 0.2403000 0.2920298 0.2274541 0.2080021 0.3278868 0.2170394 0.3597811 0.3597811 0.4175650 0.4022388 0.4000681 0.3375891 0.3438309 0.3043023 0.3078343 0.3186553 0.3165448 0.3229363 0.3262868 0.3363711 0.4741400 0.4216199 0.4005299 0.4828819 0.4686350 0.4834742 0.3906176 0.3733748 0.6395755 0.5396459 0.7902430 0.7770481 0.7406470 0.4551775 0.3904572 0.4145678 0.4074221 0.5096081 0.6213365 0.6213365 0.4974685 0.8362360 0.6253427 0.7662645 0.7053060 0.6503634 0.6041606 0.3375595 0.7800175 0.9220737 0.9220737 1.0291939 0.8350911 1.3456434 
Pbac_sb2638267                                           0.2651751 0.2504783 0.3006653 0.3072437 0.2898687 0.2819822 0.3265911 0.2139953 0.2569001 0.2112358 0.1275057 0.1275057 0.1709378 0.2172013 0.2252328 0.1887709 0.2092069 0.1906117 0.1906117 0.2478122 0.0000010 0.0000000 0.1097521 0.2786052 0.2403000 0.2920298 0.2274541 0.2080021 0.3278868 0.2170394 0.3597811 0.3597811 0.4175650 0.4022388 0.4000681 0.3375891 0.3438309 0.3043023 0.3078343 0.3186553 0.3165448 0.3229363 0.3262868 0.3363711 0.4741400 0.4216199 0.4005299 0.4828819 0.4686350 0.4834742 0.3906176 0.3733748 0.6395755 0.5396459 0.7902430 0.7770481 0.7406470 0.4551775 0.3904572 0.4145678 0.4074221 0.5096081 0.6213365 0.6213365 0.4974685 0.8362360 0.6253427 0.7662645 0.7053060 0.6503634 0.6041606 0.3375595 0.7800175 0.9220737 0.9220737 1.0291939 0.8350911 1.3456434 
Mlei_ML2582.g47.i1                                       0.3088026 0.2995003 0.4157139 0.4078311 0.4160531 0.3737993 0.4224580 0.2539827 0.3149037 0.2852049 0.2060274 0.2060274 0.2399928 0.2772795 0.2839852 0.2112542 0.2318299 0.2458262 0.2458262 0.3060173 0.1097521 0.1097521 0.0000000 0.3435243 0.3180175 0.3547291 0.3124051 0.2762276 0.3570885 0.2773096 0.3756244 0.3756244 0.4107617 0.4280476 0.3963050 0.3652835 0.4633549 0.3820466 0.3381532 0.3490934 0.3466390 0.3538142 0.3576526 0.3346086 0.5237911 0.4499463 0.4267804 0.4953368 0.4980163 0.4970042 0.4709213 0.4547562 0.5501625 0.5527070 0.7570864 0.7438687 0.7498034 0.4711614 0.3610222 0.3842190 0.4900884 0.5789799 0.6528304 0.6528304 0.5548952 0.8769485 0.6201728 0.7069777 0.7195722 0.6447263 0.6651319 0.4227440 0.6893338 0.9239728 0.9239728 0.9788127 0.7943021 1.3972315 
Amil_Amillepora10840-RA                                  0.4329575 0.5213763 0.3283751 0.4040550 0.2750286 0.2959828 0.3652843 0.1801704 0.2713400 0.2332647 0.1631362 0.1631362 0.1837785 0.1416923 0.1473692 0.1787410 0.1223407 0.2365760 0.2365760 0.2485555 0.2786052 0.2786052 0.3435243 0.0000000 0.2278653 0.1890179 0.2342510 0.2191517 0.3026985 0.3311484 0.3739603 0.4060701 0.4281021 0.4577469 0.5019406 0.3350010 0.2562137 0.2152652 0.2510284 0.2636450 0.2752926 0.2609346 0.2687578 0.3102809 0.3738318 0.3861894 0.3999215 0.5553480 0.6219022 0.4598410 0.1582069 0.3890699 0.6052121 0.6746982 0.6864074 0.6403943 0.7157322 0.4314042 0.4290086 0.4100085 0.4930195 0.5336504 0.7222989 0.5979173 0.5614663 0.9133006 0.6265924 0.7682286 0.6124387 0.5498787 0.6277289 0.4960982 0.8746741 1.0561728 1.0358697 1.0046501 0.9085156 1.2399641 
Fspp_ffun1.m4.3534.m1                                    0.4033026 0.4392857 0.3252738 0.4081630 0.2923541 0.2620116 0.3653451 0.2311530 0.2361977 0.2208663 0.1737269 0.1737269 0.1943388 0.2172285 0.2112908 0.1919418 0.1835774 0.2167181 0.2167181 0.2607193 0.2403000 0.2403000 0.3180175 0.2278653 0.0000000 0.1720885 0.1736467 0.1041084 0.3039261 0.3232495 0.3545467 0.3957230 0.3773362 0.3957455 0.4221467 0.3645428 0.2977708 0.2205687 0.3452697 0.3394231 0.3711203 0.3605607 0.3643880 0.4064370 0.5858742 0.4314013 0.4445451 0.5149387 0.5841570 0.4674535 0.3278778 0.4264840 0.5761328 0.6004943 0.7482422 0.6912841 0.7368932 0.3761944 0.5299535 0.5265472 0.4633375 0.5061363 0.7096382 0.6279701 0.6137058 0.9902404 0.6536473 0.7552350 0.6509840 0.5875624 0.6379066 0.4818165 0.8411987 1.0289612 1.0289612 0.9434951 0.8297423 1.3025375 
Gfas_gfas1.m1.23595.m1                                   0.4530102 0.5394324 0.3271606 0.3798718 0.3365541 0.3258362 0.4187912 0.2254415 0.2475168 0.2074082 0.1676959 0.1676959 0.1897937 0.2009494 0.1851213 0.1837452 0.1787994 0.2235699 0.2235699 0.2394340 0.2920298 0.2920298 0.3547291 0.1890179 0.1720885 0.0000000 0.2164877 0.1866695 0.2900948 0.3422578 0.4050171 0.4324442 0.4648168 0.4341986 0.5191175 0.3572069 0.3776053 0.3075485 0.3092569 0.3198436 0.3061083 0.3121938 0.3273458 0.3466269 0.4912488 0.4590399 0.4053282 0.5256104 0.6498340 0.4622831 0.2886287 0.4695806 0.5518308 0.6248264 0.7942000 0.6814460 0.7112156 0.3860022 0.5130864 0.5502145 0.4887509 0.4931224 0.7809230 0.6360749 0.5909238 1.0095809 0.6942703 0.7451428 0.6180818 0.6135616 0.6219308 0.4529124 0.8606863 1.1482745 1.1301645 1.0220485 0.8346373 1.2479185 
Hvul_g6104_1                                             0.3807611 0.3525501 0.3036605 0.2764120 0.2543779 0.2004596 0.2704678 0.2078094 0.1756787 0.1756787 0.1346461 0.1346461 0.2095644 0.1848037 0.1759892 0.1358604 0.1373906 0.1821135 0.1821135 0.2461705 0.2274541 0.2274541 0.3124051 0.2342510 0.1736467 0.2164877 0.0000000 0.1458308 0.2726910 0.2673255 0.3332356 0.3332356 0.4009651 0.3937576 0.4160822 0.4243206 0.3270773 0.2229975 0.4137646 0.4291073 0.4243846 0.4371310 0.4443510 0.4501726 0.7525044 0.4896276 0.4307118 0.5165831 0.5355436 0.5608645 0.2077513 0.4490382 0.5668404 0.6831814 0.8147055 0.8279740 0.8557600 0.3823934 0.4126907 0.4498445 0.5362593 0.4621213 0.7613785 0.7613785 0.5372958 0.9314423 0.6762341 0.7995826 0.9315607 0.7422991 0.7559613 0.5341376 1.0581612 1.0027009 1.0027009 1.1591193 0.8594560 1.7581429 
Gasp_gasp1.m3.14868.m1                                   0.4099945 0.4845168 0.2940247 0.3609211 0.2598211 0.2411366 0.3268575 0.1558265 0.1535846 0.1535846 0.1317018 0.1317018 0.1802135 0.1736154 0.1664021 0.1117260 0.1350571 0.1705654 0.1705654 0.2228561 0.2080021 0.2080021 0.2762276 0.2191517 0.1041084 0.1866695 0.1458308 0.0000000 0.2288259 0.2511279 0.3377927 0.3430291 0.4006830 0.3877519 0.4490011 0.3137939 0.2521511 0.1943043 0.3366166 0.3297736 0.3677404 0.3550024 0.3595402 0.3880765 0.5016647 0.4329885 0.3375548 0.4985462 0.5513650 0.4445700 0.1476666 0.4360443 0.5223234 0.7262707 0.8618425 0.7453809 0.8046377 0.2714383 0.4341560 0.4217430 0.4118143 0.4237449 0.6304142 0.5692946 0.5105907 1.0142711 0.6516837 0.8542179 0.7800439 0.5951038 0.5792605 0.4780765 1.0020164 0.8535424 0.8535424 0.8474893 0.8535526 1.4618070 
Cgig_XM_011450537.3                                      0.4316304 0.4143814 0.4142216 0.4024523 0.2589108 0.3689422 0.4278505 0.2460322 0.2039338 0.2189789 0.1837936 0.1837936 0.2094779 0.1838332 0.1974170 0.1712739 0.2103207 0.2654217 0.2654217 0.2400716 0.3278868 0.3278868 0.3570885 0.3026985 0.3039261 0.2900948 0.2726910 0.2288259 0.0000000 0.2576385 0.2022538 0.2022538 0.3382829 0.4327233 0.3572117 0.3493066 0.4173439 0.3539900 0.4019995 0.4130451 0.3972825 0.4058492 0.4234984 0.4480123 0.5693242 0.3654599 0.3170923 0.3887917 0.4370883 0.4192352 0.4429906 0.3427887 0.5303618 0.5206699 0.6303837 0.6188144 0.6905869 0.4098605 0.4569126 0.4838332 0.4605538 0.5750177 0.4950896 0.4950896 0.4964586 0.8141899 0.6080200 0.6142199 0.6861772 0.6273894 0.6151546 0.4316986 0.7240117 0.8439910 0.8439910 0.9177720 0.7321092 1.3680762 
Hsap_ENST00000562982                                     0.3802258 0.5152694 0.3272717 0.4346736 0.3043079 0.3223605 0.3890128 0.2081526 0.2479168 0.2115281 0.1823544 0.1823544 0.1936266 0.2003737 0.1942601 0.1374244 0.2013158 0.1444949 0.1444949 0.2173772 0.2170394 0.2170394 0.2773096 0.3311484 0.3232495 0.3422578 0.2673255 0.2511279 0.2576385 0.0000000 0.3612818 0.3386933 0.3365455 0.4468157 0.5066860 0.3470612 0.4223972 0.3525586 0.3567499 0.3503550 0.3840810 0.3729864 0.3772028 0.4162743 0.4903510 0.3765154 0.3593877 0.5759779 0.6630245 0.4916233 0.4446234 0.4267845 0.5816571 0.7921195 0.8651136 0.7163845 0.7090979 0.3607155 0.5511676 0.5707369 0.4579532 0.4221537 0.8310517 0.6504192 0.5567468 1.0404204 0.5803633 0.7509728 0.6184741 0.5470585 0.6668060 0.5054494 1.0262165 1.1077679 1.0899228 1.0993206 1.0919010 1.3817436 
Codhol_EP00042_Codosiga_hollandica_P027455               0.4255839 0.4874521 0.3811538 0.4546271 0.2823101 0.3484314 0.3625125 0.2656383 0.2911550 0.2538220 0.2303806 0.2303806 0.2764693 0.2592966 0.2528236 0.1920903 0.2185681 0.2663718 0.2663718 0.2726334 0.3597811 0.3597811 0.3756244 0.3739603 0.3545467 0.4050171 0.3332356 0.3377927 0.2022538 0.3612818 0.0000000 0.0440479 0.1895374 0.2454470 0.2499253 0.3618483 0.5307299 0.4505728 0.3980802 0.4090518 0.4058988 0.4145404 0.4193227 0.4436779 0.6029549 0.3442484 0.2975092 0.3098539 0.3548820 0.3173739 0.4800293 0.4802547 0.3839897 0.3825423 0.5266375 0.4528769 0.5941883 0.4017804 0.6737849 0.7185797 0.4781602 0.6225510 0.4355214 0.3640524 0.6019335 0.6935085 0.4192733 0.5088897 0.6733726 0.6749266 0.7379640 0.4644378 0.6374191 1.0381436 0.9920710 1.0397645 0.7873553 1.2491105 
Codhol_EP00042_Codosiga_hollandica_P027456               0.4255839 0.4851489 0.3811538 0.4544540 0.2823101 0.3484314 0.3625125 0.2656383 0.2911550 0.2538220 0.2303806 0.2303806 0.2764693 0.2592966 0.2528236 0.1920903 0.2185681 0.2663718 0.2663718 0.2726334 0.3597811 0.3597811 0.3756244 0.4060701 0.3957230 0.4324442 0.3332356 0.3430291 0.2022538 0.3386933 0.0440479 0.0000000 0.1970281 0.2454470 0.3029883 0.3618483 0.5696367 0.4857648 0.3980802 0.4090518 0.4058988 0.4145404 0.4193227 0.4436779 0.6029549 0.3566323 0.3092064 0.3397797 0.3568820 0.3173739 0.4800293 0.5442761 0.3839897 0.4050036 0.5574533 0.4696163 0.5941883 0.4017804 0.6756815 0.7252456 0.4845206 0.6225510 0.4647009 0.3640524 0.6019335 0.6994234 0.4347829 0.5311211 0.6733726 0.6749266 0.7379640 0.4644378 0.6614476 1.1098836 1.1000032 1.0480929 0.8310706 1.2491105 
Mylflu_EP00047_Mylnosiga_fluctuans_P002407               0.5189536 0.5898136 0.5155334 0.5871126 0.4261567 0.4375074 0.4589303 0.2759961 0.3388572 0.3166628 0.2918539 0.2918539 0.3539559 0.2890125 0.2822816 0.2423510 0.2573803 0.2510652 0.2510652 0.2730378 0.4175650 0.4175650 0.4107617 0.4281021 0.3773362 0.4648168 0.4009651 0.4006830 0.3382829 0.3365455 0.1895374 0.1970281 0.0000000 0.2029836 0.2288176 0.3961411 0.5742792 0.5040797 0.4368223 0.4285503 0.4656452 0.4543427 0.4401980 0.5073581 0.6396812 0.4189322 0.3352237 0.3967564 0.3535134 0.2878515 0.5827999 0.5060533 0.3931928 0.4017362 0.5405155 0.4935040 0.6427279 0.4401989 0.5618594 0.5482719 0.5058651 0.6399883 0.5512087 0.4920294 0.7346385 0.7722937 0.4019060 0.5194702 0.6858808 0.6568266 0.9135826 0.5176874 0.5733061 1.0939622 1.0939622 0.9893041 0.9256238 1.3680701 
Salpun_EP00053_Salpingoeca_punica_P007620                0.5117845 0.5039937 0.4606274 0.4806600 0.4127422 0.3629364 0.3748675 0.3936788 0.3507452 0.3311577 0.3445474 0.3445474 0.4262363 0.4029303 0.3951585 0.3114430 0.3266436 0.3289742 0.3289742 0.3300716 0.4022388 0.4022388 0.4280476 0.4577469 0.3957455 0.4341986 0.3937576 0.3877519 0.4327233 0.4468157 0.2454470 0.2454470 0.2029836 0.0000000 0.2213944 0.4090409 0.5804342 0.5287561 0.4670597 0.4783224 0.4741857 0.4847921 0.4908390 0.4774004 0.7187390 0.4846996 0.4578754 0.4007410 0.3099905 0.4035504 0.6271580 0.5803904 0.3171980 0.2419254 0.4227920 0.4426085 0.6663707 0.5587527 0.5604462 0.5922586 0.5490185 0.7115601 0.5669042 0.5669042 0.6689083 0.6172466 0.5038859 0.4130597 0.6436850 0.6604633 0.8203847 0.5425495 0.4734116 1.0426640 1.0426640 1.0649839 0.8155418 1.4167755 
Salkve_EP00050_Salpingoeca_kvevrii_P005878               0.5676599 0.6307104 0.6031346 0.7125912 0.4995664 0.5048822 0.5066995 0.3317126 0.4245223 0.3890979 0.2918050 0.2918050 0.3575755 0.3845064 0.3622096 0.2894508 0.3226298 0.3146734 0.3146734 0.2932772 0.4000681 0.4000681 0.3963050 0.5019406 0.4221467 0.5191175 0.4160822 0.4490011 0.3572117 0.5066860 0.2499253 0.3029883 0.2288176 0.2213944 0.0000000 0.3994972 0.6213427 0.5839471 0.4130830 0.4294624 0.4322554 0.4171314 0.4355181 0.4752853 0.6580113 0.5068513 0.4558640 0.5533601 0.3829244 0.3549659 0.6581534 0.5100512 0.3202758 0.2931330 0.5051884 0.4581704 0.5830074 0.5536102 0.6318329 0.6416992 0.5389618 0.6338378 0.6420007 0.5492683 0.7174297 0.6702087 0.4073341 0.5814840 0.6193011 0.6094188 0.8812539 0.4542047 0.6672954 1.1728215 1.2006531 1.1098702 0.9148610 1.5269015 
Morvir_scaffold243.g28.t1                                0.4085598 0.3886738 0.3623967 0.4081744 0.3467596 0.3366649 0.3730428 0.3163918 0.3905933 0.3627993 0.2628444 0.2628444 0.3587887 0.3050047 0.2856000 0.2838799 0.2315607 0.3267758 0.3267758 0.2846141 0.3375891 0.3375891 0.3652835 0.3350010 0.3645428 0.3572069 0.4243206 0.3137939 0.3493066 0.3470612 0.3618483 0.3618483 0.3961411 0.4090409 0.3994972 0.0000000 0.4467701 0.3984427 0.4639106 0.4748847 0.4581839 0.4681957 0.4869746 0.5111491 0.6758076 0.5269852 0.5283371 0.5009229 0.4537426 0.4526019 0.4554441 0.4544751 0.5783222 0.5133823 0.6987665 0.6790492 0.6933037 0.5145837 0.4904845 0.5174761 0.4252679 0.6376321 0.6308892 0.6308892 0.6696524 0.8618888 0.5577645 0.6655655 0.6445142 0.6610479 0.6800006 0.3850737 0.7604297 0.9042795 0.9042795 1.2203070 0.8365897 1.3217589 
Spis_XP_022803007_1                                      0.4750520 0.5792462 0.3995969 0.4746311 0.3821569 0.3820693 0.3726400 0.2641868 0.3667483 0.2952674 0.2765837 0.2765837 0.3016854 0.2860427 0.2957262 0.2943073 0.2699877 0.3333442 0.3333442 0.3816685 0.3438309 0.3438309 0.4633549 0.2562137 0.2977708 0.3776053 0.3270773 0.2521511 0.4173439 0.4223972 0.5307299 0.5696367 0.5742792 0.5804342 0.6213427 0.4467701 0.0000000 0.0644916 0.4158042 0.4284855 0.4447377 0.4286605 0.4377821 0.4569271 0.5567843 0.4421916 0.4813552 0.6057857 0.6693571 0.6139925 0.4335170 0.3816221 0.7948540 0.8105221 0.9587460 0.8816479 0.8655121 0.5055978 0.5698277 0.5483078 0.5692066 0.5667235 0.8458718 0.7122649 0.5325000 1.1656728 0.8075398 0.8331239 0.7197464 0.6724299 0.6820970 0.4809031 1.0697859 1.2740260 1.2493906 1.0173201 1.0179276 1.4467070 
Pocdam_XM_027191793.1                                    0.4370692 0.5385681 0.3349121 0.4071802 0.3202320 0.3212035 0.3868465 0.2477612 0.2992592 0.2327207 0.2096819 0.2096819 0.2638906 0.2710020 0.2645249 0.2197906 0.2231040 0.2425665 0.2425665 0.3068166 0.3043023 0.3043023 0.3820466 0.2152652 0.2205687 0.3075485 0.2229975 0.1943043 0.3539900 0.3525586 0.4505728 0.4857648 0.5040797 0.5287561 0.5839471 0.3984427 0.0644916 0.0000000 0.3628462 0.3753382 0.3940034 0.3788584 0.3830867 0.3976099 0.5063079 0.3833390 0.4433006 0.6227597 0.6535578 0.5383092 0.4105915 0.3905654 0.6849449 0.7728142 0.9247286 0.8472754 0.8481905 0.4245797 0.5483613 0.5275843 0.5067207 0.5055774 0.8446649 0.7097256 0.6122658 1.1843834 0.7420669 0.7735014 0.7294252 0.6464293 0.7827838 0.4638776 1.0288857 1.1457911 1.1238809 0.9628297 0.9510542 1.3625457 
HoiH23_PlH23_001634-RA                                   0.4047465 0.4000031 0.4017768 0.4149653 0.4276122 0.3765410 0.4605049 0.3322526 0.3583750 0.3239999 0.2613120 0.2613120 0.3449232 0.2952619 0.3018400 0.2498515 0.2378500 0.3481584 0.3481584 0.3811083 0.3078343 0.3078343 0.3381532 0.2510284 0.3452697 0.3092569 0.4137646 0.3366166 0.4019995 0.3567499 0.3980802 0.3980802 0.4368223 0.4670597 0.4130830 0.4639106 0.4158042 0.3628462 0.0000000 0.0000010 0.0113681 0.0113681 0.0114396 0.0466206 0.1868662 0.4338364 0.4655350 0.4611778 0.5062104 0.5211114 0.4720347 0.4302840 0.5657048 0.5375463 0.6637314 0.6712982 0.6694466 0.5254809 0.3663559 0.3663559 0.4970115 0.5841409 0.6538109 0.6538109 0.5834569 0.8439066 0.7122710 0.7303818 0.5552127 0.6312667 0.6886248 0.4715333 0.7764282 0.9766872 0.9766872 0.9278901 0.8131003 1.2943797 
HoiH06_mRNA5267                                          0.4159153 0.4111043 0.4126238 0.4257605 0.4276122 0.3875929 0.4713648 0.3433552 0.3692880 0.3353489 0.2721510 0.2721510 0.3558042 0.3063374 0.3127890 0.2612385 0.2487818 0.3592015 0.3592015 0.3920676 0.3186553 0.3186553 0.3490934 0.2636450 0.3394231 0.3198436 0.4291073 0.3297736 0.4130451 0.3503550 0.4090518 0.4090518 0.4285503 0.4783224 0.4294624 0.4748847 0.4284855 0.3753382 0.0000010 0.0000000 0.0225671 0.0113681 0.0114396 0.0578299 0.1868662 0.4500742 0.4812823 0.4761196 0.5173607 0.5323496 0.4841488 0.4430089 0.5773676 0.5489872 0.6821165 0.6897688 0.6814952 0.5364955 0.3780521 0.3796868 0.5081024 0.5961948 0.6656934 0.6656934 0.5948340 0.8566448 0.7311372 0.7426700 0.5665104 0.6433615 0.7006504 0.4825794 0.7889415 0.9979678 0.9979678 0.9346442 0.8255974 1.2943797 
Hhon_g00981.t1                                           0.4126223 0.4078898 0.4094635 0.4224560 0.4488906 0.3846752 0.4637394 0.3365074 0.3666151 0.3329566 0.2587411 0.2587411 0.3490298 0.2996554 0.2841312 0.2595925 0.2473103 0.3566115 0.3566115 0.3767627 0.3165448 0.3165448 0.3466390 0.2752926 0.3711203 0.3061083 0.4243846 0.3677404 0.3972825 0.3840810 0.4058988 0.4058988 0.4656452 0.4741857 0.4322554 0.4581839 0.4447377 0.3940034 0.0113681 0.0225671 0.0000000 0.0000010 0.0230284 0.0575978 0.1868662 0.4629679 0.5047826 0.4989725 0.5127303 0.5101529 0.4755204 0.4505917 0.5716347 0.5302270 0.7073346 0.7151836 0.6590983 0.5316549 0.3588054 0.3829626 0.5405662 0.5670639 0.6548417 0.6548417 0.5854189 0.8417305 0.7612730 0.7339404 0.5476544 0.6216447 0.6891286 0.4656394 0.7356208 1.0033613 1.0033613 0.9855238 0.7994752 1.3280042 
HoiH04_mRNA13264                                         0.4215851 0.4166811 0.4180917 0.4313590 0.4488906 0.3928534 0.4737776 0.3436308 0.3742562 0.3400658 0.2638890 0.2638890 0.3563051 0.3058819 0.2898838 0.2649545 0.2521812 0.3640994 0.3640994 0.3847613 0.3229363 0.3229363 0.3538142 0.2609346 0.3605607 0.3121938 0.4371310 0.3550024 0.4058492 0.3729864 0.4145404 0.4145404 0.4543427 0.4847921 0.4171314 0.4681957 0.4286605 0.3788584 0.0113681 0.0113681 0.0000010 0.0000000 0.0230284 0.0586374 0.1868662 0.4511355 0.4829567 0.4786366 0.5241991 0.5216852 0.4870485 0.4343856 0.5851714 0.5425110 0.6810560 0.6887452 0.6753887 0.5434524 0.3668536 0.3668536 0.5148554 0.5808429 0.6708095 0.6708095 0.5990148 0.8634186 0.7341090 0.7524242 0.5602188 0.6370548 0.7061365 0.4758993 0.7542718 0.9718330 0.9718330 0.9539668 0.8197613 1.3280042 
HoiH11_mRNA7082                                          0.4265627 0.4215515 0.4228721 0.4363217 0.4556316 0.3973307 0.4832363 0.3518888 0.3783959 0.3438420 0.2785377 0.2785377 0.3645056 0.3138096 0.3203500 0.2676473 0.2545986 0.3681330 0.3681330 0.4018510 0.3262868 0.3262868 0.3576526 0.2687578 0.3643880 0.3273458 0.4443510 0.3595402 0.4234984 0.3772028 0.4193227 0.4193227 0.4401980 0.4908390 0.4355181 0.4869746 0.4377821 0.3830867 0.0114396 0.0114396 0.0230284 0.0230284 0.0000000 0.0590475 0.1868662 0.4566218 0.4888722 0.4845142 0.5308140 0.5252793 0.4977765 0.4527384 0.5931020 0.5636660 0.6945687 0.7024192 0.7004249 0.5502886 0.3880813 0.3880813 0.5213047 0.6129544 0.6839795 0.6839795 0.6106037 0.8804664 0.7448060 0.7634238 0.5551367 0.6614142 0.7199861 0.4949689 0.8110637 0.9878663 0.9878663 0.9690194 0.8484043 1.3501884 
TrH2_TrispH2_005331-RA                                   0.4063544 0.4017613 0.4282691 0.4414225 0.4732517 0.4218461 0.4843399 0.3487045 0.4026321 0.3689812 0.3023643 0.3023643 0.3669579 0.3382685 0.3445369 0.2926429 0.2785412 0.3598207 0.3598207 0.4261847 0.3363711 0.3363711 0.3346086 0.3102809 0.4064370 0.3466269 0.4501726 0.3880765 0.4480123 0.4162743 0.4436779 0.4436779 0.5073581 0.4774004 0.4752853 0.5111491 0.4569271 0.3976099 0.0466206 0.0578299 0.0575978 0.0586374 0.0590475 0.0000000 0.1094338 0.4531415 0.5012618 0.4778367 0.5551913 0.5786650 0.5170275 0.4719388 0.5532007 0.5259549 0.6815723 0.6855042 0.6755549 0.5742631 0.3846218 0.4099467 0.5487102 0.6097310 0.7012920 0.7012920 0.5779502 0.7808111 0.8049008 0.7637241 0.5936991 0.6429229 0.7236281 0.4795609 0.7578335 1.0772514 1.0772514 0.9616105 0.7807277 1.3138445 
Tadh_wf_g4578.t1                                         0.5843038 0.5754507 0.5880754 0.6307008 0.6673505 0.6090458 0.6674958 0.4477734 0.5589911 0.5126900 0.4136177 0.4136177 0.5079964 0.4156872 0.4156872 0.4369456 0.3850364 0.4896980 0.4896980 0.5872134 0.4741400 0.4741400 0.5237911 0.3738318 0.5858742 0.4912488 0.7525044 0.5016647 0.5693242 0.4903510 0.6029549 0.6029549 0.6396812 0.7187390 0.6580113 0.6758076 0.5567843 0.5063079 0.1868662 0.1868662 0.1868662 0.1868662 0.1868662 0.1094338 0.0000000 0.6211572 0.6210562 0.7025678 0.7862414 0.7742280 0.7392937 0.5689743 0.8261363 0.7462463 0.9120777 0.9191489 1.0430483 0.6942994 0.6106085 0.6106085 0.6706559 0.7382927 1.0041795 1.0041795 0.7839359 1.1897705 1.1044014 1.1378415 0.7056896 0.7508745 1.0294743 0.6136716 1.1658215 1.1816962 1.1816962 1.3919130 1.2136599 1.3494636 
Cscu_XM_023385450.1                                      0.4649708 0.4747043 0.4614653 0.5156196 0.4385614 0.4047575 0.4099475 0.3457355 0.3752811 0.3467887 0.3181070 0.3181070 0.3428635 0.3240683 0.3170206 0.2929463 0.2850423 0.3220752 0.3220752 0.3370162 0.4216199 0.4216199 0.4499463 0.3861894 0.4314013 0.4590399 0.4896276 0.4329885 0.3654599 0.3765154 0.3442484 0.3566323 0.4189322 0.4846996 0.5068513 0.5269852 0.4421916 0.3833390 0.4338364 0.4500742 0.4629679 0.4511355 0.4566218 0.4531415 0.6211572 0.0000000 0.3658668 0.4052908 0.5833019 0.5297685 0.6088737 0.4213005 0.6398252 0.6566202 0.6019043 0.6252584 0.6233441 0.5297668 0.5446708 0.5515332 0.4235743 0.6025963 0.7028742 0.6768073 0.5941399 0.6981847 0.5480231 0.6296880 0.7432508 0.6299229 0.7874335 0.5742067 0.7806416 0.9301002 0.9301002 0.6269708 1.0017040 1.0886835 
Tcas_TC030050_001                                        0.4314274 0.4298964 0.4223432 0.4180123 0.3401409 0.4346879 0.4300577 0.2411922 0.3337854 0.2849125 0.3525930 0.3525930 0.3422724 0.3251664 0.3320992 0.2835020 0.2999403 0.2682903 0.2682903 0.3635675 0.4005299 0.4005299 0.4267804 0.3999215 0.4445451 0.4053282 0.4307118 0.3375548 0.3170923 0.3593877 0.2975092 0.3092064 0.3352237 0.4578754 0.4558640 0.5283371 0.4813552 0.4433006 0.4655350 0.4812823 0.5047826 0.4829567 0.4888722 0.5012618 0.6210562 0.3658668 0.0000000 0.3039843 0.5269809 0.5135032 0.5257941 0.4608379 0.5803619 0.5846842 0.5772770 0.5462113 0.7597306 0.4238218 0.5695565 0.5689654 0.5070103 0.6506012 0.7511465 0.7242343 0.5383082 0.7742203 0.5605311 0.7289985 0.8296075 0.7451754 0.6294219 0.5562395 0.8178948 0.7514783 0.7514783 0.8668300 0.8045247 1.2236716 
