99
Emue_Em0019g1177a.t1                                   0.0000000 0.0559340 0.3962096 0.7194030 0.7209988 0.6893651 0.2957528 0.7305054 0.6646070 1.1211744 0.7377872 1.2292843 0.8694672 0.7889452 0.8100598 0.8067980 0.7675961 0.7493577 0.7411699 0.7511000 0.5258578 0.4953332 0.8044259 0.8014792 0.8313500 0.7627384 0.7627384 0.7981739 0.7922912 0.8112617 0.8281452 0.8942462 0.5604734 0.9296834 0.5614959 0.5269798 0.7496066 0.9230675 0.9081970 0.9143516 0.9586694 0.9497830 0.9121370 0.9282680 0.9616754 0.7766198 0.6684941 1.0785306 1.4869799 1.1716952 1.4560817 1.1395030 1.5177271 1.2460881 1.1988968 1.2555155 1.1298774 1.1403146 1.3516387 1.1366386 0.6712432 1.1328055 1.1588704 1.7065707 1.1635763 0.9845180 1.1713989 1.7127840 1.0309477 0.8927571 1.0921642 1.0525605 1.0690656 0.9689751 1.3678162 1.2983779 1.5738037 1.3720366 1.4321820 1.5648184 2.1140158 2.0619827 1.7523643 1.6314718 1.5499463 1.6446097 1.6934884 1.6707329 1.4272923 1.8738121 1.6989227 2.1788803 1.9661476 2.6454436 2.4818847 2.1220970 1.7421796 2.4452738 1.3311059 
Spolac_c102889_g1_i1_m.31479c102889-g1                 0.0559340 0.0000000 0.3838937 0.7005356 0.7052495 0.6796963 0.2831632 0.7168850 0.6648434 1.0896522 0.7351836 1.1858776 0.8734574 0.7826383 0.8120869 0.8207426 0.7748678 0.7435426 0.7498152 0.7550545 0.5424123 0.4979590 0.8029667 0.8058222 0.8289542 0.7909529 0.7909529 0.7883742 0.7746979 0.8098161 0.8172923 0.8880086 0.6037987 0.9215525 0.5704538 0.5267085 0.7364823 0.9369101 0.9309789 0.9368774 0.9757154 0.9627595 0.9257117 0.9392431 0.9552859 0.7869124 0.6739518 1.0802894 1.5025435 1.1979353 1.4633457 1.1495962 1.4949081 1.2033207 1.1670485 1.2534734 1.1368812 1.1468850 1.3473760 1.1390222 0.6688187 1.1470901 1.1717494 1.6530957 1.1817680 0.9753876 1.1725042 1.7556957 1.0071131 0.8572029 1.0879595 1.0264532 1.0539473 0.9470993 1.3506295 1.2446405 1.5904914 1.3857161 1.4559725 1.4855279 2.1692064 2.2121053 1.6978426 1.5962774 1.5604919 1.6421309 1.6882490 1.6459143 1.3556853 1.9218615 1.6932510 2.2340661 1.9381425 2.5934679 2.3329734 2.0792954 1.7695364 2.3290606 1.2758600 
Tetwil_g6151.t1                                        0.3962096 0.3838937 0.0000000 0.6714515 0.6753838 0.6569830 0.3327125 0.6989528 0.6853254 1.0506227 0.6886322 1.1266869 0.8899274 0.6901808 0.7629025 0.8107195 0.7387068 0.7191099 0.7076322 0.7458974 0.4680733 0.4477864 0.7802278 0.8170754 0.8044502 0.7204863 0.7204863 0.7331944 0.7822693 0.7837437 0.8182494 0.8711926 0.5600933 0.8872789 0.5093868 0.4962579 0.6452435 0.8723176 0.8452385 0.8579131 0.8965868 0.8619738 0.8625090 0.8763965 0.8999264 0.7483588 0.6322280 0.9636394 1.3756908 0.9172227 1.4044719 1.1073472 1.3344375 1.0220757 0.9523594 1.2766717 1.1143207 1.1241836 1.3107991 1.1347297 0.7219485 1.1305552 1.1584448 1.3774123 1.1400344 0.9644867 0.9625876 1.7565736 1.1390932 0.8684539 1.0322999 0.9914222 0.9907679 0.9285561 1.3373651 1.3690677 1.5417916 1.3928892 1.2811876 1.4360711 2.0424806 2.0979709 1.5207084 1.4644149 1.4792064 1.5698674 1.7253365 1.7257204 1.2668740 1.7682651 1.6139890 2.0948738 1.9415574 2.5558995 2.4975757 2.0769735 1.9896087 2.0678037 1.2155053 
Spis_XP_022799400_1                                    0.7194030 0.7005356 0.6714515 0.0000000 0.0168903 0.0873273 0.0739059 0.1054595 0.1311693 0.1186325 0.3006628 0.2055545 0.1935678 0.3515596 0.4703235 0.5269271 0.6510664 0.6230906 0.6350046 0.6336925 0.3616984 0.7407766 0.6974193 0.7564552 0.7644630 0.7603403 0.7603403 0.6905821 0.7701423 0.8086575 0.8119708 0.9279105 0.6760489 0.8922671 0.8095355 0.7819737 0.9868188 0.8494113 0.8280598 0.8449368 0.8648419 0.8647030 0.8250825 0.8248628 0.9579510 0.6270072 0.6672847 1.0660802 1.3229206 0.8671213 1.3096665 1.0312780 1.2231031 0.9424211 0.9590536 1.1955989 1.0537111 1.0704755 1.2661062 1.0563961 0.6068179 1.0399908 1.0575721 1.4101873 1.0881460 0.8841916 0.8453017 1.7663781 1.0580916 0.7471222 0.8247666 1.0395980 1.0318203 0.9720915 1.3608779 1.1353613 1.4758836 1.4590259 1.2959998 1.4099189 2.0442322 2.0590933 1.6600113 1.5623545 1.5759901 1.6936815 1.8358231 1.6783906 1.2407733 1.8798789 1.7407920 2.1082632 1.9937378 2.5523064 2.4155173 2.0238852 1.4369935 2.2563245 1.0705545 
Pocdam_XM_027200945.1                                  0.7209988 0.7052495 0.6753838 0.0168903 0.0000000 0.0907999 0.0797731 0.1037292 0.1300128 0.1185404 0.2960887 0.2359076 0.2018870 0.3504457 0.4810734 0.5279308 0.6533180 0.6252526 0.6338450 0.6219563 0.3611282 0.7479864 0.7004536 0.7548626 0.7678602 0.7652780 0.7652780 0.6790153 0.7694016 0.8081313 0.8188491 0.9369866 0.6834591 0.8989814 0.8154270 0.7988909 0.9822832 0.8504646 0.8270633 0.8411142 0.8644919 0.8651071 0.8223214 0.8241310 0.9748146 0.6237836 0.6559191 1.0875776 1.3188658 0.8540787 1.2943090 1.0152243 1.1963061 0.9186658 0.9386481 1.2259261 1.0356539 1.0522171 1.2507625 1.0475924 0.6044022 1.0313203 1.0521441 1.3724201 1.0798096 0.8707526 0.8453017 1.7687576 1.0379300 0.7530230 0.8186832 1.0435768 1.0388703 0.9727579 1.3639460 1.1289558 1.4862979 1.4717177 1.2674327 1.4037219 2.0169098 2.0319861 1.6603069 1.5514284 1.5655635 1.6871840 1.8202649 1.6846588 1.2397348 1.8702212 1.7386533 2.1153753 1.9665610 2.5227962 2.4278695 2.0141463 1.5005422 2.2813293 1.0801639 
Gasp_gasp1.m3.26294.m1                                 0.6893651 0.6796963 0.6569830 0.0873273 0.0907999 0.0000000 0.0414853 0.0678017 0.1021859 0.1129678 0.2838209 0.2754027 0.1950130 0.3231200 0.4589081 0.5255780 0.6429377 0.6110644 0.6274519 0.6220127 0.3465608 0.7509573 0.6837378 0.7160494 0.7494327 0.7413773 0.7413773 0.6930917 0.7501271 0.8048987 0.8119083 0.9453726 0.6653090 0.8947003 0.8077640 0.7776069 0.9609779 0.8346134 0.8137869 0.8316152 0.8574787 0.8446445 0.8112569 0.8123129 0.9533287 0.6220838 0.6140915 1.0516855 1.3167879 0.8603890 1.2908580 1.0277291 1.2070020 0.9413116 0.9551117 1.1612059 1.0415868 1.0581507 1.2428741 1.0399726 0.6056204 1.0187827 1.0636747 1.4188949 1.0909396 0.8810673 0.8978777 1.7494340 1.0386941 0.7714720 0.8304922 1.0303264 1.0261082 0.9603428 1.3606837 1.1282661 1.4436809 1.4447432 1.2759219 1.2921006 1.9615526 1.9681842 1.6126527 1.5385896 1.5329815 1.6647505 1.8028991 1.6432646 1.2538896 1.8030130 1.6611761 2.0516186 1.9482445 2.5563540 2.3214654 2.0115390 1.5040227 2.3062606 1.1153776 
Gfas_gfas1.m1.10186.m1                                 0.2957528 0.2831632 0.3327125 0.0739059 0.0797731 0.0414853 0.0000000 0.0451935 0.0827859 0.0000010 0.2000463 0.0000010 0.0806336 0.1779237 0.2274870 0.2339872 0.3144085 0.2992417 0.3279836 0.3311387 0.3456344 0.3606871 0.4598235 0.4207893 0.4140420 0.3369468 0.3369468 0.4293654 0.4258588 0.4965946 0.4388811 0.5314767 0.5068191 0.5022451 0.4213336 0.4373942 0.0000010 0.4415727 0.4488413 0.4579227 0.4501496 0.4724953 0.4323274 0.4323274 0.4973109 0.2711240 0.4028761 0.5694872 2.2028871 0.0000010 1.2146995 0.8117652 2.9557219 0.0000010 0.0000010 1.2026948 0.6301279 0.7311151 1.6521954 0.9421195 0.7848301 0.9339194 0.8721135 0.0000010 0.9794144 0.8688355 0.0000010 1.6521954 1.0555360 0.4222272 0.4337622 0.6707680 0.6707680 0.6400204 0.9123686 1.0852925 0.9237664 0.8020687 0.9797832 0.0000010 1.2903725 1.1800371 1.1804512 1.1584170 0.9416315 1.1820350 1.1319043 1.1319043 0.0000010 1.1489202 1.1836875 1.4628896 1.1502256 1.9236836 1.1900997 1.2327027 0.6619415 0.0000010 0.0000010 
Fspp_ffun1.m4.12396.m1                                 0.7305054 0.7168850 0.6989528 0.1054595 0.1037292 0.0678017 0.0451935 0.0000000 0.1058871 0.1101254 0.3022359 0.2355479 0.1846119 0.3118534 0.4587002 0.5193888 0.6227252 0.6012682 0.6130867 0.6138738 0.2927463 0.7871869 0.6845635 0.7343805 0.7752537 0.7589868 0.7589868 0.6923988 0.7384774 0.7691906 0.8208505 0.9426989 0.6718632 0.9083476 0.8669114 0.8233407 0.9759256 0.8655967 0.8435741 0.8625586 0.8673362 0.8612237 0.8488319 0.8413855 0.9836422 0.5881646 0.6484646 1.0468987 1.2902255 0.8497852 1.2446310 1.0150639 1.2146432 0.9323952 0.9489168 0.9095970 1.0369479 1.0534772 1.2263410 0.9855222 0.5925612 0.9908535 1.0287005 1.4026188 1.0434778 0.8580133 0.8856353 1.6697728 0.6597272 0.7830129 0.8130138 0.9904533 0.9818130 0.9071484 1.3469149 1.0527329 1.5180124 1.4511127 1.2273847 1.2587589 2.0667077 2.0882710 1.6600581 1.5538532 1.6068550 1.6707264 1.9756112 1.6661297 1.2260526 1.8686759 1.7456019 2.0704430 1.9262589 2.4335826 2.3419703 2.1511727 3.6176211 2.2335500 1.0292123 
Amil_Amillepora31841-RA                                0.6646070 0.6648434 0.6853254 0.1311693 0.1300128 0.1021859 0.0827859 0.1058871 0.0000000 0.0767950 0.2976256 0.1009030 0.0663853 0.3531210 0.4493410 0.4826547 0.6014175 0.5703628 0.5886015 0.5866785 0.3865851 0.7345515 0.6753656 0.7283362 0.7328244 0.7353839 0.7353839 0.7182977 0.7134465 0.7843507 0.7865890 0.8871066 0.6881724 0.8312677 0.7672486 0.7623001 0.8642590 0.8017958 0.7813913 0.7991149 0.8190556 0.8056397 0.7853771 0.7824977 0.9257906 0.5715631 0.6262805 1.0078164 1.3231784 0.8538982 1.2869294 0.9993489 1.1670466 0.9322853 0.9015640 1.3837611 1.0470265 1.0653918 1.2504756 1.0611771 0.6532471 1.0489608 1.0406729 1.1717642 1.0893294 0.9255985 0.8815111 1.9993604 1.0845990 0.7410821 0.7621931 0.9696274 0.9729346 0.9310642 1.3102027 1.1314647 1.3917859 1.4347906 1.2156533 1.3140751 2.0070235 1.9977235 1.6093650 1.5644792 1.4733983 1.6045998 1.8621793 1.5239330 1.1458815 1.8011588 1.6004039 1.9372452 1.7945485 2.1552013 2.2367814 2.0076238 1.5818296 2.2508154 1.1147881 
Gfas_gfas1.m1.2347.m1                                  1.1211744 1.0896522 1.0506227 0.1186325 0.1185404 0.1129678 0.0000010 0.1101254 0.0767950 0.0000000 0.4093040 0.1630823 0.1918231 0.4887742 0.6493481 0.7589670 0.9183505 0.8682766 0.8830051 0.8841235 0.0000010 1.2054151 0.9150377 1.0745431 1.1260099 1.1432733 1.1432733 0.9904546 1.1396740 1.1111198 1.3147870 1.3661500 5.5915721 1.3793370 1.2553053 1.1788517 0.9633599 1.2223354 1.2021570 1.2075466 1.2083045 1.2450061 1.2216902 1.2499494 1.6108749 0.8837714 2.1120692 1.6039847 1.2778087 0.8647672 1.2412036 1.2552648 1.2492898 0.9437382 0.9769153 0.1402428 1.3086686 1.3086686 1.3086686 1.2866522 0.0000010 1.2804756 1.4111349 1.4475697 1.3043260 1.0923610 0.7858212 2.3003193 0.0000010 1.0471580 0.9574222 1.5083559 1.5637960 1.3125770 1.6760384 0.0000010 1.9432906 1.9410562 1.5404755 8.2564576 2.5735816 2.6706766 1.9580764 1.8638922 1.9849572 2.0328529 7.6245047 1.9494167 1.4146193 2.1005621 1.9440432 2.3664040 2.6626103 2.4596663 2.8968462 2.5270058 2.5743661 2.4116069 1.0459670 
Exapal_XM_021059951.2                                  0.7377872 0.7351836 0.6886322 0.3006628 0.2960887 0.2838209 0.2000463 0.3022359 0.2976256 0.4093040 0.0000000 0.6690889 0.4684611 0.2475870 0.5165343 0.5613321 0.6662942 0.6303031 0.6308839 0.6377150 0.4010085 0.7701610 0.7358473 0.7577736 0.7666139 0.7381229 0.7381229 0.7128394 0.7377600 0.8296652 0.8711338 0.9420578 0.7200514 0.9231908 0.8480109 0.8020729 1.0963681 0.8794005 0.8565837 0.8489832 0.8695512 0.8767215 0.8709376 0.8683637 0.9495623 0.6413614 0.6290845 1.0794493 1.2864155 0.8253878 1.2329737 1.0125290 1.2346529 0.9003514 0.9046678 1.1397322 1.0843412 1.1016099 1.2750605 1.0564968 0.6336417 1.0555803 1.0714982 1.4133466 1.0536989 0.8678904 0.9005439 1.6827821 0.9573519 0.7478778 0.9000943 1.0624382 1.0505340 1.0483334 1.3304643 1.1944449 1.5205011 1.4837601 1.2998578 1.4228275 2.0628499 2.1024059 1.6630359 1.6113962 1.5718248 1.6813796 1.8197084 1.7237603 1.2119785 1.8465993 1.7172127 2.2928152 1.9671017 2.5125233 2.3657083 2.0384508 1.7039444 2.3143334 1.1276261 
Adig_XM_015895258.1                                    1.2292843 1.1858776 1.1266869 0.2055545 0.2359076 0.2754027 0.0000010 0.2355479 0.1009030 0.1630823 0.6690889 0.0000000 0.0000010 0.6276406 0.9652145 1.0239060 1.0770028 1.0316450 1.0962637 1.1502629 0.0000010 1.6180783 1.2873699 1.5478035 1.5157550 1.4646969 1.4646969 1.2733705 1.3840264 1.4874740 1.6875358 1.5826600 0.0000010 1.8619230 2.0333300 1.6960216 1.5652314 1.4626474 1.4439306 1.4814707 1.4814707 1.4814122 1.5540324 1.6605644 1.9023490 1.0565236 0.5802434 2.0635499 1.5250214 1.0317473 1.4531407 1.6443162 1.6443162 1.1292278 1.2870045 0.0000010 1.5081409 1.5081409 1.5081409 1.4944733 0.0000010 1.5423394 1.6770778 1.6602247 1.7449765 1.1850266 5.3000222 7.3957965 0.0000010 1.3386461 1.3569523 1.7878504 1.7218330 1.8997641 1.9396036 0.0000010 2.1428416 2.4416729 1.9435841 0.0000010 2.3146736 2.5896285 1.9580127 1.8645205 1.9822635 2.7612091 9.0000000 2.1359525 2.0438174 2.2336628 2.9125667 2.3783343 2.5534286 2.5534286 2.3942414 2.5209132 2.5342926 3.6048190 1.2875059 
Adig_XM_015896175.1                                    0.8694672 0.8734574 0.8899274 0.1935678 0.2018870 0.1950130 0.0806336 0.1846119 0.0663853 0.1918231 0.4684611 0.0000010 0.0000000 0.5078861 0.5792449 0.6271654 0.7677908 0.7637484 0.7847365 0.7826802 0.3864501 1.0216578 0.8795986 0.9844047 0.9592155 0.9319073 0.9319073 0.8732925 0.9880859 1.0760027 1.1970281 1.3516691 0.6345903 1.2833277 1.0697721 1.1313490 1.8486546 0.9931409 0.9828294 1.0022651 1.0769484 1.0289678 1.0072092 1.0380784 1.2234371 0.8589222 0.4368293 1.3033260 2.0541834 1.3438346 1.6517973 1.4893427 1.9855117 1.4395617 1.5003897 1.1818780 1.6913131 1.7493768 2.0183380 1.4861832 0.7279850 1.4539357 1.4965433 1.8744247 1.6071213 1.3364034 6.6435142 3.4355390 1.1736438 1.0925299 1.4733299 1.2953931 1.2661712 1.2320139 1.4245496 1.0400652 1.6244266 1.7050195 1.6303549 2.5791350 2.1705406 2.0337282 1.7975279 1.7379354 1.6490893 1.9420082 1.4905548 1.7142598 2.2261740 1.9101242 2.0034104 2.1139208 2.0735767 2.9651147 2.3127866 2.1013474 0.9014478 3.6930343 1.6071018 
Nvec_v1g89357                                          0.7889452 0.7826383 0.6901808 0.3515596 0.3504457 0.3231200 0.1779237 0.3118534 0.3531210 0.4887742 0.2475870 0.6276406 0.5078861 0.0000000 0.5828454 0.6274759 0.6868968 0.6714977 0.6712619 0.6827821 0.4512138 0.7793915 0.7623371 0.8064783 0.8236652 0.8115026 0.8115026 0.7706822 0.7783619 0.8200053 0.9007523 0.9575633 0.7238384 0.9618250 0.8432106 0.8268574 0.9567433 0.9008644 0.8777971 0.8722456 0.8743173 0.9053673 0.8924344 0.9023088 0.9867465 0.6278594 0.7052347 1.1164994 1.3071895 0.7370180 1.2359961 1.0015244 1.1275922 0.8008295 0.8372536 0.9556301 1.0665666 1.0834433 1.2465971 1.0268084 0.6362088 1.0430817 1.0285702 1.3245565 1.0764349 0.8717889 0.9276853 1.9591611 0.6523367 0.8333342 0.9180723 1.0957482 1.0801281 0.9805771 1.3403046 1.1658351 1.5683984 1.5197486 1.2566970 1.3969247 2.1455247 2.2214788 1.5922823 1.5284606 1.6379146 1.7522857 1.9420439 1.7592340 1.2198800 1.9798310 1.7606209 2.2333473 1.9587415 2.4415852 2.3541482 1.9802359 2.6195045 2.2240842 1.1361136 
Dgig_XM_028540523.1                                    0.8100598 0.8120869 0.7629025 0.4703235 0.4810734 0.4589081 0.2274870 0.4587002 0.4493410 0.6493481 0.5165343 0.9652145 0.5792449 0.5828454 0.0000000 0.2225124 0.6099306 0.6104880 0.6409522 0.6424716 0.3802246 0.7424244 0.7862794 0.8356787 0.8633049 0.8072052 0.8072052 0.7887750 0.8801803 0.8556927 0.9254576 0.9544094 0.6811927 0.9785470 0.8796505 0.8623510 1.0410876 0.9582417 0.9442375 0.9347291 0.9641106 0.9531946 0.9286122 0.9068926 0.9585473 0.6542275 0.7045823 1.0379071 1.4329042 1.0026558 1.4348645 1.1528802 1.4749778 1.0933026 1.0503791 1.2412149 1.2112672 1.2302553 1.4663085 1.1936546 0.6650075 1.1507638 1.2178084 1.6041818 1.1398449 0.9588821 1.1878498 1.7769620 1.1101564 0.7950638 0.8750630 1.0988179 1.0942845 1.1127853 1.4448840 1.2844659 1.7064931 1.5202562 1.5021695 1.3481914 2.2128358 2.2716689 1.7893981 1.7297363 1.6586608 1.7769509 1.8128733 1.7631990 1.2994957 1.8873296 1.8339855 2.2827366 2.0037020 2.4341552 2.6059644 2.1207467 2.0174365 2.4577312 1.1817231 
Xesp_011755-T1                                         0.8067980 0.8207426 0.8107195 0.5269271 0.5279308 0.5255780 0.2339872 0.5193888 0.4826547 0.7589670 0.5613321 1.0239060 0.6271654 0.6274759 0.2225124 0.0000000 0.6446777 0.6503927 0.6710513 0.6819019 0.3525587 0.8346963 0.8385252 0.8494499 0.8995001 0.8395112 0.8395112 0.8491042 0.9375768 0.8894247 0.9994828 1.1018492 0.7510999 1.0697209 0.9365151 0.9327458 1.1236550 0.9569167 0.9373975 0.9339635 0.9753148 0.9635097 0.9302686 0.9120330 0.9925854 0.7097251 0.7756829 1.1256772 1.4450402 1.0386365 1.4913606 1.1386520 1.3963711 1.0893092 1.0687496 1.2774020 1.1946693 1.2139224 1.4518973 1.1831131 0.7165021 1.1679889 1.2108531 1.4953222 1.1980603 1.0109526 1.2376800 1.8246345 1.0580942 0.8506573 0.9485086 1.1546695 1.1562796 1.1012538 1.5251159 1.1855671 1.6392231 1.4668336 1.5009439 1.4727715 2.1174206 2.1584248 1.8386761 1.7639977 1.5843631 1.7368291 1.7270873 1.7438077 1.4008645 1.8530210 1.7656209 2.2636963 2.0247911 2.5389061 2.5091172 2.0826299 2.1058055 2.4999201 1.3121080 
Nemnom_g17764.t1                                       0.7675961 0.7748678 0.7387068 0.6510664 0.6533180 0.6429377 0.3144085 0.6227252 0.6014175 0.9183505 0.6662942 1.0770028 0.7677908 0.6868968 0.6099306 0.6446777 0.0000000 0.0942984 0.1818648 0.2643532 0.3156323 0.8285817 0.8627736 0.8089422 0.8271897 0.8759929 0.8759929 0.7866922 0.8251385 0.9290292 0.9804369 0.9981941 0.7396957 1.0389267 0.8767766 0.8182610 1.0351357 0.9489877 0.9283005 0.9246207 0.9582687 0.9360957 0.9261091 0.9189706 0.9653769 0.4392016 0.7788886 1.0752380 1.3502566 1.0898721 1.3938553 1.1247762 1.3394855 1.0575080 1.0409907 1.3455134 1.1624753 1.1811160 1.3037803 1.1647035 0.8223490 1.1416749 1.1750981 1.3455644 1.1390619 0.9707206 1.1707384 1.5884774 1.0524740 0.6408676 0.6944189 1.0982988 1.1298909 1.0401688 1.3598047 1.1607461 1.6849172 1.4222223 1.2879239 1.2258370 2.0436985 2.0919516 1.6538496 1.5574243 1.6062775 1.6329980 1.6371939 1.6648670 1.3145959 1.9343560 1.6280950 2.1726850 1.9121717 2.5961076 2.4077525 2.0961391 2.0341974 2.4921840 1.2453402 
Rhoesc_Res_005223-T1                                   0.7493577 0.7435426 0.7191099 0.6230906 0.6252526 0.6110644 0.2992417 0.6012682 0.5703628 0.8682766 0.6303031 1.0316450 0.7637484 0.6714977 0.6104880 0.6503927 0.0942984 0.0000000 0.1682248 0.2635805 0.3266191 0.7976171 0.8495828 0.7780734 0.8217803 0.8402242 0.8402242 0.7576933 0.8139934 0.9151643 0.9409209 0.9460368 0.7259548 0.9841132 0.8379518 0.8088142 1.0144955 0.9272863 0.9076826 0.9039417 0.9343203 0.9208424 0.9183268 0.9025602 0.9441193 0.4387586 0.7573815 1.0504188 1.3361878 1.0498813 1.3677995 1.0980400 1.3279403 1.0530055 1.0197683 1.3302418 1.1456738 1.1637223 1.2858728 1.1480030 0.8250766 1.1324263 1.1529071 1.3284496 1.1398982 0.9819601 1.1912965 1.5330148 1.0738991 0.6327117 0.7214175 1.0489322 1.0799666 1.0231871 1.3732822 1.1951409 1.6712351 1.4322826 1.3244207 1.2758476 1.9985985 2.0774068 1.6342317 1.5795441 1.6313766 1.6547750 1.6573581 1.5822914 1.2460934 1.8698871 1.6618576 2.1629149 1.8850214 2.5130917 2.4623376 2.0806082 1.9147069 2.4118667 1.1541454 
Aaur_scaffold71.g13.t1                                 0.7411699 0.7498152 0.7076322 0.6350046 0.6338450 0.6274519 0.3279836 0.6130867 0.5886015 0.8830051 0.6308839 1.0962637 0.7847365 0.6712619 0.6409522 0.6710513 0.1818648 0.1682248 0.0000000 0.2369931 0.3093895 0.8097035 0.8293450 0.7622143 0.8344877 0.8603285 0.8603285 0.7814029 0.8436616 0.9362016 0.9546210 1.0015400 0.7177054 0.9861410 0.8568148 0.8308434 0.9856849 0.9053075 0.8795161 0.8820003 0.9073403 0.8914857 0.8884679 0.8682876 0.9526324 0.4089931 0.7742148 1.0321108 1.4172179 1.0339081 1.4110054 1.1470437 1.3906755 1.0586937 1.0386395 1.2668065 1.1967541 1.2156993 1.3840274 1.1746319 0.7619416 1.1535456 1.1965280 1.5243912 1.1601261 0.9787527 1.1464541 1.7298280 1.0315853 0.5737166 0.7220272 1.0723905 1.1064285 1.0640731 1.3775037 1.2135103 1.6687212 1.4429648 1.3315938 1.1944983 2.0536085 2.1335090 1.6838197 1.5984748 1.6163438 1.6701867 1.6937497 1.5821723 1.2669135 1.8999480 1.6640176 2.1503615 1.8825175 2.4226162 2.4589271 2.0386019 1.9422285 2.3855480 1.1920743 
Sanmal_Sma_005415-T1                                   0.7511000 0.7550545 0.7458974 0.6336925 0.6219563 0.6220127 0.3311387 0.6138738 0.5866785 0.8841235 0.6377150 1.1502629 0.7826802 0.6827821 0.6424716 0.6819019 0.2643532 0.2635805 0.2369931 0.0000000 0.3184708 0.8090764 0.8180790 0.7838819 0.8530322 0.8753647 0.8753647 0.7784906 0.8551813 0.9018279 0.9426386 0.9919871 0.7426959 0.9782136 0.8493677 0.8217390 0.9902851 0.9297635 0.9091198 0.9021232 0.9277136 0.9134315 0.9166569 0.9289801 0.9129250 0.4340123 0.7353116 1.0015485 1.3095941 0.9185039 1.3399728 1.0985586 1.2609173 0.9497496 0.9583117 1.3868509 1.1213901 1.1391069 1.2813989 1.1338353 0.7888532 1.1296873 1.1425695 1.2862450 1.1391931 0.9684524 1.0844207 1.6974911 1.0827107 0.5682828 0.7427903 1.0611525 1.0842881 1.0751400 1.3834980 1.1698064 1.6973356 1.4948571 1.2816247 1.3134973 1.9745568 2.0389258 1.6293502 1.5562333 1.6530601 1.5832742 1.6221759 1.6693154 1.2284072 1.8591745 1.6072291 2.1790314 1.8501988 2.3801855 2.4478756 2.0494276 1.8060481 2.3346497 1.2377549 
Chem_TCONS_00066879                                    0.5258578 0.5424123 0.4680733 0.3616984 0.3611282 0.3465608 0.3456344 0.2927463 0.3865851 0.0000010 0.4010085 0.0000010 0.3864501 0.4512138 0.3802246 0.3525587 0.3156323 0.3266191 0.3093895 0.3184708 0.0000000 0.4623995 0.4998614 0.4428642 0.5068778 0.5115781 0.5115781 0.4994300 0.6025613 0.5615625 0.6200143 0.7534512 0.6956481 0.7240225 0.5506979 0.5969836 0.0000010 0.5451445 0.5559802 0.5703699 0.5827051 0.5654206 0.5179547 0.5179547 0.5402115 0.3219141 0.5494011 0.7347666 9.0000000 0.0000010 1.2929522 0.8216660 2.9557219 0.0000010 0.0000010 1.2366899 0.3606851 0.5901155 0.0000010 1.0093814 0.8268571 0.9487807 1.0114545 0.0000010 0.9217440 0.7901657 0.0000010 0.0000010 1.2119393 0.2174762 0.0000010 0.7835197 0.7835197 0.7838025 1.0713393 1.1446760 0.9585107 1.0532038 1.2483826 0.0000010 1.3206261 1.1471260 1.2031037 1.2193942 1.0146260 1.1322548 1.2701615 1.2701615 0.0000010 1.2435377 1.2919628 1.5381965 1.2048618 0.0000010 1.1320925 1.2499729 0.9737885 0.0000010 0.0000010 
Plespi_Pspi_C613336_01                                 0.4953332 0.4979590 0.4477864 0.7407766 0.7479864 0.7509573 0.3606871 0.7871869 0.7345515 1.2054151 0.7701610 1.6180783 1.0216578 0.7793915 0.7424244 0.8346963 0.8285817 0.7976171 0.8097035 0.8090764 0.4623995 0.0000000 0.8110170 0.8486402 0.7981896 0.7965295 0.7965295 0.7424911 0.8636522 0.8657469 0.8219413 0.8311203 0.5605662 0.8479321 0.6208564 0.5677852 0.7243112 1.0010395 0.9773522 0.9784727 1.0072516 1.0032568 0.9859176 0.9954349 0.9246733 0.8332472 0.6764592 1.0995878 1.3755398 1.0520225 1.4584287 1.1428559 1.5007699 1.1460746 1.1375330 1.2483902 1.1677543 1.1779829 1.3457851 1.1630392 0.7179745 1.1415391 1.1302353 1.5469676 1.1244755 0.9739399 1.0225591 1.5600403 1.0799800 0.8844817 1.1059459 1.0613214 1.0825299 1.0494377 1.3748851 1.3173528 1.6701205 1.4810125 1.4208146 1.4479749 2.1399728 2.2641303 1.6950497 1.5526703 1.7022250 1.5804969 1.7626467 1.7584369 1.1834343 1.9216917 1.7265751 2.3006444 2.1090969 2.8319611 2.6145120 2.0220187 2.2526367 2.4016659 1.3402559 
Bralan_BLAG04000262_1                                  0.8044259 0.8029667 0.7802278 0.6974193 0.7004536 0.6837378 0.4598235 0.6845635 0.6753656 0.9150377 0.7358473 1.2873699 0.8795986 0.7623371 0.7862794 0.8385252 0.8627736 0.8495828 0.8293450 0.8180790 0.4998614 0.8110170 0.0000000 0.5895561 0.6205319 0.7155596 0.7155596 0.6080299 0.6585899 0.6992774 0.9310963 0.9608643 0.7625193 0.9467573 0.8893325 0.8705645 1.0009925 1.0183283 0.9861416 0.9914608 1.0041959 1.0018127 1.0054226 1.0177223 0.8714791 0.8013393 0.6554090 0.9360775 1.3685595 0.9176996 1.4264354 1.1363267 1.3147312 0.9595332 0.9173322 1.3926088 1.1240297 1.1420539 1.2762319 1.1626154 0.7962853 1.1509206 1.1750396 1.3059679 1.1767266 1.0095927 1.0727271 1.7017161 1.0390390 0.8529469 1.0222494 0.9628820 0.9826291 1.0728592 1.2920688 1.2798649 1.6460987 1.5128646 1.4497612 1.4202844 2.0835446 2.0955970 1.6881549 1.5476829 1.5926689 1.5960944 1.9139320 1.7071880 1.2777139 1.8856961 1.7078998 2.1216525 1.9487275 2.4151832 2.4950984 2.0906579 2.4510912 1.9585960 0.7995639 
Hsap_ENST00000298875                                   0.8014792 0.8058222 0.8170754 0.7564552 0.7548626 0.7160494 0.4207893 0.7343805 0.7283362 1.0745431 0.7577736 1.5478035 0.9844047 0.8064783 0.8356787 0.8494499 0.8089422 0.7780734 0.7622143 0.7838819 0.4428642 0.8486402 0.5895561 0.0000000 0.6113714 0.7486098 0.7486098 0.6191635 0.6417009 0.7373425 0.9534057 0.9671452 0.7235889 0.9779430 0.8890139 0.8056763 1.1820068 0.9963499 0.9615797 0.9770296 1.0050170 0.9985604 0.9672608 0.9687964 0.8510031 0.8053968 0.6323275 0.8899521 1.3663025 0.9528107 1.3516542 1.1010767 1.3418773 0.9710632 0.9986971 1.3052701 1.0919316 1.1092033 1.2559300 1.1161845 0.7395546 1.1138787 1.1557277 1.4043527 1.1474390 0.9840369 1.0233659 1.7491185 0.9414421 0.8651530 1.0268548 1.1389216 1.1489561 1.0505625 1.4080189 1.1591111 1.6073447 1.5532152 1.5442878 1.5348951 2.1118445 2.1209566 1.7533329 1.7687974 1.6434112 1.7214814 1.8811974 1.7858248 1.3477581 1.9290911 1.7591960 2.2736074 1.9361956 2.5916112 2.3889327 2.2798063 2.4339247 2.3402625 0.9395521 
Skow_XM_006812140.1                                    0.8313500 0.8289542 0.8044502 0.7644630 0.7678602 0.7494327 0.4140420 0.7752537 0.7328244 1.1260099 0.7666139 1.5157550 0.9592155 0.8236652 0.8633049 0.8995001 0.8271897 0.8217803 0.8344877 0.8530322 0.5068778 0.7981896 0.6205319 0.6113714 0.0000000 0.6944304 0.6944304 0.6099662 0.6345573 0.7311495 0.9303877 1.0046565 0.6565401 0.9671424 0.8306964 0.7932917 1.2184201 0.9499776 0.9234702 0.9363080 0.9752055 0.9678493 0.9473610 0.9508797 0.8443875 0.7999102 0.5949936 0.9094735 1.3807694 0.9971910 1.3794868 1.0863999 1.3060663 1.0297721 1.0535030 1.3357488 1.1339157 1.1517172 1.3122766 1.1548841 0.7831262 1.1381118 1.1529427 1.3605575 1.1483629 0.9929516 1.0417457 1.6302370 1.1863349 0.9018918 0.9757762 1.1678315 1.1856030 1.0667491 1.4894194 1.3975034 1.7890084 1.5951771 1.5447761 1.5322807 2.2150345 2.2521673 1.8433542 1.7136464 1.7339409 1.7135436 1.9736676 1.8554788 1.3463813 1.9372216 1.7824261 2.3025796 2.1179369 2.6154532 2.6614493 2.1207542 1.8587156 2.4563005 0.8768836 
Spur_XM_030999111.1                                    0.7627384 0.7909529 0.7204863 0.7603403 0.7652780 0.7413773 0.3369468 0.7589868 0.7353839 1.1432733 0.7381229 1.4646969 0.9319073 0.8115026 0.8072052 0.8395112 0.8759929 0.8402242 0.8603285 0.8753647 0.5115781 0.7965295 0.7155596 0.7486098 0.6944304 0.0000000 0.0000010 0.7001168 0.7147100 0.6992036 0.9754659 1.0544461 0.6361615 1.0198738 0.8301234 0.8285958 1.2787177 0.9424672 0.9170855 0.9128986 0.9423794 0.9541769 0.9133868 0.9162322 0.9103133 0.8177051 0.5540184 0.9454469 1.3677015 1.1244964 1.4321274 1.1238192 1.3471114 1.0653418 1.0007241 1.3555880 1.1340981 1.1519336 1.3163167 1.1544978 0.7463564 1.1686799 1.1714236 1.3296897 1.1742284 1.0389394 1.1434599 1.5447602 1.1327610 0.9169915 1.0474480 1.0372537 1.0512631 1.0464727 1.5184006 1.2572807 1.7563122 1.6254347 1.5694068 1.6226492 2.1627159 2.1439270 1.8102490 1.6995909 1.7182557 1.7147755 2.0003816 1.8606428 1.4096681 2.1879856 1.7739711 2.0936989 1.9990892 2.5203659 2.4831985 2.1837468 2.5473345 2.3149698 1.1673554 
Spur_XM_030999296.1                                    0.7627384 0.7909529 0.7204863 0.7603403 0.7652780 0.7413773 0.3369468 0.7589868 0.7353839 1.1432733 0.7381229 1.4646969 0.9319073 0.8115026 0.8072052 0.8395112 0.8759929 0.8402242 0.8603285 0.8753647 0.5115781 0.7965295 0.7155596 0.7486098 0.6944304 0.0000010 0.0000000 0.7001168 0.7147100 0.6992036 0.9754659 1.0544461 0.6361615 1.0198738 0.8301234 0.8285958 1.2787177 0.9424672 0.9170855 0.9128986 0.9423794 0.9541769 0.9133868 0.9162322 0.9103133 0.8177051 0.5540184 0.9454469 1.3677015 1.1244964 1.4321274 1.1238192 1.3471114 1.0653418 1.0007241 1.3555880 1.1340981 1.1519336 1.3163167 1.1544978 0.7463564 1.1686799 1.1714236 1.3296897 1.1742284 1.0389394 1.1434599 1.5447602 1.1327610 0.9169915 1.0474480 1.0372537 1.0512631 1.0464727 1.5184006 1.2572807 1.7563122 1.6254347 1.5694068 1.6226492 2.1627159 2.1439270 1.8102490 1.6995909 1.7182557 1.7147755 2.0003816 1.8606428 1.4096681 2.1879856 1.7739711 2.0936989 1.9990892 2.5203659 2.4831985 2.1837468 2.5473345 2.3149698 1.1673554 
Cscu_XM_023371423.1                                    0.7981739 0.7883742 0.7331944 0.6905821 0.6790153 0.6930917 0.4293654 0.6923988 0.7182977 0.9904546 0.7128394 1.2733705 0.8732925 0.7706822 0.7887750 0.8491042 0.7866922 0.7576933 0.7814029 0.7784906 0.4994300 0.7424911 0.6080299 0.6191635 0.6099662 0.7001168 0.7001168 0.0000000 0.5824681 0.5899777 0.8328718 0.8710609 0.5511732 0.8242343 0.8911790 0.8381805 1.1383063 0.8886611 0.8673052 0.8608286 0.8681290 0.8916852 0.8621275 0.8908884 0.6757240 0.7367790 0.5561129 0.7259250 1.3442553 1.0961674 1.2828301 1.0423240 1.3584771 1.0917953 1.1296049 1.3742526 0.9988641 1.0176698 1.2161499 1.0531764 0.6756177 1.0528898 1.0791464 1.5838263 1.0729892 0.9333900 1.0520457 1.5926436 1.0388931 0.8397856 1.0040969 1.0093212 1.0408900 1.0249217 1.3435518 1.2470420 1.6728124 1.4492605 1.3539170 1.5092102 2.0321900 2.0524399 1.7251795 1.6234081 1.6185835 1.6256835 2.0775853 1.7943571 1.2737433 1.8759105 1.8107486 2.0860956 1.9434490 2.5016220 2.6207464 2.0807273 1.9194066 2.0786216 0.7179555 
Cgig_XM_034467751.1                                    0.7922912 0.7746979 0.7822693 0.7701423 0.7694016 0.7501271 0.4258588 0.7384774 0.7134465 1.1396740 0.7377600 1.3840264 0.9880859 0.7783619 0.8801803 0.9375768 0.8251385 0.8139934 0.8436616 0.8551813 0.6025613 0.8636522 0.6585899 0.6417009 0.6345573 0.7147100 0.7147100 0.5824681 0.0000000 0.6057091 0.9465999 1.0189438 0.7296861 0.9570844 0.9073908 0.8384892 1.2313989 0.9945386 0.9646235 0.9916695 1.0207912 0.9841624 0.9755645 0.9955407 0.7993152 0.8213259 0.5199046 0.8925234 1.3071767 1.0478374 1.4009847 1.0437424 1.3531252 1.0357312 1.0246863 1.3708890 1.0481387 1.0593086 1.2725894 1.0801285 0.6784383 1.0931413 1.0821706 1.4962642 1.0924913 0.9729829 1.1361993 1.5671303 1.0367998 0.9066206 1.0359315 1.0871481 1.0979495 1.0898066 1.4433457 1.2946878 1.7472805 1.5223804 1.4308775 1.2703773 2.1184854 2.1110867 1.7563856 1.6671938 1.6886590 1.6086225 1.9898047 1.9132637 1.3290524 2.0604320 1.6907358 2.2310985 2.0513754 2.5499103 2.4019972 2.1155918 2.1899103 2.4932846 0.6367970 
Ctel_gnl_WGS_AMQN_CAPTEDRAFT_mRNA155355                0.8112617 0.8098161 0.7837437 0.8086575 0.8081313 0.8048987 0.4965946 0.7691906 0.7843507 1.1111198 0.8296652 1.4874740 1.0760027 0.8200053 0.8556927 0.8894247 0.9290292 0.9151643 0.9362016 0.9018279 0.5615625 0.8657469 0.6992774 0.7373425 0.7311495 0.6992036 0.6992036 0.5899777 0.6057091 0.0000000 0.8681450 0.9231545 0.6870949 0.9085110 0.9128152 0.8756919 1.0870067 0.9978465 0.9735707 0.9806715 0.9902365 0.9933585 0.9822254 1.0169357 0.8065115 0.8558907 0.5873127 0.9134413 1.4161128 1.0015479 1.4634205 1.1533970 1.4911399 1.1244480 1.0663593 1.3832960 1.1314076 1.1494696 1.3372489 1.1674247 0.6929699 1.1558209 1.1792633 1.5632990 1.2049568 1.0272755 1.0134076 1.9045526 1.0856253 0.9339142 1.0210915 1.1275158 1.1516299 1.0684930 1.4657987 1.4562101 1.6254242 1.4809682 1.4923336 1.3649082 2.0666024 2.0654742 1.7518733 1.6897918 1.8212585 1.6442423 1.9787202 1.8524498 1.3646988 2.0024596 1.7446392 2.2065796 1.9125405 2.2177168 2.3747401 2.0917029 2.5974719 2.2638825 0.9217155 
Lcom_lcpid42060                                        0.8281452 0.8172923 0.8182494 0.8119708 0.8188491 0.8119083 0.4388811 0.8208505 0.7865890 1.3147870 0.8711338 1.6875358 1.1970281 0.9007523 0.9254576 0.9994828 0.9804369 0.9409209 0.9546210 0.9426386 0.6200143 0.8219413 0.9310963 0.9534057 0.9303877 0.9754659 0.9754659 0.8328718 0.9465999 0.8681450 0.0000000 0.3415273 0.2181904 0.2837372 0.9187119 0.9182670 1.1387209 1.0166089 0.9923758 1.0030017 1.0369181 1.0170870 1.0088431 1.0202427 1.0086488 0.9369453 0.7308316 1.0972972 1.4539682 0.9651163 1.4507511 1.2182990 1.5255511 1.0461538 1.0476207 1.3032112 1.1618128 1.1799719 1.3851794 1.1798493 0.7839186 1.1643382 1.2069601 1.5204276 1.1666775 1.0307353 1.1143676 1.8959498 1.1666103 1.0761757 1.2282280 1.1039566 1.1086371 1.0580979 1.4259584 1.3493241 1.6278616 1.5703710 1.5757793 1.4165777 2.1868837 2.2014969 1.7526484 1.6025256 1.8048875 1.8624733 1.8786311 1.8433042 0.8735319 2.1063953 1.8476941 2.1543446 1.8957960 2.4982840 2.4927757 2.0187890 2.2430358 2.2897405 1.3861161 
Gracom_Gcom_C557786_01                                 0.8942462 0.8880086 0.8711926 0.9279105 0.9369866 0.9453726 0.5314767 0.9426989 0.8871066 1.3661500 0.9420578 1.5826600 1.3516691 0.9575633 0.9544094 1.1018492 0.9981941 0.9460368 1.0015400 0.9919871 0.7534512 0.8311203 0.9608643 0.9671452 1.0046565 1.0544461 1.0544461 0.8710609 1.0189438 0.9231545 0.3415273 0.0000000 0.1798321 0.2923668 0.9747503 0.9279923 1.1119622 1.0901232 1.0615929 1.0687009 1.0873415 1.0935677 1.0816281 1.0801377 1.0793429 0.9500773 0.8048862 1.0464075 1.4358033 0.8845289 1.4546631 1.1939304 1.4581372 0.9622770 0.9453468 1.3931187 1.2236312 1.2429055 1.4691818 1.2553073 0.7888973 1.2084372 1.2399269 1.5293165 1.1888076 1.0543088 1.0303941 1.9514576 1.2188475 1.0745697 1.1844199 1.0952158 1.1237322 1.1309171 1.5398911 1.3952889 1.7218967 1.6726015 1.5729007 1.4832441 2.2504690 2.3557509 1.8897020 1.7110705 1.7606946 1.8987581 1.9522578 1.8746259 0.9315080 2.1065505 1.8356597 2.3043967 2.0955347 2.5718108 2.7204295 2.0819554 2.3594384 2.2499252 1.4766355 
Scil_scict024514.1                                     0.5604734 0.6037987 0.5600933 0.6760489 0.6834591 0.6653090 0.5068191 0.6718632 0.6881724 5.5915721 0.7200514 0.0000010 0.6345903 0.7238384 0.6811927 0.7510999 0.7396957 0.7259548 0.7177054 0.7426959 0.6956481 0.5605662 0.7625193 0.7235889 0.6565401 0.6361615 0.6361615 0.5511732 0.7296861 0.6870949 0.2181904 0.1798321 0.0000000 0.1956737 0.6432347 0.6176008 2.9957182 0.8276009 0.7932049 0.8011759 0.8012858 0.8058214 0.7790337 0.7790337 0.6784119 0.6638368 0.6478647 0.7376845 1.5832707 8.9999982 1.6126560 0.9792015 6.2100780 8.9999982 8.9999986 1.3212186 0.9759289 1.0136283 1.5713547 1.0416835 0.7465160 0.9950484 1.0122833 6.3323812 1.0045021 0.8763517 6.1987410 1.3409390 1.1334998 0.7109509 0.9665987 0.8656241 0.8753181 0.8340777 1.3318612 1.3256278 1.4196229 1.2717360 1.3221412 1.5273424 1.7979138 1.7145928 1.4984906 1.4605040 1.4405533 1.6734833 1.4897620 1.7017535 0.8060584 1.8702488 1.7034515 1.9553204 1.6501649 3.2303174 1.9330846 1.7130359 2.2062154 4.4294977 6.0005028 
Leuniv_Lniv_C813634_01                                 0.9296834 0.9215525 0.8872789 0.8922671 0.8989814 0.8947003 0.5022451 0.9083476 0.8312677 1.3793370 0.9231908 1.8619230 1.2833277 0.9618250 0.9785470 1.0697209 1.0389267 0.9841132 0.9861410 0.9782136 0.7240225 0.8479321 0.9467573 0.9779430 0.9671424 1.0198738 1.0198738 0.8242343 0.9570844 0.9085110 0.2837372 0.2923668 0.1956737 0.0000000 0.9408673 0.8978669 1.1410565 1.0459828 1.0204712 1.0271785 1.0472787 1.0604798 1.0422240 1.0529346 1.0344638 0.9493013 0.7884811 1.0930219 1.5360669 0.9498642 1.4672406 1.2473382 1.5515693 1.0183708 1.0115831 1.2506497 1.2073422 1.2261122 1.4382636 1.2155721 0.7339629 1.1928743 1.2491612 1.5052001 1.2232096 1.0474950 1.1283711 2.0818414 1.1204682 1.0523441 1.1958744 1.0773328 1.0879725 1.0998217 1.4646569 1.3129786 1.6734766 1.6518516 1.5320555 1.4778073 2.2585522 2.3178975 1.8601091 1.6859634 1.8169816 1.9407765 2.0397329 1.9841294 0.8971092 2.1041887 1.9017677 2.2472426 2.0721334 2.6681583 2.6552112 2.0945410 2.2190085 2.1777601 1.2895906 
Aque_Aqu2.1.40872_001                                  0.5614959 0.5704538 0.5093868 0.8095355 0.8154270 0.8077640 0.4213336 0.8669114 0.7672486 1.2553053 0.8480109 2.0333300 1.0697721 0.8432106 0.8796505 0.9365151 0.8767766 0.8379518 0.8568148 0.8493677 0.5506979 0.6208564 0.8893325 0.8890139 0.8306964 0.8301234 0.8301234 0.8911790 0.9073908 0.9128152 0.9187119 0.9747503 0.6432347 0.9408673 0.0000000 0.1913985 0.4474310 0.9304357 0.9218910 0.9268820 0.9528566 0.9500185 0.9346447 0.9574877 0.9683879 0.8646611 0.8131766 1.1125723 1.4906237 1.1167112 1.4655654 1.1796403 1.4328259 1.1465696 1.1798084 1.3328863 1.2865267 1.2980076 1.4832443 1.2766914 0.7917052 1.2572537 1.2505154 1.6224448 1.2200567 1.0621915 1.2404681 1.7940681 1.0739096 0.8980942 1.0596707 1.1464844 1.1718857 1.0446189 1.3978292 1.3413027 1.7031697 1.5418848 1.4431118 1.4966355 2.1432268 2.2448417 1.7342502 1.6234246 1.6669246 1.6454991 1.7449134 1.8435171 1.2606609 1.9358592 1.7550425 2.2315992 2.0974644 2.7953847 2.6011283 2.3568938 2.1546671 2.4311660 1.3273708 
Halamb_c42970_g1_i1m.15559                             0.5269798 0.5267085 0.4962579 0.7819737 0.7988909 0.7776069 0.4373942 0.8233407 0.7623001 1.1788517 0.8020729 1.6960216 1.1313490 0.8268574 0.8623510 0.9327458 0.8182610 0.8088142 0.8308434 0.8217390 0.5969836 0.5677852 0.8705645 0.8056763 0.7932917 0.8285958 0.8285958 0.8381805 0.8384892 0.8756919 0.9182670 0.9279923 0.6176008 0.8978669 0.1913985 0.0000000 0.4076427 0.9556358 0.9352818 0.9522661 0.9690584 0.9632982 0.9460632 0.9727082 0.9478848 0.8027254 0.7746643 1.0253075 1.4203416 1.0196548 1.4412408 1.1739481 1.4614394 1.1144303 1.1106439 1.3635323 1.2299601 1.2409552 1.3951571 1.2437812 0.8002871 1.2629317 1.1946620 1.4436331 1.1583306 1.0154706 1.1205312 1.7687186 1.0679601 0.8500110 1.0181336 1.0672734 1.0845137 0.9645841 1.3321346 1.3729437 1.6311053 1.6147355 1.4296559 1.4936701 2.0760929 2.1821909 1.7260417 1.6173197 1.6599586 1.6298646 1.7120719 1.7840010 1.1921011 1.9080007 1.6488013 2.1631424 2.0038651 2.6970928 2.4596071 2.2084774 2.1453239 2.3516137 1.2290225 
Xestes_maker-XT_scaffold3933-augustus-gene-0.24-mRNA-1 0.7496066 0.7364823 0.6452435 0.9868188 0.9822832 0.9609779 0.0000010 0.9759256 0.8642590 0.9633599 1.0963681 1.5652314 1.8486546 0.9567433 1.0410876 1.1236550 1.0351357 1.0144955 0.9856849 0.9902851 0.0000010 0.7243112 1.0009925 1.1820068 1.2184201 1.2787177 1.2787177 1.1383063 1.2313989 1.0870067 1.1387209 1.1119622 2.9957182 1.1410565 0.4474310 0.4076427 0.0000000 1.1622403 1.1509816 1.1437214 1.1435225 1.1668511 1.1799881 1.2330377 1.3635088 0.9938221 2.1694393 1.4526129 1.1751153 1.1422172 1.2155688 1.2490560 1.2490560 1.1456974 1.1996596 0.4826931 1.2341080 1.2341080 1.2341080 1.2636215 0.0000010 1.3041671 1.2752452 1.5356033 1.0554860 0.9547726 0.9615627 1.4692657 0.0000010 1.0176711 1.0814512 1.4112468 1.5082656 1.2461747 1.3963457 0.0000010 1.8426761 1.9132933 1.4865139 0.0000010 2.6430078 3.0431901 1.6997152 1.5512086 1.8367198 1.6342996 7.2667602 2.0196794 1.2136018 1.8822494 1.8883784 2.5113102 2.3837801 2.3837801 2.9759213 2.6096909 6.7817031 2.3193836 1.2213571 
HoiH23_PlH23_000393-RA                                 0.9230675 0.9369101 0.8723176 0.8494113 0.8504646 0.8346134 0.4415727 0.8655967 0.8017958 1.2223354 0.8794005 1.4626474 0.9931409 0.9008644 0.9582417 0.9569167 0.9489877 0.9272863 0.9053075 0.9297635 0.5451445 1.0010395 1.0183283 0.9963499 0.9499776 0.9424672 0.9424672 0.8886611 0.9945386 0.9978465 1.0166089 1.0901232 0.8276009 1.0459828 0.9304357 0.9556358 1.1622403 0.0000000 0.0131365 0.0311720 0.0367991 0.0600477 0.0855626 0.1056977 1.0546351 0.9557698 0.8481873 1.0618484 1.5181759 0.9923593 1.5380397 1.2308795 1.4916363 1.0379028 1.0627253 1.4252787 1.2180625 1.2289221 1.4743477 1.2292041 0.8234653 1.2311830 1.2471953 1.5975829 1.2803790 1.1136647 1.1598308 2.1708332 1.1215359 0.9809951 1.1293759 1.2259940 1.2268482 1.2752210 1.4556760 1.3029978 1.6252353 1.5551467 1.4877762 1.4480547 2.0428591 2.0776055 1.7432623 1.6934718 1.7611367 1.7079671 1.7585330 1.7792344 1.5261686 2.0445741 1.8117909 2.1836717 2.0112850 2.6938771 2.6520920 2.1271559 2.1379192 2.6535567 1.4538139 
