124
Emue_Em0019g265a.t1                                    0.0000000 0.0090483 0.1408465 0.1076767 0.1333963 0.3373766 1.1802410 1.2381830 1.0843260 1.0873137 0.5109832 0.9653418 1.2820966 1.0285223 1.0536010 1.0470919 0.9985335 0.9214115 0.9842037 0.9616481 0.9376391 1.1255723 1.3806381 1.1297978 0.9986061 0.8799613 0.9838669 0.9519426 0.9123261 1.6183688 0.9417370 0.7204783 1.4705019 1.3980889 1.4827653 1.4760197 1.2588071 1.5416850 1.0605989 1.0605989 1.2938699 1.2938699 0.8835860 0.8835860 1.2926575 1.4180486 1.4065837 1.2117989 1.5268619 1.4417267 1.4411918 1.0943987 0.6808599 0.4624000 1.2302030 0.9713410 1.1561535 1.1546306 1.1974909 0.9567882 1.2738257 1.3976295 1.0646189 0.8477784 1.1417599 1.1176707 1.1383505 1.0413892 0.5984196 1.0102882 1.0102882 1.1990463 1.7583204 1.1697779 1.1443578 1.1442081 1.0978850 1.0123019 1.1340812 1.0409070 1.2990446 1.2343369 1.1706735 0.4918792 1.6334334 1.0458024 4.6004264 2.0248847 1.9930898 1.2688323 1.3728424 1.3136914 1.2968964 1.2582526 1.1784844 1.1768058 1.2708921 1.1923293 1.2602394 0.9234082 1.4575891 0.9500929 1.6783268 1.3901164 1.9535243 2.1655565 1.6494469 2.1097193 2.3555840 3.0341722 2.0253917 2.2308557 2.7101265 2.6620873 2.7034247 2.6820727 2.1931163 3.1229044 1.4975356 1.3510117 3.1805342 7.1530451 6.7973601 4.3124966 
Emue_Em0019g257a.t1                                    0.0090483 0.0000000 0.1412967 0.1076767 0.1298997 0.3373766 1.1928444 1.2536305 1.0956430 1.0981964 0.5264189 0.9635623 1.2869145 1.0370362 1.0638132 1.0565389 1.0032623 0.9274454 0.9892076 0.9668277 0.9436686 1.1369431 1.3806381 1.1297978 0.9986061 0.8799613 0.9838669 0.9519426 0.9123261 1.6295227 0.9464697 0.7204783 1.4807858 1.4024069 1.4869073 1.4801424 1.2632753 1.5332116 1.0426620 1.0426620 1.2863073 1.2863073 0.8735550 0.8735550 1.2973716 1.4227383 1.4106716 1.2160152 1.5371241 1.4462845 1.4467786 1.0892744 0.6793891 0.4624000 1.2181211 0.9742260 1.1525738 1.1514582 1.2044484 0.9624369 1.2783109 1.4016283 1.0646189 0.8477784 1.1546047 1.1168336 1.1435594 1.0306730 0.6072000 1.0060721 1.0060721 1.2067509 1.7583204 1.1631399 1.1351761 1.1350237 1.1013009 1.0155450 1.1363417 1.0441639 1.2956878 1.2276204 1.1779670 0.4905983 1.6450664 1.0665836 4.5411268 2.0352207 1.9915183 1.2699032 1.3754205 1.3194721 1.2993490 1.2610075 1.1858327 1.1920402 1.2761185 1.1942962 1.2606722 0.9293456 1.4589149 0.9969939 1.6783268 1.3972146 1.9587647 2.1949227 1.6583776 2.1154240 2.3730077 3.0287739 2.0297240 2.2256011 2.7388245 2.6620873 2.7279744 2.6833178 2.1872073 3.1229044 1.4861688 1.3496822 3.2062561 7.0359428 6.5890608 4.2151876 
Spolac_c102552_g1_i1_m.29874c102552-g1                 0.1408465 0.1412967 0.0000000 0.1045930 0.2789898 0.3570923 1.1801831 1.2665549 1.1484442 1.1701184 0.5580777 0.9442458 1.2830905 0.9738513 0.9892733 0.9872896 0.9773608 0.8873656 0.9840012 0.9433779 0.9149525 1.0781950 1.4028049 1.1283880 0.9955326 0.8677122 1.0120035 0.9564039 0.9166453 1.5556460 0.9308373 0.7116440 1.4489196 1.3693403 1.3757418 1.3743182 1.1621001 1.4706182 1.0100629 1.0100629 1.3049453 1.3049453 0.8705648 0.8705648 1.3029942 1.4340314 1.4268239 1.2361839 1.5133004 1.4658670 1.4585619 1.1387850 0.6693143 0.5028225 1.2009035 0.9859522 1.1267892 1.1192527 1.1489055 0.9556609 1.2692063 1.3971490 1.0133927 0.8562277 1.2013886 1.1243249 1.1018540 0.9482168 0.5271915 1.0106813 1.0106813 1.1199285 1.8037697 1.1134404 1.0944713 1.0943022 1.0948802 1.0349888 1.0837767 1.0581098 1.2634575 1.2550379 1.1087790 0.4686195 1.5746808 1.0202095 2.6573188 1.9297759 1.8871686 1.2262342 1.3636557 1.3154574 1.2585554 1.2100513 1.1354008 1.1168992 1.2781953 1.2126622 1.3787510 0.9350294 1.3001588 0.9347963 1.7859655 1.3074006 1.9536697 2.2543587 1.6407239 2.0382090 2.4924285 3.0106277 2.0131003 2.3282759 2.6478696 2.6033016 2.6479468 2.6727712 2.2126661 3.1161731 1.5577568 1.3053839 3.1898596 7.1372144 6.4402517 3.8696117 
Stycar_maker-SC_scaffold29242-snap-gene-0.3-mRNA-1     0.1076767 0.1076767 0.1045930 0.0000000 0.1076767 0.3574866 0.3703987 0.2830796 0.2968252 0.2873557 0.2310486 0.1465894 0.3847686 0.3847686 0.3847686 0.3847686 0.3847686 0.3847686 0.3847686 0.3847686 0.3847686 0.3847686 0.6668311 0.0000010 0.6668311 0.6668311 0.6668311 0.6668311 0.6668311 0.4393323 0.3719013 0.5132696 0.3562092 0.4524860 0.4524860 0.4524860 0.4524860 0.4214884 0.4308168 0.4308168 0.4308168 0.4308168 0.4308168 0.4308168 0.3664395 0.3664395 0.3664395 0.3664395 0.5231489 0.5231489 0.4209329 0.2571387 0.1802664 0.0000010 0.3732500 0.3201686 0.2730564 0.2966426 0.2914220 0.3072185 0.4638657 0.2638854 1.9550970 0.3956301 0.3606032 0.3335353 0.2812772 0.4128129 0.3972681 0.2883462 0.2883462 0.3526214 0.0000010 0.3657722 0.3690153 0.3690153 0.3908693 0.3411818 0.3661936 0.3661936 0.3137710 0.3771791 0.3318257 0.0698400 0.4517350 0.0632048 0.0000010 9.0000000 1.3873507 0.3417962 0.3765814 0.3580840 0.4208079 0.3987179 0.3944427 0.4098504 0.3838919 0.3637169 0.3740530 0.0557622 0.0000010 0.0000010 0.0000010 4.6384999 0.5868424 0.6815305 0.9563799 0.9886316 0.8550276 9.0000000 0.7196298 0.7082696 1.5660005 2.5738955 1.6081414 1.3478731 0.6598933 0.0000010 2.2275632 0.4779310 7.6403425 3.8380874 1.5325460 0.0000010 
Emue_Em0402g11a.t1                                     0.1333963 0.1298997 0.2789898 0.1076767 0.0000000 0.3373766 1.1346551 1.3063399 1.1257208 1.1455088 0.5264189 1.0214367 1.1256806 1.0370362 1.0638132 1.0565389 1.0236213 0.9489640 0.9423456 0.9174703 0.8851022 1.1369431 1.1935347 0.8307106 1.0271888 0.9132609 0.9373883 0.9017823 0.8475166 1.4329254 0.9464697 0.7204783 1.3966736 1.3699548 1.4738296 1.4570168 1.0724869 1.4716946 1.0426620 1.0426620 1.0160639 1.0160639 0.8317886 0.8317886 1.1098388 1.3488804 1.4016080 1.0263750 1.3879585 1.3375528 1.2893149 1.0947959 0.7381829 0.4624000 1.1420299 0.9322742 1.1689120 1.1572817 1.1999367 0.8546450 1.1164437 1.2574406 1.0646189 0.7722773 1.2367890 1.1854951 1.0474656 1.1497179 0.6072000 1.0232645 1.0232645 1.0865933 4.3671551 1.1380271 1.1176575 1.1174201 1.0953869 0.9434207 1.1267971 1.0541683 1.2780306 1.2496609 1.0719489 0.4905983 1.5661865 1.0665836 3.0202826 2.1348022 2.0161786 1.2657440 1.3317318 1.3287016 1.3296027 1.1689786 1.0665560 1.1494096 1.2757227 1.1238374 1.1485357 1.0292851 3.0359573 0.9969939 1.7556574 1.6456693 1.9766302 2.1160214 1.6583776 1.7816175 2.1930379 3.6322003 1.9112200 2.2116748 2.7066266 2.6620873 2.7630462 2.5558951 1.9319860 2.5979456 1.4688161 2.8340931 4.7594431 7.3079826 7.4120547 8.6063517 
Lcom_lcpid245762                                       0.3373766 0.3373766 0.3570923 0.3574866 0.3373766 0.0000000 0.1976029 0.1614135 0.1799187 0.1648185 0.2291969 0.3190839 0.2915604 0.2915604 0.2915604 0.2915604 0.2915604 0.2915604 0.2915604 0.2915604 0.2915604 0.2915604 0.5409444 0.0000010 0.5409444 0.5409444 0.5409444 0.5409444 0.5409444 0.2733413 0.2733413 0.3881784 0.2626887 0.2717212 0.2717212 0.2717212 0.2717212 0.3243478 0.2657964 0.2657964 0.2657964 0.2657964 0.2657964 0.2657964 0.2850761 0.2850761 0.2850761 0.2850761 0.3139047 0.3139047 0.2694289 0.1818216 0.3488097 0.0000010 0.2131273 0.2474890 0.2777936 0.2978321 0.2177296 0.3170181 0.3987785 0.3172573 3.4849343 0.2252559 0.2507630 0.2633259 0.2845081 0.4930779 0.4930779 0.4233061 0.4233061 0.3637936 0.0000010 0.2460506 0.2357291 0.2357291 0.2542486 0.2292896 0.2931922 0.3134202 0.1913198 0.2316443 0.2366084 0.2514711 0.3334617 0.1859743 0.0000010 0.0000010 1.6027889 0.2581566 0.1947455 0.2120804 0.2588539 0.4117729 0.2254316 0.3539311 0.2133445 0.2668678 0.4010205 0.2128870 0.0000010 0.3326130 0.0000010 1.2158691 0.6014731 0.7006700 0.6968110 0.8806042 0.9025212 8.9999982 0.6591113 0.7533173 1.1449471 1.9270083 1.1888086 1.0672964 0.6634466 0.0000010 1.8366519 0.4779310 4.8134147 4.9758189 2.2538579 0.0000010 
Cgig_XM_034467728.1                                    1.1802410 1.1928444 1.1801831 0.3703987 1.1346551 0.1976029 0.0000000 1.1372947 1.1087914 1.1557176 0.6261783 1.1163008 1.1252608 0.8739553 0.8974486 0.9074085 0.8148721 0.7765854 0.8220852 0.8018895 0.7786506 0.9814142 1.2145996 1.0547057 0.7923874 0.7177877 0.8000423 0.7693853 0.7222332 1.4588169 0.8498038 0.6366406 1.3900290 1.2873116 1.3331261 1.3490313 1.1150071 1.3549277 0.8821881 0.8821881 1.1593870 1.1593870 0.7514764 0.7514764 1.3118929 1.3689329 1.3830957 1.2205170 1.3523225 1.3204126 1.2699050 1.0944439 1.0760825 0.8386599 0.6346970 0.5487054 0.9121734 0.8991545 0.8998983 0.7347470 1.0176124 1.3097536 0.9855754 0.5452603 1.0257786 0.9918117 1.0040141 1.1187639 0.7602645 1.0795388 1.0795388 1.0145750 1.0589633 1.1742591 1.1759139 1.1753936 1.1161363 1.0728547 1.1585061 1.0859822 1.1708894 1.1040267 0.9440723 0.8004196 1.3966530 1.4232930 8.7151690 1.6415369 1.6289190 1.1773656 1.1764423 1.2100008 1.2723806 0.9422168 0.8452812 0.8785611 1.0792539 1.0534516 1.1243337 1.4767758 2.1675988 1.7912876 1.5362067 1.2160219 1.8268941 2.2380129 1.5037888 2.1214677 2.4922052 3.4099311 2.2505963 2.6127320 2.6421108 2.7208483 2.5470875 2.7513634 2.2735397 2.2709054 1.8889097 1.8504994 2.3731753 6.7372995 6.2808330 4.1313433 
Sanmal_Sma_027257-T1                                   1.2381830 1.2536305 1.2665549 0.2830796 1.3063399 0.1614135 1.1372947 0.0000000 0.4651251 0.4653841 0.7501148 1.3888581 1.1020468 0.9560481 0.9918363 0.9529961 0.8485531 0.8221817 0.8479213 0.8123226 0.8193213 0.9641610 1.1699085 0.9746115 0.8257665 0.7699732 0.8207566 0.7682417 0.7643273 1.5055202 0.8058323 0.6584003 1.4004833 1.2983668 1.3674683 1.3683910 1.1245912 1.4476748 1.0691815 1.0691815 1.1866659 1.1866659 0.8020919 0.8020919 1.2257800 1.3449548 1.3768750 1.1052860 1.4652292 1.3895656 1.3154970 0.7826890 1.3232990 0.9688530 1.1722065 1.0391868 0.9894991 0.9733330 0.8874511 0.8664721 1.0876380 1.3503045 0.7850375 0.7725235 1.0556798 0.9863673 1.0661269 1.0757925 0.7476681 1.2557548 1.2557548 1.0803554 1.0994294 1.1194662 1.1200714 1.1274669 1.1015795 0.9952676 1.1343558 1.0358506 0.9006780 0.8886325 1.3257977 0.9596287 1.5825215 1.3635034 8.3971344 1.8671378 1.8165783 1.2300199 1.1840684 1.2091987 1.3097206 1.3186636 1.2553900 1.2245424 1.3606573 1.2208261 1.2241062 1.6222205 2.6695672 1.8416413 1.7213802 1.0662311 1.8959998 2.0192162 1.6810083 2.0844813 2.5073677 3.3432393 1.9703873 2.3442489 2.7674357 2.3570910 2.5874799 2.4124371 2.0530563 2.4837967 1.9143800 3.1732430 3.2064859 8.6309734 7.7613854 3.6062758 
Rhoesc_Res_001908-T1                                   1.0843260 1.0956430 1.1484442 0.2968252 1.1257208 0.1799187 1.1087914 0.4651251 0.0000000 0.1441442 0.7295955 1.3417798 1.1073685 1.0597171 1.1421463 1.0995984 0.9165902 0.9003088 0.8899583 0.8572832 0.8889235 1.1293171 1.1395022 0.9162014 0.8739516 0.8227501 0.8404914 0.7907331 0.8169092 1.4195091 0.8359923 0.6546998 1.3049439 1.3078460 1.4051844 1.3925864 1.1181408 1.4071026 1.0924201 1.0924201 1.1042543 1.1042543 0.7941119 0.7941119 1.2483573 1.3112259 1.3376318 1.1160065 1.4347451 1.3442036 1.3042591 0.7785151 1.1781037 0.8507884 1.1557741 0.9896225 0.9792876 0.9701722 0.9853845 0.8022954 1.0803133 1.3929262 0.8723723 0.7458703 1.0055719 0.9341921 0.9936896 0.9846533 0.6894630 1.1857423 1.1857423 1.0307801 1.2669695 1.1240696 1.1190883 1.1195271 1.0686072 1.0194736 1.1359117 1.0623281 0.8973768 0.8768978 1.2405603 1.0313946 1.4407066 1.2881279 2.8083269 1.6438136 1.6235284 1.2631339 1.2435177 1.2190282 1.3547475 1.2069042 1.1835737 1.2261656 1.3132978 1.2678559 1.1760690 1.5578625 2.3972298 1.7310738 1.4617817 1.0947069 1.9537899 1.9588267 1.5468225 2.0929340 2.4013002 3.1400545 1.9167753 2.1545954 2.5530723 2.4781028 2.6945239 2.4536988 2.0665147 2.2983117 2.2626771 2.4626255 2.9681511 7.4120931 6.7887336 3.4903949 
Nemnom_g8965.t1                                        1.0873137 1.0981964 1.1701184 0.2873557 1.1455088 0.1648185 1.1557176 0.4653841 0.1441442 0.0000000 0.7520536 1.3301402 1.0863338 0.9830274 1.0349094 0.9979090 0.8639792 0.8223273 0.8380197 0.8006736 0.8122404 0.9948249 1.1687777 0.9318368 0.8655215 0.7972899 0.8354109 0.7802061 0.7914482 1.3904861 0.7989259 0.6310603 1.2718016 1.3081405 1.4098530 1.4105277 1.1054031 1.4417832 1.0004568 1.0004568 1.0751552 1.0751552 0.7109044 0.7109044 1.2267126 1.2840892 1.2992911 1.0926963 1.3888606 1.3003379 1.2988530 0.7720511 1.1506668 0.8249269 1.2058436 1.0173388 1.0173104 0.9921598 0.9981035 0.8385138 1.1027084 1.3688830 0.6743469 0.7224368 1.0384945 0.9583547 0.9876334 1.0097376 0.7220124 1.1856798 1.1856798 1.0565808 1.2672250 1.1580753 1.1374308 1.1362636 1.1291030 1.0902296 1.1703406 1.1292691 0.8724637 0.8643577 1.2518858 0.9423182 1.4811369 1.1510898 3.4625843 1.7606356 1.7299339 1.2126942 1.1992611 1.2256734 1.3614651 1.2170697 1.1711949 1.2216883 1.3518916 1.2715119 1.1406073 1.5470969 2.5120572 1.6582729 1.4581010 1.0621042 1.9317382 1.9429278 1.4724076 2.0974388 2.3884053 3.3085321 2.0127210 2.1169368 2.6460572 2.1555586 2.7391501 2.4622707 2.1258142 2.3173842 2.3460984 2.4890850 3.3182716 7.3321655 6.5912810 3.4599513 
Clacor_Ccor_scaffold10219_01                           0.5109832 0.5264189 0.5580777 0.2310486 0.5264189 0.2291969 0.6261783 0.7501148 0.7295955 0.7520536 0.0000000 0.7244254 0.8692186 0.8692186 0.8692186 0.8692186 0.8692186 0.8692186 0.8692186 0.8692186 0.8692186 0.8692186 1.0301120 0.0000010 1.0301120 1.0301120 1.0301120 1.0301120 1.0301120 0.8962999 0.8569560 0.5536914 0.9443545 0.8685923 0.8685923 0.8685923 0.8685923 0.9512529 0.8981273 0.8981273 0.8981273 0.8981273 0.8981273 0.8981273 0.8649941 0.8649941 0.8649941 0.8649941 0.8717087 0.8717087 0.8620564 0.7654537 0.6122338 0.0000010 0.6127339 0.6269366 0.7244902 0.7279241 0.7487229 0.7112289 1.1194680 0.7936773 3.6507355 0.4735716 0.7646069 0.7596606 0.5870955 0.7549951 0.7275087 0.6449681 0.6449681 0.6820618 0.0000010 0.5416506 0.5103225 0.5103225 0.5124918 0.5295069 0.5168814 0.5347045 0.6827331 0.8946569 0.7222773 0.7312127 0.8590738 1.1034007 0.0000010 0.0000010 1.5452587 0.5868575 0.5828747 0.5243841 0.6836194 0.7643801 0.6900284 0.8129372 0.5636777 0.8275914 0.8180376 0.6083406 0.0000010 1.1660131 0.0000010 3.0789510 0.9735690 1.1643426 1.5300869 1.6026688 1.5302256 8.9999989 0.9932883 1.0973760 1.4883016 1.7596471 1.4007307 1.4870287 0.8220506 0.0000010 1.7864492 1.1558356 6.1889245 5.4441115 2.2538579 0.0000010 
Plespi_Pspi_scaffold8243_01                            0.9653418 0.9635623 0.9442458 0.1465894 1.0214367 0.3190839 1.1163008 1.3888581 1.3417798 1.3301402 0.7244254 0.0000000 1.1523882 0.9469076 0.9409644 0.9329584 0.9567939 0.8888803 0.9585497 0.9561016 0.8698397 1.0464444 1.1947189 1.1078058 0.9217475 0.7999795 0.9290946 0.9231226 0.7857487 1.4566068 0.9465037 0.6081321 1.3627112 1.2529212 1.3348957 1.3225480 1.1835753 1.2874442 0.8900602 0.8900602 1.1970864 1.1970864 0.8372156 0.8372156 1.2269396 1.3354127 1.3525864 1.1702221 1.3454878 1.2728147 1.2830418 1.1756789 1.0038785 0.8389852 1.2854228 1.0899678 1.0913760 1.1325651 1.0952392 0.9893274 1.2745599 1.4630713 1.3119306 0.9289838 1.1532192 1.1393736 1.1725633 1.1847026 0.6824705 1.0756123 1.0756123 1.1397697 1.1845418 1.1209091 1.0994830 1.1036243 1.1496961 1.0569325 1.1209487 1.0746003 1.3028593 1.3021467 1.2635808 0.8507835 1.4735775 1.4832657 5.8174446 1.7162903 1.6687744 1.1087240 1.1161198 1.0378636 1.1017768 1.3092892 1.3208605 1.2385129 1.4981209 1.3459919 1.3103374 1.3463903 1.7250703 1.3394488 1.4979330 1.2633192 1.9121451 2.1591735 2.0529517 2.3180674 2.6119150 3.1721663 2.2250705 2.4961144 2.4852214 2.6237992 2.9067357 2.6553619 2.2323848 2.6557658 2.1195867 2.0345467 2.8805543 7.2827867 5.9538474 4.0329359 
Bolinf_Binf_sb1267208                                  1.2820966 1.2869145 1.2830905 0.3847686 1.1256806 0.2915604 1.1252608 1.1020468 1.1073685 1.0863338 0.8692186 1.1523882 0.0000000 0.0000010 0.0000010 0.0000010 0.0094760 0.0132670 0.0068274 0.0072412 0.0087670 0.0455082 0.0184464 0.0095844 0.0354451 0.0591561 0.0345351 0.0376434 0.0507832 0.1623906 0.1374164 0.2086606 0.2914778 0.2991997 0.2991997 0.2854866 0.2896972 0.3298990 0.2832580 0.2832580 0.2806194 0.2806194 0.2120805 0.2120805 0.2793910 0.2926718 0.2926718 0.2788728 0.3610142 0.3610142 0.3567334 1.0709023 1.1223198 0.8201393 1.0336653 1.1383353 1.0594974 1.0622476 1.0970089 1.0543392 1.1968675 1.6405329 1.3868517 0.9970352 1.1290521 1.0966665 1.0458614 1.1315360 0.9563801 1.2012155 1.2012155 1.0803456 1.5124796 1.1700971 1.1761019 1.1958800 1.1990057 1.1849840 1.1725043 1.1950641 1.1248565 1.1906922 1.1540827 0.7709039 0.3570938 0.4209693 0.0000010 0.3814651 0.4246392 1.1633926 1.2238870 1.2426505 1.2506611 1.1458290 1.2097213 1.1582458 1.1621810 1.1817631 1.2895521 1.4963982 3.0011847 1.7341183 0.2918950 1.2806414 1.7885302 2.0204682 1.6708568 1.9976730 1.8774438 3.3303176 1.8531520 2.0625430 2.3747445 2.2525179 2.3344970 2.1681423 1.7871979 4.0791511 1.8385317 2.9468022 6.9035143 7.9292045 6.6551396 4.0487142 
Bolinf_Binf_sb1267215                                  1.0285223 1.0370362 0.9738513 0.3847686 1.0370362 0.2915604 0.8739553 0.9560481 1.0597171 0.9830274 0.8692186 0.9469076 0.0000010 0.0000000 0.0000010 0.0000010 0.0000010 0.0000010 0.0000010 0.0000010 0.0000010 0.0148937 0.0661060 0.0000010 0.0661060 0.0661060 0.0661060 0.0661060 0.0661060 0.1849983 0.1527016 0.2115354 0.2624747 0.2514413 0.2514413 0.2442844 0.2514413 0.3006272 0.2832580 0.2832580 0.2616383 0.2616383 0.2616383 0.2616383 0.2902020 0.2902020 0.2902020 0.2902020 0.2599686 0.2599686 0.3712257 0.9936899 0.9256476 0.0000010 0.8080118 0.8001037 0.9154830 0.9028855 1.0076155 0.9831754 1.3072938 0.9357687 1.6189579 0.7793653 1.0689945 0.8997046 0.9637926 1.0025836 0.9563801 1.0632054 1.0632054 1.0164276 0.0000010 0.9426461 0.9046391 0.9434799 0.9666004 0.8933190 0.8648915 0.7780565 0.9624970 1.0354814 0.8229510 0.7709039 0.2931882 0.4209693 0.0000010 0.2938066 0.4884342 1.0006201 1.0301031 1.0965197 1.1532696 0.8501965 0.9720709 0.8401587 0.6873073 0.8751684 1.0019192 0.8684446 0.0000010 1.7341183 0.0467178 2.2478883 1.3571697 1.5910779 1.7616951 1.7156715 1.4065517 8.9999981 1.2966700 1.5267437 1.5900553 4.3073323 1.4502211 1.5376898 0.9519116 0.0000010 1.8162562 1.9131938 4.7728567 7.4412505 1.4257683 0.0000010 
Bolinf_Binf_sb1267217                                  1.0536010 1.0638132 0.9892733 0.3847686 1.0638132 0.2915604 0.8974486 0.9918363 1.1421463 1.0349094 0.8692186 0.9409644 0.0000010 0.0000010 0.0000000 0.0000010 0.0000010 0.0000010 0.0000010 0.0000010 0.0000010 0.0148937 0.0958305 0.0000010 0.0958305 0.0958305 0.0958305 0.0958305 0.0958305 0.2171738 0.1771370 0.2180351 0.2855367 0.2795876 0.2795876 0.2795876 0.2795876 0.3515982 0.2832580 0.2832580 0.2832580 0.2832580 0.2832580 0.2832580 0.3114066 0.3114066 0.3114066 0.3114066 0.2810445 0.2810445 0.3821509 1.0330803 0.9462123 0.0000010 0.8343365 0.7340979 0.9118740 0.8971185 1.0162704 0.9634737 1.3789030 0.9065880 2.2213927 0.7503805 1.0941449 0.9163329 0.9811340 1.0290770 0.9563801 1.0963702 1.0963702 0.9845542 0.0000010 0.9437723 0.8986510 0.9447412 0.9723325 0.8965685 0.8490439 0.7483932 1.0084622 1.0648700 0.8381528 0.7709039 0.3302251 0.4209693 0.0000010 0.5750298 0.6899442 1.0515425 1.0830881 1.1523834 1.2400677 0.8129047 0.9829415 0.8101184 0.6652998 0.8198499 1.0019192 0.8684446 0.0000010 1.7341183 0.0000010 4.4664728 1.3256067 1.6130691 1.6636670 1.8567608 1.4693248 8.9999990 1.2415599 1.4608373 1.7014333 6.1158002 1.5265229 1.6734277 1.0397222 0.0000010 1.5584545 1.7269892 4.7728567 6.3017518 1.4257683 0.0000010 
Mertsp_Mesp_sb560396                                   1.0470919 1.0565389 0.9872896 0.3847686 1.0565389 0.2915604 0.9074085 0.9529961 1.0995984 0.9979090 0.8692186 0.9329584 0.0000010 0.0000010 0.0000010 0.0000000 0.0000010 0.0000010 0.0000010 0.0000010 0.0000010 0.0148937 0.0803331 0.0000010 0.0803331 0.0803331 0.0803331 0.0803331 0.0803331 0.2061110 0.1696094 0.2268398 0.2849101 0.2627410 0.2627410 0.2627410 0.2627410 0.3269499 0.2832580 0.2832580 0.2814109 0.2814109 0.2814109 0.2814109 0.3012108 0.3012108 0.3012108 0.3012108 0.2676395 0.2676395 0.3805567 0.9872310 0.9400245 0.0000010 0.8145372 0.7628883 0.8916497 0.8780135 1.0014765 0.9521009 1.3244369 0.8987264 1.7507314 0.7239635 1.0725170 0.8903644 0.9816928 1.0141900 0.9563801 1.0229058 1.0229058 0.9913367 0.0000010 0.9172640 0.8765108 0.9186411 0.9435281 0.8833653 0.8399566 0.7395554 0.9848334 1.0682631 0.7885847 0.7709039 0.2990032 0.4209693 0.0000010 0.3224366 0.5460095 1.0239493 1.0686211 1.1809544 1.2248581 0.8360221 0.9794616 0.8523466 0.6651844 0.8599378 1.0019192 0.8684446 0.0000010 1.7341183 0.0000010 2.9334121 1.2998284 1.6272225 1.7498840 1.7333159 1.3907033 8.9999990 1.2656037 1.5130955 1.6274658 5.5384773 1.5050573 1.6359981 0.9865852 0.0000010 1.7398838 1.7269892 4.7728567 7.1234179 1.4257683 0.0000010 
Bolinf_Binf_sb1267209                                  0.9985335 1.0032623 0.9773608 0.3847686 1.0236213 0.2915604 0.8148721 0.8485531 0.9165902 0.8639792 0.8692186 0.9567939 0.0094760 0.0000010 0.0000010 0.0000010 0.0000000 0.0000010 0.0000010 0.0000010 0.0000010 0.0455082 0.0401401 0.0132444 0.0265526 0.0442902 0.0299282 0.0326552 0.0442441 0.1512308 0.1374164 0.2086606 0.2571866 0.2465004 0.2465004 0.2381882 0.2465004 0.2819155 0.2832580 0.2832580 0.2542164 0.2542164 0.2090080 0.2090080 0.2849069 0.2849069 0.2849069 0.2849069 0.2654295 0.2654295 0.3248247 0.8085170 0.8596041 0.8201393 0.7368619 0.7903427 0.8280974 0.8129778 0.8557594 0.8520539 1.0120401 1.5571224 1.3868517 0.8255922 0.9543266 0.8719356 0.8267822 0.8911188 0.9563801 0.9698588 0.9698588 0.8939708 1.2803365 0.9232563 0.9315285 0.9540677 0.9705477 0.9407728 0.8961320 0.8516837 0.8497184 0.8660109 0.8738500 0.7709039 0.2881575 0.4209693 0.0000010 0.2839790 0.3584598 0.9662819 0.9805180 1.0092594 1.0500111 0.8688684 0.9574667 0.8667701 0.8327823 0.9785616 1.1177645 1.0432407 5.0373107 1.7341183 0.2117491 0.9627373 1.5349434 1.5860727 1.6708568 1.6175292 1.4690979 2.8245558 1.4262281 1.5638218 1.7783557 2.2525179 1.7423727 1.7092923 1.2374505 2.8253162 1.8385317 2.1491759 6.2184929 7.1389544 4.5585233 9.0000000 
Bolinf_Binf_sb1267214                                  0.9214115 0.9274454 0.8873656 0.3847686 0.9489640 0.2915604 0.7765854 0.8221817 0.9003088 0.8223273 0.8692186 0.8888803 0.0132670 0.0000010 0.0000010 0.0000010 0.0000010 0.0000000 0.0000010 0.0000010 0.0000010 0.0148937 0.0672985 0.0000010 0.0442902 0.0442902 0.0455399 0.0455399 0.0455399 0.1788897 0.1318895 0.2086606 0.2725930 0.2415378 0.2415378 0.2358114 0.2415378 0.2903885 0.2832580 0.2832580 0.2447607 0.2447607 0.2160845 0.2160845 0.2775080 0.2775080 0.2775080 0.2775080 0.2503189 0.2503189 0.3443315 0.8294544 0.8299911 0.1590272 0.7021377 0.7529319 0.8375622 0.8279232 0.9061252 0.8863908 1.0264609 0.8596694 1.3868517 0.7207296 0.9676561 0.8267035 0.8709336 0.8770280 0.9563801 0.9282677 0.9282677 0.9188752 9.0000000 0.8467757 0.8191693 0.8486740 0.8654353 0.8221197 0.8011946 0.7276658 0.8512714 0.8709928 0.8051156 0.7709039 0.2644489 0.4209693 0.0000010 0.2259188 0.3646993 0.9252112 0.9571284 0.9975021 1.0504023 0.7665619 0.9104461 0.7823066 0.6663121 0.8125518 1.1397925 0.9363910 9.0000000 1.7341183 0.1271290 1.2253222 1.3382522 1.6233300 1.6783616 1.6796125 1.4470483 4.2682841 1.2651586 1.3959484 1.5870952 2.4483656 1.4120821 1.4888237 1.0587521 0.0000010 1.8162562 2.3319803 5.6962241 7.6266312 3.9103318 9.0000000 
Bolinf_Binf_sb1267210                                  0.9842037 0.9892076 0.9840012 0.3847686 0.9423456 0.2915604 0.8220852 0.8479213 0.8899583 0.8380197 0.8692186 0.9585497 0.0068274 0.0000010 0.0000010 0.0000010 0.0000010 0.0000010 0.0000000 0.0000010 0.0000010 0.0455082 0.0398748 0.0000010 0.0299282 0.0455399 0.0295534 0.0322090 0.0434248 0.1564088 0.1296756 0.2086606 0.2403567 0.2291388 0.2291388 0.2247825 0.2291388 0.2736572 0.2832580 0.2832580 0.2137403 0.2137403 0.2061067 0.2061067 0.2721123 0.2721123 0.2721123 0.2721123 0.2363407 0.2363407 0.3005184 0.8071125 0.8388107 0.8201393 0.7643670 0.8055738 0.8088793 0.7912756 0.8480371 0.8420357 0.9524713 1.4062030 1.3868517 0.7631322 0.9224091 0.8663283 0.8276401 0.8899638 0.9563801 0.9586324 0.9586324 0.8739918 3.2661526 0.9477754 0.9446306 0.9691473 0.9919866 0.9896592 0.9186299 0.8719170 0.8483235 0.8651644 0.8571465 0.7709039 0.2584911 0.4209693 0.0000010 0.2327431 0.3206464 0.9413174 0.9756535 0.9966173 1.0397980 0.8317744 0.9866343 0.8415850 0.8098920 0.8885571 1.0895639 1.0649921 8.9999988 1.7341183 0.1275343 0.9810519 1.4899953 1.6640881 1.6708568 1.7034320 1.4282918 2.8524634 1.3403757 1.5379876 1.7421752 2.2525179 1.7043795 1.6548623 1.1715298 3.1477533 1.8385317 2.4130492 5.7861493 7.1992868 4.6584064 8.9999981 
Bolinf_Binf_sb1267212                                  0.9616481 0.9668277 0.9433779 0.3847686 0.9174703 0.2915604 0.8018895 0.8123226 0.8572832 0.8006736 0.8692186 0.9561016 0.0072412 0.0000010 0.0000010 0.0000010 0.0000010 0.0000010 0.0000010 0.0000000 0.0000010 0.0455082 0.0435035 0.0000010 0.0326552 0.0455399 0.0322090 0.0322090 0.0434248 0.1503600 0.1129864 0.2086606 0.2259227 0.2139023 0.2139023 0.2093231 0.2139023 0.2576344 0.2832580 0.2832580 0.1960766 0.1960766 0.2061067 0.2061067 0.2626476 0.2626476 0.2626476 0.2626476 0.2162366 0.2162366 0.2936179 0.7886185 0.8035479 0.7116342 0.7287969 0.7600588 0.7949297 0.7838033 0.8439434 0.8375527 0.9552685 1.2331350 1.3868517 0.7297829 0.9031901 0.8356028 0.8106798 0.8536020 0.9563801 0.9354995 0.9354995 0.8593459 3.2661526 0.8950282 0.8923959 0.9173742 0.9402935 0.9373418 0.8670185 0.8135246 0.8322518 0.8506526 0.8134620 0.7709039 0.2505304 0.4209693 0.0000010 0.2153525 0.3142912 0.9569970 0.9707051 0.9929151 1.0501885 0.8061643 0.9242323 0.8092853 0.7443316 0.8369701 1.0895639 1.0306376 8.9999988 1.7341183 0.0830341 0.9883265 1.3930659 1.6511819 1.6708568 1.6913372 1.3807690 2.9968871 1.3005576 1.5152577 1.7475728 2.2525179 1.6787642 1.6150653 1.1665359 9.0000000 1.8385317 2.4130492 5.9240679 7.5084552 3.8568651 8.9999981 
Bolinf_Binf_sb1267213                                  0.9376391 0.9436686 0.9149525 0.3847686 0.8851022 0.2915604 0.7786506 0.8193213 0.8889235 0.8122404 0.8692186 0.8698397 0.0087670 0.0000010 0.0000010 0.0000010 0.0000010 0.0000010 0.0000010 0.0000010 0.0000000 0.0148937 0.0589222 0.0000010 0.0442441 0.0455399 0.0434248 0.0434248 0.0434248 0.1764387 0.1294380 0.2086606 0.2672222 0.2276164 0.2276164 0.2220251 0.2276164 0.2646565 0.2832580 0.2832580 0.2224575 0.2224575 0.2085089 0.2085089 0.2608119 0.2608119 0.2608119 0.2608119 0.2395534 0.2395534 0.3241966 0.8308799 0.8085399 0.2519203 0.7147958 0.7349741 0.7856718 0.7721948 0.8609251 0.8374424 1.0034490 0.8249787 1.3868517 0.6886888 0.9162272 0.8168252 0.8407984 0.8576711 0.9563801 0.9114857 0.9114857 0.8776961 3.2661526 0.8448508 0.8178334 0.8467356 0.8631361 0.8310230 0.8083086 0.7369444 0.8425566 0.8741027 0.8031760 0.7709039 0.2497272 0.4209693 0.0000010 0.1975224 0.3357236 0.9224207 0.9618586 0.9983229 1.0349412 0.7561201 0.8964707 0.7894962 0.6716936 0.8100481 1.0544819 0.9255648 8.9999988 1.7341183 0.0782723 1.1135961 1.2808576 1.6565108 1.7016264 1.7021229 1.3787354 3.8673952 1.2162570 1.3905375 1.5670304 2.4708125 1.4314655 1.5036174 1.0265842 0.0000010 1.8162562 2.4130492 5.6063080 7.2762610 4.0415811 8.9999981 
Bolinf_Binf_sb1267220                                  1.1255723 1.1369431 1.0781950 0.3847686 1.1369431 0.2915604 0.9814142 0.9641610 1.1293171 0.9948249 0.8692186 1.0464444 0.0455082 0.0148937 0.0148937 0.0148937 0.0455082 0.0148937 0.0455082 0.0455082 0.0148937 0.0000000 0.2667107 5.9757011 0.2667107 0.1715834 0.2667107 0.2667107 0.1715834 0.2561790 0.2109883 0.1760472 0.3139796 0.3055638 0.3055638 0.3055638 0.3055638 0.3844576 0.3094319 0.3094319 0.3541076 0.3541076 0.3094319 0.3094319 0.3401742 0.3401742 0.3401742 0.3401742 0.3196681 0.3196681 0.3732843 1.0937135 1.0052821 6.6901901 0.8577765 0.8024306 0.9774986 0.9613571 1.0889095 1.0227304 1.5924044 0.9465555 2.3452219 0.7623471 1.1519220 1.0118371 1.0859772 1.0464955 0.9563801 1.1977894 1.1977894 1.0445387 0.0000010 0.9736472 0.9098819 0.9380598 0.9892783 0.9160456 0.8680292 0.8272448 0.9335436 1.0562697 0.8552754 0.7709039 0.3403425 0.4209693 0.0000010 0.9626208 0.8118469 1.1545776 1.1332900 1.1555197 1.2796510 0.8521734 0.9974709 0.8876171 0.6721924 0.9133742 1.0019192 0.9618218 0.0000010 1.7341183 5.2326722 5.1169810 1.5004270 1.7520106 1.6758584 2.0437335 1.6266622 8.9999984 1.2947215 1.5715048 1.7159629 3.6433803 1.5626913 1.7194776 1.1008426 0.0000010 1.7040089 1.7269892 5.5969457 6.4562098 1.4257683 0.0000010 
Bolinf_Binf_sb1267211                                  1.3806381 1.3806381 1.4028049 0.6668311 1.1935347 0.5409444 1.2145996 1.1699085 1.1395022 1.1687777 1.0301120 1.1947189 0.0184464 0.0661060 0.0958305 0.0803331 0.0401401 0.0672985 0.0398748 0.0435035 0.0589222 0.2667107 0.0000000 0.0095844 0.0086057 0.0140917 0.0047763 0.0051914 0.0069179 0.1585454 0.1354823 0.2273729 0.3079364 0.3175766 0.3175766 0.3003134 0.3057533 0.3171441 0.2424902 0.2424902 0.2705765 0.2705765 0.1638828 0.1638828 0.2761108 0.2924172 0.2924172 0.2754834 0.4078305 0.4078305 0.3659230 1.0788674 1.2143136 0.8201393 1.1946948 1.3164299 1.1320285 1.1522035 1.1178597 1.0952827 1.0997047 1.9250781 1.2892538 1.0918229 1.1310700 1.1303160 1.0788796 1.2139253 1.2423693 1.2207773 1.2207773 1.1290873 1.5124796 1.2823296 1.3128461 1.3389786 1.3282331 1.3178179 1.3240437 1.3226619 1.2371922 1.2877400 1.2970006 0.9334920 0.3747792 1.1819584 0.0000010 0.3814651 0.3740740 1.2181176 1.2813302 1.2855466 1.2540744 1.3187941 1.3135459 1.3509390 1.4113475 1.3277899 1.8169816 1.8695725 3.0011847 3.4841753 0.2918950 1.2362321 2.0109537 2.3867522 1.8729372 1.9602757 1.9494503 2.7457763 2.3655901 2.4048024 2.8367884 2.1821959 2.8786880 2.3431417 2.2541446 4.0791511 1.8385317 3.1615419 7.7684707 8.5892850 7.8897328 4.0487142 
Mertsp_Mesp_sb560398                                   1.1297978 1.1297978 1.1283880 0.0000010 0.8307106 0.0000010 1.0547057 0.9746115 0.9162014 0.9318368 0.0000010 1.1078058 0.0095844 0.0000010 0.0000010 0.0000010 0.0132444 0.0000010 0.0000010 0.0000010 0.0000010 5.9757011 0.0095844 0.0000000 0.0131999 0.0000010 0.0000010 0.0000010 0.0000010 0.0937261 0.0910056 0.1539259 0.2010736 0.2366669 0.2366669 0.2117275 0.2366669 0.2709142 0.0000010 0.0000010 0.2267354 0.2267354 0.0675882 0.0675882 0.2303567 0.2303567 0.2303567 0.2303567 0.3416214 0.3416214 0.2616107 0.8501456 1.0322195 0.8201393 0.9554509 1.1316448 0.9986391 1.0165301 1.0183233 1.0305224 0.9656110 2.5149833 0.8900718 1.0606826 0.9869951 1.0477552 0.8791681 0.9918891 0.0000010 1.0900493 1.0900493 0.9386818 1.3406690 1.0818756 1.1297323 1.1297323 1.1143639 1.1777280 1.1066961 1.1177011 0.9445685 0.9532421 1.1500008 0.0000010 0.3236863 0.0000010 0.0000010 0.3181142 0.3181119 1.0085350 1.0519904 1.0782902 1.0185145 1.0880188 1.1493568 1.0802138 1.3164299 1.1598497 1.5936677 1.6629282 2.7638246 0.0000010 0.2267354 0.9547549 2.0918583 1.9192910 1.6175104 1.7519681 2.0296065 2.3781431 2.1566287 2.1092543 2.3674501 1.4941516 2.4193307 2.1140558 2.1056539 4.2829492 2.7190560 3.4046372 7.4903592 8.5751116 6.5501568 2.5505318 
Bolinf_Binf_sb1267216                                  0.9986061 0.9986061 0.9955326 0.6668311 1.0271888 0.5409444 0.7923874 0.8257665 0.8739516 0.8655215 1.0301120 0.9217475 0.0354451 0.0661060 0.0958305 0.0803331 0.0265526 0.0442902 0.0299282 0.0326552 0.0442441 0.2667107 0.0086057 0.0131999 0.0000000 0.0000010 0.0000010 0.0000010 0.0000010 0.1362691 0.1354823 0.2273729 0.2600048 0.2460132 0.2460132 0.2350618 0.2460132 0.2433772 0.2424902 0.2424902 0.2238648 0.2238648 0.1587308 0.1587308 0.2737731 0.2737731 0.2737731 0.2737731 0.2827907 0.2827907 0.3178700 0.7188276 0.8656148 0.8201393 0.7993358 0.8703106 0.8133507 0.8118929 0.7762574 0.8140263 0.8585845 1.8809117 1.2892538 0.8820065 0.8808491 0.8307517 0.7818151 0.8930215 1.2423693 0.9003703 0.9003703 0.8773989 1.0430601 0.9689261 1.0033605 1.0342221 1.0412127 1.0114499 0.9745806 0.8954665 0.8775157 0.8660383 0.9263442 0.9334920 0.2803868 1.1819584 0.0000010 0.2737924 0.2807984 0.9461550 0.9467363 0.9633012 0.9695543 0.9557598 0.9774199 0.9824487 0.9800430 1.0747188 2.0760729 1.2168493 2.1812834 3.4841753 0.2004019 0.8579171 1.6848381 1.8251898 1.8729372 1.4735734 1.4062108 1.9898787 1.8339537 1.7548682 2.0714166 2.1821959 2.1247506 1.7406704 1.5201545 2.8253162 1.8385317 2.1822736 6.7416411 7.4797365 5.4480261 9.0000000 
Bolinf_Binf_sb1267223                                  0.8799613 0.8799613 0.8677122 0.6668311 0.9132609 0.5409444 0.7177877 0.7699732 0.8227501 0.7972899 1.0301120 0.7999795 0.0591561 0.0661060 0.0958305 0.0803331 0.0442902 0.0442902 0.0455399 0.0455399 0.0455399 0.1715834 0.0140917 0.0000010 0.0000010 0.0000000 0.0000010 0.0000010 0.0000010 0.1689349 0.1259786 0.2273729 0.2858065 0.2381776 0.2381776 0.2294963 0.2381776 0.2308968 0.2424902 0.2424902 0.1915866 0.1915866 0.1621441 0.1621441 0.2556201 0.2556201 0.2556201 0.2556201 0.2694961 0.2694961 0.3440455 0.6934912 0.8235374 0.1590272 0.7826372 0.8668754 0.8181819 0.8347506 0.7993332 0.8412295 0.7889658 0.8660944 1.2892538 0.7728286 0.8555232 0.7419047 0.8185862 0.8731710 1.2423693 0.7980128 0.7980128 0.9043895 3.7956345 0.8810799 0.8720406 0.9175665 0.9215400 0.8745086 0.8744602 0.7447538 0.8978997 0.8737724 0.8455598 0.9334920 0.2401741 1.1819584 0.0000010 0.2082383 0.2365927 0.8706021 0.8913880 0.9186580 0.9221522 0.8400129 0.9159738 0.9159393 0.7812007 0.8704534 2.6658465 1.2934333 7.8045847 3.4841753 0.1049751 1.0035894 1.4423207 2.0537561 1.9342221 1.4816891 1.3386558 2.0830109 1.7784022 1.5902880 1.9071572 2.3628860 1.7560808 1.4356735 1.3819127 0.0000010 1.8162562 2.3828832 6.3280282 8.3844740 5.9764528 9.0000000 
Bolinf_Binf_sb1267219                                  0.9838669 0.9838669 1.0120035 0.6668311 0.9373883 0.5409444 0.8000423 0.8207566 0.8404914 0.8354109 1.0301120 0.9290946 0.0345351 0.0661060 0.0958305 0.0803331 0.0299282 0.0455399 0.0295534 0.0322090 0.0434248 0.2667107 0.0047763 0.0000010 0.0000010 0.0000010 0.0000000 0.0000010 0.0000010 0.1409515 0.1247648 0.2273729 0.2383756 0.2234963 0.2234963 0.2176026 0.2234963 0.2292110 0.2424902 0.2424902 0.1690608 0.1690608 0.1556482 0.1556482 0.2551911 0.2551911 0.2551911 0.2551911 0.2439000 0.2439000 0.2827387 0.7022605 0.8431227 0.8201393 0.8551242 0.9021959 0.7930648 0.7891808 0.7657886 0.7992636 0.7763994 1.6761271 1.2892538 0.8255516 0.8515693 0.8258166 0.7792885 0.9072244 1.2423693 0.8851948 0.8851948 0.8490830 1.3594319 1.0082427 1.0303414 1.0650494 1.0798131 1.0876302 1.0157477 0.9280699 0.8744264 0.8656618 0.8977990 0.9334920 0.2412248 1.1819584 0.0000010 0.2228730 0.2389583 0.9181109 0.9365179 0.9408016 0.9563669 0.9013627 1.0206364 0.9579201 0.9575623 0.9650517 1.9619757 1.3045363 4.0012947 3.4841753 0.1166841 0.8653089 1.6532558 1.9806903 1.8729372 1.5330089 1.3583033 1.9046517 1.7708507 1.7760230 2.0565232 2.1821959 2.1189090 1.6707022 1.4548515 3.1477533 1.8385317 2.5128260 6.0264361 7.5982229 5.4755588 8.9999989 
Bolinf_Binf_sb1267221                                  0.9519426 0.9519426 0.9564039 0.6668311 0.9017823 0.5409444 0.7693853 0.7682417 0.7907331 0.7802061 1.0301120 0.9231226 0.0376434 0.0661060 0.0958305 0.0803331 0.0326552 0.0455399 0.0322090 0.0322090 0.0434248 0.2667107 0.0051914 0.0000010 0.0000010 0.0000010 0.0000010 0.0000000 0.0000010 0.1316714 0.1012076 0.2273729 0.2182007 0.2021247 0.2021247 0.1958306 0.2021247 0.2051278 0.2424902 0.2424902 0.1430064 0.1430064 0.1556482 0.1556482 0.2410957 0.2410957 0.2410957 0.2410957 0.2161855 0.2161855 0.2716922 0.6693875 0.7940207 0.7116342 0.8090138 0.8452730 0.7721445 0.7784556 0.7531171 0.7893357 0.7642213 1.4186304 1.2892538 0.7883062 0.8195601 0.7819388 0.7523158 0.8584880 1.2423693 0.8477853 0.8477853 0.8269347 1.3594319 0.9392479 0.9619991 0.9977344 1.0128299 1.0211697 0.9493306 0.8542642 0.8543586 0.8454488 0.8374455 0.9334920 0.2288495 1.1819584 0.0000010 0.2045833 0.2254445 0.9380485 0.9259719 0.9304700 0.9624566 0.8693875 0.9341032 0.9193803 0.8671413 0.8974349 1.9619757 1.2786119 4.0012947 3.4841753 0.0721982 0.8584572 1.5182815 1.9911767 1.8729372 1.5031356 1.2878783 1.8794511 1.7460109 1.7618510 2.0980765 2.1821959 2.1174740 1.6178178 1.4764015 9.0000000 1.8385317 2.5128260 6.4003635 8.0997799 4.4951507 8.9999989 
Bolinf_Binf_sb1267222                                  0.9123261 0.9123261 0.9166453 0.6668311 0.8475166 0.5409444 0.7222332 0.7643273 0.8169092 0.7914482 1.0301120 0.7857487 0.0507832 0.0661060 0.0958305 0.0803331 0.0442441 0.0455399 0.0434248 0.0434248 0.0434248 0.1715834 0.0069179 0.0000010 0.0000010 0.0000010 0.0000010 0.0000010 0.0000000 0.1644159 0.1223576 0.2273729 0.2788535 0.2188030 0.2188030 0.2104045 0.2188030 0.1975135 0.2424902 0.2424902 0.1621601 0.1621601 0.1538037 0.1538037 0.2309520 0.2309520 0.2309520 0.2309520 0.2522510 0.2522510 0.3110948 0.6912327 0.7986725 0.2519203 0.8126790 0.8361692 0.7502710 0.7586972 0.7481097 0.7730694 0.7574273 0.8174678 1.2892538 0.7525672 0.8121614 0.7382019 0.7772083 0.8661146 1.2423693 0.7871376 0.7871376 0.8432835 1.3594319 0.8782761 0.8695010 0.9137013 0.9175573 0.8872054 0.8843331 0.7583064 0.8774216 0.8796078 0.8284134 0.9334920 0.2209363 1.1819584 0.0000010 0.1822362 0.2155716 0.8793909 0.8997274 0.9200669 0.9146722 0.8099131 0.8942855 0.9252175 0.7834056 0.8756373 1.9989543 1.2083995 4.0012947 3.4841753 0.0602742 0.9137243 1.3706427 2.1072653 1.9703293 1.4700417 1.2602637 1.8943863 1.7154326 1.6232173 1.8751814 2.3906297 1.7917214 1.4580354 1.3235659 0.0000010 1.8162562 2.5128260 5.9040705 7.8001923 5.3535079 8.9999989 
Mlei_ML0592.g4.i1                                      1.6183688 1.6295227 1.5556460 0.4393323 1.4329254 0.2733413 1.4588169 1.5055202 1.4195091 1.3904861 0.8962999 1.4566068 0.1623906 0.1849983 0.2171738 0.2061110 0.1512308 0.1788897 0.1564088 0.1503600 0.1764387 0.2561790 0.1585454 0.0937261 0.1362691 0.1689349 0.1409515 0.1316714 0.1644159 0.0000000 0.0394181 0.1891353 0.3621713 0.3784792 0.4200469 0.4110606 0.3432338 0.4624549 0.3548634 0.3548634 0.3579560 0.3579560 0.2713924 0.2713924 0.3872931 0.4243178 0.4410157 0.3551303 0.5248748 0.4759366 0.4362802 1.4295424 1.4729166 0.8486516 1.4647443 1.3571447 1.4395866 1.4102778 1.3954187 1.1717210 1.4541180 1.7410512 1.2396681 1.1075128 1.4554615 1.3953618 1.3992544 1.4782757 0.9200590 1.5590736 1.5590736 1.3693333 1.6230356 1.4502556 1.4593130 1.4771404 1.3458707 1.3006804 1.5224050 1.4183758 1.4310019 1.5337489 1.4447399 0.8377757 0.5147156 0.4787611 8.6700663 0.6001171 0.6551300 1.4820670 1.4533145 1.4308688 1.4735612 1.4537162 1.4266862 1.5244544 1.5812690 1.5261993 1.4099708 1.8329569 3.1488739 1.7308487 0.4644241 1.6686276 2.1758272 2.2933701 1.6336514 1.9400984 2.3227017 3.9088390 2.4018111 2.4588515 2.6339602 2.0672197 2.8075238 2.6947397 2.4160294 3.9940470 2.1377955 2.4537668 4.2749802 8.1968735 7.3863920 4.1078798 
