81
Emue_Em0019g358a.t1                                    0.0000000 0.7827696 0.2872321 0.9240905 1.8683996 2.0706088 2.0971585 2.4904936 1.8324788 0.8333533 2.1970196 2.9035416 2.9847253 1.2162210 2.4991570 1.9071836 1.9071836 2.8176162 2.8176162 2.8569355 0.9357356 2.5636493 1.5940327 1.8251656 1.7577523 1.7595459 1.7783428 1.7652887 1.9683242 2.9446302 1.6322662 0.9797298 1.8377858 0.8436785 1.5294940 1.5140601 1.5139079 1.2370101 2.0560091 0.9701436 2.2989010 2.3439287 2.2288035 2.5633581 1.5894560 2.2609174 2.4066056 2.2969009 2.1426053 2.3985914 2.1355225 1.9648078 2.2023055 1.9385308 1.1444011 1.9501542 2.2696672 2.2573050 2.4434226 0.9310289 0.8972345 1.6935739 1.9853618 2.1367483 2.0532632 2.5404374 2.0546360 1.3887756 1.1488750 1.7428318 1.7299998 2.3476532 1.7379296 1.7291129 1.7710709 1.7762052 1.6614663 1.6614663 2.1987259 2.0960010 1.6233988 
Spolac_c104100_g1_i2_m.38158c104100-g1                 0.7827696 0.0000000 0.0421555 8.9999988 4.8992378 6.5093974 8.0300397 7.6324497 4.9145046 5.5105012 5.5304224 8.9999989 8.9999980 6.2922608 8.9999982 5.2985490 5.2985490 8.9999983 8.9999983 8.9999983 2.4802259 8.7427368 5.4921419 6.4747376 5.9640923 7.1838133 8.3773070 6.5119374 7.3884723 8.3565540 5.6665621 3.4948128 8.1807666 0.8898019 4.9591088 6.0969407 5.2596673 8.3341382 7.5783245 9.0000000 7.7036322 6.9748645 7.2088344 7.0066108 0.0000010 5.8443742 8.9999980 7.4380101 8.9999990 8.9999986 8.4448819 8.1501399 6.5657689 5.5602949 0.8898019 6.5274207 7.8967215 7.6927208 8.3910615 4.4471073 2.9039417 5.6014550 4.3498627 5.8180398 5.6758577 7.1212159 5.3808199 2.7994222 1.5169822 5.6600131 5.8033268 6.1895120 4.5669652 4.4504633 4.7553638 4.8206927 4.1469913 4.1469913 8.1650914 8.9999982 5.5041015 
Spolac_c104100_g1_i4_m.38162c104100-g1                 0.2872321 0.0421555 0.0000000 0.5988636 1.7700640 2.1025266 2.0554603 2.5390880 1.8155201 0.8706699 2.1318165 2.9683987 3.1891617 1.1858033 2.6874661 1.8698085 1.8698085 2.9154451 2.9154451 2.9653415 0.9158075 2.7330976 1.7571830 1.8807993 1.8452595 1.8907010 1.8671848 1.9728038 2.0356337 3.0937108 1.7265985 1.0721479 2.1462848 0.9117355 1.6058773 1.8176705 1.7794104 1.4265232 2.1887993 1.0836667 2.3378994 2.3494842 2.2867547 2.4569056 1.7590825 2.1312783 2.5164828 2.4353839 2.2942922 2.3999780 2.0171579 2.1556293 2.0668765 1.9156766 1.1825158 1.9923901 2.2568422 2.4027918 2.2314275 0.9280535 1.0555878 1.9032440 1.8245259 2.2044205 2.0472868 2.6302588 2.0207819 1.4227241 1.1435858 1.9617078 1.7221370 2.2382617 1.6867717 1.6689845 1.7343533 1.7395210 1.6185952 1.6185952 2.3340531 2.1248165 1.8685205 
Spolac_c104100_g1_i3_m.38160c104100-g1                 0.9240905 8.9999988 0.5988636 0.0000000 2.1329448 2.3496590 2.1145335 3.0841395 2.3291406 1.0415429 2.5842295 3.3363703 3.2715196 1.5275185 2.8977083 3.3759573 3.3759573 3.6560182 3.6560182 3.7156116 1.1820247 3.2353758 1.8882817 2.0106239 2.0186292 1.6221322 1.4994474 1.9575431 1.9546100 1.9786752 1.8838390 1.1640671 2.2231011 1.1150723 2.0226017 2.1414467 2.0841767 1.7033027 2.5291002 1.2970570 2.6682377 2.5845656 2.6515311 3.4895414 1.7590825 3.4446378 3.1586741 3.5953442 3.4478622 2.7908002 2.1821173 2.5024217 2.8989628 2.4559657 1.1065452 2.3552062 2.5741969 2.8393812 2.5924887 1.5557576 0.8221178 2.5641333 3.0084249 2.6171862 2.8005697 3.9662258 2.7516431 2.4552022 2.1550393 2.9087671 2.0072214 2.1339880 1.9267159 1.9382179 2.0405748 2.0845874 2.1067665 2.1067665 2.6214149 1.7056032 2.5404784 
Lcom_lcpid50007                                        1.8683996 4.8992378 1.7700640 2.1329448 0.0000000 0.4647226 0.3882083 0.5313445 0.9466232 1.0694963 1.9506434 2.5072336 2.6574288 1.1639436 2.3201656 1.8430246 1.8430246 2.5875185 2.5875185 2.6355948 0.9509385 2.1184799 1.5282953 1.6174353 1.5632419 1.5121393 1.5145360 1.6031328 1.6981408 2.4723757 1.6804355 1.0106830 1.7628063 1.0996120 1.5196946 1.4301606 1.4995661 1.2904360 1.8109325 0.9593733 1.9050070 1.9194889 2.0088271 2.1713366 2.0805667 1.8798148 1.8577454 2.0360577 1.8046295 1.7775127 1.6835423 1.7019947 1.8020356 1.6905215 1.3600142 1.6551122 1.5065587 1.6584315 1.9393966 1.5141184 1.4043556 1.7114722 1.7862178 2.1157652 2.0245716 2.0242528 2.5063657 1.9325261 1.6333692 1.8548755 1.9772386 2.5979147 1.7448910 1.6735676 1.7219980 1.7211130 1.8127493 1.8071529 1.8913077 1.7943221 1.7607869 
Scil_scict002536.2                                     2.0706088 6.5093974 2.1025266 2.3496590 0.4647226 0.0000000 0.4875603 0.5270550 1.1091551 1.0403370 2.1376195 2.5530719 2.6815430 1.2480252 2.5426639 1.8928152 1.8928152 2.6908506 2.6908506 2.7305457 1.0521361 2.3431123 1.6882051 1.8371918 1.7831603 1.7764321 1.7256477 1.7458302 1.8013369 2.7220905 1.8407284 1.1204424 1.8835838 1.1734964 1.6242597 1.6274844 1.6848028 1.4415267 2.0751977 0.9726551 2.1789504 1.9026501 1.9779873 2.2247793 1.9670625 2.0913647 2.0142024 2.1183254 1.7147559 1.9033881 1.8731091 2.0016970 2.0890839 2.0393006 1.3739496 1.9902307 1.6570103 1.7779156 2.0233975 1.5924499 1.5378548 2.0842864 2.0097308 2.1759129 2.0101406 2.4847550 3.0765328 2.0108843 1.7357393 1.9887884 2.3173112 3.0388351 2.0597272 1.9866573 2.0175847 2.0237537 2.0535372 2.0474609 2.2307614 2.0823266 1.9396850 
Leuniv_Lniv_C814534_01                                 2.0971585 8.0300397 2.0554603 2.1145335 0.3882083 0.4875603 0.0000000 0.5527723 1.0321764 1.0884991 2.0441328 2.5452471 2.5702193 1.1687643 2.3537929 1.8666478 1.8666478 2.5492974 2.5492974 2.6070730 0.9571468 2.3115879 1.6525667 1.6126739 1.5511260 1.4630631 1.4593271 1.5919832 1.6928916 2.5319591 1.7799195 1.0841228 1.7421846 1.2067412 1.4980991 1.5477477 1.5617809 1.3496947 1.9323750 1.0640771 1.7745341 1.7712210 2.1515760 2.1120853 2.1834466 1.9332149 1.6723772 1.8903324 1.7975094 1.8698112 1.6810769 1.7123208 1.5901742 1.7641478 1.5238968 1.8628911 1.4698671 1.5683410 2.0292610 1.5458529 1.3681568 1.7925642 1.8831752 2.2129613 2.0603858 2.4564046 2.8437688 1.8435346 1.6456804 2.1183364 2.1222229 2.7770549 1.8790793 1.7820629 1.6842274 1.6833123 1.8378908 1.8322052 1.9719136 1.8074458 1.8434417 
Gracom_Gcom_scaffold16475_01                           2.4904936 7.6324497 2.5390880 3.0841395 0.5313445 0.5270550 0.5527723 0.0000000 1.1956892 1.3308721 2.0506439 2.5705301 2.6444943 1.2588997 2.6184312 1.7963799 1.7963799 2.6225883 2.6225883 2.6408694 0.9649486 2.3951086 1.6714544 1.8586883 1.8340877 1.7892978 1.7911558 1.7868402 1.9517932 2.9774869 1.9776177 1.1634794 1.9115240 1.1591131 1.7278499 1.6771959 1.7028383 1.4757687 2.0028639 0.9475709 2.1142087 2.0573798 2.1956876 2.1704724 2.1853619 2.0114062 1.9814329 2.1498148 1.7449606 1.9547597 1.8112922 2.0644588 2.0289868 1.8564978 1.3308823 1.9774265 1.7424160 1.8805500 1.9975447 1.8406876 1.8056724 2.0334997 1.9509423 2.5498392 2.3187401 2.5026421 3.2015353 2.1824743 2.1145782 2.1820178 2.5041815 3.4742036 2.1123553 2.0310839 2.1049948 2.1113808 2.1116886 2.1053979 2.1328288 2.2409854 2.0389661 
Clacor_Ccor_C539637_01                                 1.8324788 4.9145046 1.8155201 2.3291406 0.9466232 1.1091551 1.0321764 1.1956892 0.0000000 1.0875741 1.6745667 2.3823421 2.4973889 1.1167531 2.1861775 1.6607471 1.6607471 2.4203750 2.4203750 2.4793212 0.8441626 2.1599865 1.1673690 1.4090782 1.3911480 1.3928132 1.3669987 1.2675109 1.4208993 2.1915628 1.3634018 0.9779142 1.6740507 1.0050330 1.4415324 1.3387379 1.3562151 1.1673879 1.7614269 0.9549596 1.8507190 1.5933306 1.6068584 1.8289547 2.2083684 1.8150570 1.7695073 1.8632268 1.5098468 1.7563349 1.5267829 1.7311253 1.6361337 1.6596878 1.2656707 1.4483736 1.5735680 1.6699993 1.4420249 1.4587673 1.5388175 1.5699575 1.7606548 1.8222712 1.8433216 1.6740267 2.0739500 1.6204953 1.3686760 1.5201271 1.6203114 2.1010082 1.6690075 1.6437292 1.6137464 1.6181439 1.7624963 1.7573125 2.0061459 1.9894210 1.5077398 
Tetwil_g14020.t1                                       0.8333533 5.5105012 0.8706699 1.0415429 1.0694963 1.0403370 1.0884991 1.3308721 1.0875741 0.0000000 1.5916985 2.1095622 1.7977664 1.1214452 1.9171484 1.8658110 1.8658110 2.0952015 2.0952015 2.1434653 0.8175178 1.8095249 1.1772504 1.1665877 1.1544873 1.2230536 1.1068063 1.1928993 1.2417239 1.7880890 1.1853068 0.9868898 1.5794994 1.1668483 1.3969474 1.3413187 1.3264098 1.3202024 1.5242242 0.7421507 1.8847693 1.8775350 1.5544393 1.8881528 1.7695733 1.8812911 1.6345305 1.7018639 1.8388043 1.7181097 1.3993790 1.6539924 1.5576307 1.5275959 1.1949541 1.3571148 1.4785338 1.4964136 1.4400385 0.4760644 0.7402680 1.1921536 1.6297041 1.6672574 1.4987358 1.8215966 1.6980350 1.5415652 1.0984368 1.4281899 1.2614423 1.6494599 1.3461269 1.2710057 1.4344676 1.4401673 1.2629650 1.2515039 1.7241395 1.9780583 1.6431872 
Bralan_BLAG14000563_1                                  2.1970196 5.5304224 2.1318165 2.5842295 1.9506434 2.1376195 2.0441328 2.0506439 1.6745667 1.5916985 0.0000000 2.7044257 3.0246683 1.0839518 2.8195759 1.6960147 1.6960147 2.6742095 2.6742095 2.6698922 0.6410906 2.4329951 1.5620397 1.5696823 1.5106142 1.4922872 1.5784342 1.5315029 1.6509393 2.3911766 1.5835973 0.9767072 1.6577403 0.9303095 1.3650891 1.7641739 1.7837674 1.2815673 1.5657646 0.9317104 2.5623906 2.2297138 2.2442260 2.4561577 1.3018208 1.9215081 2.1230854 2.0042147 1.9369176 2.5899796 2.1466211 2.1751371 2.1821853 1.2597931 0.8277053 1.5462506 2.0845288 2.2449116 2.0552326 1.5160909 1.7476522 1.8025397 1.6131711 1.8474645 1.8012847 2.1404891 2.5849550 1.6783164 1.3814441 1.7143156 2.0769207 2.8907368 1.9751275 1.8665140 1.8639255 1.8663824 2.0985773 2.0943093 2.0356687 2.2043833 1.7958798 
Horcal_Hcv1.av93.c1.g548.i1                            2.9035416 8.9999989 2.9683987 3.3363703 2.5072336 2.5530719 2.5452471 2.5705301 2.3823421 2.1095622 2.7044257 0.0000000 0.1198810 0.3685046 0.7612274 0.6208232 0.6208232 0.9225163 0.9225163 0.9424046 0.1812719 0.7540029 2.3865295 2.3614777 2.1761924 2.2040981 2.0341696 2.1626506 2.2970781 3.5997671 2.4367729 1.5919382 2.6732788 1.7804247 2.1023629 2.6431582 2.7583171 1.7868163 2.4559445 1.5060810 3.3947404 3.2340240 3.2354630 2.7755711 2.4299475 2.6474419 2.6167934 2.5017812 2.3127370 2.1917550 2.9496561 2.6132529 2.7488183 2.6179384 1.7812660 2.6585405 2.9414816 2.4703269 2.5492926 2.0507069 3.1153573 2.8133872 3.0161572 2.7638174 2.3835955 3.0859188 3.4409877 2.5587929 2.3359534 2.6134817 3.0027733 4.4099280 2.7266317 2.6613141 2.5587841 2.5674241 2.6482400 2.6408033 2.8880970 2.9676343 2.8656614 
Pbac_sb2649823                                         2.9847253 8.9999980 3.1891617 3.2715196 2.6574288 2.6815430 2.5702193 2.6444943 2.4973889 1.7977664 3.0246683 0.1198810 0.0000000 0.6575399 0.7782748 0.6904814 0.6904814 1.0305737 1.0305737 1.0538610 0.5433295 0.8773172 2.3821441 2.3483178 2.2138101 2.1677668 2.0231456 2.2609157 2.2261594 3.1495804 2.5148810 1.4611328 2.4406423 1.4027763 2.0191514 2.6279965 2.6277231 1.7242548 2.5931991 1.4831118 3.2735386 3.2851035 3.1117616 3.0495241 2.7208650 2.8706088 2.7404540 2.6399120 2.4705640 2.3998266 2.7937506 2.6972869 2.7744402 2.7221711 1.5065176 2.5622862 3.0933526 2.5423721 2.5852717 2.0721382 2.7424851 2.7613022 2.8774726 2.7534080 2.3882827 3.3999881 3.2924137 2.7003637 2.5206036 2.7474019 3.1265946 4.3513807 2.7881758 2.7100226 2.6043755 2.6137535 2.8424578 2.8424578 2.6493297 2.5786334 2.7258354 
Eupdun_Edun_sb10616451                                 1.2162210 6.2922608 1.1858033 1.5275185 1.1639436 1.2480252 1.1687643 1.2588997 1.1167531 1.1214452 1.0839518 0.3685046 0.6575399 0.0000000 0.4186035 0.3955861 0.3955861 0.4140614 0.4140614 0.4206680 0.2299812 0.4055231 1.0990346 1.0939434 1.0854869 1.0504645 1.0628033 1.0804451 0.9083174 1.5930900 0.9616526 0.8949866 1.1962711 1.1403703 1.1432196 1.2195581 1.2954975 0.8638178 1.0573200 1.3361154 1.4552557 1.2631098 1.2448855 1.8542191 2.3182037 1.4823998 1.4787835 1.3779211 1.5389787 1.4610961 1.3995891 1.2583204 1.4494244 1.2349422 1.3351087 0.9777510 1.3321799 1.1960909 1.3855384 1.3391852 1.9672298 1.0184512 1.3339240 1.1514792 0.9962802 0.9439588 1.4252685 1.3211364 1.1651458 1.2184470 1.3080195 2.4138399 1.3901179 1.2828000 1.2438685 1.2438685 1.3623534 1.3599153 1.9670455 2.0290458 1.4387009 
Mlei_ML0095.g6.i1                                      2.4991570 8.9999982 2.6874661 2.8977083 2.3201656 2.5426639 2.3537929 2.6184312 2.1861775 1.9171484 2.8195759 0.7612274 0.7782748 0.4186035 0.0000000 0.6518040 0.6518040 0.7291204 0.7291204 0.7771888 0.1582149 0.6830135 2.4608211 2.1763831 2.1333072 2.1514654 2.1166426 2.1854830 2.1232001 3.2477580 2.4523830 1.4485444 2.5020005 1.6631898 2.0070232 2.5637225 2.6441233 1.7156541 2.2453269 1.6055604 3.0007699 3.0889647 2.9164418 2.9540071 2.5705121 2.4317489 2.6229192 2.6253773 2.2363357 2.3349793 2.8883622 2.5868577 2.8156827 2.7461796 1.9652276 2.1678207 2.7448897 2.2860388 2.7795852 2.0108109 2.7556554 2.7090899 2.9827958 2.7057236 2.6494499 3.3002895 3.4964610 2.5234387 2.0265297 2.3432796 2.9916819 4.5317074 2.9532235 2.9194061 2.8211347 2.8309652 2.8404928 2.8355639 2.6219209 2.7924982 2.7897744 
Coeast_Cast_sb789140                                   1.9071836 5.2985490 1.8698085 3.3759573 1.8430246 1.8928152 1.8666478 1.7963799 1.6607471 1.8658110 1.6960147 0.6208232 0.6904814 0.3955861 0.6518040 0.0000000 0.0000010 0.0114924 0.0114924 0.0390468 0.1514791 0.2852216 1.6801193 1.6095269 1.5609312 1.4748811 1.4273111 1.6079799 1.6479444 2.7016348 1.5396524 1.4304842 1.7970513 1.5656391 1.7868612 2.0038564 1.8978553 1.7904432 1.6331744 1.3818041 2.3190551 2.1776474 2.0310962 2.4498249 2.4349142 2.2457822 2.1926323 2.0570543 2.1862482 1.8983500 2.1316201 2.0390938 2.0704441 2.0190858 1.8738283 1.7240525 2.1874208 1.9782193 2.0795425 1.9788747 2.9184511 1.6861659 2.2220347 1.9047817 1.9941532 1.9109631 2.3941324 2.1908163 2.3276042 2.0024218 2.0873154 3.2195721 1.9973299 1.9295706 1.9409266 1.9492382 1.9406197 1.9376355 2.3594202 2.5027482 2.1823428 
Coeast_Cast_sb789141                                   1.9071836 5.2985490 1.8698085 3.3759573 1.8430246 1.8928152 1.8666478 1.7963799 1.6607471 1.8658110 1.6960147 0.6208232 0.6904814 0.3955861 0.6518040 0.0000010 0.0000000 0.0114924 0.0114924 0.0390468 0.1514791 0.2852216 1.6801193 1.6095269 1.5609312 1.4748811 1.4273111 1.6079799 1.6479444 2.7016348 1.5396524 1.4304842 1.7970513 1.5656391 1.7868612 2.0038564 1.8978553 1.7904432 1.6331744 1.3818041 2.3190551 2.1776474 2.0310962 2.4498249 2.4349142 2.2457822 2.1926323 2.0570543 2.1862482 1.8983500 2.1316201 2.0390938 2.0704441 2.0190858 1.8738283 1.7240525 2.1874208 1.9782193 2.0795425 1.9788747 2.9184511 1.6861659 2.2220347 1.9047817 1.9941532 1.9109631 2.3941324 2.1908163 2.3276042 2.0024218 2.0873154 3.2195721 1.9973299 1.9295706 1.9409266 1.9492382 1.9406197 1.9376355 2.3594202 2.5027482 2.1823428 
Coeast_Cast_sb789142                                   2.8176162 8.9999983 2.9154451 3.6560182 2.5875185 2.6908506 2.5492974 2.6225883 2.4203750 2.0952015 2.6742095 0.9225163 1.0305737 0.4140614 0.7291204 0.0114924 0.0114924 0.0000000 0.0000010 0.0297337 0.1500723 0.3563924 2.3946475 2.3172118 2.2881471 2.2055121 2.0805193 2.2103244 2.4248708 3.9291120 2.1741250 1.4304842 2.4589464 1.5656391 2.0572370 2.8476131 2.7313121 1.8878167 2.4626936 1.3818041 3.2265382 3.0073904 3.0464574 2.9927000 2.4349142 2.4403564 2.9901419 2.8245701 2.3374335 2.4752652 2.9933033 2.7617359 2.8604424 3.0603506 1.8738283 2.5705778 2.9618687 2.6075404 2.9600501 2.1759553 2.9786878 2.8631498 3.1389272 2.9631698 2.8924552 3.0486557 3.8651949 2.6565196 2.3276042 2.6208232 3.3688858 5.3175836 3.0533601 2.9147729 2.9076644 2.9179184 2.8430271 2.8392008 2.9232874 2.8862035 2.9800514 
Coeast_Cast_sb789143                                   2.8176162 8.9999983 2.9154451 3.6560182 2.5875185 2.6908506 2.5492974 2.6225883 2.4203750 2.0952015 2.6742095 0.9225163 1.0305737 0.4140614 0.7291204 0.0114924 0.0114924 0.0000010 0.0000000 0.0297337 0.1500723 0.3563924 2.3946475 2.3172118 2.2881471 2.2055121 2.0805193 2.2103244 2.4248708 3.9291120 2.1741250 1.4304842 2.4589464 1.5656391 2.0572370 2.8476131 2.7313121 1.8878167 2.4626936 1.3818041 3.2265382 3.0073904 3.0464574 2.9927000 2.4349142 2.4403564 2.9901419 2.8245701 2.3374335 2.4752652 2.9933033 2.7617359 2.8604424 3.0603506 1.8738283 2.5705778 2.9618687 2.6075404 2.9600501 2.1759553 2.9786878 2.8631498 3.1389272 2.9631698 2.8924552 3.0486557 3.8651949 2.6565196 2.3276042 2.6208232 3.3688858 5.3175836 3.0533601 2.9147729 2.9076644 2.9179184 2.8430271 2.8392008 2.9232874 2.8862035 2.9800514 
Coemet_Cmet_C603083_01                                 2.8569355 8.9999983 2.9653415 3.7156116 2.6355948 2.7305457 2.6070730 2.6408694 2.4793212 2.1434653 2.6698922 0.9424046 1.0538610 0.4206680 0.7771888 0.0390468 0.0390468 0.0297337 0.0297337 0.0000000 0.1521411 0.3479662 2.3477769 2.3527607 2.3217183 2.2307078 2.0926094 2.2318139 2.4411229 3.9625191 2.2013831 1.4259916 2.4755626 1.5594574 2.0690091 2.7796998 2.6701141 1.8848282 2.5352716 1.3984212 3.3130968 3.0391863 3.0301776 3.0074361 2.5042250 2.4851496 2.9810891 2.8878050 2.3788330 2.4484921 2.9955029 2.8272433 2.8835209 3.0999258 1.8677715 2.6272311 3.0395239 2.6591741 3.0597061 2.1950265 3.1288807 2.8570195 3.1010962 2.9829558 2.8521028 3.0150942 3.9453511 2.6582186 2.3732934 2.5897675 3.4289940 5.5611875 3.0368974 2.8992263 2.9004120 2.9106289 2.8281689 2.8243696 2.8469072 2.8309920 2.9592238 
Lampan_Lpan_7575_01                                    0.9357356 2.4802259 0.9158075 1.1820247 0.9509385 1.0521361 0.9571468 0.9649486 0.8441626 0.8175178 0.6410906 0.1812719 0.5433295 0.2299812 0.1582149 0.1514791 0.1514791 0.1500723 0.1500723 0.1521411 0.0000000 0.1708583 0.7996015 0.7813805 0.7778807 0.7019690 0.7875016 0.7738816 0.7194641 1.2044726 0.6585265 0.7082237 0.8997330 0.9129061 0.9014718 0.8688473 0.8356190 0.7763482 0.7294780 0.9977015 1.1146097 0.9346075 0.9693371 1.3439045 1.9436813 1.1245442 0.9688859 0.8993195 0.9750594 1.1490682 1.0286231 0.9835857 1.0855778 0.7858041 1.1521106 0.6965069 1.0378820 0.9942557 0.9919547 1.1568164 1.7464294 0.8138611 0.8871832 0.7683189 0.7900883 0.7169740 0.9581346 1.0653327 0.9374537 0.9663531 0.8301836 1.2588091 0.8945926 0.8761052 0.8374848 0.8374848 0.9577303 0.9577303 1.4246681 1.4246681 0.9766840 
Vmul_sbMO430061                                        2.5636493 8.7427368 2.7330976 3.2353758 2.1184799 2.3431123 2.3115879 2.3951086 2.1599865 1.8095249 2.4329951 0.7540029 0.8773172 0.4055231 0.6830135 0.2852216 0.2852216 0.3563924 0.3563924 0.3479662 0.1708583 0.0000000 2.2338053 2.0600296 2.0076762 1.8359370 1.7335360 1.9066114 2.0239022 3.0668737 2.0530590 1.2386243 2.2885088 1.4298360 1.9131599 2.4745821 2.4704490 1.7174539 2.1589556 1.3566170 2.9426330 2.9311753 2.8023244 2.8190769 2.1833870 2.2569907 2.5244628 2.3827097 2.1443304 2.2105268 2.5096562 2.4627076 2.3165679 2.8488889 1.7357650 2.3036550 2.6365363 2.3184930 2.6857594 2.0194810 2.9274474 2.7658763 2.8854806 2.8629105 2.5439520 2.9625581 3.5347349 2.3949032 2.0456175 2.4262846 3.1080086 4.7001775 2.6712610 2.6245165 2.5700654 2.5789670 2.6619368 2.6583893 2.7330775 2.7965771 2.4543671 
Morvir_scaffold99.g43.t1                               1.5940327 5.4921419 1.7571830 1.8882817 1.5282953 1.6882051 1.6525667 1.6714544 1.1673690 1.1772504 1.5620397 2.3865295 2.3821441 1.0990346 2.4608211 1.6801193 1.6801193 2.3946475 2.3946475 2.3477769 0.7996015 2.2338053 0.0000000 0.9881960 0.9822134 1.0051254 0.9886730 0.9816527 0.9686669 1.4530324 1.1209217 0.6791490 1.0828882 0.7390194 0.9083688 0.8762063 0.9055808 0.8349902 1.0490690 0.8856466 1.9704313 1.9123401 1.7382738 2.2673349 1.2676037 1.9418202 1.8958765 2.0494759 1.8148274 1.7775585 1.7258339 1.7644738 1.7534776 1.3911814 1.0462434 1.2383015 1.8857970 1.6506748 1.5431484 1.4049902 1.2437996 1.4554135 1.4411309 1.7310773 1.6320079 1.8830382 2.0350457 1.5680837 1.3093176 1.6883790 1.5559018 1.9789930 1.6320915 1.5735853 1.4911987 1.4953363 1.4650816 1.4641117 2.0193539 2.0312224 1.0342285 
Spis_XP_022786768_1                                    1.8251656 6.4747376 1.8807993 2.0106239 1.6174353 1.8371918 1.6126739 1.8586883 1.4090782 1.1665877 1.5696823 2.3614777 2.3483178 1.0939434 2.1763831 1.6095269 1.6095269 2.3172118 2.3172118 2.3527607 0.7813805 2.0600296 0.9881960 0.0000000 0.1038711 0.2661391 0.2379930 0.3207716 0.4084007 0.5880850 0.8012642 0.5336005 0.9523241 0.5883772 0.7911318 0.9936307 1.0728326 1.0288541 1.4209786 0.9239985 1.9499839 2.4150140 1.9764771 2.0426808 1.5377855 1.7877003 2.2236174 2.3984890 1.6877567 2.0615773 1.9585287 1.9298144 2.0156830 1.5804216 0.9668086 1.4506450 2.1376353 1.8396892 2.1793884 1.2390116 1.2168530 1.5226931 1.5221245 1.7476992 1.6991871 1.9267942 2.4335607 1.5877694 1.2213313 1.5533797 2.1051598 2.8650660 1.6015537 1.6223726 1.5246074 1.5285005 1.6061635 1.6014684 2.0400698 2.0253865 1.3220576 
Pocdam_XM_027198626.1                                  1.7577523 5.9640923 1.8452595 2.0186292 1.5632419 1.7831603 1.5511260 1.8340877 1.3911480 1.1544873 1.5106142 2.1761924 2.2138101 1.0854869 2.1333072 1.5609312 1.5609312 2.2881471 2.2881471 2.3217183 0.7778807 2.0076762 0.9822134 0.1038711 0.0000000 0.2598533 0.2454547 0.3340533 0.4514023 0.6416999 0.7938215 0.5126431 0.9454342 0.5946183 0.7479048 1.0052631 1.0815933 0.9746902 1.3327384 0.8579028 1.8984488 2.2983063 1.8578190 2.1424415 1.4169055 1.8719022 2.1026882 2.3107424 1.7179438 2.0287901 1.9450084 1.8437005 2.0075158 1.5789504 0.9439747 1.4775754 2.0982556 1.8372781 2.1115413 1.2453107 1.2189026 1.5318050 1.5309340 1.6372224 1.7023099 1.9755007 2.4495669 1.6090821 1.2086590 1.6933167 2.0637730 2.7833942 1.5698888 1.5868768 1.5456310 1.5495737 1.6194920 1.6147993 2.0620815 2.0160566 1.3307571 
Gasp_gasp1.m3.18356.m1                                 1.7595459 7.1838133 1.8907010 1.6221322 1.5121393 1.7764321 1.4630631 1.7892978 1.3928132 1.2230536 1.4922872 2.2040981 2.1677668 1.0504645 2.1514654 1.4748811 1.4748811 2.2055121 2.2055121 2.2307078 0.7019690 1.8359370 1.0051254 0.2661391 0.2598533 0.0000000 0.1672037 0.2896576 0.3885592 0.5545401 0.7976948 0.5029224 0.9866867 0.6229387 0.7549989 1.0718026 1.1258541 0.8441474 1.3518298 0.8503348 1.9389218 2.1743296 1.7505911 1.9379782 1.5058942 1.6438450 2.1189910 2.1573933 1.6026550 1.9565575 1.8283788 1.8266750 1.8789537 1.5966986 0.8795781 1.4008366 2.0165866 1.7971090 1.9229672 1.0765174 1.2334399 1.6319105 1.4817330 1.6936322 1.9805398 2.0325112 2.5393996 1.6713693 1.3344600 1.7587132 2.2008832 2.9964027 1.5689920 1.5912626 1.4956968 1.4956968 1.6705216 1.6616984 2.0009211 1.8567276 1.3383703 
Fspp_ffun1.m4.6004.m1                                  1.7783428 8.3773070 1.8671848 1.4994474 1.5145360 1.7256477 1.4593271 1.7911558 1.3669987 1.1068063 1.5784342 2.0341696 2.0231456 1.0628033 2.1166426 1.4273111 1.4273111 2.0805193 2.0805193 2.0926094 0.7875016 1.7335360 0.9886730 0.2379930 0.2454547 0.1672037 0.0000000 0.2510847 0.3965966 0.5829845 0.7113755 0.4752862 0.9453823 0.6155599 0.7627715 1.0577846 1.0765144 0.8470175 1.3106805 0.8878799 1.9452590 2.1651618 1.7643213 1.9991236 1.6308519 1.6722938 2.1019410 2.1411768 1.5070949 1.8917424 1.7851982 1.8567061 1.9162987 1.6396353 0.9064673 1.4117591 2.0275498 1.7005548 1.9773911 1.0248577 1.1268474 1.7413745 1.5690200 1.7680656 1.9014637 2.1677799 2.6613493 1.6885827 1.2611020 1.7057229 2.2185216 3.0259491 1.6232774 1.6495102 1.5494983 1.5494983 1.6214746 1.6127920 2.0324787 1.8501346 1.3658760 
Gfas_gfas1.m1.16827.m1                                 1.7652887 6.5119374 1.9728038 1.9575431 1.6031328 1.7458302 1.5919832 1.7868402 1.2675109 1.1928993 1.5315029 2.1626506 2.2609157 1.0804451 2.1854830 1.6079799 1.6079799 2.2103244 2.2103244 2.2318139 0.7738816 1.9066114 0.9816527 0.3207716 0.3340533 0.2896576 0.2510847 0.0000000 0.3254277 0.4648615 0.8144591 0.5245693 0.9254030 0.6610710 0.7799744 1.0312752 1.0955010 0.9633327 1.3439591 0.9112355 2.0480600 2.1082312 1.7125360 2.0527302 1.3299564 1.7931593 2.2560219 2.2947125 1.6916133 2.0049965 1.8781322 1.9638485 1.8848898 1.6574738 0.9249073 1.4376778 2.1166593 1.7594344 1.8830702 1.3310710 1.2517621 1.5665595 1.5586251 1.6645304 1.8314347 1.9625043 2.2602918 1.4265885 1.1565537 1.6390045 1.9465303 2.5372824 1.5843422 1.5720281 1.4651730 1.4688624 1.5374504 1.5294689 1.8837184 1.9567301 1.3575731 
Amil_Amillepora23428-RA                                1.9683242 7.3884723 2.0356337 1.9546100 1.6981408 1.8013369 1.6928916 1.9517932 1.4208993 1.2417239 1.6509393 2.2970781 2.2261594 0.9083174 2.1232001 1.6479444 1.6479444 2.4248708 2.4248708 2.4411229 0.7194641 2.0239022 0.9686669 0.4084007 0.4514023 0.3885592 0.3965966 0.3254277 0.0000000 0.0495416 0.8283508 0.6111938 1.0725127 0.7128873 0.8161434 1.1127334 1.1709299 1.0306672 1.4818658 1.0404907 2.1762476 2.3066853 1.7984967 2.0767723 1.4979986 1.9036127 2.3403086 2.4242098 1.6978479 2.1475423 2.1092698 2.1499527 1.9998960 1.8083043 0.9926156 1.4111356 2.1857162 1.8061555 2.2015239 1.5162763 1.3852629 1.6170735 1.4667878 1.6633005 1.9083539 2.0665844 2.3090544 1.5471897 1.2612851 1.7257436 2.0613366 2.7759794 1.4934701 1.5396706 1.4468589 1.4504968 1.6082194 1.6030558 2.0425512 2.2191969 1.3105195 
Adig_XM_015898839.1                                    2.9446302 8.3565540 3.0937108 1.9786752 2.4723757 2.7220905 2.5319591 2.9774869 2.1915628 1.7880890 2.3911766 3.5997671 3.1495804 1.5930900 3.2477580 2.7016348 2.7016348 3.9291120 3.9291120 3.9625191 1.2044726 3.0668737 1.4530324 0.5880850 0.6416999 0.5545401 0.5829845 0.4648615 0.0495416 0.0000000 1.2405821 0.9865824 1.5247311 1.1066304 1.2415186 1.7240963 1.7699292 1.5783076 2.2926059 1.4095193 2.9489840 3.5170812 2.6761502 3.5112861 1.5060807 3.4022519 3.6724347 3.8986625 2.6671481 3.4099297 3.2541071 3.2952848 3.2089327 2.9322803 1.0852109 2.0564888 3.3783817 2.7541197 3.3992101 1.9579671 1.2007801 2.7270055 2.2510471 2.3368028 3.0282065 3.7015614 3.9469103 2.2631601 1.9423050 2.6558078 3.4992784 3.5635435 2.2264985 2.2959534 2.1067100 2.1152557 2.3810952 2.3773419 2.5838072 2.6086704 2.0018011 
Exapal_XM_028657841.1                                  1.6322662 5.6665621 1.7265985 1.8838390 1.6804355 1.8407284 1.7799195 1.9776177 1.3634018 1.1853068 1.5835973 2.4367729 2.5148810 0.9616526 2.4523830 1.5396524 1.5396524 2.1741250 2.1741250 2.2013831 0.6585265 2.0530590 1.1209217 0.8012642 0.7938215 0.7976948 0.7113755 0.8144591 0.8283508 1.2405821 0.0000000 0.2959866 1.1418852 0.7202487 0.9053774 1.1158524 1.1625592 1.0814415 1.4611109 0.8264776 2.0401072 2.2927216 1.8545733 2.1992602 1.5793815 1.9252336 2.2244566 2.4393736 1.6908245 2.0953034 2.1825741 1.9414558 1.9910217 1.8966967 1.1080272 1.6479113 2.0414507 1.7821461 2.0227897 1.0836356 1.0540159 1.7139721 1.5451527 1.8956771 1.8360905 2.1684030 2.2766845 1.4497184 1.1809864 1.7172767 1.8882585 2.5353904 1.4578398 1.4273899 1.4554034 1.4591807 1.5567792 1.5519920 2.1626264 2.1017290 1.3274958 
Nvec_v1g26599                                          0.9797298 3.4948128 1.0721479 1.1640671 1.0106830 1.1204424 1.0841228 1.1634794 0.9779142 0.9868898 0.9767072 1.5919382 1.4611328 0.8949866 1.4485444 1.4304842 1.4304842 1.4304842 1.4304842 1.4259916 0.7082237 1.2386243 0.6791490 0.5336005 0.5126431 0.5029224 0.4752862 0.5245693 0.6111938 0.9865824 0.2959866 0.0000000 0.8593519 0.7912922 0.8747308 0.7519315 0.7927219 0.9786108 0.8648632 0.8284304 1.5495008 1.5355369 1.1773438 1.7885352 1.6176266 1.4295035 1.5194548 1.5668208 1.4202497 1.2964482 1.2472474 1.2354965 1.3323782 1.2106606 1.1517204 0.9479286 1.4874574 1.2143941 1.3200462 0.8299667 1.0295504 1.1021671 1.1165656 1.2356886 1.1490595 1.2350935 1.7377988 1.4344977 1.3760974 1.2254162 1.1120095 1.5286724 1.0382378 0.9300026 1.0657669 1.0657669 1.0359811 1.0301662 1.5599374 1.7381124 1.0821656 
Dgig_XM_028549577.1                                    1.8377858 8.1807666 2.1462848 2.2231011 1.7628063 1.8835838 1.7421846 1.9115240 1.6740507 1.5794994 1.6577403 2.6732788 2.4406423 1.1962711 2.5020005 1.7970513 1.7970513 2.4589464 2.4589464 2.4755626 0.8997330 2.2885088 1.0828882 0.9523241 0.9454342 0.9866867 0.9453823 0.9254030 1.0725127 1.5247311 1.1418852 0.8593519 0.0000000 0.0172615 0.4755625 1.0612675 1.0186603 1.1446255 1.3516634 1.2118898 1.9718017 2.2950637 2.0472382 2.1907084 1.5266063 1.9212610 2.3087197 2.3323386 1.7608958 2.1347661 2.2034685 2.1233930 2.0683677 1.7058204 1.1485409 1.4310545 2.2098832 2.2007051 2.2073988 1.5508725 1.6874424 1.8841164 1.6224140 1.8689958 1.8202840 2.0614791 2.4049085 1.6575521 1.2839480 1.5799161 1.9430865 2.5992395 1.7846547 1.7191582 1.7287042 1.7335854 1.8777566 1.8758629 2.1613365 2.2020204 1.3984302 
Dgig_XM_028563303.1                                    0.8436785 0.8898019 0.9117355 1.1150723 1.0996120 1.1734964 1.2067412 1.1591131 1.0050330 1.1668483 0.9303095 1.7804247 1.4027763 1.1403703 1.6631898 1.5656391 1.5656391 1.5656391 1.5656391 1.5594574 0.9129061 1.4298360 0.7390194 0.5883772 0.5946183 0.6229387 0.6155599 0.6610710 0.7128873 1.1066304 0.7202487 0.7912922 0.0172615 0.0000000 0.4508165 0.7061512 0.6831438 0.8527885 0.8576220 1.2118898 1.4592435 1.4878806 1.1592602 1.6423666 1.5266063 1.1364103 1.4333046 1.4904325 1.3575740 1.2226180 1.5034356 1.5630267 1.4151525 1.0779777 1.1318618 0.9836792 1.4827064 1.4205799 1.4171268 0.9332180 1.6537872 1.3273182 0.9860327 1.2954009 0.9964385 0.9729148 1.6024916 1.3435863 1.0491779 0.8830970 1.0581497 1.6261558 1.0447237 1.0585170 1.0333685 1.0333685 1.0232508 1.0243836 1.5906409 1.5906409 1.0210736 
Xesp_000868-T1                                         1.5294940 4.9591088 1.6058773 2.0226017 1.5196946 1.6242597 1.4980991 1.7278499 1.4415324 1.3969474 1.3650891 2.1023629 2.0191514 1.1432196 2.0070232 1.7868612 1.7868612 2.0572370 2.0572370 2.0690091 0.9014718 1.9131599 0.9083688 0.7911318 0.7479048 0.7549989 0.7627715 0.7799744 0.8161434 1.2415186 0.9053774 0.8747308 0.4755625 0.4508165 0.0000000 0.8371448 0.8165031 1.1149373 1.0659628 1.1729623 1.9484642 1.9601791 1.7610311 1.9891980 1.4859562 1.7762862 1.9444037 2.1674110 1.6850861 1.9053018 1.7231678 1.7265272 1.8326646 1.3196488 1.1077086 1.2331633 1.9430018 1.7750234 1.7570161 1.6655064 1.6767479 1.4678192 1.2571587 1.6519388 1.3832481 1.3579963 2.0900278 1.6633661 1.3799795 1.5332518 1.6350651 2.1287071 1.5037383 1.5141240 1.4516851 1.4560645 1.4837362 1.4803683 1.8297442 2.1589866 1.2713749 
Nemnom_g11638.t1                                       1.5140601 6.0969407 1.8176705 2.1414467 1.4301606 1.6274844 1.5477477 1.6771959 1.3387379 1.3413187 1.7641739 2.6431582 2.6279965 1.2195581 2.5637225 2.0038564 2.0038564 2.8476131 2.8476131 2.7796998 0.8688473 2.4745821 0.8762063 0.9936307 1.0052631 1.0718026 1.0577846 1.0312752 1.1127334 1.7240963 1.1158524 0.7519315 1.0612675 0.7061512 0.8371448 0.0000000 0.1483918 0.8735757 1.1072411 1.1432946 2.2539448 2.1244601 1.7065180 2.0996834 1.7223011 1.8287266 2.0746292 2.0540774 1.9545734 2.0048690 2.0562611 1.9114516 2.0876055 1.7000629 1.2039988 1.3137543 2.0020916 1.9234296 1.9684107 1.3711122 1.5434939 1.5265663 1.4035721 1.8792626 1.8181061 1.9830118 2.2718925 1.5221314 1.2310627 1.6033375 1.7994842 2.3488532 1.6013242 1.5349930 1.4472781 1.4512792 1.5820500 1.5788117 2.0734874 2.1819840 0.7421542 
Rhoesc_Res_011853-T1                                   1.5139079 5.2596673 1.7794104 2.0841767 1.4995661 1.6848028 1.5617809 1.7028383 1.3562151 1.3264098 1.7837674 2.7583171 2.6277231 1.2954975 2.6441233 1.8978553 1.8978553 2.7313121 2.7313121 2.6701141 0.8356190 2.4704490 0.9055808 1.0728326 1.0815933 1.1258541 1.0765144 1.0955010 1.1709299 1.7699292 1.1625592 0.7927219 1.0186603 0.6831438 0.8165031 0.1483918 0.0000000 0.8262710 1.0429442 1.1109911 2.2512965 2.2961859 1.7767187 2.1976945 1.6583723 1.8505519 2.0156248 2.1375358 2.0988974 2.0547210 2.1457660 1.9263658 2.1436714 1.7229180 1.2073137 1.3089312 2.1287275 1.9830521 2.0042232 1.4486364 1.6611382 1.5997269 1.4268906 1.9471718 1.8403702 2.0438851 2.3079644 1.5602584 1.3028901 1.5764575 1.8837598 2.4915104 1.7201853 1.6674464 1.5580667 1.5625309 1.6870763 1.6837085 2.0725827 2.1035120 0.7854478 
Hvul_g23852_1                                          1.2370101 8.3341382 1.4265232 1.7033027 1.2904360 1.4415267 1.3496947 1.4757687 1.1673879 1.3202024 1.2815673 1.7868163 1.7242548 0.8638178 1.7156541 1.7904432 1.7904432 1.8878167 1.8878167 1.8848282 0.7763482 1.7174539 0.8349902 1.0288541 0.9746902 0.8441474 0.8470175 0.9633327 1.0306672 1.5783076 1.0814415 0.9786108 1.1446255 0.8527885 1.1149373 0.8735757 0.8262710 0.0000000 0.5854098 1.0832744 1.8920951 1.7637654 1.5088847 2.2792193 1.2568228 1.5967391 1.6269082 1.6516420 1.7243511 1.7053778 1.4146578 1.5702349 1.8998202 1.1633848 1.2543305 1.1472232 1.8585474 1.5231134 1.6695805 1.5711698 1.6131849 1.2192346 1.1809213 1.8489791 1.7684288 1.5889843 2.0706298 1.7166687 1.6989958 1.5036408 1.4337225 1.9590871 1.5645327 1.5766987 1.4780712 1.4736557 1.4640423 1.4678522 1.7165407 1.6102326 1.2006677 
Chem_TCONS_00055515                                    2.0560091 7.5783245 2.1887993 2.5291002 1.8109325 2.0751977 1.9323750 2.0028639 1.7614269 1.5242242 1.5657646 2.4559445 2.5931991 1.0573200 2.2453269 1.6331744 1.6331744 2.4626936 2.4626936 2.5352716 0.7294780 2.1589556 1.0490690 1.4209786 1.3327384 1.3518298 1.3106805 1.3439591 1.4818658 2.2926059 1.4611109 0.8648632 1.3516634 0.8576220 1.0659628 1.1072411 1.0429442 0.5854098 0.0000000 1.0142112 2.3835360 2.3340992 1.9452473 2.1842054 1.3826262 1.9472516 2.2282575 2.3971555 1.9825581 2.5017692 2.1655549 2.0892992 2.3658912 1.5950222 1.3314884 1.4796664 2.2889279 2.1230539 2.1458628 1.6341191 1.7221639 1.7150255 1.7956015 2.3274185 2.1549246 2.4513163 2.7384672 1.6428312 1.3695842 2.0347900 2.0512704 2.7103493 1.9048110 1.9515432 1.7634719 1.7657253 1.8280172 1.8247152 2.0877307 2.4414475 1.2314644 
Acaspe_EP00035_Acanthoeca_spectabilis_P007286          0.9701436 9.0000000 1.0836667 1.2970570 0.9593733 0.9726551 1.0640771 0.9475709 0.9549596 0.7421507 0.9317104 1.5060810 1.4831118 1.3361154 1.6055604 1.3818041 1.3818041 1.3818041 1.3818041 1.3984212 0.9977015 1.3566170 0.8856466 0.9239985 0.8579028 0.8503348 0.8878799 0.9112355 1.0404907 1.4095193 0.8264776 0.8284304 1.2118898 1.2118898 1.1729623 1.1432946 1.1109911 1.0832744 1.0142112 0.0000000 0.2812879 0.6225518 0.6794251 1.1760251 1.0908324 0.8988582 0.7340749 0.6351333 0.7401585 0.8501393 0.8270175 0.9919306 0.9522108 0.9733499 1.3081063 1.0338826 0.8331376 0.8207045 0.9568079 0.9964690 1.2439660 0.8959967 1.1055581 1.5372939 1.2904838 1.0426203 1.1785603 1.0770588 1.1490335 1.0897091 1.0969122 1.4997904 1.0785353 1.0467488 1.0597090 1.0597090 0.9562442 0.9414465 1.5374978 1.5374978 1.3633896 
Helnan_EP00037_Helgoeca_nana_P001547                   2.2989010 7.7036322 2.3378994 2.6682377 1.9050070 2.1789504 1.7745341 2.1142087 1.8507190 1.8847693 2.5623906 3.3947404 3.2735386 1.4552557 3.0007699 2.3190551 2.3190551 3.2265382 3.2265382 3.3130968 1.1146097 2.9426330 1.9704313 1.9499839 1.8984488 1.9389218 1.9452590 2.0480600 2.1762476 2.9489840 2.0401072 1.5495008 1.9718017 1.4592435 1.9484642 2.2539448 2.2512965 1.8920951 2.3835360 0.2812879 0.0000000 1.1863164 1.2877533 2.0528149 1.1614588 1.7907651 1.5281440 1.5634361 1.5166948 1.7092281 1.6786850 1.7360416 1.7283073 2.2788071 1.8834149 2.0686471 1.6073149 1.7095668 1.9260085 1.5435963 1.7252199 2.3676322 2.3543084 2.6811911 2.6117755 2.7585560 3.5564761 2.4122826 1.9246560 2.5083746 2.5994364 3.4603350 2.1393620 2.0751108 2.1836343 2.2041660 2.2502330 2.2403482 2.0517909 2.0237273 2.5655159 
Stedip_EP00041_Stephanoeca_diplocostata_P019545        2.3439287 6.9748645 2.3494842 2.5845656 1.9194889 1.9026501 1.7712210 2.0573798 1.5933306 1.8775350 2.2297138 3.2340240 3.2851035 1.2631098 3.0889647 2.1776474 2.1776474 3.0073904 3.0073904 3.0391863 0.9346075 2.9311753 1.9123401 2.4150140 2.2983063 2.1743296 2.1651618 2.1082312 2.3066853 3.5170812 2.2927216 1.5355369 2.2950637 1.4878806 1.9601791 2.1244601 2.2961859 1.7637654 2.3340992 0.6225518 1.1863164 0.0000000 1.2293281 2.2380232 1.2720484 2.0184483 1.6275608 1.6922956 1.5686821 1.9437922 1.9380480 1.8159188 1.6696220 1.9890040 1.5490819 1.9693749 1.3706234 1.5004252 1.5339097 1.5996605 1.6175882 2.1040245 2.3445057 2.4845457 2.3872356 2.4270056 3.0485431 2.2884760 1.9339382 2.4947683 2.4143594 3.2193871 2.1808690 2.1352375 2.1660608 2.1869625 2.1945287 2.1845695 2.0191475 1.9335841 2.4529434 
Didcos_EP00039_Didymoeca_costata_P001007               2.2288035 7.2088344 2.2867547 2.6515311 2.0088271 1.9779873 2.1515760 2.1956876 1.6068584 1.5544393 2.2442260 3.2354630 3.1117616 1.2448855 2.9164418 2.0310962 2.0310962 3.0464574 3.0464574 3.0301776 0.9693371 2.8023244 1.7382738 1.9764771 1.8578190 1.7505911 1.7643213 1.7125360 1.7984967 2.6761502 1.8545733 1.1773438 2.0472382 1.1592602 1.7610311 1.7065180 1.7767187 1.5088847 1.9452473 0.6794251 1.2877533 1.2293281 0.0000000 1.8211212 1.1088175 1.5597644 1.4592504 1.5585387 1.3478484 1.5500002 1.5226430 1.5832843 1.4937636 1.9527297 1.3984066 1.8116730 1.5030199 1.3233971 1.5615102 1.4719192 1.6143857 1.9388720 2.2443476 2.3256927 2.1535551 2.6888261 2.6157497 1.9832671 1.5279949 1.9363003 2.1332307 2.7954928 1.8584684 1.8302753 2.0095967 2.0175180 1.9652629 1.9542925 1.8575054 1.6500369 2.0331028 
Microa_EP00043_Microstomoeca_roanoka_P025637           2.5633581 7.0066108 2.4569056 3.4895414 2.1713366 2.2247793 2.1120853 2.1704724 1.8289547 1.8881528 2.4561577 2.7755711 3.0495241 1.8542191 2.9540071 2.4498249 2.4498249 2.9927000 2.9927000 3.0074361 1.3439045 2.8190769 2.2673349 2.0426808 2.1424415 1.9379782 1.9991236 2.0527302 2.0767723 3.5112861 2.1992602 1.7885352 2.1907084 1.6423666 1.9891980 2.0996834 2.1976945 2.2792193 2.1842054 1.1760251 2.0528149 2.2380232 1.8211212 0.0000000 0.3453108 0.4969719 1.2554812 1.2230145 1.0637850 1.4117395 1.8760150 1.8203139 1.5617877 2.1821547 1.9696164 2.1532169 1.8341417 1.8902582 1.9132576 2.1780876 2.7865821 2.1679090 2.0966040 2.2965021 2.2993261 2.2626394 2.5971401 2.1577524 1.8177235 2.1285525 2.1257013 2.8581895 2.2961325 2.2838026 2.2984555 2.3079200 2.5491721 2.5399816 2.0684781 2.2717259 2.3219421 
Sros_EGD82911                                          1.5894560 0.0000010 1.7590825 1.7590825 2.0805667 1.9670625 2.1834466 2.1853619 2.2083684 1.7695733 1.3018208 2.4299475 2.7208650 2.3182037 2.5705121 2.4349142 2.4349142 2.4349142 2.4349142 2.5042250 1.9436813 2.1833870 1.2676037 1.5377855 1.4169055 1.5058942 1.6308519 1.3299564 1.4979986 1.5060807 1.5793815 1.6176266 1.5266063 1.5266063 1.4859562 1.7223011 1.6583723 1.2568228 1.3826262 1.0908324 1.1614588 1.2720484 1.1088175 0.3453108 0.0000000 0.0000010 0.6941809 0.6567955 0.7478859 0.9075390 1.1296119 1.0786559 1.0903838 1.8352375 1.0782429 1.2720162 1.5791567 1.5939029 1.2755656 1.5918536 1.9835131 1.5811054 1.4058704 2.6090575 1.4577240 1.4908719 1.7076409 1.4253771 1.4347751 1.6261653 1.5667530 1.5667530 1.9196203 1.9610455 1.9171567 1.9171567 1.9210893 1.9210893 1.5118444 1.5118444 2.2559694 
Sros_EGD82912                                          2.2609174 5.8443742 2.1312783 3.4446378 1.8798148 2.0913647 1.9332149 2.0114062 1.8150570 1.8812911 1.9215081 2.6474419 2.8706088 1.4823998 2.4317489 2.2457822 2.2457822 2.4403564 2.4403564 2.4851496 1.1245442 2.2569907 1.9418202 1.7877003 1.8719022 1.6438450 1.6722938 1.7931593 1.9036127 3.4022519 1.9252336 1.4295035 1.9212610 1.1364103 1.7762862 1.8287266 1.8505519 1.5967391 1.9472516 0.8988582 1.7907651 2.0184483 1.5597644 0.4969719 0.0000010 0.0000000 1.1398553 0.9499944 0.9248063 1.2815692 1.4253092 1.4534700 1.4415418 1.7862196 1.4795542 1.8641992 1.5674583 1.5869866 1.5673122 1.7545147 2.5227910 1.7776684 1.8843856 2.4954239 2.1135223 2.0277631 2.2349398 1.8810336 1.7224929 1.9823042 1.9024409 2.5862345 2.0692848 2.0092283 2.1063671 2.1150580 2.0301555 2.0165514 1.6305381 1.6244966 1.8813491 
