82
Emue_Em0002g1881a.t1                              0.0000000 0.1161487 0.1654332 0.0903941 0.3895328 0.2707399 0.1509910 2.0642984 1.9996285 1.2907031 2.0054588 1.9764394 2.0134694 1.9599425 1.4127412 2.0847421 2.0114322 2.0329391 1.9986659 1.9879758 1.9581736 1.4833360 1.2264028 2.0768996 2.0881904 3.1048304 2.0708871 2.0190169 1.6880644 1.9966634 2.0545967 2.1522995 2.1034995 1.9522975 2.1102435 2.0240653 2.0335273 2.0302985 2.4627441 1.8359580 2.0391712 1.9508035 2.0641891 2.0720671 2.1220603 2.1089749 2.0785867 1.9380941 2.0876698 2.0573162 2.3986054 2.2752369 2.1872898 2.0181436 2.2917897 2.3051924 2.0715681 1.8472282 2.2961039 1.8656688 2.1821366 2.2665955 2.3725434 2.4539140 2.2985254 2.4834957 2.3063206 2.2871895 2.2791131 2.3794427 1.7223005 2.4099281 2.2384893 2.9389404 2.7166050 3.0397474 2.8620838 3.4756338 3.0551160 2.9562967 3.3261774 3.5387517 
Emue_Em0002g1900a.t1                              0.1161487 0.0000000 0.0209889 0.0917048 0.1593817 0.1190134 0.1154017 1.7005652 1.7365528 1.3592563 1.8901365 2.0436974 1.9697392 1.9505999 1.3433455 2.0977730 1.9793874 1.9385587 2.0945750 1.8798046 1.9466572 1.6293820 0.9080850 2.0024262 1.9513009 2.7526377 2.2404996 2.1735388 2.4207145 2.0914556 2.1162716 2.0546672 2.0037489 1.8119702 2.1163455 1.9758060 1.9884324 1.9308330 2.1725726 2.0046427 1.8692827 1.7598918 1.8935253 1.8935253 1.9429698 1.9431181 1.9851307 1.7762042 2.0988562 1.8997281 2.1618879 2.0656476 2.0637786 2.1865333 2.1471217 2.2755629 2.1829535 1.9342729 2.0321657 1.9184298 2.2860788 2.1247675 2.1602005 2.1949673 2.1903421 2.0628980 1.8784305 2.0169612 2.3490844 2.1266785 2.1047178 2.3073793 2.0160553 2.5252222 2.3711385 1.7412991 2.4015497 2.8588462 2.8287995 2.7118998 2.8508212 2.6949968 
Emue_Em0002g1875a.t1                              0.1654332 0.0209889 0.0000000 0.0986978 0.1662643 0.1190134 0.1131748 1.6992101 1.6489877 1.2921950 1.7983801 1.8992128 1.8165272 1.8531734 1.3864026 1.9560693 1.7383929 1.8482183 1.9246033 1.5894862 1.7527051 1.3738267 1.1573755 1.8203762 1.8513480 2.7526377 2.0224746 1.9873505 1.8185235 1.9050996 2.0401276 1.9539182 1.8429180 1.7750216 1.9217639 1.8313793 1.8413700 1.8559660 2.2047219 1.9194315 1.7337468 1.6393929 1.7643199 1.7643199 1.8123720 1.7874226 1.8190266 1.6503691 1.8903094 1.8147604 2.0666366 2.1226241 1.9988134 2.2085451 1.9181792 2.1980414 2.0342772 1.7952441 2.0214299 1.9112442 1.8657174 2.0941753 2.2605433 2.3596873 2.2707654 2.2228142 2.1006193 2.0456768 2.2885745 2.1494594 1.9581689 2.2217375 2.0541189 2.6064312 2.4968130 2.4912245 2.6025679 3.1297094 2.9495689 2.7343349 2.9603768 2.8842773 
Emue_Em0002g1909a.t1                              0.0903941 0.0917048 0.0986978 0.0000000 0.0988579 0.2005289 0.1246574 1.4663304 1.4409567 1.1105850 1.4886256 1.6518471 1.5226677 1.5253355 1.3926669 1.5487673 1.5071067 1.5536979 1.6042795 1.3383121 1.4790421 1.3961524 0.9351791 1.5332925 1.5484937 2.7713732 1.6823995 1.6309268 1.5159796 1.6013951 1.6860126 1.6267468 1.5614104 1.4516526 1.5686613 1.4693548 1.4777207 1.5429872 1.9246004 1.5509829 1.5344441 1.4547987 1.5521900 1.5591991 1.6143739 1.5797412 1.6121009 1.5201453 1.5495674 1.6206617 1.8881507 1.8438904 1.7829853 2.0271686 1.7272225 1.9556559 1.8331111 1.6275697 1.8417302 1.7696486 1.6835043 1.7805520 2.0154514 2.0896243 2.0832251 2.0080684 1.8357876 1.8851784 2.0339970 1.9188514 1.6690309 2.0286616 1.8409195 2.2377400 2.2334098 2.4924464 2.5225067 2.8340947 2.7311279 2.5815682 2.7814050 2.8937420 
Emue_Em0002g1870a.t1                              0.3895328 0.1593817 0.1662643 0.0988579 0.0000000 0.1916739 0.1309261 1.7262723 1.7123625 1.3734305 1.8978079 2.2000224 1.9483993 1.9161164 1.5358594 1.8469881 1.8260887 1.9416873 1.9134242 1.7275575 1.9610617 1.3898328 0.9602234 1.9753144 2.0054386 2.7581109 2.1437811 2.1047481 1.5912270 2.0790628 1.9412896 1.8991802 1.9477739 1.8150015 1.9883198 1.8653034 1.8707107 1.9418661 2.2975629 1.8172995 1.9762093 1.9392391 2.0045095 2.0062108 2.0369152 2.0368555 1.9822099 1.9107174 1.9994676 1.9442546 2.2222603 2.1691511 2.2527915 2.3235473 2.1220012 2.2896507 2.2420915 1.7351503 2.2473456 2.0178261 2.1290592 2.0416601 2.6059272 2.6831001 2.6409305 2.5605996 2.3590217 2.2343398 2.4307166 2.3817007 1.8867763 2.5067066 2.3277058 2.7221493 2.6356643 3.0690597 3.0863677 3.3189568 2.9904419 2.9462685 3.4911992 4.0512509 
Spolac_c96342_g2_i1_m.12944c100179-g1             0.2707399 0.1190134 0.1190134 0.2005289 0.1916739 0.0000000 0.0513072 1.7571221 1.8517230 1.4665361 2.1333899 2.4678875 2.2206887 2.3527166 1.6722993 2.2900495 2.4062234 2.6253784 2.5773873 1.9282683 2.6740935 1.6151023 3.1182988 2.4817949 2.5022032 2.6065665 2.8506314 2.7875740 2.6431270 2.6296638 2.4599467 2.6685938 2.4045925 2.2206190 2.4886236 2.5839590 2.6526388 2.0849888 3.1461047 2.2308882 1.9013126 1.9446087 1.9461313 1.9461313 1.9764905 1.9964532 1.9964532 1.9593449 1.9593449 1.8126507 2.4258680 1.8133195 2.3782303 2.1428051 2.4256800 2.2417908 2.2312430 2.1652037 2.3453427 2.0364184 2.1737270 1.9797387 2.4521679 2.5153623 2.3069790 2.4705792 1.6443998 2.1003513 2.4809504 2.2008660 2.0009863 2.8393687 1.7550592 2.5558667 2.6205245 2.1109607 2.3769040 2.6241765 2.3495035 2.5789779 2.9112694 8.9999988 
Spolac_c96342_g2_i2_m.12945c100179-g1             0.1509910 0.1154017 0.1131748 0.1246574 0.1309261 0.0513072 0.0000000 1.3671444 1.4327402 1.0542175 1.4059683 1.5065275 1.4990737 1.5469546 1.4047133 1.4964068 1.5419457 1.6246530 1.6219556 1.2611191 1.5677009 1.4175475 1.0164987 1.5684077 1.6330248 3.0601872 1.6327610 1.5806048 1.5440621 1.5257062 1.6634473 1.7242987 1.5669375 1.4935027 1.6193388 1.5247886 1.5477955 1.3794084 2.2711683 1.6004298 1.4082615 1.4482974 1.4416412 1.4416412 1.4782063 1.4747659 1.4741072 1.4815632 1.4815632 1.3659154 1.7456671 1.5926631 1.7202455 2.1428051 1.6946301 1.6175993 1.5770195 1.5871701 1.7686986 1.7901920 1.6736858 1.6291852 1.8372842 1.9138406 1.7133100 1.9892544 1.5767683 1.7078136 1.7418517 1.6525876 1.6388277 1.9105234 1.4464892 2.0952754 1.9357982 1.9675616 2.0215378 2.4378827 2.1415424 2.0731916 2.4105836 6.2645128 
Halamb_c51221_g1_i3mm.3854                        2.0642984 1.7005652 1.6992101 1.4663304 1.7262723 1.7571221 1.3671444 0.0000000 0.4893418 1.4047548 1.9208610 2.1505417 1.8904816 1.8595500 1.2095281 1.8673724 1.8356974 1.9221095 1.8351784 1.9347686 1.8130723 1.3150284 1.2060672 1.8094512 1.8481840 1.9436307 2.0908959 2.1000403 1.6640727 2.0374611 1.9245153 1.9409354 1.9579797 1.8496447 2.0174037 1.9575420 1.9593800 1.9671323 2.1704598 1.8431459 1.9560577 1.8924946 1.9023198 1.8972644 1.9110545 1.9306970 1.8830660 1.7761513 1.8348762 1.8974052 2.1788825 2.2567482 2.1782451 1.8963420 2.1588415 2.2437513 2.0711837 1.7343319 2.2590768 1.8567925 2.2505724 2.2560707 2.5006626 2.5549811 2.4748689 2.4568794 2.3899354 2.1323914 2.4496280 2.3552503 2.1090607 2.2927980 2.2525848 2.9260686 2.5113589 2.7929585 2.7242493 3.0754759 2.8322830 2.7845839 3.2162050 3.5801597 
Aque_Aqu2.1.39655_001                             1.9996285 1.7365528 1.6489877 1.4409567 1.7123625 1.8517230 1.4327402 0.4893418 0.0000000 1.5009412 1.9814440 2.1944146 1.9598927 1.9061464 1.3309114 1.9522537 1.9138507 1.9500215 1.8444166 1.9521404 1.8799667 1.4902410 1.1698479 1.9267048 1.9965217 2.0593339 2.1306581 2.1660402 1.7395703 2.1281234 1.9477666 1.9665027 1.9933768 1.9185780 2.0627196 1.9865371 1.9960404 2.0407728 2.2532573 1.9444404 2.0761537 2.0114075 2.0180652 2.0134071 2.0569217 2.0242460 1.9506795 1.9299901 2.0189652 1.8951178 2.1914765 2.2223842 2.2406631 2.2690012 2.2172714 2.3819259 2.1926126 1.8459113 2.3263753 1.9655537 2.3104009 2.3408803 2.5976610 2.6373911 2.4704807 2.4568223 2.4547431 2.1365677 2.4762023 2.3240231 2.1702086 2.3383430 2.3013854 2.8684847 2.4715857 2.7616204 2.7446995 3.0816973 2.9137100 2.5357469 3.2041290 3.7676316 
Tetwil_g25135.t2                                  1.2907031 1.3592563 1.2921950 1.1105850 1.3734305 1.4665361 1.0542175 1.4047548 1.5009412 0.0000000 1.3752219 1.7174472 1.3915214 1.3546674 1.2210691 1.4791237 1.2833346 1.4652580 1.5695729 1.3148444 1.4170720 0.7995983 1.2729281 1.4495909 1.5043052 1.8104577 1.6320699 1.5777282 1.5542530 1.5774496 1.5818006 1.5187156 1.5208368 1.4008546 1.5428740 1.5521796 1.5499391 1.5176699 1.7596256 1.6485053 1.4006711 1.3257478 1.4096088 1.4096088 1.4138413 1.4159103 1.4282394 1.3786527 1.5487410 1.4694626 1.6641881 1.7425246 1.6657980 1.6934011 1.6240534 1.7926130 1.6643107 1.6529150 1.4624830 1.4522467 1.5368993 1.6740983 1.6060105 1.6391440 1.7352704 1.6401454 1.5957548 1.5495367 1.8537437 1.7321814 1.5704013 1.8916923 1.7470340 2.2745744 1.7624663 1.7107242 1.9941595 2.5578906 2.2358436 2.0243578 2.2697851 2.2523108 
Bralan_BLAG15000518_1                             2.0054588 1.8901365 1.7983801 1.4886256 1.8978079 2.1333899 1.4059683 1.9208610 1.9814440 1.3752219 0.0000000 1.1972546 1.0320431 1.0038672 0.9065684 1.0957620 1.0377893 1.0369543 0.9961147 1.0634192 0.8930393 0.9026460 0.6682768 1.0384817 1.1034633 1.5239303 1.2213083 1.2378410 1.1025810 1.2062730 1.0932205 0.7110952 0.7588550 0.7214164 0.6625316 0.8131414 0.8133209 0.7898879 1.3293249 0.8433664 1.2224366 1.1413583 1.2297580 1.2359838 1.2226560 1.2228816 1.1504627 1.2835156 1.4420534 1.3087059 1.1195970 1.1481518 1.5920594 1.5532575 1.7384074 1.7087228 1.5139694 1.2912048 1.6472644 1.3228444 1.8346338 1.7624156 2.0032687 2.0108401 1.8757451 1.8108170 1.7429027 1.6111417 1.8597634 1.8112289 1.8204435 1.6781295 1.7896208 2.2218532 1.9400179 2.7533734 2.4819669 2.8332805 2.5589912 2.3183672 3.0771151 2.6398057 
Morvir_scaffold225.g5.t2                          1.9764394 2.0436974 1.8992128 1.6518471 2.2000224 2.4678875 1.5065275 2.1505417 2.1944146 1.7174472 1.1972546 0.0000000 1.0354286 0.9622263 0.6894785 1.1132613 1.0173360 1.0861968 1.0365214 1.1307130 0.9566575 0.7796192 0.5899433 1.0553481 1.0898750 1.5171217 0.6555357 0.6635097 0.5709657 0.6294366 0.7546196 1.2536146 1.2090347 1.1683695 1.3812300 1.3387188 1.3433807 1.3669100 0.9050622 1.3022629 1.5420297 1.4689737 1.5606540 1.5611831 1.5568090 1.5420128 1.4309763 1.5563625 1.7329906 1.6536931 1.6075989 1.6373599 1.9399254 2.0106835 1.8813357 1.9571882 1.8686525 1.5806129 2.0744515 1.7396153 2.2366640 2.4352914 2.2875469 2.3182317 2.1643902 2.1259193 2.1042919 1.9021747 2.1210290 2.1537591 1.8038086 1.8591200 2.0569997 2.6332519 2.2667740 3.0431336 2.7456271 3.3633291 2.7556373 2.4025705 3.3220909 2.7836277 
Spis_XP_022788094_1                               2.0134694 1.9697392 1.8165272 1.5226677 1.9483993 2.2206887 1.4990737 1.8904816 1.9598927 1.3915214 1.0320431 1.0354286 0.0000000 0.0499043 0.2679262 0.1727986 0.2090237 0.2416512 0.2338172 0.2294637 0.4170585 0.2860927 0.3524324 0.7027113 0.7708326 0.4248362 0.9778722 1.0000499 0.8521026 0.9457550 0.9113812 1.0344330 1.0493936 1.0356567 1.0296264 1.1080503 1.1085673 1.0813940 1.1573648 1.0758220 1.3033904 1.2089027 1.2969829 1.3025659 1.3139987 1.2959340 1.2039048 1.2732190 1.4052427 1.2968707 1.4211354 1.3395075 1.6606186 1.6825921 1.6865517 1.6554683 1.5474876 1.3186286 1.6870117 1.3959416 1.8473229 1.9571626 1.9274658 1.9948519 1.8698912 1.8745140 1.7569644 1.6345887 1.8867260 1.8749993 1.7289940 1.7574345 1.8000958 2.4024882 1.9353554 2.8830644 2.4927507 3.0408545 2.5362898 2.2524323 2.9775710 2.3075005 
Pocdam_XM_027195573.1                             1.9599425 1.9505999 1.8531734 1.5253355 1.9161164 2.3527166 1.5469546 1.8595500 1.9061464 1.3546674 1.0038672 0.9622263 0.0499043 0.0000000 0.2817947 0.1733703 0.1940168 0.2290816 0.2369847 0.2125691 0.4109531 0.3041947 0.3521159 0.6708774 0.7352517 0.4221139 0.9422828 0.9550672 0.8894064 0.9082201 0.9226624 0.9976195 1.0165716 0.9924655 0.9870413 1.0688460 1.0707998 1.0573579 1.0941754 1.0925187 1.2511757 1.1425838 1.2463006 1.2508134 1.2650534 1.2289365 1.1934571 1.2201008 1.3478003 1.2428997 1.3445955 1.3323160 1.5671890 1.6791378 1.5859943 1.5812482 1.5415197 1.3475473 1.6727781 1.4087869 1.8045879 1.8750723 1.8728927 1.9331570 1.7865387 1.8140264 1.6809417 1.6121433 1.8402071 1.7725275 1.6787937 1.7354791 1.7465178 2.4042962 1.8885717 2.8027700 2.4474944 3.0453435 2.4676487 2.2725638 2.9231827 2.2660168 
Gasp_gasp1.m3.29909.m1                            1.4127412 1.3433455 1.3864026 1.3926669 1.5358594 1.6722993 1.4047133 1.2095281 1.3309114 1.2210691 0.9065684 0.6894785 0.2679262 0.2817947 0.0000000 0.1924584 0.2865997 0.3114347 0.2912532 0.3388126 0.4852389 0.4249196 0.3911440 0.6448871 0.7359672 0.0000010 0.8592635 0.8530092 0.8338594 0.8414849 0.7464065 0.8587471 0.8573341 0.8655819 1.0045602 0.9750169 0.9750169 1.0313471 0.6623125 0.8762606 1.0304051 1.0080039 1.0157129 1.0157129 1.0277413 1.0175067 1.0175067 1.2000525 1.2000525 1.3404832 0.9271919 0.8245135 1.6669379 1.0815229 1.4189221 1.5283659 1.3615556 1.4915953 1.6570420 1.5046613 1.5508711 1.5832965 1.5921221 1.7328524 1.4563269 1.7383973 1.5899727 1.8607949 1.4189783 1.7525216 1.6466046 1.8017272 1.5823567 1.5056957 1.6077033 1.4407484 1.4414344 1.8300424 1.6036902 1.4601734 1.7769333 2.3760108 
Fspp_ffun1.m4.28682.m1                            2.0847421 2.0977730 1.9560693 1.5487673 1.8469881 2.2900495 1.4964068 1.8673724 1.9522537 1.4791237 1.0957620 1.1132613 0.1727986 0.1733703 0.1924584 0.0000000 0.1456320 0.1940313 0.1947267 0.1735154 0.4210294 0.2420229 0.3608604 0.7251670 0.7853686 0.3151382 1.0552069 1.0826830 0.8523317 1.0157440 0.9692718 1.0984670 1.1280080 1.0832396 1.0539778 1.1645697 1.1671334 1.1184718 1.2570957 1.1195657 1.3774859 1.2709351 1.3773560 1.3827118 1.3961278 1.3759370 1.2843432 1.3784018 1.3771132 1.3915518 1.4451538 1.3634888 1.7614114 1.8236286 1.6573821 1.7423425 1.6988147 1.3601276 1.8280498 1.5589873 1.8562130 1.8894542 2.1832248 2.2439736 2.1125924 2.1729818 1.9546851 1.7941435 2.0593393 2.0041793 1.6684768 1.8467546 1.9363197 2.4852530 2.0141126 2.8240609 2.6697155 3.2948539 2.5754340 2.4229558 3.1326633 2.9376451 
Gfas_gfas1.m1.8206.m1                             2.0114322 1.9793874 1.7383929 1.5071067 1.8260887 2.4062234 1.5419457 1.8356974 1.9138507 1.2833346 1.0377893 1.0173360 0.2090237 0.1940168 0.2865997 0.1456320 0.0000000 0.1287094 0.1106953 0.1262779 0.3845406 0.2814461 0.3804326 0.6935720 0.7515817 0.2044909 0.9775211 0.9854273 0.8463229 0.9731241 0.8794082 1.0503095 1.0764666 1.0671823 0.9956592 1.1329088 1.1368619 1.1519645 1.2140822 0.9264862 1.2466417 1.2449352 1.2230727 1.2255922 1.2547865 1.2055142 1.0886211 1.3512186 1.3422072 1.3613234 1.3862352 1.3143796 1.6487871 1.4469023 1.6508466 1.6561668 1.5094352 1.3586917 1.8538194 1.4930997 1.8751894 1.8075645 2.2990337 2.3559666 2.2373701 2.2665601 2.0457240 1.7964402 1.9686712 1.9949204 1.6481307 1.7681346 1.9108767 2.2952626 2.0589252 2.8319346 2.7684997 3.3492347 2.4631026 2.3397431 3.1538827 3.4135496 
Amil_Amillepora21398-RA                           2.0329391 1.9385587 1.8482183 1.5536979 1.9416873 2.6253784 1.6246530 1.9221095 1.9500215 1.4652580 1.0369543 1.0861968 0.2416512 0.2290816 0.3114347 0.1940313 0.1287094 0.0000000 0.0070934 0.0121568 0.4111669 0.2690519 0.4034721 0.7125342 0.7745058 0.4099960 1.0289824 1.0472697 0.8485060 1.0009407 0.9406867 1.0711064 1.0981161 1.0338944 1.0368715 1.1433996 1.1453896 1.1151018 1.1868611 1.0695332 1.3161678 1.2112755 1.2857142 1.2897588 1.3054390 1.2963862 1.1955551 1.2719750 1.4116661 1.2738628 1.4240472 1.3455544 1.6725614 1.6923450 1.6754897 1.6612872 1.5620739 1.3945990 1.6844415 1.3446850 1.8555462 1.9113271 2.0059923 2.0358028 1.9074437 1.8808821 1.7389812 1.6334580 1.8992326 1.8734343 1.7164659 1.7273587 1.8058897 2.4711747 1.9600939 2.8826744 2.4686965 3.1659264 2.5025773 2.2926374 2.9768752 2.3513076 
Adig_XM_015925404.1                               1.9986659 2.0945750 1.9246033 1.6042795 1.9134242 2.5773873 1.6219556 1.8351784 1.8444166 1.5695729 0.9961147 1.0365214 0.2338172 0.2369847 0.2912532 0.1947267 0.1106953 0.0070934 0.0000000 0.0179708 0.4287738 0.2720789 0.4130620 0.6557078 0.7225805 0.2737509 0.9749984 0.9857535 0.8507208 0.9438783 0.9885284 1.0154350 1.0165627 0.9919933 0.9447856 1.0979236 1.1012059 1.0922319 1.1200019 1.1279626 1.2248286 1.0976686 1.2025922 1.2069826 1.2131961 1.1875617 1.1700733 1.1852099 1.3483501 1.1467065 1.3235763 1.3492408 1.5608917 1.8447810 1.4066091 1.5490094 1.5562877 1.3911396 1.4928073 1.4301005 1.4785767 1.5969144 1.9415205 1.9404923 1.8256797 1.8700154 1.6331220 1.7330311 1.8584915 1.8462427 1.6402618 1.6828602 1.7809571 2.5048893 1.9964329 2.7466645 2.4781372 3.2451299 2.5179945 2.3617427 2.8056158 2.2519150 
Adig_XM_015909929.1                               1.9879758 1.8798046 1.5894862 1.3383121 1.7275575 1.9282683 1.2611191 1.9347686 1.9521404 1.3148444 1.0634192 1.1307130 0.2294637 0.2125691 0.3388126 0.1735154 0.1262779 0.0121568 0.0179708 0.0000000 0.4148240 0.2690519 0.4177421 0.7353489 0.7775134 0.1981531 1.0526471 1.0671679 0.7516003 1.0342236 0.8841998 1.0418608 1.0864253 1.0865412 1.0389217 1.1560493 1.1570669 1.1265254 1.2334464 0.8790756 1.3686834 1.3266027 1.3517140 1.3572946 1.3801543 1.3772958 1.2316728 1.3567021 1.3511543 1.3723178 1.4328232 1.3191367 1.7745710 1.7769097 1.6971565 1.7463190 1.6046953 1.3656095 1.8649824 1.4523779 1.7978146 1.8338606 2.4771104 2.5427484 2.2507603 2.2765266 2.0470172 1.8089908 2.0114161 2.0513651 1.7233378 1.7943414 2.0270348 2.5194424 2.1124205 2.8845535 2.7805790 3.2065258 2.5716809 2.2933971 3.2266611 3.6839315 
Nvec_v1g136901                                    1.9581736 1.9466572 1.7527051 1.4790421 1.9610617 2.6740935 1.5677009 1.8130723 1.8799667 1.4170720 0.8930393 0.9566575 0.4170585 0.4109531 0.4852389 0.4210294 0.3845406 0.4111669 0.4287738 0.4148240 0.0000000 0.0000010 0.2870224 0.6430391 0.6905367 0.6136267 0.8656806 0.8792211 0.9051847 0.8662595 0.9477626 0.9463753 0.9544226 0.9616181 0.9191258 1.0166516 1.0206571 1.0020733 1.0462844 1.0008587 1.1573896 1.0831594 1.1556375 1.1571598 1.1706595 1.1533780 1.1393632 1.2252878 1.3609279 1.2575310 1.2999611 1.3482111 1.5845022 1.6403361 1.6143301 1.6218728 1.5580764 1.4122611 1.5992107 1.3163494 1.7505376 1.7660127 1.8713794 1.9186561 1.8101677 1.8221368 1.7240888 1.5930381 1.7711787 1.7320720 1.5799412 1.6601424 1.7079445 2.3571838 1.7992943 2.8324835 2.3078104 2.9874001 2.4182600 2.2083758 2.7751066 2.2181567 
Nvec_v1g224157                                    1.4833360 1.6293820 1.3738267 1.3961524 1.3898328 1.6151023 1.4175475 1.3150284 1.4902410 0.7995983 0.9026460 0.7796192 0.2860927 0.3041947 0.4249196 0.2420229 0.2814461 0.2690519 0.2720789 0.2690519 0.0000010 0.0000000 1.7177467 0.4684950 0.5042618 0.3241513 0.7891177 0.7742080 0.7875738 0.7307978 0.8898025 0.7291385 0.7391754 0.8764410 0.7895330 1.0428647 1.0428647 0.8674430 1.3234589 0.7854885 1.0456468 1.0350751 1.0064162 1.0064162 1.0215348 0.9822093 0.9813820 1.0400184 1.0400184 0.8711203 0.9883630 1.0312843 1.4269474 1.4505736 1.4812716 1.3856533 1.3888036 1.4918314 1.2126982 0.9525348 1.1072307 1.1603508 1.6620621 1.7280280 1.2634004 1.6988027 1.5256006 1.2948514 1.0611059 1.2775308 1.3964898 1.6554111 1.4586574 1.7954646 1.4497002 1.6495290 1.7360084 2.0218106 1.8927922 1.5993804 1.4362040 3.4125294 
Exapal_XM_021040761.2                             1.2264028 0.9080850 1.1573755 0.9351791 0.9602234 3.1182988 1.0164987 1.2060672 1.1698479 1.2729281 0.6682768 0.5899433 0.3524324 0.3521159 0.3911440 0.3608604 0.3804326 0.4034721 0.4130620 0.4177421 0.2870224 1.7177467 0.0000000 0.5117367 0.5765016 0.0000010 0.6631785 0.6306325 0.6183163 0.6578127 0.7363289 0.6745269 0.6247608 0.6860777 0.6232489 0.7240509 0.7240509 0.7725455 0.6782493 0.7449924 0.9405358 0.9374719 0.9254986 0.9254986 0.9441963 0.9042198 0.9042198 0.9735352 0.9735352 0.9048301 1.1932723 1.0409301 1.2206063 2.3926573 1.1724900 1.2401476 1.1656859 1.1369134 1.0114810 1.0347400 0.9508665 1.0258239 2.1408791 2.1705894 1.6584778 1.9505055 1.6199526 1.7273378 1.4612543 1.7307817 1.5398752 1.4660077 1.3669713 1.7375990 1.9801627 2.2348702 2.1495933 2.5177247 2.0720775 2.3347808 2.4404822 4.6388027 
Dgig_XM_028550228.1                               2.0768996 2.0024262 1.8203762 1.5332925 1.9753144 2.4817949 1.5684077 1.8094512 1.9267048 1.4495909 1.0384817 1.0553481 0.7027113 0.6708774 0.6448871 0.7251670 0.6935720 0.7125342 0.6557078 0.7353489 0.6430391 0.4684950 0.5117367 0.0000000 0.2583697 0.9644377 0.9922196 0.9781874 0.8419729 0.9493706 0.9380523 1.0596596 1.0907058 1.0443805 1.0640927 1.1989935 1.2024207 1.1385446 1.2163223 1.1494926 1.2882245 1.1927951 1.2713646 1.2722106 1.2796043 1.2993132 1.2211920 1.3976293 1.5579257 1.4225215 1.4472738 1.3953091 1.6841646 1.8010517 1.7122508 1.7016360 1.5750672 1.4416342 1.7420652 1.4434454 1.8210239 1.9193775 2.0679998 2.1144400 1.9217079 1.8493292 1.8442426 1.7126139 1.8407584 1.8954071 1.7699626 1.7114837 1.8295214 2.3225023 1.9693051 2.5697208 2.4138919 3.0770262 2.5349112 2.3280567 2.9458017 2.4521666 
Xesp_002400-T1                                    2.0881904 1.9513009 1.8513480 1.5484937 2.0054386 2.5022032 1.6330248 1.8481840 1.9965217 1.5043052 1.1034633 1.0898750 0.7708326 0.7352517 0.7359672 0.7853686 0.7515817 0.7745058 0.7225805 0.7775134 0.6905367 0.5042618 0.5765016 0.2583697 0.0000000 1.0075614 1.0383815 1.0339480 0.9030322 0.9913356 0.9863238 1.0669025 1.1153328 1.0684115 1.1456957 1.2488781 1.2519581 1.1651735 1.2204217 1.1369770 1.3532583 1.2677420 1.3461104 1.3470386 1.3636706 1.3682148 1.2934443 1.4392203 1.6109761 1.5019064 1.4564218 1.3564065 1.6792724 1.7124187 1.7507512 1.7254714 1.6108380 1.3876571 1.8079206 1.4611195 1.9694980 2.0331629 2.0482837 2.0838316 1.8600694 1.8592075 1.8571711 1.7043811 1.8755193 1.8760861 1.7581678 1.7782694 1.8874442 2.3259153 1.9463293 2.6588819 2.4526754 3.0008357 2.5533207 2.3254688 2.9711445 2.4660858 
Gasp_gasp1.m3.13809.m1                            3.1048304 2.7526377 2.7526377 2.7713732 2.7581109 2.6065665 3.0601872 1.9436307 2.0593339 1.8104577 1.5239303 1.5171217 0.4248362 0.4221139 0.0000010 0.3151382 0.2044909 0.4099960 0.2737509 0.1981531 0.6136267 0.3241513 0.0000010 0.9644377 1.0075614 0.0000000 1.6161374 1.6324521 1.5921872 1.4312999 1.5619406 1.3961854 1.4472739 1.2449098 1.2215501 1.4400944 1.4569474 1.5949837 1.7488009 1.5575522 1.4005794 1.3791344 1.3440348 1.3440348 1.3352004 1.3830816 1.3830816 1.5948143 1.5913696 1.5010678 1.6406418 1.3347476 1.8785194 1.8643915 1.9936909 1.8585130 1.9856719 1.7190827 2.0917958 1.9576886 2.1552915 1.7955509 1.8353288 1.7362449 2.0564628 1.9725200 1.7679615 1.5797104 1.9699351 1.8227603 1.2256688 1.8574007 1.8131419 2.2702555 1.9283725 1.5323042 2.6409012 3.5566041 2.2806972 2.1196949 2.3037079 3.2809862 
Nemnom_g13816.t1                                  2.0708871 2.2404996 2.0224746 1.6823995 2.1437811 2.8506314 1.6327610 2.0908959 2.1306581 1.6320699 1.2213083 0.6555357 0.9778722 0.9422828 0.8592635 1.0552069 0.9775211 1.0289824 0.9749984 1.0526471 0.8656806 0.7891177 0.6631785 0.9922196 1.0383815 1.6161374 0.0000000 0.0947709 0.1840686 0.2647325 0.7402526 1.1836259 1.1993787 1.1836907 1.3169199 1.3107968 1.3138295 1.3222301 0.9064965 1.2737474 1.4747170 1.3867922 1.4471843 1.4530300 1.4842668 1.4518359 1.3459907 1.5064837 1.6947183 1.5547430 1.5548229 1.5885827 1.8852590 1.9271358 1.9124687 1.9619643 1.7260090 1.5738863 1.9868794 1.6156160 2.1454388 2.2660345 2.1557546 2.1921882 2.0070814 2.0702525 1.9492584 1.9181571 2.0774587 2.0693629 1.9463363 1.8878746 1.9963269 2.5853096 2.1549429 3.0013675 2.6373367 3.1941611 2.6763263 2.4343370 3.2742631 2.5867995 
Rhoesc_Res_012418-T1                              2.0190169 2.1735388 1.9873505 1.6309268 2.1047481 2.7875740 1.5806048 2.1000403 2.1660402 1.5777282 1.2378410 0.6635097 1.0000499 0.9550672 0.8530092 1.0826830 0.9854273 1.0472697 0.9857535 1.0671679 0.8792211 0.7742080 0.6306325 0.9781874 1.0339480 1.6324521 0.0947709 0.0000000 0.1801027 0.2738707 0.7245512 1.1758176 1.2322901 1.1902639 1.3238770 1.3050142 1.3121391 1.3243805 0.8979820 1.2567884 1.5027382 1.3996290 1.4759877 1.4819408 1.5077045 1.4870114 1.3744496 1.5124973 1.7039932 1.5405580 1.5155197 1.6268910 1.8729915 1.8919260 1.8931476 1.9428353 1.7400142 1.5389946 1.9756808 1.5605994 2.1363742 2.2860090 2.1751068 2.2171549 1.9963134 2.0689324 1.8949727 1.8907032 2.0402736 2.0587813 1.9292927 1.8713742 2.0287943 2.5807872 2.1423193 2.9031066 2.5976749 3.1236697 2.6505434 2.4328769 3.2843342 2.5138953 
Aaur_scaffold1141.g4.t2                           1.6880644 2.4207145 1.8185235 1.5159796 1.5912270 2.6431270 1.5440621 1.6640727 1.7395703 1.5542530 1.1025810 0.5709657 0.8521026 0.8894064 0.8338594 0.8523317 0.8463229 0.8485060 0.8507208 0.7516003 0.9051847 0.7875738 0.6183163 0.8419729 0.9030322 1.5921872 0.1840686 0.1801027 0.0000000 0.2174620 0.7810056 1.0568980 1.0329619 1.0418272 0.9701597 1.1038681 1.1038681 1.1920685 0.8797441 1.1123392 1.1127073 1.1133594 1.0846099 1.0846099 1.0874076 1.0518421 1.0515964 1.2719606 1.2229810 1.4251035 1.3909590 1.4992987 1.6302923 1.8940794 1.6175524 1.6235366 1.5551240 1.5237056 1.6917714 1.6142673 1.4758761 1.5418326 2.3707948 2.3962561 1.9087997 2.2676774 1.7338175 1.8358107 1.7765169 1.9195358 1.7401386 1.7557678 1.7922602 2.2643534 2.0641488 2.4262127 2.5952473 2.8451444 2.5801416 2.3889530 2.4927449 4.3564222 
Sanmal_Sma_016887-T1                              1.9966634 2.0914556 1.9050996 1.6013951 2.0790628 2.6296638 1.5257062 2.0374611 2.1281234 1.5774496 1.2062730 0.6294366 0.9457550 0.9082201 0.8414849 1.0157440 0.9731241 1.0009407 0.9438783 1.0342236 0.8662595 0.7307978 0.6578127 0.9493706 0.9913356 1.4312999 0.2647325 0.2738707 0.2174620 0.0000000 0.6811838 1.1947248 1.2098370 1.1740547 1.2881264 1.3124403 1.3141904 1.3486182 0.8366471 1.2191283 1.4932502 1.4154686 1.4895016 1.4874848 1.4937623 1.4757267 1.3560951 1.4558972 1.6490054 1.5173397 1.5015105 1.5595610 1.8987393 1.9311551 1.9187200 1.9093926 1.6782754 1.5417523 1.9580531 1.5754410 2.1228513 2.2559011 2.1715865 2.1892694 2.0004870 2.0188808 1.8917470 1.8315781 2.0323615 2.0272436 1.8069904 1.8170868 1.9196446 2.5976924 2.1191686 2.8336382 2.5429645 3.0921194 2.6603569 2.3645662 3.2656972 2.6031781 
Chem_TCONS_00013659                               2.0545967 2.1162716 2.0401276 1.6860126 1.9412896 2.4599467 1.6634473 1.9245153 1.9477666 1.5818006 1.0932205 0.7546196 0.9113812 0.9226624 0.7464065 0.9692718 0.8794082 0.9406867 0.9885284 0.8841998 0.9477626 0.8898025 0.7363289 0.9380523 0.9863238 1.5619406 0.7402526 0.7245512 0.7810056 0.6811838 0.0000000 1.0790437 1.1048840 1.0121933 1.1627444 1.1636581 1.1750201 1.1742215 0.6206023 1.1991078 1.2996183 1.1848981 1.2863647 1.2875489 1.2880040 1.2968575 1.2960284 1.2726694 1.4732083 1.3246744 1.3991263 1.5015236 1.6389114 1.8159918 1.6485360 1.7809911 1.6742458 1.5775192 1.5576435 1.5590703 1.5394868 1.7511593 1.9241093 1.9350443 1.8188197 1.7593114 1.6254543 1.7184717 1.8576941 1.8051579 1.9544063 1.7887666 1.7687946 2.5354218 1.8834757 2.6511662 2.3222265 2.8156723 2.4230014 2.4039957 2.7103473 2.2529872 
Acagra_model.g25464.t1                            2.1522995 2.0546672 1.9539182 1.6267468 1.8991802 2.6685938 1.7242987 1.9409354 1.9665027 1.5187156 0.7110952 1.2536146 1.0344330 0.9976195 0.8587471 1.0984670 1.0503095 1.0711064 1.0154350 1.0418608 0.9463753 0.7291385 0.6745269 1.0596596 1.0669025 1.3961854 1.1836259 1.1758176 1.0568980 1.1947248 1.0790437 0.0000000 0.4764216 0.5340773 0.7283109 0.8433817 0.8522715 0.8123772 1.2789071 0.7246680 1.2472508 1.1743751 1.2402959 1.2450473 1.2403823 1.2472866 1.1705226 1.2767356 1.4202303 1.2782316 1.0424974 1.0995721 1.6098638 1.6486408 1.6849219 1.7244076 1.5042244 1.2666352 1.6474995 1.4286295 1.7758837 1.8310854 1.9804429 2.0175400 1.8814715 1.8166004 1.8319935 1.6236053 1.8301155 1.8671667 1.8624002 1.6948785 1.8656364 2.3179220 1.9963232 2.6938738 2.4322393 3.0916438 2.5341334 2.2326790 2.8811706 2.5925365 
Cgig_XM_011448781.3                               2.1034995 2.0037489 1.8429180 1.5614104 1.9477739 2.4045925 1.5669375 1.9579797 1.9933768 1.5208368 0.7588550 1.2090347 1.0493936 1.0165716 0.8573341 1.1280080 1.0764666 1.0981161 1.0165627 1.0864253 0.9544226 0.7391754 0.6247608 1.0907058 1.1153328 1.4472739 1.1993787 1.2322901 1.0329619 1.2098370 1.1048840 0.4764216 0.0000000 0.5681752 0.7202598 0.8116644 0.8142411 0.8677543 1.3028434 0.7318626 1.2581128 1.1891578 1.2492961 1.2546577 1.2447931 1.2347633 1.1551337 1.3592150 1.5141953 1.3492530 1.0284053 1.0957794 1.6334565 1.7432390 1.6417965 1.6408362 1.5232175 1.2263640 1.6701454 1.4400457 1.8215347 1.8020530 2.0278456 2.0683237 1.9887386 1.8270641 1.8547226 1.6405372 1.8568259 1.8369602 1.7187998 1.7389729 1.8960713 2.3385320 2.0019348 2.7350576 2.5800176 2.9647901 2.5466335 2.2672762 2.9439928 2.6361880 
Ctel_gnl_WGS_AMQN_CAPTEDRAFT_mRNA227129           1.9522975 1.8119702 1.7750216 1.4516526 1.8150015 2.2206190 1.4935027 1.8496447 1.9185780 1.4008546 0.7214164 1.1683695 1.0356567 0.9924655 0.8655819 1.0832396 1.0671823 1.0338944 0.9919933 1.0865412 0.9616181 0.8764410 0.6860777 1.0443805 1.0684115 1.2449098 1.1836907 1.1902639 1.0418272 1.1740547 1.0121933 0.5340773 0.5681752 0.0000000 0.7225691 0.7471894 0.7463289 0.8621622 1.3104115 0.6762471 1.2374507 1.1969440 1.2019031 1.2076751 1.2193299 1.2346406 1.1707512 1.2891057 1.3923363 1.3407601 1.0460588 1.0340775 1.5948582 1.4403726 1.6346957 1.5962223 1.5129613 1.3478290 1.5735682 1.1265789 1.8122270 1.7102930 1.9707647 2.0095216 1.8995535 1.7627112 1.8192056 1.6360706 1.7726516 1.7395704 1.8234134 1.6734092 1.8224525 2.2060274 1.8832169 2.7346185 2.4046341 2.8962579 2.4547399 2.2052765 2.8856986 2.4633448 
Skow_XM_006819563.1                               2.1102435 2.1163455 1.9217639 1.5686613 1.9883198 2.4886236 1.6193388 2.0174037 2.0627196 1.5428740 0.6625316 1.3812300 1.0296264 0.9870413 1.0045602 1.0539778 0.9956592 1.0368715 0.9447856 1.0389217 0.9191258 0.7895330 0.6232489 1.0640927 1.1456957 1.2215501 1.3169199 1.3238770 0.9701597 1.2881264 1.1627444 0.7283109 0.7202598 0.7225691 0.0000000 0.7801155 0.7843807 0.9091039 1.4183667 0.7531293 1.3226164 1.2221946 1.3000300 1.3037283 1.3142938 1.2823131 1.1997461 1.3575556 1.4162295 1.4137122 1.1462283 1.1978356 1.7159185 1.5723778 1.8680573 1.7978848 1.5520623 1.3182252 1.7020521 1.4212229 1.8457071 1.7679494 2.1396310 2.1456851 1.9785939 2.0017498 1.8903203 1.7295432 1.9270222 1.9413743 1.7338908 1.7541501 1.9383811 2.3754826 2.0322120 2.9023190 2.6147073 3.0386294 2.6177527 2.3177241 2.9748491 2.6938142 
Spur_XM_030979480.1                               2.0240653 1.9758060 1.8313793 1.4693548 1.8653034 2.5839590 1.5247886 1.9575420 1.9865371 1.5521796 0.8131414 1.3387188 1.1080503 1.0688460 0.9750169 1.1645697 1.1329088 1.1433996 1.0979236 1.1560493 1.0166516 1.0428647 0.7240509 1.1989935 1.2488781 1.4400944 1.3107968 1.3050142 1.1038681 1.3124403 1.1636581 0.8433817 0.8116644 0.7471894 0.7801155 0.0000000 0.0030320 0.9389416 1.3699727 0.9105128 1.3237865 1.2490724 1.3349105 1.3390760 1.3259916 1.3405913 1.2865742 1.3634128 1.5067335 1.4238325 1.1683967 1.2792364 1.6453351 1.5829149 1.6544476 1.7276588 1.5735857 1.3820485 1.7419133 1.4625594 1.9328550 1.8150838 2.0795729 2.0576585 1.9509487 1.9176305 1.8171376 1.6279856 1.8094743 1.8783149 1.7489810 1.7826233 1.8697800 2.4273550 2.0058538 2.7491056 2.5477808 2.8344802 2.4666816 2.2768424 2.9943099 2.5744138 
Spur_XM_030980091.1                               2.0335273 1.9884324 1.8413700 1.4777207 1.8707107 2.6526388 1.5477955 1.9593800 1.9960404 1.5499391 0.8133209 1.3433807 1.1085673 1.0707998 0.9750169 1.1671334 1.1368619 1.1453896 1.1012059 1.1570669 1.0206571 1.0428647 0.7240509 1.2024207 1.2519581 1.4569474 1.3138295 1.3121391 1.1038681 1.3141904 1.1750201 0.8522715 0.8142411 0.7463289 0.7843807 0.0030320 0.0000000 0.9436779 1.3692887 0.9220864 1.3260467 1.2468006 1.3362819 1.3404501 1.3228826 1.3465426 1.2928577 1.3636514 1.5069229 1.4208417 1.1643729 1.2792364 1.6456788 1.5888346 1.6538708 1.7223743 1.5735857 1.3820485 1.7403674 1.4683562 1.9319397 1.8150838 2.0776466 2.0571075 1.9502696 1.9176305 1.8183638 1.6279856 1.8087272 1.8793687 1.7489810 1.7852226 1.8673483 2.4273550 1.9989333 2.7348511 2.5446143 2.8363469 2.4621219 2.2768424 2.9837087 2.5689754 
Hsap_ENST00000673650                              2.0302985 1.9308330 1.8559660 1.5429872 1.9418661 2.0849888 1.3794084 1.9671323 2.0407728 1.5176699 0.7898879 1.3669100 1.0813940 1.0573579 1.0313471 1.1184718 1.1519645 1.1151018 1.0922319 1.1265254 1.0020733 0.8674430 0.7725455 1.1385446 1.1651735 1.5949837 1.3222301 1.3243805 1.1920685 1.3486182 1.1742215 0.8123772 0.8677543 0.8621622 0.9091039 0.9389416 0.9436779 0.0000000 1.3897753 0.9519798 1.3681220 1.2711602 1.3705079 1.3728640 1.3717176 1.3712451 1.2725839 1.3485311 1.4867963 1.4091954 1.1862351 1.2118385 1.6705950 1.7081234 1.7388382 1.7273547 1.5426029 1.3921190 1.6896043 1.3790591 1.9309073 1.8134040 2.0342713 2.0694247 1.8918089 1.8819922 1.8162204 1.7222709 1.9027618 1.8812786 1.8358852 1.7740573 1.8961569 2.3281168 1.9072996 2.8919322 2.4218655 2.9620819 2.4980160 2.3403961 3.0319064 2.7177731 
Hvul_g33006_1                                     2.4627441 2.1725726 2.2047219 1.9246004 2.2975629 3.1461047 2.2711683 2.1704598 2.2532573 1.7596256 1.3293249 0.9050622 1.1573648 1.0941754 0.6623125 1.2570957 1.2140822 1.1868611 1.1200019 1.2334464 1.0462844 1.3234589 0.6782493 1.2163223 1.2204217 1.7488009 0.9064965 0.8979820 0.8797441 0.8366471 0.6206023 1.2789071 1.3028434 1.3104115 1.4183667 1.3699727 1.3692887 1.3897753 0.0000000 1.2639073 1.5834018 1.5471104 1.5886328 1.5878961 1.5852607 1.6172789 1.5342678 1.5898835 1.8167188 1.6985199 1.6196916 1.6836348 1.9944245 1.8365612 2.0983612 2.0372816 1.8187765 1.7075813 2.0276269 1.6283328 2.3491565 2.4537943 2.2315244 2.2191070 2.2089143 2.0063105 2.0647928 1.9442955 2.2980950 2.1662839 2.2708984 2.0872431 2.1473558 2.7021283 2.2413545 3.2298285 2.7140127 3.1901093 2.7197098 2.3818323 3.3330383 2.5924610 
Cscu_XM_023373680.1                               1.8359580 2.0046427 1.9194315 1.5509829 1.8172995 2.2308882 1.6004298 1.8431459 1.9444404 1.6485053 0.8433664 1.3022629 1.0758220 1.0925187 0.8762606 1.1195657 0.9264862 1.0695332 1.1279626 0.8790756 1.0008587 0.7854885 0.7449924 1.1494926 1.1369770 1.5575522 1.2737474 1.2567884 1.1123392 1.2191283 1.1991078 0.7246680 0.7318626 0.6762471 0.7531293 0.9105128 0.9220864 0.9519798 1.2639073 0.0000000 1.1012228 0.9818009 1.0817702 1.0812550 1.1171408 1.1065653 1.1033352 1.1819435 1.3688663 1.1895991 1.0290673 1.0859441 1.4509495 1.7230043 1.3056751 1.5256060 1.3929185 1.2531254 1.4770334 1.4909776 1.1923144 1.4924299 1.8014482 1.7781861 1.6850584 1.6754434 1.5183636 1.5441743 1.6986800 1.7738309 1.5213701 1.5448027 1.6443244 2.1592949 1.8641764 2.2881347 2.2931072 2.8042633 2.4181527 2.5971582 2.5944516 2.2942308 
HoiH23_PlH23_002054-RA                            2.0391712 1.8692827 1.7337468 1.5344441 1.9762093 1.9013126 1.4082615 1.9560577 2.0761537 1.4006711 1.2224366 1.5420297 1.3033904 1.2511757 1.0304051 1.3774859 1.2466417 1.3161678 1.2248286 1.3686834 1.1573896 1.0456468 0.9405358 1.2882245 1.3532583 1.4005794 1.4747170 1.5027382 1.1127073 1.4932502 1.2996183 1.2472508 1.2581128 1.2374507 1.3226164 1.3237865 1.3260467 1.3681220 1.5834018 1.1012228 0.0000000 0.0281311 0.0764213 0.0764432 0.1104947 0.1539368 0.1392376 1.3592589 1.5036695 1.3651827 1.5126383 1.5740427 1.8347925 1.8089064 1.8533248 1.9039994 1.7330897 1.4316930 1.7843230 1.3590182 1.8508238 1.8638804 2.2471263 2.2637662 2.1913593 2.0297627 1.9324921 1.7451215 2.1026326 2.0216869 1.7004280 1.8667428 1.8924410 2.4151747 2.0484974 3.1295471 2.7265191 3.0708500 2.6330470 2.4578608 3.1462364 2.7680001 
HoiH06_mRNA4676                                   1.9508035 1.7598918 1.6393929 1.4547987 1.9392391 1.9446087 1.4482974 1.8924946 2.0114075 1.3257478 1.1413583 1.4689737 1.2089027 1.1425838 1.0080039 1.2709351 1.2449352 1.2112755 1.0976686 1.3266027 1.0831594 1.0350751 0.9374719 1.1927951 1.2677420 1.3791344 1.3867922 1.3996290 1.1133594 1.4154686 1.1848981 1.1743751 1.1891578 1.1969440 1.2221946 1.2490724 1.2468006 1.2711602 1.5471104 0.9818009 0.0281311 0.0000000 0.0692720 0.0700134 0.1031696 0.1452732 0.1308236 1.3444875 1.4897901 1.3188097 1.4570608 1.4756402 1.7377607 1.5696067 1.8304927 1.7877427 1.5836376 1.4162234 1.7138090 1.2309622 1.8780102 1.7943913 2.1749906 2.1699426 2.1234292 1.9408294 1.8623799 1.6442399 1.9734366 1.9132311 1.6850735 1.7374381 1.8766505 2.3319358 1.9675655 3.1376821 2.6609898 2.9467252 2.5806081 2.3196488 3.1107782 2.6508255 
Hhon_g03297.t1                                    2.0641891 1.8935253 1.7643199 1.5521900 2.0045095 1.9461313 1.4416412 1.9023198 2.0180652 1.4096088 1.2297580 1.5606540 1.2969829 1.2463006 1.0157129 1.3773560 1.2230727 1.2857142 1.2025922 1.3517140 1.1556375 1.0064162 0.9254986 1.2713646 1.3461104 1.3440348 1.4471843 1.4759877 1.0846099 1.4895016 1.2863647 1.2402959 1.2492961 1.2019031 1.3000300 1.3349105 1.3362819 1.3705079 1.5886328 1.0817702 0.0764213 0.0692720 0.0000000 0.0023575 0.1105686 0.1530747 0.1361109 1.3768178 1.5249337 1.3675458 1.5252586 1.5682845 1.8303491 1.8648363 1.8485770 1.9231766 1.7467787 1.4237103 1.7841160 1.3683042 1.8197371 1.8479116 2.2831062 2.2856018 2.2013900 2.0222783 1.9263080 1.7486568 2.1087501 2.0512552 1.6676168 1.8491534 1.9125354 2.3973806 2.0685656 3.0931201 2.6504731 3.0602570 2.6650077 2.4581033 3.1352688 2.7755398 
HoiH04_mRNA1895                                   2.0720671 1.8935253 1.7643199 1.5591991 2.0062108 1.9461313 1.4416412 1.8972644 2.0134071 1.4096088 1.2359838 1.5611831 1.3025659 1.2508134 1.0157129 1.3827118 1.2255922 1.2897588 1.2069826 1.3572946 1.1571598 1.0064162 0.9254986 1.2722106 1.3470386 1.3440348 1.4530300 1.4819408 1.0846099 1.4874848 1.2875489 1.2450473 1.2546577 1.2076751 1.3037283 1.3390760 1.3404501 1.3728640 1.5878961 1.0812550 0.0764432 0.0700134 0.0023575 0.0000000 0.1083713 0.1520151 0.1349494 1.3785119 1.5234952 1.3640133 1.5303588 1.5718971 1.8285858 1.8585741 1.8532799 1.9244531 1.7510729 1.4237103 1.7789691 1.3647135 1.8262226 1.8564321 2.2878904 2.2920401 2.2051482 2.0237599 1.9298828 1.7551130 2.1135313 2.0520140 1.6676168 1.8542115 1.9142334 2.3868846 2.0746696 3.0884335 2.6437155 3.0520010 2.6606972 2.4581033 3.1367185 2.7755398 
HoiH11_mRNA2477                                   2.1220603 1.9429698 1.8123720 1.6143739 2.0369152 1.9764905 1.4782063 1.9110545 2.0569217 1.4138413 1.2226560 1.5568090 1.3139987 1.2650534 1.0277413 1.3961278 1.2547865 1.3054390 1.2131961 1.3801543 1.1706595 1.0215348 0.9441963 1.2796043 1.3636706 1.3352004 1.4842668 1.5077045 1.0874076 1.4937623 1.2880040 1.2403823 1.2447931 1.2193299 1.3142938 1.3259916 1.3228826 1.3717176 1.5852607 1.1171408 0.1104947 0.1031696 0.1105686 0.1083713 0.0000000 0.1547791 0.1386984 1.3770180 1.5180197 1.3757952 1.5302043 1.5848973 1.8684305 1.8577290 1.8868382 1.9562045 1.7242465 1.4244204 1.7996551 1.3595920 1.8479228 1.9076342 2.2613691 2.2968810 2.2178869 2.0120366 1.9251164 1.7624201 2.1096969 2.0394769 1.6758907 1.8685547 1.9590432 2.3962987 2.0520214 3.0811332 2.6443306 3.0641258 2.6918113 2.5200356 3.1921637 2.7862919 
