80
Emue_Em0019g348a.t1                                   0.0000000 0.2399886 1.2308507 1.5381837 1.5109645 1.2745513 2.0086076 1.6221373 1.6593583 1.4693041 1.5683868 1.4646363 1.6784031 1.5024650 1.5018931 1.4613362 1.4529975 1.4529975 1.5416256 1.5850635 1.5831638 1.3250309 1.2671457 1.6579399 1.5704148 1.2440730 1.2500010 1.5033242 1.3640062 1.3949534 1.8303677 1.1421194 1.2183647 1.8499868 1.6272974 1.7934313 1.9471053 1.8391497 1.6644884 2.0894407 1.6719078 1.6479323 1.5651126 2.0201652 1.7587318 1.7916594 1.8056914 1.9386214 2.0871594 1.6938591 2.3912530 1.8175465 1.4850061 1.4811830 1.5033930 0.9387403 1.2363645 1.4121054 1.8180459 1.8524809 1.5148193 2.2375497 1.9945273 1.7428793 1.8409178 1.8104227 2.0693925 1.9272300 2.0573572 2.0295723 1.7471427 2.1696731 2.1455289 1.8101329 2.1150555 1.6103625 1.8702734 1.9063231 2.4384036 1.1261531 
Spolac_c93574_g1_i1_m.9024c93574-g1                   0.2399886 0.0000000 1.5385326 1.2853143 1.4044993 1.0482258 1.8071590 1.4375977 1.4482276 1.4244906 1.3727042 1.3964282 1.5048881 1.4320144 1.3241285 1.3005782 1.2695697 1.2695697 1.2478556 1.3332447 1.3181660 1.2811081 1.1414505 1.4587020 1.4972191 1.0845873 1.1575991 1.2260316 1.1473970 1.1619472 1.7185493 1.0557161 1.0506581 1.7730418 1.3990407 1.5747055 1.7001351 1.6841045 1.6275578 1.8449600 1.5293854 1.3108075 1.5370089 1.5697909 1.4154145 1.6215679 1.5856908 1.6383013 1.6432971 1.6051910 1.9905045 1.5350789 1.4126351 1.2294479 1.2965592 0.9448656 1.2814370 1.3108572 1.5140036 1.6448755 1.3519532 2.0134883 1.7999451 1.5641029 1.6096518 1.6259292 1.9281269 1.9584958 1.9245850 1.8638845 1.4802283 1.8809380 1.9500621 1.6939880 1.8029685 1.4907697 1.9142859 1.8568935 2.2856445 1.1800391 
Codhol_EP00042_Codosiga_hollandica_P058575            1.2308507 1.5385326 0.0000000 0.4331934 1.6749870 1.3137485 1.2819931 2.3186721 2.4203329 2.2898303 2.3909142 2.3500856 2.1937201 2.0013609 1.5957699 1.4933781 1.5155876 1.5155876 1.5940576 1.8703847 1.7736621 2.1524576 1.4665852 1.7287444 1.9646774 1.3364460 1.4109337 1.8151934 1.5951253 1.5177680 1.6770716 1.7226543 1.6593014 1.7423054 2.0829749 1.7610637 2.4379483 2.2098767 1.8821436 2.3366051 1.8656472 2.4855880 1.6118574 1.6118574 2.5013885 2.8790320 3.0312408 2.3002261 2.2852456 2.1388728 2.6883836 1.8186042 2.7688094 2.3092503 0.0000010 0.0000010 2.1958263 2.8374860 2.0293196 1.6802876 1.2982878 1.5848641 1.5848641 1.5848641 1.8649336 0.5512862 2.4867062 1.8268509 2.5446461 2.0494053 1.4463333 1.8332169 1.7529779 2.3613566 2.3249713 8.9999984 0.0000010 2.5243658 2.2535210 1.5177680 
Codhol_EP00042_Codosiga_hollandica_P058576            1.5381837 1.2853143 0.4331934 0.0000000 0.9583212 1.0749865 1.4898231 2.0147196 1.9504108 1.8487959 1.8814305 1.5982457 1.9396792 1.9432213 1.9563536 1.9503393 1.8057100 1.8057100 2.0923569 2.0550937 2.0529762 1.8103049 1.5272390 1.9695871 1.9055240 1.5217341 1.6052963 1.9795893 1.8016898 1.7424277 2.0260701 1.7355490 1.5404840 2.5560498 1.7858287 1.9634626 2.1381178 1.9901743 1.7883047 2.2732640 1.3757708 1.3516161 1.5886189 2.1463427 2.3679434 2.1285582 2.2328423 2.1921063 2.6740865 1.9805699 1.9495233 1.7736643 1.7368322 1.6139423 2.2072758 1.8829063 1.6411055 2.1444469 2.1650270 1.3575345 1.3655869 1.6886032 1.4830104 1.4799434 1.6307467 1.6446780 1.7646948 1.8362384 1.6010591 1.5187163 1.3751019 1.6652452 1.8162158 1.8025375 1.4347207 2.0489420 2.0096915 1.8932515 2.2696848 1.5688163 
Salurc_EP00051_Salpingoeca_urceolata_P033030          1.5109645 1.4044993 1.6749870 0.9583212 0.0000000 0.9892750 1.7902994 1.8672356 1.7096583 1.5534357 1.6328949 1.5293351 1.9298788 1.9374329 2.2270192 2.1649826 2.0176080 2.0176080 2.2608919 2.1791807 2.1609466 1.6514497 1.5234907 1.8330489 2.0663400 1.6628013 1.7049572 1.6962420 1.7119345 1.7055043 2.1526634 1.6871027 1.6645740 2.5099071 1.8639302 1.9757147 2.0751306 1.9594643 1.8782762 2.4927953 1.7237791 1.4477288 1.6808359 2.1649131 2.3305752 1.9420448 2.1830674 2.2711359 2.9382726 2.1352166 1.8139267 1.7189486 1.4936692 1.4623518 1.9431257 1.8046509 1.6807490 1.6676981 1.8569871 1.3815180 1.4449256 1.9724713 1.6855991 1.6083083 1.5352475 1.6827428 1.6334481 1.6773049 1.3945390 1.8616700 1.4513170 1.6685957 1.6779687 1.6503206 1.3519452 1.8945987 2.0167066 2.1735663 2.5462811 1.6399842 
Saldol_EP00054_Salpingoeca_dolichothecata_P008659     1.2745513 1.0482258 1.3137485 1.0749865 0.9892750 0.0000000 1.8202679 1.8216495 1.8411938 1.6501102 1.7212670 1.4719171 1.7144537 1.7298944 1.5316182 1.4902785 1.4857602 1.4857602 1.7406170 1.6414557 1.5983281 1.4593561 1.3024023 1.4615484 1.6812766 1.3102728 1.3975581 1.5030457 1.4151559 1.3806572 1.7853300 1.3139403 1.2405535 2.0662979 1.6122955 1.5771365 1.6816336 1.8578446 1.4518347 1.6805362 1.5964390 1.3018250 1.6749272 2.0378661 1.6991257 1.6835136 1.6644717 1.7181911 2.3017591 1.7253342 2.1055620 1.4032598 1.4865942 1.4417043 1.7679834 1.2222994 1.3745169 1.3446517 1.4479054 1.3446252 1.1668492 1.6083841 1.5384211 1.5795562 1.4472064 1.6687210 1.6245530 1.6137585 1.4593845 1.4302508 1.5610390 1.6804605 1.7610128 1.4382714 1.7371583 1.7412193 1.9736380 1.9966553 2.4797372 1.4299705 
Salinf_EP00049_Salpingoeca_infusionum_P019494         2.0086076 1.8071590 1.2819931 1.4898231 1.7902994 1.8202679 0.0000000 2.0040518 1.9375891 1.8831945 1.9079863 2.0965667 2.4814113 2.1810695 2.5290524 2.4342028 2.4377024 2.4377024 2.5418887 2.3247853 2.2655725 1.9824230 1.9825428 2.2961394 2.5588075 2.1943014 2.0176863 2.4304631 2.2924894 2.2705377 2.5191331 2.4035342 2.1261343 3.2536660 2.1608841 2.2972884 2.8912209 2.3623927 2.0878211 2.0548893 2.1734081 1.8859229 2.0398099 2.5447846 2.6956323 2.5108099 2.7480937 2.6009564 2.9943946 2.4420743 2.5815173 2.2617887 2.3064968 2.5304299 2.0803341 2.4627172 2.1848900 2.2082924 2.4944507 1.6925950 1.6495846 1.9406646 1.8365307 1.7877816 2.1979223 2.0539392 1.8633934 1.6967027 1.7659270 1.4724248 1.7348076 2.1346893 1.9114961 2.4704269 2.3962905 2.2397135 2.3601905 1.6885726 2.1251786 2.2135645 
Lcom_lcpid53890                                       1.6221373 1.4375977 2.3186721 2.0147196 1.8672356 1.8216495 2.0040518 0.0000000 0.3780392 0.3850866 0.3473658 1.3635626 1.6495106 1.6563130 1.1548838 1.1217205 1.0437873 1.0437873 1.1839970 1.1100219 1.0863605 1.5750272 1.4543869 1.4184135 1.6828956 1.2711626 1.2858735 1.2365900 1.2095553 1.2408181 1.7046916 1.3417127 1.2527077 2.0416115 1.5324016 1.6963870 1.8254590 1.6836677 1.7320979 1.5100478 1.7267093 1.6544482 1.7016569 2.0963091 2.0834238 2.0831175 1.9238971 1.8523285 2.2085268 2.1806110 2.0388328 1.6789294 1.6087684 1.6661813 1.7390312 1.4707360 1.9417285 1.6377362 1.0349872 1.8058077 1.7886998 2.7044069 2.3289517 2.0946195 1.7022327 1.7877741 2.3577929 2.3508671 2.2409838 2.0078835 1.8654472 2.0548377 2.2295593 1.9258301 1.9935983 1.5266891 1.8410676 2.4098313 2.1460250 1.4781901 
Gracom_Gcom_C542070_01                                1.6593583 1.4482276 2.4203329 1.9504108 1.7096583 1.8411938 1.9375891 0.3780392 0.0000000 0.2716920 0.3127704 1.3482247 1.5490172 1.6704342 1.1074194 1.0789689 1.0283961 1.0283961 1.1636918 1.0310045 1.0306180 1.4147462 1.3919370 1.2816794 1.5538233 1.2734261 1.2391439 1.2552225 1.2029741 1.2248113 1.8185899 1.1986555 1.2332182 2.2177253 1.4353331 1.7379395 1.6311909 1.7303744 1.7519375 1.4064638 1.6879014 1.3468031 1.5555996 1.9145207 2.2442905 2.0345895 2.0937443 1.7744054 2.5093027 2.2073990 2.0431237 1.7340941 1.3869380 1.5785501 1.7388137 1.3387535 1.8741704 1.6152903 1.0073206 1.7574161 1.9082081 2.2879522 2.1662379 2.0584718 1.7415177 2.1154396 2.1097699 1.9886191 2.0891180 1.9015932 1.8140353 1.9374878 2.0871893 1.7633256 1.9914040 1.5676664 1.6689613 2.2353241 2.2633637 1.3650421 
Scil_scict002995.1                                    1.4693041 1.4244906 2.2898303 1.8487959 1.5534357 1.6501102 1.8831945 0.3850866 0.2716920 0.0000000 0.3233958 1.3919618 1.5067194 1.5342982 1.1603420 1.1313669 1.1038971 1.1038971 1.2357528 1.1074574 1.1070254 1.3203441 1.2630582 1.3012887 1.4594956 1.2442967 1.2190197 1.2791824 1.2363836 1.2593612 1.7658670 1.2546977 1.2183796 2.2041095 1.3967202 1.6499327 1.5581941 1.5254629 1.5640620 1.2679242 1.4837095 1.3724688 1.3268197 1.6571194 1.8412935 1.9510928 1.7494811 1.5868293 2.0809312 1.9604512 1.7737346 1.7335658 1.3430014 1.5241569 1.8242748 1.2811281 1.8099204 1.4652529 0.9074864 1.5855835 1.9655264 2.0080411 1.8274106 1.8449238 1.5613080 1.9122378 2.1650383 1.8077116 1.8886495 1.8401536 1.7565733 2.0349046 1.8705732 1.6879591 2.0260904 1.4215621 1.3476171 2.1490292 2.0679865 1.4034189 
Leuniv_Lniv_C794770_01                                1.5683868 1.3727042 2.3909142 1.8814305 1.6328949 1.7212670 1.9079863 0.3473658 0.3127704 0.3233958 0.0000000 1.2678754 1.4575599 1.6189870 1.0929529 1.1008507 1.0990594 1.0990594 1.2412287 1.0570714 1.0468713 1.2518111 1.2928806 1.3478781 1.5708528 1.1914450 1.2444565 1.1526232 1.0905092 1.1129401 1.5854665 1.2286945 1.2209421 1.9366262 1.4587614 1.6351454 1.6417368 1.4124600 1.6179406 1.3292319 1.5899358 1.5455755 1.4087049 1.7841137 2.0671664 1.9491866 1.6910038 1.7455996 2.1285280 1.9944771 1.8789469 1.6246439 1.3344339 1.6775439 1.9644043 1.4514248 1.8223015 1.6290301 0.9465686 1.7458971 1.9973200 2.3897147 2.3732753 2.0312793 1.5888153 1.5554131 2.1588617 1.9360038 1.9290108 1.9712531 1.9245907 2.0256052 2.1825207 1.5481442 1.7542148 1.4376394 1.6080583 2.3329306 2.1002638 1.2586661 
Nemnom_g15772.t1                                      1.4646363 1.3964282 2.3500856 1.5982457 1.5293351 1.4719171 2.0965667 1.3635626 1.3482247 1.3919618 1.2678754 0.0000000 0.2020667 0.6044567 0.9407481 0.9328933 0.9751138 0.9751138 0.9578123 1.0204353 1.0406832 1.3450886 1.1141914 1.1884873 1.3790911 0.9937959 1.1088891 1.0782537 1.0416523 1.0093520 1.5673218 1.2250857 1.0114750 2.1674084 1.2866229 1.4596119 1.1278254 1.2364823 1.4974300 1.5916203 1.3508126 1.4732499 1.2807160 1.2807160 1.5332959 1.5251190 1.7011345 1.4735023 1.4509120 1.4245487 1.5885094 1.4152177 1.9841894 1.3625710 1.1158779 0.9801498 1.5072218 1.2081216 1.3675789 1.2614091 1.5245212 2.7083444 2.2948374 2.1359214 1.6523919 1.7351567 1.8585935 2.1660998 1.9019097 1.9848189 1.7235649 2.1829593 2.2224189 1.6241178 1.8842856 1.6872739 1.5037660 2.0856635 1.9143129 1.2361846 
Rhoesc_Res_005312-T1                                  1.6784031 1.5048881 2.1937201 1.9396792 1.9298788 1.7144537 2.4814113 1.6495106 1.5490172 1.5067194 1.4575599 0.2020667 0.0000000 0.6050852 1.2686235 1.2551156 1.2364808 1.2364808 1.3367076 1.3992723 1.4338044 1.3599144 1.3098952 1.3620117 1.3540628 1.0236916 1.0970154 1.1999770 1.0988324 1.1309857 1.5024184 1.1747407 1.0284726 1.8430398 1.4728477 1.6085685 1.1600123 1.2570330 1.6833829 1.5918529 1.2612510 1.6101620 1.5311787 1.7983397 1.6388511 1.6875911 1.4454847 1.7778537 1.9423173 1.4926046 1.5164804 1.7375030 2.0825200 1.4328309 1.3331041 1.2796215 1.5275891 1.5325747 1.6439397 1.5977888 1.7556401 3.1650753 2.7284837 2.5775938 1.6622030 2.4794967 1.9919033 2.0947671 1.9110178 2.2038474 1.9069323 2.2806863 2.3782896 1.5704108 2.1289763 1.8665746 1.2560477 2.0844762 2.1324940 1.1052806 
Sanmal_Sma_005789-T1                                  1.5024650 1.4320144 2.0013609 1.9432213 1.9374329 1.7298944 2.1810695 1.6563130 1.6704342 1.5342982 1.6189870 0.6044567 0.6050852 0.0000000 1.2416723 1.2092501 1.2019014 1.2019014 1.2312641 1.2563586 1.2884473 1.2755137 1.2653085 1.4547981 1.3158587 0.9967936 0.9879448 1.3087882 1.2014791 1.2166435 1.5446912 1.2393599 1.2411976 1.7562266 1.4647602 1.8418408 1.0697051 1.1159042 1.5617211 1.7183087 1.1558370 1.7142455 1.6138250 1.8216111 1.5667548 1.4247831 1.4471687 1.6921804 1.8233484 1.4174982 1.6402367 1.7570670 2.2403600 1.7499953 1.5707727 1.5388891 1.6435570 1.7386374 2.1470290 1.6714926 2.1302850 2.6006232 2.4536019 2.4470101 1.8833277 2.8615341 2.1567551 2.1399671 2.2220250 2.2744007 2.0189493 2.3478006 2.3955644 1.5583666 1.9857765 1.7854120 1.1534803 2.2615890 2.3254397 1.1377216 
HoiH23_PlH23_010485-RA                                1.5018931 1.3241285 1.5957699 1.9563536 2.2270192 1.5316182 2.5290524 1.1548838 1.1074194 1.1603420 1.0929529 0.9407481 1.2686235 1.2416723 0.0000000 0.0388822 0.1330422 0.1330422 0.1751057 0.2186061 0.2184792 1.1595316 1.2422151 1.1314660 1.5042566 0.9498002 1.1171135 1.1419200 1.0513649 1.0737690 1.3195619 1.2139177 1.1043186 1.8235956 1.0592894 1.1776164 1.2516027 1.5198000 1.4560888 1.2595546 1.3819917 1.5302423 1.4691928 1.7576144 1.4227017 1.4548964 1.3786811 1.3014929 1.7589406 1.3334902 2.0554183 1.6148679 1.7495270 1.5187136 1.9141082 1.1241316 1.4822314 1.3099308 1.3051819 1.5102837 1.7836614 2.5290316 2.6342777 2.4071587 1.9946049 1.9198117 2.2995993 1.8270504 1.8378084 1.9268664 1.7958140 1.9565538 2.0267872 1.7514253 1.9266587 1.3876111 1.6389869 2.1438126 2.0433013 1.1921753 
HoiH06_mRNA7555                                       1.4613362 1.3005782 1.4933781 1.9503393 2.1649826 1.4902785 2.4342028 1.1217205 1.0789689 1.1313669 1.1008507 0.9328933 1.2551156 1.2092501 0.0388822 0.0000000 0.1384592 0.1384592 0.1665338 0.2197216 0.2195970 1.1842627 1.2713833 1.1276760 1.4845721 0.9264936 1.0618885 1.1655934 1.0785566 1.0960125 1.2734826 1.1867431 1.1010429 1.8553497 1.0688244 1.1852617 1.2433065 1.4914779 1.4249927 1.2650786 1.3545144 1.5403450 1.4672311 1.7265643 1.3696492 1.3850608 1.3153160 1.3103420 1.7421605 1.2878493 1.9991323 1.5783932 1.7199125 1.4644682 1.7374576 1.0711847 1.4113147 1.2936498 1.2691813 1.5316590 1.7799347 2.5032437 2.6083652 2.3465654 1.9158684 1.9566187 2.2973234 1.8365102 1.8524622 1.8715213 1.7867424 1.9142710 2.0203440 1.7232142 1.9401924 1.3491050 1.5678118 2.1364658 1.9161384 1.2148470 
Hhon_g02818.t1                                        1.4529975 1.2695697 1.5155876 1.8057100 2.0176080 1.4857602 2.4377024 1.0437873 1.0283961 1.1038971 1.0990594 0.9751138 1.2364808 1.2019014 0.1330422 0.1384592 0.0000000 0.0000010 0.2180387 0.2173534 0.2172296 1.1272724 1.2916609 1.1772950 1.4839284 0.9943542 1.1527644 1.2436947 1.1077623 1.1452635 1.3501582 1.2912861 1.1029598 1.8988218 1.0529290 1.1999471 1.2818666 1.4819913 1.4298605 1.3192831 1.3617788 1.5010304 1.4507739 1.7199444 1.3946769 1.3676577 1.4159928 1.3850428 1.8024190 1.2149673 1.9338633 1.5375225 1.6856599 1.5166819 1.9669630 1.2988987 1.4847320 1.3057218 1.3048301 1.4954469 1.6660190 2.3880443 2.4644954 2.2908967 1.9280873 1.9399921 2.1955483 1.7746670 1.7302088 1.8876047 1.7500516 1.9204975 1.9986857 1.6639196 1.9256875 1.3921346 1.7722343 2.0445446 2.0131654 1.1872928 
HoiH04_mRNA14913                                      1.4529975 1.2695697 1.5155876 1.8057100 2.0176080 1.4857602 2.4377024 1.0437873 1.0283961 1.1038971 1.0990594 0.9751138 1.2364808 1.2019014 0.1330422 0.1384592 0.0000010 0.0000000 0.2180387 0.2173534 0.2172296 1.1272724 1.2916609 1.1772950 1.4839284 0.9943542 1.1527644 1.2436947 1.1077623 1.1452635 1.3501582 1.2912861 1.1029598 1.8988218 1.0529290 1.1999471 1.2818666 1.4819913 1.4298605 1.3192831 1.3617788 1.5010304 1.4507739 1.7199444 1.3946769 1.3676577 1.4159928 1.3850428 1.8024190 1.2149673 1.9338633 1.5375225 1.6856599 1.5166819 1.9669630 1.2988987 1.4847320 1.3057218 1.3048301 1.4954469 1.6660190 2.3880443 2.4644954 2.2908967 1.9280873 1.9399921 2.1955483 1.7746670 1.7302088 1.8876047 1.7500516 1.9204975 1.9986857 1.6639196 1.9256875 1.3921346 1.7722343 2.0445446 2.0131654 1.1872928 
HoiH11_mRNA1881                                       1.5416256 1.2478556 1.5940576 2.0923569 2.2608919 1.7406170 2.5418887 1.1839970 1.1636918 1.2357528 1.2412287 0.9578123 1.3367076 1.2312641 0.1751057 0.1665338 0.2180387 0.2180387 0.0000000 0.2441681 0.2440303 1.2957101 1.2972641 1.2101293 1.6914411 1.1105071 1.2785333 1.3602732 1.2798648 1.3053776 1.4350113 1.2485727 1.1798299 2.0866629 1.0808520 1.2689676 1.3607003 1.5316869 1.6719375 1.3148188 1.3787830 1.6966478 1.5919543 1.8532983 1.6598570 1.4207367 1.4706002 1.5358829 1.9696072 1.5671737 2.1522246 1.6308976 1.8786540 1.6784988 2.0037549 1.1531271 1.7460507 1.3575277 1.3079163 1.6086627 1.9316470 2.4277095 2.4154358 2.2172077 2.0227171 2.0473607 2.5461423 1.8981799 2.0014741 1.9059850 1.8939163 2.0080986 2.0289371 1.9296061 2.0172173 1.5946889 1.7747766 2.3371605 2.0530247 1.3593690 
TrH2_TrispH2_004796-RA                                1.5850635 1.3332447 1.8703847 2.0550937 2.1791807 1.6414557 2.3247853 1.1100219 1.0310045 1.1074574 1.0570714 1.0204353 1.3992723 1.2563586 0.2186061 0.2197216 0.2173534 0.2173534 0.2441681 0.0000000 0.0107378 1.2636328 1.3143247 1.1439557 1.5468880 1.0552915 1.1409786 1.2840057 1.1896320 1.2111633 1.4345190 1.2987224 1.1662404 2.0574119 1.1144611 1.2908404 1.3015422 1.5430634 1.5793992 1.2486162 1.5001229 1.5420471 1.4197420 1.7148930 1.6517493 1.4592548 1.5491404 1.5598533 1.8817415 1.5111584 2.1898367 1.6518325 1.7911053 1.6373014 1.8178092 1.2039952 1.5733161 1.4584399 1.2607051 1.6223210 1.9391561 2.4195930 2.5934598 2.2637138 1.9375430 2.0298721 2.4108354 1.8440204 1.8705276 1.8845614 1.8676725 2.0054559 2.0232812 1.7988238 2.0517644 1.4616223 1.8142625 2.2389314 2.1121891 1.3253226 
Tadh_TriadT54064                                      1.5831638 1.3181660 1.7736621 2.0529762 2.1609466 1.5983281 2.2655725 1.0863605 1.0306180 1.1070254 1.0468713 1.0406832 1.4338044 1.2884473 0.2184792 0.2195970 0.2172296 0.2172296 0.2440303 0.0107378 0.0000000 1.2473711 1.3003243 1.1434889 1.5684710 1.0714214 1.1580048 1.3055684 1.2090312 1.2312239 1.4584560 1.2845166 1.1532906 2.0897181 1.1018925 1.2765635 1.2872941 1.5267837 1.5783765 1.2480502 1.5275895 1.5262645 1.4390635 1.7402229 1.6269115 1.4333405 1.5330374 1.5588664 1.8585534 1.4710450 2.1873172 1.6824804 1.7927071 1.6411591 1.8275565 1.2090972 1.5862132 1.4767782 1.2815180 1.6211811 1.9371817 2.3707497 2.5588316 2.2609531 1.9178026 2.0298721 2.4284638 1.8195836 1.8847367 1.8802297 1.8659877 2.0034985 2.0212466 1.8291255 2.0346957 1.4879938 1.8666296 2.2722517 2.0578432 1.3493595 
Bralan_BLAG02001640_1                                 1.3250309 1.2811081 2.1524576 1.8103049 1.6514497 1.4593561 1.9824230 1.5750272 1.4147462 1.3203441 1.2518111 1.3450886 1.3599144 1.2755137 1.1595316 1.1842627 1.1272724 1.1272724 1.2957101 1.2636328 1.2473711 0.0000000 0.7323078 1.0064783 1.5313638 1.0912756 1.1247458 1.0913367 1.0510053 1.0515898 1.5456862 1.0076673 0.9281748 1.9012890 1.0367056 1.3871519 1.4292173 1.3313449 1.0099456 1.1647974 1.1781802 1.3427701 1.1885320 1.3932951 1.6102747 1.7737528 1.6611995 1.5104996 1.7736061 1.3021933 1.8401740 1.5058489 1.7677962 1.4818060 1.7148089 1.0546832 1.2031991 1.1735590 1.3897427 1.5346810 1.8037709 2.2275751 2.0085092 1.8372533 1.6663200 1.8424674 1.9219417 1.9793848 1.8251768 1.6523990 1.6248950 1.7304396 2.1695660 1.4648312 1.8654382 1.8737942 1.7433293 1.9900702 2.1237217 1.1632540 
Skow_XM_002740643.2                                   1.2671457 1.1414505 1.4665852 1.5272390 1.5234907 1.3024023 1.9825428 1.4543869 1.3919370 1.2630582 1.2928806 1.1141914 1.3098952 1.2653085 1.2422151 1.2713833 1.2916609 1.2916609 1.2972641 1.3143247 1.3003243 0.7323078 0.0000000 0.6938630 1.3964885 1.0427894 1.0104182 1.0850382 1.0271937 1.0636684 1.2519187 1.1202813 1.0435595 1.7867373 1.0735243 1.1789065 1.3795486 1.4388491 1.1293203 1.2096932 1.1974658 1.3542709 1.2099675 1.4571574 1.5882673 1.7117938 1.7367412 1.6020377 1.9077034 1.4099810 1.8683171 1.6117145 1.4791095 1.2921599 1.4035046 1.2721092 1.3392443 1.3393097 1.3840942 1.2734196 1.6625234 2.2808284 2.1374827 1.9421548 1.5652745 1.5644810 1.7327937 1.8745964 1.6712785 1.6554237 1.6735061 1.7338247 1.8994357 1.5702646 1.8245853 1.4277145 1.5791389 2.1034265 1.9612990 1.0445383 
Spur_XM_001183516.4                                   1.6579399 1.4587020 1.7287444 1.9695871 1.8330489 1.4615484 2.2961394 1.4184135 1.2816794 1.3012887 1.3478781 1.1884873 1.3620117 1.4547981 1.1314660 1.1276760 1.1772950 1.1772950 1.2101293 1.1439557 1.1434889 1.0064783 0.6938630 0.0000000 1.4685674 1.1153053 1.1683656 1.2026565 1.0956002 1.1021596 1.5594884 1.2134640 1.0824099 1.7853057 1.0217203 1.0699194 1.3948508 1.6545243 1.1677734 1.2373231 1.1531618 1.5502729 1.2617495 1.4816169 1.9476070 1.9755677 1.7549742 1.6363340 1.8791438 1.6050658 2.0461304 1.6457701 1.4079107 1.2395825 1.3231727 1.5114885 1.5022194 1.3541969 1.2627043 1.6246115 1.8021796 2.3842004 2.2681824 2.0671918 1.7240279 2.3915864 2.0469572 1.8550517 1.7513175 1.8054639 2.0602591 1.9142273 2.1070634 1.5074855 1.9831185 1.6672663 1.5337300 2.4251895 2.0080912 1.3816424 
Spis_XP_022787354_1                                   1.5704148 1.4972191 1.9646774 1.9055240 2.0663400 1.6812766 2.5588075 1.6828956 1.5538233 1.4594956 1.5708528 1.3790911 1.3540628 1.3158587 1.5042566 1.4845721 1.4839284 1.4839284 1.6914411 1.5468880 1.5684710 1.5313638 1.3964885 1.4685674 0.0000000 0.3357608 0.2614508 0.6030355 0.5346412 0.5688839 0.7803262 0.8612275 0.8363934 1.0777365 1.2145913 1.4495761 1.6691237 1.7964976 1.4800230 1.6156514 1.5815034 1.9498028 1.6787734 2.1565966 2.3111184 2.4836889 2.1115159 2.1671024 2.7466210 2.3030944 2.4626633 2.2212114 2.0277186 1.7625356 1.8338971 1.3632041 1.6560555 1.7953714 1.7933488 2.0358445 2.1902671 2.7249585 2.2595485 2.3369017 1.9963908 2.1534966 2.5403252 1.7195721 2.3911528 2.2709522 2.1405160 2.7423251 2.4727053 1.8094540 2.4501210 1.8671343 1.5166148 2.4124305 2.5463308 0.6970647 
Gasp_gasp1.m3.7038.m1                                 1.2440730 1.0845873 1.3364460 1.5217341 1.6628013 1.3102728 2.1943014 1.2711626 1.2734261 1.2442967 1.1914450 0.9937959 1.0236916 0.9967936 0.9498002 0.9264936 0.9943542 0.9943542 1.1105071 1.0552915 1.0714214 1.0912756 1.0427894 1.1153053 0.3357608 0.0000000 0.1468736 0.3358756 0.2614637 0.2837402 0.4346392 0.5554804 0.5003918 0.6354091 0.9413801 1.0635046 1.2095558 1.3633738 1.1686570 1.2860203 1.3122158 1.5008821 1.2512495 1.6009767 1.5502221 1.7159595 1.4362595 1.5391965 2.0386087 1.4326621 2.0470625 1.7211391 1.6365658 1.4514354 1.8469408 1.0932863 1.1109140 1.4387187 1.2679123 1.5018475 1.8053346 2.3782202 1.9970478 2.0487596 1.4475250 1.7898030 2.1494278 1.5746728 2.0039887 1.8410679 1.6058078 1.8658207 2.0785225 1.3229943 1.8621287 1.5208459 1.0479957 1.9325544 2.1947175 0.3821154 
Pocdam_XM_027203222.1                                 1.2500010 1.1575991 1.4109337 1.6052963 1.7049572 1.3975581 2.0176863 1.2858735 1.2391439 1.2190197 1.2444565 1.1088891 1.0970154 0.9879448 1.1171135 1.0618885 1.1527644 1.1527644 1.2785333 1.1409786 1.1580048 1.1247458 1.0104182 1.1683656 0.2614508 0.1468736 0.0000000 0.3640711 0.2945834 0.3176968 0.4384620 0.6367523 0.5943991 0.6156596 0.9691494 1.0875364 1.2248397 1.3078278 1.1966608 1.2982450 1.2532477 1.6054569 1.3225365 1.6380032 1.6014842 1.7589726 1.5788632 1.6777279 2.1445854 1.4244692 1.9644740 1.7934937 1.5949682 1.5475392 1.9383764 1.1982634 1.1980600 1.4607218 1.3639863 1.6844378 1.7981220 2.2133302 1.8357027 2.0615397 1.6073002 1.9460686 2.0666422 1.5891972 1.9737551 1.8849234 1.6543583 2.0711484 2.1278515 1.3666105 1.9466683 1.4621941 1.1343488 2.0203509 2.1156926 0.4830016 
Amil_Amillepora08312-RA                               1.5033242 1.2260316 1.8151934 1.9795893 1.6962420 1.5030457 2.4304631 1.2365900 1.2552225 1.2791824 1.1526232 1.0782537 1.1999770 1.3087882 1.1419200 1.1655934 1.2436947 1.2436947 1.3602732 1.2840057 1.3055684 1.0913367 1.0850382 1.2026565 0.6030355 0.3358756 0.3640711 0.0000000 0.0748581 0.0898498 0.4477478 0.7128676 0.7385090 0.4766880 1.1287474 1.1621703 1.4718782 1.5690092 1.3033084 1.2930950 1.4147434 1.6756004 1.3258478 1.7186060 1.8786073 1.9139589 1.6022671 1.9802601 2.3382806 2.1480078 2.1891532 1.8883963 1.9495454 1.7879155 2.0679944 1.4770196 1.3573419 1.6020868 1.5594700 1.9589607 1.9967633 2.9273497 2.2855702 2.3516515 1.5983635 1.9621267 2.6292505 1.8248418 2.3065484 2.2446217 1.8380552 2.3033586 2.3104079 1.4107686 2.1394860 1.5479997 1.1852884 2.0518471 2.6542022 0.2130512 
Amil_Amillepora08317-RA                               1.3640062 1.1473970 1.5951253 1.8016898 1.7119345 1.4151559 2.2924894 1.2095553 1.2029741 1.2363836 1.0905092 1.0416523 1.0988324 1.2014791 1.0513649 1.0785566 1.1077623 1.1077623 1.2798648 1.1896320 1.2090312 1.0510053 1.0271937 1.0956002 0.5346412 0.2614637 0.2945834 0.0748581 0.0000000 0.0371670 0.4420708 0.6430861 0.6534009 0.3732237 0.9664356 1.0931594 1.2710779 1.4159403 1.1409298 1.2860593 1.2825375 1.5607510 1.3018368 1.6659870 1.5744154 1.5582658 1.4521229 1.7395933 2.0831527 1.5077461 2.0138192 1.8111675 1.6840690 1.6312099 2.0679944 1.4770196 1.2137095 1.4379740 1.5423499 1.7053517 1.9084625 2.2927701 1.9458715 2.0719755 1.5953296 1.9621267 2.2695331 1.6851366 2.1823748 2.0442891 1.6578755 2.0154960 2.2306467 1.3646778 1.8967614 1.5430516 1.1852884 1.9455017 2.4798615 0.1780506 
Amil_Amillepora08316-RA                               1.3949534 1.1619472 1.5177680 1.7424277 1.7055043 1.3806572 2.2705377 1.2408181 1.2248113 1.2593612 1.1129401 1.0093520 1.1309857 1.2166435 1.0737690 1.0960125 1.1452635 1.1452635 1.3053776 1.2111633 1.2312239 1.0515898 1.0636684 1.1021596 0.5688839 0.2837402 0.3176968 0.0898498 0.0371670 0.0000000 0.4813689 0.6501499 0.6675085 0.3633385 0.9858620 1.1097848 1.3002533 1.4467181 1.1879345 1.3280360 1.3369452 1.5998117 1.2751885 1.6358968 1.6361085 1.6165361 1.5095618 1.7971285 2.0967486 1.5038612 2.1133795 1.8101433 1.6769170 1.6502103 2.0222273 1.4770583 1.2337875 1.4532048 1.5906981 1.7833963 1.9809328 2.2890029 1.9749099 2.1067462 1.5492472 2.0742076 2.2450555 1.6022728 2.1988212 2.0124437 1.6932254 2.0511008 2.2188231 1.3716450 1.9844751 1.5184747 1.2368480 2.0097104 2.5901679 0.1699992 
Gfas_gfas1.m1.13951.m1                                1.8303677 1.7185493 1.6770716 2.0260701 2.1526634 1.7853300 2.5191331 1.7046916 1.8185899 1.7658670 1.5854665 1.5673218 1.5024184 1.5446912 1.3195619 1.2734826 1.3501582 1.3501582 1.4350113 1.4345190 1.4584560 1.5456862 1.2519187 1.5594884 0.7803262 0.4346392 0.4384620 0.4477478 0.4420708 0.4813689 0.0000000 1.0045358 0.9510059 0.9503231 1.3591618 1.4143555 1.6782100 1.8363079 1.5947932 1.4864104 1.7793086 2.1903490 1.9693480 2.4122215 2.0294602 2.5122528 1.7733681 2.0683509 2.5960199 2.3529002 2.4126565 2.3546157 2.0600496 1.9353425 1.6949035 1.1758576 1.4220327 1.9493155 1.5185098 2.2085345 2.1122304 3.5742968 2.8159470 3.0009253 2.0648141 1.9304367 2.9331729 2.0064702 2.5668498 2.8743593 2.3009453 2.5225337 2.7744647 1.9450510 2.2346557 1.7875339 1.1558999 2.7392711 2.9016726 0.8849989 
Exapal_XM_021043115.2                                 1.1421194 1.0557161 1.7226543 1.7355490 1.6871027 1.3139403 2.4035342 1.3417127 1.1986555 1.2546977 1.2286945 1.2250857 1.1747407 1.2393599 1.2139177 1.1867431 1.2912861 1.2912861 1.2485727 1.2987224 1.2845166 1.0076673 1.1202813 1.2134640 0.8612275 0.5554804 0.6367523 0.7128676 0.6430861 0.6501499 1.0045358 0.0000000 0.5226509 1.1728073 1.1798483 1.3433129 1.2412409 1.3692512 1.3331463 1.5067848 1.4570825 1.3504358 1.4861009 1.8189379 1.8831613 1.8906865 1.7114116 1.9263436 2.5003276 1.7906160 2.1014570 1.6421230 1.6322316 1.4290270 1.4889045 1.1628147 1.3038994 1.4976605 1.1971500 1.7326015 1.7233835 2.3318570 2.2599764 2.1616352 1.9024784 2.4079193 2.1443233 1.9828126 1.8799225 2.0073256 1.6007341 1.8389222 1.9649861 1.5975157 2.0698188 1.4083858 1.0307981 1.9666518 2.4059648 0.7657802 
Nvec_v1g169978                                        1.2183647 1.0506581 1.6593014 1.5404840 1.6645740 1.2405535 2.1261343 1.2527077 1.2332182 1.2183796 1.2209421 1.0114750 1.0284726 1.2411976 1.1043186 1.1010429 1.1029598 1.1029598 1.1798299 1.1662404 1.1532906 0.9281748 1.0435595 1.0824099 0.8363934 0.5003918 0.5943991 0.7385090 0.6534009 0.6675085 0.9510059 0.5226509 0.0000000 1.1504454 0.9809059 1.1358291 1.2531142 1.3251538 1.2791035 1.3496324 1.3444535 1.3954038 1.2612092 1.5177093 1.5839144 1.5371120 1.4397818 1.7471490 2.2002681 1.4551310 1.8659732 1.5414776 1.4570526 1.3506137 1.5358862 1.1480591 1.3816468 1.3816711 1.3256879 1.4475074 1.6388419 2.0062421 2.0017062 2.0683883 1.5259173 1.9055787 1.9805967 1.4912496 1.8161372 1.7691373 1.4049723 1.7554652 1.8580950 1.8391031 1.9427626 1.4513561 1.0461375 1.8073739 2.2652668 0.8576522 
Amil_Amillepora08322-RA                               1.8499868 1.7730418 1.7423054 2.5560498 2.5099071 2.0662979 3.2536660 2.0416115 2.2177253 2.2041095 1.9366262 2.1674084 1.8430398 1.7562266 1.8235956 1.8553497 1.8988218 1.8988218 2.0866629 2.0574119 2.0897181 1.9012890 1.7867373 1.7853057 1.0777365 0.6354091 0.6156596 0.4766880 0.3732237 0.3633385 0.9503231 1.1728073 1.1504454 0.0000000 1.6903910 1.8538848 2.3270220 2.1828591 1.7658163 2.2862578 1.9829652 2.6346395 2.1928584 2.5817068 2.4182556 2.4840261 2.1346963 2.3771955 2.8545183 1.5771463 2.6683850 2.5546927 2.7904159 2.4401148 2.1728670 1.7768678 1.7110879 2.0364840 2.8375569 2.5553428 2.9020582 3.3680739 3.6429172 3.3517833 2.3446104 7.4759579 3.1746907 3.6513855 3.0082143 3.0912300 2.5326326 2.8059772 2.9601288 2.0616088 2.9326744 3.0791615 1.4134396 3.3194624 3.8951626 1.2185447 
Dgig_XM_028557767.1                                   1.6272974 1.3990407 2.0829749 1.7858287 1.8639302 1.6122955 2.1608841 1.5324016 1.4353331 1.3967202 1.4587614 1.2866229 1.4728477 1.4647602 1.0592894 1.0688244 1.0529290 1.0529290 1.0808520 1.1144611 1.1018925 1.0367056 1.0735243 1.0217203 1.2145913 0.9413801 0.9691494 1.1287474 0.9664356 0.9858620 1.3591618 1.1798483 0.9809059 1.6903910 0.0000000 0.7633287 1.4458818 1.4252414 1.3702606 1.2805916 1.1533110 1.4935201 1.5543816 1.8593536 1.8462187 1.9291206 1.6137732 2.0540171 2.4743194 1.8424560 2.1731589 2.1641244 1.7348000 1.2957636 1.6489784 1.5198834 1.6735688 1.5006478 1.5692935 1.8394214 1.5958003 1.6924797 1.9983062 1.9784399 1.9740038 2.6092279 2.1587745 1.7281104 1.8403284 1.9443204 1.7767940 2.1604096 2.2008529 1.7214697 2.3973307 1.4993235 1.0139170 2.0582006 1.8381436 1.1341134 
Xesp_011381-T1                                        1.7934313 1.5747055 1.7610637 1.9634626 1.9757147 1.5771365 2.2972884 1.6963870 1.7379395 1.6499327 1.6351454 1.4596119 1.6085685 1.8418408 1.1776164 1.1852617 1.1999471 1.1999471 1.2689676 1.2908404 1.2765635 1.3871519 1.1789065 1.0699194 1.4495761 1.0635046 1.0875364 1.1621703 1.0931594 1.1097848 1.4143555 1.3433129 1.1358291 1.8538848 0.7633287 0.0000000 1.4932196 1.6366221 1.4029060 1.3537725 1.2251630 1.7305792 1.5775404 1.9063083 1.6900209 2.0434187 1.6523409 1.7771327 2.1569815 1.4894813 1.9557970 1.6521828 1.7403133 1.3005113 1.6467507 1.9025479 1.7540357 1.4321671 1.3992169 1.8406184 1.5961502 2.1265746 2.1735167 2.0098118 2.0527151 2.0284990 2.2991350 1.9605178 1.8935435 1.9114620 1.8213533 1.9957754 1.9988357 1.6990955 2.1094293 1.1094423 0.9971643 2.3808901 2.1047807 1.3688584 
Hvul_g430_1                                           1.9471053 1.7001351 2.4379483 2.1381178 2.0751306 1.6816336 2.8912209 1.8254590 1.6311909 1.5581941 1.6417368 1.1278254 1.1600123 1.0697051 1.2516027 1.2433065 1.2818666 1.2818666 1.3607003 1.3015422 1.2872941 1.4292173 1.3795486 1.3948508 1.6691237 1.2095558 1.2248397 1.4718782 1.2710779 1.3002533 1.6782100 1.2412409 1.2531142 2.3270220 1.4458818 1.4932196 0.0000000 0.9477535 1.6810917 1.4896792 1.4487045 1.7130753 1.9543645 2.1875294 1.7022408 1.6865761 1.5533343 2.0944924 2.3634673 2.0732668 2.0851700 1.9745998 2.1694671 1.6586635 1.6991926 1.5851815 1.8946479 1.6938915 1.6826316 1.6686659 2.0635007 2.5783561 2.6081562 2.4460549 1.9163201 2.8772318 2.3747563 1.7275412 2.0151915 2.2621083 2.1386662 2.3975915 2.3632177 1.7810228 2.3237671 1.8248115 1.4483532 2.3019462 2.5163507 1.4153600 
Chem_TCONS_00010542                                   1.8391497 1.6841045 2.2098767 1.9901743 1.9594643 1.8578446 2.3623927 1.6836677 1.7303744 1.5254629 1.4124600 1.2364823 1.2570330 1.1159042 1.5198000 1.4914779 1.4819913 1.4819913 1.5316869 1.5430634 1.5267837 1.3313449 1.4388491 1.6545243 1.7964976 1.3633738 1.3078278 1.5690092 1.4159403 1.4467181 1.8363079 1.3692512 1.3251538 2.1828591 1.4252414 1.6366221 0.9477535 0.0000000 1.4967519 1.6144303 1.3363394 1.6447679 2.1491166 2.4340260 1.6451955 1.6597508 1.5626120 1.9526362 2.2784551 1.7105813 1.5677046 1.8889370 1.9065763 1.7558683 1.8525856 1.6424261 2.0022108 1.5981261 1.8431779 1.8258332 1.7918388 2.1571045 2.1112160 2.2645172 2.2210433 3.5248766 2.1671364 2.0400715 2.0364505 2.0865524 2.0939511 2.2180002 2.5984590 1.6408560 2.2602710 2.0739810 1.3363348 2.4907069 2.2661777 1.3924662 
Cscu_XM_023383937.1                                   1.6644884 1.6275578 1.8821436 1.7883047 1.8782762 1.4518347 2.0878211 1.7320979 1.7519375 1.5640620 1.6179406 1.4974300 1.6833829 1.5617211 1.4560888 1.4249927 1.4298605 1.4298605 1.6719375 1.5793992 1.5783765 1.0099456 1.1293203 1.1677734 1.4800230 1.1686570 1.1966608 1.3033084 1.1409298 1.1879345 1.5947932 1.3331463 1.2791035 1.7658163 1.3702606 1.4029060 1.6810917 1.4967519 0.0000000 1.2059776 1.1864677 1.5934354 1.2228884 1.6082329 1.7813470 1.7503988 1.7631131 1.6769845 1.9079642 1.3426969 2.1068645 1.7640087 1.7370603 1.7143818 1.6854423 1.5040539 1.4803827 1.5889685 2.1490549 1.8167728 1.9722083 2.2161554 2.0725090 2.1294683 2.0037040 2.0831563 1.9899302 1.8045362 1.6850134 1.7055223 2.1314067 2.0910847 2.2181364 1.4712522 1.9182505 1.5807268 1.5310874 2.3163249 2.0048707 1.2255421 
Ctel_gnl_WGS_AMQN_CAPTEDRAFT_mRNA221892               2.0894407 1.8449600 2.3366051 2.2732640 2.4927953 1.6805362 2.0548893 1.5100478 1.4064638 1.2679242 1.3292319 1.5916203 1.5918529 1.7183087 1.2595546 1.2650786 1.3192831 1.3192831 1.3148188 1.2486162 1.2480502 1.1647974 1.2096932 1.2373231 1.6156514 1.2860203 1.2982450 1.2930950 1.2860593 1.3280360 1.4864104 1.5067848 1.3496324 2.2862578 1.2805916 1.3537725 1.4896792 1.6144303 1.2059776 0.0000000 1.2684037 1.5764996 1.2963584 1.5888100 2.1477311 2.5883908 1.7975222 1.6984403 2.2394302 1.9487128 2.1937061 1.8495801 1.9904013 1.9226251 1.8352517 1.6846370 1.6152835 1.6080344 1.4808214 1.9246410 1.7145566 2.3688469 2.3485401 2.0031568 1.8432435 1.8832434 2.2646553 1.6608404 1.8913142 1.8385113 2.1116603 2.3926001 2.5977029 1.6181037 2.3688088 1.4004340 1.8910279 2.4135088 1.9243872 1.3744704 
Acagra_model.g13232.t1.2.5d3b872d                     1.6719078 1.5293854 1.8656472 1.3757708 1.7237791 1.5964390 2.1734081 1.7267093 1.6879014 1.4837095 1.5899358 1.3508126 1.2612510 1.1558370 1.3819917 1.3545144 1.3617788 1.3617788 1.3787830 1.5001229 1.5275895 1.1781802 1.1974658 1.1531618 1.5815034 1.3122158 1.2532477 1.4147434 1.2825375 1.3369452 1.7793086 1.4570825 1.3444535 1.9829652 1.1533110 1.2251630 1.4487045 1.3363394 1.1864677 1.2684037 0.0000000 1.4257135 1.4346415 1.7453565 1.7215827 1.7949901 1.4249532 1.6564045 1.9733158 1.4404931 1.8429098 1.6888588 1.9136651 1.4234513 1.8644406 1.4885544 1.4610088 1.3566145 1.7823281 1.6152047 1.7515181 2.2895676 2.1406601 1.8274724 2.0847728 2.7366102 2.3053857 2.4041679 2.0682877 2.1269343 1.9441755 2.3398635 2.2138693 1.4016248 1.9964509 1.7356898 1.1344653 2.1461868 2.2091354 1.3716526 
Salkve_EP00050_Salpingoeca_kvevrii_P016688            1.6479323 1.3108075 2.4855880 1.3516161 1.4477288 1.3018250 1.8859229 1.6544482 1.3468031 1.3724688 1.5455755 1.4732499 1.6101620 1.7142455 1.5302423 1.5403450 1.5010304 1.5010304 1.6966478 1.5420471 1.5262645 1.3427701 1.3542709 1.5502729 1.9498028 1.5008821 1.6054569 1.6756004 1.5607510 1.5998117 2.1903490 1.3504358 1.3954038 2.6346395 1.4935201 1.7305792 1.7130753 1.6447679 1.5934354 1.5764996 1.4257135 0.0000000 1.4211682 1.7526043 1.9313902 1.8892086 1.8892021 1.7966852 2.7431602 1.8459660 1.9457166 2.0211608 1.6953906 1.4103315 1.5499458 1.0741331 1.2366924 1.2746679 1.6090580 1.5576873 1.6608493 2.1698502 2.0832072 2.1584426 1.6759108 2.3065670 1.8032464 2.1111721 1.7851271 1.7389104 1.0284087 1.5303889 2.1006127 1.8067651 1.8243831 1.4781944 1.7805368 2.0820197 2.5632902 1.6550835 
Hsap_ENST00000479961                                  1.5651126 1.5370089 1.6118574 1.5886189 1.6808359 1.6749272 2.0398099 1.7016569 1.5555996 1.3268197 1.4087049 1.2807160 1.5311787 1.6138250 1.4691928 1.4672311 1.4507739 1.4507739 1.5919543 1.4197420 1.4390635 1.1885320 1.2099675 1.2617495 1.6787734 1.2512495 1.3225365 1.3258478 1.3018368 1.2751885 1.9693480 1.4861009 1.2612092 2.1928584 1.5543816 1.5775404 1.9543645 2.1491166 1.2228884 1.2963584 1.4346415 1.4211682 0.0000000 0.0820787 2.2115359 2.3288033 2.0792512 1.7562711 1.9052009 1.6702511 2.3224900 1.5055965 1.6976359 1.6753825 2.0061086 1.2546296 1.3732452 1.7943270 1.4040113 1.5272902 1.7118483 2.4010001 2.0326989 2.0007262 1.8633071 2.1712497 1.9358796 2.1533053 1.8349840 1.6776075 1.6287469 2.1155334 2.0034721 1.6929938 1.7733120 1.5154304 2.2584263 2.4820572 2.2534089 1.3223039 
Hsap_ENST00000559722                                  2.0201652 1.5697909 1.6118574 2.1463427 2.1649131 2.0378661 2.5447846 2.0963091 1.9145207 1.6571194 1.7841137 1.2807160 1.7983397 1.8216111 1.7576144 1.7265643 1.7199444 1.7199444 1.8532983 1.7148930 1.7402229 1.3932951 1.4571574 1.4816169 2.1565966 1.6009767 1.6380032 1.7186060 1.6659870 1.6358968 2.4122215 1.8189379 1.5177093 2.5817068 1.8593536 1.9063083 2.1875294 2.4340260 1.6082329 1.5888100 1.7453565 1.7526043 0.0820787 0.0000000 2.3169173 2.3920511 2.3412742 2.0771692 2.2606382 1.6852833 2.5128880 1.8820531 1.6976359 2.0373375 3.6543814 2.2204287 1.7499821 2.1724965 1.8681319 1.7901136 2.3275108 2.5556800 2.3185326 2.4449638 2.2128153 2.8349924 2.4192727 2.1533053 2.1682637 1.9534014 2.2384649 2.7236053 2.4284877 2.0186628 2.3086194 2.0923189 2.8137634 2.7957216 2.6575066 1.3223039 
Bolinf_Binf_sb1188804                                 1.7587318 1.4154145 2.5013885 2.3679434 2.3305752 1.6991257 2.6956323 2.0834238 2.2442905 1.8412935 2.0671664 1.5332959 1.6388511 1.5667548 1.4227017 1.3696492 1.3946769 1.3946769 1.6598570 1.6517493 1.6269115 1.6102747 1.5882673 1.9476070 2.3111184 1.5502221 1.6014842 1.8786073 1.5744154 1.6361085 2.0294602 1.8831613 1.5839144 2.4182556 1.8462187 1.6900209 1.7022408 1.6451955 1.7813470 2.1477311 1.7215827 1.9313902 2.2115359 2.3169173 0.0000000 0.4833658 0.4670174 0.6833686 0.8268214 0.6195396 1.0345880 2.2938901 2.3542340 1.7798679 2.1705711 2.5163516 2.1790606 1.6359499 2.2996460 1.8239668 2.2777293 2.6262715 2.5380881 2.4688801 2.2945632 3.5520690 2.4357592 2.6727375 2.6236112 2.1864482 2.2194757 2.4725978 2.2232641 2.1774186 2.2985401 1.9438956 2.4870345 2.6349836 2.6976861 1.6282268 
Lampan_Lpan_9961_01                                   1.7916594 1.6215679 2.8790320 2.1285582 1.9420448 1.6835136 2.5108099 2.0831175 2.0345895 1.9510928 1.9491866 1.5251190 1.6875911 1.4247831 1.4548964 1.3850608 1.3676577 1.3676577 1.4207367 1.4592548 1.4333405 1.7737528 1.7117938 1.9755677 2.4836889 1.7159595 1.7589726 1.9139589 1.5582658 1.6165361 2.5122528 1.8906865 1.5371120 2.4840261 1.9291206 2.0434187 1.6865761 1.6597508 1.7503988 2.5883908 1.7949901 1.8892086 2.3288033 2.3920511 0.4833658 0.0000000 0.5495335 0.6938522 0.7099217 0.6579213 0.9924907 2.1367616 2.8215627 2.0600248 4.9315445 1.5618659 2.3917313 1.6845637 2.2991854 2.0264547 2.3782496 2.6895151 2.4103382 2.4394467 2.1129069 2.5449228 2.5489779 2.5063551 2.6235781 2.3579133 2.4326407 2.7559591 2.2929405 2.5343040 2.2285205 2.3358176 2.9977198 2.5600744 2.6139391 1.9198534 
