91
Emue_Em0018g535a.t1                                   0.0000000 0.0000010 0.2381463 0.8383528 0.7645468 0.8167139 1.1057115 0.9765919 1.0602022 0.8863421 0.8890942 0.8148260 0.9991363 0.9665202 1.1533978 1.0931601 1.1968541 1.1584797 0.9784386 1.0283031 0.8803987 0.8924719 0.9139384 0.8872382 0.8147196 0.9187555 0.8896769 1.1133323 0.8358885 0.8300884 1.0963698 1.0963698 1.0498394 1.1238949 0.9200690 0.8538339 1.1554966 1.1042306 1.3619296 1.0644398 1.0457667 1.1731846 1.6304468 0.9226818 1.2620721 1.4460403 1.2836869 1.3576019 1.2173413 1.2434298 1.2785379 1.2019350 1.7547050 1.6616055 1.3468748 3.0373745 1.3086710 1.2618786 2.0778917 1.2395372 1.3213553 1.2401266 1.2842559 1.0669503 1.1292630 1.4999196 1.2205127 1.0376079 1.6169600 1.1876064 1.2567204 1.2053845 1.1597462 1.2298464 1.3045076 1.3045076 1.2448523 2.4762931 1.9036849 1.5847203 0.9851350 3.1557232 1.4773967 1.1749310 1.1656238 1.0269698 1.4501619 1.9134360 1.8170126 1.4141361 2.2861638 
Emue_Em0052g9a.t1                                     0.0000010 0.0000000 0.2381463 0.8383528 0.7645468 0.8167139 1.1057115 0.9765919 1.0602022 0.8863421 0.8890942 0.8148260 0.9991363 0.9665202 1.1533978 1.0931601 1.1968541 1.1584797 0.9784386 1.0283031 0.8803987 0.8924719 0.9139384 0.8872382 0.8147196 0.9187555 0.8896769 1.1133323 0.8358885 0.8300884 1.0963698 1.0963698 1.0498394 1.1238949 0.9200690 0.8538339 1.1554966 1.1042306 1.3619296 1.0644398 1.0457667 1.1731846 1.6304468 0.9226818 1.2620721 1.4460403 1.2836869 1.3576019 1.2173413 1.2434298 1.2785379 1.2019350 1.7547050 1.6616055 1.3468748 3.0373745 1.3086710 1.2618786 2.0778917 1.2395372 1.3213553 1.2401266 1.2842559 1.0669503 1.1292630 1.4999196 1.2205127 1.0376079 1.6169600 1.1876064 1.2567204 1.2053845 1.1597462 1.2298464 1.3045076 1.3045076 1.2448523 2.4762931 1.9036849 1.5847203 0.9851350 3.1557232 1.4773967 1.1749310 1.1656238 1.0269698 1.4501619 1.9134360 1.8170126 1.4141361 2.2861638 
Spolac_c104142_g1_i1_m.38429c104142-g1                0.2381463 0.2381463 0.0000000 0.7742834 0.7213048 0.7777617 0.9687722 0.8581320 0.9640498 0.8311781 0.7900131 0.7368833 0.8994798 0.8782884 1.1343120 1.0222305 1.1202354 1.0859886 0.8699999 0.9981279 0.7963935 0.7874363 0.8463283 0.8164581 0.7241817 0.8319153 0.7943690 0.9800608 0.7683758 0.7009871 0.9981955 0.9981955 0.9637251 0.9996255 0.8440660 0.7656160 1.0329720 0.9312052 1.1460605 0.9484204 0.9311941 1.0229065 1.4441708 0.8060869 1.1347929 1.2579764 1.1970923 1.2111591 1.0842922 1.1535101 1.0721580 1.1726246 1.6976439 1.5203366 1.2419201 2.8501542 1.2586207 1.1134923 1.9103143 1.2124393 1.3486787 1.1156386 1.1394578 1.0478252 1.0678666 1.3819900 1.1363641 0.9692366 1.4194499 1.0253692 1.0574762 1.0253003 1.0559539 1.1189412 1.1423672 1.1423672 1.1078777 2.1883628 1.6281432 1.4342825 0.8570287 3.1924182 1.4611293 1.0941978 1.1981066 1.0557882 1.4894216 1.8709884 1.8078135 1.2835104 2.3939285 
Aque_Aqu2.1.38352_001                                 0.8383528 0.8383528 0.7742834 0.0000000 0.4857755 0.4897287 1.2688840 0.9900693 1.1149705 0.8139463 0.8332759 0.9161713 1.0424999 0.9974534 1.1475511 1.0308287 1.1320506 1.0801318 1.1462770 1.1382157 0.7909577 0.8024802 0.9981183 0.9962529 0.8010938 0.9114956 0.8381276 0.9796942 0.9872840 0.9673695 1.0560143 1.0560143 0.8898181 1.0032804 1.0860869 0.9901907 1.2456736 1.0610263 1.1133416 1.0314121 1.0471716 1.0703578 1.5363620 1.1287796 1.2498332 1.5652893 1.1804440 1.1572250 1.1287414 1.4042368 1.2784141 1.2899561 1.6581586 1.6655618 1.3540041 2.7183005 1.3594028 1.2459794 1.9052749 1.1515153 1.2997162 1.0813476 1.2391491 1.3342048 1.1469212 1.3927505 1.2589471 1.1755436 1.8141015 1.0864052 1.2679781 1.0826163 1.1483479 1.0846893 1.2510764 1.2510764 1.2356975 2.4970537 1.8272765 1.7258143 0.9604570 3.6734941 1.5169717 1.4125664 1.1776755 1.0833126 1.6112501 1.9350165 1.9493553 1.8986645 2.4602090 
Xestes_maker-XT_scaffold5875-augustus-gene-0.3-mRNA-1 0.7645468 0.7645468 0.7213048 0.4857755 0.0000000 0.5137290 0.9005458 0.7713459 0.7725359 0.7101779 0.7335561 0.7928539 0.8485102 0.9042315 0.9226352 0.7440724 0.8330469 0.8054276 0.8753988 0.9289443 0.7136964 0.7180903 0.7626284 0.7748585 0.7234977 0.8330033 0.8373484 0.8811295 0.8580102 0.8110379 0.8043723 0.8043723 0.8748542 0.9075769 0.8493696 0.6693033 0.9643269 0.8090961 0.8587065 0.7629918 0.7048371 0.7306898 1.1394251 0.7868859 1.1348971 1.3926537 0.9986178 1.0210984 0.9921925 1.3150664 1.0312548 1.3057313 1.3280284 1.5978163 1.2267088 2.5228894 1.3015234 1.3015234 1.9613708 0.8896015 1.0941707 0.8813765 1.0536752 1.0500738 1.1500365 1.1638235 0.9110437 1.1393745 1.5056731 1.0937105 1.0258033 0.9456520 1.0139034 0.9210149 0.9387589 0.9387589 1.0343252 2.5317223 1.9372670 0.9413006 0.7464778 3.0154490 1.1997815 1.1859531 1.1122851 1.0217276 1.4285627 2.0064049 2.1745733 1.6739712 1.9837054 
Halamb_c32921_g1_i4mm.285                             0.8167139 0.8167139 0.7777617 0.4897287 0.5137290 0.0000000 1.2674752 1.0518397 1.2526926 0.9049218 0.8925962 0.8137064 1.1342536 1.0326980 1.1715350 1.0890370 1.1978183 1.1547943 1.0135765 1.0156745 0.8992770 0.9170353 1.0463287 1.0443535 0.8946835 0.9798621 0.9961097 1.1736637 1.0321988 0.8667560 1.1515426 1.1515426 1.0702428 1.1797743 0.9481585 0.8739384 1.1850435 1.2134567 1.3631355 1.1817607 1.1948288 1.2333451 1.6232124 0.9993448 1.3076422 1.4337912 1.2086368 1.1540860 1.1792049 1.3667770 1.2576696 1.3701186 1.4533695 1.6233254 1.3468771 2.3483776 1.2603622 1.1734382 1.8235231 1.2568512 1.2549011 1.1510662 1.3572819 1.1549724 1.0893118 1.3006113 1.3732601 1.2038934 1.6859398 1.1775756 1.2084566 1.1243370 1.1982388 1.1073291 1.2153056 1.2153056 1.0911775 2.3609553 1.9290456 1.3982722 0.9793859 4.1999345 1.5956955 1.3117106 1.0865566 0.8826036 1.3250288 1.7261253 1.7586073 1.8149245 2.5372482 
Hsap_ENST00000380622                                  1.1057115 1.1057115 0.9687722 1.2688840 0.9005458 1.2674752 0.0000000 0.3749799 1.1456593 1.2059003 1.2223350 0.7756037 1.1406272 0.8658987 1.4823903 1.1769720 1.2726553 1.2278129 1.3638971 1.1191045 1.1545029 1.1247384 1.1883394 1.1510177 1.1258160 1.2547048 1.2419947 1.0556993 1.3029468 1.1316788 1.1818458 1.1818458 1.0214447 1.2877183 1.1002825 1.0442480 1.4858367 1.3790544 1.5368204 1.1347527 1.3622799 1.4570982 2.0072515 1.7014210 1.5407926 1.4812864 1.5216987 1.0107032 1.2315206 1.2918417 0.8124053 1.4572593 1.3103200 1.8084178 1.4604960 2.2309761 1.5691518 1.3326127 2.1087121 1.5491780 1.8394781 1.5792512 1.6029814 1.3074614 1.1408179 1.3701535 1.5142952 1.1304530 1.0723240 0.9966888 1.6711998 1.5208070 1.5578034 1.5783512 1.5173906 1.5173906 1.5080633 3.0202108 2.8391331 2.2250047 1.2774228 2.8238266 2.0244728 1.3523662 1.6164337 1.4161143 1.7831406 2.6158042 2.4749207 1.6894987 2.4969937 
Hsap_ENST00000545170                                  0.9765919 0.9765919 0.8581320 0.9900693 0.7713459 1.0518397 0.3749799 0.0000000 0.8257500 0.8827740 0.9143281 0.6217493 0.8363515 0.6873333 1.0107407 0.7987002 0.8596616 0.8338598 1.1104835 0.8492640 0.8534455 0.8541002 0.9548628 0.9154883 0.8454108 0.9171634 0.9034695 0.8079207 1.0422965 0.9646247 0.8987300 0.8987300 0.8649961 0.9633705 0.8708726 0.8697735 1.2186281 1.1392773 1.3052625 1.0113581 1.1399370 1.2466319 1.7610223 1.3057190 1.2325631 1.1982287 1.1499741 0.9657653 1.0150964 1.2290177 0.8177792 1.1033627 1.3889903 1.4338601 1.1812654 2.3019994 1.2936063 1.1950369 1.9155737 1.1584362 1.2112231 1.1960170 1.1563253 1.0923784 1.0759855 1.3153729 1.1154097 0.9202744 1.1405861 0.8830947 1.4528807 1.3572423 1.4030905 1.3088595 1.3328353 1.3328353 1.3369729 2.6115773 2.2582715 1.9547759 0.9265602 3.0336998 1.5425667 1.1514418 1.3805674 1.2113078 1.6653139 2.2016288 2.0636520 1.5350354 2.1897675 
Bralan_BLAG04001051_1                                 1.0602022 1.0602022 0.9640498 1.1149705 0.7725359 1.2526926 1.1456593 0.8257500 0.0000000 0.8541986 0.8532106 0.5345851 0.7945747 0.6313112 1.0306695 0.8909532 0.9736893 0.9279127 1.0647495 0.9322413 0.8359837 0.8444365 0.9211556 0.8608664 0.8103088 0.8759261 0.8726530 0.7977123 1.0362763 0.9698604 0.7877470 0.7877470 1.0065827 0.8050233 0.9119470 0.8232351 1.1585177 1.2284822 1.4866189 1.1732729 1.1838655 1.2479144 1.8301834 1.3416702 1.2810250 1.4834191 1.2689144 0.9391830 0.9364800 1.1856679 0.8227370 1.2382556 1.0611039 1.4778778 1.2291951 1.7408994 1.2491715 1.1521980 1.9103825 1.1869232 1.4527702 1.2052875 1.1809451 1.1073048 1.0158014 1.3325362 1.1136231 1.0070196 0.9795533 0.8112378 1.4774246 1.4479079 1.3590465 1.3626976 1.4264085 1.4264085 1.4963374 2.9855975 2.3776691 1.8952962 0.9933971 3.0434583 1.4565826 1.4373043 1.5620220 1.2871402 1.6022194 2.2995600 2.3611340 1.6381085 2.1578602 
Exapal_XM_021057908.2                                 0.8863421 0.8863421 0.8311781 0.8139463 0.7101779 0.9049218 1.2059003 0.8827740 0.8541986 0.0000000 0.4797090 0.5405799 0.8565881 0.6896916 0.9270623 0.9136598 1.0035207 0.9491424 0.8890073 0.8705234 0.5520024 0.6181492 0.6562853 0.6492749 0.5785596 0.6439690 0.6153012 0.9699476 0.7196886 0.6857450 0.8895370 0.8895370 0.8492995 0.9550681 0.8257988 0.8169888 1.0223301 0.8552583 0.8868076 0.6816487 0.7991714 0.8340544 1.1924665 1.1337478 1.0649137 1.2428743 1.0796716 0.8999265 0.8251717 0.9758875 0.7138350 0.9878777 1.0458876 1.3291661 1.0701805 1.7260591 1.0349305 1.0027733 1.5430349 1.0377243 1.3274385 1.0462087 1.0516291 1.0267156 1.0015759 1.1235628 1.1919147 0.8939123 1.0292094 0.8101038 1.3520976 1.0991489 1.1220151 1.0472352 0.9537720 0.9537720 1.0589694 2.0979094 1.7218765 1.8264345 0.8583079 2.3608682 1.6211709 1.2277009 1.1646138 1.0602421 1.5713994 1.8296518 1.7606783 1.3604476 2.0086863 
Nvec_v1g34645                                         0.8890942 0.8890942 0.7900131 0.8332759 0.7335561 0.8925962 1.2223350 0.9143281 0.8532106 0.4797090 0.0000000 0.4557180 0.9293508 0.7288871 0.9595058 1.0508284 1.1581397 1.0894663 0.8790133 0.7825611 0.5634553 0.6013987 0.6547492 0.6526090 0.5963105 0.6421259 0.6460514 0.7610955 0.7971492 0.7398522 0.8942373 0.8942373 0.9716273 0.9204773 0.7508153 0.7189448 1.0056333 0.8444345 0.9327829 0.6894193 0.7797083 0.8188758 1.2203830 1.1729365 1.0668218 1.2946147 1.0001472 0.8775636 0.7739665 0.9152827 0.7588690 0.9873382 1.0925207 1.2471612 1.0081734 1.8016389 1.0816903 0.9408779 1.6001921 1.0452817 1.2229538 1.0818789 0.9673621 0.9564083 0.9495756 1.1839763 1.1751293 0.8296833 1.0472142 0.7632869 1.2634248 1.0688738 1.0990051 1.0479419 1.1048490 1.1048490 1.0141976 2.0019295 1.8352430 1.6576174 0.7483477 2.3093563 1.4942628 1.2203292 1.3477449 1.1796291 1.5002318 2.0640127 2.1042270 1.3612715 1.9179580 
Clacor_Ccor_C516087_01                                0.8148260 0.8148260 0.7368833 0.9161713 0.7928539 0.8137064 0.7756037 0.6217493 0.5345851 0.5405799 0.4557180 0.0000000 0.5060199 0.4994594 0.5090692 0.5587251 0.6125073 0.5727945 0.5838933 0.6265179 0.5814203 0.6052002 0.6014553 0.5910261 0.5750191 0.6365963 0.6093441 0.5943232 0.6796607 0.6609627 0.5825765 0.5825765 0.6205077 0.5655118 0.6791215 0.5053571 0.8052083 0.6730300 0.7475501 0.6565511 0.5721485 0.5979144 1.0170231 0.7750855 0.7983779 0.9896568 0.7368071 0.8775253 0.6508860 0.9462644 0.6471345 0.9256911 0.7266671 1.0021884 0.7630640 1.3180166 0.7792571 0.7792571 1.2212513 0.5002424 0.9147243 0.5163682 0.5536674 0.8679178 1.0079575 1.0359838 0.5993912 0.8386361 0.9988576 0.7956915 1.0302307 0.9018098 0.8679941 0.8611581 0.9105065 0.9105065 1.0005266 2.6257769 2.0766479 0.9615616 0.5975608 2.6439429 1.0266075 0.9737830 1.1773686 1.1773686 1.7243342 1.9445442 1.9445442 1.6448749 1.4489184 
Ctel_gnl_WGS_AMQN_CAPTEDRAFT_mRNA21671                0.9991363 0.9991363 0.8994798 1.0424999 0.8485102 1.1342536 1.1406272 0.8363515 0.7945747 0.8565881 0.9293508 0.5060199 0.0000000 0.0045488 1.0565196 0.7181700 0.7826551 0.7561002 1.0295863 0.9574817 0.8748445 0.8787262 0.8824144 0.8834218 0.7829185 0.8396529 0.8619760 0.8264678 0.9940458 0.8845657 0.8151792 0.8151792 0.9289160 0.7321013 0.9775754 0.9304441 1.2320771 1.2407655 1.5499172 1.1105857 1.1609807 1.2108259 1.8427441 1.3003357 1.2321563 1.4099926 1.0781431 0.9010958 1.0266970 1.1019858 0.7034790 1.0646386 1.0356146 1.3670515 1.1307742 1.6917217 1.0917121 1.0382498 1.6444283 1.1034887 1.2865972 1.1080270 1.1260970 1.0771500 1.0137111 1.1706825 0.9465275 0.9082448 1.0742713 0.7411900 1.4456675 1.4099854 1.3309013 1.2562220 1.2839596 1.2839596 1.3544739 2.7403880 2.0697823 1.8618048 1.0109994 3.2871197 1.4874216 1.2656437 1.2568787 1.2292784 1.5164224 2.0075636 1.6989763 1.4652082 1.9827747 
Ctel_gnl_WGS_AMQN_CAPTEDRAFT_mRNA88757                0.9665202 0.9665202 0.8782884 0.9974534 0.9042315 1.0326980 0.8658987 0.6873333 0.6313112 0.6896916 0.7288871 0.4994594 0.0045488 0.0000000 0.7399760 0.5713516 0.6378367 0.5624347 0.8013749 0.7831584 0.6834770 0.6960810 0.6990529 0.7077616 0.6123842 0.6911287 0.6463755 0.6575664 0.8358017 0.7378259 0.6930890 0.6930890 0.7628615 0.5050981 0.8645746 0.8127331 1.0511496 1.0132728 1.2957890 0.9897884 0.9236355 0.8880166 1.3403925 1.0505117 1.0748964 1.2717119 0.9873039 0.9251829 0.8564221 1.0733545 0.6767241 0.9609202 0.8870386 1.0627388 0.9225031 1.2714141 1.0691452 1.0476178 1.4155461 0.8586870 1.0418858 0.8723653 0.8860226 0.9203421 0.9912793 1.0274416 0.7703092 0.8461217 1.1126605 0.7513112 1.1941859 1.1723264 1.1078762 1.0998345 1.1124858 1.1124858 1.1747229 2.4788521 1.9207753 1.3647341 0.7761847 3.3558807 1.1906560 1.0798408 1.1392507 1.1796111 1.4548344 1.9639114 1.6258933 1.4262276 1.8089216 
Opea_EP00118_Oscarella_pearsei_P008345                1.1533978 1.1533978 1.1343120 1.1475511 0.9226352 1.1715350 1.4823903 1.0107407 1.0306695 0.9270623 0.9595058 0.5090692 1.0565196 0.7399760 0.0000000 1.0515896 1.1543960 1.0892791 1.2218121 0.8678197 0.9493048 0.9433009 1.0092249 1.0364110 0.9235838 0.9307426 1.0225792 0.9052595 1.0051963 0.9482087 0.9836781 0.9836781 0.9479179 1.1993960 1.0810734 1.0417583 1.3078504 1.3657278 1.6310883 1.0884021 1.2993004 1.3072604 1.8238795 1.3994103 1.2887926 1.5410034 1.0989602 1.0988693 0.9629596 1.2319517 0.9009892 1.1601499 1.2926118 1.5137002 1.2630591 2.0950910 1.4085115 1.1606916 1.9845973 1.3052254 1.2971432 1.2212169 1.2354188 1.1462215 1.0429891 1.3912885 1.1964041 0.9836165 1.1855549 0.8889977 1.7321133 1.5030828 1.5427570 1.4713645 1.4521687 1.4521687 1.4459179 3.0113615 2.7455733 2.0734356 1.0987329 3.3577195 1.6700247 1.4306560 1.4829780 1.2489393 1.5996620 2.2591318 2.2836503 1.7527733 2.1970189 
Acagra_model.g16214.t1_model.g16216.t1                1.0931601 1.0931601 1.0222305 1.0308287 0.7440724 1.0890370 1.1769720 0.7987002 0.8909532 0.9136598 1.0508284 0.5587251 0.7181700 0.5713516 1.0515896 0.0000000 0.0000010 0.0182418 1.0142936 0.8415300 0.8752570 0.9168498 1.0142080 0.9850783 0.9228176 0.9573662 0.9863419 0.9218138 1.0052835 0.9678864 0.9454694 0.9454694 0.9466504 0.8073083 1.0726475 1.0613914 1.1809638 1.1088062 1.3283983 0.9989851 1.0927246 1.1057802 1.6166132 1.3906236 1.1474717 1.2329651 0.9985142 0.8136378 0.9491606 1.2103351 0.8062660 1.2000815 0.9773755 1.3148916 1.0954797 1.6019440 1.1074697 1.0239283 1.7825077 1.0708148 1.1054913 1.1811607 1.1838334 1.1323898 1.1186513 1.2547232 1.0051549 0.9015349 1.0760250 0.7670539 1.2810849 1.2589112 1.2603025 1.1823918 1.1244385 1.1244385 1.2301570 2.4972699 2.0712773 1.8023126 1.0988256 3.5505526 1.4704367 1.3871914 1.4296153 1.2926213 1.5471914 2.4191694 2.1522103 1.3482231 2.2786192 
Acagra_model.g16214.t1_model.g16216.t1.1.5d400cef     1.1968541 1.1968541 1.1202354 1.1320506 0.8330469 1.1978183 1.2726553 0.8596616 0.9736893 1.0035207 1.1581397 0.6125073 0.7826551 0.6378367 1.1543960 0.0000010 0.0000000 0.0191645 1.1118415 0.9320688 0.9716802 1.0202110 1.1314790 1.0969350 1.0272824 1.0730652 1.1096864 1.0040483 1.1037658 1.0821823 1.0317671 1.0317671 1.0459327 0.8811291 1.1972076 1.2042812 1.1591504 1.2282110 1.3283983 1.1298975 1.2097328 1.2249073 1.5334160 1.3802006 1.2690639 1.3693520 1.1005118 0.9789308 1.0406453 1.3889804 1.0034359 1.3352939 1.2857249 1.3002734 1.2070108 1.6132368 1.2076016 1.1389160 1.5917923 1.1704245 1.1054913 1.3134791 1.3159233 1.2582595 1.2684667 1.5420399 1.1071288 0.9508031 1.2889790 0.9828273 1.4089167 1.3980227 1.3992071 1.3098444 1.2430682 1.2430682 1.3801731 2.4972699 2.0712773 2.0431005 1.2235373 3.9053017 1.6569567 1.5336411 1.5494662 1.4389652 1.8856898 1.9710680 1.8973963 1.4648274 2.4724860 
Acagra_model.g16214.t1_model.g16216.t1.2.5d400cf0     1.1584797 1.1584797 1.0859886 1.0801318 0.8054276 1.1547943 1.2278129 0.8338598 0.9279127 0.9491424 1.0894663 0.5727945 0.7561002 0.5624347 1.0892791 0.0182418 0.0191645 0.0000000 1.0609942 0.8941833 0.9162236 0.9594690 1.0557699 1.0254802 0.9657115 1.0035643 1.0345948 0.9526846 1.0495604 1.0074210 0.9924920 0.9924920 0.9912220 0.8316485 1.1204146 1.1177334 1.1669334 1.0977645 1.3283983 0.9647543 1.0837505 1.0640096 1.5698496 1.4496543 1.1847099 1.2790076 1.0350028 0.8835385 0.9715054 1.2431415 0.8516642 1.2279771 1.0520766 1.2900561 1.1254705 1.5258102 1.1526835 1.0783492 1.7462087 1.1128768 1.1054913 1.2287325 1.1826009 1.1594248 1.1504588 1.3070955 1.0432296 0.9234170 1.1401160 0.8549864 1.3224451 1.3060327 1.2982083 1.2221601 1.1691182 1.1691182 1.2889560 2.4457263 2.0712773 1.8748910 1.1518508 4.0890918 1.5080183 1.4188954 1.4445529 1.3109651 1.5821417 2.4464851 2.1668533 1.3131987 2.3506604 
Morvir_scaffold17.g49.t1                              0.9784386 0.9784386 0.8699999 1.1462770 0.8753988 1.0135765 1.3638971 1.1104835 1.0647495 0.8890073 0.8790133 0.5838933 1.0295863 0.8013749 1.2218121 1.0142936 1.1118415 1.0609942 0.0000000 0.9726658 0.9448812 0.9331835 1.0317519 1.0255131 0.8828206 0.9725664 0.9670431 1.0779645 0.9755725 0.8980007 0.9801671 0.9801671 1.0169476 1.1392255 0.7789262 0.7434789 0.9024827 1.2054552 1.4012776 0.9532146 1.1350624 1.1979118 1.8365171 1.3659280 1.1638050 1.2306539 1.1145124 0.8685594 0.8656913 1.1937750 0.8767484 1.0556230 1.0521887 1.4391627 1.1855567 1.7029995 1.1936299 1.0480056 1.7240938 1.1885735 1.5225834 1.1909753 1.1817463 1.1613067 1.0762483 1.1285385 1.2396935 0.9558968 1.2134424 1.0209570 1.4083333 1.3017002 1.3630491 1.2286739 1.1455442 1.1455442 1.3153552 2.5794961 1.9919746 1.8617609 0.9807848 3.7054984 1.7633961 1.2622289 1.3264970 1.1881436 1.6398661 2.0256279 1.9204909 1.6162885 2.3939361 
Tcas_TC003940_001                                     1.0283031 1.0283031 0.9981279 1.1382157 0.9289443 1.0156745 1.1191045 0.8492640 0.9322413 0.8705234 0.7825611 0.6265179 0.9574817 0.7831584 0.8678197 0.8415300 0.9320688 0.8941833 0.9726658 0.0000000 0.8766002 0.9176352 0.9132272 0.9154750 0.8465496 0.8920368 0.8325143 0.9055977 0.9339388 0.8515238 0.9388366 0.9388366 0.8248150 0.9422217 0.8824689 0.8429594 1.0252685 1.0878035 1.3508795 0.8718393 1.0649192 1.0628030 1.5064317 1.2072460 1.2314368 1.2882745 1.1529300 0.9425091 1.0069413 1.0984280 0.8589080 1.1281341 1.3388375 1.5233402 1.2439485 2.2456543 1.1696078 1.0158363 1.6496636 1.2408040 1.3289436 1.1152075 1.2241562 1.2331342 1.0799562 1.3532869 1.0897263 1.1046471 1.2339358 0.9080041 1.1906773 1.0854311 1.1726501 1.0982825 1.2537287 1.2537287 1.1693080 2.3125098 1.9866549 1.5740914 1.0107957 2.8059570 1.4023675 1.2005050 1.3116063 1.1268099 1.6730773 1.9279619 1.9540789 1.6835424 2.4721931 
Spis_XP_022784917_1                                   0.8803987 0.8803987 0.7963935 0.7909577 0.7136964 0.8992770 1.1545029 0.8534455 0.8359837 0.5520024 0.5634553 0.5814203 0.8748445 0.6834770 0.9493048 0.8752570 0.9716802 0.9162236 0.9448812 0.8766002 0.0000000 0.1088328 0.4254760 0.4129633 0.3263223 0.2588905 0.2741549 0.8989425 0.7321056 0.6901574 0.8687057 0.8687057 0.9168261 0.8409223 0.7461870 0.7627334 0.9315894 0.8282852 0.9123968 0.7083241 0.7924234 0.8307559 1.2000318 1.1008445 1.1504514 1.4045752 1.0335059 0.8482073 0.8806134 1.0316625 0.7443541 0.9855966 1.2078706 1.2804854 1.0275150 2.0202582 1.0515486 1.0004372 1.5349744 1.0563298 1.2638744 1.0081629 1.0887937 1.0234947 1.0250447 1.2813638 0.9883083 0.8840045 1.1354329 0.8378515 1.4083991 1.1892728 1.3080559 1.1223113 1.1328505 1.1328505 1.0896966 2.0245986 1.8964802 1.8953703 0.7471221 2.3849021 1.4401213 1.3371701 1.3500808 1.2126665 1.5573099 2.2968862 2.1802070 1.3022428 2.0489502 
Pocdam_XM_027181691.1                                 0.8924719 0.8924719 0.7874363 0.8024802 0.7180903 0.9170353 1.1247384 0.8541002 0.8444365 0.6181492 0.6013987 0.6052002 0.8787262 0.6960810 0.9433009 0.9168498 1.0202110 0.9594690 0.9331835 0.9176352 0.1088328 0.0000000 0.4105056 0.3982016 0.3053759 0.2581488 0.2764859 0.9373188 0.7966197 0.7446542 0.8658027 0.8658027 0.9926767 0.8680817 0.7409318 0.7445324 0.9722922 0.8681780 0.9384670 0.7341445 0.8465605 0.8842301 1.2706741 1.1638770 1.1589872 1.4608191 1.0596898 0.8932190 0.8670355 1.0473882 0.7711388 0.9662078 1.2489730 1.3005692 1.0455301 2.0957562 1.0490313 1.0096189 1.5413898 1.0756723 1.3337180 1.0277974 1.0862624 1.0502670 0.9821538 1.2963932 0.9840131 0.8840490 1.1410634 0.8894191 1.3567861 1.1778449 1.3121087 1.0913238 1.1309066 1.1309066 1.0622455 1.9239248 1.8063675 1.8529252 0.7720104 2.3261980 1.5225659 1.3379657 1.2963408 1.1933326 1.5345455 2.2945194 2.0910499 1.4526570 2.1492148 
Amil_Amillepora08866-RA                               0.9139384 0.9139384 0.8463283 0.9981183 0.7626284 1.0463287 1.1883394 0.9548628 0.9211556 0.6562853 0.6547492 0.6014553 0.8824144 0.6990529 1.0092249 1.0142080 1.1314790 1.0557699 1.0317519 0.9132272 0.4254760 0.4105056 0.0000000 0.0319059 0.2746456 0.3307536 0.4092081 0.9760837 0.9516452 0.8095183 1.0883742 1.0883742 1.0484189 0.9907040 0.8515993 0.8546594 1.0501601 0.8480876 0.9740770 0.6916492 0.8207507 0.9187543 1.4019597 1.1533701 1.0865888 1.3196077 1.0581903 0.8719621 0.8378668 0.9664712 0.6709653 0.9669350 1.0379978 1.3087750 1.0605250 1.6706813 1.1518192 1.1009428 1.7056042 1.1663550 1.2771029 1.0614844 1.0780892 1.1176049 0.8818815 0.9690835 1.1515334 0.8457047 1.0362172 0.6626043 1.4885501 1.2637699 1.2714757 1.2271512 1.2661178 1.2661178 1.1895192 2.4421500 2.0657169 1.9170978 0.9404087 2.4566634 1.4980353 1.2356061 1.4634087 1.2659133 1.5645684 2.2285891 2.2805140 1.4881968 2.0386236 
Adig_XM_015921518.1                                   0.8872382 0.8872382 0.8164581 0.9962529 0.7748585 1.0443535 1.1510177 0.9154883 0.8608664 0.6492749 0.6526090 0.5910261 0.8834218 0.7077616 1.0364110 0.9850783 1.0969350 1.0254802 1.0255131 0.9154750 0.4129633 0.3982016 0.0319059 0.0000000 0.2545038 0.3119947 0.3997938 0.9272010 0.9289454 0.7599243 1.0334974 1.0334974 1.0198061 0.9832716 0.8234922 0.8152042 1.0144926 0.8401232 0.9970333 0.6905339 0.8019179 0.8876666 1.3532395 1.1171949 1.0984638 1.3290968 1.0507810 0.8719621 0.8541941 0.9101908 0.6924246 1.0027925 1.0264170 1.3247232 1.0736496 1.6544365 1.1532299 1.1047795 1.6770910 1.1172199 1.3527024 1.0343717 1.0668192 1.1228719 0.8858854 0.9659479 1.1154876 0.8441244 1.0362172 0.6626043 1.4643766 1.2649621 1.2230773 1.2523110 1.2631428 1.2631428 1.2035339 2.4758841 2.0729297 1.9359925 0.9067690 2.4566634 1.4245712 1.2494256 1.4285064 1.2850685 1.5645684 2.2813819 2.2011837 1.4881968 2.0487628 
Gfas_gfas1.m1.14408.m1                                0.8147196 0.8147196 0.7241817 0.8010938 0.7234977 0.8946835 1.1258160 0.8454108 0.8103088 0.5785596 0.5963105 0.5750191 0.7829185 0.6123842 0.9235838 0.9228176 1.0272824 0.9657115 0.8828206 0.8465496 0.3263223 0.3053759 0.2746456 0.2545038 0.0000000 0.2265678 0.2730136 0.8147786 0.7774821 0.7050472 0.8542945 0.8542945 0.9318540 0.8757498 0.7335914 0.7367558 0.9055860 0.8677488 1.0107765 0.6872050 0.8381298 0.8957868 1.3819304 1.0867068 1.0981870 1.3536366 1.0092556 0.7856705 0.8438575 0.9373135 0.6327368 0.9666135 0.9633663 1.2460872 1.0042074 1.5923820 1.0323451 0.9982620 1.5477558 1.0835474 1.2128565 0.9834978 1.0469621 1.0903543 0.9796094 1.0560529 1.1131018 0.8401025 1.0449802 0.6521793 1.2605002 1.1932090 1.2988700 1.1360553 1.1211047 1.1211047 1.1893335 2.4562358 1.8957660 1.8034778 0.8018425 1.9807610 1.4230670 1.1532745 1.3474116 1.1825148 1.4674529 2.1205103 2.1208095 1.4805827 2.0134185 
Gasp_gasp1.m3.13221.m1                                0.9187555 0.9187555 0.8319153 0.9114956 0.8330033 0.9798621 1.2547048 0.9171634 0.8759261 0.6439690 0.6421259 0.6365963 0.8396529 0.6911287 0.9307426 0.9573662 1.0730652 1.0035643 0.9725664 0.8920368 0.2588905 0.2581488 0.3307536 0.3119947 0.2265678 0.0000000 0.2213708 0.9137542 0.8296053 0.7908287 0.9402636 0.9402636 0.9723166 0.9417662 0.8255006 0.8435793 0.9431399 0.8339602 1.0193941 0.7658725 0.8200391 0.8659719 1.3908331 1.1087750 1.1374544 1.4191436 1.0882687 0.8954621 0.9313855 0.9942899 0.7671740 1.0285032 1.0399331 1.4018065 1.1085534 1.7195532 1.0823522 1.0753253 1.6142232 1.1536356 1.1461019 1.0258221 1.1521865 1.0894012 1.0136712 1.2549730 1.1202072 0.9446323 0.9979225 0.6730628 1.5441710 1.3027462 1.4160452 1.2185457 1.2826174 1.2826174 1.2188664 1.9103368 1.6410063 2.1517648 0.8578369 2.2600405 1.4709049 1.3840178 1.4255427 1.3412483 1.8683434 2.1851910 2.0236250 1.6801316 2.0460295 
Fspp_ffun1.m4.13418.m1                                0.8896769 0.8896769 0.7943690 0.8381276 0.8373484 0.9961097 1.2419947 0.9034695 0.8726530 0.6153012 0.6460514 0.6093441 0.8619760 0.6463755 1.0225792 0.9863419 1.1096864 1.0345948 0.9670431 0.8325143 0.2741549 0.2764859 0.4092081 0.3997938 0.2730136 0.2213708 0.0000000 0.8237969 0.8124234 0.7273800 0.9493538 0.9493538 0.9060709 0.8912198 0.7948145 0.7590014 0.9913623 0.8437204 1.0454027 0.7740858 0.8416048 0.8860468 1.4525195 1.1847902 1.1687576 1.4150095 1.0856954 0.8378768 0.8860671 1.0516786 0.7077162 1.0241518 1.0628340 1.3306403 1.0463150 1.7635688 1.0879022 1.0652484 1.6486339 1.2512911 1.4531988 1.0624116 1.1356198 1.0563201 0.9645105 0.9356163 1.0477547 0.9067000 1.1493809 0.6767773 1.3752576 1.2313182 1.2710413 1.1032948 1.0717366 1.0717366 1.1485478 2.4927474 1.9886391 1.8942610 0.8561809 2.6284249 1.4316706 1.2462530 1.5108362 1.3684133 1.3851638 2.6602396 2.4140988 1.4498201 2.1133258 
Skow_XM_002731073.2                                   1.1133323 1.1133323 0.9800608 0.9796942 0.8811295 1.1736637 1.0556993 0.8079207 0.7977123 0.9699476 0.7610955 0.5943232 0.8264678 0.6575664 0.9052595 0.9218138 1.0040483 0.9526846 1.0779645 0.9055977 0.8989425 0.9373188 0.9760837 0.9272010 0.8147786 0.9137542 0.8237969 0.0000000 0.9885597 1.0041170 0.7954826 0.7954826 0.9954429 0.9759651 0.9054832 0.8618399 1.1973835 1.0836981 1.2673172 1.0595981 1.0871957 1.0590541 1.4767517 1.3787238 1.2227629 1.3076436 1.2422611 1.0152873 0.9552613 1.1805464 0.7786886 1.2109873 1.3586778 1.4008496 1.2055822 2.0013728 1.2512106 1.0477115 1.7917770 1.1822496 1.1999872 1.1737140 1.1637625 1.2211475 0.9649200 1.2626474 1.0845277 1.0217364 1.2355129 0.9685385 1.5044316 1.4816573 1.5479406 1.4678045 1.3348903 1.3348903 1.4098364 2.8422964 2.4067344 1.9339023 0.9727103 3.1280045 1.5406603 1.3852394 1.4203476 1.2704043 1.8255263 1.9739548 1.9082804 1.7336071 2.2582982 
Dgig_XM_028554115.1                                   0.8358885 0.8358885 0.7683758 0.9872840 0.8580102 1.0321988 1.3029468 1.0422965 1.0362763 0.7196886 0.7971492 0.6796607 0.9940458 0.8358017 1.0051963 1.0052835 1.1037658 1.0495604 0.9755725 0.9339388 0.7321056 0.7966197 0.9516452 0.9289454 0.7774821 0.8296053 0.8124234 0.9885597 0.0000000 0.3752757 1.0051676 1.0051676 0.9946791 1.1523970 0.8742266 0.8423898 0.9154093 1.1167373 1.3136176 0.9310343 1.0836180 1.0994724 1.5824314 1.2323657 1.1651149 1.3598619 1.0983360 1.0361778 0.9280196 1.1875218 0.7782396 0.9788117 1.1827739 1.4677667 1.2036717 1.8568934 1.2085370 1.1289728 1.8566463 1.3528366 1.1563600 1.1513870 1.3085347 1.0608234 1.0729154 1.2541476 1.3757920 0.9801384 1.3963674 1.1613383 1.2375449 1.0378141 1.1151892 1.0531705 1.0376812 1.0376812 1.0205897 1.7972821 1.7805502 1.8299594 0.7950422 2.5768998 1.8183072 1.2677418 1.3635987 1.1844498 1.6377588 2.0156482 2.0879307 1.3549977 2.0103608 
Xesp_005260-T1                                        0.8300884 0.8300884 0.7009871 0.9673695 0.8110379 0.8667560 1.1316788 0.9646247 0.9698604 0.6857450 0.7398522 0.6609627 0.8845657 0.7378259 0.9482087 0.9678864 1.0821823 1.0074210 0.8980007 0.8515238 0.6901574 0.7446542 0.8095183 0.7599243 0.7050472 0.7908287 0.7273800 1.0041170 0.3752757 0.0000000 0.9661260 0.9661260 0.7510947 1.1043893 0.8152397 0.7659994 0.9802302 0.9374485 1.1240316 0.7803349 0.9207623 0.9533602 1.5169903 0.9518310 1.0009383 1.2437313 0.9031996 0.8462799 0.8541763 1.0526010 0.7957217 1.0391373 1.1339829 1.3599936 1.0782267 1.9182877 1.1379763 1.0616448 1.5737610 1.1090211 1.0123165 1.0265746 1.2111051 1.0848030 1.0342721 1.2349558 1.1923819 0.8836168 1.3018633 1.0373044 1.1467677 1.0610575 0.9745336 0.9318550 1.0480956 1.0480956 1.0063947 1.9272221 1.5322390 1.4586127 0.6931656 3.2724878 1.4530886 1.0359322 1.1475996 1.1379870 1.5779938 2.0404598 1.8735958 1.3842851 1.9555604 
Spur_XM_030998383.1                                   1.0963698 1.0963698 0.9981955 1.0560143 0.8043723 1.1515426 1.1818458 0.8987300 0.7877470 0.8895370 0.8942373 0.5825765 0.8151792 0.6930890 0.9836781 0.9454694 1.0317671 0.9924920 0.9801671 0.9388366 0.8687057 0.8658027 1.0883742 1.0334974 0.8542945 0.9402636 0.9493538 0.7954826 1.0051676 0.9661260 0.0000000 0.0000010 1.0021680 0.9430323 0.8786827 0.8011989 1.3082741 1.1771118 1.4499499 0.9993356 1.0926159 1.1695042 1.7178611 1.2354684 1.0612716 1.2806487 1.1504955 0.8868525 0.8652627 1.1073838 0.7795115 1.1577886 1.2132821 1.4696820 1.2101074 2.0108864 1.0911322 0.9874754 1.5692923 1.2289210 1.2867814 1.1608870 1.0275100 1.0364923 1.0025704 1.2530722 1.1035258 0.8940649 0.9877030 0.8080509 1.6344093 1.4260574 1.3874682 1.3819347 1.3762178 1.3762178 1.4104070 2.6581764 2.2962612 2.0637489 0.8158803 3.0146337 1.5254744 1.3250764 1.3962088 1.2730282 1.9018783 1.9452172 1.8582409 1.7694708 2.2714155 
Spur_XM_781640.5                                      1.0963698 1.0963698 0.9981955 1.0560143 0.8043723 1.1515426 1.1818458 0.8987300 0.7877470 0.8895370 0.8942373 0.5825765 0.8151792 0.6930890 0.9836781 0.9454694 1.0317671 0.9924920 0.9801671 0.9388366 0.8687057 0.8658027 1.0883742 1.0334974 0.8542945 0.9402636 0.9493538 0.7954826 1.0051676 0.9661260 0.0000010 0.0000000 1.0021680 0.9430323 0.8786827 0.8011989 1.3082741 1.1771118 1.4499499 0.9993356 1.0926159 1.1695042 1.7178611 1.2354684 1.0612716 1.2806487 1.1504955 0.8868525 0.8652627 1.1073838 0.7795115 1.1577886 1.2132821 1.4696820 1.2101074 2.0108864 1.0911322 0.9874754 1.5692923 1.2289210 1.2867814 1.1608870 1.0275100 1.0364923 1.0025704 1.2530722 1.1035258 0.8940649 0.9877030 0.8080509 1.6344093 1.4260574 1.3874682 1.3819347 1.3762178 1.3762178 1.4104070 2.6581764 2.2962612 2.0637489 0.8158803 3.0146337 1.5254744 1.3250764 1.3962088 1.2730282 1.9018783 1.9452172 1.8582409 1.7694708 2.2714155 
Dpul_mRNA9561                                         1.0498394 1.0498394 0.9637251 0.8898181 0.8748542 1.0702428 1.0214447 0.8649961 1.0065827 0.8492995 0.9716273 0.6205077 0.9289160 0.7628615 0.9479179 0.9466504 1.0459327 0.9912220 1.0169476 0.8248150 0.9168261 0.9926767 1.0484189 1.0198061 0.9318540 0.9723166 0.9060709 0.9954429 0.9946791 0.7510947 1.0021680 1.0021680 0.0000000 0.9922641 0.8945330 0.8975054 0.9750522 1.1228672 1.3472334 1.0226032 1.0674755 1.0545608 1.3882726 1.2177618 1.3134811 1.3642733 1.1827819 0.8817210 1.0721261 1.2841943 0.9354556 1.2514196 1.0254998 1.4386924 1.2160485 1.6016121 1.1660657 1.0977647 1.8199746 1.1192727 1.4568985 0.9883414 1.0743259 1.0531906 1.0771407 1.4300950 1.0468957 0.9616442 1.1011703 0.8650428 1.2476369 1.0868668 1.1129023 1.1046023 1.0920685 1.0920685 1.0994553 2.1690972 1.8543011 1.6803317 1.0026158 3.4109970 1.4679764 1.1622504 1.4862398 1.3557085 1.6570745 2.5426436 2.2536321 1.0234947 2.1929494 
Cgig_XM_011428704.2                                   1.1238949 1.1238949 0.9996255 1.0032804 0.9075769 1.1797743 1.2877183 0.9633705 0.8050233 0.9550681 0.9204773 0.5655118 0.7321013 0.5050981 1.1993960 0.8073083 0.8811291 0.8316485 1.1392255 0.9422217 0.8409223 0.8680817 0.9907040 0.9832716 0.8757498 0.9417662 0.8912198 0.9759651 1.1523970 1.1043893 0.9430323 0.9430323 0.9922641 0.0000000 0.9435325 0.8994195 1.2700212 1.2497857 1.5438050 1.1166401 1.2904555 1.1658914 1.8190836 1.3939690 1.1503157 1.2968352 1.1078801 0.7716259 1.0266315 1.1474187 0.7100345 1.1425573 0.9884214 1.2636809 1.0727477 1.5387345 1.2924709 1.1251500 1.9055675 1.0897487 1.4843286 1.2790916 1.0892131 1.2329596 1.1468340 1.2289512 1.0944556 0.9124582 0.9645490 0.6536989 1.4511598 1.2623765 1.2769027 1.2246942 1.3278065 1.3278065 1.3671759 2.6032281 1.9639933 1.8840860 1.0389476 3.0854452 1.4639093 1.3969956 1.4657518 1.2873362 1.5825588 2.1481443 2.0850908 1.6852774 2.1324885 
Nemnom_g14898.t1                                      0.9200690 0.9200690 0.8440660 1.0860869 0.8493696 0.9481585 1.1002825 0.8708726 0.9119470 0.8257988 0.7508153 0.6791215 0.9775754 0.8645746 1.0810734 1.0726475 1.1972076 1.1204146 0.7789262 0.8824689 0.7461870 0.7409318 0.8515993 0.8234922 0.7335914 0.8255006 0.7948145 0.9054832 0.8742266 0.8152397 0.8786827 0.8786827 0.8945330 0.9435325 0.0000000 0.2240528 0.6996274 0.9568363 1.1884362 0.7623955 0.8680319 0.9331866 1.2692468 1.0435908 1.0228127 1.1953490 1.1215634 0.8495054 0.9404096 1.0931389 0.8240335 1.0928492 1.0429721 1.3928343 1.1275465 1.7095139 1.0303552 0.9740716 1.5566884 1.1111249 1.5733726 1.0960040 1.0812366 1.0410192 0.9041802 1.0514770 1.1744372 0.8738963 1.2117820 0.9531263 1.0761579 1.1329961 1.1763115 1.2400601 1.2782824 1.2782824 1.0793373 2.1068668 1.7669880 1.5918026 0.8399439 2.6196731 1.3750779 1.1866072 1.2431701 1.2226154 1.6752082 2.2194001 1.8994031 1.7019761 2.2436993 
Rhoesc_Res_010671-T1                                  0.8538339 0.8538339 0.7656160 0.9901907 0.6693033 0.8739384 1.0442480 0.8697735 0.8232351 0.8169888 0.7189448 0.5053571 0.9304441 0.8127331 1.0417583 1.0613914 1.2042812 1.1177334 0.7434789 0.8429594 0.7627334 0.7445324 0.8546594 0.8152042 0.7367558 0.8435793 0.7590014 0.8618399 0.8423898 0.7659994 0.8011989 0.8011989 0.8975054 0.8994195 0.2240528 0.0000000 0.7251791 0.8000187 1.0243591 0.6126992 0.7762926 0.8311254 1.2692714 0.9791633 0.9014981 1.0581774 0.9013115 0.6552027 0.7930939 0.8988458 0.8766085 1.0505988 1.1037495 1.3238216 1.0405189 1.7301856 1.0281444 0.8716818 1.6806070 1.0302879 1.4242758 1.0072349 0.9821592 0.9201951 0.7260064 0.6482509 1.0260306 0.8170317 0.9407764 0.8123951 1.0749709 1.0893211 1.0611735 1.1592964 1.2102145 1.2102145 1.1258649 2.7544609 1.9274801 1.6931476 0.8442747 2.1612900 1.3252482 1.1815458 1.2683419 1.2270422 1.3118423 2.6316431 2.0858587 1.5038197 1.8957704 
Sanmal_Sma_025200-T1                                  1.1554966 1.1554966 1.0329720 1.2456736 0.9643269 1.1850435 1.4858367 1.2186281 1.1585177 1.0223301 1.0056333 0.8052083 1.2320771 1.0511496 1.3078504 1.1809638 1.1591504 1.1669334 0.9024827 1.0252685 0.9315894 0.9722922 1.0501601 1.0144926 0.9055860 0.9431399 0.9913623 1.1973835 0.9154093 0.9802302 1.3082741 1.3082741 0.9750522 1.2700212 0.6996274 0.7251791 0.0000000 1.1537875 1.2286613 0.8764021 1.0438590 1.1192911 1.4611912 1.2769343 1.2861978 1.5632843 1.3019190 1.1863897 1.0079081 1.4609849 1.0680085 1.1441464 1.4714723 1.2337569 1.1146471 1.8859377 1.4336722 1.2395697 1.7092642 1.6028216 1.2184247 1.3588797 1.4532132 1.2009458 1.2772189 1.5530897 1.4286845 0.8690952 1.3500305 1.4327217 1.5444485 1.4005055 1.5147764 1.3014274 1.4322657 1.4322657 1.5926796 2.4433734 2.0033717 2.0604261 1.0875290 3.1212580 1.7524337 1.4073297 1.5864455 1.5831009 2.2855936 2.4267230 2.1216213 1.8466200 2.1190798 
HoiH23_PlH23_002124-RA                                1.1042306 1.1042306 0.9312052 1.0610263 0.8090961 1.2134567 1.3790544 1.1392773 1.2284822 0.8552583 0.8444345 0.6730300 1.2407655 1.0132728 1.3657278 1.1088062 1.2282110 1.0977645 1.2054552 1.0878035 0.8282852 0.8681780 0.8480876 0.8401232 0.8677488 0.8339602 0.8437204 1.0836981 1.1167373 0.9374485 1.1771118 1.1771118 1.1228672 1.2497857 0.9568363 0.8000187 1.1537875 0.0000000 0.1104664 0.1451879 0.2294882 0.3009328 0.5084420 1.3098907 1.1744627 1.2979446 1.1363703 0.9233214 1.0266340 1.0466850 0.8940717 1.0726229 1.3943163 1.2630493 1.1100801 1.9245287 1.4699696 1.2889594 1.9841680 1.4603775 1.4729720 1.4551847 1.4369207 1.2539615 0.9361722 1.0001307 1.4431936 1.0269430 1.1568677 0.7884735 1.2898950 1.1710935 1.1919954 1.1180220 1.3403889 1.3403889 1.2457665 2.4296523 2.0202865 1.8092480 1.0876670 3.4128594 1.5008676 1.3395728 1.3428017 1.0533137 1.5118802 1.7452176 1.9890485 1.5982467 2.5550742 
HoiH06_mRNA13072                                      1.3619296 1.3619296 1.1460605 1.1133416 0.8587065 1.3631355 1.5368204 1.3052625 1.4866189 0.8868076 0.9327829 0.7475501 1.5499172 1.2957890 1.6310883 1.3283983 1.3283983 1.3283983 1.4012776 1.3508795 0.9123968 0.9384670 0.9740770 0.9970333 1.0107765 1.0193941 1.0454027 1.2673172 1.3136176 1.1240316 1.4499499 1.4499499 1.3472334 1.5438050 1.1884362 1.0243591 1.2286613 0.1104664 0.0000000 0.1863967 0.2453693 0.3743094 0.4769934 1.4246461 1.5490881 1.6238693 1.4767835 1.4613263 1.1779668 1.3839842 1.3431611 1.3050150 2.9395315 1.3610166 1.3610166 2.9395315 1.8368523 1.5832661 1.9521655 1.8052693 1.4587980 1.7328389 1.7042697 1.4360312 1.1809386 1.6704386 1.7662100 1.1525172 1.6009623 1.2384100 1.3756040 1.3128572 1.3161480 1.1927789 1.4567656 1.4567656 1.3302746 2.2638884 1.9671727 2.0717144 1.2254520 3.3805407 1.8043579 1.6625178 1.4781887 1.0991652 1.8858094 1.0311790 1.6011410 1.9491993 2.8268080 
HoiH04_mRNA9354                                       1.0644398 1.0644398 0.9484204 1.0314121 0.7629918 1.1817607 1.1347527 1.0113581 1.1732729 0.6816487 0.6894193 0.6565511 1.1105857 0.9897884 1.0884021 0.9989851 1.1298975 0.9647543 0.9532146 0.8718393 0.7083241 0.7341445 0.6916492 0.6905339 0.6872050 0.7658725 0.7740858 1.0595981 0.9310343 0.7803349 0.9993356 0.9993356 1.0226032 1.1166401 0.7623955 0.6126992 0.8764021 0.1451879 0.1863967 0.0000000 0.2246293 0.2530294 0.4225266 1.1325377 1.0894136 1.2943751 1.1185365 0.9666090 0.9385074 1.0957605 0.9455540 1.1248214 1.3566354 1.3639786 1.1935273 1.9108555 1.5235649 1.3505036 1.9097894 1.2881513 1.4887812 1.1261916 1.1322214 0.9565135 0.9512687 1.0936426 1.2293916 1.0319738 1.2689408 0.9662884 1.1115503 1.0550930 1.1264138 0.9783817 1.2117523 1.2117523 1.1528019 2.2225075 1.9719743 1.4609527 0.8739405 3.6860595 1.1006161 1.3345823 1.2597811 1.0656879 1.5083872 1.8493992 1.9941951 1.4461710 2.2672000 
HoiH11_mRNA2995                                       1.0457667 1.0457667 0.9311941 1.0471716 0.7048371 1.1948288 1.3622799 1.1399370 1.1838655 0.7991714 0.7797083 0.5721485 1.1609807 0.9236355 1.2993004 1.0927246 1.2097328 1.0837505 1.1350624 1.0649192 0.7924234 0.8465605 0.8207507 0.8019179 0.8381298 0.8200391 0.8416048 1.0871957 1.0836180 0.9207623 1.0926159 1.0926159 1.0674755 1.2904555 0.8680319 0.7762926 1.0438590 0.2294882 0.2453693 0.2246293 0.0000000 0.2991287 0.5123376 1.3007252 1.1519917 1.2507090 1.1345220 0.8735172 0.9299308 1.0070682 0.9195568 1.0930045 1.3933596 1.3427096 1.1703665 1.9749682 1.4749368 1.2424779 1.9521664 1.3877080 1.6276086 1.3563744 1.2859432 1.0607607 0.9303282 1.0619165 1.3326356 1.0260860 1.0895676 0.8587585 1.3168179 1.2234573 1.2312227 1.1644160 1.2929708 1.2929708 1.2664332 2.5529047 2.0241410 1.8110813 1.0403743 2.9600284 1.3934816 1.2770040 1.2790088 1.0476261 1.4837241 1.8691012 1.9659752 1.3887458 2.3771656 
