55
Hsap_ENST00000276569                                   0.0000000 1.4613385 1.3731198 0.9689319 1.8811994 2.0378846 1.4517240 1.3729325 1.3765339 1.3251851 1.3309117 1.1862793 1.2162456 1.2025987 1.3875094 1.5134668 1.6366839 1.7479742 1.5838394 1.5055777 1.3910596 1.2864234 1.3775292 1.4860515 1.4238469 1.3402366 1.5406742 1.4633434 1.3279257 1.2175996 1.2870515 1.2870515 1.3955632 1.3995752 1.4057729 1.4118952 1.3657782 1.5249626 1.5611378 1.6329332 1.5432229 1.9110585 1.5466268 1.4334822 1.4038959 2.2053980 2.0240905 1.9727785 2.0322395 2.1817855 1.9098734 2.4208709 2.1434328 2.2930767 2.2727232 
Bralan_BLAG01002694_2                                  1.4613385 0.0000000 1.4713264 0.9362997 1.5809110 1.9146058 1.6728932 1.6393931 1.7153045 1.6430604 1.5823399 1.6249655 1.6204615 1.6683556 1.6028159 1.5351819 1.9205016 1.9676011 1.5978822 1.5627678 1.7325554 1.6235203 1.5670484 1.7260718 1.6502783 1.5912703 1.7336384 1.6618878 1.1710388 1.4395887 1.5998167 1.5998167 1.7698434 1.8070742 1.7677400 1.7520569 1.7596009 2.0547330 2.2045028 1.9960168 1.8979147 2.3729707 2.0043730 1.8024987 1.5853843 2.3281143 2.1171554 2.2130181 2.3542283 2.2518402 2.1440710 2.2991356 2.0949086 2.3853937 2.3597107 
Spur_XM_030983403.1                                    1.3731198 1.4713264 0.0000000 0.6787309 1.5478427 1.7752789 1.2902171 1.1673031 1.2057296 1.2213093 1.1988905 1.1007796 1.1885624 1.1831862 1.2034286 1.4306226 1.6238000 1.5886836 1.5684321 1.6265274 1.6540095 1.5691645 1.5073085 1.5200319 1.3666801 1.3248081 1.5354508 1.4488386 1.4716333 1.0369826 1.2270042 1.2270042 1.2881423 1.3021821 1.2568634 1.2672031 1.2861580 1.4681359 1.5751133 1.5764437 1.4796026 1.9652478 1.4675089 1.3983641 1.3235764 2.0519226 1.7235132 1.7360842 1.7367209 2.0912617 1.7485384 2.1380931 2.2237292 2.5950555 1.9999987 
Skow_XM_002733453.2                                    0.9689319 0.9362997 0.6787309 0.0000000 1.1041901 1.0088880 1.2088032 1.1715566 1.1631085 1.1721243 1.1501734 0.8230272 1.1766165 1.1778780 1.1239160 1.4354084 1.8633221 1.4485994 1.4495924 1.1984025 1.3200495 1.1929510 1.2257756 1.2778603 1.3049603 1.2406683 1.5135730 1.5199149 1.2087354 0.6839974 1.2957912 1.2957912 1.4209851 1.4589983 1.4291189 1.4362325 1.4688338 1.2549418 1.4534622 1.4291703 1.3196934 1.4549191 1.5629247 1.3685314 1.2601956 1.3338736 1.9327789 2.1118554 2.0983693 2.2827284 1.9957131 1.9912629 1.7212842 1.6402529 2.1381761 
Acagra_model.g27625.t1                                 1.8811994 1.5809110 1.5478427 1.1041901 0.0000000 0.8993129 1.7886083 1.8590437 1.9522061 1.7981628 1.8342489 1.8617802 1.9079899 1.8169612 1.9757531 1.9742209 2.0486842 2.1098777 1.9948065 1.7109182 1.9849373 1.8507701 1.7992418 1.8555408 2.0186354 1.8933651 2.0958264 2.0029443 1.5964368 1.7547405 1.7584635 1.7584635 2.0209219 2.0513090 2.0271777 2.0387547 1.9653200 2.1201000 2.2274305 2.2026666 2.0991344 2.4658437 2.5107361 2.3341812 1.9926159 2.4189754 2.1824813 2.1124539 2.3972636 2.3777849 2.3806988 2.5579768 1.5068384 2.1865497 2.2273503 
Cgig_XM_011413966.3                                    2.0378846 1.9146058 1.7752789 1.0088880 0.8993129 0.0000000 1.8293215 2.0577456 2.1413987 1.8955455 2.0532852 2.1538227 2.0776557 2.0333384 2.0619101 2.0856133 2.2951130 2.4225710 2.2308629 1.7268736 2.1179838 1.8851384 1.9367331 2.0241710 2.2415159 2.2114324 2.3473316 2.2933103 1.5774785 2.1588337 1.7693253 1.7693253 1.9296206 1.9583276 1.9890721 2.0005057 1.9540069 2.3435550 2.2816790 2.3048602 2.3372965 2.7931970 2.2963495 2.1676730 2.0367765 2.5737111 2.4439410 2.7283830 2.6730877 2.7376915 2.6648566 2.9152704 1.7138882 2.3357773 2.3054391 
Exapal_XM_021040422.2                                  1.4517240 1.6728932 1.2902171 1.2088032 1.7886083 1.8293215 0.0000000 0.8020101 0.8195339 0.7440564 0.7921687 0.7836325 0.7618865 0.7657287 0.6993932 1.2367207 1.2493572 1.3383096 1.1998418 1.1952923 1.1088821 1.0608079 1.0905407 1.0486133 1.3097354 1.3596214 1.5610453 1.5330847 1.5550039 1.2236230 1.1502920 1.1502920 1.2427430 1.2511361 1.2575663 1.2497324 1.2656900 1.3881933 1.3216043 1.4912464 1.3619442 1.8488167 1.5867560 1.4317981 1.1621476 2.2017442 1.5249909 1.6766080 1.6849905 1.9711645 1.5632703 1.9339557 2.3224012 2.4475204 2.1802534 
Adig_XM_015898882.1                                    1.3729325 1.6393931 1.1673031 1.1715566 1.8590437 2.0577456 0.8020101 0.0000000 0.0204480 0.2256803 0.2444184 0.2215649 0.2705146 0.2451078 0.8218079 0.9189113 1.0927895 1.4856821 1.3747290 1.1739067 1.1873453 1.1600288 1.1806812 1.1649707 1.2290696 1.2179495 1.4901811 1.5048822 1.2673451 1.1083479 1.1148594 1.1148594 1.1953007 1.2226918 1.1922686 1.1803464 1.2168577 1.3387650 1.2979457 1.3840962 1.3294629 1.5368797 1.5266232 1.4083440 1.3004659 1.9905324 1.5623801 1.6888791 1.6466021 1.7913813 1.4937669 1.8357631 2.1918803 2.1914515 1.9755657 
Amil_Amillepora23427-RA                                1.3765339 1.7153045 1.2057296 1.1631085 1.9522061 2.1413987 0.8195339 0.0204480 0.0000000 0.2222251 0.2507373 0.2151067 0.2669083 0.2405408 0.8481786 0.9729778 1.1375124 1.5908671 1.4076007 1.2714839 1.2256104 1.1860935 1.1923312 1.1484079 1.2437315 1.2593520 1.4680870 1.4993828 1.3519212 1.0797533 1.1259851 1.1259851 1.1905310 1.2187889 1.1871816 1.1748013 1.2128851 1.3319708 1.2971712 1.3860668 1.3180000 1.5454598 1.5648414 1.4376128 1.3665974 2.0828660 1.5437699 1.6624857 1.5570411 1.8228119 1.5035245 1.8159444 2.2326248 2.2536147 1.8210985 
Gfas_gfas1.m1.16831.m1                                 1.3251851 1.6430604 1.2213093 1.1721243 1.7981628 1.8955455 0.7440564 0.2256803 0.2222251 0.0000000 0.1793615 0.1588012 0.2191498 0.1817604 0.7410507 0.8958893 1.0767631 1.3976677 1.1949851 1.0679623 1.0663981 1.0073542 1.1035024 1.0306309 1.1862916 1.1378185 1.4057540 1.4184404 1.2246091 1.0629900 1.0333550 1.0333550 1.1217172 1.1306216 1.0850740 1.0766841 1.1426854 1.3109254 1.2915670 1.3704505 1.2787708 1.5334626 1.4655483 1.3528593 1.2796836 1.9030582 1.5435739 1.7495772 1.6662019 1.8373304 1.5437762 1.8839355 2.1305156 2.1262896 2.0270965 
Fspp_ffun1.m4.6001.m1                                  1.3309117 1.5823399 1.1988905 1.1501734 1.8342489 2.0532852 0.7921687 0.2444184 0.2507373 0.1793615 0.0000000 0.0906454 0.1869918 0.1590160 0.7843315 0.9365671 1.0600553 1.5328051 1.3364380 1.0804832 1.1091029 1.0659512 1.1986386 1.1176071 1.2638284 1.1330646 1.4276698 1.4233285 1.1925308 1.0444480 1.0481640 1.0481640 1.1662798 1.1708203 1.1359801 1.1245547 1.1303066 1.2349714 1.2325204 1.3344349 1.2861399 1.5300452 1.4514363 1.3246061 1.2887554 1.9795739 1.5822867 1.7986336 1.7171377 1.9626221 1.5480179 1.9526095 2.1419343 2.0828752 2.0196403 
Gasp_gasp1.m3.18350.m1                                 1.1862793 1.6249655 1.1007796 0.8230272 1.8617802 2.1538227 0.7836325 0.2215649 0.2151067 0.1588012 0.0906454 0.0000000 0.1797795 0.1445871 0.7958568 0.8313327 0.8939711 1.2601896 1.1411246 1.0375356 0.9599623 0.9475623 1.0128054 1.0596112 1.0950443 1.0367365 1.3861409 1.4108877 0.9952970 1.0111452 1.0124818 1.0124818 1.0528643 1.0408711 1.0230629 1.0087729 1.0575104 1.2256552 1.1968175 1.2716501 1.2576668 1.6159065 1.2256067 1.2256067 1.2183197 1.8698149 1.4831626 1.7105793 1.5086040 1.6958422 1.4567752 1.8676583 2.0009053 2.1592775 1.6057579 
Spis_XP_022786773_1                                    1.2162456 1.6204615 1.1885624 1.1766165 1.9079899 2.0776557 0.7618865 0.2705146 0.2669083 0.2191498 0.1869918 0.1797795 0.0000000 0.0476641 0.7800181 0.8586322 0.9977299 1.4099102 1.2765314 1.0556303 1.0941192 1.0438891 1.0484740 1.1069206 1.2669419 1.2214047 1.4238241 1.4517537 1.2242264 1.0919821 0.9988418 0.9988418 1.0856896 1.1165478 1.0847633 1.0735160 1.0756332 1.2726768 1.3025416 1.3243963 1.2519853 1.5534203 1.4800396 1.3572032 1.2901233 1.9266231 1.6623258 1.7847241 1.6701826 1.9596435 1.5916798 1.9302722 2.1533197 2.1801982 2.0195239 
Pocdam_XM_027198627.1                                  1.2025987 1.6683556 1.1831862 1.1778780 1.8169612 2.0333384 0.7657287 0.2451078 0.2405408 0.1817604 0.1590160 0.1445871 0.0476641 0.0000000 0.7334523 0.8400115 1.0103131 1.3876297 1.2754607 1.0396054 1.0715773 1.0282143 1.0721253 1.0512530 1.2347665 1.1801157 1.4403948 1.4687573 1.1768182 1.0671490 1.0025132 1.0025132 1.1082143 1.1125647 1.1072455 1.0959051 1.1076835 1.2370285 1.2300492 1.3129472 1.2201833 1.5128150 1.4283374 1.3107173 1.2885539 1.9373299 1.6472011 1.7832085 1.7090898 1.9187591 1.5676790 1.9269004 2.0830641 2.1124844 1.9933454 
Nvec_v1g237041                                         1.3875094 1.6028159 1.2034286 1.1239160 1.9757531 2.0619101 0.6993932 0.8218079 0.8481786 0.7410507 0.7843315 0.7958568 0.7800181 0.7334523 0.0000000 1.0962802 1.2474724 1.4224221 1.2920270 1.2785868 1.1704938 1.0853128 1.1531192 1.1302337 1.3596305 1.2396208 1.3418705 1.2941718 1.3535666 1.2449428 1.2470537 1.2470537 1.2785502 1.2835345 1.2676901 1.2553445 1.3461211 1.4982234 1.4970276 1.5069731 1.4456274 2.0332150 1.4566608 1.3068097 1.3870063 2.4078208 1.5739378 1.6523996 1.6725955 1.8317739 1.6817631 1.8227663 2.3909623 2.1203398 2.0201145 
Dgig_XM_028551567.1                                    1.5134668 1.5351819 1.4306226 1.4354084 1.9742209 2.0856133 1.2367207 0.9189113 0.9729778 0.8958893 0.9365671 0.8313327 0.8586322 0.8400115 1.0962802 0.0000000 0.3989450 1.3160658 1.2438889 1.2758367 1.3574814 1.2930661 1.1570803 1.2246538 1.3573690 1.3726732 1.6236509 1.5548822 1.5588674 1.1946565 1.1673400 1.1673400 1.3004937 1.3201139 1.3311541 1.3257051 1.3792579 1.5026717 1.5085897 1.5296743 1.3968481 2.0201501 1.4426303 1.3272773 1.3128562 2.2687493 1.4889266 1.5488904 1.6768175 1.8719938 1.3525184 1.7258839 1.9275910 2.3862208 1.8221722 
Xesp_019333-T1                                         1.6366839 1.9205016 1.6238000 1.8633221 2.0486842 2.2951130 1.2493572 1.0927895 1.1375124 1.0767631 1.0600553 0.8939711 0.9977299 1.0103131 1.2474724 0.3989450 0.0000000 1.4565972 1.4972755 1.4552813 1.4688021 1.4186633 1.3023091 1.4255337 1.5926937 1.5008074 1.8004718 1.7631967 1.6390003 1.3965995 1.2426648 1.2426648 1.5167838 1.5068284 1.5693994 1.5913540 1.5439254 1.6203886 1.5928660 1.6134221 1.5735062 2.5773362 1.7218233 1.5727303 1.5009371 2.7194223 1.7071670 1.7792759 1.8859143 2.1761022 1.5713244 2.1074251 2.3265101 2.6422128 2.1968338 
Hvul_g10305_1                                          1.7479742 1.9676011 1.5886836 1.4485994 2.1098777 2.4225710 1.3383096 1.4856821 1.5908671 1.3976677 1.5328051 1.2601896 1.4099102 1.3876297 1.4224221 1.3160658 1.4565972 0.0000000 0.6291336 1.2104053 1.3343300 1.2146456 1.2482035 1.3584100 1.8823330 1.9072543 2.0698356 1.8760674 1.9632583 1.4433207 1.4098953 1.4098953 1.4956699 1.4933531 1.5083370 1.5238563 1.4863476 1.7469683 1.7996759 1.7908179 1.6726787 1.9888778 1.5984313 1.5029601 1.6360178 2.3658688 1.6832158 1.7145219 1.7828736 2.0205876 1.6898136 1.9721851 2.4392610 2.7811534 1.8305355 
Chem_TCONS_00013066                                    1.5838394 1.5978822 1.5684321 1.4495924 1.9948065 2.2308629 1.1998418 1.3747290 1.4076007 1.1949851 1.3364380 1.1411246 1.2765314 1.2754607 1.2920270 1.2438889 1.4972755 0.6291336 0.0000000 1.1367535 1.1310220 1.0027007 1.0059756 1.2681083 1.4323358 1.6211904 1.5169470 1.4762747 1.3848363 1.4690279 1.3218607 1.3218607 1.2861639 1.2837308 1.3097685 1.3172004 1.3197495 1.6139360 1.7175985 1.6409460 1.5786825 1.8182060 1.6466114 1.4895595 1.3326164 2.4987401 1.8282176 1.9415979 2.0251253 2.0014765 1.8741549 2.1116561 2.1468044 2.6134203 2.0783481 
Aaur_scaffold2526.g3.t1                                1.5055777 1.5627678 1.6265274 1.1984025 1.7109182 1.7268736 1.1952923 1.1739067 1.2714839 1.0679623 1.0804832 1.0375356 1.0556303 1.0396054 1.2785868 1.2758367 1.4552813 1.2104053 1.1367535 0.0000000 0.5923527 0.5014821 0.7076198 1.1966593 1.5348202 1.5549190 1.8870382 1.8042553 1.3081612 1.2548091 1.3307259 1.3307259 1.3773943 1.3947255 1.4186024 1.4320237 1.3812068 1.6920789 1.5653914 1.7788701 1.6003939 1.7011581 1.6533086 1.4843592 1.3304263 2.2619031 1.8660884 2.0472720 1.9511727 1.9974285 1.9213284 2.0002473 2.3352325 2.4500046 1.8251606 
Nemnom_g11641.t1                                       1.3910596 1.7325554 1.6540095 1.3200495 1.9849373 2.1179838 1.1088821 1.1873453 1.2256104 1.0663981 1.1091029 0.9599623 1.0941192 1.0715773 1.1704938 1.3574814 1.4688021 1.3343300 1.1310220 0.5923527 0.0000000 0.2026244 0.5990278 0.9503533 1.4666685 1.4637259 1.5220992 1.4638636 1.4064249 1.0715622 1.3518043 1.3518043 1.3539933 1.3766478 1.3842556 1.3874438 1.3711569 1.5798151 1.5599072 1.5879785 1.4997468 1.8639747 1.5134961 1.4818063 1.2362826 2.2775830 1.9020271 1.9509713 1.9176609 2.1118247 1.8693981 2.0732260 2.3085276 2.7858651 2.2852187 
Rhoesc_Res_011850-T1                                   1.2864234 1.6235203 1.5691645 1.1929510 1.8507701 1.8851384 1.0608079 1.1600288 1.1860935 1.0073542 1.0659512 0.9475623 1.0438891 1.0282143 1.0853128 1.2930661 1.4186633 1.2146456 1.0027007 0.5014821 0.2026244 0.0000000 0.5273328 0.9641483 1.4798943 1.4583468 1.4674638 1.4410771 1.3280587 1.0423831 1.3692134 1.3692134 1.3875472 1.4168114 1.4306873 1.4338516 1.3969844 1.5610500 1.5368902 1.5467973 1.4201983 1.8833951 1.5914884 1.4735851 1.2345996 2.1365120 1.7342175 1.8455319 1.7445941 1.9540417 1.7298750 1.8685360 2.1881448 2.6380359 2.0042051 
Sanmal_Sma_007482-T1                                   1.3775292 1.5670484 1.5073085 1.2257756 1.7992418 1.9367331 1.0905407 1.1806812 1.1923312 1.1035024 1.1986386 1.0128054 1.0484740 1.0721253 1.1531192 1.1570803 1.3023091 1.2482035 1.0059756 0.7076198 0.5990278 0.5273328 0.0000000 0.9807306 1.4572551 1.5200519 1.5519056 1.4707842 1.5230332 1.0568886 1.4258441 1.4258441 1.4195101 1.4624214 1.4608139 1.4640455 1.3883932 1.5965154 1.5715330 1.6045488 1.4513600 1.9508066 1.4080704 1.3097972 1.1886101 2.0956119 1.7108906 1.7847128 1.7046538 1.8039855 1.7107580 1.9627862 2.2070151 2.5854902 2.0599335 
Morvir_scaffold99.g44.t1                               1.4860515 1.7260718 1.5200319 1.2778603 1.8555408 2.0241710 1.0486133 1.1649707 1.1484079 1.0306309 1.1176071 1.0596112 1.1069206 1.0512530 1.1302337 1.2246538 1.4255337 1.3584100 1.2681083 1.1966593 0.9503533 0.9641483 0.9807306 0.0000000 1.4679876 1.4117797 1.4919033 1.4956264 1.4271748 1.1183260 1.1733863 1.1733863 1.1394803 1.1589859 1.1416175 1.1327970 1.1714775 1.7312134 1.7147660 1.8493005 1.6283588 2.0423438 1.5803887 1.4862557 1.4717034 2.3958353 1.8314942 1.7595958 1.8807937 2.0436734 1.7968089 2.1599491 2.1227295 2.5766650 2.3826280 
Aque_Aqu2.1.30862_001                                  1.4238469 1.6502783 1.3666801 1.3049603 2.0186354 2.2415159 1.3097354 1.2290696 1.2437315 1.1862916 1.2638284 1.0950443 1.2669419 1.2347665 1.3596305 1.3573690 1.5926937 1.8823330 1.4323358 1.5348202 1.4666685 1.4798943 1.4572551 1.4679876 0.0000000 0.2625900 0.7987861 0.7747106 0.8175299 0.8172178 1.1869998 1.1869998 1.1872813 1.1983728 1.1798994 1.1985011 1.1875574 1.3523760 1.3777959 1.4690040 1.3144408 1.9443657 1.6600490 1.4816458 1.1959186 2.3284044 1.9900351 1.9739104 2.0834445 2.1833665 1.7680199 2.2436076 2.5995807 2.6165455 2.5862856 
Xestes_maker-XT_scaffold18293-augustus-gene-0.3-mRNA-1 1.3402366 1.5912703 1.3248081 1.2406683 1.8933651 2.2114324 1.3596214 1.2179495 1.2593520 1.1378185 1.1330646 1.0367365 1.2214047 1.1801157 1.2396208 1.3726732 1.5008074 1.9072543 1.6211904 1.5549190 1.4637259 1.4583468 1.5200519 1.4117797 0.2625900 0.0000000 0.8054587 0.7340383 0.6020255 0.7764706 1.2121255 1.2121255 1.2512563 1.2651162 1.2614228 1.2558812 1.2684184 1.2566788 1.2652860 1.3399557 1.2554045 2.0509934 1.5062256 1.4446854 1.2467870 2.3468176 1.8649342 1.7816924 1.8874042 1.9726832 1.7011717 2.1427542 2.4571624 2.4938391 2.5443843 
Emue_Em0020g637a.t1                                    1.5406742 1.7336384 1.5354508 1.5135730 2.0958264 2.3473316 1.5610453 1.4901811 1.4680870 1.4057540 1.4276698 1.3861409 1.4238241 1.4403948 1.3418705 1.6236509 1.8004718 2.0698356 1.5169470 1.8870382 1.5220992 1.4674638 1.5519056 1.4919033 0.7987861 0.8054587 0.0000000 0.0952135 0.8708160 0.7867871 1.3925974 1.3925974 1.3893906 1.4262169 1.3628080 1.3551504 1.3621876 1.5019919 1.5389968 1.6656307 1.5472874 2.3016868 1.7502683 1.6063207 1.4446945 2.6836358 1.8408815 1.9019720 1.9234920 2.1740768 1.7763305 2.4053224 2.6630421 2.8626973 2.8304352 
Spolac_c88795_g1_i2_m.5249c88795-g1                    1.4633434 1.6618878 1.4488386 1.5199149 2.0029443 2.2933103 1.5330847 1.5048822 1.4993828 1.4184404 1.4233285 1.4108877 1.4517537 1.4687573 1.2941718 1.5548822 1.7631967 1.8760674 1.4762747 1.8042553 1.4638636 1.4410771 1.4707842 1.4956264 0.7747106 0.7340383 0.0952135 0.0000000 0.6864260 0.8138397 1.3264927 1.3264927 1.3154776 1.3514029 1.2897296 1.2822862 1.3014763 1.4842444 1.5747092 1.6021109 1.5670668 2.2478878 1.7314530 1.5873296 1.4055738 2.7023223 1.7936624 1.8574281 1.9058045 2.1250985 1.7064135 2.2567072 2.6020316 2.8923837 2.8389702 
Stycar_maker-SC_scaffold1434-augustus-gene-0.51-mRNA-1 1.3279257 1.1710388 1.4716333 1.2087354 1.5964368 1.5774785 1.5550039 1.2673451 1.3519212 1.2246091 1.1925308 0.9952970 1.2242264 1.1768182 1.3535666 1.5588674 1.6390003 1.9632583 1.3848363 1.3081612 1.4064249 1.3280587 1.5230332 1.4271748 0.8175299 0.6020255 0.8708160 0.6864260 0.0000000 0.9950444 1.3299385 1.3299385 1.3726939 1.4080487 1.3954704 1.3528909 1.3287564 1.4974132 1.5306407 1.6604479 1.5880772 1.5811552 2.0672763 1.6736510 1.4910904 1.8004596 2.3308910 2.4460908 2.7545220 2.3260613 2.2381292 2.2762878 2.1777393 1.9484166 2.7180728 
Plespi_Pspi_scaffold14391_01                           1.2175996 1.4395887 1.0369826 0.6839974 1.7547405 2.1588337 1.2236230 1.1083479 1.0797533 1.0629900 1.0444480 1.0111452 1.0919821 1.0671490 1.2449428 1.1946565 1.3965995 1.4433207 1.4690279 1.2548091 1.0715622 1.0423831 1.0568886 1.1183260 0.8172178 0.7764706 0.7867871 0.8138397 0.9950444 0.0000000 1.0642835 1.0642835 0.9935028 1.0312727 0.9809922 0.9609920 1.0109130 1.0208561 1.0901466 1.0800493 0.9604324 1.5923532 1.0748014 1.0748014 1.0482283 2.4230827 1.3491624 1.4584235 1.4250205 1.6257383 1.2455939 1.7711345 2.0334766 2.5279167 1.8101315 
Tadh_TriadT57917                                       1.2870515 1.5998167 1.2270042 1.2957912 1.7584635 1.7693253 1.1502920 1.1148594 1.1259851 1.0333550 1.0481640 1.0124818 0.9988418 1.0025132 1.2470537 1.1673400 1.2426648 1.4098953 1.3218607 1.3307259 1.3518043 1.3692134 1.4258441 1.1733863 1.1869998 1.2121255 1.3925974 1.3264927 1.3299385 1.0642835 0.0000000 0.0000010 0.1690194 0.1607016 0.1655607 0.1810922 0.1572714 1.3683549 1.3663052 1.3486494 1.3396709 2.0077304 1.4181380 1.2803078 1.1813933 2.6113420 1.5919639 1.6761397 1.5587881 1.8732355 1.6214142 1.8680739 2.3875668 2.0478542 1.8741149 
TrH2_TrispH2_001458-RA                                 1.2870515 1.5998167 1.2270042 1.2957912 1.7584635 1.7693253 1.1502920 1.1148594 1.1259851 1.0333550 1.0481640 1.0124818 0.9988418 1.0025132 1.2470537 1.1673400 1.2426648 1.4098953 1.3218607 1.3307259 1.3518043 1.3692134 1.4258441 1.1733863 1.1869998 1.2121255 1.3925974 1.3264927 1.3299385 1.0642835 0.0000010 0.0000000 0.1690194 0.1607016 0.1655607 0.1810922 0.1572714 1.3683549 1.3663052 1.3486494 1.3396709 2.0077304 1.4181380 1.2803078 1.1813933 2.6113420 1.5919639 1.6761397 1.5587881 1.8732355 1.6214142 1.8680739 2.3875668 2.0478542 1.8741149 
HoiH06_mRNA8308                                        1.3955632 1.7698434 1.2881423 1.4209851 2.0209219 1.9296206 1.2427430 1.1953007 1.1905310 1.1217172 1.1662798 1.0528643 1.0856896 1.1082143 1.2785502 1.3004937 1.5167838 1.4956699 1.2861639 1.3773943 1.3539933 1.3875472 1.4195101 1.1394803 1.1872813 1.2512563 1.3893906 1.3154776 1.3726939 0.9935028 0.1690194 0.1690194 0.0000000 0.0153550 0.0520628 0.0645695 0.1101173 1.4400837 1.4872906 1.4391449 1.3763713 1.8590221 1.5045458 1.3747330 1.1388562 2.4800453 1.5839753 1.7428140 1.6256235 1.8384744 1.6064959 1.8538153 2.5813816 2.4699797 2.0999420 
HoiH23_PlH23_001084-RA                                 1.3995752 1.8070742 1.3021821 1.4589983 2.0513090 1.9583276 1.2511361 1.2226918 1.2187889 1.1306216 1.1708203 1.0408711 1.1165478 1.1125647 1.2835345 1.3201139 1.5068284 1.4933531 1.2837308 1.3947255 1.3766478 1.4168114 1.4624214 1.1589859 1.1983728 1.2651162 1.4262169 1.3514029 1.4080487 1.0312727 0.1607016 0.1607016 0.0153550 0.0000000 0.0522175 0.0647618 0.1197103 1.4513574 1.4769833 1.4476750 1.4149397 1.9022404 1.5265871 1.3946899 1.1544435 2.4948970 1.6304004 1.7937072 1.6716373 1.9027540 1.6349491 1.9084614 2.6177052 2.4519106 2.1492752 
Hhon_g03566.t1                                         1.4057729 1.7677400 1.2568634 1.4291189 2.0271777 1.9890721 1.2575663 1.1922686 1.1871816 1.0850740 1.1359801 1.0230629 1.0847633 1.1072455 1.2676901 1.3311541 1.5693994 1.5083370 1.3097685 1.4186024 1.3842556 1.4306873 1.4608139 1.1416175 1.1798994 1.2614228 1.3628080 1.2897296 1.3954704 0.9809922 0.1655607 0.1655607 0.0520628 0.0522175 0.0000000 0.0115346 0.1141454 1.4144893 1.4647369 1.4515423 1.3716001 1.9482716 1.5120991 1.3901086 1.1650618 2.5210757 1.6464961 1.7325829 1.6370176 1.8787066 1.6004193 1.9437278 2.5322643 2.4219217 2.1945929 
HoiH04_mRNA7974                                        1.4118952 1.7520569 1.2672031 1.4362325 2.0387547 2.0005057 1.2497324 1.1803464 1.1748013 1.0766841 1.1245547 1.0087729 1.0735160 1.0959051 1.2553445 1.3257051 1.5913540 1.5238563 1.3172004 1.4320237 1.3874438 1.4338516 1.4640455 1.1327970 1.1985011 1.2558812 1.3551504 1.2822862 1.3528909 0.9609920 0.1810922 0.1810922 0.0645695 0.0647618 0.0115346 0.0000000 0.1278399 1.4049137 1.4555162 1.4415416 1.3628429 1.9164072 1.5073680 1.3858248 1.1444478 2.5600013 1.6588680 1.7455307 1.6493888 1.8935409 1.6113582 1.9600287 2.5454972 2.4314162 2.1990467 
HoiH11_mRNA4725                                        1.3657782 1.7596009 1.2861580 1.4688338 1.9653200 1.9540069 1.2656900 1.2168577 1.2128851 1.1426854 1.1303066 1.0575104 1.0756332 1.1076835 1.3461211 1.3792579 1.5439254 1.4863476 1.3197495 1.3812068 1.3711569 1.3969844 1.3883932 1.1714775 1.1875574 1.2684184 1.3621876 1.3014763 1.3287564 1.0109130 0.1572714 0.1572714 0.1101173 0.1197103 0.1141454 0.1278399 0.0000000 1.4058685 1.4696868 1.4636128 1.3709233 1.9094640 1.5173654 1.3842173 1.1802236 2.4335979 1.6738213 1.7252797 1.6503054 1.8777819 1.6487495 1.9112243 2.5085501 2.5673271 2.2286615 
Scil_scict024112.1                                     1.5249626 2.0547330 1.4681359 1.2549418 2.1201000 2.3435550 1.3881933 1.3387650 1.3319708 1.3109254 1.2349714 1.2256552 1.2726768 1.2370285 1.4982234 1.5026717 1.6203886 1.7469683 1.6139360 1.6920789 1.5798151 1.5610500 1.5965154 1.7312134 1.3523760 1.2566788 1.5019919 1.4842444 1.4974132 1.0208561 1.3683549 1.3683549 1.4400837 1.4513574 1.4144893 1.4049137 1.4058685 0.0000000 0.2258846 0.2740178 0.2397787 1.6382017 1.5410376 1.4057999 1.3753637 2.3199615 1.8111069 1.8029823 1.9580758 2.1687056 1.7483808 2.3730334 2.3952002 2.6376643 2.5446658 
Gracom_Gcom_C540858_01                                 1.5611378 2.2045028 1.5751133 1.4534622 2.2274305 2.2816790 1.3216043 1.2979457 1.2971712 1.2915670 1.2325204 1.1968175 1.3025416 1.2300492 1.4970276 1.5085897 1.5928660 1.7996759 1.7175985 1.5653914 1.5599072 1.5368902 1.5715330 1.7147660 1.3777959 1.2652860 1.5389968 1.5747092 1.5306407 1.0901466 1.3663052 1.3663052 1.4872906 1.4769833 1.4647369 1.4555162 1.4696868 0.2258846 0.0000000 0.3082259 0.2419311 1.7055021 1.5176069 1.3703335 1.3396283 2.3499789 1.8855746 1.9363163 1.9770109 2.4031995 1.7481582 2.4945619 2.5012176 2.7409241 2.4927712 
Lcom_lcpid81489                                        1.6329332 1.9960168 1.5764437 1.4291703 2.2026666 2.3048602 1.4912464 1.3840962 1.3860668 1.3704505 1.3344349 1.2716501 1.3243963 1.3129472 1.5069731 1.5296743 1.6134221 1.7908179 1.6409460 1.7788701 1.5879785 1.5467973 1.6045488 1.8493005 1.4690040 1.3399557 1.6656307 1.6021109 1.6604479 1.0800493 1.3486494 1.3486494 1.4391449 1.4476750 1.4515423 1.4415416 1.4636128 0.2740178 0.3082259 0.0000000 0.2071176 1.6260624 1.5417257 1.4021114 1.3568040 2.3619006 1.9057789 1.8707326 1.9876552 2.4472603 1.8492325 2.4982808 2.2176990 2.7081780 2.8062296 
Leuniv_Lniv_C804376_01                                 1.5432229 1.8979147 1.4796026 1.3196934 2.0991344 2.3372965 1.3619442 1.3294629 1.3180000 1.2787708 1.2861399 1.2576668 1.2519853 1.2201833 1.4456274 1.3968481 1.5735062 1.6726787 1.5786825 1.6003939 1.4997468 1.4201983 1.4513600 1.6283588 1.3144408 1.2554045 1.5472874 1.5670668 1.5880772 0.9604324 1.3396709 1.3396709 1.3763713 1.4149397 1.3716001 1.3628429 1.3709233 0.2397787 0.2419311 0.2071176 0.0000000 1.5348802 1.4288716 1.3025774 1.2781491 2.3509709 1.8209351 1.8417288 1.9122382 2.3310865 1.7822739 2.4438544 2.1487439 2.6349502 2.5024678 
Clacor_Ccor_C533273_01                                 1.9110585 2.3729707 1.9652478 1.4549191 2.4658437 2.7931970 1.8488167 1.5368797 1.5454598 1.5334626 1.5300452 1.6159065 1.5534203 1.5128150 2.0332150 2.0201501 2.5773362 1.9888778 1.8182060 1.7011581 1.8639747 1.8833951 1.9508066 2.0423438 1.9443657 2.0509934 2.3016868 2.2478878 1.5811552 1.5923532 2.0077304 2.0077304 1.8590221 1.9022404 1.9482716 1.9164072 1.9094640 1.6382017 1.7055021 1.6260624 1.5348802 0.0000000 2.1955845 1.8434076 1.6389254 2.9607911 2.3608758 2.2710270 2.5763567 2.4483561 2.3898240 2.3323327 3.1481159 2.9022327 2.3188686 
Ocar_g8206                                             1.5466268 2.0043730 1.4675089 1.5629247 2.5107361 2.2963495 1.5867560 1.5266232 1.5648414 1.4655483 1.4514363 1.2256067 1.4800396 1.4283374 1.4566608 1.4426303 1.7218233 1.5984313 1.6466114 1.6533086 1.5134961 1.5914884 1.4080704 1.5803887 1.6600490 1.5062256 1.7502683 1.7314530 2.0672763 1.0748014 1.4181380 1.4181380 1.5045458 1.5265871 1.5120991 1.5073680 1.5173654 1.5410376 1.5176069 1.5417257 1.4288716 2.1955845 0.0000000 0.0469057 0.8878534 2.8094422 2.1496144 2.0979346 2.2120454 2.6058028 2.0715211 2.6948124 2.9162986 2.9637083 2.9305857 
Opea_EP00118_Oscarella_pearsei_P025944                 1.4334822 1.8024987 1.3983641 1.3685314 2.3341812 2.1676730 1.4317981 1.4083440 1.4376128 1.3528593 1.3246061 1.2256067 1.3572032 1.3107173 1.3068097 1.3272773 1.5727303 1.5029601 1.4895595 1.4843592 1.4818063 1.4735851 1.3097972 1.4862557 1.4816458 1.4446854 1.6063207 1.5873296 1.6736510 1.0748014 1.2803078 1.2803078 1.3747330 1.3946899 1.3901086 1.3858248 1.3842173 1.4057999 1.3703335 1.4021114 1.3025774 1.8434076 0.0469057 0.0000000 0.7954191 2.6505403 1.8987141 1.8581952 1.9786439 2.2854201 1.8314672 2.3142995 2.6776149 2.7419334 2.4223644 
Plajan_Pjan_C548421_01                                 1.4038959 1.5853843 1.3235764 1.2601956 1.9926159 2.0367765 1.1621476 1.3004659 1.3665974 1.2796836 1.2887554 1.2183197 1.2901233 1.2885539 1.3870063 1.3128562 1.5009371 1.6360178 1.3326164 1.3304263 1.2362826 1.2345996 1.1886101 1.4717034 1.1959186 1.2467870 1.4446945 1.4055738 1.4910904 1.0482283 1.1813933 1.1813933 1.1388562 1.1544435 1.1650618 1.1444478 1.1802236 1.3753637 1.3396283 1.3568040 1.2781491 1.6389254 0.8878534 0.7954191 0.0000000 2.5730649 1.7353608 1.9216659 1.8221147 2.0041497 1.7533559 2.2892750 2.5322945 2.4528589 2.3590505 
Cscu_XM_023379043.1                                    2.2053980 2.3281143 2.0519226 1.3338736 2.4189754 2.5737111 2.2017442 1.9905324 2.0828660 1.9030582 1.9795739 1.8698149 1.9266231 1.9373299 2.4078208 2.2687493 2.7194223 2.3658688 2.4987401 2.2619031 2.2775830 2.1365120 2.0956119 2.3958353 2.3284044 2.3468176 2.6836358 2.7023223 1.8004596 2.4230827 2.6113420 2.6113420 2.4800453 2.4948970 2.5210757 2.5600013 2.4335979 2.3199615 2.3499789 2.3619006 2.3509709 2.9607911 2.8094422 2.6505403 2.5730649 0.0000000 2.8291365 2.9707319 2.8735762 3.4667055 2.7070120 2.9194805 2.3986293 2.1999501 2.6729066 
Mlei_ML2056.g5.i1                                      2.0240905 2.1171554 1.7235132 1.9327789 2.1824813 2.4439410 1.5249909 1.5623801 1.5437699 1.5435739 1.5822867 1.4831626 1.6623258 1.6472011 1.5739378 1.4889266 1.7071670 1.6832158 1.8282176 1.8660884 1.9020271 1.7342175 1.7108906 1.8314942 1.9900351 1.8649342 1.8408815 1.7936624 2.3308910 1.3491624 1.5919639 1.5919639 1.5839753 1.6304004 1.6464961 1.6588680 1.6738213 1.8111069 1.8855746 1.9057789 1.8209351 2.3608758 2.1496144 1.8987141 1.7353608 2.8291365 0.0000000 0.2155280 0.3259452 0.3594974 0.3550960 0.4534536 2.3794279 2.5468455 0.5322743 
Beraby_Baby_sb339942                                   1.9727785 2.2130181 1.7360842 2.1118554 2.1124539 2.7283830 1.6766080 1.6888791 1.6624857 1.7495772 1.7986336 1.7105793 1.7847241 1.7832085 1.6523996 1.5488904 1.7792759 1.7145219 1.9415979 2.0472720 1.9509713 1.8455319 1.7847128 1.7595958 1.9739104 1.7816924 1.9019720 1.8574281 2.4460908 1.4584235 1.6761397 1.6761397 1.7428140 1.7937072 1.7325829 1.7455307 1.7252797 1.8029823 1.9363163 1.8707326 1.8417288 2.2710270 2.0979346 1.8581952 1.9216659 2.9707319 0.2155280 0.0000000 0.3694304 0.3976567 0.3989362 0.5321586 2.3563819 2.7417693 0.5886800 
Horcal_Hcv1.av93.c1.g715.i1                            2.0322395 2.3542283 1.7367209 2.0983693 2.3972636 2.6730877 1.6849905 1.6466021 1.5570411 1.6662019 1.7171377 1.5086040 1.6701826 1.7090898 1.6725955 1.6768175 1.8859143 1.7828736 2.0251253 1.9511727 1.9176609 1.7445941 1.7046538 1.8807937 2.0834445 1.8874042 1.9234920 1.9058045 2.7545220 1.4250205 1.5587881 1.5587881 1.6256235 1.6716373 1.6370176 1.6493888 1.6503054 1.9580758 1.9770109 1.9876552 1.9122382 2.5763567 2.2120454 1.9786439 1.8221147 2.8735762 0.3259452 0.3694304 0.0000000 0.3777377 0.4460367 0.4635717 2.6068417 2.7549518 0.0158255 
Drygla_Dgla_sb293687                                   2.1817855 2.2518402 2.0912617 2.2827284 2.3777849 2.7376915 1.9711645 1.7913813 1.8228119 1.8373304 1.9626221 1.6958422 1.9596435 1.9187591 1.8317739 1.8719938 2.1761022 2.0205876 2.0014765 1.9974285 2.1118247 1.9540417 1.8039855 2.0436734 2.1833665 1.9726832 2.1740768 2.1250985 2.3260613 1.6257383 1.8732355 1.8732355 1.8384744 1.9027540 1.8787066 1.8935409 1.8777819 2.1687056 2.4031995 2.4472603 2.3310865 2.4483561 2.6058028 2.2854201 2.0041497 3.4667055 0.3594974 0.3976567 0.3777377 0.0000000 0.5473351 0.4637391 2.9220918 2.6953528 0.5073486 
Lampan_Lpan_2104_01                                    1.9098734 2.1440710 1.7485384 1.9957131 2.3806988 2.6648566 1.5632703 1.4937669 1.5035245 1.5437762 1.5480179 1.4567752 1.5916798 1.5676790 1.6817631 1.3525184 1.5713244 1.6898136 1.8741549 1.9213284 1.8693981 1.7298750 1.7107580 1.7968089 1.7680199 1.7011717 1.7763305 1.7064135 2.2381292 1.2455939 1.6214142 1.6214142 1.6064959 1.6349491 1.6004193 1.6113582 1.6487495 1.7483808 1.7481582 1.8492325 1.7822739 2.3898240 2.0715211 1.8314672 1.7533559 2.7070120 0.3550960 0.3989362 0.4460367 0.5473351 0.0000000 0.4358826 2.3606677 2.6347476 0.5809872 
Vmul_sbMO440672                                        2.4208709 2.2991356 2.1380931 1.9912629 2.5579768 2.9152704 1.9339557 1.8357631 1.8159444 1.8839355 1.9526095 1.8676583 1.9302722 1.9269004 1.8227663 1.7258839 2.1074251 1.9721851 2.1116561 2.0002473 2.0732260 1.8685360 1.9627862 2.1599491 2.2436076 2.1427542 2.4053224 2.2567072 2.2762878 1.7711345 1.8680739 1.8680739 1.8538153 1.9084614 1.9437278 1.9600287 1.9112243 2.3730334 2.4945619 2.4982808 2.4438544 2.3323327 2.6948124 2.3142995 2.2892750 2.9194805 0.4534536 0.5321586 0.4635717 0.4637391 0.4358826 0.0000000 2.9128700 2.6795129 0.4472481 
Ctel_gnl_WGS_AMQN_CAPTEDRAFT_mRNA222135                2.1434328 2.0949086 2.2237292 1.7212842 1.5068384 1.7138882 2.3224012 2.1918803 2.2326248 2.1305156 2.1419343 2.0009053 2.1533197 2.0830641 2.3909623 1.9275910 2.3265101 2.4392610 2.1468044 2.3352325 2.3085276 2.1881448 2.2070151 2.1227295 2.5995807 2.4571624 2.6630421 2.6020316 2.1777393 2.0334766 2.3875668 2.3875668 2.5813816 2.6177052 2.5322643 2.5454972 2.5085501 2.3952002 2.5012176 2.2176990 2.1487439 3.1481159 2.9162986 2.6776149 2.5322945 2.3986293 2.3794279 2.3563819 2.6068417 2.9220918 2.3606677 2.9128700 0.0000000 2.4939484 3.0014529 
Dpul_mRNA11283                                         2.2930767 2.3853937 2.5950555 1.6402529 2.1865497 2.3357773 2.4475204 2.1914515 2.2536147 2.1262896 2.0828752 2.1592775 2.1801982 2.1124844 2.1203398 2.3862208 2.6422128 2.7811534 2.6134203 2.4500046 2.7858651 2.6380359 2.5854902 2.5766650 2.6165455 2.4938391 2.8626973 2.8923837 1.9484166 2.5279167 2.0478542 2.0478542 2.4699797 2.4519106 2.4219217 2.4314162 2.5673271 2.6376643 2.7409241 2.7081780 2.6349502 2.9022327 2.9637083 2.7419334 2.4528589 2.1999501 2.5468455 2.7417693 2.7549518 2.6953528 2.6347476 2.6795129 2.4939484 0.0000000 2.8134632 
Pbac_sb2657843                                         2.2727232 2.3597107 1.9999987 2.1381761 2.2273503 2.3054391 2.1802534 1.9755657 1.8210985 2.0270965 2.0196403 1.6057579 2.0195239 1.9933454 2.0201145 1.8221722 2.1968338 1.8305355 2.0783481 1.8251606 2.2852187 2.0042051 2.0599335 2.3826280 2.5862856 2.5443843 2.8304352 2.8389702 2.7180728 1.8101315 1.8741149 1.8741149 2.0999420 2.1492752 2.1945929 2.1990467 2.2286615 2.5446658 2.4927712 2.8062296 2.5024678 2.3188686 2.9305857 2.4223644 2.3590505 2.6729066 0.5322743 0.5886800 0.0158255 0.5073486 0.5809872 0.4472481 3.0014529 2.8134632 0.0000000 
