50
Hsap_ENST00000335979                                   0.0000000 0.4457590 0.3839318 0.4627523 0.4316279 0.5323203 0.4177977 0.3719389 0.3906183 0.4770413 0.4754263 0.5200837 0.5491909 0.5952454 0.4812824 0.5113438 0.5604874 0.4916924 0.5072146 0.5132999 0.5462020 0.6010850 0.5507735 0.5312102 0.5559985 0.5678789 0.6190655 0.6050821 0.8602578 0.9211710 0.7337658 0.8928112 0.7717683 0.7756608 0.8532313 0.7941038 0.9065508 0.8793186 0.4788991 0.8863274 0.7215232 0.6834988 0.8357357 0.9925777 0.9011881 0.9455417 0.8060263 1.0206655 1.5655374 1.1724823 
Bralan_BLAG01002362_1                                  0.4457590 0.0000000 0.3579905 0.3909733 0.3663983 0.5318749 0.4475663 0.4270656 0.4446882 0.4823178 0.3577883 0.4865134 0.4947691 0.6196935 0.4243564 0.5037626 0.5818860 0.4294639 0.4872992 0.4263404 0.5471158 0.5635428 0.5627299 0.5470299 0.5553881 0.5606951 0.6078690 0.5877554 0.8240231 0.7149504 0.6833293 0.7876300 0.7486641 0.6468106 0.9650266 0.8922118 0.8001551 0.7434255 0.4405178 0.7721407 0.7342979 0.5598494 0.9055814 0.8869508 0.8132864 1.0441798 0.8023531 0.9166184 1.4226785 1.1346962 
Skow_NM_001184821.1                                    0.3839318 0.3579905 0.0000000 0.3743736 0.3506419 0.5218043 0.4286542 0.3850540 0.3800960 0.4391210 0.4025662 0.4768389 0.4900113 0.6196648 0.4560667 0.5549243 0.5611326 0.4004668 0.4598919 0.5345760 0.5043392 0.5868421 0.4781163 0.4815586 0.5064000 0.5072446 0.5563426 0.5552338 0.8118280 1.2051172 0.8536865 0.8932771 0.7429523 0.6906642 0.9282059 0.8337155 0.9242648 0.8647490 0.5936728 0.9074991 0.6684210 0.5925272 0.9099358 0.9619346 0.8671532 1.0025127 0.7654933 1.0201252 1.4469068 1.0337213 
Dgig_XM_028557929.1                                    0.4627523 0.3909733 0.3743736 0.0000000 0.0689269 0.4543748 0.3786308 0.3605959 0.3345353 0.3849644 0.4154322 0.3946712 0.4600688 0.5412711 0.5087328 0.5173646 0.4429216 0.3573375 0.4118614 0.4736817 0.4833161 0.5658154 0.5087973 0.4990586 0.4990978 0.4984257 0.5542029 0.5313516 0.7282375 0.7379298 0.7244979 0.7794557 0.6786152 0.6913300 0.7770794 0.7619464 0.7203624 0.7095916 0.4929282 0.7820092 0.5883062 0.5604134 0.8298134 0.9267989 0.7898151 0.8991509 0.6887583 0.9852789 1.2791178 1.0323798 
Xesp_011374-T1                                         0.4316279 0.3663983 0.3506419 0.0689269 0.0000000 0.4020124 0.3760344 0.3474775 0.3311236 0.3609386 0.3530110 0.3508088 0.3836204 0.5031759 0.4657567 0.4674331 0.4130961 0.3539917 0.3837688 0.4073652 0.4631209 0.5295158 0.5044014 0.4799070 0.4816253 0.4866819 0.5301416 0.4854874 0.6427302 0.7154751 0.6856976 0.7277217 0.6146251 0.6640032 0.7494334 0.7236102 0.7131802 0.6896187 0.4454007 0.7220350 0.5296334 0.5231729 0.7598852 0.8544765 0.7414191 0.8300390 0.6459736 0.9759370 1.1990892 0.9447292 
Hvul_g15492_1                                          0.5323203 0.5318749 0.5218043 0.4543748 0.4020124 0.0000000 0.3393751 0.3195006 0.3228572 0.2927333 0.2669169 0.5163334 0.6556031 0.7200625 0.6312900 0.6076625 0.3604311 0.4995624 0.6485369 0.6185809 0.7169016 0.6687863 0.6413565 0.6728538 0.6660976 0.6697337 0.6866032 0.6179487 0.7958095 0.7208452 0.8235963 0.8400462 0.7245911 0.8327524 1.0390143 0.8912422 0.9736056 0.9482102 0.6663567 0.8986527 0.8392726 0.6740272 1.0577114 0.9889622 0.8698317 1.1891177 0.9339058 1.0980519 1.8052873 1.2330280 
Aaur_scaffold450.g4.t1                                 0.4177977 0.4475663 0.4286542 0.3786308 0.3760344 0.3393751 0.0000000 0.1026768 0.1120924 0.2156618 0.2484037 0.5558268 0.6541423 0.7921805 0.6216698 0.5822802 0.4463794 0.4599809 0.5537114 0.5793301 0.7058056 0.6307324 0.5507033 0.5634506 0.5612999 0.5655117 0.6157514 0.6543830 0.8507503 0.6546429 0.8235997 0.8280367 0.7461876 0.7813490 0.9741922 0.8684867 0.9481331 0.9301503 0.7953859 0.8353367 0.8428809 0.7457559 0.9355270 0.9585005 0.8014085 1.1281266 1.0010072 1.0608137 1.6770589 1.1928423 
Nemnom_g3350.t1                                        0.3719389 0.4270656 0.3850540 0.3605959 0.3474775 0.3195006 0.1026768 0.0000000 0.0303893 0.1715742 0.2380334 0.5546862 0.6332984 0.7003937 0.5883774 0.5457814 0.4294120 0.4039824 0.5413231 0.5182946 0.6193272 0.5862536 0.5088895 0.5252845 0.5067650 0.5216085 0.5641772 0.5948769 0.7485217 0.6024255 0.7418978 0.7417919 0.6459308 0.8153587 0.9175238 0.7949289 0.9349825 0.8774182 0.7093902 0.7375854 0.7973477 0.7568892 0.9135934 0.9596279 0.7920953 1.0250054 0.8254392 0.9932959 1.5051851 1.1429349 
Rhoesc_Res_008067-T1                                   0.3906183 0.4446882 0.3800960 0.3345353 0.3311236 0.3228572 0.1120924 0.0303893 0.0000000 0.1496288 0.2371493 0.5428004 0.5996208 0.6760424 0.5879753 0.5285128 0.4358402 0.4182168 0.5502738 0.5233672 0.6490284 0.6063657 0.5077256 0.5260237 0.5309066 0.5277439 0.5755579 0.5944376 0.7333995 0.6365322 0.7573190 0.7549116 0.6502869 0.8322568 0.9204035 0.7867405 0.9479382 0.9193821 0.7225290 0.7515560 0.7897082 0.7404470 0.8857299 0.9981292 0.7817804 0.9981310 0.8219653 1.0300904 1.4950280 1.0991158 
Sanmal_Sma_001624-T1                                   0.4770413 0.4823178 0.4391210 0.3849644 0.3609386 0.2927333 0.2156618 0.1715742 0.1496288 0.0000000 0.2262390 0.4705601 0.6714766 0.6941140 0.5440693 0.5239534 0.4038048 0.3949837 0.5424098 0.6026445 0.6958874 0.6506212 0.4897988 0.5602972 0.6074370 0.6078334 0.6130470 0.6417928 0.8207849 0.7131989 0.8001155 0.8754179 0.7207450 0.8380984 0.9595460 0.8496944 0.9156341 0.9105171 0.7271984 0.7718076 0.7859416 0.6594653 0.9478873 0.9740801 0.8431342 1.0245708 0.8398571 1.0372904 1.6466623 1.2345530 
Morvir_scaffold283.g6.t1                               0.4754263 0.3577883 0.4025662 0.4154322 0.3530110 0.2669169 0.2484037 0.2380334 0.2371493 0.2262390 0.0000000 0.4897163 0.4938319 0.5816273 0.5417632 0.5484057 0.3843455 0.4353189 0.4969115 0.4972508 0.5939497 0.5716786 0.5823198 0.5823198 0.5929234 0.5993837 0.6054576 0.5382293 0.6451761 0.6874471 0.8452830 0.7293385 0.5410500 0.7465766 0.9652005 0.8720791 0.7804693 0.7877403 0.7136214 0.7056123 0.7096380 0.6628767 0.9406685 0.7920478 0.7648778 0.9657259 0.9089451 0.7880024 1.5800651 0.4344331 
Adig_XM_015916728.1                                    0.5200837 0.4865134 0.4768389 0.3946712 0.3508088 0.5163334 0.5558268 0.5546862 0.5428004 0.4705601 0.4897163 0.0000000 0.2724043 0.3948864 0.3046258 0.3578832 0.4320482 0.4371917 0.4927499 0.4950681 0.6018165 0.6403080 0.4733415 0.4568549 0.4807207 0.4795781 0.5015880 0.6313566 0.7531560 0.8718413 0.7270979 0.8253770 0.6805855 0.6711114 0.8906031 0.8112815 0.8565194 0.8143302 0.6101542 0.7610737 0.5880776 0.0833934 0.8176451 0.9245445 0.8459592 1.0815622 0.8915970 1.2073408 1.5452242 0.8777313 
Spis_XP_022799652_1                                    0.5491909 0.4947691 0.4900113 0.4600688 0.3836204 0.6556031 0.6541423 0.6332984 0.5996208 0.6714766 0.4938319 0.2724043 0.0000000 0.1462825 0.2674913 0.3470445 0.5504551 0.5319742 0.5463216 0.6101914 0.7257367 0.7116262 0.5806766 0.5911950 0.5907169 0.5940581 0.6724013 0.6841896 0.8448227 0.9717503 0.8135349 0.9079656 0.7322057 0.7051590 0.9235379 0.8673386 0.8163635 0.8123437 0.5255391 0.9070116 0.6689725 0.3382807 0.8700178 0.9751006 0.8692663 1.0757549 0.7719381 1.0106998 1.3112388 0.8698719 
Pocdam_XM_027179928.1                                  0.5952454 0.6196935 0.6196648 0.5412711 0.5031759 0.7200625 0.7921805 0.7003937 0.6760424 0.6941140 0.5816273 0.3948864 0.1462825 0.0000000 0.4275742 0.4772730 0.6104056 0.6997267 0.5736671 0.6189566 0.8158834 0.7902367 0.7146254 0.7146254 0.7572657 0.7638140 0.7710458 0.8828063 0.9159961 1.0781096 0.8960956 0.9443233 0.8096559 0.7178237 1.0765251 1.0070261 0.8743316 0.8884202 0.6313532 0.8997015 0.6900563 0.5537008 0.9120696 0.9769036 1.0024946 0.9883002 0.7730551 1.0061005 1.3106152 0.4652109 
Gfas_gfas1.m1.2583.m1                                  0.4812824 0.4243564 0.4560667 0.5087328 0.4657567 0.6312900 0.6216698 0.5883774 0.5879753 0.5440693 0.5417632 0.3046258 0.2674913 0.4275742 0.0000000 0.3642116 0.5101518 0.5181639 0.5297906 0.5804411 0.6640656 0.6399565 0.5158981 0.4887299 0.5124948 0.5146870 0.5498688 0.7400800 0.7909661 0.7778759 0.6943248 0.8432329 0.7510701 0.6760487 0.8978200 0.8324760 0.9947344 0.9366390 0.5676520 0.9400257 0.7167266 0.3226848 0.7831563 0.8852274 0.8332475 1.1027298 0.9042315 1.0725525 1.3748278 0.9403750 
Gasp_gasp1.m3.6042.m1                                  0.5113438 0.5037626 0.5549243 0.5173646 0.4674331 0.6076625 0.5822802 0.5457814 0.5285128 0.5239534 0.5484057 0.3578832 0.3470445 0.4772730 0.3642116 0.0000000 0.5530043 0.5515387 0.5472631 0.6226018 0.7309132 0.6748427 0.5948115 0.5710797 0.5770611 0.5825395 0.6373746 0.6934078 0.8230007 0.7136222 0.7219525 0.8263698 0.7968902 0.8156843 1.0579620 0.9672124 0.9968863 0.9285787 0.6851754 0.9068459 0.8158605 0.4079973 0.9267935 0.9591123 0.8223234 1.0323384 0.8633174 1.0728976 1.4565749 0.8896548 
Chem_TCONS_00045593                                    0.5604874 0.5818860 0.5611326 0.4429216 0.4130961 0.3604311 0.4463794 0.4294120 0.4358402 0.4038048 0.3843455 0.4320482 0.5504551 0.6104056 0.5101518 0.5530043 0.0000000 0.5076942 0.6386399 0.6207206 0.7350568 0.7080095 0.6114549 0.6221096 0.6428887 0.6473890 0.6994631 0.6744906 0.7810900 0.5999065 0.6807111 0.8953252 0.7694251 0.8420751 0.9419487 0.9187421 1.0045195 0.9900627 0.6539903 1.0040935 0.7966729 0.5377180 1.0928375 1.1000383 0.9510007 1.1005584 1.0073507 1.0847365 1.6304552 1.1061073 
Nvec_v1g216064                                         0.4916924 0.4294639 0.4004668 0.3573375 0.3539917 0.4995624 0.4599809 0.4039824 0.4182168 0.3949837 0.4353189 0.4371917 0.5319742 0.6997267 0.5181639 0.5515387 0.5076942 0.0000000 0.5730203 0.5326810 0.5407628 0.5943173 0.4796456 0.4726786 0.4639427 0.4659074 0.5123053 0.6266621 0.8507043 0.7744914 0.7479238 0.8402285 0.7907092 0.7734665 1.0043747 0.9651982 0.9288362 0.8280740 0.6432979 0.8085915 0.6535382 0.5765523 0.8263583 0.9383783 0.9093281 0.9847376 0.7623794 0.9809325 1.4478038 1.1021592 
Opea_EP00118_Oscarella_pearsei_P014059                 0.5072146 0.4872992 0.4598919 0.4118614 0.3837688 0.6485369 0.5537114 0.5413231 0.5502738 0.5424098 0.4969115 0.4927499 0.5463216 0.5736671 0.5297906 0.5472631 0.6386399 0.5730203 0.0000000 0.5638177 0.6036323 0.6971996 0.5606242 0.6546213 0.7034318 0.7029648 0.6768009 0.6709545 0.8270851 0.5863890 0.6737966 0.7535648 0.7079674 0.6915249 0.8353912 0.9211791 0.8299169 0.9505442 0.4726543 0.8278227 0.7060213 0.6098041 0.8414326 0.9244998 0.7490736 0.9852564 0.7784569 1.1193351 1.4606381 1.0000715 
Cgig_XM_011437049.3                                    0.5132999 0.4263404 0.5345760 0.4736817 0.4073652 0.6185809 0.5793301 0.5182946 0.5233672 0.6026445 0.4972508 0.4950681 0.6101914 0.6189566 0.5804411 0.6226018 0.6207206 0.5326810 0.5638177 0.0000000 0.3957979 0.5424685 0.5967325 0.6566104 0.6665948 0.6735310 0.6531611 0.5568270 0.8951354 0.8716584 0.7217333 0.8640334 0.7789301 0.7133628 0.9440149 0.9825044 0.8841276 0.9139584 0.4779744 0.7580568 0.5966881 0.6440710 0.9275762 0.9311523 0.8168442 1.0021444 0.8310180 1.1169494 1.2480181 1.3104092 
Acagra_model.g7895.t1                                  0.5462020 0.5471158 0.5043392 0.4833161 0.4631209 0.7169016 0.7058056 0.6193272 0.6490284 0.6958874 0.5939497 0.6018165 0.7257367 0.8158834 0.6640656 0.7309132 0.7350568 0.5407628 0.6036323 0.3957979 0.0000000 0.4966442 0.5422525 0.5791197 0.6028243 0.6092800 0.6163888 0.4622822 0.9262399 0.8907594 0.7894738 0.9957195 0.8801503 0.7886651 1.0082147 1.0776112 0.9755511 0.9842253 0.6838660 0.9246611 0.5705392 0.7158745 1.0647127 1.1624235 1.0552983 1.1361077 0.9580913 1.0781375 1.1730737 1.2383228 
Ctel_gnl_WGS_AMQN_CAPTEDRAFT_mRNA202236                0.6010850 0.5635428 0.5868421 0.5658154 0.5295158 0.6687863 0.6307324 0.5862536 0.6063657 0.6506212 0.5716786 0.6403080 0.7116262 0.7902367 0.6399565 0.6748427 0.7080095 0.5943173 0.6971996 0.5424685 0.4966442 0.0000000 0.7436143 0.7771893 0.7974804 0.8164469 0.8411828 0.6833422 0.9105174 1.1106216 0.9073268 0.9101092 0.8334834 0.8297523 0.9921815 0.9997119 1.0017527 0.9738152 0.6836437 0.8157709 0.6500634 0.7707557 1.1324635 1.1568606 1.1314538 1.0996494 1.1187033 1.0481129 1.3607782 1.3095260 
Tadh_TriadT25605                                       0.5507735 0.5627299 0.4781163 0.5087973 0.5044014 0.6413565 0.5507033 0.5088895 0.5077256 0.4897988 0.5823198 0.4733415 0.5806766 0.7146254 0.5158981 0.5948115 0.6114549 0.4796456 0.5606242 0.5967325 0.5422525 0.7436143 0.0000000 0.0188836 0.0985281 0.0986573 0.0840906 0.7016202 0.8766771 0.8918151 0.7885574 0.8986376 0.7757690 0.7274146 0.9971493 0.9139309 1.0012141 0.9556139 0.7020150 0.7790306 0.7349352 0.5179327 0.9736518 0.8993799 0.9251052 1.0563156 0.9377653 0.9252030 1.4051249 1.1075720 
TrH2_TrispH2_006149-RA                                 0.5312102 0.5470299 0.4815586 0.4990586 0.4799070 0.6728538 0.5634506 0.5252845 0.5260237 0.5602972 0.5823198 0.4568549 0.5911950 0.7146254 0.4887299 0.5710797 0.6221096 0.4726786 0.6546213 0.6566104 0.5791197 0.7771893 0.0188836 0.0000000 0.0855264 0.0856243 0.1246288 0.7045120 0.9427769 0.8918151 0.7885574 0.9447420 0.8559121 0.7416079 0.9844018 0.9560229 1.0012141 0.9406386 0.7020150 0.8499858 0.7625910 0.4952843 0.9778913 1.0043182 0.9955728 1.0276465 0.9377653 0.9009130 1.4020676 1.2649278 
Hhon_g06400.t1                                         0.5559985 0.5553881 0.5064000 0.4990978 0.4816253 0.6660976 0.5612999 0.5067650 0.5309066 0.6074370 0.5929234 0.4807207 0.5907169 0.7572657 0.5124948 0.5770611 0.6428887 0.4639427 0.7034318 0.6665948 0.6028243 0.7974804 0.0985281 0.0855264 0.0000000 0.0117223 0.0570368 0.6712458 0.9128967 0.8593171 0.7797191 0.8856396 0.8631297 0.8005038 1.0095848 0.9559500 1.0187277 0.9257536 0.6956003 0.8675389 0.7891990 0.5262865 0.9897251 1.0095561 0.9488747 1.1212686 0.9101372 0.9129120 1.3988965 1.2473159 
HoiH23_PlH23_008686-RA                                 0.5678789 0.5606951 0.5072446 0.4984257 0.4866819 0.6697337 0.5655117 0.5216085 0.5277439 0.6078334 0.5993837 0.4795781 0.5940581 0.7638140 0.5146870 0.5825395 0.6473890 0.4659074 0.7029648 0.6735310 0.6092800 0.8164469 0.0986573 0.0856243 0.0117223 0.0000000 0.0568521 0.6768841 0.9184243 0.8543895 0.7775238 0.8935206 0.8682781 0.8039565 0.9961572 0.9419787 1.0165530 0.9421078 0.6934548 0.8836663 0.7874471 0.5249054 0.9846777 1.0271432 0.9527675 1.1276986 0.9193329 0.9129120 1.4042135 1.2454199 
HoiH04_mRNA7956                                        0.6190655 0.6078690 0.5563426 0.5542029 0.5301416 0.6866032 0.6157514 0.5641772 0.5755579 0.6130470 0.6054576 0.5015880 0.6724013 0.7710458 0.5498688 0.6373746 0.6994631 0.5123053 0.6768009 0.6531611 0.6163888 0.8411828 0.0840906 0.1246288 0.0570368 0.0568521 0.0000000 0.7038078 0.9472212 0.8857152 0.7886510 0.9703891 0.8911054 0.8042565 1.0248693 1.0331550 1.0140019 1.0196650 0.7021117 0.9037075 0.8184445 0.5539749 1.0308817 1.0002418 0.9604920 1.2001690 0.9305632 1.0076592 1.5621735 1.2611882 
Cscu_XM_023377813.1                                    0.6050821 0.5877554 0.5552338 0.5313516 0.4854874 0.6179487 0.6543830 0.5948769 0.5944376 0.6417928 0.5382293 0.6313566 0.6841896 0.8828063 0.7400800 0.6934078 0.6744906 0.6266621 0.6709545 0.5568270 0.4622822 0.6833422 0.7016202 0.7045120 0.6712458 0.6768841 0.7038078 0.0000000 0.9023972 1.0550019 0.9043732 0.9851122 0.8479522 0.9256372 0.9598278 1.1305921 0.9979592 0.9872989 0.6221536 1.0373554 0.5815392 0.7229520 0.9586029 1.0438696 0.8484688 1.2267756 0.9241294 1.1489835 1.3529466 1.2224902 
Mlei_ML1325.g2.i1                                      0.8602578 0.8240231 0.8118280 0.7282375 0.6427302 0.7958095 0.8507503 0.7485217 0.7333995 0.8207849 0.6451761 0.7531560 0.8448227 0.9159961 0.7909661 0.8230007 0.7810900 0.8507043 0.8270851 0.8951354 0.9262399 0.9105174 0.8766771 0.9427769 0.9128967 0.9184243 0.9472212 0.9023972 0.0000000 0.1120002 0.1261539 0.1867380 0.2267678 0.8648511 0.6902249 0.4682971 1.3045230 1.2325878 0.7037418 1.1288179 0.9603087 0.8556503 1.2232284 1.1422193 0.9909224 1.2137863 0.9058165 1.1675934 1.7488534 1.4952763 
Pbac_sb2656619                                         0.9211710 0.7149504 1.2051172 0.7379298 0.7154751 0.7208452 0.6546429 0.6024255 0.6365322 0.7131989 0.6874471 0.8718413 0.9717503 1.0781096 0.7778759 0.7136222 0.5999065 0.7744914 0.5863890 0.8716584 0.8907594 1.1106216 0.8918151 0.8918151 0.8593171 0.8543895 0.8857152 1.0550019 0.1120002 0.0000000 0.0000010 0.1550875 0.3191669 0.5315131 0.8090812 0.4355395 1.1782541 1.1033905 0.7297639 0.8771294 1.2634066 0.8718413 0.8550939 0.7156673 0.6197677 1.2307200 1.1564156 0.0000010 1.8612931 0.0000010 
Horcal_Hcv1.av93.c3.g1197.i1                           0.7337658 0.6833293 0.8536865 0.7244979 0.6856976 0.8235963 0.8235997 0.7418978 0.7573190 0.8001155 0.8452830 0.7270979 0.8135349 0.8960956 0.6943248 0.7219525 0.6807111 0.7479238 0.6737966 0.7217333 0.7894738 0.9073268 0.7885574 0.7885574 0.7797191 0.7775238 0.7886510 0.9043732 0.1261539 0.0000010 0.0000000 0.1921238 0.3474716 0.6469585 0.7991800 0.5976345 0.9517427 0.9610480 0.7304860 0.9215215 1.0195994 0.7270979 0.8525405 0.8968634 0.8069859 0.9272830 0.8479969 0.5459018 1.4025561 0.3932409 
Beraby_Baby_sb331961                                   0.8928112 0.7876300 0.8932771 0.7794557 0.7277217 0.8400462 0.8280367 0.7417919 0.7549116 0.8754179 0.7293385 0.8253770 0.9079656 0.9443233 0.8432329 0.8263698 0.8953252 0.8402285 0.7535648 0.8640334 0.9957195 0.9101092 0.8986376 0.9447420 0.8856396 0.8935206 0.9703891 0.9851122 0.1867380 0.1550875 0.1921238 0.0000000 0.2920233 0.8835817 0.7590080 0.5029282 1.3500826 1.2950912 0.6902909 1.1074732 1.0289215 0.9256779 1.2364778 1.2349586 1.0033603 1.1768848 0.8242077 1.1736597 1.7494628 1.5246154 
Lampan_Lpan_C403623_01                                 0.7717683 0.7486641 0.7429523 0.6786152 0.6146251 0.7245911 0.7461876 0.6459308 0.6502869 0.7207450 0.5410500 0.6805855 0.7322057 0.8096559 0.7510701 0.7968902 0.7694251 0.7907092 0.7079674 0.7789301 0.8801503 0.8334834 0.7757690 0.8559121 0.8631297 0.8682781 0.8911054 0.8479522 0.2267678 0.3191669 0.3474716 0.2920233 0.0000000 0.8651147 0.5831438 0.4269666 1.1840099 1.0887266 0.6140962 1.0138339 0.8782426 0.7606658 1.1832146 1.1496421 0.9370902 1.1261295 0.8271962 1.0882130 1.7197878 1.2940855 
Clacor_Ccor_C542625_01                                 0.7756608 0.6468106 0.6906642 0.6913300 0.6640032 0.8327524 0.7813490 0.8153587 0.8322568 0.8380984 0.7465766 0.6711114 0.7051590 0.7178237 0.6760487 0.8156843 0.8420751 0.7734665 0.6915249 0.7133628 0.7886651 0.8297523 0.7274146 0.7416079 0.8005038 0.8039565 0.8042565 0.9256372 0.8648511 0.5315131 0.6469585 0.8835817 0.8651147 0.0000000 0.9607031 0.9621368 0.9007296 0.9936083 0.4410765 0.9364559 0.9836496 0.7928406 0.8836232 0.8733600 0.7150865 1.2719774 0.9653919 1.3126142 1.7173193 1.5023115 
Vmul_Simscaffold9093_01                                0.8532313 0.9650266 0.9282059 0.7770794 0.7494334 1.0390143 0.9741922 0.9175238 0.9204035 0.9595460 0.9652005 0.8906031 0.9235379 1.0765251 0.8978200 1.0579620 0.9419487 1.0043747 0.8353912 0.9440149 1.0082147 0.9921815 0.9971493 0.9844018 1.0095848 0.9961572 1.0248693 0.9598278 0.6902249 0.8090812 0.7991800 0.7590080 0.5831438 0.9607031 0.0000000 0.3896699 1.1591083 1.1247603 0.8710567 1.1759104 0.9843271 1.0759445 1.1527920 1.1210180 0.8841125 1.3160458 1.0654645 1.1804332 1.8934834 1.8627677 
Coemet_Cmet_scaffold11313_01                           0.7941038 0.8922118 0.8337155 0.7619464 0.7236102 0.8912422 0.8684867 0.7949289 0.7867405 0.8496944 0.8720791 0.8112815 0.8673386 1.0070261 0.8324760 0.9672124 0.9187421 0.9651982 0.9211791 0.9825044 1.0776112 0.9997119 0.9139309 0.9560229 0.9559500 0.9419787 1.0331550 1.1305921 0.4682971 0.4355395 0.5976345 0.5029282 0.4269666 0.9621368 0.3896699 0.0000000 1.2248462 1.1792078 0.9599863 1.2267686 1.0832268 0.9886578 1.2636386 1.1994356 1.0386627 1.3480248 1.0445400 1.1446540 1.8917452 1.8168695 
Emue_Em0429g8a.t1                                      0.9065508 0.8001551 0.9242648 0.7203624 0.7131802 0.9736056 0.9481331 0.9349825 0.9479382 0.9156341 0.7804693 0.8565194 0.8163635 0.8743316 0.9947344 0.9968863 1.0045195 0.9288362 0.8299169 0.8841276 0.9755511 1.0017527 1.0012141 1.0012141 1.0187277 1.0165530 1.0140019 0.9979592 1.3045230 1.1782541 0.9517427 1.3500826 1.1840099 0.9007296 1.1591083 1.2248462 0.0000000 0.0941428 0.3152449 0.7365287 1.0993118 1.0798541 1.1312305 1.1081132 1.0833990 1.3071273 0.8837092 1.3051554 1.6615377 1.2720290 
Spolac_c97249_g1_i3_m.14590c97249-g1                   0.8793186 0.7434255 0.8647490 0.7095916 0.6896187 0.9482102 0.9301503 0.8774182 0.9193821 0.9105171 0.7877403 0.8143302 0.8123437 0.8884202 0.9366390 0.9285787 0.9900627 0.8280740 0.9505442 0.9139584 0.9842253 0.9738152 0.9556139 0.9406386 0.9257536 0.9421078 1.0196650 0.9872989 1.2325878 1.1033905 0.9610480 1.2950912 1.0887266 0.9936083 1.1247603 1.1792078 0.0941428 0.0000000 0.3897534 0.7242575 1.0856091 1.0015249 1.1245847 1.1665359 1.1065157 1.1720195 0.8845570 1.0013791 1.6763176 1.6460596 
Stycar_maker-SC_scaffold4338-snap-gene-0.7-mRNA-1      0.4788991 0.4405178 0.5936728 0.4929282 0.4454007 0.6663567 0.7953859 0.7093902 0.7225290 0.7271984 0.7136214 0.6101542 0.5255391 0.6313532 0.5676520 0.6851754 0.6539903 0.6432979 0.4726543 0.4779744 0.6838660 0.6836437 0.7020150 0.7020150 0.6956003 0.6934548 0.7021117 0.6221536 0.7037418 0.7297639 0.7304860 0.6902909 0.6140962 0.4410765 0.8710567 0.9599863 0.3152449 0.3897534 0.0000000 0.3716909 0.9438672 0.6101542 0.7912520 0.9354887 0.8322175 0.7414066 0.7681533 0.1792809 1.2695634 0.1253064 
Tetwil_g3164.t1                                        0.8863274 0.7721407 0.9074991 0.7820092 0.7220350 0.8986527 0.8353367 0.7375854 0.7515560 0.7718076 0.7056123 0.7610737 0.9070116 0.8997015 0.9400257 0.9068459 1.0040935 0.8085915 0.8278227 0.7580568 0.9246611 0.8157709 0.7790306 0.8499858 0.8675389 0.8836663 0.9037075 1.0373554 1.1288179 0.8771294 0.9215215 1.1074732 1.0138339 0.9364559 1.1759104 1.2267686 0.7365287 0.7242575 0.3716909 0.0000000 1.1383581 0.9711588 1.0961129 1.3012941 1.2057493 1.2059591 0.9924733 0.9983015 1.5231359 1.6605483 
Tcas_TC033827_001                                      0.7215232 0.7342979 0.6684210 0.5883062 0.5296334 0.8392726 0.8428809 0.7973477 0.7897082 0.7859416 0.7096380 0.5880776 0.6689725 0.6900563 0.7167266 0.8158605 0.7966729 0.6535382 0.7060213 0.5966881 0.5705392 0.6500634 0.7349352 0.7625910 0.7891990 0.7874471 0.8184445 0.5815392 0.9603087 1.2634066 1.0195994 1.0289215 0.8782426 0.9836496 0.9843271 1.0832268 1.0993118 1.0856091 0.9438672 1.1383581 0.0000000 0.8418429 1.0545352 1.1942675 1.0907041 1.1401581 0.9503582 1.1358920 1.1406132 1.0571655 
Amil_Amillepora19950-RA                                0.6834988 0.5598494 0.5925272 0.5604134 0.5231729 0.6740272 0.7457559 0.7568892 0.7404470 0.6594653 0.6628767 0.0833934 0.3382807 0.5537008 0.3226848 0.4079973 0.5377180 0.5765523 0.6098041 0.6440710 0.7158745 0.7707557 0.5179327 0.4952843 0.5262865 0.5249054 0.5539749 0.7229520 0.8556503 0.8718413 0.7270979 0.9256779 0.7606658 0.7928406 1.0759445 0.9886578 1.0798541 1.0015249 0.6101542 0.9711588 0.8418429 0.0000000 1.0208157 1.0653415 1.0011411 1.2192834 1.0741245 1.3269815 1.5083931 1.4657705 
Lcom_lcpid120197                                       0.8357357 0.9055814 0.9099358 0.8298134 0.7598852 1.0577114 0.9355270 0.9135934 0.8857299 0.9478873 0.9406685 0.8176451 0.8700178 0.9120696 0.7831563 0.9267935 1.0928375 0.8263583 0.8414326 0.9275762 1.0647127 1.1324635 0.9736518 0.9778913 0.9897251 0.9846777 1.0308817 0.9586029 1.2232284 0.8550939 0.8525405 1.2364778 1.1832146 0.8836232 1.1527920 1.2636386 1.1312305 1.1245847 0.7912520 1.0961129 1.0545352 1.0208157 0.0000000 0.6956673 0.4615900 1.3684997 1.0299953 1.3486637 1.5958415 1.6407016 
Gracom_Gcom_scaffold14384_01                           0.9925777 0.8869508 0.9619346 0.9267989 0.8544765 0.9889622 0.9585005 0.9596279 0.9981292 0.9740801 0.7920478 0.9245445 0.9751006 0.9769036 0.8852274 0.9591123 1.1000383 0.9383783 0.9244998 0.9311523 1.1624235 1.1568606 0.8993799 1.0043182 1.0095561 1.0271432 1.0002418 1.0438696 1.1422193 0.7156673 0.8968634 1.2349586 1.1496421 0.8733600 1.1210180 1.1994356 1.1081132 1.1665359 0.9354887 1.3012941 1.1942675 1.0653415 0.6956673 0.0000000 0.4005899 1.4859885 1.1894837 1.2662513 1.8685748 1.6832196 
Leuniv_Lniv_scaffold25554_01                           0.9011881 0.8132864 0.8671532 0.7898151 0.7414191 0.8698317 0.8014085 0.7920953 0.7817804 0.8431342 0.7648778 0.8459592 0.8692663 1.0024946 0.8332475 0.8223234 0.9510007 0.9093281 0.7490736 0.8168442 1.0552983 1.1314538 0.9251052 0.9955728 0.9488747 0.9527675 0.9604920 0.8484688 0.9909224 0.6197677 0.8069859 1.0033603 0.9370902 0.7150865 0.8841125 1.0386627 1.0833990 1.1065157 0.8322175 1.2057493 1.0907041 1.0011411 0.4615900 0.4005899 0.0000000 1.4002407 1.0386089 1.1099718 1.6738957 1.6187963 
Aque_Aqu2.1.33504_001                                  0.9455417 1.0441798 1.0025127 0.8991509 0.8300390 1.1891177 1.1281266 1.0250054 0.9981310 1.0245708 0.9657259 1.0815622 1.0757549 0.9883002 1.1027298 1.0323384 1.1005584 0.9847376 0.9852564 1.0021444 1.1361077 1.0996494 1.0563156 1.0276465 1.1212686 1.1276986 1.2001690 1.2267756 1.2137863 1.2307200 0.9272830 1.1768848 1.1261295 1.2719774 1.3160458 1.3480248 1.3071273 1.1720195 0.7414066 1.2059591 1.1401581 1.2192834 1.3684997 1.4859885 1.4002407 0.0000000 0.2899896 0.4195740 1.5652208 1.8114317 
Halamb_c53570_g2_i1mm.5305                             0.8060263 0.8023531 0.7654933 0.6887583 0.6459736 0.9339058 1.0010072 0.8254392 0.8219653 0.8398571 0.9089451 0.8915970 0.7719381 0.7730551 0.9042315 0.8633174 1.0073507 0.7623794 0.7784569 0.8310180 0.9580913 1.1187033 0.9377653 0.9377653 0.9101372 0.9193329 0.9305632 0.9241294 0.9058165 1.1564156 0.8479969 0.8242077 0.8271962 0.9653919 1.0654645 1.0445400 0.8837092 0.8845570 0.7681533 0.9924733 0.9503582 1.0741245 1.0299953 1.1894837 1.0386089 0.2899896 0.0000000 0.5374985 1.2478068 0.6492895 
Xestes_maker-XT_scaffold4413-augustus-gene-0.19-mRNA-1 1.0206655 0.9166184 1.0201252 0.9852789 0.9759370 1.0980519 1.0608137 0.9932959 1.0300904 1.0372904 0.7880024 1.2073408 1.0106998 1.0061005 1.0725525 1.0728976 1.0847365 0.9809325 1.1193351 1.1169494 1.0781375 1.0481129 0.9252030 0.9009130 0.9129120 0.9129120 1.0076592 1.1489835 1.1675934 0.0000010 0.5459018 1.1736597 1.0882130 1.3126142 1.1804332 1.1446540 1.3051554 1.0013791 0.1792809 0.9983015 1.1358920 1.3269815 1.3486637 1.2662513 1.1099718 0.4195740 0.5374985 0.0000000 1.5022250 1.9438317 
Dpul_mRNA23651                                         1.5655374 1.4226785 1.4469068 1.2791178 1.1990892 1.8052873 1.6770589 1.5051851 1.4950280 1.6466623 1.5800651 1.5452242 1.3112388 1.3106152 1.3748278 1.4565749 1.6304552 1.4478038 1.4606381 1.2480181 1.1730737 1.3607782 1.4051249 1.4020676 1.3988965 1.4042135 1.5621735 1.3529466 1.7488534 1.8612931 1.4025561 1.7494628 1.7197878 1.7173193 1.8934834 1.8917452 1.6615377 1.6763176 1.2695634 1.5231359 1.1406132 1.5083931 1.5958415 1.8685748 1.6738957 1.5652208 1.2478068 1.5022250 0.0000000 2.1180956 
Fspp_ffun1.m4.18296.m1                                 1.1724823 1.1346962 1.0337213 1.0323798 0.9447292 1.2330280 1.1928423 1.1429349 1.0991158 1.2345530 0.4344331 0.8777313 0.8698719 0.4652109 0.9403750 0.8896548 1.1061073 1.1021592 1.0000715 1.3104092 1.2383228 1.3095260 1.1075720 1.2649278 1.2473159 1.2454199 1.2611882 1.2224902 1.4952763 0.0000010 0.3932409 1.5246154 1.2940855 1.5023115 1.8627677 1.8168695 1.2720290 1.6460596 0.1253064 1.6605483 1.0571655 1.4657705 1.6407016 1.6832196 1.6187963 1.8114317 0.6492895 1.9438317 2.1180956 0.0000000 
