55
Hsap_ENST00000245796                                   0.0000000 2.4557141 2.5510055 1.7436271 2.6158483 2.1091360 1.3867498 2.7784987 2.7470231 2.8845339 3.2419125 2.9481996 2.5632733 2.7992935 3.0765825 3.1219775 3.0289214 1.6618583 2.8694933 2.8022461 2.9635195 2.6966130 2.0371936 2.6224023 2.3959479 2.3888385 2.5176391 3.2199339 2.9758763 3.3902652 3.4582946 3.6107787 3.4110128 3.3128928 2.9821347 4.1538659 3.6828955 3.7003339 3.6533090 3.6489580 3.6395341 3.9731585 3.5567429 3.4294920 3.3434555 2.8142023 3.7797090 3.5085897 5.1212583 3.2236789 3.1814489 2.9531356 3.4014654 2.9720564 3.7720352 
Tcas_TC011095_001                                      2.4557141 0.0000000 0.9195244 0.7740368 1.2408225 1.1743364 1.4395121 2.5524251 2.5566354 2.6782527 2.8990818 2.6111571 2.3014443 2.5404080 2.9450792 2.9512061 2.4300633 1.2952002 2.6069334 2.4737748 2.6769501 2.4284133 1.7268576 1.6613505 2.3301778 2.0009870 2.0972400 3.0125992 3.0533078 2.9917412 2.9758430 3.2484888 3.2204195 2.8284106 2.6983711 3.0300034 2.8956363 3.1425595 3.1536269 2.9990667 2.9781093 3.4198931 3.4436185 3.0910662 2.6903748 2.5142751 3.1380244 3.0660941 4.3136081 3.0134588 3.0911191 2.8018184 3.0601521 2.9920292 3.9307030 
Cscu_XM_023383010.1                                    2.5510055 0.9195244 0.0000000 0.7132246 1.1261282 1.1234509 1.4808327 2.7166561 2.7196159 2.6447600 3.0105671 2.7541003 2.3442992 2.5729001 3.1591453 3.3284888 2.8264375 1.4638004 2.8113507 2.7461698 3.0692737 2.7613330 1.6910510 1.7813803 2.4835057 2.2740593 2.1811328 2.9939629 3.0607785 2.9244671 2.9186643 3.4305339 3.2540421 2.9753592 2.7100934 3.6599495 3.2108468 3.1862936 3.2518924 3.1480952 3.1389795 3.8735805 3.3203271 3.1867792 3.1697697 2.4769127 3.4220758 3.3963396 4.5610409 3.2359502 3.3910699 3.0365578 3.2385821 3.4333862 4.2784506 
Ctel_gnl_WGS_AMQN_CAPTEDRAFT_mRNA113638                1.7436271 0.7740368 0.7132246 0.0000000 0.6306290 0.7034940 1.4064587 1.8627429 1.8149845 1.8562456 1.9464484 1.8672495 1.3575848 1.7494566 2.3097003 2.2878980 2.0081622 1.4642059 1.7951907 1.7418000 1.9177755 1.5154788 1.0949246 1.1277744 2.0698629 2.0343178 1.4260017 1.5679192 2.3170727 2.3191404 2.3077997 2.4607124 2.4506253 2.1702488 2.1409578 2.5442654 2.1817515 2.2729396 2.3466235 2.2266976 2.2266976 2.8506392 2.5309292 2.7667478 2.8194879 2.9500765 2.6817621 2.6951450 4.1314417 2.9644815 3.0272521 2.8701635 2.9283857 3.2171413 1.6184749 
Acagra_model.g4473.t1                                  2.6158483 1.2408225 1.1261282 0.6306290 0.0000000 0.8156325 1.4194343 2.5324280 2.5610284 2.5994071 2.8846403 2.6174520 2.1110503 2.4610663 3.3966760 3.3919423 2.8189039 1.4274038 2.9273721 2.8239270 2.8952156 2.6730034 1.6500264 1.9130502 2.3774631 2.3705350 2.2370752 3.3008991 2.8711329 3.0953666 2.9468506 3.2168402 3.4859892 2.9242252 2.6869765 3.6469117 3.2246798 3.2208041 3.3247503 3.1865030 3.1748830 3.8493582 3.6608165 3.8921777 3.2650730 2.9002490 3.6064536 3.5699617 5.7438101 3.1496723 3.2176915 3.0055945 3.3613065 3.2466884 4.3927427 
Cgig_XM_011444054.2                                    2.1091360 1.1743364 1.1234509 0.7034940 0.8156325 0.0000000 1.4506698 2.3477758 2.3034593 2.3506285 2.6339791 2.4504102 1.9637535 2.3947109 2.9200389 2.9506786 2.6806144 1.5161082 2.4981470 2.4591774 2.6425685 2.3612048 1.4362775 1.6548726 2.1538666 2.0197199 1.9225317 2.5399409 2.6734609 2.8267039 2.6414522 2.8336614 2.8307830 2.4307377 2.2899161 3.1872617 2.8765913 3.0074004 3.0511835 2.9574103 2.9568162 3.8167073 3.5429545 3.4317631 3.2376617 2.8928255 3.4374658 3.2909915 5.1065056 2.9606498 2.9519707 2.8674100 2.9914782 3.1930138 3.5319513 
Nvec_v1g124667                                         1.3867498 1.4395121 1.4808327 1.4064587 1.4194343 1.4506698 0.0000000 0.6231581 0.5322853 0.5659119 0.5775717 0.6028141 0.5380121 0.5451695 1.1084774 1.0805726 1.3377515 1.0888082 1.2370243 1.1703882 1.1954542 1.0551327 1.3948242 1.5869991 1.5820826 1.4471735 1.6773316 0.7419481 1.5817211 1.7281577 1.7421994 1.7816672 1.9856362 1.8837753 1.8226269 2.1990282 2.1537799 2.2599955 2.2367901 2.2567178 2.2350958 2.4155721 2.0034541 2.2098267 2.0864342 2.1200533 2.0901434 2.1757562 3.5489977 2.0682768 2.3116318 2.0971679 2.1676652 2.2145883 1.3875762 
Adig_XM_015912379.1                                    2.7784987 2.5524251 2.7166561 1.8627429 2.5324280 2.3477758 0.6231581 0.0000000 0.0069573 0.3232063 0.4346587 0.3963558 0.4966938 0.4297058 1.4325001 1.5931895 2.2121278 1.2998190 2.2245949 2.1401746 2.3442711 2.1304185 2.1060012 2.6664489 2.2417943 2.0251670 2.4503518 1.3602959 2.6860344 2.7219661 2.7902328 2.9394825 3.0904221 2.8737496 2.7368106 3.4517322 3.3117836 3.6183693 3.6532028 3.3734845 3.3944970 3.0562751 2.9568592 3.1433082 3.2562955 2.6707373 2.9690570 3.2141438 4.3209237 3.0033673 3.0268121 2.9191996 2.9456341 2.7512792 2.8814542 
Amil_Amillepora09652-RA                                2.7470231 2.5566354 2.7196159 1.8149845 2.5610284 2.3034593 0.5322853 0.0069573 0.0000000 0.3393067 0.4408004 0.4024403 0.5299268 0.4471172 1.4052672 1.5792670 2.2131284 1.2032872 2.2112998 2.1261940 2.2401942 2.1167997 2.0498557 2.7054015 2.2304844 1.9939388 2.4393514 1.2932176 2.6921525 2.6783734 2.8218207 2.9386254 3.1093590 2.8326272 2.6818706 3.3516316 3.2775515 3.5961736 3.6333543 3.3664992 3.3755947 3.0976474 3.0090054 3.1416765 3.2822409 2.7061514 3.0221065 3.2569162 4.3548433 2.8865440 2.9240275 2.7526449 2.8991217 2.5403397 2.8744687 
Gfas_gfas1.m1.15753.m1                                 2.8845339 2.6782527 2.6447600 1.8562456 2.5994071 2.3506285 0.5659119 0.3232063 0.3393067 0.0000000 0.3044129 0.2986991 0.3870508 0.3151350 1.3894471 1.5293971 2.1438494 1.2885363 2.1506070 2.1254967 2.3594335 1.9840364 2.0923802 2.5328312 2.3051357 1.8790265 2.3358970 1.2255503 2.5736768 2.7847263 2.8266424 2.9572077 3.0801970 2.8634517 2.6791094 3.3118379 3.1600741 3.5077203 3.5639494 3.3093859 3.3344224 3.1139420 3.1114414 3.1989885 3.3257023 2.7891450 3.1285662 3.2124731 4.5171071 2.8100165 3.0011643 2.9964511 2.9078302 2.7838523 2.7487759 
Spis_XP_022803415_1                                    3.2419125 2.8990818 3.0105671 1.9464484 2.8846403 2.6339791 0.5775717 0.4346587 0.4408004 0.3044129 0.0000000 0.0881032 0.3436723 0.3053347 1.4452994 1.5496964 2.3279518 1.4025917 2.4190062 2.2929500 2.6195003 2.3258229 2.3032536 2.9540156 2.3668204 2.1403068 2.4551191 1.3011377 2.7697082 2.8408244 2.9406476 3.0664475 3.2437152 3.3169392 3.0331505 3.7476628 3.5863631 3.8218071 3.8687587 3.6260425 3.6362109 3.0000055 2.8899577 3.1000008 3.1994317 2.5984226 2.9111095 2.9611208 4.7396539 2.9910847 3.1464603 3.0625344 3.0230102 2.7607967 3.1633171 
Pocdam_XM_027201678.1                                  2.9481996 2.6111571 2.7541003 1.8672495 2.6174520 2.4504102 0.6028141 0.3963558 0.4024403 0.2986991 0.0881032 0.0000000 0.3259235 0.2749747 1.3633124 1.5236781 2.1422975 1.3026323 2.2154981 2.1282246 2.3323951 2.1129369 2.1520966 2.5722791 2.2730874 2.0794527 2.3331483 1.2016256 2.5242264 2.5767391 2.7115884 2.8622729 3.0278079 2.9816710 2.7213718 3.3847467 3.2955550 3.6125006 3.6441170 3.4442876 3.4528977 3.0130562 2.9192016 2.9766531 3.1737762 2.6146525 2.9323584 3.0441723 4.3531375 2.9157549 3.0746750 2.8910173 2.9360303 2.8278177 2.7355627 
Fspp_ffun1.m4.31347.m1                                 2.5632733 2.3014443 2.3442992 1.3575848 2.1110503 1.9637535 0.5380121 0.4966938 0.5299268 0.3870508 0.3436723 0.3259235 0.0000000 0.2074708 1.6130422 1.7069673 2.0293302 1.0626265 1.9940237 2.0037325 2.1998015 2.1610672 1.7850777 2.1450649 1.8701658 1.7264911 2.1560378 1.4578851 1.9727000 2.2744233 2.3022485 2.5698137 2.8465177 2.8228562 2.5437787 2.7413305 2.7994298 3.2517688 3.2009263 3.0135236 3.0242985 3.2673216 2.9649508 3.0066651 2.8898026 2.2176411 2.8624860 3.0380744 4.6394135 2.3547050 2.5894331 2.3730790 2.4403349 2.2697049 3.4889444 
Gasp_gasp1.m3.26169.m1                                 2.7992935 2.5404080 2.5729001 1.7494566 2.4610663 2.3947109 0.5451695 0.4297058 0.4471172 0.3151350 0.3053347 0.2749747 0.2074708 0.0000000 1.5123023 1.6885951 2.3885245 1.3453573 2.3257711 2.2832707 2.3208558 2.2615621 2.0308913 2.5216027 2.1482784 1.8886478 2.4387334 1.4402207 2.2899599 2.6507479 2.7779506 2.8557162 3.0521474 3.1603896 2.9540717 3.3422273 3.1942507 3.6733824 3.7171801 3.3666652 3.3759629 3.2793906 3.0792258 3.2614435 3.1954390 2.7029919 3.1596101 3.2868183 5.0918267 2.9239764 3.0385636 2.8611355 2.8528947 2.9063860 3.5255451 
Dgig_XM_028559032.1                                    3.0765825 2.9450792 3.1591453 2.3097003 3.3966760 2.9200389 1.1084774 1.4325001 1.4052672 1.3894471 1.4452994 1.3633124 1.6130422 1.5123023 0.0000000 0.5961783 2.2166270 1.4631588 2.2746152 2.1376844 2.3515571 2.0424407 2.5859642 3.0334077 2.5567461 2.3535780 2.5713953 1.7492633 2.9303299 3.0382052 3.2033353 3.3116620 3.1429429 3.1315582 3.0143436 3.4451983 3.2191303 3.3218273 3.4547652 3.3175320 3.2934257 3.1478611 3.0830556 3.0661044 3.1899475 2.9442431 2.9656852 2.9343820 4.2709949 2.9543585 2.9556948 3.0053553 2.9141660 3.0416319 2.9352009 
Xesp_021787-T1                                         3.1219775 2.9512061 3.3284888 2.2878980 3.3919423 2.9506786 1.0805726 1.5931895 1.5792670 1.5293971 1.5496964 1.5236781 1.7069673 1.6885951 0.5961783 0.0000000 2.3075005 1.4584145 2.3356442 2.2511123 2.3428855 2.1473034 2.6879780 3.1755590 2.5916888 2.3498407 2.5808101 1.7253886 2.9840122 3.2212228 3.4331945 3.3752635 3.3091457 3.2290023 3.0546131 3.5486459 3.2991112 3.3191998 3.4920958 3.3309439 3.3137476 3.1133284 3.0157687 2.9514214 2.8827978 2.4842473 2.9313348 2.8412884 3.9546033 3.1406053 3.1193796 2.9396732 3.0719269 3.3338674 3.2465221 
Chem_TCONS_00013327                                    3.0289214 2.4300633 2.8264375 2.0081622 2.8189039 2.6806144 1.3377515 2.2121278 2.2131284 2.1438494 2.3279518 2.1422975 2.0293302 2.3885245 2.2166270 2.3075005 0.0000000 0.9117036 1.7999648 1.7337432 1.9506869 1.5395265 2.3891313 2.5030063 2.7708951 2.4560006 2.5392261 2.1582231 3.0020271 3.0369147 3.1813848 3.4632704 3.4432947 3.0002896 2.9481878 3.2337427 3.0598646 3.4460126 3.4796435 3.3749979 3.3539112 3.2335614 3.0828441 2.9417170 3.0937024 2.7766015 3.1280706 2.9871341 4.1442255 2.6363434 2.6637107 2.6517130 2.9692122 2.6908256 1.6928144 
Aaur_scaffold238.g9.t1                                 1.6618583 1.2952002 1.4638004 1.4642059 1.4274038 1.5161082 1.0888082 1.2998190 1.2032872 1.2885363 1.4025917 1.3026323 1.0626265 1.3453573 1.4631588 1.4584145 0.9117036 0.0000000 0.3054927 0.2965983 0.4113354 0.5945931 1.3464313 1.7154110 1.8965606 1.7863766 1.7621071 1.4128239 1.7233870 2.0226665 2.0526634 2.0717125 1.7877290 1.7885210 1.7062546 2.0937622 2.0091523 2.1221156 2.1316373 2.1671590 2.1671590 2.1274186 2.2292377 2.2984048 2.2451796 2.6551216 2.1954031 2.0760501 3.6760841 2.1944876 2.2463727 2.1954881 2.3961662 2.4210438 0.7591880 
Nemnom_g2833.t1                                        2.8694933 2.6069334 2.8113507 1.7951907 2.9273721 2.4981470 1.2370243 2.2245949 2.2112998 2.1506070 2.4190062 2.2154981 1.9940237 2.3257711 2.2746152 2.3356442 1.7999648 0.3054927 0.0000000 0.2655299 0.8995460 1.4542034 2.2508765 2.7712974 2.5341300 2.4565219 2.5993126 2.5687469 2.7487745 3.1200236 3.1314009 3.1037515 3.2661128 2.8459148 2.7464749 3.2742845 2.9304276 3.2363676 3.2751745 3.2088946 3.1994749 3.1975496 3.0963324 3.0971434 3.2885198 2.6950795 3.2454436 3.1784219 4.2024237 2.6160133 2.7568193 2.5237615 2.8240589 2.5264859 2.7573849 
Rhoesc_Res_003672-T1                                   2.8022461 2.4737748 2.7461698 1.7418000 2.8239270 2.4591774 1.1703882 2.1401746 2.1261940 2.1254967 2.2929500 2.1282246 2.0037325 2.2832707 2.1376844 2.2511123 1.7337432 0.2965983 0.2655299 0.0000000 0.8405652 1.3856840 2.2094677 2.7813869 2.5663137 2.4850714 2.6102080 2.5862711 2.8054291 3.0426972 2.9839593 3.1092689 3.2270337 2.8545542 2.7758778 3.0065783 2.7273755 3.0546831 3.1259794 3.0487355 3.0402720 2.8611336 2.8972314 2.8930962 3.0945697 2.7085923 2.9045022 2.8195163 3.8076743 2.6511190 2.7306053 2.5314186 2.8855436 2.5640608 2.6874402 
Sanmal_Sma_022617-T1                                   2.9635195 2.6769501 3.0692737 1.9177755 2.8952156 2.6425685 1.1954542 2.3442711 2.2401942 2.3594335 2.6195003 2.3323951 2.1998015 2.3208558 2.3515571 2.3428855 1.9506869 0.4113354 0.8995460 0.8405652 0.0000000 1.5169135 2.5045372 2.7978077 2.8669105 2.5226898 2.8311025 2.7036535 2.9022174 3.2516830 3.2689816 3.3049554 3.5970800 3.1200051 3.1380808 3.4114382 3.2644778 3.5654491 3.7150630 3.5904408 3.5723556 3.5812032 3.4783418 3.5173474 3.3013480 2.8544524 3.4292663 3.3364309 5.1683662 3.1151334 3.1795818 2.9258815 3.1593265 3.1580189 3.0540666 
Morvir_scaffold169.g25.t1                              2.6966130 2.4284133 2.7613330 1.5154788 2.6730034 2.3612048 1.0551327 2.1304185 2.1167997 1.9840364 2.3258229 2.1129369 2.1610672 2.2615621 2.0424407 2.1473034 1.5395265 0.5945931 1.4542034 1.3856840 1.5169135 0.0000000 2.2815473 2.4036063 2.3521617 2.1682859 2.2829240 2.3387702 2.8174980 2.6439499 2.6317591 2.8469449 3.0520868 2.6339123 2.6047029 3.0385086 3.0625867 3.1487679 3.2736611 2.9980113 2.9941763 2.8712969 2.8657475 2.6882259 2.8946176 2.4119652 2.9871413 2.7903625 3.7595348 2.7691910 2.9462720 2.5467962 2.8805589 2.2977139 2.2124063 
Skow_XM_006821191.1                                    2.0371936 1.7268576 1.6910510 1.0949246 1.6500264 1.4362775 1.3948242 2.1060012 2.0498557 2.0923802 2.3032536 2.1520966 1.7850777 2.0308913 2.5859642 2.6879780 2.3891313 1.3464313 2.2508765 2.2094677 2.5045372 2.2815473 0.0000000 1.8115852 1.7694401 1.8453642 1.7132435 2.6169661 2.2720822 2.4130390 2.3351232 2.5428420 2.6610639 2.5015986 2.3553294 3.4511498 3.2954587 3.0998469 3.0723510 3.1420719 3.1339725 3.3588945 3.3658873 3.0891364 2.9207131 2.5861843 3.2902471 3.1689345 4.3291413 2.5545799 3.0282408 2.6771891 2.8155382 2.4939369 3.9053496 
Dpul_mRNA25678                                         2.6224023 1.6613505 1.7813803 1.1277744 1.9130502 1.6548726 1.5869991 2.6664489 2.7054015 2.5328312 2.9540156 2.5722791 2.1450649 2.5216027 3.0334077 3.1755590 2.5030063 1.7154110 2.7712974 2.7813869 2.7978077 2.4036063 1.8115852 0.0000000 2.3050971 2.1669911 2.1733096 2.6085172 2.7266645 2.6456576 2.5258900 2.7586191 2.8907400 2.7024092 2.5579389 3.5343902 3.3084511 3.5330354 3.4572902 3.3902220 3.4125408 3.4934805 3.4980268 3.3261008 3.4730707 3.0178839 3.5335979 3.4832318 4.7340953 2.9925128 3.1845155 3.1745135 3.2720927 3.0054276 3.9310620 
Opea_EP00118_Oscarella_pearsei_P027083                 2.3959479 2.3301778 2.4835057 2.0698629 2.3774631 2.1538666 1.5820826 2.2417943 2.2304844 2.3051357 2.3668204 2.2730874 1.8701658 2.1482784 2.5567461 2.5916888 2.7708951 1.8965606 2.5341300 2.5663137 2.8669105 2.3521617 1.7694401 2.3050971 0.0000000 0.9491480 2.4617667 2.1859501 2.2083033 2.3767817 2.3583356 2.5760605 2.2726418 2.4820964 2.3942634 3.5476074 3.2315669 3.3133957 3.2951105 3.3161291 3.3162775 3.2268975 3.1282705 3.2663610 3.1397585 2.8413752 3.2630708 3.0354525 4.9789243 2.5982034 2.7467833 2.7533331 2.8325800 2.6021165 3.5590628 
Plajan_Pjan_scaffold18970_01                           2.3888385 2.0009870 2.2740593 2.0343178 2.3705350 2.0197199 1.4471735 2.0251670 1.9939388 1.8790265 2.1403068 2.0794527 1.7264911 1.8886478 2.3535780 2.3498407 2.4560006 1.7863766 2.4565219 2.4850714 2.5226898 2.1682859 1.8453642 2.1669911 0.9491480 0.0000000 2.1908850 2.0219352 1.8799387 2.1099712 2.1699890 2.3386463 2.3772389 2.3548462 2.2420094 3.2453272 2.9162027 2.9268122 3.0365037 2.8056637 2.8059427 3.2177349 3.1134999 3.0773848 3.2901881 3.0865474 3.1687257 3.1972071 4.4631669 2.3345024 2.4783899 2.6553090 2.5869394 2.2234358 3.5828465 
Spur_XM_030979531.1                                    2.5176391 2.0972400 2.1811328 1.4260017 2.2370752 1.9225317 1.6773316 2.4503518 2.4393514 2.3358970 2.4551191 2.3331483 2.1560378 2.4387334 2.5713953 2.5808101 2.5392261 1.7621071 2.5993126 2.6102080 2.8311025 2.2829240 1.7132435 2.1733096 2.4617667 2.1908850 0.0000000 2.2102635 2.7588084 2.6137149 2.7274939 2.7980039 2.6847665 2.4492085 2.3559071 3.4155534 3.1916388 3.4338419 3.4930747 3.3318949 3.3007391 3.1559378 3.0361471 3.0128005 2.8039933 2.8227013 3.1379963 3.0010512 4.0192638 2.8477244 2.8290119 2.6273105 2.8803616 2.6968078 3.4131647 
Exapal_XM_028658625.1                                  3.2199339 3.0125992 2.9939629 1.5679192 3.3008991 2.5399409 0.7419481 1.3602959 1.2932176 1.2255503 1.3011377 1.2016256 1.4578851 1.4402207 1.7492633 1.7253886 2.1582231 1.4128239 2.5687469 2.5862711 2.7036535 2.3387702 2.6169661 2.6085172 2.1859501 2.0219352 2.2102635 0.0000000 2.7570805 2.6410183 2.7641238 3.0164562 3.2674280 2.9368383 2.8086534 3.3930924 3.4011999 3.6246576 3.5939395 3.3475136 3.3654478 2.8320975 3.0496012 2.8184047 3.3793375 2.4013157 2.9640034 3.0640907 3.3089589 2.6124272 2.6683985 2.4135889 2.6255731 2.6382617 2.6806011 
Plespi_Pspi_scaffold13121_01                           2.9758763 3.0533078 3.0607785 2.3170727 2.8711329 2.6734609 1.5817211 2.6860344 2.6921525 2.5736768 2.7697082 2.5242264 1.9727000 2.2899599 2.9303299 2.9840122 3.0020271 1.7233870 2.7487745 2.8054291 2.9022174 2.8174980 2.2720822 2.7266645 2.2083033 1.8799387 2.7588084 2.7570805 0.0000000 1.8203603 1.8409471 1.8647924 1.8933484 1.9923957 1.8968705 3.7226162 3.3990323 3.4707490 3.4644311 3.2765201 3.2729316 3.6883190 3.5569246 3.5520347 3.2758765 2.7020355 3.6698506 3.5092625 5.1109374 2.4089671 2.5285544 2.4913377 2.5993803 2.3723238 4.6921985 
Aque_Aqu2.1.42492_001                                  3.3902652 2.9917412 2.9244671 2.3191404 3.0953666 2.8267039 1.7281577 2.7219661 2.6783734 2.7847263 2.8408244 2.5767391 2.2744233 2.6507479 3.0382052 3.2212228 3.0369147 2.0226665 3.1200236 3.0426972 3.2516830 2.6439499 2.4130390 2.6456576 2.3767817 2.1099712 2.6137149 2.6410183 1.8203603 0.0000000 0.4009310 0.5265882 1.1214160 1.1666649 1.1723155 3.4015132 3.0907739 3.1194377 3.1089313 3.0094482 3.0097921 3.2642345 2.8764412 3.3526357 3.2399336 3.0801545 3.2098190 3.1267114 4.2369205 2.7495859 2.8400660 2.6356111 2.8805803 2.5200484 3.2582347 
Halamb_c43525_g2_i1mm.1282                             3.4582946 2.9758430 2.9186643 2.3077997 2.9468506 2.6414522 1.7421994 2.7902328 2.8218207 2.8266424 2.9406476 2.7115884 2.3022485 2.7779506 3.2033353 3.4331945 3.1813848 2.0526634 3.1314009 2.9839593 3.2689816 2.6317591 2.3351232 2.5258900 2.3583356 2.1699890 2.7274939 2.7641238 1.8409471 0.4009310 0.0000000 0.4829340 1.1179756 1.2798279 1.2356110 3.6737104 3.3919278 3.4377368 3.4325279 3.2292508 3.2273774 3.3450928 2.8589918 3.3401901 3.2714340 2.9785365 3.1509887 3.1386467 4.2489803 2.7208753 2.7228396 2.9064210 2.9402323 2.6595876 3.3125178 
Xestes_maker-XT_scaffold1634-augustus-gene-0.33-mRNA-1 3.6107787 3.2484888 3.4305339 2.4607124 3.2168402 2.8336614 1.7816672 2.9394825 2.9386254 2.9572077 3.0664475 2.8622729 2.5698137 2.8557162 3.3116620 3.3752635 3.4632704 2.0717125 3.1037515 3.1092689 3.3049554 2.8469449 2.5428420 2.7586191 2.5760605 2.3386463 2.7980039 3.0164562 1.8647924 0.5265882 0.4829340 0.0000000 1.1930461 1.2770840 1.2241844 3.5656725 3.3816188 3.4415253 3.4133484 3.3105631 3.3008599 3.6134772 2.9675341 3.3678538 3.2992177 2.7900387 3.4102638 3.4429047 4.3163160 3.0042616 3.0859397 3.0788521 3.2471790 2.7672932 3.4308309 
Tetwil_g21091.t2                                       3.4110128 3.2204195 3.2540421 2.4506253 3.4859892 2.8307830 1.9856362 3.0904221 3.1093590 3.0801970 3.2437152 3.0278079 2.8465177 3.0521474 3.1429429 3.3091457 3.4432947 1.7877290 3.2661128 3.2270337 3.5970800 3.0520868 2.6610639 2.8907400 2.2726418 2.3772389 2.6847665 3.2674280 1.8933484 1.1214160 1.1179756 1.1930461 0.0000000 1.2201392 1.1471193 3.7545594 3.3796043 3.6880531 3.7217309 3.5806203 3.5618995 3.3099052 3.2215575 3.1012629 3.2935210 2.8014177 3.2481011 3.2182104 3.9954323 2.8061871 2.8245540 2.9837274 2.8737110 2.8685501 4.1961904 
Emue_Em0017g636a.t1                                    3.3128928 2.8284106 2.9753592 2.1702488 2.9242252 2.4307377 1.8837753 2.8737496 2.8326272 2.8634517 3.3169392 2.9816710 2.8228562 3.1603896 3.1315582 3.2290023 3.0002896 1.7885210 2.8459148 2.8545542 3.1200051 2.6339123 2.5015986 2.7024092 2.4820964 2.3548462 2.4492085 2.9368383 1.9923957 1.1666649 1.2798279 1.2770840 1.2201392 0.0000000 0.2041118 3.4816296 3.2070352 3.3582090 3.2584410 3.1156214 3.0995303 3.2944538 3.0082636 3.0993073 3.2489519 2.7708501 3.2232510 3.1170161 4.2780327 2.8159112 2.8689076 2.7181164 2.8309906 2.9962191 3.7163483 
Spolac_c103919_g1_i1_m.37013c103919-g1                 2.9821347 2.6983711 2.7100934 2.1409578 2.6869765 2.2899161 1.8226269 2.7368106 2.6818706 2.6791094 3.0331505 2.7213718 2.5437787 2.9540717 3.0143436 3.0546131 2.9481878 1.7062546 2.7464749 2.7758778 3.1380808 2.6047029 2.3553294 2.5579389 2.3942634 2.2420094 2.3559071 2.8086534 1.8968705 1.1723155 1.2356110 1.2241844 1.1471193 0.2041118 0.0000000 3.4000657 3.1606739 3.2241535 3.1496434 3.0666411 3.0497229 3.0934717 2.8337567 3.1206221 3.1283969 2.6485425 3.1871960 3.1087822 4.2394369 2.7743973 2.7993068 2.7064615 2.7595299 3.0526929 3.6387144 
Tadh_TriadT59149                                       4.1538659 3.0300034 3.6599495 2.5442654 3.6469117 3.1872617 2.1990282 3.4517322 3.3516316 3.3118379 3.7476628 3.3847467 2.7413305 3.3422273 3.4451983 3.5486459 3.2337427 2.0937622 3.2742845 3.0065783 3.4114382 3.0385086 3.4511498 3.5343902 3.5476074 3.2453272 3.4155534 3.3930924 3.7226162 3.4015132 3.6737104 3.5656725 3.7545594 3.4816296 3.4000657 0.0000000 0.0816859 0.7402236 0.7592218 0.7421805 0.7389012 3.9825353 3.8525294 4.0521636 3.8295719 3.6644256 3.9958751 3.7162876 5.2508090 3.7503008 3.6783686 3.5854857 3.4930728 3.7238065 3.3402838 
TrH2_TrispH2_009460-RA                                 3.6828955 2.8956363 3.2108468 2.1817515 3.2246798 2.8765913 2.1537799 3.3117836 3.2775515 3.1600741 3.5863631 3.2955550 2.7994298 3.1942507 3.2191303 3.2991112 3.0598646 2.0091523 2.9304276 2.7273755 3.2644778 3.0625867 3.2954587 3.3084511 3.2315669 2.9162027 3.1916388 3.4011999 3.3990323 3.0907739 3.3919278 3.3816188 3.3796043 3.2070352 3.1606739 0.0816859 0.0000000 0.6103919 0.6275825 0.5794245 0.5798384 3.9415124 3.8200961 3.7689804 3.6123922 3.2959725 3.8817006 3.5938603 4.9617861 3.3965678 3.3831094 3.2043457 3.2584153 3.4093815 3.2867211 
HoiH06_mRNA8961                                        3.7003339 3.1425595 3.1862936 2.2729396 3.2208041 3.0074004 2.2599955 3.6183693 3.5961736 3.5077203 3.8218071 3.6125006 3.2517688 3.6733824 3.3218273 3.3191998 3.4460126 2.1221156 3.2363676 3.0546831 3.5654491 3.1487679 3.0998469 3.5330354 3.3133957 2.9268122 3.4338419 3.6246576 3.4707490 3.1194377 3.4377368 3.4415253 3.6880531 3.3582090 3.2241535 0.7402236 0.6103919 0.0000000 0.0907619 0.2512053 0.2567876 4.0373670 3.8512470 3.6753283 3.5440621 3.2676782 3.8042031 3.5543175 4.5232478 3.5358708 3.6964167 3.6533163 3.4517308 3.8611294 3.3691035 
HoiH23_PlH23_000592-RA                                 3.6533090 3.1536269 3.2518924 2.3466235 3.3247503 3.0511835 2.2367901 3.6532028 3.6333543 3.5639494 3.8687587 3.6441170 3.2009263 3.7171801 3.4547652 3.4920958 3.4796435 2.1316373 3.2751745 3.1259794 3.7150630 3.2736611 3.0723510 3.4572902 3.2951105 3.0365037 3.4930747 3.5939395 3.4644311 3.1089313 3.4325279 3.4133484 3.7217309 3.2584410 3.1496434 0.7592218 0.6275825 0.0907619 0.0000000 0.2384061 0.2415128 3.9999136 3.8756227 3.6832010 3.6242686 3.3473190 3.8104528 3.5225780 4.5392328 3.4912162 3.6695373 3.5771018 3.4398338 3.8262811 3.5169896 
Hhon_g09899.t1                                         3.6489580 2.9990667 3.1480952 2.2266976 3.1865030 2.9574103 2.2567178 3.3734845 3.3664992 3.3093859 3.6260425 3.4442876 3.0135236 3.3666652 3.3175320 3.3309439 3.3749979 2.1671590 3.2088946 3.0487355 3.5904408 2.9980113 3.1420719 3.3902220 3.3161291 2.8056637 3.3318949 3.3475136 3.2765201 3.0094482 3.2292508 3.3105631 3.5806203 3.1156214 3.0666411 0.7421805 0.5794245 0.2512053 0.2384061 0.0000000 0.0056564 3.7378644 3.6755108 3.5302400 3.5921236 3.1254701 3.6664655 3.3407030 4.5080996 3.6056070 3.7213392 3.5533729 3.4237574 3.3998368 3.4515629 
HoiH04_mRNA151                                         3.6395341 2.9781093 3.1389795 2.2266976 3.1748830 2.9568162 2.2350958 3.3944970 3.3755947 3.3344224 3.6362109 3.4528977 3.0242985 3.3759629 3.2934257 3.3137476 3.3539112 2.1671590 3.1994749 3.0402720 3.5723556 2.9941763 3.1339725 3.4125408 3.3162775 2.8059427 3.3007391 3.3654478 3.2729316 3.0097921 3.2273774 3.3008599 3.5618995 3.0995303 3.0497229 0.7389012 0.5798384 0.2567876 0.2415128 0.0056564 0.0000000 3.7312022 3.6471502 3.5334233 3.5997043 3.1231042 3.6649488 3.3349877 4.5122851 3.6056070 3.7099652 3.5128342 3.3993236 3.3573658 3.4559533 
Mlei_ML4244.g2.i1                                      3.9731585 3.4198931 3.8735805 2.8506392 3.8493582 3.8167073 2.4155721 3.0562751 3.0976474 3.1139420 3.0000055 3.0130562 3.2673216 3.2793906 3.1478611 3.1133284 3.2335614 2.1274186 3.1975496 2.8611336 3.5812032 2.8712969 3.3588945 3.4934805 3.2268975 3.2177349 3.1559378 2.8320975 3.6883190 3.2642345 3.3450928 3.6134772 3.3099052 3.2944538 3.0934717 3.9825353 3.9415124 4.0373670 3.9999136 3.7378644 3.7312022 0.0000000 0.5124917 0.7115172 0.4594880 0.4273298 0.6404865 0.6782482 1.0658327 3.3402673 3.5444276 3.2720172 3.3343229 3.8181029 3.9421980 
Lampan_Lpan_15362_01                                   3.5567429 3.4436185 3.3203271 2.5309292 3.6608165 3.5429545 2.0034541 2.9568592 3.0090054 3.1114414 2.8899577 2.9192016 2.9649508 3.0792258 3.0830556 3.0157687 3.0828441 2.2292377 3.0963324 2.8972314 3.4783418 2.8657475 3.3658873 3.4980268 3.1282705 3.1134999 3.0361471 3.0496012 3.5569246 2.8764412 2.8589918 2.9675341 3.2215575 3.0082636 2.8337567 3.8525294 3.8200961 3.8512470 3.8756227 3.6755108 3.6471502 0.5124917 0.0000000 0.5829529 0.5064208 0.3921650 0.4458034 0.4669749 1.2322432 3.4558886 3.5580023 3.3747567 3.3894813 3.5522634 3.8617759 
Horcal_Hcv1.av93.c11.g894.i1                           3.4294920 3.0910662 3.1867792 2.7667478 3.8921777 3.4317631 2.2098267 3.1433082 3.1416765 3.1989885 3.1000008 2.9766531 3.0066651 3.2614435 3.0661044 2.9514214 2.9417170 2.2984048 3.0971434 2.8930962 3.5173474 2.6882259 3.0891364 3.3261008 3.2663610 3.0773848 3.0128005 2.8184047 3.5520347 3.3526357 3.3401901 3.3678538 3.1012629 3.0993073 3.1206221 4.0521636 3.7689804 3.6753283 3.6832010 3.5302400 3.5334233 0.7115172 0.5829529 0.0000000 0.5355809 0.3666319 0.7139134 0.6379500 0.3504847 3.4247458 3.6138655 3.4307065 3.5991759 3.4643245 3.5179116 
Drygla_Dgla_sb297191                                   3.3434555 2.6903748 3.1697697 2.8194879 3.2650730 3.2376617 2.0864342 3.2562955 3.2822409 3.3257023 3.1994317 3.1737762 2.8898026 3.1954390 3.1899475 2.8827978 3.0937024 2.2451796 3.2885198 3.0945697 3.3013480 2.8946176 2.9207131 3.4730707 3.1397585 3.2901881 2.8039933 3.3793375 3.2758765 3.2399336 3.2714340 3.2992177 3.2935210 3.2489519 3.1283969 3.8295719 3.6123922 3.5440621 3.6242686 3.5921236 3.5997043 0.4594880 0.5064208 0.5355809 0.0000000 0.2310709 0.6047892 0.6046351 1.3611824 3.5067960 3.7040613 3.5251794 3.8791565 3.7002579 4.7915686 
Beraby_Baby_sb333423                                   2.8142023 2.5142751 2.4769127 2.9500765 2.9002490 2.8928255 2.1200533 2.6707373 2.7061514 2.7891450 2.5984226 2.6146525 2.2176411 2.7029919 2.9442431 2.4842473 2.7766015 2.6551216 2.6950795 2.7085923 2.8544524 2.4119652 2.5861843 3.0178839 2.8413752 3.0865474 2.8227013 2.4013157 2.7020355 3.0801545 2.9785365 2.7900387 2.8014177 2.7708501 2.6485425 3.6644256 3.2959725 3.2676782 3.3473190 3.1254701 3.1231042 0.4273298 0.3921650 0.3666319 0.2310709 0.0000000 0.4588673 0.4574608 2.0190263 3.3222058 3.3228769 3.3060602 3.5800917 3.7982527 9.0000000 
Vmul_Simscaffold2481_01                                3.7797090 3.1380244 3.4220758 2.6817621 3.6064536 3.4374658 2.0901434 2.9690570 3.0221065 3.1285662 2.9111095 2.9323584 2.8624860 3.1596101 2.9656852 2.9313348 3.1280706 2.1954031 3.2454436 2.9045022 3.4292663 2.9871413 3.2902471 3.5335979 3.2630708 3.1687257 3.1379963 2.9640034 3.6698506 3.2098190 3.1509887 3.4102638 3.2481011 3.2232510 3.1871960 3.9958751 3.8817006 3.8042031 3.8104528 3.6664655 3.6649488 0.6404865 0.4458034 0.7139134 0.6047892 0.4588673 0.0000000 0.2975307 1.4272647 3.1587603 3.3126229 3.0586386 3.3322420 3.4607503 4.3254130 
Coemet_Cmet_C603670_01                                 3.5085897 3.0660941 3.3963396 2.6951450 3.5699617 3.2909915 2.1757562 3.2141438 3.2569162 3.2124731 2.9611208 3.0441723 3.0380744 3.2868183 2.9343820 2.8412884 2.9871341 2.0760501 3.1784219 2.8195163 3.3364309 2.7903625 3.1689345 3.4832318 3.0354525 3.1972071 3.0010512 3.0640907 3.5092625 3.1267114 3.1386467 3.4429047 3.2182104 3.1170161 3.1087822 3.7162876 3.5938603 3.5543175 3.5225780 3.3407030 3.3349877 0.6782482 0.4669749 0.6379500 0.6046351 0.4574608 0.2975307 0.0000000 1.2909478 3.2221739 3.3172118 3.1275432 3.2595952 3.3197756 3.8803568 
Pbac_sb2658386                                         5.1212583 4.3136081 4.5610409 4.1314417 5.7438101 5.1065056 3.5489977 4.3209237 4.3548433 4.5171071 4.7396539 4.3531375 4.6394135 5.0918267 4.2709949 3.9546033 4.1442255 3.6760841 4.2024237 3.8076743 5.1683662 3.7595348 4.3291413 4.7340953 4.9789243 4.4631669 4.0192638 3.3089589 5.1109374 4.2369205 4.2489803 4.3163160 3.9954323 4.2780327 4.2394369 5.2508090 4.9617861 4.5232478 4.5392328 4.5080996 4.5122851 1.0658327 1.2322432 0.3504847 1.3611824 2.0190263 1.4272647 1.2909478 0.0000000 4.8670513 4.6171648 4.8265374 4.7419140 6.0287722 4.0230959 
Scil_scict003568.1                                     3.2236789 3.0134588 3.2359502 2.9644815 3.1496723 2.9606498 2.0682768 3.0033673 2.8865440 2.8100165 2.9910847 2.9157549 2.3547050 2.9239764 2.9543585 3.1406053 2.6363434 2.1944876 2.6160133 2.6511190 3.1151334 2.7691910 2.5545799 2.9925128 2.5982034 2.3345024 2.8477244 2.6124272 2.4089671 2.7495859 2.7208753 3.0042616 2.8061871 2.8159112 2.7743973 3.7503008 3.3965678 3.5358708 3.4912162 3.6056070 3.6056070 3.3402673 3.4558886 3.4247458 3.5067960 3.3222058 3.1587603 3.2221739 4.8670513 0.0000000 0.5177789 0.5972499 0.6821005 1.2454273 2.9365379 
Gracom_Gcom_C557820_01                                 3.1814489 3.0911191 3.3910699 3.0272521 3.2176915 2.9519707 2.3116318 3.0268121 2.9240275 3.0011643 3.1464603 3.0746750 2.5894331 3.0385636 2.9556948 3.1193796 2.6637107 2.2463727 2.7568193 2.7306053 3.1795818 2.9462720 3.0282408 3.1845155 2.7467833 2.4783899 2.8290119 2.6683985 2.5285544 2.8400660 2.7228396 3.0859397 2.8245540 2.8689076 2.7993068 3.6783686 3.3831094 3.6964167 3.6695373 3.7213392 3.7099652 3.5444276 3.5580023 3.6138655 3.7040613 3.3228769 3.3126229 3.3172118 4.6171648 0.5177789 0.0000000 0.6058663 0.7576614 1.3027923 3.8605768 
Leuniv_Lniv_C809120_01                                 2.9531356 2.8018184 3.0365578 2.8701635 3.0055945 2.8674100 2.0971679 2.9191996 2.7526449 2.9964511 3.0625344 2.8910173 2.3730790 2.8611355 3.0053553 2.9396732 2.6517130 2.1954881 2.5237615 2.5314186 2.9258815 2.5467962 2.6771891 3.1745135 2.7533331 2.6553090 2.6273105 2.4135889 2.4913377 2.6356111 2.9064210 3.0788521 2.9837274 2.7181164 2.7064615 3.5854857 3.2043457 3.6533163 3.5771018 3.5533729 3.5128342 3.2720172 3.3747567 3.4307065 3.5251794 3.3060602 3.0586386 3.1275432 4.8265374 0.5972499 0.6058663 0.0000000 0.7469410 1.3711819 2.6203855 
Lcom_lcpid45374                                        3.4014654 3.0601521 3.2385821 2.9283857 3.3613065 2.9914782 2.1676652 2.9456341 2.8991217 2.9078302 3.0230102 2.9360303 2.4403349 2.8528947 2.9141660 3.0719269 2.9692122 2.3961662 2.8240589 2.8855436 3.1593265 2.8805589 2.8155382 3.2720927 2.8325800 2.5869394 2.8803616 2.6255731 2.5993803 2.8805803 2.9402323 3.2471790 2.8737110 2.8309906 2.7595299 3.4930728 3.2584153 3.4517308 3.4398338 3.4237574 3.3993236 3.3343229 3.3894813 3.5991759 3.8791565 3.5800917 3.3322420 3.2595952 4.7419140 0.6821005 0.7576614 0.7469410 0.0000000 1.2167529 3.2965605 
Clacor_Ccor_C535375_01                                 2.9720564 2.9920292 3.4333862 3.2171413 3.2466884 3.1930138 2.2145883 2.7512792 2.5403397 2.7838523 2.7607967 2.8278177 2.2697049 2.9063860 3.0416319 3.3338674 2.6908256 2.4210438 2.5264859 2.5640608 3.1580189 2.2977139 2.4939369 3.0054276 2.6021165 2.2234358 2.6968078 2.6382617 2.3723238 2.5200484 2.6595876 2.7672932 2.8685501 2.9962191 3.0526929 3.7238065 3.4093815 3.8611294 3.8262811 3.3998368 3.3573658 3.8181029 3.5522634 3.4643245 3.7002579 3.7982527 3.4607503 3.3197756 6.0287722 1.2454273 1.3027923 1.3711819 1.2167529 0.0000000 5.9774372 
Hvul_g11059_1                                          3.7720352 3.9307030 4.2784506 1.6184749 4.3927427 3.5319513 1.3875762 2.8814542 2.8744687 2.7487759 3.1633171 2.7355627 3.4889444 3.5255451 2.9352009 3.2465221 1.6928144 0.7591880 2.7573849 2.6874402 3.0540666 2.2124063 3.9053496 3.9310620 3.5590628 3.5828465 3.4131647 2.6806011 4.6921985 3.2582347 3.3125178 3.4308309 4.1961904 3.7163483 3.6387144 3.3402838 3.2867211 3.3691035 3.5169896 3.4515629 3.4559533 3.9421980 3.8617759 3.5179116 4.7915686 9.0000000 4.3254130 3.8803568 4.0230959 2.9365379 3.8605768 2.6203855 3.2965605 5.9774372 0.0000000 
