56
Hsap_ENST00000535715                                   0.0000000 0.9431987 1.4364818 0.9607056 1.1993972 1.0818720 1.4239071 1.4723423 1.4775334 1.4425558 1.4756548 1.3784648 1.0063105 1.0854688 0.9398695 1.1038043 1.0243476 0.9464745 1.0238247 1.0366727 0.9690751 1.1337641 1.2311093 1.3158709 1.5946566 1.2576983 1.1207758 1.6835589 1.8364965 1.8166088 1.6978052 1.1845130 1.2162777 1.2787686 1.4584462 1.6408682 1.8622995 1.3589641 1.4181216 1.8273197 1.6726233 1.7316791 1.7281583 1.7737922 1.8582289 1.8683476 2.3207825 2.3504786 2.4427886 2.3496595 2.7686487 2.5518464 2.2315800 2.4245440 2.4242896 2.9156614 
Bralan_BLAG04000932_1                                  0.9431987 0.0000000 1.1859151 0.6460940 0.9518556 0.9047626 0.9413903 1.0288769 1.1155859 1.0442895 1.0046020 1.0614520 0.9246395 0.7501368 0.7318757 1.4345348 0.9560631 0.8610842 0.9780988 0.9585095 0.8856170 0.9787548 0.8538327 0.9500038 1.0464467 1.0639993 1.0120684 1.1444208 1.2696531 1.2772656 1.2335345 1.0893206 1.0807729 1.0001914 1.1042316 1.2903179 1.4129520 1.3135598 1.0095255 1.4298852 1.4440111 1.5952196 1.4289796 1.6651310 1.7547669 1.7679121 1.8425651 2.2537576 2.1739974 2.0095881 2.1733294 2.0130230 2.1773820 2.1678502 2.1728797 2.6101793 
Tcas_TC008217_001                                      1.4364818 1.1859151 0.0000000 0.6666485 1.3385885 1.3221490 1.4533640 1.3898564 1.6044447 1.5181283 1.3785525 1.2655103 1.1149090 1.2163709 1.0244559 1.8234328 1.2664275 1.2109865 1.1959349 1.1728439 1.1066997 1.3278137 1.2341225 1.3483296 1.3832789 1.5117539 1.2556916 1.5762715 1.3380768 1.4560417 1.3330527 1.1914000 1.2613829 1.1923446 1.4637333 1.3684636 1.7078311 1.1056896 1.2916515 1.6653439 1.6667326 1.7424536 1.7304421 1.8339585 1.7190750 1.7532821 2.3327698 2.1228793 2.1560737 2.1643100 2.2210318 2.1851791 2.0581067 2.3333960 2.3519140 2.6233501 
Cscu_XM_023356302.1                                    0.9607056 0.6460940 0.6666485 0.0000000 0.5923608 0.6523221 0.9170451 0.8719474 0.9788244 0.8994772 0.8332525 0.7550607 1.1909895 0.7746628 0.8652610 1.7322445 0.9087505 0.7409334 0.8637019 0.7814109 0.7626227 0.8685918 0.9399451 1.0063809 0.9081679 0.8061490 0.7438731 1.3227685 1.0858196 1.1481661 0.9371681 0.8879807 0.8679123 0.8189855 0.9707030 0.9960451 1.1390811 0.9022231 1.0298363 1.0774541 1.4097699 1.4097699 1.4165287 1.3764373 1.4731026 1.4731026 1.5776069 1.9687947 1.7112643 1.6649616 1.9216942 1.8150995 1.8631988 1.9339648 1.9195887 2.4714799 
Cgig_XM_011451883.3                                    1.1993972 0.9518556 1.3385885 0.5923608 0.0000000 0.7167485 1.2494927 1.2991276 1.3516470 1.1816656 1.1253504 1.0866527 1.0899525 0.9954877 0.6617408 1.6343451 1.0963651 0.9906539 1.1009673 1.0359690 0.9903578 1.3059978 1.2172758 1.2301003 1.3021739 0.8476393 1.1159139 1.3202397 1.3174846 1.3843002 1.3238593 1.2797572 1.2393655 1.1481915 1.3628719 1.3392382 1.5580720 1.3414488 1.2855771 1.7484991 1.7930557 1.9126900 1.4770534 1.7115974 1.8565526 1.8366412 2.0346364 2.0883622 2.0155320 1.9663294 2.1872083 2.0507364 2.0498375 2.0723123 2.0919463 2.3362843 
Acagra_model.g15480.t1.1.5d3b87f7                      1.0818720 0.9047626 1.3221490 0.6523221 0.7167485 0.0000000 1.2376071 1.2920883 1.1797127 1.2765561 1.2142499 1.1157630 0.8968963 1.1059254 0.8032425 1.4173964 1.0326408 0.9822370 1.0644719 1.0676297 0.9854557 1.1975631 1.1776679 1.1013088 1.3218868 0.8046319 1.0512967 1.3741634 1.6508686 1.5909328 1.4676371 1.2348827 1.2278033 1.1865700 1.1536621 1.2802707 1.2446903 1.2270936 1.2399558 1.8033193 1.4677762 1.5921887 1.3173713 1.6706305 1.7410731 1.7226833 2.1196493 2.1388280 2.2191391 2.1607849 2.4554958 1.7747774 1.9946993 2.0541075 2.1077848 2.6132215 
Aque_Aqu2.1.38795_001                                  1.4239071 0.9413903 1.4533640 0.9170451 1.2494927 1.2376071 0.0000000 0.4263778 0.4098959 0.7825424 0.7794631 0.6818004 0.5804675 1.1605423 1.1549944 1.7988685 1.3018527 1.1962158 1.1300469 1.0742562 1.0791579 1.1496047 1.2804423 1.3516740 1.2483446 1.3885505 1.3907602 1.1404489 1.3183402 1.3009867 1.1821145 1.3846006 1.3995588 1.1477969 1.0020637 1.5005441 1.4292129 1.5561312 1.1073259 1.5056160 1.6249284 1.7155089 1.7006603 1.6479757 1.6994304 1.7343762 1.8716893 2.2038735 2.1137919 1.9212950 2.3564250 2.3095763 2.3178235 2.3888472 2.3968476 2.2584733 
Xestes_maker-XT_scaffold5936-augustus-gene-0.34-mRNA-1 1.4723423 1.0288769 1.3898564 0.8719474 1.2991276 1.2920883 0.4263778 0.0000000 0.4479705 0.6747869 0.6477205 0.5571979 0.3693080 1.0657889 1.0875200 1.6663974 1.1837554 1.1435547 1.0965061 1.1029716 1.0757092 1.1914912 1.2294550 1.2774010 1.3543047 1.4733049 1.1739078 1.1937448 1.3285523 1.3286690 1.2420955 1.2730995 1.3029018 1.1050737 0.9015279 1.4802831 1.7388482 1.5411975 1.0097703 1.4035496 1.6710054 1.8565237 1.6976035 1.7250740 1.7461374 1.7808060 1.7825486 1.9084143 2.0234476 1.6799842 1.9575174 1.8462114 2.1059596 2.2546125 2.2107380 2.0989180 
Halamb_c52616_g3_i3mm.4679                             1.4775334 1.1155859 1.6044447 0.9788244 1.3516470 1.1797127 0.4098959 0.4479705 0.0000000 0.8445136 0.8337162 0.6939862 0.5385145 1.2620879 1.1697475 1.6783770 1.2586192 1.2918439 1.2037325 1.1623022 1.1604997 1.1312373 1.2833586 1.4022335 1.2916734 1.3341736 1.3402056 1.2272473 1.4309629 1.3857981 1.3306894 1.4535498 1.4419259 1.1545663 1.0278811 1.4963158 1.6232494 1.7131196 1.1078902 1.6383398 1.6906036 1.7962311 1.7832023 1.7779299 1.8275299 1.8650236 1.8612148 2.3011476 2.4783434 2.1341824 2.3677045 2.5514414 2.1974863 2.4447516 2.4310556 2.3666932 
Emue_Em0019g194a.t1                                    1.4425558 1.0442895 1.5181283 0.8994772 1.1816656 1.2765561 0.7825424 0.6747869 0.8445136 0.0000000 0.1390811 0.4710761 0.5485623 1.1571181 1.0123051 1.6949710 1.2376467 1.1738445 1.1668100 1.1740805 1.1705614 1.2950797 1.1879472 1.2583460 1.3698899 1.4798455 1.3321525 1.4049198 1.4162896 1.4433359 1.4078326 1.4398902 1.4452579 1.0834984 0.7973381 1.4708063 1.7389033 1.6050375 1.0611368 1.6404140 1.7230229 1.8533777 2.0965190 1.8562119 2.0168470 2.0319558 1.8411420 2.0625825 2.1074307 2.1393537 2.2080757 2.3447637 2.0934543 2.3233118 2.3347850 2.5287378 
Spolac_c102949_g2_i1_m.31779c102949-g2                 1.4756548 1.0046020 1.3785525 0.8332525 1.1253504 1.2142499 0.7794631 0.6477205 0.8337162 0.1390811 0.0000000 0.4437008 0.4454884 1.1133870 0.9469226 1.6583838 1.1923102 1.1531917 1.1478901 1.1505599 1.1308229 1.2884882 1.1151068 1.2045250 1.2847651 1.3926323 1.1986105 1.3433700 1.4083881 1.4480379 1.3243311 1.3875820 1.3696870 1.0589407 0.7942227 1.4629730 1.7409474 1.5164584 1.0242737 1.6908912 1.6786098 1.8068015 2.0573142 1.8102944 1.9361903 1.9746072 1.8895146 2.0667486 2.1976568 2.1109917 2.1964014 2.3137966 2.2126363 2.3021111 2.3222898 2.4523384 
Tetwil_g21617.t2                                       1.3784648 1.0614520 1.2655103 0.7550607 1.0866527 1.1157630 0.6818004 0.5571979 0.6939862 0.4710761 0.4437008 0.0000000 0.3302025 1.1970771 0.9065797 1.5847421 1.1049371 1.0885858 1.0416570 1.0800994 1.0594847 1.1281490 1.0432377 1.0848174 1.1349320 1.2299344 1.2383086 1.3394752 1.3156792 1.3817649 1.1380697 1.2992388 1.2612056 0.9389253 0.8308235 1.2658370 1.4664301 1.4158145 0.8963797 1.5239636 1.6434225 1.7687972 1.9206052 1.7561643 1.8573381 1.8848511 1.8644029 2.0089805 2.0987482 1.9953166 2.0764118 1.9994836 2.1153492 2.3077384 2.3471360 2.4060486 
Stycar_maker-SC_scaffold84658-snap-gene-0.3-mRNA-1     1.0063105 0.9246395 1.1149090 1.1909895 1.0899525 0.8968963 0.5804675 0.3693080 0.5385145 0.5485623 0.4454884 0.3302025 0.0000000 0.8827126 0.9580996 0.9676983 0.9819038 0.8859379 0.8462289 0.9751663 0.9378296 1.0379258 0.9322577 0.9453446 0.9430470 0.8579488 0.7039113 0.9552967 0.9042968 0.8831399 0.8126776 1.3888392 1.3888392 0.9012853 0.7442354 1.0059698 1.2749044 1.1921231 1.2570299 1.5772588 1.4497753 1.4497753 1.5790919 1.5289200 1.5702135 1.6149949 2.4074280 1.3150049 1.5112185 1.1691980 1.3720693 1.4438008 1.5179302 1.3345954 1.3517566 1.7339042 
Exapal_XM_021053649.2                                  1.0854688 0.7501368 1.2163709 0.7746628 0.9954877 1.1059254 1.1605423 1.0657889 1.2620879 1.1571181 1.1133870 1.1970771 0.8827126 0.0000000 0.3563007 0.7666515 0.5352317 0.5561692 0.4869101 0.4841438 0.4625727 0.6014346 0.6560323 0.7438255 1.0917076 1.1656320 0.9692995 1.0337285 1.1160155 1.1279134 1.0435750 1.0629884 1.0173349 1.0753888 1.2441347 1.2989344 1.4070409 1.2662151 1.3741666 1.6896875 1.4175502 1.4986008 1.2989032 1.4323395 1.4768514 1.5069828 1.9424370 2.1633365 2.0186703 1.9182726 1.9751222 2.0738318 1.9183691 1.8883072 1.8816556 2.4357538 
Nvec_v1g96243                                          0.9398695 0.7318757 1.0244559 0.8652610 0.6617408 0.8032425 1.1549944 1.0875200 1.1697475 1.0123051 0.9469226 0.9065797 0.9580996 0.3563007 0.0000000 0.9215118 0.5389451 0.5507898 0.5309856 0.5271896 0.5209097 0.5637512 0.5812506 0.6903306 0.8453281 0.9451981 0.8241993 1.1388483 1.0256159 1.0673197 0.8821714 0.8424163 0.8237559 0.8539831 1.2052695 1.0743538 1.0702827 1.1051033 1.2357799 1.2943434 1.1448294 1.1448294 1.2049288 1.1049856 1.1797661 1.1650997 2.0624311 1.9277689 1.9527666 1.8351587 1.7689931 2.2113471 1.7144313 1.7702664 1.8388962 2.1003294 
Adig_XM_015908398.1                                    1.1038043 1.4345348 1.8234328 1.7322445 1.6343451 1.4173964 1.7988685 1.6663974 1.6783770 1.6949710 1.6583838 1.5847421 0.9676983 0.7666515 0.9215118 0.0000000 0.1377081 0.4789236 0.5320244 0.5326869 0.5192978 0.7423389 0.9224009 0.9737364 1.6366467 1.6050068 1.5375257 1.3259478 1.7722239 1.6742011 1.6296301 1.4465925 1.4274557 1.6075582 1.8243193 1.9594641 1.8726083 1.7986153 1.7307426 2.4835410 1.8057503 1.9024881 2.1883940 1.8245171 1.9006844 1.9094812 2.5202304 2.6941836 2.7372199 2.6533421 2.9633450 2.8736333 2.1955609 2.4653749 2.4840212 2.8857296 
Amil_Amillepora15527-RA                                1.0243476 0.9560631 1.2664275 0.9087505 1.0963651 1.0326408 1.3018527 1.1837554 1.2586192 1.2376467 1.1923102 1.1049371 0.9819038 0.5352317 0.5389451 0.1377081 0.0000000 0.2703221 0.3126297 0.3196315 0.3071528 0.3830209 0.6211061 0.7138713 1.1355478 1.2492584 1.0995716 1.2683516 1.2616160 1.2591488 1.1424394 1.0770968 1.0343297 1.0148944 1.3187725 1.3629690 1.3472813 1.3796774 1.2511351 1.6375775 1.3931334 1.4682514 1.3780595 1.3672713 1.4317411 1.4374534 1.9892162 2.1104043 2.0988156 2.1413094 2.3425215 1.9751693 1.7921822 1.9784766 1.9918497 2.3786758 
Gfas_gfas1.m1.20374.m1                                 0.9464745 0.8610842 1.2109865 0.7409334 0.9906539 0.9822370 1.1962158 1.1435547 1.2918439 1.1738445 1.1531917 1.0885858 0.8859379 0.5561692 0.5507898 0.4789236 0.2703221 0.0000000 0.2846853 0.2849743 0.2707975 0.3419991 0.6898231 0.7265061 1.1361664 1.1932399 0.9749342 1.2802407 1.1837703 1.1863486 1.1502413 1.0156323 0.9926857 0.9484227 1.2371596 1.3922757 1.4074752 1.3092080 1.1936118 1.5384623 1.4131166 1.4470488 1.3912977 1.3418679 1.4582627 1.4640651 2.0506222 2.1725944 2.0591740 2.0061382 2.1967009 2.1424908 1.8907443 1.9819183 1.9692431 2.3294345 
Fspp_ffun1.m4.5825.m1                                  1.0238247 0.9780988 1.1959349 0.8637019 1.1009673 1.0644719 1.1300469 1.0965061 1.2037325 1.1668100 1.1478901 1.0416570 0.8462289 0.4869101 0.5309856 0.5320244 0.3126297 0.2846853 0.0000000 0.1733520 0.1526605 0.2258774 0.6460689 0.7507375 1.1919332 1.2110873 1.0662955 1.3289740 1.3039735 1.2961670 1.1594434 1.1101395 1.0736410 1.0282497 1.2853943 1.3475805 1.3802325 1.2516954 1.3104375 1.5849722 1.5062937 1.5223049 1.4610096 1.4676167 1.5603310 1.5669123 2.0169989 2.2181635 2.1034884 1.9576065 2.0806781 2.1572606 1.8097871 2.0596419 2.0879379 2.3279742 
Spis_XP_022783254_1                                    1.0366727 0.9585095 1.1728439 0.7814109 1.0359690 1.0676297 1.0742562 1.1029716 1.1623022 1.1740805 1.1505599 1.0800994 0.9751663 0.4841438 0.5271896 0.5326869 0.3196315 0.2849743 0.1733520 0.0000000 0.0720771 0.2329346 0.6632156 0.7348754 1.1328358 1.2759421 1.0373187 1.3207588 1.2406831 1.2318943 1.1069685 1.0522543 1.0318549 1.0261950 1.2374467 1.3014857 1.3413016 1.2733796 1.2752233 1.6029405 1.4509106 1.5487803 1.3671177 1.4086787 1.5349123 1.5410804 1.9593437 2.0885683 2.0752075 1.9981706 2.2341472 2.1514849 1.8554656 2.1978618 2.1998254 2.3438119 
Pocdam_XM_027186423.1                                  0.9690751 0.8856170 1.1066997 0.7626227 0.9903578 0.9854557 1.0791579 1.0757092 1.1604997 1.1705614 1.1308229 1.0594847 0.9378296 0.4625727 0.5209097 0.5192978 0.3071528 0.2707975 0.1526605 0.0720771 0.0000000 0.2130143 0.6392240 0.7544418 1.0571880 1.1758608 1.0012217 1.3515051 1.2005182 1.2086442 1.0507853 0.9366437 0.9416288 0.9995482 1.2219804 1.2669189 1.3461192 1.2235767 1.2263345 1.5878899 1.5190699 1.5588586 1.3531578 1.3992642 1.5011028 1.5071969 1.9055374 2.1474186 2.0602226 2.0439933 2.0788302 2.1654123 1.8631335 2.1675709 2.1694904 2.2830889 
Gasp_gasp1.m3.18017.m1                                 1.1337641 0.9787548 1.3278137 0.8685918 1.3059978 1.1975631 1.1496047 1.1914912 1.1312373 1.2950797 1.2884882 1.1281490 1.0379258 0.6014346 0.5637512 0.7423389 0.3830209 0.3419991 0.2258774 0.2329346 0.2130143 0.0000000 0.7434130 0.9199064 1.1706842 1.4917958 1.1960206 1.4183965 1.3081277 1.2589582 1.1900494 1.1968480 1.1721509 1.1590554 1.2290091 1.3526342 1.4140541 1.4939361 1.2142982 1.7333214 1.6108048 1.7516618 1.5841663 1.6778201 1.7572699 1.7658753 2.1914845 2.4985683 2.4743543 2.4210593 2.5899486 2.8099758 2.2873993 2.7062147 2.7555215 2.6085937 
Dgig_XM_028540118.1                                    1.2311093 0.8538327 1.2341225 0.9399451 1.2172758 1.1776679 1.2804423 1.2294550 1.2833586 1.1879472 1.1151068 1.0432377 0.9322577 0.6560323 0.5812506 0.9224009 0.6211061 0.6898231 0.6460689 0.6632156 0.6392240 0.7434130 0.0000000 0.2741820 1.0197043 1.1503782 1.1431381 1.1790000 1.1216313 1.1538121 1.0641765 1.0404681 1.0185647 0.9778288 1.3017758 1.1715344 1.3550366 1.2298090 1.0230798 1.4767468 1.5080452 1.5250468 1.4981698 1.5166313 1.5623510 1.5946839 1.9477154 2.3379487 2.3347215 2.1360116 2.2038436 2.1240148 1.9159854 2.0604683 2.0310364 2.5578386 
Xesp_011784-T1                                         1.3158709 0.9500038 1.3483296 1.0063809 1.2301003 1.1013088 1.3516740 1.2774010 1.4022335 1.2583460 1.2045250 1.0848174 0.9453446 0.7438255 0.6903306 0.9737364 0.7138713 0.7265061 0.7507375 0.7348754 0.7544418 0.9199064 0.2741820 0.0000000 1.1227256 1.1150957 1.1200468 1.3457045 1.3239609 1.3208561 1.2635466 1.1878621 1.1152277 1.0460481 1.3595258 1.4066622 1.5143728 1.3486139 1.2013810 1.4620315 1.6225618 1.6531054 1.6178807 1.5963908 1.6040354 1.6369822 2.3172740 2.3661058 2.2811430 2.0426750 2.5195776 2.1432624 2.1010856 2.1708416 2.1674498 2.5039807 
Morvir_scaffold93.g26.t1                               1.5946566 1.0464467 1.3832789 0.9081679 1.3021739 1.3218868 1.2483446 1.3543047 1.2916734 1.3698899 1.2847651 1.1349320 0.9430470 1.0917076 0.8453281 1.6366467 1.1355478 1.1361664 1.1919332 1.1328358 1.0571880 1.1706842 1.0197043 1.1227256 0.0000000 1.3207222 1.4484576 0.7049722 0.8716958 0.8840009 0.7696452 1.2374549 1.3352435 1.2783586 1.2653999 0.8345760 1.2449983 1.8261647 1.3261920 1.8182938 1.7443541 1.8096203 1.8475569 1.9698773 2.0067627 2.0003758 2.2927065 2.5607586 2.3205135 2.3511087 2.5983117 2.4108382 2.1377676 2.4616935 2.4947575 3.1937163 
Ctel_gnl_WGS_AMQN_CAPTEDRAFT_mRNA154088                1.2576983 1.0639993 1.5117539 0.8061490 0.8476393 0.8046319 1.3885505 1.4733049 1.3341736 1.4798455 1.3926323 1.2299344 0.8579488 1.1656320 0.9451981 1.6050068 1.2492584 1.1932399 1.2110873 1.2759421 1.1758608 1.4917958 1.1503782 1.1150957 1.3207222 0.0000000 1.4302813 1.2497936 1.4186977 1.6354827 1.4053164 1.4271802 1.3952150 1.2778266 1.3909769 1.4534566 1.5721793 1.4388922 1.4100813 1.9106586 1.6349282 1.7078778 1.5555788 1.7601539 1.7865650 1.7878676 2.1517636 2.0525094 2.1809536 2.0486993 2.3018614 1.9461269 1.9992298 2.2355641 2.2350636 2.3493871 
Spur_XM_786400.5                                       1.1207758 1.0120684 1.2556916 0.7438731 1.1159139 1.0512967 1.3907602 1.1739078 1.3402056 1.3321525 1.1986105 1.2383086 0.7039113 0.9692995 0.8241993 1.5375257 1.0995716 0.9749342 1.0662955 1.0373187 1.0012217 1.1960206 1.1431381 1.1200468 1.4484576 1.4302813 0.0000000 1.5664384 1.5783916 1.5537746 1.5037924 1.2125872 1.2379132 1.1233626 1.0825934 1.6847478 1.7049719 1.2258978 1.3137907 1.7077804 1.6231764 1.7377187 1.5323602 1.8282283 1.9266771 1.9412212 2.1799964 2.0636088 1.9073522 2.1005131 2.1512516 1.8813733 2.0648151 1.9924817 2.0326860 2.4559672 
Aaur_scaffold286.g16.t1                                1.6835589 1.1444208 1.5762715 1.3227685 1.3202397 1.3741634 1.1404489 1.1937448 1.2272473 1.4049198 1.3433700 1.3394752 0.9552967 1.0337285 1.1388483 1.3259478 1.2683516 1.2802407 1.3289740 1.3207588 1.3515051 1.4183965 1.1790000 1.3457045 0.7049722 1.2497936 1.5664384 0.0000000 0.3613479 0.3186556 0.4391826 1.4139437 1.5957691 1.3134994 1.6411379 1.0485713 1.2407053 1.8566969 1.4683266 1.7794646 1.5316175 1.5316175 1.7257671 1.6852466 1.6698654 1.6732755 2.2275289 1.9373094 2.0772653 1.8098357 1.7745792 2.1121658 1.5722543 1.6191375 1.6317539 2.4187085 
Nemnom_g4841.t1                                        1.8364965 1.2696531 1.3380768 1.0858196 1.3174846 1.6508686 1.3183402 1.3285523 1.4309629 1.4162896 1.4083881 1.3156792 0.9042968 1.1160155 1.0256159 1.7722239 1.2616160 1.1837703 1.3039735 1.2406831 1.2005182 1.3081277 1.1216313 1.3239609 0.8716958 1.4186977 1.5783916 0.3613479 0.0000000 0.1631195 0.5006609 1.4654018 1.4865306 1.2028585 1.4646590 1.0746038 1.4109218 1.7502394 1.2790759 1.7506646 1.7147896 1.8412732 1.6973753 1.8660325 1.8565856 1.8506025 2.2622598 2.2489746 2.3105318 2.3553436 2.2931954 2.3988447 2.1335970 2.2693126 2.2977199 2.7483825 
Rhoesc_Res_001065-T1                                   1.8166088 1.2772656 1.4560417 1.1481661 1.3843002 1.5909328 1.3009867 1.3286690 1.3857981 1.4433359 1.4480379 1.3817649 0.8831399 1.1279134 1.0673197 1.6742011 1.2591488 1.1863486 1.2961670 1.2318943 1.2086442 1.2589582 1.1538121 1.3208561 0.8840009 1.6354827 1.5537746 0.3186556 0.1631195 0.0000000 0.4916366 1.5446660 1.5793294 1.2172719 1.5093676 1.0679603 1.3255058 1.7851298 1.3652174 1.8846526 1.6403970 1.7730648 1.6329638 1.8035057 1.7832202 1.7856828 2.2416868 2.3120612 2.2983750 2.3566038 2.2944240 2.4102366 2.1413269 2.2414848 2.2349756 2.8139196 
Sanmal_Sma_027186-T1                                   1.6978052 1.2335345 1.3330527 0.9371681 1.3238593 1.4676371 1.1821145 1.2420955 1.3306894 1.4078326 1.3243311 1.1380697 0.8126776 1.0435750 0.8821714 1.6296301 1.1424394 1.1502413 1.1594434 1.1069685 1.0507853 1.1900494 1.0641765 1.2635466 0.7696452 1.4053164 1.5037924 0.4391826 0.5006609 0.4916366 0.0000000 1.4677514 1.4626488 1.2980166 1.3524018 0.9168634 1.2222013 1.6161790 1.3745662 1.6771142 1.7200709 1.7711334 1.5659563 1.7888764 1.8007035 1.8032248 2.0689432 2.6807805 2.5302383 2.3074680 2.7866242 2.2860844 2.1749146 2.3068155 2.3484084 3.0781365 
Ocar_g5242                                             1.1845130 1.0893206 1.1914000 0.8879807 1.2797572 1.2348827 1.3846006 1.2730995 1.4535498 1.4398902 1.3875820 1.2992388 1.3888392 1.0629884 0.8424163 1.4465925 1.0770968 1.0156323 1.1101395 1.0522543 0.9366437 1.1968480 1.0404681 1.1878621 1.2374549 1.4271802 1.2125872 1.4139437 1.4654018 1.5446660 1.4677514 0.0000000 0.0042822 0.7810372 1.1677292 1.4945837 1.6444705 1.5459210 1.2355811 1.5082958 1.4816424 1.5714838 1.3420713 1.5318825 1.5168886 1.5496936 1.8494552 2.2127444 1.9298188 2.0631614 2.1362566 1.9661804 1.9800303 2.2107654 2.2290185 2.3896417 
Opea_EP00118_Oscarella_pearsei_P017566                 1.2162777 1.0807729 1.2613829 0.8679123 1.2393655 1.2278033 1.3995588 1.3029018 1.4419259 1.4452579 1.3696870 1.2612056 1.3888392 1.0173349 0.8237559 1.4274557 1.0343297 0.9926857 1.0736410 1.0318549 0.9416288 1.1721509 1.0185647 1.1152277 1.3352435 1.3952150 1.2379132 1.5957691 1.4865306 1.5793294 1.4626488 0.0042822 0.0000000 0.7559566 1.1931155 1.5526291 1.7290462 1.5234173 1.2489636 1.5629416 1.4899204 1.5745751 1.3239709 1.5730453 1.5673249 1.5990428 1.8707951 2.3188484 2.1692920 2.2037403 2.2687678 2.1687539 2.0879065 2.2938319 2.3230796 2.4728770 
Plajan_Pjan_C546543_01                                 1.2787686 1.0001914 1.1923446 0.8189855 1.1481915 1.1865700 1.1477969 1.1050737 1.1545663 1.0834984 1.0589407 0.9389253 0.9012853 1.0753888 0.8539831 1.6075582 1.0148944 0.9484227 1.0282497 1.0261950 0.9995482 1.1590554 0.9778288 1.0460481 1.2783586 1.2778266 1.1233626 1.3134994 1.2028585 1.2172719 1.2980166 0.7810372 0.7559566 0.0000000 1.0495824 1.5813144 1.7029027 1.4234268 1.0587363 1.5619032 1.6508443 1.7053003 1.5359097 1.6891103 1.7469170 1.7493915 1.9740702 2.0564907 2.1354901 2.2460404 2.2493791 1.8964949 2.0290797 1.9654615 1.9567460 2.3810466 
Plespi_Pspi_scaffold7464_01                            1.4584462 1.1042316 1.4637333 0.9707030 1.3628719 1.1536621 1.0020637 0.9015279 1.0278811 0.7973381 0.7942227 0.8308235 0.7442354 1.2441347 1.2052695 1.8243193 1.3187725 1.2371596 1.2853943 1.2374467 1.2219804 1.2290091 1.3017758 1.3595258 1.2653999 1.3909769 1.0825934 1.6411379 1.4646590 1.5093676 1.3524018 1.1677292 1.1931155 1.0495824 0.0000000 1.4377676 1.6444486 1.7496266 1.1041531 1.5119426 2.0092687 2.0290067 1.9810686 1.9996072 2.0633205 2.1049667 2.2800407 2.0267663 2.1590025 1.9730639 2.3459634 2.3403897 1.9869787 2.0327039 2.0406407 2.2426370 
Hvul_g30504_1                                          1.6408682 1.2903179 1.3684636 0.9960451 1.3392382 1.2802707 1.5005441 1.4802831 1.4963158 1.4708063 1.4629730 1.2658370 1.0059698 1.2989344 1.0743538 1.9594641 1.3629690 1.3922757 1.3475805 1.3014857 1.2669189 1.3526342 1.1715344 1.4066622 0.8345760 1.4534566 1.6847478 1.0485713 1.0746038 1.0679603 0.9168634 1.4945837 1.5526291 1.5813144 1.4377676 0.0000000 0.8081034 1.7184897 1.5547221 1.6978794 1.6944615 1.7460128 1.5716775 1.8654884 1.9044753 1.8982676 2.1397001 2.5281221 2.3398745 2.3544834 2.4717205 2.1064816 2.2039132 2.1527001 2.1270522 2.8287067 
Chem_TCONS_00025265                                    1.8622995 1.4129520 1.7078311 1.1390811 1.5580720 1.2446903 1.4292129 1.7388482 1.6232494 1.7389033 1.7409474 1.4664301 1.2749044 1.4070409 1.0702827 1.8726083 1.3472813 1.4074752 1.3802325 1.3413016 1.3461192 1.4140541 1.3550366 1.5143728 1.2449983 1.5721793 1.7049719 1.2407053 1.4109218 1.3255058 1.2222013 1.6444705 1.7290462 1.7029027 1.6444486 0.8081034 0.0000000 2.0539003 1.7035781 2.0446474 1.5940574 1.6607891 1.5190850 1.7311349 1.7776890 1.7718188 2.2761256 2.1831890 2.0612431 2.2080980 2.1420099 1.9952731 1.8514144 2.0425638 2.0450375 2.3659225 
Dpul_mRNA3604                                          1.3589641 1.3135598 1.1056896 0.9022231 1.3414488 1.2270936 1.5561312 1.5411975 1.7131196 1.6050375 1.5164584 1.4158145 1.1921231 1.2662151 1.1051033 1.7986153 1.3796774 1.3092080 1.2516954 1.2733796 1.2235767 1.4939361 1.2298090 1.3486139 1.8261647 1.4388922 1.2258978 1.8566969 1.7502394 1.7851298 1.6161790 1.5459210 1.5234173 1.4234268 1.7496266 1.7184897 2.0539003 0.0000000 1.5108428 1.6209320 1.9506907 1.9457281 2.1639248 2.1063285 2.0226020 2.0384274 2.0276091 2.5186819 2.6285576 2.2694331 2.3178117 2.0090047 2.0281768 2.2360051 2.2300800 2.6653453 
Clacor_Ccor_C535787_01                                 1.4181216 1.0095255 1.2916515 1.0298363 1.2855771 1.2399558 1.1073259 1.0097703 1.1078902 1.0611368 1.0242737 0.8963797 1.2570299 1.3741666 1.2357799 1.7307426 1.2511351 1.1936118 1.3104375 1.2752233 1.2263345 1.2142982 1.0230798 1.2013810 1.3261920 1.4100813 1.3137907 1.4683266 1.2790759 1.3652174 1.3745662 1.2355811 1.2489636 1.0587363 1.1041531 1.5547221 1.7035781 1.5108428 0.0000000 1.1826054 1.7677321 1.7677321 1.8500654 1.7246345 1.7781530 1.7925615 1.5044687 2.0841273 2.2351348 2.1430572 2.3197322 2.1913364 2.0516081 2.0835935 2.0729202 2.3670758 
Lcom_lcpid73714                                        1.8273197 1.4298852 1.6653439 1.0774541 1.7484991 1.8033193 1.5056160 1.4035496 1.6383398 1.6404140 1.6908912 1.5239636 1.5772588 1.6896875 1.2943434 2.4835410 1.6375775 1.5384623 1.5849722 1.6029405 1.5878899 1.7333214 1.4767468 1.4620315 1.8182938 1.9106586 1.7077804 1.7794646 1.7506646 1.8846526 1.6771142 1.5082958 1.5629416 1.5619032 1.5119426 1.6978794 2.0446474 1.6209320 1.1826054 0.0000000 1.9759831 2.0174085 2.1573286 2.1684625 2.1922870 2.2095094 1.3867827 2.3843900 2.2368648 2.2574228 2.4939478 2.3717019 2.0720038 2.3089500 2.3307338 2.7690415 
Tadh_TriadT27059                                       1.6726233 1.4440111 1.6667326 1.4097699 1.7930557 1.4677762 1.6249284 1.6710054 1.6906036 1.7230229 1.6786098 1.6434225 1.4497753 1.4175502 1.1448294 1.8057503 1.3931334 1.4131166 1.5062937 1.4509106 1.5190699 1.6108048 1.5080452 1.6225618 1.7443541 1.6349282 1.6231764 1.5316175 1.7147896 1.6403970 1.7200709 1.4816424 1.4899204 1.6508443 2.0092687 1.6944615 1.5940574 1.9506907 1.7677321 1.9759831 0.0000000 0.0000010 0.2649117 0.2719892 0.2856017 0.2887788 2.3775995 2.2495140 2.2869148 2.1853392 2.3424682 2.0495343 2.1707682 2.2564629 2.2784450 2.4350133 
TrH2_TrispH2_002399-RA                                 1.7316791 1.5952196 1.7424536 1.4097699 1.9126900 1.5921887 1.7155089 1.8565237 1.7962311 1.8533777 1.8068015 1.7687972 1.4497753 1.4986008 1.1448294 1.9024881 1.4682514 1.4470488 1.5223049 1.5487803 1.5588586 1.7516618 1.5250468 1.6531054 1.8096203 1.7078778 1.7377187 1.5316175 1.8412732 1.7730648 1.7711334 1.5714838 1.5745751 1.7053003 2.0290067 1.7460128 1.6607891 1.9457281 1.7677321 2.0174085 0.0000010 0.0000000 0.2649117 0.3128546 0.3263715 0.3293364 2.4526813 2.3116722 2.3156836 2.2870102 2.4731737 2.0495343 2.2136180 2.2929805 2.3281512 2.6847563 
HoiH06_mRNA13378                                       1.7281583 1.4289796 1.7304421 1.4165287 1.4770534 1.3173713 1.7006603 1.6976035 1.7832023 2.0965190 2.0573142 1.9206052 1.5790919 1.2989032 1.2049288 2.1883940 1.3780595 1.3912977 1.4610096 1.3671177 1.3531578 1.5841663 1.4981698 1.6178807 1.8475569 1.5555788 1.5323602 1.7257671 1.6973753 1.6329638 1.5659563 1.3420713 1.3239709 1.5359097 1.9810686 1.5716775 1.5190850 2.1639248 1.8500654 2.1573286 0.2649117 0.2649117 0.0000000 0.0706868 0.0876769 0.0800042 2.6187162 2.1646246 2.1919547 2.1602623 2.0578514 1.9715855 2.1485763 2.0765991 2.0554646 2.3987594 
HoiH23_PlH23_002977-RA                                 1.7737922 1.6651310 1.8339585 1.3764373 1.7115974 1.6706305 1.6479757 1.7250740 1.7779299 1.8562119 1.8102944 1.7561643 1.5289200 1.4323395 1.1049856 1.8245171 1.3672713 1.3418679 1.4676167 1.4086787 1.3992642 1.6778201 1.5166313 1.5963908 1.9698773 1.7601539 1.8282283 1.6852466 1.8660325 1.8035057 1.7888764 1.5318825 1.5730453 1.6891103 1.9996072 1.8654884 1.7311349 2.1063285 1.7246345 2.1684625 0.2719892 0.3128546 0.0706868 0.0000000 0.0887848 0.0888757 2.4651599 2.1975315 2.3085865 2.3453338 2.4052396 2.0651685 2.3201057 2.3295929 2.3340588 2.5008882 
Hhon_g07494.t1                                         1.8582289 1.7547669 1.7190750 1.4731026 1.8565526 1.7410731 1.6994304 1.7461374 1.8275299 2.0168470 1.9361903 1.8573381 1.5702135 1.4768514 1.1797661 1.9006844 1.4317411 1.4582627 1.5603310 1.5349123 1.5011028 1.7572699 1.5623510 1.6040354 2.0067627 1.7865650 1.9266771 1.6698654 1.8565856 1.7832202 1.8007035 1.5168886 1.5673249 1.7469170 2.0633205 1.9044753 1.7776890 2.0226020 1.7781530 2.1922870 0.2856017 0.3263715 0.0876769 0.0887848 0.0000000 0.0080627 2.4235486 2.2481112 2.3876533 2.2719023 2.4000550 2.0313752 2.2295443 2.3083715 2.3106456 2.5504346 
HoiH04_mRNA9338                                        1.8683476 1.7679121 1.7532821 1.4731026 1.8366412 1.7226833 1.7343762 1.7808060 1.8650236 2.0319558 1.9746072 1.8848511 1.6149949 1.5069828 1.1650997 1.9094812 1.4374534 1.4640651 1.5669123 1.5410804 1.5071969 1.7658753 1.5946839 1.6369822 2.0003758 1.7878676 1.9412212 1.6732755 1.8506025 1.7856828 1.8032248 1.5496936 1.5990428 1.7493915 2.1049667 1.8982676 1.7718188 2.0384274 1.7925615 2.2095094 0.2887788 0.3293364 0.0800042 0.0888757 0.0080627 0.0000000 2.4423116 2.2837976 2.3610591 2.2644012 2.3923299 2.0032083 2.2223442 2.3011529 2.3034020 2.5423807 
Gracom_Gcom_scaffold16318_01                           2.3207825 1.8425651 2.3327698 1.5776069 2.0346364 2.1196493 1.8716893 1.7825486 1.8612148 1.8411420 1.8895146 1.8644029 2.4074280 1.9424370 2.0624311 2.5202304 1.9892162 2.0506222 2.0169989 1.9593437 1.9055374 2.1914845 1.9477154 2.3172740 2.2927065 2.1517636 2.1799964 2.2275289 2.2622598 2.2416868 2.0689432 1.8494552 1.8707951 1.9740702 2.2800407 2.1397001 2.2761256 2.0276091 1.5044687 1.3867827 2.3775995 2.4526813 2.6187162 2.4651599 2.4235486 2.4423116 0.0000000 3.0189518 3.2825781 2.9092260 3.0869738 2.3128614 2.6509693 2.6932256 2.7015429 3.3039061 
Mlei_ML0992.g10.i1                                     2.3504786 2.2537576 2.1228793 1.9687947 2.0883622 2.1388280 2.2038735 1.9084143 2.3011476 2.0625825 2.0667486 2.0089805 1.3150049 2.1633365 1.9277689 2.6941836 2.1104043 2.1725944 2.2181635 2.0885683 2.1474186 2.4985683 2.3379487 2.3661058 2.5607586 2.0525094 2.0636088 1.9373094 2.2489746 2.3120612 2.6807805 2.2127444 2.3188484 2.0564907 2.0267663 2.5281221 2.1831890 2.5186819 2.0841273 2.3843900 2.2495140 2.3116722 2.1646246 2.1975315 2.2481112 2.2837976 3.0189518 0.0000000 0.5018406 0.5537199 0.5351605 0.7410520 0.8276557 0.8464016 0.8514373 0.5673855 
Beraby_Baby_sb334656                                   2.4427886 2.1739974 2.1560737 1.7112643 2.0155320 2.2191391 2.1137919 2.0234476 2.4783434 2.1074307 2.1976568 2.0987482 1.5112185 2.0186703 1.9527666 2.7372199 2.0988156 2.0591740 2.1034884 2.0752075 2.0602226 2.4743543 2.3347215 2.2811430 2.3205135 2.1809536 1.9073522 2.0772653 2.3105318 2.2983750 2.5302383 1.9298188 2.1692920 2.1354901 2.1590025 2.3398745 2.0612431 2.6285576 2.2351348 2.2368648 2.2869148 2.3156836 2.1919547 2.3085865 2.3876533 2.3610591 3.2825781 0.5018406 0.0000000 0.6790621 0.7504575 0.8311707 1.0185214 1.0456959 1.0401747 0.6633657 
Lampan_Lpan_C407673_01                                 2.3496595 2.0095881 2.1643100 1.6649616 1.9663294 2.1607849 1.9212950 1.6799842 2.1341824 2.1393537 2.1109917 1.9953166 1.1691980 1.9182726 1.8351587 2.6533421 2.1413094 2.0061382 1.9576065 1.9981706 2.0439933 2.4210593 2.1360116 2.0426750 2.3511087 2.0486993 2.1005131 1.8098357 2.3553436 2.3566038 2.3074680 2.0631614 2.2037403 2.2460404 1.9730639 2.3544834 2.2080980 2.2694331 2.1430572 2.2574228 2.1853392 2.2870102 2.1602623 2.3453338 2.2719023 2.2644012 2.9092260 0.5537199 0.6790621 0.0000000 0.6846092 0.6676746 0.6733877 0.7407330 0.7305958 0.8210675 
Drygla_Dgla_sb301283                                   2.7686487 2.1733294 2.2210318 1.9216942 2.1872083 2.4554958 2.3564250 1.9575174 2.3677045 2.2080757 2.1964014 2.0764118 1.3720693 1.9751222 1.7689931 2.9633450 2.3425215 2.1967009 2.0806781 2.2341472 2.0788302 2.5899486 2.2038436 2.5195776 2.5983117 2.3018614 2.1512516 1.7745792 2.2931954 2.2944240 2.7866242 2.1362566 2.2687678 2.2493791 2.3459634 2.4717205 2.1420099 2.3178117 2.3197322 2.4939478 2.3424682 2.4731737 2.0578514 2.4052396 2.4000550 2.3923299 3.0869738 0.5351605 0.7504575 0.6846092 0.0000000 0.9395270 0.9393869 1.0073730 1.0228736 0.7729001 
Eupdun_Edun_sb10626652                                 2.5518464 2.0130230 2.1851791 1.8150995 2.0507364 1.7747774 2.3095763 1.8462114 2.5514414 2.3447637 2.3137966 1.9994836 1.4438008 2.0738318 2.2113471 2.8736333 1.9751693 2.1424908 2.1572606 2.1514849 2.1654123 2.8099758 2.1240148 2.1432624 2.4108382 1.9461269 1.8813733 2.1121658 2.3988447 2.4102366 2.2860844 1.9661804 2.1687539 1.8964949 2.3403897 2.1064816 1.9952731 2.0090047 2.1913364 2.3717019 2.0495343 2.0495343 1.9715855 2.0651685 2.0313752 2.0032083 2.3128614 0.7410520 0.8311707 0.6676746 0.9395270 0.0000000 0.7531820 0.6863191 0.6990122 0.8373459 
Vmul_sbMO422392                                        2.2315800 2.1773820 2.0581067 1.8631988 2.0498375 1.9946993 2.3178235 2.1059596 2.1974863 2.0934543 2.2126363 2.1153492 1.5179302 1.9183691 1.7144313 2.1955609 1.7921822 1.8907443 1.8097871 1.8554656 1.8631335 2.2873993 1.9159854 2.1010856 2.1377676 1.9992298 2.0648151 1.5722543 2.1335970 2.1413269 2.1749146 1.9800303 2.0879065 2.0290797 1.9869787 2.2039132 1.8514144 2.0281768 2.0516081 2.0720038 2.1707682 2.2136180 2.1485763 2.3201057 2.2295443 2.2223442 2.6509693 0.8276557 1.0185214 0.6733877 0.9393869 0.7531820 0.0000000 0.4582842 0.4541684 1.1249062 
Coeast_Cast_sb781036                                   2.4245440 2.1678502 2.3333960 1.9339648 2.0723123 2.0541075 2.3888472 2.2546125 2.4447516 2.3233118 2.3021111 2.3077384 1.3345954 1.8883072 1.7702664 2.4653749 1.9784766 1.9819183 2.0596419 2.1978618 2.1675709 2.7062147 2.0604683 2.1708416 2.4616935 2.2355641 1.9924817 1.6191375 2.2693126 2.2414848 2.3068155 2.2107654 2.2938319 1.9654615 2.0327039 2.1527001 2.0425638 2.2360051 2.0835935 2.3089500 2.2564629 2.2929805 2.0765991 2.3295929 2.3083715 2.3011529 2.6932256 0.8464016 1.0456959 0.7407330 1.0073730 0.6863191 0.4582842 0.0000000 0.0169477 1.2066503 
Coemet_Cmet_scaffold9840_01                            2.4242896 2.1728797 2.3519140 1.9195887 2.0919463 2.1077848 2.3968476 2.2107380 2.4310556 2.3347850 2.3222898 2.3471360 1.3517566 1.8816556 1.8388962 2.4840212 1.9918497 1.9692431 2.0879379 2.1998254 2.1694904 2.7555215 2.0310364 2.1674498 2.4947575 2.2350636 2.0326860 1.6317539 2.2977199 2.2349756 2.3484084 2.2290185 2.3230796 1.9567460 2.0406407 2.1270522 2.0450375 2.2300800 2.0729202 2.3307338 2.2784450 2.3281512 2.0554646 2.3340588 2.3106456 2.3034020 2.7015429 0.8514373 1.0401747 0.7305958 1.0228736 0.6990122 0.4541684 0.0169477 0.0000000 1.2075164 
Pbac_sb2642195                                         2.9156614 2.6101793 2.6233501 2.4714799 2.3362843 2.6132215 2.2584733 2.0989180 2.3666932 2.5287378 2.4523384 2.4060486 1.7339042 2.4357538 2.1003294 2.8857296 2.3786758 2.3294345 2.3279742 2.3438119 2.2830889 2.6085937 2.5578386 2.5039807 3.1937163 2.3493871 2.4559672 2.4187085 2.7483825 2.8139196 3.0781365 2.3896417 2.4728770 2.3810466 2.2426370 2.8287067 2.3659225 2.6653453 2.3670758 2.7690415 2.4350133 2.6847563 2.3987594 2.5008882 2.5504346 2.5423807 3.3039061 0.5673855 0.6633657 0.8210675 0.7729001 0.8373459 1.1249062 1.2066503 1.2075164 0.0000000 
