58
Hsap_ENST00000317907                                   0.0000000 1.3312176 1.9936730 1.8343683 1.9783502 1.9931020 1.4925977 1.7690220 1.6803631 1.6967846 1.8404404 1.5536917 1.5647431 1.3878343 1.6663491 2.7863143 1.7707487 1.8685224 2.1130079 1.8121565 1.9666204 1.8016119 1.5547919 1.7843788 1.8964269 1.9718524 2.0484004 1.9738192 2.0323989 1.7348723 2.0365746 1.8128779 1.6732678 1.7817931 1.5839851 1.7359528 1.7425019 1.7068949 2.1359839 2.1994310 2.5390492 1.8154559 2.3113912 2.0243809 2.4434978 4.3228781 3.0781113 2.7871255 2.6680213 2.8540245 2.9060640 3.2252153 2.3607118 2.9930039 2.9909990 3.0746937 2.9015065 3.2081473 
Bralan_BLAG04000799_1                                  1.3312176 0.0000000 2.0072384 1.6756074 1.8652514 1.9006620 1.3583178 1.7260221 1.3772189 1.7804931 1.8936191 1.6298417 1.5005225 1.3563633 1.5508108 2.3940963 1.7012438 1.7340066 1.8622322 1.5398063 1.7676301 1.6251791 1.3027054 1.6421730 1.7748415 1.9145945 1.9224781 1.8758696 2.1887932 1.7187257 2.1099672 1.9170856 1.7235467 1.8105620 1.5531849 1.5433684 1.6785155 1.5634006 2.0413521 2.0773287 2.4092546 1.8565296 2.2653661 1.7520546 2.4197893 3.9457334 2.9777799 2.7315957 2.6554419 2.9034693 2.9342394 3.2396966 2.1482915 2.9928898 2.9581242 3.0799593 2.8448963 3.1429382 
Aaur_scaffold342.g15.t4                                1.9936730 2.0072384 0.0000000 0.8113331 0.8245145 1.0929762 1.3354040 1.7723221 1.5027347 2.0019077 2.0817089 1.8707701 1.7716377 1.5929647 1.8136327 2.8529271 1.8898056 1.9362484 2.1044438 2.0554303 2.1447151 2.0833995 1.9795566 2.0560955 1.9249112 2.0178704 2.0177936 2.0929059 2.2777978 1.9253206 2.0663954 2.0421271 1.8406965 1.8877588 1.7623938 2.1514069 2.1201167 2.1256012 2.2378337 2.0111676 2.4180530 2.3213647 1.7702648 2.0762465 2.5684536 4.1915142 3.1460306 3.0674327 2.9542092 3.0924391 3.1768762 3.4371335 2.6818371 3.3663388 3.3831238 3.1413313 3.6357619 3.1669130 
Nemnom_g10949.t1                                       1.8343683 1.6756074 0.8113331 0.0000000 0.3470367 1.1751177 1.4540133 1.8675376 1.5360977 1.7111239 1.8683224 1.7499874 1.6880717 1.5848451 1.7600396 2.6667934 1.7512442 1.7545321 1.9176398 1.9292547 1.8363703 1.9508796 1.6948167 1.9222073 1.9824443 2.0016528 1.9766781 1.9329624 2.1083979 1.9181804 1.9323284 1.9976635 1.9540642 1.7300953 1.5399381 1.9182202 2.0069704 1.9083225 2.2176868 2.0555054 2.3283789 2.0879725 1.6080052 1.7536743 2.3894978 4.2950983 2.9816426 2.9768396 2.8847934 2.9513419 2.9302232 3.0751434 2.5959566 2.8967110 2.9101266 3.0518062 3.4066909 3.1245153 
Rhoesc_Res_001879-T1                                   1.9783502 1.8652514 0.8245145 0.3470367 0.0000000 1.2602721 1.3082359 1.8824614 1.6269055 1.8777048 2.0424782 1.7731008 1.7674233 1.5293881 1.7811829 2.3276189 1.8194859 1.8364530 2.0507310 1.9623884 2.0351747 2.0415386 1.7099835 2.1273983 1.9584406 1.9934421 1.9683535 1.8936400 2.2379800 1.9246218 2.0971766 2.0642642 1.9224808 1.8861714 1.4834881 2.0867337 2.0507970 1.8655350 2.4027578 1.9193628 2.3865599 2.1856166 1.7734972 2.0876015 2.4574894 4.0810136 3.2137922 3.0568965 2.9476728 3.2485780 2.9911923 3.3312438 2.5841455 3.1805222 3.1554212 3.2210743 3.2823605 3.2248312 
Sanmal_Sma_027378-T1                                   1.9931020 1.9006620 1.0929762 1.1751177 1.2602721 0.0000000 1.1648935 1.9848020 1.5877920 1.7413479 2.0171823 1.8612612 1.8871519 1.4642958 1.8969405 2.8130919 1.8894877 1.8728614 2.0086678 1.7911964 2.0817581 1.7528153 1.2075351 1.9661001 1.8365252 2.0434702 1.9995353 2.0009291 2.1528655 1.5198384 2.0305013 2.0725939 2.0374261 2.0495453 1.7735553 2.0533697 2.0884367 2.1523302 2.1907481 1.5693189 2.1452637 2.0496150 1.8678279 2.6308008 2.3221007 3.7909498 3.0861703 2.8800076 2.7596160 3.4318037 3.2394267 3.1824288 2.2543501 3.2334294 3.2717991 3.0062380 3.0106602 3.0810638 
Morvir_scaffold115.g10.t1                              1.4925977 1.3583178 1.3354040 1.4540133 1.3082359 1.1648935 0.0000000 1.6308778 1.5074875 1.2044808 1.5035734 1.3836410 1.3823444 1.5407433 1.5536665 0.0000010 1.3930974 1.4662399 1.7361289 1.8224095 1.6750037 2.2511880 1.7397377 1.7849685 1.5953006 1.5622476 1.5740325 1.5013157 2.0438046 2.1478985 1.9942683 1.8834075 1.8833649 1.5044465 1.5610301 1.4567789 1.5970852 1.6154647 1.5532478 2.2034078 2.0734987 1.5810960 1.6258149 1.4257840 1.6411393 4.5974141 2.6545514 2.6726581 2.6880883 2.4953998 2.6660532 2.9965517 2.6146860 2.7560113 2.7181341 2.6062985 3.4876294 2.7635367 
Exapal_XM_021047894.2                                  1.7690220 1.7260221 1.7723221 1.8675376 1.8824614 1.9848020 1.6308778 0.0000000 1.0447126 1.3706330 1.5313566 1.2616625 1.1764307 1.0660106 1.2455260 2.5444007 1.6814351 1.7589876 2.0672679 1.8577055 1.9992276 1.8387038 1.4733200 1.8559810 1.8983149 2.0416276 2.0945907 2.0768448 2.1796466 1.8860753 1.9849120 1.9092856 1.8023319 1.9037885 1.6725239 2.1554847 1.9944113 1.9179287 2.3574541 2.0236259 2.3536072 2.1851842 2.4316891 2.0854795 2.4425540 4.0502061 2.7070135 2.6158813 2.5093845 2.9028510 2.7147687 2.8474362 2.2894536 2.8682092 2.8907686 2.8944637 2.8418840 2.9543316 
Nvec_v1g180393                                         1.6803631 1.3772189 1.5027347 1.5360977 1.6269055 1.5877920 1.5074875 1.0447126 0.0000000 1.1361332 1.2808898 1.1056728 1.0856357 0.9299192 1.0873525 2.1652240 1.4372985 1.5272598 1.6177058 1.6713982 1.6088215 1.7789395 1.2919876 1.6464620 1.5926871 1.5557883 1.5912111 1.5969105 1.8914009 1.7149742 1.9037991 1.7978104 1.8086645 1.5031385 1.5130985 1.6423833 1.7113382 1.5863367 2.1190981 1.8897461 1.9684782 1.7804501 1.9431952 1.8936397 2.1146404 3.8476018 2.5312921 2.7517804 2.7048142 2.5970213 2.6701679 2.9120877 2.3119947 2.6638493 2.6388658 2.7922713 3.3400722 2.7423561 
Adig_XM_015919308.1                                    1.6967846 1.7804931 2.0019077 1.7111239 1.8777048 1.7413479 1.2044808 1.3706330 1.1361332 0.0000000 0.0528733 0.5431358 0.6993709 0.4911435 0.7216280 1.4805626 1.5913471 1.7206530 2.0099937 1.6588089 1.9825886 1.8568405 1.1142556 2.0154347 1.7705627 1.9687412 1.9987402 1.9838275 1.9609350 1.3709522 1.9113059 1.7594725 1.5649806 1.7921226 1.7668258 1.9460708 1.9159489 2.0265340 2.2269493 1.8364988 2.3652680 2.0136040 2.4183252 2.1167548 2.6576473 4.2414071 2.8201503 2.6941245 2.5995919 2.7913531 2.8163176 3.0303401 2.0966411 2.8067572 2.8803214 2.8818251 2.6218817 2.8633763 
Amil_Amillepora34043-RA                                1.8404404 1.8936191 2.0817089 1.8683224 2.0424782 2.0171823 1.5035734 1.5313566 1.2808898 0.0528733 0.0000000 0.6070621 0.8291283 0.6383353 0.8035295 1.5148670 1.7732222 1.9541851 2.1770878 1.8117647 2.1795999 2.0326416 1.4533961 2.2484256 1.8966776 2.1881738 2.2177278 2.2008381 2.2261316 1.6306179 2.1076415 1.7976323 1.6035070 1.9837475 1.8884982 2.1947690 2.1966318 2.2789056 2.5469910 2.0368331 2.6129243 2.1806483 2.7427889 2.2593949 2.9479158 4.0912001 3.1556233 3.0547882 3.0071006 3.0771127 3.2930941 3.3536124 2.4269529 3.0640131 3.1682882 3.1175417 2.7555457 3.0806325 
Gfas_gfas1.m1.6446.m1                                  1.5536917 1.6298417 1.8707701 1.7499874 1.7731008 1.8612612 1.3836410 1.2616625 1.1056728 0.5431358 0.6070621 0.0000000 0.4620138 0.4401977 0.5274854 1.1321712 1.5875824 1.6241402 2.0427607 1.7391463 2.0348276 1.8856666 1.4477743 1.9677731 1.7707176 1.8854670 1.9194632 1.8646181 1.8992712 1.7462232 1.8544442 1.7628918 1.6090061 1.7564854 1.4912741 1.8052572 1.8807394 1.7007125 2.3262369 2.0692972 2.3741758 2.0095806 2.2755765 1.9729532 2.5078622 4.2376406 2.8695698 2.6993912 2.6127455 2.7756255 2.7434979 2.9120160 2.3043945 2.8642846 2.9187580 2.8691983 3.1279056 3.0736972 
Fspp_ffun1.m4.28030.m1                                 1.5647431 1.5005225 1.7716377 1.6880717 1.7674233 1.8871519 1.3823444 1.1764307 1.0856357 0.6993709 0.8291283 0.4620138 0.0000000 0.3230190 0.3981241 0.7036210 1.4984160 1.6448391 1.9890616 1.6382478 1.9358884 1.8627389 1.4152202 1.8126270 1.7209289 1.8123945 1.8571079 1.8003862 1.8513814 1.7170565 1.8752128 1.6288356 1.5693170 1.7268189 1.5123336 1.7675457 1.8298102 1.7391064 2.2715757 2.0545581 2.3543948 2.0659606 2.2903372 1.9616038 2.4988770 4.3686540 2.7591132 2.6492274 2.5835689 2.7571874 2.6302889 2.9339196 2.1092643 2.7991565 2.8122076 2.8686986 2.8941210 2.8658324 
Spis_XP_022800450_1                                    1.3878343 1.3563633 1.5929647 1.5848451 1.5293881 1.4642958 1.5407433 1.0660106 0.9299192 0.4911435 0.6383353 0.4401977 0.3230190 0.0000000 0.1597300 0.4640199 1.1448792 1.2585936 1.6867330 1.6787572 1.6370966 2.1322974 1.4052263 1.5797718 1.5295446 1.4549193 1.4973233 1.4412031 1.6137723 1.7154539 1.7290475 1.5963824 1.5790455 1.4665290 1.5155954 1.4424825 1.6986593 1.5425393 1.9794706 2.1331841 2.0816469 1.7044493 2.1043088 1.6309205 2.0999758 4.6997135 2.5571044 2.6833615 2.6884399 2.5798593 2.5107662 2.6549081 2.3075928 2.7230931 2.7114142 2.7624021 3.1683106 2.8406834 
Pocdam_XM_027184954.1                                  1.6663491 1.5508108 1.8136327 1.7600396 1.7811829 1.8969405 1.5536665 1.2455260 1.0873525 0.7216280 0.8035295 0.5274854 0.3981241 0.1597300 0.0000000 0.8821351 1.5625702 1.6218317 2.0809354 1.8183476 2.0227751 1.9604785 1.4181520 1.9373273 1.8207204 1.9309442 1.9678553 1.8751913 1.9099000 1.6535707 1.9994498 1.7612695 1.6488974 1.7358574 1.7221294 1.7380967 1.9147193 1.8233482 2.3430688 2.1741278 2.4578468 2.0860497 2.4396602 1.9257044 2.6249945 4.1813940 2.8994580 2.8677421 2.7614735 2.8100016 2.8270370 3.0126759 2.2792932 3.0127177 3.0097612 2.9435663 3.1095364 3.0104329 
Gasp_gasp1.m3.3811.m1                                  2.7863143 2.3940963 2.8529271 2.6667934 2.3276189 2.8130919 0.0000010 2.5444007 2.1652240 1.4805626 1.5148670 1.1321712 0.7036210 0.4640199 0.8821351 0.0000000 2.4926680 3.0214933 3.2461184 2.5275829 3.3864293 8.0844840 0.0000010 3.3548982 2.3137937 3.4448388 3.4924910 3.3136589 2.6739150 0.0000010 2.4853715 1.8758611 2.5069523 3.0631406 1.8717132 3.3316125 2.9513643 2.9005980 4.5037268 3.0069617 3.2725416 3.2078684 3.2112987 2.6421421 3.6279085 3.6062099 3.5965377 3.4850225 3.2856094 3.5907561 3.8717879 3.4780735 1.6129375 3.4779934 3.5387924 3.4312128 0.0000010 3.7844119 
Dgig_XM_028540300.1                                    1.7707487 1.7012438 1.8898056 1.7512442 1.8194859 1.8894877 1.3930974 1.6814351 1.4372985 1.5913471 1.7732222 1.5875824 1.4984160 1.1448792 1.5625702 2.4926680 0.0000000 0.6192054 2.0223572 1.7284757 1.9618961 1.7159853 1.2598198 2.0301014 1.7317335 1.8061536 1.8764408 1.8182170 2.1234062 1.7143208 2.0091599 2.0485002 1.8787833 1.8241440 1.6045809 1.8218335 1.9146350 2.0053438 2.2495453 2.3711520 2.9176091 2.1639751 2.2198117 2.1730554 2.6191187 3.8438437 2.9522796 2.8028932 2.7859587 3.0633490 3.0070267 2.9963784 2.3060485 3.0176296 3.0619288 2.9875502 3.3742582 3.0825180 
Xesp_011726-T1                                         1.8685224 1.7340066 1.9362484 1.7545321 1.8364530 1.8728614 1.4662399 1.7589876 1.5272598 1.7206530 1.9541851 1.6241402 1.6448391 1.2585936 1.6218317 3.0214933 0.6192054 0.0000000 2.1276047 1.7952647 2.0193842 1.9632895 1.2993147 2.1496972 1.8726627 1.9226097 1.9801082 1.9276561 2.1746597 1.8075568 2.0364896 1.9949803 1.7960769 1.8679668 1.7511524 1.7819823 2.0087769 2.2003834 2.3341045 2.3091138 2.8032771 2.2498983 2.3297954 2.1263251 2.7021827 4.0512692 3.0046960 2.8616475 2.7947659 3.1144611 3.0499486 3.1678770 2.3228049 3.2347915 3.2846543 3.0866659 3.3676834 3.1605692 
Scil_scict002746.1                                     2.1130079 1.8622322 2.1044438 1.9176398 2.0507310 2.0086678 1.7361289 2.0672679 1.6177058 2.0099937 2.1770878 2.0427607 1.9890616 1.6867330 2.0809354 3.2461184 2.0223572 2.1276047 0.0000000 0.5183354 0.6401263 0.5018423 0.9846369 1.8350105 2.0574036 2.2778393 2.2617072 2.2519385 2.2861004 1.8341230 2.2320074 1.9807223 1.8556551 1.9080758 1.5792568 2.0894885 2.2480447 1.9608316 2.5184044 2.2412844 2.5049720 2.3475320 2.3672074 2.5431209 2.4601325 4.6233993 3.1709598 3.0349199 2.9600375 3.1992708 3.1295675 3.2226426 2.4578205 3.0892278 3.1175562 3.2922512 3.3506490 3.2850941 
Gracom_Gcom_scaffold16872_01                           1.8121565 1.5398063 2.0554303 1.9292547 1.9623884 1.7911964 1.8224095 1.8577055 1.6713982 1.6588089 1.8117647 1.7391463 1.6382478 1.6787572 1.8183476 2.5275829 1.7284757 1.7952647 0.5183354 0.0000000 0.5363591 0.6255730 1.0332900 1.5962197 1.7375301 1.8408064 1.8677744 1.7924710 2.0202910 1.7632054 1.9227442 1.8193608 1.7981896 1.7564999 1.7434640 1.8094368 2.0337668 1.8264745 2.1694326 2.0685117 2.0622153 1.9471654 2.0278792 2.2261005 2.1468392 4.1232416 2.9359380 2.8353662 2.8556574 2.7357625 2.7427389 2.8788742 2.4858257 2.8413722 2.8359566 2.9352445 3.4463304 3.0582900 
Lcom_lcpid48804                                        1.9666204 1.7676301 2.1447151 1.8363703 2.0351747 2.0817581 1.6750037 1.9992276 1.6088215 1.9825886 2.1795999 2.0348276 1.9358884 1.6370966 2.0227751 3.3864293 1.9618961 2.0193842 0.6401263 0.5363591 0.0000000 0.6418811 0.9586465 1.7649972 2.0157621 2.1919951 2.1780029 2.1686964 2.3657424 1.8498842 2.1891429 1.9043124 1.7108392 1.9257636 1.7192463 2.1262240 2.3102171 2.0840661 2.4435960 2.1421175 2.3501314 2.2260636 2.3728198 2.5179793 2.3672645 4.7363829 2.9551216 2.7813055 2.6822314 2.8873108 2.9380540 3.1066987 2.3605844 2.8899345 2.9405845 3.0575675 3.5183953 3.3189585 
Leuniv_Lniv_scaffold24711_01                           1.8016119 1.6251791 2.0833995 1.9508796 2.0415386 1.7528153 2.2511880 1.8387038 1.7789395 1.8568405 2.0326416 1.8856666 1.8627389 2.1322974 1.9604785 8.0844840 1.7159853 1.9632895 0.5018423 0.6255730 0.6418811 0.0000000 1.0582150 1.9289164 1.9867317 1.8184397 1.8640122 1.8934184 1.8297924 2.1270372 2.1234386 2.0693424 2.0603682 1.8043943 6.1186499 2.1454142 1.8233214 1.8916987 2.3502930 2.9436692 2.6019345 2.1149267 2.1979902 3.6514808 2.3152297 4.9081639 3.4373441 3.3886986 3.3902499 3.2835049 3.4348477 3.6167686 3.2731032 3.5024627 3.4686817 3.6207711 3.6989860 3.7908668 
Clacor_Ccor_C541995_01                                 1.5547919 1.3027054 1.9795566 1.6948167 1.7099835 1.2075351 1.7397377 1.4733200 1.2919876 1.1142556 1.4533961 1.4477743 1.4152202 1.4052263 1.4181520 0.0000010 1.2598198 1.2993147 0.9846369 1.0332900 0.9586465 1.0582150 0.0000000 1.3761953 1.6941087 1.8031401 1.8219603 1.6714868 1.9140309 2.1061492 2.1495332 1.7118588 1.6785990 1.4096934 7.0051176 1.6329683 1.8469364 1.4572220 2.0138936 2.2111031 2.0191870 1.9172161 1.8170357 2.1214206 1.8779776 4.8121479 3.0065068 3.0369218 3.0801435 3.1314541 2.9185643 3.5834415 3.1715190 2.9570137 2.9571288 3.2645015 3.5322021 3.4474219 
Plajan_Pjan_C569124_01                                 1.7843788 1.6421730 2.0560955 1.9222073 2.1273983 1.9661001 1.7849685 1.8559810 1.6464620 2.0154347 2.2484256 1.9677731 1.8126270 1.5797718 1.9373273 3.3548982 2.0301014 2.1496972 1.8350105 1.5962197 1.7649972 1.9289164 1.3761953 0.0000000 2.0172265 2.2824900 2.3025759 2.2029576 2.1593966 1.5655083 1.8801574 1.7049383 1.6051365 1.7745980 1.3914316 1.8493465 2.1496987 1.9572630 2.3740008 1.7385234 2.0217143 2.0678173 2.2797487 2.3567540 2.4346969 4.2343706 2.8802981 2.6713574 2.5957884 2.9667618 2.9400586 3.2292624 2.2731260 3.0552805 3.1244097 3.0714583 3.3068512 3.1745206 
Tadh_TriadT52765                                       1.8964269 1.7748415 1.9249112 1.9824443 1.9584406 1.8365252 1.5953006 1.8983149 1.5926871 1.7705627 1.8966776 1.7707176 1.7209289 1.5295446 1.8207204 2.3137937 1.7317335 1.8726627 2.0574036 1.7375301 2.0157621 1.9867317 1.6941087 2.0172265 0.0000000 0.3898984 0.4020152 0.4049432 1.9737531 1.7401343 2.0308427 1.9754691 1.8831613 1.9221346 1.6270338 2.1158883 1.9746253 1.9038260 2.1844268 2.1682602 2.4877857 2.2236497 2.3106569 2.2005535 2.5428687 1.6761133 2.9485591 3.0798855 2.9954525 3.2010226 3.0260742 3.2915335 2.5380051 3.0492353 3.0618931 3.2618045 3.0854831 3.0737667 
HoiH06_mRNA14583                                       1.9718524 1.9145945 2.0178704 2.0016528 1.9934421 2.0434702 1.5622476 2.0416276 1.5557883 1.9687412 2.1881738 1.8854670 1.8123945 1.4549193 1.9309442 3.4448388 1.8061536 1.9226097 2.2778393 1.8408064 2.1919951 1.8184397 1.8031401 2.2824900 0.3898984 0.0000000 0.0795981 0.1623471 2.1355784 1.7291320 2.1286878 2.0270443 1.8547734 2.0617525 1.6895570 2.1766720 2.0930788 2.0280572 2.2474413 2.1949928 2.6086375 2.3185215 2.4190978 2.2594149 2.4638925 2.2023085 3.1395058 3.0076594 2.9532522 3.2805425 3.1507826 3.2787132 2.3647087 3.1337906 3.1682174 3.2471185 2.7623398 3.1150201 
HoiH23_PlH23_010493-RA                                 2.0484004 1.9224781 2.0177936 1.9766781 1.9683535 1.9995353 1.5740325 2.0945907 1.5912111 1.9987402 2.2177278 1.9194632 1.8571079 1.4973233 1.9678553 3.4924910 1.8764408 1.9801082 2.2617072 1.8677744 2.1780029 1.8640122 1.8219603 2.3025759 0.4020152 0.0795981 0.0000000 0.1766017 2.1180145 1.6965399 2.1393045 2.0269791 1.8898657 1.9830557 1.6927760 2.1489222 2.1420534 2.1187975 2.2562598 2.2282087 2.6559938 2.3384107 2.4333187 2.3388683 2.4693432 2.1940399 3.1296419 3.0555039 3.0033498 3.2442766 3.1242743 3.2653211 2.3867747 3.1619356 3.1972602 3.2147771 2.7037343 3.0321536 
Hhon_g05954.t1                                         1.9738192 1.8758696 2.0929059 1.9329624 1.8936400 2.0009291 1.5013157 2.0768448 1.5969105 1.9838275 2.2008381 1.8646181 1.8003862 1.4412031 1.8751913 3.3136589 1.8182170 1.9276561 2.2519385 1.7924710 2.1686964 1.8934184 1.6714868 2.2029576 0.4049432 0.1623471 0.1766017 0.0000000 2.0266036 1.6294018 2.1128202 1.9563015 1.8314601 1.9449343 1.6706208 2.0820989 2.0986956 2.0306130 2.2206463 2.1766786 2.6378261 2.2142995 2.4288207 2.2687553 2.4691989 2.1816177 3.0737253 2.9473182 2.9176508 3.2161384 3.0636244 3.1770519 2.3718988 3.1302968 3.1723825 3.2746740 2.7253294 3.0847777 
Aque_Aqu2.1.38382_001                                  2.0323989 2.1887932 2.2777978 2.1083979 2.2379800 2.1528655 2.0438046 2.1796466 1.8914009 1.9609350 2.2261316 1.8992712 1.8513814 1.6137723 1.9099000 2.6739150 2.1234062 2.1746597 2.2861004 2.0202910 2.3657424 1.8297924 1.9140309 2.1593966 1.9737531 2.1355784 2.1180145 2.0266036 0.0000000 0.3979451 0.8410682 1.4992131 1.4113697 1.3822976 1.2708478 2.1568913 2.3219257 2.0524882 2.4889766 2.0403244 2.5014526 2.6214533 2.5537690 2.5512428 2.4743874 4.2736196 3.1868836 3.1527106 3.1190261 3.1532144 3.0250761 3.4341690 2.5946690 3.2977979 3.3089535 3.2485814 3.5145214 3.2700062 
Halamb_c51850_g1_i2mm.4200                             1.7348723 1.7187257 1.9253206 1.9181804 1.9246218 1.5198384 2.1478985 1.8860753 1.7149742 1.3709522 1.6306179 1.7462232 1.7170565 1.7154539 1.6535707 0.0000010 1.7143208 1.8075568 1.8341230 1.7632054 1.8498842 2.1270372 2.1061492 1.5655083 1.7401343 1.7291320 1.6965399 1.6294018 0.3979451 0.0000000 0.5411531 1.2299622 1.2749522 1.1406137 1.2041738 1.8810198 2.0174611 1.7215205 2.1057687 2.1162443 2.0925551 2.0062145 2.1464491 1.2270627 1.9934408 5.2488290 2.7701907 2.9281508 2.9740703 2.8848026 2.7762810 3.0516068 2.8278217 3.2691008 3.2849191 3.0827992 3.6394573 3.1627936 
Xestes_maker-XT_scaffold21369-snap-gene-0.14-mRNA-1    2.0365746 2.1099672 2.0663954 1.9323284 2.0971766 2.0305013 1.9942683 1.9849120 1.9037991 1.9113059 2.1076415 1.8544442 1.8752128 1.7290475 1.9994498 2.4853715 2.0091599 2.0364896 2.2320074 1.9227442 2.1891429 2.1234386 2.1495332 1.8801574 2.0308427 2.1286878 2.1393045 2.1128202 0.8410682 0.5411531 0.0000000 1.3981407 1.3600448 1.4002023 1.2048421 2.2147309 2.1177565 2.1771309 2.4147091 2.1971389 2.4513372 2.5233763 2.4719051 2.2481150 2.4866123 4.6496144 3.0849938 2.7562934 2.6960121 3.0031052 2.9856171 3.2077361 2.3568491 3.1285331 3.2325580 3.1422828 3.4770001 3.2210553 
Emue_Em0018g360a.t1                                    1.8128779 1.9170856 2.0421271 1.9976635 2.0642642 2.0725939 1.8834075 1.9092856 1.7978104 1.7594725 1.7976323 1.7628918 1.6288356 1.5963824 1.7612695 1.8758611 2.0485002 1.9949803 1.9807223 1.8193608 1.9043124 2.0693424 1.7118588 1.7049383 1.9754691 2.0270443 2.0269791 1.9563015 1.4992131 1.2299622 1.3981407 0.0000000 0.1901181 1.1275207 1.0896225 1.9626599 2.1948787 2.0316903 2.3187357 2.1009999 2.3235283 2.1588450 2.4592514 2.2690626 2.5464254 4.7450166 3.1067666 3.1422811 2.9972897 3.1256373 2.9612187 3.2880800 2.5656735 3.2526089 3.2557173 3.2950629 3.2126414 3.2385953 
Spolac_c98480_g2_i2_m.17322c98480-g1                   1.6732678 1.7235467 1.8406965 1.9540642 1.9224808 2.0374261 1.8833649 1.8023319 1.8086645 1.5649806 1.6035070 1.6090061 1.5693170 1.5790455 1.6488974 2.5069523 1.8787833 1.7960769 1.8556551 1.7981896 1.7108392 2.0603682 1.6785990 1.6051365 1.8831613 1.8547734 1.8898657 1.8314601 1.4113697 1.2749522 1.3600448 0.1901181 0.0000000 1.0888931 0.9916412 1.7860550 2.2282407 1.9282238 2.1945757 2.1198952 2.1826514 1.9194655 2.2895853 2.0532252 2.4213297 5.0154916 3.0013899 2.9539433 2.9773987 2.9012576 2.7995029 3.2051224 2.5912643 3.2261882 3.2112858 3.1425675 3.1689760 3.0746497 
Tetwil_g11566.t2                                       1.7817931 1.8105620 1.8877588 1.7300953 1.8861714 2.0495453 1.5044465 1.9037885 1.5031385 1.7921226 1.9837475 1.7564854 1.7268189 1.4665290 1.7358574 3.0631406 1.8241440 1.8679668 1.9080758 1.7564999 1.9257636 1.8043943 1.4096934 1.7745980 1.9221346 2.0617525 1.9830557 1.9449343 1.3822976 1.1406137 1.4002023 1.1275207 1.0888931 0.0000000 0.7944491 1.7509195 2.0403535 1.9215385 2.0725540 1.8121805 2.2429802 1.9268879 2.1180421 1.8924274 2.2432286 4.1478980 2.8523417 2.7617542 2.5896799 2.7668883 2.6029680 2.9580034 2.0018542 2.8327042 2.8840092 2.8976611 2.4337595 2.7456218 
Stycar_maker-SC_scaffold4612-augustus-gene-0.27-mRNA-1 1.5839851 1.5531849 1.7623938 1.5399381 1.4834881 1.7735553 1.5610301 1.6725239 1.5130985 1.7668258 1.8884982 1.4912741 1.5123336 1.5155954 1.7221294 1.8717132 1.6045809 1.7511524 1.5792568 1.7434640 1.7192463 6.1186499 7.0051176 1.3914316 1.6270338 1.6895570 1.6927760 1.6706208 1.2708478 1.2041738 1.2048421 1.0896225 0.9916412 0.7944491 0.0000000 1.6630029 2.0350545 1.4759987 1.6465752 2.1479921 2.3397375 1.8048205 2.1137219 1.5537668 2.5067095 4.5497036 2.9916799 2.7112188 2.7112188 2.7100302 2.5371044 2.7299369 1.8639812 2.8009146 2.8711329 2.9260843 8.9999981 2.9467339 
Cgig_XM_011418042.3                                    1.7359528 1.5433684 2.1514069 1.9182202 2.0867337 2.0533697 1.4567789 2.1554847 1.6423833 1.9460708 2.1947690 1.8052572 1.7675457 1.4424825 1.7380967 3.3316125 1.8218335 1.7819823 2.0894885 1.8094368 2.1262240 2.1454142 1.6329683 1.8493465 2.1158883 2.1766720 2.1489222 2.0820989 2.1568913 1.8810198 2.2147309 1.9626599 1.7860550 1.7509195 1.6630029 0.0000000 1.4316842 1.7888319 2.2096799 2.2990765 2.6329230 1.7796032 2.3744613 2.1904153 2.4147061 4.2666058 3.1480161 2.8266316 2.7659753 3.1116637 3.1120321 3.1908272 2.3504390 3.0837272 3.0739959 3.1472402 3.3842638 3.2485737 
Acagra_model.g15357.t1                                 1.7425019 1.6785155 2.1201167 2.0069704 2.0507970 2.0884367 1.5970852 1.9944113 1.7113382 1.9159489 2.1966318 1.8807394 1.8298102 1.6986593 1.9147193 2.9513643 1.9146350 2.0087769 2.2480447 2.0337668 2.3102171 1.8233214 1.8469364 2.1496987 1.9746253 2.0930788 2.1420534 2.0986956 2.3219257 2.0174611 2.1177565 2.1948787 2.2282407 2.0403535 2.0350545 1.4316842 0.0000000 1.9287977 2.1945733 2.2338354 2.5426801 1.8997702 2.4081309 1.9389577 2.3975979 3.8592600 3.2248912 2.9999749 2.8962540 3.3053143 3.2963786 3.2194592 2.3211728 3.1600296 3.2329739 3.2192332 3.3162615 3.1916502 
Spur_XM_030998976.1                                    1.7068949 1.5634006 2.1256012 1.9083225 1.8655350 2.1523302 1.6154647 1.9179287 1.5863367 2.0265340 2.2789056 1.7007125 1.7391064 1.5425393 1.8233482 2.9005980 2.0053438 2.2003834 1.9608316 1.8264745 2.0840661 1.8916987 1.4572220 1.9572630 1.9038260 2.0280572 2.1187975 2.0306130 2.0524882 1.7215205 2.1771309 2.0316903 1.9282238 1.9215385 1.4759987 1.7888319 1.9287977 0.0000000 2.2977623 2.2379368 2.4969209 2.1978899 2.3623322 1.7349618 2.7950322 3.9769515 3.2202340 3.0180394 2.9554422 3.1771436 3.1512290 3.3263779 2.6142018 3.4713969 3.4859066 3.0622861 3.0871378 3.1535236 
Dpul_mRNA8011                                          2.1359839 2.0413521 2.2378337 2.2176868 2.4027578 2.1907481 1.5532478 2.3574541 2.1190981 2.2269493 2.5469910 2.3262369 2.2715757 1.9794706 2.3430688 4.5037268 2.2495453 2.3341045 2.5184044 2.1694326 2.4435960 2.3502930 2.0138936 2.3740008 2.1844268 2.2474413 2.2562598 2.2206463 2.4889766 2.1057687 2.4147091 2.3187357 2.1945757 2.0725540 1.6465752 2.2096799 2.1945733 2.2977623 0.0000000 2.3166206 2.8021880 2.4893273 2.4765468 2.5826771 2.3180676 4.8418433 3.5699814 3.2921929 3.1865757 3.5472879 3.4806745 3.7141823 2.9806049 3.4684578 3.4586816 3.3079389 3.8979339 3.4738570 
Ocar_g7051                                             2.1994310 2.0773287 2.0111676 2.0555054 1.9193628 1.5693189 2.2034078 2.0236259 1.8897461 1.8364988 2.0368331 2.0692972 2.0545581 2.1331841 2.1741278 3.0069617 2.3711520 2.3091138 2.2412844 2.0685117 2.1421175 2.9436692 2.2111031 1.7385234 2.1682602 2.1949928 2.2282087 2.1766786 2.0403244 2.1162443 2.1971389 2.1009999 2.1198952 1.8121805 2.1479921 2.2990765 2.2338354 2.2379368 2.3166206 0.0000000 0.0230872 2.4493141 2.4787930 1.7873017 2.4742644 5.7069052 3.3380340 3.4216674 3.4559901 3.2402616 3.1741935 3.3310240 3.4601724 3.4087755 3.3789389 3.3239057 4.4644977 3.5918860 
Opea_EP00118_Oscarella_pearsei_P004585                 2.5390492 2.4092546 2.4180530 2.3283789 2.3865599 2.1452637 2.0734987 2.3536072 1.9684782 2.3652680 2.6129243 2.3741758 2.3543948 2.0816469 2.4578468 3.2725416 2.9176091 2.8032771 2.5049720 2.0622153 2.3501314 2.6019345 2.0191870 2.0217143 2.4877857 2.6086375 2.6559938 2.6378261 2.5014526 2.0925551 2.4513372 2.3235283 2.1826514 2.2429802 2.3397375 2.6329230 2.5426801 2.4969209 2.8021880 0.0230872 0.0000000 2.7413836 2.8243885 2.6526442 2.9055922 5.4594554 3.5795109 3.5927974 3.4767932 3.6021862 3.4943061 3.7677299 3.4230170 3.6950066 3.6910327 3.7300785 4.2292533 3.9092176 
Ctel_gnl_WGS_AMQN_CAPTEDRAFT_mRNA228317                1.8154559 1.8565296 2.3213647 2.0879725 2.1856166 2.0496150 1.5810960 2.1851842 1.7804501 2.0136040 2.1806483 2.0095806 2.0659606 1.7044493 2.0860497 3.2078684 2.1639751 2.2498983 2.3475320 1.9471654 2.2260636 2.1149267 1.9172161 2.0678173 2.2236497 2.3185215 2.3384107 2.2142995 2.6214533 2.0062145 2.5233763 2.1588450 1.9194655 1.9268879 1.8048205 1.7796032 1.8997702 2.1978899 2.4893273 2.4493141 2.7413836 0.0000000 2.4254222 2.6933924 2.7758973 4.5279640 3.2258772 3.0861332 2.9315484 3.2154050 3.1903826 3.3901756 2.3588131 3.3532420 3.2870354 3.2070041 3.4592552 3.1945311 
Chem_TCONS_00047863                                    2.3113912 2.2653661 1.7702648 1.6080052 1.7734972 1.8678279 1.6258149 2.4316891 1.9431952 2.4183252 2.7427889 2.2755765 2.2903372 2.1043088 2.4396602 3.2112987 2.2198117 2.3297954 2.3672074 2.0278792 2.3728198 2.1979902 1.8170357 2.2797487 2.3106569 2.4190978 2.4333187 2.4288207 2.5537690 2.1464491 2.4719051 2.4592514 2.2895853 2.1180421 2.1137219 2.3744613 2.4081309 2.3623322 2.4765468 2.4787930 2.8243885 2.4254222 0.0000000 2.6535440 2.6342140 4.3144630 3.0275482 3.1639444 3.0630164 3.3002540 3.3788987 3.5258173 2.5617149 3.1960098 3.2461272 3.5019857 3.2207540 3.3741079 
Skow_XM_006824799.1                                    2.0243809 1.7520546 2.0762465 1.7536743 2.0876015 2.6308008 1.4257840 2.0854795 1.8936397 2.1167548 2.2593949 1.9729532 1.9616038 1.6309205 1.9257044 2.6421421 2.1730554 2.1263251 2.5431209 2.2261005 2.5179793 3.6514808 2.1214206 2.3567540 2.2005535 2.2594149 2.3388683 2.2687553 2.5512428 1.2270627 2.2481150 2.2690626 2.0532252 1.8924274 1.5537668 2.1904153 1.9389577 1.7349618 2.5826771 1.7873017 2.6526442 2.6933924 2.6535440 0.0000000 3.0278851 3.8401809 3.5583420 3.0938595 2.8665086 3.3302975 3.4465632 3.5022817 2.2562441 3.6436268 3.6442819 3.3712677 3.4440112 3.3870393 
Tcas_TC011547_001                                      2.4434978 2.4197893 2.5684536 2.3894978 2.4574894 2.3221007 1.6411393 2.4425540 2.1146404 2.6576473 2.9479158 2.5078622 2.4988770 2.0999758 2.6249945 3.6279085 2.6191187 2.7021827 2.4601325 2.1468392 2.3672645 2.3152297 1.8779776 2.4346969 2.5428687 2.4638925 2.4693432 2.4691989 2.4743874 1.9934408 2.4866123 2.5464254 2.4213297 2.2432286 2.5067095 2.4147061 2.3975979 2.7950322 2.3180676 2.4742644 2.9055922 2.7758973 2.6342140 3.0278851 0.0000000 5.1741747 3.2403063 2.9478027 2.8703139 3.1057676 3.1108032 3.2796949 2.4116944 3.0782057 3.1563756 3.3121583 3.3271531 3.1968619 
TrH2_TrispH2_007415-RA                                 4.3228781 3.9457334 4.1915142 4.2950983 4.0810136 3.7909498 4.5974141 4.0502061 3.8476018 4.2414071 4.0912001 4.2376406 4.3686540 4.6997135 4.1813940 3.6062099 3.8438437 4.0512692 4.6233993 4.1232416 4.7363829 4.9081639 4.8121479 4.2343706 1.6761133 2.2023085 2.1940399 2.1816177 4.2736196 5.2488290 4.6496144 4.7450166 5.0154916 4.1478980 4.5497036 4.2666058 3.8592600 3.9769515 4.8418433 5.7069052 5.4594554 4.5279640 4.3144630 3.8401809 5.1741747 0.0000000 5.0410536 5.1230374 5.0031689 5.2342448 4.9334789 5.5044822 5.1872516 5.3803059 5.3435491 5.2147686 5.8439941 5.4330089 
Mlei_ML3295.g14.i1                                     3.0781113 2.9777799 3.1460306 2.9816426 3.2137922 3.0861703 2.6545514 2.7070135 2.5312921 2.8201503 3.1556233 2.8695698 2.7591132 2.5571044 2.8994580 3.5965377 2.9522796 3.0046960 3.1709598 2.9359380 2.9551216 3.4373441 3.0065068 2.8802981 2.9485591 3.1395058 3.1296419 3.0737253 3.1868836 2.7701907 3.0849938 3.1067666 3.0013899 2.8523417 2.9916799 3.1480161 3.2248912 3.2202340 3.5699814 3.3380340 3.5795109 3.2258772 3.0275482 3.5583420 3.2403063 5.0410536 0.0000000 0.5238686 0.4989894 0.7534149 0.6113519 0.7031255 0.7513718 0.8207498 0.8134189 0.9510063 0.8890846 0.9880283 
Bolinf_Binf_sb1250419                                  2.7871255 2.7315957 3.0674327 2.9768396 3.0568965 2.8800076 2.6726581 2.6158813 2.7517804 2.6941245 3.0547882 2.6993912 2.6492274 2.6833615 2.8677421 3.4850225 2.8028932 2.8616475 3.0349199 2.8353662 2.7813055 3.3886986 3.0369218 2.6713574 3.0798855 3.0076594 3.0555039 2.9473182 3.1527106 2.9281508 2.7562934 3.1422811 2.9539433 2.7617542 2.7112188 2.8266316 2.9999749 3.0180394 3.2921929 3.4216674 3.5927974 3.0861332 3.1639444 3.0938595 2.9478027 5.1230374 0.5238686 0.0000000 0.0049984 0.4978986 0.5943347 0.6266174 0.6855613 0.7665474 0.7433027 0.8694226 0.7333722 0.8198330 
Mertsp_Mesp_sb584992                                   2.6680213 2.6554419 2.9542092 2.8847934 2.9476728 2.7596160 2.6880883 2.5093845 2.7048142 2.5995919 3.0071006 2.6127455 2.5835689 2.6884399 2.7614735 3.2856094 2.7859587 2.7947659 2.9600375 2.8556574 2.6822314 3.3902499 3.0801435 2.5957884 2.9954525 2.9532522 3.0033498 2.9176508 3.1190261 2.9740703 2.6960121 2.9972897 2.9773987 2.5896799 2.7112188 2.7659753 2.8962540 2.9554422 3.1865757 3.4559901 3.4767932 2.9315484 3.0630164 2.8665086 2.8703139 5.0031689 0.4989894 0.0049984 0.0000000 0.4456922 0.5712860 0.6276885 0.6887175 0.7252487 0.7111958 0.8271339 0.7264932 0.7762355 
Lampan_Lpan_14898_01                                   2.8540245 2.9034693 3.0924391 2.9513419 3.2485780 3.4318037 2.4953998 2.9028510 2.5970213 2.7913531 3.0771127 2.7756255 2.7571874 2.5798593 2.8100016 3.5907561 3.0633490 3.1144611 3.1992708 2.7357625 2.8873108 3.2835049 3.1314541 2.9667618 3.2010226 3.2805425 3.2442766 3.2161384 3.1532144 2.8848026 3.0031052 3.1256373 2.9012576 2.7668883 2.7100302 3.1116637 3.3053143 3.1771436 3.5472879 3.2402616 3.6021862 3.2154050 3.3002540 3.3302975 3.1057676 5.2342448 0.7534149 0.4978986 0.4456922 0.0000000 0.7666165 0.8362349 0.6366487 0.9103178 0.9119112 0.8660866 0.6756699 0.8125496 
Beraby_Baby_sb332277                                   2.9060640 2.9342394 3.1768762 2.9302232 2.9911923 3.2394267 2.6660532 2.7147687 2.6701679 2.8163176 3.2930941 2.7434979 2.6302889 2.5107662 2.8270370 3.8717879 3.0070267 3.0499486 3.1295675 2.7427389 2.9380540 3.4348477 2.9185643 2.9400586 3.0260742 3.1507826 3.1242743 3.0636244 3.0250761 2.7762810 2.9856171 2.9612187 2.7995029 2.6029680 2.5371044 3.1120321 3.2963786 3.1512290 3.4806745 3.1741935 3.4943061 3.1903826 3.3788987 3.4465632 3.1108032 4.9334789 0.6113519 0.5943347 0.5712860 0.7666165 0.0000000 0.7535729 0.7764063 0.8552805 0.8461185 0.9347045 0.8389300 0.9517970 
Drygla_Dgla_sb306766                                   3.2252153 3.2396966 3.4371335 3.0751434 3.3312438 3.1824288 2.9965517 2.8474362 2.9120877 3.0303401 3.3536124 2.9120160 2.9339196 2.6549081 3.0126759 3.4780735 2.9963784 3.1678770 3.2226426 2.8788742 3.1066987 3.6167686 3.5834415 3.2292624 3.2915335 3.2787132 3.2653211 3.1770519 3.4341690 3.0516068 3.2077361 3.2880800 3.2051224 2.9580034 2.7299369 3.1908272 3.2194592 3.3263779 3.7141823 3.3310240 3.7677299 3.3901756 3.5258173 3.5022817 3.2796949 5.5044822 0.7031255 0.6266174 0.6276885 0.8362349 0.7535729 0.0000000 0.7629380 0.8853113 0.8755876 0.9584596 0.8358609 1.0020333 
Eupdun_Edun_sb10654368                                 2.3607118 2.1482915 2.6818371 2.5959566 2.5841455 2.2543501 2.6146860 2.2894536 2.3119947 2.0966411 2.4269529 2.3043945 2.1092643 2.3075928 2.2792932 1.6129375 2.3060485 2.3228049 2.4578205 2.4858257 2.3605844 3.2731032 3.1715190 2.2731260 2.5380051 2.3647087 2.3867747 2.3718988 2.5946690 2.8278217 2.3568491 2.5656735 2.5912643 2.0018542 1.8639812 2.3504390 2.3211728 2.6142018 2.9806049 3.4601724 3.4230170 2.3588131 2.5617149 2.2562441 2.4116944 5.1872516 0.7513718 0.6855613 0.6887175 0.6366487 0.7764063 0.7629380 0.0000000 0.9217614 0.9170213 0.7981454 0.9536894 0.7931380 
Pbac_sb2644934                                         2.9930039 2.9928898 3.3663388 2.8967110 3.1805222 3.2334294 2.7560113 2.8682092 2.6638493 2.8067572 3.0640131 2.8642846 2.7991565 2.7230931 3.0127177 3.4779934 3.0176296 3.2347915 3.0892278 2.8413722 2.8899345 3.5024627 2.9570137 3.0552805 3.0492353 3.1337906 3.1619356 3.1302968 3.2977979 3.2691008 3.1285331 3.2526089 3.2261882 2.8327042 2.8009146 3.0837272 3.1600296 3.4713969 3.4684578 3.4087755 3.6950066 3.3532420 3.1960098 3.6436268 3.0782057 5.3803059 0.8207498 0.7665474 0.7252487 0.9103178 0.8552805 0.8853113 0.9217614 0.0000000 0.0455589 1.1075609 1.0859566 1.1318088 
Horcal_Hcv1.av93.c7.g426.i1                            2.9909990 2.9581242 3.3831238 2.9101266 3.1554212 3.2717991 2.7181341 2.8907686 2.6388658 2.8803214 3.1682882 2.9187580 2.8122076 2.7114142 3.0097612 3.5387924 3.0619288 3.2846543 3.1175562 2.8359566 2.9405845 3.4686817 2.9571288 3.1244097 3.0618931 3.1682174 3.1972602 3.1723825 3.3089535 3.2849191 3.2325580 3.2557173 3.2112858 2.8840092 2.8711329 3.0739959 3.2329739 3.4859066 3.4586816 3.3789389 3.6910327 3.2870354 3.2461272 3.6442819 3.1563756 5.3435491 0.8134189 0.7433027 0.7111958 0.9119112 0.8461185 0.8755876 0.9170213 0.0455589 0.0000000 1.0947831 1.0537649 1.1125383 
Vmul_Simscaffold8642_01                                3.0746937 3.0799593 3.1413313 3.0518062 3.2210743 3.0062380 2.6062985 2.8944637 2.7922713 2.8818251 3.1175417 2.8691983 2.8686986 2.7624021 2.9435663 3.4312128 2.9875502 3.0866659 3.2922512 2.9352445 3.0575675 3.6207711 3.2645015 3.0714583 3.2618045 3.2471185 3.2147771 3.2746740 3.2485814 3.0827992 3.1422828 3.2950629 3.1425675 2.8976611 2.9260843 3.1472402 3.2192332 3.0622861 3.3079389 3.3239057 3.7300785 3.2070041 3.5019857 3.3712677 3.3121583 5.2147686 0.9510063 0.8694226 0.8271339 0.8660866 0.9347045 0.9584596 0.7981454 1.1075609 1.0947831 0.0000000 0.5088397 0.4947863 
Coeast_Cast_sb773659                                   2.9015065 2.8448963 3.6357619 3.4066909 3.2823605 3.0106602 3.4876294 2.8418840 3.3400722 2.6218817 2.7555457 3.1279056 2.8941210 3.1683106 3.1095364 0.0000010 3.3742582 3.3676834 3.3506490 3.4463304 3.5183953 3.6989860 3.5322021 3.3068512 3.0854831 2.7623398 2.7037343 2.7253294 3.5145214 3.6394573 3.4770001 3.2126414 3.1689760 2.4337595 8.9999981 3.3842638 3.3162615 3.0871378 3.8979339 4.4644977 4.2292533 3.4592552 3.2207540 3.4440112 3.3271531 5.8439941 0.8890846 0.7333722 0.7264932 0.6756699 0.8389300 0.8358609 0.9536894 1.0859566 1.0537649 0.5088397 0.0000000 0.0588207 
Coemet_Cmet_C604988_01                                 3.2081473 3.1429382 3.1669130 3.1245153 3.2248312 3.0810638 2.7635367 2.9543316 2.7423561 2.8633763 3.0806325 3.0736972 2.8658324 2.8406834 3.0104329 3.7844119 3.0825180 3.1605692 3.2850941 3.0582900 3.3189585 3.7908668 3.4474219 3.1745206 3.0737667 3.1150201 3.0321536 3.0847777 3.2700062 3.1627936 3.2210553 3.2385953 3.0746497 2.7456218 2.9467339 3.2485737 3.1916502 3.1535236 3.4738570 3.5918860 3.9092176 3.1945311 3.3741079 3.3870393 3.1968619 5.4330089 0.9880283 0.8198330 0.7762355 0.8125496 0.9517970 1.0020333 0.7931380 1.1318088 1.1125383 0.4947863 0.0588207 0.0000000 
