51
Spur_XM_030987342.1                                              0.0000000 1.5106695 1.7948766 1.6922259 2.0213518 1.7827710 1.6966134 1.8186427 1.8740241 1.6172559 1.7515997 1.8375302 2.0311469 2.1501823 2.2968952 2.1246417 2.0482838 1.9996684 2.0131809 2.1340366 1.6965227 2.0767754 1.9244869 1.8999463 1.9518490 1.7273803 2.4428597 2.1860834 1.8335359 2.0852447 2.2109043 2.1183513 1.8951762 2.7028571 2.7159538 2.6391017 2.7397723 2.6978197 3.0730666 3.3457997 2.6121783 2.6605681 1.8801042 1.9424603 2.2467687 2.2190520 2.3929779 1.9870411 2.0175668 2.2376089 3.4136358 
Skow_XM_006820401.1                                              1.5106695 0.0000000 1.6433816 1.5918336 1.5770633 1.1782962 1.5191093 1.3890641 1.4349692 1.2405202 1.5888571 1.7287291 1.7892229 1.8418751 1.7638459 1.8803782 1.8175748 1.6917684 1.7155988 1.9269239 1.6393784 1.9433505 1.6971167 1.9422878 1.8409575 1.6246727 1.9234125 2.0865938 1.9190441 1.9370359 2.2178511 2.0923093 2.0243817 2.5521362 2.8633726 2.8306128 2.4669726 2.4504239 2.7163841 3.2980789 2.8596923 2.6619253 1.7298090 1.8583239 1.8248776 2.0875624 2.1027275 1.9399700 2.0422216 2.3770971 3.1126863 
Exapal_XM_021051550.2                                            1.7948766 1.6433816 0.0000000 0.9511083 1.3675408 0.7065056 1.1062775 1.1956289 1.2359902 0.8417202 1.3671895 1.3781407 1.6067996 1.9282503 1.7944491 1.8116106 1.7984575 1.7417072 1.7467701 1.8657322 1.5594613 2.0433377 1.6523658 1.8994885 1.7395625 1.4673963 1.9877978 1.9932088 1.8546698 1.8264592 2.2031967 2.0794477 1.8245305 2.4274430 2.8894691 2.6775985 2.5503379 2.4166616 2.5300405 3.3653036 2.7106320 3.0636836 1.9473317 1.9317761 1.9326166 1.9461520 2.8351012 2.1317191 2.1833944 2.6460131 3.0250024 
Nvec_v1g240471                                                   1.6922259 1.5918336 0.9511083 0.0000000 1.1202010 0.5458865 0.9438562 1.0308733 1.0330170 0.7700658 1.2246818 1.3444259 1.4784033 1.9254911 1.7833642 1.6368299 1.7059091 1.6487597 1.6408803 1.7904978 1.5577439 1.8594846 1.5871583 1.6675567 1.6707179 1.4717656 1.8619592 1.8165373 1.7132332 1.9227579 1.9764670 1.8159001 1.8602755 2.3422087 2.7805857 2.4060374 2.3655597 2.3589142 2.4282325 3.2537744 2.5051522 2.9505497 1.9265031 2.0049467 1.9239531 1.9290918 2.5390287 2.0609018 2.2056221 2.4373634 4.1522700 
Adig_XM_015916112.1                                              2.0213518 1.5770633 1.3675408 1.1202010 0.0000000 0.0758762 0.7111070 0.7550496 0.7745768 0.6123559 1.2416007 1.5575434 1.8127589 2.3310613 2.1192398 1.9736156 2.0018376 2.0124541 2.0056396 2.1519640 1.6075744 2.2474409 1.9094423 1.9476889 1.8877501 1.6685354 2.3372297 2.2370313 1.6888229 2.4692661 2.6438226 2.0767282 2.0339489 2.6923330 2.4896147 2.7090592 2.5533114 2.4561742 2.8407344 3.4799435 2.9112587 2.5631717 2.1423128 2.2134362 1.9817010 2.6652514 2.6046933 2.4820092 2.4118600 3.0418972 7.7465655 
Amil_Amillepora17089-RA                                          1.7827710 1.1782962 0.7065056 0.5458865 0.0758762 0.0000000 0.4758415 0.5078558 0.4821825 0.4032558 1.4039218 1.0453453 0.8638680 1.0629181 1.7231329 1.5971188 1.6277447 1.7183567 1.6425201 1.8541832 1.9315514 0.2819851 1.1457020 1.8151082 1.7045748 1.3059445 1.8215639 1.8877895 0.2819851 1.8393989 4.8100198 1.6428688 1.8320771 2.4765355 2.3102237 3.2335811 2.4210501 2.5987057 2.4782735 2.8575275 2.2062468 1.4652922 1.6705122 1.8361005 2.1127060 2.0185532 2.6964128 2.0618616 2.7113897 2.9690423 4.6873348 
Fspp_ffun1.m4.26249.m1                                           1.6966134 1.5191093 1.1062775 0.9438562 0.7111070 0.4758415 0.0000000 0.4632716 0.4604444 0.3711523 0.5408549 1.3596507 1.4806592 2.0120801 1.8778011 1.8084752 1.8448495 1.8310003 1.8285197 1.8762444 1.4279722 2.0185259 1.5123128 1.6480103 1.6544712 1.5649818 2.1122055 2.0060418 1.6961263 2.0009906 2.3651625 1.8200432 1.8517593 2.4586466 2.7362400 2.5573292 2.4930699 2.3223084 2.5388921 3.0470211 2.5495754 3.2409322 1.7740148 1.9810145 1.8279943 2.1160697 2.4219910 2.0738945 2.2296769 2.5821271 3.8530909 
Spis_XP_022783428_1                                              1.8186427 1.3890641 1.1956289 1.0308733 0.7550496 0.5078558 0.4632716 0.0000000 0.1424946 0.3886810 0.7672371 1.3895617 1.6360417 1.9922812 1.8318884 1.8544227 1.8536298 1.8106157 1.8130468 1.8552997 1.4815907 1.9496309 1.6467256 1.6776043 1.6211396 1.4949413 1.9898294 1.8351693 1.6623158 2.1405239 2.0999266 1.9277268 1.7518823 2.3916424 2.4842533 2.5917957 2.5326024 2.2009515 2.3418954 3.0782123 2.4024207 2.7030058 1.7463021 1.7735685 1.7516957 1.9800662 2.3872776 2.0223998 2.2445080 2.5539796 3.7601438 
Pocdam_XM_027188231.1                                            1.8740241 1.4349692 1.2359902 1.0330170 0.7745768 0.4821825 0.4604444 0.1424946 0.0000000 0.3811978 0.7448211 1.4306498 1.6710917 2.0349105 1.8958259 1.8761260 1.8553457 1.8725025 1.8801021 1.9347039 1.4667715 1.9988329 1.7744471 1.7769274 1.7055738 1.5198203 2.1147146 1.9133306 1.7236104 2.2348951 2.1151834 1.9484028 1.8079562 2.4153714 2.6727533 2.7207332 2.6357826 2.3406093 2.5210707 3.1671900 2.4751892 2.7438590 1.7931003 1.8400486 1.7617923 1.9556183 2.4872928 2.1400795 2.3532560 2.5543050 3.4854166 
Gfas_gfas1.m1.4164.m1                                            1.6172559 1.2405202 0.8417202 0.7700658 0.6123559 0.4032558 0.3711523 0.3886810 0.3811978 0.0000000 0.4220403 0.9491213 1.1172574 1.9111487 1.7133499 1.6542697 1.6989118 1.6421669 1.6241442 1.6755442 1.8222560 2.0216093 0.8671760 1.6424758 1.6269746 1.8494706 1.8650158 1.5995374 0.0000010 0.6802099 1.9791440 1.7190028 1.5036569 2.2923897 9.0000000 2.6238128 2.3755183 2.0946953 2.4421965 2.5625668 2.3203321 9.0000000 1.5479241 1.7549141 2.4285763 2.1260883 2.4078524 1.8230798 2.5861357 2.6030589 3.6345705 
Gasp_gasp1.m3.21165.m1                                           1.7515997 1.5888571 1.3671895 1.2246818 1.2416007 1.4039218 0.5408549 0.7672371 0.7448211 0.4220403 0.0000000 1.6985690 1.7486971 1.9565080 2.0196798 2.0447564 2.0688516 1.9477097 1.9706426 2.0843161 1.2050902 1.9220740 1.6864611 1.4606740 1.4207614 1.1167404 2.1994697 1.9787915 1.7129519 2.3472374 2.0599529 1.9135452 1.9176837 2.0226183 2.2071745 2.2609262 2.2071741 1.8243862 2.2504565 2.7341582 2.0610168 3.3994328 1.6912622 1.6086570 1.4514924 1.4383732 2.3251173 1.8130152 1.6422826 2.3326984 1.9868500 
Dgig_XM_028542286.1                                              1.8375302 1.7287291 1.3781407 1.3444259 1.5575434 1.0453453 1.3596507 1.3895617 1.4306498 0.9491213 1.6985690 0.0000000 0.7307938 1.9018589 1.8676986 1.9874092 1.9453282 1.8730351 1.8753279 1.9591248 1.4263704 2.0165813 1.9509887 1.9787864 1.8644564 1.5797458 2.1338533 2.2688672 1.9316295 2.2115897 2.3379260 2.2802266 1.8318817 2.3389931 2.7836488 2.4350240 2.4306389 2.2627285 2.4871564 2.9854988 2.5018842 2.9401979 2.1148531 1.8749656 2.0851892 1.9207030 2.5996019 2.1885930 2.2494700 2.4749987 3.3254683 
Xesp_003336-T1                                                   2.0311469 1.7892229 1.6067996 1.4784033 1.8127589 0.8638680 1.4806592 1.6360417 1.6710917 1.1172574 1.7486971 0.7307938 0.0000000 1.8545609 1.8105083 1.8614937 1.8561444 1.8147983 1.8188310 1.8967663 1.5139361 2.1200144 2.0969863 2.0379917 2.1397683 1.6273816 2.2219330 2.5106827 2.0549614 2.6070626 2.4250456 2.2546535 1.9768689 2.3768752 2.7450111 2.2470319 2.4604156 2.2537831 2.5775871 3.0715490 2.5970568 3.3412354 2.0337637 1.9836818 2.0869901 2.2198851 2.9203395 2.5788412 2.2309323 2.6579665 3.2382610 
Tadh_TriadT52388                                                 2.1501823 1.8418751 1.9282503 1.9254911 2.3310613 1.0629181 2.0120801 1.9922812 2.0349105 1.9111487 1.9565080 1.9018589 1.8545609 0.0000000 0.0029673 0.5229998 0.5117950 0.4799549 0.4929794 0.4819403 1.5016234 2.2468477 1.8722378 1.9937773 2.0529003 1.7865772 2.6624722 2.4112927 2.3728029 2.0029671 2.2231408 1.9904088 2.8327089 2.7513732 3.0913909 2.4711059 2.5842329 2.4707148 2.8220595 3.0244774 2.9178397 2.9371751 2.1379892 1.9455422 1.9006700 2.6063381 2.3702016 2.2415097 2.1765013 2.1121260 2.3241694 
TrH2_TrispH2_000043-RA                                           2.2968952 1.7638459 1.7944491 1.7833642 2.1192398 1.7231329 1.8778011 1.8318884 1.8958259 1.7133499 2.0196798 1.8676986 1.8105083 0.0029673 0.0000000 0.5316470 0.5175440 0.5035727 0.5032579 0.4941920 1.8413985 2.2422904 1.9411125 2.0955451 2.1973761 2.0575140 2.6072032 2.4742449 2.3690902 1.9778961 2.5633397 2.2472363 2.7193796 2.9298664 3.4000819 2.7113674 2.7772818 2.6278018 2.9920188 3.4725126 3.0172630 3.0374824 2.2130474 2.1113047 2.2194347 2.6460541 2.5113255 2.3570551 2.3186717 2.4792253 3.2124581 
HoiH06_mRNA12364                                                 2.1246417 1.8803782 1.8116106 1.6368299 1.9736156 1.5971188 1.8084752 1.8544227 1.8761260 1.6542697 2.0447564 1.9874092 1.8614937 0.5229998 0.5316470 0.0000000 0.0602729 0.2217052 0.2251328 0.2911590 1.8355439 2.0980769 1.6933892 1.9896504 2.1687174 1.9722934 2.5385694 2.4597379 2.2082417 2.0607787 2.4348589 2.0902108 2.5850093 2.8002593 3.3113365 2.5869730 2.8111725 2.5861508 2.9411977 3.3446953 2.7543577 2.8261308 1.9823412 2.0770443 2.1529542 2.6156128 2.6290526 2.3087068 2.2484419 2.4536277 2.9550220 
HoiH23_PlH23_002608-RA                                           2.0482838 1.8175748 1.7984575 1.7059091 2.0018376 1.6277447 1.8448495 1.8536298 1.8553457 1.6989118 2.0688516 1.9453282 1.8561444 0.5117950 0.5175440 0.0602729 0.0000000 0.2283372 0.2317686 0.2803105 1.8516856 2.0839957 1.7355756 1.9822232 2.1306204 1.9348622 2.5271331 2.3924331 2.1935361 2.0762425 2.3847208 2.0999374 2.5207920 2.7394038 3.2573308 2.5493211 2.7849280 2.6096900 2.9690737 3.2511295 2.7135937 2.7865996 2.0352838 2.0434297 2.1716979 2.6897094 2.5791988 2.2570720 2.2214827 2.4770954 3.1899529 
Hhon_g06528.t1                                                   1.9996684 1.6917684 1.7417072 1.6487597 2.0124541 1.7183567 1.8310003 1.8106157 1.8725025 1.6421669 1.9477097 1.8730351 1.8147983 0.4799549 0.5035727 0.2217052 0.2283372 0.0000000 0.0088554 0.3032069 1.8457786 2.1529287 1.6432195 1.9690404 2.0389012 1.9869864 2.4124939 2.4261664 2.2167488 2.0575616 2.6155635 2.0739139 2.4489915 2.6853462 3.1231953 2.5694553 2.7595786 2.5112207 2.7843661 3.2904131 2.6504236 2.6158468 1.9465654 2.0504185 2.1981477 2.6813804 2.5397649 2.1338311 2.1725463 2.4530383 2.7145760 
HoiH04_mRNA6480                                                  2.0131809 1.7155988 1.7467701 1.6408803 2.0056396 1.6425201 1.8285197 1.8130468 1.8801021 1.6241442 1.9706426 1.8753279 1.8188310 0.4929794 0.5032579 0.2251328 0.2317686 0.0088554 0.0000000 0.3040920 1.8678451 2.1343554 1.6841128 1.9432097 2.0365367 1.9812939 2.4200303 2.4259646 2.1959038 2.0841518 2.5877856 2.0765722 2.5122615 2.7106263 3.1943895 2.5876745 2.7803565 2.5461882 2.7822123 3.3071289 2.6697855 2.7582787 1.9386920 2.0680130 2.2304775 2.6504264 2.5831441 2.1217690 2.1573680 2.4624638 2.7145760 
HoiH11_mRNA9012                                                  2.1340366 1.9269239 1.8657322 1.7904978 2.1519640 1.8541832 1.8762444 1.8552997 1.9347039 1.6755442 2.0843161 1.9591248 1.8967663 0.4819403 0.4941920 0.2911590 0.2803105 0.3032069 0.3040920 0.0000000 1.8331556 2.2766191 1.7186375 2.1367682 2.1328615 2.0547104 2.4939772 2.4056368 2.1906326 2.0543439 2.5304384 2.0979458 2.3801468 2.8591899 3.4798271 2.6405852 2.7732105 2.5828735 2.9196939 3.4014868 2.9311159 3.0408247 2.0367929 2.0914271 2.3361862 2.6312605 2.4938787 2.2466860 2.1001037 2.4983705 3.1289441 
Spolac_c96481_g1_i1_m.13158c96481-g1                             1.6965227 1.6393784 1.5594613 1.5577439 1.6075744 1.9315514 1.4279722 1.4815907 1.4667715 1.8222560 1.2050902 1.4263704 1.5139361 1.5016234 1.8413985 1.8355439 1.8516856 1.8457786 1.8678451 1.8331556 0.0000000 1.3983385 1.1570848 1.6921031 1.6184457 1.6281131 1.7304412 1.8908745 1.3143032 1.1900960 1.6007746 1.7228460 0.2661201 2.0203407 1.5983204 2.2283351 2.0718691 2.1341844 2.3381957 2.3278198 2.1037367 1.1877606 1.6366188 1.4154633 1.4668532 1.9612176 1.9736502 1.9598367 2.0427606 2.1616528 3.2158233 
Chem_TCONS_00012096                                              2.0767754 1.9433505 2.0433377 1.8594846 2.2474409 0.2819851 2.0185259 1.9496309 1.9988329 2.0216093 1.9220740 2.0165813 2.1200144 2.2468477 2.2422904 2.0980769 2.0839957 2.1529287 2.1343554 2.2766191 1.3983385 0.0000000 1.5747670 1.7324616 1.6100281 1.3061194 2.0918328 2.3878426 1.7048711 2.1687104 2.0646951 1.1782473 1.7779096 2.5523886 2.2904718 2.4182829 2.4007353 2.3327428 2.7122067 2.7283541 2.4278778 2.8280328 1.9916293 1.6164033 1.7375418 2.5452441 2.5710421 2.3490527 1.9919364 2.4957558 3.5640055 
Aaur_scaffold745.g11.t1                                          1.9244869 1.6971167 1.6523658 1.5871583 1.9094423 1.1457020 1.5123128 1.6467256 1.7744471 0.8671760 1.6864611 1.9509887 2.0969863 1.8722378 1.9411125 1.6933892 1.7355756 1.6432195 1.6841128 1.7186375 1.1570848 1.5747670 0.0000000 0.7448388 0.6609398 0.5019465 1.8989540 2.1398934 1.8524444 2.1027357 1.9762382 1.6146305 1.5356798 2.1227009 2.5968371 2.1604175 2.1027087 2.0395030 2.4105985 3.2880043 2.5698357 2.5073758 2.0490325 1.6108113 1.5386645 1.5723396 2.2641891 2.1213821 1.7692577 2.2712074 1.5759591 
Nemnom_g16950.t1                                                 1.8999463 1.9422878 1.8994885 1.6675567 1.9476889 1.8151082 1.6480103 1.6776043 1.7769274 1.6424758 1.4606740 1.9787864 2.0379917 1.9937773 2.0955451 1.9896504 1.9822232 1.9690404 1.9432097 2.1367682 1.6921031 1.7324616 0.7448388 0.0000000 0.4916721 0.9434468 1.9566039 1.8500169 1.6945999 1.7102582 2.4029000 1.7227998 1.8752540 2.2974082 2.1809046 2.3475235 2.2811002 2.2708150 2.2355303 2.6132235 2.3164095 2.2156880 1.9620325 1.6623516 2.1004307 2.2165328 2.4109194 2.3102762 2.1418664 2.4754331 3.2998625 
Rhoesc_Res_013746-T1                                             1.9518490 1.8409575 1.7395625 1.6707179 1.8877501 1.7045748 1.6544712 1.6211396 1.7055738 1.6269746 1.4207614 1.8644564 2.1397683 2.0529003 2.1973761 2.1687174 2.1306204 2.0389012 2.0365367 2.1328615 1.6184457 1.6100281 0.6609398 0.4916721 0.0000000 0.9289774 1.8970758 1.9628067 1.8375141 1.7982559 2.2159031 1.6947547 1.8748060 2.4858980 2.5320443 2.5478752 2.3635548 2.3056616 2.5870442 2.9335709 2.4662348 3.0586830 2.0006617 1.6416512 1.9656526 2.2758205 2.4184139 2.3215307 2.1194230 2.5675088 3.0132844 
Sanmal_Sma_009288-T1                                             1.7273803 1.6246727 1.4673963 1.4717656 1.6685354 1.3059445 1.5649818 1.4949413 1.5198203 1.8494706 1.1167404 1.5797458 1.6273816 1.7865772 2.0575140 1.9722934 1.9348622 1.9869864 1.9812939 2.0547104 1.6281131 1.3061194 0.5019465 0.9434468 0.9289774 0.0000000 1.6610249 1.7024215 1.4259174 1.3635115 1.9193904 1.3077147 1.4992624 2.3578790 1.6714328 2.4373467 2.2242349 2.2045815 2.1444490 2.5989705 2.5477857 1.5798665 1.6812838 1.5147238 1.9943314 2.2045642 2.1198723 2.1170848 2.2680858 2.1868396 2.9594888 
Scil_scict001725.1                                               2.4428597 1.9234125 1.9877978 1.8619592 2.3372297 1.8215639 2.1122055 1.9898294 2.1147146 1.8650158 2.1994697 2.1338533 2.2219330 2.6624722 2.6072032 2.5385694 2.5271331 2.4124939 2.4200303 2.4939772 1.7304412 2.0918328 1.8989540 1.9566039 1.8970758 1.6610249 0.0000000 0.7707274 1.2476891 0.7353838 1.2370277 2.4606883 2.1629731 2.4167134 2.5008715 2.7456957 2.4708869 2.4069196 2.6243959 2.6793156 2.1911364 2.7375619 2.3865788 2.2096170 2.2026937 2.6059202 2.5047453 2.6597323 2.2646113 3.0702133 3.8537407 
Lcom_lcpid63951                                                  2.1860834 2.0865938 1.9932088 1.8165373 2.2370313 1.8877895 2.0060418 1.8351693 1.9133306 1.5995374 1.9787915 2.2688672 2.5106827 2.4112927 2.4742449 2.4597379 2.3924331 2.4261664 2.4259646 2.4056368 1.8908745 2.3878426 2.1398934 1.8500169 1.9628067 1.7024215 0.7707274 0.0000000 0.9665859 0.8029584 1.2735530 2.4688501 2.0841874 2.3237319 2.7386831 2.5924214 2.5623438 2.2974936 2.4235830 2.8898961 2.3954103 2.8672720 2.2812263 2.3355609 2.3084713 2.3464829 2.4715231 2.4720759 2.2894899 2.9912920 3.3468587 
Clacor_Ccor_C528409_01                                           1.8335359 1.9190441 1.8546698 1.7132332 1.6888229 0.2819851 1.6961263 1.6623158 1.7236104 0.0000010 1.7129519 1.9316295 2.0549614 2.3728029 2.3690902 2.2082417 2.1935361 2.2167488 2.1959038 2.1906326 1.3143032 1.7048711 1.8524444 1.6945999 1.8375141 1.4259174 1.2476891 0.9665859 0.0000000 1.1407783 1.1019541 2.4058579 1.7102227 1.9751945 1.8064490 2.0161263 2.0675138 2.0344599 2.1987195 2.5759348 2.0873323 2.4490952 2.0669623 1.6991474 1.4576945 1.6992203 2.0517480 2.0086217 1.8169856 2.0625110 0.0000010 
Leuniv_Lniv_C802382_01                                           2.0852447 1.9370359 1.8264592 1.9227579 2.4692661 1.8393989 2.0009906 2.1405239 2.2348951 0.6802099 2.3472374 2.2115897 2.6070626 2.0029671 1.9778961 2.0607787 2.0762425 2.0575616 2.0841518 2.0543439 1.1900960 2.1687104 2.1027357 1.7102582 1.7982559 1.3635115 0.7353838 0.8029584 1.1407783 0.0000000 0.9784960 2.8754080 2.0721327 2.4198095 2.9545971 2.5042416 2.3286480 2.0760245 2.0097683 2.6003945 2.1620021 2.9240780 2.3054292 2.2157565 1.6186122 1.6048511 2.5532364 2.5004711 1.7305135 2.6268902 1.5277356 
Gracom_Gcom_scaffold17515_01                                     2.2109043 2.2178511 2.2031967 1.9764670 2.6438226 4.8100198 2.3651625 2.0999266 2.1151834 1.9791440 2.0599529 2.3379260 2.4250456 2.2231408 2.5633397 2.4348589 2.3847208 2.6155635 2.5877856 2.5304384 1.6007746 2.0646951 1.9762382 2.4029000 2.2159031 1.9193904 1.2370277 1.2735530 1.1019541 0.9784960 0.0000000 2.8651217 2.4190622 2.4269307 2.5309764 2.6233678 2.4818325 2.4523198 2.5182465 2.9277343 2.4287987 2.7516884 2.5637924 2.1268803 1.8772624 2.8778290 2.7896654 2.6062477 2.1900481 2.6432348 2.8067468 
Hvul_g3952_1                                                     2.1183513 2.0923093 2.0794477 1.8159001 2.0767282 1.6428688 1.8200432 1.9277268 1.9484028 1.7190028 1.9135452 2.2802266 2.2546535 1.9904088 2.2472363 2.0902108 2.0999374 2.0739139 2.0765722 2.0979458 1.7228460 1.1782473 1.6146305 1.7227998 1.6947547 1.3077147 2.4606883 2.4688501 2.4058579 2.8754080 2.8651217 0.0000000 2.2990759 2.9388693 3.0014317 2.8900877 2.9858032 2.7225162 3.1294162 3.7867833 3.1682601 3.1614138 2.1097466 1.7398503 1.9068832 2.2752384 2.8526680 2.4098185 2.2970150 2.7894211 3.7425025 
Emue_Em0001g1094a.t1                                             1.8951762 2.0243817 1.8245305 1.8602755 2.0339489 1.8320771 1.8517593 1.7518823 1.8079562 1.5036569 1.9176837 1.8318817 1.9768689 2.8327089 2.7193796 2.5850093 2.5207920 2.4489915 2.5122615 2.3801468 0.2661201 1.7779096 1.5356798 1.8752540 1.8748060 1.4992624 2.1629731 2.0841874 1.7102227 2.0721327 2.4190622 2.2990759 0.0000000 2.0868558 2.0605679 2.1352528 2.2613614 2.3073084 2.1516585 3.0026817 2.3799602 2.2498871 2.1050260 1.7769738 1.4468276 1.5541779 2.5587458 2.5358146 2.1166187 2.6588892 2.6143889 
Mlei_ML1425.g4.i1                                                2.7028571 2.5521362 2.4274430 2.3422087 2.6923330 2.4765355 2.4586466 2.3916424 2.4153714 2.2923897 2.0226183 2.3389931 2.3768752 2.7513732 2.9298664 2.8002593 2.7394038 2.6853462 2.7106263 2.8591899 2.0203407 2.5523886 2.1227009 2.2974082 2.4858980 2.3578790 2.4167134 2.3237319 1.9751945 2.4198095 2.4269307 2.9388693 2.0868558 0.0000000 0.3893736 0.6955721 0.6770632 0.8566327 0.9859611 1.1390058 0.8940263 1.1950177 2.6946634 2.6063261 2.3054675 3.0518460 2.9811199 2.8410169 2.3244324 2.8496428 3.6242712 
Mertsp_Mesp_sb591748                                             2.7159538 2.8633726 2.8894691 2.7805857 2.4896147 2.3102237 2.7362400 2.4842533 2.6727533 9.0000000 2.2071745 2.7836488 2.7450111 3.0913909 3.4000819 3.3113365 3.2573308 3.1231953 3.1943895 3.4798271 1.5983204 2.2904718 2.5968371 2.1809046 2.5320443 1.6714328 2.5008715 2.7386831 1.8064490 2.9545971 2.5309764 3.0014317 2.0605679 0.3893736 0.0000000 0.7311684 0.7621125 1.1971110 1.1679945 1.3098931 1.0823745 1.1012490 3.1327658 2.3640263 1.6900491 2.9524633 2.6354170 2.8823012 1.9855417 2.9931405 2.8917065 
Beraby_Baby_sb325062                                             2.6391017 2.8306128 2.6775985 2.4060374 2.7090592 3.2335811 2.5573292 2.5917957 2.7207332 2.6238128 2.2609262 2.4350240 2.2470319 2.4711059 2.7113674 2.5869730 2.5493211 2.5694553 2.5876745 2.6405852 2.2283351 2.4182829 2.1604175 2.3475235 2.5478752 2.4373467 2.7456957 2.5924214 2.0161263 2.5042416 2.6233678 2.8900877 2.1352528 0.6955721 0.7311684 0.0000000 0.7120937 0.8911079 0.9200970 1.0111199 0.8640943 1.0593304 2.6161326 2.4147072 2.3423111 3.5035456 3.2579815 2.9231334 2.7507730 2.9088322 4.1381465 
Lampan_Lpan_C413049_01                                           2.7397723 2.4669726 2.5503379 2.3655597 2.5533114 2.4210501 2.4930699 2.5326024 2.6357826 2.3755183 2.2071741 2.4306389 2.4604156 2.5842329 2.7772818 2.8111725 2.7849280 2.7595786 2.7803565 2.7732105 2.0718691 2.4007353 2.1027087 2.2811002 2.3635548 2.2242349 2.4708869 2.5623438 2.0675138 2.3286480 2.4818325 2.9858032 2.2613614 0.6770632 0.7621125 0.7120937 0.0000000 0.7008267 0.7843477 1.0462491 0.8483629 1.0535469 2.8456504 2.2750670 2.3518716 3.2305382 2.9507465 2.9010353 2.4314876 2.9786800 3.6600410 
Coemet_Cmet_scaffold6525_01                                      2.6978197 2.4504239 2.4166616 2.3589142 2.4561742 2.5987057 2.3223084 2.2009515 2.3406093 2.0946953 1.8243862 2.2627285 2.2537831 2.4707148 2.6278018 2.5861508 2.6096900 2.5112207 2.5461882 2.5828735 2.1341844 2.3327428 2.0395030 2.2708150 2.3056616 2.2045815 2.4069196 2.2974936 2.0344599 2.0760245 2.4523198 2.7225162 2.3073084 0.8566327 1.1971110 0.8911079 0.7008267 0.0000000 0.6939562 1.1197848 0.9079644 1.4449848 2.5632053 2.3002594 2.2402573 2.9544029 2.9270070 3.1459457 2.3880024 2.6302076 3.5190860 
Vmul_SimC395814                                                  3.0730666 2.7163841 2.5300405 2.4282325 2.8407344 2.4782735 2.5388921 2.3418954 2.5210707 2.4421965 2.2504565 2.4871564 2.5775871 2.8220595 2.9920188 2.9411977 2.9690737 2.7843661 2.7822123 2.9196939 2.3381957 2.7122067 2.4105985 2.2355303 2.5870442 2.1444490 2.6243959 2.4235830 2.1987195 2.0097683 2.5182465 3.1294162 2.1516585 0.9859611 1.1679945 0.9200970 0.7843477 0.6939562 0.0000000 1.2828776 1.0744444 1.4771992 2.5662595 2.4309619 2.5269919 3.2231198 3.0919430 2.8907450 2.4709600 2.8244746 4.1601662 
Pbac_sb2649604                                                   3.3457997 3.2980789 3.3653036 3.2537744 3.4799435 2.8575275 3.0470211 3.0782123 3.1671900 2.5625668 2.7341582 2.9854988 3.0715490 3.0244774 3.4725126 3.3446953 3.2511295 3.2904131 3.3071289 3.4014868 2.3278198 2.7283541 3.2880043 2.6132235 2.9335709 2.5989705 2.6793156 2.8898961 2.5759348 2.6003945 2.9277343 3.7867833 3.0026817 1.1390058 1.3098931 1.0111199 1.0462491 1.1197848 1.2828776 0.0000000 0.2144753 1.9452357 3.5161912 2.7264139 2.4662456 3.4540876 3.5652896 3.8153696 2.7441846 3.5270222 3.5152717 
Horcal_Hcv1.av93.c2.g553.i1                                      2.6121783 2.8596923 2.7106320 2.5051522 2.9112587 2.2062468 2.5495754 2.4024207 2.4751892 2.3203321 2.0610168 2.5018842 2.5970568 2.9178397 3.0172630 2.7543577 2.7135937 2.6504236 2.6697855 2.9311159 2.1037367 2.4278778 2.5698357 2.3164095 2.4662348 2.5477857 2.1911364 2.3954103 2.0873323 2.1620021 2.4287987 3.1682601 2.3799602 0.8940263 1.0823745 0.8640943 0.8483629 0.9079644 1.0744444 0.2144753 0.0000000 1.4637622 2.8843287 2.4460897 2.2734895 3.1730974 3.2171895 3.1646940 2.5847866 2.9462345 3.7926504 
Eupdun_Edun_sb10603251                                           2.6605681 2.6619253 3.0636836 2.9505497 2.5631717 1.4652922 3.2409322 2.7030058 2.7438590 9.0000000 3.3994328 2.9401979 3.3412354 2.9371751 3.0374824 2.8261308 2.7865996 2.6158468 2.7582787 3.0408247 1.1877606 2.8280328 2.5073758 2.2156880 3.0586830 1.5798665 2.7375619 2.8672720 2.4490952 2.9240780 2.7516884 3.1614138 2.2498871 1.1950177 1.1012490 1.0593304 1.0535469 1.4449848 1.4771992 1.9452357 1.4637622 0.0000000 3.3724143 2.6936270 1.7285776 3.2094563 3.0561801 3.5060321 1.8069472 3.2929375 1.1611223 
Acagra_model.g31043.t1                                           1.8801042 1.7298090 1.9473317 1.9265031 2.1423128 1.6705122 1.7740148 1.7463021 1.7931003 1.5479241 1.6912622 2.1148531 2.0337637 2.1379892 2.2130474 1.9823412 2.0352838 1.9465654 1.9386920 2.0367929 1.6366188 1.9916293 2.0490325 1.9620325 2.0006617 1.6812838 2.3865788 2.2812263 2.0669623 2.3054292 2.5637924 2.1097466 2.1050260 2.6946634 3.1327658 2.6161326 2.8456504 2.5632053 2.5662595 3.5161912 2.8843287 3.3724143 0.0000000 1.6698155 1.8393896 2.4446115 2.6739953 1.7682403 2.3459052 2.2155296 3.5781664 
Morvir_scaffold783.g1.t1                                         1.9424603 1.8583239 1.9317761 2.0049467 2.2134362 1.8361005 1.9810145 1.7735685 1.8400486 1.7549141 1.6086570 1.8749656 1.9836818 1.9455422 2.1113047 2.0770443 2.0434297 2.0504185 2.0680130 2.0914271 1.4154633 1.6164033 1.6108113 1.6623516 1.6416512 1.5147238 2.2096170 2.3355609 1.6991474 2.2157565 2.1268803 1.7398503 1.7769738 2.6063261 2.3640263 2.4147072 2.2750670 2.3002594 2.4309619 2.7264139 2.4460897 2.6936270 1.6698155 0.0000000 1.8386605 2.1908908 2.4267133 2.1750134 1.9630622 2.2088343 2.7445330 
Aque_Aqu2.1.34933_001                                            2.2467687 1.8248776 1.9326166 1.9239531 1.9817010 2.1127060 1.8279943 1.7516957 1.7617923 2.4285763 1.4514924 2.0851892 2.0869901 1.9006700 2.2194347 2.1529542 2.1716979 2.1981477 2.2304775 2.3361862 1.4668532 1.7375418 1.5386645 2.1004307 1.9656526 1.9943314 2.2026937 2.3084713 1.4576945 1.6186122 1.8772624 1.9068832 1.4468276 2.3054675 1.6900491 2.3423111 2.3518716 2.2402573 2.5269919 2.4662456 2.2734895 1.7285776 1.8393896 1.8386605 0.0000000 1.4030062 2.3773747 2.1877321 2.4823025 2.3278480 3.5493157 
Xestes_augustus_masked-XT_scaffold5507-processed-gene-0.6-mRNA-1 2.2190520 2.0875624 1.9461520 1.9290918 2.6652514 2.0185532 2.1160697 1.9800662 1.9556183 2.1260883 1.4383732 1.9207030 2.2198851 2.6063381 2.6460541 2.6156128 2.6897094 2.6813804 2.6504264 2.6312605 1.9612176 2.5452441 1.5723396 2.2165328 2.2758205 2.2045642 2.6059202 2.3464829 1.6992203 1.6048511 2.8778290 2.2752384 1.5541779 3.0518460 2.9524633 3.5035456 3.2305382 2.9544029 3.2231198 3.4540876 3.1730974 3.2094563 2.4446115 2.1908908 1.4030062 0.0000000 2.5963620 2.8227412 2.9482605 2.5035969 4.2413092 
Cscu_XM_023361296.1                                              2.3929779 2.1027275 2.8351012 2.5390287 2.6046933 2.6964128 2.4219910 2.3872776 2.4872928 2.4078524 2.3251173 2.5996019 2.9203395 2.3702016 2.5113255 2.6290526 2.5791988 2.5397649 2.5831441 2.4938787 1.9736502 2.5710421 2.2641891 2.4109194 2.4184139 2.1198723 2.5047453 2.4715231 2.0517480 2.5532364 2.7896654 2.8526680 2.5587458 2.9811199 2.6354170 3.2579815 2.9507465 2.9270070 3.0919430 3.5652896 3.2171895 3.0561801 2.6739953 2.4267133 2.3773747 2.5963620 0.0000000 2.4266031 2.0275435 2.5646730 3.8237988 
Cgig_XM_011428318.3                                              1.9870411 1.9399700 2.1317191 2.0609018 2.4820092 2.0618616 2.0738945 2.0223998 2.1400795 1.8230798 1.8130152 2.1885930 2.5788412 2.2415097 2.3570551 2.3087068 2.2570720 2.1338311 2.1217690 2.2466860 1.9598367 2.3490527 2.1213821 2.3102762 2.3215307 2.1170848 2.6597323 2.4720759 2.0086217 2.5004711 2.6062477 2.4098185 2.5358146 2.8410169 2.8823012 2.9231334 2.9010353 3.1459457 2.8907450 3.8153696 3.1646940 3.5060321 1.7682403 2.1750134 2.1877321 2.8227412 2.4266031 0.0000000 2.4589767 2.5328271 3.7366917 
Dpul_mRNA10004                                                   2.0175668 2.0422216 2.1833944 2.2056221 2.4118600 2.7113897 2.2296769 2.2445080 2.3532560 2.5861357 1.6422826 2.2494700 2.2309323 2.1765013 2.3186717 2.2484419 2.2214827 2.1725463 2.1573680 2.1001037 2.0427606 1.9919364 1.7692577 2.1418664 2.1194230 2.2680858 2.2646113 2.2894899 1.8169856 1.7305135 2.1900481 2.2970150 2.1166187 2.3244324 1.9855417 2.7507730 2.4314876 2.3880024 2.4709600 2.7441846 2.5847866 1.8069472 2.3459052 1.9630622 2.4823025 2.9482605 2.0275435 2.4589767 0.0000000 1.8770464 5.3122098 
Tcas_TC012481_001                                                2.2376089 2.3770971 2.6460131 2.4373634 3.0418972 2.9690423 2.5821271 2.5539796 2.5543050 2.6030589 2.3326984 2.4749987 2.6579665 2.1121260 2.4792253 2.4536277 2.4770954 2.4530383 2.4624638 2.4983705 2.1616528 2.4957558 2.2712074 2.4754331 2.5675088 2.1868396 3.0702133 2.9912920 2.0625110 2.6268902 2.6432348 2.7894211 2.6588892 2.8496428 2.9931405 2.9088322 2.9786800 2.6302076 2.8244746 3.5270222 2.9462345 3.2929375 2.2155296 2.2088343 2.3278480 2.5035969 2.5646730 2.5328271 1.8770464 0.0000000 4.0059626 
Tetwil_g21441.t1                                                 3.4136358 3.1126863 3.0250024 4.1522700 7.7465655 4.6873348 3.8530909 3.7601438 3.4854166 3.6345705 1.9868500 3.3254683 3.2382610 2.3241694 3.2124581 2.9550220 3.1899529 2.7145760 2.7145760 3.1289441 3.2158233 3.5640055 1.5759591 3.2998625 3.0132844 2.9594888 3.8537407 3.3468587 0.0000010 1.5277356 2.8067468 3.7425025 2.6143889 3.6242712 2.8917065 4.1381465 3.6600410 3.5190860 4.1601662 3.5152717 3.7926504 1.1611223 3.5781664 2.7445330 3.5493157 4.2413092 3.8237988 3.7366917 5.3122098 4.0059626 0.0000000 
