59
Hsap_ENST00000616140                                0.0000000 0.7299774 0.9115786 0.9087532 0.9410337 0.9743074 0.9982837 0.9775231 1.0200869 0.9992422 1.1386186 1.0824129 1.1318689 0.8366053 0.9770925 1.1326881 1.0796342 1.1982799 1.1475164 1.4800433 1.4888496 1.4076504 1.2749258 1.1192195 1.2713732 1.3231477 1.1102996 0.8411303 1.2901878 1.4679625 1.2410090 1.1344428 1.2345958 1.4412475 1.4039157 1.5952433 1.4943314 1.6776748 1.2635827 1.4531410 1.3070776 1.5583735 1.6888068 1.5058689 1.2986766 1.5967336 1.5760279 2.4473185 1.6793487 1.5347472 1.7463876 1.6187543 1.5455414 1.4948114 1.5289872 1.4802065 1.4715423 1.5375431 4.2168667 
Bralan_BLAG07000485_1                               0.7299774 0.0000000 0.8321340 0.8765919 0.8711696 0.9466540 1.0281528 0.9780847 0.9859238 0.9972258 1.1112003 1.0155245 1.1200407 0.9450681 1.0653488 1.0479435 1.0909979 1.2510881 1.1273501 1.4360026 1.4427501 1.4147445 1.2681653 1.0151091 1.2846314 1.3065579 0.9723869 0.8652129 1.3041249 1.4371838 1.2004226 1.1050400 1.1752069 1.2698306 1.3481529 1.5788356 1.4942555 1.7443400 1.5685667 1.4116615 1.2804022 1.5001704 1.6359468 1.4966085 1.2732155 1.6539860 1.6018259 2.4869334 1.4844343 1.5704004 1.7519434 1.6743056 1.6180879 1.5406063 1.5884887 1.5307477 1.5255236 1.5509824 4.0312140 
Cscu_XM_023370195.1                                 0.9115786 0.8321340 0.0000000 0.8678152 0.7950467 1.0202558 1.1005410 1.0134990 1.0396737 1.0267868 1.1609067 1.1053273 1.1458924 1.0042207 1.1237259 0.8622449 0.9888564 1.2195921 1.1304755 1.5365785 1.5468526 1.4559732 1.3959538 1.0520287 1.3779294 1.3546915 0.9921639 0.8651675 1.4279082 1.5870120 1.0824809 1.1461916 1.2944645 1.4083143 1.4382584 1.6894774 1.6910846 1.9026338 1.4634181 1.4550176 1.3226474 1.5214613 1.6964173 1.5462828 1.2810105 1.5902196 1.6206861 2.2584196 1.5872552 1.5428810 1.7592332 1.6715956 1.6146561 1.5679073 1.5739637 1.5646519 1.5691809 1.5953191 4.5729423 
Cgig_XM_011448977.3                                 0.9087532 0.8765919 0.8678152 0.0000000 0.7471638 1.0434204 1.0609056 1.0473734 1.0333303 1.0468346 1.2272041 1.1277878 1.1797984 0.9995391 1.1044120 1.0686954 1.1171195 1.2527749 1.1882946 1.5302700 1.5217093 1.4152183 1.3258270 1.1228135 1.3385947 1.3164192 1.0188651 0.9183340 1.3068280 1.5760384 1.2553310 1.1433367 1.2804586 1.3779917 1.4115839 1.7453248 1.6072566 1.7774319 1.6529207 1.5369092 1.3231850 1.5129710 1.6715010 1.5468386 1.3410984 1.6862680 1.6440943 2.3807392 1.5272812 1.6045770 1.7986116 1.6734509 1.6163500 1.5261975 1.5697344 1.5550816 1.5357136 1.4928046 4.2217484 
Acagra_model.g29536.t1                              0.9410337 0.8711696 0.7950467 0.7471638 0.0000000 1.0424683 1.0731188 1.0562023 1.0105340 1.0781785 1.0386467 1.1157869 1.1325596 0.7796628 1.1217042 1.0408263 1.1819969 1.3378989 1.1516350 1.5583098 1.5419025 1.4374769 1.3406001 1.1535064 1.3468483 1.3523403 0.9621993 0.9039919 1.3453012 1.6095356 1.2128254 1.0661856 1.2684535 1.3359644 1.3939068 1.7967639 1.6097378 1.6841349 1.5902325 1.5129751 1.4566100 1.5728573 1.7590728 1.7219313 1.3907278 1.7955601 1.7650132 2.6396594 1.3909649 1.6954743 2.1154450 1.8419476 1.7516906 1.6177000 1.6955603 1.6464937 1.6363550 1.6769668 3.2450922 
Exapal_XM_021055111.2                               0.9743074 0.9466540 1.0202558 1.0434204 1.0424683 0.0000000 0.3821045 0.5500114 0.5629021 0.5159333 0.6237233 0.7761808 0.8750772 0.9198635 0.9584539 1.2433412 0.9339853 1.1576764 1.1160267 1.4893046 1.5308443 1.4913211 1.2647175 1.0561581 1.2613566 1.1678940 1.1704644 0.5233032 1.3480863 1.4587794 1.3680884 1.2075438 1.0311706 1.1746690 1.2836370 1.5784914 1.5709678 1.7048384 1.3255721 1.4655130 1.3406628 1.5050000 1.7018509 1.6172912 1.3152658 1.6721082 1.6116162 2.2925288 1.8109159 1.6222753 1.7290374 1.7217833 1.6468346 1.5929733 1.6202834 1.6155245 1.6180026 1.6039580 5.3005317 
Nvec_v1g191927                                      0.9982837 1.0281528 1.1005410 1.0609056 1.0731188 0.3821045 0.0000000 0.5220775 0.5228572 0.5149812 0.6316277 0.8253168 0.9419618 0.9001104 0.9691188 1.1934925 1.0183708 1.1778406 1.1306712 1.4642900 1.4961451 1.4537899 1.3382184 1.1104806 1.3042523 1.2589915 1.2467669 0.5148342 1.3495189 1.4111454 1.3916139 1.2885459 1.0370962 1.2136342 1.1775917 1.6145604 1.6413403 1.7121945 1.3611532 1.4283064 1.3138564 1.5115518 1.6484199 1.5816878 1.2978869 1.6522897 1.6120847 2.0520624 1.8726923 1.5971160 1.7938903 1.6667645 1.6336065 1.6598811 1.6701206 1.6475209 1.6644393 1.6295782 4.2812634 
Adig_XM_015922459.1                                 0.9775231 0.9780847 1.0134990 1.0473734 1.0562023 0.5500114 0.5220775 0.0000000 0.0324616 0.1297560 0.3011216 0.7595797 0.8310747 0.8889638 0.9827900 1.1816637 1.0679717 1.2023241 1.0833220 1.4466529 1.5065949 1.3949477 1.3220252 1.0160891 1.2331340 1.2884123 1.2128669 0.0992361 1.2511581 1.4862045 1.3474648 1.1444847 1.0798541 1.1403280 1.2955507 1.5826646 1.5319986 1.6434845 1.4327721 1.4796324 1.3340934 1.5194223 1.7033830 1.5536517 1.3192452 1.6105201 1.5816906 2.3045149 1.4426638 1.5683531 1.6683760 1.7055761 1.6447664 1.6429057 1.6545857 1.6291700 1.6258941 1.6131484 4.3359860 
Amil_Amillepora36591-RA                             1.0200869 0.9859238 1.0396737 1.0333303 1.0105340 0.5629021 0.5228572 0.0324616 0.0000000 0.1354956 0.2354898 0.7550059 0.8190434 0.9582422 1.0344658 1.2704840 1.1843379 1.1796693 1.0658398 1.3976593 1.4511223 1.4238476 1.3043527 1.0514112 1.2851611 1.3016156 1.2099260 0.2054356 1.3121645 1.4687762 1.3896874 1.1239175 1.0195291 1.1708760 1.2211296 1.5865608 1.4800976 1.5948711 1.4655624 1.4853566 1.3648668 1.5415488 1.6426663 1.5506246 1.3316758 1.6459943 1.6558233 2.2786616 1.4772003 1.6787053 1.8069185 1.8142218 1.7236106 1.7148174 1.6731324 1.7022156 1.7010400 1.6877309 3.7688519 
Gfas_gfas1.m1.15287.m1                              0.9992422 0.9972258 1.0267868 1.0468346 1.0781785 0.5159333 0.5149812 0.1297560 0.1354956 0.0000000 0.1819156 0.7511238 0.8024156 0.9055511 0.9092858 1.1543802 1.1150482 1.1572751 1.0784501 1.4784535 1.5157041 1.4190808 1.4179922 1.2225336 1.2825389 1.3405672 1.1948858 0.2317601 1.3136988 1.4927101 1.2662754 1.2462971 1.1112895 1.0795226 1.2577455 1.5855705 1.5509506 1.6912062 1.9287642 1.5963383 1.5239172 1.6336693 1.8136188 1.5956441 1.4787510 1.6836565 1.6458071 2.3226057 1.4670964 1.5520849 1.6942156 1.8025148 1.7112360 1.6612797 1.6658013 1.6622908 1.6689990 1.6245727 4.3718924 
Fspp_ffun1.m4.29991.m1                              1.1386186 1.1112003 1.1609067 1.2272041 1.0386467 0.6237233 0.6316277 0.3011216 0.2354898 0.1819156 0.0000000 0.8659672 0.9497536 1.0455083 1.2289010 1.3796815 1.1066197 1.3837435 1.1996187 1.6406968 1.7633670 1.5890429 1.4830343 0.9936434 1.4338885 1.4486869 1.4158355 0.0988306 1.6113470 1.6692808 1.5726526 1.2350835 1.1285783 1.2754017 1.3107530 1.7855041 1.7106157 1.6857379 1.6011735 1.4478479 1.1747542 1.4782743 1.6485004 1.5019109 1.2106748 1.8254923 1.7876190 1.9724045 3.5770219 1.7071528 2.1001251 2.0268237 1.9093820 1.7732952 1.8976485 1.8562659 1.7930958 1.6605578 3.9651512 
Dgig_XM_028554150.1                                 1.0824129 1.0155245 1.1053273 1.1277878 1.1157869 0.7761808 0.8253168 0.7595797 0.7550059 0.7511238 0.8659672 0.0000000 0.2348930 0.9314055 0.9967010 1.2407784 1.1653248 1.2684075 1.1887298 1.5696105 1.5936745 1.4794877 1.3959648 1.1582124 1.3166424 1.3877856 1.2806006 0.6922999 1.3503229 1.5270389 1.4331794 1.3425162 1.1847974 1.2884631 1.3333847 1.6933144 1.6371416 1.9508786 1.5687952 1.6471723 1.4855190 1.6650937 1.8175224 1.7086964 1.4402486 1.7491751 1.7112738 2.7269185 1.7903856 1.6883192 1.8522619 1.8177400 1.7699347 1.7087477 1.7320965 1.6964831 1.7192145 1.7266600 4.4645651 
Xesp_005503-T1                                      1.1318689 1.1200407 1.1458924 1.1797984 1.1325596 0.8750772 0.9419618 0.8310747 0.8190434 0.8024156 0.9497536 0.2348930 0.0000000 0.9720708 1.0976608 1.3006253 1.2431621 1.3397233 1.2737035 1.5986796 1.6064171 1.5111381 1.4765728 1.3387304 1.4129312 1.4115989 1.3263102 0.7374473 1.3940608 1.5625796 1.4702819 1.3539940 1.2147960 1.3120495 1.3099135 1.7219949 1.6680479 1.9573938 1.5622520 1.6978671 1.6159063 1.7097255 1.8701266 1.7204946 1.4941528 1.7683131 1.7458661 2.5351762 1.7581147 1.7406585 1.8253077 1.8597488 1.8543406 1.7965763 1.8213840 1.7765940 1.7962279 1.8342107 4.8722818 
Aaur_scaffold852.g3.t1                              0.8366053 0.9450681 1.0042207 0.9995391 0.7796628 0.9198635 0.9001104 0.8889638 0.9582422 0.9055511 1.0455083 0.9314055 0.9720708 0.0000000 0.2143927 1.0453636 0.0000010 1.3118260 1.0571415 1.3219528 1.2042807 1.1238186 1.1863670 0.0000010 1.1944435 1.3153674 1.0707560 0.0000010 0.8496216 0.9302237 1.3263158 1.0474045 0.2168745 1.9542214 0.0000010 1.4156668 1.3245690 1.7633952 0.0000010 0.0000010 0.0000010 0.0000010 1.2091988 1.3711718 0.0000010 1.3539638 1.3939395 1.1247961 0.0000010 1.3254750 1.4520965 1.6199906 1.5386551 1.4993352 1.5020210 1.4825869 1.4909240 1.6000615 7.1745809 
Nemnom_g18157.t1                                    0.9770925 1.0653488 1.1237259 1.1044120 1.1217042 0.9584539 0.9691188 0.9827900 1.0344658 0.9092858 1.2289010 0.9967010 1.0976608 0.2143927 0.0000000 1.1616255 4.5425649 1.4404239 1.2130986 1.4208426 1.3622133 1.3227183 1.4047761 8.9999981 1.3879160 1.4025641 1.2195638 3.5289641 1.0281416 1.1735862 1.3898255 1.3701930 0.2637510 0.7724808 2.0906962 1.5943640 1.5635725 1.9818409 9.0000000 8.9999982 9.0000000 6.8382940 2.2813012 1.6928589 8.9999984 1.7368729 1.7724239 2.0456360 6.1741898 1.6568199 1.7455049 1.9275204 1.8208958 1.8124083 1.7759701 1.7533784 1.8130124 1.8544849 7.1420408 
Tcas_TC003068_001                                   1.1326881 1.0479435 0.8622449 1.0686954 1.0408263 1.2433412 1.1934925 1.1816637 1.2704840 1.1543802 1.3796815 1.2407784 1.3006253 1.0453636 1.1616255 0.0000000 1.2560587 1.3920543 1.3034646 1.6061635 1.6180801 1.5663503 1.4833264 1.2976630 1.5021381 1.4929153 1.1428341 1.0025758 1.4300773 1.6261320 1.0297153 1.3753279 1.3712871 1.5172089 1.4741182 1.7762348 1.6946808 1.8539095 1.7252234 1.7128014 1.4777393 1.8134031 1.9580853 1.7585002 1.4747777 1.8432279 1.8454415 2.7214817 1.9871157 1.6999322 1.9720602 1.8838247 1.7888401 1.7096960 1.7370030 1.7054162 1.7043026 1.6848832 5.0237364 
Ocar_g4116                                          1.0796342 1.0909979 0.9888564 1.1171195 1.1819969 0.9339853 1.0183708 1.0679717 1.1843379 1.1150482 1.1066197 1.1653248 1.2431621 0.0000010 4.5425649 1.2560587 0.0000000 0.0075525 0.7880794 1.3955134 1.4566060 1.3940271 1.1622891 0.9921020 1.2597996 1.1727424 1.2676395 0.9850766 0.4649216 1.5224816 1.2858722 1.2018449 1.2144799 1.3759974 1.3327320 1.6208752 1.5553084 1.4591912 1.0953446 1.3693668 1.3163769 1.4492346 1.4492346 1.4581839 1.3017036 1.4406915 1.4589866 6.5904315 1.3721214 1.4253167 1.8202086 1.5075199 1.3876618 1.3708249 1.4671455 1.4100314 1.4065481 1.3465559 2.5647158 
Opea_EP00118_Oscarella_pearsei_P015222              1.1982799 1.2510881 1.2195921 1.2527749 1.3378989 1.1576764 1.1778406 1.2023241 1.1796693 1.1572751 1.3837435 1.2684075 1.3397233 1.3118260 1.4404239 1.3920543 0.0075525 0.0000000 0.8896236 1.5939218 1.6374718 1.5459466 1.4552448 0.9938384 1.3740078 1.4471428 1.3841446 1.0055895 1.5359027 1.6985462 1.5096290 1.3504225 1.4667114 1.7259939 1.5608021 1.6943587 1.6315315 1.7754773 1.0801010 1.5516279 1.3110595 1.6538127 1.7887649 1.6814073 1.2832505 1.6938241 1.6485197 2.2076495 1.4318055 1.6747240 1.8390591 1.8717071 1.7515982 1.7428789 1.8033209 1.7513878 1.7640129 1.7183152 4.6375249 
Plajan_Pjan_scaffold23763_01                        1.1475164 1.1273501 1.1304755 1.1882946 1.1516350 1.1160267 1.1306712 1.0833220 1.0658398 1.0784501 1.1996187 1.1887298 1.2737035 1.0571415 1.2130986 1.3034646 0.7880794 0.8896236 0.0000000 1.5336603 1.4781188 1.4120493 1.2807520 0.8976695 1.3007267 1.2706688 1.2315568 1.0247934 1.3550012 1.6382694 1.4285166 1.3704701 1.3834125 1.5257199 1.4261270 1.5495667 1.4815964 1.5416957 1.0756922 1.4157072 1.2445949 1.5758121 1.6765480 1.5143989 1.2664223 1.6232620 1.5551803 2.1472311 1.5372458 1.5349713 1.7477584 1.8318088 1.7336637 1.6923251 1.7182469 1.6953079 1.7108848 1.7521889 4.2115644 
Aque_Aqu2.1.38760_001                               1.4800433 1.4360026 1.5365785 1.5302700 1.5583098 1.4893046 1.4642900 1.4466529 1.3976593 1.4784535 1.6406968 1.5696105 1.5986796 1.3219528 1.4208426 1.6061635 1.3955134 1.5939218 1.5336603 0.0000000 0.2766330 0.5450104 1.0056292 0.6688947 1.0577335 1.3196658 1.6551254 1.2259442 1.7131711 1.8360996 1.8646959 1.6063897 1.5358210 1.7455332 1.8727697 2.0494098 1.8702134 1.9664106 1.8019832 1.7484005 1.5742291 1.7889640 1.8606940 1.7914576 1.6144117 1.9885268 1.9464011 2.2891762 1.7397345 1.8842303 2.1476526 2.0316914 1.9178467 1.8916267 1.9015922 1.8551682 1.8842836 2.0019345 3.9665997 
Halamb_c49027_g1_i2mm.2879                          1.4888496 1.4427501 1.5468526 1.5217093 1.5419025 1.5308443 1.4961451 1.5065949 1.4511223 1.5157041 1.7633670 1.5936745 1.6064171 1.2042807 1.3622133 1.6180801 1.4566060 1.6374718 1.4781188 0.2766330 0.0000000 0.4901303 1.0106160 0.6118170 1.0300008 1.2873192 1.6356881 1.2537805 1.6939444 1.8591118 1.8670897 1.5533564 1.5103240 1.7519429 1.8672337 1.9940893 1.8697045 1.8780668 1.7864531 1.7876341 1.6921301 1.8236083 1.8925217 1.8260806 1.7096553 1.9619310 1.9016674 2.0156688 1.6938062 1.9064553 1.9807353 1.9234656 1.8396369 1.8295863 1.8433367 1.8150739 1.8294172 1.9020192 3.9373769 
Xestes_maker-XT_scaffold3224-snap-gene-0.21-mRNA-1  1.4076504 1.4147445 1.4559732 1.4152183 1.4374769 1.4913211 1.4537899 1.3949477 1.4238476 1.4190808 1.5890429 1.4794877 1.5111381 1.1238186 1.3227183 1.5663503 1.3940271 1.5459466 1.4120493 0.5450104 0.4901303 0.0000000 0.9536090 0.6437860 0.9755131 1.2352518 1.5632548 1.2453270 1.6896369 1.7847633 1.6932194 1.5026956 1.6296800 1.7788092 1.7993451 1.8940012 1.8229505 1.9022395 1.8270924 1.8243695 1.8083472 1.8148919 1.9239405 1.8797382 1.7963759 1.9363373 1.9660896 2.3906464 1.8406901 1.8949317 2.0347274 1.9078556 1.8301385 1.8081889 1.8255715 1.7552963 1.7667943 1.8720347 3.6638603 
Tetwil_g8278.t2                                     1.2749258 1.2681653 1.3959538 1.3258270 1.3406001 1.2647175 1.3382184 1.3220252 1.3043527 1.4179922 1.4830343 1.3959648 1.4765728 1.1863670 1.4047761 1.4833264 1.1622891 1.4552448 1.2807520 1.0056292 1.0106160 0.9536090 0.0000000 0.3167467 0.6725266 1.1094026 1.4104209 1.0754073 1.7370249 1.7272293 1.7220550 1.4234778 1.5282315 1.5420664 1.6127832 1.8778216 1.7391579 1.8443087 1.6276551 1.5800414 1.5265003 1.6317707 1.7406025 1.6619432 1.5626619 1.7886875 1.7535557 2.5781857 1.4893728 1.7120189 1.8485523 1.9414830 1.8426477 1.8461125 1.8898067 1.8404867 1.8464031 1.8764219 3.3302559 
Stycar_maker-SC_scaffold103115-snap-gene-0.5-mRNA-1 1.1192195 1.0151091 1.0520287 1.1228135 1.1535064 1.0561581 1.1104806 1.0160891 1.0514112 1.2225336 0.9936434 1.1582124 1.3387304 0.0000010 8.9999981 1.2976630 0.9921020 0.9938384 0.8976695 0.6688947 0.6118170 0.6437860 0.3167467 0.0000000 0.4115398 0.7584943 1.1757128 1.2090531 0.4129351 1.3657206 1.2190777 1.2034049 1.2275114 1.1602687 1.2321444 1.9918742 1.6648885 1.7226151 1.8035523 1.4522207 1.4701110 1.4963997 1.4963997 1.4733306 1.5500463 1.6036139 1.5855846 6.0556907 3.3045884 1.5007525 0.0000010 1.3439026 1.2834701 1.3070566 1.3971532 1.2827436 1.2827436 1.1955015 0.7909447 
Spolac_c102488_g1_i4_m.29544c102488-g1              1.2713732 1.2846314 1.3779294 1.3385947 1.3468483 1.2613566 1.3042523 1.2331340 1.2851611 1.2825389 1.4338885 1.3166424 1.4129312 1.1944435 1.3879160 1.5021381 1.2597996 1.3740078 1.3007267 1.0577335 1.0300008 0.9755131 0.6725266 0.4115398 0.0000000 1.0887961 1.3936755 1.1145356 1.6028479 1.7411775 1.7175716 1.4753621 1.4383319 1.6501678 1.6091313 1.7458684 1.7274866 1.8846653 1.5471557 1.6000433 1.5469785 1.7812855 1.8803733 1.7573755 1.5038261 1.8024302 1.8332744 2.3655930 1.8243898 1.7807275 1.9712856 1.8468734 1.8457391 1.8492234 1.8626751 1.8464504 1.8587801 1.8734350 2.5164483 
Plespi_Pspi_C615798_01                              1.3231477 1.3065579 1.3546915 1.3164192 1.3523403 1.1678940 1.2589915 1.2884123 1.3016156 1.3405672 1.4486869 1.3877856 1.4115989 1.3153674 1.4025641 1.4929153 1.1727424 1.4471428 1.2706688 1.3196658 1.2873192 1.2352518 1.1094026 0.7584943 1.0887961 0.0000000 1.4329695 1.1665112 1.5020101 1.6472592 1.6678222 1.5268729 1.4843676 1.6222301 1.6326250 1.7276624 1.6866122 1.6926698 1.6626300 1.7293575 1.6101277 1.7416543 1.8424910 1.7892870 1.5849217 1.7917623 1.7811960 1.9771894 1.8784047 1.7850462 1.8715986 2.0803396 1.9858705 1.9704055 1.9817340 1.9140346 1.9517566 2.0112110 4.4165328 
Ctel_gnl_WGS_AMQN_CAPTEDRAFT_mRNA161045             1.1102996 0.9723869 0.9921639 1.0188651 0.9621993 1.1704644 1.2467669 1.2128669 1.2099260 1.1948858 1.4158355 1.2806006 1.3263102 1.0707560 1.2195638 1.1428341 1.2676395 1.3841446 1.2315568 1.6551254 1.6356881 1.5632548 1.4104209 1.1757128 1.3936755 1.4329695 0.0000000 1.2377610 1.5596607 1.6260637 1.2497443 1.2494733 1.4443097 1.5765313 1.4636077 1.7587031 1.6716728 1.9017986 1.8697290 1.5910842 1.4536558 1.7541901 1.8860946 1.7040933 1.3996528 1.7710007 1.7305219 2.2213168 1.5943106 1.7659171 1.8901849 1.7954859 1.7772164 1.6888889 1.7304909 1.7051411 1.6971804 1.7198853 4.0879256 
Gasp_gasp1.m3.23729.m1                              0.8411303 0.8652129 0.8651675 0.9183340 0.9039919 0.5233032 0.5148342 0.0992361 0.2054356 0.2317601 0.0988306 0.6922999 0.7374473 0.0000010 3.5289641 1.0025758 0.9850766 1.0055895 1.0247934 1.2259442 1.2537805 1.2453270 1.0754073 1.2090531 1.1145356 1.1665112 1.2377610 0.0000000 0.0000010 1.2362776 1.0014860 0.9719739 0.7932600 0.8043356 0.9933580 1.6688327 1.5686021 1.5823682 1.4235146 1.4098647 1.5704936 1.4122801 1.4122801 1.3766600 1.4458423 1.4010393 1.4600581 5.3420472 1.3930133 1.3601311 0.9247357 1.3500177 1.3592554 1.4003160 1.4879162 1.4148184 1.4160286 1.3435935 2.2848553 
Hvul_g20538_1                                       1.2901878 1.3041249 1.4279082 1.3068280 1.3453012 1.3480863 1.3495189 1.2511581 1.3121645 1.3136988 1.6113470 1.3503229 1.3940608 0.8496216 1.0281416 1.4300773 0.4649216 1.5359027 1.3550012 1.7131711 1.6939444 1.6896369 1.7370249 0.4129351 1.6028479 1.5020101 1.5596607 0.0000010 0.0000000 1.0187126 1.6253986 1.7118517 1.6863931 2.2611659 2.5235808 1.8429508 1.6192663 2.0571097 0.0000010 6.8525940 2.4361028 3.2678043 2.1458402 1.7604938 2.6930421 1.7481632 1.8136404 1.6981803 1.9572953 1.7849771 1.8302099 2.1785763 2.0971084 2.0318397 2.0328088 1.9873621 1.9808599 2.0534861 8.7020185 
Chem_TCONS_00031204                                 1.4679625 1.4371838 1.5870120 1.5760384 1.6095356 1.4587794 1.4111454 1.4862045 1.4687762 1.4927101 1.6692808 1.5270389 1.5625796 0.9302237 1.1735862 1.6261320 1.5224816 1.6985462 1.6382694 1.8360996 1.8591118 1.7847633 1.7272293 1.3657206 1.7411775 1.6472592 1.6260637 1.2362776 1.0187126 0.0000000 1.7301199 1.8543527 1.2450940 1.5183967 1.4654966 2.0521685 1.8595164 2.0120421 1.9118051 1.8356572 1.5644015 1.8921037 2.0149209 1.8590389 1.5585195 1.8857376 1.8920193 2.3265876 2.0371763 1.8939511 2.0495013 2.0595223 2.0197285 1.9923163 2.0413802 2.0006789 1.9984039 2.0354863 5.1168827 
Dpul_mRNA27919                                      1.2410090 1.2004226 1.0824809 1.2553310 1.2128254 1.3680884 1.3916139 1.3474648 1.3896874 1.2662754 1.5726526 1.4331794 1.4702819 1.3263158 1.3898255 1.0297153 1.2858722 1.5096290 1.4285166 1.8646959 1.8670897 1.6932194 1.7220550 1.2190777 1.7175716 1.6678222 1.2497443 1.0014860 1.6253986 1.7301199 0.0000000 1.4548519 1.5030393 1.5875894 1.6548893 1.8348896 1.8765369 1.9780898 1.4052482 1.7937036 1.5110285 1.8410923 1.9294729 1.8027306 1.4672201 1.8524182 1.8175671 2.4255267 1.8044746 1.7791645 1.9126885 1.8504416 1.7894911 1.7233122 1.7801193 1.7387362 1.7388904 1.7437751 5.7078666 
Spur_XM_030979623.1                                 1.1344428 1.1050400 1.1461916 1.1433367 1.0661856 1.2075438 1.2885459 1.1444847 1.1239175 1.2462971 1.2350835 1.3425162 1.3539940 1.0474045 1.3701930 1.3753279 1.2018449 1.3504225 1.3704701 1.6063897 1.5533564 1.5026956 1.4234778 1.2034049 1.4753621 1.5268729 1.2494733 0.9719739 1.7118517 1.8543527 1.4548519 0.0000000 1.4663410 1.6456207 1.5143441 2.0042860 1.8090524 1.8476123 1.6798533 1.5950831 1.5871921 1.6221271 1.8030006 1.7512600 1.5747831 1.8334629 1.7936199 2.6052304 1.3719710 1.7680539 1.8993618 1.8877888 1.8210045 1.7256692 1.8071635 1.7685747 1.7654692 1.7479804 3.7311652 
Rhoesc_Res_010856-T1                                1.2345958 1.1752069 1.2944645 1.2804586 1.2684535 1.0311706 1.0370962 1.0798541 1.0195291 1.1112895 1.1285783 1.1847974 1.2147960 0.2168745 0.2637510 1.3712871 1.2144799 1.4667114 1.3834125 1.5358210 1.5103240 1.6296800 1.5282315 1.2275114 1.4383319 1.4843676 1.4443097 0.7932600 1.6863931 1.2450940 1.5030393 1.4663410 0.0000000 0.4404502 0.9277593 1.9240080 1.7919596 1.8012587 1.4237294 1.4905282 1.3097683 1.5444627 1.6922571 1.7395294 1.3053177 1.8190096 1.8475801 3.0924599 1.7478919 1.8265127 2.4358173 1.9264745 1.8196565 1.8191707 1.8729805 1.8716625 1.8652725 1.8737307 3.2840477 
Sanmal_Sma_024913-T1                                1.4412475 1.2698306 1.4083143 1.3779917 1.3359644 1.1746690 1.2136342 1.1403280 1.1708760 1.0795226 1.2754017 1.2884631 1.3120495 1.9542214 0.7724808 1.5172089 1.3759974 1.7259939 1.5257199 1.7455332 1.7519429 1.7788092 1.5420664 1.1602687 1.6501678 1.6222301 1.5765313 0.8043356 2.2611659 1.5183967 1.5875894 1.6456207 0.4404502 0.0000000 1.0782897 2.0176806 2.0060393 2.0099295 1.5309510 1.5622236 1.4647013 1.6623982 1.8450868 1.8718132 1.4536730 1.9914700 2.0632614 3.7806773 1.7986814 1.8400937 2.5973270 2.1015671 1.9877784 1.9885771 2.0782799 2.0310030 2.0207222 2.0312773 4.0008206 
Morvir_scaffold410.g6.t1                            1.4039157 1.3481529 1.4382584 1.4115839 1.3939068 1.2836370 1.1775917 1.2955507 1.2211296 1.2577455 1.3107530 1.3333847 1.3099135 0.0000010 2.0906962 1.4741182 1.3327320 1.5608021 1.4261270 1.8727697 1.8672337 1.7993451 1.6127832 1.2321444 1.6091313 1.6326250 1.4636077 0.9933580 2.5235808 1.4654966 1.6548893 1.5143441 0.9277593 1.0782897 0.0000000 1.8956672 1.8357301 1.7979568 1.6051020 1.5553098 1.3785709 1.6280985 1.7972888 1.7664246 1.3428682 1.8038985 1.7319213 3.8059273 1.8570210 1.9193875 2.3072073 2.0261004 1.9445476 1.9186589 1.9892915 1.9583099 1.9448255 1.9041441 2.7899387 
Lcom_lcpid7083                                      1.5952433 1.5788356 1.6894774 1.7453248 1.7967639 1.5784914 1.6145604 1.5826646 1.5865608 1.5855705 1.7855041 1.6933144 1.7219949 1.4156668 1.5943640 1.7762348 1.6208752 1.6943587 1.5495667 2.0494098 1.9940893 1.8940012 1.8778216 1.9918742 1.7458684 1.7276624 1.7587031 1.6688327 1.8429508 2.0521685 1.8348896 2.0042860 1.9240080 2.0176806 1.8956672 0.0000000 0.7162215 0.7040441 0.9093208 1.8427454 1.6394525 1.9550015 2.0808117 1.9400773 1.6594692 2.0100586 1.9726499 2.4374142 1.8041293 1.9552102 2.1473037 2.0915779 2.0157617 1.9978398 2.0061074 1.9755463 1.9718363 1.9461532 4.8369732 
Gracom_Gcom_scaffold18691_01                        1.4943314 1.4942555 1.6910846 1.6072566 1.6097378 1.5709678 1.6413403 1.5319986 1.4800976 1.5509506 1.7106157 1.6371416 1.6680479 1.3245690 1.5635725 1.6946808 1.5553084 1.6315315 1.4815964 1.8702134 1.8697045 1.8229505 1.7391579 1.6648885 1.7274866 1.6866122 1.6716728 1.5686021 1.6192663 1.8595164 1.8765369 1.8090524 1.7919596 2.0060393 1.8357301 0.7162215 0.0000000 0.7119367 1.0061587 1.7588659 1.5187063 1.8731335 2.0979870 1.9171986 1.5889859 2.0377592 1.9334918 3.0413347 1.9059371 2.0233654 2.2055154 2.1316913 2.0530711 2.0393414 2.0661053 2.0557357 2.0668232 2.0518446 4.8472960 
Leuniv_Lniv_scaffold23394_01                        1.6776748 1.7443400 1.9026338 1.7774319 1.6841349 1.7048384 1.7121945 1.6434845 1.5948711 1.6912062 1.6857379 1.9508786 1.9573938 1.7633952 1.9818409 1.8539095 1.4591912 1.7754773 1.5416957 1.9664106 1.8780668 1.9022395 1.8443087 1.7226151 1.8846653 1.6926698 1.9017986 1.5823682 2.0571097 2.0120421 1.9780898 1.8476123 1.8012587 2.0099295 1.7979568 0.7040441 0.7119367 0.0000000 0.9991114 1.6335101 1.4349278 1.7222943 1.8831416 1.9527154 1.4714216 1.9539639 1.8352077 2.2212106 2.0570735 1.9732588 2.2330705 2.1642447 2.1233018 2.1027728 2.1641694 2.1293966 2.1198375 2.1555284 4.0231054 
Clacor_Ccor_scaffold3080_01                         1.2635827 1.5685667 1.4634181 1.6529207 1.5902325 1.3255721 1.3611532 1.4327721 1.4655624 1.9287642 1.6011735 1.5687952 1.5622520 0.0000010 9.0000000 1.7252234 1.0953446 1.0801010 1.0756922 1.8019832 1.7864531 1.8270924 1.6276551 1.8035523 1.5471557 1.6626300 1.8697290 1.4235146 0.0000010 1.9118051 1.4052482 1.6798533 1.4237294 1.5309510 1.6051020 0.9093208 1.0061587 0.9991114 0.0000000 1.6662014 1.7401697 1.7339802 1.7339802 1.6369090 1.6817994 1.5968847 1.6283149 0.0000010 0.8025123 1.5981915 0.8025123 1.6965623 1.7306556 1.6353992 1.6535842 1.6459850 1.6459850 1.3529518 1.5321061 
Mlei_ML0452.g21.i1                                  1.4531410 1.4116615 1.4550176 1.5369092 1.5129751 1.4655130 1.4283064 1.4796324 1.4853566 1.5963383 1.4478479 1.6471723 1.6978671 0.0000010 8.9999982 1.7128014 1.3693668 1.5516279 1.4157072 1.7484005 1.7876341 1.8243695 1.5800414 1.4522207 1.6000433 1.7293575 1.5910842 1.4098647 6.8525940 1.8356572 1.7937036 1.5950831 1.4905282 1.5622236 1.5553098 1.8427454 1.7588659 1.6335101 1.6662014 0.0000000 0.0773543 0.1477213 0.1477213 0.1915909 0.1678676 0.2769965 0.2545665 1.2081718 0.3753287 0.2120770 0.5752992 1.8632781 1.8090268 1.7687179 1.8058768 1.7838263 1.7835305 1.8357744 2.8508240 
Beraby_Baby_sb345543                                1.3070776 1.2804022 1.3226474 1.3231850 1.4566100 1.3406628 1.3138564 1.3340934 1.3648668 1.5239172 1.1747542 1.4855190 1.6159063 0.0000010 9.0000000 1.4777393 1.3163769 1.3110595 1.2445949 1.5742291 1.6921301 1.8083472 1.5265003 1.4701110 1.5469785 1.6101277 1.4536558 1.5704936 2.4361028 1.5644015 1.5110285 1.5871921 1.3097683 1.4647013 1.3785709 1.6394525 1.5187063 1.4349278 1.7401697 0.0773543 0.0000000 0.0862165 0.0862165 0.1059189 0.1411246 0.1816526 0.1419446 1.5667895 0.3090462 0.1389595 0.2293261 1.6169321 1.5788048 1.5978518 1.6446432 1.5803728 1.5760234 1.5557983 2.1124541 
Bolinf_Binf_sb1236401                               1.5583735 1.5001704 1.5214613 1.5129710 1.5728573 1.5050000 1.5115518 1.5194223 1.5415488 1.6336693 1.4782743 1.6650937 1.7097255 0.0000010 6.8382940 1.8134031 1.4492346 1.6538127 1.5758121 1.7889640 1.8236083 1.8148919 1.6317707 1.4963997 1.7812855 1.7416543 1.7541901 1.4122801 3.2678043 1.8921037 1.8410923 1.6221271 1.5444627 1.6623982 1.6280985 1.9550015 1.8731335 1.7222943 1.7339802 0.1477213 0.0862165 0.0000000 0.0000010 0.1823915 0.1706518 0.2672531 0.2612457 1.1510051 0.3234049 0.2024980 0.4900341 1.9732339 1.8716390 1.8284583 1.8739959 1.8409020 1.8340237 1.8598647 3.0285335 
Mertsp_Mesp_sb583348                                1.6888068 1.6359468 1.6964173 1.6715010 1.7590728 1.7018509 1.6484199 1.7033830 1.6426663 1.8136188 1.6485004 1.8175224 1.8701266 1.2091988 2.2813012 1.9580853 1.4492346 1.7887649 1.6765480 1.8606940 1.8925217 1.9239405 1.7406025 1.4963997 1.8803733 1.8424910 1.8860946 1.4122801 2.1458402 2.0149209 1.9294729 1.8030006 1.6922571 1.8450868 1.7972888 2.0808117 2.0979870 1.8831416 1.7339802 0.1477213 0.0862165 0.0000010 0.0000000 0.2221997 0.1706518 0.3522064 0.3242069 0.6655870 0.3234049 0.2808367 0.5464089 2.1850201 2.0663448 2.0616216 2.0866962 2.0461567 2.0369902 2.1066058 3.8725930 
Drygla_Dgla_sb302379                                1.5058689 1.4966085 1.5462828 1.5468386 1.7219313 1.6172912 1.5816878 1.5536517 1.5506246 1.5956441 1.5019109 1.7086964 1.7204946 1.3711718 1.6928589 1.7585002 1.4581839 1.6814073 1.5143989 1.7914576 1.8260806 1.8797382 1.6619432 1.4733306 1.7573755 1.7892870 1.7040933 1.3766600 1.7604938 1.8590389 1.8027306 1.7512600 1.7395294 1.8718132 1.7664246 1.9400773 1.9171986 1.9527154 1.6369090 0.1915909 0.1059189 0.1823915 0.2221997 0.0000000 0.1744513 0.3492606 0.3363911 0.6772854 0.3736093 0.2696155 0.4679556 2.0561396 1.9902500 1.9204025 1.9351245 1.9133310 1.9105910 1.9967678 5.0073859 
Vmul_sbMO421750                                     1.2986766 1.2732155 1.2810105 1.3410984 1.3907278 1.3152658 1.2978869 1.3192452 1.3316758 1.4787510 1.2106748 1.4402486 1.4941528 0.0000010 8.9999984 1.4747777 1.3017036 1.2832505 1.2664223 1.6144117 1.7096553 1.7963759 1.5626619 1.5500463 1.5038261 1.5849217 1.3996528 1.4458423 2.6930421 1.5585195 1.4672201 1.5747831 1.3053177 1.4536730 1.3428682 1.6594692 1.5889859 1.4714216 1.6817994 0.1678676 0.1411246 0.1706518 0.1706518 0.1744513 0.0000000 0.1030103 0.2186775 1.6280474 0.4708894 0.1860667 0.4279216 1.5337840 1.5231328 1.5451833 1.5908425 1.5378716 1.5261574 1.5092049 2.2576194 
Coemet_Cmet_scaffold20383_01                        1.5967336 1.6539860 1.5902196 1.6862680 1.7955601 1.6721082 1.6522897 1.6105201 1.6459943 1.6836565 1.8254923 1.7491751 1.7683131 1.3539638 1.7368729 1.8432279 1.4406915 1.6938241 1.6232620 1.9885268 1.9619310 1.9363373 1.7886875 1.6036139 1.8024302 1.7917623 1.7710007 1.4010393 1.7481632 1.8857376 1.8524182 1.8334629 1.8190096 1.9914700 1.8038985 2.0100586 2.0377592 1.9539639 1.5968847 0.2769965 0.1816526 0.2672531 0.3522064 0.3492606 0.1030103 0.0000000 0.4143031 0.2292409 0.4043940 0.3372202 0.5362676 2.1286662 2.0749890 2.0174677 2.0476916 2.0276709 2.0288067 2.0636324 5.2597214 
Horcal_Hcv1.av93.c1.g992.i1                         1.5760279 1.6018259 1.6206861 1.6440943 1.7650132 1.6116162 1.6120847 1.5816906 1.6558233 1.6458071 1.7876190 1.7112738 1.7458661 1.3939395 1.7724239 1.8454415 1.4589866 1.6485197 1.5551803 1.9464011 1.9016674 1.9660896 1.7535557 1.5855846 1.8332744 1.7811960 1.7305219 1.4600581 1.8136404 1.8920193 1.8175671 1.7936199 1.8475801 2.0632614 1.7319213 1.9726499 1.9334918 1.8352077 1.6283149 0.2545665 0.1419446 0.2612457 0.3242069 0.3363911 0.2186775 0.4143031 0.0000000 0.7781602 0.3850470 0.3914076 0.0133660 2.1652333 2.1016064 2.0858662 2.1019002 2.0481874 2.0546048 2.1009342 4.9961551 
Coeast_Cast_sb768108                                2.4473185 2.4869334 2.2584196 2.3807392 2.6396594 2.2925288 2.0520624 2.3045149 2.2786616 2.3226057 1.9724045 2.7269185 2.5351762 1.1247961 2.0456360 2.7214817 6.5904315 2.2076495 2.1472311 2.2891762 2.0156688 2.3906464 2.5781857 6.0556907 2.3655930 1.9771894 2.2213168 5.3420472 1.6981803 2.3265876 2.4255267 2.6052304 3.0924599 3.7806773 3.8059273 2.4374142 3.0413347 2.2212106 0.0000010 1.2081718 1.5667895 1.1510051 0.6655870 0.6772854 1.6280474 0.2292409 0.7781602 0.0000000 1.4666216 0.5750483 0.6902074 2.9216835 2.8653386 3.1125211 2.9264966 2.9397471 2.9397471 2.8524486 8.9999984 
Eupdun_Edun_sb10694277                              1.6793487 1.4844343 1.5872552 1.5272812 1.3909649 1.8109159 1.8726923 1.4426638 1.4772003 1.4670964 3.5770219 1.7903856 1.7581147 0.0000010 6.1741898 1.9871157 1.3721214 1.4318055 1.5372458 1.7397345 1.6938062 1.8406901 1.4893728 3.3045884 1.8243898 1.8784047 1.5943106 1.3930133 1.9572953 2.0371763 1.8044746 1.3719710 1.7478919 1.7986814 1.8570210 1.8041293 1.9059371 2.0570735 0.8025123 0.3753287 0.3090462 0.3234049 0.3234049 0.3736093 0.4708894 0.4043940 0.3850470 1.4666216 0.0000000 0.3472812 0.3722231 2.2000914 2.0406229 2.1344754 2.1848759 2.1577937 2.1714807 2.0965157 8.1247098 
Lampan_Lpan_16251_01                                1.5347472 1.5704004 1.5428810 1.6045770 1.6954743 1.6222753 1.5971160 1.5683531 1.6787053 1.5520849 1.7071528 1.6883192 1.7406585 1.3254750 1.6568199 1.6999322 1.4253167 1.6747240 1.5349713 1.8842303 1.9064553 1.8949317 1.7120189 1.5007525 1.7807275 1.7850462 1.7659171 1.3601311 1.7849771 1.8939511 1.7791645 1.7680539 1.8265127 1.8400937 1.9193875 1.9552102 2.0233654 1.9732588 1.5981915 0.2120770 0.1389595 0.2024980 0.2808367 0.2696155 0.1860667 0.3372202 0.3914076 0.5750483 0.3472812 0.0000000 0.4933750 2.0254699 1.9683506 1.9452263 1.9729923 1.9310907 1.9263641 1.9306230 5.3509359 
Pbac_sb2642506                                      1.7463876 1.7519434 1.7592332 1.7986116 2.1154450 1.7290374 1.7938903 1.6683760 1.8069185 1.6942156 2.1001251 1.8522619 1.8253077 1.4520965 1.7455049 1.9720602 1.8202086 1.8390591 1.7477584 2.1476526 1.9807353 2.0347274 1.8485523 0.0000010 1.9712856 1.8715986 1.8901849 0.9247357 1.8302099 2.0495013 1.9126885 1.8993618 2.4358173 2.5973270 2.3072073 2.1473037 2.2055154 2.2330705 0.8025123 0.5752992 0.2293261 0.4900341 0.5464089 0.4679556 0.4279216 0.5362676 0.0133660 0.6902074 0.3722231 0.4933750 0.0000000 2.5368369 2.3998859 2.3576528 2.3310398 2.3185202 2.3492365 2.3638443 8.9999984 
Tadh_TriadT59883                                    1.6187543 1.6743056 1.6715956 1.6734509 1.8419476 1.7217833 1.6667645 1.7055761 1.8142218 1.8025148 2.0268237 1.8177400 1.8597488 1.6199906 1.9275204 1.8838247 1.5075199 1.8717071 1.8318088 2.0316914 1.9234656 1.9078556 1.9414830 1.3439026 1.8468734 2.0803396 1.7954859 1.3500177 2.1785763 2.0595223 1.8504416 1.8877888 1.9264745 2.1015671 2.0261004 2.0915779 2.1316913 2.1642447 1.6965623 1.8632781 1.6169321 1.9732339 2.1850201 2.0561396 1.5337840 2.1286662 2.1652333 2.9216835 2.2000914 2.0254699 2.5368369 0.0000000 0.0009223 0.1738019 0.1722761 0.1850198 0.1859882 0.1656278 5.5859568 
TrH2_TrispH2_009315-RA                              1.5455414 1.6180879 1.6146561 1.6163500 1.7516906 1.6468346 1.6336065 1.6447664 1.7236106 1.7112360 1.9093820 1.7699347 1.8543406 1.5386551 1.8208958 1.7888401 1.3876618 1.7515982 1.7336637 1.9178467 1.8396369 1.8301385 1.8426477 1.2834701 1.8457391 1.9858705 1.7772164 1.3592554 2.0971084 2.0197285 1.7894911 1.8210045 1.8196565 1.9877784 1.9445476 2.0157617 2.0530711 2.1233018 1.7306556 1.8090268 1.5788048 1.8716390 2.0663448 1.9902500 1.5231328 2.0749890 2.1016064 2.8653386 2.0406229 1.9683506 2.3998859 0.0009223 0.0000000 0.1705130 0.1705636 0.1863083 0.1861114 0.1672593 5.4035603 
HoiH06_mRNA2511                                     1.4948114 1.5406063 1.5679073 1.5261975 1.6177000 1.5929733 1.6598811 1.6429057 1.7148174 1.6612797 1.7732952 1.7087477 1.7965763 1.4993352 1.8124083 1.7096960 1.3708249 1.7428789 1.6923251 1.8916267 1.8295863 1.8081889 1.8461125 1.3070566 1.8492234 1.9704055 1.6888889 1.4003160 2.0318397 1.9923163 1.7233122 1.7256692 1.8191707 1.9885771 1.9186589 1.9978398 2.0393414 2.1027728 1.6353992 1.7687179 1.5978518 1.8284583 2.0616216 1.9204025 1.5451833 2.0174677 2.0858662 3.1125211 2.1344754 1.9452263 2.3576528 0.1738019 0.1705130 0.0000000 0.0280284 0.0705461 0.0665408 0.1201924 5.4499891 
HoiH23_PlH23_005197-RA                              1.5289872 1.5884887 1.5739637 1.5697344 1.6955603 1.6202834 1.6701206 1.6545857 1.6731324 1.6658013 1.8976485 1.7320965 1.8213840 1.5020210 1.7759701 1.7370030 1.4671455 1.8033209 1.7182469 1.9015922 1.8433367 1.8255715 1.8898067 1.3971532 1.8626751 1.9817340 1.7304909 1.4879162 2.0328088 2.0413802 1.7801193 1.8071635 1.8729805 2.0782799 1.9892915 2.0061074 2.0661053 2.1641694 1.6535842 1.8058768 1.6446432 1.8739959 2.0866962 1.9351245 1.5908425 2.0476916 2.1019002 2.9264966 2.1848759 1.9729923 2.3310398 0.1722761 0.1705636 0.0280284 0.0000000 0.0728955 0.0694773 0.1288914 5.5012823 
Hhon_g09661.t1                                      1.4802065 1.5307477 1.5646519 1.5550816 1.6464937 1.6155245 1.6475209 1.6291700 1.7022156 1.6622908 1.8562659 1.6964831 1.7765940 1.4825869 1.7533784 1.7054162 1.4100314 1.7513878 1.6953079 1.8551682 1.8150739 1.7552963 1.8404867 1.2827436 1.8464504 1.9140346 1.7051411 1.4148184 1.9873621 2.0006789 1.7387362 1.7685747 1.8716625 2.0310030 1.9583099 1.9755463 2.0557357 2.1293966 1.6459850 1.7838263 1.5803728 1.8409020 2.0461567 1.9133310 1.5378716 2.0276709 2.0481874 2.9397471 2.1577937 1.9310907 2.3185202 0.1850198 0.1863083 0.0705461 0.0728955 0.0000000 0.0039656 0.1315102 5.3939896 
HoiH04_mRNA9465                                     1.4715423 1.5255236 1.5691809 1.5357136 1.6363550 1.6180026 1.6644393 1.6258941 1.7010400 1.6689990 1.7930958 1.7192145 1.7962279 1.4909240 1.8130124 1.7043026 1.4065481 1.7640129 1.7108848 1.8842836 1.8294172 1.7667943 1.8464031 1.2827436 1.8587801 1.9517566 1.6971804 1.4160286 1.9808599 1.9984039 1.7388904 1.7654692 1.8652725 2.0207222 1.9448255 1.9718363 2.0668232 2.1198375 1.6459850 1.7835305 1.5760234 1.8340237 2.0369902 1.9105910 1.5261574 2.0288067 2.0546048 2.9397471 2.1714807 1.9263641 2.3492365 0.1859882 0.1861114 0.0665408 0.0694773 0.0039656 0.0000000 0.1289511 5.3080977 
HoiH11_mRNA5028                                     1.5375431 1.5509824 1.5953191 1.4928046 1.6769668 1.6039580 1.6295782 1.6131484 1.6877309 1.6245727 1.6605578 1.7266600 1.8342107 1.6000615 1.8544849 1.6848832 1.3465559 1.7183152 1.7521889 2.0019345 1.9020192 1.8720347 1.8764219 1.1955015 1.8734350 2.0112110 1.7198853 1.3435935 2.0534861 2.0354863 1.7437751 1.7479804 1.8737307 2.0312773 1.9041441 1.9461532 2.0518446 2.1555284 1.3529518 1.8357744 1.5557983 1.8598647 2.1066058 1.9967678 1.5092049 2.0636324 2.1009342 2.8524486 2.0965157 1.9306230 2.3638443 0.1656278 0.1672593 0.1201924 0.1288914 0.1315102 0.1289511 0.0000000 5.9589798 
Emue_Em0018g971a.t1                                 4.2168667 4.0312140 4.5729423 4.2217484 3.2450922 5.3005317 4.2812634 4.3359860 3.7688519 4.3718924 3.9651512 4.4645651 4.8722818 7.1745809 7.1420408 5.0237364 2.5647158 4.6375249 4.2115644 3.9665997 3.9373769 3.6638603 3.3302559 0.7909447 2.5164483 4.4165328 4.0879256 2.2848553 8.7020185 5.1168827 5.7078666 3.7311652 3.2840477 4.0008206 2.7899387 4.8369732 4.8472960 4.0231054 1.5321061 2.8508240 2.1124541 3.0285335 3.8725930 5.0073859 2.2576194 5.2597214 4.9961551 8.9999984 8.1247098 5.3509359 8.9999984 5.5859568 5.4035603 5.4499891 5.5012823 5.3939896 5.3080977 5.9589798 0.0000000 
