39
Hsap_ENST00000371443                               0.0000000 1.6134338 1.6101305 2.1348478 2.0801918 2.3992477 2.0822823 1.8467700 2.0335512 2.0194276 2.0775569 1.8218276 1.6342129 1.7067653 1.7664834 2.4421836 2.1538104 1.9683286 3.0681223 1.8064421 2.0570688 2.0688642 2.0460759 1.9635765 1.9566972 1.8602613 1.8602613 2.1125325 2.4006327 3.0836340 1.7110708 1.9985927 2.4552107 2.4197663 2.1438331 3.9482989 4.5687410 4.1885420 4.2247445 
Tcas_TC008165_001                                  1.6134338 0.0000000 0.9230797 1.1089897 2.0638841 2.0558170 1.8788189 1.8011097 1.8005985 1.8577414 2.1562127 1.9636128 1.8238263 1.7903699 1.7446022 2.1290944 2.1413308 1.8233221 3.0017146 2.0515919 1.9934716 2.1239654 2.1668035 2.3301621 2.4016670 2.3754902 2.3754902 2.1955220 2.0776089 2.8707118 1.6593322 2.1900455 1.5226913 1.7888620 1.6158031 3.3907700 3.6692816 3.1931603 2.8724437 
Dpul_mRNA148                                       1.6101305 0.9230797 0.0000000 1.3612035 2.1388830 2.0176802 1.8776759 1.7819338 1.9004439 1.7617991 2.4264872 2.3261691 1.9993832 1.9316342 1.8817837 2.5384497 2.4926463 2.5473255 2.8780909 2.1636434 1.8784290 2.6431817 2.7569736 2.6203928 2.6216576 2.5058393 2.5058393 2.5824817 2.4390944 3.3096516 1.6545775 2.8096010 1.4230527 2.0209103 1.8362890 3.8393648 3.5235371 3.2934164 2.3489559 
Cscu_XM_023362781.1                                2.1348478 1.1089897 1.3612035 0.0000000 2.4936579 2.3640445 2.7273543 3.1162361 2.3148722 2.4386507 3.5404663 3.3208988 2.9978969 2.2911110 2.1976841 2.7638202 3.0999652 2.1160670 3.0323998 2.3575415 3.0985749 2.8448747 2.9897379 3.6317761 3.6512421 3.5507222 3.5507222 3.1889490 2.7296109 3.4898031 2.2480470 2.4467667 1.6435812 1.7273105 1.6902674 4.0238130 4.0554919 3.9423638 4.3174989 
Nvec_v1g233671                                     2.0801918 2.0638841 2.1388830 2.4936579 0.0000000 0.4098981 0.3756428 0.4467695 0.4501306 0.3852504 0.8883423 0.8566421 0.7756732 0.7183578 0.7017390 0.7848116 0.7297958 0.6723818 0.9155619 1.1549673 1.5427595 1.4315503 1.4185449 1.5346679 1.5566263 1.5421620 1.5421620 1.3864171 1.5377550 1.2373977 2.1037454 2.3076697 2.0564076 3.0415880 2.7418903 3.8840299 3.3403501 3.0529969 3.3992058 
Adig_XM_015918372.1                                2.3992477 2.0558170 2.0176802 2.3640445 0.4098981 0.0000000 0.0855965 0.1592026 0.2584491 0.2353777 1.0268332 0.9188524 0.7627936 0.6665251 0.7149460 0.8825265 0.9954654 0.9154566 0.4104470 1.5380008 1.6408789 1.3613046 1.3858770 1.6212975 1.6288345 1.6492838 1.6492838 1.4222731 1.5040077 1.5240046 2.1984418 2.4641681 2.6922342 3.5313640 3.1270372 5.1323012 4.0985309 3.4589574 3.9164504 
Gfas_gfas1.m1.13294.m1                             2.0822823 1.8788189 1.8776759 2.7273543 0.3756428 0.0855965 0.0000000 0.0909251 0.2469050 0.1823373 0.8427531 0.7958890 0.6164019 0.6469639 0.6872545 0.6700676 0.6788190 0.8108512 0.6641817 1.4286933 1.5931401 1.2155584 1.2276340 1.3451996 1.3485834 1.3774602 1.3774602 1.2429983 1.4368401 1.2482085 2.1344458 2.1909823 1.8921198 2.8315228 2.9826156 4.0362937 3.5951771 2.9425916 3.9227259 
Amil_Amillepora32563-RA                            1.8467700 1.8011097 1.7819338 3.1162361 0.4467695 0.1592026 0.0909251 0.0000000 0.2567127 0.1802232 0.6756516 0.6800720 0.4776476 0.4775501 0.5216316 0.5627419 0.6108414 0.8220699 0.8485736 1.2266561 1.0762762 1.0337767 1.0337767 1.1337620 1.1249446 1.1011673 1.1011673 1.0546432 1.1162774 1.9776007 1.9005871 1.8089559 1.6881722 2.8838056 2.8997854 3.5513685 3.0228691 2.6700397 3.9164504 
Fspp_ffun1.m4.24650.m1                             2.0335512 1.8005985 1.9004439 2.3148722 0.4501306 0.2584491 0.2469050 0.2567127 0.0000000 0.1256740 1.0032114 0.9580301 0.6219496 0.5775382 0.6072080 0.7838164 0.7591140 0.8631119 0.7168699 1.2948691 1.6168362 1.3243366 1.3426093 1.5577509 1.5308534 1.5450173 1.5450173 1.4646961 1.5858533 1.1616284 1.9551194 2.0519169 2.1037949 3.0435511 2.6550385 4.0668594 4.1136102 3.3872436 4.1121136 
Gasp_gasp1.m3.10939.m1                             2.0194276 1.8577414 1.7617991 2.4386507 0.3852504 0.2353777 0.1823373 0.1802232 0.1256740 0.0000000 0.8833209 0.8242244 0.4289899 0.6154936 0.6868177 0.7558703 0.7267679 0.8606599 0.7085839 1.4587440 1.4489500 1.3235236 1.3418438 1.4339422 1.4086371 1.3982036 1.3982036 1.3136385 1.4875206 1.1807316 2.2291018 2.1124974 2.0816467 2.7429177 2.7400690 3.9479899 3.6423178 2.9783127 3.8364658 
Nemnom_g5447.t1                                    2.0775569 2.1562127 2.4264872 3.5404663 0.8883423 1.0268332 0.8427531 0.6756516 1.0032114 0.8833209 0.0000000 0.1641950 0.3490021 1.2508287 1.1686080 0.6605853 0.7269716 0.6778364 1.4556995 1.8210822 1.8249287 1.7959204 1.6946709 1.9661707 1.9993382 1.8943749 1.8943749 1.7274420 1.9395268 1.8951911 2.8095961 3.1431934 2.8392124 3.4198303 3.7636374 4.1443228 4.6395704 3.3647320 5.8206646 
Rhoesc_Res_007760-T1                               1.8218276 1.9636128 2.3261691 3.3208988 0.8566421 0.9188524 0.7958890 0.6800720 0.9580301 0.8242244 0.1641950 0.0000000 0.3061554 1.0578000 0.9557454 0.5464372 0.6647328 0.6789094 1.3969877 1.5813680 1.6408081 1.5465548 1.4491753 1.7258452 1.7443350 1.6914959 1.6914959 1.5470193 1.5534622 1.7691314 2.6404169 2.6685133 2.7116403 3.1206631 3.3706692 4.0199362 4.2549370 3.0480294 5.3335874 
Sanmal_Sma_015545-T1                               1.6342129 1.8238263 1.9993832 2.9978969 0.7756732 0.7627936 0.6164019 0.4776476 0.6219496 0.4289899 0.3490021 0.3061554 0.0000000 0.6489371 0.6885821 0.4083923 0.4861538 0.6019298 1.5988833 1.1727444 1.0101292 1.3155706 1.3155706 1.4288954 1.4178207 1.3500151 1.3500151 1.3454277 1.2391998 2.6644757 2.2972918 1.9491093 2.2738400 3.0174631 2.6418784 3.9506732 3.4357108 2.6023343 5.7981140 
Dgig_XM_028550568.1                                1.7067653 1.7903699 1.9316342 2.2911110 0.7183578 0.6665251 0.6469639 0.4775501 0.5775382 0.6154936 1.2508287 1.0578000 0.6489371 0.0000000 0.2357963 0.9716128 0.9963245 1.0343436 1.2872680 1.2357095 1.2752006 1.1841874 1.1719439 1.4241677 1.4145577 1.4974623 1.4974623 1.3229992 1.4696062 1.8885603 2.0637276 1.8955988 2.1219324 3.0709373 2.4501669 4.1850924 4.0413175 3.5379483 3.8871166 
Xesp_015055-T1                                     1.7664834 1.7446022 1.8817837 2.1976841 0.7017390 0.7149460 0.6872545 0.5216316 0.6072080 0.6868177 1.1686080 0.9557454 0.6885821 0.2357963 0.0000000 0.9596897 1.0294666 0.8740464 1.2873854 1.0897833 1.1378279 1.3130296 1.3065213 1.6287040 1.6173069 1.6642970 1.6642970 1.4651091 1.5001457 1.7102877 1.7945297 1.9767032 1.9439589 3.0426601 2.5070091 4.1204250 3.8870599 3.4156121 3.8555367 
Hvul_g18451_1                                      2.4421836 2.1290944 2.5384497 2.7638202 0.7848116 0.8825265 0.6700676 0.5627419 0.7838164 0.7558703 0.6605853 0.5464372 0.4083923 0.9716128 0.9596897 0.0000000 0.4037874 0.6419273 1.1779595 1.5278239 1.8970252 1.5015706 1.4578054 1.8851052 1.8020910 1.8947424 1.8947424 1.7240339 1.7448592 1.6392051 2.7138441 2.7592229 1.9850378 3.0033390 3.4180134 5.3372487 4.3973465 3.4193732 6.8811253 
Chem_TCONS_00020656                                2.1538104 2.1413308 2.4926463 3.0999652 0.7297958 0.9954654 0.6788190 0.6108414 0.7591140 0.7267679 0.7269716 0.6647328 0.4861538 0.9963245 1.0294666 0.4037874 0.0000000 0.7129767 1.3550493 1.5584280 1.8170850 1.6066135 1.6004387 1.9153977 1.9377682 1.8881223 1.8881223 1.7507166 1.9162370 1.6973529 2.6420457 2.8913713 2.3572739 2.6999939 3.2038171 4.9288921 4.3908031 3.4261334 6.1418878 
Morvir_scaffold222.g16.t1                          1.9683286 1.8233221 2.5473255 2.1160670 0.6723818 0.9154566 0.8108512 0.8220699 0.8631119 0.8606599 0.6778364 0.6789094 0.6019298 1.0343436 0.8740464 0.6419273 0.7129767 0.0000000 1.3892563 1.2103067 1.8088287 1.6193789 1.5791899 2.1535715 2.2022515 2.1523465 2.1523465 1.8216458 1.6872833 1.7955544 2.2621159 2.4333475 2.1065751 3.0620374 2.7683851 3.5373438 3.0023345 2.6620161 5.2979942 
Pocdam_XM_027187872.1                              3.0681223 3.0017146 2.8780909 3.0323998 0.9155619 0.4104470 0.6641817 0.8485736 0.7168699 0.7085839 1.4556995 1.3969877 1.5988833 1.2872680 1.2873854 1.1779595 1.3550493 1.3892563 0.0000000 2.1884618 2.3299126 1.8359047 1.8285999 2.2404329 2.2233438 2.2203773 2.2203773 1.8976269 2.2844846 1.1152660 2.4997952 2.5756166 3.3329862 5.0047146 4.3098908 4.8892946 5.0656963 3.8086118 5.1647006 
Aque_Aqu2.1.28317_001                              1.8064421 2.0515919 2.1636434 2.3575415 1.1549673 1.5380008 1.4286933 1.2266561 1.2948691 1.4587440 1.8210822 1.5813680 1.1727444 1.2357095 1.0897833 1.5278239 1.5584280 1.2103067 2.1884618 0.0000000 0.8430245 1.6267226 1.6267226 1.7346593 1.6741117 1.6813230 1.6813230 1.6975241 1.1860391 2.6681288 1.8940861 2.0759768 2.1039510 3.3513379 2.2195384 3.8207911 4.7069028 3.3427860 4.1814370 
Xestes_maker-XT_scaffold5669-snap-gene-0.10-mRNA-1 2.0570688 1.9934716 1.8784290 3.0985749 1.5427595 1.6408789 1.5931401 1.0762762 1.6168362 1.4489500 1.8249287 1.6408081 1.0101292 1.2752006 1.1378279 1.8970252 1.8170850 1.8088287 2.3299126 0.8430245 0.0000000 1.7964615 1.7575793 1.7520165 1.7674138 1.7219052 1.7219052 1.7791947 0.9513588 3.8812158 1.9551565 2.2549671 3.2520960 3.9315174 3.1779672 3.8729549 4.1981484 2.9236074 3.3795054 
Tadh_TriadT56002                                   2.0688642 2.1239654 2.6431817 2.8448747 1.4315503 1.3613046 1.2155584 1.0337767 1.3243366 1.3235236 1.7959204 1.5465548 1.3155706 1.1841874 1.3130296 1.5015706 1.6066135 1.6193789 1.8359047 1.6267226 1.7964615 0.0000000 0.0109567 0.2431133 0.2550285 0.2629758 0.2629758 0.1891191 1.2401047 2.4997776 2.0712349 2.0838358 2.8713683 3.3195278 3.1470365 3.7004617 3.6936703 3.6730312 4.7038205 
TrH2_TrispH2_004368-RA                             2.0460759 2.1668035 2.7569736 2.9897379 1.4185449 1.3858770 1.2276340 1.0337767 1.3426093 1.3418438 1.6946709 1.4491753 1.3155706 1.1719439 1.3065213 1.4578054 1.6004387 1.5791899 1.8285999 1.6267226 1.7575793 0.0109567 0.0000000 0.2280560 0.2399718 0.2595090 0.2595090 0.1909715 1.1885975 2.5365835 2.0763445 2.0617571 2.9350345 3.4459980 3.1460086 3.6758595 3.6910098 3.6159995 4.7038205 
HoiH06_mRNA14882                                   1.9635765 2.3301621 2.6203928 3.6317761 1.5346679 1.6212975 1.3451996 1.1337620 1.5577509 1.4339422 1.9661707 1.7258452 1.4288954 1.4241677 1.6287040 1.8851052 1.9153977 2.1535715 2.2404329 1.7346593 1.7520165 0.2431133 0.2280560 0.0000000 0.0330905 0.0848032 0.0848032 0.1176613 1.2503728 2.5197351 2.4147984 2.1970620 3.1487120 3.2231587 3.0033108 3.9996414 3.6094519 3.9081947 4.2662030 
HoiH23_PlH23_006144-RA                             1.9566972 2.4016670 2.6216576 3.6512421 1.5566263 1.6288345 1.3485834 1.1249446 1.5308534 1.4086371 1.9993382 1.7443350 1.4178207 1.4145577 1.6173069 1.8020910 1.9377682 2.2022515 2.2233438 1.6741117 1.7674138 0.2550285 0.2399718 0.0330905 0.0000000 0.1047932 0.1047932 0.1385441 1.2243464 2.4663882 2.4518658 2.2480593 3.1846778 3.4153941 3.0857124 4.1699466 3.6937081 3.9659127 4.1881962 
Hhon_g07991.t1                                     1.8602613 2.3754902 2.5058393 3.5507222 1.5421620 1.6492838 1.3774602 1.1011673 1.5450173 1.3982036 1.8943749 1.6914959 1.3500151 1.4974623 1.6642970 1.8947424 1.8881223 2.1523465 2.2203773 1.6813230 1.7219052 0.2629758 0.2595090 0.0848032 0.1047932 0.0000000 0.0000010 0.1225883 1.2574754 2.5569706 2.4138601 2.1453820 3.0993404 3.1131444 3.0114860 3.7948291 3.8299164 3.8603848 4.0943050 
HoiH04_mRNA17836                                   1.8602613 2.3754902 2.5058393 3.5507222 1.5421620 1.6492838 1.3774602 1.1011673 1.5450173 1.3982036 1.8943749 1.6914959 1.3500151 1.4974623 1.6642970 1.8947424 1.8881223 2.1523465 2.2203773 1.6813230 1.7219052 0.2629758 0.2595090 0.0848032 0.1047932 0.0000010 0.0000000 0.1225883 1.2574754 2.5569706 2.4138601 2.1453820 3.0993404 3.1131444 3.0114860 3.7948291 3.8299164 3.8603848 4.0943050 
HoiH11_mRNA1350                                    2.1125325 2.1955220 2.5824817 3.1889490 1.3864171 1.4222731 1.2429983 1.0546432 1.4646961 1.3136385 1.7274420 1.5470193 1.3454277 1.3229992 1.4651091 1.7240339 1.7507166 1.8216458 1.8976269 1.6975241 1.7791947 0.1891191 0.1909715 0.1176613 0.1385441 0.1225883 0.1225883 0.0000000 1.2181553 2.3992428 2.2372677 2.1654088 3.0095139 3.1256661 3.0060065 3.6516357 3.5872714 3.6363451 4.4739517 
Tetwil_g12269.t1                                   2.4006327 2.0776089 2.4390944 2.7296109 1.5377550 1.5040077 1.4368401 1.1162774 1.5858533 1.4875206 1.9395268 1.5534622 1.2391998 1.4696062 1.5001457 1.7448592 1.9162370 1.6872833 2.2844846 1.1860391 0.9513588 1.2401047 1.1885975 1.2503728 1.2243464 1.2574754 1.2574754 1.2181553 0.0000000 3.2521027 2.2485316 2.2130680 2.7461879 3.5638173 3.4683390 3.9904591 4.1555350 3.2818178 3.8354583 
Spis_XP_022802158_1                                3.0836340 2.8707118 3.3096516 3.4898031 1.2373977 1.5240046 1.2482085 1.9776007 1.1616284 1.1807316 1.8951911 1.7691314 2.6644757 1.8885603 1.7102877 1.6392051 1.6973529 1.7955544 1.1152660 2.6681288 3.8812158 2.4997776 2.5365835 2.5197351 2.4663882 2.5569706 2.5569706 2.3992428 3.2521027 0.0000000 3.1820849 3.1789052 2.7524741 4.0869166 3.8861566 4.0114655 5.2602918 4.1919001 6.6946157 
Spur_XM_780721.5                                   1.7110708 1.6593322 1.6545775 2.2480470 2.1037454 2.1984418 2.1344458 1.9005871 1.9551194 2.2291018 2.8095961 2.6404169 2.2972918 2.0637276 1.7945297 2.7138441 2.6420457 2.2621159 2.4997952 1.8940861 1.9551565 2.0712349 2.0763445 2.4147984 2.4518658 2.4138601 2.4138601 2.2372677 2.2485316 3.1820849 0.0000000 2.1002173 1.7365463 2.7100659 2.0920217 4.1150618 4.5253659 4.0930182 4.2193754 
Bralan_BLAG04001521_1                              1.9985927 2.1900455 2.8096010 2.4467667 2.3076697 2.4641681 2.1909823 1.8089559 2.0519169 2.1124974 3.1431934 2.6685133 1.9491093 1.8955988 1.9767032 2.7592229 2.8913713 2.4333475 2.5756166 2.0759768 2.2549671 2.0838358 2.0617571 2.1970620 2.2480593 2.1453820 2.1453820 2.1654088 2.2130680 3.1789052 2.1002173 0.0000000 2.9069193 3.2746162 2.8406933 3.4612236 4.5311707 3.2228112 4.6502708 
Acagra_model.g5726.t1                              2.4552107 1.5226913 1.4230527 1.6435812 2.0564076 2.6922342 1.8921198 1.6881722 2.1037949 2.0816467 2.8392124 2.7116403 2.2738400 2.1219324 1.9439589 1.9850378 2.3572739 2.1065751 3.3329862 2.1039510 3.2520960 2.8713683 2.9350345 3.1487120 3.1846778 3.0993404 3.0993404 3.0095139 2.7461879 2.7524741 1.7365463 2.9069193 0.0000000 1.6046790 1.3511646 3.9195315 3.8204924 3.0508651 3.5814326 
Ctel_gnl_WGS_AMQN_CAPTEDRAFT_mRNA226355            2.4197663 1.7888620 2.0209103 1.7273105 3.0415880 3.5313640 2.8315228 2.8838056 3.0435511 2.7429177 3.4198303 3.1206631 3.0174631 3.0709373 3.0426601 3.0033390 2.6999939 3.0620374 5.0047146 3.3513379 3.9315174 3.3195278 3.4459980 3.2231587 3.4153941 3.1131444 3.1131444 3.1256661 3.5638173 4.0869166 2.7100659 3.2746162 1.6046790 0.0000000 1.6352221 4.3590865 3.6568279 3.8099042 3.3909563 
Cgig_XM_020063109.2                                2.1438331 1.6158031 1.8362890 1.6902674 2.7418903 3.1270372 2.9826156 2.8997854 2.6550385 2.7400690 3.7636374 3.3706692 2.6418784 2.4501669 2.5070091 3.4180134 3.2038171 2.7683851 4.3098908 2.2195384 3.1779672 3.1470365 3.1460086 3.0033108 3.0857124 3.0114860 3.0114860 3.0060065 3.4683390 3.8861566 2.0920217 2.8406933 1.3511646 1.6352221 0.0000000 4.6873925 3.2793255 4.7468179 3.2495830 
Lcom_lcpid116195                                   3.9482989 3.3907700 3.8393648 4.0238130 3.8840299 5.1323012 4.0362937 3.5513685 4.0668594 3.9479899 4.1443228 4.0199362 3.9506732 4.1850924 4.1204250 5.3372487 4.9288921 3.5373438 4.8892946 3.8207911 3.8729549 3.7004617 3.6758595 3.9996414 4.1699466 3.7948291 3.7948291 3.6516357 3.9904591 4.0114655 4.1150618 3.4612236 3.9195315 4.3590865 4.6873925 0.0000000 1.6570753 1.2914671 1.2060550 
Gracom_Gcom_C538514_01                             4.5687410 3.6692816 3.5235371 4.0554919 3.3403501 4.0985309 3.5951771 3.0228691 4.1136102 3.6423178 4.6395704 4.2549370 3.4357108 4.0413175 3.8870599 4.3973465 4.3908031 3.0023345 5.0656963 4.7069028 4.1981484 3.6936703 3.6910098 3.6094519 3.6937081 3.8299164 3.8299164 3.5872714 4.1555350 5.2602918 4.5253659 4.5311707 3.8204924 3.6568279 3.2793255 1.6570753 0.0000000 0.9362985 0.6878492 
Leuniv_Lniv_scaffold22876_01                       4.1885420 3.1931603 3.2934164 3.9423638 3.0529969 3.4589574 2.9425916 2.6700397 3.3872436 2.9783127 3.3647320 3.0480294 2.6023343 3.5379483 3.4156121 3.4193732 3.4261334 2.6620161 3.8086118 3.3427860 2.9236074 3.6730312 3.6159995 3.9081947 3.9659127 3.8603848 3.8603848 3.6363451 3.2818178 4.1919001 4.0930182 3.2228112 3.0508651 3.8099042 4.7468179 1.2914671 0.9362985 0.0000000 0.8960252 
Scil_scict007350.1                                 4.2247445 2.8724437 2.3489559 4.3174989 3.3992058 3.9164504 3.9227259 3.9164504 4.1121136 3.8364658 5.8206646 5.3335874 5.7981140 3.8871166 3.8555367 6.8811253 6.1418878 5.2979942 5.1647006 4.1814370 3.3795054 4.7038205 4.7038205 4.2662030 4.1881962 4.0943050 4.0943050 4.4739517 3.8354583 6.6946157 4.2193754 4.6502708 3.5814326 3.3909563 3.2495830 1.2060550 0.6878492 0.8960252 0.0000000 
