32
Bralan_BLAG17000932_1                  0.0000000 0.9674474 1.2674598 1.0621653 1.1812209 1.0913268 1.3812082 1.3447064 1.3391434 1.3703653 1.6034020 1.3321591 1.4251821 1.4676958 1.3319730 1.3610208 1.3715855 1.5181099 1.5840618 1.4555171 2.4036400 2.4036400 2.2842348 2.2145926 2.2888192 2.2721826 1.9336315 1.9002610 2.5990531 2.7633502 2.3824589 2.2077405 
Ctel_gnl_WGS_AMQN_CAPTEDRAFT_mRNA20122 0.9674474 0.0000000 1.1896062 1.0293409 0.8834564 1.0099254 1.1019350 1.2517371 1.2891412 1.1984583 1.2799560 1.1284829 1.3687418 1.3869147 1.2686926 1.2919852 1.1424028 1.1769607 1.5458497 1.5782929 1.9274486 1.9274486 1.9568539 1.9053784 1.8328109 1.8204036 1.9831132 2.1722267 2.4503115 2.8005435 2.0878565 1.8525986 
Skow_XM_002736364.2                    1.2674598 1.1896062 0.0000000 1.0851300 1.2101033 1.1382656 1.0195298 1.0828464 1.0620870 1.1111342 1.1196442 0.7120089 1.0882604 1.1543311 1.0351768 1.0018276 0.9047808 1.4978686 1.6623167 1.1061874 1.6893275 1.6893275 1.9461532 1.8650511 1.8793691 1.8659328 1.9433273 1.7299498 2.2815629 2.1498736 2.3941853 1.7458181 
Cgig_XM_011446979.3                    1.0621653 1.0293409 1.0851300 0.0000000 0.6563394 0.7520766 0.9922382 0.8358761 0.8328980 0.8144441 1.0764252 0.9869156 0.9794120 0.9834935 0.9054488 0.9696524 0.9610064 1.0080736 1.3353028 1.4345835 1.7261627 1.7261627 1.5319342 1.4905307 1.8122758 1.7998897 1.8537355 1.9308312 2.4221576 2.7060212 1.9746816 2.5118078 
Acagra_model.g18163.t1.1.5d3b8958      1.1812209 0.8834564 1.2101033 0.6563394 0.0000000 0.7954326 0.9064838 0.9146339 0.9113111 0.9790621 1.1580796 1.0541996 1.0388846 1.0521341 0.9959366 1.0566355 1.0839014 0.9030286 1.4798030 1.1927691 1.4607330 1.4607330 1.5274714 1.4373779 1.6086059 1.5974137 1.8823892 2.0384787 2.1916644 2.6320411 2.0666498 2.5256656 
Exapal_XM_021058242.2                  1.0913268 1.0099254 1.1382656 0.7520766 0.7954326 0.0000000 0.3635645 0.2876057 0.2876057 0.3346699 0.3855937 0.3683801 0.4107457 0.3753871 0.5002542 0.5491649 0.4941900 1.2139323 1.1398758 1.2040538 1.6242435 1.6242435 1.5529162 1.4761346 1.6803957 1.6692065 1.8954185 1.4931187 1.8267560 2.2888982 2.0981585 1.6387732 
Nvec_v1g170431                         1.3812082 1.1019350 1.0195298 0.9922382 0.9064838 0.3635645 0.0000000 0.3608392 0.3608392 0.3841539 0.3263431 0.2746775 0.4250888 0.3867223 0.5908171 0.5720619 0.5416625 1.1287793 1.0315716 1.4627530 1.4900883 1.4900883 1.4083183 1.3352921 1.4261612 1.4167151 1.9644662 1.5179837 1.5538496 1.8133181 2.0086714 1.5264720 
Adig_XM_015920221.1                    1.3447064 1.2517371 1.0828464 0.8358761 0.9146339 0.2876057 0.3608392 0.0000000 0.0120371 0.1753582 0.2526113 0.2593708 0.2418936 0.2002871 0.5044829 0.5138858 0.5367057 1.3827177 1.1804490 1.4926254 1.7589329 1.7589329 1.5563500 1.4777604 1.5158619 1.5056069 1.9349510 1.4470359 1.6447817 2.0452540 1.8629406 1.5194697 
Amil_Amillepora04453-RA                1.3391434 1.2891412 1.0620870 0.8328980 0.9113111 0.2876057 0.3608392 0.0120371 0.0000000 0.1594722 0.2509992 0.2593708 0.2231656 0.1830451 0.5028462 0.4869733 0.5350150 1.3775322 1.1753615 1.4686905 1.7589329 1.7589329 1.5563500 1.4777604 1.5158619 1.5056069 1.9349510 1.4470359 1.6296433 2.0355444 1.8629406 1.5056622 
Gfas_gfas1.m1.21526.m1                 1.3703653 1.1984583 1.1111342 0.8144441 0.9790621 0.3346699 0.3841539 0.1753582 0.1594722 0.0000000 0.2610607 0.2513880 0.1983141 0.1478457 0.5250479 0.5097827 0.5252488 1.3233570 1.2595341 1.3899559 1.6117779 1.6117779 1.4751491 1.4077978 1.4800736 1.4701330 1.8838632 1.5207289 1.5710495 1.8455554 1.6978158 1.4574167 
Fspp_ffun1.m4.22347.m1                 1.6034020 1.2799560 1.1196442 1.0764252 1.1580796 0.3855937 0.3263431 0.2526113 0.2509992 0.2610607 0.0000000 0.0739761 0.1879894 0.1504935 0.5656849 0.5160546 0.5147036 1.2407897 1.2069853 1.6764645 1.6215805 1.6215805 1.5055459 1.4986789 1.4851452 1.4746221 2.0270340 1.5550867 1.6089120 2.0024528 1.9140850 1.6208091 
Gasp_gasp1.m3.6235.m1                  1.3321591 1.1284829 0.7120089 0.9869156 1.0541996 0.3683801 0.2746775 0.2593708 0.2593708 0.2513880 0.0739761 0.0000000 0.0977309 0.0755332 0.4800181 0.4522789 0.4321712 1.1862021 1.0199812 1.4188472 1.3226053 1.3226053 1.3981426 1.3535834 1.3850525 1.3724686 1.9102626 1.5940520 1.6681792 1.8155734 1.9170891 1.5200382 
Spis_XP_022797176_1                    1.4251821 1.3687418 1.0882604 0.9794120 1.0388846 0.4107457 0.4250888 0.2418936 0.2231656 0.1983141 0.1879894 0.0977309 0.0000000 0.0387689 0.4857782 0.4829635 0.5285856 1.3608006 1.4046446 1.5370245 1.5750519 1.5750519 1.4480190 1.4130247 1.4542400 1.4441425 1.8369291 1.5921352 1.6470209 1.9156732 1.7276295 1.6481558 
Pocdam_XM_027185087.1                  1.4676958 1.3869147 1.1543311 0.9834935 1.0521341 0.3753871 0.3867223 0.2002871 0.1830451 0.1478457 0.1504935 0.0755332 0.0387689 0.0000000 0.4964556 0.4936669 0.5401073 1.3485744 1.3043705 1.6024507 1.6779420 1.6779420 1.5418713 1.5058743 1.5408748 1.5300729 1.9427063 1.5424866 1.6087247 1.8373621 1.7585607 1.7015234 
Nemnom_g18625.t1                       1.3319730 1.2686926 1.0351768 0.9054488 0.9959366 0.5002542 0.5908171 0.5044829 0.5028462 0.5250479 0.5656849 0.4800181 0.4857782 0.4964556 0.0000000 0.1414769 0.2115933 1.5333806 1.6215235 1.5485613 1.3434058 1.3434058 1.3676450 1.2670572 1.3940677 1.3846530 1.7323585 1.7235280 2.1485909 2.6458130 1.8826692 1.8238783 
Rhoesc_Res_003143-T1                   1.3610208 1.2919852 1.0018276 0.9696524 1.0566355 0.5491649 0.5720619 0.5138858 0.4869733 0.5097827 0.5160546 0.4522789 0.4829635 0.4936669 0.1414769 0.0000000 0.2186464 1.5165326 1.6586368 1.6175188 1.4835299 1.4835299 1.4230443 1.3061971 1.3954870 1.3857133 1.9303182 1.7493631 2.1987840 2.6381946 1.9237719 1.6049243 
Sanmal_Sma_008732-T1                   1.3715855 1.1424028 0.9047808 0.9610064 1.0839014 0.4941900 0.5416625 0.5367057 0.5350150 0.5252488 0.5147036 0.4321712 0.5285856 0.5401073 0.2115933 0.2186464 0.0000000 1.2540475 1.4236447 1.5761037 1.5070765 1.5070765 1.4341791 1.3584429 1.4934368 1.4831163 1.8548011 1.6169848 1.9971898 2.2929250 1.8047846 1.5990872 
Dpul_mRNA19171                         1.5181099 1.1769607 1.4978686 1.0080736 0.9030286 1.2139323 1.1287793 1.3827177 1.3775322 1.3233570 1.2407897 1.1862021 1.3608006 1.3485744 1.5333806 1.5165326 1.2540475 0.0000000 1.3377238 1.4859532 2.0574502 2.0574502 1.9813803 1.9932990 2.0203079 2.0060750 2.3984292 2.3342993 2.5613141 2.5205143 2.0369722 2.1655428 
Tcas_TC001276_002                      1.5840618 1.5458497 1.6623167 1.3353028 1.4798030 1.1398758 1.0315716 1.1804490 1.1753615 1.2595341 1.2069853 1.0199812 1.4046446 1.3043705 1.6215235 1.6586368 1.4236447 1.3377238 0.0000000 1.6427854 2.3884308 2.3884308 2.3855966 2.4169351 2.3605729 2.3437110 2.6211990 2.2775398 2.4701352 2.5811337 2.5694783 2.4400821 
Spur_XM_775492.4                       1.4555171 1.5782929 1.1061874 1.4345835 1.1927691 1.2040538 1.4627530 1.4926254 1.4686905 1.3899559 1.6764645 1.4188472 1.5370245 1.6024507 1.5485613 1.6175188 1.5761037 1.4859532 1.6427854 0.0000000 2.2514638 2.2514638 2.1256222 2.1321141 2.1620574 2.1168005 1.5147004 1.6059442 2.4394408 2.5990179 2.5078564 2.3687790 
Tadh_TriadT58639                       2.4036400 1.9274486 1.6893275 1.7261627 1.4607330 1.6242435 1.4900883 1.7589329 1.7589329 1.6117779 1.6215805 1.3226053 1.5750519 1.6779420 1.3434058 1.4835299 1.5070765 2.0574502 2.3884308 2.2514638 0.0000000 0.0000010 0.3270295 0.3247042 0.3036446 0.3234139 2.4244150 2.3131427 2.2159964 2.4930598 2.5632542 2.9827974 
TrH2_TrispH2_007102-RA                 2.4036400 1.9274486 1.6893275 1.7261627 1.4607330 1.6242435 1.4900883 1.7589329 1.7589329 1.6117779 1.6215805 1.3226053 1.5750519 1.6779420 1.3434058 1.4835299 1.5070765 2.0574502 2.3884308 2.2514638 0.0000010 0.0000000 0.3270295 0.3247042 0.3036446 0.3234139 2.4244150 2.3131427 2.2159964 2.4930598 2.5632542 2.9827974 
HoiH06_mRNA606                         2.2842348 1.9568539 1.9461532 1.5319342 1.5274714 1.5529162 1.4083183 1.5563500 1.5563500 1.4751491 1.5055459 1.3981426 1.4480190 1.5418713 1.3676450 1.4230443 1.4341791 1.9813803 2.3855966 2.1256222 0.3270295 0.3270295 0.0000000 0.0376131 0.1841364 0.1881685 1.9145738 1.8644665 1.9105607 2.2974972 2.5305103 3.1036726 
HoiH23_PlH23_008964-RA                 2.2145926 1.9053784 1.8650511 1.4905307 1.4373779 1.4761346 1.3352921 1.4777604 1.4777604 1.4077978 1.4986789 1.3535834 1.4130247 1.5058743 1.2670572 1.3061971 1.3584429 1.9932990 2.4169351 2.1321141 0.3247042 0.3247042 0.0376131 0.0000000 0.1828963 0.1868766 1.9446570 1.8133748 1.9188967 2.3064448 2.5037246 2.9946867 
Hhon_g04413.t1                         2.2888192 1.8328109 1.8793691 1.8122758 1.6086059 1.6803957 1.4261612 1.5158619 1.5158619 1.4800736 1.4851452 1.3850525 1.4542400 1.5408748 1.3940677 1.3954870 1.4934368 2.0203079 2.3605729 2.1620574 0.3036446 0.3036446 0.1841364 0.1828963 0.0000000 0.0119105 2.1297837 2.0568460 2.1300016 2.5152217 2.5372522 2.9911142 
HoiH04_mRNA1050                        2.2721826 1.8204036 1.8659328 1.7998897 1.5974137 1.6692065 1.4167151 1.5056069 1.5056069 1.4701330 1.4746221 1.3724686 1.4441425 1.5300729 1.3846530 1.3857133 1.4831163 2.0060750 2.3437110 2.1168005 0.3234139 0.3234139 0.1881685 0.1868766 0.0119105 0.0000000 2.0795072 2.0056472 2.1019931 2.4814038 2.4626722 2.9689159 
Scil_scict024498.1                     1.9336315 1.9831132 1.9433273 1.8537355 1.8823892 1.8954185 1.9644662 1.9349510 1.9349510 1.8838632 2.0270340 1.9102626 1.8369291 1.9427063 1.7323585 1.9303182 1.8548011 2.3984292 2.6211990 1.5147004 2.4244150 2.4244150 1.9145738 1.9446570 2.1297837 2.0795072 0.0000000 0.6647174 2.1952022 2.4584679 2.1982982 3.0857641 
Lcom_lcpid112977                       1.9002610 2.1722267 1.7299498 1.9308312 2.0384787 1.4931187 1.5179837 1.4470359 1.4470359 1.5207289 1.5550867 1.5940520 1.5921352 1.5424866 1.7235280 1.7493631 1.6169848 2.3342993 2.2775398 1.6059442 2.3131427 2.3131427 1.8644665 1.8133748 2.0568460 2.0056472 0.6647174 0.0000000 2.0508487 2.1422448 2.5643814 2.7124684 
Aque_Aqu2.1.05057_001                  2.5990531 2.4503115 2.2815629 2.4221576 2.1916644 1.8267560 1.5538496 1.6447817 1.6296433 1.5710495 1.6089120 1.6681792 1.6470209 1.6087247 2.1485909 2.1987840 1.9971898 2.5613141 2.4701352 2.4394408 2.2159964 2.2159964 1.9105607 1.9188967 2.1300016 2.1019931 2.1952022 2.0508487 0.0000000 0.4997209 1.2022284 3.1523524 
Halamb_c43631_g1_i1m.16418             2.7633502 2.8005435 2.1498736 2.7060212 2.6320411 2.2888982 1.8133181 2.0452540 2.0355444 1.8455554 2.0024528 1.8155734 1.9156732 1.8373621 2.6458130 2.6381946 2.2929250 2.5205143 2.5811337 2.5990179 2.4930598 2.4930598 2.2974972 2.3064448 2.5152217 2.4814038 2.4584679 2.1422448 0.4997209 0.0000000 1.2836651 3.0769186 
Tetwil_g1613.t1                        2.3824589 2.0878565 2.3941853 1.9746816 2.0666498 2.0981585 2.0086714 1.8629406 1.8629406 1.6978158 1.9140850 1.9170891 1.7276295 1.7585607 1.8826692 1.9237719 1.8047846 2.0369722 2.5694783 2.5078564 2.5632542 2.5632542 2.5305103 2.5037246 2.5372522 2.4626722 2.1982982 2.5643814 1.2022284 1.2836651 0.0000000 2.3903761 
Hvul_g29440_1                          2.2077405 1.8525986 1.7458181 2.5118078 2.5256656 1.6387732 1.5264720 1.5194697 1.5056622 1.4574167 1.6208091 1.5200382 1.6481558 1.7015234 1.8238783 1.6049243 1.5990872 2.1655428 2.4400821 2.3687790 2.9827974 2.9827974 3.1036726 2.9946867 2.9911142 2.9689159 3.0857641 2.7124684 3.1523524 3.0769186 2.3903761 0.0000000 
