54
Hsap_ENST00000294119                               0.0000000 2.5605516 2.7602270 2.7136191 2.4002564 2.6477842 2.5396401 2.6674310 2.6068090 2.7872350 2.7338820 2.2219624 2.8225261 1.4477342 1.4814611 1.3558201 1.4458116 1.6548469 1.6050456 2.0518450 1.5502977 1.6929648 1.6459542 2.3525393 1.6612240 1.8108024 1.8505556 2.0499691 1.8362980 1.8450209 2.0814863 2.0595547 2.0380529 1.8652342 1.7169850 2.0086680 1.8034019 1.9627674 2.2563609 2.0084919 2.3978329 2.3787954 2.3352889 1.7468790 1.9939055 2.1521591 2.7812384 2.2248419 2.2248419 2.8367990 2.2780143 2.1827865 2.5318746 2.0074973 
Mlei_ML0748.g12.i1                                 2.5605516 0.0000000 0.3067707 0.3113021 0.5707479 0.6777485 0.6634217 0.6650501 0.6920074 0.6684451 0.6879054 0.8356597 1.1126123 2.1631355 2.5611581 2.0651741 2.1680972 2.4388269 2.0899230 1.9755363 1.7017627 2.3761854 2.4561697 2.5002972 2.1773836 2.1543821 2.1509975 2.2193118 2.1787988 2.2010516 1.8779724 2.2142876 1.9189404 2.4373372 2.7725989 2.3324900 2.5558991 2.4840505 2.5954996 2.4311845 2.2671097 2.4841315 2.1771320 2.3774217 2.1041220 2.5441629 2.9927322 2.7885325 2.7885325 2.8257504 2.7492383 2.7208307 2.6909783 2.6558453 
Bolinf_Binf_sb1244465                              2.7602270 0.3067707 0.0000000 0.0000010 0.5951066 0.6939197 0.7658781 0.6968668 0.8027135 0.7769356 0.7982406 0.7565288 1.0804042 2.4171092 2.8696066 2.3323133 2.4516408 2.6339113 2.2836461 1.9941237 1.9662273 2.5580590 2.6952375 2.5500078 2.4535729 2.3320852 2.4396046 2.2893498 2.3542990 2.5307080 2.0714340 2.4957656 2.2269392 2.5705680 3.0285180 2.4744970 2.7116574 2.5615181 2.6592192 2.5316503 2.2945778 2.4280523 2.3232630 2.6859376 2.2994970 2.8166227 3.2464089 3.1922932 3.1922932 3.3375389 3.0682628 3.0217313 3.0853101 3.0267585 
Mertsp_Mesp_sb556694                               2.7136191 0.3113021 0.0000010 0.0000000 0.6013573 0.6939197 0.7781366 0.7031094 0.8359355 0.8090963 0.8312765 0.7565288 1.0804042 2.3291661 3.0465186 2.3434106 2.4277563 2.6729019 2.2256933 1.9941237 1.9066288 2.5091898 2.6673176 2.5500078 2.4534802 2.3300810 2.4438493 2.2644267 2.3207849 2.5307080 2.0725784 2.4404762 2.2146028 2.4444780 2.9884024 2.4187402 2.6597412 2.5068406 2.6146259 2.3799305 2.2945778 2.3275736 2.2385355 2.6693395 2.3252177 2.7921572 3.3329238 3.2131310 3.2131310 3.3375389 3.0820989 3.0334861 3.1190729 2.9666652 
Beraby_Baby_sb344281                               2.4002564 0.5707479 0.5951066 0.6013573 0.0000000 0.5997593 0.5736509 0.6312735 0.7842231 0.7526590 0.7297389 0.6769702 0.9886030 2.1904431 2.3888141 2.1601797 2.1202258 2.2827009 2.0311938 2.0353326 1.9898381 2.3602019 2.3017846 2.3263084 2.4798599 2.0556161 2.0804550 2.1191836 2.0968570 2.1841548 1.8788394 2.3605651 2.2589888 2.5566660 2.7595500 2.4959411 2.2173689 2.3131462 2.2447789 2.6227069 2.3327489 2.5327665 2.3330082 2.5813738 2.0902637 2.6528190 3.2886119 2.6263236 2.6263236 2.6576293 2.5239059 2.5228457 3.0838149 3.0326574 
Pbac_sb2643314                                     2.6477842 0.6777485 0.6939197 0.6939197 0.5997593 0.0000000 0.0067162 0.6441114 0.7543178 0.6480975 0.6967351 0.8554337 0.9116866 2.3827248 1.3243709 1.8870009 1.8158811 2.6377258 2.1049677 1.9903361 1.6241548 2.4569127 2.2597682 2.5565670 2.2221190 2.3663479 2.0628563 2.1587081 2.1171231 2.2913301 1.7128333 2.0157088 1.9012659 2.3283133 2.0800617 2.3869213 2.2296537 2.4620955 2.2960138 2.6842990 2.3088523 2.6740326 2.3324335 2.3432667 2.5478411 2.2828158 2.9142009 2.4947881 2.4947881 2.5434255 2.3304369 2.5042489 3.3141849 3.1668396 
Horcal_Hcv1.av93.c7.g749.i1                        2.5396401 0.6634217 0.7658781 0.7781366 0.5736509 0.0067162 0.0000000 0.6117468 0.7716939 0.7632210 0.7634066 0.7163818 0.9116866 2.2200494 2.2093884 2.0585024 2.0353870 2.2711122 2.1441422 2.2472469 2.0512203 2.5105253 2.3043619 2.7062227 2.3851733 2.2165063 2.1987341 2.2118382 2.0441013 2.3058809 1.7930436 2.2967495 2.2161945 2.5333062 2.6374606 2.3808860 2.3008808 2.3234035 2.3095198 2.9503409 2.6336144 2.8558627 2.6712858 2.5592879 2.3616647 2.5173898 2.9558015 2.8631131 2.8631131 2.9430236 2.7465156 2.7997312 3.1184350 2.9402652 
Lampan_Lpan_9949_01                                2.6674310 0.6650501 0.6968668 0.7031094 0.6312735 0.6441114 0.6117468 0.0000000 0.6133899 0.6470630 0.6458983 0.8046101 0.7763287 2.4194163 2.5798281 2.1576764 2.2867988 2.5303301 1.9943085 2.1429682 1.9678209 2.4630658 2.4380943 2.3384407 2.5495418 2.2178083 2.2483316 2.1637265 2.2342309 2.2716694 1.8864724 2.4775384 2.1514442 2.5199116 2.5658522 2.4097560 2.4591111 2.3241201 2.2829390 2.3830304 2.3368981 2.3426416 2.3087130 2.6645656 2.4676841 2.8308113 3.1368130 2.7216020 2.7216020 3.0103529 2.8285415 2.8622744 3.4589677 3.2135238 
Vmul_SimC389924                                    2.6068090 0.6920074 0.8027135 0.8359355 0.7842231 0.7543178 0.7716939 0.6133899 0.0000000 0.4451081 0.4765360 0.8740886 1.0564427 2.3767328 2.7648951 2.1451650 2.2690310 2.4420737 2.2494751 2.1294340 1.8674669 2.3606199 2.2993038 2.4454136 2.4990548 2.1779583 2.2645681 2.1569142 2.0846511 2.3750660 1.8591234 2.5521162 2.2175586 2.8734505 2.7418665 2.3521631 2.4357182 2.3184110 2.5447155 2.7905906 2.3386028 2.5678211 2.7047589 2.7512834 2.4101625 2.9791075 3.0577541 2.7344302 2.7344302 3.0569152 2.9177865 2.9280121 2.9719857 3.0544134 
Coeast_Cast_sb809778                               2.7872350 0.6684451 0.7769356 0.8090963 0.7526590 0.6480975 0.7632210 0.6470630 0.4451081 0.0000000 0.0540167 0.7892889 1.0150155 2.4760642 2.9984570 2.1211073 2.2535561 2.5213801 2.3408588 2.2235372 1.9760000 2.5983185 2.4657705 2.6692560 2.5076555 2.1236237 2.4100199 2.2992839 2.3121660 2.3306902 1.9606960 2.3182702 2.1009486 2.9774617 2.9847463 2.6842410 2.5449369 2.5507955 2.6446214 2.4338128 2.3433072 2.4479316 2.4044916 2.7967849 2.4177287 2.7887767 3.4219655 2.6463744 2.6463744 2.7862092 2.6805659 2.6867353 3.2379186 3.0375058 
Coemet_Cmet_C595403_01                             2.7338820 0.6879054 0.7982406 0.8312765 0.7297389 0.6967351 0.7634066 0.6458983 0.4765360 0.0540167 0.0000000 0.8145356 1.0552303 2.5271388 3.1167079 2.2269095 2.4294714 2.6063094 2.4166549 2.2323472 2.0659459 2.7502402 2.5899318 2.7554414 2.6953747 2.2549605 2.4813486 2.4216117 2.3799103 2.3715834 1.9339025 2.5236384 2.1194254 3.0621549 3.0454266 2.6077831 2.5815934 2.5901952 2.6845833 2.8023772 2.6247209 2.6671496 2.5434887 2.9121761 2.4466563 2.9288687 3.7908099 2.6418842 2.6418842 2.8104072 2.7131872 2.7355628 3.3927336 3.0971085 
Drygla_Dgla_sb297712                               2.2219624 0.8356597 0.7565288 0.7565288 0.6769702 0.8554337 0.7163818 0.8046101 0.8740886 0.7892889 0.8145356 0.0000000 1.1313107 2.6638908 2.6187558 2.3824276 2.3289822 2.2320666 2.5335524 2.6558659 2.0323101 2.7462598 2.7594643 2.7080767 2.8578485 2.2117159 2.1307825 2.1191728 2.2313624 2.0966263 2.1337996 2.7467591 2.6973714 2.7992936 2.9110501 2.8070718 2.5633673 2.3888215 2.7043996 2.6312904 2.7355322 2.8715240 2.5130054 2.7190577 2.6605669 2.9854159 4.1643943 3.1110581 3.1110581 3.1072725 2.9154153 2.8558225 2.8899307 3.6140152 
Eupdun_Edun_sb10626721                             2.8225261 1.1126123 1.0804042 1.0804042 0.9886030 0.9116866 0.9116866 0.7763287 1.0564427 1.0150155 1.0552303 1.1313107 0.0000000 2.5322954 2.8530874 2.2316971 2.2786043 3.0517202 2.4984456 2.2774275 2.2408764 2.4545066 2.5045527 2.2598908 2.3258762 2.5738406 2.3265009 2.2851078 2.2343215 2.8663849 2.2680802 2.4898711 2.4011333 2.6381295 2.2370622 2.7585609 2.4266430 2.7637776 2.4769952 3.1328187 2.4175021 2.8148265 2.6274182 2.6920549 2.4198840 2.8442272 2.2809822 2.3218370 2.3218370 2.6811235 2.5588723 2.6762986 4.5946377 4.8692629 
Bralan_BLAG04001035_1                              1.4477342 2.1631355 2.4171092 2.3291661 2.1904431 2.3827248 2.2200494 2.4194163 2.3767328 2.4760642 2.5271388 2.6638908 2.5322954 0.0000000 0.8647222 1.0138132 1.0385418 1.1959032 0.9813957 1.0365390 0.8775395 0.8792851 0.8560406 1.2600419 0.9363805 1.1671114 1.4665734 1.3559291 1.2819368 1.2781630 1.2009658 1.3744340 1.1065724 1.2600770 1.1807905 1.5505198 1.5991193 1.8283105 1.5868469 1.4764264 1.6944324 1.7036653 1.6497194 1.1605353 1.5847761 1.5710920 1.7944840 1.6863696 1.6863696 1.8861959 1.7308080 1.9089726 1.9512062 1.6018372 
Skow_XM_002741312.2                                1.4814611 2.5611581 2.8696066 3.0465186 2.3888141 1.3243709 2.2093884 2.5798281 2.7648951 2.9984570 3.1167079 2.6187558 2.8530874 0.8647222 0.0000000 0.9576204 0.9459890 1.0499016 0.8307493 1.0325589 0.9250223 1.0297135 0.9283248 1.6204791 1.0072025 0.8801260 1.1197469 1.1860120 1.2590490 0.7713672 0.8595323 1.4699419 1.2699467 1.4312256 1.6047396 1.0856417 1.1078408 1.1617644 1.2682645 1.5511532 1.9752381 1.7573278 1.5978524 1.4115743 1.2290220 1.5013221 1.6119753 2.0595280 2.0595280 2.6251205 2.0176182 2.4977226 1.3434076 1.4416336 
Ctel_gnl_WGS_AMQN_CAPTEDRAFT_mRNA214068            1.3558201 2.0651741 2.3323133 2.3434106 2.1601797 1.8870009 2.0585024 2.1576764 2.1451650 2.1211073 2.2269095 2.3824276 2.2316971 1.0138132 0.9576204 0.0000000 0.7592071 0.9711162 0.9810649 1.0734183 0.9836364 1.0943290 1.0985333 1.2833222 0.8938276 1.0676702 1.2502004 1.3595565 1.3081047 1.5024505 1.1125152 1.3167895 1.2159676 1.1702633 1.2012421 1.4789336 1.4956616 1.6426739 1.8142880 1.5267013 1.8834033 1.9366438 1.8661412 1.1878422 1.4198011 1.5786787 1.7478677 1.7581708 1.7581708 2.0878293 1.9938677 2.1293451 2.1022085 1.7646340 
Cgig_XM_011441242.2                                1.4458116 2.1680972 2.4516408 2.4277563 2.1202258 1.8158811 2.0353870 2.2867988 2.2690310 2.2535561 2.4294714 2.3289822 2.2786043 1.0385418 0.9459890 0.7592071 0.0000000 0.7373944 1.0570399 0.9774608 0.9699144 1.0123597 1.0409708 1.4099666 0.9397373 1.0840301 1.2490305 1.1841394 1.1278206 1.1053246 1.0920531 1.3597258 1.1678596 1.0782401 1.1070907 1.4665607 1.5342612 1.7063654 1.6440906 1.5380356 1.8203683 1.7440387 1.7123728 1.2950273 1.2936046 1.4855263 1.7905982 1.7286852 1.7286852 1.7844687 1.7167448 1.8446785 1.7112501 1.6661580 
Acagra_model.g15566.t1                             1.6548469 2.4388269 2.6339113 2.6729019 2.2827009 2.6377258 2.2711122 2.5303301 2.4420737 2.5213801 2.6063094 2.2320666 3.0517202 1.1959032 1.0499016 0.9711162 0.7373944 0.0000000 1.2963978 1.1332784 1.2503028 1.4624255 1.3036386 1.6405629 1.0939346 1.4226523 1.5794981 1.4505370 1.2580396 1.0083452 1.2588974 1.4768426 1.3701193 1.3753276 1.5292703 1.8172771 1.8863325 1.7420722 1.9905751 1.4578389 2.1617433 2.1440034 2.0632459 1.3247270 1.6386536 1.8548278 1.9710625 1.9868146 1.9868146 2.0493564 1.9449949 1.9322636 1.6782930 1.8085580 
Exapal_XM_028659477.1                              1.6050456 2.0899230 2.2836461 2.2256933 2.0311938 2.1049677 2.1441422 1.9943085 2.2494751 2.3408588 2.4166549 2.5335524 2.4984456 0.9813957 0.8307493 0.9810649 1.0570399 1.2963978 0.0000000 0.5426120 0.5487462 0.6358011 0.6628096 0.8768854 1.0100532 0.9212236 0.8662894 1.0296939 0.9897351 0.9534349 1.0628709 1.0162827 1.1398080 1.4477552 1.4894368 1.3255002 1.4557408 1.5901553 1.6007256 1.1397259 1.2446231 1.1952901 1.2833131 1.3843920 1.1454625 1.1659880 1.3095290 1.4142537 1.4142537 1.5851768 1.4683562 1.6704459 1.3292066 1.1898912 
Adig_XM_015910961.1                                2.0518450 1.9755363 1.9941237 1.9941237 2.0353326 1.9903361 2.2472469 2.1429682 2.1294340 2.2235372 2.2323472 2.6558659 2.2774275 1.0365390 1.0325589 1.0734183 0.9774608 1.1332784 0.5426120 0.0000000 0.0387167 0.4392206 0.4060302 0.4958937 1.1460441 0.8562823 0.9154007 1.1146481 1.0686586 1.0859198 1.1143517 0.9639950 1.0350527 1.5924713 1.5184140 1.6471092 1.6724397 1.6390979 1.7746279 1.0713339 1.2623241 1.1847757 1.1112897 1.2842119 1.1693143 1.0803375 1.3931051 1.3929774 1.3929774 1.3635697 1.2790188 1.4036026 1.4155394 1.6969755 
Amil_Amillepora16440-RA                            1.5502977 1.7017627 1.9662273 1.9066288 1.9898381 1.6241548 2.0512203 1.9678209 1.8674669 1.9760000 2.0659459 2.0323101 2.2408764 0.8775395 0.9250223 0.9836364 0.9699144 1.2503028 0.5487462 0.0387167 0.0000000 0.3899925 0.4165764 0.6291776 1.0247180 0.7835739 0.7617907 0.9045124 0.9022849 0.8741499 1.0168509 1.1303174 0.9703255 1.3610446 1.3951625 1.3904249 1.2934695 1.3562857 1.3705442 1.1512721 1.2130218 1.2644465 1.1499879 1.2810416 1.0964855 1.0989086 1.5372001 1.2599817 1.2599817 1.3361997 1.2504178 1.3000619 1.1344361 1.1328783 
Gasp_gasp1.m3.7178.m1                              1.6929648 2.3761854 2.5580590 2.5091898 2.3602019 2.4569127 2.5105253 2.4630658 2.3606199 2.5983185 2.7502402 2.7462598 2.4545066 0.8792851 1.0297135 1.0943290 1.0123597 1.4624255 0.6358011 0.4392206 0.3899925 0.0000000 0.2695698 0.3796111 1.0288795 0.9886370 1.0260257 1.0584190 1.0801314 1.0905254 1.2374215 1.2629437 1.0806443 1.4773953 1.6243765 1.6233166 1.5451085 1.6417401 1.7321604 1.4711376 1.5812118 1.4654500 1.4322581 1.3794821 1.2919886 1.2000308 1.3983669 1.2901215 1.2901215 1.4807990 1.3144348 1.5154469 1.4633103 1.2824721 
Spis_XP_022803510_1                                1.6459542 2.4561697 2.6952375 2.6673176 2.3017846 2.2597682 2.3043619 2.4380943 2.2993038 2.4657705 2.5899318 2.7594643 2.5045527 0.8560406 0.9283248 1.0985333 1.0409708 1.3036386 0.6628096 0.4060302 0.4165764 0.2695698 0.0000000 0.4492058 1.1239126 0.9549658 1.0812379 1.1422639 1.1373490 1.0801933 1.1946656 1.2356886 1.1030612 1.5732178 1.6171932 1.4740786 1.3472260 1.4449317 1.5809359 1.5107048 1.5978065 1.5181062 1.4786566 1.4224225 1.1792173 1.1818843 1.4285821 1.4286882 1.4286882 1.5565860 1.4093291 1.6381619 1.4710991 1.3848605 
Fspp_ffun1.m4.26780.m1                             2.3525393 2.5002972 2.5500078 2.5500078 2.3263084 2.5565670 2.7062227 2.3384407 2.4454136 2.6692560 2.7554414 2.7080767 2.2598908 1.2600419 1.6204791 1.2833222 1.4099666 1.6405629 0.8768854 0.4958937 0.6291776 0.3796111 0.4492058 0.0000000 1.3231205 1.2267129 1.0795069 1.4515423 1.4861693 1.2820847 1.4081565 1.4551291 1.2963639 1.6162477 1.8983521 2.3145681 2.0170426 2.1422409 2.2627456 1.7571012 1.9110935 1.7381450 1.4305472 1.6612282 1.4857841 1.3165679 1.5202075 1.3824436 1.3824436 1.3207484 1.4730166 1.6472189 1.8607155 2.3573085 
Spur_XM_779783.5                                   1.6612240 2.1773836 2.4535729 2.4534802 2.4798599 2.2221190 2.3851733 2.5495418 2.4990548 2.5076555 2.6953747 2.8578485 2.3258762 0.9363805 1.0072025 0.8938276 0.9397373 1.0939346 1.0100532 1.1460441 1.0247180 1.0288795 1.1239126 1.3231205 0.0000000 1.2082217 1.1765040 1.2530029 1.1531059 1.1462753 1.1046083 1.4233205 1.1801597 1.2694868 1.4125857 1.4928296 1.7764842 1.7612195 1.7469393 1.6046288 1.9189013 1.8167053 1.6787700 1.3519779 1.4780605 1.4821061 1.5456097 1.6426372 1.6426372 1.9094594 1.6615442 1.8441331 1.7348301 1.7636494 
Dgig_XM_028540245.1                                1.8108024 2.1543821 2.3320852 2.3300810 2.0556161 2.3663479 2.2165063 2.2178083 2.1779583 2.1236237 2.2549605 2.2117159 2.5738406 1.1671114 0.8801260 1.0676702 1.0840301 1.4226523 0.9212236 0.8562823 0.7835739 0.9886370 0.9549658 1.2267129 1.2082217 0.0000000 0.5395839 1.2626054 1.2589854 1.3041562 1.0929715 1.1022920 1.1341740 1.8213286 1.5973577 1.3547785 1.4364483 1.3569396 1.3744729 1.1584568 1.4210675 1.3240710 1.3213626 1.5548157 1.2005904 1.3497084 1.4005669 1.4751332 1.4751332 1.5232240 1.3609028 1.5496592 1.7158586 1.7281627 
Xesp_011769-T1                                     1.8505556 2.1509975 2.4396046 2.4438493 2.0804550 2.0628563 2.1987341 2.2483316 2.2645681 2.4100199 2.4813486 2.1307825 2.3265009 1.4665734 1.1197469 1.2502004 1.2490305 1.5794981 0.8662894 0.9154007 0.7617907 1.0260257 1.0812379 1.0795069 1.1765040 0.5395839 0.0000000 1.3640195 1.2883690 1.1910044 1.2658436 1.2299479 1.3535387 1.9414326 1.7850327 1.6543634 1.6833722 1.7483017 1.8103281 1.2381158 1.4866091 1.5031976 1.3835760 1.8436732 1.3415497 1.4490693 1.7603459 1.4355829 1.4355829 1.4134990 1.4586940 1.5286419 1.8632650 1.7880831 
Emue_Em0019g284a.t1                                2.0499691 2.2193118 2.2893498 2.2644267 2.1191836 2.1587081 2.2118382 2.1637265 2.1569142 2.2992839 2.4216117 2.1191728 2.2851078 1.3559291 1.1860120 1.3595565 1.1841394 1.4505370 1.0296939 1.1146481 0.9045124 1.0584190 1.1422639 1.4515423 1.2530029 1.2626054 1.3640195 0.0000000 0.2852924 0.9203518 0.9049878 1.3147827 1.1878220 1.5710363 1.4555377 1.5659987 1.6027408 1.5549367 1.6745307 1.3033087 1.5305109 1.5143608 1.3661829 1.7496633 1.4848368 1.2844797 1.6423804 1.5972837 1.5972837 1.5974090 1.4671549 1.7234530 1.4486661 1.7569806 
Spolac_c103185_g2_i3_m.32885c103185-g2             1.8362980 2.1787988 2.3542990 2.3207849 2.0968570 2.1171231 2.0441013 2.2342309 2.0846511 2.3121660 2.3799103 2.2313624 2.2343215 1.2819368 1.2590490 1.3081047 1.1278206 1.2580396 0.9897351 1.0686586 0.9022849 1.0801314 1.1373490 1.4861693 1.1531059 1.2589854 1.2883690 0.2852924 0.0000000 0.7864257 0.8364576 1.2334436 1.2546355 1.4243554 1.4932024 1.5802987 1.6201801 1.6185097 1.6777977 1.0573795 1.3583633 1.4423985 1.3570336 1.5614567 1.4384077 1.1963221 1.6857943 1.5402523 1.5402523 1.5488723 1.5333569 1.7159793 1.3898471 1.8202688 
Stycar_maker-SC_scaffold86253-snap-gene-0.8-mRNA-1 1.8450209 2.2010516 2.5307080 2.5307080 2.1841548 2.2913301 2.3058809 2.2716694 2.3750660 2.3306902 2.3715834 2.0966263 2.8663849 1.2781630 0.7713672 1.5024505 1.1053246 1.0083452 0.9534349 1.0859198 0.8741499 1.0905254 1.0801933 1.2820847 1.1462753 1.3041562 1.1910044 0.9203518 0.7864257 0.0000000 0.8222623 1.0609879 1.4051776 1.5467900 1.5612947 1.9453892 2.1878719 2.1179550 1.9865955 1.1016873 1.3447416 1.3093363 1.1923698 1.4873820 1.3098017 1.2741778 1.7655827 1.6128628 1.6128628 1.5975548 1.4795314 1.5448908 1.4142313 2.1483921 
Plespi_Pspi_C600396_01                             2.0814863 1.8779724 2.0714340 2.0725784 1.8788394 1.7128333 1.7930436 1.8864724 1.8591234 1.9606960 1.9339025 2.1337996 2.2680802 1.2009658 0.8595323 1.1125152 1.0920531 1.2588974 1.0628709 1.1143517 1.0168509 1.2374215 1.1946656 1.4081565 1.1046083 1.0929715 1.2658436 0.9049878 0.8364576 0.8222623 0.0000000 1.4339988 1.1848117 1.5989040 1.6490609 1.6537445 1.5885033 1.6916108 1.6511847 1.4498158 1.6647928 1.6680867 1.7183351 1.5701027 1.3474415 1.5821315 1.9617949 1.6696537 1.6696537 1.6422915 1.5744009 1.7400455 1.6430030 1.8392052 
Morvir_scaffold135.g28.t1                          2.0595547 2.2142876 2.4957656 2.4404762 2.3605651 2.0157088 2.2967495 2.4775384 2.5521162 2.3182702 2.5236384 2.7467591 2.4898711 1.3744340 1.4699419 1.3167895 1.3597258 1.4768426 1.0162827 0.9639950 1.1303174 1.2629437 1.2356886 1.4551291 1.4233205 1.1022920 1.2299479 1.3147827 1.2334436 1.0609879 1.4339988 0.0000000 1.4528216 1.9667614 1.7806919 2.0876025 2.0518680 1.9470677 1.9936097 1.0871251 1.1396843 1.0927082 1.0373090 1.4664207 1.7409986 1.5876814 1.4688019 1.5317210 1.5317210 1.6073161 1.5993603 1.7937948 1.6654741 1.9864622 
Clacor_Ccor_C535367_01                             2.0380529 1.9189404 2.2269392 2.2146028 2.2589888 1.9012659 2.2161945 2.1514442 2.2175586 2.1009486 2.1194254 2.6973714 2.4011333 1.1065724 1.2699467 1.2159676 1.1678596 1.3701193 1.1398080 1.0350527 0.9703255 1.0806443 1.1030612 1.2963639 1.1801597 1.1341740 1.3535387 1.1878220 1.2546355 1.4051776 1.1848117 1.4528216 0.0000000 1.4860720 1.7469654 1.0873712 1.1134440 1.2416425 1.0919870 1.6417777 1.7300431 1.6825930 1.6477209 1.8592619 1.5673610 1.3499332 1.9093886 1.4583325 1.4583325 1.4158838 1.4225425 1.4631420 1.9399960 1.7555015 
Tcas_TC012540_001                                  1.8652342 2.4373372 2.5705680 2.4444780 2.5566660 2.3283133 2.5333062 2.5199116 2.8734505 2.9774617 3.0621549 2.7992936 2.6381295 1.2600770 1.4312256 1.1702633 1.0782401 1.3753276 1.4477552 1.5924713 1.3610446 1.4773953 1.5732178 1.6162477 1.2694868 1.8213286 1.9414326 1.5710363 1.4243554 1.5467900 1.5989040 1.9667614 1.4860720 0.0000000 1.0006378 2.0580709 2.1402474 2.2071531 2.2873231 1.7618231 2.0520827 2.0161479 1.8039143 1.4131573 1.8227191 1.7268322 1.9952945 1.9085493 1.9085493 1.9630684 1.9317235 2.0850611 2.3041052 2.5998075 
Dpul_mRNA15038                                     1.7169850 2.7725989 3.0285180 2.9884024 2.7595500 2.0800617 2.6374606 2.5658522 2.7418665 2.9847463 3.0454266 2.9110501 2.2370622 1.1807905 1.6047396 1.2012421 1.1070907 1.5292703 1.4894368 1.5184140 1.3951625 1.6243765 1.6171932 1.8983521 1.4125857 1.5973577 1.7850327 1.4555377 1.4932024 1.5612947 1.6490609 1.7806919 1.7469654 1.0006378 0.0000000 2.0535711 1.9928873 2.2107483 2.1377707 1.8002249 1.8262140 1.9797742 1.8836468 1.1968475 1.8579750 1.7258570 1.7276443 1.9819983 1.9819983 2.0651922 2.0149194 2.1910646 2.2597933 2.5536835 
Scil_scict010265.1                                 2.0086680 2.3324900 2.4744970 2.4187402 2.4959411 2.3869213 2.3808860 2.4097560 2.3521631 2.6842410 2.6077831 2.8070718 2.7585609 1.5505198 1.0856417 1.4789336 1.4665607 1.8172771 1.3255002 1.6471092 1.3904249 1.6233166 1.4740786 2.3145681 1.4928296 1.3547785 1.6543634 1.5659987 1.5802987 1.9453892 1.6537445 2.0876025 1.0873712 2.0580709 2.0535711 0.0000000 0.6100043 0.6209031 0.6126547 1.7155791 2.0234953 1.9925271 2.0885508 1.9268743 1.6407017 1.7010478 2.1954585 2.2244306 2.2244306 2.4635848 2.1817792 2.3671010 2.2738493 2.1343683 
Leuniv_Lniv_C805058_01                             1.8034019 2.5558991 2.7116574 2.6597412 2.2173689 2.2296537 2.3008808 2.4591111 2.4357182 2.5449369 2.5815934 2.5633673 2.4266430 1.5991193 1.1078408 1.4956616 1.5342612 1.8863325 1.4557408 1.6724397 1.2934695 1.5451085 1.3472260 2.0170426 1.7764842 1.4364483 1.6833722 1.6027408 1.6201801 2.1878719 1.5885033 2.0518680 1.1134440 2.1402474 1.9928873 0.6100043 0.0000000 0.5033252 0.6058503 1.7674129 1.9622221 2.0502505 2.1816164 1.9121103 1.6162260 1.6757452 1.9615386 2.2329364 2.2329364 2.5285622 2.2538218 2.4334623 2.5911631 2.5480856 
Lcom_lcpid22365                                    1.9627674 2.4840505 2.5615181 2.5068406 2.3131462 2.4620955 2.3234035 2.3241201 2.3184110 2.5507955 2.5901952 2.3888215 2.7637776 1.8283105 1.1617644 1.6426739 1.7063654 1.7420722 1.5901553 1.6390979 1.3562857 1.6417401 1.4449317 2.1422409 1.7612195 1.3569396 1.7483017 1.5549367 1.6185097 2.1179550 1.6916108 1.9470677 1.2416425 2.2071531 2.2107483 0.6209031 0.5033252 0.0000000 0.7157655 1.9820504 2.1616278 2.2238031 2.1723728 1.8811266 1.7118920 1.9469677 1.9564759 2.3278868 2.3278868 2.8344292 2.3135646 2.4502811 2.6815066 2.2576275 
Gracom_Gcom_scaffold15270_01                       2.2563609 2.5954996 2.6592192 2.6146259 2.2447789 2.2960138 2.3095198 2.2829390 2.5447155 2.6446214 2.6845833 2.7043996 2.4769952 1.5868469 1.2682645 1.8142880 1.6440906 1.9905751 1.6007256 1.7746279 1.3705442 1.7321604 1.5809359 2.2627456 1.7469393 1.3744729 1.8103281 1.6745307 1.6777977 1.9865955 1.6511847 1.9936097 1.0919870 2.2873231 2.1377707 0.6126547 0.6058503 0.7157655 0.0000000 1.9031287 2.4053924 2.2008305 2.1969082 2.0696349 1.6490383 1.6192184 2.2626703 2.2198938 2.2198938 2.4315889 2.1088355 2.2116872 2.8181161 2.2792602 
Aaur_scaffold727.g7.t1                             2.0084919 2.4311845 2.5316503 2.3799305 2.6227069 2.6842990 2.9503409 2.3830304 2.7905906 2.4338128 2.8023772 2.6312904 3.1328187 1.4764264 1.5511532 1.5267013 1.5380356 1.4578389 1.1397259 1.0713339 1.1512721 1.4711376 1.5107048 1.7571012 1.6046288 1.1584568 1.2381158 1.3033087 1.0573795 1.1016873 1.4498158 1.0871251 1.6417777 1.7618231 1.8002249 1.7155791 1.7674129 1.9820504 1.9031287 0.0000000 0.6197922 0.5349777 0.7445324 2.0967781 1.5293717 1.6601940 1.5619351 1.7614177 1.7614177 1.8183647 1.9014342 2.0554111 1.2404362 1.9929879 
Nemnom_g2408.t1                                    2.3978329 2.2671097 2.2945778 2.2945778 2.3327489 2.3088523 2.6336144 2.3368981 2.3386028 2.3433072 2.6247209 2.7355322 2.4175021 1.6944324 1.9752381 1.8834033 1.8203683 2.1617433 1.2446231 1.2623241 1.2130218 1.5812118 1.5978065 1.9110935 1.9189013 1.4210675 1.4866091 1.5305109 1.3583633 1.3447416 1.6647928 1.1396843 1.7300431 2.0520827 1.8262140 2.0234953 1.9622221 2.1616278 2.4053924 0.6197922 0.0000000 0.3311629 0.8154809 1.9963541 2.1692779 1.8507104 1.8439266 1.8481294 1.8481294 1.9672343 2.0492883 2.1858440 2.1841249 2.7003936 
Rhoesc_Res_001755-T1                               2.3787954 2.4841315 2.4280523 2.3275736 2.5327665 2.6740326 2.8558627 2.3426416 2.5678211 2.4479316 2.6671496 2.8715240 2.8148265 1.7036653 1.7573278 1.9366438 1.7440387 2.1440034 1.1952901 1.1847757 1.2644465 1.4654500 1.5181062 1.7381450 1.8167053 1.3240710 1.5031976 1.5143608 1.4423985 1.3093363 1.6680867 1.0927082 1.6825930 2.0161479 1.9797742 1.9925271 2.0502505 2.2238031 2.2008305 0.5349777 0.3311629 0.0000000 0.7739668 2.1649497 1.9118684 1.8689795 1.8449119 1.8139485 1.8139485 1.9092577 1.9514213 2.1891263 2.0099559 2.3248665 
Sanmal_Sma_027174-T1                               2.3352889 2.1771320 2.3232630 2.2385355 2.3330082 2.3324335 2.6712858 2.3087130 2.7047589 2.4044916 2.5434887 2.5130054 2.6274182 1.6497194 1.5978524 1.8661412 1.7123728 2.0632459 1.2833131 1.1112897 1.1499879 1.4322581 1.4786566 1.4305472 1.6787700 1.3213626 1.3835760 1.3661829 1.3570336 1.1923698 1.7183351 1.0373090 1.6477209 1.8039143 1.8836468 2.0885508 2.1816164 2.1723728 2.1969082 0.7445324 0.8154809 0.7739668 0.0000000 2.0100451 1.7924121 1.5553663 1.7621379 1.8933989 1.8933989 1.7157403 1.7963984 1.9737493 1.8134712 2.1929878 
Cscu_XM_023369650.1                                1.7468790 2.3774217 2.6859376 2.6693395 2.5813738 2.3432667 2.5592879 2.6645656 2.7512834 2.7967849 2.9121761 2.7190577 2.6920549 1.1605353 1.4115743 1.1878422 1.2950273 1.3247270 1.3843920 1.2842119 1.2810416 1.3794821 1.4224225 1.6612282 1.3519779 1.5548157 1.8436732 1.7496633 1.5614567 1.4873820 1.5701027 1.4664207 1.8592619 1.4131573 1.1968475 1.9268743 1.9121103 1.8811266 2.0696349 2.0967781 1.9963541 2.1649497 2.0100451 0.0000000 1.9097347 1.8549205 1.6865514 1.9194519 1.9194519 2.2530518 1.9966088 2.3401746 2.1959559 2.0784696 
Opea_EP00118_Oscarella_pearsei_P001291             1.9939055 2.1041220 2.2994970 2.3252177 2.0902637 2.5478411 2.3616647 2.4676841 2.4101625 2.4177287 2.4466563 2.6605669 2.4198840 1.5847761 1.2290220 1.4198011 1.2936046 1.6386536 1.1454625 1.1693143 1.0964855 1.2919886 1.1792173 1.4857841 1.4780605 1.2005904 1.3415497 1.4848368 1.4384077 1.3098017 1.3474415 1.7409986 1.5673610 1.8227191 1.8579750 1.6407017 1.6162260 1.7118920 1.6490383 1.5293717 2.1692779 1.9118684 1.7924121 1.9097347 0.0000000 1.0645947 2.0589241 1.8214957 1.8214957 1.9005232 1.7604191 1.8830866 1.8156348 1.9665595 
Plajan_Pjan_C554597_01                             2.1521591 2.5441629 2.8166227 2.7921572 2.6528190 2.2828158 2.5173898 2.8308113 2.9791075 2.7887767 2.9288687 2.9854159 2.8442272 1.5710920 1.5013221 1.5786787 1.4855263 1.8548278 1.1659880 1.0803375 1.0989086 1.2000308 1.1818843 1.3165679 1.4821061 1.3497084 1.4490693 1.2844797 1.1963221 1.2741778 1.5821315 1.5876814 1.3499332 1.7268322 1.7258570 1.7010478 1.6757452 1.9469677 1.6192184 1.6601940 1.8507104 1.8689795 1.5553663 1.8549205 1.0645947 0.0000000 1.9568387 1.5729500 1.5729500 1.7152504 1.5696911 1.7695964 1.6937893 2.2206771 
Hvul_g16839_1                                      2.7812384 2.9927322 3.2464089 3.3329238 3.2886119 2.9142009 2.9558015 3.1368130 3.0577541 3.4219655 3.7908099 4.1643943 2.2809822 1.7944840 1.6119753 1.7478677 1.7905982 1.9710625 1.3095290 1.3931051 1.5372001 1.3983669 1.4285821 1.5202075 1.5456097 1.4005669 1.7603459 1.6423804 1.6857943 1.7655827 1.9617949 1.4688019 1.9093886 1.9952945 1.7276443 2.1954585 1.9615386 1.9564759 2.2626703 1.5619351 1.8439266 1.8449119 1.7621379 1.6865514 2.0589241 1.9568387 0.0000000 1.8118171 1.8118171 1.9527979 1.7540307 1.7953185 2.4596064 3.0851770 
Tadh_TriadT57239                                   2.2248419 2.7885325 3.1922932 3.2131310 2.6263236 2.4947881 2.8631131 2.7216020 2.7344302 2.6463744 2.6418842 3.1110581 2.3218370 1.6863696 2.0595280 1.7581708 1.7286852 1.9868146 1.4142537 1.3929774 1.2599817 1.2901215 1.4286882 1.3824436 1.6426372 1.4751332 1.4355829 1.5972837 1.5402523 1.6128628 1.6696537 1.5317210 1.4583325 1.9085493 1.9819983 2.2244306 2.2329364 2.3278868 2.2198938 1.7614177 1.8481294 1.8139485 1.8933989 1.9194519 1.8214957 1.5729500 1.8118171 0.0000000 0.0000010 0.4099623 0.2919296 0.3161207 2.2123948 2.4301204 
TrH2_TrispH2_003318-RA                             2.2248419 2.7885325 3.1922932 3.2131310 2.6263236 2.4947881 2.8631131 2.7216020 2.7344302 2.6463744 2.6418842 3.1110581 2.3218370 1.6863696 2.0595280 1.7581708 1.7286852 1.9868146 1.4142537 1.3929774 1.2599817 1.2901215 1.4286882 1.3824436 1.6426372 1.4751332 1.4355829 1.5972837 1.5402523 1.6128628 1.6696537 1.5317210 1.4583325 1.9085493 1.9819983 2.2244306 2.2329364 2.3278868 2.2198938 1.7614177 1.8481294 1.8139485 1.8933989 1.9194519 1.8214957 1.5729500 1.8118171 0.0000010 0.0000000 0.4099623 0.2919296 0.3161207 2.2123948 2.4301204 
HoiH06_mRNA13816                                   2.8367990 2.8257504 3.3375389 3.3375389 2.6576293 2.5434255 2.9430236 3.0103529 3.0569152 2.7862092 2.8104072 3.1072725 2.6811235 1.8861959 2.6251205 2.0878293 1.7844687 2.0493564 1.5851768 1.3635697 1.3361997 1.4807990 1.5565860 1.3207484 1.9094594 1.5232240 1.4134990 1.5974090 1.5488723 1.5975548 1.6422915 1.6073161 1.4158838 1.9630684 2.0651922 2.4635848 2.5285622 2.8344292 2.4315889 1.8183647 1.9672343 1.9092577 1.7157403 2.2530518 1.9005232 1.7152504 1.9527979 0.4099623 0.4099623 0.0000000 0.2488110 0.1809939 2.5426743 3.1182704 
Hhon_g04672.t1                                     2.2780143 2.7492383 3.0682628 3.0820989 2.5239059 2.3304369 2.7465156 2.8285415 2.9177865 2.6805659 2.7131872 2.9154153 2.5588723 1.7308080 2.0176182 1.9938677 1.7167448 1.9449949 1.4683562 1.2790188 1.2504178 1.3144348 1.4093291 1.4730166 1.6615442 1.3609028 1.4586940 1.4671549 1.5333569 1.4795314 1.5744009 1.5993603 1.4225425 1.9317235 2.0149194 2.1817792 2.2538218 2.3135646 2.1088355 1.9014342 2.0492883 1.9514213 1.7963984 1.9966088 1.7604191 1.5696911 1.7540307 0.2919296 0.2919296 0.2488110 0.0000000 0.1316566 2.2773051 2.7417632 
HoiH23_PlH23_007294-RA                             2.1827865 2.7208307 3.0217313 3.0334861 2.5228457 2.5042489 2.7997312 2.8622744 2.9280121 2.6867353 2.7355628 2.8558225 2.6762986 1.9089726 2.4977226 2.1293451 1.8446785 1.9322636 1.6704459 1.4036026 1.3000619 1.5154469 1.6381619 1.6472189 1.8441331 1.5496592 1.5286419 1.7234530 1.7159793 1.5448908 1.7400455 1.7937948 1.4631420 2.0850611 2.1910646 2.3671010 2.4334623 2.4502811 2.2116872 2.0554111 2.1858440 2.1891263 1.9737493 2.3401746 1.8830866 1.7695964 1.7953185 0.3161207 0.3161207 0.1809939 0.1316566 0.0000000 2.2373596 2.8399278 
Aque_Aqu2.1.37100_001                              2.5318746 2.6909783 3.0853101 3.1190729 3.0838149 3.3141849 3.1184350 3.4589677 2.9719857 3.2379186 3.3927336 2.8899307 4.5946377 1.9512062 1.3434076 2.1022085 1.7112501 1.6782930 1.3292066 1.4155394 1.1344361 1.4633103 1.4710991 1.8607155 1.7348301 1.7158586 1.8632650 1.4486661 1.3898471 1.4142313 1.6430030 1.6654741 1.9399960 2.3041052 2.2597933 2.2738493 2.5911631 2.6815066 2.8181161 1.2404362 2.1841249 2.0099559 1.8134712 2.1959559 1.8156348 1.6937893 2.4596064 2.2123948 2.2123948 2.5426743 2.2773051 2.2373596 0.0000000 1.6230125 
Nvec_v1g210690                                     2.0074973 2.6558453 3.0267585 2.9666652 3.0326574 3.1668396 2.9402652 3.2135238 3.0544134 3.0375058 3.0971085 3.6140152 4.8692629 1.6018372 1.4416336 1.7646340 1.6661580 1.8085580 1.1898912 1.6969755 1.1328783 1.2824721 1.3848605 2.3573085 1.7636494 1.7281627 1.7880831 1.7569806 1.8202688 2.1483921 1.8392052 1.9864622 1.7555015 2.5998075 2.5536835 2.1343683 2.5480856 2.2576275 2.2792602 1.9929879 2.7003936 2.3248665 2.1929878 2.0784696 1.9665595 2.2206771 3.0851770 2.4301204 2.4301204 3.1182704 2.7417632 2.8399278 1.6230125 0.0000000 
