55
Hsap_ENST00000218056                                0.0000000 0.6674380 0.7510278 0.8587734 0.8319423 0.8606075 0.7780293 0.9039426 1.2135890 0.8411388 1.0581944 1.0547005 0.9556577 1.2346530 1.5128359 1.1008838 1.2047520 1.4462954 1.2622100 1.1363320 1.1512855 1.1281746 1.2215306 2.1016338 1.2751396 1.3400503 1.3300013 0.9687438 1.1311451 1.0958812 1.5272038 1.5217503 1.5042407 1.3926241 1.2763652 1.3191876 1.3428192 1.1514934 1.6664515 1.5156907 1.5088025 1.4825554 1.5265722 1.7176855 1.6105207 1.3608108 2.1808477 2.6985823 2.5345424 2.4403806 2.4013949 2.7450124 2.4630045 2.2911947 1.7796316 
Bralan_BLAG09000974_1                               0.6674380 0.0000000 0.5584057 0.6920830 0.7159591 0.7601811 0.6194039 0.7341855 0.9630605 0.7112583 0.9625180 0.8843602 0.8133497 1.1473004 1.4174736 0.9837025 1.1385584 1.2511864 1.2216930 1.1407620 1.1594625 1.0297881 1.0835282 2.4978111 1.1050141 1.1705933 1.1426702 0.7360299 1.2512065 1.0211995 1.3847749 1.3884849 1.4121368 1.3985948 1.2894495 1.2123961 1.1804167 1.0457245 1.6808258 1.5458340 1.4798469 1.4759966 1.5166503 1.7187320 1.5486936 1.1984983 2.0155645 2.5793590 2.5141872 2.2479224 2.4271194 2.8771944 2.3266573 2.3080261 1.7569687 
Skow_XM_006823948.1                                 0.7510278 0.5584057 0.0000000 0.6495077 0.7308441 0.7327874 0.6671637 0.7483168 1.0394242 0.8318586 0.9311180 0.9036395 0.8740026 1.1326748 1.1869589 0.8796320 1.0236759 1.1463952 1.0615719 0.9989512 1.0139942 0.9377603 0.9255784 1.7627909 1.1288253 1.2670429 1.2049161 0.9095132 1.1762900 1.0165386 1.3963643 1.3454939 1.5268798 1.4296453 1.3027418 1.2599535 1.2563953 0.9823556 1.4990986 1.3739562 1.4080101 1.3968185 1.4067813 1.6009567 1.5530763 1.2931229 1.8112588 2.6639567 2.3261083 2.1367484 2.3466331 2.5908836 2.2293123 2.2788750 1.6546900 
Spur_XM_030984227.1                                 0.8587734 0.6920830 0.6495077 0.0000000 0.7520143 0.7317165 0.7448914 0.8279784 1.0411749 0.8459912 1.0058407 0.9994189 0.9583729 1.2286016 1.1976346 1.0211897 1.1511323 1.2246312 1.1806878 1.0277654 1.0720754 1.0516987 1.0640577 1.7370379 1.1414648 1.2206717 1.2056957 0.9773509 1.5325301 1.1213392 1.4350118 1.4419085 1.5747349 1.4997706 1.3251580 1.2738127 1.2344282 1.0278588 1.5310336 1.4017353 1.3610920 1.3170366 1.3570624 1.5433344 1.4329852 1.4786275 1.8939542 2.6458914 2.3891578 2.1353521 2.4564677 2.4720435 2.2520238 2.2332511 1.6756468 
Ctel_gnl_WGS_AMQN_CAPTEDRAFT_mRNA165912             0.8319423 0.7159591 0.7308441 0.7520143 0.0000000 0.6294385 0.5800758 0.8407868 1.1807378 0.9026828 1.0297285 1.0378731 1.0411545 1.3063665 1.2956282 1.0180830 1.2070876 1.2916341 1.1497058 1.0150928 1.0482119 1.0385900 1.0755820 2.1318745 1.2556901 1.2786849 1.2702633 0.9934179 1.3530524 1.0924251 1.5043042 1.4483996 1.5234648 1.4204119 1.2925573 1.2386423 1.2866317 1.0936810 1.6540098 1.5114856 1.5451521 1.4981064 1.5032785 1.7509737 1.6850270 1.4336052 1.9648159 2.6006168 2.4442457 2.1929115 2.2845789 2.6646554 2.2193134 2.2099236 1.6527803 
Cgig_XM_034456390.1                                 0.8606075 0.7601811 0.7327874 0.7317165 0.6294385 0.0000000 0.4275033 0.8514008 1.0470589 0.7833836 1.0147704 1.0290633 0.9432024 1.2229295 1.3157109 1.0159863 1.1622740 1.2244327 1.0459052 1.0426790 1.0702336 1.0219868 1.1508765 1.9394423 1.2847560 1.3615524 1.3211819 1.0175876 1.2193555 1.0535126 1.5044950 1.4760716 1.5362607 1.4018901 1.3242170 1.2711330 1.3251563 1.0452562 1.5390305 1.4416272 1.4864198 1.4765225 1.4872111 1.6658025 1.6054467 1.3014805 1.8370907 2.6543815 2.4143810 2.2816790 2.3460168 2.6992986 2.3395589 2.2051309 1.7159997 
Acagra_model.g5225.t1                               0.7780293 0.6194039 0.6671637 0.7448914 0.5800758 0.4275033 0.0000000 0.7612453 1.0547686 0.8222803 0.9806853 0.9537755 0.9529587 1.2158268 1.2544197 0.9876556 1.0465142 1.2171452 1.0346167 1.0106214 1.0189210 1.0289475 1.0744739 1.9084481 1.1917534 1.2757413 1.2334444 0.9014720 1.3485508 1.0750295 1.4833718 1.4027353 1.5317555 1.3626659 1.3423104 1.2717207 1.2148441 1.1229950 1.5574770 1.4474869 1.4414793 1.3985235 1.4744276 1.6839577 1.6147142 1.2903588 1.8884760 2.5918222 2.3978846 2.2142248 2.4361976 2.5761133 2.4423586 2.1908666 1.6267317 
Cscu_XM_023367246.1                                 0.9039426 0.7341855 0.7483168 0.8279784 0.8407868 0.8514008 0.7612453 0.0000000 1.1506420 0.8399345 1.0532802 1.0553841 1.0440368 1.3064007 1.4558237 1.1069455 1.2091950 1.2558903 1.2230239 1.1224166 1.1271422 1.0788860 1.0206708 1.6152801 1.1851766 1.2233384 1.1837069 0.9050011 1.4179449 1.0970337 1.4751989 1.4358560 1.4782206 1.4439307 1.3771145 1.2596108 1.2332207 0.9875893 1.6148109 1.4586416 1.4847118 1.4697633 1.4719606 1.7059960 1.5901167 1.3079607 2.0221608 2.3830488 2.3073322 2.2825494 2.0622271 2.6148997 2.2610056 2.1411949 1.5481100 
Exapal_XM_028662507.1                               1.2135890 0.9630605 1.0394242 1.0411749 1.1807378 1.0470589 1.0547686 1.1506420 0.0000000 0.3388310 0.4517440 0.4313066 0.4281715 0.4355197 0.6129540 0.6593614 0.7632550 1.1525579 0.9847745 0.9397552 0.9291000 0.9155369 0.9405244 1.4014423 1.1862510 1.1843833 1.2677442 0.8909710 1.1548317 1.0457216 1.3500096 1.4128356 1.3808282 1.2737101 1.2790790 1.0985011 1.1904311 1.1829042 1.5532779 1.4936517 1.4368262 1.4493535 1.4359669 1.4359669 1.4887396 1.0668192 2.1278408 2.5764974 2.3546621 2.4266176 2.6143998 2.7437735 2.3040688 2.3257748 1.9604178 
Nvec_v1g83648                                       0.8411388 0.7112583 0.8318586 0.8459912 0.9026828 0.7833836 0.8222803 0.8399345 0.3388310 0.0000000 0.3783698 0.3463093 0.3280622 0.3752866 0.5957558 0.4914972 0.6499075 0.8652568 0.7544275 0.7155768 0.7123166 0.6606156 0.7568430 1.2786209 0.9454894 0.9609656 1.0004873 0.9233166 1.1449718 0.7579660 1.1016064 1.1020357 1.2243825 1.0981049 0.9749361 0.8825669 0.9139128 1.1341170 1.2466911 1.2406766 1.1796481 1.1864664 1.1916349 1.1916349 1.2184304 0.8717823 1.8046578 2.5040338 2.1431306 2.0879501 2.4979495 2.4795466 2.0026073 1.9560119 1.8186221 
Adig_XM_015912760.1                                 1.0581944 0.9625180 0.9311180 1.0058407 1.0297285 1.0147704 0.9806853 1.0532802 0.4517440 0.3783698 0.0000000 0.1216307 0.1546086 0.2327460 0.0545700 0.5813856 0.7966041 1.0256572 0.9514673 0.8139201 0.7817878 0.7973156 0.8901581 1.2278577 1.1351154 1.1577314 1.1847122 0.9580162 1.1081804 1.0073667 1.2935704 1.2906055 1.4479854 1.3328716 1.1925510 1.1073947 1.1746921 1.1257480 1.5997746 1.4746396 1.5616420 1.4669591 1.4891858 1.7240083 1.6906104 0.6498498 1.8632484 2.5201199 2.2652783 2.0931526 2.3751216 2.3770861 1.9350642 2.0652266 1.8391746 
Gfas_gfas1.m1.3450.m1                               1.0547005 0.8843602 0.9036395 0.9994189 1.0378731 1.0290633 0.9537755 1.0553841 0.4313066 0.3463093 0.1216307 0.0000000 0.1149199 0.1834423 0.1633972 0.5647547 0.7997183 1.0015050 0.9720843 0.8327996 0.8028379 0.8229934 0.8291881 1.2020558 1.1347261 1.1466541 1.1678601 0.8990301 1.1339635 0.9786757 1.2487588 1.3036826 1.4825032 1.3084927 1.1780360 1.1028154 1.1672514 1.1183239 1.5911199 1.4576943 1.4943932 1.4008163 1.4352419 1.6657184 1.6270879 0.6031863 1.6816948 2.6299542 2.3237683 2.0917114 2.4435562 2.4623471 2.0527661 2.1121606 1.8028643 
Pocdam_XM_027198219.1                               0.9556577 0.8133497 0.8740026 0.9583729 1.0411545 0.9432024 0.9529587 1.0440368 0.4281715 0.3280622 0.1546086 0.1149199 0.0000000 0.1273549 0.2636862 0.5682118 0.7686419 1.0363416 0.8745117 0.7559538 0.7297632 0.7226084 0.8587975 1.1918627 1.1117194 1.1692233 1.1717761 0.9154289 1.1445844 0.9877760 1.1500293 1.1915180 1.3680259 1.2333439 1.1157777 1.0540292 1.0845792 1.1587113 1.5377598 1.4853691 1.4182624 1.4312184 1.4441573 1.4681117 1.4720891 0.6200551 1.9397867 2.5720497 2.2499381 2.1292714 2.5182181 2.5201654 2.0929455 2.0834108 1.7641688 
Fspp_ffun1.m4.4906.m1                               1.2346530 1.1473004 1.1326748 1.2286016 1.3063665 1.2229295 1.2158268 1.3064007 0.4355197 0.3752866 0.2327460 0.1834423 0.1273549 0.0000000 0.4084533 0.7095996 0.9816864 1.2812973 1.1994679 0.9723840 0.9698156 0.9546589 1.0009814 1.3389673 1.3679610 1.3707811 1.4082008 1.0813024 1.0455978 1.1649407 1.5160710 1.5033278 1.7170384 1.5727751 1.4336726 1.3860122 1.3759282 1.2980589 1.9062397 1.7499512 1.7568010 1.7063433 1.6704339 1.7242185 1.7832380 0.8810627 2.1512161 2.9814134 2.5623547 2.4228428 2.8626795 2.9013571 2.3892099 2.3605063 2.3034047 
Amil_Amillepora23285-RA                             1.5128359 1.4174736 1.1869589 1.1976346 1.2956282 1.3157109 1.2544197 1.4558237 0.6129540 0.5957558 0.0545700 0.1633972 0.2636862 0.4084533 0.0000000 0.8142291 1.0999237 1.4016545 1.2126980 1.0989589 1.0556875 1.1250967 1.1879941 1.3583097 1.5007830 1.5349045 1.5212657 1.3311969 1.1592916 1.3797836 1.5844646 1.6176921 1.8059014 1.7216809 1.5200354 1.3108352 1.3751233 1.3372432 1.8066655 1.6439567 1.8061312 1.6332152 1.6918864 2.0833490 2.0023422 0.8892594 2.1811576 2.7949910 2.5297912 2.3477928 2.6520210 2.6346131 2.1241817 2.3810332 1.9083685 
Dgig_XM_028539407.1                                 1.1008838 0.9837025 0.8796320 1.0211897 1.0180830 1.0159863 0.9876556 1.1069455 0.6593614 0.4914972 0.5813856 0.5647547 0.5682118 0.7095996 0.8142291 0.0000000 0.2852489 1.0520984 0.9409874 0.8131395 0.8376381 0.8725872 0.8808833 1.1875301 1.1151258 1.1111606 1.0833094 0.8306877 1.0972647 0.9422543 1.3222866 1.3391403 1.4130884 1.2035414 1.1274597 1.0301012 1.1229293 1.2286208 1.5362991 1.3803643 1.3768749 1.3052855 1.3548336 1.5676361 1.4608851 1.0433862 1.8397821 2.4414342 2.2234817 2.0737902 2.2741561 2.5582145 2.0890479 2.1271020 1.8464556 
Xesp_025934-T1                                      1.2047520 1.1385584 1.0236759 1.1511323 1.2070876 1.1622740 1.0465142 1.2091950 0.7632550 0.6499075 0.7966041 0.7997183 0.7686419 0.9816864 1.0999237 0.2852489 0.0000000 1.1809444 1.1199293 0.9198982 0.9085235 0.9747235 0.9975413 1.2607316 1.1951162 1.2873051 1.2570292 1.0380962 1.2344227 1.0205858 1.3993505 1.4156472 1.4221816 1.2056050 1.2275678 1.0669053 1.2123909 1.2659883 1.8417589 1.6025848 1.6849180 1.5989448 1.6413664 1.9175039 1.7284860 1.1535225 2.1329451 2.8015859 2.6244262 2.4416344 2.6423787 2.8302184 2.4402886 2.5653201 2.0984791 
Chem_TCONS_00022555                                 1.4462954 1.2511864 1.1463952 1.2246312 1.2916341 1.2244327 1.2171452 1.2558903 1.1525579 0.8652568 1.0256572 1.0015050 1.0363416 1.2812973 1.4016545 1.0520984 1.1809444 0.0000000 0.7716707 0.7520068 0.7575225 0.7468383 0.8474617 0.7534059 1.3019981 1.3835558 1.4254177 1.1080891 1.4886443 1.2127873 1.4254902 1.4087917 1.5482324 1.3941894 1.4443751 1.3509864 1.2836551 1.4761586 1.6952030 1.5082000 1.5204336 1.4458985 1.4743946 1.7388533 1.6809691 1.4522499 2.1021830 2.7872753 2.3679328 2.2810583 2.2857854 2.6602931 2.2470779 2.2061818 1.9905015 
Aaur_scaffold1042.g2.t1                             1.2622100 1.2216930 1.0615719 1.1806878 1.1497058 1.0459052 1.0346167 1.2230239 0.9847745 0.7544275 0.9514673 0.9720843 0.8745117 1.1994679 1.2126980 0.9409874 1.1199293 0.7716707 0.0000000 0.2078858 0.1965452 0.3659738 0.7098155 1.6034940 1.4155920 1.5160683 1.5249405 1.0014275 0.8401716 1.1083676 1.2692378 1.2085652 1.2901228 1.2312100 1.2268520 1.1637360 1.2407818 1.3156894 1.4810220 1.4658217 1.3968540 1.4015653 1.4939694 1.6169929 1.6583104 1.6201637 1.5573218 3.2316225 2.7764875 2.6190354 3.0318528 2.7611301 2.8457473 2.7477099 2.0929604 
Nemnom_g7120.t1                                     1.1363320 1.1407620 0.9989512 1.0277654 1.0150928 1.0426790 1.0106214 1.1224166 0.9397552 0.7155768 0.8139201 0.8327996 0.7559538 0.9723840 1.0989589 0.8131395 0.9198982 0.7520068 0.2078858 0.0000000 0.1179538 0.3157712 0.6669826 1.2136945 1.2291510 1.3706119 1.3344881 1.0904672 1.1851901 1.0644688 1.3198753 1.2977282 1.4058050 1.2336144 1.1879326 1.1134651 1.1186954 1.2381134 1.5314139 1.3910918 1.4035480 1.3092515 1.3893723 1.6501734 1.5442343 1.3800023 1.6640970 2.6353670 2.3211795 2.3107768 2.3170610 2.4932752 2.2696156 2.2258279 1.9201847 
Rhoesc_Res_014475-T1                                1.1512855 1.1594625 1.0139942 1.0720754 1.0482119 1.0702336 1.0189210 1.1271422 0.9291000 0.7123166 0.7817878 0.8028379 0.7297632 0.9698156 1.0556875 0.8376381 0.9085235 0.7575225 0.1965452 0.1179538 0.0000000 0.2966435 0.6645336 1.1689980 1.2660775 1.3740036 1.3489912 1.0809823 1.2077661 1.0292467 1.3567499 1.3036471 1.5318853 1.3112328 1.2432001 1.1276783 1.1877571 1.2898245 1.5506735 1.4175436 1.4592655 1.3583902 1.4060206 1.6859001 1.5577666 1.3384632 1.6213295 2.6523186 2.3211055 2.2945652 2.3161038 2.4953399 2.3066941 2.2691433 2.0072904 
Sanmal_Sma_012786-T1                                1.1281746 1.0297881 0.9377603 1.0516987 1.0385900 1.0219868 1.0289475 1.0788860 0.9155369 0.6606156 0.7973156 0.8229934 0.7226084 0.9546589 1.1250967 0.8725872 0.9747235 0.7468383 0.3659738 0.3157712 0.2966435 0.0000000 0.6527292 1.2730189 1.2224045 1.3230888 1.3240115 1.0118260 1.1980976 0.9954189 1.3072283 1.2802446 1.2700288 1.1711627 1.1490811 1.0698034 1.1215141 1.2623867 1.4279716 1.3012244 1.3180504 1.2526081 1.2594147 1.4716680 1.4301534 1.2220114 1.7048337 2.5407895 2.2102149 2.1970827 2.0538272 2.3192221 2.1600538 2.2072080 1.7651955 
Morvir_scaffold90.g42.t1                            1.2215306 1.0835282 0.9255784 1.0640577 1.0755820 1.1508765 1.0744739 1.0206708 0.9405244 0.7568430 0.8901581 0.8291881 0.8587975 1.0009814 1.1879941 0.8808833 0.9975413 0.8474617 0.7098155 0.6669826 0.6645336 0.6527292 0.0000000 1.2635174 1.3196891 1.3715644 1.3055222 0.9437013 1.4632492 1.1332969 1.4073570 1.4167448 1.5755479 1.3762024 1.2171969 1.2173801 1.1866154 1.2397426 1.8318873 1.6388102 1.6956959 1.5947319 1.6410308 1.8961431 1.7862062 1.2886447 1.7929735 2.4165844 2.2349962 2.1324047 2.1887738 2.3490163 2.2041411 2.0865161 1.8306196 
Hvul_g105_1                                         2.1016338 2.4978111 1.7627909 1.7370379 2.1318745 1.9394423 1.9084481 1.6152801 1.4014423 1.2786209 1.2278577 1.2020558 1.1918627 1.3389673 1.3583097 1.1875301 1.2607316 0.7534059 1.6034940 1.2136945 1.1689980 1.2730189 1.2635174 0.0000000 1.7594577 1.9409727 1.8447358 1.8438593 1.4926435 1.6450403 2.0333532 1.9685158 1.8706235 1.7152421 1.7307206 1.6224685 1.5575894 1.9114733 1.8343810 1.5424741 1.7021796 1.6330140 1.5894088 1.5894088 1.5769197 1.3592335 2.4747018 2.6031067 2.1919606 1.8713781 2.0086000 2.0953919 1.9758470 1.9300894 2.0465282 
Lcom_lcpid51257                                     1.2751396 1.1050141 1.1288253 1.1414648 1.2556901 1.2847560 1.1917534 1.1851766 1.1862510 0.9454894 1.1351154 1.1347261 1.1117194 1.3679610 1.5007830 1.1151258 1.1951162 1.3019981 1.4155920 1.2291510 1.2660775 1.2224045 1.3196891 1.7594577 0.0000000 0.1387303 0.2392156 0.4697522 1.1887763 1.0357810 1.4216078 1.4458912 1.3796553 1.3206535 1.2442790 1.2114960 1.2986922 1.3677693 1.8057601 1.6419724 1.5825850 1.5223138 1.5193041 1.7658042 1.7308626 1.6652158 2.0476813 2.6710329 2.2751436 2.3857770 2.3934160 2.4781245 2.3265117 2.4856297 2.0725080 
Leuniv_Lniv_scaffold18654_01                        1.3400503 1.1705933 1.2670429 1.2206717 1.2786849 1.3615524 1.2757413 1.2233384 1.1843833 0.9609656 1.1577314 1.1466541 1.1692233 1.3707811 1.5349045 1.1111606 1.2873051 1.3835558 1.5160683 1.3706119 1.3740036 1.3230888 1.3715644 1.9409727 0.1387303 0.0000000 0.1785055 0.4471640 1.2673666 1.0748983 1.4876496 1.4734511 1.4291675 1.3347883 1.2451912 1.2435305 1.3384561 1.4641646 1.7832529 1.6314635 1.5720014 1.5165708 1.4985273 1.7206992 1.6568072 1.6167841 2.0571059 2.8302704 2.3804702 2.4064942 2.4413866 2.6136280 2.3824338 2.5363544 1.9961899 
Gracom_Gcom_scaffold507_01                          1.3300013 1.1426702 1.2049161 1.2056957 1.2702633 1.3211819 1.2334444 1.1837069 1.2677442 1.0004873 1.1847122 1.1678601 1.1717761 1.4082008 1.5212657 1.0833094 1.2570292 1.4254177 1.5249405 1.3344881 1.3489912 1.3240115 1.3055222 1.8447358 0.2392156 0.1785055 0.0000000 0.4762905 1.2291558 1.0696132 1.4872538 1.4870755 1.4816768 1.3891470 1.2706286 1.2501601 1.3344213 1.5198332 1.8278517 1.6431714 1.5661475 1.5138587 1.5150784 1.7724786 1.7271567 1.5873139 2.1173452 2.8395950 2.4150831 2.4342189 2.2549893 2.6529074 2.4243134 2.4187011 1.8896114 
Clacor_Ccor_C520699_01                              0.9687438 0.7360299 0.9095132 0.9773509 0.9934179 1.0175876 0.9014720 0.9050011 0.8909710 0.9233166 0.9580162 0.8990301 0.9154289 1.0813024 1.3311969 0.8306877 1.0380962 1.1080891 1.0014275 1.0904672 1.0809823 1.0118260 0.9437013 1.8438593 0.4697522 0.4471640 0.4762905 0.0000000 1.3723306 0.7963546 1.1848235 1.1864414 1.2625972 1.0941970 1.0333788 0.9314323 0.9102888 1.4226783 1.3432352 1.2755433 1.1595444 1.1766594 1.1518371 1.1518371 1.2278154 1.5566677 4.3340073 2.8629812 2.2513106 2.1436440 2.2628029 2.2901204 2.2128328 2.1350873 1.6993447 
Ocar_g1426                                          1.1311451 1.2512065 1.1762900 1.5325301 1.3530524 1.2193555 1.3485508 1.4179449 1.1548317 1.1449718 1.1081804 1.1339635 1.1445844 1.0455978 1.1592916 1.0972647 1.2344227 1.4886443 0.8401716 1.1851901 1.2077661 1.1980976 1.4632492 1.4926435 1.1887763 1.2673666 1.2291558 1.3723306 0.0000000 0.1102073 1.3007865 1.2974447 1.3097261 1.2325575 1.1253458 1.0296802 1.0596640 1.4678263 1.8245369 1.6925920 1.8526532 1.8685269 1.8375096 1.8375096 1.7996891 3.1669344 1.2993622 3.2028483 2.8818435 2.7254614 3.3826108 2.7645959 2.7816834 2.4437581 2.6589988 
Opea_EP00118_Oscarella_pearsei_P004689              1.0958812 1.0211995 1.0165386 1.1213392 1.0924251 1.0535126 1.0750295 1.0970337 1.0457216 0.7579660 1.0073667 0.9786757 0.9877760 1.1649407 1.3797836 0.9422543 1.0205858 1.2127873 1.1083676 1.0644688 1.0292467 0.9954189 1.1332969 1.6450403 1.0357810 1.0748983 1.0696132 0.7963546 0.1102073 0.0000000 1.2999673 1.2801754 1.1856975 1.1591171 1.1004473 1.0634486 1.0618867 1.2325779 1.5616530 1.4409640 1.4683718 1.4173997 1.4429531 1.6824220 1.5308092 1.3750503 1.2047278 2.6646638 2.3585031 2.2754079 2.2763160 2.3615735 2.2412272 2.2988466 2.0467540 
Aque_Aqu2.1.22983_001                               1.5272038 1.3847749 1.3963643 1.4350118 1.5043042 1.5044950 1.4833718 1.4751989 1.3500096 1.1016064 1.2935704 1.2487588 1.1500293 1.5160710 1.5844646 1.3222866 1.3993505 1.4254902 1.2692378 1.3198753 1.3567499 1.3072283 1.4073570 2.0333532 1.4216078 1.4876496 1.4872538 1.1848235 1.3007865 1.2999673 0.0000000 0.2394621 1.0087497 0.9292102 0.7536487 0.7822873 0.9024859 1.4465359 1.8748402 1.6561696 1.6728944 1.6502344 1.6862006 1.8369984 1.7384182 1.7902287 2.4103802 2.7692118 2.4481577 2.4236973 2.2946822 2.5385699 2.5434562 2.5023042 2.1415179 
Halamb_c51112_g1_i1m.29817                          1.5217503 1.3884849 1.3454939 1.4419085 1.4483996 1.4760716 1.4027353 1.4358560 1.4128356 1.1020357 1.2906055 1.3036826 1.1915180 1.5033278 1.6176921 1.3391403 1.4156472 1.4087917 1.2085652 1.2977282 1.3036471 1.2802446 1.4167448 1.9685158 1.4458912 1.4734511 1.4870755 1.1864414 1.2974447 1.2801754 0.2394621 0.0000000 1.0160530 0.8755705 0.7766643 0.7910538 0.9522794 1.4620029 1.8247205 1.6002874 1.6603264 1.6143558 1.6315498 1.8057580 1.7286622 1.8013460 2.3984607 2.9054955 2.5244315 2.3442017 2.2273290 2.5936181 2.5785149 2.4447038 2.1915432 
Emue_Em0162g11a.t1                                  1.5042407 1.4121368 1.5268798 1.5747349 1.5234648 1.5362607 1.5317555 1.4782206 1.3808282 1.2243825 1.4479854 1.4825032 1.3680259 1.7170384 1.8059014 1.4130884 1.4221816 1.5482324 1.2901228 1.4058050 1.5318853 1.2700288 1.5755479 1.8706235 1.3796553 1.4291675 1.4816768 1.2625972 1.3097261 1.1856975 1.0087497 1.0160530 0.0000000 0.1146966 0.6956311 0.6262625 0.8902407 1.4148154 1.8586511 1.8755625 1.8969745 1.8926839 1.8636463 1.9306107 2.0263372 1.9341057 2.3462518 2.6748215 2.5368732 2.4106664 2.5386752 2.6570186 2.3941938 2.3814293 2.4686339 
Spolac_c103661_g2_i1_m.35421c103661-g2              1.3926241 1.3985948 1.4296453 1.4997706 1.4204119 1.4018901 1.3626659 1.4439307 1.2737101 1.0981049 1.3328716 1.3084927 1.2333439 1.5727751 1.7216809 1.2035414 1.2056050 1.3941894 1.2312100 1.2336144 1.3112328 1.1711627 1.3762024 1.7152421 1.3206535 1.3347883 1.3891470 1.0941970 1.2325575 1.1591171 0.9292102 0.8755705 0.1146966 0.0000000 0.5822132 0.5167923 0.8187880 1.3493772 1.9350355 1.7231813 1.7632748 1.6696240 1.7079296 1.9133874 1.8138901 2.0293804 2.3091306 2.7630498 2.5670092 2.4004082 2.2449978 2.5691256 2.3927605 2.4208009 2.2570942 
Tetwil_g18652.t2                                    1.2763652 1.2894495 1.3027418 1.3251580 1.2925573 1.3242170 1.3423104 1.3771145 1.2790790 0.9749361 1.1925510 1.1780360 1.1157777 1.4336726 1.5200354 1.1274597 1.2275678 1.4443751 1.2268520 1.1879326 1.2432001 1.1490811 1.2171969 1.7307206 1.2442790 1.2451912 1.2706286 1.0333788 1.1253458 1.1004473 0.7536487 0.7766643 0.6956311 0.5822132 0.0000000 0.3937717 0.8301066 1.2161102 1.9012031 1.7354410 1.7854682 1.7100135 1.7540146 1.9252663 1.7852134 1.8606480 2.1719679 2.5448241 2.3172302 2.2070292 2.3586789 2.5891500 2.3468076 2.1827696 2.1865674 
Stycar_maker-SC_scaffold15725-snap-gene-0.88-mRNA-1 1.3191876 1.2123961 1.2599535 1.2738127 1.2386423 1.2711330 1.2717207 1.2596108 1.0985011 0.8825669 1.1073947 1.1028154 1.0540292 1.3860122 1.3108352 1.0301012 1.0669053 1.3509864 1.1637360 1.1134651 1.1276783 1.0698034 1.2173801 1.6224685 1.2114960 1.2435305 1.2501601 0.9314323 1.0296802 1.0634486 0.7822873 0.7910538 0.6262625 0.5167923 0.3937717 0.0000000 0.8050116 1.2125278 1.8782296 1.6887270 1.7223089 1.6165456 1.6619494 1.8648572 1.7682118 1.7465202 2.1630838 2.7156806 2.5445868 2.4022906 2.3471895 2.6389048 2.3336980 2.2612749 2.0270496 
Plespi_Pspi_scaffold7694_01                         1.3428192 1.1804167 1.2563953 1.2344282 1.2866317 1.3251563 1.2148441 1.2332207 1.1904311 0.9139128 1.1746921 1.1672514 1.0845792 1.3759282 1.3751233 1.1229293 1.2123909 1.2836551 1.2407818 1.1186954 1.1877571 1.1215141 1.1866154 1.5575894 1.2986922 1.3384561 1.3344213 0.9102888 1.0596640 1.0618867 0.9024859 0.9522794 0.8902407 0.8187880 0.8301066 0.8050116 0.0000000 1.2592201 1.7774188 1.5469176 1.5669567 1.5003751 1.5689307 1.7745845 1.6925362 1.9640051 1.9923655 2.3315137 2.0703150 2.1284485 2.2347807 2.2560235 2.0137333 1.9769206 2.1897179 
Tcas_TC032604_001                                   1.1514934 1.0457245 0.9823556 1.0278588 1.0936810 1.0452562 1.1229950 0.9875893 1.1829042 1.1341170 1.1257480 1.1183239 1.1587113 1.2980589 1.3372432 1.2286208 1.2659883 1.4761586 1.3156894 1.2381134 1.2898245 1.2623867 1.2397426 1.9114733 1.3677693 1.4641646 1.5198332 1.4226783 1.4678263 1.2325779 1.4465359 1.4620029 1.4148154 1.3493772 1.2161102 1.2125278 1.2592201 0.0000000 1.7788038 1.6129518 1.5746597 1.5527685 1.6227022 1.8237497 1.6849132 2.1355839 1.8430043 2.3249344 2.2117281 2.1203507 2.4989669 2.3712450 2.2010798 2.0821632 1.8703006 
Tadh_TriadT53648                                    1.6664515 1.6808258 1.4990986 1.5310336 1.6540098 1.5390305 1.5574770 1.6148109 1.5532779 1.2466911 1.5997746 1.5911199 1.5377598 1.9062397 1.8066655 1.5362991 1.8417589 1.6952030 1.4810220 1.5314139 1.5506735 1.4279716 1.8318873 1.8343810 1.8057601 1.7832529 1.8278517 1.3432352 1.8245369 1.5616530 1.8748402 1.8247205 1.8586511 1.9350355 1.9012031 1.8782296 1.7774188 1.7788038 0.0000000 0.0414012 0.1619102 0.2095805 0.2136232 0.2714232 0.2062299 1.9054406 2.8635902 3.3431678 2.8838605 2.9944911 2.6986591 3.2096952 2.8962519 3.0350790 2.3485366 
TrH2_TrispH2_002351-RA                              1.5156907 1.5458340 1.3739562 1.4017353 1.5114856 1.4416272 1.4474869 1.4586416 1.4936517 1.2406766 1.4746396 1.4576943 1.4853691 1.7499512 1.6439567 1.3803643 1.6025848 1.5082000 1.4658217 1.3910918 1.4175436 1.3012244 1.6388102 1.5424741 1.6419724 1.6314635 1.6431714 1.2755433 1.6925920 1.4409640 1.6561696 1.6002874 1.8755625 1.7231813 1.7354410 1.6887270 1.5469176 1.6129518 0.0414012 0.0000000 0.1572441 0.1596379 0.1611266 0.2529896 0.1891265 1.9054406 2.6594311 2.9278216 2.6006047 2.6640587 2.5189821 2.9090463 2.6716092 2.7083657 2.1721746 
HoiH06_mRNA4370                                     1.5088025 1.4798469 1.4080101 1.3610920 1.5451521 1.4864198 1.4414793 1.4847118 1.4368262 1.1796481 1.5616420 1.4943932 1.4182624 1.7568010 1.8061312 1.3768749 1.6849180 1.5204336 1.3968540 1.4035480 1.4592655 1.3180504 1.6956959 1.7021796 1.5825850 1.5720014 1.5661475 1.1595444 1.8526532 1.4683718 1.6728944 1.6603264 1.8969745 1.7632748 1.7854682 1.7223089 1.5669567 1.5746597 0.1619102 0.1572441 0.0000000 0.0348492 0.0871255 0.1171115 0.1662003 1.8387390 2.8970268 3.0749343 2.6784483 2.8894549 2.7350853 3.1429210 2.8814520 2.9020637 2.1618769 
HoiH23_PlH23_001959-RA                              1.4825554 1.4759966 1.3968185 1.3170366 1.4981064 1.4765225 1.3985235 1.4697633 1.4493535 1.1864664 1.4669591 1.4008163 1.4312184 1.7063433 1.6332152 1.3052855 1.5989448 1.4458985 1.4015653 1.3092515 1.3583902 1.2526081 1.5947319 1.6330140 1.5223138 1.5165708 1.5138587 1.1766594 1.8685269 1.4173997 1.6502344 1.6143558 1.8926839 1.6696240 1.7100135 1.6165456 1.5003751 1.5527685 0.2095805 0.1596379 0.0348492 0.0000000 0.0711417 0.1544562 0.1648497 1.7905156 2.5422677 2.9797947 2.6211786 2.7619621 2.8084263 2.9902846 2.7556054 2.8442974 2.1240782 
Hhon_g01487.t1                                      1.5265722 1.5166503 1.4067813 1.3570624 1.5032785 1.4872111 1.4744276 1.4719606 1.4359669 1.1916349 1.4891858 1.4352419 1.4441573 1.6704339 1.6918864 1.3548336 1.6413664 1.4743946 1.4939694 1.3893723 1.4060206 1.2594147 1.6410308 1.5894088 1.5193041 1.4985273 1.5150784 1.1518371 1.8375096 1.4429531 1.6862006 1.6315498 1.8636463 1.7079296 1.7540146 1.6619494 1.5689307 1.6227022 0.2136232 0.1611266 0.0871255 0.0711417 0.0000000 0.0762800 0.1500643 1.8297134 2.7177443 2.9341683 2.5971625 2.7347080 2.6068136 2.8579961 2.6678071 2.8066659 2.1987074 
HoiH04_mRNA984                                      1.7176855 1.7187320 1.6009567 1.5433344 1.7509737 1.6658025 1.6839577 1.7059960 1.4359669 1.1916349 1.7240083 1.6657184 1.4681117 1.7242185 2.0833490 1.5676361 1.9175039 1.7388533 1.6169929 1.6501734 1.6859001 1.4716680 1.8961431 1.5894088 1.7658042 1.7206992 1.7724786 1.1518371 1.8375096 1.6824220 1.8369984 1.8057580 1.9306107 1.9133874 1.9252663 1.8648572 1.7745845 1.8237497 0.2714232 0.2529896 0.1171115 0.1544562 0.0762800 0.0000000 0.1457217 1.8297134 3.4002040 3.5510737 3.0613660 3.1628304 2.6068136 3.3616357 3.0938908 3.1759800 2.4417030 
HoiH11_mRNA5022                                     1.6105207 1.5486936 1.5530763 1.4329852 1.6850270 1.6054467 1.6147142 1.5901167 1.4887396 1.2184304 1.6906104 1.6270879 1.4720891 1.7832380 2.0023422 1.4608851 1.7284860 1.6809691 1.6583104 1.5442343 1.5577666 1.4301534 1.7862062 1.5769197 1.7308626 1.6568072 1.7271567 1.2278154 1.7996891 1.5308092 1.7384182 1.7286622 2.0263372 1.8138901 1.7852134 1.7682118 1.6925362 1.6849132 0.2062299 0.1891265 0.1662003 0.1648497 0.1500643 0.1457217 0.0000000 1.9451870 3.1336793 3.2687856 2.8099068 2.9376081 2.4454161 3.3352124 2.9432158 2.9902566 2.3921133 
Gasp_gasp1.m3.25056.m1                              1.3608108 1.1984983 1.2931229 1.4786275 1.4336052 1.3014805 1.2903588 1.3079607 1.0668192 0.8717823 0.6498498 0.6031863 0.6200551 0.8810627 0.8892594 1.0433862 1.1535225 1.4522499 1.6201637 1.3800023 1.3384632 1.2220114 1.2886447 1.3592335 1.6652158 1.6167841 1.5873139 1.5566677 3.1669344 1.3750503 1.7902287 1.8013460 1.9341057 2.0293804 1.8606480 1.7465202 1.9640051 2.1355839 1.9054406 1.9054406 1.8387390 1.7905156 1.8297134 1.8297134 1.9451870 0.0000000 5.3151291 4.4692733 3.1831749 2.8459702 3.1337902 3.4309554 2.6646268 2.8537299 1.9024952 
Plajan_Pjan_scaffold18465_01                        2.1808477 2.0155645 1.8112588 1.8939542 1.9648159 1.8370907 1.8884760 2.0221608 2.1278408 1.8046578 1.8632484 1.6816948 1.9397867 2.1512161 2.1811576 1.8397821 2.1329451 2.1021830 1.5573218 1.6640970 1.6213295 1.7048337 1.7929735 2.4747018 2.0476813 2.0571059 2.1173452 4.3340073 1.2993622 1.2047278 2.4103802 2.3984607 2.3462518 2.3091306 2.1719679 2.1630838 1.9923655 1.8430043 2.8635902 2.6594311 2.8970268 2.5422677 2.7177443 3.4002040 3.1336793 5.3151291 0.0000000 3.3122536 3.3348489 3.4394646 6.2438416 3.4045538 3.3342552 3.2532364 3.0906349 
Pbac_sb2643230                                      2.6985823 2.5793590 2.6639567 2.6458914 2.6006168 2.6543815 2.5918222 2.3830488 2.5764974 2.5040338 2.5201199 2.6299542 2.5720497 2.9814134 2.7949910 2.4414342 2.8015859 2.7872753 3.2316225 2.6353670 2.6523186 2.5407895 2.4165844 2.6031067 2.6710329 2.8302704 2.8395950 2.8629812 3.2028483 2.6646638 2.7692118 2.9054955 2.6748215 2.7630498 2.5448241 2.7156806 2.3315137 2.3249344 3.3431678 2.9278216 3.0749343 2.9797947 2.9341683 3.5510737 3.2687856 4.4692733 3.3122536 0.0000000 0.0886311 0.6094606 0.7406996 0.8449576 0.6198318 0.6338089 2.9380595 
Horcal_Hcv1.av93.c7.g678.i2                         2.5345424 2.5141872 2.3261083 2.3891578 2.4442457 2.4143810 2.3978846 2.3073322 2.3546621 2.1431306 2.2652783 2.3237683 2.2499381 2.5623547 2.5297912 2.2234817 2.6244262 2.3679328 2.7764875 2.3211795 2.3211055 2.2102149 2.2349962 2.1919606 2.2751436 2.3804702 2.4150831 2.2513106 2.8818435 2.3585031 2.4481577 2.5244315 2.5368732 2.5670092 2.3172302 2.5445868 2.0703150 2.2117281 2.8838605 2.6006047 2.6784483 2.6211786 2.5971625 3.0613660 2.8099068 3.1831749 3.3348489 0.0886311 0.0000000 0.4194695 0.4981121 0.7093121 0.4973904 0.5098350 2.9293645 
Beraby_Baby_sb340247                                2.4403806 2.2479224 2.1367484 2.1353521 2.1929115 2.2816790 2.2142248 2.2825494 2.4266176 2.0879501 2.0931526 2.0917114 2.1292714 2.4228428 2.3477928 2.0737902 2.4416344 2.2810583 2.6190354 2.3107768 2.2945652 2.1970827 2.1324047 1.8713781 2.3857770 2.4064942 2.4342189 2.1436440 2.7254614 2.2754079 2.4236973 2.3442017 2.4106664 2.4004082 2.2070292 2.4022906 2.1284485 2.1203507 2.9944911 2.6640587 2.8894549 2.7619621 2.7347080 3.1628304 2.9376081 2.8459702 3.4394646 0.6094606 0.4194695 0.0000000 0.4307465 0.6030544 0.4657611 0.4849772 3.0903861 
Vmul_Simscaffold12098_01                            2.4013949 2.4271194 2.3466331 2.4564677 2.2845789 2.3460168 2.4361976 2.0622271 2.6143998 2.4979495 2.3751216 2.4435562 2.5182181 2.8626795 2.6520210 2.2741561 2.6423787 2.2857854 3.0318528 2.3170610 2.3161038 2.0538272 2.1887738 2.0086000 2.3934160 2.4413866 2.2549893 2.2628029 3.3826108 2.2763160 2.2946822 2.2273290 2.5386752 2.2449978 2.3586789 2.3471895 2.2347807 2.4989669 2.6986591 2.5189821 2.7350853 2.8084263 2.6068136 2.6068136 2.4454161 3.1337902 6.2438416 0.7406996 0.4981121 0.4307465 0.0000000 0.2459968 0.3869270 0.5004983 3.0066894 
Coemet_Cmet_scaffold16325_01                        2.7450124 2.8771944 2.5908836 2.4720435 2.6646554 2.6992986 2.5761133 2.6148997 2.7437735 2.4795466 2.3770861 2.4623471 2.5201654 2.9013571 2.6346131 2.5582145 2.8302184 2.6602931 2.7611301 2.4932752 2.4953399 2.3192221 2.3490163 2.0953919 2.4781245 2.6136280 2.6529074 2.2901204 2.7645959 2.3615735 2.5385699 2.5936181 2.6570186 2.5691256 2.5891500 2.6389048 2.2560235 2.3712450 3.2096952 2.9090463 3.1429210 2.9902846 2.8579961 3.3616357 3.3352124 3.4309554 3.4045538 0.8449576 0.7093121 0.6030544 0.2459968 0.0000000 0.5850130 0.7396421 3.2316755 
Lampan_Lpan_C419081_01                              2.4630045 2.3266573 2.2293123 2.2520238 2.2193134 2.3395589 2.4423586 2.2610056 2.3040688 2.0026073 1.9350642 2.0527661 2.0929455 2.3892099 2.1241817 2.0890479 2.4402886 2.2470779 2.8457473 2.2696156 2.3066941 2.1600538 2.2041411 1.9758470 2.3265117 2.3824338 2.4243134 2.2128328 2.7816834 2.2412272 2.5434562 2.5785149 2.3941938 2.3927605 2.3468076 2.3336980 2.0137333 2.2010798 2.8962519 2.6716092 2.8814520 2.7556054 2.6678071 3.0938908 2.9432158 2.6646268 3.3342552 0.6198318 0.4973904 0.4657611 0.3869270 0.5850130 0.0000000 0.5212005 3.0164291 
Drygla_Dgla_sb291557                                2.2911947 2.3080261 2.2788750 2.2332511 2.2099236 2.2051309 2.1908666 2.1411949 2.3257748 1.9560119 2.0652266 2.1121606 2.0834108 2.3605063 2.3810332 2.1271020 2.5653201 2.2061818 2.7477099 2.2258279 2.2691433 2.2072080 2.0865161 1.9300894 2.4856297 2.5363544 2.4187011 2.1350873 2.4437581 2.2988466 2.5023042 2.4447038 2.3814293 2.4208009 2.1827696 2.2612749 1.9769206 2.0821632 3.0350790 2.7083657 2.9020637 2.8442974 2.8066659 3.1759800 2.9902566 2.8537299 3.2532364 0.6338089 0.5098350 0.4849772 0.5004983 0.7396421 0.5212005 0.0000000 2.7699770 
Dpul_mRNA266                                        1.7796316 1.7569687 1.6546900 1.6756468 1.6527803 1.7159997 1.6267317 1.5481100 1.9604178 1.8186221 1.8391746 1.8028643 1.7641688 2.3034047 1.9083685 1.8464556 2.0984791 1.9905015 2.0929604 1.9201847 2.0072904 1.7651955 1.8306196 2.0465282 2.0725080 1.9961899 1.8896114 1.6993447 2.6589988 2.0467540 2.1415179 2.1915432 2.4686339 2.2570942 2.1865674 2.0270496 2.1897179 1.8703006 2.3485366 2.1721746 2.1618769 2.1240782 2.1987074 2.4417030 2.3921133 1.9024952 3.0906349 2.9380595 2.9293645 3.0903861 3.0066894 3.2316755 3.0164291 2.7699770 0.0000000 
