46
Hsap_ENST00000078445                    0.0000000 1.5545359 1.9908790 2.0581683 2.4028379 2.4075993 2.1398139 2.5576776 2.9707958 2.4572624 2.7801102 1.7013571 2.3901585 2.3875949 2.6485525 2.1859791 3.4819263 2.6844742 2.6349011 2.6369966 2.5819706 1.8497133 2.0425571 2.0475664 2.1249170 2.8339786 2.2102163 3.0933901 2.6756103 2.9319541 2.1054815 2.3563564 2.1254690 2.2272447 3.0881919 3.0369050 3.1164318 3.0733214 3.3723242 3.0357313 3.4003467 3.2070155 3.3971253 3.1676600 2.9308864 3.4753621 
Bralan_BLAG02001482_2                   1.5545359 0.0000000 2.0925038 1.9139814 2.4171631 2.7362317 2.6258052 2.4963217 2.9530442 2.6530311 3.7283596 2.0263786 2.5777049 2.6364862 2.6659089 2.3771559 3.1423995 2.4707505 2.6003985 2.8365396 3.0430295 1.7394380 2.2651301 2.2912563 2.5302525 3.0001133 1.6957246 2.9288238 2.9589606 2.9232276 2.3600350 2.5401083 2.1281936 2.2008943 2.9436373 2.9141450 2.8571066 2.8460746 2.8549729 2.9907878 3.1021132 2.8036585 2.9706420 2.9175042 2.8609418 2.8089890 
Spur_XM_030976714.1                     1.9908790 2.0925038 0.0000000 1.9040523 2.9790428 2.6300395 2.6412521 2.6252178 3.0188727 2.6343684 3.0003924 2.0653834 2.8055049 2.8066720 2.4800692 2.5072719 2.9878224 2.6472694 3.4917250 2.9940294 3.0297363 2.2954198 2.7373443 2.3121704 2.6965023 3.1839271 2.0445233 3.3407836 3.6167114 3.6938867 2.5019107 2.9748149 2.9173194 2.7393225 3.4025762 3.3407072 3.4437603 3.3253144 3.5742213 3.4000742 4.1838424 3.7110735 3.7215317 3.3068030 3.0029555 3.5451639 
Skow_XM_002733680.2                     2.0581683 1.9139814 1.9040523 0.0000000 3.4595429 2.9095273 3.0098010 2.7573824 3.1613474 2.8795016 3.6513212 2.4696673 3.0162640 3.0843819 2.8758229 3.3265924 4.0046260 2.5443974 3.3806829 2.5279072 3.4348071 1.9435998 2.6625912 2.5813072 2.7509675 3.5519639 2.2109216 3.4891502 3.9436312 3.4512354 2.6226118 3.1342690 2.8578399 2.9648883 3.7182777 3.6759925 3.5827490 3.4969389 3.8557967 3.8524308 4.0780424 3.9148416 3.5864300 3.8050072 3.5740951 3.6079202 
Dpul_mRNA28001                          2.4028379 2.4171631 2.9790428 3.4595429 0.0000000 2.9157337 2.6633847 3.3473070 3.8613161 2.9507380 3.2222520 2.3210629 2.8907537 2.9950943 3.1642711 2.7717442 4.1231531 2.6956756 3.3300245 3.6206925 3.0803637 2.6032655 3.2036664 3.0246420 3.2605922 4.4817430 2.6993295 4.2049667 4.1783687 3.4200028 2.6003321 3.0530434 2.9946879 3.1247693 4.1358522 3.7778797 4.2146599 3.9763183 4.1828422 4.3432196 4.5334268 4.2581623 4.0681350 4.2663948 3.9032952 3.8147111 
Exapal_XM_021049213.2                   2.4075993 2.7362317 2.6300395 2.9095273 2.9157337 0.0000000 0.8128961 1.4845367 1.6448958 1.4132175 1.8847572 1.0903612 1.3431574 1.3778132 2.3512733 2.1919617 3.7239881 2.0026663 2.8425638 2.1472887 2.8068669 3.1302047 2.6335859 2.3178700 3.3015656 3.5367475 1.7919148 3.4768576 3.4662408 3.5209465 2.1935088 3.2133128 2.4559903 2.5363599 3.1691751 3.1039778 3.2480991 3.2052756 3.4446478 3.2398224 3.6201440 3.3575627 3.5492724 3.2887707 3.3945838 3.7585153 
Nvec_v1g243817                          2.1398139 2.6258052 2.6412521 3.0098010 2.6633847 0.8128961 0.0000000 1.8761839 2.0751880 1.5846168 2.2008827 1.3082951 1.5873776 1.6420977 2.1389526 1.8382974 3.5107875 2.3161347 2.7771825 2.1707017 2.4958110 2.9318359 2.8780505 2.4845646 2.9631341 4.1516047 1.9053037 3.3518268 3.7056855 3.3166446 2.2815121 2.7640150 2.7449011 2.8987945 3.2008775 3.0500022 2.9488773 2.9533536 3.5505860 3.0232562 3.7144786 3.4146727 3.2462129 3.0068548 3.2571165 4.1061875 
Adig_XM_015895909.1                     2.5576776 2.4963217 2.6252178 2.7573824 3.3473070 1.4845367 1.8761839 0.0000000 0.0438636 0.5528026 0.6732657 0.5168168 0.6726037 0.6762025 2.0323542 1.6553363 2.7558198 2.1242745 2.7388199 2.2354095 2.6764467 3.1933978 2.6711610 2.4266228 2.7664559 3.4320595 2.0600270 3.7107133 3.4197113 3.5223870 2.6878741 2.9901184 3.0697328 2.9401295 3.5276896 3.7578398 3.3899898 3.3635666 3.6887035 3.7823470 3.8216948 3.6984917 3.3061062 3.2865993 3.4780178 3.5432978 
Amil_Amillepora16349-RA                 2.9707958 2.9530442 3.0188727 3.1613474 3.8613161 1.6448958 2.0751880 0.0438636 0.0000000 0.6141192 0.6800181 0.5939933 0.7506565 0.7540324 2.3166988 1.9423464 3.0187957 2.3553254 2.8854015 2.5842912 2.9476594 3.4957565 3.1480990 2.8778502 3.0805109 3.8975913 2.6430095 4.2097392 3.8001423 4.1508125 3.0286831 3.3296219 3.6332955 3.5897392 3.9928829 4.2591103 3.7391484 3.6947535 4.2082551 4.2235275 4.2711421 4.1840665 3.7403301 3.6979626 3.8428328 4.2642652 
Gfas_gfas1.m1.23286.m1                  2.4572624 2.6530311 2.6343684 2.8795016 2.9507380 1.4132175 1.5846168 0.5528026 0.6141192 0.0000000 0.6274474 0.3853289 0.5128134 0.5436295 1.8889591 1.5689993 3.1101604 2.3159185 2.9423585 2.3614702 2.8217690 2.8396727 2.6660832 2.5572893 2.6786966 3.7353666 2.3587243 4.2335633 3.8829564 3.5769728 2.5323319 3.0165241 3.0004371 2.9963879 3.4322712 3.4292596 3.6551904 3.5562851 3.4986648 3.8207842 4.0355677 3.7911704 3.3587036 3.2224738 3.4131290 3.8230210 
Fspp_ffun1.m4.31317.m1                  2.7801102 3.7283596 3.0003924 3.6513212 3.2222520 1.8847572 2.2008827 0.6732657 0.6800181 0.6274474 0.0000000 0.2991239 0.5900871 0.7126319 3.4278909 1.9782535 5.7993724 0.0000010 5.5557281 1.6901442 4.1967141 4.0448444 3.7599477 3.5394318 3.3233134 5.2592262 0.6806543 5.5826194 5.3525643 3.7804205 3.6886713 3.6523442 4.6218615 4.3029241 4.7628177 4.3208754 4.7322757 4.3238024 4.9993321 5.0492972 5.9816916 5.6910023 4.1024248 3.8965505 4.5272178 5.1105854 
Gasp_gasp1.m3.5144.m1                   1.7013571 2.0263786 2.0653834 2.4696673 2.3210629 1.0903612 1.3082951 0.5168168 0.5939933 0.3853289 0.2991239 0.0000000 0.3470916 0.3784622 1.8392026 1.2456078 2.7334658 1.2663595 2.2806590 1.3670969 2.2988105 2.5009191 2.2056640 1.9904298 2.1464209 3.2272097 1.4566080 3.3065424 3.0870713 2.7063855 2.3456803 2.4255838 2.6846889 2.3813604 3.1029246 3.1005249 3.1334939 2.9916198 3.1094485 3.2732416 3.4715239 3.4168457 2.8453075 2.7174381 3.0465930 2.7675412 
Spis_XP_022780383_1                     2.3901585 2.5777049 2.8055049 3.0162640 2.8907537 1.3431574 1.5873776 0.6726037 0.7506565 0.5128134 0.5900871 0.3470916 0.0000000 0.1485013 1.9830887 1.5273028 3.0070792 2.2899035 2.6557661 2.3128613 2.7292132 2.9610406 2.6315209 2.5194167 2.5172205 3.6919650 2.0453922 4.2481277 3.8093419 3.4949494 2.4119368 2.9440343 2.8305456 2.5726813 3.5561646 3.7774632 3.6484817 3.6016875 3.8588655 3.8588964 4.2070502 3.9422802 3.6470745 3.4569694 3.6173197 3.3175921 
Pocdam_XM_027198719.1                   2.3875949 2.6364862 2.8066720 3.0843819 2.9950943 1.3778132 1.6420977 0.6762025 0.7540324 0.5436295 0.7126319 0.3784622 0.1485013 0.0000000 2.0391517 1.5231602 3.1275158 2.1976685 2.5308491 2.2154744 2.6177211 3.0084379 2.6351224 2.5399438 2.5120989 3.7305869 1.9461909 4.0266758 3.8997981 3.6371110 2.4376708 2.9358426 2.7561070 2.4748926 3.1422806 3.4502287 3.3537148 3.3137372 3.4121997 3.5530414 4.0130247 3.7255229 3.3151238 3.0827563 3.3327196 3.2192643 
Dgig_XM_028551310.1                     2.6485525 2.6659089 2.4800692 2.8758229 3.1642711 2.3512733 2.1389526 2.0323542 2.3166988 1.8889591 3.4278909 1.8392026 1.9830887 2.0391517 0.0000000 0.5746414 3.0164039 2.6327877 2.9599390 2.6652280 2.7407547 2.9065903 2.7543328 2.8368541 3.3866453 4.1680810 2.0146886 4.2493920 3.9920841 4.0597624 2.8990954 2.8291109 2.7182215 2.8516447 3.0788326 2.7484668 2.8548696 2.8479234 3.0649181 3.1432794 3.6128414 3.3002088 2.9724884 2.8419421 3.2179523 3.7830399 
Xesp_003054-T1                          2.1859791 2.3771559 2.5072719 3.3265924 2.7717442 2.1919617 1.8382974 1.6553363 1.9423464 1.5689993 1.9782535 1.2456078 1.5273028 1.5231602 0.5746414 0.0000000 2.5390980 2.8861272 2.4900089 2.8320134 2.6776221 2.7132967 2.3921015 2.8607072 2.8364199 3.8644711 2.2499261 3.8554333 3.9195282 4.1829539 2.4434700 2.8782826 2.3974955 2.2670030 3.0501849 2.8056963 2.8883152 2.8841463 2.9049580 2.9219145 3.0431530 2.9733579 2.6302854 2.7617481 2.9088198 3.2627735 
Hvul_g23428_1                           3.4819263 3.1423995 2.9878224 4.0046260 4.1231531 3.7239881 3.5107875 2.7558198 3.0187957 3.1101604 5.7993724 2.7334658 3.0070792 3.1275158 3.0164039 2.5390980 0.0000000 2.0427440 2.8408046 2.1577244 2.5733240 3.9452477 3.7377387 3.7135022 3.8244970 4.9530972 2.8533152 5.0550324 4.9838135 4.0605040 3.7985918 3.8918078 3.9975928 3.6539029 4.3933309 4.6407820 4.5481610 4.3166514 4.4264462 4.2787815 5.3245320 4.2255654 4.1794538 4.0335277 3.9533708 4.2456183 
Aaur_scaffold176.g23.t1                 2.6844742 2.4707505 2.6472694 2.5443974 2.6956756 2.0026663 2.3161347 2.1242745 2.3553254 2.3159185 0.0000010 1.2663595 2.2899035 2.1976685 2.6327877 2.8861272 2.0427440 0.0000000 0.4456989 1.4757392 1.5212999 3.0844017 2.3568775 2.5360021 3.3630421 3.7036676 2.8695487 3.9692170 3.3555524 3.3932385 1.8935694 2.1822095 2.6387782 2.8181031 2.8487894 2.9228793 2.9862801 2.9862801 3.1203015 3.0714871 3.3929655 2.8550176 2.7001319 2.5733246 2.8653962 4.2819030 
Rhoesc_Res_009535-T1                    2.6349011 2.6003985 3.4917250 3.3806829 3.3300245 2.8425638 2.7771825 2.7388199 2.8854015 2.9423585 5.5557281 2.2806590 2.6557661 2.5308491 2.9599390 2.4900089 2.8408046 0.4456989 0.0000000 1.9183181 2.1093802 2.9607083 2.7430577 2.9767676 3.4236096 4.4594246 2.2249239 4.2439848 3.7561627 3.8144525 2.7473143 2.9365361 3.1978433 3.4484327 3.3042182 3.2955341 3.3088475 3.2116765 3.6610027 3.2911679 3.4744831 3.4255228 3.5252998 3.0904156 3.2793059 4.2713878 
Morvir_scaffold102.g14.t1               2.6369966 2.8365396 2.9940294 2.5279072 3.6206925 2.1472887 2.1707017 2.2354095 2.5842912 2.3614702 1.6901442 1.3670969 2.3128613 2.2154744 2.6652280 2.8320134 2.1577244 1.4757392 1.9183181 0.0000000 2.3202722 2.6954302 2.5686524 2.7015540 3.1367137 3.5196947 2.9929821 3.6318206 3.4845608 2.9591466 2.4760118 2.7179861 3.0580338 3.0978708 3.4317682 3.4031626 3.6765395 3.4422163 3.4136654 3.2322651 4.0142053 3.6482746 3.4707946 3.1581593 2.8563934 3.7161390 
Chem_TCONS_00046624                     2.5819706 3.0430295 3.0297363 3.4348071 3.0803637 2.8068669 2.4958110 2.6764467 2.9476594 2.8217690 4.1967141 2.2988105 2.7292132 2.6177211 2.7407547 2.6776221 2.5733240 1.5212999 2.1093802 2.3202722 0.0000000 3.3383213 2.8951716 2.9830701 3.7551205 3.6494306 2.2300905 4.0301226 3.4165376 3.4465400 2.9808520 3.4235049 3.4853483 3.4552124 3.3938331 3.3986011 3.5549703 3.3128669 3.6854198 3.1982321 3.7365309 3.4523745 3.4733419 3.4653123 3.4098975 4.2657299 
Ctel_gnl_WGS_AMQN_CAPTEDRAFT_mRNA221259 1.8497133 1.7394380 2.2954198 1.9435998 2.6032655 3.1302047 2.9318359 3.1933978 3.4957565 2.8396727 4.0448444 2.5009191 2.9610406 3.0084379 2.9065903 2.7132967 3.9452477 3.0844017 2.9607083 2.6954302 3.3383213 0.0000000 2.4422847 2.5435642 1.7626974 4.3162606 2.4021757 4.5145044 4.4614032 4.1208774 2.4250326 2.6404207 2.5471446 2.6147709 3.4759386 3.4103408 3.5606800 3.4425038 3.5811431 3.5645067 3.6672558 3.7756946 3.8370286 3.8728600 3.2130988 3.6456971 
Opea_EP00118_Oscarella_pearsei_P000427  2.0425571 2.2651301 2.7373443 2.6625912 3.2036664 2.6335859 2.8780505 2.6711610 3.1480990 2.6660832 3.7599477 2.2056640 2.6315209 2.6351224 2.7543328 2.3921015 3.7377387 2.3568775 2.7430577 2.5686524 2.8951716 2.4422847 0.0000000 1.5410736 2.8131446 2.8411466 2.0765424 2.7725827 2.8035401 2.8579221 2.6325733 3.0362110 2.4270219 2.3642900 3.5902896 3.5121902 3.4052826 3.2424479 3.4280863 3.5979923 4.2464204 3.7291046 3.5108826 3.1873952 2.9583175 3.2679093 
Plajan_Pjan_scaffold22883_01            2.0475664 2.2912563 2.3121704 2.5813072 3.0246420 2.3178700 2.4845646 2.4266228 2.8778502 2.5572893 3.5394318 1.9904298 2.5194167 2.5399438 2.8368541 2.8607072 3.7135022 2.5360021 2.9767676 2.7015540 2.9830701 2.5435642 1.5410736 0.0000000 2.7212559 2.8467352 1.7060250 3.0009973 2.9583800 2.8982614 2.3665230 2.5421846 1.9308794 2.0887090 3.2234465 3.1285958 3.1220653 3.0703552 3.5194888 3.1938401 3.5203156 3.1867420 3.1345495 3.0742982 3.3227007 4.2985688 
Cgig_XM_011426790.3                     2.1249170 2.5302525 2.6965023 2.7509675 3.2605922 3.3015656 2.9631341 2.7664559 3.0805109 2.6786966 3.3233134 2.1464209 2.5172205 2.5120989 3.3866453 2.8364199 3.8244970 3.3630421 3.4236096 3.1367137 3.7551205 1.7626974 2.8131446 2.7212559 0.0000000 4.1792568 2.2836726 3.8047953 4.1961450 3.6082666 2.6162182 3.0485137 2.7085495 2.9159011 3.6926070 4.0770383 3.9763939 3.7811425 3.7615311 3.6738287 4.5202309 4.2055361 3.4446134 3.2225517 3.6937420 3.5981814 
Scil_scict000556.5                      2.8339786 3.0001133 3.1839271 3.5519639 4.4817430 3.5367475 4.1516047 3.4320595 3.8975913 3.7353666 5.2592262 3.2272097 3.6919650 3.7305869 4.1680810 3.8644711 4.9530972 3.7036676 4.4594246 3.5196947 3.6494306 4.3162606 2.8411466 2.8467352 4.1792568 0.0000000 1.0485613 1.1092682 1.2110700 0.9877688 3.3184770 3.9084446 3.3609912 3.5190702 4.7013339 4.7481472 4.5283503 4.3136787 4.8241151 4.2625886 5.5496036 4.8482625 4.6845983 4.4794965 4.3812723 4.8403460 
Clacor_Ccor_scaffold14553_01            2.2102163 1.6957246 2.0445233 2.2109216 2.6993295 1.7919148 1.9053037 2.0600270 2.6430095 2.3587243 0.6806543 1.4566080 2.0453922 1.9461909 2.0146886 2.2499261 2.8533152 2.8695487 2.2249239 2.9929821 2.2300905 2.4021757 2.0765424 1.7060250 2.2836726 1.0485613 0.0000000 1.3026936 1.0753295 1.3812169 1.9982649 2.4644134 1.8991714 1.9147421 2.7848945 2.9510913 2.8490917 2.8490917 2.8974414 2.8356495 3.2545124 2.8051633 2.7906384 2.9293735 2.6037113 2.6856764 
Gracom_Gcom_scaffold11819_01            3.0933901 2.9288238 3.3407836 3.4891502 4.2049667 3.4768576 3.3518268 3.7107133 4.2097392 4.2335633 5.5826194 3.3065424 4.2481277 4.0266758 4.2493920 3.8554333 5.0550324 3.9692170 4.2439848 3.6318206 4.0301226 4.5145044 2.7725827 3.0009973 3.8047953 1.1092682 1.3026936 0.0000000 1.2877656 1.1567691 3.2576435 3.6125992 3.2280019 3.3385435 4.7055309 4.3530085 5.0261593 4.8292209 5.6025759 4.6900435 5.6216742 4.9518539 4.8473494 5.0369400 5.0848656 4.1108332 
Lcom_lcpid73964                         2.6756103 2.9589606 3.6167114 3.9436312 4.1783687 3.4662408 3.7056855 3.4197113 3.8001423 3.8829564 5.3525643 3.0870713 3.8093419 3.8997981 3.9920841 3.9195282 4.9838135 3.3555524 3.7561627 3.4845608 3.4165376 4.4614032 2.8035401 2.9583800 4.1961450 1.2110700 1.0753295 1.2877656 0.0000000 1.2041914 3.2767389 3.7502381 2.9981856 3.2763304 4.3969075 4.5145328 5.0203404 4.6152970 5.1518970 4.9897559 5.4833538 4.8472300 4.5969057 4.4522042 4.1276220 4.1284060 
Leuniv_Lniv_C812326_01                  2.9319541 2.9232276 3.6938867 3.4512354 3.4200028 3.5209465 3.3166446 3.5223870 4.1508125 3.5769728 3.7804205 2.7063855 3.4949494 3.6371110 4.0597624 4.1829539 4.0605040 3.3932385 3.8144525 2.9591466 3.4465400 4.1208774 2.8579221 2.8982614 3.6082666 0.9877688 1.3812169 1.1567691 1.2041914 0.0000000 2.4308709 2.9589953 2.5237753 2.8410762 3.8610876 3.7649060 3.5219828 3.5219828 3.8114671 3.5024161 4.5821510 3.8932831 3.6505759 3.9139796 3.4153485 4.2836398 
Aque_Aqu2.1.24970_001                   2.1054815 2.3600350 2.5019107 2.6226118 2.6003321 2.1935088 2.2815121 2.6878741 3.0286831 2.5323319 3.6886713 2.3456803 2.4119368 2.4376708 2.8990954 2.4434700 3.7985918 1.8935694 2.7473143 2.4760118 2.9808520 2.4250326 2.6325733 2.3665230 2.6162182 3.3184770 1.9982649 3.2576435 3.2767389 2.4308709 0.0000000 0.7747422 1.5587784 1.4801157 3.4521564 3.3844593 3.2194550 3.2461053 3.6609777 3.3472847 3.1629995 3.0969350 3.4846826 3.4282700 3.3211857 2.9229620 
Halamb_c50387_g1_i1m.28222              2.3563564 2.5401083 2.9748149 3.1342690 3.0530434 3.2133128 2.7640150 2.9901184 3.3296219 3.0165241 3.6523442 2.4255838 2.9440343 2.9358426 2.8291109 2.8782826 3.8918078 2.1822095 2.9365361 2.7179861 3.4235049 2.6404207 3.0362110 2.5421846 3.0485137 3.9084446 2.4644134 3.6125992 3.7502381 2.9589953 0.7747422 0.0000000 1.4600173 1.6246813 3.0937373 3.1265949 3.0687143 3.0208124 3.4705602 2.8696460 3.0798101 2.9643472 3.1536625 3.0111881 3.3001598 3.4283547 
Emue_Em0009g973a.t1                     2.1254690 2.1281936 2.9173194 2.8578399 2.9946879 2.4559903 2.7449011 3.0697328 3.6332955 3.0004371 4.6218615 2.6846889 2.8305456 2.7561070 2.7182215 2.3974955 3.9975928 2.6387782 3.1978433 3.0580338 3.4853483 2.5471446 2.4270219 1.9308794 2.7085495 3.3609912 1.8991714 3.2280019 2.9981856 2.5237753 1.5587784 1.4600173 0.0000000 0.2306302 3.1422178 2.9837839 3.2236655 3.0936724 3.2124975 3.1245751 3.6668747 3.3084454 3.1954635 3.1171454 3.0878204 3.2249518 
Spolac_c100817_g1_i2_m.23608c100817-g1  2.2272447 2.2008943 2.7393225 2.9648883 3.1247693 2.5363599 2.8987945 2.9401295 3.5897392 2.9963879 4.3029241 2.3813604 2.5726813 2.4748926 2.8516447 2.2670030 3.6539029 2.8181031 3.4484327 3.0978708 3.4552124 2.6147709 2.3642900 2.0887090 2.9159011 3.5190702 1.9147421 3.3385435 3.2763304 2.8410762 1.4801157 1.6246813 0.2306302 0.0000000 3.1849604 3.0202425 3.1817287 3.0753743 3.3956135 3.0200509 3.5235476 3.2142139 3.1306944 3.1076971 3.0575832 3.4371861 
Mlei_ML0157.g17.i1                      3.0881919 2.9436373 3.4025762 3.7182777 4.1358522 3.1691751 3.2008775 3.5276896 3.9928829 3.4322712 4.7628177 3.1029246 3.5561646 3.1422806 3.0788326 3.0501849 4.3933309 2.8487894 3.3042182 3.4317682 3.3938331 3.4759386 3.5902896 3.2234465 3.6926070 4.7013339 2.7848945 4.7055309 4.3969075 3.8610876 3.4521564 3.0937373 3.1422178 3.1849604 0.0000000 0.3381286 0.3881087 0.3611119 0.4314110 0.5019953 0.7143721 0.6405959 0.7106391 0.6925096 0.8768081 3.7400873 
Beraby_Baby_sb323416                    3.0369050 2.9141450 3.3407072 3.6759925 3.7778797 3.1039778 3.0500022 3.7578398 4.2591103 3.4292596 4.3208754 3.1005249 3.7774632 3.4502287 2.7484668 2.8056963 4.6407820 2.9228793 3.2955341 3.4031626 3.3986011 3.4103408 3.5121902 3.1285958 4.0770383 4.7481472 2.9510913 4.3530085 4.5145328 3.7649060 3.3844593 3.1265949 2.9837839 3.0202425 0.3381286 0.0000000 0.4564383 0.4249176 0.4996723 0.5595595 0.7676666 0.7012461 0.6799027 0.6734135 0.9096375 3.9255587 
Bolinf_Binf_sb1257627                   3.1164318 2.8571066 3.4437603 3.5827490 4.2146599 3.2480991 2.9488773 3.3899898 3.7391484 3.6551904 4.7322757 3.1334939 3.6484817 3.3537148 2.8548696 2.8883152 4.5481610 2.9862801 3.3088475 3.6765395 3.5549703 3.5606800 3.4052826 3.1220653 3.9763939 4.5283503 2.8490917 5.0261593 5.0203404 3.5219828 3.2194550 3.0687143 3.2236655 3.1817287 0.3881087 0.4564383 0.0000000 0.0204609 0.4500916 0.5280518 0.7229534 0.6452457 0.7190060 0.7113419 0.8881850 3.9472601 
Mertsp_Mesp_sb585551                    3.0733214 2.8460746 3.3253144 3.4969389 3.9763183 3.2052756 2.9533536 3.3635666 3.6947535 3.5562851 4.3238024 2.9916198 3.6016875 3.3137372 2.8479234 2.8841463 4.3166514 2.9862801 3.2116765 3.4422163 3.3128669 3.4425038 3.2424479 3.0703552 3.7811425 4.3136787 2.8490917 4.8292209 4.6152970 3.5219828 3.2461053 3.0208124 3.0936724 3.0753743 0.3611119 0.4249176 0.0204609 0.0000000 0.4387233 0.5262082 0.6783420 0.6061686 0.6760910 0.6751786 0.8917385 3.8909145 
Lampan_Lpan_C410179_01                  3.3723242 2.8549729 3.5742213 3.8557967 4.1828422 3.4446478 3.5505860 3.6887035 4.2082551 3.4986648 4.9993321 3.1094485 3.8588655 3.4121997 3.0649181 2.9049580 4.4264462 3.1203015 3.6610027 3.4136654 3.6854198 3.5811431 3.4280863 3.5194888 3.7615311 4.8241151 2.8974414 5.6025759 5.1518970 3.8114671 3.6609777 3.4705602 3.2124975 3.3956135 0.4314110 0.4996723 0.4500916 0.4387233 0.0000000 0.6377858 0.7828044 0.7129602 0.6264824 0.5815759 0.9060768 4.0758552 
Drygla_Dgla_sb298119                    3.0357313 2.9907878 3.4000742 3.8524308 4.3432196 3.2398224 3.0232562 3.7823470 4.2235275 3.8207842 5.0492972 3.2732416 3.8588964 3.5530414 3.1432794 2.9219145 4.2787815 3.0714871 3.2911679 3.2322651 3.1982321 3.5645067 3.5979923 3.1938401 3.6738287 4.2625886 2.8356495 4.6900435 4.9897559 3.5024161 3.3472847 2.8696460 3.1245751 3.0200509 0.5019953 0.5595595 0.5280518 0.5262082 0.6377858 0.0000000 0.6927933 0.6725644 0.7746957 0.7657269 1.0359477 4.1658221 
Pbac_sb2662657                          3.4003467 3.1021132 4.1838424 4.0780424 4.5334268 3.6201440 3.7144786 3.8216948 4.2711421 4.0355677 5.9816916 3.4715239 4.2070502 4.0130247 3.6128414 3.0431530 5.3245320 3.3929655 3.4744831 4.0142053 3.7365309 3.6672558 4.2464204 3.5203156 4.5202309 5.5496036 3.2545124 5.6216742 5.4833538 4.5821510 3.1629995 3.0798101 3.6668747 3.5235476 0.7143721 0.7676666 0.7229534 0.6783420 0.7828044 0.6927933 0.0000000 0.0858591 0.8878353 0.9236632 1.1746622 4.5427155 
Horcal_Hcv1.av93.c5.g419.i1             3.2070155 2.8036585 3.7110735 3.9148416 4.2581623 3.3575627 3.4146727 3.6984917 4.1840665 3.7911704 5.6910023 3.4168457 3.9422802 3.7255229 3.3002088 2.9733579 4.2255654 2.8550176 3.4255228 3.6482746 3.4523745 3.7756946 3.7291046 3.1867420 4.2055361 4.8482625 2.8051633 4.9518539 4.8472300 3.8932831 3.0969350 2.9643472 3.3084454 3.2142139 0.6405959 0.7012461 0.6452457 0.6061686 0.7129602 0.6725644 0.0858591 0.0000000 0.8351895 0.8944603 1.0873222 4.0763537 
Vmul_Simscaffold583_01                  3.3971253 2.9706420 3.7215317 3.5864300 4.0681350 3.5492724 3.2462129 3.3061062 3.7403301 3.3587036 4.1024248 2.8453075 3.6470745 3.3151238 2.9724884 2.6302854 4.1794538 2.7001319 3.5252998 3.4707946 3.4733419 3.8370286 3.5108826 3.1345495 3.4446134 4.6845983 2.7906384 4.8473494 4.5969057 3.6505759 3.4846826 3.1536625 3.1954635 3.1306944 0.7106391 0.6799027 0.7190060 0.6760910 0.6264824 0.7746957 0.8878353 0.8351895 0.0000000 0.2721605 1.0590031 3.7736589 
Coemet_Cmet_scaffold16356_01            3.1676600 2.9175042 3.3068030 3.8050072 4.2663948 3.2887707 3.0068548 3.2865993 3.6979626 3.2224738 3.8965505 2.7174381 3.4569694 3.0827563 2.8419421 2.7617481 4.0335277 2.5733246 3.0904156 3.1581593 3.4653123 3.8728600 3.1873952 3.0742982 3.2225517 4.4794965 2.9293735 5.0369400 4.4522042 3.9139796 3.4282700 3.0111881 3.1171454 3.1076971 0.6925096 0.6734135 0.7113419 0.6751786 0.5815759 0.7657269 0.9236632 0.8944603 0.2721605 0.0000000 1.0800152 3.5093857 
Eupdun_Edun_sb10648440                  2.9308864 2.8609418 3.0029555 3.5740951 3.9032952 3.3945838 3.2571165 3.4780178 3.8428328 3.4131290 4.5272178 3.0465930 3.6173197 3.3327196 3.2179523 2.9088198 3.9533708 2.8653962 3.2793059 2.8563934 3.4098975 3.2130988 2.9583175 3.3227007 3.6937420 4.3812723 2.6037113 5.0848656 4.1276220 3.4153485 3.3211857 3.3001598 3.0878204 3.0575832 0.8768081 0.9096375 0.8881850 0.8917385 0.9060768 1.0359477 1.1746622 1.0873222 1.0590031 1.0800152 0.0000000 4.3991193 
Tcas_TC010778_001                       3.4753621 2.8089890 3.5451639 3.6079202 3.8147111 3.7585153 4.1061875 3.5432978 4.2642652 3.8230210 5.1105854 2.7675412 3.3175921 3.2192643 3.7830399 3.2627735 4.2456183 4.2819030 4.2713878 3.7161390 4.2657299 3.6456971 3.2679093 4.2985688 3.5981814 4.8403460 2.6856764 4.1108332 4.1284060 4.2836398 2.9229620 3.4283547 3.2249518 3.4371861 3.7400873 3.9255587 3.9472601 3.8909145 4.0758552 4.1658221 4.5427155 4.0763537 3.7736589 3.5093857 4.3991193 0.0000000 
