54
Hsap_ENST00000219599                               0.0000000 0.9471718 0.9628000 1.0252697 1.3495180 1.0829209 1.1682331 1.2986658 1.1964425 0.9033818 1.1378117 1.1274199 1.3446705 0.9586475 0.9633768 1.0695399 1.3788411 1.3708070 1.3107094 1.0769943 1.2229595 1.2137812 1.3224671 1.3769227 1.5132454 1.5418388 1.6432889 1.6337124 1.3493270 1.5389422 1.4548606 1.4631412 1.4366714 1.6233141 1.9323999 1.2821760 1.3161951 1.2800575 1.2834899 1.5090310 1.1726408 1.4393066 1.8298374 2.1024657 1.5015920 1.8915390 1.8817891 1.8616133 1.9746059 1.9470075 2.4313213 2.2075186 2.0954734 2.1148790 
Skow_XM_002737808.2                                0.9471718 0.0000000 0.8336035 0.8783475 1.0047171 0.8817072 1.0027186 1.1187388 1.0673863 0.8199417 1.0367753 1.0736134 1.2142836 0.8915832 0.8371529 0.9230296 1.3194927 1.3354041 1.3902449 1.1448770 1.3025284 1.2945796 1.2926199 1.4079718 1.3036878 1.4728358 1.4928322 1.4849040 1.2436861 1.3408693 1.3325936 1.3157839 1.2787381 1.3215055 1.3988491 1.2375434 1.3983260 1.4357471 1.3894039 1.6151247 1.2446455 1.2178947 1.8999818 2.0841149 1.2957983 1.9397515 1.9669093 1.8865834 2.0609131 2.1264661 2.2879535 2.0839382 2.3553861 1.7571940 
Ctel_gnl_WGS_AMQN_CAPTEDRAFT_mRNA182856            0.9628000 0.8336035 0.0000000 1.1147973 1.2876685 1.0075670 1.1986624 1.3288507 1.1972989 0.9851607 1.1608094 1.1710095 1.3016881 0.9856348 0.9345875 0.9625458 1.3634282 1.3463488 1.3500516 1.0274645 1.2724319 1.5095178 1.3212052 1.4991939 1.3903760 1.4822799 1.4975166 1.4897109 1.3198202 1.4599239 1.4976619 1.4960374 1.4029662 1.5443580 1.8642043 1.4025351 1.4171607 1.4287143 1.4027610 1.5494180 1.5389354 1.4647376 1.6339061 1.9783240 1.2700083 1.9784094 2.0217216 1.9384173 2.0529775 1.9956805 2.2657852 1.8926891 2.2942271 2.0018381 
Opea_EP00118_Oscarella_pearsei_P013292             1.0252697 0.8783475 1.1147973 0.0000000 1.0816565 0.9166503 1.0028028 1.0895832 0.9616081 0.8071111 0.9001134 0.9041987 1.0535723 1.0037806 1.1237095 1.0105246 1.1744781 1.2813285 1.2121245 1.0475153 1.0798066 0.9741574 1.1329707 1.2332359 1.3002705 1.3487311 1.1384460 1.1534418 1.0085167 1.1358225 1.0879864 1.0863985 1.0395913 1.3505349 1.5488222 1.0241169 1.2065617 1.2712424 1.3066883 1.2379645 1.5648310 1.4675448 1.5991767 1.8526186 1.1414904 1.8644917 1.8109292 1.8203606 2.0211127 2.0923869 2.3117089 2.0988416 2.3160818 2.0288837 
Exapal_XM_021052898.2                              1.3495180 1.0047171 1.2876685 1.0816565 0.0000000 0.6188614 0.7140490 0.7974580 0.7338954 0.5344302 0.7546477 0.7287220 0.7879265 1.1889716 1.0769818 1.3085223 1.5231691 1.4385750 1.5167525 1.3431171 1.4323918 1.3573883 1.2435976 1.2422576 1.2940506 1.2064322 1.4068182 1.4267692 1.2185455 1.3700246 1.3401208 1.3503468 1.2401114 1.4188095 1.4857442 1.4328794 1.6273159 1.5416772 1.5475230 1.5537781 1.4892280 1.4002858 1.9547969 1.9858831 1.3062386 2.0609555 1.9191538 1.8920956 2.0728709 2.2010216 2.0396545 2.0798633 2.2339216 1.7405012 
Nvec_v1g194939                                     1.0829209 0.8817072 1.0075670 0.9166503 0.6188614 0.0000000 0.6440059 0.6999530 0.6697887 0.4008168 0.6640229 0.6155203 0.7161452 1.1102741 1.0596277 1.0248346 1.2647513 1.1455566 1.2530926 1.1805891 1.1091132 1.1781825 1.0819306 1.1583419 1.1569675 1.2259717 1.2195833 1.2104014 1.1037976 1.2366278 1.1488652 1.1488811 1.0864853 1.1599931 1.2662432 1.3234681 1.4642957 1.3866571 1.2450132 1.2298175 1.3213108 1.4173823 1.5967047 1.5997101 1.0715839 1.8169371 1.8055669 1.6522087 1.8236867 1.9469399 2.0381657 2.0400137 2.1601705 1.9022589 
Adig_XM_015912955.1                                1.1682331 1.0027186 1.1986624 1.0028028 0.7140490 0.6440059 0.0000000 0.0038051 0.2633838 0.2074115 0.3714406 0.3444203 0.4280316 1.0795578 1.1525581 1.0439883 1.3378142 1.3617054 1.4136916 1.1667127 1.3404782 1.3011885 1.1076990 1.2002140 1.2205777 1.4270464 1.3629413 1.3789280 1.1133943 1.2298599 1.2537770 1.2635814 1.2474155 1.1631173 1.2596553 1.4951290 1.6347502 1.4002758 1.4381155 1.2139173 1.6179590 1.5624945 1.6458830 1.6286999 1.1830754 2.2898760 2.1445120 1.9424744 2.1126931 2.1716718 2.4019590 2.3061563 2.3802417 2.1001585 
Amil_Amillepora14462-RA                            1.2986658 1.1187388 1.3288507 1.0895832 0.7974580 0.6999530 0.0038051 0.0000000 0.2980646 0.2375260 0.4039412 0.3781559 0.4899429 1.1713764 1.2648604 1.1766159 1.4458540 1.4563344 1.5695681 1.1914098 1.4139047 1.3915282 1.1731407 1.2823708 1.2331071 1.4459752 1.4936995 1.5125931 1.2057674 1.3146921 1.3762498 1.3884736 1.3664042 1.3166616 1.4082678 1.7113268 1.8173960 1.4974539 1.5936442 1.3926461 1.7676746 1.7347543 1.9124316 1.8385255 1.3073885 2.4563564 2.2867917 2.1500093 2.3375484 2.3437912 2.5908950 2.3951336 2.5180556 2.2876398 
Gfas_gfas1.m1.19820.m1                             1.1964425 1.0673863 1.1972989 0.9616081 0.7338954 0.6697887 0.2633838 0.2980646 0.0000000 0.2049090 0.2362015 0.2250172 0.3218735 1.0893155 1.2747387 1.1445037 1.3871283 1.3696462 1.3961871 1.1621208 1.3123469 1.1844426 1.0496086 1.1980521 1.1431419 1.4628913 1.3585392 1.3804912 1.1650722 1.2577218 1.2762875 1.2860443 1.2697739 1.1524500 1.3788998 1.4247480 1.6530507 1.4584590 1.3117632 1.1217052 1.7012310 1.5509921 1.7051103 1.6283715 1.0714277 2.3440491 2.2667676 1.8040315 1.9465096 2.0957307 2.4540849 2.2682011 2.4409239 2.0192705 
Gasp_gasp1.m3.29702.m1                             0.9033818 0.8199417 0.9851607 0.8071111 0.5344302 0.4008168 0.2074115 0.2375260 0.2049090 0.0000000 0.2207497 0.2140252 0.2786231 0.8602836 1.0704777 0.8809842 1.2022201 1.1201643 1.1009243 1.1178816 1.0329801 0.8529612 0.8975068 1.0191726 1.0012038 1.1200910 1.1569037 1.1418044 1.0659547 0.9911159 1.0236741 1.0319176 0.9510627 0.9068701 1.2227473 1.2746225 1.4100973 1.1692496 1.0714897 0.9869488 1.4995670 1.3643226 1.4775815 1.4027035 0.8535532 1.7199169 1.6973683 1.5418394 1.5418394 1.5859783 1.8401097 1.8188408 2.1355072 1.8816505 
Spis_XP_022802868_1                                1.1378117 1.0367753 1.1608094 0.9001134 0.7546477 0.6640229 0.3714406 0.4039412 0.2362015 0.2207497 0.0000000 0.0963683 0.2644597 1.1355982 1.2351110 1.1245015 1.4736199 1.4153820 1.3698233 1.0980294 1.2819354 1.1796963 0.9798422 1.1702852 1.0650166 1.2921238 1.3581012 1.3884602 1.2679286 1.3638466 1.3455629 1.3557386 1.2901868 1.2114985 1.4245940 1.4420940 1.5196774 1.4098850 1.3220012 1.1972711 1.6396413 1.5548466 1.6432164 1.7061136 1.0751891 2.0756129 2.0460930 1.6492929 1.7891362 1.9119293 2.2936186 2.2214239 2.3136516 2.1528775 
Pocdam_XM_027195484.1                              1.1274199 1.0736134 1.1710095 0.9041987 0.7287220 0.6155203 0.3444203 0.3781559 0.2250172 0.2140252 0.0963683 0.0000000 0.3216041 1.1451408 1.2362301 1.1338076 1.4778221 1.4523280 1.3982313 1.1451106 1.2961603 1.1698142 1.0660849 1.2138327 1.1339097 1.3361639 1.4054719 1.4396935 1.2725012 1.3793925 1.3571288 1.3673526 1.3298742 1.2357214 1.4862759 1.4723149 1.6387560 1.4764866 1.2980461 1.1711372 1.6110245 1.5609161 1.6305471 1.7486356 1.1229216 2.2220514 2.1400110 1.7318289 1.9025658 2.0029696 2.3586041 2.3036960 2.3358705 2.1492614 
Fspp_ffun1.m4.20171.m1                             1.3446705 1.2142836 1.3016881 1.0535723 0.7879265 0.7161452 0.4280316 0.4899429 0.3218735 0.2786231 0.2644597 0.3216041 0.0000000 1.2269656 1.2587432 1.4310311 1.6381881 1.5381615 1.3674770 1.2552793 1.4891200 1.3384707 1.0422147 1.2148122 1.2091745 1.4268053 1.2932352 1.2793947 1.2483030 1.2007734 1.1989870 1.2163061 1.2024826 1.1974929 1.5306076 1.2662494 1.7631373 1.4504925 1.3167374 1.1352290 1.7434420 1.6662536 1.6974994 1.9279221 0.9664414 2.2153694 2.2460872 2.0459650 2.0459650 2.1490217 2.5399512 2.5455962 2.5878185 1.9167850 
Cgig_XM_011456396.3                                0.9586475 0.8915832 0.9856348 1.0037806 1.1889716 1.1102741 1.0795578 1.1713764 1.0893155 0.8602836 1.1355982 1.1451408 1.2269656 0.0000000 0.7714613 0.9113458 1.5313952 1.4910101 1.3572048 1.3300336 1.2209383 1.0988293 1.1006912 1.3995977 1.2810726 1.5235504 1.2942935 1.2829479 1.1903834 1.2516231 1.3598515 1.3569458 1.2550238 1.3941203 1.5644682 1.2413707 1.4515050 1.5452759 1.5068896 1.3755886 1.1518784 1.5369607 1.7135953 1.9200776 1.0256030 1.8961017 1.8587363 1.8909483 1.9472501 2.0077578 1.8497722 1.9627201 2.2229194 2.0977149 
Acagra_model.g25506.t1                             0.9633768 0.8371529 0.9345875 1.1237095 1.0769818 1.0596277 1.1525581 1.2648604 1.2747387 1.0704777 1.2351110 1.2362301 1.2587432 0.7714613 0.0000000 0.9743452 1.5467187 1.3499442 1.5248639 1.3134412 1.4106759 1.3921442 1.4202473 1.5088214 1.4880586 1.6398964 1.5457958 1.5447262 1.3581835 1.4621956 1.3884457 1.3986425 1.3613416 1.5254022 1.9141861 1.4014949 1.4971238 1.5750058 1.6026989 1.4491159 1.3630588 1.4582621 2.0550838 2.2854250 1.4117502 2.1288451 2.0533825 2.0873717 2.1739082 2.3222488 2.3611945 2.3112612 2.5059815 1.7771048 
Bralan_BLAG05000608_1                              1.0695399 0.9230296 0.9625458 1.0105246 1.3085223 1.0248346 1.0439883 1.1766159 1.1445037 0.8809842 1.1245015 1.1338076 1.4310311 0.9113458 0.9743452 0.0000000 1.4826744 1.5084234 1.4525109 1.2042892 1.3674558 1.5214129 1.4019362 1.4526893 1.4769699 1.6728898 1.5811678 1.6092454 1.4684395 1.6585042 1.5924851 1.5684860 1.4954279 1.4062488 1.6000062 1.5621215 1.5491681 1.5059100 1.4479237 1.6893776 1.5519764 1.2340364 1.8061328 1.7601017 1.5475604 2.3036268 2.1429808 1.9858235 2.1512552 2.0445253 2.3679840 1.9923770 2.4600007 2.2936057 
Aque_Aqu2.1.38561_001                              1.3788411 1.3194927 1.3634282 1.1744781 1.5231691 1.2647513 1.3378142 1.4458540 1.3871283 1.2022201 1.4736199 1.4778221 1.6381881 1.5313952 1.5467187 1.4826744 0.0000000 0.6051692 0.5810341 0.9921916 0.9765811 1.2280742 1.3435330 1.5574700 1.4662618 2.0169203 1.8115865 1.8323997 1.7264262 1.8129596 1.7575278 1.7545059 1.6940800 1.6671005 1.4964806 1.5134513 1.7299328 1.6069950 1.7083732 1.2265870 1.8713218 1.9772420 1.8582724 2.1223488 1.5661439 2.5485778 2.5035137 2.2722822 2.4149708 2.9456026 2.8032446 2.6720880 2.8778652 2.5500011 
Xestes_maker-XT_scaffold6553-snap-gene-0.13-mRNA-1 1.3708070 1.3354041 1.3463488 1.2813285 1.4385750 1.1455566 1.3617054 1.4563344 1.3696462 1.1201643 1.4153820 1.4523280 1.5381615 1.4910101 1.3499442 1.5084234 0.6051692 0.0000000 0.5201390 0.8804920 1.0426471 1.2042596 1.2810828 1.5303383 1.5543444 1.7451992 1.5817661 1.5785798 1.5276049 1.6649883 1.5574964 1.5542748 1.4217702 1.5522993 1.5423932 1.5939921 1.7968461 1.7028445 1.6643934 1.1546758 1.8913754 2.0239421 2.0207633 2.1366813 1.5469175 2.2738687 2.2325906 2.2355575 2.4238133 2.4391180 2.4309908 2.6583328 2.7058980 2.3756055 
Halamb_c40510_g1_i1mm.816                          1.3107094 1.3902449 1.3500516 1.2121245 1.5167525 1.2530926 1.4136916 1.5695681 1.3961871 1.1009243 1.3698233 1.3982313 1.3674770 1.3572048 1.5248639 1.4525109 0.5810341 0.5201390 0.0000000 0.9729421 1.0018318 1.2451261 1.3046874 1.4717208 1.5566648 1.7649142 1.6968746 1.6800392 1.6042146 1.6682565 1.6534982 1.6335827 1.5192839 1.6184384 1.5155631 1.3940667 1.6710293 1.7190903 1.7340090 1.0222261 1.8338254 2.1756267 2.0028078 2.1933428 1.5605185 2.5160960 2.4821102 2.1374130 2.3770491 2.5791306 2.9306787 3.0465841 2.9701367 2.7679225 
Tetwil_g18763.t1                                   1.0769943 1.1448770 1.0274645 1.0475153 1.3431171 1.1805891 1.1667127 1.1914098 1.1621208 1.1178816 1.0980294 1.1451106 1.2552793 1.3300336 1.3134412 1.2042892 0.9921916 0.8804920 0.9729421 0.0000000 0.8761711 1.1883403 1.2201773 1.4575041 1.3668694 1.3757451 1.4356069 1.4747891 1.2995532 1.4744886 1.5359912 1.5327046 1.4396208 1.3427138 1.3969813 1.3691139 1.3807517 1.3862447 1.2710656 0.7184470 1.7439725 1.6241263 1.7815867 2.1866526 1.4077401 2.2511898 2.1141612 1.8765891 2.0448827 2.2983275 2.4684579 2.3049539 2.4738043 2.2430115 
Spolac_c99110_g2_i1_m.18827c99110-g2               1.2229595 1.3025284 1.2724319 1.0798066 1.4323918 1.1091132 1.3404782 1.4139047 1.3123469 1.0329801 1.2819354 1.2961603 1.4891200 1.2209383 1.4106759 1.3674558 0.9765811 1.0426471 1.0018318 0.8761711 0.0000000 0.9198900 1.3565484 1.4290404 1.3582290 1.5181486 1.5977297 1.6431175 1.4153257 1.5027941 1.6274899 1.6078333 1.5516738 1.5364836 1.5944335 1.4898988 1.4572423 1.4212717 1.5678250 0.8545623 1.9517302 1.8715867 1.7551798 2.1854449 1.4093713 2.3885998 2.3683108 2.0348901 2.1898319 2.2055928 2.2398863 2.2872003 2.7062296 2.3637208 
Plespi_Pspi_C600454_01                             1.2137812 1.2945796 1.5095178 0.9741574 1.3573883 1.1781825 1.3011885 1.3915282 1.1844426 0.8529612 1.1796963 1.1698142 1.3384707 1.0988293 1.3921442 1.5214129 1.2280742 1.2042596 1.2451261 1.1883403 0.9198900 0.0000000 1.1708314 1.4559749 1.3825948 1.7951963 1.5560120 1.5942560 1.5584366 1.5569386 1.4519988 1.4532209 1.4539911 1.7265410 1.7893818 1.7034762 1.6772158 1.6946933 1.5616295 1.3358372 1.7532361 1.9531654 2.1270547 2.1482723 1.5953460 2.3828447 2.3396732 2.1549703 2.3408435 2.3184782 2.5674872 2.5207710 2.6745665 2.4868013 
Aaur_scaffold367.g6.t1                             1.3224671 1.2926199 1.3212052 1.1329707 1.2435976 1.0819306 1.1076990 1.1731407 1.0496086 0.8975068 0.9798422 1.0660849 1.0422147 1.1006912 1.4202473 1.4019362 1.3435330 1.2810828 1.3046874 1.2201773 1.3565484 1.1708314 0.0000000 0.5553584 0.4426985 1.0273733 1.5068756 1.5226710 1.3582558 1.4488946 1.4392906 1.4402719 1.3901332 1.6523980 1.5214587 1.4598003 1.4508471 1.4497798 1.5528725 1.2810659 1.9131106 1.7414644 1.3900439 1.4415656 0.5077457 2.1336073 2.1419393 2.0461619 2.2359745 2.0680298 2.4376850 2.4285249 2.8734807 2.4268360 
Nemnom_g14202.t1                                   1.3769227 1.4079718 1.4991939 1.2332359 1.2422576 1.1583419 1.2002140 1.2823708 1.1980521 1.0191726 1.1702852 1.2138327 1.2148122 1.3995977 1.5088214 1.4526893 1.5574700 1.5303383 1.4717208 1.4575041 1.4290404 1.4559749 0.5553584 0.0000000 0.3446387 1.3414097 1.6212246 1.6072029 1.4875663 1.5150439 1.5700370 1.5639802 1.5649782 1.7408082 1.8256181 1.4824651 1.6135201 1.6574124 1.7586330 1.4726601 2.0048133 1.6187643 1.6413288 1.6989244 0.7280621 2.2841824 2.2646041 2.1618821 2.3480126 2.2324197 2.3785454 2.6275398 2.8546859 2.3152785 
Rhoesc_Res_014284-T1                               1.5132454 1.3036878 1.3903760 1.3002705 1.2940506 1.1569675 1.2205777 1.2331071 1.1431419 1.0012038 1.0650166 1.1339097 1.2091745 1.2810726 1.4880586 1.4769699 1.4662618 1.5543444 1.5566648 1.3668694 1.3582290 1.3825948 0.4426985 0.3446387 0.0000000 1.1177023 1.5221828 1.5444875 1.4383420 1.4509397 1.4392407 1.4330955 1.4069903 1.7506133 1.7242886 1.6020756 1.6336659 1.6125827 1.8137242 1.4688915 2.1361038 1.7754890 1.5911585 1.4333492 0.6228415 2.3527904 2.3197821 2.3312922 2.5381675 2.3988792 2.4948035 2.6078163 2.8894847 2.3780990 
Morvir_scaffold84.g66.t1                           1.5418388 1.4728358 1.4822799 1.3487311 1.2064322 1.2259717 1.4270464 1.4459752 1.4628913 1.1200910 1.2921238 1.3361639 1.4268053 1.5235504 1.6398964 1.6728898 2.0169203 1.7451992 1.7649142 1.3757451 1.5181486 1.7951963 1.0273733 1.3414097 1.1177023 0.0000000 1.5867380 1.5748420 1.5533751 1.6000020 1.5952236 1.5964919 1.5310652 1.7212528 2.0494999 1.6603425 1.7123581 1.7860205 1.7627312 1.6994073 1.9311693 1.7796428 1.5605330 1.8591760 1.2507180 2.0935935 2.0729518 2.2677224 2.3436087 2.1660994 2.4409173 2.3086361 2.4879813 2.3597896 
Tadh_TriadT22495                                   1.6432889 1.4928322 1.4975166 1.1384460 1.4068182 1.2195833 1.3629413 1.4936995 1.3585392 1.1569037 1.3581012 1.4054719 1.2932352 1.2942935 1.5457958 1.5811678 1.8115865 1.5817661 1.6968746 1.4356069 1.5977297 1.5560120 1.5068756 1.6212246 1.5221828 1.5867380 0.0000000 0.0031341 0.2771143 0.2828331 0.3214759 0.3133730 0.2297549 1.5117860 1.5391721 1.4989034 1.5290096 1.5317230 1.4923073 1.6235531 1.8502474 1.7883076 1.8307585 1.8110646 1.3490459 2.1603898 2.1027382 1.9441297 2.0830996 2.0933670 2.1031665 2.3965070 2.4627158 1.8772010 
TrH2_TrispH2_010367-RA                             1.6337124 1.4849040 1.4897109 1.1534418 1.4267692 1.2104014 1.3789280 1.5125931 1.3804912 1.1418044 1.3884602 1.4396935 1.2793947 1.2829479 1.5447262 1.6092454 1.8323997 1.5785798 1.6800392 1.4747891 1.6431175 1.5942560 1.5226710 1.6072029 1.5444875 1.5748420 0.0031341 0.0000000 0.2758962 0.2817432 0.3195256 0.3114603 0.2249926 1.5360721 1.5150744 1.5127286 1.5548108 1.5430096 1.5177236 1.6612733 1.8724432 1.8323795 1.8179532 1.8593483 1.4103719 2.2129625 2.0872762 1.9286865 2.0967391 2.1156243 2.1155438 2.3776876 2.4438059 1.8749585 
HoiH06_mRNA5593                                    1.3493270 1.2436861 1.3198202 1.0085167 1.2185455 1.1037976 1.1133943 1.2057674 1.1650722 1.0659547 1.2679286 1.2725012 1.2483030 1.1903834 1.3581835 1.4684395 1.7264262 1.5276049 1.6042146 1.2995532 1.4153257 1.5584366 1.3582558 1.4875663 1.4383420 1.5533751 0.2771143 0.2758962 0.0000000 0.0369909 0.1619565 0.1602812 0.2025247 1.3239712 1.5331405 1.3212571 1.4297122 1.3664045 1.4380058 1.5036851 1.7665768 1.5918701 1.7577422 1.7654420 1.2334746 1.9168166 1.9498741 2.0747899 2.0747899 1.9920518 2.0904640 2.2192356 2.2646523 1.8348792 
HoiH23_PlH23_009884-RA                             1.5389422 1.3408693 1.4599239 1.1358225 1.3700246 1.2366278 1.2298599 1.3146921 1.2577218 0.9911159 1.3638466 1.3793925 1.2007734 1.2516231 1.4621956 1.6585042 1.8129596 1.6649883 1.6682565 1.4744886 1.5027941 1.5569386 1.4488946 1.5150439 1.4509397 1.6000020 0.2828331 0.2817432 0.0369909 0.0000000 0.1722646 0.1675098 0.2269286 1.4495414 1.6320362 1.5084105 1.4463076 1.4415744 1.5188178 1.6919314 1.8803636 1.7238877 1.7919852 1.8616247 1.3729732 2.1246683 2.1070070 2.0033803 2.1882047 2.2020501 2.2358781 2.3015607 2.3870831 1.9320022 
Hhon_g00584.t1                                     1.4548606 1.3325936 1.4976619 1.0879864 1.3401208 1.1488652 1.2537770 1.3762498 1.2762875 1.0236741 1.3455629 1.3571288 1.1989870 1.3598515 1.3884457 1.5924851 1.7575278 1.5574964 1.6534982 1.5359912 1.6274899 1.4519988 1.4392906 1.5700370 1.4392407 1.5952236 0.3214759 0.3195256 0.1619565 0.1722646 0.0000000 0.0095083 0.2037143 1.5581158 1.7121176 1.3977404 1.5704538 1.4351126 1.5262238 1.6714782 1.8205755 1.6502200 1.8819375 1.8621730 1.4651703 2.0996198 2.1156830 2.0081167 2.1717469 2.2486061 2.3147049 2.3466034 2.2841943 1.9461807 
HoiH04_mRNA5145                                    1.4631412 1.3157839 1.4960374 1.0863985 1.3503468 1.1488811 1.2635814 1.3884736 1.2860443 1.0319176 1.3557386 1.3673526 1.2163061 1.3569458 1.3986425 1.5684860 1.7545059 1.5542748 1.6335827 1.5327046 1.6078333 1.4532209 1.4402719 1.5639802 1.4330955 1.5964919 0.3133730 0.3114603 0.1602812 0.1675098 0.0095083 0.0000000 0.1995642 1.5405963 1.6949975 1.3880772 1.5582025 1.4268901 1.5146680 1.6587021 1.7885847 1.6258742 1.8803012 1.8619929 1.4453499 2.0935169 2.1094489 2.0008164 2.1649434 2.2446803 2.3226095 2.3224148 2.2851257 1.9224035 
HoiH11_mRNA9295                                    1.4366714 1.2787381 1.4029662 1.0395913 1.2401114 1.0864853 1.2474155 1.3664042 1.2697739 0.9510627 1.2901868 1.3298742 1.2024826 1.2550238 1.3613416 1.4954279 1.6940800 1.4217702 1.5192839 1.4396208 1.5516738 1.4539911 1.3901332 1.5649782 1.4069903 1.5310652 0.2297549 0.2249926 0.2025247 0.2269286 0.2037143 0.1995642 0.0000000 1.3607072 1.4963034 1.3769709 1.4980930 1.4238345 1.4374985 1.6273990 1.7548539 1.7890215 1.9768360 1.7878700 1.3128433 2.0112716 2.0035679 1.9363404 2.0626867 2.1468000 2.0283890 2.2549253 2.2755411 1.7849213 
Dgig_XM_028539542.1                                1.6233141 1.3215055 1.5443580 1.3505349 1.4188095 1.1599931 1.1631173 1.3166616 1.1524500 0.9068701 1.2114985 1.2357214 1.1974929 1.3941203 1.5254022 1.4062488 1.6671005 1.5522993 1.6184384 1.3427138 1.5364836 1.7265410 1.6523980 1.7408082 1.7506133 1.7212528 1.5117860 1.5360721 1.3239712 1.4495414 1.5581158 1.5405963 1.3607072 0.0000000 0.4390768 1.6943262 1.7291467 1.6231248 1.6185537 1.4814469 2.0029650 1.7151808 1.8879760 1.8976750 1.5403975 2.6117546 2.4739001 2.4441808 2.5515021 2.4308125 2.5635853 2.5989158 2.6525783 2.2044578 
Xesp_009768-T1                                     1.9323999 1.3988491 1.8642043 1.5488222 1.4857442 1.2662432 1.2596553 1.4082678 1.3788998 1.2227473 1.4245940 1.4862759 1.5306076 1.5644682 1.9141861 1.6000062 1.4964806 1.5423932 1.5155631 1.3969813 1.5944335 1.7893818 1.5214587 1.8256181 1.7242886 2.0494999 1.5391721 1.5150744 1.5331405 1.6320362 1.7121176 1.6949975 1.4963034 0.4390768 0.0000000 1.5700455 1.8809840 1.8253223 1.6930588 1.5088687 2.0737068 1.7280572 1.8820178 1.8521883 1.4384601 2.4622378 2.4390108 2.4169876 2.4317913 2.3367302 2.4529855 2.5385204 2.5788894 2.2549336 
Scil_scict020796.2                                 1.2821760 1.2375434 1.4025351 1.0241169 1.4328794 1.3234681 1.4951290 1.7113268 1.4247480 1.2746225 1.4420940 1.4723149 1.2662494 1.2413707 1.4014949 1.5621215 1.5134513 1.5939921 1.3940667 1.3691139 1.4898988 1.7034762 1.4598003 1.4824651 1.6020756 1.6603425 1.4989034 1.5127286 1.3212571 1.5084105 1.3977404 1.3880772 1.3769709 1.6943262 1.5700455 0.0000000 0.4486737 0.4808882 0.6517779 1.5930921 1.9481869 1.8763510 2.0566731 2.4522762 1.4521407 2.1383450 2.0891938 1.9328404 2.1114413 2.0666090 2.3013822 2.5869227 2.6221932 2.4968818 
Gracom_Gcom_C551160_01                             1.3161951 1.3983260 1.4171607 1.2065617 1.6273159 1.4642957 1.6347502 1.8173960 1.6530507 1.4100973 1.5196774 1.6387560 1.7631373 1.4515050 1.4971238 1.5491681 1.7299328 1.7968461 1.6710293 1.3807517 1.4572423 1.6772158 1.4508471 1.6135201 1.6336659 1.7123581 1.5290096 1.5548108 1.4297122 1.4463076 1.5704538 1.5582025 1.4980930 1.7291467 1.8809840 0.4486737 0.0000000 0.4357452 0.6604180 1.5872424 1.9400824 1.9478553 2.0764894 2.3163799 1.6823245 2.2565695 2.2569574 2.0204433 2.2024152 2.2521024 2.4879777 2.4739377 2.5366604 2.6389790 
Leuniv_Lniv_scaffold18301_01                       1.2800575 1.4357471 1.4287143 1.2712424 1.5416772 1.3866571 1.4002758 1.4974539 1.4584590 1.1692496 1.4098850 1.4764866 1.4504925 1.5452759 1.5750058 1.5059100 1.6069950 1.7028445 1.7190903 1.3862447 1.4212717 1.6946933 1.4497798 1.6574124 1.6125827 1.7860205 1.5317230 1.5430096 1.3664045 1.4415744 1.4351126 1.4268901 1.4238345 1.6231248 1.8253223 0.4808882 0.4357452 0.0000000 0.5019782 1.6720403 2.0711139 1.9305249 2.0697730 2.2929832 1.5596152 2.3418208 2.2227507 1.9732942 2.1274906 2.1141620 2.3228649 2.2723881 2.4206532 2.6356482 
Lcom_lcpid101912                                   1.2834899 1.3894039 1.4027610 1.3066883 1.5475230 1.2450132 1.4381155 1.5936442 1.3117632 1.0714897 1.3220012 1.2980461 1.3167374 1.5068896 1.6026989 1.4479237 1.7083732 1.6643934 1.7340090 1.2710656 1.5678250 1.5616295 1.5528725 1.7586330 1.8137242 1.7627312 1.4923073 1.5177236 1.4380058 1.5188178 1.5262238 1.5146680 1.4374985 1.6185537 1.6930588 0.6517779 0.6604180 0.5019782 0.0000000 1.6499221 2.1073638 1.7559668 1.9708529 2.4554122 1.7640243 2.2600903 2.1877908 1.8525725 1.9427880 2.2816785 2.2463896 2.3189129 2.8148415 2.5678186 
Stycar_maker-SC_scaffold33687-snap-gene-0.4-mRNA-1 1.5090310 1.6151247 1.5494180 1.2379645 1.5537781 1.2298175 1.2139173 1.3926461 1.1217052 0.9869488 1.1972711 1.1711372 1.1352290 1.3755886 1.4491159 1.6893776 1.2265870 1.1546758 1.0222261 0.7184470 0.8545623 1.3358372 1.2810659 1.4726601 1.4688915 1.6994073 1.6235531 1.6612733 1.5036851 1.6919314 1.6714782 1.6587021 1.6273990 1.4814469 1.5088687 1.5930921 1.5872424 1.6720403 1.6499221 0.0000000 2.3293511 2.0679620 1.6859673 2.0695152 1.3779726 2.4159085 2.5266262 1.8729168 2.1216714 2.2440034 2.6256431 2.6872443 2.8772483 2.1157886 
Dpul_mRNA3742                                      1.1726408 1.2446455 1.5389354 1.5648310 1.4892280 1.3213108 1.6179590 1.7676746 1.7012310 1.4995670 1.6396413 1.6110245 1.7434420 1.1518784 1.3630588 1.5519764 1.8713218 1.8913754 1.8338254 1.7439725 1.9517302 1.7532361 1.9131106 2.0048133 2.1361038 1.9311693 1.8502474 1.8724432 1.7665768 1.8803636 1.8205755 1.7885847 1.7548539 2.0029650 2.0737068 1.9481869 1.9400824 2.0711139 2.1073638 2.3293511 0.0000000 1.7091446 2.7510296 2.8817964 1.9195851 2.5357638 2.4632713 2.4202811 2.5347151 2.4559073 2.4737565 2.3307937 2.1672991 1.9074581 
Spur_XM_030990210.1                                1.4393066 1.2178947 1.4647376 1.4675448 1.4002858 1.4173823 1.5624945 1.7347543 1.5509921 1.3643226 1.5548466 1.5609161 1.6662536 1.5369607 1.4582621 1.2340364 1.9772420 2.0239421 2.1756267 1.6241263 1.8715867 1.9531654 1.7414644 1.6187643 1.7754890 1.7796428 1.7883076 1.8323795 1.5918701 1.7238877 1.6502200 1.6258742 1.7890215 1.7151808 1.7280572 1.8763510 1.9478553 1.9305249 1.7559668 2.0679620 1.7091446 0.0000000 1.8206639 2.1235449 1.8225907 2.2507639 2.2395865 2.1961581 2.4270261 2.2180464 2.5366100 1.9905457 2.1992251 2.1887492 
Chem_TCONS_00073309                                1.8298374 1.8999818 1.6339061 1.5991767 1.9547969 1.5967047 1.6458830 1.9124316 1.7051103 1.4775815 1.6432164 1.6305471 1.6974994 1.7135953 2.0550838 1.8061328 1.8582724 2.0207633 2.0028078 1.7815867 1.7551798 2.1270547 1.3900439 1.6413288 1.5911585 1.5605330 1.8307585 1.8179532 1.7577422 1.7919852 1.8819375 1.8803012 1.9768360 1.8879760 1.8820178 2.0566731 2.0764894 2.0697730 1.9708529 1.6859673 2.7510296 1.8206639 0.0000000 1.5258831 1.5428227 2.4665974 2.4905402 2.1774600 2.3448512 2.3272812 2.5702440 2.7257500 2.7079363 3.0383100 
Hvul_g28160_1                                      2.1024657 2.0841149 1.9783240 1.8526186 1.9858831 1.5997101 1.6286999 1.8385255 1.6283715 1.4027035 1.7061136 1.7486356 1.9279221 1.9200776 2.2854250 1.7601017 2.1223488 2.1366813 2.1933428 2.1866526 2.1854449 2.1482723 1.4415656 1.6989244 1.4333492 1.8591760 1.8110646 1.8593483 1.7654420 1.8616247 1.8621730 1.8619929 1.7878700 1.8976750 1.8521883 2.4522762 2.3163799 2.2929832 2.4554122 2.0695152 2.8817964 2.1235449 1.5258831 0.0000000 1.4882768 2.7449549 2.7559293 2.7442833 2.8262139 2.4468315 2.8856694 3.0791158 3.2766609 2.9147741 
Sanmal_Sma_012999-T1                               1.5015920 1.2957983 1.2700083 1.1414904 1.3062386 1.0715839 1.1830754 1.3073885 1.0714277 0.8535532 1.0751891 1.1229216 0.9664414 1.0256030 1.4117502 1.5475604 1.5661439 1.5469175 1.5605185 1.4077401 1.4093713 1.5953460 0.5077457 0.7280621 0.6228415 1.2507180 1.3490459 1.4103719 1.2334746 1.3729732 1.4651703 1.4453499 1.3128433 1.5403975 1.4384601 1.4521407 1.6823245 1.5596152 1.7640243 1.3779726 1.9195851 1.8225907 1.5428227 1.4882768 0.0000000 2.2859417 2.1792857 1.9227779 2.0878700 2.1061479 2.4607539 2.6044321 2.6829847 2.1873744 
Pbac_sb2649900                                     1.8915390 1.9397515 1.9784094 1.8644917 2.0609555 1.8169371 2.2898760 2.4563564 2.3440491 1.7199169 2.0756129 2.2220514 2.2153694 1.8961017 2.1288451 2.3036268 2.5485778 2.2738687 2.5160960 2.2511898 2.3885998 2.3828447 2.1336073 2.2841824 2.3527904 2.0935935 2.1603898 2.2129625 1.9168166 2.1246683 2.0996198 2.0935169 2.0112716 2.6117546 2.4622378 2.1383450 2.2565695 2.3418208 2.2600903 2.4159085 2.5357638 2.2507639 2.4665974 2.7449549 2.2859417 0.0000000 0.0706670 0.8301291 0.9043735 0.9278839 1.2786007 1.4421811 1.3509755 2.7654975 
Horcal_Hcv1.av93.c13.g100.i2                       1.8817891 1.9669093 2.0217216 1.8109292 1.9191538 1.8055669 2.1445120 2.2867917 2.2667676 1.6973683 2.0460930 2.1400110 2.2460872 1.8587363 2.0533825 2.1429808 2.5035137 2.2325906 2.4821102 2.1141612 2.3683108 2.3396732 2.1419393 2.2646041 2.3197821 2.0729518 2.1027382 2.0872762 1.9498741 2.1070070 2.1156830 2.1094489 2.0035679 2.4739001 2.4390108 2.0891938 2.2569574 2.2227507 2.1877908 2.5266262 2.4632713 2.2395865 2.4905402 2.7559293 2.1792857 0.0706670 0.0000000 0.8087763 0.8450587 0.8871759 1.1899553 1.3912008 1.3228911 2.6919673 
Bolinf_Binf_sb1180376                              1.8616133 1.8865834 1.9384173 1.8203606 1.8920956 1.6522087 1.9424744 2.1500093 1.8040315 1.5418394 1.6492929 1.7318289 2.0459650 1.8909483 2.0873717 1.9858235 2.2722822 2.2355575 2.1374130 1.8765891 2.0348901 2.1549703 2.0461619 2.1618821 2.3312922 2.2677224 1.9441297 1.9286865 2.0747899 2.0033803 2.0081167 2.0008164 1.9363404 2.4441808 2.4169876 1.9328404 2.0204433 1.9732942 1.8525725 1.8729168 2.4202811 2.1961581 2.1774600 2.7442833 1.9227779 0.8301291 0.8087763 0.0000000 0.0000010 0.7111041 0.8822234 1.3085826 1.3125712 2.5746493 
Mertsp_Mesp_sb540841                               1.9746059 2.0609131 2.0529775 2.0211127 2.0728709 1.8236867 2.1126931 2.3375484 1.9465096 1.5418394 1.7891362 1.9025658 2.0459650 1.9472501 2.1739082 2.1512552 2.4149708 2.4238133 2.3770491 2.0448827 2.1898319 2.3408435 2.2359745 2.3480126 2.5381675 2.3436087 2.0830996 2.0967391 2.0747899 2.1882047 2.1717469 2.1649434 2.0626867 2.5515021 2.4317913 2.1114413 2.2024152 2.1274906 1.9427880 2.1216714 2.5347151 2.4270261 2.3448512 2.8262139 2.0878700 0.9043735 0.8450587 0.0000010 0.0000000 0.8267950 1.0099696 1.3677299 1.4173028 2.6823791 
Beraby_Baby_sb333906                               1.9470075 2.1264661 1.9956805 2.0923869 2.2010216 1.9469399 2.1716718 2.3437912 2.0957307 1.5859783 1.9119293 2.0029696 2.1490217 2.0077578 2.3222488 2.0445253 2.9456026 2.4391180 2.5791306 2.2983275 2.2055928 2.3184782 2.0680298 2.2324197 2.3988792 2.1660994 2.0933670 2.1156243 1.9920518 2.2020501 2.2486061 2.2446803 2.1468000 2.4308125 2.3367302 2.0666090 2.2521024 2.1141620 2.2816785 2.2440034 2.4559073 2.2180464 2.3272812 2.4468315 2.1061479 0.9278839 0.8871759 0.7111041 0.8267950 0.0000000 1.1533303 1.4639205 1.5559551 2.7575109 
Lampan_Lpan_C409731_01                             2.4313213 2.2879535 2.2657852 2.3117089 2.0396545 2.0381657 2.4019590 2.5908950 2.4540849 1.8401097 2.2936186 2.3586041 2.5399512 1.8497722 2.3611945 2.3679840 2.8032446 2.4309908 2.9306787 2.4684579 2.2398863 2.5674872 2.4376850 2.3785454 2.4948035 2.4409173 2.1031665 2.1155438 2.0904640 2.2358781 2.3147049 2.3226095 2.0283890 2.5635853 2.4529855 2.3013822 2.4879777 2.3228649 2.2463896 2.6256431 2.4737565 2.5366100 2.5702440 2.8856694 2.4607539 1.2786007 1.1899553 0.8822234 1.0099696 1.1533303 0.0000000 1.1212989 1.3908877 2.9021018 
Vmul_Simscaffold9056_01                            2.2075186 2.0839382 1.8926891 2.0988416 2.0798633 2.0400137 2.3061563 2.3951336 2.2682011 1.8188408 2.2214239 2.3036960 2.5455962 1.9627201 2.3112612 1.9923770 2.6720880 2.6583328 3.0465841 2.3049539 2.2872003 2.5207710 2.4285249 2.6275398 2.6078163 2.3086361 2.3965070 2.3776876 2.2192356 2.3015607 2.3466034 2.3224148 2.2549253 2.5989158 2.5385204 2.5869227 2.4739377 2.2723881 2.3189129 2.6872443 2.3307937 1.9905457 2.7257500 3.0791158 2.6044321 1.4421811 1.3912008 1.3085826 1.3677299 1.4639205 1.1212989 0.0000000 0.8836992 2.9125376 
Coemet_Cmet_scaffold22370_01                       2.0954734 2.3553861 2.2942271 2.3160818 2.2339216 2.1601705 2.3802417 2.5180556 2.4409239 2.1355072 2.3136516 2.3358705 2.5878185 2.2229194 2.5059815 2.4600007 2.8778652 2.7058980 2.9701367 2.4738043 2.7062296 2.6745665 2.8734807 2.8546859 2.8894847 2.4879813 2.4627158 2.4438059 2.2646523 2.3870831 2.2841943 2.2851257 2.2755411 2.6525783 2.5788894 2.6221932 2.5366604 2.4206532 2.8148415 2.8772483 2.1672991 2.1992251 2.7079363 3.2766609 2.6829847 1.3509755 1.3228911 1.3125712 1.4173028 1.5559551 1.3908877 0.8836992 0.0000000 2.7794424 
Tcas_TC006374_001                                  2.1148790 1.7571940 2.0018381 2.0288837 1.7405012 1.9022589 2.1001585 2.2876398 2.0192705 1.8816505 2.1528775 2.1492614 1.9167850 2.0977149 1.7771048 2.2936057 2.5500011 2.3756055 2.7679225 2.2430115 2.3637208 2.4868013 2.4268360 2.3152785 2.3780990 2.3597896 1.8772010 1.8749585 1.8348792 1.9320022 1.9461807 1.9224035 1.7849213 2.2044578 2.2549336 2.4968818 2.6389790 2.6356482 2.5678186 2.1157886 1.9074581 2.1887492 3.0383100 2.9147741 2.1873744 2.7654975 2.6919673 2.5746493 2.6823791 2.7575109 2.9021018 2.9125376 2.7794424 0.0000000 
