46
Hsap_ENST00000407071                    0.0000000 1.4618492 1.4132889 0.7934795 2.0528586 1.0384186 2.1939271 1.4643814 2.3041260 2.1017745 2.1148829 2.1321842 2.0999102 1.9532316 2.0511671 2.0315976 1.7210135 1.8534779 2.5660468 2.6145615 2.0028324 2.3778545 2.3029107 2.2340609 2.7018128 2.4710661 2.1510937 2.7600661 3.0617819 3.7562540 2.6267758 3.0712028 2.8416793 4.2978759 3.8976793 3.8994577 3.1397122 3.5987639 3.7656159 3.0715612 2.9794645 3.7480175 3.8914377 5.0569329 3.9199950 3.8200905 
Bralan_BLAG04000244_1                   1.4618492 0.0000000 1.3399672 0.7080910 1.7028229 0.9367809 1.9904891 1.2419539 2.0210904 1.9408043 1.9404575 1.9139570 1.9577645 1.8068382 2.0214251 1.8546605 1.5469813 1.7380855 2.1915571 2.2652186 1.7993568 2.2044201 2.0666822 2.0687626 2.2481736 2.3261043 1.9240984 2.5740007 2.8654089 3.6663465 2.3915565 2.6513952 2.6513952 4.2785591 3.6706234 3.6635090 2.5484344 3.8928575 3.9918308 2.7625700 2.4641204 3.7043197 3.7243892 5.1488532 3.9075739 3.8484609 
Skow_XM_006812537.1                     1.4132889 1.3399672 0.0000000 0.5849529 1.7777145 0.9750750 2.0107268 1.3404746 1.9864951 1.8389995 1.8587285 1.9056699 1.8901817 1.8569511 1.9970018 1.8452094 1.5764919 1.8556808 2.3355956 2.5731612 1.9371935 2.4538992 2.3427936 2.3303178 2.4462805 2.3164125 2.2199379 2.7705305 2.9126307 3.9695494 2.4320311 2.6822824 2.6466917 4.4078256 3.9741871 3.9721988 3.0521091 3.6540338 3.9943440 2.9931946 2.9309018 3.8220119 3.9594895 5.4027811 4.1918413 4.2470781 
Ctel_gnl_WGS_AMQN_CAPTEDRAFT_mRNA127686 0.7934795 0.7080910 0.5849529 0.0000000 0.7699259 1.1459169 0.8773392 0.8139871 0.8236483 0.8294532 0.8082864 0.7814668 0.7814668 0.9467596 0.9564938 0.8027907 0.7579316 0.7709855 1.1569729 1.6165673 1.5348577 1.4154627 1.4916395 1.5412972 1.3924087 1.6719777 0.0000010 1.3833236 1.3661975 2.6314975 2.5673896 2.7274369 2.7274369 2.6127897 2.7499946 2.7536470 2.6453909 3.3707099 2.6771277 1.6095778 1.8266150 1.8182940 1.8182940 3.8397613 1.6849799 1.5512710 
Tcas_TC032803_001                       2.0528586 1.7028229 1.7777145 0.7699259 0.0000000 1.2478212 2.2785225 1.4731800 2.1944561 1.9644485 1.9700891 2.0569924 2.1121863 2.2248589 2.2345442 1.3368475 1.7563071 1.6948864 1.2936156 2.7914966 2.0082959 2.2415910 2.2345961 2.2511082 2.7172293 2.2832120 2.2305712 2.4172090 2.8570961 4.0443762 2.8854455 3.3172033 3.0202082 3.9992607 3.7524407 3.8624075 3.3314088 3.7257752 3.8872835 2.7632683 2.6910202 3.2472630 3.3817410 4.7995676 3.7974635 3.3660861 
Exapal_XM_021061750.1                   1.0384186 0.9367809 0.9750750 1.1459169 1.2478212 0.0000000 0.3675238 0.6323481 0.6509894 0.5533470 0.5655464 0.5174423 0.5238449 0.7487803 0.8245249 0.9960023 1.1058932 1.2035908 1.2088630 2.2918698 2.2440188 1.3337139 1.2794955 1.2938185 1.3677141 1.3053027 1.0628609 1.7656532 1.9036574 2.6356877 2.4057523 2.7059215 2.7059215 2.7759689 2.7431198 2.7037219 2.6609803 2.8752988 2.9226304 1.9559070 1.7529152 2.3469928 2.3469928 3.2335628 2.3685578 2.1350755 
Nvec_v1g82034                           2.1939271 1.9904891 2.0107268 0.8773392 2.2785225 0.3675238 0.0000000 0.7209750 0.9578732 0.8574352 0.8445491 0.8625485 0.8423398 1.5211973 1.6121131 2.6119674 2.4560992 2.5232856 2.8365885 2.7762565 2.0763823 2.6067114 2.3929875 2.4151684 2.6053698 2.4769540 3.1694071 2.7420518 3.1700887 4.0704969 2.5165503 3.0697492 2.7322357 4.0574280 4.0353120 4.1496293 3.3891864 3.5998694 4.2151492 2.9567133 2.7220880 4.1174853 4.2316526 5.3968457 4.6752806 4.3333774 
Adig_XM_015901582.1                     1.4643814 1.2419539 1.3404746 0.8139871 1.4731800 0.6323481 0.7209750 0.0000000 0.1760027 0.2556478 0.2419288 0.2503347 0.2445546 1.0837221 1.1779340 1.5862789 1.4104271 1.5471117 1.6551170 2.2941654 2.1482666 1.5969670 1.5061705 1.5932106 1.8024671 1.5533047 2.4715327 2.2232464 2.5330420 3.0475817 2.4695688 2.9023065 2.5513607 2.9903901 3.0741128 3.0127174 2.9665992 2.6572117 3.0152673 2.3825731 1.8517258 2.8735610 3.1051332 5.3794947 3.4359143 2.8244812 
Gfas_gfas1.m1.16965.m1                  2.3041260 2.0210904 1.9864951 0.8236483 2.1944561 0.6509894 0.9578732 0.1760027 0.0000000 0.2631725 0.2517120 0.3258224 0.3148755 1.5773993 1.7516614 2.7165645 2.4195001 2.5002787 2.8569288 2.7771741 2.0260222 2.4967972 2.5394415 2.5553457 2.7419665 2.4414305 3.3508776 2.7027048 3.1401944 3.8801919 2.5561452 2.9587118 2.7087390 4.0033827 3.8146887 3.9994556 3.3278794 3.5182473 4.0852096 3.2381790 2.9384689 4.2630641 4.4458155 5.2330293 4.4220037 4.1827870 
Fspp_ffun1.m4.1192.m1                   2.1017745 1.9408043 1.8389995 0.8294532 1.9644485 0.5533470 0.8574352 0.2556478 0.2631725 0.0000000 0.1133060 0.2040111 0.1983684 1.4136335 1.6139031 2.4717438 2.3505449 2.4301096 2.7376795 2.6199836 2.0204677 2.3869632 2.3149394 2.3514628 2.5383019 2.3601770 3.1799417 2.4946004 3.0440860 3.7921921 2.4987222 3.0280366 2.7584649 4.0741586 3.8303673 3.8337361 2.9258704 3.4934736 4.0732369 2.9980113 2.8175051 4.0373781 4.1377948 5.1536136 4.2551682 4.1024217 
Gasp_gasp1.m3.15854.m1                  2.1148829 1.9404575 1.8587285 0.8082864 1.9700891 0.5655464 0.8445491 0.2419288 0.2517120 0.1133060 0.0000000 0.2023586 0.1959412 1.4058078 1.5780696 2.5144247 2.3359542 2.4536216 2.7327417 2.6321997 2.0038789 2.3925155 2.3337738 2.3580743 2.5475507 2.3432738 3.1409202 2.4559865 2.9560927 3.8459582 2.5472739 3.0436266 2.7469992 4.1415669 3.8106856 3.8945544 3.0534636 3.5152338 4.2538072 3.0221270 2.7630750 4.0421893 4.1535520 5.2898496 4.3796204 4.1902575 
Spis_XP_022793410_1                     2.1321842 1.9139570 1.9056699 0.7814668 2.0569924 0.5174423 0.8625485 0.2503347 0.3258224 0.2040111 0.2023586 0.0000000 0.0739267 1.4492147 1.6217097 2.6015981 2.3571801 2.5013283 2.7997227 2.6343200 2.0475599 2.3168972 2.3014363 2.2963413 2.6349048 2.3617869 3.1790634 2.5103458 3.0390547 3.7315975 2.3686566 2.9526715 2.6935567 4.0290157 3.9038151 3.9673831 3.2355786 3.4997534 4.2237736 3.0247548 2.8357133 3.9850500 4.1130551 5.1500212 4.2728823 4.1061787 
Pocdam_XM_027196592.1                   2.0999102 1.9577645 1.8901817 0.7814668 2.1121863 0.5238449 0.8423398 0.2445546 0.3148755 0.1983684 0.1959412 0.0739267 0.0000000 1.4561018 1.6342477 2.5642359 2.3410138 2.5014603 2.8389509 2.6421941 2.0380524 2.3631088 2.2779291 2.2996384 2.6356941 2.4157487 3.1607162 2.5646804 3.1247236 3.7218785 2.3611728 2.9602968 2.6509450 4.0422165 3.9060186 3.8869606 3.2394760 3.4003716 4.1623383 2.9850281 2.9011098 4.0514179 4.2060547 5.1232261 4.3272296 4.0370609 
Dgig_XM_028537525.1                     1.9532316 1.8068382 1.8569511 0.9467596 2.2248589 0.7487803 1.5211973 1.0837221 1.5773993 1.4136335 1.4058078 1.4492147 1.4561018 0.0000000 0.4728094 2.3062776 2.1520006 2.0965591 2.5364567 2.7543574 2.0330683 2.1972854 2.1982759 2.1359418 2.4792113 2.3720308 2.6820088 2.7018231 2.8681994 3.4842700 2.0926994 2.7336883 2.4105642 3.7574121 3.5739617 3.6342466 3.0868437 3.4840192 3.7028873 2.7764970 2.7417067 3.8081613 4.0057074 5.5420818 4.1569353 4.0482079 
Xesp_021870-T4                          2.0511671 2.0214251 1.9970018 0.9564938 2.2345442 0.8245249 1.6121131 1.1779340 1.7516614 1.6139031 1.5780696 1.6217097 1.6342477 0.4728094 0.0000000 2.2933312 2.1613377 2.1508429 2.5844604 2.8897848 2.0854119 2.3323562 2.3522967 2.3030333 2.5399629 2.5560108 3.2296495 2.6923236 2.9400572 3.9354014 2.2734475 2.7945538 2.5242857 3.9231383 3.7784427 3.7875031 3.1265044 3.6167975 4.2871199 2.8115185 2.9972897 3.9856291 4.1357991 5.9913056 4.2586238 4.3165169 
Cscu_XM_023376255.1                     2.0315976 1.8546605 1.8452094 0.8027907 1.3368475 0.9960023 2.6119674 1.5862789 2.7165645 2.4717438 2.5144247 2.6015981 2.5642359 2.3062776 2.2933312 0.0000000 1.6773189 1.7712824 1.9209130 2.8748781 2.0202503 2.6832018 2.5094949 2.4668201 2.7248048 2.6087975 2.3654901 2.8542048 3.2741108 4.3753504 2.5758659 3.2604107 2.8055710 4.4856492 4.5792380 4.4791819 3.4107900 3.7150327 4.5795829 2.9805846 2.9643417 3.9823980 4.2018339 5.6899339 4.4825157 4.1845354 
Spur_XM_778756.4                        1.7210135 1.5469813 1.5764919 0.7579316 1.7563071 1.1058932 2.4560992 1.4104271 2.4195001 2.3505449 2.3359542 2.3571801 2.3410138 2.1520006 2.1613377 1.6773189 0.0000000 1.8586830 2.1713307 2.6015129 2.1248790 2.5161398 2.4683327 2.4705457 2.4679725 2.3134731 2.3250208 2.7129386 2.8040758 4.4808973 2.8978073 2.9827090 2.9891040 4.4387267 4.4071405 4.2964237 2.8475999 3.8008476 4.4107312 2.9822520 2.9981359 3.8337304 3.8431522 5.6420012 4.3928138 4.3898436 
Cgig_XM_034470298.1                     1.8534779 1.7380855 1.8556808 0.7709855 1.6948864 1.2035908 2.5232856 1.5471117 2.5002787 2.4301096 2.4536216 2.5013283 2.5014603 2.0965591 2.1508429 1.7712824 1.8586830 0.0000000 2.2139515 2.4340527 1.7900358 2.4534736 2.4032236 2.3423326 2.3833259 2.4024178 1.3573796 2.5622764 2.7885719 3.9872097 2.4867499 2.9394188 2.9394188 4.1913571 3.9844080 4.1024601 2.6399730 3.8856235 4.1345603 3.0029199 2.5183634 3.5574981 3.5700745 5.3092913 3.8096599 3.8793235 
Dpul_mRNA27292                          2.5660468 2.1915571 2.3355956 1.1569729 1.2936156 1.2088630 2.8365885 1.6551170 2.8569288 2.7376795 2.7327417 2.7997227 2.8389509 2.5364567 2.5844604 1.9209130 2.1713307 2.2139515 0.0000000 2.6368990 2.1359436 2.7377637 2.5501137 2.5706629 2.7928843 2.5103632 2.5710657 2.8141362 2.9397143 4.4445175 2.9056520 3.2752241 3.2165889 4.1848517 4.1277998 4.2617241 3.5730925 4.0390143 4.1588849 3.0410050 3.1148995 3.5852403 3.7553439 4.7149312 4.2963281 4.1392518 
Scil_scict017904.3                      2.6145615 2.2652186 2.5731612 1.6165673 2.7914966 2.2918698 2.7762565 2.2941654 2.7771741 2.6199836 2.6321997 2.6343200 2.6421941 2.7543574 2.8897848 2.8748781 2.6015129 2.4340527 2.6368990 0.0000000 0.3167000 2.8346094 2.7645122 2.8753530 3.3907139 2.9175180 2.5028783 2.9848702 3.0410296 4.0291562 2.8583747 3.6151856 3.2390348 3.6347054 3.8259842 3.9205197 3.3546391 3.1374013 3.7301788 3.7959177 3.2981595 4.1719554 4.5239133 5.7822800 4.7568738 4.1676213 
Lcom_lcpid72364                         2.0028324 1.7993568 1.9371935 1.5348577 2.0082959 2.2440188 2.0763823 2.1482666 2.0260222 2.0204677 2.0038789 2.0475599 2.0380524 2.0330683 2.0854119 2.0202503 2.1248790 1.7900358 2.1359436 0.3167000 0.0000000 1.9444309 1.9833848 2.0425366 2.2916532 2.3382221 1.9815232 2.2853806 2.3372067 3.2218505 2.7362402 3.2195137 3.2062160 3.3634390 3.0765497 3.1498663 2.9998643 3.1031890 3.3324347 2.5233578 2.4502474 3.5036619 3.6143812 3.9156709 3.4533955 2.9042256 
Aaur_scaffold80.g34.t4                  2.3778545 2.2044201 2.4538992 1.4154627 2.2415910 1.3337139 2.6067114 1.5969670 2.4967972 2.3869632 2.3925155 2.3168972 2.3631088 2.1972854 2.3323562 2.6832018 2.5161398 2.4534736 2.7377637 2.8346094 1.9444309 0.0000000 0.3966233 0.3802390 2.3196709 2.0358510 2.9785888 2.8686942 3.0863177 3.8460514 2.5395662 3.1229340 3.0282583 3.6963875 3.8598284 3.9504097 3.6090020 3.7000639 4.1495458 1.9407906 1.9802028 3.6796345 3.7530994 4.8455937 4.1764418 3.8505387 
Nemnom_g18516.t1                        2.3029107 2.0666822 2.3427936 1.4916395 2.2345961 1.2794955 2.3929875 1.5061705 2.5394415 2.3149394 2.3337738 2.3014363 2.2779291 2.1982759 2.3522967 2.5094949 2.4683327 2.4032236 2.5501137 2.7645122 1.9833848 0.3966233 0.0000000 0.1616878 2.3164115 1.9694713 2.6937782 2.8334106 3.1249837 3.9087704 2.5376362 3.1004422 2.9311265 3.8161403 3.9247910 4.0597828 3.6960682 3.5963269 4.0858552 2.0553263 2.0773239 3.6348299 3.7793077 4.7236797 4.0466731 3.7436337 
Rhoesc_Res_004761-T1                    2.2340609 2.0687626 2.3303178 1.5412972 2.2511082 1.2938185 2.4151684 1.5932106 2.5553457 2.3514628 2.3580743 2.2963413 2.2996384 2.1359418 2.3030333 2.4668201 2.4705457 2.3423326 2.5706629 2.8753530 2.0425366 0.3802390 0.1616878 0.0000000 2.3350476 1.9790871 2.7052082 2.9507351 3.1266951 3.9341994 2.5780849 3.1931703 3.0081662 3.8473941 4.0182012 4.0374208 3.6479829 3.7242610 4.1753309 2.0143437 2.0211895 3.6829119 3.7998997 4.9855419 4.1812781 3.9185090 
Sanmal_Sma_023870-T1                    2.7018128 2.2481736 2.4462805 1.3924087 2.7172293 1.3677141 2.6053698 1.8024671 2.7419665 2.5383019 2.5475507 2.6349048 2.6356941 2.4792113 2.5399629 2.7248048 2.4679725 2.3833259 2.7928843 3.3907139 2.2916532 2.3196709 2.3164115 2.3350476 0.0000000 1.3475645 3.1056258 3.1129345 3.1521506 4.2852847 3.0363076 3.2192020 3.0453339 3.9751678 4.0342301 4.2836575 3.5221938 3.5756536 4.5769282 3.0461240 2.9087876 3.8422091 3.9887290 5.3833649 4.1972635 4.1816851 
Morvir_scaffold117.g41.t1               2.4710661 2.3261043 2.3164125 1.6719777 2.2832120 1.3053027 2.4769540 1.5533047 2.4414305 2.3601770 2.3432738 2.3617869 2.4157487 2.3720308 2.5560108 2.6087975 2.3134731 2.4024178 2.5103632 2.9175180 2.3382221 2.0358510 1.9694713 1.9790871 1.3475645 0.0000000 3.1399479 2.9002222 2.8989435 3.5175289 2.6978753 3.0608543 2.8782942 3.5435737 3.9274969 3.7310061 3.2001562 3.1278549 3.6158029 3.0034620 2.4847806 3.8856414 3.9882747 6.1468026 4.1650745 4.0240006 
Acagra_model.g18392.t1                  2.1510937 1.9240984 2.2199379 0.0000010 2.2305712 1.0628609 3.1694071 2.4715327 3.3508776 3.1799417 3.1409202 3.1790634 3.1607162 2.6820088 3.2296495 2.3654901 2.3250208 1.3573796 2.5710657 2.5028783 1.9815232 2.9785888 2.6937782 2.7052082 3.1056258 3.1399479 0.0000000 2.7710481 3.1228871 4.2500069 3.5993767 3.3881704 3.3881704 4.8059610 4.1546310 4.2732638 2.9154605 4.1358766 4.4006651 3.1066974 2.8598033 3.9937499 4.0365257 4.3043484 4.5762833 4.2440076 
Opea_EP00118_Oscarella_pearsei_P017269  2.7600661 2.5740007 2.7705305 1.3833236 2.4172090 1.7656532 2.7420518 2.2232464 2.7027048 2.4946004 2.4559865 2.5103458 2.5646804 2.7018231 2.6923236 2.8542048 2.7129386 2.5622764 2.8141362 2.9848702 2.2853806 2.8686942 2.8334106 2.9507351 3.1129345 2.9002222 2.7710481 0.0000000 1.4652654 3.7683768 3.1169592 3.2029197 3.1466582 3.9194386 4.0473815 4.1488237 3.5520234 3.7177615 3.9559209 3.5090865 3.3478365 3.5121042 3.6606218 4.4699893 3.7379130 3.4896590 
Plajan_Pjan_scaffold18083_01            3.0617819 2.8654089 2.9126307 1.3661975 2.8570961 1.9036574 3.1700887 2.5330420 3.1401944 3.0440860 2.9560927 3.0390547 3.1247236 2.8681994 2.9400572 3.2741108 2.8040758 2.7885719 2.9397143 3.0410296 2.3372067 3.0863177 3.1249837 3.1266951 3.1521506 2.8989435 3.1228871 1.4652654 0.0000000 4.5842142 3.4066708 3.6126179 3.3667938 4.6177982 4.3945384 4.4334632 3.8316847 4.1049778 4.5031383 4.0375091 3.6422054 4.0976156 4.3348416 5.8695489 4.7335744 4.3893186 
Mlei_ML1371.g5.i1                       3.7562540 3.6663465 3.9695494 2.6314975 4.0443762 2.6356877 4.0704969 3.0475817 3.8801919 3.7921921 3.8459582 3.7315975 3.7218785 3.4842700 3.9354014 4.3753504 4.4808973 3.9872097 4.4445175 4.0291562 3.2218505 3.8460514 3.9087704 3.9341994 4.2852847 3.5175289 4.2500069 3.7683768 4.5842142 0.0000000 0.0281147 0.1781815 0.1185463 0.2676568 0.3534741 0.4433046 0.4559288 0.5596787 0.5478937 4.4185812 4.2836327 5.4152358 5.6220552 6.7739832 5.7234102 4.9647495 
Vmul_sbMO388521                         2.6267758 2.3915565 2.4320311 2.5673896 2.8854455 2.4057523 2.5165503 2.4695688 2.5561452 2.4987222 2.5472739 2.3686566 2.3611728 2.0926994 2.2734475 2.5758659 2.8978073 2.4867499 2.9056520 2.8583747 2.7362402 2.5395662 2.5376362 2.5780849 3.0363076 2.6978753 3.5993767 3.1169592 3.4066708 0.0281147 0.0000000 0.1170107 0.1170107 0.0964447 0.2214287 0.2502341 0.2344552 0.3696832 0.3214203 3.4040863 3.0264870 3.9671802 4.0647554 8.9999987 4.0901779 3.1904676 
Bolinf_Binf_sb1227425                   3.0712028 2.6513952 2.6822824 2.7274369 3.3172033 2.7059215 3.0697492 2.9023065 2.9587118 3.0280366 3.0436266 2.9526715 2.9602968 2.7336883 2.7945538 3.2604107 2.9827090 2.9394188 3.2752241 3.6151856 3.2195137 3.1229340 3.1004422 3.1931703 3.2192020 3.0608543 3.3881704 3.2029197 3.6126179 0.1781815 0.1170107 0.0000000 0.0000010 0.1491603 0.2212136 0.3032695 0.2981251 0.4418755 0.4244590 3.7121931 3.2525331 4.3570014 4.5065111 7.1538042 4.4831693 4.0869740 
Mertsp_Mesp_sb577444                    2.8416793 2.6513952 2.6466917 2.7274369 3.0202082 2.7059215 2.7322357 2.5513607 2.7087390 2.7584649 2.7469992 2.6935567 2.6509450 2.4105642 2.5242857 2.8055710 2.9891040 2.9394188 3.2165889 3.2390348 3.2062160 3.0282583 2.9311265 3.0081662 3.0453339 2.8782942 3.3881704 3.1466582 3.3667938 0.1185463 0.1170107 0.0000010 0.0000000 0.1491603 0.2212165 0.2541966 0.2453803 0.4422416 0.4206379 3.7539887 3.3177004 4.3570014 4.5538687 7.1538042 4.4916155 4.0869740 
Beraby_Baby_sb336385                    4.2978759 4.2785591 4.4078256 2.6127897 3.9992607 2.7759689 4.0574280 2.9903901 4.0033827 4.0741586 4.1415669 4.0290157 4.0422165 3.7574121 3.9231383 4.4856492 4.4387267 4.1913571 4.1848517 3.6347054 3.3634390 3.6963875 3.8161403 3.8473941 3.9751678 3.5435737 4.8059610 3.9194386 4.6177982 0.2676568 0.0964447 0.1491603 0.1491603 0.0000000 0.4000886 0.3902386 0.2580411 0.6170266 0.5839053 4.7024853 4.2565772 5.0266960 5.0771899 6.1954502 4.9954267 4.6829617 
Lampan_Lpan_35_01                       3.8976793 3.6706234 3.9741871 2.7499946 3.7524407 2.7431198 4.0353120 3.0741128 3.8146887 3.8303673 3.8106856 3.9038151 3.9060186 3.5739617 3.7784427 4.5792380 4.4071405 3.9844080 4.1277998 3.8259842 3.0765497 3.8598284 3.9247910 4.0182012 4.0342301 3.9274969 4.1546310 4.0473815 4.3945384 0.3534741 0.2214287 0.2212136 0.2212165 0.4000886 0.0000000 0.3759158 0.3110838 0.5193114 0.6049795 4.6018838 4.1351934 5.2149838 5.2787927 6.4836848 5.3818715 5.0347520 
Coemet_Cmet_scaffold13647_01            3.8994577 3.6635090 3.9721988 2.7536470 3.8624075 2.7037219 4.1496293 3.0127174 3.9994556 3.8337361 3.8945544 3.9673831 3.8869606 3.6342466 3.7875031 4.4791819 4.2964237 4.1024601 4.2617241 3.9205197 3.1498663 3.9504097 4.0597828 4.0374208 4.2836575 3.7310061 4.2732638 4.1488237 4.4334632 0.4433046 0.2502341 0.3032695 0.2541966 0.3902386 0.3759158 0.0000000 0.0643494 0.5844148 0.6409455 4.4042010 4.0867935 5.5113595 5.7121928 7.3207557 5.6718099 5.5103230 
Coeast_Cast_sb807576                    3.1397122 2.5484344 3.0521091 2.6453909 3.3314088 2.6609803 3.3891864 2.9665992 3.3278794 2.9258704 3.0534636 3.2355786 3.2394760 3.0868437 3.1265044 3.4107900 2.8475999 2.6399730 3.5730925 3.3546391 2.9998643 3.6090020 3.6960682 3.6479829 3.5221938 3.2001562 2.9154605 3.5520234 3.8316847 0.4559288 0.2344552 0.2981251 0.2453803 0.2580411 0.3110838 0.0643494 0.0000000 0.4758993 0.4970233 4.3457848 3.6721421 4.2585866 4.6496712 6.4107731 4.5880064 4.1119842 
Eupdun_Edun_sb10653366                  3.5987639 3.8928575 3.6540338 3.3707099 3.7257752 2.8752988 3.5998694 2.6572117 3.5182473 3.4934736 3.5152338 3.4997534 3.4003716 3.4840192 3.6167975 3.7150327 3.8008476 3.8856235 4.0390143 3.1374013 3.1031890 3.7000639 3.5963269 3.7242610 3.5756536 3.1278549 4.1358766 3.7177615 4.1049778 0.5596787 0.3696832 0.4418755 0.4422416 0.6170266 0.5193114 0.5844148 0.4758993 0.0000000 0.8084066 4.2556930 3.9514284 4.8504759 4.9088826 5.5350721 4.7603255 4.2758596 
Horcal_Hcv1.av93.c10.g268.i1            3.7656159 3.9918308 3.9943440 2.6771277 3.8872835 2.9226304 4.2151492 3.0152673 4.0852096 4.0732369 4.2538072 4.2237736 4.1623383 3.7028873 4.2871199 4.5795829 4.4107312 4.1345603 4.1588849 3.7301788 3.3324347 4.1495458 4.0858552 4.1753309 4.5769282 3.6158029 4.4006651 3.9559209 4.5031383 0.5478937 0.3214203 0.4244590 0.4206379 0.5839053 0.6049795 0.6409455 0.4970233 0.8084066 0.0000000 4.4373319 4.2759844 5.0445979 5.1078422 6.0904262 5.1535446 4.6947217 
Hvul_g1973_1                            3.0715612 2.7625700 2.9931946 1.6095778 2.7632683 1.9559070 2.9567133 2.3825731 3.2381790 2.9980113 3.0221270 3.0247548 2.9850281 2.7764970 2.8115185 2.9805846 2.9822520 3.0029199 3.0410050 3.7959177 2.5233578 1.9407906 2.0553263 2.0143437 3.0461240 3.0034620 3.1066974 3.5090865 4.0375091 4.4185812 3.4040863 3.7121931 3.7539887 4.7024853 4.6018838 4.4042010 4.3457848 4.2556930 4.4373319 0.0000000 1.4373313 4.5969420 4.7423597 5.4226485 4.7045659 5.1695123 
Chem_TCONS_00000404                     2.9794645 2.4641204 2.9309018 1.8266150 2.6910202 1.7529152 2.7220880 1.8517258 2.9384689 2.8175051 2.7630750 2.8357133 2.9011098 2.7417067 2.9972897 2.9643417 2.9981359 2.5183634 3.1148995 3.2981595 2.4502474 1.9802028 2.0773239 2.0211895 2.9087876 2.4847806 2.8598033 3.3478365 3.6422054 4.2836327 3.0264870 3.2525331 3.3177004 4.2565772 4.1351934 4.0867935 3.6721421 3.9514284 4.2759844 1.4373313 0.0000000 4.3062490 4.3351090 5.6400210 4.5885001 4.5112737 
Tadh_TriadT61389                        3.7480175 3.7043197 3.8220119 1.8182940 3.2472630 2.3469928 4.1174853 2.8735610 4.2630641 4.0373781 4.0421893 3.9850500 4.0514179 3.8081613 3.9856291 3.9823980 3.8337304 3.5574981 3.5852403 4.1719554 3.5036619 3.6796345 3.6348299 3.6829119 3.8422091 3.8856414 3.9937499 3.5121042 4.0976156 5.4152358 3.9671802 4.3570014 4.3570014 5.0266960 5.2149838 5.5113595 4.2585866 4.8504759 5.0445979 4.5969420 4.3062490 0.0000000 0.0029673 0.5958971 0.5450940 0.5788121 
TrH2_TrispH2_006105-RA                  3.8914377 3.7243892 3.9594895 1.8182940 3.3817410 2.3469928 4.2316526 3.1051332 4.4458155 4.1377948 4.1535520 4.1130551 4.2060547 4.0057074 4.1357991 4.2018339 3.8431522 3.5700745 3.7553439 4.5239133 3.6143812 3.7530994 3.7793077 3.7998997 3.9887290 3.9882747 4.0365257 3.6606218 4.3348416 5.6220552 4.0647554 4.5065111 4.5538687 5.0771899 5.2787927 5.7121928 4.6496712 4.9088826 5.1078422 4.7423597 4.3351090 0.0029673 0.0000000 0.5987206 0.5457723 0.5806770 
HoiH06_mRNA4823                         5.0569329 5.1488532 5.4027811 3.8397613 4.7995676 3.2335628 5.3968457 5.3794947 5.2330293 5.1536136 5.2898496 5.1500212 5.1232261 5.5420818 5.9913056 5.6899339 5.6420012 5.3092913 4.7149312 5.7822800 3.9156709 4.8455937 4.7236797 4.9855419 5.3833649 6.1468026 4.3043484 4.4699893 5.8695489 6.7739832 8.9999987 7.1538042 7.1538042 6.1954502 6.4836848 7.3207557 6.4107731 5.5350721 6.0904262 5.4226485 5.6400210 0.5958971 0.5987206 0.0000000 0.1309240 0.2364656 
HoiH23_PlH23_010347-RA                  3.9199950 3.9075739 4.1918413 1.6849799 3.7974635 2.3685578 4.6752806 3.4359143 4.4220037 4.2551682 4.3796204 4.2728823 4.3272296 4.1569353 4.2586238 4.4825157 4.3928138 3.8096599 4.2963281 4.7568738 3.4533955 4.1764418 4.0466731 4.1812781 4.1972635 4.1650745 4.5762833 3.7379130 4.7335744 5.7234102 4.0901779 4.4831693 4.4916155 4.9954267 5.3818715 5.6718099 4.5880064 4.7603255 5.1535446 4.7045659 4.5885001 0.5450940 0.5457723 0.1309240 0.0000000 0.2316131 
HoiH04_mRNA6274                         3.8200905 3.8484609 4.2470781 1.5512710 3.3660861 2.1350755 4.3333774 2.8244812 4.1827870 4.1024217 4.1902575 4.1061787 4.0370609 4.0482079 4.3165169 4.1845354 4.3898436 3.8793235 4.1392518 4.1676213 2.9042256 3.8505387 3.7436337 3.9185090 4.1816851 4.0240006 4.2440076 3.4896590 4.3893186 4.9647495 3.1904676 4.0869740 4.0869740 4.6829617 5.0347520 5.5103230 4.1119842 4.2758596 4.6947217 5.1695123 4.5112737 0.5788121 0.5806770 0.2364656 0.2316131 0.0000000 
