58
Hsap_ENST00000246868                                     0.0000000 0.4142629 0.4838462 0.4935422 0.5141312 0.5126853 0.4857054 0.4286040 0.4282703 0.4561604 0.4579845 0.5031192 0.5716009 0.5137085 0.4665669 0.5100998 0.4715297 0.4583808 0.4503155 0.4873704 0.4916302 0.4649576 0.6233440 0.6026813 0.6113281 0.6136568 0.6074994 0.5538987 0.5538987 0.5314525 0.5455552 0.5441890 0.5441890 0.5661041 0.7559158 0.5585473 0.5248726 0.4930755 0.6848095 0.6468055 0.7163186 0.6855092 0.7105467 0.7387797 0.7461573 0.5217684 1.0298331 1.2924418 1.2979805 1.2979805 1.3039749 1.3416104 1.4064011 1.3416830 1.6347025 1.3895277 1.2898676 1.2069169 
Skow_XM_002736576.2                                      0.4142629 0.0000000 0.4969193 0.4338477 0.4178160 0.4221284 0.4193519 0.3917533 0.4019858 0.4034136 0.3969838 0.4829174 0.5565804 0.5016889 0.4614563 0.5073945 0.4530435 0.4547675 0.4426373 0.4334227 0.3694595 0.4723879 0.5575569 0.5293486 0.5179877 0.5451473 0.5711306 0.6274659 0.6274659 0.5880708 0.5992590 0.6006276 0.6006276 0.6237346 0.6623876 0.5325751 0.5021360 0.5910510 0.6252717 0.6272254 0.6290600 0.5105204 0.6634610 0.6903205 0.7831078 0.4958038 1.0016689 1.1908475 1.2076409 1.2076409 1.2408670 1.2780423 1.4073494 1.2231546 1.6307388 1.3833780 1.2824414 1.3137732 
Exapal_XM_021059163.2                                    0.4838462 0.4969193 0.0000000 0.2608146 0.3749855 0.3696540 0.3395636 0.3195072 0.3061327 0.3290397 0.3304996 0.3911280 0.4473430 0.5039883 0.5446435 0.5468144 0.5266831 0.4830400 0.4728647 0.5506489 0.5643264 0.6200232 0.5655826 0.5470997 0.5366607 0.5970341 0.6040891 0.6197344 0.6197344 0.6839846 0.6794264 0.7036585 0.7036585 0.6942827 0.7788750 0.6065704 0.5758375 0.6439025 0.6183986 0.6655199 0.6726619 0.6847280 0.6770890 0.7473562 0.8627554 0.5794517 0.9841430 1.1620351 1.1912675 1.1912675 1.1893656 1.1816709 1.2942098 1.2279286 1.3665236 1.2314566 1.1607123 1.2737209 
Nvec_v1g95856                                            0.4935422 0.4338477 0.2608146 0.0000000 0.2939590 0.3018365 0.2755061 0.2457861 0.2601325 0.2420555 0.2302640 0.3313629 0.3581537 0.4499182 0.4478282 0.5308847 0.4992573 0.4818350 0.4525088 0.4813692 0.4458577 0.5737105 0.5681079 0.5283947 0.5108823 0.5735781 0.5595400 0.5783995 0.5783995 0.5855689 0.5801683 0.5851005 0.5851005 0.6097338 0.6524688 0.5609003 0.4792145 0.5843611 0.5797574 0.6235285 0.6108647 0.5839656 0.6879738 0.6305216 0.7872986 0.4784880 0.8599812 1.2809392 1.3028244 1.3028244 1.2545592 1.3096748 1.3921516 1.3004317 1.5783469 1.3002386 1.2068451 1.3832288 
Adig_XM_015899464.1                                      0.5141312 0.4178160 0.3749855 0.2939590 0.0000000 0.0087276 0.0966585 0.1042019 0.1156942 0.1377278 0.1118805 0.3282828 0.3979888 0.4884176 0.4196720 0.5744465 0.5203645 0.4897218 0.4443927 0.5299382 0.4626029 0.5429125 0.5499777 0.5124556 0.4881452 0.5565055 0.6143186 0.6585890 0.6585890 0.6179150 0.6213599 0.6175100 0.6175100 0.6074014 0.6872559 0.5387682 0.5258976 0.5508689 0.6120380 0.5948232 0.5757085 0.5705313 0.6312204 0.6613322 0.8778226 0.4688733 1.1766800 1.2223069 1.2719251 1.2719251 1.3149004 1.2971314 1.4529884 1.2925665 1.5142021 1.2906657 1.3562459 1.3645882 
Amil_Amillepora21923-RA                                  0.5126853 0.4221284 0.3696540 0.3018365 0.0087276 0.0000000 0.0964525 0.1140754 0.1154405 0.1374158 0.1219946 0.3356524 0.4059745 0.4894454 0.4239919 0.5763932 0.5237584 0.4842158 0.4529627 0.5261326 0.4682666 0.5337025 0.5559374 0.5184468 0.4941063 0.5625798 0.6126803 0.6644668 0.6644668 0.6283253 0.6317826 0.6279395 0.6279395 0.6178398 0.6703077 0.5234428 0.5106593 0.5359527 0.6150432 0.5932037 0.5786962 0.5770614 0.6343708 0.6539250 0.8724390 0.4688733 1.1441140 1.2141368 1.2638006 1.2638006 1.3066302 1.2891129 1.4687622 1.3070249 1.5007886 1.2798060 1.3479964 1.3561254 
Gfas_gfas1.m1.1807.m1                                    0.4857054 0.4193519 0.3395636 0.2755061 0.0966585 0.0964525 0.0000000 0.0794952 0.0828232 0.1001754 0.0853336 0.3319238 0.3713164 0.4469772 0.3996120 0.5092672 0.4931676 0.4485760 0.4061371 0.4595819 0.4689471 0.5432654 0.5460404 0.5081352 0.4891352 0.5422080 0.5709653 0.6058163 0.6058163 0.5869876 0.5785322 0.5865284 0.5865284 0.5947487 0.7118711 0.4990649 0.5109096 0.5763494 0.6112458 0.6121157 0.6149687 0.5750631 0.6635717 0.6550618 0.8466585 0.4721102 1.0500842 1.2464730 1.2592001 1.2592001 1.3419957 1.2886482 1.4544777 1.3047399 1.5133886 1.2962855 1.2972556 1.3971641 
Fspp_ffun1.m4.21517.m1                                   0.4286040 0.3917533 0.3195072 0.2457861 0.1042019 0.1140754 0.0794952 0.0000000 0.0608764 0.0780975 0.0638766 0.3235255 0.3443246 0.4144281 0.3629526 0.5233752 0.5016184 0.4419069 0.3829158 0.4519957 0.4565100 0.5017419 0.5214817 0.4877309 0.4747309 0.5385952 0.5739123 0.5580673 0.5580673 0.5391797 0.5381435 0.5386318 0.5386318 0.5690462 0.6718484 0.5155354 0.4800754 0.5251557 0.5792844 0.5721907 0.5840910 0.5358014 0.6400766 0.6402465 0.8184422 0.4688349 1.1063387 1.2627269 1.2908061 1.2908061 1.3749419 1.3222500 1.4953363 1.3213518 1.6027189 1.3577843 1.3472576 1.3999626 
Gasp_gasp1.m3.13100.m1                                   0.4282703 0.4019858 0.3061327 0.2601325 0.1156942 0.1154405 0.0828232 0.0608764 0.0000000 0.0807500 0.0701332 0.3319159 0.3638168 0.4106370 0.3599526 0.5068886 0.4935155 0.4387951 0.4026226 0.4801945 0.4474468 0.4916489 0.4892102 0.4665731 0.4535422 0.5131522 0.5301728 0.5810477 0.5810477 0.5747580 0.5736243 0.5742771 0.5742771 0.5819604 0.6853178 0.4961465 0.4863518 0.5235541 0.5717878 0.5530514 0.5832928 0.5341052 0.6333060 0.6459848 0.8226290 0.4608609 1.0055424 1.2504879 1.2880601 1.2880601 1.3571753 1.3115535 1.4747249 1.2933532 1.6208300 1.3708522 1.3327600 1.3704401 
Spis_XP_022787655_1                                      0.4561604 0.4034136 0.3290397 0.2420555 0.1377278 0.1374158 0.1001754 0.0780975 0.0807500 0.0000000 0.0220444 0.3081982 0.3588465 0.4189173 0.3752826 0.5040123 0.4859213 0.4631899 0.4217347 0.4724113 0.4542119 0.5284640 0.5234324 0.4715771 0.4513856 0.4953344 0.5619084 0.5635411 0.5635411 0.5632795 0.5612744 0.5627840 0.5627840 0.5592845 0.6627472 0.4969881 0.4656089 0.5549866 0.5926696 0.5749355 0.5788390 0.5563944 0.5950169 0.6485800 0.8435619 0.4978755 1.0647782 1.2433598 1.3039827 1.3039827 1.3595238 1.2975701 1.4939906 1.3133598 1.5198896 1.2976448 1.3227411 1.3421635 
Pocdam_XM_027186374.1                                    0.4579845 0.3969838 0.3304996 0.2302640 0.1118805 0.1219946 0.0853336 0.0638766 0.0701332 0.0220444 0.0000000 0.3046311 0.3407879 0.4155877 0.3792024 0.4929367 0.4684872 0.4546979 0.4077307 0.4670342 0.4503957 0.5198901 0.5113933 0.4745791 0.4600572 0.4979738 0.5604267 0.5607363 0.5607363 0.5556012 0.5536164 0.5550865 0.5550865 0.5515494 0.6670193 0.5089169 0.4813758 0.5469089 0.5770595 0.5762482 0.5827884 0.5302479 0.5914101 0.6447301 0.8476207 0.4930884 1.0816239 1.2309669 1.3026746 1.3026746 1.3578870 1.2851008 1.4638713 1.2934725 1.5498611 1.3197299 1.3221779 1.3798059 
Dgig_XM_028544938.1                                      0.5031192 0.4829174 0.3911280 0.3313629 0.3282828 0.3356524 0.3319238 0.3235255 0.3319159 0.3081982 0.3046311 0.0000000 0.1443311 0.4310584 0.5193488 0.5273383 0.5072656 0.5207616 0.5010424 0.5266591 0.5316227 0.6008360 0.5498306 0.5214277 0.5272052 0.5643911 0.5839502 0.5622246 0.5622246 0.5452865 0.5526473 0.5447568 0.5447568 0.5597374 0.7732412 0.7129343 0.6174937 0.6267686 0.6490263 0.5699368 0.6159445 0.6147594 0.6488035 0.7320856 0.9498610 0.5267769 1.0347690 1.2574713 1.2920868 1.2920868 1.2492689 1.2295071 1.3003988 1.2627787 1.4225412 1.2342562 1.2849348 1.2264468 
Xesp_004391-T1                                           0.5716009 0.5565804 0.4473430 0.3581537 0.3979888 0.4059745 0.3713164 0.3443246 0.3638168 0.3588465 0.3407879 0.1443311 0.0000000 0.4979061 0.6090021 0.5768678 0.5442641 0.4938085 0.5221875 0.5561588 0.6016509 0.7066543 0.6243098 0.5691090 0.5847432 0.6233382 0.6833661 0.6222169 0.6222169 0.6268924 0.6282755 0.6361622 0.6361622 0.6530291 0.9205063 0.7659789 0.7168822 0.6618607 0.6311392 0.6254447 0.6579156 0.6026158 0.7169846 0.7389137 0.9906092 0.6045203 1.1985215 1.3518214 1.3780738 1.3780738 1.3414549 1.3351846 1.4259607 1.3552905 1.5860444 1.3481814 1.3655911 1.3708358 
Opea_EP00118_Oscarella_pearsei_P001946                   0.5137085 0.5016889 0.5039883 0.4499182 0.4884176 0.4894454 0.4469772 0.4144281 0.4106370 0.4189173 0.4155877 0.4310584 0.4979061 0.0000000 0.2791671 0.4171670 0.4299010 0.4083600 0.4295835 0.4535294 0.5596648 0.5540710 0.5508564 0.5236680 0.5258445 0.5616807 0.5932421 0.5722906 0.5722906 0.5653812 0.5750865 0.5585436 0.5585436 0.6008206 0.8689362 0.6517315 0.6362971 0.5999343 0.7091275 0.6778481 0.6315263 0.6403264 0.5981673 0.6683963 0.8392708 0.5818849 1.1620606 1.3795630 1.3585907 1.3585907 1.4508077 1.4048024 1.4949279 1.3583371 1.5218646 1.3352059 1.3858930 1.3922544 
Plajan_Pjan_C548699_01                                   0.4665669 0.4614563 0.5446435 0.4478282 0.4196720 0.4239919 0.3996120 0.3629526 0.3599526 0.3752826 0.3792024 0.5193488 0.6090021 0.2791671 0.0000000 0.5173701 0.5239718 0.5064723 0.4353793 0.4778922 0.5831938 0.5586531 0.4789448 0.4994731 0.4613202 0.5464185 0.6016871 0.6704999 0.6704999 0.6743176 0.6852370 0.6847334 0.6847334 0.6856211 0.8016695 0.6137794 0.6431578 0.5627803 0.6517393 0.6354393 0.6059504 0.6096701 0.5715957 0.6676700 0.8367783 0.4962283 1.0270293 1.3738575 1.3678790 1.3678790 1.5112622 1.4257228 1.5393473 1.3990092 1.7514734 1.4989942 1.4244369 1.3877781 
Aque_Aqu2.1.36531_001                                    0.5100998 0.5073945 0.5468144 0.5308847 0.5744465 0.5763932 0.5092672 0.5233752 0.5068886 0.5040123 0.4929367 0.5273383 0.5768678 0.4171670 0.5173701 0.0000000 0.1246208 0.2049185 0.3818835 0.4262232 0.5029537 0.6219645 0.6727687 0.6586828 0.6623315 0.6555997 0.6562585 0.6444567 0.6444567 0.6044764 0.6106690 0.5992072 0.5992072 0.6371950 0.7648346 0.6579901 0.6386667 0.6673047 0.6583726 0.6851701 0.7026623 0.6145579 0.7123350 0.7438932 0.6910689 0.4119392 0.9575675 1.2482792 1.2545210 1.2545210 1.2450398 1.2911862 1.3122732 1.2771937 1.5982717 1.3453462 1.3088347 1.2444824 
Halamb_c45807_g1_i1mm.1775                               0.4715297 0.4530435 0.5266831 0.4992573 0.5203645 0.5237584 0.4931676 0.5016184 0.4935155 0.4859213 0.4684872 0.5072656 0.5442641 0.4299010 0.5239718 0.1246208 0.0000000 0.1863264 0.3612858 0.4168919 0.4697698 0.5791853 0.6383882 0.6419462 0.6321010 0.6378104 0.6136543 0.6281124 0.6281124 0.5676978 0.5830721 0.5710254 0.5710254 0.6162927 0.7099346 0.6119609 0.6220571 0.6196133 0.6145730 0.6793157 0.6612945 0.5909506 0.6199182 0.6563152 0.6933610 0.4029006 0.9209317 1.2420443 1.2437986 1.2437986 1.2439333 1.2673085 1.3087325 1.2350946 1.5356826 1.3237682 1.2709688 1.2548689 
Xestes_maker-XT_scaffold179288-augustus-gene-0.15-mRNA-1 0.4583808 0.4547675 0.4830400 0.4818350 0.4897218 0.4842158 0.4485760 0.4419069 0.4387951 0.4631899 0.4546979 0.5207616 0.4938085 0.4083600 0.5064723 0.2049185 0.1863264 0.0000000 0.3465567 0.3851690 0.4922484 0.5770533 0.6854898 0.6014416 0.6057792 0.6649578 0.6559329 0.5979610 0.5979610 0.5531535 0.5498909 0.5535547 0.5535547 0.6080860 0.6978664 0.5919348 0.5411846 0.5937701 0.5654371 0.5309065 0.5711692 0.5307055 0.5779220 0.6501033 0.7347922 0.3868587 0.9614174 1.2186677 1.2528118 1.2528118 1.2338489 1.2467501 1.3125236 1.2864116 1.5462596 1.2978246 1.2701422 1.1739589 
Emue_Em0015g1149a.t1                                     0.4503155 0.4426373 0.4728647 0.4525088 0.4443927 0.4529627 0.4061371 0.3829158 0.4026226 0.4217347 0.4077307 0.5010424 0.5221875 0.4295835 0.4353793 0.3818835 0.3612858 0.3465567 0.0000000 0.0811478 0.5119805 0.5505114 0.6427272 0.6257109 0.6124731 0.6651749 0.7206110 0.4748790 0.4748790 0.4927123 0.4998070 0.4793467 0.4793467 0.5098372 0.7711445 0.5877079 0.6280088 0.5910504 0.7034279 0.6628610 0.7173954 0.6319487 0.7139050 0.6817247 0.7843409 0.4624021 0.8140826 1.2640294 1.3076296 1.3076296 1.2573798 1.2703812 1.3872825 1.2863828 1.7287084 1.4228585 1.2344859 1.3950964 
Spolac_c93881_g1_i1_m.9380c102720-g2                     0.4873704 0.4334227 0.5506489 0.4813692 0.5299382 0.5261326 0.4595819 0.4519957 0.4801945 0.4724113 0.4670342 0.5266591 0.5561588 0.4535294 0.4778922 0.4262232 0.4168919 0.3851690 0.0811478 0.0000000 0.5034783 0.5915069 0.7166252 0.6852910 0.6596543 0.7171622 0.7231672 0.4847701 0.4847701 0.4887803 0.4983758 0.5007199 0.5007199 0.5047990 0.7875478 0.6491488 0.6767220 0.6278054 0.7231791 0.6976565 0.7452939 0.6945763 0.7406517 0.6971236 0.8238619 0.4713895 0.8604122 1.3556260 1.3321932 1.3321932 1.2791894 1.3641837 1.4140290 1.3114015 1.7559164 1.4556822 1.2184552 1.3353547 
Spur_XM_030991819.1                                      0.4916302 0.3694595 0.5643264 0.4458577 0.4626029 0.4682666 0.4689471 0.4565100 0.4474468 0.4542119 0.4503957 0.5316227 0.6016509 0.5596648 0.5831938 0.5029537 0.4697698 0.4922484 0.5119805 0.5034783 0.0000000 0.5158912 0.6505433 0.6487964 0.6478641 0.6248596 0.6558034 0.6612296 0.6612296 0.6295357 0.6240913 0.6214775 0.6214775 0.6568504 0.6456817 0.5399020 0.5624531 0.5405087 0.6684423 0.6872974 0.6971063 0.5985165 0.7658689 0.7070345 0.7834484 0.4434911 0.9987501 1.2432294 1.2310700 1.2310700 1.2840085 1.2776344 1.4088831 1.2830851 1.5636975 1.3734785 1.2672808 1.2943729 
Bralan_BLAG01001600_1                                    0.4649576 0.4723879 0.6200232 0.5737105 0.5429125 0.5337025 0.5432654 0.5017419 0.4916489 0.5284640 0.5198901 0.6008360 0.7066543 0.5540710 0.5586531 0.6219645 0.5791853 0.5770533 0.5505114 0.5915069 0.5158912 0.0000000 0.6597603 0.6526336 0.6485178 0.6386836 0.7291738 0.7360476 0.7360476 0.6906606 0.6801119 0.6933759 0.6933759 0.7139837 0.6674852 0.5555298 0.5876248 0.5664829 0.6228218 0.6332869 0.6425373 0.6337885 0.5956832 0.7670680 0.7539766 0.5236591 0.9951260 1.2538908 1.1849470 1.1849470 1.2445064 1.2872503 1.3464270 1.2097730 1.5175604 1.3377705 1.2754830 1.3346483 
Aaur_scaffold1335.g2.t1                                  0.6233440 0.5575569 0.5655826 0.5681079 0.5499777 0.5559374 0.5460404 0.5214817 0.4892102 0.5234324 0.5113933 0.5498306 0.6243098 0.5508564 0.4789448 0.6727687 0.6383882 0.6854898 0.6427272 0.7166252 0.6505433 0.6597603 0.0000000 0.1630810 0.1893195 0.1662142 0.3612120 0.7780072 0.7780072 0.7416618 0.7525749 0.7441582 0.7441582 0.7682842 0.9405508 0.7696223 0.8439659 0.7028646 0.7607422 0.7296549 0.6803548 0.6595625 0.7107599 0.6003823 0.9922111 0.5995974 1.2772390 1.3078353 1.3400401 1.3400401 1.3281818 1.2960118 1.4303472 1.3872468 1.5632988 1.4123242 1.3047089 1.3772127 
Nemnom_g7645.t1                                          0.6026813 0.5293486 0.5470997 0.5283947 0.5124556 0.5184468 0.5081352 0.4877309 0.4665731 0.4715771 0.4745791 0.5214277 0.5691090 0.5236680 0.4994731 0.6586828 0.6419462 0.6014416 0.6257109 0.6852910 0.6487964 0.6526336 0.1630810 0.0000000 0.0556654 0.1624353 0.3798106 0.7225896 0.7225896 0.6769119 0.6787315 0.6628386 0.6628386 0.7154128 0.9475755 0.7640459 0.7697304 0.7198466 0.7658988 0.7446404 0.6794788 0.6264563 0.7398898 0.5124680 0.9674434 0.5813568 1.4560123 1.4204886 1.4752149 1.4752149 1.4719771 1.4596277 1.5681727 1.5117773 1.6960223 1.5142374 1.3927183 1.4674128 
Rhoesc_Res_006665-T1                                     0.6113281 0.5179877 0.5366607 0.5108823 0.4881452 0.4941063 0.4891352 0.4747309 0.4535422 0.4513856 0.4600572 0.5272052 0.5847432 0.5258445 0.4613202 0.6623315 0.6321010 0.6057792 0.6124731 0.6596543 0.6478641 0.6485178 0.1893195 0.0556654 0.0000000 0.1888691 0.4027596 0.7532674 0.7532674 0.6926371 0.6945635 0.6861850 0.6861850 0.7417685 0.9024316 0.7165841 0.7534603 0.6836052 0.7670479 0.6907179 0.6629000 0.6322348 0.6801349 0.5021618 0.8895392 0.5362519 1.3266136 1.3648369 1.4974286 1.4974286 1.4600002 1.4136194 1.4972819 1.4646165 1.6355318 1.4697520 1.4093978 1.4047672 
Sanmal_Sma_018635-T1                                     0.6136568 0.5451473 0.5970341 0.5735781 0.5565055 0.5625798 0.5422080 0.5385952 0.5131522 0.4953344 0.4979738 0.5643911 0.6233382 0.5616807 0.5464185 0.6555997 0.6378104 0.6649578 0.6651749 0.7171622 0.6248596 0.6386836 0.1662142 0.1624353 0.1888691 0.0000000 0.3528255 0.7819382 0.7819382 0.7075257 0.7194809 0.7259376 0.7259376 0.7344676 0.9699712 0.7901818 0.8021505 0.7212049 0.7556361 0.7263844 0.6302890 0.6363681 0.6973534 0.5441485 0.9451988 0.5409075 1.3254419 1.3118785 1.3532796 1.3532796 1.3585268 1.2812301 1.4290669 1.4049661 1.5053050 1.3659474 1.3087022 1.3062836 
Morvir_scaffold101.g26.t1                                0.6074994 0.5711306 0.6040891 0.5595400 0.6143186 0.6126803 0.5709653 0.5739123 0.5301728 0.5619084 0.5604267 0.5839502 0.6833661 0.5932421 0.6016871 0.6562585 0.6136543 0.6559329 0.7206110 0.7231672 0.6558034 0.7291738 0.3612120 0.3798106 0.4027596 0.3528255 0.0000000 0.8121266 0.8121266 0.7652739 0.7717277 0.7991030 0.7991030 0.7994375 0.9038801 0.7344929 0.7793945 0.7257736 0.6329544 0.6903216 0.7059045 0.6995145 0.7388272 0.5966615 0.9669940 0.5826990 1.1846983 1.2240093 1.2760782 1.2760782 1.2893376 1.2750913 1.4110608 1.2964996 1.3749972 1.2834026 1.1912441 1.3572898 
Tadh_TriadT28466                                         0.5538987 0.6274659 0.6197344 0.5783995 0.6585890 0.6644668 0.6058163 0.5580673 0.5810477 0.5635411 0.5607363 0.5622246 0.6222169 0.5722906 0.6704999 0.6444567 0.6281124 0.5979610 0.4748790 0.4847701 0.6612296 0.7360476 0.7780072 0.7225896 0.7532674 0.7819382 0.8121266 0.0000000 0.0000010 0.0944895 0.1002514 0.0975724 0.0975724 0.0898917 0.9758195 0.7272161 0.7819330 0.7244789 0.7881767 0.7716535 0.7626974 0.7295106 0.7666901 0.9517567 0.9205041 0.6691688 1.2020161 1.5256612 1.5637358 1.5637358 1.5779778 1.4963564 1.6330941 1.5653259 1.8625054 1.5939021 1.5018452 1.5226250 
TrH2_TrispH2_006848-RA                                   0.5538987 0.6274659 0.6197344 0.5783995 0.6585890 0.6644668 0.6058163 0.5580673 0.5810477 0.5635411 0.5607363 0.5622246 0.6222169 0.5722906 0.6704999 0.6444567 0.6281124 0.5979610 0.4748790 0.4847701 0.6612296 0.7360476 0.7780072 0.7225896 0.7532674 0.7819382 0.8121266 0.0000010 0.0000000 0.0944895 0.1002514 0.0975724 0.0975724 0.0898917 0.9758195 0.7272161 0.7819330 0.7244789 0.7881767 0.7716535 0.7626974 0.7295106 0.7666901 0.9517567 0.9205041 0.6691688 1.2020161 1.5256612 1.5637358 1.5637358 1.5779778 1.4963564 1.6330941 1.5653259 1.8625054 1.5939021 1.5018452 1.5226250 
HoiH06_mRNA2305                                          0.5314525 0.5880708 0.6839846 0.5855689 0.6179150 0.6283253 0.5869876 0.5391797 0.5747580 0.5632795 0.5556012 0.5452865 0.6268924 0.5653812 0.6743176 0.6044764 0.5676978 0.5531535 0.4927123 0.4887803 0.6295357 0.6906606 0.7416618 0.6769119 0.6926371 0.7075257 0.7652739 0.0944895 0.0944895 0.0000000 0.0176510 0.0225936 0.0225936 0.0544521 0.8880930 0.7277079 0.7387319 0.6441154 0.7208600 0.7085384 0.7038921 0.7015839 0.7122761 0.8653904 0.8483788 0.6112783 1.1603117 1.4506856 1.4818698 1.4818698 1.5038660 1.4397930 1.6027181 1.5133558 1.7787831 1.5389306 1.4457034 1.4383275 
HoiH23_PlH23_000631-RA                                   0.5455552 0.5992590 0.6794264 0.5801683 0.6213599 0.6317826 0.5785322 0.5381435 0.5736243 0.5612744 0.5536164 0.5526473 0.6282755 0.5750865 0.6852370 0.6106690 0.5830721 0.5498909 0.4998070 0.4983758 0.6240913 0.6801119 0.7525749 0.6787315 0.6945635 0.7194809 0.7717277 0.1002514 0.1002514 0.0176510 0.0000000 0.0368263 0.0368263 0.0612158 0.8958774 0.7308357 0.7456634 0.6519571 0.7147197 0.7024611 0.6980162 0.6980700 0.7024150 0.8666839 0.8521516 0.5980910 1.1588640 1.4710098 1.5247533 1.5247533 1.5035423 1.4682632 1.6245294 1.5398589 1.7966571 1.5653846 1.4609679 1.4428502 
Hhon_g02612.t1                                           0.5441890 0.6006276 0.7036585 0.5851005 0.6175100 0.6279395 0.5865284 0.5386318 0.5742771 0.5627840 0.5550865 0.5447568 0.6361622 0.5585436 0.6847334 0.5992072 0.5710254 0.5535547 0.4793467 0.5007199 0.6214775 0.6933759 0.7441582 0.6628386 0.6861850 0.7259376 0.7991030 0.0975724 0.0975724 0.0225936 0.0368263 0.0000000 0.0000010 0.0802028 0.8761200 0.7307235 0.7384946 0.6645332 0.7455634 0.7183915 0.7183825 0.7211508 0.7313857 0.8915662 0.8641902 0.5931171 1.1694516 1.4388036 1.4860463 1.4860463 1.5252882 1.4507646 1.6256746 1.5065839 1.8277555 1.5747247 1.4749223 1.4865989 
HoiH04_mRNA15158                                         0.5441890 0.6006276 0.7036585 0.5851005 0.6175100 0.6279395 0.5865284 0.5386318 0.5742771 0.5627840 0.5550865 0.5447568 0.6361622 0.5585436 0.6847334 0.5992072 0.5710254 0.5535547 0.4793467 0.5007199 0.6214775 0.6933759 0.7441582 0.6628386 0.6861850 0.7259376 0.7991030 0.0975724 0.0975724 0.0225936 0.0368263 0.0000010 0.0000000 0.0802028 0.8761200 0.7307235 0.7384946 0.6645332 0.7455634 0.7183915 0.7183825 0.7211508 0.7313857 0.8915662 0.8641902 0.5931171 1.1694516 1.4388036 1.4860463 1.4860463 1.5252882 1.4507646 1.6256746 1.5065839 1.8277555 1.5747247 1.4749223 1.4865989 
HoiH11_mRNA8389                                          0.5661041 0.6237346 0.6942827 0.6097338 0.6074014 0.6178398 0.5947487 0.5690462 0.5819604 0.5592845 0.5515494 0.5597374 0.6530291 0.6008206 0.6856211 0.6371950 0.6162927 0.6080860 0.5098372 0.5047990 0.6568504 0.7139837 0.7682842 0.7154128 0.7417685 0.7344676 0.7994375 0.0898917 0.0898917 0.0544521 0.0612158 0.0802028 0.0802028 0.0000000 0.9463280 0.7532683 0.7644993 0.6947664 0.7842883 0.7565483 0.7524859 0.7734318 0.7418476 0.8975018 0.9268118 0.6292676 1.1624375 1.4957109 1.5364217 1.5364217 1.5512391 1.4906454 1.6523798 1.5536854 1.8283147 1.5866340 1.5083634 1.4820927 
Ctel_gnl_WGS_AMQN_CAPTEDRAFT_mRNA17802                   0.7559158 0.6623876 0.7788750 0.6524688 0.6872559 0.6703077 0.7118711 0.6718484 0.6853178 0.6627472 0.6670193 0.7732412 0.9205063 0.8689362 0.8016695 0.7648346 0.7099346 0.6978664 0.7711445 0.7875478 0.6456817 0.6674852 0.9405508 0.9475755 0.9024316 0.9699712 0.9038801 0.9758195 0.9758195 0.8880930 0.8958774 0.8761200 0.8761200 0.9463280 0.0000000 0.4427547 0.3644357 0.6985407 0.7537924 0.6988733 0.7822665 0.7405039 0.7587494 0.9446334 0.8983171 0.5650082 1.0028978 1.1704092 1.2574879 1.2574879 1.1879333 1.2805063 1.3558958 1.2378298 1.5664248 1.3209515 1.2809369 1.2490671 
Cgig_XM_011429601.3                                      0.5585473 0.5325751 0.6065704 0.5609003 0.5387682 0.5234428 0.4990649 0.5155354 0.4961465 0.4969881 0.5089169 0.7129343 0.7659789 0.6517315 0.6137794 0.6579901 0.6119609 0.5919348 0.5877079 0.6491488 0.5399020 0.5555298 0.7696223 0.7640459 0.7165841 0.7901818 0.7344929 0.7272161 0.7272161 0.7277079 0.7308357 0.7307235 0.7307235 0.7532683 0.4427547 0.0000000 0.2751486 0.5536050 0.6539921 0.6842123 0.6914873 0.6629327 0.7162668 0.8500708 0.7662748 0.5951993 0.8126197 1.0594901 1.1538950 1.1538950 1.1452678 1.0612936 1.2590717 1.0750176 1.3408316 1.1575465 1.2008254 1.0743568 
Acagra_model.g32005.t1.1.5d3b8c56                        0.5248726 0.5021360 0.5758375 0.4792145 0.5258976 0.5106593 0.5109096 0.4800754 0.4863518 0.4656089 0.4813758 0.6174937 0.7168822 0.6362971 0.6431578 0.6386667 0.6220571 0.5411846 0.6280088 0.6767220 0.5624531 0.5876248 0.8439659 0.7697304 0.7534603 0.8021505 0.7793945 0.7819330 0.7819330 0.7387319 0.7456634 0.7384946 0.7384946 0.7644993 0.3644357 0.2751486 0.0000000 0.5327868 0.6905263 0.6472189 0.6807359 0.6571938 0.6987738 0.8269363 0.7495122 0.5852120 0.9682526 1.0136471 1.0916030 1.0916030 1.0262729 1.0160663 1.1010817 1.0795608 1.4043501 1.1509169 1.1920758 1.0721139 
Cscu_XM_023371127.1                                      0.4930755 0.5910510 0.6439025 0.5843611 0.5508689 0.5359527 0.5763494 0.5251557 0.5235541 0.5549866 0.5469089 0.6267686 0.6618607 0.5999343 0.5627803 0.6673047 0.6196133 0.5937701 0.5910504 0.6278054 0.5405087 0.5664829 0.7028646 0.7198466 0.6836052 0.7212049 0.7257736 0.7244789 0.7244789 0.6441154 0.6519571 0.6645332 0.6645332 0.6947664 0.6985407 0.5536050 0.5327868 0.0000000 0.6685928 0.6523023 0.7052050 0.7040065 0.7596575 0.7951440 0.7425097 0.5337383 1.0083619 1.1940233 1.2580902 1.2580902 1.2351103 1.2316661 1.3821223 1.2556504 1.3814105 1.2534040 1.3955839 1.2272306 
Scil_scict023698.1                                       0.6848095 0.6252717 0.6183986 0.5797574 0.6120380 0.6150432 0.6112458 0.5792844 0.5717878 0.5926696 0.5770595 0.6490263 0.6311392 0.7091275 0.6517393 0.6583726 0.6145730 0.5654371 0.7034279 0.7231791 0.6684423 0.6228218 0.7607422 0.7658988 0.7670479 0.7556361 0.6329544 0.7881767 0.7881767 0.7208600 0.7147197 0.7455634 0.7455634 0.7842883 0.7537924 0.6539921 0.6905263 0.6685928 0.0000000 0.2002023 0.1626085 0.2744036 0.3442653 0.8553777 0.8003964 0.6208052 1.2374293 1.1262829 1.1727702 1.1727702 1.1991050 1.1366360 1.2252709 1.1735291 1.4807380 1.2595210 1.0911641 1.2311185 
Lcom_lcpid89211                                          0.6468055 0.6272254 0.6655199 0.6235285 0.5948232 0.5932037 0.6121157 0.5721907 0.5530514 0.5749355 0.5762482 0.5699368 0.6254447 0.6778481 0.6354393 0.6851701 0.6793157 0.5309065 0.6628610 0.6976565 0.6872974 0.6332869 0.7296549 0.7446404 0.6907179 0.7263844 0.6903216 0.7716535 0.7716535 0.7085384 0.7024611 0.7183915 0.7183915 0.7565483 0.6988733 0.6842123 0.6472189 0.6523023 0.2002023 0.0000000 0.1606175 0.2573077 0.3294500 0.8750945 0.8366138 0.5721771 1.2529804 1.1622924 1.2417815 1.2417815 1.2488518 1.1740035 1.2626777 1.1837595 1.4400500 1.2404046 1.1654781 1.1915018 
Gracom_Gcom_scaffold11508_01                             0.7163186 0.6290600 0.6726619 0.6108647 0.5757085 0.5786962 0.6149687 0.5840910 0.5832928 0.5788390 0.5827884 0.6159445 0.6579156 0.6315263 0.6059504 0.7026623 0.6612945 0.5711692 0.7173954 0.7452939 0.6971063 0.6425373 0.6803548 0.6794788 0.6629000 0.6302890 0.7059045 0.7626974 0.7626974 0.7038921 0.6980162 0.7183825 0.7183825 0.7524859 0.7822665 0.6914873 0.6807359 0.7052050 0.1626085 0.1606175 0.0000000 0.2398596 0.3174382 0.8336018 0.8234678 0.6040670 1.2103425 1.2260087 1.2842146 1.2842146 1.2948917 1.2426739 1.2862670 1.2499841 1.5198626 1.2940481 1.1649830 1.3078648 
Leuniv_Lniv_scaffold22063_01                             0.6855092 0.5105204 0.6847280 0.5839656 0.5705313 0.5770614 0.5750631 0.5358014 0.5341052 0.5563944 0.5302479 0.6147594 0.6026158 0.6403264 0.6096701 0.6145579 0.5909506 0.5307055 0.6319487 0.6945763 0.5985165 0.6337885 0.6595625 0.6264563 0.6322348 0.6363681 0.6995145 0.7295106 0.7295106 0.7015839 0.6980700 0.7211508 0.7211508 0.7734318 0.7405039 0.6629327 0.6571938 0.7040065 0.2744036 0.2573077 0.2398596 0.0000000 0.3911969 0.6912295 0.8239577 0.5809997 1.2918076 1.1053025 1.1563371 1.1563371 1.1878941 1.1434942 1.1301802 1.0884159 1.4415341 1.1872666 1.1313246 1.1546675 
Clacor_Ccor_scaffold13343_01                             0.7105467 0.6634610 0.6770890 0.6879738 0.6312204 0.6343708 0.6635717 0.6400766 0.6333060 0.5950169 0.5914101 0.6488035 0.7169846 0.5981673 0.5715957 0.7123350 0.6199182 0.5779220 0.7139050 0.7406517 0.7658689 0.5956832 0.7107599 0.7398898 0.6801349 0.6973534 0.7388272 0.7666901 0.7666901 0.7122761 0.7024150 0.7313857 0.7313857 0.7418476 0.7587494 0.7162668 0.6987738 0.7596575 0.3442653 0.3294500 0.3174382 0.3911969 0.0000000 0.8701976 0.9202762 0.6940089 1.2635819 1.1337069 1.2286388 1.2286388 1.2659834 1.1383748 1.2336430 1.1542015 1.3274085 1.1951955 1.2027922 1.1597724 
Hvul_g32835_1                                            0.7387797 0.6903205 0.7473562 0.6305216 0.6613322 0.6539250 0.6550618 0.6402465 0.6459848 0.6485800 0.6447301 0.7320856 0.7389137 0.6683963 0.6676700 0.7438932 0.6563152 0.6501033 0.6817247 0.6971236 0.7070345 0.7670680 0.6003823 0.5124680 0.5021618 0.5441485 0.5966615 0.9517567 0.9517567 0.8653904 0.8666839 0.8915662 0.8915662 0.8975018 0.9446334 0.8500708 0.8269363 0.7951440 0.8553777 0.8750945 0.8336018 0.6912295 0.8701976 0.0000000 0.9539053 0.6355969 1.5160310 1.3735877 1.3851743 1.3851743 1.3849262 1.4814437 1.5679682 1.4014472 1.6870776 1.5055742 1.2982660 1.3920786 
Tcas_TC011782_001                                        0.7461573 0.7831078 0.8627554 0.7872986 0.8778226 0.8724390 0.8466585 0.8184422 0.8226290 0.8435619 0.8476207 0.9498610 0.9906092 0.8392708 0.8367783 0.6910689 0.6933610 0.7347922 0.7843409 0.8238619 0.7834484 0.7539766 0.9922111 0.9674434 0.8895392 0.9451988 0.9669940 0.9205041 0.9205041 0.8483788 0.8521516 0.8641902 0.8641902 0.9268118 0.8983171 0.7662748 0.7495122 0.7425097 0.8003964 0.8366138 0.8234678 0.8239577 0.9202762 0.9539053 0.0000000 0.7365428 1.2465261 1.1527400 1.1982038 1.1982038 1.2281339 1.2482532 1.2866272 1.1476944 1.6826136 1.3457079 1.2695134 1.2494513 
Stycar_maker-SC_scaffold4068-augustus-gene-0.34-mRNA-1   0.5217684 0.4958038 0.5794517 0.4784880 0.4688733 0.4688733 0.4721102 0.4688349 0.4608609 0.4978755 0.4930884 0.5267769 0.6045203 0.5818849 0.4962283 0.4119392 0.4029006 0.3868587 0.4624021 0.4713895 0.4434911 0.5236591 0.5995974 0.5813568 0.5362519 0.5409075 0.5826990 0.6691688 0.6691688 0.6112783 0.5980910 0.5931171 0.5931171 0.6292676 0.5650082 0.5951993 0.5852120 0.5337383 0.6208052 0.5721771 0.6040670 0.5809997 0.6940089 0.6355969 0.7365428 0.0000000 0.7978309 1.2394699 1.2232568 1.2232568 1.2959657 1.3569090 1.4194080 1.3147247 1.5809140 1.3071282 1.2468950 1.2166907 
Plespi_Pspi_scaffold9636_01                              1.0298331 1.0016689 0.9841430 0.8599812 1.1766800 1.1441140 1.0500842 1.1063387 1.0055424 1.0647782 1.0816239 1.0347690 1.1985215 1.1620606 1.0270293 0.9575675 0.9209317 0.9614174 0.8140826 0.8604122 0.9987501 0.9951260 1.2772390 1.4560123 1.3266136 1.3254419 1.1846983 1.2020161 1.2020161 1.1603117 1.1588640 1.1694516 1.1694516 1.1624375 1.0028978 0.8126197 0.9682526 1.0083619 1.2374293 1.2529804 1.2103425 1.2918076 1.2635819 1.5160310 1.2465261 0.7978309 0.0000000 2.0260775 2.2421678 2.2421678 2.3342484 2.0044372 2.4064931 2.1021362 2.4113840 2.4110402 2.0822903 2.1224499 
Mlei_ML0125.g17.i1                                       1.2924418 1.1908475 1.1620351 1.2809392 1.2223069 1.2141368 1.2464730 1.2627269 1.2504879 1.2433598 1.2309669 1.2574713 1.3518214 1.3795630 1.3738575 1.2482792 1.2420443 1.2186677 1.2640294 1.3556260 1.2432294 1.2538908 1.3078353 1.4204886 1.3648369 1.3118785 1.2240093 1.5256612 1.5256612 1.4506856 1.4710098 1.4388036 1.4388036 1.4957109 1.1704092 1.0594901 1.0136471 1.1940233 1.1262829 1.1622924 1.2260087 1.1053025 1.1337069 1.3735877 1.1527400 1.2394699 2.0260775 0.0000000 0.1827082 0.1827082 0.2078260 0.2546551 0.3091266 0.2792859 0.3950806 0.3176394 0.3792813 0.4576350 
Bolinf_Binf_sb1210844                                    1.2979805 1.2076409 1.1912675 1.3028244 1.2719251 1.2638006 1.2592001 1.2908061 1.2880601 1.3039827 1.3026746 1.2920868 1.3780738 1.3585907 1.3678790 1.2545210 1.2437986 1.2528118 1.3076296 1.3321932 1.2310700 1.1849470 1.3400401 1.4752149 1.4974286 1.3532796 1.2760782 1.5637358 1.5637358 1.4818698 1.5247533 1.4860463 1.4860463 1.5364217 1.2574879 1.1538950 1.0916030 1.2580902 1.1727702 1.2417815 1.2842146 1.1563371 1.2286388 1.3851743 1.1982038 1.2232568 2.2421678 0.1827082 0.0000000 0.0000010 0.2997022 0.3735767 0.4061498 0.3334638 0.4242052 0.3438256 0.4164833 0.5487304 
Mertsp_Mesp_sb553394                                     1.2979805 1.2076409 1.1912675 1.3028244 1.2719251 1.2638006 1.2592001 1.2908061 1.2880601 1.3039827 1.3026746 1.2920868 1.3780738 1.3585907 1.3678790 1.2545210 1.2437986 1.2528118 1.3076296 1.3321932 1.2310700 1.1849470 1.3400401 1.4752149 1.4974286 1.3532796 1.2760782 1.5637358 1.5637358 1.4818698 1.5247533 1.4860463 1.4860463 1.5364217 1.2574879 1.1538950 1.0916030 1.2580902 1.1727702 1.2417815 1.2842146 1.1563371 1.2286388 1.3851743 1.1982038 1.2232568 2.2421678 0.1827082 0.0000010 0.0000000 0.2997022 0.3735767 0.4061498 0.3334638 0.4242052 0.3438256 0.4164833 0.5487304 
Beraby_Baby_sb333457                                     1.3039749 1.2408670 1.1893656 1.2545592 1.3149004 1.3066302 1.3419957 1.3749419 1.3571753 1.3595238 1.3578870 1.2492689 1.3414549 1.4508077 1.5112622 1.2450398 1.2439333 1.2338489 1.2573798 1.2791894 1.2840085 1.2445064 1.3281818 1.4719771 1.4600002 1.3585268 1.2893376 1.5779778 1.5779778 1.5038660 1.5035423 1.5252882 1.5252882 1.5512391 1.1879333 1.1452678 1.0262729 1.2351103 1.1991050 1.2488518 1.2948917 1.1878941 1.2659834 1.3849262 1.2281339 1.2959657 2.3342484 0.2078260 0.2997022 0.2997022 0.0000000 0.3402464 0.3356995 0.3313946 0.4233792 0.3623097 0.3240987 0.5027139 
Coemet_Cmet_scaffold9188_01                              1.3416104 1.2780423 1.1816709 1.3096748 1.2971314 1.2891129 1.2886482 1.3222500 1.3115535 1.2975701 1.2851008 1.2295071 1.3351846 1.4048024 1.4257228 1.2911862 1.2673085 1.2467501 1.2703812 1.3641837 1.2776344 1.2872503 1.2960118 1.4596277 1.4136194 1.2812301 1.2750913 1.4963564 1.4963564 1.4397930 1.4682632 1.4507646 1.4507646 1.4906454 1.2805063 1.0612936 1.0160663 1.2316661 1.1366360 1.1740035 1.2426739 1.1434942 1.1383748 1.4814437 1.2482532 1.3569090 2.0044372 0.2546551 0.3735767 0.3735767 0.3402464 0.0000000 0.2523762 0.3104503 0.5064412 0.3877853 0.4863896 0.4949894 
Vmul_SimC392986                                          1.4064011 1.4073494 1.2942098 1.3921516 1.4529884 1.4687622 1.4544777 1.4953363 1.4747249 1.4939906 1.4638713 1.3003988 1.4259607 1.4949279 1.5393473 1.3122732 1.3087325 1.3125236 1.3872825 1.4140290 1.4088831 1.3464270 1.4303472 1.5681727 1.4972819 1.4290669 1.4110608 1.6330941 1.6330941 1.6027181 1.6245294 1.6256746 1.6256746 1.6523798 1.3558958 1.2590717 1.1010817 1.3821223 1.2252709 1.2626777 1.2862670 1.1301802 1.2336430 1.5679682 1.2866272 1.4194080 2.4064931 0.3091266 0.4061498 0.4061498 0.3356995 0.2523762 0.0000000 0.2992208 0.5593429 0.4196072 0.4895801 0.5263980 
Lampan_Lpan_9310_01                                      1.3416830 1.2231546 1.2279286 1.3004317 1.2925665 1.3070249 1.3047399 1.3213518 1.2933532 1.3133598 1.2934725 1.2627787 1.3552905 1.3583371 1.3990092 1.2771937 1.2350946 1.2864116 1.2863828 1.3114015 1.2830851 1.2097730 1.3872468 1.5117773 1.4646165 1.4049661 1.2964996 1.5653259 1.5653259 1.5133558 1.5398589 1.5065839 1.5065839 1.5536854 1.2378298 1.0750176 1.0795608 1.2556504 1.1735291 1.1837595 1.2499841 1.0884159 1.1542015 1.4014472 1.1476944 1.3147247 2.1021362 0.2792859 0.3334638 0.3334638 0.3313946 0.3104503 0.2992208 0.0000000 0.5165983 0.4183332 0.4476554 0.5979966 
Pbac_sb2661324                                           1.6347025 1.6307388 1.3665236 1.5783469 1.5142021 1.5007886 1.5133886 1.6027189 1.6208300 1.5198896 1.5498611 1.4225412 1.5860444 1.5218646 1.7514734 1.5982717 1.5356826 1.5462596 1.7287084 1.7559164 1.5636975 1.5175604 1.5632988 1.6960223 1.6355318 1.5053050 1.3749972 1.8625054 1.8625054 1.7787831 1.7966571 1.8277555 1.8277555 1.8283147 1.5664248 1.3408316 1.4043501 1.3814105 1.4807380 1.4400500 1.5198626 1.4415341 1.3274085 1.6870776 1.6826136 1.5809140 2.4113840 0.3950806 0.4242052 0.4242052 0.4233792 0.5064412 0.5593429 0.5165983 0.0000000 0.0165485 0.5517382 0.6840206 
Horcal_Hcv1.av93.c2.g1581.i1                             1.3895277 1.3833780 1.2314566 1.3002386 1.2906657 1.2798060 1.2962855 1.3577843 1.3708522 1.2976448 1.3197299 1.2342562 1.3481814 1.3352059 1.4989942 1.3453462 1.3237682 1.2978246 1.4228585 1.4556822 1.3734785 1.3377705 1.4123242 1.5142374 1.4697520 1.3659474 1.2834026 1.5939021 1.5939021 1.5389306 1.5653846 1.5747247 1.5747247 1.5866340 1.3209515 1.1575465 1.1509169 1.2534040 1.2595210 1.2404046 1.2940481 1.1872666 1.1951955 1.5055742 1.3457079 1.3071282 2.4110402 0.3176394 0.3438256 0.3438256 0.3623097 0.3877853 0.4196072 0.4183332 0.0165485 0.0000000 0.4692962 0.5651551 
Drygla_Dgla_sb294240                                     1.2898676 1.2824414 1.1607123 1.2068451 1.3562459 1.3479964 1.2972556 1.3472576 1.3327600 1.3227411 1.3221779 1.2849348 1.3655911 1.3858930 1.4244369 1.3088347 1.2709688 1.2701422 1.2344859 1.2184552 1.2672808 1.2754830 1.3047089 1.3927183 1.4093978 1.3087022 1.1912441 1.5018452 1.5018452 1.4457034 1.4609679 1.4749223 1.4749223 1.5083634 1.2809369 1.2008254 1.1920758 1.3955839 1.0911641 1.1654781 1.1649830 1.1313246 1.2027922 1.2982660 1.2695134 1.2468950 2.0822903 0.3792813 0.4164833 0.4164833 0.3240987 0.4863896 0.4895801 0.4476554 0.5517382 0.4692962 0.0000000 0.6086512 
Eupdun_Edun_sb10630485                                   1.2069169 1.3137732 1.2737209 1.3832288 1.3645882 1.3561254 1.3971641 1.3999626 1.3704401 1.3421635 1.3798059 1.2264468 1.3708358 1.3922544 1.3877781 1.2444824 1.2548689 1.1739589 1.3950964 1.3353547 1.2943729 1.3346483 1.3772127 1.4674128 1.4047672 1.3062836 1.3572898 1.5226250 1.5226250 1.4383275 1.4428502 1.4865989 1.4865989 1.4820927 1.2490671 1.0743568 1.0721139 1.2272306 1.2311185 1.1915018 1.3078648 1.1546675 1.1597724 1.3920786 1.2494513 1.2166907 2.1224499 0.4576350 0.5487304 0.5487304 0.5027139 0.4949894 0.5263980 0.5979966 0.6840206 0.5651551 0.6086512 0.0000000 
