61
Hsap_ENST00000264501                                   0.0000000 1.5571394 3.3490541 3.6408006 3.3358799 3.8609169 3.7013558 3.4398935 3.3917701 3.9717808 3.9702622 3.0741536 2.8803271 2.5642282 2.6263466 2.5294288 2.3940345 2.2521052 2.4079822 1.8355678 1.7076817 2.3181423 1.8996673 2.6539717 1.9147691 2.2566132 2.2494932 2.0857620 2.9550570 2.2894664 2.3302326 2.2793762 2.7189088 2.8108488 1.7220982 2.5830760 3.7450085 4.2192083 4.4371833 3.8969706 4.0881607 4.2399790 3.3424284 3.5926761 3.7843764 2.8857298 2.8906326 2.8965038 2.9258507 2.9574765 2.9529085 3.1099128 1.9173500 3.4523196 3.5757548 3.7662762 2.4991709 4.1403473 4.2113207 3.8447653 3.3955384 
Bralan_BLAG06101483_2                                  1.5571394 0.0000000 3.4624910 3.6240436 3.6289322 3.6661252 4.0312627 3.2962254 3.1238905 3.5467364 3.9359949 2.9633853 2.6797991 2.4067019 2.4122884 2.4241387 2.2622482 2.2750429 2.3507737 1.7428878 1.6371390 2.2699232 1.8860716 2.6015837 1.8583267 2.2298597 2.2270296 2.0287606 2.9443856 2.2860941 2.2743608 2.2572802 2.9734167 3.0057129 1.5710872 2.1057530 3.7923012 4.0363799 4.1032509 3.7152840 3.9183612 4.0793411 3.1716652 3.4327994 3.8049554 3.0657192 3.0868193 3.0188010 3.0209934 3.0207959 3.0159572 3.2154178 1.7870592 3.3307290 3.4774743 3.7409463 2.5173117 4.3851291 4.3966927 3.8518832 3.4607607 
Mlei_ML0464.g22.i1                                     3.3490541 3.4624910 0.0000000 0.9262724 0.7620476 0.8397890 0.8611627 0.6239318 0.7388995 0.7567605 0.3701138 2.5699964 3.7204176 3.4425268 3.5983181 3.5799292 3.3242530 3.3431934 3.4008887 3.3309977 3.5032855 4.6161105 3.4872777 3.3372988 3.3273482 3.4367840 3.4828716 3.3607323 3.2240628 3.4221704 3.4967557 3.4254146 2.9371790 3.2043106 3.4826945 3.5058674 4.0334159 3.5250518 4.4377410 4.4266457 3.7488280 4.5925450 4.3030131 3.5800270 4.1373234 4.0558220 4.1137791 4.1739516 4.1717303 4.1511376 4.1553287 3.3444816 3.2910648 4.4547940 4.2289226 4.3773643 3.1929321 6.5273181 4.4135650 3.5152775 2.8265930 
Vmul_SimC407192                                        3.6408006 3.6240436 0.9262724 0.0000000 0.3767277 0.4352404 0.9666072 0.8006982 1.1579493 1.2852045 0.9500754 4.2810111 3.9153574 3.8912039 3.9537932 3.8835152 3.3380453 3.6412690 3.6835521 3.5051760 3.5612622 4.0096068 3.6718608 4.0466823 3.4123728 3.4685837 3.4578408 3.3914690 3.7465771 3.4389152 3.4386220 3.4727981 3.4121916 2.7978448 3.6508422 3.1585293 3.8049882 4.0044634 4.5548159 4.2285931 3.8928565 4.9263076 4.0585989 3.2924532 4.3312207 4.4321893 4.4556583 4.2996617 4.3954763 4.4845378 4.4773226 4.3178265 3.2808638 4.2179611 4.2109113 4.6540312 4.1701163 8.2120113 4.3596250 3.2218061 6.0628755 
Coeast_Cast_sb793902                                   3.3358799 3.6289322 0.7620476 0.3767277 0.0000000 0.0149076 0.9261346 0.5828050 0.9869407 4.8314488 9.0000000 1.1052476 3.5735310 3.7639004 4.0472457 3.7220721 4.9615650 3.9318517 3.9157692 3.4216585 3.4654123 4.6104445 3.5784462 2.3757131 3.4895811 3.4202436 3.5204727 3.4846008 0.0000010 3.5169941 1.6322626 3.3927890 2.9500188 0.0000010 3.8692228 2.1743735 3.5610000 0.0000010 4.3246108 4.1397031 3.7729728 8.9999983 3.7549592 3.1094319 5.0555920 4.1250852 4.1314496 3.9981170 4.0344593 4.1439988 4.1794083 9.0000000 2.2959006 3.4550206 3.9087390 4.0119466 0.0000010 0.0000010 2.8650501 3.7730329 0.0000010 
Coemet_Cmet_scaffold17697_01                           3.8609169 3.6661252 0.8397890 0.4352404 0.0149076 0.0000000 0.9102454 0.6758124 1.0534345 1.0954687 0.8891393 5.1550770 4.0293706 3.9686928 3.9591674 3.8570586 3.9307814 3.9981303 4.0019179 3.7730087 3.7193149 4.1668869 3.7741236 4.8708477 3.5785603 3.7180009 3.7369605 3.5836561 4.4287455 3.7031063 3.7783898 3.6818421 3.9076825 4.0017586 3.8538089 3.6974078 4.1737409 5.2532576 4.7865635 4.6061964 4.2340383 4.9913600 4.2015845 3.0816474 4.5855252 4.6352005 4.7183200 4.6389047 4.6651055 4.7627761 4.7616015 5.7135836 3.7489345 4.1526203 3.8414145 4.4207002 4.8031618 5.7236626 4.6668298 4.4998645 5.0890109 
Eupdun_Edun_sb10652254                                 3.7013558 4.0312627 0.8611627 0.9666072 0.9261346 0.9102454 0.0000000 0.7519536 0.9809375 2.8915347 2.2293244 0.0000010 3.7639380 3.5936362 3.6355529 3.1832191 2.2130876 4.0046381 3.6918268 3.2125550 3.4630113 5.3608789 3.6162403 3.7790009 2.8896809 3.4814237 3.4814237 3.2404342 0.0000010 3.2479084 0.0000010 3.2035376 0.0000010 0.0000010 3.9996160 1.8281490 2.4975808 0.0000010 3.4849449 3.4859272 3.4661755 6.5283311 0.0000010 3.4174015 6.4410450 3.9907398 3.9907398 3.6989203 3.7229471 3.9135971 3.9627793 9.0000000 1.1933965 3.7075212 3.5140388 0.0000010 0.0000010 0.0000010 4.6930058 2.6792509 0.0000010 
Lampan_Lpan_9040_01                                    3.4398935 3.2962254 0.6239318 0.8006982 0.5828050 0.6758124 0.7519536 0.0000000 0.8872302 2.5716128 5.6807324 1.3475265 3.5085059 3.5709643 3.6799339 3.5257341 3.0649873 3.5666523 3.5821872 3.3931853 3.6436921 4.0853844 3.4259624 2.6608694 3.4055179 3.4803311 3.4860488 3.4577266 9.0000000 3.5591729 3.5924565 3.4844459 3.1237464 0.0000010 3.6774196 1.6915968 3.6190550 3.7210807 4.2854087 4.2043877 3.6073676 5.2204304 3.7915054 3.4351860 4.0517084 4.0243312 4.0278285 4.0121203 4.0408125 4.0597899 4.0743757 5.2002189 3.0317339 3.9549388 4.1856567 4.3989326 2.2951365 8.9999983 3.7872860 3.5779695 1.0354963 
Pbac_sb2658049                                         3.3917701 3.1238905 0.7388995 1.1579493 0.9869407 1.0534345 0.9809375 0.8872302 0.0000000 0.1249250 0.7299133 0.7000227 3.8079425 3.5406030 3.6674804 3.5106104 2.4103486 3.4101413 3.5893064 3.2868816 3.3747960 3.6219038 3.4420460 3.0767920 3.4039598 3.3785938 3.4772025 3.5188151 0.7005582 3.4519010 3.6493454 3.5268124 2.3938686 9.0000000 3.5712338 2.1608391 3.6897366 2.6035154 4.1108450 4.0716081 3.6670530 4.7815681 4.0225512 3.5353896 4.1757308 4.1130516 4.1635805 4.1116899 4.1012506 4.1554555 4.1523453 4.7624973 3.2360114 4.2701892 4.0183135 4.5355836 3.1511342 9.0000000 4.0531179 3.0245115 0.7005582 
Horcal_Hcv1.av93.c3.g1065.i2                           3.9717808 3.5467364 0.7567605 1.2852045 4.8314488 1.0954687 2.8915347 2.5716128 0.1249250 0.0000000 0.6084300 4.6604097 4.8750659 4.4238920 4.3725675 4.2866836 4.7317245 3.9566247 4.0913370 3.8835702 3.8122952 3.9273053 3.9912390 4.6970226 3.8761180 4.1355436 4.1672223 4.2870262 4.9110645 4.1333632 4.2208822 4.1872718 3.6505145 4.3431658 3.8761218 3.4909135 4.9686224 5.2843231 4.8675811 4.9476733 4.5844239 3.9488910 3.7360293 5.2644446 4.7150900 4.8577327 4.9315038 5.0251308 5.0751445 5.2883198 5.2664805 5.7769962 4.0982741 4.7232762 3.8967122 5.2131583 4.8021324 6.0364230 4.9789965 4.6250175 5.1455956 
Beraby_Baby_sb342926                                   3.9702622 3.9359949 0.3701138 0.9500754 9.0000000 0.8891393 2.2293244 5.6807324 0.7299133 0.6084300 0.0000000 5.7587905 4.6789068 4.2041246 4.0731772 4.4973348 4.5783303 3.8062160 3.7982162 3.8702509 3.8303015 4.7136394 4.1317593 5.3681812 3.7573820 4.1712392 4.2469511 4.0125075 4.8316054 4.0235420 4.0422794 3.9968826 3.1949645 3.5869418 3.7605535 5.3083231 5.0683413 5.0545449 4.7185133 4.7565092 4.6140132 4.0294142 4.1716583 5.2273148 4.6895718 4.9705644 5.0001853 5.3513937 5.3595951 5.4892440 5.4512418 7.8739344 4.0302148 4.3744623 3.3198594 3.0707913 4.8424636 7.5551696 5.1483809 4.1491766 6.4290592 
Hvul_g15385_1                                          3.0741536 2.9633853 2.5699964 4.2810111 1.1052476 5.1550770 0.0000010 1.3475265 0.7000227 4.6604097 5.7587905 0.0000000 2.0601733 1.8988306 1.9548356 1.8654089 1.3963567 2.4728933 2.5699132 2.9637202 3.0621221 2.2332027 3.1515878 2.4657431 3.3703702 2.4577440 2.4489167 3.8847145 3.2556904 2.4255327 2.4708625 2.5712284 2.6490182 2.6562471 4.3133235 2.7128405 5.1871108 4.4100089 7.0996453 4.3471297 5.5009197 7.7347863 3.2508367 3.1597524 5.2360468 3.3993115 3.4183752 3.3345617 3.3313381 3.3958382 3.4047381 3.4141534 3.2565429 2.9889359 1.8973135 9.0000000 3.4877920 4.2014383 5.1512337 4.2422301 1.8442120 
Aaur_scaffold57.g22.t1                                 2.8803271 2.6797991 3.7204176 3.9153574 3.5735310 4.0293706 3.7639380 3.5085059 3.8079425 4.8750659 4.6789068 2.0601733 0.0000000 0.6930391 0.6475987 0.7493010 1.0373251 2.3178284 2.4195109 2.8065398 2.8853553 2.3319925 2.8172745 2.5713219 2.0088404 2.2813529 2.2456473 2.1652190 2.6737121 2.2578671 2.4793239 2.2490877 3.0278006 2.9578784 2.7970555 1.8985914 4.1338484 4.7778586 4.8794474 4.2765215 4.3074984 4.9307754 3.6812436 3.2488556 4.6093574 3.6668668 3.6944994 3.6423418 3.6511179 3.6651684 3.6629388 4.0447186 3.1710574 3.6560872 3.9078833 4.3222164 3.6552927 4.7826386 4.8704307 4.4243010 2.2097852 
Nemnom_g8186.t1                                        2.5642282 2.4067019 3.4425268 3.8912039 3.7639004 3.9686928 3.5936362 3.5709643 3.5406030 4.4238920 4.2041246 1.8988306 0.6930391 0.0000000 0.2624478 0.7810186 1.0673416 2.0430070 2.1766695 2.5244442 2.5477302 2.3897041 2.6260669 2.3202385 1.8233350 1.9906090 1.9723332 1.8867740 2.6279884 1.9854037 2.0459101 2.0065239 2.7212081 2.5859716 2.6408618 2.7478102 3.9564155 4.2230915 4.4505357 3.8264471 4.1068185 4.4001939 3.3291455 3.1322000 4.2257555 3.2107698 3.2208126 3.2601495 3.3072199 3.2735409 3.2596632 3.6326677 2.7703481 3.4452944 3.6561414 3.7519778 3.2114014 4.3221000 4.2921514 4.0842657 2.1531795 
Rhoesc_Res_000973-T1                                   2.6263466 2.4122884 3.5983181 3.9537932 4.0472457 3.9591674 3.6355529 3.6799339 3.6674804 4.3725675 4.0731772 1.9548356 0.6475987 0.2624478 0.0000000 0.7628641 1.0751460 2.0609909 2.2239073 2.5101203 2.5425371 2.4153776 2.6347248 2.3375894 1.7940770 2.0071213 1.9970003 1.9205549 2.5748925 2.0005513 2.0514460 1.9846649 2.7417017 2.6935095 2.6652877 2.6784255 3.8763472 4.1766067 4.4522723 3.8407238 4.0677938 4.2512174 3.2336627 3.3727834 4.0986126 3.2175447 3.2319259 3.2741582 3.3048269 3.2785550 3.2675354 3.6180713 2.7968192 3.5345539 3.5198672 3.8792214 3.1999705 4.3714557 4.5010904 3.9492505 2.1509446 
Sanmal_Sma_010923-T1                                   2.5294288 2.4241387 3.5799292 3.8835152 3.7220721 3.8570586 3.1832191 3.5257341 3.5106104 4.2866836 4.4973348 1.8654089 0.7493010 0.7810186 0.7628641 0.0000000 1.0579189 1.9959399 2.1178480 2.5039530 2.5442126 2.3384064 2.5052892 2.3044298 1.7190084 1.9386900 1.9318360 1.9104319 2.6220549 1.9389207 2.0001635 1.9360062 2.6682318 2.6746327 2.6450529 2.4636912 4.0872700 4.1091478 4.4297002 3.8236732 4.1891112 4.4437350 3.3679647 3.2552951 3.9785385 3.2037660 3.2393866 3.1561148 3.2093368 3.2292933 3.2230626 3.4797398 2.7287463 3.3852873 3.6294121 3.5724225 3.1898221 4.4865981 4.4221763 4.1658085 2.1549035 
Morvir_scaffold607.g5.t1                               2.3940345 2.2622482 3.3242530 3.3380453 4.9615650 3.9307814 2.2130876 3.0649873 2.4103486 4.7317245 4.5783303 1.3963567 1.0373251 1.0673416 1.0751460 1.0579189 0.0000000 1.6493803 1.7953855 2.3570238 2.2463761 2.6759859 2.5076948 1.5792276 1.7791891 1.5798445 1.6016043 1.2483197 2.0978815 1.6163088 1.6484847 1.6250679 2.2859766 2.1534208 2.7173720 4.4999801 4.3935530 3.5449654 5.0329272 3.4665277 4.1083039 3.0766110 1.9332988 4.3178036 4.1155828 2.8160395 2.8509348 2.9176466 2.8723517 2.8933546 2.8931358 2.8841981 2.5381421 3.5531568 3.2048476 2.3048929 2.8112698 3.5385154 4.2981841 3.4786738 1.3064269 
Dgig_XM_028548936.1                                    2.2521052 2.2750429 3.3431934 3.6412690 3.9318517 3.9981303 4.0046381 3.5666523 3.4101413 3.9566247 3.8062160 2.4728933 2.3178284 2.0430070 2.0609909 1.9959399 1.6493803 0.0000000 0.5592492 2.3669590 2.3192155 2.3880492 2.3939861 1.7330479 1.2991825 1.4664753 1.4650119 1.3654421 1.9684805 1.4634829 1.5100420 1.4681200 2.4583638 2.4767504 2.3743133 2.4265380 3.8140851 4.1348836 4.0758163 3.7121287 3.8546316 3.7265542 3.2364059 3.3961393 3.8296776 3.0344837 3.0376538 3.0926172 3.0991125 3.1138301 3.1049529 3.2745596 2.4749422 3.3660470 3.6333814 3.5198184 2.9570053 3.9835421 3.9019438 3.9417549 3.2093443 
Xesp_015890-T1                                         2.4079822 2.3507737 3.4008887 3.6835521 3.9157692 4.0019179 3.6918268 3.5821872 3.5893064 4.0913370 3.7982162 2.5699132 2.4195109 2.1766695 2.2239073 2.1178480 1.7953855 0.5592492 0.0000000 2.5074457 2.5180489 2.3817109 2.4820181 1.9085697 1.4416224 1.6772358 1.6395989 1.5040037 2.1853154 1.6329951 1.6826195 1.6185063 2.5301700 2.5826274 2.4949358 2.4015982 3.8486844 4.1760165 4.3003068 3.7714706 4.0603625 3.9714764 3.0584597 3.5720891 3.9083622 3.1148898 3.1483861 3.2115608 3.2012589 3.2372642 3.2295655 3.4390520 2.6471920 3.3514367 3.5240648 3.3593289 3.2091986 4.1590314 4.0365635 3.9793157 3.3329086 
Tcas_TC033411_001                                      1.8355678 1.7428878 3.3309977 3.5051760 3.4216585 3.7730087 3.2125550 3.3931853 3.2868816 3.8835702 3.8702509 2.9637202 2.8065398 2.5244442 2.5101203 2.5039530 2.3570238 2.3669590 2.5074457 0.0000000 1.0652529 2.2898775 1.1654423 2.6971190 1.9345553 2.3975491 2.3683105 2.1820041 3.0317610 2.3730202 2.4820430 2.3895272 2.9533692 3.1893324 1.5440907 2.5862682 3.8711663 4.1783247 4.1807709 3.8656853 3.9427230 4.0782444 3.0954503 3.3249322 3.7960888 2.9888536 3.0140605 3.0282438 3.0200416 3.0585558 3.0559696 3.1732111 1.5722055 3.3960512 3.7939516 3.8648428 2.4027533 4.1502027 4.3413246 4.1252488 3.6008817 
Cscu_XM_023362685.1                                    1.7076817 1.6371390 3.5032855 3.5612622 3.4654123 3.7193149 3.4630113 3.6436921 3.3747960 3.8122952 3.8303015 3.0621221 2.8853553 2.5477302 2.5425371 2.5442126 2.2463761 2.3192155 2.5180489 1.0652529 0.0000000 2.3324082 1.1994626 2.6347577 1.9299543 2.3645166 2.3526334 2.1922544 3.0226190 2.3434370 2.4057357 2.3463982 2.9994482 2.9925203 1.4003687 2.8649969 3.9681898 4.1784029 4.1615503 3.8487500 4.1461539 4.0854146 3.3207933 3.5541438 3.8464275 3.0034559 3.0170499 3.0284551 3.0450230 3.0483461 3.0436380 3.1860852 1.4359398 3.3850547 3.6834895 3.7601710 2.4152901 4.3661770 4.3436815 4.2041198 3.5935571 
Bolinf_Binf_sb1229274                                  2.3181423 2.2699232 4.6161105 4.0096068 4.6104445 4.1668869 5.3608789 4.0853844 3.6219038 3.9273053 4.7136394 2.2332027 2.3319925 2.3897041 2.4153776 2.3384064 2.6759859 2.3880492 2.3817109 2.2898775 2.3324082 0.0000000 2.3172046 2.0453312 3.5505377 2.1003942 2.1429736 3.0159263 2.4352076 2.1634135 1.9427306 2.1382570 5.6193721 4.1494553 3.5960662 5.5109050 3.2978336 3.2027046 4.3608675 3.2778732 3.8625952 5.2794168 7.8386020 8.2082713 5.1887517 3.2247719 3.4378737 3.2747659 3.3146842 3.3568037 3.3568037 3.0159370 2.4818265 4.3229182 4.5491613 2.9707728 2.5877429 2.9727530 6.4227397 2.7792668 3.5003855 
Dpul_mRNA2700                                          1.8996673 1.8860716 3.4872777 3.6718608 3.5784462 3.7741236 3.6162403 3.4259624 3.4420460 3.9912390 4.1317593 3.1515878 2.8172745 2.6260669 2.6347248 2.5052892 2.5076948 2.3939861 2.4820181 1.1654423 1.1994626 2.3172046 0.0000000 2.7859190 1.9925131 2.3920249 2.3744299 2.2627135 3.0798356 2.4183543 2.4839896 2.4322058 2.6347570 2.8168985 1.6497915 2.6519367 4.0934752 4.4671780 4.0524504 3.8894582 4.0792141 4.1318052 2.9237656 3.2449484 3.9764176 3.1094331 3.1319002 3.0953896 3.0956863 3.1333397 3.1271610 3.3964729 1.7541066 3.4989832 3.6871628 3.4498676 2.5860384 4.4000035 4.3992604 4.2015291 3.5637675 
Exapal_XM_028661502.1                                  2.6539717 2.6015837 3.3372988 4.0466823 2.3757131 4.8708477 3.7790009 2.6608694 3.0767920 4.6970226 5.3681812 2.4657431 2.5713219 2.3202385 2.3375894 2.3044298 1.5792276 1.7330479 1.9085697 2.6971190 2.6347577 2.0453312 2.7859190 0.0000000 1.0758901 1.0854484 1.0407010 1.3318516 1.2248106 0.9895976 0.9858101 1.0244880 2.7051282 2.3582285 3.3431798 2.5301102 4.8437268 4.3075389 5.7980024 4.2339943 4.6977471 4.5129223 2.6771452 1.8409643 5.5162227 3.1605846 3.1766027 3.1888326 3.1604970 3.2221417 3.2181556 3.1685324 2.6518479 2.9787386 2.6468117 1.7023251 3.2383696 4.1093187 4.7836869 3.9236458 3.0436780 
Nvec_NVE14048                                          1.9147691 1.8583267 3.3273482 3.4123728 3.4895811 3.5785603 2.8896809 3.4055179 3.4039598 3.8761180 3.7573820 3.3703702 2.0088404 1.8233350 1.7940770 1.7190084 1.7791891 1.2991825 1.4416224 1.9345553 1.9299543 3.5505377 1.9925131 1.0758901 0.0000000 0.7676769 0.7496378 0.7397303 0.8801188 0.7395103 0.8100585 0.7401781 2.2312266 2.6684716 1.9098100 1.6716138 3.4161350 3.4502793 3.7074013 3.5285100 3.4703486 3.8994725 3.1887635 3.3152014 3.5871616 2.8571876 2.8833483 2.9079201 2.9269287 2.9643159 2.9456026 4.4644847 2.0586544 3.3032503 3.6156855 3.5950082 2.7739706 5.8082764 3.5479734 2.4242508 2.6175288 
Adig_XM_015914233.1                                    2.2566132 2.2298597 3.4367840 3.4685837 3.4202436 3.7180009 3.4814237 3.4803311 3.3785938 4.1355436 4.1712392 2.4577440 2.2813529 1.9906090 2.0071213 1.9386900 1.5798445 1.4664753 1.6772358 2.3975491 2.3645166 2.1003942 2.3920249 1.0854484 0.7676769 0.0000000 0.0272294 0.2527025 0.4026588 0.3361156 0.3625676 0.3377505 2.3195887 2.3245322 2.3349636 3.0936611 3.9316098 3.9023851 4.0961764 3.7294589 3.8938759 3.5470835 3.0093226 3.4233025 3.5565904 3.0895356 3.1065571 3.0968472 3.1024283 3.1189428 3.1153470 3.4906063 2.5549835 3.2894197 3.7808878 3.9193652 3.0650192 4.0638703 4.1084667 3.9679175 3.0328412 
Amil_Amillepora07722-RA                                2.2494932 2.2270296 3.4828716 3.4578408 3.5204727 3.7369605 3.4814237 3.4860488 3.4772025 4.1672223 4.2469511 2.4489167 2.2456473 1.9723332 1.9970003 1.9318360 1.6016043 1.4650119 1.6395989 2.3683105 2.3526334 2.1429736 2.3744299 1.0407010 0.7496378 0.0272294 0.0000000 0.2303178 0.3476387 0.3082902 0.3371273 0.3205962 2.3494644 2.2995889 2.2752597 2.9839887 3.8990531 3.9528418 4.0478792 3.7300442 3.8812198 3.7083564 3.0286907 3.4233025 3.6090731 3.0167044 3.0352012 3.0228599 3.0322989 3.0596254 3.0639250 3.5363405 2.5444537 3.2482769 3.6317808 3.8086673 3.0922521 4.1548054 4.1251990 4.0546817 2.9816476 
Gfas_gfas1.m1.14787.m1                                 2.0857620 2.0287606 3.3607323 3.3914690 3.4846008 3.5836561 3.2404342 3.4577266 3.5188151 4.2870262 4.0125075 3.8847145 2.1652190 1.8867740 1.9205549 1.9104319 1.2483197 1.3654421 1.5040037 2.1820041 2.1922544 3.0159263 2.2627135 1.3318516 0.7397303 0.2527025 0.2303178 0.0000000 0.2242976 0.2329323 0.2730957 0.2465403 1.9816844 2.3377030 2.1092471 2.1194470 3.6113792 3.7339604 3.9245676 3.6558395 3.5439842 3.8011898 3.1506657 3.2696646 3.5455409 2.9097962 2.9381984 3.0395228 3.0370859 3.0706760 3.0631015 5.6631875 2.4176949 3.4828370 3.6651874 3.8051730 3.3557351 7.0612832 3.8160036 3.5728729 3.1951026 
Fspp_ffun1.m4.5887.m1                                  2.9550570 2.9443856 3.2240628 3.7465771 0.0000010 4.4287455 0.0000010 9.0000000 0.7005582 4.9110645 4.8316054 3.2556904 2.6737121 2.6279884 2.5748925 2.6220549 2.0978815 1.9684805 2.1853154 3.0317610 3.0226190 2.4352076 3.0798356 1.2248106 0.8801188 0.4026588 0.3476387 0.2242976 0.0000000 0.1527900 0.2326754 0.2409474 2.3182060 2.1993710 2.9283794 1.4392219 4.8519481 4.8959693 5.0802379 4.8073861 5.2312462 3.5217113 3.4007921 3.3674436 5.0885346 3.7863044 3.8436056 3.7320144 3.7175077 3.7670479 3.7841224 4.0686259 2.9640751 2.7592256 9.0000000 0.0000010 3.7577459 4.9718906 4.7102198 5.6653223 2.9750001 
Gasp_gasp1.m3.429.m1                                   2.2894664 2.2860941 3.4221704 3.4389152 3.5169941 3.7031063 3.2479084 3.5591729 3.4519010 4.1333632 4.0235420 2.4255327 2.2578671 1.9854037 2.0005513 1.9389207 1.6163088 1.4634829 1.6329951 2.3730202 2.3434370 2.1634135 2.4183543 0.9895976 0.7395103 0.3361156 0.3082902 0.2329323 0.1527900 0.0000000 0.2242461 0.2092768 2.2905073 2.2869256 2.2980805 2.6508255 3.7678547 3.8179279 4.1394339 3.6909680 3.8968065 3.8728228 3.1416509 3.1227811 3.6902681 2.9727262 2.9927851 2.9950020 2.9811566 3.0383357 3.0413937 3.4479488 2.5319266 3.3913766 3.6324965 3.7136897 3.0141414 4.1107170 4.2030435 4.0710647 3.0258249 
Spis_XP_022799727_1                                    2.3302326 2.2743608 3.4967557 3.4386220 1.6322626 3.7783898 0.0000010 3.5924565 3.6493454 4.2208822 4.0422794 2.4708625 2.4793239 2.0459101 2.0514460 2.0001635 1.6484847 1.5100420 1.6826195 2.4820430 2.4057357 1.9427306 2.4839896 0.9858101 0.8100585 0.3625676 0.3371273 0.2730957 0.2326754 0.2242461 0.0000000 0.0839507 2.2004367 2.1379369 2.3682984 2.7288328 4.0695859 3.7499737 4.0323085 3.6125197 3.9783841 3.1580834 3.1341806 2.4648572 3.7315878 3.0007116 3.0309572 3.0557717 3.0579003 3.1020768 3.0985805 3.4022610 2.5376979 3.4491062 3.6790710 3.7222036 2.9579224 3.9508028 4.0273122 4.0857166 3.0416117 
Pocdam_XM_027198014.1                                  2.2793762 2.2572802 3.4254146 3.4727981 3.3927890 3.6818421 3.2035376 3.4844459 3.5268124 4.1872718 3.9968826 2.5712284 2.2490877 2.0065239 1.9846649 1.9360062 1.6250679 1.4681200 1.6185063 2.3895272 2.3463982 2.1382570 2.4322058 1.0244880 0.7401781 0.3377505 0.3205962 0.2465403 0.2409474 0.2092768 0.0839507 0.0000000 2.2718001 2.2421128 2.2393252 2.2857174 3.6861286 3.9374536 3.9777860 3.7126233 3.8485844 3.6661313 3.1753267 3.2112588 3.6680410 3.0084557 3.0458006 3.0488860 3.0410127 3.1042632 3.0966580 3.5697369 2.4770185 3.3619049 3.5801052 3.7710528 3.0739173 4.0976475 4.0233065 4.2623571 3.1139008 
Drygla_Dgla_sb285431                                   2.7189088 2.9734167 2.9371790 3.4121916 2.9500188 3.9076825 0.0000010 3.1237464 2.3938686 3.6505145 3.1949645 2.6490182 3.0278006 2.7212081 2.7417017 2.6682318 2.2859766 2.4583638 2.5301700 2.9533692 2.9994482 5.6193721 2.6347570 2.7051282 2.2312266 2.3195887 2.3494644 1.9816844 2.3182060 2.2905073 2.2004367 2.2718001 0.0000000 0.3638484 2.8024347 2.4673086 3.2851866 4.3268433 3.5733712 4.2653596 4.0258997 3.6683822 3.4365392 2.1575001 3.1617254 3.1326299 3.2169037 3.2888710 3.2985510 3.3769088 3.3521221 3.3929131 2.8973450 3.3301603 3.1522933 5.2164894 3.4539286 4.1616335 3.8154361 4.1348279 2.7205431 
Mertsp_Mesp_sb548881                                   2.8108488 3.0057129 3.2043106 2.7978448 0.0000010 4.0017586 0.0000010 0.0000010 9.0000000 4.3431658 3.5869418 2.6562471 2.9578784 2.5859716 2.6935095 2.6746327 2.1534208 2.4767504 2.5826274 3.1893324 2.9925203 4.1494553 2.8168985 2.3582285 2.6684716 2.3245322 2.2995889 2.3377030 2.1993710 2.2869256 2.1379369 2.2421128 0.3638484 0.0000000 2.9090650 2.7107177 3.4468938 4.2598288 3.2645504 3.9724043 4.0132651 3.3549280 4.9960208 0.0000010 3.2915264 3.2306624 3.2690597 3.2987809 3.2826813 3.3709118 3.3452732 3.2641941 2.7272787 3.2686393 1.7462405 0.0000010 3.3234371 3.6555152 3.7070761 4.4336343 2.5272049 
Cgig_XM_034444062.1                                    1.7220982 1.5710872 3.4826945 3.6508422 3.8692228 3.8538089 3.9996160 3.6774196 3.5712338 3.8761218 3.7605535 4.3133235 2.7970555 2.6408618 2.6652877 2.6450529 2.7173720 2.3743133 2.4949358 1.5440907 1.4003687 3.5960662 1.6497915 3.3431798 1.9098100 2.3349636 2.2752597 2.1092471 2.9283794 2.2980805 2.3682984 2.2393252 2.8024347 2.9090650 0.0000000 1.8130099 3.7840782 4.8390390 4.0833775 4.0178696 3.9507069 4.2020157 3.1817393 3.2866788 3.6519251 3.0608447 3.0743977 3.1914855 3.2061410 3.1825042 3.1699012 3.6817159 1.3282129 3.3616157 3.7777469 3.5348718 3.0095672 5.8236359 4.2364224 4.5376795 4.1091447 
Scil_scict006745.1                                     2.5830760 2.1057530 3.5058674 3.1585293 2.1743735 3.6974078 1.8281490 1.6915968 2.1608391 3.4909135 5.3083231 2.7128405 1.8985914 2.7478102 2.6784255 2.4636912 4.4999801 2.4265380 2.4015982 2.5862682 2.8649969 5.5109050 2.6519367 2.5301102 1.6716138 3.0936611 2.9839887 2.1194470 1.4392219 2.6508255 2.7288328 2.2857174 2.4673086 2.7107177 1.8130099 0.0000000 2.0956994 3.5479907 2.6416254 2.9533452 3.2088044 3.7951625 2.0977528 2.0412639 2.5533741 2.9208897 2.7304995 3.0184780 2.8213281 3.0056149 3.0056149 3.2762595 3.1298344 3.3487932 2.2235195 1.2726973 2.3105820 8.9999989 3.2850173 3.6199965 1.3080980 
Plajan_Pjan_C573338_01                                 3.7450085 3.7923012 4.0334159 3.8049882 3.5610000 4.1737409 2.4975808 3.6190550 3.6897366 4.9686224 5.0683413 5.1871108 4.1338484 3.9564155 3.8763472 4.0872700 4.3935530 3.8140851 3.8486844 3.8711663 3.9681898 3.2978336 4.0934752 4.8437268 3.4161350 3.9316098 3.8990531 3.6113792 4.8519481 3.7678547 4.0695859 3.6861286 3.2851866 3.4468938 3.7840782 2.0956994 0.0000000 4.7902912 4.3318907 4.2717149 4.1458674 4.1624773 3.6878474 2.9621308 4.4051733 4.7225945 4.7515617 4.7676907 4.7374532 4.8006068 4.7979271 6.3163841 4.2360893 3.7469613 3.5706292 3.6408924 4.8825943 2.8573705 2.5918066 4.7881743 5.5022962 
Aque_Aqu2.1.29501_001                                  4.2192083 4.0363799 3.5250518 4.0044634 0.0000010 5.2532576 0.0000010 3.7210807 2.6035154 5.2843231 5.0545449 4.4100089 4.7778586 4.2230915 4.1766067 4.1091478 3.5449654 4.1348836 4.1760165 4.1783247 4.1784029 3.2027046 4.4671780 4.3075389 3.4502793 3.9023851 3.9528418 3.7339604 4.8959693 3.8179279 3.7499737 3.9374536 4.3268433 4.2598288 4.8390390 3.5479907 4.7902912 0.0000000 0.9507257 0.8439033 2.2596651 1.2281135 3.5244481 3.8768120 2.9034541 4.9968009 4.9410011 4.9060041 4.9469888 4.8736203 4.8674053 4.9499994 4.3528644 3.2157771 3.7597975 0.0000010 4.8045914 4.8441766 5.4448341 2.0189613 5.3102595 
Xestes_maker-XT_scaffold3915-augustus-gene-0.6-mRNA-1  4.4371833 4.1032509 4.4377410 4.5548159 4.3246108 4.7865635 3.4849449 4.2854087 4.1108450 4.8675811 4.7185133 7.0996453 4.8794474 4.4505357 4.4522723 4.4297002 5.0329272 4.0758163 4.3003068 4.1807709 4.1615503 4.3608675 4.0524504 5.7980024 3.7074013 4.0961764 4.0478792 3.9245676 5.0802379 4.1394339 4.0323085 3.9777860 3.5733712 3.2645504 4.0833775 2.6416254 4.3318907 0.9507257 0.0000000 0.6528587 1.7383274 1.7698292 2.0242288 3.6005496 2.5789745 5.0880753 4.9902392 5.0364582 5.1048709 5.1124677 5.0808343 7.7874310 4.4862069 4.1368702 4.5104786 4.6235611 5.2582762 6.5695064 4.6633973 2.3202727 5.9766100 
Halamb_c48236_g1_i1m.23813                             3.8969706 3.7152840 4.4266457 4.2285931 4.1397031 4.6061964 3.4859272 4.2043877 4.0716081 4.9476733 4.7565092 4.3471297 4.2765215 3.8264471 3.8407238 3.8236732 3.4665277 3.7121287 3.7714706 3.8656853 3.8487500 3.2778732 3.8894582 4.2339943 3.5285100 3.7294589 3.7300442 3.6558395 4.8073861 3.6909680 3.6125197 3.7126233 4.2653596 3.9724043 4.0178696 2.9533452 4.2717149 0.8439033 0.6528587 0.0000000 1.8508276 1.8294738 2.1730702 3.3817870 2.6638646 4.5730997 4.5050029 4.5192162 4.5451964 4.5263752 4.5150250 4.9068974 4.0939134 3.9919028 4.4522655 4.5241614 4.4083470 4.5929044 4.8149037 1.8389654 5.4788152 
Emue_Em0018g1184a.t1                                   4.0881607 3.9183612 3.7488280 3.8928565 3.7729728 4.2340383 3.4661755 3.6073676 3.6670530 4.5844239 4.6140132 5.5009197 4.3074984 4.1068185 4.0677938 4.1891112 4.1083039 3.8546316 4.0603625 3.9427230 4.1461539 3.8625952 4.0792141 4.6977471 3.4703486 3.8938759 3.8812198 3.5439842 5.2312462 3.8968065 3.9783841 3.8485844 4.0258997 4.0132651 3.9507069 3.2088044 4.1458674 2.2596651 1.7383274 1.8508276 0.0000000 0.4286129 1.7162479 3.6574297 2.5482642 4.8639745 4.8074444 4.6195661 4.6746771 4.6747521 4.6481866 5.2189858 4.3661362 3.9917576 3.9765955 4.1587620 4.9857561 5.2774571 4.9795525 1.8165565 5.9348072 
Spolac_c104045_g3_i2_m.37806c100290-g1                 4.2399790 4.0793411 4.5925450 4.9263076 8.9999983 4.9913600 6.5283311 5.2204304 4.7815681 3.9488910 4.0294142 7.7347863 4.9307754 4.4001939 4.2512174 4.4437350 3.0766110 3.7265542 3.9714764 4.0782444 4.0854146 5.2794168 4.1318052 4.5129223 3.8994725 3.5470835 3.7083564 3.8011898 3.5217113 3.8728228 3.1580834 3.6661313 3.6683822 3.3549280 4.2020157 3.7951625 4.1624773 1.2281135 1.7698292 1.8294738 0.4286129 0.0000000 2.6239427 7.3390549 2.4210246 5.0884970 4.9827022 5.1155822 5.0933073 5.0414573 5.0282904 0.7952039 3.8338371 4.7505227 5.2063729 4.2692463 4.0152514 7.3788267 4.3834551 3.4503482 9.0000000 
Stycar_maker-SC_scaffold14059-augustus-gene-0.5-mRNA-1 3.3424284 3.1716652 4.3030131 4.0585989 3.7549592 4.2015845 0.0000010 3.7915054 4.0225512 3.7360293 4.1716583 3.2508367 3.6812436 3.3291455 3.2336627 3.3679647 1.9332988 3.2364059 3.0584597 3.0954503 3.3207933 7.8386020 2.9237656 2.6771452 3.1887635 3.0093226 3.0286907 3.1506657 3.4007921 3.1416509 3.1341806 3.1753267 3.4365392 4.9960208 3.1817393 2.0977528 3.6878474 3.5244481 2.0242288 2.1730702 1.7162479 2.6239427 0.0000000 5.8515440 2.6549265 3.5124441 3.5358357 3.5814843 3.7290363 3.7534126 3.7288575 3.5694207 3.0177282 3.7815236 3.5187260 3.2491156 3.2131974 3.4693515 3.9437780 3.9318617 2.1683153 
Clacor_Ccor_scaffold2493_01                            3.5926761 3.4327994 3.5800270 3.2924532 3.1094319 3.0816474 3.4174015 3.4351860 3.5353896 5.2644446 5.2273148 3.1597524 3.2488556 3.1322000 3.3727834 3.2552951 4.3178036 3.3961393 3.5720891 3.3249322 3.5541438 8.2082713 3.2449484 1.8409643 3.3152014 3.4233025 3.4233025 3.2696646 3.3674436 3.1227811 2.4648572 3.2112588 2.1575001 0.0000010 3.2866788 2.0412639 2.9621308 3.8768120 3.6005496 3.3817870 3.6574297 7.3390549 5.8515440 0.0000000 3.4485692 3.7463927 3.7538151 3.5590697 3.5949902 3.5893959 3.5893959 3.6501634 2.8385082 1.7012775 1.8560701 0.0000010 2.2742522 3.1278638 2.4936017 3.1492934 2.9061758 
Plespi_Pspi_scaffold13762_01                           3.7843764 3.8049554 4.1373234 4.3312207 5.0555920 4.5855252 6.4410450 4.0517084 4.1757308 4.7150900 4.6895718 5.2360468 4.6093574 4.2257555 4.0986126 3.9785385 4.1155828 3.8296776 3.9083622 3.7960888 3.8464275 5.1887517 3.9764176 5.5162227 3.5871616 3.5565904 3.6090731 3.5455409 5.0885346 3.6902681 3.7315878 3.6680410 3.1617254 3.2915264 3.6519251 2.5533741 4.4051733 2.9034541 2.5789745 2.6638646 2.5482642 2.4210246 2.6549265 3.4485692 0.0000000 4.4967967 4.4879939 4.5062298 4.5207482 4.5168412 4.4988469 5.2711975 3.8376392 3.9846658 4.4552090 4.0966164 4.4828951 5.4423920 4.2041819 4.1250267 5.8163301 
Tadh_TriadT61706                                       2.8857298 3.0657192 4.0558220 4.4321893 4.1250852 4.6352005 3.9907398 4.0243312 4.1130516 4.8577327 4.9705644 3.3993115 3.6668668 3.2107698 3.2175447 3.2037660 2.8160395 3.0344837 3.1148898 2.9888536 3.0034559 3.2247719 3.1094331 3.1605846 2.8571876 3.0895356 3.0167044 2.9097962 3.7863044 2.9727262 3.0007116 3.0084557 3.1326299 3.2306624 3.0608447 2.9208897 4.7225945 4.9968009 5.0880753 4.5730997 4.8639745 5.0884970 3.5124441 3.7463927 4.4967967 0.0000000 0.0068982 0.3576990 0.3600794 0.3876102 0.3882299 0.3702643 3.1683028 4.0003193 3.8784502 4.3556127 3.5437174 4.6343364 4.7860586 4.6284627 4.0939113 
TrH2_TrispH2_008895-RA                                 2.8906326 3.0868193 4.1137791 4.4556583 4.1314496 4.7183200 3.9907398 4.0278285 4.1635805 4.9315038 5.0001853 3.4183752 3.6944994 3.2208126 3.2319259 3.2393866 2.8509348 3.0376538 3.1483861 3.0140605 3.0170499 3.4378737 3.1319002 3.1766027 2.8833483 3.1065571 3.0352012 2.9381984 3.8436056 2.9927851 3.0309572 3.0458006 3.2169037 3.2690597 3.0743977 2.7304995 4.7515617 4.9410011 4.9902392 4.5050029 4.8074444 4.9827022 3.5358357 3.7538151 4.4879939 0.0068982 0.0000000 0.3574978 0.3606091 0.3899612 0.3906564 0.3621631 3.2030276 4.0706033 3.8693036 4.5517090 3.5494947 4.6667837 4.7890017 4.6293270 4.0990866 
HoiH06_mRNA6840                                        2.8965038 3.0188010 4.1739516 4.2996617 3.9981170 4.6389047 3.6989203 4.0121203 4.1116899 5.0251308 5.3513937 3.3345617 3.6423418 3.2601495 3.2741582 3.1561148 2.9176466 3.0926172 3.2115608 3.0282438 3.0284551 3.2747659 3.0953896 3.1888326 2.9079201 3.0968472 3.0228599 3.0395228 3.7320144 2.9950020 3.0557717 3.0488860 3.2888710 3.2987809 3.1914855 3.0184780 4.7676907 4.9060041 5.0364582 4.5192162 4.6195661 5.1155822 3.5814843 3.5590697 4.5062298 0.3576990 0.3574978 0.0000000 0.0533880 0.1758510 0.1760313 0.2551766 3.1420867 3.9967590 3.8513613 4.5281255 3.4951313 4.7690340 5.0213257 4.5193195 3.9724912 
HoiH23_PlH23_008052-RA                                 2.9258507 3.0209934 4.1717303 4.3954763 4.0344593 4.6651055 3.7229471 4.0408125 4.1012506 5.0751445 5.3595951 3.3313381 3.6511179 3.3072199 3.3048269 3.2093368 2.8723517 3.0991125 3.2012589 3.0200416 3.0450230 3.3146842 3.0956863 3.1604970 2.9269287 3.1024283 3.0322989 3.0370859 3.7175077 2.9811566 3.0579003 3.0410127 3.2985510 3.2826813 3.2061410 2.8213281 4.7374532 4.9469888 5.1048709 4.5451964 4.6746771 5.0933073 3.7290363 3.5949902 4.5207482 0.3600794 0.3606091 0.0533880 0.0000000 0.1788358 0.1788526 0.2680434 3.1744967 4.0246741 3.8628099 4.5538018 3.4930757 4.7086053 4.9698701 4.5202350 3.9720393 
Hhon_g10462.t1                                         2.9574765 3.0207959 4.1511376 4.4845378 4.1439988 4.7627761 3.9135971 4.0597899 4.1554555 5.2883198 5.4892440 3.3958382 3.6651684 3.2735409 3.2785550 3.2292933 2.8933546 3.1138301 3.2372642 3.0585558 3.0483461 3.3568037 3.1333397 3.2221417 2.9643159 3.1189428 3.0596254 3.0706760 3.7670479 3.0383357 3.1020768 3.1042632 3.3769088 3.3709118 3.1825042 3.0056149 4.8006068 4.8736203 5.1124677 4.5263752 4.6747521 5.0414573 3.7534126 3.5893959 4.5168412 0.3876102 0.3899612 0.1758510 0.1788358 0.0000000 0.0040097 0.2826804 3.1890427 4.0324672 3.9271677 4.5376401 3.5016071 4.8490881 5.0692512 4.4841142 3.9225573 
HoiH04_mRNA14379                                       2.9529085 3.0159572 4.1553287 4.4773226 4.1794083 4.7616015 3.9627793 4.0743757 4.1523453 5.2664805 5.4512418 3.4047381 3.6629388 3.2596632 3.2675354 3.2230626 2.8931358 3.1049529 3.2295655 3.0559696 3.0436380 3.3568037 3.1271610 3.2181556 2.9456026 3.1153470 3.0639250 3.0631015 3.7841224 3.0413937 3.0985805 3.0966580 3.3521221 3.3452732 3.1699012 3.0056149 4.7979271 4.8674053 5.0808343 4.5150250 4.6481866 5.0282904 3.7288575 3.5893959 4.4988469 0.3882299 0.3906564 0.1760313 0.1788526 0.0040097 0.0000000 0.2845593 3.1843052 4.0334210 3.9348650 4.5593783 3.5069353 4.8461586 5.0588883 4.4967253 3.9400360 
HoiH11_mRNA6870                                        3.1099128 3.2154178 3.3444816 4.3178265 9.0000000 5.7135836 9.0000000 5.2002189 4.7624973 5.7769962 7.8739344 3.4141534 4.0447186 3.6326677 3.6180713 3.4797398 2.8841981 3.2745596 3.4390520 3.1732111 3.1860852 3.0159370 3.3964729 3.1685324 4.4644847 3.4906063 3.5363405 5.6631875 4.0686259 3.4479488 3.4022610 3.5697369 3.3929131 3.2641941 3.6817159 3.2762595 6.3163841 4.9499994 7.7874310 4.9068974 5.2189858 0.7952039 3.5694207 3.6501634 5.2711975 0.3702643 0.3621631 0.2551766 0.2680434 0.2826804 0.2845593 0.0000000 3.2463255 3.0060382 8.9999989 0.0000010 3.5482770 4.6075130 5.6927012 4.5509022 4.1876731 
Ctel_gnl_WGS_AMQN_CAPTEDRAFT_mRNA227150                1.9173500 1.7870592 3.2910648 3.2808638 2.2959006 3.7489345 1.1933965 3.0317339 3.2360114 4.0982741 4.0302148 3.2565429 3.1710574 2.7703481 2.7968192 2.7287463 2.5381421 2.4749422 2.6471920 1.5722055 1.4359398 2.4818265 1.7541066 2.6518479 2.0586544 2.5549835 2.5444537 2.4176949 2.9640751 2.5319266 2.5376979 2.4770185 2.8973450 2.7272787 1.3282129 3.1298344 4.2360893 4.3528644 4.4862069 4.0939134 4.3661362 3.8338371 3.0177282 2.8385082 3.8376392 3.1683028 3.2030276 3.1420867 3.1744967 3.1890427 3.1843052 3.2463255 0.0000000 3.3114886 3.8318937 3.5716390 2.5612948 4.1351996 4.2346843 4.3556759 3.7232622 
Lcom_lcpid9214                                         3.4523196 3.3307290 4.4547940 4.2179611 3.4550206 4.1526203 3.7075212 3.9549388 4.2701892 4.7232762 4.3744623 2.9889359 3.6560872 3.4452944 3.5345539 3.3852873 3.5531568 3.3660470 3.3514367 3.3960512 3.3850547 4.3229182 3.4989832 2.9787386 3.3032503 3.2894197 3.2482769 3.4828370 2.7592256 3.3913766 3.4491062 3.3619049 3.3301603 3.2686393 3.3616157 3.3487932 3.7469613 3.2157771 4.1368702 3.9919028 3.9917576 4.7505227 3.7815236 1.7012775 3.9846658 4.0003193 4.0706033 3.9967590 4.0246741 4.0324672 4.0334210 3.0060382 3.3114886 0.0000000 0.7910697 0.8449775 2.8351378 4.4463737 4.1173458 3.2629827 2.7739462 
Gracom_Gcom_scaffold14812_01                           3.5757548 3.4774743 4.2289226 4.2109113 3.9087390 3.8414145 3.5140388 4.1856567 4.0183135 3.8967122 3.3198594 1.8973135 3.9078833 3.6561414 3.5198672 3.6294121 3.2048476 3.6333814 3.5240648 3.7939516 3.6834895 4.5491613 3.6871628 2.6468117 3.6156855 3.7808878 3.6317808 3.6651874 9.0000000 3.6324965 3.6790710 3.5801052 3.1522933 1.7462405 3.7777469 2.2235195 3.5706292 3.7597975 4.5104786 4.4522655 3.9765955 5.2063729 3.5187260 1.8560701 4.4552090 3.8784502 3.8693036 3.8513613 3.8628099 3.9271677 3.9348650 8.9999989 3.8318937 0.7910697 0.0000000 0.7550746 2.5833279 6.4364172 3.8049961 5.4177099 3.5061215 
Leuniv_Lniv_C812962_01                                 3.7662762 3.7409463 4.3773643 4.6540312 4.0119466 4.4207002 0.0000010 4.3989326 4.5355836 5.2131583 3.0707913 9.0000000 4.3222164 3.7519778 3.8792214 3.5724225 2.3048929 3.5198184 3.3593289 3.8648428 3.7601710 2.9707728 3.4498676 1.7023251 3.5950082 3.9193652 3.8086673 3.8051730 0.0000010 3.7136897 3.7222036 3.7710528 5.2164894 0.0000010 3.5348718 1.2726973 3.6408924 0.0000010 4.6235611 4.5241614 4.1587620 4.2692463 3.2491156 0.0000010 4.0966164 4.3556127 4.5517090 4.5281255 4.5538018 4.5376401 4.5593783 0.0000010 3.5716390 0.8449775 0.7550746 0.0000000 1.6681694 7.8751634 4.0196446 2.0315438 0.0000010 
Spur_XM_030980549.1                                    2.4991709 2.5173117 3.1929321 4.1701163 0.0000010 4.8031618 0.0000010 2.2951365 3.1511342 4.8021324 4.8424636 3.4877920 3.6552927 3.2114014 3.1999705 3.1898221 2.8112698 2.9570053 3.2091986 2.4027533 2.4152901 2.5877429 2.5860384 3.2383696 2.7739706 3.0650192 3.0922521 3.3557351 3.7577459 3.0141414 2.9579224 3.0739173 3.4539286 3.3234371 3.0095672 2.3105820 4.8825943 4.8045914 5.2582762 4.4083470 4.9857561 4.0152514 3.2131974 2.2742522 4.4828951 3.5437174 3.5494947 3.4951313 3.4930757 3.5016071 3.5069353 3.5482770 2.5612948 2.8351378 2.5833279 1.6681694 0.0000000 4.5308441 4.9103268 4.3508152 4.1762736 
Ocar_g5367                                             4.1403473 4.3851291 6.5273181 8.2120113 0.0000010 5.7236626 0.0000010 8.9999983 9.0000000 6.0364230 7.5551696 4.2014383 4.7826386 4.3221000 4.3714557 4.4865981 3.5385154 3.9835421 4.1590314 4.1502027 4.3661770 2.9727530 4.4000035 4.1093187 5.8082764 4.0638703 4.1548054 7.0612832 4.9718906 4.1107170 3.9508028 4.0976475 4.1616335 3.6555152 5.8236359 8.9999989 2.8573705 4.8441766 6.5695064 4.5929044 5.2774571 7.3788267 3.4693515 3.1278638 5.4423920 4.6343364 4.6667837 4.7690340 4.7086053 4.8490881 4.8461586 4.6075130 4.1351996 4.4463737 6.4364172 7.8751634 4.5308441 0.0000000 0.0502114 4.4346932 4.8178830 
Opea_EP00118_Oscarella_pearsei_P016391                 4.2113207 4.3966927 4.4135650 4.3596250 2.8650501 4.6668298 4.6930058 3.7872860 4.0531179 4.9789965 5.1483809 5.1512337 4.8704307 4.2921514 4.5010904 4.4221763 4.2981841 3.9019438 4.0365635 4.3413246 4.3436815 6.4227397 4.3992604 4.7836869 3.5479734 4.1084667 4.1251990 3.8160036 4.7102198 4.2030435 4.0273122 4.0233065 3.8154361 3.7070761 4.2364224 3.2850173 2.5918066 5.4448341 4.6633973 4.8149037 4.9795525 4.3834551 3.9437780 2.4936017 4.2041819 4.7860586 4.7890017 5.0213257 4.9698701 5.0692512 5.0588883 5.6927012 4.2346843 4.1173458 3.8049961 4.0196446 4.9103268 0.0502114 0.0000000 5.1077344 4.7619191 
Tetwil_g1429.t1                                        3.8447653 3.8518832 3.5152775 3.2218061 3.7730329 4.4998645 2.6792509 3.5779695 3.0245115 4.6250175 4.1491766 4.2422301 4.4243010 4.0842657 3.9492505 4.1658085 3.4786738 3.9417549 3.9793157 4.1252488 4.2041198 2.7792668 4.2015291 3.9236458 2.4242508 3.9679175 4.0546817 3.5728729 5.6653223 4.0710647 4.0857166 4.2623571 4.1348279 4.4336343 4.5376795 3.6199965 4.7881743 2.0189613 2.3202727 1.8389654 1.8165565 3.4503482 3.9318617 3.1492934 4.1250267 4.6284627 4.6293270 4.5193195 4.5202350 4.4841142 4.4967253 4.5509022 4.3556759 3.2629827 5.4177099 2.0315438 4.3508152 4.4346932 5.1077344 0.0000000 5.2565262 
