52
Hsap_ENST00000270708                                             0.0000000 0.8126715 0.7156251 0.7657873 0.7844172 0.8111926 0.7707809 0.8070416 0.7371068 0.7401733 0.7460947 0.8530794 0.8182089 0.7364357 0.9491613 0.9545201 0.9591792 0.7993707 0.7876962 1.0306838 1.1344615 1.0277739 1.1118817 1.3310789 1.0267661 0.8323393 0.8675987 1.1363758 0.9393973 1.0126716 1.0219988 0.9677011 0.9707011 0.9997261 1.0081399 1.0456835 1.0022768 1.4813740 1.3070945 0.9408841 1.1256657 1.0051995 1.0893364 2.0438262 2.2488572 2.0534654 2.3227603 1.9501900 2.3420491 2.2374077 1.9214336 1.4104916 
Bralan_BLAG11000471_1                                            0.8126715 0.0000000 0.6390555 0.5872356 0.7484289 0.8037842 0.6752919 0.6953680 0.7125293 0.6830040 0.6924138 0.7648844 0.7281242 0.7251441 0.8678661 0.8961434 0.8673894 0.7515158 0.7170850 0.8968781 0.9152582 1.0170527 1.1349449 1.1677055 0.8901981 0.8257155 0.8324208 1.1426238 0.9478355 0.8541908 0.8494703 0.8908506 0.9080067 0.8892336 0.8905262 0.9057606 0.9373718 1.5387516 1.1376577 1.0130369 1.1720344 1.0021638 1.1563821 2.1804466 2.4008303 2.1636196 2.2995389 1.9431619 2.3761585 2.2564475 1.7427774 1.2478903 
Spur_XM_030987332.1                                              0.7156251 0.6390555 0.0000000 0.4403715 0.5581114 0.6182750 0.5718282 0.6094057 0.5371885 0.5046661 0.5036015 0.6262198 0.6143600 0.6017619 0.7630494 0.8022375 0.8252010 0.6879707 0.6599224 0.8635905 0.8565957 0.9381365 0.9960381 1.1232543 0.8606082 0.6924466 0.7679106 1.0910818 0.8938409 0.8715150 0.8794527 0.8032765 0.8111167 0.8135724 0.8165310 0.8764054 0.8407193 1.5260828 1.1339808 1.0014402 1.1359332 1.0732200 1.0814496 2.1113335 2.3345087 2.2272156 2.2747261 1.9709066 2.5792220 2.3837414 1.5561902 1.0660538 
Skow_XM_006811498.1                                              0.7657873 0.5872356 0.4403715 0.0000000 0.5725120 0.6028848 0.5515027 0.5885975 0.5467486 0.5517239 0.5203875 0.6927536 0.6645535 0.6635322 0.8414917 0.8615379 0.8814083 0.6344635 0.6513705 0.7505966 0.8422965 0.9939758 1.0443501 1.1675031 0.8554138 0.7335681 0.7010536 1.0419301 0.8593104 0.8306624 0.8385621 0.7231775 0.7354856 0.7243973 0.7271582 0.8100655 0.8111098 1.4394451 1.0996768 1.0161980 1.1697705 1.0310749 1.0734666 2.2322466 2.4418902 2.1568023 2.3190666 2.0094945 2.6645545 2.4341537 1.8150561 1.1018725 
Exapal_XM_021041506.2                                            0.7844172 0.7484289 0.5581114 0.5725120 0.0000000 0.2880010 0.3772235 0.4063171 0.3833038 0.4075018 0.3952092 0.4616481 0.4525304 0.6378631 0.7733160 0.7988627 0.7784821 0.6886312 0.7808605 0.7232827 0.8236946 0.8831295 1.0398973 1.1099247 0.8745802 0.7163536 0.7025101 0.9664979 0.8624042 0.8835656 0.8918271 0.8310693 0.8399284 0.8264460 0.8295274 0.9079268 0.7492155 1.4354723 1.1478472 1.0044717 1.1114784 1.0170462 1.0373217 2.1140932 2.3640458 2.2557702 2.3217533 2.1307635 2.4864281 2.3584280 1.5886297 1.1156676 
Nvec_v1g188264                                                   0.8111926 0.8037842 0.6182750 0.6028848 0.2880010 0.0000000 0.4096994 0.4390982 0.4048621 0.4334515 0.4192583 0.4805888 0.4922223 0.5903894 0.7690366 0.7711496 0.7459888 0.7357577 0.7761802 0.7358331 0.8202264 0.8251671 1.1062509 1.1267313 0.8965301 0.7535522 0.7315817 0.9349745 0.8296733 0.8824402 0.8907578 0.8711594 0.8854113 0.8692526 0.8724883 0.9503072 0.8182057 1.4998989 1.1938385 0.9827535 1.1465720 0.9761442 1.1791891 2.1437544 2.2542653 2.2582187 2.1442381 2.0604667 2.5620316 2.4575402 1.6323096 1.1771150 
Adig_XM_015909179.1                                              0.7707809 0.6752919 0.5718282 0.5515027 0.3772235 0.4096994 0.0000000 0.0055844 0.1131434 0.1864694 0.1820185 0.1796357 0.1978806 0.5619078 0.6936409 0.7133510 0.6815435 0.7470185 0.7917258 0.6473582 0.7568309 0.8600354 1.1217324 1.0767375 0.8708065 0.7254367 0.6870743 0.9488934 0.8371639 0.8613243 0.8696166 0.8164072 0.8394307 0.8170666 0.8207041 0.8511689 0.8043415 1.4187292 1.0171203 0.9341801 1.0551109 0.8563611 1.0949577 2.1558525 2.4520933 2.1727332 2.3084920 2.1303194 2.5370865 2.4315313 1.6713012 1.1824509 
Amil_Amillepora32275-RA                                          0.8070416 0.6953680 0.6094057 0.5885975 0.4063171 0.4390982 0.0055844 0.0000000 0.1208093 0.2021365 0.1969553 0.1750510 0.1989320 0.6476593 0.7169498 0.7438989 0.7159979 0.8180056 0.8161305 0.6969732 0.7931288 0.9386699 1.1518739 1.0973743 0.9146499 0.7406667 0.7049971 0.8897656 0.8681877 0.9075185 0.9070217 0.8542843 0.8801783 0.8502957 0.8544157 0.8938662 0.8638561 1.4899458 1.0603553 0.9968090 1.1478647 0.8761016 1.1447545 2.1610133 2.4976483 2.2808578 2.3921625 2.2552263 2.5815782 2.4682120 1.4983810 1.2114043 
Gfas_gfas1.m1.13341.m1                                           0.7371068 0.7125293 0.5371885 0.5467486 0.3833038 0.4048621 0.1131434 0.1208093 0.0000000 0.1494745 0.1340208 0.1667434 0.1600396 0.6133759 0.6819376 0.7065678 0.6510608 0.7150210 0.7523482 0.6529530 0.7541982 0.8235383 1.0661549 1.0343258 0.8431065 0.7038772 0.6484903 0.9839367 0.8457055 0.8791695 0.8874981 0.8275685 0.8475948 0.8208904 0.8245335 0.8926352 0.8204017 1.4192373 1.0645873 0.9445516 1.0369559 0.8285967 1.0884001 2.1234714 2.4441899 2.1490445 2.2373408 2.1348250 2.5694319 2.4425133 1.6985181 1.2246572 
Spis_XP_022808854_1                                              0.7401733 0.6830040 0.5046661 0.5517239 0.4075018 0.4334515 0.1864694 0.2021365 0.1494745 0.0000000 0.0287767 0.1427187 0.1679949 0.6174579 0.7065806 0.7209331 0.7090224 0.6878885 0.7158478 0.6488235 0.7072606 0.8711019 1.0890518 1.0398160 0.8669061 0.7101500 0.6840152 1.0599354 0.8949957 0.8784237 0.8867031 0.8218343 0.8413014 0.8274407 0.8311072 0.8878155 0.7870602 1.4458390 1.1095772 0.9819939 1.0839625 0.8833819 1.0964375 2.1235153 2.3512945 2.1860169 2.2873945 2.1247194 2.4564407 2.3375773 1.6096288 1.1259653 
Pocdam_XM_027197745.1                                            0.7460947 0.6924138 0.5036015 0.5203875 0.3952092 0.4192583 0.1820185 0.1969553 0.1340208 0.0287767 0.0000000 0.1506123 0.1692401 0.6437233 0.7174267 0.7376634 0.7050191 0.6780536 0.7257624 0.6512850 0.7103143 0.8509264 1.0804400 1.0294130 0.8731953 0.7013361 0.6791868 1.0371531 0.8802491 0.8943198 0.9026247 0.8376982 0.8565518 0.8309730 0.8346306 0.8973857 0.7894839 1.4262076 1.1028084 0.9756453 1.0903312 0.8723753 1.0820539 2.0870302 2.3475956 2.1793498 2.2979764 2.1385914 2.4922428 2.3710685 1.5919315 1.1508599 
Gasp_gasp1.m3.20655.m1                                           0.8530794 0.7648844 0.6262198 0.6927536 0.4616481 0.4805888 0.1796357 0.1750510 0.1667434 0.1427187 0.1506123 0.0000000 0.1220604 0.5709282 0.7887894 0.8099693 0.8021174 0.8331745 0.8385808 0.7690168 0.8223300 1.0013471 1.1793556 1.0973084 0.9006134 0.7615609 0.7492578 1.1476561 1.0891612 0.9401864 0.9401864 0.8842812 0.9061318 0.8837647 0.8894440 1.0393646 0.9389916 1.6478183 1.0833595 1.1576281 1.2234163 0.8501319 1.2579665 2.2965003 2.4758558 2.3950588 2.5328259 2.7787399 2.6531925 2.4797942 1.1309736 1.1355202 
Fspp_ffun1.m4.18017.m1                                           0.8182089 0.7281242 0.6143600 0.6645535 0.4525304 0.4922223 0.1978806 0.1989320 0.1600396 0.1679949 0.1692401 0.1220604 0.0000000 0.7614339 0.7916782 0.8175724 0.7483934 0.8254766 0.8388863 0.7344073 0.8043190 0.9477891 1.1246553 1.0522646 0.9275810 0.7850399 0.7581184 1.0372591 1.0093791 0.9134194 0.9129077 0.8757210 0.9001038 0.8737785 0.8781196 0.9440979 0.9580550 1.5274410 1.1189621 1.1071681 1.2380956 0.8829626 1.2056648 2.1553517 2.4940595 2.3338965 2.3957393 2.4930452 2.5925059 2.4253147 1.5874248 1.1526885 
Aaur_scaffold927.g4.t1                                           0.7364357 0.7251441 0.6017619 0.6635322 0.6378631 0.5903894 0.5619078 0.6476593 0.6133759 0.6174579 0.6437233 0.5709282 0.7614339 0.0000000 0.2501699 0.2668928 0.2779750 0.6739306 0.8835722 0.7337805 0.7877910 0.7047944 1.2306895 1.9292004 1.0170638 0.8898018 0.7644387 0.9261760 0.7205202 0.9812145 1.0057209 0.8733008 0.8549585 0.8981742 0.8981742 0.8084938 0.9047106 1.4044904 1.3213598 0.8426705 1.0089603 1.5388492 1.1562161 1.9280496 2.3191403 1.9736080 2.2494665 1.8478618 2.3584530 2.3087617 2.7912339 2.0177723 
Nemnom_g6216.t1                                                  0.9491613 0.8678661 0.7630494 0.8414917 0.7733160 0.7690366 0.6936409 0.7169498 0.6819376 0.7065806 0.7174267 0.7887894 0.7916782 0.2501699 0.0000000 0.0830914 0.3133800 0.8640293 0.9525730 0.9416939 1.0412944 0.7140945 1.3735432 1.3782756 1.1293843 0.8782578 0.8777862 0.8495874 0.7915865 0.9464795 0.9552642 0.9361372 0.9570311 0.9776387 0.9811622 1.0258042 1.0596121 1.4912715 1.1193151 1.1051072 1.1606677 1.1831477 1.2261508 2.1458432 2.3474974 2.2426931 2.2797030 2.1380607 2.6056046 2.5058326 1.9726691 1.3634229 
Rhoesc_Res_010284-T1                                             0.9545201 0.8961434 0.8022375 0.8615379 0.7988627 0.7711496 0.7133510 0.7438989 0.7065678 0.7209331 0.7376634 0.8099693 0.8175724 0.2668928 0.0830914 0.0000000 0.3102299 0.8628953 0.9788244 0.9838143 1.0413542 0.6718509 1.3201070 1.3432095 1.1193893 0.9046729 0.8847274 0.8588169 0.8088695 0.9676944 0.9766018 0.9643170 0.9815979 0.9875634 0.9911229 1.0277271 1.0663133 1.5551230 1.1320931 1.1171667 1.1933391 1.1831297 1.2894329 2.1162814 2.2974816 2.2211742 2.3127216 2.0552206 2.6047421 2.5462511 2.0098337 1.3399664 
Sanmal_Sma_020592-T1                                             0.9591792 0.8673894 0.8252010 0.8814083 0.7784821 0.7459888 0.6815435 0.7159979 0.6510608 0.7090224 0.7050191 0.8021174 0.7483934 0.2779750 0.3133800 0.3102299 0.0000000 0.8674528 0.9465588 0.9637517 1.0526010 0.7147089 1.3330373 1.3608061 1.1277407 0.9770423 0.9540790 0.9009615 0.8336416 1.0361664 1.0455352 1.0008784 1.0221787 1.0320046 1.0357196 1.0330192 1.0634085 1.6204309 1.2505836 1.1279515 1.2373931 1.1560988 1.2491780 2.2323169 2.3336870 2.2274671 2.2196751 2.0167687 2.6080248 2.5438663 1.9167886 1.4095960 
Cgig_XM_011446463.3                                              0.7993707 0.7515158 0.6879707 0.6344635 0.6886312 0.7357577 0.7470185 0.8180056 0.7150210 0.6878885 0.6780536 0.8331745 0.8254766 0.6739306 0.8640293 0.8628953 0.8674528 0.0000000 0.7036913 0.9171477 0.9795300 1.0326648 1.1970925 1.2670515 0.9999116 0.8594975 0.8477147 1.0880403 0.9263173 0.9416494 0.9508781 0.9432639 0.9631715 0.9532645 0.9567138 0.9421577 0.9762798 1.6385625 1.1934496 1.0203108 1.1851809 1.0847337 1.0682469 2.1551893 2.3677703 2.1948012 2.3142498 1.9625344 2.5863205 2.4419469 1.8298475 1.0426864 
Ctel_gnl_WGS_AMQN_CAPTEDRAFT_mRNA5701                            0.7876962 0.7170850 0.6599224 0.6513705 0.7808605 0.7761802 0.7917258 0.8161305 0.7523482 0.7158478 0.7257624 0.8385808 0.8388863 0.8835722 0.9525730 0.9788244 0.9465588 0.7036913 0.0000000 1.0137909 1.0478096 1.0577929 1.1069782 1.2524382 0.9372883 0.8875395 0.8639043 1.1412593 1.0265828 0.9687041 0.9773643 0.9736872 0.9815926 0.9658130 0.9672394 0.9778848 0.8594554 1.5827159 1.1720928 0.9440398 1.1295186 1.0190463 1.0933264 2.0002293 2.1411138 1.9643982 2.2217265 1.9177202 2.3163093 2.2537450 1.8490279 1.0916521 
Dgig_XM_028538343.1                                              1.0306838 0.8968781 0.8635905 0.7505966 0.7232827 0.7358331 0.6473582 0.6969732 0.6529530 0.6488235 0.6512850 0.7690168 0.7344073 0.7337805 0.9416939 0.9838143 0.9637517 0.9171477 1.0137909 0.0000000 0.2935248 1.1179092 1.2668693 1.3018257 1.0139137 0.9497185 0.9403503 1.0803368 0.9527963 1.0057295 1.0149123 0.9723504 0.9791524 0.9645797 0.9657267 0.9982916 1.0158313 1.7894477 1.5266725 1.2063716 1.2861893 1.1670419 1.3485281 2.4556863 2.6108902 2.3287645 2.4043465 2.2862379 2.6108281 2.5201585 1.9828877 1.1862112 
Xesp_012952-T2                                                   1.1344615 0.9152582 0.8565957 0.8422965 0.8236946 0.8202264 0.7568309 0.7931288 0.7541982 0.7072606 0.7103143 0.8223300 0.8043190 0.7877910 1.0412944 1.0413542 1.0526010 0.9795300 1.0478096 0.2935248 0.0000000 1.1957636 1.2918499 1.3110675 1.0561976 0.9566164 1.0197923 1.2160234 1.0441324 1.1276847 1.1176941 1.0079959 1.0073825 1.0053582 1.0068834 1.0654132 0.9537248 1.6579090 1.3513223 1.2077111 1.3168590 1.2588348 1.3725771 2.3802103 2.5952522 2.2532392 2.5101803 2.2030882 2.6370407 2.5724173 1.7826231 1.2062389 
Morvir_scaffold30.g91.t2                                         1.0277739 1.0170527 0.9381365 0.9939758 0.8831295 0.8251671 0.8600354 0.9386699 0.8235383 0.8711019 0.8509264 1.0013471 0.9477891 0.7047944 0.7140945 0.6718509 0.7147089 1.0326648 1.0577929 1.1179092 1.1957636 0.0000000 1.4713842 1.3600317 1.1285021 1.0430985 1.0135074 1.0113144 0.9361516 1.0323023 1.0417870 1.0825637 1.0846339 1.0764256 1.0812087 1.0273956 1.1556401 1.6237323 1.4091784 1.2453749 1.2797027 1.2619674 1.4467068 2.3646800 2.4749239 2.4866397 2.5413826 2.6428264 2.5736172 2.5355017 2.0260338 1.5700050 
Aque_Aqu2.1.22428_001                                            1.1118817 1.1349449 0.9960381 1.0443501 1.0398973 1.1062509 1.1217324 1.1518739 1.0661549 1.0890518 1.0804400 1.1793556 1.1246553 1.2306895 1.3735432 1.3201070 1.3330373 1.1970925 1.1069782 1.2668693 1.2918499 1.4713842 0.0000000 0.4279210 0.4869065 0.8379749 0.7867656 1.5128475 1.2257605 1.2271103 1.2254217 1.1551611 1.1837909 1.1706966 1.1725159 1.2855058 1.2329075 1.6658171 1.3714496 1.1962504 1.4535055 1.1582172 1.4045996 2.3918912 2.5795815 2.2433722 2.4373548 2.3559214 2.6532730 2.5878061 2.0866522 1.4846228 
Halamb_c53242_g3_i2m.35044                                       1.3310789 1.1677055 1.1232543 1.1675031 1.1099247 1.1267313 1.0767375 1.0973743 1.0343258 1.0398160 1.0294130 1.0973084 1.0522646 1.9292004 1.3782756 1.3432095 1.3608061 1.2670515 1.2524382 1.3018257 1.3110675 1.3600317 0.4279210 0.0000000 0.4632816 0.9500475 0.8296101 1.4403818 1.3462476 1.3082107 1.3072857 1.3040914 1.3534856 1.3213575 1.3242545 1.4358760 1.2832606 1.9104235 1.9279629 1.3256110 1.3430210 1.2293848 1.4887595 2.6697680 2.9137082 2.6307021 2.7506902 3.8797266 2.9500501 2.8006743 1.6151913 1.2773145 
Xestes_maker-XT_scaffold8653-snap-gene-0.21-mRNA-1               1.0267661 0.8901981 0.8606082 0.8554138 0.8745802 0.8965301 0.8708065 0.9146499 0.8431065 0.8669061 0.8731953 0.9006134 0.9275810 1.0170638 1.1293843 1.1193893 1.1277407 0.9999116 0.9372883 1.0139137 1.0561976 1.1285021 0.4869065 0.4632816 0.0000000 0.7066668 0.6910567 1.4086215 1.1409208 1.1155244 1.1141518 1.0250907 1.0479578 1.0246431 1.0258508 1.1599975 0.9725109 1.6665030 1.2414367 1.0651589 1.1244526 0.9375735 1.3079131 2.2038437 2.2801448 2.1717884 2.3084333 2.2995829 2.4621076 2.3038518 1.9847302 1.2636604 
Tetwil_g19276.t1                                                 0.8323393 0.8257155 0.6924466 0.7335681 0.7163536 0.7535522 0.7254367 0.7406667 0.7038772 0.7101500 0.7013361 0.7615609 0.7850399 0.8898018 0.8782578 0.9046729 0.9770423 0.8594975 0.8875395 0.9497185 0.9566164 1.0430985 0.8379749 0.9500475 0.7066668 0.0000000 0.3388054 1.1742558 1.0004852 0.9180041 0.9264016 0.8610338 0.8804900 0.8383341 0.8402383 0.9248668 0.9851376 1.1693818 0.9899801 0.8930334 1.0089178 0.9330511 1.1505530 1.9234847 2.1586242 2.0314287 2.0125440 2.0175970 2.1740205 2.1128550 1.9107145 1.1659767 
Stycar_augustus_masked-SC_scaffold5684-processed-gene-0.2-mRNA-1 0.8675987 0.8324208 0.7679106 0.7010536 0.7025101 0.7315817 0.6870743 0.7049971 0.6484903 0.6840152 0.6791868 0.7492578 0.7581184 0.7644387 0.8777862 0.8847274 0.9540790 0.8477147 0.8639043 0.9403503 1.0197923 1.0135074 0.7867656 0.8296101 0.6910567 0.3388054 0.0000000 1.1830903 0.9469760 0.9097465 0.9181181 0.8615929 0.8840132 0.8616309 0.8629026 0.9012324 0.9862806 1.3095155 1.1166639 0.9321016 1.0724368 0.9528530 1.1741794 1.9262341 2.2165755 2.0341672 2.0565503 2.0103092 2.3322474 2.2275715 1.9370388 1.1720312 
Hvul_g31867_1                                                    1.1363758 1.1426238 1.0910818 1.0419301 0.9664979 0.9349745 0.9488934 0.8897656 0.9839367 1.0599354 1.0371531 1.1476561 1.0372591 0.9261760 0.8495874 0.8588169 0.9009615 1.0880403 1.1412593 1.0803368 1.2160234 1.0113144 1.5128475 1.4403818 1.4086215 1.1742558 1.1830903 0.0000000 0.6377283 1.2386895 1.2422773 1.2045642 1.2239232 1.2336148 1.2355725 1.1360180 1.1852198 2.0104524 2.0880583 1.3015076 1.5042313 1.3756921 1.4257607 2.2342891 2.4051376 2.3338723 2.4002021 2.3980073 2.6028224 2.5245704 2.2984133 1.5129441 
Chem_TCONS_00022853                                              0.9393973 0.9478355 0.8938409 0.8593104 0.8624042 0.8296733 0.8371639 0.8681877 0.8457055 0.8949957 0.8802491 1.0891612 1.0093791 0.7205202 0.7915865 0.8088695 0.8336416 0.9263173 1.0265828 0.9527963 1.0441324 0.9361516 1.2257605 1.3462476 1.1409208 1.0004852 0.9469760 0.6377283 0.0000000 1.0707489 1.0804909 1.0533541 1.0539372 1.0453984 1.0466569 1.0028680 1.1248042 1.7392978 1.3282789 1.1570480 1.3234261 1.2715562 1.3256790 2.1125929 2.1599213 2.2237893 2.2261844 1.9836062 2.4245693 2.3208783 2.1769561 1.5190493 
Tadh_TriadT63315                                                 1.0126716 0.8541908 0.8715150 0.8306624 0.8835656 0.8824402 0.8613243 0.9075185 0.8791695 0.8784237 0.8943198 0.9401864 0.9134194 0.9812145 0.9464795 0.9676944 1.0361664 0.9416494 0.9687041 1.0057295 1.1276847 1.0323023 1.2271103 1.3082107 1.1155244 0.9180041 0.9097465 1.2386895 1.0707489 0.0000000 0.0048621 0.2135721 0.2185454 0.2031271 0.2067070 0.2314209 0.9348505 1.4407181 1.2633038 1.0975850 1.2143879 1.2400333 1.1178446 2.1981106 2.3990907 2.1111526 2.3117759 2.0688762 2.5309014 2.3344962 1.7693724 1.3224446 
TrH2_TrispH2_005400-RA                                           1.0219988 0.8494703 0.8794527 0.8385621 0.8918271 0.8907578 0.8696166 0.9070217 0.8874981 0.8867031 0.9026247 0.9401864 0.9129077 1.0057209 0.9552642 0.9766018 1.0455352 0.9508781 0.9773643 1.0149123 1.1176941 1.0417870 1.2254217 1.3072857 1.1141518 0.9264016 0.9181181 1.2422773 1.0804909 0.0048621 0.0000000 0.2142614 0.2192540 0.2037905 0.2073823 0.2360869 0.9488029 1.4638653 1.3103979 1.1089882 1.2286560 1.2457141 1.1315126 2.1959315 2.3962447 2.1091592 2.3093336 2.0656315 2.5278654 2.3319463 1.7908844 1.3224446 
HoiH06_mRNA3474                                                  0.9677011 0.8908506 0.8032765 0.7231775 0.8310693 0.8711594 0.8164072 0.8542843 0.8275685 0.8218343 0.8376982 0.8842812 0.8757210 0.8733008 0.9361372 0.9643170 1.0008784 0.9432639 0.9736872 0.9723504 1.0079959 1.0825637 1.1551611 1.3040914 1.0250907 0.8610338 0.8615929 1.2045642 1.0533541 0.2135721 0.2142614 0.0000000 0.0220614 0.0666459 0.0639957 0.1523427 0.8889118 1.4050268 1.2011172 1.0937111 1.2070192 1.2675376 1.1668044 2.0919158 2.3035373 2.0652277 2.2408142 2.0701812 2.3311615 2.1801064 1.8144245 1.2919167 
HoiH23_PlH23_001350-RA                                           0.9707011 0.9080067 0.8111167 0.7354856 0.8399284 0.8854113 0.8394307 0.8801783 0.8475948 0.8413014 0.8565518 0.9061318 0.9001038 0.8549585 0.9570311 0.9815979 1.0221787 0.9631715 0.9815926 0.9791524 1.0073825 1.0846339 1.1837909 1.3534856 1.0479578 0.8804900 0.8840132 1.2239232 1.0539372 0.2185454 0.2192540 0.0220614 0.0000000 0.0640591 0.0614133 0.1530548 0.9134412 1.4391577 1.2011172 1.1243674 1.2317209 1.3266518 1.1676260 2.0958494 2.3417535 2.0991193 2.2935929 2.1017048 2.3714597 2.2014665 1.8660016 1.3174075 
Hhon_g05059.t1                                                   0.9997261 0.8892336 0.8135724 0.7243973 0.8264460 0.8692526 0.8170666 0.8502957 0.8208904 0.8274407 0.8309730 0.8837647 0.8737785 0.8981742 0.9776387 0.9875634 1.0320046 0.9532645 0.9658130 0.9645797 1.0053582 1.0764256 1.1706966 1.3213575 1.0246431 0.8383341 0.8616309 1.2336148 1.0453984 0.2031271 0.2037905 0.0666459 0.0640591 0.0000000 0.0024385 0.1519409 0.8970024 1.4386985 1.2034170 1.0928928 1.2005239 1.2627914 1.1530001 2.0940108 2.3502986 2.0639633 2.2158065 2.1362620 2.3655871 2.1917362 1.7974696 1.3176830 
HoiH04_mRNA7520                                                  1.0081399 0.8905262 0.8165310 0.7271582 0.8295274 0.8724883 0.8207041 0.8544157 0.8245335 0.8311072 0.8346306 0.8894440 0.8781196 0.8981742 0.9811622 0.9911229 1.0357196 0.9567138 0.9672394 0.9657267 1.0068834 1.0812087 1.1725159 1.3242545 1.0258508 0.8402383 0.8629026 1.2355725 1.0466569 0.2067070 0.2073823 0.0639957 0.0614133 0.0024385 0.0000000 0.1485254 0.8983789 1.4503955 1.2034170 1.1008268 1.2034052 1.2654787 1.1554580 2.1076796 2.3564837 2.0792505 2.2301015 2.1453409 2.3810410 2.2061099 1.8013961 1.3276286 
HoiH11_mRNA7458                                                  1.0456835 0.9057606 0.8764054 0.8100655 0.9079268 0.9503072 0.8511689 0.8938662 0.8926352 0.8878155 0.8973857 1.0393646 0.9440979 0.8084938 1.0258042 1.0277271 1.0330192 0.9421577 0.9778848 0.9982916 1.0654132 1.0273956 1.2855058 1.4358760 1.1599975 0.9248668 0.9012324 1.1360180 1.0028680 0.2314209 0.2360869 0.1523427 0.1530548 0.1519409 0.1485254 0.0000000 0.9079217 1.4713714 1.0545383 1.1268859 1.2992233 1.1575867 1.2596559 2.0880469 2.2572311 2.0285592 2.2075357 1.9052480 2.3671605 2.1806966 1.9795342 1.2906377 
Opea_EP00118_Oscarella_pearsei_P013055                           1.0022768 0.9373718 0.8407193 0.8111098 0.7492155 0.8182057 0.8043415 0.8638561 0.8204017 0.7870602 0.7894839 0.9389916 0.9580550 0.9047106 1.0596121 1.0663133 1.0634085 0.9762798 0.8594554 1.0158313 0.9537248 1.1556401 1.2329075 1.2832606 0.9725109 0.9851376 0.9862806 1.1852198 1.1248042 0.9348505 0.9488029 0.8889118 0.9134412 0.8970024 0.8983789 0.9079217 0.0000000 1.5780156 1.1889488 1.0607524 1.2127199 1.2143255 1.1577195 2.0943139 2.2745368 2.1016634 2.2553021 2.0338210 2.4641494 2.4164541 0.6589837 1.4221391 
Emue_Em0019g989a.t1                                              1.4813740 1.5387516 1.5260828 1.4394451 1.4354723 1.4998989 1.4187292 1.4899458 1.4192373 1.4458390 1.4262076 1.6478183 1.5274410 1.4044904 1.4912715 1.5551230 1.6204309 1.6385625 1.5827159 1.7894477 1.6579090 1.6237323 1.6658171 1.9104235 1.6665030 1.1693818 1.3095155 2.0104524 1.7392978 1.4407181 1.4638653 1.4050268 1.4391577 1.4386985 1.4503955 1.4713714 1.5780156 0.0000000 0.1339407 1.6129058 1.8312241 1.5419804 1.4654899 2.5641824 2.7328545 2.4850121 2.6489156 2.8141750 2.8871616 2.7126559 2.4985435 2.3295240 
Spolac_c95511_g2_i1_m.11583c95511-g2                             1.3070945 1.1376577 1.1339808 1.0996768 1.1478472 1.1938385 1.0171203 1.0603553 1.0645873 1.1095772 1.1028084 1.0833595 1.1189621 1.3213598 1.1193151 1.1320931 1.2505836 1.1934496 1.1720928 1.5266725 1.3513223 1.4091784 1.3714496 1.9279629 1.2414367 0.9899801 1.1166639 2.0880583 1.3282789 1.2633038 1.3103979 1.2011172 1.2011172 1.2034170 1.2034170 1.0545383 1.1889488 0.1339407 0.0000000 1.1234653 1.1576757 1.9389963 1.2591750 2.2465033 2.4290104 2.2918288 2.2188630 2.1464700 2.6886636 2.6545933 2.7979206 4.2484370 
Lcom_lcpid65805                                                  0.9408841 1.0130369 1.0014402 1.0161980 1.0044717 0.9827535 0.9341801 0.9968090 0.9445516 0.9819939 0.9756453 1.1576281 1.1071681 0.8426705 1.1051072 1.1171667 1.1279515 1.0203108 0.9440398 1.2063716 1.2077111 1.2453749 1.1962504 1.3256110 1.0651589 0.8930334 0.9321016 1.3015076 1.1570480 1.0975850 1.1089882 1.0937111 1.1243674 1.0928928 1.1008268 1.1268859 1.0607524 1.6129058 1.1234653 0.0000000 0.3684358 1.0666108 1.1815672 2.1513816 2.2557382 2.1408978 2.2975009 2.0897630 2.5665481 2.5187162 2.0445365 1.6697729 
Leuniv_Lniv_scaffold22820_01                                     1.1256657 1.1720344 1.1359332 1.1697705 1.1114784 1.1465720 1.0551109 1.1478647 1.0369559 1.0839625 1.0903312 1.2234163 1.2380956 1.0089603 1.1606677 1.1933391 1.2373931 1.1851809 1.1295186 1.2861893 1.3168590 1.2797027 1.4535055 1.3430210 1.1244526 1.0089178 1.0724368 1.5042313 1.3234261 1.2143879 1.2286560 1.2070192 1.2317209 1.2005239 1.2034052 1.2992233 1.2127199 1.8312241 1.1576757 0.3684358 0.0000000 1.1364099 1.2498834 2.4500661 2.5812329 2.5456707 2.4246634 2.4449708 3.0092477 2.8744339 2.0603252 1.7252709 
Plespi_Pspi_C610238_01                                           1.0051995 1.0021638 1.0732200 1.0310749 1.0170462 0.9761442 0.8563611 0.8761016 0.8285967 0.8833819 0.8723753 0.8501319 0.8829626 1.5388492 1.1831477 1.1831297 1.1560988 1.0847337 1.0190463 1.1670419 1.2588348 1.2619674 1.1582172 1.2293848 0.9375735 0.9330511 0.9528530 1.3756921 1.2715562 1.2400333 1.2457141 1.2675376 1.3266518 1.2627914 1.2654787 1.1575867 1.2143255 1.5419804 1.9389963 1.0666108 1.1364099 0.0000000 1.5020927 2.2289672 2.2859245 2.3410655 2.3527454 3.1013830 2.6110995 2.4501807 1.6712832 1.3408991 
Cscu_XM_023377945.1                                              1.0893364 1.1563821 1.0814496 1.0734666 1.0373217 1.1791891 1.0949577 1.1447545 1.0884001 1.0964375 1.0820539 1.2579665 1.2056648 1.1562161 1.2261508 1.2894329 1.2491780 1.0682469 1.0933264 1.3485281 1.3725771 1.4467068 1.4045996 1.4887595 1.3079131 1.1505530 1.1741794 1.4257607 1.3256790 1.1178446 1.1315126 1.1668044 1.1676260 1.1530001 1.1554580 1.2596559 1.1577195 1.4654899 1.2591750 1.1815672 1.2498834 1.5020927 0.0000000 2.4951367 2.9022677 2.5630072 2.7146358 2.5617789 3.0292835 2.9689608 2.1942593 2.2325566 
Mlei_ML0241.g9.i1                                                2.0438262 2.1804466 2.1113335 2.2322466 2.1140932 2.1437544 2.1558525 2.1610133 2.1234714 2.1235153 2.0870302 2.2965003 2.1553517 1.9280496 2.1458432 2.1162814 2.2323169 2.1551893 2.0002293 2.4556863 2.3802103 2.3646800 2.3918912 2.6697680 2.2038437 1.9234847 1.9262341 2.2342891 2.1125929 2.1981106 2.1959315 2.0919158 2.0958494 2.0940108 2.1076796 2.0880469 2.0943139 2.5641824 2.2465033 2.1513816 2.4500661 2.2289672 2.4951367 0.0000000 0.4405444 0.6895164 0.9306807 0.8765599 0.8663378 0.7682311 3.3053487 2.7301156 
Beraby_Baby_sb322393                                             2.2488572 2.4008303 2.3345087 2.4418902 2.3640458 2.2542653 2.4520933 2.4976483 2.4441899 2.3512945 2.3475956 2.4758558 2.4940595 2.3191403 2.3474974 2.2974816 2.3336870 2.3677703 2.1411138 2.6108902 2.5952522 2.4749239 2.5795815 2.9137082 2.2801448 2.1586242 2.2165755 2.4051376 2.1599213 2.3990907 2.3962447 2.3035373 2.3417535 2.3502986 2.3564837 2.2572311 2.2745368 2.7328545 2.4290104 2.2557382 2.5812329 2.2859245 2.9022677 0.4405444 0.0000000 0.5773904 0.8504463 0.9345156 0.8701635 0.7799759 3.3916022 2.8532855 
Lampan_Lpan_C412397_01                                           2.0534654 2.1636196 2.2272156 2.1568023 2.2557702 2.2582187 2.1727332 2.2808578 2.1490445 2.1860169 2.1793498 2.3950588 2.3338965 1.9736080 2.2426931 2.2211742 2.2274671 2.1948012 1.9643982 2.3287645 2.2532392 2.4866397 2.2433722 2.6307021 2.1717884 2.0314287 2.0341672 2.3338723 2.2237893 2.1111526 2.1091592 2.0652277 2.0991193 2.0639633 2.0792505 2.0285592 2.1016634 2.4850121 2.2918288 2.1408978 2.5456707 2.3410655 2.5630072 0.6895164 0.5773904 0.0000000 0.7448833 0.7328975 0.8822632 0.8058454 3.0411447 3.1362266 
Vmul_SimC397288                                                  2.3227603 2.2995389 2.2747261 2.3190666 2.3217533 2.1442381 2.3084920 2.3921625 2.2373408 2.2873945 2.2979764 2.5328259 2.3957393 2.2494665 2.2797030 2.3127216 2.2196751 2.3142498 2.2217265 2.4043465 2.5101803 2.5413826 2.4373548 2.7506902 2.3084333 2.0125440 2.0565503 2.4002021 2.2261844 2.3117759 2.3093336 2.2408142 2.2935929 2.2158065 2.2301015 2.2075357 2.2553021 2.6489156 2.2188630 2.2975009 2.4246634 2.3527454 2.7146358 0.9306807 0.8504463 0.7448833 0.0000000 0.4815255 1.0731763 0.9527216 3.5946824 2.8715477 
Coemet_Cmet_scaffold14262_01                                     1.9501900 1.9431619 1.9709066 2.0094945 2.1307635 2.0604667 2.1303194 2.2552263 2.1348250 2.1247194 2.1385914 2.7787399 2.4930452 1.8478618 2.1380607 2.0552206 2.0167687 1.9625344 1.9177202 2.2862379 2.2030882 2.6428264 2.3559214 3.8797266 2.2995829 2.0175970 2.0103092 2.3980073 1.9836062 2.0688762 2.0656315 2.0701812 2.1017048 2.1362620 2.1453409 1.9052480 2.0338210 2.8141750 2.1464700 2.0897630 2.4449708 3.1013830 2.5617789 0.8765599 0.9345156 0.7328975 0.4815255 0.0000000 1.0425764 1.0276324 3.8856666 5.1705499 
Pbac_sb2657168                                                   2.3420491 2.3761585 2.5792220 2.6645545 2.4864281 2.5620316 2.5370865 2.5815782 2.5694319 2.4564407 2.4922428 2.6531925 2.5925059 2.3584530 2.6056046 2.6047421 2.6080248 2.5863205 2.3163093 2.6108281 2.6370407 2.5736172 2.6532730 2.9500501 2.4621076 2.1740205 2.3322474 2.6028224 2.4245693 2.5309014 2.5278654 2.3311615 2.3714597 2.3655871 2.3810410 2.3671605 2.4641494 2.8871616 2.6886636 2.5665481 3.0092477 2.6110995 3.0292835 0.8663378 0.8701635 0.8822632 1.0731763 1.0425764 0.0000000 0.0752268 3.7055683 3.2607380 
Horcal_Hcv1.av93.c9.g174.i1                                      2.2374077 2.2564475 2.3837414 2.4341537 2.3584280 2.4575402 2.4315313 2.4682120 2.4425133 2.3375773 2.3710685 2.4797942 2.4253147 2.3087617 2.5058326 2.5462511 2.5438663 2.4419469 2.2537450 2.5201585 2.5724173 2.5355017 2.5878061 2.8006743 2.3038518 2.1128550 2.2275715 2.5245704 2.3208783 2.3344962 2.3319463 2.1801064 2.2014665 2.1917362 2.2061099 2.1806966 2.4164541 2.7126559 2.6545933 2.5187162 2.8744339 2.4501807 2.9689608 0.7682311 0.7799759 0.8058454 0.9527216 1.0276324 0.0752268 0.0000000 3.7161010 2.8102159 
Ocar_g3413                                                       1.9214336 1.7427774 1.5561902 1.8150561 1.5886297 1.6323096 1.6713012 1.4983810 1.6985181 1.6096288 1.5919315 1.1309736 1.5874248 2.7912339 1.9726691 2.0098337 1.9167886 1.8298475 1.8490279 1.9828877 1.7826231 2.0260338 2.0866522 1.6151913 1.9847302 1.9107145 1.9370388 2.2984133 2.1769561 1.7693724 1.7908844 1.8144245 1.8660016 1.7974696 1.8013961 1.9795342 0.6589837 2.4985435 2.7979206 2.0445365 2.0603252 1.6712832 2.1942593 3.3053487 3.3916022 3.0411447 3.5946824 3.8856666 3.7055683 3.7161010 0.0000000 2.2051648 
Acagra_model.g31209.t1                                           1.4104916 1.2478903 1.0660538 1.1018725 1.1156676 1.1771150 1.1824509 1.2114043 1.2246572 1.1259653 1.1508599 1.1355202 1.1526885 2.0177723 1.3634229 1.3399664 1.4095960 1.0426864 1.0916521 1.1862112 1.2062389 1.5700050 1.4846228 1.2773145 1.2636604 1.1659767 1.1720312 1.5129441 1.5190493 1.3224446 1.3224446 1.2919167 1.3174075 1.3176830 1.3276286 1.2906377 1.4221391 2.3295240 4.2484370 1.6697729 1.7252709 1.3408991 2.2325566 2.7301156 2.8532855 3.1362266 2.8715477 5.1705499 3.2607380 2.8102159 2.2051648 0.0000000 
