42
Hsap_ENST00000216185                                               0.0000000 0.9696109 1.2763131 1.1014544 1.3670662 1.3431969 1.2689723 1.5491890 2.1329480 1.5907832 1.2645869 1.3002005 1.4212192 1.4311962 2.1184535 1.3917485 1.4258554 1.6227704 1.5315617 1.8071614 1.4516505 1.3687609 1.8623650 1.4363423 1.5077891 1.5914196 1.4937282 1.2304735 1.5556519 2.0347659 1.9308298 1.8807941 1.9077555 1.8856253 1.5440622 1.5440622 2.3079681 1.8140146 1.3972055 2.0685486 2.0790944 3.2084176 
Skow_XM_002733206.2                                                0.9696109 0.0000000 1.4257235 1.1561184 1.4871219 1.1528343 1.2089476 1.4264421 1.8241429 1.3288190 1.1271795 1.2887558 1.3750831 1.2539017 2.2723744 1.3834746 1.4292167 1.5669738 1.5802192 1.8930880 1.4481057 1.3286276 1.8757218 1.7342448 1.7178956 1.7694655 1.6421952 1.3293686 1.5527554 2.0476097 2.0342966 2.0357101 2.0929730 2.0679302 1.6744620 1.6744620 1.8056330 1.5785501 1.3457063 1.8665099 2.1386042 2.8534735 
Dpul_mRNA24619                                                     1.2763131 1.4257235 0.0000000 0.9777284 1.9715498 1.8293047 1.3947855 1.7275972 1.8054744 1.8541785 1.6198959 1.7284135 1.6943679 1.5009025 2.1909331 1.5824158 1.5863974 2.0458487 1.6815966 2.0174275 1.8212578 1.8763303 2.2686673 1.7526970 1.8107779 1.8260230 2.0269064 1.4830993 1.8218125 2.2543602 2.3263981 2.2171320 2.1238935 2.1622535 2.0166302 2.0166302 2.2994050 2.1796215 1.5892203 1.6056808 2.2897791 3.8204578 
Cscu_XM_023363291.1                                                1.1014544 1.1561184 0.9777284 0.0000000 1.6323844 1.1204605 1.4317227 1.3359323 1.3613478 1.6621278 1.1531118 1.2307187 1.4582294 1.3786602 2.4980881 1.3956746 1.5016044 1.9255999 1.6096264 1.9713666 1.3294909 1.2723981 1.6676444 1.4326826 1.3441837 1.5401087 1.4782722 1.1100864 1.7080846 2.0463788 1.7756411 1.8233334 1.8209459 1.7784951 1.8205505 1.8205505 1.9847076 1.5470459 1.4094873 1.7580977 2.2360933 3.0756241 
Hvul_g995_1                                                        1.3670662 1.4871219 1.9715498 1.6323844 0.0000000 1.8010725 1.7404088 1.6233974 1.8151681 1.9274282 1.8057938 1.7936566 1.8156885 1.6786172 3.8147763 1.6159998 1.6400147 2.0994247 1.6968476 2.1584216 1.5240924 1.5406983 1.2538866 1.7276857 1.4991032 1.5610553 1.3714889 1.6176112 1.6838153 1.8982963 1.7693257 1.8675524 1.8143721 1.7686373 1.8949634 1.8949634 2.3127866 1.5398939 1.7816505 1.9106190 1.9160740 3.2439071 
Cgig_XM_011450558.3                                                1.3431969 1.1528343 1.8293047 1.1204605 1.8010725 0.0000000 1.5963476 1.5947089 2.3732824 2.1271858 0.8527338 1.4408336 1.6324933 1.5754489 2.7366953 1.5206223 1.6353250 1.9750768 1.6976741 2.2625920 1.5575196 1.5733960 1.7229085 1.7870755 1.6697898 1.6717227 1.8410909 1.3797209 2.0417801 2.6912459 2.5852408 2.7088395 2.7036617 2.6461019 1.7590627 1.7590627 2.6204239 2.4053237 1.8382957 2.1261620 2.1595044 3.6960131 
Bralan_BLAG09000051_1                                              1.2689723 1.2089476 1.3947855 1.4317227 1.7404088 1.5963476 0.0000000 1.3401868 1.6524300 1.4061840 1.2257108 1.2032405 1.1250099 1.2338148 1.8378029 1.2683700 1.4276763 1.4601732 1.2548978 1.6361126 1.1931119 1.3483529 1.7649025 1.4217895 1.4804525 1.3284181 1.3262070 1.2365916 1.5592537 1.9732745 1.8832289 1.8809866 2.0851266 2.0606357 1.4399944 1.4399944 2.0382332 1.7561403 1.4222332 1.6376079 2.0375597 3.5640015 
Aque_Aqu2.1.32561_001                                              1.5491890 1.4264421 1.7275972 1.3359323 1.6233974 1.5947089 1.3401868 0.0000000 0.6032662 0.6041899 1.4252083 1.3820438 1.2945523 1.5154956 2.1180977 1.3626171 1.5182330 1.6308308 1.6362681 1.6978219 1.1570666 1.3399989 2.2544357 1.5439920 1.3432366 1.4001054 1.7409011 1.2922285 1.8670016 1.8891569 1.5460557 1.5584579 1.7177698 1.6704373 1.6366835 1.6366835 1.6807001 1.4000085 1.7595748 1.6728676 2.2582702 2.8098319 
Xestes_augustus_masked-XT_scaffold137869-processed-gene-0.1-mRNA-1 2.1329480 1.8241429 1.8054744 1.3613478 1.8151681 2.3732824 1.6524300 0.6032662 0.0000000 0.5785722 2.2195279 1.8873608 2.1351057 2.1824091 3.9554131 2.0254051 2.0947136 2.4075842 2.2387344 2.4209300 1.9396782 2.0743919 2.3921333 2.0465968 1.6264666 1.5890460 1.8845972 1.9259744 1.6554475 1.9743129 1.5911726 1.6796371 1.5966044 1.6416789 1.7147190 1.7147190 1.4650691 1.4297065 2.0553127 2.2528982 2.3633392 3.3343856 
Halamb_c43040_g1_i1m.15651                                         1.5907832 1.3288190 1.8541785 1.6621278 1.9274282 2.1271858 1.4061840 0.6041899 0.5785722 0.0000000 2.0848765 1.5322105 1.6715832 1.7835413 2.4754003 1.5701608 1.6171582 1.8450046 1.7812078 1.7433753 1.4971754 1.5630255 1.9564818 1.9011664 1.5177937 1.6585095 2.1112065 1.9241816 1.4703370 1.8495030 1.7634254 1.7689529 1.7215983 1.7435019 1.6433339 1.6433339 1.6255277 1.4575050 1.9229283 1.8759791 2.2683589 2.9277086 
Acagra_model.g3940.t1                                              1.2645869 1.1271795 1.6198959 1.1531118 1.8057938 0.8527338 1.2257108 1.4252083 2.2195279 2.0848765 0.0000000 1.2813954 1.3746626 1.3295402 2.1924675 1.3237978 1.4631206 1.5768821 1.4273783 1.7220062 1.1419656 1.3029888 1.6929794 1.7390446 1.8896384 1.8613319 1.4281079 1.1721874 2.0645970 2.8026168 2.7513638 2.6777984 2.7125324 2.6738640 1.9769236 1.9769236 2.3421123 1.8203700 1.8175279 1.8173888 2.4732074 3.6128635 
Exapal_XM_021044733.2                                              1.3002005 1.2887558 1.7284135 1.2307187 1.7936566 1.4408336 1.2032405 1.3820438 1.8873608 1.5322105 1.2813954 0.0000000 0.6117830 0.7439868 0.5404241 0.7543834 0.7907264 0.6938442 0.8664994 0.9722429 1.0942086 1.3966388 1.6312355 1.1974556 1.3447685 1.2127000 1.0797466 1.5748665 2.0364270 2.5073079 2.6735379 2.7270902 2.7890314 2.7451883 1.5958687 1.5958687 2.4110063 1.8228658 1.6348509 1.7992331 2.1662390 3.0082633 
Nvec_v1g79012                                                      1.4212192 1.3750831 1.6943679 1.4582294 1.8156885 1.6324933 1.1250099 1.2945523 2.1351057 1.6715832 1.3746626 0.6117830 0.0000000 0.6476596 0.4828905 0.6510658 0.7357012 0.6213914 0.7250608 0.8944563 1.1069936 1.3230159 1.6880366 1.2544154 1.2889919 1.2943548 1.0963068 1.6515180 1.6540128 2.0967533 2.2871813 2.2900663 2.5219568 2.4651458 1.7020451 1.7020451 2.3296603 1.9938380 1.8977498 1.9068158 1.9546617 3.0191709 
Adig_XM_015899073.1                                                1.4311962 1.2539017 1.5009025 1.3786602 1.6786172 1.5754489 1.2338148 1.5154956 2.1824091 1.7835413 1.3295402 0.7439868 0.6476596 0.0000000 0.0337046 0.3364836 0.3616970 0.4310949 0.4116516 0.4850162 0.9077165 1.1587215 1.6585760 1.3470679 1.2131189 1.1572135 1.0539947 1.5544597 1.8100944 2.2986474 2.3475745 2.3592142 2.4678558 2.4121700 1.6492603 1.6492603 2.3986841 1.8975131 1.8016011 1.8160874 1.9441425 3.0908042 
Amil_Amillepora33510-RA                                            2.1184535 2.2723744 2.1909331 2.4980881 3.8147763 2.7366953 1.8378029 2.1180977 3.9554131 2.4754003 2.1924675 0.5404241 0.4828905 0.0337046 0.0000000 0.2577004 0.2535555 0.2899417 0.2634647 0.2429813 1.0434750 1.4913748 1.7013929 1.3217760 1.2462265 1.0948038 1.0907685 2.9188265 2.4112996 4.1880964 5.5110371 5.0817734 5.4983110 5.4983110 2.8085329 2.8085329 3.5737483 3.1423170 3.3206988 2.8204955 3.3336473 4.0789959 
Spis_XP_022795804_1                                                1.3917485 1.3834746 1.5824158 1.3956746 1.6159998 1.5206223 1.2683700 1.3626171 2.0254051 1.5701608 1.3237978 0.7543834 0.6510658 0.3364836 0.2577004 0.0000000 0.1225446 0.3194113 0.3255949 0.4153206 0.8523670 1.1152061 1.6224309 1.2225548 1.1220221 1.1074318 1.0044698 1.5863540 1.6451810 2.1048210 2.1736049 2.2122868 2.2632165 2.2345288 1.6280349 1.6280349 2.4440299 1.8712316 1.8252894 2.0455429 2.0626075 2.9870620 
Pocdam_XM_027202486.1                                              1.4258554 1.4292167 1.5863974 1.5016044 1.6400147 1.6353250 1.4276763 1.5182330 2.0947136 1.6171582 1.4631206 0.7907264 0.7357012 0.3616970 0.2535555 0.1225446 0.0000000 0.3441295 0.3633084 0.4489955 0.9202042 1.2198903 1.7159620 1.3425992 1.1822725 1.1566851 1.1082137 1.6878732 1.7301413 2.1777949 2.3077213 2.3349392 2.3971074 2.3666726 1.6287271 1.6287271 2.3254248 1.8594957 1.9307276 1.9600742 2.0837125 2.9907752 
Fspp_ffun1.m4.11710.m1                                             1.6227704 1.5669738 2.0458487 1.9255999 2.0994247 1.9750768 1.4601732 1.6308308 2.4075842 1.8450046 1.5768821 0.6938442 0.6213914 0.4310949 0.2899417 0.3194113 0.3441295 0.0000000 0.2331630 0.3942921 0.8876461 1.2365881 1.8386158 1.3833339 1.4818521 1.2619337 1.1565797 2.0158900 1.8270301 2.4332320 2.5034814 2.5768033 2.6162401 2.6162401 1.9384472 1.9384472 2.0071699 1.9315696 2.0757732 2.5220442 2.2139845 2.9167094 
Gasp_gasp1.m3.30733.m1                                             1.5315617 1.5802192 1.6815966 1.6096264 1.6968476 1.6976741 1.2548978 1.6362681 2.2387344 1.7812078 1.4273783 0.8664994 0.7250608 0.4116516 0.2634647 0.3255949 0.3633084 0.2331630 0.0000000 0.3815181 0.9451633 1.1840955 2.0506246 1.4051110 1.3319308 1.4366320 1.1797343 1.9330884 1.7886718 2.2206798 2.3088101 2.3803369 2.4716372 2.4394685 1.6686069 1.6686069 2.4493851 2.1220094 2.1231953 2.0548421 2.1798319 3.0188623 
Gfas_gfas1.m1.15245.m1                                             1.8071614 1.8930880 2.0174275 1.9713666 2.1584216 2.2625920 1.6361126 1.6978219 2.4209300 1.7433753 1.7220062 0.9722429 0.8944563 0.4850162 0.2429813 0.4153206 0.4489955 0.3942921 0.3815181 0.0000000 0.9886422 1.3750301 1.8110696 1.7408074 1.7091239 1.4343910 1.3564064 2.3240443 1.8402391 2.4251892 2.3713648 2.4153772 2.4136430 2.4136430 1.8769121 1.8769121 2.3734032 2.1923207 2.1497280 2.2448198 2.3004703 2.6791596 
Dgig_XM_028547062.1                                                1.4516505 1.4481057 1.8212578 1.3294909 1.5240924 1.5575196 1.1931119 1.1570666 1.9396782 1.4971754 1.1419656 1.0942086 1.1069936 0.9077165 1.0434750 0.8523670 0.9202042 0.8876461 0.9451633 0.9886422 0.0000000 0.4718217 1.4849504 1.2009958 1.2345420 1.2349097 1.1954738 1.5903591 1.5990933 1.9485869 1.9433302 2.0447433 1.9836145 1.9605743 1.9001955 1.9001955 1.9587874 1.8389842 1.7340674 1.6342715 1.9517345 2.2802271 
Xesp_022011-T1                                                     1.3687609 1.3286276 1.8763303 1.2723981 1.5406983 1.5733960 1.3483529 1.3399989 2.0743919 1.5630255 1.3029888 1.3966388 1.3230159 1.1587215 1.4913748 1.1152061 1.2198903 1.2365881 1.1840955 1.3750301 0.4718217 0.0000000 1.3530513 1.0900590 1.2241828 1.3642120 1.2706359 1.4182386 1.1690332 1.6137181 1.7442701 1.7607040 1.7327923 1.7135211 1.7889006 1.7889006 2.2289402 2.0093688 1.7696621 1.9945728 2.0374225 2.4144313 
Chem_TCONS_00002257                                                1.8623650 1.8757218 2.2686673 1.6676444 1.2538866 1.7229085 1.7649025 2.2544357 2.3921333 1.9564818 1.6929794 1.6312355 1.6880366 1.6585760 1.7013929 1.6224309 1.7159620 1.8386158 2.0506246 1.8110696 1.4849504 1.3530513 0.0000000 1.1382274 1.1756970 1.0968645 1.1103348 1.6594462 1.8401420 1.9824426 2.1034379 2.1541435 2.2099538 2.1825976 1.7992187 1.7992187 2.1349793 1.9720521 1.8861307 2.5648906 1.7930438 2.7185918 
Nemnom_g19409.t1                                                   1.4363423 1.7342448 1.7526970 1.4326826 1.7276857 1.7870755 1.4217895 1.5439920 2.0465968 1.9011664 1.7390446 1.1974556 1.2544154 1.3470679 1.3217760 1.2225548 1.3425992 1.3833339 1.4051110 1.7408074 1.2009958 1.0900590 1.1382274 0.0000000 0.3671571 0.8277328 0.8766654 1.9172329 1.5588287 1.9941484 1.9809109 2.0177835 2.1417463 2.1672421 1.8543478 1.8543478 2.4553691 1.8907364 1.9596883 2.1091736 2.0043508 2.4332712 
Rhoesc_Res_007505-T1                                               1.5077891 1.7178956 1.8107779 1.3441837 1.4991032 1.6697898 1.4804525 1.3432366 1.6264666 1.5177937 1.8896384 1.3447685 1.2889919 1.2131189 1.2462265 1.1220221 1.1822725 1.4818521 1.3319308 1.7091239 1.2345420 1.2241828 1.1756970 0.3671571 0.0000000 0.5664247 0.9545407 1.8317315 1.4644554 1.9331831 2.0499722 2.0655272 2.1266320 2.1830247 1.8593929 1.8593929 2.4344587 1.9709163 1.7736758 2.0399306 2.1000196 2.5740391 
Sanmal_Sma_015091-T1                                               1.5914196 1.7694655 1.8260230 1.5401087 1.5610553 1.6717227 1.3284181 1.4001054 1.5890460 1.6585095 1.8613319 1.2127000 1.2943548 1.1572135 1.0948038 1.1074318 1.1566851 1.2619337 1.4366320 1.4343910 1.2349097 1.3642120 1.0968645 0.8277328 0.5664247 0.0000000 0.8906733 1.8059760 1.6837716 2.1076212 2.0054302 2.0578066 2.1249644 2.0780095 1.6341276 1.6341276 2.4253761 2.0738708 1.9310737 2.0602700 1.7834850 2.4074194 
Morvir_scaffold332.g6.t1                                           1.4937282 1.6421952 2.0269064 1.4782722 1.3714889 1.8410909 1.3262070 1.7409011 1.8845972 2.1112065 1.4281079 1.0797466 1.0963068 1.0539947 1.0907685 1.0044698 1.1082137 1.1565797 1.1797343 1.3564064 1.1954738 1.2706359 1.1103348 0.8766654 0.9545407 0.8906733 0.0000000 1.9005502 2.0741966 2.5307602 2.4322853 2.4431901 2.5371408 2.5024663 1.7370507 1.7370507 2.5159807 1.9641836 2.0870901 2.2781670 2.0741373 2.9331119 
Ctel_gnl_WGS_AMQN_CAPTEDRAFT_mRNA152106                            1.2304735 1.3293686 1.4830993 1.1100864 1.6176112 1.3797209 1.2365916 1.2922285 1.9259744 1.9241816 1.1721874 1.5748665 1.6515180 1.5544597 2.9188265 1.5863540 1.6878732 2.0158900 1.9330884 2.3240443 1.5903591 1.4182386 1.6594462 1.9172329 1.8317315 1.8059760 1.9005502 0.0000000 1.7096972 2.1580510 2.2368642 2.2383004 2.3947127 2.4313134 1.8075893 1.8075893 2.1503737 1.9539884 1.6575805 2.5183755 2.3489026 3.2296250 
Tadh_TriadT19282                                                   1.5556519 1.5527554 1.8218125 1.7080846 1.6838153 2.0417801 1.5592537 1.8670016 1.6554475 1.4703370 2.0645970 2.0364270 1.6540128 1.8100944 2.4112996 1.6451810 1.7301413 1.8270301 1.7886718 1.8402391 1.5990933 1.1690332 1.8401420 1.5588287 1.4644554 1.6837716 2.0741966 1.7096972 0.0000000 0.0094636 0.4091794 0.3917102 0.4226959 0.4197274 1.6838000 1.6838000 2.2274278 2.0695464 2.0331793 1.7419732 1.9005753 3.0214838 
TrH2_TrispH2_001017-RA                                             2.0347659 2.0476097 2.2543602 2.0463788 1.8982963 2.6912459 1.9732745 1.8891569 1.9743129 1.8495030 2.8026168 2.5073079 2.0967533 2.2986474 4.1880964 2.1048210 2.1777949 2.4332320 2.2206798 2.4251892 1.9485869 1.6137181 1.9824426 1.9941484 1.9331831 2.1076212 2.5307602 2.1580510 0.0094636 0.0000000 0.5100937 0.5128999 0.5505117 0.5470252 2.1288348 2.1288348 2.5352127 2.2579859 2.3993713 1.9806854 2.0774996 3.3502361 
HoiH06_mRNA842                                                     1.9308298 2.0342966 2.3263981 1.7756411 1.7693257 2.5852408 1.8832289 1.5460557 1.5911726 1.7634254 2.7513638 2.6735379 2.2871813 2.3475745 5.5110371 2.1736049 2.3077213 2.5034814 2.3088101 2.3713648 1.9433302 1.7442701 2.1034379 1.9809109 2.0499722 2.0054302 2.4322853 2.2368642 0.4091794 0.5100937 0.0000000 0.0961270 0.2056647 0.1942116 2.0317489 2.0317489 2.4483485 2.2987654 2.0979848 1.9860952 2.0610992 2.8632560 
HoiH23_PlH23_006627-RA                                             1.8807941 2.0357101 2.2171320 1.8233334 1.8675524 2.7088395 1.8809866 1.5584579 1.6796371 1.7689529 2.6777984 2.7270902 2.2900663 2.3592142 5.0817734 2.2122868 2.3349392 2.5768033 2.3803369 2.4153772 2.0447433 1.7607040 2.1541435 2.0177835 2.0655272 2.0578066 2.4431901 2.2383004 0.3917102 0.5128999 0.0961270 0.0000000 0.2039236 0.1923376 2.1694349 2.1694349 2.6701108 2.4885432 2.0964706 1.9826519 2.1452341 2.9292101 
Hhon_g02902.t1                                                     1.9077555 2.0929730 2.1238935 1.8209459 1.8143721 2.7036617 2.0851266 1.7177698 1.5966044 1.7215983 2.7125324 2.7890314 2.5219568 2.4678558 5.4983110 2.2632165 2.3971074 2.6162401 2.4716372 2.4136430 1.9836145 1.7327923 2.2099538 2.1417463 2.1266320 2.1249644 2.5371408 2.3947127 0.4226959 0.5505117 0.2056647 0.2039236 0.0000000 0.0079951 2.1760596 2.1760596 2.5089896 2.2287509 2.1952767 2.0181012 2.3309447 3.0880725 
HoiH04_mRNA2812                                                    1.8856253 2.0679302 2.1622535 1.7784951 1.7686373 2.6461019 2.0606357 1.6704373 1.6416789 1.7435019 2.6738640 2.7451883 2.4651458 2.4121700 5.4983110 2.2345288 2.3666726 2.6162401 2.4394685 2.4136430 1.9605743 1.7135211 2.1825976 2.1672421 2.1830247 2.0780095 2.5024663 2.4313134 0.4197274 0.5470252 0.1942116 0.1923376 0.0079951 0.0000000 2.1503746 2.1503746 2.5434326 2.2914250 2.2296327 1.9944757 2.2999572 3.1314234 
Ocar_g9400                                                         1.5440622 1.6744620 2.0166302 1.8205505 1.8949634 1.7590627 1.4399944 1.6366835 1.7147190 1.6433339 1.9769236 1.5958687 1.7020451 1.6492603 2.8085329 1.6280349 1.6287271 1.9384472 1.6686069 1.8769121 1.9001955 1.7889006 1.7992187 1.8543478 1.8593929 1.6341276 1.7370507 1.8075893 1.6838000 2.1288348 2.0317489 2.1694349 2.1760596 2.1503746 0.0000000 0.0000010 1.8339898 1.6319383 2.0138204 2.0228146 1.8938558 2.6076955 
Opea_EP00118_Oscarella_pearsei_P026509                             1.5440622 1.6744620 2.0166302 1.8205505 1.8949634 1.7590627 1.4399944 1.6366835 1.7147190 1.6433339 1.9769236 1.5958687 1.7020451 1.6492603 2.8085329 1.6280349 1.6287271 1.9384472 1.6686069 1.8769121 1.9001955 1.7889006 1.7992187 1.8543478 1.8593929 1.6341276 1.7370507 1.8075893 1.6838000 2.1288348 2.0317489 2.1694349 2.1760596 2.1503746 0.0000010 0.0000000 1.8339898 1.6319383 2.0138204 2.0228146 1.8938558 2.6076955 
Emue_Em0010g41a.t1                                                 2.3079681 1.8056330 2.2994050 1.9847076 2.3127866 2.6204239 2.0382332 1.6807001 1.4650691 1.6255277 2.3421123 2.4110063 2.3296603 2.3986841 3.5737483 2.4440299 2.3254248 2.0071699 2.4493851 2.3734032 1.9587874 2.2289402 2.1349793 2.4553691 2.4344587 2.4253761 2.5159807 2.1503737 2.2274278 2.5352127 2.4483485 2.6701108 2.5089896 2.5434326 1.8339898 1.8339898 0.0000000 0.5869856 1.9890294 2.8089919 2.6174195 3.0409633 
Spolac_c99933_g1_i2_m.21007c99933-g1                               1.8140146 1.5785501 2.1796215 1.5470459 1.5398939 2.4053237 1.7561403 1.4000085 1.4297065 1.4575050 1.8203700 1.8228658 1.9938380 1.8975131 3.1423170 1.8712316 1.8594957 1.9315696 2.1220094 2.1923207 1.8389842 2.0093688 1.9720521 1.8907364 1.9709163 2.0738708 1.9641836 1.9539884 2.0695464 2.2579859 2.2987654 2.4885432 2.2287509 2.2914250 1.6319383 1.6319383 0.5869856 0.0000000 2.1781750 2.1062984 2.4867526 2.7607313 
Tcas_TC000058_001                                                  1.3972055 1.3457063 1.5892203 1.4094873 1.7816505 1.8382957 1.4222332 1.7595748 2.0553127 1.9229283 1.8175279 1.6348509 1.8977498 1.8016011 3.3206988 1.8252894 1.9307276 2.0757732 2.1231953 2.1497280 1.7340674 1.7696621 1.8861307 1.9596883 1.7736758 1.9310737 2.0870901 1.6575805 2.0331793 2.3993713 2.0979848 2.0964706 2.1952767 2.2296327 2.0138204 2.0138204 1.9890294 2.1781750 0.0000000 2.3547130 2.2706077 2.9523316 
Tetwil_g26734.t2                                                   2.0685486 1.8665099 1.6056808 1.7580977 1.9106190 2.1261620 1.6376079 1.6728676 2.2528982 1.8759791 1.8173888 1.7992331 1.9068158 1.8160874 2.8204955 2.0455429 1.9600742 2.5220442 2.0548421 2.2448198 1.6342715 1.9945728 2.5648906 2.1091736 2.0399306 2.0602700 2.2781670 2.5183755 1.7419732 1.9806854 1.9860952 1.9826519 2.0181012 1.9944757 2.0228146 2.0228146 2.8089919 2.1062984 2.3547130 0.0000000 1.9920732 3.1139854 
Scil_scict014514.1                                                 2.0790944 2.1386042 2.2897791 2.2360933 1.9160740 2.1595044 2.0375597 2.2582702 2.3633392 2.2683589 2.4732074 2.1662390 1.9546617 1.9441425 3.3336473 2.0626075 2.0837125 2.2139845 2.1798319 2.3004703 1.9517345 2.0374225 1.7930438 2.0043508 2.1000196 1.7834850 2.0741373 2.3489026 1.9005753 2.0774996 2.0610992 2.1452341 2.3309447 2.2999572 1.8938558 1.8938558 2.6174195 2.4867526 2.2706077 1.9920732 0.0000000 1.6165917 
Lcom_lcpid101377                                                   3.2084176 2.8534735 3.8204578 3.0756241 3.2439071 3.6960131 3.5640015 2.8098319 3.3343856 2.9277086 3.6128635 3.0082633 3.0191709 3.0908042 4.0789959 2.9870620 2.9907752 2.9167094 3.0188623 2.6791596 2.2802271 2.4144313 2.7185918 2.4332712 2.5740391 2.4074194 2.9331119 3.2296250 3.0214838 3.3502361 2.8632560 2.9292101 3.0880725 3.1314234 2.6076955 2.6076955 3.0409633 2.7607313 2.9523316 3.1139854 1.6165917 0.0000000 
