37
Tcas_TC010380_001                                       0.0000000 0.3963699 0.4799647 0.8851515 0.6923131 0.7383825 0.7719924 0.7068663 0.8144752 0.7117897 0.8666406 0.9066240 0.9143260 0.8623711 0.8039648 0.8976340 0.7397809 0.6082154 0.5990919 0.7744377 0.6681431 0.7588066 0.8883418 0.9491718 0.8818910 0.9259224 0.8309048 0.8345286 0.8345286 0.8934636 1.0642079 0.8685280 0.8685280 0.8398946 1.4046000 1.8133488 1.6118337 
Cscu_XM_023388547.1                                     0.3963699 0.0000000 0.4581534 0.7952388 0.7915089 0.6714370 0.7116122 0.6626283 0.7738891 0.5405858 0.6142675 0.8383615 0.8447084 0.8029395 0.4919721 0.7478836 0.5891171 0.5478605 0.5132425 0.7226160 0.6252275 0.6322667 0.7929212 0.8202550 0.8336398 0.8067865 0.7701496 0.8433892 0.8433892 0.7977810 0.8648809 0.7404030 0.7404030 0.6654052 1.2859290 1.6111049 1.2915625 
Dpul_mRNA518                                            0.4799647 0.4581534 0.0000000 0.7158799 0.6202041 0.7088082 0.7254529 0.7226027 0.7070578 0.6455561 0.9025625 0.8868607 0.9614889 0.9450127 0.6327727 0.8343442 0.7022529 0.6235378 0.6114392 0.6573046 0.6678545 0.6883261 0.7755064 0.7826887 0.6601588 0.7105900 0.6803193 0.8926029 0.8926029 0.8913684 1.0508029 0.8478035 0.8478035 0.9459731 1.4314965 1.8106926 1.5990620 
Hvul_g14571_1                                           0.8851515 0.7952388 0.7158799 0.0000000 0.5146133 0.8451368 0.8782115 0.7632584 0.9579884 0.8647855 1.1963257 1.0722263 1.1488045 1.0053884 0.7236817 1.2026433 0.8449951 0.7578875 0.8117161 0.8947061 0.7514913 0.6932500 0.8036758 1.0504575 0.7381535 0.8287235 0.7354211 0.9216707 0.9216707 0.8150016 0.9449900 0.8653637 0.8653637 1.0697859 1.7106476 2.3104599 1.8887891 
Chem_TCONS_00011556                                     0.6923131 0.7915089 0.6202041 0.5146133 0.0000000 0.8255994 0.8562427 0.7515444 0.8591619 0.6968142 1.0204599 1.0582188 1.0440262 0.9676761 0.6812898 0.9098847 0.6870094 0.6537719 0.6878273 0.6630896 0.5912461 0.6308895 0.7455585 1.0248624 0.7873679 0.8359882 0.7123026 0.6992605 0.6992605 0.7352353 0.7802717 0.7077676 0.7077676 0.8998031 1.5008713 2.0191505 1.8316581 
Adig_XM_015915740.1                                     0.7383825 0.6714370 0.7088082 0.8451368 0.8255994 0.0000000 0.0293645 0.5012889 0.6710707 0.4687103 0.5936487 0.6300314 0.5885742 0.6625908 0.6891740 0.7686155 0.7392914 0.7850275 0.8158149 0.9253880 0.7100997 0.7416563 0.7946771 0.8881834 0.8664686 0.7880838 0.8150997 0.9651244 0.9651244 0.9935322 1.1536837 0.9642382 0.9642382 0.9352325 1.1326454 1.3455347 1.1122545 
Amil_Amillepora00610-RA                                 0.7719924 0.7116122 0.7254529 0.8782115 0.8562427 0.0293645 0.0000000 0.5103823 0.6935131 0.5237172 0.6523445 0.6721442 0.6281504 0.7128162 0.7308143 0.8832742 0.7344245 0.7823948 0.8135741 0.9609184 0.7444794 0.7884796 0.8164111 0.9242962 0.9427170 0.8594734 0.7869469 1.0228817 1.0228817 0.9933960 1.1558527 0.9637396 0.9637396 0.9480615 1.1774668 1.4217749 1.1577537 
Fspp_ffun1.m4.3368.m1                                   0.7068663 0.6626283 0.7226027 0.7632584 0.7515444 0.5012889 0.5103823 0.0000000 0.6526786 0.4515559 0.7622796 0.7488714 0.7031660 0.4942977 0.5954088 0.8980398 0.6826576 0.6894474 0.6752015 0.8100929 0.5880329 0.6342873 0.7534972 0.9241075 0.9362038 0.8741351 1.0025491 0.9051979 0.9051979 0.8974741 1.0435158 0.8775215 0.8775215 0.9651297 1.3549718 1.7738074 1.4116709 
Tetwil_g13622.t2                                        0.8144752 0.7738891 0.7070578 0.9579884 0.8591619 0.6710707 0.6935131 0.6526786 0.0000000 0.1597870 0.5003815 0.5774772 0.4924462 0.9023544 0.6035379 0.8819712 0.7665362 0.6885593 0.7245508 0.7453215 0.8632750 0.8469979 1.0115772 0.9697567 0.8618124 0.8221677 0.9294534 0.8896935 0.8896935 0.9239778 0.8438995 0.9270923 0.9270923 1.1168103 1.5423911 2.1175773 1.7676374 
Stycar_maker-SC_scaffold2379-snap-gene-0.13-mRNA-1      0.7117897 0.5405858 0.6455561 0.8647855 0.6968142 0.4687103 0.5237172 0.4515559 0.1597870 0.0000000 0.4164198 0.3815865 0.3649635 0.6303101 0.4087693 0.8520255 0.6279816 0.5116022 0.5832913 0.6027298 0.6176652 0.6611153 0.7077338 0.6663511 0.5371644 0.5338622 0.7045040 0.6738309 0.6738309 0.7024350 0.6426971 0.7062047 0.7062047 0.7586487 0.9005239 1.0614263 0.9375835 
Xestes_maker-XT_scaffold41741-augustus-gene-0.13-mRNA-1 0.8666406 0.6142675 0.9025625 1.1963257 1.0204599 0.5936487 0.6523445 0.7622796 0.5003815 0.4164198 0.0000000 0.5897133 0.5666309 0.7981764 0.5295732 0.5330526 0.8483295 0.8027540 0.8255667 0.7639443 0.8786959 0.8748554 1.1672801 0.9385653 0.8656080 0.7861017 1.0901110 1.0492769 1.0492769 1.0666619 1.0494760 1.0818778 1.0818778 0.7975663 1.1253237 1.2075466 1.0747181 
Emue_Em0018g510a.t1                                     0.9066240 0.8383615 0.8868607 1.0722263 1.0582188 0.6300314 0.6721442 0.7488714 0.5774772 0.3815865 0.5897133 0.0000000 0.1713441 1.1234048 0.7233539 0.9877212 0.7068500 0.7199792 0.8095355 0.8981142 0.8576796 0.8753715 1.0599390 0.9423624 0.7516910 0.7428982 0.8874435 0.8319569 0.8319569 0.8358225 0.9424479 0.8738086 0.8738086 1.1262851 1.4260909 1.8973242 1.7652307 
Spolac_c49388_g1_i1_m.1418c49388-g1                     0.9143260 0.8447084 0.9614889 1.1488045 1.0440262 0.5885742 0.6281504 0.7031660 0.4924462 0.3649635 0.5666309 0.1713441 0.0000000 1.0334412 0.7367540 0.9179067 0.7082133 0.6883449 0.8075605 0.8573284 0.9605008 0.9354595 1.1522643 1.0511073 0.7480527 0.6973037 0.9848049 0.8953687 0.8953687 0.9215450 0.9868366 0.9641986 0.9641986 1.1412934 1.3898261 1.8437251 1.6889297 
Gasp_gasp1.m3.1565.m1                                   0.8623711 0.8029395 0.9450127 1.0053884 0.9676761 0.6625908 0.7128162 0.4942977 0.9023544 0.6303101 0.7981764 1.1234048 1.0334412 0.0000000 0.8549251 1.0741305 0.8064498 0.8534378 0.9362224 1.0675717 0.7536293 0.8227460 0.8546361 1.1725380 1.0393929 1.0414771 0.9681609 0.9429408 0.9429408 0.9459438 1.0029052 0.8793011 0.8793011 0.9813521 1.3098830 1.5696442 1.4317421 
Aque_Aqu2.1.34916_001                                   0.8039648 0.4919721 0.6327727 0.7236817 0.6812898 0.6891740 0.7308143 0.5954088 0.6035379 0.4087693 0.5295732 0.7233539 0.7367540 0.8549251 0.0000000 0.4833233 0.5633393 0.5607105 0.5624981 0.7206805 0.6959295 0.6979583 0.7736277 0.9792020 0.6386526 0.5887262 0.6872619 0.8117900 0.8117900 0.7826256 0.8060439 0.7691358 0.7691358 0.8458626 1.4076084 1.9235772 1.5827416 
Halamb_c15049_g1_i1m.2571                               0.8976340 0.7478836 0.8343442 1.2026433 0.9098847 0.7686155 0.8832742 0.8980398 0.8819712 0.8520255 0.5330526 0.9877212 0.9179067 1.0741305 0.4833233 0.0000000 1.3602716 0.8184373 0.8684596 0.7090280 1.0607975 1.0999790 1.1881402 1.3635742 0.9066583 0.8378070 0.9984157 1.0779132 1.0779132 1.1859511 1.4834007 1.2103620 1.2103620 1.1677168 1.8286159 2.5592833 2.4754789 
Scil_scict018787.1                                      0.7397809 0.5891171 0.7022529 0.8449951 0.6870094 0.7392914 0.7344245 0.6826576 0.7665362 0.6279816 0.8483295 0.7068500 0.7082133 0.8064498 0.5633393 1.3602716 0.0000000 0.1255163 0.0934523 0.5361613 0.6711876 0.7319981 0.8470080 0.9458565 0.6756206 0.6598367 0.6895362 0.6719948 0.6719948 0.6558838 0.6770453 0.7518070 0.7518070 0.7057776 1.2123309 1.3847544 1.1922724 
Lcom_lcpid108439                                        0.6082154 0.5478605 0.6235378 0.7578875 0.6537719 0.7850275 0.7823948 0.6894474 0.6885593 0.5116022 0.8027540 0.7199792 0.6883449 0.8534378 0.5607105 0.8184373 0.1255163 0.0000000 0.1233635 0.3642420 0.6675921 0.7495401 0.9040046 0.9329202 0.6374742 0.6839820 0.7175221 0.7000329 0.7000329 0.6785107 0.7584846 0.7079633 0.7079633 0.9400955 1.3952640 2.0006448 1.7400674 
Leuniv_Lniv_scaffold23388_01                            0.5990919 0.5132425 0.6114392 0.8117161 0.6878273 0.8158149 0.8135741 0.6752015 0.7245508 0.5832913 0.8255667 0.8095355 0.8075605 0.9362224 0.5624981 0.8684596 0.0934523 0.1233635 0.0000000 0.3977113 0.7048434 0.7446278 0.8976362 0.9585141 0.6826520 0.7201053 0.8320453 0.7732740 0.7732740 0.7361024 0.8164362 0.7678165 0.7678165 0.8402049 1.5157632 2.0780845 1.7851338 
Clacor_Ccor_scaffold8758_01                             0.7744377 0.7226160 0.6573046 0.8947061 0.6630896 0.9253880 0.9609184 0.8100929 0.7453215 0.6027298 0.7639443 0.8981142 0.8573284 1.0675717 0.7206805 0.7090280 0.5361613 0.3642420 0.3977113 0.0000000 0.7513622 0.7852603 1.0695114 1.0969957 0.6105988 0.7083052 0.7508779 0.8035296 0.8035296 0.7674193 0.8055879 0.7655552 0.7655552 1.0016181 1.6478975 2.4422976 2.1367754 
Spis_XP_022805481_1                                     0.6681431 0.6252275 0.6678545 0.7514913 0.5912461 0.7100997 0.7444794 0.5880329 0.8632750 0.6176652 0.8786959 0.8576796 0.9605008 0.7536293 0.6959295 1.0607975 0.6711876 0.6675921 0.7048434 0.7513622 0.0000000 0.0973834 0.5975412 0.8452181 0.9137380 0.9320653 0.7064557 0.8869121 0.8869121 0.8735215 0.9934107 0.8706471 0.8706471 0.8614117 1.2101341 1.7966123 1.5129431 
Pocdam_XM_027189398.1                                   0.7588066 0.6322667 0.6883261 0.6932500 0.6308895 0.7416563 0.7884796 0.6342873 0.8469979 0.6611153 0.8748554 0.8753715 0.9354595 0.8227460 0.6979583 1.0999790 0.7319981 0.7495401 0.7446278 0.7852603 0.0973834 0.0000000 0.6568716 0.8714647 0.9477669 0.9333848 0.6638936 0.9119603 0.9119603 0.8819039 0.9779709 0.8790236 0.8790236 0.8553095 1.3212056 1.9077750 1.6035175 
Xesp_005250-T1                                          0.8883418 0.7929212 0.7755064 0.8036758 0.7455585 0.7946771 0.8164111 0.7534972 1.0115772 0.7077338 1.1672801 1.0599390 1.1522643 0.8546361 0.7736277 1.1881402 0.8470080 0.9040046 0.8976362 1.0695114 0.5975412 0.6568716 0.0000000 0.5753132 0.9616745 0.9639434 0.7817715 0.8509480 0.8509480 0.7940923 0.8230837 0.7257182 0.7257182 1.0934592 1.5630305 1.7849163 1.5244103 
Dgig_XM_028554360.1                                     0.9491718 0.8202550 0.7826887 1.0504575 1.0248624 0.8881834 0.9242962 0.9241075 0.9697567 0.6663511 0.9385653 0.9423624 1.0511073 1.1725380 0.9792020 1.3635742 0.9458565 0.9329202 0.9585141 1.0969957 0.8452181 0.8714647 0.5753132 0.0000000 0.9768314 0.8338845 1.0924757 1.0756876 1.0756876 1.1278481 1.3826160 1.0350611 1.0350611 1.1006252 1.9100590 2.1974018 1.9102400 
Nemnom_g17390.t1                                        0.8818910 0.8336398 0.6601588 0.7381535 0.7873679 0.8664686 0.9427170 0.9362038 0.8618124 0.5371644 0.8656080 0.7516910 0.7480527 1.0393929 0.6386526 0.9066583 0.6756206 0.6374742 0.6826520 0.6105988 0.9137380 0.9477669 0.9616745 0.9768314 0.0000000 0.1609610 0.5754485 0.7800799 0.7800799 0.8797676 0.9572347 0.8807959 0.8807959 1.1597315 1.6464918 2.1489275 2.0650328 
Rhoesc_Res_011151-T1                                    0.9259224 0.8067865 0.7105900 0.8287235 0.8359882 0.7880838 0.8594734 0.8741351 0.8221677 0.5338622 0.7861017 0.7428982 0.6973037 1.0414771 0.5887262 0.8378070 0.6598367 0.6839820 0.7201053 0.7083052 0.9320653 0.9333848 0.9639434 0.8338845 0.1609610 0.0000000 0.5360685 0.7673498 0.7673498 0.8739630 0.9266876 0.8573727 0.8573727 1.0443106 1.7920354 2.2827611 2.1526024 
Sanmal_Sma_025031-T1                                    0.8309048 0.7701496 0.6803193 0.7354211 0.7123026 0.8150997 0.7869469 1.0025491 0.9294534 0.7045040 1.0901110 0.8874435 0.9848049 0.9681609 0.6872619 0.9984157 0.6895362 0.7175221 0.8320453 0.7508779 0.7064557 0.6638936 0.7817715 1.0924757 0.5754485 0.5360685 0.0000000 0.8089251 0.8089251 0.6972683 0.7875979 0.6996532 0.6996532 1.0332118 1.4215344 2.1015797 1.9714038 
Tadh_TriadT63282                                        0.8345286 0.8433892 0.8926029 0.9216707 0.6992605 0.9651244 1.0228817 0.9051979 0.8896935 0.6738309 1.0492769 0.8319569 0.8953687 0.9429408 0.8117900 1.0779132 0.6719948 0.7000329 0.7732740 0.8035296 0.8869121 0.9119603 0.8509480 1.0756876 0.7800799 0.7673498 0.8089251 0.0000000 0.0000010 0.2489907 0.2176532 0.1864690 0.1864690 1.1232372 1.6668059 2.3215137 2.0263333 
TrH2_TrispH2_001657-RA                                  0.8345286 0.8433892 0.8926029 0.9216707 0.6992605 0.9651244 1.0228817 0.9051979 0.8896935 0.6738309 1.0492769 0.8319569 0.8953687 0.9429408 0.8117900 1.0779132 0.6719948 0.7000329 0.7732740 0.8035296 0.8869121 0.9119603 0.8509480 1.0756876 0.7800799 0.7673498 0.8089251 0.0000010 0.0000000 0.2489907 0.2176532 0.1864690 0.1864690 1.1232372 1.6668059 2.3215137 2.0263333 
HoiH06_mRNA5972                                         0.8934636 0.7977810 0.8913684 0.8150016 0.7352353 0.9935322 0.9933960 0.8974741 0.9239778 0.7024350 1.0666619 0.8358225 0.9215450 0.9459438 0.7826256 1.1859511 0.6558838 0.6785107 0.7361024 0.7674193 0.8735215 0.8819039 0.7940923 1.1278481 0.8797676 0.8739630 0.6972683 0.2489907 0.2489907 0.0000000 0.0441130 0.0874187 0.0874187 0.9373789 1.3708405 2.2451228 1.8653669 
HoiH23_PlH23_001620-RA                                  1.0642079 0.8648809 1.0508029 0.9449900 0.7802717 1.1536837 1.1558527 1.0435158 0.8438995 0.6426971 1.0494760 0.9424479 0.9868366 1.0029052 0.8060439 1.4834007 0.6770453 0.7584846 0.8164362 0.8055879 0.9934107 0.9779709 0.8230837 1.3826160 0.9572347 0.9266876 0.7875979 0.2176532 0.2176532 0.0441130 0.0000000 0.1227641 0.1227641 0.9991664 1.3985958 2.1414011 1.8280677 
Hhon_g01002.t1                                          0.8685280 0.7404030 0.8478035 0.8653637 0.7077676 0.9642382 0.9637396 0.8775215 0.9270923 0.7062047 1.0818778 0.8738086 0.9641986 0.8793011 0.7691358 1.2103620 0.7518070 0.7079633 0.7678165 0.7655552 0.8706471 0.8790236 0.7257182 1.0350611 0.8807959 0.8573727 0.6996532 0.1864690 0.1864690 0.0874187 0.1227641 0.0000000 0.0000010 0.9972601 1.4898131 2.2520747 1.9121865 
HoiH04_mRNA11488                                        0.8685280 0.7404030 0.8478035 0.8653637 0.7077676 0.9642382 0.9637396 0.8775215 0.9270923 0.7062047 1.0818778 0.8738086 0.9641986 0.8793011 0.7691358 1.2103620 0.7518070 0.7079633 0.7678165 0.7655552 0.8706471 0.8790236 0.7257182 1.0350611 0.8807959 0.8573727 0.6996532 0.1864690 0.1864690 0.0874187 0.1227641 0.0000010 0.0000000 0.9972601 1.4898131 2.2520747 1.9121865 
Cgig_XM_034481874.1                                     0.8398946 0.6654052 0.9459731 1.0697859 0.8998031 0.9352325 0.9480615 0.9651297 1.1168103 0.7586487 0.7975663 1.1262851 1.1412934 0.9813521 0.8458626 1.1677168 0.7057776 0.9400955 0.8402049 1.0016181 0.8614117 0.8553095 1.0934592 1.1006252 1.1597315 1.0443106 1.0332118 1.1232372 1.1232372 0.9373789 0.9991664 0.9972601 0.9972601 0.0000000 1.0743793 1.5075411 1.1906783 
Mlei_ML4635.g28.i1                                      1.4046000 1.2859290 1.4314965 1.7106476 1.5008713 1.1326454 1.1774668 1.3549718 1.5423911 0.9005239 1.1253237 1.4260909 1.3898261 1.3098830 1.4076084 1.8286159 1.2123309 1.3952640 1.5157632 1.6478975 1.2101341 1.3212056 1.5630305 1.9100590 1.6464918 1.7920354 1.4215344 1.6668059 1.6668059 1.3708405 1.3985958 1.4898131 1.4898131 1.0743793 0.0000000 0.5697306 0.4632354 
Pbac_sb2657978                                          1.8133488 1.6111049 1.8106926 2.3104599 2.0191505 1.3455347 1.4217749 1.7738074 2.1175773 1.0614263 1.2075466 1.8973242 1.8437251 1.5696442 1.9235772 2.5592833 1.3847544 2.0006448 2.0780845 2.4422976 1.7966123 1.9077750 1.7849163 2.1974018 2.1489275 2.2827611 2.1015797 2.3215137 2.3215137 2.2451228 2.1414011 2.2520747 2.2520747 1.5075411 0.5697306 0.0000000 0.2593519 
Horcal_Hcv1.av93.c1.g1367.i1                            1.6118337 1.2915625 1.5990620 1.8887891 1.8316581 1.1122545 1.1577537 1.4116709 1.7676374 0.9375835 1.0747181 1.7652307 1.6889297 1.4317421 1.5827416 2.4754789 1.1922724 1.7400674 1.7851338 2.1367754 1.5129431 1.6035175 1.5244103 1.9102400 2.0650328 2.1526024 1.9714038 2.0263333 2.0263333 1.8653669 1.8280677 1.9121865 1.9121865 1.1906783 0.4632354 0.2593519 0.0000000 
