54
Bralan_BLAG04001288_1                                  0.0000000 0.5739372 0.7404654 0.6076884 0.5524966 0.6458182 1.6549482 1.7298388 0.7971119 1.7360037 1.9346363 1.9711147 1.9083997 0.8931685 1.8137057 0.5875759 2.4153144 2.4820231 2.5576291 2.4364517 2.4651315 0.6358590 1.8183790 1.6832343 2.1149061 2.2469466 0.8636163 1.4133789 0.9588720 0.9084202 1.7284481 2.2527995 1.9514774 2.3277934 2.5514627 2.3223032 4.5427836 1.6763771 1.6800481 1.5542636 1.8695065 2.0647691 1.7233464 1.9465976 1.8710895 1.9790335 2.8037208 2.7364501 5.0688224 2.8273887 2.1312787 3.4648699 3.2577237 3.3582984 
Emue_Em0019g1101a.t1                                   0.5739372 0.0000000 0.1594069 0.4383588 0.8120943 0.7704337 0.7239421 0.7349905 0.8325164 0.7681029 0.7115334 0.7103462 0.9093460 0.7888234 0.6710842 0.7339164 0.7339164 0.7543769 0.8561260 0.8883441 0.8472772 0.8323706 0.6410364 0.8512037 1.0145958 0.9499651 0.8727853 0.7090361 0.9511793 0.8973167 0.7280795 0.7838160 1.0069173 1.0069173 0.8031709 0.5253257 1.3571763 1.5558980 1.5278667 1.3050023 1.5540703 1.6825362 1.4454414 1.5563210 1.4841021 1.4743255 0.9196995 0.8204971 0.0000010 0.6403070 1.2056742 0.0000010 0.0000010 1.0553760 
Spolac_c94226_g2_i1_m.9788c35274-g1                    0.7404654 0.1594069 0.0000000 0.4659967 0.8418523 0.8170435 0.8414708 0.8863486 0.8536967 0.8499604 0.8607052 0.8863958 1.0019063 0.8095901 0.7335336 0.7928740 0.8744955 0.8835373 0.9724656 0.9970459 0.9637177 0.9041717 0.7453949 0.9877074 1.0971068 1.0578548 0.9265111 0.8189445 0.8749409 0.8907885 0.9337804 0.9066427 1.1706169 1.2188202 1.2118816 0.7128790 1.7601912 1.8028998 1.7765184 1.5685478 1.7830060 2.0902990 1.7898701 1.8315093 1.7521195 1.6365749 1.2636899 1.1228425 8.6798423 0.8088602 1.2601817 2.5702567 2.1066837 1.2907628 
Stycar_maker-SC_scaffold8635-snap-gene-0.22-mRNA-1     0.6076884 0.4383588 0.4659967 0.0000000 0.8309751 0.8488514 0.7061104 0.7899456 0.9184105 0.8284535 0.8164523 0.8165661 0.9518293 0.8633886 0.7228486 0.8294411 0.8294411 0.8752251 0.8867083 0.8991102 0.8659693 0.9159059 0.7362309 0.8775142 0.9182792 0.9654333 0.9954117 0.6803642 1.0071523 0.9293187 0.7145378 0.8562445 1.0699482 1.0699482 0.9852071 0.3850903 1.4534967 1.5655362 1.5030337 1.4365046 1.5223541 1.6812782 1.5202088 1.6200248 1.6103820 1.6381551 0.9596102 0.9050270 0.0000010 0.5991325 1.1938314 0.0000010 0.0000010 1.0497893 
Dgig_XM_028561639.1                                    0.5524966 0.8120943 0.8418523 0.8309751 0.0000000 0.3593307 0.5761083 0.5873555 0.4472590 0.6484018 0.5852284 0.6426119 0.6234833 0.6982746 0.7381639 0.6715068 0.6715068 0.6763458 0.7240156 0.7273468 0.6750489 0.7383887 0.7201232 0.7282280 0.8794917 0.8798566 0.7210867 0.7075599 1.0101838 1.0173437 0.7097421 0.7205673 0.9562643 0.9562643 0.8765991 0.8779181 1.3234850 1.3533808 1.3680917 1.3366626 1.3981265 1.8300494 1.5692383 1.6937884 1.6335787 1.6175885 1.1080688 1.0629822 0.0000010 0.8881608 1.0164664 0.0000010 0.0000010 0.6675545 
Xesp_021842-T1                                         0.6458182 0.7704337 0.8170435 0.8488514 0.3593307 0.0000000 0.7057790 0.7223631 0.6218572 0.7147469 0.6691046 0.8342841 0.7135493 0.8049667 0.8107259 0.6547363 0.6677423 0.6977046 0.7782260 0.8023178 0.7340916 0.8590678 0.8427511 0.8131504 0.8965773 0.9018867 0.7503236 0.7520405 1.1318618 1.1183859 0.8875923 0.8993126 1.0271973 1.0271973 0.9990178 0.8843094 1.1755838 1.4003977 1.3953687 1.3382887 1.3548663 1.7184735 1.4858356 1.5347757 1.4503592 1.6965786 1.3183568 1.1533813 0.0000010 0.9512333 1.2020333 0.0000010 0.0000010 0.7726620 
Cgig_XM_011436290.3                                    1.6549482 0.7239421 0.8414708 0.7061104 0.5761083 0.7057790 0.0000000 1.7003381 0.7183606 1.5623207 1.9014714 1.9740180 1.8374963 0.6960133 1.5906284 0.7143823 2.3894927 2.4499269 2.5193163 2.3845866 2.4424949 0.7956393 1.7462564 1.6678591 2.1890601 2.1695832 0.8352660 1.3245921 0.9147177 0.9371547 1.7282329 2.1578266 1.8336297 2.1644223 2.2820788 2.4815081 4.0245550 1.9180531 1.9316018 1.6446038 1.8956854 1.9324176 1.6433714 1.9664854 1.8893377 2.0877677 2.8551889 2.6100252 3.8865837 2.6998770 2.1657318 3.7025007 3.6280993 2.8730769 
Adig_XM_015897170.1                                    1.7298388 0.7349905 0.8863486 0.7899456 0.5873555 0.7223631 1.7003381 0.0000000 0.3418727 0.7375052 0.8113923 0.2396424 0.7835324 0.7119072 1.9520461 0.6251257 2.0999438 2.1748927 2.2778496 2.1985637 2.2786020 0.8090434 1.7245059 1.5928113 2.1735459 2.1059853 0.9190492 1.4995319 1.1433963 0.9403845 1.8384209 1.8930393 1.8598120 2.0524767 2.6436689 1.9263966 3.8073591 1.8525306 1.8454514 1.6376000 1.8276731 2.0974295 1.7449866 1.9010706 1.8093421 1.7511400 2.5927036 2.8495866 5.3597947 2.2019592 2.2119070 3.3889225 2.9427954 2.6667551 
Gfas_gfas1.m1.2005.m1                                  0.7971119 0.8325164 0.8536967 0.9184105 0.4472590 0.6218572 0.7183606 0.3418727 0.0000000 0.2846424 0.3270560 0.4086053 0.3372638 0.5271904 0.8408795 0.7176141 0.9616590 0.8962314 1.0542229 1.0838229 0.9974965 0.7605002 0.8771272 1.0595814 0.9495754 0.9553740 0.7267791 0.8466804 1.1884196 1.1693594 0.6790985 0.9407201 1.1713127 1.1713127 1.0699357 0.8492187 1.6866272 1.5147373 1.4940696 1.2577445 1.2666560 2.1308552 1.3995154 1.4188070 1.3453879 1.6832164 1.2174697 1.4768734 3.5364753 1.3207594 1.4286999 3.1802937 3.0132500 3.7694522 
Spis_XP_022798341_1                                    1.7360037 0.7681029 0.8499604 0.8284535 0.6484018 0.7147469 1.5623207 0.7375052 0.2846424 0.0000000 0.1688901 0.7225722 0.5181884 0.7432699 1.6821040 0.8025955 1.8971700 1.9462396 2.0446968 2.1121218 2.1028082 0.8266175 1.6431954 1.6630593 1.7433865 1.6557702 0.9522127 1.5766250 1.2543976 1.0149901 1.6350922 2.0095573 1.8757278 1.8639241 2.2179632 1.7630839 3.7596752 2.0058989 1.9746075 1.7096737 2.0102869 2.1121739 1.8135271 2.0387154 1.9681148 2.0762829 2.5600733 2.4574834 2.9889023 2.2168125 2.1267762 2.0417254 1.4480891 2.2314218 
Pocdam_XM_027204639.1                                  1.9346363 0.7115334 0.8607052 0.8164523 0.5852284 0.6691046 1.9014714 0.8113923 0.3270560 0.1688901 0.0000000 0.7115611 0.4690522 0.7578915 2.0997593 0.7696642 2.2765122 2.2799097 2.3753723 2.3888504 2.4114600 0.7827586 1.8546274 1.6734522 2.0685149 2.0043284 0.9347141 1.7597808 1.2287158 1.0130389 2.0236477 2.3944899 1.9934615 2.2331377 2.6922747 2.4302849 4.7752075 1.9290341 1.9034738 1.7538123 1.9993844 2.1514199 1.8661368 2.0705478 1.9713662 2.0981005 2.9758130 3.1361577 4.0973343 2.6086396 2.0555627 2.3855583 1.7403011 2.7941792 
Amil_Amillepora26540-RA                                1.9711147 0.7103462 0.8863958 0.8165661 0.6426119 0.8342841 1.9740180 0.2396424 0.4086053 0.7225722 0.7115611 0.0000000 0.6806952 0.8247402 2.3731085 0.6482166 2.4975129 2.5642078 2.6877855 2.6251510 2.6990746 0.9064989 2.1339662 1.8420717 2.5504504 2.4601109 1.0816311 1.7729823 1.1552047 0.9487813 2.0624678 2.2837233 2.0310977 2.2288831 2.9808470 2.6805874 4.9802767 2.1881856 2.1810154 1.9148401 2.0794316 2.3910700 1.9365674 2.2526669 2.1084560 2.1056062 3.0659730 3.5034749 4.3144189 2.7590085 2.3685632 2.9279266 1.9405664 2.8777184 
Gasp_gasp1.m3.10569.m1                                 1.9083997 0.9093460 1.0019063 0.9518293 0.6234833 0.7135493 1.8374963 0.7835324 0.3372638 0.5181884 0.4690522 0.6806952 0.0000000 0.7330783 2.1180840 0.8083712 2.1002396 2.0873882 2.1604655 2.2593994 2.2701532 0.9354149 1.8320345 1.7889511 2.0344768 2.0269051 1.0423341 1.6182453 1.2889601 1.1856723 1.7440388 2.0268478 2.0361722 2.1170586 2.6227470 2.2765339 4.1492968 2.0605086 2.0530117 1.7605063 2.0492790 2.6090948 2.0775831 2.3407494 2.2271085 2.2963688 2.5754312 2.6280288 3.5538016 2.4327894 2.4771715 2.5051473 1.5370918 2.6150925 
Cscu_XM_023370959.1                                    0.8931685 0.7888234 0.8095901 0.8633886 0.6982746 0.8049667 0.6960133 0.7119072 0.5271904 0.7432699 0.7578915 0.8247402 0.7330783 0.0000000 0.7221653 0.8152474 0.9970125 1.0049894 1.1253159 1.1426789 1.1000368 0.8015827 0.8055047 1.0734571 1.1612481 1.1142787 0.9975817 0.8499724 1.0310465 1.0847267 1.0150074 0.9657978 1.1793577 1.1793577 1.1976043 1.1139304 1.9304674 1.9120585 1.9076081 1.6722831 1.7301137 2.7691743 2.1806104 2.1292389 2.0241543 2.1963595 1.2928703 1.3503827 1.0249483 1.2271696 1.8521060 8.9999984 1.4741189 0.9352069 
Acagra_model.g18240.t1                                 1.8137057 0.6710842 0.7335336 0.7228486 0.7381639 0.8107259 1.5906284 1.9520461 0.8408795 1.6821040 2.0997593 2.3731085 2.1180840 0.7221653 0.0000000 0.6810353 2.5035508 2.4366537 2.5241005 2.5971236 2.6522161 0.7500198 1.9109495 1.7970274 2.4472454 2.4873490 0.9594124 1.3673187 1.0076989 0.8739458 2.0261778 2.1100315 1.8733762 2.3455380 2.5396150 2.5577881 4.5157267 1.9085298 1.9046653 1.5832520 1.9884483 2.2732102 1.9440062 1.8401941 1.7929914 1.9081174 2.9497197 2.8661677 4.4395445 2.7946199 2.1545426 4.0416468 3.6295479 3.2868251 
Tadh_TriadT49818                                       0.5875759 0.7339164 0.7928740 0.8294411 0.6715068 0.6547363 0.7143823 0.6251257 0.7176141 0.8025955 0.7696642 0.6482166 0.8083712 0.8152474 0.6810353 0.0000000 0.0089773 0.1607262 0.1898970 0.2322135 0.1903603 0.9043375 0.7643815 0.7655538 0.8818759 0.8389919 0.7753745 0.7350668 1.1119315 1.1334787 0.7930486 0.9130462 1.0996441 1.1277578 1.0856856 0.7869760 1.4286270 1.6334526 1.6299797 1.4291634 1.5504657 1.8841251 1.5801718 1.6224648 1.5790161 1.6108610 1.0896824 1.0855012 0.8203068 0.9170918 1.1546274 0.0000010 0.8937766 0.9209721 
TrH2_TrispH2_004034-RA                                 2.4153144 0.7339164 0.8744955 0.8294411 0.6715068 0.6677423 2.3894927 2.0999438 0.9616590 1.8971700 2.2765122 2.4975129 2.1002396 0.9970125 2.5035508 0.0089773 0.0000000 0.5282477 0.5546036 0.5189762 0.4858852 0.9255643 2.4694163 1.9170602 2.5222513 2.3395319 1.0627924 1.9712229 1.1204057 1.2274246 2.4287648 2.6930837 2.3177255 2.7077848 2.8439036 2.4052941 4.6580758 1.9288069 1.9271602 1.5523284 1.6994644 2.0065929 1.6693635 1.8768314 1.8150136 1.8778912 3.1378087 3.1329190 4.4268766 2.8660454 2.3960528 4.7338551 3.4571878 3.4877513 
Hhon_g03978.t1                                         2.4820231 0.7543769 0.8835373 0.8752251 0.6763458 0.6977046 2.4499269 2.1748927 0.8962314 1.9462396 2.2799097 2.5642078 2.0873882 1.0049894 2.4366537 0.1607262 0.5282477 0.0000000 0.0195521 0.2075967 0.1822488 0.8173121 2.3690500 1.8140433 2.5622926 2.5326693 1.0759897 1.9239433 1.2155621 1.2229281 2.3990355 2.4533493 2.2809525 2.7723153 3.0325524 2.4948325 4.4108323 1.8673465 1.8692599 1.5803827 1.7054499 1.9968056 1.7230797 1.9298600 1.8660678 1.8589147 2.9436176 3.1813160 4.2150982 2.6118432 2.4687339 4.6984884 3.4902914 3.3091444 
HoiH04_mRNA11689                                       2.5576291 0.8561260 0.9724656 0.8867083 0.7240156 0.7782260 2.5193163 2.2778496 1.0542229 2.0446968 2.3753723 2.6877855 2.1604655 1.1253159 2.5241005 0.1898970 0.5546036 0.0195521 0.0000000 0.1990355 0.1837421 0.9293679 2.4473438 1.9008902 2.6322254 2.6064182 1.1408146 1.9728445 1.3186307 1.3225122 2.4330399 2.5583583 2.3728296 2.8807061 3.1686414 2.5170730 4.5740092 1.8889039 1.9122571 1.6723499 1.7877740 2.0723278 1.8231992 1.9802034 1.9936075 1.9011226 3.0206256 3.2938738 4.1860558 2.6415539 2.4598298 4.6040077 3.4080592 3.2788244 
HoiH06_mRNA14312                                       2.4364517 0.8883441 0.9970459 0.8991102 0.7273468 0.8023178 2.3845866 2.1985637 1.0838229 2.1121218 2.3888504 2.6251510 2.2593994 1.1426789 2.5971236 0.2322135 0.5189762 0.2075967 0.1990355 0.0000000 0.0624538 0.9131350 2.3752022 1.9447191 2.5281377 2.5529859 1.1852883 1.8744017 1.3518898 1.4483333 2.4289453 2.5895124 2.3980266 2.8041000 3.1394167 2.4976293 4.4230487 1.8640287 1.8619537 1.6916525 1.7819696 2.0655109 1.8485372 1.9755513 1.9928330 1.8369420 3.1267258 3.2343820 4.3377744 2.6350882 2.3380812 4.5754335 3.4461825 3.3092123 
HoiH23_PlH23_004576-RA                                 2.4651315 0.8472772 0.9637177 0.8659693 0.6750489 0.7340916 2.4424949 2.2786020 0.9974965 2.1028082 2.4114600 2.6990746 2.2701532 1.1000368 2.6522161 0.1903603 0.4858852 0.1822488 0.1837421 0.0624538 0.0000000 0.9153930 2.3822164 1.9713123 2.5637924 2.6053405 1.1507184 1.9197976 1.2963605 1.4241576 2.3960580 2.6088517 2.4181203 2.8292219 3.0961659 2.5079480 4.3983303 1.8457005 1.8594210 1.6980517 1.8165258 1.9792999 1.7998577 2.0364183 2.0015628 1.9101218 3.1364344 3.2394439 4.1385277 2.6184566 2.3354413 4.6097587 3.3310424 3.4347860 
Dpul_mRNA20090                                         0.6358590 0.8323706 0.9041717 0.9159059 0.7383887 0.8590678 0.7956393 0.8090434 0.7605002 0.8266175 0.7827586 0.9064989 0.9354149 0.8015827 0.7500198 0.9043375 0.9255643 0.8173121 0.9293679 0.9131350 0.9153930 0.0000000 0.8994456 0.9445423 1.0546304 1.0714029 0.9327786 0.8075733 1.1567301 1.0241691 0.9204280 0.7428006 1.0733964 1.0733964 0.9501989 0.9255710 1.5669559 1.6982114 1.6994899 1.5042629 1.5597374 1.9886337 1.7537629 1.8378134 1.7149859 1.7373699 1.1372070 1.0806032 0.0000010 1.1209683 1.3289792 0.0000010 0.0000010 0.9917119 
Skow_XM_002731401.2                                    1.8183790 0.6410364 0.7453949 0.7362309 0.7201232 0.8427511 1.7462564 1.7245059 0.8771272 1.6431954 1.8546274 2.1339662 1.8320345 0.8055047 1.9109495 0.7643815 2.4694163 2.3690500 2.4473438 2.3752022 2.3822164 0.8994456 0.0000000 1.7654219 2.3307340 2.3626022 1.0220171 1.5572708 1.1164821 1.1473800 1.8085375 1.9934193 1.9112690 2.2899207 2.8195480 2.5555163 4.6669052 1.9919429 1.9929289 1.9421208 2.2674330 2.1898379 1.8404117 2.1667725 2.0826099 2.2431394 2.9226632 2.7637928 4.2582604 2.7574475 2.5009879 3.5421168 2.4165060 3.1225752 
Aaur_scaffold144.g17.t3                                1.6832343 0.8512037 0.9877074 0.8775142 0.7282280 0.8131504 1.6678591 1.5928113 1.0595814 1.6630593 1.6734522 1.8420717 1.7889511 1.0734571 1.7970274 0.7655538 1.9170602 1.8140433 1.9008902 1.9447191 1.9713123 0.9445423 1.7654219 0.0000000 0.7702987 0.8040789 0.5452199 1.8057759 1.1484149 1.1267517 1.9124848 1.8848281 2.0523513 2.0387009 2.0708906 2.1083706 3.5296213 1.8727355 1.8330865 1.4359025 1.6648542 2.0475571 1.7617637 1.8140430 1.7816629 1.9187582 2.3508741 2.4181969 3.4447946 2.2938647 2.6352351 2.2309615 2.5189149 1.8857583 
Nemnom_g9679.t1                                        2.1149061 1.0145958 1.0971068 0.9182792 0.8794917 0.8965773 2.1890601 2.1735459 0.9495754 1.7433865 2.0685149 2.5504504 2.0344768 1.1612481 2.4472454 0.8818759 2.5222513 2.5622926 2.6322254 2.5281377 2.5637924 1.0546304 2.3307340 0.7702987 0.0000000 0.4724562 0.5158237 1.9036018 1.2242874 1.1922880 2.2770538 2.6211198 2.2138410 2.7797617 2.8654089 2.9392307 4.5146214 1.8957629 1.8773445 1.6310358 1.8873107 2.3478744 1.9509103 2.0899794 2.0406469 1.9940831 3.1096063 3.1232328 4.9142928 3.1233330 2.5960274 3.6037727 3.6653982 2.8767553 
Rhoesc_Res_004481-T1                                   2.2469466 0.9499651 1.0578548 0.9654333 0.8798566 0.9018867 2.1695832 2.1059853 0.9553740 1.6557702 2.0043284 2.4601109 2.0269051 1.1142787 2.4873490 0.8389919 2.3395319 2.5326693 2.6064182 2.5529859 2.6053405 1.0714029 2.3626022 0.8040789 0.4724562 0.0000000 0.4778180 1.8852777 1.2279150 1.2640410 2.4886427 2.5752430 2.3553114 2.8066310 2.8703809 3.0457380 4.6997625 1.9633990 1.9142753 1.5819351 1.8727606 2.3488467 2.0087993 2.0797008 2.0198171 2.0648198 3.4178489 3.1624793 4.7935304 3.0530913 2.4797461 3.9827563 3.6208810 2.8172117 
Sanmal_Sma_023829-T1                                   0.8636163 0.8727853 0.9265111 0.9954117 0.7210867 0.7503236 0.8352660 0.9190492 0.7267791 0.9522127 0.9347141 1.0816311 1.0423341 0.9975817 0.9594124 0.7753745 1.0627924 1.0759897 1.1408146 1.1852883 1.1507184 0.9327786 1.0220171 0.5452199 0.5158237 0.4778180 0.0000000 0.8852225 1.0697409 1.0926182 1.2759048 1.1850011 1.2001505 1.2422441 1.1388010 1.1652360 1.7329250 1.6330626 1.5983170 1.3987984 1.6765333 1.9382198 1.6489141 1.5570466 1.5353763 1.7559816 1.7178982 1.5670595 8.9999981 1.3526687 1.7070242 9.0000000 6.5027751 0.9584619 
Ctel_gnl_WGS_AMQN_CAPTEDRAFT_mRNA141560                1.4133789 0.7090361 0.8189445 0.6803642 0.7075599 0.7520405 1.3245921 1.4995319 0.8466804 1.5766250 1.7597808 1.7729823 1.6182453 0.8499724 1.3673187 0.7350668 1.9712229 1.9239433 1.9728445 1.8744017 1.9197976 0.8075733 1.5572708 1.8057759 1.9036018 1.8852777 0.8852225 0.0000000 1.1498040 1.0063744 1.6488009 1.7876758 1.7348671 1.8347989 2.2547045 1.8847591 3.9525932 1.9219066 1.8694732 1.5135645 1.8512848 2.0062145 1.7772127 1.8649647 1.8441663 2.0393737 2.5350823 2.4222637 3.7592967 2.1961947 2.3684608 2.8334717 2.5644345 2.8680301 
Aque_Aqu2.1.20366_001                                  0.9588720 0.9511793 0.8749409 1.0071523 1.0101838 1.1318618 0.9147177 1.1433963 1.1884196 1.2543976 1.2287158 1.1552047 1.2889601 1.0310465 1.0076989 1.1119315 1.1204057 1.2155621 1.3186307 1.3518898 1.2963605 1.1567301 1.1164821 1.1484149 1.2242874 1.2279150 1.0697409 1.1498040 0.0000000 0.5613224 1.1088270 1.0161595 1.3249808 1.3249808 1.2770707 0.9592217 1.7051393 1.5775541 1.5505355 1.7594095 1.7366953 2.2505546 1.8818787 1.8960350 1.8429745 1.8652561 1.2171086 1.2830360 0.0000010 1.0298111 1.3456404 0.0000010 0.0000010 1.0795587 
Xestes_maker-XT_scaffold6174-augustus-gene-0.34-mRNA-1 0.9084202 0.8973167 0.8907885 0.9293187 1.0173437 1.1183859 0.9371547 0.9403845 1.1693594 1.0149901 1.0130389 0.9487813 1.1856723 1.0847267 0.8739458 1.1334787 1.2274246 1.2229281 1.3225122 1.4483333 1.4241576 1.0241691 1.1473800 1.1267517 1.1922880 1.2640410 1.0926182 1.0063744 0.5613224 0.0000000 1.1630293 1.0753856 1.3811400 1.3811400 1.3659920 0.8704455 1.8612139 1.7528438 1.7398401 1.6544762 1.9757630 2.0738203 1.8764001 1.8848884 1.8196790 1.5958196 1.3989784 1.5041833 9.0000000 0.8690506 1.5414996 2.2228552 5.9571865 1.0208827 
Spur_XM_030999726.1                                    1.7284481 0.7280795 0.9337804 0.7145378 0.7097421 0.8875923 1.7282329 1.8384209 0.6790985 1.6350922 2.0236477 2.0624678 1.7440388 1.0150074 2.0261778 0.7930486 2.4287648 2.3990355 2.4330399 2.4289453 2.3960580 0.9204280 1.8085375 1.9124848 2.2770538 2.4886427 1.2759048 1.6488009 1.1088270 1.1630293 0.0000000 2.1579200 2.0694370 2.4043761 2.3440759 2.5153140 4.5693197 2.0194983 2.0065201 1.5958722 1.7623536 2.3173373 1.9571323 2.0558825 1.9576449 2.0985417 2.6575638 2.5020684 3.8971350 2.4701641 2.3576411 3.2440166 3.0208382 3.4382444 
Tcas_TC007678_001                                      2.2527995 0.7838160 0.9066427 0.8562445 0.7205673 0.8993126 2.1578266 1.8930393 0.9407201 2.0095573 2.3944899 2.2837233 2.0268478 0.9657978 2.1100315 0.9130462 2.6930837 2.4533493 2.5583583 2.5895124 2.6088517 0.7428006 1.9934193 1.8848281 2.6211198 2.5752430 1.1850011 1.7876758 1.0161595 1.0753856 2.1579200 0.0000000 2.0090795 2.4646602 2.9431381 2.9542594 4.2774861 1.7734675 1.7823060 1.5697626 1.7440062 1.9068553 1.6658729 1.7737758 1.6909113 2.1517468 2.7975276 3.0495350 4.6267626 2.4644616 2.5336265 4.4106371 3.7982080 3.2657821 
Ocar_g10277                                            1.9514774 1.0069173 1.1706169 1.0699482 0.9562643 1.0271973 1.8336297 1.8598120 1.1713127 1.8757278 1.9934615 2.0310977 2.0361722 1.1793577 1.8733762 1.0996441 2.3177255 2.2809525 2.3728296 2.3980266 2.4181203 1.0733964 1.9112690 2.0523513 2.2138410 2.3553114 1.2001505 1.7348671 1.3249808 1.3811400 2.0694370 2.0090795 0.0000000 0.0123929 2.8499117 2.1275285 4.3204792 2.2659869 2.2166757 1.7333248 2.1567067 2.3763605 1.8972927 2.0499816 1.9187966 2.4143868 2.6766105 2.4400730 2.8455454 2.5088747 1.4020190 3.7670652 3.1745476 2.9332108 
Opea_EP00118_Oscarella_pearsei_P010555                 2.3277934 1.0069173 1.2188202 1.0699482 0.9562643 1.0271973 2.1644223 2.0524767 1.1713127 1.8639241 2.2331377 2.2288831 2.1170586 1.1793577 2.3455380 1.1277578 2.7077848 2.7723153 2.8807061 2.8041000 2.8292219 1.0733964 2.2899207 2.0387009 2.7797617 2.8066310 1.2422441 1.8347989 1.3249808 1.3811400 2.4043761 2.4646602 0.0123929 0.0000000 3.3529678 2.9691530 5.2206758 2.2659869 2.2166757 1.7333248 2.1567067 2.3763605 1.8972927 2.0667564 1.9344924 2.4143868 3.2609168 3.0276782 4.2549610 3.0162481 1.4397903 3.8994687 3.8225420 3.6538126 
Chem_TCONS_00022326                                    2.5514627 0.8031709 1.2118816 0.9852071 0.8765991 0.9990178 2.2820788 2.6436689 1.0699357 2.2179632 2.6922747 2.9808470 2.6227470 1.1976043 2.5396150 1.0856856 2.8439036 3.0325524 3.1686414 3.1394167 3.0961659 0.9501989 2.8195480 2.0708906 2.8654089 2.8703809 1.1388010 2.2547045 1.2770707 1.3659920 2.3440759 2.9431381 2.8499117 3.3529678 0.0000000 2.7848287 4.1385600 2.1012614 2.0747038 1.5534450 1.8843489 1.9201339 1.6907613 2.0253328 1.9118758 2.1353437 3.1377267 2.9869421 5.5547473 3.3569513 2.6510449 4.8899166 4.2936131 2.7515752 
Tetwil_g4896.t1                                        2.3223032 0.5253257 0.7128790 0.3850903 0.8779181 0.8843094 2.4815081 1.9263966 0.8492187 1.7630839 2.4302849 2.6805874 2.2765339 1.1139304 2.5577881 0.7869760 2.4052941 2.4948325 2.5170730 2.4976293 2.5079480 0.9255710 2.5555163 2.1083706 2.9392307 3.0457380 1.1652360 1.8847591 0.9592217 0.8704455 2.5153140 2.9542594 2.1275285 2.9691530 2.7848287 0.0000000 3.7214045 2.0982274 2.0781263 1.7386933 1.9223666 1.9648232 1.7909737 1.8811283 1.8291424 1.8553926 3.1059451 3.3344592 8.9999985 2.1667219 2.5893813 6.2435842 6.9007585 3.8382621 
Mlei_ML1439.g6.i1                                      4.5427836 1.3571763 1.7601912 1.4534967 1.3234850 1.1755838 4.0245550 3.8073591 1.6866272 3.7596752 4.7752075 4.9802767 4.1492968 1.9304674 4.5157267 1.4286270 4.6580758 4.4108323 4.5740092 4.4230487 4.3983303 1.5669559 4.6669052 3.5296213 4.5146214 4.6997625 1.7329250 3.9525932 1.7051393 1.8612139 4.5693197 4.2774861 4.3204792 5.2206758 4.1385600 3.7214045 0.0000000 0.4386741 0.4307184 0.6630151 0.5996097 0.9450007 0.8001527 0.8909075 0.8600852 1.2170385 4.0813081 4.3924909 8.9999984 5.2038040 3.6699063 8.9999990 8.9999989 7.7395756 
Bolinf_Binf_sb1244900                                  1.6763771 1.5558980 1.8028998 1.5655362 1.3533808 1.4003977 1.9180531 1.8525306 1.5147373 2.0058989 1.9290341 2.1881856 2.0605086 1.9120585 1.9085298 1.6334526 1.9288069 1.8673465 1.8889039 1.8640287 1.8457005 1.6982114 1.9919429 1.8727355 1.8957629 1.9633990 1.6330626 1.9219066 1.5775541 1.7528438 2.0194983 1.7734675 2.2659869 2.2659869 2.1012614 2.0982274 0.4386741 0.0000000 0.0129829 0.7489700 0.5840159 0.9040990 0.8277877 0.7630184 0.8091262 0.9162801 2.1206088 2.3308692 1.1661178 2.2249791 2.0124981 4.5117648 5.9091795 2.8319556 
Mertsp_Mesp_sb551241                                   1.6800481 1.5278667 1.7765184 1.5030337 1.3680917 1.3953687 1.9316018 1.8454514 1.4940696 1.9746075 1.9034738 2.1810154 2.0530117 1.9076081 1.9046653 1.6299797 1.9271602 1.8692599 1.9122571 1.8619537 1.8594210 1.6994899 1.9929289 1.8330865 1.8773445 1.9142753 1.5983170 1.8694732 1.5505355 1.7398401 2.0065201 1.7823060 2.2166757 2.2166757 2.0747038 2.0781263 0.4307184 0.0129829 0.0000000 0.7368750 0.5816180 0.8881034 0.8222538 0.7676916 0.7986974 0.9079773 2.1278099 2.3248480 1.1661178 2.2249791 2.0124981 4.5117648 5.9091795 2.8319556 
Drygla_Dgla_sb283381                                   1.5542636 1.3050023 1.5685478 1.4365046 1.3366626 1.3382887 1.6446038 1.6376000 1.2577445 1.7096737 1.7538123 1.9148401 1.7605063 1.6722831 1.5832520 1.4291634 1.5523284 1.5803827 1.6723499 1.6916525 1.6980517 1.5042629 1.9421208 1.4359025 1.6310358 1.5819351 1.3987984 1.5135645 1.7594095 1.6544762 1.5958722 1.5697626 1.7333248 1.7333248 1.5534450 1.7386933 0.6630151 0.7489700 0.7368750 0.0000000 0.5343369 0.8588598 0.7205078 0.8283405 0.7818382 0.9352073 2.0161325 2.1390774 9.0000000 1.9911511 1.8862058 9.0000000 9.0000000 2.1680383 
Beraby_Baby_sb352559                                   1.8695065 1.5540703 1.7830060 1.5223541 1.3981265 1.3548663 1.8956854 1.8276731 1.2666560 2.0102869 1.9993844 2.0794316 2.0492790 1.7301137 1.9884483 1.5504657 1.6994644 1.7054499 1.7877740 1.7819696 1.8165258 1.5597374 2.2674330 1.6648542 1.8873107 1.8727606 1.6765333 1.8512848 1.7366953 1.9757630 1.7623536 1.7440062 2.1567067 2.1567067 1.8843489 1.9223666 0.5996097 0.5840159 0.5816180 0.5343369 0.0000000 0.9458518 0.8300932 0.7808871 0.7474247 0.9637800 1.9715072 2.1829248 9.0000000 2.1737588 2.1047876 9.0000000 9.0000000 2.7266026 
Pbac_sb2644082                                         2.0647691 1.6825362 2.0902990 1.6812782 1.8300494 1.7184735 1.9324176 2.0974295 2.1308552 2.1121739 2.1514199 2.3910700 2.6090948 2.7691743 2.2732102 1.8841251 2.0065929 1.9968056 2.0723278 2.0655109 1.9792999 1.9886337 2.1898379 2.0475571 2.3478744 2.3488467 1.9382198 2.0062145 2.2505546 2.0738203 2.3173373 1.9068553 2.3763605 2.3763605 1.9201339 1.9648232 0.9450007 0.9040990 0.8881034 0.8588598 0.9458518 0.0000000 0.1062882 0.9188007 0.9887292 1.0637842 2.6665792 2.5355818 1.8542097 1.9319526 2.1189156 2.7145056 2.9037686 2.6164951 
Horcal_Hcv1.av93.c11.g342.i1                           1.7233464 1.4454414 1.7898701 1.5202088 1.5692383 1.4858356 1.6433714 1.7449866 1.3995154 1.8135271 1.8661368 1.9365674 2.0775831 2.1806104 1.9440062 1.5801718 1.6693635 1.7230797 1.8231992 1.8485372 1.7998577 1.7537629 1.8404117 1.7617637 1.9509103 2.0087993 1.6489141 1.7772127 1.8818787 1.8764001 1.9571323 1.6658729 1.8972927 1.8972927 1.6907613 1.7909737 0.8001527 0.8277877 0.8222538 0.7205078 0.8300932 0.1062882 0.0000000 0.8733275 0.8315750 1.0561056 2.0668536 2.0039464 0.5002867 1.9539093 2.0753510 4.8644878 0.9062028 2.6244536 
Coeast_Cast_sb829852                                   1.9465976 1.5563210 1.8315093 1.6200248 1.6937884 1.5347757 1.9664854 1.9010706 1.4188070 2.0387154 2.0705478 2.2526669 2.3407494 2.1292389 1.8401941 1.6224648 1.8768314 1.9298600 1.9802034 1.9755513 2.0364183 1.8378134 2.1667725 1.8140430 2.0899794 2.0797008 1.5570466 1.8649647 1.8960350 1.8848884 2.0558825 1.7737758 2.0499816 2.0667564 2.0253328 1.8811283 0.8909075 0.7630184 0.7676916 0.8283405 0.7808871 0.9188007 0.8733275 0.0000000 0.0137180 1.0540714 2.2075808 2.4243004 6.7974591 2.3231723 1.8662873 8.9999990 8.9999985 2.4473025 
Coemet_Cmet_C596605_01                                 1.8710895 1.4841021 1.7521195 1.6103820 1.6335787 1.4503592 1.8893377 1.8093421 1.3453879 1.9681148 1.9713662 2.1084560 2.2271085 2.0241543 1.7929914 1.5790161 1.8150136 1.8660678 1.9936075 1.9928330 2.0015628 1.7149859 2.0826099 1.7816629 2.0406469 2.0198171 1.5353763 1.8441663 1.8429745 1.8196790 1.9576449 1.6909113 1.9187966 1.9344924 1.9118758 1.8291424 0.8600852 0.8091262 0.7986974 0.7818382 0.7474247 0.9887292 0.8315750 0.0137180 0.0000000 1.0473937 2.0688323 2.2480437 6.7974591 2.2943833 1.8610424 8.9999990 8.9999985 2.5039433 
Eupdun_Edun_sb10637242                                 1.9790335 1.4743255 1.6365749 1.6381551 1.6175885 1.6965786 2.0877677 1.7511400 1.6832164 2.0762829 2.0981005 2.1056062 2.2963688 2.1963595 1.9081174 1.6108610 1.8778912 1.8589147 1.9011226 1.8369420 1.9101218 1.7373699 2.2431394 1.9187582 1.9940831 2.0648198 1.7559816 2.0393737 1.8652561 1.5958196 2.0985417 2.1517468 2.4143868 2.4143868 2.1353437 1.8553926 1.2170385 0.9162801 0.9079773 0.9352073 0.9637800 1.0637842 1.0561056 1.0540714 1.0473937 0.0000000 2.4983949 2.5905402 9.0000000 2.0654500 1.9216671 9.0000000 9.0000000 2.8231581 
Lcom_lcpid52091                                        2.8037208 0.9196995 1.2636899 0.9596102 1.1080688 1.3183568 2.8551889 2.5927036 1.2174697 2.5600733 2.9758130 3.0659730 2.5754312 1.2928703 2.9497197 1.0896824 3.1378087 2.9436176 3.0206256 3.1267258 3.1364344 1.1372070 2.9226632 2.3508741 3.1096063 3.4178489 1.7178982 2.5350823 1.2171086 1.3989784 2.6575638 2.7975276 2.6766105 3.2609168 3.1377267 3.1059451 4.0813081 2.1206088 2.1278099 2.0161325 1.9715072 2.6665792 2.0668536 2.2075808 2.0688323 2.4983949 0.0000000 0.9782047 1.0918582 2.6439659 2.7474369 4.3926977 4.0349190 4.2242006 
Gracom_Gcom_C558988_01                                 2.7364501 0.8204971 1.1228425 0.9050270 1.0629822 1.1533813 2.6100252 2.8495866 1.4768734 2.4574834 3.1361577 3.5034749 2.6280288 1.3503827 2.8661677 1.0855012 3.1329190 3.1813160 3.2938738 3.2343820 3.2394439 1.0806032 2.7637928 2.4181969 3.1232328 3.1624793 1.5670595 2.4222637 1.2830360 1.5041833 2.5020684 3.0495350 2.4400730 3.0276782 2.9869421 3.3344592 4.3924909 2.3308692 2.3248480 2.1390774 2.1829248 2.5355818 2.0039464 2.4243004 2.2480437 2.5905402 0.9782047 0.0000000 0.9765634 3.0399016 2.7802302 5.0401227 4.9794902 4.5027600 
Leuniv_Lniv_C807868_01                                 5.0688224 0.0000010 8.6798423 0.0000010 0.0000010 0.0000010 3.8865837 5.3597947 3.5364753 2.9889023 4.0973343 4.3144189 3.5538016 1.0249483 4.4395445 0.8203068 4.4268766 4.2150982 4.1860558 4.3377744 4.1385277 0.0000010 4.2582604 3.4447946 4.9142928 4.7935304 8.9999981 3.7592967 0.0000010 9.0000000 3.8971350 4.6267626 2.8455454 4.2549610 5.5547473 8.9999985 8.9999984 1.1661178 1.1661178 9.0000000 9.0000000 1.8542097 0.5002867 6.7974591 6.7974591 9.0000000 1.0918582 0.9765634 0.0000000 4.3134774 4.0180970 4.3350858 4.0853727 5.6606764 
Plespi_Pspi_C611674_01                                 2.8273887 0.6403070 0.8088602 0.5991325 0.8881608 0.9512333 2.6998770 2.2019592 1.3207594 2.2168125 2.6086396 2.7590085 2.4327894 1.2271696 2.7946199 0.9170918 2.8660454 2.6118432 2.6415539 2.6350882 2.6184566 1.1209683 2.7574475 2.2938647 3.1233330 3.0530913 1.3526687 2.1961947 1.0298111 0.8690506 2.4701641 2.4644616 2.5088747 3.0162481 3.3569513 2.1667219 5.2038040 2.2249791 2.2249791 1.9911511 2.1737588 1.9319526 1.9539093 2.3231723 2.2943833 2.0654500 2.6439659 3.0399016 4.3134774 0.0000000 2.2156974 4.3110953 4.4280540 4.0434891 
Plajan_Pjan_scaffold20193_01                           2.1312787 1.2056742 1.2601817 1.1938314 1.0164664 1.2020333 2.1657318 2.2119070 1.4286999 2.1267762 2.0555627 2.3685632 2.4771715 1.8521060 2.1545426 1.1546274 2.3960528 2.4687339 2.4598298 2.3380812 2.3354413 1.3289792 2.5009879 2.6352351 2.5960274 2.4797461 1.7070242 2.3684608 1.3456404 1.5414996 2.3576411 2.5336265 1.4020190 1.4397903 2.6510449 2.5893813 3.6699063 2.0124981 2.0124981 1.8862058 2.1047876 2.1189156 2.0753510 1.8662873 1.8610424 1.9216671 2.7474369 2.7802302 4.0180970 2.2156974 0.0000000 3.1316711 2.6061724 2.8247732 
Exapal_XM_021045237.2                                  3.4648699 0.0000010 2.5702567 0.0000010 0.0000010 0.0000010 3.7025007 3.3889225 3.1802937 2.0417254 2.3855583 2.9279266 2.5051473 8.9999984 4.0416468 0.0000010 4.7338551 4.6984884 4.6040077 4.5754335 4.6097587 0.0000010 3.5421168 2.2309615 3.6037727 3.9827563 9.0000000 2.8334717 0.0000010 2.2228552 3.2440166 4.4106371 3.7670652 3.8994687 4.8899166 6.2435842 8.9999990 4.5117648 4.5117648 9.0000000 9.0000000 2.7145056 4.8644878 8.9999990 8.9999990 9.0000000 4.3926977 5.0401227 4.3350858 4.3110953 3.1316711 0.0000000 1.7796782 3.5774249 
Nvec_v1g158241                                         3.2577237 0.0000010 2.1066837 0.0000010 0.0000010 0.0000010 3.6280993 2.9427954 3.0132500 1.4480891 1.7403011 1.9405664 1.5370918 1.4741189 3.6295479 0.8937766 3.4571878 3.4902914 3.4080592 3.4461825 3.3310424 0.0000010 2.4165060 2.5189149 3.6653982 3.6208810 6.5027751 2.5644345 0.0000010 5.9571865 3.0208382 3.7982080 3.1745476 3.8225420 4.2936131 6.9007585 8.9999989 5.9091795 5.9091795 9.0000000 9.0000000 2.9037686 0.9062028 8.9999985 8.9999985 9.0000000 4.0349190 4.9794902 4.0853727 4.4280540 2.6061724 1.7796782 0.0000000 2.8395612 
Hvul_g7326_1                                           3.3582984 1.0553760 1.2907628 1.0497893 0.6675545 0.7726620 2.8730769 2.6667551 3.7694522 2.2314218 2.7941792 2.8777184 2.6150925 0.9352069 3.2868251 0.9209721 3.4877513 3.3091444 3.2788244 3.3092123 3.4347860 0.9917119 3.1225752 1.8857583 2.8767553 2.8172117 0.9584619 2.8680301 1.0795587 1.0208827 3.4382444 3.2657821 2.9332108 3.6538126 2.7515752 3.8382621 7.7395756 2.8319556 2.8319556 2.1680383 2.7266026 2.6164951 2.6244536 2.4473025 2.5039433 2.8231581 4.2242006 4.5027600 5.6606764 4.0434891 2.8247732 3.5774249 2.8395612 0.0000000 
