57
Hsap_ENST00000380729                                   0.0000000 0.8047074 0.8784888 0.8572215 0.8687658 0.7780529 0.9634131 1.0179479 1.0369743 1.1956891 1.0120579 0.9433084 0.9213153 1.0199093 1.0329247 1.3756944 1.2162572 1.0542756 0.9058665 1.1835508 1.1304988 1.1276916 1.3208102 1.3374188 1.4057348 1.2394813 1.2089770 1.0167895 1.2138226 1.1771903 1.1807611 1.1963412 1.3021570 1.2612471 1.7561096 1.2584965 1.4178951 1.5138932 1.2664831 1.1972382 1.2126955 1.3662568 1.1961570 1.2953937 1.6405214 1.6337348 1.6551782 2.0132809 1.9727661 1.8240192 1.8595077 1.7057405 1.7771479 2.2473735 1.8938102 1.2049008 1.6235916 
Bralan_BLAG11000904_1                                  0.8047074 0.0000000 0.6624185 0.7420374 0.6762784 0.6534039 0.8017802 0.8945698 0.9671178 0.9271915 0.8379016 0.8151953 0.9245010 0.9902890 0.9644517 1.3653647 1.0433423 0.7951089 0.7513599 1.0054489 0.9566064 0.9658358 1.0978647 0.9994601 1.1456614 1.0070394 1.1610381 0.8398383 1.0114913 1.0014051 1.0032690 1.0201854 1.1242442 1.1290352 1.3169426 1.1402108 1.1859374 1.4143431 1.2607373 1.1005091 0.9100668 1.2829106 1.1325268 1.2945994 1.4064907 1.5898367 1.7019822 2.1428201 1.9680643 1.7177403 1.8263090 1.6080193 1.5486187 2.1966112 1.8418548 1.4686737 1.4715054 
Spur_XM_789254.4                                       0.8784888 0.6624185 0.0000000 0.4822894 0.6854285 0.6591192 0.7256640 0.8829030 0.9116374 0.8565037 0.7819833 0.7894341 0.8339641 0.8314130 0.8549197 1.1716014 1.0111558 0.8225742 0.7373443 0.9864722 0.9437782 0.9337852 1.0261766 0.9594677 1.1070835 0.9535297 1.1010592 0.8983049 0.9974966 1.0312467 1.0324385 1.0097426 1.1544535 1.0972859 1.4618711 1.1195213 1.1492182 1.3333378 1.1289423 1.1952959 1.0663398 1.3915736 1.0325151 1.1344081 1.3135586 1.6166353 1.6983292 1.9302373 1.8230173 1.6894157 1.7625962 1.6511682 1.8921581 2.1498137 1.8115263 1.3787280 1.5103089 
Skow_XM_006813581.1                                    0.8572215 0.7420374 0.4822894 0.0000000 0.6608030 0.6352010 0.6956623 0.7911676 0.9441239 0.9088927 0.8030989 0.7799528 0.8467146 0.8530137 0.8762430 1.1718157 1.1340197 0.8797244 0.8451773 1.0358966 0.9981608 0.9909888 1.1768804 1.1603497 1.2054310 1.0962835 0.9998205 0.8466388 0.9697056 0.9728654 0.9883698 0.9899433 1.0943187 1.0139363 1.3221408 1.1358812 0.9672626 1.2997143 1.0857371 1.2455661 1.2107508 1.3561701 1.0668729 1.3187812 1.1979382 1.7629890 1.8152935 1.7678026 1.8234226 1.9070329 1.9442510 1.7680970 1.9752723 2.2018240 1.9055922 1.8262474 1.7182111 
Cgig_XM_011453396.3                                    0.8687658 0.6762784 0.6854285 0.6608030 0.0000000 0.4228295 0.6871111 0.6737872 0.8650928 0.8665819 0.7980981 0.7782674 0.8126419 0.8200719 0.7992829 1.1956462 1.0342202 0.8203583 0.7350372 0.9147081 0.9319575 0.8933869 0.9834070 1.0231780 1.0955549 1.0002149 1.0625387 0.8155055 0.9863480 0.9810684 0.9703686 0.9807986 1.1084746 1.0427657 1.3356880 1.0245598 1.0019888 1.3290859 1.1763729 1.0690880 0.7922207 1.0496899 1.0369640 1.1005229 1.2320243 1.6269420 1.6907020 2.0877091 1.9833119 1.6980123 1.8621453 1.6141131 1.6999608 2.0901481 1.7377324 1.4008911 1.3998850 
Acagra_model.g29998.t1                                 0.7780529 0.6534039 0.6591192 0.6352010 0.4228295 0.0000000 0.6717685 0.7718145 0.8188628 0.8571563 0.7399332 0.7443647 0.7504088 0.7687102 0.7838606 1.0176743 0.8966863 0.7308178 0.6526917 0.8136867 0.8129559 0.8246423 0.8906434 0.9564792 0.9524180 1.0342416 1.0354688 0.7776125 0.7956219 0.8451407 0.8399476 0.8091570 0.9141809 0.9235748 1.2519810 1.0239850 1.1959196 1.3748395 1.2557948 0.9613768 0.9804347 1.1021004 0.9970165 1.2295074 1.2297659 1.5348424 1.6095098 1.7967427 1.9024193 1.7452951 1.6464825 1.5461485 1.7029101 1.7725763 1.5813472 1.3688322 1.3849254 
Ctel_gnl_WGS_AMQN_CAPTEDRAFT_mRNA178402                0.9634131 0.8017802 0.7256640 0.6956623 0.6871111 0.6717685 0.0000000 0.8709810 0.8831374 0.9211230 0.8516355 0.8851203 0.9388867 0.9564383 0.9578040 1.3461174 1.0857294 0.8249303 0.7650204 0.9519198 0.9909921 1.0257225 1.1464649 1.1765889 1.2304746 1.0404842 1.0744081 1.0330380 1.1463440 1.1286036 1.1210290 1.1054100 1.1886149 1.1906994 1.6991235 1.0270572 1.2142035 1.4108266 1.2210908 1.0802125 1.0517362 1.1186115 1.1369576 1.2602075 1.2395873 1.7706026 1.7338559 2.3346264 1.9438497 1.8978527 1.8815336 1.7535429 1.8392922 1.9864897 1.8041354 1.6261319 1.4620427 
Cscu_XM_023387399.1                                    1.0179479 0.8945698 0.8829030 0.7911676 0.6737872 0.7718145 0.8709810 0.0000000 0.9337684 0.9520010 0.9282532 0.9583056 0.9375883 0.9361641 0.9935614 1.3605908 1.1584506 1.0173522 0.9061062 1.0949574 1.0678594 1.0941418 1.1584160 1.1524703 1.2908098 1.1434696 1.0848156 1.0168137 1.1645558 1.1367056 1.1541582 1.1322053 1.2510989 1.2658564 1.5066146 1.3009054 1.0498158 1.4264271 1.3386537 1.2176365 0.9678192 1.0873350 1.1856347 1.2013755 1.3261108 1.6745482 1.7352837 1.8054466 1.8561851 1.6491318 1.7358802 1.6085815 1.9407080 1.9712453 1.7989893 1.4463333 1.5102893 
Exapal_XM_021051328.2                                  1.0369743 0.9671178 0.9116374 0.9441239 0.8650928 0.8188628 0.8831374 0.9337684 0.0000000 0.5196302 0.5431535 0.5982141 0.5734500 0.4998562 0.5723862 0.9218641 0.9502394 0.5943435 0.6352168 0.8603423 0.8011036 0.8830887 1.0609975 0.8850711 1.0007067 0.9503326 1.0713136 0.9596718 1.1192529 1.1052117 1.1113269 1.1252957 1.2233584 1.2594824 1.8570326 1.0697894 1.1643015 1.4819128 1.1191456 1.1256313 1.2506184 1.2314718 1.0775314 1.2889033 1.2451596 1.7494686 1.8871413 2.4035051 2.3049439 1.7712648 1.8834706 1.7013574 2.0499599 2.3430199 1.9075087 1.3607866 1.6419287 
Nvec_v1g101079                                         1.1956891 0.9271915 0.8565037 0.9088927 0.8665819 0.8571563 0.9211230 0.9520010 0.5196302 0.0000000 0.4884042 0.5515282 0.5606310 0.5203807 0.5716065 0.9057576 0.8874139 0.6535726 0.6509676 0.8562016 0.7922487 0.8566860 0.9535578 0.8495711 1.0067635 0.9704842 1.0448981 0.8008437 0.9517585 0.9519376 0.9666893 0.9560059 1.0348350 1.0829037 1.4669956 1.0809568 1.2653673 1.4390860 1.2073227 1.0966373 1.0513454 1.3209790 1.1063929 1.2488592 1.2400760 1.6485670 1.6535169 1.9104287 1.8225179 1.6953073 1.8351794 1.6789004 1.8352610 2.0035998 1.8025327 1.2852855 1.6191096 
Adig_XM_015908640.1                                    1.0120579 0.8379016 0.7819833 0.8030989 0.7980981 0.7399332 0.8516355 0.9282532 0.5431535 0.4884042 0.0000000 0.1762460 0.1976801 0.2036561 0.2107906 0.3124877 0.9252206 0.6319117 0.5770469 0.7484002 0.7297829 0.7127633 0.7891705 0.7259995 0.9305894 0.8058172 1.0441911 0.8264924 0.9278677 0.9227054 0.9096863 0.9137918 0.9983340 1.0276779 1.4761849 0.9862438 1.1557755 1.3876170 0.9926797 1.0769197 0.9914867 1.2844261 1.0170683 1.1702755 1.1626147 1.6384856 1.7128113 2.0701364 1.9549977 1.7138118 1.7436042 1.6644612 1.9332778 2.6102905 1.9434707 1.3190934 1.4750631 
Fspp_ffun1.m4.14520.m1                                 0.9433084 0.8151953 0.7894341 0.7799528 0.7782674 0.7443647 0.8851203 0.9583056 0.5982141 0.5515282 0.1762460 0.0000000 0.0964387 0.1697076 0.1525855 0.2936058 0.9415724 0.6265235 0.5809731 0.7596038 0.7770334 0.7503604 0.7996309 0.7473153 0.8791579 0.8637563 0.9081835 0.8077467 0.9735645 0.9339985 0.9144739 0.9574493 0.9574493 0.9153727 1.4539908 0.9166498 1.0174608 1.2455504 0.8003923 1.0655994 1.0163457 1.2483948 0.9573828 1.0634253 1.1392918 1.6731701 1.6918997 2.0106829 1.8170499 1.6799998 1.7128990 1.5775696 1.8789169 2.5158419 1.9284026 1.2911264 1.5551424 
Gasp_gasp1.m3.18891.m1                                 0.9213153 0.9245010 0.8339641 0.8467146 0.8126419 0.7504088 0.9388867 0.9375883 0.5734500 0.5606310 0.1976801 0.0964387 0.0000000 0.1465385 0.1539926 0.2750539 1.0222514 0.6289478 0.5881194 0.7977373 0.8160558 0.7618813 0.8389230 0.7720675 0.9551095 0.9349318 0.9276428 0.8394755 1.0279074 0.9210159 0.9115057 0.9479132 0.9479132 0.9538241 1.4828260 0.9791122 0.9713724 1.2876047 0.7044117 1.0890496 1.0304693 1.2858582 0.9721627 1.1095952 1.1864837 1.6175311 1.6477395 1.9980953 1.9110527 1.5761041 1.6813093 1.5595906 1.9751477 2.6026031 1.9410829 1.3742605 1.7310660 
Spis_XP_022789100_1                                    1.0199093 0.9902890 0.8314130 0.8530137 0.8200719 0.7687102 0.9564383 0.9361641 0.4998562 0.5203807 0.2036561 0.1697076 0.1465385 0.0000000 0.0618931 0.3097952 0.8697359 0.6471955 0.6223176 0.7684373 0.7338857 0.6945369 0.7495670 0.6936140 0.8678547 0.8764591 1.0383195 0.8712212 0.9244580 0.8973721 0.8999405 0.8982787 0.9727839 1.0317812 1.5018810 0.9066557 0.9835248 1.3084232 1.0147768 0.9642454 1.1281761 1.2486636 1.0302866 1.1880305 1.1231476 1.5817681 1.6092733 1.9479873 1.7496205 1.6696121 1.8092488 1.7075918 2.0233883 2.5993715 1.8728559 1.2677717 1.3979721 
Pocdam_XM_027200748.1                                  1.0329247 0.9644517 0.8549197 0.8762430 0.7992829 0.7838606 0.9578040 0.9935614 0.5723862 0.5716065 0.2107906 0.1525855 0.1539926 0.0618931 0.0000000 0.3354386 0.9282772 0.6664966 0.6311967 0.7958600 0.8134521 0.7672364 0.7907669 0.7409158 0.9641788 0.9014612 0.9785238 0.8485587 0.9864334 0.9385155 0.9380777 0.9542524 1.0205243 1.0399076 1.3663024 0.9320350 0.9398249 1.3342911 1.0139389 1.0859681 1.1445370 1.2609180 1.0865044 1.1750366 1.1839474 1.5440813 1.5966446 1.8953776 1.7697876 1.6276703 1.8504075 1.6624905 1.9399940 2.4761936 1.8765668 1.3044750 1.5377004 
Gfas_gfas1.m1.23353.m1                                 1.3756944 1.3653647 1.1716014 1.1718157 1.1956462 1.0176743 1.3461174 1.3605908 0.9218641 0.9057576 0.3124877 0.2936058 0.2750539 0.3097952 0.3354386 0.0000000 1.6113971 0.6107959 0.7174445 1.2766142 1.3383716 1.2083273 1.1356887 1.1262347 1.5343813 1.2862308 1.3030209 1.2434359 1.5063592 1.3521879 1.3197629 1.4161104 1.4161104 1.4108032 2.3649775 1.2516880 1.2891131 1.5258667 0.6659945 1.7325325 1.0324082 1.5401256 1.2893996 1.8354784 1.9480161 2.0358593 1.9986980 2.4496023 2.4832350 1.9772650 2.1460694 2.0366610 2.6728049 3.5025614 2.5308358 2.7463276 3.7063067 
Chem_TCONS_00003407                                    1.2162572 1.0433423 1.0111558 1.1340197 1.0342202 0.8966863 1.0857294 1.1584506 0.9502394 0.8874139 0.9252206 0.9415724 1.0222514 0.8697359 0.9282772 1.6113971 0.0000000 0.5516393 0.4763119 0.7004408 0.7156571 0.8423959 0.9583676 0.9365035 0.6272744 1.1571773 1.2649726 1.0263167 1.1552207 1.0512035 1.0705026 1.0799706 1.1307574 1.1226124 1.9228570 1.1558335 1.2167520 1.5491264 1.2290288 1.2709738 1.2561940 1.2643218 1.1245011 1.3872415 1.4609966 1.7554594 1.6259320 2.1540279 2.0843294 1.7491381 1.8914938 1.7405390 1.9167510 2.3700504 1.9441675 1.3498937 1.7992128 
Aaur_scaffold2462.g2.t1                                1.0542756 0.7951089 0.8225742 0.8797244 0.8203583 0.7308178 0.8249303 1.0173522 0.5943435 0.6535726 0.6319117 0.6265235 0.6289478 0.6471955 0.6664966 0.6107959 0.5516393 0.0000000 0.2449533 0.2290127 0.3441960 0.4652757 0.8151636 0.8139548 0.5980518 0.9115047 1.1285447 1.0361934 1.0245963 1.0009390 1.0009390 1.0013009 1.0865551 1.1343403 2.6889992 0.8509858 1.0843831 1.3254370 1.0897510 0.8630270 1.0501845 1.1481937 1.1244509 1.0694062 1.0241111 1.4713202 1.4416837 1.8160577 1.5818179 1.4347163 1.7737500 1.6653624 1.8652353 2.1836968 1.8446127 1.3348704 1.2162322 
Nemnom_g4124.t1                                        0.9058665 0.7513599 0.7373443 0.8451773 0.7350372 0.6526917 0.7650204 0.9061062 0.6352168 0.6509676 0.5770469 0.5809731 0.5881194 0.6223176 0.6311967 0.7174445 0.4763119 0.2449533 0.0000000 0.0562848 0.3152546 0.4676162 0.7623045 0.7456814 0.5074239 0.9170282 1.0450879 0.9327059 0.9254561 0.8849266 0.8849266 0.8965776 0.9808465 1.0239642 1.0725437 0.8785264 1.0690762 1.2313932 1.1458694 0.7806818 0.9680353 1.0698203 0.9654448 1.0257477 1.0732243 1.5491544 1.4435542 2.1361173 1.9448233 1.6517801 1.9250964 1.7880952 1.8517458 2.4233709 1.7844131 1.3023590 0.9979889 
Rhoesc_Res_010073-T1                                   1.1835508 1.0054489 0.9864722 1.0358966 0.9147081 0.8136867 0.9519198 1.0949574 0.8603423 0.8562016 0.7484002 0.7596038 0.7977373 0.7684373 0.7958600 1.2766142 0.7004408 0.2290127 0.0562848 0.0000000 0.3849600 0.7331224 1.0626198 1.1112546 0.8212623 1.1449858 1.2727873 1.0332504 1.1701441 1.0683047 1.0516561 1.1005538 1.1701679 1.1545807 2.0351719 1.0620358 1.1576371 1.4204800 1.1179263 1.0532839 1.0517633 1.2132737 1.1077671 1.2598206 1.2395941 1.6294586 1.5869934 2.2054110 1.9496947 1.6840811 1.8375254 1.6989654 1.8856585 1.9603365 1.7612293 1.3496230 1.4122038 
Sanmal_Sma_020598-T1                                   1.1304988 0.9566064 0.9437782 0.9981608 0.9319575 0.8129559 0.9909921 1.0678594 0.8011036 0.7922487 0.7297829 0.7770334 0.8160558 0.7338857 0.8134521 1.3383716 0.7156571 0.3441960 0.3152546 0.3849600 0.0000000 0.7393674 1.1096377 1.1164608 0.8627172 1.0748322 1.2000361 0.9765491 1.0950139 1.0163526 1.0080227 1.0254104 1.1119236 1.1196621 1.8011385 1.0725353 1.2205530 1.4943358 1.2122154 1.1179881 1.0647656 1.2995191 1.1624110 1.1898211 1.2465196 1.6171739 1.5969073 1.9561508 1.7927862 1.6649266 1.8253899 1.6762732 1.8418778 1.8974373 1.7685959 1.4851853 1.4863660 
Morvir_scaffold154.g21.t1                              1.1276916 0.9658358 0.9337852 0.9909888 0.8933869 0.8246423 1.0257225 1.0941418 0.8830887 0.8566860 0.7127633 0.7503604 0.7618813 0.6945369 0.7672364 1.2083273 0.8423959 0.4652757 0.4676162 0.7331224 0.7393674 0.0000000 0.9713327 0.9544213 0.9606782 1.0837645 1.1872890 1.0009954 1.1500840 1.1043365 1.1099686 1.0998319 1.1869359 1.1602068 1.6645619 1.1564882 1.0700556 1.4968303 1.2025892 1.1622119 1.2678516 1.3762325 1.1871176 1.2498640 1.2906282 1.7085656 1.5658760 2.0450378 2.1106684 1.7000272 1.8322078 1.8364715 2.0444163 2.4577086 2.1560948 1.6662117 1.4744342 
Dgig_XM_028540771.1                                    1.3208102 1.0978647 1.0261766 1.1768804 0.9834070 0.8906434 1.1464649 1.1584160 1.0609975 0.9535578 0.7891705 0.7996309 0.8389230 0.7495670 0.7907669 1.1356887 0.9583676 0.8151636 0.7623045 1.0626198 1.1096377 0.9713327 0.0000000 0.3739211 1.1149977 1.2322865 1.2662534 1.0793744 1.2187591 1.1719199 1.1539085 1.1957377 1.2813382 1.2858971 1.6535963 1.1410796 1.2567096 1.5552686 1.3420733 1.3937244 1.2278044 1.3513156 1.2634438 1.3187854 1.5283751 1.7734787 1.6900015 2.0482605 2.0358980 1.8322907 2.0429211 1.9693068 2.0025037 2.1848968 1.9949662 1.5938908 2.0804028 
Xesp_004797-T1                                         1.3374188 0.9994601 0.9594677 1.1603497 1.0231780 0.9564792 1.1765889 1.1524703 0.8850711 0.8495711 0.7259995 0.7473153 0.7720675 0.6936140 0.7409158 1.1262347 0.9365035 0.8139548 0.7456814 1.1112546 1.1164608 0.9544213 0.3739211 0.0000000 1.0064878 1.1287915 1.2531105 1.0986794 1.2300474 1.2045948 1.2156024 1.2406939 1.3322215 1.3207744 2.0097106 1.1257296 1.2559132 1.5683873 1.2919585 1.3287784 1.2565958 1.4200951 1.1447466 1.3363844 1.3904461 1.7350925 1.7196376 2.1215440 2.2032467 1.8744327 1.9916602 1.9273755 2.0445972 2.3928631 2.0550373 1.4560431 2.1263544 
Hvul_g11852_1                                          1.4057348 1.1456614 1.1070835 1.2054310 1.0955549 0.9524180 1.2304746 1.2908098 1.0007067 1.0067635 0.9305894 0.8791579 0.9551095 0.8678547 0.9641788 1.5343813 0.6272744 0.5980518 0.5074239 0.8212623 0.8627172 0.9606782 1.1149977 1.0064878 0.0000000 1.2747148 1.1573365 1.1620430 1.3797637 1.2782657 1.2945682 1.2713068 1.3049730 1.3547844 1.7998320 1.3349673 1.1573924 1.6057203 1.2503342 1.3701136 1.0745911 1.4187207 1.2169470 1.3205228 1.4649104 1.9329479 1.8220357 2.7170006 2.5635734 1.9593281 2.2746312 1.9809337 1.9696290 2.7740662 2.0974537 1.5716707 1.8301326 
Lcom_lcpid85811                                        1.2394813 1.0070394 0.9535297 1.0962835 1.0002149 1.0342416 1.0404842 1.1434696 0.9503326 0.9704842 0.8058172 0.8637563 0.9349318 0.8764591 0.9014612 1.2862308 1.1571773 0.9115047 0.9170282 1.1449858 1.0748322 1.0837645 1.2322865 1.1287915 1.2747148 0.0000000 0.2877031 1.1730988 1.3170858 1.2785178 1.3138148 1.3176957 1.4667633 1.3891558 1.6232573 1.2928014 1.3497930 1.4682987 1.1866415 1.1117309 1.2730852 1.5001591 1.0708378 1.2943461 0.6121356 1.8671388 1.8950008 2.0683889 1.7839859 1.9055392 2.0093449 1.8723708 1.8396116 1.9160325 1.9218692 1.5237762 1.5670636 
Leuniv_Lniv_C770454_01                                 1.2089770 1.1610381 1.1010592 0.9998205 1.0625387 1.0354688 1.0744081 1.0848156 1.0713136 1.0448981 1.0441911 0.9081835 0.9276428 1.0383195 0.9785238 1.3030209 1.2649726 1.1285447 1.0450879 1.2727873 1.2000361 1.1872890 1.2662534 1.2531105 1.1573365 0.2877031 0.0000000 1.3694107 1.4865119 1.4644281 1.4977843 1.4291176 1.4291176 1.4085357 1.6448087 1.2314423 1.3520428 1.5322829 1.1240532 1.2187680 1.2193902 1.4211506 1.1186371 1.7273030 0.9583505 2.0440316 1.9480018 2.0096510 1.8683820 1.9401673 1.9320102 1.8878569 1.8875271 1.8481889 2.0179809 3.3300481 2.0153123 
Tadh_TriadT57351                                       1.0167895 0.8398383 0.8983049 0.8466388 0.8155055 0.7776125 1.0330380 1.0168137 0.9596718 0.8008437 0.8264924 0.8077467 0.8394755 0.8712212 0.8485587 1.2434359 1.0263167 1.0361934 0.9327059 1.0332504 0.9765491 1.0009954 1.0793744 1.0986794 1.1620430 1.1730988 1.3694107 0.0000000 0.0033095 0.1370538 0.1374170 0.1154307 0.1656486 0.1929802 1.6090872 1.2124955 1.4927699 1.6925639 1.4970323 1.1331877 1.2180412 1.4353189 1.2744465 1.3191764 1.4191823 1.7608035 1.7734310 1.8329427 1.9152674 1.8367198 1.7293296 1.5944879 1.8529852 2.3607668 1.8596979 1.5499333 1.5273867 
TrH2_TrispH2_005084-RA                                 1.2138226 1.0114913 0.9974966 0.9697056 0.9863480 0.7956219 1.1463440 1.1645558 1.1192529 0.9517585 0.9278677 0.9735645 1.0279074 0.9244580 0.9864334 1.5063592 1.1552207 1.0245963 0.9254561 1.1701441 1.0950139 1.1500840 1.2187591 1.2300474 1.3797637 1.3170858 1.4865119 0.0033095 0.0000000 0.1515270 0.1588445 0.1490377 0.1955973 0.1987041 2.3572712 1.4288448 1.5003654 1.8907946 1.5017657 1.2981274 1.1944592 1.6221770 1.3009393 1.3191764 1.4804098 1.8224562 1.8424909 2.0298778 2.1249946 1.9264190 1.8843373 1.7189274 2.0452788 2.3616863 1.9512951 1.7325844 1.8218412 
HoiH06_mRNA1307                                        1.1771903 1.0014051 1.0312467 0.9728654 0.9810684 0.8451407 1.1286036 1.1367056 1.1052117 0.9519376 0.9227054 0.9339985 0.9210159 0.8973721 0.9385155 1.3521879 1.0512035 1.0009390 0.8849266 1.0683047 1.0163526 1.1043365 1.1719199 1.2045948 1.2782657 1.2785178 1.4644281 0.1370538 0.1515270 0.0000000 0.0146546 0.0622728 0.1086894 0.1395904 2.2626251 1.3573970 1.4675082 1.8131913 1.4723422 1.2390238 1.2382196 1.4737500 1.2619437 1.3118987 1.3744493 1.8093794 1.8259956 2.0101607 2.0003049 1.9008570 1.8577185 1.7435134 2.0814518 2.5278519 2.0485071 1.5689538 1.6721703 
HoiH23_PlH23_001378-RA                                 1.1807611 1.0032690 1.0324385 0.9883698 0.9703686 0.8399476 1.1210290 1.1541582 1.1113269 0.9666893 0.9096863 0.9144739 0.9115057 0.8999405 0.9380777 1.3197629 1.0705026 1.0009390 0.8849266 1.0516561 1.0080227 1.1099686 1.1539085 1.2156024 1.2945682 1.3138148 1.4977843 0.1374170 0.1588445 0.0146546 0.0000000 0.0557296 0.1014969 0.1391928 2.4178248 1.3736530 1.5087629 1.8318877 1.4723422 1.2610167 1.2382196 1.4797182 1.2773878 1.3144314 1.4033489 1.8051621 1.8278910 2.0398235 1.9533192 1.9080264 1.8296291 1.7103349 2.0808514 2.3053837 1.9754416 1.5689538 1.7239908 
Hhon_g09212.t1                                         1.1963412 1.0201854 1.0097426 0.9899433 0.9807986 0.8091570 1.1054100 1.1322053 1.1252957 0.9560059 0.9137918 0.9574493 0.9479132 0.8982787 0.9542524 1.4161104 1.0799706 1.0013009 0.8965776 1.1005538 1.0254104 1.0998319 1.1957377 1.2406939 1.2713068 1.3176957 1.4291176 0.1154307 0.1490377 0.0622728 0.0557296 0.0000000 0.0465763 0.1438821 2.3842265 1.4102248 1.5146503 1.8367507 1.4586710 1.2462138 1.2258878 1.5821232 1.3097616 1.3165982 1.4087144 1.7715323 1.7852366 1.8762541 1.9424587 1.8675382 1.8682846 1.7070035 2.0300547 2.2082460 1.9667804 1.5981757 1.7704433 
HoiH04_mRNA3740                                        1.3021570 1.1242442 1.1544535 1.0943187 1.1084746 0.9141809 1.1886149 1.2510989 1.2233584 1.0348350 0.9983340 0.9574493 0.9479132 0.9727839 1.0205243 1.4161104 1.1307574 1.0865551 0.9808465 1.1701679 1.1119236 1.1869359 1.2813382 1.3322215 1.3049730 1.4667633 1.4291176 0.1656486 0.1955973 0.1086894 0.1014969 0.0465763 0.0000000 0.1495431 2.3842265 1.4102248 1.5146503 1.9866722 1.6618630 1.3693294 1.2258878 1.7656093 1.4424589 1.4303259 1.6101720 1.9310331 1.7852366 1.9315548 1.9424587 2.0142037 1.9924727 1.8702945 2.0300547 2.2082460 2.1084780 1.5981757 2.0285099 
HoiH11_mRNA2339                                        1.2612471 1.1290352 1.0972859 1.0139363 1.0427657 0.9235748 1.1906994 1.2658564 1.2594824 1.0829037 1.0276779 0.9153727 0.9538241 1.0317812 1.0399076 1.4108032 1.1226124 1.1343403 1.0239642 1.1545807 1.1196621 1.1602068 1.2858971 1.3207744 1.3547844 1.3891558 1.4085357 0.1929802 0.1987041 0.1395904 0.1391928 0.1438821 0.1495431 0.0000000 2.0949511 1.3170717 1.4728171 1.9759862 1.7319998 1.4131311 1.1542493 1.7148939 1.4455289 1.4488058 1.6112993 2.0535756 1.7968990 1.9466737 1.9955732 2.1298992 2.0068500 1.9434304 1.9722215 2.2793197 2.2051221 1.5816577 2.0248758 
Spolac_c103691_g2_i3_m.35590c103691-g2                 1.7561096 1.3169426 1.4618711 1.3221408 1.3356880 1.2519810 1.6991235 1.5066146 1.8570326 1.4669956 1.4761849 1.4539908 1.4828260 1.5018810 1.3663024 2.3649775 1.9228570 2.6889992 1.0725437 2.0351719 1.8011385 1.6645619 1.6535963 2.0097106 1.7998320 1.6232573 1.6448087 1.6090872 2.3572712 2.2626251 2.4178248 2.3842265 2.3842265 2.0949511 0.0000000 1.2621306 1.0353328 1.1805731 1.2238689 2.6985415 1.3220385 1.8341956 0.4478454 6.6033559 7.5567256 1.9784656 2.0293668 2.2229722 2.0263989 2.0366308 2.5807343 2.3992975 2.0927701 2.3140912 2.3205823 3.6861596 2.9283652 
Plespi_Pspi_scaffold14425_01                           1.2584965 1.1402108 1.1195213 1.1358812 1.0245598 1.0239850 1.0270572 1.3009054 1.0697894 1.0809568 0.9862438 0.9166498 0.9791122 0.9066557 0.9320350 1.2516880 1.1558335 0.8509858 0.8785264 1.0620358 1.0725353 1.1564882 1.1410796 1.1257296 1.3349673 1.2928014 1.2314423 1.2124955 1.4288448 1.3573970 1.3736530 1.4102248 1.4102248 1.3170717 1.2621306 0.0000000 1.0943844 1.3252195 1.0053638 1.0995300 1.2135997 1.3201019 0.9464988 1.1874177 1.4070638 1.6941831 1.7314870 2.0444494 1.9387464 1.7179696 1.8081462 1.7157406 1.8791727 2.1455544 1.8649179 1.3053163 1.7061310 
Aque_Aqu2.1.27263_001                                  1.4178951 1.1859374 1.1492182 0.9672626 1.0019888 1.1959196 1.2142035 1.0498158 1.1643015 1.2653673 1.1557755 1.0174608 0.9713724 0.9835248 0.9398249 1.2891131 1.2167520 1.0843831 1.0690762 1.1576371 1.2205530 1.0700556 1.2567096 1.2559132 1.1573924 1.3497930 1.3520428 1.4927699 1.5003654 1.4675082 1.5087629 1.5146503 1.5146503 1.4728171 1.0353328 1.0943844 0.0000000 0.4850009 0.6097578 1.4207536 1.2179333 1.2726609 1.0915053 1.7506414 1.8099475 1.4829407 1.4743539 1.7535710 1.6107995 1.5265742 1.5966926 1.5966926 1.8254387 1.8425735 1.8722908 3.8719701 2.2794309 
Halamb_c46993_g1_i4mm.2118                             1.5138932 1.4143431 1.3333378 1.2997143 1.3290859 1.3748395 1.4108266 1.4264271 1.4819128 1.4390860 1.3876170 1.2455504 1.2876047 1.3084232 1.3342911 1.5258667 1.5491264 1.3254370 1.2313932 1.4204800 1.4943358 1.4968303 1.5552686 1.5683873 1.6057203 1.4682987 1.5322829 1.6925639 1.8907946 1.8131913 1.8318877 1.8367507 1.9866722 1.9759862 1.1805731 1.3252195 0.4850009 0.0000000 0.5815500 1.7209555 1.3268005 1.7930998 1.0368459 1.2759531 1.7106025 1.8201795 1.7340891 2.0215829 1.9016339 1.8148468 2.0430250 1.8260450 1.9935414 2.0758368 1.9789724 1.5648862 2.2965426 
Xestes_maker-XT_scaffold3417-augustus-gene-0.11-mRNA-1 1.2664831 1.2607373 1.1289423 1.0857371 1.1763729 1.2557948 1.2210908 1.3386537 1.1191456 1.2073227 0.9926797 0.8003923 0.7044117 1.0147768 1.0139389 0.6659945 1.2290288 1.0897510 1.1458694 1.1179263 1.2122154 1.2025892 1.3420733 1.2919585 1.2503342 1.1866415 1.1240532 1.4970323 1.5017657 1.4723422 1.4723422 1.4586710 1.6618630 1.7319998 1.2238689 1.0053638 0.6097578 0.5815500 0.0000000 1.2564820 1.2647957 1.7412925 0.8513543 1.0173911 1.4379891 1.7774662 1.5538751 1.8064784 1.7250267 1.6706502 1.9100505 1.7310399 1.8256571 1.7326150 1.8825004 1.3087563 2.0378583 
Opea_EP00118_Oscarella_pearsei_P016902                 1.1972382 1.1005091 1.1952959 1.2455661 1.0690880 0.9613768 1.0802125 1.2176365 1.1256313 1.0966373 1.0769197 1.0655994 1.0890496 0.9642454 1.0859681 1.7325325 1.2709738 0.8630270 0.7806818 1.0532839 1.1179881 1.1622119 1.3937244 1.3287784 1.3701136 1.1117309 1.2187680 1.1331877 1.2981274 1.2390238 1.2610167 1.2462138 1.3693294 1.4131311 2.6985415 1.0995300 1.4207536 1.7209555 1.2564820 0.0000000 1.0826635 1.5364319 1.1631659 1.2487801 1.2175977 1.9615029 2.0391153 2.5755392 2.7131109 2.0143994 2.2513691 2.0697938 2.0343529 2.5108303 1.9493789 1.2521866 0.1908299 
Tcas_TC001923_001                                      1.2126955 0.9100668 1.0663398 1.2107508 0.7922207 0.9804347 1.0517362 0.9678192 1.2506184 1.0513454 0.9914867 1.0163457 1.0304693 1.1281761 1.1445370 1.0324082 1.2561940 1.0501845 0.9680353 1.0517633 1.0647656 1.2678516 1.2278044 1.2565958 1.0745911 1.2730852 1.2193902 1.2180412 1.1944592 1.2382196 1.2382196 1.2258878 1.2258878 1.1542493 1.3220385 1.2135997 1.2179333 1.3268005 1.2647957 1.0826635 0.0000000 1.0046996 1.2122931 0.9895408 1.6369206 1.6612451 1.7383836 2.0765705 2.1971421 2.0649200 2.0638888 1.9885747 2.3330593 2.4220653 2.2022901 2.6140044 7.7061094 
Dpul_mRNA11296                                         1.3662568 1.2829106 1.3915736 1.3561701 1.0496899 1.1021004 1.1186115 1.0873350 1.2314718 1.3209790 1.2844261 1.2483948 1.2858582 1.2486636 1.2609180 1.5401256 1.2643218 1.1481937 1.0698203 1.2132737 1.2995191 1.3762325 1.3513156 1.4200951 1.4187207 1.5001591 1.4211506 1.4353189 1.6221770 1.4737500 1.4797182 1.5821232 1.7656093 1.7148939 1.8341956 1.3201019 1.2726609 1.7930998 1.7412925 1.5364319 1.0046996 0.0000000 1.4670843 1.6183465 1.5706497 1.6429789 1.6046544 2.0048522 1.8059640 1.7261209 2.0334733 1.7428982 1.8622168 2.4917390 1.9361144 2.0013240 2.0923122 
Emue_Em0008g944a.t1                                    1.1961570 1.1325268 1.0325151 1.0668729 1.0369640 0.9970165 1.1369576 1.1856347 1.0775314 1.1063929 1.0170683 0.9573828 0.9721627 1.0302866 1.0865044 1.2893996 1.1245011 1.1244509 0.9654448 1.1077671 1.1624110 1.1871176 1.2634438 1.1447466 1.2169470 1.0708378 1.1186371 1.2744465 1.3009393 1.2619437 1.2773878 1.3097616 1.4424589 1.4455289 0.4478454 0.9464988 1.0915053 1.0368459 0.8513543 1.1631659 1.2122931 1.4670843 0.0000000 0.8274768 1.1841064 1.9577116 1.7808941 2.5494619 2.1849975 2.2293447 2.1094752 2.0369708 2.0105105 2.2145008 2.0887283 0.8782259 1.7468676 
Tetwil_g10640.t1                                       1.2953937 1.2945994 1.1344081 1.3187812 1.1005229 1.2295074 1.2602075 1.2013755 1.2889033 1.2488592 1.1702755 1.0634253 1.1095952 1.1880305 1.1750366 1.8354784 1.3872415 1.0694062 1.0257477 1.2598206 1.1898211 1.2498640 1.3187854 1.3363844 1.3205228 1.2943461 1.7273030 1.3191764 1.3191764 1.3118987 1.3144314 1.3165982 1.4303259 1.4488058 6.6033559 1.1874177 1.7506414 1.2759531 1.0173911 1.2487801 0.9895408 1.6183465 0.8274768 0.0000000 1.0036652 1.9716963 1.9867948 3.7325413 4.0851552 2.1745203 2.1650539 2.1436353 2.1523431 4.3747527 2.0471834 0.7086294 1.9484688 
Gracom_Gcom_scaffold14746_01                           1.6405214 1.4064907 1.3135586 1.1979382 1.2320243 1.2297659 1.2395873 1.3261108 1.2451596 1.2400760 1.1626147 1.1392918 1.1864837 1.1231476 1.1839474 1.9480161 1.4609966 1.0241111 1.0732243 1.2395941 1.2465196 1.2906282 1.5283751 1.3904461 1.4649104 0.6121356 0.9583505 1.4191823 1.4804098 1.3744493 1.4033489 1.4087144 1.6101720 1.6112993 7.5567256 1.4070638 1.8099475 1.7106025 1.4379891 1.2175977 1.6369206 1.5706497 1.1841064 1.0036652 0.0000000 2.1341149 2.2751484 3.6190717 3.4660842 2.2293667 2.3285534 2.1589595 2.4715413 4.5863767 2.2936274 1.7288033 1.5354361 
Mlei_ML0156.g27.i1                                     1.6337348 1.5898367 1.6166353 1.7629890 1.6269420 1.5348424 1.7706026 1.6745482 1.7494686 1.6485670 1.6384856 1.6731701 1.6175311 1.5817681 1.5440813 2.0358593 1.7554594 1.4713202 1.5491544 1.6294586 1.6171739 1.7085656 1.7734787 1.7350925 1.9329479 1.8671388 2.0440316 1.7608035 1.8224562 1.8093794 1.8051621 1.7715323 1.9310331 2.0535756 1.9784656 1.6941831 1.4829407 1.8201795 1.7774662 1.9615029 1.6612451 1.6429789 1.9577116 1.9716963 2.1341149 0.0000000 0.1047607 0.2592336 0.3412998 0.4010636 0.6058157 0.5250669 0.7001157 0.7781197 0.5973473 1.7994604 2.1068131 
Bolinf_Binf_sb1210259                                  1.6551782 1.7019822 1.6983292 1.8152935 1.6907020 1.6095098 1.7338559 1.7352837 1.8871413 1.6535169 1.7128113 1.6918997 1.6477395 1.6092733 1.5966446 1.9986980 1.6259320 1.4416837 1.4435542 1.5869934 1.5969073 1.5658760 1.6900015 1.7196376 1.8220357 1.8950008 1.9480018 1.7734310 1.8424909 1.8259956 1.8278910 1.7852366 1.7852366 1.7968990 2.0293668 1.7314870 1.4743539 1.7340891 1.5538751 2.0391153 1.7383836 1.6046544 1.7808941 1.9867948 2.2751484 0.1047607 0.0000000 0.2417856 0.3192997 0.3958380 0.6578409 0.6519797 0.6896790 0.6968024 0.5867010 2.2220083 2.2776130 
Beraby_Baby_sb320163                                   2.0132809 2.1428201 1.9302373 1.7678026 2.0877091 1.7967427 2.3346264 1.8054466 2.4035051 1.9104287 2.0701364 2.0106829 1.9980953 1.9479873 1.8953776 2.4496023 2.1540279 1.8160577 2.1361173 2.2054110 1.9561508 2.0450378 2.0482605 2.1215440 2.7170006 2.0683889 2.0096510 1.8329427 2.0298778 2.0101607 2.0398235 1.8762541 1.9315548 1.9466737 2.2229722 2.0444494 1.7535710 2.0215829 1.8064784 2.5755392 2.0765705 2.0048522 2.5494619 3.7325413 3.6190717 0.2592336 0.2417856 0.0000000 0.3605397 0.5159065 0.8145217 0.7743600 0.9125299 0.7929450 0.7719659 3.1601039 2.8200522 
Drygla_Dgla_sb284702                                   1.9727661 1.9680643 1.8230173 1.8234226 1.9833119 1.9024193 1.9438497 1.8561851 2.3049439 1.8225179 1.9549977 1.8170499 1.9110527 1.7496205 1.7697876 2.4832350 2.0843294 1.5818179 1.9448233 1.9496947 1.7927862 2.1106684 2.0358980 2.2032467 2.5635734 1.7839859 1.8683820 1.9152674 2.1249946 2.0003049 1.9533192 1.9424587 1.9424587 1.9955732 2.0263989 1.9387464 1.6107995 1.9016339 1.7250267 2.7131109 2.1971421 1.8059640 2.1849975 4.0851552 3.4660842 0.3412998 0.3192997 0.3605397 0.0000000 0.6084094 0.7933025 0.7645812 0.8788561 0.7970263 0.7268685 3.2576247 2.7655476 
Lampan_Lpan_C411247_01                                 1.8240192 1.7177403 1.6894157 1.9070329 1.6980123 1.7452951 1.8978527 1.6491318 1.7712648 1.6953073 1.7138118 1.6799998 1.5761041 1.6696121 1.6276703 1.9772650 1.7491381 1.4347163 1.6517801 1.6840811 1.6649266 1.7000272 1.8322907 1.8744327 1.9593281 1.9055392 1.9401673 1.8367198 1.9264190 1.9008570 1.9080264 1.8675382 2.0142037 2.1298992 2.0366308 1.7179696 1.5265742 1.8148468 1.6706502 2.0143994 2.0649200 1.7261209 2.2293447 2.1745203 2.2293667 0.4010636 0.3958380 0.5159065 0.6084094 0.0000000 0.7203732 0.6221018 0.6365191 0.8669259 0.6478749 1.8586788 2.2193695 
Pbac_sb2655887                                         1.8595077 1.8263090 1.7625962 1.9442510 1.8621453 1.6464825 1.8815336 1.7358802 1.8834706 1.8351794 1.7436042 1.7128990 1.6813093 1.8092488 1.8504075 2.1460694 1.8914938 1.7737500 1.9250964 1.8375254 1.8253899 1.8322078 2.0429211 1.9916602 2.2746312 2.0093449 1.9320102 1.7293296 1.8843373 1.8577185 1.8296291 1.8682846 1.9924727 2.0068500 2.5807343 1.8081462 1.5966926 2.0430250 1.9100505 2.2513691 2.0638888 2.0334733 2.1094752 2.1650539 2.3285534 0.6058157 0.6578409 0.8145217 0.7933025 0.7203732 0.0000000 0.0736143 0.7841734 1.0337753 0.9476679 1.8100611 2.3773532 
Horcal_Hcv1.av93.c2.g845.i1                            1.7057405 1.6080193 1.6511682 1.7680970 1.6141131 1.5461485 1.7535429 1.6085815 1.7013574 1.6789004 1.6644612 1.5775696 1.5595906 1.7075918 1.6624905 2.0366610 1.7405390 1.6653624 1.7880952 1.6989654 1.6762732 1.8364715 1.9693068 1.9273755 1.9809337 1.8723708 1.8878569 1.5944879 1.7189274 1.7435134 1.7103349 1.7070035 1.8702945 1.9434304 2.3992975 1.7157406 1.5966926 1.8260450 1.7310399 2.0697938 1.9885747 1.7428982 2.0369708 2.1436353 2.1589595 0.5250669 0.6519797 0.7743600 0.7645812 0.6221018 0.0736143 0.0000000 0.7215374 0.9901414 0.7964414 1.8389470 2.1010655 
Vmul_SimC392396                                        1.7771479 1.5486187 1.8921581 1.9752723 1.6999608 1.7029101 1.8392922 1.9407080 2.0499599 1.8352610 1.9332778 1.8789169 1.9751477 2.0233883 1.9399940 2.6728049 1.9167510 1.8652353 1.8517458 1.8856585 1.8418778 2.0444163 2.0025037 2.0445972 1.9696290 1.8396116 1.8875271 1.8529852 2.0452788 2.0814518 2.0808514 2.0300547 2.0300547 1.9722215 2.0927701 1.8791727 1.8254387 1.9935414 1.8256571 2.0343529 2.3330593 1.8622168 2.0105105 2.1523431 2.4715413 0.7001157 0.6896790 0.9125299 0.8788561 0.6365191 0.7841734 0.7215374 0.0000000 0.7335499 0.4816273 1.8916451 2.2765698 
Coeast_Cast_sb759948                                   2.2473735 2.1966112 2.1498137 2.2018240 2.0901481 1.7725763 1.9864897 1.9712453 2.3430199 2.0035998 2.6102905 2.5158419 2.6026031 2.5993715 2.4761936 3.5025614 2.3700504 2.1836968 2.4233709 1.9603365 1.8974373 2.4577086 2.1848968 2.3928631 2.7740662 1.9160325 1.8481889 2.3607668 2.3616863 2.5278519 2.3053837 2.2082460 2.2082460 2.2793197 2.3140912 2.1455544 1.8425735 2.0758368 1.7326150 2.5108303 2.4220653 2.4917390 2.2145008 4.3747527 4.5863767 0.7781197 0.6968024 0.7929450 0.7970263 0.8669259 1.0337753 0.9901414 0.7335499 0.0000000 0.0437714 2.2376630 3.2125009 
Coemet_Cmet_scaffold20973_01                           1.8938102 1.8418548 1.8115263 1.9055922 1.7377324 1.5813472 1.8041354 1.7989893 1.9075087 1.8025327 1.9434707 1.9284026 1.9410829 1.8728559 1.8765668 2.5308358 1.9441675 1.8446127 1.7844131 1.7612293 1.7685959 2.1560948 1.9949662 2.0550373 2.0974537 1.9218692 2.0179809 1.8596979 1.9512951 2.0485071 1.9754416 1.9667804 2.1084780 2.2051221 2.3205823 1.8649179 1.8722908 1.9789724 1.8825004 1.9493789 2.2022901 1.9361144 2.0887283 2.0471834 2.2936274 0.5973473 0.5867010 0.7719659 0.7268685 0.6478749 0.9476679 0.7964414 0.4816273 0.0437714 0.0000000 1.7557615 2.3206057 
Stycar_maker-SC_scaffold120718-snap-gene-0.13-mRNA-1   1.2049008 1.4686737 1.3787280 1.8262474 1.4008911 1.3688322 1.6261319 1.4463333 1.3607866 1.2852855 1.3190934 1.2911264 1.3742605 1.2677717 1.3044750 2.7463276 1.3498937 1.3348704 1.3023590 1.3496230 1.4851853 1.6662117 1.5938908 1.4560431 1.5716707 1.5237762 3.3300481 1.5499333 1.7325844 1.5689538 1.5689538 1.5981757 1.5981757 1.5816577 3.6861596 1.3053163 3.8719701 1.5648862 1.3087563 1.2521866 2.6140044 2.0013240 0.8782259 0.7086294 1.7288033 1.7994604 2.2220083 3.1601039 3.2576247 1.8586788 1.8100611 1.8389470 1.8916451 2.2376630 1.7557615 0.0000000 1.6550367 
Ocar_g9977                                             1.6235916 1.4715054 1.5103089 1.7182111 1.3998850 1.3849254 1.4620427 1.5102893 1.6419287 1.6191096 1.4750631 1.5551424 1.7310660 1.3979721 1.5377004 3.7063067 1.7992128 1.2162322 0.9979889 1.4122038 1.4863660 1.4744342 2.0804028 2.1263544 1.8301326 1.5670636 2.0153123 1.5273867 1.8218412 1.6721703 1.7239908 1.7704433 2.0285099 2.0248758 2.9283652 1.7061310 2.2794309 2.2965426 2.0378583 0.1908299 7.7061094 2.0923122 1.7468676 1.9484688 1.5354361 2.1068131 2.2776130 2.8200522 2.7655476 2.2193695 2.3773532 2.1010655 2.2765698 3.2125009 2.3206057 1.6550367 0.0000000 
