42
Hsap_ENST00000418460                    0.0000000 3.7168176 4.2424541 3.3962619 3.8350807 3.7229963 4.3891662 4.7435289 6.1887653 6.5151749 4.5908801 4.5321480 3.6693287 5.0007075 5.0210674 5.8202755 5.1701233 5.4710845 5.0552558 4.6386206 4.7443066 4.1752752 4.2045117 4.1010937 4.1503744 4.0574249 4.6639520 4.3629555 4.0703868 4.4343629 4.8504921 4.4102174 4.5240828 4.1474915 4.8751647 4.8751647 4.9952707 4.9268547 5.2056207 4.4390199 5.2275798 5.4704002 
Bralan_BLAG04001543_1                   3.7168176 0.0000000 3.1919733 2.2911751 2.9255068 2.9408471 3.0145372 3.7626802 4.4798011 5.7732313 4.4300131 4.3190449 3.4796211 4.3495082 4.0094186 5.9440854 5.3463364 4.3038187 3.9511132 3.8584934 3.9053142 3.4147269 3.3083887 3.4962975 3.5146660 3.3390142 4.7047529 4.0112779 3.3778989 3.8525680 3.9798469 3.6322808 3.5892386 3.0932216 3.4434572 3.4434572 4.1954787 3.8887736 4.3407181 3.4354098 3.5314789 4.9259553 
Spur_XM_003723820.3                     4.2424541 3.1919733 0.0000000 2.5753154 2.8689949 2.6342401 3.0187749 4.4512052 5.6142947 5.7057325 5.0397113 4.8514399 3.6844845 4.4405089 4.6079100 5.1212389 6.0776224 5.7345764 3.8040358 4.0993273 4.1568956 3.5973294 3.4289274 3.6334625 3.6137554 3.5938821 5.8910952 4.0151907 3.5247952 3.4640514 3.7485667 3.4658191 3.3351772 3.2026610 4.2479002 4.2479002 4.4006816 4.1963656 4.7499073 4.2806497 4.0928255 4.5154803 
Skow_XM_006812154.1                     3.3962619 2.2911751 2.5753154 0.0000000 2.3483962 2.3189576 2.7843011 3.9424473 4.7016258 5.2403822 4.4949702 4.4260321 2.9688639 4.1057755 3.7561818 5.5255377 5.7796765 4.9639162 3.6834623 3.5287561 3.5143188 3.1038777 2.9973034 3.0985906 3.1066655 2.7407353 4.8115376 3.2475450 2.7657354 3.0960892 3.1975457 2.8097091 2.7820118 2.6157981 3.3995227 3.3995227 4.3094760 3.9229117 3.7033680 3.3191645 3.8400627 4.1692697 
Cgig_XM_011439273.3                     3.8350807 2.9255068 2.8689949 2.3483962 0.0000000 1.9392360 2.6276153 5.4879008 5.3601338 8.6279313 4.6032582 4.6065655 3.2568335 4.3594551 3.5832359 6.4172004 6.4696435 5.1150243 4.8597158 3.8163261 3.7989443 3.7828219 3.5847007 3.8271782 3.8635373 3.3715576 5.1802805 3.9355893 3.4733630 3.4726329 3.7430642 3.3949174 3.3954838 3.0709896 3.6907488 3.6907488 4.5925932 4.4544953 4.2966137 3.8270163 3.5531194 4.6565339 
Acagra_model.g15536.t1                  3.7229963 2.9408471 2.6342401 2.3189576 1.9392360 0.0000000 2.4711856 4.4609366 4.8214368 5.8414777 4.0800914 4.0906086 3.4591156 4.3460327 4.0299206 6.6727840 5.7690327 5.1079926 4.0505156 3.6976248 3.7293142 3.6409088 3.7772026 3.5576183 3.5813595 3.1067117 4.6281129 3.4652575 3.0295654 3.0647678 3.0873167 2.8715701 2.8367734 2.9652544 3.6951177 3.6951177 4.7736131 4.1416996 4.4595989 3.7181171 3.7103609 4.7146860 
Ctel_gnl_WGS_AMQN_CAPTEDRAFT_mRNA196655 4.3891662 3.0145372 3.0187749 2.7843011 2.6276153 2.4711856 0.0000000 4.6065073 5.3611311 6.7222123 4.4502134 4.1751063 4.1558502 4.6713126 5.0102184 6.0871453 5.3047220 4.7963826 4.1192621 3.6231565 3.6323107 3.4264870 3.3376945 3.3906657 3.4240448 3.3721503 5.3012537 3.7937257 3.3096385 3.3999889 3.7096071 3.3599879 3.1050945 3.1494560 3.9332183 3.9332183 3.9809565 4.0382052 3.6922654 3.7500745 3.3886839 4.3492725 
Sanmal_Sma_027398-T1                    4.7435289 3.7626802 4.4512052 3.9424473 5.4879008 4.4609366 4.6065073 0.0000000 6.2491102 6.4509883 4.9108626 4.6647462 2.8420806 5.2360226 4.8925769 5.1155521 5.9763554 5.0931176 4.8748866 4.3386153 4.3093146 4.2951417 4.1807936 4.1327304 4.1074669 3.7926317 5.2723454 4.2271159 3.7409758 3.8117315 4.0799974 3.7626651 3.7299065 3.6724643 3.7275867 3.7275867 3.1662870 3.3633699 4.4738920 3.9011246 4.2155495 4.9211105 
Mlei_ML0513.g3.i1                       6.1887653 4.4798011 5.6142947 4.7016258 5.3601338 4.8214368 5.3611311 6.2491102 0.0000000 0.1983005 0.9425131 0.9419003 2.5189041 1.5515496 2.9047207 7.1722569 7.8307370 6.0131726 8.9999988 5.4019722 5.5997796 5.2567152 5.6859797 5.6890410 5.6890410 6.0768541 4.8694209 5.2808814 4.6327231 5.8737648 6.1218169 4.9162011 5.3465781 5.5228509 7.1429743 7.1429743 5.2551421 5.4177617 5.5898728 6.6135289 4.4777431 7.7990143 
Bolinf_Binf_sb1223691                   6.5151749 5.7732313 5.7057325 5.2403822 8.6279313 5.8414777 6.7222123 6.4509883 0.1983005 0.0000000 0.8319784 0.8168833 2.2677321 1.3641271 8.1571175 8.8011012 8.9999989 6.3709466 8.9999980 8.7896946 8.9999985 7.7064226 8.7723075 8.9999988 8.9999988 8.9999989 0.0000010 5.7644364 4.9079419 4.7896288 6.5171701 4.9921321 5.8931230 8.4535841 6.6091246 6.6091246 7.0213894 6.7499404 5.2449997 8.5046104 0.0000010 8.9999985 
Pbac_sb2669585                          4.5908801 4.4300131 5.0397113 4.4949702 4.6032582 4.0800914 4.4502134 4.9108626 0.9425131 0.8319784 0.0000000 0.0461355 1.2302781 1.9779249 2.3307179 5.4139747 5.9400920 5.0881465 4.8034950 4.6980685 4.7792412 4.7948039 4.9816532 5.0904359 5.0918274 4.3777995 4.3107977 4.5058398 4.2495507 4.6493687 4.9901253 4.6469800 4.5833301 4.6825976 4.5332039 4.5332039 4.8422153 4.9186463 5.5310946 5.1728533 5.0229294 5.5660517 
Horcal_Hcv1.av93.c7.g79.i1              4.5321480 4.3190449 4.8514399 4.4260321 4.6065655 4.0906086 4.1751063 4.6647462 0.9419003 0.8168833 0.0461355 0.0000000 1.3169605 2.0419332 2.3643954 5.1164406 5.9383045 5.3105637 4.9063913 4.9522765 5.0182708 4.8676170 4.9880853 5.2127210 5.2343692 4.4829070 4.4823293 4.5032605 4.3602383 4.6896518 5.0623452 4.7415462 4.5854779 4.6974608 4.4112296 4.4112296 5.0577425 5.0828538 5.4728534 5.4856820 5.3296220 5.4373260 
Lampan_Lpan_14751_01                    3.6693287 3.4796211 3.6844845 2.9688639 3.2568335 3.4591156 4.1558502 2.8420806 2.5189041 2.2677321 1.2302781 1.3169605 0.0000000 2.3149000 2.3158917 6.9247169 4.5003204 5.2800275 4.6652985 3.3571425 3.3963875 3.0902234 3.2061040 3.1729701 3.2027793 3.0015121 5.7908982 4.3870180 3.4830978 4.0551643 4.2724896 3.5368178 3.5050283 2.8584447 3.3579186 3.3579186 4.0319283 3.4907047 3.5875868 3.4337302 4.7521749 3.5180898 
Coemet_Cmet_scaffold22267_01            5.0007075 4.3495082 4.4405089 4.1057755 4.3594551 4.3460327 4.6713126 5.2360226 1.5515496 1.3641271 1.9779249 2.0419332 2.3149000 0.0000000 1.9100742 5.3895182 7.2648271 5.5549308 6.3126756 5.0310564 5.0599158 4.3855691 4.2929981 4.5718049 4.6048348 4.3402271 5.7633798 4.4212549 4.5657018 4.4502460 4.6738018 4.2128189 4.2071514 4.2823018 4.6716294 4.6716294 5.2350155 4.9363783 4.9141745 5.2503627 4.8230988 5.2358306 
Vmul_SimC397478                         5.0210674 4.0094186 4.6079100 3.7561818 3.5832359 4.0299206 5.0102184 4.8925769 2.9047207 8.1571175 2.3307179 2.3643954 2.3158917 1.9100742 0.0000000 8.0260983 5.8997698 4.9607676 5.0895687 4.2674258 4.2524450 4.1518025 4.0491343 3.9914064 3.9928792 4.1940218 4.9171662 4.1125824 3.9855964 4.3398711 4.4979992 4.3844789 4.3414150 4.4833083 4.5872108 4.5872108 5.2065456 4.5618448 4.7127789 4.2375235 4.9050828 4.9448693 
Eupdun_Edun_sb10626255                  5.8202755 5.9440854 5.1212389 5.5255377 6.4172004 6.6727840 6.0871453 5.1155521 7.1722569 8.8011012 5.4139747 5.1164406 6.9247169 5.3895182 8.0260983 0.0000000 4.9279590 6.7847523 6.3893612 7.6480025 7.8309373 8.8142783 8.8258573 8.9999989 8.9999990 6.0568819 4.3997572 5.0994576 4.5267218 4.8126104 4.4542831 4.4428009 4.5381629 4.7037400 7.0520909 7.0520909 7.3702092 6.2848438 5.8808382 5.2913988 4.4590835 6.0310593 
Scil_scict019999.1                      5.1701233 5.3463364 6.0776224 5.7796765 6.4696435 5.7690327 5.3047220 5.9763554 7.8307370 8.9999989 5.9400920 5.9383045 4.5003204 7.2648271 5.8997698 4.9279590 0.0000000 3.4631579 2.8720236 6.0243795 5.9902423 5.9525451 6.0163056 5.6185119 5.7086820 5.5536166 6.2358565 5.8923211 5.2654649 5.2986631 5.3755519 5.5990668 5.3609418 5.2257611 4.8787853 4.8787853 5.6509887 5.7675217 6.5331448 4.5763378 5.8926262 5.4812726 
Lcom_lcpid42256                         5.4710845 4.3038187 5.7345764 4.9639162 5.1150243 5.1079926 4.7963826 5.0931176 6.0131726 6.3709466 5.0881465 5.3105637 5.2800275 5.5549308 4.9607676 6.7847523 3.4631579 0.0000000 2.7519193 5.0585741 5.1644150 4.7324443 4.8655611 4.8757875 4.8602344 4.7780202 5.2423979 5.1792507 4.7339853 5.6195315 5.2893701 5.1482554 4.8978750 4.1859599 4.0511946 4.0511946 5.4894693 5.7971733 5.4864377 4.7284553 4.6992724 5.3295683 
Gracom_Gcom_C532894_01                  5.0552558 3.9511132 3.8040358 3.6834623 4.8597158 4.0505156 4.1192621 4.8748866 8.9999988 8.9999980 4.8034950 4.9063913 4.6652985 6.3126756 5.0895687 6.3893612 2.8720236 2.7519193 0.0000000 4.6693025 4.5824662 4.5723321 4.4734954 4.7829347 4.6965137 4.4493028 8.5054450 4.3642577 4.4931016 4.4217738 4.3446164 3.9826654 3.9529755 3.8954219 4.2604786 4.2604786 4.9430316 4.9001814 4.4841423 4.0982852 3.6779015 4.3239440 
Tadh_TriadT59777                        4.6386206 3.8584934 4.0993273 3.5287561 3.8163261 3.6976248 3.6231565 4.3386153 5.4019722 8.7896946 4.6980685 4.9522765 3.3571425 5.0310564 4.2674258 7.6480025 6.0243795 5.0585741 4.6693025 0.0000000 0.0074664 0.8637357 0.8283132 0.8548980 0.8572608 3.7922288 4.9948909 4.2474653 3.3656400 4.3029863 4.2418607 3.9509584 3.8557306 3.7369028 3.8529127 3.8529127 4.3886182 4.3955537 3.9424144 3.6212713 3.5847154 4.2369609 
TrH2_TrispH2_000360-RA                  4.7443066 3.9053142 4.1568956 3.5143188 3.7989443 3.7293142 3.6323107 4.3093146 5.5997796 8.9999985 4.7792412 5.0182708 3.3963875 5.0599158 4.2524450 7.8309373 5.9902423 5.1644150 4.5824662 0.0074664 0.0000000 0.8765588 0.8413899 0.8569335 0.8593177 3.7533685 4.9948909 4.2280082 3.3748473 4.3409386 4.2548139 3.9396944 3.8725166 3.7247504 3.8135598 3.8135598 4.3380115 4.3382363 3.8839214 3.5854021 3.5847154 4.2938402 
HoiH06_mRNA4993                         4.1752752 3.4147269 3.5973294 3.1038777 3.7828219 3.6409088 3.4264870 4.2951417 5.2567152 7.7064226 4.7948039 4.8676170 3.0902234 4.3855691 4.1518025 8.8142783 5.9525451 4.7324443 4.5723321 0.8637357 0.8765588 0.0000000 0.1537655 0.2994938 0.3077703 3.6197665 4.7716400 4.0809901 3.2636911 3.8678623 3.8118163 3.5803240 3.4728755 3.4038900 3.4078987 3.4078987 4.7213230 4.7428147 3.8906695 3.4990328 3.3921707 4.3571966 
HoiH23_PlH23_000413-RA                  4.2045117 3.3083887 3.4289274 2.9973034 3.5847007 3.7772026 3.3376945 4.1807936 5.6859797 8.7723075 4.9816532 4.9880853 3.2061040 4.2929981 4.0491343 8.8258573 6.0163056 4.8655611 4.4734954 0.8283132 0.8413899 0.1537655 0.0000000 0.2839720 0.2921334 3.6257123 4.4429474 4.0445299 3.2489089 3.7231003 3.6380956 3.5818743 3.4995693 3.3743467 3.3774097 3.3774097 4.5942728 4.5296262 3.6279467 3.3736919 3.2715603 4.3248477 
Hhon_g05829.t1                          4.1010937 3.4962975 3.6334625 3.0985906 3.8271782 3.5576183 3.3906657 4.1327304 5.6890410 8.9999988 5.0904359 5.2127210 3.1729701 4.5718049 3.9914064 8.9999989 5.6185119 4.8757875 4.7829347 0.8548980 0.8569335 0.2994938 0.2839720 0.0000000 0.0088807 3.5599945 4.7047110 4.0192575 3.2328326 3.6560020 3.7092224 3.5951425 3.5663477 3.3898532 3.4873495 3.4873495 4.6632122 4.4976790 3.6918550 3.4963288 3.1869307 4.2356381 
HoiH04_mRNA13879                        4.1503744 3.5146660 3.6137554 3.1066655 3.8635373 3.5813595 3.4240448 4.1074669 5.6890410 8.9999988 5.0918274 5.2343692 3.2027793 4.6048348 3.9928792 8.9999990 5.7086820 4.8602344 4.6965137 0.8572608 0.8593177 0.3077703 0.2921334 0.0088807 0.0000000 3.5472742 4.6175377 3.9681479 3.2235981 3.5811666 3.6755074 3.5745609 3.5463062 3.4091128 3.4753666 3.4753666 4.6361245 4.4892461 3.7409411 3.5175623 3.2235315 4.2269357 
Exapal_XM_021053633.2                   4.0574249 3.3390142 3.5938821 2.7407353 3.3715576 3.1067117 3.3721503 3.7926317 6.0768541 8.9999989 4.3777995 4.4829070 3.0015121 4.3402271 4.1940218 6.0568819 5.5536166 4.7780202 4.4493028 3.7922288 3.7533685 3.6197665 3.6257123 3.5599945 3.5472742 0.0000000 2.7999026 2.4751375 2.0582255 2.3969824 2.3789064 2.3029352 2.3037510 1.9877137 3.6863790 3.6863790 3.7461236 3.9970207 3.9458193 3.3988494 2.7474135 3.7480708 
Adig_XM_015896657.1                     4.6639520 4.7047529 5.8910952 4.8115376 5.1802805 4.6281129 5.3012537 5.2723454 4.8694209 0.0000010 4.3107977 4.4823293 5.7908982 5.7633798 4.9171662 4.3997572 6.2358565 5.2423979 8.5054450 4.9948909 4.9948909 4.7716400 4.4429474 4.7047110 4.6175377 2.7999026 0.0000000 0.1005006 1.1808139 1.2698655 1.4807476 1.7007568 1.7429511 3.4940017 6.0682538 6.0682538 7.0214686 6.9898749 5.5359373 3.7016409 4.9442934 6.6103533 
Amil_Amillepora16236-RA                 4.3629555 4.0112779 4.0151907 3.2475450 3.9355893 3.4652575 3.7937257 4.2271159 5.2808814 5.7644364 4.5058398 4.5032605 4.3870180 4.4212549 4.1125824 5.0994576 5.8923211 5.1792507 4.3642577 4.2474653 4.2280082 4.0809901 4.0445299 4.0192575 3.9681479 2.4751375 0.1005006 0.0000000 0.9184949 1.0779829 1.1706728 1.2765505 1.1730040 2.5897581 3.8456596 3.8456596 4.8209289 4.3204021 4.6120951 3.8757261 3.6595675 4.4870205 
Gfas_gfas1.m1.4268.m1                   4.0703868 3.3778989 3.5247952 2.7657354 3.4733630 3.0295654 3.3096385 3.7409758 4.6327231 4.9079419 4.2495507 4.3602383 3.4830978 4.5657018 3.9855964 4.5267218 5.2654649 4.7339853 4.4931016 3.3656400 3.3748473 3.2636911 3.2489089 3.2328326 3.2235981 2.0582255 1.1808139 0.9184949 0.0000000 0.7300041 0.7265872 0.7993551 0.7559181 2.1891475 3.2961336 3.2961336 4.0307765 3.9581010 4.2466394 3.5445927 3.1631664 4.2364285 
Fspp_ffun1.m2b.35732.m1                 4.4343629 3.8525680 3.4640514 3.0960892 3.4726329 3.0647678 3.3999889 3.8117315 5.8737648 4.7896288 4.6493687 4.6896518 4.0551643 4.4502460 4.3398711 4.8126104 5.2986631 5.6195315 4.4217738 4.3029863 4.3409386 3.8678623 3.7231003 3.6560020 3.5811666 2.3969824 1.2698655 1.0779829 0.7300041 0.0000000 0.3782957 0.6191072 0.5742453 2.3587077 3.3829218 3.3829218 4.5455741 4.4207609 4.5378110 3.6878786 3.3002341 4.6866933 
Gasp_gasp1.m3.19146.m1                  4.8504921 3.9798469 3.7485667 3.1975457 3.7430642 3.0873167 3.7096071 4.0799974 6.1218169 6.5171701 4.9901253 5.0623452 4.2724896 4.6738018 4.4979992 4.4542831 5.3755519 5.2893701 4.3446164 4.2418607 4.2548139 3.8118163 3.6380956 3.7092224 3.6755074 2.3789064 1.4807476 1.1706728 0.7265872 0.3782957 0.0000000 0.6254032 0.6086100 2.3720249 3.2682409 3.2682409 4.9240098 4.7805244 4.7300286 3.9752774 3.3066508 4.7256279 
Spis_XP_022777630_1                     4.4102174 3.6322808 3.4658191 2.8097091 3.3949174 2.8715701 3.3599879 3.7626651 4.9162011 4.9921321 4.6469800 4.7415462 3.5368178 4.2128189 4.3844789 4.4428009 5.5990668 5.1482554 3.9826654 3.9509584 3.9396944 3.5803240 3.5818743 3.5951425 3.5745609 2.3029352 1.7007568 1.2765505 0.7993551 0.6191072 0.6254032 0.0000000 0.1939666 2.2699520 3.1117443 3.1117443 4.3594171 4.2507855 4.3440911 3.6605605 3.2567933 4.5161295 
Pocdam_XM_027184464.1                   4.5240828 3.5892386 3.3351772 2.7820118 3.3954838 2.8367734 3.1050945 3.7299065 5.3465781 5.8931230 4.5833301 4.5854779 3.5050283 4.2071514 4.3414150 4.5381629 5.3609418 4.8978750 3.9529755 3.8557306 3.8725166 3.4728755 3.4995693 3.5663477 3.5463062 2.3037510 1.7429511 1.1730040 0.7559181 0.5742453 0.6086100 0.1939666 0.0000000 2.1606959 3.1336179 3.1336179 4.2647474 4.1288247 4.2906547 3.7064576 3.6163518 4.3433137 
Nvec_v1g239674                          4.1474915 3.0932216 3.2026610 2.6157981 3.0709896 2.9652544 3.1494560 3.6724643 5.5228509 8.4535841 4.6825976 4.6974608 2.8584447 4.2823018 4.4833083 4.7037400 5.2257611 4.1859599 3.8954219 3.7369028 3.7247504 3.4038900 3.3743467 3.3898532 3.4091128 1.9877137 3.4940017 2.5897581 2.1891475 2.3587077 2.3720249 2.2699520 2.1606959 0.0000000 3.6868770 3.6868770 3.8594292 3.7785251 4.0582444 3.2749770 3.2080703 4.0695702 
Ocar_g11149                             4.8751647 3.4434572 4.2479002 3.3995227 3.6907488 3.6951177 3.9332183 3.7275867 7.1429743 6.6091246 4.5332039 4.4112296 3.3579186 4.6716294 4.5872108 7.0520909 4.8787853 4.0511946 4.2604786 3.8529127 3.8135598 3.4078987 3.3774097 3.4873495 3.4753666 3.6863790 6.0682538 3.8456596 3.2961336 3.3829218 3.2682409 3.1117443 3.1336179 3.6868770 0.0000000 0.0000010 4.4465009 4.0952254 4.2052441 3.8630348 3.9590502 4.7637880 
Opea_EP00118_Oscarella_pearsei_P012714  4.8751647 3.4434572 4.2479002 3.3995227 3.6907488 3.6951177 3.9332183 3.7275867 7.1429743 6.6091246 4.5332039 4.4112296 3.3579186 4.6716294 4.5872108 7.0520909 4.8787853 4.0511946 4.2604786 3.8529127 3.8135598 3.4078987 3.3774097 3.4873495 3.4753666 3.6863790 6.0682538 3.8456596 3.2961336 3.3829218 3.2682409 3.1117443 3.1336179 3.6868770 0.0000010 0.0000000 4.4465009 4.0952254 4.2052441 3.8630348 3.9590502 4.7637880 
Nemnom_g6501.t1                         4.9952707 4.1954787 4.4006816 4.3094760 4.5925932 4.7736131 3.9809565 3.1662870 5.2551421 7.0213894 4.8422153 5.0577425 4.0319283 5.2350155 5.2065456 7.3702092 5.6509887 5.4894693 4.9430316 4.3886182 4.3380115 4.7213230 4.5942728 4.6632122 4.6361245 3.7461236 7.0214686 4.8209289 4.0307765 4.5455741 4.9240098 4.3594171 4.2647474 3.8594292 4.4465009 4.4465009 0.0000000 0.9754061 4.5887617 4.5969667 4.9900875 4.2959921 
Rhoesc_Res_001799-T1                    4.9268547 3.8887736 4.1963656 3.9229117 4.4544953 4.1416996 4.0382052 3.3633699 5.4177617 6.7499404 4.9186463 5.0828538 3.4907047 4.9363783 4.5618448 6.2848438 5.7675217 5.7971733 4.9001814 4.3955537 4.3382363 4.7428147 4.5296262 4.4976790 4.4892461 3.9970207 6.9898749 4.3204021 3.9581010 4.4207609 4.7805244 4.2507855 4.1288247 3.7785251 4.0952254 4.0952254 0.9754061 0.0000000 4.3633703 4.5059735 4.2096331 4.1170822 
Chem_TCONS_00033359                     5.2056207 4.3407181 4.7499073 3.7033680 4.2966137 4.4595989 3.6922654 4.4738920 5.5898728 5.2449997 5.5310946 5.4728534 3.5875868 4.9141745 4.7127789 5.8808382 6.5331448 5.4864377 4.4841423 3.9424144 3.8839214 3.8906695 3.6279467 3.6918550 3.7409411 3.9458193 5.5359373 4.6120951 4.2466394 4.5378110 4.7300286 4.3440911 4.2906547 4.0582444 4.2052441 4.2052441 4.5887617 4.3633703 0.0000000 3.7087896 4.1731072 4.2468544 
Dgig_XM_028554521.1                     4.4390199 3.4354098 4.2806497 3.3191645 3.8270163 3.7181171 3.7500745 3.9011246 6.6135289 8.5046104 5.1728533 5.4856820 3.4337302 5.2503627 4.2375235 5.2913988 4.5763378 4.7284553 4.0982852 3.6212713 3.5854021 3.4990328 3.3736919 3.4963288 3.5175623 3.3988494 3.7016409 3.8757261 3.5445927 3.6878786 3.9752774 3.6605605 3.7064576 3.2749770 3.8630348 3.8630348 4.5969667 4.5059735 3.7087896 0.0000000 2.0784241 4.7631873 
Xesp_011814-T1                          5.2275798 3.5314789 4.0928255 3.8400627 3.5531194 3.7103609 3.3886839 4.2155495 4.4777431 0.0000010 5.0229294 5.3296220 4.7521749 4.8230988 4.9050828 4.4590835 5.8926262 4.6992724 3.6779015 3.5847154 3.5847154 3.3921707 3.2715603 3.1869307 3.2235315 2.7474135 4.9442934 3.6595675 3.1631664 3.3002341 3.3066508 3.2567933 3.6163518 3.2080703 3.9590502 3.9590502 4.9900875 4.2096331 4.1731072 2.0784241 0.0000000 4.4554786 
Morvir_scaffold98.g41.t2                5.4704002 4.9259553 4.5154803 4.1692697 4.6565339 4.7146860 4.3492725 4.9211105 7.7990143 8.9999985 5.5660517 5.4373260 3.5180898 5.2358306 4.9448693 6.0310593 5.4812726 5.3295683 4.3239440 4.2369609 4.2938402 4.3571966 4.3248477 4.2356381 4.2269357 3.7480708 6.6103533 4.4870205 4.2364285 4.6866933 4.7256279 4.5161295 4.3433137 4.0695702 4.7637880 4.7637880 4.2959921 4.1170822 4.2468544 4.7631873 4.4554786 0.0000000 
