32
Bralan_BLAG08001397_1                                             0.0000000 1.3319766 1.5227320 1.2412935 1.3592402 1.2009592 1.2738798 1.2751765 1.1584661 1.8447072 1.6016648 1.7130764 1.7118262 1.6963704 1.8520002 1.5547227 1.5396732 1.5267352 1.5414389 1.6866528 1.7636959 2.2763338 2.1693508 1.7585164 1.8213845 1.9745378 1.8317133 2.3038499 3.7679952 4.0808003 3.8853655 3.8397422 
Skow_XM_002731282.1                                               1.3319766 0.0000000 2.0848422 1.7159872 1.5891957 1.6369901 1.5605579 1.4486042 1.4803384 2.2072798 1.7216512 2.2170226 2.2471070 2.1909080 1.6548346 1.6111044 1.6713045 1.7203219 1.6204796 1.5553452 2.1060083 2.2786631 2.1419478 2.4949932 2.3879970 2.3234152 2.4869635 2.5198590 4.2825389 4.0119730 3.9950868 4.0245564 
Exapal_XM_021061097.2                                             1.5227320 2.0848422 0.0000000 1.6461722 1.3170142 1.4739163 1.1632016 1.5441018 1.3559622 2.0355055 1.6005492 2.1842170 2.1759771 2.1914798 1.6795769 1.5058481 1.5610000 1.5650779 1.3447531 1.5695527 2.4799540 2.3801995 1.6346309 2.6129865 2.7455479 2.4955412 2.9516751 2.7570152 4.7817938 4.9869939 5.0215244 4.9237836 
Adig_XM_015912085.1                                               1.2412935 1.7159872 1.6461722 0.0000000 0.6129011 0.8319450 0.6624853 0.9658621 0.7838992 2.0332887 1.2022033 1.8060291 1.9236852 1.7968726 1.5769615 1.2750292 1.4788880 1.4903109 1.2643259 1.6796672 1.6115419 1.8411085 1.4074347 1.8710863 1.9242988 1.6949830 1.7450510 2.2757402 4.1015605 3.7773315 3.7800544 3.8178800 
Gfas_gfas1.m1.4588.m1                                             1.3592402 1.5891957 1.3170142 0.6129011 0.0000000 0.7528657 0.5805522 0.7709374 0.6210666 1.7982122 1.1982703 1.8493251 1.9432771 1.8327244 1.6618594 1.2864987 1.3642528 1.2905450 1.2232960 1.7420926 1.5838900 1.8107676 1.4125816 1.8418027 2.0614364 1.6748332 1.8925008 1.9381633 4.0641464 3.9480710 3.9852226 3.8705589 
Gasp_gasp1.m3.25724.m1                                            1.2009592 1.6369901 1.4739163 0.8319450 0.7528657 0.0000000 0.3724101 0.6115848 0.4736652 1.9554243 1.2713612 1.7933464 2.0955134 1.7840464 1.5161976 1.1865074 1.2974544 1.3418457 1.2571506 1.4902478 1.7779060 2.0829871 1.4344326 1.8988594 2.0405760 1.9503035 2.0463748 2.2224702 4.1715927 3.6368403 3.7249582 3.6819714 
Spis_XP_022789185_1                                               1.2738798 1.5605579 1.1632016 0.6624853 0.5805522 0.3724101 0.0000000 0.1682747 0.4647257 1.4396987 1.4062063 1.3600471 1.5763685 1.3601331 1.6865839 1.3156106 1.4922985 1.5500610 1.3074953 1.7646216 1.4337615 1.4499821 1.4649450 1.4468745 1.5947116 1.7224710 1.6754281 1.7438374 3.6395644 3.7252341 3.4605389 3.3110574 
Pocdam_XM_027182197.1                                             1.2751765 1.4486042 1.5441018 0.9658621 0.7709374 0.6115848 0.1682747 0.0000000 0.6385626 1.9561624 1.6063162 1.9112150 2.0794950 1.8538916 1.6369084 1.2831036 1.4358997 1.4051056 1.2867298 1.6660201 1.8458225 1.8742569 1.5640448 1.9155068 2.1419418 2.1027237 2.2654367 2.2795750 3.9151109 3.3315613 4.1402741 3.8553910 
Fspp_ffun1.m4.9165.m1                                             1.1584661 1.4803384 1.3559622 0.7838992 0.6210666 0.4736652 0.4647257 0.6385626 0.0000000 1.7460409 1.1523769 1.5976323 1.7107614 1.6116614 1.3671281 1.1721222 1.1814197 1.1392516 1.1806997 1.3484635 1.5342546 1.9981059 1.3455577 1.7906531 1.9961960 1.8859014 1.7806495 2.1697969 3.8970316 3.5608317 3.4410107 3.4013854 
Stycar_augustus_masked-SC_scaffold6427-processed-gene-0.11-mRNA-1 1.8447072 2.2072798 2.0355055 2.0332887 1.7982122 1.9554243 1.4396987 1.9561624 1.7460409 0.0000000 1.7968263 1.6279953 1.6650189 1.4151270 1.5822579 1.4789844 2.0395154 1.9305396 1.9003414 1.8143875 0.9012327 2.8868541 1.9043756 2.1901643 2.4176072 1.9356409 2.5763712 2.6862256 4.1747398 3.9825937 3.9923071 3.8529730 
Nvec_v1g131352                                                    1.6016648 1.7216512 1.6005492 1.2022033 1.1982703 1.2713612 1.4062063 1.6063162 1.1523769 1.7968263 0.0000000 1.6473048 1.9227928 1.8366659 1.4803334 1.3629611 1.6959712 1.6062917 1.7726725 1.4138490 1.7944401 1.9449183 1.6558266 1.5110625 1.4999152 1.9630157 1.6949022 2.0699137 3.9979676 5.0929683 3.7442003 3.5087164 
Aque_Aqu2.1.33945_001                                             1.7130764 2.2170226 2.1842170 1.8060291 1.8493251 1.7933464 1.3600471 1.9112150 1.5976323 1.6279953 1.6473048 0.0000000 1.0373704 0.7684288 1.6237389 1.2629054 2.0008828 1.8490284 1.9021105 1.8290286 1.5543296 2.5318557 1.9613752 2.1373269 2.2859884 2.1824677 2.1562849 2.1362550 4.0650727 4.2062419 3.6402660 3.4614036 
Xestes_maker-XT_scaffold17062-augustus-gene-0.21-mRNA-1           1.7118262 2.2471070 2.1759771 1.9236852 1.9432771 2.0955134 1.5763685 2.0794950 1.7107614 1.6650189 1.9227928 1.0373704 0.0000000 0.5994628 1.4996621 1.1115300 2.0648121 2.0111672 1.7193202 1.8527804 1.5487512 2.9967706 1.7777392 2.3765354 2.2175513 2.1957744 2.6046784 2.4526967 4.0773336 4.0353138 3.7862335 3.7128578 
Halamb_c43660_g1_i1m.16463                                        1.6963704 2.1909080 2.1914798 1.7968726 1.8327244 1.7840464 1.3601331 1.8538916 1.6116614 1.4151270 1.8366659 0.7684288 0.5994628 0.0000000 1.4406053 1.1973647 2.1824319 2.0566584 1.8726095 1.9171024 1.4493223 2.5929560 1.7768654 2.0397426 1.9827152 2.1649341 1.9520035 2.0979863 4.4413122 3.9255254 3.6609546 3.5459339 
Hvul_g16879_1                                                     1.8520002 1.6548346 1.6795769 1.5769615 1.6618594 1.5161976 1.6865839 1.6369084 1.3671281 1.5822579 1.4803334 1.6237389 1.4996621 1.4406053 0.0000000 1.1766625 1.8467777 1.8586616 1.9521288 1.4786715 1.7935322 2.1025393 2.2080907 1.9767783 2.1132159 2.0722694 1.9871149 2.5378712 3.5780468 4.2455561 2.7192924 2.6363663 
Chem_TCONS_00060784                                               1.5547227 1.6111044 1.5058481 1.2750292 1.2864987 1.1865074 1.3156106 1.2831036 1.1721222 1.4789844 1.3629611 1.2629054 1.1115300 1.1973647 1.1766625 0.0000000 1.6244800 1.7011094 1.6608474 1.3442652 1.4413814 2.1647305 2.0624452 1.7045872 1.5107413 1.8197094 1.6784011 1.9533204 3.3206484 4.1327986 2.8652862 2.7875040 
Nemnom_g2160.t1                                                   1.5396732 1.6713045 1.5610000 1.4788880 1.3642528 1.2974544 1.4922985 1.4358997 1.1814197 2.0395154 1.6959712 2.0008828 2.0648121 2.1824319 1.8467777 1.6244800 0.0000000 0.2676609 0.8618696 1.3052485 2.0251622 2.0249287 2.1879536 2.2898272 2.1637892 2.1968659 2.0902829 2.3236675 3.9648141 3.7568063 3.1098523 3.1571052 
Rhoesc_Res_001016-T1                                              1.5267352 1.7203219 1.5650779 1.4903109 1.2905450 1.3418457 1.5500610 1.4051056 1.1392516 1.9305396 1.6062917 1.8490284 2.0111672 2.0566584 1.8586616 1.7011094 0.2676609 0.0000000 0.8723883 1.2521966 1.7483196 1.9583505 2.0772078 2.2402799 2.0901499 2.2762033 2.1179814 2.4807222 4.1632282 4.2397456 3.6324847 3.6662530 
Sanmal_Sma_022555-T1                                              1.5414389 1.6204796 1.3447531 1.2643259 1.2232960 1.2571506 1.3074953 1.2867298 1.1806997 1.9003414 1.7726725 1.9021105 1.7193202 1.8726095 1.9521288 1.6608474 0.8618696 0.8723883 0.0000000 1.5463331 1.7139675 2.0255041 1.8772633 2.1000319 1.7540968 1.9807157 1.9431700 2.4589634 3.5792969 4.0720736 3.9111699 3.8982190 
Morvir_scaffold69.g104.t1                                         1.6866528 1.5553452 1.5695527 1.6796672 1.7420926 1.4902478 1.7646216 1.6660201 1.3484635 1.8143875 1.4138490 1.8290286 1.8527804 1.9171024 1.4786715 1.3442652 1.3052485 1.2521966 1.5463331 0.0000000 1.8235703 2.1576998 2.1361389 2.0487508 2.0840601 1.8142467 2.2502630 2.4057266 3.2226115 3.7486472 3.0968473 2.9219642 
Tetwil_g12394.t1                                                  1.7636959 2.1060083 2.4799540 1.6115419 1.5838900 1.7779060 1.4337615 1.8458225 1.5342546 0.9012327 1.7944401 1.5543296 1.5487512 1.4493223 1.7935322 1.4413814 2.0251622 1.7483196 1.7139675 1.8235703 0.0000000 2.5988787 1.8289554 1.9844726 1.8385142 1.8806785 2.0424335 2.1872215 3.9900539 4.0131591 3.8308789 3.5834681 
Dgig_XM_028559015.1                                               2.2763338 2.2786631 2.3801995 1.8411085 1.8107676 2.0829871 1.4499821 1.8742569 1.9981059 2.8868541 1.9449183 2.5318557 2.9967706 2.5929560 2.1025393 2.1647305 2.0249287 1.9583505 2.0255041 2.1576998 2.5988787 0.0000000 0.5665792 2.7560002 3.1339787 2.5938434 2.7033450 2.9643909 4.1861484 4.2449005 4.8582662 4.5590154 
Xesp_021784-T1                                                    2.1693508 2.1419478 1.6346309 1.4074347 1.4125816 1.4344326 1.4649450 1.5640448 1.3455577 1.9043756 1.6558266 1.9613752 1.7777392 1.7768654 2.2080907 2.0624452 2.1879536 2.0772078 1.8772633 2.1361389 1.8289554 0.5665792 0.0000000 1.9629219 1.8724545 1.7754962 2.0377545 2.1747929 2.9252722 3.3056629 2.7052723 2.5824205 
Scil_scict007639.1                                                1.7585164 2.4949932 2.6129865 1.8710863 1.8418027 1.8988594 1.4468745 1.9155068 1.7906531 2.1901643 1.5110625 2.1373269 2.3765354 2.0397426 1.9767783 1.7045872 2.2898272 2.2402799 2.1000319 2.0487508 1.9844726 2.7560002 1.9629219 0.0000000 1.0123068 1.3053037 1.1887959 1.8453812 3.9668653 3.7538215 4.1551349 3.9376543 
Gracom_Gcom_scaffold5377_01                                       1.8213845 2.3879970 2.7455479 1.9242988 2.0614364 2.0405760 1.5947116 2.1419418 1.9961960 2.4176072 1.4999152 2.2859884 2.2175513 1.9827152 2.1132159 1.5107413 2.1637892 2.0901499 1.7540968 2.0840601 1.8385142 3.1339787 1.8724545 1.0123068 0.0000000 1.2117233 1.1785125 2.2959216 4.7680046 4.1402449 4.7460848 4.6090309 
Lcom_lcpid90149                                                   1.9745378 2.3234152 2.4955412 1.6949830 1.6748332 1.9503035 1.7224710 2.1027237 1.8859014 1.9356409 1.9630157 2.1824677 2.1957744 2.1649341 2.0722694 1.8197094 2.1968659 2.2762033 1.9807157 1.8142467 1.8806785 2.5938434 1.7754962 1.3053037 1.2117233 0.0000000 1.1232233 1.8896769 4.8452286 4.0365944 4.2985916 4.0126166 
Leuniv_Lniv_scaffold22769_01                                      1.8317133 2.4869635 2.9516751 1.7450510 1.8925008 2.0463748 1.6754281 2.2654367 1.7806495 2.5763712 1.6949022 2.1562849 2.6046784 1.9520035 1.9871149 1.6784011 2.0902829 2.1179814 1.9431700 2.2502630 2.0424335 2.7033450 2.0377545 1.1887959 1.1785125 1.1232233 0.0000000 1.9698162 4.7380336 4.3950541 4.2638508 4.0376080 
Clacor_Ccor_scaffold14263_01                                      2.3038499 2.5198590 2.7570152 2.2757402 1.9381633 2.2224702 1.7438374 2.2795750 2.1697969 2.6862256 2.0699137 2.1362550 2.4526967 2.0979863 2.5378712 1.9533204 2.3236675 2.4807222 2.4589634 2.4057266 2.1872215 2.9643909 2.1747929 1.8453812 2.2959216 1.8896769 1.9698162 0.0000000 5.0011746 5.2972694 4.7500953 4.6049080 
Mlei_ML1146.g15.i1                                                3.7679952 4.2825389 4.7817938 4.1015605 4.0641464 4.1715927 3.6395644 3.9151109 3.8970316 4.1747398 3.9979676 4.0650727 4.0773336 4.4413122 3.5780468 3.3206484 3.9648141 4.1632282 3.5792969 3.2226115 3.9900539 4.1861484 2.9252722 3.9668653 4.7680046 4.8452286 4.7380336 5.0011746 0.0000000 0.6455561 0.8927737 0.8508086 
Lampan_Lpan_C398267_01                                            4.0808003 4.0119730 4.9869939 3.7773315 3.9480710 3.6368403 3.7252341 3.3315613 3.5608317 3.9825937 5.0929683 4.2062419 4.0353138 3.9255254 4.2455561 4.1327986 3.7568063 4.2397456 4.0720736 3.7486472 4.0131591 4.2449005 3.3056629 3.7538215 4.1402449 4.0365944 4.3950541 5.2972694 0.6455561 0.0000000 0.6794292 0.6906789 
Pbac_sb2639606                                                    3.8853655 3.9950868 5.0215244 3.7800544 3.9852226 3.7249582 3.4605389 4.1402741 3.4410107 3.9923071 3.7442003 3.6402660 3.7862335 3.6609546 2.7192924 2.8652862 3.1098523 3.6324847 3.9111699 3.0968473 3.8308789 4.8582662 2.7052723 4.1551349 4.7460848 4.2985916 4.2638508 4.7500953 0.8927737 0.6794292 0.0000000 0.0532484 
Horcal_Hcv1.av93.c2.g949.i1                                       3.8397422 4.0245564 4.9237836 3.8178800 3.8705589 3.6819714 3.3110574 3.8553910 3.4013854 3.8529730 3.5087164 3.4614036 3.7128578 3.5459339 2.6363663 2.7875040 3.1571052 3.6662530 3.8982190 2.9219642 3.5834681 4.5590154 2.5824205 3.9376543 4.6090309 4.0126166 4.0376080 4.6049080 0.8508086 0.6906789 0.0532484 0.0000000 
