61
Hsap_ENST00000314262                                           0.0000000 1.4416758 1.4369665 1.7866279 1.6739055 1.5367418 1.5681405 1.7616135 1.5480667 1.6815817 1.5272327 1.8078176 1.7359325 1.8782010 1.8603861 1.8622329 2.0356142 2.0524967 2.2736347 2.3108743 1.2347321 1.8768853 2.1187825 1.7758040 1.3316430 1.4254782 1.4381128 1.5215211 1.4986307 1.5105869 2.3385247 2.2159603 1.7392962 2.5167462 2.4770330 3.0710821 2.4976630 3.1350716 1.9401075 1.7492013 2.5124723 2.6813684 2.1713382 2.5747595 1.8381102 2.2004881 1.9979374 2.1583227 2.4260252 2.4977822 2.0811244 1.8647450 2.2751484 2.1049680 2.0767311 2.2972448 2.1138458 2.0093701 2.0226100 2.1953870 2.5299253 
Exapal_XM_021041718.2                                          1.4416758 0.0000000 0.7891487 1.1930869 1.0597127 0.9334313 0.9535537 0.9261265 0.9647166 1.0514915 1.1376070 1.3445807 0.9836354 1.5429715 1.5741023 1.5504234 1.8233773 1.8773429 2.2621527 2.1666159 1.0889031 1.6506831 1.7585989 1.5571985 1.4791697 1.5308024 1.5103601 1.5527227 1.4736089 1.6453574 2.1372134 2.0439265 1.8825013 2.4265804 2.3838367 2.7367618 2.3620595 2.9000225 1.9449307 1.6184024 2.4732031 2.5662050 2.4722632 2.4357068 1.8225027 1.9329940 2.0619682 2.1767313 2.3044676 2.4607937 2.1044342 1.6697652 2.3409038 1.9086341 1.8985282 2.1296597 1.9380769 1.9193421 1.9426373 2.2053643 2.2996833 
Nvec_v1g178433                                                 1.4369665 0.7891487 0.0000000 1.1467690 1.0503102 0.8725513 0.8950107 0.8536163 0.9514702 0.9692745 1.1826307 1.3240508 0.9792125 1.4820362 1.5146976 1.5505271 2.0122393 1.8932890 2.1275496 2.1078720 1.3803625 1.6160227 1.7769666 1.7282480 1.4525718 1.5292169 1.4658166 1.5863244 1.4442628 1.5459971 2.0682037 1.9027823 1.8917259 2.2873894 2.2313099 2.5707819 2.2232732 2.7049559 1.8139589 1.7279130 2.3733049 2.5702175 2.3795723 2.3254431 2.0005256 2.0557342 2.2174422 2.1486136 2.4644764 2.4277332 2.1166133 1.8789466 2.1834391 1.8561929 1.8356452 2.0139565 1.9418513 1.8822705 1.9102039 2.0765739 2.4177322 
Adig_XM_015903034.1                                            1.7866279 1.1930869 1.1467690 0.0000000 0.0513709 0.5319617 0.6279544 0.6672029 0.6461435 0.6242233 1.3275599 1.5730795 1.0883719 1.6711815 1.7524895 1.6858673 1.9107369 2.2332451 2.7332463 2.4002244 1.2206888 1.6260416 1.8673357 1.5292646 1.6564185 1.6891432 1.6215784 1.8867052 1.7042869 1.9016810 2.3889837 2.0983262 2.0268605 2.5970920 2.6070332 3.0344384 2.4111418 3.0331459 1.7175620 1.4235246 2.7577449 2.6208973 2.1977323 2.7212717 2.1290666 2.2572901 2.1656711 2.3435400 2.5893922 2.8296016 2.2530249 1.5205980 2.2031233 2.1534179 2.1140111 2.3521589 2.0409862 2.0996531 2.1255465 2.1916652 2.0706423 
Amil_Amillepora03329-RA                                        1.6739055 1.0597127 1.0503102 0.0513709 0.0000000 0.4082150 0.4974891 0.4652580 0.5293749 0.5468010 1.2495385 1.4370936 1.0996286 1.5721611 1.6566860 1.5809526 1.8578112 2.0208628 2.3685081 2.2955527 1.2007415 1.5918838 1.7960444 1.6230346 1.5712330 1.5996094 1.5552554 1.7524199 1.5955637 1.7895433 2.2844322 2.1178683 1.8109156 2.4551782 2.4795351 2.7737481 2.3076912 2.8202340 1.8609652 1.6805977 2.5135002 2.5518778 2.4249021 2.5005328 2.0128084 1.9932444 2.0572440 2.2724030 2.3818615 2.6286157 2.1432133 1.6808869 2.1313739 2.0098557 1.9807160 2.1721254 1.8894109 1.9124379 1.9377071 1.9534323 2.2770658 
Gfas_gfas1.m1.5475.m1                                          1.5367418 0.9334313 0.8725513 0.5319617 0.4082150 0.0000000 0.2594032 0.2657089 0.3007178 0.3918530 1.1425955 1.3184925 1.0434549 1.3977645 1.5198625 1.4470595 1.7417456 1.8851202 2.3786593 1.9556077 1.0006520 1.5047796 1.7229900 1.5156972 1.3930735 1.5051198 1.3966499 1.5190230 1.4928072 1.6449980 2.0419332 2.0137302 1.9642759 2.3256798 2.3302022 2.9272816 2.3077476 2.6696397 1.7776906 1.4844042 2.3839979 2.5487188 1.9559869 2.4163740 1.9714822 1.9458521 1.9365166 2.0934902 2.2352812 2.2298181 1.9078167 1.6290381 2.0552606 1.8419933 1.8127570 2.0463024 1.8067864 1.8077325 1.8098160 2.1404786 2.1330103 
Fspp_ffun1.m4.7972.m1                                          1.5681405 0.9535537 0.8950107 0.6279544 0.4974891 0.2594032 0.0000000 0.2024160 0.3151538 0.3507978 1.1134004 1.2992920 0.8996749 1.5368348 1.6083680 1.5412432 1.8566486 2.0245217 2.3361438 2.0582922 1.1590132 1.6129053 1.6909700 1.5133109 1.3921513 1.4996583 1.3562221 1.5798350 1.5150337 1.5783919 2.0489774 1.9328357 1.8473472 2.3036476 2.3076724 2.8550976 2.3520582 2.8091525 1.8240258 1.5702819 2.4254500 2.5723104 2.1601304 2.3523278 1.9515639 1.9163890 1.9759266 2.0354000 2.1536571 2.2903157 1.8939080 1.5550411 2.1285497 1.8683910 1.8556923 2.0572604 1.8283707 1.8206642 1.8401072 1.9924576 2.1619493 
Gasp_gasp1.m3.20348.m1                                         1.7616135 0.9261265 0.8536163 0.6672029 0.4652580 0.2657089 0.2024160 0.0000000 0.2511103 0.3196827 1.0834253 1.3316695 0.9032807 1.5555395 1.6964688 1.6583435 2.0103202 2.1509495 2.4009175 1.9746325 1.0893979 1.8619283 1.8917845 1.7795413 1.3794071 1.4436008 1.4238176 1.5013082 1.6229662 1.6446759 1.9102556 2.2874999 1.8504336 2.8257216 2.8458891 2.9421814 2.7391525 2.7765545 2.1843856 0.0000010 2.5821784 2.7335474 0.0000010 2.3536100 2.0630074 1.9222218 2.1629273 2.2680536 2.1832625 2.2079073 2.0090387 2.5504424 3.0947717 1.8173665 1.8893552 1.9287802 1.9419308 1.9414392 1.9479775 2.5957984 2.9074221 
Spis_XP_022783734_1                                            1.5480667 0.9647166 0.9514702 0.6461435 0.5293749 0.3007178 0.3151538 0.2511103 0.0000000 0.1270909 1.0509788 1.2701915 0.9431259 1.4814584 1.5859088 1.5541232 1.8183319 2.0834831 2.2738720 2.1009615 1.1048695 1.5611072 1.6994990 1.5205845 1.3213752 1.4370190 1.4317441 1.5011907 1.4101251 1.5874940 1.8522242 1.8867322 1.8519081 2.2874149 2.3029938 2.8720791 2.3578027 2.8197336 1.8727402 1.5751567 2.5073833 2.6847498 2.2246998 2.3566778 1.9136517 2.0037188 1.9803066 2.1847730 2.2454110 2.5183795 2.0291262 1.6270438 2.0724323 1.7789299 1.7511682 2.0356886 1.8326192 1.8016670 1.8258067 2.0237807 2.2160725 
Pocdam_XM_027182178.1                                          1.6815817 1.0514915 0.9692745 0.6242233 0.5468010 0.3918530 0.3507978 0.3196827 0.1270909 0.0000000 1.1147535 1.3817174 0.9931552 1.5135420 1.6367615 1.6095383 1.9036036 2.1662405 2.4074926 2.1856024 1.0942526 1.6023754 1.7390661 1.4776533 1.4337176 1.5444799 1.4808530 1.6251409 1.5999692 1.7399390 1.8596467 1.9975924 1.8830992 2.3185429 2.3296208 2.8860866 2.3806691 2.9564578 1.8700071 1.6225586 2.4868827 2.7013208 2.2116011 2.7020589 2.0235040 2.1515867 2.0728464 2.2456270 2.3197819 2.6210081 2.0760066 1.6244842 2.1417727 1.9599764 1.9196952 2.3269224 2.0222303 2.0373502 2.0657296 1.9928558 2.1647168 
Dgig_XM_028535476.1                                            1.5272327 1.1376070 1.1826307 1.3275599 1.2495385 1.1425955 1.1134004 1.0834253 1.0509788 1.1147535 0.0000000 0.6313038 0.8107876 1.5619956 1.5989479 1.4986537 1.8440946 1.8704346 2.0878329 1.9692931 1.1205538 1.5977147 1.6272862 1.5558556 1.5039099 1.4695078 1.4272331 1.4846271 1.5056696 1.6686229 1.8927420 1.8273506 1.8604901 2.3190087 2.3028559 2.5062296 2.3480024 2.6741294 1.7821788 1.7035095 2.4025172 2.5646921 2.3132313 2.4557536 1.9649456 2.0426102 2.1735634 2.0131217 2.0719477 2.1813440 2.0995353 1.6638366 2.0455022 1.9407257 1.9443785 2.2787484 1.9988929 1.9399820 1.9615174 1.8806682 2.3586190 
Xesp_013216-T1                                                 1.8078176 1.3445807 1.3240508 1.5730795 1.4370936 1.3184925 1.2992920 1.3316695 1.2701915 1.3817174 0.6313038 0.0000000 0.8530981 1.7958838 1.8090840 1.8161880 2.2216570 2.3702070 2.4940009 2.0482528 1.2357784 1.9172704 1.8654610 1.8867219 1.6526952 1.5686741 1.6547558 1.6127242 1.7932104 1.7915184 1.8275576 2.3580428 1.9454085 2.7565501 2.7651529 2.5188272 2.4420979 2.6248381 1.9074937 1.9202503 2.4724818 2.7911484 1.0857034 2.3418362 1.9543206 2.2472646 2.6983055 2.1781267 1.9843420 2.1020850 2.1501385 3.5426555 3.0757924 2.0150119 2.1372118 2.2318497 2.2358801 2.1950269 2.2026221 2.4141438 2.9753965 
Aaur_scaffold2587.g3.t1                                        1.7359325 0.9836354 0.9792125 1.0883719 1.0996286 1.0434549 0.8996749 0.9032807 0.9431259 0.9931552 0.8107876 0.8530981 0.0000000 0.4293682 0.4026830 0.4809613 0.8889875 1.5043783 1.6054483 1.4974234 0.9818280 1.2494542 1.0396041 0.0000010 1.7396945 1.6218452 1.2298748 1.3774023 1.6213475 1.9528183 0.9695056 1.3894983 1.3771262 2.3935501 2.3905590 2.5331834 2.4121491 2.6778165 0.0000010 0.0000010 2.3910853 2.2687289 0.0000010 2.5229917 1.8869550 1.3347658 1.8725335 2.0461474 2.0101523 2.2576970 1.6665950 3.2026410 7.6220143 2.0175880 2.0175880 1.9269465 2.1100958 1.9650438 1.9650438 1.4346135 2.1450489 
Nemnom_g9827.t1                                                1.8782010 1.5429715 1.4820362 1.6711815 1.5721611 1.3977645 1.5368348 1.5555395 1.4814584 1.5135420 1.5619956 1.7958838 0.4293682 0.0000000 0.2915485 0.9138381 1.4972739 2.0317675 2.1608852 2.2856318 1.1190724 1.6523242 1.5553125 1.6016027 1.7119745 1.8659224 1.6821542 2.0378583 1.8815914 1.8838581 2.1591957 2.0718339 2.2440705 2.4052651 2.3839870 3.0401659 2.4027043 2.9054375 1.9301687 1.6395522 2.6665976 2.8636751 2.2234866 2.6786282 2.1208676 2.1331203 2.2330663 2.3179102 2.5623274 2.3799759 2.2536039 1.8875190 1.8706100 2.1819619 2.1969416 2.4655126 2.1324515 2.1408528 2.1462121 2.1265866 2.5281205 
Rhoesc_Res_003361-T1                                           1.8603861 1.5741023 1.5146976 1.7524895 1.6566860 1.5198625 1.6083680 1.6964688 1.5859088 1.6367615 1.5989479 1.8090840 0.4026830 0.2915485 0.0000000 0.8649091 1.5503187 2.0906743 2.2822003 2.3819559 1.1787971 1.6656366 1.5639240 1.7267791 1.7129132 1.7934145 1.7254109 2.0769896 1.7990047 1.9380972 2.3892050 2.2162194 2.1933679 2.4179176 2.3726994 2.8704791 2.4092645 3.0943427 1.8992698 1.6601130 2.6230144 2.8576192 2.1690759 2.4544248 2.2931210 2.1669207 2.2094963 2.3345744 2.5410705 2.5493679 2.3275481 1.7869397 1.9323989 2.2147435 2.2170871 2.3693278 2.0884865 2.1033612 2.1114249 2.1330117 2.5399394 
Sanmal_Sma_008797-T1                                           1.8622329 1.5504234 1.5505271 1.6858673 1.5809526 1.4470595 1.5412432 1.6583435 1.5541232 1.6095383 1.4986537 1.8161880 0.4809613 0.9138381 0.8649091 0.0000000 1.5249652 2.0614266 2.3812016 2.3409444 1.3022154 1.7150255 1.5840512 1.8171080 1.7226700 1.8241098 1.7967313 2.0671029 1.8611571 1.9195514 2.3962941 2.2379722 2.2996170 2.3726062 2.3482696 3.1195098 2.4013377 3.3470576 1.8792444 1.4885310 2.7542088 2.7839160 2.2003546 2.5821475 2.1570932 2.3439124 2.3548831 2.2421727 2.6004625 2.5619681 2.2649284 1.7422292 2.0716388 2.2281284 2.2085311 2.4555784 2.2014483 2.1861345 2.2049956 2.1475432 2.4464278 
Morvir_scaffold206.g17.t1                                      2.0356142 1.8233773 2.0122393 1.9107369 1.8578112 1.7417456 1.8566486 2.0103202 1.8183319 1.9036036 1.8440946 2.2216570 0.8889875 1.4972739 1.5503187 1.5249652 0.0000000 2.3092619 2.4022665 2.7294826 1.4632207 1.9934208 1.7081320 1.9009588 1.8851946 2.0578037 1.8803249 2.2269275 2.2073560 2.4126265 2.2766802 2.1051684 2.5876232 2.8539443 2.8203189 3.2787943 2.8352471 3.3750117 2.5997963 2.0101367 3.1934458 3.3754074 3.0937953 2.4605910 2.3532789 2.6410385 2.2919736 2.5094345 3.0794525 2.9702795 2.5698996 1.8241682 2.0500466 2.5530194 2.5297761 3.1206615 2.5491082 2.4844009 2.4986084 2.4458619 2.6476682 
Aque_Aqu2.1.32151_001                                          2.0524967 1.8773429 1.8932890 2.2332451 2.0208628 1.8851202 2.0245217 2.1509495 2.0834831 2.1662405 1.8704346 2.3702070 1.5043783 2.0317675 2.0906743 2.0614266 2.3092619 0.0000000 0.6993086 2.0266989 0.8181218 1.5985757 2.1487778 1.7321925 1.9831899 2.0835514 1.9767110 2.1939718 1.9532323 2.1330583 2.4633037 2.3452864 2.3029387 2.5618622 2.5363698 2.7920911 2.6092701 2.6903349 2.2104717 1.8517475 2.6027986 2.8102484 2.4188081 2.3568655 2.4178191 1.0797379 2.4699515 2.3926031 2.3109195 2.4292882 2.2864723 2.1075551 2.4497821 2.2974894 2.2878917 2.7164733 2.3935942 2.3481128 2.3770950 2.2343778 2.7111551 
Halamb_c51922_g1_i1m.31729                                     2.2736347 2.2621527 2.1275496 2.7332463 2.3685081 2.3786593 2.3361438 2.4009175 2.2738720 2.4074926 2.0878329 2.4940009 1.6054483 2.1608852 2.2822003 2.3812016 2.4022665 0.6993086 0.0000000 1.8940095 0.8763729 1.6916988 2.3774245 1.7124304 2.2359304 2.3082016 2.0555615 2.3186682 2.3725235 2.4375907 2.3070412 2.5476963 2.3897970 3.0783948 3.1018311 2.9297902 2.8489871 2.8823832 2.2130893 1.0126540 3.0721946 3.0737441 1.6542700 2.6541448 2.7743736 0.9232245 3.1693363 2.4493144 2.3307889 2.5228750 2.2914003 2.4090490 3.1452781 2.2988057 2.3782117 2.7340593 2.6361033 2.5905497 2.6077223 2.8378502 3.6974077 
Emue_Em0013g36a.t1                                             2.3108743 2.1666159 2.1078720 2.4002244 2.2955527 1.9556077 2.0582922 1.9746325 2.1009615 2.1856024 1.9692931 2.0482528 1.4974234 2.2856318 2.3819559 2.3409444 2.7294826 2.0266989 1.8940095 0.0000000 0.6807992 1.3164314 2.5678832 0.6464366 2.1913337 2.2829858 2.3198665 2.4160239 2.2516538 2.2285115 2.7015409 2.7575603 2.4840172 3.3634512 3.3278927 3.0599722 3.1672666 3.2656861 2.5825166 2.2841996 3.2830090 3.3688059 3.4437276 2.9044599 2.6485991 1.7729336 2.8577237 2.6092316 2.7855254 2.6670280 2.5073929 2.4808628 3.0663614 2.6054381 2.6279557 2.6444873 2.6576800 2.5632167 2.5685387 2.5932058 3.8335094 
Stycar_maker-SC_scaffold136753-snap-gene-0.34-mRNA-1           1.2347321 1.0889031 1.3803625 1.2206888 1.2007415 1.0006520 1.1590132 1.0893979 1.1048695 1.0942526 1.1205538 1.2357784 0.9818280 1.1190724 1.1787971 1.3022154 1.4632207 0.8181218 0.8763729 0.6807992 0.0000000 0.5304367 1.8476625 0.0000010 1.3957809 1.5142560 1.3280524 2.0395547 1.6476096 1.5591043 1.0171429 1.3548876 1.1229758 1.9640907 1.9670173 1.9580417 2.0858279 1.8784577 3.0973234 0.0000010 1.8382791 1.9311152 0.0000010 2.1342345 1.8817323 0.6824635 1.4208225 1.3901416 1.2938991 1.5504292 1.5145370 3.5667119 4.5054086 2.4112517 2.4112517 2.5102838 2.6551721 2.4567491 2.4567491 0.7594367 1.7900217 
Tetwil_g23452.t1                                               1.8768853 1.6506831 1.6160227 1.6260416 1.5918838 1.5047796 1.6129053 1.8619283 1.5611072 1.6023754 1.5977147 1.9172704 1.2494542 1.6523242 1.6656366 1.7150255 1.9934208 1.5985757 1.6916988 1.3164314 0.5304367 0.0000000 1.9366833 0.8716700 1.7308334 1.8429147 1.6883752 1.8535953 1.6555790 1.8603635 2.2081898 2.0074590 2.0962669 2.3445498 2.3196271 3.1044487 2.4125535 3.0007797 1.7547543 1.3895895 2.8486148 2.7326508 2.0883463 2.9882445 1.9966237 1.6872330 2.0096777 2.0520255 2.1990412 2.3326090 2.0330574 1.6354175 2.2307400 2.1668097 2.1652607 2.4909294 2.1467764 2.1557147 2.1940204 1.6431017 2.4185787 
Chem_TCONS_00059363                                            2.1187825 1.7585989 1.7769666 1.8673357 1.7960444 1.7229900 1.6909700 1.8917845 1.6994990 1.7390661 1.6272862 1.8654610 1.0396041 1.5553125 1.5639240 1.5840512 1.7081320 2.1487778 2.3774245 2.5678832 1.8476625 1.9366833 0.0000000 1.6463902 1.8419775 1.8763290 1.6935949 2.0048828 1.9392768 2.0666539 2.3268979 2.3275344 2.3233673 2.4337842 2.4619773 3.2200370 2.4774160 3.5154308 1.8534361 1.5423698 2.9132487 2.9112115 2.2494607 2.6795185 2.2390459 2.1134212 2.3886723 2.2789199 2.8814180 2.7434843 2.2891295 1.6367108 1.3322873 2.2345950 2.2098943 2.5253859 2.2004266 2.1724530 2.1771267 2.2084529 2.6021094 
Spolac_c100426_g2_i1_m.22402c100426-g1                         1.7758040 1.5571985 1.7282480 1.5292646 1.6230346 1.5156972 1.5133109 1.7795413 1.5205845 1.4776533 1.5558556 1.8867219 0.0000010 1.6016027 1.7267791 1.8171080 1.9009588 1.7321925 1.7124304 0.6464366 0.0000010 0.8716700 1.6463902 0.0000000 1.6725719 1.6735560 1.6721809 1.8130408 1.6296066 1.7991416 2.6347014 2.1070086 1.8930308 2.2043067 2.1860679 2.0161123 2.1999224 2.5709364 2.0010184 1.6270517 2.3561640 2.6470880 2.7359012 0.0000010 1.7513761 1.0005633 1.9741007 2.0025119 2.7510789 2.7326667 2.0164799 1.4815002 1.8086786 1.9815873 1.8614311 2.2797962 1.9175735 1.8549166 1.8986083 1.6299722 2.3942227 
Bralan_BLAG03001321_1                                          1.3316430 1.4791697 1.4525718 1.6564185 1.5712330 1.3930735 1.3921513 1.3794071 1.3213752 1.4337176 1.5039099 1.6526952 1.7396945 1.7119745 1.7129132 1.7226700 1.8851946 1.9831899 2.2359304 2.1913337 1.3957809 1.7308334 1.8419775 1.6725719 0.0000000 1.1668851 1.2415211 1.4169012 1.2102176 1.3698569 2.2561716 2.0333663 1.7523281 2.3959551 2.3753473 2.7366850 2.3963146 2.6566015 2.0283651 1.8309500 2.6398147 2.6256119 2.5314631 2.3818548 1.6215940 1.9979671 1.9701326 2.0715746 2.2712678 2.5252824 1.9450761 1.8544265 2.0003806 1.9351688 1.8709632 2.3996459 1.9837990 1.8786599 1.8952887 2.1211998 2.3003750 
Skow_XM_002742384.2                                            1.4254782 1.5308024 1.5292169 1.6891432 1.5996094 1.5051198 1.4996583 1.4436008 1.4370190 1.5444799 1.4695078 1.5686741 1.6218452 1.8659224 1.7934145 1.8241098 2.0578037 2.0835514 2.3082016 2.2829858 1.5142560 1.8429147 1.8763290 1.6735560 1.1668851 0.0000000 1.0796836 1.2137533 1.2210495 1.4103479 2.4114147 2.3334920 1.7676486 2.3947908 2.3353681 2.8969408 2.5085624 2.8521605 2.0684463 1.7635929 2.7834143 2.8915668 2.4880203 2.3084089 1.6387983 1.9178313 1.8866058 2.1628659 2.2425396 2.6486069 2.1353396 1.8319713 2.1121608 1.9501716 1.9593898 2.1556382 1.9466396 1.8663209 1.8872330 2.0710093 2.5438666 
Cgig_XM_034473943.1                                            1.4381128 1.5103601 1.4658166 1.6215784 1.5552554 1.3966499 1.3562221 1.4238176 1.4317441 1.4808530 1.4272331 1.6547558 1.2298748 1.6821542 1.7254109 1.7967313 1.8803249 1.9767110 2.0555615 2.3198665 1.3280524 1.6883752 1.6935949 1.6721809 1.2415211 1.0796836 0.0000000 1.0781427 1.2847928 1.2395189 2.4002977 2.0296265 1.5164720 2.4261605 2.4023290 2.9667601 2.2967398 2.7750459 1.9312284 1.6325052 2.6023042 2.6761462 2.3059589 2.4462221 1.6910905 2.2143791 1.7905887 2.0556536 2.3882129 2.3057932 2.1008305 1.6744473 2.0494336 2.0286217 2.0396363 2.0966648 2.0325414 1.9728784 1.9859860 2.0754355 2.2409627 
Acagra_model.g1857.t1                                          1.5215211 1.5527227 1.5863244 1.8867052 1.7524199 1.5190230 1.5798350 1.5013082 1.5011907 1.6251409 1.4846271 1.6127242 1.3774023 2.0378583 2.0769896 2.0671029 2.2269275 2.1939718 2.3186682 2.4160239 2.0395547 1.8535953 2.0048828 1.8130408 1.4169012 1.2137533 1.0781427 0.0000000 1.3561615 1.4230699 2.1780509 2.2118927 1.7789683 2.5863941 2.5685637 3.1506347 2.5437396 3.0702998 2.1174058 1.9961826 2.6259465 2.7205281 2.5049518 2.3867539 1.7560905 2.3069041 2.0022481 2.3548324 2.2020848 2.4321072 2.0753392 2.1096081 2.2724071 2.0610683 2.0885837 2.3414560 2.2178259 2.1775023 2.1949176 2.1717300 2.4746742 
Spur_XM_030985290.1                                            1.4986307 1.4736089 1.4442628 1.7042869 1.5955637 1.4928072 1.5150337 1.6229662 1.4101251 1.5999692 1.5056696 1.7932104 1.6213475 1.8815914 1.7990047 1.8611571 2.2073560 1.9532323 2.3725235 2.2516538 1.6476096 1.6555790 1.9392768 1.6296066 1.2102176 1.2210495 1.2847928 1.3561615 0.0000000 1.3617121 1.9965594 2.0097634 1.6852078 2.3727343 2.3447732 2.7030604 2.3261817 2.9326699 1.9010087 1.8406755 2.4785876 2.8068529 2.6410687 2.3349675 1.7648566 2.1672689 2.1194088 2.1334244 2.3918553 2.5671793 2.1046053 1.7574119 2.1700447 1.8536343 1.8526145 2.1660114 1.8285515 1.8388400 1.8512960 2.1940887 2.2445352 
Ctel_gnl_WGS_AMQN_CAPTEDRAFT_mRNA227046                        1.5105869 1.6453574 1.5459971 1.9016810 1.7895433 1.6449980 1.5783919 1.6446759 1.5874940 1.7399390 1.6686229 1.7915184 1.9528183 1.8838581 1.9380972 1.9195514 2.4126265 2.1330583 2.4375907 2.2285115 1.5591043 1.8603635 2.0666539 1.7991416 1.3698569 1.4103479 1.2395189 1.4230699 1.3617121 0.0000000 2.4775437 2.2806658 1.6771174 2.5096092 2.4845285 3.2665543 2.6654661 3.3406785 2.0140448 1.8065865 2.9359561 3.0021446 2.5259600 2.8844935 2.0453848 2.2268798 2.0983088 2.3946778 2.5916605 2.5948202 2.1735757 1.8730436 2.3932380 2.0566617 2.0755810 2.3715179 2.1200956 2.0859112 2.1060835 2.3870588 2.5436349 
Ocar_g7725                                                     2.3385247 2.1372134 2.0682037 2.3889837 2.2844322 2.0419332 2.0489774 1.9102556 1.8522242 1.8596467 1.8927420 1.8275576 0.9695056 2.1591957 2.3892050 2.3962941 2.2766802 2.4633037 2.3070412 2.7015409 1.0171429 2.2081898 2.3268979 2.6347014 2.2561716 2.4114147 2.4002977 2.1780509 1.9965594 2.4775437 0.0000000 0.0066364 2.4097021 2.7872461 2.8346862 2.6387033 2.9619727 2.9417346 2.6203802 2.2855995 2.4961447 3.1085896 2.7096291 2.5421091 2.5812767 2.4770310 2.1436787 2.7687656 2.5754894 2.4965823 2.8472050 2.8414521 2.3506765 2.4898715 2.6805267 2.5673433 2.8252140 2.9946947 3.0343003 2.7769791 2.5568370 
Opea_EP00118_Oscarella_pearsei_P006666                         2.2159603 2.0439265 1.9027823 2.0983262 2.1178683 2.0137302 1.9328357 2.2874999 1.8867322 1.9975924 1.8273506 2.3580428 1.3894983 2.0718339 2.2162194 2.2379722 2.1051684 2.3452864 2.5476963 2.7575603 1.3548876 2.0074590 2.3275344 2.1070086 2.0333663 2.3334920 2.0296265 2.2118927 2.0097634 2.2806658 0.0066364 0.0000000 2.4213080 2.7411524 2.7309411 3.2966014 2.8656769 3.6022153 2.3893764 1.9227106 2.8447650 3.2944652 2.5045279 2.6652169 2.3296888 2.9193892 2.2716589 2.5277175 2.9630034 2.8904528 2.4794716 1.9530580 2.3330889 2.4975394 2.4968777 2.8438720 2.5038336 2.5661366 2.5874616 2.1763524 2.1672346 
Dpul_mRNA28585                                                 1.7392962 1.8825013 1.8917259 2.0268605 1.8109156 1.9642759 1.8473472 1.8504336 1.8519081 1.8830992 1.8604901 1.9454085 1.3771262 2.2440705 2.1933679 2.2996170 2.5876232 2.3029387 2.3897970 2.4840172 1.1229758 2.0962669 2.3233673 1.8930308 1.7523281 1.7676486 1.5164720 1.7789683 1.6852078 1.6771174 2.4097021 2.4213080 0.0000000 2.3755687 2.4031678 2.3452344 2.3531051 2.5075770 2.1564583 2.0729823 2.5931886 2.6559313 2.7288771 2.3657097 1.5849760 2.2175707 2.0188127 2.5702542 2.6490151 2.7631174 2.4514786 2.3730490 2.9360222 2.5372000 2.5410239 2.7469887 2.6052325 2.5696154 2.5870012 2.6926093 2.7766991 
Pbac_sb2657582                                                 2.5167462 2.4265804 2.2873894 2.5970920 2.4551782 2.3256798 2.3036476 2.8257216 2.2874149 2.3185429 2.3190087 2.7565501 2.3935501 2.4052651 2.4179176 2.3726062 2.8539443 2.5618622 3.0783948 3.3634512 1.9640907 2.3445498 2.4337842 2.2043067 2.3959551 2.3947908 2.4261605 2.5863941 2.3727343 2.5096092 2.7872461 2.7411524 2.3755687 0.0000000 0.0396110 0.6820423 0.8561697 0.8485680 0.8387608 0.7969143 1.0740646 1.1723255 1.2498991 1.0735276 2.5925099 3.0577897 2.7603779 2.8755615 3.2488031 3.4859880 2.6633131 2.1312732 2.7858660 2.7590725 2.7079607 3.6703496 2.8572265 2.8263273 2.8588382 2.4668314 2.6479439 
Horcal_Hcv1.av93.c1.g1441.i1                                   2.4770330 2.3838367 2.2313099 2.6070332 2.4795351 2.3302022 2.3076724 2.8458891 2.3029938 2.3296208 2.3028559 2.7651529 2.3905590 2.3839870 2.3726994 2.3482696 2.8203189 2.5363698 3.1018311 3.3278927 1.9670173 2.3196271 2.4619773 2.1860679 2.3753473 2.3353681 2.4023290 2.5685637 2.3447732 2.4845285 2.8346862 2.7309411 2.4031678 0.0396110 0.0000000 0.6924322 0.8406335 0.8441603 0.8690442 0.8308395 1.0796865 1.1681747 1.2612782 1.0747074 2.6566175 3.0143144 2.7562009 2.8265700 3.3071543 3.5286605 2.6164299 2.1305587 2.7936945 2.7321359 2.6736364 3.6078536 2.8375763 2.8275535 2.8427154 2.4428893 2.6535786 
Bolinf_Binf_sb1236658                                          3.0710821 2.7367618 2.5707819 3.0344384 2.7737481 2.9272816 2.8550976 2.9421814 2.8720791 2.8860866 2.5062296 2.5188272 2.5331834 3.0401659 2.8704791 3.1195098 3.2787943 2.7920911 2.9297902 3.0599722 1.9580417 3.1044487 3.2200370 2.0161123 2.7366850 2.8969408 2.9667601 3.1506347 2.7030604 3.2665543 2.6387033 3.2966014 2.3452344 0.6820423 0.6924322 0.0000000 0.4624756 0.5116358 0.3291236 0.0000010 0.8469834 0.8019106 0.0000010 0.8895738 3.1262077 2.7424357 3.5367289 3.3070567 3.1647646 3.2631710 3.2560346 3.5454126 3.6118581 3.1803619 3.1802246 3.2051297 3.1817005 3.3931029 3.4027855 3.5807328 3.6967811 
Drygla_Dgla_sb305043                                           2.4976630 2.3620595 2.2232732 2.4111418 2.3076912 2.3077476 2.3520582 2.7391525 2.3578027 2.3806691 2.3480024 2.4420979 2.4121491 2.4027043 2.4092645 2.4013377 2.8352471 2.6092701 2.8489871 3.1672666 2.0858279 2.4125535 2.4774160 2.1999224 2.3963146 2.5085624 2.2967398 2.5437396 2.3261817 2.6654661 2.9619727 2.8656769 2.3531051 0.8561697 0.8406335 0.4624756 0.0000000 0.7226526 0.7343097 1.0009526 1.0716071 0.9952802 1.2934443 0.9821294 2.6374622 2.9107639 2.9904381 2.7962992 3.3290242 3.2207055 2.8829776 2.2325269 2.8362365 2.9404240 2.9231382 3.7304529 2.9366423 2.9063100 2.8785259 2.6713199 2.9261410 
Mertsp_Mesp_sb569628                                           3.1350716 2.9000225 2.7049559 3.0331459 2.8202340 2.6696397 2.8091525 2.7765545 2.8197336 2.9564578 2.6741294 2.6248381 2.6778165 2.9054375 3.0943427 3.3470576 3.3750117 2.6903349 2.8823832 3.2656861 1.8784577 3.0007797 3.5154308 2.5709364 2.6566015 2.8521605 2.7750459 3.0702998 2.9326699 3.3406785 2.9417346 3.6022153 2.5075770 0.8485680 0.8441603 0.5116358 0.7226526 0.0000000 0.9139015 1.7427925 1.0503020 1.0048592 2.0114900 1.0411655 3.1852759 2.7206579 3.1941463 3.6031992 3.3052045 3.7510186 3.5924624 3.2773254 3.6876708 3.2720357 3.2818290 3.3173213 3.2536987 3.5528456 3.5376860 3.6361355 4.1460759 
Beraby_Baby_sb339166                                           1.9401075 1.9449307 1.8139589 1.7175620 1.8609652 1.7776906 1.8240258 2.1843856 1.8727402 1.8700071 1.7821788 1.9074937 0.0000010 1.9301687 1.8992698 1.8792444 2.5997963 2.2104717 2.2130893 2.5825166 3.0973234 1.7547543 1.8534361 2.0010184 2.0283651 2.0684463 1.9312284 2.1174058 1.9010087 2.0140448 2.6203802 2.3893764 2.1564583 0.8387608 0.8690442 0.3291236 0.7343097 0.9139015 0.0000000 0.7113583 1.1176941 1.0789856 1.0688622 0.6943372 1.9399885 1.9303479 2.3661807 2.5787882 2.8756124 2.9552906 2.3481815 1.9641115 2.3271736 2.4852121 2.4065587 3.1486410 2.2772142 2.3551193 2.3918736 1.9444603 2.6716875 
Lampan_Lpan_59_01                                              1.7492013 1.6184024 1.7279130 1.4235246 1.6805977 1.4844042 1.5702819 0.0000010 1.5751567 1.6225586 1.7035095 1.9202503 0.0000010 1.6395522 1.6601130 1.4885310 2.0101367 1.8517475 1.0126540 2.2841996 0.0000010 1.3895895 1.5423698 1.6270517 1.8309500 1.7635929 1.6325052 1.9961826 1.8406755 1.8065865 2.2855995 1.9227106 2.0729823 0.7969143 0.8308395 0.0000010 1.0009526 1.7427925 0.7113583 0.0000000 1.0236945 0.9599400 0.9923937 0.0000010 2.0410362 1.3488835 1.9266712 2.0943569 0.0000010 2.7796689 1.8045824 1.6783474 1.7100808 2.2533239 2.0856314 7.9693152 2.0264764 2.0955152 2.0709371 1.8054215 2.0924997 
Vmul_sbMO426705                                                2.5124723 2.4732031 2.3733049 2.7577449 2.5135002 2.3839979 2.4254500 2.5821784 2.5073833 2.4868827 2.4025172 2.4724818 2.3910853 2.6665976 2.6230144 2.7542088 3.1934458 2.6027986 3.0721946 3.2830090 1.8382791 2.8486148 2.9132487 2.3561640 2.6398147 2.7834143 2.6023042 2.6259465 2.4785876 2.9359561 2.4961447 2.8447650 2.5931886 1.0740646 1.0796865 0.8469834 1.0716071 1.0503020 1.1176941 1.0236945 0.0000000 0.8183671 1.0042894 0.9992424 2.9360147 2.9842585 2.9007310 3.1325574 3.3477731 3.2334540 3.0520238 2.9801131 3.3005118 2.9062058 2.8524258 3.3400282 2.8699231 2.8884617 2.8552848 3.1174057 3.1304044 
Coeast_Cast_sb799645                                           2.6813684 2.5662050 2.5702175 2.6208973 2.5518778 2.5487188 2.5723104 2.7335474 2.6847498 2.7013208 2.5646921 2.7911484 2.2687289 2.8636751 2.8576192 2.7839160 3.3754074 2.8102484 3.0737441 3.3688059 1.9311152 2.7326508 2.9112115 2.6470880 2.6256119 2.8915668 2.6761462 2.7205281 2.8068529 3.0021446 3.1085896 3.2944652 2.6559313 1.1723255 1.1681747 0.8019106 0.9952802 1.0048592 1.0789856 0.9599400 0.8183671 0.0000000 0.0928714 0.9245799 2.8441213 2.6542365 2.9970868 3.1128740 3.5024453 3.6022438 3.2442078 3.8174199 3.1198607 3.0152095 2.9941467 3.4173749 3.0059164 3.0002288 3.0282111 3.2891019 3.9274779 
Coemet_Cmet_scaffold19989_01                                   2.1713382 2.4722632 2.3795723 2.1977323 2.4249021 1.9559869 2.1601304 0.0000010 2.2246998 2.2116011 2.3132313 1.0857034 0.0000010 2.2234866 2.1690759 2.2003546 3.0937953 2.4188081 1.6542700 3.4437276 0.0000010 2.0883463 2.2494607 2.7359012 2.5314631 2.4880203 2.3059589 2.5049518 2.6410687 2.5259600 2.7096291 2.5045279 2.7288771 1.2498991 1.2612782 0.0000010 1.2934443 2.0114900 1.0688622 0.9923937 1.0042894 0.0928714 0.0000000 0.0000010 2.3912444 2.3727151 2.2400302 2.5450404 3.8430365 3.0231928 2.9244172 3.7730139 2.3039630 2.6575607 2.5602889 4.8566626 2.4277015 2.3582451 2.4029871 2.1632617 3.8609037 
Eupdun_Edun_sb10639154                                         2.5747595 2.4357068 2.3254431 2.7212717 2.5005328 2.4163740 2.3523278 2.3536100 2.3566778 2.7020589 2.4557536 2.3418362 2.5229917 2.6786282 2.4544248 2.5821475 2.4605910 2.3568655 2.6541448 2.9044599 2.1342345 2.9882445 2.6795185 0.0000010 2.3818548 2.3084089 2.4462221 2.3867539 2.3349675 2.8844935 2.5421091 2.6652169 2.3657097 1.0735276 1.0747074 0.8895738 0.9821294 1.0411655 0.6943372 0.0000010 0.9992424 0.9245799 0.0000010 0.0000000 2.8495645 2.4035719 3.0718762 3.1370356 3.0891353 3.6183151 3.2118410 4.7911016 2.9897184 2.5877873 2.5941894 2.9005239 2.8972104 2.7837826 2.7990020 3.2174895 2.1394958 
Tcas_TC012735_001                                              1.8381102 1.8225027 2.0005256 2.1290666 2.0128084 1.9714822 1.9515639 2.0630074 1.9136517 2.0235040 1.9649456 1.9543206 1.8869550 2.1208676 2.2931210 2.1570932 2.3532789 2.4178191 2.7743736 2.6485991 1.8817323 1.9966237 2.2390459 1.7513761 1.6215940 1.6387983 1.6910905 1.7560905 1.7648566 2.0453848 2.5812767 2.3296888 1.5849760 2.5925099 2.6566175 3.1262077 2.6374622 3.1852759 1.9399885 2.0410362 2.9360147 2.8441213 2.3912444 2.8495645 0.0000000 2.4041269 2.1366462 2.4971431 2.7141728 2.8493560 2.3311692 2.2594395 2.3924640 2.4927617 2.4658463 2.8304822 2.4899495 2.4801974 2.5184515 2.6136025 2.4628555 
Xestes_snap_masked-XT_scaffold120325-processed-gene-0.2-mRNA-1 2.2004881 1.9329940 2.0557342 2.2572901 1.9932444 1.9458521 1.9163890 1.9222218 2.0037188 2.1515867 2.0426102 2.2472646 1.3347658 2.1331203 2.1669207 2.3439124 2.6410385 1.0797379 0.9232245 1.7729336 0.6824635 1.6872330 2.1134212 1.0005633 1.9979671 1.9178313 2.2143791 2.3069041 2.1672689 2.2268798 2.4770310 2.9193892 2.2175707 3.0577897 3.0143144 2.7424357 2.9107639 2.7206579 1.9303479 1.3488835 2.9842585 2.6542365 2.3727151 2.4035719 2.4041269 0.0000000 2.7719843 2.4325834 2.3036720 2.2310710 2.2533292 2.2665897 3.1397318 2.0264985 2.0907780 2.0880420 2.0435602 2.1414042 2.1575184 2.6610575 3.0933482 
Cscu_XM_023376869.1                                            1.9979374 2.0619682 2.2174422 2.1656711 2.0572440 1.9365166 1.9759266 2.1629273 1.9803066 2.0728464 2.1735634 2.6983055 1.8725335 2.2330663 2.2094963 2.3548831 2.2919736 2.4699515 3.1693363 2.8577237 1.4208225 2.0096777 2.3886723 1.9741007 1.9701326 1.8866058 1.7905887 2.0022481 2.1194088 2.0983088 2.1436787 2.2716589 2.0188127 2.7603779 2.7562009 3.5367289 2.9904381 3.1941463 2.3661807 1.9266712 2.9007310 2.9970868 2.2400302 3.0718762 2.1366462 2.7719843 0.0000000 2.7609304 3.6847420 3.6502249 2.9743877 2.3495740 2.6292173 2.7104546 2.6526905 2.9678312 2.5929214 2.5286838 2.5223369 2.5431351 2.7111498 
Scil_scict015244.1                                             2.1583227 2.1767313 2.1486136 2.3435400 2.2724030 2.0934902 2.0354000 2.2680536 2.1847730 2.2456270 2.0131217 2.1781267 2.0461474 2.3179102 2.3345744 2.2421727 2.5094345 2.3926031 2.4493144 2.6092316 1.3901416 2.0520255 2.2789199 2.0025119 2.0715746 2.1628659 2.0556536 2.3548324 2.1334244 2.3946778 2.7687656 2.5277175 2.5702542 2.8755615 2.8265700 3.3070567 2.7962992 3.6031992 2.5787882 2.0943569 3.1325574 3.1128740 2.5450404 3.1370356 2.4971431 2.4325834 2.7609304 0.0000000 0.8679274 0.7639295 0.9419218 1.4866636 2.8611935 2.6549334 2.6074649 3.1767578 2.7551637 2.6354638 2.6444654 2.4124248 2.5440376 
Gracom_Gcom_scaffold13467_01                                   2.4260252 2.3044676 2.4644764 2.5893922 2.3818615 2.2352812 2.1536571 2.1832625 2.2454110 2.3197819 2.0719477 1.9843420 2.0101523 2.5623274 2.5410705 2.6004625 3.0794525 2.3109195 2.3307889 2.7855254 1.2938991 2.1990412 2.8814180 2.7510789 2.2712678 2.2425396 2.3882129 2.2020848 2.3918553 2.5916605 2.5754894 2.9630034 2.6490151 3.2488031 3.3071543 3.1647646 3.3290242 3.3052045 2.8756124 0.0000010 3.3477731 3.5024453 3.8430365 3.0891353 2.7141728 2.3036720 3.6847420 0.8679274 0.0000000 0.7330828 1.0223371 2.2976529 3.9494955 2.8507299 2.8411396 3.1669510 3.1067845 3.0659395 3.0992937 2.6258492 3.2271322 
Leuniv_Lniv_C809596_01                                         2.4977822 2.4607937 2.4277332 2.8296016 2.6286157 2.2298181 2.2903157 2.2079073 2.5183795 2.6210081 2.1813440 2.1020850 2.2576970 2.3799759 2.5493679 2.5619681 2.9702795 2.4292882 2.5228750 2.6670280 1.5504292 2.3326090 2.7434843 2.7326667 2.5252824 2.6486069 2.3057932 2.4321072 2.5671793 2.5948202 2.4965823 2.8904528 2.7631174 3.4859880 3.5286605 3.2631710 3.2207055 3.7510186 2.9552906 2.7796689 3.2334540 3.6022438 3.0231928 3.6183151 2.8493560 2.2310710 3.6502249 0.7639295 0.7330828 0.0000000 0.9599248 1.5560335 3.8423120 2.7663595 2.8415301 3.3224460 3.2374875 3.1571518 3.1505476 2.5807212 3.6496898 
Lcom_lcpid94525                                                2.0811244 2.1044342 2.1166133 2.2530249 2.1432133 1.9078167 1.8939080 2.0090387 2.0291262 2.0760066 2.0995353 2.1501385 1.6665950 2.2536039 2.3275481 2.2649284 2.5698996 2.2864723 2.2914003 2.5073929 1.5145370 2.0330574 2.2891295 2.0164799 1.9450761 2.1353396 2.1008305 2.0753392 2.1046053 2.1735757 2.8472050 2.4794716 2.4514786 2.6633131 2.6164299 3.2560346 2.8829776 3.5924624 2.3481815 1.8045824 3.0520238 3.2442078 2.9244172 3.2118410 2.3311692 2.2533292 2.9743877 0.9419218 1.0223371 0.9599248 0.0000000 1.2476962 2.7439195 2.5633819 2.4542979 3.3435676 2.7000805 2.6340314 2.6398109 2.1859622 2.6193390 
Clacor_Ccor_scaffold4864_01                                    1.8647450 1.6697652 1.8789466 1.5205980 1.6808869 1.6290381 1.5550411 2.5504424 1.6270438 1.6244842 1.6638366 3.5426555 3.2026410 1.8875190 1.7869397 1.7422292 1.8241682 2.1075551 2.4090490 2.4808628 3.5667119 1.6354175 1.6367108 1.4815002 1.8544265 1.8319713 1.6744473 2.1096081 1.7574119 1.8730436 2.8414521 1.9530580 2.3730490 2.1312732 2.1305587 3.5454126 2.2325269 3.2773254 1.9641115 1.6783474 2.9801131 3.8174199 3.7730139 4.7911016 2.2594395 2.2665897 2.3495740 1.4866636 2.2976529 1.5560335 1.2476962 0.0000000 1.6191674 2.2240858 2.1724454 3.2808156 2.3132827 2.1573047 2.2281846 1.4098850 2.0569761 
Hvul_g10722_1                                                  2.2751484 2.3409038 2.1834391 2.2031233 2.1313739 2.0552606 2.1285497 3.0947717 2.0724323 2.1417727 2.0455022 3.0757924 7.6220143 1.8706100 1.9323989 2.0716388 2.0500466 2.4497821 3.1452781 3.0663614 4.5054086 2.2307400 1.3322873 1.8086786 2.0003806 2.1121608 2.0494336 2.2724071 2.1700447 2.3932380 2.3506765 2.3330889 2.9360222 2.7858660 2.7936945 3.6118581 2.8362365 3.6876708 2.3271736 1.7100808 3.3005118 3.1198607 2.3039630 2.9897184 2.3924640 3.1397318 2.6292173 2.8611935 3.9494955 3.8423120 2.7439195 1.6191674 0.0000000 2.4721213 2.4259531 3.1364663 2.3619268 2.4313144 2.4331856 2.4723363 2.6289477 
Tadh_TriadT58621                                               2.1049680 1.9086341 1.8561929 2.1534179 2.0098557 1.8419933 1.8683910 1.8173665 1.7789299 1.9599764 1.9407257 2.0150119 2.0175880 2.1819619 2.2147435 2.2281284 2.5530194 2.2974894 2.2988057 2.6054381 2.4112517 2.1668097 2.2345950 1.9815873 1.9351688 1.9501716 2.0286217 2.0610683 1.8536343 2.0566617 2.4898715 2.4975394 2.5372000 2.7590725 2.7321359 3.1803619 2.9404240 3.2720357 2.4852121 2.2533239 2.9062058 3.0152095 2.6575607 2.5877873 2.4927617 2.0264985 2.7104546 2.6549334 2.8507299 2.7663595 2.5633819 2.2240858 2.4721213 0.0000000 0.0026067 0.4599216 0.3627599 0.3545221 0.3584776 2.6465474 3.5724765 
TrH2_TrispH2_007081-RA                                         2.0767311 1.8985282 1.8356452 2.1140111 1.9807160 1.8127570 1.8556923 1.8893552 1.7511682 1.9196952 1.9443785 2.1372118 2.0175880 2.1969416 2.2170871 2.2085311 2.5297761 2.2878917 2.3782117 2.6279557 2.4112517 2.1652607 2.2098943 1.8614311 1.8709632 1.9593898 2.0396363 2.0885837 1.8526145 2.0755810 2.6805267 2.4968777 2.5410239 2.7079607 2.6736364 3.1802246 2.9231382 3.2818290 2.4065587 2.0856314 2.8524258 2.9941467 2.5602889 2.5941894 2.4658463 2.0907780 2.6526905 2.6074649 2.8411396 2.8415301 2.4542979 2.1724454 2.4259531 0.0026067 0.0000000 0.4696667 0.3624325 0.3584609 0.3622288 2.6146245 3.2710893 
HoiH06_mRNA12522                                               2.2972448 2.1296597 2.0139565 2.3521589 2.1721254 2.0463024 2.0572604 1.9287802 2.0356886 2.3269224 2.2787484 2.2318497 1.9269465 2.4655126 2.3693278 2.4555784 3.1206615 2.7164733 2.7340593 2.6444873 2.5102838 2.4909294 2.5253859 2.2797962 2.3996459 2.1556382 2.0966648 2.3414560 2.1660114 2.3715179 2.5673433 2.8438720 2.7469887 3.6703496 3.6078536 3.2051297 3.7304529 3.3173213 3.1486410 7.9693152 3.3400282 3.4173749 4.8566626 2.9005239 2.8304822 2.0880420 2.9678312 3.1767578 3.1669510 3.3224460 3.3435676 3.2808156 3.1364663 0.4599216 0.4696667 0.0000000 0.1395981 0.2706882 0.2789670 3.1070284 4.5126336 
HoiH23_PlH23_003700-RA                                         2.1138458 1.9380769 1.9418513 2.0409862 1.8894109 1.8067864 1.8283707 1.9419308 1.8326192 2.0222303 1.9988929 2.2358801 2.1100958 2.1324515 2.0884865 2.2014483 2.5491082 2.3935942 2.6361033 2.6576800 2.6551721 2.1467764 2.2004266 1.9175735 1.9837990 1.9466396 2.0325414 2.2178259 1.8285515 2.1200956 2.8252140 2.5038336 2.6052325 2.8572265 2.8375763 3.1817005 2.9366423 3.2536987 2.2772142 2.0264764 2.8699231 3.0059164 2.4277015 2.8972104 2.4899495 2.0435602 2.5929214 2.7551637 3.1067845 3.2374875 2.7000805 2.3132827 2.3619268 0.3627599 0.3624325 0.1395981 0.0000000 0.1483066 0.1557419 2.5441213 3.2397639 
Hhon_g04398.t1                                                 2.0093701 1.9193421 1.8822705 2.0996531 1.9124379 1.8077325 1.8206642 1.9414392 1.8016670 2.0373502 1.9399820 2.1950269 1.9650438 2.1408528 2.1033612 2.1861345 2.4844009 2.3481128 2.5905497 2.5632167 2.4567491 2.1557147 2.1724530 1.8549166 1.8786599 1.8663209 1.9728784 2.1775023 1.8388400 2.0859112 2.9946947 2.5661366 2.5696154 2.8263273 2.8275535 3.3931029 2.9063100 3.5528456 2.3551193 2.0955152 2.8884617 3.0002288 2.3582451 2.7837826 2.4801974 2.1414042 2.5286838 2.6354638 3.0659395 3.1571518 2.6340314 2.1573047 2.4313144 0.3545221 0.3584609 0.2706882 0.1483066 0.0000000 0.0062236 2.4853218 3.1487932 
HoiH04_mRNA4481                                                2.0226100 1.9426373 1.9102039 2.1255465 1.9377071 1.8098160 1.8401072 1.9479775 1.8258067 2.0657296 1.9615174 2.2026221 1.9650438 2.1462121 2.1114249 2.2049956 2.4986084 2.3770950 2.6077223 2.5685387 2.4567491 2.1940204 2.1771267 1.8986083 1.8952887 1.8872330 1.9859860 2.1949176 1.8512960 2.1060835 3.0343003 2.5874616 2.5870012 2.8588382 2.8427154 3.4027855 2.8785259 3.5376860 2.3918736 2.0709371 2.8552848 3.0282111 2.4029871 2.7990020 2.5184515 2.1575184 2.5223369 2.6444654 3.0992937 3.1505476 2.6398109 2.2281846 2.4331856 0.3584776 0.3622288 0.2789670 0.1557419 0.0062236 0.0000000 2.5087093 3.2043923 
