50
Hsap_ENST00000451261                                    0.0000000 0.9506041 1.3181689 1.1795032 1.2802488 1.2962970 1.2663032 1.1542906 1.2070421 1.3141112 1.2008057 1.4084671 1.5912979 1.0736801 1.3483541 1.3065289 1.3383746 1.4506304 1.5718315 1.8502387 1.7825270 1.6311976 1.4227953 1.6422031 1.4067679 1.7262678 1.3245272 1.5053820 1.5286384 1.5031753 1.5070262 1.4380074 1.6230137 1.7691609 1.6719542 1.4349080 1.4707968 1.4734429 1.7736720 2.1374785 2.8287641 2.1202121 2.0727899 2.1143807 1.7536925 1.2584180 2.1505809 2.0191918 3.4468138 3.2763561 
Bralan_BLAG04000718_1                                   0.9506041 0.0000000 0.7736026 0.7006167 0.8424019 0.8005284 0.9935346 0.9097174 0.9656104 0.9473438 0.8976311 1.1092420 1.4223363 0.8486479 1.0437277 1.0332462 0.9994107 1.2569869 1.2804956 1.4552132 1.4593882 1.4533230 1.1545672 1.3868511 1.2854768 1.4757097 1.1508958 1.2338003 1.2831394 1.2880137 1.3639925 0.9903763 1.2398690 1.4048993 1.3928052 1.1970109 1.1196052 1.1305734 1.3545838 2.4410135 2.5669965 1.9873300 1.8946639 1.7403139 1.6557375 0.6932611 2.2925358 1.6685229 2.8031369 2.9780620 
Ctel_gnl_WGS_AMQN_CAPTEDRAFT_mRNA156303                 1.3181689 0.7736026 0.0000000 0.7563263 0.9615052 0.8857097 1.3327007 1.2534301 1.2759309 1.4045294 1.2142650 1.4746048 1.6325278 1.0607339 1.2024906 1.2069191 1.3777909 1.4150779 1.4143139 1.6506828 1.7283688 1.6113713 1.4627259 1.6432128 1.3074406 1.5606443 1.3508619 1.4633430 1.4830965 1.4690385 1.5563477 1.0568512 1.4251756 1.5343070 1.4772567 1.1530812 1.3702352 1.5067121 1.6493648 2.3136203 2.5440037 2.1611393 2.0280109 1.9184791 1.9461046 0.9356936 2.5207296 1.6730684 2.8879579 3.0134177 
Acagra_model.g6476.t1                                   1.1795032 0.7006167 0.7563263 0.0000000 0.8819108 0.6437280 1.0688369 0.9752637 1.0198608 1.1439378 0.9661619 1.2496159 1.4423269 0.9445414 1.1480726 1.1327950 1.1861114 1.2186044 1.3890831 1.5047870 1.7627725 1.5277665 1.5627358 1.5030471 1.3259540 1.6578930 1.2075012 1.3668253 1.4559022 1.3581195 1.4593420 0.9489362 1.3555509 1.4701813 1.5776278 1.1293178 1.4540548 1.3112305 1.4535249 2.3954686 2.7988955 2.3656774 2.0886236 2.1118111 1.8679533 0.7761523 2.2729893 1.7258527 3.0714346 3.7580196 
Spur_XM_011677185.2                                     1.2802488 0.8424019 0.9615052 0.8819108 0.0000000 1.0518389 1.1538243 1.1167434 1.1544154 1.1209977 1.0831771 1.3690050 1.4551893 0.8487704 1.2645137 1.2330533 1.1583023 1.3337351 1.5161054 1.5645134 1.6472419 1.5897826 1.7118510 1.6567324 1.4535371 1.6287161 1.3124928 1.4055355 1.5614148 1.5441910 1.5980872 1.1787586 1.5111020 1.5039533 1.5726915 1.3888921 1.3749672 1.3153042 1.3569890 1.9946361 2.7836120 2.1955231 2.0200389 1.9614449 1.7367981 0.7495553 2.1222167 1.9087357 3.0803421 3.0394844 
Cgig_XM_011452998.3                                     1.2962970 0.8005284 0.8857097 0.6437280 1.0518389 0.0000000 1.1381560 1.1039733 1.1053825 1.1908973 1.0423615 1.3694369 1.5738286 0.8807695 1.0986916 1.1395879 1.0926364 1.2020191 1.4488553 1.5510412 1.6626982 1.5262739 1.6126425 1.2625022 1.2250732 1.4799298 1.1573928 1.3118642 1.3598099 1.3867004 1.3958950 1.0348258 1.3806890 1.4653701 1.4775952 1.1561118 1.4288717 1.3395732 1.5930633 2.1307918 2.5249392 1.8989601 2.0693696 2.0866320 1.8464391 0.9731570 2.0475927 1.7018568 2.9903479 3.3637758 
Nvec_v1g108828                                          1.2663032 0.9935346 1.3327007 1.0688369 1.1538243 1.1381560 0.0000000 0.5000232 0.4874407 0.6176086 0.5348392 0.6432789 0.9712852 0.7796349 0.9912138 1.0166794 1.0097592 1.0127971 1.3953193 1.4036286 1.5015193 1.4391656 1.4990078 1.3964455 1.1692200 1.3846974 1.2571816 1.3908506 1.4674727 1.3712202 1.3976138 1.2595045 1.0667929 1.1059073 1.4186916 1.4651042 0.4869541 1.1300968 1.0373494 1.9992912 2.3790971 1.9357320 1.8294774 1.7506116 1.6334401 0.9851798 2.1312192 2.0597652 2.8047017 3.3008729 
Gfas_gfas1.m1.15216.m1                                  1.1542906 0.9097174 1.2534301 0.9752637 1.1167434 1.1039733 0.5000232 0.0000000 0.1179248 0.1073426 0.1295392 0.1684455 0.5694752 0.7821943 1.0184769 1.0221173 1.0353564 0.9743328 1.2790318 1.4343828 1.5372116 1.5310406 1.3653133 1.3916981 1.2712420 1.4630500 1.1994872 1.3276887 1.4060323 1.3779084 1.4024568 1.3388813 1.0254330 1.1234780 1.3110404 1.4219870 0.6933927 1.2253333 0.6620167 2.0394187 2.6086009 1.8988977 1.8775119 1.7175367 1.6469755 0.8646373 2.0345747 1.9603376 2.9569488 3.1192644 
Gasp_gasp1.m3.6424.m1                                   1.2070421 0.9656104 1.2759309 1.0198608 1.1544154 1.1053825 0.4874407 0.1179248 0.0000000 0.1286164 0.1151128 0.1459519 0.6169984 0.7147476 0.9923136 0.9920947 1.0871871 1.0096130 1.3561760 1.3316222 1.4473691 1.4588123 1.3938273 1.3134740 1.2270322 1.4601109 1.2251386 1.3270404 1.3954899 1.4032154 1.4068072 1.2848789 1.0578509 1.1408300 1.3074378 1.3888853 0.6684523 1.1841795 0.6607992 2.0677423 2.4575854 1.9729122 1.8223195 1.7265688 1.6297198 0.8270401 1.9726499 1.9941502 2.8048559 3.0439676 
Spis_XP_022806551_1                                     1.3141112 0.9473438 1.4045294 1.1439378 1.1209977 1.1908973 0.6176086 0.1073426 0.1286164 0.0000000 0.0416663 0.1514222 0.4688215 0.7345196 1.1386976 1.2050404 1.1862601 1.0237171 2.8287933 1.5400005 1.9004692 1.9164890 2.3012046 0.0000010 1.1968717 1.7190120 1.5860405 1.5715741 1.7456511 1.6862686 1.7404014 1.4308868 1.0697887 1.1244312 1.6091402 1.5218482 0.7484984 1.4570702 0.4326306 2.2250072 3.0307165 1.6716136 1.9780213 1.6353670 1.0514463 0.9022157 2.1696046 2.1469633 4.9376556 2.6062239 
Pocdam_XM_027203876.1                                   1.2008057 0.8976311 1.2142650 0.9661619 1.0831771 1.0423615 0.5348392 0.1295392 0.1151128 0.0416663 0.0000000 0.1692670 0.6045681 0.7809292 1.0421021 1.0500110 1.1216881 0.9778916 1.2630474 1.3834352 1.4868598 1.5093174 1.3788573 1.2504225 1.1943862 1.4333957 1.2214912 1.3252198 1.3820635 1.3495418 1.4003669 1.2536135 1.0253172 1.0879843 1.2935037 1.3946428 0.6557384 1.1504092 0.6548719 2.1139594 2.4801991 1.8983695 1.8025170 1.6392550 1.5743321 0.8114810 2.0308983 1.9657989 2.8264633 3.0753394 
Fspp_ffun1.m4.7296.m1                                   1.4084671 1.1092420 1.4746048 1.2496159 1.3690050 1.3694369 0.6432789 0.1684455 0.1459519 0.1514222 0.1692670 0.0000000 0.6542595 0.9636189 1.2551410 1.2753732 1.1367506 1.1775380 2.5081826 1.7861856 1.9256850 1.9678225 2.5800510 1.9363780 1.6983328 1.8947696 1.6010937 1.7049177 1.7772047 1.7942103 1.8320974 1.4676498 1.2646727 1.4248545 1.6657849 1.7208787 0.6630832 1.5735297 0.7675786 4.5205926 3.1006522 1.8687538 2.1941105 2.0672590 2.4982238 1.0753982 4.5179100 2.3889224 3.5228573 3.3405418 
Adig_XM_015900141.1                                     1.5912979 1.4223363 1.6325278 1.4423269 1.4551893 1.5738286 0.9712852 0.5694752 0.6169984 0.4688215 0.6045681 0.6542595 0.0000000 1.0634456 1.3885511 1.3496870 1.2921782 1.3184029 1.9227096 1.8895083 2.0571566 1.9024270 1.9236003 1.6636944 1.6515056 1.8978704 1.5203448 1.7773245 1.7829022 1.7428737 1.7115435 1.7126549 1.5207567 1.5172935 1.6800625 1.8252980 1.0873594 1.7549476 0.4948243 2.5823606 3.0884248 2.2478012 2.0502365 2.0379010 1.8250287 1.3524120 2.4685432 2.2502404 3.5636457 3.3594154 
Aaur_scaffold227.g17.t1                                 1.0736801 0.8486479 1.0607339 0.9445414 0.8487704 0.8807695 0.7796349 0.7821943 0.7147476 0.7345196 0.7809292 0.9636189 1.0634456 0.0000000 0.3093617 0.2697499 0.3675787 0.5290976 0.8510372 0.8706812 1.1474795 1.0791878 1.6066540 0.9647069 1.0969099 1.0492157 0.9534836 0.9745294 1.0428059 1.0182300 1.0000163 1.0986512 1.0485414 1.0135996 0.9068931 1.1928476 0.6805867 0.9572738 1.1623462 2.3911842 2.4011877 2.0235413 1.4415749 1.5358125 1.1428347 0.6688050 1.8121361 1.6139194 2.1093566 3.3299060 
Nemnom_g17914.t1                                        1.3483541 1.0437277 1.2024906 1.1480726 1.2645137 1.0986916 0.9912138 1.0184769 0.9923136 1.1386976 1.0421021 1.2551410 1.3885511 0.3093617 0.0000000 0.1627869 0.5052670 0.7630165 1.5585048 1.0153880 1.7154740 1.4331714 1.6362692 1.5012950 1.3103059 1.5290394 1.1917446 1.3654108 1.4383799 1.4040358 1.4276099 1.3275380 1.2099318 1.2975491 1.3925701 1.4581448 1.1207270 1.2275473 1.3658078 2.1260818 2.5003030 2.0640201 1.7870044 1.8214700 1.4226541 1.1229614 1.7765226 1.9553693 2.5536214 3.3720618 
Rhoesc_Res_007949-T1                                    1.3065289 1.0332462 1.2069191 1.1327950 1.2330533 1.1395879 1.0166794 1.0221173 0.9920947 1.2050404 1.0500110 1.2753732 1.3496870 0.2697499 0.1627869 0.0000000 0.4957701 0.7308281 1.5244262 1.0800254 1.6877811 1.5265429 1.6708360 1.4495727 1.3457532 1.4836392 1.2880294 1.4703617 1.4791480 1.4564949 1.5198699 1.3609340 1.2529440 1.2904398 1.4469541 1.4620734 1.1589628 1.2152346 1.3968884 2.1316054 2.5071307 2.0926921 1.8197148 1.8152339 1.4922229 1.1409677 1.8929965 2.0803390 2.3969743 3.5640098 
Sanmal_Sma_015278-T1                                    1.3383746 0.9994107 1.3777909 1.1861114 1.1583023 1.0926364 1.0097592 1.0353564 1.0871871 1.1862601 1.1216881 1.1367506 1.2921782 0.3675787 0.5052670 0.4957701 0.0000000 0.6350167 2.0017252 1.2272799 1.4972895 1.5778150 1.8490115 0.7026913 1.1546517 1.5357843 1.3682649 1.3543988 1.4212611 1.3188600 1.3978230 1.3245795 1.2798245 1.2747335 1.4136722 1.3269256 1.1332809 1.1726841 1.2667911 3.3395662 3.3391603 2.0286436 2.0331877 2.0311493 1.5735787 1.2636002 1.9891681 1.9502466 5.3992196 3.5928657 
Morvir_scaffold259.g29.t1                               1.4506304 1.2569869 1.4150779 1.2186044 1.3337351 1.2020191 1.0127971 0.9743328 1.0096130 1.0237171 0.9778916 1.1775380 1.3184029 0.5290976 0.7630165 0.7308281 0.6350167 0.0000000 1.5249464 1.2207656 1.6278742 1.6328396 1.7085848 1.5164472 1.4852725 1.5263545 1.2533520 1.4928232 1.5927970 1.5278680 1.5611031 1.4581299 1.3898350 1.4021482 1.5053202 1.4867369 1.1543425 1.2636476 1.3677404 2.2508010 2.6138316 2.1682057 1.9775204 1.8777975 1.8096371 1.2756166 1.8583297 2.0997784 2.7233200 3.4094342 
Stycar_maker-SC_scaffold1242-snap-gene-0.14-mRNA-1      1.5718315 1.2804956 1.4143139 1.3890831 1.5161054 1.4488553 1.3953193 1.2790318 1.3561760 2.8287933 1.2630474 2.5081826 1.9227096 0.8510372 1.5585048 1.5244262 2.0017252 1.5249464 0.0000000 1.6352129 1.4398236 1.4394903 0.9420591 1.1017536 0.8537188 1.1801001 1.5281299 1.8079411 1.7774848 1.7489940 1.8957717 1.7261602 1.5395564 1.4911324 1.3499064 2.0949395 3.3344856 1.3700473 1.6031797 1.7395537 2.5020690 4.0239000 2.0181713 1.9639490 1.1983014 1.4451017 1.7207301 2.1774665 2.9115762 3.1871703 
Chem_TCONS_00007000                                     1.8502387 1.4552132 1.6506828 1.5047870 1.5645134 1.5510412 1.4036286 1.4343828 1.3316222 1.5400005 1.3834352 1.7861856 1.8895083 0.8706812 1.0153880 1.0800254 1.2272799 1.2207656 1.6352129 0.0000000 1.8652474 1.7054345 1.7165878 1.6766339 1.5934278 1.6098145 1.6235244 1.7597441 1.7082169 1.6197581 1.7151771 1.6607264 1.6705570 1.6884644 1.5599486 1.8361896 1.5966185 1.5600939 1.6904506 2.5046644 2.4838109 2.5964417 2.2107150 1.9505212 1.8543694 1.3331726 1.6349373 2.2911235 2.3894208 4.1787525 
Aque_Aqu2.1.33728_001                                   1.7825270 1.4593882 1.7283688 1.7627725 1.6472419 1.6626982 1.5015193 1.5372116 1.4473691 1.9004692 1.4868598 1.9256850 2.0571566 1.1474795 1.7154740 1.6877811 1.4972895 1.6278742 1.4398236 1.8652474 0.0000000 0.5769469 0.7028613 1.4830210 0.9383272 1.0494238 1.5544764 1.8241485 1.8663442 1.8647508 1.9202863 1.7784217 1.6543016 1.6672010 1.4647191 1.9184344 1.5612177 1.5685168 1.9033909 2.4883910 2.6141152 1.9921465 1.8205475 1.8726571 1.8248068 1.8157405 2.3813124 2.3918210 3.8204122 3.6279389 
Halamb_c47264_g1_i1m.22054                              1.6311976 1.4533230 1.6113713 1.5277665 1.5897826 1.5262739 1.4391656 1.5310406 1.4588123 1.9164890 1.5093174 1.9678225 1.9024270 1.0791878 1.4331714 1.5265429 1.5778150 1.6328396 1.4394903 1.7054345 0.5769469 0.0000000 0.7691603 1.2389750 0.8451708 0.8486060 1.3211241 1.5181321 1.5787199 1.5398374 1.5721440 1.6139697 1.5082809 1.5442635 1.2858409 1.6814061 1.6148461 1.4517797 1.7454282 2.3346439 2.3422929 1.9738159 1.7317843 1.7144414 1.8012508 1.5503105 2.4027599 2.2764844 3.4296081 3.3167758 
Xestes_maker-XT_scaffold130022-augustus-gene-0.2-mRNA-1 1.4227953 1.1545672 1.4627259 1.5627358 1.7118510 1.6126425 1.4990078 1.3653133 1.3938273 2.3012046 1.3788573 2.5800510 1.9236003 1.6066540 1.6362692 1.6708360 1.8490115 1.7085848 0.9420591 1.7165878 0.7028613 0.7691603 0.0000000 0.7805487 0.9037064 1.1307147 1.7291421 1.6736048 1.8176314 1.6900140 1.7441154 1.1708384 1.6126428 1.7605026 1.2229464 1.5979368 4.1386683 1.4058149 1.7538243 3.6069003 4.4555689 4.1439279 1.9397055 1.9490580 1.3447712 1.2866891 3.6550841 2.3960081 5.2303171 4.6118488 
Emue_Em0006g895a.t1                                     1.6422031 1.3868511 1.6432128 1.5030471 1.6567324 1.2625022 1.3964455 1.3916981 1.3134740 0.0000010 1.2504225 1.9363780 1.6636944 0.9647069 1.5012950 1.4495727 0.7026913 1.5164472 1.1017536 1.6766339 1.4830210 1.2389750 0.7805487 0.0000000 0.1284975 0.8227444 1.3024803 1.7495067 1.6855153 1.6279009 1.7584189 1.9155924 1.7073669 1.7288260 1.5142036 1.8481372 0.7026913 1.5636206 1.8334315 0.6582434 1.7450219 1.1530511 1.5469831 1.3074364 1.8957886 1.6181198 1.8939949 1.9584866 1.8676036 3.3306164 
Spolac_c97448_g1_i1_m.15039c93689-g1                    1.4067679 1.2854768 1.3074406 1.3259540 1.4535371 1.2250732 1.1692200 1.2712420 1.2270322 1.1968717 1.1943862 1.6983328 1.6515056 1.0969099 1.3103059 1.3457532 1.1546517 1.4852725 0.8537188 1.5934278 0.9383272 0.8451708 0.9037064 0.1284975 0.0000000 0.6949413 1.1319156 1.3942062 1.3547011 1.3410967 1.4077572 1.3934738 1.5100954 1.4589973 1.1053730 1.5803761 0.8931431 1.2640691 1.7457469 2.3257379 2.2626099 2.5544095 1.5654703 1.5420535 1.7253848 1.4609221 2.3362591 2.1156265 2.5026285 3.6638416 
Tetwil_g23796.t1                                        1.7262678 1.4757097 1.5606443 1.6578930 1.6287161 1.4799298 1.3846974 1.4630500 1.4601109 1.7190120 1.4333957 1.8947696 1.8978704 1.0492157 1.5290394 1.4836392 1.5357843 1.5263545 1.1801001 1.6098145 1.0494238 0.8486060 1.1307147 0.8227444 0.6949413 0.0000000 1.3406595 1.6261175 1.5991780 1.6026303 1.6876345 1.7392562 1.5081361 1.5563152 1.2790230 1.9262595 1.6013033 1.4831195 1.7394345 1.9700586 2.3870369 2.3339221 1.9226749 1.8960947 1.7034923 1.7400119 1.8382317 2.2721746 3.2254958 3.2307110 
Tadh_TriadT23787                                        1.3245272 1.1508958 1.3508619 1.2075012 1.3124928 1.1573928 1.2571816 1.1994872 1.2251386 1.5860405 1.2214912 1.6010937 1.5203448 0.9534836 1.1917446 1.2880294 1.3682649 1.2533520 1.5281299 1.6235244 1.5544764 1.3211241 1.7291421 1.3024803 1.1319156 1.3406595 0.0000000 0.0151184 0.1621169 0.1922278 0.1654871 1.1792491 1.4019873 1.4895195 1.6312043 1.3120536 1.4054427 1.1979529 1.5568260 2.2208551 2.6130795 2.5526871 1.8773423 1.8960095 1.4737900 1.0992156 1.7849911 1.7957051 3.6730022 3.1248458 
TrH2_TrispH2_008492-RA                                  1.5053820 1.2338003 1.4633430 1.3668253 1.4055355 1.3118642 1.3908506 1.3276887 1.3270404 1.5715741 1.3252198 1.7049177 1.7773245 0.9745294 1.3654108 1.4703617 1.3543988 1.4928232 1.8079411 1.7597441 1.8241485 1.5181321 1.6736048 1.7495067 1.3942062 1.6261175 0.0151184 0.0000000 0.1552933 0.2032180 0.1880410 1.3336731 1.5530931 1.6788170 1.6782494 1.4415509 1.3857485 1.3588373 1.7814707 2.1380041 2.5986560 2.5698923 2.1545311 1.9935646 2.1295292 1.2916574 1.8979192 1.9981195 3.5330135 3.2791324 
HoiH11_mRNA6612                                         1.5286384 1.2831394 1.4830965 1.4559022 1.5614148 1.3598099 1.4674727 1.4060323 1.3954899 1.7456511 1.3820635 1.7772047 1.7829022 1.0428059 1.4383799 1.4791480 1.4212611 1.5927970 1.7774848 1.7082169 1.8663442 1.5787199 1.8176314 1.6855153 1.3547011 1.5991780 0.1621169 0.1552933 0.0000000 0.1636754 0.1510548 1.4497027 1.6376826 1.7503354 1.7041556 1.4950721 1.5452436 1.4111056 1.8356722 2.3448180 2.5895545 2.9017165 2.2804670 2.1393997 2.1594761 1.3292565 1.9903857 2.0580104 3.3990589 3.6245829 
HoiH04_mRNA7952                                         1.5031753 1.2880137 1.4690385 1.3581195 1.5441910 1.3867004 1.3712202 1.3779084 1.4032154 1.6862686 1.3495418 1.7942103 1.7428737 1.0182300 1.4040358 1.4564949 1.3188600 1.5278680 1.7489940 1.6197581 1.8647508 1.5398374 1.6900140 1.6279009 1.3410967 1.6026303 0.1922278 0.2032180 0.1636754 0.0000000 0.0946812 1.3816732 1.6553165 1.7658520 1.6874298 1.4723645 1.4347307 1.3791771 1.8591190 2.1498736 2.5540531 2.6588129 2.1983828 2.0827865 2.1272682 1.3238474 1.9907642 2.0223106 3.2907865 3.6615676 
HoiH23_PlH23_009322-RA                                  1.5070262 1.3639925 1.5563477 1.4593420 1.5980872 1.3958950 1.3976138 1.4024568 1.4068072 1.7404014 1.4003669 1.8320974 1.7115435 1.0000163 1.4276099 1.5198699 1.3978230 1.5611031 1.8957717 1.7151771 1.9202863 1.5721440 1.7441154 1.7584189 1.4077572 1.6876345 0.1654871 0.1880410 0.1510548 0.0946812 0.0000000 1.4250128 1.6809126 1.8038351 1.6528877 1.4542105 1.4645836 1.4454007 1.8535783 2.1658158 2.5981671 2.7192886 2.2695261 2.1181060 2.2693927 1.3577186 2.0094630 2.0116129 3.4283145 3.6297665 
Cscu_XM_023376180.1                                     1.4380074 0.9903763 1.0568512 0.9489362 1.1787586 1.0348258 1.2595045 1.3388813 1.2848789 1.4308868 1.2536135 1.4676498 1.7126549 1.0986512 1.3275380 1.3609340 1.3245795 1.4581299 1.7261602 1.6607264 1.7784217 1.6139697 1.1708384 1.9155924 1.3934738 1.7392562 1.1792491 1.3336731 1.4497027 1.3816732 1.4250128 0.0000000 1.5652260 1.8048490 1.6764398 1.0958953 1.5110176 1.5133502 1.6917898 2.1780234 2.7346401 2.3311786 2.1434461 2.1784622 1.9247007 1.0880453 2.3441756 1.6385733 2.9197327 3.3697850 
Dgig_XM_028545987.1                                     1.6230137 1.2398690 1.4251756 1.3555509 1.5111020 1.3806890 1.0667929 1.0254330 1.0578509 1.0697887 1.0253172 1.2646727 1.5207567 1.0485414 1.2099318 1.2529440 1.2798245 1.3898350 1.5395564 1.6705570 1.6543016 1.5082809 1.6126428 1.7073669 1.5100954 1.5081361 1.4019873 1.5530931 1.6376826 1.6553165 1.6809126 1.5652260 0.0000000 0.4835512 1.7195239 1.6288941 1.3014268 1.5101509 1.5092851 1.8778760 2.4960761 2.0389222 1.7679077 1.7863780 1.6604195 1.0454917 1.9502433 2.3556329 3.0148964 3.1679838 
Xesp_014328-T1                                          1.7691609 1.4048993 1.5343070 1.4701813 1.5039533 1.4653701 1.1059073 1.1234780 1.1408300 1.1244312 1.0879843 1.4248545 1.5172935 1.0135996 1.2975491 1.2904398 1.2747335 1.4021482 1.4911324 1.6884644 1.6672010 1.5442635 1.7605026 1.7288260 1.4589973 1.5563152 1.4895195 1.6788170 1.7503354 1.7658520 1.8038351 1.8048490 0.4835512 0.0000000 1.6722104 1.8577509 1.4355360 1.4214977 1.5198778 2.0863343 2.4637766 2.2009480 1.9397791 1.8673161 1.6614065 1.2144794 2.0934510 2.3674783 3.1729883 3.6511029 
Plespi_Pspi_scaffold15994_01                            1.6719542 1.3928052 1.4772567 1.5776278 1.5726915 1.4775952 1.4186916 1.3110404 1.3074378 1.6091402 1.2935037 1.6657849 1.6800625 0.9068931 1.3925701 1.4469541 1.4136722 1.5053202 1.3499064 1.5599486 1.4647191 1.2858409 1.2229464 1.5142036 1.1053730 1.2790230 1.6312043 1.6782494 1.7041556 1.6874298 1.6528877 1.6764398 1.7195239 1.6722104 0.0000000 1.6662358 1.6796187 1.5750177 1.7494113 2.2721878 2.3649524 1.9782945 1.7142982 1.7598845 1.9515649 1.5693387 2.1814026 2.1163287 2.9876221 3.6466352 
Dpul_mRNA6259                                           1.4349080 1.1970109 1.1530812 1.1293178 1.3888921 1.1561118 1.4651042 1.4219870 1.3888853 1.5218482 1.3946428 1.7208787 1.8252980 1.1928476 1.4581448 1.4620734 1.3269256 1.4867369 2.0949395 1.8361896 1.9184344 1.6814061 1.5979368 1.8481372 1.5803761 1.9262595 1.3120536 1.4415509 1.4950721 1.4723645 1.4542105 1.0958953 1.6288941 1.8577509 1.6662358 0.0000000 1.6343932 1.6139995 1.7686237 2.5276021 2.8206752 2.4719621 2.3674510 2.3262138 2.3086367 1.2390507 2.5503376 1.5364340 3.5155853 3.3633705 
Exapal_XM_021047299.2                                   1.4707968 1.1196052 1.3702352 1.4540548 1.3749672 1.4288717 0.4869541 0.6933927 0.6684523 0.7484984 0.6557384 0.6630832 1.0873594 0.6805867 1.1207270 1.1589628 1.1332809 1.1543425 3.3344856 1.5966185 1.5612177 1.6148461 4.1386683 0.7026913 0.8931431 1.6013033 1.4054427 1.3857485 1.5452436 1.4347307 1.4645836 1.5110176 1.3014268 1.4355360 1.6796187 1.6343932 0.0000000 1.3577981 1.0145370 3.8278866 3.2156891 1.9121479 2.2676682 2.0268477 1.3950921 1.2679032 1.7320266 2.3546326 4.2016377 3.0065454 
Opea_EP00118_Oscarella_pearsei_P017039                  1.4734429 1.1305734 1.5067121 1.3112305 1.3153042 1.3395732 1.1300968 1.2253333 1.1841795 1.4570702 1.1504092 1.5735297 1.7549476 0.9572738 1.2275473 1.2152346 1.1726841 1.2636476 1.3700473 1.5600939 1.5685168 1.4517797 1.4058149 1.5636206 1.2640691 1.4831195 1.1979529 1.3588373 1.4111056 1.3791771 1.4454007 1.5133502 1.5101509 1.4214977 1.5750177 1.6139995 1.3577981 0.0000000 1.4929532 2.2149997 2.7615442 2.0774621 1.6554413 1.7350779 1.6310743 1.1929278 2.5104066 2.0279948 3.1379890 3.7646996 
Amil_Amillepora24084-RA                                 1.7736720 1.3545838 1.6493648 1.4535249 1.3569890 1.5930633 1.0373494 0.6620167 0.6607992 0.4326306 0.6548719 0.7675786 0.4948243 1.1623462 1.3658078 1.3968884 1.2667911 1.3677404 1.6031797 1.6904506 1.9033909 1.7454282 1.7538243 1.8334315 1.7457469 1.7394345 1.5568260 1.7814707 1.8356722 1.8591190 1.8535783 1.6917898 1.5092851 1.5198778 1.7494113 1.7686237 1.0145370 1.4929532 0.0000000 2.3341623 2.9622969 2.2169047 2.1552633 2.1040764 2.0993729 1.2510342 2.2981094 2.2899830 2.8277084 3.2339168 
Mlei_ML1337.g11.i1                                      2.1374785 2.4410135 2.3136203 2.3954686 1.9946361 2.1307918 1.9992912 2.0394187 2.0677423 2.2250072 2.1139594 4.5205926 2.5823606 2.3911842 2.1260818 2.1316054 3.3395662 2.2508010 1.7395537 2.5046644 2.4883910 2.3346439 3.6069003 0.6582434 2.3257379 1.9700586 2.2208551 2.1380041 2.3448180 2.1498736 2.1658158 2.1780234 1.8778760 2.0863343 2.2721878 2.5276021 3.8278866 2.2149997 2.3341623 0.0000000 1.1443805 4.9984419 2.3331421 2.8682984 1.6787647 1.1802095 1.4085345 2.1664153 4.6476594 3.7190584 
Lampan_Lpan_12345_01                                    2.8287641 2.5669965 2.5440037 2.7988955 2.7836120 2.5249392 2.3790971 2.6086009 2.4575854 3.0307165 2.4801991 3.1006522 3.0884248 2.4011877 2.5003030 2.5071307 3.3391603 2.6138316 2.5020690 2.4838109 2.6141152 2.3422929 4.4555689 1.7450219 2.2626099 2.3870369 2.6130795 2.5986560 2.5895545 2.5540531 2.5981671 2.7346401 2.4960761 2.4637766 2.3649524 2.8206752 3.2156891 2.7615442 2.9622969 1.1443805 0.0000000 3.3522459 2.3783182 2.6602650 2.1853255 2.1121133 1.8605479 2.6904637 4.0829056 4.0346958 
Scil_scict000417.1                                      2.1202121 1.9873300 2.1611393 2.3656774 2.1955231 1.8989601 1.9357320 1.8988977 1.9729122 1.6716136 1.8983695 1.8687538 2.2478012 2.0235413 2.0640201 2.0926921 2.0286436 2.1682057 4.0239000 2.5964417 1.9921465 1.9738159 4.1439279 1.1530511 2.5544095 2.3339221 2.5526871 2.5698923 2.9017165 2.6588129 2.7192886 2.3311786 2.0389222 2.2009480 1.9782945 2.4719621 1.9121479 2.0774621 2.2169047 4.9984419 3.3522459 0.0000000 0.7983052 0.8403616 3.1597553 2.0967064 1.9492737 3.2886433 4.3216543 3.3537922 
Gracom_Gcom_scaffold17509_01                            2.0727899 1.8946639 2.0280109 2.0886236 2.0200389 2.0693696 1.8294774 1.8775119 1.8223195 1.9780213 1.8025170 2.1941105 2.0502365 1.4415749 1.7870044 1.8197148 2.0331877 1.9775204 2.0181713 2.2107150 1.8205475 1.7317843 1.9397055 1.5469831 1.5654703 1.9226749 1.8773423 2.1545311 2.2804670 2.1983828 2.2695261 2.1434461 1.7679077 1.9397791 1.7142982 2.3674510 2.2676682 1.6554413 2.1552633 2.3331421 2.3783182 0.7983052 0.0000000 0.8856449 1.0392023 1.8291756 2.0524566 2.4358154 3.4466352 3.3853451 
Lcom_lcpid43942                                         2.1143807 1.7403139 1.9184791 2.1118111 1.9614449 2.0866320 1.7506116 1.7175367 1.7265688 1.6353670 1.6392550 2.0672590 2.0379010 1.5358125 1.8214700 1.8152339 2.0311493 1.8777975 1.9639490 1.9505212 1.8726571 1.7144414 1.9490580 1.3074364 1.5420535 1.8960947 1.8960095 1.9935646 2.1393997 2.0827865 2.1181060 2.1784622 1.7863780 1.8673161 1.7598845 2.3262138 2.0268477 1.7350779 2.1040764 2.8682984 2.6602650 0.8403616 0.8856449 0.0000000 1.1264048 1.6213709 1.8523748 2.9027635 2.8024172 3.3881643 
Leuniv_Lniv_C787710_01                                  1.7536925 1.6557375 1.9461046 1.8679533 1.7367981 1.8464391 1.6334401 1.6469755 1.6297198 1.0514463 1.5743321 2.4982238 1.8250287 1.1428347 1.4226541 1.4922229 1.5735787 1.8096371 1.1983014 1.8543694 1.8248068 1.8012508 1.3447712 1.8957886 1.7253848 1.7034923 1.4737900 2.1295292 2.1594761 2.1272682 2.2693927 1.9247007 1.6604195 1.6614065 1.9515649 2.3086367 1.3950921 1.6310743 2.0993729 1.6787647 2.1853255 3.1597553 1.0392023 1.1264048 0.0000000 1.5654034 1.8061715 2.2963743 2.6694431 2.8095324 
Skow_XM_006815134.1                                     1.2584180 0.6932611 0.9356936 0.7761523 0.7495553 0.9731570 0.9851798 0.8646373 0.8270401 0.9022157 0.8114810 1.0753982 1.3524120 0.6688050 1.1229614 1.1409677 1.2636002 1.2756166 1.4451017 1.3331726 1.8157405 1.5503105 1.2866891 1.6181198 1.4609221 1.7400119 1.0992156 1.2916574 1.3292565 1.3238474 1.3577186 1.0880453 1.0454917 1.2144794 1.5693387 1.2390507 1.2679032 1.1929278 1.2510342 1.1802095 2.1121133 2.0967064 1.8291756 1.6213709 1.5654034 0.0000000 1.9670323 1.7930962 2.5616212 2.9063554 
Eupdun_Edun_sb10601510                                  2.1505809 2.2925358 2.5207296 2.2729893 2.1222167 2.0475927 2.1312192 2.0345747 1.9726499 2.1696046 2.0308983 4.5179100 2.4685432 1.8121361 1.7765226 1.8929965 1.9891681 1.8583297 1.7207301 1.6349373 2.3813124 2.4027599 3.6550841 1.8939949 2.3362591 1.8382317 1.7849911 1.8979192 1.9903857 1.9907642 2.0094630 2.3441756 1.9502433 2.0934510 2.1814026 2.5503376 1.7320266 2.5104066 2.2981094 1.4085345 1.8605479 1.9492737 2.0524566 1.8523748 1.8061715 1.9670323 0.0000000 2.5301636 2.8719655 3.7840590 
Tcas_TC007647_001                                       2.0191918 1.6685229 1.6730684 1.7258527 1.9087357 1.7018568 2.0597652 1.9603376 1.9941502 2.1469633 1.9657989 2.3889224 2.2502404 1.6139194 1.9553693 2.0803390 1.9502466 2.0997784 2.1774665 2.2911235 2.3918210 2.2764844 2.3960081 1.9584866 2.1156265 2.2721746 1.7957051 1.9981195 2.0580104 2.0223106 2.0116129 1.6385733 2.3556329 2.3674783 2.1163287 1.5364340 2.3546326 2.0279948 2.2899830 2.1664153 2.6904637 3.2886433 2.4358154 2.9027635 2.2963743 1.7930962 2.5301636 0.0000000 3.6738022 3.5066886 
Hvul_g19349_1                                           3.4468138 2.8031369 2.8879579 3.0714346 3.0803421 2.9903479 2.8047017 2.9569488 2.8048559 4.9376556 2.8264633 3.5228573 3.5636457 2.1093566 2.5536214 2.3969743 5.3992196 2.7233200 2.9115762 2.3894208 3.8204122 3.4296081 5.2303171 1.8676036 2.5026285 3.2254958 3.6730022 3.5330135 3.3990589 3.2907865 3.4283145 2.9197327 3.0148964 3.1729883 2.9876221 3.5155853 4.2016377 3.1379890 2.8277084 4.6476594 4.0829056 4.3216543 3.4466352 2.8024172 2.6694431 2.5616212 2.8719655 3.6738022 0.0000000 5.3745776 
Clacor_Ccor_scaffold4284_01                             3.2763561 2.9780620 3.0134177 3.7580196 3.0394844 3.3637758 3.3008729 3.1192644 3.0439676 2.6062239 3.0753394 3.3405418 3.3594154 3.3299060 3.3720618 3.5640098 3.5928657 3.4094342 3.1871703 4.1787525 3.6279389 3.3167758 4.6118488 3.3306164 3.6638416 3.2307110 3.1248458 3.2791324 3.6245829 3.6615676 3.6297665 3.3697850 3.1679838 3.6511029 3.6466352 3.3633705 3.0065454 3.7646996 3.2339168 3.7190584 4.0346958 3.3537922 3.3853451 3.3881643 2.8095324 2.9063554 3.7840590 3.5066886 5.3745776 0.0000000 
