43
Hsap_ENST00000529270                                   0.0000000 1.4605402 1.3431782 1.2497316 1.3515067 1.2929398 1.3102034 1.2904221 1.2711223 1.3923066 1.2691161 1.2800675 1.3064700 1.2758218 1.2850641 1.5672434 1.4493436 1.3105493 1.1407922 1.2111629 1.2765631 1.3215842 1.3636558 1.3568182 1.4772869 1.7877304 1.5088795 2.0830658 2.0830658 2.6699589 2.2675005 2.1921690 2.1331856 2.1836507 1.8608770 1.9919308 1.4181605 3.0740350 2.3355234 2.7476462 2.7476462 2.6863063 2.1606122 
Bralan_BLAG02002016_1                                  1.4605402 0.0000000 0.8142140 0.8731964 1.1262385 1.0856113 1.0141971 0.9579120 0.8652821 1.0566543 0.8597925 0.8937538 0.8659993 0.8256136 0.8572263 1.2999483 1.2028407 1.1634092 1.2325866 1.3853872 1.2816302 1.5119353 1.2358104 1.4227084 1.4117387 1.7104206 1.5127837 1.5027101 1.5027101 1.6825780 1.6587066 1.6322625 1.5125486 1.7043807 1.7233220 1.6822237 2.2961537 2.7285808 2.0985034 2.5260260 2.5260260 2.3829222 2.6142094 
Spur_XM_779602.5                                       1.3431782 0.8142140 0.0000000 0.9964572 1.0680951 1.0980061 0.9785952 0.9733506 0.9464125 1.1730447 0.9374653 0.9620080 0.9502402 0.8953475 0.9703480 1.4465239 1.3019452 1.3196749 1.1787041 1.2379334 1.3881268 1.4742293 1.0650202 1.3028221 1.3036591 1.7602035 1.3557936 1.6121635 1.6121635 1.8576800 1.6588918 1.6323038 1.5885065 1.7979998 1.6852746 1.6280930 1.7529737 2.9884551 2.2047814 2.4251420 2.4251420 2.5391052 2.9005566 
Ctel_gnl_WGS_AMQN_CAPTEDRAFT_mRNA155736                1.2497316 0.8731964 0.9964572 0.0000000 0.8623300 0.9180838 0.9688867 0.9318351 0.9324752 1.1553236 0.9185238 1.0475467 1.0263525 0.9230509 0.9450487 1.5082470 1.3591272 1.2647471 0.9710826 1.4120880 1.2176037 1.4454634 1.1162637 1.1388839 1.6131421 1.4118401 1.9565994 1.6396145 1.6396145 1.9259881 1.7845479 1.7367284 1.7973740 1.8225886 1.8146251 1.8047897 2.1005089 2.8167517 2.2220714 2.4427096 2.4427096 2.5750499 3.0479196 
Cgig_XM_011449030.3                                    1.3515067 1.1262385 1.0680951 0.8623300 0.0000000 0.8307083 1.2194234 1.2259670 1.2702780 1.3386043 1.1141078 1.1849357 1.1733811 1.2272683 1.2118604 1.7693781 1.3892994 1.4073621 1.2281919 1.5702169 1.5395752 1.6421305 1.4501154 1.4760997 1.6375370 2.0797179 2.1194541 1.8033609 1.8033609 2.3448649 2.0830412 2.0308492 1.9936258 1.9821821 1.9095694 1.7996218 2.3384190 2.7410060 2.4090469 2.5622412 2.5622412 2.3707157 3.0415671 
Acagra_model.g5529.t1                                  1.2929398 1.0856113 1.0980061 0.9180838 0.8307083 0.0000000 1.3988610 1.2161098 1.0728301 1.1315913 1.0707261 1.0829921 1.1436131 1.1148561 1.1443581 2.0192351 1.5876028 1.5281195 1.0865380 1.5108425 1.2728973 1.4826398 1.2617607 1.3658471 1.6374503 1.6086203 1.7036304 1.6964863 1.6964863 2.4418298 1.9710149 1.9456493 1.9936385 2.0100900 2.0200660 1.8301471 1.9942495 2.4713849 1.9873607 1.8983274 1.8983274 2.2628213 3.0012490 
Exapal_XM_021048571.1                                  1.3102034 1.0141971 0.9785952 0.9688867 1.2194234 1.3988610 0.0000000 0.3700348 0.4665487 0.5797137 0.4130809 0.4564839 0.4489991 0.4212835 0.4467546 1.1999132 1.1020567 1.1174472 0.6497308 1.1060743 0.8186424 0.9142494 0.9441251 1.0658980 1.2257934 1.5168499 1.3796200 1.5577014 1.5577014 1.6568238 1.7067437 1.6785901 1.5958910 1.7802395 1.4850723 1.3213809 1.1602150 2.5072191 2.0144434 2.1346869 2.1346869 2.0910149 2.7561597 
Nvec_v1g105681                                         1.2904221 0.9579120 0.9733506 0.9318351 1.2259670 1.2161098 0.3700348 0.0000000 0.4699868 0.6348378 0.4134000 0.5042293 0.4700106 0.4075925 0.4372613 1.3455225 1.0685780 1.0194167 0.7153444 1.0132972 0.7436204 0.9187219 0.9808264 1.0857745 1.2216589 1.4520008 1.3954480 1.5613490 1.5613490 1.7574701 1.5869012 1.5624520 1.4928163 1.6344063 1.5131974 1.3877437 1.4190525 2.7981567 2.1642171 2.3042817 2.3042817 2.3811734 2.7816658 
Adig_XM_015923672.1                                    1.2711223 0.8652821 0.9464125 0.9324752 1.2702780 1.0728301 0.4665487 0.4699868 0.0000000 0.0627607 0.1205731 0.1855917 0.1597496 0.1222301 0.1326723 1.5302518 1.1200825 1.1058615 0.7936723 1.0587108 0.7286783 0.8304090 0.9291652 0.9525032 1.1522124 1.2525798 1.2819208 1.3231554 1.3231554 1.3476554 1.3850389 1.3647101 1.3198630 1.5084364 1.6421502 1.5067233 1.2663030 2.2990160 1.9039935 1.9891614 1.9891614 2.0413952 2.3051901 
Amil_Amillepora32377-RA                                1.3923066 1.0566543 1.1730447 1.1553236 1.3386043 1.1315913 0.5797137 0.6348378 0.0627607 0.0000000 0.1323251 0.2068389 0.1558768 0.1442051 0.1452517 2.3940776 1.2951075 1.2932134 0.8234736 1.1687402 0.8622857 0.8672907 1.1448734 1.0046279 1.2521123 1.3247496 1.5711019 1.7254308 1.7254308 2.5321820 1.7433904 1.7433904 1.7052911 1.9034775 1.9638119 1.7511020 1.2445328 1.9133175 1.7138894 1.7452227 1.7452227 1.6143614 2.9189400 
Gfas_gfas1.m1.7984.m1                                  1.2691161 0.8597925 0.9374653 0.9185238 1.1141078 1.0707261 0.4130809 0.4134000 0.1205731 0.1323251 0.0000000 0.1503408 0.1247971 0.1213257 0.1212993 1.2951687 1.0450957 1.0286001 0.7858168 0.9629420 0.6582795 0.7424506 0.8503048 0.9207278 1.0957057 1.2649050 1.2374564 1.3234403 1.3234403 1.4039921 1.4225537 1.4014472 1.3717365 1.5250558 1.6497664 1.4955976 1.2273471 2.1839341 1.7378084 1.9013357 1.9013357 1.8472022 2.3848851 
Spis_XP_022792539_1                                    1.2800675 0.8937538 0.9620080 1.0475467 1.1849357 1.0829921 0.4564839 0.5042293 0.1855917 0.2068389 0.1503408 0.0000000 0.0700958 0.1698798 0.1768361 1.5866508 1.0856158 1.1217026 0.7845140 1.0472468 0.7089807 0.8079112 0.9379833 1.0016402 1.1600885 1.4024292 1.3494531 1.4323413 1.4323413 1.5043084 1.5435643 1.5201344 1.4711208 1.6894486 1.5927150 1.5506918 1.2142180 2.3102208 1.9447818 2.0440985 2.0440985 2.0374862 2.3511594 
Pocdam_XM_027184765.1                                  1.3064700 0.8659993 0.9502402 1.0263525 1.1733811 1.1436131 0.4489991 0.4700106 0.1597496 0.1558768 0.1247971 0.0700958 0.0000000 0.1506562 0.1327202 1.4787727 1.0467683 1.0785154 0.8195762 1.0569735 0.7205557 0.7894300 0.9306533 0.9636469 1.1523366 1.3694687 1.3830530 1.4486442 1.4486442 1.5638697 1.5633544 1.5395251 1.4893060 1.7100150 1.6777271 1.5476073 1.1847568 2.2512011 1.8700467 1.9289376 1.9289376 1.9240004 2.3932805 
Fspp_ffun1.m4.18067.m1                                 1.2758218 0.8256136 0.8953475 0.9230509 1.2272683 1.1148561 0.4212835 0.4075925 0.1222301 0.1442051 0.1213257 0.1698798 0.1506562 0.0000000 0.0888361 1.3397031 1.0511762 1.0379464 0.8539929 0.9801138 0.6943991 0.7778970 0.8864941 0.9689232 1.0973787 1.3487373 1.2860103 1.3160823 1.3160823 1.3684125 1.3928467 1.3725022 1.3505578 1.4993415 1.5909904 1.5032745 1.2835086 2.3703981 1.7698000 1.8060189 1.8060189 1.9551767 2.3628190 
Gasp_gasp1.m3.28594.m1                                 1.2850641 0.8572263 0.9703480 0.9450487 1.2118604 1.1443581 0.4467546 0.4372613 0.1326723 0.1452517 0.1212993 0.1768361 0.1327202 0.0888361 0.0000000 1.2994392 1.0447385 1.0242087 0.8607787 1.0350184 0.7344356 0.7931975 0.9047355 0.9506214 1.0888661 1.2671225 1.2804844 1.4147205 1.4147205 1.4467582 1.5184205 1.4955416 1.4672545 1.6309921 1.6497321 1.5512018 1.2400709 2.2681253 1.8741976 1.8887782 1.8887782 1.9890537 2.3353906 
Aaur_scaffold4449.g1.t1                                1.5672434 1.2999483 1.4465239 1.5082470 1.7693781 2.0192351 1.1999132 1.3455225 1.5302518 2.3940776 1.2951687 1.5866508 1.4787727 1.3397031 1.2994392 0.0000000 0.8169914 0.6766328 2.1882503 0.6556704 1.6656057 1.4792647 1.5351327 1.8213850 2.2583992 2.3314875 1.9173787 1.7374585 1.7374585 1.8846677 1.9384495 1.8562238 1.7886166 1.7342355 1.6568475 1.9094663 2.6285138 4.4977101 2.6854481 3.2257899 3.2257899 3.4612008 2.5813043 
Nemnom_g5858.t1                                        1.4493436 1.2028407 1.3019452 1.3591272 1.3892994 1.5876028 1.1020567 1.0685780 1.1200825 1.2951075 1.0450957 1.0856158 1.0467683 1.0511762 1.0447385 0.8169914 0.0000000 0.0966684 0.3575745 0.5100350 1.1352801 1.1302969 1.0605779 1.0857112 1.3405226 1.4280993 1.2545615 1.7447782 1.7447782 1.7517879 1.9299066 1.8810088 1.8211370 1.8084697 1.5779613 1.7516531 1.8000426 2.6111768 2.3329775 2.1980026 2.1980026 2.6213349 2.3853531 
Rhoesc_Res_007173-T1                                   1.3105493 1.1634092 1.3196749 1.2647471 1.4073621 1.5281195 1.1174472 1.0194167 1.1058615 1.2932134 1.0286001 1.1217026 1.0785154 1.0379464 1.0242087 0.6766328 0.0966684 0.0000000 0.3665077 0.4812675 1.1045163 1.0556567 1.0779666 1.1190063 1.3609968 1.4117603 1.2353670 1.6570417 1.6570417 1.6841791 1.8132899 1.7682239 1.7017092 1.6775701 1.5499528 1.8675820 1.7965826 2.6229368 2.1414903 2.2475078 2.2475078 2.6333907 2.3909032 
Morvir_scaffold2190.g1.t1                              1.1407922 1.2325866 1.1787041 0.9710826 1.2281919 1.0865380 0.6497308 0.7153444 0.7936723 0.8234736 0.7858168 0.7845140 0.8195762 0.8539929 0.8607787 2.1882503 0.3575745 0.3665077 0.0000000 0.3896697 0.8153792 0.7746526 0.7597053 0.8116219 1.1163607 0.9374173 1.1771324 1.3789195 1.3789195 8.7789726 1.7539352 1.7539352 1.6436418 1.7619542 1.3026389 1.3197286 0.8115929 1.3423563 1.3434132 1.7347267 1.7347267 1.5898427 3.1096965 
Sanmal_Sma_015564-T1                                   1.2111629 1.3853872 1.2379334 1.4120880 1.5702169 1.5108425 1.1060743 1.0132972 1.0587108 1.1687402 0.9629420 1.0472468 1.0569735 0.9801138 1.0350184 0.6556704 0.5100350 0.4812675 0.3896697 0.0000000 0.9875859 0.9610701 1.1460592 1.1948604 1.4027329 1.4904260 1.3117532 1.6470077 1.6470077 1.4294081 1.7249790 1.6813901 1.6949796 1.7190359 1.5000875 1.7206844 1.9035408 2.9214832 2.1418971 2.2372864 2.2372864 2.4251612 2.4806695 
Dgig_XM_028544362.1                                    1.2765631 1.2816302 1.3881268 1.2176037 1.5395752 1.2728973 0.8186424 0.7436204 0.7286783 0.8622857 0.6582795 0.7089807 0.7205557 0.6943991 0.7344356 1.6656057 1.1352801 1.1045163 0.8153792 0.9875859 0.0000000 0.4685863 0.9349567 0.9738237 1.2336225 1.4475420 1.2021700 1.5162277 1.5162277 1.6024822 1.6374286 1.6078888 1.5866145 1.6145662 1.7805349 1.6426335 1.8564454 3.0176467 2.1751971 2.4532825 2.4532825 2.5997120 3.1265805 
Xesp_014633-T1                                         1.3215842 1.5119353 1.4742293 1.4454634 1.6421305 1.4826398 0.9142494 0.9187219 0.8304090 0.8672907 0.7424506 0.8079112 0.7894300 0.7778970 0.7931975 1.4792647 1.1302969 1.0556567 0.7746526 0.9610701 0.4685863 0.0000000 1.0123318 0.9910499 1.4288914 1.5578189 1.4041215 1.7402911 1.7402911 1.6351428 1.7580438 1.7252023 1.7347861 1.7258132 1.7842869 1.7082048 2.0539162 2.8481922 2.1914829 2.2841755 2.2841755 2.6832991 3.1965293 
Aque_Aqu2.1.29916_001                                  1.3636558 1.2358104 1.0650202 1.1162637 1.4501154 1.2617607 0.9441251 0.9808264 0.9291652 1.1448734 0.8503048 0.9379833 0.9306533 0.8864941 0.9047355 1.5351327 1.0605779 1.0779666 0.7597053 1.1460592 0.9349567 1.0123318 0.0000000 0.4546866 0.6078912 0.8199616 0.8026739 1.4406640 1.4406640 1.6406563 1.7561275 1.7198155 1.5809487 1.7768817 1.6022203 1.4348623 1.0343927 2.5954224 2.2667576 2.0646298 2.0646298 2.3774390 2.9782317 
Xestes_maker-XT_scaffold5057-snap-gene-0.28-mRNA-1     1.3568182 1.4227084 1.3028221 1.1388839 1.4760997 1.3658471 1.0658980 1.0857745 0.9525032 1.0046279 0.9207278 1.0016402 0.9636469 0.9689232 0.9506214 1.8213850 1.0857112 1.1190063 0.8116219 1.1948604 0.9738237 0.9910499 0.4546866 0.0000000 0.7226216 1.0614695 1.0910568 1.8574416 1.8574416 2.1831857 2.0190896 1.9781097 1.9710879 2.0093752 1.5492704 1.7434865 1.6014396 2.6518743 2.3030560 2.0269302 2.0269302 2.2357737 2.6550512 
Tetwil_g12260.t1                                       1.4772869 1.4117387 1.3036591 1.6131421 1.6375370 1.6374503 1.2257934 1.2216589 1.1522124 1.2521123 1.0957057 1.1600885 1.1523366 1.0973787 1.0888661 2.2583992 1.3405226 1.3609968 1.1163607 1.4027329 1.2336225 1.4288914 0.6078912 0.7226216 0.0000000 1.2007819 0.7177684 1.7195126 1.7195126 2.2197522 1.8774014 1.8600365 1.8033884 1.8682457 1.5928913 1.5273568 1.2575024 3.1171408 2.5816708 2.1653871 2.1653871 2.6100604 3.1556635 
Plespi_Pspi_C582560_01                                 1.7877304 1.7104206 1.7602035 1.4118401 2.0797179 1.6086203 1.5168499 1.4520008 1.2525798 1.3247496 1.2649050 1.4024292 1.3694687 1.3487373 1.2671225 2.3314875 1.4280993 1.4117603 0.9374173 1.4904260 1.4475420 1.5578189 0.8199616 1.0614695 1.2007819 0.0000000 1.3469761 1.7533021 1.7533021 2.2414608 2.0965387 2.0514553 1.9453458 2.0129902 1.9488218 1.8881995 1.5894693 2.8847794 2.4305836 2.5215265 2.5215265 2.8134728 3.8352315 
Stycar_maker-SC_scaffold61702-augustus-gene-0.9-mRNA-1 1.5088795 1.5127837 1.3557936 1.9565994 2.1194541 1.7036304 1.3796200 1.3954480 1.2819208 1.5711019 1.2374564 1.3494531 1.3830530 1.2860103 1.2804844 1.9173787 1.2545615 1.2353670 1.1771324 1.3117532 1.2021700 1.4041215 0.8026739 1.0910568 0.7177684 1.3469761 0.0000000 1.9978806 1.9978806 1.8713264 2.1559551 2.1338364 1.9835599 2.1692052 1.9558424 1.8249032 1.4798947 3.5857913 2.4984493 2.5328902 2.5328902 2.8087628 3.5447730 
Tadh_TriadT55198                                       2.0830658 1.5027101 1.6121635 1.6396145 1.8033609 1.6964863 1.5577014 1.5613490 1.3231554 1.7254308 1.3234403 1.4323413 1.4486442 1.3160823 1.4147205 1.7374585 1.7447782 1.6570417 1.3789195 1.6470077 1.5162277 1.7402911 1.4406640 1.8574416 1.7195126 1.7533021 1.9978806 0.0000000 0.0000010 0.3552285 0.2607943 0.2554773 0.2397740 0.2346616 1.6270355 1.5568324 2.3923899 3.4915763 2.8596518 3.1042129 3.1042129 3.3665912 3.1179831 
TrH2_TrispH2_001699-RA                                 2.0830658 1.5027101 1.6121635 1.6396145 1.8033609 1.6964863 1.5577014 1.5613490 1.3231554 1.7254308 1.3234403 1.4323413 1.4486442 1.3160823 1.4147205 1.7374585 1.7447782 1.6570417 1.3789195 1.6470077 1.5162277 1.7402911 1.4406640 1.8574416 1.7195126 1.7533021 1.9978806 0.0000010 0.0000000 0.3552285 0.2607943 0.2554773 0.2397740 0.2346616 1.6270355 1.5568324 2.3923899 3.4915763 2.8596518 3.1042129 3.1042129 3.3665912 3.1179831 
HoiH06_mRNA8917                                        2.6699589 1.6825780 1.8576800 1.9259881 2.3448649 2.4418298 1.6568238 1.7574701 1.3476554 2.5321820 1.4039921 1.5043084 1.5638697 1.3684125 1.4467582 1.8846677 1.7517879 1.6841791 8.7789726 1.4294081 1.6024822 1.6351428 1.6406563 2.1831857 2.2197522 2.2414608 1.8713264 0.3552285 0.3552285 0.0000000 0.2156792 0.2064875 0.1313089 0.2156618 2.5534759 2.4137492 3.9166548 5.3358752 4.0578274 3.9230567 3.9230567 4.4871732 3.7774871 
Hhon_g06734.t1                                         2.2675005 1.6587066 1.6588918 1.7845479 2.0830412 1.9710149 1.7067437 1.5869012 1.3850389 1.7433904 1.4225537 1.5435643 1.5633544 1.3928467 1.5184205 1.9384495 1.9299066 1.8132899 1.7539352 1.7249790 1.6374286 1.7580438 1.7561275 2.0190896 1.8774014 2.0965387 2.1559551 0.2607943 0.2607943 0.2156792 0.0000000 0.0147151 0.1092152 0.1455853 1.6818903 1.6036698 2.8802429 3.9039840 3.3621079 3.2715322 3.2715322 3.4286764 3.0703837 
HoiH04_mRNA17779                                       2.1921690 1.6322625 1.6323038 1.7367284 2.0308492 1.9456493 1.6785901 1.5624520 1.3647101 1.7433904 1.4014472 1.5201344 1.5395251 1.3725022 1.4955416 1.8562238 1.8810088 1.7682239 1.7539352 1.6813901 1.6078888 1.7252023 1.7198155 1.9781097 1.8600365 2.0514553 2.1338364 0.2554773 0.2554773 0.2064875 0.0147151 0.0000000 0.1037887 0.1281470 1.6537078 1.5764109 2.7833222 3.9040141 3.3023950 3.2134751 3.2134751 3.3677193 3.1127387 
HoiH23_PlH23_004524-RA                                 2.1331856 1.5125486 1.5885065 1.7973740 1.9936258 1.9936385 1.5958910 1.4928163 1.3198630 1.7052911 1.3717365 1.4711208 1.4893060 1.3505578 1.4672545 1.7886166 1.8211370 1.7017092 1.6436418 1.6949796 1.5866145 1.7347861 1.5809487 1.9710879 1.8033884 1.9453458 1.9835599 0.2397740 0.2397740 0.1313089 0.1092152 0.1037887 0.0000000 0.1578770 1.6648280 1.4812844 2.6765604 3.6502071 3.1629166 3.1387248 3.1387248 3.3515708 3.0436011 
HoiH11_mRNA7977                                        2.1836507 1.7043807 1.7979998 1.8225886 1.9821821 2.0100900 1.7802395 1.6344063 1.5084364 1.9034775 1.5250558 1.6894486 1.7100150 1.4993415 1.6309921 1.7342355 1.8084697 1.6775701 1.7619542 1.7190359 1.6145662 1.7258132 1.7768817 2.0093752 1.8682457 2.0129902 2.1692052 0.2346616 0.2346616 0.2156618 0.1455853 0.1281470 0.1578770 0.0000000 1.6580819 1.5744254 2.9490932 4.0385631 3.4110022 3.3722558 3.3722558 3.4521534 2.9896412 
Scil_scict025673.1                                     1.8608770 1.7233220 1.6852746 1.8146251 1.9095694 2.0200660 1.4850723 1.5131974 1.6421502 1.9638119 1.6497664 1.5927150 1.6777271 1.5909904 1.6497321 1.6568475 1.5779613 1.5499528 1.3026389 1.5000875 1.7805349 1.7842869 1.6022203 1.5492704 1.5928913 1.9488218 1.9558424 1.6270355 1.6270355 2.5534759 1.6818903 1.6537078 1.6648280 1.6580819 0.0000000 0.6323101 2.2112194 3.2228367 2.3917656 2.5178907 2.5178907 2.6794648 2.8630830 
Lcom_lcpid55603                                        1.9919308 1.6822237 1.6280930 1.8047897 1.7996218 1.8301471 1.3213809 1.3877437 1.5067233 1.7511020 1.4955976 1.5506918 1.5476073 1.5032745 1.5512018 1.9094663 1.7516531 1.8675820 1.3197286 1.7206844 1.6426335 1.7082048 1.4348623 1.7434865 1.5273568 1.8881995 1.8249032 1.5568324 1.5568324 2.4137492 1.6036698 1.5764109 1.4812844 1.5744254 0.6323101 0.0000000 1.9422179 2.9996434 2.4436013 2.7904905 2.7904905 2.5420885 2.9474808 
Emue_Em0006g1224a.t1                                   1.4181605 2.2961537 1.7529737 2.1005089 2.3384190 1.9942495 1.1602150 1.4190525 1.2663030 1.2445328 1.2273471 1.2142180 1.1847568 1.2835086 1.2400709 2.6285138 1.8000426 1.7965826 0.8115929 1.9035408 1.8564454 2.0539162 1.0343927 1.6014396 1.2575024 1.5894693 1.4798947 2.3923899 2.3923899 3.9166548 2.8802429 2.7833222 2.6765604 2.9490932 2.2112194 1.9422179 0.0000000 3.6549941 3.1124483 2.8329955 2.8329955 3.3192030 3.1313468 
Pbac_sb2657286                                         3.0740350 2.7285808 2.9884551 2.8167517 2.7410060 2.4713849 2.5072191 2.7981567 2.2990160 1.9133175 2.1839341 2.3102208 2.2512011 2.3703981 2.2681253 4.4977101 2.6111768 2.6229368 1.3423563 2.9214832 3.0176467 2.8481922 2.5954224 2.6518743 3.1171408 2.8847794 3.5857913 3.4915763 3.4915763 5.3358752 3.9039840 3.9040141 3.6502071 4.0385631 3.2228367 2.9996434 3.6549941 0.0000000 0.8587774 1.4344967 1.4344967 1.4177208 4.9272432 
Horcal_Hcv1.av93.c10.g657.i1                           2.3355234 2.0985034 2.2047814 2.2220714 2.4090469 1.9873607 2.0144434 2.1642171 1.9039935 1.7138894 1.7378084 1.9447818 1.8700467 1.7698000 1.8741976 2.6854481 2.3329775 2.1414903 1.3434132 2.1418971 2.1751971 2.1914829 2.2667576 2.3030560 2.5816708 2.4305836 2.4984493 2.8596518 2.8596518 4.0578274 3.3621079 3.3023950 3.1629166 3.4110022 2.3917656 2.4436013 3.1124483 0.8587774 0.0000000 0.5924173 0.5924173 0.6466342 4.1064424 
Bolinf_Binf_sb1193445                                  2.7476462 2.5260260 2.4251420 2.4427096 2.5622412 1.8983274 2.1346869 2.3042817 1.9891614 1.7452227 1.9013357 2.0440985 1.9289376 1.8060189 1.8887782 3.2257899 2.1980026 2.2475078 1.7347267 2.2372864 2.4532825 2.2841755 2.0646298 2.0269302 2.1653871 2.5215265 2.5328902 3.1042129 3.1042129 3.9230567 3.2715322 3.2134751 3.1387248 3.3722558 2.5178907 2.7904905 2.8329955 1.4344967 0.5924173 0.0000000 0.0000010 0.5979727 3.8444138 
Mertsp_Mesp_sb527964                                   2.7476462 2.5260260 2.4251420 2.4427096 2.5622412 1.8983274 2.1346869 2.3042817 1.9891614 1.7452227 1.9013357 2.0440985 1.9289376 1.8060189 1.8887782 3.2257899 2.1980026 2.2475078 1.7347267 2.2372864 2.4532825 2.2841755 2.0646298 2.0269302 2.1653871 2.5215265 2.5328902 3.1042129 3.1042129 3.9230567 3.2715322 3.2134751 3.1387248 3.3722558 2.5178907 2.7904905 2.8329955 1.4344967 0.5924173 0.0000010 0.0000000 0.5979727 3.8444138 
Lampan_Lpan_15298_01                                   2.6863063 2.3829222 2.5391052 2.5750499 2.3707157 2.2628213 2.0910149 2.3811734 2.0413952 1.6143614 1.8472022 2.0374862 1.9240004 1.9551767 1.9890537 3.4612008 2.6213349 2.6333907 1.5898427 2.4251612 2.5997120 2.6832991 2.3774390 2.2357737 2.6100604 2.8134728 2.8087628 3.3665912 3.3665912 4.4871732 3.4286764 3.3677193 3.3515708 3.4521534 2.6794648 2.5420885 3.3192030 1.4177208 0.6466342 0.5979727 0.5979727 0.0000000 3.8071035 
Cscu_XM_023358028.1                                    2.1606122 2.6142094 2.9005566 3.0479196 3.0415671 3.0012490 2.7561597 2.7816658 2.3051901 2.9189400 2.3848851 2.3511594 2.3932805 2.3628190 2.3353906 2.5813043 2.3853531 2.3909032 3.1096965 2.4806695 3.1265805 3.1965293 2.9782317 2.6550512 3.1556635 3.8352315 3.5447730 3.1179831 3.1179831 3.7774871 3.0703837 3.1127387 3.0436011 2.9896412 2.8630830 2.9474808 3.1313468 4.9272432 4.1064424 3.8444138 3.8444138 3.8071035 0.0000000 
