58
Hsap_ENST00000156471                    0.0000000 0.6224800 0.5908945 0.6908875 0.5905573 0.6839297 0.6458258 0.7273558 1.0667085 1.0178368 0.7497131 0.7727334 0.7908659 0.8275548 0.7926730 0.7109365 0.7702755 0.8220989 0.7234731 0.7959845 0.8181291 0.8506977 0.8467016 0.8544686 0.7351708 0.9165028 0.7918945 0.9567076 0.9514425 1.0007460 0.9000222 0.7711260 0.7058766 1.1441993 0.8366618 0.7635439 0.9244284 1.0117213 0.6824659 0.7960437 0.8997969 0.9720879 0.8280952 0.8497745 0.9391950 0.9487387 0.9507376 0.9430668 0.9427869 0.8654356 1.1062808 0.9343817 1.1906546 1.0653905 1.0622980 1.1087045 2.1623790 0.9722739 
Bralan_BLAG04001986_1                   0.6224800 0.0000000 0.5176235 0.6155880 0.5687282 0.6422155 0.6551008 0.6274215 0.9978834 0.9819917 0.6916213 0.7198279 0.7985712 0.7761495 0.7388610 0.7496673 0.7289068 0.7886769 0.6956101 0.7793397 0.7866923 0.8151430 0.7858875 0.8356959 0.7614627 0.8786544 0.7979716 0.9066378 0.9215793 0.9871771 0.8666347 0.7058807 0.6735943 1.0834283 0.8698586 0.8301267 0.9764539 1.0805643 0.6962163 0.8101123 0.9263243 0.9856117 0.9043281 0.8163527 0.8924593 0.9205918 0.9276233 0.9043893 0.9065900 0.8508174 0.9994378 0.8553997 1.1193228 1.0097952 0.9320285 0.8519465 1.9538422 0.9731656 
Skow_XM_006823788.1                     0.5908945 0.5176235 0.0000000 0.5333244 0.5077429 0.6031918 0.5780892 0.6597504 1.0787080 1.0338955 0.6212551 0.7556409 0.6966822 0.7205453 0.7265758 0.6481173 0.6904634 0.7439533 0.7376345 0.7334432 0.7207089 0.7404096 0.8160972 0.7374325 0.7398417 0.7876012 0.5382453 0.8072292 0.8028119 0.8911076 0.7591638 0.7500511 0.8436132 1.0941273 0.6801951 0.6694959 0.7728084 0.9888966 0.5558699 0.5300624 0.6817257 0.6367691 0.5881823 0.8002462 0.8069361 0.8105038 0.8116801 0.8004102 0.7971216 0.8267873 0.9577653 0.9734472 1.0922941 1.0730220 0.9451139 0.2731917 1.9740397 0.9866424 
Spur_XM_003725417.3                     0.6908875 0.6155880 0.5333244 0.0000000 0.6472183 0.7790996 0.7023451 0.7378840 1.0686762 1.0506290 0.6980708 0.7310082 0.7989872 0.8479431 0.7879578 0.7281385 0.7766545 0.8379196 0.7096885 0.8200165 0.7732924 0.7883067 0.8499175 0.8501903 0.7504335 0.8934894 0.8951200 0.9013366 0.8848901 1.0265061 0.9023602 0.7461394 0.7010083 1.2018996 0.9209975 0.8491807 0.9595771 1.1443273 0.7568038 0.8846853 0.9747967 1.0570714 0.8995919 0.8553691 0.9457717 0.9607509 0.9769683 0.9396466 0.9458793 0.8641368 1.0698884 0.9437486 1.1592577 1.0320667 1.0007274 0.9377445 2.0463950 0.9814553 
Acagra_model.g2225.t1                   0.5905573 0.5687282 0.5077429 0.6472183 0.0000000 0.7616331 0.7163797 0.7057566 0.9054788 0.9192656 0.7998238 0.5537016 0.7595920 0.7223548 0.7531116 0.7748003 0.7021312 0.7816843 0.6549361 0.7379075 0.7306677 0.7389197 0.8268203 0.8553859 0.6885822 0.8119679 0.8111566 0.8092878 0.8029487 0.9325000 0.7975367 0.5691685 0.7608949 0.9939640 1.0246064 0.9508158 1.0502254 1.0506599 0.8077476 0.8772783 1.0325775 1.0430761 0.9422365 0.7061565 0.7747185 0.7849959 0.7829125 0.7565618 0.7540835 0.6765590 1.0230620 0.7614306 1.0645181 0.9205651 0.9312103 1.1304429 1.7344685 0.9115129 
Tcas_TC033521_001                       0.6839297 0.6422155 0.6031918 0.7790996 0.7616331 0.0000000 0.6373892 0.6196208 0.9576535 0.9775318 0.8552439 0.6038373 0.7474749 0.9083325 0.8461250 0.8613701 0.8251353 0.9087531 0.7666374 0.8116450 0.8416738 0.8606708 0.8935625 0.9204201 0.8195508 0.8956104 0.9059724 0.8975000 0.9031762 0.9976262 0.8166867 0.7292834 0.8167041 1.0654385 1.0044308 0.9341133 1.0612617 1.0609252 0.7689469 0.8997972 1.0302878 1.0937274 0.9850631 0.8009675 0.8837630 0.8695622 0.8864601 0.8622519 0.8618963 0.7817812 1.0451170 0.8661158 1.1163870 0.9449119 0.9569469 1.1440432 1.7647959 0.9645724 
Dpul_mRNA11238                          0.6458258 0.6551008 0.5780892 0.7023451 0.7163797 0.6373892 0.0000000 0.5616512 0.9500819 0.9359468 0.7546177 0.6477312 0.7918155 0.9098529 0.8010878 0.8634478 0.7801100 0.8747925 0.7067006 0.8058761 0.7805928 0.8262950 0.8357851 0.9579785 0.7776453 0.8512372 0.9802408 0.9554493 0.9354840 1.1098171 0.8396426 0.7135650 0.7688393 1.0506554 0.8703592 0.8286640 0.9987744 0.9973101 0.7854309 0.8365848 0.9369860 0.9872268 0.8324926 0.7624637 0.8620957 0.8433388 0.8582741 0.8231962 0.8256414 0.7658584 1.0711551 0.8037033 1.1153955 0.9251501 0.9373033 0.9804660 1.6963905 0.9782224 
Cscu_XM_023360532.1                     0.7273558 0.6274215 0.6597504 0.7378840 0.7057566 0.6196208 0.5616512 0.0000000 1.1357026 1.0791295 0.7482099 0.7034362 0.8318572 0.8319766 0.8336443 0.7271749 0.7600032 0.8248037 0.7578351 0.8475146 0.8544444 0.8972200 0.8846251 0.9331701 0.7903913 0.9336081 0.8611218 0.9584094 0.9290040 1.1303001 0.8834951 0.7344587 0.6288586 1.1179294 0.8596917 0.7967951 0.9511742 1.0835557 0.7510603 0.7845394 0.8854657 0.9487997 0.8124107 0.9217687 0.9897844 1.0182908 1.0255928 0.9930038 0.9902030 0.9395730 1.1004791 0.9814454 1.2473850 1.1317765 0.9863039 0.9414628 2.0847595 1.1387985 
Lcom_lcpid22322                         1.0667085 0.9978834 1.0787080 1.0686762 0.9054788 0.9576535 0.9500819 1.1357026 0.0000000 0.3010439 0.2388454 1.1784877 1.1563835 1.1150416 1.1163007 0.8602306 1.0621633 1.1601308 1.1010174 1.2047686 1.1382224 1.1759541 1.0802536 1.0639393 1.0421114 1.1474849 0.6985185 1.1893861 1.2070906 1.4394777 1.1894960 1.2126922 0.8956800 1.4813782 0.9814894 0.9626848 1.0684087 1.4716806 0.8575003 0.8082577 0.9462328 0.8904763 0.8166922 1.1601057 1.1897839 1.1931581 1.1751684 1.1728728 1.1741217 1.1692893 1.1752103 1.1441842 1.3872630 1.3769727 1.1704114 0.5446977 2.1116501 1.4996492 
Gracom_Gcom_C561004_01                  1.0178368 0.9819917 1.0338955 1.0506290 0.9192656 0.9775318 0.9359468 1.0791295 0.3010439 0.0000000 0.2014028 1.1624410 1.1063743 1.0783166 1.0712348 0.9095991 1.0414836 1.1427438 1.1244393 1.0924133 1.1334992 1.1445488 1.0022778 1.0287199 1.0162020 1.1113206 0.7023624 1.1358972 1.1555214 1.4954480 1.1199534 1.1835413 0.8817645 1.4210982 0.9413595 0.9243709 1.0362453 1.3841767 0.8017763 0.7771232 0.9376301 0.8361649 0.7828932 1.1228386 1.1545297 1.1422526 1.1341099 1.1253497 1.1253151 1.1335439 1.1710648 1.1320822 1.3885901 1.4049622 1.2506642 0.5687265 1.9995254 1.3784448 
Leuniv_Lniv_scaffold17019_01            0.7497131 0.6916213 0.6212551 0.6980708 0.7998238 0.8552439 0.7546177 0.7482099 0.2388454 0.2014028 0.0000000 0.7502592 0.7163215 0.7727481 0.7308160 0.7244906 0.6897672 0.8070288 0.6587412 0.7463147 0.7982401 0.7907317 0.6849898 0.8009251 0.7031628 0.7286989 0.7499119 0.7210763 0.7273362 0.7883028 0.7692748 0.7766413 0.8636302 0.9116855 0.9908197 0.9723042 0.9439597 0.9104013 0.8514624 0.8221414 0.9975740 0.9307250 0.8304927 0.7221699 0.7817051 0.7661867 0.7732514 0.7774375 0.7768780 0.7579743 0.8103189 0.6581229 0.8313964 0.7902319 0.8223302 0.6060585 0.7472705 0.8370459 
Ctel_gnl_WGS_AMQN_CAPTEDRAFT_mRNA198998 0.7727334 0.7198279 0.7556409 0.7310082 0.5537016 0.6038373 0.6477312 0.7034362 1.1784877 1.1624410 0.7502592 0.0000000 0.8740462 0.8307113 0.8323247 0.6867580 0.7802887 0.8457034 0.8250402 0.8418689 0.8464704 0.8415516 0.9561878 0.8924037 0.8465676 0.9103389 0.6326218 0.9860657 0.9781128 1.2327037 0.9242824 0.7532326 0.8079825 1.1955757 0.8168540 0.8211676 0.8720695 1.2262335 0.6825260 0.6457777 0.8416158 0.7208726 0.5799639 0.9333460 0.9605951 0.9621589 0.9745643 0.9492171 0.9514701 0.9928885 1.0118037 1.0501647 1.3130609 1.2125689 1.0275543 0.5885649 1.9031323 1.1744295 
Exapal_XM_021039284.1                   0.7908659 0.7985712 0.6966822 0.7989872 0.7595920 0.7474749 0.7918155 0.8318572 1.1563835 1.1063743 0.7163215 0.8740462 0.0000000 0.4377820 0.4369568 0.3709608 0.4145674 0.4378017 0.3917164 0.3881870 0.6140886 0.6716457 0.8675589 0.8307317 0.7197250 0.7981443 0.7542949 0.8462030 0.8908261 0.9903644 0.8056407 0.8814538 0.7226620 1.1526131 0.8645176 0.7710842 0.9151556 1.0684120 0.6999483 0.7095828 0.8314645 0.8667102 0.7844715 0.8302828 0.8727131 0.8995338 0.9063240 0.8997934 0.8976592 0.8465136 1.0254813 0.8843368 1.1214566 1.0076089 0.9651438 0.9101728 1.8730786 1.0277757 
Adig_XM_015921826.1                     0.8275548 0.7761495 0.7205453 0.8479431 0.7223548 0.9083325 0.9098529 0.8319766 1.1150416 1.0783166 0.7727481 0.8307113 0.4377820 0.0000000 0.0325793 0.1796575 0.1997597 0.2125593 0.1791974 0.4455731 0.5227800 0.6141360 0.7942769 0.8166442 0.7391316 0.8676579 0.8188766 0.9271736 0.9135916 1.0861598 0.8339195 0.9507861 0.7882630 1.1793542 0.9177087 0.8213700 1.0297124 1.1905701 0.7599539 0.8728555 0.9149733 0.9187600 0.9040568 0.8673123 0.9358104 0.9392250 0.9354741 0.9448448 0.9400952 0.8737257 1.1498120 0.9541825 1.3103743 1.1575776 1.0589156 0.9184155 2.0748026 1.0388326 
Amil_Amillepora15351-RA                 0.7926730 0.7388610 0.7265758 0.7879578 0.7531116 0.8461250 0.8010878 0.8336443 1.1163007 1.0712348 0.7308160 0.8323247 0.4369568 0.0325793 0.0000000 0.1632986 0.2011188 0.2208864 0.1607563 0.4268583 0.5403659 0.6170164 0.7926358 0.8087419 0.6767472 0.8394177 0.7356461 0.8756845 0.8696367 0.9477843 0.8213333 0.9428268 0.6861318 1.1333453 0.8127703 0.7267953 0.9124996 1.1079562 0.6099422 0.6829959 0.7704718 0.7953736 0.7589136 0.8234948 0.9032418 0.9185651 0.9198296 0.9079416 0.9044769 0.8341159 1.0932662 0.8892104 1.1748565 1.0483976 1.0007669 0.7688675 1.7903249 1.0419674 
Fspp_ffun1.m4.8703.m1                   0.7109365 0.7496673 0.6481173 0.7281385 0.7748003 0.8613701 0.8634478 0.7271749 0.8602306 0.9095991 0.7244906 0.6867580 0.3709608 0.1796575 0.1632986 0.0000000 0.1011677 0.0997717 0.0728700 0.3894550 0.4353279 0.5317253 0.7470469 0.7805666 0.6074264 0.6987666 0.7682740 0.7211140 0.7145335 0.8847242 0.6476158 0.7585117 0.7702079 0.9960613 0.8802628 0.7859251 0.9670240 0.9179308 0.7493597 0.7959142 0.8630427 0.8763632 0.7714639 0.6927326 0.7790012 0.8051668 0.8124216 0.7913425 0.7897168 0.6911826 0.9954813 0.7048512 0.9138441 0.7787011 0.8381817 0.8485003 1.2955148 1.0238497 
Spis_XP_022787218_1                     0.7702755 0.7289068 0.6904634 0.7766545 0.7021312 0.8251353 0.7801100 0.7600032 1.0621633 1.0414836 0.6897672 0.7802887 0.4145674 0.1997597 0.2011188 0.1011677 0.0000000 0.0383931 0.1107436 0.3867804 0.4981530 0.5876942 0.7707017 0.7578743 0.6699063 0.7968545 0.7484289 0.8389128 0.8253967 0.9803953 0.7777736 0.8738439 0.6948191 1.1617859 0.8330098 0.7576450 0.9059275 1.1191398 0.6814040 0.7536921 0.8249296 0.8469003 0.7586266 0.8097110 0.8804885 0.9106359 0.9145046 0.8871610 0.8822470 0.8349132 1.0172975 0.8650666 1.1327142 1.0076068 0.9711121 0.8992967 1.8570695 1.0076023 
Pocdam_XM_027202350.1                   0.8220989 0.7886769 0.7439533 0.8379196 0.7816843 0.9087531 0.8747925 0.8248037 1.1601308 1.1427438 0.8070288 0.8457034 0.4378017 0.2125593 0.2208864 0.0997717 0.0383931 0.0000000 0.1153067 0.3913822 0.5383781 0.6451990 0.8137572 0.8269451 0.7445176 0.8653778 0.7646588 0.8921635 0.8729181 1.1031802 0.8421066 0.9383639 0.8007690 1.2381590 0.9213382 0.8294460 0.9693631 1.1784065 0.7559677 0.8082662 0.9241263 0.8517022 0.8383234 0.8595815 0.9443864 0.9575403 0.9519302 0.9346236 0.9328332 0.8789684 1.1050407 0.9435527 1.2313997 1.1012117 1.0538792 0.8645007 2.1407639 1.1465760 
Gasp_gasp1.m3.6361.m1                   0.7234731 0.6956101 0.7376345 0.7096885 0.6549361 0.7666374 0.7067006 0.7578351 1.1010174 1.1244393 0.6587412 0.8250402 0.3917164 0.1791974 0.1607563 0.0728700 0.1107436 0.1153067 0.0000000 0.3981315 0.4891854 0.5654813 0.7752675 0.7406124 0.7766057 0.8455356 0.5175999 0.8583208 0.8405803 0.9647747 0.7904267 0.8823402 0.7179092 1.2226868 0.6543945 0.6479964 0.8113173 1.1698290 0.6033977 0.5194385 0.6544877 0.6334054 0.5013036 0.8701325 0.8913438 0.8887713 0.8966154 0.8670401 0.8682592 0.8523368 0.9296493 0.9301848 1.1003857 1.0459006 0.9245944 2.7016769 2.0206199 0.9983186 
Nvec_v1g172247                          0.7959845 0.7793397 0.7334432 0.8200165 0.7379075 0.8116450 0.8058761 0.8475146 1.2047686 1.0924133 0.7463147 0.8418689 0.3881870 0.4455731 0.4268583 0.3894550 0.3867804 0.3913822 0.3981315 0.0000000 0.5629467 0.6394950 0.8340666 0.8574181 0.7437936 0.8641752 0.7750707 0.9162640 0.9101797 1.0329933 0.8567810 0.8947283 0.7737136 1.1913868 0.9320624 0.8526101 0.9394262 1.1279848 0.7326099 0.8440131 0.8852278 0.9069706 0.8435846 0.8540847 0.8930521 0.9169490 0.9070036 0.8967387 0.8888610 0.8500662 1.0481621 0.9481876 1.1613857 1.0136947 0.9767924 0.9315114 1.9676954 1.0443762 
Dgig_XM_028553869.1                     0.8181291 0.7866923 0.7207089 0.7732924 0.7306677 0.8416738 0.7805928 0.8544444 1.1382224 1.1334992 0.7982401 0.8464704 0.6140886 0.5227800 0.5403659 0.4353279 0.4981530 0.5383781 0.4891854 0.5629467 0.0000000 0.2172225 0.8231703 0.8262120 0.7584855 0.8567748 0.8958668 0.8626237 0.8982645 1.0022265 0.8494473 0.8843327 0.6756566 1.1566348 0.8700023 0.7984537 0.9915266 1.1499505 0.7315233 0.7686331 0.8642986 0.9235109 0.7605349 0.9137714 0.9748948 0.9682403 0.9749309 0.9597771 0.9638611 0.8826541 1.0808040 0.9619547 1.1900933 1.0558596 1.0181868 0.9547502 2.0126600 1.0019795 
Xesp_012325-T1                          0.8506977 0.8151430 0.7404096 0.7883067 0.7389197 0.8606708 0.8262950 0.8972200 1.1759541 1.1445488 0.7907317 0.8415516 0.6716457 0.6141360 0.6170164 0.5317253 0.5876942 0.6451990 0.5654813 0.6394950 0.2172225 0.0000000 0.8924798 0.9117209 0.7595752 0.8542044 0.8556092 0.8899956 0.8963327 1.0168861 0.8637799 0.9683254 0.6891511 1.2194154 0.8825520 0.8154848 1.0133164 1.1661277 0.7676227 0.7880214 0.8990084 0.9658590 0.8069373 0.9325547 1.0338849 1.0094469 1.0119450 0.9928203 0.9921183 0.9004898 1.1184295 1.0101643 1.2559970 1.0391381 1.0549237 1.0991018 1.9717204 1.0480566 
Opea_EP00118_Oscarella_pearsei_P001708  0.8467016 0.7858875 0.8160972 0.8499175 0.8268203 0.8935625 0.8357851 0.8846251 1.0802536 1.0022778 0.6849898 0.9561878 0.8675589 0.7942769 0.7926358 0.7470469 0.7707017 0.8137572 0.7752675 0.8340666 0.8231703 0.8924798 0.0000000 0.5451805 0.8511890 0.9768118 0.6958968 0.9985445 0.9851278 1.0897272 0.9466927 1.0140724 0.8867230 1.2309091 0.8761023 0.8677008 0.9692693 1.1581760 0.8034967 0.8162365 0.9579664 0.9801568 0.8560064 0.9402897 1.0099841 0.9871816 0.9939403 0.9928727 0.9947807 0.9270130 1.0277070 0.9502466 1.1692580 1.0828596 1.0046694 0.9220171 1.9379694 0.0842417 
Plajan_Pjan_C572282_01                  0.8544686 0.8356959 0.7374325 0.8501903 0.8553859 0.9204201 0.9579785 0.9331701 1.0639393 1.0287199 0.8009251 0.8924037 0.8307317 0.8166442 0.8087419 0.7805666 0.7578743 0.8269451 0.7406124 0.8574181 0.8262120 0.9117209 0.5451805 0.0000000 0.7882809 0.9446499 0.8672753 0.9477617 0.9367833 1.0390001 1.0166464 0.9633284 0.8791355 1.2654194 1.1315533 1.0672219 1.1194620 1.2098839 0.9183523 1.0333587 1.1844970 1.2090694 1.0364501 0.8934023 0.9862391 0.9893723 0.9979925 0.9883172 0.9900390 0.9216173 1.0489047 0.8343711 1.1773411 1.0388733 0.9268642 1.0308174 1.9543907 0.6694650 
Hvul_g30138_1                           0.7351708 0.7614627 0.7398417 0.7504335 0.6885822 0.8195508 0.7776453 0.7903913 1.0421114 1.0162020 0.7031628 0.8465676 0.7197250 0.7391316 0.6767472 0.6074264 0.6699063 0.7445176 0.7766057 0.7437936 0.7584855 0.7595752 0.8511890 0.7882809 0.0000000 0.4024985 0.4319416 0.6497676 0.6291655 0.8488664 0.5785854 0.8878859 0.7459010 1.2543814 0.7108598 0.7108598 0.8688321 1.2167592 0.6554218 0.6886196 0.7044980 0.7674346 0.6806708 0.9647876 0.9776930 0.9745404 0.9846283 0.9497503 0.9549461 0.9496143 0.9307931 0.9534619 1.0511995 1.0706625 0.9436990 0.7748525 1.8399301 1.0014674 
Chem_TCONS_00011500                     0.9165028 0.8786544 0.7876012 0.8934894 0.8119679 0.8956104 0.8512372 0.9336081 1.1474849 1.1113206 0.7286989 0.9103389 0.7981443 0.8676579 0.8394177 0.6987666 0.7968545 0.8653778 0.8455356 0.8641752 0.8567748 0.8542044 0.9768118 0.9446499 0.4024985 0.0000000 0.6910479 0.7223278 0.7385566 0.9396376 0.7259354 0.9560464 0.7647379 1.2931113 0.8931076 0.8302010 0.9559099 1.2685926 0.7262567 0.7873370 0.8718275 0.9314535 0.7904306 0.9703097 1.0485496 1.0340241 1.0513341 1.0414741 1.0445692 0.9804961 1.1483114 1.0169529 1.2217824 1.0906227 1.0891990 0.8866964 2.0084069 1.2645752 
Aaur_scaffold1711.g1.t1                 0.7918945 0.7979716 0.5382453 0.8951200 0.8111566 0.9059724 0.9802408 0.8611218 0.6985185 0.7023624 0.7499119 0.6326218 0.7542949 0.8188766 0.7356461 0.7682740 0.7484289 0.7646588 0.5175999 0.7750707 0.8958668 0.8556092 0.6958968 0.8672753 0.4319416 0.6910479 0.0000000 0.4152778 0.4104483 0.8019882 0.6234779 0.7359490 0.6142019 0.7732262 1.0524718 0.9508767 1.0353863 0.9194314 0.7757879 0.9603148 1.0257892 1.0132206 1.0579563 0.6630273 0.8178795 0.8623952 0.8730922 0.8660259 0.8661504 0.6132923 1.0430856 0.6823752 0.9597701 0.6703243 0.7652582 1.0149815 0.9637572 0.8027848 
Nemnom_g18310.t1                        0.9567076 0.9066378 0.8072292 0.9013366 0.8092878 0.8975000 0.9554493 0.9584094 1.1893861 1.1358972 0.7210763 0.9860657 0.8462030 0.9271736 0.8756845 0.7211140 0.8389128 0.8921635 0.8583208 0.9162640 0.8626237 0.8899956 0.9985445 0.9477617 0.6497676 0.7223278 0.4152778 0.0000000 0.1316908 0.4580961 0.7214521 1.0143152 0.7340181 1.3310257 0.9338024 0.8525242 0.9928158 1.2524888 0.7347246 0.8281153 0.9405545 0.9584082 0.8587648 0.9429729 0.9989140 1.0103009 1.0238020 1.0088039 1.0161998 0.9686316 1.1348590 1.0797240 1.2318689 1.1590723 1.1014273 1.0333952 2.1075316 1.2005925 
Rhoesc_Res_001639-T1                    0.9514425 0.9215793 0.8028119 0.8848901 0.8029487 0.9031762 0.9354840 0.9290040 1.2070906 1.1555214 0.7273362 0.9781128 0.8908261 0.9135916 0.8696367 0.7145335 0.8253967 0.8729181 0.8405803 0.9101797 0.8982645 0.8963327 0.9851278 0.9367833 0.6291655 0.7385566 0.4104483 0.1316908 0.0000000 0.4365603 0.7034057 0.9887163 0.7032665 1.2851372 0.9363343 0.8391697 0.9642050 1.2404234 0.7319846 0.8427928 0.9391681 0.9758088 0.8651221 0.9457154 1.0093499 1.0126593 1.0330025 1.0143041 1.0199374 0.9733163 1.1143358 1.0886556 1.2314216 1.1414915 1.0821161 1.0375094 2.1015046 1.1675100 
Sanmal_Sma_026714-T1                    1.0007460 0.9871771 0.8911076 1.0265061 0.9325000 0.9976262 1.1098171 1.1303001 1.4394777 1.4954480 0.7883028 1.2327037 0.9903644 1.0861598 0.9477843 0.8847242 0.9803953 1.1031802 0.9647747 1.0329933 1.0022265 1.0168861 1.0897272 1.0390001 0.8488664 0.9396376 0.8019882 0.4580961 0.4365603 0.0000000 0.8921118 1.1379260 1.0872703 1.6291787 1.0315843 1.0379654 1.2179844 1.5083806 0.8839260 0.7374001 1.0552083 1.2293510 0.8111712 1.0376026 1.0414802 1.0445983 1.0800523 1.0663837 1.0634070 1.1084638 1.1870705 1.2877483 1.3780367 1.3759717 1.2168651 2.3431883 2.9237113 1.1995895 
Morvir_scaffold118.g24.t3               0.9000222 0.8666347 0.7591638 0.9023602 0.7975367 0.8166867 0.8396426 0.8834951 1.1894960 1.1199534 0.7692748 0.9242824 0.8056407 0.8339195 0.8213333 0.6476158 0.7777736 0.8421066 0.7904267 0.8567810 0.8494473 0.8637799 0.9466927 1.0166464 0.5785854 0.7259354 0.6234779 0.7214521 0.7034057 0.8921118 0.0000000 0.9747824 0.7281280 1.2761078 0.9060456 0.8286516 0.9792039 1.2182918 0.7301165 0.7712092 0.9044100 0.9448682 0.8173496 0.9665092 1.0378421 1.0060723 1.0052206 0.9870881 0.9868989 0.9323694 1.1554315 1.0693620 1.3319463 1.1703907 1.1171249 0.9132954 2.0151052 1.2535219 
Cgig_XM_034456167.1                     0.7711260 0.7058807 0.7500511 0.7461394 0.5691685 0.7292834 0.7135650 0.7344587 1.2126922 1.1835413 0.7766413 0.7532326 0.8814538 0.9507861 0.9428268 0.7585117 0.8738439 0.9383639 0.8823402 0.8947283 0.8843327 0.9683254 1.0140724 0.9633284 0.8878859 0.9560464 0.7359490 1.0143152 0.9887163 1.1379260 0.9747824 0.0000000 0.6847287 1.1899048 0.8019322 0.8023474 0.8871403 1.1614384 0.6901298 0.7013928 0.8262195 0.7959633 0.7150199 0.9693082 1.0249801 1.0117498 1.0284004 0.9955978 0.9944459 0.9515419 1.1191755 1.0729225 1.2440589 1.1794535 1.0524055 0.9592408 2.2154347 1.2506407 
Pbac_sb2666643                          0.7058766 0.6735943 0.8436132 0.7010083 0.7608949 0.8167041 0.7688393 0.6288586 0.8956800 0.8817645 0.8636302 0.8079825 0.7226620 0.7882630 0.6861318 0.7702079 0.6948191 0.8007690 0.7179092 0.7737136 0.6756566 0.6891511 0.8867230 0.8791355 0.7459010 0.7647379 0.6142019 0.7340181 0.7032665 1.0872703 0.7281280 0.6847287 0.0000000 0.0249551 0.3100598 0.3184412 0.3201332 0.3467272 0.3733075 0.2634850 0.3904374 0.3223059 0.2609409 0.8593204 0.9029825 0.9029701 0.9059311 0.9000125 0.9000125 0.9158746 0.8325086 0.8261738 0.8183634 0.8379254 0.7779797 0.5155558 0.8353890 1.5057973 
Horcal_Hcv1.av93.c8.g1017.i1            1.1441993 1.0834283 1.0941273 1.2018996 0.9939640 1.0654385 1.0506554 1.1179294 1.4813782 1.4210982 0.9116855 1.1955757 1.1526131 1.1793542 1.1333453 0.9960613 1.1617859 1.2381590 1.2226868 1.1913868 1.1566348 1.2194154 1.2309091 1.2654194 1.2543814 1.2931113 0.7732262 1.3310257 1.2851372 1.6291787 1.2761078 1.1899048 0.0249551 0.0000000 0.3206828 0.3137724 0.3246739 0.3632051 0.4066008 0.2831566 0.3908293 0.3566095 0.3043552 1.2115681 1.2878080 1.2744365 1.2821088 1.2500783 1.2533522 1.2343364 1.3214082 1.3230413 1.4808812 1.4419544 1.2505663 1.1084324 2.4057642 1.7008425 
Bolinf_Binf_sb1251206                   0.8366618 0.8698586 0.6801951 0.9209975 1.0246064 1.0044308 0.8703592 0.8596917 0.9814894 0.9413595 0.9908197 0.8168540 0.8645176 0.9177087 0.8127703 0.8802628 0.8330098 0.9213382 0.6543945 0.9320624 0.8700023 0.8825520 0.8761023 1.1315533 0.7108598 0.8931076 1.0524718 0.9338024 0.9363343 1.0315843 0.9060456 0.8019322 0.3100598 0.3206828 0.0000000 0.0016896 0.1955828 0.2131707 0.3677208 0.3226269 0.3353192 0.3732885 0.2993641 0.8804062 1.0459057 1.0216925 1.0208830 1.0169118 1.0183129 0.8080634 1.1970879 0.8890806 1.1419488 0.8741253 0.9868585 1.2012725 1.2241535 1.2011311 
Mertsp_Mesp_sb585400                    0.7635439 0.8301267 0.6694959 0.8491807 0.9508158 0.9341133 0.8286640 0.7967951 0.9626848 0.9243709 0.9723042 0.8211676 0.7710842 0.8213700 0.7267953 0.7859251 0.7576450 0.8294460 0.6479964 0.8526101 0.7984537 0.8154848 0.8677008 1.0672219 0.7108598 0.8302010 0.9508767 0.8525242 0.8391697 1.0379654 0.8286516 0.8023474 0.3184412 0.3137724 0.0016896 0.0000000 0.1770781 0.2098199 0.3677208 0.2782758 0.2938723 0.3348544 0.2476456 0.8740348 1.0341569 1.0037935 1.0027283 0.9990361 1.0003670 0.7960804 1.1186042 0.8642294 1.0334720 0.8651943 0.8949852 1.2012725 1.1341096 1.2389475 
Drygla_Dgla_sb303300                    0.9244284 0.9764539 0.7728084 0.9595771 1.0502254 1.0612617 0.9987744 0.9511742 1.0684087 1.0362453 0.9439597 0.8720695 0.9151556 1.0297124 0.9124996 0.9670240 0.9059275 0.9693631 0.8113173 0.9394262 0.9915266 1.0133164 0.9692693 1.1194620 0.8688321 0.9559099 1.0353863 0.9928158 0.9642050 1.2179844 0.9792039 0.8871403 0.3201332 0.3246739 0.1955828 0.1770781 0.0000000 0.2251255 0.3621139 0.3434623 0.3526028 0.3858958 0.2839380 0.9413746 1.0695630 1.0339957 1.0243693 1.0359644 1.0418654 0.8907079 1.1870101 0.9396783 1.1014807 0.9669287 1.0239440 1.1684755 1.3971657 1.4237640 
Lampan_Lpan_15290_01                    1.0117213 1.0805643 0.9888966 1.1443273 1.0506599 1.0609252 0.9973101 1.0835557 1.4716806 1.3841767 0.9104013 1.2262335 1.0684120 1.1905701 1.1079562 0.9179308 1.1191398 1.1784065 1.1698290 1.1279848 1.1499505 1.1661277 1.1581760 1.2098839 1.2167592 1.2685926 0.9194314 1.2524888 1.2404234 1.5083806 1.2182918 1.1614384 0.3467272 0.3632051 0.2131707 0.2098199 0.2251255 0.0000000 0.3397454 0.2356343 0.2570532 0.2763437 0.2345109 1.1862192 1.2811713 1.2645814 1.2643847 1.2360578 1.2423743 1.1815162 1.2770694 1.2465255 1.3751717 1.3684815 1.1952081 1.2472120 2.3805065 1.4863655 
Eupdun_Edun_sb10669910                  0.6824659 0.6962163 0.5558699 0.7568038 0.8077476 0.7689469 0.7854309 0.7510603 0.8575003 0.8017763 0.8514624 0.6825260 0.6999483 0.7599539 0.6099422 0.7493597 0.6814040 0.7559677 0.6033977 0.7326099 0.7315233 0.7676227 0.8034967 0.9183523 0.6554218 0.7262567 0.7757879 0.7347246 0.7319846 0.8839260 0.7301165 0.6901298 0.3733075 0.4066008 0.3677208 0.3677208 0.3621139 0.3397454 0.0000000 0.3556239 0.3783829 0.4054048 0.3738268 0.7996182 0.8779912 0.8766515 0.8714854 0.8705480 0.8699810 0.7461950 0.9409764 0.7813937 0.8316361 0.7947279 0.7685044 1.2015336 0.9074548 0.9410132 
Vmul_sbMO469699                         0.7960437 0.8101123 0.5300624 0.8846853 0.8772783 0.8997972 0.8365848 0.7845394 0.8082577 0.7771232 0.8221414 0.6457777 0.7095828 0.8728555 0.6829959 0.7959142 0.7536921 0.8082662 0.5194385 0.8440131 0.7686331 0.7880214 0.8162365 1.0333587 0.6886196 0.7873370 0.9603148 0.8281153 0.8427928 0.7374001 0.7712092 0.7013928 0.2634850 0.2831566 0.3226269 0.2782758 0.3434623 0.2356343 0.3556239 0.0000000 0.2700970 0.2981781 0.3953763 0.7542691 0.9194755 0.8624046 0.8675014 0.8523317 0.8594379 0.6779279 1.1396106 0.7320544 1.0520829 0.7774294 0.8731798 1.2433805 1.0645872 0.9904801 
Coeast_Cast_sb814027                    0.8997969 0.9263243 0.6817257 0.9747967 1.0325775 1.0302878 0.9369860 0.8854657 0.9462328 0.9376301 0.9975740 0.8416158 0.8314645 0.9149733 0.7704718 0.8630427 0.8249296 0.9241263 0.6544877 0.8852278 0.8642986 0.8990084 0.9579664 1.1844970 0.7044980 0.8718275 1.0257892 0.9405545 0.9391681 1.0552083 0.9044100 0.8262195 0.3904374 0.3908293 0.3353192 0.2938723 0.3526028 0.2570532 0.3783829 0.2700970 0.0000000 0.0471719 0.4262607 0.8256122 0.9979849 0.9787334 0.9677472 0.9501987 0.9717887 0.7919862 1.1647903 0.8693252 1.1508939 0.9002163 0.9454554 1.3622352 1.1990556 1.1428941 
Coemet_Cmet_scaffold22719_01            0.9720879 0.9856117 0.6367691 1.0570714 1.0430761 1.0937274 0.9872268 0.9487997 0.8904763 0.8361649 0.9307250 0.7208726 0.8667102 0.9187600 0.7953736 0.8763632 0.8469003 0.8517022 0.6334054 0.9069706 0.9235109 0.9658590 0.9801568 1.2090694 0.7674346 0.9314535 1.0132206 0.9584082 0.9758088 1.2293510 0.9448682 0.7959633 0.3223059 0.3566095 0.3732885 0.3348544 0.3858958 0.2763437 0.4054048 0.2981781 0.0471719 0.0000000 0.4496702 0.8351310 1.0465767 1.0007292 0.9845368 0.9714342 1.0002816 0.7728226 1.2823577 0.8711345 1.2408759 0.8878058 0.9735287 1.3400636 1.2738975 1.6332991 
Beraby_Baby_sb334657                    0.8280952 0.9043281 0.5881823 0.8995919 0.9422365 0.9850631 0.8324926 0.8124107 0.8166922 0.7828932 0.8304927 0.5799639 0.7844715 0.9040568 0.7589136 0.7714639 0.7586266 0.8383234 0.5013036 0.8435846 0.7605349 0.8069373 0.8560064 1.0364501 0.6806708 0.7904306 1.0579563 0.8587648 0.8651221 0.8111712 0.8173496 0.7150199 0.2609409 0.3043552 0.2993641 0.2476456 0.2839380 0.2345109 0.3738268 0.3953763 0.4262607 0.4496702 0.0000000 0.7480668 0.8834387 0.8292262 0.8349293 0.8317473 0.8378484 0.6351873 1.1808822 0.7988161 1.1264706 0.8096007 0.8985886 1.4360640 1.2550708 0.8569443 
Tadh_TriadT30088                        0.8497745 0.8163527 0.8002462 0.8553691 0.7061565 0.8009675 0.7624637 0.9217687 1.1601057 1.1228386 0.7221699 0.9333460 0.8302828 0.8673123 0.8234948 0.6927326 0.8097110 0.8595815 0.8701325 0.8540847 0.9137714 0.9325547 0.9402897 0.8934023 0.9647876 0.9703097 0.6630273 0.9429729 0.9457154 1.0376026 0.9665092 0.9693082 0.8593204 1.2115681 0.8804062 0.8740348 0.9413746 1.1862192 0.7996182 0.7542691 0.8256122 0.8351310 0.7480668 0.0000000 0.0168507 0.1813049 0.1725711 0.1851453 0.1875386 0.1969316 1.0487523 1.0852393 1.2184230 1.2267053 1.0346932 0.6696365 2.0791867 1.1608315 
TrH2_TrispH2_000369-RA                  0.9391950 0.8924593 0.8069361 0.9457717 0.7747185 0.8837630 0.8620957 0.9897844 1.1897839 1.1545297 0.7817051 0.9605951 0.8727131 0.9358104 0.9032418 0.7790012 0.8804885 0.9443864 0.8913438 0.8930521 0.9748948 1.0338849 1.0099841 0.9862391 0.9776930 1.0485496 0.8178795 0.9989140 1.0093499 1.0414802 1.0378421 1.0249801 0.9029825 1.2878080 1.0459057 1.0341569 1.0695630 1.2811713 0.8779912 0.9194755 0.9979849 1.0465767 0.8834387 0.0168507 0.0000000 0.1975188 0.1921420 0.1945267 0.1982450 0.1925840 1.1404259 1.1174768 1.2996900 1.2489055 1.0826425 0.9275759 2.2094468 1.1819771 
HoiH06_mRNA14836                        0.9487387 0.9205918 0.8105038 0.9607509 0.7849959 0.8695622 0.8433388 1.0182908 1.1931581 1.1422526 0.7661867 0.9621589 0.8995338 0.9392250 0.9185651 0.8051668 0.9106359 0.9575403 0.8887713 0.9169490 0.9682403 1.0094469 0.9871816 0.9893723 0.9745404 1.0340241 0.8623952 1.0103009 1.0126593 1.0445983 1.0060723 1.0117498 0.9029701 1.2744365 1.0216925 1.0037935 1.0339957 1.2645814 0.8766515 0.8624046 0.9787334 1.0007292 0.8292262 0.1813049 0.1975188 0.0000000 0.0259498 0.0717467 0.0768051 0.1187623 1.1726644 1.1288848 1.3197948 1.2408581 1.1227624 0.8477865 2.1944102 1.1621330 
HoiH23_PlH23_000424-RA                  0.9507376 0.9276233 0.8116801 0.9769683 0.7829125 0.8864601 0.8582741 1.0255928 1.1751684 1.1341099 0.7732514 0.9745643 0.9063240 0.9354741 0.9198296 0.8124216 0.9145046 0.9519302 0.8966154 0.9070036 0.9749309 1.0119450 0.9939403 0.9979925 0.9846283 1.0513341 0.8730922 1.0238020 1.0330025 1.0800523 1.0052206 1.0284004 0.9059311 1.2821088 1.0208830 1.0027283 1.0243693 1.2643847 0.8714854 0.8675014 0.9677472 0.9845368 0.8349293 0.1725711 0.1921420 0.0259498 0.0000000 0.0704157 0.0755427 0.1232243 1.1705737 1.1305570 1.3211683 1.2369352 1.1297252 0.8149948 2.1689744 1.1950947 
Hhon_g05817.t1                          0.9430668 0.9043893 0.8004102 0.9396466 0.7565618 0.8622519 0.8231962 0.9930038 1.1728728 1.1253497 0.7774375 0.9492171 0.8997934 0.9448448 0.9079416 0.7913425 0.8871610 0.9346236 0.8670401 0.8967387 0.9597771 0.9928203 0.9928727 0.9883172 0.9497503 1.0414741 0.8660259 1.0088039 1.0143041 1.0663837 0.9870881 0.9955978 0.9000125 1.2500783 1.0169118 0.9990361 1.0359644 1.2360578 0.8705480 0.8523317 0.9501987 0.9714342 0.8317473 0.1851453 0.1945267 0.0717467 0.0704157 0.0000000 0.0051427 0.1153174 1.1210440 1.1128265 1.2969312 1.2205141 1.1032682 0.9014308 2.1316203 1.1677719 
HoiH04_mRNA1697                         0.9427869 0.9065900 0.7971216 0.9458793 0.7540835 0.8618963 0.8256414 0.9902030 1.1741217 1.1253151 0.7768780 0.9514701 0.8976592 0.9400952 0.9044769 0.7897168 0.8822470 0.9328332 0.8682592 0.8888610 0.9638611 0.9921183 0.9947807 0.9900390 0.9549461 1.0445692 0.8661504 1.0161998 1.0199374 1.0634070 0.9868989 0.9944459 0.9000125 1.2533522 1.0183129 1.0003670 1.0418654 1.2423743 0.8699810 0.8594379 0.9717887 1.0002816 0.8378484 0.1875386 0.1982450 0.0768051 0.0755427 0.0051427 0.0000000 0.1139270 1.1274915 1.1147249 1.2980072 1.2202183 1.1033037 0.9065358 2.1318335 1.1639960 
HoiH11_mRNA8165                         0.8654356 0.8508174 0.8267873 0.8641368 0.6765590 0.7817812 0.7658584 0.9395730 1.1692893 1.1335439 0.7579743 0.9928885 0.8465136 0.8737257 0.8341159 0.6911826 0.8349132 0.8789684 0.8523368 0.8500662 0.8826541 0.9004898 0.9270130 0.9216173 0.9496143 0.9804961 0.6132923 0.9686316 0.9733163 1.1084638 0.9323694 0.9515419 0.9158746 1.2343364 0.8080634 0.7960804 0.8907079 1.1815162 0.7461950 0.6779279 0.7919862 0.7728226 0.6351873 0.1969316 0.1925840 0.1187623 0.1232243 0.1153174 0.1139270 0.0000000 1.0180941 1.0722685 1.1830709 1.1900775 1.0507688 0.5643361 2.0644907 1.1647709 
Tetwil_g13033.t2                        1.1062808 0.9994378 0.9577653 1.0698884 1.0230620 1.0451170 1.0711551 1.1004791 1.1752103 1.1710648 0.8103189 1.0118037 1.0254813 1.1498120 1.0932662 0.9954813 1.0172975 1.1050407 0.9296493 1.0481621 1.0808040 1.1184295 1.0277070 1.0489047 0.9307931 1.1483114 1.0430856 1.1348590 1.1143358 1.1870705 1.1554315 1.1191755 0.8325086 1.3214082 1.1970879 1.1186042 1.1870101 1.2770694 0.9409764 1.1396106 1.1647903 1.2823577 1.1808822 1.0487523 1.1404259 1.1726644 1.1705737 1.1210440 1.1274915 1.0180941 0.0000000 0.6349290 1.0197537 0.8659997 0.8726475 1.4909884 1.7984697 1.2318163 
Spolac_c104224_g2_i2_m.38972c102647-g2  0.9343817 0.8553997 0.9734472 0.9437486 0.7614306 0.8661158 0.8037033 0.9814454 1.1441842 1.1320822 0.6581229 1.0501647 0.8843368 0.9541825 0.8892104 0.7048512 0.8650666 0.9435527 0.9301848 0.9481876 0.9619547 1.0101643 0.9502466 0.8343711 0.9534619 1.0169529 0.6823752 1.0797240 1.0886556 1.2877483 1.0693620 1.0729225 0.8261738 1.3230413 0.8890806 0.8642294 0.9396783 1.2465255 0.7813937 0.7320544 0.8693252 0.8711345 0.7988161 1.0852393 1.1174768 1.1288848 1.1305570 1.1128265 1.1147249 1.0722685 0.6349290 0.0000000 0.8577179 0.8013252 0.8564347 0.7695722 1.1009250 1.2417042 
Aque_Aqu2.1.41906_001                   1.1906546 1.1193228 1.0922941 1.1592577 1.0645181 1.1163870 1.1153955 1.2473850 1.3872630 1.3885901 0.8313964 1.3130609 1.1214566 1.3103743 1.1748565 0.9138441 1.1327142 1.2313997 1.1003857 1.1613857 1.1900933 1.2559970 1.1692580 1.1773411 1.0511995 1.2217824 0.9597701 1.2318689 1.2314216 1.3780367 1.3319463 1.2440589 0.8183634 1.4808812 1.1419488 1.0334720 1.1014807 1.3751717 0.8316361 1.0520829 1.1508939 1.2408759 1.1264706 1.2184230 1.2996900 1.3197948 1.3211683 1.2969312 1.2980072 1.1830709 1.0197537 0.8577179 0.0000000 0.3531897 1.0816868 1.2470149 2.0113765 1.5056199 
Halamb_c52922_g1_i1m.34289              1.0653905 1.0097952 1.0730220 1.0320667 0.9205651 0.9449119 0.9251501 1.1317765 1.3769727 1.4049622 0.7902319 1.2125689 1.0076089 1.1575776 1.0483976 0.7787011 1.0076068 1.1012117 1.0459006 1.0136947 1.0558596 1.0391381 1.0828596 1.0388733 1.0706625 1.0906227 0.6703243 1.1590723 1.1414915 1.3759717 1.1703907 1.1794535 0.8379254 1.4419544 0.8741253 0.8651943 0.9669287 1.3684815 0.7947279 0.7774294 0.9002163 0.8878058 0.8096007 1.2267053 1.2489055 1.2408581 1.2369352 1.2205141 1.2202183 1.1900775 0.8659997 0.8013252 0.3531897 0.0000000 0.9146548 0.9175609 1.7929228 1.3764849 
Plespi_Pspi_scaffold7333_01             1.0622980 0.9320285 0.9451139 1.0007274 0.9312103 0.9569469 0.9373033 0.9863039 1.1704114 1.2506642 0.8223302 1.0275543 0.9651438 1.0589156 1.0007669 0.8381817 0.9711121 1.0538792 0.9245944 0.9767924 1.0181868 1.0549237 1.0046694 0.9268642 0.9436990 1.0891990 0.7652582 1.1014273 1.0821161 1.2168651 1.1171249 1.0524055 0.7779797 1.2505663 0.9868585 0.8949852 1.0239440 1.1952081 0.7685044 0.8731798 0.9454554 0.9735287 0.8985886 1.0346932 1.0826425 1.1227624 1.1297252 1.1032682 1.1033037 1.0507688 0.8726475 0.8564347 1.0816868 0.9146548 0.0000000 1.2417009 1.8537196 1.2622407 
Clacor_Ccor_scaffold11815_01            1.1087045 0.8519465 0.2731917 0.9377445 1.1304429 1.1440432 0.9804660 0.9414628 0.5446977 0.5687265 0.6060585 0.5885649 0.9101728 0.9184155 0.7688675 0.8485003 0.8992967 0.8645007 2.7016769 0.9315114 0.9547502 1.0991018 0.9220171 1.0308174 0.7748525 0.8866964 1.0149815 1.0333952 1.0375094 2.3431883 0.9132954 0.9592408 0.5155558 1.1084324 1.2012725 1.2012725 1.1684755 1.2472120 1.2015336 1.2433805 1.3622352 1.3400636 1.4360640 0.6696365 0.9275759 0.8477865 0.8149948 0.9014308 0.9065358 0.5643361 1.4909884 0.7695722 1.2470149 0.9175609 1.2417009 0.0000000 1.2267369 0.0000010 
Emue_Em0019g309a.t1                     2.1623790 1.9538422 1.9740397 2.0463950 1.7344685 1.7647959 1.6963905 2.0847595 2.1116501 1.9995254 0.7472705 1.9031323 1.8730786 2.0748026 1.7903249 1.2955148 1.8570695 2.1407639 2.0206199 1.9676954 2.0126600 1.9717204 1.9379694 1.9543907 1.8399301 2.0084069 0.9637572 2.1075316 2.1015046 2.9237113 2.0151052 2.2154347 0.8353890 2.4057642 1.2241535 1.1341096 1.3971657 2.3805065 0.9074548 1.0645872 1.1990556 1.2738975 1.2550708 2.0791867 2.2094468 2.1944102 2.1689744 2.1316203 2.1318335 2.0644907 1.7984697 1.1009250 2.0113765 1.7929228 1.8537196 1.2267369 0.0000000 2.9100760 
Ocar_g4797                              0.9722739 0.9731656 0.9866424 0.9814553 0.9115129 0.9645724 0.9782224 1.1387985 1.4996492 1.3784448 0.8370459 1.1744295 1.0277757 1.0388326 1.0419674 1.0238497 1.0076023 1.1465760 0.9983186 1.0443762 1.0019795 1.0480566 0.0842417 0.6694650 1.0014674 1.2645752 0.8027848 1.2005925 1.1675100 1.1995895 1.2535219 1.2506407 1.5057973 1.7008425 1.2011311 1.2389475 1.4237640 1.4863655 0.9410132 0.9904801 1.1428941 1.6332991 0.8569443 1.1608315 1.1819771 1.1621330 1.1950947 1.1677719 1.1639960 1.1647709 1.2318163 1.2417042 1.5056199 1.3764849 1.2622407 0.0000010 2.9100760 0.0000000 
