39
Hsap_ENST00000343629                                    0.0000000 1.8294663 0.9770848 2.1391937 2.2416562 2.1886870 2.3285661 2.1277455 2.1929894 2.4753964 1.2028141 2.3749316 2.0391890 2.0494651 2.3393071 2.2336691 2.2303776 2.0994841 1.0984177 2.1098773 2.2099179 2.5179691 2.1201905 2.4317670 2.4769189 2.4385537 2.3621746 3.8225492 1.2627646 0.8305478 2.1907493 1.9378229 1.7628189 2.2465633 2.5943639 4.7862800 2.3260318 2.1327253 3.2422070 
Spur_XM_011669958.2                                     1.8294663 0.0000000 0.7831622 1.6459789 1.8298611 1.8081528 1.7247885 1.7053996 1.8964041 2.3637836 1.2977357 2.1906201 1.6084327 1.7261256 1.8014444 1.7849030 1.7815829 1.6431227 0.9674003 1.6090785 1.6798254 1.9132526 1.6169559 1.8163523 2.0325294 2.1146441 2.1193243 3.2237522 1.3959403 1.1669948 1.9828234 1.3164765 1.4948962 2.1602148 2.2306488 4.6237269 1.6396718 2.0514571 2.4967052 
Tadh_TriadT24535                                        0.9770848 0.7831622 0.0000000 0.0000010 0.1656891 0.1789434 0.2153743 0.1912926 0.2188506 1.0904353 1.0040657 1.0481923 0.9048474 1.1796864 1.0315263 1.0228387 1.0228387 0.9779486 0.7149412 0.9809597 1.0237281 1.8791913 0.9528476 0.9036631 1.5693459 1.4138681 1.2358148 5.3359134 1.5524376 1.1267709 1.1841543 1.0009230 1.1633068 1.2933490 0.9805932 0.0000010 1.2309697 0.9566790 0.9372931 
TrH2_TrispH2_001526-RA                                  2.1391937 1.6459789 0.0000010 0.0000000 0.2972360 0.3022128 0.3324588 0.3324342 0.2968600 2.3810048 1.1208050 2.1741765 1.8825453 2.0361283 1.8860871 2.0741949 2.0710400 1.9519582 1.0658973 1.9007186 1.9855628 2.2154836 1.9815305 1.8495194 2.5668714 2.4659503 2.3574893 3.4098219 1.6902135 1.1746564 2.1872999 2.0610046 1.6720854 2.3475117 2.2840308 3.8466143 2.2368201 2.0423915 2.6043810 
HoiH06_mRNA11736                                        2.2416562 1.8298611 0.1656891 0.2972360 0.0000000 0.0596621 0.1650349 0.1821873 0.2293702 2.3176600 1.0625143 2.1252794 1.8674772 2.0432599 1.9477868 2.1018432 2.0986924 2.0074509 1.0363475 1.9936608 2.0914704 2.3280647 2.1798025 1.9335630 2.3588022 2.3414640 2.2289834 3.2294048 1.5672941 1.1334312 2.2307792 2.0602401 1.7051649 2.2828993 2.1741919 4.0105591 2.1817341 2.0166352 2.5461591 
HoiH23_PlH23_003295-RA                                  2.1886870 1.8081528 0.1789434 0.3022128 0.0596621 0.0000000 0.1600532 0.1658644 0.2220733 2.3337187 1.0865886 2.1094042 1.8581392 2.0219110 1.9260860 2.0847185 2.0815512 2.0167242 1.0383748 1.9692779 2.0787671 2.3031358 2.1430942 1.9737958 2.3824111 2.3589554 2.2344784 3.2585273 1.5515103 1.1334312 2.1954022 2.0713784 1.6965397 2.3814393 2.1046722 3.5961355 2.1997275 1.9692072 2.4045631 
Hhon_g02561.t1                                          2.3285661 1.7247885 0.2153743 0.3324588 0.1650349 0.1600532 0.0000000 0.0404566 0.2433363 2.3934938 1.1249192 2.1042313 1.8162261 2.1083791 1.9797418 2.1303724 2.1271617 2.0640537 1.1043546 2.0331687 2.1164443 2.3363925 2.0234563 2.0075250 2.2927109 2.2529974 2.1679184 3.1616466 1.5058028 1.1219241 2.1537120 2.0821486 1.7697087 2.3414543 2.1618802 3.6581086 2.1687601 1.9621712 2.5084573 
HoiH04_mRNA11184                                        2.1277455 1.7053996 0.1912926 0.3324342 0.1821873 0.1658644 0.0404566 0.0000000 0.2462068 2.3221547 1.1072196 2.0522520 1.6572179 2.0574215 1.8785727 1.9701574 1.9668914 1.9383302 1.0983746 1.9235408 2.0181692 2.2925799 1.9161961 1.8960952 2.2129461 2.1966930 2.0616266 3.1389970 1.5087100 1.1539652 2.0923308 1.9847155 1.7163338 2.2449282 2.1473705 3.6839416 2.0946838 2.0005097 2.4172902 
HoiH11_mRNA2932                                         2.1929894 1.8964041 0.2188506 0.2968600 0.2293702 0.2220733 0.2433363 0.2462068 0.0000000 2.5367360 1.1050465 2.2051114 1.7648090 2.1538030 1.9691942 2.1128166 2.1090539 2.0320100 1.1342414 2.0179668 2.1353949 1.9785455 2.0281555 1.9918418 2.2769043 2.2500838 2.1261471 3.3111861 1.3233999 0.8115200 2.0430041 2.0358834 1.5490841 2.3682403 2.4304804 4.1810945 2.2860504 2.0008542 2.4961388 
Aque_Aqu2.1.44188_001                                   2.4753964 2.3637836 1.0904353 2.3810048 2.3176600 2.3337187 2.3934938 2.3221547 2.5367360 0.0000000 0.5750163 0.7561210 2.3784149 2.4706283 2.5109162 2.4394445 2.4363058 2.4763043 1.4250324 2.6464595 2.5967826 3.0573101 2.5677042 2.4307895 2.8080625 2.8315045 2.7329882 3.8552372 1.7249659 1.3819806 2.3781042 2.3392919 1.9870403 2.6566977 1.4419347 2.8338293 2.4316582 1.4574362 2.1280972 
Xestes_maker-XT_scaffold4899-snap-gene-0.37-mRNA-1      1.2028141 1.2977357 1.0040657 1.1208050 1.0625143 1.0865886 1.1249192 1.1072196 1.1050465 0.5750163 0.0000000 0.5592155 1.2582426 1.3463395 1.3383733 1.2024097 1.2024097 1.1493022 1.0929128 1.2825363 1.2425251 1.6099763 1.2968694 1.2256432 1.6615448 1.8350366 1.5714478 3.5270292 1.6936696 1.3636158 1.4297244 1.3079989 1.5837797 1.5501576 0.7324454 0.6183121 1.2658011 0.6777238 0.9917376 
Halamb_c42936_g1_i3mm.1178                              2.3749316 2.1906201 1.0481923 2.1741765 2.1252794 2.1094042 2.1042313 2.0522520 2.2051114 0.7561210 0.5592155 0.0000000 2.2233812 2.4305052 2.4341535 2.4308716 2.4277103 2.3793835 1.2236389 2.5109854 2.5100732 2.7848359 2.2625487 2.2854935 2.6776309 2.8265510 2.6979727 3.8756948 1.7019691 1.3653625 2.2693521 2.1589043 1.9023659 2.6045330 1.4193202 2.1971009 2.2780713 1.4074004 1.7100907 
Acagra_model.g30369.t1                                  2.0391890 1.6084327 0.9048474 1.8825453 1.8674772 1.8581392 1.8162261 1.6572179 1.7648090 2.3784149 1.2582426 2.2233812 0.0000000 2.0796480 2.2005604 2.3262508 2.3229417 2.1405166 1.0227765 2.1494411 2.1417918 2.3576035 2.1096922 2.0332215 2.5068647 2.5240913 2.3678074 3.7522528 1.6064466 1.3237627 2.3381879 1.8418376 1.5112245 2.4589369 2.2621966 3.9289914 1.8179420 2.1400789 2.8112441 
Exapal_XM_021050791.2                                   2.0494651 1.7261256 1.1796864 2.0361283 2.0432599 2.0219110 2.1083791 2.0574215 2.1538030 2.4706283 1.3463395 2.4305052 2.0796480 0.0000000 0.5879002 0.9145325 0.9133474 0.8926015 0.6153714 0.8391142 0.8880417 1.0520980 1.3954461 1.4360891 2.2431650 2.2540188 2.2405357 3.0302404 1.3965019 1.1528586 1.7977851 2.1851882 1.7215635 2.6073070 2.4026737 4.0387904 2.0131984 2.2917204 2.6991879 
Nvec_NVE5194                                            2.3393071 1.8014444 1.0315263 1.8860871 1.9477868 1.9260860 1.9797418 1.8785727 1.9691942 2.5109162 1.3383733 2.4341535 2.2005604 0.5879002 0.0000000 0.8053409 0.8098939 0.8323239 0.5082814 0.8261539 0.8983454 1.0319585 1.4412668 1.4992362 2.1389582 2.2001049 2.2142570 3.0203057 1.5131507 1.2028883 1.8858684 2.0688875 1.9219395 2.6608740 2.3622566 3.9893694 2.0817320 2.1674120 2.6104163 
Adig_XM_015921631.1                                     2.2336691 1.7849030 1.0228387 2.0741949 2.1018432 2.0847185 2.1303724 1.9701574 2.1128166 2.4394445 1.2024097 2.4308716 2.3262508 0.9145325 0.8053409 0.0000000 0.0023208 0.2051357 0.2087763 0.2895297 0.3578922 0.4423848 1.4991679 1.5621689 2.2863683 2.2665049 2.3490889 3.2859203 1.2942856 0.9555940 1.9448743 2.2141280 2.0013661 2.4308006 2.1403576 4.1924248 2.2621892 2.2128245 2.9384117 
Amil_Amillepora10596-RA                                 2.2303776 1.7815829 1.0228387 2.0710400 2.0986924 2.0815512 2.1271617 1.9668914 2.1090539 2.4363058 1.2024097 2.4277103 2.3229417 0.9133474 0.8098939 0.0023208 0.0000000 0.2048056 0.2087763 0.2890737 0.3573411 0.4417052 1.5061803 1.5602240 2.2971104 2.2771332 2.3412850 3.2746914 1.2942856 0.9555940 1.9418326 2.2243496 2.0013661 2.4227554 2.1360050 4.1728550 2.2615860 2.2121321 2.9330147 
Gfas_gfas1.m1.10198.m1                                  2.0994841 1.6431227 0.9779486 1.9519582 2.0074509 2.0167242 2.0640537 1.9383302 2.0320100 2.4763043 1.1493022 2.3793835 2.1405166 0.8926015 0.8323239 0.2051357 0.2048056 0.0000000 0.1941032 0.2427847 0.2954394 0.3968883 1.3783548 1.4103102 2.2048777 2.2321706 2.2741820 3.2131207 1.2927034 1.0739571 1.9011126 2.0933761 1.8865864 2.3622353 2.2742085 4.4337170 2.2538221 2.0754595 2.7492429 
Fspp_ffun1.m2b.25949.m1                                 1.0984177 0.9674003 0.7149412 1.0658973 1.0363475 1.0383748 1.1043546 1.0983746 1.1342414 1.4250324 1.0929128 1.2236389 1.0227765 0.6153714 0.5082814 0.2087763 0.2087763 0.1941032 0.0000000 0.1790187 0.1801474 0.1900685 0.9186796 0.8995581 1.3023969 1.3111152 1.3739464 1.9096316 1.2540342 0.7855788 1.0136149 1.0559563 1.4286674 1.1667685 1.4577113 2.7400267 1.2921320 1.2865503 1.2568766 
Gasp_gasp1.m3.15090.m1                                  2.1098773 1.6090785 0.9809597 1.9007186 1.9936608 1.9692779 2.0331687 1.9235408 2.0179668 2.6464595 1.2825363 2.5109854 2.1494411 0.8391142 0.8261539 0.2895297 0.2890737 0.2427847 0.1790187 0.0000000 0.1916494 0.2849932 1.4182508 1.4974951 2.2403018 2.2624578 2.3431534 3.3374789 1.3037889 0.9728008 1.9102172 2.0933757 1.8615186 2.4197618 2.3421959 3.9946161 2.1496652 2.1813763 2.8259337 
Spis_XP_022805389_1                                     2.2099179 1.6798254 1.0237281 1.9855628 2.0914704 2.0787671 2.1164443 2.0181692 2.1353949 2.5967826 1.2425251 2.5100732 2.1417918 0.8880417 0.8983454 0.3578922 0.3573411 0.2954394 0.1801474 0.1916494 0.0000000 0.1695299 1.4783436 1.4877530 2.1933507 2.2189298 2.3074044 3.1771139 1.3751736 0.9803730 2.0119571 2.1329906 1.9461876 2.4762895 2.1589266 3.8786197 2.1453483 2.2584770 2.7021773 
Pocdam_XM_027204300.1                                   2.5179691 1.9132526 1.8791913 2.2154836 2.3280647 2.3031358 2.3363925 2.2925799 1.9785455 3.0573101 1.6099763 2.7848359 2.3576035 1.0520980 1.0319585 0.4423848 0.4417052 0.3968883 0.1900685 0.2849932 0.1695299 0.0000000 1.6368279 1.7023675 2.3868192 2.4239979 2.4975434 3.2516747 1.5722935 1.6720203 2.2274699 2.3908097 2.2384402 2.7739249 2.5461880 3.7145242 2.4727194 2.2195382 2.6781568 
Dgig_XM_028554210.1                                     2.1201905 1.6169559 0.9528476 1.9815305 2.1798025 2.1430942 2.0234563 1.9161961 2.0281555 2.5677042 1.2968694 2.2625487 2.1096922 1.3954461 1.4412668 1.4991679 1.5061803 1.3783548 0.9186796 1.4182508 1.4783436 1.6368279 0.0000000 0.6557705 2.1884438 2.2489745 2.1942114 3.2336354 1.3831229 1.0480150 1.8922568 2.1979759 1.8259087 2.7938475 2.5386399 4.0290405 2.3082116 2.2223426 2.8989841 
Xesp_005240-T1                                          2.4317670 1.8163523 0.9036631 1.8495194 1.9335630 1.9737958 2.0075250 1.8960952 1.9918418 2.4307895 1.2256432 2.2854935 2.0332215 1.4360891 1.4992362 1.5621689 1.5602240 1.4103102 0.8995581 1.4974951 1.4877530 1.7023675 0.6557705 0.0000000 2.3251505 2.3625906 2.3443526 3.2775054 1.3412106 1.0915492 1.8562649 2.1632136 1.9951756 2.7871719 2.3855235 3.7556979 2.4357333 2.0363979 2.6753737 
Scil_scict003507.1                                      2.4769189 2.0325294 1.5693459 2.5668714 2.3588022 2.3824111 2.2927109 2.2129461 2.2769043 2.8080625 1.6615448 2.6776309 2.5068647 2.2431650 2.1389582 2.2863683 2.2971104 2.2048777 1.3023969 2.2403018 2.1933507 2.3868192 2.1884438 2.3251505 0.0000000 0.1898891 0.2225063 0.4025374 0.5057511 0.9479519 1.2337727 2.4449426 2.1362192 2.6723769 2.5846503 3.4888528 2.3243242 2.3228658 2.9302649 
Leuniv_Lniv_C809860_01                                  2.4385537 2.1146441 1.4138681 2.4659503 2.3414640 2.3589554 2.2529974 2.1966930 2.2500838 2.8315045 1.8350366 2.8265510 2.5240913 2.2540188 2.2001049 2.2665049 2.2771332 2.2321706 1.3111152 2.2624578 2.2189298 2.4239979 2.2489745 2.3625906 0.1898891 0.0000000 0.2592847 0.4310651 0.5440812 0.9509146 1.2734773 2.4895539 2.2434612 2.7933908 2.7894109 3.5042552 2.5587912 2.3682598 2.9970685 
Lcom_lcpid53650                                         2.3621746 2.1193243 1.2358148 2.3574893 2.2289834 2.2344784 2.1679184 2.0616266 2.1261471 2.7329882 1.5714478 2.6979727 2.3678074 2.2405357 2.2142570 2.3490889 2.3412850 2.2741820 1.3739464 2.3431534 2.3074044 2.4975434 2.1942114 2.3443526 0.2225063 0.2592847 0.0000000 0.4033714 0.6029950 1.0451900 1.3443826 2.4194365 2.2405396 2.6528732 2.8067452 3.5690300 2.5323966 2.3137682 3.0408244 
Gracom_Gcom_C556540_01                                  3.8225492 3.2237522 5.3359134 3.4098219 3.2294048 3.2585273 3.1616466 3.1389970 3.3111861 3.8552372 3.5270292 3.8756948 3.7522528 3.0302404 3.0203057 3.2859203 3.2746914 3.2131207 1.9096316 3.3374789 3.1771139 3.2516747 3.2336354 3.2775054 0.4025374 0.4310651 0.4033714 0.0000000 1.7127437 4.3586021 1.6747239 3.2145265 3.4474407 3.8291903 3.8569618 3.2880820 3.4692262 3.4276461 3.8563659 
Clacor_Ccor_scaffold13215_01                            1.2627646 1.3959403 1.5524376 1.6902135 1.5672941 1.5515103 1.5058028 1.5087100 1.3233999 1.7249659 1.6936696 1.7019691 1.6064466 1.3965019 1.5131507 1.2942856 1.2942856 1.2927034 1.2540342 1.3037889 1.3751736 1.5722935 1.3831229 1.3412106 0.5057511 0.5440812 0.6029950 1.7127437 0.0000000 1.1149984 1.0051100 1.5254695 1.9803874 1.6265092 1.6633407 1.3975732 1.4145000 1.2737480 1.3470597 
Ocar_g5055                                              0.8305478 1.1669948 1.1267709 1.1746564 1.1334312 1.1334312 1.1219241 1.1539652 0.8115200 1.3819806 1.3636158 1.3653625 1.3237627 1.1528586 1.2028883 0.9555940 0.9555940 1.0739571 0.7855788 0.9728008 0.9803730 1.6720203 1.0480150 1.0915492 0.9479519 0.9509146 1.0451900 4.3586021 1.1149984 0.0000000 0.5154729 1.2721595 1.4630881 1.3569542 1.2217692 0.0000010 1.3937273 0.6906095 1.0355515 
Plajan_Pjan_C570950_01                                  2.1907493 1.9828234 1.1841543 2.1872999 2.2307792 2.1954022 2.1537120 2.0923308 2.0430041 2.3781042 1.4297244 2.2693521 2.3381879 1.7977851 1.8858684 1.9448743 1.9418326 1.9011126 1.0136149 1.9102172 2.0119571 2.2274699 1.8922568 1.8562649 1.2337727 1.2734773 1.3443826 1.6747239 1.0051100 0.5154729 0.0000000 2.3402699 1.7659750 2.5676755 2.2218893 3.4808146 2.3390974 1.8390371 2.2592097 
Skow_XM_002741592.2                                     1.9378229 1.3164765 1.0009230 2.0610046 2.0602401 2.0713784 2.0821486 1.9847155 2.0358834 2.3392919 1.3079989 2.1589043 1.8418376 2.1851882 2.0688875 2.2141280 2.2243496 2.0933761 1.0559563 2.0933757 2.1329906 2.3908097 2.1979759 2.1632136 2.4449426 2.4895539 2.4194365 3.2145265 1.5254695 1.2721595 2.3402699 0.0000000 1.5006055 2.5491259 2.1201438 3.3149797 2.0902886 2.3597063 2.8170435 
Dpul_mRNA20445                                          1.7628189 1.4948962 1.1633068 1.6720854 1.7051649 1.6965397 1.7697087 1.7163338 1.5490841 1.9870403 1.5837797 1.9023659 1.5112245 1.7215635 1.9219395 2.0013661 2.0013661 1.8865864 1.4286674 1.8615186 1.9461876 2.2384402 1.8259087 1.9951756 2.1362192 2.2434612 2.2405396 3.4474407 1.9803874 1.4630881 1.7659750 1.5006055 0.0000000 1.3399518 2.0804338 3.1292752 1.6755644 1.7875906 2.1409260 
Tcas_TC030636_001                                       2.2465633 2.1602148 1.2933490 2.3475117 2.2828993 2.3814393 2.3414543 2.2449282 2.3682403 2.6566977 1.5501576 2.6045330 2.4589369 2.6073070 2.6608740 2.4308006 2.4227554 2.3622353 1.1667685 2.4197618 2.4762895 2.7739249 2.7938475 2.7871719 2.6723769 2.7933908 2.6528732 3.8291903 1.6265092 1.3569542 2.5676755 2.5491259 1.3399518 0.0000000 2.6498032 3.9547521 2.3350891 2.7317628 3.4520603 
Emue_Em0018g155a.t1                                     2.5943639 2.2306488 0.9805932 2.2840308 2.1741919 2.1046722 2.1618802 2.1473705 2.4304804 1.4419347 0.7324454 1.4193202 2.2621966 2.4026737 2.3622566 2.1403576 2.1360050 2.2742085 1.4577113 2.3421959 2.1589266 2.5461880 2.5386399 2.3855235 2.5846503 2.7894109 2.8067452 3.8569618 1.6633407 1.2217692 2.2218893 2.1201438 2.0804338 2.6498032 0.0000000 0.3901743 2.4698623 0.9910085 1.4809825 
Spolac_c88724_g2_i1_m.5215c88724-g1                     4.7862800 4.6237269 0.0000010 3.8466143 4.0105591 3.5961355 3.6581086 3.6839416 4.1810945 2.8338293 0.6183121 2.1971009 3.9289914 4.0387904 3.9893694 4.1924248 4.1728550 4.4337170 2.7400267 3.9946161 3.8786197 3.7145242 4.0290405 3.7556979 3.4888528 3.5042552 3.5690300 3.2880820 1.3975732 0.0000010 3.4808146 3.3149797 3.1292752 3.9547521 0.3901743 0.0000000 3.4671867 1.4862152 2.0370759 
Ctel_gnl_WGS_AMQN_CAPTEDRAFT_mRNA224517                 2.3260318 1.6396718 1.2309697 2.2368201 2.1817341 2.1997275 2.1687601 2.0946838 2.2860504 2.4316582 1.2658011 2.2780713 1.8179420 2.0131984 2.0817320 2.2621892 2.2615860 2.2538221 1.2921320 2.1496652 2.1453483 2.4727194 2.3082116 2.4357333 2.3243242 2.5587912 2.5323966 3.4692262 1.4145000 1.3937273 2.3390974 2.0902886 1.6755644 2.3350891 2.4698623 3.4671867 0.0000000 2.3155083 2.4029567 
Stycar_maker-SC_scaffold109342-augustus-gene-0.8-mRNA-1 2.1327253 2.0514571 0.9566790 2.0423915 2.0166352 1.9692072 1.9621712 2.0005097 2.0008542 1.4574362 0.6777238 1.4074004 2.1400789 2.2917204 2.1674120 2.2128245 2.2121321 2.0754595 1.2865503 2.1813763 2.2584770 2.2195382 2.2223426 2.0363979 2.3228658 2.3682598 2.3137682 3.4276461 1.2737480 0.6906095 1.8390371 2.3597063 1.7875906 2.7317628 0.9910085 1.4862152 2.3155083 0.0000000 0.9894383 
Tetwil_g13688.t1                                        3.2422070 2.4967052 0.9372931 2.6043810 2.5461591 2.4045631 2.5084573 2.4172902 2.4961388 2.1280972 0.9917376 1.7100907 2.8112441 2.6991879 2.6104163 2.9384117 2.9330147 2.7492429 1.2568766 2.8259337 2.7021773 2.6781568 2.8989841 2.6753737 2.9302649 2.9970685 3.0408244 3.8563659 1.3470597 1.0355515 2.2592097 2.8170435 2.1409260 3.4520603 1.4809825 2.0370759 2.4029567 0.9894383 0.0000000 
