60
Hsap_ENST00000378060                                   0.0000000 0.6103876 0.9282022 0.8613565 0.8356658 0.9277770 1.0608943 1.1116818 1.1374141 0.8309961 1.0721327 1.1977276 1.0013984 1.1988078 1.2371353 0.7080670 1.1021129 1.1860490 1.3062260 1.3091259 1.1570239 1.2962602 1.4397654 0.8821674 1.3608524 1.2949547 1.4028832 1.2400707 1.1894637 0.8608785 1.2423994 1.1682189 1.3212518 1.3673181 0.9039449 1.2728670 1.2596788 1.2480708 1.2698928 1.2575484 1.2511379 1.2465609 0.8408376 1.2077249 1.0274018 1.7686270 2.0459241 1.1634228 1.8909798 2.1208209 1.7117973 1.7587799 1.8437172 1.8717294 1.8843777 1.8854133 1.9910142 2.3917442 1.6839907 2.2353049 
Bralan_BLAG03000975_1                                  0.6103876 0.0000000 0.8661830 0.7625775 0.8562269 0.7217226 1.0470629 1.0604887 1.1100865 0.8027298 1.0856955 1.1336172 1.0487470 1.1498145 1.0133017 0.7902998 0.9208427 0.9704905 1.0919023 1.1305151 1.1226555 1.2202845 1.2903313 0.8375128 1.2148719 1.1900794 1.2277776 1.1018375 1.2534646 0.9872151 1.1858537 1.1504463 1.3277079 1.3266448 0.8903758 1.2447401 1.2317490 1.2336425 1.2155524 1.2086762 1.2025799 1.1707254 0.6217549 1.1334157 0.9260479 1.8807871 2.1926229 1.2225408 1.8540152 2.0478351 1.6969197 1.7566074 1.8268879 1.8223413 1.8119942 1.9063484 1.9272175 2.0970157 1.7211761 2.1450825 
Cgig_XM_011458392.3                                    0.9282022 0.8661830 0.0000000 0.6309311 1.0319030 0.8582404 1.1381656 1.1247305 1.1174088 0.8930511 1.1495459 1.1964722 1.1964948 1.3791770 1.0753416 0.8167465 1.0469783 1.0521766 1.2964570 1.2841504 1.1585438 1.3828383 1.3137183 0.9249371 1.1633866 1.1818836 1.1860852 1.1033425 1.3062052 0.9405998 1.4665948 1.4509605 1.5034336 1.4065649 1.0658741 1.4470167 1.4502605 1.3745311 1.3969175 1.4043192 1.3968069 1.3667145 0.8661044 1.1737196 1.0585848 1.9678064 2.1783406 1.2860525 2.1033036 2.2917089 1.8780316 2.0357712 2.0223119 2.0499622 2.0381500 2.0255234 2.1854405 2.4461393 1.8159205 2.5193471 
Acagra_model.g13584.t1                                 0.8613565 0.7625775 0.6309311 0.0000000 0.9183508 0.7993869 1.1432595 1.0795014 1.1731542 0.9122195 1.1405209 1.2108563 1.0480193 1.2703849 1.2097404 0.9129746 1.2129132 1.1263664 1.2561238 1.2711442 1.2385177 1.4262677 1.4009869 1.0395749 1.4539270 1.4153095 1.4252529 1.2760079 1.3982654 1.0163928 1.3439747 1.3314685 1.4949894 1.4896768 0.9641783 1.4861742 1.4895013 1.4476384 1.4455781 1.4527079 1.4448683 1.4640248 0.8460723 1.1687006 1.0270828 1.9188516 2.3509286 1.2040944 2.0516698 2.0294832 1.9571922 2.0263822 2.0143677 2.0436250 2.0318953 1.9955351 2.1374541 2.3356165 1.8049988 2.0348646 
Skow_XM_006824413.1                                    0.8356658 0.8562269 1.0319030 0.9183508 0.0000000 0.8683533 1.0668178 1.0692723 1.1217324 0.9481588 1.1193095 1.2158299 1.1520767 1.2166274 1.2179909 0.6280706 1.1699932 1.1661632 1.2214142 1.1962731 1.2338182 1.3738552 1.3474818 0.9568090 1.2074601 1.1827266 1.2451913 1.1619511 1.4917795 1.0347753 1.4337348 1.4186531 1.4763306 1.5941296 0.8175508 1.3504664 1.3276976 1.3629841 1.3475291 1.3027803 1.2960088 1.3403264 1.0370781 1.1889865 0.9756353 1.8660634 2.2441652 1.2065339 1.9504026 2.0651222 1.8818126 2.0531660 2.0765041 1.9629582 1.9518203 2.0225425 2.1706879 2.4280312 1.9899896 1.9715543 
Exapal_XM_021061831.2                                  0.9277770 0.7217226 0.8582404 0.7993869 0.8683533 0.0000000 0.2151176 0.3527918 0.3756996 0.3786492 0.3942955 0.4232250 0.5868501 0.6998671 0.6845050 1.4166436 0.9194881 0.7784619 0.7556162 0.7449862 0.7367699 0.8384573 0.9383627 0.9867235 0.9647381 1.0281272 1.0220448 0.9081744 0.7681917 0.7194163 0.7574167 0.7803394 0.9293106 0.7731739 0.8272666 1.0544630 1.0544630 0.9965272 1.0665227 1.0874517 1.0874517 1.0718519 0.7081486 1.1839923 1.2059666 2.0591086 4.6034570 1.0439782 1.7693484 1.4086186 1.8008906 1.6101522 2.0510975 1.7104504 1.6875689 1.8695558 1.7799803 2.3264963 1.8015647 0.7956762 
Nvec_v1g87710                                          1.0608943 1.0470629 1.1381656 1.1432595 1.0668178 0.2151176 0.0000000 0.3922854 0.4141719 0.4057831 0.4126237 0.4422299 0.7840903 0.9521949 1.0674578 0.7882753 0.9459456 1.0365037 1.0700885 1.0886215 0.9332478 1.0893417 1.1215920 0.8436997 1.1068481 1.1406897 1.1795535 1.1398319 1.1549354 0.6252937 0.9567000 0.9200575 1.0298609 1.1054020 1.0651788 1.0625614 1.0511993 1.0721519 1.0650663 1.0483255 1.0542389 1.0841167 0.6689029 1.3294052 1.4373741 0.8853527 1.1610747 1.3873815 2.0097903 1.9773184 1.8890586 1.8941213 2.0481609 1.8914967 1.8807038 1.9426667 2.0322308 2.2054024 1.9129712 1.6407162 
Gfas_gfas1.m1.4180.m1                                  1.1116818 1.0604887 1.1247305 1.0795014 1.0692723 0.3527918 0.3922854 0.0000000 0.1485236 0.2296387 0.1872973 0.1811692 0.7431706 0.8180364 0.9716886 0.5632221 0.9187082 0.9899995 1.0102132 0.9899420 0.7911415 1.0171252 1.1089511 0.7716637 1.0524726 1.0164701 1.1060464 1.0644287 1.1805828 0.6521245 0.9734497 0.9706879 1.0087314 1.1658967 1.1340471 0.9900745 0.9795420 0.9839009 0.9898619 0.9918257 1.0000976 1.0502386 0.7381487 1.2974155 1.3869302 0.6020096 0.6912072 1.3800945 1.9137288 1.9471285 1.7257541 1.9017600 1.9972592 1.7538417 1.7436946 1.9082378 1.9831459 2.2693655 1.9497832 1.8361009 
Fspp_ffun1.m4.20676.m1                                 1.1374141 1.1100865 1.1174088 1.1731542 1.1217324 0.3756996 0.4141719 0.1485236 0.0000000 0.1467732 0.1483432 0.1212117 0.7595658 0.8284023 0.9155245 0.4276088 0.8680336 1.0071676 0.9789864 1.0009597 0.7915629 0.9843974 1.0784948 0.7632457 1.0554498 1.0339428 1.1396780 1.0566167 1.1947798 0.6582803 0.9541161 0.9344054 0.9547364 1.1705211 1.1783303 1.0310589 1.0122598 0.9911442 1.0158045 1.0046483 1.0104686 1.0389538 0.6578594 1.2522282 1.4340977 0.6394419 0.7122617 1.3728679 1.9371397 1.9903767 1.6922137 1.8778117 2.0322785 1.7582132 1.7475219 1.9091517 1.8387878 2.1008697 1.9485577 1.9629141 
Spis_XP_022787933_1                                    0.8309961 0.8027298 0.8930511 0.9122195 0.9481588 0.3786492 0.4057831 0.2296387 0.1467732 0.0000000 0.0270799 0.1977578 0.6283161 0.6697303 0.6590750 0.6373757 0.8831850 0.7984165 0.7658115 0.7379767 0.7256296 0.6835243 0.8720608 0.8044292 0.8265792 0.8738412 0.9032681 0.7978230 0.7830003 0.7260762 0.7143962 0.7641171 0.7940524 0.7330830 0.8642199 1.1836827 1.1836827 1.1327855 1.2018486 1.2156958 1.2156958 1.1825024 0.7783252 1.1940146 1.1940285 1.6373338 3.8701902 1.1268076 1.6994337 1.0352897 1.6644304 1.6184968 1.8975886 1.6597229 1.6363136 1.7419296 1.5292544 2.1957414 1.6738747 1.6189263 
Pocdam_XM_027202197.1                                  1.0721327 1.0856955 1.1495459 1.1405209 1.1193095 0.3942955 0.4126237 0.1872973 0.1483432 0.0270799 0.0000000 0.1888802 0.7767314 0.8521601 1.0172250 0.5680254 0.9347797 1.0463304 1.0257400 1.0286534 0.8622665 1.0390367 1.1511246 0.7719800 1.0493440 1.0533200 1.1066200 1.0018471 1.2070740 0.7064644 0.9574293 0.9427578 1.0149081 1.1641945 1.1420401 1.1253851 1.1065342 1.0682206 1.0790820 1.0729536 1.0787739 1.1180412 0.7553839 1.3051992 1.4608178 0.5540939 0.6966874 1.3970158 2.0054349 1.9980820 1.8479768 2.0152074 2.0735929 1.7644494 1.7543994 1.9912081 1.9178659 2.1756248 2.0236244 1.7705515 
Gasp_gasp1.m3.9276.m1                                  1.1977276 1.1336172 1.1964722 1.2108563 1.2158299 0.4232250 0.4422299 0.1811692 0.1212117 0.1977578 0.1888802 0.0000000 0.7935592 0.8809666 0.9970440 0.6568152 0.9521630 1.0512610 1.0634898 1.0923095 0.7966618 1.0403996 1.1252442 0.8165590 1.1064006 1.0438118 1.1446039 1.0954944 1.2034592 0.7724079 0.9812086 0.9876022 1.0456685 1.2134009 1.2268395 1.0774762 1.0578239 1.0413110 1.0804685 1.0611465 1.0673994 1.1316800 0.7615480 1.3557827 1.5062538 0.6660980 0.7049342 1.4877888 2.0790609 2.1115201 1.8760781 1.9872009 2.1608018 1.8603480 1.8488647 1.9859040 1.8763582 2.1908105 2.0200912 1.7345406 
Dgig_XM_028542148.1                                    1.0013984 1.0487470 1.1964948 1.0480193 1.1520767 0.5868501 0.7840903 0.7431706 0.7595658 0.6283161 0.7767314 0.7935592 0.0000000 0.3807906 0.9860568 0.5053847 0.9357544 0.9597366 1.0481865 0.9763808 1.0775311 1.1404957 1.1705143 0.7421505 1.2062765 1.1658100 1.2157616 1.0433275 1.1161502 0.6747942 0.9212764 0.9535980 1.0309062 1.2311643 1.2162222 1.0528768 1.0553606 1.0842216 1.0672270 1.0839284 1.0749720 1.0735151 0.6569311 1.2824118 1.2724103 1.4055002 2.1340837 1.4964860 1.8904628 2.0612916 1.6943655 1.7492054 1.8418908 1.7423440 1.7379398 1.9389000 2.0382564 2.0945265 1.8843549 1.5631983 
Xesp_015926-T1                                         1.1988078 1.1498145 1.3791770 1.2703849 1.2166274 0.6998671 0.9521949 0.8180364 0.8284023 0.6697303 0.8521601 0.8809666 0.3807906 0.0000000 1.1296577 0.5873309 1.1384247 1.1366199 1.1472008 1.0734279 1.1065660 1.1939236 1.2430536 0.8349673 1.2974140 1.2889101 1.3247308 1.2112390 1.3809132 0.9163036 1.1691916 1.2054532 1.2576786 1.3293880 1.3904322 1.2540274 1.2329435 1.2720404 1.2361162 1.2954469 1.3025817 1.1904572 0.8319997 1.4714648 1.4908795 1.4571236 1.9831628 1.6154835 1.9245375 2.0019922 1.7139332 1.7839960 1.8756742 1.7359472 1.7258443 1.9097697 2.0387383 2.2709019 1.9668365 1.8740843 
Tetwil_g11205.t1                                       1.2371353 1.0133017 1.0753416 1.2097404 1.2179909 0.6845050 1.0674578 0.9716886 0.9155245 0.6590750 1.0172250 0.9970440 0.9860568 1.1296577 0.0000000 0.4398866 0.8411720 0.8122874 0.5496523 0.5607887 0.5641498 0.6939632 0.7125721 0.6873164 0.9180312 0.9348775 1.0190493 0.8765881 1.0921060 0.7584425 1.2199375 1.2088006 1.2735865 1.1154238 1.2702105 1.2162453 1.2109956 1.1679206 1.1615608 1.1530322 1.1471667 1.0708589 0.4308476 1.3376897 1.3053759 1.7506015 2.5943757 1.5464093 1.9141578 2.1842310 1.6535663 1.8121244 1.9017873 1.7221580 1.7117148 1.8063177 1.7486491 2.0486532 1.8094393 2.2187436 
Ocar_g4340                                             0.7080670 0.7902998 0.8167465 0.9129746 0.6280706 1.4166436 0.7882753 0.5632221 0.4276088 0.6373757 0.5680254 0.6568152 0.5053847 0.5873309 0.4398866 0.0000000 0.0201279 0.2890786 0.5357893 0.4627971 0.7640604 0.5130074 0.5424381 0.5734951 0.5514554 0.5968506 0.6065179 0.4876024 0.7436377 0.7419836 0.6853910 0.6849648 0.7615257 0.6500528 0.8774564 0.7496951 0.7496951 0.7672268 0.7732857 0.7923912 0.7923912 0.7691510 1.8261053 0.8532757 0.9196161 0.6915198 8.9999988 1.0462249 1.1573675 1.2325365 1.1676673 1.1434679 1.1280246 1.0842797 1.0842797 1.0286209 1.1573682 1.1411310 1.1981789 0.9437925 
Opea_EP00118_Oscarella_pearsei_P005111                 1.1021129 0.9208427 1.0469783 1.2129132 1.1699932 0.9194881 0.9459456 0.9187082 0.8680336 0.8831850 0.9347797 0.9521630 0.9357544 1.1384247 0.8411720 0.0201279 0.0000000 0.5280623 0.8684958 0.8391625 1.0430637 1.0238435 0.9735513 0.7206245 0.8557543 0.8273723 0.9130662 0.8109769 1.2332531 0.7295507 1.1069910 1.0824689 1.1403648 1.1943663 1.2684560 1.0069860 0.9992644 1.0117452 0.9791942 0.9875380 0.9999799 0.9743859 0.7272242 1.4624489 1.2733790 1.4989844 1.7699566 1.3943366 1.8412516 1.9507433 1.6963649 1.8086611 1.8681995 1.6471970 1.6376114 1.6714530 1.8112650 1.9073214 1.7050741 1.8573134 
Plajan_Pjan_C555225_01                                 1.1860490 0.9704905 1.0521766 1.1263664 1.1661632 0.7784619 1.0365037 0.9899995 1.0071676 0.7984165 1.0463304 1.0512610 0.9597366 1.1366199 0.8122874 0.2890786 0.5280623 0.0000000 0.9162341 0.8967157 0.8740866 0.9421305 1.0099022 0.7030239 0.9423059 0.9051092 0.9721085 0.8415912 1.1392399 0.8070298 1.2226645 1.2435460 1.2911740 1.1863387 1.2279574 1.2291782 1.2185371 1.1563145 1.1303348 1.1215803 1.1305247 1.1342907 0.7038211 1.3011607 1.2640874 1.7851607 2.3202584 1.3958340 2.0128024 2.1891695 1.7251652 1.8024689 1.9367046 1.7534998 1.7431857 1.6898685 1.7600645 1.9825259 1.8772762 2.0470780 
Emue_Em0022g696a.t1                                    1.3062260 1.0919023 1.2964570 1.2561238 1.2214142 0.7556162 1.0700885 1.0102132 0.9789864 0.7658115 1.0257400 1.0634898 1.0481865 1.1472008 0.5496523 0.5357893 0.8684958 0.9162341 0.0000000 0.1228903 0.7148092 0.7482399 0.7259260 0.8471525 1.0735322 1.0372768 1.1315649 0.9701617 1.0849021 0.9128713 1.3135645 1.3200015 1.3251374 1.1630425 1.3106561 1.1712383 1.1622846 1.1889043 1.1520037 1.1735704 1.1773573 1.1096409 0.5632389 1.4687015 1.3999320 1.6881349 2.4663034 1.6102839 2.0142827 1.9734713 1.6749931 1.8285298 2.0261481 1.7830264 1.7727059 1.7093061 1.7768222 2.1937501 1.8065413 2.0102458 
Spolac_c102993_g3_i2_m.32011c102993-g3                 1.3091259 1.1305151 1.2841504 1.2711442 1.1962731 0.7449862 1.0886215 0.9899420 1.0009597 0.7379767 1.0286534 1.0923095 0.9763808 1.0734279 0.5607887 0.4627971 0.8391625 0.8967157 0.1228903 0.0000000 0.6852367 0.7267539 0.7427892 0.7331564 0.9998769 0.9986174 1.1022962 0.9576857 1.0753179 0.8707428 1.2655797 1.2600838 1.3462516 1.1428926 1.2525831 1.2084193 1.1992112 1.2376081 1.1981172 1.2074011 1.1973196 1.1285064 0.5505067 1.5049971 1.4132548 1.6592012 2.5458045 1.5749510 1.9590710 2.0841201 1.6573750 1.8935547 2.0342887 1.8486747 1.8380117 1.7473027 1.8260556 2.2574128 1.8277473 2.1174611 
Aque_Aqu2.1.34458_001                                  1.1570239 1.1226555 1.1585438 1.2385177 1.2338182 0.7367699 0.9332478 0.7911415 0.7915629 0.7256296 0.8622665 0.7966618 1.0775311 1.1065660 0.5641498 0.7640604 1.0430637 0.8740866 0.7148092 0.6852367 0.0000000 0.2487705 0.4161973 0.7540800 0.9690510 0.9425356 0.9819129 0.7954906 1.1943421 1.1983092 1.2405798 1.2729398 1.3800417 0.9893741 0.9889339 1.1806719 1.1806719 1.2104677 1.2233567 1.1909574 1.1909574 1.0666325 0.6045635 1.2307898 1.4966022 1.9539378 2.4403234 1.2609937 1.8994431 2.3912447 1.7703351 1.7286954 2.0003968 1.7463687 1.7165997 1.7527712 1.6518093 2.6797052 1.7278982 2.7209464 
Halamb_c47272_g1_i1mm.2211                             1.2962602 1.2202845 1.3828383 1.4262677 1.3738552 0.8384573 1.0893417 1.0171252 0.9843974 0.6835243 1.0390367 1.0403996 1.1404957 1.1939236 0.6939632 0.5130074 1.0238435 0.9421305 0.7482399 0.7267539 0.2487705 0.0000000 0.3226839 0.8360207 1.2273712 1.1744469 1.2349918 1.0440635 1.1878766 1.0337852 1.3369535 1.3387183 1.3794265 1.2286143 1.2938478 1.2074958 1.2184138 1.2707601 1.2788275 1.2403032 1.2477714 1.1975230 0.6642908 1.3977312 1.5049532 1.7067216 2.4370032 1.5308938 1.8454396 1.9959232 1.5736823 1.7157283 1.8165812 1.7101218 1.7057579 1.7225415 1.6802157 2.0809971 1.6752225 2.4845272 
Xestes_maker-XT_scaffold35652-augustus-gene-0.6-mRNA-1 1.4397654 1.2903313 1.3137183 1.4009869 1.3474818 0.9383627 1.1215920 1.1089511 1.0784948 0.8720608 1.1511246 1.1252442 1.1705143 1.2430536 0.7125721 0.5424381 0.9735513 1.0099022 0.7259260 0.7427892 0.4161973 0.3226839 0.0000000 0.9128109 1.2292394 1.1769755 1.2029498 1.1298678 1.2238601 0.9541127 1.3914294 1.3241633 1.4125152 1.3061568 1.3945461 1.2318252 1.2465486 1.2628379 1.2628270 1.2731500 1.2595318 1.1806998 0.7916144 1.3437433 1.5988921 1.8465012 2.6301162 1.5653324 1.8260718 1.9832170 1.6718931 1.8088491 1.8111295 1.7107579 1.7063646 1.8129969 1.7845843 2.0990552 1.8031737 2.6099054 
Scil_scict010932.1                                     0.8821674 0.8375128 0.9249371 1.0395749 0.9568090 0.9867235 0.8436997 0.7716637 0.7632457 0.8044292 0.7719800 0.8165590 0.7421505 0.8349673 0.6873164 0.5734951 0.7206245 0.7030239 0.8471525 0.7331564 0.7540800 0.8360207 0.9128109 0.0000000 0.1254198 0.1872574 0.1678313 0.3230068 0.8393843 1.0466608 0.9314591 0.9578759 1.0130838 0.8258363 0.9709341 1.0752804 1.0752804 1.0816447 1.0929072 1.0837605 1.0837605 1.0857179 0.8088755 1.0724638 1.0740280 1.7177068 4.6073668 1.2478033 1.4079384 1.5247714 1.1907893 1.2346956 1.2294466 1.2277338 1.2152216 1.3289511 1.3247712 1.7189095 1.1977792 1.1532800 
Leuniv_Lniv_scaffold6350_01                            1.3608524 1.2148719 1.1633866 1.4539270 1.2074601 0.9647381 1.1068481 1.0524726 1.0554498 0.8265792 1.0493440 1.1064006 1.2062765 1.2974140 0.9180312 0.5514554 0.8557543 0.9423059 1.0735322 0.9998769 0.9690510 1.2273712 1.2292394 0.1254198 0.0000000 0.1680223 0.1744993 0.3987320 1.3493703 1.0537279 1.3485874 1.3188796 1.4736524 1.2720856 1.2841436 1.3034889 1.2934519 1.3322201 1.3466808 1.2708481 1.2642282 1.2991474 0.8814689 1.5686830 1.4480367 1.7711290 2.4077363 1.7257129 2.0566644 2.3831679 1.4929679 1.9258011 1.9496829 1.7601255 1.7495984 1.7063926 1.6674969 2.2064561 1.5979361 2.3024408 
Lcom_lcpid80301                                        1.2949547 1.1900794 1.1818836 1.4153095 1.1827266 1.0281272 1.1406897 1.0164701 1.0339428 0.8738412 1.0533200 1.0438118 1.1658100 1.2889101 0.9348775 0.5968506 0.8273723 0.9051092 1.0372768 0.9986174 0.9425356 1.1744469 1.1769755 0.1872574 0.1680223 0.0000000 0.2218770 0.3872477 1.3944058 1.0426270 1.3543998 1.3054053 1.4641464 1.2613462 1.2585418 1.2945855 1.2732255 1.2386736 1.2303378 1.2203455 1.2234976 1.2585203 0.8560926 1.4715729 1.4236344 1.6583645 2.2016929 1.6326460 1.8800434 1.9893124 1.4835810 1.9071327 1.8329726 1.7555265 1.7453072 1.6681189 1.6776458 2.1646181 1.5972892 2.1818861 
Gracom_Gcom_scaffold1958_01                            1.4028832 1.2277776 1.1860852 1.4252529 1.2451913 1.0220448 1.1795535 1.1060464 1.1396780 0.9032681 1.1066200 1.1446039 1.2157616 1.3247308 1.0190493 0.6065179 0.9130662 0.9721085 1.1315649 1.1022962 0.9819129 1.2349918 1.2029498 0.1678313 0.1744993 0.2218770 0.0000000 0.4766692 1.3966372 1.0204372 1.2883436 1.2765243 1.4158542 1.2614111 1.3063198 1.2180900 1.2129152 1.2545536 1.2602437 1.2539086 1.2578268 1.2851552 1.0017275 1.6033826 1.3744693 1.8066872 2.3530151 1.7261488 1.9897510 2.0474294 1.5190499 1.8931030 1.8586787 1.7342631 1.7237961 1.8787474 1.8115871 2.2347247 1.5748266 2.1563682 
Clacor_Ccor_C535905_01                                 1.2400707 1.1018375 1.1033425 1.2760079 1.1619511 0.9081744 1.1398319 1.0644287 1.0566167 0.7978230 1.0018471 1.0954944 1.0433275 1.2112390 0.8765881 0.4876024 0.8109769 0.8415912 0.9701617 0.9576857 0.7954906 1.0440635 1.1298678 0.3230068 0.3987320 0.3872477 0.4766692 0.0000000 1.2828569 0.9469464 1.2820010 1.2113967 1.3871008 1.1070779 1.1954959 1.1772152 1.1835797 1.2083909 1.1987393 1.1661160 1.1700878 1.1452213 0.7629710 1.4762254 1.3040811 1.7315039 2.5782410 1.4293782 1.8345223 2.0982847 1.4441113 1.8491566 1.6836530 1.6039163 1.5933942 1.8954923 1.8298910 2.2569190 1.7132500 2.2848521 
Hvul_g27063_1                                          1.1894637 1.2534646 1.3062052 1.3982654 1.4917795 0.7681917 1.1549354 1.1805828 1.1947798 0.7830003 1.2070740 1.2034592 1.1161502 1.3809132 1.0921060 0.7436377 1.2332531 1.1392399 1.0849021 1.0753179 1.1943421 1.1878766 1.2238601 0.8393843 1.3493703 1.3944058 1.3966372 1.2828569 0.0000000 0.5857394 0.9520739 0.9506689 1.0103100 0.6795985 1.4227729 1.2147063 1.2392967 1.2778253 1.2736622 1.2509536 1.2671237 1.2668055 0.7813947 1.4668687 1.4615726 1.9789927 2.6475758 1.4322689 1.9617901 2.1599906 1.8388954 1.9006190 2.0001252 1.7770092 1.7952466 2.0067830 2.0364345 2.2510297 1.8317254 1.8253802 
Aaur_scaffold284.g2.t2                                 0.8608785 0.9872151 0.9405998 1.0163928 1.0347753 0.7194163 0.6252937 0.6521245 0.6582803 0.7260762 0.7064644 0.7724079 0.6747942 0.9163036 0.7584425 0.7419836 0.7295507 0.8070298 0.9128713 0.8707428 1.1983092 1.0337852 0.9541127 1.0466608 1.0537279 1.0426270 1.0204372 0.9469464 0.5857394 0.0000000 0.2598951 0.2071731 0.3645660 0.6495007 0.8518487 0.9678637 0.9678637 0.9273382 0.9517729 0.8844847 0.8844847 0.9481064 0.8904645 1.2139841 1.1809405 2.0247112 4.4045399 1.0442032 1.6779262 1.2446870 1.7278671 1.4935175 1.6130569 1.5693837 1.5901247 1.7146291 1.6302232 2.0142341 1.5260892 1.8013141 
Nemnom_g1386.t1                                        1.2423994 1.1858537 1.4665948 1.3439747 1.4337348 0.7574167 0.9567000 0.9734497 0.9541161 0.7143962 0.9574293 0.9812086 0.9212764 1.1691916 1.2199375 0.6853910 1.1069910 1.2226645 1.3135645 1.2655797 1.2405798 1.3369535 1.3914294 0.9314591 1.3485874 1.3543998 1.2883436 1.2820010 0.9520739 0.2598951 0.0000000 0.1394463 0.4517041 0.9409865 1.3545779 1.2192968 1.2232405 1.2151349 1.2162517 1.1629110 1.1571000 1.2202140 0.8679069 1.3703704 1.4351452 1.6495212 2.2508372 1.5894032 2.0759513 1.9102093 1.9689264 2.1129875 1.9997103 1.9710423 1.9566626 2.1748230 2.1160255 2.2877923 1.9726309 1.3314213 
Rhoesc_Res_000588-T1                                   1.1682189 1.1504463 1.4509605 1.3314685 1.4186531 0.7803394 0.9200575 0.9706879 0.9344054 0.7641171 0.9427578 0.9876022 0.9535980 1.2054532 1.2088006 0.6849648 1.0824689 1.2435460 1.3200015 1.2600838 1.2729398 1.3387183 1.3241633 0.9578759 1.3188796 1.3054053 1.2765243 1.2113967 0.9506689 0.2071731 0.1394463 0.0000000 0.4122965 0.9105765 1.2612516 1.1481922 1.1519100 1.1911922 1.1746603 1.1373668 1.1316862 1.1381174 0.9137009 1.3637453 1.3589617 1.5869027 2.0777623 1.5465041 1.9645264 1.8614036 1.8944269 2.0630219 1.9391556 1.8592092 1.8688243 2.1799513 2.1136949 2.2573467 2.0384785 1.2885294 
Sanmal_Sma_011265-T1                                   1.3212518 1.3277079 1.5034336 1.4949894 1.4763306 0.9293106 1.0298609 1.0087314 0.9547364 0.7940524 1.0149081 1.0456685 1.0309062 1.2576786 1.2735865 0.7615257 1.1403648 1.2911740 1.3251374 1.3462516 1.3800417 1.3794265 1.4125152 1.0130838 1.4736524 1.4641464 1.4158542 1.3871008 1.0103100 0.3645660 0.4517041 0.4122965 0.0000000 0.9744660 1.4611954 1.1768175 1.1800105 1.1822592 1.1877023 1.1810318 1.1847817 1.2153756 1.1243571 1.5831280 1.3749291 1.6854653 2.2129633 1.6483372 2.0122470 1.9448385 1.8430729 1.8982968 2.0907545 1.9779504 1.9851271 2.0110033 2.0554104 2.5337393 1.9044931 1.2484912 
Chem_TCONS_00014248                                    1.3673181 1.3266448 1.4065649 1.4896768 1.5941296 0.7731739 1.1054020 1.1658967 1.1705211 0.7330830 1.1641945 1.2134009 1.2311643 1.3293880 1.1154238 0.6500528 1.1943663 1.1863387 1.1630425 1.1428926 0.9893741 1.2286143 1.3061568 0.8258363 1.2720856 1.2613462 1.2614111 1.1070779 0.6795985 0.6495007 0.9409865 0.9105765 0.9744660 0.0000000 1.3970754 1.3318362 1.3403753 1.3350335 1.3142618 1.2555928 1.2659104 1.2767077 0.9360377 1.5490155 1.4276294 1.8654502 2.7151615 1.5147359 2.2011092 2.1749784 1.8397093 2.2778743 2.2052116 2.0569474 2.0704499 2.2694832 2.2590625 2.6314612 2.0324424 1.7025231 
Spur_XM_030980879.1                                    0.9039449 0.8903758 1.0658741 0.9641783 0.8175508 0.8272666 1.0651788 1.1340471 1.1783303 0.8642199 1.1420401 1.2268395 1.2162222 1.3904322 1.2702105 0.8774564 1.2684560 1.2279574 1.3106561 1.2525831 0.9889339 1.2938478 1.3945461 0.9709341 1.2841436 1.2585418 1.3063198 1.1954959 1.4227729 0.8518487 1.3545779 1.2612516 1.4611954 1.3970754 0.0000000 1.4116286 1.4148235 1.4556957 1.4310860 1.3797109 1.3680174 1.4110512 0.7502933 1.1898843 1.2218633 1.8692360 2.3599466 1.2991644 2.3000087 2.6190511 1.9091970 2.1618916 2.0746723 2.1525250 2.1400685 2.1469584 2.2334807 2.4909504 1.7949580 2.3715690 
Tadh_TriadT33711                                       1.2728670 1.2447401 1.4470167 1.4861742 1.3504664 1.0544630 1.0625614 0.9900745 1.0310589 1.1836827 1.1253851 1.0774762 1.0528768 1.2540274 1.2162453 0.7496951 1.0069860 1.2291782 1.1712383 1.2084193 1.1806719 1.2074958 1.2318252 1.0752804 1.3034889 1.2945855 1.2180900 1.1772152 1.2147063 0.9678637 1.2192968 1.1481922 1.1768175 1.3318362 1.4116286 0.0000000 0.0056180 0.2282460 0.2307387 0.2263815 0.2307434 0.2192023 1.1054355 1.5524618 1.4822162 1.5616988 2.0069368 1.5617669 2.0604697 2.0948787 1.8991251 2.0683395 2.1719348 1.8484899 1.8437239 1.9262640 2.1132920 2.4037157 1.9692225 1.6264049 
TrH2_TrispH2_008356-RA                                 1.2596788 1.2317490 1.4502605 1.4895013 1.3276976 1.0544630 1.0511993 0.9795420 1.0122598 1.1836827 1.1065342 1.0578239 1.0553606 1.2329435 1.2109956 0.7496951 0.9992644 1.2185371 1.1622846 1.1992112 1.1806719 1.2184138 1.2465486 1.0752804 1.2934519 1.2732255 1.2129152 1.1835797 1.2392967 0.9678637 1.2232405 1.1519100 1.1800105 1.3403753 1.4148235 0.0056180 0.0000000 0.2204164 0.2269235 0.2225484 0.2268830 0.2150152 1.1054355 1.5535590 1.4764869 1.5335776 1.9438472 1.5779390 2.0692745 2.1087683 1.8991251 2.0764249 2.1896413 1.8713450 1.8604827 1.9103242 2.1211262 2.4129591 1.9424592 1.6280413 
HoiH06_mRNA7668                                        1.2480708 1.2336425 1.3745311 1.4476384 1.3629841 0.9965272 1.0721519 0.9839009 0.9911442 1.1327855 1.0682206 1.0413110 1.0842216 1.2720404 1.1679206 0.7672268 1.0117452 1.1563145 1.1889043 1.2376081 1.2104677 1.2707601 1.2628379 1.0816447 1.3322201 1.2386736 1.2545536 1.2083909 1.2778253 0.9273382 1.2151349 1.1911922 1.1822592 1.3350335 1.4556957 0.2282460 0.2204164 0.0000000 0.0593253 0.1219738 0.1256177 0.1381325 1.0542505 1.4425405 1.4692344 1.4889820 1.8215187 1.5328904 2.1698373 2.2671898 2.0004718 2.1699421 2.1360931 1.8670062 1.8561598 1.8968438 2.0642139 2.4747176 2.0826108 1.7755908 
HoiH23_PlH23_006031-RA                                 1.2698928 1.2155524 1.3969175 1.4455781 1.3475291 1.0665227 1.0650663 0.9898619 1.0158045 1.2018486 1.0790820 1.0804685 1.0672270 1.2361162 1.1615608 0.7732857 0.9791942 1.1303348 1.1520037 1.1981172 1.2233567 1.2788275 1.2628270 1.0929072 1.3466808 1.2303378 1.2602437 1.1987393 1.2736622 0.9517729 1.2162517 1.1746603 1.1877023 1.3142618 1.4310860 0.2307387 0.2269235 0.0593253 0.0000000 0.1148212 0.1184064 0.1222754 1.0635986 1.4794102 1.4804643 1.4834182 1.8143831 1.5295877 2.1994764 2.2700832 1.9802382 2.1856323 2.1965498 1.8581301 1.8473779 1.9030133 2.1347323 2.4719183 2.1363312 1.8174472 
Hhon_g03224.t1                                         1.2575484 1.2086762 1.4043192 1.4527079 1.3027803 1.0874517 1.0483255 0.9918257 1.0046483 1.2156958 1.0729536 1.0611465 1.0839284 1.2954469 1.1530322 0.7923912 0.9875380 1.1215803 1.1735704 1.2074011 1.1909574 1.2403032 1.2731500 1.0837605 1.2708481 1.2203455 1.2539086 1.1661160 1.2509536 0.8844847 1.1629110 1.1373668 1.1810318 1.2555928 1.3797109 0.2263815 0.2225484 0.1219738 0.1148212 0.0000000 0.0028190 0.1466350 1.0616276 1.4424712 1.4416920 1.4752070 1.7944622 1.4706888 2.2313428 2.3069448 1.9832381 2.1631341 2.2037084 1.8960372 1.8851173 1.9488932 2.0798757 2.4255586 2.1909619 1.7518239 
HoiH04_mRNA2423                                        1.2511379 1.2025799 1.3968069 1.4448683 1.2960088 1.0874517 1.0542389 1.0000976 1.0104686 1.2156958 1.0787739 1.0673994 1.0749720 1.3025817 1.1471667 0.7923912 0.9999799 1.1305247 1.1773573 1.1973196 1.1909574 1.2477714 1.2595318 1.0837605 1.2642282 1.2234976 1.2578268 1.1700878 1.2671237 0.8844847 1.1571000 1.1316862 1.1847817 1.2659104 1.3680174 0.2307434 0.2268830 0.1256177 0.1184064 0.0028190 0.0000000 0.1508033 1.0616276 1.4337433 1.4295455 1.4839737 1.8129915 1.4627138 2.2167044 2.3169487 1.9832381 2.1701423 2.2237672 1.9015035 1.8905625 1.9753623 2.1134587 2.4662662 2.1909619 1.7613682 
HoiH11_mRNA243                                         1.2465609 1.1707254 1.3667145 1.4640248 1.3403264 1.0718519 1.0841167 1.0502386 1.0389538 1.1825024 1.1180412 1.1316800 1.0735151 1.1904572 1.0708589 0.7691510 0.9743859 1.1342907 1.1096409 1.1285064 1.0666325 1.1975230 1.1806998 1.0857179 1.2991474 1.2585203 1.2851552 1.1452213 1.2668055 0.9481064 1.2202140 1.1381174 1.2153756 1.2767077 1.4110512 0.2192023 0.2150152 0.1381325 0.1222754 0.1466350 0.1508033 0.0000000 1.0221474 1.5466045 1.4764623 1.5923479 2.1297157 1.4801110 2.1156853 2.1068519 1.9993247 2.1713289 2.0362659 1.8394084 1.8280277 1.9933276 2.1682697 2.3547364 2.1588950 1.5862788 
Stycar_maker-SC_scaffold3851-augustus-gene-0.24-mRNA-1 0.8408376 0.6217549 0.8661044 0.8460723 1.0370781 0.7081486 0.6689029 0.7381487 0.6578594 0.7783252 0.7553839 0.7615480 0.6569311 0.8319997 0.4308476 1.8261053 0.7272242 0.7038211 0.5632389 0.5505067 0.6045635 0.6642908 0.7916144 0.8088755 0.8814689 0.8560926 1.0017275 0.7629710 0.7813947 0.8904645 0.8679069 0.9137009 1.1243571 0.9360377 0.7502933 1.1054355 1.1054355 1.0542505 1.0635986 1.0616276 1.0616276 1.0221474 0.0000000 1.1527904 1.1051557 1.9875037 4.4463706 1.1545246 1.8139829 2.8010860 1.7678707 1.5168398 1.8825531 1.7718997 1.7470111 1.6883428 1.5810038 2.6174258 1.6389969 1.0307696 
Cscu_XM_023380450.1                                    1.2077249 1.1334157 1.1737196 1.1687006 1.1889865 1.1839923 1.3294052 1.2974155 1.2522282 1.1940146 1.3051992 1.3557827 1.2824118 1.4714648 1.3376897 0.8532757 1.4624489 1.3011607 1.4687015 1.5049971 1.2307898 1.3977312 1.3437433 1.0724638 1.5686830 1.4715729 1.6033826 1.4762254 1.4668687 1.2139841 1.3703704 1.3637453 1.5831280 1.5490155 1.1898843 1.5524618 1.5535590 1.4425405 1.4794102 1.4424712 1.4337433 1.5466045 1.1527904 0.0000000 1.2835887 1.8621873 2.3124847 1.2706023 1.8057480 1.9606795 1.7647329 1.9425004 2.0341363 1.9413325 1.9248631 2.0676482 1.9659411 2.3382492 1.9031832 2.7440514 
Ctel_gnl_WGS_AMQN_CAPTEDRAFT_mRNA176734                1.0274018 0.9260479 1.0585848 1.0270828 0.9756353 1.2059666 1.4373741 1.3869302 1.4340977 1.1940285 1.4608178 1.5062538 1.2724103 1.4908795 1.3053759 0.9196161 1.2733790 1.2640874 1.3999320 1.4132548 1.4966022 1.5049532 1.5988921 1.0740280 1.4480367 1.4236344 1.3744693 1.3040811 1.4615726 1.1809405 1.4351452 1.3589617 1.3749291 1.4276294 1.2218633 1.4822162 1.4764869 1.4692344 1.4804643 1.4416920 1.4295455 1.4764623 1.1051557 1.2835887 0.0000000 2.1637380 2.2594088 1.2879149 2.0071810 2.2197617 1.9274166 1.9868726 2.1263738 1.8831085 1.8722695 2.0447345 2.1526997 2.3654956 2.0835103 2.0046270 
Adig_XM_015895154.1                                    1.7686270 1.8807871 1.9678064 1.9188516 1.8660634 2.0591086 0.8853527 0.6020096 0.6394419 1.6373338 0.5540939 0.6660980 1.4055002 1.4571236 1.7506015 0.6915198 1.4989844 1.7851607 1.6881349 1.6592012 1.9539378 1.7067216 1.8465012 1.7177068 1.7711290 1.6583645 1.8066872 1.7315039 1.9789927 2.0247112 1.6495212 1.5869027 1.6854653 1.8654502 1.8692360 1.5616988 1.5335776 1.4889820 1.4834182 1.4752070 1.4839737 1.5923479 1.9875037 1.8621873 2.1637380 0.0000000 0.3071219 1.9536005 2.8786265 2.2663744 3.2702492 3.0561593 2.9491329 2.5370371 2.5470457 2.7423993 2.8731758 2.9432097 3.0363185 1.8905672 
Amil_Amillepora06717-RA                                2.0459241 2.1926229 2.1783406 2.3509286 2.2441652 4.6034570 1.1610747 0.6912072 0.7122617 3.8701902 0.6966874 0.7049342 2.1340837 1.9831628 2.5943757 8.9999988 1.7699566 2.3202584 2.4663034 2.5458045 2.4403234 2.4370032 2.6301162 4.6073668 2.4077363 2.2016929 2.3530151 2.5782410 2.6475758 4.4045399 2.2508372 2.0777623 2.2129633 2.7151615 2.3599466 2.0069368 1.9438472 1.8215187 1.8143831 1.7944622 1.8129915 2.1297157 4.4463706 2.3124847 2.2594088 0.3071219 0.0000000 2.1642272 3.3909544 2.5368625 6.5922757 4.2857012 3.6804374 2.9597393 2.9611214 3.7469406 4.1229312 3.4103763 4.3685026 2.4003531 
Tcas_TC007925_001                                      1.1634228 1.2225408 1.2860525 1.2040944 1.2065339 1.0439782 1.3873815 1.3800945 1.3728679 1.1268076 1.3970158 1.4877888 1.4964860 1.6154835 1.5464093 1.0462249 1.3943366 1.3958340 1.6102839 1.5749510 1.2609937 1.5308938 1.5653324 1.2478033 1.7257129 1.6326460 1.7261488 1.4293782 1.4322689 1.0442032 1.5894032 1.5465041 1.6483372 1.5147359 1.2991644 1.5617669 1.5779390 1.5328904 1.5295877 1.4706888 1.4627138 1.4801110 1.1545246 1.2706023 1.2879149 1.9536005 2.1642272 0.0000000 2.3143736 2.4614372 2.0954650 2.1574178 2.2156139 2.1738680 2.1806789 1.9557077 2.1910447 2.6472215 2.2117407 2.2989129 
Mlei_ML0181.g17.i1                                     1.8909798 1.8540152 2.1033036 2.0516698 1.9504026 1.7693484 2.0097903 1.9137288 1.9371397 1.6994337 2.0054349 2.0790609 1.8904628 1.9245375 1.9141578 1.1573675 1.8412516 2.0128024 2.0142827 1.9590710 1.8994431 1.8454396 1.8260718 1.4079384 2.0566644 1.8800434 1.9897510 1.8345223 1.9617901 1.6779262 2.0759513 1.9645264 2.0122470 2.2011092 2.3000087 2.0604697 2.0692745 2.1698373 2.1994764 2.2313428 2.2167044 2.1156853 1.8139829 1.8057480 2.0071810 2.8786265 3.3909544 2.3143736 0.0000000 0.2073727 0.3045714 0.3787851 0.5597588 0.4541992 0.4529681 0.5487839 0.5907388 0.7856211 0.7471671 2.6646017 
Bolinf_Binf_sb1260983                                  2.1208209 2.0478351 2.2917089 2.0294832 2.0651222 1.4086186 1.9773184 1.9471285 1.9903767 1.0352897 1.9980820 2.1115201 2.0612916 2.0019922 2.1842310 1.2325365 1.9507433 2.1891695 1.9734713 2.0841201 2.3912447 1.9959232 1.9832170 1.5247714 2.3831679 1.9893124 2.0474294 2.0982847 2.1599906 1.2446870 1.9102093 1.8614036 1.9448385 2.1749784 2.6190511 2.0948787 2.1087683 2.2671898 2.2700832 2.3069448 2.3169487 2.1068519 2.8010860 1.9606795 2.2197617 2.2663744 2.5368625 2.4614372 0.2073727 0.0000000 0.5101566 0.5973671 0.7365160 0.5207397 0.5262527 0.6542283 0.6977034 0.6632059 1.0343573 2.3782292 
Mertsp_Mesp_sb529506                                   1.7117973 1.6969197 1.8780316 1.9571922 1.8818126 1.8008906 1.8890586 1.7257541 1.6922137 1.6644304 1.8479768 1.8760781 1.6943655 1.7139332 1.6535663 1.1676673 1.6963649 1.7251652 1.6749931 1.6573750 1.7703351 1.5736823 1.6718931 1.1907893 1.4929679 1.4835810 1.5190499 1.4441113 1.8388954 1.7278671 1.9689264 1.8944269 1.8430729 1.8397093 1.9091970 1.8991251 1.8991251 2.0004718 1.9802382 1.9832381 1.9832381 1.9993247 1.7678707 1.7647329 1.9274166 3.2702492 6.5922757 2.0954650 0.3045714 0.5101566 0.0000000 0.2566599 0.2846483 0.3893812 0.3832925 0.4701486 0.3978627 0.5903190 0.6119961 2.4127051 
Beraby_Baby_sb328764                                   1.7587799 1.7566074 2.0357712 2.0263822 2.0531660 1.6101522 1.8941213 1.9017600 1.8778117 1.6184968 2.0152074 1.9872009 1.7492054 1.7839960 1.8121244 1.1434679 1.8086611 1.8024689 1.8285298 1.8935547 1.7286954 1.7157283 1.8088491 1.2346956 1.9258011 1.9071327 1.8931030 1.8491566 1.9006190 1.4935175 2.1129875 2.0630219 1.8982968 2.2778743 2.1618916 2.0683395 2.0764249 2.1699421 2.1856323 2.1631341 2.1701423 2.1713289 1.5168398 1.9425004 1.9868726 3.0561593 4.2857012 2.1574178 0.3787851 0.5973671 0.2566599 0.0000000 0.4693658 0.4961557 0.4904878 0.5512828 0.5088776 0.6987955 0.6406752 2.7415096 
Lampan_Lpan_9932_01                                    1.8437172 1.8268879 2.0223119 2.0143677 2.0765041 2.0510975 2.0481609 1.9972592 2.0322785 1.8975886 2.0735929 2.1608018 1.8418908 1.8756742 1.9017873 1.1280246 1.8681995 1.9367046 2.0261481 2.0342887 2.0003968 1.8165812 1.8111295 1.2294466 1.9496829 1.8329726 1.8586787 1.6836530 2.0001252 1.6130569 1.9997103 1.9391556 2.0907545 2.2052116 2.0746723 2.1719348 2.1896413 2.1360931 2.1965498 2.2037084 2.2237672 2.0362659 1.8825531 2.0341363 2.1263738 2.9491329 3.6804374 2.2156139 0.5597588 0.7365160 0.2846483 0.4693658 0.0000000 0.5507371 0.5504197 0.5658927 0.5273495 0.6390408 0.6376383 2.7097193 
Pbac_sb2652043                                         1.8717294 1.8223413 2.0499622 2.0436250 1.9629582 1.7104504 1.8914967 1.7538417 1.7582132 1.6597229 1.7644494 1.8603480 1.7423440 1.7359472 1.7221580 1.0842797 1.6471970 1.7534998 1.7830264 1.8486747 1.7463687 1.7101218 1.7107579 1.2277338 1.7601255 1.7555265 1.7342631 1.6039163 1.7770092 1.5693837 1.9710423 1.8592092 1.9779504 2.0569474 2.1525250 1.8484899 1.8713450 1.8670062 1.8581301 1.8960372 1.9015035 1.8394084 1.7718997 1.9413325 1.8831085 2.5370371 2.9597393 2.1738680 0.4541992 0.5207397 0.3893812 0.4961557 0.5507371 0.0000000 0.0085949 0.6556663 0.7559297 0.8716399 0.7871633 2.5736939 
Horcal_Hcv1.av93.c9.g282.i1                            1.8843777 1.8119942 2.0381500 2.0318953 1.9518203 1.6875689 1.8807038 1.7436946 1.7475219 1.6363136 1.7543994 1.8488647 1.7379398 1.7258443 1.7117148 1.0842797 1.6376114 1.7431857 1.7727059 1.8380117 1.7165997 1.7057579 1.7063646 1.2152216 1.7495984 1.7453072 1.7237961 1.5933942 1.7952466 1.5901247 1.9566626 1.8688243 1.9851271 2.0704499 2.1400685 1.8437239 1.8604827 1.8561598 1.8473779 1.8851173 1.8905625 1.8280277 1.7470111 1.9248631 1.8722695 2.5470457 2.9611214 2.1806789 0.4529681 0.5262527 0.3832925 0.4904878 0.5504197 0.0085949 0.0000000 0.6461775 0.7441118 0.8530311 0.7821156 2.5866969 
Vmul_sbMO411199                                        1.8854133 1.9063484 2.0255234 1.9955351 2.0225425 1.8695558 1.9426667 1.9082378 1.9091517 1.7419296 1.9912081 1.9859040 1.9389000 1.9097697 1.8063177 1.0286209 1.6714530 1.6898685 1.7093061 1.7473027 1.7527712 1.7225415 1.8129969 1.3289511 1.7063926 1.6681189 1.8787474 1.8954923 2.0067830 1.7146291 2.1748230 2.1799513 2.0110033 2.2694832 2.1469584 1.9262640 1.9103242 1.8968438 1.9030133 1.9488932 1.9753623 1.9933276 1.6883428 2.0676482 2.0447345 2.7423993 3.7469406 1.9557077 0.5487839 0.6542283 0.4701486 0.5512828 0.5658927 0.6556663 0.6461775 0.0000000 0.3853000 0.5587532 0.7387850 2.9567580 
Coeast_Cast_sb796984                                   1.9910142 1.9272175 2.1854405 2.1374541 2.1706879 1.7799803 2.0322308 1.9831459 1.8387878 1.5292544 1.9178659 1.8763582 2.0382564 2.0387383 1.7486491 1.1573682 1.8112650 1.7600645 1.7768222 1.8260556 1.6518093 1.6802157 1.7845843 1.3247712 1.6674969 1.6776458 1.8115871 1.8298910 2.0364345 1.6302232 2.1160255 2.1136949 2.0554104 2.2590625 2.2334807 2.1132920 2.1211262 2.0642139 2.1347323 2.0798757 2.1134587 2.1682697 1.5810038 1.9659411 2.1526997 2.8731758 4.1229312 2.1910447 0.5907388 0.6977034 0.3978627 0.5088776 0.5273495 0.7559297 0.7441118 0.3853000 0.0000000 0.2358442 0.6348808 2.7232988 
Coemet_Cmet_scaffold6268_01                            2.3917442 2.0970157 2.4461393 2.3356165 2.4280312 2.3264963 2.2054024 2.2693655 2.1008697 2.1957414 2.1756248 2.1908105 2.0945265 2.2709019 2.0486532 1.1411310 1.9073214 1.9825259 2.1937501 2.2574128 2.6797052 2.0809971 2.0990552 1.7189095 2.2064561 2.1646181 2.2347247 2.2569190 2.2510297 2.0142341 2.2877923 2.2573467 2.5337393 2.6314612 2.4909504 2.4037157 2.4129591 2.4747176 2.4719183 2.4255586 2.4662662 2.3547364 2.6174258 2.3382492 2.3654956 2.9432097 3.4103763 2.6472215 0.7856211 0.6632059 0.5903190 0.6987955 0.6390408 0.8716399 0.8530311 0.5587532 0.2358442 0.0000000 0.9603185 2.5325583 
Eupdun_Edun_sb10621190                                 1.6839907 1.7211761 1.8159205 1.8049988 1.9899896 1.8015647 1.9129712 1.9497832 1.9485577 1.6738747 2.0236244 2.0200912 1.8843549 1.9668365 1.8094393 1.1981789 1.7050741 1.8772762 1.8065413 1.8277473 1.7278982 1.6752225 1.8031737 1.1977792 1.5979361 1.5972892 1.5748266 1.7132500 1.8317254 1.5260892 1.9726309 2.0384785 1.9044931 2.0324424 1.7949580 1.9692225 1.9424592 2.0826108 2.1363312 2.1909619 2.1909619 2.1588950 1.6389969 1.9031832 2.0835103 3.0363185 4.3685026 2.2117407 0.7471671 1.0343573 0.6119961 0.6406752 0.6376383 0.7871633 0.7821156 0.7387850 0.6348808 0.9603185 0.0000000 2.3390178 
Morvir_scaffold53.g38.t1                               2.2353049 2.1450825 2.5193471 2.0348646 1.9715543 0.7956762 1.6407162 1.8361009 1.9629141 1.6189263 1.7705515 1.7345406 1.5631983 1.8740843 2.2187436 0.9437925 1.8573134 2.0470780 2.0102458 2.1174611 2.7209464 2.4845272 2.6099054 1.1532800 2.3024408 2.1818861 2.1563682 2.2848521 1.8253802 1.8013141 1.3314213 1.2885294 1.2484912 1.7025231 2.3715690 1.6264049 1.6280413 1.7755908 1.8174472 1.7518239 1.7613682 1.5862788 1.0307696 2.7440514 2.0046270 1.8905672 2.4003531 2.2989129 2.6646017 2.3782292 2.4127051 2.7415096 2.7097193 2.5736939 2.5866969 2.9567580 2.7232988 2.5325583 2.3390178 0.0000000 
