27
Hsap_ENST00000356521                                   0.0000000 1.4107777 1.0159045 0.5609572 1.0178240 1.4230459 1.0553590 1.1495485 0.9886026 1.2480175 0.4515164 1.0589969 0.6390233 1.0518414 1.0736680 1.0914907 1.0073410 1.0765672 0.9671566 0.9692852 1.0767948 1.0464915 0.8305925 1.1573001 1.3526307 2.2782785 1.5012947 
Bralan_BLAG13000528_1                                  1.4107777 0.0000000 1.1433451 0.4423452 1.5619236 1.9659206 1.6497009 1.1467424 1.3685797 1.7054345 0.5505331 1.7265166 0.9436639 1.6751678 1.7177972 1.6092920 1.2266398 1.2817886 1.3407226 1.3440974 1.4661729 1.3247375 0.9760646 1.3408376 1.5576824 3.7729664 1.7923001 
Exapal_XM_021062179.2                                  1.0159045 1.1433451 0.0000000 0.2303705 0.8650516 1.1118864 0.9793730 0.9013820 0.8924318 0.8771524 0.3638058 0.8688616 0.6743847 0.9357310 0.9952858 0.9887081 0.9932446 1.0549415 0.9710829 0.9698468 1.0901049 1.0541766 0.7548072 0.9437933 1.1763086 2.0270693 1.9061386 
Nvec_v1g93074                                          0.5609572 0.4423452 0.2303705 0.0000000 0.5134848 0.6408630 0.5038989 0.4943057 0.5580643 0.6063448 0.4251323 0.5614715 0.3813873 0.5791322 0.6109973 0.5794555 0.5542570 0.6438789 0.5912804 0.5912804 0.7088667 0.6425858 0.6237855 0.5555771 0.5488011 2.7304773 1.4431956 
Dgig_XM_028548650.1                                    1.0178240 1.5619236 0.8650516 0.5134848 0.0000000 1.5067912 1.1468880 1.2230181 0.9483567 1.0746230 0.5494390 1.1964241 0.7999844 1.1111600 1.1516427 1.0835001 0.9825724 1.0870507 1.1129489 1.1170140 1.1782455 1.1544264 0.4603595 1.2362169 1.5695350 2.0364149 1.9125623 
Nemnom_g12112.t1                                       1.4230459 1.9659206 1.1118864 0.6408630 1.5067912 0.0000000 0.3961768 1.4219668 1.2224873 1.4155241 0.4828731 1.4989859 0.8297314 1.2804024 1.4050455 0.9538999 1.4725747 1.6138143 1.4429792 1.4601502 1.7104454 1.5995928 1.2888773 1.3538823 1.2258148 1.8534455 2.8973345 
Rhoesc_Res_016263-T1                                   1.0553590 1.6497009 0.9793730 0.5038989 1.1468880 0.3961768 0.0000000 1.1591698 1.1323735 1.1987409 0.4249868 1.1899997 0.6116052 1.1176027 1.2599213 0.6563308 1.3074696 1.4602109 1.1692442 1.1947831 1.3729665 1.3252644 0.8923009 1.1047773 1.0632884 0.9568498 2.2272115 
Cgig_XM_034459076.1                                    1.1495485 1.1467424 0.9013820 0.4943057 1.2230181 1.4219668 1.1591698 0.0000000 1.0150847 1.0565430 0.4864869 1.1356355 0.8171807 1.0748555 1.1300655 1.2341036 1.1070474 1.0680318 1.1703243 1.1744176 1.2203591 1.1259671 0.7525392 0.8619915 1.2493672 2.6275124 1.6467452 
Tetwil_g18991.t2                                       0.9886026 1.3685797 0.8924318 0.5580643 0.9483567 1.2224873 1.1323735 1.0150847 0.0000000 0.9125645 0.3942601 0.8942582 0.6026524 0.7955331 0.8384131 1.0976527 1.0333668 1.1248209 0.9992523 1.0068433 1.1748199 1.0916353 0.9533439 1.0838604 1.2376975 2.3363082 1.6486624 
Aque_Aqu2.1.18617_001                                  1.2480175 1.7054345 0.8771524 0.6063448 1.0746230 1.4155241 1.1987409 1.0565430 0.9125645 0.0000000 0.3846883 0.6082124 0.7988808 0.9434049 1.0221657 1.2627812 1.0826214 1.1523037 1.1984947 1.2035494 1.3214302 1.2250695 0.8507612 1.1939876 1.3683296 2.3582810 1.6347402 
Xestes_maker-XT_scaffold5901-augustus-gene-0.39-mRNA-1 0.4515164 0.5505331 0.3638058 0.4251323 0.5494390 0.4828731 0.4249868 0.4864869 0.3942601 0.3846883 0.0000000 0.2534510 0.3285376 0.3947777 0.3472132 0.5037258 0.5038746 0.5146009 0.4779124 0.4779124 0.6071419 0.5271133 0.4957746 0.4774851 0.5568098 2.1854222 4.2088617 
Halamb_c49661_g1_i1m.26614                             1.0589969 1.7265166 0.8688616 0.5614715 1.1964241 1.4989859 1.1899997 1.1356355 0.8942582 0.6082124 0.2534510 0.0000000 0.8331754 0.9875566 0.9746844 1.1756406 1.1726391 1.2003448 1.1153817 1.1180497 1.2599994 1.1884738 0.9557845 1.1125532 1.3394901 2.5259898 1.7695788 
Stycar_maker-SC_scaffold3009-snap-gene-0.94-mRNA-1     0.6390233 0.9436639 0.6743847 0.3813873 0.7999844 0.8297314 0.6116052 0.8171807 0.6026524 0.7988808 0.3285376 0.8331754 0.0000000 0.5351627 0.5250984 0.6466721 0.7413331 0.7969012 0.6760495 0.6841606 0.7556406 0.6619140 0.6296356 0.8123922 0.9679052 1.8280715 1.6959048 
Emue_Em0011g823a.t1                                    1.0518414 1.6751678 0.9357310 0.5791322 1.1111600 1.2804024 1.1176027 1.0748555 0.7955331 0.9434049 0.3947777 0.9875566 0.5351627 0.0000000 0.1317223 0.8801670 1.1863383 1.2020639 1.1341228 1.1406027 1.3494018 1.2189663 0.8335346 1.0824309 1.3192385 2.3627615 1.6767897 
Spolac_c102352_g1_i1_m.28986c102352-g1                 1.0736680 1.7177972 0.9952858 0.6109973 1.1516427 1.4050455 1.2599213 1.1300655 0.8384131 1.0221657 0.3472132 0.9746844 0.5250984 0.1317223 0.0000000 0.9478179 1.1833818 1.2069631 1.1048170 1.1196279 1.3235213 1.1876938 0.8610839 1.1434145 1.3241709 2.3493814 1.3839029 
Sanmal_Sma_012031-T1                                   1.0914907 1.6092920 0.9887081 0.5794555 1.0835001 0.9538999 0.6563308 1.2341036 1.0976527 1.2627812 0.5037258 1.1756406 0.6466721 0.8801670 0.9478179 0.0000000 1.1901688 1.2813439 1.0771610 1.1085324 1.2349430 1.1701770 0.7733575 1.1210595 1.2541838 1.0426043 1.8789689 
Tadh_TriadT58162                                       1.0073410 1.2266398 0.9932446 0.5542570 0.9825724 1.4725747 1.3074696 1.1070474 1.0333668 1.0826214 0.5038746 1.1726391 0.7413331 1.1863383 1.1833818 1.1901688 0.0000000 0.0620721 0.2308591 0.2319964 0.3093249 0.2662721 0.8671959 1.1387261 1.3165683 2.6044503 2.4527808 
TrH2_TrispH2_000630-RA                                 1.0765672 1.2817886 1.0549415 0.6438789 1.0870507 1.6138143 1.4602109 1.0680318 1.1248209 1.1523037 0.5146009 1.2003448 0.7969012 1.2020639 1.2069631 1.2813439 0.0620721 0.0000000 0.3590521 0.3597979 0.2987155 0.2858993 0.9462200 1.2244551 1.3797236 2.7655520 1.9285731 
Hhon_g00064.t1                                         0.9671566 1.3407226 0.9710829 0.5912804 1.1129489 1.4429792 1.1692442 1.1703243 0.9992523 1.1984947 0.4779124 1.1153817 0.6760495 1.1341228 1.1048170 1.0771610 0.2308591 0.3590521 0.0000000 0.0094298 0.1804547 0.1565579 0.9052761 1.1391737 1.3509918 2.1374210 1.8508173 
HoiH04_mRNA13115                                       0.9692852 1.3440974 0.9698468 0.5912804 1.1170140 1.4601502 1.1947831 1.1744176 1.0068433 1.2035494 0.4779124 1.1180497 0.6841606 1.1406027 1.1196279 1.1085324 0.2319964 0.3597979 0.0094298 0.0000000 0.1948374 0.1699989 0.8926312 1.1533985 1.3749571 2.2331847 1.8695333 
HoiH06_mRNA13533                                       1.0767948 1.4661729 1.0901049 0.7088667 1.1782455 1.7104454 1.3729665 1.2203591 1.1748199 1.3214302 0.6071419 1.2599994 0.7556406 1.3494018 1.3235213 1.2349430 0.3093249 0.2987155 0.1804547 0.1948374 0.0000000 0.0763473 0.8970597 1.2471704 1.6633128 2.5614068 1.9560715 
HoiH23_PlH23_005234-RA                                 1.0464915 1.3247375 1.0541766 0.6425858 1.1544264 1.5995928 1.3252644 1.1259671 1.0916353 1.2250695 0.5271133 1.1884738 0.6619140 1.2189663 1.1876938 1.1701770 0.2662721 0.2858993 0.1565579 0.1699989 0.0763473 0.0000000 0.9201269 1.1914658 1.4800144 2.5449751 1.7410509 
Xesp_000564-T1                                         0.8305925 0.9760646 0.7548072 0.6237855 0.4603595 1.2888773 0.8923009 0.7525392 0.9533439 0.8507612 0.4957746 0.9557845 0.6296356 0.8335346 0.8610839 0.7733575 0.8671959 0.9462200 0.9052761 0.8926312 0.8970597 0.9201269 0.0000000 0.9540023 1.0562489 2.4044074 1.8015092 
Acagra_model.g8174.t1                                  1.1573001 1.3408376 0.9437933 0.5555771 1.2362169 1.3538823 1.1047773 0.8619915 1.0838604 1.1939876 0.4774851 1.1125532 0.8123922 1.0824309 1.1434145 1.1210595 1.1387261 1.2244551 1.1391737 1.1533985 1.2471704 1.1914658 0.9540023 0.0000000 1.3100905 2.1076126 1.9737220 
Morvir_scaffold33.g9.t1                                1.3526307 1.5576824 1.1763086 0.5488011 1.5695350 1.2258148 1.0632884 1.2493672 1.2376975 1.3683296 0.5568098 1.3394901 0.9679052 1.3192385 1.3241709 1.2541838 1.3165683 1.3797236 1.3509918 1.3749571 1.6633128 1.4800144 1.0562489 1.3100905 0.0000000 3.1398718 2.4851608 
Aaur_scaffold99.g16.t1                                 2.2782785 3.7729664 2.0270693 2.7304773 2.0364149 1.8534455 0.9568498 2.6275124 2.3363082 2.3582810 2.1854222 2.5259898 1.8280715 2.3627615 2.3493814 1.0426043 2.6044503 2.7655520 2.1374210 2.2331847 2.5614068 2.5449751 2.4044074 2.1076126 3.1398718 0.0000000 2.3298001 
Spur_XM_030995793.1                                    1.5012947 1.7923001 1.9061386 1.4431956 1.9125623 2.8973345 2.2272115 1.6467452 1.6486624 1.6347402 4.2088617 1.7695788 1.6959048 1.6767897 1.3839029 1.8789689 2.4527808 1.9285731 1.8508173 1.8695333 1.9560715 1.7410509 1.8015092 1.9737220 2.4851608 2.3298001 0.0000000 
