52
Hsap_ENST00000635206                                  0.0000000 1.0931605 1.2217123 0.8842197 1.1637371 1.3994447 1.4217408 1.3905265 1.8354091 2.1200965 1.8001071 2.1074675 2.0121865 1.8772519 1.9147415 1.9841000 1.9719815 2.0639424 2.1941390 2.7049474 2.4827352 2.2524241 2.1859743 2.0614757 3.0453987 3.2238272 2.7498507 3.9336019 3.1217903 3.4661788 2.6588019 2.1119505 2.1266205 2.1854027 2.0696791 2.0469434 2.3453090 2.0724453 2.3546855 2.2423898 3.5119805 2.5354380 2.7427616 3.0412773 3.0071622 2.7599920 2.6817542 3.4764646 3.2803827 3.1324569 3.4030409 3.6689784 
Bralan_BLAG03001394_4                                 1.0931605 0.0000000 1.1330960 0.7664757 1.0482681 1.2571225 1.2324131 1.4809276 2.0145255 2.0191869 1.8442805 1.9696960 2.0788515 1.9793557 1.9772048 1.8291685 2.1670822 2.3226734 2.4413804 2.5121922 2.4068732 2.3885906 2.3340532 2.2300233 2.9095541 3.2071505 3.5620968 3.8167781 3.1891458 3.4395361 2.4922815 2.1546463 2.1714638 2.1474806 2.1831878 2.1476235 2.4714634 2.1798224 2.4643622 2.3173737 3.4536840 2.5928294 3.1257957 3.2142550 3.0719489 3.1694214 2.7483725 3.6782514 3.2652930 3.4203917 3.5752790 3.3305831 
Spur_XM_011670074.2                                   1.2217123 1.1330960 0.0000000 0.5298492 1.3843366 1.6245880 1.5291972 1.6321278 2.0624567 2.2694542 1.9135154 2.1741758 2.2040848 1.9669245 1.9997353 2.1518315 2.2555124 2.2442776 2.2593313 2.7910524 2.5500998 2.5519944 2.1937559 2.1727571 3.5975499 3.6703978 3.7858352 4.3260249 3.8126304 3.8390759 2.3648404 2.2301524 2.2570654 2.2700094 2.2636800 2.2519466 2.6056168 2.2168882 2.5099563 2.3045363 3.5119884 2.6811476 3.0930026 3.1885864 3.3178571 2.8592542 3.1272248 3.7333721 3.2326639 3.6592533 3.7382310 3.7465987 
Skow_XM_006822440.1                                   0.8842197 0.7664757 0.5298492 0.0000000 0.8636595 0.9108988 0.9522480 0.9727161 1.5417316 1.5908373 1.4624078 1.7401933 1.6676428 1.5163562 1.5164768 0.9957713 2.3834591 1.9819918 2.6012161 3.3468433 2.1224386 2.0955865 1.8289695 1.9754747 3.6071231 3.8184982 9.0000000 4.9665407 3.8370616 3.8972743 5.1354336 1.9860981 1.9876729 1.9331294 2.0316310 1.9792470 1.9652347 1.7938161 2.6735508 2.5208141 3.5284250 3.4442717 3.9828480 3.7727093 3.4855658 3.1150746 3.1555083 3.9230500 3.5502474 3.8111933 3.4769317 2.3157239 
Ctel_gnl_WGS_AMQN_CAPTEDRAFT_mRNA218750               1.1637371 1.0482681 1.3843366 0.8636595 0.0000000 0.6573332 0.7475232 0.9202268 1.9108836 2.0522984 1.6273847 1.8605985 1.8963744 1.7532844 1.7824670 1.8241215 2.1749180 1.9304708 2.7144440 3.0887791 2.4118058 2.1611974 1.9932583 2.0908027 2.9278891 3.2673501 3.1586125 3.7801597 3.2085302 3.5435866 2.5781741 1.9277031 1.9405507 2.0082713 1.9713269 1.9771107 2.1282312 2.0116980 2.5115756 2.2946192 3.0990731 2.4617880 3.1410622 2.8522332 2.8259419 3.1375795 3.0255453 3.4468668 3.3640060 4.2615208 3.8022521 3.3588183 
Acagra_model.g2097.t1                                 1.3994447 1.2571225 1.6245880 0.9108988 0.6573332 0.0000000 0.8370125 1.1011010 2.3171036 2.2088355 1.9949597 2.2964376 2.2108864 2.1972804 2.2508227 2.2120254 2.1757869 2.5315246 2.8401410 2.6144016 2.8215838 2.4974722 2.6465394 2.2896105 3.1148081 3.4273540 3.3399502 4.1274120 3.4192485 3.8182697 2.4785067 2.2082891 2.2083439 2.0672659 2.0896438 2.0159011 2.2334926 2.0647843 2.8263082 2.5966306 3.6527892 2.5348360 3.2939028 3.0626409 3.0549031 3.4148469 2.8298374 4.0364574 3.8602713 4.0659997 4.1227742 4.1560261 
Cgig_XM_034443242.1                                   1.4217408 1.2324131 1.5291972 0.9522480 0.7475232 0.8370125 0.0000000 1.0622813 2.3302460 2.1258929 1.9367598 2.1210354 2.2062973 2.1814365 2.2099518 2.1588569 2.2121484 2.3621262 2.8597635 2.6875624 2.7122411 2.3671136 2.5356441 2.4075352 2.9586898 3.5611530 2.8721277 4.1988142 3.4680057 3.8256368 2.7657174 2.1693813 2.1740909 2.1139393 2.1541909 2.0476088 2.2994155 2.1096742 2.7092804 2.4972683 3.4840654 2.6436323 3.1924536 2.8972136 3.0323594 3.0927024 3.2318558 3.9336957 3.9912199 5.0108081 4.0764806 3.8927096 
Cscu_XM_023387134.1                                   1.3905265 1.4809276 1.6321278 0.9727161 0.9202268 1.1011010 1.0622813 0.0000000 2.1357209 2.2334558 1.9726723 2.2440828 2.0847704 1.9747959 2.0115903 2.0399895 2.5181364 2.1595682 2.7178434 3.2227260 2.5118628 2.4614386 2.2819916 2.3872806 3.1876673 3.5672911 3.5741694 3.9798655 4.0004836 3.7826048 3.1026947 2.2675283 2.2787571 2.3052819 2.3584265 2.2512648 2.5451061 2.2187830 2.9298507 2.7206393 3.8015120 2.9899181 3.5288729 3.2910511 3.0144964 2.8855126 3.4218861 4.1092695 3.8450229 4.6037914 3.8634304 4.2296122 
Exapal_XM_021044225.2                                 1.8354091 2.0145255 2.0624567 1.5417316 1.9108836 2.3171036 2.3302460 2.1357209 0.0000000 0.7790500 0.9100943 1.0991003 1.0796245 1.0369298 1.0733458 1.2691855 1.6057975 1.8017340 1.6627577 2.3315379 1.8436940 1.8115241 1.6775634 1.5941462 3.9225243 3.6503737 3.8040562 4.3816274 3.3426552 3.5407902 2.8044127 2.2074703 2.2085742 2.3243982 2.2192245 2.1521017 2.4039471 2.1673399 2.2700936 2.3288272 3.8447195 2.6943297 2.9639170 2.8403422 2.9629141 2.9544581 2.8288817 4.1460371 3.2352163 3.6287317 4.1864466 4.2978535 
Nvec_v1g242010                                        2.1200965 2.0191869 2.2694542 1.5908373 2.0522984 2.2088355 2.1258929 2.2334558 0.7790500 0.0000000 0.9160782 1.0563827 0.9795036 0.9586059 0.9993659 1.2397554 1.7626872 1.7408693 2.0701345 2.0685190 1.8006337 1.8014791 1.6047803 1.6514688 3.6224655 4.1141885 2.9756801 4.2767339 3.8977417 4.0307251 3.1243564 2.3625987 2.3606766 2.3941388 2.2962487 2.2089794 2.3149161 2.2522517 2.3324501 2.2805017 3.3996183 2.5646496 3.2703773 3.0311852 2.6733028 2.8710614 2.8146136 3.8693028 3.3075760 4.3740132 4.6720925 3.7618362 
Adig_XM_015914432.1                                   1.8001071 1.8442805 1.9135154 1.4624078 1.6273847 1.9949597 1.9367598 1.9726723 0.9100943 0.9160782 0.0000000 0.0783129 0.4039628 0.3929935 0.3832294 0.3826894 1.6393579 1.5742559 1.5032201 2.2516923 1.6036262 1.6852919 1.3464476 1.3879585 3.0575009 3.2094633 3.5002123 3.8828588 3.1090096 3.0447255 2.9298437 2.2002356 2.1998955 2.4176799 2.2313490 2.1806460 2.3427905 2.2009433 2.3826189 2.3046410 3.3770652 2.3763449 2.9809198 2.8556322 2.9231854 2.5547015 2.5513543 3.7852578 3.2461079 3.5874607 3.5250443 3.3862725 
Amil_Amillepora04617-RA                               2.1074675 1.9696960 2.1741758 1.7401933 1.8605985 2.2964376 2.1210354 2.2440828 1.0991003 1.0563827 0.0783129 0.0000000 0.5552404 0.5177388 0.5041654 0.3908387 1.7610968 1.8587431 2.1337938 2.0673148 1.9146575 1.9801122 1.5520814 1.5369312 3.0619503 3.5104331 3.5071072 4.2204861 3.3262866 3.1866316 2.8452159 2.6310046 2.6308137 2.2853047 2.6636556 2.6146675 2.9491088 2.6172158 2.8177047 2.6254463 3.7078328 2.6138534 3.5183008 3.2715439 3.2293722 2.8258961 3.0019804 4.0946860 3.4119717 4.7649929 3.8990643 3.6864201 
Fspp_ffun1.m4.26586.m1                                2.0121865 2.0788515 2.2040848 1.6676428 1.8963744 2.2108864 2.2062973 2.0847704 1.0796245 0.9795036 0.4039628 0.5552404 0.0000000 0.2610011 0.2692740 0.4083267 1.7511197 1.7048293 1.7388047 2.1660040 1.6793398 1.7323199 1.5608701 1.7029087 3.2137391 3.7439886 3.4031254 4.2657910 3.5304611 3.4843736 3.1327893 2.2560650 2.2514715 2.5771825 2.3490721 2.3539774 2.5174524 2.3534606 2.5835942 2.4673536 3.4205522 2.4252339 2.9730845 2.6313239 2.8725636 2.6587438 2.7623350 3.7014030 3.4843692 4.0751849 4.2030217 3.7964401 
Spis_XP_022790490_1                                   1.8772519 1.9793557 1.9669245 1.5163562 1.7532844 2.1972804 2.1814365 1.9747959 1.0369298 0.9586059 0.3929935 0.5177388 0.2610011 0.0000000 0.0815847 0.4111692 1.7138673 1.6040237 1.5489571 2.1839068 1.6057139 1.6420569 1.3999946 1.5060283 3.0976326 3.3673965 3.3354233 4.0281995 3.2871734 3.3363157 3.0509855 2.1903608 2.1860033 2.3594734 2.1999538 2.2548456 2.4369971 2.1580104 2.3911108 2.3297676 3.3180006 2.4189047 2.9388010 2.7033603 2.7048261 2.4617437 2.5943237 3.7760793 3.3424599 3.8773075 4.0016389 3.7329673 
Pocdam_XM_027200037.1                                 1.9147415 1.9772048 1.9997353 1.5164768 1.7824670 2.2508227 2.2099518 2.0115903 1.0733458 0.9993659 0.3832294 0.5041654 0.2692740 0.0815847 0.0000000 0.3916524 1.6920851 1.6225144 1.5935413 2.2546059 1.6204163 1.6616143 1.4179311 1.5295337 3.1090396 3.3959049 3.5439954 4.2991529 3.4130424 3.4107081 3.0667255 2.2008274 2.1964335 2.4244870 2.2506829 2.2852833 2.4707527 2.2263580 2.3129131 2.2688247 3.2975944 2.4213326 3.0072095 2.7035116 2.8391486 2.5520654 2.6145213 3.8287163 3.4657128 3.8493752 4.0777714 3.5805229 
Gfas_gfas1.m1.21151.m1                                1.9841000 1.8291685 2.1518315 0.9957713 1.8241215 2.2120254 2.1588569 2.0399895 1.2691855 1.2397554 0.3826894 0.3908387 0.4083267 0.4111692 0.3916524 0.0000000 1.6172028 1.6363432 3.5680154 1.2610559 1.8341267 1.8495235 1.7105501 1.8036918 3.0698281 3.0200584 3.6568574 4.1379929 3.0539898 2.8397289 2.2002594 2.0242931 2.0160526 2.0180190 1.9848467 2.1346821 2.4087062 2.1651234 2.2365937 2.1346284 3.2984981 2.0891973 2.7954414 2.6423705 2.7442389 2.6267096 2.8149944 3.6657826 3.2630144 4.4493907 4.1414029 3.0350431 
Hvul_g17879_1                                         1.9719815 2.1670822 2.2555124 2.3834591 2.1749180 2.1757869 2.2121484 2.5181364 1.6057975 1.7626872 1.6393579 1.7610968 1.7511197 1.7138673 1.6920851 1.6172028 0.0000000 1.1100972 1.0517639 1.5468771 1.2447202 1.1991792 2.0501099 2.1550174 3.3457595 3.9068004 2.2807537 4.5081838 3.4597833 3.6691932 2.6602554 2.1800377 2.1774508 2.3539282 2.2433256 2.2464379 2.4205801 2.1747194 2.8887716 2.8484145 3.6171275 3.3090484 3.7633419 3.5069960 3.6903666 3.5065219 3.5135873 3.7329063 3.6587800 5.2212570 3.8169398 3.9427771 
Morvir_scaffold203.g12.t1                             2.0639424 2.3226734 2.2442776 1.9819918 1.9304708 2.5315246 2.3621262 2.1595682 1.8017340 1.7408693 1.5742559 1.8587431 1.7048293 1.6040237 1.6225144 1.6363432 1.1100972 0.0000000 1.4797727 1.8058096 1.1681939 1.0635184 1.9857411 1.8305172 3.9682233 3.5325658 3.4945468 4.0720376 3.2340763 3.7778662 2.8027930 2.4329292 2.4569970 2.7099878 2.5073463 2.4161324 2.6770221 2.4174469 2.3958982 2.3686622 3.2787423 2.4971854 2.9032538 3.0050798 2.9825637 2.9501916 2.9213120 4.2005878 3.8735436 4.5023546 4.3969766 4.3483728 
Chem_TCONS_00060061                                   2.1941390 2.4413804 2.2593313 2.6012161 2.7144440 2.8401410 2.8597635 2.7178434 1.6627577 2.0701345 1.5032201 2.1337938 1.7388047 1.5489571 1.5935413 3.5680154 1.0517639 1.4797727 0.0000000 4.5630200 1.2384538 1.2174565 1.6814348 1.8252719 8.9999990 3.6351169 9.0000000 4.1637892 3.0865486 3.7792112 4.1462911 3.0588483 3.0625497 4.1421249 3.2123037 2.9979156 3.0359496 2.9162727 2.7148628 2.7931729 3.0944143 3.4420990 3.1566096 2.8826685 2.5496625 2.1547418 2.8074855 4.8243885 3.5978213 3.9166083 3.9235190 4.1468095 
Aaur_scaffold1046.g9.t1                               2.7049474 2.5121922 2.7910524 3.3468433 3.0887791 2.6144016 2.6875624 3.2227260 2.3315379 2.0685190 2.2516923 2.0673148 2.1660040 2.1839068 2.2546059 1.2610559 1.5468771 1.8058096 4.5630200 0.0000000 1.0473641 1.2606050 2.7755339 2.7805169 3.3887226 4.5381656 2.5412123 4.9738770 3.8744700 4.3594334 3.9968898 2.9081118 2.8992070 2.7708753 2.9333587 3.0531211 3.5312214 2.8585038 4.4904206 3.5862056 3.9305840 4.0459219 3.6384280 4.8204555 3.8802313 4.1489095 3.7506723 3.9241910 3.9789111 5.7065221 3.8706146 4.2492903 
Rhoesc_Res_002967-T1                                  2.4827352 2.4068732 2.5500998 2.1224386 2.4118058 2.8215838 2.7122411 2.5118628 1.8436940 1.8006337 1.6036262 1.9146575 1.6793398 1.6057139 1.6204163 1.8341267 1.2447202 1.1681939 1.2384538 1.0473641 0.0000000 0.6085163 2.0211572 1.9536865 3.4693723 3.4910497 2.9952473 3.8649853 3.2828751 3.9852341 2.9173012 2.5505894 2.5632869 2.7927989 2.5960282 2.5652702 2.7330056 2.4366307 2.8020149 2.7140488 3.1907442 2.7118359 3.2151300 3.1966100 3.2276785 3.0986253 3.3427129 4.2174738 3.3930074 4.1067511 3.7990715 4.6480950 
Sanmal_Sma_008444-T1                                  2.2524241 2.3885906 2.5519944 2.0955865 2.1611974 2.4974722 2.3671136 2.4614386 1.8115241 1.8014791 1.6852919 1.9801122 1.7323199 1.6420569 1.6616143 1.8495235 1.1991792 1.0635184 1.2174565 1.2606050 0.6085163 0.0000000 1.9964664 1.8844170 3.6584702 3.5649485 3.0923905 4.3115660 3.2806638 3.7160117 3.1126074 2.5162153 2.5282099 2.8485695 2.6451060 2.6242619 2.7622411 2.4961120 2.7577376 2.6532732 3.5202419 2.7671264 3.1286139 3.3782968 3.2004181 2.8635824 3.2393130 4.1836839 3.5531355 4.3626497 4.0428284 4.1529956 
Dgig_XM_028535671.1                                   2.1859743 2.3340532 2.1937559 1.8289695 1.9932583 2.6465394 2.5356441 2.2819916 1.6775634 1.6047803 1.3464476 1.5520814 1.5608701 1.3999946 1.4179311 1.7105501 2.0501099 1.9857411 1.6814348 2.7755339 2.0211572 1.9964664 0.0000000 0.5961758 3.3541611 3.3895729 2.6971737 3.9807603 3.2770116 3.2786250 2.4351405 2.5013252 2.5029207 2.8240438 2.6938292 2.5892432 2.8611083 2.5190271 2.2580517 2.2868999 3.7205552 2.7768152 2.9837693 2.7046858 2.6181126 2.4403770 2.9677310 4.5827653 3.9595576 4.1113447 4.5182895 5.9532601 
Xesp_013855-T1                                        2.0614757 2.2300233 2.1727571 1.9754747 2.0908027 2.2896105 2.4075352 2.3872806 1.5941462 1.6514688 1.3879585 1.5369312 1.7029087 1.5060283 1.5295337 1.8036918 2.1550174 1.8305172 1.8252719 2.7805169 1.9536865 1.8844170 0.5961758 0.0000000 3.1605753 3.3285494 2.9986717 3.8678666 3.6006588 3.5195332 2.3889890 2.5509550 2.5455946 2.7124435 2.5813705 2.5616795 2.8246089 2.5769775 2.5944764 2.5235639 3.4695825 2.9457233 3.2725852 2.6294772 2.6439529 2.2718945 2.9856290 4.6222507 3.6789606 4.2259567 4.0373361 5.0436782 
Pbac_sb2660545                                        3.0453987 2.9095541 3.5975499 3.6071231 2.9278891 3.1148081 2.9586898 3.1876673 3.9225243 3.6224655 3.0575009 3.0619503 3.2137391 3.0976326 3.1090396 3.0698281 3.3457595 3.9682233 8.9999990 3.3887226 3.4693723 3.6584702 3.3541611 3.1605753 0.0000000 0.1073178 1.0567264 1.0966413 1.2321927 1.1970909 0.9252696 3.3484666 3.3259900 3.4247462 3.4567901 3.5353481 4.5369526 3.5947555 2.7727607 2.8409070 3.6824684 3.0821932 3.0718655 3.5819241 3.6340963 3.6951108 3.6243371 4.1281997 5.0742203 8.2782648 5.5996092 3.4392237 
Horcal_Hcv1.av93.c11.g990.i1                          3.2238272 3.2071505 3.6703978 3.8184982 3.2673501 3.4273540 3.5611530 3.5672911 3.6503737 4.1141885 3.2094633 3.5104331 3.7439886 3.3673965 3.3959049 3.0200584 3.9068004 3.5325658 3.6351169 4.5381656 3.4910497 3.5649485 3.3895729 3.3285494 0.1073178 0.0000000 1.0558778 1.0859401 1.2775974 1.3008511 1.5643171 3.4599962 3.4479183 3.6261954 3.5467010 3.5531259 4.1578603 3.4344579 3.0284126 3.0617086 3.6228472 3.4218858 3.4744905 3.1479089 3.2290629 3.3814867 4.0758823 4.7569015 4.7358332 4.7813636 5.2326931 3.7591398 
Lampan_Lpan_10515_01                                  2.7498507 3.5620968 3.7858352 9.0000000 3.1586125 3.3399502 2.8721277 3.5741694 3.8040562 2.9756801 3.5002123 3.5071072 3.4031254 3.3354233 3.5439954 3.6568574 2.2807537 3.4945468 9.0000000 2.5412123 2.9952473 3.0923905 2.6971737 2.9986717 1.0567264 1.0558778 0.0000000 1.0885776 1.1299325 1.1207739 0.7363798 2.7644846 2.7883900 2.6289185 2.7212215 2.8937828 3.4776325 2.7831392 2.5953977 2.7308063 3.8086725 2.1321430 2.9208737 2.6404754 3.3658835 4.0514403 3.6441534 4.2677131 3.9134681 9.0000000 4.7940814 3.4041147 
Beraby_Baby_sb326957                                  3.9336019 3.8167781 4.3260249 4.9665407 3.7801597 4.1274120 4.1988142 3.9798655 4.3816274 4.2767339 3.8828588 4.2204861 4.2657910 4.0281995 4.2991529 4.1379929 4.5081838 4.0720376 4.1637892 4.9738770 3.8649853 4.3115660 3.9807603 3.8678666 1.0966413 1.0859401 1.0885776 0.0000000 1.5987603 1.6230167 1.2392381 4.0544164 4.0281375 3.9649879 3.9060898 3.9227087 4.5746930 3.7018186 3.5184734 3.4056109 4.7261580 3.6634996 4.0907463 3.1387946 4.1340756 3.9452054 4.6457093 5.2860078 4.3428417 6.5798245 5.5829808 5.0457693 
Vmul_Simscaffold3166_01                               3.1217903 3.1891458 3.8126304 3.8370616 3.2085302 3.4192485 3.4680057 4.0004836 3.3426552 3.8977417 3.1090096 3.3262866 3.5304611 3.2871734 3.4130424 3.0539898 3.4597833 3.2340763 3.0865486 3.8744700 3.2828751 3.2806638 3.2770116 3.6006588 1.2321927 1.2775974 1.1299325 1.5987603 0.0000000 0.6992450 1.3775184 3.5844873 3.5641587 3.9297905 3.5971219 3.5531174 3.9036547 3.3931356 3.1495899 3.2443355 3.7295992 3.1681495 3.8930491 3.3722486 3.7041245 3.7708717 4.1211218 5.0284173 4.2139562 7.4967562 5.1914359 4.5825350 
Coemet_Cmet_scaffold1155_01                           3.4661788 3.4395361 3.8390759 3.8972743 3.5435866 3.8182697 3.8256368 3.7826048 3.5407902 4.0307251 3.0447255 3.1866316 3.4843736 3.3363157 3.4107081 2.8397289 3.6691932 3.7778662 3.7792112 4.3594334 3.9852341 3.7160117 3.2786250 3.5195332 1.1970909 1.3008511 1.1207739 1.6230167 0.6992450 0.0000000 1.3047510 3.8941810 3.8682640 4.0779893 3.8688906 3.8085209 4.3175307 3.7326044 3.0149116 3.1267059 4.0174140 3.6512767 4.1032656 3.3661107 3.3749696 3.9081974 4.6668058 5.2215061 4.6233700 6.6965696 5.6747819 5.0466810 
Eupdun_Edun_sb10635731                                2.6588019 2.4922815 2.3648404 5.1354336 2.5781741 2.4785067 2.7657174 3.1026947 2.8044127 3.1243564 2.9298437 2.8452159 3.1327893 3.0509855 3.0667255 2.2002594 2.6602554 2.8027930 4.1462911 3.9968898 2.9173012 3.1126074 2.4351405 2.3889890 0.9252696 1.5643171 0.7363798 1.2392381 1.3775184 1.3047510 0.0000000 2.7768812 2.7377894 2.1275046 2.8003479 2.7322330 3.0677046 2.7834442 3.0091732 3.2566869 3.2378354 2.6709789 3.7552520 2.5011614 3.1406893 3.0678987 4.0777870 3.7328438 3.6495273 6.9628982 3.8438159 3.3028606 
Tadh_TriadT61422                                      2.1119505 2.1546463 2.2301524 1.9860981 1.9277031 2.2082891 2.1693813 2.2675283 2.2074703 2.3625987 2.2002356 2.6310046 2.2560650 2.1903608 2.2008274 2.0242931 2.1800377 2.4329292 3.0588483 2.9081118 2.5505894 2.5162153 2.5013252 2.5509550 3.3484666 3.4599962 2.7644846 4.0544164 3.5844873 3.8941810 2.7768812 0.0000000 0.0065819 0.1453781 0.1429448 0.1627472 0.2045514 0.1352208 3.2113953 2.9083653 4.2358561 3.2978871 3.8278908 3.4646941 3.2438134 3.4521294 3.2528525 4.1110091 4.3434062 6.9224888 4.1162620 3.5800372 
TrH2_TrispH2_003515-RA                                2.1266205 2.1714638 2.2570654 1.9876729 1.9405507 2.2083439 2.1740909 2.2787571 2.2085742 2.3606766 2.1998955 2.6308137 2.2514715 2.1860033 2.1964335 2.0160526 2.1774508 2.4569970 3.0625497 2.8992070 2.5632869 2.5282099 2.5029207 2.5455946 3.3259900 3.4479183 2.7883900 4.0281375 3.5641587 3.8682640 2.7377894 0.0065819 0.0000000 0.1481052 0.1453789 0.1652181 0.2077674 0.1376652 3.1984676 2.8988243 4.2969885 3.3529753 3.8929008 3.5227456 3.2106270 3.4644193 3.2355095 4.1650963 4.3988102 6.9165188 4.1646598 3.6429595 
HoiH06_mRNA12505                                      2.1854027 2.1474806 2.2700094 1.9331294 2.0082713 2.0672659 2.1139393 2.3052819 2.3243982 2.3941388 2.4176799 2.2853047 2.5771825 2.3594734 2.4244870 2.0180190 2.3539282 2.7099878 4.1421249 2.7708753 2.7927989 2.8485695 2.8240438 2.7124435 3.4247462 3.6261954 2.6289185 3.9649879 3.9297905 4.0779893 2.1275046 0.1453781 0.1481052 0.0000000 0.0474171 0.0760785 0.1397247 0.1002269 3.0924814 2.7663423 4.3222930 3.3546156 4.1651450 3.2835481 3.1723966 3.8534871 3.5441888 3.9071242 4.3581607 6.9331435 4.0663203 3.9692843 
HoiH23_PlH23_007689-RA                                2.0696791 2.1831878 2.2636800 2.0316310 1.9713269 2.0896438 2.1541909 2.3584265 2.2192245 2.2962487 2.2313490 2.6636556 2.3490721 2.1999538 2.2506829 1.9848467 2.2433256 2.5073463 3.2123037 2.9333587 2.5960282 2.6451060 2.6938292 2.5813705 3.4567901 3.5467010 2.7212215 3.9060898 3.5971219 3.8688906 2.8003479 0.1429448 0.1453789 0.0474171 0.0000000 0.0947732 0.1394234 0.0871260 3.0831623 2.8044113 4.0412896 3.2307256 3.8095051 3.3174937 3.1925273 3.5584674 3.2803167 3.9414668 4.3718559 6.5124526 3.7847755 3.9225347 
Hhon_g10551.t1                                        2.0469434 2.1476235 2.2519466 1.9792470 1.9771107 2.0159011 2.0476088 2.2512648 2.1521017 2.2089794 2.1806460 2.6146675 2.3539774 2.2548456 2.2852833 2.1346821 2.2464379 2.4161324 2.9979156 3.0531211 2.5652702 2.6242619 2.5892432 2.5616795 3.5353481 3.5531259 2.8937828 3.9227087 3.5531174 3.8085209 2.7322330 0.1627472 0.1652181 0.0760785 0.0947732 0.0000000 0.0612622 0.0864802 2.9056954 2.6609857 4.1409892 3.1372452 3.8179165 3.2306350 3.2292744 3.5286328 3.2229680 4.1346588 4.1907164 6.2699637 3.7100693 4.0067159 
HoiH04_mRNA9880                                       2.3453090 2.4714634 2.6056168 1.9652347 2.1282312 2.2334926 2.2994155 2.5451061 2.4039471 2.3149161 2.3427905 2.9491088 2.5174524 2.4369971 2.4707527 2.4087062 2.4205801 2.6770221 3.0359496 3.5312214 2.7330056 2.7622411 2.8611083 2.8246089 4.5369526 4.1578603 3.4776325 4.5746930 3.9036547 4.3175307 3.0677046 0.2045514 0.2077674 0.1397247 0.1394234 0.0612622 0.0000000 0.1367249 3.4803020 3.0554160 4.7707924 3.6233063 4.7898421 3.5967376 3.8224778 4.1854269 4.0438777 4.3333359 5.0037259 6.7995784 4.3171460 5.8487515 
HoiH11_mRNA6505                                       2.0724453 2.1798224 2.2168882 1.7938161 2.0116980 2.0647843 2.1096742 2.2187830 2.1673399 2.2522517 2.2009433 2.6172158 2.3534606 2.1580104 2.2263580 2.1651234 2.1747194 2.4174469 2.9162727 2.8585038 2.4366307 2.4961120 2.5190271 2.5769775 3.5947555 3.4344579 2.7831392 3.7018186 3.3931356 3.7326044 2.7834442 0.1352208 0.1376652 0.1002269 0.0871260 0.0864802 0.1367249 0.0000000 2.9820911 2.7536365 4.0962047 3.0697662 3.7471506 3.1993635 3.1534384 3.3459338 3.1436567 3.9177262 4.2848413 6.2113654 3.9042994 4.0367798 
Ocar_g4541                                            2.3546855 2.4643622 2.5099563 2.6735508 2.5115756 2.8263082 2.7092804 2.9298507 2.2700936 2.3324501 2.3826189 2.8177047 2.5835942 2.3911108 2.3129131 2.2365937 2.8887716 2.3958982 2.7148628 4.4904206 2.8020149 2.7577376 2.2580517 2.5944764 2.7727607 3.0284126 2.5953977 3.5184734 3.1495899 3.0149116 3.0091732 3.2113953 3.1984676 3.0924814 3.0831623 2.9056954 3.4803020 2.9820911 0.0000000 0.0071057 2.8144809 2.5276108 2.8542029 2.7809695 2.7518131 2.9969125 3.2255350 4.1149867 3.4044059 3.5717737 3.7982383 3.3849054 
Opea_EP00118_Oscarella_pearsei_P008498                2.2423898 2.3173737 2.3045363 2.5208141 2.2946192 2.5966306 2.4972683 2.7206393 2.3288272 2.2805017 2.3046410 2.6254463 2.4673536 2.3297676 2.2688247 2.1346284 2.8484145 2.3686622 2.7931729 3.5862056 2.7140488 2.6532732 2.2868999 2.5235639 2.8409070 3.0617086 2.7308063 3.4056109 3.2443355 3.1267059 3.2566869 2.9083653 2.8988243 2.7663423 2.8044113 2.6609857 3.0554160 2.7536365 0.0071057 0.0000000 3.0120489 2.8212290 3.0091614 3.0177191 3.0462081 3.1444723 3.4119988 3.5448412 3.2638074 3.6320495 3.3301752 3.5115931 
Aque_Aqu2.1.41990_001                                 3.5119805 3.4536840 3.5119884 3.5284250 3.0990731 3.6527892 3.4840654 3.8015120 3.8447195 3.3996183 3.3770652 3.7078328 3.4205522 3.3180006 3.2975944 3.2984981 3.6171275 3.2787423 3.0944143 3.9305840 3.1907442 3.5202419 3.7205552 3.4695825 3.6824684 3.6228472 3.8086725 4.7261580 3.7295992 4.0174140 3.2378354 4.2358561 4.2969885 4.3222930 4.0412896 4.1409892 4.7707924 4.0962047 2.8144809 3.0120489 0.0000000 0.2285316 0.5511778 1.5017128 1.7409754 1.6322069 2.0354888 5.0598090 4.8783668 4.0909239 4.4306877 4.6645214 
Halamb_c48057_g2_i3mm.2496                            2.5354380 2.5928294 2.6811476 3.4442717 2.4617880 2.5348360 2.6436323 2.9899181 2.6943297 2.5646496 2.3763449 2.6138534 2.4252339 2.4189047 2.4213326 2.0891973 3.3090484 2.4971854 3.4420990 4.0459219 2.7118359 2.7671264 2.7768152 2.9457233 3.0821932 3.4218858 2.1321430 3.6634996 3.1681495 3.6512767 2.6709789 3.2978871 3.3529753 3.3546156 3.2307256 3.1372452 3.6233063 3.0697662 2.5276108 2.8212290 0.2285316 0.0000000 0.3505421 1.2392141 1.3765409 1.4062357 1.8833909 4.2690746 4.5550710 4.2895185 4.0046335 3.7979248 
Xestes_maker-XT_scaffold931-augustus-gene-0.19-mRNA-1 2.7427616 3.1257957 3.0930026 3.9828480 3.1410622 3.2939028 3.1924536 3.5288729 2.9639170 3.2703773 2.9809198 3.5183008 2.9730845 2.9388010 3.0072095 2.7954414 3.7633419 2.9032538 3.1566096 3.6384280 3.2151300 3.1286139 2.9837693 3.2725852 3.0718655 3.4744905 2.9208737 4.0907463 3.8930491 4.1032656 3.7552520 3.8278908 3.8929008 4.1651450 3.8095051 3.8179165 4.7898421 3.7471506 2.8542029 3.0091614 0.5511778 0.3505421 0.0000000 1.4260733 1.7201302 1.7004399 1.9747305 4.8326938 4.3625105 3.8895679 4.1557891 4.3960552 
Tetwil_g10750.t1                                      3.0412773 3.2142550 3.1885864 3.7727093 2.8522332 3.0626409 2.8972136 3.2910511 2.8403422 3.0311852 2.8556322 3.2715439 2.6313239 2.7033603 2.7035116 2.6423705 3.5069960 3.0050798 2.8826685 4.8204555 3.1966100 3.3782968 2.7046858 2.6294772 3.5819241 3.1479089 2.6404754 3.1387946 3.3722486 3.3661107 2.5011614 3.4646941 3.5227456 3.2835481 3.3174937 3.2306350 3.5967376 3.1993635 2.7809695 3.0177191 1.5017128 1.2392141 1.4260733 0.0000000 1.4730944 1.3637712 2.1339800 3.8469604 4.0770243 2.6837605 3.8962028 4.2454646 
Emue_Em0013g890a.t1                                   3.0071622 3.0719489 3.3178571 3.4855658 2.8259419 3.0549031 3.0323594 3.0144964 2.9629141 2.6733028 2.9231854 3.2293722 2.8725636 2.7048261 2.8391486 2.7442389 3.6903666 2.9825637 2.5496625 3.8802313 3.2276785 3.2004181 2.6181126 2.6439529 3.6340963 3.2290629 3.3658835 4.1340756 3.7041245 3.3749696 3.1406893 3.2438134 3.2106270 3.1723966 3.1925273 3.2292744 3.8224778 3.1534384 2.7518131 3.0462081 1.7409754 1.3765409 1.7201302 1.4730944 0.0000000 0.4790079 2.0234523 3.9753584 3.7245295 2.8938497 4.5137652 3.5977528 
Spolac_c98086_g1_i2_m.16382c91572-g1                  2.7599920 3.1694214 2.8592542 3.1150746 3.1375795 3.4148469 3.0927024 2.8855126 2.9544581 2.8710614 2.5547015 2.8258961 2.6587438 2.4617437 2.5520654 2.6267096 3.5065219 2.9501916 2.1547418 4.1489095 3.0986253 2.8635824 2.4403770 2.2718945 3.6951108 3.3814867 4.0514403 3.9452054 3.7708717 3.9081974 3.0678987 3.4521294 3.4644193 3.8534871 3.5584674 3.5286328 4.1854269 3.3459338 2.9969125 3.1444723 1.6322069 1.4062357 1.7004399 1.3637712 0.4790079 0.0000000 1.9551421 4.0097050 3.8850496 2.8992694 3.9334732 4.4241383 
Plespi_Pspi_C605002_01                                2.6817542 2.7483725 3.1272248 3.1555083 3.0255453 2.8298374 3.2318558 3.4218861 2.8288817 2.8146136 2.5513543 3.0019804 2.7623350 2.5943237 2.6145213 2.8149944 3.5135873 2.9213120 2.8074855 3.7506723 3.3427129 3.2393130 2.9677310 2.9856290 3.6243371 4.0758823 3.6441534 4.6457093 4.1211218 4.6668058 4.0777870 3.2528525 3.2355095 3.5441888 3.2803167 3.2229680 4.0438777 3.1436567 3.2255350 3.4119988 2.0354888 1.8833909 1.9747305 2.1339800 2.0234523 1.9551421 0.0000000 3.9340366 4.2044085 3.7494576 4.6087986 4.0843213 
Scil_scict019771.1                                    3.4764646 3.6782514 3.7333721 3.9230500 3.4468668 4.0364574 3.9336957 4.1092695 4.1460371 3.8693028 3.7852578 4.0946860 3.7014030 3.7760793 3.8287163 3.6657826 3.7329063 4.2005878 4.8243885 3.9241910 4.2174738 4.1836839 4.5827653 4.6222507 4.1281997 4.7569015 4.2677131 5.2860078 5.0284173 5.2215061 3.7328438 4.1110091 4.1650963 3.9071242 3.9414668 4.1346588 4.3333359 3.9177262 4.1149867 3.5448412 5.0598090 4.2690746 4.8326938 3.8469604 3.9753584 4.0097050 3.9340366 0.0000000 1.0962277 0.9563752 1.1140459 3.3840830 
Lcom_lcpid71724                                       3.2803827 3.2652930 3.2326639 3.5502474 3.3640060 3.8602713 3.9912199 3.8450229 3.2352163 3.3075760 3.2461079 3.4119717 3.4843692 3.3424599 3.4657128 3.2630144 3.6587800 3.8735436 3.5978213 3.9789111 3.3930074 3.5531355 3.9595576 3.6789606 5.0742203 4.7358332 3.9134681 4.3428417 4.2139562 4.6233700 3.6495273 4.3434062 4.3988102 4.3581607 4.3718559 4.1907164 5.0037259 4.2848413 3.4044059 3.2638074 4.8783668 4.5550710 4.3625105 4.0770243 3.7245295 3.8850496 4.2044085 1.0962277 0.0000000 0.9722079 0.9402285 3.2080534 
Leuniv_Lniv_scaffold24755_01                          3.1324569 3.4203917 3.6592533 3.8111933 4.2615208 4.0659997 5.0108081 4.6037914 3.6287317 4.3740132 3.5874607 4.7649929 4.0751849 3.8773075 3.8493752 4.4493907 5.2212570 4.5023546 3.9166083 5.7065221 4.1067511 4.3626497 4.1113447 4.2259567 8.2782648 4.7813636 9.0000000 6.5798245 7.4967562 6.6965696 6.9628982 6.9224888 6.9165188 6.9331435 6.5124526 6.2699637 6.7995784 6.2113654 3.5717737 3.6320495 4.0909239 4.2895185 3.8895679 2.6837605 2.8938497 2.8992694 3.7494576 0.9563752 0.9722079 0.0000000 0.8424709 5.8688523 
Gracom_Gcom_C553280_01                                3.4030409 3.5752790 3.7382310 3.4769317 3.8022521 4.1227742 4.0764806 3.8634304 4.1864466 4.6720925 3.5250443 3.8990643 4.2030217 4.0016389 4.0777714 4.1414029 3.8169398 4.3969766 3.9235190 3.8706146 3.7990715 4.0428284 4.5182895 4.0373361 5.5996092 5.2326931 4.7940814 5.5829808 5.1914359 5.6747819 3.8438159 4.1162620 4.1646598 4.0663203 3.7847755 3.7100693 4.3171460 3.9042994 3.7982383 3.3301752 4.4306877 4.0046335 4.1557891 3.8962028 4.5137652 3.9334732 4.6087986 1.1140459 0.9402285 0.8424709 0.0000000 3.2134752 
Clacor_Ccor_C535695_01                                3.6689784 3.3305831 3.7465987 2.3157239 3.3588183 4.1560261 3.8927096 4.2296122 4.2978535 3.7618362 3.3862725 3.6864201 3.7964401 3.7329673 3.5805229 3.0350431 3.9427771 4.3483728 4.1468095 4.2492903 4.6480950 4.1529956 5.9532601 5.0436782 3.4392237 3.7591398 3.4041147 5.0457693 4.5825350 5.0466810 3.3028606 3.5800372 3.6429595 3.9692843 3.9225347 4.0067159 5.8487515 4.0367798 3.3849054 3.5115931 4.6645214 3.7979248 4.3960552 4.2454646 3.5977528 4.4241383 4.0843213 3.3840830 3.2080534 5.8688523 3.2134752 0.0000000 
