42
Hsap_ENST00000399113                    0.0000000 0.6948360 0.7343654 0.8173428 0.9075807 0.8781730 0.9999539 1.0441436 1.1379115 0.9982557 1.1944052 1.2480838 1.0295685 1.2593715 1.2657544 1.3456380 1.5121104 1.4695671 1.5500291 1.4550523 1.5499270 1.3704149 1.4743385 1.3769778 1.3691290 1.5346557 1.4383758 0.9245771 2.7903083 2.4582028 2.5805456 2.5422806 2.5661479 2.5661479 2.4862710 3.8947917 3.0133085 2.7126048 3.9593877 3.9170539 3.5489082 3.3049726 
Bralan_BLAG02000893_2                   0.6948360 0.0000000 0.6024866 0.6696587 0.7700473 0.6581465 0.7937866 0.9758634 1.0463160 0.9197330 1.0284866 1.1862212 1.0102562 1.1103045 1.0892145 1.3002879 1.4406545 1.3049655 1.3556075 1.3761079 1.3924225 1.3194314 1.4527360 1.2855690 1.2380269 1.4895549 1.3037312 0.7861903 2.6824557 2.3260630 2.2971591 2.2982250 2.2426538 2.2426538 2.2756777 3.5008354 3.2308602 2.8797280 3.9131146 3.8727887 3.5993870 3.2043238 
Skow_XM_006823207.1                     0.7343654 0.6024866 0.0000000 0.6113353 0.8093933 0.7185523 0.9213328 1.0493225 1.1780403 1.0045103 1.2043550 1.2591271 1.0925027 1.2671979 1.2637631 1.4016622 1.5562501 1.4035119 1.4588748 1.4544666 1.3892821 1.3820759 1.6143653 1.3592050 1.3237504 1.5871421 1.4870125 0.8039486 2.8259590 2.4222785 2.5168331 2.5492577 2.4647076 2.4647076 2.3721663 3.4990610 3.1325448 2.7173813 3.9540616 3.8127109 3.5370899 3.5408297 
Spur_XM_030983477.1                     0.8173428 0.6696587 0.6113353 0.0000000 0.9047585 0.7967209 0.9242839 1.0507643 1.2726350 1.0729246 1.3000063 1.3663678 1.1117779 1.3489130 1.3482113 1.4089336 1.6104032 1.3990993 1.5619037 1.4374603 1.5067484 1.4635570 1.5542092 1.3921142 1.3580576 1.6520264 1.4066515 0.8842662 2.8925950 2.5024412 2.6399890 2.6263975 2.5646366 2.5646366 2.5042852 3.7408630 3.2871734 2.8606297 3.8524334 3.8246394 3.8086908 3.5925321 
Cscu_XM_023385979.1                     0.9075807 0.7700473 0.8093933 0.9047585 0.0000000 0.6857223 0.8619434 0.7712514 1.2932805 1.1218692 1.3068509 1.3486249 1.2264512 1.4125271 1.4117973 1.4667654 1.6918076 1.5236750 1.5919008 1.5880959 1.6245615 1.5842611 1.7084222 1.4886067 1.4463719 1.6984094 1.2710680 0.7941809 2.8063656 2.3993002 2.4884541 2.5036908 2.4433903 2.4433903 2.4108609 3.6060891 3.0836413 2.6132330 3.9002219 3.9555272 3.6138618 3.4049187 
Ctel_gnl_WGS_AMQN_CAPTEDRAFT_mRNA221719 0.8781730 0.6581465 0.7185523 0.7967209 0.6857223 0.0000000 0.7597496 0.9396920 1.2988071 1.0856235 1.3506474 1.3648829 1.1742464 1.3677406 1.3498851 1.4896105 1.6369170 1.5142904 1.5505080 1.5161812 1.5561775 1.3940408 1.5225696 1.3249756 1.3477487 1.5345017 1.3458119 0.6991018 2.5623822 2.2168145 2.4215313 2.4251450 2.3603269 2.3603269 2.2391511 3.7776455 3.0792016 2.7913966 3.9029969 3.7474047 3.4576199 3.3809057 
Cgig_XM_034455831.1                     0.9999539 0.7937866 0.9213328 0.9242839 0.8619434 0.7597496 0.0000000 1.0962317 1.4300593 1.2109661 1.4143893 1.4319615 1.3196661 1.4729535 1.4377467 1.6339915 1.7829947 1.5037739 1.6624120 1.4994751 1.5878287 1.4697057 1.6294679 1.3979732 1.5283072 1.6281952 1.4483318 0.6712677 2.4837188 2.1258319 2.2101835 2.1886631 2.2159588 2.2159588 2.2046860 3.7137296 3.4137293 2.8448641 3.8229976 4.1631337 3.7751955 3.5567392 
Tcas_TC033180_001                       1.0441436 0.9758634 1.0493225 1.0507643 0.7712514 0.9396920 1.0962317 0.0000000 1.3957463 1.1642040 1.4082290 1.2142055 1.2283972 1.4819477 1.4662951 1.3780808 1.5494515 1.4624295 1.5736205 1.6454399 1.5365177 1.5856901 1.6179309 1.5060383 1.4607605 1.7643050 1.3008382 0.9309293 2.6798724 2.3392289 2.4982265 2.4897936 2.4338329 2.4338329 2.3858800 3.6966307 3.3436730 2.8008859 3.6115118 3.9794752 3.3708631 3.4642313 
Exapal_XM_021044804.2                   1.1379115 1.0463160 1.1780403 1.2726350 1.2932805 1.2988071 1.4300593 1.3957463 0.0000000 0.2486017 0.3689096 0.3375678 0.2896472 0.3649584 0.3688577 0.3383220 0.4737977 0.9292036 0.9428071 1.0866245 1.1679884 1.0120394 1.1140551 0.8988039 0.9913072 1.2498086 1.6934943 1.4134242 2.6965456 2.3458624 2.5124649 2.4980577 2.4036994 2.4036994 2.3242380 3.4912824 3.5102662 2.6269215 3.8025649 3.5827373 3.4110408 3.7732431 
Nvec_v1g85254                           0.9982557 0.9197330 1.0045103 1.0729246 1.1218692 1.0856235 1.2109661 1.1642040 0.2486017 0.0000000 0.3150199 0.2735638 0.2929892 0.3616286 0.3586850 0.3139662 0.4345081 0.9313914 1.0888495 0.9769392 1.0825654 0.8261984 1.0255028 0.9423216 0.8476158 1.1416007 1.7521145 1.2954443 2.6570110 2.2461383 2.4125966 2.4127746 2.3282410 2.3282410 2.3582150 2.8817670 3.2763912 2.5182725 3.6537408 3.5386928 3.2509090 3.6573352 
Adig_XM_015921021.1                     1.1944052 1.0284866 1.2043550 1.3000063 1.3068509 1.3506474 1.4143893 1.4082290 0.3689096 0.3150199 0.0000000 0.0455014 0.1179934 0.1981671 0.1921333 0.1530993 0.3014469 0.9381606 0.9786641 1.1259159 1.1429722 1.0235349 1.1336710 0.9194299 1.0184707 1.2718714 1.7107477 1.4713624 2.8104485 2.4060636 2.6688964 2.6717958 2.5504666 2.5504666 2.4683548 3.5797315 3.4037031 2.4554480 3.7951275 3.8475481 3.4303050 3.9181832 
Amil_Amillepora00660-RA                 1.2480838 1.1862212 1.2591271 1.3663678 1.3486249 1.3648829 1.4319615 1.2142055 0.3375678 0.2735638 0.0455014 0.0000000 0.1000804 0.1453722 0.1340042 0.1222027 0.1270606 0.7370356 0.7948829 0.8664375 1.0006807 1.0763069 1.0329389 1.0497611 0.8688387 1.0380994 1.7240984 1.3099983 2.0766466 1.8228085 1.9563079 1.9589116 1.9343623 1.9343623 1.8877530 3.0579696 3.1360877 2.6410124 3.2656818 3.0479380 3.1228307 4.0179129 
Gfas_gfas1.m1.17938.m1                  1.0295685 1.0102562 1.0925027 1.1117779 1.2264512 1.1742464 1.3196661 1.2283972 0.2896472 0.2929892 0.1179934 0.1000804 0.0000000 0.1235789 0.1160846 0.0957151 0.1741482 0.8799113 0.9631005 0.8894358 1.0362064 0.8366393 1.0064384 0.9445627 0.8309178 1.1212827 1.6874079 1.2841308 2.3763645 2.1371310 2.1805113 2.1919075 2.1355121 2.1355121 2.1285264 3.0876523 3.2531584 2.8087686 3.5048283 3.7048424 3.4144349 4.1560607 
Spis_XP_022783501_1                     1.2593715 1.1103045 1.2671979 1.3489130 1.4125271 1.3677406 1.4729535 1.4819477 0.3649584 0.3616286 0.1981671 0.1453722 0.1235789 0.0000000 0.0342264 0.1010640 0.2330229 0.9605880 1.0166810 1.1318319 1.2453944 1.1071755 1.2369614 1.0413744 1.0609764 1.3325772 1.8052429 1.5100615 2.8249536 2.4940794 2.5821653 2.6157439 2.5563046 2.5563046 2.4821370 3.6378446 3.3960170 2.7438605 3.9783887 3.9611886 3.4999624 3.9545639 
Pocdam_XM_027195645.1                   1.2657544 1.0892145 1.2637631 1.3482113 1.4117973 1.3498851 1.4377467 1.4662951 0.3688577 0.3586850 0.1921333 0.1340042 0.1160846 0.0342264 0.0000000 0.0891156 0.2276287 0.9497346 1.0187279 1.1388792 1.2238921 1.0850747 1.2192980 1.0229314 1.0519446 1.3342254 1.8214019 1.4724930 2.8124192 2.4678528 2.5480256 2.5932838 2.5363385 2.5363385 2.4727884 3.6051544 3.4414100 2.7865088 4.0194137 3.9185839 3.4906672 3.9497225 
Fspp_ffun1.m4.22031.m1                  1.3456380 1.3002879 1.4016622 1.4089336 1.4667654 1.4896105 1.6339915 1.3780808 0.3383220 0.3139662 0.1530993 0.1222027 0.0957151 0.1010640 0.0891156 0.0000000 0.0737298 0.8074514 0.8499758 0.9535147 1.1509613 1.0631741 1.1165453 1.1350886 0.9615863 1.1893084 1.8936313 1.3792567 2.1133160 1.8850168 1.9479767 1.9585126 1.9254698 1.9254698 1.8867517 2.9753511 3.0710716 2.5503233 3.2562592 2.9960244 3.0612387 3.6262429 
Gasp_gasp1.m3.16380.m1                  1.5121104 1.4406545 1.5562501 1.6104032 1.6918076 1.6369170 1.7829947 1.5494515 0.4737977 0.4345081 0.3014469 0.1270606 0.1741482 0.2330229 0.2276287 0.0737298 0.0000000 0.9701811 1.0466609 1.1451542 1.3210044 1.1978692 1.1726947 1.2074213 1.1292781 1.4090094 2.0491057 1.4854277 2.6678877 2.2899459 2.3883604 2.3694084 2.3442389 2.3442389 2.2743567 3.3616466 3.3024062 2.6765941 3.6757772 3.3405459 3.2504821 3.9336430 
Dgig_XM_028537923.1                     1.4695671 1.3049655 1.4035119 1.3990993 1.5236750 1.5142904 1.5037739 1.4624295 0.9292036 0.9313914 0.9381606 0.7370356 0.8799113 0.9605880 0.9497346 0.8074514 0.9701811 0.0000000 0.3443163 1.3429488 1.3019048 1.1585553 1.2834062 1.1500831 1.2021349 1.4427342 1.7274012 1.5589466 2.3705109 2.2318178 2.2517590 2.2665168 2.1906012 2.1906012 2.2334697 4.2077918 3.2987497 3.0167247 3.9882979 4.3677478 4.0771161 3.7332214 
Xesp_012741-T1                          1.5500291 1.3556075 1.4588748 1.5619037 1.5919008 1.5505080 1.6624120 1.5736205 0.9428071 1.0888495 0.9786641 0.7948829 0.9631005 1.0166810 1.0187279 0.8499758 1.0466609 0.3443163 0.0000000 1.4758777 1.4419178 1.1959043 1.4295469 1.3278289 1.3655005 1.5914460 1.8830807 1.7597754 2.6950611 2.5702261 2.5933155 2.5914700 2.4923941 2.4923941 2.4988779 4.1217590 3.5440365 3.1308704 4.3666119 4.5814525 4.2396958 4.1795328 
Hvul_g29346_1                           1.4550523 1.3761079 1.4544666 1.4374603 1.5880959 1.5161812 1.4994751 1.6454399 1.0866245 0.9769392 1.1259159 0.8664375 0.8894358 1.1318319 1.1388792 0.9535147 1.1451542 1.3429488 1.4758777 0.0000000 0.6436562 0.7945834 0.9655586 0.7686087 0.8333438 1.0662009 1.8396154 1.5160013 2.6200566 2.2794489 2.4080166 2.3707626 2.3098870 2.3098870 2.3526871 3.5904396 3.5902371 2.8483012 3.8700736 3.9922572 3.8257840 3.8241676 
Chem_TCONS_00046353                     1.5499270 1.3924225 1.3892821 1.5067484 1.6245615 1.5561775 1.5878287 1.5365177 1.1679884 1.0825654 1.1429722 1.0006807 1.0362064 1.2453944 1.2238921 1.1509613 1.3210044 1.3019048 1.4419178 0.6436562 0.0000000 0.7586999 0.9047455 0.7332648 0.7896921 1.0154147 1.7280761 1.4677075 2.9063769 2.4344461 2.4903072 2.5549614 2.4412597 2.4412597 2.5427473 3.4619115 3.4954472 2.9143595 4.0660691 3.9823920 3.8653971 3.8101948 
Aaur_scaffold306.g1.t1                  1.3704149 1.3194314 1.3820759 1.4635570 1.5842611 1.3940408 1.4697057 1.5856901 1.0120394 0.8261984 1.0235349 1.0763069 0.8366393 1.1071755 1.0850747 1.0631741 1.1978692 1.1585553 1.1959043 0.7945834 0.7586999 0.0000000 0.3057477 0.2620681 0.6587017 0.6380713 1.7345099 1.6580047 2.9349909 2.3892691 2.4530570 2.5458646 2.4008353 2.4008353 2.5365592 3.4881792 3.3454366 2.9532994 3.9733616 4.2460429 3.8140398 3.9157450 
Nemnom_g4129.t1                         1.4743385 1.4527360 1.6143653 1.5542092 1.7084222 1.5225696 1.6294679 1.6179309 1.1140551 1.0255028 1.1336710 1.0329389 1.0064384 1.2369614 1.2192980 1.1165453 1.1726947 1.2834062 1.4295469 0.9655586 0.9047455 0.3057477 0.0000000 0.1108800 0.7140316 0.7896254 1.8164596 1.6083381 2.6580559 2.1277085 2.2182364 2.2203580 2.1439725 2.1439725 2.2605200 3.7270791 3.3583543 2.7344699 4.1450641 4.1836444 3.8784840 3.7939144 
Rhoesc_Res_010076-T1                    1.3769778 1.2855690 1.3592050 1.3921142 1.4886067 1.3249756 1.3979732 1.5060383 0.8988039 0.9423216 0.9194299 1.0497611 0.9445627 1.0413744 1.0229314 1.1350886 1.2074213 1.1500831 1.3278289 0.7686087 0.7332648 0.2620681 0.1108800 0.0000000 0.6091242 0.6653454 1.6371461 1.4904445 2.2137642 1.8172552 1.8872966 1.8817245 1.8716858 1.8716858 1.9412680 3.4250900 3.3812629 2.6981630 3.8549922 3.6141641 3.5137950 3.9124843 
Morvir_scaffold17.g137.t1               1.3691290 1.2380269 1.3237504 1.3580576 1.4463719 1.3477487 1.5283072 1.4607605 0.9913072 0.8476158 1.0184707 0.8688387 0.8309178 1.0609764 1.0519446 0.9615863 1.1292781 1.2021349 1.3655005 0.8333438 0.7896921 0.6587017 0.7140316 0.6091242 0.0000000 0.9346471 1.6970278 1.5505902 2.7622515 2.3151740 2.3733994 2.3750517 2.3184893 2.3184893 2.3212964 3.3797751 3.0565882 2.3874140 3.7159801 3.8140094 3.6581342 3.1524903 
Sanmal_Sma_020259-T1                    1.5346557 1.4895549 1.5871421 1.6520264 1.6984094 1.5345017 1.6281952 1.7643050 1.2498086 1.1416007 1.2718714 1.0380994 1.1212827 1.3325772 1.3342254 1.1893084 1.4090094 1.4427342 1.5914460 1.0662009 1.0154147 0.6380713 0.7896254 0.6653454 0.9346471 0.0000000 2.0432089 1.5202385 3.0181880 2.5325588 2.6198468 2.5943381 2.5671590 2.5671590 2.7024738 3.8853986 4.0509881 3.0438400 4.3689745 4.7219329 4.4472544 4.4854217 
Dpul_mRNA15176                          1.4383758 1.3037312 1.4870125 1.4066515 1.2710680 1.3458119 1.4483318 1.3008382 1.6934943 1.7521145 1.7107477 1.7240984 1.6874079 1.8052429 1.8214019 1.8936313 2.0491057 1.7274012 1.8830807 1.8396154 1.7280761 1.7345099 1.8164596 1.6371461 1.6970278 2.0432089 0.0000000 1.5094048 2.6154396 2.4899258 2.5017139 2.5451404 2.4071576 2.4071576 2.5182662 3.7661112 3.9016612 3.0492738 3.9692994 4.6186917 4.3988217 3.8009665 
Acagra_model.g24438.t1                  0.9245771 0.7861903 0.8039486 0.8842662 0.7941809 0.6991018 0.6712677 0.9309293 1.4134242 1.2954443 1.4713624 1.3099983 1.2841308 1.5100615 1.4724930 1.3792567 1.4854277 1.5589466 1.7597754 1.5160013 1.4677075 1.6580047 1.6083381 1.4904445 1.5505902 1.5202385 1.5094048 0.0000000 2.3174398 1.8923627 1.9180321 1.9534850 1.8809859 1.8809859 1.9154745 3.2560174 2.8730248 2.5687572 3.2324237 3.3399307 3.2531435 2.8081486 
Tadh_TriadT57387                        2.7903083 2.6824557 2.8259590 2.8925950 2.8063656 2.5623822 2.4837188 2.6798724 2.6965456 2.6570110 2.8104485 2.0766466 2.3763645 2.8249536 2.8124192 2.1133160 2.6678877 2.3705109 2.6950611 2.6200566 2.9063769 2.9349909 2.6580559 2.2137642 2.7622515 3.0181880 2.6154396 2.3174398 0.0000000 0.0139908 0.4745655 0.4527048 0.4159527 0.4159527 0.4155307 5.4299673 4.4184924 3.6425575 4.5883419 5.1493507 4.8439985 4.5267669 
TrH2_TrispH2_005409-RA                  2.4582028 2.3260630 2.4222785 2.5024412 2.3993002 2.2168145 2.1258319 2.3392289 2.3458624 2.2461383 2.4060636 1.8228085 2.1371310 2.4940794 2.4678528 1.8850168 2.2899459 2.2318178 2.5702261 2.2794489 2.4344461 2.3892691 2.1277085 1.8172552 2.3151740 2.5325588 2.4899258 1.8923627 0.0139908 0.0000000 0.4273560 0.4079228 0.3857013 0.3857013 0.3866588 5.3422008 4.1834071 3.3820614 4.4383779 4.8887565 4.5975215 3.9797249 
HoiH06_mRNA5707                         2.5805456 2.2971591 2.5168331 2.6399890 2.4884541 2.4215313 2.2101835 2.4982265 2.5124649 2.4125966 2.6688964 1.9563079 2.1805113 2.5821653 2.5480256 1.9479767 2.3883604 2.2517590 2.5933155 2.4080166 2.4903072 2.4530570 2.2182364 1.8872966 2.3733994 2.6198468 2.5017139 1.9180321 0.4745655 0.4273560 0.0000000 0.0876835 0.1569899 0.1569899 0.2320335 5.4522308 4.1601425 3.4522306 4.4596068 4.9510532 4.6228676 3.8360008 
HoiH23_PlH23_001342-RA                  2.5422806 2.2982250 2.5492577 2.6263975 2.5036908 2.4251450 2.1886631 2.4897936 2.4980577 2.4127746 2.6717958 1.9589116 2.1919075 2.6157439 2.5932838 1.9585126 2.3694084 2.2665168 2.5914700 2.3707626 2.5549614 2.5458646 2.2203580 1.8817245 2.3750517 2.5943381 2.5451404 1.9534850 0.4527048 0.4079228 0.0876835 0.0000000 0.1779222 0.1779222 0.2300522 5.4643675 4.1724889 3.5382739 4.5635590 4.9129096 4.5239437 3.8722299 
Hhon_g05069.t1                          2.5661479 2.2426538 2.4647076 2.5646366 2.4433903 2.3603269 2.2159588 2.4338329 2.4036994 2.3282410 2.5504666 1.9343623 2.1355121 2.5563046 2.5363385 1.9254698 2.3442389 2.1906012 2.4923941 2.3098870 2.4412597 2.4008353 2.1439725 1.8716858 2.3184893 2.5671590 2.4071576 1.8809859 0.4159527 0.3857013 0.1569899 0.1779222 0.0000000 0.0000010 0.2250507 5.4320886 4.0699327 3.4275242 4.5356319 4.8863279 4.5618159 3.8292107 
HoiH04_mRNA17692                        2.5661479 2.2426538 2.4647076 2.5646366 2.4433903 2.3603269 2.2159588 2.4338329 2.4036994 2.3282410 2.5504666 1.9343623 2.1355121 2.5563046 2.5363385 1.9254698 2.3442389 2.1906012 2.4923941 2.3098870 2.4412597 2.4008353 2.1439725 1.8716858 2.3184893 2.5671590 2.4071576 1.8809859 0.4159527 0.3857013 0.1569899 0.1779222 0.0000010 0.0000000 0.2250507 5.4320886 4.0699327 3.4275242 4.5356319 4.8863279 4.5618159 3.8292107 
HoiH11_mRNA4210                         2.4862710 2.2756777 2.3721663 2.5042852 2.4108609 2.2391511 2.2046860 2.3858800 2.3242380 2.3582150 2.4683548 1.8877530 2.1285264 2.4821370 2.4727884 1.8867517 2.2743567 2.2334697 2.4988779 2.3526871 2.5427473 2.5365592 2.2605200 1.9412680 2.3212964 2.7024738 2.5182662 1.9154745 0.4155307 0.3866588 0.2320335 0.2300522 0.2250507 0.2250507 0.0000000 5.5698945 4.2498369 3.5846699 4.1983135 4.9468788 4.7576076 3.7539455 
Mlei_ML0513.g16.i1                      3.8947917 3.5008354 3.4990610 3.7408630 3.6060891 3.7776455 3.7137296 3.6966307 3.4912824 2.8817670 3.5797315 3.0579696 3.0876523 3.6378446 3.6051544 2.9753511 3.3616466 4.2077918 4.1217590 3.5904396 3.4619115 3.4881792 3.7270791 3.4250900 3.3797751 3.8853986 3.7661112 3.2560174 5.4299673 5.3422008 5.4522308 5.4643675 5.4320886 5.4320886 5.5698945 0.0000000 0.7107039 0.3946750 1.0088414 1.2272893 1.1564113 1.1454140 
Lampan_Lpan_C411855_01                  3.0133085 3.2308602 3.1325448 3.2871734 3.0836413 3.0792016 3.4137293 3.3436730 3.5102662 3.2763912 3.4037031 3.1360877 3.2531584 3.3960170 3.4414100 3.0710716 3.3024062 3.2987497 3.5440365 3.5902371 3.4954472 3.3454366 3.3583543 3.3812629 3.0565882 4.0509881 3.9016612 2.8730248 4.4184924 4.1834071 4.1601425 4.1724889 4.0699327 4.0699327 4.2498369 0.7107039 0.0000000 1.0662745 1.2967594 1.4134799 1.1280758 1.3412450 
Beraby_Baby_sb321077                    2.7126048 2.8797280 2.7173813 2.8606297 2.6132330 2.7913966 2.8448641 2.8008859 2.6269215 2.5182725 2.4554480 2.6410124 2.8087686 2.7438605 2.7865088 2.5503233 2.6765941 3.0167247 3.1308704 2.8483012 2.9143595 2.9532994 2.7344699 2.6981630 2.3874140 3.0438400 3.0492738 2.5687572 3.6425575 3.3820614 3.4522306 3.5382739 3.4275242 3.4275242 3.5846699 0.3946750 1.0662745 0.0000000 1.3350441 1.2969434 1.2635070 1.3455768 
Horcal_Hcv1.av93.c4.g802.i1             3.9593877 3.9131146 3.9540616 3.8524334 3.9002219 3.9029969 3.8229976 3.6115118 3.8025649 3.6537408 3.7951275 3.2656818 3.5048283 3.9783887 4.0194137 3.2562592 3.6757772 3.9882979 4.3666119 3.8700736 4.0660691 3.9733616 4.1450641 3.8549922 3.7159801 4.3689745 3.9692994 3.2324237 4.5883419 4.4383779 4.4596068 4.5635590 4.5356319 4.5356319 4.1983135 1.0088414 1.2967594 1.3350441 0.0000000 1.7776175 1.7782826 1.4913158 
Coeast_Cast_sb794296                    3.9170539 3.8727887 3.8127109 3.8246394 3.9555272 3.7474047 4.1631337 3.9794752 3.5827373 3.5386928 3.8475481 3.0479380 3.7048424 3.9611886 3.9185839 2.9960244 3.3405459 4.3677478 4.5814525 3.9922572 3.9823920 4.2460429 4.1836444 3.6141641 3.8140094 4.7219329 4.6186917 3.3399307 5.1493507 4.8887565 4.9510532 4.9129096 4.8863279 4.8863279 4.9468788 1.2272893 1.4134799 1.2969434 1.7776175 0.0000000 0.0712320 1.4353843 
Coemet_Cmet_scaffold655_01              3.5489082 3.5993870 3.5370899 3.8086908 3.6138618 3.4576199 3.7751955 3.3708631 3.4110408 3.2509090 3.4303050 3.1228307 3.4144349 3.4999624 3.4906672 3.0612387 3.2504821 4.0771161 4.2396958 3.8257840 3.8653971 3.8140398 3.8784840 3.5137950 3.6581342 4.4472544 4.3988217 3.2531435 4.8439985 4.5975215 4.6228676 4.5239437 4.5618159 4.5618159 4.7576076 1.1564113 1.1280758 1.2635070 1.7782826 0.0712320 0.0000000 1.4552095 
Eupdun_Edun_sb10683844                  3.3049726 3.2043238 3.5408297 3.5925321 3.4049187 3.3809057 3.5567392 3.4642313 3.7732431 3.6573352 3.9181832 4.0179129 4.1560607 3.9545639 3.9497225 3.6262429 3.9336430 3.7332214 4.1795328 3.8241676 3.8101948 3.9157450 3.7939144 3.9124843 3.1524903 4.4854217 3.8009665 2.8081486 4.5267669 3.9797249 3.8360008 3.8722299 3.8292107 3.8292107 3.7539455 1.1454140 1.3412450 1.3455768 1.4913158 1.4353843 1.4552095 0.0000000 
