61
Hsap_ENST00000221899                                   0.0000000 0.9070107 0.7753922 0.8214239 0.8279801 0.6830552 1.2067197 1.3061456 1.1927974 0.8673248 1.0631185 1.0501682 1.0843051 1.2425253 1.1851808 1.0281884 0.7530937 1.2774133 1.0978384 1.0774770 1.2008700 1.2491919 1.1415785 1.5044196 1.2371587 1.2490744 0.9714887 0.9912951 1.8217463 1.1718721 1.2104286 1.4648536 1.1809637 1.3426766 1.5329431 1.3092825 1.3308647 1.7634472 1.3471380 1.4393007 1.4611159 1.4611159 1.3765131 1.3632768 1.3555729 1.3592635 1.9491656 2.7180459 2.4536234 2.8139498 2.5301876 2.1697880 2.5913334 2.3103490 2.6439708 2.0895600 1.9482082 1.9046232 1.8644426 1.2314023 1.4237149 
Tcas_TC033818_001                                      0.9070107 0.0000000 0.6631698 0.9110966 0.8524431 0.8670024 1.3248094 1.4152523 1.3204908 1.0271691 1.1015645 1.0649677 1.1366644 0.7342758 1.1245391 1.1909052 0.9294824 1.2285719 1.0796865 1.1556015 1.1793975 1.2472927 1.3174918 1.5450030 1.3409259 1.3317356 1.0902978 1.0524748 1.6445203 1.2707170 1.2408737 1.4999123 1.1494335 1.3654181 1.4082166 1.2398554 1.3309587 1.6041145 1.3497048 1.6458119 1.4914526 1.4914526 1.4307542 1.4084419 1.3946631 1.3937295 2.0388459 2.7833031 2.5543801 2.6154915 2.4239556 2.1436858 2.6956409 2.2202025 2.4504724 1.9625872 1.8807570 1.9897325 1.7597427 1.2861769 1.5509755 
Cscu_XM_023367324.1                                    0.7753922 0.6631698 0.0000000 0.7492626 0.7533257 0.7897099 1.2393069 1.2825488 1.1634863 0.7967461 1.0426020 0.9831879 1.0385097 1.0177817 1.2604978 1.0510168 0.7895894 1.2036128 1.0544243 1.1140480 1.1463530 1.1697994 1.1738284 1.5841776 1.2831781 1.3848938 0.9261878 0.9996031 2.0409948 1.2366409 1.2559421 1.4503237 1.1653190 1.3872243 1.4582105 1.3225912 1.3617934 1.6221104 1.3935799 1.7203274 1.3931631 1.3931631 1.4190788 1.3884622 1.3769658 1.3795720 1.9827152 2.5921587 2.3650067 2.6636217 2.2939344 2.2521601 2.6471184 2.3051938 2.3044462 2.0083137 1.9421584 2.0827243 1.7231359 0.8868137 1.5487729 
Cgig_XM_011443791.3                                    0.8214239 0.9110966 0.7492626 0.0000000 0.5634561 0.7102420 1.1770270 1.1268823 1.0606563 0.8551393 1.0050339 1.0216334 0.9753984 1.1109914 1.0882414 0.9960195 0.7815707 1.1730121 1.0639589 1.0529375 1.1056464 1.2641550 1.1257858 1.3388781 1.2238527 1.2145488 0.8380895 1.0468893 1.6941330 1.2404405 1.2525473 1.3637645 1.2136119 1.4185377 1.4234451 1.4077014 1.4484705 1.6995122 1.4230840 1.4602568 1.4386914 1.4386914 1.4932315 1.4540029 1.4437061 1.4347777 2.1312222 3.1533113 2.9266710 3.1584350 2.9096464 2.3915341 2.9533641 2.3946047 2.6098671 1.9879990 2.0947205 2.0942897 1.7623855 0.9672909 1.6214775 
Acagra_model.g13145.t1                                 0.8279801 0.8524431 0.7533257 0.5634561 0.0000000 0.7721417 1.3102671 1.3033208 1.1306242 0.8732287 1.1261145 1.1250769 1.1588290 1.1560140 1.1130557 0.9412119 0.7878047 1.1095557 1.0580413 1.0732735 1.0717239 1.1381088 1.1667921 1.3582857 1.3343986 1.3436266 0.8095113 1.1327464 1.8765007 1.3356167 1.3977625 1.5285280 1.3186562 1.5034326 1.4327066 1.3859195 1.4493644 1.6093780 1.4865903 1.5996565 1.4408054 1.4408054 1.4646485 1.4648808 1.4442943 1.4450453 2.1167628 2.7562889 2.5720303 2.8017305 2.7618977 2.3160616 2.7118167 2.3073989 2.5001719 1.9683558 1.9527079 2.0333958 1.6849890 1.2403022 1.5596176 
Bralan_BLAG02000736_1                                  0.6830552 0.8670024 0.7897099 0.7102420 0.7721417 0.0000000 1.0075496 0.9398428 0.9674500 0.6660404 0.8783710 0.8856559 0.9745861 1.0440927 0.9405156 0.8469166 0.6465801 0.9872324 0.8767030 0.8851847 1.0730628 1.0548701 1.0310860 1.2444586 1.1388775 1.1784528 0.8510184 1.0361148 1.5778630 1.1629753 1.1692170 1.3693263 1.1796497 1.3292395 1.3386683 1.2805193 1.3196471 1.5957001 1.3346440 1.4233949 1.4908496 1.4908496 1.4610938 1.4589486 1.4629476 1.4529611 1.9109618 2.6977275 2.4092730 2.6121964 2.2542831 2.1038598 2.3994951 2.3217246 2.4011954 1.7949243 1.8716423 1.7917877 1.5173110 1.0420030 1.4679315 
Adig_XM_015907873.1                                    1.2067197 1.3248094 1.2393069 1.1770270 1.3102671 1.0075496 0.0000000 0.0476996 0.3292568 0.2725153 0.3889871 0.3749817 0.3606751 1.4958466 0.8511700 1.4235657 1.2869575 1.5414947 1.3457484 1.4400530 1.3586368 1.3775075 1.3268715 1.0112673 1.1518520 1.1354603 1.3637832 1.2336407 1.3485705 1.2614756 1.2197121 1.4345451 1.3016539 1.4684745 1.4073593 1.5283183 1.5019009 1.8459788 1.6065856 1.6096017 1.7016178 1.7016178 1.7164572 1.7148647 1.7512170 1.7342274 2.5688166 3.3273483 2.9993750 3.0582388 3.0792357 2.7640603 2.9772955 2.9428005 3.0577571 2.4921582 2.3647412 2.5009876 1.7443435 0.8994170 1.2178425 
Amil_Amillepora03015-RA                                1.3061456 1.4152523 1.2825488 1.1268823 1.3033208 0.9398428 0.0476996 0.0000000 0.3215526 0.1972325 0.3567962 0.3426639 0.3900297 1.6181299 0.8630108 1.2213154 1.2750209 1.6013566 1.1410151 1.4105206 1.4321983 1.3014535 1.4466139 0.8184273 1.1248732 1.1669760 1.4700883 1.3712175 1.5565129 1.2181628 1.2116529 1.3667854 1.2985068 1.3600266 1.4388421 1.7474425 1.5837369 2.3456531 1.7422262 2.5351030 1.8692779 1.8692779 1.8388749 1.8335190 1.7854627 1.7859648 2.4469239 2.7477785 2.5795604 2.5526468 2.4416551 2.8267082 2.4800045 3.3784399 2.7873672 2.7667682 2.5796359 3.4559581 1.8245181 0.8910475 0.8073721 
Gfas_gfas1.m1.15329.m1                                 1.1927974 1.3204908 1.1634863 1.0606563 1.1306242 0.9674500 0.3292568 0.3215526 0.0000000 0.1693734 0.3889142 0.3904646 0.3480432 1.3372565 0.9095283 1.3726713 1.3051669 1.2433358 1.0924291 1.1985038 1.1936446 1.2001736 1.0312549 0.8036604 1.1011613 1.0412301 1.4122950 1.1853251 1.7216846 1.1804799 1.1741556 1.2917034 1.1959468 1.1339674 1.3111206 1.4557192 1.5216849 2.5075030 1.5590452 2.7594527 2.0108014 2.0108014 1.9074819 1.8608266 1.9757377 1.9527285 2.9006342 2.8809361 2.7692757 2.5944437 2.4503092 2.8575283 2.7590394 3.2886074 2.5551801 2.5938025 2.5223582 4.7969847 1.5498571 0.8634855 3.1667009 
Fspp_ffun1.m4.1293.m1                                  0.8673248 1.0271691 0.7967461 0.8551393 0.8732287 0.6660404 0.2725153 0.1972325 0.1693734 0.0000000 0.1908505 0.2039932 0.1316974 0.9897858 0.5998635 1.0495184 0.8670007 0.9823311 0.9283749 0.9201137 0.9489440 0.9450737 0.9566053 0.6133308 0.8367015 0.7885699 1.0848770 0.8507363 0.9195198 0.8880076 0.8682855 1.0666856 0.8947932 0.9604996 0.9635674 1.0933522 1.1309081 1.4607016 1.2038274 0.9069441 1.5300550 1.5300550 1.5203092 1.4867272 1.5587802 1.5393822 2.3255481 2.3170435 2.2610482 2.3369138 2.4736579 2.3431592 2.4758253 2.6170180 2.3886298 1.9727850 1.8598835 2.8729550 1.0879401 0.9592412 1.5559366 
Spis_XP_022803584_1                                    1.0631185 1.1015645 1.0426020 1.0050339 1.1261145 0.8783710 0.3889871 0.3567962 0.3889142 0.1908505 0.0000000 0.0616757 0.2601754 1.2119242 0.7302834 1.1059650 1.0625070 1.1587342 1.0766186 1.1211724 1.2184152 1.2359751 1.1210267 0.9104095 0.9290315 0.9214952 1.3189230 0.9357653 1.4446240 0.9731488 0.9950086 1.2837866 1.0520634 1.2455466 1.3523599 1.3275609 1.3012505 1.5764833 1.3883130 1.4449616 1.4755511 1.4755511 1.4807547 1.4697427 1.4594754 1.4660326 1.9902315 2.8927633 2.5629130 2.5760427 2.4226267 2.4208269 2.6912767 2.6311907 2.3859212 2.1316372 2.1392791 2.2274074 1.5318324 0.8267442 1.2737283 
Pocdam_XM_027194627.1                                  1.0501682 1.0649677 0.9831879 1.0216334 1.1250769 0.8856559 0.3749817 0.3426639 0.3904646 0.2039932 0.0616757 0.0000000 0.2693046 1.2015213 0.7140501 1.1437235 1.0398183 1.1793673 1.0949427 1.1172019 1.2111466 1.2214923 1.1371898 0.8927442 0.9265994 0.9182178 1.2925456 0.9728997 1.4487737 0.9507773 0.9545497 1.2819940 1.0653512 1.2558460 1.3750812 1.3193672 1.2908876 1.5779599 1.3740594 1.4627824 1.4555838 1.4555838 1.4821465 1.4711615 1.4553287 1.4618552 2.0666090 2.9503389 2.6540041 2.7054123 2.3894750 2.4511284 2.8729166 2.6524679 2.5633492 2.1931942 2.1488353 2.2706816 1.5962477 0.8430507 1.2630297 
Gasp_gasp1.m3.27483.m1                                 1.0843051 1.1366644 1.0385097 0.9753984 1.1588290 0.9745861 0.3606751 0.3900297 0.3480432 0.1316974 0.2601754 0.2693046 0.0000000 1.3527048 0.7448082 1.3040054 1.0791302 1.2143547 1.1275856 1.1196001 1.2077920 1.3327626 1.1646673 0.9794419 0.9907744 0.9781192 1.3213183 0.9507550 1.7147127 1.0876507 1.1298351 1.4483385 1.0857540 1.3598650 1.6097121 1.2972055 1.3380231 1.5812732 1.3730704 1.5165154 1.5393373 1.5393373 1.5186745 1.4913183 1.5237183 1.5131248 1.9857377 2.9399213 2.5944014 2.5804754 2.4899924 2.3751627 2.8361948 2.4737989 2.7596903 2.1908577 2.0418574 2.3531177 1.7094323 0.7719881 1.2374312 
Dpul_mRNA19950                                         1.2425253 0.7342758 1.0177817 1.1109914 1.1560140 1.0440927 1.4958466 1.6181299 1.3372565 0.9897858 1.2119242 1.2015213 1.3527048 0.0000000 1.3948345 1.3456625 1.0944192 1.3120320 1.2299673 1.1854903 1.4286276 1.5543056 1.3332007 1.7320819 1.5446237 1.5822239 1.2426676 1.3147862 2.3753631 1.4782389 1.4824300 1.8093490 1.3877468 1.7817860 1.7297695 1.5767369 1.6524708 1.8273836 1.5990310 1.9187827 1.6130973 1.6130973 1.5829626 1.5946565 1.6433862 1.6457963 2.0433673 2.9904616 2.7698781 2.9251921 2.3097674 2.4062143 2.7086200 2.4144744 2.3837446 2.0891764 2.2403959 2.4597474 1.9455903 1.2090979 1.6880845 
Exapal_XM_021041741.1                                  1.1851808 1.1245391 1.2604978 1.0882414 1.1130557 0.9405156 0.8511700 0.8630108 0.9095283 0.5998635 0.7302834 0.7140501 0.7448082 1.3948345 0.0000000 1.1632979 1.0751466 1.1438712 1.0891078 1.1281977 1.3509013 1.4507086 1.2923019 0.7835296 1.0374371 1.0513379 1.2027010 1.1464402 1.4836332 1.0638815 1.0718580 1.3285950 1.1364555 1.3965448 1.3545450 1.5217778 1.3936876 1.5496487 1.5460497 1.6485672 1.2997263 1.2997263 1.3303539 1.3173566 1.2672974 1.2695695 2.0908188 2.9772306 2.6914082 2.7329946 2.5602377 2.3687553 2.4026976 2.7353298 2.8697799 2.3007515 2.1097063 2.4502577 1.7553629 1.2653622 1.4708447 
Spur_XM_778591.5                                       1.0281884 1.1909052 1.0510168 0.9960195 0.9412119 0.8469166 1.4235657 1.2213154 1.3726713 1.0495184 1.1059650 1.1437235 1.3040054 1.3456625 1.1632979 0.0000000 0.7458907 1.2524980 1.1730793 1.2341295 1.4514785 1.4980058 1.4464934 1.5912020 1.4283495 1.4597373 1.1445335 1.1500156 1.7538732 1.3070840 1.3369029 1.5170059 1.3950197 1.6392988 1.6901699 1.4506907 1.5100305 1.7591538 1.5039798 1.7045087 1.5120213 1.5120213 1.5281862 1.5044338 1.4592180 1.4600750 2.1446955 2.9905645 2.7194586 2.9911178 2.5675386 2.3115801 2.8484474 2.4659009 2.5898783 2.1827921 2.0824059 2.2343826 1.8219199 1.8380979 1.5211217 
Skow_XM_006825957.1                                    0.7530937 0.9294824 0.7895894 0.7815707 0.7878047 0.6465801 1.2869575 1.2750209 1.3051669 0.8670007 1.0625070 1.0398183 1.0791302 1.0944192 1.0751466 0.7458907 0.0000000 1.1956465 1.0472335 1.0848788 1.3108963 1.4396725 1.2431619 1.4560392 1.2581067 1.2770000 1.0127848 1.0274950 1.8566133 1.2466476 1.2511671 1.3452794 1.1740340 1.4963714 1.4089113 1.3888004 1.4568489 1.6439877 1.4359607 1.4469498 1.5611964 1.5611964 1.6298628 1.6067270 1.5583004 1.5554349 1.8780819 2.9273095 2.5669445 2.8569808 2.7211016 2.2528522 2.4500551 2.2277495 2.5633590 1.8135992 1.9218583 1.7630978 1.6946526 1.5210489 1.5208497 
Aque_Aqu2.1.21253_001                                  1.2774133 1.2285719 1.2036128 1.1730121 1.1095557 0.9872324 1.5414947 1.6013566 1.2433358 0.9823311 1.1587342 1.1793673 1.2143547 1.3120320 1.1438712 1.2524980 1.1956465 0.0000000 0.2617744 0.4101674 0.7104630 0.9413911 0.7160585 1.6313961 1.4502842 1.3812915 1.2670439 1.3491445 2.1558991 1.4353994 1.4127967 1.5580118 1.4541073 1.7516844 1.5700621 1.5867587 1.5780710 1.7897554 1.6635404 1.8206473 1.7278334 1.7278334 1.7652859 1.7645174 1.7346265 1.7215399 2.4095019 3.0120074 2.8257309 2.9083928 2.6458977 2.6531190 2.8982941 2.8456584 2.7842711 2.3275045 2.4352775 2.4960260 1.9370247 0.8116412 1.8860212 
Halamb_c38990_g1_i1m.11293                             1.0978384 1.0796865 1.0544243 1.0639589 1.0580413 0.8767030 1.3457484 1.1410151 1.0924291 0.9283749 1.0766186 1.0949427 1.1275856 1.2299673 1.0891078 1.1730793 1.0472335 0.2617744 0.0000000 0.3474632 0.7430232 0.6791538 0.6073533 1.1489319 1.3882348 1.4280175 1.1298241 1.1374187 2.7672016 1.3706314 1.2779470 1.2458662 1.3049675 1.3933415 1.2219787 1.3437512 1.2929204 1.8307679 1.3640948 2.2022004 1.8097083 1.8097083 1.8193647 1.7999417 1.7842250 1.7719941 2.7183108 2.9643300 2.7461150 2.9780830 2.6200813 2.8251749 2.7561909 3.1467887 2.8352927 2.5115332 2.5869012 3.2662471 1.3731863 0.7209583 2.3059357 
Xestes_maker-XT_scaffold3698-augustus-gene-0.27-mRNA-1 1.0774770 1.1556015 1.1140480 1.0529375 1.0732735 0.8851847 1.4400530 1.4105206 1.1985038 0.9201137 1.1211724 1.1172019 1.1196001 1.1854903 1.1281977 1.2341295 1.0848788 0.4101674 0.3474632 0.0000000 0.6075181 0.8105786 0.6385880 1.5421648 1.2745725 1.2567466 1.1909085 1.2244370 1.8114786 1.2017244 1.2037811 1.4196523 1.2563973 1.6876824 1.4887536 1.4607266 1.4925241 1.7736120 1.4812909 1.8012975 1.5706196 1.5706196 1.6552305 1.6304305 1.6402333 1.6329528 2.2990698 3.0877732 2.7729061 2.9196303 2.7846957 2.6308480 2.7710319 2.7219688 2.8414726 2.3075108 2.1862157 2.3990051 1.7578725 0.7357707 1.7070236 
Emue_Em0009g1259a.t1                                   1.2008700 1.1793975 1.1463530 1.1056464 1.0717239 1.0730628 1.3586368 1.4321983 1.1936446 0.9489440 1.2184152 1.2111466 1.2077920 1.4286276 1.3509013 1.4514785 1.3108963 0.7104630 0.7430232 0.6075181 0.0000000 0.3246140 0.5942907 1.5124469 1.4532870 1.4684146 1.3449511 1.2036278 2.3819011 1.4265128 1.4722590 1.6395090 1.4273293 1.6026569 1.5607213 1.5227059 1.4816445 1.9183441 1.5381181 1.8200251 1.7533418 1.7533418 1.7083098 1.6788013 1.6720779 1.6598885 2.2761395 2.8371720 2.5601066 2.9275804 2.9800329 2.6884257 2.7430803 2.6960656 2.9194033 2.3428660 2.1680306 2.3317958 1.7941643 0.7446050 2.2138295 
Spolac_c102427_g2_i2_m.29277c102427-g1                 1.2491919 1.2472927 1.1697994 1.2641550 1.1381088 1.0548701 1.3775075 1.3014535 1.2001736 0.9450737 1.2359751 1.2214923 1.3327626 1.5543056 1.4507086 1.4980058 1.4396725 0.9413911 0.6791538 0.8105786 0.3246140 0.0000000 0.6825923 1.3481489 1.7279755 1.7839490 1.4180650 1.3274383 2.7043441 1.4908881 1.4430088 1.6634155 1.5862375 1.4670597 1.2592292 1.5353134 1.5742904 2.6707812 1.5653315 3.1418707 2.1715564 2.1715564 2.0734207 2.0252921 2.0579265 2.0362128 2.8212282 2.5293626 2.4099883 2.6449511 2.7568465 3.3032650 2.5805406 3.0684877 2.8277227 2.8098506 2.3047743 3.6532049 1.5905318 0.6881492 4.5066341 
Tetwil_g20182.t2                                       1.1415785 1.3174918 1.1738284 1.1257858 1.1667921 1.0310860 1.3268715 1.4466139 1.0312549 0.9566053 1.1210267 1.1371898 1.1646673 1.3332007 1.2923019 1.4464934 1.2431619 0.7160585 0.6073533 0.6385880 0.5942907 0.6825923 0.0000000 1.4438289 1.5483901 1.5084488 1.4381192 1.1511562 2.6066508 1.4388862 1.4301723 1.5567562 1.4524858 1.4093004 1.1624310 1.4229186 1.4466961 2.2529640 1.5168226 1.9844263 1.9881903 1.9881903 2.0776033 2.0123884 2.0064221 1.9969059 2.7412810 2.5929846 2.5196603 2.5595232 2.6945832 3.0145200 2.6630763 3.2815694 2.3968036 2.3781695 2.5915284 3.9759067 1.3604898 0.7688665 2.4823010 
Nvec_v1g110259                                         1.5044196 1.5450030 1.5841776 1.3388781 1.3582857 1.2444586 1.0112673 0.8184273 0.8036604 0.6133308 0.9104095 0.8927442 0.9794419 1.7320819 0.7835296 1.5912020 1.4560392 1.6313961 1.1489319 1.5421648 1.5124469 1.3481489 1.4438289 0.0000000 1.2364301 1.3010194 1.7037556 1.3790910 2.1717244 1.4923972 1.4781728 1.5305121 1.6008068 1.3247130 1.3061403 1.7752007 1.6737457 2.5040552 1.7757511 3.1168203 2.0659659 2.0659659 2.1292991 2.1164544 2.0619235 2.0435417 2.8016080 2.6709346 2.4641031 2.4722210 2.6548305 3.6204036 2.4490680 4.0160122 2.5312304 3.1815617 3.0114306 4.8193378 1.6018068 1.1787905 7.1182202 
Dgig_XM_028555547.1                                    1.2371587 1.3409259 1.2831781 1.2238527 1.3343986 1.1388775 1.1518520 1.1248732 1.1011613 0.8367015 0.9290315 0.9265994 0.9907744 1.5446237 1.0374371 1.4283495 1.2581067 1.4502842 1.3882348 1.2745725 1.4532870 1.7279755 1.5483901 1.2364301 0.0000000 0.2489430 1.3979746 1.1674702 1.6233287 1.0990731 1.1408530 1.4295077 1.1340889 1.3139418 1.2232264 1.5748214 1.5412915 1.6058055 1.5420388 1.3959300 1.5840780 1.5840780 1.5910072 1.5694515 1.5397506 1.5337459 1.9507108 2.8585477 2.5611614 2.4566247 2.1992185 2.1094852 2.6686668 2.5080300 2.5436327 2.1744856 2.0105198 1.9243632 1.9360443 1.1946844 1.2605352 
Xesp_002186-T1                                         1.2490744 1.3317356 1.3848938 1.2145488 1.3436266 1.1784528 1.1354603 1.1669760 1.0412301 0.7885699 0.9214952 0.9182178 0.9781192 1.5822239 1.0513379 1.4597373 1.2770000 1.3812915 1.4280175 1.2567466 1.4684146 1.7839490 1.5084488 1.3010194 0.2489430 0.0000000 1.4205892 1.2043947 1.6901139 1.1466965 1.1732938 1.3673920 1.1223366 1.2368914 1.2157125 1.6164616 1.5556518 1.7107256 1.5272445 1.4665890 1.6051950 1.6051950 1.5944841 1.6052720 1.5456312 1.5369415 1.9449314 2.8294659 2.5377201 2.3903617 2.1341645 2.3009993 2.4803618 2.5454710 2.4804193 2.0615146 2.1208676 2.0798278 2.0854175 1.2177072 1.2474219 
Ctel_gnl_WGS_AMQN_CAPTEDRAFT_mRNA161063                0.9714887 1.0902978 0.9261878 0.8380895 0.8095113 0.8510184 1.3637832 1.4700883 1.4122950 1.0848770 1.3189230 1.2925456 1.3213183 1.2426676 1.2027010 1.1445335 1.0127848 1.2670439 1.1298241 1.1909085 1.3449511 1.4180650 1.4381192 1.7037556 1.3979746 1.4205892 0.0000000 1.2131399 1.8152686 1.3823318 1.4096460 1.6898004 1.3785069 1.5870357 1.5895298 1.5468818 1.5393634 2.0119385 1.6661936 1.5418540 1.5582128 1.5582128 1.6729146 1.6780467 1.6313132 1.6293609 2.1937875 3.2355074 2.7823755 3.1425971 2.6862072 2.6746800 3.0909681 2.5031317 3.0049196 2.1362673 2.3133585 1.9651463 1.9109474 1.3248556 1.5646745 
Plajan_Pjan_C565708_01                                 0.9912951 1.0524748 0.9996031 1.0468893 1.1327464 1.0361148 1.2336407 1.3712175 1.1853251 0.8507363 0.9357653 0.9728997 0.9507550 1.3147862 1.1464402 1.1500156 1.0274950 1.3491445 1.1374187 1.2244370 1.2036278 1.3274383 1.1511562 1.3790910 1.1674702 1.2043947 1.2131399 0.0000000 1.7931556 1.2737695 1.3012744 1.4295929 1.2585508 1.3460888 1.4495363 1.2481508 1.3001260 1.6091995 1.3525997 1.4799216 1.4721299 1.4721299 1.4705327 1.4469760 1.4723106 1.4788638 2.0681126 2.7126365 2.4955608 2.7516017 2.6811585 2.4406708 2.8717092 2.4546858 2.3738407 2.1550175 1.9995085 2.1848465 1.0125202 1.2903348 1.2802100 
Aaur_scaffold392.g23.t1                                1.8217463 1.6445203 2.0409948 1.6941330 1.8765007 1.5778630 1.3485705 1.5565129 1.7216846 0.9195198 1.4446240 1.4487737 1.7147127 2.3753631 1.4836332 1.7538732 1.8566133 2.1558991 2.7672016 1.8114786 2.3819011 2.7043441 2.6066508 2.1717244 1.6233287 1.6901139 1.8152686 1.7931556 0.0000000 0.4213078 0.4067735 0.5898318 0.9735966 1.7542764 1.6660423 2.2049002 2.1314621 2.6612490 2.2058384 2.6681008 1.9114028 1.9114028 2.0276396 1.9853971 1.9425825 1.9425825 1.9092850 3.1991472 2.5808492 3.2100887 1.6240619 2.8479525 2.1011263 3.0389620 1.7726043 2.4404514 2.2062415 2.5597552 2.9326811 0.0000010 0.9109770 
Nemnom_g3631.t1                                        1.1718721 1.2707170 1.2366409 1.2404405 1.3356167 1.1629753 1.2614756 1.2181628 1.1804799 0.8880076 0.9731488 0.9507773 1.0876507 1.4782389 1.0638815 1.3070840 1.2466476 1.4353994 1.3706314 1.2017244 1.4265128 1.4908881 1.4388862 1.4923972 1.0990731 1.1466965 1.3823318 1.2737695 0.4213078 0.0000000 0.1709760 0.6282494 0.8320489 1.1788818 1.0421007 1.5767175 1.4874494 1.8661712 1.5694520 1.7468551 1.5518678 1.5518678 1.6085163 1.5559364 1.5498425 1.5479584 1.8566867 2.5670787 2.3581115 2.4133443 2.2298428 2.1788064 2.4120706 2.3670466 2.1887180 1.9881728 1.8521868 1.9655113 1.8812845 1.2147570 1.4852832 
Rhoesc_Res_009406-T1                                   1.2104286 1.2408737 1.2559421 1.2525473 1.3977625 1.1692170 1.2197121 1.2116529 1.1741556 0.8682855 0.9950086 0.9545497 1.1298351 1.4824300 1.0718580 1.3369029 1.2511671 1.4127967 1.2779470 1.2037811 1.4722590 1.4430088 1.4301723 1.4781728 1.1408530 1.1732938 1.4096460 1.3012744 0.4067735 0.1709760 0.0000000 0.6589053 0.8051900 1.1439843 1.1060421 1.5493916 1.4627157 1.8474938 1.5282135 1.7734829 1.5167524 1.5167524 1.5612152 1.5256162 1.5240905 1.5227112 1.8205393 2.5564767 2.3317156 2.4041178 2.1230893 2.1441378 2.4275402 2.4482785 2.2840034 2.0878625 1.9955081 2.0976521 1.8514025 1.0878829 1.5783947 
Sanmal_Sma_013804-T1                                   1.4648536 1.4999123 1.4503237 1.3637645 1.5285280 1.3693263 1.4345451 1.3667854 1.2917034 1.0666856 1.2837866 1.2819940 1.4483385 1.8093490 1.3285950 1.5170059 1.3452794 1.5580118 1.2458662 1.4196523 1.6395090 1.6634155 1.5567562 1.5305121 1.4295077 1.3673920 1.6898004 1.4295929 0.5898318 0.6282494 0.6589053 0.0000000 0.9841016 1.2647089 1.2487865 1.6865708 1.7194447 2.0794827 1.7019206 2.1054463 1.8783836 1.8783836 1.8846924 1.8674787 1.8582962 1.8458872 2.3068324 3.0884671 2.6834050 2.6966840 2.4441604 2.5006655 2.7885358 3.0361719 2.9639282 2.7198579 2.2609189 2.3871918 2.0154387 1.5564427 2.0675329 
Morvir_scaffold198.g31.t1                              1.1809637 1.1494335 1.1653190 1.2136119 1.3186562 1.1796497 1.3016539 1.2985068 1.1959468 0.8947932 1.0520634 1.0653512 1.0857540 1.3877468 1.1364555 1.3950197 1.1740340 1.4541073 1.3049675 1.2563973 1.4273293 1.5862375 1.4524858 1.6008068 1.1340889 1.1223366 1.3785069 1.2585508 0.9735966 0.8320489 0.8051900 0.9841016 0.0000000 1.1379761 1.1031116 1.4934331 1.5622398 1.9767400 1.6240598 1.8574230 1.5017457 1.5017457 1.5393888 1.5419627 1.5451631 1.5402388 1.9435151 3.0111960 2.5739391 2.6766007 2.4223634 2.3828503 2.5490820 2.5267500 2.5957599 2.2141769 2.0110568 2.1341352 1.8979571 1.3678725 1.5890311 
Hvul_g25550_1                                          1.3426766 1.3654181 1.3872243 1.4185377 1.5034326 1.3292395 1.4684745 1.3600266 1.1339674 0.9604996 1.2455466 1.2558460 1.3598650 1.7817860 1.3965448 1.6392988 1.4963714 1.7516844 1.3933415 1.6876824 1.6026569 1.4670597 1.4093004 1.3247130 1.3139418 1.2368914 1.5870357 1.3460888 1.7542764 1.1788818 1.1439843 1.2647089 1.1379761 0.0000000 0.6241160 1.6781765 1.6859923 2.0745300 1.6462596 2.4173070 1.7233454 1.7233454 1.7842120 1.7692510 1.7798566 1.7823783 2.6544155 2.5193224 2.3999855 2.3770219 2.4446683 2.8137772 2.2589848 3.1632230 2.4027570 2.4199626 2.4219133 3.8077708 1.7053862 1.4087974 3.0711336 
Chem_TCONS_00028556                                    1.5329431 1.4082166 1.4582105 1.4234451 1.4327066 1.3386683 1.4073593 1.4388421 1.3111206 0.9635674 1.3523599 1.3750812 1.6097121 1.7297695 1.3545450 1.6901699 1.4089113 1.5700621 1.2219787 1.4887536 1.5607213 1.2592292 1.1624310 1.3061403 1.2232264 1.2157125 1.5895298 1.4495363 1.6660423 1.0421007 1.1060421 1.2487865 1.1031116 0.6241160 0.0000000 1.7314783 1.5933609 2.1959728 1.6332291 2.6971350 1.9561371 1.9561371 1.8525486 1.7949554 1.8627906 1.8678933 2.3861257 2.2568232 2.0920517 2.3314379 2.1258132 2.6916470 2.1044484 3.2817194 2.0992956 2.5457648 2.6588864 4.2422786 1.7878408 1.4544970 2.2420004 
Scil_scict021965.1                                     1.3092825 1.2398554 1.3225912 1.4077014 1.3859195 1.2805193 1.5283183 1.7474425 1.4557192 1.0933522 1.3275609 1.3193672 1.2972055 1.5767369 1.5217778 1.4506907 1.3888004 1.5867587 1.3437512 1.4607266 1.5227059 1.5353134 1.4229186 1.7752007 1.5748214 1.6164616 1.5468818 1.2481508 2.2049002 1.5767175 1.5493916 1.6865708 1.4934331 1.6781765 1.7314783 0.0000000 0.3654525 0.3398025 0.3561918 1.3212425 1.7144539 1.7144539 1.7934892 1.7872107 1.7868882 1.7907898 2.3147612 2.9123031 2.6862194 2.9644771 2.2867629 2.5154959 2.8555439 2.6420564 2.5541325 2.3440642 2.3457945 2.4848577 1.8843150 1.2858353 1.9748259 
Lcom_lcpid64706                                        1.3308647 1.3309587 1.3617934 1.4484705 1.4493644 1.3196471 1.5019009 1.5837369 1.5216849 1.1309081 1.3012505 1.2908876 1.3380231 1.6524708 1.3936876 1.5100305 1.4568489 1.5780710 1.2929204 1.4925241 1.4816445 1.5742904 1.4466961 1.6737457 1.5412915 1.5556518 1.5393634 1.3001260 2.1314621 1.4874494 1.4627157 1.7194447 1.5622398 1.6859923 1.5933609 0.3654525 0.0000000 0.3472650 0.3905351 1.1461999 1.7118002 1.7118002 1.6800736 1.6492077 1.6400508 1.6439982 2.3497594 3.2022032 2.9931292 2.9309318 2.6341799 2.5937483 2.9414844 2.5596087 2.6694253 2.2500196 2.3850044 2.5653074 2.1219259 1.1844478 2.0757622 
Leuniv_Lniv_C803512_01                                 1.7634472 1.6041145 1.6221104 1.6995122 1.6093780 1.5957001 1.8459788 2.3456531 2.5075030 1.4607016 1.5764833 1.5779599 1.5812732 1.8273836 1.5496487 1.7591538 1.6439877 1.7897554 1.8307679 1.7736120 1.9183441 2.6707812 2.2529640 2.5040552 1.6058055 1.7107256 2.0119385 1.6091995 2.6612490 1.8661712 1.8474938 2.0794827 1.9767400 2.0745300 2.1959728 0.3398025 0.3472650 0.0000000 0.3824678 1.0619749 1.8648961 1.8648961 1.8963899 1.8465411 1.8893305 1.8899015 2.2884996 3.9411749 3.5621182 3.9307855 0.0000010 2.8182469 3.7460025 2.3504512 2.3846330 2.3415053 2.5185544 2.2971427 3.4119749 0.0000010 2.0164440 
Gracom_Gcom_C552088_01                                 1.3471380 1.3497048 1.3935799 1.4230840 1.4865903 1.3346440 1.6065856 1.7422262 1.5590452 1.2038274 1.3883130 1.3740594 1.3730704 1.5990310 1.5460497 1.5039798 1.4359607 1.6635404 1.3640948 1.4812909 1.5381181 1.5653315 1.5168226 1.7757511 1.5420388 1.5272445 1.6661936 1.3525997 2.2058384 1.5694520 1.5282135 1.7019206 1.6240598 1.6462596 1.6332291 0.3561918 0.3905351 0.3824678 0.0000000 1.1961111 1.7144481 1.7144481 1.6609388 1.6403061 1.6425958 1.6517926 2.2815581 2.9906695 2.7543685 2.9176283 2.0807468 2.5082396 2.8510524 2.5445376 2.5367083 2.2568809 2.2482922 2.5840695 1.9850332 1.3761813 1.8461859 
Clacor_Ccor_C529271_01                                 1.4393007 1.6458119 1.7203274 1.4602568 1.5996565 1.4233949 1.6096017 2.5351030 2.7594527 0.9069441 1.4449616 1.4627824 1.5165154 1.9187827 1.6485672 1.7045087 1.4469498 1.8206473 2.2022004 1.8012975 1.8200251 3.1418707 1.9844263 3.1168203 1.3959300 1.4665890 1.5418540 1.4799216 2.6681008 1.7468551 1.7734829 2.1054463 1.8574230 2.4173070 2.6971350 1.3212425 1.1461999 1.0619749 1.1961111 0.0000000 1.6589096 1.6589096 1.6640172 1.6478224 1.5407731 1.5407731 2.0708801 3.5524339 2.7852718 3.3789079 0.0000010 2.6753821 3.8024441 2.4932875 0.0000010 2.4195119 2.4809615 2.5971117 3.5662214 9.0000000 1.7722583 
Tadh_TriadT52481                                       1.4611159 1.4914526 1.3931631 1.4386914 1.4408054 1.4908496 1.7016178 1.8692779 2.0108014 1.5300550 1.4755511 1.4555838 1.5393373 1.6130973 1.2997263 1.5120213 1.5611964 1.7278334 1.8097083 1.5706196 1.7533418 2.1715564 1.9881903 2.0659659 1.5840780 1.6051950 1.5582128 1.4721299 1.9114028 1.5518678 1.5167524 1.8783836 1.5017457 1.7233454 1.9561371 1.7144539 1.7118002 1.8648961 1.7144481 1.6589096 0.0000000 0.0000010 0.2811835 0.2808043 0.2901758 0.2950495 2.3187728 3.2553413 3.1265847 3.2334551 2.6636911 2.5974755 2.7781524 2.6573924 2.8692534 2.3097487 2.2439764 2.2929909 2.2475226 2.5264889 1.6350120 
TrH2_TrispH2_000134-RA                                 1.4611159 1.4914526 1.3931631 1.4386914 1.4408054 1.4908496 1.7016178 1.8692779 2.0108014 1.5300550 1.4755511 1.4555838 1.5393373 1.6130973 1.2997263 1.5120213 1.5611964 1.7278334 1.8097083 1.5706196 1.7533418 2.1715564 1.9881903 2.0659659 1.5840780 1.6051950 1.5582128 1.4721299 1.9114028 1.5518678 1.5167524 1.8783836 1.5017457 1.7233454 1.9561371 1.7144539 1.7118002 1.8648961 1.7144481 1.6589096 0.0000010 0.0000000 0.2811835 0.2808043 0.2901758 0.2950495 2.3187728 3.2553413 3.1265847 3.2334551 2.6636911 2.5974755 2.7781524 2.6573924 2.8692534 2.3097487 2.2439764 2.2929909 2.2475226 2.5264889 1.6350120 
HoiH06_mRNA758                                         1.3765131 1.4307542 1.4190788 1.4932315 1.4646485 1.4610938 1.7164572 1.8388749 1.9074819 1.5203092 1.4807547 1.4821465 1.5186745 1.5829626 1.3303539 1.5281862 1.6298628 1.7652859 1.8193647 1.6552305 1.7083098 2.0734207 2.0776033 2.1292991 1.5910072 1.5944841 1.6729146 1.4705327 2.0276396 1.6085163 1.5612152 1.8846924 1.5393888 1.7842120 1.8525486 1.7934892 1.6800736 1.8963899 1.6609388 1.6640172 0.2811835 0.2811835 0.0000000 0.0318783 0.0853481 0.0851404 2.1800986 3.0675254 2.9644269 3.0573247 2.6553672 2.6138204 2.5838081 2.5649358 2.7572806 2.2195984 2.2218529 2.3069268 2.3435021 2.7318966 1.6997073 
HoiH23_PlH23_001860-RA                                 1.3632768 1.4084419 1.3884622 1.4540029 1.4648808 1.4589486 1.7148647 1.8335190 1.8608266 1.4867272 1.4697427 1.4711615 1.4913183 1.5946565 1.3173566 1.5044338 1.6067270 1.7645174 1.7999417 1.6304305 1.6788013 2.0252921 2.0123884 2.1164544 1.5694515 1.6052720 1.6780467 1.4469760 1.9853971 1.5559364 1.5256162 1.8674787 1.5419627 1.7692510 1.7949554 1.7872107 1.6492077 1.8465411 1.6403061 1.6478224 0.2808043 0.2808043 0.0318783 0.0000000 0.0836330 0.0834285 2.1799601 3.0155336 2.9129900 3.0891894 2.7278077 2.6503424 2.5342837 2.5966617 2.6399667 2.1752610 2.2535566 2.3227202 2.3464033 2.5392853 1.6997073 
Hhon_g04439.t1                                         1.3555729 1.3946631 1.3769658 1.4437061 1.4442943 1.4629476 1.7512170 1.7854627 1.9757377 1.5587802 1.4594754 1.4553287 1.5237183 1.6433862 1.2672974 1.4592180 1.5583004 1.7346265 1.7842250 1.6402333 1.6720779 2.0579265 2.0064221 2.0619235 1.5397506 1.5456312 1.6313132 1.4723106 1.9425825 1.5498425 1.5240905 1.8582962 1.5451631 1.7798566 1.8627906 1.7868882 1.6400508 1.8893305 1.6425958 1.5407731 0.2901758 0.2901758 0.0853481 0.0836330 0.0000000 0.0057993 2.1564641 3.0383068 2.9858571 2.9760373 2.5245736 2.5009510 2.6636033 2.5404985 2.7048484 2.1736278 2.1843041 2.3618656 2.3513476 2.6312743 1.6997073 
HoiH04_mRNA15402                                       1.3592635 1.3937295 1.3795720 1.4347777 1.4450453 1.4529611 1.7342274 1.7859648 1.9527285 1.5393822 1.4660326 1.4618552 1.5131248 1.6457963 1.2695695 1.4600750 1.5554349 1.7215399 1.7719941 1.6329528 1.6598885 2.0362128 1.9969059 2.0435417 1.5337459 1.5369415 1.6293609 1.4788638 1.9425825 1.5479584 1.5227112 1.8458872 1.5402388 1.7823783 1.8678933 1.7907898 1.6439982 1.8899015 1.6517926 1.5407731 0.2950495 0.2950495 0.0851404 0.0834285 0.0057993 0.0000000 2.1668164 3.0595311 3.0071487 2.9956035 2.5245736 2.5121763 2.6817419 2.5517632 2.7220753 2.1805257 2.1956972 2.3618656 2.3441782 2.5204825 1.6997073 
Mlei_ML2039.g4.i1                                      1.9491656 2.0388459 1.9827152 2.1312222 2.1167628 1.9109618 2.5688166 2.4469239 2.9006342 2.3255481 1.9902315 2.0666090 1.9857377 2.0433673 2.0908188 2.1446955 1.8780819 2.4095019 2.7183108 2.2990698 2.2761395 2.8212282 2.7412810 2.8016080 1.9507108 1.9449314 2.1937875 2.0681126 1.9092850 1.8566867 1.8205393 2.3068324 1.9435151 2.6544155 2.3861257 2.3147612 2.3497594 2.2884996 2.2815581 2.0708801 2.3187728 2.3187728 2.1800986 2.1799601 2.1564641 2.1668164 0.0000000 0.5486712 0.4746844 0.4802964 0.6554123 0.5576902 0.6231649 0.6671283 0.7917503 0.5673505 0.4003468 0.6900518 3.1024957 3.9611763 2.0251815 
Bolinf_Binf_sb1257564                                  2.7180459 2.7833031 2.5921587 3.1533113 2.7562889 2.6977275 3.3273483 2.7477785 2.8809361 2.3170435 2.8927633 2.9503389 2.9399213 2.9904616 2.9772306 2.9905645 2.9273095 3.0120074 2.9643300 3.0877732 2.8371720 2.5293626 2.5929846 2.6709346 2.8585477 2.8294659 3.2355074 2.7126365 3.1991472 2.5670787 2.5564767 3.0884671 3.0111960 2.5193224 2.2568232 2.9123031 3.2022032 3.9411749 2.9906695 3.5524339 3.2553413 3.2553413 3.0675254 3.0155336 3.0383068 3.0595311 0.5486712 0.0000000 0.0753315 0.5681545 0.7002565 0.8759785 0.6279560 1.1462730 0.7441860 0.8421217 0.7417187 2.7577362 2.9041823 5.5309106 8.9999983 
Mertsp_Mesp_sb592431                                   2.4536234 2.5543801 2.3650067 2.9266710 2.5720303 2.4092730 2.9993750 2.5795604 2.7692757 2.2610482 2.5629130 2.6540041 2.5944014 2.7698781 2.6914082 2.7194586 2.5669445 2.8257309 2.7461150 2.7729061 2.5601066 2.4099883 2.5196603 2.4641031 2.5611614 2.5377201 2.7823755 2.4955608 2.5808492 2.3581115 2.3317156 2.6834050 2.5739391 2.3999855 2.0920517 2.6862194 2.9931292 3.5621182 2.7543685 2.7852718 3.1265847 3.1265847 2.9644269 2.9129900 2.9858571 3.0071487 0.4746844 0.0753315 0.0000000 0.4890785 0.7731304 0.8439535 0.6153417 0.9231583 0.7816264 0.6791405 0.5092479 1.7782545 2.7302050 4.5821111 6.3206710 
Beraby_Baby_sb339156                                   2.8139498 2.6154915 2.6636217 3.1584350 2.8017305 2.6121964 3.0582388 2.5526468 2.5944437 2.3369138 2.5760427 2.7054123 2.5804754 2.9251921 2.7329946 2.9911178 2.8569808 2.9083928 2.9780830 2.9196303 2.9275804 2.6449511 2.5595232 2.4722210 2.4566247 2.3903617 3.1425971 2.7516017 3.2100887 2.4133443 2.4041178 2.6966840 2.6766007 2.3770219 2.3314379 2.9644771 2.9309318 3.9307855 2.9176283 3.3789079 3.2334551 3.2334551 3.0573247 3.0891894 2.9760373 2.9956035 0.4802964 0.5681545 0.4890785 0.0000000 0.7059646 0.9567629 0.5200825 1.1317279 0.8872487 0.9010094 0.7306172 2.6661403 2.8634212 3.8952412 5.9582557 
Pbac_sb2654591                                         2.5301876 2.4239556 2.2939344 2.9096464 2.7618977 2.2542831 3.0792357 2.4416551 2.4503092 2.4736579 2.4226267 2.3894750 2.4899924 2.3097674 2.5602377 2.5675386 2.7211016 2.6458977 2.6200813 2.7846957 2.9800329 2.7568465 2.6945832 2.6548305 2.1992185 2.1341645 2.6862072 2.6811585 1.6240619 2.2298428 2.1230893 2.4441604 2.4223634 2.4446683 2.1258132 2.2867629 2.6341799 0.0000010 2.0807468 0.0000010 2.6636911 2.6636911 2.6553672 2.7278077 2.5245736 2.5245736 0.6554123 0.7002565 0.7731304 0.7059646 0.0000000 0.0068640 0.8651480 0.7250793 0.8176440 0.6413116 0.4975329 3.1742993 2.5795148 4.1382987 9.0000000 
Horcal_Hcv1.av93.c11.g273.i1                           2.1697880 2.1436858 2.2521601 2.3915341 2.3160616 2.1038598 2.7640603 2.8267082 2.8575283 2.3431592 2.4208269 2.4511284 2.3751627 2.4062143 2.3687553 2.3115801 2.2528522 2.6531190 2.8251749 2.6308480 2.6884257 3.3032650 3.0145200 3.6204036 2.1094852 2.3009993 2.6746800 2.4406708 2.8479525 2.1788064 2.1441378 2.5006655 2.3828503 2.8137772 2.6916470 2.5154959 2.5937483 2.8182469 2.5082396 2.6753821 2.5974755 2.5974755 2.6138204 2.6503424 2.5009510 2.5121763 0.5576902 0.8759785 0.8439535 0.9567629 0.0068640 0.0000000 0.9668853 0.8610752 0.9151326 0.7729457 0.7456669 1.0361574 3.8869631 4.1382987 1.9714663 
Drygla_Dgla_sb299338                                   2.5913334 2.6956409 2.6471184 2.9533641 2.7118167 2.3994951 2.9772955 2.4800045 2.7590394 2.4758253 2.6912767 2.8729166 2.8361948 2.7086200 2.4026976 2.8484474 2.4500551 2.8982941 2.7561909 2.7710319 2.7430803 2.5805406 2.6630763 2.4490680 2.6686668 2.4803618 3.0909681 2.8717092 2.1011263 2.4120706 2.4275402 2.7885358 2.5490820 2.2589848 2.1044484 2.8555439 2.9414844 3.7460025 2.8510524 3.8024441 2.7781524 2.7781524 2.5838081 2.5342837 2.6636033 2.6817419 0.6231649 0.6279560 0.6153417 0.5200825 0.8651480 0.9668853 0.0000000 1.1071209 0.9580775 0.8140440 0.6792041 1.9056049 2.7721106 4.4547987 4.6321632 
Vmul_sbMO414722                                        2.3103490 2.2202025 2.3051938 2.3946047 2.3073989 2.3217246 2.9428005 3.3784399 3.2886074 2.6170180 2.6311907 2.6524679 2.4737989 2.4144744 2.7353298 2.4659009 2.2277495 2.8456584 3.1467887 2.7219688 2.6960656 3.0684877 3.2815694 4.0160122 2.5080300 2.5454710 2.5031317 2.4546858 3.0389620 2.3670466 2.4482785 3.0361719 2.5267500 3.1632230 3.2817194 2.6420564 2.5596087 2.3504512 2.5445376 2.4932875 2.6573924 2.6573924 2.5649358 2.5966617 2.5404985 2.5517632 0.6671283 1.1462730 0.9231583 1.1317279 0.7250793 0.8610752 1.1071209 0.0000000 0.3937580 0.4711014 0.6316576 0.9171451 3.9453579 7.5582954 1.7339035 
Coeast_Cast_sb807319                                   2.6439708 2.4504724 2.3044462 2.6098671 2.5001719 2.4011954 3.0577571 2.7873672 2.5551801 2.3886298 2.3859212 2.5633492 2.7596903 2.3837446 2.8697799 2.5898783 2.5633590 2.7842711 2.8352927 2.8414726 2.9194033 2.8277227 2.3968036 2.5312304 2.5436327 2.4804193 3.0049196 2.3738407 1.7726043 2.1887180 2.2840034 2.9639282 2.5957599 2.4027570 2.0992956 2.5541325 2.6694253 2.3846330 2.5367083 0.0000010 2.8692534 2.8692534 2.7572806 2.6399667 2.7048484 2.7220753 0.7917503 0.7441860 0.7816264 0.8872487 0.8176440 0.9151326 0.9580775 0.3937580 0.0000000 0.0151708 0.5261686 1.3247810 2.6082914 5.4593292 3.0091741 
Coemet_Cmet_scaffold993_01                             2.0895600 1.9625872 2.0083137 1.9879990 1.9683558 1.7949243 2.4921582 2.7667682 2.5938025 1.9727850 2.1316372 2.1931942 2.1908577 2.0891764 2.3007515 2.1827921 1.8135992 2.3275045 2.5115332 2.3075108 2.3428660 2.8098506 2.3781695 3.1815617 2.1744856 2.0615146 2.1362673 2.1550175 2.4404514 1.9881728 2.0878625 2.7198579 2.2141769 2.4199626 2.5457648 2.3440642 2.2500196 2.3415053 2.2568809 2.4195119 2.3097487 2.3097487 2.2195984 2.1752610 2.1736278 2.1805257 0.5673505 0.8421217 0.6791405 0.9010094 0.6413116 0.7729457 0.8140440 0.4711014 0.0151708 0.0000000 0.5833605 0.9039624 3.5392210 4.2238501 1.7807638 
Lampan_Lpan_13022_01                                   1.9482082 1.8807570 1.9421584 2.0947205 1.9527079 1.8716423 2.3647412 2.5796359 2.5223582 1.8598835 2.1392791 2.1488353 2.0418574 2.2403959 2.1097063 2.0824059 1.9218583 2.4352775 2.5869012 2.1862157 2.1680306 2.3047743 2.5915284 3.0114306 2.0105198 2.1208676 2.3133585 1.9995085 2.2062415 1.8521868 1.9955081 2.2609189 2.0110568 2.4219133 2.6588864 2.3457945 2.3850044 2.5185544 2.2482922 2.4809615 2.2439764 2.2439764 2.2218529 2.2535566 2.1843041 2.1956972 0.4003468 0.7417187 0.5092479 0.7306172 0.4975329 0.7456669 0.6792041 0.6316576 0.5261686 0.5833605 0.0000000 0.8780405 3.2754655 3.8011190 1.8390665 
Eupdun_Edun_sb10614879                                 1.9046232 1.9897325 2.0827243 2.0942897 2.0333958 1.7917877 2.5009876 3.4559581 4.7969847 2.8729550 2.2274074 2.2706816 2.3531177 2.4597474 2.4502577 2.2343826 1.7630978 2.4960260 3.2662471 2.3990051 2.3317958 3.6532049 3.9759067 4.8193378 1.9243632 2.0798278 1.9651463 2.1848465 2.5597552 1.9655113 2.0976521 2.3871918 2.1341352 3.8077708 4.2422786 2.4848577 2.5653074 2.2971427 2.5840695 2.5971117 2.2929909 2.2929909 2.3069268 2.3227202 2.3618656 2.3618656 0.6900518 2.7577362 1.7782545 2.6661403 3.1742993 1.0361574 1.9056049 0.9171451 1.3247810 0.9039624 0.8780405 0.0000000 5.8391877 9.0000000 1.8169852 
Opea_EP00118_Oscarella_pearsei_P022886                 1.8644426 1.7597427 1.7231359 1.7623855 1.6849890 1.5173110 1.7443435 1.8245181 1.5498571 1.0879401 1.5318324 1.5962477 1.7094323 1.9455903 1.7553629 1.8219199 1.6946526 1.9370247 1.3731863 1.7578725 1.7941643 1.5905318 1.3604898 1.6018068 1.9360443 2.0854175 1.9109474 1.0125202 2.9326811 1.8812845 1.8514025 2.0154387 1.8979571 1.7053862 1.7878408 1.8843150 2.1219259 3.4119749 1.9850332 3.5662214 2.2475226 2.2475226 2.3435021 2.3464033 2.3513476 2.3441782 3.1024957 2.9041823 2.7302050 2.8634212 2.5795148 3.8869631 2.7721106 3.9453579 2.6082914 3.5392210 3.2754655 5.8391877 0.0000000 1.4592035 8.7703421 
Stycar_maker-SC_scaffold3601-snap-gene-0.53-mRNA-1     1.2314023 1.2861769 0.8868137 0.9672909 1.2403022 1.0420030 0.8994170 0.8910475 0.8634855 0.9592412 0.8267442 0.8430507 0.7719881 1.2090979 1.2653622 1.8380979 1.5210489 0.8116412 0.7209583 0.7357707 0.7446050 0.6881492 0.7688665 1.1787905 1.1946844 1.2177072 1.3248556 1.2903348 0.0000010 1.2147570 1.0878829 1.5564427 1.3678725 1.4087974 1.4544970 1.2858353 1.1844478 0.0000010 1.3761813 9.0000000 2.5264889 2.5264889 2.7318966 2.5392853 2.6312743 2.5204825 3.9611763 5.5309106 4.5821111 3.8952412 4.1382987 4.1382987 4.4547987 7.5582954 5.4593292 4.2238501 3.8011190 9.0000000 1.4592035 0.0000000 0.0000010 
