57
Hsap_ENST00000616395                                   0.0000000 0.3154533 0.4203650 0.4344681 0.4630686 0.4998907 0.4975348 0.5186969 0.5017895 0.5085359 0.5187952 0.4692770 0.5392256 0.5392256 0.5018136 0.4763651 0.4143261 0.3153744 0.4206085 0.4675884 0.4474696 0.5373715 0.6221015 0.5505648 0.5166880 0.5988201 0.5938274 0.6343341 0.4882724 0.4623115 0.4172751 0.5583077 0.6239486 0.5967196 0.5988440 0.6720525 0.6936743 0.7183034 0.7322714 0.6305645 0.7113362 0.5933487 0.6078462 0.9045294 1.1194803 0.9807810 0.8609216 0.8297585 0.9929567 0.9153845 0.9064911 0.9060261 0.8622311 0.7421043 0.7076820 0.7518620 1.9310653 
Bralan_BLAG01000349_1                                  0.3154533 0.0000000 0.2862300 0.2464940 0.3287868 0.3620969 0.3460818 0.3622863 0.3602393 0.4607762 0.4610995 0.3880787 0.4429219 0.4429219 0.4158057 0.3782212 0.3374148 0.3172638 0.3703455 0.3470806 0.3894270 0.4060548 0.5081842 0.4489884 0.4691629 0.4051560 0.4297592 0.4827825 0.4278343 0.4223587 0.3582269 0.4804834 0.5129483 0.4526346 0.5057750 0.5197038 0.5399768 0.5365611 0.6877384 0.5327453 0.6149884 0.5757605 0.5566977 0.8292445 1.0500747 0.9390168 0.8538053 0.7723790 0.9068057 0.8729358 0.8671387 0.8138419 0.7939882 0.6214446 0.7268000 0.7011372 1.9448251 
Nvec_v1g175923                                         0.4203650 0.2862300 0.0000000 0.1433177 0.1690539 0.1825641 0.1706303 0.1687570 0.1603528 0.4302270 0.4297430 0.4245499 0.4260055 0.4260055 0.4144178 0.4149849 0.4072734 0.3791916 0.3778161 0.4446425 0.3682993 0.3081031 0.4078230 0.4153993 0.4129024 0.4762983 0.4405775 0.4905309 0.3769339 0.3702965 0.3795099 0.4879773 0.4868807 0.4742349 0.4085102 0.3730193 0.4909714 0.4646161 0.6353878 0.5448657 0.5189075 0.5094992 0.4924498 0.6062853 0.6627906 0.6330116 0.6090409 0.5500824 0.6734694 0.7162023 0.7109583 0.5996529 0.6068040 0.5641313 0.7235031 0.6918542 1.4505475 
Amil_Amillepora19696-RA                                0.4344681 0.2464940 0.1433177 0.0000000 0.0379612 0.0681349 0.0478867 0.0477693 0.0481929 0.3524839 0.3524839 0.2569663 0.3110232 0.3110232 0.3113319 0.2165710 0.3279895 0.2873353 0.3411848 0.3719571 0.3197447 0.3512111 0.4428217 0.3589698 0.3742864 0.4158423 0.3504467 0.4727583 0.3239471 0.3182517 0.3164340 0.3740807 0.3872110 0.3935098 0.4246010 0.3930367 0.4924785 0.4910921 0.6544150 0.4823132 0.5054041 0.5891727 0.0000010 0.6310465 0.7396423 0.7903926 0.6294232 0.7052615 0.7316556 0.7627237 0.7551020 0.7521441 0.7232383 0.6483334 0.6783866 0.6364297 2.0873384 
Gfas_gfas1.m1.19774.m1                                 0.4630686 0.3287868 0.1690539 0.0379612 0.0000000 0.0540987 0.0333735 0.0464408 0.0467262 0.4221073 0.4216544 0.3541692 0.3872653 0.3872653 0.3871066 0.3452524 0.4263739 0.3655144 0.4213712 0.4459452 0.4061946 0.3744332 0.4759097 0.4452777 0.4428124 0.5030775 0.4438108 0.5158645 0.3756003 0.3708429 0.3954772 0.4582006 0.4442317 0.4759816 0.4952083 0.4745420 0.5605252 0.5370505 0.6965081 0.5642062 0.5494580 0.6011322 0.3399532 0.7180757 0.8157690 0.8510875 0.6560751 0.7226828 0.8122267 0.8285494 0.8229598 0.8231041 0.8039607 0.6869228 0.7740238 0.7610072 1.6716256 
Fspp_ffun1.m4.9691.m1                                  0.4998907 0.3620969 0.1825641 0.0681349 0.0540987 0.0000000 0.0264798 0.0471576 0.0474517 0.4516901 0.4512455 0.3932043 0.4355975 0.4355975 0.4357865 0.3839085 0.4538409 0.4070232 0.4053134 0.4659939 0.4376563 0.3571993 0.4756284 0.4561226 0.4687095 0.5104783 0.4393251 0.5268242 0.4066958 0.4014051 0.4303082 0.5117109 0.4931090 0.5097638 0.5361211 0.5036426 0.5817628 0.5578644 0.7492794 0.5928839 0.5980529 0.6583088 0.3380521 0.7748427 0.8266569 0.8695961 0.6749732 0.7367288 0.8685282 0.8859994 0.8771690 0.8404749 0.8204403 0.7241255 0.7535057 0.7753005 1.6292656 
Gasp_gasp1.m3.23147.m1                                 0.4975348 0.3460818 0.1706303 0.0478867 0.0333735 0.0264798 0.0000000 0.0400259 0.0402746 0.4595162 0.4590806 0.4019924 0.4434782 0.4434782 0.4437144 0.3927614 0.4566169 0.4006601 0.4298184 0.4762696 0.4314522 0.3612315 0.4848679 0.4659028 0.4564963 0.5194465 0.4543476 0.5357040 0.4226328 0.4171632 0.4282743 0.5007289 0.4704374 0.4975201 0.5335398 0.5059783 0.5970879 0.5735782 0.7249610 0.6053869 0.5666841 0.6473089 0.3235768 0.7660912 0.8481735 0.8600273 0.6695273 0.7476016 0.8458466 0.8715580 0.8657277 0.8187102 0.8279752 0.7248932 0.7913524 0.7770866 1.7303713 
Spis_XP_022804826_1                                    0.5186969 0.3622863 0.1687570 0.0477693 0.0464408 0.0471576 0.0400259 0.0000000 0.0130995 0.4342537 0.4338060 0.3760678 0.4186456 0.4186456 0.4187173 0.3670269 0.4567295 0.4018739 0.4294546 0.4617348 0.4141580 0.3650501 0.4871938 0.4823755 0.4515221 0.5356597 0.4648394 0.5302694 0.3956261 0.3905830 0.4572097 0.5008825 0.4936200 0.4871281 0.5331576 0.4871555 0.5618844 0.5383571 0.7450233 0.6312037 0.5878650 0.6703041 0.3391882 0.7482280 0.7968756 0.8529597 0.6808414 0.7267624 0.8602877 0.8520624 0.8463590 0.8112191 0.8206669 0.7445110 0.8057506 0.7533352 1.7378009 
Pocdam_XM_027192870.1                                  0.5017895 0.3602393 0.1603528 0.0481929 0.0467262 0.0474517 0.0402746 0.0130995 0.0000000 0.4263113 0.4258588 0.3656277 0.4107668 0.4107668 0.4107829 0.3566352 0.4460101 0.3862785 0.4068210 0.4642626 0.3916335 0.3554946 0.4763876 0.4743844 0.4409381 0.5384802 0.4673979 0.5288671 0.3860779 0.3811662 0.4473843 0.4899636 0.4829005 0.4794934 0.5317644 0.4855700 0.5743717 0.5509104 0.7439605 0.6050370 0.5759062 0.6524645 0.3426270 0.7338578 0.8018016 0.8373176 0.6664886 0.7124802 0.8445335 0.8366291 0.8310188 0.7958261 0.8056226 0.7306709 0.7916644 0.7419035 1.7378009 
Tadh_TriadT50982                                       0.5085359 0.4607762 0.4302270 0.3524839 0.4221073 0.4516901 0.4595162 0.4342537 0.4263113 0.0000000 0.0064446 0.0451026 0.0631676 0.0631676 0.0635405 0.0594096 0.4787919 0.4356461 0.4345229 0.5351030 0.5295516 0.5599536 0.6152036 0.6363853 0.6489492 0.6932821 0.6331156 0.5740292 0.5601714 0.5305745 0.5460936 0.6276634 0.6233554 0.5666124 0.5756714 0.5970119 0.6737491 0.6789842 0.8423781 0.6814913 0.7609574 0.7384338 0.8337124 0.8760818 1.0136267 1.0246338 0.7778420 0.9074548 0.9567106 0.9612820 0.9520547 0.8976741 0.8342344 0.7928272 0.8032158 0.7498109 1.8938259 
TrH2_TrispH2_009196-RA                                 0.5187952 0.4610995 0.4297430 0.3524839 0.4216544 0.4512455 0.4590806 0.4338060 0.4258588 0.0064446 0.0000000 0.0375207 0.0562221 0.0562221 0.0565571 0.0670551 0.4885617 0.4432437 0.4445543 0.5455934 0.5401375 0.5641823 0.6197726 0.6474021 0.6601497 0.6961164 0.6357572 0.5764941 0.5623452 0.5326412 0.5440462 0.6293294 0.6250220 0.5682103 0.5789662 0.6005134 0.6774094 0.6793790 0.8468306 0.6853331 0.7640733 0.7492984 0.8295792 0.8817950 1.0213276 1.0308661 0.7840989 0.9132922 0.9604549 0.9672563 0.9580004 0.9034937 0.8396667 0.7946898 0.8007150 0.7467348 1.9099873 
HoiH06_mRNA2275                                        0.4692770 0.3880787 0.4245499 0.2569663 0.3541692 0.3932043 0.4019924 0.3760678 0.3656277 0.0451026 0.0375207 0.0000000 0.0219548 0.0219548 0.0217922 0.0514787 0.4705249 0.4183247 0.4283225 0.4915449 0.4882340 0.5168364 0.5741045 0.5392261 0.5848217 0.6281335 0.5759335 0.5062479 0.5244942 0.4933602 0.5239415 0.5156426 0.5271546 0.4934343 0.5301491 0.5335662 0.6069715 0.5996039 0.7820082 0.5543178 0.7072949 0.5046459 0.7086417 0.7385826 0.8918925 0.8422125 0.7913613 0.7368228 0.8617365 0.8657718 0.8563416 0.8206100 0.7548213 0.6351583 0.7228304 0.6464899 1.9886937 
Hhon_g01099.t1                                         0.5392256 0.4429219 0.4260055 0.3110232 0.3872653 0.4355975 0.4434782 0.4186456 0.4107668 0.0631676 0.0562221 0.0219548 0.0000000 0.0000010 0.0330869 0.0595949 0.4621338 0.4150518 0.4274870 0.5094483 0.5216532 0.5632599 0.6184319 0.6152975 0.6587245 0.6653497 0.6109318 0.5515027 0.5334972 0.5047742 0.5424658 0.5899484 0.5875439 0.5456271 0.5930244 0.6067647 0.6766052 0.6785183 0.8652880 0.6725840 0.7647253 0.7069290 0.7883866 0.8552495 0.9991729 1.0136748 0.7862817 0.8850684 0.9802460 0.9249136 0.9158423 0.9693960 0.8688303 0.7740562 0.7794714 0.7177324 1.9583479 
HoiH04_mRNA4780                                        0.5392256 0.4429219 0.4260055 0.3110232 0.3872653 0.4355975 0.4434782 0.4186456 0.4107668 0.0631676 0.0562221 0.0219548 0.0000010 0.0000000 0.0330869 0.0595949 0.4621338 0.4150518 0.4274870 0.5094483 0.5216532 0.5632599 0.6184319 0.6152975 0.6587245 0.6653497 0.6109318 0.5515027 0.5334972 0.5047742 0.5424658 0.5899484 0.5875439 0.5456271 0.5930244 0.6067647 0.6766052 0.6785183 0.8652880 0.6725840 0.7647253 0.7069290 0.7883866 0.8552495 0.9991729 1.0136748 0.7862817 0.8850684 0.9802460 0.9249136 0.9158423 0.9693960 0.8688303 0.7740562 0.7794714 0.7177324 1.9583479 
HoiH23_PlH23_005112-RA                                 0.5018136 0.4158057 0.4144178 0.3113319 0.3871066 0.4357865 0.4437144 0.4187173 0.4107829 0.0635405 0.0565571 0.0217922 0.0330869 0.0330869 0.0000000 0.0440088 0.4777416 0.4362130 0.4443088 0.5102128 0.5385258 0.5574834 0.6075541 0.6184908 0.6420175 0.6862632 0.6309191 0.5704975 0.4999747 0.4720654 0.5095860 0.5841411 0.6029427 0.5400072 0.5631372 0.6008339 0.6462085 0.6464938 0.8275401 0.6354531 0.7605421 0.7079822 0.7200827 0.8581961 0.9831530 1.0165928 0.7730304 0.8782025 0.9832022 0.9334442 0.9243576 0.9412879 0.8582406 0.7600594 0.7969258 0.7085210 1.9799133 
HoiH11_mRNA2851                                        0.4763651 0.3782212 0.4149849 0.2165710 0.3452524 0.3839085 0.3927614 0.3670269 0.3566352 0.0594096 0.0670551 0.0514787 0.0595949 0.0595949 0.0440088 0.0000000 0.4615212 0.4159440 0.4311182 0.4703756 0.4386399 0.5133352 0.5976637 0.5101838 0.5659057 0.6082848 0.5639180 0.5178446 0.4982708 0.4805581 0.5215169 0.4828387 0.5073701 0.4679411 0.5056040 0.5130176 0.6002080 0.5960418 0.7667058 0.5543369 0.7007099 0.4646572 0.6652072 0.6962618 0.8177264 0.8300930 0.7868631 0.7488932 0.8181729 0.8535870 0.8441919 0.8289569 0.7276180 0.6179128 0.7160163 0.6271138 1.9709390 
Spur_XM_790410.5                                       0.4143261 0.3374148 0.4072734 0.3279895 0.4263739 0.4538409 0.4566169 0.4567295 0.4460101 0.4787919 0.4885617 0.4705249 0.4621338 0.4621338 0.4777416 0.4615212 0.0000000 0.2909840 0.3429245 0.3844019 0.3911685 0.4792055 0.5395654 0.5546674 0.4994010 0.5158635 0.5206937 0.5200251 0.4657793 0.4553278 0.4975664 0.6286882 0.5993918 0.5879307 0.5230147 0.4581547 0.5061179 0.5302081 0.7212294 0.6191573 0.6545677 0.6041018 0.6741982 0.7685953 0.9030235 0.8807958 0.7208576 0.8146675 0.9085045 0.8122949 0.8128193 0.8899115 0.8206002 0.7257357 0.6258151 0.6684810 1.4807239 
Skow_XM_002734371.2                                    0.3153744 0.3172638 0.3791916 0.2873353 0.3655144 0.4070232 0.4006601 0.4018739 0.3862785 0.4356461 0.4432437 0.4183247 0.4150518 0.4150518 0.4362130 0.4159440 0.2909840 0.0000000 0.3563321 0.3731775 0.3880965 0.4656590 0.5430617 0.5210422 0.4967169 0.4903060 0.5202324 0.5908278 0.4343187 0.4245453 0.4722207 0.5570609 0.5793380 0.5197785 0.5267551 0.5408442 0.6470575 0.6410813 0.7287917 0.7083745 0.6437280 0.5102369 0.6635497 0.7157208 0.9140877 0.8816269 0.7359705 0.7287189 0.8281632 0.8411513 0.8276717 0.8646821 0.8397442 0.7364006 0.6911747 0.7115457 1.7141398 
Ctel_gnl_WGS_AMQN_CAPTEDRAFT_mRNA228019                0.4206085 0.3703455 0.3778161 0.3411848 0.4213712 0.4053134 0.4298184 0.4294546 0.4068210 0.4345229 0.4445543 0.4283225 0.4274870 0.4274870 0.4443088 0.4311182 0.3429245 0.3563321 0.0000000 0.2406385 0.2540282 0.5087452 0.5657533 0.5551359 0.5517949 0.5433340 0.5221670 0.5688392 0.5392675 0.5232762 0.5602971 0.6327322 0.5954343 0.5720064 0.5129588 0.5068790 0.6233788 0.6327542 0.7742650 0.6588990 0.6189726 0.5721500 0.6779413 0.8626643 1.0982020 1.0476948 0.8650648 0.8430607 0.9723984 0.8741493 0.8727679 0.9805475 0.9162203 0.8412052 0.7542523 0.7584495 1.5815504 
Acagra_model.g6526.t1                                  0.4675884 0.3470806 0.4446425 0.3719571 0.4459452 0.4659939 0.4762696 0.4617348 0.4642626 0.5351030 0.5455934 0.4915449 0.5094483 0.5094483 0.5102128 0.4703756 0.3844019 0.3731775 0.2406385 0.0000000 0.2628703 0.5521842 0.5629368 0.5534170 0.5367362 0.4821952 0.5252814 0.5723039 0.5159486 0.5123167 0.5934487 0.6029502 0.5817613 0.5728073 0.5731306 0.5594678 0.6701495 0.6697449 0.8110260 0.6553371 0.6814090 0.6510654 0.6933142 0.9628511 1.1351622 1.1152629 0.9675709 0.8843351 1.0149773 0.9787148 0.9723032 0.9807473 1.0004821 0.7519595 0.7328957 0.7448743 1.7867715 
Cgig_XM_011427164.3                                    0.4474696 0.3894270 0.3682993 0.3197447 0.4061946 0.4376563 0.4314522 0.4141580 0.3916335 0.5295516 0.5401375 0.4882340 0.5216532 0.5216532 0.5385258 0.4386399 0.3911685 0.3880965 0.2540282 0.2628703 0.0000000 0.5698824 0.5667110 0.4897773 0.4792082 0.5291092 0.5044690 0.5647471 0.5360672 0.5319853 0.5586903 0.5662505 0.5885783 0.5784606 0.5954772 0.5636656 0.6329172 0.6382235 0.8026333 0.6901656 0.6213099 0.5998551 0.7597203 0.8093884 1.0200376 0.9386169 0.8516615 0.9083024 0.8783647 0.7892788 0.7838437 0.8853730 0.8705741 0.7709318 0.7571507 0.7230920 1.4988763 
Dgig_XM_028557631.1                                    0.5373715 0.4060548 0.3081031 0.3512111 0.3744332 0.3571993 0.3612315 0.3650501 0.3554946 0.5599536 0.5641823 0.5168364 0.5632599 0.5632599 0.5574834 0.5133352 0.4792055 0.4656590 0.5087452 0.5521842 0.5698824 0.0000000 0.2086693 0.5020133 0.4649742 0.4039962 0.4129064 0.5114587 0.4604623 0.4347256 0.4916942 0.6534286 0.6598825 0.6165876 0.5361287 0.5416299 0.6417055 0.6409262 0.7609236 0.6686099 0.5598006 0.7060917 0.6803857 0.7971393 0.9190712 0.8471959 0.6921651 0.6731975 0.8179367 0.8275124 0.8191341 0.7568460 0.7880937 0.6694075 0.8009347 0.8644594 1.6013930 
Xesp_010572-T1                                         0.6221015 0.5081842 0.4078230 0.4428217 0.4759097 0.4756284 0.4848679 0.4871938 0.4763876 0.6152036 0.6197726 0.5741045 0.6184319 0.6184319 0.6075541 0.5976637 0.5395654 0.5430617 0.5657533 0.5629368 0.5667110 0.2086693 0.0000000 0.5801372 0.5771729 0.5364723 0.5293344 0.6123332 0.5880791 0.5573144 0.5476514 0.6483968 0.6561002 0.6062776 0.5852495 0.5926720 0.6864940 0.6666673 0.8658330 0.7436168 0.6576804 0.8843479 0.8116236 0.9185536 1.1507742 1.0236349 0.8750333 0.8085185 0.8997908 0.8948480 0.8857555 0.7672693 0.8157531 0.7990559 0.8451066 0.9680586 1.6629807 
Hvul_g29440_1                                          0.5505648 0.4489884 0.4153993 0.3589698 0.4452777 0.4561226 0.4659028 0.4823755 0.4743844 0.6363853 0.6474021 0.5392261 0.6152975 0.6152975 0.6184908 0.5101838 0.5546674 0.5210422 0.5551359 0.5534170 0.4897773 0.5020133 0.5801372 0.0000000 0.2445226 0.3177046 0.3139106 0.3526310 0.5452335 0.5290936 0.5639054 0.6027564 0.6418322 0.6495980 0.5668811 0.5919945 0.6002300 0.5900650 0.7749078 0.6686515 0.5758792 0.6620335 0.7101400 0.8072308 0.9456859 0.8617818 0.7605491 0.7818249 0.8244533 0.8313968 0.8227551 0.7758793 0.7375946 0.7916738 0.7902624 0.7935547 1.7110672 
Chem_TCONS_00008739                                    0.5166880 0.4691629 0.4129024 0.3742864 0.4428124 0.4687095 0.4564963 0.4515221 0.4409381 0.6489492 0.6601497 0.5848217 0.6587245 0.6587245 0.6420175 0.5659057 0.4994010 0.4967169 0.5517949 0.5367362 0.4792082 0.4649742 0.5771729 0.2445226 0.0000000 0.3038368 0.2677109 0.3154314 0.5440162 0.5278772 0.5835913 0.6342464 0.6430046 0.6494050 0.5711447 0.5428767 0.6843657 0.6997171 0.7386616 0.6622126 0.4818017 0.6762150 0.6482310 0.8274174 0.9427292 0.9132985 0.8281015 0.8711468 0.8640366 0.8745971 0.8686804 0.8336344 0.8457253 0.7839593 0.7615165 0.7657655 1.7753391 
Nemnom_g4618.t1                                        0.5988201 0.4051560 0.4762983 0.4158423 0.5030775 0.5104783 0.5194465 0.5356597 0.5384802 0.6932821 0.6961164 0.6281335 0.6653497 0.6653497 0.6862632 0.6082848 0.5158635 0.4903060 0.5433340 0.4821952 0.5291092 0.4039962 0.5364723 0.3177046 0.3038368 0.0000000 0.0954873 0.2509741 0.5682096 0.5517786 0.6093947 0.7838793 0.7132603 0.6907297 0.5470028 0.5662941 0.6941309 0.6843776 0.8116231 0.6688191 0.5319730 0.6296955 0.6958139 0.8779324 1.0224832 0.9699215 0.8762541 0.8232020 0.8650254 0.8786149 0.8698718 0.9301583 0.9074648 0.7770188 0.8626848 0.8048104 2.1044773 
Rhoesc_Res_008461-T1                                   0.5938274 0.4297592 0.4405775 0.3504467 0.4438108 0.4393251 0.4543476 0.4648394 0.4673979 0.6331156 0.6357572 0.5759335 0.6109318 0.6109318 0.6309191 0.5639180 0.5206937 0.5202324 0.5221670 0.5252814 0.5044690 0.4129064 0.5293344 0.3139106 0.2677109 0.0954873 0.0000000 0.1926948 0.5437782 0.5279283 0.5811500 0.7555281 0.7129762 0.6873923 0.5828192 0.5924741 0.6846003 0.6934404 0.8328952 0.6719217 0.5102083 0.6106054 0.6218802 0.8014838 0.9622788 0.8990372 0.8512705 0.8180527 0.8325925 0.7984333 0.7901703 0.8646217 0.8723742 0.7855604 0.8403046 0.7576099 1.9205752 
Sanmal_Sma_004599-T1                                   0.6343341 0.4827825 0.4905309 0.4727583 0.5158645 0.5268242 0.5357040 0.5302694 0.5288671 0.5740292 0.5764941 0.5062479 0.5515027 0.5515027 0.5704975 0.5178446 0.5200251 0.5908278 0.5688392 0.5723039 0.5647471 0.5114587 0.6123332 0.3526310 0.3154314 0.2509741 0.1926948 0.0000000 0.5677529 0.5511192 0.6149014 0.7189999 0.7691699 0.7232111 0.6538690 0.6411854 0.7417527 0.7087935 0.9005370 0.6855134 0.5227430 0.7026525 0.7926408 0.8843566 1.0610723 0.9407130 0.8299783 0.8716358 0.9292419 0.8673353 0.8587111 0.8227647 0.8093295 0.9110230 0.8627008 0.7894336 2.0074219 
Ocar_g2742                                             0.4882724 0.4278343 0.3769339 0.3239471 0.3756003 0.4066958 0.4226328 0.3956261 0.3860779 0.5601714 0.5623452 0.5244942 0.5334972 0.5334972 0.4999747 0.4982708 0.4657793 0.4343187 0.5392675 0.5159486 0.5360672 0.4604623 0.5880791 0.5452335 0.5440162 0.5682096 0.5437782 0.5677529 0.0000000 0.0073500 0.2991172 0.5772357 0.5865070 0.5752994 0.5921823 0.6124264 0.5903120 0.6139361 0.7517860 0.6333366 0.7308742 0.7937066 0.6296029 0.8645266 0.9435805 1.0053266 0.8691012 0.9139400 0.9876480 0.8829339 0.8739989 0.9224423 0.8768859 0.6397637 0.8579964 0.8450437 1.5461497 
Opea_EP00118_Oscarella_pearsei_P002956                 0.4623115 0.4223587 0.3702965 0.3182517 0.3708429 0.4014051 0.4171632 0.3905830 0.3811662 0.5305745 0.5326412 0.4933602 0.5047742 0.5047742 0.4720654 0.4805581 0.4553278 0.4245453 0.5232762 0.5123167 0.5319853 0.4347256 0.5573144 0.5290936 0.5278772 0.5517786 0.5279283 0.5511192 0.0073500 0.0000000 0.2791635 0.5607074 0.5696488 0.5588902 0.5742056 0.5934994 0.5730059 0.5954934 0.7292020 0.6144358 0.7096851 0.7541994 0.6144829 0.8222381 0.9435805 0.9580240 0.8691012 0.8702952 0.9408264 0.8416004 0.8329676 0.8780741 0.8346839 0.6206893 0.8330054 0.8204567 1.5461497 
Plajan_Pjan_C537070_01                                 0.4172751 0.3582269 0.3795099 0.3164340 0.3954772 0.4303082 0.4282743 0.4572097 0.4473843 0.5460936 0.5440462 0.5239415 0.5424658 0.5424658 0.5095860 0.5215169 0.4975664 0.4722207 0.5602971 0.5934487 0.5586903 0.4916942 0.5476514 0.5639054 0.5835913 0.6093947 0.5811500 0.6149014 0.2991172 0.2791635 0.0000000 0.4114195 0.5035283 0.4561581 0.5690598 0.6105329 0.5390270 0.5402707 0.7084205 0.6219949 0.6529818 0.7483587 0.6689846 0.9438090 1.1114469 0.9790690 0.9261438 0.9260827 1.0055712 0.9679757 0.9587152 0.8808750 0.8378268 0.6181207 0.8935184 0.7987300 2.0157543 
Scil_scict022756.2                                     0.5583077 0.4804834 0.4879773 0.3740807 0.4582006 0.5117109 0.5007289 0.5008825 0.4899636 0.6276634 0.6293294 0.5156426 0.5899484 0.5899484 0.5841411 0.4828387 0.6286882 0.5570609 0.6327322 0.6029502 0.5662505 0.6534286 0.6483968 0.6027564 0.6342464 0.7838793 0.7555281 0.7189999 0.5772357 0.5607074 0.4114195 0.0000000 0.1444595 0.1533291 0.6675262 0.6667591 0.7243230 0.6892230 0.7692223 0.6742568 0.8018591 0.8112186 0.6663961 0.9608859 1.0838064 1.0208114 0.9581588 0.9528350 0.9872687 0.9884233 0.9788852 0.9653498 0.8927529 0.6975672 0.7469150 0.9111794 2.2848709 
Gracom_Gcom_C545236_01                                 0.6239486 0.5129483 0.4868807 0.3872110 0.4442317 0.4931090 0.4704374 0.4936200 0.4829005 0.6233554 0.6250220 0.5271546 0.5875439 0.5875439 0.6029427 0.5073701 0.5993918 0.5793380 0.5954343 0.5817613 0.5885783 0.6598825 0.6561002 0.6418322 0.6430046 0.7132603 0.7129762 0.7691699 0.5865070 0.5696488 0.5035283 0.1444595 0.0000000 0.1553184 0.6759119 0.6403018 0.7438850 0.7010536 0.7701956 0.6867302 0.8786108 0.7964469 0.6410526 0.9542942 1.0903366 1.0433504 0.9337625 0.9941962 1.0087059 0.9699134 0.9634861 0.9843370 0.9434836 0.7351967 0.8043776 0.9865068 2.2088465 
Lcom_lcpid87441                                        0.5967196 0.4526346 0.4742349 0.3935098 0.4759816 0.5097638 0.4975201 0.4871281 0.4794934 0.5666124 0.5682103 0.4934343 0.5456271 0.5456271 0.5400072 0.4679411 0.5879307 0.5197785 0.5720064 0.5728073 0.5784606 0.6165876 0.6062776 0.6495980 0.6494050 0.6907297 0.6873923 0.7232111 0.5752994 0.5588902 0.4561581 0.1533291 0.1553184 0.0000000 0.6733363 0.6265355 0.6745515 0.6409318 0.7547709 0.6687608 0.8154754 0.8095935 0.6306442 0.9834347 1.1255833 1.0495718 0.9581036 0.9553139 1.0308125 1.0074226 1.0008347 0.9062818 0.9017668 0.6960362 0.8011819 0.9351487 2.2401313 
Aque_Aqu2.1.33509_001                                  0.5988440 0.5057750 0.4085102 0.4246010 0.4952083 0.5361211 0.5335398 0.5331576 0.5317644 0.5756714 0.5789662 0.5301491 0.5930244 0.5930244 0.5631372 0.5056040 0.5230147 0.5267551 0.5129588 0.5731306 0.5954772 0.5361287 0.5852495 0.5668811 0.5711447 0.5470028 0.5828192 0.6538690 0.5921823 0.5742056 0.5690598 0.6675262 0.6759119 0.6733363 0.0000000 0.0877781 0.3455925 0.3299774 0.3017636 0.3581621 0.6638311 0.7157712 0.8549660 0.7977371 0.9273024 0.8816218 0.7511308 0.8177923 0.7742587 0.8638589 0.8547372 0.9279789 0.8552934 0.8070734 0.7367375 0.9579579 1.4097014 
Halamb_c31217_g1_i1m.6585                              0.6720525 0.5197038 0.3730193 0.3930367 0.4745420 0.5036426 0.5059783 0.4871555 0.4855700 0.5970119 0.6005134 0.5335662 0.6067647 0.6067647 0.6008339 0.5130176 0.4581547 0.5408442 0.5068790 0.5594678 0.5636656 0.5416299 0.5926720 0.5919945 0.5428767 0.5662941 0.5924741 0.6411854 0.6124264 0.5934994 0.6105329 0.6667591 0.6403018 0.6265355 0.0877781 0.0000000 0.3782364 0.3628157 0.3367763 0.3731450 0.6387648 0.6982240 0.8190521 0.8772580 0.8955954 0.8637777 0.7864932 0.8172389 0.8527952 0.8574566 0.8579823 0.9131074 0.8907599 0.8151646 0.7667087 0.8993742 1.2351150 
Emue_Em0145g8a.t1                                      0.6936743 0.5399768 0.4909714 0.4924785 0.5605252 0.5817628 0.5970879 0.5618844 0.5743717 0.6737491 0.6774094 0.6069715 0.6766052 0.6766052 0.6462085 0.6002080 0.5061179 0.6470575 0.6233788 0.6701495 0.6329172 0.6417055 0.6864940 0.6002300 0.6843657 0.6941309 0.6846003 0.7417527 0.5903120 0.5730059 0.5390270 0.7243230 0.7438850 0.6745515 0.3455925 0.3782364 0.0000000 0.0413017 0.6298730 0.4514697 0.6630751 0.8954793 0.9695861 0.8776530 0.9341213 0.8355978 0.6752235 0.8487078 0.8299911 0.8588554 0.8501812 0.8660876 0.8691681 0.8739065 0.8226915 0.8449136 1.2552842 
Spolac_c100796_g1_i1_m.23555c100670-g1                 0.7183034 0.5365611 0.4646161 0.4910921 0.5370505 0.5578644 0.5735782 0.5383571 0.5509104 0.6789842 0.6793790 0.5996039 0.6785183 0.6785183 0.6464938 0.5960418 0.5302081 0.6410813 0.6327542 0.6697449 0.6382235 0.6409262 0.6666673 0.5900650 0.6997171 0.6843776 0.6934404 0.7087935 0.6139361 0.5954934 0.5402707 0.6892230 0.7010536 0.6409318 0.3299774 0.3628157 0.0413017 0.0000000 0.6264499 0.4401834 0.6531808 0.8837172 0.9992520 0.8963760 0.8735213 0.7823177 0.6621667 0.8074243 0.8285440 0.9215795 0.9123871 0.8027579 0.8423935 0.8373343 0.8129700 0.8508523 1.2070717 
Xestes_maker-XT_scaffold4541-augustus-gene-0.14-mRNA-1 0.7322714 0.6877384 0.6353878 0.6544150 0.6965081 0.7492794 0.7249610 0.7450233 0.7439605 0.8423781 0.8468306 0.7820082 0.8652880 0.8652880 0.8275401 0.7667058 0.7212294 0.7287917 0.7742650 0.8110260 0.8026333 0.7609236 0.8658330 0.7749078 0.7386616 0.8116231 0.8328952 0.9005370 0.7517860 0.7292020 0.7084205 0.7692223 0.7701956 0.7547709 0.3017636 0.3367763 0.6298730 0.6264499 0.0000000 0.5275895 0.9117173 0.9657021 0.8266171 1.0596011 1.2778355 1.1061037 1.0442432 1.0936271 1.0534386 1.0605955 1.0593469 1.1614228 1.0865438 0.9424386 0.9991671 1.2790673 2.1788615 
Tetwil_g13790.t1                                       0.6305645 0.5327453 0.5448657 0.4823132 0.5642062 0.5928839 0.6053869 0.6312037 0.6050370 0.6814913 0.6853331 0.5543178 0.6725840 0.6725840 0.6354531 0.5543369 0.6191573 0.7083745 0.6588990 0.6553371 0.6901656 0.6686099 0.7436168 0.6686515 0.6622126 0.6688191 0.6719217 0.6855134 0.6333366 0.6144358 0.6219949 0.6742568 0.6867302 0.6687608 0.3581621 0.3731450 0.4514697 0.4401834 0.5275895 0.0000000 0.7534824 0.7466391 0.8582372 0.9154861 0.9324098 0.9452759 0.7977447 1.0012631 1.0135915 0.9204469 0.9109683 0.9082692 0.9237221 0.6819463 0.7842750 0.9985390 1.4725113 
Morvir_scaffold76.g26.t1                               0.7113362 0.6149884 0.5189075 0.5054041 0.5494580 0.5980529 0.5666841 0.5878650 0.5759062 0.7609574 0.7640733 0.7072949 0.7647253 0.7647253 0.7605421 0.7007099 0.6545677 0.6437280 0.6189726 0.6814090 0.6213099 0.5598006 0.6576804 0.5758792 0.4818017 0.5319730 0.5102083 0.5227430 0.7308742 0.7096851 0.6529818 0.8018591 0.8786108 0.8154754 0.6638311 0.6387648 0.6630751 0.6531808 0.9117173 0.7534824 0.0000000 0.7688258 0.9018504 0.9163262 1.0958308 0.9190752 0.8046238 0.9037403 0.7936366 0.8902913 0.8842124 0.8890599 0.8825988 0.9545720 0.7810089 0.8406242 1.5534878 
Cscu_XM_023359337.1                                    0.5933487 0.5757605 0.5094992 0.5891727 0.6011322 0.6583088 0.6473089 0.6703041 0.6524645 0.7384338 0.7492984 0.5046459 0.7069290 0.7069290 0.7079822 0.4646572 0.6041018 0.5102369 0.5721500 0.6510654 0.5998551 0.7060917 0.8843479 0.6620335 0.6762150 0.6296955 0.6106054 0.7026525 0.7937066 0.7541994 0.7483587 0.8112186 0.7964469 0.8095935 0.7157712 0.6982240 0.8954793 0.8837172 0.9657021 0.7466391 0.7688258 0.0000000 1.1351812 0.9412574 1.0849939 1.1239277 0.9234741 1.0598862 1.1092477 1.0529927 1.0512680 1.1620556 1.0931222 1.0102711 0.7613051 0.6950985 1.5357145 
Adig_XM_015895459.1                                    0.6078462 0.5566977 0.4924498 0.0000010 0.3399532 0.3380521 0.3235768 0.3391882 0.3426270 0.8337124 0.8295792 0.7086417 0.7883866 0.7883866 0.7200827 0.6652072 0.6741982 0.6635497 0.6779413 0.6933142 0.7597203 0.6803857 0.8116236 0.7101400 0.6482310 0.6958139 0.6218802 0.7926408 0.6296029 0.6144829 0.6689846 0.6663961 0.6410526 0.6306442 0.8549660 0.8190521 0.9695861 0.9992520 0.8266171 0.8582372 0.9018504 1.1351812 0.0000000 1.1262251 1.6221104 1.3595784 1.2908464 1.2757893 1.3395897 1.3722092 1.3722092 1.2769168 1.2984095 1.1094637 1.0965154 1.1926573 3.8690842 
Mlei_ML2795.g9.i1                                      0.9045294 0.8292445 0.6062853 0.6310465 0.7180757 0.7748427 0.7660912 0.7482280 0.7338578 0.8760818 0.8817950 0.7385826 0.8552495 0.8552495 0.8581961 0.6962618 0.7685953 0.7157208 0.8626643 0.9628511 0.8093884 0.7971393 0.9185536 0.8072308 0.8274174 0.8779324 0.8014838 0.8843566 0.8645266 0.8222381 0.9438090 0.9608859 0.9542942 0.9834347 0.7977371 0.8772580 0.8776530 0.8963760 1.0596011 0.9154861 0.9163262 0.9412574 1.1262251 0.0000000 0.1480403 0.1818337 0.2137718 0.2796218 0.2020516 0.2732876 0.2643485 0.3966627 0.4232055 1.0174498 0.9136757 0.8977056 1.4336390 
Bolinf_Binf_sb1257915                                  1.1194803 1.0500747 0.6627906 0.7396423 0.8157690 0.8266569 0.8481735 0.7968756 0.8018016 1.0136267 1.0213276 0.8918925 0.9991729 0.9991729 0.9831530 0.8177264 0.9030235 0.9140877 1.0982020 1.1351622 1.0200376 0.9190712 1.1507742 0.9456859 0.9427292 1.0224832 0.9622788 1.0610723 0.9435805 0.9435805 1.1114469 1.0838064 1.0903366 1.1255833 0.9273024 0.8955954 0.9341213 0.8735213 1.2778355 0.9324098 1.0958308 1.0849939 1.6221104 0.1480403 0.0000000 0.1568979 0.1779167 0.2997851 0.3524709 0.3797504 0.3677534 0.4448204 0.5041633 1.0159957 1.0423530 1.1098973 1.4591053 
Mertsp_Mesp_sb588380                                   0.9807810 0.9390168 0.6330116 0.7903926 0.8510875 0.8695961 0.8600273 0.8529597 0.8373176 1.0246338 1.0308661 0.8422125 1.0136748 1.0136748 1.0165928 0.8300930 0.8807958 0.8816269 1.0476948 1.1152629 0.9386169 0.8471959 1.0236349 0.8617818 0.9132985 0.9699215 0.8990372 0.9407130 1.0053266 0.9580240 0.9790690 1.0208114 1.0433504 1.0495718 0.8816218 0.8637777 0.8355978 0.7823177 1.1061037 0.9452759 0.9190752 1.1239277 1.3595784 0.1818337 0.1568979 0.0000000 0.1334773 0.2596865 0.2514153 0.2909105 0.2816580 0.3958079 0.4555320 1.1732226 0.9662057 0.9372598 1.3683601 
Beraby_Baby_sb343578                                   0.8609216 0.8538053 0.6090409 0.6294232 0.6560751 0.6749732 0.6695273 0.6808414 0.6664886 0.7778420 0.7840989 0.7913613 0.7862817 0.7862817 0.7730304 0.7868631 0.7208576 0.7359705 0.8650648 0.9675709 0.8516615 0.6921651 0.8750333 0.7605491 0.8281015 0.8762541 0.8512705 0.8299783 0.8691012 0.8691012 0.9261438 0.9581588 0.9337625 0.9581036 0.7511308 0.7864932 0.6752235 0.6621667 1.0442432 0.7977447 0.8046238 0.9234741 1.2908464 0.2137718 0.1779167 0.1334773 0.0000000 0.1756555 0.2343653 0.3053466 0.2945378 0.3844257 0.3783228 0.9765505 0.8024930 0.9388986 1.3267898 
Lampan_Lpan_4870_01                                    0.8297585 0.7723790 0.5500824 0.7052615 0.7226828 0.7367288 0.7476016 0.7267624 0.7124802 0.9074548 0.9132922 0.7368228 0.8850684 0.8850684 0.8782025 0.7488932 0.8146675 0.7287189 0.8430607 0.8843351 0.9083024 0.6731975 0.8085185 0.7818249 0.8711468 0.8232020 0.8180527 0.8716358 0.9139400 0.8702952 0.9260827 0.9528350 0.9941962 0.9553139 0.8177923 0.8172389 0.8487078 0.8074243 1.0936271 1.0012631 0.9037403 1.0598862 1.2757893 0.2796218 0.2997851 0.2596865 0.1756555 0.0000000 0.2702408 0.3942714 0.3938468 0.2780842 0.3559712 0.9419366 0.8604592 0.9881822 1.4573595 
Drygla_Dgla_sb302267                                   0.9929567 0.9068057 0.6734694 0.7316556 0.8122267 0.8685282 0.8458466 0.8602877 0.8445335 0.9567106 0.9604549 0.8617365 0.9802460 0.9802460 0.9832022 0.8181729 0.9085045 0.8281632 0.9723984 1.0149773 0.8783647 0.8179367 0.8997908 0.8244533 0.8640366 0.8650254 0.8325925 0.9292419 0.9876480 0.9408264 1.0055712 0.9872687 1.0087059 1.0308125 0.7742587 0.8527952 0.8299911 0.8285440 1.0534386 1.0135915 0.7936366 1.1092477 1.3395897 0.2020516 0.3524709 0.2514153 0.2343653 0.2702408 0.0000000 0.3372538 0.3275887 0.4400952 0.4769600 1.1535555 0.8480317 0.9565081 1.2116662 
Pbac_sb2654121                                         0.9153845 0.8729358 0.7162023 0.7627237 0.8285494 0.8859994 0.8715580 0.8520624 0.8366291 0.9612820 0.9672563 0.8657718 0.9249136 0.9249136 0.9334442 0.8535870 0.8122949 0.8411513 0.8741493 0.9787148 0.7892788 0.8275124 0.8948480 0.8313968 0.8745971 0.8786149 0.7984333 0.8673353 0.8829339 0.8416004 0.9679757 0.9884233 0.9699134 1.0074226 0.8638589 0.8574566 0.8588554 0.9215795 1.0605955 0.9204469 0.8902913 1.0529927 1.3722092 0.2732876 0.3797504 0.2909105 0.3053466 0.3942714 0.3372538 0.0000000 0.0065099 0.4897091 0.4421317 1.1061205 1.0100226 0.9791815 1.5381290 
Horcal_Hcv1.av93.c6.g930.i1                            0.9064911 0.8671387 0.7109583 0.7551020 0.8229598 0.8771690 0.8657277 0.8463590 0.8310188 0.9520547 0.9580004 0.8563416 0.9158423 0.9158423 0.9243576 0.8441919 0.8128193 0.8276717 0.8727679 0.9723032 0.7838437 0.8191341 0.8857555 0.8227551 0.8686804 0.8698718 0.7901703 0.8587111 0.8739989 0.8329676 0.9587152 0.9788852 0.9634861 1.0008347 0.8547372 0.8579823 0.8501812 0.9123871 1.0593469 0.9109683 0.8842124 1.0512680 1.3722092 0.2643485 0.3677534 0.2816580 0.2945378 0.3938468 0.3275887 0.0065099 0.0000000 0.4865867 0.4367306 1.0961067 1.0091024 0.9748059 1.5378596 
Vmul_SimC383276                                        0.9060261 0.8138419 0.5996529 0.7521441 0.8231041 0.8404749 0.8187102 0.8112191 0.7958261 0.8976741 0.9034937 0.8206100 0.9693960 0.9693960 0.9412879 0.8289569 0.8899115 0.8646821 0.9805475 0.9807473 0.8853730 0.7568460 0.7672693 0.7758793 0.8336344 0.9301583 0.8646217 0.8227647 0.9224423 0.8780741 0.8808750 0.9653498 0.9843370 0.9062818 0.9279789 0.9131074 0.8660876 0.8027579 1.1614228 0.9082692 0.8890599 1.1620556 1.2769168 0.3966627 0.4448204 0.3958079 0.3844257 0.2780842 0.4400952 0.4897091 0.4865867 0.0000000 0.2201174 0.8644359 0.9978115 1.0211410 1.6782035 
Coemet_Cmet_C592949_01                                 0.8622311 0.7939882 0.6068040 0.7232383 0.8039607 0.8204403 0.8279752 0.8206669 0.8056226 0.8342344 0.8396667 0.7548213 0.8688303 0.8688303 0.8582406 0.7276180 0.8206002 0.8397442 0.9162203 1.0004821 0.8705741 0.7880937 0.8157531 0.7375946 0.8457253 0.9074648 0.8723742 0.8093295 0.8768859 0.8346839 0.8378268 0.8927529 0.9434836 0.9017668 0.8552934 0.8907599 0.8691681 0.8423935 1.0865438 0.9237221 0.8825988 1.0931222 1.2984095 0.4232055 0.5041633 0.4555320 0.3783228 0.3559712 0.4769600 0.4421317 0.4367306 0.2201174 0.0000000 0.9030063 0.9300468 1.0197604 1.6112003 
Clacor_Ccor_scaffold13917_01                           0.7421043 0.6214446 0.5641313 0.6483334 0.6869228 0.7241255 0.7248932 0.7445110 0.7306709 0.7928272 0.7946898 0.6351583 0.7740562 0.7740562 0.7600594 0.6179128 0.7257357 0.7364006 0.8412052 0.7519595 0.7709318 0.6694075 0.7990559 0.7916738 0.7839593 0.7770188 0.7855604 0.9110230 0.6397637 0.6206893 0.6181207 0.6975672 0.7351967 0.6960362 0.8070734 0.8151646 0.8739065 0.8373343 0.9424386 0.6819463 0.9545720 1.0102711 1.1094637 1.0174498 1.0159957 1.1732226 0.9765505 0.9419366 1.1535555 1.1061205 1.0961067 0.8644359 0.9030063 0.0000000 1.0272325 1.1374111 1.7660758 
Tcas_TC014009_001                                      0.7076820 0.7268000 0.7235031 0.6783866 0.7740238 0.7535057 0.7913524 0.8057506 0.7916644 0.8032158 0.8007150 0.7228304 0.7794714 0.7794714 0.7969258 0.7160163 0.6258151 0.6911747 0.7542523 0.7328957 0.7571507 0.8009347 0.8451066 0.7902624 0.7615165 0.8626848 0.8403046 0.8627008 0.8579964 0.8330054 0.8935184 0.7469150 0.8043776 0.8011819 0.7367375 0.7667087 0.8226915 0.8129700 0.9991671 0.7842750 0.7810089 0.7613051 1.0965154 0.9136757 1.0423530 0.9662057 0.8024930 0.8604592 0.8480317 1.0100226 1.0091024 0.9978115 0.9300468 1.0272325 0.0000000 0.5604556 1.4873986 
Dpul_mRNA26392                                         0.7518620 0.7011372 0.6918542 0.6364297 0.7610072 0.7753005 0.7770866 0.7533352 0.7419035 0.7498109 0.7467348 0.6464899 0.7177324 0.7177324 0.7085210 0.6271138 0.6684810 0.7115457 0.7584495 0.7448743 0.7230920 0.8644594 0.9680586 0.7935547 0.7657655 0.8048104 0.7576099 0.7894336 0.8450437 0.8204567 0.7987300 0.9111794 0.9865068 0.9351487 0.9579579 0.8993742 0.8449136 0.8508523 1.2790673 0.9985390 0.8406242 0.6950985 1.1926573 0.8977056 1.1098973 0.9372598 0.9388986 0.9881822 0.9565081 0.9791815 0.9748059 1.0211410 1.0197604 1.1374111 0.5604556 0.0000000 1.7513006 
Stycar_maker-SC_scaffold48481-snap-gene-0.5-mRNA-1     1.9310653 1.9448251 1.4505475 2.0873384 1.6716256 1.6292656 1.7303713 1.7378009 1.7378009 1.8938259 1.9099873 1.9886937 1.9583479 1.9583479 1.9799133 1.9709390 1.4807239 1.7141398 1.5815504 1.7867715 1.4988763 1.6013930 1.6629807 1.7110672 1.7753391 2.1044773 1.9205752 2.0074219 1.5461497 1.5461497 2.0157543 2.2848709 2.2088465 2.2401313 1.4097014 1.2351150 1.2552842 1.2070717 2.1788615 1.4725113 1.5534878 1.5357145 3.8690842 1.4336390 1.4591053 1.3683601 1.3267898 1.4573595 1.2116662 1.5381290 1.5378596 1.6782035 1.6112003 1.7660758 1.4873986 1.7513006 0.0000000 
