31
Hsap_ENST00000399312                                   0.0000000 1.2624063 1.3099695 1.2317357 1.9999735 1.8677303 1.7519989 1.9366604 1.8326257 1.8307132 1.7276757 1.8743278 1.9976101 1.8022799 1.9081596 1.8911034 2.0180081 1.7415247 1.7003429 1.9329124 1.6996495 1.6541314 1.5722429 1.7221227 1.5392316 2.0988615 2.0548089 2.9652043 2.9621492 3.5412505 2.8723937 
Bralan_BLAG01000078_1                                  1.2624063 0.0000000 1.4457250 1.4112896 2.2023723 1.7098756 2.0143062 2.3615558 2.1007345 2.0938163 2.2632164 2.2749437 2.7888784 1.7278821 1.7729363 1.7165528 1.7725682 1.7427205 1.4420250 1.7612172 1.5421184 2.3976135 2.0393088 2.2940759 1.9118203 2.3681123 2.0664643 2.9325353 3.3836574 2.9426937 2.3143243 
Spur_XM_030972581.1                                    1.3099695 1.4457250 0.0000000 1.3471868 3.0641660 2.2188233 2.0994876 2.3167038 2.1516335 2.1707892 2.2846946 2.3828016 2.6842802 2.0106425 1.8895764 1.8702440 1.8791089 2.0845359 1.5211749 1.9583413 1.6646889 2.1618028 2.0731429 1.7800607 1.6985288 2.5256496 2.7784647 3.5657858 3.7761636 3.0023938 2.4305583 
Skow_XM_002730633.2                                    1.2317357 1.4112896 1.3471868 0.0000000 2.3207133 1.9271575 1.8874235 2.1280315 1.9575259 2.1137537 2.1152506 2.1414884 2.6021524 1.6852927 1.7709283 1.8682880 1.9207616 2.0219707 1.6969242 1.8215184 1.7276846 2.1615592 1.8394742 1.9813669 1.9500066 2.4023366 2.0531694 3.1490406 3.4555305 3.7152989 3.1309672 
Exapal_XM_021052832.2                                  1.9999735 2.2023723 3.0641660 2.3207133 0.0000000 0.6154475 0.8931121 1.0286541 0.8860467 1.0726355 1.1465451 1.2035424 1.3156745 0.9473893 1.2095679 1.1268042 1.0425273 1.1569266 1.3838136 2.0177256 1.5824773 2.4065348 2.3383960 2.7894989 1.8878741 2.7745660 2.8116817 2.7498758 3.2731447 5.3222327 4.7693151 
Nvec_NVE17062                                          1.8677303 1.7098756 2.2188233 1.9271575 0.6154475 0.0000000 0.7461345 0.8159083 0.6919175 0.9598337 0.9128060 0.9099718 0.9271790 0.8427054 1.1225280 0.9340576 0.9505445 1.1619869 1.0897789 1.8780447 1.4224869 2.2055753 1.7035937 1.8916061 1.8467645 2.2906596 1.9562211 2.2051270 2.6004734 4.9776199 3.7516893 
Adig_XM_015908756.1                                    1.7519989 2.0143062 2.0994876 1.8874235 0.8931121 0.7461345 0.0000000 0.0000010 0.1582428 0.3714833 0.4481781 0.5187501 0.4347077 0.8041163 1.0192553 1.0558979 0.9671618 0.9303786 1.5309869 2.1410511 1.5748684 1.8565053 1.5411731 2.0228557 1.8220911 2.5623808 2.4124145 2.7988830 2.7896137 3.9834206 3.2521897 
Amil_Amillepora20068-RA                                1.9366604 2.3615558 2.3167038 2.1280315 1.0286541 0.8159083 0.0000010 0.0000000 0.1770098 0.4247699 0.4741353 0.5524258 0.4878418 0.9272496 1.2047522 1.2189993 1.1033745 1.1630111 1.7107926 2.3837153 1.8378998 2.3392435 1.9407619 2.3798600 2.0742463 3.1731682 3.0463746 3.3815423 3.8658218 3.8285613 3.3464414 
Gfas_gfas1.m1.16255.m1                                 1.8326257 2.1007345 2.1516335 1.9575259 0.8860467 0.6919175 0.1582428 0.1770098 0.0000000 0.4354075 0.4968469 0.5759977 0.5185053 0.8261205 1.0745697 0.9780767 0.9465527 0.8391153 1.5297344 2.2785223 1.7202672 2.1278412 1.6494462 1.9357465 1.8517731 2.5375695 2.4848605 2.7371362 2.7847024 4.3639254 3.3668002 
Fspp_ffun1.m4.18100.m1                                 1.8307132 2.0938163 2.1707892 2.1137537 1.0726355 0.9598337 0.3714833 0.4247699 0.4354075 0.0000000 0.2310868 0.2554779 0.1030310 0.8991505 1.1018686 1.1933347 1.0922841 0.9320804 1.7761125 2.4755338 1.6472626 2.2230875 2.0054621 2.1369722 2.2636943 2.5235994 2.4837295 2.6597785 2.7365535 4.7811784 3.4096962 
Spis_XP_022788652_1                                    1.7276757 2.2632164 2.2846946 2.1152506 1.1465451 0.9128060 0.4481781 0.4741353 0.4968469 0.2310868 0.0000000 0.1280821 0.2919253 1.0031061 1.1900215 1.1905016 1.0839287 0.9796988 1.7701902 2.1971456 1.6654955 2.2920730 1.9836983 2.1666916 2.1245957 2.6126766 2.4784197 2.4697971 2.8138304 4.8342525 3.6309739 
Pocdam_XM_027182352.1                                  1.8743278 2.2749437 2.3828016 2.1414884 1.2035424 0.9099718 0.5187501 0.5524258 0.5759977 0.2554779 0.1280821 0.0000000 0.2973068 1.0202951 1.1979890 1.2333917 1.1288877 1.0501350 1.7656030 2.1450994 1.5442329 2.4408676 1.9750122 2.2407421 2.1072118 2.5337689 2.4698515 2.4781629 2.8093193 4.5973774 3.6946315 
Gasp_gasp1.m3.5839.m1                                  1.9976101 2.7888784 2.6842802 2.6021524 1.3156745 0.9271790 0.4347077 0.4878418 0.5185053 0.1030310 0.2919253 0.2973068 0.0000000 0.9980404 1.3542404 1.3919871 1.3338324 1.1772040 1.8746634 2.7078469 1.9424018 2.3970194 2.2842944 2.7705859 2.4078401 2.9660812 3.1672222 3.5592605 3.7632414 5.2282718 3.5874126 
Dgig_XM_028553734.1                                    1.8022799 1.7278821 2.0106425 1.6852927 0.9473893 0.8427054 0.8041163 0.9272496 0.8261205 0.8991505 1.0031061 1.0202951 0.9980404 0.0000000 0.3996259 0.9590438 0.9557271 0.9390482 1.1977722 1.8084519 1.2291946 2.0129879 1.7290600 1.8586017 1.7205527 2.1785884 2.2244760 2.6947944 2.7731109 5.7303215 3.9579666 
Xesp_011321-T1                                         1.9081596 1.7729363 1.8895764 1.7709283 1.2095679 1.1225280 1.0192553 1.2047522 1.0745697 1.1018686 1.1900215 1.1979890 1.3542404 0.3996259 0.0000000 1.2686667 1.2137109 1.1465064 1.1110182 1.9281375 1.4026061 2.2363520 2.0741989 2.0672222 1.9110633 2.3917586 2.6918264 2.6175423 2.9037267 5.0664321 4.2416521 
Nemnom_g15102.t1                                       1.8911034 1.7165528 1.8702440 1.8682880 1.1268042 0.9340576 1.0558979 1.2189993 0.9780767 1.1933347 1.1905016 1.2333917 1.3919871 0.9590438 1.2686667 0.0000000 0.2186876 0.6322491 1.2180117 2.0693947 1.6074479 2.3994957 2.3060630 2.1743014 1.7768089 2.4905889 2.3810122 2.2574609 2.5204294 4.4700835 3.0975915 
Rhoesc_Res_008244-T1                                   2.0180081 1.7725682 1.8791089 1.9207616 1.0425273 0.9505445 0.9671618 1.1033745 0.9465527 1.0922841 1.0839287 1.1288877 1.3338324 0.9557271 1.2137109 0.2186876 0.0000000 0.5280184 1.3050784 2.0942858 1.6413868 2.4385901 2.2526380 2.2094280 1.8236498 2.4190723 2.4547598 2.2407061 2.5586986 4.7039441 2.9999101 
Sanmal_Sma_001552-T1                                   1.7415247 1.7427205 2.0845359 2.0219707 1.1569266 1.1619869 0.9303786 1.1630111 0.8391153 0.9320804 0.9796988 1.0501350 1.1772040 0.9390482 1.1465064 0.6322491 0.5280184 0.0000000 1.3924252 2.4620038 1.8773745 2.4286937 2.2489788 2.2375566 1.9936959 2.4713528 2.3603300 2.2547836 2.4868576 4.7680422 3.0654761 
Tetwil_g25444.t1                                       1.7003429 1.4420250 1.5211749 1.6969242 1.3838136 1.0897789 1.5309869 1.7107926 1.5297344 1.7761125 1.7701902 1.7656030 1.8746634 1.1977722 1.1110182 1.2180117 1.3050784 1.3924252 0.0000000 1.2206804 1.1065513 1.9280702 1.6497703 1.8473178 1.8500876 1.1335674 1.8666732 2.3414049 2.5537620 3.8788935 2.3892215 
Aque_Aqu2.1.21183_001                                  1.9329124 1.7612172 1.9583413 1.8215184 2.0177256 1.8780447 2.1410511 2.3837153 2.2785223 2.4755338 2.1971456 2.1450994 2.7078469 1.8084519 1.9281375 2.0693947 2.0942858 2.4620038 1.2206804 0.0000000 0.6497236 2.3832226 2.0145119 1.8291094 1.7975096 1.8859604 2.0779406 3.1393234 3.6012284 3.7039426 2.6041213 
Xestes_maker-XT_scaffold5203-augustus-gene-0.31-mRNA-1 1.6996495 1.5421184 1.6646889 1.7276846 1.5824773 1.4224869 1.5748684 1.8378998 1.7202672 1.6472626 1.6654955 1.5442329 1.9424018 1.2291946 1.4026061 1.6074479 1.6413868 1.8773745 1.1065513 0.6497236 0.0000000 2.2843954 1.8793671 1.8631053 1.6763425 1.4077340 2.0643250 3.3837899 3.5307524 4.9920663 2.9407381 
Tcas_TC002281_001                                      1.6541314 2.3976135 2.1618028 2.1615592 2.4065348 2.2055753 1.8565053 2.3392435 2.1278412 2.2230875 2.2920730 2.4408676 2.3970194 2.0129879 2.2363520 2.3994957 2.4385901 2.4286937 1.9280702 2.3832226 2.2843954 0.0000000 1.1777627 1.3062617 1.8021007 2.7591140 2.3313662 3.5430946 2.9639570 3.1728507 2.8654926 
Dpul_mRNA78                                            1.5722429 2.0393088 2.0731429 1.8394742 2.3383960 1.7035937 1.5411731 1.9407619 1.6494462 2.0054621 1.9836983 1.9750122 2.2842944 1.7290600 2.0741989 2.3060630 2.2526380 2.2489788 1.6497703 2.0145119 1.8793671 1.1777627 0.0000000 1.3088083 1.5385906 2.6702689 1.9644783 3.1765235 3.1837702 2.9278364 2.8902122 
Cscu_XM_023365624.1                                    1.7221227 2.2940759 1.7800607 1.9813669 2.7894989 1.8916061 2.0228557 2.3798600 1.9357465 2.1369722 2.1666916 2.2407421 2.7705859 1.8586017 2.0672222 2.1743014 2.2094280 2.2375566 1.8473178 1.8291094 1.8631053 1.3062617 1.3088083 0.0000000 1.4276696 2.2310095 2.2523782 3.6432159 3.4291727 3.4281945 3.0882050 
HoiH11_mRNA3420                                        1.5392316 1.9118203 1.6985288 1.9500066 1.8878741 1.8467645 1.8220911 2.0742463 1.8517731 2.2636943 2.1245957 2.1072118 2.4078401 1.7205527 1.9110633 1.7768089 1.8236498 1.9936959 1.8500876 1.7975096 1.6763425 1.8021007 1.5385906 1.4276696 0.0000000 2.8470688 2.4200016 2.6425338 2.8209486 3.8422076 2.9256223 
Stycar_maker-SC_scaffold7072-snap-gene-0.11-mRNA-1     2.0988615 2.3681123 2.5256496 2.4023366 2.7745660 2.2906596 2.5623808 3.1731682 2.5375695 2.5235994 2.6126766 2.5337689 2.9660812 2.1785884 2.3917586 2.4905889 2.4190723 2.4713528 1.1335674 1.8859604 1.4077340 2.7591140 2.6702689 2.2310095 2.8470688 0.0000000 2.3915929 3.5649465 3.4613293 6.5952351 3.0585099 
Cgig_XM_011422916.3                                    2.0548089 2.0664643 2.7784647 2.0531694 2.8116817 1.9562211 2.4124145 3.0463746 2.4848605 2.4837295 2.4784197 2.4698515 3.1672222 2.2244760 2.6918264 2.3810122 2.4547598 2.3603300 1.8666732 2.0779406 2.0643250 2.3313662 1.9644783 2.2523782 2.4200016 2.3915929 0.0000000 3.3155862 3.1413538 3.1789007 2.5386736 
Mlei_ML0420.g2.i1                                      2.9652043 2.9325353 3.5657858 3.1490406 2.7498758 2.2051270 2.7988830 3.3815423 2.7371362 2.6597785 2.4697971 2.4781629 3.5592605 2.6947944 2.6175423 2.2574609 2.2407061 2.2547836 2.3414049 3.1393234 3.3837899 3.5430946 3.1765235 3.6432159 2.6425338 3.5649465 3.3155862 0.0000000 0.9019697 5.0478900 3.8454047 
Horcal_Hcv1.av93.c3.g855.i1                            2.9621492 3.3836574 3.7761636 3.4555305 3.2731447 2.6004734 2.7896137 3.8658218 2.7847024 2.7365535 2.8138304 2.8093193 3.7632414 2.7731109 2.9037267 2.5204294 2.5586986 2.4868576 2.5537620 3.6012284 3.5307524 2.9639570 3.1837702 3.4291727 2.8209486 3.4613293 3.1413538 0.9019697 0.0000000 4.4651794 3.9745420 
Ctel_gnl_WGS_AMQN_CAPTEDRAFT_mRNA208671                3.5412505 2.9426937 3.0023938 3.7152989 5.3222327 4.9776199 3.9834206 3.8285613 4.3639254 4.7811784 4.8342525 4.5973774 5.2282718 5.7303215 5.0664321 4.4700835 4.7039441 4.7680422 3.8788935 3.7039426 4.9920663 3.1728507 2.9278364 3.4281945 3.8422076 6.5952351 3.1789007 5.0478900 4.4651794 0.0000000 2.3600467 
Acagra_model.g6493.t1                                  2.8723937 2.3143243 2.4305583 3.1309672 4.7693151 3.7516893 3.2521897 3.3464414 3.3668002 3.4096962 3.6309739 3.6946315 3.5874126 3.9579666 4.2416521 3.0975915 2.9999101 3.0654761 2.3892215 2.6041213 2.9407381 2.8654926 2.8902122 3.0882050 2.9256223 3.0585099 2.5386736 3.8454047 3.9745420 2.3600467 0.0000000 
