56
Hsap_ENST00000649983                                 0.0000000 1.3802138 1.3795181 1.6430437 1.6728649 1.9333456 1.7757425 1.9928442 1.9092519 1.8465438 1.8518713 1.8487210 1.8447766 2.2854390 2.4063606 1.9350701 2.8156530 2.4480807 2.3142273 2.3743162 2.4213566 2.3184238 2.6155887 2.4292458 2.8206014 2.5688490 2.0793068 3.1404157 3.6990578 2.6932948 1.9538255 2.3574594 2.2398970 2.8383548 2.1512729 3.6052482 2.3267607 2.3221154 2.1960184 1.9700207 1.8301899 3.5547715 2.7121694 2.5913738 2.5794521 2.5971724 2.6103755 3.6196938 1.6363821 2.5859005 2.4444389 2.1303289 3.4446484 2.5855310 1.7716928 2.7177260 
Bralan_BLAG06000872_1                                1.3802138 0.0000000 1.2798719 1.5462182 1.3699203 1.8123056 1.6489632 1.7527153 1.6864714 1.6310219 1.6724684 1.6905402 1.7828039 2.0527004 2.0743595 1.7641688 2.4856159 2.3469051 2.1179453 2.1996213 2.1555914 2.0071734 2.3837544 2.2802531 2.8460215 2.3919823 1.5350421 2.9827130 3.4946164 2.3647278 1.7085424 2.0662674 2.1466430 2.7082552 2.1495810 4.3490829 2.2152315 2.2261039 2.0823339 1.8112818 1.5916192 3.3965474 2.5165511 2.4300485 2.3798514 2.3671938 2.3900228 3.7538473 1.7861283 2.5019747 2.1597014 1.9963864 3.4940061 2.6390510 2.0319944 2.8644074 
Spur_XM_030980426.1                                  1.3795181 1.2798719 0.0000000 1.4892329 1.4492675 1.9482037 1.6432597 1.7875203 1.7129039 1.6793906 1.7154499 1.7760208 2.1571737 2.0465561 2.0693649 1.7620540 2.3273736 2.1215446 2.0065565 2.0380478 2.0734879 1.8936136 2.1717527 2.2958543 2.5722617 2.1963628 2.3054956 2.6893570 3.0551376 2.2126745 1.9586143 2.0263235 2.0627039 2.4607140 2.1643689 4.2020474 2.2005429 2.0827600 1.8703850 1.8898144 1.5681494 2.8998243 2.1994174 2.0710493 2.0638495 2.0458616 2.0458616 2.9513014 1.6217272 2.2280317 1.9610086 1.9438332 2.8893400 2.5376427 1.6967925 2.2344171 
Cgig_XM_011433458.3                                  1.6430437 1.5462182 1.4892329 0.0000000 0.9546231 1.9311380 1.7616824 1.9832945 1.8311778 1.8739967 1.8701615 1.9091829 1.6921242 2.1509903 2.1600798 1.8159067 2.4397645 1.8896698 2.1465634 2.2071950 2.1875513 1.9846406 2.2272152 2.1131470 2.8092083 2.2275424 2.2372649 2.7932888 3.2497255 2.3651318 1.9591191 2.2140189 2.0662970 2.5137420 2.0930674 4.4113795 2.4645593 2.4718707 2.1548145 1.9076873 1.5727722 3.1445449 2.5177730 2.4356389 2.4679898 2.3898293 2.3861825 3.4407778 1.7751675 2.7743217 2.5539693 2.2813435 4.2469692 2.5018600 1.3615442 2.5857594 
Acagra_model.g10257.t1                               1.6728649 1.3699203 1.4492675 0.9546231 0.0000000 1.8174790 1.7503781 1.9401473 1.7678803 1.8389922 1.8082352 1.8046837 1.9357399 2.1529027 2.0874780 1.6958688 2.3323734 1.8765929 2.2533290 2.2049497 2.1303684 2.0291514 2.3852566 2.3156501 2.8191469 2.4982367 2.2836841 2.9376883 3.2470486 2.3010797 1.8457944 2.1509658 2.1273505 2.4712717 2.2076613 4.1207945 2.2414040 2.2236155 2.0508101 1.7232161 1.6039602 3.2723991 2.5461641 2.4175962 2.3965260 2.3534161 2.3499276 3.3489284 1.7566383 2.9495888 2.5042718 2.2854766 4.1018891 2.6646870 1.4301588 2.7687472 
Exapal_XM_021054576.2                                1.9333456 1.8123056 1.9482037 1.9311380 1.8174790 0.0000000 1.0816156 0.9987542 0.9693042 0.8885066 0.8785902 0.9189521 1.0774121 1.5589686 1.5685317 2.0581454 2.2851438 2.1149081 1.7245169 1.8188302 1.7112290 1.5183973 2.3469908 2.2764874 2.6863257 2.3425325 2.4151950 2.7975946 3.5277227 2.3535024 1.7910973 2.0562024 2.1087932 2.5235065 2.0551849 4.0268468 2.2375645 2.2117462 2.0799112 2.0439155 1.9334693 2.9957554 2.3069711 2.3557199 2.3669619 2.2019155 2.2102847 3.5455528 2.1614088 2.6187376 2.2668736 2.0832641 3.2786027 2.5576417 2.5021754 2.5954964 
Adig_XM_015919264.1                                  1.7757425 1.6489632 1.6432597 1.7616824 1.7503781 1.0816156 0.0000000 0.0384934 0.3330814 0.3795105 0.4773522 0.4881347 1.3465383 1.6214734 1.7234867 2.0997400 2.0471258 2.4554543 1.7149649 1.7583873 1.7770293 1.6916318 2.3126224 2.1885961 2.5389099 2.3269944 2.5225415 3.0457385 3.3829390 2.3544169 1.5581059 1.9823713 1.9990728 2.1362613 1.6911771 3.0541634 2.0567242 2.0246218 1.9886654 2.0848771 1.7919542 2.8611714 2.1513266 2.0338954 2.0186373 1.9707691 1.9754047 3.0556863 2.0271793 2.5098210 2.1220673 1.9330231 3.2429780 2.4614474 2.4132579 2.6772344 
Amil_Amillepora08057-RA                              1.9928442 1.7527153 1.7875203 1.9832945 1.9401473 0.9987542 0.0384934 0.0000000 0.3193733 0.3770062 0.4508757 0.4631588 1.3504355 1.6174195 1.6736816 2.2151680 2.2853226 2.4781374 1.8811132 1.9169933 1.9539249 1.7770705 2.4380849 2.2745024 2.6676354 2.4497962 2.5185715 2.9214988 3.5371715 2.4401044 1.9094706 2.2242514 2.2623170 2.3233291 2.0310364 3.7411240 2.2704932 2.2396253 2.2046791 2.3017359 1.9724562 3.2347701 2.5171719 2.4105146 2.3930553 2.2536227 2.2585932 3.0996975 2.2112429 2.7024738 2.3366360 2.1803872 3.2509096 2.6547338 2.7005776 2.8712130 
Gfas_gfas1.m1.1671.m1                                1.9092519 1.6864714 1.7129039 1.8311778 1.7678803 0.9693042 0.3330814 0.3193733 0.0000000 0.2934583 0.3384480 0.3502243 1.3962319 1.4680127 1.5103505 2.0500484 2.0622781 2.3421731 1.6994708 1.7520258 1.7190783 1.5828459 2.2853172 2.1291794 2.5681514 2.3082090 2.3909622 2.6975965 3.3698436 2.2926413 1.8499110 2.1015428 2.1141837 2.2581845 2.0676645 3.7067825 2.0756636 2.0880068 1.9995509 2.0493054 1.7794355 3.0218141 2.3079531 2.2787016 2.2510683 2.1445205 2.1489953 3.2133485 2.1862197 2.4959098 2.1897820 2.0247088 3.3115859 2.6047407 2.3981322 2.6845272 
Gasp_gasp1.m3.13147.m1                               1.8465438 1.6310219 1.6793906 1.8739967 1.8389922 0.8885066 0.3795105 0.3770062 0.2934583 0.0000000 0.2324923 0.2495775 1.3217189 1.4792438 1.5505390 2.0152793 2.0789913 2.2146689 1.7189769 1.7440362 1.8443558 1.6098000 2.1784201 2.0377128 2.5689032 2.2141403 2.2093758 2.5997776 3.2465430 2.2161396 1.8881836 2.0702867 2.0301210 2.2612793 2.0644130 3.6254342 2.0865875 2.0650507 2.0355496 2.0177756 1.7295402 2.8776232 2.2553260 2.2254881 2.2023755 2.0968982 2.1034277 3.0562325 2.1043097 2.3669908 2.1308980 1.9938350 3.0604623 2.4369616 2.4082424 2.5918341 
Spis_XP_022795402_1                                  1.8518713 1.6724684 1.7154499 1.8701615 1.8082352 0.8785902 0.4773522 0.4508757 0.3384480 0.2324923 0.0000000 0.0840809 1.1956624 1.5416525 1.5931624 1.9637732 2.0461846 2.3928976 1.6845291 1.7435333 1.8177696 1.6189417 2.3464951 2.2068148 2.7164540 2.3785403 2.4598172 2.7029440 3.4286819 2.3406096 1.8473215 2.0576055 2.0009449 2.4173155 2.0051144 3.4587269 1.9880224 2.0292958 2.0557284 2.0236325 1.6943870 2.9514591 2.2684150 2.1654209 2.1694612 2.0751964 2.0840578 3.0557847 2.1476950 2.4382512 2.1292096 1.9680305 3.1476937 2.3179155 2.2616259 2.6026898 
Pocdam_XM_027189531.1                                1.8487210 1.6905402 1.7760208 1.9091829 1.8046837 0.9189521 0.4881347 0.4631588 0.3502243 0.2495775 0.0840809 0.0000000 1.3976595 1.5800101 1.6129478 2.0482866 2.0684658 2.3121589 1.7561428 1.8065412 1.8919922 1.7100808 2.3537307 2.1457145 2.7191304 2.3626928 2.5968260 2.7001857 3.5433755 2.3426991 1.8835130 2.0489818 1.9769045 2.4754541 1.9777642 3.4840945 2.0202618 2.0274280 2.0856607 2.1187246 1.7929439 2.9541860 2.2799020 2.1865743 2.1953726 2.1008730 2.1097108 3.0785029 2.1651688 2.4386536 2.1290726 1.9457530 3.3068822 2.4656329 2.3095780 2.8676432 
Nvec_v1g175092                                       1.8447766 1.7828039 2.1571737 1.6921242 1.9357399 1.0774121 1.3465383 1.3504355 1.3962319 1.3217189 1.1956624 1.3976595 0.0000000 1.7038758 1.8760036 1.8767065 2.3100041 1.8782153 1.9961946 1.9603688 1.7803761 1.8255115 2.4567753 2.5791023 2.5320329 2.5734127 2.3153950 2.3914352 2.8311006 2.7041375 2.1941585 1.9978197 2.1514178 2.3754858 2.0987652 3.2094990 2.4539199 2.4427556 1.8557098 2.1025368 1.8421695 2.4310669 2.3769330 2.2975853 2.2920469 2.2848606 2.2848606 2.1689403 2.2193633 2.0341721 2.0870564 2.2997546 1.7998368 2.2102113 2.0701986 1.8085657 
Dgig_XM_028544468.1                                  2.2854390 2.0527004 2.0465561 2.1509903 2.1529027 1.5589686 1.6214734 1.6174195 1.4680127 1.4792438 1.5416525 1.5800101 1.7038758 0.0000000 0.5899724 2.3397212 2.0836664 2.5045593 1.7970065 1.9820771 2.1206059 1.9539197 2.3752409 2.4107799 3.0110298 2.5722025 2.5688726 2.8017648 3.7561993 2.4910258 1.9637832 2.2419946 2.3170721 2.7162719 2.2615946 4.3622330 2.6887153 2.6213360 2.2869120 2.4798532 2.2267932 3.1531714 2.5066803 2.4322853 2.4266786 2.3611653 2.3725099 3.7230184 2.3158135 2.8553122 2.7420994 2.4062054 3.7308618 3.0635775 2.4860706 3.3265947 
Xesp_014850-T1                                       2.4063606 2.0743595 2.0693649 2.1600798 2.0874780 1.5685317 1.7234867 1.6736816 1.5103505 1.5505390 1.5931624 1.6129478 1.8760036 0.5899724 0.0000000 2.2507240 1.9757975 2.6553371 1.7645933 1.9230011 1.9473490 1.9440650 2.3321006 2.2970847 2.6315798 2.3507514 2.4268991 2.6744838 3.3989640 2.2881906 1.9487564 2.0675931 2.2455373 2.7070419 2.4140835 4.1573241 2.4676626 2.4811045 2.2167710 2.5011515 2.1324453 2.8939461 2.3279880 2.2719519 2.2653267 2.1478254 2.1680510 3.3012749 2.1786461 3.0917855 2.7577174 2.4211650 3.6955455 3.1878906 2.4781985 3.0116314 
Tcas_TC013624_001                                    1.9350701 1.7641688 1.7620540 1.8159067 1.6958688 2.0581454 2.0997400 2.2151680 2.0500484 2.0152793 1.9637732 2.0482866 1.8767065 2.3397212 2.2507240 0.0000000 2.3148110 3.0859167 2.1309768 2.2006159 2.2365554 2.2706356 2.5326948 2.5736499 3.1910742 2.5965311 2.4060759 3.0821147 3.4813866 2.5291185 2.1805907 2.3369979 2.3098575 2.4440860 2.1032882 3.7927937 2.4313872 2.5000801 2.3487552 1.4720201 1.4099586 3.1838377 2.5345487 2.5502990 2.5179426 2.4760682 2.4865721 3.7676750 2.3257876 2.5759904 2.4595515 2.2709179 3.8342499 2.9757029 2.0055820 3.1871294 
Hvul_g6399_1                                         2.8156530 2.4856159 2.3273736 2.4397645 2.3323734 2.2851438 2.0471258 2.2853226 2.0622781 2.0789913 2.0461846 2.0684658 2.3100041 2.0836664 1.9757975 2.3148110 0.0000000 1.8268000 1.7108205 1.7941577 1.7872774 1.7065896 2.6116280 2.5375499 2.5598249 2.4690231 1.9102762 3.3025011 3.5536354 2.6757399 2.4795698 2.6928146 2.8352689 3.1051331 2.5478138 4.6976954 2.4912979 2.5226715 2.6518717 2.2122044 2.1305443 3.3609554 2.5874720 2.5079763 2.3980158 2.4709311 2.4916921 3.2111257 2.2817468 2.7874559 2.9625243 2.7893626 3.8974554 3.1942143 2.5954461 3.1705324 
Aaur_scaffold2287.g2.t1                              2.4480807 2.3469051 2.1215446 1.8896698 1.8765929 2.1149081 2.4554543 2.4781374 2.3421731 2.2146689 2.3928976 2.3121589 1.8782153 2.5045593 2.6553371 3.0859167 1.8268000 0.0000000 0.6818164 0.5970005 0.8665804 1.4028255 2.8592247 3.0194284 3.4528758 3.0117961 1.7004880 3.1210946 3.0524802 2.8751715 3.0168995 2.9249774 2.2912837 2.9369792 2.4266289 5.5076064 3.0618635 2.9801615 2.6630594 3.0398250 2.5366245 2.8340319 2.7250507 2.7587120 2.6491078 2.7476556 2.7486776 2.3442671 2.6808071 2.8464949 2.6486255 2.9208538 2.8865918 2.7056167 2.6346956 3.0367510 
Nemnom_g15379.t1                                     2.3142273 2.1179453 2.0065565 2.1465634 2.2533290 1.7245169 1.7149649 1.8811132 1.6994708 1.7189769 1.6845291 1.7561428 1.9961946 1.7970065 1.7645933 2.1309768 1.7108205 0.6818164 0.0000000 0.1867689 0.8444087 1.3027558 2.2314984 2.2361485 2.7542940 2.2975340 2.9330818 2.7313630 3.3421145 2.4123874 1.8699575 2.1937554 2.3155706 2.6148871 2.3516521 4.5260358 2.3269308 2.3466977 2.2858004 2.0678527 2.1223104 2.8907207 2.3040263 2.2350249 2.1768935 2.1366222 2.1405901 2.9502071 2.4531492 2.6771776 2.5713743 2.1850217 3.4431431 2.8306182 2.4463666 2.9486728 
Rhoesc_Res_000429-T1                                 2.3743162 2.1996213 2.0380478 2.2071950 2.2049497 1.8188302 1.7583873 1.9169933 1.7520258 1.7440362 1.7435333 1.8065412 1.9603688 1.9820771 1.9230011 2.2006159 1.7941577 0.5970005 0.1867689 0.0000000 0.8428254 1.2791352 2.2718024 2.3689596 2.7818526 2.3858276 3.0278595 2.7250003 3.3001969 2.5207070 2.1562269 2.2045857 2.3333828 2.5232123 2.1637937 4.1576694 2.4107968 2.4857361 2.3622112 2.1989427 2.1061287 2.8532337 2.2425022 2.1962975 2.1151843 2.0966507 2.1002123 2.9611437 2.3145800 2.6573318 2.4493175 2.2162164 3.2474736 2.5994113 2.3519204 2.9510160 
Sanmal_Sma_010692-T1                                 2.4213566 2.1555914 2.0734879 2.1875513 2.1303684 1.7112290 1.7770293 1.9539249 1.7190783 1.8443558 1.8177696 1.8919922 1.7803761 2.1206059 1.9473490 2.2365554 1.7872774 0.8665804 0.8444087 0.8428254 0.0000000 1.1335306 2.2838442 2.2245554 2.5978232 2.3178926 2.4518966 2.7480179 3.1989424 2.3862988 2.1492548 2.2063482 2.2664742 2.4694614 2.1722099 3.9173773 2.4915922 2.4553323 2.3708951 2.3212999 2.2700348 3.1145128 2.3897054 2.3321413 2.3052633 2.2687498 2.2728653 3.1723248 2.4183691 2.5620951 2.4649189 2.2341665 3.3807662 2.9067272 2.5035764 3.0504408 
Morvir_scaffold147.g42.t1                            2.3184238 2.0071734 1.8936136 1.9846406 2.0291514 1.5183973 1.6916318 1.7770705 1.5828459 1.6098000 1.6189417 1.7100808 1.8255115 1.9539197 1.9440650 2.2706356 1.7065896 1.4028255 1.3027558 1.2791352 1.1335306 0.0000000 2.3249582 2.3448342 2.8872359 2.4328747 2.9499232 2.8444412 3.3814360 2.4248171 1.9252460 2.0078820 2.2388867 2.5344378 2.1994909 3.5827180 2.2250079 2.2114745 2.2957030 2.0392897 2.0440539 2.8289240 2.2665398 2.2579492 2.2330738 2.1702305 2.1735532 3.0077034 2.5336154 2.4159670 2.2440685 2.1116196 3.3143867 2.4066886 2.4400165 2.7859210 
Mlei_ML1207.g57.i1                                   2.6155887 2.3837544 2.1717527 2.2272152 2.3852566 2.3469908 2.3126224 2.4380849 2.2853172 2.1784201 2.3464951 2.3537307 2.4567753 2.3752409 2.3321006 2.5326948 2.6116280 2.8592247 2.2314984 2.2718024 2.2838442 2.3249582 0.0000000 0.4234707 0.3697808 0.4068073 0.4825051 0.4357434 0.5227365 0.4329690 2.1235685 2.3196081 2.5832058 2.8967828 2.5465270 4.4405677 2.7046858 2.7061334 2.4365560 2.4550683 2.5291122 3.3904428 2.6633781 2.6158000 2.5912912 2.5312681 2.5458700 4.2856602 3.1274451 3.0398848 2.5021284 2.3260047 3.5729789 2.9559255 2.7195325 3.0422180 
Vmul_Simscaffold16661_01                             2.4292458 2.2802531 2.2958543 2.1131470 2.3156501 2.2764874 2.1885961 2.2745024 2.1291794 2.0377128 2.2068148 2.1457145 2.5791023 2.4107799 2.2970847 2.5736499 2.5375499 3.0194284 2.2361485 2.3689596 2.2245554 2.3448342 0.4234707 0.0000000 0.1998787 0.2248511 0.4418855 0.5485978 0.6895406 0.5107041 2.0773513 2.1827352 2.5293497 2.7926711 2.6351932 4.5402467 2.6134404 2.6661216 2.4166372 2.4619802 2.5012070 3.6384924 2.7352669 2.6522529 2.6028103 2.6201708 2.6280221 4.4408506 3.0842294 2.8676814 2.4656315 2.2420196 3.6648181 3.0312686 2.8937615 3.2429695 
Coeast_Cast_sb772446                                 2.8206014 2.8460215 2.5722617 2.8092083 2.8191469 2.6863257 2.5389099 2.6676354 2.5681514 2.5689032 2.7164540 2.7191304 2.5320329 3.0110298 2.6315798 3.1910742 2.5598249 3.4528758 2.7542940 2.7818526 2.5978232 2.8872359 0.3697808 0.1998787 0.0000000 0.0220696 0.3488893 0.3811832 0.5166935 0.5165772 2.4247099 2.3734226 3.3428596 3.5791842 3.3053980 4.1240938 3.1272321 3.0766580 2.7023508 3.1081109 3.2837806 3.3930133 3.3968115 3.1566807 3.2122822 3.2547668 3.2648372 4.4998793 3.0835724 2.6137330 2.9256609 2.5302809 3.4434259 2.6692135 2.9275997 3.0126323 
Coemet_Cmet_scaffold19868_01                         2.5688490 2.3919823 2.1963628 2.2275424 2.4982367 2.3425325 2.3269944 2.4497962 2.3082090 2.2141403 2.3785403 2.3626928 2.5734127 2.5722025 2.3507514 2.5965311 2.4690231 3.0117961 2.2975340 2.3858276 2.3178926 2.4328747 0.4068073 0.2248511 0.0220696 0.0000000 0.4699714 0.5096839 0.6977220 0.5157760 2.1296946 2.2463317 2.5920195 2.8773236 2.6621743 4.7524806 2.6257736 2.6073460 2.4419396 2.4133182 2.5185137 3.5780112 2.7586521 2.6748877 2.6552835 2.6268249 2.6399084 4.5818532 3.2485316 3.0217806 2.5272805 2.3252415 3.7177483 2.9820484 3.0426967 3.1350590 
Lampan_Lpan_4970_01                                  2.0793068 1.5350421 2.3054956 2.2372649 2.2836841 2.4151950 2.5225415 2.5185715 2.3909622 2.2093758 2.4598172 2.5968260 2.3153950 2.5688726 2.4268991 2.4060759 1.9102762 1.7004880 2.9330818 3.0278595 2.4518966 2.9499232 0.4825051 0.4418855 0.3488893 0.4699714 0.0000000 0.3061566 0.5447715 0.5526380 2.5798560 2.1066045 3.0943594 2.5423453 2.5405372 4.2344352 2.6042013 2.6063895 2.2850230 2.2471073 2.5803388 3.2796781 3.0133505 3.0150669 3.1713270 3.1294468 3.1294468 3.1494834 3.1427177 2.0172660 1.8916478 2.1501706 2.1048289 2.2798553 2.4340464 2.2138801 
Beraby_Baby_sb348713                                 3.1404157 2.9827130 2.6893570 2.7932888 2.9376883 2.7975946 3.0457385 2.9214988 2.6975965 2.5997776 2.7029440 2.7001857 2.3914352 2.8017648 2.6744838 3.0821147 3.3025011 3.1210946 2.7313630 2.7250003 2.7480179 2.8444412 0.4357434 0.5485978 0.3811832 0.5096839 0.3061566 0.0000000 0.5872509 0.5711894 2.5046737 2.8460384 3.1585273 3.0594560 3.0887920 4.2217836 3.2209139 3.1453820 2.7486228 3.2064384 3.1643119 3.3823862 3.3991787 3.4482045 3.3876979 3.3162022 3.3497128 4.1792490 3.0656849 2.9395061 2.9558466 2.7362139 3.8765588 3.0866902 2.7631572 2.9625817 
Pbac_sb2655599                                       3.6990578 3.4946164 3.0551376 3.2497255 3.2470486 3.5277227 3.3829390 3.5371715 3.3698436 3.2465430 3.4286819 3.5433755 2.8311006 3.7561993 3.3989640 3.4813866 3.5536354 3.0524802 3.3421145 3.3001969 3.1989424 3.3814360 0.5227365 0.6895406 0.5166935 0.6977220 0.5447715 0.5872509 0.0000000 0.0512924 2.9249074 2.9533936 3.6780970 3.9688064 3.6138333 4.3057200 4.2993777 4.3521918 3.3921384 3.6975166 3.6834424 3.6301364 3.6711700 3.7484737 3.6568756 3.6922313 3.7428071 4.0671161 3.1310557 3.1705578 3.3362472 3.2446777 4.0095287 3.2215713 3.0898611 3.7853602 
Horcal_Hcv1.av93.c7.g125.i1                          2.6932948 2.3647278 2.2126745 2.3651318 2.3010797 2.3535024 2.3544169 2.4401044 2.2926413 2.2161396 2.3406096 2.3426991 2.7041375 2.4910258 2.2881906 2.5291185 2.6757399 2.8751715 2.4123874 2.5207070 2.3862988 2.4248171 0.4329690 0.5107041 0.5165772 0.5157760 0.5526380 0.5711894 0.0512924 0.0000000 1.9022924 2.1199386 2.4684474 2.8196418 2.6091601 4.8293208 2.8303178 2.8886498 2.5214696 2.5824119 2.5731739 3.2208336 2.5493652 2.5280139 2.4768128 2.4796161 2.4982054 4.0456136 3.0596607 2.9850796 2.4641030 2.3107546 3.8034386 3.1259327 2.8520026 3.5148763 
Ocar_g5491                                           1.9538255 1.7085424 1.9586143 1.9591191 1.8457944 1.7910973 1.5581059 1.9094706 1.8499110 1.8881836 1.8473215 1.8835130 2.1941585 1.9637832 1.9487564 2.1805907 2.4795698 3.0168995 1.8699575 2.1562269 2.1492548 1.9252460 2.1235685 2.0773513 2.4247099 2.1296946 2.5798560 2.5046737 2.9249074 1.9022924 0.0000000 0.0195760 1.4518028 2.4089772 2.2218297 4.1546132 1.8840599 1.8663185 1.5450403 1.9894874 1.7468331 2.6233096 1.9417676 1.9867797 1.9782077 1.9311377 1.9311377 3.4810839 2.5968053 1.8384635 1.8544933 1.7023042 2.5405893 2.4255717 1.9668345 1.9889835 
Opea_EP00118_Oscarella_pearsei_P025487               2.3574594 2.0662674 2.0263235 2.2140189 2.1509658 2.0562024 1.9823713 2.2242514 2.1015428 2.0702867 2.0576055 2.0489818 1.9978197 2.2419946 2.0675931 2.3369979 2.6928146 2.9249774 2.1937554 2.2045857 2.2063482 2.0078820 2.3196081 2.1827352 2.3734226 2.2463317 2.1066045 2.8460384 2.9533936 2.1199386 0.0195760 0.0000000 1.4974534 2.9306357 2.2677893 4.0713410 2.1412449 2.1471530 1.8922425 2.3770872 2.2152478 3.2553883 2.5440818 2.5407781 2.4854700 2.4892571 2.5036983 3.9222603 2.9146017 2.6941587 2.3357756 2.0651579 3.2668356 2.8676385 2.5726316 3.0756501 
Plajan_Pjan_scaffold19575_01                         2.2398970 2.1466430 2.0627039 2.0662970 2.1273505 2.1087932 1.9990728 2.2623170 2.1141837 2.0301210 2.0009449 1.9769045 2.1514178 2.3170721 2.2455373 2.3098575 2.8352689 2.2912837 2.3155706 2.3333828 2.2664742 2.2388867 2.5832058 2.5293497 3.3428596 2.5920195 3.0943594 3.1585273 3.6780970 2.4684474 1.4518028 1.4974534 0.0000000 2.7335503 2.2722594 4.6069363 2.3289856 2.2695826 2.1356116 2.4760606 2.2660140 3.3557135 2.5692569 2.4699787 2.4288734 2.4475004 2.4529038 3.8892932 2.7837353 2.8582324 2.4194867 2.2637517 3.8535411 2.7854283 2.4006639 3.2476318 
Aque_Aqu2.1.22257_001                                2.8383548 2.7082552 2.4607140 2.5137420 2.4712717 2.5235065 2.1362613 2.3233291 2.2581845 2.2612793 2.4173155 2.4754541 2.3754858 2.7162719 2.7070419 2.4440860 3.1051331 2.9369792 2.6148871 2.5232123 2.4694614 2.5344378 2.8967828 2.7926711 3.5791842 2.8773236 2.5423453 3.0594560 3.9688064 2.8196418 2.4089772 2.9306357 2.7335503 0.0000000 0.5133594 1.2394615 2.1291359 2.1028857 1.7289999 2.4599485 2.5857403 3.4746999 2.8261280 2.6926683 2.7410035 2.6501280 2.6338436 3.5766209 3.2114365 3.3088868 2.6673659 2.6407797 3.6203537 3.3518873 2.9245965 2.5681614 
Halamb_c45498_g1_i1m.19072                           2.1512729 2.1495810 2.1643689 2.0930674 2.2076613 2.0551849 1.6911771 2.0310364 2.0676645 2.0644130 2.0051144 1.9777642 2.0987652 2.2615946 2.4140835 2.1032882 2.5478138 2.4266289 2.3516521 2.1637937 2.1722099 2.1994909 2.5465270 2.6351932 3.3053980 2.6621743 2.5405372 3.0887920 3.6138333 2.6091601 2.2218297 2.2677893 2.2722594 0.5133594 0.0000000 1.1834895 1.5118044 1.5014433 1.4444241 2.1352607 2.2700568 2.9210175 2.2667415 2.1415891 2.2019829 2.1787460 2.1787460 2.8396291 2.6093247 2.2378839 2.1024131 2.0135310 2.6019309 2.7681977 2.4994305 1.8816483 
Xestes_maker-XT_scaffold822-augustus-gene-0.3-mRNA-1 3.6052482 4.3490829 4.2020474 4.4113795 4.1207945 4.0268468 3.0541634 3.7411240 3.7067825 3.6254342 3.4587269 3.4840945 3.2094990 4.3622330 4.1573241 3.7927937 4.6976954 5.5076064 4.5260358 4.1576694 3.9173773 3.5827180 4.4405677 4.5402467 4.1240938 4.7524806 4.2344352 4.2217836 4.3057200 4.8293208 4.1546132 4.0713410 4.6069363 1.2394615 1.1834895 0.0000000 2.8229954 2.8436935 2.6329556 3.2070917 3.9006155 4.4138878 4.4069882 4.3920785 4.4878872 4.5742419 4.5742419 4.6390828 3.9997169 2.7393257 3.1702779 3.0851665 3.2707533 2.7283823 3.5616277 2.6515689 
Emue_Em0022g196a.t1                                  2.3267607 2.2152315 2.2005429 2.4645593 2.2414040 2.2375645 2.0567242 2.2704932 2.0756636 2.0865875 1.9880224 2.0202618 2.4539199 2.6887153 2.4676626 2.4313872 2.4912979 3.0618635 2.3269308 2.4107968 2.4915922 2.2250079 2.7046858 2.6134404 3.1272321 2.6257736 2.6042013 3.2209139 4.2993777 2.8303178 1.8840599 2.1412449 2.3289856 2.1291359 1.5118044 2.8229954 0.0000000 0.1993701 1.5835579 2.4662361 2.2325226 3.0502198 2.4018338 2.4457089 2.4009844 2.4127793 2.4110215 4.3098201 2.4553898 3.0905164 2.5386090 2.2681748 4.1186004 2.9119043 3.0282907 2.4253688 
Spolac_c104101_g2_i2_m.38168c104101-g2               2.3221154 2.2261039 2.0827600 2.4718707 2.2236155 2.2117462 2.0246218 2.2396253 2.0880068 2.0650507 2.0292958 2.0274280 2.4427556 2.6213360 2.4811045 2.5000801 2.5226715 2.9801615 2.3466977 2.4857361 2.4553323 2.2114745 2.7061334 2.6661216 3.0766580 2.6073460 2.6063895 3.1453820 4.3521918 2.8886498 1.8663185 2.1471530 2.2695826 2.1028857 1.5014433 2.8436935 0.1993701 0.0000000 1.5988151 2.5108928 2.3908282 3.2022037 2.5037419 2.4790467 2.4622921 2.4740843 2.4749536 4.3942950 2.5520769 3.0728997 2.5744902 2.3423950 3.9512112 3.0784077 2.9142129 2.2187714 
Tetwil_g12380.t1                                     2.1960184 2.0823339 1.8703850 2.1548145 2.0508101 2.0799112 1.9886654 2.2046791 1.9995509 2.0355496 2.0557284 2.0856607 1.8557098 2.2869120 2.2167710 2.3487552 2.6518717 2.6630594 2.2858004 2.3622112 2.3708951 2.2957030 2.4365560 2.4166372 2.7023508 2.4419396 2.2850230 2.7486228 3.3921384 2.5214696 1.5450403 1.8922425 2.1356116 1.7289999 1.4444241 2.6329556 1.5835579 1.5988151 0.0000000 2.2496104 2.2283899 3.1189064 2.4419093 2.3618722 2.3431217 2.2920807 2.3171378 3.8521018 2.3926548 2.6328831 2.4930185 2.1837138 3.0824458 2.8076756 2.6890277 2.1409810 
Dpul_mRNA14278                                       1.9700207 1.8112818 1.8898144 1.9076873 1.7232161 2.0439155 2.0848771 2.3017359 2.0493054 2.0177756 2.0236325 2.1187246 2.1025368 2.4798532 2.5011515 1.4720201 2.2122044 3.0398250 2.0678527 2.1989427 2.3212999 2.0392897 2.4550683 2.4619802 3.1081109 2.4133182 2.2471073 3.2064384 3.6975166 2.5824119 1.9894874 2.3770872 2.4760606 2.4599485 2.1352607 3.2070917 2.4662361 2.5108928 2.2496104 0.0000000 1.6249318 3.7397740 2.8144425 2.4659033 2.4827120 2.4297531 2.4423299 3.4752992 2.5591291 3.0049649 2.5581120 2.3375550 3.8406660 2.9720650 2.2588315 3.1065700 
Cscu_XM_023383080.1                                  1.8301899 1.5916192 1.5681494 1.5727722 1.6039602 1.9334693 1.7919542 1.9724562 1.7794355 1.7295402 1.6943870 1.7929439 1.8421695 2.2267932 2.1324453 1.4099586 2.1305443 2.5366245 2.1223104 2.1061287 2.2700348 2.0440539 2.5291122 2.5012070 3.2837806 2.5185137 2.5803388 3.1643119 3.6834424 2.5731739 1.7468331 2.2152478 2.2660140 2.5857403 2.2700568 3.9006155 2.2325226 2.3908282 2.2283899 1.6249318 0.0000000 3.6253705 2.7593336 2.5995361 2.5744987 2.5809444 2.5858235 4.1987173 1.9176626 3.0076588 2.5680685 2.3944140 4.3183487 2.9714636 2.0684510 2.6753318 
Tadh_TriadT56647                                     3.5547715 3.3965474 2.8998243 3.1445449 3.2723991 2.9957554 2.8611714 3.2347701 3.0218141 2.8776232 2.9514591 2.9541860 2.4310669 3.1531714 2.8939461 3.1838377 3.3609554 2.8340319 2.8907207 2.8532337 3.1145128 2.8289240 3.3904428 3.6384924 3.3930133 3.5780112 3.2796781 3.3823862 3.6301364 3.2208336 2.6233096 3.2553883 3.3557135 3.4746999 2.9210175 4.4138878 3.0502198 3.2022037 3.1189064 3.7397740 3.6253705 0.0000000 0.0069250 0.3411036 0.3434731 0.3433780 0.3463680 0.3171263 2.9096501 2.7773636 2.8573901 2.8156727 3.9240054 3.1343951 3.0427431 3.1232809 
TrH2_TrispH2_007972-RA                               2.7121694 2.5165511 2.1994174 2.5177730 2.5461641 2.3069711 2.1513266 2.5171719 2.3079531 2.2553260 2.2684150 2.2799020 2.3769330 2.5066803 2.3279880 2.5345487 2.5874720 2.7250507 2.3040263 2.2425022 2.3897054 2.2665398 2.6633781 2.7352669 3.3968115 2.7586521 3.0133505 3.3991787 3.6711700 2.5493652 1.9417676 2.5440818 2.5692569 2.8261280 2.2667415 4.4069882 2.4018338 2.5037419 2.4419093 2.8144425 2.7593336 0.0069250 0.0000000 0.3077886 0.3157778 0.3189564 0.3213239 0.3236307 2.8515264 2.7573596 2.4123864 2.1914014 3.8924829 3.0819663 3.0651549 3.0781740 
HoiH06_mRNA14532                                     2.5913738 2.4300485 2.0710493 2.4356389 2.4175962 2.3557199 2.0338954 2.4105146 2.2787016 2.2254881 2.1654209 2.1865743 2.2975853 2.4322853 2.2719519 2.5502990 2.5079763 2.7587120 2.2350249 2.1962975 2.3321413 2.2579492 2.6158000 2.6522529 3.1566807 2.6748877 3.0150669 3.4482045 3.7484737 2.5280139 1.9867797 2.5407781 2.4699787 2.6926683 2.1415891 4.3920785 2.4457089 2.4790467 2.3618722 2.4659033 2.5995361 0.3411036 0.3077886 0.0000000 0.0779364 0.1323608 0.1339963 0.2175394 2.8356729 2.7772417 2.4030277 2.1696583 3.7074065 3.4379611 2.8861576 3.0366154 
HoiH23_PlH23_005187-RA                               2.5794521 2.3798514 2.0638495 2.4679898 2.3965260 2.3669619 2.0186373 2.3930553 2.2510683 2.2023755 2.1694612 2.1953726 2.2920469 2.4266786 2.2653267 2.5179426 2.3980158 2.6491078 2.1768935 2.1151843 2.3052633 2.2330738 2.5912912 2.6028103 3.2122822 2.6552835 3.1713270 3.3876979 3.6568756 2.4768128 1.9782077 2.4854700 2.4288734 2.7410035 2.2019829 4.4878872 2.4009844 2.4622921 2.3431217 2.4827120 2.5744987 0.3434731 0.3157778 0.0779364 0.0000000 0.1328203 0.1344489 0.2038408 2.9260901 2.7682471 2.3465187 2.1733785 3.7639533 3.3393790 2.8846870 3.0583490 
Hhon_g05639.t1                                       2.5971724 2.3671938 2.0458616 2.3898293 2.3534161 2.2019155 1.9707691 2.2536227 2.1445205 2.0968982 2.0751964 2.1008730 2.2848606 2.3611653 2.1478254 2.4760682 2.4709311 2.7476556 2.1366222 2.0966507 2.2687498 2.1702305 2.5312681 2.6201708 3.2547668 2.6268249 3.1294468 3.3162022 3.6922313 2.4796161 1.9311377 2.4892571 2.4475004 2.6501280 2.1787460 4.5742419 2.4127793 2.4740843 2.2920807 2.4297531 2.5809444 0.3433780 0.3189564 0.1323608 0.1328203 0.0000000 0.0034864 0.2010126 2.8820222 2.6489980 2.3343284 2.1423888 3.9306501 3.3530628 2.7779490 2.9412951 
HoiH04_mRNA9670                                      2.6103755 2.3900228 2.0458616 2.3861825 2.3499276 2.2102847 1.9754047 2.2585932 2.1489953 2.1034277 2.0840578 2.1097108 2.2848606 2.3725099 2.1680510 2.4865721 2.4916921 2.7486776 2.1405901 2.1002123 2.2728653 2.1735532 2.5458700 2.6280221 3.2648372 2.6399084 3.1294468 3.3497128 3.7428071 2.4982054 1.9311377 2.5036983 2.4529038 2.6338436 2.1787460 4.5742419 2.4110215 2.4749536 2.3171378 2.4423299 2.5858235 0.3463680 0.3213239 0.1339963 0.1344489 0.0034864 0.0000000 0.2116951 2.8953984 2.6893354 2.3578418 2.1626972 3.9359921 3.3655719 2.7926997 2.9789058 
HoiH11_mRNA7658                                      3.6196938 3.7538473 2.9513014 3.4407778 3.3489284 3.5455528 3.0556863 3.0996975 3.2133485 3.0562325 3.0557847 3.0785029 2.1689403 3.7230184 3.3012749 3.7676750 3.2111257 2.3442671 2.9502071 2.9611437 3.1723248 3.0077034 4.2856602 4.4408506 4.4998793 4.5818532 3.1494834 4.1792490 4.0671161 4.0456136 3.4810839 3.9222603 3.8892932 3.5766209 2.8396291 4.6390828 4.3098201 4.3942950 3.8521018 3.4752992 4.1987173 0.3171263 0.3236307 0.2175394 0.2038408 0.2010126 0.2116951 0.0000000 3.1983042 3.1430563 3.2575029 3.4235062 3.6102063 3.2048449 3.3502058 3.5374975 
Skow_XM_006813882.1                                  1.6363821 1.7861283 1.6217272 1.7751675 1.7566383 2.1614088 2.0271793 2.2112429 2.1862197 2.1043097 2.1476950 2.1651688 2.2193633 2.3158135 2.1786461 2.3257876 2.2817468 2.6808071 2.4531492 2.3145800 2.4183691 2.5336154 3.1274451 3.0842294 3.0835724 3.2485316 3.1427177 3.0656849 3.1310557 3.0596607 2.5968053 2.9146017 2.7837353 3.2114365 2.6093247 3.9997169 2.4553898 2.5520769 2.3926548 2.5591291 1.9176626 2.9096501 2.8515264 2.8356729 2.9260901 2.8820222 2.8953984 3.1983042 0.0000000 2.7108110 2.9430968 2.8932812 3.4522857 2.4785964 1.7852332 2.7324297 
Scil_scict009220.2                                   2.5859005 2.5019747 2.2280317 2.7743217 2.9495888 2.6187376 2.5098210 2.7024738 2.4959098 2.3669908 2.4382512 2.4386536 2.0341721 2.8553122 3.0917855 2.5759904 2.7874559 2.8464949 2.6771776 2.6573318 2.5620951 2.4159670 3.0398848 2.8676814 2.6137330 3.0217806 2.0172660 2.9395061 3.1705578 2.9850796 1.8384635 2.6941587 2.8582324 3.3088868 2.2378839 2.7393257 3.0905164 3.0728997 2.6328831 3.0049649 3.0076588 2.7773636 2.7573596 2.7772417 2.7682471 2.6489980 2.6893354 3.1430563 2.7108110 0.0000000 0.9427149 0.7765216 0.9388840 2.0397774 2.5562434 2.6988917 
Lcom_lcpid23672                                      2.4444389 2.1597014 1.9610086 2.5539693 2.5042718 2.2668736 2.1220673 2.3366360 2.1897820 2.1308980 2.1292096 2.1290726 2.0870564 2.7420994 2.7577174 2.4595515 2.9625243 2.6486255 2.5713743 2.4493175 2.4649189 2.2440685 2.5021284 2.4656315 2.9256609 2.5272805 1.8916478 2.9558466 3.3362472 2.4641030 1.8544933 2.3357756 2.4194867 2.6673659 2.1024131 3.1702779 2.5386090 2.5744902 2.4930185 2.5581120 2.5680685 2.8573901 2.4123864 2.4030277 2.3465187 2.3343284 2.3578418 3.2575029 2.9430968 0.9427149 0.0000000 0.8138987 1.2082292 2.2144261 2.4785010 3.0795894 
Leuniv_Lniv_scaffold25557_01                         2.1303289 1.9963864 1.9438332 2.2813435 2.2854766 2.0832641 1.9330231 2.1803872 2.0247088 1.9938350 1.9680305 1.9457530 2.2997546 2.4062054 2.4211650 2.2709179 2.7893626 2.9208538 2.1850217 2.2162164 2.2341665 2.1116196 2.3260047 2.2420196 2.5302809 2.3252415 2.1501706 2.7362139 3.2446777 2.3107546 1.7023042 2.0651579 2.2637517 2.6407797 2.0135310 3.0851665 2.2681748 2.3423950 2.1837138 2.3375550 2.3944140 2.8156727 2.1914014 2.1696583 2.1733785 2.1423888 2.1626972 3.4235062 2.8932812 0.7765216 0.8138987 0.0000000 0.9973196 1.9149340 2.5769569 2.6427320 
Gracom_Gcom_scaffold17532_01                         3.4446484 3.4940061 2.8893400 4.2469692 4.1018891 3.2786027 3.2429780 3.2509096 3.3115859 3.0604623 3.1476937 3.3068822 1.7998368 3.7308618 3.6955455 3.8342499 3.8974554 2.8865918 3.4431431 3.2474736 3.3807662 3.3143867 3.5729789 3.6648181 3.4434259 3.7177483 2.1048289 3.8765588 4.0095287 3.8034386 2.5405893 3.2668356 3.8535411 3.6203537 2.6019309 3.2707533 4.1186004 3.9512112 3.0824458 3.8406660 4.3183487 3.9240054 3.8924829 3.7074065 3.7639533 3.9306501 3.9359921 3.6102063 3.4522857 0.9388840 1.2082292 0.9973196 0.0000000 2.3782868 3.6875315 4.0842808 
Clacor_Ccor_scaffold15481_01                         2.5855310 2.6390510 2.5376427 2.5018600 2.6646870 2.5576417 2.4614474 2.6547338 2.6047407 2.4369616 2.3179155 2.4656329 2.2102113 3.0635775 3.1878906 2.9757029 3.1942143 2.7056167 2.8306182 2.5994113 2.9067272 2.4066886 2.9559255 3.0312686 2.6692135 2.9820484 2.2798553 3.0866902 3.2215713 3.1259327 2.4255717 2.8676385 2.7854283 3.3518873 2.7681977 2.7283823 2.9119043 3.0784077 2.8076756 2.9720650 2.9714636 3.1343951 3.0819663 3.4379611 3.3393790 3.3530628 3.3655719 3.2048449 2.4785964 2.0397774 2.2144261 1.9149340 2.3782868 0.0000000 2.5551674 2.7948674 
Ctel_gnl_WGS_AMQN_CAPTEDRAFT_mRNA201110              1.7716928 2.0319944 1.6967925 1.3615442 1.4301588 2.5021754 2.4132579 2.7005776 2.3981322 2.4082424 2.2616259 2.3095780 2.0701986 2.4860706 2.4781985 2.0055820 2.5954461 2.6346956 2.4463666 2.3519204 2.5035764 2.4400165 2.7195325 2.8937615 2.9275997 3.0426967 2.4340464 2.7631572 3.0898611 2.8520026 1.9668345 2.5726316 2.4006639 2.9245965 2.4994305 3.5616277 3.0282907 2.9142129 2.6890277 2.2588315 2.0684510 3.0427431 3.0651549 2.8861576 2.8846870 2.7779490 2.7926997 3.3502058 1.7852332 2.5562434 2.4785010 2.5769569 3.6875315 2.5551674 0.0000000 2.8799296 
Plespi_Pspi_scaffold10097_01                         2.7177260 2.8644074 2.2344171 2.5857594 2.7687472 2.5954964 2.6772344 2.8712130 2.6845272 2.5918341 2.6026898 2.8676432 1.8085657 3.3265947 3.0116314 3.1871294 3.1705324 3.0367510 2.9486728 2.9510160 3.0504408 2.7859210 3.0422180 3.2429695 3.0126323 3.1350590 2.2138801 2.9625817 3.7853602 3.5148763 1.9889835 3.0756501 3.2476318 2.5681614 1.8816483 2.6515689 2.4253688 2.2187714 2.1409810 3.1065700 2.6753318 3.1232809 3.0781740 3.0366154 3.0583490 2.9412951 2.9789058 3.5374975 2.7324297 2.6988917 3.0795894 2.6427320 4.0842808 2.7948674 2.8799296 0.0000000 
