58
Hsap_ENST00000263774                                0.0000000 0.9600641 0.5815217 1.1404693 0.8873086 1.2132696 0.6140161 0.8699296 0.5184430 0.8449255 0.8981109 1.1652153 1.1939487 1.1116138 1.0604747 1.1360620 1.1133572 1.1262551 1.2666769 1.3094410 1.4871497 0.7759004 1.3607259 1.0967604 1.4269640 1.4269640 1.1798657 1.1679366 1.1794916 1.1411578 1.4053129 1.5492251 1.3039010 1.3244958 1.3330640 1.4253085 1.4758923 1.3640928 0.9197949 1.1502264 1.4251579 1.2057232 1.1476546 1.2984153 1.4203512 1.4361064 1.5170872 1.5283460 1.7019054 1.5536503 1.5491328 1.4527588 1.6421607 1.6274947 1.6394196 1.7151813 1.2520986 2.1588034 
Spur_XM_791289.5                                    0.9600641 0.0000000 0.5837412 1.0697459 0.8138755 1.1497340 0.6787725 0.9253639 0.6964647 1.0418871 1.1301390 1.3492019 1.3283836 1.3064776 1.3518135 1.3850331 1.2738725 1.3606645 1.2336863 1.2591466 1.3598807 0.8107389 1.3693265 1.0390198 1.2814547 1.2814547 1.2189396 1.1664923 1.1491494 1.1076486 1.3017291 1.4962233 1.3316553 1.1985300 0.9960138 1.1883292 1.2212907 1.1655395 1.0250133 1.2341180 1.6513626 1.7430954 1.5687550 1.3830565 1.5337201 1.6003228 1.8345394 1.7799291 1.6888299 1.4690772 1.5794857 1.5685897 1.6250018 1.4380916 1.4686381 1.6622481 1.3500330 2.4881499 
Ocar_g2438                                          0.5815217 0.5837412 0.0000000 0.0000010 0.6296382 0.8607736 0.7847062 0.7924566 0.6281067 0.6620428 0.7259000 0.7807274 0.7870103 0.6682868 0.7014794 0.7795097 0.7113376 0.8023500 0.6445448 0.7625863 0.7588152 0.6766112 0.7271322 0.6757739 0.7636112 0.7636112 0.7418318 0.7167979 0.7200990 0.7759856 0.8656785 0.8128577 0.6873787 0.8030565 0.7678718 0.8469019 0.8400614 0.7351229 0.7401077 0.8096297 1.0285169 0.9400590 0.8861612 0.8018611 0.9514293 1.0067643 1.0334195 1.0334195 1.0055968 0.9663879 0.9623044 1.0051865 0.9923109 1.0291701 0.9906976 0.9660307 0.6554314 0.6272113 
Opea_EP00118_Oscarella_pearsei_P001355              1.1404693 1.0697459 0.0000010 0.0000000 1.2061784 1.4779536 0.8206553 1.3377628 0.7070923 1.1847274 1.3747729 1.4081493 1.3114791 1.2306916 1.3153812 1.3609785 1.4030295 1.5461917 1.1293275 1.3037556 1.3659451 0.7794495 1.3878095 0.9788666 1.5152918 1.5152918 1.3217998 1.3621957 1.3674790 1.2994609 1.4441240 1.3619711 1.4359921 1.4024749 1.2716398 1.3507612 1.3916186 1.1558358 1.2736853 1.3697666 1.5147017 1.4668823 1.4099726 1.2975500 1.7715319 1.9159218 1.9379500 1.8490944 2.1067269 1.6496376 1.8188398 2.0258518 1.8654451 1.8561893 1.8230753 1.8267885 1.4961655 1.9752975 
Skow_XM_002741626.2                                 0.8873086 0.8138755 0.6296382 1.2061784 0.0000000 0.8416515 0.5302431 0.7217887 0.6188900 0.9847308 1.1486216 1.1239465 1.2110178 1.2399905 1.2936731 1.3567305 1.2163230 1.3076954 1.2888584 1.1127517 1.2603762 0.7885022 1.2320807 0.8797607 1.2790141 1.2790141 1.1428443 1.1073689 1.1019709 1.0691484 1.1698499 1.3664325 1.3749736 1.3077508 1.3544563 1.3835976 1.3715861 1.5178106 0.9417192 1.1338971 1.7507633 1.5800673 1.4374612 1.2961181 1.6447223 1.6746156 1.8516648 1.8217736 1.7465313 1.6095856 1.6471985 1.4874724 1.7185442 1.7595016 1.7879911 1.8634436 1.2987328 2.1223659 
Tcas_TC002817_001                                   1.2132696 1.1497340 0.8607736 1.4779536 0.8416515 0.0000000 0.4323428 0.6450249 0.7161849 1.1807266 1.2450750 1.4752521 1.4421920 1.4295286 1.5734382 1.5670053 1.4043598 1.4993089 1.4536189 1.3631877 1.4445598 0.9329543 1.3123404 1.2723686 1.4724980 1.4724980 1.4104530 1.3607825 1.3607825 1.4134773 1.4581756 1.5542346 1.4623510 1.6041956 1.2996379 1.4981516 1.6000862 1.3568135 1.1812183 1.0658524 1.7620270 1.5312106 1.4952126 1.6091093 1.5400423 1.6164202 1.7583294 1.7105507 1.9086588 1.8390801 1.8278099 1.7145362 1.8764579 1.7300927 1.8378258 1.9701083 1.5075373 4.2530455 
Dpul_mRNA8792                                       0.6140161 0.6787725 0.7847062 0.8206553 0.5302431 0.4323428 0.0000000 0.5411290 0.6924547 0.7027683 0.8166460 0.7562862 0.8033647 0.8217245 0.8639420 0.8367513 0.7473962 0.8021530 0.7909214 0.8237410 0.8225014 0.9981114 0.7748492 0.8412268 0.9972407 0.9972407 0.8803631 0.8978052 0.8978052 0.9063467 0.9814528 0.9869284 0.8291312 0.8300382 0.7431256 0.8948647 0.8801991 0.8070449 0.6719990 0.6443305 1.0392735 1.1916282 0.9570775 0.9841654 1.0432878 1.0758620 1.2194373 1.2194373 1.1108573 1.0765427 1.0609063 1.0011569 1.1275845 1.1007109 1.0990811 1.1026935 0.8453911 1.6129838 
Cscu_XM_023369609.1                                 0.8699296 0.9253639 0.7924566 1.3377628 0.7217887 0.6450249 0.5411290 0.0000000 0.6734165 1.1139303 1.1522028 1.0733278 1.1642918 1.1827378 1.3201908 1.3091016 1.1481134 1.2871810 1.3286085 1.5749201 1.6588252 1.0605145 1.5374948 1.2511097 1.5670048 1.5670048 1.4303174 1.3209388 1.3161457 1.3198362 1.5219974 1.6419690 1.4971308 1.6892510 1.4271516 1.5577748 1.6563986 1.4333982 0.9872693 1.0904416 1.5492533 1.5188673 1.5628445 1.3191837 1.5524277 1.7144339 1.9110802 1.8968800 1.8570992 1.8412086 1.9127762 1.8338229 2.0375208 1.9734891 2.0698755 2.1277835 1.4694508 2.7548833 
Nvec_v1g25207                                       0.5184430 0.6964647 0.6281067 0.7070923 0.6188900 0.7161849 0.6924547 0.6734165 0.0000000 0.4540109 0.5248354 0.4359818 0.4483575 0.3820513 0.3819826 0.4552551 0.4936800 0.5175335 0.6027147 0.7657859 0.6398739 0.7719896 0.6074961 0.6906234 0.9404633 0.9404633 0.7325925 0.7217587 0.7217587 0.7658884 0.8511302 0.7811004 0.7234149 0.6755868 0.7073574 0.7441929 0.7479142 0.7085120 0.6587332 0.7112546 1.1266312 1.1154141 0.9485421 0.9745630 0.8838787 0.8703200 0.9439897 0.9439897 0.9425286 0.8404449 0.8596880 0.9386697 0.9461571 1.0312431 1.0262498 1.0338197 0.1998069 1.1589711 
Dgig_XM_028536654.1                                 0.8449255 1.0418871 0.6620428 1.1847274 0.9847308 1.1807266 0.7027683 1.1139303 0.4540109 0.0000000 0.3673100 0.9268834 0.9970004 0.9201614 0.9271947 0.9273242 0.9303160 0.8476943 1.1317609 1.3490104 1.2721719 0.9150640 1.2670145 0.9595681 1.6273913 1.6273913 1.2212295 1.2816193 1.2816193 1.0993050 1.3566533 1.5715445 1.3376593 1.1357250 1.1990547 1.1920078 1.3129986 1.1667702 1.1767694 1.3963375 1.5061107 1.4436025 1.3231987 1.5214018 1.6609696 1.7252871 1.7025502 1.6648813 1.8960498 1.8124321 1.8955272 1.5926976 1.9787680 1.8680923 1.6781169 1.8079420 1.1303785 2.2382532 
Xesp_005580-T1                                      0.8981109 1.1301390 0.7259000 1.3747729 1.1486216 1.2450750 0.8166460 1.1522028 0.5248354 0.3673100 0.0000000 1.1085195 1.1164805 1.0519911 1.0666543 1.0830149 1.0716076 0.9968940 1.2553348 1.5923689 1.5037969 1.0513543 1.3993133 1.1416503 1.6800087 1.6800087 1.3093343 1.3809409 1.3754177 1.1724902 1.4543270 1.7881865 1.3850941 1.4814219 1.3484574 1.4667756 1.6240009 1.4620115 1.2439396 1.4601618 1.7412168 1.4662818 1.5042189 1.6689837 1.7817812 1.9208546 1.9538776 1.9190446 2.1720469 1.8984407 1.9823148 1.7423971 2.0285686 1.9512614 1.8032735 2.0594522 1.2551809 2.3740665 
Adig_XM_015896282.1                                 1.1652153 1.3492019 0.7807274 1.4081493 1.1239465 1.4752521 0.7562862 1.0733278 0.4359818 0.9268834 1.1085195 0.0000000 0.1660987 0.2425367 0.2968296 0.2995269 0.2565614 0.3596291 1.0788858 1.4723089 1.4448254 0.7117833 1.6272394 1.3264082 1.5727778 1.5727778 1.3822632 1.3016631 1.2970517 1.2789660 1.5967007 1.5585774 1.3193040 1.2443124 1.3804257 1.4385464 1.4226401 1.3896486 1.2326811 1.3770344 1.9360368 1.6517571 1.7146480 1.3371309 1.6729304 1.4824978 1.8331377 1.7281562 1.8274306 1.4888302 1.5981875 1.7739677 1.6238183 1.6816082 1.7188814 1.7468215 1.1481605 3.4258524 
Amil_Amillepora08911-RA                             1.1939487 1.3283836 0.7870103 1.3114791 1.2110178 1.4421920 0.8033647 1.1642918 0.4483575 0.9970004 1.1164805 0.1660987 0.0000000 0.4078866 0.4836572 0.4466566 0.4355261 0.5728371 1.0967122 1.5730558 1.4569500 0.7163989 1.5541396 1.4981001 1.5441651 1.5441651 1.2899280 1.3581369 1.3532242 1.3389466 1.5483451 1.7434125 1.3686884 1.3901955 1.4286296 1.4742068 1.4668068 1.3793467 1.3195398 1.3587685 2.0006601 1.6097935 1.6787222 1.4332067 1.7531195 1.5443472 2.0965528 1.9665285 2.1931792 1.7423044 1.7766735 1.9555688 1.8481156 1.8066072 1.7433326 1.8988532 1.2874207 3.7656512 
Fspp_ffun1.m4.18515.m1                              1.1116138 1.3064776 0.6682868 1.2306916 1.2399905 1.4295286 0.8217245 1.1827378 0.3820513 0.9201614 1.0519911 0.2425367 0.4078866 0.0000000 0.1275165 0.1897266 0.2419008 0.2530658 0.9980149 1.3973308 1.3999025 0.7320539 1.4620336 1.1566375 1.4921520 1.4921520 1.4093100 1.3553435 1.3505591 1.3571421 1.7265599 1.4643305 1.2879000 1.2948334 1.2577717 1.3864940 1.3677584 1.3169092 1.2170085 1.2690004 1.8150679 1.6480729 1.5632957 1.3147278 1.5454492 1.4075254 1.6792751 1.6430614 1.8384908 1.4448602 1.5290386 1.6102362 1.5414674 1.6144713 1.6317949 1.6810493 1.1012826 3.1501011 
Gasp_gasp1.m3.1847.m1                               1.0604747 1.3518135 0.7014794 1.3153812 1.2936731 1.5734382 0.8639420 1.3201908 0.3819826 0.9271947 1.0666543 0.2968296 0.4836572 0.1275165 0.0000000 0.2211725 0.3140324 0.2909054 1.0615531 1.5186512 1.4933701 0.7414563 1.6146101 1.2267382 1.5586585 1.5586585 1.4102142 1.4436995 1.4400394 1.3913499 1.6891533 1.5074184 1.2843526 1.2882942 1.3919882 1.5150162 1.5056543 1.4391059 1.2900537 1.4764270 1.9264390 1.7237082 1.5839273 1.3171395 1.6155649 1.4197922 1.7433164 1.7119579 1.8860677 1.4299060 1.6314732 1.6014237 1.5898347 1.5493611 1.6620765 1.7669604 1.1785282 3.6862597 
Pocdam_XM_027187486.1                               1.1360620 1.3850331 0.7795097 1.3609785 1.3567305 1.5670053 0.8367513 1.3091016 0.4552551 0.9273242 1.0830149 0.2995269 0.4466566 0.1897266 0.2211725 0.0000000 0.2772036 0.1680451 1.1132091 1.5462226 1.5422390 0.8922454 1.5580799 1.3382975 1.5182324 1.5182324 1.4501369 1.3791742 1.3742787 1.3396814 1.7056166 1.6106643 1.3511089 1.4481495 1.3367543 1.5074211 1.4610884 1.4670558 1.2669955 1.3574978 1.7601458 1.6077525 1.6442306 1.4374469 1.6959250 1.5236200 1.7746610 1.7306680 2.0254444 1.5544700 1.6896058 1.7387784 1.7058894 1.7049962 1.7270347 1.8469183 1.1495491 2.9864547 
Gfas_gfas1.m1.13810.m1                              1.1133572 1.2738725 0.7113376 1.4030295 1.2163230 1.4043598 0.7473962 1.1481134 0.4936800 0.9303160 1.0716076 0.2565614 0.4355261 0.2419008 0.3140324 0.2772036 0.0000000 0.3416950 0.9961094 1.6475681 1.4257591 0.6159002 1.5194508 1.2153379 1.5018986 1.5018986 1.3791122 1.3440564 1.3392855 1.3432508 1.5938376 1.5167136 1.2053687 1.2787471 1.3143243 1.4831712 1.4478370 1.3564907 1.2260815 1.2851606 1.9667853 1.7211805 1.6202842 1.2799988 1.6423431 1.5522975 1.7232798 1.6723866 2.0460076 1.4846780 1.6477721 1.6870032 1.6693638 1.6589111 1.7468821 1.8019761 1.1704736 2.5955259 
Spis_XP_022802478_1                                 1.1262551 1.3606645 0.8023500 1.5461917 1.3076954 1.4993089 0.8021530 1.2871810 0.5175335 0.8476943 0.9968940 0.3596291 0.5728371 0.2530658 0.2909054 0.1680451 0.3416950 0.0000000 1.1718969 1.6604822 1.4465020 0.8967865 1.5904841 1.3995749 1.6440151 1.6440151 1.4493299 1.4992632 1.4992632 1.3982279 1.7048570 1.7888700 1.5869346 1.4989861 1.4332217 1.5401650 1.5524489 1.5834632 1.2082051 1.5317513 1.9339924 1.6226695 1.7354313 1.4145763 1.7096401 1.5191610 1.7653507 1.7865721 2.0380680 1.4554945 1.6058462 1.7393410 1.7625647 1.6744622 1.6983820 1.7880139 1.0096139 2.9118804 
Morvir_scaffold38.g75.t1                            1.2666769 1.2336863 0.6445448 1.1293275 1.2888584 1.4536189 0.7909214 1.3286085 0.6027147 1.1317609 1.2553348 1.0788858 1.0967122 0.9980149 1.0615531 1.1132091 0.9961094 1.1718969 0.0000000 1.1950932 1.2242880 0.5393685 0.9399893 0.8127764 1.3263154 1.3263154 1.0760691 1.1443922 1.1443922 0.9927449 1.3866215 1.2060149 0.9053021 0.8591635 0.9108345 0.8854527 0.9156204 0.8495324 1.4743255 1.4036297 1.6322937 1.7022789 1.7357650 1.2978056 1.6813571 1.6461543 1.8191492 1.8233129 1.9416754 1.6758085 1.8017601 1.8624385 1.7624792 1.6031230 1.5282024 1.9632179 1.2083736 3.6406056 
Aque_Aqu2.1.28973_001                               1.3094410 1.2591466 0.7625863 1.3037556 1.1127517 1.3631877 0.8237410 1.5749201 0.7657859 1.3490104 1.5923689 1.4723089 1.5730558 1.3973308 1.5186512 1.5462226 1.6475681 1.6604822 1.1950932 0.0000000 0.9835790 0.6336315 0.9346346 0.3121968 1.5994336 1.5994336 1.3831935 1.3602415 1.3796124 1.2671258 1.7535199 1.0845686 1.3771693 1.3407928 1.2779500 1.1685178 1.1153287 1.1597946 1.2440037 1.2947116 1.9268492 1.9003268 1.6978923 1.5023501 1.8918136 1.9530964 2.0273451 2.0982755 1.9835828 2.0002285 1.9143496 1.9665585 2.0300133 1.9729950 1.9692662 1.8020844 1.3582745 2.3557274 
Emue_Em0018g184a.t1                                 1.4871497 1.3598807 0.7588152 1.3659451 1.2603762 1.4445598 0.8225014 1.6588252 0.6398739 1.2721719 1.5037969 1.4448254 1.4569500 1.3999025 1.4933701 1.5422390 1.4257591 1.4465020 1.2242880 0.9835790 0.0000000 0.3748785 0.3161562 1.0321901 1.6038495 1.6038495 1.6667911 1.5063316 1.5006012 1.5287766 1.7337901 1.0938775 1.6573556 1.4881060 1.6037447 1.5665677 1.5914042 1.5481440 1.6132328 1.6450808 1.8601322 1.8853505 1.5181151 1.3801404 1.9781307 2.0852828 2.0563038 2.0435583 2.0776532 2.0095173 1.9574865 2.0946230 2.2207798 1.8390679 1.9326189 2.1481138 1.7206109 2.9580330 
Stycar_maker-SC_scaffold107032-snap-gene-0.3-mRNA-1 0.7759004 0.8107389 0.6766112 0.7794495 0.7885022 0.9329543 0.9981114 1.0605145 0.7719896 0.9150640 1.0513543 0.7117833 0.7163989 0.7320539 0.7414563 0.8922454 0.6159002 0.8967865 0.5393685 0.6336315 0.3748785 0.0000000 0.4262672 0.5183510 0.8567071 0.8567071 0.7648962 0.7734142 0.7734142 0.7827956 0.8663166 0.6444669 0.8719825 1.0612750 0.8729502 0.8067438 0.8104018 0.9195252 1.0080160 1.2149071 1.0715521 1.1144533 0.8556199 0.8160490 1.1923005 1.1037926 1.1214905 1.1214905 1.0398668 1.1572028 1.1004018 1.2273641 1.2308030 1.3236499 1.2760672 1.2906531 0.8705031 1.1310185 
Spolac_c96274_g1_i1_m.12842c96274-g1                1.3607259 1.3693265 0.7271322 1.3878095 1.2320807 1.3123404 0.7748492 1.5374948 0.6074961 1.2670145 1.3993133 1.6272394 1.5541396 1.4620336 1.6146101 1.5580799 1.5194508 1.5904841 0.9399893 0.9346346 0.3161562 0.4262672 0.0000000 0.8088464 1.4658788 1.4658788 1.3134305 1.2538072 1.2655933 1.2246834 1.5281858 0.9321541 1.5716576 1.4716508 1.5540797 1.6023849 1.6059126 1.4660336 1.4731374 1.5227863 1.7298819 1.6651493 1.3989290 1.1217686 1.8326709 1.7623796 1.7973604 1.8324839 1.9328315 1.7675555 1.6924359 1.9705807 2.0474355 1.9760752 2.0559117 1.9536739 1.4632552 2.8088355 
Halamb_c56016_g1_i5mm.6915                          1.0967604 1.0390198 0.6757739 0.9788666 0.8797607 1.2723686 0.8412268 1.2511097 0.6906234 0.9595681 1.1416503 1.3264082 1.4981001 1.1566375 1.2267382 1.3382975 1.2153379 1.3995749 0.8127764 0.3121968 1.0321901 0.5183510 0.8088464 0.0000000 1.4138803 1.4138803 1.2417812 1.2167139 1.2291981 1.2254480 1.7019975 0.7570616 0.9055593 1.1184489 1.0980033 1.0723605 1.0325437 0.9490959 1.1792722 1.2115542 1.3607896 1.4927581 1.4427537 1.1569168 1.4277892 1.5212408 1.5420372 1.5838757 1.6771830 1.6706282 1.5549058 1.6708258 1.7459665 1.4968393 1.5847774 1.4847345 1.0863713 2.5138157 
Tadh_TriadT52564                                    1.4269640 1.2814547 0.7636112 1.5152918 1.2790141 1.4724980 0.9972407 1.5670048 0.9404633 1.6273913 1.6800087 1.5727778 1.5441651 1.4921520 1.5586585 1.5182324 1.5018986 1.6440151 1.3263154 1.5994336 1.6038495 0.8567071 1.4658788 1.4138803 0.0000000 0.0000010 0.3244346 0.2203943 0.2181102 0.2573085 0.3437572 1.8142898 1.5642802 1.5446827 1.2485237 1.3210356 1.3847470 1.3396297 1.5945587 1.7494929 2.2479634 1.8889201 2.0129176 1.6839740 1.7116114 1.8279632 1.9542497 1.9604700 2.0925498 1.6980241 1.7906655 2.0127469 1.7878932 1.7547362 1.7739202 2.0402364 1.6690239 3.2705512 
TrH2_TrispH2_000221-RA                              1.4269640 1.2814547 0.7636112 1.5152918 1.2790141 1.4724980 0.9972407 1.5670048 0.9404633 1.6273913 1.6800087 1.5727778 1.5441651 1.4921520 1.5586585 1.5182324 1.5018986 1.6440151 1.3263154 1.5994336 1.6038495 0.8567071 1.4658788 1.4138803 0.0000010 0.0000000 0.3244346 0.2203943 0.2181102 0.2573085 0.3437572 1.8142898 1.5642802 1.5446827 1.2485237 1.3210356 1.3847470 1.3396297 1.5945587 1.7494929 2.2479634 1.8889201 2.0129176 1.6839740 1.7116114 1.8279632 1.9542497 1.9604700 2.0925498 1.6980241 1.7906655 2.0127469 1.7878932 1.7547362 1.7739202 2.0402364 1.6690239 3.2705512 
HoiH06_mRNA12817                                    1.1798657 1.2189396 0.7418318 1.3217998 1.1428443 1.4104530 0.8803631 1.4303174 0.7325925 1.2212295 1.3093343 1.3822632 1.2899280 1.4093100 1.4102142 1.4501369 1.3791122 1.4493299 1.0760691 1.3831935 1.6667911 0.7648962 1.3134305 1.2417812 0.3244346 0.3244346 0.0000000 0.2086900 0.2060553 0.1071587 0.2635184 1.6960050 1.3511409 1.5116125 1.0803163 1.1736709 1.2327162 1.0943726 1.6202770 1.6821305 1.9441470 1.8123958 1.5284351 1.7188418 1.6876448 1.6598372 1.5640925 1.5640925 1.7069729 1.6578699 1.6949501 1.6696273 1.5697699 1.7092845 1.6356069 1.7202871 1.3944154 2.1148623 
Hhon_g04513.t1                                      1.1679366 1.1664923 0.7167979 1.3621957 1.1073689 1.3607825 0.8978052 1.3209388 0.7217587 1.2816193 1.3809409 1.3016631 1.3581369 1.3553435 1.4436995 1.3791742 1.3440564 1.4992632 1.1443922 1.3602415 1.5063316 0.7734142 1.2538072 1.2167139 0.2203943 0.2203943 0.2086900 0.0000000 0.0045670 0.1031359 0.2721229 1.6684990 1.3673710 1.2952429 1.1962000 1.1582388 1.2752256 1.0997554 1.4640233 1.4435276 1.9859112 1.8102054 1.8554507 1.5885433 1.6585653 1.5831068 1.6830978 1.6628457 1.9000539 1.5325230 1.6019958 1.7802245 1.7628770 1.5837175 1.5844469 1.9837091 1.4113056 2.4123181 
HoiH04_mRNA16358                                    1.1794916 1.1491494 0.7200990 1.3674790 1.1019709 1.3607825 0.8978052 1.3161457 0.7217587 1.2816193 1.3754177 1.2970517 1.3532242 1.3505591 1.4400394 1.3742787 1.3392855 1.4992632 1.1443922 1.3796124 1.5006012 0.7734142 1.2655933 1.2291981 0.2181102 0.2181102 0.2060553 0.0045670 0.0000000 0.1052350 0.2774552 1.6834274 1.3673710 1.2761920 1.1920349 1.1543429 1.2708328 1.1100592 1.4780219 1.4428223 2.0036781 1.8117316 1.8487803 1.6158496 1.6598478 1.5842194 1.6844187 1.6641165 1.9017773 1.5335803 1.6031390 1.7817521 1.7367986 1.5994930 1.6001981 2.0022584 1.4271734 2.4123181 
HoiH23_PlH23_000732-RA                              1.1411578 1.1076486 0.7759856 1.2994609 1.0691484 1.4134773 0.9063467 1.3198362 0.7658884 1.0993050 1.1724902 1.2789660 1.3389466 1.3571421 1.3913499 1.3396814 1.3432508 1.3982279 0.9927449 1.2671258 1.5287766 0.7827956 1.2246834 1.2254480 0.2573085 0.2573085 0.1071587 0.1031359 0.1052350 0.0000000 0.2252117 1.5010142 1.1827901 1.2675920 1.0223322 1.0440552 1.1405156 0.9835430 1.5340430 1.5196955 1.7298948 1.6322611 1.5758975 1.6633657 1.5352353 1.4864390 1.4915153 1.4735185 1.6808502 1.5239352 1.5129526 1.5815687 1.5195689 1.5505783 1.5137340 1.8219793 1.3755398 1.6822629 
HoiH11_mRNA5257                                     1.4053129 1.3017291 0.8656785 1.4441240 1.1698499 1.4581756 0.9814528 1.5219974 0.8511302 1.3566533 1.4543270 1.5967007 1.5483451 1.7265599 1.6891533 1.7056166 1.5938376 1.7048570 1.3866215 1.7535199 1.7337901 0.8663166 1.5281858 1.7019975 0.3437572 0.3437572 0.2635184 0.2721229 0.2774552 0.2252117 0.0000000 1.8091279 1.4339354 1.5760286 1.2150699 1.3652542 1.4353104 1.3255612 1.6037777 1.7098698 1.9383722 1.8932660 1.7454045 1.6926095 1.7515537 1.7010562 1.6922831 1.6922831 1.8109009 1.8635015 1.8587376 1.7148606 1.8552415 1.5985332 1.6324873 1.8874478 1.8300361 2.4106832 
Tetwil_g12874.t2                                    1.5492251 1.4962233 0.8128577 1.3619711 1.3664325 1.5542346 0.9869284 1.6419690 0.7811004 1.5715445 1.7881865 1.5585774 1.7434125 1.4643305 1.5074184 1.6106643 1.5167136 1.7888700 1.2060149 1.0845686 1.0938775 0.6444669 0.9321541 0.7570616 1.8142898 1.8142898 1.6960050 1.6684990 1.6834274 1.5010142 1.8091279 0.0000000 1.5426420 1.3922106 1.3696242 1.4151573 1.4634026 1.4711593 1.5541135 1.7973239 1.7313001 1.7123866 1.5508684 1.4711114 1.6714688 1.7797448 1.9342870 1.8753117 2.1256364 2.0887731 2.2253798 2.1700499 1.9935658 2.2638624 2.0765089 2.0980428 1.4360939 4.0606380 
Hvul_g24029_1                                       1.3039010 1.3316553 0.6873787 1.4359921 1.3749736 1.4623510 0.8291312 1.4971308 0.7234149 1.3376593 1.3850941 1.3193040 1.3686884 1.2879000 1.2843526 1.3511089 1.2053687 1.5869346 0.9053021 1.3771693 1.6573556 0.8719825 1.5716576 0.9055593 1.5642802 1.5642802 1.3511409 1.3673710 1.3673710 1.1827901 1.4339354 1.5426420 0.0000000 0.5524799 0.8338408 0.8109812 0.8469323 0.8523227 1.2577402 1.6256483 1.9115733 1.7527539 1.8486755 1.5555681 1.5090899 1.5031515 1.7784106 1.8362558 1.7798100 1.3195430 1.6050158 1.8500675 1.6413222 1.7529037 1.8703670 2.1740743 1.4831076 3.2994828 
Chem_TCONS_00061277                                 1.3244958 1.1985300 0.8030565 1.4024749 1.3077508 1.6041956 0.8300382 1.6892510 0.6755868 1.1357250 1.4814219 1.2443124 1.3901955 1.2948334 1.2882942 1.4481495 1.2787471 1.4989861 0.8591635 1.3407928 1.4881060 1.0612750 1.4716508 1.1184489 1.5446827 1.5446827 1.5116125 1.2952429 1.2761920 1.2675920 1.5760286 1.3922106 0.5524799 0.0000000 1.0423835 0.9478452 0.9646595 1.0677385 1.3275395 1.5876240 1.9002454 2.1969237 1.9734889 1.6467209 1.6596420 1.5306124 1.8499863 1.8816267 1.7806873 1.5737607 1.7100617 1.7411812 1.7708518 1.7393085 1.6913300 2.0053764 1.5426149 2.7944632 
Aaur_scaffold50.g16.t1                              1.3330640 0.9960138 0.7678718 1.2716398 1.3544563 1.2996379 0.7431256 1.4271516 0.7073574 1.1990547 1.3484574 1.3804257 1.4286296 1.2577717 1.3919882 1.3367543 1.3143243 1.4332217 0.9108345 1.2779500 1.6037447 0.8729502 1.5540797 1.0980033 1.2485237 1.2485237 1.0803163 1.1962000 1.1920349 1.0223322 1.2150699 1.3696242 0.8338408 1.0423835 0.0000000 0.3997117 0.4080995 0.4438054 1.3294528 1.5670343 1.6673477 1.6065660 1.6184706 1.4991885 1.5245096 1.5999095 1.8709364 1.8684556 1.6463571 1.4612323 1.5651918 1.7800974 1.6165622 1.5923353 1.6719690 1.8344342 1.3923560 2.8800407 
Nemnom_g12380.t1                                    1.4253085 1.1883292 0.8469019 1.3507612 1.3835976 1.4981516 0.8948647 1.5577748 0.7441929 1.1920078 1.4667756 1.4385464 1.4742068 1.3864940 1.5150162 1.5074211 1.4831712 1.5401650 0.8854527 1.1685178 1.5665677 0.8067438 1.6023849 1.0723605 1.3210356 1.3210356 1.1736709 1.1582388 1.1543429 1.0440552 1.3652542 1.4151573 0.8109812 0.9478452 0.3997117 0.0000000 0.1478867 0.4593092 1.3106177 1.6799229 1.8303805 1.6275904 1.8038883 1.5189131 1.7727204 1.8722895 1.9561138 2.0091239 1.9075947 1.7102917 1.7921471 2.1196200 1.7796511 1.9427349 1.9997505 1.9522651 1.4602395 3.5454295 
Rhoesc_Res_011279-T1                                1.4758923 1.2212907 0.8400614 1.3916186 1.3715861 1.6000862 0.8801991 1.6563986 0.7479142 1.3129986 1.6240009 1.4226401 1.4668068 1.3677584 1.5056543 1.4610884 1.4478370 1.5524489 0.9156204 1.1153287 1.5914042 0.8104018 1.6059126 1.0325437 1.3847470 1.3847470 1.2327162 1.2752256 1.2708328 1.1405156 1.4353104 1.4634026 0.8469323 0.9646595 0.4080995 0.1478867 0.0000000 0.4833410 1.3229009 1.6166167 1.8270821 1.8089702 1.8768650 1.5344008 1.9074596 1.8578020 2.0107584 2.0611606 1.8501836 1.7836588 1.7929652 2.0989615 1.8503250 2.0544109 2.0486601 2.1273861 1.4456199 3.5015371 
Sanmal_Sma_025126-T1                                1.3640928 1.1655395 0.7351229 1.1558358 1.5178106 1.3568135 0.8070449 1.4333982 0.7085120 1.1667702 1.4620115 1.3896486 1.3793467 1.3169092 1.4391059 1.4670558 1.3564907 1.5834632 0.8495324 1.1597946 1.5481440 0.9195252 1.4660336 0.9490959 1.3396297 1.3396297 1.0943726 1.0997554 1.1100592 0.9835430 1.3255612 1.4711593 0.8523227 1.0677385 0.4438054 0.4593092 0.4833410 0.0000000 1.3022275 1.5329611 1.6119896 1.5091099 1.4704653 1.5052688 1.5569120 1.5716651 1.6265529 1.5817313 1.7178136 1.5304024 1.5986815 1.7730065 1.5582869 1.6878421 1.6817712 1.7491572 1.3611373 2.7093502 
Bralan_BLAG07000914_1                               0.9197949 1.0250133 0.7401077 1.2736853 0.9417192 1.1812183 0.6719990 0.9872693 0.6587332 1.1767694 1.2439396 1.2326811 1.3195398 1.2170085 1.2900537 1.2669955 1.2260815 1.2082051 1.4743255 1.2440037 1.6132328 1.0080160 1.4731374 1.1792722 1.5945587 1.5945587 1.6202770 1.4640233 1.4780219 1.5340430 1.6037777 1.5541135 1.2577402 1.3275395 1.3294528 1.3106177 1.3229009 1.3022275 0.0000000 1.2633737 1.7074051 1.4782263 1.7519187 1.4918206 1.4906489 1.6325057 1.8141094 1.8149285 1.6576072 1.5688859 1.5917409 1.6836565 1.7317027 1.5982631 1.7087898 1.7069604 1.1992132 2.1369758 
Ctel_gnl_WGS_AMQN_CAPTEDRAFT_mRNA149318             1.1502264 1.2341180 0.8096297 1.3697666 1.1338971 1.0658524 0.6443305 1.0904416 0.7112546 1.3963375 1.4601618 1.3770344 1.3587685 1.2690004 1.4764270 1.3574978 1.2851606 1.5317513 1.4036297 1.2947116 1.6450808 1.2149071 1.5227863 1.2115542 1.7494929 1.7494929 1.6821305 1.4435276 1.4428223 1.5196955 1.7098698 1.7973239 1.6256483 1.5876240 1.5670343 1.6799229 1.6166167 1.5329611 1.2633737 0.0000000 1.7354153 1.4063257 1.5600200 1.5225635 1.5508677 1.6744962 1.7769582 1.6695227 1.9566582 1.7042811 1.7562526 1.8584168 2.0075303 2.0387826 1.8954918 1.8745976 1.4211031 2.1493145 
Lcom_lcpid102736                                    1.4251579 1.6513626 1.0285169 1.5147017 1.7507633 1.7620270 1.0392735 1.5492533 1.1266312 1.5061107 1.7412168 1.9360368 2.0006601 1.8150679 1.9264390 1.7601458 1.9667853 1.9339924 1.6322937 1.9268492 1.8601322 1.0715521 1.7298819 1.3607896 2.2479634 2.2479634 1.9441470 1.9859112 2.0036781 1.7298948 1.9383722 1.7313001 1.9115733 1.9002454 1.6673477 1.8303805 1.8270821 1.6119896 1.7074051 1.7354153 0.0000000 0.6017505 0.7171145 0.8920753 1.7572838 2.1134409 2.1705806 2.1626209 2.0928802 2.0746537 2.2094693 2.1605903 2.4062810 1.9232894 1.9555625 1.9660172 2.0555360 3.9737036 
Gracom_Gcom_scaffold16000_01                        1.2057232 1.7430954 0.9400590 1.4668823 1.5800673 1.5312106 1.1916282 1.5188673 1.1154141 1.4436025 1.4662818 1.6517571 1.6097935 1.6480729 1.7237082 1.6077525 1.7211805 1.6226695 1.7022789 1.9003268 1.8853505 1.1144533 1.6651493 1.4927581 1.8889201 1.8889201 1.8123958 1.8102054 1.8117316 1.6322611 1.8932660 1.7123866 1.7527539 2.1969237 1.6065660 1.6275904 1.8089702 1.5091099 1.4782263 1.4063257 0.6017505 0.0000000 0.6777414 0.8997653 1.5885789 1.9388779 1.9984772 1.9563297 2.1107343 1.7732036 1.9005602 2.0006280 2.1240753 1.8259424 1.7704881 2.0707039 1.6265064 2.7989344 
Leuniv_Lniv_scaffold10631_01                        1.1476546 1.5687550 0.8861612 1.4099726 1.4374612 1.4952126 0.9570775 1.5628445 0.9485421 1.3231987 1.5042189 1.7146480 1.6787222 1.5632957 1.5839273 1.6442306 1.6202842 1.7354313 1.7357650 1.6978923 1.5181151 0.8556199 1.3989290 1.4427537 2.0129176 2.0129176 1.5284351 1.8554507 1.8487803 1.5758975 1.7454045 1.5508684 1.8486755 1.9734889 1.6184706 1.8038883 1.8768650 1.4704653 1.7519187 1.5600200 0.7171145 0.6777414 0.0000000 0.8352597 1.7281192 1.9440077 1.8811956 1.8147457 2.2124217 1.8264325 2.2631273 1.9966280 2.3051456 1.9860735 1.9132227 1.7975329 1.8142493 3.1615783 
Clacor_Ccor_scaffold7850_01                         1.2984153 1.3830565 0.8018611 1.2975500 1.2961181 1.6091093 0.9841654 1.3191837 0.9745630 1.5214018 1.6689837 1.3371309 1.4332067 1.3147278 1.3171395 1.4374469 1.2799988 1.4145763 1.2978056 1.5023501 1.3801404 0.8160490 1.1217686 1.1569168 1.6839740 1.6839740 1.7188418 1.5885433 1.6158496 1.6633657 1.6926095 1.4711114 1.5555681 1.6467209 1.4991885 1.5189131 1.5344008 1.5052688 1.4918206 1.5225635 0.8920753 0.8997653 0.8352597 0.0000000 1.2926591 1.4332670 1.5070232 1.5070232 1.4146823 1.2463806 1.2795318 1.4468707 1.4668224 1.4863263 1.4282301 1.4277779 1.3399685 2.8820483 
Mlei_ML0500.g3.i1                                   1.4203512 1.5337201 0.9514293 1.7715319 1.6447223 1.5400423 1.0432878 1.5524277 0.8838787 1.6609696 1.7817812 1.6729304 1.7531195 1.5454492 1.6155649 1.6959250 1.6423431 1.7096401 1.6813571 1.8918136 1.9781307 1.1923005 1.8326709 1.4277892 1.7116114 1.7116114 1.6876448 1.6585653 1.6598478 1.5352353 1.7515537 1.6714688 1.5090899 1.6596420 1.5245096 1.7727204 1.9074596 1.5569120 1.4906489 1.5508677 1.7572838 1.5885789 1.7281192 1.2926591 0.0000000 0.3145070 0.5052192 0.5008470 0.4648126 0.4275981 0.4598155 0.5284910 0.4034760 0.5101943 0.5289995 0.8850356 1.7182719 2.5978053 
Drygla_Dgla_sb288769                                1.4361064 1.6003228 1.0067643 1.9159218 1.6746156 1.6164202 1.0758620 1.7144339 0.8703200 1.7252871 1.9208546 1.4824978 1.5443472 1.4075254 1.4197922 1.5236200 1.5522975 1.5191610 1.6461543 1.9530964 2.0852828 1.1037926 1.7623796 1.5212408 1.8279632 1.8279632 1.6598372 1.5831068 1.5842194 1.4864390 1.7010562 1.7797448 1.5031515 1.5306124 1.5999095 1.8722895 1.8578020 1.5716651 1.6325057 1.6744962 2.1134409 1.9388779 1.9440077 1.4332670 0.3145070 0.0000000 0.4797950 0.4785673 0.5624341 0.4578908 0.5335300 0.5933938 0.4930872 0.5131046 0.5751904 0.9761922 1.7109110 3.0086965 
Bolinf_Binf_sb1245780                               1.5170872 1.8345394 1.0334195 1.9379500 1.8516648 1.7583294 1.2194373 1.9110802 0.9439897 1.7025502 1.9538776 1.8331377 2.0965528 1.6792751 1.7433164 1.7746610 1.7232798 1.7653507 1.8191492 2.0273451 2.0563038 1.1214905 1.7973604 1.5420372 1.9542497 1.9542497 1.5640925 1.6830978 1.6844187 1.4915153 1.6922831 1.9342870 1.7784106 1.8499863 1.8709364 1.9561138 2.0107584 1.6265529 1.8141094 1.7769582 2.1705806 1.9984772 1.8811956 1.5070232 0.5052192 0.4797950 0.0000000 0.0198480 0.5215713 0.4420413 0.5249842 0.5262722 0.5970271 0.5530648 0.5633314 0.7984217 1.6735564 2.7584147 
Mertsp_Mesp_sb578001                                1.5283460 1.7799291 1.0334195 1.8490944 1.8217736 1.7105507 1.2194373 1.8968800 0.9439897 1.6648813 1.9190446 1.7281562 1.9665285 1.6430614 1.7119579 1.7306680 1.6723866 1.7865721 1.8233129 2.0982755 2.0435583 1.1214905 1.8324839 1.5838757 1.9604700 1.9604700 1.5640925 1.6628457 1.6641165 1.4735185 1.6922831 1.8753117 1.8362558 1.8816267 1.8684556 2.0091239 2.0611606 1.5817313 1.8149285 1.6695227 2.1626209 1.9563297 1.8147457 1.5070232 0.5008470 0.4785673 0.0198480 0.0000000 0.5321708 0.4390049 0.5167403 0.4975206 0.5863254 0.5793804 0.5467910 0.7596687 1.6437755 2.7208085 
Vmul_SimC389780                                     1.7019054 1.6888299 1.0055968 2.1067269 1.7465313 1.9086588 1.1108573 1.8570992 0.9425286 1.8960498 2.1720469 1.8274306 2.1931792 1.8384908 1.8860677 2.0254444 2.0460076 2.0380680 1.9416754 1.9835828 2.0776532 1.0398668 1.9328315 1.6771830 2.0925498 2.0925498 1.7069729 1.9000539 1.9017773 1.6808502 1.8109009 2.1256364 1.7798100 1.7806873 1.6463571 1.9075947 1.8501836 1.7178136 1.6576072 1.9566582 2.0928802 2.1107343 2.2124217 1.4146823 0.4648126 0.5624341 0.5215713 0.5321708 0.0000000 0.3214650 0.3230277 0.5585576 0.6278825 0.5324797 0.6249732 0.7397756 2.0141576 2.2932679 
Coeast_Cast_sb777063                                1.5536503 1.4690772 0.9663879 1.6496376 1.6095856 1.8390801 1.0765427 1.8412086 0.8404449 1.8124321 1.8984407 1.4888302 1.7423044 1.4448602 1.4299060 1.5544700 1.4846780 1.4554945 1.6758085 2.0002285 2.0095173 1.1572028 1.7675555 1.6706282 1.6980241 1.6980241 1.6578699 1.5325230 1.5335803 1.5239352 1.8635015 2.0887731 1.3195430 1.5737607 1.4612323 1.7102917 1.7836588 1.5304024 1.5688859 1.7042811 2.0746537 1.7732036 1.8264325 1.2463806 0.4275981 0.4578908 0.4420413 0.4390049 0.3214650 0.0000000 0.0870932 0.3734045 0.4692424 0.4470519 0.4612536 0.7373764 1.3762859 2.2287904 
Coemet_Cmet_C591787_01                              1.5491328 1.5794857 0.9623044 1.8188398 1.6471985 1.8278099 1.0609063 1.9127762 0.8596880 1.8955272 1.9823148 1.5981875 1.7766735 1.5290386 1.6314732 1.6896058 1.6477721 1.6058462 1.8017601 1.9143496 1.9574865 1.1004018 1.6924359 1.5549058 1.7906655 1.7906655 1.6949501 1.6019958 1.6031390 1.5129526 1.8587376 2.2253798 1.6050158 1.7100617 1.5651918 1.7921471 1.7929652 1.5986815 1.5917409 1.7562526 2.2094693 1.9005602 2.2631273 1.2795318 0.4598155 0.5335300 0.5249842 0.5167403 0.3230277 0.0870932 0.0000000 0.3933145 0.5277224 0.5583597 0.5852802 0.7647860 1.4731478 2.1060912 
Lampan_Lpan_3074_01                                 1.4527588 1.5685897 1.0051865 2.0258518 1.4874724 1.7145362 1.0011569 1.8338229 0.9386697 1.5926976 1.7423971 1.7739677 1.9555688 1.6102362 1.6014237 1.7387784 1.6870032 1.7393410 1.8624385 1.9665585 2.0946230 1.2273641 1.9705807 1.6708258 2.0127469 2.0127469 1.6696273 1.7802245 1.7817521 1.5815687 1.7148606 2.1700499 1.8500675 1.7411812 1.7800974 2.1196200 2.0989615 1.7730065 1.6836565 1.8584168 2.1605903 2.0006280 1.9966280 1.4468707 0.5284910 0.5933938 0.5262722 0.4975206 0.5585576 0.3734045 0.3933145 0.0000000 0.6492806 0.6378282 0.6811915 0.8017273 1.9569871 2.4655627 
Beraby_Baby_sb332812                                1.6421607 1.6250018 0.9923109 1.8654451 1.7185442 1.8764579 1.1275845 2.0375208 0.9461571 1.9787680 2.0285686 1.6238183 1.8481156 1.5414674 1.5898347 1.7058894 1.6693638 1.7625647 1.7624792 2.0300133 2.2207798 1.2308030 2.0474355 1.7459665 1.7878932 1.7878932 1.5697699 1.7628770 1.7367986 1.5195689 1.8552415 1.9935658 1.6413222 1.7708518 1.6165622 1.7796511 1.8503250 1.5582869 1.7317027 2.0075303 2.4062810 2.1240753 2.3051456 1.4668224 0.4034760 0.4930872 0.5970271 0.5863254 0.6278825 0.4692424 0.5277224 0.6492806 0.0000000 0.5745538 0.6588524 0.9970122 1.9998004 3.5197844 
Pbac_sb2661796                                      1.6274947 1.4380916 1.0291701 1.8561893 1.7595016 1.7300927 1.1007109 1.9734891 1.0312431 1.8680923 1.9512614 1.6816082 1.8066072 1.6144713 1.5493611 1.7049962 1.6589111 1.6744622 1.6031230 1.9729950 1.8390679 1.3236499 1.9760752 1.4968393 1.7547362 1.7547362 1.7092845 1.5837175 1.5994930 1.5505783 1.5985332 2.2638624 1.7529037 1.7393085 1.5923353 1.9427349 2.0544109 1.6878421 1.5982631 2.0387826 1.9232894 1.8259424 1.9860735 1.4863263 0.5101943 0.5131046 0.5530648 0.5793804 0.5324797 0.4470519 0.5583597 0.6378282 0.5745538 0.0000000 0.1013960 0.7538442 1.7036539 2.6250971 
Horcal_Hcv1.av93.c8.g745.i1                         1.6394196 1.4686381 0.9906976 1.8230753 1.7879911 1.8378258 1.0990811 2.0698755 1.0262498 1.6781169 1.8032735 1.7188814 1.7433326 1.6317949 1.6620765 1.7270347 1.7468821 1.6983820 1.5282024 1.9692662 1.9326189 1.2760672 2.0559117 1.5847774 1.7739202 1.7739202 1.6356069 1.5844469 1.6001981 1.5137340 1.6324873 2.0765089 1.8703670 1.6913300 1.6719690 1.9997505 2.0486601 1.6817712 1.7087898 1.8954918 1.9555625 1.7704881 1.9132227 1.4282301 0.5289995 0.5751904 0.5633314 0.5467910 0.6249732 0.4612536 0.5852802 0.6811915 0.6588524 0.1013960 0.0000000 0.7350140 1.7913035 2.6084439 
Eupdun_Edun_sb10635463                              1.7151813 1.6622481 0.9660307 1.8267885 1.8634436 1.9701083 1.1026935 2.1277835 1.0338197 1.8079420 2.0594522 1.7468215 1.8988532 1.6810493 1.7669604 1.8469183 1.8019761 1.7880139 1.9632179 1.8020844 2.1481138 1.2906531 1.9536739 1.4847345 2.0402364 2.0402364 1.7202871 1.9837091 2.0022584 1.8219793 1.8874478 2.0980428 2.1740743 2.0053764 1.8344342 1.9522651 2.1273861 1.7491572 1.7069604 1.8745976 1.9660172 2.0707039 1.7975329 1.4277779 0.8850356 0.9761922 0.7984217 0.7596687 0.7397756 0.7373764 0.7647860 0.8017273 0.9970122 0.7538442 0.7350140 0.0000000 1.6996515 2.7918855 
Exapal_XM_021056413.2                               1.2520986 1.3500330 0.6554314 1.4961655 1.2987328 1.5075373 0.8453911 1.4694508 0.1998069 1.1303785 1.2551809 1.1481605 1.2874207 1.1012826 1.1785282 1.1495491 1.1704736 1.0096139 1.2083736 1.3582745 1.7206109 0.8705031 1.4632552 1.0863713 1.6690239 1.6690239 1.3944154 1.4113056 1.4271734 1.3755398 1.8300361 1.4360939 1.4831076 1.5426149 1.3923560 1.4602395 1.4456199 1.3611373 1.1992132 1.4211031 2.0555360 1.6265064 1.8142493 1.3399685 1.7182719 1.7109110 1.6735564 1.6437755 2.0141576 1.3762859 1.4731478 1.9569871 1.9998004 1.7036539 1.7913035 1.6996515 0.0000000 2.3736919 
Plajan_Pjan_scaffold21919_01                        2.1588034 2.4881499 0.6272113 1.9752975 2.1223659 4.2530455 1.6129838 2.7548833 1.1589711 2.2382532 2.3740665 3.4258524 3.7656512 3.1501011 3.6862597 2.9864547 2.5955259 2.9118804 3.6406056 2.3557274 2.9580330 1.1310185 2.8088355 2.5138157 3.2705512 3.2705512 2.1148623 2.4123181 2.4123181 1.6822629 2.4106832 4.0606380 3.2994828 2.7944632 2.8800407 3.5454295 3.5015371 2.7093502 2.1369758 2.1493145 3.9737036 2.7989344 3.1615783 2.8820483 2.5978053 3.0086965 2.7584147 2.7208085 2.2932679 2.2287904 2.1060912 2.4655627 3.5197844 2.6250971 2.6084439 2.7918855 2.3736919 0.0000000 
