58
Hsap_ENST00000379663                                0.0000000 0.7373673 1.1404290 0.9530692 1.1340636 1.3184954 1.3028233 1.1829645 1.3560318 1.2933229 1.2031550 1.2651446 1.0268431 1.7003670 2.2056512 2.2071839 1.4940608 1.4708177 1.4787560 1.3841448 1.1180924 1.8681346 1.1215581 1.3158694 1.7466499 1.4482793 1.5689176 1.4527674 1.1811341 1.9725686 1.9438520 2.0155634 2.0021594 2.1364091 2.1411714 1.8949889 1.5311219 1.7031810 1.6608068 1.4475721 2.2344001 2.2813239 1.3612541 1.9457097 1.5377937 2.0888915 1.9338123 1.9177599 1.6754815 1.6692370 1.7794439 3.2018832 1.9052499 1.8149140 1.7892798 1.9936067 2.0969002 3.0655648 
Ctel_gnl_WGS_AMQN_CAPTEDRAFT_mRNA176766             0.7373673 0.0000000 0.6439354 0.7755083 0.8591636 1.0097635 1.1291754 1.0488849 1.1916013 1.0272282 1.0474990 0.9831979 0.8996265 1.3143346 1.6153251 1.5518647 1.0263270 1.0254064 1.2128638 1.2022504 0.9705057 1.4791136 1.0381219 0.7552901 1.0636333 1.1969987 1.2559400 1.0956189 1.2001027 1.5685151 1.4758260 1.5181972 1.5690958 1.4994514 1.5069720 1.3571785 1.2434653 1.2403312 1.1743466 1.2281843 1.5014219 2.0590471 1.5367884 1.7496012 1.6999417 2.0483567 1.7036606 1.7201489 1.6362512 1.8186711 1.8740265 3.0645613 1.4752442 1.5490767 1.4415573 1.4469823 1.6165579 2.1052846 
Cgig_XM_011458333.3                                 1.1404290 0.6439354 0.0000000 1.0593191 1.1941112 1.4482300 1.4615554 1.3197631 1.5379910 1.4325381 1.4080952 1.4601873 0.7641565 1.6304442 2.0023088 1.8580311 1.4847740 1.3413674 1.4935480 1.3693287 1.1012692 1.7588675 1.0301233 1.2775641 1.3115395 1.2873925 1.6062585 1.5395538 1.1176652 1.8186586 1.8140341 1.9393792 1.9098482 1.9650414 1.9558802 1.9728900 1.6333504 1.6288289 1.6151053 1.3701553 1.9157320 2.7065093 1.3988402 2.1647859 1.7523339 2.6351483 2.0668994 2.1207222 1.8976060 1.8277651 1.9172050 4.4996853 1.7965543 1.7268049 2.0650464 1.8299024 2.4116988 3.1132495 
Bralan_BLAG06000555_1                               0.9530692 0.7755083 1.0593191 0.0000000 1.0341973 1.0982819 1.2615987 1.0750941 1.1614448 1.1264742 1.0831238 1.1682219 0.8662316 1.5306368 1.8558171 1.8040733 1.2781003 1.2171399 1.2482118 1.3507120 0.9100614 1.6350083 1.1156257 1.1192347 1.2756935 1.2547386 1.3758455 1.4095952 1.1973792 1.8719366 1.7764708 1.6498131 1.6414709 1.7218270 1.7294656 1.8221783 1.3265642 1.5687596 1.4501009 1.3889371 1.9210051 2.5190257 1.3771341 2.0727261 1.6342249 2.4418775 1.9632278 2.0470454 2.0428011 1.9024844 2.0435895 4.1639407 1.8959584 1.6721229 1.8879589 1.7475819 2.1425890 3.0524908 
Spur_XM_030980307.1                                 1.1340636 0.8591636 1.1941112 1.0341973 0.0000000 1.2513083 1.4577145 1.4398941 1.4026602 1.3078641 1.3195844 1.4598525 0.7588854 1.5850672 2.0694146 1.8869028 1.5926540 1.6384454 1.4760426 1.4486483 1.0612056 1.7319015 1.1279114 1.4111654 1.6144056 1.3873452 1.4945183 1.5636831 1.2215467 2.2611133 2.1299039 2.0581850 2.0801383 2.0888911 2.1057730 1.8181708 1.7368512 1.6903150 1.6683482 1.5608806 2.1726316 3.2420379 1.3616236 2.2909646 1.7042636 2.7204947 2.2131641 2.3527300 1.9332713 2.0706828 2.1795411 4.9310671 1.9726775 1.8106144 1.9059141 2.0259024 2.3734561 3.2061236 
Exapal_XM_028663233.1                               1.3184954 1.0097635 1.4482300 1.0982819 1.2513083 0.0000000 0.7200826 0.6288433 0.7623702 0.7012887 0.6462333 0.7300487 0.6719711 1.2482001 1.5163943 1.4444059 0.6744843 1.2164728 1.0237509 1.1429898 1.0985313 1.4905827 1.3474960 1.5266241 1.5030614 1.3787973 1.5023567 1.4892599 1.0666335 1.7586050 1.5742089 1.5103895 1.5066074 1.5707379 1.5662112 1.9625224 1.5906078 1.6885514 1.5383085 1.4074805 1.9642483 2.4456499 1.2807435 2.0747585 1.6282318 2.2411730 2.0496172 2.0406523 1.8682429 1.8819859 2.0358404 4.2915711 2.0349231 1.8529705 1.8807430 1.6554274 1.4692266 2.5882211 
Amil_Amillepora08458-RA                             1.3028233 1.1291754 1.4615554 1.2615987 1.4577145 0.7200826 0.0000000 0.3704380 0.5506328 0.4992965 0.3737622 0.5352041 0.8011014 1.4102277 1.6806352 1.5481773 0.8558544 1.2966722 1.1023357 1.2522163 1.1332237 1.4757364 1.3593243 1.7889126 1.5979194 1.4370558 1.5891741 1.4253964 1.1639699 1.7439419 1.6578295 1.6764966 1.6730881 1.6754658 1.6853888 2.0528428 1.6206269 1.4717498 1.5567820 1.3709523 1.8474111 1.9841715 1.2875678 1.8142493 1.5367440 2.0283832 1.7945366 1.7715634 1.7323034 1.6995307 1.8485444 3.5379692 1.8770892 2.0936871 1.9780415 1.8194115 2.1372107 2.6200032 
Fspp_ffun1.m4.9828.m1                               1.1829645 1.0488849 1.3197631 1.0750941 1.4398941 0.6288433 0.3704380 0.0000000 0.2872102 0.2653030 0.2340150 0.3290609 0.7285276 1.1728132 1.5546494 1.4251355 0.7907620 1.2762713 0.9825564 1.1783813 1.1454154 1.4149154 1.3778179 1.5539043 1.2964224 1.2338295 1.5154737 1.4144845 1.0292942 1.5564449 1.4408899 1.4775030 1.5116227 1.4879764 1.4970243 1.8648166 1.5053559 1.5176969 1.4539969 1.4005859 1.6244779 2.1059946 1.2052553 1.8175913 1.4974289 2.1773916 1.6677061 1.7477941 1.7716819 1.6143385 1.7948059 4.4751810 1.9756683 1.9418174 1.8076527 1.6559859 2.0187328 2.1725245 
Spis_XP_022807592_1                                 1.3560318 1.1916013 1.5379910 1.1614448 1.4026602 0.7623702 0.5506328 0.2872102 0.0000000 0.1859235 0.3864540 0.5339175 0.8345754 1.4172872 1.7992098 1.5980205 0.8701553 1.3850286 1.1051211 1.3137710 1.2270354 1.4827826 1.4291086 1.5663806 1.5217043 1.4232841 1.5709586 1.4745226 1.1435712 1.8535692 1.7424629 1.7667233 1.7867916 1.8043432 1.8151612 2.0556506 1.6500725 1.7873642 1.7077123 1.5813543 1.9098375 2.0262088 1.2843288 1.8694921 1.5387229 2.1197080 1.8879654 1.8761097 1.8197271 1.7297039 1.8826249 4.5089717 2.0422346 2.0110859 2.0353235 1.7562528 2.2359759 2.3817382 
Pocdam_XM_027204079.1                               1.2933229 1.0272282 1.4325381 1.1264742 1.3078641 0.7012887 0.4992965 0.2653030 0.1859235 0.0000000 0.3387347 0.5267691 0.6809307 1.2874134 1.6697856 1.4655585 0.8717332 1.4608922 1.0289050 1.2352910 1.1073401 1.3560226 1.3221362 1.5486198 1.4891445 1.3145281 1.5272980 1.3368391 1.0215091 1.6346718 1.6450034 1.5898839 1.6062774 1.6476988 1.6573497 1.9098652 1.4861429 1.5814808 1.5149019 1.4528639 1.7005928 2.2190800 1.1832843 1.9407495 1.5775437 2.2283699 1.8853306 1.9235139 1.9019736 1.7515499 1.9326103 4.8798327 1.9153220 2.0273552 1.9068038 1.7855246 2.0453685 2.5752837 
Gfas_gfas1.m1.1840.m1                               1.2031550 1.0474990 1.4080952 1.0831238 1.3195844 0.6462333 0.3737622 0.2340150 0.3864540 0.3387347 0.0000000 0.4310856 0.7099259 1.1985168 1.4931540 1.3779432 0.7684874 1.2307320 0.9679135 1.1582204 1.0318970 1.3162385 1.3536007 1.5060218 1.2278942 1.1360989 1.4647177 1.3238472 1.1030601 1.5708967 1.5779130 1.5556137 1.5819886 1.5865270 1.6030039 1.8428729 1.4172844 1.3660928 1.3926272 1.2957210 1.5891953 2.0363167 1.2450667 1.8565069 1.4564619 2.0742950 1.7064123 1.7679271 1.6959037 1.6521366 1.8402813 4.0732385 1.9172794 1.9848455 1.7259456 1.7581352 2.0447459 2.1190023 
Gasp_gasp1.m3.26195.m1                              1.2651446 0.9831979 1.4601873 1.1682219 1.4598525 0.7300487 0.5352041 0.3290609 0.5339175 0.5267691 0.4310856 0.0000000 0.7246404 1.3367320 1.6109195 1.6574630 0.9038539 1.2660651 1.0923238 1.3017456 1.1966188 1.4404201 1.3793135 1.6260105 1.4904506 1.2467733 1.5578902 1.3531101 1.0191864 1.6969494 1.6059180 1.6249070 1.6639208 1.5909303 1.6010319 1.8845787 1.7188267 1.5520308 1.5567968 1.3984488 2.0553309 2.1523421 1.1848785 1.8205102 1.3066805 1.9268408 1.6762994 1.7709604 1.6532869 1.4957363 1.6417238 4.0433190 1.9543809 1.8821630 1.8975432 1.8143114 2.0661768 2.7956070 
Aaur_scaffold652.g8.t1                              1.0268431 0.8996265 0.7641565 0.8662316 0.7588854 0.6719711 0.8011014 0.7285276 0.8345754 0.6809307 0.7099259 0.7246404 0.0000000 0.3503829 0.4585310 0.4551145 0.7876155 0.6916595 0.7849312 0.8581437 0.9036089 0.7288958 1.1796801 1.0693447 0.7090007 0.9003301 1.0112380 1.0125162 1.1540032 1.1288410 1.0257096 1.0229091 1.0538308 1.0849334 1.0957806 1.2120843 1.1407947 1.0904827 1.0664930 1.1194215 1.0930237 1.0959648 1.0863514 1.0710319 1.1015427 0.9659061 1.3516747 1.3318539 1.0773763 1.3809186 1.4262208 0.0000010 1.1920387 1.1327768 1.2341854 0.8303692 0.6969572 0.5803935 
Sanmal_Sma_010671-T1                                1.7003670 1.3143346 1.6304442 1.5306368 1.5850672 1.2482001 1.4102277 1.1728132 1.4172872 1.2874134 1.1985168 1.3367320 0.3503829 0.0000000 1.1374572 0.9891499 1.3446436 1.4976759 1.5135658 1.5721543 1.5603483 1.5717745 1.4331987 1.6117706 1.6169333 1.3898104 1.8732664 1.6757721 1.2227157 1.8512888 1.7233321 1.7843067 1.8786400 1.8143240 1.8365210 2.1188373 1.9543756 1.9762190 1.9357783 1.8688928 2.4437422 3.1365960 1.3232728 2.2005146 1.7940386 2.7056835 1.9411539 2.1517050 2.0372143 1.9723959 2.1764445 4.5917545 2.0940649 2.1622163 2.1510604 1.7944125 1.4423330 2.6030677 
Nemnom_g15356.t1                                    2.2056512 1.6153251 2.0023088 1.8558171 2.0694146 1.5163943 1.6806352 1.5546494 1.7992098 1.6697856 1.4931540 1.6109195 0.4585310 1.1374572 0.0000000 0.3722718 1.7506595 1.7457382 1.9654667 1.7448947 1.9304290 1.7729712 1.4626968 2.0975435 1.8169113 1.6703988 1.9386512 1.8174593 1.4570615 2.1757744 2.0920145 2.1755799 2.2426168 2.3762458 2.3862705 2.2678121 2.4519307 2.1777798 2.1931450 1.9966688 2.9334905 3.5000221 1.5508857 2.4831455 2.0836497 3.1835153 2.3022826 2.4641371 2.1917303 2.0707552 2.3100458 4.7760480 2.4321932 2.2506988 2.3096926 2.3883447 1.7449780 2.4305981 
Rhoesc_Res_000410-T1                                2.2071839 1.5518647 1.8580311 1.8040733 1.8869028 1.4444059 1.5481773 1.4251355 1.5980205 1.4655585 1.3779432 1.6574630 0.4551145 0.9891499 0.3722718 0.0000000 1.6561253 1.7026219 1.7782571 1.6948085 1.8126417 1.7281365 1.5576390 1.9637512 1.7087425 1.5367773 1.8710761 1.8050891 1.4710847 2.1627959 2.0155243 2.1147398 2.2047247 2.2047108 2.2323567 2.1881610 2.2389195 2.1041392 1.9672747 1.9125709 2.7878833 3.1594020 1.4574523 2.3594406 1.9407751 2.9984336 2.3144517 2.4322004 2.2056846 2.0933650 2.2990367 4.9821328 2.3830563 2.1682662 2.3894459 2.1513135 1.6243529 2.3909443 
Nvec_v1g106193                                      1.4940608 1.0263270 1.4847740 1.2781003 1.5926540 0.6744843 0.8558544 0.7907620 0.8701553 0.8717332 0.7684874 0.9038539 0.7876155 1.3446436 1.7506595 1.6561253 0.0000000 1.3145379 1.1193066 1.3275609 1.2729304 1.5269610 1.3247151 1.5546216 1.5199211 1.3866860 1.7009445 1.5982642 1.2331887 1.7988165 1.6682893 1.6307740 1.6529722 1.6874136 1.6971722 2.0835834 1.6348309 1.6143041 1.6573974 1.4797823 2.1784152 2.2536093 1.1913983 1.9769124 1.4377711 2.0067881 1.9220117 1.9946788 1.9029423 1.9356437 2.1067744 4.6101134 2.0842280 2.0792630 2.1398579 1.7995202 2.0308387 2.6711721 
Plajan_Pjan_C560836_01                              1.4708177 1.0254064 1.3413674 1.2171399 1.6384454 1.2164728 1.2966722 1.2762713 1.3850286 1.4608922 1.2307320 1.2660651 0.6916595 1.4976759 1.7457382 1.7026219 1.3145379 0.0000000 1.4100821 1.2888978 1.3312360 1.5646937 1.3433186 1.5332549 1.4167506 1.2768451 1.3552509 1.1773304 1.1790018 1.8850878 1.7987527 1.7239555 1.7618192 1.7274906 1.7363562 1.7584411 1.2372839 1.4992894 1.4611967 1.3152398 1.6660598 2.7666643 1.3048460 2.0024480 1.6810108 2.5499662 1.9316775 1.9690969 1.7488000 1.7635082 1.9225885 3.5752795 2.3291868 1.7805228 1.8174204 1.8069030 2.1251483 2.9026747 
Dgig_XM_028556909.1                                 1.4787560 1.2128638 1.4935480 1.2482118 1.4760426 1.0237509 1.1023357 0.9825564 1.1051211 1.0289050 0.9679135 1.0923238 0.7849312 1.5135658 1.9654667 1.7782571 1.1193066 1.4100821 0.0000000 0.7952687 1.1563171 1.6060223 1.5579196 1.6749051 1.6870894 1.4434527 1.5777123 1.5991568 1.2356062 1.8311132 1.7761518 1.7031354 1.7063275 1.6969496 1.6889582 1.9621322 1.6350290 1.7109433 1.7540331 1.5534097 2.1312719 2.3084595 1.1788108 1.8424045 1.5643922 2.1608801 1.9954044 2.1451379 1.7812209 1.8014494 1.8697401 4.6687176 2.0530351 2.2102588 1.8446019 1.8892930 2.1474858 2.7702375 
Xesp_014019-T1                                      1.3841448 1.2022504 1.3693287 1.3507120 1.4486483 1.1429898 1.2522163 1.1783813 1.3137710 1.2352910 1.1582204 1.3017456 0.8581437 1.5721543 1.7448947 1.6948085 1.3275609 1.2888978 0.7952687 0.0000000 1.4019798 1.6175076 1.4568863 1.5624317 1.6397804 1.5164430 1.5464569 1.3807123 1.1721644 1.7602945 1.6355359 1.6667409 1.6813332 1.6619129 1.6670384 1.7874150 1.7542194 1.7291478 1.9540833 1.4906991 2.0917349 2.9982898 1.3816715 2.0611011 2.1408037 2.6199198 2.3263350 2.2768488 1.9929258 1.9712902 2.0538659 4.0082128 2.0784329 2.3957552 1.9964601 1.9534477 2.2049353 3.0142046 
Skow_XM_002734788.2                                 1.1180924 0.9705057 1.1012692 0.9100614 1.0612056 1.0985313 1.1332237 1.1454154 1.2270354 1.1073401 1.0318970 1.1966188 0.9036089 1.5603483 1.9304290 1.8126417 1.2729304 1.3312360 1.1563171 1.4019798 0.0000000 1.5979028 1.3252023 1.2803884 1.3549396 1.3432917 1.3557209 1.4815355 1.3651628 2.0072635 1.9676344 1.9172189 1.9403731 1.9165498 1.9073280 1.9116725 1.3733707 1.4732664 1.3691498 1.2687296 1.7832525 2.8986229 1.3802685 2.0047117 1.9258446 2.7746666 2.2349656 2.2170613 1.8431479 1.8798107 1.8794902 4.8044480 2.0015085 1.8713570 1.8396050 1.7467323 2.3722172 2.8981278 
Hvul_g31328_1                                       1.8681346 1.4791136 1.7588675 1.6350083 1.7319015 1.4905827 1.4757364 1.4149154 1.4827826 1.3560226 1.3162385 1.4404201 0.7288958 1.5717745 1.7729712 1.7281365 1.5269610 1.5646937 1.6060223 1.6175076 1.5979028 0.0000000 1.4338179 2.0169761 1.5003932 1.4787230 1.7737375 1.8349852 1.0772518 1.8182972 1.7435101 1.8662606 1.8574635 1.8749088 1.8767893 2.2984894 1.7405689 2.0194421 2.0172272 1.9112691 2.6033462 2.6530456 1.4102489 2.0416397 1.7451832 2.3204550 2.1086452 2.0570448 1.9366334 2.0160713 2.1486799 4.4850995 2.1509058 2.1503257 2.2569401 2.4706369 1.7743313 1.4775868 
Dpul_mRNA10823                                      1.1215581 1.0381219 1.0301233 1.1156257 1.1279114 1.3474960 1.3593243 1.3778179 1.4291086 1.3221362 1.3536007 1.3793135 1.1796801 1.4331987 1.4626968 1.5576390 1.3247151 1.3433186 1.5579196 1.4568863 1.3252023 1.4338179 0.0000000 1.2922665 1.2812327 1.3334711 1.4203461 1.5199490 1.5913616 1.7311988 1.6731032 1.6116673 1.6325456 1.6425398 1.6579312 1.7993600 1.4570079 1.4280427 1.6185024 1.4778634 1.7017486 2.4660748 1.9425486 1.9283008 2.0198838 2.2070802 1.8506930 1.8678460 1.7652645 1.8911612 1.8633139 3.0254967 1.2821121 1.1661274 1.5339566 1.6568279 1.3798268 2.0784898 
Acagra_model.g9150.t1                               1.3158694 0.7552901 1.2775641 1.1192347 1.4111654 1.5266241 1.7889126 1.5539043 1.5663806 1.5486198 1.5060218 1.6260105 1.0693447 1.6117706 2.0975435 1.9637512 1.5546216 1.5332549 1.6749051 1.5624317 1.2803884 2.0169761 1.2922665 0.0000000 1.4359512 1.6572448 1.6613392 1.6662689 1.4376415 2.3252623 2.0303797 1.9797251 2.0534878 2.0818083 2.0896604 1.8737462 1.9537491 2.0026824 1.6715423 1.6327462 2.3593553 2.6308968 1.5081236 2.2405743 1.5930183 2.5841197 2.4385333 2.4212312 2.1880335 2.2262403 2.3129892 5.4854180 2.1920352 2.1255911 2.1938992 1.5815855 2.3296683 2.4395313 
Emue_Em0015g694a.t1                                 1.7466499 1.0636333 1.3115395 1.2756935 1.6144056 1.5030614 1.5979194 1.2964224 1.5217043 1.4891445 1.2278942 1.4904506 0.7090007 1.6169333 1.8169113 1.7087425 1.5199211 1.4167506 1.6870894 1.6397804 1.3549396 1.5003932 1.2812327 1.4359512 0.0000000 0.2073251 0.9730697 1.0738070 1.1663594 1.7056661 1.8208430 1.7001353 1.6704057 1.6678598 1.6707809 1.4805314 1.6559918 1.6400869 1.5489909 1.2850312 1.3683063 3.2946622 1.5439734 2.4235558 2.1375314 2.7293890 2.5232062 2.3494924 2.2251608 2.4466219 2.3872806 4.6874959 1.9513026 2.0022603 1.5534315 1.4523782 2.3331294 2.1846243 
Spolac_c94545_g2_i1_m.10219c94545-g2                1.4482793 1.1969987 1.2873925 1.2547386 1.3873452 1.3787973 1.4370558 1.2338295 1.4232841 1.3145281 1.1360989 1.2467733 0.9003301 1.3898104 1.6703988 1.5367773 1.3866860 1.2768451 1.4434527 1.5164430 1.3432917 1.4787230 1.3334711 1.6572448 0.2073251 0.0000000 0.8852495 0.9884616 1.1805934 1.5806671 1.5301004 1.4751772 1.5052968 1.4563765 1.4571619 1.3750957 1.4597717 1.4859378 1.4091398 1.2563131 1.2570843 3.1274377 1.4919718 1.9025148 2.1153085 2.3890095 1.9977980 1.9644412 1.7666343 2.0936760 2.0854927 4.0142271 1.8657546 1.8929523 1.3804236 1.4664725 1.9783548 2.3306480 
Tetwil_g26801.t2                                    1.5689176 1.2559400 1.6062585 1.3758455 1.4945183 1.5023567 1.5891741 1.5154737 1.5709586 1.5272980 1.4647177 1.5578902 1.0112380 1.8732664 1.9386512 1.8710761 1.7009445 1.3552509 1.5777123 1.5464569 1.3557209 1.7737375 1.4203461 1.6613392 0.9730697 0.8852495 0.0000000 0.9059138 1.2005092 1.8515927 1.7023779 1.6479398 1.6709288 1.6046719 1.6100557 1.4958289 1.7435386 1.4983550 1.3747881 1.1667003 1.1422094 3.0677209 1.3590330 2.1766237 2.0104705 2.8754031 2.1021348 2.1241218 2.1195857 1.9699913 1.9626959 5.0236974 2.1631586 2.1029157 1.5165944 1.6576149 2.1430906 2.3400868 
Xestes_maker-XT_scaffold179729-snap-gene-0.4-mRNA-1 1.4527674 1.0956189 1.5395538 1.4095952 1.5636831 1.4892599 1.4253964 1.4144845 1.4745226 1.3368391 1.3238472 1.3531101 1.0125162 1.6757721 1.8174593 1.8050891 1.5982642 1.1773304 1.5991568 1.3807123 1.4815355 1.8349852 1.5199490 1.6662689 1.0738070 0.9884616 0.9059138 0.0000000 1.1558154 1.6602000 1.5282835 1.5112409 1.5500833 1.5116262 1.5165176 1.1042588 1.7321242 1.5147440 1.4905959 1.3253286 1.3997209 2.7584248 1.4346219 2.1713605 1.8650282 2.2890792 2.1385712 2.1196955 2.0275475 2.1057566 2.0751326 4.2984403 2.1328951 2.0447738 1.5182904 1.6018751 2.1940787 2.9770814 
Tadh_TriadT14906                                    1.1811341 1.2001027 1.1176652 1.1973792 1.2215467 1.0666335 1.1639699 1.0292942 1.1435712 1.0215091 1.1030601 1.0191864 1.1540032 1.2227157 1.4570615 1.4710847 1.2331887 1.1790018 1.2356062 1.1721644 1.3651628 1.0772518 1.5913616 1.4376415 1.1663594 1.1805934 1.2005092 1.1558154 0.0000000 0.0000010 0.1547363 0.1733364 0.1718381 0.1866587 0.1963149 1.5360428 1.3454962 1.5065997 1.4781670 1.4658972 1.2405655 1.9352442 1.8613435 1.8456398 2.0277345 1.8088588 1.8738169 1.8743767 1.6658205 1.8339827 1.8232754 2.4905909 1.7312020 1.7629858 1.5356278 1.5426987 1.2966528 1.3596253 
TrH2_TrispH2_006654-RA                              1.9725686 1.5685151 1.8186586 1.8719366 2.2611133 1.7586050 1.7439419 1.5564449 1.8535692 1.6346718 1.5708967 1.6969494 1.1288410 1.8512888 2.1757744 2.1627959 1.7988165 1.8850878 1.8311132 1.7602945 2.0072635 1.8182972 1.7311988 2.3252623 1.7056661 1.5806671 1.8515927 1.6602000 0.0000010 0.0000000 0.4390222 0.4259744 0.4117607 0.4288783 0.4310097 2.1802327 2.1585115 2.2387741 2.2150865 1.9331207 2.0865744 3.4458325 1.9349331 2.7236469 2.9095957 3.5859171 2.8589856 2.7318888 2.5754678 2.5887613 2.6521316 5.4206130 2.5562500 2.3269991 2.1905990 2.2913865 2.1608728 2.6900273 
HoiH11_mRNA153                                      1.9438520 1.4758260 1.8140341 1.7764708 2.1299039 1.5742089 1.6578295 1.4408899 1.7424629 1.6450034 1.5779130 1.6059180 1.0257096 1.7233321 2.0920145 2.0155243 1.6682893 1.7987527 1.7761518 1.6355359 1.9676344 1.7435101 1.6731032 2.0303797 1.8208430 1.5301004 1.7023779 1.5282835 0.1547363 0.4390222 0.0000000 0.3225161 0.3018214 0.3527718 0.3556697 1.9309085 2.0132716 2.0835713 2.0480896 1.6797671 2.0811828 3.0530001 1.8751165 2.5185674 2.4354662 3.1272818 2.4752520 2.6430150 2.3656249 2.1952781 2.3354917 4.9267741 2.3330377 2.2215576 2.0669638 2.1163453 2.1489225 2.8299885 
HoiH06_mRNA5908                                     2.0155634 1.5181972 1.9393792 1.6498131 2.0581850 1.5103895 1.6764966 1.4775030 1.7667233 1.5898839 1.5556137 1.6249070 1.0229091 1.7843067 2.1755799 2.1147398 1.6307740 1.7239555 1.7031354 1.6667409 1.9172189 1.8662606 1.6116673 1.9797251 1.7001353 1.4751772 1.6479398 1.5112409 0.1733364 0.4259744 0.3225161 0.0000000 0.0727953 0.1781374 0.1806646 1.9148065 2.0322216 2.0853817 2.0477059 1.6728709 2.0195148 3.3320519 1.8569130 2.6439910 2.5023451 3.1859524 2.5801651 2.7793246 2.5843589 2.4385688 2.5786561 5.9536274 2.2109368 2.0728787 2.0405189 2.2751508 2.0953166 2.8168764 
HoiH23_PlH23_005142-RA                              2.0021594 1.5690958 1.9098482 1.6414709 2.0801383 1.5066074 1.6730881 1.5116227 1.7867916 1.6062774 1.5819886 1.6639208 1.0538308 1.8786400 2.2426168 2.2047247 1.6529722 1.7618192 1.7063275 1.6813332 1.9403731 1.8574635 1.6325456 2.0534878 1.6704057 1.5052968 1.6709288 1.5500833 0.1718381 0.4117607 0.3018214 0.0727953 0.0000000 0.1743339 0.1738004 2.0649185 2.0784137 2.0058963 2.0632637 1.6944354 2.0453210 3.3906275 1.8293079 2.6543118 2.5491104 3.3360730 2.6480176 2.8069775 2.6045251 2.4033374 2.5562524 5.7016605 2.2516753 2.0858288 2.0208460 2.2920551 2.0845623 2.8849266 
Hhon_g03624.t1                                      2.1364091 1.4994514 1.9650414 1.7218270 2.0888911 1.5707379 1.6754658 1.4879764 1.8043432 1.6476988 1.5865270 1.5909303 1.0849334 1.8143240 2.3762458 2.2047108 1.6874136 1.7274906 1.6969496 1.6619129 1.9165498 1.8749088 1.6425398 2.0818083 1.6678598 1.4563765 1.6046719 1.5116262 0.1866587 0.4288783 0.3527718 0.1781374 0.1743339 0.0000000 0.0094177 2.0731106 2.1086536 2.0291263 2.0076171 1.7171313 2.0354432 3.3863015 1.8323093 2.6533184 2.4372232 3.2814824 2.6499020 2.7981748 2.5705834 2.4119564 2.5363727 5.9740096 2.3699046 2.1534672 2.0687651 2.1799804 2.1301126 2.8433051 
HoiH04_mRNA11342                                    2.1411714 1.5069720 1.9558802 1.7294656 2.1057730 1.5662112 1.6853888 1.4970243 1.8151612 1.6573497 1.6030039 1.6010319 1.0957806 1.8365210 2.3862705 2.2323567 1.6971722 1.7363562 1.6889582 1.6670384 1.9073280 1.8767893 1.6579312 2.0896604 1.6707809 1.4571619 1.6100557 1.5165176 0.1963149 0.4310097 0.3556697 0.1806646 0.1738004 0.0094177 0.0000000 2.0820181 2.1081025 2.0413005 2.0084354 1.7096991 2.0367925 3.4008985 1.8141530 2.6312849 2.4566126 3.2581432 2.6236112 2.7694520 2.5555076 2.3828677 2.5044950 5.8878017 2.3351479 2.1687791 2.0699368 2.2112306 2.1186259 2.8783466 
Aque_Aqu2.1.39752_001                               1.8949889 1.3571785 1.9728900 1.8221783 1.8181708 1.9625224 2.0528428 1.8648166 2.0556506 1.9098652 1.8428729 1.8845787 1.2120843 2.1188373 2.2678121 2.1881610 2.0835834 1.7584411 1.9621322 1.7874150 1.9116725 2.2984894 1.7993600 1.8737462 1.4805314 1.3750957 1.4958289 1.1042588 1.5360428 2.1802327 1.9309085 1.9148065 2.0649185 2.0731106 2.0820181 0.0000000 2.1384300 1.9515513 1.8701237 1.7072325 2.1252192 3.1296644 1.8119968 2.5159736 1.9871842 3.0767031 2.6173004 2.6674988 2.2238800 2.3640606 2.4339740 4.9603930 2.4883089 2.3214721 1.9587784 1.9610726 2.3171499 3.3840797 
Opea_EP00118_Oscarella_pearsei_P002203              1.5311219 1.2434653 1.6333504 1.3265642 1.7368512 1.5906078 1.6206269 1.5053559 1.6500725 1.4861429 1.4172844 1.7188267 1.1407947 1.9543756 2.4519307 2.2389195 1.6348309 1.2372839 1.6350290 1.7542194 1.3733707 1.7405689 1.4570079 1.9537491 1.6559918 1.4597717 1.7435386 1.7321242 1.3454962 2.1585115 2.0132716 2.0322216 2.0784137 2.1086536 2.1081025 2.1384300 0.0000000 1.7259377 1.6440071 1.6107468 2.2818162 3.1517419 1.4460160 2.4012690 1.8714494 2.8115583 2.1422687 2.3628936 2.1794242 2.1454131 2.2383281 4.7584661 2.5269049 2.3458646 1.9952889 2.0582403 2.4682954 3.3206446 
Scil_scict007565.1                                  1.7031810 1.2403312 1.6288289 1.5687596 1.6903150 1.6885514 1.4717498 1.5176969 1.7873642 1.5814808 1.3660928 1.5520308 1.0904827 1.9762190 2.1777798 2.1041392 1.6143041 1.4992894 1.7109433 1.7291478 1.4732664 2.0194421 1.4280427 2.0026824 1.6400869 1.4859378 1.4983550 1.5147440 1.5065997 2.2387741 2.0835713 2.0853817 2.0058963 2.0291263 2.0413005 1.9515513 1.7259377 0.0000000 0.6249179 0.5700562 2.1248209 2.7666209 1.5193672 2.1945988 2.0511837 2.7269240 1.9738918 2.0841911 2.0999384 2.2092881 2.1927762 5.6806367 2.1019972 1.9458950 1.8534750 1.4119023 2.6139375 3.1310158 
Lcom_lcpid36080                                     1.6608068 1.1743466 1.6151053 1.4501009 1.6683482 1.5383085 1.5567820 1.4539969 1.7077123 1.5149019 1.3926272 1.5567968 1.0664930 1.9357783 2.1931450 1.9672747 1.6573974 1.4611967 1.7540331 1.9540833 1.3691498 2.0172272 1.6185024 1.6715423 1.5489909 1.4091398 1.3747881 1.4905959 1.4781670 2.2150865 2.0480896 2.0477059 2.0632637 2.0076171 2.0084354 1.8701237 1.6440071 0.6249179 0.0000000 0.4612403 1.9187411 3.2113442 1.5037479 2.2130497 2.1096868 2.9148106 2.2057221 2.1430655 2.1883980 2.1582800 2.1686600 5.8131017 2.1861362 2.1665369 1.8920686 1.1646008 2.7597722 2.9061477 
Gracom_Gcom_scaffold12155_01                        1.4475721 1.2281843 1.3701553 1.3889371 1.5608806 1.4074805 1.3709523 1.4005859 1.5813543 1.4528639 1.2957210 1.3984488 1.1194215 1.8688928 1.9966688 1.9125709 1.4797823 1.3152398 1.5534097 1.4906991 1.2687296 1.9112691 1.4778634 1.6327462 1.2850312 1.2563131 1.1667003 1.3253286 1.4658972 1.9331207 1.6797671 1.6728709 1.6944354 1.7171313 1.7096991 1.7072325 1.6107468 0.5700562 0.4612403 0.0000000 1.5485137 2.7470216 1.5936833 2.0978161 2.1079285 2.4516345 2.0132470 2.0773768 1.8577699 1.9395602 1.9392627 5.9966150 1.9773382 2.0952741 1.7055265 1.1205854 2.1647979 2.3954124 
Stycar_maker-SC_scaffold5961-snap-gene-0.62-mRNA-1  2.2344001 1.5014219 1.9157320 1.9210051 2.1726316 1.9642483 1.8474111 1.6244779 1.9098375 1.7005928 1.5891953 2.0553309 1.0930237 2.4437422 2.9334905 2.7878833 2.1784152 1.6660598 2.1312719 2.0917349 1.7832525 2.6033462 1.7017486 2.3593553 1.3683063 1.2570843 1.1422094 1.3997209 1.2405655 2.0865744 2.0811828 2.0195148 2.0453210 2.0354432 2.0367925 2.1252192 2.2818162 2.1248209 1.9187411 1.5485137 0.0000000 4.0222703 1.8776311 3.2585443 3.4067004 4.4583045 3.0664597 3.1092245 3.1256057 2.9956245 2.9999675 8.2232095 3.0278868 2.6786393 2.0116985 2.2008406 3.0391064 3.6386537 
Mlei_ML0216.g3.i1                                   2.2813239 2.0590471 2.7065093 2.5190257 3.2420379 2.4456499 1.9841715 2.1059946 2.0262088 2.2190800 2.0363167 2.1523421 1.0959648 3.1365960 3.5000221 3.1594020 2.2536093 2.7666643 2.3084595 2.9982898 2.8986229 2.6530456 2.4660748 2.6308968 3.2946622 3.1274377 3.0677209 2.7584248 1.9352442 3.4458325 3.0530001 3.3320519 3.3906275 3.3863015 3.4008985 3.1296644 3.1517419 2.7666209 3.2113442 2.7470216 4.0222703 0.0000000 0.0887318 0.2016737 0.0711577 0.2507677 0.5708289 0.4288193 0.4669071 0.4072237 0.4362641 0.6145322 3.3180925 2.6743022 2.6254079 3.0799483 7.1796415 3.2505142 
Bolinf_Binf_sb1223755                               1.3612541 1.5367884 1.3988402 1.3771341 1.3616236 1.2807435 1.2875678 1.2052553 1.2843288 1.1832843 1.2450667 1.1848785 1.0863514 1.3232728 1.5508857 1.4574523 1.1913983 1.3048460 1.1788108 1.3816715 1.3802685 1.4102489 1.9425486 1.5081236 1.5439734 1.4919718 1.3590330 1.4346219 1.8613435 1.9349331 1.8751165 1.8569130 1.8293079 1.8323093 1.8141530 1.8119968 1.4460160 1.5193672 1.5037479 1.5936833 1.8776311 0.0887318 0.0000000 0.0130247 0.0816666 0.0808214 0.3243912 0.3255573 0.2799893 0.3327715 0.3306931 0.3137066 1.8989666 1.8816453 1.5593069 1.4592481 1.5204819 2.0157107 
Mertsp_Mesp_sb537130                                1.9457097 1.7496012 2.1647859 2.0727261 2.2909646 2.0747585 1.8142493 1.8175913 1.8694921 1.9407495 1.8565069 1.8205102 1.0710319 2.2005146 2.4831455 2.3594406 1.9769124 2.0024480 1.8424045 2.0611011 2.0047117 2.0416397 1.9283008 2.2405743 2.4235558 1.9025148 2.1766237 2.1713605 1.8456398 2.7236469 2.5185674 2.6439910 2.6543118 2.6533184 2.6312849 2.5159736 2.4012690 2.1945988 2.2130497 2.0978161 3.2585443 0.2016737 0.0130247 0.0000000 0.0938111 0.2673900 0.5309897 0.4488551 0.4125896 0.4293782 0.4627248 0.7236393 2.5938789 2.2487552 2.2994182 2.4605017 2.8882734 3.6489583 
Beraby_Baby_sb328961                                1.5377937 1.6999417 1.7523339 1.6342249 1.7042636 1.6282318 1.5367440 1.4974289 1.5387229 1.5775437 1.4564619 1.3066805 1.1015427 1.7940386 2.0836497 1.9407751 1.4377711 1.6810108 1.5643922 2.1408037 1.9258446 1.7451832 2.0198838 1.5930183 2.1375314 2.1153085 2.0104705 1.8650282 2.0277345 2.9095957 2.4354662 2.5023451 2.5491104 2.4372232 2.4566126 1.9871842 1.8714494 2.0511837 2.1096868 2.1079285 3.4067004 0.0711577 0.0816666 0.0938111 0.0000000 0.1278200 0.2505382 0.2466220 0.2909323 0.3136524 0.3137956 0.5879875 2.0247223 2.1282054 1.7582199 1.9445655 2.0257226 2.6575592 
Drygla_Dgla_sb289516                                2.0888915 2.0483567 2.6351483 2.4418775 2.7204947 2.2411730 2.0283832 2.1773916 2.1197080 2.2283699 2.0742950 1.9268408 0.9659061 2.7056835 3.1835153 2.9984336 2.0067881 2.5499662 2.1608801 2.6199198 2.7746666 2.3204550 2.2070802 2.5841197 2.7293890 2.3890095 2.8754031 2.2890792 1.8088588 3.5859171 3.1272818 3.1859524 3.3360730 3.2814824 3.2581432 3.0767031 2.8115583 2.7269240 2.9148106 2.4516345 4.4583045 0.2507677 0.0808214 0.2673900 0.1278200 0.0000000 0.5484065 0.4462874 0.4829109 0.3999829 0.4401081 0.6791290 3.0762548 2.6528573 2.6915909 3.0009577 3.8882064 3.4854476 
Pbac_sb2661242                                      1.9338123 1.7036606 2.0668994 1.9632278 2.2131641 2.0496172 1.7945366 1.6677061 1.8879654 1.8853306 1.7064123 1.6762994 1.3516747 1.9411539 2.3022826 2.3144517 1.9220117 1.9316775 1.9954044 2.3263350 2.2349656 2.1086452 1.8506930 2.4385333 2.5232062 1.9977980 2.1021348 2.1385712 1.8738169 2.8589856 2.4752520 2.5801651 2.6480176 2.6499020 2.6236112 2.6173004 2.1422687 1.9738918 2.2057221 2.0132470 3.0664597 0.5708289 0.3243912 0.5309897 0.2505382 0.5484065 0.0000000 0.0813731 0.5619901 0.5772939 0.5898859 1.0890515 2.6040257 2.5595615 2.2178743 2.3129218 2.4188119 3.5226044 
Horcal_Hcv1.av93.c5.g160.i1                         1.9177599 1.7201489 2.1207222 2.0470454 2.3527300 2.0406523 1.7715634 1.7477941 1.8761097 1.9235139 1.7679271 1.7709604 1.3318539 2.1517050 2.4641371 2.4322004 1.9946788 1.9690969 2.1451379 2.2768488 2.2170613 2.0570448 1.8678460 2.4212312 2.3494924 1.9644412 2.1241218 2.1196955 1.8743767 2.7318888 2.6430150 2.7793246 2.8069775 2.7981748 2.7694520 2.6674988 2.3628936 2.0841911 2.1430655 2.0773768 3.1092245 0.4288193 0.3255573 0.4488551 0.2466220 0.4462874 0.0813731 0.0000000 0.4803460 0.5002429 0.5202529 0.7482752 2.5866322 2.5241002 2.3391432 2.4216639 2.6199699 3.3765937 
Vmul_sbMO408701                                     1.6754815 1.6362512 1.8976060 2.0428011 1.9332713 1.8682429 1.7323034 1.7716819 1.8197271 1.9019736 1.6959037 1.6532869 1.0773763 2.0372143 2.1917303 2.2056846 1.9029423 1.7488000 1.7812209 1.9929258 1.8431479 1.9366334 1.7652645 2.1880335 2.2251608 1.7666343 2.1195857 2.0275475 1.6658205 2.5754678 2.3656249 2.5843589 2.6045251 2.5705834 2.5555076 2.2238800 2.1794242 2.0999384 2.1883980 1.8577699 3.1256057 0.4669071 0.2799893 0.4125896 0.2909323 0.4829109 0.5619901 0.4803460 0.0000000 0.2982504 0.3271027 0.6522481 2.4777083 2.1267633 2.0472780 2.3337149 2.7450675 3.5105854 
Coeast_Cast_sb798377                                1.6692370 1.8186711 1.8277651 1.9024844 2.0706828 1.8819859 1.6995307 1.6143385 1.7297039 1.7515499 1.6521366 1.4957363 1.3809186 1.9723959 2.0707552 2.0933650 1.9356437 1.7635082 1.8014494 1.9712902 1.8798107 2.0160713 1.8911612 2.2262403 2.4466219 2.0936760 1.9699913 2.1057566 1.8339827 2.5887613 2.1952781 2.4385688 2.4033374 2.4119564 2.3828677 2.3640606 2.1454131 2.2092881 2.1582800 1.9395602 2.9956245 0.4072237 0.3327715 0.4293782 0.3136524 0.3999829 0.5772939 0.5002429 0.2982504 0.0000000 0.0183032 0.6320316 2.3350858 2.2695883 2.0760579 2.3201190 2.5011633 2.7833787 
Coemet_Cmet_C599673_01                              1.7794439 1.8740265 1.9172050 2.0435895 2.1795411 2.0358404 1.8485444 1.7948059 1.8826249 1.9326103 1.8402813 1.6417238 1.4262208 2.1764445 2.3100458 2.2990367 2.1067744 1.9225885 1.8697401 2.0538659 1.8794902 2.1486799 1.8633139 2.3129892 2.3872806 2.0854927 1.9626959 2.0751326 1.8232754 2.6521316 2.3354917 2.5786561 2.5562524 2.5363727 2.5044950 2.4339740 2.2383281 2.1927762 2.1686600 1.9392627 2.9999675 0.4362641 0.3306931 0.4627248 0.3137956 0.4401081 0.5898859 0.5202529 0.3271027 0.0183032 0.0000000 0.6457541 2.4516950 2.2677815 2.1472914 2.4888515 2.7983907 3.0474423 
Eupdun_Edun_sb10623006                              3.2018832 3.0645613 4.4996853 4.1639407 4.9310671 4.2915711 3.5379692 4.4751810 4.5089717 4.8798327 4.0732385 4.0433190 0.0000010 4.5917545 4.7760480 4.9821328 4.6101134 3.5752795 4.6687176 4.0082128 4.8044480 4.4850995 3.0254967 5.4854180 4.6874959 4.0142271 5.0236974 4.2984403 2.4905909 5.4206130 4.9267741 5.9536274 5.7016605 5.9740096 5.8878017 4.9603930 4.7584661 5.6806367 5.8131017 5.9966150 8.2232095 0.6145322 0.3137066 0.7236393 0.5879875 0.6791290 1.0890515 0.7482752 0.6522481 0.6320316 0.6457541 0.0000000 4.2313062 4.6998991 4.1340076 5.3727606 8.9999989 4.3698312 
Cscu_XM_023362909.1                                 1.9052499 1.4752442 1.7965543 1.8959584 1.9726775 2.0349231 1.8770892 1.9756683 2.0422346 1.9153220 1.9172794 1.9543809 1.1920387 2.0940649 2.4321932 2.3830563 2.0842280 2.3291868 2.0530351 2.0784329 2.0015085 2.1509058 1.2821121 2.1920352 1.9513026 1.8657546 2.1631586 2.1328951 1.7312020 2.5562500 2.3330377 2.2109368 2.2516753 2.3699046 2.3351479 2.4883089 2.5269049 2.1019972 2.1861362 1.9773382 3.0278868 3.3180925 1.8989666 2.5938789 2.0247223 3.0762548 2.6040257 2.5866322 2.4777083 2.3350858 2.4516950 4.2313062 0.0000000 1.9876739 2.5055746 2.3825169 2.7417570 3.3926986 
Tcas_TC007574_001                                   1.8149140 1.5490767 1.7268049 1.6721229 1.8106144 1.8529705 2.0936871 1.9418174 2.0110859 2.0273552 1.9848455 1.8821630 1.1327768 2.1622163 2.2506988 2.1682662 2.0792630 1.7805228 2.2102588 2.3957552 1.8713570 2.1503257 1.1661274 2.1255911 2.0022603 1.8929523 2.1029157 2.0447738 1.7629858 2.3269991 2.2215576 2.0728787 2.0858288 2.1534672 2.1687791 2.3214721 2.3458646 1.9458950 2.1665369 2.0952741 2.6786393 2.6743022 1.8816453 2.2487552 2.1282054 2.6528573 2.5595615 2.5241002 2.1267633 2.2695883 2.2677815 4.6998991 1.9876739 0.0000000 1.9927905 2.2088041 2.2413692 3.6366254 
Plespi_Pspi_C607544_01                              1.7892798 1.4415573 2.0650464 1.8879589 1.9059141 1.8807430 1.9780415 1.8076527 2.0353235 1.9068038 1.7259456 1.8975432 1.2341854 2.1510604 2.3096926 2.3894459 2.1398579 1.8174204 1.8446019 1.9964601 1.8396050 2.2569401 1.5339566 2.1938992 1.5534315 1.3804236 1.5165944 1.5182904 1.5356278 2.1905990 2.0669638 2.0405189 2.0208460 2.0687651 2.0699368 1.9587784 1.9952889 1.8534750 1.8920686 1.7055265 2.0116985 2.6254079 1.5593069 2.2994182 1.7582199 2.6915909 2.2178743 2.3391432 2.0472780 2.0760579 2.1472914 4.1340076 2.5055746 1.9927905 0.0000000 2.0165387 2.4386629 3.0537487 
Clacor_Ccor_scaffold1276_01                         1.9936067 1.4469823 1.8299024 1.7475819 2.0259024 1.6554274 1.8194115 1.6559859 1.7562528 1.7855246 1.7581352 1.8143114 0.8303692 1.7944125 2.3883447 2.1513135 1.7995202 1.8069030 1.8892930 1.9534477 1.7467323 2.4706369 1.6568279 1.5815855 1.4523782 1.4664725 1.6576149 1.6018751 1.5426987 2.2913865 2.1163453 2.2751508 2.2920551 2.1799804 2.2112306 1.9610726 2.0582403 1.4119023 1.1646008 1.1205854 2.2008406 3.0799483 1.4592481 2.4605017 1.9445655 3.0009577 2.3129218 2.4216639 2.3337149 2.3201190 2.4888515 5.3727606 2.3825169 2.2088041 2.0165387 0.0000000 2.1827745 3.0646454 
Morvir_scaffold307.g15.t1                           2.0969002 1.6165579 2.4116988 2.1425890 2.3734561 1.4692266 2.1372107 2.0187328 2.2359759 2.0453685 2.0447459 2.0661768 0.6969572 1.4423330 1.7449780 1.6243529 2.0308387 2.1251483 2.1474858 2.2049353 2.3722172 1.7743313 1.3798268 2.3296683 2.3331294 1.9783548 2.1430906 2.1940787 1.2966528 2.1608728 2.1489225 2.0953166 2.0845623 2.1301126 2.1186259 2.3171499 2.4682954 2.6139375 2.7597722 2.1647979 3.0391064 7.1796415 1.5204819 2.8882734 2.0257226 3.8882064 2.4188119 2.6199699 2.7450675 2.5011633 2.7983907 8.9999989 2.7417570 2.2413692 2.4386629 2.1827745 0.0000000 5.5333985 
Chem_TCONS_00017415                                 3.0655648 2.1052846 3.1132495 3.0524908 3.2061236 2.5882211 2.6200032 2.1725245 2.3817382 2.5752837 2.1190023 2.7956070 0.5803935 2.6030677 2.4305981 2.3909443 2.6711721 2.9026747 2.7702375 3.0142046 2.8981278 1.4775868 2.0784898 2.4395313 2.1846243 2.3306480 2.3400868 2.9770814 1.3596253 2.6900273 2.8299885 2.8168764 2.8849266 2.8433051 2.8783466 3.3840797 3.3206446 3.1310158 2.9061477 2.3954124 3.6386537 3.2505142 2.0157107 3.6489583 2.6575592 3.4854476 3.5226044 3.3765937 3.5105854 2.7833787 3.0474423 4.3698312 3.3926986 3.6366254 3.0537487 3.0646454 5.5333985 0.0000000 
