57
Hsap_ENST00000498926                                   0.0000000 1.1111613 0.9365420 1.1774238 1.4093280 1.5481710 1.2101601 1.4617003 1.3919005 1.4625295 2.0436073 2.0186700 1.6716163 1.2980959 1.5958467 1.5470121 1.5410529 1.5649567 2.1932430 1.9518852 2.0039415 1.9036129 1.9670204 1.9013821 1.0382847 2.1015741 1.8292018 1.7494547 1.7607048 1.6728331 1.7248827 1.6229734 1.7763908 1.5962282 2.3878427 1.5837022 1.8601124 1.7672238 1.7848910 1.8404568 1.7885561 0.9674752 2.6665763 1.5954227 2.3569435 1.9587977 1.9699562 2.8915787 1.9195358 2.1453639 1.9088290 2.6553176 2.6051995 2.5954081 2.5938337 2.4597299 5.0392478 
Spur_XM_030971967.1                                    1.1111613 0.0000000 0.6203662 0.7067680 0.9997417 1.0479172 1.0043974 1.1044417 1.2127253 1.1868569 1.9501707 1.8168806 1.3513170 1.2481775 1.6262675 1.6424604 1.5768726 1.5668005 2.1467929 1.7805469 1.8710180 1.9993715 2.3641959 2.2039499 1.0958187 2.1031545 1.7528849 1.6652005 1.7061085 1.4715339 1.3733012 1.4209366 1.4625153 1.4501140 1.9742666 1.4297776 1.4721072 1.5639413 1.5880710 1.5603208 1.5539942 0.8578292 2.2463308 1.3128658 1.6962111 1.5768926 1.7528228 2.3790261 2.1210710 2.1925333 2.0704208 2.2822818 2.3422546 2.3437301 2.4470061 2.0787784 5.3308791 
Dpul_mRNA30367                                         0.9365420 0.6203662 0.0000000 0.7302855 0.7691704 0.8454464 0.8071596 0.8248110 0.7918659 1.1959682 1.3929302 1.2759488 0.8917708 0.9175352 1.2234941 1.2208165 1.1504911 1.2239596 1.0519558 1.2544320 1.4423459 1.3571050 1.5639320 1.5496732 1.1082121 1.5770870 1.4855242 1.4499640 1.4416297 1.4534399 1.1958192 1.0577311 1.0964637 1.0368118 1.4618977 1.1584589 1.2106166 1.2094993 1.2307271 1.2041037 1.2058012 0.9540493 1.9584424 1.1314818 1.3458194 1.1741779 1.1816031 1.8479150 1.4650971 1.5434630 1.7134507 1.8196431 1.8653072 1.8653072 1.8138421 1.9531219 3.7103005 
Skow_XM_002740367.2                                    1.1774238 0.7067680 0.7302855 0.0000000 0.8574024 0.9381157 1.0882945 1.0884650 1.2116393 1.5313648 1.7026528 1.6946938 1.1378094 1.2066827 1.3449396 1.2224240 1.1429879 1.2652559 1.4611491 1.7301571 1.5088491 1.7029451 1.6401545 1.5528071 1.1696392 1.7376242 1.5902679 1.6699430 1.6574703 1.7659437 1.5410934 1.2585965 1.3038779 1.3502889 1.8620150 1.2172346 1.3130254 1.2658236 1.2839574 1.2270170 1.2455110 1.0639607 2.1705247 1.3146084 1.6455461 1.4133350 1.2933229 2.3952406 1.2608460 1.5101715 1.8502864 2.3887828 2.4274865 2.4274865 2.5596101 2.1403438 4.6054794 
Tcas_TC014973_001                                      1.4093280 0.9997417 0.7691704 0.8574024 0.0000000 1.1700269 1.1228895 1.1971705 1.3800583 1.3854065 1.8604630 1.7830291 1.3693495 1.3340488 1.6090775 1.5967177 1.5100838 1.6176251 1.8655898 1.7725499 1.7485258 2.0694678 2.0267323 1.8408971 1.2311453 1.9819360 1.7365709 1.7036068 1.7652985 1.5951699 1.7897884 1.4982102 1.6024432 1.5311018 1.9582710 1.6087080 1.6605606 1.7905993 1.7963084 1.8121174 1.7170194 1.0504401 2.3112178 1.3159107 1.7500745 1.4189651 1.5164048 2.5052181 1.8129027 2.0786812 1.9075201 2.4909503 2.4241344 2.4241344 2.4439423 1.7103716 4.4151405 
Cgig_XM_011430031.3                                    1.5481710 1.0479172 0.8454464 0.9381157 1.1700269 0.0000000 1.0399563 1.2399349 1.4139532 1.4847922 2.1693355 2.1979379 1.3056891 1.3378425 1.8163174 1.7979690 1.8211790 1.9357303 1.9461637 2.0564558 1.7559664 2.4767320 2.4777356 2.2473833 1.4062459 2.2575968 2.0967680 1.9009320 1.9041818 1.6002233 1.6247158 1.6216191 1.7336046 1.8755654 2.6206265 1.7805550 1.8604631 1.7956247 1.8639262 1.6284587 1.7519101 1.0580352 2.4866852 1.7587590 1.9790504 1.7772508 1.7924020 2.7115233 2.0393743 2.3758566 2.0503930 2.5509152 2.6375495 2.6609731 2.5045055 2.7977199 5.1477838 
Acagra_model.g14006.t1                                 1.2101601 1.0043974 0.8071596 1.0882945 1.1228895 1.0399563 0.0000000 1.0310489 1.4098705 1.3732237 1.8896707 1.9123328 1.3931517 1.3193866 1.6794123 1.6952655 1.4500763 1.7744887 1.9565588 1.7812194 1.6879546 2.0066556 2.2378718 1.8368418 1.0573298 1.8774756 1.6589364 1.8473326 1.8912185 1.4432105 1.7034715 1.6301685 1.6427159 1.5532310 2.0347902 1.4569738 1.5650310 1.5005571 1.5365263 1.3972014 1.5396896 0.8571743 2.1518154 1.4446524 1.8968795 1.7063246 1.7459174 2.9493185 1.8119587 2.0611734 1.9691767 2.8090877 2.8399683 2.8371985 2.7007601 2.5314807 4.4304744 
Ctel_gnl_WGS_AMQN_CAPTEDRAFT_mRNA21910                 1.4617003 1.1044417 0.8248110 1.0884650 1.1971705 1.2399349 1.0310489 0.0000000 1.5143150 1.2383634 1.9853423 1.7995560 1.3625056 1.5006416 1.5069462 1.5167734 1.5027717 1.7617634 2.4176059 2.2453509 1.7908233 1.8891410 2.0889802 1.9060138 1.0722958 1.9221205 1.7477776 1.5861317 1.6465876 1.4500626 1.8921373 1.8355188 1.8628939 1.7939743 2.0049551 1.9586191 1.9904762 2.0221185 2.0793710 1.8973976 1.9120351 1.1610691 2.7862069 1.5689908 2.0167586 1.6499481 1.7932574 3.0200845 1.9793866 2.3386677 1.7801946 2.5456213 2.6063676 2.5919605 2.6813254 2.2082048 5.2601199 
Cscu_XM_023357226.1                                    1.3919005 1.2127253 0.7918659 1.2116393 1.3800583 1.4139532 1.4098705 1.5143150 0.0000000 1.6227169 2.2375330 2.1273022 1.4767255 1.2439381 1.5729776 1.6441262 1.5513227 1.6587427 2.0001847 1.9989248 1.7796668 1.8979947 2.2602461 2.0542427 1.2905900 1.8847060 2.0851020 1.5927090 1.6241346 1.6618711 1.6568886 1.3599283 1.5566233 1.4004294 1.9064635 1.6092966 1.7761953 1.7155031 1.7618875 1.5065482 1.5935291 1.1026291 2.1716404 1.4031124 1.9854421 1.8565436 1.6205121 2.3814940 1.9606245 1.9997458 1.8795861 2.5107302 2.6953574 2.6976181 2.6636199 1.8141144 5.2476006 
Tadh_TriadT5303                                        1.4625295 1.1868569 1.1959682 1.5313648 1.3854065 1.4847922 1.3732237 1.2383634 1.6227169 0.0000000 0.2407085 0.2457312 1.0025542 1.1641943 1.3577146 1.4576059 1.3828018 1.4278982 1.2105193 1.7984916 1.7454572 1.8254726 1.7307650 1.7461010 1.5436465 1.9836377 1.8098691 1.7348074 1.7481511 1.9279384 1.2925969 1.1849305 1.2745097 1.3374942 1.4925840 1.5120107 1.6794261 1.6914151 1.6453202 1.4797190 1.4719211 1.2949681 2.4326959 1.4321000 1.4362030 1.2488451 1.2419124 2.2804409 1.5219408 1.5153476 1.9465941 1.5107425 1.5982293 1.5982293 1.5934214 3.0582708 3.8562495 
HoiH06_mRNA7359                                        2.0436073 1.9501707 1.3929302 1.7026528 1.8604630 2.1693355 1.8896707 1.9853423 2.2375330 0.2407085 0.0000000 0.2113888 1.4989943 1.7198702 1.9921806 2.0142492 1.8319063 1.9744313 1.7013378 2.2570831 2.5701661 2.5625588 2.4390993 2.2896849 1.6910616 2.4408721 2.2322994 2.3319864 2.3762223 1.9476803 2.2433517 2.0493305 2.0269479 1.6970261 2.9590559 2.0836325 2.2513051 2.4778331 2.4405986 2.1651426 2.1310418 1.5002941 3.1885572 1.6275913 2.0480173 1.7541694 2.0199890 2.8081518 2.1788091 2.5099574 2.4856423 2.3077496 2.4333076 2.4270910 2.4108899 3.1029248 5.2618488 
HoiH11_mRNA3816                                        2.0186700 1.8168806 1.2759488 1.6946938 1.7830291 2.1979379 1.9123328 1.7995560 2.1273022 0.2457312 0.2113888 0.0000000 1.4966779 1.7530295 1.9604465 1.9707629 1.8171048 2.0132802 1.7507520 2.3120914 2.5316260 2.3181642 2.1791908 2.1812203 1.5338895 2.3554092 2.0940647 2.2586769 2.3020199 2.0686395 1.9434005 1.8928592 1.9220422 1.4935739 2.3971853 1.9101396 2.1885214 2.3882961 2.3481644 2.0608751 1.9651788 1.3980400 2.8544514 1.7133817 2.0473958 1.7892466 1.9379942 2.9871849 2.1249615 2.3671209 2.5153485 2.1034998 2.3739661 2.3679666 2.3807858 2.8194532 4.9129779 
Opea_EP00118_Oscarella_pearsei_P000081                 1.6716163 1.3513170 0.8917708 1.1378094 1.3693495 1.3056891 1.3931517 1.3625056 1.4767255 1.0025542 1.4989943 1.4966779 0.0000000 0.7302251 1.4084631 1.3438292 1.4250974 1.5136272 1.4445108 1.5596590 1.9467855 1.8818149 1.9162474 2.0511828 1.1570870 1.9373075 1.9324927 1.6773803 1.6693062 2.0115904 1.2101709 1.2359796 1.1808342 1.5325108 1.9043150 1.5054291 1.4165248 1.4979565 1.5373456 1.3618505 1.4634718 0.8000886 2.5012832 1.4656298 1.9465874 1.6690251 1.6614772 3.0626794 1.3588568 1.5437858 2.2265698 1.9606791 2.0472034 2.0379181 2.0550440 2.7474201 4.6304081 
Plajan_Pjan_C551033_01                                 1.2980959 1.2481775 0.9175352 1.2066827 1.3340488 1.3378425 1.3193866 1.5006416 1.2439381 1.1641943 1.7198702 1.7530295 0.7302251 0.0000000 1.0283395 1.1092953 1.2250808 1.4010111 1.3787800 1.3857250 1.6395099 1.5272329 1.8152557 1.6119837 1.0570300 1.7036128 1.6010657 1.5417858 1.5409478 1.6352247 1.2113578 1.1075772 1.1091613 1.3194805 1.8243675 1.2565707 1.4346936 1.5088852 1.5636845 1.3572931 1.3077193 0.7957777 2.0348503 1.3368901 1.8106782 1.4423847 1.5238371 2.7005411 1.4842592 1.6654612 1.7891550 2.2227219 2.0990454 2.1008763 2.2212442 2.5017594 5.0138160 
Nemnom_g7588.t1                                        1.5958467 1.6262675 1.2234941 1.3449396 1.6090775 1.8163174 1.6794123 1.5069462 1.5729776 1.3577146 1.9921806 1.9604465 1.4084631 1.0283395 0.0000000 0.1823422 0.5772197 1.2438497 1.4028594 1.2264925 1.8264702 1.5799861 1.8493196 1.7016847 1.0751453 1.7501284 1.7595080 1.7823731 1.8161194 1.6908765 1.5655378 1.4586895 1.4918182 1.5963458 1.7693237 1.3419567 1.3868113 1.3250298 1.3544107 1.3030143 1.2305114 0.6872559 2.0745076 1.3931116 1.6747918 1.3538354 1.6054150 2.4316659 1.4438430 1.4622392 1.4390645 2.5518491 2.5255761 2.5115487 2.5772522 2.3554825 5.3077222 
Rhoesc_Res_006748-T1                                   1.5470121 1.6424604 1.2208165 1.2224240 1.5967177 1.7979690 1.6952655 1.5167734 1.6441262 1.4576059 2.0142492 1.9707629 1.3438292 1.1092953 0.1823422 0.0000000 0.5433449 1.1930667 1.4451935 1.1840784 1.8935152 1.6502279 1.8443941 1.7244176 1.0705973 1.7626452 1.8326103 1.8219304 1.8559621 1.7083805 1.6294994 1.4446171 1.4460240 1.6522976 1.9139614 1.3275637 1.3017731 1.3311726 1.3483859 1.3138894 1.2956914 0.6961602 2.1992166 1.4966451 1.7016776 1.4205616 1.5863429 2.4362633 1.3968299 1.4452698 1.5273265 2.4444758 2.4552352 2.4415432 2.4979361 2.3079887 5.7236141 
Sanmal_Sma_019383-T1                                   1.5410529 1.5768726 1.1504911 1.1429879 1.5100838 1.8211790 1.4500763 1.5027717 1.5513227 1.3828018 1.8319063 1.8171048 1.4250974 1.2250808 0.5772197 0.5433449 0.0000000 1.1118388 1.4743687 1.1574983 1.9474685 1.7170043 1.9670001 1.7291835 0.9622212 1.8392423 1.6929215 1.7158905 1.7738240 1.8840013 1.5841215 1.4834685 1.5687432 1.4381879 1.9369960 1.2892263 1.3606549 1.4735371 1.4950373 1.4259129 1.4926464 0.7603337 2.3456301 1.4832603 1.8642129 1.5487936 1.7772977 3.1429474 1.5131550 1.7239857 1.7236165 2.4735908 2.5455112 2.5429154 2.3530568 2.1115158 5.4482581 
Morvir_scaffold180.g14.t1                              1.5649567 1.5668005 1.2239596 1.2652559 1.6176251 1.9357303 1.7744887 1.7617634 1.6587427 1.4278982 1.9744313 2.0132802 1.5136272 1.4010111 1.2438497 1.1930667 1.1118388 0.0000000 1.8201318 1.8275116 1.7925026 1.8745674 2.0049466 1.8510339 1.2168742 2.3249761 2.0020610 1.9952617 2.0358795 1.7750758 1.6335786 1.4106686 1.5372039 1.7963441 2.3596099 1.4702948 1.3620790 1.4031049 1.4250538 1.4585746 1.4547001 0.7015986 2.5572662 1.5351650 1.9026695 1.8397123 1.8265745 3.0918916 1.6095649 1.6801596 2.2139981 2.5158955 2.5924321 2.6002541 2.5701036 2.5803538 5.0732001 
Hvul_g29520_1                                          2.1932430 2.1467929 1.0519558 1.4611491 1.8655898 1.9461637 1.9565588 2.4176059 2.0001847 1.2105193 1.7013378 1.7507520 1.4445108 1.3787800 1.4028594 1.4451935 1.4743687 1.8201318 0.0000000 0.8965470 2.3088916 1.7990503 2.1300662 1.9457453 0.9844402 2.1712130 1.6971194 2.3942688 2.4582592 1.9524241 2.0253342 1.5388915 1.7353031 2.2581836 4.8026091 1.5671569 1.6768940 1.7917040 1.7942590 1.7007348 1.7794982 0.7317975 3.8529418 2.0178625 2.2355418 1.9399750 2.2757456 3.9402837 1.8383302 2.3501445 2.6269683 2.3388460 2.6957764 2.7155823 2.9143790 3.7641037 6.4843475 
Chem_TCONS_00058221                                    1.9518852 1.7805469 1.2544320 1.7301571 1.7725499 2.0564558 1.7812194 2.2453509 1.9989248 1.7984916 2.2570831 2.3120914 1.5596590 1.3857250 1.2264925 1.1840784 1.1574983 1.8275116 0.8965470 0.0000000 2.0619069 1.6306508 1.9385521 1.6769001 1.0651314 1.6502476 1.5080441 2.0702304 2.1529798 1.8436927 1.7631742 1.6626964 1.6172111 1.6781478 2.2514705 1.5240666 1.6154245 1.7884497 1.8254126 1.8328948 1.7351267 0.8191085 2.4461215 1.9447116 2.3504061 2.0111682 2.3152511 3.5256311 1.5996388 1.7735074 2.0326270 2.2403046 2.5780370 2.6005315 2.4795932 2.4932704 5.0284304 
Pbac_sb2642082                                         2.0039415 1.8710180 1.4423459 1.5088491 1.7485258 1.7559664 1.6879546 1.7908233 1.7796668 1.7454572 2.5701661 2.5316260 1.9467855 1.6395099 1.8264702 1.8935152 1.9474685 1.7925026 2.3088916 2.0619069 0.0000000 1.8035065 1.7229994 1.5207903 0.7625820 1.7193925 1.5873137 0.9051485 0.9394788 0.9462129 1.9471254 1.9617724 1.9047551 1.7375811 2.9329227 2.0560119 2.2987451 2.1754949 2.1953786 2.1967479 2.2774498 1.5413447 3.2835290 2.0674378 2.6728838 2.3595987 2.4547857 3.5912264 2.0463047 2.3943129 1.5313302 2.4612740 2.5942336 2.6010064 2.6253342 3.5851407 5.0769811 
Horcal_Hcv1.av93.c2.g1427.i1                           1.9036129 1.9993715 1.3571050 1.7029451 2.0694678 2.4767320 2.0066556 1.8891410 1.8979947 1.8254726 2.5625588 2.3181642 1.8818149 1.5272329 1.5799861 1.6502279 1.7170043 1.8745674 1.7990503 1.6306508 1.8035065 0.0000000 0.8744658 0.8515750 0.8066380 0.8212552 0.6985293 1.6189377 1.6037483 1.3738834 1.6983058 1.5877234 1.5977628 2.0740587 2.5152079 2.0069496 1.8910508 1.9968041 2.0041193 1.9862661 1.8442234 1.4306924 2.7230758 2.0487253 2.4550294 2.1866435 2.3436712 4.0567103 1.7272054 2.1627518 2.2676931 2.4419283 2.7549807 2.7549807 2.7076164 2.9350792 2.8381261 
Vmul_SimC388336                                        1.9670204 2.3641959 1.5639320 1.6401545 2.0267323 2.4777356 2.2378718 2.0889802 2.2602461 1.7307650 2.4390993 2.1791908 1.9162474 1.8152557 1.8493196 1.8443941 1.9670001 2.0049466 2.1300662 1.9385521 1.7229994 0.8744658 0.0000000 0.5524460 0.8430407 0.9079274 0.8172797 1.8423437 1.8617233 1.3207002 1.9373935 1.9188240 1.9907675 2.0480999 2.3100486 2.2706927 2.5274719 2.0958430 2.1502826 2.2693288 2.1795343 1.6938341 3.3637404 2.3306244 2.4342868 2.4454742 2.3114162 3.5939035 2.0914336 2.5849314 2.0861736 2.7108953 2.8432813 2.8432813 2.8823464 3.0059413 2.5162189 
Coemet_Cmet_scaffold6387_01                            1.9013821 2.2039499 1.5496732 1.5528071 1.8408971 2.2473833 1.8368418 1.9060138 2.0542427 1.7461010 2.2896849 2.1812203 2.0511828 1.6119837 1.7016847 1.7244176 1.7291835 1.8510339 1.9457453 1.6769001 1.5207903 0.8515750 0.5524460 0.0000000 0.5787746 0.4871650 0.6082807 1.5417488 1.5276555 1.2135766 1.9197493 1.6470760 1.6243720 1.9473044 2.1970756 1.8576002 1.9920498 1.9289503 2.0096130 1.9641327 1.9907127 1.3071839 3.1127719 2.0340676 2.3616242 2.2707591 2.1724439 3.4684231 1.8866261 2.1035574 1.8828163 2.4800119 2.5787343 2.5787343 2.3673150 2.3750006 2.8467412 
Eupdun_Edun_sb10623765                                 1.0382847 1.0958187 1.1082121 1.1696392 1.2311453 1.4062459 1.0573298 1.0722958 1.2905900 1.5436465 1.6910616 1.5338895 1.1570870 1.0570300 1.0751453 1.0705973 0.9622212 1.2168742 0.9844402 1.0651314 0.7625820 0.8066380 0.8430407 0.5787746 0.0000000 0.6298148 0.7015505 0.7999975 0.7999975 0.9300770 1.2721092 1.0340532 1.1445018 1.1202737 1.2705242 1.0590669 1.2515892 1.4811313 1.5400681 1.3151952 1.3812898 1.1935475 2.4580233 1.5288880 1.5060168 1.3217181 1.4799622 2.0210066 1.2113976 1.5331444 1.2404071 2.2270749 2.2985707 2.2985707 2.2723370 2.7059858 6.0590980 
Lampan_Lpan_10660_01                                   2.1015741 2.1031545 1.5770870 1.7376242 1.9819360 2.2575968 1.8774756 1.9221205 1.8847060 1.9836377 2.4408721 2.3554092 1.9373075 1.7036128 1.7501284 1.7626452 1.8392423 2.3249761 2.1712130 1.6502476 1.7193925 0.8212552 0.9079274 0.4871650 0.6298148 0.0000000 0.6017829 1.6619714 1.7234810 1.3913226 1.8631126 1.8207230 1.8210254 1.9230289 2.0326426 1.8674195 1.9484871 1.9965727 2.0820303 1.9621823 2.0565767 1.3707173 3.0419471 2.0465708 2.6892405 2.3924356 2.3063150 4.0137691 1.8383554 2.3872266 2.1203243 3.0329985 3.2738138 3.2738138 3.1048637 2.6571604 2.1589144 
Beraby_Baby_sb337365                                   1.8292018 1.7528849 1.4855242 1.5902679 1.7365709 2.0967680 1.6589364 1.7477776 2.0851020 1.8098691 2.2322994 2.0940647 1.9324927 1.6010657 1.7595080 1.8326103 1.6929215 2.0020610 1.6971194 1.5080441 1.5873137 0.6985293 0.8172797 0.6082807 0.7015505 0.6017829 0.0000000 1.5143980 1.4993439 1.4431177 1.6519986 1.4441221 1.6806567 1.7598006 1.9074714 1.7317525 2.1019579 2.1263486 2.1178186 2.0283085 2.0059338 1.5263221 2.8601112 2.0864573 2.2723654 2.0391741 2.2804734 3.1425318 1.8595861 2.3186862 1.8850327 2.4756378 2.6225129 2.6225129 2.5293740 2.7219810 2.3043465 
Bolinf_Binf_sb1219992                                  1.7494547 1.6652005 1.4499640 1.6699430 1.7036068 1.9009320 1.8473326 1.5861317 1.5927090 1.7348074 2.3319864 2.2586769 1.6773803 1.5417858 1.7823731 1.8219304 1.7158905 1.9952617 2.3942688 2.0702304 0.9051485 1.6189377 1.8423437 1.5417488 0.7999975 1.6619714 1.5143980 0.0000000 0.0041951 0.8568440 1.8281548 1.7008651 1.9810068 1.7501344 2.6721357 1.9997109 2.5762916 2.1028472 2.1100832 2.2786756 2.3352607 1.6573341 3.5930652 1.9734507 2.3814369 2.3348045 2.4803083 3.2666929 2.1882201 2.5579545 1.1171756 2.6466368 2.7978654 2.8022546 2.8162652 3.6212261 5.6555164 
Mertsp_Mesp_sb565630                                   1.7607048 1.7061085 1.4416297 1.6574703 1.7652985 1.9041818 1.8912185 1.6465876 1.6241346 1.7481511 2.3762223 2.3020199 1.6693062 1.5409478 1.8161194 1.8559621 1.7738240 2.0358795 2.4582592 2.1529798 0.9394788 1.6037483 1.8617233 1.5276555 0.7999975 1.7234810 1.4993439 0.0041951 0.0000000 0.8515064 1.8886179 1.7751099 2.0068314 1.7617132 2.6509631 2.0642198 2.5982450 2.1090551 2.1163249 2.2837620 2.3500148 1.6573341 3.5429858 1.9502314 2.3716977 2.3256283 2.4700535 3.2440918 2.1822257 2.5398067 1.1335216 2.7004914 2.8881015 2.8924648 2.9116540 3.6212261 5.5347936 
Drygla_Dgla_sb287080                                   1.6728331 1.4715339 1.4534399 1.7659437 1.5951699 1.6002233 1.4432105 1.4500626 1.6618711 1.9279384 1.9476803 2.0686395 2.0115904 1.6352247 1.6908765 1.7083805 1.8840013 1.7750758 1.9524241 1.8436927 0.9462129 1.3738834 1.3207002 1.2135766 0.9300770 1.3913226 1.4431177 0.8568440 0.8515064 0.0000000 1.8460626 1.6501406 1.8972679 1.6787692 2.2701878 1.9898680 2.2409436 2.2231085 2.2547022 2.2819832 2.3147484 1.9242036 3.3072383 2.0236210 2.3219641 2.2545532 2.0148279 3.0147207 2.1754091 2.4958722 1.0693794 2.4549297 2.2180345 2.2180345 2.3390739 3.6481167 4.4163679 
Aque_Aqu2.1.25403_001                                  1.7248827 1.3733012 1.1958192 1.5410934 1.7897884 1.6247158 1.7034715 1.8921373 1.6568886 1.2925969 2.2433517 1.9434005 1.2101709 1.2113578 1.5655378 1.6294994 1.5841215 1.6335786 2.0253342 1.7631742 1.9471254 1.6983058 1.9373935 1.9197493 1.2721092 1.8631126 1.6519986 1.8281548 1.8886179 1.8460626 0.0000000 0.6059085 0.4937960 1.2350478 1.2463320 1.7034084 1.8358809 1.5847245 1.6433412 1.5781600 1.6170386 1.0195330 2.3016126 1.3538152 2.3983474 2.1759941 2.1675777 3.6411025 1.6935415 2.2694731 2.4799964 1.9891069 2.2301320 2.2320154 2.1172244 2.3568743 5.1237323 
Xestes_maker-XT_scaffold1294-augustus-gene-0.29-mRNA-1 1.6229734 1.4209366 1.0577311 1.2585965 1.4982102 1.6216191 1.6301685 1.8355188 1.3599283 1.1849305 2.0493305 1.8928592 1.2359796 1.1075772 1.4586895 1.4446171 1.4834685 1.4106686 1.5388915 1.6626964 1.9617724 1.5877234 1.9188240 1.6470760 1.0340532 1.8207230 1.4441221 1.7008651 1.7751099 1.6501406 0.6059085 0.0000000 0.5917289 1.3949069 1.3834355 1.7045950 1.6491278 1.4638238 1.5026020 1.3909227 1.4822115 0.8754518 2.1514657 1.3045922 2.2087265 1.8374277 2.0916189 3.3008746 1.5929805 2.1146998 2.1164784 2.1534508 2.3681325 2.3610953 2.3252452 2.1945466 5.3118903 
Halamb_c51468_g1_i4mm.3990                             1.7763908 1.4625153 1.0964637 1.3038779 1.6024432 1.7336046 1.6427159 1.8628939 1.5566233 1.2745097 2.0269479 1.9220422 1.1808342 1.1091613 1.4918182 1.4460240 1.5687432 1.5372039 1.7353031 1.6172111 1.9047551 1.5977628 1.9907675 1.6243720 1.1445018 1.8210254 1.6806567 1.9810068 2.0068314 1.8972679 0.4937960 0.5917289 0.0000000 1.2604962 1.4745765 1.6180325 1.6620711 1.5141238 1.5662698 1.5171661 1.5767291 0.9425167 2.2229450 1.3494026 2.0663920 1.8213731 2.0537685 3.2390259 1.6656377 2.3178124 2.1982897 2.0811689 2.3206394 2.2892725 2.3168793 2.2135846 5.1637024 
Tetwil_g25795.t1                                       1.5962282 1.4501140 1.0368118 1.3502889 1.5311018 1.8755654 1.5532310 1.7939743 1.4004294 1.3374942 1.6970261 1.4935739 1.5325108 1.3194805 1.5963458 1.6522976 1.4381879 1.7963441 2.2581836 1.6781478 1.7375811 2.0740587 2.0480999 1.9473044 1.1202737 1.9230289 1.7598006 1.7501344 1.7617132 1.6787692 1.2350478 1.3949069 1.2604962 0.0000000 1.1053618 1.5498270 1.7966809 2.0253329 2.0433913 1.9455770 2.0902307 1.2598981 2.6201149 1.3837192 2.2452148 1.7521103 2.0697990 2.8716159 1.9815675 2.2368087 2.0149921 2.1222632 2.3229609 2.3249652 2.2538276 2.2575590 5.0942901 
Stycar_maker-SC_scaffold82953-snap-gene-0.8-mRNA-1     2.3878427 1.9742666 1.4618977 1.8620150 1.9582710 2.6206265 2.0347902 2.0049551 1.9064635 1.4925840 2.9590559 2.3971853 1.9043150 1.8243675 1.7693237 1.9139614 1.9369960 2.3596099 4.8026091 2.2514705 2.9329227 2.5152079 2.3100486 2.1970756 1.2705242 2.0326426 1.9074714 2.6721357 2.6509631 2.2701878 1.2463320 1.3834355 1.4745765 1.1053618 0.0000000 2.0886089 1.9503299 2.3355391 2.3279659 2.3400195 2.3555444 1.2671776 2.0410991 1.4957253 2.9580964 2.1561858 2.5792955 2.3733685 2.5458613 2.6993269 2.4013726 3.0552509 3.3480990 3.2671459 3.3448177 1.3162969 4.1559318 
Exapal_XM_021038926.2                                  1.5837022 1.4297776 1.1584589 1.2172346 1.6087080 1.7805550 1.4569738 1.9586191 1.6092966 1.5120107 2.0836325 1.9101396 1.5054291 1.2565707 1.3419567 1.3275637 1.2892263 1.4702948 1.5671569 1.5240666 2.0560119 2.0069496 2.2706927 1.8576002 1.0590669 1.8674195 1.7317525 1.9997109 2.0642198 1.9898680 1.7034084 1.7045950 1.6180325 1.5498270 2.0886089 0.0000000 0.5258610 1.0070677 1.0092027 0.8890373 0.9295182 0.5227243 1.5796145 1.7283798 2.2635116 1.8669458 1.9395214 2.9707517 1.5001975 1.7918305 2.3833635 2.3841616 2.5369117 2.5216796 2.5949228 2.3110314 4.8819529 
Nvec_NVE536                                            1.8601124 1.4721072 1.2106166 1.3130254 1.6605606 1.8604631 1.5650310 1.9904762 1.7761953 1.6794261 2.2513051 2.1885214 1.4165248 1.4346936 1.3868113 1.3017731 1.3606549 1.3620790 1.6768940 1.6154245 2.2987451 1.8910508 2.5274719 1.9920498 1.2515892 1.9484871 2.1019579 2.5762916 2.5982450 2.2409436 1.8358809 1.6491278 1.6620711 1.7966809 1.9503299 0.5258610 0.0000000 0.7117553 0.6983132 0.6666997 0.7156377 0.4573974 1.2565437 1.7572083 2.3870545 1.9523422 2.0236714 2.6976301 1.4384847 1.6870337 2.6453947 2.4130955 2.3951502 2.3960775 2.4767378 2.1839140 4.2327766 
Adig_XM_015918141.1                                    1.7672238 1.5639413 1.2094993 1.2658236 1.7905993 1.7956247 1.5005571 2.0221185 1.7155031 1.6914151 2.4778331 2.3882961 1.4979565 1.5088852 1.3250298 1.3311726 1.4735371 1.4031049 1.7917040 1.7884497 2.1754949 1.9968041 2.0958430 1.9289503 1.4811313 1.9965727 2.1263486 2.1028472 2.1090551 2.2231085 1.5847245 1.4638238 1.5141238 2.0253329 2.3355391 1.0070677 0.7117553 0.0000000 0.0039196 0.2769380 0.4086250 0.2707972 0.9583580 1.6619058 2.5459419 2.2667739 2.1278409 3.1874122 1.6100678 1.8100915 2.3136788 2.5981030 2.5825539 2.5642162 2.7525859 2.3334057 4.5420021 
Amil_Amillepora22019-RA                                1.7848910 1.5880710 1.2307271 1.2839574 1.7963084 1.8639262 1.5365263 2.0793710 1.7618875 1.6453202 2.4405986 2.3481644 1.5373456 1.5636845 1.3544107 1.3483859 1.4950373 1.4250538 1.7942590 1.8254126 2.1953786 2.0041193 2.1502826 2.0096130 1.5400681 2.0820303 2.1178186 2.1100832 2.1163249 2.2547022 1.6433412 1.5026020 1.5662698 2.0433913 2.3279659 1.0092027 0.6983132 0.0039196 0.0000000 0.2761581 0.4032540 0.2585912 0.9253503 1.6805369 2.5768456 2.3241985 2.1470584 3.1814345 1.6126233 1.8321740 2.3257406 2.5563710 2.5456412 2.5273008 2.7153883 2.4200459 4.5269590 
Gfas_gfas1.m1.1084.m1                                  1.8404568 1.5603208 1.2041037 1.2270170 1.8121174 1.6284587 1.3972014 1.8973976 1.5065482 1.4797190 2.1651426 2.0608751 1.3618505 1.3572931 1.3030143 1.3138894 1.4259129 1.4585746 1.7007348 1.8328948 2.1967479 1.9862661 2.2693288 1.9641327 1.3151952 1.9621823 2.0283085 2.2786756 2.2837620 2.2819832 1.5781600 1.3909227 1.5171661 1.9455770 2.3400195 0.8890373 0.6666997 0.2769380 0.2761581 0.0000000 0.2336340 0.2224581 0.6963141 1.5621196 2.3452112 2.0410282 1.8985345 2.8065997 1.5020605 1.7472218 2.4907521 2.5434773 2.5457163 2.5477535 2.6908209 2.3328872 5.2500395 
Fspp_ffun1.m4.6832.m1                                  1.7885561 1.5539942 1.2058012 1.2455110 1.7170194 1.7519101 1.5396896 1.9120351 1.5935291 1.4719211 2.1310418 1.9651788 1.4634718 1.3077193 1.2305114 1.2956914 1.4926464 1.4547001 1.7794982 1.7351267 2.2774498 1.8442234 2.1795343 1.9907127 1.3812898 2.0565767 2.0059338 2.3352607 2.3500148 2.3147484 1.6170386 1.4822115 1.5767291 2.0902307 2.3555444 0.9295182 0.7156377 0.4086250 0.4032540 0.2336340 0.0000000 0.1653720 0.6581383 1.6558552 2.2587578 2.0468434 1.9009834 3.0286024 1.3651309 1.7504903 2.4799538 2.5829703 2.5126882 2.4987096 2.7515413 2.6362034 5.2349727 
Gasp_gasp1.m3.24100.m1                                 0.9674752 0.8578292 0.9540493 1.0639607 1.0504401 1.0580352 0.8571743 1.1610691 1.1026291 1.2949681 1.5002941 1.3980400 0.8000886 0.7957777 0.6872559 0.6961602 0.7603337 0.7015986 0.7317975 0.8191085 1.5413447 1.4306924 1.6938341 1.3071839 1.1935475 1.3707173 1.5263221 1.6573341 1.6573341 1.9242036 1.0195330 0.8754518 0.9425167 1.2598981 1.2671776 0.5227243 0.4573974 0.2707972 0.2585912 0.2224581 0.1653720 0.0000000 0.9882632 1.2247574 1.4226666 1.3606867 1.2900190 2.5982644 0.8750513 0.9313025 1.8066199 1.7697514 1.7081433 1.7081433 1.8772225 2.5737939 5.1842520 
Spis_XP_022789773_1                                    2.6665763 2.2463308 1.9584424 2.1705247 2.3112178 2.4866852 2.1518154 2.7862069 2.1716404 2.4326959 3.1885572 2.8544514 2.5012832 2.0348503 2.0745076 2.1992166 2.3456301 2.5572662 3.8529418 2.4461215 3.2835290 2.7230758 3.3637404 3.1127719 2.4580233 3.0419471 2.8601112 3.5930652 3.5429858 3.3072383 2.3016126 2.1514657 2.2229450 2.6201149 2.0410991 1.5796145 1.2565437 0.9583580 0.9253503 0.6963141 0.6581383 0.9882632 0.0000000 2.2470038 3.2252935 2.9644517 2.7953354 2.7103471 2.2942557 2.4903447 3.6861525 3.4567313 3.7271094 3.7080199 3.9795943 2.5673221 4.4779815 
Emue_Em0011g34a.t1                                     1.5954227 1.3128658 1.1314818 1.3146084 1.3159107 1.7587590 1.4446524 1.5689908 1.4031124 1.4321000 1.6275913 1.7133817 1.4656298 1.3368901 1.3931116 1.4966451 1.4832603 1.5351650 2.0178625 1.9447116 2.0674378 2.0487253 2.3306244 2.0340676 1.5288880 2.0465708 2.0864573 1.9734507 1.9502314 2.0236210 1.3538152 1.3045922 1.3494026 1.3837192 1.4957253 1.7283798 1.7572083 1.6619058 1.6805369 1.5621196 1.6558552 1.2247574 2.2470038 0.0000000 1.9789392 1.5112525 1.9615821 2.3877706 1.9729978 1.9545958 1.9107627 2.3301535 2.3175049 2.3351162 2.3752736 2.0030451 3.8572492 
Scil_scict024374.1                                     2.3569435 1.6962111 1.3458194 1.6455461 1.7500745 1.9790504 1.8968795 2.0167586 1.9854421 1.4362030 2.0480173 2.0473958 1.9465874 1.8106782 1.6747918 1.7016776 1.8642129 1.9026695 2.2355418 2.3504061 2.6728838 2.4550294 2.4342868 2.3616242 1.5060168 2.6892405 2.2723654 2.3814369 2.3716977 2.3219641 2.3983474 2.2087265 2.0663920 2.2452148 2.9580964 2.2635116 2.3870545 2.5459419 2.5768456 2.3452112 2.2587578 1.4226666 3.2252935 1.9789392 0.0000000 0.5639276 0.8786209 1.0584706 2.2182758 2.4621438 2.5002920 2.7795073 2.8256830 2.8066227 2.8718888 1.7203065 4.5117077 
Leuniv_Lniv_scaffold12487_01                           1.9587977 1.5768926 1.1741779 1.4133350 1.4189651 1.7772508 1.7063246 1.6499481 1.8565436 1.2488451 1.7541694 1.7892466 1.6690251 1.4423847 1.3538354 1.4205616 1.5487936 1.8397123 1.9399750 2.0111682 2.3595987 2.1866435 2.4454742 2.2707591 1.3217181 2.3924356 2.0391741 2.3348045 2.3256283 2.2545532 2.1759941 1.8374277 1.8213731 1.7521103 2.1561858 1.8669458 1.9523422 2.2667739 2.3241985 2.0410282 2.0468434 1.3606867 2.9644517 1.5112525 0.5639276 0.0000000 0.7767653 0.9148631 2.1054964 1.9740012 2.1159506 2.7016047 2.6628452 2.6699677 2.6443927 1.3856550 4.6411355 
Lcom_lcpid79454                                        1.9699562 1.7528228 1.1816031 1.2933229 1.5164048 1.7924020 1.7459174 1.7932574 1.6205121 1.2419124 2.0199890 1.9379942 1.6614772 1.5238371 1.6054150 1.5863429 1.7772977 1.8265745 2.2757456 2.3152511 2.4547857 2.3436712 2.3114162 2.1724439 1.4799622 2.3063150 2.2804734 2.4803083 2.4700535 2.0148279 2.1675777 2.0916189 2.0537685 2.0697990 2.5792955 1.9395214 2.0236714 2.1278409 2.1470584 1.8985345 1.9009834 1.2900190 2.7953354 1.9615821 0.8786209 0.7767653 0.0000000 0.9920090 2.0036185 2.1987545 2.2902119 3.2473131 3.0475876 3.0391857 3.1142670 1.5189617 4.7964107 
Gracom_Gcom_scaffold18176_01                           2.8915787 2.3790261 1.8479150 2.3952406 2.5052181 2.7115233 2.9493185 3.0200845 2.3814940 2.2804409 2.8081518 2.9871849 3.0626794 2.7005411 2.4316659 2.4362633 3.1429474 3.0918916 3.9402837 3.5256311 3.5912264 4.0567103 3.5939035 3.4684231 2.0210066 4.0137691 3.1425318 3.2666929 3.2440918 3.0147207 3.6411025 3.3008746 3.2390259 2.8716159 2.3733685 2.9707517 2.6976301 3.1874122 3.1814345 2.8065997 3.0286024 2.5982644 2.7103471 2.3877706 1.0584706 0.9148631 0.9920090 0.0000000 3.3043915 3.6115256 2.9902177 4.2619547 4.4984976 4.5186747 4.5303901 1.0806435 5.0339883 
Dgig_XM_028544507.1                                    1.9195358 2.1210710 1.4650971 1.2608460 1.8129027 2.0393743 1.8119587 1.9793866 1.9606245 1.5219408 2.1788091 2.1249615 1.3588568 1.4842592 1.4438430 1.3968299 1.5131550 1.6095649 1.8383302 1.5996388 2.0463047 1.7272054 2.0914336 1.8866261 1.2113976 1.8383554 1.8595861 2.1882201 2.1822257 2.1754091 1.6935415 1.5929805 1.6656377 1.9815675 2.5458613 1.5001975 1.4384847 1.6100678 1.6126233 1.5020605 1.3651309 0.8750513 2.2942557 1.9729978 2.2182758 2.1054964 2.0036185 3.3043915 0.0000000 0.9409854 2.3211936 2.7038898 2.8405839 2.8429195 2.9112089 3.0254650 5.4340881 
Xesp_004378-T1                                         2.1453639 2.1925333 1.5434630 1.5101715 2.0786812 2.3758566 2.0611734 2.3386677 1.9997458 1.5153476 2.5099574 2.3671209 1.5437858 1.6654612 1.4622392 1.4452698 1.7239857 1.6801596 2.3501445 1.7735074 2.3943129 2.1627518 2.5849314 2.1035574 1.5331444 2.3872266 2.3186862 2.5579545 2.5398067 2.4958722 2.2694731 2.1146998 2.3178124 2.2368087 2.6993269 1.7918305 1.6870337 1.8100915 1.8321740 1.7472218 1.7504903 0.9313025 2.4903447 1.9545958 2.4621438 1.9740012 2.1987545 3.6115256 0.9409854 0.0000000 2.4253131 2.9253125 3.1461086 3.1459794 3.0509257 3.0724709 5.6666523 
Coeast_Cast_sb762596                                   1.9088290 2.0704208 1.7134507 1.8502864 1.9075201 2.0503930 1.9691767 1.7801946 1.8795861 1.9465941 2.4856423 2.5153485 2.2265698 1.7891550 1.4390645 1.5273265 1.7236165 2.2139981 2.6269683 2.0326270 1.5313302 2.2676931 2.0861736 1.8828163 1.2404071 2.1203243 1.8850327 1.1171756 1.1335216 1.0693794 2.4799964 2.1164784 2.1982897 2.0149921 2.4013726 2.3833635 2.6453947 2.3136788 2.3257406 2.4907521 2.4799538 1.8066199 3.6861525 1.9107627 2.5002920 2.1159506 2.2902119 2.9902177 2.3211936 2.4253131 0.0000000 3.1724907 2.8285949 2.8285949 2.8214615 4.1260774 4.4538873 
TrH2_TrispH2_002857-RA                                 2.6553176 2.2822818 1.8196431 2.3887828 2.4909503 2.5509152 2.8090877 2.5456213 2.5107302 1.5107425 2.3077496 2.1034998 1.9606791 2.2227219 2.5518491 2.4444758 2.4735908 2.5158955 2.3388460 2.2403046 2.4612740 2.4419283 2.7108953 2.4800119 2.2270749 3.0329985 2.4756378 2.6466368 2.7004914 2.4549297 1.9891069 2.1534508 2.0811689 2.1222632 3.0552509 2.3841616 2.4130955 2.5981030 2.5563710 2.5434773 2.5829703 1.7697514 3.4567313 2.3301535 2.7795073 2.7016047 3.2473131 4.2619547 2.7038898 2.9253125 3.1724907 0.0000000 0.4390567 0.4442318 0.4639615 4.4074644 5.1999560 
Hhon_g05039.t1                                         2.6051995 2.3422546 1.8653072 2.4274865 2.4241344 2.6375495 2.8399683 2.6063676 2.6953574 1.5982293 2.4333076 2.3739661 2.0472034 2.0990454 2.5255761 2.4552352 2.5455112 2.5924321 2.6957764 2.5780370 2.5942336 2.7549807 2.8432813 2.5787343 2.2985707 3.2738138 2.6225129 2.7978654 2.8881015 2.2180345 2.2301320 2.3681325 2.3206394 2.3229609 3.3480990 2.5369117 2.3951502 2.5825539 2.5456412 2.5457163 2.5126882 1.7081433 3.7271094 2.3175049 2.8256830 2.6628452 3.0475876 4.4984976 2.8405839 3.1461086 2.8285949 0.4390567 0.0000000 0.0078015 0.1897174 5.3245239 4.5743850 
HoiH04_mRNA15165                                       2.5954081 2.3437301 1.8653072 2.4274865 2.4241344 2.6609731 2.8371985 2.5919605 2.6976181 1.5982293 2.4270910 2.3679666 2.0379181 2.1008763 2.5115487 2.4415432 2.5429154 2.6002541 2.7155823 2.6005315 2.6010064 2.7549807 2.8432813 2.5787343 2.2985707 3.2738138 2.6225129 2.8022546 2.8924648 2.2180345 2.2320154 2.3610953 2.2892725 2.3249652 3.2671459 2.5216796 2.3960775 2.5642162 2.5273008 2.5477535 2.4987096 1.7081433 3.7080199 2.3351162 2.8066227 2.6699677 3.0391857 4.5186747 2.8429195 3.1459794 2.8285949 0.4442318 0.0078015 0.0000000 0.1998298 5.3245239 4.5743850 
HoiH23_PlH23_009232-RA                                 2.5938337 2.4470061 1.8138421 2.5596101 2.4439423 2.5045055 2.7007601 2.6813254 2.6636199 1.5934214 2.4108899 2.3807858 2.0550440 2.2212442 2.5772522 2.4979361 2.3530568 2.5701036 2.9143790 2.4795932 2.6253342 2.7076164 2.8823464 2.3673150 2.2723370 3.1048637 2.5293740 2.8162652 2.9116540 2.3390739 2.1172244 2.3252452 2.3168793 2.2538276 3.3448177 2.5949228 2.4767378 2.7525859 2.7153883 2.6908209 2.7515413 1.8772225 3.9795943 2.3752736 2.8718888 2.6443927 3.1142670 4.5303901 2.9112089 3.0509257 2.8214615 0.4639615 0.1897174 0.1998298 0.0000000 4.5778349 5.0873862 
Clacor_Ccor_scaffold185_01                             2.4597299 2.0787784 1.9531219 2.1403438 1.7103716 2.7977199 2.5314807 2.2082048 1.8141144 3.0582708 3.1029248 2.8194532 2.7474201 2.5017594 2.3554825 2.3079887 2.1115158 2.5803538 3.7641037 2.4932704 3.5851407 2.9350792 3.0059413 2.3750006 2.7059858 2.6571604 2.7219810 3.6212261 3.6212261 3.6481167 2.3568743 2.1945466 2.2135846 2.2575590 1.3162969 2.3110314 2.1839140 2.3334057 2.4200459 2.3328872 2.6362034 2.5737939 2.5673221 2.0030451 1.7203065 1.3856550 1.5189617 1.0806435 3.0254650 3.0724709 4.1260774 4.4074644 5.3245239 5.3245239 4.5778349 0.0000000 7.5966223 
Mlei_ML0015.g11.i1                                     5.0392478 5.3308791 3.7103005 4.6054794 4.4151405 5.1477838 4.4304744 5.2601199 5.2476006 3.8562495 5.2618488 4.9129779 4.6304081 5.0138160 5.3077222 5.7236141 5.4482581 5.0732001 6.4843475 5.0284304 5.0769811 2.8381261 2.5162189 2.8467412 6.0590980 2.1589144 2.3043465 5.6555164 5.5347936 4.4163679 5.1237323 5.3118903 5.1637024 5.0942901 4.1559318 4.8819529 4.2327766 4.5420021 4.5269590 5.2500395 5.2349727 5.1842520 4.4779815 3.8572492 4.5117077 4.6411355 4.7964107 5.0339883 5.4340881 5.6666523 4.4538873 5.1999560 4.5743850 4.5743850 5.0873862 7.5966223 0.0000000 
