52
Hsap_ENST00000371505                                    0.0000000 1.0614954 1.1604285 1.1215782 1.1247770 1.0471373 1.1031239 1.1097524 1.1637241 1.1790007 1.1664776 1.1848944 1.1262544 1.1597722 1.0642715 1.1634845 1.2671653 1.2143756 1.2686004 1.2754931 1.1931537 1.2653650 1.2377674 1.2369114 1.2357905 1.5781011 1.4542647 1.5518151 1.8607194 1.6106506 1.5597874 1.6312600 1.6123609 1.4341660 1.4521656 1.5959233 1.6202132 1.6407467 1.6108653 1.7624532 1.8817947 1.7291438 1.5781112 1.8323696 1.6906681 2.3308354 2.6850272 2.5396168 2.4247031 2.1846934 2.2631338 2.0287172 
Bralan_BLAG04001623_1                                   1.0614954 0.0000000 0.5843124 0.5800574 0.5929497 0.5292714 0.5974776 0.6028719 0.6611544 0.6125576 0.5821147 0.4945031 0.5798963 0.6568076 0.5176025 0.5659062 0.8306716 0.8081407 0.7514770 0.7768081 0.8045721 0.8534670 0.8368804 0.8284265 0.8150137 0.9943394 0.9349262 1.0662225 1.2912342 1.1356876 1.0681071 1.1411603 1.1097996 1.0109546 1.0397406 1.1132347 1.1202600 1.1260732 1.1904692 1.4867775 1.5014959 1.4108902 1.2341878 1.2681040 1.4334988 1.7562149 2.5607990 2.0780267 2.1620108 2.0576815 2.1338573 1.9081397 
Exapal_XM_021054788.2                                   1.1604285 0.5843124 0.0000000 0.1657555 0.2392955 0.2016030 0.2248247 0.2193989 0.2407733 0.2550254 0.2343887 0.6246821 0.5956206 0.6881987 0.5757345 0.6007421 0.6814553 0.5809395 0.5757051 0.6020864 0.7061411 0.7520392 0.7340591 0.7289803 0.7270354 0.9602911 0.8504988 0.9756912 1.0698779 0.9444351 0.9479952 0.9849927 1.0299114 0.9233367 0.9354526 1.0400228 1.1358530 1.1613691 1.2170425 1.3969438 1.3336036 1.2635233 1.0379464 1.2223748 1.4904136 1.4099265 1.9856581 2.0718361 2.1531278 2.0158066 2.0317126 1.6675325 
Nvec_v1g163817                                          1.1215782 0.5800574 0.1657555 0.0000000 0.2327366 0.2020561 0.2239717 0.2355175 0.2396063 0.2495815 0.2267399 0.5999174 0.6222513 0.6695871 0.6013584 0.6760967 0.7297887 0.6183485 0.6162301 0.6444261 0.6604174 0.6604174 0.6248258 0.6321781 0.6348189 0.8913269 0.8113371 1.0438433 1.1369832 1.0354242 1.0819572 1.0954859 1.0704809 1.0467866 1.0138184 1.0417425 1.1393623 1.1623695 1.2284116 1.3976644 1.3432128 1.2282398 1.0913373 1.2409440 1.4912964 1.4715356 2.0190443 2.3551423 1.9937470 1.9344480 1.9408077 1.5958893 
Adig_XM_015919767.1                                     1.1247770 0.5929497 0.2392955 0.2327366 0.0000000 0.0055714 0.1226632 0.1168975 0.1433127 0.1458548 0.1347039 0.5942270 0.5979875 0.6846865 0.5594422 0.6710912 0.6174858 0.6228265 0.5956612 0.6112256 0.7035238 0.7684334 0.7132793 0.7089186 0.7194656 0.9233763 0.8253723 1.0004848 1.1039864 0.9998766 0.9537024 1.0230435 1.0213641 0.9351694 0.9695812 1.0549207 1.1315322 1.1299674 1.1937890 1.3733819 1.2987526 1.2709616 1.1917796 1.1409818 1.4177190 1.4138862 1.6714159 2.2080265 2.1252437 2.0435915 2.0312713 1.7680034 
Amil_Amillepora27838-RA                                 1.0471373 0.5292714 0.2016030 0.2020561 0.0055714 0.0000000 0.1151290 0.1096200 0.1110795 0.1353540 0.1244374 0.5475766 0.5679150 0.6345666 0.5243868 0.6152568 0.6319306 0.6272708 0.6075063 0.6117251 0.6940404 0.7162748 0.6582029 0.6493348 0.6650860 0.8361128 0.7810347 0.9528771 1.1004663 0.9458699 0.9499925 0.9768740 0.9772836 0.8951457 0.9316818 1.0420382 1.0754001 1.0772778 1.1081659 1.3118238 1.2594372 1.2148043 1.1640092 1.1114619 1.2851053 1.3902158 2.8532699 2.1805600 2.0858006 1.9508230 1.9446608 1.6802589 
Gfas_gfas1.m1.14002.m1                                  1.1031239 0.5974776 0.2248247 0.2239717 0.1226632 0.1151290 0.0000000 0.0790430 0.1157813 0.1157596 0.1102573 0.6230482 0.5903948 0.6508840 0.5670664 0.6744927 0.5914928 0.5882976 0.6073010 0.6260200 0.6972215 0.7670430 0.6967601 0.7082803 0.7114394 0.9410002 0.8499742 1.0365300 1.1729322 1.0040050 0.9842707 1.0581031 1.0930819 0.9618682 0.9950298 1.0706194 1.1555552 1.1583284 1.2403775 1.4133900 1.3732280 1.2830728 1.1229264 1.1785659 1.4560674 1.4492209 1.8695178 2.1829336 2.1462440 1.9851269 1.9907104 1.7826353 
Gasp_gasp1.m3.19968.m1                                  1.1097524 0.6028719 0.2193989 0.2355175 0.1168975 0.1096200 0.0790430 0.0000000 0.0846580 0.1186046 0.1125363 0.6359876 0.6224497 0.6503413 0.5546331 0.6708023 0.6302267 0.5976864 0.6097172 0.6319401 0.7018360 0.7294969 0.6719705 0.6665732 0.6726354 0.9295201 0.8021873 1.0306269 1.2028927 1.0131847 1.0310918 1.0675941 1.0792562 0.9728392 0.9749793 1.1021906 1.1443965 1.1389592 1.2331525 1.3744203 1.4069946 1.2766211 1.1706493 1.2050078 1.4225465 1.4136455 1.6716204 2.1746940 2.1031962 1.9737888 1.9831167 1.8395748 
Fspp_ffun1.m4.13748.m1                                  1.1637241 0.6611544 0.2407733 0.2396063 0.1433127 0.1110795 0.1157813 0.0846580 0.0000000 0.1292059 0.1259155 0.6542096 0.6545343 0.7004157 0.5753892 0.6745834 0.5968295 0.5961992 0.6002707 0.6174632 0.7333529 0.7950329 0.7486675 0.7436248 0.7462105 0.9310179 0.8366399 1.0378535 1.1601210 1.0009595 0.9811838 1.0376710 1.0738674 0.9940090 1.0052678 1.0818014 1.1552767 1.1580251 1.2439315 1.4096968 1.3579144 1.3012107 1.1748302 1.1587764 1.4469651 1.4358506 1.6780854 2.1973427 2.1253570 2.0221890 1.9643323 1.8029273 
Spis_XP_022795823_1                                     1.1790007 0.6125576 0.2550254 0.2495815 0.1458548 0.1353540 0.1157596 0.1186046 0.1292059 0.0000000 0.0339099 0.6656539 0.6214943 0.6945220 0.5848303 0.6775677 0.6523666 0.6353854 0.6053525 0.6415291 0.7170520 0.7834788 0.7347410 0.7413610 0.7465604 0.9432753 0.8412970 1.0336700 1.1616429 1.0156749 0.9699467 1.0606369 1.0577970 0.9911029 1.0149462 1.0209983 1.1817074 1.1985128 1.2740512 1.3917597 1.3827437 1.3137345 1.1631759 1.2242298 1.5054583 1.4875331 1.7287732 2.3164718 2.1237864 2.0765929 1.9253913 1.7065110 
Pocdam_XM_027194157.1                                   1.1664776 0.5821147 0.2343887 0.2267399 0.1347039 0.1244374 0.1102573 0.1125363 0.1259155 0.0339099 0.0000000 0.6433836 0.6159826 0.6945730 0.5819415 0.6606199 0.6366107 0.6372965 0.5863145 0.6220465 0.6878768 0.7533900 0.7093257 0.7119332 0.7151042 0.9403546 0.8603946 1.0147492 1.1495815 0.9970209 0.9613754 1.0486872 1.0628581 0.9691962 0.9934904 1.0475472 1.1532480 1.1696724 1.2584558 1.3588088 1.3405026 1.3052729 1.1383343 1.2181418 1.4461511 1.4888160 1.7069778 2.2524539 2.1728397 2.1491132 2.0284306 1.7417358 
Skow_XM_002734768.2                                     1.1848944 0.4945031 0.6246821 0.5999174 0.5942270 0.5475766 0.6230482 0.6359876 0.6542096 0.6656539 0.6433836 0.0000000 0.5621659 0.6129041 0.5273417 0.4746359 0.9103748 0.8853644 0.7846974 0.7934299 0.8437160 0.8972440 0.8726129 0.8909426 0.8774322 1.0173611 0.9984322 1.2117631 1.2868841 1.1888098 1.1477325 1.1600442 1.1875344 1.1259726 1.1643888 1.1848032 1.3038136 1.3363750 1.3301435 1.5668722 1.4527756 1.3952448 1.1667739 1.3285775 1.4208333 1.7546212 2.1326635 2.3265952 2.3513529 2.2383394 2.1796616 1.8970334 
Ctel_gnl_WGS_AMQN_CAPTEDRAFT_mRNA177270                 1.1262544 0.5798963 0.5956206 0.6222513 0.5979875 0.5679150 0.5903948 0.6224497 0.6545343 0.6214943 0.6159826 0.5621659 0.0000000 0.4794652 0.3973519 0.6883626 0.7870922 0.7735390 0.8036904 0.7678224 0.8271321 0.8881318 0.8458766 0.8523336 0.8543080 0.9993062 1.0137145 1.1558493 1.2593468 1.1958191 1.1255674 1.2141240 1.1551542 1.0772966 1.1292226 1.1525013 1.2776428 1.3117335 1.3124762 1.5223437 1.3528755 1.4272106 1.3563336 1.4544220 1.6249040 1.7694226 2.2479430 2.2943691 2.4495616 2.0969498 2.2882879 2.0035849 
Cgig_XM_011452155.3                                     1.1597722 0.6568076 0.6881987 0.6695871 0.6846865 0.6345666 0.6508840 0.6503413 0.7004157 0.6945220 0.6945730 0.6129041 0.4794652 0.0000000 0.3214634 0.7031275 0.8117058 0.8203772 0.8881743 0.8792935 0.8312898 0.9020496 0.8640111 0.8552129 0.8599409 0.9629811 0.9714188 1.0699005 1.2262121 1.1131870 1.0548431 1.1243777 1.1554252 1.0730736 1.0875479 1.1133215 1.1766046 1.1951015 1.2479452 1.4235647 1.4041598 1.5052526 1.2386898 1.2768052 1.4590709 1.6116468 2.2850478 2.1081019 2.2454566 2.1172090 2.0917860 1.8904184 
Acagra_model.g17751.t1                                  1.0642715 0.5176025 0.5757345 0.6013584 0.5594422 0.5243868 0.5670664 0.5546331 0.5753892 0.5848303 0.5819415 0.5273417 0.3973519 0.3214634 0.0000000 0.6801153 0.7107016 0.7510856 0.7589843 0.7489143 0.7687176 0.8161160 0.7852306 0.7781195 0.7831754 1.0219555 0.9698223 1.1781432 1.3231041 1.2076523 1.1545487 1.1638235 1.2621624 1.0977373 1.1227301 1.2509589 1.2721486 1.2933808 1.3395098 1.5015954 1.5326917 1.6134354 1.3559155 1.3706921 1.5704566 1.6034778 1.7515155 2.3709740 2.4899614 2.1380523 2.2842615 1.7984443 
Spur_XM_030999612.1                                     1.1634845 0.5659062 0.6007421 0.6760967 0.6710912 0.6152568 0.6744927 0.6708023 0.6745834 0.6775677 0.6606199 0.4746359 0.6883626 0.7031275 0.6801153 0.0000000 0.9245679 0.8266771 0.8642312 0.8883434 0.8849548 0.9412872 0.9312231 0.9425170 0.9289942 1.0212098 1.0071173 1.0829517 1.2549617 1.1355224 1.0427407 1.0887108 1.1545920 1.0461139 1.0451398 1.1267878 1.1154523 1.1359781 1.2218312 1.5871053 1.4811178 1.4037671 1.1882168 1.3501361 1.5027827 1.5852499 2.3624267 2.2624489 2.2134791 2.0950527 2.2774029 2.0637907 
Aaur_scaffold1931.g3.t1                                 1.2671653 0.8306716 0.6814553 0.7297887 0.6174858 0.6319306 0.5914928 0.6302267 0.5968295 0.6523666 0.6366107 0.9103748 0.7870922 0.8117058 0.7107016 0.9245679 0.0000000 0.2855170 0.2471886 0.2498778 0.9511483 0.9511483 0.9719315 0.9636446 0.9483100 1.1534634 1.0645662 1.0310190 1.3873876 1.0568643 1.0656305 1.0628578 1.1133030 1.0386314 0.9831387 1.1961909 1.0984679 1.0919390 1.3577824 1.6560377 2.0164532 1.7023550 1.8739421 1.3968482 2.1554126 1.9815577 1.6327299 1.4194992 2.1828631 1.8526935 1.7750724 1.8304454 
Sanmal_Sma_023556-T1                                    1.2143756 0.8081407 0.5809395 0.6183485 0.6228265 0.6272708 0.5882976 0.5976864 0.5961992 0.6353854 0.6372965 0.8853644 0.7735390 0.8203772 0.7510856 0.8266771 0.2855170 0.0000000 0.3468658 0.3449533 0.9578792 0.9578792 0.9228160 0.9400753 0.9514115 1.0197655 1.0392922 1.0988360 1.2862937 1.1072791 1.0927734 1.1278076 1.0895665 1.1164186 1.0603526 1.1312093 1.2020206 1.2099866 1.3127737 1.2355326 1.3552344 1.2476093 1.1698520 1.2174488 1.3768275 1.3782805 1.7287140 2.0656279 2.3173870 2.1101941 1.9633483 1.8373214 
Nemnom_g2992.t1                                         1.2686004 0.7514770 0.5757051 0.6162301 0.5956612 0.6075063 0.6073010 0.6097172 0.6002707 0.6053525 0.5863145 0.7846974 0.8036904 0.8881743 0.7589843 0.8642312 0.2471886 0.3468658 0.0000000 0.0846293 0.9016304 0.9221284 0.8981954 0.8940905 0.8783654 1.0731980 1.0245186 1.1462113 1.2218501 1.1203436 1.1049536 1.1512255 1.1391195 1.1332476 1.0939163 1.1370712 1.2957454 1.3105316 1.3324246 1.2815493 1.4023106 1.2428931 1.2259626 1.2348647 1.3611377 1.4506300 1.5395818 2.1257117 2.3316179 2.0856262 1.9860520 1.7983902 
Rhoesc_Res_004267-T1                                    1.2754931 0.7768081 0.6020864 0.6444261 0.6112256 0.6117251 0.6260200 0.6319401 0.6174632 0.6415291 0.6220465 0.7934299 0.7678224 0.8792935 0.7489143 0.8883434 0.2498778 0.3449533 0.0846293 0.0000000 0.9010427 0.9215865 0.9129366 0.8991079 0.8928990 1.1112234 1.0710240 1.1636203 1.2460435 1.1678437 1.1497201 1.1672971 1.1653336 1.1189374 1.0865372 1.1626649 1.3055898 1.3314955 1.3121013 1.2850340 1.3902551 1.2366206 1.2407007 1.2573146 1.3663001 1.4455397 1.6710319 2.1545432 2.3489197 2.1359857 1.9911066 1.7742620 
Tadh_TriadT50874                                        1.1931537 0.8045721 0.7061411 0.6604174 0.7035238 0.6940404 0.6972215 0.7018360 0.7333529 0.7170520 0.6878768 0.8437160 0.8271321 0.8312898 0.7687176 0.8849548 0.9511483 0.9578792 0.9016304 0.9010427 0.0000000 0.0000010 0.0937647 0.0924245 0.0857143 0.9786234 0.8932567 1.0435852 1.1777777 1.0747418 1.0706901 1.1217765 1.0466239 1.0699559 1.0600478 1.1421034 1.1148141 1.1357468 1.1582622 1.5234628 1.5530704 1.3859866 1.2696089 1.3881842 1.3945505 1.8332428 2.0252312 2.1795020 2.1595388 2.0262389 2.1460093 1.9664558 
TrH2_TrispH2_008241-RA                                  1.2653650 0.8534670 0.7520392 0.6604174 0.7684334 0.7162748 0.7670430 0.7294969 0.7950329 0.7834788 0.7533900 0.8972440 0.8881318 0.9020496 0.8161160 0.9412872 0.9511483 0.9578792 0.9221284 0.9215865 0.0000010 0.0000000 0.0980763 0.0939289 0.0930635 1.0579972 0.9338121 1.1000352 1.1777777 1.1313634 1.0706901 1.1789607 1.1059792 1.0699559 1.1093639 1.1421034 1.1644387 1.1917463 1.2183210 1.6343876 1.5530704 1.4500524 1.2696089 1.3881842 1.3945505 1.8332428 2.0252312 2.1795020 2.2808589 2.0790591 2.1744674 1.9664558 
HoiH06_mRNA6133                                         1.2377674 0.8368804 0.7340591 0.6248258 0.7132793 0.6582029 0.6967601 0.6719705 0.7486675 0.7347410 0.7093257 0.8726129 0.8458766 0.8640111 0.7852306 0.9312231 0.9719315 0.9228160 0.8981954 0.9129366 0.0937647 0.0980763 0.0000000 0.0287143 0.0489921 1.0300635 0.9091074 1.0989321 1.1775604 1.0949958 1.0410629 1.1573073 1.0970262 1.0370267 1.0840186 1.1249816 1.1409787 1.1527660 1.1910258 1.5843285 1.4956571 1.3758140 1.2234010 1.3153725 1.3399720 1.6993472 2.0548059 2.1206967 2.3281592 2.0876139 2.2903427 1.8938947 
HoiH23_PlH23_005904-RA                                  1.2369114 0.8284265 0.7289803 0.6321781 0.7089186 0.6493348 0.7082803 0.6665732 0.7436248 0.7413610 0.7119332 0.8909426 0.8523336 0.8552129 0.7781195 0.9425170 0.9636446 0.9400753 0.8940905 0.8991079 0.0924245 0.0939289 0.0287143 0.0000000 0.0386394 1.0562619 0.9062149 1.1308875 1.2201227 1.1269100 1.0756423 1.1771764 1.1074608 1.0523564 1.1056675 1.1651477 1.1681745 1.1802272 1.1782787 1.5916144 1.5064060 1.4171021 1.2289528 1.3433399 1.3677109 1.7105865 2.1149230 2.1277366 2.3282501 2.0806730 2.2745865 1.9176074 
HoiH04_mRNA1812                                         1.2357905 0.8150137 0.7270354 0.6348189 0.7194656 0.6650860 0.7114394 0.6726354 0.7462105 0.7465604 0.7151042 0.8774322 0.8543080 0.8599409 0.7831754 0.9289942 0.9483100 0.9514115 0.8783654 0.8928990 0.0857143 0.0930635 0.0489921 0.0386394 0.0000000 1.0294761 0.9250209 1.1216545 1.1952103 1.1150542 1.0596706 1.1662792 1.0803301 1.0494335 1.0984046 1.1319377 1.1544140 1.1662633 1.1979334 1.5954775 1.5217093 1.4073652 1.2364584 1.3579309 1.3671563 1.7278500 2.1338488 2.1770563 2.2671132 2.0830306 2.2402679 1.9615053 
Opea_EP00118_Oscarella_pearsei_P007214                  1.5781011 0.9943394 0.9602911 0.8913269 0.9233763 0.8361128 0.9410002 0.9295201 0.9310179 0.9432753 0.9403546 1.0173611 0.9993062 0.9629811 1.0219555 1.0212098 1.1534634 1.0197655 1.0731980 1.1112234 0.9786234 1.0579972 1.0300635 1.0562619 1.0294761 0.0000000 0.6209413 1.0670056 1.2976020 1.1429664 1.0650911 1.1138942 1.1558742 1.1367129 1.1211089 1.1776621 1.2766664 1.2876479 1.2742533 1.3915138 1.3800660 1.2943983 1.0800611 1.1875379 1.4621215 1.7526449 2.6460579 1.9845945 2.0554108 1.9955973 1.9346975 1.6509019 
Plajan_Pjan_C560852_01                                  1.4542647 0.9349262 0.8504988 0.8113371 0.8253723 0.7810347 0.8499742 0.8021873 0.8366399 0.8412970 0.8603946 0.9984322 1.0137145 0.9714188 0.9698223 1.0071173 1.0645662 1.0392922 1.0245186 1.0710240 0.8932567 0.9338121 0.9091074 0.9062149 0.9250209 0.6209413 0.0000000 0.9783109 1.2902195 1.0239168 0.9883243 1.0094265 1.0464814 1.0107433 0.9886239 1.0976369 1.1393991 1.1470773 1.2428472 1.3433000 1.3542263 1.2233509 1.1755628 1.1500090 1.4803640 1.5124744 2.0392069 2.0764451 2.2843042 2.1492784 2.0902159 1.7829046 
Mlei_ML0332.g14.i1                                      1.5518151 1.0662225 0.9756912 1.0438433 1.0004848 0.9528771 1.0365300 1.0306269 1.0378535 1.0336700 1.0147492 1.2117631 1.1558493 1.0699005 1.1781432 1.0829517 1.0310190 1.0988360 1.1462113 1.1636203 1.0435852 1.1000352 1.0989321 1.1308875 1.1216545 1.0670056 0.9783109 0.0000000 0.0968803 0.1749681 0.1524942 0.1599105 0.2530710 0.2811343 0.2368931 0.3036302 0.4528459 0.4414964 0.5320494 1.3865440 1.5307122 1.4514153 1.3445854 1.2787480 1.6389636 2.0521307 2.2204828 2.1547401 2.1923448 2.2891135 2.1525391 1.9361466 
Bolinf_Binf_sb1224513                                   1.8607194 1.2912342 1.0698779 1.1369832 1.1039864 1.1004663 1.1729322 1.2028927 1.1601210 1.1616429 1.1495815 1.2868841 1.2593468 1.2262121 1.3231041 1.2549617 1.3873876 1.2862937 1.2218501 1.2460435 1.1777777 1.1777777 1.1775604 1.2201227 1.1952103 1.2976020 1.2902195 0.0968803 0.0000000 0.1853300 0.1826836 0.1751132 0.2670869 0.3471775 0.2993743 0.3412845 0.5508174 0.5481906 0.6348713 1.4625911 1.5633618 1.6229271 1.3473545 1.5520419 1.6750425 2.0950771 2.1308079 3.0098237 2.4069704 2.4324359 2.3546659 1.8563088 
Drygla_Dgla_sb289302                                    1.6106506 1.1356876 0.9444351 1.0354242 0.9998766 0.9458699 1.0040050 1.0131847 1.0009595 1.0156749 0.9970209 1.1888098 1.1958191 1.1131870 1.2076523 1.1355224 1.0568643 1.1072791 1.1203436 1.1678437 1.0747418 1.1313634 1.0949958 1.1269100 1.1150542 1.1429664 1.0239168 0.1749681 0.1853300 0.0000000 0.1626198 0.1627599 0.2422758 0.3023657 0.2589065 0.3396808 0.4592445 0.4580877 0.5806575 1.4259598 1.5216565 1.4630104 1.3119509 1.2788758 1.6026046 1.9867814 2.4080143 2.2541705 2.2995735 2.2659618 2.2318566 2.0426147 
Mertsp_Mesp_sb571756                                    1.5597874 1.0681071 0.9479952 1.0819572 0.9537024 0.9499925 0.9842707 1.0310918 0.9811838 0.9699467 0.9613754 1.1477325 1.1255674 1.0548431 1.1545487 1.0427407 1.0656305 1.0927734 1.1049536 1.1497201 1.0706901 1.0706901 1.0410629 1.0756423 1.0596706 1.0650911 0.9883243 0.1524942 0.1826836 0.1626198 0.0000000 0.1414301 0.2003305 0.2640287 0.2299636 0.2527717 0.4725226 0.4669768 0.5737449 1.3277649 1.4124128 1.3386761 1.3368423 1.2370180 1.5392597 1.9877382 2.2963331 2.2300512 2.1806343 2.1258968 2.1172670 2.0034508 
Beraby_Baby_sb352710                                    1.6312600 1.1411603 0.9849927 1.0954859 1.0230435 0.9768740 1.0581031 1.0675941 1.0376710 1.0606369 1.0486872 1.1600442 1.2141240 1.1243777 1.1638235 1.0887108 1.0628578 1.1278076 1.1512255 1.1672971 1.1217765 1.1789607 1.1573073 1.1771764 1.1662792 1.1138942 1.0094265 0.1599105 0.1751132 0.1627599 0.1414301 0.0000000 0.2257411 0.2897026 0.2529731 0.3144834 0.4663092 0.4603609 0.5667672 1.4165173 1.4868176 1.4696887 1.3268314 1.3277798 1.5697985 1.9475537 2.4192687 2.3137689 2.2102100 2.2324733 2.1922307 2.0281581 
Lampan_Lpan_C413621_01                                  1.6123609 1.1097996 1.0299114 1.0704809 1.0213641 0.9772836 1.0930819 1.0792562 1.0738674 1.0577970 1.0628581 1.1875344 1.1551542 1.1554252 1.2621624 1.1545920 1.1133030 1.0895665 1.1391195 1.1653336 1.0466239 1.1059792 1.0970262 1.1074608 1.0803301 1.1558742 1.0464814 0.2530710 0.2670869 0.2422758 0.2003305 0.2257411 0.0000000 0.3091111 0.2642387 0.2710454 0.4672039 0.4787632 0.5484484 1.4164286 1.4332316 1.4672906 1.3763575 1.3000128 1.6505186 1.9977730 2.4793092 2.2426030 2.2554402 2.1081157 2.2106756 1.9587479 
Pbac_sb2665878                                          1.4341660 1.0109546 0.9233367 1.0467866 0.9351694 0.8951457 0.9618682 0.9728392 0.9940090 0.9911029 0.9691962 1.1259726 1.0772966 1.0730736 1.0977373 1.0461139 1.0386314 1.1164186 1.1332476 1.1189374 1.0699559 1.0699559 1.0370267 1.0523564 1.0494335 1.1367129 1.0107433 0.2811343 0.3471775 0.3023657 0.2640287 0.2897026 0.3091111 0.0000000 0.0243867 0.3768371 0.5169310 0.5321125 0.6183329 1.3941547 1.4935277 1.4390313 1.4064097 1.2640909 1.6603523 1.9177588 2.6808914 2.1374434 2.1248674 2.0468952 2.0127215 1.8085192 
Horcal_Hcv1.av93.c2.g794.i1                             1.4521656 1.0397406 0.9354526 1.0138184 0.9695812 0.9316818 0.9950298 0.9749793 1.0052678 1.0149462 0.9934904 1.1643888 1.1292226 1.0875479 1.1227301 1.0451398 0.9831387 1.0603526 1.0939163 1.0865372 1.0600478 1.1093639 1.0840186 1.1056675 1.0984046 1.1211089 0.9886239 0.2368931 0.2993743 0.2589065 0.2299636 0.2529731 0.2642387 0.0243867 0.0000000 0.3362800 0.4660233 0.4836532 0.5701761 1.4051845 1.4739708 1.4229946 1.4068635 1.2604242 1.5971345 1.8031706 2.3051964 2.1433374 2.2071717 2.1541210 2.0393488 1.8143821 
Eupdun_Edun_sb10651624                                  1.5959233 1.1132347 1.0400228 1.0417425 1.0549207 1.0420382 1.0706194 1.1021906 1.0818014 1.0209983 1.0475472 1.1848032 1.1525013 1.1133215 1.2509589 1.1267878 1.1961909 1.1312093 1.1370712 1.1626649 1.1421034 1.1421034 1.1249816 1.1651477 1.1319377 1.1776621 1.0976369 0.3036302 0.3412845 0.3396808 0.2527717 0.3144834 0.2710454 0.3768371 0.3362800 0.0000000 0.5508965 0.5602703 0.6862968 1.5081997 1.4563747 1.5836421 1.4446283 1.4335954 1.5121288 1.9472298 2.4637808 2.6432568 2.2819543 2.2293042 2.1890847 2.0564394 
Coeast_Cast_sb779558                                    1.6202132 1.1202600 1.1358530 1.1393623 1.1315322 1.0754001 1.1555552 1.1443965 1.1552767 1.1817074 1.1532480 1.3038136 1.2776428 1.1766046 1.2721486 1.1154523 1.0984679 1.2020206 1.2957454 1.3055898 1.1148141 1.1644387 1.1409787 1.1681745 1.1544140 1.2766664 1.1393991 0.4528459 0.5508174 0.4592445 0.4725226 0.4663092 0.4672039 0.5169310 0.4660233 0.5508965 0.0000000 0.0203699 0.4565926 1.6632701 1.6084736 1.6340916 1.6840339 1.4467607 1.7502246 2.0402253 2.5607173 2.1293286 2.2094167 2.2334442 2.1636828 2.1340977 
Coemet_Cmet_C602659_01                                  1.6407467 1.1260732 1.1613691 1.1623695 1.1299674 1.0772778 1.1583284 1.1389592 1.1580251 1.1985128 1.1696724 1.3363750 1.3117335 1.1951015 1.2933808 1.1359781 1.0919390 1.2099866 1.3105316 1.3314955 1.1357468 1.1917463 1.1527660 1.1802272 1.1662633 1.2876479 1.1470773 0.4414964 0.5481906 0.4580877 0.4669768 0.4603609 0.4787632 0.5321125 0.4836532 0.5602703 0.0203699 0.0000000 0.4659296 1.6880717 1.6203304 1.6532542 1.7170453 1.4479931 1.7856620 2.0699430 2.5211714 2.1246344 2.2386026 2.2678722 2.1894090 2.1849629 
Vmul_Simscaffold14956_01                                1.6108653 1.1904692 1.2170425 1.2284116 1.1937890 1.1081659 1.2403775 1.2331525 1.2439315 1.2740512 1.2584558 1.3301435 1.3124762 1.2479452 1.3395098 1.2218312 1.3577824 1.3127737 1.3324246 1.3121013 1.1582622 1.2183210 1.1910258 1.1782787 1.1979334 1.2742533 1.2428472 0.5320494 0.6348713 0.5806575 0.5737449 0.5667672 0.5484484 0.6183329 0.5701761 0.6862968 0.4565926 0.4659296 0.0000000 1.6690761 1.6551355 1.5775032 1.5524197 1.4493660 1.7710157 2.1741209 3.0734708 2.2123580 2.2128042 2.3043937 2.3421095 2.1704922 
Aque_Aqu2.1.41860_001                                   1.7624532 1.4867775 1.3969438 1.3976644 1.3733819 1.3118238 1.4133900 1.3744203 1.4096968 1.3917597 1.3588088 1.5668722 1.5223437 1.4235647 1.5015954 1.5871053 1.6560377 1.2355326 1.2815493 1.2850340 1.5234628 1.6343876 1.5843285 1.5916144 1.5954775 1.3915138 1.3433000 1.3865440 1.4625911 1.4259598 1.3277649 1.4165173 1.4164286 1.3941547 1.4051845 1.5081997 1.6632701 1.6880717 1.6690761 0.0000000 0.3759002 0.6358021 0.7671870 1.0198939 1.1750835 1.3604477 3.7514189 2.0368032 2.5503009 2.4868132 2.1853368 2.2278677 
Halamb_c46660_g1_i2mm.2031                              1.8817947 1.5014959 1.3336036 1.3432128 1.2987526 1.2594372 1.3732280 1.4069946 1.3579144 1.3827437 1.3405026 1.4527756 1.3528755 1.4041598 1.5326917 1.4811178 2.0164532 1.3552344 1.4023106 1.3902551 1.5530704 1.5530704 1.4956571 1.5064060 1.5217093 1.3800660 1.3542263 1.5307122 1.5633618 1.5216565 1.4124128 1.4868176 1.4332316 1.4935277 1.4739708 1.4563747 1.6084736 1.6203304 1.6551355 0.3759002 0.0000000 0.6506089 0.9465433 1.1373402 1.2168475 1.3882574 4.0209137 2.7445724 2.5458634 2.1274253 2.1059857 2.0911398 
Xestes_maker-XT_scaffold1740-augustus-gene-0.116-mRNA-1 1.7291438 1.4108902 1.2635233 1.2282398 1.2709616 1.2148043 1.2830728 1.2766211 1.3012107 1.3137345 1.3052729 1.3952448 1.4272106 1.5052526 1.6134354 1.4037671 1.7023550 1.2476093 1.2428931 1.2366206 1.3859866 1.4500524 1.3758140 1.4171021 1.4073652 1.2943983 1.2233509 1.4514153 1.6229271 1.4630104 1.3386761 1.4696887 1.4672906 1.4390313 1.4229946 1.5836421 1.6340916 1.6532542 1.5775032 0.6358021 0.6506089 0.0000000 0.6654879 1.0261332 1.1818490 1.1895356 3.2580838 2.0304327 2.6446190 2.3862890 2.2119117 1.9569838 
Tetwil_g23856.t2                                        1.5781112 1.2341878 1.0379464 1.0913373 1.1917796 1.1640092 1.1229264 1.1706493 1.1748302 1.1631759 1.1383343 1.1667739 1.3563336 1.2386898 1.3559155 1.1882168 1.8739421 1.1698520 1.2259626 1.2407007 1.2696089 1.2696089 1.2234010 1.2289528 1.2364584 1.0800611 1.1755628 1.3445854 1.3473545 1.3119509 1.3368423 1.3268314 1.3763575 1.4064097 1.4068635 1.4446283 1.6840339 1.7170453 1.5524197 0.7671870 0.9465433 0.6654879 0.0000000 0.7848898 1.0715198 0.8059166 3.6768062 2.5729431 2.6941126 2.4340292 2.3172666 1.7040420 
Spolac_c96258_g1_i1_m.12818c96258-g1                    1.8323696 1.2681040 1.2223748 1.2409440 1.1409818 1.1114619 1.1785659 1.2050078 1.1587764 1.2242298 1.2181418 1.3285775 1.4544220 1.2768052 1.3706921 1.3501361 1.3968482 1.2174488 1.2348647 1.2573146 1.3881842 1.3881842 1.3153725 1.3433399 1.3579309 1.1875379 1.1500090 1.2787480 1.5520419 1.2788758 1.2370180 1.3277798 1.3000128 1.2640909 1.2604242 1.4335954 1.4467607 1.4479931 1.4493660 1.0198939 1.1373402 1.0261332 0.7848898 0.0000000 1.3959587 1.1968466 3.3650197 1.0109534 2.4215117 2.1361290 2.2246925 1.9467996 
Plespi_Pspi_scaffold3389_01                             1.6906681 1.4334988 1.4904136 1.4912964 1.4177190 1.2851053 1.4560674 1.4225465 1.4469651 1.5054583 1.4461511 1.4208333 1.6249040 1.4590709 1.5704566 1.5027827 2.1554126 1.3768275 1.3611377 1.3663001 1.3945505 1.3945505 1.3399720 1.3677109 1.3671563 1.4621215 1.4803640 1.6389636 1.6750425 1.6026046 1.5392597 1.5697985 1.6505186 1.6603523 1.5971345 1.5121288 1.7502246 1.7856620 1.7710157 1.1750835 1.2168475 1.1818490 1.0715198 1.3959587 0.0000000 1.3503866 4.0410393 2.7706763 2.6857820 2.4631896 2.4126302 2.0298988 
Stycar_maker-SC_scaffold1260-augustus-gene-0.73-mRNA-1  2.3308354 1.7562149 1.4099265 1.4715356 1.4138862 1.3902158 1.4492209 1.4136455 1.4358506 1.4875331 1.4888160 1.7546212 1.7694226 1.6116468 1.6034778 1.5852499 1.9815577 1.3782805 1.4506300 1.4455397 1.8332428 1.8332428 1.6993472 1.7105865 1.7278500 1.7526449 1.5124744 2.0521307 2.0950771 1.9867814 1.9877382 1.9475537 1.9977730 1.9177588 1.8031706 1.9472298 2.0402253 2.0699430 2.1741209 1.3604477 1.3882574 1.1895356 0.8059166 1.1968466 1.3503866 0.0000000 2.7995874 2.1243495 2.8963262 2.6778709 2.6572554 2.4902877 
Hvul_g11859_1                                           2.6850272 2.5607990 1.9856581 2.0190443 1.6714159 2.8532699 1.8695178 1.6716204 1.6780854 1.7287732 1.7069778 2.1326635 2.2479430 2.2850478 1.7515155 2.3624267 1.6327299 1.7287140 1.5395818 1.6710319 2.0252312 2.0252312 2.0548059 2.1149230 2.1338488 2.6460579 2.0392069 2.2204828 2.1308079 2.4080143 2.2963331 2.4192687 2.4793092 2.6808914 2.3051964 2.4637808 2.5607173 2.5211714 3.0734708 3.7514189 4.0209137 3.2580838 3.6768062 3.3650197 4.0410393 2.7995874 0.0000000 4.6851688 2.9419193 3.7265936 2.9006246 2.9461432 
Emue_Em0012g1081a.t1                                    2.5396168 2.0780267 2.0718361 2.3551423 2.2080265 2.1805600 2.1829336 2.1746940 2.1973427 2.3164718 2.2524539 2.3265952 2.2943691 2.1081019 2.3709740 2.2624489 1.4194992 2.0656279 2.1257117 2.1545432 2.1795020 2.1795020 2.1206967 2.1277366 2.1770563 1.9845945 2.0764451 2.1547401 3.0098237 2.2541705 2.2300512 2.3137689 2.2426030 2.1374434 2.1433374 2.6432568 2.1293286 2.1246344 2.2123580 2.0368032 2.7445724 2.0304327 2.5729431 1.0109534 2.7706763 2.1243495 4.6851688 0.0000000 3.2344670 2.9780495 3.0723034 2.5216461 
Scil_scict006709.1                                      2.4247031 2.1620108 2.1531278 1.9937470 2.1252437 2.0858006 2.1462440 2.1031962 2.1253570 2.1237864 2.1728397 2.3513529 2.4495616 2.2454566 2.4899614 2.2134791 2.1828631 2.3173870 2.3316179 2.3489197 2.1595388 2.2808589 2.3281592 2.3282501 2.2671132 2.0554108 2.2843042 2.1923448 2.4069704 2.2995735 2.1806343 2.2102100 2.2554402 2.1248674 2.2071717 2.2819543 2.2094167 2.2386026 2.2128042 2.5503009 2.5458634 2.6446190 2.6941126 2.4215117 2.6857820 2.8963262 2.9419193 3.2344670 0.0000000 1.2349613 0.9690622 1.3102908 
Lcom_lcpid65387                                         2.1846934 2.0576815 2.0158066 1.9344480 2.0435915 1.9508230 1.9851269 1.9737888 2.0221890 2.0765929 2.1491132 2.2383394 2.0969498 2.1172090 2.1380523 2.0950527 1.8526935 2.1101941 2.0856262 2.1359857 2.0262389 2.0790591 2.0876139 2.0806730 2.0830306 1.9955973 2.1492784 2.2891135 2.4324359 2.2659618 2.1258968 2.2324733 2.1081157 2.0468952 2.1541210 2.2293042 2.2334442 2.2678722 2.3043937 2.4868132 2.1274253 2.3862890 2.4340292 2.1361290 2.4631896 2.6778709 3.7265936 2.9780495 1.2349613 0.0000000 0.9752329 1.0645426 
Gracom_Gcom_C551062_01                                  2.2631338 2.1338573 2.0317126 1.9408077 2.0312713 1.9446608 1.9907104 1.9831167 1.9643323 1.9253913 2.0284306 2.1796616 2.2882879 2.0917860 2.2842615 2.2774029 1.7750724 1.9633483 1.9860520 1.9911066 2.1460093 2.1744674 2.2903427 2.2745865 2.2402679 1.9346975 2.0902159 2.1525391 2.3546659 2.2318566 2.1172670 2.1922307 2.2106756 2.0127215 2.0393488 2.1890847 2.1636828 2.1894090 2.3421095 2.1853368 2.1059857 2.2119117 2.3172666 2.2246925 2.4126302 2.6572554 2.9006246 3.0723034 0.9690622 0.9752329 0.0000000 1.1038095 
Leuniv_Lniv_C764301_01                                  2.0287172 1.9081397 1.6675325 1.5958893 1.7680034 1.6802589 1.7826353 1.8395748 1.8029273 1.7065110 1.7417358 1.8970334 2.0035849 1.8904184 1.7984443 2.0637907 1.8304454 1.8373214 1.7983902 1.7742620 1.9664558 1.9664558 1.8938947 1.9176074 1.9615053 1.6509019 1.7829046 1.9361466 1.8563088 2.0426147 2.0034508 2.0281581 1.9587479 1.8085192 1.8143821 2.0564394 2.1340977 2.1849629 2.1704922 2.2278677 2.0911398 1.9569838 1.7040420 1.9467996 2.0298988 2.4902877 2.9461432 2.5216461 1.3102908 1.0645426 1.1038095 0.0000000 
