54
Hsap_ENST00000302313                                   0.0000000 0.3154223 0.4025459 0.3996171 0.4616259 0.4529037 0.5479449 0.7272596 0.8094878 0.8666470 0.7396126 0.7608107 0.6713644 0.7433089 0.7590936 0.7196830 0.7233220 0.9655145 0.9267618 0.7954584 0.9743888 0.9604518 1.2715363 0.9881773 1.0262074 1.0370003 0.8889330 0.8484846 0.9307912 0.9608147 0.8645410 1.3944666 1.3879158 1.4332042 1.4053259 1.4061288 1.4032889 1.3316261 1.5852475 1.4952786 1.4396684 1.4962634 1.4413076 1.3142835 1.6171399 1.4886200 1.5772513 1.7038314 1.6519625 1.6914616 1.7481739 1.9296699 1.9610260 1.4253134 
Bralan_BLAG16000265_3                                  0.3154223 0.0000000 0.4103940 0.4137706 0.4830120 0.4786153 0.5479051 0.6910079 0.8201773 0.9239848 0.7906304 0.8291445 0.7172361 0.8179803 0.8764288 0.7983812 0.7979091 0.9636846 0.9510719 0.8284665 1.0217109 1.0401424 1.3513706 1.0458105 1.0374552 1.1295540 0.8822064 0.8630104 0.9431006 0.9563245 0.8930603 1.4420431 1.4156774 1.5019724 1.4471861 1.4455809 1.4221743 1.2675563 1.6447386 1.5264997 1.4746748 1.5279107 1.5103754 1.3691711 1.6087479 1.5725902 1.5680510 1.6541126 1.6129050 1.6890133 1.7746346 1.9491961 2.0580662 1.5990653 
Skow_XM_002730500.2                                    0.4025459 0.4103940 0.0000000 0.4505110 0.5144576 0.4904788 0.5128889 0.7160180 0.8190422 0.8361748 0.7339569 0.7904149 0.6776158 0.7599524 0.7597703 0.7430169 0.7528740 0.8926288 0.9140937 0.8570147 1.1589265 1.0668286 1.3361913 1.0903410 1.0799381 1.1386747 0.9638892 0.9653960 0.9847915 1.0471862 0.9654356 1.3891109 1.3660814 1.4366367 1.3715402 1.3806368 1.3724199 1.3761914 1.6455869 1.5901316 1.5092177 1.5343191 1.5550447 1.4317055 1.7222471 1.6162667 1.6144140 1.7393816 1.7932712 1.8710963 1.7487253 2.0541791 2.1309418 1.5945150 
Acagra_model.g19222.t1                                 0.3996171 0.4137706 0.4505110 0.0000000 0.4260921 0.4250152 0.5500026 0.6251807 0.8764269 0.8745898 0.7622421 0.7836587 0.6517580 0.7350141 0.7395380 0.7308808 0.7368934 0.9066453 0.8972755 0.7779968 1.0365692 1.0055118 1.4044769 1.0560436 1.0643565 1.1266153 0.9320598 0.7430637 0.9642259 1.0118370 0.9494586 1.3918307 1.3666477 1.4676245 1.3861480 1.3924870 1.3721521 1.3268986 1.6159925 1.4941150 1.5472178 1.5984616 1.5267103 1.3387300 1.6914003 1.6466394 1.7510173 1.7889806 1.7962010 1.8418118 1.7682891 1.9443909 1.9787057 1.5157827 
Ctel_gnl_WGS_AMQN_CAPTEDRAFT_mRNA223811                0.4616259 0.4830120 0.5144576 0.4260921 0.0000000 0.4814086 0.5975291 0.7197282 0.9289821 0.9537672 0.7999704 0.7936039 0.7196098 0.7701969 0.7806480 0.7303569 0.7250586 1.0084679 0.9664084 0.7903817 1.0981172 1.1056342 1.5864770 1.1534253 1.1481400 1.1983510 1.0360595 0.8800685 1.1017551 1.1036534 1.0382634 1.4695630 1.4502721 1.5484727 1.5031770 1.5156970 1.4817022 1.3665269 1.6269733 1.6102524 1.5254608 1.6127877 1.6073971 1.4368727 1.7033118 1.6034367 1.7809743 1.7666289 1.8018649 1.9151774 1.8862052 2.1900563 2.2012460 1.6614845 
Cscu_XM_023361945.1                                    0.4529037 0.4786153 0.4904788 0.4250152 0.4814086 0.0000000 0.6130941 0.6295821 0.9697958 0.9377817 0.8530617 0.8662192 0.7666798 0.8332827 0.8821521 0.8276735 0.8279939 0.9783145 0.9924298 0.7893128 1.1156822 1.0652094 1.4993026 1.1032199 1.1572578 1.1498963 0.9703790 0.8447744 1.0128637 1.0534076 0.9524478 1.3540040 1.3380547 1.4567251 1.3484107 1.3546601 1.3557939 1.3529353 1.7085020 1.6439305 1.6496786 1.6740649 1.5550449 1.4284296 1.7423007 1.7193626 1.7582047 1.8562457 1.7727330 1.8127923 1.7437318 1.8880829 2.0012503 1.4406279 
Spur_XM_783238.5                                       0.5479449 0.5479051 0.5128889 0.5500026 0.5975291 0.6130941 0.0000000 0.8240627 0.9185326 0.8759150 0.8310261 0.8698102 0.7270452 0.8209717 0.8480159 0.7909426 0.7983360 0.9891172 1.0004486 0.8342964 1.1604201 1.1754020 1.5502697 1.1115451 1.1433038 1.1705236 1.0385186 1.0395734 1.1235998 1.1476406 1.0500287 1.5652715 1.5428720 1.6112261 1.5322049 1.5402602 1.5020165 1.3019379 1.6769170 1.6099706 1.6406532 1.6211308 1.5912740 1.5313447 1.7430228 1.6867435 1.7071780 1.8224249 1.8248988 1.8646722 1.9122252 2.2338186 2.1785310 1.6668834 
Dpul_mRNA6775                                          0.7272596 0.6910079 0.7160180 0.6251807 0.7197282 0.6295821 0.8240627 0.0000000 1.0633097 1.1078244 0.9792832 1.0296543 0.9116485 0.9790922 0.9750921 1.0028399 0.9804059 1.1097351 1.1172600 0.8208434 1.2086105 1.1556561 1.6477699 1.2151495 1.2071276 1.1571762 1.1627838 0.9836563 1.1494349 1.2200323 1.0833730 1.4655036 1.4546330 1.5324394 1.4398992 1.4427447 1.4245055 1.3412590 1.9455443 1.8061688 1.7634255 1.7407245 1.6532448 1.4571245 1.7901956 1.6885928 1.7985782 1.9724822 1.8041246 1.8702858 1.9024710 2.1169920 2.1626168 1.7461106 
Exapal_XM_021050046.2                                  0.8094878 0.8201773 0.8190422 0.8764269 0.9289821 0.9697958 0.9185326 1.0633097 0.0000000 0.4041758 0.5290772 0.5633274 0.4558516 0.5259316 0.5803132 0.5080727 0.5240874 0.8365214 0.9123298 1.1416892 1.0205835 1.0452217 1.1974859 0.9482533 0.9415691 1.0741078 0.8375599 1.3273032 1.0909894 1.0909894 1.0415897 1.6063621 1.5784199 1.5781631 1.5685726 1.5617304 1.5695103 1.5120443 2.0150290 1.9915322 1.7452542 1.6098761 1.6969102 1.5752175 1.7914524 1.5877314 1.7311247 1.9017264 1.8552753 2.0022745 1.9592314 2.1255819 2.1711763 1.8168649 
Nvec_v1g185249                                         0.8666470 0.9239848 0.8361748 0.8745898 0.9537672 0.9377817 0.8759150 1.1078244 0.4041758 0.0000000 0.6136188 0.6133497 0.4706674 0.5087357 0.6082021 0.5145111 0.5370335 0.9615944 1.0501671 1.2195339 1.1852212 1.1710735 1.1628568 1.0375288 1.0016304 1.3826602 0.9261714 1.3624719 1.1894450 1.1894450 1.2319696 1.6750838 1.6345793 1.6238269 1.6276842 1.6353158 1.6494764 1.6942371 2.1717965 2.1780850 1.8130185 1.8522586 1.9768452 1.9277825 1.8970079 1.7688611 1.8884537 2.0222522 1.9333962 2.1309997 1.9991548 2.0404742 1.8668543 1.7072025 
Adig_XM_015919591.1                                    0.7396126 0.7906304 0.7339569 0.7622421 0.7999704 0.8530617 0.8310261 0.9792832 0.5290772 0.6136188 0.0000000 0.0602603 0.1811990 0.1915336 0.2316675 0.2373890 0.2391117 0.7771805 0.8124174 1.0025946 0.9784694 0.9143677 1.2230608 0.9330630 0.9425413 1.0413396 0.8255464 1.2034690 0.9866130 1.0380375 0.9815224 1.4613109 1.4368915 1.5513543 1.4426978 1.4461866 1.4448934 1.2604863 1.5545816 1.4591092 1.5098394 1.5146570 1.4946475 1.2721426 1.5630593 1.4428874 1.4884282 1.5370093 1.6089872 1.7275127 1.8058269 1.8918118 1.8764675 1.4646804 
Amil_Amillepora00919-RA                                0.7608107 0.8291445 0.7904149 0.7836587 0.7936039 0.8662192 0.8698102 1.0296543 0.5633274 0.6133497 0.0602603 0.0000000 0.1449963 0.1726111 0.1975881 0.2244588 0.2255335 0.8349339 0.8290154 1.0348036 1.0333609 0.9708390 1.2787256 0.9703751 0.9888212 1.1275860 0.8522375 1.2703073 1.0425783 1.0483278 1.0128262 1.5506435 1.5137694 1.5963100 1.4941670 1.4994486 1.4975715 1.2819893 1.6619576 1.6471993 1.5789911 1.5872645 1.5695532 1.3493853 1.6848529 1.5798180 1.6392186 1.6869824 1.6878733 1.7567972 1.8550424 2.0078030 2.1083749 1.5541952 
Gfas_gfas1.m1.6447.m1                                  0.6713644 0.7172361 0.6776158 0.6517580 0.7196098 0.7666798 0.7270452 0.9116485 0.4558516 0.4706674 0.1811990 0.1449963 0.0000000 0.1139582 0.1419940 0.1529916 0.1507268 0.6747082 0.7300350 0.9285412 0.8304444 0.8651948 1.0397937 0.8411451 0.8719609 0.9577899 0.7658661 1.1100871 0.9005353 0.9358058 0.9058312 1.4220031 1.3866326 1.4259448 1.3612887 1.3645198 1.3417344 1.1166243 1.4954793 1.4664151 1.4416010 1.4408525 1.4388936 1.2487321 1.5024798 1.3927359 1.4618955 1.5182876 1.5124636 1.5906024 1.7502825 1.8322135 2.0062830 1.5251612 
Fspp_ffun1.m4.8438.m1                                  0.7433089 0.8179803 0.7599524 0.7350141 0.7701969 0.8332827 0.8209717 0.9790922 0.5259316 0.5087357 0.1915336 0.1726111 0.1139582 0.0000000 0.0629067 0.1101081 0.1090415 0.7409647 0.8016455 1.0100033 0.9296357 0.9109370 1.2058545 0.9185430 0.9214345 1.0549130 0.8153765 1.2059865 0.9686917 0.9912361 0.9781657 1.4559013 1.4221609 1.4956209 1.4050253 1.4099794 1.4114128 1.2623022 1.6475647 1.6573501 1.6435405 1.6145325 1.6114454 1.3914197 1.7278979 1.6038137 1.6369601 1.6935706 1.7597525 1.8854945 1.9493032 2.0432300 2.0820697 1.5409778 
Gasp_gasp1.m3.2116.m1                                  0.7590936 0.8764288 0.7597703 0.7395380 0.7806480 0.8821521 0.8480159 0.9750921 0.5803132 0.6082021 0.2316675 0.1975881 0.1419940 0.0629067 0.0000000 0.1333548 0.1330523 0.7743414 0.7958589 0.9474786 0.9512615 0.9643128 1.3287191 0.9816863 0.9608322 0.8802473 0.8677210 1.1391988 0.8943509 0.9425103 0.9345160 1.1299101 1.1043627 1.1711711 1.0833902 1.0910776 1.1089456 1.1541394 1.4091118 1.4705508 1.5816812 1.5130164 1.4343012 1.1402950 1.6317236 1.4846620 1.5501988 1.5950951 1.6522848 1.7514633 1.7781309 1.9836874 2.0231938 1.4587742 
Spis_XP_022779172_1                                    0.7196830 0.7983812 0.7430169 0.7308808 0.7303569 0.8276735 0.7909426 1.0028399 0.5080727 0.5145111 0.2373890 0.2244588 0.1529916 0.1101081 0.1333548 0.0000000 0.0217851 0.7939670 0.8083441 0.9710009 0.9442776 0.9218255 1.1870372 0.8883330 0.8921212 1.0196602 0.8490660 1.1797182 0.9787310 1.0160673 1.0016150 1.4372395 1.4105109 1.4518553 1.3872103 1.3921258 1.3821380 1.2264912 1.6403260 1.6389159 1.6545729 1.6305437 1.6020405 1.3791943 1.6679963 1.5792751 1.6518264 1.6851078 1.7326450 1.8407464 1.8896454 2.0295509 2.0280541 1.5506931 
Pocdam_XM_027195114.1                                  0.7233220 0.7979091 0.7528740 0.7368934 0.7250586 0.8279939 0.7983360 0.9804059 0.5240874 0.5370335 0.2391117 0.2255335 0.1507268 0.1090415 0.1330523 0.0217851 0.0000000 0.7857331 0.8117785 0.9818454 0.9524578 0.9293663 1.2207268 0.8980017 0.9133429 1.0489010 0.8481309 1.1828254 0.9808367 1.0131366 0.9923841 1.4695991 1.4420212 1.4707912 1.4183100 1.4233240 1.4015056 1.2477693 1.6264951 1.6412002 1.6445385 1.6290890 1.5937546 1.4011180 1.6599747 1.5784555 1.6595539 1.6910190 1.7281491 1.8139948 1.8841176 2.0220426 2.0481934 1.5422582 
Dgig_XM_028550081.1                                    0.9655145 0.9636846 0.8926288 0.9066453 1.0084679 0.9783145 0.9891172 1.1097351 0.8365214 0.9615944 0.7771805 0.8349339 0.6747082 0.7409647 0.7743414 0.7939670 0.7857331 0.0000000 0.2362306 1.2042051 1.0440951 1.1011631 1.4751486 1.0987943 1.1018631 1.1909448 0.9770156 1.2172515 1.2057087 1.2057087 1.1018803 1.6309335 1.5948310 1.5952112 1.6358317 1.6366515 1.5742531 1.5529052 2.1054600 2.0140954 1.6694072 1.5938067 1.6123829 1.5821363 1.9100084 1.7308103 1.9222055 2.1415226 1.9826882 2.1640184 2.1971574 2.2244352 2.2982678 1.8312576 
Xesp_002410-T1                                         0.9267618 0.9510719 0.9140937 0.8972755 0.9664084 0.9924298 1.0004486 1.1172600 0.9123298 1.0501671 0.8124174 0.8290154 0.7300350 0.8016455 0.7958589 0.8083441 0.8117785 0.2362306 0.0000000 1.1427156 0.9905668 1.0702786 1.5462402 1.0653999 1.0889867 1.2275251 0.9997141 1.2377148 1.1265323 1.1533137 1.0760656 1.5474991 1.5323350 1.6158643 1.5352968 1.5360490 1.5068556 1.4606870 1.8137933 1.7558592 1.6998156 1.6553358 1.6146504 1.5122944 1.9061246 1.8205338 2.0585335 2.1664947 2.0269240 2.1815943 2.0013338 2.3184822 2.4488224 1.8240830 
Tcas_TC008107_001                                      0.7954584 0.8284665 0.8570147 0.7779968 0.7903817 0.7893128 0.8342964 0.8208434 1.1416892 1.2195339 1.0025946 1.0348036 0.9285412 1.0100033 0.9474786 0.9710009 0.9818454 1.2042051 1.1427156 0.0000000 1.2918654 1.2414878 1.5508043 1.2232636 1.2379960 1.2994529 1.1720914 1.1111909 1.1734223 1.2047859 1.2425312 1.5325178 1.5299862 1.6334364 1.5693197 1.5764587 1.5549111 1.3793391 1.8315212 1.6730635 1.5689201 1.6324968 1.5519880 1.5061990 1.7177267 1.5634821 1.6625808 1.7140573 1.7951487 1.7470166 1.9302518 2.1798227 2.1692564 1.6311435 
Hvul_g24526_1                                          0.9743888 1.0217109 1.1589265 1.0365692 1.0981172 1.1156822 1.1604201 1.2086105 1.0205835 1.1852212 0.9784694 1.0333609 0.8304444 0.9296357 0.9512615 0.9442776 0.9524578 1.0440951 0.9905668 1.2918654 0.0000000 0.5737404 0.9397632 0.7310764 0.7041597 0.8528723 0.6648374 1.5345770 1.1481564 1.1288017 1.0916497 1.5515540 1.5106842 1.4392295 1.4566286 1.4550258 1.4402352 1.5101572 1.9059702 1.8820590 1.6515688 1.6630955 1.6019590 1.4686151 1.8489062 1.7479695 1.7712871 1.8600173 1.9006710 2.0523782 1.9383168 2.2070364 2.1723054 1.7938536 
Chem_TCONS_00004872                                    0.9604518 1.0401424 1.0668286 1.0055118 1.1056342 1.0652094 1.1754020 1.1556561 1.0452217 1.1710735 0.9143677 0.9708390 0.8651948 0.9109370 0.9643128 0.9218255 0.9293663 1.1011631 1.0702786 1.2414878 0.5737404 0.0000000 0.8381799 0.6281138 0.6233063 0.7806028 0.6341320 1.4413691 1.1175803 1.1432789 1.1197388 1.5369450 1.5060756 1.6162345 1.5620709 1.5611242 1.5570864 1.4910128 2.1000764 1.8803273 1.6904664 1.7036671 1.5825675 1.5768462 1.8388829 1.7575096 1.8260327 1.8734572 1.8150034 1.9442050 1.9418735 2.2691131 2.2208029 1.7868400 
Aaur_scaffold186.g12.t2                                1.2715363 1.3513706 1.3361913 1.4044769 1.5864770 1.4993026 1.5502697 1.6477699 1.1974859 1.1628568 1.2230608 1.2787256 1.0397937 1.2058545 1.3287191 1.1870372 1.2207268 1.4751486 1.5462402 1.5508043 0.9397632 0.8381799 0.0000000 0.4141162 0.3433845 0.5288767 0.7124139 1.8242359 1.3551345 1.3551345 1.4213227 1.9307800 1.8683531 1.8397912 1.9370847 1.9263564 1.8431931 2.0775402 2.4689198 2.2905345 2.1205293 2.0930771 1.8617518 1.8187973 2.0628588 1.6721661 1.9032990 1.7792346 1.9105862 2.2075183 2.3303413 2.2163274 2.2825862 2.1034177 
Nemnom_g13856.t1                                       0.9881773 1.0458105 1.0903410 1.0560436 1.1534253 1.1032199 1.1115451 1.2151495 0.9482533 1.0375288 0.9330630 0.9703751 0.8411451 0.9185430 0.9816863 0.8883330 0.8980017 1.0987943 1.0653999 1.2232636 0.7310764 0.6281138 0.4141162 0.0000000 0.1265700 0.4433470 0.5859671 1.5062370 1.1107417 1.1807806 1.0706823 1.6098319 1.5814579 1.6379637 1.5554423 1.5500257 1.5643224 1.5684882 1.9876767 1.7392714 1.8076161 1.6699406 1.5483917 1.5734900 1.7488946 1.6237916 1.8220321 1.8269664 1.7177889 1.8054081 2.0049777 2.1430450 2.3096259 1.8592317 
Rhoesc_Res_012372-T1                                   1.0262074 1.0374552 1.0799381 1.0643565 1.1481400 1.1572578 1.1433038 1.2071276 0.9415691 1.0016304 0.9425413 0.9888212 0.8719609 0.9214345 0.9608322 0.8921212 0.9133429 1.1018631 1.0889867 1.2379960 0.7041597 0.6233063 0.3433845 0.1265700 0.0000000 0.4151440 0.5720383 1.4981278 1.0884082 1.1660318 1.0895385 1.6444503 1.6256462 1.6899208 1.6155128 1.6099115 1.6058234 1.5541611 2.0025337 1.8178903 1.8044849 1.6982011 1.5654009 1.5902612 1.8152622 1.6784929 1.8187159 1.8397335 1.7896766 1.8828469 2.0617843 2.1081912 2.3559150 1.9335652 
Sanmal_Sma_017070-T1                                   1.0370003 1.1295540 1.1386747 1.1266153 1.1983510 1.1498963 1.1705236 1.1571762 1.0741078 1.3826602 1.0413396 1.1275860 0.9577899 1.0549130 0.8802473 1.0196602 1.0489010 1.1909448 1.2275251 1.2994529 0.8528723 0.7806028 0.5288767 0.4433470 0.4151440 0.0000000 0.6803819 1.3754034 1.1054328 1.1865684 1.0763060 1.4771462 1.4741671 1.5559186 1.4553848 1.4491673 1.4463296 1.5265243 1.8463687 1.6534456 1.6953847 1.6072054 1.4721366 1.3768447 1.9386388 1.8176220 1.9549263 1.9586742 1.8330272 1.9816746 2.0400600 2.1692875 2.3640542 1.7975976 
Morvir_scaffold100.g29.t1                              0.8889330 0.8822064 0.9638892 0.9320598 1.0360595 0.9703790 1.0385186 1.1627838 0.8375599 0.9261714 0.8255464 0.8522375 0.7658661 0.8153765 0.8677210 0.8490660 0.8481309 0.9770156 0.9997141 1.1720914 0.6648374 0.6341320 0.7124139 0.5859671 0.5720383 0.6803819 0.0000000 1.3921477 1.1204307 1.1706110 0.9964394 1.5430677 1.5179579 1.5636201 1.5211827 1.5156872 1.5102742 1.4988230 1.8763883 1.6915407 1.6450762 1.5724641 1.5363473 1.5155047 1.7821288 1.6466377 1.7875414 1.8143828 1.7369091 1.9298142 2.0079748 1.9824893 2.0331780 1.8595825 
Cgig_XM_011454166.3                                    0.8484846 0.8630104 0.9653960 0.7430637 0.8800685 0.8447744 1.0395734 0.9836563 1.3273032 1.3624719 1.2034690 1.2703073 1.1100871 1.2059865 1.1391988 1.1797182 1.1828254 1.2172515 1.2377148 1.1111909 1.5345770 1.4413691 1.8242359 1.5062370 1.4981278 1.3754034 1.3921477 0.0000000 1.4585319 1.4492714 1.3486098 1.7184826 1.7089392 1.7858360 1.7067426 1.7148804 1.7020203 1.5915760 2.1469158 1.9223629 1.7941873 1.8723086 1.7332563 1.7019036 2.2566045 2.0834564 2.2989484 2.3171685 2.2680390 2.4316077 1.9839294 2.0803409 2.4172488 1.8964725 
Ocar_g3306                                             0.9307912 0.9431006 0.9847915 0.9642259 1.1017551 1.0128637 1.1235998 1.1494349 1.0909894 1.1894450 0.9866130 1.0425783 0.9005353 0.9686917 0.8943509 0.9787310 0.9808367 1.2057087 1.1265323 1.1734223 1.1481564 1.1175803 1.3551345 1.1107417 1.0884082 1.1054328 1.1204307 1.4585319 0.0000000 0.0056541 0.6213086 1.7847817 1.7652165 1.7090034 1.7463080 1.7535129 1.6963655 1.5934297 1.9421396 1.8366750 1.5857612 1.6934637 1.5845136 1.5776400 1.6968542 1.5975343 1.6773514 1.7200875 1.7744824 1.9540679 1.8107607 2.1563568 2.1546124 1.7222868 
Opea_EP00118_Oscarella_pearsei_P007700                 0.9608147 0.9563245 1.0471862 1.0118370 1.1036534 1.0534076 1.1476406 1.2200323 1.0909894 1.1894450 1.0380375 1.0483278 0.9358058 0.9912361 0.9425103 1.0160673 1.0131366 1.2057087 1.1533137 1.2047859 1.1288017 1.1432789 1.3551345 1.1807806 1.1660318 1.1865684 1.1706110 1.4492714 0.0056541 0.0000000 0.5981028 1.7031650 1.6869581 1.7151449 1.6726663 1.6787013 1.6516840 1.5193675 1.9044971 1.8104433 1.5497200 1.6908478 1.5206534 1.5805438 1.7806581 1.7032776 1.7473159 1.7813769 1.8278743 1.9337445 1.8328913 2.1563568 2.2159455 1.7009045 
Plajan_Pjan_C570500_01                                 0.8645410 0.8930603 0.9654356 0.9494586 1.0382634 0.9524478 1.0500287 1.0833730 1.0415897 1.2319696 0.9815224 1.0128262 0.9058312 0.9781657 0.9345160 1.0016150 0.9923841 1.1018803 1.0760656 1.2425312 1.0916497 1.1197388 1.4213227 1.0706823 1.0895385 1.0763060 0.9964394 1.3486098 0.6213086 0.5981028 0.0000000 1.4545946 1.4187490 1.4601193 1.4174336 1.4290900 1.4059338 1.4212534 1.8015535 1.7675821 1.5010506 1.5087548 1.4182122 1.4173382 1.9015279 1.7408043 1.8566747 1.9070751 1.9319964 2.1284055 1.7060952 1.9875989 2.0048874 1.6091405 
Tadh_TriadT22317                                       1.3944666 1.4420431 1.3891109 1.3918307 1.4695630 1.3540040 1.5652715 1.4655036 1.6063621 1.6750838 1.4613109 1.5506435 1.4220031 1.4559013 1.1299101 1.4372395 1.4695991 1.6309335 1.5474991 1.5325178 1.5515540 1.5369450 1.9307800 1.6098319 1.6444503 1.4771462 1.5430677 1.7184826 1.7847817 1.7031650 1.4545946 0.0000000 0.0110318 0.1788743 0.1550992 0.1532149 0.1509088 1.7923802 2.1964960 2.1000792 1.9159785 1.9350011 1.8079147 1.7146106 2.2216700 1.9947878 2.1621901 2.3271019 2.2897151 2.7343210 2.2601337 2.8765220 2.6674989 2.0023860 
TrH2_TrispH2_002117-RA                                 1.3879158 1.4156774 1.3660814 1.3666477 1.4502721 1.3380547 1.5428720 1.4546330 1.5784199 1.6345793 1.4368915 1.5137694 1.3866326 1.4221609 1.1043627 1.4105109 1.4420212 1.5948310 1.5323350 1.5299862 1.5106842 1.5060756 1.8683531 1.5814579 1.6256462 1.4741671 1.5179579 1.7089392 1.7652165 1.6869581 1.4187490 0.0110318 0.0000000 0.1626191 0.1410883 0.1392720 0.1361504 1.7915005 2.1748972 2.0753196 1.9139658 1.9397087 1.8047743 1.6952829 2.2153772 1.9821966 2.1527602 2.3087280 2.2823385 2.7224908 2.2669506 2.8284699 2.6471689 1.9635356 
HoiH06_mRNA9580                                        1.4332042 1.5019724 1.4366367 1.4676245 1.5484727 1.4567251 1.6112261 1.5324394 1.5781631 1.6238269 1.5513543 1.5963100 1.4259448 1.4956209 1.1711711 1.4518553 1.4707912 1.5952112 1.6158643 1.6334364 1.4392295 1.6162345 1.8397912 1.6379637 1.6899208 1.5559186 1.5636201 1.7858360 1.7090034 1.7151449 1.4601193 0.1788743 0.1626191 0.0000000 0.0740819 0.0740837 0.0458294 1.7847723 2.1290701 2.0631509 2.0517009 2.0072112 1.9495977 1.8283386 2.1475426 2.0888908 2.2893846 2.4077909 2.3636355 2.8092954 2.3511331 2.6557242 2.5987237 2.0069291 
Hhon_g08924.t1                                         1.4053259 1.4471861 1.3715402 1.3861480 1.5031770 1.3484107 1.5322049 1.4398992 1.5685726 1.6276842 1.4426978 1.4941670 1.3612887 1.4050253 1.0833902 1.3872103 1.4183100 1.6358317 1.5352968 1.5693197 1.4566286 1.5620709 1.9370847 1.5554423 1.6155128 1.4553848 1.5211827 1.7067426 1.7463080 1.6726663 1.4174336 0.1550992 0.1410883 0.0740819 0.0000000 0.0045812 0.0443178 1.6752850 2.1354299 2.0823615 1.9041692 1.8980712 1.7412510 1.6912640 2.1180777 1.9499176 2.1687816 2.2830717 2.2169310 2.6258793 2.1960647 2.6709239 2.6620839 1.9148990 
HoiH04_mRNA13416                                       1.4061288 1.4455809 1.3806368 1.3924870 1.5156970 1.3546601 1.5402602 1.4427447 1.5617304 1.6353158 1.4461866 1.4994486 1.3645198 1.4099794 1.0910776 1.3921258 1.4233240 1.6366515 1.5360490 1.5764587 1.4550258 1.5611242 1.9263564 1.5500257 1.6099115 1.4491673 1.5156872 1.7148804 1.7535129 1.6787013 1.4290900 0.1532149 0.1392720 0.0740837 0.0045812 0.0000000 0.0443192 1.6884299 2.1364265 2.0877052 1.9116022 1.9030488 1.7448416 1.6872173 2.1193237 1.9434200 2.1692312 2.2755209 2.2119620 2.6313567 2.2009209 2.6863522 2.6687178 1.9154083 
HoiH23_PlH23_006057-RA                                 1.4032889 1.4221743 1.3724199 1.3721521 1.4817022 1.3557939 1.5020165 1.4245055 1.5695103 1.6494764 1.4448934 1.4975715 1.3417344 1.4114128 1.1089456 1.3821380 1.4015056 1.5742531 1.5068556 1.5549111 1.4402352 1.5570864 1.8431931 1.5643224 1.6058234 1.4463296 1.5102742 1.7020203 1.6963655 1.6516840 1.4059338 0.1509088 0.1361504 0.0458294 0.0443178 0.0443192 0.0000000 1.6604622 2.0831755 2.0245877 1.8836408 1.8549059 1.7921440 1.6940856 2.0719182 1.9360699 2.1706536 2.2804911 2.2569294 2.6672051 2.2290091 2.6773853 2.6460641 1.9305982 
Plespi_Pspi_scaffold19492_01                           1.3316261 1.2675563 1.3761914 1.3268986 1.3665269 1.3529353 1.3019379 1.3412590 1.5120443 1.6942371 1.2604863 1.2819893 1.1166243 1.2623022 1.1541394 1.2264912 1.2477693 1.5529052 1.4606870 1.3793391 1.5101572 1.4910128 2.0775402 1.5684882 1.5541611 1.5265243 1.4988230 1.5915760 1.5934297 1.5193675 1.4212534 1.7923802 1.7915005 1.7847723 1.6752850 1.6884299 1.6604622 0.0000000 1.3478242 1.3683107 1.3460110 1.4152650 1.2665824 1.4950617 1.8027452 1.9061589 1.9721722 1.9561810 1.9579772 2.1907744 2.0882475 2.3383484 2.4641265 1.7838205 
Emue_Em0005g1644a.t1                                   1.5852475 1.6447386 1.6455869 1.6159925 1.6269733 1.7085020 1.6769170 1.9455443 2.0150290 2.1717965 1.5545816 1.6619576 1.4954793 1.6475647 1.4091118 1.6403260 1.6264951 2.1054600 1.8137933 1.8315212 1.9059702 2.1000764 2.4689198 1.9876767 2.0025337 1.8463687 1.8763883 2.1469158 1.9421396 1.9044971 1.8015535 2.1964960 2.1748972 2.1290701 2.1354299 2.1364265 2.0831755 1.3478242 0.0000000 0.3036086 1.6264264 1.4514986 1.4871870 1.4449129 2.2327938 2.0192128 2.4195309 2.4045226 2.1813030 2.5587681 2.3500922 2.5712052 2.6758631 1.9350155 
Spolac_c103281_g2_i1_m.33444c103281-g2                 1.4952786 1.5264997 1.5901316 1.4941150 1.6102524 1.6439305 1.6099706 1.8061688 1.9915322 2.1780850 1.4591092 1.6471993 1.4664151 1.6573501 1.4705508 1.6389159 1.6412002 2.0140954 1.7558592 1.6730635 1.8820590 1.8803273 2.2905345 1.7392714 1.8178903 1.6534456 1.6915407 1.9223629 1.8366750 1.8104433 1.7675821 2.1000792 2.0753196 2.0631509 2.0823615 2.0877052 2.0245877 1.3683107 0.3036086 0.0000000 1.5744804 1.3674116 1.3489322 1.3879512 2.1955358 1.9786523 2.2871670 2.2725638 2.0955211 2.4757413 2.1537609 2.4482312 2.4468396 1.9721050 
Aque_Aqu2.1.25003_001                                  1.4396684 1.4746748 1.5092177 1.5472178 1.5254608 1.6496786 1.6406532 1.7634255 1.7452542 1.8130185 1.5098394 1.5789911 1.4416010 1.6435405 1.5816812 1.6545729 1.6445385 1.6694072 1.6998156 1.5689201 1.6515688 1.6904664 2.1205293 1.8076161 1.8044849 1.6953847 1.6450762 1.7941873 1.5857612 1.5497200 1.5010506 1.9159785 1.9139658 2.0517009 1.9041692 1.9116022 1.8836408 1.3460110 1.6264264 1.5744804 0.0000000 0.4488553 0.7031438 1.5698814 2.0097013 1.8976191 2.0286803 2.0941394 2.0834711 2.2715885 2.1409468 2.4097784 2.2859773 1.9801201 
Halamb_c53726_g3_i1m.36319                             1.4962634 1.5279107 1.5343191 1.5984616 1.6127877 1.6740649 1.6211308 1.7407245 1.6098761 1.8522586 1.5146570 1.5872645 1.4408525 1.6145325 1.5130164 1.6305437 1.6290890 1.5938067 1.6553358 1.6324968 1.6630955 1.7036671 2.0930771 1.6699406 1.6982011 1.6072054 1.5724641 1.8723086 1.6934637 1.6908478 1.5087548 1.9350011 1.9397087 2.0072112 1.8980712 1.9030488 1.8549059 1.4152650 1.4514986 1.3674116 0.4488553 0.0000000 0.5442197 1.4863493 2.2023101 2.0468243 2.1598728 2.2799949 2.1497935 2.2751735 2.0850743 2.3382034 2.3698501 2.0044749 
Xestes_maker-XT_scaffold2473-augustus-gene-0.48-mRNA-1 1.4413076 1.5103754 1.5550447 1.5267103 1.6073971 1.5550449 1.5912740 1.6532448 1.6969102 1.9768452 1.4946475 1.5695532 1.4388936 1.6114454 1.4343012 1.6020405 1.5937546 1.6123829 1.6146504 1.5519880 1.6019590 1.5825675 1.8617518 1.5483917 1.5654009 1.4721366 1.5363473 1.7332563 1.5845136 1.5206534 1.4182122 1.8079147 1.8047743 1.9495977 1.7412510 1.7448416 1.7921440 1.2665824 1.4871870 1.3489322 0.7031438 0.5442197 0.0000000 1.1567398 2.2600244 2.0601797 2.1258573 2.2792793 2.1539426 2.3961660 2.1555097 2.5137757 2.4309151 1.8748581 
Tetwil_g10224.t2                                       1.3142835 1.3691711 1.4317055 1.3387300 1.4368727 1.4284296 1.5313447 1.4571245 1.5752175 1.9277825 1.2721426 1.3493853 1.2487321 1.3914197 1.1402950 1.3791943 1.4011180 1.5821363 1.5122944 1.5061990 1.4686151 1.5768462 1.8187973 1.5734900 1.5902612 1.3768447 1.5155047 1.7019036 1.5776400 1.5805438 1.4173382 1.7146106 1.6952829 1.8283386 1.6912640 1.6872173 1.6940856 1.4950617 1.4449129 1.3879512 1.5698814 1.4863493 1.1567398 0.0000000 1.9087135 1.8729638 1.9816955 2.0108685 1.9807539 2.2840625 2.0914495 2.3481672 2.5748819 1.8030035 
Mlei_ML0805.g3.i1                                      1.6171399 1.6087479 1.7222471 1.6914003 1.7033118 1.7423007 1.7430228 1.7901956 1.7914524 1.8970079 1.5630593 1.6848529 1.5024798 1.7278979 1.6317236 1.6679963 1.6599747 1.9100084 1.9061246 1.7177267 1.8489062 1.8388829 2.0628588 1.7488946 1.8152622 1.9386388 1.7821288 2.2566045 1.6968542 1.7806581 1.9015279 2.2216700 2.2153772 2.1475426 2.1180777 2.1193237 2.0719182 1.8027452 2.2327938 2.1955358 2.0097013 2.2023101 2.2600244 1.9087135 0.0000000 0.3804461 0.5402963 0.5238308 0.4782064 0.5493466 2.3029466 2.5903449 2.5883090 2.1690950 
Lampan_Lpan_9651_01                                    1.4886200 1.5725902 1.6162667 1.6466394 1.6034367 1.7193626 1.6867435 1.6885928 1.5877314 1.7688611 1.4428874 1.5798180 1.3927359 1.6038137 1.4846620 1.5792751 1.5784555 1.7308103 1.8205338 1.5634821 1.7479695 1.7575096 1.6721661 1.6237916 1.6784929 1.8176220 1.6466377 2.0834564 1.5975343 1.7032776 1.7408043 1.9947878 1.9821966 2.0888908 1.9499176 1.9434200 1.9360699 1.9061589 2.0192128 1.9786523 1.8976191 2.0468243 2.0601797 1.8729638 0.3804461 0.0000000 0.4515206 0.4416804 0.5458105 0.6069096 2.2581661 2.5553182 2.6678731 2.1075547 
Vmul_SimC404180                                        1.5772513 1.5680510 1.6144140 1.7510173 1.7809743 1.7582047 1.7071780 1.7985782 1.7311247 1.8884537 1.4884282 1.6392186 1.4618955 1.6369601 1.5501988 1.6518264 1.6595539 1.9222055 2.0585335 1.6625808 1.7712871 1.8260327 1.9032990 1.8220321 1.8187159 1.9549263 1.7875414 2.2989484 1.6773514 1.7473159 1.8566747 2.1621901 2.1527602 2.2893846 2.1687816 2.1692312 2.1706536 1.9721722 2.4195309 2.2871670 2.0286803 2.1598728 2.1258573 1.9816955 0.5402963 0.4515206 0.0000000 0.2421926 0.6649315 0.6930381 2.1296129 2.6386108 2.5299659 2.0383949 
Coemet_Cmet_C606032_01                                 1.7038314 1.6541126 1.7393816 1.7889806 1.7666289 1.8562457 1.8224249 1.9724822 1.9017264 2.0222522 1.5370093 1.6869824 1.5182876 1.6935706 1.5950951 1.6851078 1.6910190 2.1415226 2.1664947 1.7140573 1.8600173 1.8734572 1.7792346 1.8269664 1.8397335 1.9586742 1.8143828 2.3171685 1.7200875 1.7813769 1.9070751 2.3271019 2.3087280 2.4077909 2.2830717 2.2755209 2.2804911 1.9561810 2.4045226 2.2725638 2.0941394 2.2799949 2.2792793 2.0108685 0.5238308 0.4416804 0.2421926 0.0000000 0.6383381 0.6930862 2.2252877 2.7326447 2.7712923 2.0823267 
Horcal_Hcv1.av93.c11.g736.i1                           1.6519625 1.6129050 1.7932712 1.7962010 1.8018649 1.7727330 1.8248988 1.8041246 1.8552753 1.9333962 1.6089872 1.6878733 1.5124636 1.7597525 1.6522848 1.7326450 1.7281491 1.9826882 2.0269240 1.7951487 1.9006710 1.8150034 1.9105862 1.7177889 1.7896766 1.8330272 1.7369091 2.2680390 1.7744824 1.8278743 1.9319964 2.2897151 2.2823385 2.3636355 2.2169310 2.2119620 2.2569294 1.9579772 2.1813030 2.0955211 2.0834711 2.1497935 2.1539426 1.9807539 0.4782064 0.5458105 0.6649315 0.6383381 0.0000000 0.0252910 2.3803194 2.6360429 2.7554055 2.2692371 
Pbac_sb2663833                                         1.6914616 1.6890133 1.8710963 1.8418118 1.9151774 1.8127923 1.8646722 1.8702858 2.0022745 2.1309997 1.7275127 1.7567972 1.5906024 1.8854945 1.7514633 1.8407464 1.8139948 2.1640184 2.1815943 1.7470166 2.0523782 1.9442050 2.2075183 1.8054081 1.8828469 1.9816746 1.9298142 2.4316077 1.9540679 1.9337445 2.1284055 2.7343210 2.7224908 2.8092954 2.6258793 2.6313567 2.6672051 2.1907744 2.5587681 2.4757413 2.2715885 2.2751735 2.3961660 2.2840625 0.5493466 0.6069096 0.6930381 0.6930862 0.0252910 0.0000000 2.4902101 3.0107636 2.8759493 2.5391182 
Lcom_lcpid42309                                        1.7481739 1.7746346 1.7487253 1.7682891 1.8862052 1.7437318 1.9122252 1.9024710 1.9592314 1.9991548 1.8058269 1.8550424 1.7502825 1.9493032 1.7781309 1.8896454 1.8841176 2.1971574 2.0013338 1.9302518 1.9383168 1.9418735 2.3303413 2.0049777 2.0617843 2.0400600 2.0079748 1.9839294 1.8107607 1.8328913 1.7060952 2.2601337 2.2669506 2.3511331 2.1960647 2.2009209 2.2290091 2.0882475 2.3500922 2.1537609 2.1409468 2.0850743 2.1555097 2.0914495 2.3029466 2.2581661 2.1296129 2.2252877 2.3803194 2.4902101 0.0000000 0.8136200 1.1331149 1.4642057 
Leuniv_Lniv_scaffold26077_01                           1.9296699 1.9491961 2.0541791 1.9443909 2.1900563 1.8880829 2.2338186 2.1169920 2.1255819 2.0404742 1.8918118 2.0078030 1.8322135 2.0432300 1.9836874 2.0295509 2.0220426 2.2244352 2.3184822 2.1798227 2.2070364 2.2691131 2.2163274 2.1430450 2.1081912 2.1692875 1.9824893 2.0803409 2.1563568 2.1563568 1.9875989 2.8765220 2.8284699 2.6557242 2.6709239 2.6863522 2.6773853 2.3383484 2.5712052 2.4482312 2.4097784 2.3382034 2.5137757 2.3481672 2.5903449 2.5553182 2.6386108 2.7326447 2.6360429 3.0107636 0.8136200 0.0000000 0.8739032 1.7072510 
Gracom_Gcom_scaffold18491_01                           1.9610260 2.0580662 2.1309418 1.9787057 2.2012460 2.0012503 2.1785310 2.1626168 2.1711763 1.8668543 1.8764675 2.1083749 2.0062830 2.0820697 2.0231938 2.0280541 2.0481934 2.2982678 2.4488224 2.1692564 2.1723054 2.2208029 2.2825862 2.3096259 2.3559150 2.3640542 2.0331780 2.4172488 2.1546124 2.2159455 2.0048874 2.6674989 2.6471689 2.5987237 2.6620839 2.6687178 2.6460641 2.4641265 2.6758631 2.4468396 2.2859773 2.3698501 2.4309151 2.5748819 2.5883090 2.6678731 2.5299659 2.7712923 2.7554055 2.8759493 1.1331149 0.8739032 0.0000000 1.5999526 
Clacor_Ccor_scaffold8072_01                            1.4253134 1.5990653 1.5945150 1.5157827 1.6614845 1.4406279 1.6668834 1.7461106 1.8168649 1.7072025 1.4646804 1.5541952 1.5251612 1.5409778 1.4587742 1.5506931 1.5422582 1.8312576 1.8240830 1.6311435 1.7938536 1.7868400 2.1034177 1.8592317 1.9335652 1.7975976 1.8595825 1.8964725 1.7222868 1.7009045 1.6091405 2.0023860 1.9635356 2.0069291 1.9148990 1.9154083 1.9305982 1.7838205 1.9350155 1.9721050 1.9801201 2.0044749 1.8748581 1.8030035 2.1690950 2.1075547 2.0383949 2.0823267 2.2692371 2.5391182 1.4642057 1.7072510 1.5999526 0.0000000 
