55
Hsap_ENST00000456315                                   0.0000000 1.2160321 0.9207305 1.2791393 1.4256962 1.2175319 1.1974752 2.1949936 2.0856223 2.0756401 1.8625204 2.0287908 2.0776298 1.8823102 1.9414792 1.7958967 1.6244998 2.7526315 2.5183801 2.8597868 2.6314012 1.8782692 1.9399455 1.7779802 1.8671237 1.8348754 1.7993060 1.9752559 2.2271596 2.2102924 2.1953475 2.0492677 1.7188262 2.0518535 2.1624448 2.0425117 2.0305924 2.0171374 2.0147386 3.2703074 3.1271336 3.1993703 2.8234633 3.3756152 3.2619628 3.2034117 3.4809434 1.9838581 2.2105965 3.0462912 3.0764250 2.7694171 2.6106681 3.0359839 3.0667073 
Spur_XM_030995564.1                                    1.2160321 0.0000000 0.8378439 1.1433761 1.2496017 1.1663269 1.2345749 1.9726702 1.9442036 1.8704281 1.8114302 1.8589064 1.8740423 1.8965040 1.9012597 1.7648880 1.5828558 2.6839822 2.5693655 2.6759396 2.6288456 1.9183605 2.0085353 1.9233343 1.9612878 1.9065800 1.8984478 1.8404743 2.2049134 2.1480026 2.0643390 2.0530685 1.6738693 1.9616840 2.3647915 2.0464558 2.0747059 2.0862571 1.9875879 3.0281534 2.8386843 2.8831072 2.7193613 3.0505028 3.0415847 2.8447295 3.0151541 1.7970392 2.1184181 3.0373881 2.9043913 2.5267506 2.3835659 2.9812971 2.5961162 
Skow_XM_006816126.1                                    0.9207305 0.8378439 0.0000000 1.0990006 1.1223557 1.1492704 1.1929636 1.7631604 1.9613833 1.8828150 1.6821053 1.6833121 1.7881814 1.8502974 1.7491369 1.5875350 1.5656755 2.6750282 2.6149269 2.7699330 2.7284739 1.6795447 1.7408494 1.6360041 1.6877674 1.7256828 1.6748115 1.8144016 1.8738141 1.8358158 1.8814382 1.8575255 1.5556101 1.9571058 1.9968514 1.7725193 1.8293363 1.8513011 1.8135779 3.4071757 3.1793263 3.2167342 3.0345521 3.4633424 3.4919848 3.2690590 3.7553996 1.6804012 1.9894135 2.9165991 2.9147889 2.6277750 2.5743430 3.0318361 2.8970523 
Acagra_model.g7465.t1                                  1.2791393 1.1433761 1.0990006 0.0000000 1.0976126 0.8473956 1.2204324 1.8207021 2.0501507 1.9705349 1.8122057 1.7473104 2.0059739 1.9386845 1.9135194 1.9290900 1.5381078 2.4266550 2.5591056 2.8397406 2.0598964 1.9664425 1.8068381 1.7882966 1.7698977 1.8862697 1.8388327 1.9032162 1.9350830 1.9883772 1.9781795 2.0306806 1.6062803 2.2166687 2.1649049 2.1055642 2.1382575 2.1338060 2.2639147 3.5024625 3.3418466 3.4174468 2.9010053 3.6984932 3.5542176 3.6339117 3.7576498 1.8808371 2.0387810 3.1357683 3.1035115 2.9131741 2.4311583 3.0383463 2.8477297 
Ctel_gnl_WGS_AMQN_CAPTEDRAFT_mRNA172714                1.4256962 1.2496017 1.1223557 1.0976126 0.0000000 1.1352352 1.3216905 2.0596693 2.0420516 2.0062875 1.7890007 1.9529266 2.1648709 2.1493467 1.9744228 1.9890631 1.7066616 2.6304167 2.5375089 2.8927076 2.4795308 1.8355314 1.8766736 1.8117127 1.8150336 1.8389429 1.8712353 1.9090521 2.2224231 2.2679442 2.1479109 2.1465469 1.7879877 2.1994449 2.5278376 2.1780133 2.1914971 2.2174774 2.2130696 3.8395645 3.5926289 3.6836899 3.6813830 3.7578524 3.9420265 3.6922481 3.8667084 1.8239924 2.0320733 2.7937668 3.1276957 2.6749666 2.4005281 2.7241270 3.2473084 
Cgig_XM_034458407.1                                    1.2175319 1.1663269 1.1492704 0.8473956 1.1352352 0.0000000 1.3356281 1.8608550 1.8512528 1.8365297 1.7710500 1.8201129 2.0977520 1.9776979 1.7872554 1.6956238 1.5468116 2.5921443 2.5012867 2.8162235 2.5148590 1.9894418 1.9845699 1.9315603 1.9720087 1.9866466 1.9161790 1.8402199 2.0048998 2.0041507 2.0268454 2.0374916 1.4874415 2.0780527 2.3285277 2.0378236 2.1032196 2.1049654 2.0676825 3.3906036 3.2308024 3.3060396 3.1402844 3.3094068 3.7518321 3.3205966 3.3525699 1.7839357 2.2741551 2.7882321 2.9676725 2.6939557 2.5803960 2.9506906 2.9629927 
Cscu_XM_023378482.1                                    1.1974752 1.2345749 1.1929636 1.2204324 1.3216905 1.3356281 0.0000000 2.0461998 2.1924886 2.0186366 1.8245625 1.9436015 2.1240135 2.1116282 2.0783341 1.9205678 1.5097790 2.4741980 2.5477840 2.7747083 2.4931697 1.9833624 1.9152581 1.7988058 1.8690388 1.9184873 1.8830693 1.8674421 2.0477502 2.0883522 2.1089787 2.1223468 1.6727024 1.9651421 1.9645911 2.0218780 1.9862805 2.0060651 2.0334104 3.0864177 3.0379620 3.1070839 3.0255698 3.6102627 3.0113719 2.8613696 2.9072445 1.8068837 2.0088283 3.2214366 2.8543276 2.8115044 2.3776208 2.8154206 3.0451863 
Opea_EP00118_Oscarella_pearsei_P010132                 2.1949936 1.9726702 1.7631604 1.8207021 2.0596693 1.8608550 2.0461998 0.0000000 0.9972744 1.8231564 1.6495660 1.6531917 1.8384819 1.6416670 1.7512377 1.5939786 2.2012588 2.3037464 2.2567028 2.6025951 2.5308898 2.0197695 2.0129566 1.9703087 1.9744620 2.0241543 1.9639236 2.1363785 2.2448719 2.2951957 2.1389951 2.2242719 2.0109785 2.0738260 2.3868666 2.2419205 2.1976981 2.2102696 2.2780726 3.7615978 3.3330516 3.3810942 3.4337253 3.9608912 3.8403972 3.5277104 4.0392231 1.9675300 2.3730808 2.8025766 2.9789043 2.6781456 2.4200934 2.6444134 2.8929869 
Plajan_Pjan_scaffold23160_01                           2.0856223 1.9442036 1.9613833 2.0501507 2.0420516 1.8512528 2.1924886 0.9972744 0.0000000 2.0489592 1.8133594 1.6757237 2.2098237 1.9269698 2.0098107 1.6958150 2.1408332 2.4495561 2.5156122 2.7505348 2.5776374 2.3289446 2.0180912 2.0566108 2.0015612 2.0060484 1.9853442 2.1247406 2.6937410 2.3439031 2.2823412 2.3254205 1.8960426 2.3604449 2.5484591 2.4229245 2.2689792 2.2873105 2.4761044 5.0758423 4.1111779 4.1592032 4.7075672 4.8467533 4.4884756 4.3304374 5.5689929 1.9105722 2.3017925 2.4421608 3.3724960 2.7135644 2.9220707 2.3141312 4.2460955 
Aque_Aqu2.1.16071_001                                  2.0756401 1.8704281 1.8828150 1.9705349 2.0062875 1.8365297 2.0186366 1.8231564 2.0489592 0.0000000 0.6410347 0.9417115 1.7009029 1.7441655 1.4540805 1.3650395 2.2497495 2.4757057 2.3820138 2.4942379 2.8098982 2.1481801 2.2579937 2.2467614 2.2723227 2.2074053 2.2036516 2.3891735 2.2716422 2.3479437 2.2282386 2.2395985 2.0414914 2.2969922 2.3615360 2.2133301 2.1590709 2.1711972 2.3379381 3.4266364 3.2498948 3.3392068 3.4475707 3.5726692 3.6696784 3.3415451 3.5876606 2.0142636 2.3924145 2.9746172 3.0362995 2.6338627 2.6492727 2.7029256 2.9136610 
Halamb_c53420_g2_i1m.35475                             1.8625204 1.8114302 1.6821053 1.8122057 1.7890007 1.7710500 1.8245625 1.6495660 1.8133594 0.6410347 0.0000000 0.7565731 1.4410424 1.4834332 1.3664498 1.2052996 2.0797375 2.3582563 2.1487257 2.3499986 2.2832358 2.1769619 2.2152742 2.1966201 2.1117385 2.1725480 2.1246832 2.1288061 1.9991954 2.2473353 2.1557885 2.0557533 1.9754207 2.1787421 2.3547002 2.2498944 2.2514330 2.2678014 2.3298717 3.4564291 3.1615016 3.2495896 3.3918833 3.5466687 3.4456463 3.2583939 3.4534252 1.9714703 2.3844678 2.7255418 2.9967429 2.4731310 2.5807715 2.5171369 3.2586904 
Xestes_maker-XT_scaffold4974-augustus-gene-0.15-mRNA-1 2.0287908 1.8589064 1.6833121 1.7473104 1.9529266 1.8201129 1.9436015 1.6531917 1.6757237 0.9417115 0.7565731 0.0000000 1.4760081 1.6224186 1.2620597 1.0531332 2.2869836 2.4774012 2.1434973 2.4620453 2.4727254 2.2423717 2.2423851 2.1825351 2.0843083 2.2187962 2.0994817 2.3478865 2.0210900 2.3107384 2.2731925 2.1805889 2.2498634 2.2524811 2.3260276 2.1283273 2.1361408 2.1537654 2.1608899 3.0341128 3.0107206 3.0862416 3.1323129 3.5244260 3.1834774 3.0139041 3.0122868 1.9102726 2.4332474 2.7498027 2.8586735 2.6445277 2.7096734 2.6465822 3.3433184 
Emue_Em0011g19a.t1                                     2.0776298 1.8740423 1.7881814 2.0059739 2.1648709 2.0977520 2.1240135 1.8384819 2.2098237 1.7009029 1.4410424 1.4760081 0.0000000 0.2392789 1.1770327 1.0068240 2.6025237 2.4588522 2.2558650 2.7066955 2.6946078 2.5099058 2.5147861 2.3926145 2.4513489 2.5675482 2.3763888 2.3208379 2.2630832 2.7844737 2.5591028 2.4941794 2.1383653 2.4465962 3.0584039 2.6510625 2.5064106 2.5218243 2.5667157 3.2562644 3.1816542 3.1816542 3.2040907 3.6354323 3.2492000 3.3484462 3.3740064 2.3644586 2.6406170 3.1674066 3.2503084 2.9110380 2.7871081 2.8927294 3.2974968 
Spolac_c93727_g1_i1_m.9191c93727-g1                    1.8823102 1.8965040 1.8502974 1.9386845 2.1493467 1.9776979 2.1116282 1.6416670 1.9269698 1.7441655 1.4834332 1.6224186 0.2392789 0.0000000 1.1960997 0.9848166 2.5687471 2.2248747 2.0702108 2.5121803 2.6694142 2.0956356 2.1645876 2.2084061 2.2564328 2.2264281 2.1626902 2.0055666 0.0000010 3.0382788 2.6295898 2.3864291 2.1601475 2.2775840 0.0000010 2.3034835 2.1981941 2.2105118 2.1970858 4.5710503 4.0915908 4.0915908 4.9020486 3.9233128 4.3076803 3.7705888 5.1487344 2.2781236 2.7518515 2.7450637 2.9779340 2.5637383 2.6700784 2.8345398 5.7124155 
Tetwil_g6278.t2                                        1.9414792 1.9012597 1.7491369 1.9135194 1.9744228 1.7872554 2.0783341 1.7512377 2.0098107 1.4540805 1.3664498 1.2620597 1.1770327 1.1960997 0.0000000 0.6724243 2.3336043 2.5408378 2.2841722 2.6162031 2.3120484 2.1226780 2.2029018 2.1609000 2.1094247 2.2052634 2.0801637 2.1595181 2.5125179 2.6803482 2.3848217 2.3356004 2.1688657 2.3326519 2.4730242 2.2862674 2.2288173 2.2350421 2.2963263 3.2851899 3.0133021 2.9708571 3.0607944 3.6701386 3.3506761 3.0714612 3.2592543 2.1590408 2.6852254 2.9485974 2.9199948 2.7181088 2.4891073 2.5720332 3.1813168 
Stycar_maker-SC_scaffold615-augustus-gene-0.19-mRNA-1  1.7958967 1.7648880 1.5875350 1.9290900 1.9890631 1.6956238 1.9205678 1.5939786 1.6958150 1.3650395 1.2052996 1.0531332 1.0068240 0.9848166 0.6724243 0.0000000 2.2688889 2.1719753 2.1220168 2.5111130 2.8158571 2.3755885 2.2494633 2.1818326 2.2155252 2.2794832 2.1464251 2.2438138 2.3198282 2.4451705 2.4359335 2.2772419 1.9942905 2.1571303 2.3512777 2.1448129 2.1099246 2.1160507 2.1583274 3.2937223 3.0134190 3.0490514 3.1782208 3.5890486 3.2537735 3.4765202 3.2923296 2.0707051 2.5046184 2.5585698 2.6094538 2.4954103 2.5877562 2.4872822 3.3560324 
Dpul_mRNA27021                                         1.6244998 1.5828558 1.5656755 1.5381078 1.7066616 1.5468116 1.5097790 2.2012588 2.1408332 2.2497495 2.0797375 2.2869836 2.6025237 2.5687471 2.3336043 2.2688889 0.0000000 2.9155325 2.8267015 3.1598668 2.6726978 2.2406840 2.2032368 2.1332632 2.2017119 2.2023686 2.1712218 2.1055979 2.7045229 2.2417286 2.2660307 2.1667130 1.9250419 2.2824633 2.0900486 2.2695932 2.2042980 2.2045494 2.2732116 3.5254556 3.1802741 3.2509980 3.3972346 3.5934840 3.5392301 3.6622308 3.5561041 2.1145893 2.2067603 3.2221738 2.8854538 2.8836874 2.7147146 3.1797021 3.1109143 
Scil_scict019286.1                                     2.7526315 2.6839822 2.6750282 2.4266550 2.6304167 2.5921443 2.4741980 2.3037464 2.4495561 2.4757057 2.3582563 2.4774012 2.4588522 2.2248747 2.5408378 2.1719753 2.9155325 0.0000000 1.0098859 1.3025069 1.4595659 3.0222197 2.7559650 2.8040867 2.7458460 2.9717600 2.8539212 2.8198096 2.9136182 3.1859441 3.1784740 3.1410254 2.9882549 2.9997660 3.1287614 3.0694479 3.1829100 3.1375363 3.1438647 4.2548328 3.2432473 3.2458284 3.5812497 4.0269874 4.0068594 3.8740940 3.4399524 2.8890089 3.4646624 3.3159337 3.6723643 3.1910997 2.7423380 3.1044043 3.9182460 
Gracom_Gcom_C560694_01                                 2.5183801 2.5693655 2.6149269 2.5591056 2.5375089 2.5012867 2.5477840 2.2567028 2.5156122 2.3820138 2.1487257 2.1434973 2.2558650 2.0702108 2.2841722 2.1220168 2.8267015 1.0098859 0.0000000 1.4320933 1.9244356 2.9054380 2.5502666 2.6027895 2.6862023 2.7012687 2.7762388 3.0185759 3.1071224 3.2339750 3.0627805 2.9829241 2.6331183 3.0450032 3.3987997 3.1878457 3.2001133 3.1838964 3.1372990 4.5674068 3.7864155 3.7572148 4.1538117 4.8688078 4.1446452 3.6058622 3.5351700 2.9985254 3.1390933 3.4001110 3.7958063 3.3245535 3.0041963 2.9735921 3.8196956 
Lcom_lcpid33998                                        2.8597868 2.6759396 2.7699330 2.8397406 2.8927076 2.8162235 2.7747083 2.6025951 2.7505348 2.4942379 2.3499986 2.4620453 2.7066955 2.5121803 2.6162031 2.5111130 3.1598668 1.3025069 1.4320933 0.0000000 1.8760818 3.2197793 3.1233458 3.0773502 3.0948388 3.1888992 3.1111100 3.4542002 3.4874453 3.6178506 3.4650793 3.2930759 3.2293423 3.3087920 2.9810622 3.2316969 3.3426305 3.3067437 3.3969643 4.4795808 3.7099151 3.6641293 3.7934654 4.3327344 3.8142526 3.5942287 3.4578818 2.8548056 3.4093043 3.9052934 3.8633441 3.4642987 3.2442532 2.8307535 4.4397396 
Leuniv_Lniv_scaffold9227_01                            2.6314012 2.6288456 2.7284739 2.0598964 2.4795308 2.5148590 2.4931697 2.5308898 2.5776374 2.8098982 2.2832358 2.4727254 2.6946078 2.6694142 2.3120484 2.8158571 2.6726978 1.4595659 1.9244356 1.8760818 0.0000000 2.7310623 2.8009783 2.5835767 2.8344085 2.8949746 2.8735728 3.1741959 2.5236709 4.6788235 2.9877970 2.8560315 2.9545052 3.5911328 8.9999985 3.5258075 3.5394376 3.5440839 3.3026278 4.0048435 4.1480502 4.1480502 4.4105741 3.8482382 4.6979495 4.8673845 4.3362871 2.5603354 2.9468547 3.3464241 5.8405150 2.8790849 2.9069793 4.8618807 5.3250905 
Exapal_XM_021040104.2                                  1.8782692 1.9183605 1.6795447 1.9664425 1.8355314 1.9894418 1.9833624 2.0197695 2.3289446 2.1481801 2.1769619 2.2423717 2.5099058 2.0956356 2.1226780 2.3755885 2.2406840 3.0222197 2.9054380 3.2197793 2.7310623 0.0000000 0.8691915 0.8611066 0.8548983 0.8477117 0.8546482 1.8642327 2.1697501 2.1343488 1.9426104 1.9998776 1.8691247 2.6063843 2.8354541 2.5261504 2.5817502 2.5913483 2.6000192 3.9587954 3.4839115 3.5344606 3.3807727 3.8043355 3.9217318 3.6784806 3.8492809 1.9375492 2.1595145 3.2208129 3.0488157 2.9953508 2.5798980 2.7947028 2.6901054 
Amil_Amillepora36056-RA                                1.9399455 2.0085353 1.7408494 1.8068381 1.8766736 1.9845699 1.9152581 2.0129566 2.0180912 2.2579937 2.2152742 2.2423851 2.5147861 2.1645876 2.2029018 2.2494633 2.2032368 2.7559650 2.5502666 3.1233458 2.8009783 0.8691915 0.0000000 0.2718908 0.3566479 0.3898196 0.3952302 1.8660672 1.9521268 2.0628981 1.8550523 2.0549486 2.1217220 2.4083956 2.7483415 2.4415713 2.4981710 2.5240466 2.4554842 3.8955518 3.3310799 3.3677437 3.5631654 3.8448147 3.6022484 3.5315014 3.7831006 2.0345044 2.1810885 3.0310984 3.0898306 3.0973599 2.4746814 2.7942764 2.5397621 
Gfas_gfas1.m1.2116.m1                                  1.7779802 1.9233343 1.6360041 1.7882966 1.8117127 1.9315603 1.7988058 1.9703087 2.0566108 2.2467614 2.1966201 2.1825351 2.3926145 2.2084061 2.1609000 2.1818326 2.1332632 2.8040867 2.6027895 3.0773502 2.5835767 0.8611066 0.2718908 0.0000000 0.2570841 0.2981837 0.3265605 1.7862507 2.0827271 1.9545198 1.9160260 2.0716952 2.0388429 2.2113217 2.5152046 2.2204469 2.2696750 2.2784507 2.2799619 3.7549008 3.0238601 3.0632619 3.4235471 3.6270420 3.4053510 3.3141171 3.4295123 2.0273347 2.1780226 3.0061474 3.0000049 2.9191791 2.3385856 2.5914824 2.7966319 
Fspp_ffun1.m4.21994.m1                                 1.8671237 1.9612878 1.6877674 1.7698977 1.8150336 1.9720087 1.8690388 1.9744620 2.0015612 2.2723227 2.1117385 2.0843083 2.4513489 2.2564328 2.1094247 2.2155252 2.2017119 2.7458460 2.6862023 3.0948388 2.8344085 0.8548983 0.3566479 0.2570841 0.0000000 0.1925582 0.2829561 1.6550084 2.0530555 2.0278856 1.8080704 2.0253559 2.0467217 2.2167383 2.4651433 2.1877055 2.3203668 2.3499031 2.2191984 3.9598384 3.2924567 3.3456171 3.5225732 3.7610630 3.4760585 3.3502145 3.5013764 2.0064359 2.1310315 2.9724726 3.1470883 3.0191870 2.2149289 2.6010548 3.0050421 
Gasp_gasp1.m3.21803.m1                                 1.8348754 1.9065800 1.7256828 1.8862697 1.8389429 1.9866466 1.9184873 2.0241543 2.0060484 2.2074053 2.1725480 2.2187962 2.5675482 2.2264281 2.2052634 2.2794832 2.2023686 2.9717600 2.7012687 3.1888992 2.8949746 0.8477117 0.3898196 0.2981837 0.1925582 0.0000000 0.3006118 1.7709741 2.1742206 1.9755414 1.7801669 2.0061657 2.0759761 2.2413038 2.8264557 2.2787940 2.3053015 2.3349106 2.2910282 4.0625197 3.3374692 3.3733988 3.5409876 3.7996271 3.6067949 3.5796555 3.8183327 1.9653093 2.0997544 2.8085632 2.9817959 2.9192611 2.2650130 2.7450077 2.8694850 
Pocdam_XM_027190630.1                                  1.7993060 1.8984478 1.6748115 1.8388327 1.8712353 1.9161790 1.8830693 1.9639236 1.9853442 2.2036516 2.1246832 2.0994817 2.3763888 2.1626902 2.0801637 2.1464251 2.1712218 2.8539212 2.7762388 3.1111100 2.8735728 0.8546482 0.3952302 0.3265605 0.2829561 0.3006118 0.0000000 1.6978081 2.1686980 2.0402970 1.8329296 2.0025347 2.1091460 2.3562194 2.7091561 2.2979355 2.4174965 2.4461065 2.3240339 4.0715649 3.4447972 3.4794708 3.6907630 3.7845790 3.7160029 3.4463308 3.5646023 1.8958342 2.2660725 2.8552090 2.9732863 2.7436257 2.3148973 2.6351361 2.7113699 
Dgig_XM_028561848.1                                    1.9752559 1.8404743 1.8144016 1.9032162 1.9090521 1.8402199 1.8674421 2.1363785 2.1247406 2.3891735 2.1288061 2.3478865 2.3208379 2.0055666 2.1595181 2.2438138 2.1055979 2.8198096 3.0185759 3.4542002 3.1741959 1.8642327 1.8660672 1.7862507 1.6550084 1.7709741 1.6978081 0.0000000 2.1038596 2.0094604 2.0117544 1.9762191 2.2428780 2.4076698 2.9787313 2.5420913 2.5039142 2.5068006 2.5255220 4.2180904 3.8006454 3.8417570 3.9715205 4.2141120 4.1248076 4.1386365 4.4816012 1.9776756 2.1574649 2.8932582 2.9782880 2.8128790 2.4533703 3.2222150 3.2140203 
Aaur_scaffold983.g13.t1                                2.2271596 2.2049134 1.8738141 1.9350830 2.2224231 2.0048998 2.0477502 2.2448719 2.6937410 2.2716422 1.9991954 2.0210900 2.2630832 0.0000010 2.5125179 2.3198282 2.7045229 2.9136182 3.1071224 3.4874453 2.5236709 2.1697501 1.9521268 2.0827271 2.0530555 2.1742206 2.1686980 2.1038596 0.0000000 0.4891710 0.4724366 0.6520173 2.0545871 2.6284683 2.9855985 2.9773122 2.9970164 3.0188167 3.1296417 2.7181022 2.6320070 2.6320070 2.3516402 2.8394227 2.8120453 2.7318326 2.7034993 1.7636295 2.2378244 3.6027612 2.8187983 2.6041427 2.6171030 3.0454862 2.1338471 
Nemnom_g12652.t1                                       2.2102924 2.1480026 1.8358158 1.9883772 2.2679442 2.0041507 2.0883522 2.2951957 2.3439031 2.3479437 2.2473353 2.3107384 2.7844737 3.0382788 2.6803482 2.4451705 2.2417286 3.1859441 3.2339750 3.6178506 4.6788235 2.1343488 2.0628981 1.9545198 2.0278856 1.9755414 2.0402970 2.0094604 0.4891710 0.0000000 0.2362970 0.7088259 2.2948105 2.5691281 2.8437251 2.6116962 2.5538401 2.5507221 2.8384652 3.8191022 3.4254073 3.4900906 3.3288947 4.1848313 3.8418899 3.4331904 3.5676179 1.4631722 2.1229580 3.4223218 2.9632453 2.8872941 2.7757037 3.2745307 2.6228938 
Rhoesc_Res_016656-T1                                   2.1953475 2.0643390 1.8814382 1.9781795 2.1479109 2.0268454 2.1089787 2.1389951 2.2823412 2.2282386 2.1557885 2.2731925 2.5591028 2.6295898 2.3848217 2.4359335 2.2660307 3.1784740 3.0627805 3.4650793 2.9877970 1.9426104 1.8550523 1.9160260 1.8080704 1.7801669 1.8329296 2.0117544 0.4724366 0.2362970 0.0000000 0.6326758 2.2595311 2.5203399 2.8226024 2.6116367 2.6139774 2.6191366 2.7650704 4.4827371 3.7804707 3.8351509 3.4463653 4.2352074 4.2180958 3.4895015 3.5750768 1.6008429 2.0170744 3.3342893 2.9684644 2.7395079 2.6465016 2.9282095 2.9798415 
Sanmal_Sma_011731-T1                                   2.0492677 2.0530685 1.8575255 2.0306806 2.1465469 2.0374916 2.1223468 2.2242719 2.3254205 2.2395985 2.0557533 2.1805889 2.4941794 2.3864291 2.3356004 2.2772419 2.1667130 3.1410254 2.9829241 3.2930759 2.8560315 1.9998776 2.0549486 2.0716952 2.0253559 2.0061657 2.0025347 1.9762191 0.6520173 0.7088259 0.6326758 0.0000000 2.1494155 2.6325151 2.8530656 2.6696086 2.6232438 2.6232719 2.6847384 4.3540333 3.6529558 3.7071109 3.6905100 4.5192067 4.1946433 3.6570189 3.5144874 1.6549344 2.1581823 3.4322223 3.0966102 2.9133415 2.6328924 3.0010742 3.0721710 
Bralan_BLAG90000292_1                                  1.7188262 1.6738693 1.5556101 1.6062803 1.7879877 1.4874415 1.6727024 2.0109785 1.8960426 2.0414914 1.9754207 2.2498634 2.1383653 2.1601475 2.1688657 1.9942905 1.9250419 2.9882549 2.6331183 3.2293423 2.9545052 1.8691247 2.1217220 2.0388429 2.0467217 2.0759761 2.1091460 2.2428780 2.0545871 2.2948105 2.2595311 2.1494155 0.0000000 2.1840482 2.2411769 2.2919421 2.2010471 2.1834213 2.3271510 3.9642907 3.2525489 3.3317273 3.3393614 3.9114756 3.4130409 3.2812180 3.5173600 2.1856891 2.1286067 3.5160994 3.7068496 3.2017546 3.2471676 3.2491961 2.8836117 
TrH2_TrispH2_010613-RA                                 2.0518535 1.9616840 1.9571058 2.2166687 2.1994449 2.0780527 1.9651421 2.0738260 2.3604449 2.2969922 2.1787421 2.2524811 2.4465962 2.2775840 2.3326519 2.1571303 2.2824633 2.9997660 3.0450032 3.3087920 3.5911328 2.6063843 2.4083956 2.2113217 2.2167383 2.2413038 2.3562194 2.4076698 2.6284683 2.5691281 2.5203399 2.6325151 2.1840482 0.0000000 0.6144047 0.4259918 0.4001397 0.3954257 0.3842167 3.7703928 3.3628322 3.3876328 3.5512967 4.2550669 3.6722044 3.7383819 4.0780554 2.1703290 2.4137179 2.8755163 3.4907230 3.1711735 2.9526415 3.1033246 3.5132563 
HoiH06_mRNA13732                                       2.1624448 2.3647915 1.9968514 2.1649049 2.5278376 2.3285277 1.9645911 2.3868666 2.5484591 2.3615360 2.3547002 2.3260276 3.0584039 0.0000010 2.4730242 2.3512777 2.0900486 3.1287614 3.3987997 2.9810622 8.9999985 2.8354541 2.7483415 2.5152046 2.4651433 2.8264557 2.7091561 2.9787313 2.9855985 2.8437251 2.8226024 2.8530656 2.2411769 0.6144047 0.0000000 0.0854189 0.2395242 0.2312500 0.3393309 2.9943471 2.6716750 2.6694020 2.6776189 2.9853988 3.1381601 3.2290502 3.1930781 2.7840144 2.7007181 3.9901242 3.8484113 3.8244885 2.9152710 3.4734865 2.6110214 
HoiH23_PlH23_004114-RA                                 2.0425117 2.0464558 1.7725193 2.1055642 2.1780133 2.0378236 2.0218780 2.2419205 2.4229245 2.2133301 2.2498944 2.1283273 2.6510625 2.3034835 2.2862674 2.1448129 2.2695932 3.0694479 3.1878457 3.2316969 3.5258075 2.5261504 2.4415713 2.2204469 2.1877055 2.2787940 2.2979355 2.5420913 2.9773122 2.6116962 2.6116367 2.6696086 2.2919421 0.4259918 0.0854189 0.0000000 0.1825957 0.1840319 0.2415267 3.8464291 3.2995295 3.2911643 3.6014478 4.0702787 3.6028352 3.5245832 3.9458484 2.2299600 2.5260073 2.9870455 3.7395156 3.2562964 2.8982196 2.9307983 3.4969099 
Hhon_g04581.t1                                         2.0305924 2.0747059 1.8293363 2.1382575 2.1914971 2.1032196 1.9862805 2.1976981 2.2689792 2.1590709 2.2514330 2.1361408 2.5064106 2.1981941 2.2288173 2.1099246 2.2042980 3.1829100 3.2001133 3.3426305 3.5394376 2.5817502 2.4981710 2.2696750 2.3203668 2.3053015 2.4174965 2.5039142 2.9970164 2.5538401 2.6139774 2.6232438 2.2010471 0.4001397 0.2395242 0.1825957 0.0000000 0.0136011 0.2673780 3.6736673 3.1613342 3.1877428 3.6136543 4.1724724 3.5900581 3.5758328 4.0432725 2.3221458 2.5112137 3.0535762 3.5847633 3.2771930 2.9031379 3.1002464 3.5046393 
HoiH04_mRNA132                                         2.0171374 2.0862571 1.8513011 2.1338060 2.2174774 2.1049654 2.0060651 2.2102696 2.2873105 2.1711972 2.2678014 2.1537654 2.5218243 2.2105118 2.2350421 2.1160507 2.2045494 3.1375363 3.1838964 3.3067437 3.5440839 2.5913483 2.5240466 2.2784507 2.3499031 2.3349106 2.4461065 2.5068006 3.0188167 2.5507221 2.6191366 2.6232719 2.1834213 0.3954257 0.2312500 0.1840319 0.0136011 0.0000000 0.2733999 3.6432366 3.1194556 3.1462093 3.5428407 4.1255298 3.5379399 3.5948979 4.0416710 2.3233409 2.5218892 3.0720180 3.6061980 3.3095130 2.9259669 3.1435007 3.4575827 
HoiH11_mRNA6212                                        2.0147386 1.9875879 1.8135779 2.2639147 2.2130696 2.0676825 2.0334104 2.2780726 2.4761044 2.3379381 2.3298717 2.1608899 2.5667157 2.1970858 2.2963263 2.1583274 2.2732116 3.1438647 3.1372990 3.3969643 3.3026278 2.6000192 2.4554842 2.2799619 2.2191984 2.2910282 2.3240339 2.5255220 3.1296417 2.8384652 2.7650704 2.6847384 2.3271510 0.3842167 0.3393309 0.2415267 0.2673780 0.2733999 0.0000000 3.6926694 3.2817846 3.2189712 3.6605468 4.1504800 3.4661070 3.6298157 3.9919524 2.3442327 2.5223729 3.0141357 3.6615607 3.2614440 3.0159022 2.8156034 3.7412352 
Mlei_ML2931.g5.i1                                      3.2703074 3.0281534 3.4071757 3.5024625 3.8395645 3.3906036 3.0864177 3.7615978 5.0758423 3.4266364 3.4564291 3.0341128 3.2562644 4.5710503 3.2851899 3.2937223 3.5254556 4.2548328 4.5674068 4.4795808 4.0048435 3.9587954 3.8955518 3.7549008 3.9598384 4.0625197 4.0715649 4.2180904 2.7181022 3.8191022 4.4827371 4.3540333 3.9642907 3.7703928 2.9943471 3.8464291 3.6736673 3.6432366 3.6926694 0.0000000 0.6264294 0.6597249 0.7548674 0.8079506 0.7940369 0.7638433 0.9146619 3.5837572 3.7817571 4.7869316 3.9569111 4.5424708 4.6494197 5.5765928 3.8210275 
Bolinf_Binf_sb1213223                                  3.1271336 2.8386843 3.1793263 3.3418466 3.5926289 3.2308024 3.0379620 3.3330516 4.1111779 3.2498948 3.1615016 3.0107206 3.1816542 4.0915908 3.0133021 3.0134190 3.1802741 3.2432473 3.7864155 3.7099151 4.1480502 3.4839115 3.3310799 3.0238601 3.2924567 3.3374692 3.4447972 3.8006454 2.6320070 3.4254073 3.7804707 3.6529558 3.2525489 3.3628322 2.6716750 3.2995295 3.1613342 3.1194556 3.2817846 0.6264294 0.0000000 0.0000010 0.5003087 0.7205865 0.6760547 0.7657616 0.9696950 3.5276737 3.2933138 4.6343384 3.6651124 4.2506717 3.5327563 4.6083738 3.6939978 
Mertsp_Mesp_sb570621                                   3.1993703 2.8831072 3.2167342 3.4174468 3.6836899 3.3060396 3.1070839 3.3810942 4.1592032 3.3392068 3.2495896 3.0862416 3.1816542 4.0915908 2.9708571 3.0490514 3.2509980 3.2458284 3.7572148 3.6641293 4.1480502 3.5344606 3.3677437 3.0632619 3.3456171 3.3733988 3.4794708 3.8417570 2.6320070 3.4900906 3.8351509 3.7071109 3.3317273 3.3876328 2.6694020 3.2911643 3.1877428 3.1462093 3.2189712 0.6597249 0.0000010 0.0000000 0.5325984 0.7574541 0.7112749 0.8039832 1.0207721 3.5818288 3.2933138 4.6995659 3.7533167 4.3173521 3.5822408 4.6119492 3.6918309 
Lampan_Lpan_C407371_01                                 2.8234633 2.7193613 3.0345521 2.9010053 3.6813830 3.1402844 3.0255698 3.4337253 4.7075672 3.4475707 3.3918833 3.1323129 3.2040907 4.9020486 3.0607944 3.1782208 3.3972346 3.5812497 4.1538117 3.7934654 4.4105741 3.3807727 3.5631654 3.4235471 3.5225732 3.5409876 3.6907630 3.9715205 2.3516402 3.3288947 3.4463653 3.6905100 3.3393614 3.5512967 2.6776189 3.6014478 3.6136543 3.5428407 3.6605468 0.7548674 0.5003087 0.5325984 0.0000000 0.7125044 0.8129064 0.8484346 0.9488479 3.3749545 3.2850114 4.7700372 3.8485129 4.2215790 4.0986934 4.2383798 3.8727124 
Beraby_Baby_sb333611                                   3.3756152 3.0505028 3.4633424 3.6984932 3.7578524 3.3094068 3.6102627 3.9608912 4.8467533 3.5726692 3.5466687 3.5244260 3.6354323 3.9233128 3.6701386 3.5890486 3.5934840 4.0269874 4.8688078 4.3327344 3.8482382 3.8043355 3.8448147 3.6270420 3.7610630 3.7996271 3.7845790 4.2141120 2.8394227 4.1848313 4.2352074 4.5192067 3.9114756 4.2550669 2.9853988 4.0702787 4.1724724 4.1255298 4.1504800 0.8079506 0.7205865 0.7574541 0.7125044 0.0000000 0.9268649 0.8535972 1.0230261 3.8318454 3.5822453 4.9276552 3.8449175 4.0104639 4.7734576 5.1649492 4.2184438 
Drygla_Dgla_sb304254                                   3.2619628 3.0415847 3.4919848 3.5542176 3.9420265 3.7518321 3.0113719 3.8403972 4.4884756 3.6696784 3.4456463 3.1834774 3.2492000 4.3076803 3.3506761 3.2537735 3.5392301 4.0068594 4.1446452 3.8142526 4.6979495 3.9217318 3.6022484 3.4053510 3.4760585 3.6067949 3.7160029 4.1248076 2.8120453 3.8418899 4.2180958 4.1946433 3.4130409 3.6722044 3.1381601 3.6028352 3.5900581 3.5379399 3.4661070 0.7940369 0.6760547 0.7112749 0.8129064 0.9268649 0.0000000 0.8672218 1.0234075 3.9444991 3.7458910 5.1407508 3.5664990 4.9240513 4.7048190 3.9475383 4.7450500 
Pbac_sb2659967                                         3.2034117 2.8447295 3.2690590 3.6339117 3.6922481 3.3205966 2.8613696 3.5277104 4.3304374 3.3415451 3.2583939 3.0139041 3.3484462 3.7705888 3.0714612 3.4765202 3.6622308 3.8740940 3.6058622 3.5942287 4.8673845 3.6784806 3.5315014 3.3141171 3.3502145 3.5796555 3.4463308 4.1386365 2.7318326 3.4331904 3.4895015 3.6570189 3.2812180 3.7383819 3.2290502 3.5245832 3.5758328 3.5948979 3.6298157 0.7638433 0.7657616 0.8039832 0.8484346 0.8535972 0.8672218 0.0000000 0.2193181 3.5007530 3.6198686 4.4724548 4.0210697 4.1712791 3.7812248 4.3670459 3.9929175 
Horcal_Hcv1.av93.c8.g832.i1                            3.4809434 3.0151541 3.7553996 3.7576498 3.8667084 3.3525699 2.9072445 4.0392231 5.5689929 3.5876606 3.4534252 3.0122868 3.3740064 5.1487344 3.2592543 3.2923296 3.5561041 3.4399524 3.5351700 3.4578818 4.3362871 3.8492809 3.7831006 3.4295123 3.5013764 3.8183327 3.5646023 4.4816012 2.7034993 3.5676179 3.5750768 3.5144874 3.5173600 4.0780554 3.1930781 3.9458484 4.0432725 4.0416710 3.9919524 0.9146619 0.9696950 1.0207721 0.9488479 1.0230261 1.0234075 0.2193181 0.0000000 3.3388783 3.6674626 4.6108920 4.2313625 4.5319291 3.7537811 4.2828880 3.7170323 
Morvir_scaffold72.g53.t1                               1.9838581 1.7970392 1.6804012 1.8808371 1.8239924 1.7839357 1.8068837 1.9675300 1.9105722 2.0142636 1.9714703 1.9102726 2.3644586 2.2781236 2.1590408 2.0707051 2.1145893 2.8890089 2.9985254 2.8548056 2.5603354 1.9375492 2.0345044 2.0273347 2.0064359 1.9653093 1.8958342 1.9776756 1.7636295 1.4631722 1.6008429 1.6549344 2.1856891 2.1703290 2.7840144 2.2299600 2.3221458 2.3233409 2.3442327 3.5837572 3.5276737 3.5818288 3.3749545 3.8318454 3.9444991 3.5007530 3.3388783 0.0000000 2.0229793 2.8132341 3.0181693 2.7596160 2.6871816 2.7062489 3.2088684 
Chem_TCONS_00067971                                    2.2105965 2.1184181 1.9894135 2.0387810 2.0320733 2.2741551 2.0088283 2.3730808 2.3017925 2.3924145 2.3844678 2.4332474 2.6406170 2.7518515 2.6852254 2.5046184 2.2067603 3.4646624 3.1390933 3.4093043 2.9468547 2.1595145 2.1810885 2.1780226 2.1310315 2.0997544 2.2660725 2.1574649 2.2378244 2.1229580 2.0170744 2.1581823 2.1286067 2.4137179 2.7007181 2.5260073 2.5112137 2.5218892 2.5223729 3.7817571 3.2933138 3.2933138 3.2850114 3.5822453 3.7458910 3.6198686 3.6674626 2.0229793 0.0000000 3.3005014 3.4052556 3.0580782 3.0038625 2.8685961 3.4534851 
Nvec_v1g241433                                         3.0462912 3.0373881 2.9165991 3.1357683 2.7937668 2.7882321 3.2214366 2.8025766 2.4421608 2.9746172 2.7255418 2.7498027 3.1674066 2.7450637 2.9485974 2.5585698 3.2221738 3.3159337 3.4001110 3.9052934 3.3464241 3.2208129 3.0310984 3.0061474 2.9724726 2.8085632 2.8552090 2.8932582 3.6027612 3.4223218 3.3342893 3.4322223 3.5160994 2.8755163 3.9901242 2.9870455 3.0535762 3.0720180 3.0141357 4.7869316 4.6343384 4.6995659 4.7700372 4.9276552 5.1407508 4.4724548 4.6108920 2.8132341 3.3005014 0.0000000 1.6668855 1.6326055 1.9895548 2.8140922 3.1722017 
Adig_XM_015915293.1                                    3.0764250 2.9043913 2.9147889 3.1035115 3.1276957 2.9676725 2.8543276 2.9789043 3.3724960 3.0362995 2.9967429 2.8586735 3.2503084 2.9779340 2.9199948 2.6094538 2.8854538 3.6723643 3.7958063 3.8633441 5.8405150 3.0488157 3.0898306 3.0000049 3.1470883 2.9817959 2.9732863 2.9782880 2.8187983 2.9632453 2.9684644 3.0966102 3.7068496 3.4907230 3.8484113 3.7395156 3.5847633 3.6061980 3.6615607 3.9569111 3.6651124 3.7533167 3.8485129 3.8449175 3.5664990 4.0210697 4.2313625 3.0181693 3.4052556 1.6668855 0.0000000 0.7431583 1.8936887 2.8509529 2.4095850 
Spis_XP_022805193_1                                    2.7694171 2.5267506 2.6277750 2.9131741 2.6749666 2.6939557 2.8115044 2.6781456 2.7135644 2.6338627 2.4731310 2.6445277 2.9110380 2.5637383 2.7181088 2.4954103 2.8836874 3.1910997 3.3245535 3.4642987 2.8790849 2.9953508 3.0973599 2.9191791 3.0191870 2.9192611 2.7436257 2.8128790 2.6041427 2.8872941 2.7395079 2.9133415 3.2017546 3.1711735 3.8244885 3.2562964 3.2771930 3.3095130 3.2614440 4.5424708 4.2506717 4.3173521 4.2215790 4.0104639 4.9240513 4.1712791 4.5319291 2.7596160 3.0580782 1.6326055 0.7431583 0.0000000 1.9684235 2.7766106 2.7640604 
Xesp_008148-T1                                         2.6106681 2.3835659 2.5743430 2.4311583 2.4005281 2.5803960 2.3776208 2.4200934 2.9220707 2.6492727 2.5807715 2.7096734 2.7871081 2.6700784 2.4891073 2.5877562 2.7147146 2.7423380 3.0041963 3.2442532 2.9069793 2.5798980 2.4746814 2.3385856 2.2149289 2.2650130 2.3148973 2.4533703 2.6171030 2.7757037 2.6465016 2.6328924 3.2471676 2.9526415 2.9152710 2.8982196 2.9031379 2.9259669 3.0159022 4.6494197 3.5327563 3.5822408 4.0986934 4.7734576 4.7048190 3.7812248 3.7537811 2.6871816 3.0038625 1.9895548 1.8936887 1.9684235 0.0000000 2.1300207 3.0916115 
Tadh_TriadT61786                                       3.0359839 2.9812971 3.0318361 3.0383463 2.7241270 2.9506906 2.8154206 2.6444134 2.3141312 2.7029256 2.5171369 2.6465822 2.8927294 2.8345398 2.5720332 2.4872822 3.1797021 3.1044043 2.9735921 2.8307535 4.8618807 2.7947028 2.7942764 2.5914824 2.6010548 2.7450077 2.6351361 3.2222150 3.0454862 3.2745307 2.9282095 3.0010742 3.2491961 3.1033246 3.4734865 2.9307983 3.1002464 3.1435007 2.8156034 5.5765928 4.6083738 4.6119492 4.2383798 5.1649492 3.9475383 4.3670459 4.2828880 2.7062489 2.8685961 2.8140922 2.8509529 2.7766106 2.1300207 0.0000000 4.2182007 
Plespi_Pspi_scaffold18473_01                           3.0667073 2.5961162 2.8970523 2.8477297 3.2473084 2.9629927 3.0451863 2.8929869 4.2460955 2.9136610 3.2586904 3.3433184 3.2974968 5.7124155 3.1813168 3.3560324 3.1109143 3.9182460 3.8196956 4.4397396 5.3250905 2.6901054 2.5397621 2.7966319 3.0050421 2.8694850 2.7113699 3.2140203 2.1338471 2.6228938 2.9798415 3.0721710 2.8836117 3.5132563 2.6110214 3.4969099 3.5046393 3.4575827 3.7412352 3.8210275 3.6939978 3.6918309 3.8727124 4.2184438 4.7450500 3.9929175 3.7170323 3.2088684 3.4534851 3.1722017 2.4095850 2.7640604 3.0916115 4.2182007 0.0000000 
