37
Exapal_XM_021046040.2                             0.0000000 0.0718706 0.1528131 0.1547333 0.1459127 0.1365990 0.1497401 0.1483833 0.2861280 0.3560925 0.4250973 0.4876092 0.4776668 0.4622431 0.5424418 0.3456720 0.3896616 0.4170973 0.3969773 0.6426088 0.4526460 0.9239872 0.8758444 0.8760242 1.1519897 0.9651931 1.1283198 1.0738789 1.1808227 1.3937583 1.1904760 1.1904760 1.7381971 1.5469585 1.3148083 1.2715890 0.9850374 
Nvec_v1g84167                                     0.0718706 0.0000000 0.1687394 0.1665384 0.1398001 0.1492677 0.1694752 0.1679327 0.3211496 0.3405488 0.3910015 0.4654133 0.4558552 0.4407352 0.5241517 0.3348901 0.3631865 0.4169830 0.3650651 0.6691054 0.4663259 0.9569729 0.9378347 0.9158576 1.2067106 1.0403666 1.1981812 1.0689694 1.2234498 1.3509491 1.2502927 1.2515505 1.8239090 1.6016560 1.2400289 1.2602104 1.0259701 
Amil_Amillepora16807-RA                           0.1528131 0.1687394 0.0000000 0.0303116 0.0726848 0.0719579 0.0872970 0.0965323 0.2079631 0.3889113 0.4578453 0.5644890 0.5671862 0.5495344 0.5868730 0.3755720 0.4071510 0.4535823 0.4166525 0.6505209 0.4773819 0.9131284 0.8593373 0.8361483 1.1189097 1.0213997 1.1442682 1.1305087 1.2703513 1.4382329 1.3324064 1.3324064 1.6582398 1.4507261 1.3272889 1.2923197 0.9455675 
Gfas_gfas1.m1.14025.m1                            0.1547333 0.1665384 0.0303116 0.0000000 0.0474959 0.0508182 0.1034541 0.1127001 0.2374862 0.3623447 0.4326578 0.5294536 0.5323081 0.5151575 0.5561324 0.3803578 0.4124439 0.4814367 0.4366612 0.6428668 0.4916511 0.8888060 0.8682468 0.8440252 1.1601668 0.9929567 1.1144604 1.0998506 1.2613738 1.4772911 1.3398144 1.3398144 1.7091095 1.4994764 1.3175102 1.2832668 0.9465286 
Fspp_ffun1.m4.11219.m1                            0.1459127 0.1398001 0.0726848 0.0474959 0.0000000 0.0226304 0.0816971 0.0903533 0.2979888 0.3396803 0.4100682 0.4964395 0.4664197 0.4828084 0.5266792 0.3464713 0.3901460 0.4244027 0.4000727 0.6410318 0.4589266 0.9020032 0.8852419 0.8402016 1.1841220 1.0424089 1.1674318 1.1251075 1.3186291 1.5197198 1.2973100 1.2973100 1.6680215 1.4604154 1.2280523 1.2228234 0.9091215 
Gasp_gasp1.m3.11348.m1                            0.1365990 0.1492677 0.0719579 0.0508182 0.0226304 0.0000000 0.0731319 0.0816958 0.2722322 0.3241378 0.4085262 0.4470714 0.4502249 0.4344765 0.5064141 0.3439600 0.3869087 0.4274120 0.4131925 0.5475834 0.4548830 0.9070634 0.8856722 0.8408781 1.1898433 1.0207523 1.1435202 1.1016715 1.2912247 1.4750427 1.3144094 1.3144094 1.6786927 1.4668512 1.2343386 1.2287668 0.8998140 
Spis_XP_022791445_1                               0.1497401 0.1694752 0.0872970 0.1034541 0.0816971 0.0731319 0.0000000 0.0074740 0.2755729 0.3731292 0.4566634 0.5360279 0.5388624 0.5215636 0.5669193 0.4078573 0.4563698 0.4769137 0.4743434 0.7619271 0.5465089 0.9700784 0.9348528 0.8714805 1.1364106 1.0205437 1.1854758 1.1383375 1.3703396 1.4696004 1.2798074 1.2798074 1.8460152 1.6156505 1.4179422 1.2845262 0.9968920 
Pocdam_XM_027194001.1                             0.1483833 0.1679327 0.0965323 0.1127001 0.0903533 0.0816958 0.0074740 0.0000000 0.2755729 0.3731292 0.4566634 0.5181081 0.5250879 0.5081115 0.5669193 0.4015553 0.4492772 0.4763003 0.4616867 0.7440790 0.5385843 0.9700784 0.9348528 0.8714805 1.1364106 1.0205437 1.1854758 1.1383375 1.3703396 1.4696004 1.2798074 1.2798074 1.8460152 1.6156505 1.4179422 1.2845262 0.9968920 
Adig_XM_015905462.1                               0.2861280 0.3211496 0.2079631 0.2374862 0.2979888 0.2722322 0.2755729 0.2755729 0.0000000 0.3969404 0.5638196 0.6719113 0.7009563 0.6679906 0.4165102 0.7518513 0.7723378 0.8832181 0.7739910 0.8657317 0.5596014 1.2356267 1.1753013 0.8188778 1.3872380 1.2949636 1.4200106 1.4114225 1.7991537 2.1507085 1.6658218 1.6658218 1.8053357 1.9683992 2.1113747 1.8218236 1.1444169 
Tadh_TriadT33100                                  0.3560925 0.3405488 0.3889113 0.3623447 0.3396803 0.3241378 0.3731292 0.3731292 0.3969404 0.0000000 0.0481715 0.0894951 0.1000850 0.0894951 0.1580766 0.5090958 0.4781013 0.4927477 0.4288308 0.6534133 0.5546681 0.6116496 0.7171241 0.7026936 1.0661626 0.8124198 0.9957445 0.9506592 1.1141411 1.2289169 1.2936892 1.2936892 1.6701783 1.7554239 1.5586934 1.4346822 0.9884300 
TrH2_TrispH2_010096-RA                            0.4250973 0.3910015 0.4578453 0.4326578 0.4100682 0.4085262 0.4566634 0.4566634 0.5638196 0.0481715 0.0000000 0.0799720 0.0785927 0.0703139 0.1829234 0.5497827 0.5123976 0.5892082 0.4939468 0.8760109 0.5738676 0.6672215 0.7079062 0.6757221 1.0056286 0.7506368 0.9538595 0.8910451 1.0641543 1.1726631 1.2197662 1.2197662 2.0102390 1.6325569 1.4077604 1.3078657 0.9927757 
HoiH06_mRNA8564                                   0.4876092 0.4654133 0.5644890 0.5294536 0.4964395 0.4470714 0.5360279 0.5181081 0.6719113 0.0894951 0.0799720 0.0000000 0.0225352 0.0149378 0.1560493 0.6345581 0.6018187 0.6212381 0.5524458 0.8680100 0.6523023 0.7449607 0.7887209 0.6800268 1.0381233 0.7920872 1.0105475 0.9202964 1.1075384 1.2439804 1.2732491 1.2732491 2.0564043 1.6577137 1.4678266 1.3452192 1.0271194 
HoiH04_mRNA5927                                   0.4776668 0.4558552 0.5671862 0.5323081 0.4664197 0.4502249 0.5388624 0.5250879 0.7009563 0.1000850 0.0785927 0.0225352 0.0000000 0.0072511 0.1693084 0.6226016 0.5905045 0.5874722 0.5247847 0.9158656 0.6685465 0.7054911 0.7522216 0.6787135 1.0326190 0.8097921 1.0318735 0.9405856 1.1317748 1.2821844 1.2574238 1.2574238 2.0489841 1.6511400 1.4615048 1.3393598 1.0159175 
HoiH23_PlH23_011584-RA                            0.4622431 0.4407352 0.5495344 0.5151575 0.4828084 0.4344765 0.5215636 0.5081115 0.6679906 0.0894951 0.0703139 0.0149378 0.0072511 0.0000000 0.1560493 0.6040651 0.5726332 0.5888355 0.5077351 0.8693703 0.6541844 0.7102752 0.7531259 0.6800268 1.0381233 0.7920872 1.0105475 0.9202964 1.1075384 1.2439804 1.2732491 1.2732491 2.0564043 1.6577137 1.4678266 1.3452192 1.0271194 
HoiH11_mRNA9349                                   0.5424418 0.5241517 0.5868730 0.5561324 0.5266792 0.5064141 0.5669193 0.5669193 0.4165102 0.1580766 0.1829234 0.1560493 0.1693084 0.1560493 0.0000000 0.6602028 0.6869717 0.6866889 0.6344746 0.6204874 0.5446478 0.8447344 0.9137386 0.7239484 1.3687349 1.1131933 1.3455377 1.2413752 1.4907322 1.6073434 1.7195529 1.7195529 1.5585553 1.6170088 1.6503991 1.5638271 1.0415635 
Nemnom_g9437.t1                                   0.3456720 0.3348901 0.3755720 0.3803578 0.3464713 0.3439600 0.4078573 0.4015553 0.7518513 0.5090958 0.5497827 0.6345581 0.6226016 0.6040651 0.6602028 0.0000000 0.0520271 0.1905738 0.3541701 0.4269871 0.3460018 1.0841662 1.0631433 0.9712642 1.0543550 1.0587552 1.0071234 1.0628860 1.1262872 1.1748680 1.3354836 1.3354836 1.5715506 1.2910295 1.0928896 1.1043682 1.0361845 
Rhoesc_Res_013296-T1                              0.3896616 0.3631865 0.4071510 0.4124439 0.3901460 0.3869087 0.4563698 0.4492772 0.7723378 0.4781013 0.5123976 0.6018187 0.5905045 0.5726332 0.6869717 0.0520271 0.0000000 0.1866515 0.3663534 0.4554582 0.3250479 1.0058438 1.0353040 0.9720540 1.0573875 1.0462143 0.9940918 1.0679130 1.1421824 1.1915757 1.3136503 1.3136503 1.5823241 1.2997584 1.1208434 1.0876532 1.0914444 
Sanmal_Sma_009228-T1                              0.4170973 0.4169830 0.4535823 0.4814367 0.4244027 0.4274120 0.4769137 0.4763003 0.8832181 0.4927477 0.5892082 0.6212381 0.5874722 0.5888355 0.6866889 0.1905738 0.1866515 0.0000000 0.3591788 0.4592945 0.3615924 0.8972539 0.9126498 0.8561440 0.9626366 0.9895611 0.9977205 1.0431009 1.0818441 1.1700526 1.2776456 1.2776456 1.8292108 1.4803554 1.2942885 1.2732488 1.0927659 
Chem_TCONS_00051635                               0.3969773 0.3650651 0.4166525 0.4366612 0.4000727 0.4131925 0.4743434 0.4616867 0.7739910 0.4288308 0.4939468 0.5524458 0.5247847 0.5077351 0.6344746 0.3541701 0.3663534 0.3591788 0.0000000 0.5976737 0.3434051 1.0157246 1.0478041 1.0514150 1.2409162 0.9924178 1.1627015 1.1228170 1.2932365 1.3579489 1.3276828 1.3276828 1.8732935 1.4726272 1.3310648 1.3856165 1.0815927 
Morvir_scaffold141.g51.t1                         0.6426088 0.6691054 0.6505209 0.6428668 0.6410318 0.5475834 0.7619271 0.7440790 0.8657317 0.6534133 0.8760109 0.8680100 0.9158656 0.8693703 0.6204874 0.4269871 0.4554582 0.4592945 0.5976737 0.0000000 0.3990518 1.9645391 1.5969301 1.3924684 1.8212888 1.4477323 2.0949415 1.7176524 2.0986173 2.5821208 1.6067308 1.6067308 5.9710022 3.6204649 3.4680512 3.4048695 1.5701437 
Hvul_g3832_1                                      0.4526460 0.4663259 0.4773819 0.4916511 0.4589266 0.4548830 0.5465089 0.5385843 0.5596014 0.5546681 0.5738676 0.6523023 0.6685465 0.6541844 0.5446478 0.3460018 0.3250479 0.3615924 0.3434051 0.3990518 0.0000000 1.0993336 1.1366231 0.9644978 1.4363212 1.1735498 1.4202170 1.4386350 1.5304818 1.7844916 1.5352032 1.5745025 1.8517666 1.5011325 1.3989623 1.3863413 1.3057779 
Aque_Aqu2.1.40329_001                             0.9239872 0.9569729 0.9131284 0.8888060 0.9020032 0.9070634 0.9700784 0.9700784 1.2356267 0.6116496 0.6672215 0.7449607 0.7054911 0.7102752 0.8447344 1.0841662 1.0058438 0.8972539 1.0157246 1.9645391 1.0993336 0.0000000 0.2451912 0.3275798 1.2031698 1.0552221 1.0819792 1.0997175 1.2416450 1.4330111 1.5590997 1.5590997 2.4348892 2.2411831 1.8435220 1.7489267 1.3580655 
Halamb_c24390_g1_i1mm.84                          0.8758444 0.9378347 0.8593373 0.8682468 0.8852419 0.8856722 0.9348528 0.9348528 1.1753013 0.7171241 0.7079062 0.7887209 0.7522216 0.7531259 0.9137386 1.0631433 1.0353040 0.9126498 1.0478041 1.5969301 1.1366231 0.2451912 0.0000000 0.3775202 1.1509411 0.9592842 1.0979462 1.1182112 1.2143636 1.3224872 1.6081618 1.6160823 2.5133070 2.2137169 1.9300588 2.0017058 1.2181776 
Xestes_maker-XT_scaffold3421-snap-gene-0.6-mRNA-1 0.8760242 0.9158576 0.8361483 0.8440252 0.8402016 0.8408781 0.8714805 0.8714805 0.8188778 0.7026936 0.6757221 0.6800268 0.6787135 0.6800268 0.7239484 0.9712642 0.9720540 0.8561440 1.0514150 1.3924684 0.9644978 0.3275798 0.3775202 0.0000000 1.6369968 1.4184960 1.5189933 1.5249433 1.5106299 1.6442484 1.7876050 1.7977744 2.4303621 2.3323589 2.0609919 2.0275039 1.1981881 
Mlei_ML0211.g5.i1                                 1.1519897 1.2067106 1.1189097 1.1601668 1.1841220 1.1898433 1.1364106 1.1364106 1.3872380 1.0661626 1.0056286 1.0381233 1.0326190 1.0381233 1.3687349 1.0543550 1.0573875 0.9626366 1.2409162 1.8212888 1.4363212 1.2031698 1.1509411 1.6369968 0.0000000 0.3179164 0.3459426 0.3264069 0.5611139 0.6573840 1.0912972 1.0912972 2.0472833 1.8834385 1.8207719 1.7296649 1.4618326 
Beraby_Baby_sb334104                              0.9651931 1.0403666 1.0213997 0.9929567 1.0424089 1.0207523 1.0205437 1.0205437 1.2949636 0.8124198 0.7506368 0.7920872 0.8097921 0.7920872 1.1131933 1.0587552 1.0462143 0.9895611 0.9924178 1.4477323 1.1735498 1.0552221 0.9592842 1.4184960 0.3179164 0.0000000 0.4622336 0.3192448 0.5788508 0.6834551 0.9335505 0.9669535 2.2117036 2.0818861 1.8975627 1.9334529 1.3811989 
Lampan_Lpan_C394183_01                            1.1283198 1.1981812 1.1442682 1.1144604 1.1674318 1.1435202 1.1854758 1.1854758 1.4200106 0.9957445 0.9538595 1.0105475 1.0318735 1.0105475 1.3455377 1.0071234 0.9940918 0.9977205 1.1627015 2.0949415 1.4202170 1.0819792 1.0979462 1.5189933 0.3459426 0.4622336 0.0000000 0.3980956 0.5273070 0.5829601 0.9455258 0.9777697 2.0047355 1.9451962 1.7155427 1.8268923 1.4214899 
Drygla_Dgla_sb307791                              1.0738789 1.0689694 1.1305087 1.0998506 1.1251075 1.1016715 1.1383375 1.1383375 1.4114225 0.9506592 0.8910451 0.9202964 0.9405856 0.9202964 1.2413752 1.0628860 1.0679130 1.0431009 1.1228170 1.7176524 1.4386350 1.0997175 1.1182112 1.5249433 0.3264069 0.3192448 0.3980956 0.0000000 0.6116856 0.6525422 0.9755072 0.9755072 2.2184085 1.9339556 1.8086834 1.9310556 1.4481138 
Vmul_SimC376594                                   1.1808227 1.2234498 1.2703513 1.2613738 1.3186291 1.2912247 1.3703396 1.3703396 1.7991537 1.1141411 1.0641543 1.1075384 1.1317748 1.1075384 1.4907322 1.1262872 1.1421824 1.0818441 1.2932365 2.0986173 1.5304818 1.2416450 1.2143636 1.5106299 0.5611139 0.5788508 0.5273070 0.6116856 0.0000000 0.1438565 1.2003579 1.1813959 2.3736861 2.2992233 1.9274364 2.1353563 1.6499026 
Coemet_Cmet_C569457_01                            1.3937583 1.3509491 1.4382329 1.4772911 1.5197198 1.4750427 1.4696004 1.4696004 2.1507085 1.2289169 1.1726631 1.2439804 1.2821844 1.2439804 1.6073434 1.1748680 1.1915757 1.1700526 1.3579489 2.5821208 1.7844916 1.4330111 1.3224872 1.6442484 0.6573840 0.6834551 0.5829601 0.6525422 0.1438565 0.0000000 1.2196300 1.2005293 2.3199461 2.2443881 1.9700115 2.2467058 1.6174932 
Bolinf_Binf_sb1250944                             1.1904760 1.2502927 1.3324064 1.3398144 1.2973100 1.3144094 1.2798074 1.2798074 1.6658218 1.2936892 1.2197662 1.2732491 1.2574238 1.2732491 1.7195529 1.3354836 1.3136503 1.2776456 1.3276828 1.6067308 1.5352032 1.5590997 1.6081618 1.7876050 1.0912972 0.9335505 0.9455258 0.9755072 1.2003579 1.2196300 0.0000000 0.0000010 2.7098537 2.5515493 2.2232682 2.2975224 1.8409489 
Mertsp_Mesp_sb586937                              1.1904760 1.2515505 1.3324064 1.3398144 1.2973100 1.3144094 1.2798074 1.2798074 1.6658218 1.2936892 1.2197662 1.2732491 1.2574238 1.2732491 1.7195529 1.3354836 1.3136503 1.2776456 1.3276828 1.6067308 1.5745025 1.5590997 1.6160823 1.7977744 1.0912972 0.9669535 0.9777697 0.9755072 1.1813959 1.2005293 0.0000010 0.0000000 2.8070512 2.6435537 2.2232682 2.4050142 1.8951407 
Scil_scict005541.2                                1.7381971 1.8239090 1.6582398 1.7091095 1.6680215 1.6786927 1.8460152 1.8460152 1.8053357 1.6701783 2.0102390 2.0564043 2.0489841 2.0564043 1.5585553 1.5715506 1.5823241 1.8292108 1.8732935 5.9710022 1.8517666 2.4348892 2.5133070 2.4303621 2.0472833 2.2117036 2.0047355 2.2184085 2.3736861 2.3199461 2.7098537 2.8070512 0.0000000 0.0766382 0.2570474 0.3817034 1.3939731 
Lcom_lcpid166728                                  1.5469585 1.6016560 1.4507261 1.4994764 1.4604154 1.4668512 1.6156505 1.6156505 1.9683992 1.7554239 1.6325569 1.6577137 1.6511400 1.6577137 1.6170088 1.2910295 1.2997584 1.4803554 1.4726272 3.6204649 1.5011325 2.2411831 2.2137169 2.3323589 1.8834385 2.0818861 1.9451962 1.9339556 2.2992233 2.2443881 2.5515493 2.6435537 0.0766382 0.0000000 0.1552656 0.2657858 1.0683719 
Gracom_Gcom_C532428_01                            1.3148083 1.2400289 1.3272889 1.3175102 1.2280523 1.2343386 1.4179422 1.4179422 2.1113747 1.5586934 1.4077604 1.4678266 1.4615048 1.4678266 1.6503991 1.0928896 1.1208434 1.2942885 1.3310648 3.4680512 1.3989623 1.8435220 1.9300588 2.0609919 1.8207719 1.8975627 1.7155427 1.8086834 1.9274364 1.9700115 2.2232682 2.2232682 0.2570474 0.1552656 0.0000000 0.2012524 0.8398574 
Leuniv_Lniv_C780663_01                            1.2715890 1.2602104 1.2923197 1.2832668 1.2228234 1.2287668 1.2845262 1.2845262 1.8218236 1.4346822 1.3078657 1.3452192 1.3393598 1.3452192 1.5638271 1.1043682 1.0876532 1.2732488 1.3856165 3.4048695 1.3863413 1.7489267 2.0017058 2.0275039 1.7296649 1.9334529 1.8268923 1.9310556 2.1353563 2.2467058 2.2975224 2.4050142 0.3817034 0.2657858 0.2012524 0.0000000 0.9110089 
Clacor_Ccor_C518027_01                            0.9850374 1.0259701 0.9455675 0.9465286 0.9091215 0.8998140 0.9968920 0.9968920 1.1444169 0.9884300 0.9927757 1.0271194 1.0159175 1.0271194 1.0415635 1.0361845 1.0914444 1.0927659 1.0815927 1.5701437 1.3057779 1.3580655 1.2181776 1.1981881 1.4618326 1.3811989 1.4214899 1.4481138 1.6499026 1.6174932 1.8409489 1.8951407 1.3939731 1.0683719 0.8398574 0.9110089 0.0000000 
