27
Exapal_XM_021047804.2                                  0.0000000 0.9467518 1.5435516 1.5435516 1.5476815 1.6989365 1.7012993 1.5987481 1.6170625 1.7418686 2.1821154 1.6825932 2.7987460 2.3491510 2.1441382 2.1395304 2.4050762 2.4037382 2.0945000 2.3813873 1.1288310 2.6523257 2.5428466 2.4302920 0.8443964 3.8462409 3.5610925 
Pocdam_XM_027195191.1                                  0.9467518 0.0000000 1.8375687 1.8375687 1.8769412 1.8627748 2.0523126 1.6343460 1.7128278 1.8391391 2.1960455 1.8732598 2.8649797 2.4822853 2.1799045 2.7060509 2.6834676 2.2589661 2.2974408 2.3838423 1.5453438 3.1262194 2.6750108 2.3999826 0.6704030 3.5932541 3.0526636 
Tadh_TriadT51268                                       1.5435516 1.8375687 0.0000000 0.0000010 0.3107328 0.4341894 0.3383039 0.3707685 1.0933579 1.2125413 1.6368364 1.3874699 1.7709710 1.2936512 1.4563757 1.8852311 2.0426089 2.3307451 1.7982868 2.1763748 2.3417519 2.1223419 2.0165348 1.8561830 1.0605282 3.3273328 2.9801412 
TrH2_TrispH2_008142-RA                                 1.5435516 1.8375687 0.0000010 0.0000000 0.3107328 0.4341894 0.3383039 0.3707685 1.0933579 1.2125413 1.6368364 1.3874699 1.7709710 1.2936512 1.4563757 1.8852311 2.0426089 2.3307451 1.7982868 2.1763748 2.3417519 2.1223419 2.0165348 1.8561830 1.0605282 3.3273328 2.9801412 
Hhon_g00514.t1                                         1.5476815 1.8769412 0.3107328 0.3107328 0.0000000 0.1323251 0.1481651 0.2240486 1.2631700 1.3030880 1.6107852 1.4455441 1.8958121 1.4488956 1.5617358 1.9175350 2.0761164 2.4064600 2.0061923 2.4122480 2.3260796 2.1237493 2.1286479 1.9891153 0.9800672 3.3978082 2.8213672 
HoiH04_mRNA12154                                       1.6989365 1.8627748 0.4341894 0.4341894 0.1323251 0.0000000 0.2809143 0.2066670 1.4795248 1.6247781 1.6384827 1.3804305 2.4710424 1.7579363 1.7917695 1.9772704 2.0979875 2.3938337 2.0849093 2.0620276 2.6079006 2.0483639 2.2344368 2.2268211 0.9926030 3.2805910 2.6412663 
HoiH23_PlH23_008507-RA                                 1.7012993 2.0523126 0.3383039 0.3383039 0.1481651 0.2809143 0.0000000 0.2771862 1.1626473 1.2360400 1.6588530 1.4437449 1.8735788 1.5083491 1.5723161 2.1600766 2.2278799 2.4269967 2.0427044 2.4197424 2.4320283 2.1559539 2.0593196 2.0871336 0.9356102 3.3678106 2.9952424 
HoiH11_mRNA848                                         1.5987481 1.6343460 0.3707685 0.3707685 0.2240486 0.2066670 0.2771862 0.0000000 1.3289680 1.4125112 1.4544710 1.3684416 2.2180242 1.6287582 1.6295961 1.8464380 1.9093771 2.0523959 1.7055676 1.9727527 2.4766854 1.9320027 2.0108551 1.9328369 0.7157230 3.4617676 2.8133902 
Emue_Em0021g833a.t1                                    1.6170625 1.7128278 1.0933579 1.0933579 1.2631700 1.4795248 1.1626473 1.3289680 0.0000000 0.3738556 1.4505925 0.7193829 1.6106310 1.5548288 1.3495135 2.1902732 2.0678481 1.8145278 1.7508980 2.0635320 2.2879290 2.2699514 2.1008483 1.7660275 1.3592478 3.2300468 3.0675858 
Spolac_c102339_g1_i2_m.28933c102339-g1                 1.7418686 1.8391391 1.2125413 1.2125413 1.3030880 1.6247781 1.2360400 1.4125112 0.3738556 0.0000000 1.3589487 0.8680801 1.6775911 1.6949392 1.4850549 2.2311755 2.1916877 2.0148538 1.9213755 2.2006576 2.3086661 2.1701139 2.1260442 1.8312221 1.3881722 4.0176588 3.2522891 
Tetwil_g25286.t1                                       2.1821154 2.1960455 1.6368364 1.6368364 1.6107852 1.6384827 1.6588530 1.4544710 1.4505925 1.3589487 0.0000000 1.1244683 1.9803253 1.7454368 1.6042974 2.4112886 2.4936892 2.2465547 2.4768821 2.6780121 3.0380847 2.2952164 2.5814757 2.2596496 2.1840274 3.5990642 3.3151385 
Stycar_maker-SC_scaffold2498-augustus-gene-0.14-mRNA-1 1.6825932 1.8732598 1.3874699 1.3874699 1.4455441 1.3804305 1.4437449 1.3684416 0.7193829 0.8680801 1.1244683 0.0000000 1.6355409 1.4748847 1.1968074 2.1761729 2.0455210 1.7212888 1.5606204 2.0806446 2.6758208 2.0257328 1.8538247 1.9458957 1.6079547 4.0896308 3.3451226 
Aque_Aqu2.1.41976_001                                  2.7987460 2.8649797 1.7709710 1.7709710 1.8958121 2.4710424 1.8735788 2.2180242 1.6106310 1.6775911 1.9803253 1.6355409 0.0000000 0.8563595 0.8103051 2.9926537 2.8387377 2.7720000 2.6539717 2.8877296 3.5270568 3.2564187 3.0593744 2.3636758 2.4166812 5.2335652 4.5331035 
Xestes_maker-XT_scaffold18723-snap-gene-0.17-mRNA-1    2.3491510 2.4822853 1.2936512 1.2936512 1.4488956 1.7579363 1.5083491 1.6287582 1.5548288 1.6949392 1.7454368 1.4748847 0.8563595 0.0000000 0.5828853 2.4636481 2.5828091 2.8163575 2.8254307 2.8351027 3.9925112 2.9863766 2.7586695 2.2504113 2.2006294 4.9189901 4.8407901 
Halamb_c48515_g1_i2m.24341                             2.1441382 2.1799045 1.4563757 1.4563757 1.5617358 1.7917695 1.5723161 1.6295961 1.3495135 1.4850549 1.6042974 1.1968074 0.8103051 0.5828853 0.0000000 2.6129040 2.6309110 2.6714102 2.4751177 2.6469272 3.3691727 2.5988741 2.4817902 2.0686683 2.0791516 4.7324259 4.5235381 
Scil_scict016793.1                                     2.1395304 2.7060509 1.8852311 1.8852311 1.9175350 1.9772704 2.1600766 1.8464380 2.1902732 2.2311755 2.4112886 2.1761729 2.9926537 2.4636481 2.6129040 0.0000000 0.6250972 0.8116389 1.5130102 1.3177379 2.6007947 2.6523998 2.6722253 2.2346236 1.5801374 4.3457400 3.8474159 
Lcom_lcpid80372                                        2.4050762 2.6834676 2.0426089 2.0426089 2.0761164 2.0979875 2.2278799 1.9093771 2.0678481 2.1916877 2.4936892 2.0455210 2.8387377 2.5828091 2.6309110 0.6250972 0.0000000 0.8176582 1.4202445 1.0399687 2.9747157 2.5468057 2.4653239 2.0756448 1.9088554 4.8371254 4.2897195 
Gracom_Gcom_scaffold2964_01                            2.4037382 2.2589661 2.3307451 2.3307451 2.4064600 2.3938337 2.4269967 2.0523959 1.8145278 2.0148538 2.2465547 1.7212888 2.7720000 2.8163575 2.6714102 0.8116389 0.8176582 0.0000000 1.0149948 1.2056275 2.9698937 2.5755423 2.4378656 2.0894102 1.7748939 4.4492539 4.1919070 
Clacor_Ccor_C517419_01                                 2.0945000 2.2974408 1.7982868 1.7982868 2.0061923 2.0849093 2.0427044 1.7055676 1.7508980 1.9213755 2.4768821 1.5606204 2.6539717 2.8254307 2.4751177 1.5130102 1.4202445 1.0149948 0.0000000 1.9400688 2.7843473 2.1719187 2.0120428 2.1529588 1.7595331 5.2409715 4.9534281 
Leuniv_Lniv_scaffold21473_01                           2.3813873 2.3838423 2.1763748 2.1763748 2.4122480 2.0620276 2.4197424 1.9727527 2.0635320 2.2006576 2.6780121 2.0806446 2.8877296 2.8351027 2.6469272 1.3177379 1.0399687 1.2056275 1.9400688 0.0000000 3.0820145 2.8877394 2.7597641 2.0748555 1.9162642 4.8320950 3.8666299 
Nvec_v1g202127                                         1.1288310 1.5453438 2.3417519 2.3417519 2.3260796 2.6079006 2.4320283 2.4766854 2.2879290 2.3086661 3.0380847 2.6758208 3.5270568 3.9925112 3.3691727 2.6007947 2.9747157 2.9698937 2.7843473 3.0820145 0.0000000 3.6169741 3.0385462 2.8410404 0.9713237 5.0874704 3.8433714 
Ocar_g4715                                             2.6523257 3.1262194 2.1223419 2.1223419 2.1237493 2.0483639 2.1559539 1.9320027 2.2699514 2.1701139 2.2952164 2.0257328 3.2564187 2.9863766 2.5988741 2.6523998 2.5468057 2.5755423 2.1719187 2.8877394 3.6169741 0.0000000 0.2741334 2.1120087 2.0988012 5.3533475 5.3390487 
Opea_EP00118_Oscarella_pearsei_P006430                 2.5428466 2.6750108 2.0165348 2.0165348 2.1286479 2.2344368 2.0593196 2.0108551 2.1008483 2.1260442 2.5814757 1.8538247 3.0593744 2.7586695 2.4817902 2.6722253 2.4653239 2.4378656 2.0120428 2.7597641 3.0385462 0.2741334 0.0000000 1.6602167 1.7593246 5.2671145 4.4798259 
Plajan_Pjan_scaffold10332_01                           2.4302920 2.3999826 1.8561830 1.8561830 1.9891153 2.2268211 2.0871336 1.9328369 1.7660275 1.8312221 2.2596496 1.9458957 2.3636758 2.2504113 2.0686683 2.2346236 2.0756448 2.0894102 2.1529588 2.0748555 2.8410404 2.1120087 1.6602167 0.0000000 2.4002240 4.5261926 4.1639932 
Gasp_gasp1.m3.7351.m1                                  0.8443964 0.6704030 1.0605282 1.0605282 0.9800672 0.9926030 0.9356102 0.7157230 1.3592478 1.3881722 2.1840274 1.6079547 2.4166812 2.2006294 2.0791516 1.5801374 1.9088554 1.7748939 1.7595331 1.9162642 0.9713237 2.0988012 1.7593246 2.4002240 0.0000000 3.5318484 2.2866826 
Vmul_SimC379228                                        3.8462409 3.5932541 3.3273328 3.3273328 3.3978082 3.2805910 3.3678106 3.4617676 3.2300468 4.0176588 3.5990642 4.0896308 5.2335652 4.9189901 4.7324259 4.3457400 4.8371254 4.4492539 5.2409715 4.8320950 5.0874704 5.3533475 5.2671145 4.5261926 3.5318484 0.0000000 0.4770933 
Coemet_Cmet_C585221_01                                 3.5610925 3.0526636 2.9801412 2.9801412 2.8213672 2.6412663 2.9952424 2.8133902 3.0675858 3.2522891 3.3151385 3.3451226 4.5331035 4.8407901 4.5235381 3.8474159 4.2897195 4.1919070 4.9534281 3.8666299 3.8433714 5.3390487 4.4798259 4.1639932 2.2866826 0.4770933 0.0000000 
