55
Hsap_ENST00000425042                                  0.0000000 0.5113885 0.4917767 0.7151982 0.5646641 0.6665108 0.5956823 0.6783387 0.6278072 0.6461668 0.6186822 0.6279224 0.6940465 0.7474703 0.5339608 0.5095873 0.5308191 1.0160071 0.9752130 1.0791176 0.6916309 0.5036601 0.5555089 0.6064611 0.6813918 0.7884115 1.5296774 0.9915224 0.9716604 0.9586685 0.9964274 0.6291598 0.6961473 0.6786623 0.7253863 1.4504399 0.7342144 0.8067527 0.8399997 0.8253318 0.8071635 0.8071635 0.8912898 0.8698843 0.9563358 1.0300368 2.1237402 2.1518588 2.2626583 1.9990626 1.9929852 1.7621996 1.7144246 0.8259519 2.0828439 
Bralan_BLAG09000408_1                                 0.5113885 0.0000000 0.4005042 0.6081837 0.4699381 0.6177638 0.5480404 0.6430929 0.5744644 0.6190629 0.5881766 0.5670398 0.6536716 0.6666041 0.4766479 0.4214101 0.4250071 0.8884394 0.9210466 0.9340705 0.5743125 0.4212202 0.5041282 0.5454954 0.6257184 0.6747472 1.1693455 0.8373142 0.8474402 0.8444870 0.8117566 0.5855408 0.5713972 0.6058762 0.6460652 1.2219667 0.6587465 0.7195449 0.7965050 0.7315693 0.7024829 0.7024829 0.7795591 1.1610816 0.9466022 0.9328999 2.1035268 2.0486715 2.0222969 1.8555829 1.8567219 1.7862861 1.2455954 0.7622266 2.0212969 
Skow_XM_006823934.1                                   0.4917767 0.4005042 0.0000000 0.6600202 0.5120955 0.6680807 0.5556906 0.6154763 0.5864166 0.6093584 0.5794328 0.5874648 0.6962523 0.6971175 0.4855070 0.4128552 0.4409122 0.9503143 1.0016814 0.9686086 0.6659581 0.4243422 0.5774394 0.5510224 0.7208767 0.7200325 1.3088273 0.9125167 0.9047752 0.8644738 0.8351487 0.6690310 0.6612637 0.6931754 0.6890779 1.2786495 0.6729778 0.7441613 0.8147052 0.7793243 0.7672561 0.7672561 0.8254763 0.9569604 0.8862076 0.9539562 2.1417555 2.1366057 2.0492972 1.9343788 1.8918608 1.7226810 1.2189982 0.6942416 2.4189815 
Exapal_XM_021045751.1                                 0.7151982 0.6081837 0.6600202 0.0000000 0.1466539 0.2886649 0.2718535 0.2811761 0.2424018 0.2726343 0.2591917 0.2540941 0.5181936 0.5235556 0.6502878 0.6550870 0.6561689 0.8943414 0.9043862 0.9554486 0.5349252 0.6609413 0.6968309 0.7017958 0.8081696 0.5869081 1.2862135 0.8819303 0.9510136 0.8595027 0.9146952 0.5965659 0.7121318 0.5958482 0.6477052 1.3264479 0.5905405 0.6914100 0.6941565 0.7173096 0.7005417 0.7005417 0.7698653 1.0007451 0.9028980 0.9233450 1.8640509 1.9017771 1.8074922 1.8038937 1.7405228 1.5165709 1.2065783 0.8439761 2.0558027 
Nvec_v1g198576                                        0.5646641 0.4699381 0.5120955 0.1466539 0.0000000 0.2141011 0.2380561 0.2415469 0.1768901 0.2193075 0.2147571 0.2377443 0.4113576 0.4275721 0.5192318 0.5208908 0.5310129 0.7886288 0.8040978 0.8289169 0.4595440 0.5482876 0.6019077 0.5765968 0.6848829 0.5159211 1.2449148 0.7865631 0.8605781 0.7774002 0.8338712 0.5969110 0.6310476 0.4883576 0.5354671 1.1468037 0.5645131 0.5937434 0.6125890 0.5891066 0.5848628 0.5848628 0.6409692 0.9947843 0.7624102 0.7926960 1.7664687 1.7097058 1.6324723 1.5437533 1.5476093 1.3764263 1.1002448 0.6110003 1.7231950 
Adig_XM_015897358.1                                   0.6665108 0.6177638 0.6680807 0.2886649 0.2141011 0.0000000 0.0296633 0.0858394 0.1064010 0.1189273 0.1108698 0.1280220 0.4989356 0.4929521 0.6006425 0.5977039 0.6115273 0.8907457 0.8647266 0.9683041 0.5565044 0.6429897 0.7555039 0.7556980 0.8186342 0.5991506 1.4959761 0.8980257 0.9167987 0.8306447 0.8673473 0.6470706 0.5800119 0.5479151 0.6757020 1.4222614 0.6420964 0.7533801 0.7290595 0.7513116 0.7365570 0.7365570 0.7930781 1.2026910 0.9225940 0.9284992 1.9316973 1.8744768 1.8047783 1.7664239 1.7097900 1.5887778 1.5787246 1.0465710 2.2184287 
Amil_Amillepora14427-RA                               0.5956823 0.5480404 0.5556906 0.2718535 0.2380561 0.0296633 0.0000000 0.0513924 0.0561912 0.0895439 0.0711293 0.0735110 0.4461577 0.4759344 0.5729397 0.5557669 0.5254985 0.8169450 0.7860399 0.9285817 0.4617329 0.5374587 0.6900339 0.6367781 0.7293339 0.6528361 1.1329320 0.8202005 0.8736573 0.8016699 0.8298600 0.6868195 0.6504767 0.5070710 0.6282222 1.0981132 0.6003617 0.6490840 0.5825215 0.6422159 0.6354333 0.6354333 0.6746096 1.1176284 0.8957669 0.9572975 1.9597448 1.8802031 1.8057533 1.7333769 1.7054379 1.5391144 1.2564993 0.7666024 2.1304772 
Gfas_gfas1.m1.3115.m1                                 0.6783387 0.6430929 0.6154763 0.2811761 0.2415469 0.0858394 0.0513924 0.0000000 0.0658008 0.0891542 0.0860772 0.0852406 0.4843693 0.5151218 0.6325987 0.6531389 0.6269231 0.8862109 0.8745312 0.9769980 0.5786009 0.6466405 0.7548982 0.7496526 0.8172011 0.6038407 1.1803280 0.8482177 0.8903634 0.7995820 0.8476039 0.6004096 0.6308136 0.5638257 0.6525011 1.2437227 0.6272324 0.7194008 0.6476530 0.7122423 0.7001917 0.7001917 0.7416694 1.0854030 0.9554778 0.9455573 1.9385803 1.8333248 1.7966694 1.7446856 1.7012920 1.5920606 1.2923084 0.7446907 2.2817269 
Gasp_gasp1.m3.21260.m1                                0.6278072 0.5744644 0.5864166 0.2424018 0.1768901 0.1064010 0.0561912 0.0658008 0.0000000 0.0700727 0.0639778 0.0602543 0.4390277 0.4620275 0.5530572 0.5805001 0.5662177 0.8383345 0.8340300 0.9338581 0.5501212 0.6053171 0.7059401 0.7220274 0.7530109 0.6057907 1.1713235 0.8442486 0.8840234 0.7924285 0.8348336 0.6147899 0.5228964 0.5108702 0.6005479 1.1698891 0.5651429 0.6597410 0.6234574 0.6685921 0.6712278 0.6712278 0.7012471 0.8492068 0.8695034 0.8526961 1.7794436 1.6826543 1.6561570 1.6256350 1.5953154 1.4932577 1.2478663 0.7784480 2.2111198 
Spis_XP_022780222_1                                   0.6461668 0.6190629 0.6093584 0.2726343 0.2193075 0.1189273 0.0895439 0.0891542 0.0700727 0.0000000 0.0319219 0.0933608 0.4909367 0.5228307 0.6172108 0.6200140 0.5989212 0.9051417 0.9090889 1.0183200 0.5650273 0.6557835 0.7259884 0.7236091 0.7982006 0.6063703 1.2620178 0.8846626 0.9108976 0.8173810 0.8753815 0.5955149 0.6403731 0.5534070 0.6537394 1.2431315 0.6005967 0.7008790 0.6895530 0.7229025 0.7210145 0.7210145 0.7585374 1.0661019 0.9395554 0.9136983 1.9109497 1.8292270 1.8065230 1.7295717 1.7140837 1.5784134 1.3298630 0.8719260 2.2088873 
Pocdam_XM_027197469.1                                 0.6186822 0.5881766 0.5794328 0.2591917 0.2147571 0.1108698 0.0711293 0.0860772 0.0639778 0.0319219 0.0000000 0.0746515 0.4766708 0.5094936 0.5984571 0.6236695 0.5981388 0.8942930 0.8964085 0.9848001 0.5720641 0.6395541 0.7229461 0.6949070 0.8035068 0.6189702 1.1160311 0.8158022 0.8286475 0.7450076 0.8048626 0.5575639 0.6331945 0.5274451 0.6226248 1.2492417 0.5900613 0.6835134 0.6868594 0.6955591 0.6921836 0.6921836 0.7216625 1.1032996 0.9287339 0.9071544 1.8785183 1.7898788 1.7735610 1.7775759 1.7480460 1.5859473 1.3483708 0.6961928 2.0853729 
Fspp_ffun1.m4.33401.m1                                0.6279224 0.5670398 0.5874648 0.2540941 0.2377443 0.1280220 0.0735110 0.0852406 0.0602543 0.0933608 0.0746515 0.0000000 0.4423309 0.4721881 0.5846631 0.6241079 0.5925802 0.8639579 0.9248865 0.9356803 0.5737752 0.6051295 0.7185900 0.7232128 0.7878061 0.6032129 1.1912460 0.8497508 0.8661868 0.7813431 0.8352357 0.6954539 0.5788484 0.5430632 0.6313428 1.3229573 0.6127924 0.6779592 0.7088050 0.6792118 0.6783535 0.6783535 0.7289764 0.8898189 0.8787229 0.8638636 1.8355638 1.7452490 1.6919809 1.7026279 1.7179498 1.5520194 1.2526730 0.6372890 2.1714497 
Dgig_XM_028539779.1                                   0.6940465 0.6536716 0.6962523 0.5181936 0.4113576 0.4989356 0.4461577 0.4843693 0.4390277 0.4909367 0.4766708 0.4423309 0.0000000 0.1137676 0.6875620 0.7155881 0.6861425 0.9064728 0.8191885 0.9886227 0.6378827 0.6766715 0.7006837 0.7135730 0.8494000 0.6890594 1.4997716 1.0103846 0.9910585 0.9128839 0.9363758 0.6482210 0.6648764 0.6002373 0.6633015 1.2637017 0.6962674 0.7758868 0.7119908 0.7737661 0.7643627 0.7643627 0.8009227 1.0429988 0.9261616 0.9516759 1.8509114 1.7908961 1.8267214 1.7872750 1.7473136 1.5478052 1.1062499 0.8771751 2.1996372 
Xesp_026993-T1                                        0.7474703 0.6666041 0.6971175 0.5235556 0.4275721 0.4929521 0.4759344 0.5151218 0.4620275 0.5228307 0.5094936 0.4721881 0.1137676 0.0000000 0.6750250 0.7091352 0.6700772 0.9032102 0.8197796 0.9681601 0.5885095 0.6533509 0.6914095 0.6778903 0.8137287 0.6513353 1.5667277 1.0410253 0.9936168 0.9264478 0.9607637 0.6365788 0.6513928 0.5768488 0.6734345 1.3038772 0.7042002 0.7922142 0.7190168 0.7817813 0.7719335 0.7719335 0.8200163 1.0633241 0.9160667 0.9446122 1.9187624 1.8685015 1.8464432 1.7657015 1.7119916 1.5562783 1.0327243 0.8182802 2.0183939 
Ctel_gnl_WGS_AMQN_CAPTEDRAFT_mRNA157409               0.5339608 0.4766479 0.4855070 0.6502878 0.5192318 0.6006425 0.5729397 0.6325987 0.5530572 0.6172108 0.5984571 0.5846631 0.6875620 0.6750250 0.0000000 0.3263298 0.3018917 0.8309083 0.8265111 0.9060994 0.5692957 0.4859145 0.4997549 0.5100860 0.6368139 0.7760901 1.3943543 0.9683539 1.0046366 0.9485704 0.9512788 0.6841025 0.7204807 0.6447072 0.6920227 1.3271157 0.6517944 0.7077931 0.7526058 0.7434980 0.7500436 0.7500436 0.7821205 0.9763340 0.8595026 0.9725967 2.0164566 1.9710276 2.0013395 1.8870389 1.9169727 1.6944106 1.3278599 0.8076831 2.0663048 
Cgig_XM_034458898.1                                   0.5095873 0.4214101 0.4128552 0.6550870 0.5208908 0.5977039 0.5557669 0.6531389 0.5805001 0.6200140 0.6236695 0.6241079 0.7155881 0.7091352 0.3263298 0.0000000 0.2211271 0.9275156 0.9812736 0.9610106 0.6094865 0.4599141 0.5022934 0.4951331 0.6017422 0.6982169 1.2781184 0.8891835 0.9104839 0.8664076 0.8775790 0.6956902 0.5760905 0.6172573 0.6797203 1.2158534 0.6582876 0.7287451 0.8077162 0.7477394 0.7359244 0.7359244 0.7723384 0.9358435 0.8738026 0.9771577 2.1426869 2.0823289 2.1386929 1.9896338 2.0123511 1.8336471 1.3329441 0.6919534 2.2487761 
Acagra_model.g3043.t1                                 0.5308191 0.4250071 0.4409122 0.6561689 0.5310129 0.6115273 0.5254985 0.6269231 0.5662177 0.5989212 0.5981388 0.5925802 0.6861425 0.6700772 0.3018917 0.2211271 0.0000000 0.8845313 0.9019094 0.9098341 0.6033120 0.4523021 0.5030605 0.5379025 0.6657584 0.6734521 1.1553347 0.8508716 0.8850953 0.8477690 0.8696550 0.7174522 0.5629136 0.6454459 0.7000783 1.2145146 0.7000009 0.7631067 0.8551223 0.7817362 0.7766035 0.7766035 0.8546214 0.9391213 0.8923677 0.9724806 2.3303692 2.2086523 2.1647599 1.9439297 1.9623033 1.8841158 1.3471415 0.7188131 2.3412869 
Lcom_lcpid32167                                       1.0160071 0.8884394 0.9503143 0.8943414 0.7886288 0.8907457 0.8169450 0.8862109 0.8383345 0.9051417 0.8942930 0.8639579 0.9064728 0.9032102 0.8309083 0.9275156 0.8845313 0.0000000 0.2394207 0.3109027 0.3925167 0.9256145 0.9062853 1.0665784 1.1240281 0.7503033 1.6753265 1.0811467 1.1017297 1.0368315 1.0872147 0.7474574 0.9218280 0.9045608 1.0030273 1.7683892 0.9120468 0.9901524 0.9852479 0.9804504 0.9939266 0.9939266 0.9988295 0.9974031 1.0021649 0.9419791 2.2172991 2.0713568 2.0383540 2.0118651 1.9813876 1.7384389 1.5177347 0.9052866 2.4050220 
Leuniv_Lniv_scaffold11177_01                          0.9752130 0.9210466 1.0016814 0.9043862 0.8040978 0.8647266 0.7860399 0.8745312 0.8340300 0.9090889 0.8964085 0.9248865 0.8191885 0.8197796 0.8265111 0.9812736 0.9019094 0.2394207 0.0000000 0.2836022 0.4536088 0.9297445 0.8872770 1.0048006 1.1685274 0.7946915 1.3042367 0.9241986 0.9391193 0.8975814 0.9082417 0.7130221 0.7673184 0.8932162 0.9157472 1.9771762 0.9453896 0.9774630 1.0095363 0.9805557 0.9854552 0.9854552 1.0076479 0.9213541 0.8205142 0.8963207 1.9966450 1.9010270 2.0026479 1.9115949 1.8914822 1.6911500 1.3537887 0.9024108 2.3707589 
Gracom_Gcom_scaffold15940_01                          1.0791176 0.9340705 0.9686086 0.9554486 0.8289169 0.9683041 0.9285817 0.9769980 0.9338581 1.0183200 0.9848001 0.9356803 0.9886227 0.9681601 0.9060994 0.9610106 0.9098341 0.3109027 0.2836022 0.0000000 0.4051431 0.9503943 0.9931789 1.0822258 1.1078321 0.8073280 1.7118329 1.1165344 1.0910630 1.0363047 1.0652414 0.6704521 0.8889345 0.9198840 1.0135198 1.8328687 0.9282936 1.0127003 1.0116874 1.0047747 0.9909228 0.9909228 1.0463851 1.0644110 1.0399059 0.9856322 2.2590648 2.0972101 2.1695013 2.0332383 2.0036335 1.7756873 1.6165479 1.0499963 2.2770470 
Clacor_Ccor_scaffold3703_01                           0.6916309 0.5743125 0.6659581 0.5349252 0.4595440 0.5565044 0.4617329 0.5786009 0.5501212 0.5650273 0.5720641 0.5737752 0.6378827 0.5885095 0.5692957 0.6094865 0.6033120 0.3925167 0.4536088 0.4051431 0.0000000 0.6955994 0.6919718 0.6880165 0.8020540 0.7384949 0.9992449 0.6921385 0.7220397 0.6829024 0.6844553 0.6526463 0.4910013 0.5732033 0.5844101 2.1390803 0.6956598 0.6975363 0.7411277 0.7366555 0.7182981 0.7182981 0.7469759 1.1668411 0.6492958 0.6501406 1.8409841 1.6554869 1.6565946 1.6170202 1.6470493 1.3910622 0.0000010 1.6390585 1.7732507 
Spur_XM_030999020.1                                   0.5036601 0.4212202 0.4243422 0.6609413 0.5482876 0.6429897 0.5374587 0.6466405 0.6053171 0.6557835 0.6395541 0.6051295 0.6766715 0.6533509 0.4859145 0.4599141 0.4523021 0.9256145 0.9297445 0.9503943 0.6955994 0.0000000 0.5292504 0.5607038 0.6691074 0.6865018 1.2898726 0.9090573 0.8816488 0.9014399 0.8764736 0.6371325 0.5918869 0.6882225 0.7300361 1.3191226 0.7232365 0.8058682 0.8930026 0.8411595 0.8318164 0.8318164 0.8987904 0.9896630 0.8749439 0.9068718 2.0939425 2.0444885 2.1082507 1.9656003 1.9420274 1.7462122 1.1497356 0.7860072 2.1469375 
Tcas_TC006359_001                                     0.5555089 0.5041282 0.5774394 0.6968309 0.6019077 0.7555039 0.6900339 0.7548982 0.7059401 0.7259884 0.7229461 0.7185900 0.7006837 0.6914095 0.4997549 0.5022934 0.5030605 0.9062853 0.8872770 0.9931789 0.6919718 0.5292504 0.0000000 0.4717739 0.4778877 0.7710440 1.2106686 0.9095503 0.8677481 0.8468253 0.8523522 0.6946803 0.6332357 0.6132406 0.6775164 1.3928735 0.6763722 0.7372142 0.8017158 0.7355207 0.7170425 0.7170425 0.8058971 0.9218112 0.9144879 0.9352183 2.0659742 2.0088583 1.9229694 1.8497835 1.9106638 1.7421331 1.2213046 0.7080837 2.3218562 
Cscu_XM_023388039.1                                   0.6064611 0.5454954 0.5510224 0.7017958 0.5765968 0.7556980 0.6367781 0.7496526 0.7220274 0.7236091 0.6949070 0.7232128 0.7135730 0.6778903 0.5100860 0.4951331 0.5379025 1.0665784 1.0048006 1.0822258 0.6880165 0.5607038 0.4717739 0.0000000 0.5513632 0.7866047 1.3074669 0.9187438 0.9257150 0.9160177 0.8895629 0.7282400 0.6435698 0.6611676 0.7211128 1.4293485 0.7274274 0.7915320 0.8536170 0.7873331 0.7935373 0.7935373 0.8908476 1.0219077 0.9540236 0.9579665 2.3575190 2.2114456 2.0887450 2.1729481 2.1668357 1.9133455 1.3207701 0.7856069 2.5218081 
Dpul_mRNA28773                                        0.6813918 0.6257184 0.7208767 0.8081696 0.6848829 0.8186342 0.7293339 0.8172011 0.7530109 0.7982006 0.8035068 0.7878061 0.8494000 0.8137287 0.6368139 0.6017422 0.6657584 1.1240281 1.1685274 1.1078321 0.8020540 0.6691074 0.4778877 0.5513632 0.0000000 0.8272952 1.4024454 1.0043277 1.0354340 0.9900547 0.9728562 0.8198194 0.7272971 0.7687706 0.8787455 1.5915324 0.7569874 0.8689983 0.9633403 0.9169978 0.9144676 0.9144676 1.0007903 0.9399285 0.9374410 1.0267440 2.2465493 2.1428205 2.2253257 2.0357874 2.1003229 1.9683556 1.3305805 1.0338910 2.7325975 
Mlei_ML0792.g2.i1                                     0.7884115 0.6747472 0.7200325 0.5869081 0.5159211 0.5991506 0.6528361 0.6038407 0.6057907 0.6063703 0.6189702 0.6032129 0.6890594 0.6513353 0.7760901 0.6982169 0.6734521 0.7503033 0.7946915 0.8073280 0.7384949 0.6865018 0.7710440 0.7866047 0.8272952 0.0000000 6.0337397 0.2344492 0.2372445 0.2358896 0.2701127 0.1095819 0.4014013 0.6721537 0.6705062 3.3705731 0.7938963 0.8517305 0.8248332 0.7921133 0.8064424 0.8064424 0.8513502 1.3304505 0.6414268 0.7170752 1.3578692 1.3787686 1.4059352 1.2653533 1.2260273 1.1508142 0.0000010 0.0000010 1.5825264 
Pbac_sb2667337                                        1.5296774 1.1693455 1.3088273 1.2862135 1.2449148 1.4959761 1.1329320 1.1803280 1.1713235 1.2620178 1.1160311 1.1912460 1.4997716 1.5667277 1.3943543 1.2781184 1.1553347 1.6753265 1.3042367 1.7118329 0.9992449 1.2898726 1.2106686 1.3074669 1.4024454 6.0337397 0.0000000 0.0066886 0.2200275 0.1799579 0.1309005 0.6150942 1.4902507 1.3826629 1.3736585 1.2951859 1.2423210 1.2981935 1.1025379 1.3050573 1.3248361 1.3248361 1.4346590 1.1112473 1.5558154 1.6701573 2.4445229 2.2695166 2.2149003 2.1750786 2.1829676 1.8591342 1.5684572 1.6984111 4.4612682 
Horcal_Hcv1.av93.c6.g229.i1                           0.9915224 0.8373142 0.9125167 0.8819303 0.7865631 0.8980257 0.8202005 0.8482177 0.8442486 0.8846626 0.8158022 0.8497508 1.0103846 1.0410253 0.9683539 0.8891835 0.8508716 1.0811467 0.9241986 1.1165344 0.6921385 0.9090573 0.9095503 0.9187438 1.0043277 0.2344492 0.0066886 0.0000000 0.2212557 0.1981503 0.1511070 0.4160271 1.1998296 0.9631347 0.9606600 1.6534131 0.8750142 0.9181366 0.8198616 0.9340539 0.9311130 0.9311130 0.9357483 1.1205388 1.2129187 1.2468980 1.9312692 1.8582253 1.8620875 1.7925144 1.7396315 1.5574100 1.5684572 1.6685736 1.8571893 
Coemet_Cmet_scaffold4873_01                           0.9716604 0.8474402 0.9047752 0.9510136 0.8605781 0.9167987 0.8736573 0.8903634 0.8840234 0.9108976 0.8286475 0.8661868 0.9910585 0.9936168 1.0046366 0.9104839 0.8850953 1.1017297 0.9391193 1.0910630 0.7220397 0.8816488 0.8677481 0.9257150 1.0354340 0.2372445 0.2200275 0.2212557 0.0000000 0.1621889 0.1889871 0.4210838 1.1371735 0.9526054 0.9715613 1.6788947 0.9127186 0.9614786 0.8763087 0.9826201 0.9640455 0.9640455 1.0166276 1.2168363 1.2415106 1.2300988 1.8215962 1.8179767 1.7941505 1.6220581 1.6044737 1.4768879 1.4967899 1.5367880 1.8539279 
Lampan_Lpan_10377_01                                  0.9586685 0.8444870 0.8644738 0.8595027 0.7774002 0.8306447 0.8016699 0.7995820 0.7924285 0.8173810 0.7450076 0.7813431 0.9128839 0.9264478 0.9485704 0.8664076 0.8477690 1.0368315 0.8975814 1.0363047 0.6829024 0.9014399 0.8468253 0.9160177 0.9900547 0.2358896 0.1799579 0.1981503 0.1621889 0.0000000 0.1399671 0.3474899 1.1467071 0.9185951 0.9143202 1.6025348 0.8735096 0.9231223 0.8338417 0.9484225 0.9396435 0.9396435 0.9862487 1.1512401 1.1704119 1.2201379 1.8449535 1.8127246 1.8320161 1.6962761 1.6935359 1.5223784 1.5835306 1.5369513 1.8215672 
Drygla_Dgla_sb296486                                  0.9964274 0.8117566 0.8351487 0.9146952 0.8338712 0.8673473 0.8298600 0.8476039 0.8348336 0.8753815 0.8048626 0.8352357 0.9363758 0.9607637 0.9512788 0.8775790 0.8696550 1.0872147 0.9082417 1.0652414 0.6844553 0.8764736 0.8523522 0.8895629 0.9728562 0.2701127 0.1309005 0.1511070 0.1889871 0.1399671 0.0000000 0.3581160 1.1593795 0.9408871 0.9298805 1.6376118 0.8855518 0.9366724 0.8448586 0.9482876 0.9443710 0.9443710 0.9887791 1.1234734 1.1673085 1.2063913 1.8321635 1.8206918 1.7910751 1.6985119 1.6716328 1.4820623 1.5942108 1.6085836 1.8586566 
Vmul_sbMO375400                                       0.6291598 0.5855408 0.6690310 0.5965659 0.5969110 0.6470706 0.6868195 0.6004096 0.6147899 0.5955149 0.5575639 0.6954539 0.6482210 0.6365788 0.6841025 0.6956902 0.7174522 0.7474574 0.7130221 0.6704521 0.6526463 0.6371325 0.6946803 0.7282400 0.8198194 0.1095819 0.6150942 0.4160271 0.4210838 0.3474899 0.3581160 0.0000000 0.5457196 0.6053950 0.4824616 0.7940728 0.8595655 0.8595655 0.9473523 0.9108599 0.8751430 0.8751430 0.8896486 1.7763937 0.7209618 0.8044272 2.1722878 2.1130647 2.3155444 1.9101131 1.8079762 1.6338700 3.0001599 3.0156679 1.7158502 
Hvul_g22144_1                                         0.6961473 0.5713972 0.6612637 0.7121318 0.6310476 0.5800119 0.6504767 0.6308136 0.5228964 0.6403731 0.6331945 0.5788484 0.6648764 0.6513928 0.7204807 0.5760905 0.5629136 0.9218280 0.7673184 0.8889345 0.4910013 0.5918869 0.6332357 0.6435698 0.7272971 0.4014013 1.4902507 1.1998296 1.1371735 1.1467071 1.1593795 0.5457196 0.0000000 0.1941599 0.4173415 0.4344249 0.7600086 0.8269716 0.7952760 0.8129466 0.8310294 0.8310294 0.9433554 1.0960690 0.8827079 0.8593858 1.9978046 1.9148081 1.9982190 1.6567560 1.6534600 1.6455358 1.5265741 0.5442652 1.5621838 
Chem_TCONS_00031861                                   0.6786623 0.6058762 0.6931754 0.5958482 0.4883576 0.5479151 0.5070710 0.5638257 0.5108702 0.5534070 0.5274451 0.5430632 0.6002373 0.5768488 0.6447072 0.6172573 0.6454459 0.9045608 0.8932162 0.9198840 0.5732033 0.6882225 0.6132406 0.6611676 0.7687706 0.6721537 1.3826629 0.9631347 0.9526054 0.9185951 0.9408871 0.6053950 0.1941599 0.0000000 0.3532274 0.9175647 0.6366559 0.7555565 0.7391696 0.7540098 0.7697948 0.7697948 0.7970477 0.9993661 0.9017512 0.8889610 2.0370126 1.9543672 1.9881507 1.7096506 1.7068546 1.7179542 1.3527570 0.5082658 1.9370065 
Sanmal_Sma_012793-T1                                  0.7253863 0.6460652 0.6890779 0.6477052 0.5354671 0.6757020 0.6282222 0.6525011 0.6005479 0.6537394 0.6226248 0.6313428 0.6633015 0.6734345 0.6920227 0.6797203 0.7000783 1.0030273 0.9157472 1.0135198 0.5844101 0.7300361 0.6775164 0.7211128 0.8787455 0.6705062 1.3736585 0.9606600 0.9715613 0.9143202 0.9298805 0.4824616 0.4173415 0.3532274 0.0000000 0.8919347 0.7301136 0.8160845 0.7602450 0.8276289 0.8251158 0.8251158 0.8218967 0.9400827 0.9285819 0.9468447 2.0505336 1.9767074 1.9576484 1.8408707 1.8260808 1.5741948 1.2079108 0.2959923 1.9586507 
Morvir_scaffold1.g144.t3                              1.4504399 1.2219667 1.2786495 1.3264479 1.1468037 1.4222614 1.0981132 1.2437227 1.1698891 1.2431315 1.2492417 1.3229573 1.2637017 1.3038772 1.3271157 1.2158534 1.2145146 1.7683892 1.9771762 1.8328687 2.1390803 1.3191226 1.3928735 1.4293485 1.5915324 3.3705731 1.2951859 1.6534131 1.6788947 1.6025348 1.6376118 0.7940728 0.4344249 0.9175647 0.8919347 0.0000000 1.3520896 1.4841955 1.8997756 1.5443751 1.5378718 1.5378718 1.6888168 1.0563227 1.2722533 1.2886160 3.6333790 3.4843619 3.6036516 2.8239016 2.9459905 2.8241041 1.2082662 0.4711934 4.7121941 
Tadh_TriadT21464                                      0.7342144 0.6587465 0.6729778 0.5905405 0.5645131 0.6420964 0.6003617 0.6272324 0.5651429 0.6005967 0.5900613 0.6127924 0.6962674 0.7042002 0.6517944 0.6582876 0.7000009 0.9120468 0.9453896 0.9282936 0.6956598 0.7232365 0.6763722 0.7274274 0.7569874 0.7938963 1.2423210 0.8750142 0.9127186 0.8735096 0.8855518 0.8595655 0.7600086 0.6366559 0.7301136 1.3520896 0.0000000 0.0065339 0.1176933 0.0985050 0.0861569 0.0861569 0.0971931 1.0306043 0.9076004 0.9429862 1.9060260 1.8951552 1.8534829 1.7298188 1.6882350 1.5508702 0.9810385 0.7463814 2.0602185 
TrH2_TrispH2_002738-RA                                0.8067527 0.7195449 0.7441613 0.6914100 0.5937434 0.7533801 0.6490840 0.7194008 0.6597410 0.7008790 0.6835134 0.6779592 0.7758868 0.7922142 0.7077931 0.7287451 0.7631067 0.9901524 0.9774630 1.0127003 0.6975363 0.8058682 0.7372142 0.7915320 0.8689983 0.8517305 1.2981935 0.9181366 0.9614786 0.9231223 0.9366724 0.8595655 0.8269716 0.7555565 0.8160845 1.4841955 0.0065339 0.0000000 0.1290691 0.1314629 0.1177644 0.1177644 0.1271493 1.0306043 0.9971675 1.0140113 2.0587283 2.0310027 1.9986028 1.8511127 1.8120837 1.6442950 1.1663362 0.8801318 2.2662734 
HoiH06_mRNA5735                                       0.8399997 0.7965050 0.8147052 0.6941565 0.6125890 0.7290595 0.5825215 0.6476530 0.6234574 0.6895530 0.6868594 0.7088050 0.7119908 0.7190168 0.7526058 0.8077162 0.8551223 0.9852479 1.0095363 1.0116874 0.7411277 0.8930026 0.8017158 0.8536170 0.9633403 0.8248332 1.1025379 0.8198616 0.8763087 0.8338417 0.8448586 0.9473523 0.7952760 0.7391696 0.7602450 1.8997756 0.1176933 0.1290691 0.0000000 0.0287946 0.0520536 0.0520536 0.0786568 1.0786836 0.9279138 0.9595152 2.0183754 2.0437856 2.0316118 1.8533200 1.8330550 1.6716556 0.9303226 0.6277831 2.1405579 
HoiH23_PlH23_005312-RA                                0.8253318 0.7315693 0.7793243 0.7173096 0.5891066 0.7513116 0.6422159 0.7122423 0.6685921 0.7229025 0.6955591 0.6792118 0.7737661 0.7817813 0.7434980 0.7477394 0.7817362 0.9804504 0.9805557 1.0047747 0.7366555 0.8411595 0.7355207 0.7873331 0.9169978 0.7921133 1.3050573 0.9340539 0.9826201 0.9484225 0.9482876 0.9108599 0.8129466 0.7540098 0.8276289 1.5443751 0.0985050 0.1314629 0.0287946 0.0000000 0.0433188 0.0433188 0.0828937 1.0518550 0.9763037 0.9981211 2.0850956 2.0878080 2.0683267 1.8468435 1.8391393 1.6796680 1.1492328 0.9194598 2.2149791 
Hhon_g00456.t1                                        0.8071635 0.7024829 0.7672561 0.7005417 0.5848628 0.7365570 0.6354333 0.7001917 0.6712278 0.7210145 0.6921836 0.6783535 0.7643627 0.7719335 0.7500436 0.7359244 0.7766035 0.9939266 0.9854552 0.9909228 0.7182981 0.8318164 0.7170425 0.7935373 0.9144676 0.8064424 1.3248361 0.9311130 0.9640455 0.9396435 0.9443710 0.8751430 0.8310294 0.7697948 0.8251158 1.5378718 0.0861569 0.1177644 0.0520536 0.0433188 0.0000000 0.0000010 0.0794025 1.0471680 0.9868535 0.9948036 2.0384357 2.0335477 1.9943033 1.7899850 1.7707597 1.6654067 1.1341984 0.9753888 2.1984370 
HoiH04_mRNA234                                        0.8071635 0.7024829 0.7672561 0.7005417 0.5848628 0.7365570 0.6354333 0.7001917 0.6712278 0.7210145 0.6921836 0.6783535 0.7643627 0.7719335 0.7500436 0.7359244 0.7766035 0.9939266 0.9854552 0.9909228 0.7182981 0.8318164 0.7170425 0.7935373 0.9144676 0.8064424 1.3248361 0.9311130 0.9640455 0.9396435 0.9443710 0.8751430 0.8310294 0.7697948 0.8251158 1.5378718 0.0861569 0.1177644 0.0520536 0.0433188 0.0000010 0.0000000 0.0794025 1.0471680 0.9868535 0.9948036 2.0384357 2.0335477 1.9943033 1.7899850 1.7707597 1.6654067 1.1341984 0.9753888 2.1984370 
HoiH11_mRNA1220                                       0.8912898 0.7795591 0.8254763 0.7698653 0.6409692 0.7930781 0.6746096 0.7416694 0.7012471 0.7585374 0.7216625 0.7289764 0.8009227 0.8200163 0.7821205 0.7723384 0.8546214 0.9988295 1.0076479 1.0463851 0.7469759 0.8987904 0.8058971 0.8908476 1.0007903 0.8513502 1.4346590 0.9357483 1.0166276 0.9862487 0.9887791 0.8896486 0.9433554 0.7970477 0.8218967 1.6888168 0.0971931 0.1271493 0.0786568 0.0828937 0.0794025 0.0794025 0.0000000 1.0729795 0.9755325 1.0401930 1.9611690 1.9484935 1.9629842 1.8327546 1.7952511 1.7144258 1.1650185 0.9445002 2.1909846 
Ocar_g3297                                            0.8698843 1.1610816 0.9569604 1.0007451 0.9947843 1.2026910 1.1176284 1.0854030 0.8492068 1.0661019 1.1032996 0.8898189 1.0429988 1.0633241 0.9763340 0.9358435 0.9391213 0.9974031 0.9213541 1.0644110 1.1668411 0.9896630 0.9218112 1.0219077 0.9399285 1.3304505 1.1112473 1.1205388 1.2168363 1.1512401 1.1234734 1.7763937 1.0960690 0.9993661 0.9400827 1.0563227 1.0306043 1.0306043 1.0786836 1.0518550 1.0471680 1.0471680 1.0729795 0.0000000 0.0825830 0.6370068 1.3515686 1.2523671 1.2407928 1.3271107 1.2251232 1.2389861 0.7996906 0.8208773 4.6318457 
Opea_EP00118_Oscarella_pearsei_P028919                0.9563358 0.9466022 0.8862076 0.9028980 0.7624102 0.9225940 0.8957669 0.9554778 0.8695034 0.9395554 0.9287339 0.8787229 0.9261616 0.9160667 0.8595026 0.8738026 0.8923677 1.0021649 0.8205142 1.0399059 0.6492958 0.8749439 0.9144879 0.9540236 0.9374410 0.6414268 1.5558154 1.2129187 1.2415106 1.1704119 1.1673085 0.7209618 0.8827079 0.9017512 0.9285819 1.2722533 0.9076004 0.9971675 0.9279138 0.9763037 0.9868535 0.9868535 0.9755325 0.0825830 0.0000000 0.5053309 1.8490637 1.7815688 1.7757461 1.7433886 1.6997951 1.5164989 1.1186755 1.0404603 2.1793148 
Plajan_Pjan_scaffold21387_01                          1.0300368 0.9328999 0.9539562 0.9233450 0.7926960 0.9284992 0.9572975 0.9455573 0.8526961 0.9136983 0.9071544 0.8638636 0.9516759 0.9446122 0.9725967 0.9771577 0.9724806 0.9419791 0.8963207 0.9856322 0.6501406 0.9068718 0.9352183 0.9579665 1.0267440 0.7170752 1.6701573 1.2468980 1.2300988 1.2201379 1.2063913 0.8044272 0.8593858 0.8889610 0.9468447 1.2886160 0.9429862 1.0140113 0.9595152 0.9981211 0.9948036 0.9948036 1.0401930 0.6370068 0.5053309 0.0000000 1.8876810 1.8016653 1.8460145 1.6906484 1.6593506 1.4581758 0.9965829 1.0692888 1.9791100 
Aque_Aqu2.1.43383_001                                 2.1237402 2.1035268 2.1417555 1.8640509 1.7664687 1.9316973 1.9597448 1.9385803 1.7794436 1.9109497 1.8785183 1.8355638 1.8509114 1.9187624 2.0164566 2.1426869 2.3303692 2.2172991 1.9966450 2.2590648 1.8409841 2.0939425 2.0659742 2.3575190 2.2465493 1.3578692 2.4445229 1.9312692 1.8215962 1.8449535 1.8321635 2.1722878 1.9978046 2.0370126 2.0505336 3.6333790 1.9060260 2.0587283 2.0183754 2.0850956 2.0384357 2.0384357 1.9611690 1.3515686 1.8490637 1.8876810 0.0000000 0.2116844 0.3806734 1.0943056 1.0834140 0.9349149 0.6307648 1.6167373 1.8756999 
Halamb_c46594_g5_i1mm.2000                            2.1518588 2.0486715 2.1366057 1.9017771 1.7097058 1.8744768 1.8802031 1.8333248 1.6826543 1.8292270 1.7898788 1.7452490 1.7908961 1.8685015 1.9710276 2.0823289 2.2086523 2.0713568 1.9010270 2.0972101 1.6554869 2.0444885 2.0088583 2.2114456 2.1428205 1.3787686 2.2695166 1.8582253 1.8179767 1.8127246 1.8206918 2.1130647 1.9148081 1.9543672 1.9767074 3.4843619 1.8951552 2.0310027 2.0437856 2.0878080 2.0335477 2.0335477 1.9484935 1.2523671 1.7815688 1.8016653 0.2116844 0.0000000 0.3082930 1.0707336 1.0667340 0.9282489 0.5944808 1.5219819 1.7996680 
Xestes_maker-XT_scaffold6064-snap-gene-0.44-mRNA-1    2.2626583 2.0222969 2.0492972 1.8074922 1.6324723 1.8047783 1.8057533 1.7966694 1.6561570 1.8065230 1.7735610 1.6919809 1.8267214 1.8464432 2.0013395 2.1386929 2.1647599 2.0383540 2.0026479 2.1695013 1.6565946 2.1082507 1.9229694 2.0887450 2.2253257 1.4059352 2.2149003 1.8620875 1.7941505 1.8320161 1.7910751 2.3155444 1.9982190 1.9881507 1.9576484 3.6036516 1.8534829 1.9986028 2.0316118 2.0683267 1.9943033 1.9943033 1.9629842 1.2407928 1.7757461 1.8460145 0.3806734 0.3082930 0.0000000 1.0503741 1.0128576 0.9055710 0.4802116 1.4163015 1.8317509 
Emue_Em0020g965a.t1                                   1.9990626 1.8555829 1.9343788 1.8038937 1.5437533 1.7664239 1.7333769 1.7446856 1.6256350 1.7295717 1.7775759 1.7026279 1.7872750 1.7657015 1.8870389 1.9896338 1.9439297 2.0118651 1.9115949 2.0332383 1.6170202 1.9656003 1.8497835 2.1729481 2.0357874 1.2653533 2.1750786 1.7925144 1.6220581 1.6962761 1.6985119 1.9101131 1.6567560 1.7096506 1.8408707 2.8239016 1.7298188 1.8511127 1.8533200 1.8468435 1.7899850 1.7899850 1.8327546 1.3271107 1.7433886 1.6906484 1.0943056 1.0707336 1.0503741 0.0000000 0.1312602 0.6993864 0.4000808 1.2872778 1.7894826 
Spolac_c104281_g1_i2_m.39382c104281-g1                1.9929852 1.8567219 1.8918608 1.7405228 1.5476093 1.7097900 1.7054379 1.7012920 1.5953154 1.7140837 1.7480460 1.7179498 1.7473136 1.7119916 1.9169727 2.0123511 1.9623033 1.9813876 1.8914822 2.0036335 1.6470493 1.9420274 1.9106638 2.1668357 2.1003229 1.2260273 2.1829676 1.7396315 1.6044737 1.6935359 1.6716328 1.8079762 1.6534600 1.7068546 1.8260808 2.9459905 1.6882350 1.8120837 1.8330550 1.8391393 1.7707597 1.7707597 1.7952511 1.2251232 1.6997951 1.6593506 1.0834140 1.0667340 1.0128576 0.1312602 0.0000000 0.6484800 0.4025968 1.2270344 1.8110327 
Tetwil_g10906.t1                                      1.7621996 1.7862861 1.7226810 1.5165709 1.3764263 1.5887778 1.5391144 1.5920606 1.4932577 1.5784134 1.5859473 1.5520194 1.5478052 1.5562783 1.6944106 1.8336471 1.8841158 1.7384389 1.6911500 1.7756873 1.3910622 1.7462122 1.7421331 1.9133455 1.9683556 1.1508142 1.8591342 1.5574100 1.4768879 1.5223784 1.4820623 1.6338700 1.6455358 1.7179542 1.5741948 2.8241041 1.5508702 1.6442950 1.6716556 1.6796680 1.6654067 1.6654067 1.7144258 1.2389861 1.5164989 1.4581758 0.9349149 0.9282489 0.9055710 0.6993864 0.6484800 0.0000000 0.2209739 1.2984876 1.4844624 
Stycar_maker-SC_scaffold7282-augustus-gene-0.6-mRNA-1 1.7144246 1.2455954 1.2189982 1.2065783 1.1002448 1.5787246 1.2564993 1.2923084 1.2478663 1.3298630 1.3483708 1.2526730 1.1062499 1.0327243 1.3278599 1.3329441 1.3471415 1.5177347 1.3537887 1.6165479 0.0000010 1.1497356 1.2213046 1.3207701 1.3305805 0.0000010 1.5684572 1.5684572 1.4967899 1.5835306 1.5942108 3.0001599 1.5265741 1.3527570 1.2079108 1.2082662 0.9810385 1.1663362 0.9303226 1.1492328 1.1341984 1.1341984 1.1650185 0.7996906 1.1186755 0.9965829 0.6307648 0.5944808 0.4802116 0.4000808 0.4025968 0.2209739 0.0000000 1.2561350 8.9999988 
Aaur_scaffold5.g66.t1                                 0.8259519 0.7622266 0.6942416 0.8439761 0.6110003 1.0465710 0.7666024 0.7446907 0.7784480 0.8719260 0.6961928 0.6372890 0.8771751 0.8182802 0.8076831 0.6919534 0.7188131 0.9052866 0.9024108 1.0499963 1.6390585 0.7860072 0.7080837 0.7856069 1.0338910 0.0000010 1.6984111 1.6685736 1.5367880 1.5369513 1.6085836 3.0156679 0.5442652 0.5082658 0.2959923 0.4711934 0.7463814 0.8801318 0.6277831 0.9194598 0.9753888 0.9753888 0.9445002 0.8208773 1.0404603 1.0692888 1.6167373 1.5219819 1.4163015 1.2872778 1.2270344 1.2984876 1.2561350 0.0000000 8.9999987 
Plespi_Pspi_scaffold15155_01                          2.0828439 2.0212969 2.4189815 2.0558027 1.7231950 2.2184287 2.1304772 2.2817269 2.2111198 2.2088873 2.0853729 2.1714497 2.1996372 2.0183939 2.0663048 2.2487761 2.3412869 2.4050220 2.3707589 2.2770470 1.7732507 2.1469375 2.3218562 2.5218081 2.7325975 1.5825264 4.4612682 1.8571893 1.8539279 1.8215672 1.8586566 1.7158502 1.5621838 1.9370065 1.9586507 4.7121941 2.0602185 2.2662734 2.1405579 2.2149791 2.1984370 2.1984370 2.1909846 4.6318457 2.1793148 1.9791100 1.8756999 1.7996680 1.8317509 1.7894826 1.8110327 1.4844624 8.9999988 8.9999987 0.0000000 
