28
Bralan_BLAG07000886_1                                0.0000000 0.7939588 0.7440203 0.8247543 1.0795415 1.7580810 1.1218113 1.1484693 0.7608334 1.1918115 1.4554399 1.1507835 1.1495799 1.1349379 1.6110368 1.6174139 1.6073429 1.4882392 1.4855610 1.6228524 1.7998242 1.7921379 1.2360895 1.5653953 1.6536137 1.1430137 1.8552979 1.8341359 
Tcas_TC003138_001                                    0.7939588 0.0000000 0.5555286 1.2207694 1.0916099 1.8396066 1.3334512 1.3312013 0.9715904 1.2862938 1.6007732 0.8036318 1.0681860 1.1765215 1.7277365 1.6645027 1.6461690 1.6136931 1.5769751 1.7502111 1.8252009 1.9217208 1.3882343 1.5403046 1.5191336 1.2056777 1.8773803 1.6587143 
Dpul_mRNA15567                                       0.7440203 0.5555286 0.0000000 0.9668206 0.9750738 1.2982109 1.0547535 1.0362096 0.8045527 1.0174939 1.3828720 0.8212535 1.2170886 1.2194767 1.8155673 1.7536176 1.5288636 1.4324730 1.2895705 1.6457125 1.3906493 1.6966199 1.3801198 1.6742778 1.4662151 1.2171660 1.7740598 1.6984009 
Spur_XM_011662088.2                                  0.8247543 1.2207694 0.9668206 0.0000000 1.1785101 1.9436836 1.2147423 1.0789637 0.9142145 1.1498866 1.5966477 1.1494088 1.3299860 1.5337173 1.9807432 2.0797711 1.7177256 1.7796073 1.7689700 1.7400839 2.1780259 1.8547289 1.6209135 1.8747272 1.9596940 1.5291756 2.0488364 2.3140068 
Tadh_TriadT24387                                     1.0795415 1.0916099 0.9750738 1.1785101 0.0000000 0.4640973 0.2419610 0.2395235 0.2629795 0.2454640 0.1346144 1.3818330 1.3367260 1.6660404 1.7460859 1.7631396 1.8453470 1.0782289 1.1627256 1.3181558 1.6784399 1.7277106 1.4523856 1.4606981 1.3853438 1.2435849 1.8513023 1.7442825 
HoiH06_mRNA2575                                      1.7580810 1.8396066 1.2982109 1.9436836 0.4640973 0.0000000 0.0336197 0.1112373 0.1732819 0.1706198 0.5421383 2.4220518 1.1155482 2.2598382 2.7774324 2.6483778 2.0732857 1.7731224 1.5377210 2.0515198 1.3439031 2.1078525 1.0385778 2.0217314 2.1584485 1.9132174 1.4849743 1.7571867 
HoiH23_PlH23_005737-RA                               1.1218113 1.3334512 1.0547535 1.2147423 0.2419610 0.0336197 0.0000000 0.1005756 0.1019720 0.1438476 0.5132509 1.7884660 1.1370332 1.6246531 2.1148856 2.0872710 1.9116928 1.3206231 1.2674599 1.5428364 1.3917445 1.6846153 1.1067224 1.4628974 1.4668908 1.2384357 1.7024200 1.8104264 
Hhon_g02518.t1                                       1.1484693 1.3312013 1.0362096 1.0789637 0.2395235 0.1112373 0.1005756 0.0000000 0.0141666 0.1142170 0.5139580 1.7405857 1.1298208 1.6474123 2.0342950 2.1394701 1.9671478 1.3378457 1.2132377 1.5181206 1.5151985 1.6463207 1.1623241 1.4949647 1.5638862 1.3160025 1.7923461 1.7791358 
HoiH04_mRNA6609                                      0.7608334 0.9715904 0.8045527 0.9142145 0.2629795 0.1732819 0.1019720 0.0141666 0.0000000 0.1079453 0.4550334 1.1790887 1.0467597 1.2558074 1.6280655 1.6495178 1.7503599 1.0884456 1.0527741 1.2134186 1.3916328 1.3966123 1.1439816 1.2758547 1.1324289 0.9486459 1.5733972 1.4104385 
HoiH11_mRNA5515                                      1.1918115 1.2862938 1.0174939 1.1498866 0.2454640 0.1706198 0.1438476 0.1142170 0.1079453 0.0000000 0.4699208 1.5510032 1.2939703 1.6750554 2.0318498 2.0160040 1.9541569 1.3252915 1.2411330 1.5341868 1.3992171 1.7394141 1.1539353 1.4315219 1.6206355 1.3224304 1.7608810 1.8187554 
TrH2_TrispH2_003857-RA                               1.4554399 1.6007732 1.3828720 1.5966477 0.1346144 0.5421383 0.5132509 0.5139580 0.4550334 0.4699208 0.0000000 2.0030526 1.7273071 2.3700885 2.1358817 2.3558820 2.0375735 1.7748942 1.7713262 2.0902560 2.1259373 2.5026101 1.6104978 1.8392768 2.0967889 1.7599262 2.4185035 2.3765882 
Cscu_XM_023377018.1                                  1.1507835 0.8036318 0.8212535 1.1494088 1.3818330 2.4220518 1.7884660 1.7405857 1.1790887 1.5510032 2.0030526 0.0000000 1.1093773 1.4347589 1.8672837 1.8445737 1.5901197 1.8703294 1.6362824 2.1599308 1.6625079 1.9603214 1.5132826 1.9576748 1.7604388 1.7427166 2.1927836 1.8766207 
Ctel_gnl_WGS_AMQN_CAPTEDRAFT_mRNA99150               1.1495799 1.0681860 1.2170886 1.3299860 1.3367260 1.1155482 1.1370332 1.1298208 1.0467597 1.2939703 1.7273071 1.1093773 0.0000000 0.7382623 1.1850399 1.1921922 1.1413594 1.1181337 1.0646666 1.2236126 1.2846608 1.1118331 1.5765569 1.7404208 1.3122983 1.2621554 1.1119797 1.0972890 
Cgig_XM_011452936.3                                  1.1349379 1.1765215 1.2194767 1.5337173 1.6660404 2.2598382 1.6246531 1.6474123 1.2558074 1.6750554 2.3700885 1.4347589 0.7382623 0.0000000 1.2435511 1.3955016 1.4510073 1.6721174 1.7708995 1.4009277 1.5841996 1.6187721 1.5313362 1.7544797 1.6510440 1.2762574 1.6690714 1.4742877 
Nemnom_g1999.t1                                      1.6110368 1.7277365 1.8155673 1.9807432 1.7460859 2.7774324 2.1148856 2.0342950 1.6280655 2.0318498 2.1358817 1.8672837 1.1850399 1.2435511 0.0000000 0.1716020 0.7681444 2.0101897 2.0481831 1.0673763 1.1582518 1.3051767 1.4522735 1.4445042 1.8157785 1.8163540 1.9233166 1.7851197 
Rhoesc_Res_011173-T1                                 1.6174139 1.6645027 1.7536176 2.0797711 1.7631396 2.6483778 2.0872710 2.1394701 1.6495178 2.0160040 2.3558820 1.8445737 1.1921922 1.3955016 0.1716020 0.0000000 0.6968447 2.1796361 2.1290715 1.0710272 1.0473187 1.3821270 1.4056957 1.5084019 1.8079733 1.6802997 1.8244534 1.7283061 
Sanmal_Sma_025053-T1                                 1.6073429 1.6461690 1.5288636 1.7177256 1.8453470 2.0732857 1.9116928 1.9671478 1.7503599 1.9541569 2.0375735 1.5901197 1.1413594 1.4510073 0.7681444 0.6968447 0.0000000 2.1601443 2.1920464 1.1512120 1.1362381 1.2607572 1.4631743 1.6840207 1.6216529 1.3734498 1.8502842 1.7887833 
Emue_Em0018g565a.t1                                  1.4882392 1.6136931 1.4324730 1.7796073 1.0782289 1.7731224 1.3206231 1.3378457 1.0884456 1.3252915 1.7748942 1.8703294 1.1181337 1.6721174 2.0101897 2.1796361 2.1601443 0.0000000 0.1314361 1.7611319 2.0161997 1.9028791 1.1743551 1.2981048 1.3916461 1.2471090 1.8594119 1.9804445 
Spolac_c92298_g1_i1_m.7699c103372-g3                 1.4855610 1.5769751 1.2895705 1.7689700 1.1627256 1.5377210 1.2674599 1.2132377 1.0527741 1.2411330 1.7713262 1.6362824 1.0646666 1.7708995 2.0481831 2.1290715 2.1920464 0.1314361 0.0000000 1.7718627 1.8087218 1.7885026 1.1597667 1.2944074 1.3192019 1.3583078 1.8596308 1.9723529 
Morvir_scaffold108.g5.t1                             1.6228524 1.7502111 1.6457125 1.7400839 1.3181558 2.0515198 1.5428364 1.5181206 1.2134186 1.5341868 2.0902560 2.1599308 1.2236126 1.4009277 1.0673763 1.0710272 1.1512120 1.7611319 1.7718627 0.0000000 1.3508973 1.3950221 1.4591186 1.7462952 1.8542997 1.3411159 1.6845206 1.6934526 
Chem_TCONS_00025925                                  1.7998242 1.8252009 1.3906493 2.1780259 1.6784399 1.3439031 1.3917445 1.5151985 1.3916328 1.3992171 2.1259373 1.6625079 1.2846608 1.5841996 1.1582518 1.0473187 1.1362381 2.0161997 1.8087218 1.3508973 0.0000000 1.1103249 1.4001146 1.5485282 1.4853065 1.4833036 1.7192083 1.8160903 
Hvul_g20460_1                                        1.7921379 1.9217208 1.6966199 1.8547289 1.7277106 2.1078525 1.6846153 1.6463207 1.3966123 1.7394141 2.5026101 1.9603214 1.1118331 1.6187721 1.3051767 1.3821270 1.2607572 1.9028791 1.7885026 1.3950221 1.1103249 0.0000000 1.5921600 1.7686353 1.8554895 1.5571515 1.5950676 1.6616141 
Aque_Aqu2.1.44179_001                                1.2360895 1.3882343 1.3801198 1.6209135 1.4523856 1.0385778 1.1067224 1.1623241 1.1439816 1.1539353 1.6104978 1.5132826 1.5765569 1.5313362 1.4522735 1.4056957 1.4631743 1.1743551 1.1597667 1.4591186 1.4001146 1.5921600 0.0000000 0.2680436 0.4299445 1.0922489 1.8246883 1.7682919 
Halamb_c16081_g1_i1m.2751                            1.5653953 1.5403046 1.6742778 1.8747272 1.4606981 2.0217314 1.4628974 1.4949647 1.2758547 1.4315219 1.8392768 1.9576748 1.7404208 1.7544797 1.4445042 1.5084019 1.6840207 1.2981048 1.2944074 1.7462952 1.5485282 1.7686353 0.2680436 0.0000000 0.5179911 1.0989785 1.7771354 2.0396586 
Xestes_maker-XT_scaffold713-augustus-gene-0.9-mRNA-1 1.6536137 1.5191336 1.4662151 1.9596940 1.3853438 2.1584485 1.4668908 1.5638862 1.1324289 1.6206355 2.0967889 1.7604388 1.3122983 1.6510440 1.8157785 1.8079733 1.6216529 1.3916461 1.3192019 1.8542997 1.4853065 1.8554895 0.4299445 0.5179911 0.0000000 0.9575429 1.7669868 1.9406346 
Tetwil_g23766.t1                                     1.1430137 1.2056777 1.2171660 1.5291756 1.2435849 1.9132174 1.2384357 1.3160025 0.9486459 1.3224304 1.7599262 1.7427166 1.2621554 1.2762574 1.8163540 1.6802997 1.3734498 1.2471090 1.3583078 1.3411159 1.4833036 1.5571515 1.0922489 1.0989785 0.9575429 0.0000000 1.8890254 1.8976875 
Scil_scict001367.1                                   1.8552979 1.8773803 1.7740598 2.0488364 1.8513023 1.4849743 1.7024200 1.7923461 1.5733972 1.7608810 2.4185035 2.1927836 1.1119797 1.6690714 1.9233166 1.8244534 1.8502842 1.8594119 1.8596308 1.6845206 1.7192083 1.5950676 1.8246883 1.7771354 1.7669868 1.8890254 0.0000000 0.6235569 
Lcom_lcpid117670                                     1.8341359 1.6587143 1.6984009 2.3140068 1.7442825 1.7571867 1.8104264 1.7791358 1.4104385 1.8187554 2.3765882 1.8766207 1.0972890 1.4742877 1.7851197 1.7283061 1.7887833 1.9804445 1.9723529 1.6934526 1.8160903 1.6616141 1.7682919 2.0396586 1.9406346 1.8976875 0.6235569 0.0000000 
