55
Hsap_ENST00000372228                                             0.0000000 1.0587330 1.1395984 1.1723448 1.2222340 1.2101326 1.3060016 1.2090312 1.1909838 1.1362579 1.1268698 1.3213619 1.2068183 1.4166219 1.2600728 1.3073522 1.3378334 1.3620362 1.5973431 1.5440124 1.5250491 1.5513143 1.6702474 1.5843674 1.5042216 1.5071837 1.7286003 1.5689218 1.9593580 1.6273296 2.1147872 1.8936060 2.3786542 1.8424074 1.8577388 1.7355090 1.7214876 1.8811015 1.8546404 1.8662366 1.7991268 1.7359006 1.9842066 2.1085904 2.0166947 1.8911533 1.9582115 2.3856556 2.1031249 4.0403150 4.0766971 2.1639130 4.0905072 4.7652842 3.0274161 
Bralan_BLAG08000759_1                                            1.0587330 0.0000000 0.8704955 1.0737612 1.2600376 1.2009133 1.2544462 1.2355007 1.1611201 1.1154540 1.1388126 1.1390302 1.0001636 1.2375078 1.0274394 1.2126785 1.2515583 1.1216301 1.3778825 1.1914195 1.2186750 1.3650588 1.3674887 1.2662842 1.2816687 1.2493139 1.5013693 1.2096073 1.9656532 1.6755214 2.0504718 1.5307450 2.2390437 1.6102108 1.6213669 1.5530344 1.7837700 1.8650795 1.8078154 1.7791563 1.6572694 1.6175344 2.0500949 2.0362620 1.9841415 1.6978793 1.9950174 2.1615630 2.0044818 3.8176524 3.9671031 2.1315403 3.9575126 4.4960878 3.0298621 
Skow_XM_006813149.1                                              1.1395984 0.8704955 0.0000000 0.8963320 0.9966576 1.0638967 1.3614381 1.0654770 1.0669866 1.0109532 0.7843597 1.0417794 1.0472396 1.2278220 1.1622660 1.1232387 1.1489073 1.1812262 1.2017033 1.0677387 1.1149382 1.1685180 1.3091170 1.2266511 1.2337674 1.2382091 1.3144375 1.2323305 1.9413795 1.7084746 2.0035048 1.6992630 2.3330693 1.6900213 1.7434650 1.6460589 1.2823215 1.6174067 1.6395102 1.6418647 1.5859927 1.6054753 2.1060878 2.0101941 2.0075291 1.7813016 2.0661870 2.2823654 2.2199281 3.9852640 3.9525332 1.1236467 4.1949395 4.1533720 2.7740600 
Spur_XM_788649.5                                                 1.1723448 1.0737612 0.8963320 0.0000000 1.2619384 1.1444701 1.3398778 1.3341026 1.2777871 1.1837315 1.1564416 1.3000616 1.1151066 1.4066610 1.2833476 1.3881389 1.4070512 1.3527802 1.5275855 1.3480396 1.4699702 1.4011269 1.3490826 1.3973904 1.4360704 1.4384946 1.6598105 1.4258081 2.0681662 1.7513227 2.0788839 1.7089001 2.3622770 1.7635327 1.7312696 1.6779843 1.7010748 1.8288465 1.8279198 1.8048738 1.6871736 1.6080728 1.9843562 1.8678439 1.8600685 1.8152980 1.9757550 2.3727223 2.0402113 4.0436178 3.8828691 2.3908107 3.5158251 4.0220758 2.5995787 
Tcas_TC010429_001                                                1.2222340 1.2600376 0.9966576 1.2619384 0.0000000 0.7477773 0.7899473 1.1031793 1.1290304 1.0430070 1.2510172 1.3553217 1.2018441 1.5380526 1.2085873 1.4614160 1.4833964 1.3126096 1.6170354 1.4082247 1.4471644 1.4261269 1.4412805 1.5853036 1.5159338 1.5298690 1.8112130 1.5748077 2.0789574 1.5703041 2.1710632 1.6805323 2.2360657 1.7122995 1.8936178 1.7901772 1.7365444 1.9174569 1.8388184 1.8223280 1.7414699 1.6897252 2.0817746 2.1647625 2.0797374 1.7679568 2.0470462 2.1585429 2.1684347 3.7661421 3.5334261 2.7199076 3.7610249 4.3157971 3.3714547 
Cscu_XM_023372903.1                                              1.2101326 1.2009133 1.0638967 1.1444701 0.7477773 0.0000000 0.8247508 1.0656493 1.0232842 1.1012521 1.2168133 1.3779460 1.1796016 1.4478786 1.2055312 1.4042379 1.4503827 1.3060666 1.6049481 1.2502752 1.3589885 1.4810999 1.4642989 1.4848493 1.5509124 1.5460285 1.7256708 1.5497350 2.2203002 1.8714668 2.2230645 1.7426403 2.5091461 1.6901813 1.7923153 1.6624006 1.7151813 1.8042666 1.7381793 1.7116756 1.6703247 1.5836965 2.1434116 2.0720106 2.1566292 1.9407473 2.0825276 2.1655243 2.1263285 4.3473247 4.3085721 2.1714430 3.7743528 4.5875525 3.0196136 
Dpul_mRNA27205                                                   1.3060016 1.2544462 1.3614381 1.3398778 0.7899473 0.8247508 0.0000000 1.2031711 1.1182899 1.0731590 1.2472156 1.4846149 1.3988934 1.5046219 1.4947664 1.4686247 1.5190546 1.5151037 1.5707421 1.4742792 1.5536771 1.5934620 1.6751202 1.5281524 1.5808836 1.5676585 1.7950988 1.7050027 2.3045431 1.9358747 2.1848690 1.7911546 2.4942666 2.0504302 1.9830387 1.7769629 1.5360540 1.8348712 1.7300679 1.7092251 1.7080820 1.6976993 1.9807826 1.9343750 2.0211863 1.8267383 2.2549174 2.3370870 2.2064602 4.1927889 4.2615659 1.3844933 3.6271972 4.2209904 2.9892391 
Cgig_XM_034447097.1                                              1.2090312 1.2355007 1.0654770 1.3341026 1.1031793 1.0656493 1.2031711 0.0000000 0.9127452 1.0716569 1.2266527 1.3189148 1.1680687 1.4433317 1.2246249 1.3991718 1.4494898 1.2381672 1.5645976 1.2685570 1.3093587 1.4705843 1.4139428 1.5469932 1.4484912 1.4779941 1.7806317 1.4927927 2.1549096 1.8403609 2.2391403 1.8347333 2.3018303 1.7427046 1.8490816 1.8570754 1.6810314 1.8923276 1.8105688 1.7932484 1.7090542 1.6541450 2.2240034 2.1310206 2.0739366 1.7240102 1.9518583 1.9735346 2.1478379 3.9510759 3.7592608 2.5241718 3.4562885 4.3158378 3.3560269 
Acagra_model.g26193.t1                                           1.1909838 1.1611201 1.0669866 1.2777871 1.1290304 1.0232842 1.1182899 0.9127452 0.0000000 1.1168675 1.1596427 1.3221609 1.0476845 1.3844749 1.1132041 1.3761225 1.4029668 1.1940735 1.5536216 1.3168716 1.3447369 1.4988459 1.3791623 1.5563240 1.5039533 1.5371587 1.7425637 1.5144732 2.0018150 1.7622167 2.0832521 1.6501314 2.1907554 1.5800945 1.7264343 1.7880042 1.8265426 2.0142542 1.8436838 1.7990969 1.7369178 1.6436722 2.2851326 2.2000785 2.0854150 1.9728408 2.1959927 2.3244759 2.1878470 3.7911081 3.6509477 2.9326597 3.7802086 4.2683575 2.8783107 
Ctel_gnl_WGS_AMQN_CAPTEDRAFT_mRNA156082                          1.1362579 1.1154540 1.0109532 1.1837315 1.0430070 1.1012521 1.0731590 1.0716569 1.1168675 0.0000000 1.1548614 1.3637238 1.1284437 1.3904969 1.2418270 1.3148086 1.3432571 1.2589175 1.5212929 1.3378491 1.4165525 1.4668980 1.5844293 1.5017804 1.4743505 1.5023858 1.7057299 1.5179930 2.0728501 1.7693298 1.9835341 1.8619036 2.1849567 1.7904367 1.8410678 1.8727956 1.6429414 1.9014502 1.8874822 1.8467845 1.8119680 1.7014836 2.0705252 2.0198037 1.9225450 2.1638535 2.0906109 2.2595763 2.1270339 3.7967822 4.0293414 1.8385856 4.0923323 4.4290568 3.2502745 
Exapal_XM_021037066.2                                            1.1268698 1.1388126 0.7843597 1.1564416 1.2510172 1.2168133 1.2472156 1.2266527 1.1596427 1.1548614 0.0000000 0.4397814 0.4587595 0.5595076 0.4034161 0.6011918 0.6210171 0.4620603 0.7034412 0.8178157 0.8648409 0.9623522 0.7938150 0.9344165 0.8512265 0.8561955 1.0144808 0.7761881 2.1218243 1.7324941 2.1727807 1.1605465 1.7883111 1.3568139 1.6641416 1.6501156 1.5825707 1.6979848 1.5467205 1.5133922 1.4317716 1.2435240 2.0288277 2.0822695 1.9479406 4.1514232 1.8980740 1.9045329 2.0935827 3.9295238 3.6952472 2.6182779 3.9487677 4.3654714 3.0213541 
Nvec_v1g175881                                                   1.3213619 1.1390302 1.0417794 1.3000616 1.3553217 1.3779460 1.4846149 1.3189148 1.3221609 1.3637238 0.4397814 0.0000000 0.5461684 0.7028970 0.5519128 0.6573416 0.6908270 0.5744892 0.7649597 0.8684676 0.9397849 1.0522164 1.0197957 0.9616851 0.9615711 0.9600174 1.2305823 0.9230788 2.1479029 1.6998935 2.1938518 1.5718357 2.4369465 1.4735060 1.6661294 1.6304064 1.7999966 1.9390120 1.8216836 1.8168380 1.6907597 1.6122110 1.9790170 2.0175218 1.9346772 1.8792693 1.8735187 2.1672860 2.1693428 4.1849061 3.9577224 2.3080393 3.9577865 4.6903198 2.9063608 
Adig_XM_015897744.1                                              1.2068183 1.0001636 1.0472396 1.1151066 1.2018441 1.1796016 1.3988934 1.1680687 1.0476845 1.1284437 0.4587595 0.5461684 0.0000000 0.2371692 0.2084369 0.2582256 0.2522977 0.2334419 0.1099289 0.7468746 0.8322597 0.9746631 0.9862186 0.8860730 0.8323945 0.8180417 1.0371796 0.8684961 2.0682982 1.6148748 2.1193346 1.5832343 2.3430269 1.3701881 1.4786670 1.4769108 1.1270122 1.5125910 1.4387846 1.4121866 1.4475245 1.4163216 1.9852146 1.9388216 1.8283907 1.8531973 1.8569896 2.0021254 2.0857222 3.8097411 3.7778252 1.5295183 3.8864434 4.4638086 3.3449512 
Gfas_gfas1.m1.13439.m1                                           1.4166219 1.2375078 1.2278220 1.4066610 1.5380526 1.4478786 1.5046219 1.4433317 1.3844749 1.3904969 0.5595076 0.7028970 0.2371692 0.0000000 0.2116781 0.2854236 0.2993473 0.2236696 0.3773973 0.9630286 1.0484035 1.1670109 1.0992441 1.0596293 1.0652558 1.0172637 1.3863902 0.9792894 2.2455226 1.5923080 2.3005929 1.5430696 2.2609003 1.5404614 1.7844183 1.7014392 1.6866860 1.8999223 1.8317186 1.7863631 1.8008014 1.6790624 2.1567612 2.0929525 1.9968030 1.9023367 1.8339303 2.0757040 2.1159319 4.2315878 4.0964059 2.3278280 4.0083474 4.7067861 3.1083637 
Fspp_ffun1.m4.25326.m1                                           1.2600728 1.0274394 1.1622660 1.2833476 1.2085873 1.2055312 1.4947664 1.2246249 1.1132041 1.2418270 0.4034161 0.5519128 0.2084369 0.2116781 0.0000000 0.1520826 0.1500554 0.1172123 0.2937616 0.8394234 0.8538705 1.0105089 1.0201224 0.8433137 0.8163077 0.8021072 1.0420085 0.8915305 1.9878533 1.6626845 2.1425880 1.6030771 2.3788342 1.4690527 1.5188726 1.5626204 1.0560090 1.5332996 1.4730864 1.4658099 1.4878960 1.5011992 2.0525493 2.0210073 1.8805540 1.8196602 1.9378419 2.0340378 2.1394945 3.9971766 3.9445862 1.5295183 4.0031856 4.5372054 2.7140712 
Spis_XP_022795313_1                                              1.3073522 1.2126785 1.1232387 1.3881389 1.4614160 1.4042379 1.4686247 1.3991718 1.3761225 1.3148086 0.6011918 0.6573416 0.2582256 0.2854236 0.1520826 0.0000000 0.0680021 0.1651871 0.4254880 0.9144920 0.9876534 1.1040600 1.0624824 1.0191772 1.0088604 0.9828510 1.2839278 0.9622995 2.2031408 1.6400254 2.2478024 1.6342659 2.4008585 1.4812382 1.7592247 1.6949580 1.6576138 1.8068161 1.7438970 1.7132249 1.6374769 1.5788538 2.1182843 2.0984732 1.9545894 1.9407486 1.9538908 2.1528676 2.1600695 4.2210522 4.0285628 2.3374165 4.1054523 4.7622440 3.1109256 
Pocdam_XM_027185052.1                                            1.3378334 1.2515583 1.1489073 1.4070512 1.4833964 1.4503827 1.5190546 1.4494898 1.4029668 1.3432571 0.6210171 0.6908270 0.2522977 0.2993473 0.1500554 0.0680021 0.0000000 0.1723865 0.4245917 0.9504257 1.0043397 1.1375091 1.0953257 1.0549358 1.0292518 1.0008294 1.3182052 1.0069240 2.2231056 1.6340878 2.2588210 1.6013674 2.3918675 1.4592890 1.7612755 1.6855207 1.6950774 1.8841123 1.8178616 1.7973196 1.7345328 1.6523474 2.1528098 2.1615247 1.9786064 1.9556823 1.9875095 2.1859860 2.1739605 4.2196809 4.0553654 2.3553532 4.0560980 4.6807592 3.2404231 
Gasp_gasp1.m3.19816.m1                                           1.3620362 1.1216301 1.1812262 1.3527802 1.3126096 1.3060666 1.5151037 1.2381672 1.1940735 1.2589175 0.4620603 0.5744892 0.2334419 0.2236696 0.1172123 0.1651871 0.1723865 0.0000000 0.3402750 0.8356255 0.8990718 1.0189398 1.1544227 0.8611583 0.8983447 0.8769261 1.0585130 0.8708275 1.9948086 1.5316939 2.0598920 1.5821572 2.3138058 1.5348188 1.6237581 1.5668798 1.2947464 1.6501348 1.5935188 1.5833583 1.6229757 1.6245484 1.9671731 1.9544356 1.8948434 2.0164192 1.8255082 2.0568071 2.0018452 3.9982023 4.0863755 0.9373971 3.9694705 4.5937458 3.2616532 
Amil_Amillepora00749-RA                                          1.5973431 1.3778825 1.2017033 1.5275855 1.6170354 1.6049481 1.5707421 1.5645976 1.5536216 1.5212929 0.7034412 0.7649597 0.1099289 0.3773973 0.2937616 0.4254880 0.4245917 0.3402750 0.0000000 0.9706763 1.1299347 1.2104999 1.0903712 1.1685449 1.1502367 1.1351771 1.5359845 1.0446116 2.3565621 1.4751650 2.4298562 1.5843821 2.3622140 1.4538747 1.8483829 1.6653976 1.7526501 1.9439320 2.0335501 1.9791527 1.9446614 1.8079115 2.2418172 2.1439275 1.9876392 1.8383703 2.0627838 2.0593692 2.3184620 4.4211641 4.3244771 2.4661007 4.0794757 4.6781112 3.3939689 
Dgig_XM_028538927.1                                              1.5440124 1.1914195 1.0677387 1.3480396 1.4082247 1.2502752 1.4742792 1.2685570 1.3168716 1.3378491 0.8178157 0.8684676 0.7468746 0.9630286 0.8394234 0.9144920 0.9504257 0.8356255 0.9706763 0.0000000 0.3367037 1.0318379 1.0150847 0.9922015 1.0226190 1.0474294 1.1658154 1.0014596 2.3365521 1.6747475 2.4139072 1.5693075 2.3635809 1.4612874 1.6465054 1.6459517 1.6443151 1.8044225 1.7552493 1.7109049 1.5904162 1.5628565 2.1604060 2.0433633 1.9306003 1.9580809 1.9045912 2.0410590 2.1724543 4.4749195 4.3053820 1.8421563 4.1872051 4.3857630 3.0407542 
Xesp_008643-T1                                                   1.5250491 1.2186750 1.1149382 1.4699702 1.4471644 1.3589885 1.5536771 1.3093587 1.3447369 1.4165525 0.8648409 0.9397849 0.8322597 1.0484035 0.8538705 0.9876534 1.0043397 0.8990718 1.1299347 0.3367037 0.0000000 1.0744838 1.0858406 1.0132323 1.0375149 1.0613698 1.2280458 0.9806658 2.3843709 1.7338178 2.4156734 1.6212758 2.2573219 1.4731223 1.7198908 1.7099201 1.7366067 1.8979752 1.8239277 1.7993697 1.7637905 1.6729036 2.0985886 2.0513539 1.9361442 2.1447512 1.8902355 2.0353930 2.1444314 4.3665659 4.3658389 1.6498900 4.2476841 4.5756314 3.0376430 
Hvul_g28172_1                                                    1.5513143 1.3650588 1.1685180 1.4011269 1.4261269 1.4810999 1.5934620 1.4705843 1.4988459 1.4668980 0.9623522 1.0522164 0.9746631 1.1670109 1.0105089 1.1040600 1.1375091 1.0189398 1.2104999 1.0318379 1.0744838 0.0000000 0.7324747 0.7609860 0.7966194 0.7958994 0.8439219 0.7652371 2.2058634 1.8049570 2.2886069 1.7119330 2.5316978 1.6149983 1.8112650 1.8782229 1.8144081 1.9277481 1.8896946 1.8844199 1.8540800 1.8100756 2.1376373 2.1481618 2.0855617 2.1139518 2.0265733 2.3840651 2.1847476 4.1397117 4.0879176 1.8602742 4.3298463 4.4372905 2.9592100 
Chem_TCONS_00073320                                              1.6702474 1.3674887 1.3091170 1.3490826 1.4412805 1.4642989 1.6751202 1.4139428 1.3791623 1.5844293 0.7938150 1.0197957 0.9862186 1.0992441 1.0201224 1.0624824 1.0953257 1.1544227 1.0903712 1.0150847 1.0858406 0.7324747 0.0000000 0.8370076 0.8612518 0.8472696 0.8827783 0.8791111 2.0802066 1.9491744 2.1823354 1.7691057 2.4954122 1.7187380 1.7308245 1.8067439 1.4708323 1.7628791 1.6701481 1.7250421 1.6924052 1.6975690 2.2622283 2.2247763 2.1831343 1.7922430 2.0606797 2.3032366 2.3253804 4.2275426 4.1968385 1.3144850 4.4387391 4.5984056 2.5850352 
Aaur_scaffold4.g50.t2                                            1.5843674 1.2662842 1.2266511 1.3973904 1.5853036 1.4848493 1.5281524 1.5469932 1.5563240 1.5017804 0.9344165 0.9616851 0.8860730 1.0596293 0.8433137 1.0191772 1.0549358 0.8611583 1.1685449 0.9922015 1.0132323 0.7609860 0.8370076 0.0000000 0.2828025 0.2446871 0.4783716 0.6336754 2.4012908 2.1353906 2.1955157 1.5035654 2.2245139 1.3804512 1.6678478 1.6956340 1.8090749 1.9414546 1.7067856 1.6890544 1.6983666 1.6367519 2.0171241 2.0663231 1.9830491 1.8596338 1.8054830 2.5818037 1.9689666 3.9440789 3.7374559 1.9451537 4.1869271 4.6491909 2.8967512 
Nemnom_g10505.t1                                                 1.5042216 1.2816687 1.2337674 1.4360704 1.5159338 1.5509124 1.5808836 1.4484912 1.5039533 1.4743505 0.8512265 0.9615711 0.8323945 1.0652558 0.8163077 1.0088604 1.0292518 0.8983447 1.1502367 1.0226190 1.0375149 0.7966194 0.8612518 0.2828025 0.0000000 0.1332515 0.5222561 0.6293827 2.2329509 1.6623082 2.2230292 1.6362376 2.3370359 1.4194927 1.6554921 1.6799028 1.8525206 1.9783818 1.8352154 1.7983828 1.7964555 1.7468913 1.9867284 2.0641798 1.9699231 2.0616962 1.9273362 2.2154729 2.0318480 4.1049691 3.9481907 2.0159365 4.3737472 4.8545649 2.6493022 
Rhoesc_Res_015078-T1                                             1.5071837 1.2493139 1.2382091 1.4384946 1.5298690 1.5460285 1.5676585 1.4779941 1.5371587 1.5023858 0.8561955 0.9600174 0.8180417 1.0172637 0.8021072 0.9828510 1.0008294 0.8769261 1.1351771 1.0474294 1.0613698 0.7958994 0.8472696 0.2446871 0.1332515 0.0000000 0.5207218 0.6360264 2.2513987 1.6460938 2.2655190 1.6708617 2.3535890 1.4726799 1.6787056 1.6950985 1.8278208 1.9576072 1.8110109 1.8005372 1.7709611 1.7032937 2.0255215 2.1129947 2.0564385 2.0006106 1.9464268 2.2866744 2.0124670 4.0073343 3.9131438 2.0358553 4.3836534 4.8077597 2.6078870 
Sanmal_Sma_021714-T1                                             1.7286003 1.5013693 1.3144375 1.6598105 1.8112130 1.7256708 1.7950988 1.7806317 1.7425637 1.7057299 1.0144808 1.2305823 1.0371796 1.3863902 1.0420085 1.2839278 1.3182052 1.0585130 1.5359845 1.1658154 1.2280458 0.8439219 0.8827783 0.4783716 0.5222561 0.5207218 0.0000000 0.7703739 2.4739195 1.7909202 2.4010733 1.8858124 2.4058404 1.8982053 2.1660618 2.1369649 1.8977939 2.1318263 1.9953792 1.9510938 1.9124672 1.8189911 2.4459814 2.4943871 2.3422755 3.1159136 2.2478848 2.8688577 2.4163458 4.2982564 4.1934599 4.7640313 4.5625854 4.8221651 2.7235249 
Morvir_scaffold1.g76.t1                                          1.5689218 1.2096073 1.2323305 1.4258081 1.5748077 1.5497350 1.7050027 1.4927927 1.5144732 1.5179930 0.7761881 0.9230788 0.8684961 0.9792894 0.8915305 0.9622995 1.0069240 0.8708275 1.0446116 1.0014596 0.9806658 0.7652371 0.8791111 0.6336754 0.6293827 0.6360264 0.7703739 0.0000000 2.2087634 2.0093924 2.2549444 1.7387222 2.3503841 1.6011165 1.6835767 1.6999680 1.9601509 2.0005619 1.9317362 1.9086832 1.8707107 1.8460328 2.1083770 2.1728526 2.1126068 1.9394151 2.0075997 2.3007488 2.0987805 4.2312194 4.1122265 1.8485311 4.3753961 5.1389595 3.0246975 
Scil_scict004972.1                                               1.9593580 1.9656532 1.9413795 2.0681662 2.0789574 2.2203002 2.3045431 2.1549096 2.0018150 2.0728501 2.1218243 2.1479029 2.0682982 2.2455226 1.9878533 2.2031408 2.2231056 1.9948086 2.3565621 2.3365521 2.3843709 2.2058634 2.0802066 2.4012908 2.2329509 2.2513987 2.4739195 2.2087634 0.0000000 0.4492429 0.7668607 1.1882056 0.8359020 2.2371081 2.2995550 2.2469526 2.1180644 2.4886594 2.3302991 2.2771836 2.2930425 2.2316454 2.2689376 2.3507680 2.3314104 2.4568850 2.2818968 2.6134964 2.4249777 4.1878014 4.1202301 3.1427535 4.9987900 4.5524666 2.9830844 
Lcom_lcpid191903                                                 1.6273296 1.6755214 1.7084746 1.7513227 1.5703041 1.8714668 1.9358747 1.8403609 1.7622167 1.7693298 1.7324941 1.6998935 1.6148748 1.5923080 1.6626845 1.6400254 1.6340878 1.5316939 1.4751650 1.6747475 1.7338178 1.8049570 1.9491744 2.1353906 1.6623082 1.6460938 1.7909202 2.0093924 0.4492429 0.0000000 0.5042158 1.0638540 0.7715223 1.4762015 1.4762015 1.9084071 1.4645501 2.0028328 1.9566930 1.9535641 1.9235007 1.9348947 2.2506526 2.1520944 2.0134148 8.9999984 2.1064696 2.2011751 2.0527663 3.0597029 3.0635439 0.9625235 4.1547561 3.3713053 1.5513579 
Gracom_Gcom_scaffold15507_01                                     2.1147872 2.0504718 2.0035048 2.0788839 2.1710632 2.2230645 2.1848690 2.2391403 2.0832521 1.9835341 2.1727807 2.1938518 2.1193346 2.3005929 2.1425880 2.2478024 2.2588210 2.0598920 2.4298562 2.4139072 2.4156734 2.2886069 2.1823354 2.1955157 2.2230292 2.2655190 2.4010733 2.2549444 0.7668607 0.5042158 0.0000000 1.2332567 0.8614000 2.1523655 2.3400543 2.2170641 2.5122511 2.7629315 2.6793228 2.6000716 2.4770828 2.4033194 2.1949170 2.1917697 2.1337429 2.4032030 2.3023796 2.4611273 2.3595093 3.9939961 4.0013823 2.4914396 5.1167367 4.5213802 3.1366250 
Clacor_Ccor_scaffold15252_01                                     1.8936060 1.5307450 1.6992630 1.7089001 1.6805323 1.7426403 1.7911546 1.8347333 1.6501314 1.8619036 1.1605465 1.5718357 1.5832343 1.5430696 1.6030771 1.6342659 1.6013674 1.5821572 1.5843821 1.5693075 1.6212758 1.7119330 1.7691057 1.5035654 1.6362376 1.6708617 1.8858124 1.7387222 1.1882056 1.0638540 1.2332567 0.0000000 1.4577819 1.7722807 1.7699823 1.7594792 1.5760490 1.9128565 1.9705016 1.9612708 1.9573745 2.0571876 1.8471090 1.9101882 1.7968367 1.7424082 1.9253858 2.0565658 2.2042714 4.4892667 4.4019508 1.4596554 4.1159464 3.8620571 1.0659642 
Leuniv_Lniv_scaffold21403_01                                     2.3786542 2.2390437 2.3330693 2.3622770 2.2360657 2.5091461 2.4942666 2.3018303 2.1907554 2.1849567 1.7883111 2.4369465 2.3430269 2.2609003 2.3788342 2.4008585 2.3918675 2.3138058 2.3622140 2.3635809 2.2573219 2.5316978 2.4954122 2.2245139 2.3370359 2.3535890 2.4058404 2.3503841 0.8359020 0.7715223 0.8614000 1.4577819 0.0000000 2.6265144 2.6265144 2.6530525 2.0055075 2.6404915 2.7265524 2.6925637 2.7945880 2.7527469 2.6701361 2.7205154 2.4486117 2.5585020 2.8703511 2.6804325 2.6934423 5.8890873 5.7877674 3.7141954 5.5654502 4.8069879 0.0000010 
Ocar_g2258                                                       1.8424074 1.6102108 1.6900213 1.7635327 1.7122995 1.6901813 2.0504302 1.7427046 1.5800945 1.7904367 1.3568139 1.4735060 1.3701881 1.5404614 1.4690527 1.4812382 1.4592890 1.5348188 1.4538747 1.4612874 1.4731223 1.6149983 1.7187380 1.3804512 1.4194927 1.4726799 1.8982053 1.6011165 2.2371081 1.4762015 2.1523655 1.7722807 2.6265144 0.0000000 0.0000010 0.7742627 1.3816940 1.9973760 1.9921288 1.9820220 1.9319362 2.0680368 1.8975734 1.9426823 1.8167026 1.9029799 1.9309192 2.1042763 2.0454190 4.0567754 4.0468598 1.4732749 3.9707936 4.0944730 2.6333808 
Opea_EP00118_Oscarella_pearsei_P000023                           1.8577388 1.6213669 1.7434650 1.7312696 1.8936178 1.7923153 1.9830387 1.8490816 1.7264343 1.8410678 1.6641416 1.6661294 1.4786670 1.7844183 1.5188726 1.7592247 1.7612755 1.6237581 1.8483829 1.6465054 1.7198908 1.8112650 1.7308245 1.6678478 1.6554921 1.6787056 2.1660618 1.6835767 2.2995550 1.4762015 2.3400543 1.7699823 2.6265144 0.0000010 0.0000000 0.8618816 2.0827544 2.3000442 2.1751810 2.1748274 2.0633520 2.0835681 1.9715811 1.9883099 1.8778196 1.9029799 1.8289582 2.1042763 2.0059513 4.0425140 3.9982416 1.9976477 4.1668953 4.4212875 2.9070432 
Plajan_Pjan_scaffold22989_01                                     1.7355090 1.5530344 1.6460589 1.6779843 1.7901772 1.6624006 1.7769629 1.8570754 1.7880042 1.8727956 1.6501156 1.6304064 1.4769108 1.7014392 1.5626204 1.6949580 1.6855207 1.5668798 1.6653976 1.6459517 1.7099201 1.8782229 1.8067439 1.6956340 1.6799028 1.6950985 2.1369649 1.6999680 2.2469526 1.9084071 2.2170641 1.7594792 2.6530525 0.7742627 0.8618816 0.0000000 1.9880502 2.1072442 2.1156096 2.1049046 2.0099132 2.0383351 2.0508726 2.0032265 1.9677105 1.8540057 1.8994811 2.0327081 2.0645591 4.2443786 4.1583969 1.7839047 4.4104942 4.8889296 3.4449468 
Tadh_TriadT53341                                                 1.7214876 1.7837700 1.2823215 1.7010748 1.7365444 1.7151813 1.5360540 1.6810314 1.8265426 1.6429414 1.5825707 1.7999966 1.1270122 1.6866860 1.0560090 1.6576138 1.6950774 1.2947464 1.7526501 1.6443151 1.7366067 1.8144081 1.4708323 1.8090749 1.8525206 1.8278208 1.8977939 1.9601509 2.1180644 1.4645501 2.5122511 1.5760490 2.0055075 1.3816940 2.0827544 1.9880502 0.0000000 0.0335990 0.3857722 0.3418582 0.3106142 0.3005429 2.0980075 2.2173216 2.0449022 1.8535991 1.8922734 1.7787621 2.2018351 4.7012212 4.6839880 3.5165527 4.5349019 4.2816570 2.1724282 
TrH2_TrispH2_004109-RA                                           1.8811015 1.8650795 1.6174067 1.8288465 1.9174569 1.8042666 1.8348712 1.8923276 2.0142542 1.9014502 1.6979848 1.9390120 1.5125910 1.8999223 1.5332996 1.8068161 1.8841123 1.6501348 1.9439320 1.8044225 1.8979752 1.9277481 1.7628791 1.9414546 1.9783818 1.9576072 2.1318263 2.0005619 2.4886594 2.0028328 2.7629315 1.9128565 2.6404915 1.9973760 2.3000442 2.1072442 0.0335990 0.0000000 0.3329514 0.3215719 0.2825444 0.2777391 2.3871833 2.5192827 2.3579133 1.9403200 2.3619647 2.3217642 2.6338912 4.5295466 4.4548832 3.5165527 4.7028969 4.5498451 3.0553533 
HoiH06_mRNA3666                                                  1.8546404 1.8078154 1.6395102 1.8279198 1.8388184 1.7381793 1.7300679 1.8105688 1.8436838 1.8874822 1.5467205 1.8216836 1.4387846 1.8317186 1.4730864 1.7438970 1.8178616 1.5935188 2.0335501 1.7552493 1.8239277 1.8896946 1.6701481 1.7067856 1.8352154 1.8110109 1.9953792 1.9317362 2.3302991 1.9566930 2.6793228 1.9705016 2.7265524 1.9921288 2.1751810 2.1156096 0.3857722 0.3329514 0.0000000 0.0468536 0.1174888 0.1483685 2.2296418 2.3263472 2.2049329 2.2942722 2.0957350 2.4076464 2.4355883 4.6860565 4.4685197 2.9894799 4.4791174 4.7119128 2.8609394 
HoiH23_PlH23_005340-RA                                           1.8662366 1.7791563 1.6418647 1.8048738 1.8223280 1.7116756 1.7092251 1.7932484 1.7990969 1.8467845 1.5133922 1.8168380 1.4121866 1.7863631 1.4658099 1.7132249 1.7973196 1.5833583 1.9791527 1.7109049 1.7993697 1.8844199 1.7250421 1.6890544 1.7983828 1.8005372 1.9510938 1.9086832 2.2771836 1.9535641 2.6000716 1.9612708 2.6925637 1.9820220 2.1748274 2.1049046 0.3418582 0.3215719 0.0468536 0.0000000 0.1061994 0.1381039 2.2297842 2.3272004 2.2049778 2.3847840 2.1109836 2.3532879 2.4273551 4.5818787 4.3936483 2.9047184 4.3681633 4.5333023 2.8015557 
HoiH04_mRNA9024                                                  1.7991268 1.6572694 1.5859927 1.6871736 1.7414699 1.6703247 1.7080820 1.7090542 1.7369178 1.8119680 1.4317716 1.6907597 1.4475245 1.8008014 1.4878960 1.6374769 1.7345328 1.6229757 1.9446614 1.5904162 1.7637905 1.8540800 1.6924052 1.6983666 1.7964555 1.7709611 1.9124672 1.8707107 2.2930425 1.9235007 2.4770828 1.9573745 2.7945880 1.9319362 2.0633520 2.0099132 0.3106142 0.2825444 0.1174888 0.1061994 0.0000000 0.1397304 2.1558848 2.2759814 2.1597926 2.3606528 2.0975678 2.3942467 2.3834506 4.3282484 4.3472444 2.2606635 4.6284883 4.6620512 2.8018928 
HoiH11_mRNA6771                                                  1.7359006 1.6175344 1.6054753 1.6080728 1.6897252 1.5836965 1.6976993 1.6541450 1.6436722 1.7014836 1.2435240 1.6122110 1.4163216 1.6790624 1.5011992 1.5788538 1.6523474 1.6245484 1.8079115 1.5628565 1.6729036 1.8100756 1.6975690 1.6367519 1.7468913 1.7032937 1.8189911 1.8460328 2.2316454 1.9348947 2.4033194 2.0571876 2.7527469 2.0680368 2.0835681 2.0383351 0.3005429 0.2777391 0.1483685 0.1381039 0.1397304 0.0000000 2.2067007 2.2448412 2.1757756 2.3953963 2.1382573 2.4364999 2.3524048 4.3645360 4.3643658 1.8748884 4.6351737 4.7243145 2.7332789 
Aque_Aqu2.1.36832_001                                            1.9842066 2.0500949 2.1060878 1.9843562 2.0817746 2.1434116 1.9807826 2.2240034 2.2851326 2.0705252 2.0288277 1.9790170 1.9852146 2.1567612 2.0525493 2.1182843 2.1528098 1.9671731 2.2418172 2.1604060 2.0985886 2.1376373 2.2622283 2.0171241 1.9867284 2.0255215 2.4459814 2.1083770 2.2689376 2.2506526 2.1949170 1.8471090 2.6701361 1.8975734 1.9715811 2.0508726 2.0980075 2.3871833 2.2296418 2.2297842 2.1558848 2.2067007 0.0000000 0.2842217 0.4213806 0.8360146 0.9600199 1.0026966 1.3686369 4.5682478 4.3621985 1.8470685 4.6839534 5.3185178 4.3652846 
Halamb_c39013_g1_i3mm.647                                        2.1085904 2.0362620 2.0101941 1.8678439 2.1647625 2.0720106 1.9343750 2.1310206 2.2000785 2.0198037 2.0822695 2.0175218 1.9388216 2.0929525 2.0210073 2.0984732 2.1615247 1.9544356 2.1439275 2.0433633 2.0513539 2.1481618 2.2247763 2.0663231 2.0641798 2.1129947 2.4943871 2.1728526 2.3507680 2.1520944 2.1917697 1.9101882 2.7205154 1.9426823 1.9883099 2.0032265 2.2173216 2.5192827 2.3263472 2.3272004 2.2759814 2.2448412 0.2842217 0.0000000 0.3212331 0.7430322 0.9602518 1.0090781 1.3870702 4.3473711 4.2980046 1.7628392 4.6021684 4.9781265 4.1773524 
Xestes_maker-XT_scaffold1827-snap-gene-0.38-mRNA-1               2.0166947 1.9841415 2.0075291 1.8600685 2.0797374 2.1566292 2.0211863 2.0739366 2.0854150 1.9225450 1.9479406 1.9346772 1.8283907 1.9968030 1.8805540 1.9545894 1.9786064 1.8948434 1.9876392 1.9306003 1.9361442 2.0855617 2.1831343 1.9830491 1.9699231 2.0564385 2.3422755 2.1126068 2.3314104 2.0134148 2.1337429 1.7968367 2.4486117 1.8167026 1.8778196 1.9677105 2.0449022 2.3579133 2.2049329 2.2049778 2.1597926 2.1757756 0.4213806 0.3212331 0.0000000 0.5948496 0.8923161 0.9043256 1.3019637 4.2657164 4.2513818 1.4635335 4.5912181 4.9488456 4.3386081 
Stycar_augustus_masked-SC_scaffold4153-processed-gene-0.2-mRNA-1 1.8911533 1.6978793 1.7813016 1.8152980 1.7679568 1.9407473 1.8267383 1.7240102 1.9728408 2.1638535 4.1514232 1.8792693 1.8531973 1.9023367 1.8196602 1.9407486 1.9556823 2.0164192 1.8383703 1.9580809 2.1447512 2.1139518 1.7922430 1.8596338 2.0616962 2.0006106 3.1159136 1.9394151 2.4568850 8.9999984 2.4032030 1.7424082 2.5585020 1.9029799 1.9029799 1.8540057 1.8535991 1.9403200 2.2942722 2.3847840 2.3606528 2.3953963 0.8360146 0.7430322 0.5948496 0.0000000 0.6792751 0.5997275 1.4406034 4.9221588 4.6426289 2.2868018 4.2872575 5.2688549 9.0000000 
Emue_Em0016g1174a.t1                                             1.9582115 1.9950174 2.0661870 1.9757550 2.0470462 2.0825276 2.2549174 1.9518583 2.1959927 2.0906109 1.8980740 1.8735187 1.8569896 1.8339303 1.9378419 1.9538908 1.9875095 1.8255082 2.0627838 1.9045912 1.8902355 2.0265733 2.0606797 1.8054830 1.9273362 1.9464268 2.2478848 2.0075997 2.2818968 2.1064696 2.3023796 1.9253858 2.8703511 1.9309192 1.8289582 1.8994811 1.8922734 2.3619647 2.0957350 2.1109836 2.0975678 2.1382573 0.9600199 0.9602518 0.8923161 0.6792751 0.0000000 0.1810571 1.2117242 4.4008641 4.2981640 1.3792965 4.7946018 5.0997843 3.6066923 
Spolac_c102947_g3_i2_m.31768c102947-g1                           2.3856556 2.1615630 2.2823654 2.3727223 2.1585429 2.1655243 2.3370870 1.9735346 2.3244759 2.2595763 1.9045329 2.1672860 2.0021254 2.0757040 2.0340378 2.1528676 2.1859860 2.0568071 2.0593692 2.0410590 2.0353930 2.3840651 2.3032366 2.5818037 2.2154729 2.2866744 2.8688577 2.3007488 2.6134964 2.2011751 2.4611273 2.0565658 2.6804325 2.1042763 2.1042763 2.0327081 1.7787621 2.3217642 2.4076464 2.3532879 2.3942467 2.4364999 1.0026966 1.0090781 0.9043256 0.5997275 0.1810571 0.0000000 1.3614870 4.7730333 4.4913408 1.4545695 4.6011646 5.4004195 0.0000010 
Plespi_Pspi_scaffold16329_01                                     2.1031249 2.0044818 2.2199281 2.0402113 2.1684347 2.1263285 2.2064602 2.1478379 2.1878470 2.1270339 2.0935827 2.1693428 2.0857222 2.1159319 2.1394945 2.1600695 2.1739605 2.0018452 2.3184620 2.1724543 2.1444314 2.1847476 2.3253804 1.9689666 2.0318480 2.0124670 2.4163458 2.0987805 2.4249777 2.0527663 2.3595093 2.2042714 2.6934423 2.0454190 2.0059513 2.0645591 2.2018351 2.6338912 2.4355883 2.4273551 2.3834506 2.3524048 1.3686369 1.3870702 1.3019637 1.4406034 1.2117242 1.3614870 0.0000000 4.1353718 4.1603624 1.3427611 4.7392257 4.8172565 3.0678927 
Pbac_sb2638858                                                   4.0403150 3.8176524 3.9852640 4.0436178 3.7661421 4.3473247 4.1927889 3.9510759 3.7911081 3.7967822 3.9295238 4.1849061 3.8097411 4.2315878 3.9971766 4.2210522 4.2196809 3.9982023 4.4211641 4.4749195 4.3665659 4.1397117 4.2275426 3.9440789 4.1049691 4.0073343 4.2982564 4.2312194 4.1878014 3.0597029 3.9939961 4.4892667 5.8890873 4.0567754 4.0425140 4.2443786 4.7012212 4.5295466 4.6860565 4.5818787 4.3282484 4.3645360 4.5682478 4.3473711 4.2657164 4.9221588 4.4008641 4.7730333 4.1353718 0.0000000 0.0812854 3.8466237 2.0166249 2.3239067 2.1093626 
Horcal_Hcv1.av93.c1.g1463.i1                                     4.0766971 3.9671031 3.9525332 3.8828691 3.5334261 4.3085721 4.2615659 3.7592608 3.6509477 4.0293414 3.6952472 3.9577224 3.7778252 4.0964059 3.9445862 4.0285628 4.0553654 4.0863755 4.3244771 4.3053820 4.3658389 4.0879176 4.1968385 3.7374559 3.9481907 3.9131438 4.1934599 4.1122265 4.1202301 3.0635439 4.0013823 4.4019508 5.7877674 4.0468598 3.9982416 4.1583969 4.6839880 4.4548832 4.4685197 4.3936483 4.3472444 4.3643658 4.3621985 4.2980046 4.2513818 4.6426289 4.2981640 4.4913408 4.1603624 0.0812854 0.0000000 2.9397963 1.9862104 2.1637746 2.1236615 
Tetwil_g13794.t1                                                 2.1639130 2.1315403 1.1236467 2.3908107 2.7199076 2.1714430 1.3844933 2.5241718 2.9326597 1.8385856 2.6182779 2.3080393 1.5295183 2.3278280 1.5295183 2.3374165 2.3553532 0.9373971 2.4661007 1.8421563 1.6498900 1.8602742 1.3144850 1.9451537 2.0159365 2.0358553 4.7640313 1.8485311 3.1427535 0.9625235 2.4914396 1.4596554 3.7141954 1.4732749 1.9976477 1.7839047 3.5165527 3.5165527 2.9894799 2.9047184 2.2606635 1.8748884 1.8470685 1.7628392 1.4635335 2.2868018 1.3792965 1.4545695 1.3427611 3.8466237 2.9397963 0.0000000 1.1166120 4.1523774 0.0000010 
Vmul_sbMO417088                                                  4.0905072 3.9575126 4.1949395 3.5158251 3.7610249 3.7743528 3.6271972 3.4562885 3.7802086 4.0923323 3.9487677 3.9577865 3.8864434 4.0083474 4.0031856 4.1054523 4.0560980 3.9694705 4.0794757 4.1872051 4.2476841 4.3298463 4.4387391 4.1869271 4.3737472 4.3836534 4.5625854 4.3753961 4.9987900 4.1547561 5.1167367 4.1159464 5.5654502 3.9707936 4.1668953 4.4104942 4.5349019 4.7028969 4.4791174 4.3681633 4.6284883 4.6351737 4.6839534 4.6021684 4.5912181 4.2872575 4.7946018 4.6011646 4.7392257 2.0166249 1.9862104 1.1166120 0.0000000 1.0643951 1.9655017 
Coemet_Cmet_scaffold21411_01                                     4.7652842 4.4960878 4.1533720 4.0220758 4.3157971 4.5875525 4.2209904 4.3158378 4.2683575 4.4290568 4.3654714 4.6903198 4.4638086 4.7067861 4.5372054 4.7622440 4.6807592 4.5937458 4.6781112 4.3857630 4.5756314 4.4372905 4.5984056 4.6491909 4.8545649 4.8077597 4.8221651 5.1389595 4.5524666 3.3713053 4.5213802 3.8620571 4.8069879 4.0944730 4.4212875 4.8889296 4.2816570 4.5498451 4.7119128 4.5333023 4.6620512 4.7243145 5.3185178 4.9781265 4.9488456 5.2688549 5.0997843 5.4004195 4.8172565 2.3239067 2.1637746 4.1523774 1.0643951 0.0000000 1.8446405 
Lampan_Lpan_C393737_01                                           3.0274161 3.0298621 2.7740600 2.5995787 3.3714547 3.0196136 2.9892391 3.3560269 2.8783107 3.2502745 3.0213541 2.9063608 3.3449512 3.1083637 2.7140712 3.1109256 3.2404231 3.2616532 3.3939689 3.0407542 3.0376430 2.9592100 2.5850352 2.8967512 2.6493022 2.6078870 2.7235249 3.0246975 2.9830844 1.5513579 3.1366250 1.0659642 0.0000010 2.6333808 2.9070432 3.4449468 2.1724282 3.0553533 2.8609394 2.8015557 2.8018928 2.7332789 4.3652846 4.1773524 4.3386081 9.0000000 3.6066923 0.0000010 3.0678927 2.1093626 2.1236615 0.0000010 1.9655017 1.8446405 0.0000000 
