57
Hsap_ENST00000185150                                   0.0000000 1.3488593 1.3808347 1.8906323 1.7437918 1.8152654 1.6145498 1.6858469 1.9327518 1.5821937 2.7575630 2.2541628 2.0508186 2.3142768 1.9062086 2.1877553 2.1080484 2.1595397 2.2844833 1.7501878 1.4947376 2.0500035 1.9275123 1.9592380 2.2956721 2.3221639 2.5297602 2.6441055 2.4983476 2.2797337 2.4627999 2.5502149 2.5330145 2.5098801 2.2954077 2.9564531 2.7881001 2.7555040 2.6059246 2.8797027 2.6394510 3.6848971 2.5890277 3.6335948 2.9101961 2.8973753 2.8277111 3.0634951 2.4780901 3.3360808 2.7277742 2.6866374 2.7560583 3.1543535 3.1810843 2.3560566 2.9262594 
Bralan_BLAG04001636_1                                  1.3488593 0.0000000 1.3513387 1.9615595 1.8464226 1.8144543 1.7013470 1.8314009 1.9148550 1.5392788 3.0281640 2.3779585 2.1266317 2.3644428 2.2145141 2.4293406 2.0545638 2.1596192 2.2542637 1.8315751 1.5753367 2.0842204 2.1111668 2.2019439 2.2952346 2.4073227 2.7571119 2.6436933 2.4824553 2.1719163 2.2865826 2.3195532 2.3147942 2.2958385 2.2206204 2.7905357 2.7019604 2.6971107 2.6814250 2.8864769 2.5745406 3.9562240 2.6205008 3.5153074 3.1045363 3.2013084 2.9944131 3.2080458 3.0296472 3.4905566 2.6882774 2.7409347 2.7226417 3.1954368 2.8809873 2.2866329 3.1791002 
Skow_XM_006825705.1                                    1.3808347 1.3513387 0.0000000 1.5770695 1.7672513 1.7143676 1.4727689 1.4360709 1.8591990 1.4541218 3.6723014 2.3864157 2.1620257 2.2065400 1.9875941 2.2632160 1.9984534 2.1337131 1.9888742 1.7324750 1.4452273 1.9316218 1.8682764 1.8582367 1.9865476 2.2008228 2.5280435 2.4404686 2.3070266 2.0731838 2.2325311 2.3661779 2.3805342 2.1798717 2.0448428 2.7104927 2.6031559 2.6752798 2.4523037 2.6206452 2.5461065 3.4049453 2.3249880 3.5448087 2.8733832 2.7772866 2.8725430 3.1265614 2.7091027 3.4148749 2.9339908 2.8959548 2.6532679 3.0245073 2.9640753 2.0954933 2.8488278 
Cgig_XM_011448453.3                                    1.8906323 1.9615595 1.5770695 0.0000000 2.0543439 1.9423174 1.7779188 1.8033285 2.1286524 1.8417681 3.1044367 2.3483130 2.2752388 2.4634367 2.1534715 2.3820998 2.3567288 2.5789306 2.4447852 2.1170654 1.5043699 2.1519405 2.2003304 2.2627892 2.2729063 2.3964387 2.6794355 2.6531058 2.3571832 2.1896971 2.2286895 2.1944524 2.1791111 2.2531738 2.2404430 3.0233163 2.7275789 2.9261431 2.7213094 2.7909829 2.7649105 3.4697285 2.7771192 3.7768707 3.2150477 3.2008967 2.9633337 3.1659539 2.9194497 3.5595744 3.1963898 3.2421466 3.1963211 3.4025566 3.3136209 2.4954045 3.5463765 
Tcas_TC000223_001                                      1.7437918 1.8464226 1.7672513 2.0543439 0.0000000 1.3441069 1.6165857 1.9914684 2.1435514 1.9862224 3.6173540 2.3629866 2.3583263 2.3839590 2.1028484 2.3469028 2.5391259 2.5990228 2.2052615 2.1775598 1.7053379 2.0294239 2.2790603 2.1775558 2.6392309 2.5185114 2.9387752 2.6037589 2.4740888 2.2596274 2.3910721 2.3011879 2.2961895 2.3671584 2.1672611 3.1311758 2.9828974 3.1908099 3.1370855 3.4965437 3.0908133 3.5332960 2.7217298 3.9572586 3.3243028 3.4508435 3.0489624 2.8097443 3.0006231 3.5678998 3.2629656 3.0685075 3.2603716 3.0519319 2.8765489 2.3322340 3.3851744 
Dpul_mRNA29346                                         1.8152654 1.8144543 1.7143676 1.9423174 1.3441069 0.0000000 1.4629190 2.0269710 2.1490618 1.8835688 3.0470666 2.5294616 2.3129689 2.3011321 2.0668823 2.4696864 2.3514547 2.5243565 2.3248112 2.2357789 1.7791375 2.0862543 2.3226901 2.1705284 2.5391010 2.6393740 2.9950570 2.9691787 2.7357628 2.4700880 2.6085845 2.6313404 2.6255663 2.5704208 2.2018641 3.2640493 2.9219506 3.3339177 2.8958306 3.1125674 2.9491224 3.6727248 2.6551466 3.7987157 3.2457300 3.3819855 3.0760158 3.3862661 3.0167669 3.4644948 3.1454967 3.0227400 3.2953866 3.7265479 3.4508725 2.6218855 3.0106553 
Cscu_XM_023373735.1                                    1.6145498 1.7013470 1.4727689 1.7779188 1.6165857 1.4629190 0.0000000 1.8433277 1.9374804 1.7612991 2.8258474 1.7615614 1.8043026 1.8304747 1.6876395 1.9381670 1.8700250 1.9442626 1.8831771 1.8941721 1.5669412 2.0115256 1.8682581 2.0124135 2.6180362 2.5595634 2.1947319 2.3336134 2.1334050 2.0472423 2.0359161 2.0470849 2.0303864 1.8921478 2.4666584 2.7075428 2.6088327 2.8354838 2.4719819 2.6094889 2.6691968 3.2631020 2.1070665 3.7634994 3.1436038 2.8619872 2.7879737 2.7846067 2.7439767 3.3251495 2.9439129 2.6840620 2.8790262 3.0027623 3.0123398 2.0547472 2.9708078 
Spur_XM_030999063.1                                    1.6858469 1.8314009 1.4360709 1.8033285 1.9914684 2.0269710 1.8433277 0.0000000 1.7852305 1.5382273 2.7408139 2.3235530 2.1503504 2.1228063 1.9640211 2.0770949 2.1078875 2.0309181 2.4252349 2.0754131 1.4458692 2.0968507 2.0562344 2.0045092 2.2772295 2.2623649 2.7614197 2.3041032 2.1490580 2.0386059 2.0089646 2.0180957 2.0095921 2.0027781 2.2960888 2.5937950 2.5588799 2.5174720 2.5184618 2.5682194 2.3917614 3.0303593 2.2079286 3.3190978 2.9901504 2.8205581 3.0978295 3.1363232 2.6037288 3.2609026 2.8774323 3.1136904 2.6223131 2.8829000 3.0179340 2.6566324 2.4696890 
Exapal_XM_021043047.1                                  1.9327518 1.9148550 1.8591990 2.1286524 2.1435514 2.1490618 1.9374804 1.7852305 0.0000000 0.6551191 1.8573657 1.5898907 1.3518980 1.4619599 1.2494034 1.5849686 1.5664473 1.5933646 1.6665698 1.9848505 1.5373683 1.9211405 1.9936184 1.8478480 2.1342031 2.1838584 2.4068373 2.6521447 2.5050194 2.4024862 2.3805534 2.4748268 2.4806569 2.3610149 2.3708947 3.0677027 2.6848068 2.5976457 2.5848714 2.8709564 2.4598715 3.2918395 2.6438310 2.7727793 2.7323124 2.7452711 2.9145412 2.7945740 2.7004294 3.0033393 2.8435146 2.8296743 2.4294891 3.0746148 3.0101871 2.5016699 2.7132468 
Nvec_v1g99617                                          1.5821937 1.5392788 1.4541218 1.8417681 1.9862224 1.8835688 1.7612991 1.5382273 0.6551191 0.0000000 1.9086773 1.2411611 1.1795648 1.2394829 0.9859284 1.4546405 1.3420937 1.2834657 1.7535220 1.5985518 1.4923292 1.7067473 1.8464911 1.6730581 2.0562368 2.0301507 1.9489584 2.5701171 2.4166113 2.4137491 2.3212712 2.5105006 2.5028878 2.4747419 2.3991860 2.4962789 2.4874579 2.3976424 2.0190114 2.1964937 2.1214142 2.9907730 2.3813691 3.7711326 2.8683239 2.5855912 2.8554105 2.7641508 2.6477249 3.4151903 2.8342640 2.8628493 2.2552179 2.6356144 2.8597835 1.9369646 2.6241834 
Adig_XM_015908135.1                                    2.7575630 3.0281640 3.6723014 3.1044367 3.6173540 3.0470666 2.8258474 2.7408139 1.8573657 1.9086773 0.0000000 0.0405262 0.7140630 1.2135668 0.7608232 1.0075393 2.5658446 2.3095472 3.3446150 2.4632578 2.9660541 2.9567085 2.9783815 3.1867331 3.4245941 3.2507245 2.9962306 5.4270057 3.9279870 3.7105767 3.6562716 3.7370113 3.7370113 3.7009646 3.0625685 4.1356134 4.4942193 3.2871989 3.0077775 3.0286614 3.3076854 7.0023301 3.6047653 7.7178315 4.3209969 3.2664948 3.2935509 3.1782237 3.5524512 6.4214405 4.0000239 3.5122640 4.3499025 3.5162482 3.3974458 1.7793689 5.0341675 
Amil_Amillepora27845-RA                                2.2541628 2.3779585 2.3864157 2.3483130 2.3629866 2.5294616 1.7615614 2.3235530 1.5898907 1.2411611 0.0405262 0.0000000 0.4966402 0.7095801 0.6349880 0.8090824 1.8586000 1.8459050 2.0927686 2.0181223 1.7913464 2.1153051 2.3015533 2.1017026 2.2402683 2.2396035 2.7013221 2.7521706 2.4513590 2.2554101 2.3652579 2.3363847 2.3363847 2.4250399 2.4921774 3.2190540 3.1304988 3.0300789 2.6231039 2.4852774 2.8379749 3.4288052 2.3069621 3.7412733 3.2277254 2.8661112 2.9803141 2.7996335 2.6375525 3.3210634 2.9728910 2.6566501 2.7312110 2.7777606 2.8313563 2.5560585 3.4753427 
Gfas_gfas1.m1.17288.m1                                 2.0508186 2.1266317 2.1620257 2.2752388 2.3583263 2.3129689 1.8043026 2.1503504 1.3518980 1.1795648 0.7140630 0.4966402 0.0000000 0.5726173 0.5119929 0.5916338 1.7435303 1.7404276 1.9865621 1.9197380 1.5546629 2.0165638 1.9443045 2.0393115 2.3043301 2.2662112 2.4758031 2.6708928 2.5109205 2.4224563 2.5726714 2.5712411 2.5533907 2.6133105 2.3586206 2.8788049 2.9253744 2.7225015 2.2843386 2.3802909 2.5549992 3.2757959 2.4181891 3.3446218 2.9406352 2.7349167 2.8217071 2.4464614 2.5131661 2.9838496 2.7496523 2.5897593 2.4229084 3.1311355 2.9592259 2.3909836 2.8765717 
Fspp_ffun1.m4.14973.m1                                 2.3142768 2.3644428 2.2065400 2.4634367 2.3839590 2.3011321 1.8304747 2.1228063 1.4619599 1.2394829 1.2135668 0.7095801 0.5726173 0.0000000 0.3382048 0.2885993 1.8248154 1.8081303 2.1755578 2.2094260 1.7475649 2.2822307 2.1171853 2.2394189 2.4992875 2.5203272 2.7958025 2.8671975 2.6026482 2.3968926 2.4708380 2.5514090 2.5329410 2.6326881 2.5326252 2.9687594 3.0538959 2.7418044 2.3870605 2.5297858 2.5866971 3.6010122 2.3743078 3.6723556 3.3014039 2.9083277 2.8536409 2.9667859 2.7748115 3.2400265 2.8848230 2.8559902 2.6774075 3.3298524 3.1663188 2.6286270 2.7700903 
Spis_XP_022807585_1                                    1.9062086 2.2145141 1.9875941 2.1534715 2.1028484 2.0668823 1.6876395 1.9640211 1.2494034 0.9859284 0.7608232 0.6349880 0.5119929 0.3382048 0.0000000 0.3683951 1.6465615 1.6093520 1.9736216 1.8287535 1.5270724 1.8400783 1.8532800 1.9478604 2.1455070 2.1731461 2.3954712 2.5274374 2.3846230 2.3248993 2.4143401 2.3423279 2.3244805 2.4103045 2.2209426 2.7883359 2.6477972 2.3776959 2.1149067 2.2358434 2.3708666 3.4332076 2.3606742 2.9980841 2.6923388 2.5600314 2.5668063 2.3559970 2.1346091 2.8141607 2.6967550 2.4875818 2.3525473 2.9582143 2.8898037 2.2333391 2.8754694 
Gasp_gasp1.m3.5065.m1                                  2.1877553 2.4293406 2.2632160 2.3820998 2.3469028 2.4696864 1.9381670 2.0770949 1.5849686 1.4546405 1.0075393 0.8090824 0.5916338 0.2885993 0.3683951 0.0000000 1.9431106 1.8603012 2.1215117 2.1387998 1.6297497 2.1796348 2.2067645 2.3655864 2.3877850 2.4147918 2.7467784 2.6718264 2.4638525 2.3766016 2.4908531 2.4347052 2.4161247 2.5054237 2.6242485 2.9637692 2.9021106 2.5743966 2.4306046 2.7381536 2.7579755 3.4297997 2.5287667 3.2560589 2.9005153 2.7033600 2.6886257 2.6223444 2.3894024 2.8467341 2.7299695 2.6675295 2.5282533 3.3510902 3.1586309 2.6541039 2.7942847 
Dgig_XM_028537285.1                                    2.1080484 2.0545638 1.9984534 2.3567288 2.5391259 2.3514547 1.8700250 2.1078875 1.5664473 1.3420937 2.5658446 1.8586000 1.7435303 1.8248154 1.6465615 1.9431106 0.0000000 0.4507509 1.8285174 1.7590849 1.3709228 1.7419751 1.8780705 1.8629896 2.3251232 2.3589594 2.6784214 2.7827767 2.6578265 2.7200925 2.7935567 2.7792987 2.7966852 2.6832849 2.6107618 2.9401829 2.8157944 2.8377719 2.5097085 2.6264021 2.6458066 3.1499526 2.4713297 3.1658137 3.0217179 3.2413076 3.4905703 3.0570884 2.8231242 3.3137792 3.0164376 3.1085625 2.5593528 2.8313825 2.9697065 2.3400938 2.9942096 
Xesp_021567-T1                                         2.1595397 2.1596192 2.1337131 2.5789306 2.5990228 2.5243565 1.9442626 2.0309181 1.5933646 1.2834657 2.3095472 1.8459050 1.7404276 1.8081303 1.6093520 1.8603012 0.4507509 0.0000000 1.8515039 1.6530168 1.4114782 1.8287847 1.8911385 1.9432274 2.3467522 2.4334561 2.6292826 2.5909712 2.5455460 2.4104054 2.4960052 2.5534167 2.5609975 2.4492943 2.6580259 2.9801791 2.8524208 2.8240593 2.5499570 2.6273477 2.7904858 3.2642740 2.4831207 3.0204746 3.1371363 3.1326997 3.2660507 2.9977793 2.9855898 3.3971800 3.1189206 3.1480834 2.6289094 2.7422968 2.9867244 2.3887312 2.6938820 
Chem_TCONS_00013852                                    2.2844833 2.2542637 1.9888742 2.4447852 2.2052615 2.3248112 1.8831771 2.4252349 1.6665698 1.7535220 3.3446150 2.0927686 1.9865621 2.1755578 1.9736216 2.1215117 1.8285174 1.8515039 0.0000000 1.4225626 1.1997934 1.6056062 1.5455534 1.5871101 2.2597653 2.3166548 1.7578178 2.8769444 2.6810700 2.7101420 2.6300332 2.7118640 2.7059350 2.6121179 2.0872659 2.9877708 2.4268710 2.6786020 2.6548465 2.6192930 2.6676886 3.0498087 2.4078060 3.2930507 3.0223027 3.1111329 2.6405613 3.0694045 2.6689291 2.9122663 3.1048951 2.9425242 2.9948725 3.2674255 3.0008187 2.2381925 2.9086165 
Aaur_scaffold36.g11.t1                                 1.7501878 1.8315751 1.7324750 2.1170654 2.1775598 2.2357789 1.8941721 2.0754131 1.9848505 1.5985518 2.4632578 2.0181223 1.9197380 2.2094260 1.8287535 2.1387998 1.7590849 1.6530168 1.4225626 0.0000000 0.5450034 0.7545356 1.0126648 1.3663368 2.1436846 2.1627502 2.1668706 2.9218349 2.7045583 2.5386838 2.5902155 2.7812863 2.7623423 2.5642753 1.9729414 2.6200558 2.6532346 2.4129554 2.4407477 2.6312814 2.5202769 2.8926318 2.4169879 3.7218303 3.1800426 2.9593501 3.0207974 3.2220878 2.9264017 3.5835102 3.3337261 3.2019004 3.3995463 2.9559916 2.8555779 2.5460835 2.8206767 
Nemnom_g19236.t1                                       1.4947376 1.5753367 1.4452273 1.5043699 1.7053379 1.7791375 1.5669412 1.4458692 1.5373683 1.4923292 2.9660541 1.7913464 1.5546629 1.7475649 1.5270724 1.6297497 1.3709228 1.4114782 1.1997934 0.5450034 0.0000000 0.2673674 0.8546990 1.0417745 1.9003178 1.8581225 1.5185949 2.4200718 2.1805918 2.3782208 2.2897456 2.2643390 2.2384484 2.2103743 1.5931248 2.1141773 2.0978163 2.0124701 1.8757027 1.9514297 1.9695879 2.0815664 1.8974708 3.2909276 2.7877337 2.6776652 2.5091407 2.6759007 2.8612692 2.6172265 2.7092669 2.8295544 2.9193345 2.4159680 2.4643649 1.4858442 1.8719153 
Rhoesc_Res_004637-T1                                   2.0500035 2.0842204 1.9316218 2.1519405 2.0294239 2.0862543 2.0115256 2.0968507 1.9211405 1.7067473 2.9567085 2.1153051 2.0165638 2.2822307 1.8400783 2.1796348 1.7419751 1.8287847 1.6056062 0.7545356 0.2673674 0.0000000 1.1243994 1.4280951 2.2684056 2.2875325 2.2944892 2.6862483 2.5523866 2.6150746 2.7599487 2.7367735 2.7181330 2.7191890 1.9803957 2.8473649 2.6228886 2.6032816 2.5747910 2.6203342 2.4869002 2.8989442 2.3533347 3.5999854 3.0460031 3.0993250 3.0113964 3.0838873 2.9419226 3.2567480 3.0935406 3.1147616 3.3138847 2.9025015 2.9425428 3.0114899 2.4666428 
Sanmal_Sma_023863-T1                                   1.9275123 2.1111668 1.8682764 2.2003304 2.2790603 2.3226901 1.8682581 2.0562344 1.9936184 1.8464911 2.9783815 2.3015533 1.9443045 2.1171853 1.8532800 2.2067645 1.8780705 1.8911385 1.5455534 1.0126648 0.8546990 1.1243994 0.0000000 1.3595093 1.8414623 1.8604022 2.1561106 2.8369137 2.6883205 2.6361871 2.7774717 2.8094858 2.7900604 2.7170581 2.1878018 2.5777849 2.5352915 2.2851818 2.5460291 2.6785674 2.5608962 3.5535148 2.7085928 3.5320780 3.2021312 3.0078450 3.1347679 3.2264779 3.1904126 3.4863836 3.1105369 2.9570257 3.1233767 2.5950922 2.6188148 2.2277481 2.3871703 
Morvir_scaffold55.g56.t1                               1.9592380 2.2019439 1.8582367 2.2627892 2.1775558 2.1705284 2.0124135 2.0045092 1.8478480 1.6730581 3.1867331 2.1017026 2.0393115 2.2394189 1.9478604 2.3655864 1.8629896 1.9432274 1.5871101 1.3663368 1.0417745 1.4280951 1.3595093 0.0000000 2.1267059 2.1531401 2.3571915 3.2438689 2.9048769 2.6963854 2.7607063 2.9174991 2.8980049 2.8532398 2.1785873 3.3297731 3.0441315 2.8923706 2.6682285 2.9205450 2.6683946 3.4581595 2.9078629 3.7691639 3.1170976 3.1911492 2.8822855 3.2899181 2.8178782 3.4017519 3.0744927 3.1343523 3.1478793 2.9402830 2.8445118 2.8733741 2.6492681 
Ocar_g10159                                            2.2956721 2.2952346 1.9865476 2.2729063 2.6392309 2.5391010 2.6180362 2.2772295 2.1342031 2.0562368 3.4245941 2.2402683 2.3043301 2.4992875 2.1455070 2.3877850 2.3251232 2.3467522 2.2597653 2.1436846 1.9003178 2.2684056 1.8414623 2.1267059 0.0000000 0.0290771 2.5893838 2.3303302 2.1845888 2.3243134 2.3270829 2.2927156 2.2810718 2.2202895 1.6485379 2.0382811 1.9552892 2.2965012 2.4641326 2.5754590 2.4323298 3.0485797 2.3733865 3.3551887 2.8841996 2.8134826 2.7496195 2.7408468 2.5068064 3.1817298 2.7308338 2.5742063 2.3631452 2.3564288 2.4774950 2.0711032 2.5640399 
Opea_EP00118_Oscarella_pearsei_P004022                 2.3221639 2.4073227 2.2008228 2.3964387 2.5185114 2.6393740 2.5595634 2.2623649 2.1838584 2.0301507 3.2507245 2.2396035 2.2662112 2.5203272 2.1731461 2.4147918 2.3589594 2.4334561 2.3166548 2.1627502 1.8581225 2.2875325 1.8604022 2.1531401 0.0290771 0.0000000 2.7067180 2.4997336 2.2708812 2.3215238 2.3893710 2.3653454 2.3550592 2.3259762 1.7189353 2.0629230 2.0487458 2.2727975 2.4881965 2.7224858 2.4932662 3.0077822 2.4955919 3.4249574 2.8403257 2.8190303 2.7808933 2.8254511 2.4739525 3.2463690 2.8115909 2.7042840 2.4627871 2.2649887 2.3379892 2.2001326 2.5022680 
Hvul_g26756_1                                          2.5297602 2.7571119 2.5280435 2.6794355 2.9387752 2.9950570 2.1947319 2.7614197 2.4068373 1.9489584 2.9962306 2.7013221 2.4758031 2.7958025 2.3954712 2.7467784 2.6784214 2.6292826 1.7578178 2.1668706 1.5185949 2.2944892 2.1561106 2.3571915 2.5893838 2.7067180 0.0000000 2.8769089 2.7277465 2.4281368 2.7754641 2.7006805 2.6812788 2.5503713 3.0317698 3.2953316 3.0429434 3.2127138 2.9919047 3.1249952 2.8118009 3.5172757 2.8979961 4.3706355 3.4120626 3.8902400 4.0748271 3.8511221 3.2025574 4.4296648 3.9528218 3.9243476 3.8337752 3.7804819 3.6622824 3.1213093 3.1479340 
Tadh_TriadT63488                                       2.6441055 2.6436933 2.4404686 2.6531058 2.6037589 2.9691787 2.3336134 2.3041032 2.6521447 2.5701171 5.4270057 2.7521706 2.6708928 2.8671975 2.5274374 2.6718264 2.7827767 2.5909712 2.8769444 2.9218349 2.4200718 2.6862483 2.8369137 3.2438689 2.3303302 2.4997336 2.8769089 0.0000000 0.0348769 0.3740034 0.4184924 0.4123977 0.4113991 0.4652461 2.6127063 3.3106581 2.8837387 2.7523823 2.7586331 2.8522135 3.0103915 3.1181804 2.5432608 3.7877349 3.1776052 3.4564743 3.8742014 3.2622902 3.1031300 3.5646315 3.1969301 3.3770115 3.0321372 3.0988163 3.3850044 2.4692765 3.1461512 
TrH2_TrispH2_008382-RA                                 2.4983476 2.4824553 2.3070266 2.3571832 2.4740888 2.7357628 2.1334050 2.1490580 2.5050194 2.4166113 3.9279870 2.4513590 2.5109205 2.6026482 2.3846230 2.4638525 2.6578265 2.5455460 2.6810700 2.7045583 2.1805918 2.5523866 2.6883205 2.9048769 2.1845888 2.2708812 2.7277465 0.0348769 0.0000000 0.3586057 0.3633555 0.3821554 0.3771497 0.4207921 2.3276341 3.0677498 2.6667916 2.5493424 2.5683007 2.6784433 2.6720385 3.1085040 2.3212655 3.6199689 2.9586120 3.0771141 3.4177212 2.9483005 2.8904230 3.3741455 2.8538130 3.0212921 2.8519170 3.0480151 3.2513040 2.3873060 3.2300839 
HoiH06_mRNA14248                                       2.2797337 2.1719163 2.0731838 2.1896971 2.2596274 2.4700880 2.0472423 2.0386059 2.4024862 2.4137491 3.7105767 2.2554101 2.4224563 2.3968926 2.3248993 2.3766016 2.7200925 2.4104054 2.7101420 2.5386838 2.3782208 2.6150746 2.6361871 2.6963854 2.3243134 2.3215238 2.4281368 0.3740034 0.3586057 0.0000000 0.0570274 0.1489608 0.1450888 0.1979023 2.1945910 2.9940795 2.9388909 2.5377497 2.5248366 2.6228540 2.5562150 2.9258210 2.2561063 3.2741920 3.1459514 3.1041585 3.2751009 2.9022409 3.0328681 3.1904413 2.8120527 2.9343156 2.7688613 2.7725723 3.1080926 2.1891214 2.9860712 
HoiH23_PlH23_004868-RA                                 2.4627999 2.2865826 2.2325311 2.2286895 2.3910721 2.6085845 2.0359161 2.0089646 2.3805534 2.3212712 3.6562716 2.3652579 2.5726714 2.4708380 2.4143401 2.4908531 2.7935567 2.4960052 2.6300332 2.5902155 2.2897456 2.7599487 2.7774717 2.7607063 2.3270829 2.3893710 2.7754641 0.4184924 0.3633555 0.0570274 0.0000000 0.1701612 0.1665312 0.2123296 2.2322825 3.2602215 2.8004027 2.5673270 2.6160116 2.7953962 2.7471964 3.4230927 2.4070049 3.4234041 3.0530244 3.1089178 3.3731641 2.9583507 2.9388582 3.3868389 2.9524574 3.0430304 2.9909779 2.9286290 3.2014839 2.5509008 3.0690138 
Hhon_g01964.t1                                         2.5502149 2.3195532 2.3661779 2.1944524 2.3011879 2.6313404 2.0470849 2.0180957 2.4748268 2.5105006 3.7370113 2.3363847 2.5712411 2.5514090 2.3423279 2.4347052 2.7792987 2.5534167 2.7118640 2.7812863 2.2643390 2.7367735 2.8094858 2.9174991 2.2927156 2.3653454 2.7006805 0.4123977 0.3821554 0.1489608 0.1701612 0.0000000 0.0024169 0.2417566 2.4342904 3.1397598 2.6912846 2.5087898 2.4983793 2.6342129 2.6962980 2.9838723 2.4159901 3.3882056 3.0856995 3.2441417 3.5520782 3.0662746 3.0038601 3.4977827 2.9489113 3.1128690 3.0486812 2.9218379 3.1525354 2.2280461 3.2260480 
HoiH04_mRNA4209                                        2.5330145 2.3147942 2.3805342 2.1791111 2.2961895 2.6255663 2.0303864 2.0095921 2.4806569 2.5028878 3.7370113 2.3363847 2.5533907 2.5329410 2.3244805 2.4161247 2.7966852 2.5609975 2.7059350 2.7623423 2.2384484 2.7181330 2.7900604 2.8980049 2.2810718 2.3550592 2.6812788 0.4113991 0.3771497 0.1450888 0.1665312 0.0024169 0.0000000 0.2376043 2.4129968 3.1270962 2.6800565 2.4979431 2.4879490 2.6233177 2.6776025 2.9645058 2.4060230 3.3767269 3.0778500 3.2220528 3.5410546 3.0454056 2.9955685 3.4850438 2.9422478 3.1057161 3.0238938 2.9218379 3.1394799 2.1995339 3.2098309 
HoiH11_mRNA5396                                        2.5098801 2.2958385 2.1798717 2.2531738 2.3671584 2.5704208 1.8921478 2.0027781 2.3610149 2.4747419 3.7009646 2.4250399 2.6133105 2.6326881 2.4103045 2.5054237 2.6832849 2.4492943 2.6121179 2.5642753 2.2103743 2.7191890 2.7170581 2.8532398 2.2202895 2.3259762 2.5503713 0.4652461 0.4207921 0.1979023 0.2123296 0.2417566 0.2376043 0.0000000 2.4288564 3.0470283 2.8517298 2.4819725 2.4738185 2.8095507 2.6877978 3.1617130 2.3824011 3.5480193 2.9861203 3.0120375 3.3596304 2.9010536 2.8087836 3.4263194 2.9400796 3.0254636 2.8085989 2.7732954 3.0352824 2.4090793 3.1718396 
Plajan_Pjan_scaffold3123_01                            2.2954077 2.2206204 2.0448428 2.2404430 2.1672611 2.2018641 2.4666584 2.2960888 2.3708947 2.3991860 3.0625685 2.4921774 2.3586206 2.5326252 2.2209426 2.6242485 2.6107618 2.6580259 2.0872659 1.9729414 1.5931248 1.9803957 2.1878018 2.1785873 1.6485379 1.7189353 3.0317698 2.6127063 2.3276341 2.1945910 2.2322825 2.4342904 2.4129968 2.4288564 0.0000000 3.0076282 2.6695995 2.7939545 2.8423616 2.6475491 2.4782856 2.9598521 2.5857994 3.8244781 3.1760697 3.1057437 3.1025359 2.9293715 2.7073902 3.4910531 3.0171734 3.0134574 2.6531567 3.0821505 3.2116327 2.1309334 2.8904684 
Aque_Aqu2.1.32962_001                                  2.9564531 2.7905357 2.7104927 3.0233163 3.1311758 3.2640493 2.7075428 2.5937950 3.0677027 2.4962789 4.1356134 3.2190540 2.8788049 2.9687594 2.7883359 2.9637692 2.9401829 2.9801791 2.9877708 2.6200558 2.1141773 2.8473649 2.5777849 3.3297731 2.0382811 2.0629230 3.2953316 3.3106581 3.0677498 2.9940795 3.2602215 3.1397598 3.1270962 3.0470283 3.0076282 0.0000000 0.8604849 1.2557953 2.8064793 2.8389583 2.7727821 3.3431293 2.6410775 4.0163468 3.5299138 3.4021117 3.4359009 3.3599753 3.0913361 3.7987959 3.1030164 3.0494673 2.9756276 2.2052145 2.1727483 2.0951696 2.4143669 
Halamb_c48829_g1_i1m.24918                             2.7881001 2.7019604 2.6031559 2.7275789 2.9828974 2.9219506 2.6088327 2.5588799 2.6848068 2.4874579 4.4942193 3.1304988 2.9253744 3.0538959 2.6477972 2.9021106 2.8157944 2.8524208 2.4268710 2.6532346 2.0978163 2.6228886 2.5352915 3.0441315 1.9552892 2.0487458 3.0429434 2.8837387 2.6667916 2.9388909 2.8004027 2.6912846 2.6800565 2.8517298 2.6695995 0.8604849 0.0000000 1.0838648 2.4366627 2.8063053 2.6714531 3.0905261 2.4505831 3.9346405 3.3618027 3.1335481 3.1430951 3.1842484 3.0190570 3.8733383 3.3042417 3.2083686 3.2011110 2.0240863 2.1624599 2.0399024 2.3844228 
Xestes_maker-XT_scaffold3800-augustus-gene-0.21-mRNA-1 2.7555040 2.6971107 2.6752798 2.9261431 3.1908099 3.3339177 2.8354838 2.5174720 2.5976457 2.3976424 3.2871989 3.0300789 2.7225015 2.7418044 2.3776959 2.5743966 2.8377719 2.8240593 2.6786020 2.4129554 2.0124701 2.6032816 2.2851818 2.8923706 2.2965012 2.2727975 3.2127138 2.7523823 2.5493424 2.5377497 2.5673270 2.5087898 2.4979431 2.4819725 2.7939545 1.2557953 1.0838648 0.0000000 2.3351988 2.4923934 2.4604691 2.6849217 2.4413348 3.8159944 3.5416803 3.0159041 3.0495303 3.1792853 3.1032369 3.2073274 2.9624688 3.0080225 3.1258113 2.4791524 2.1538314 2.4414980 2.3802282 
Scil_scict019257.1                                     2.6059246 2.6814250 2.4523037 2.7213094 3.1370855 2.8958306 2.4719819 2.5184618 2.5848714 2.0190114 3.0077775 2.6231039 2.2843386 2.3870605 2.1149067 2.4306046 2.5097085 2.5499570 2.6548465 2.4407477 1.8757027 2.5747910 2.5460291 2.6682285 2.4641326 2.4881965 2.9919047 2.7586331 2.5683007 2.5248366 2.6160116 2.4983793 2.4879490 2.4738185 2.8423616 2.8064793 2.4366627 2.3351988 0.0000000 0.6615271 0.6571043 0.8037087 1.5451994 4.1270895 3.2600203 3.1941491 3.3574016 3.2227025 2.9398604 3.5436992 2.9842389 2.8403325 2.7224701 3.1215046 2.9981018 2.3899427 2.6292200 
Leuniv_Lniv_scaffold22741_01                           2.8797027 2.8864769 2.6206452 2.7909829 3.4965437 3.1125674 2.6094889 2.5682194 2.8709564 2.1964937 3.0286614 2.4852774 2.3802909 2.5297858 2.2358434 2.7381536 2.6264021 2.6273477 2.6192930 2.6312814 1.9514297 2.6203342 2.6785674 2.9205450 2.5754590 2.7224858 3.1249952 2.8522135 2.6784433 2.6228540 2.7953962 2.6342129 2.6233177 2.8095507 2.6475491 2.8389583 2.8063053 2.4923934 0.6615271 0.0000000 0.7408887 0.8538529 1.6338051 4.1228023 3.6641765 3.7487795 3.8164322 3.8109988 3.4585633 4.1354187 3.2131872 3.2079179 3.2444994 3.2625773 3.1852984 2.6580721 2.7440634 
Gracom_Gcom_scaffold1467_01                            2.6394510 2.5745406 2.5461065 2.7649105 3.0908133 2.9491224 2.6691968 2.3917614 2.4598715 2.1214142 3.3076854 2.8379749 2.5549992 2.5866971 2.3708666 2.7579755 2.6458066 2.7904858 2.6676886 2.5202769 1.9695879 2.4869002 2.5608962 2.6683946 2.4323298 2.4932662 2.8118009 3.0103915 2.6720385 2.5562150 2.7471964 2.6962980 2.6776025 2.6877978 2.4782856 2.7727821 2.6714531 2.4604691 0.6571043 0.7408887 0.0000000 0.8037458 1.6346417 3.9719691 3.3591379 3.4215705 3.3669209 3.3148355 3.0439281 3.5768063 2.8949067 2.8777867 3.0437319 3.0570975 2.8972850 2.4930968 2.5307478 
Lcom_lcpid109161                                       3.6848971 3.9562240 3.4049453 3.4697285 3.5332960 3.6727248 3.2631020 3.0303593 3.2918395 2.9907730 7.0023301 3.4288052 3.2757959 3.6010122 3.4332076 3.4297997 3.1499526 3.2642740 3.0498087 2.8926318 2.0815664 2.8989442 3.5535148 3.4581595 3.0485797 3.0077822 3.5172757 3.1181804 3.1085040 2.9258210 3.4230927 2.9838723 2.9645058 3.1617130 2.9598521 3.3431293 3.0905261 2.6849217 0.8037087 0.8538529 0.8037458 0.0000000 1.7449409 3.8460854 3.7666572 3.8435905 3.3756330 3.7918555 3.6041280 3.4083099 3.4907549 3.2720606 3.5885078 4.2506501 3.8945380 2.2491265 3.5282810 
Clacor_Ccor_C540703_01                                 2.5890277 2.6205008 2.3249880 2.7771192 2.7217298 2.6551466 2.1070665 2.2079286 2.6438310 2.3813691 3.6047653 2.3069621 2.4181891 2.3743078 2.3606742 2.5287667 2.4713297 2.4831207 2.4078060 2.4169879 1.8974708 2.3533347 2.7085928 2.9078629 2.3733865 2.4955919 2.8979961 2.5432608 2.3212655 2.2561063 2.4070049 2.4159901 2.4060230 2.3824011 2.5857994 2.6410775 2.4505831 2.4413348 1.5451994 1.6338051 1.6346417 1.7449409 0.0000000 3.9455685 3.4329549 3.4411115 3.3568200 3.2535174 2.9215085 3.8414875 3.0221973 2.9095874 2.9761135 2.7745528 2.9295896 2.6297900 2.5566988 
Mlei_ML0523.g1.i1                                      3.6335948 3.5153074 3.5448087 3.7768707 3.9572586 3.7987157 3.7634994 3.3190978 2.7727793 3.7711326 7.7178315 3.7412733 3.3446218 3.6723556 2.9980841 3.2560589 3.1658137 3.0204746 3.2930507 3.7218303 3.2909276 3.5999854 3.5320780 3.7691639 3.3551887 3.4249574 4.3706355 3.7877349 3.6199689 3.2741920 3.4234041 3.3882056 3.3767269 3.5480193 3.8244781 4.0163468 3.9346405 3.8159944 4.1270895 4.1228023 3.9719691 3.8460854 3.9455685 0.0000000 0.3812369 0.7971878 0.7641559 0.9150736 1.0208043 0.8359161 1.2315297 1.3328409 1.1899505 4.7266081 4.2765277 2.7304863 4.3393982 
Bolinf_Binf_sb1238404                                  2.9101961 3.1045363 2.8733832 3.2150477 3.3243028 3.2457300 3.1436038 2.9901504 2.7323124 2.8683239 4.3209969 3.2277254 2.9406352 3.3014039 2.6923388 2.9005153 3.0217179 3.1371363 3.0223027 3.1800426 2.7877337 3.0460031 3.2021312 3.1170976 2.8841996 2.8403257 3.4120626 3.1776052 2.9586120 3.1459514 3.0530244 3.0856995 3.0778500 2.9861203 3.1760697 3.5299138 3.3618027 3.5416803 3.2600203 3.6641765 3.3591379 3.7666572 3.4329549 0.3812369 0.0000000 0.5899635 0.5750563 0.5895141 0.7992617 0.8636045 1.0184061 0.8573985 1.0424838 3.8266139 3.6482839 2.6394135 3.7735476 
Drygla_Dgla_sb302979                                   2.8973753 3.2013084 2.7772866 3.2008967 3.4508435 3.3819855 2.8619872 2.8205581 2.7452711 2.5855912 3.2664948 2.8661112 2.7349167 2.9083277 2.5600314 2.7033600 3.2413076 3.1326997 3.1111329 2.9593501 2.6776652 3.0993250 3.0078450 3.1911492 2.8134826 2.8190303 3.8902400 3.4564743 3.0771141 3.1041585 3.1089178 3.2441417 3.2220528 3.0120375 3.1057437 3.4021117 3.1335481 3.0159041 3.1941491 3.7487795 3.4215705 3.8435905 3.4411115 0.7971878 0.5899635 0.0000000 0.6639138 0.7032233 0.9011041 1.0407292 1.1378771 1.0714834 1.0009432 3.4025609 3.3964703 3.1699175 3.4655463 
Mertsp_Mesp_sb573150                                   2.8277111 2.9944131 2.8725430 2.9633337 3.0489624 3.0760158 2.7879737 3.0978295 2.9145412 2.8554105 3.2935509 2.9803141 2.8217071 2.8536409 2.5668063 2.6886257 3.4905703 3.2660507 2.6405613 3.0207974 2.5091407 3.0113964 3.1347679 2.8822855 2.7496195 2.7808933 4.0748271 3.8742014 3.4177212 3.2751009 3.3731641 3.5520782 3.5410546 3.3596304 3.1025359 3.4359009 3.1430951 3.0495303 3.3574016 3.8164322 3.3669209 3.3756330 3.3568200 0.7641559 0.5750563 0.6639138 0.0000000 0.5648207 0.7049291 0.7440559 0.9625975 0.8917272 0.9465177 3.6461023 3.5254351 2.6677670 4.1666354 
Beraby_Baby_sb332768                                   3.0634951 3.2080458 3.1265614 3.1659539 2.8097443 3.3862661 2.7846067 3.1363232 2.7945740 2.7641508 3.1782237 2.7996335 2.4464614 2.9667859 2.3559970 2.6223444 3.0570884 2.9977793 3.0694045 3.2220878 2.6759007 3.0838873 3.2264779 3.2899181 2.7408468 2.8254511 3.8511221 3.2622902 2.9483005 2.9022409 2.9583507 3.0662746 3.0454056 2.9010536 2.9293715 3.3599753 3.1842484 3.1792853 3.2227025 3.8109988 3.3148355 3.7918555 3.2535174 0.9150736 0.5895141 0.7032233 0.5648207 0.0000000 0.8545725 0.8804098 1.0632738 1.0229450 0.9083991 3.4701241 3.2829902 2.6880505 4.0596830 
Eupdun_Edun_sb10629942                                 2.4780901 3.0296472 2.7091027 2.9194497 3.0006231 3.0167669 2.7439767 2.6037288 2.7004294 2.6477249 3.5524512 2.6375525 2.5131661 2.7748115 2.1346091 2.3894024 2.8231242 2.9855898 2.6689291 2.9264017 2.8612692 2.9419226 3.1904126 2.8178782 2.5068064 2.4739525 3.2025574 3.1031300 2.8904230 3.0328681 2.9388582 3.0038601 2.9955685 2.8087836 2.7073902 3.0913361 3.0190570 3.1032369 2.9398604 3.4585633 3.0439281 3.6041280 2.9215085 1.0208043 0.7992617 0.9011041 0.7049291 0.8545725 0.0000000 0.8000185 1.0153300 0.9226131 1.0641157 3.3805304 3.6527958 2.4916932 3.1831841 
Lampan_Lpan_16188_01                                   3.3360808 3.4905566 3.4148749 3.5595744 3.5678998 3.4644948 3.3251495 3.2609026 3.0033393 3.4151903 6.4214405 3.3210634 2.9838496 3.2400265 2.8141607 2.8467341 3.3137792 3.3971800 2.9122663 3.5835102 2.6172265 3.2567480 3.4863836 3.4017519 3.1817298 3.2463690 4.4296648 3.5646315 3.3741455 3.1904413 3.3868389 3.4977827 3.4850438 3.4263194 3.4910531 3.7987959 3.8733383 3.2073274 3.5436992 4.1354187 3.5768063 3.4083099 3.8414875 0.8359161 0.8636045 1.0407292 0.7440559 0.8804098 0.8000185 0.0000000 1.0356683 1.0310797 1.1056140 3.9359514 3.9846721 2.8252756 4.4482481 
Vmul_Simscaffold14203_01                               2.7277742 2.6882774 2.9339908 3.1963898 3.2629656 3.1454967 2.9439129 2.8774323 2.8435146 2.8342640 4.0000239 2.9728910 2.7496523 2.8848230 2.6967550 2.7299695 3.0164376 3.1189206 3.1048951 3.3337261 2.7092669 3.0935406 3.1105369 3.0744927 2.7308338 2.8115909 3.9528218 3.1969301 2.8538130 2.8120527 2.9524574 2.9489113 2.9422478 2.9400796 3.0171734 3.1030164 3.3042417 2.9624688 2.9842389 3.2131872 2.8949067 3.4907549 3.0221973 1.2315297 1.0184061 1.1378771 0.9625975 1.0632738 1.0153300 1.0356683 0.0000000 0.5508995 1.1821532 3.3988330 3.2690874 2.6062026 3.5334694 
Coemet_Cmet_scaffold1326_01                            2.6866374 2.7409347 2.8959548 3.2421466 3.0685075 3.0227400 2.6840620 3.1136904 2.8296743 2.8628493 3.5122640 2.6566501 2.5897593 2.8559902 2.4875818 2.6675295 3.1085625 3.1480834 2.9425242 3.2019004 2.8295544 3.1147616 2.9570257 3.1343523 2.5742063 2.7042840 3.9243476 3.3770115 3.0212921 2.9343156 3.0430304 3.1128690 3.1057161 3.0254636 3.0134574 3.0494673 3.2083686 3.0080225 2.8403325 3.2079179 2.8777867 3.2720606 2.9095874 1.3328409 0.8573985 1.0714834 0.8917272 1.0229450 0.9226131 1.0310797 0.5508995 0.0000000 1.1445309 3.5804318 3.2857479 2.4779195 3.7799272 
Pbac_sb2657881                                         2.7560583 2.7226417 2.6532679 3.1963211 3.2603716 3.2953866 2.8790262 2.6223131 2.4294891 2.2552179 4.3499025 2.7312110 2.4229084 2.6774075 2.3525473 2.5282533 2.5593528 2.6289094 2.9948725 3.3995463 2.9193345 3.3138847 3.1233767 3.1478793 2.3631452 2.4627871 3.8337752 3.0321372 2.8519170 2.7688613 2.9909779 3.0486812 3.0238938 2.8085989 2.6531567 2.9756276 3.2011110 3.1258113 2.7224701 3.2444994 3.0437319 3.5885078 2.9761135 1.1899505 1.0424838 1.0009432 0.9465177 0.9083991 1.0641157 1.1056140 1.1821532 1.1445309 0.0000000 3.4074836 3.3716149 2.5866252 3.7933711 
Emue_Em0028g4a.t1                                      3.1543535 3.1954368 3.0245073 3.4025566 3.0519319 3.7265479 3.0027623 2.8829000 3.0746148 2.6356144 3.5162482 2.7777606 3.1311355 3.3298524 2.9582143 3.3510902 2.8313825 2.7422968 3.2674255 2.9559916 2.4159680 2.9025015 2.5950922 2.9402830 2.3564288 2.2649887 3.7804819 3.0988163 3.0480151 2.7725723 2.9286290 2.9218379 2.9218379 2.7732954 3.0821505 2.2052145 2.0240863 2.4791524 3.1215046 3.2625773 3.0570975 4.2506501 2.7745528 4.7266081 3.8266139 3.4025609 3.6461023 3.4701241 3.3805304 3.9359514 3.3988330 3.5804318 3.4074836 0.0000000 0.3604016 3.1783229 2.1449385 
Spolac_c100891_g1_i2_m.23856c100891-g1                 3.1810843 2.8809873 2.9640753 3.3136209 2.8765489 3.4508725 3.0123398 3.0179340 3.0101871 2.8597835 3.3974458 2.8313563 2.9592259 3.1663188 2.8898037 3.1586309 2.9697065 2.9867244 3.0008187 2.8555779 2.4643649 2.9425428 2.6188148 2.8445118 2.4774950 2.3379892 3.6622824 3.3850044 3.2513040 3.1080926 3.2014839 3.1525354 3.1394799 3.0352824 3.2116327 2.1727483 2.1624599 2.1538314 2.9981018 3.1852984 2.8972850 3.8945380 2.9295896 4.2765277 3.6482839 3.3964703 3.5254351 3.2829902 3.6527958 3.9846721 3.2690874 3.2857479 3.3716149 0.3604016 0.0000000 2.2111384 2.3708586 
Plespi_Pspi_C596482_01                                 2.3560566 2.2866329 2.0954933 2.4954045 2.3322340 2.6218855 2.0547472 2.6566324 2.5016699 1.9369646 1.7793689 2.5560585 2.3909836 2.6286270 2.2333391 2.6541039 2.3400938 2.3887312 2.2381925 2.5460835 1.4858442 3.0114899 2.2277481 2.8733741 2.0711032 2.2001326 3.1213093 2.4692765 2.3873060 2.1891214 2.5509008 2.2280461 2.1995339 2.4090793 2.1309334 2.0951696 2.0399024 2.4414980 2.3899427 2.6580721 2.4930968 2.2491265 2.6297900 2.7304863 2.6394135 3.1699175 2.6677670 2.6880505 2.4916932 2.8252756 2.6062026 2.4779195 2.5866252 3.1783229 2.2111384 0.0000000 2.7193106 
Tetwil_g5925.t2                                        2.9262594 3.1791002 2.8488278 3.5463765 3.3851744 3.0106553 2.9708078 2.4696890 2.7132468 2.6241834 5.0341675 3.4753427 2.8765717 2.7700903 2.8754694 2.7942847 2.9942096 2.6938820 2.9086165 2.8206767 1.8719153 2.4666428 2.3871703 2.6492681 2.5640399 2.5022680 3.1479340 3.1461512 3.2300839 2.9860712 3.0690138 3.2260480 3.2098309 3.1718396 2.8904684 2.4143669 2.3844228 2.3802282 2.6292200 2.7440634 2.5307478 3.5282810 2.5566988 4.3393982 3.7735476 3.4655463 4.1666354 4.0596830 3.1831841 4.4482481 3.5334694 3.7799272 3.7933711 2.1449385 2.3708586 2.7193106 0.0000000 
