56
Hsap_ENST00000373014                                   0.0000000 0.8944199 1.2691826 0.9858899 0.9723837 1.1523360 1.1355040 1.0890918 1.2935253 1.2611433 1.2427914 1.2611626 1.3136418 1.3664186 1.3483285 1.3478182 1.6502274 1.5145609 1.3465507 1.4458819 1.5809830 1.7671612 2.0500587 1.3402812 1.8741790 1.2346014 1.7548162 1.8079458 1.6611859 1.6163331 1.4510114 1.5350159 1.5450838 1.2333365 2.9944546 3.2258523 2.8658765 2.6486758 2.3416862 2.3292933 2.1142884 2.3604295 2.2453838 2.4993491 2.3260545 2.3711676 2.2504019 2.3613334 2.6819023 2.9918557 2.9918557 3.0448032 3.0519757 3.1054340 3.6516980 3.1060590 
Skow_XM_006821454.1                                    0.8944199 0.0000000 1.2326879 0.8884176 1.0908485 0.8808024 1.1251078 1.1858409 1.2315229 1.2182444 1.2145601 1.2227340 1.1783851 1.2569981 1.3023788 1.1783395 1.6743800 1.4097570 1.7620651 2.0118436 1.7349225 1.9747890 2.2491721 1.8670619 2.4437603 1.2765847 2.1664316 2.1658560 2.1920562 2.0622135 1.0519596 1.2779399 2.1891800 1.2876105 4.5102103 4.9104339 4.5730132 4.2362212 2.9522025 2.4798404 2.4798404 2.8351532 2.6719500 2.8529286 2.7144401 2.7634863 3.4708291 2.5920937 2.8804596 4.4122258 4.4122258 4.1964707 4.4312840 4.4794486 4.5469301 4.3161759 
Ctel_gnl_WGS_AMQN_CAPTEDRAFT_mRNA186148                1.2691826 1.2326879 0.0000000 0.8303932 1.2390755 1.1530089 1.1404247 1.2724814 1.4269936 1.3284214 1.5645897 1.3397658 1.3926388 1.4231692 1.4184873 1.4997906 1.6056583 1.5612516 1.6331075 1.7679625 1.5538106 1.8745458 1.9570400 1.6020664 1.8992271 1.3594138 1.7691869 1.7989087 1.6410339 1.8069171 1.4199843 1.7703968 1.8191210 1.2515986 2.8147558 3.0488473 2.7147389 2.9769782 2.5570051 2.6687578 2.4448469 2.5316202 2.1893960 2.7216971 2.4356035 2.4902333 2.3635933 2.6018625 2.9067937 3.0752306 3.0752306 3.3937988 3.2375040 3.2608013 4.1071385 3.4037998 
Acagra_model.g6834.t1                                  0.9858899 0.8884176 0.8303932 0.0000000 1.1877254 1.0419426 1.1568548 1.2222305 1.1488081 1.1264856 1.3930213 1.2101606 1.2315398 1.2919559 1.3183763 1.4373023 1.6432831 1.4178610 1.3841813 1.6647448 1.5626834 1.9606899 2.0853603 1.7660491 1.9769174 1.2968967 1.9421440 1.9403699 1.8562991 1.8993164 1.2786820 1.5604627 1.4647244 1.1109861 2.8461070 2.9900634 2.7232576 2.6956026 2.2979522 2.4335200 2.2299935 2.4211608 2.1484564 2.7473374 2.3456494 2.4097560 2.2568285 2.4192166 3.0224516 3.1327253 3.1327253 3.3442540 3.3107805 3.3206718 4.0985904 3.4003900 
Bralan_BLAG01002273_1                                  0.9723837 1.0908485 1.2390755 1.1877254 0.0000000 1.0599586 0.9897030 1.1541341 1.2684315 1.1986894 1.4227105 1.1996048 1.3167751 1.3295178 1.3364835 1.3285697 1.6385422 1.3500578 1.5373908 1.7287843 1.4165551 1.7002248 2.0677646 1.6973656 1.9456607 1.2655389 1.6225947 1.7510711 1.5116269 1.4930800 1.3611790 2.1094995 1.4635468 1.2157247 2.7565742 2.7141140 2.7450934 2.3475811 2.1781945 2.1967111 2.0670440 2.2882076 1.9062513 2.2681870 2.2600655 2.2884043 2.1923094 2.2938180 2.6818927 2.8278154 2.8278154 2.6772174 2.7211121 2.7203309 3.1536396 2.8898185 
Spur_XM_030994869.1                                    1.1523360 0.8808024 1.1530089 1.0419426 1.0599586 0.0000000 1.0922670 1.3017558 1.3725649 1.3230333 1.3676203 1.2078186 1.3260721 1.3045737 1.3146598 1.1260992 1.5202864 1.3427183 1.2499019 1.2900848 1.4813245 1.7813687 1.9788684 1.4667003 1.8316198 1.2508727 1.7436040 1.7634979 1.7618425 1.4335837 1.4338498 1.5539980 1.5947107 1.3028280 2.6043733 2.8713071 2.6695908 2.5682031 2.1380831 2.3395890 2.1437150 2.3006656 1.9595175 2.3526281 2.1420907 2.2029516 2.5142958 2.4902010 3.0299713 2.5442080 2.5442080 2.5544092 2.5759406 2.5837242 3.2126364 2.7872060 
Exapal_XM_021046616.2                                  1.1355040 1.1251078 1.1404247 1.1568548 0.9897030 1.0922670 0.0000000 0.5399804 0.7471227 0.7215174 0.7156100 0.5834637 0.6463362 0.6804268 0.6571359 1.0053841 1.1235016 1.0664331 0.9690235 1.1428839 1.1063378 1.4143888 1.7144118 1.4264999 1.6528815 1.0013311 1.2752872 1.3173160 1.3156841 1.3723487 1.3728382 1.4257453 1.6228560 1.4457921 2.5172914 2.5866125 2.2580756 2.2207636 1.9122123 1.9041701 1.9769332 2.1027717 1.9182698 1.9398629 2.0467480 2.0994415 2.1102863 1.9848452 2.1392361 2.3700798 2.3700798 2.3491985 2.3295691 2.3368546 2.8179276 2.3281927 
Nvec_v1g235866                                         1.0890918 1.1858409 1.2724814 1.2222305 1.1541341 1.3017558 0.5399804 0.0000000 0.7492456 0.7861798 0.6229813 0.5506278 0.6260477 0.5982546 0.5679264 1.0933919 1.1653542 1.0764554 1.0264716 1.1634634 1.2392272 1.5462014 1.7876613 1.3407714 1.8120814 0.9846853 1.4477435 1.4441200 1.3676159 1.2877414 1.2603505 1.4200254 1.5466747 1.5726923 2.6690119 2.7499673 2.3958822 2.0862597 2.1011905 1.9518974 2.0350977 2.3142097 1.9621039 2.0537347 2.1995603 2.1707323 2.1306483 2.0120900 2.2686174 2.4540032 2.4540032 2.4983144 2.5105584 2.5096371 2.8690103 2.6335889 
Adig_XM_015914039.1                                    1.2935253 1.2315229 1.4269936 1.1488081 1.2684315 1.3725649 0.7471227 0.7492456 0.0000000 0.0049754 0.4293788 0.3932825 0.4253361 0.4333659 0.4791543 1.1041637 1.2711746 1.0973999 1.1160354 1.1681182 1.1787851 1.4613273 1.8434860 1.4783036 1.7195210 1.0692743 1.3556621 1.4025057 1.4480466 1.2256982 1.4497413 1.5184998 1.5738996 1.3812928 2.4897200 2.7206988 2.4866455 2.5339188 1.9510600 1.6358380 1.7140857 1.9949852 1.8408465 2.0095426 2.1011547 2.1249661 1.9578879 2.0612216 2.0879174 2.3377302 2.3377302 2.2697179 2.2785934 2.2951000 2.8263238 2.3471438 
Amil_Amillepora20323-RA                                1.2611433 1.2182444 1.3284214 1.1264856 1.1986894 1.3230333 0.7215174 0.7861798 0.0049754 0.0000000 0.4980662 0.4632097 0.5019871 0.4723450 0.5426695 1.0087212 1.2219272 1.0230919 1.1438629 1.0920337 1.1815811 1.2900697 1.8175613 1.5011145 1.6016287 1.0173017 1.2938001 1.2702570 1.3246329 1.2256982 1.3956146 1.1677237 1.4921830 1.2922949 2.2796452 2.5353098 2.2572575 2.2997880 1.8775327 1.4949063 1.5945918 1.8418980 1.7510284 1.9351630 1.9610364 1.9919304 1.8169505 2.1907559 1.9648478 2.0429348 2.0429348 1.9296848 1.9425966 1.9602632 2.4189157 2.0095320 
Gfas_gfas1.m1.7356.m1                                  1.2427914 1.2145601 1.5645897 1.3930213 1.4227105 1.3676203 0.7156100 0.6229813 0.4293788 0.4980662 0.0000000 0.2475999 0.2410890 0.3147632 0.2854905 1.0735202 1.1729333 1.0593484 1.0352319 0.9604328 1.0650520 1.7449265 2.0441660 1.6577169 1.9785735 1.0370718 1.4212320 1.4717210 1.5033226 1.1864296 1.6468935 1.4272787 1.6600619 1.6021696 2.6622283 2.8932414 2.5142319 2.4817797 2.1279359 1.7602571 1.8570991 2.3075461 2.1375173 2.1762003 2.4259154 2.3662919 2.1876800 2.0333872 2.8844256 2.8333674 2.8333674 2.6564005 2.7264361 2.7501188 3.7624083 2.7673697 
Fspp_ffun1.m4.14913.m1                                 1.2611626 1.2227340 1.3397658 1.2101606 1.1996048 1.2078186 0.5834637 0.5506278 0.3932825 0.4632097 0.2475999 0.0000000 0.1036309 0.1798575 0.1675193 1.0230620 1.1108433 0.9782655 1.0241547 1.0081857 1.1010903 1.4018540 1.9517904 1.4353932 1.6680142 0.9538698 1.2837593 1.3493835 1.2552828 1.1474073 1.4180295 1.3314687 1.6744949 1.4387108 2.3678846 2.5690754 2.2706246 2.0867781 2.1346749 1.9031688 1.9525590 2.2398164 1.9537174 1.9446224 2.2657233 2.2822449 2.1011244 1.8707889 2.4010273 2.4435491 2.4435491 2.4660573 2.4236491 2.4411536 3.1004450 2.6391343 
Gasp_gasp1.m3.7902.m1                                  1.3136418 1.1783851 1.3926388 1.2315398 1.3167751 1.3260721 0.6463362 0.6260477 0.4253361 0.5019871 0.2410890 0.1036309 0.0000000 0.2155425 0.1866752 0.9648584 1.1462279 0.9127545 1.1346185 1.1685843 1.1170235 1.5347441 1.9668100 1.4397988 1.7028186 0.9984692 1.4440818 1.4778603 1.4195000 1.1039316 1.6244858 1.3532946 1.7853349 1.4986843 2.5278315 2.7513861 2.4859889 2.2979293 2.0754263 1.9240787 1.9770137 2.2864453 2.0145775 1.9404254 2.3123036 2.3311155 2.1491638 1.8852738 2.4188848 2.5617493 2.5617493 2.5067454 2.5310758 2.5512852 3.2898972 2.7251767 
Spis_XP_022781379_1                                    1.3664186 1.2569981 1.4231692 1.2919559 1.3295178 1.3045737 0.6804268 0.5982546 0.4333659 0.4723450 0.3147632 0.1798575 0.2155425 0.0000000 0.1236369 1.1355829 1.1775803 1.0636974 1.0642306 1.1726029 1.1712248 1.5351109 2.0168140 1.4831772 1.8252174 0.9643497 1.4469053 1.4734925 1.3298368 1.1202681 1.5473652 1.5376594 1.8227773 1.5278389 2.4801088 2.7497207 2.4314840 2.2567588 2.0391567 1.8843325 1.9348970 2.2550985 1.8785514 1.9806583 2.1656667 2.1813293 2.0923773 1.8358562 2.6890884 2.4293003 2.4293003 2.4854277 2.4719803 2.4895157 3.1286302 2.6350388 
Pocdam_XM_027184585.1                                  1.3483285 1.3023788 1.4184873 1.3183763 1.3364835 1.3146598 0.6571359 0.5679264 0.4791543 0.5426695 0.2854905 0.1675193 0.1866752 0.1236369 0.0000000 1.1038633 1.1532096 1.0298064 1.0735465 1.0273661 1.2177583 1.6527656 2.0266750 1.4755692 1.8326534 0.9891051 1.3771215 1.4203104 1.3546752 1.2008760 1.5377047 1.4753156 1.8186899 1.5146712 2.3756817 2.6913009 2.3306826 2.1337926 2.1031668 1.8993929 1.9493309 2.2323274 1.8644862 1.9941450 2.2638955 2.2881212 2.0607182 1.9717147 2.7721632 2.3797074 2.3797074 2.3667283 2.3624848 2.3793988 2.9449317 2.4915239 
Nemnom_g15107.t1                                       1.3478182 1.1783395 1.4997906 1.4373023 1.3285697 1.1260992 1.0053841 1.0933919 1.1041637 1.0087212 1.0735202 1.0230620 0.9648584 1.1355829 1.1038633 0.0000000 0.3361222 0.5923807 1.1273354 1.0552826 1.0511141 1.0896412 1.4566964 1.3455904 1.3556877 1.2165521 1.2846477 1.3391719 1.1086087 1.1578183 1.7360821 0.8684952 1.4773853 1.6102176 2.3591252 2.4975415 2.0603026 2.3143796 1.9256157 2.1446231 2.0874547 2.2184848 1.9357155 2.2546682 2.1182926 2.0600468 2.2891217 2.0122741 2.6315332 2.3739546 2.3739546 2.3025943 2.2894368 2.2894368 2.4663065 2.3356036 
Rhoesc_Res_008242-T1                                   1.6502274 1.6743800 1.6056583 1.6432831 1.6385422 1.5202864 1.1235016 1.1653542 1.2711746 1.2219272 1.1729333 1.1108433 1.1462279 1.1775803 1.1532096 0.3361222 0.0000000 0.6806341 1.1270326 1.3319074 1.0980696 1.4229959 1.6147387 1.4946559 1.6548133 1.4412324 1.7170216 1.7003077 1.4349191 1.2229516 2.1497793 1.0718286 1.8984908 1.5841882 2.5382215 2.8006710 2.5645030 2.6880229 2.1134735 2.2954127 2.2295089 2.2606722 1.9639814 2.2719555 1.9974093 1.9690948 2.2902844 2.1707558 2.5599998 2.6462341 2.6462341 2.6506519 2.6685943 2.6685943 3.0296191 2.6184334 
Sanmal_Sma_001554-T1                                   1.5145609 1.4097570 1.5612516 1.4178610 1.3500578 1.3427183 1.0664331 1.0764554 1.0973999 1.0230919 1.0593484 0.9782655 0.9127545 1.0636974 1.0298064 0.5923807 0.6806341 0.0000000 1.2365898 1.3782481 0.9810516 1.3617390 1.9867995 1.4880210 1.7409755 1.2059384 1.5449147 1.5289401 1.4518116 1.2540335 1.7639171 1.0345366 1.9487427 1.4863473 2.6333855 2.7101013 2.7337744 2.5414070 2.0916498 2.0730527 2.0373259 2.1862350 2.0965415 2.4967490 2.2722897 2.2561544 2.2100207 2.1618584 2.2499312 2.6582100 2.6582100 2.6808260 2.7076156 2.6681979 3.1052955 2.7900029 
Dgig_XM_028537295.1                                    1.3465507 1.7620651 1.6331075 1.3841813 1.5373908 1.2499019 0.9690235 1.0264716 1.1160354 1.1438629 1.0352319 1.0241547 1.1346185 1.0642306 1.0735465 1.1273354 1.1270326 1.2365898 0.0000000 0.5541277 1.3974324 1.3896767 1.4196899 1.1992103 1.5414239 1.1883179 1.3729366 1.3391024 1.2705787 1.4638817 1.7766590 1.6995529 1.5650405 1.5023192 2.7721075 2.9662723 2.7249422 2.3948621 1.6613684 1.7994855 1.6569088 1.8303985 1.5845390 2.0102083 1.7937991 1.8503433 1.8739152 1.8332685 2.3481713 2.4842575 2.4842575 2.5672368 2.5292914 2.5283996 3.3130586 2.4828876 
Xesp_022152-T1                                         1.4458819 2.0118436 1.7679625 1.6647448 1.7287843 1.2900848 1.1428839 1.1634634 1.1681182 1.0920337 0.9604328 1.0081857 1.1685843 1.1726029 1.0273661 1.0552826 1.3319074 1.3782481 0.5541277 0.0000000 1.4009148 1.3160066 1.3750931 1.0392129 1.4683678 1.3274813 1.3459633 1.5235803 1.2486483 1.4508289 1.9999662 1.9519819 1.5873850 1.8103961 2.4297047 2.7936099 2.4071330 2.3452668 1.6417352 1.9537446 1.7248410 1.8383759 1.4035482 1.9502954 1.7101944 1.7500922 1.6431468 1.8093001 2.7850743 2.6265804 2.6265804 2.5357613 2.5316728 2.5316728 3.2367828 2.7426680 
Hvul_g2396_1                                           1.5809830 1.7349225 1.5538106 1.5626834 1.4165551 1.4813245 1.1063378 1.2392272 1.1787851 1.1815811 1.0650520 1.1010903 1.1170235 1.1712248 1.2177583 1.0511141 1.0980696 0.9810516 1.3974324 1.4009148 0.0000000 1.2612835 2.2961946 1.4799146 1.8763550 1.5260225 1.9105695 1.8251587 1.6951095 1.5190150 1.7498510 1.3949089 2.1156473 1.4584996 3.1961039 3.3393683 2.9197730 3.1764353 2.1877214 2.4692788 2.3673756 1.9803912 2.2411926 2.3471044 2.2535256 2.1757138 2.2370774 1.8696360 2.4436461 2.6992778 2.6992778 2.6719922 2.6015062 2.6202704 3.2360465 2.6687611 
Morvir_scaffold229.g1.t1                               1.7671612 1.9747890 1.8745458 1.9606899 1.7002248 1.7813687 1.4143888 1.5462014 1.4613273 1.2900697 1.7449265 1.4018540 1.5347441 1.5351109 1.6527656 1.0896412 1.4229959 1.3617390 1.3896767 1.3160066 1.2612835 0.0000000 1.8223954 1.3540832 1.7307723 1.5157513 1.6403450 1.6225874 1.5141738 1.3478802 2.3197476 1.7282006 1.8926922 1.8143890 2.9757257 2.8680998 2.8714187 2.7352325 2.2313496 2.3790887 2.2797180 2.4685471 1.9112270 2.3788728 1.9349878 1.9580728 2.1084453 2.4438505 3.1642097 2.5752810 2.5752810 2.6210173 2.6553984 2.6553984 2.8192185 2.7558822 
Aque_Aqu2.1.33338_001                                  2.0500587 2.2491721 1.9570400 2.0853603 2.0677646 1.9788684 1.7144118 1.7876613 1.8434860 1.8175613 2.0441660 1.9517904 1.9668100 2.0168140 2.0266750 1.4566964 1.6147387 1.9867995 1.4196899 1.3750931 2.2961946 1.8223954 0.0000000 0.4332448 0.9690812 1.2945305 1.5023539 1.5036513 1.3235201 1.7349721 2.7194788 1.7660727 1.9801978 1.9234543 3.8981754 3.8131210 3.7308083 3.5426020 2.2966027 2.3963375 2.3424186 2.4610065 2.2611059 2.2868388 2.1349962 2.1199452 2.2843017 2.5343741 2.8092160 2.3830997 2.3830997 2.4307668 2.4716435 2.4969880 2.9193215 2.4253163 
Halamb_c41787_g2_i1m.14170                             1.3402812 1.8670619 1.6020664 1.7660491 1.6973656 1.4667003 1.4264999 1.3407714 1.4783036 1.5011145 1.6577169 1.4353932 1.4397988 1.4831772 1.4755692 1.3455904 1.4946559 1.4880210 1.1992103 1.0392129 1.4799146 1.3540832 0.4332448 0.0000000 0.6189800 0.8365505 0.7114771 0.7588157 0.7511412 1.4822428 2.5885198 1.4557645 1.7140420 1.6572715 2.8861084 3.0567267 2.7168879 2.7256287 1.5709202 1.7731165 1.7114371 1.7727031 1.6309912 1.7724422 1.6062249 1.6183868 1.8476241 2.0451639 2.4696701 2.0150723 2.0150723 1.9683996 1.9642525 1.9915240 2.3860969 2.0222933 
Xestes_maker-XT_scaffold1218-augustus-gene-0.12-mRNA-1 1.8741790 2.4437603 1.8992271 1.9769174 1.9456607 1.8316198 1.6528815 1.8120814 1.7195210 1.6016287 1.9785735 1.6680142 1.7028186 1.8252174 1.8326534 1.3556877 1.6548133 1.7409755 1.5414239 1.4683678 1.8763550 1.7307723 0.9690812 0.6189800 0.0000000 1.0318852 1.1241226 1.1304885 1.1555549 1.4720098 2.7845698 1.8395156 1.9281002 1.8431439 2.9405965 2.9634131 2.8094688 3.1831460 2.3029224 2.6127746 2.4893608 2.4318837 2.4230347 2.5973261 2.2200467 2.2027775 2.3728767 2.8625201 3.5327766 2.7166269 2.7166269 2.7576240 2.7393539 2.7673874 3.1850802 2.7501860 
Stycar_maker-SC_scaffold3906-snap-gene-0.125-mRNA-1    1.2346014 1.2765847 1.3594138 1.2968967 1.2655389 1.2508727 1.0013311 0.9846853 1.0692743 1.0173017 1.0370718 0.9538698 0.9984692 0.9643497 0.9891051 1.2165521 1.4412324 1.2059384 1.1883179 1.3274813 1.5260225 1.5157513 1.2945305 0.8365505 1.0318852 0.0000000 0.6732869 0.7382272 0.6999031 1.3331924 1.8025922 1.8891833 1.7664748 1.4741974 2.5782524 2.5481243 2.2978966 2.2467939 1.9389203 2.1115595 2.0012585 2.0129685 1.7616539 2.0508862 1.8305059 1.8141232 2.0876118 2.0657356 2.6582986 2.2989919 2.2989919 2.3066671 2.2976092 2.3139431 2.7864569 2.3821273 
Emue_Em0019g1028a.t1                                   1.7548162 2.1664316 1.7691869 1.9421440 1.6225947 1.7436040 1.2752872 1.4477435 1.3556621 1.2938001 1.4212320 1.2837593 1.4440818 1.4469053 1.3771215 1.2846477 1.7170216 1.5449147 1.3729366 1.3459633 1.9105695 1.6403450 1.5023539 0.7114771 1.1241226 0.6732869 0.0000000 0.2702357 0.8685793 1.2605229 2.1041103 2.0112369 2.0688256 1.7718781 3.2037848 3.2683489 2.8965018 2.6890343 1.8820609 2.0949538 2.0887689 1.9341008 1.8417388 2.2512108 1.8618922 1.8489750 1.9596904 2.2861062 2.8637425 2.3431046 2.3431046 2.2606750 2.2977910 2.2977910 2.7309113 2.3197073 
Spolac_c102392_g1_i1_m.29132c102392-g1                 1.8079458 2.1658560 1.7989087 1.9403699 1.7510711 1.7634979 1.3173160 1.4441200 1.4025057 1.2702570 1.4717210 1.3493835 1.4778603 1.4734925 1.4203104 1.3391719 1.7003077 1.5289401 1.3391024 1.5235803 1.8251587 1.6225874 1.5036513 0.7588157 1.1304885 0.7382272 0.2702357 0.0000000 0.7885474 1.3312770 2.1737372 2.3750588 2.0216529 1.7599931 3.1207259 3.0417283 2.7966294 2.6430400 1.9075813 2.3109006 2.2939352 2.1078957 2.0181311 2.2944440 1.9477083 1.9295646 2.0962410 2.3105315 3.2196195 2.2585001 2.2585001 2.2649011 2.2506281 2.2506281 2.7286852 2.3553524 
Tetwil_g3719.t1                                        1.6611859 2.1920562 1.6410339 1.8562991 1.5116269 1.7618425 1.3156841 1.3676159 1.4480466 1.3246329 1.5033226 1.2552828 1.4195000 1.3298368 1.3546752 1.1086087 1.4349191 1.4518116 1.2705787 1.2486483 1.6951095 1.5141738 1.3235201 0.7511412 1.1555549 0.6999031 0.8685793 0.7885474 0.0000000 1.3902224 2.0710974 2.2793812 1.9331688 1.7308163 3.1390985 3.0728475 2.6943500 2.6583843 2.0403826 2.0335591 1.9873843 2.1438906 1.9330580 2.1017065 2.0955619 2.0679374 2.0965011 2.3047868 2.6220013 2.1474516 2.1474516 2.2971707 2.2327672 2.2399201 2.6321805 2.3661688 
Clacor_Ccor_scaffold10353_01                           1.6163331 2.0622135 1.8069171 1.8993164 1.4930800 1.4335837 1.3723487 1.2877414 1.2256982 1.2256982 1.1864296 1.1474073 1.1039316 1.1202681 1.2008760 1.1578183 1.2229516 1.2540335 1.4638817 1.4508289 1.5190150 1.3478802 1.7349721 1.4822428 1.4720098 1.3331924 1.2605229 1.3312770 1.3902224 0.0000000 1.9054189 1.5532208 1.6101153 1.8859109 1.6987212 1.5739790 1.6014824 1.3772398 1.7494565 1.8195436 1.7191241 1.8395480 1.6791248 2.2168292 1.9558304 1.9558304 1.9066346 2.3859285 3.6913645 2.1283584 2.1283584 2.2727729 2.1798806 2.1798806 2.3090239 2.1445557 
Cscu_XM_023372562.1                                    1.4510114 1.0519596 1.4199843 1.2786820 1.3611790 1.4338498 1.3728382 1.2603505 1.4497413 1.3956146 1.6468935 1.4180295 1.6244858 1.5473652 1.5377047 1.7360821 2.1497793 1.7639171 1.7766590 1.9999662 1.7498510 2.3197476 2.7194788 2.5885198 2.7845698 1.8025922 2.1041103 2.1737372 2.0710974 1.9054189 0.0000000 1.5007535 1.6734453 1.2560921 3.5551089 3.8287453 3.4542623 3.4079307 2.9754546 2.8471314 3.0788546 2.8184006 2.8966368 2.7005231 3.2429955 3.3075394 2.9140584 2.4812787 2.6747248 4.0861659 4.0861659 4.0857483 4.1181314 4.1473335 3.8168893 4.2469107 
Aaur_scaffold127.g11.t1                                1.5350159 1.2779399 1.7703968 1.5604627 2.1094995 1.5539980 1.4257453 1.4200254 1.5184998 1.1677237 1.4272787 1.3314687 1.3532946 1.5376594 1.4753156 0.8684952 1.0718286 1.0345366 1.6995529 1.9519819 1.3949089 1.7282006 1.7660727 1.4557645 1.8395156 1.8891833 2.0112369 2.3750588 2.2793812 1.5532208 1.5007535 0.0000000 2.3102427 1.6647321 4.4680111 4.1007895 4.5944299 3.8933993 2.6603627 2.3626460 2.3626460 2.4560342 2.5955969 3.2856910 2.8904200 2.8387131 2.7154444 2.6042326 2.9295095 4.0583352 4.0583352 3.7672531 3.7320610 3.8543127 3.7794701 3.8583420 
Tcas_TC001348_001                                      1.5450838 2.1891800 1.8191210 1.4647244 1.4635468 1.5947107 1.6228560 1.5466747 1.5738996 1.4921830 1.6600619 1.6744949 1.7853349 1.8227773 1.8186899 1.4773853 1.8984908 1.9487427 1.5650405 1.5873850 2.1156473 1.8926922 1.9801978 1.7140420 1.9281002 1.7664748 2.0688256 2.0216529 1.9331688 1.6101153 1.6734453 2.3102427 0.0000000 1.2941374 3.0807785 3.1470023 3.1022708 2.8542076 2.4675663 2.7607594 2.6014556 2.5153311 2.5216111 2.5694560 2.6496192 2.7235262 2.5482236 2.9160928 3.9910718 2.8451157 2.8451157 2.7060730 2.7288894 2.7288894 3.3046528 2.7820811 
Dpul_mRNA28919                                         1.2333365 1.2876105 1.2515986 1.1109861 1.2157247 1.3028280 1.4457921 1.5726923 1.3812928 1.2922949 1.6021696 1.4387108 1.4986843 1.5278389 1.5146712 1.6102176 1.5841882 1.4863473 1.5023192 1.8103961 1.4584996 1.8143890 1.9234543 1.6572715 1.8431439 1.4741974 1.7718781 1.7599931 1.7308163 1.8859109 1.2560921 1.6647321 1.2941374 0.0000000 3.0914460 3.1609043 3.0119036 2.7501248 2.2461966 2.4903424 2.3869964 2.3555951 2.2604034 2.2482150 2.3626668 2.3402245 2.0656039 2.2564431 2.7596704 2.7967129 2.7967129 2.8132896 2.7843868 2.8341052 3.1710583 2.8849361 
Scil_scict025833.1                                     2.9944546 4.5102103 2.8147558 2.8461070 2.7565742 2.6043733 2.5172914 2.6690119 2.4897200 2.2796452 2.6622283 2.3678846 2.5278315 2.4801088 2.3756817 2.3591252 2.5382215 2.6333855 2.7721075 2.4297047 3.1961039 2.9757257 3.8981754 2.8861084 2.9405965 2.5782524 3.2037848 3.1207259 3.1390985 1.6987212 3.5551089 4.4680111 3.0807785 3.0914460 0.0000000 0.3764236 0.4042209 0.6305002 4.0040233 4.1222381 3.6909473 4.7305405 3.6548126 4.7331767 3.6113746 3.6851724 4.3452560 5.0903649 8.9999984 3.6209096 3.6209096 3.6015551 3.5589672 3.5838949 3.7159156 3.7924041 
Leuniv_Lniv_C798664_01                                 3.2258523 4.9104339 3.0488473 2.9900634 2.7141140 2.8713071 2.5866125 2.7499673 2.7206988 2.5353098 2.8932414 2.5690754 2.7513861 2.7497207 2.6913009 2.4975415 2.8006710 2.7101013 2.9662723 2.7936099 3.3393683 2.8680998 3.8131210 3.0567267 2.9634131 2.5481243 3.2683489 3.0417283 3.0728475 1.5739790 3.8287453 4.1007895 3.1470023 3.1609043 0.3764236 0.0000000 0.4729346 0.6308755 3.9155725 4.1471992 3.6448005 4.5022485 3.5894421 4.7105110 3.4630889 3.4826256 4.2592671 5.1443092 8.1372605 3.1033387 3.1033387 3.1718980 3.1615936 3.1707526 3.5783094 3.3657255 
Gracom_Gcom_C536636_01                                 2.8658765 4.5730132 2.7147389 2.7232576 2.7450934 2.6695908 2.2580756 2.3958822 2.4866455 2.2572575 2.5142319 2.2706246 2.4859889 2.4314840 2.3306826 2.0603026 2.5645030 2.7337744 2.7249422 2.4071330 2.9197730 2.8714187 3.7308083 2.7168879 2.8094688 2.2978966 2.8965018 2.7966294 2.6943500 1.6014824 3.4542623 4.5944299 3.1022708 3.0119036 0.4042209 0.4729346 0.0000000 0.6678886 3.9083296 4.1795627 3.6612854 4.6785435 3.8390301 4.5236491 3.2573611 3.3080949 3.9910364 5.4248370 7.7910591 3.1977604 3.1977604 3.2506520 3.1729179 3.1946587 3.3720348 3.2311760 
Lcom_lcpid63782                                        2.6486758 4.2362212 2.9769782 2.6956026 2.3475811 2.5682031 2.2207636 2.0862597 2.5339188 2.2997880 2.4817797 2.0867781 2.2979293 2.2567588 2.1337926 2.3143796 2.6880229 2.5414070 2.3948621 2.3452668 3.1764353 2.7352325 3.5426020 2.7256287 3.1831460 2.2467939 2.6890343 2.6430400 2.6583843 1.3772398 3.4079307 3.8933993 2.8542076 2.7501248 0.6305002 0.6308755 0.6678886 0.0000000 4.0688782 3.9218613 3.4363316 4.5636773 3.4171783 4.9987518 3.7488676 3.7891051 3.9461200 4.2534787 7.5893611 3.3729358 3.3729358 3.3786357 3.2778891 3.2773955 3.4334660 3.4195493 
Mlei_ML2769.g11.i1                                     2.3416862 2.9522025 2.5570051 2.2979522 2.1781945 2.1380831 1.9122123 2.1011905 1.9510600 1.8775327 2.1279359 2.1346749 2.0754263 2.0391567 2.1031668 1.9256157 2.1134735 2.0916498 1.6613684 1.6417352 2.1877214 2.2313496 2.2966027 1.5709202 2.3029224 1.9389203 1.8820609 1.9075813 2.0403826 1.7494565 2.9754546 2.6603627 2.4675663 2.2461966 4.0040233 3.9155725 3.9083296 4.0688782 0.0000000 0.4629981 0.4160806 0.3905333 0.5822088 0.5727681 0.6179946 0.6326856 0.8061959 0.9565609 1.1026487 2.7169867 2.7169867 2.7021312 2.6791115 2.6945763 3.5575754 2.7886166 
Bolinf_Binf_sb1247148                                  2.3292933 2.4798404 2.6687578 2.4335200 2.1967111 2.3395890 1.9041701 1.9518974 1.6358380 1.4949063 1.7602571 1.9031688 1.9240787 1.8843325 1.8993929 2.1446231 2.2954127 2.0730527 1.7994855 1.9537446 2.4692788 2.3790887 2.3963375 1.7731165 2.6127746 2.1115595 2.0949538 2.3109006 2.0335591 1.8195436 2.8471314 2.3626460 2.7607594 2.4903424 4.1222381 4.1471992 4.1795627 3.9218613 0.4629981 0.0000000 0.0160281 0.5238090 0.5504044 0.6113926 0.8126250 0.8225283 0.9247437 0.8079169 1.0217419 3.1690757 3.1690757 3.1250088 3.0834139 3.0936758 3.3558216 3.1997932 
Mertsp_Mesp_sb588251                                   2.1142884 2.4798404 2.4448469 2.2299935 2.0670440 2.1437150 1.9769332 2.0350977 1.7140857 1.5945918 1.8570991 1.9525590 1.9770137 1.9348970 1.9493309 2.0874547 2.2295089 2.0373259 1.6569088 1.7248410 2.3673756 2.2797180 2.3424186 1.7114371 2.4893608 2.0012585 2.0887689 2.2939352 1.9873843 1.7191241 3.0788546 2.3626460 2.6014556 2.3869964 3.6909473 3.6448005 3.6612854 3.4363316 0.4160806 0.0160281 0.0000000 0.4998316 0.5035694 0.6162723 0.7108193 0.7189625 0.8041507 0.8079169 1.0217419 2.8079380 2.8079380 2.7953249 2.7605913 2.7690045 3.3558216 2.8880372 
Beraby_Baby_sb332426                                   2.3604295 2.8351532 2.5316202 2.4211608 2.2882076 2.3006656 2.1027717 2.3142097 1.9949852 1.8418980 2.3075461 2.2398164 2.2864453 2.2550985 2.2323274 2.2184848 2.2606722 2.1862350 1.8303985 1.8383759 1.9803912 2.4685471 2.4610065 1.7727031 2.4318837 2.0129685 1.9341008 2.1078957 2.1438906 1.8395480 2.8184006 2.4560342 2.5153311 2.3555951 4.7305405 4.5022485 4.6785435 4.5636773 0.3905333 0.5238090 0.4998316 0.0000000 0.7241640 0.5755693 0.8438818 0.8230484 0.8799655 1.0347271 1.2196235 3.2327198 3.2327198 3.1044521 3.1129237 3.0989676 3.6794618 3.0829195 
Lampan_Lpan_14687_01                                   2.2453838 2.6719500 2.1893960 2.1484564 1.9062513 1.9595175 1.9182698 1.9621039 1.8408465 1.7510284 2.1375173 1.9537174 2.0145775 1.8785514 1.8644862 1.9357155 1.9639814 2.0965415 1.5845390 1.4035482 2.2411926 1.9112270 2.2611059 1.6309912 2.4230347 1.7616539 1.8417388 2.0181311 1.9330580 1.6791248 2.8966368 2.5955969 2.5216111 2.2604034 3.6548126 3.5894421 3.8390301 3.4171783 0.5822088 0.5504044 0.5035694 0.7241640 0.0000000 0.6782433 0.6623150 0.7057861 0.7254350 0.7373589 1.2003470 2.9220449 2.9220449 2.8500417 2.8770427 2.8855755 3.5928109 3.0493896 
Drygla_Dgla_sb291558                                   2.4993491 2.8529286 2.7216971 2.7473374 2.2681870 2.3526281 1.9398629 2.0537347 2.0095426 1.9351630 2.1762003 1.9446224 1.9404254 1.9806583 1.9941450 2.2546682 2.2719555 2.4967490 2.0102083 1.9502954 2.3471044 2.3788728 2.2868388 1.7724422 2.5973261 2.0508862 2.2512108 2.2944440 2.1017065 2.2168292 2.7005231 3.2856910 2.5694560 2.2482150 4.7331767 4.7105110 4.5236491 4.9987518 0.5727681 0.6113926 0.6162723 0.5755693 0.6782433 0.0000000 0.7060393 0.7346843 0.9721206 0.8697775 1.3703689 3.1992176 3.1992176 3.2767940 3.2348064 3.2601665 3.7372905 3.2893396 
Pbac_sb2644537                                         2.3260545 2.7144401 2.4356035 2.3456494 2.2600655 2.1420907 2.0467480 2.1995603 2.1011547 1.9610364 2.4259154 2.2657233 2.3123036 2.1656667 2.2638955 2.1182926 1.9974093 2.2722897 1.7937991 1.7101944 2.2535256 1.9349878 2.1349962 1.6062249 2.2200467 1.8305059 1.8618922 1.9477083 2.0955619 1.9558304 3.2429955 2.8904200 2.6496192 2.3626668 3.6113746 3.4630889 3.2573611 3.7488676 0.6179946 0.8126250 0.7108193 0.8438818 0.6623150 0.7060393 0.0000000 0.0379327 0.9081140 1.0416402 1.4649539 2.7948696 2.7948696 2.6718689 2.6567345 2.6463204 3.4317875 2.7626391 
Horcal_Hcv1.av93.c7.g54.i1                             2.3711676 2.7634863 2.4902333 2.4097560 2.2884043 2.2029516 2.0994415 2.1707323 2.1249661 1.9919304 2.3662919 2.2822449 2.3311155 2.1813293 2.2881212 2.0600468 1.9690948 2.2561544 1.8503433 1.7500922 2.1757138 1.9580728 2.1199452 1.6183868 2.2027775 1.8141232 1.8489750 1.9295646 2.0679374 1.9558304 3.3075394 2.8387131 2.7235262 2.3402245 3.6851724 3.4826256 3.3080949 3.7891051 0.6326856 0.8225283 0.7189625 0.8230484 0.7057861 0.7346843 0.0379327 0.0000000 0.9048528 1.0804134 1.4311619 2.7997541 2.7997541 2.6372043 2.6110884 2.6009683 3.3718920 2.7321364 
Coemet_Cmet_scaffold16939_01                           2.2504019 3.4708291 2.3635933 2.2568285 2.1923094 2.5142958 2.1102863 2.1306483 1.9578879 1.8169505 2.1876800 2.1011244 2.1491638 2.0923773 2.0607182 2.2891217 2.2902844 2.2100207 1.8739152 1.6431468 2.2370774 2.1084453 2.2843017 1.8476241 2.3728767 2.0876118 1.9596904 2.0962410 2.0965011 1.9066346 2.9140584 2.7154444 2.5482236 2.0656039 4.3452560 4.2592671 3.9910364 3.9461200 0.8061959 0.9247437 0.8041507 0.8799655 0.7254350 0.9721206 0.9081140 0.9048528 0.0000000 1.0816917 1.0774838 3.0037454 3.0037454 3.1040629 3.0038805 3.0358333 3.9310115 3.1372762 
Eupdun_Edun_sb10627208                                 2.3613334 2.5920937 2.6018625 2.4192166 2.2938180 2.4902010 1.9848452 2.0120900 2.0612216 2.1907559 2.0333872 1.8707889 1.8852738 1.8358562 1.9717147 2.0122741 2.1707558 2.1618584 1.8332685 1.8093001 1.8696360 2.4438505 2.5343741 2.0451639 2.8625201 2.0657356 2.2861062 2.3105315 2.3047868 2.3859285 2.4812787 2.6042326 2.9160928 2.2564431 5.0903649 5.1443092 5.4248370 4.2534787 0.9565609 0.8079169 0.8079169 1.0347271 0.7373589 0.8697775 1.0416402 1.0804134 1.0816917 0.0000000 1.1984793 3.9428924 3.9428924 3.7837031 3.7037474 3.7534382 3.7127909 4.0982388 
Vmul_sbMO384812                                        2.6819023 2.8804596 2.9067937 3.0224516 2.6818927 3.0299713 2.1392361 2.2686174 2.0879174 1.9648478 2.8844256 2.4010273 2.4188848 2.6890884 2.7721632 2.6315332 2.5599998 2.2499312 2.3481713 2.7850743 2.4436461 3.1642097 2.8092160 2.4696701 3.5327766 2.6582986 2.8637425 3.2196195 2.6220013 3.6913645 2.6747248 2.9295095 3.9910718 2.7596704 8.9999984 8.1372605 7.7910591 7.5893611 1.1026487 1.0217419 1.0217419 1.2196235 1.2003470 1.3703689 1.4649539 1.4311619 1.0774838 1.1984793 0.0000000 5.5723804 5.5723804 5.3959197 5.2345113 5.1925654 5.4652608 5.3748601 
Tadh_TriadT56533                                       2.9918557 4.4122258 3.0752306 3.1327253 2.8278154 2.5442080 2.3700798 2.4540032 2.3377302 2.0429348 2.8333674 2.4435491 2.5617493 2.4293003 2.3797074 2.3739546 2.6462341 2.6582100 2.4842575 2.6265804 2.6992778 2.5752810 2.3830997 2.0150723 2.7166269 2.2989919 2.3431046 2.2585001 2.1474516 2.1283584 4.0861659 4.0583352 2.8451157 2.7967129 3.6209096 3.1033387 3.1977604 3.3729358 2.7169867 3.1690757 2.8079380 3.2327198 2.9220449 3.1992176 2.7948696 2.7997541 3.0037454 3.9428924 5.5723804 0.0000000 0.0000010 0.2380841 0.2037491 0.2045292 0.2505639 0.2613525 
TrH2_TrispH2_001892-RA                                 2.9918557 4.4122258 3.0752306 3.1327253 2.8278154 2.5442080 2.3700798 2.4540032 2.3377302 2.0429348 2.8333674 2.4435491 2.5617493 2.4293003 2.3797074 2.3739546 2.6462341 2.6582100 2.4842575 2.6265804 2.6992778 2.5752810 2.3830997 2.0150723 2.7166269 2.2989919 2.3431046 2.2585001 2.1474516 2.1283584 4.0861659 4.0583352 2.8451157 2.7967129 3.6209096 3.1033387 3.1977604 3.3729358 2.7169867 3.1690757 2.8079380 3.2327198 2.9220449 3.1992176 2.7948696 2.7997541 3.0037454 3.9428924 5.5723804 0.0000010 0.0000000 0.2380841 0.2037491 0.2045292 0.2505639 0.2613525 
HoiH06_mRNA3198                                        3.0448032 4.1964707 3.3937988 3.3442540 2.6772174 2.5544092 2.3491985 2.4983144 2.2697179 1.9296848 2.6564005 2.4660573 2.5067454 2.4854277 2.3667283 2.3025943 2.6506519 2.6808260 2.5672368 2.5357613 2.6719922 2.6210173 2.4307668 1.9683996 2.7576240 2.3066671 2.2606750 2.2649011 2.2971707 2.2727729 4.0857483 3.7672531 2.7060730 2.8132896 3.6015551 3.1718980 3.2506520 3.3786357 2.7021312 3.1250088 2.7953249 3.1044521 2.8500417 3.2767940 2.6718689 2.6372043 3.1040629 3.7837031 5.3959197 0.2380841 0.2380841 0.0000000 0.0709067 0.0767845 0.0673187 0.1580599 
Hhon_g08065.t1                                         3.0519757 4.4312840 3.2375040 3.3107805 2.7211121 2.5759406 2.3295691 2.5105584 2.2785934 1.9425966 2.7264361 2.4236491 2.5310758 2.4719803 2.3624848 2.2894368 2.6685943 2.7076156 2.5292914 2.5316728 2.6015062 2.6553984 2.4716435 1.9642525 2.7393539 2.2976092 2.2977910 2.2506281 2.2327672 2.1798806 4.1181314 3.7320610 2.7288894 2.7843868 3.5589672 3.1615936 3.1729179 3.2778891 2.6791115 3.0834139 2.7605913 3.1129237 2.8770427 3.2348064 2.6567345 2.6110884 3.0038805 3.7037474 5.2345113 0.2037491 0.2037491 0.0709067 0.0000000 0.0050960 0.1253122 0.1409313 
HoiH04_mRNA14286                                       3.1054340 4.4794486 3.2608013 3.3206718 2.7203309 2.5837242 2.3368546 2.5096371 2.2951000 1.9602632 2.7501188 2.4411536 2.5512852 2.4895157 2.3793988 2.2894368 2.6685943 2.6681979 2.5283996 2.5316728 2.6202704 2.6553984 2.4969880 1.9915240 2.7673874 2.3139431 2.2977910 2.2506281 2.2399201 2.1798806 4.1473335 3.8543127 2.7288894 2.8341052 3.5838949 3.1707526 3.1946587 3.2773955 2.6945763 3.0936758 2.7690045 3.0989676 2.8855755 3.2601665 2.6463204 2.6009683 3.0358333 3.7534382 5.1925654 0.2045292 0.2045292 0.0767845 0.0050960 0.0000000 0.1331387 0.1475249 
HoiH23_PlH23_004656-RA                                 3.6516980 4.5469301 4.1071385 4.0985904 3.1536396 3.2126364 2.8179276 2.8690103 2.8263238 2.4189157 3.7624083 3.1004450 3.2898972 3.1286302 2.9449317 2.4663065 3.0296191 3.1052955 3.3130586 3.2367828 3.2360465 2.8192185 2.9193215 2.3860969 3.1850802 2.7864569 2.7309113 2.7286852 2.6321805 2.3090239 3.8168893 3.7794701 3.3046528 3.1710583 3.7159156 3.5783094 3.3720348 3.4334660 3.5575754 3.3558216 3.3558216 3.6794618 3.5928109 3.7372905 3.4317875 3.3718920 3.9310115 3.7127909 5.4652608 0.2505639 0.2505639 0.0673187 0.1253122 0.1331387 0.0000000 0.1809419 
HoiH11_mRNA1215                                        3.1060590 4.3161759 3.4037998 3.4003900 2.8898185 2.7872060 2.3281927 2.6335889 2.3471438 2.0095320 2.7673697 2.6391343 2.7251767 2.6350388 2.4915239 2.3356036 2.6184334 2.7900029 2.4828876 2.7426680 2.6687611 2.7558822 2.4253163 2.0222933 2.7501860 2.3821273 2.3197073 2.3553524 2.3661688 2.1445557 4.2469107 3.8583420 2.7820811 2.8849361 3.7924041 3.3657255 3.2311760 3.4195493 2.7886166 3.1997932 2.8880372 3.0829195 3.0493896 3.2893396 2.7626391 2.7321364 3.1372762 4.0982388 5.3748601 0.2613525 0.2613525 0.1580599 0.1409313 0.1475249 0.1809419 0.0000000 
