49
Hsap_ENST00000307771                               0.0000000 1.5530366 1.7974185 1.5509460 1.5371458 1.9138178 1.6909102 1.4862193 1.3798206 1.8671703 1.8488053 1.5711767 1.6737126 1.6668096 1.9032519 1.4630755 1.5264854 1.6934026 1.5504695 2.4210124 2.0602256 2.3470351 2.0875879 1.5331629 1.7459112 1.6868195 1.9714356 1.8019008 1.8172589 1.4102703 1.7135624 2.0867895 2.1231417 2.1242939 2.0865212 2.3256683 2.1290983 2.1172686 1.9426952 1.9687658 2.1183606 3.2740768 2.3644345 1.9529027 2.1880340 2.3038628 3.9670652 2.4072886 2.6373498 
Cscu_XM_023385110.1                                1.5530366 0.0000000 1.9470381 1.8538528 1.6233276 1.9859218 1.7088725 1.6610370 1.6606305 1.8664133 2.0201668 1.8945838 1.9804171 2.0021256 1.9854869 1.5368959 1.4343120 1.1341499 1.4624340 2.3490462 1.7655817 2.3842617 1.7275778 1.6798314 1.7499025 1.9684721 2.1145574 2.0784454 1.7975561 1.5999433 1.5834912 1.9020903 2.7451468 2.6644245 2.6262141 2.6145571 2.4672017 2.4560797 1.7628110 2.3875677 1.8556927 2.3449928 1.9829377 1.8496127 2.0342983 2.0267514 3.3736428 1.9254790 3.5079107 
Exapal_XM_028659671.1                              1.7974185 1.9470381 0.0000000 0.9875662 0.9683536 1.0857302 0.9548650 1.5663661 1.1294627 1.4799696 1.4687084 1.6546585 1.7332749 1.6781530 1.7321387 1.9937404 1.9037186 1.8163487 1.6009921 2.3057320 1.7057146 2.4017520 1.9729177 1.6432035 2.2222937 1.5341663 1.9245698 1.6901032 1.9097621 1.7714591 1.9919352 2.0040127 2.4718549 2.3345147 2.4996901 2.4143737 2.4370026 2.4275903 1.9693772 2.1698850 2.1122216 3.9365599 2.4951338 1.9368127 2.0788315 2.2007459 4.1617767 2.4537137 1.1760900 
Amil_Amillepora24734-RA                            1.5509460 1.8538528 0.9875662 0.0000000 0.3359836 0.4324253 0.3721898 1.2442402 1.0727206 1.0999824 1.0457997 1.3171575 1.3225796 1.4103648 1.3011475 1.7505577 1.8222195 1.7948929 1.5839230 2.0578608 1.8498824 2.0096022 2.0584016 1.9382763 1.6947034 1.4265809 1.7909352 1.5569064 1.6798556 1.5519517 1.6703843 1.6610728 2.2633945 2.1106039 2.2120647 2.2746148 2.1371321 2.1424535 2.1901187 1.8458861 2.3288360 3.3207658 2.4298563 2.0317356 2.2553098 2.3939222 3.9655828 2.0505760 1.2381846 
Fspp_ffun1.m4.6965.m1                              1.5371458 1.6233276 0.9683536 0.3359836 0.0000000 0.3442081 0.3137887 1.1585362 1.1530033 1.1835958 1.1598734 1.4719043 1.4316323 1.4643289 1.5030765 1.6497507 1.7239796 1.8654374 1.4756916 2.2268103 1.6850387 2.3219021 1.8475694 1.7740207 1.8237965 1.4947925 1.7448358 1.5632554 1.6868868 1.5642956 1.7146352 1.5526981 2.2572174 2.0726987 2.2045871 2.1837490 2.0686243 2.0703999 2.0161203 1.8333636 2.0333271 3.4689732 2.2247301 1.6916814 1.8651391 2.0625732 2.9997210 1.7403681 1.1632282 
Spis_XP_022797970_1                                1.9138178 1.9859218 1.0857302 0.4324253 0.3442081 0.0000000 0.1474456 1.2302892 1.1851722 1.3564943 1.2757225 1.6074940 1.6714192 1.6873412 1.6179423 1.8014292 1.8988601 2.0411513 1.5669005 2.5079307 1.8463503 2.4951394 2.3144825 1.9727192 1.9441517 1.7123433 1.8028226 1.6914148 1.7280390 1.7625876 2.1036243 1.8151691 2.3147806 2.3644993 2.4541795 2.5032244 2.3498898 2.3245587 2.2320894 1.9253655 2.0887389 4.0309181 2.3381408 2.0377131 2.0803379 2.2122256 3.9358321 2.3113853 1.2803957 
Pocdam_XM_027190434.1                              1.6909102 1.7088725 0.9548650 0.3721898 0.3137887 0.1474456 0.0000000 1.0953593 1.2529437 1.3325200 1.2843628 1.5338165 1.5895123 1.6607280 1.6475011 1.8394380 1.8654002 2.0207211 1.6902907 2.3649860 1.6266672 2.4263992 2.2040889 1.8555430 1.7782386 1.6984188 1.6334728 1.5279113 1.6013883 1.5782659 1.9513850 1.6738960 2.3049756 2.1626645 2.3570024 2.2506929 2.1597204 2.1348725 2.0134815 1.8176426 2.0643789 3.8278956 2.3638798 2.1023524 2.2870786 2.1565193 4.4590478 2.2727230 1.2143019 
Tetwil_g10146.t1                                   1.4862193 1.6610370 1.5663661 1.2442402 1.1585362 1.2302892 1.0953593 0.0000000 0.9138544 1.5636750 1.7337895 1.4838687 1.5314660 1.5547985 1.7102257 1.6077273 1.5875747 1.6869992 1.1286938 2.2801377 1.6761908 2.0125830 1.7547905 1.4070802 1.4932590 1.5460810 1.3493436 1.1662079 1.0604425 1.5328290 1.5623146 1.6934501 2.1802779 2.1310823 2.0720913 2.0651565 2.0592796 2.0281378 2.0734730 1.7253363 2.1933726 3.5019217 2.1511044 1.8732042 1.9236348 2.1295973 3.2252969 2.0089866 1.8687282 
Stycar_maker-SC_scaffold4406-snap-gene-0.6-mRNA-1  1.3798206 1.6606305 1.1294627 1.0727206 1.1530033 1.1851722 1.2529437 0.9138544 0.0000000 1.4319127 1.5777276 1.4415368 1.4664879 1.3529555 1.6107634 1.4925380 1.5323221 1.8465631 1.2115654 1.8773544 1.5259196 1.6331604 1.5625179 1.1867302 1.7988528 1.5238122 1.3606055 1.2194151 1.2400309 1.5753714 1.9543762 1.4748110 1.7742757 1.7742757 2.1233972 2.0713511 2.1011992 2.0962303 1.8370149 2.3336848 2.5922661 2.8179467 2.0803201 2.0087873 1.8698759 1.9050715 5.0049085 3.9892237 2.2826041 
Dgig_XM_028549406.1                                1.8671703 1.8664133 1.4799696 1.0999824 1.1835958 1.3564943 1.3325200 1.5636750 1.4319127 0.0000000 0.5981805 1.8090450 1.8409009 1.8151165 1.7580666 2.0616359 2.3002242 2.1275952 1.6052224 2.3815574 1.9028614 2.4263643 2.3187366 1.9155518 2.0567086 1.8113653 1.8974903 1.8100700 2.0086888 1.7481517 2.1738743 1.9228944 2.1597593 2.1259367 2.1809402 2.2526561 2.2732986 2.2565636 2.0437544 2.1359395 2.1765341 4.1591887 2.4888826 2.0989523 2.0167733 2.2735696 5.9690892 2.6184660 1.6798448 
Xesp_014610-T1                                     1.8488053 2.0201668 1.4687084 1.0457997 1.1598734 1.2757225 1.2843628 1.7337895 1.5777276 0.5981805 0.0000000 1.6434817 1.6020034 1.6196149 1.6240622 2.0243104 2.1836265 2.1400333 1.6571359 2.5690856 2.1302879 2.6609527 2.2871454 2.1994709 2.0863029 1.8348510 1.8402428 1.7197063 2.0388854 1.8357240 2.0359198 1.9928744 2.5052938 2.3923514 2.4079275 2.5202532 2.4947053 2.4617844 2.1571196 2.0546497 2.2622403 3.3320147 2.3136610 1.9668780 2.0497458 2.3442490 5.1713584 2.1477150 1.6911446 
Aaur_scaffold195.g1.t2                             1.5711767 1.8945838 1.6546585 1.3171575 1.4719043 1.6074940 1.5338165 1.4838687 1.4415368 1.8090450 1.6434817 0.0000000 0.6137565 0.6066077 0.7917046 1.7271505 1.6713063 1.9026996 1.6326915 3.0675290 2.2482594 2.8460172 2.2431954 1.8691138 1.8538586 1.3198923 2.0875252 1.9914297 2.0947849 1.6678927 1.7127702 1.8838333 2.5207396 2.3828477 2.2118120 2.3687205 2.2950297 2.2863530 1.8812298 1.8338514 1.7832176 3.1245185 2.3986396 1.8898006 1.8633569 2.1915254 2.8445023 2.0823541 2.1616303 
Nemnom_g17822.t1                                   1.6737126 1.9804171 1.7332749 1.3225796 1.4316323 1.6714192 1.5895123 1.5314660 1.4664879 1.8409009 1.6020034 0.6137565 0.0000000 0.3366937 0.8516471 1.7827337 1.8283816 2.0204353 1.4369031 2.9114359 2.2223703 3.0618167 2.2710240 1.8669580 1.9981669 1.4770181 2.1743485 1.8694987 2.0660909 1.7823646 1.6573238 1.9578450 2.7525717 2.4822061 2.5502537 2.6249484 2.4180832 2.3950180 2.0517667 1.9616710 1.8682593 3.0986239 2.3532523 1.9353361 2.0911970 2.3359104 4.1162192 2.3378556 1.9817237 
Rhoesc_Res_007652-T1                               1.6668096 2.0021256 1.6781530 1.4103648 1.4643289 1.6873412 1.6607280 1.5547985 1.3529555 1.8151165 1.6196149 0.6066077 0.3366937 0.0000000 0.8515465 1.7766064 1.8535068 1.9272489 1.5571528 2.9991684 2.2089258 3.0515227 2.2221310 2.0485017 1.9947669 1.4490616 2.1457795 1.9890111 2.1490663 1.7511617 1.6910236 2.1407434 2.5367245 2.3476015 2.3911509 2.5376881 2.3948810 2.3719265 2.0876142 1.9209330 2.1070671 3.0848599 2.4543614 2.0003092 2.0362336 2.3478300 3.2310111 2.7580694 2.1551193 
Sanmal_Sma_015625-T1                               1.9032519 1.9854869 1.7321387 1.3011475 1.5030765 1.6179423 1.6475011 1.7102257 1.6107634 1.7580666 1.6240622 0.7917046 0.8516471 0.8515465 0.0000000 1.8655788 1.9252517 2.0133854 1.7039816 2.6476051 2.0356968 2.6393134 2.2371266 2.0354216 1.9887094 1.3907606 2.1884584 1.9826789 2.0491537 1.6786757 1.7325700 1.7280121 2.3342492 2.2384555 2.1686716 2.2812282 2.2652850 2.2564217 2.1005751 1.7339464 1.8021882 3.6923181 2.8589535 2.1269683 2.2272145 2.5671784 3.7030944 2.3241368 1.8386079 
Acagra_model.g17226.t1                             1.4630755 1.5368959 1.9937404 1.7505577 1.6497507 1.8014292 1.8394380 1.6077273 1.4925380 2.0616359 2.0243104 1.7271505 1.7827337 1.7766064 1.8655788 0.0000000 1.6125760 1.6059067 1.6047478 2.7799192 2.0389016 2.6459824 2.4657955 1.8127813 1.7105716 1.6350178 1.9364745 1.8176530 1.7531589 1.4941006 1.4706293 2.0106354 2.5688685 2.5078165 2.1210131 2.2317138 2.1483551 2.1303532 1.5574552 2.0268350 2.0902885 3.3925528 2.4258006 1.9517713 2.1237902 2.2685637 3.7733112 1.9276169 2.2251257 
Skow_XM_002739574.2                                1.5264854 1.4343120 1.9037186 1.8222195 1.7239796 1.8988601 1.8654002 1.5875747 1.5323221 2.3002242 2.1836265 1.6713063 1.8283816 1.8535068 1.9252517 1.6125760 0.0000000 1.3338168 1.6025896 2.2631526 1.8974201 2.2338473 2.1909197 1.9015853 1.5974470 1.7131656 2.3194966 1.6016794 1.8912075 1.8982800 1.9540323 1.6932812 2.2437033 2.2008207 2.1407701 2.2464589 2.1782667 2.1643819 1.9126734 2.0605258 2.0391149 3.4513493 2.4754186 2.2012459 2.2794728 2.5006868 3.2277795 2.3179512 3.0632541 
Ctel_gnl_WGS_AMQN_CAPTEDRAFT_mRNA161525            1.6934026 1.1341499 1.8163487 1.7948929 1.8654374 2.0411513 2.0207211 1.6869992 1.8465631 2.1275952 2.1400333 1.9026996 2.0204353 1.9272489 2.0133854 1.6059067 1.3338168 0.0000000 1.4499966 2.4490579 1.4714186 2.3658635 1.9988231 2.1606763 1.7445384 1.6360336 2.1773809 1.6265768 1.6830647 1.7058216 1.6584133 1.4143816 1.9685319 1.9219829 1.9530500 2.0150407 2.0077312 1.9961099 1.4649845 1.9198194 2.1485893 4.0685289 2.3038124 2.3609742 2.1006601 2.1869023 3.2446361 1.9018724 4.7479713 
Plespi_Pspi_scaffold16846_01                       1.5504695 1.4624340 1.6009921 1.5839230 1.4756916 1.5669005 1.6902907 1.1286938 1.2115654 1.6052224 1.6571359 1.6326915 1.4369031 1.5571528 1.7039816 1.6047478 1.6025896 1.4499966 0.0000000 2.5140662 1.8763639 2.2056169 1.9750605 1.7245067 1.7324462 1.3200914 1.6475874 1.5227071 1.3867856 1.6237040 1.5127180 1.4328616 1.5520786 1.5413199 1.6183904 1.5950505 1.6420910 1.6257537 1.5350365 1.7867041 1.9939190 3.0917844 2.2134433 1.9377698 2.0223220 2.1365190 3.3858467 1.8750089 2.1273458 
Scil_scict004858.1                                 2.4210124 2.3490462 2.3057320 2.0578608 2.2268103 2.5079307 2.3649860 2.2801377 1.8773544 2.3815574 2.5690856 3.0675290 2.9114359 2.9991684 2.6476051 2.7799192 2.2631526 2.4490579 2.5140662 0.0000000 0.3976391 0.7982478 0.7482086 1.4948935 2.7687288 2.8781876 2.9723855 2.3475390 2.6135371 2.5858656 2.7200142 2.3643805 2.8688079 2.6673289 2.6313547 2.5106939 2.5190484 2.5061132 2.7781126 3.0141171 2.8107790 5.2780944 3.1060120 2.2416551 2.8174801 2.7059094 4.9680933 2.4884008 3.2487996 
Leuniv_Lniv_C793432_01                             2.0602256 1.7655817 1.7057146 1.8498824 1.6850387 1.8463503 1.6266672 1.6761908 1.5259196 1.9028614 2.1302879 2.2482594 2.2223703 2.2089258 2.0356968 2.0389016 1.8974201 1.4714186 1.8763639 0.3976391 0.0000000 0.5584854 0.4751682 1.1256671 2.0215957 2.1423621 2.1698468 2.1588366 2.2564010 2.2367222 2.3222254 1.9676701 2.1257069 2.1915417 2.2582906 2.2263906 2.2862007 2.2830872 2.2144641 2.1536986 2.2215421 2.7583171 2.4351128 1.7018997 2.1778949 2.4500164 3.4506080 1.6980729 3.4984803 
Gracom_Gcom_scaffold11512_01                       2.3470351 2.3842617 2.4017520 2.0096022 2.3219021 2.4951394 2.4263992 2.0125830 1.6331604 2.4263643 2.6609527 2.8460172 3.0618167 3.0515227 2.6393134 2.6459824 2.2338473 2.3658635 2.2056169 0.7982478 0.5584854 0.0000000 0.9532044 1.6661826 2.8923828 2.7746272 2.6577229 2.2178982 2.6591431 2.5757052 2.7902123 2.5684240 2.5498094 2.4690177 2.6641941 2.5735689 2.5041923 2.4977505 2.6917275 2.8201050 2.6310689 4.9975315 2.9217686 2.2200764 2.7816588 3.0457320 5.3720318 2.3636714 3.3120702 
Lcom_lcpid47834                                    2.0875879 1.7275778 1.9729177 2.0584016 1.8475694 2.3144825 2.2040889 1.7547905 1.5625179 2.3187366 2.2871454 2.2431954 2.2710240 2.2221310 2.2371266 2.4657955 2.1909197 1.9988231 1.9750605 0.7482086 0.4751682 0.9532044 0.0000000 1.2735420 2.3318953 2.5076565 2.4378017 2.1265698 2.2160972 2.4065073 2.1716190 1.8339731 2.2505041 2.0825075 2.4613434 2.3943916 2.4304847 2.4068292 2.1982308 2.5193822 2.4083338 3.7036502 2.3705396 2.0639338 2.3072941 2.3954103 3.6975034 2.6047981 3.2614747 
Clacor_Ccor_scaffold13445_01                       1.5331629 1.6798314 1.6432035 1.9382763 1.7740207 1.9727192 1.8555430 1.4070802 1.1867302 1.9155518 2.1994709 1.8691138 1.8669580 2.0485017 2.0354216 1.8127813 1.9015853 2.1606763 1.7245067 1.4948935 1.1256671 1.6661826 1.2735420 0.0000000 1.9073460 1.8356253 2.0084114 1.4251007 1.9937839 1.9385902 2.2174675 1.5469037 2.0011761 2.0011761 2.1106665 2.0994707 2.0937949 2.0983847 1.8999649 2.0639068 2.2184758 2.0789342 1.9298603 1.8724663 2.1973158 1.9111692 4.7560047 1.8769549 3.9040881 
Spur_XM_011669566.2                                1.7459112 1.7499025 2.2222937 1.6947034 1.8237965 1.9441517 1.7782386 1.4932590 1.7988528 2.0567086 2.0863029 1.8538586 1.9981669 1.9947669 1.9887094 1.7105716 1.5974470 1.7445384 1.7324462 2.7687288 2.0215957 2.8923828 2.3318953 1.9073460 0.0000000 2.0238321 2.3157925 2.3909726 2.1718878 1.8215758 1.6897792 2.2691669 2.6605218 2.6184819 2.5131487 2.6926348 2.4929050 2.4746370 2.0149315 2.4030950 2.0424359 3.9953083 2.8068050 2.3961113 2.3116556 2.5846283 3.4431647 1.8284827 3.0066427 
Morvir_scaffold37.g52.t1                           1.6868195 1.9684721 1.5341663 1.4265809 1.4947925 1.7123433 1.6984188 1.5460810 1.5238122 1.8113653 1.8348510 1.3198923 1.4770181 1.4490616 1.3907606 1.6350178 1.7131656 1.6360336 1.3200914 2.8781876 2.1423621 2.7746272 2.5076565 1.8356253 2.0238321 0.0000000 2.1121748 2.0408911 1.9699901 1.7511208 1.9685779 1.8010566 2.6136105 2.5198543 2.1571381 2.3022089 2.2054544 2.1897097 1.8847230 1.5678139 1.6818384 3.2034008 2.1379495 1.9090189 1.8078204 2.0909824 3.1814326 2.2800021 1.9957226 
Aque_Aqu2.1.35041_001                              1.9714356 2.1145574 1.9245698 1.7909352 1.7448358 1.8028226 1.6334728 1.3493436 1.3606055 1.8974903 1.8402428 2.0875252 2.1743485 2.1457795 2.1884584 1.9364745 2.3194966 2.1773809 1.6475874 2.9723855 2.1698468 2.6577229 2.4378017 2.0084114 2.3157925 2.1121748 0.0000000 0.3899407 0.7210017 1.7659322 1.9514475 1.9175523 2.9791595 2.8781653 2.6279158 2.5440376 2.6186969 2.6041858 2.4070423 2.3103264 2.4812638 4.3970004 2.5189965 2.2452661 2.1534320 2.5589383 3.7343624 2.9595057 2.2632962 
Halamb_c45274_g1_i5mm.1641                         1.8019008 2.0784454 1.6901032 1.5569064 1.5632554 1.6914148 1.5279113 1.1662079 1.2194151 1.8100700 1.7197063 1.9914297 1.8694987 1.9890111 1.9826789 1.8176530 1.6016794 1.6265768 1.5227071 2.3475390 2.1588366 2.2178982 2.1265698 1.4251007 2.3909726 2.0408911 0.3899407 0.0000000 0.5936933 1.7681242 1.8943183 2.1412074 2.6915169 2.6360274 2.4329797 2.5182923 2.4756466 2.4756466 2.3411112 2.1159590 2.3242873 2.5433310 2.2295259 1.8673156 1.8852045 2.3415664 2.3847963 2.3901680 2.4577133 
Xestes_maker-XT_scaffold1459-snap-gene-0.18-mRNA-1 1.8172589 1.7975561 1.9097621 1.6798556 1.6868868 1.7280390 1.6013883 1.0604425 1.2400309 2.0086888 2.0388854 2.0947849 2.0660909 2.1490663 2.0491537 1.7531589 1.8912075 1.6830647 1.3867856 2.6135371 2.2564010 2.6591431 2.2160972 1.9937839 2.1718878 1.9699901 0.7210017 0.5936933 0.0000000 1.7536863 1.7443654 1.9398906 2.6554199 2.5345426 2.4388343 2.5403677 2.3387119 2.3149858 2.2872700 2.0296654 2.1080578 3.7916658 2.5143337 2.3490036 2.0764041 2.5269940 4.3542147 2.5439715 2.2343044 
Bralan_BLAG14000402_1                              1.4102703 1.5999433 1.7714591 1.5519517 1.5642956 1.7625876 1.5782659 1.5328290 1.5753714 1.7481517 1.8357240 1.6678927 1.7823646 1.7511617 1.6786757 1.4941006 1.8982800 1.7058216 1.6237040 2.5858656 2.2367222 2.5757052 2.4065073 1.9385902 1.8215758 1.7511208 1.7659322 1.7681242 1.7536863 0.0000000 1.4886725 1.7950084 2.0282489 2.0245715 1.9765457 2.1007278 1.8946084 1.8946084 1.7483906 2.2219369 2.4806975 3.4399178 2.4493332 2.0514056 2.1879242 2.4207324 6.3631087 2.3655189 2.0610241 
Cgig_XM_034472122.1                                1.7135624 1.5834912 1.9919352 1.6703843 1.7146352 2.1036243 1.9513850 1.5623146 1.9543762 2.1738743 2.0359198 1.7127702 1.6573238 1.6910236 1.7325700 1.4706293 1.9540323 1.6584133 1.5127180 2.7200142 2.3222254 2.7902123 2.1716190 2.2174675 1.6897792 1.9685779 1.9514475 1.8943183 1.7443654 1.4886725 0.0000000 1.9372449 2.4590787 2.3763602 2.1679051 2.1407505 2.2127943 2.1960268 1.7327583 2.0592563 2.2785013 3.9272662 2.5247670 2.0834151 2.0379658 2.4742659 3.4307355 1.9113423 2.3119532 
Opea_EP00118_Oscarella_pearsei_P012701             2.0867895 1.9020903 2.0040127 1.6610728 1.5526981 1.8151691 1.6738960 1.6934501 1.4748110 1.9228944 1.9928744 1.8838333 1.9578450 2.1407434 1.7280121 2.0106354 1.6932812 1.4143816 1.4328616 2.3643805 1.9676701 2.5684240 1.8339731 1.5469037 2.2691669 1.8010566 1.9175523 2.1412074 1.9398906 1.7950084 1.9372449 0.0000000 2.5025516 2.3214024 2.0218233 2.0863447 2.1031685 2.1010065 2.3910004 2.0594272 1.9725836 2.2434556 2.4141278 1.9955735 2.1108561 2.3983699 4.5096664 1.2900589 2.8805798 
Tadh_TriadT55208                                   2.1231417 2.7451468 2.4718549 2.2633945 2.2572174 2.3147806 2.3049756 2.1802779 1.7742757 2.1597593 2.5052938 2.5207396 2.7525717 2.5367245 2.3342492 2.5688685 2.2437033 1.9685319 1.5520786 2.8688079 2.1257069 2.5498094 2.2505041 2.0011761 2.6605218 2.6136105 2.9791595 2.6915169 2.6554199 2.0282489 2.4590787 2.5025516 0.0000000 0.0406289 0.5006919 0.5392434 0.5593086 0.5600433 2.3628367 2.8319270 2.7908955 3.8860090 2.6180403 2.3906905 2.4126497 2.7188383 4.7805637 2.2262735 3.4128978 
TrH2_TrispH2_001709-RA                             2.1242939 2.6644245 2.3345147 2.1106039 2.0726987 2.3644993 2.1626645 2.1310823 1.7742757 2.1259367 2.3923514 2.3828477 2.4822061 2.3476015 2.2384555 2.5078165 2.2008207 1.9219829 1.5413199 2.6673289 2.1915417 2.4690177 2.0825075 2.0011761 2.6184819 2.5198543 2.8781653 2.6360274 2.5345426 2.0245715 2.3763602 2.3214024 0.0406289 0.0000000 0.4772401 0.4967504 0.5280133 0.5286380 2.3255337 2.7739851 2.7746755 3.6033220 2.6404075 2.4226879 2.4126497 2.7045309 4.7805637 2.0527223 3.0709298 
HoiH06_mRNA8729                                    2.0865212 2.6262141 2.4996901 2.2120647 2.2045871 2.4541795 2.3570024 2.0720913 2.1233972 2.1809402 2.4079275 2.2118120 2.5502537 2.3911509 2.1686716 2.1210131 2.1407701 1.9530500 1.6183904 2.6313547 2.2582906 2.6641941 2.4613434 2.1106665 2.5131487 2.1571381 2.6279158 2.4329797 2.4388343 1.9765457 2.1679051 2.0218233 0.5006919 0.4772401 0.0000000 0.0872133 0.1867966 0.1865266 2.1648994 2.5767349 2.6265377 3.6266890 2.3094622 2.2938913 2.1282603 2.5429379 4.1621116 2.5481536 3.0117332 
HoiH23_PlH23_006403-RA                             2.3256683 2.6145571 2.4143737 2.2746148 2.1837490 2.5032244 2.2506929 2.0651565 2.0713511 2.2526561 2.5202532 2.3687205 2.6249484 2.5376881 2.2812282 2.2317138 2.2464589 2.0150407 1.5950505 2.5106939 2.2263906 2.5735689 2.3943916 2.0994707 2.6926348 2.3022089 2.5440376 2.5182923 2.5403677 2.1007278 2.1407505 2.0863447 0.5392434 0.4967504 0.0872133 0.0000000 0.1983550 0.1980661 2.1946624 2.6330323 2.8494627 3.5512806 2.3082179 2.3701268 2.2081423 2.4804261 4.8932561 2.5147245 3.0477777 
Hhon_g06722.t1                                     2.1290983 2.4672017 2.4370026 2.1371321 2.0686243 2.3498898 2.1597204 2.0592796 2.1011992 2.2732986 2.4947053 2.2950297 2.4180832 2.3948810 2.2652850 2.1483551 2.1782667 2.0077312 1.6420910 2.5190484 2.2862007 2.5041923 2.4304847 2.0937949 2.4929050 2.2054544 2.6186969 2.4756466 2.3387119 1.8946084 2.2127943 2.1031685 0.5593086 0.5280133 0.1867966 0.1983550 0.0000000 0.0047680 2.1808089 2.6258166 2.7254713 3.5826578 2.5270747 2.3698910 2.2915020 2.7219275 4.9304090 2.4461472 3.2393025 
HoiH04_mRNA9972                                    2.1172686 2.4560797 2.4275903 2.1424535 2.0703999 2.3245587 2.1348725 2.0281378 2.0962303 2.2565636 2.4617844 2.2863530 2.3950180 2.3719265 2.2564217 2.1303532 2.1643819 1.9961099 1.6257537 2.5061132 2.2830872 2.4977505 2.4068292 2.0983847 2.4746370 2.1897097 2.6041858 2.4756466 2.3149858 1.8946084 2.1960268 2.1010065 0.5600433 0.5286380 0.1865266 0.1980661 0.0047680 0.0000000 2.1661941 2.6147360 2.6980791 3.5869905 2.5168821 2.3590461 2.2731562 2.7002073 4.9304090 2.3973568 3.2393025 
Tcas_TC010403_001                                  1.9426952 1.7628110 1.9693772 2.1901187 2.0161203 2.2320894 2.0134815 2.0734730 1.8370149 2.0437544 2.1571196 1.8812298 2.0517667 2.0876142 2.1005751 1.5574552 1.9126734 1.4649845 1.5350365 2.7781126 2.2144641 2.6917275 2.1982308 1.8999649 2.0149315 1.8847230 2.4070423 2.3411112 2.2872700 1.7483906 1.7327583 2.3910004 2.3628367 2.3255337 2.1648994 2.1946624 2.1808089 2.1661941 0.0000000 2.4488664 1.9218281 2.5493918 2.1563276 1.9136996 1.9843954 2.2240202 3.1277372 1.7102254 3.2255477 
Hvul_g760_1                                        1.9687658 2.3875677 2.1698850 1.8458861 1.8333636 1.9253655 1.8176426 1.7253363 2.3336848 2.1359395 2.0546497 1.8338514 1.9616710 1.9209330 1.7339464 2.0268350 2.0605258 1.9198194 1.7867041 3.0141171 2.1536986 2.8201050 2.5193822 2.0639068 2.4030950 1.5678139 2.3103264 2.1159590 2.0296654 2.2219369 2.0592563 2.0594272 2.8319270 2.7739851 2.5767349 2.6330323 2.6258166 2.6147360 2.4488664 0.0000000 0.5838440 3.9291431 2.2515453 2.2118858 2.2641834 2.3904315 3.0502486 2.3309170 2.8020700 
Chem_TCONS_00049986                                2.1183606 1.8556927 2.1122216 2.3288360 2.0333271 2.0887389 2.0643789 2.1933726 2.5922661 2.1765341 2.2622403 1.7832176 1.8682593 2.1070671 1.8021882 2.0902885 2.0391149 2.1485893 1.9939190 2.8107790 2.2215421 2.6310689 2.4083338 2.2184758 2.0424359 1.6818384 2.4812638 2.3242873 2.1080578 2.4806975 2.2785013 1.9725836 2.7908955 2.7746755 2.6265377 2.8494627 2.7254713 2.6980791 1.9218281 0.5838440 0.0000000 4.6621116 2.6991531 2.4390098 2.4199246 2.9517970 3.3639750 1.9898506 3.6345806 
Pbac_sb2667130                                     3.2740768 2.3449928 3.9365599 3.3207658 3.4689732 4.0309181 3.8278956 3.5019217 2.8179467 4.1591887 3.3320147 3.1245185 3.0986239 3.0848599 3.6923181 3.3925528 3.4513493 4.0685289 3.0917844 5.2780944 2.7583171 4.9975315 3.7036502 2.0789342 3.9953083 3.2034008 4.3970004 2.5433310 3.7916658 3.4399178 3.9272662 2.2434556 3.8860090 3.6033220 3.6266890 3.5512806 3.5826578 3.5869905 2.5493918 3.9291431 4.6621116 0.0000000 0.6386320 1.4828774 1.6206331 1.5604876 2.9460051 4.7093356 7.1580419 
Horcal_Hcv1.av93.c9.g303.i1                        2.3644345 1.9829377 2.4951338 2.4298563 2.2247301 2.3381408 2.3638798 2.1511044 2.0803201 2.4888826 2.3136610 2.3986396 2.3532523 2.4543614 2.8589535 2.4258006 2.4754186 2.3038124 2.2134433 3.1060120 2.4351128 2.9217686 2.3705396 1.9298603 2.8068050 2.1379495 2.5189965 2.2295259 2.5143337 2.4493332 2.5247670 2.4141278 2.6180403 2.6404075 2.3094622 2.3082179 2.5270747 2.5168821 2.1563276 2.2515453 2.6991531 0.6386320 0.0000000 0.5748080 0.8072432 0.6937363 1.5184540 3.9489483 2.7107890 
Coemet_Cmet_scaffold13959_01                       1.9529027 1.8496127 1.9368127 2.0317356 1.6916814 2.0377131 2.1023524 1.8732042 2.0087873 2.0989523 1.9668780 1.8898006 1.9353361 2.0003092 2.1269683 1.9517713 2.2012459 2.3609742 1.9377698 2.2416551 1.7018997 2.2200764 2.0639338 1.8724663 2.3961113 1.9090189 2.2452661 1.8673156 2.3490036 2.0514056 2.0834151 1.9955735 2.3906905 2.4226879 2.2938913 2.3701268 2.3698910 2.3590461 1.9136996 2.2118858 2.4390098 1.4828774 0.5748080 0.0000000 0.4246503 0.4805096 0.6786205 2.4407277 2.4936643 
Lampan_Lpan_C415919_01                             2.1880340 2.0342983 2.0788315 2.2553098 1.8651391 2.0803379 2.2870786 1.9236348 1.8698759 2.0167733 2.0497458 1.8633569 2.0911970 2.0362336 2.2272145 2.1237902 2.2794728 2.1006601 2.0223220 2.8174801 2.1778949 2.7816588 2.3072941 2.1973158 2.3116556 1.8078204 2.1534320 1.8852045 2.0764041 2.1879242 2.0379658 2.1108561 2.4126497 2.4126497 2.1282603 2.2081423 2.2915020 2.2731562 1.9843954 2.2641834 2.4199246 1.6206331 0.8072432 0.4246503 0.0000000 0.4481590 1.0600995 3.3172556 2.4283274 
Beraby_Baby_sb341626                               2.3038628 2.0267514 2.2007459 2.3939222 2.0625732 2.2122256 2.1565193 2.1295973 1.9050715 2.2735696 2.3442490 2.1915254 2.3359104 2.3478300 2.5671784 2.2685637 2.5006868 2.1869023 2.1365190 2.7059094 2.4500164 3.0457320 2.3954103 1.9111692 2.5846283 2.0909824 2.5589383 2.3415664 2.5269940 2.4207324 2.4742659 2.3983699 2.7188383 2.7045309 2.5429379 2.4804261 2.7219275 2.7002073 2.2240202 2.3904315 2.9517970 1.5604876 0.6937363 0.4805096 0.4481590 0.0000000 1.2231054 3.6577275 2.7518666 
Vmul_sbMO386570                                    3.9670652 3.3736428 4.1617767 3.9655828 2.9997210 3.9358321 4.4590478 3.2252969 5.0049085 5.9690892 5.1713584 2.8445023 4.1162192 3.2310111 3.7030944 3.7733112 3.2277795 3.2446361 3.3858467 4.9680933 3.4506080 5.3720318 3.6975034 4.7560047 3.4431647 3.1814326 3.7343624 2.3847963 4.3542147 6.3631087 3.4307355 4.5096664 4.7805637 4.7805637 4.1621116 4.8932561 4.9304090 4.9304090 3.1277372 3.0502486 3.3639750 2.9460051 1.5184540 0.6786205 1.0600995 1.2231054 0.0000000 4.4605076 4.1910736 
Plajan_Pjan_scaffold4728_01                        2.4072886 1.9254790 2.4537137 2.0505760 1.7403681 2.3113853 2.2727230 2.0089866 3.9892237 2.6184660 2.1477150 2.0823541 2.3378556 2.7580694 2.3241368 1.9276169 2.3179512 1.9018724 1.8750089 2.4884008 1.6980729 2.3636714 2.6047981 1.8769549 1.8284827 2.2800021 2.9595057 2.3901680 2.5439715 2.3655189 1.9113423 1.2900589 2.2262735 2.0527223 2.5481536 2.5147245 2.4461472 2.3973568 1.7102254 2.3309170 1.9898506 4.7093356 3.9489483 2.4407277 3.3172556 3.6577275 4.4605076 0.0000000 8.9704662 
Nvec_v1g243947                                     2.6373498 3.5079107 1.1760900 1.2381846 1.1632282 1.2803957 1.2143019 1.8687282 2.2826041 1.6798448 1.6911446 2.1616303 1.9817237 2.1551193 1.8386079 2.2251257 3.0632541 4.7479713 2.1273458 3.2487996 3.4984803 3.3120702 3.2614747 3.9040881 3.0066427 1.9957226 2.2632962 2.4577133 2.2343044 2.0610241 2.3119532 2.8805798 3.4128978 3.0709298 3.0117332 3.0477777 3.2393025 3.2393025 3.2255477 2.8020700 3.6345806 7.1580419 2.7107890 2.4936643 2.4283274 2.7518666 4.1910736 8.9704662 0.0000000 
