44
Hsap_ENST00000370455                                   0.0000000 1.8734257 1.1145821 2.2679655 2.2496571 2.0359970 1.6481249 2.0244293 2.0759916 2.0066010 2.3909728 2.3106880 1.6346326 2.6251013 2.1360632 2.1889457 2.3224828 2.1045319 2.0397780 2.1736777 2.1005158 2.2564119 2.2012268 2.3234020 1.7592809 1.9227875 2.3968491 1.8710821 2.0439478 2.5921041 2.5418286 2.7406319 2.6931904 2.6390617 3.2063697 2.2999217 2.3538252 3.0492423 2.9840251 3.3693988 3.5065442 3.2958713 2.7020870 1.1132573 
Aque_Aqu2.1.39100_001                                  1.8734257 0.0000000 0.6299578 1.4345959 1.6793979 1.7223607 1.3845052 1.8591443 1.8693126 1.8373106 1.8145137 1.9468371 1.5179115 2.1171138 1.8777589 1.9762198 2.0674149 1.7398371 1.9275090 1.8173320 1.3371673 1.7065801 1.6729301 2.1370628 2.2146296 1.3574482 1.4145639 1.2566319 1.3853342 1.9073724 1.9919008 2.1292691 1.9769439 2.1008231 2.4167670 1.6429084 1.8457737 1.9742301 1.7460123 2.1602327 2.1641712 1.9999179 2.1043158 0.9748091 
Xestes_maker-XT_scaffold29848-augustus-gene-0.4-mRNA-1 1.1145821 0.6299578 0.0000000 0.8669398 1.0530793 1.4520447 1.3095483 1.5084980 1.3994895 1.4521402 1.3184638 1.5061859 1.1631358 1.9200005 1.1900862 1.4739499 1.5309565 1.1939910 1.6311053 1.5492037 1.1983644 1.2202548 1.2017780 1.4213067 1.4292765 1.1660449 1.2528183 1.1342837 1.1351257 1.5897007 1.6038448 1.8957987 1.8106692 1.8547943 2.1821567 1.5051928 1.4693860 1.8088278 1.6478903 1.8353045 1.8049460 1.6362580 1.7946060 1.1836820 
Tetwil_g5117.t1                                        2.2679655 1.4345959 0.8669398 0.0000000 1.6211928 1.4660691 1.4046265 1.4900039 1.5672516 1.5105537 1.8214222 1.8283141 1.2280061 2.2502491 2.3780432 1.7580459 2.0326774 1.8578337 1.9186125 1.9520486 1.6440225 1.9117223 1.9461372 1.8546481 2.0201037 1.3816172 1.4552816 1.4664014 1.9117493 2.4834005 2.5022658 2.6400007 2.5318221 2.7116019 3.2416949 1.6665807 1.8389305 2.8138007 2.5557032 3.2683315 3.4854859 2.9324375 2.5706516 0.8960804 
Plespi_Pspi_scaffold17538_01                           2.2496571 1.6793979 1.0530793 1.6211928 0.0000000 1.6948775 1.6297407 1.6649071 1.8857990 1.8211474 2.0362510 1.9311553 1.3600028 2.7906450 2.0621699 2.0990443 2.0257643 1.7198144 1.8452346 1.8295525 1.5403356 2.0596615 1.7590669 1.9492567 1.5899000 1.5316100 1.7705175 1.5779185 2.2080678 2.2752953 2.3023911 2.2938077 2.2692845 2.2950338 2.5583798 2.4803797 2.3824410 3.0894570 2.7178330 3.6057866 3.8815340 2.9361599 2.9238821 0.9037166 
Adig_XM_015900663.1                                    2.0359970 1.7223607 1.4520447 1.4660691 1.6948775 0.0000000 0.0963605 0.2849195 0.3641708 0.3687627 0.4983875 0.5008634 1.0479293 1.7143244 1.4948696 1.5909301 1.8968692 1.6231974 0.9817443 1.0284482 1.9560919 2.1730255 2.0982829 1.5090727 1.3611461 1.8072180 1.9454365 1.6110973 2.4708376 2.7009720 2.7023317 2.8968131 2.8718391 2.9068826 3.3892477 1.8918982 2.1299416 2.8211896 2.2972296 2.9838667 3.3279039 2.7159567 2.6775225 1.1263390 
Amil_Amillepora23297-RA                                1.6481249 1.3845052 1.3095483 1.4046265 1.6297407 0.0963605 0.0000000 0.3164363 0.3101230 0.3130403 0.3905932 0.3849125 1.0002789 1.4817727 1.2744965 1.2943469 1.4699756 1.2876677 0.8521188 0.7914754 1.5849750 1.9330469 2.0135410 1.3230055 1.1040286 1.6948591 1.7903256 1.3251601 1.8900733 2.1095979 2.1353638 2.3393883 2.3361773 2.2612227 2.7499540 1.7460695 1.8590807 1.7996462 1.8991617 2.3318091 2.5583885 2.1172678 2.1080068 1.0843345 
Gfas_gfas1.m1.23706.m1                                 2.0244293 1.8591443 1.5084980 1.4900039 1.6649071 0.2849195 0.3164363 0.0000000 0.3168096 0.3036612 0.4471572 0.4443005 1.0193585 1.8004730 1.3993938 1.6208641 1.8345301 1.5676056 1.0147405 1.0128269 1.9141469 2.0748294 2.1137503 1.5057479 1.4082690 1.7339065 1.9150346 1.7238548 2.4699929 2.5916031 2.5687722 2.7971197 2.8238653 2.8327548 3.2825784 2.0070646 2.0813166 3.0065596 2.5076566 3.0141340 3.3218566 2.6768268 2.6337246 0.9623425 
Spis_XP_022798673_1                                    2.0759916 1.8693126 1.3994895 1.5672516 1.8857990 0.3641708 0.3101230 0.3168096 0.0000000 0.0750534 0.3663279 0.3623320 1.0697857 1.7000355 1.5840203 1.6548718 1.8908931 1.6004045 0.9418763 0.9516324 1.7700895 1.9005448 2.0300739 1.4731774 1.3791326 1.8092139 1.9129580 1.7010846 2.1788694 2.5086503 2.5205327 2.7089017 2.7491681 2.8680575 3.3445974 1.9484605 2.1278298 3.0776608 2.7429090 3.0954126 3.5515783 2.7168520 2.7926836 1.0520384 
Pocdam_XM_027202583.1                                  2.0066010 1.8373106 1.4521402 1.5105537 1.8211474 0.3687627 0.3130403 0.3036612 0.0750534 0.0000000 0.3204391 0.3213780 1.0221609 1.7390106 1.4679980 1.6097930 1.9486508 1.5511787 0.9279689 1.0183991 1.7646810 1.8861078 2.0673403 1.4334860 1.3731296 1.7826736 1.9103194 1.6536091 2.1919290 2.5557758 2.5439639 2.6963623 2.7205872 2.8741826 3.3472925 1.9279461 2.1277113 3.0715237 2.6588606 3.2100650 3.5884735 2.7842400 2.7421083 0.9995434 
Fspp_ffun1.m4.21713.m1                                 2.3909728 1.8145137 1.3184638 1.8214222 2.0362510 0.4983875 0.3905932 0.4471572 0.3663279 0.3204391 0.0000000 0.2420791 1.0430091 1.8637016 1.4477190 1.8474863 2.1626355 1.6214350 1.1315182 1.0810939 2.1477403 2.2321983 2.2622486 1.7671102 1.5043608 2.1104505 2.3425226 1.8543580 2.1829271 2.7535773 2.7179754 2.9794210 3.0561960 3.1359504 3.7325148 2.2622737 2.3124030 3.1621753 2.6539144 2.8713178 3.0094818 2.9933948 2.9171160 0.9501549 
Gasp_gasp1.m3.9857.m1                                  2.3106880 1.9468371 1.5061859 1.8283141 1.9311553 0.5008634 0.3849125 0.4443005 0.3623320 0.3213780 0.2420791 0.0000000 1.0513020 1.8065639 1.4041116 1.7981359 2.0921973 1.6930407 1.0100341 1.0448963 2.0712651 2.1452413 2.2335995 1.8234889 1.4677777 1.9640790 2.2018482 1.7355996 2.3230746 2.5961427 2.5735640 2.8584963 2.9813252 3.0571078 3.6189664 2.2072371 2.4494679 3.2081192 2.7522458 2.9697234 3.1168154 2.9627615 2.8978731 1.0293296 
Hvul_g15978_1                                          1.6346326 1.5179115 1.1631358 1.2280061 1.3600028 1.0479293 1.0002789 1.0193585 1.0697857 1.0221609 1.0430091 1.0513020 0.0000000 0.4289153 0.8458568 0.8047703 0.8992664 0.8029061 1.0143175 1.1976862 1.1548791 1.2462144 1.2857949 1.0342210 1.0506695 1.3607745 1.3220166 1.4606605 1.3910029 1.4253535 1.4329049 1.4427223 1.5564000 1.4893897 1.8383383 1.4956377 1.4512631 1.2790818 1.2152251 1.3426868 1.3515504 1.2093149 1.2984492 1.0019114 
Chem_TCONS_00058728                                    2.6251013 2.1171138 1.9200005 2.2502491 2.7906450 1.7143244 1.4817727 1.8004730 1.7000355 1.7390106 1.8637016 1.8065639 0.4289153 0.0000000 1.7895331 2.0990429 1.9852532 1.6796882 1.7179139 1.8895806 1.9472450 2.1701061 2.0625329 1.9040605 1.7197843 2.4548323 2.4235411 2.5804644 2.8600509 2.7140995 2.7329516 2.6864083 2.7686202 2.7077695 3.1412264 2.4246694 2.3244022 2.6105426 2.3318921 2.7109289 2.9613355 2.8654682 2.6486302 0.9814341 
Nemnom_g13567.t1                                       2.1360632 1.8777589 1.1900862 2.3780432 2.0621699 1.4948696 1.2744965 1.3993938 1.5840203 1.4679980 1.4477190 1.4041116 0.8458568 1.7895331 0.0000000 1.2978723 1.2964181 0.4887045 1.6779241 1.7467646 1.8322799 1.9370276 1.9505970 1.9753557 1.5962170 2.3113671 2.4485107 1.7276203 1.8519230 2.7555386 2.7320714 2.7911350 2.7309356 2.6575823 3.1902640 2.3181270 2.2382793 2.7858842 2.5232900 2.8193119 2.8674466 2.5054290 2.4713718 0.7660764 
Morvir_scaffold99.g32.t1                               2.1889457 1.9762198 1.4739499 1.7580459 2.0990443 1.5909301 1.2943469 1.6208641 1.6548718 1.6097930 1.8474863 1.7981359 0.8047703 2.0990429 1.2978723 0.0000000 1.5426567 1.5064312 1.7459037 2.3345855 2.0839836 2.3745816 2.3183912 2.2658522 1.8131712 2.1945855 2.3305875 2.4086731 2.4393416 2.7672954 2.7447179 2.7616348 2.6512445 2.7240892 3.1757736 2.5888501 2.6362287 3.1085908 2.7470743 3.1366414 3.3863739 3.0161639 2.7112071 0.9438552 
Sanmal_Sma_007485-T1                                   2.3224828 2.0674149 1.5309565 2.0326774 2.0257643 1.8968692 1.4699756 1.8345301 1.8908931 1.9486508 2.1626355 2.0921973 0.8992664 1.9852532 1.2964181 1.5426567 0.0000000 1.0862774 1.8413132 2.2849219 2.0859090 2.2122272 2.2948383 2.2155293 1.7779793 2.1040106 2.2971120 2.1038921 2.6986182 2.6625396 2.6889020 2.8446251 2.8998507 2.7986044 3.2224686 2.3637836 2.8934413 3.5894608 2.8635144 3.4018283 3.8223868 3.2615625 3.1557064 0.9538298 
Rhoesc_Res_011703-T1                                   2.1045319 1.7398371 1.1939910 1.8578337 1.7198144 1.6231974 1.2876677 1.5676056 1.6004045 1.5511787 1.6214350 1.6930407 0.8029061 1.6796882 0.4887045 1.5064312 1.0862774 0.0000000 1.4265424 1.8280678 1.7308240 1.9992888 1.8180218 2.0112334 1.5839489 1.9053075 2.0449525 1.5459050 1.9923999 2.5219708 2.4949764 2.7412240 2.6427663 2.6382838 3.0223192 2.3138636 2.1633431 3.0912529 2.7735027 2.9331150 3.2265517 2.7933184 2.9488527 0.8194859 
Exapal_XM_021049333.2                                  2.0397780 1.9275090 1.6311053 1.9186125 1.8452346 0.9817443 0.8521188 1.0147405 0.9418763 0.9279689 1.1315182 1.0100341 1.0143175 1.7179139 1.6779241 1.7459037 1.8413132 1.4265424 0.0000000 0.8036139 2.0471759 2.2452468 2.3163043 1.7631986 1.3112589 1.9786962 1.9673853 1.8193273 2.2828513 2.3430275 2.3201211 2.3775004 2.4390690 2.4929163 2.7754210 2.0346589 2.3354406 3.0239843 2.7367679 2.7789607 3.1012055 2.8388146 2.6255655 1.1264601 
Nvec_v1g130736                                         2.1736777 1.8173320 1.5492037 1.9520486 1.8295525 1.0284482 0.7914754 1.0128269 0.9516324 1.0183991 1.0810939 1.0448963 1.1976862 1.8895806 1.7467646 2.3345855 2.2849219 1.8280678 0.8036139 0.0000000 2.0342639 2.4478902 2.4008329 1.5317397 1.3449099 1.8963340 2.1772523 1.9185219 2.4130206 2.5558798 2.5704533 2.5569346 2.6317782 2.7598608 3.1740582 1.7969128 2.0701273 2.8609090 2.4658295 3.0029196 3.2146200 2.8065076 2.6614427 1.0509748 
Scil_scict004405.2                                     2.1005158 1.3371673 1.1983644 1.6440225 1.5403356 1.9560919 1.5849750 1.9141469 1.7700895 1.7646810 2.1477403 2.0712651 1.1548791 1.9472450 1.8322799 2.0839836 2.0859090 1.7308240 2.0471759 2.0342639 0.0000000 0.5981398 0.5520223 2.1154859 2.0172963 1.5018949 1.7462026 0.8733961 0.8243170 1.7542845 1.7963671 1.8203669 1.8949182 1.8366407 2.0808523 1.4809212 1.3835375 2.5536213 2.4395306 2.7385081 2.8747864 2.4575653 2.3340388 0.8639774 
Leuniv_Lniv_C810286_01                                 2.2564119 1.7065801 1.2202548 1.9117223 2.0596615 2.1730255 1.9330469 2.0748294 1.9005448 1.8861078 2.2321983 2.1452413 1.2462144 2.1701061 1.9370276 2.3745816 2.2122272 1.9992888 2.2452468 2.4478902 0.5981398 0.0000000 0.6419952 2.1548042 2.0020581 1.8178146 1.8748613 1.0684781 0.9969159 2.3700029 2.3996041 2.4653737 2.5449053 2.3652177 2.8353031 2.0234253 1.8193682 3.1734878 2.5628045 2.7852738 3.0666144 3.0004785 2.4948550 1.0044854 
Lcom_lcpid67876                                        2.2012268 1.6729301 1.2017780 1.9461372 1.7590669 2.0982829 2.0135410 2.1137503 2.0300739 2.0673403 2.2622486 2.2335995 1.2857949 2.0625329 1.9505970 2.3183912 2.2948383 1.8180218 2.3163043 2.4008329 0.5520223 0.6419952 0.0000000 2.2860948 2.0908681 1.9860814 2.0781991 1.0046437 1.0929278 1.9696526 1.9649606 2.0926966 2.1726978 2.2392489 2.5248100 2.0385763 1.7726462 3.0039938 2.4965272 2.8997875 3.1341824 2.5548724 2.5049345 1.0496413 
Dgig_XM_028550536.1                                    2.3234020 2.1370628 1.4213067 1.8546481 1.9492567 1.5090727 1.3230055 1.5057479 1.4731774 1.4334860 1.7671102 1.8234889 1.0342210 1.9040605 1.9753557 2.2658522 2.2155293 2.0112334 1.7631986 1.5317397 2.1154859 2.1548042 2.2860948 0.0000000 0.5509906 2.1698575 2.2195764 1.7095126 2.5779989 2.4401549 2.5277758 2.6558322 2.6871920 2.7298838 3.2985327 2.3789115 2.0537720 3.0335276 2.2970713 3.0668916 3.3592273 2.5202111 2.7179147 0.8364338 
Xesp_000216-T1                                         1.7592809 2.2146296 1.4292765 2.0201037 1.5899000 1.3611461 1.1040286 1.4082690 1.3791326 1.3731296 1.5043608 1.4677777 1.0506695 1.7197843 1.5962170 1.8131712 1.7779793 1.5839489 1.3112589 1.3449099 2.0172963 2.0020581 2.0908681 0.5509906 0.0000000 1.8563433 1.7554176 1.4963569 2.1135441 1.9503881 2.0644546 2.0745051 2.1502989 2.1528579 2.9558926 1.9838106 2.0828427 2.2299887 2.1936043 2.5148953 2.6115586 2.2219303 2.1930180 0.9345287 
Emue_Em0023g315a.t1                                    1.9227875 1.3574482 1.1660449 1.3816172 1.5316100 1.8072180 1.6948591 1.7339065 1.8092139 1.7826736 2.1104505 1.9640790 1.3607745 2.4548323 2.3113671 2.1945855 2.1040106 1.9053075 1.9786962 1.8963340 1.5018949 1.8178146 1.9860814 2.1698575 1.8563433 0.0000000 0.2295788 1.6059792 2.2941364 1.8078855 1.8447650 1.9369299 1.8831414 1.8943463 2.2313416 1.8291000 1.6990377 2.5338183 2.2960450 2.9870411 3.0810525 2.6368266 2.3018198 0.9210901 
Spolac_c102346_g1_i1_m.28958c102346-g1                 2.3968491 1.4145639 1.2528183 1.4552816 1.7705175 1.9454365 1.7903256 1.9150346 1.9129580 1.9103194 2.3425226 2.2018482 1.3220166 2.4235411 2.4485107 2.3305875 2.2971120 2.0449525 1.9673853 2.1772523 1.7462026 1.8748613 2.0781991 2.2195764 1.7554176 0.2295788 0.0000000 1.7534017 2.4439796 2.1351192 2.1320543 2.2261343 2.1944114 2.1816642 2.5905651 2.0327469 1.7551314 2.7316652 2.4000351 2.8529293 2.8820286 2.6573897 2.4378147 0.9496695 
Clacor_Ccor_scaffold12701_01                           1.8710821 1.2566319 1.1342837 1.4664014 1.5779185 1.6110973 1.3251601 1.7238548 1.7010846 1.6536091 1.8543580 1.7355996 1.4606605 2.5804644 1.7276203 2.4086731 2.1038921 1.5459050 1.8193273 1.9185219 0.8733961 1.0684781 1.0046437 1.7095126 1.4963569 1.6059792 1.7534017 0.0000000 1.3517150 1.8409912 1.9060075 2.0551624 2.0640278 2.0400621 2.3067030 1.5717262 1.5700169 2.2923863 2.3857063 2.8171057 2.7546139 2.4511803 2.3283509 0.9028218 
Gracom_Gcom_scaffold698_01                             2.0439478 1.3853342 1.1351257 1.9117493 2.2080678 2.4708376 1.8900733 2.4699929 2.1788694 2.1919290 2.1829271 2.3230746 1.3910029 2.8600509 1.8519230 2.4393416 2.6986182 1.9923999 2.2828513 2.4130206 0.8243170 0.9969159 1.0929278 2.5779989 2.1135441 2.2941364 2.4439796 1.3517150 0.0000000 2.6903414 2.6647618 2.8207362 2.7354377 2.8490193 3.3864424 2.2830843 2.1783881 2.9438394 2.7900667 2.7719793 2.9073261 2.9821774 3.0222068 1.1543307 
Tadh_TriadT58066                                       2.5921041 1.9073724 1.5897007 2.4834005 2.2752953 2.7009720 2.1095979 2.5916031 2.5086503 2.5557758 2.7535773 2.5961427 1.4253535 2.7140995 2.7555386 2.7672954 2.6625396 2.5219708 2.3430275 2.5558798 1.7542845 2.3700029 1.9696526 2.4401549 1.9503881 1.8078855 2.1351192 1.8409912 2.6903414 0.0000000 0.0000010 0.2540584 0.2505034 0.2487328 0.2890476 2.2100663 2.3620131 3.0658313 2.4710303 2.9382903 3.1170985 3.2381268 3.1765172 0.9726225 
TrH2_TrispH2_000538-RA                                 2.5418286 1.9919008 1.6038448 2.5022658 2.3023911 2.7023317 2.1353638 2.5687722 2.5205327 2.5439639 2.7179754 2.5735640 1.4329049 2.7329516 2.7320714 2.7447179 2.6889020 2.4949764 2.3201211 2.5704533 1.7963671 2.3996041 1.9649606 2.5277758 2.0644546 1.8447650 2.1320543 1.9060075 2.6647618 0.0000010 0.0000000 0.2655164 0.2620645 0.2606478 0.3006900 2.2459634 2.4034180 3.0412334 2.4856997 2.8410253 3.0059768 3.1712101 3.0847377 0.9726225 
HoiH06_mRNA8681                                        2.7406319 2.1292691 1.8957987 2.6400007 2.2938077 2.8968131 2.3393883 2.7971197 2.7089017 2.6963623 2.9794210 2.8584963 1.4427223 2.6864083 2.7911350 2.7616348 2.8446251 2.7412240 2.3775004 2.5569346 1.8203669 2.4653737 2.0926966 2.6558322 2.0745051 1.9369299 2.2261343 2.0551624 2.8207362 0.2540584 0.2655164 0.0000000 0.0515241 0.1137319 0.1311955 2.1756669 2.5072872 3.1400946 2.5300906 2.7732421 2.9496465 3.2564890 3.2482928 1.0963204 
HoiH23_PlH23_007759-RA                                 2.6931904 1.9769439 1.8106692 2.5318221 2.2692845 2.8718391 2.3361773 2.8238653 2.7491681 2.7205872 3.0561960 2.9813252 1.5564000 2.7686202 2.7309356 2.6512445 2.8998507 2.6427663 2.4390690 2.6317782 1.8949182 2.5449053 2.1726978 2.6871920 2.1502989 1.8831414 2.1944114 2.0640278 2.7354377 0.2505034 0.2620645 0.0515241 0.0000000 0.1173765 0.1263612 2.1869796 2.5586640 3.2638782 2.5434769 2.8312064 2.9641932 3.2773794 3.2180295 1.0990454 
Hhon_g00153.t1                                         2.6390617 2.1008231 1.8547943 2.7116019 2.2950338 2.9068826 2.2612227 2.8327548 2.8680575 2.8741826 3.1359504 3.0571078 1.4893897 2.7077695 2.6575823 2.7240892 2.7986044 2.6382838 2.4929163 2.7598608 1.8366407 2.3652177 2.2392489 2.7298838 2.1528579 1.8943463 2.1816642 2.0400621 2.8490193 0.2487328 0.2606478 0.1137319 0.1173765 0.0000000 0.0057377 2.2230958 2.6062986 3.1901448 2.7223484 2.9796615 3.0240173 3.2233846 3.2242834 1.0250293 
HoiH04_mRNA8715                                        3.2063697 2.4167670 2.1821567 3.2416949 2.5583798 3.3892477 2.7499540 3.2825784 3.3445974 3.3472925 3.7325148 3.6189664 1.8383383 3.1412264 3.1902640 3.1757736 3.2224686 3.0223192 2.7754210 3.1740582 2.0808523 2.8353031 2.5248100 3.2985327 2.9558926 2.2313416 2.5905651 2.3067030 3.3864424 0.2890476 0.3006900 0.1311955 0.1263612 0.0057377 0.0000000 2.6078773 2.9991582 3.7058642 3.1663610 3.6256594 3.7020754 3.6138264 3.7544660 0.3984722 
Plajan_Pjan_C559945_01                                 2.2999217 1.6429084 1.5051928 1.6665807 2.4803797 1.8918982 1.7460695 2.0070646 1.9484605 1.9279461 2.2622737 2.2072371 1.4956377 2.4246694 2.3181270 2.5888501 2.3637836 2.3138636 2.0346589 1.7969128 1.4809212 2.0234253 2.0385763 2.3789115 1.9838106 1.8291000 2.0327469 1.5717262 2.2830843 2.2100663 2.2459634 2.1756669 2.1869796 2.2230958 2.6078773 0.0000000 1.3097114 3.0900665 2.8304390 3.2159695 3.2164826 3.1956680 2.5549943 0.9534754 
Opea_EP00118_Oscarella_pearsei_P028529                 2.3538252 1.8457737 1.4693860 1.8389305 2.3824410 2.1299416 1.8590807 2.0813166 2.1278298 2.1277113 2.3124030 2.4494679 1.4512631 2.3244022 2.2382793 2.6362287 2.8934413 2.1633431 2.3354406 2.0701273 1.3835375 1.8193682 1.7726462 2.0537720 2.0828427 1.6990377 1.7551314 1.5700169 2.1783881 2.3620131 2.4034180 2.5072872 2.5586640 2.6062986 2.9991582 1.3097114 0.0000000 2.6503614 2.5527963 2.7183090 2.8898519 2.4638326 2.1388258 1.0489187 
Mlei_ML0157.g19.i1                                     3.0492423 1.9742301 1.8088278 2.8138007 3.0894570 2.8211896 1.7996462 3.0065596 3.0776608 3.0715237 3.1621753 3.2081192 1.2790818 2.6105426 2.7858842 3.1085908 3.5894608 3.0912529 3.0239843 2.8609090 2.5536213 3.1734878 3.0039938 3.0335276 2.2299887 2.5338183 2.7316652 2.2923863 2.9438394 3.0658313 3.0412334 3.1400946 3.2638782 3.1901448 3.7058642 3.0900665 2.6503614 0.0000000 0.8765012 1.0476403 1.0259559 0.9755307 1.1777547 0.1149088 
Lampan_Lpan_7135_01                                    2.9840251 1.7460123 1.6478903 2.5557032 2.7178330 2.2972296 1.8991617 2.5076566 2.7429090 2.6588606 2.6539144 2.7522458 1.2152251 2.3318921 2.5232900 2.7470743 2.8635144 2.7735027 2.7367679 2.4658295 2.4395306 2.5628045 2.4965272 2.2970713 2.1936043 2.2960450 2.4000351 2.3857063 2.7900667 2.4710303 2.4856997 2.5300906 2.5434769 2.7223484 3.1663610 2.8304390 2.5527963 0.8765012 0.0000000 0.8571257 0.9302064 0.9073130 0.9515512 0.1518999 
Coeast_Cast_sb820346                                   3.3693988 2.1602327 1.8353045 3.2683315 3.6057866 2.9838667 2.3318091 3.0141340 3.0954126 3.2100650 2.8713178 2.9697234 1.3426868 2.7109289 2.8193119 3.1366414 3.4018283 2.9331150 2.7789607 3.0029196 2.7385081 2.7852738 2.8997875 3.0668916 2.5148953 2.9870411 2.8529293 2.8171057 2.7719793 2.9382903 2.8410253 2.7732421 2.8312064 2.9796615 3.6256594 3.2159695 2.7183090 1.0476403 0.8571257 0.0000000 0.1424676 1.1248071 1.1821071 0.4283335 
Coemet_Cmet_scaffold18961_01                           3.5065442 2.1641712 1.8049460 3.4854859 3.8815340 3.3279039 2.5583885 3.3218566 3.5515783 3.5884735 3.0094818 3.1168154 1.3515504 2.9613355 2.8674466 3.3863739 3.8223868 3.2265517 3.1012055 3.2146200 2.8747864 3.0666144 3.1341824 3.3592273 2.6115586 3.0810525 2.8820286 2.7546139 2.9073261 3.1170985 3.0059768 2.9496465 2.9641932 3.0240173 3.7020754 3.2164826 2.8898519 1.0259559 0.9302064 0.1424676 0.0000000 1.1828524 1.2047746 0.4283335 
Horcal_Hcv1.av93.c5.g1277.i1                           3.2958713 1.9999179 1.6362580 2.9324375 2.9361599 2.7159567 2.1172678 2.6768268 2.7168520 2.7842400 2.9933948 2.9627615 1.2093149 2.8654682 2.5054290 3.0161639 3.2615625 2.7933184 2.8388146 2.8065076 2.4575653 3.0004785 2.5548724 2.5202111 2.2219303 2.6368266 2.6573897 2.4511803 2.9821774 3.2381268 3.1712101 3.2564890 3.2773794 3.2233846 3.6138264 3.1956680 2.4638326 0.9755307 0.9073130 1.1248071 1.1828524 0.0000000 1.1446730 0.0000010 
Eupdun_Edun_sb10638969                                 2.7020870 2.1043158 1.7946060 2.5706516 2.9238821 2.6775225 2.1080068 2.6337246 2.7926836 2.7421083 2.9171160 2.8978731 1.2984492 2.6486302 2.4713718 2.7112071 3.1557064 2.9488527 2.6255655 2.6614427 2.3340388 2.4948550 2.5049345 2.7179147 2.1930180 2.3018198 2.4378147 2.3283509 3.0222068 3.1765172 3.0847377 3.2482928 3.2180295 3.2242834 3.7544660 2.5549943 2.1388258 1.1777547 0.9515512 1.1821071 1.2047746 1.1446730 0.0000000 0.2828494 
Pbac_sb2658146                                         1.1132573 0.9748091 1.1836820 0.8960804 0.9037166 1.1263390 1.0843345 0.9623425 1.0520384 0.9995434 0.9501549 1.0293296 1.0019114 0.9814341 0.7660764 0.9438552 0.9538298 0.8194859 1.1264601 1.0509748 0.8639774 1.0044854 1.0496413 0.8364338 0.9345287 0.9210901 0.9496695 0.9028218 1.1543307 0.9726225 0.9726225 1.0963204 1.0990454 1.0250293 0.3984722 0.9534754 1.0489187 0.1149088 0.1518999 0.4283335 0.4283335 0.0000010 0.2828494 0.0000000 
