24
Hsap_ENST00000343410                    0.0000000 1.6900930 1.6412026 1.5989156 1.6308728 1.8873694 1.6422713 1.7059324 2.1380716 2.1478102 2.3216251 2.0537760 2.0860392 1.8843876 2.1475141 2.0402422 2.2626516 2.4134129 2.6087940 2.1548286 2.5084069 2.5086581 2.1918886 2.4306286 
Bralan_BLAG04001143_1                   1.6900930 0.0000000 1.3232192 1.2877799 1.4004211 1.8021101 2.3293048 1.8894455 2.1717114 2.2170990 2.3511433 2.1573875 2.0663334 1.9541978 2.1723258 2.1145862 2.5772197 2.4809279 2.3190770 2.2791025 2.4174442 2.4189726 2.3119167 2.8026707 
Skow_NM_001168093.1                     1.6412026 1.3232192 0.0000000 1.2115169 1.6329927 1.6794703 2.0387968 1.6243249 2.1245734 2.1684848 2.2094458 2.0414367 1.9779269 1.9163129 1.9511587 1.7777956 2.1223711 2.2511498 2.4475328 2.3427374 2.5688261 2.0979125 2.1841700 2.7100357 
Spur_XM_030999140.1                     1.5989156 1.2877799 1.2115169 0.0000000 1.3473323 1.9367900 1.7136332 1.6690696 2.1381257 2.1748801 2.3585359 2.1538005 2.0592447 1.8951259 2.2445570 2.0226688 2.2446695 2.1050795 2.4072595 2.6716796 2.6959083 2.3816381 2.1236413 2.7173938 
Ctel_gnl_WGS_AMQN_CAPTEDRAFT_mRNA146277 1.6308728 1.4004211 1.6329927 1.3473323 0.0000000 1.5638354 1.9911889 1.7935095 2.1984442 2.3682404 2.5663462 2.3526907 2.0839191 2.1796385 2.2377054 2.0811909 2.2489579 2.3068527 2.3683498 2.9250242 2.4826707 2.6337992 2.0389219 1.8129671 
Cgig_XM_011439650.3                     1.8873694 1.8021101 1.6794703 1.9367900 1.5638354 0.0000000 2.4036562 1.9444261 2.3887553 2.4065578 2.5162316 2.5355127 2.1201878 2.1407162 2.4332270 2.3293234 2.7681951 2.8606130 2.4326664 2.6220663 2.5432279 2.5206667 2.2417982 1.9561195 
Lcom_lcpid168914                        1.6422713 2.3293048 2.0387968 1.7136332 1.9911889 2.4036562 0.0000000 1.9166529 1.8010578 1.8595183 2.1440056 1.8508022 1.9457264 1.8317537 1.9062293 1.8768068 2.1945540 2.0886541 2.7137485 2.8979464 2.4093656 2.2380673 2.1110162 2.4552911 
Exapal_XM_021057189.2                   1.7059324 1.8894455 1.6243249 1.6690696 1.7935095 1.9444261 1.9166529 0.0000000 0.9654869 1.2856620 1.3893476 1.3082802 1.1967864 1.1708001 1.2431157 1.2251215 1.6944534 1.7248527 1.5957055 1.9154472 1.9556762 1.9865885 1.7735740 3.0623620 
Nvec_v1g83517                           2.1380716 2.1717114 2.1245734 2.1381257 2.1984442 2.3887553 1.8010578 0.9654869 0.0000000 1.5244156 1.6097657 1.3957120 1.3029934 1.2973331 1.2694608 1.2337649 2.0361858 2.2171625 2.4469530 2.8597767 2.6794425 2.5580768 2.5626143 3.4912555 
Adig_XM_015924903.1                     2.1478102 2.2170990 2.1684848 2.1748801 2.3682404 2.4065578 1.8595183 1.2856620 1.5244156 0.0000000 0.0240821 0.6143900 0.5816573 0.6292465 0.7428102 0.6860675 2.0829876 2.2167920 2.3252662 2.5492107 2.3697956 2.6810569 2.2212780 3.0420443 
Amil_Amillepora16618-RA                 2.3216251 2.3511433 2.2094458 2.3585359 2.5663462 2.5162316 2.1440056 1.3893476 1.6097657 0.0240821 0.0000000 0.7069584 0.6328657 0.6964240 0.7929427 0.7492753 2.1868625 2.3443254 2.4685060 2.4507246 2.6266091 2.7157757 2.3994366 3.3386791 
Gfas_gfas1.m1.13321.m1                  2.0537760 2.1573875 2.0414367 2.1538005 2.3526907 2.5355127 1.8508022 1.3082802 1.3957120 0.6143900 0.7069584 0.0000000 0.5275440 0.4864988 0.6763872 0.6314205 2.2276607 2.2900088 2.4270812 2.7696592 2.6195316 2.5364791 2.3706203 3.1812026 
Fspp_ffun1.m4.8493.m1                   2.0860392 2.0663334 1.9779269 2.0592447 2.0839191 2.1201878 1.9457264 1.1967864 1.3029934 0.5816573 0.6328657 0.5275440 0.0000000 0.2798578 0.4377777 0.4063639 2.1176086 2.3069571 2.1485710 2.7320459 2.3191432 2.9422537 2.3175354 2.8220706 
Gasp_gasp1.m3.11911.m1                  1.8843876 1.9541978 1.9163129 1.8951259 2.1796385 2.1407162 1.8317537 1.1708001 1.2973331 0.6292465 0.6964240 0.4864988 0.2798578 0.0000000 0.5089122 0.4763812 2.0284696 2.2514895 2.1365167 2.7181332 2.2237170 2.7860312 2.2535052 2.5613650 
Spis_XP_022778180_1                     2.1475141 2.1723258 1.9511587 2.2445570 2.2377054 2.4332270 1.9062293 1.2431157 1.2694608 0.7428102 0.7929427 0.6763872 0.4377777 0.5089122 0.0000000 0.1133468 2.0316931 2.1490748 2.3623605 2.9006062 2.3746594 2.8332730 2.2639720 2.7339299 
Pocdam_XM_027200067.1                   2.0402422 2.1145862 1.7777956 2.0226688 2.0811909 2.3293234 1.8768068 1.2251215 1.2337649 0.6860675 0.7492753 0.6314205 0.4063639 0.4763812 0.1133468 0.0000000 1.8911632 2.0582052 2.3124340 2.7653428 2.2480547 2.8251857 2.3119549 2.6233671 
Dgig_XM_028540526.1                     2.2626516 2.5772197 2.1223711 2.2446695 2.2489579 2.7681951 2.1945540 1.6944534 2.0361858 2.0829876 2.1868625 2.2276607 2.1176086 2.0284696 2.0316931 1.8911632 0.0000000 0.8386952 2.4645997 3.0335098 2.8088922 3.0220007 2.2876357 3.3516284 
Xesp_011770-T1                          2.4134129 2.4809279 2.2511498 2.1050795 2.3068527 2.8606130 2.0886541 1.7248527 2.2171625 2.2167920 2.3443254 2.2900088 2.3069571 2.2514895 2.1490748 2.0582052 0.8386952 0.0000000 2.7232862 2.6700808 2.5794802 2.7611518 2.2676971 3.4493353 
Hvul_g432_1                             2.6087940 2.3190770 2.4475328 2.4072595 2.3683498 2.4326664 2.7137485 1.5957055 2.4469530 2.3252662 2.4685060 2.4270812 2.1485710 2.1365167 2.3623605 2.3124340 2.4645997 2.7232862 0.0000000 2.0009997 1.6575664 1.6950778 1.7381554 3.3713000 
Nemnom_g11007.t1                        2.1548286 2.2791025 2.3427374 2.6716796 2.9250242 2.6220663 2.8979464 1.9154472 2.8597767 2.5492107 2.4507246 2.7696592 2.7320459 2.7181332 2.9006062 2.7653428 3.0335098 2.6700808 2.0009997 0.0000000 0.4209094 1.0287165 1.6904061 3.7550286 
Rhoesc_Res_001432-T1                    2.5084069 2.4174442 2.5688261 2.6959083 2.4826707 2.5432279 2.4093656 1.9556762 2.6794425 2.3697956 2.6266091 2.6195316 2.3191432 2.2237170 2.3746594 2.2480547 2.8088922 2.5794802 1.6575664 0.4209094 0.0000000 1.0243791 1.5716870 3.6759922 
Sanmal_Sma_026685-T1                    2.5086581 2.4189726 2.0979125 2.3816381 2.6337992 2.5206667 2.2380673 1.9865885 2.5580768 2.6810569 2.7157757 2.5364791 2.9422537 2.7860312 2.8332730 2.8251857 3.0220007 2.7611518 1.6950778 1.0287165 1.0243791 0.0000000 1.4934527 4.1252455 
Morvir_scaffold277.g18.t1               2.1918886 2.3119167 2.1841700 2.1236413 2.0389219 2.2417982 2.1110162 1.7735740 2.5626143 2.2212780 2.3994366 2.3706203 2.3175354 2.2535052 2.2639720 2.3119549 2.2876357 2.2676971 1.7381554 1.6904061 1.5716870 1.4934527 0.0000000 2.7495663 
Acagra_model.g17379.t1                  2.4306286 2.8026707 2.7100357 2.7173938 1.8129671 1.9561195 2.4552911 3.0623620 3.4912555 3.0420443 3.3386791 3.1812026 2.8220706 2.5613650 2.7339299 2.6233671 3.3516284 3.4493353 3.3713000 3.7550286 3.6759922 4.1252455 2.7495663 0.0000000 
