58
Hsap_ENST00000266679                                   0.0000000 0.7558380 0.9773692 0.8160164 0.8694233 0.5403265 0.9690803 0.9932187 1.0435539 1.2399060 1.7151683 1.7682526 1.9162085 1.9215533 1.7749938 1.7033013 1.7506527 1.8130466 1.9750443 1.9956366 1.9805113 1.9888740 1.9221292 1.8140025 1.9836422 1.7860135 2.4397849 2.5039615 1.9756480 2.3332984 2.2411199 2.2882334 2.5040473 2.4871474 2.6396780 2.8695781 2.4229143 2.1527042 2.1269622 1.9505268 2.0759104 2.0651785 2.0866603 1.9974744 2.9098609 2.4598208 2.8941651 3.1632550 2.6023603 2.2824378 2.4419574 2.1250491 2.1683917 1.8728290 2.7547229 2.5739225 2.3857966 1.9404720 
Bralan_BLAG03000548_1                                  0.7558380 0.0000000 0.9154968 0.8005602 0.7903449 0.5660470 0.8878567 0.8632913 0.9937275 1.2710724 1.9097512 1.9421971 1.9843504 2.0450355 1.9747729 1.8423698 1.8164703 1.8639844 2.1198409 2.2212846 2.1639739 2.1062772 2.1759370 2.1012792 2.3487170 2.0564236 2.5897085 2.5293520 2.3079545 2.6240803 2.4971260 2.4399047 2.6161649 2.6123515 2.5676926 2.7510101 2.6753268 2.2857370 2.3062032 2.1253747 2.2477378 2.2457393 2.2982719 2.2195710 2.7917787 2.2632300 2.8324144 3.1459300 2.0272635 2.5721923 2.5516293 2.3782614 2.3530330 2.2184072 3.0362771 2.6747250 2.5410550 2.0276973 
Spur_XM_011675489.2                                    0.9773692 0.9154968 0.0000000 0.7287778 0.8161823 0.6628905 1.0637494 1.0388405 1.1667754 1.4129820 2.0972432 2.1186260 2.1201885 2.1483703 2.1871598 2.0037198 2.1391937 2.1589210 2.4677210 2.4545822 2.3689691 2.2472923 2.2506660 2.1200747 2.5158528 2.1741100 2.7354595 2.9140338 2.2461479 2.7395468 2.3238211 2.3976278 2.8705277 2.7933146 2.6907890 2.9087726 2.7852837 2.4547919 2.4463070 2.2242551 2.3080692 2.2963672 2.4062441 2.3427268 2.7272083 2.4485647 3.0413882 3.0371066 2.5075994 2.5427848 2.4944149 2.3396426 2.2711786 2.4354182 3.0903746 2.6541857 2.8040066 2.0802805 
Skow_XM_006825840.1                                    0.8160164 0.8005602 0.7287778 0.0000000 0.7285025 0.6772728 0.8179972 0.8037687 0.9743638 1.0953533 1.8995567 1.8624406 1.9100915 1.9742389 1.9977617 1.8924460 1.8616349 1.9254140 2.2102752 2.2737734 2.2035107 2.0100386 2.0579885 1.8778214 2.3242023 2.0828495 2.3694028 2.5951701 2.0669051 2.4044865 2.3005849 2.2871005 2.8380341 2.8250614 2.5708452 2.8685139 3.2440297 2.1419882 2.1669779 2.0371493 2.1150052 2.1039180 2.2187497 1.9977906 2.8655684 2.4890647 2.5085024 2.4406202 1.9927268 2.2186675 2.4672230 2.2617057 2.3100226 2.2650288 2.9418346 2.5059348 2.5164965 2.1575424 
Cscu_XM_023361488.1                                    0.8694233 0.7903449 0.8161823 0.7285025 0.0000000 0.4340508 0.6817651 0.6151093 0.9112576 1.0786376 1.9549529 1.9615252 2.2466369 2.3606273 2.5475946 2.0411457 2.1331057 2.1353707 2.9933962 2.2057784 2.0593925 1.9841584 2.1992953 2.1921210 2.4444845 1.7857319 2.7030070 2.6417035 2.5165921 2.8961462 2.7210944 2.6280533 3.2732727 3.2541201 0.0000010 0.0000010 3.4293311 3.0873001 3.0873001 3.0375275 3.1189590 3.1156448 3.0186268 2.9975506 2.9838253 2.3682912 5.0796104 5.0953056 4.9999596 2.2492001 2.2239311 2.0200857 1.8154227 2.3649676 4.6532330 2.8783935 2.5439909 2.4081020 
Ctel_gnl_WGS_AMQN_CAPTEDRAFT_mRNA113017                0.5403265 0.5660470 0.6628905 0.6772728 0.4340508 0.0000000 0.3853559 0.4107061 0.6917746 0.5927138 1.3715925 1.5873958 1.6693915 1.6734380 1.9079579 1.5910013 1.5708873 1.6266258 2.3884191 1.5578554 1.5550223 1.2103853 1.4589403 1.4583209 1.6125728 1.4534470 2.5903703 2.3707295 2.4571189 2.3927803 2.7944756 2.8037873 2.6081219 2.6239203 0.0000010 0.0000010 2.5876486 2.3442188 2.3442188 1.8225556 2.3515763 2.3644743 2.4331427 2.4162967 1.8344194 1.8555925 8.9896829 7.6849665 9.0000000 1.7946195 1.4360728 1.5887969 1.4687766 1.6017835 2.6559998 2.0263372 2.4839591 2.2844506 
Acagra_model.g1053.t1                                  0.9690803 0.8878567 1.0637494 0.8179972 0.6817651 0.3853559 0.0000000 0.4763287 1.0851774 1.1602952 1.9073329 1.8843785 1.8759343 1.9680532 1.7875678 1.7359831 1.7334542 1.7203560 2.0808428 2.0547315 1.9575141 2.0948524 1.9503407 1.9254490 2.0699358 1.9760413 2.4026185 2.3413008 2.0831811 2.5307595 2.3856632 2.3574410 2.6336704 2.6551294 2.5666075 2.8464279 2.5903983 2.0426349 2.0529729 1.9489949 2.0663563 2.0555984 2.2672692 1.9855442 2.8587625 2.6148190 2.5290198 2.6965170 2.2445571 2.5373867 2.4360166 2.4422333 2.2676502 2.2790327 3.0018496 2.6922460 2.7870097 2.1700338 
Cgig_XM_034448802.1                                    0.9932187 0.8632913 1.0388405 0.8037687 0.6151093 0.4107061 0.4763287 0.0000000 1.0235454 1.1357977 1.8187758 1.8341908 1.9346407 1.9684328 1.8573581 1.7925895 1.8339532 1.8586801 2.1142213 1.8098732 1.8074121 1.9045005 1.8481745 1.8381179 1.9280917 1.8634534 2.4686148 2.3690216 2.2544854 2.6864693 2.5452417 2.6377814 2.6864391 2.6824581 2.6679389 2.8847578 2.5632909 2.2539254 2.2512879 2.0010818 2.1772395 2.1655615 2.3578096 2.1630767 2.9011353 2.4856521 2.7736235 2.4236494 2.2241394 2.2725255 2.5402065 2.3835507 2.2761452 2.2053509 2.8745265 2.6240942 3.0361824 2.1451806 
Tcas_TC008014_001                                      1.0435539 0.9937275 1.1667754 0.9743638 0.9112576 0.6917746 1.0851774 1.0235454 0.0000000 1.0529943 1.9347244 1.8667551 1.8257085 1.9024436 1.8978372 1.9166305 1.8499883 1.8551317 2.1446239 2.1043202 1.9115506 1.9360092 1.7600103 1.7234231 1.9787965 2.0899602 2.3168825 2.3644640 2.2802271 2.4826011 2.3694616 2.3619735 2.5927555 2.5602823 2.1854230 2.3721278 3.0892055 2.3862474 2.3900407 2.2523949 2.3325249 2.3456266 2.3927863 2.4035451 2.4499818 2.1043609 2.5206013 2.6811113 1.9835785 2.5823616 2.2785356 2.0282077 2.0835571 2.1772887 2.6950243 2.3351324 2.8122368 2.6385688 
Dpul_mRNA13650                                         1.2399060 1.2710724 1.4129820 1.0953533 1.0786376 0.5927138 1.1602952 1.1357977 1.0529943 0.0000000 1.8970296 1.8254726 1.7861339 1.8734391 1.8208360 1.8868055 1.9084691 1.9617041 1.7916258 2.2094199 1.9604740 2.1116583 1.9650135 1.9708878 2.0594346 1.8836017 2.5341984 2.9496986 2.2435605 2.5497547 2.6342712 2.3709201 2.6672179 2.7003219 2.3118814 2.6102391 2.9902551 1.9871193 2.0004203 1.9450901 1.9488923 1.9488923 1.9925822 1.8215316 2.6340012 2.4027714 2.2249342 2.5623046 2.4065527 2.2980806 2.5304051 2.5320788 2.4441172 2.1841490 3.0741032 2.5033483 2.0270955 1.5458584 
Exapal_XM_028657352.1                                  1.7151683 1.9097512 2.0972432 1.8995567 1.9549529 1.3715925 1.9073329 1.8187758 1.9347244 1.8970296 0.0000000 0.5560043 0.8715552 0.9074000 0.9483373 0.8036631 0.8149700 0.8328607 1.1632761 1.8986342 1.5512138 1.3930342 1.3639668 1.4106598 1.5062187 1.6557379 2.8053643 3.0677174 2.2387616 2.7794124 2.7033553 2.3838708 2.9514602 2.9372313 2.4945962 2.6705861 2.7978198 2.1781243 2.1921493 2.2875046 2.1421492 2.1529915 2.1031974 2.2248553 3.2688970 2.6676856 2.8194651 2.9651711 2.9382866 2.7500099 2.2690653 2.0757171 2.0929694 1.8999803 2.5997892 2.4579882 2.3499661 1.8974098 
Nvec_v1g245267                                         1.7682526 1.9421971 2.1186260 1.8624406 1.9615252 1.5873958 1.8843785 1.8341908 1.8667551 1.8254726 0.5560043 0.0000000 0.6739105 0.6944838 0.6455302 0.5673047 0.6362121 0.6472927 0.8345850 1.6951123 1.4051436 1.2473381 1.2353582 1.2147134 1.3756434 1.5538581 2.5059814 2.7683443 2.2439136 2.7622657 2.4140416 2.5438261 2.6489351 2.6381840 2.3829981 2.6127433 2.9121012 2.1210199 2.1352221 2.2883685 2.0524133 2.0628970 1.9455822 2.0876851 2.8517432 2.4395235 2.7259099 3.1239108 2.9035623 2.4177634 2.2687438 2.2304758 2.0289323 2.1668796 2.6963929 2.4604359 2.2245986 1.7785432 
Adig_XM_015914144.1                                    1.9162085 1.9843504 2.1201885 1.9100915 2.2466369 1.6693915 1.8759343 1.9346407 1.8257085 1.7861339 0.8715552 0.6739105 0.0000000 0.0172091 0.3066471 0.2286874 0.2557303 0.2500440 0.4191555 1.9383726 1.4358401 1.3601102 1.2924812 1.2899392 1.3758796 1.4899076 2.7786168 3.2001935 2.2105209 2.9317027 2.3414212 2.4742755 3.0901874 3.0775995 2.9490198 3.1924282 2.8660999 1.9891082 2.0029784 2.1657189 2.0790576 2.0896805 2.1506086 2.0302367 2.6619428 2.3346968 2.4762084 2.8550191 2.4990462 2.5201525 2.1638255 1.8877356 1.9548506 2.0368482 2.8094438 2.3771239 2.5200660 1.8590410 
Amil_Amillepora13232-RA                                1.9215533 2.0450355 2.1483703 1.9742389 2.3606273 1.6734380 1.9680532 1.9684328 1.9024436 1.8734391 0.9074000 0.6944838 0.0172091 0.0000000 0.3092735 0.2373581 0.2697240 0.2638548 0.4007986 1.9014948 1.4984125 1.4682791 1.3548230 1.3658260 1.4295958 1.5070721 2.7961357 3.2242174 2.2569871 2.9393061 2.3034864 2.5767630 3.2142548 3.2021175 3.1885832 3.4644823 2.7780518 2.0979395 2.1114761 2.2797107 2.1645553 2.1752024 2.2539902 2.1446611 2.7567135 2.4229338 2.3902783 2.8330852 2.5806880 2.4933671 2.2966954 2.0309544 2.0499401 2.1326500 2.9345638 2.3997193 2.5329871 1.8316762 
Fspp_ffun1.m4.9481.m1                                  1.7749938 1.9747729 2.1871598 1.9977617 2.5475946 1.9079579 1.7875678 1.8573581 1.8978372 1.8208360 0.9483373 0.6455302 0.3066471 0.3092735 0.0000000 0.1531084 0.2468540 0.2410530 0.2064836 2.6793095 1.8069676 1.5770404 1.4476483 1.4879494 1.6270080 1.7240928 2.8666647 4.3713547 2.4127094 3.0999029 2.6040749 2.7851303 3.2749716 3.2667369 2.5916519 2.7652551 3.4907205 2.2746044 2.2902414 2.2347891 2.3415542 2.3610714 2.4667331 2.3867270 2.5938461 2.6671336 2.6128104 2.9753123 2.4387364 2.8421638 2.2884820 2.2640852 2.3004196 2.4356969 2.8211302 2.3062064 2.0512748 1.6283447 
Gasp_gasp1.m3.1748.m1                                  1.7033013 1.8423698 2.0037198 1.8924460 2.0411457 1.5910013 1.7359831 1.7925895 1.9166305 1.8868055 0.8036631 0.5673047 0.2286874 0.2373581 0.1531084 0.0000000 0.1717784 0.1701945 0.3444220 1.8526341 1.4829529 1.3736662 1.3088873 1.3593141 1.4424103 1.5772084 2.7287756 3.0827405 2.2217688 2.9480322 2.1521291 2.6195200 2.9327619 2.9241800 2.8752495 3.0248099 2.9191896 2.0862246 2.0996020 2.1876447 2.1373115 2.1476728 2.2419670 2.1004955 2.5565673 2.3101983 2.5469241 3.0628916 2.4554142 2.5294698 2.2894493 1.9249746 2.0001527 2.0819293 2.8426773 2.3573066 2.3606622 1.7403039 
Spis_XP_022778807_1                                    1.7506527 1.8164703 2.1391937 1.8616349 2.1331057 1.5708873 1.7334542 1.8339532 1.8499883 1.9084691 0.8149700 0.6362121 0.2557303 0.2697240 0.2468540 0.1717784 0.0000000 0.0453878 0.3943950 1.8190456 1.4684168 1.3339030 1.2184799 1.2753841 1.4124395 1.4846674 2.7305799 3.0264825 2.3401527 3.0183502 2.2985371 2.5884577 3.0624241 3.0532857 3.0795443 3.2312050 3.0310268 1.9780471 1.9912646 2.0771272 2.0258864 2.0357129 2.1689616 2.0075269 2.5056515 2.2264803 2.5904896 2.9510460 2.6204681 2.5071972 2.2190712 1.8621496 1.9682606 1.9763805 2.7379818 2.3300577 2.2078055 1.7111464 
Pocdam_XM_027180413.1                                  1.8130466 1.8639844 2.1589210 1.9254140 2.1353707 1.6266258 1.7203560 1.8586801 1.8551317 1.9617041 0.8328607 0.6472927 0.2500440 0.2638548 0.2410530 0.1701945 0.0453878 0.0000000 0.4033410 1.8486376 1.4672141 1.3489636 1.2276606 1.2784926 1.4422581 1.5377681 2.6496579 3.0278417 2.3080591 2.9871450 2.2869416 2.5526661 3.0091270 3.0055276 2.9569328 3.1154793 2.9582646 1.9529826 1.9661702 2.0538952 2.0055936 2.0153430 2.1730677 1.9672255 2.5673248 2.2792304 2.5972830 2.9321739 2.5942810 2.5644375 2.2193138 1.8483700 1.9641349 1.9372014 2.7379796 2.3656665 2.2226161 1.7033408 
Gfas_gfas1.m1.3420.m1                                  1.9750443 2.1198409 2.4677210 2.2102752 2.9933962 2.3884191 2.0808428 2.1142213 2.1446239 1.7916258 1.1632761 0.8345850 0.4191555 0.4007986 0.2064836 0.3444220 0.3943950 0.4033410 0.0000000 2.6804727 1.8258592 1.7145481 1.5375788 1.5909089 1.6206601 1.8914793 2.9750307 5.0191805 2.7858967 3.2896462 3.2645034 3.0362561 3.3188630 3.3466351 2.3067478 2.5948445 4.1851711 2.5870237 2.6023384 2.2299749 2.5710100 2.5778615 2.8880728 2.6495196 2.4787874 2.6689700 2.1978504 2.6672716 2.3252507 2.7219591 2.2264632 2.2646892 2.3223596 2.3925011 2.9036765 2.0651114 2.0280504 1.7801606 
Hvul_g14776_1                                          1.9956366 2.2212846 2.4545822 2.2737734 2.2057784 1.5578554 2.0547315 1.8098732 2.1043202 2.2094199 1.8986342 1.6951123 1.9383726 1.9014948 2.6793095 1.8526341 1.8190456 1.8486376 2.6804727 0.0000000 0.5232651 1.1154851 0.9766002 1.0537077 1.0328542 1.0766713 3.0918809 2.7366403 3.4684421 2.9407128 3.2936112 3.5788575 2.9166596 2.9065477 4.2719365 4.2719365 2.6441100 2.7215841 2.7215841 2.5267289 2.6165701 2.6165701 2.6806802 2.4218006 3.1742137 2.3898416 3.4495709 4.3345843 4.7680714 2.0539096 2.0139123 1.9258985 1.9679391 2.0972504 3.5138176 2.4786541 1.8279267 1.6721834 
Chem_TCONS_00035432                                    1.9805113 2.1639739 2.3689691 2.2035107 2.0593925 1.5550223 1.9575141 1.8074121 1.9115506 1.9604740 1.5512138 1.4051436 1.4358401 1.4984125 1.8069676 1.4829529 1.4684168 1.4672141 1.8258592 0.5232651 0.0000000 0.9076223 0.9652823 0.9479066 0.9765548 1.1706231 2.9811548 2.8119204 2.5147019 2.8614123 3.3136181 2.6843495 2.9553041 2.9678429 2.9345570 3.0251703 2.4674562 2.5212975 2.5406764 2.5822836 2.5065653 2.5237526 2.6851835 2.3804628 2.8263433 2.3041965 2.6709992 3.5536987 3.6044027 2.3450960 2.3630498 2.2012201 2.2312441 2.0881227 3.1340890 2.4760786 1.9963107 1.7396120 
Aaur_scaffold1161.g3.t6                                1.9888740 2.1062772 2.2472923 2.0100386 1.9841584 1.2103853 2.0948524 1.9045005 1.9360092 2.1116583 1.3930342 1.2473381 1.3601102 1.4682791 1.5770404 1.3736662 1.3339030 1.3489636 1.7145481 1.1154851 0.9076223 0.0000000 0.3691415 0.4068503 0.5150228 1.0468332 2.7846305 2.8653371 2.4486855 2.8286073 3.0438627 2.5738672 2.7669370 2.7186338 2.5834895 2.8756151 2.5408389 2.3387869 2.3468991 2.3720284 2.3607210 2.3766559 2.1927116 2.1172444 3.0115273 2.3860218 2.8589132 3.2555508 2.9047722 2.3928149 2.3040616 1.9848099 2.0641851 2.0304289 3.1187726 2.4300716 1.7882784 1.4876701 
Nemnom_g13307.t1                                       1.9221292 2.1759370 2.2506660 2.0579885 2.1992953 1.4589403 1.9503407 1.8481745 1.7600103 1.9650135 1.3639668 1.2353582 1.2924812 1.3548230 1.4476483 1.3088873 1.2184799 1.2276606 1.5375788 0.9766002 0.9652823 0.3691415 0.0000000 0.1025813 0.4333389 0.9555170 2.6234006 2.9602521 2.4035301 2.6241851 3.0935524 2.4927781 2.6715375 2.6241672 2.4632522 2.7352510 2.5066880 2.2921561 2.2999292 2.2820682 2.2648664 2.2750111 2.4031782 2.0961966 2.4998104 2.1426674 2.7534635 3.0413501 2.7283024 2.2751970 2.3767392 2.0320896 2.2495256 2.1205502 3.0875863 2.3917274 1.8822354 1.6416465 
Rhoesc_Res_016974-T1                                   1.8140025 2.1012792 2.1200747 1.8778214 2.1921210 1.4583209 1.9254490 1.8381179 1.7234231 1.9708878 1.4106598 1.2147134 1.2899392 1.3658260 1.4879494 1.3593141 1.2753841 1.2784926 1.5909089 1.0537077 0.9479066 0.4068503 0.1025813 0.0000000 0.4249270 0.9805690 2.6793555 2.9453723 2.3600222 2.7137724 3.0742706 2.4433103 2.7084345 2.6514298 2.6827411 2.9837973 2.5024105 2.2520513 2.2599075 2.3092316 2.2255737 2.2355074 2.3298458 2.1391170 2.6203580 2.2045138 2.8503140 3.0887298 2.8373249 2.3324785 2.3607105 1.9970833 2.1728535 2.1025786 3.0107499 2.4161035 1.8492675 1.6169515 
Sanmal_Sma_024257-T1                                   1.9836422 2.3487170 2.5158528 2.3242023 2.4444845 1.6125728 2.0699358 1.9280917 1.9787965 2.0594346 1.5062187 1.3756434 1.3758796 1.4295958 1.6270080 1.4424103 1.4124395 1.4422581 1.6206601 1.0328542 0.9765548 0.5150228 0.4333389 0.4249270 0.0000000 1.1077340 2.7299631 3.0650318 2.6105823 2.8610500 3.2458691 2.6431521 2.8235229 2.8168335 2.5867202 2.5893131 2.7365060 2.5350383 2.5428005 2.7300998 2.5399853 2.5469891 2.6758569 2.3708266 2.6354031 2.3235110 2.9620814 3.3673930 2.8252410 2.5066835 2.4444877 2.1174534 2.2206410 2.3034225 2.9601824 2.4753670 1.9994222 1.7444954 
Morvir_scaffold179.g9.t1                               1.7860135 2.0564236 2.1741100 2.0828495 1.7857319 1.4534470 1.9760413 1.8634534 2.0899602 1.8836017 1.6557379 1.5538581 1.4899076 1.5070721 1.7240928 1.5772084 1.4846674 1.5377681 1.8914793 1.0766713 1.1706231 1.0468332 0.9555170 0.9805690 1.1077340 0.0000000 3.1766880 2.7843641 2.8065198 3.1325468 3.0784368 2.8268093 3.3092224 3.3197645 3.8594220 4.2003694 2.9067392 2.1127856 2.0864776 2.0219838 2.0955033 2.1021009 2.0226480 2.0350647 3.1449295 2.5880136 2.9783559 3.1819771 3.0910441 2.4251165 2.4466480 2.1577840 2.2740708 2.2222273 3.8564653 2.5565757 1.9780641 1.8214578 
Mlei_ML2574.g3.i1                                      2.4397849 2.5897085 2.7354595 2.3694028 2.7030070 2.5903703 2.4026185 2.4686148 2.3168825 2.5341984 2.8053643 2.5059814 2.7786168 2.7961357 2.8666647 2.7287756 2.7305799 2.6496579 2.9750307 3.0918809 2.9811548 2.7846305 2.6234006 2.6793555 2.7299631 3.1766880 0.0000000 0.0257472 0.2907441 0.4854829 0.4885704 0.5636000 0.4834051 0.4678279 0.4127511 0.4694280 0.9175237 3.0136908 3.0341840 3.0526462 2.9304089 2.9424061 2.9495546 2.6049467 3.2918446 3.1114932 2.6451819 2.7575457 3.3138515 2.4799005 3.3439333 2.8847028 2.8759454 2.7986797 3.5326694 3.3483000 4.1054160 3.2179684 
Vmul_sbMO408570                                        2.5039615 2.5293520 2.9140338 2.5951701 2.6417035 2.3707295 2.3413008 2.3690216 2.3644640 2.9496986 3.0677174 2.7683443 3.2001935 3.2242174 4.3713547 3.0827405 3.0264825 3.0278417 5.0191805 2.7366403 2.8119204 2.8653371 2.9602521 2.9453723 3.0650318 2.7843641 0.0257472 0.0000000 0.3800389 0.4327784 0.4395329 0.4863760 0.4769041 0.4799159 1.4946864 1.4946864 0.9659727 2.8281472 2.8281472 3.1165995 2.7754153 2.7715392 2.8190110 2.8724092 3.7765233 2.9113130 2.9817420 5.2328171 8.9999982 2.3973496 3.3799119 2.3611163 2.5266290 3.0924603 3.7890368 4.2722316 4.1786316 3.4872256 
Beraby_Baby_sb341431                                   1.9756480 2.3079545 2.2461479 2.0669051 2.5165921 2.4571189 2.0831811 2.2544854 2.2802271 2.2435605 2.2387616 2.2439136 2.2105209 2.2569871 2.4127094 2.2217688 2.3401527 2.3080591 2.7858967 3.4684421 2.5147019 2.4486855 2.4035301 2.3600222 2.6105823 2.8065198 0.2907441 0.3800389 0.0000000 0.4315548 0.3788365 0.4306400 0.4688206 0.4619256 0.2631750 0.2591834 0.9607313 2.7581895 2.7581895 2.6373615 2.6179817 2.6139439 2.6180652 2.6484004 2.8986976 2.8490668 2.2440146 2.5034066 2.5337755 2.3063158 2.7917439 2.6943219 2.4852702 2.9560182 2.8547748 2.7496259 4.5821618 3.2860579 
Lampan_Lpan_8629_01                                    2.3332984 2.6240803 2.7395468 2.4044865 2.8961462 2.3927803 2.5307595 2.6864693 2.4826011 2.5497547 2.7794124 2.7622657 2.9317027 2.9393061 3.0999029 2.9480322 3.0183502 2.9871450 3.2896462 2.9407128 2.8614123 2.8286073 2.6241851 2.7137724 2.8610500 3.1325468 0.4854829 0.4327784 0.4315548 0.0000000 0.5237855 0.4759448 0.5929863 0.5793385 0.4663757 0.5564982 0.8699307 3.2055645 3.2253360 3.1853751 2.9675075 2.9709214 3.0294069 2.6209992 2.9695027 2.9264757 3.1667542 3.2448370 3.6249850 2.7402380 3.5620978 3.0707576 3.0358842 3.2050449 3.7628558 3.2858580 3.8872419 3.3694691 
Drygla_Dgla_sb288412                                   2.2411199 2.4971260 2.3238211 2.3005849 2.7210944 2.7944756 2.3856632 2.5452417 2.3694616 2.6342712 2.7033553 2.4140416 2.3414212 2.3034864 2.6040749 2.1521291 2.2985371 2.2869416 3.2645034 3.2936112 3.3136181 3.0438627 3.0935524 3.0742706 3.2458691 3.0784368 0.4885704 0.4395329 0.3788365 0.5237855 0.0000000 0.5673018 0.5477157 0.5359676 0.5117055 0.5117055 1.0073804 2.7925757 2.7925757 2.9994322 2.6641212 2.6642053 2.7251104 2.6371207 3.2625916 2.8822169 1.9705542 3.8434655 4.1733600 2.4474777 3.3552269 2.9704607 2.7299967 3.5580418 3.5683502 3.8811749 4.3024768 3.2637581 
Coemet_Cmet_scaffold13324_01                           2.2882334 2.4399047 2.3976278 2.2871005 2.6280533 2.8037873 2.3574410 2.6377814 2.3619735 2.3709201 2.3838708 2.5438261 2.4742755 2.5767630 2.7851303 2.6195200 2.5884577 2.5526661 3.0362561 3.5788575 2.6843495 2.5738672 2.4927781 2.4433103 2.6431521 2.8268093 0.5636000 0.4863760 0.4306400 0.4759448 0.5673018 0.0000000 0.6280572 0.6201056 0.4934524 0.5747935 0.9529826 2.9609505 3.0073443 2.9891082 2.8430318 2.8713202 2.8043586 2.6132146 3.2447736 2.9881652 2.7939270 2.9436226 3.2361169 2.7251763 3.3902561 2.8527250 2.9465995 2.7977718 3.0811943 3.3180103 4.3642750 3.2393712 
Pbac_sb2643397                                         2.5040473 2.6161649 2.8705277 2.8380341 3.2732727 2.6081219 2.6336704 2.6864391 2.5927555 2.6672179 2.9514602 2.6489351 3.0901874 3.2142548 3.2749716 2.9327619 3.0624241 3.0091270 3.3188630 2.9166596 2.9553041 2.7669370 2.6715375 2.7084345 2.8235229 3.3092224 0.4834051 0.4769041 0.4688206 0.5929863 0.5477157 0.6280572 0.0000000 0.0153750 0.5474196 0.6197640 0.9344830 3.1756852 3.2175873 3.1248426 3.1596503 3.1711708 3.1925115 2.6950661 3.1578899 2.9494331 3.0479883 3.3292372 3.4522037 2.6179664 3.3866510 3.1098016 3.0369524 2.8100865 3.1525801 3.4595171 4.0720658 3.7679819 
Horcal_Hcv1.av93.c7.g737.i1                            2.4871474 2.6123515 2.7933146 2.8250614 3.2541201 2.6239203 2.6551294 2.6824581 2.5602823 2.7003219 2.9372313 2.6381840 3.0775995 3.2021175 3.2667369 2.9241800 3.0532857 3.0055276 3.3466351 2.9065477 2.9678429 2.7186338 2.6241672 2.6514298 2.8168335 3.3197645 0.4678279 0.4799159 0.4619256 0.5793385 0.5359676 0.6201056 0.0153750 0.0000000 0.5490408 0.6235756 0.9209341 3.1795171 3.2217990 3.1283668 3.1645620 3.1762001 3.1856780 2.6802758 3.1576519 2.9469914 3.0660923 3.3608288 3.4600061 2.6301227 3.3577473 3.1440138 3.0232527 2.8188329 3.1439540 3.4319122 4.0968646 3.7833859 
Bolinf_Binf_sb1239343                                  2.6396780 2.5676926 2.6907890 2.5708452 0.0000010 0.0000010 2.5666075 2.6679389 2.1854230 2.3118814 2.4945962 2.3829981 2.9490198 3.1885832 2.5916519 2.8752495 3.0795443 2.9569328 2.3067478 4.2719365 2.9345570 2.5834895 2.4632522 2.6827411 2.5867202 3.8594220 0.4127511 1.4946864 0.2631750 0.4663757 0.5117055 0.4934524 0.5474196 0.5490408 0.0000000 0.0508746 1.6900097 3.4545945 3.4976139 3.3784439 3.2255604 3.2561672 3.2377476 2.4365827 3.1134833 2.9649493 3.0395766 2.9372643 3.1703018 2.6627111 3.6763916 3.0244792 3.3851457 2.4598807 3.2482858 2.9611796 0.0000010 0.0000010 
Mertsp_Mesp_sb562374                                   2.8695781 2.7510101 2.9087726 2.8685139 0.0000010 0.0000010 2.8464279 2.8847578 2.3721278 2.6102391 2.6705861 2.6127433 3.1924282 3.4644823 2.7652551 3.0248099 3.2312050 3.1154793 2.5948445 4.2719365 3.0251703 2.8756151 2.7352510 2.9837973 2.5893131 4.2003694 0.4694280 1.4946864 0.2591834 0.5564982 0.5117055 0.5747935 0.6197640 0.6235756 0.0508746 0.0000000 1.6900097 3.6457094 3.6897867 3.6235971 3.4616898 3.4946435 3.5940575 2.4249711 3.0347164 3.1515754 3.3425351 3.1742813 3.4374568 2.6828213 3.7027308 3.1183698 3.4232873 2.3920275 3.1900288 2.9450669 0.0000010 0.0000010 
Eupdun_Edun_sb10650947                                 2.4229143 2.6753268 2.7852837 3.2440297 3.4293311 2.5876486 2.5903983 2.5632909 3.0892055 2.9902551 2.7978198 2.9121012 2.8660999 2.7780518 3.4907205 2.9191896 3.0310268 2.9582646 4.1851711 2.6441100 2.4674562 2.5408389 2.5066880 2.5024105 2.7365060 2.9067392 0.9175237 0.9659727 0.9607313 0.8699307 1.0073804 0.9529826 0.9344830 0.9209341 1.6900097 1.6900097 0.0000000 2.9475147 2.9475147 3.1187217 2.9990588 2.9638568 2.8315034 2.8915910 2.8626098 2.8875580 2.0859779 3.2872810 5.5228641 2.9124105 3.0194208 3.1343532 2.8190633 4.1675202 3.9565371 3.5735977 5.0720603 4.0812337 
Tadh_wf_g396.t1                                        2.1527042 2.2857370 2.4547919 2.1419882 3.0873001 2.3442188 2.0426349 2.2539254 2.3862474 1.9871193 2.1781243 2.1210199 1.9891082 2.0979395 2.2746044 2.0862246 1.9780471 1.9529826 2.5870237 2.7215841 2.5212975 2.3387869 2.2921561 2.2520513 2.5350383 2.1127856 3.0136908 2.8281472 2.7581895 3.2055645 2.7925757 2.9609505 3.1756852 3.1795171 3.4545945 3.6457094 2.9475147 0.0000000 0.0000010 0.2028671 0.1790510 0.1841595 0.1569738 0.1909442 4.0172499 3.4198598 2.7496047 3.1893241 2.6309187 2.7545771 3.1637646 3.1321776 3.0574103 2.8667154 3.3416268 3.2175221 3.0602435 3.3484562 
TrH2_TrispH2_008160-RA                                 2.1269622 2.3062032 2.4463070 2.1669779 3.0873001 2.3442188 2.0529729 2.2512879 2.3900407 2.0004203 2.1921493 2.1352221 2.0029784 2.1114761 2.2902414 2.0996020 1.9912646 1.9661702 2.6023384 2.7215841 2.5406764 2.3468991 2.2999292 2.2599075 2.5428005 2.0864776 3.0341840 2.8281472 2.7581895 3.2253360 2.7925757 3.0073443 3.2175873 3.2217990 3.4976139 3.6897867 2.9475147 0.0000010 0.0000000 0.2018553 0.1782634 0.1833478 0.1561616 0.1909442 4.0094432 3.4179552 2.7355018 3.1681484 2.6164024 2.7299414 3.1970387 3.1328021 3.0872135 2.8667154 3.3804789 3.2457034 3.0602435 3.3484562 
HoiH06_mRNA10866                                       1.9505268 2.1253747 2.2242551 2.0371493 3.0375275 1.8225556 1.9489949 2.0010818 2.2523949 1.9450901 2.2875046 2.2883685 2.1657189 2.2797107 2.2347891 2.1876447 2.0771272 2.0538952 2.2299749 2.5267289 2.5822836 2.3720284 2.2820682 2.3092316 2.7300998 2.0219838 3.0526462 3.1165995 2.6373615 3.1853751 2.9994322 2.9891082 3.1248426 3.1283668 3.3784439 3.6235971 3.1187217 0.2028671 0.2018553 0.0000000 0.0901720 0.0927742 0.1371340 0.0341693 3.7129388 3.2186643 2.6396804 2.8862779 2.6144911 2.7373511 3.1166553 3.1509984 3.1706814 2.8479251 3.4464816 3.1546688 2.2604968 1.9402735 
Hhon_g05264.t1                                         2.0759104 2.2477378 2.3080692 2.1150052 3.1189590 2.3515763 2.0663563 2.1772395 2.3325249 1.9488923 2.1421492 2.0524133 2.0790576 2.1645553 2.3415542 2.1373115 2.0258864 2.0055936 2.5710100 2.6165701 2.5065653 2.3607210 2.2648664 2.2255737 2.5399853 2.0955033 2.9304089 2.7754153 2.6179817 2.9675075 2.6641212 2.8430318 3.1596503 3.1645620 3.2255604 3.4616898 2.9990588 0.1790510 0.1782634 0.0901720 0.0000000 0.0040609 0.1041401 0.0947523 3.7156520 3.2192294 2.4506378 2.8090222 2.5369324 2.5408599 3.2241619 3.0395151 3.0648932 2.7790635 3.2587441 3.1641111 2.9570701 3.1684849 
HoiH04_mRNA3488                                        2.0651785 2.2457393 2.2963672 2.1039180 3.1156448 2.3644743 2.0555984 2.1655615 2.3456266 1.9488923 2.1529915 2.0628970 2.0896805 2.1752024 2.3610714 2.1476728 2.0357129 2.0153430 2.5778615 2.6165701 2.5237526 2.3766559 2.2750111 2.2355074 2.5469891 2.1021009 2.9424061 2.7715392 2.6139439 2.9709214 2.6642053 2.8713202 3.1711708 3.1762001 3.2561672 3.4946435 2.9638568 0.1841595 0.1833478 0.0927742 0.0040609 0.0000000 0.1098475 0.0974957 3.7502906 3.2512988 2.4525145 2.8112351 2.5392383 2.5398815 3.2241619 3.0366080 3.0619882 2.7760635 3.2587441 3.1846450 2.9522087 3.1354847 
HoiH11_mRNA1061                                        2.0866603 2.2982719 2.4062441 2.2187497 3.0186268 2.4331427 2.2672692 2.3578096 2.3927863 1.9925822 2.1031974 1.9455822 2.1506086 2.2539902 2.4667331 2.2419670 2.1689616 2.1730677 2.8880728 2.6806802 2.6851835 2.1927116 2.4031782 2.3298458 2.6758569 2.0226480 2.9495546 2.8190110 2.6180652 3.0294069 2.7251104 2.8043586 3.1925115 3.1856780 3.2377476 3.5940575 2.8315034 0.1569738 0.1561616 0.1371340 0.1041401 0.1098475 0.0000000 0.1331696 3.8035646 3.1704816 2.3387991 2.9418854 2.4621423 2.6245869 3.1248203 2.9263992 2.9805218 2.5882018 3.3370383 3.3977560 3.1311445 3.4284959 
HoiH23_PlH23_003652-RA                                 1.9974744 2.2195710 2.3427268 1.9977906 2.9975506 2.4162967 1.9855442 2.1630767 2.4035451 1.8215316 2.2248553 2.0876851 2.0302367 2.1446611 2.3867270 2.1004955 2.0075269 1.9672255 2.6495196 2.4218006 2.3804628 2.1172444 2.0961966 2.1391170 2.3708266 2.0350647 2.6049467 2.8724092 2.6484004 2.6209992 2.6371207 2.6132146 2.6950661 2.6802758 2.4365827 2.4249711 2.8915910 0.1909442 0.1909442 0.0341693 0.0947523 0.0974957 0.1331696 0.0000000 3.0556795 2.7758683 2.5307230 2.9862264 2.4934955 2.5065229 3.0904546 2.9037251 2.9986921 2.8365968 3.3699361 3.1778559 3.0290554 3.0937783 
Ocar_g4589                                             2.9098609 2.7917787 2.7272083 2.8655684 2.9838253 1.8344194 2.8587625 2.9011353 2.4499818 2.6340012 3.2688970 2.8517432 2.6619428 2.7567135 2.5938461 2.5565673 2.5056515 2.5673248 2.4787874 3.1742137 2.8263433 3.0115273 2.4998104 2.6203580 2.6354031 3.1449295 3.2918446 3.7765233 2.8986976 2.9695027 3.2625916 3.2447736 3.1578899 3.1576519 3.1134833 3.0347164 2.8626098 4.0172499 4.0094432 3.7129388 3.7156520 3.7502906 3.8035646 3.0556795 0.0000000 0.0403861 2.2842129 2.7400070 2.5126886 2.0993530 3.7438730 3.2435917 3.3381131 2.6643836 3.4231950 2.7093905 2.3994688 1.7878467 
Opea_EP00118_Oscarella_pearsei_P012395                 2.4598208 2.2632300 2.4485647 2.4890647 2.3682912 1.8555925 2.6148190 2.4856521 2.1043609 2.4027714 2.6676856 2.4395235 2.3346968 2.4229338 2.6671336 2.3101983 2.2264803 2.2792304 2.6689700 2.3898416 2.3041965 2.3860218 2.1426674 2.2045138 2.3235110 2.5880136 3.1114932 2.9113130 2.8490668 2.9264757 2.8822169 2.9881652 2.9494331 2.9469914 2.9649493 3.1515754 2.8875580 3.4198598 3.4179552 3.2186643 3.2192294 3.2512988 3.1704816 2.7758683 0.0403861 0.0000000 2.4481563 2.7103294 2.3859166 1.9703868 3.0565425 2.5545913 2.4959162 2.3624122 3.2461472 2.6832969 2.4528106 2.2838310 
Scil_scict008280.1                                     2.8941651 2.8324144 3.0413882 2.5085024 5.0796104 8.9896829 2.5290198 2.7736235 2.5206013 2.2249342 2.8194651 2.7259099 2.4762084 2.3902783 2.6128104 2.5469241 2.5904896 2.5972830 2.1978504 3.4495709 2.6709992 2.8589132 2.7534635 2.8503140 2.9620814 2.9783559 2.6451819 2.9817420 2.2440146 3.1667542 1.9705542 2.7939270 3.0479883 3.0660923 3.0395766 3.3425351 2.0859779 2.7496047 2.7355018 2.6396804 2.4506378 2.4525145 2.3387991 2.5307230 2.2842129 2.4481563 0.0000000 0.5597197 0.5680292 0.4187845 2.8182225 2.9055953 2.8487680 2.9782347 3.4370064 2.9455127 3.4304095 3.0190260 
Lcom_lcpid95457                                        3.1632550 3.1459300 3.0371066 2.4406202 5.0953056 7.6849665 2.6965170 2.4236494 2.6811113 2.5623046 2.9651711 3.1239108 2.8550191 2.8330852 2.9753123 3.0628916 2.9510460 2.9321739 2.6672716 4.3345843 3.5536987 3.2555508 3.0413501 3.0887298 3.3673930 3.1819771 2.7575457 5.2328171 2.5034066 3.2448370 3.8434655 2.9436226 3.3292372 3.3608288 2.9372643 3.1742813 3.2872810 3.1893241 3.1681484 2.8862779 2.8090222 2.8112351 2.9418854 2.9862264 2.7400070 2.7103294 0.5597197 0.0000000 0.6425699 0.4315534 3.3455134 3.0538999 3.2219848 3.2622502 3.2132431 3.0737590 3.2598421 1.7274043 
Gracom_Gcom_C533938_01                                 2.6023603 2.0272635 2.5075994 1.9927268 4.9999596 9.0000000 2.2445571 2.2241394 1.9835785 2.4065527 2.9382866 2.9035623 2.4990462 2.5806880 2.4387364 2.4554142 2.6204681 2.5942810 2.3252507 4.7680714 3.6044027 2.9047722 2.7283024 2.8373249 2.8252410 3.0910441 3.3138515 8.9999982 2.5337755 3.6249850 4.1733600 3.2361169 3.4522037 3.4600061 3.1703018 3.4374568 5.5228641 2.6309187 2.6164024 2.6144911 2.5369324 2.5392383 2.4621423 2.4934955 2.5126886 2.3859166 0.5680292 0.6425699 0.0000000 0.4617258 3.1549967 2.9308993 3.3069592 2.7562316 3.4067597 2.9730322 9.0000000 4.2712842 
Leuniv_Lniv_scaffold25038_01                           2.2824378 2.5721923 2.5427848 2.2186675 2.2492001 1.7946195 2.5373867 2.2725255 2.5823616 2.2980806 2.7500099 2.4177634 2.5201525 2.4933671 2.8421638 2.5294698 2.5071972 2.5644375 2.7219591 2.0539096 2.3450960 2.3928149 2.2751970 2.3324785 2.5066835 2.4251165 2.4799005 2.3973496 2.3063158 2.7402380 2.4474777 2.7251763 2.6179664 2.6301227 2.6627111 2.6828213 2.9124105 2.7545771 2.7299414 2.7373511 2.5408599 2.5398815 2.6245869 2.5065229 2.0993530 1.9703868 0.4187845 0.4315534 0.4617258 0.0000000 2.2783967 1.9484845 1.9087418 2.1048858 3.1363731 2.3604072 1.6705053 1.6679029 
Aque_Aqu2.1.35194_001                                  2.4419574 2.5516293 2.4944149 2.4672230 2.2239311 1.4360728 2.4360166 2.5402065 2.2785356 2.5304051 2.2690653 2.2687438 2.1638255 2.2966954 2.2884820 2.2894493 2.2190712 2.2193138 2.2264632 2.0139123 2.3630498 2.3040616 2.3767392 2.3607105 2.4444877 2.4466480 3.3439333 3.3799119 2.7917439 3.5620978 3.3552269 3.3902561 3.3866510 3.3577473 3.6763916 3.7027308 3.0194208 3.1637646 3.1970387 3.1166553 3.2241619 3.2241619 3.1248203 3.0904546 3.7438730 3.0565425 2.8182225 3.3455134 3.1549967 2.2783967 0.0000000 0.4555573 0.3081893 0.9917598 1.1591356 1.0154223 0.6283208 0.9253145 
Xestes_maker-XT_scaffold1053-snap-gene-0.29-mRNA-1     2.1250491 2.3782614 2.3396426 2.2617057 2.0200857 1.5887969 2.4422333 2.3835507 2.0282077 2.5320788 2.0757171 2.2304758 1.8877356 2.0309544 2.2640852 1.9249746 1.8621496 1.8483700 2.2646892 1.9258985 2.2012201 1.9848099 2.0320896 1.9970833 2.1174534 2.1577840 2.8847028 2.3611163 2.6943219 3.0707576 2.9704607 2.8527250 3.1098016 3.1440138 3.0244792 3.1183698 3.1343532 3.1321776 3.1328021 3.1509984 3.0395151 3.0366080 2.9263992 2.9037251 3.2435917 2.5545913 2.9055953 3.0538999 2.9308993 1.9484845 0.4555573 0.0000000 0.3471826 0.8727819 1.0751636 1.0126706 0.7638814 0.8025742 
Halamb_c50695_g1_i4m.28911                             2.1683917 2.3530330 2.2711786 2.3100226 1.8154227 1.4687766 2.2676502 2.2761452 2.0835571 2.4441172 2.0929694 2.0289323 1.9548506 2.0499401 2.3004196 2.0001527 1.9682606 1.9641349 2.3223596 1.9679391 2.2312441 2.0641851 2.2495256 2.1728535 2.2206410 2.2740708 2.8759454 2.5266290 2.4852702 3.0358842 2.7299967 2.9465995 3.0369524 3.0232527 3.3851457 3.4232873 2.8190633 3.0574103 3.0872135 3.1706814 3.0648932 3.0619882 2.9805218 2.9986921 3.3381131 2.4959162 2.8487680 3.2219848 3.3069592 1.9087418 0.3081893 0.3471826 0.0000000 0.9365064 1.0784232 1.0062153 0.9856720 0.9367022 
Emue_Em0003g1581a.t1                                   1.8728290 2.2184072 2.4354182 2.2650288 2.3649676 1.6017835 2.2790327 2.2053509 2.1772887 2.1841490 1.8999803 2.1668796 2.0368482 2.1326500 2.4356969 2.0819293 1.9763805 1.9372014 2.3925011 2.0972504 2.0881227 2.0304289 2.1205502 2.1025786 2.3034225 2.2222273 2.7986797 3.0924603 2.9560182 3.2050449 3.5580418 2.7977718 2.8100865 2.8188329 2.4598807 2.3920275 4.1675202 2.8667154 2.8667154 2.8479251 2.7790635 2.7760635 2.5882018 2.8365968 2.6643836 2.3624122 2.9782347 3.2622502 2.7562316 2.1048858 0.9917598 0.8727819 0.9365064 0.0000000 0.1524404 0.9147187 0.7344113 1.1804101 
Spolac_c101701_g1_i3_m.26464c101701-g1                 2.7547229 3.0362771 3.0903746 2.9418346 4.6532330 2.6559998 3.0018496 2.8745265 2.6950243 3.0741032 2.5997892 2.6963929 2.8094438 2.9345638 2.8211302 2.8426773 2.7379818 2.7379796 2.9036765 3.5138176 3.1340890 3.1187726 3.0875863 3.0107499 2.9601824 3.8564653 3.5326694 3.7890368 2.8547748 3.7628558 3.5683502 3.0811943 3.1525801 3.1439540 3.2482858 3.1900288 3.9565371 3.3416268 3.3804789 3.4464816 3.2587441 3.2587441 3.3370383 3.3699361 3.4231950 3.2461472 3.4370064 3.2132431 3.4067597 3.1363731 1.1591356 1.0751636 1.0784232 0.1524404 0.0000000 0.9961686 0.3354826 0.7308217 
Tetwil_g22329.t1                                       2.5739225 2.6747250 2.6541857 2.5059348 2.8783935 2.0263372 2.6922460 2.6240942 2.3351324 2.5033483 2.4579882 2.4604359 2.3771239 2.3997193 2.3062064 2.3573066 2.3300577 2.3656665 2.0651114 2.4786541 2.4760786 2.4300716 2.3917274 2.4161035 2.4753670 2.5565757 3.3483000 4.2722316 2.7496259 3.2858580 3.8811749 3.3180103 3.4595171 3.4319122 2.9611796 2.9450669 3.5735977 3.2175221 3.2457034 3.1546688 3.1641111 3.1846450 3.3977560 3.1778559 2.7093905 2.6832969 2.9455127 3.0737590 2.9730322 2.3604072 1.0154223 1.0126706 1.0062153 0.9147187 0.9961686 0.0000000 0.5174037 1.0057675 
Stycar_maker-SC_scaffold3512-augustus-gene-0.69-mRNA-1 2.3857966 2.5410550 2.8040066 2.5164965 2.5439909 2.4839591 2.7870097 3.0361824 2.8122368 2.0270955 2.3499661 2.2245986 2.5200660 2.5329871 2.0512748 2.3606622 2.2078055 2.2226161 2.0280504 1.8279267 1.9963107 1.7882784 1.8822354 1.8492675 1.9994222 1.9780641 4.1054160 4.1786316 4.5821618 3.8872419 4.3024768 4.3642750 4.0720658 4.0968646 0.0000010 0.0000010 5.0720603 3.0602435 3.0602435 2.2604968 2.9570701 2.9522087 3.1311445 3.0290554 2.3994688 2.4528106 3.4304095 3.2598421 9.0000000 1.6705053 0.6283208 0.7638814 0.9856720 0.7344113 0.3354826 0.5174037 0.0000000 1.0681695 
Plespi_Pspi_scaffold12607_01                           1.9404720 2.0276973 2.0802805 2.1575424 2.4081020 2.2844506 2.1700338 2.1451806 2.6385688 1.5458584 1.8974098 1.7785432 1.8590410 1.8316762 1.6283447 1.7403039 1.7111464 1.7033408 1.7801606 1.6721834 1.7396120 1.4876701 1.6416465 1.6169515 1.7444954 1.8214578 3.2179684 3.4872256 3.2860579 3.3694691 3.2637581 3.2393712 3.7679819 3.7833859 0.0000010 0.0000010 4.0812337 3.3484562 3.3484562 1.9402735 3.1684849 3.1354847 3.4284959 3.0937783 1.7878467 2.2838310 3.0190260 1.7274043 4.2712842 1.6679029 0.9253145 0.8025742 0.9367022 1.1804101 0.7308217 1.0057675 1.0681695 0.0000000 
