61
Hsap_ENST00000382172                                             0.0000000 0.7939985 0.7764103 1.2130197 1.1338651 1.1992596 1.2073775 1.2348092 1.1993010 1.2332001 1.1694097 1.1424441 1.5950591 0.7340154 1.4401439 1.4603382 1.3668478 1.3428771 1.3358117 1.3311855 1.0939034 1.1170714 1.0962863 1.1028874 1.5940599 1.4911611 1.1364794 1.3058316 1.3589615 1.3700191 1.8195097 1.9625889 1.9173654 2.0193923 1.7190340 1.7425515 1.7368167 1.6876323 1.7808724 2.4410894 1.1357472 1.6488038 1.8937738 1.9812456 3.0691743 2.7142984 2.9845822 2.7165539 1.7673228 2.4331023 2.4843353 2.1521952 2.3417293 2.0146293 3.3821753 2.6818414 2.6196731 3.2853706 3.3030133 3.0308519 5.2548162 
Bralan_BLAG14000234_1                                            0.7939985 0.0000000 0.7239561 1.0962883 0.9869603 1.0344938 1.0225532 1.1107371 1.0484265 1.0801619 1.0682129 1.0153785 1.4075404 0.6550668 1.3536512 1.3789603 1.2408505 1.2692141 1.1916243 1.1247080 1.1387419 1.0795154 1.1233586 1.1242249 1.6996163 1.2863079 1.1056767 1.1823342 1.3566223 1.3497398 1.7183991 1.6570033 1.7132583 1.8779671 1.6354222 1.7134427 1.6751415 1.6106127 1.8187784 1.9683688 1.0961515 1.8253106 1.9495309 1.9023931 2.8261391 2.5259959 2.7410837 2.5855669 2.0276584 2.4647140 2.6026558 2.4223122 2.4156008 2.1838458 3.2085754 2.8009410 2.6716831 3.2313671 3.0215793 3.1890657 5.3399118 
Skow_XM_006821225.1                                              0.7764103 0.7239561 0.0000000 0.9017128 0.8697448 0.9422820 0.9431751 0.9654260 0.9181376 0.9648544 0.8844389 0.8596577 1.3917544 0.6767522 1.2944206 1.2973949 1.0946371 1.1529996 1.1205146 1.0704155 0.9897371 0.9401373 0.9770220 1.0472601 1.2665799 1.1408554 0.9851125 1.1443099 1.1168485 1.1296817 1.7704360 1.6665104 1.7115117 1.6932183 1.3789953 1.3887106 1.4006974 1.4277215 1.2763946 1.9794271 1.0081311 1.4547968 1.7248854 1.7923017 2.7071124 2.5108467 2.6653692 2.6066097 1.7176512 2.2633730 2.3370404 2.4034062 2.3614464 2.0997694 3.0590215 2.7919284 2.5721494 3.2470997 3.1097432 2.9450173 4.9209333 
Exapal_XM_021046183.2                                            1.2130197 1.0962883 0.9017128 0.0000000 0.5973905 0.7728430 0.7703223 0.8052628 0.7503339 0.8023993 0.7902547 0.7484130 1.6431584 0.7626235 1.5157327 1.4776806 1.1176738 1.1512668 1.1424221 1.1387448 1.2877891 1.2205626 1.3593326 1.3094502 1.3404039 1.2170802 1.2362645 1.3807170 1.1002902 1.1362148 1.7450475 1.7215425 1.8140576 1.8832604 1.6791926 1.7069438 1.6802605 1.6458012 1.4284180 2.4530085 1.6553179 2.0846711 1.7806041 1.5482054 2.9114161 2.7081218 2.9322837 2.6841588 1.9148599 2.5850629 2.7070093 2.2954113 2.7073596 2.0791175 3.1791305 2.4211740 2.7267176 3.0816894 3.1056330 3.2115753 5.2520630 
Nvec_v1g99065                                                    1.1338651 0.9869603 0.8697448 0.5973905 0.0000000 0.6878640 0.6863492 0.7211668 0.7117636 0.7054497 0.7020928 0.6866439 1.5482266 0.6406800 1.4178761 1.4448988 1.1958226 1.1810002 1.1808553 1.1953658 1.3574288 1.1966230 1.2853431 1.2580472 1.3911446 1.1823837 1.2388403 1.2226066 1.0906615 1.0901891 1.7217552 1.7440889 1.6851088 1.7723750 1.5758489 1.6162831 1.5544398 1.5290976 1.4545720 2.5533685 1.5269259 2.0119872 1.7194934 1.6698413 3.0038844 2.7158515 2.7167939 2.5492358 1.8123838 2.3840217 2.4995678 2.3498368 2.5083010 2.1546769 3.2796344 2.6496076 2.7391652 3.0168634 2.9266687 2.9051351 5.1006726 
Adig_XM_015895968.1                                              1.1992596 1.0344938 0.9422820 0.7728430 0.6878640 0.0000000 0.0168553 0.3052643 0.3006438 0.3327970 0.3646064 0.3589696 1.5750223 0.6048742 1.5407111 1.5638913 1.2119756 1.2168896 1.2059375 1.1551010 1.3909530 1.2620588 1.3854732 1.3582798 1.5096583 1.2740646 1.2939818 1.3172286 1.2178297 1.2013072 1.8097583 1.7545397 1.7903374 1.8292534 1.6505954 1.6928866 1.6923011 1.6400845 1.5736860 2.3272547 1.8063590 2.1390807 1.9623274 1.6583906 3.1120779 3.0004049 3.0442616 2.7669697 1.9621745 2.5825344 2.6344078 2.3243119 2.4420312 2.1435623 3.2967734 2.5115382 2.7636668 3.2508628 3.2597838 3.0635163 5.7835453 
Amil_Amillepora16215-RA                                          1.2073775 1.0225532 0.9431751 0.7703223 0.6863492 0.0168553 0.0000000 0.3025032 0.3005057 0.3257914 0.3657966 0.3529988 1.5681366 0.6048742 1.5359870 1.5475482 1.2077792 1.2014859 1.1875408 1.1402376 1.3809014 1.2420683 1.4055712 1.3565439 1.4791292 1.2532346 1.2706705 1.3120928 1.2025159 1.1884364 1.7988309 1.7375215 1.7580506 1.7980472 1.6504864 1.6904041 1.6693412 1.6127631 1.5579780 2.3299413 1.7506925 2.1056031 1.9403267 1.6632628 3.0777393 2.9710085 3.0179903 2.7446638 1.9621745 2.5562703 2.6042344 2.3817502 2.4355529 2.1697511 3.2596965 2.5527916 2.7399236 3.2479902 3.2489646 3.0924263 5.6846052 
Gfas_gfas1.m1.4269.m1                                            1.2348092 1.1107371 0.9654260 0.8052628 0.7211668 0.3052643 0.3025032 0.0000000 0.3071042 0.3386472 0.3367944 0.3189036 1.4872901 0.7086008 1.4776174 1.5103367 1.2033442 1.2525031 1.1992337 1.1692761 1.4065665 1.2999488 1.3424005 1.3353573 1.5451048 1.3226376 1.3165341 1.3552486 1.2241320 1.2359775 1.8408288 1.6763124 1.8065507 1.8579643 1.6324609 1.6835908 1.6378811 1.5651918 1.5355655 2.4168273 1.6779717 2.1211807 1.9514065 1.7621746 3.0100990 2.7728910 2.8650403 2.5830942 1.9742734 2.4022521 2.5816583 2.4814715 2.4357504 2.1801328 3.0578014 2.4192722 2.6667829 3.0980274 3.1288271 3.0196167 5.7051029 
Fspp_ffun1.m4.4255.m1                                            1.1993010 1.0484265 0.9181376 0.7503339 0.7117636 0.3006438 0.3005057 0.3071042 0.0000000 0.1533659 0.2091216 0.1948548 1.5784936 0.6982043 1.5074629 1.4950600 1.1551870 1.1607747 1.0874081 1.1468364 1.3843186 1.2302045 1.3685573 1.3146218 1.4793571 1.2617886 1.2717275 1.2661421 1.1269593 1.1481269 1.8447584 1.7187678 1.8234074 1.8363466 1.6462216 1.6440257 1.6212313 1.6012906 1.5019592 2.5957226 1.7007346 2.1642963 1.8796315 1.6232048 3.1366155 2.7486041 2.9838439 2.7428340 1.7870660 2.5262715 2.6106655 2.3512409 2.5376365 2.1880228 3.1548726 2.4857574 2.6724858 3.1356575 3.1657049 3.0707110 5.4368389 
Gasp_gasp1.m3.23011.m1                                           1.2332001 1.0801619 0.9648544 0.8023993 0.7054497 0.3327970 0.3257914 0.3386472 0.1533659 0.0000000 0.2538028 0.2389855 1.5718942 0.6635570 1.5600186 1.5508359 1.2066801 1.2116268 1.1412884 1.2270543 1.4116868 1.2666353 1.3755651 1.3359407 1.4868121 1.2567178 1.3410322 1.3100917 1.1040304 1.1474807 1.8083122 1.7173657 1.7983572 1.8257322 1.5952377 1.6305469 1.6103806 1.5873270 1.5171343 2.5027976 1.6487618 2.3689536 1.9595790 1.6828289 3.0755834 2.7325472 2.8679142 2.6683559 1.8452069 2.4703234 2.5442153 2.3600410 2.5293244 2.2187772 3.1598274 2.3767120 2.7430550 3.2080491 3.1413612 3.1641216 5.4725982 
Spis_XP_022777992_1                                              1.1694097 1.0682129 0.8844389 0.7902547 0.7020928 0.3646064 0.3657966 0.3367944 0.2091216 0.2538028 0.0000000 0.0699450 1.5185441 0.6867108 1.4373689 1.4338450 1.1484507 1.1929951 1.1229288 1.1734347 1.3251403 1.2209856 1.3257097 1.3104695 1.5169648 1.2422877 1.2639146 1.2836483 1.1806567 1.2022112 1.8876764 1.8061921 1.8444423 1.8900078 1.6522846 1.6742272 1.6110964 1.5704412 1.5304454 2.4342311 1.6197965 2.3556892 1.8606129 1.7435165 3.0999086 2.6850914 2.9913941 2.7080341 1.8647127 2.4426876 2.5384695 2.3640708 2.5391742 2.2249050 3.1322635 2.4542223 2.6858839 3.0699879 3.0000831 2.9627118 5.6900225 
Pocdam_XM_027204601.1                                            1.1424441 1.0153785 0.8596577 0.7484130 0.6866439 0.3589696 0.3529988 0.3189036 0.1948548 0.2389855 0.0699450 0.0000000 1.5069562 0.6867108 1.4145912 1.4320208 1.1518936 1.1983192 1.1393063 1.1651906 1.3371322 1.1870955 1.3237755 1.2821895 1.4905443 1.2218290 1.2414250 1.2785518 1.1643897 1.1809218 1.8748636 1.7927414 1.8072010 1.8564865 1.6418988 1.6926290 1.6511493 1.6181431 1.5175838 2.5152947 1.5572467 2.3019056 1.8957625 1.7051564 3.0914523 2.6577670 2.9556502 2.6683652 1.8469422 2.4493315 2.5374225 2.2971260 2.5206530 2.1829162 3.0384148 2.4318751 2.5812344 3.0658160 3.0818611 2.9490743 5.7060485 
Emue_Em0003g290a.t1                                              1.5950591 1.4075404 1.3917544 1.6431584 1.5482266 1.5750223 1.5681366 1.4872901 1.5784936 1.5718942 1.5185441 1.5069562 0.0000000 0.1053205 0.8371694 1.0057302 1.6469755 1.6558187 1.6248159 1.5719757 1.6723076 1.7003317 1.6699532 1.6729917 2.1096761 1.7328860 1.6533684 1.6868897 1.6919154 1.7573444 1.4339197 1.3388200 2.1592048 2.2752559 1.9076695 1.9940938 2.0376791 1.9969120 2.0728366 1.6685917 2.1544606 2.2821782 2.2150664 2.1269432 3.0881784 2.6536445 2.9850411 2.9161072 2.2966006 2.4263664 2.3770340 2.2880782 2.3722810 2.1491503 3.2272521 2.7624869 2.9887733 3.1537755 3.3529042 2.9508908 5.6044164 
Spolac_c42340_g1_i1_m.1197c42340-g1                              0.7340154 0.6550668 0.6767522 0.7626235 0.6406800 0.6048742 0.6048742 0.7086008 0.6982043 0.6635570 0.6867108 0.6867108 0.1053205 0.0000000 0.4420267 0.5287526 0.7479233 0.7750555 0.7612982 0.6650180 0.6708660 0.7438377 0.7787368 0.7987449 0.7467168 0.7232494 0.8052483 0.8640230 0.8719998 0.9992923 0.6752933 0.6785642 1.4128413 1.3675088 0.7552737 0.7552737 0.8066764 0.7872564 1.1943382 0.0000010 0.0000010 0.0000010 0.9986827 1.0873939 1.3437495 1.5232254 1.6147630 1.6147630 1.5679879 1.5233037 1.4978208 1.5636849 1.5799645 1.1896728 2.6408920 2.6115107 2.6764007 2.7744093 2.8003135 2.5402170 3.2716308 
Stycar_augustus_masked-SC_scaffold3398-processed-gene-0.1-mRNA-1 1.4401439 1.3536512 1.2944206 1.5157327 1.4178761 1.5407111 1.5359870 1.4776174 1.5074629 1.5600186 1.4373689 1.4145912 0.8371694 0.4420267 0.0000000 0.7377995 1.5545270 1.6314095 1.6074791 1.6132633 1.7532395 1.6404137 1.6852525 1.7827927 1.9239968 1.6653977 1.5509248 1.5940285 1.6217022 1.6560669 1.3546959 1.2575998 2.1891297 2.1656984 1.8633942 1.8699986 1.8801052 1.9119453 1.9865583 1.4746422 1.9484489 2.3407919 2.1324193 1.9830249 2.9097220 2.5259168 2.8790024 2.8273843 2.1629649 2.3773374 2.3661855 2.2742005 2.4349143 1.9956434 3.3641279 2.8040151 2.9885838 3.2696875 3.1883747 2.9088917 5.0513934 
Tetwil_g25652.t1                                                 1.4603382 1.3789603 1.2973949 1.4776806 1.4448988 1.5638913 1.5475482 1.5103367 1.4950600 1.5508359 1.4338450 1.4320208 1.0057302 0.5287526 0.7377995 0.0000000 1.6689457 1.6659571 1.6175418 1.6267845 1.6559062 1.5852127 1.6594270 1.6692981 1.9435735 1.5892156 1.5772512 1.6284673 1.5199822 1.6197614 1.3991983 1.3556754 2.0115517 2.0304745 1.7526244 1.7626856 1.8225781 1.8254049 1.9636908 1.5167532 1.7865245 1.8321956 1.9738175 1.8116344 3.1768247 2.5525260 2.6098585 2.5658516 2.3613145 2.2920061 2.3325555 2.3725098 2.3908531 2.3165273 3.0550307 2.6769267 2.8810051 3.2837008 3.2849395 2.9171779 5.2471545 
Aaur_scaffold14.g8.t1                                            1.3668478 1.2408505 1.0946371 1.1176738 1.1958226 1.2119756 1.2077792 1.2033442 1.1551870 1.2066801 1.1484507 1.1518936 1.6469755 0.7479233 1.5545270 1.6689457 0.0000000 0.3623229 0.3389694 0.4609641 1.4527299 1.4481665 1.4043715 1.3465732 1.1750466 0.9857786 1.4215544 1.5911204 1.2923858 1.3830084 1.7931347 1.8287425 2.0211983 2.0515913 1.6738330 1.7532410 1.7259097 1.7007326 0.9514383 2.6638009 1.8672826 2.1497152 1.8827470 1.7800553 3.0681819 2.6945191 2.9759755 2.7594390 1.9320664 2.6855308 2.8113635 2.2789880 2.6751931 2.0093650 3.5851260 2.8892994 2.7434150 3.1025178 3.1188159 3.1390337 5.0536077 
Nemnom_g17507.t1                                                 1.3428771 1.2692141 1.1529996 1.1512668 1.1810002 1.2168896 1.2014859 1.2525031 1.1607747 1.2116268 1.1929951 1.1983192 1.6558187 0.7750555 1.6314095 1.6659571 0.3623229 0.0000000 0.1504845 0.4642803 1.3997592 1.3843191 1.3622850 1.3481690 1.1348049 1.0403977 1.3832039 1.5822290 1.3126957 1.3416225 1.8001003 1.8353966 1.9494086 2.0207218 1.6985821 1.8032833 1.7604095 1.7118017 1.0234754 2.7632108 1.7714073 2.1752581 1.9455076 1.7445717 2.7515866 2.6772964 3.0067643 2.7625166 2.0446248 2.6640033 2.7038533 2.3060641 2.6073785 1.9985395 3.0545832 2.7599141 2.4754983 2.9896139 3.0738201 2.8486374 4.6650456 
Rhoesc_Res_007224-T1                                             1.3358117 1.1916243 1.1205146 1.1424221 1.1808553 1.2059375 1.1875408 1.1992337 1.0874081 1.1412884 1.1229288 1.1393063 1.6248159 0.7612982 1.6074791 1.6175418 0.3389694 0.1504845 0.0000000 0.4467377 1.3811740 1.3492093 1.3256944 1.3149489 1.0986341 0.9926553 1.3526728 1.5548107 1.2654460 1.3382299 1.7222577 1.8052593 1.8962801 1.9405763 1.6341213 1.7583204 1.7064360 1.6757584 0.9466996 2.5432053 1.6892707 1.9993105 1.9060750 1.7457964 2.7481197 2.5605280 2.9249079 2.7628040 2.0273076 2.6259252 2.6540588 2.2820361 2.6386020 2.0356824 3.1332321 2.8219016 2.4989035 2.9347695 3.0038337 2.7540807 4.4887756 
Sanmal_Sma_015219-T1                                             1.3311855 1.1247080 1.0704155 1.1387448 1.1953658 1.1551010 1.1402376 1.1692761 1.1468364 1.2270543 1.1734347 1.1651906 1.5719757 0.6650180 1.6132633 1.6267845 0.4609641 0.4642803 0.4467377 0.0000000 1.3573321 1.4897768 1.3265784 1.3423594 1.1095314 0.9633533 1.4494950 1.5223189 1.2764814 1.3641209 1.8186254 1.6913803 1.9160322 1.9667334 1.6253032 1.7069500 1.7142147 1.6635573 1.0324051 2.4741510 1.7903082 2.1485736 1.9424833 1.8211697 2.8123984 2.6059953 2.9047678 2.6235038 1.8886046 2.7488795 2.8551987 2.3900005 2.6145127 2.0484333 3.2652157 2.7966301 2.5422714 2.9481841 3.1753925 3.0080321 4.7776749 
Cscu_XM_023372354.1                                              1.0939034 1.1387419 0.9897371 1.2877891 1.3574288 1.3909530 1.3809014 1.4065665 1.3843186 1.4116868 1.3251403 1.3371322 1.6723076 0.6708660 1.7532395 1.6559062 1.4527299 1.3997592 1.3811740 1.3573321 0.0000000 1.1505619 0.9689240 0.8756612 1.6854408 1.5634870 1.0622632 1.2487955 1.5167906 1.5333795 1.9602569 1.9179709 1.9525685 2.0797272 1.7431237 1.8137887 1.8169356 1.7876195 1.8665662 2.2230955 1.5296097 2.2530027 2.1043690 1.8512594 2.8647567 2.8773608 3.0899841 2.8213603 1.8908571 2.6233712 2.7956291 2.4356373 2.8067418 2.0465109 3.3027714 2.9695627 2.7642280 3.3751280 3.2715564 3.2190950 4.4705399 
Ctel_gnl_WGS_AMQN_CAPTEDRAFT_mRNA198580                          1.1170714 1.0795154 0.9401373 1.2205626 1.1966230 1.2620588 1.2420683 1.2999488 1.2302045 1.2666353 1.2209856 1.1870955 1.7003317 0.7438377 1.6404137 1.5852127 1.4481665 1.3843191 1.3492093 1.4897768 1.1505619 0.0000000 1.1339887 0.9823913 1.6438300 1.4894117 0.9262718 1.1267665 1.4502214 1.4900557 2.0818208 1.9204394 1.9591480 2.1278398 1.8416121 1.9067040 1.8803115 1.8457907 1.5771746 2.6160721 1.4571068 2.1539843 1.9176956 1.7760190 2.9558578 2.9121942 2.9402895 2.7474298 1.7961492 2.3760508 2.5919580 2.3477343 2.4651219 1.9583008 3.3300509 2.8751383 2.7929971 3.3208022 3.3240829 3.2057569 5.0017027 
Tcas_TC006380_001                                                1.0962863 1.1233586 0.9770220 1.3593326 1.2853431 1.3854732 1.4055712 1.3424005 1.3685573 1.3755651 1.3257097 1.3237755 1.6699532 0.7787368 1.6852525 1.6594270 1.4043715 1.3622850 1.3256944 1.3265784 0.9689240 1.1339887 0.0000000 0.9615316 1.6691894 1.6704672 1.1121741 1.3638319 1.5158141 1.4659411 1.8844854 1.9673196 2.1573169 2.3202748 1.8514556 1.9402308 1.9580574 1.8557249 1.7356029 2.3589785 1.6229899 2.1781572 2.1318252 1.9339710 3.1804508 3.0947676 3.0100514 2.9235603 1.8748346 2.4859354 2.6330172 2.3485605 2.5879792 2.1359095 3.3229207 2.9127420 2.8378736 3.1537845 3.2789294 2.9709020 5.3734125 
Dpul_mRNA22460                                                   1.1028874 1.1242249 1.0472601 1.3094502 1.2580472 1.3582798 1.3565439 1.3353573 1.3146218 1.3359407 1.3104695 1.2821895 1.6729917 0.7987449 1.7827927 1.6692981 1.3465732 1.3481690 1.3149489 1.3423594 0.8756612 0.9823913 0.9615316 0.0000000 1.5051834 1.5647565 1.1100474 1.1399664 1.4207831 1.4431579 1.8598306 1.9209069 1.9665351 2.0284363 1.8277696 1.9282876 1.8434110 1.8657871 1.6647480 2.3937953 1.4626075 1.9728057 1.9377077 1.8127344 3.1993341 2.7782454 2.8924395 2.8199311 2.0021508 2.5221135 2.7135646 2.3874511 2.5033322 1.9897480 3.5442371 2.9012110 2.8418029 3.3550610 3.1368739 3.0575218 4.9519230 
Hvul_g22726_1                                                    1.5940599 1.6996163 1.2665799 1.3404039 1.3911446 1.5096583 1.4791292 1.5451048 1.4793571 1.4868121 1.5169648 1.4905443 2.1096761 0.7467168 1.9239968 1.9435735 1.1750466 1.1348049 1.0986341 1.1095314 1.6854408 1.6438300 1.6691894 1.5051834 0.0000000 0.8618216 1.6876173 1.8908917 1.6748770 1.7038866 2.1244140 2.3122777 1.9901408 2.1525913 1.9254910 1.9936137 1.9705608 1.9150239 1.3150450 3.0832944 2.1186502 2.3416429 2.4938942 2.0439385 3.0205446 3.0504254 3.5745031 3.2342176 1.9196763 3.1193880 3.1815394 2.9138249 3.1308680 2.4697316 4.1492018 3.4256708 3.3273815 4.0013770 4.1400066 3.8867297 5.2233668 
Chem_TCONS_00049978                                              1.4911611 1.2863079 1.1408554 1.2170802 1.1823837 1.2740646 1.2532346 1.3226376 1.2617886 1.2567178 1.2422877 1.2218290 1.7328860 0.7232494 1.6653977 1.5892156 0.9857786 1.0403977 0.9926553 0.9633533 1.5634870 1.4894117 1.6704672 1.5647565 0.8618216 0.0000000 1.4911588 1.5289689 1.3536988 1.4629614 1.7976057 1.7791378 1.8943499 1.9980473 1.5894602 1.6982433 1.6674256 1.5984329 1.2343167 2.6558185 1.8095634 1.9558883 2.0208428 1.7532498 2.9363612 2.7251037 3.1444955 2.9304978 2.0897314 2.5816043 2.5815578 2.1046197 2.5945756 2.1692508 3.4329946 2.5809826 2.8535378 3.3081603 3.4497879 3.3216218 5.2708387 
Acagra_model.g21937.t1                                           1.1364794 1.1056767 0.9851125 1.2362645 1.2388403 1.2939818 1.2706705 1.3165341 1.2717275 1.3410322 1.2639146 1.2414250 1.6533684 0.8052483 1.5509248 1.5772512 1.4215544 1.3832039 1.3526728 1.4494950 1.0622632 0.9262718 1.1121741 1.1100474 1.6876173 1.4911588 0.0000000 1.0787088 1.5218358 1.5399412 1.9448987 1.8837407 1.8682346 2.0210050 1.7887850 1.8570172 1.8899210 1.8171744 1.5579041 2.2852082 1.4341646 1.8371242 1.9783217 2.0943093 3.1920512 2.9439983 2.7933159 2.6886478 2.2058068 2.3788174 2.6780229 2.3830720 2.5504228 2.1805659 3.3273239 2.6334082 2.9097414 3.3492528 3.3435922 3.1596480 4.9085589 
Cgig_XM_034473854.1                                              1.3058316 1.1823342 1.1443099 1.3807170 1.2226066 1.3172286 1.3120928 1.3552486 1.2661421 1.3100917 1.2836483 1.2785518 1.6868897 0.8640230 1.5940285 1.6284673 1.5911204 1.5822290 1.5548107 1.5223189 1.2487955 1.1267665 1.3638319 1.1399664 1.8908917 1.5289689 1.0787088 0.0000000 1.4846175 1.4976996 1.8889591 1.8882891 1.9623847 2.1009116 1.8220660 1.9192854 1.8860851 1.7880759 1.9277515 2.3730540 1.5930730 2.0911641 1.9653309 1.7623177 3.1074420 2.7418592 2.7302465 2.6183941 1.8794383 2.5139665 2.5729855 2.2767032 2.4175749 1.7021410 3.3261549 2.6374017 2.6190429 3.2548098 3.2154382 2.9913312 5.5841263 
Dgig_XM_028540189.1                                              1.3589615 1.3566223 1.1168485 1.1002902 1.0906615 1.2178297 1.2025159 1.2241320 1.1269593 1.1040304 1.1806567 1.1643897 1.6919154 0.8719998 1.6217022 1.5199822 1.2923858 1.3126957 1.2654460 1.2764814 1.5167906 1.4502214 1.5158141 1.4207831 1.6748770 1.3536988 1.5218358 1.4846175 0.0000000 0.4762565 1.8174945 1.7344700 2.0200007 2.1353848 1.8029018 1.8995784 1.8883916 1.7883037 1.5091916 2.2950746 1.7036651 1.9310204 2.1146864 1.6337879 3.0325480 2.7132701 2.7877602 2.4638289 1.6960623 2.5994701 2.7167997 2.4344307 2.5699184 2.3474188 3.0216110 2.3769787 2.4446442 2.9955208 3.2434668 3.0893993 4.7749520 
Xesp_011971-T1                                                   1.3700191 1.3497398 1.1296817 1.1362148 1.0901891 1.2013072 1.1884364 1.2359775 1.1481269 1.1474807 1.2022112 1.1809218 1.7573444 0.9992923 1.6560669 1.6197614 1.3830084 1.3416225 1.3382299 1.3641209 1.5333795 1.4900557 1.4659411 1.4431579 1.7038866 1.4629614 1.5399412 1.4976996 0.4762565 0.0000000 1.8410520 1.8238337 2.0478869 2.1103146 1.9226073 1.9062058 1.9564776 1.8949066 1.6514819 2.5856629 1.7502981 1.7834757 1.9559753 1.7806818 2.9097838 2.8213620 2.9737274 2.6501296 1.7038882 2.4437859 2.6163025 2.3352057 2.4057960 1.9389920 3.2710736 2.3277687 2.7309104 3.0717289 3.2053246 3.2721219 5.2076644 
Aque_Aqu2.1.24265_001                                            1.8195097 1.7183991 1.7704360 1.7450475 1.7217552 1.8097583 1.7988309 1.8408288 1.8447584 1.8083122 1.8876764 1.8748636 1.4339197 0.6752933 1.3546959 1.3991983 1.7931347 1.8001003 1.7222577 1.8186254 1.9602569 2.0818208 1.8844854 1.8598306 2.1244140 1.7976057 1.9448987 1.8889591 1.8174945 1.8410520 0.0000000 0.6727456 2.2972756 2.3351503 2.1358725 2.1889904 2.2677102 2.2335840 2.0758424 1.2793700 2.2965790 2.2600943 2.1575239 2.1564286 3.1856357 2.5314833 2.6630979 2.5802663 2.2651495 2.6615213 2.7406561 2.3513952 2.6004263 1.8611540 3.6452432 2.9026786 2.9175142 3.4553619 3.6231536 3.2741327 5.5502556 
Halamb_c44242_g2_i1m.17231                                       1.9625889 1.6570033 1.6665104 1.7215425 1.7440889 1.7545397 1.7375215 1.6763124 1.7187678 1.7173657 1.8061921 1.7927414 1.3388200 0.6785642 1.2575998 1.3556754 1.8287425 1.8353966 1.8052593 1.6913803 1.9179709 1.9204394 1.9673196 1.9209069 2.3122777 1.7791378 1.8837407 1.8882891 1.7344700 1.8238337 0.6727456 0.0000000 2.6329356 2.6038685 2.1475387 2.1727070 2.2639423 2.2836460 2.0785346 0.9823314 2.6548871 3.6943167 2.3713832 2.3931614 2.7043103 2.5248452 2.9184238 2.9184238 2.1972227 2.7445597 2.6873218 2.6756891 2.7123604 1.9807808 3.2952895 2.9004057 2.9903680 3.3299156 3.3344447 2.9314995 5.4893658 
Tadh_TriadT51263                                                 1.9173654 1.7132583 1.7115117 1.8140576 1.6851088 1.7903374 1.7580506 1.8065507 1.8234074 1.7983572 1.8444423 1.8072010 2.1592048 1.4128413 2.1891297 2.0115517 2.0211983 1.9494086 1.8962801 1.9160322 1.9525685 1.9591480 2.1573169 1.9665351 1.9901408 1.8943499 1.8682346 1.9623847 2.0200007 2.0478869 2.2972756 2.6329356 0.0000000 0.0087684 0.4487243 0.4523113 0.4609168 0.4737508 1.9625166 2.4125121 2.1440398 2.1286174 2.3703467 2.7327953 3.1442309 2.9283943 2.7087999 2.7220006 2.6547955 2.6898931 3.0939145 2.5539860 2.7687886 2.4268516 3.6363255 3.1728073 3.4574111 3.1612918 3.0358711 3.6381385 5.2557883 
TrH2_TrispH2_008139-RA                                           2.0193923 1.8779671 1.6932183 1.8832604 1.7723750 1.8292534 1.7980472 1.8579643 1.8363466 1.8257322 1.8900078 1.8564865 2.2752559 1.3675088 2.1656984 2.0304745 2.0515913 2.0207218 1.9405763 1.9667334 2.0797272 2.1278398 2.3202748 2.0284363 2.1525913 1.9980473 2.0210050 2.1009116 2.1353848 2.1103146 2.3351503 2.6038685 0.0087684 0.0000000 0.4874606 0.4463662 0.4649664 0.4624234 2.1896653 2.6216882 2.3679791 2.2797444 2.3802000 2.6284532 3.3068786 3.1962907 2.9866899 2.7201370 2.6244612 2.7047745 3.0728806 2.4433556 2.8762466 2.4862059 3.5446427 3.0116688 3.3305293 3.2594963 3.1769833 3.6212108 5.1338608 
HoiH06_mRNA11850                                                 1.7190340 1.6354222 1.3789953 1.6791926 1.5758489 1.6505954 1.6504864 1.6324609 1.6462216 1.5952377 1.6522846 1.6418988 1.9076695 0.7552737 1.8633942 1.7526244 1.6738330 1.6985821 1.6341213 1.6253032 1.7431237 1.8416121 1.8514556 1.8277696 1.9254910 1.5894602 1.7887850 1.8220660 1.8029018 1.9226073 2.1358725 2.1475387 0.4487243 0.4874606 0.0000000 0.0825353 0.1668682 0.1500840 2.1683641 2.5671286 2.1271686 2.4713662 2.1887642 2.1304416 2.8435252 2.6112557 2.4888375 2.4184806 2.1291809 2.6049636 2.7841483 2.1908661 2.6859376 2.0329051 3.2531910 2.7057237 2.9481176 2.9376854 2.8651701 3.2485408 4.7446516 
HoiH23_PlH23_008780-RA                                           1.7425515 1.7134427 1.3887106 1.7069438 1.6162831 1.6928866 1.6904041 1.6835908 1.6440257 1.6305469 1.6742272 1.6926290 1.9940938 0.7552737 1.8699986 1.7626856 1.7532410 1.8032833 1.7583204 1.7069500 1.8137887 1.9067040 1.9402308 1.9282876 1.9936137 1.6982433 1.8570172 1.9192854 1.8995784 1.9062058 2.1889904 2.1727070 0.4523113 0.4463662 0.0825353 0.0000000 0.1413569 0.1349023 2.2578092 2.7132994 2.2103388 2.3421763 2.1944843 2.2433851 3.0093826 2.8300151 2.6333837 2.4068740 2.1649273 2.5918652 2.7534922 2.2086338 2.6519832 2.0221361 3.2947695 2.6559165 2.9237060 3.0571241 2.9807947 3.4026822 4.7423886 
Hhon_g00519.t1                                                   1.7368167 1.6751415 1.4006974 1.6802605 1.5544398 1.6923011 1.6693412 1.6378811 1.6212313 1.6103806 1.6110964 1.6511493 2.0376791 0.8066764 1.8801052 1.8225781 1.7259097 1.7604095 1.7064360 1.7142147 1.8169356 1.8803115 1.9580574 1.8434110 1.9705608 1.6674256 1.8899210 1.8860851 1.8883916 1.9564776 2.2677102 2.2639423 0.4609168 0.4649664 0.1668682 0.1413569 0.0000000 0.0147892 2.2107678 2.7086654 2.1937405 2.5003066 2.2035716 2.1524926 2.9526740 2.8970308 2.7626646 2.5232278 2.1875993 2.6048622 2.8388818 2.3852487 2.6646670 2.1603152 3.3441133 2.6963726 2.9961819 3.0499936 2.9718030 3.3010580 4.6615965 
HoiH04_mRNA16981                                                 1.6876323 1.6106127 1.4277215 1.6458012 1.5290976 1.6400845 1.6127631 1.5651918 1.6012906 1.5873270 1.5704412 1.6181431 1.9969120 0.7872564 1.9119453 1.8254049 1.7007326 1.7118017 1.6757584 1.6635573 1.7876195 1.8457907 1.8557249 1.8657871 1.9150239 1.5984329 1.8171744 1.7880759 1.7883037 1.8949066 2.2335840 2.2836460 0.4737508 0.4624234 0.1500840 0.1349023 0.0147892 0.0000000 2.1077671 2.7527301 2.0219447 2.4113073 2.1762994 2.1372281 2.9358024 2.7255366 2.6343795 2.5273895 2.1764267 2.5918297 2.7478161 2.4606692 2.6643861 2.2576211 3.4254896 2.7238106 3.0472114 2.9968619 2.9148962 3.1719564 4.8478581 
Morvir_scaffold42.g27.t1                                         1.7808724 1.8187784 1.2763946 1.4284180 1.4545720 1.5736860 1.5579780 1.5355655 1.5019592 1.5171343 1.5304454 1.5175838 2.0728366 1.1943382 1.9865583 1.9636908 0.9514383 1.0234754 0.9466996 1.0324051 1.8665662 1.5771746 1.7356029 1.6647480 1.3150450 1.2343167 1.5579041 1.9277515 1.5091916 1.6514819 2.0758424 2.0785346 1.9625166 2.1896653 2.1683641 2.2578092 2.2107678 2.1077671 0.0000000 2.1325302 2.0153650 2.1551248 2.0688474 1.9866541 3.3941263 2.9926769 3.0482590 2.8385622 2.7563912 2.8661306 2.7325454 2.5236910 2.6443316 1.7824561 3.3001972 2.6096204 2.6702602 3.5847194 3.6844256 3.3206460 5.5518455 
Xestes_augustus_masked-XT_scaffold688-processed-gene-0.6-mRNA-1  2.4410894 1.9683688 1.9794271 2.4530085 2.5533685 2.3272547 2.3299413 2.4168273 2.5957226 2.5027976 2.4342311 2.5152947 1.6685917 0.0000010 1.4746422 1.5167532 2.6638009 2.7632108 2.5432053 2.4741510 2.2230955 2.6160721 2.3589785 2.3937953 3.0832944 2.6558185 2.2852082 2.3730540 2.2950746 2.5856629 1.2793700 0.9823314 2.4125121 2.6216882 2.5671286 2.7132994 2.7086654 2.7527301 2.1325302 0.0000000 2.4584658 2.0236595 2.4009945 3.6452103 4.0564957 3.3836056 3.2700461 3.0224673 3.0392912 3.1031953 3.1923505 6.2235146 2.7449149 1.3566607 3.6456426 2.1229469 2.9404821 3.9380115 3.8010175 3.1384303 7.5320116 
Spur_XM_785688.5                                                 1.1357472 1.0961515 1.0081311 1.6553179 1.5269259 1.8063590 1.7506925 1.6779717 1.7007346 1.6487618 1.6197965 1.5572467 2.1544606 0.0000010 1.9484489 1.7865245 1.8672826 1.7714073 1.6892707 1.7903082 1.5296097 1.4571068 1.6229899 1.4626075 2.1186502 1.8095634 1.4341646 1.5930730 1.7036651 1.7502981 2.2965790 2.6548871 2.1440398 2.3679791 2.1271686 2.2103388 2.1937405 2.0219447 2.0153650 2.4584658 0.0000000 1.9568503 2.2335807 3.1588484 3.7464858 3.0501422 3.3773000 3.1177908 3.5974474 2.4773869 2.7191415 4.3497124 2.7068661 0.8918122 3.7738031 4.1328044 3.2269644 3.8543278 3.5732034 3.8198189 7.3350248 
Ocar_g10016                                                      1.6488038 1.8253106 1.4547968 2.0846711 2.0119872 2.1390807 2.1056031 2.1211807 2.1642963 2.3689536 2.3556892 2.3019056 2.2821782 0.0000010 2.3407919 1.8321956 2.1497152 2.1752581 1.9993105 2.1485736 2.2530027 2.1539843 2.1781572 1.9728057 2.3416429 1.9558883 1.8371242 2.0911641 1.9310204 1.7834757 2.2600943 3.6943167 2.1286174 2.2797444 2.4713662 2.3421763 2.5003066 2.4113073 2.1551248 2.0236595 1.9568503 0.0000000 0.0593989 0.0000010 3.3731923 3.2223322 3.6870957 3.5537150 1.4398616 3.1122331 3.2372425 0.0000010 2.6959526 0.0000010 5.1918987 1.6059455 3.3652792 4.3835762 4.0834764 3.5059286 7.5860820 
Opea_EP00118_Oscarella_pearsei_P004872                           1.8937738 1.9495309 1.7248854 1.7806041 1.7194934 1.9623274 1.9403267 1.9514065 1.8796315 1.9595790 1.8606129 1.8957625 2.2150664 0.9986827 2.1324193 1.9738175 1.8827470 1.9455076 1.9060750 1.9424833 2.1043690 1.9176956 2.1318252 1.9377077 2.4938942 2.0208428 1.9783217 1.9653309 2.1146864 1.9559753 2.1575239 2.3713832 2.3703467 2.3802000 2.1887642 2.1944843 2.2035716 2.1762994 2.0688474 2.4009945 2.2335807 0.0593989 0.0000000 1.6594053 3.3661133 2.8413200 3.1156183 2.9716672 1.9992328 2.5513412 2.6634843 2.3613402 2.4959658 1.8941645 3.6811336 3.3857485 3.2579527 3.8418011 3.5890284 3.4089499 5.2716756 
Plajan_Pjan_C554513_01                                           1.9812456 1.9023931 1.7923017 1.5482054 1.6698413 1.6583906 1.6632628 1.7621746 1.6232048 1.6828289 1.7435165 1.7051564 2.1269432 1.0873939 1.9830249 1.8116344 1.7800553 1.7445717 1.7457964 1.8211697 1.8512594 1.7760190 1.9339710 1.8127344 2.0439385 1.7532498 2.0943093 1.7623177 1.6337879 1.7806818 2.1564286 2.3931614 2.7327953 2.6284532 2.1304416 2.2433851 2.1524926 2.1372281 1.9866541 3.6452103 3.1588484 0.0000010 1.6594053 0.0000000 2.8969236 2.3773204 2.6921996 2.6921996 1.8434022 2.5558200 2.4396497 2.2381212 2.3561078 2.3201976 3.7658604 3.4667128 3.6283357 4.0107428 3.6324989 3.7178693 5.0011086 
Mlei_ML3530.g2.i1                                                3.0691743 2.8261391 2.7071124 2.9114161 3.0038844 3.1120779 3.0777393 3.0100990 3.1366155 3.0755834 3.0999086 3.0914523 3.0881784 1.3437495 2.9097220 3.1768247 3.0681819 2.7515866 2.7481197 2.8123984 2.8647567 2.9558578 3.1804508 3.1993341 3.0205446 2.9363612 3.1920512 3.1074420 3.0325480 2.9097838 3.1856357 2.7043103 3.1442309 3.3068786 2.8435252 3.0093826 2.9526740 2.9358024 3.3941263 4.0564957 3.7464858 3.3731923 3.3661133 2.8969236 0.0000000 3.1031367 2.9579852 2.7222272 1.5158226 3.7017961 3.8464424 3.0328989 3.7311899 2.8604225 3.3795423 3.1870653 2.7847420 3.4329194 3.5287568 3.0906522 5.4567674 
Pbac_sb2662199                                                   2.7142984 2.5259959 2.5108467 2.7081218 2.7158515 3.0004049 2.9710085 2.7728910 2.7486041 2.7325472 2.6850914 2.6577670 2.6536445 1.5232254 2.5259168 2.5525260 2.6945191 2.6772964 2.5605280 2.6059953 2.8773608 2.9121942 3.0947676 2.7782454 3.0504254 2.7251037 2.9439983 2.7418592 2.7132701 2.8213620 2.5314833 2.5248452 2.9283943 3.1962907 2.6112557 2.8300151 2.8970308 2.7255366 2.9926769 3.3836056 3.0501422 3.2223322 2.8413200 2.3773204 3.1031367 0.0000000 0.9820656 0.9043310 1.5648768 3.1672081 3.4778308 2.9890985 3.0828666 2.1746648 3.2170956 2.7420999 2.6651677 3.5569343 3.0535417 3.0544066 4.9336753 
Bolinf_Binf_sb1274919                                            2.9845822 2.7410837 2.6653692 2.9322837 2.7167939 3.0442616 3.0179903 2.8650403 2.9838439 2.8679142 2.9913941 2.9556502 2.9850411 1.6147630 2.8790024 2.6098585 2.9759755 3.0067643 2.9249079 2.9047678 3.0899841 2.9402895 3.0100514 2.8924395 3.5745031 3.1444955 2.7933159 2.7302465 2.7877602 2.9737274 2.6630979 2.9184238 2.7087999 2.9866899 2.4888375 2.6333837 2.7626646 2.6343795 3.0482590 3.2700461 3.3773000 3.6870957 3.1156183 2.6921996 2.9579852 0.9820656 0.0000000 0.0016729 1.5381239 3.7086133 3.8659720 3.3896916 3.4661291 2.6846222 3.0157892 2.6034363 2.7181237 2.9723140 3.0591384 2.7711888 4.6360193 
Mertsp_Mesp_sb590624                                             2.7165539 2.5855669 2.6066097 2.6841588 2.5492358 2.7669697 2.7446638 2.5830942 2.7428340 2.6683559 2.7080341 2.6683652 2.9161072 1.6147630 2.8273843 2.5658516 2.7594390 2.7625166 2.7628040 2.6235038 2.8213603 2.7474298 2.9235603 2.8199311 3.2342176 2.9304978 2.6886478 2.6183941 2.4638289 2.6501296 2.5802663 2.9184238 2.7220006 2.7201370 2.4184806 2.4068740 2.5232278 2.5273895 2.8385622 3.0224673 3.1177908 3.5537150 2.9716672 2.6921996 2.7222272 0.9043310 0.0016729 0.0000000 1.5425840 3.5504725 3.6843411 3.3896916 3.3137980 2.6846222 3.0181092 2.6034363 2.7181237 2.7444399 2.8297359 2.5093760 4.5634255 
Eupdun_Edun_sb10603025                                           1.7673228 2.0276584 1.7176512 1.9148599 1.8123838 1.9621745 1.9621745 1.9742734 1.7870660 1.8452069 1.8647127 1.8469422 2.2966006 1.5679879 2.1629649 2.3613145 1.9320664 2.0446248 2.0273076 1.8886046 1.8908571 1.7961492 1.8748346 2.0021508 1.9196763 2.0897314 2.2058068 1.8794383 1.6960623 1.7038882 2.2651495 2.1972227 2.6547955 2.6244612 2.1291809 2.1649273 2.1875993 2.1764267 2.7563912 3.0392912 3.5974474 1.4398616 1.9992328 1.8434022 1.5158226 1.5648768 1.5381239 1.5425840 0.0000000 2.3471742 2.2105976 2.2924121 2.1856233 0.8702958 2.3978228 2.4898360 2.2801257 2.6021819 2.3760316 2.4242898 3.7937401 
Scil_scict003282.2                                               2.4331023 2.4647140 2.2633730 2.5850629 2.3840217 2.5825344 2.5562703 2.4022521 2.5262715 2.4703234 2.4426876 2.4493315 2.4263664 1.5233037 2.3773374 2.2920061 2.6855308 2.6640033 2.6259252 2.7488795 2.6233712 2.3760508 2.4859354 2.5221135 3.1193880 2.5816043 2.3788174 2.5139665 2.5994701 2.4437859 2.6615213 2.7445597 2.6898931 2.7047745 2.6049636 2.5918652 2.6048622 2.5918297 2.8661306 3.1031953 2.4773869 3.1122331 2.5513412 2.5558200 3.7017961 3.1672081 3.7086133 3.5504725 2.3471742 0.0000000 0.5092776 0.3524642 0.6048390 1.2930733 3.8641877 2.7943878 3.2627035 3.7438480 3.7988303 3.6495118 5.0990488 
Gracom_Gcom_C558970_01                                           2.4843353 2.6026558 2.3370404 2.7070093 2.4995678 2.6344078 2.6042344 2.5816583 2.6106655 2.5442153 2.5384695 2.5374225 2.3770340 1.4978208 2.3661855 2.3325555 2.8113635 2.7038533 2.6540588 2.8551987 2.7956291 2.5919580 2.6330172 2.7135646 3.1815394 2.5815578 2.6780229 2.5729855 2.7167997 2.6163025 2.7406561 2.6873218 3.0939145 3.0728806 2.7841483 2.7534922 2.8388818 2.7478161 2.7325454 3.1923505 2.7191415 3.2372425 2.6634843 2.4396497 3.8464424 3.4778308 3.8659720 3.6843411 2.2105976 0.5092776 0.0000000 0.4403295 0.7212006 1.4592118 3.8812892 2.9766532 3.3044787 3.7370787 3.9207905 3.6099406 4.8812019 
Leuniv_Lniv_C799810_01                                           2.1521952 2.4223122 2.4034062 2.2954113 2.3498368 2.3243119 2.3817502 2.4814715 2.3512409 2.3600410 2.3640708 2.2971260 2.2880782 1.5636849 2.2742005 2.3725098 2.2789880 2.3060641 2.2820361 2.3900005 2.4356373 2.3477343 2.3485605 2.3874511 2.9138249 2.1046197 2.3830720 2.2767032 2.4344307 2.3352057 2.3513952 2.6756891 2.5539860 2.4433556 2.1908661 2.2086338 2.3852487 2.4606692 2.5236910 6.2235146 4.3497124 0.0000010 2.3613402 2.2381212 3.0328989 2.9890985 3.3896916 3.3896916 2.2924121 0.3524642 0.4403295 0.0000000 0.5107915 1.1660367 3.5595835 3.0600107 3.7227560 3.4792603 3.3526909 3.4672271 4.7266498 
Lcom_lcpid23873                                                  2.3417293 2.4156008 2.3614464 2.7073596 2.5083010 2.4420312 2.4355529 2.4357504 2.5376365 2.5293244 2.5391742 2.5206530 2.3722810 1.5799645 2.4349143 2.3908531 2.6751931 2.6073785 2.6386020 2.6145127 2.8067418 2.4651219 2.5879792 2.5033322 3.1308680 2.5945756 2.5504228 2.4175749 2.5699184 2.4057960 2.6004263 2.7123604 2.7687886 2.8762466 2.6859376 2.6519832 2.6646670 2.6643861 2.6443316 2.7449149 2.7068661 2.6959526 2.4959658 2.3561078 3.7311899 3.0828666 3.4661291 3.3137980 2.1856233 0.6048390 0.7212006 0.5107915 0.0000000 1.3932999 3.8596191 3.2216577 3.2829001 3.8532824 4.0458824 3.5800317 5.2263896 
Clacor_Ccor_scaffold11002_01                                     2.0146293 2.1838458 2.0997694 2.0791175 2.1546769 2.1435623 2.1697511 2.1801328 2.1880228 2.2187772 2.2249050 2.1829162 2.1491503 1.1896728 1.9956434 2.3165273 2.0093650 1.9985395 2.0356824 2.0484333 2.0465109 1.9583008 2.1359095 1.9897480 2.4697316 2.1692508 2.1805659 1.7021410 2.3474188 1.9389920 1.8611540 1.9807808 2.4268516 2.4862059 2.0329051 2.0221361 2.1603152 2.2576211 1.7824561 1.3566607 0.8918122 0.0000010 1.8941645 2.3201976 2.8604225 2.1746648 2.6846222 2.6846222 0.8702958 1.2930733 1.4592118 1.1660367 1.3932999 0.0000000 3.5958869 3.1264630 3.1870652 3.3946468 3.3250660 3.0856609 3.6059837 
Horcal_Hcv1.av93.c4.g704.i1                                      3.3821753 3.2085754 3.0590215 3.1791305 3.2796344 3.2967734 3.2596965 3.0578014 3.1548726 3.1598274 3.1322635 3.0384148 3.2272521 2.6408920 3.3641279 3.0550307 3.5851260 3.0545832 3.1332321 3.2652157 3.3027714 3.3300509 3.3229207 3.5442371 4.1492018 3.4329946 3.3273239 3.3261549 3.0216110 3.2710736 3.6452432 3.2952895 3.6363255 3.5446427 3.2531910 3.2947695 3.3441133 3.4254896 3.3001972 3.6456426 3.7738031 5.1918987 3.6811336 3.7658604 3.3795423 3.2170956 3.0157892 3.0181092 2.3978228 3.8641877 3.8812892 3.5595835 3.8596191 3.5958869 0.0000000 0.6404056 0.8826793 1.0953768 1.2254803 1.0359011 5.1930916 
Drygla_Dgla_sb294291                                             2.6818414 2.8009410 2.7919284 2.4211740 2.6496076 2.5115382 2.5527916 2.4192722 2.4857574 2.3767120 2.4542223 2.4318751 2.7624869 2.6115107 2.8040151 2.6769267 2.8892994 2.7599141 2.8219016 2.7966301 2.9695627 2.8751383 2.9127420 2.9012110 3.4256708 2.5809826 2.6334082 2.6374017 2.3769787 2.3277687 2.9026786 2.9004057 3.1728073 3.0116688 2.7057237 2.6559165 2.6963726 2.7238106 2.6096204 2.1229469 4.1328044 1.6059455 3.3857485 3.4667128 3.1870653 2.7420999 2.6034363 2.6034363 2.4898360 2.7943878 2.9766532 3.0600107 3.2216577 3.1264630 0.6404056 0.0000000 0.5391758 0.8429541 0.8911474 0.7413334 4.7666632 
Beraby_Baby_sb328878                                             2.6196731 2.6716831 2.5721494 2.7267176 2.7391652 2.7636668 2.7399236 2.6667829 2.6724858 2.7430550 2.6858839 2.5812344 2.9887733 2.6764007 2.9885838 2.8810051 2.7434150 2.4754983 2.4989035 2.5422714 2.7642280 2.7929971 2.8378736 2.8418029 3.3273815 2.8535378 2.9097414 2.6190429 2.4446442 2.7309104 2.9175142 2.9903680 3.4574111 3.3305293 2.9481176 2.9237060 2.9961819 3.0472114 2.6702602 2.9404821 3.2269644 3.3652792 3.2579527 3.6283357 2.7847420 2.6651677 2.7181237 2.7181237 2.2801257 3.2627035 3.3044787 3.7227560 3.2829001 3.1870652 0.8826793 0.5391758 0.0000000 0.8350946 0.8961329 0.7188765 4.0906401 
Vmul_SimC404832                                                  3.2853706 3.2313671 3.2470997 3.0816894 3.0168634 3.2508628 3.2479902 3.0980274 3.1356575 3.2080491 3.0699879 3.0658160 3.1537755 2.7744093 3.2696875 3.2837008 3.1025178 2.9896139 2.9347695 2.9481841 3.3751280 3.3208022 3.1537845 3.3550610 4.0013770 3.3081603 3.3492528 3.2548098 2.9955208 3.0717289 3.4553619 3.3299156 3.1612918 3.2594963 2.9376854 3.0571241 3.0499936 2.9968619 3.5847194 3.9380115 3.8543278 4.3835762 3.8418011 4.0107428 3.4329194 3.5569343 2.9723140 2.7444399 2.6021819 3.7438480 3.7370787 3.4792603 3.8532824 3.3946468 1.0953768 0.8429541 0.8350946 0.0000000 0.6716959 1.0425172 4.9386715 
Coemet_Cmet_scaffold20525_01                                     3.3030133 3.0215793 3.1097432 3.1056330 2.9266687 3.2597838 3.2489646 3.1288271 3.1657049 3.1413612 3.0000831 3.0818611 3.3529042 2.8003135 3.1883747 3.2849395 3.1188159 3.0738201 3.0038337 3.1753925 3.2715564 3.3240829 3.2789294 3.1368739 4.1400066 3.4497879 3.3435922 3.2154382 3.2434668 3.2053246 3.6231536 3.3344447 3.0358711 3.1769833 2.8651701 2.9807947 2.9718030 2.9148962 3.6844256 3.8010175 3.5732034 4.0834764 3.5890284 3.6324989 3.5287568 3.0535417 3.0591384 2.8297359 2.3760316 3.7988303 3.9207905 3.3526909 4.0458824 3.3250660 1.2254803 0.8911474 0.8961329 0.6716959 0.0000000 0.9770155 5.2786366 
