29
Hsap_ENST00000280772                   0.0000000 0.6537149 0.6975663 0.7493786 0.8052243 1.0080380 0.9925432 1.2419490 1.2393312 1.3636574 1.3409905 1.3695777 1.3386271 1.3396707 2.1375904 1.5072585 1.4000526 3.6931191 3.4139193 2.9896261 4.0710586 4.1684376 2.8409540 1.7382881 1.7426714 1.7461619 1.7669822 1.7650660 1.7545060 
Tcas_TC034635_004                      0.6537149 0.0000000 0.3438267 0.7171725 0.5907601 0.9994657 0.9686140 1.3922702 1.2802094 1.4929468 1.4253593 1.4573652 1.4144025 1.4062919 2.3108146 1.5343910 1.3427357 3.8010804 3.6155410 2.9925513 4.0263134 3.9806134 2.6570847 1.7685565 1.8018331 1.7997649 1.7911898 1.7991269 1.7925068 
Dpul_mRNA10664                         0.6975663 0.3438267 0.0000000 0.4023649 1.5450708 1.9490835 0.9653135 1.6332492 1.4341122 1.5474352 1.6401534 1.6109761 1.6216982 1.5889256 1.5628429 1.8449328 1.8677916 2.8582057 2.8582057 3.7671474 3.7671474 2.8997728 2.2877945 2.2877945 2.2343415 2.2457641 2.2762671 2.2589313 2.3069832 
Acagra_model.g4298.t1                  0.7493786 0.7171725 0.4023649 0.0000000 0.4341367 0.8667753 0.7895796 2.0880985 1.7058336 2.1894074 2.0527958 2.2312806 2.1486227 2.1312557 2.1498203 2.3436371 2.0553186 2.8549161 1.9997941 2.7015026 2.9575159 2.2972466 2.7343742 2.7460968 2.7420687 2.7656256 2.8854610 2.8805977 2.8320527 
Lcom_lcpid157441                       0.8052243 0.5907601 1.5450708 0.4341367 0.0000000 0.6390024 1.0632712 1.3533713 1.2507726 1.2861271 1.2371032 1.4502677 1.2918093 1.3040966 1.3932778 1.7464688 1.5319990 2.8833214 2.3221997 3.3991999 3.2640027 2.7552058 2.7395875 2.7395875 2.6409224 2.6401125 2.7857509 2.7908169 2.6962199 
Cscu_XM_023354812.1                    1.0080380 0.9994657 1.9490835 0.8667753 0.6390024 0.0000000 1.0984641 2.3171387 1.6251738 2.1618004 2.1562411 2.2986362 2.2697478 2.2764341 2.2903019 2.2401512 1.5646573 3.9416346 2.7099594 3.3231991 3.3718649 4.2900073 2.6671579 2.6458319 2.7051872 2.6919042 2.8374198 2.8398508 2.7377617 
Ctel_gnl_WGS_AMQN_CAPTEDRAFT_mRNA73341 0.9925432 0.9686140 0.9653135 0.7895796 1.0632712 1.0984641 0.0000000 1.7811531 1.7935176 1.8276319 1.8509833 1.9114699 1.8472311 1.8514195 1.8330182 2.1827944 2.3217659 1.9219079 1.8303800 1.7870483 1.6574721 1.5124496 2.9608365 2.9608365 2.9993509 3.0331442 3.1305467 3.1158312 3.0487699 
Exapal_XM_021039683.2                  1.2419490 1.3922702 1.6332492 2.0880985 1.3533713 2.3171387 1.7811531 0.0000000 0.4299150 0.5293693 0.4577105 0.4539649 0.4415951 0.4360988 0.5035730 0.9325149 0.8948905 3.4160119 3.5049230 2.6639955 3.6799696 3.8012867 2.7781419 1.9713642 1.9867726 1.9864217 1.9874924 1.9965783 1.9900379 
Adig_XM_015901832.1                    1.2393312 1.2802094 1.4341122 1.7058336 1.2507726 1.6251738 1.7935176 0.4299150 0.0000000 0.0208440 0.1486384 0.1804911 0.2169807 0.2083072 0.8263093 0.9455293 1.0486357 3.9058608 3.6636079 2.9181482 3.9252545 3.8574239 2.9294777 1.9992903 2.0757308 2.0415402 2.0201213 2.0478967 2.0449042 
Amil_Amillepora20436-RA                1.3636574 1.4929468 1.5474352 2.1894074 1.2861271 2.1618004 1.8276319 0.5293693 0.0208440 0.0000000 0.1644304 0.2165208 0.2547210 0.2488371 0.9238920 0.9959067 0.9950225 3.7796458 3.7030439 2.7468526 3.9487527 3.9706653 2.9956995 2.1033663 2.1239612 2.1226239 2.1148245 2.1152300 2.1192565 
Gfas_gfas1.m1.15172.m1                 1.3409905 1.4253593 1.6401534 2.0527958 1.2371032 2.1562411 1.8509833 0.4577105 0.1486384 0.1644304 0.0000000 0.1522392 0.1867728 0.1845976 0.8652117 0.9359980 0.9425450 3.4461123 3.2769560 2.6138342 3.6674213 3.6828848 2.8388645 2.0161621 2.0400740 2.0322468 2.0409367 2.0520456 2.0263803 
Gasp_gasp1.m3.9687.m1                  1.3695777 1.4573652 1.6109761 2.2312806 1.4502677 2.2986362 1.9114699 0.4539649 0.1804911 0.2165208 0.1522392 0.0000000 0.1474297 0.1485209 0.8901143 0.9695458 0.9625258 3.3930948 3.2840357 2.5788816 3.5759522 3.6273564 2.9260519 1.9951470 2.0047256 2.0086822 2.0020505 2.0061978 1.9992037 
Spis_XP_022786301_1                    1.3386271 1.4144025 1.6216982 2.1486227 1.2918093 2.2697478 1.8472311 0.4415951 0.2169807 0.2547210 0.1867728 0.1474297 0.0000000 0.0465287 0.8538972 0.9697904 0.9894145 3.4129696 3.3487104 2.5829886 3.6492487 3.6363405 2.8941764 2.0234935 2.0218012 2.0273086 2.0202417 2.0233368 2.0291418 
Pocdam_XM_027188286.1                  1.3396707 1.4062919 1.5889256 2.1312557 1.3040966 2.2764341 1.8514195 0.4360988 0.2083072 0.2488371 0.1845976 0.1485209 0.0465287 0.0000000 0.8475109 0.9538591 0.9825266 3.4637573 3.3549658 2.6196973 3.6672600 3.7144726 2.9225414 2.0328671 2.0460073 2.0386609 2.0313188 2.0474176 2.0409499 
Nvec_v1g92223                          2.1375904 2.3108146 1.5628429 2.1498203 1.3932778 2.2903019 1.8330182 0.5035730 0.8263093 0.9238920 0.8652117 0.8901143 0.8538972 0.8475109 0.0000000 1.6117366 1.7872059 6.2170512 6.2269234 4.1233703 6.6030332 7.1994854 2.6667190 3.1892091 3.2340880 3.2332628 3.3014326 3.2943356 3.2301286 
Dgig_XM_028549353.1                    1.5072585 1.5343910 1.8449328 2.3436371 1.7464688 2.2401512 2.1827944 0.9325149 0.9455293 0.9959067 0.9359980 0.9695458 0.9697904 0.9538591 1.6117366 0.0000000 0.2780226 3.1123119 3.1049556 2.6522919 3.4002026 3.4373348 3.2071079 2.2912200 2.2746853 2.2630111 2.3058434 2.3125302 2.2687876 
Xesp_002787-T1                         1.4000526 1.3427357 1.8677916 2.0553186 1.5319990 1.5646573 2.3217659 0.8948905 1.0486357 0.9950225 0.9425450 0.9625258 0.9894145 0.9825266 1.7872059 0.2780226 0.0000000 3.3445489 3.3026979 2.5161677 3.5780897 3.6351384 3.1703967 2.1641163 2.1685795 2.1665206 2.1860103 2.1823902 2.1480644 
Aque_Aqu2.1.37717_001                  3.6931191 3.8010804 2.8582057 2.8549161 2.8833214 3.9416346 1.9219079 3.4160119 3.9058608 3.7796458 3.4461123 3.3930948 3.4129696 3.4637573 6.2170512 3.1123119 3.3445489 0.0000000 0.3713276 0.8943937 1.0087687 1.0011387 2.7407525 3.5823682 3.5259454 3.5461131 3.4607168 3.4607168 3.4447827 
Halamb_c63307_g1_i1m.45807             3.4139193 3.6155410 2.8582057 1.9997941 2.3221997 2.7099594 1.8303800 3.5049230 3.6636079 3.7030439 3.2769560 3.2840357 3.3487104 3.3549658 6.2269234 3.1049556 3.3026979 0.3713276 0.0000000 0.8697056 1.0014035 1.0153095 2.4810040 3.1802625 3.1352745 3.1131776 3.0180855 3.0601853 3.0280199 
Tetwil_g26039.t1                       2.9896261 2.9925513 3.7671474 2.7015026 3.3991999 3.3231991 1.7870483 2.6639955 2.9181482 2.7468526 2.6138342 2.5788816 2.5829886 2.6196973 4.1233703 2.6522919 2.5161677 0.8943937 0.8697056 0.0000000 0.9657835 0.9985836 3.2462968 2.8703470 2.8722246 2.8666814 2.8308186 2.8308186 2.8183825 
Emue_Em0005g1471a.t1                   4.0710586 4.0263134 3.7671474 2.9575159 3.2640027 3.3718649 1.6574721 3.6799696 3.9252545 3.9487527 3.6674213 3.5759522 3.6492487 3.6672600 6.6030332 3.4002026 3.5780897 1.0087687 1.0014035 0.9657835 0.0000000 0.1452676 8.7697943 4.1202187 4.0052090 4.0521118 3.9765225 3.9765225 3.9644368 
Spolac_c95405_g1_i1_m.11435c95405-g1   4.1684376 3.9806134 2.8997728 2.2972466 2.7552058 4.2900073 1.5124496 3.8012867 3.8574239 3.9706653 3.6828848 3.6273564 3.6363405 3.7144726 7.1994854 3.4373348 3.6351384 1.0011387 1.0153095 0.9985836 0.1452676 0.0000000 6.3820697 4.0378539 3.9087913 3.9546409 3.8771144 3.8771144 3.8703560 
Tadh_TriadT24276                       2.8409540 2.6570847 2.2877945 2.7343742 2.7395875 2.6671579 2.9608365 2.7781419 2.9294777 2.9956995 2.8388645 2.9260519 2.8941764 2.9225414 2.6667190 3.2071079 3.1703967 2.7407525 2.4810040 3.2462968 8.7697943 6.3820697 0.0000000 0.0015486 0.1504789 0.1558160 0.1614868 0.1651189 0.1435557 
TrH2_TrispH2_001648-RA                 1.7382881 1.7685565 2.2877945 2.7460968 2.7395875 2.6458319 2.9608365 1.9713642 1.9992903 2.1033663 2.0161621 1.9951470 2.0234935 2.0328671 3.1892091 2.2912200 2.1641163 3.5823682 3.1802625 2.8703470 4.1202187 4.0378539 0.0015486 0.0000000 0.1102510 0.1086494 0.1155843 0.1187650 0.1041354 
HoiH06_mRNA5702                        1.7426714 1.8018331 2.2343415 2.7420687 2.6409224 2.7051872 2.9993509 1.9867726 2.0757308 2.1239612 2.0400740 2.0047256 2.0218012 2.0460073 3.2340880 2.2746853 2.1685795 3.5259454 3.1352745 2.8722246 4.0052090 3.9087913 0.1504789 0.1102510 0.0000000 0.0140640 0.0449186 0.0491723 0.0585547 
HoiH23_PlH23_001611-RA                 1.7461619 1.7997649 2.2457641 2.7656256 2.6401125 2.6919042 3.0331442 1.9864217 2.0415402 2.1226239 2.0322468 2.0086822 2.0273086 2.0386609 3.2332628 2.2630111 2.1665206 3.5461131 3.1131776 2.8666814 4.0521118 3.9546409 0.1558160 0.1086494 0.0140640 0.0000000 0.0471135 0.0515431 0.0584500 
Hhon_g01013.t1                         1.7669822 1.7911898 2.2762671 2.8854610 2.7857509 2.8374198 3.1305467 1.9874924 2.0201213 2.1148245 2.0409367 2.0020505 2.0202417 2.0313188 3.3014326 2.3058434 2.1860103 3.4607168 3.0180855 2.8308186 3.9765225 3.8771144 0.1614868 0.1155843 0.0449186 0.0471135 0.0000000 0.0039824 0.0704850 
HoiH04_mRNA17398                       1.7650660 1.7991269 2.2589313 2.8805977 2.7908169 2.8398508 3.1158312 1.9965783 2.0478967 2.1152300 2.0520456 2.0061978 2.0233368 2.0474176 3.2943356 2.3125302 2.1823902 3.4607168 3.0601853 2.8308186 3.9765225 3.8771144 0.1651189 0.1187650 0.0491723 0.0515431 0.0039824 0.0000000 0.0718901 
HoiH11_mRNA493                         1.7545060 1.7925068 2.3069832 2.8320527 2.6962199 2.7377617 3.0487699 1.9900379 2.0449042 2.1192565 2.0263803 1.9992037 2.0291418 2.0409499 3.2301286 2.2687876 2.1480644 3.4447827 3.0280199 2.8183825 3.9644368 3.8703560 0.1435557 0.1041354 0.0585547 0.0584500 0.0704850 0.0718901 0.0000000 
