55
Hsap_ENST00000673471                                  0.0000000 1.3854331 1.3574951 1.6557791 1.7659046 2.0942984 1.9765079 2.1209123 2.1387454 2.0661931 2.0875743 2.1580999 2.1202473 2.1076847 3.4113277 2.2517197 2.3487241 1.7175224 2.3472609 2.3746454 2.1726140 2.2543632 1.7898653 2.4930252 3.2232968 2.3175995 2.6414228 3.1878129 3.3299663 2.6432831 1.6181134 3.3240142 2.2362498 2.3218271 2.5425626 2.6775444 2.6380399 2.6421438 2.6084890 2.0102570 3.4674915 2.9093131 3.4255502 3.0060005 2.5619651 2.8937567 3.3886515 3.2310976 2.8456289 3.7450852 3.1850962 2.8896325 2.6236296 3.2496492 2.4595348 
Bralan_BLAG11101294_1                                 1.3854331 0.0000000 1.2180025 1.4729524 1.5264093 1.9619164 1.8197290 1.9195212 1.9279555 1.8765625 1.8488331 1.9203580 1.8304859 1.8309644 2.8883652 1.9286944 1.9915793 1.6562756 1.8732091 2.0828043 2.0285701 2.1138412 1.5155589 2.1666044 3.3375623 2.4428694 2.3350556 3.1407624 3.1582565 2.5980715 1.5904429 3.4111813 2.2538625 2.2136502 2.4722359 2.4966035 2.5763703 2.5678915 2.5703535 2.0066665 3.1154129 2.6043044 3.1782463 2.6922540 2.3546686 2.5855672 3.0440264 2.9955724 2.5819985 3.6795324 3.2291396 2.9414918 2.7610883 3.3263695 2.0517901 
Ctel_gnl_WGS_AMQN_CAPTEDRAFT_mRNA90087                1.3574951 1.2180025 0.0000000 1.1382936 1.1118839 1.6482946 1.6331277 1.5767098 1.7465261 1.5454148 1.5883298 1.6283313 1.5573926 1.6218460 1.4659858 1.7139021 1.7090113 1.6136620 1.6616429 1.6195658 1.5788199 1.6303613 1.5098689 1.5022677 2.9184436 2.7094791 1.9437358 2.6230609 2.6247235 1.9925106 1.9777612 1.7823924 2.3060823 1.5829435 1.6979875 1.6979875 1.6357479 1.6448889 1.6323462 2.0820468 2.5003582 2.2584964 2.3165949 2.2087362 2.2581506 2.0714404 2.5135252 2.6441431 2.6470663 3.3950072 2.8259986 2.7264902 2.6419062 2.8923619 1.1045859 
Cgig_XM_034481466.1                                   1.6557791 1.4729524 1.1382936 0.0000000 0.7280348 2.1326690 1.9653601 2.0915443 2.2027968 2.0661899 2.1075831 2.0797131 2.0270449 2.0092124 2.7174759 2.1264530 2.1698714 1.8880815 2.1930347 2.2707857 2.0554185 2.1231994 1.7389381 2.1767477 3.0051924 2.1459427 2.4966538 3.0774161 3.1753607 2.5756291 1.9633320 3.3305268 2.1337345 2.1644584 2.6334038 2.6603724 2.4270854 2.4373391 2.5505369 2.1242309 3.3163024 2.8204442 3.3439426 2.8136543 2.7619936 2.7745048 3.0551682 2.7808873 2.5765386 4.1385840 3.4283905 3.0534981 2.8710079 3.3018030 1.8659982 
Acagra_model.g29220.t1                                1.7659046 1.5264093 1.1118839 0.7280348 0.0000000 2.2336862 1.9919965 2.0267903 2.1291120 2.0867239 2.0845227 2.0720193 2.0309022 2.0293093 2.4937655 1.9822838 2.0392736 1.4386027 2.1794511 2.1793315 2.1470277 2.1974081 1.8881930 2.5300924 2.9475055 2.2155473 2.2083249 2.9223900 2.8214267 2.5617464 2.0646849 3.1392438 2.4308300 1.9046233 2.7848892 2.8412670 2.5855419 2.6137871 2.6085288 2.2461110 2.9306880 3.0250187 2.9375689 2.8863072 2.5472703 2.3730506 3.0765251 3.0708866 2.8797354 3.6849034 2.9619570 2.8222864 2.4983560 3.0068691 1.6210658 
Exapal_XM_021042732.2                                 2.0942984 1.9619164 1.6482946 2.1326690 2.2336862 0.0000000 0.6521894 1.1542922 1.1619322 1.0529185 1.0786871 1.0702583 1.1156123 1.0895833 2.3575217 1.8804715 1.8637933 1.4555167 1.8012645 1.9740740 1.6346605 1.7381912 1.9096947 2.2692004 3.2158357 2.4017499 2.8051455 3.3008763 3.4465323 3.0085100 1.8029962 3.5994553 2.2665418 2.5029520 2.7183454 2.7801797 2.8613560 2.8668124 2.8820775 1.9771292 3.1699548 2.6398022 3.0857595 2.6380391 2.2980495 2.4647670 3.1434763 2.8807640 2.7004882 3.4389657 3.0990762 2.8884855 2.6020487 2.9650982 2.5183627 
Nvec_v1g243788                                        1.9765079 1.8197290 1.6331277 1.9653601 1.9919965 0.6521894 0.0000000 1.0499075 1.0538787 0.9289312 0.9794048 0.9124165 0.9344620 0.9036666 2.2709234 1.7331100 1.7251268 1.3213496 1.6634690 1.8618661 1.5416318 1.6088450 1.8070127 2.2081441 2.9970949 2.4200146 2.6613697 3.0296015 3.3034084 2.8044523 1.8166753 3.3361428 2.3081659 2.3744599 2.6107536 2.7333306 2.6139443 2.6216891 2.6465845 1.9437405 2.9506166 2.3258088 2.7009920 2.3738890 2.1819536 2.3603096 2.9031046 2.6986788 2.5506708 3.4982913 3.0656995 2.6755396 2.3862441 2.7862033 2.4767877 
Adig_XM_015923450.1                                   2.1209123 1.9195212 1.5767098 2.0915443 2.0267903 1.1542922 1.0499075 0.0000000 0.0723052 0.4106261 0.5537476 0.5635126 0.6274609 0.6037782 2.3794859 1.8130263 1.7562598 1.3862518 1.8523321 1.9194399 1.6797825 1.7342686 1.9861205 2.0918037 3.2442752 2.3847059 2.7265409 3.1075883 3.2483230 2.7223556 1.7859171 3.3710782 2.0809820 2.4775759 2.5554332 2.6100055 2.6230246 2.6368371 2.6287685 1.9222504 2.9449656 2.5843147 2.8284072 2.3850196 2.0898288 2.5343348 2.9107031 2.7456045 2.4254499 3.2919170 3.0074650 2.7021275 2.4981203 2.8442105 2.6022335 
Amil_Amillepora18680-RA                               2.1387454 1.9279555 1.7465261 2.2027968 2.1291120 1.1619322 1.0538787 0.0723052 0.0000000 0.4123092 0.5595740 0.5573785 0.6133731 0.5976199 2.4457068 1.8186845 1.7847298 1.4321511 1.8739352 1.9023142 1.6778847 1.7186889 2.0094559 2.0778653 3.3566384 2.4248091 2.6514058 3.0709799 3.2609997 2.7343637 2.1199336 3.4808593 2.1024487 2.4786957 2.6664445 2.7171711 2.7425414 2.7563455 2.7487071 2.1093882 2.9309467 2.6211904 2.8694334 2.4578136 2.1481517 2.5038631 2.9199530 2.7468299 2.4093503 3.3637409 3.0266453 2.7328167 2.4933519 2.9470919 2.5997259 
Gfas_gfas1.m1.3566.m1                                 2.0661931 1.8765625 1.5454148 2.0661899 2.0867239 1.0529185 0.9289312 0.4106261 0.4123092 0.0000000 0.4053702 0.3890089 0.4515023 0.4191775 2.4201792 1.8175353 1.7638553 1.4437973 1.7717578 1.9186704 1.6547281 1.6295899 1.9075281 2.1569793 3.2602739 2.4988664 2.7619742 3.0184093 3.2124030 2.6549911 1.7399936 3.3969231 1.9542008 2.4214255 2.5162292 2.5717247 2.6366254 2.6549553 2.7039970 2.0039040 2.9582187 2.5027376 2.8546602 2.4618700 2.1778726 2.4900778 2.8919371 2.7996677 2.5591768 3.3356331 3.0240959 2.6805491 2.4519368 2.8644789 2.5687683 
Fspp_ffun1.m4.19964.m1                                2.0875743 1.8488331 1.5883298 2.1075831 2.0845227 1.0786871 0.9794048 0.5537476 0.5595740 0.4053702 0.0000000 0.2030183 0.3294448 0.3113519 2.6792283 1.7897513 1.7484088 1.3583721 1.8536264 1.9835472 1.6976742 1.7495696 1.9556109 2.0990795 3.0058921 2.3691346 2.8159532 3.0519421 3.3344134 2.7609199 1.6060321 3.5191120 2.0074541 2.4103067 2.6787407 2.7059999 2.7785640 2.7910538 2.7071837 2.0866442 3.0131265 2.6121244 2.9117495 2.5635212 2.1250049 2.3725762 2.9411811 2.7967106 2.5497407 3.2152413 2.9579904 2.7037904 2.4206533 2.9525077 2.5635212 
Gasp_gasp1.m3.11395.m1                                2.1580999 1.9203580 1.6283313 2.0797131 2.0720193 1.0702583 0.9124165 0.5635126 0.5573785 0.3890089 0.2030183 0.0000000 0.3329612 0.3113279 3.1139483 1.8703922 1.8411538 1.4404912 1.8966114 2.0302850 1.6949815 1.7474457 1.9104370 2.2130032 3.0477902 2.4972322 2.8315615 3.1491084 3.4074491 2.9331652 1.9943675 3.8283098 2.0424751 2.4909374 2.7106717 2.7613944 2.8198139 2.8359730 2.8348660 2.1068884 3.0364659 2.5982577 2.8603817 2.6059058 2.0957832 2.3923355 2.9417905 2.7221292 2.5100691 3.2168160 3.1713324 2.9209939 2.6292033 3.1810571 2.5964941 
Spis_XP_022788773_1                                   2.1202473 1.8304859 1.5573926 2.0270449 2.0309022 1.1156123 0.9344620 0.6274609 0.6133731 0.4515023 0.3294448 0.3329612 0.0000000 0.0882913 2.5748452 1.8408002 1.8082133 1.3841184 1.8229173 1.9105138 1.5937643 1.6303452 1.9045990 2.2262886 3.1297326 2.3864807 2.7119240 3.0614166 3.2164402 2.7160480 1.8184852 3.2407983 2.0683866 2.3049943 2.5759129 2.6324586 2.6447509 2.6555503 2.6300619 1.9752271 2.9717392 2.4701369 2.8397221 2.3741848 2.1298882 2.3816611 2.7778774 2.5797349 2.2995809 3.4640789 3.1134828 2.7881504 2.4340928 2.9020490 2.4987067 
Pocdam_XM_027191542.1                                 2.1076847 1.8309644 1.6218460 2.0092124 2.0293093 1.0895833 0.9036666 0.6037782 0.5976199 0.4191775 0.3113519 0.3113279 0.0882913 0.0000000 2.5395949 1.8276287 1.7863481 1.3748346 1.8235720 1.9185731 1.5711107 1.6555265 1.8733771 2.2437166 3.1507627 2.4708301 2.7086292 3.0797701 3.2432562 2.7460127 1.7742129 3.2792118 2.0985108 2.3609571 2.5869813 2.6222679 2.6701276 2.6851380 2.6690175 1.9807404 2.9407819 2.4621313 2.8209061 2.3617460 2.1111945 2.3342762 2.8243708 2.5964551 2.3450755 3.4396959 3.0892189 2.7501190 2.4594471 2.9201252 2.5051593 
Aaur_scaffold589.g6.t1                                3.4113277 2.8883652 1.4659858 2.7174759 2.4937655 2.3575217 2.2709234 2.3794859 2.4457068 2.4201792 2.6792283 3.1139483 2.5748452 2.5395949 0.0000000 0.4392353 0.4329838 0.3031909 1.6748322 1.9205827 2.8029172 2.7655530 2.8152690 2.4687383 3.2824515 0.8586526 3.2857433 4.3320485 3.8402750 3.4628817 2.2518264 3.7792393 2.6829667 3.0109977 3.2782181 3.2545893 3.2378654 3.2654727 3.3402080 2.2217787 2.8540269 3.0451137 3.0531823 2.7925722 1.5284637 3.0110223 3.3762910 3.3859942 2.6462378 4.2901019 4.4131998 4.1524761 2.8645184 3.7539042 3.0687911 
Nemnom_g4063.t1                                       2.2517197 1.9286944 1.7139021 2.1264530 1.9822838 1.8804715 1.7331100 1.8130263 1.8186845 1.8175353 1.7897513 1.8703922 1.8408002 1.8276287 0.4392353 0.0000000 0.1844182 0.7505954 1.1759965 1.5949364 1.9174818 2.0158688 2.1099083 1.8861803 2.8160074 2.4431831 2.7356284 3.3583777 3.3290145 3.0724762 2.2498999 3.5543264 2.5415224 2.4824958 2.5648410 2.5936306 2.5856848 2.6021785 2.6841569 2.1691560 3.1050187 2.6210116 3.1305096 2.6342821 2.1657343 2.5980550 3.0702852 2.9390236 2.7078931 3.9475985 3.1832252 2.9500927 2.4361425 2.8515824 2.5950913 
Rhoesc_Res_010019-T3                                  2.3487241 1.9915793 1.7090113 2.1698714 2.0392736 1.8637933 1.7251268 1.7562598 1.7847298 1.7638553 1.7484088 1.8411538 1.8082133 1.7863481 0.4329838 0.1844182 0.0000000 0.7448917 1.1673397 1.6607245 1.9114690 1.9831683 2.1449014 1.8781167 2.9478835 2.4215350 2.8110265 3.3877817 3.3939709 2.9917643 2.3824209 3.8636013 2.6269981 2.5857315 2.6070230 2.6218936 2.6125869 2.6291040 2.6722215 2.2065496 3.1127333 2.6368463 3.1729752 2.6130737 2.1928883 2.5722518 3.0220804 2.8752768 2.5670426 3.7245595 3.1859260 2.8833384 2.4743596 2.8694395 2.6604650 
Sanmal_Sma_020212-T1                                  1.7175224 1.6562756 1.6136620 1.8880815 1.4386027 1.4555167 1.3213496 1.3862518 1.4321511 1.4437973 1.3583721 1.4404912 1.3841184 1.3748346 0.3031909 0.7505954 0.7448917 0.0000000 1.0505363 1.3199231 1.4447030 1.4491288 1.8873152 1.0415524 2.8075703 2.5383830 2.2783700 2.8360507 3.0722513 2.0316837 1.9745426 2.1961845 2.3877800 2.2306349 1.6771907 1.6746235 1.7462421 1.7515430 1.7650959 1.7488278 2.6992770 2.0904773 2.7347651 2.2010589 2.1100430 2.0626008 2.4550622 2.4217608 2.3527850 3.8998279 2.8367506 2.4530692 2.6741637 2.7718400 1.7996331 
Morvir_scaffold16.g61.t2                              2.3472609 1.8732091 1.6616429 2.1930347 2.1794511 1.8012645 1.6634690 1.8523321 1.8739352 1.7717578 1.8536264 1.8966114 1.8229173 1.8235720 1.6748322 1.1759965 1.1673397 1.0505363 0.0000000 1.6754535 1.7972642 2.0051107 2.0771041 2.0052827 3.1676659 2.4386717 2.8326820 3.2888597 3.2405459 3.0765957 1.8769340 3.6288775 2.3522341 2.4991454 2.7871037 2.8471412 2.7192163 2.7139020 2.8156665 2.1539898 3.3516953 2.8192416 3.2353471 2.6417427 2.2997417 2.5828374 2.9818298 2.9137880 2.5789720 4.1025486 3.2736484 3.0007500 2.6004142 3.1411138 2.6728315 
Chem_TCONS_00058142                                   2.3746454 2.0828043 1.6195658 2.2707857 2.1793315 1.9740740 1.8618661 1.9194399 1.9023142 1.9186704 1.9835472 2.0302850 1.9105138 1.9185731 1.9205827 1.5949364 1.6607245 1.3199231 1.6754535 0.0000000 2.1360777 2.0588686 2.1626321 1.5622293 2.9668751 2.2949033 3.0152769 3.2432760 3.1675557 3.1701155 2.0527166 3.4516440 2.5228882 2.8635097 2.6649850 2.6974928 2.7729983 2.7994438 2.7841677 2.2773817 3.1513941 2.7421898 3.0787007 2.6332439 2.3140615 2.6762359 3.1590853 3.0920355 2.7407488 3.6816971 3.2491838 2.9496840 2.6246670 3.0269391 3.0082961 
Dgig_XM_028538127.1                                   2.1726140 2.0285701 1.5788199 2.0554185 2.1470277 1.6346605 1.5416318 1.6797825 1.6778847 1.6547281 1.6976742 1.6949815 1.5937643 1.5711107 2.8029172 1.9174818 1.9114690 1.4447030 1.7972642 2.1360777 0.0000000 0.5569325 1.9512306 2.2334304 3.2500041 2.3989495 2.7011595 3.0935346 3.2717474 2.9722694 1.8724746 3.4559559 2.4151953 2.6086042 2.7596051 2.8020674 2.7537464 2.7479736 2.8623321 2.1664900 3.0723508 2.8333179 3.0635750 2.7216204 2.4719279 2.6819226 3.1696631 3.0253288 2.6459703 3.7567509 3.0990141 2.7990463 2.4437448 2.9262512 2.6529995 
Xesp_012622-T2                                        2.2543632 2.1138412 1.6303613 2.1231994 2.1974081 1.7381912 1.6088450 1.7342686 1.7186889 1.6295899 1.7495696 1.7474457 1.6303452 1.6555265 2.7655530 2.0158688 1.9831683 1.4491288 2.0051107 2.0588686 0.5569325 0.0000000 1.9628263 2.2037844 3.2996719 2.3666729 2.5891514 3.2315454 3.5138586 2.9444186 1.9734840 3.3223011 2.2287689 2.4636508 2.5521226 2.5976520 2.5322354 2.5349078 2.6397396 2.1213168 3.1227435 2.9000154 3.2627719 2.7378469 2.5736974 2.6168965 3.1197002 3.0215549 2.8237828 3.7349920 3.3672050 3.0346212 2.6538529 3.0692818 2.6279940 
Skow_XM_002733401.2                                   1.7898653 1.5155589 1.5098689 1.7389381 1.8881930 1.9096947 1.8070127 1.9861205 2.0094559 1.9075281 1.9556109 1.9104370 1.9045990 1.8733771 2.8152690 2.1099083 2.1449014 1.8873152 2.0771041 2.1626321 1.9512306 1.9628263 0.0000000 2.1830614 3.2854375 2.5917544 2.3060929 3.2131005 3.1955173 2.8877443 1.9700213 3.3682846 2.3049890 2.3485279 2.4613312 2.4872578 2.4027161 2.4033382 2.4522409 2.0062342 3.3988804 2.6306106 3.0898165 2.6286048 2.3660686 2.9145277 3.0288161 2.9041040 2.7360512 4.0452236 2.8321805 2.5549523 2.5627609 2.9794679 2.1309358 
Hvul_g2011_1                                          2.4930252 2.1666044 1.5022677 2.1767477 2.5300924 2.2692004 2.2081441 2.0918037 2.0778653 2.1569793 2.0990795 2.2130032 2.2262886 2.2437166 2.4687383 1.8861803 1.8781167 1.0415524 2.0052827 1.5622293 2.2334304 2.2037844 2.1830614 0.0000000 3.1522367 2.3404311 2.8319144 3.3312607 3.3274083 3.2861583 2.3262546 3.2365700 2.7527604 2.3539926 2.7108578 2.8031909 2.7112012 2.7471540 2.9082814 2.4217230 2.9498236 2.9801378 3.2387055 2.6267601 2.2253603 2.5149953 3.2976652 3.2632317 2.9184542 4.1278306 2.8634910 3.0349391 2.4609659 2.8977870 2.6727662 
Opea_EP00118_Oscarella_pearsei_P011585                3.2232968 3.3375623 2.9184436 3.0051924 2.9475055 3.2158357 2.9970949 3.2442752 3.3566384 3.2602739 3.0058921 3.0477902 3.1297326 3.1507627 3.2824515 2.8160074 2.9478835 2.8075703 3.1676659 2.9668751 3.2500041 3.2996719 3.2854375 3.1522367 0.0000000 1.7832735 3.4955625 4.1961150 3.8559840 3.5880180 2.6788130 3.8748876 3.5060039 3.5467499 3.1953698 3.2097319 3.2977814 3.3074596 3.3268029 2.6140191 3.8009231 3.1052402 3.5799675 3.3894097 3.3628538 3.2264829 3.5427186 3.9686586 3.4717158 4.8387155 3.6703410 3.3351598 3.3141266 3.3243553 3.6337390 
Plajan_Pjan_scaffold4034_01                           2.3175995 2.4428694 2.7094791 2.1459427 2.2155473 2.4017499 2.4200146 2.3847059 2.4248091 2.4988664 2.3691346 2.4972322 2.3864807 2.4708301 0.8586526 2.4431831 2.4215350 2.5383830 2.4386717 2.2949033 2.3989495 2.3666729 2.5917544 2.3404311 1.7832735 0.0000000 2.5861651 3.4544055 3.4680226 2.4099194 3.1138474 4.4629608 3.1787384 2.6501012 2.6287451 2.6287451 2.7698394 2.7763499 2.8737894 2.3902362 3.2748602 3.1452398 3.2010514 3.0349702 3.4220008 2.9157652 3.0312592 3.3666218 3.0721229 3.0580853 2.9580723 2.5930385 2.6145345 2.7994594 2.2981968 
Spur_XM_030986771.1                                   2.6414228 2.3350556 1.9437358 2.4966538 2.2083249 2.8051455 2.6613697 2.7265409 2.6514058 2.7619742 2.8159532 2.8315615 2.7119240 2.7086292 3.2857433 2.7356284 2.8110265 2.2783700 2.8326820 3.0152769 2.7011595 2.5891514 2.3060929 2.8319144 3.4955625 2.5861651 0.0000000 3.2827862 3.4893482 2.9928915 2.4160269 3.5046061 2.7545516 2.7711127 2.9362088 2.9731995 3.0814875 3.0790672 3.0490303 2.6952124 3.8337166 3.2144879 3.6820097 3.3429142 2.9672818 3.0859326 3.4433205 3.4586411 3.0245028 4.0736943 3.6726646 3.6582941 2.9030052 3.4618740 2.8737640 
Aque_Aqu2.1.18865_001                                 3.1878129 3.1407624 2.6230609 3.0774161 2.9223900 3.3008763 3.0296015 3.1075883 3.0709799 3.0184093 3.0519421 3.1491084 3.0614166 3.0797701 4.3320485 3.3583777 3.3877817 2.8360507 3.2888597 3.2432760 3.0935346 3.2315454 3.2131005 3.3312607 4.1961150 3.4544055 3.2827862 0.0000000 0.6899543 1.6632684 1.2046158 0.9487734 1.8342053 3.0961504 3.4804377 3.6127022 3.3124900 3.2953159 3.5005718 2.9559593 3.8066870 3.3566101 4.1174666 3.6712406 3.2726089 3.1659197 3.8896331 3.9364948 3.1842027 4.3491940 3.7523635 3.1359505 3.0693444 3.7237429 3.6671730 
Halamb_c45453_g1_i1m.19000                            3.3299663 3.1582565 2.6247235 3.1753607 2.8214267 3.4465323 3.3034084 3.2483230 3.2609997 3.2124030 3.3344134 3.4074491 3.2164402 3.2432562 3.8402750 3.3290145 3.3939709 3.0722513 3.2405459 3.1675557 3.2717474 3.5138586 3.1955173 3.3274083 3.8559840 3.4680226 3.4893482 0.6899543 0.0000000 1.5403605 1.2227291 0.8753576 1.9574224 3.3042190 3.5467527 3.6408324 3.3527007 3.3539734 3.4955829 3.0055820 3.8370184 3.5925941 4.5218194 3.7777692 3.5977713 3.2921156 3.8391246 4.0446562 3.3692720 4.7753034 3.9052875 3.5978071 3.1537485 3.8308973 3.3647926 
Tetwil_g1236.t2                                       2.6432831 2.5980715 1.9925106 2.5756291 2.5617464 3.0085100 2.8044523 2.7223556 2.7343637 2.6549911 2.7609199 2.9331652 2.7160480 2.7460127 3.4628817 3.0724762 2.9917643 2.0316837 3.0765957 3.1701155 2.9722694 2.9444186 2.8877443 3.2861583 3.5880180 2.4099194 2.9928915 1.6632684 1.5403605 0.0000000 0.7783816 1.9516034 1.6336359 2.4685386 3.2467129 3.3290885 3.2076332 3.2462604 3.3195424 2.4847358 3.3211567 3.1438570 3.0616666 2.8678457 2.6544416 2.5361220 3.5092968 3.2808507 3.1594031 3.8824218 3.1869502 2.8515779 2.4740063 3.4047288 3.1635516 
Spolac_c93627_g1_i1_m.9077c93327-g1                   1.6181134 1.5904429 1.9777612 1.9633320 2.0646849 1.8029962 1.8166753 1.7859171 2.1199336 1.7399936 1.6060321 1.9943675 1.8184852 1.7742129 2.2518264 2.2498999 2.3824209 1.9745426 1.8769340 2.0527166 1.8724746 1.9734840 1.9700213 2.3262546 2.6788130 3.1138474 2.4160269 1.2046158 1.2227291 0.7783816 0.0000000 0.9878334 1.4578893 1.8731180 1.9415903 1.9415903 1.9146630 1.8439090 1.9019691 1.7492044 2.7013576 2.5068101 2.4774782 2.8013230 2.5037104 2.0746947 2.9857590 3.0771620 3.0951182 4.1394529 2.7202026 2.5880967 2.4400413 2.6729225 2.0926117 
Xestes_maker-XT_scaffold6026-augustus-gene-0.3-mRNA-1 3.3240142 3.4111813 1.7823924 3.3305268 3.1392438 3.5994553 3.3361428 3.3710782 3.4808593 3.3969231 3.5191120 3.8283098 3.2407983 3.2792118 3.7792393 3.5543264 3.8636013 2.1961845 3.6288775 3.4516440 3.4559559 3.3223011 3.3682846 3.2365700 3.8748876 4.4629608 3.5046061 0.9487734 0.8753576 1.9516034 0.9878334 0.0000000 2.0146115 2.9186471 4.1175503 4.2175741 4.0061306 4.0135629 4.1747290 2.8323034 3.5107944 3.8661266 3.9966024 3.7595221 2.7895225 3.6344479 4.2327722 4.0758237 3.5911000 5.5082807 4.6378862 3.5001532 3.0381564 4.0771241 3.4606459 
Plespi_Pspi_scaffold65_01                             2.2362498 2.2538625 2.3060823 2.1337345 2.4308300 2.2665418 2.3081659 2.0809820 2.1024487 1.9542008 2.0074541 2.0424751 2.0683866 2.0985108 2.6829667 2.5415224 2.6269981 2.3877800 2.3522341 2.5228882 2.4151953 2.2287689 2.3049890 2.7527604 3.5060039 3.1787384 2.7545516 1.8342053 1.9574224 1.6336359 1.4578893 2.0146115 0.0000000 2.2909955 2.5925203 2.5971713 2.5205071 2.5326724 2.5446592 2.3060408 3.4592115 2.8689035 3.0284282 2.9841879 2.9365494 2.5674684 2.8974964 3.0228671 3.0011845 4.1472629 2.8358567 2.8168601 2.5265489 2.8712280 2.3344240 
Tcas_TC014600_001                                     2.3218271 2.2136502 1.5829435 2.1644584 1.9046233 2.5029520 2.3744599 2.4775759 2.4786957 2.4214255 2.4103067 2.4909374 2.3049943 2.3609571 3.0109977 2.4824958 2.5857315 2.2306349 2.4991454 2.8635097 2.6086042 2.4636508 2.3485279 2.3539926 3.5467499 2.6501012 2.7711127 3.0961504 3.3042190 2.4685386 1.8731180 2.9186471 2.2909955 0.0000000 2.6194582 2.6495224 2.6947377 2.6793641 2.6485209 2.2880303 3.5701656 2.7418188 3.4044154 3.0491425 2.8411672 3.0581779 3.1263551 3.1522541 2.7131356 4.0036288 3.3909904 3.1020396 2.7971058 3.3437459 2.2844290 
Tadh_TriadT64013                                      2.5425626 2.4722359 1.6979875 2.6334038 2.7848892 2.7183454 2.6107536 2.5554332 2.6664445 2.5162292 2.6787407 2.7106717 2.5759129 2.5869813 3.2782181 2.5648410 2.6070230 1.6771907 2.7871037 2.6649850 2.7596051 2.5521226 2.4613312 2.7108578 3.1953698 2.6287451 2.9362088 3.4804377 3.5467527 3.2467129 1.9415903 4.1175503 2.5925203 2.6194582 0.0000000 0.0026514 0.4688177 0.4713513 0.4662882 2.4702165 3.1838122 2.7983582 3.1041732 2.9590433 2.3302002 2.6800921 3.3614141 2.9757586 2.8556218 4.1713572 3.3644556 2.9987624 2.6647859 3.1651177 2.8797231 
TrH2_TrispH2_007312-RA                                2.6775444 2.4966035 1.6979875 2.6603724 2.8412670 2.7801797 2.7333306 2.6100055 2.7171711 2.5717247 2.7059999 2.7613944 2.6324586 2.6222679 3.2545893 2.5936306 2.6218936 1.6746235 2.8471412 2.6974928 2.8020674 2.5976520 2.4872578 2.8031909 3.2097319 2.6287451 2.9731995 3.6127022 3.6408324 3.3290885 1.9415903 4.2175741 2.5971713 2.6495224 0.0026514 0.0000000 0.4848781 0.4874074 0.4793806 2.4989188 3.2371967 2.8163482 3.1017349 2.9456444 2.3283988 2.6965299 3.3943559 3.0065871 2.8658574 4.1844153 3.3328726 3.0096057 2.6647859 3.1475598 2.9797186 
Hhon_g01899.t1                                        2.6380399 2.5763703 1.6357479 2.4270854 2.5855419 2.8613560 2.6139443 2.6230246 2.7425414 2.6366254 2.7785640 2.8198139 2.6447509 2.6701276 3.2378654 2.5856848 2.6125869 1.7462421 2.7192163 2.7729983 2.7537464 2.5322354 2.4027161 2.7112012 3.2977814 2.7698394 3.0814875 3.3124900 3.3527007 3.2076332 1.9146630 4.0061306 2.5205071 2.6947377 0.4688177 0.4848781 0.0000000 0.0076042 0.2249496 2.4710716 3.1963954 2.8955272 3.1486470 2.9801738 2.3162640 2.5941686 3.4799581 3.0171149 2.9282240 4.4708198 3.3144037 2.9164251 2.5604229 3.1434679 2.9607624 
HoiH04_mRNA8495                                       2.6421438 2.5678915 1.6448889 2.4373391 2.6137871 2.8668124 2.6216891 2.6368371 2.7563455 2.6549553 2.7910538 2.8359730 2.6555503 2.6851380 3.2654727 2.6021785 2.6291040 1.7515430 2.7139020 2.7994438 2.7479736 2.5349078 2.4033382 2.7471540 3.3074596 2.7763499 3.0790672 3.2953159 3.3539734 3.2462604 1.8439090 4.0135629 2.5326724 2.6793641 0.4713513 0.4874074 0.0076042 0.0000000 0.2299110 2.4626376 3.2081279 2.9241266 3.1725488 2.9988177 2.3230064 2.6067076 3.4826904 3.0225917 2.9297746 4.4688634 3.3058354 2.9173418 2.5331076 3.1330239 2.9992350 
HoiH23_PlH23_001465-RA                                2.6084890 2.5703535 1.6323462 2.5505369 2.6085288 2.8820775 2.6465845 2.6287685 2.7487071 2.7039970 2.7071837 2.8348660 2.6300619 2.6690175 3.3402080 2.6841569 2.6722215 1.7650959 2.8156665 2.7841677 2.8623321 2.6397396 2.4522409 2.9082814 3.3268029 2.8737894 3.0490303 3.5005718 3.4955829 3.3195424 1.9019691 4.1747290 2.5446592 2.6485209 0.4662882 0.4793806 0.2249496 0.2299110 0.0000000 2.4781295 3.2467850 2.8232273 3.1515544 2.9328909 2.3546727 2.5779650 3.4981733 2.9810011 2.9144393 4.3650390 3.2683345 2.9212504 2.5305136 3.1602783 2.9449432 
Ocar_g7403                                            2.0102570 2.0066665 2.0820468 2.1242309 2.2461110 1.9771292 1.9437405 1.9222504 2.1093882 2.0039040 2.0866442 2.1068884 1.9752271 1.9807404 2.2217787 2.1691560 2.2065496 1.7488278 2.1539898 2.2773817 2.1664900 2.1213168 2.0062342 2.4217230 2.6140191 2.3902362 2.6952124 2.9559593 3.0055820 2.4847358 1.7492044 2.8323034 2.3060408 2.2880303 2.4702165 2.4989188 2.4710716 2.4626376 2.4781295 0.0000000 2.9909790 2.5135869 2.4541431 2.5273483 2.4983313 2.2530056 2.8074548 3.0771848 3.0017044 3.6586025 2.3778704 2.5262927 2.0031058 2.4869716 2.1693581 
Horcal_Hcv1.av93.c4.g179.i1                           3.4674915 3.1154129 2.5003582 3.3163024 2.9306880 3.1699548 2.9506166 2.9449656 2.9309467 2.9582187 3.0131265 3.0364659 2.9717392 2.9407819 2.8540269 3.1050187 3.1127333 2.6992770 3.3516953 3.1513941 3.0723508 3.1227435 3.3988804 2.9498236 3.8009231 3.2748602 3.8337166 3.8066870 3.8370184 3.3211567 2.7013576 3.5107944 3.4592115 3.5701656 3.1838122 3.2371967 3.1963954 3.2081279 3.2467850 2.9909790 0.0000000 1.0931890 1.4489069 1.2230547 1.4690806 1.9484834 1.5625554 1.6576461 1.6211567 1.4842555 3.8070824 3.6921770 3.1760097 3.4277215 3.4147964 
Bolinf_Binf_sb1263366                                 2.9093131 2.6043044 2.2584964 2.8204442 3.0250187 2.6398022 2.3258088 2.5843147 2.6211904 2.5027376 2.6121244 2.5982577 2.4701369 2.4621313 3.0451137 2.6210116 2.6368463 2.0904773 2.8192416 2.7421898 2.8333179 2.9000154 2.6306106 2.9801378 3.1052402 3.1452398 3.2144879 3.3566101 3.5925941 3.1438570 2.5068101 3.8661266 2.8689035 2.7418188 2.7983582 2.8163482 2.8955272 2.9241266 2.8232273 2.5135869 1.0931890 0.0000000 0.3991660 0.4914452 0.7731625 1.2172677 1.1811289 1.1342395 1.1528595 1.9229124 3.0606651 3.1663300 2.4062840 3.1867190 2.9332454 
Beraby_Baby_sb345577                                  3.4255502 3.1782463 2.3165949 3.3439426 2.9375689 3.0857595 2.7009920 2.8284072 2.8694334 2.8546602 2.9117495 2.8603817 2.8397221 2.8209061 3.0531823 3.1305096 3.1729752 2.7347651 3.2353471 3.0787007 3.0635750 3.2627719 3.0898165 3.2387055 3.5799675 3.2010514 3.6820097 4.1174666 4.5218194 3.0616666 2.4774782 3.9966024 3.0284282 3.4044154 3.1041732 3.1017349 3.1486470 3.1725488 3.1515544 2.4541431 1.4489069 0.3991660 0.0000000 0.6682942 1.0493622 1.5282696 1.3017086 1.4032401 1.2848995 2.4925108 3.5836600 3.3546250 3.0744549 3.9457650 3.3164236 
Mertsp_Mesp_sb601783                                  3.0060005 2.6922540 2.2087362 2.8136543 2.8863072 2.6380391 2.3738890 2.3850196 2.4578136 2.4618700 2.5635212 2.6059058 2.3741848 2.3617460 2.7925722 2.6342821 2.6130737 2.2010589 2.6417427 2.6332439 2.7216204 2.7378469 2.6286048 2.6267601 3.3894097 3.0349702 3.3429142 3.6712406 3.7777692 2.8678457 2.8013230 3.7595221 2.9841879 3.0491425 2.9590433 2.9456444 2.9801738 2.9988177 2.9328909 2.5273483 1.2230547 0.4914452 0.6682942 0.0000000 0.5613641 1.0147518 1.2134196 0.9928296 1.1740620 2.2622654 3.2638499 3.0761964 2.8049897 3.4861663 2.8798445 
Lampan_Lpan_15939_01                                  2.5619651 2.3546686 2.2581506 2.7619936 2.5472703 2.2980495 2.1819536 2.0898288 2.1481517 2.1778726 2.1250049 2.0957832 2.1298882 2.1111945 1.5284637 2.1657343 2.1928883 2.1100430 2.2997417 2.3140615 2.4719279 2.5736974 2.3660686 2.2253603 3.3628538 3.4220008 2.9672818 3.2726089 3.5977713 2.6544416 2.5037104 2.7895225 2.9365494 2.8411672 2.3302002 2.3283988 2.3162640 2.3230064 2.3546727 2.4983313 1.4690806 0.7731625 1.0493622 0.5613641 0.0000000 1.0449141 1.1662832 1.0102230 1.1677352 2.2821086 3.0043868 2.7694922 2.8475791 3.2749554 2.4301788 
Eupdun_Edun_sb10675963                                2.8937567 2.5855672 2.0714404 2.7745048 2.3730506 2.4647670 2.3603096 2.5343348 2.5038631 2.4900778 2.3725762 2.3923355 2.3816611 2.3342762 3.0110223 2.5980550 2.5722518 2.0626008 2.5828374 2.6762359 2.6819226 2.6168965 2.9145277 2.5149953 3.2264829 2.9157652 3.0859326 3.1659197 3.2921156 2.5361220 2.0746947 3.6344479 2.5674684 3.0581779 2.6800921 2.6965299 2.5941686 2.6067076 2.5779650 2.2530056 1.9484834 1.2172677 1.5282696 1.0147518 1.0449141 0.0000000 1.7097902 1.3375093 1.7277812 3.0212850 3.1801301 3.0738200 2.6726136 3.3454274 2.7867739 
Vmul_Simscaffold9887_01                               3.3886515 3.0440264 2.5135252 3.0551682 3.0765251 3.1434763 2.9031046 2.9107031 2.9199530 2.8919371 2.9411811 2.9417905 2.7778774 2.8243708 3.3762910 3.0702852 3.0220804 2.4550622 2.9818298 3.1590853 3.1696631 3.1197002 3.0288161 3.2976652 3.5427186 3.0312592 3.4433205 3.8896331 3.8391246 3.5092968 2.9857590 4.2327722 2.8974964 3.1263551 3.3614141 3.3943559 3.4799581 3.4826904 3.4981733 2.8074548 1.5625554 1.1811289 1.3017086 1.2134196 1.1662832 1.7097902 0.0000000 0.4863092 0.4332831 2.4902685 3.6189495 3.6864093 3.2993419 4.0629433 3.4230304 
Coeast_Cast_sb814686                                  3.2310976 2.9955724 2.6441431 2.7808873 3.0708866 2.8807640 2.6986788 2.7456045 2.7468299 2.7996677 2.7967106 2.7221292 2.5797349 2.5964551 3.3859942 2.9390236 2.8752768 2.4217608 2.9137880 3.0920355 3.0253288 3.0215549 2.9041040 3.2632317 3.9686586 3.3666218 3.4586411 3.9364948 4.0446562 3.2808507 3.0771620 4.0758237 3.0228671 3.1522541 2.9757586 3.0065871 3.0171149 3.0225917 2.9810011 3.0771848 1.6576461 1.1342395 1.4032401 0.9928296 1.0102230 1.3375093 0.4863092 0.0000000 0.0764595 2.7005554 3.8776927 3.9518787 3.3014328 4.5366609 3.2654768 
Coemet_Cmet_scaffold6484_01                           2.8456289 2.5819985 2.6470663 2.5765386 2.8797354 2.7004882 2.5506708 2.4254499 2.4093503 2.5591768 2.5497407 2.5100691 2.2995809 2.3450755 2.6462378 2.7078931 2.5670426 2.3527850 2.5789720 2.7407488 2.6459703 2.8237828 2.7360512 2.9184542 3.4717158 3.0721229 3.0245028 3.1842027 3.3692720 3.1594031 3.0951182 3.5911000 3.0011845 2.7131356 2.8556218 2.8658574 2.9282240 2.9297746 2.9144393 3.0017044 1.6211567 1.1528595 1.2848995 1.1740620 1.1677352 1.7277812 0.4332831 0.0764595 0.0000000 2.0791114 3.4893381 3.5856139 3.1647353 3.8565613 2.7494667 
Pbac_sb2641614                                        3.7450852 3.6795324 3.3950072 4.1385840 3.6849034 3.4389657 3.4982913 3.2919170 3.3637409 3.3356331 3.2152413 3.2168160 3.4640789 3.4396959 4.2901019 3.9475985 3.7245595 3.8998279 4.1025486 3.6816971 3.7567509 3.7349920 4.0452236 4.1278306 4.8387155 3.0580853 4.0736943 4.3491940 4.7753034 3.8824218 4.1394529 5.5082807 4.1472629 4.0036288 4.1713572 4.1844153 4.4708198 4.4688634 4.3650390 3.6586025 1.4842555 1.9229124 2.4925108 2.2622654 2.2821086 3.0212850 2.4902685 2.7005554 2.0791114 0.0000000 4.2665184 4.1763286 4.0283903 4.0751475 4.5619482 
Scil_scict006120.3                                    3.1850962 3.2291396 2.8259986 3.4283905 2.9619570 3.0990762 3.0656995 3.0074650 3.0266453 3.0240959 2.9579904 3.1713324 3.1134828 3.0892189 4.4131998 3.1832252 3.1859260 2.8367506 3.2736484 3.2491838 3.0990141 3.3672050 2.8321805 2.8634910 3.6703410 2.9580723 3.6726646 3.7523635 3.9052875 3.1869502 2.7202026 4.6378862 2.8358567 3.3909904 3.3644556 3.3328726 3.3144037 3.3058354 3.2683345 2.3778704 3.8070824 3.0606651 3.5836600 3.2638499 3.0043868 3.1801301 3.6189495 3.8776927 3.4893381 4.2665184 0.0000000 0.7087207 0.7589410 1.1024046 3.6625857 
Gracom_Gcom_scaffold8043_01                           2.8896325 2.9414918 2.7264902 3.0534981 2.8222864 2.8884855 2.6755396 2.7021275 2.7328167 2.6805491 2.7037904 2.9209939 2.7881504 2.7501190 4.1524761 2.9500927 2.8833384 2.4530692 3.0007500 2.9496840 2.7990463 3.0346212 2.5549523 3.0349391 3.3351598 2.5930385 3.6582941 3.1359505 3.5978071 2.8515779 2.5880967 3.5001532 2.8168601 3.1020396 2.9987624 3.0096057 2.9164251 2.9173418 2.9212504 2.5262927 3.6921770 3.1663300 3.3546250 3.0761964 2.7694922 3.0738200 3.6864093 3.9518787 3.5856139 4.1763286 0.7087207 0.0000000 0.6614502 1.0177274 3.5182622 
Leuniv_Lniv_C808138_01                                2.6236296 2.7610883 2.6419062 2.8710079 2.4983560 2.6020487 2.3862441 2.4981203 2.4933519 2.4519368 2.4206533 2.6292033 2.4340928 2.4594471 2.8645184 2.4361425 2.4743596 2.6741637 2.6004142 2.6246670 2.4437448 2.6538529 2.5627609 2.4609659 3.3141266 2.6145345 2.9030052 3.0693444 3.1537485 2.4740063 2.4400413 3.0381564 2.5265489 2.7971058 2.6647859 2.6647859 2.5604229 2.5331076 2.5305136 2.0031058 3.1760097 2.4062840 3.0744549 2.8049897 2.8475791 2.6726136 3.2993419 3.3014328 3.1647353 4.0283903 0.7589410 0.6614502 0.0000000 0.9405470 2.9488647 
Lcom_lcpid23573                                       3.2496492 3.3263695 2.8923619 3.3018030 3.0068691 2.9650982 2.7862033 2.8442105 2.9470919 2.8644789 2.9525077 3.1810571 2.9020490 2.9201252 3.7539042 2.8515824 2.8694395 2.7718400 3.1411138 3.0269391 2.9262512 3.0692818 2.9794679 2.8977870 3.3243553 2.7994594 3.4618740 3.7237429 3.8308973 3.4047288 2.6729225 4.0771241 2.8712280 3.3437459 3.1651177 3.1475598 3.1434679 3.1330239 3.1602783 2.4869716 3.4277215 3.1867190 3.9457650 3.4861663 3.2749554 3.3454274 4.0629433 4.5366609 3.8565613 4.0751475 1.1024046 1.0177274 0.9405470 0.0000000 3.5766932 
Cscu_XM_023371823.1                                   2.4595348 2.0517901 1.1045859 1.8659982 1.6210658 2.5183627 2.4767877 2.6022335 2.5997259 2.5687683 2.5635212 2.5964941 2.4987067 2.5051593 3.0687911 2.5950913 2.6604650 1.7996331 2.6728315 3.0082961 2.6529995 2.6279940 2.1309358 2.6727662 3.6337390 2.2981968 2.8737640 3.6671730 3.3647926 3.1635516 2.0926117 3.4606459 2.3344240 2.2844290 2.8797231 2.9797186 2.9607624 2.9992350 2.9449432 2.1693581 3.4147964 2.9332454 3.3164236 2.8798445 2.4301788 2.7867739 3.4230304 3.2654768 2.7494667 4.5619482 3.6625857 3.5182622 2.9488647 3.5766932 0.0000000 
