60
Hsap_ENST00000371663                                0.0000000 1.5219251 1.8260188 1.5016722 1.8191434 0.9235714 1.6034767 1.7304019 1.1434872 0.8011814 2.5338758 2.4159150 2.3223190 1.7461555 2.2382667 2.2845769 2.5075738 1.8693137 2.4826825 1.9723562 2.0840748 1.0308169 2.1749970 1.5578415 1.9426482 2.0338665 0.9474189 1.8139674 1.9145607 0.9607769 2.0863289 2.1439904 1.9843926 1.9837501 2.1219217 1.8846358 2.2979271 1.6949869 2.6674136 1.2037311 2.0791499 2.3466909 1.9305476 2.1053360 1.9261052 1.9394274 1.9393319 1.9657613 1.8519947 1.8760848 3.0592930 2.2445998 2.3041626 2.3021822 2.7239445 2.5421326 2.4766335 1.3266840 1.7969989 4.0857605 
Bralan_BLAG14000866_1                               1.5219251 0.0000000 1.8064324 1.5800742 2.0401414 0.9994536 1.5704837 1.6563382 1.2100329 0.7312529 2.6041606 2.3773462 2.6828822 1.8994354 2.2358036 2.3563185 2.6696505 1.8964850 2.5482714 1.8669110 1.9719692 0.9244078 1.9684844 1.4649364 1.7162152 1.9215737 0.9070535 2.0974089 2.1238875 1.0688522 1.9621493 1.9817448 1.8480399 1.8611725 2.0270279 1.7843911 2.1653620 1.7696977 2.4020001 1.2418349 2.2990561 2.3561330 1.9353664 2.0232259 2.0021674 1.9826919 2.0974610 2.0778920 2.0667545 2.0793926 2.5350512 1.9760939 2.4249939 2.2607757 2.5233823 2.2078816 2.8145777 1.3316981 1.9568246 4.1125005 
Spur_XM_776235.5                                    1.8260188 1.8064324 0.0000000 1.3795302 2.0567291 1.0632681 1.8284517 1.8202725 1.4365360 0.7896057 2.4837183 2.3804256 2.5322283 1.9318246 2.3913706 2.4385722 2.4695937 2.0130297 2.3316869 1.9211763 1.9629671 0.8855704 2.0127436 1.6532085 1.7465462 1.9717561 0.8973223 2.2160531 2.1087650 1.2388492 2.1384878 2.2639542 2.3146420 2.1532990 2.2079332 2.1319038 2.3382192 1.7074233 3.1307986 1.3849079 2.5759344 2.8281757 1.9431132 1.9520420 2.1710462 2.2049334 2.2614821 2.2952231 2.3134892 2.3051912 3.1340126 2.2392395 2.5694906 2.5184895 2.9546610 3.0905797 2.9120391 1.3112126 1.7734389 4.4287420 
Skow_XM_002740259.2                                 1.5016722 1.5800742 1.3795302 0.0000000 1.8728994 0.8628662 1.3727057 1.6121766 0.9129872 0.6034052 2.0757038 2.1438869 2.0800798 1.5551312 1.9516372 2.0634086 2.1351363 1.5642082 2.0025111 1.8938830 1.9581071 0.8211639 2.0003652 1.4086911 1.5444286 1.6830902 0.8789503 1.6576592 1.6860055 0.8100057 1.6141781 1.5375336 1.5381237 1.5353754 1.6693753 1.6303968 2.3886228 1.7033558 2.5996157 1.3535752 2.2325835 2.0890002 1.6696368 1.6912579 1.8692459 1.8998046 2.0067728 1.9436447 1.8688942 1.8682956 2.5413571 1.8198417 2.1360408 1.7898481 2.1901059 2.1976349 2.5606660 1.1895485 1.8110810 3.8937241 
Tcas_TC001511_001                                   1.8191434 2.0401414 2.0567291 1.8728994 0.0000000 0.7000133 1.4120623 1.8158160 1.2451951 0.6871461 2.3189520 2.1971870 2.3110428 1.6670949 1.9278254 1.9625624 2.2136447 1.6553402 2.0687616 2.2472417 2.2499121 1.0805274 2.2622749 1.6349330 2.1419733 2.3472889 1.0731186 1.8381844 1.9279515 1.0918701 1.7783262 1.8967607 1.8305526 1.7647172 2.0464356 1.9531645 2.8568176 1.8040395 3.0602471 1.6249857 2.8555585 2.7842637 2.0720080 2.1946315 2.1519851 2.1661154 2.0456531 2.0425902 2.1407383 2.1591985 2.9540720 2.1309154 2.6078080 2.3824927 2.9340397 2.6965075 2.3458600 1.2073802 2.0658915 4.5623651 
Dpul_mRNA15648                                      0.9235714 0.9994536 1.0632681 0.8628662 0.7000133 0.0000000 0.7167403 0.8484012 0.7675535 0.8017420 1.1917758 1.2983624 1.1544265 1.1723695 1.2085303 1.1845445 1.2771238 1.1178484 1.1537082 1.2612320 1.1763619 1.0898595 1.2158601 1.1300377 1.0875491 1.0835840 0.9464563 1.2155631 1.1776938 1.0278370 1.0669387 1.1115207 1.1384538 1.0541996 1.1091458 0.9272341 1.2577890 1.1827305 1.5821118 1.4112458 1.3974189 1.4177198 1.1930241 1.2450920 1.1022865 1.1162405 1.1512793 1.1606592 1.1521053 1.1521053 1.7599723 1.2573771 1.4330141 1.2534199 1.3465583 1.3047749 1.2778223 1.3611495 1.5803271 3.1806281 
Cscu_XM_023381590.1                                 1.6034767 1.5704837 1.8284517 1.3727057 1.4120623 0.7167403 0.0000000 1.3596520 0.8733577 0.6849416 2.2146845 2.2305458 2.1876868 1.6688944 2.0480430 2.1089918 2.5406540 1.7532431 2.1988140 2.0421952 2.0338562 0.8125937 2.0533470 1.4540397 1.6171377 1.7876461 0.9447270 2.0149237 1.9611785 0.9408982 1.9835861 2.1117786 1.9587260 2.0020611 2.1962112 1.5559300 2.4055715 1.4972519 2.6782203 1.3385486 2.7280428 2.5319784 2.0842839 2.0878343 1.8428446 1.8582332 1.8163723 1.8313290 1.8433108 1.8786270 3.0397590 2.0385556 2.2655079 2.4531329 3.0395392 2.6703781 2.6358326 1.2582604 2.1786566 4.8950148 
Acagra_model.g20816.t1                              1.7304019 1.6563382 1.8202725 1.6121766 1.8158160 0.8484012 1.3596520 0.0000000 0.8817053 0.7573878 2.4188431 2.2178506 2.2535343 1.5873298 2.0930008 2.1669595 2.3727322 1.7648921 2.1574986 1.9924400 2.0342972 0.8737405 2.0223445 1.5346601 1.6257132 1.7963245 1.0225921 2.1254118 2.0862434 0.9760495 1.8797925 1.9462395 1.8933164 1.8698705 1.9630280 1.2759586 2.2883128 1.6585102 2.8156936 1.4301813 2.2242283 2.5634127 2.1350220 2.1393457 2.0716945 2.0801288 2.1336319 2.1556002 2.1051251 2.1175656 2.6361712 2.1624399 2.4493870 2.5487505 2.9223594 2.4976797 2.4735672 1.4208540 2.0820323 3.8139262 
Ctel_gnl_WGS_AMQN_CAPTEDRAFT_mRNA93452              1.1434872 1.2100329 1.4365360 0.9129872 1.2451951 0.7675535 0.8733577 0.8817053 0.0000000 0.7104704 1.3778433 1.3006516 1.4332611 1.4176502 1.3272682 1.4190946 1.4558030 1.4206684 1.4133992 1.6182350 1.5387548 1.0933749 1.6381536 1.8361345 1.2542842 1.5481677 1.0103066 1.5709148 1.5667075 0.8866000 1.4146278 1.4371462 1.3648730 1.3616881 1.2769836 0.9253222 1.6906714 1.4322152 1.8640471 1.3600587 1.9212399 1.6683541 1.4315324 1.3968898 1.5541738 1.5600331 1.6391986 1.6324124 1.5021262 1.5251354 1.9305628 1.4833078 1.6234387 1.4823123 1.8684864 1.7238441 1.4229715 1.2155384 1.6285011 3.2983683 
Pbac_sb2667135                                      0.8011814 0.7312529 0.7896057 0.6034052 0.6871461 0.8017420 0.6849416 0.7573878 0.7104704 0.0000000 0.0000010 0.2204424 0.2968565 0.2968565 0.2147933 0.2692043 0.3051559 0.2906163 0.3199230 0.7029338 0.7273795 0.7811242 0.7278991 0.7154777 0.9180783 0.9180783 0.7921749 0.9096616 0.8611657 0.8629153 0.8231115 0.9504650 0.9377918 0.8318887 1.0774187 0.7179782 1.1765233 1.1515685 1.0682767 1.1650940 1.1719770 1.0534858 1.0217634 1.1474266 0.9513544 0.9254402 0.8925054 0.8616049 0.8142894 0.8142894 2.8511722 0.9478975 1.1595725 1.0510407 1.0971227 1.0447797 0.3109830 1.3531522 1.4410860 0.0000010 
Horcal_Hcv1.av93.c9.g385.i2                         2.5338758 2.6041606 2.4837183 2.0757038 2.3189520 1.1917758 2.2146845 2.4188431 1.3778433 0.0000010 0.0000000 0.6346026 0.7903859 0.5712359 0.6681613 0.7064643 0.8450060 0.6207865 0.7894956 2.3045952 1.9555629 1.0497236 2.0580079 1.3863466 2.2329488 2.3754821 0.9017891 2.6560772 2.8441266 1.2294580 2.6737307 2.8216709 2.6268759 2.7649579 3.2982367 2.6563110 2.6342857 2.0255394 3.0465128 1.4296529 2.8706388 2.7226939 2.6389271 2.8684329 2.2599216 2.2415214 2.0674716 2.0794996 2.0778721 2.0837788 3.4773699 2.5504836 2.6809678 2.7128313 2.9703785 3.4705579 0.8737071 1.4647942 2.1026212 5.8655232 
Beraby_Baby_sb348478                                2.4159150 2.3773462 2.3804256 2.1438869 2.1971870 1.2983624 2.2305458 2.2178506 1.3006516 0.2204424 0.6346026 0.0000000 0.7681223 0.5571805 0.6037842 0.6357387 0.9106336 0.6144041 0.8454823 2.2100177 2.0744870 1.0333157 2.0081312 1.5103200 2.2884880 2.5566797 0.9591606 2.5980727 2.6236541 1.2339350 2.7126267 2.8537992 2.7229011 2.8749235 3.2525031 2.6509215 2.6175691 1.9152050 3.0989119 1.4067199 2.8014130 2.4746542 2.5487854 2.8276238 2.2248548 2.2317081 2.0631778 2.0963797 2.0576101 2.0753141 3.5452652 2.6938280 2.6857121 2.5843978 2.6776920 3.5264004 0.7303406 1.4474660 2.0270061 5.9510816 
Coeast_Cast_sb803064                                2.3223190 2.6828822 2.5322283 2.0800798 2.3110428 1.1544265 2.1876868 2.2535343 1.4332611 0.2968565 0.7903859 0.7681223 0.0000000 0.0354389 0.7110223 0.7418238 0.4664745 0.5365433 0.7962123 2.3816656 2.3012855 1.1415506 2.3122103 1.4585368 2.1873241 2.3419015 0.9629162 2.7274446 2.7511387 1.1688101 2.5694558 2.5868193 2.5369165 2.7108306 2.9290904 2.7130775 2.6627057 1.9195580 2.9707505 1.4805805 2.9092003 2.5400821 2.5516360 2.7801226 2.4844993 2.4886427 2.3378271 2.3892065 2.3034039 2.3247602 3.7831966 2.6501577 2.5198077 2.6739438 2.8952203 3.0911788 0.9234674 1.2023862 2.1730207 5.8743864 
Coemet_Cmet_C599113_01                              1.7461555 1.8994354 1.9318246 1.5551312 1.6670949 1.1723695 1.6688944 1.5873298 1.4176502 0.2968565 0.5712359 0.5571805 0.0354389 0.0000000 0.4724224 0.4883665 0.3283432 0.4269683 0.5617246 1.8462049 1.8040797 1.1223854 1.6984286 1.4198724 1.6451944 1.8735248 0.9586290 2.0162429 1.9110652 1.0623069 1.8012555 1.8317341 1.7905676 1.9249083 2.1212799 1.8094717 2.1949243 1.9255295 2.2038732 1.4970456 2.2263657 2.0016779 1.7879019 1.9075199 1.8274955 1.8304424 1.7564951 1.7745340 1.7237030 1.7436675 2.9059021 1.9777250 1.8771008 2.0367998 2.1262123 2.5727298 0.6039081 1.2023862 2.0106822 4.9151238 
Bolinf_Binf_sb1268397                               2.2382667 2.2358036 2.3913706 1.9516372 1.9278254 1.2085303 2.0480430 2.0930008 1.3272682 0.2147933 0.6681613 0.6037842 0.7110223 0.4724224 0.0000000 0.0081258 0.8408218 0.4949835 0.7770983 2.3845132 2.1625886 1.1891563 2.0207149 1.4993019 2.1332180 2.2824059 0.9378434 2.3001182 2.3646014 1.0951858 2.3605921 2.5162252 2.4070442 2.4585229 2.5870758 2.3604672 2.3854323 1.8068801 2.8119375 1.4824806 2.5609114 2.4754415 2.2894227 2.4729026 2.0377728 2.0240867 1.8402406 1.9069419 1.8897820 1.9088215 3.3245060 2.3328045 2.4488242 2.6148608 2.6424472 2.9988743 0.7927826 1.2418066 2.0416084 5.7172124 
Mertsp_Mesp_sb575570                                2.2845769 2.3563185 2.4385722 2.0634086 1.9625624 1.1845445 2.1089918 2.1669595 1.4190946 0.2692043 0.7064643 0.6357387 0.7418238 0.4883665 0.0081258 0.0000000 0.9018223 0.5208974 0.8073832 2.4940928 2.2587763 1.2530321 2.0759097 1.4993019 2.2454632 2.3945169 0.9760872 2.3703559 2.4398910 1.1015339 2.4528509 2.6196992 2.4998897 2.5673471 2.7481873 2.4381801 2.4822411 1.8740815 2.9206129 1.4754477 2.7120457 2.5312407 2.3928504 2.5967721 2.0697836 2.0551719 1.8618240 1.9326497 1.9222765 1.9425622 3.3481638 2.4425985 2.5546522 2.7405390 2.7426042 2.9988743 0.7766012 1.3038818 2.0416084 5.6402397 
Vmul_Simscaffold7061_01                             2.5075738 2.6696505 2.4695937 2.1351363 2.2136447 1.2771238 2.5406540 2.3727322 1.4558030 0.3051559 0.8450060 0.9106336 0.4664745 0.3283432 0.8408218 0.9018223 0.0000000 0.6942007 0.9313264 2.3600259 2.2148832 1.1296041 2.2088196 1.4871616 2.3151861 2.4474203 0.9485181 2.5940223 2.5305443 1.1252653 2.4392282 2.6060438 2.5295480 2.5572575 2.8749615 2.7929775 2.5608344 1.8453701 2.9197276 1.5156819 2.8347855 2.6275190 2.4650392 2.7025484 2.4216801 2.4145729 2.3366748 2.3823358 2.2414175 2.2477748 3.6476261 2.4810013 2.4491517 2.7093812 2.6429335 3.0613967 0.9214325 1.3321293 2.3152012 5.8018813 
Lampan_Lpan_2666_01                                 1.8693137 1.8964850 2.0130297 1.5642082 1.6553402 1.1178484 1.7532431 1.7648921 1.4206684 0.2906163 0.6207865 0.6144041 0.5365433 0.4269683 0.4949835 0.5208974 0.6942007 0.0000000 0.6466537 1.9763820 1.8113702 1.1632753 1.8431001 1.5214873 1.7293833 1.9106507 0.9273652 1.9114045 1.8826704 1.1306821 1.8675921 1.9532639 1.9143698 1.9057628 2.0015679 2.1395062 2.2614122 1.7533550 2.4228370 1.3764736 2.2374372 1.9436921 1.9627896 2.0471545 1.9935943 1.9644795 1.8383421 1.8709890 1.8185174 1.8391753 2.8055728 2.1698858 2.1500780 2.1700404 2.3391806 2.4473413 0.7264595 1.3859834 1.9149902 5.4411770 
Eupdun_Edun_sb10678908                              2.4826825 2.5482714 2.3316869 2.0025111 2.0687616 1.1537082 2.1988140 2.1574986 1.4133992 0.3199230 0.7894956 0.8454823 0.7962123 0.5617246 0.7770983 0.8073832 0.9313264 0.6466537 0.0000000 2.4267950 2.1029370 1.1830637 2.2796814 1.5097547 2.3354285 2.3994656 1.0033506 2.4857030 2.6048878 1.2341646 2.5524505 2.5681246 2.5940303 2.6704105 2.8093661 2.5696026 2.5260901 1.6602947 3.0361535 1.4342613 2.6666309 2.7417003 2.4749668 2.5339780 2.3953361 2.3703275 2.2184372 2.2279418 2.2119533 2.2278032 3.4535201 2.4584627 2.3207946 2.6868509 2.8524586 3.0239394 0.9638615 1.2173087 2.2909761 5.9655317 
Scil_scict016830.1                                  1.9723562 1.8669110 1.9211763 1.8938830 2.2472417 1.2612320 2.0421952 1.9924400 1.6182350 0.7029338 2.3045952 2.2100177 2.3816656 1.8462049 2.3845132 2.4940928 2.3600259 1.9763820 2.4267950 0.0000000 0.4785399 0.3802932 0.4686253 0.5550320 1.7952591 1.8833670 0.8434455 2.1761984 2.1341241 1.0956415 2.0539138 2.0625427 2.0268603 2.0794672 2.4051781 2.0437088 2.3727325 1.7251724 2.7887479 1.4230708 2.5375953 2.4789713 2.2960700 2.4579971 1.9567320 1.9639974 2.0138145 1.9857259 1.8645398 1.8893861 3.1743730 2.2562544 2.6113021 2.7365569 2.7570933 2.6730964 2.6126416 1.4115623 1.9278186 5.0514671 
Lcom_lcpid62076                                     2.0840748 1.9719692 1.9629671 1.9581071 2.2499121 1.1763619 2.0338562 2.0342972 1.5387548 0.7273795 1.9555629 2.0744870 2.3012855 1.8040797 2.1625886 2.2587763 2.2148832 1.8113702 2.1029370 0.4785399 0.0000000 0.3846004 0.5918448 0.6288770 1.6068206 1.6809125 0.7644264 2.0862691 2.0430086 1.0027570 2.0270390 2.0088141 1.9740490 1.9789621 2.2334408 2.1652716 2.3839718 1.7087052 2.7274962 1.3766550 2.5070340 2.2860552 2.2670502 2.4688487 2.1556170 2.1784863 2.1495392 2.0906056 1.9931667 1.9747995 3.0799378 2.3101956 2.5055637 2.7386743 2.8814299 2.2189854 2.4853775 1.3628703 1.8623637 6.0857755 
Clacor_Ccor_C522929_01                              1.0308169 0.9244078 0.8855704 0.8211639 1.0805274 1.0898595 0.8125937 0.8737405 1.0933749 0.7811242 1.0497236 1.0333157 1.1415506 1.1223854 1.1891563 1.2530321 1.1296041 1.1632753 1.1830637 0.3802932 0.3846004 0.0000000 0.3949310 0.4081179 0.8838197 0.8816502 0.9082367 1.0817477 0.9708020 0.9285007 0.9034919 0.8631605 0.9164176 0.8433480 0.9863222 0.9468833 1.2276855 1.2042806 1.4807408 1.3972762 1.3180997 1.1431283 1.0206322 1.1534240 0.9300575 0.9273120 0.9631526 0.9356975 0.9031126 0.9031126 1.3111782 0.9689443 1.0069965 1.1930890 1.1298906 1.0079861 1.2074535 1.0307890 1.4582537 1.7524508 
Gracom_Gcom_C558042_01                              2.1749970 1.9684844 2.0127436 2.0003652 2.2622749 1.2158601 2.0533470 2.0223445 1.6381536 0.7278991 2.0580079 2.0081312 2.3122103 1.6984286 2.0207149 2.0759097 2.2088196 1.8431001 2.2796814 0.4686253 0.5918448 0.3949310 0.0000000 0.6207079 1.7126483 1.7605107 0.8743750 2.1306802 2.1169020 0.9662906 2.0366763 2.1059737 1.9866609 2.0740008 2.4079033 2.1666779 2.2455484 1.7799845 2.7486259 1.3267478 2.5322199 2.3874019 2.2244747 2.3521526 2.1943632 2.2036892 2.0619970 2.0465331 1.9982678 2.0045890 3.0085495 2.3360669 2.7564905 2.7678336 2.7947739 2.6861608 2.3529618 1.3095929 1.8252227 6.4546315 
Leuniv_Lniv_scaffold7588_01                         1.5578415 1.4649364 1.6532085 1.4086911 1.6349330 1.1300377 1.4540397 1.5346601 1.8361345 0.7154777 1.3863466 1.5103200 1.4585368 1.4198724 1.4993019 1.4993019 1.4871616 1.5214873 1.5097547 0.5550320 0.6288770 0.4081179 0.6207079 0.0000000 1.1119911 1.5170648 0.8608224 1.5560505 1.4421226 0.9258031 1.3318190 1.3752588 1.3834262 1.3139740 1.4020466 1.6171709 2.1989388 1.6890682 2.2544816 1.4524558 2.2378242 1.7373299 1.4155896 1.4643229 1.5853272 1.5853272 1.6381348 1.6029679 1.5976771 1.6228673 2.0423451 1.4683197 1.8755968 1.6282727 2.0260859 1.7264258 1.6351588 1.1611594 1.5302297 6.6282187 
Ocar_g6806                                          1.9426482 1.7162152 1.7465462 1.5444286 2.1419733 1.0875491 1.6171377 1.6257132 1.2542842 0.9180783 2.2329488 2.2884880 2.1873241 1.6451944 2.1332180 2.2454632 2.3151861 1.7293833 2.3354285 1.7952591 1.6068206 0.8838197 1.7126483 1.1119911 0.0000000 0.0087179 0.6369350 1.8227894 1.7809122 1.0312680 1.7917405 1.8637216 1.8481991 1.8122234 1.9488391 1.9452406 1.8119916 1.3835077 2.4259981 1.2987126 1.6795741 2.0234876 1.9437490 2.0640471 1.9139516 1.9411981 1.8392394 1.8811479 1.7969049 1.7969049 2.7007604 2.0874215 2.3959257 2.1757116 2.4102419 2.2081639 2.5292616 1.3491998 2.2358882 5.4041772 
Opea_EP00118_Oscarella_pearsei_P018522              2.0338665 1.9215737 1.9717561 1.6830902 2.3472889 1.0835840 1.7876461 1.7963245 1.5481677 0.9180783 2.3754821 2.5566797 2.3419015 1.8735248 2.2824059 2.3945169 2.4474203 1.9106507 2.3994656 1.8833670 1.6809125 0.8816502 1.7605107 1.5170648 0.0087179 0.0000000 0.6794896 1.9196750 1.7950781 0.9756980 1.8572891 1.9734709 1.9380315 1.9116136 1.9442039 2.1171813 2.0874559 1.6328548 2.7999097 1.4609804 1.9795411 2.2283358 1.9201415 2.0110243 2.1746065 2.1973405 2.0791258 2.0980559 2.0368795 2.0523824 2.7695321 2.1978179 2.4653884 2.2981257 2.7388691 2.6027009 2.7825534 1.3141887 2.2744964 5.4031105 
Plajan_Pjan_scaffold23112_01                        0.9474189 0.9070535 0.8973223 0.8789503 1.0731186 0.9464563 0.9447270 1.0225921 1.0103066 0.7921749 0.9017891 0.9591606 0.9629162 0.9586290 0.9378434 0.9760872 0.9485181 0.9273652 1.0033506 0.8434455 0.7644264 0.9082367 0.8743750 0.8608224 0.6369350 0.6794896 0.0000000 0.9663136 0.8526550 0.9767230 0.8884698 0.8851247 0.8700709 0.8180976 1.0925143 0.9832694 1.0103861 1.0201122 1.2057839 1.2351759 1.0959199 1.1269011 0.9105966 1.0543957 1.0521310 1.0534221 1.0908826 1.0963372 1.0588714 1.0588714 1.2488861 0.8705318 0.9626359 1.1157062 0.9380055 1.0468191 1.0157930 1.0968119 1.4106314 2.2762879 
Exapal_XM_021037023.2                               1.8139674 2.0974089 2.2160531 1.6576592 1.8381844 1.2155631 2.0149237 2.1254118 1.5709148 0.9096616 2.6560772 2.5980727 2.7274446 2.0162429 2.3001182 2.3703559 2.5940223 1.9114045 2.4857030 2.1761984 2.0862691 1.0817477 2.1306802 1.5560505 1.8227894 1.9196750 0.9663136 0.0000000 0.8030414 0.7030528 1.0232863 1.1294653 1.0446767 1.0678785 1.1889853 2.4571429 2.1703223 1.6733746 2.5814150 1.3516429 2.2769374 2.4456857 1.6231796 1.7439298 2.1135872 2.1179556 2.0079423 2.0091354 1.9460655 1.9485810 2.7974434 2.1762875 2.4222124 2.0462172 2.5219782 1.3292677 2.7707970 1.0613065 1.9635524 5.1280855 
Nvec_v1g170634                                      1.9145607 2.1238875 2.1087650 1.6860055 1.9279515 1.1776938 1.9611785 2.0862434 1.5667075 0.8611657 2.8441266 2.6236541 2.7511387 1.9110652 2.3646014 2.4398910 2.5305443 1.8826704 2.6048878 2.1341241 2.0430086 0.9708020 2.1169020 1.4421226 1.7809122 1.7950781 0.8526550 0.8030414 0.0000000 0.6445982 0.9446805 1.0484612 1.0306016 0.9811015 1.1398453 2.3236867 2.3911540 1.7333231 2.9743332 1.3516819 2.1654592 2.2356237 1.5241548 1.5647279 2.0116622 2.0281718 1.9976301 1.9836156 1.9531959 1.9699796 2.5887230 1.9804210 2.6332226 2.0834423 2.7109305 1.4261290 2.5768212 1.0987929 1.9809408 4.5866073 
Adig_XM_015923332.1                                 0.9607769 1.0688522 1.2388492 0.8100057 1.0918701 1.0278370 0.9408982 0.9760495 0.8866000 0.8629153 1.2294580 1.2339350 1.1688101 1.0623069 1.0951858 1.1015339 1.1252653 1.1306821 1.2341646 1.0956415 1.0027570 0.9285007 0.9662906 0.9258031 1.0312680 0.9756980 0.9767230 0.7030528 0.6445982 0.0000000 0.2659393 0.3458472 0.3723495 0.2946575 0.3321073 0.9967003 1.1653708 1.1111075 1.4616581 1.2834965 1.1807007 1.1482266 0.9438872 1.0468154 0.9703200 0.9820053 0.9685502 0.9717562 0.9461950 0.9461950 1.3487619 1.0059276 1.2095314 1.1493942 1.1911838 0.3517663 1.1661980 0.9357551 1.3559871 1.9456401 
Fspp_ffun1.m4.22814.m1                              2.0863289 1.9621493 2.1384878 1.6141781 1.7783262 1.0669387 1.9835861 1.8797925 1.4146278 0.8231115 2.6737307 2.7126267 2.5694558 1.8012555 2.3605921 2.4528509 2.4392282 1.8675921 2.5524505 2.0539138 2.0270390 0.9034919 2.0366763 1.3318190 1.7917405 1.8572891 0.8884698 1.0232863 0.9446805 0.2659393 0.0000000 0.4513320 0.4350568 0.2883503 0.6696435 2.2031542 2.3781981 1.6169651 2.7373480 1.2855241 2.2645683 2.3044691 1.5668032 1.7197413 1.9094961 1.9103721 1.8598464 1.8358481 1.7916364 1.7993550 2.7677493 1.8448042 2.3177773 2.2337842 2.4741007 0.6735736 2.7323609 1.0360511 1.6530446 4.6999599 
Spis_XP_022786872_1                                 2.1439904 1.9817448 2.2639542 1.5375336 1.8967607 1.1115207 2.1117786 1.9462395 1.4371462 0.9504650 2.8216709 2.8537992 2.5868193 1.8317341 2.5162252 2.6196992 2.6060438 1.9532639 2.5681246 2.0625427 2.0088141 0.8631605 2.1059737 1.3752588 1.8637216 1.9734709 0.8851247 1.1294653 1.0484612 0.3458472 0.4513320 0.0000000 0.1858172 0.3996257 0.7467269 2.1289323 2.4028897 1.8431140 2.8439352 1.3037977 2.4932254 2.2470512 1.5752651 1.8811063 2.0108183 2.0080361 2.0229217 2.0001197 1.9022071 1.9281751 2.6327648 1.7600937 2.4346843 2.1250258 2.4632561 0.7763811 3.0364345 0.9694780 1.6757726 4.5385486 
Pocdam_XM_027196323.1                               1.9843926 1.8480399 2.3146420 1.5381237 1.8305526 1.1384538 1.9587260 1.8933164 1.3648730 0.9377918 2.6268759 2.7229011 2.5369165 1.7905676 2.4070442 2.4998897 2.5295480 1.9143698 2.5940303 2.0268603 1.9740490 0.9164176 1.9866609 1.3834262 1.8481991 1.9380315 0.8700709 1.0446767 1.0306016 0.3723495 0.4350568 0.1858172 0.0000000 0.3792493 0.7649777 2.0754813 2.3883161 1.8323950 2.5618581 1.2295971 2.3533144 2.2689373 1.5219314 1.7983625 1.8948153 1.8956727 1.8797750 1.8771018 1.7726279 1.8004318 2.5792518 1.8076370 2.2044521 2.1068894 2.3975553 0.7855383 2.8445816 0.9980918 1.6485358 4.1730517 
Gasp_gasp1.m3.10720.m1                              1.9837501 1.8611725 2.1532990 1.5353754 1.7647172 1.0541996 2.0020611 1.8698705 1.3616881 0.8318887 2.7649579 2.8749235 2.7108306 1.9249083 2.4585229 2.5673471 2.5572575 1.9057628 2.6704105 2.0794672 1.9789621 0.8433480 2.0740008 1.3139740 1.8122234 1.9116136 0.8180976 1.0678785 0.9811015 0.2946575 0.2883503 0.3996257 0.3792493 0.0000000 0.6396714 2.1136726 2.3747741 1.6387200 2.6428488 1.1988168 2.2849242 2.1822105 1.4927373 1.6944835 2.0415008 2.0274823 1.9383238 1.9335478 1.8960987 1.8938701 2.7096864 1.9257300 2.3421552 2.1961652 2.5180761 0.7451447 2.9036160 0.8788989 1.7716085 3.9994999 
Amil_Amillepora01600-RA                             2.1219217 2.0270279 2.2079332 1.6693753 2.0464356 1.1091458 2.1962112 1.9630280 1.2769836 1.0774187 3.2982367 3.2525031 2.9290904 2.1212799 2.5870758 2.7481873 2.8749615 2.0015679 2.8093661 2.4051781 2.2334408 0.9863222 2.4079033 1.4020466 1.9488391 1.9442039 1.0925143 1.1889853 1.1398453 0.3321073 0.6696435 0.7467269 0.7649777 0.6396714 0.0000000 2.1814412 2.3418407 1.6474630 3.0872148 1.6610469 2.5469295 2.4231058 1.7972194 2.0038875 1.9282753 1.9493659 1.9835527 1.9612514 1.8981049 1.8981049 2.6208987 1.7628229 2.8524327 2.2322732 2.5306519 0.9403412 3.3848396 0.7556291 1.8285858 4.0175762 
Cgig_XM_011431571.3                                 1.8846358 1.7843911 2.1319038 1.6303968 1.9531645 0.9272341 1.5559300 1.2759586 0.9253222 0.7179782 2.6563110 2.6509215 2.7130775 1.8094717 2.3604672 2.4381801 2.7929775 2.1395062 2.5696026 2.0437088 2.1652716 0.9468833 2.1666779 1.6171709 1.9452406 2.1171813 0.9832694 2.4571429 2.3236867 0.9967003 2.2031542 2.1289323 2.0754813 2.1136726 2.1814412 0.0000000 2.1721881 1.8115729 2.6290524 1.3680033 2.5096095 2.2965900 2.2006878 2.2597744 2.2091128 2.2409713 2.3428587 2.3100525 2.3776011 2.4062661 3.0488686 2.2751745 2.7186866 2.4082276 2.9386085 2.6061064 2.8087898 1.4117507 1.9105189 3.5640255 
Aque_Aqu2.1.31813_001                               2.2979271 2.1653620 2.3382192 2.3886228 2.8568176 1.2577890 2.4055715 2.2883128 1.6906714 1.1765233 2.6342857 2.6175691 2.6627057 2.1949243 2.3854323 2.4822411 2.5608344 2.2614122 2.5260901 2.3727325 2.3839718 1.2276855 2.2455484 2.1989388 1.8119916 2.0874559 1.0103861 2.1703223 2.3911540 1.1653708 2.3781981 2.4028897 2.3883161 2.3747741 2.3418407 2.1721881 0.0000000 0.4778004 2.1341040 1.0476995 1.4750260 1.9344366 2.2613208 2.3354058 2.2212556 2.2620010 2.3036259 2.2986354 2.1997702 2.2377367 3.1360486 2.3897774 2.9810216 2.7923435 3.0693390 3.1193813 2.8488384 1.5963315 1.8104833 5.1549815 
Halamb_c51211_g2_i1m.30063                          1.6949869 1.7696977 1.7074233 1.7033558 1.8040395 1.1827305 1.4972519 1.6585102 1.4322152 1.1515685 2.0255394 1.9152050 1.9195580 1.9255295 1.8068801 1.8740815 1.8453701 1.7533550 1.6602947 1.7251724 1.7087052 1.2042806 1.7799845 1.6890682 1.3835077 1.6328548 1.0201122 1.6733746 1.7333231 1.1111075 1.6169651 1.8431140 1.8323950 1.6387200 1.6474630 1.8115729 0.4778004 0.0000000 1.3767350 0.9764338 1.1437458 1.4009780 1.7209681 1.8377960 1.6257020 1.6431707 1.6964288 1.7239757 1.6498290 1.6829703 2.7131567 1.8813736 2.1001825 1.9577246 2.2074319 2.1891306 2.1598507 1.5359888 1.3296302 7.2193744 
Emue_Em0016g85a.t1                                  2.6674136 2.4020001 3.1307986 2.5996157 3.0602471 1.5821118 2.6782203 2.8156936 1.8640471 1.0682767 3.0465128 3.0989119 2.9707505 2.2038732 2.8119375 2.9206129 2.9197276 2.4228370 3.0361535 2.7887479 2.7274962 1.4807408 2.7486259 2.2544816 2.4259981 2.7999097 1.2057839 2.5814150 2.9743332 1.4616581 2.7373480 2.8439352 2.5618581 2.6428488 3.0872148 2.6290524 2.1341040 1.3767350 0.0000000 0.1724443 1.8243708 2.2832304 2.6004798 3.0340367 2.4046468 2.4308130 2.5124065 2.5112591 2.4644925 2.5033341 3.7903574 2.9526951 3.2125884 3.0130186 3.6189135 3.6724871 3.3723796 1.8431836 1.4385862 5.2241301 
Spolac_c100389_g2_i2_m.22294c100389-g1              1.2037311 1.2418349 1.3849079 1.3535752 1.6249857 1.4112458 1.3385486 1.4301813 1.3600587 1.1650940 1.4296529 1.4067199 1.4805805 1.4970456 1.4824806 1.4754477 1.5156819 1.3764736 1.4342613 1.4230708 1.3766550 1.3972762 1.3267478 1.4524558 1.2987126 1.4609804 1.2351759 1.3516429 1.3516819 1.2834965 1.2855241 1.3037977 1.2295971 1.1988168 1.6610469 1.3680033 1.0476995 0.9764338 0.1724443 0.0000000 0.7418609 0.9037606 1.3066059 1.4671695 1.3254993 1.3250737 1.4286532 1.4463836 1.3935119 1.3935119 1.7270759 1.3688250 1.5874779 1.3030932 1.6792355 1.5653672 1.6915194 1.8453879 1.0473835 2.7073518 
Tetwil_g17441.t1                                    2.0791499 2.2990561 2.5759344 2.2325835 2.8555585 1.3974189 2.7280428 2.2242283 1.9212399 1.1719770 2.8706388 2.8014130 2.9092003 2.2263657 2.5609114 2.7120457 2.8347855 2.2374372 2.6666309 2.5375953 2.5070340 1.3180997 2.5322199 2.2378242 1.6795741 1.9795411 1.0959199 2.2769374 2.1654592 1.1807007 2.2645683 2.4932254 2.3533144 2.2849242 2.5469295 2.5096095 1.4750260 1.1437458 1.8243708 0.7418609 0.0000000 1.6769015 2.1854640 2.2465621 2.3793549 2.4027275 2.3092406 2.3045168 2.2576605 2.2772535 3.3906129 2.5736385 2.9423585 2.6961544 3.1237937 3.0541001 3.0569977 1.6482981 1.1457725 5.5837381 
Plespi_Pspi_scaffold20812_01                        2.3466909 2.3561330 2.8281757 2.0890002 2.7842637 1.4177198 2.5319784 2.5634127 1.6683541 1.0534858 2.7226939 2.4746542 2.5400821 2.0016779 2.4754415 2.5312407 2.6275190 1.9436921 2.7417003 2.4789713 2.2860552 1.1431283 2.3874019 1.7373299 2.0234876 2.2283358 1.1269011 2.4456857 2.2356237 1.1482266 2.3044691 2.2470512 2.2689373 2.1822105 2.4231058 2.2965900 1.9344366 1.4009780 2.2832304 0.9037606 1.6769015 0.0000000 2.1894128 2.5594984 2.1474072 2.1621517 2.2084308 2.2042588 2.1863882 2.1757628 3.5362456 2.6264264 2.7677145 2.7686828 2.9260454 3.1034691 2.9274973 1.6048875 1.5197889 4.8572741 
Dgig_XM_028555205.1                                 1.9305476 1.9353664 1.9431132 1.6696368 2.0720080 1.1930241 2.0842839 2.1350220 1.4315324 1.0217634 2.6389271 2.5487854 2.5516360 1.7879019 2.2894227 2.3928504 2.4650392 1.9627896 2.4749668 2.2960700 2.2670502 1.0206322 2.2244747 1.4155896 1.9437490 1.9201415 0.9105966 1.6231796 1.5241548 0.9438872 1.5668032 1.5752651 1.5219314 1.4927373 1.7972194 2.2006878 2.2613208 1.7209681 2.6004798 1.3066059 2.1854640 2.1894128 0.0000000 0.6789883 1.8213192 1.8301941 1.8473307 1.8152060 1.7895746 1.7904585 2.9841942 1.9602897 2.2539380 2.2568519 2.2504189 1.8806425 2.3383398 1.1217225 1.7664980 3.9030443 
Xesp_008037-T1                                      2.1053360 2.0232259 1.9520420 1.6912579 2.1946315 1.2450920 2.0878343 2.1393457 1.3968898 1.1474266 2.8684329 2.8276238 2.7801226 1.9075199 2.4729026 2.5967721 2.7025484 2.0471545 2.5339780 2.4579971 2.4688487 1.1534240 2.3521526 1.4643229 2.0640471 2.0110243 1.0543957 1.7439298 1.5647279 1.0468154 1.7197413 1.8811063 1.7983625 1.6944835 2.0038875 2.2597744 2.3354058 1.8377960 3.0340367 1.4671695 2.2465621 2.5594984 0.6789883 0.0000000 2.0184000 2.0276743 1.9733407 1.9497084 1.9629200 1.9629173 2.7858219 2.0191007 2.3330023 2.2459076 2.5205155 2.4469515 2.8233715 1.2134826 2.0323677 4.1209251 
Tadh_TriadT63653                                    1.9261052 2.0021674 2.1710462 1.8692459 2.1519851 1.1022865 1.8428446 2.0716945 1.5541738 0.9513544 2.2599216 2.2248548 2.4844993 1.8274955 2.0377728 2.0697836 2.4216801 1.9935943 2.3953361 1.9567320 2.1556170 0.9300575 2.1943632 1.5853272 1.9139516 2.1746065 1.0521310 2.1135872 2.0116622 0.9703200 1.9094961 2.0108183 1.8948153 2.0415008 1.9282753 2.2091128 2.2212556 1.6257020 2.4046468 1.3254993 2.3793549 2.1474072 1.8213192 2.0184000 0.0000000 0.0052452 0.3429225 0.3298980 0.3203023 0.3255257 2.9037718 2.1075456 2.3223861 2.1329260 2.3058547 2.5381478 2.3007447 1.2404951 1.9762796 3.4956071 
TrH2_TrispH2_002596-RA                              1.9394274 1.9826919 2.2049334 1.8998046 2.1661154 1.1162405 1.8582332 2.0801288 1.5600331 0.9254402 2.2415214 2.2317081 2.4886427 1.8304424 2.0240867 2.0551719 2.4145729 1.9644795 2.3703275 1.9639974 2.1784863 0.9273120 2.2036892 1.5853272 1.9411981 2.1973405 1.0534221 2.1179556 2.0281718 0.9820053 1.9103721 2.0080361 1.8956727 2.0274823 1.9493659 2.2409713 2.2620010 1.6431707 2.4308130 1.3250737 2.4027275 2.1621517 1.8301941 2.0276743 0.0052452 0.0000000 0.3427207 0.3296994 0.3201066 0.3253278 2.9194136 2.1135013 2.3216128 2.1547715 2.3077058 2.5675683 2.3001314 1.2506897 1.9762796 3.5313408 
HoiH06_mRNA14171                                    1.9393319 2.0974610 2.2614821 2.0067728 2.0456531 1.1512793 1.8163723 2.1336319 1.6391986 0.8925054 2.0674716 2.0631778 2.3378271 1.7564951 1.8402406 1.8618240 2.3366748 1.8383421 2.2184372 2.0138145 2.1495392 0.9631526 2.0619970 1.6381348 1.8392394 2.0791258 1.0908826 2.0079423 1.9976301 0.9685502 1.8598464 2.0229217 1.8797750 1.9383238 1.9835527 2.3428587 2.3036259 1.6964288 2.5124065 1.4286532 2.3092406 2.2084308 1.8473307 1.9733407 0.3429225 0.3427207 0.0000000 0.0488658 0.1659657 0.1716855 3.0387608 2.2229992 2.3913580 2.0557342 2.4422412 2.6427225 2.3171921 1.1855312 2.1300678 3.9705430 
HoiH23_PlH23_009976-RA                              1.9657613 2.0778920 2.2952231 1.9436447 2.0425902 1.1606592 1.8313290 2.1556002 1.6324124 0.8616049 2.0794996 2.0963797 2.3892065 1.7745340 1.9069419 1.9326497 2.3823358 1.8709890 2.2279418 1.9857259 2.0906056 0.9356975 2.0465331 1.6029679 1.8811479 2.0980559 1.0963372 2.0091354 1.9836156 0.9717562 1.8358481 2.0001197 1.8771018 1.9335478 1.9612514 2.3100525 2.2986354 1.7239757 2.5112591 1.4463836 2.3045168 2.2042588 1.8152060 1.9497084 0.3298980 0.3296994 0.0488658 0.0000000 0.1639613 0.1696084 2.9940064 2.1943223 2.4057518 2.0490786 2.3925709 2.5921791 2.3587539 1.2078248 2.0750720 4.0498740 
Hhon_g05352.t1                                      1.8519947 2.0667545 2.3134892 1.8688942 2.1407383 1.1521053 1.8433108 2.1051251 1.5021262 0.8142894 2.0778721 2.0576101 2.3034039 1.7237030 1.8897820 1.9222765 2.2414175 1.8185174 2.2119533 1.8645398 1.9931667 0.9031126 1.9982678 1.5976771 1.7969049 2.0368795 1.0588714 1.9460655 1.9531959 0.9461950 1.7916364 1.9022071 1.7726279 1.8960987 1.8981049 2.3776011 2.1997702 1.6498290 2.4644925 1.3935119 2.2576605 2.1863882 1.7895746 1.9629200 0.3203023 0.3201066 0.1659657 0.1639613 0.0000000 0.0069876 2.8157284 2.1669665 2.3260559 2.0743301 2.2990674 2.4499600 2.2684266 1.2066171 2.1012731 3.8225823 
HoiH04_mRNA7752                                     1.8760848 2.0793926 2.3051912 1.8682956 2.1591985 1.1521053 1.8786270 2.1175656 1.5251354 0.8142894 2.0837788 2.0753141 2.3247602 1.7436675 1.9088215 1.9425622 2.2477748 1.8391753 2.2278032 1.8893861 1.9747995 0.9031126 2.0045890 1.6228673 1.7969049 2.0523824 1.0588714 1.9485810 1.9699796 0.9461950 1.7993550 1.9281751 1.8004318 1.8938701 1.8981049 2.4062661 2.2377367 1.6829703 2.5033341 1.3935119 2.2772535 2.1757628 1.7904585 1.9629173 0.3255257 0.3253278 0.1716855 0.1696084 0.0069876 0.0000000 2.8261701 2.1727397 2.3515730 2.0798287 2.3038307 2.4421535 2.2872160 1.2066171 2.1012731 3.8378448 
Nemnom_g10336.t1                                    3.0592930 2.5350512 3.1340126 2.5413571 2.9540720 1.7599723 3.0397590 2.6361712 1.9305628 2.8511722 3.4773699 3.5452652 3.7831966 2.9059021 3.3245060 3.3481638 3.6476261 2.8055728 3.4535201 3.1743730 3.0799378 1.3111782 3.0085495 2.0423451 2.7007604 2.7695321 1.2488861 2.7974434 2.5887230 1.3487619 2.7677493 2.6327648 2.5792518 2.7096864 2.6208987 3.0488686 3.1360486 2.7131567 3.7903574 1.7270759 3.3906129 3.5362456 2.9841942 2.7858219 2.9037718 2.9194136 3.0387608 2.9940064 2.8157284 2.8261701 0.0000000 0.4334881 2.7594801 1.5963634 2.5028377 2.3762391 3.3710086 2.2968963 2.7734743 2.4284027 
Rhoesc_Res_015395-T1                                2.2445998 1.9760939 2.2392395 1.8198417 2.1309154 1.2573771 2.0385556 2.1624399 1.4833078 0.9478975 2.5504836 2.6938280 2.6501577 1.9777250 2.3328045 2.4425985 2.4810013 2.1698858 2.4584627 2.2562544 2.3101956 0.9689443 2.3360669 1.4683197 2.0874215 2.1978179 0.8705318 2.1762875 1.9804210 1.0059276 1.8448042 1.7600937 1.8076370 1.9257300 1.7628229 2.2751745 2.3897774 1.8813736 2.9526951 1.3688250 2.5736385 2.6264264 1.9602897 2.0191007 2.1075456 2.1135013 2.2229992 2.1943223 2.1669665 2.1727397 0.4334881 0.0000000 1.9797552 1.1752276 1.7418102 2.2465317 2.6156868 0.5496136 1.7708438 2.5330398 
Chem_TCONS_00004913                                 2.3041626 2.4249939 2.5694906 2.1360408 2.6078080 1.4330141 2.2655079 2.4493870 1.6234387 1.1595725 2.6809678 2.6857121 2.5198077 1.8771008 2.4488242 2.5546522 2.4491517 2.1500780 2.3207946 2.6113021 2.5055637 1.0069965 2.7564905 1.8755968 2.3959257 2.4653884 0.9626359 2.4222124 2.6332226 1.2095314 2.3177773 2.4346843 2.2044521 2.3421552 2.8524327 2.7186866 2.9810216 2.1001825 3.2125884 1.5874779 2.9423585 2.7677145 2.2539380 2.3330023 2.3223861 2.3216128 2.3913580 2.4057518 2.3260559 2.3515730 2.7594801 1.9797552 0.0000000 2.1911090 1.7194621 3.1707868 2.9769927 1.1461476 1.8933239 4.7218420 
Sanmal_Sma_021870-T1                                2.3021822 2.2607757 2.5184895 1.7898481 2.3824927 1.2534199 2.4531329 2.5487505 1.4823123 1.0510407 2.7128313 2.5843978 2.6739438 2.0367998 2.6148608 2.7405390 2.7093812 2.1700404 2.6868509 2.7365569 2.7386743 1.1930890 2.7678336 1.6282727 2.1757116 2.2981257 1.1157062 2.0462172 2.0834423 1.1493942 2.2337842 2.1250258 2.1068894 2.1961652 2.2322732 2.4082276 2.7923435 1.9577246 3.0130186 1.3030932 2.6961544 2.7686828 2.2568519 2.2459076 2.1329260 2.1547715 2.0557342 2.0490786 2.0743301 2.0798287 1.5963634 1.1752276 2.1911090 0.0000000 1.8176972 2.4003600 2.7392047 0.7421793 1.9466849 2.5827593 
Hvul_g23076_1                                       2.7239445 2.5233823 2.9546610 2.1901059 2.9340397 1.3465583 3.0395392 2.9223594 1.8684864 1.0971227 2.9703785 2.6776920 2.8952203 2.1262123 2.6424472 2.7426042 2.6429335 2.3391806 2.8524586 2.7570933 2.8814299 1.1298906 2.7947739 2.0260859 2.4102419 2.7388691 0.9380055 2.5219782 2.7109305 1.1911838 2.4741007 2.4632561 2.3975553 2.5180761 2.5306519 2.9386085 3.0693390 2.2074319 3.6189135 1.6792355 3.1237937 2.9260454 2.2504189 2.5205155 2.3058547 2.3077058 2.4422412 2.3925709 2.2990674 2.3038307 2.5028377 1.7418102 1.7194621 1.8176972 0.0000000 3.1448944 2.6209183 1.1622304 2.2516162 3.2253684 
Gfas_gfas1.m1.5984.m1                               2.5421326 2.2078816 3.0905797 2.1976349 2.6965075 1.3047749 2.6703781 2.4976797 1.7238441 1.0447797 3.4705579 3.5264004 3.0911788 2.5727298 2.9988743 2.9988743 3.0613967 2.4473413 3.0239394 2.6730964 2.2189854 1.0079861 2.6861608 1.7264258 2.2081639 2.6027009 1.0468191 1.3292677 1.4261290 0.3517663 0.6735736 0.7763811 0.7855383 0.7451447 0.9403412 2.6061064 3.1193813 2.1891306 3.6724871 1.5653672 3.0541001 3.1034691 1.8806425 2.4469515 2.5381478 2.5675683 2.6427225 2.5921791 2.4499600 2.4421535 2.3762391 2.2465317 3.1707868 2.4003600 3.1448944 0.0000000 2.9627594 2.1393744 1.8670155 4.1206782 
Drygla_Dgla_sb308832                                2.4766335 2.8145777 2.9120391 2.5606660 2.3458600 1.2778223 2.6358326 2.4735672 1.4229715 0.3109830 0.8737071 0.7303406 0.9234674 0.6039081 0.7927826 0.7766012 0.9214325 0.7264595 0.9638615 2.6126416 2.4853775 1.2074535 2.3529618 1.6351588 2.5292616 2.7825534 1.0157930 2.7707970 2.5768212 1.1661980 2.7323609 3.0364345 2.8445816 2.9036160 3.3848396 2.8087898 2.8488384 2.1598507 3.3723796 1.6915194 3.0569977 2.9274973 2.3383398 2.8233715 2.3007447 2.3001314 2.3171921 2.3587539 2.2684266 2.2872160 3.3710086 2.6156868 2.9769927 2.7392047 2.6209183 2.9627594 0.0000000 1.4541442 1.9927742 3.8029771 
Aaur_scaffold338.g10.t2                             1.3266840 1.3316981 1.3112126 1.1895485 1.2073802 1.3611495 1.2582604 1.4208540 1.2155384 1.3531522 1.4647942 1.4474660 1.2023862 1.2023862 1.2418066 1.3038818 1.3321293 1.3859834 1.2173087 1.4115623 1.3628703 1.0307890 1.3095929 1.1611594 1.3491998 1.3141887 1.0968119 1.0613065 1.0987929 0.9357551 1.0360511 0.9694780 0.9980918 0.8788989 0.7556291 1.4117507 1.5963315 1.5359888 1.8431836 1.8453879 1.6482981 1.6048875 1.1217225 1.2134826 1.2404951 1.2506897 1.1855312 1.2078248 1.2066171 1.2066171 2.2968963 0.5496136 1.1461476 0.7421793 1.1622304 2.1393744 1.4541442 0.0000000 1.8430170 2.8944010 
Stycar_maker-SC_scaffold2395-snap-gene-0.180-mRNA-1 1.7969989 1.9568246 1.7734389 1.8110810 2.0658915 1.5803271 2.1786566 2.0820323 1.6285011 1.4410860 2.1026212 2.0270061 2.1730207 2.0106822 2.0416084 2.0416084 2.3152012 1.9149902 2.2909761 1.9278186 1.8623637 1.4582537 1.8252227 1.5302297 2.2358882 2.2744964 1.4106314 1.9635524 1.9809408 1.3559871 1.6530446 1.6757726 1.6485358 1.7716085 1.8285858 1.9105189 1.8104833 1.3296302 1.4385862 1.0473835 1.1457725 1.5197889 1.7664980 2.0323677 1.9762796 1.9762796 2.1300678 2.0750720 2.1012731 2.1012731 2.7734743 1.7708438 1.8933239 1.9466849 2.2516162 1.8670155 1.9927742 1.8430170 0.0000000 7.9102194 
Morvir_scaffold44.g28.t1                            4.0857605 4.1125005 4.4287420 3.8937241 4.5623651 3.1806281 4.8950148 3.8139262 3.2983683 0.0000010 5.8655232 5.9510816 5.8743864 4.9151238 5.7172124 5.6402397 5.8018813 5.4411770 5.9655317 5.0514671 6.0857755 1.7524508 6.4546315 6.6282187 5.4041772 5.4031105 2.2762879 5.1280855 4.5866073 1.9456401 4.6999599 4.5385486 4.1730517 3.9994999 4.0175762 3.5640255 5.1549815 7.2193744 5.2241301 2.7073518 5.5837381 4.8572741 3.9030443 4.1209251 3.4956071 3.5313408 3.9705430 4.0498740 3.8225823 3.8378448 2.4284027 2.5330398 4.7218420 2.5827593 3.2253684 4.1206782 3.8029771 2.8944010 7.9102194 0.0000000 
