56
Hsap_ENST00000436784                                    0.0000000 1.7797780 1.7512571 1.9420451 1.7431696 2.1178836 2.4367651 1.9257345 2.0864096 2.1753945 2.0959616 2.1258341 1.8468013 1.8488092 1.8549749 1.8369311 1.8660018 2.1545428 2.1428394 2.0682782 2.0930712 2.1026772 2.1464249 2.1916165 2.0205532 2.0940632 2.1981775 1.6183371 2.6734833 1.7597657 2.7140990 2.2709234 1.9553354 1.5581385 2.3232913 2.4086384 2.4920397 2.0698653 2.1088589 2.2556005 1.9480540 2.0916240 2.1446055 1.9174369 1.8679684 1.7396837 2.1001196 2.5014328 2.0855176 3.3443159 2.9454319 3.1830548 2.3205548 1.9585121 3.0310746 2.8943800 
Bralan_BLAG05001003_1                                   1.7797780 0.0000000 1.2278163 1.6711629 1.2576656 1.4588219 1.6361348 1.3655705 1.3350318 1.3832536 1.3827569 1.3788668 1.7053936 1.6017870 1.8945366 1.8924381 1.9120905 1.7103344 1.7008172 1.6448233 1.6098043 1.6207313 1.6240897 1.6069709 1.8151139 1.9059879 1.3303298 1.4661971 2.5154755 1.7188110 2.9168096 2.1369034 1.7276561 1.6252104 2.4310384 2.3416882 2.2592882 2.0224459 2.2506870 2.3548776 1.7774034 1.8234986 1.8672294 1.7715482 1.6857144 1.8547348 2.2522399 2.1436737 1.8432653 3.4245506 2.9883707 2.7893652 2.0230040 2.0652537 2.5634405 2.4009654 
Spur_XM_011669720.2                                     1.7512571 1.2278163 0.0000000 1.5036264 1.2486629 1.6239435 1.8561058 1.5946488 1.4788072 1.5027881 1.4898198 1.4718567 1.7790319 1.4401995 1.7674699 1.8372913 1.7896311 1.7442367 1.7309023 1.6632039 1.6951196 1.7091297 1.7001270 1.7189573 1.8381657 1.9179615 1.3554587 1.7011933 2.4624758 1.6871096 2.8397773 2.0952285 1.7773595 1.7512652 2.2801862 2.4178173 2.3621975 2.0831556 2.0980626 2.3723477 1.8385306 1.9188466 1.8647375 1.8569957 1.7433382 1.7107182 2.1529583 2.0293529 1.8779996 3.0838275 2.6576748 2.6186735 1.9912608 2.0144159 2.5134481 2.6805023 
Exapal_XM_021040205.2                                   1.9420451 1.6711629 1.5036264 0.0000000 0.4546837 0.8679213 0.9223187 0.9333951 0.8654354 0.9098559 0.8885621 0.8817651 1.9038376 1.9199738 1.8411484 1.9394713 1.6502264 1.4812434 1.4758219 1.4631777 1.4212625 1.4519627 1.4588637 1.4774522 1.4784345 1.5058348 1.4958405 1.5959631 2.4032705 1.9457832 2.7728448 2.3435391 1.8661214 1.6337541 2.2725830 2.4578262 2.3256466 2.0746874 1.9846885 1.9540975 1.7576999 1.6568669 1.7375518 1.6563292 1.8070143 1.8459892 2.0485709 1.9901504 2.1280412 3.3018739 2.8699587 2.4902016 2.0222334 1.9318983 3.0734993 2.3920648 
Nvec_v1g188893                                          1.7431696 1.2576656 1.2486629 0.4546837 0.0000000 0.8329782 0.9111791 0.7715343 0.7095762 0.7757587 0.8326768 0.8069410 1.7087584 1.6412493 1.6603180 1.7022498 1.4826794 1.3153950 1.3099317 1.3019846 1.2913249 1.3086369 1.3240714 1.3236022 1.5055361 1.5616229 1.4257532 1.5994966 2.3234835 1.7885979 2.5701223 2.2941427 1.6742168 1.4959245 2.3041385 2.4340621 2.2442068 2.0027372 1.9200672 2.1033964 1.7004567 1.7288069 1.7967478 1.6321796 1.6472720 1.7826322 1.8952104 1.8391610 1.8160821 3.0849687 2.7648555 2.6232970 1.9433471 1.8056209 2.6737349 2.4622999 
Adig_XM_015910504.1                                     2.1178836 1.4588219 1.6239435 0.8679213 0.8329782 0.0000000 0.0222217 0.4229245 0.4922529 0.4425152 0.5220351 0.5429685 2.1280259 1.5888235 1.8066828 1.7756543 1.8074756 1.7994918 1.7857494 1.7535526 1.6748803 1.8867995 1.8658527 1.7694009 1.7061099 1.6732771 1.4796051 1.8648262 2.3578349 1.8277852 2.7215148 2.3288440 1.9840788 1.7916265 2.3745940 2.3676715 2.2190584 1.9786513 2.0209517 2.0504137 1.9515644 1.8065991 1.9130772 1.8069869 1.9993115 1.8859125 2.0992062 2.0325276 2.0996733 3.1409088 2.7257957 2.3398834 1.8991030 2.0618891 2.7142045 2.4354692 
Amil_Amillepora08032-RA                                 2.4367651 1.6361348 1.8561058 0.9223187 0.9111791 0.0222217 0.0000000 0.4389054 0.5315515 0.4717568 0.5648590 0.5831109 2.3372839 1.7403692 2.0703468 1.9925197 1.9356447 1.9667078 1.9496279 1.9812068 1.8907426 2.1246232 2.1076767 1.9596660 1.8763950 1.8766679 1.7390789 2.1859226 2.5503176 1.8046014 3.0332183 2.5822160 2.2386252 2.0187578 2.6516624 2.5870665 2.5917304 2.1452320 2.2688026 2.3751589 2.0734305 2.0148521 2.1791347 2.1171561 2.3272887 2.1100548 2.2458231 2.2281533 2.2635677 3.3281516 2.8887270 2.3329609 2.1369037 2.2413033 2.8110397 2.3885849 
Gfas_gfas1.m1.17366.m1                                  1.9257345 1.3655705 1.5946488 0.9333951 0.7715343 0.4229245 0.4389054 0.0000000 0.3692082 0.3809212 0.4952179 0.4923845 1.9062273 1.5520718 1.7250331 1.7402204 1.6827862 1.6217984 1.6088420 1.6688974 1.6245462 1.7921723 1.7894176 1.6877066 1.7595262 1.7976301 1.5371611 1.6588594 2.2417214 1.8683491 2.7118636 2.3428944 1.8181066 1.5159420 2.2511772 2.2762718 2.2128065 1.9276569 1.9567548 2.0060797 1.7247011 1.7113534 1.7696786 1.8022852 1.9052648 1.7348888 1.9356745 1.9608173 1.8770572 3.1675193 2.7720450 2.5642380 2.0732381 1.9713089 2.8354607 2.3930207 
Fspp_ffun1.m4.11291.m1                                  2.0864096 1.3350318 1.4788072 0.8654354 0.7095762 0.4922529 0.5315515 0.3692082 0.0000000 0.2212544 0.3820738 0.3692190 1.8146429 1.5795829 1.7147621 1.7271350 1.5876369 1.6225922 1.6103124 1.4997758 1.5278278 1.6702126 1.6479419 1.6736721 1.6670501 1.6941505 1.3537059 1.6403931 2.2492828 1.9146605 2.8505193 2.1936368 1.7319937 1.5342095 2.2806555 2.3266995 1.9526146 1.9241505 2.0865321 1.9060401 1.5760740 1.5828056 1.6879157 1.6439478 1.8773743 1.6996200 1.9573227 1.9819035 2.0001809 2.9534092 2.6814324 2.4109995 2.0382265 1.9685440 2.5567267 2.5412226 
Gasp_gasp1.m3.7230.m1                                   2.1753945 1.3832536 1.5027881 0.9098559 0.7757587 0.4425152 0.4717568 0.3809212 0.2212544 0.0000000 0.3494537 0.3522800 2.0187395 1.4938904 1.6413113 1.8037394 1.6970523 1.7316714 1.7183433 1.6008469 1.6345617 1.7956726 1.7730744 1.7088839 1.6610372 1.6654344 1.4543701 1.8252897 2.2870966 1.7787245 2.8959876 2.3062553 1.8057566 1.6002801 2.2881541 2.4651855 2.1543662 1.9995848 2.0897744 2.0444787 1.6688140 1.6036816 1.7559914 1.6858878 1.8885293 1.8203991 1.9260225 1.9098997 1.9768998 3.2172794 2.7983872 2.6982224 2.1367549 1.9233491 2.7205100 2.4083302 
Spis_XP_022786234_1                                     2.0959616 1.3827569 1.4898198 0.8885621 0.8326768 0.5220351 0.5648590 0.4952179 0.3820738 0.3494537 0.0000000 0.1240055 1.9710715 1.6001036 1.8059669 1.9075520 1.6416505 1.5250432 1.5132934 1.3953768 1.4165741 1.5972552 1.5850934 1.4946908 1.6706186 1.6723221 1.4612662 1.7328276 2.3100485 1.9348198 2.6575468 2.2452706 1.9359972 1.5098085 2.2533142 2.5152317 2.3288196 2.1852827 2.2788815 2.3073369 1.8313846 1.8808287 1.8138432 1.8435936 1.9902275 2.0648352 1.9761134 2.0550377 2.0179664 3.1992054 2.9086892 2.7829048 2.0653129 2.0622471 2.5761121 2.5212922 
Pocdam_XM_027194782.1                                   2.1258341 1.3788668 1.4718567 0.8817651 0.8069410 0.5429685 0.5831109 0.4923845 0.3692190 0.3522800 0.1240055 0.0000000 1.9092185 1.5704158 1.8726385 1.9567347 1.7065835 1.5527856 1.5406538 1.4590555 1.4989546 1.6674435 1.6582721 1.4906255 1.6825020 1.6871023 1.4592797 1.7665347 2.2991649 1.9586962 2.6923330 2.2220139 1.9342527 1.6567416 2.3817952 2.5488869 2.2759419 2.0652170 2.1135630 2.1226286 1.7511739 1.8507348 1.8286906 1.6994440 1.9429210 1.9261793 1.9334776 2.0486972 2.1399574 3.2821060 2.9275882 2.7202687 2.0606466 1.9575029 2.6560381 2.4554959 
Ctel_gnl_WGS_AMQN_CAPTEDRAFT_mRNA145169                 1.8468013 1.7053936 1.7790319 1.9038376 1.7087584 2.1280259 2.3372839 1.9062273 1.8146429 2.0187395 1.9710715 1.9092185 0.0000000 1.4649367 2.1544529 2.2403204 2.2394598 2.1307585 2.1130939 2.1733004 2.1154280 2.1749872 2.1678644 2.0854976 2.2282680 2.2518917 2.1630415 1.6224744 2.5462737 2.2527642 2.7801573 2.5061984 1.7835034 1.9837895 2.6588805 2.9163556 2.8706522 2.6040133 2.3744109 2.5759038 1.8098771 1.8369666 2.2302116 2.1441815 1.8858045 1.7976197 2.3046376 2.4938485 2.3197058 3.4850266 3.0669287 3.1830622 2.3568398 2.5098648 3.2802213 2.8400415 
Plajan_Pjan_scaffold17962_01                            1.8488092 1.6017870 1.4401995 1.9199738 1.6412493 1.5888235 1.7403692 1.5520718 1.5795829 1.4938904 1.6001036 1.5704158 1.4649367 0.0000000 1.4892379 1.8181119 1.6913537 1.7426707 1.7022670 1.9780465 1.8848654 2.0842866 2.0360614 1.8070352 1.7640635 3.6328232 1.6174219 1.7297976 2.6235166 2.6010217 2.8256571 2.0987987 2.0107513 1.2364204 1.4559894 1.8539083 1.5517331 1.8722524 1.7548728 2.2670408 1.7515094 2.5644473 1.6424373 1.8158097 1.7372125 1.7153033 1.9477713 1.9988738 1.5688605 3.1934918 3.2573327 0.8256795 1.8434824 2.1400192 4.1229446 3.0007929 
Nemnom_g12662.t1                                        1.8549749 1.8945366 1.7674699 1.8411484 1.6603180 1.8066828 2.0703468 1.7250331 1.7147621 1.6413113 1.8059669 1.8726385 2.1544529 1.4892379 0.0000000 0.4667985 1.0855921 1.7243442 1.7098482 1.8126036 1.6997489 1.7685419 1.7700725 1.7611864 2.1277964 2.1887419 2.2247019 1.8968019 2.5977344 2.1217402 2.8387246 2.2622831 2.1432750 1.7617006 2.7913331 2.6310776 2.6228500 2.1449185 2.2440192 2.4412497 2.2622196 2.4446016 2.3504040 2.0893756 1.9458879 1.8239714 1.7253030 2.3148675 2.1107788 3.3466839 2.9516188 3.8162637 2.5852696 2.4101579 3.0941564 2.5327868 
Rhoesc_Res_016666-T1                                    1.8369311 1.8924381 1.8372913 1.9394713 1.7022498 1.7756543 1.9925197 1.7402204 1.7271350 1.8037394 1.9075520 1.9567347 2.2403204 1.8181119 0.4667985 0.0000000 1.0888617 1.9125243 1.8962535 1.8740300 1.7868021 1.8681859 1.8749924 1.9292083 2.1954386 2.2472554 2.2036608 1.8671750 2.5557364 2.2015268 2.5753089 2.3347280 2.1786596 1.8585105 2.9786136 2.8434287 2.9304760 2.2343939 2.3815506 2.5288078 2.5122068 2.4485764 2.2845540 2.2625577 1.9822770 1.9397682 1.6653038 2.2984638 2.0562723 3.5115951 3.1741635 3.3371976 2.5434254 2.3657707 3.1622114 2.6048128 
Sanmal_Sma_011792-T1                                    1.8660018 1.9120905 1.7896311 1.6502264 1.4826794 1.8074756 1.9356447 1.6827862 1.5876369 1.6970523 1.6416505 1.7065835 2.2394598 1.6913537 1.0855921 1.0888617 0.0000000 1.8673397 1.8515908 1.8766262 1.8083787 1.9033271 1.9150252 1.9730735 1.9419203 1.9892577 1.9456281 1.9550503 2.4794678 2.0261210 2.6929534 2.5920486 2.0860900 1.6558677 2.7411708 2.6726774 2.7132980 2.2020376 2.4130954 2.3149969 2.3322315 2.3276252 2.3624595 1.9833812 1.9958601 1.9218161 1.6286378 2.1795192 2.0202156 3.3066335 3.0559821 2.9119435 2.4648065 2.4180635 2.9606530 2.7129065 
Tadh_TriadT25450                                        2.1545428 1.7103344 1.7442367 1.4812434 1.3153950 1.7994918 1.9667078 1.6217984 1.6225922 1.7316714 1.5250432 1.5527856 2.1307585 1.7426707 1.7243442 1.9125243 1.8673397 0.0000000 0.0020927 0.6024717 0.6197678 0.6149401 0.6021312 0.5457451 1.6993631 1.6526184 1.5572310 1.9345995 2.6458489 2.0168246 2.4756063 1.9170473 2.1254044 1.8343393 2.0281958 2.2669236 2.0274320 2.1645867 1.9992314 2.0657475 2.0484337 1.9917044 1.8758456 1.8437109 2.1822478 1.9994459 1.6782476 2.0208395 1.7326043 3.0734392 2.4927765 2.9284400 1.9407813 2.0689485 2.2707736 2.4127503 
TrH2_TrispH2_003745-RA                                  2.1428394 1.7008172 1.7309023 1.4758219 1.3099317 1.7857494 1.9496279 1.6088420 1.6103124 1.7183433 1.5132934 1.5406538 2.1130939 1.7022670 1.7098482 1.8962535 1.8515908 0.0020927 0.0000000 0.5972412 0.6144478 0.6121431 0.5993904 0.5409037 1.6993631 1.6526184 1.5578286 1.9244691 2.6210116 2.0168246 2.4523506 1.9170473 2.1175258 1.8162372 2.0207385 2.2589469 2.0274320 2.1564046 1.9817721 2.0569984 2.0398956 1.9917044 1.8606813 1.8358347 2.1706910 1.9822715 1.6687686 2.0035772 1.7223719 3.0407155 2.4693054 2.9284400 1.9331384 2.0509600 2.2707736 2.4127503 
HoiH06_mRNA14728                                        2.0682782 1.6448233 1.6632039 1.4631777 1.3019846 1.7535526 1.9812068 1.6688974 1.4997758 1.6008469 1.3953768 1.4590555 2.1733004 1.9780465 1.8126036 1.8740300 1.8766262 0.6024717 0.5972412 0.0000000 0.0836668 0.2378495 0.2281732 0.3481577 1.5255244 1.4426352 1.5252244 1.9486487 2.6576020 1.7085467 2.4826368 1.9741161 1.9814068 1.7794767 2.2173199 2.3817755 1.9166945 2.1428651 1.9718610 2.0711664 1.9208467 1.9486215 1.9925671 1.8349483 2.0414274 2.1002127 1.8932625 1.9163580 1.8655864 3.0477410 2.4949105 2.8960471 2.0923720 2.0057616 1.9930474 2.4029305 
HoiH23_PlH23_008155-RA                                  2.0930712 1.6098043 1.6951196 1.4212625 1.2913249 1.6748803 1.8907426 1.6245462 1.5278278 1.6345617 1.4165741 1.4989546 2.1154280 1.8848654 1.6997489 1.7868021 1.8083787 0.6197678 0.6144478 0.0836668 0.0000000 0.2641250 0.2558832 0.3668582 1.6009903 1.5084659 1.5733089 1.9852268 2.6397627 1.7741329 2.4558677 2.1080146 1.9661683 1.6846047 2.2271776 2.4399854 1.9921142 2.0817930 1.9501251 2.0386632 1.9107807 1.9090214 1.9346609 1.7438191 2.1036878 2.0541750 1.8837192 1.9019316 1.8756420 3.0769249 2.4955682 2.8502912 2.1150269 1.9922232 2.1179889 2.4282816 
Hhon_g10032.t1                                          2.1026772 1.6207313 1.7091297 1.4519627 1.3086369 1.8867995 2.1246232 1.7921723 1.6702126 1.7956726 1.5972552 1.6674435 2.1749872 2.0842866 1.7685419 1.8681859 1.9033271 0.6149401 0.6121431 0.2378495 0.2641250 0.0000000 0.0211121 0.3800235 1.5437663 1.4655004 1.5246350 2.0778244 2.6366160 1.6643316 2.5571215 1.9321048 2.0948519 1.4873106 2.2033430 2.2871595 1.9386685 2.1851494 2.0120866 1.9692136 1.9630641 1.9858570 1.9610176 1.8362350 2.1427037 2.1430985 1.9094886 1.9681261 1.9127523 3.3118739 2.5089493 2.7796961 2.0130831 2.0367758 2.2379107 2.3935792 
HoiH04_mRNA13529                                        2.1464249 1.6240897 1.7001270 1.4588637 1.3240714 1.8658527 2.1076767 1.7894176 1.6479419 1.7730744 1.5850934 1.6582721 2.1678644 2.0360614 1.7700725 1.8749924 1.9150252 0.6021312 0.5993904 0.2281732 0.2558832 0.0211121 0.0000000 0.3607515 1.5678259 1.4916333 1.5902841 2.0356951 2.7214409 1.6643316 2.5922689 1.9904612 2.0620755 1.5253075 2.1785381 2.2638482 1.9487259 2.1766493 1.9979318 1.9693960 1.9583125 1.9964207 1.9742747 1.8540656 2.1285652 2.1690322 1.9393187 1.9944858 1.9277611 3.3660203 2.5204497 2.6844743 1.9784557 2.0618675 2.2769864 2.3987026 
HoiH11_mRNA2659                                         2.1916165 1.6069709 1.7189573 1.4774522 1.3236022 1.7694009 1.9596660 1.6877066 1.6736721 1.7088839 1.4946908 1.4906255 2.0854976 1.8070352 1.7611864 1.9292083 1.9730735 0.5457451 0.5409037 0.3481577 0.3668582 0.3800235 0.3607515 0.0000000 1.5764715 1.5328320 1.5904009 1.9941556 2.5690904 1.7110834 2.5079948 2.0083226 2.1225510 1.6242031 2.2742819 2.4878736 2.1040631 2.1702504 1.9223534 1.9477764 1.8069790 1.8881455 1.8001185 1.7570719 2.1519449 2.0740273 1.9300173 1.9509181 1.7872464 3.2656023 2.5776669 2.7578874 2.1940791 2.0499731 2.3694494 2.3030029 
Ocar_g11095                                             2.0205532 1.8151139 1.8381657 1.4784345 1.5055361 1.7061099 1.8763950 1.7595262 1.6670501 1.6610372 1.6706186 1.6825020 2.2282680 1.7640635 2.1277964 2.1954386 1.9419203 1.6993631 1.6993631 1.5255244 1.6009903 1.5437663 1.5678259 1.5764715 0.0000000 0.0000010 1.7175412 1.8231699 1.9861259 2.1179764 2.3157081 2.0465429 2.0188088 1.7400484 2.3082780 2.3810227 2.4277932 2.2479630 2.1704297 2.2871838 2.1213323 2.1056511 1.7196995 1.7437011 2.0295062 2.0695333 2.0131171 2.1054535 2.1594361 2.5402872 2.3850006 2.4944445 2.1788480 2.3760177 2.5510475 2.4800048 
Opea_EP00118_Oscarella_pearsei_P006450                  2.0940632 1.9059879 1.9179615 1.5058348 1.5616229 1.6732771 1.8766679 1.7976301 1.6941505 1.6654344 1.6723221 1.6871023 2.2518917 3.6328232 2.1887419 2.2472554 1.9892577 1.6526184 1.6526184 1.4426352 1.5084659 1.4655004 1.4916333 1.5328320 0.0000010 0.0000000 1.7933108 1.8219211 2.0856037 2.1248230 2.4445328 2.0777013 2.0577471 2.1675591 2.4955595 2.4673671 2.4301705 2.2989539 2.2118403 2.4013431 2.1842754 2.0625056 1.7173275 1.7885572 2.0329976 2.2037334 2.0646685 2.2671780 2.2685195 2.2946245 2.4603952 2.4944445 2.2688093 2.4951487 2.5510475 2.5516384 
Skow_XM_006819246.1                                     2.1981775 1.3303298 1.3554587 1.4958405 1.4257532 1.4796051 1.7390789 1.5371611 1.3537059 1.4543701 1.4612662 1.4592797 2.1630415 1.6174219 2.2247019 2.2036608 1.9456281 1.5572310 1.5578286 1.5252244 1.5733089 1.5246350 1.5902841 1.5904009 1.7175412 1.7933108 0.0000000 1.6547228 2.2296902 1.7589163 2.2954473 2.4086502 1.7927960 1.9038424 2.5649503 2.4797273 2.4696939 2.3846317 2.3357760 2.5149692 1.9511339 2.1377968 2.1187022 2.0537840 1.8870794 1.9959165 2.1080273 2.2443419 2.7160788 2.8058094 2.7260198 3.0758167 2.1896119 2.2937654 2.5359373 2.6969612 
Acagra_model.g8765.t1                                   1.6183371 1.4661971 1.7011933 1.5959631 1.5994966 1.8648262 2.1859226 1.6588594 1.6403931 1.8252897 1.7328276 1.7665347 1.6224744 1.7297976 1.8968019 1.8671750 1.9550503 1.9345995 1.9244691 1.9486487 1.9852268 2.0778244 2.0356951 1.9941556 1.8231699 1.8219211 1.6547228 0.0000000 2.7005961 1.8136975 2.6545840 2.1955625 1.4099150 1.8446683 2.4904093 2.5837252 2.4191964 2.2540052 2.3060595 2.4789525 1.9095010 1.9482920 2.0395370 2.1514806 1.6847742 1.7126623 1.9608136 2.3477256 2.1380165 3.0959087 2.7325868 3.1892794 2.2231158 2.0280875 3.1669516 3.1142216 
Mlei_ML3372.g4.i1                                       2.6734833 2.5154755 2.4624758 2.4032705 2.3234835 2.3578349 2.5503176 2.2417214 2.2492828 2.2870966 2.3100485 2.2991649 2.5462737 2.6235166 2.5977344 2.5557364 2.4794678 2.6458489 2.6210116 2.6576020 2.6397627 2.6366160 2.7214409 2.5690904 1.9861259 2.0856037 2.2296902 2.7005961 0.0000000 0.6490681 1.2025581 1.5870753 2.7346043 1.9529771 3.4413129 3.1584548 2.6512535 2.4546188 2.3929997 2.5027883 2.3606926 2.1329708 2.5691910 2.3794248 2.9307609 2.7782557 2.4971390 2.5487634 2.6622578 2.2608208 2.0438166 1.2248888 3.0251775 2.8369646 2.9537491 2.1725075 
Bolinf_Binf_sb1198133                                   1.7597657 1.7188110 1.6871096 1.9457832 1.7885979 1.8277852 1.8046014 1.8683491 1.9146605 1.7787245 1.9348198 1.9586962 2.2527642 2.6010217 2.1217402 2.2015268 2.0261210 2.0168246 2.0168246 1.7085467 1.7741329 1.6643316 1.6643316 1.7110834 2.1179764 2.1248230 1.7589163 1.8136975 0.6490681 0.0000000 1.4530768 1.2026429 2.0925390 2.3006370 2.6891118 2.4595572 2.4426966 1.4599304 1.6051704 1.7322674 1.8697516 1.5674076 1.8881986 2.2379351 2.0281372 2.1467543 1.8177017 1.9008456 2.0643315 1.8545077 2.0109408 0.9493096 2.0777614 1.9410554 2.3795979 1.5001810 
Lampan_Lpan_10988_01                                    2.7140990 2.9168096 2.8397773 2.7728448 2.5701223 2.7215148 3.0332183 2.7118636 2.8505193 2.8959876 2.6575468 2.6923330 2.7801573 2.8256571 2.8387246 2.5753089 2.6929534 2.4756063 2.4523506 2.4826368 2.4558677 2.5571215 2.5922689 2.5079948 2.3157081 2.4445328 2.2954473 2.6545840 1.2025581 1.4530768 0.0000000 1.6204518 2.9328877 2.2864306 3.0865461 3.0562725 2.7691376 2.7315940 2.6081612 2.8709511 3.0052281 2.5245205 3.1078905 2.6539258 3.1758357 2.5861643 3.0338924 2.9516799 2.7294363 2.5890251 2.2449899 2.1304272 3.0881568 2.8013545 3.2644253 1.7683271 
Eupdun_Edun_sb10622119                                  2.2709234 2.1369034 2.0952285 2.3435391 2.2941427 2.3288440 2.5822160 2.3428944 2.1936368 2.3062553 2.2452706 2.2220139 2.5061984 2.0987987 2.2622831 2.3347280 2.5920486 1.9170473 1.9170473 1.9741161 2.1080146 1.9321048 1.9904612 2.0083226 2.0465429 2.0777013 2.4086502 2.1955625 1.5870753 1.2026429 1.6204518 0.0000000 2.5095284 1.8652778 3.4354005 2.7951574 3.0759397 2.9317691 2.6115690 2.5079358 2.5780471 2.6183487 2.3550630 2.2781294 2.3758751 2.6627341 2.7287446 2.6623115 2.5448942 2.2468359 2.2260109 2.1641220 2.4142963 2.6566400 3.5826603 1.7354548 
Cgig_XM_034448607.1                                     1.9553354 1.7276561 1.7773595 1.8661214 1.6742168 1.9840788 2.2386252 1.8181066 1.7319937 1.8057566 1.9359972 1.9342527 1.7835034 2.0107513 2.1432750 2.1786596 2.0860900 2.1254044 2.1175258 1.9814068 1.9661683 2.0948519 2.0620755 2.1225510 2.0188088 2.0577471 1.7927960 1.4099150 2.7346043 2.0925390 2.9328877 2.5095284 0.0000000 1.8619476 2.6704965 2.8537928 2.7057112 2.2880387 2.2533988 2.6250727 2.3037686 2.2324153 2.2774920 2.1809510 1.9606251 1.8155093 2.4028576 2.2936880 2.2106843 3.3541949 2.8409524 2.8546284 2.2591015 2.2715098 3.2637456 3.2403596 
Scil_scict005596.4                                      1.5581385 1.6252104 1.7512652 1.6337541 1.4959245 1.7916265 2.0187578 1.5159420 1.5342095 1.6002801 1.5098085 1.6567416 1.9837895 1.2364204 1.7617006 1.8585105 1.6558677 1.8343393 1.8162372 1.7794767 1.6846047 1.4873106 1.5253075 1.6242031 1.7400484 2.1675591 1.9038424 1.8446683 1.9529771 2.3006370 2.2864306 1.8652778 1.8619476 0.0000000 0.7027451 0.8508447 0.3096871 2.2141039 1.7451713 2.2026813 1.6319355 2.6404573 2.0307545 1.5798382 2.0924370 1.8662428 2.2627997 1.9056269 1.7870558 2.2090787 2.4411341 3.7161445 1.9295989 2.0806751 4.2812937 4.1751898 
Lcom_lcpid76571                                         2.3232913 2.4310384 2.2801862 2.2725830 2.3041385 2.3745940 2.6516624 2.2511772 2.2806555 2.2881541 2.2533142 2.3817952 2.6588805 1.4559894 2.7913331 2.9786136 2.7411708 2.0281958 2.0207385 2.2173199 2.2271776 2.2033430 2.1785381 2.2742819 2.3082780 2.4955595 2.5649503 2.4904093 3.4413129 2.6891118 3.0865461 3.4354005 2.6704965 0.7027451 0.0000000 0.7648622 0.7230083 2.5726736 2.6711306 2.6116143 2.8413898 3.1838167 2.6736345 2.6846801 2.5740496 2.4517962 3.1136835 2.9518029 2.7406599 3.5141088 3.2000550 4.2305516 2.5835433 2.6756918 2.0403184 3.3683258 
Gracom_Gcom_C549372_01                                  2.4086384 2.3416882 2.4178173 2.4578262 2.4340621 2.3676715 2.5870665 2.2762718 2.3266995 2.4651855 2.5152317 2.5488869 2.9163556 1.8539083 2.6310776 2.8434287 2.6726774 2.2669236 2.2589469 2.3817755 2.4399854 2.2871595 2.2638482 2.4878736 2.3810227 2.4673671 2.4797273 2.5837252 3.1584548 2.4595572 3.0562725 2.7951574 2.8537928 0.8508447 0.7648622 0.0000000 0.6791603 2.6587184 2.6410854 2.7565893 2.5411148 2.8874834 2.7486653 2.4808857 2.8037071 2.4875128 3.0418836 2.8817201 3.0315168 3.2864564 3.0300025 3.6267172 2.4463281 2.7788163 1.9394316 3.7167898 
Leuniv_Lniv_scaffold24606_01                            2.4920397 2.2592882 2.3621975 2.3256466 2.2442068 2.2190584 2.5917304 2.2128065 1.9526146 2.1543662 2.3288196 2.2759419 2.8706522 1.5517331 2.6228500 2.9304760 2.7132980 2.0274320 2.0274320 1.9166945 1.9921142 1.9386685 1.9487259 2.1040631 2.4277932 2.4301705 2.4696939 2.4191964 2.6512535 2.4426966 2.7691376 3.0759397 2.7057112 0.3096871 0.7230083 0.6791603 0.0000000 2.6682574 2.5123162 2.6633581 2.5135073 2.6522570 2.5276150 2.2566067 2.4696876 2.3497900 3.2056133 2.9178951 2.9432614 2.7816594 2.8556693 3.4038351 2.3416571 2.4442097 1.9311710 3.1229973 
Aque_Aqu2.1.14424_001                                   2.0698653 2.0224459 2.0831556 2.0746874 2.0027372 1.9786513 2.1452320 1.9276569 1.9241505 1.9995848 2.1852827 2.0652170 2.6040133 1.8722524 2.1449185 2.2343939 2.2020376 2.1645867 2.1564046 2.1428651 2.0817930 2.1851494 2.1766493 2.1702504 2.2479630 2.2989539 2.3846317 2.2540052 2.4546188 1.4599304 2.7315940 2.9317691 2.2880387 2.2141039 2.5726736 2.6587184 2.6682574 0.0000000 0.8531450 1.0777330 1.8423414 1.9496414 1.9317156 1.7957974 2.5856709 1.8696504 2.5905495 2.2275058 2.2301318 3.3082887 2.9747736 3.2342685 1.9262909 2.3457493 2.9611023 3.0257775 
Halamb_c40042_g1_i4mm.769                               2.1088589 2.2506870 2.0980626 1.9846885 1.9200672 2.0209517 2.2688026 1.9567548 2.0865321 2.0897744 2.2788815 2.1135630 2.3744109 1.7548728 2.2440192 2.3815506 2.4130954 1.9992314 1.9817721 1.9718610 1.9501251 2.0120866 1.9979318 1.9223534 2.1704297 2.2118403 2.3357760 2.3060595 2.3929997 1.6051704 2.6081612 2.6115690 2.2533988 1.7451713 2.6711306 2.6410854 2.5123162 0.8531450 0.0000000 0.9935271 1.6684761 1.8271735 1.7896605 1.7028595 2.4946723 2.2239786 2.7188682 2.0127822 2.1365579 3.4504381 3.1319392 3.0535710 1.9092097 2.2412912 3.4737969 3.0111168 
Xestes_maker-XT_scaffold17716-augustus-gene-0.10-mRNA-1 2.2556005 2.3548776 2.3723477 1.9540975 2.1033964 2.0504137 2.3751589 2.0060797 1.9060401 2.0444787 2.3073369 2.1226286 2.5759038 2.2670408 2.4412497 2.5288078 2.3149969 2.0657475 2.0569984 2.0711664 2.0386632 1.9692136 1.9693960 1.9477764 2.2871838 2.4013431 2.5149692 2.4789525 2.5027883 1.7322674 2.8709511 2.5079358 2.6250727 2.2026813 2.6116143 2.7565893 2.6633581 1.0777330 0.9935271 0.0000000 1.6723994 1.8377813 1.6310625 1.4333759 2.7788054 2.3392625 2.7152421 2.3010195 2.4490412 3.5171368 3.1013946 3.1523376 1.8408287 2.1722618 3.1530318 2.6040714 
Emue_Em0005g1643a.t1                                    1.9480540 1.7774034 1.8385306 1.7576999 1.7004567 1.9515644 2.0734305 1.7247011 1.5760740 1.6688140 1.8313846 1.7511739 1.8098771 1.7515094 2.2622196 2.5122068 2.3322315 2.0484337 2.0398956 1.9208467 1.9107807 1.9630641 1.9583125 1.8069790 2.1213323 2.1842754 1.9511339 1.9095010 2.3606926 1.8697516 3.0052281 2.5780471 2.3037686 1.6319355 2.8413898 2.5411148 2.5135073 1.8423414 1.6684761 1.6723994 0.0000000 0.4236633 1.2495862 1.3468504 2.2353479 2.0360674 2.5241063 2.2497712 2.7064143 3.4189443 3.3573980 2.9391361 1.8460283 2.2929205 3.1208354 2.7774988 
Spolac_c88089_g1_i2_m.4750c88089-g1                     2.0916240 1.8234986 1.9188466 1.6568669 1.7288069 1.8065991 2.0148521 1.7113534 1.5828056 1.6036816 1.8808287 1.8507348 1.8369666 2.5644473 2.4446016 2.4485764 2.3276252 1.9917044 1.9917044 1.9486215 1.9090214 1.9858570 1.9964207 1.8881455 2.1056511 2.0625056 2.1377968 1.9482920 2.1329708 1.5674076 2.5245205 2.6183487 2.2324153 2.6404573 3.1838167 2.8874834 2.6522570 1.9496414 1.8271735 1.8377813 0.4236633 0.0000000 1.3509111 1.3126277 2.4493242 2.0151355 2.7351306 2.2449580 2.8679472 3.1314845 2.9889043 2.9447361 1.6558200 2.3400728 3.0534814 2.5508989 
Tetwil_g10225.t1                                        2.1446055 1.8672294 1.8647375 1.7375518 1.7967478 1.9130772 2.1791347 1.7696786 1.6879157 1.7559914 1.8138432 1.8286906 2.2302116 1.6424373 2.3504040 2.2845540 2.3624595 1.8758456 1.8606813 1.9925671 1.9346609 1.9610176 1.9742747 1.8001185 1.7196995 1.7173275 2.1187022 2.0395370 2.5691910 1.8881986 3.1078905 2.3550630 2.2774920 2.0307545 2.6736345 2.7486653 2.5276150 1.9317156 1.7896605 1.6310625 1.2495862 1.3509111 0.0000000 1.1239564 2.4637281 1.9199414 2.4171591 2.4009869 2.3375565 3.1477969 2.7852625 3.1617657 1.7320423 2.2968222 3.0907775 2.5239933 
Stycar_maker-SC_scaffold4228-augustus-gene-0.144-mRNA-1 1.9174369 1.7715482 1.8569957 1.6563292 1.6321796 1.8069869 2.1171561 1.8022852 1.6439478 1.6858878 1.8435936 1.6994440 2.1441815 1.8158097 2.0893756 2.2625577 1.9833812 1.8437109 1.8358347 1.8349483 1.7438191 1.8362350 1.8540656 1.7570719 1.7437011 1.7885572 2.0537840 2.1514806 2.3794248 2.2379351 2.6539258 2.2781294 2.1809510 1.5798382 2.6846801 2.4808857 2.2566067 1.7957974 1.7028595 1.4333759 1.3468504 1.3126277 1.1239564 0.0000000 2.1355341 2.0835071 2.4642480 2.2773902 2.4717855 3.3766346 3.2566737 3.2942756 1.7724323 2.3150756 3.0268251 2.6716200 
Cscu_XM_023366010.1                                     1.8679684 1.6857144 1.7433382 1.8070143 1.6472720 1.9993115 2.3272887 1.9052648 1.8773743 1.8885293 1.9902275 1.9429210 1.8858045 1.7372125 1.9458879 1.9822770 1.9958601 2.1822478 2.1706910 2.0414274 2.1036878 2.1427037 2.1285652 2.1519449 2.0295062 2.0329976 1.8870794 1.6847742 2.9307609 2.0281372 3.1758357 2.3758751 1.9606251 2.0924370 2.5740496 2.8037071 2.4696876 2.5856709 2.4946723 2.7788054 2.2353479 2.4493242 2.4637281 2.1355341 0.0000000 1.8176398 2.1018852 2.3843114 2.1575717 3.2509459 3.0487458 3.5082681 2.2272423 1.8698871 2.9238469 2.7023229 
Tcas_TC008460_001                                       1.7396837 1.8547348 1.7107182 1.8459892 1.7826322 1.8859125 2.1100548 1.7348888 1.6996200 1.8203991 2.0648352 1.9261793 1.7976197 1.7153033 1.8239714 1.9397682 1.9218161 1.9994459 1.9822715 2.1002127 2.0541750 2.1430985 2.1690322 2.0740273 2.0695333 2.2037334 1.9959165 1.7126623 2.7782557 2.1467543 2.5861643 2.6627341 1.8155093 1.8662428 2.4517962 2.4875128 2.3497900 1.8696504 2.2239786 2.3392625 2.0360674 2.0151355 1.9199414 2.0835071 1.8176398 0.0000000 2.1770309 2.0658893 2.1178291 3.4744252 3.1986382 3.4133858 2.3657216 2.0366539 2.6393842 2.6716193 
Morvir_scaffold147.g16.t1                               2.1001196 2.2522399 2.1529583 2.0485709 1.8952104 2.0992062 2.2458231 1.9356745 1.9573227 1.9260225 1.9761134 1.9334776 2.3046376 1.9477713 1.7253030 1.6653038 1.6286378 1.6782476 1.6687686 1.8932625 1.8837192 1.9094886 1.9393187 1.9300173 2.0131171 2.0646685 2.1080273 1.9608136 2.4971390 1.8177017 3.0338924 2.7287446 2.4028576 2.2627997 3.1136835 3.0418836 3.2056133 2.5905495 2.7188682 2.7152421 2.5241063 2.7351306 2.4171591 2.4642480 2.1018852 2.1770309 0.0000000 2.2370800 2.0152021 2.9295774 2.8480705 3.1538234 2.5259501 2.2247854 3.3410926 3.0869458 
Hvul_g3778_1                                            2.5014328 2.1436737 2.0293529 1.9901504 1.8391610 2.0325276 2.2281533 1.9608173 1.9819035 1.9098997 2.0550377 2.0486972 2.4938485 1.9988738 2.3148675 2.2984638 2.1795192 2.0208395 2.0035772 1.9163580 1.9019316 1.9681261 1.9944858 1.9509181 2.1054535 2.2671780 2.2443419 2.3477256 2.5487634 1.9008456 2.9516799 2.6623115 2.2936880 1.9056269 2.9518029 2.8817201 2.9178951 2.2275058 2.0127822 2.3010195 2.2497712 2.2449580 2.4009869 2.2773902 2.3843114 2.0658893 2.2370800 0.0000000 1.5460525 2.9541212 2.6113972 3.1733903 2.6206948 2.5691550 3.3400011 3.4177271 
Chem_TCONS_00027974                                     2.0855176 1.8432653 1.8779996 2.1280412 1.8160821 2.0996733 2.2635677 1.8770572 2.0001809 1.9768998 2.0179664 2.1399574 2.3197058 1.5688605 2.1107788 2.0562723 2.0202156 1.7326043 1.7223719 1.8655864 1.8756420 1.9127523 1.9277611 1.7872464 2.1594361 2.2685195 2.7160788 2.1380165 2.6622578 2.0643315 2.7294363 2.5448942 2.2106843 1.7870558 2.7406599 3.0315168 2.9432614 2.2301318 2.1365579 2.4490412 2.7064143 2.8679472 2.3375565 2.4717855 2.1575717 2.1178291 2.0152021 1.5460525 0.0000000 2.9863287 2.7261323 3.4161010 2.5009144 2.1177743 3.2736687 2.8635560 
Pbac_sb2642843                                          3.3443159 3.4245506 3.0838275 3.3018739 3.0849687 3.1409088 3.3281516 3.1675193 2.9534092 3.2172794 3.1992054 3.2821060 3.4850266 3.1934918 3.3466839 3.5115951 3.3066335 3.0734392 3.0407155 3.0477410 3.0769249 3.3118739 3.3660203 3.2656023 2.5402872 2.2946245 2.8058094 3.0959087 2.2608208 1.8545077 2.5890251 2.2468359 3.3541949 2.2090787 3.5141088 3.2864564 2.7816594 3.3082887 3.4504381 3.5171368 3.4189443 3.1314845 3.1477969 3.3766346 3.2509459 3.4744252 2.9295774 2.9541212 2.9863287 0.0000000 0.2585469 2.2937997 3.2626129 3.0215172 3.6262860 2.9552830 
Horcal_Hcv1.av93.c12.g561.i1                            2.9454319 2.9883707 2.6576748 2.8699587 2.7648555 2.7257957 2.8887270 2.7720450 2.6814324 2.7983872 2.9086892 2.9275882 3.0669287 3.2573327 2.9516188 3.1741635 3.0559821 2.4927765 2.4693054 2.4949105 2.4955682 2.5089493 2.5204497 2.5776669 2.3850006 2.4603952 2.7260198 2.7325868 2.0438166 2.0109408 2.2449899 2.2260109 2.8409524 2.4411341 3.2000550 3.0300025 2.8556693 2.9747736 3.1319392 3.1013946 3.3573980 2.9889043 2.7852625 3.2566737 3.0487458 3.1986382 2.8480705 2.6113972 2.7261323 0.2585469 0.0000000 2.4380794 3.0005739 2.6987854 3.6388674 2.9389894 
Beraby_Baby_sb322162                                    3.1830548 2.7893652 2.6186735 2.4902016 2.6232970 2.3398834 2.3329609 2.5642380 2.4109995 2.6982224 2.7829048 2.7202687 3.1830622 0.8256795 3.8162637 3.3371976 2.9119435 2.9284400 2.9284400 2.8960471 2.8502912 2.7796961 2.6844743 2.7578874 2.4944445 2.4944445 3.0758167 3.1892794 1.2248888 0.9493096 2.1304272 2.1641220 2.8546284 3.7161445 4.2305516 3.6267172 3.4038351 3.2342685 3.0535710 3.1523376 2.9391361 2.9447361 3.1617657 3.2942756 3.5082681 3.4133858 3.1538234 3.1733903 3.4161010 2.2937997 2.4380794 0.0000000 3.4535176 3.1125441 3.0240976 2.4491142 
Plespi_Pspi_scaffold20785_01                            2.3205548 2.0230040 1.9912608 2.0222334 1.9433471 1.8991030 2.1369037 2.0732381 2.0382265 2.1367549 2.0653129 2.0606466 2.3568398 1.8434824 2.5852696 2.5434254 2.4648065 1.9407813 1.9331384 2.0923720 2.1150269 2.0130831 1.9784557 2.1940791 2.1788480 2.2688093 2.1896119 2.2231158 3.0251775 2.0777614 3.0881568 2.4142963 2.2591015 1.9295989 2.5835433 2.4463281 2.3416571 1.9262909 1.9092097 1.8408287 1.8460283 1.6558200 1.7320423 1.7724323 2.2272423 2.3657216 2.5259501 2.6206948 2.5009144 3.2626129 3.0005739 3.4535176 0.0000000 2.4068907 3.2327986 3.2197910 
Dpul_mRNA7672                                           1.9585121 2.0652537 2.0144159 1.9318983 1.8056209 2.0618891 2.2413033 1.9713089 1.9685440 1.9233491 2.0622471 1.9575029 2.5098648 2.1400192 2.4101579 2.3657707 2.4180635 2.0689485 2.0509600 2.0057616 1.9922232 2.0367758 2.0618675 2.0499731 2.3760177 2.4951487 2.2937654 2.0280875 2.8369646 1.9410554 2.8013545 2.6566400 2.2715098 2.0806751 2.6756918 2.7788163 2.4442097 2.3457493 2.2412912 2.1722618 2.2929205 2.3400728 2.2968222 2.3150756 1.8698871 2.0366539 2.2247854 2.5691550 2.1177743 3.0215172 2.6987854 3.1125441 2.4068907 0.0000000 3.5327643 3.4273835 
Clacor_Ccor_scaffold13388_01                            3.0310746 2.5634405 2.5134481 3.0734993 2.6737349 2.7142045 2.8110397 2.8354607 2.5567267 2.7205100 2.5761121 2.6560381 3.2802213 4.1229446 3.0941564 3.1622114 2.9606530 2.2707736 2.2707736 1.9930474 2.1179889 2.2379107 2.2769864 2.3694494 2.5510475 2.5510475 2.5359373 3.1669516 2.9537491 2.3795979 3.2644253 3.5826603 3.2637456 4.2812937 2.0403184 1.9394316 1.9311710 2.9611023 3.4737969 3.1530318 3.1208354 3.0534814 3.0907775 3.0268251 2.9238469 2.6393842 3.3410926 3.3400011 3.2736687 3.6262860 3.6388674 3.0240976 3.2327986 3.5327643 0.0000000 3.3810422 
Vmul_sbMO423077                                         2.8943800 2.4009654 2.6805023 2.3920648 2.4622999 2.4354692 2.3885849 2.3930207 2.5412226 2.4083302 2.5212922 2.4554959 2.8400415 3.0007929 2.5327868 2.6048128 2.7129065 2.4127503 2.4127503 2.4029305 2.4282816 2.3935792 2.3987026 2.3030029 2.4800048 2.5516384 2.6969612 3.1142216 2.1725075 1.5001810 1.7683271 1.7354548 3.2403596 4.1751898 3.3683258 3.7167898 3.1229973 3.0257775 3.0111168 2.6040714 2.7774988 2.5508989 2.5239933 2.6716200 2.7023229 2.6716193 3.0869458 3.4177271 2.8635560 2.9552830 2.9389894 2.4491142 3.2197910 3.4273835 3.3810422 0.0000000 
