60
Hsap_ENST00000263062                                   0.0000000 1.0534344 1.4796977 1.0322752 1.6210919 0.8285973 1.2555772 0.7928321 1.2226750 1.2645897 1.8327072 1.7777550 1.4260764 1.2357959 1.6374212 1.6834048 1.7116670 1.9987582 2.3751454 1.9902243 1.9694357 1.8876203 3.8030013 1.9901339 2.4560181 1.4555265 2.4111212 2.2902890 2.2421926 2.2676616 2.3974300 3.0823193 2.5715517 2.7101802 2.7506200 2.0098294 1.9509351 1.8726899 2.1916759 2.3775171 2.0911111 1.9191455 1.9191455 1.9236625 1.8725747 1.9259297 2.1915392 3.2258746 1.9866093 1.9172577 2.6018636 2.6223280 2.5564512 2.4434637 2.7052802 2.1603651 3.3230879 4.0917475 4.8487810 3.8957791 
Bralan_BLAG12000333_1                                  1.0534344 0.0000000 1.1626298 0.8685276 1.3706448 0.7511561 1.1151755 0.7171827 0.9974878 1.0482072 1.5371224 1.4632047 1.2477994 1.0944937 1.4587843 1.4797772 1.4841350 1.6545751 1.8086217 1.8610399 1.8468692 1.7905756 3.1300626 1.8604323 2.1795393 1.3053014 2.2261876 2.2115650 2.1023189 2.0641482 2.2337439 2.8380427 2.4583704 2.4613531 2.6845778 1.7808299 1.6788303 1.6033749 1.6822856 2.0948184 1.9361911 1.7737596 1.7737596 1.7439811 1.7210922 1.7544857 1.9617076 2.5415765 1.8700272 1.7414997 2.2941032 2.4549071 2.1954944 2.2922027 2.2844566 1.8618132 2.4458323 3.6109806 3.3698135 3.3902430 
Spur_XM_781818.5                                       1.4796977 1.1626298 0.0000000 0.8948900 1.3254255 0.6969116 1.1741817 0.5392194 1.0161999 1.1445701 1.6362536 1.5728993 1.4402114 1.3491441 1.6269846 1.7042316 1.6697518 2.0660290 2.2017932 2.0236887 2.0527442 2.0175259 4.4414384 2.0543986 2.1042870 1.5367593 2.3932362 2.3856917 2.3521681 2.3764098 2.3989155 2.9919401 2.3156950 2.2277038 2.3754907 2.1068085 2.0822517 1.7997216 1.9540474 2.0472868 1.9598086 1.8547461 1.8547461 1.9336408 1.9348918 1.9251290 2.2760764 2.7366404 2.0197820 1.9199687 2.1446371 2.4776055 2.2977746 2.3032356 2.3593367 2.0606358 2.6998159 3.8498706 3.1999085 3.3292336 
Skow_XM_002741805.2                                    1.0322752 0.8685276 0.8948900 0.0000000 1.1092052 0.6897901 0.9303996 0.5450280 0.9100833 0.9283398 1.5706668 1.4545816 1.2284871 1.1230545 1.5022887 1.5586549 1.5436962 1.7382858 1.9880512 1.9022785 1.8532028 1.8328937 3.8674160 1.9284930 1.9328552 1.3658844 2.3840047 2.3881694 2.3124014 2.3803203 2.4834256 3.1281133 2.1936838 2.1787562 2.3092055 1.9707439 1.9882802 1.7608433 1.7907772 2.0911676 1.9624371 1.8012753 1.8012753 1.8673675 1.7938684 1.8125068 2.1820722 2.7536761 1.8060985 1.7154388 1.9860206 2.5780573 2.3350339 2.3669811 2.5033923 1.9168968 2.3463590 3.2155303 2.8809368 3.2096641 
Tcas_TC008956_001                                      1.6210919 1.3706448 1.3254255 1.1092052 0.0000000 0.4851864 1.1340905 0.5094136 1.2330097 1.2783043 2.0055638 1.8647452 1.6111644 1.3391784 1.8903559 1.9977341 1.9880891 2.3047627 2.7732051 2.1579375 2.4553487 2.4126529 4.6632535 2.0948325 2.3204097 1.5773585 2.5281257 2.5347584 2.4240679 2.4015516 2.5162396 3.1407042 2.4200745 2.5372906 2.6861528 2.2573502 2.2379230 2.0065255 2.3910432 2.2279346 2.0901826 1.8408217 1.8408217 1.9313760 1.9252058 1.9616799 2.2712955 3.3056692 1.9416497 1.8577988 2.2455142 2.5869843 2.4351501 2.6804040 2.5289479 2.2866162 2.9565837 3.5310519 3.6755840 3.9478025 
Dpul_mRNA23234                                         0.8285973 0.7511561 0.6969116 0.6897901 0.4851864 0.0000000 0.5157502 0.7438702 0.6423849 0.6751509 1.2305286 1.0970069 0.9825152 0.9683604 0.9362222 0.9520665 0.9702552 0.8192686 0.7308721 0.9562484 1.3606280 1.3537331 8.4365754 1.0774224 1.2571042 1.6248779 1.4582506 1.4240719 1.4466654 1.4276227 1.4206777 2.0031940 1.3266530 1.3709969 1.4273492 1.1821010 1.2743267 1.2436728 1.2799431 1.5231794 1.4334357 1.4909081 1.4909081 1.4374998 1.5054790 1.4592329 1.7542412 1.3328788 1.5562578 1.4345540 1.2189954 1.3170731 1.3433926 1.3673218 1.2530013 1.4446003 1.2147121 2.4768504 5.2327319 3.4699851 
Cscu_XM_023376587.1                                    1.2555772 1.1151755 1.1741817 0.9303996 1.1340905 0.5157502 0.0000000 0.5218867 0.9372949 0.9303549 1.6438687 1.5258542 1.2574542 1.1469507 1.6770759 1.6871408 1.6336031 1.9113822 2.2155651 1.9213053 2.1392117 2.0524452 3.7953524 1.9313576 2.3384112 1.4838716 2.4180714 2.3682012 2.2643625 2.2584088 2.3574029 2.9788538 2.4373134 2.5582995 2.4631645 2.1126620 2.0562360 1.9739547 1.9815205 2.1085311 1.9784713 1.7949443 1.7949443 1.8832695 1.8728650 1.8841073 2.1782641 2.9547419 1.9101250 1.8294498 2.1632051 2.6017027 2.5304131 2.5484139 2.5143433 2.0608152 2.8519742 4.2558519 3.6723745 3.5626188 
Ctel_gnl_WGS_AMQN_CAPTEDRAFT_mRNA140300                0.7928321 0.7171827 0.5392194 0.5450280 0.5094136 0.7438702 0.5218867 0.0000000 0.3709619 0.4300925 0.8740219 0.8104131 0.8230209 0.8655690 0.8353363 0.8542885 0.8402227 1.0393991 2.3380137 0.7998226 1.1524157 1.0648794 6.0081132 0.9102736 0.9335017 1.6718415 1.2866399 1.2578849 1.2548242 1.2788209 1.2886142 2.2973940 1.0762388 1.0783165 1.0969288 1.1439474 1.1562276 1.1086709 1.2849124 1.3527715 1.3715088 1.5542009 1.5542009 1.5824330 1.6221336 1.5585039 1.7805232 1.6915022 1.6980494 1.5093390 1.1152234 1.0916927 1.0581925 1.0735117 1.0313620 1.2739462 1.2147121 2.4453200 2.2961181 1.7948196 
Acagra_model.g6384.t1                                  1.2226750 0.9974878 1.0161999 0.9100833 1.2330097 0.6423849 0.9372949 0.3709619 0.0000000 0.5670471 1.5203502 1.4429966 1.2367596 1.0402187 1.4002871 1.4773286 1.4666790 1.7616191 2.0123042 1.7538088 1.8541561 1.8575137 3.9809692 1.8582192 2.0815754 1.3849628 2.3063168 2.3494087 2.2249415 2.2481401 2.3593859 3.0372030 2.3602646 2.4558868 2.3641704 1.8917788 1.9592198 1.8828430 2.0325095 2.0683560 1.9680536 1.8310971 1.8310971 1.9358245 1.8388743 1.8441859 2.1970349 2.7698444 1.9473580 1.8293535 2.1432506 2.5379669 2.2756255 2.3022633 2.3414563 1.9567851 2.2994100 3.4862654 2.9860664 3.1464055 
Cgig_XM_034463920.1                                    1.2645897 1.0482072 1.1445701 0.9283398 1.2783043 0.6751509 0.9303549 0.4300925 0.5670471 0.0000000 1.6410364 1.4927726 1.2897578 1.0977765 1.5398015 1.6135974 1.6305691 1.8849376 2.1316239 2.0201218 1.9352656 1.9197335 3.8914972 1.9483123 2.1228889 1.4634492 2.4935460 2.4222581 2.3263795 2.3598342 2.4733449 3.0630692 2.5083055 2.6008191 2.5189666 1.9867330 2.0102702 1.9014801 2.0159603 2.2671699 2.0596267 1.9498739 1.9498739 2.0407913 1.9845328 1.9103184 2.3105123 3.1507849 2.0404392 1.9424751 2.1779193 2.6672852 2.4062296 2.4891930 2.5615597 2.0426541 2.4299258 3.6645722 3.1588973 3.3828676 
Exapal_XM_021049688.2                                  1.8327072 1.5371224 1.6362536 1.5706668 2.0055638 1.2305286 1.6438687 0.8740219 1.5203502 1.6410364 0.0000000 0.3694359 0.5776984 0.6548958 0.6633193 0.6464804 0.6557245 0.7500694 0.8250814 1.8573630 1.3081792 1.4077409 3.7927826 1.9844434 2.1760483 1.3629970 2.2356700 2.2406587 2.2277777 2.3186077 2.3341772 3.1299608 2.4768247 2.5700909 2.6552943 1.6556027 1.5026903 1.5590392 1.5016189 2.4741671 2.3233126 2.1111033 2.1111033 2.1963834 2.1266497 2.1294854 2.2627289 3.1674877 2.3722692 2.1563656 2.5314078 2.3639248 2.3333110 2.2803365 2.4147557 1.7068511 2.4020766 3.5286982 2.8876553 2.9519806 
Nvec_v1g238416                                         1.7777550 1.4632047 1.5728993 1.4545816 1.8647452 1.0970069 1.5258542 0.8104131 1.4429966 1.4927726 0.3694359 0.0000000 0.5008094 0.6038784 0.5860365 0.6106780 0.6167108 0.6845334 0.7429834 1.8369950 1.2042291 1.2947203 3.3717823 1.9582156 2.2009768 1.2628341 2.2446991 2.2363598 2.1652782 2.2340529 2.2791381 3.0945474 2.4020372 2.4839996 2.5784682 1.5622563 1.3976661 1.4418361 1.4829229 2.5438124 2.2311232 2.0830667 2.0830667 2.1324890 2.0347056 1.9816994 2.1282138 2.9300885 2.1304776 2.0264597 2.4225881 2.3254499 2.3152028 2.1673866 2.4412464 1.6659748 2.3859581 3.5334466 3.0704849 2.9662192 
Adig_XM_015915952.1                                    1.4260764 1.2477994 1.4402114 1.2284871 1.6111644 0.9825152 1.2574542 0.8230209 1.2367596 1.2897578 0.5776984 0.5008094 0.0000000 0.0117773 0.1880463 0.1799290 0.1841196 0.2182248 0.2333550 1.5540736 1.0741153 1.0253031 3.2674104 1.7041489 1.8311421 1.2983127 1.7934785 1.8559960 1.7679784 1.8093009 1.8199342 2.6043102 2.0666819 1.9898370 2.2189401 1.2948730 1.2305034 1.1707376 1.3197411 1.9973996 1.8806242 1.9050742 1.9050742 1.8593004 1.9188689 1.8318430 2.0126156 2.8302016 2.0420162 1.8695756 1.9853777 1.9922167 2.1149587 2.0353243 2.0287610 1.4428746 1.9790361 2.8748406 2.8111417 2.6230171 
Amil_Amillepora12363-RA                                1.2357959 1.0944937 1.3491441 1.1230545 1.3391784 0.9683604 1.1469507 0.8655690 1.0402187 1.0977765 0.6548958 0.6038784 0.0117773 0.0000000 0.1705700 0.1641178 0.1810115 0.2638409 0.4610259 1.1991746 0.9601901 0.8871357 5.1700632 1.3526702 1.3918535 1.2348501 1.3805979 1.4009502 1.3956594 1.3948120 1.3751968 2.2755253 1.6325105 1.6794137 1.6127253 1.2107679 1.1074918 1.1482782 1.3418587 1.9026645 1.7403168 1.8465542 1.8465542 1.7808330 1.8524402 1.6881821 1.9287195 7.0283836 1.9813307 1.8106002 1.5270297 1.4648765 1.5530596 1.5309957 1.4545096 1.3210764 2.3529168 2.3907750 3.3933147 2.5543245 
Gasp_gasp1.m3.18699.m1                                 1.6374212 1.4587843 1.6269846 1.5022887 1.8903559 0.9362222 1.6770759 0.8353363 1.4002871 1.5398015 0.6633193 0.5860365 0.1880463 0.1705700 0.0000000 0.1625886 0.1589651 0.1310498 0.2406865 1.9574347 1.2722717 1.2809463 3.3609050 1.9270801 2.1633564 1.2753253 2.1509671 2.2004351 2.1646300 2.1764879 2.1577659 2.9723109 2.3910746 2.5186677 2.6711217 1.6195839 1.5302212 1.4758875 1.6116361 2.3800732 2.1916757 2.0830611 2.0830611 2.0768070 2.1065773 1.9809637 2.1732102 3.1555547 2.2324956 2.1064201 2.3209269 2.3760409 2.2807291 2.1779882 2.4144624 1.7440091 2.6328926 3.6191210 2.8869960 3.2635895 
Spis_XP_022803441_1                                    1.6834048 1.4797772 1.7042316 1.5586549 1.9977341 0.9520665 1.6871408 0.8542885 1.4773286 1.6135974 0.6464804 0.6106780 0.1799290 0.1641178 0.1625886 0.0000000 0.0590352 0.1581701 0.2872284 2.0515983 1.2292182 1.2542872 3.6364866 2.0393472 2.2540885 1.3171807 2.2698714 2.3030111 2.2617892 2.2603376 2.2502402 3.0421486 2.5114090 2.5741190 2.8077693 1.6084729 1.5193168 1.5089013 1.5271286 2.4788932 2.2719967 2.2031691 2.2031691 2.1281765 2.1820187 2.0944630 2.3130538 3.4122984 2.3839683 2.2111838 2.4098989 2.4765602 2.3492169 2.2747319 2.4502703 1.7106785 2.8634624 3.5221180 3.0937679 3.3507215 
Pocdam_XM_027192476.1                                  1.7116670 1.4841350 1.6697518 1.5436962 1.9880891 0.9702552 1.6336031 0.8402227 1.4666790 1.6305691 0.6557245 0.6167108 0.1841196 0.1810115 0.1589651 0.0590352 0.0000000 0.1502631 0.2771388 2.0799419 1.2619864 1.2840013 3.6592548 2.0308733 2.2129823 1.3198746 2.2262189 2.2676658 2.2201417 2.2242930 2.2156637 3.0014167 2.5355703 2.5768143 2.7796785 1.6453158 1.5512958 1.4680000 1.5253344 2.4982718 2.2763257 2.2017384 2.2017384 2.1702848 2.1977723 2.0675318 2.2991253 3.4481913 2.3615043 2.2012148 2.4462080 2.4785860 2.4417112 2.3040812 2.5076089 1.6935069 2.9002859 3.6250758 2.9909300 3.4283068 
Fspp_ffun1.m4.23328.m1                                 1.9987582 1.6545751 2.0660290 1.7382858 2.3047627 0.8192686 1.9113822 1.0393991 1.7616191 1.8849376 0.7500694 0.6845334 0.2182248 0.2638409 0.1310498 0.1581701 0.1502631 0.0000000 0.2212343 2.4855380 1.5502592 1.6051094 3.6850161 2.4723797 2.6177157 1.1402277 2.9034571 3.0010105 2.9323357 2.9429834 2.9650742 2.9603522 3.0222379 3.1237090 3.3318288 1.9763396 1.8699004 1.8193895 1.9026032 2.4780307 2.4724945 2.3563905 2.3563905 2.4347671 2.3997010 2.3221461 2.7226143 3.1911927 2.5642217 2.4976917 2.8647110 3.1678796 2.9494922 2.7062964 3.2188422 2.1655342 2.5852508 5.3028554 3.1985602 3.4142182 
Gfas_gfas1.m1.18267.m1                                 2.3751454 1.8086217 2.2017932 1.9880512 2.7732051 0.7308721 2.2155651 2.3380137 2.0123042 2.1316239 0.8250814 0.7429834 0.2333550 0.4610259 0.2406865 0.2872284 0.2771388 0.2212343 0.0000000 3.0209483 1.7052619 1.7082250 3.4575926 3.0498460 3.1831256 1.4614112 3.6790023 3.5851525 3.5585114 3.5607656 3.5989644 3.5917073 3.8872652 4.0054649 4.0881692 2.2703370 2.0938981 1.9222542 1.9568851 2.6377303 2.6377303 2.5204894 2.5204894 2.5346472 2.4270288 2.5836885 2.8855963 3.2025915 2.7569680 2.7111726 3.4780694 3.6747163 3.3976716 3.3676919 3.8416625 2.2243230 2.6475174 4.4207809 3.1233150 3.1661394 
Plajan_Pjan_C568962_01                                 1.9902243 1.8610399 2.0236887 1.9022785 2.1579375 0.9562484 1.9213053 0.7998226 1.7538088 2.0201218 1.8573630 1.8369950 1.5540736 1.1991746 1.9574347 2.0515983 2.0799419 2.4855380 3.0209483 0.0000000 2.0921498 2.0557960 2.9021767 1.2755691 2.1420838 1.3212058 2.3635001 2.3514437 2.3387410 2.4744186 2.5122084 3.1097882 2.4526567 2.5893737 2.4082423 2.4321648 2.3148692 2.2317035 2.3652873 2.5420583 2.2846739 2.1299542 2.1299542 2.1821581 2.1904205 2.0857057 2.4506995 3.5882421 2.1108248 1.9634243 2.3408443 2.4556619 2.3199145 2.2677073 2.2948965 2.4391569 3.8773375 4.1395205 3.9298514 4.2519665 
Dgig_XM_028538027.1                                    1.9694357 1.8468692 2.0527442 1.8532028 2.4553487 1.3606280 2.1392117 1.1524157 1.8541561 1.9352656 1.3081792 1.2042291 1.0741153 0.9601901 1.2722717 1.2292182 1.2619864 1.5502592 1.7052619 2.0921498 0.0000000 0.3198862 3.5807996 2.0963520 2.5179605 1.4070140 2.2426619 2.1431551 2.0583921 2.1296420 2.1107693 2.8971711 2.7227028 3.1465584 2.8632865 1.7863026 1.6827345 1.7420353 1.6554759 2.6777405 2.4582111 2.2325868 2.2325868 2.2948643 2.1716264 2.3364933 2.5268609 2.8767691 2.2442639 2.2523686 2.7345127 2.7014443 2.5197286 2.3009645 2.6707782 1.9287712 2.5983351 4.0262741 3.9427904 3.4108776 
Xesp_009530-T1                                         1.8876203 1.7905756 2.0175259 1.8328937 2.4126529 1.3537331 2.0524452 1.0648794 1.8575137 1.9197335 1.4077409 1.2947203 1.0253031 0.8871357 1.2809463 1.2542872 1.2840013 1.6051094 1.7082250 2.0557960 0.3198862 0.0000000 3.3488463 2.0296845 2.5211876 1.3614376 2.1013800 2.1015852 1.9623836 2.0137915 2.0087493 2.7648240 2.6494745 3.0302162 2.7177851 1.7540381 1.6898598 1.7350546 1.6778718 2.3924060 2.2579851 2.0910296 2.0910296 2.1402342 2.1209394 2.1808076 2.3583896 2.8298847 2.1970464 2.1984583 2.5670611 2.5502893 2.4956149 2.3010924 2.5059244 1.8525203 2.6391111 4.0511804 4.0848455 3.5467623 
Ocar_g5621                                             3.8030013 3.1300626 4.4414384 3.8674160 4.6632535 8.4365754 3.7953524 6.0081132 3.9809692 3.8914972 3.7927826 3.3717823 3.2674104 5.1700632 3.3609050 3.6364866 3.6592548 3.6850161 3.4575926 2.9021767 3.5807996 3.3488463 0.0000000 0.0790684 4.4125304 5.3376503 6.2412715 5.5473565 5.3644307 5.7130842 5.7537526 5.7801012 6.2936700 7.3522240 7.7615266 3.2269408 3.1309308 4.0094291 3.1859784 3.9855062 3.9855062 4.4838539 4.4838539 4.6095515 4.2419168 4.0293482 4.3119332 3.6453927 3.8562325 4.7469450 4.5421187 5.0784447 4.9357198 3.8304898 4.8602656 3.4706307 3.4068866 5.6383395 5.1576349 4.8869875 
Opea_EP00118_Oscarella_pearsei_P006837                 1.9901339 1.8604323 2.0543986 1.9284930 2.0948325 1.0774224 1.9313576 0.9102736 1.8582192 1.9483123 1.9844434 1.9582156 1.7041489 1.3526702 1.9270801 2.0393472 2.0308733 2.4723797 3.0498460 1.2755691 2.0963520 2.0296845 0.0790684 0.0000000 2.2403610 1.4703959 2.5967270 2.4586213 2.4222038 2.4726487 2.4232515 3.0549345 2.3731484 2.5869590 2.5703893 2.2834540 2.1432782 2.2652244 2.0377258 2.2723234 2.1345520 2.0899381 2.0899381 2.1566569 2.1232726 2.0660256 2.3972126 2.9197099 2.0998028 2.0121928 2.3936178 2.4084222 2.3341375 2.3873112 2.3575876 2.1934867 3.0680150 3.7175763 5.0644115 3.8253779 
Tetwil_g23728.t2                                       2.4560181 2.1795393 2.1042870 1.9328552 2.3204097 1.2571042 2.3384112 0.9335017 2.0815754 2.1228889 2.1760483 2.2009768 1.8311421 1.3918535 2.1633564 2.2540885 2.2129823 2.6177157 3.1831256 2.1420838 2.5179605 2.5211876 4.4125304 2.2403610 0.0000000 1.5847134 2.6193640 2.6214992 2.5834028 2.7253689 2.5630721 3.2318827 1.3671764 1.4846225 1.5197391 2.6173378 2.6042594 2.1132811 2.1721599 2.5022230 2.3095160 2.0860145 2.0860145 2.1782890 2.0304686 2.2464157 2.6178117 3.3740478 2.1209367 1.9123821 1.1300938 2.4738181 2.2367923 2.2268111 2.5660780 2.4426484 3.1229998 2.9751362 1.6157066 3.4419945 
Tadh_TriadT31210                                       1.4555265 1.3053014 1.5367593 1.3658844 1.5773585 1.6248779 1.4838716 1.6718415 1.3849628 1.4634492 1.3629970 1.2628341 1.2983127 1.2348501 1.2753253 1.3171807 1.3198746 1.1402277 1.4614112 1.3212058 1.4070140 1.3614376 5.3376503 1.4703959 1.5847134 0.0000000 0.0115893 0.1649424 0.1894216 0.1936415 0.2096429 0.4352382 1.7242196 1.9133366 1.7976138 1.5086948 1.5337206 1.6742408 1.8826143 1.8219803 1.5665033 1.7000588 1.7000588 1.6949950 1.7636422 1.7682990 2.1943011 0.9898622 1.7556399 1.6778857 1.7698605 1.9780813 1.9252688 1.8066545 1.9077449 1.6369854 2.2950606 3.8057803 1.0011237 3.3543823 
TrH2_TrispH2_011211-RA                                 2.4111212 2.2261876 2.3932362 2.3840047 2.5281257 1.4582506 2.4180714 1.2866399 2.3063168 2.4935460 2.2356700 2.2446991 1.7934785 1.3805979 2.1509671 2.2698714 2.2262189 2.9034571 3.6790023 2.3635001 2.2426619 2.1013800 6.2412715 2.5967270 2.6193640 0.0115893 0.0000000 0.2784411 0.2750762 0.2560732 0.2892653 0.4950863 2.6502562 2.8497123 2.8393285 2.7223447 2.6297679 2.6187016 2.6280791 3.2059234 2.7405497 2.3618195 2.3618195 2.4213421 2.4100260 2.4364635 2.8627083 4.4146142 2.5817395 2.4619890 2.8701541 2.8854740 2.7779385 2.8201959 2.7863168 2.4963649 3.8873835 4.1940208 4.8880454 5.7945695 
HoiH11_mRNA8114                                        2.2902890 2.2115650 2.3856917 2.3881694 2.5347584 1.4240719 2.3682012 1.2578849 2.3494087 2.4222581 2.2406587 2.2363598 1.8559960 1.4009502 2.2004351 2.3030111 2.2676658 3.0010105 3.5851525 2.3514437 2.1431551 2.1015852 5.5473565 2.4586213 2.6214992 0.1649424 0.2784411 0.0000000 0.1889311 0.1871558 0.2002659 0.3712739 2.6472996 2.8873300 2.7890886 2.8422036 2.7314649 2.6193772 2.5867853 2.9578763 2.5766511 2.2764687 2.2764687 2.2822922 2.3167868 2.3470283 2.7930242 4.1647161 2.4541748 2.4163765 2.8991881 2.8587884 2.7180239 2.7527275 2.7568329 2.5191002 4.3807493 4.0805204 5.4007110 5.1967504 
HoiH06_mRNA8532                                        2.2421926 2.1023189 2.3521681 2.3124014 2.4240679 1.4466654 2.2643625 1.2548242 2.2249415 2.3263795 2.2277777 2.1652782 1.7679784 1.3956594 2.1646300 2.2617892 2.2201417 2.9323357 3.5585114 2.3387410 2.0583921 1.9623836 5.3644307 2.4222038 2.5834028 0.1894216 0.2750762 0.1889311 0.0000000 0.0767449 0.1565275 0.3239848 2.6062192 2.8290198 2.8182517 2.6137886 2.5565903 2.4482494 2.4230673 2.9598859 2.5323008 2.2316843 2.2316843 2.2482282 2.3105496 2.2810112 2.7127790 4.2567330 2.4241371 2.4405954 2.8746492 2.6911308 2.6591403 2.7212932 2.6064033 2.4035235 4.3376621 4.1308061 5.4875945 4.9884129 
HoiH23_PlH23_007376-RA                                 2.2676616 2.0641482 2.3764098 2.3803203 2.4015516 1.4276227 2.2584088 1.2788209 2.2481401 2.3598342 2.3186077 2.2340529 1.8093009 1.3948120 2.1764879 2.2603376 2.2242930 2.9429834 3.5607656 2.4744186 2.1296420 2.0137915 5.7130842 2.4726487 2.7253689 0.1936415 0.2560732 0.1871558 0.0767449 0.0000000 0.1441398 0.3078493 2.7133182 2.9303920 2.8754790 2.6425490 2.5953824 2.4984411 2.5365752 2.9973510 2.5456093 2.2635939 2.2635939 2.2818212 2.3785588 2.3133618 2.7090229 4.2067232 2.4545421 2.4942514 2.9371081 2.7897165 2.6366122 2.7140529 2.6228752 2.4711797 4.2571509 3.9919117 5.2909252 5.0174526 
Hhon_g08861.t1                                         2.3974300 2.2337439 2.3989155 2.4834256 2.5162396 1.4206777 2.3574029 1.2886142 2.3593859 2.4733449 2.3341772 2.2791381 1.8199342 1.3751968 2.1577659 2.2502402 2.2156637 2.9650742 3.5989644 2.5122084 2.1107693 2.0087493 5.7537526 2.4232515 2.5630721 0.2096429 0.2892653 0.2002659 0.1565275 0.1441398 0.0000000 0.1370981 2.6156544 2.8556954 2.8323129 2.7317012 2.6540704 2.5062573 2.5004797 3.0524500 2.6062677 2.2773230 2.2773230 2.2702510 2.3353683 2.4494975 2.9502117 4.3936196 2.5178537 2.4868506 2.8319525 2.7603013 2.6670800 2.8071473 2.7458635 2.4422840 4.6094728 4.0488868 5.1275672 5.1891904 
HoiH04_mRNA14744                                       3.0823193 2.8380427 2.9919401 3.1281133 3.1407042 2.0031940 2.9788538 2.2973940 3.0372030 3.0630692 3.1299608 3.0945474 2.6043102 2.2755253 2.9723109 3.0421486 3.0014167 2.9603522 3.5917073 3.1097882 2.8971711 2.7648240 5.7801012 3.0549345 3.2318827 0.4352382 0.4950863 0.3712739 0.3239848 0.3078493 0.1370981 0.0000000 3.1768775 3.4381644 3.3961947 3.4396239 3.3481893 3.2837205 3.2585406 3.0450309 2.6009617 2.9328570 2.9328570 2.8730703 3.0352203 3.1236466 3.9280901 4.3858522 3.1804720 3.1326585 3.4253980 3.4609703 3.3844650 3.4862754 3.5072190 3.1150081 4.5830074 5.9842988 5.0582566 5.4404285 
Aque_Aqu2.1.28509_001                                  2.5715517 2.4583704 2.3156950 2.1936838 2.4200745 1.3266530 2.4373134 1.0762388 2.3602646 2.5083055 2.4768247 2.4020372 2.0666819 1.6325105 2.3910746 2.5114090 2.5355703 3.0222379 3.8872652 2.4526567 2.7227028 2.6494745 6.2936700 2.3731484 1.3671764 1.7242196 2.6502562 2.6472996 2.6062192 2.7133182 2.6156544 3.1768775 0.0000000 0.5827187 0.7419500 2.9131203 2.8412224 2.4032107 2.5352794 2.4828491 2.2713855 2.0663042 2.0663042 2.1179417 2.0513400 2.1200711 2.5519744 3.5847025 2.2043027 1.9828617 1.4384009 2.7765956 2.6710298 2.5119457 2.7382496 2.5476539 3.2957916 3.3617423 2.3806276 3.9721909 
Halamb_c55922_g2_i2m.42055                             2.7101802 2.4613531 2.2277038 2.1787562 2.5372906 1.3709969 2.5582995 1.0783165 2.4558868 2.6008191 2.5700909 2.4839996 1.9898370 1.6794137 2.5186677 2.5741190 2.5768143 3.1237090 4.0054649 2.5893737 3.1465584 3.0302162 7.3522240 2.5869590 1.4846225 1.9133366 2.8497123 2.8873300 2.8290198 2.9303920 2.8556954 3.4381644 0.5827187 0.0000000 0.8697564 3.2867918 3.2540778 2.8420066 2.7977307 2.4158041 2.2161094 2.1137657 2.1137657 2.1039618 2.0732334 2.1350687 2.5475636 3.1828779 2.1779631 1.8964057 1.6084859 3.0740892 2.8158510 2.7963719 2.6568837 2.6503698 3.4390453 3.8044193 2.8140606 4.4144422 
Xestes_maker-XT_scaffold3228-augustus-gene-0.40-mRNA-1 2.7506200 2.6845778 2.3754907 2.3092055 2.6861528 1.4273492 2.4631645 1.0969288 2.3641704 2.5189666 2.6552943 2.5784682 2.2189401 1.6127253 2.6711217 2.8077693 2.7796785 3.3318288 4.0881692 2.4082423 2.8632865 2.7177851 7.7615266 2.5703893 1.5197391 1.7976138 2.8393285 2.7890886 2.8182517 2.8754790 2.8323129 3.3961947 0.7419500 0.8697564 0.0000000 3.0079802 3.0034348 2.5755841 2.8774916 2.6728218 2.4514230 2.2370312 2.2370312 2.3222261 2.2088108 2.2738104 2.7361123 3.6317437 2.3294856 2.1203755 1.6094882 2.9663047 2.8366211 2.6522085 2.8619456 2.6780322 3.7917598 3.6582011 2.4222423 4.2305639 
Nemnom_g14676.t1                                       2.0098294 1.7808299 2.1068085 1.9707439 2.2573502 1.1821010 2.1126620 1.1439474 1.8917788 1.9867330 1.6556027 1.5622563 1.2948730 1.2107679 1.6195839 1.6084729 1.6453158 1.9763396 2.2703370 2.4321648 1.7863026 1.7540381 3.2269408 2.2834540 2.6173378 1.5086948 2.7223447 2.8422036 2.6137886 2.6425490 2.7317012 3.4396239 2.9131203 3.2867918 3.0079802 0.0000000 0.1633753 0.5698542 1.0654650 2.9623147 2.5972016 2.3693549 2.3693549 2.5857773 2.3941956 2.3409636 2.5480646 3.8499114 2.4947733 2.3949180 2.8266992 2.7227321 2.7126120 2.5786208 2.7522412 1.4892851 2.8307885 4.1206479 3.5266577 3.7169761 
Rhoesc_Res_005046-T1                                   1.9509351 1.6788303 2.0822517 1.9882802 2.2379230 1.2743267 2.0562360 1.1562276 1.9592198 2.0102702 1.5026903 1.3976661 1.2305034 1.1074918 1.5302212 1.5193168 1.5512958 1.8699004 2.0938981 2.3148692 1.6827345 1.6898598 3.1309308 2.1432782 2.6042594 1.5337206 2.6297679 2.7314649 2.5565903 2.5953824 2.6540704 3.3481893 2.8412224 3.2540778 3.0034348 0.1633753 0.0000000 0.5491738 0.9945993 2.7549887 2.4763321 2.2161289 2.2161289 2.4488810 2.3288025 2.2513698 2.3742707 3.4089005 2.3278775 2.2390869 2.8036400 2.6964563 2.5739468 2.4201628 2.6397277 1.4117044 2.7270635 4.1144972 3.3231771 3.5762484 
Sanmal_Sma_006013-T1                                   1.8726899 1.6033749 1.7997216 1.7608433 2.0065255 1.2436728 1.9739547 1.1086709 1.8828430 1.9014801 1.5590392 1.4418361 1.1707376 1.1482782 1.4758875 1.5089013 1.4680000 1.8193895 1.9222542 2.2317035 1.7420353 1.7350546 4.0094291 2.2652244 2.1132811 1.6742408 2.6187016 2.6193772 2.4482494 2.4984411 2.5062573 3.2837205 2.4032107 2.8420066 2.5755841 0.5698542 0.5491738 0.0000000 0.8948315 2.3852040 2.2015463 2.0757703 2.0757703 2.1820795 1.9987578 2.1067656 2.1428519 3.1696238 2.1424865 1.9782628 2.3376178 2.4900826 2.5186091 2.3639861 2.6168650 1.4087870 2.3598795 4.3290754 3.1628033 3.2339645 
Morvir_scaffold80.g6.t1                                2.1916759 1.6822856 1.9540474 1.7907772 2.3910432 1.2799431 1.9815205 1.2849124 2.0325095 2.0159603 1.5016189 1.4829229 1.3197411 1.3418587 1.6116361 1.5271286 1.5253344 1.9026032 1.9568851 2.3652873 1.6554759 1.6778718 3.1859784 2.0377258 2.1721599 1.8826143 2.6280791 2.5867853 2.4230673 2.5365752 2.5004797 3.2585406 2.5352794 2.7977307 2.8774916 1.0654650 0.9945993 0.8948315 0.0000000 2.7069069 2.4216743 2.2050421 2.2050421 2.3346643 2.2402004 2.2647020 2.3538798 2.8839921 2.2481655 2.1271522 2.5121754 2.3415270 2.3750247 2.4162209 2.6569104 1.2010792 2.7263639 3.5729742 3.3232705 2.8668168 
Mlei_ML0015.g1.i1                                      2.3775171 2.0948184 2.0472868 2.0911676 2.2279346 1.5231794 2.1085311 1.3527715 2.0683560 2.2671699 2.4741671 2.5438124 1.9973996 1.9026645 2.3800732 2.4788932 2.4982718 2.4780307 2.6377303 2.5420583 2.6777405 2.3924060 3.9855062 2.2723234 2.5022230 1.8219803 3.2059234 2.9578763 2.9598859 2.9973510 3.0524500 3.0450309 2.4828491 2.4158041 2.6728218 2.9623147 2.7549887 2.3852040 2.7069069 0.0000000 0.0000010 0.1751438 0.1751438 0.2099441 0.2079671 0.2598440 0.3828132 0.5902274 0.4764327 0.4037329 2.1866946 2.8559110 2.8602678 3.1741557 3.1860919 2.6400778 1.4162081 7.0900677 2.8107131 3.6977857 
Vmul_sbMO387426                                        2.0911111 1.9361911 1.9598086 1.9624371 2.0901826 1.4334357 1.9784713 1.3715088 1.9680536 2.0596267 2.3233126 2.2311232 1.8806242 1.7403168 2.1916757 2.2719967 2.2763257 2.4724945 2.6377303 2.2846739 2.4582111 2.2579851 3.9855062 2.1345520 2.3095160 1.5665033 2.7405497 2.5766511 2.5323008 2.5456093 2.6062677 2.6009617 2.2713855 2.2161094 2.4514230 2.5972016 2.4763321 2.2015463 2.4216743 0.0000010 0.0000000 0.2084861 0.2084861 0.2264182 0.2258674 0.2752135 0.3734182 0.5902274 0.4772308 0.4080516 1.9815199 2.6472919 2.6379283 2.7701872 2.8199011 2.4314254 1.4782484 4.5702830 2.8107131 3.6977857 
Bolinf_Binf_sb1244913                                  1.9191455 1.7737596 1.8547461 1.8012753 1.8408217 1.4909081 1.7949443 1.5542009 1.8310971 1.9498739 2.1111033 2.0830667 1.9050742 1.8465542 2.0830611 2.2031691 2.2017384 2.3563905 2.5204894 2.1299542 2.2325868 2.0910296 4.4838539 2.0899381 2.0860145 1.7000588 2.3618195 2.2764687 2.2316843 2.2635939 2.2773230 2.9328570 2.0663042 2.1137657 2.2370312 2.3693549 2.2161289 2.0757703 2.2050421 0.1751438 0.2084861 0.0000000 0.0000010 0.2573422 0.2292542 0.2902756 0.3761269 0.5157198 0.3790005 0.3341220 1.9495793 2.2739020 2.2850845 2.3242645 2.3304473 2.1897341 1.5145059 3.2997222 3.0680104 3.7352973 
Mertsp_Mesp_sb584640                                   1.9191455 1.7737596 1.8547461 1.8012753 1.8408217 1.4909081 1.7949443 1.5542009 1.8310971 1.9498739 2.1111033 2.0830667 1.9050742 1.8465542 2.0830611 2.2031691 2.2017384 2.3563905 2.5204894 2.1299542 2.2325868 2.0910296 4.4838539 2.0899381 2.0860145 1.7000588 2.3618195 2.2764687 2.2316843 2.2635939 2.2773230 2.9328570 2.0663042 2.1137657 2.2370312 2.3693549 2.2161289 2.0757703 2.2050421 0.1751438 0.2084861 0.0000010 0.0000000 0.2573422 0.2292542 0.2902756 0.3761269 0.5157198 0.3790005 0.3341220 1.9495793 2.2739020 2.2850845 2.3242645 2.3304473 2.1897341 1.5145059 3.2997222 3.0680104 3.7352973 
Drygla_Dgla_sb283527                                   1.9236625 1.7439811 1.9336408 1.8673675 1.9313760 1.4374998 1.8832695 1.5824330 1.9358245 2.0407913 2.1963834 2.1324890 1.8593004 1.7808330 2.0768070 2.1281765 2.1702848 2.4347671 2.5346472 2.1821581 2.2948643 2.1402342 4.6095515 2.1566569 2.1782890 1.6949950 2.4213421 2.2822922 2.2482282 2.2818212 2.2702510 2.8730703 2.1179417 2.1039618 2.3222261 2.5857773 2.4488810 2.1820795 2.3346643 0.2099441 0.2264182 0.2573422 0.2573422 0.0000000 0.2492395 0.2988625 0.3716465 0.6309380 0.4312408 0.4126990 2.0135991 2.2722873 2.1901892 2.2704226 2.2635462 2.2780152 1.7263549 3.3641418 3.2501531 3.7979471 
Beraby_Baby_sb332256                                   1.8725747 1.7210922 1.9348918 1.7938684 1.9252058 1.5054790 1.8728650 1.6221336 1.8388743 1.9845328 2.1266497 2.0347056 1.9188689 1.8524402 2.1065773 2.1820187 2.1977723 2.3997010 2.4270288 2.1904205 2.1716264 2.1209394 4.2419168 2.1232726 2.0304686 1.7636422 2.4100260 2.3167868 2.3105496 2.3785588 2.3353683 3.0352203 2.0513400 2.0732334 2.2088108 2.3941956 2.3288025 1.9987578 2.2402004 0.2079671 0.2258674 0.2292542 0.2292542 0.2492395 0.0000000 0.3077063 0.3507696 0.5706835 0.4491303 0.3882088 1.9912844 2.1969737 2.1625575 2.2682813 2.3003986 2.2046606 1.4085193 3.2575475 2.9005969 3.7253568 
Horcal_Hcv1.av93.c2.g883.i1                            1.9259297 1.7544857 1.9251290 1.8125068 1.9616799 1.4592329 1.8841073 1.5585039 1.8441859 1.9103184 2.1294854 1.9816994 1.8318430 1.6881821 1.9809637 2.0944630 2.0675318 2.3221461 2.5836885 2.0857057 2.3364933 2.1808076 4.0293482 2.0660256 2.2464157 1.7682990 2.4364635 2.3470283 2.2810112 2.3133618 2.4494975 3.1236466 2.1200711 2.1350687 2.2738104 2.3409636 2.2513698 2.1067656 2.2647020 0.2598440 0.2752135 0.2902756 0.2902756 0.2988625 0.3077063 0.0000000 0.0633738 0.6069380 0.4616046 0.4402711 2.0306361 2.1297787 2.2385853 2.2155820 2.2423929 2.1347223 1.4632471 3.4608283 3.8803031 3.9460791 
Pbac_sb2656663                                         2.1915392 1.9617076 2.2760764 2.1820722 2.2712955 1.7542412 2.1782641 1.7805232 2.1970349 2.3105123 2.2627289 2.1282138 2.0126156 1.9287195 2.1732102 2.3130538 2.2991253 2.7226143 2.8855963 2.4506995 2.5268609 2.3583896 4.3119332 2.3972126 2.6178117 2.1943011 2.8627083 2.7930242 2.7127790 2.7090229 2.9502117 3.9280901 2.5519744 2.5475636 2.7361123 2.5480646 2.3742707 2.1428519 2.3538798 0.3828132 0.3734182 0.3761269 0.3761269 0.3716465 0.3507696 0.0633738 0.0000000 0.6248778 0.5279761 0.5294152 2.3353290 2.3025118 2.4105776 2.4614018 2.4569654 2.2744552 1.4315159 3.5007486 3.9766585 4.0377515 
Coeast_Cast_sb797579                                   3.2258746 2.5415765 2.7366404 2.7536761 3.3056692 1.3328788 2.9547419 1.6915022 2.7698444 3.1507849 3.1674877 2.9300885 2.8302016 7.0283836 3.1555547 3.4122984 3.4481913 3.1911927 3.2025915 3.5882421 2.8767691 2.8298847 3.6453927 2.9197099 3.3740478 0.9898622 4.4146142 4.1647161 4.2567330 4.2067232 4.3936196 4.3858522 3.5847025 3.1828779 3.6317437 3.8499114 3.4089005 3.1696238 2.8839921 0.5902274 0.5902274 0.5157198 0.5157198 0.6309380 0.5706835 0.6069380 0.6248778 0.0000000 0.0000010 0.3819736 3.0879861 4.0833948 3.8724088 4.2773277 4.1976005 3.2432906 1.1533896 6.3244819 3.0647689 3.4446886 
Coemet_Cmet_scaffold21343_01                           1.9866093 1.8700272 2.0197820 1.8060985 1.9416497 1.5562578 1.9101250 1.6980494 1.9473580 2.0404392 2.3722692 2.1304776 2.0420162 1.9813307 2.2324956 2.3839683 2.3615043 2.5642217 2.7569680 2.1108248 2.2442639 2.1970464 3.8562325 2.0998028 2.1209367 1.7556399 2.5817395 2.4541748 2.4241371 2.4545421 2.5178537 3.1804720 2.2043027 2.1779631 2.3294856 2.4947733 2.3278775 2.1424865 2.2481655 0.4764327 0.4772308 0.3790005 0.3790005 0.4312408 0.4491303 0.4616046 0.5279761 0.0000010 0.0000000 0.3207041 2.1220183 2.4111352 2.5002912 2.3214840 2.5220161 2.3008575 1.2382902 3.3718955 3.2486897 3.7366948 
Lampan_Lpan_3274_01                                    1.9172577 1.7414997 1.9199687 1.7154388 1.8577988 1.4345540 1.8294498 1.5093390 1.8293535 1.9424751 2.1563656 2.0264597 1.8695756 1.8106002 2.1064201 2.2111838 2.2012148 2.4976917 2.7111726 1.9634243 2.2523686 2.1984583 4.7469450 2.0121928 1.9123821 1.6778857 2.4619890 2.4163765 2.4405954 2.4942514 2.4868506 3.1326585 1.9828617 1.8964057 2.1203755 2.3949180 2.2390869 1.9782628 2.1271522 0.4037329 0.4080516 0.3341220 0.3341220 0.4126990 0.3882088 0.4402711 0.5294152 0.3819736 0.3207041 0.0000000 1.9806825 2.3373665 2.1982815 2.2584138 2.3036158 2.1976825 1.4180791 3.2489347 3.0825512 3.4691958 
Spolac_c104277_g1_i1_m.39351c104277-g1                 2.6018636 2.2941032 2.1446371 1.9860206 2.2455142 1.2189954 2.1632051 1.1152234 2.1432506 2.1779193 2.5314078 2.4225881 1.9853777 1.5270297 2.3209269 2.4098989 2.4462080 2.8647110 3.4780694 2.3408443 2.7345127 2.5670611 4.5421187 2.3936178 1.1300938 1.7698605 2.8701541 2.8991881 2.8746492 2.9371081 2.8319525 3.4253980 1.4384009 1.6084859 1.6094882 2.8266992 2.8036400 2.3376178 2.5121754 2.1866946 1.9815199 1.9495793 1.9495793 2.0135991 1.9912844 2.0306361 2.3353290 3.0879861 2.1220183 1.9806825 0.0000000 2.9107753 2.6677991 2.6537564 2.6669139 2.6088016 3.2673926 2.1275120 1.7004734 3.6452356 
Scil_scict018237.3                                     2.6223280 2.4549071 2.4776055 2.5780573 2.5869843 1.3170731 2.6017027 1.0916927 2.5379669 2.6672852 2.3639248 2.3254499 1.9922167 1.4648765 2.3760409 2.4765602 2.4785860 3.1678796 3.6747163 2.4556619 2.7014443 2.5502893 5.0784447 2.4084222 2.4738181 1.9780813 2.8854740 2.8587884 2.6911308 2.7897165 2.7603013 3.4609703 2.7765956 3.0740892 2.9663047 2.7227321 2.6964563 2.4900826 2.3415270 2.8559110 2.6472919 2.2739020 2.2739020 2.2722873 2.1969737 2.1297787 2.3025118 4.0833948 2.4111352 2.3373665 2.9107753 0.0000000 0.6427198 0.7351918 0.6551821 2.5015458 4.2159477 3.6980402 4.4838785 2.7309927 
Gracom_Gcom_scaffold9718_01                            2.5564512 2.1954944 2.2977746 2.3350339 2.4351501 1.3433926 2.5304131 1.0581925 2.2756255 2.4062296 2.3333110 2.3152028 2.1149587 1.5530596 2.2807291 2.3492169 2.4417112 2.9494922 3.3976716 2.3199145 2.5197286 2.4956149 4.9357198 2.3341375 2.2367923 1.9252688 2.7779385 2.7180239 2.6591403 2.6366122 2.6670800 3.3844650 2.6710298 2.8158510 2.8366211 2.7126120 2.5739468 2.5186091 2.3750247 2.8602678 2.6379283 2.2850845 2.2850845 2.1901892 2.1625575 2.2385853 2.4105776 3.8724088 2.5002912 2.1982815 2.6677991 0.6427198 0.0000000 0.7622136 0.6752632 2.5065476 4.3779183 3.3170880 3.4871979 2.3296162 
Lcom_lcpid44557                                        2.4434637 2.2922027 2.3032356 2.3669811 2.6804040 1.3673218 2.5484139 1.0735117 2.3022633 2.4891930 2.2803365 2.1673866 2.0353243 1.5309957 2.1779882 2.2747319 2.3040812 2.7062964 3.3676919 2.2677073 2.3009645 2.3010924 3.8304898 2.3873112 2.2268111 1.8066545 2.8201959 2.7527275 2.7212932 2.7140529 2.8071473 3.4862754 2.5119457 2.7963719 2.6522085 2.5786208 2.4201628 2.3639861 2.4162209 3.1741557 2.7701872 2.3242645 2.3242645 2.2704226 2.2682813 2.2155820 2.4614018 4.2773277 2.3214840 2.2584138 2.6537564 0.7351918 0.7622136 0.0000000 0.6558829 2.5434008 4.1972958 3.3854481 3.5446323 2.5870099 
Leuniv_Lniv_scaffold3489_01                            2.7052802 2.2844566 2.3593367 2.5033923 2.5289479 1.2530013 2.5143433 1.0313620 2.3414563 2.5615597 2.4147557 2.4412464 2.0287610 1.4545096 2.4144624 2.4502703 2.5076089 3.2188422 3.8416625 2.2948965 2.6707782 2.5059244 4.8602656 2.3575876 2.5660780 1.9077449 2.7863168 2.7568329 2.6064033 2.6228752 2.7458635 3.5072190 2.7382496 2.6568837 2.8619456 2.7522412 2.6397277 2.6168650 2.6569104 3.1860919 2.8199011 2.3304473 2.3304473 2.2635462 2.3003986 2.2423929 2.4569654 4.1976005 2.5220161 2.3036158 2.6669139 0.6551821 0.6752632 0.6558829 0.0000000 2.5767183 5.1077840 3.1670444 4.6969092 2.4189749 
Chem_TCONS_00027971                                    2.1603651 1.8618132 2.0606358 1.9168968 2.2866162 1.4446003 2.0608152 1.2739462 1.9567851 2.0426541 1.7068511 1.6659748 1.4428746 1.3210764 1.7440091 1.7106785 1.6935069 2.1655342 2.2243230 2.4391569 1.9287712 1.8525203 3.4706307 2.1934867 2.4426484 1.6369854 2.4963649 2.5191002 2.4035235 2.4711797 2.4422840 3.1150081 2.5476539 2.6503698 2.6780322 1.4892851 1.4117044 1.4087870 1.2010792 2.6400778 2.4314254 2.1897341 2.1897341 2.2780152 2.2046606 2.1347223 2.2744552 3.2432906 2.3008575 2.1976825 2.6088016 2.5015458 2.5065476 2.5434008 2.5767183 0.0000000 2.7095923 3.7083061 3.5773962 3.1152244 
Eupdun_Edun_sb10627987                                 3.3230879 2.4458323 2.6998159 2.3463590 2.9565837 1.2147121 2.8519742 1.2147121 2.2994100 2.4299258 2.4020766 2.3859581 1.9790361 2.3529168 2.6328926 2.8634624 2.9002859 2.5852508 2.6475174 3.8773375 2.5983351 2.6391111 3.4068866 3.0680150 3.1229998 2.2950606 3.8873835 4.3807493 4.3376621 4.2571509 4.6094728 4.5830074 3.2957916 3.4390453 3.7917598 2.8307885 2.7270635 2.3598795 2.7263639 1.4162081 1.4782484 1.5145059 1.5145059 1.7263549 1.4085193 1.4632471 1.4315159 1.1533896 1.2382902 1.4180791 3.2673926 4.2159477 4.3779183 4.1972958 5.1077840 2.7095923 0.0000000 5.7880601 2.6186202 3.0612357 
Emue_Em0007g266a.t1                                    4.0917475 3.6109806 3.8498706 3.2155303 3.5310519 2.4768504 4.2558519 2.4453200 3.4862654 3.6645722 3.5286982 3.5334466 2.8748406 2.3907750 3.6191210 3.5221180 3.6250758 5.3028554 4.4207809 4.1395205 4.0262741 4.0511804 5.6383395 3.7175763 2.9751362 3.8057803 4.1940208 4.0805204 4.1308061 3.9919117 4.0488868 5.9842988 3.3617423 3.8044193 3.6582011 4.1206479 4.1144972 4.3290754 3.5729742 7.0900677 4.5702830 3.2997222 3.2997222 3.3641418 3.2575475 3.4608283 3.5007486 6.3244819 3.3718955 3.2489347 2.1275120 3.6980402 3.3170880 3.3854481 3.1670444 3.7083061 5.7880601 0.0000000 5.4862895 5.2009518 
Stycar_maker-SC_scaffold17893-snap-gene-0.5-mRNA-1     4.8487810 3.3698135 3.1999085 2.8809368 3.6755840 5.2327319 3.6723745 2.2961181 2.9860664 3.1588973 2.8876553 3.0704849 2.8111417 3.3933147 2.8869960 3.0937679 2.9909300 3.1985602 3.1233150 3.9298514 3.9427904 4.0848455 5.1576349 5.0644115 1.6157066 1.0011237 4.8880454 5.4007110 5.4875945 5.2909252 5.1275672 5.0582566 2.3806276 2.8140606 2.4222423 3.5266577 3.3231771 3.1628033 3.3232705 2.8107131 2.8107131 3.0680104 3.0680104 3.2501531 2.9005969 3.8803031 3.9766585 3.0647689 3.2486897 3.0825512 1.7004734 4.4838785 3.4871979 3.5446323 4.6969092 3.5773962 2.6186202 5.4862895 0.0000000 2.5878542 
Clacor_Ccor_scaffold3629_01                            3.8957791 3.3902430 3.3292336 3.2096641 3.9478025 3.4699851 3.5626188 1.7948196 3.1464055 3.3828676 2.9519806 2.9662192 2.6230171 2.5543245 3.2635895 3.3507215 3.4283068 3.4142182 3.1661394 4.2519665 3.4108776 3.5467623 4.8869875 3.8253779 3.4419945 3.3543823 5.7945695 5.1967504 4.9884129 5.0174526 5.1891904 5.4404285 3.9721909 4.4144422 4.2305639 3.7169761 3.5762484 3.2339645 2.8668168 3.6977857 3.6977857 3.7352973 3.7352973 3.7979471 3.7253568 3.9460791 4.0377515 3.4446886 3.7366948 3.4691958 3.6452356 2.7309927 2.3296162 2.5870099 2.4189749 3.1152244 3.0612357 5.2009518 2.5878542 0.0000000 
