61
Hsap_ENST00000216392                                               0.0000000 0.5850666 0.5744451 0.5500505 0.6122020 0.5550967 0.5580826 0.6305217 0.7483533 0.6986914 0.7582483 0.7365158 0.7726346 0.7529528 0.7111702 0.7838652 0.7438140 0.5595700 0.8878244 0.8753121 0.8896098 0.8817173 0.9804935 0.6985008 0.7620433 0.8683081 0.9127178 0.8523108 0.8293527 0.9380317 0.9463888 1.7401186 0.7347304 0.7438563 0.7910824 0.7690938 0.7749556 0.7446805 0.7909451 1.0568996 0.9557130 0.9460869 0.9716820 0.9115139 0.8191130 0.8562495 0.8537693 0.8625402 0.9928665 1.0643954 0.7925202 0.8874837 0.9918779 0.9311288 1.0255648 0.8707387 0.9619217 0.8538993 1.0121247 0.7971328 0.6597347 
Bralan_BLAG04001462_1                                              0.5850666 0.0000000 0.4434886 0.4914644 0.5479836 0.5578977 0.5455254 0.5003766 0.7084295 0.6310070 0.6962312 0.6580813 0.6608481 0.6516234 0.6541077 0.6889537 0.6541419 0.4613810 0.9022775 0.8625069 0.7968480 0.9327333 1.0255667 0.7229508 0.6886563 0.8590966 0.8349242 0.7924514 0.7688505 0.8323918 0.8230818 1.4226526 0.7079175 0.7195451 0.7832284 0.7689781 0.7685536 0.7110567 0.8000965 0.9696154 0.8697780 0.8358757 0.9157531 0.8148410 0.8257299 0.8692891 0.8135221 0.8245725 0.9540854 1.0374198 0.8443072 0.9053806 1.0023889 0.9734225 1.0373766 0.9493596 1.0495532 0.8495248 1.1467040 0.7607976 0.5577566 
Ctel_gnl_WGS_AMQN_CAPTEDRAFT_mRNA163682                            0.5744451 0.4434886 0.0000000 0.4330209 0.4077753 0.5476265 0.4771377 0.4746443 0.6524160 0.5574140 0.6250368 0.6144418 0.6155850 0.6123679 0.6124689 0.6070114 0.6557457 0.5846578 0.8641357 0.8578066 0.8136676 0.8853437 0.9160153 0.6662103 0.6413343 0.8550000 0.8449880 0.8294179 0.7786472 0.8325153 0.8259044 1.3967635 0.7268615 0.7348282 0.8543701 0.8071448 0.8055199 0.7682388 0.8354628 0.9688449 0.8618938 0.8638632 0.9362795 0.8523908 0.8038836 0.7979758 0.8132929 0.8024115 0.9337224 1.1175976 0.7845332 0.8983122 1.0303333 0.9690664 1.0598636 0.8834928 1.0352531 0.8847807 1.1057022 0.8309143 0.6024965 
Cgig_XM_011434576.3                                                0.5500505 0.4914644 0.4330209 0.0000000 0.3361243 0.5057839 0.4399324 0.4664308 0.6453266 0.5903565 0.6519248 0.6007620 0.6179513 0.6211845 0.6230953 0.6158831 0.6291664 0.4065916 0.7860587 0.7993383 0.7516672 0.7654414 0.8267984 0.5897704 0.5771170 0.7853314 0.7695785 0.7645316 0.7568898 0.8283744 0.8087934 1.2157916 0.6614535 0.6658445 0.7062727 0.7048712 0.7053988 0.6559341 0.6941662 0.9137440 0.8224221 0.8584270 0.8519211 0.7823073 0.6446309 0.7065699 0.7782082 0.8090811 0.8625704 0.9880036 0.7739813 0.7909667 0.8296703 0.8513585 0.9212186 0.8136064 0.9539976 0.6952776 1.0211753 0.6861577 0.7130529 
Acagra_model.g15459.t1                                             0.6122020 0.5479836 0.4077753 0.3361243 0.0000000 0.5020112 0.4553298 0.4746751 0.6632980 0.5823397 0.6444810 0.6173284 0.6137571 0.5990137 0.5971733 0.5593049 0.6551744 0.4094688 0.8324122 0.8238671 0.7600363 0.8330408 0.9489474 0.6856563 0.6289565 0.8472284 0.7888772 0.7439717 0.7502082 0.8606835 0.8318086 1.3776488 0.6533115 0.6604289 0.7044253 0.7231314 0.7140452 0.6671695 0.7262531 0.9129667 0.8700666 0.8917312 0.8734419 0.8200436 0.7463332 0.7804689 0.8524185 0.8553473 0.9469104 1.1149758 0.7669885 0.8718610 1.0156371 0.9359477 1.0695297 0.8687390 1.0066654 0.8531442 1.1962510 0.8583795 0.6362962 
Tcas_TC008246_001                                                  0.5550967 0.5578977 0.5476265 0.5057839 0.5020112 0.0000000 0.3401526 0.5637378 0.7311628 0.6336204 0.6920602 0.6748710 0.6852146 0.6751092 0.6833547 0.7162612 0.6880557 0.6404164 0.8429442 0.8417231 0.8143160 0.8138106 0.9717161 0.6930242 0.7036002 0.8336906 0.8629754 0.8046667 0.8003796 0.8231837 0.8323075 1.6316135 0.6939025 0.7072001 0.7850001 0.7589577 0.7612629 0.7246636 0.7660156 0.9620762 0.8723373 0.9030581 0.9097155 0.8949176 0.7509419 0.8109898 0.8455705 0.8763883 0.9015848 1.0497486 0.7818743 0.8697341 0.9473835 0.9056338 1.0230544 0.8938954 0.9643450 0.6678602 1.1549255 0.7300621 0.7574809 
Dpul_mRNA28203                                                     0.5580826 0.5455254 0.4771377 0.4399324 0.4553298 0.3401526 0.0000000 0.5102182 0.7171852 0.6223444 0.6822262 0.6896131 0.6993658 0.6860735 0.6588051 0.6955304 0.6797768 0.4780658 0.7642858 0.7631252 0.7544239 0.8055942 0.9714772 0.6617599 0.6323891 0.8389569 0.8436723 0.7880864 0.7672570 0.8371658 0.8402151 1.5454295 0.6740432 0.6905049 0.7407517 0.7183328 0.7257279 0.6678015 0.7411144 0.9351930 0.8626364 0.8663568 0.8752125 0.8131156 0.7579529 0.7527986 0.8083231 0.8625367 0.9394113 1.1639470 0.8358045 0.8729780 0.9702289 0.9092538 0.9701138 0.8314657 0.9722330 0.7160156 1.1342054 0.8078494 0.6283264 
Spur_XM_030998532.1                                                0.6305217 0.5003766 0.4746443 0.4664308 0.4746751 0.5637378 0.5102182 0.0000000 0.6473131 0.5488473 0.6105666 0.5958133 0.6084862 0.5995635 0.6016990 0.6226701 0.6364685 0.4309210 0.7759580 0.7502874 0.7317463 0.7932869 1.0737662 0.7462157 0.6225454 0.7374588 0.7229672 0.6647230 0.7135293 0.7729352 0.7611257 1.0244794 0.6571753 0.6608905 0.7299862 0.7092163 0.7096028 0.6748575 0.7013615 0.8753898 0.7519804 0.8202974 0.8275089 0.7648054 0.7744295 0.7406141 0.7596714 0.7913039 0.8785753 0.9940009 0.7098863 0.8325668 0.9298920 0.8935362 0.8800941 0.7894670 0.9194883 0.7284182 0.9921174 0.6094437 0.6636763 
Exapal_XM_021038690.2                                              0.7483533 0.7084295 0.6524160 0.6453266 0.6632980 0.7311628 0.7171852 0.6473131 0.0000000 0.3382658 0.3498867 0.3087522 0.3409231 0.3426092 0.3245563 0.3578084 0.2971071 0.3494920 0.8424594 0.8482277 0.7907811 0.7838942 0.9006933 0.6643150 0.7175004 0.8662585 0.8291017 0.8554518 0.8370173 0.7660324 0.7639022 1.1062184 0.6775014 0.6912367 0.7557016 0.7308336 0.7216268 0.7063362 0.7431753 0.9622788 0.8757147 0.8749201 0.9503356 0.8493370 0.7248246 0.7826269 0.7034870 0.7026643 0.9537001 1.1631713 0.8232471 0.8585381 0.9309537 0.9020607 0.9751104 0.7549942 0.8996275 0.8089622 1.2805183 0.6963431 0.9526573 
Adig_XM_015921083.1                                                0.6986914 0.6310070 0.5574140 0.5903565 0.5823397 0.6336204 0.6223444 0.5488473 0.3382658 0.0000000 0.0060017 0.1417086 0.1709299 0.1608852 0.1041283 0.2217370 0.3550874 0.3208164 0.6508500 0.6625332 0.6502098 0.6531502 0.7477900 0.6241452 0.6122345 0.7881673 0.7667856 0.7504099 0.7325096 0.7377627 0.7323814 0.8602585 0.6515383 0.6636423 0.6654859 0.6959193 0.6982828 0.6614116 0.6864520 0.8994045 0.7448020 0.8435691 0.8406149 0.7131564 0.6849311 0.7147477 0.6207103 0.6185100 0.8598182 0.9989165 0.8467810 0.8253215 0.8566943 0.8376880 0.9039659 0.7656176 0.8947021 0.8316889 1.0165331 0.7913207 0.8866215 
Amil_Amillepora12712-RA                                            0.7582483 0.6962312 0.6250368 0.6519248 0.6444810 0.6920602 0.6822262 0.6105666 0.3498867 0.0060017 0.0000000 0.1525327 0.1825887 0.1726229 0.1104797 0.2217370 0.3867558 0.3208164 0.7099923 0.7154186 0.6980510 0.6923216 0.9062209 0.6804957 0.6675716 0.8431742 0.8116915 0.7980081 0.7863078 0.7986930 0.7982050 1.0692012 0.6926376 0.7051405 0.7187274 0.7400263 0.7423609 0.6964774 0.7451009 0.9590420 0.7933034 0.8973712 0.8771517 0.7895620 0.6849311 0.7455805 0.6588625 0.6541258 0.9349561 1.1185406 0.8467810 0.8773543 0.9212183 0.8812177 0.9757173 0.7656176 0.9457815 0.8316889 1.2431299 0.7913207 0.8866215 
Gasp_gasp1.m3.14794.m1                                             0.7365158 0.6580813 0.6144418 0.6007620 0.6173284 0.6748710 0.6896131 0.5958133 0.3087522 0.1417086 0.1525327 0.0000000 0.1073630 0.0960624 0.1317508 0.1522930 0.3539993 0.2882581 0.7022522 0.7253014 0.6939035 0.6625146 0.8151621 0.6258501 0.6437967 0.8229545 0.7766439 0.8141462 0.7581628 0.7747567 0.7827785 0.9342001 0.7131857 0.7262468 0.7207136 0.7520869 0.7443623 0.7122668 0.7293420 0.8958214 0.7589042 0.8662243 0.8155854 0.7192995 0.6727783 0.7222718 0.6619781 0.6587087 0.9375156 1.1728005 0.8322576 0.8440063 0.9289944 0.8660017 0.9797556 0.7059443 0.8907227 0.8120169 1.2308035 0.8091264 0.9109626 
Spis_XP_022800816_1                                                0.7726346 0.6608481 0.6155850 0.6179513 0.6137571 0.6852146 0.6993658 0.6084862 0.3409231 0.1709299 0.1825887 0.1073630 0.0000000 0.0397433 0.1654961 0.1810690 0.3699618 0.3061826 0.7326756 0.7605715 0.6928330 0.6740421 0.8488934 0.6225827 0.6253899 0.8240224 0.7748073 0.8022759 0.7318711 0.8102994 0.7929696 0.9104296 0.7305778 0.7449761 0.7177281 0.7657110 0.7579714 0.7140461 0.7348821 0.9265630 0.7756076 0.8683345 0.8281651 0.7331229 0.7032668 0.7131161 0.6661720 0.6489838 0.9160552 1.1329929 0.8148737 0.8449598 0.9052358 0.8600686 0.9790900 0.7199544 0.9128920 0.7918279 1.1698930 0.7830493 0.8739949 
Pocdam_XM_027202675.1                                              0.7529528 0.6516234 0.6123679 0.6211845 0.5990137 0.6751092 0.6860735 0.5995635 0.3426092 0.1608852 0.1726229 0.0960624 0.0397433 0.0000000 0.1543871 0.1850898 0.3674535 0.3061826 0.7326156 0.7564771 0.6989103 0.6683565 0.8612064 0.6246959 0.6312768 0.8207595 0.7826258 0.8140299 0.7429636 0.8238454 0.8016638 0.9017292 0.7423210 0.7539832 0.7329337 0.7754356 0.7676353 0.7312163 0.7558346 0.9315521 0.7780561 0.8700655 0.8423102 0.7355630 0.7148890 0.7198532 0.6715226 0.6575248 0.9247813 1.1524368 0.8188684 0.8443052 0.9110056 0.8579985 0.9853025 0.7197082 0.9081327 0.8255762 1.1875123 0.8054406 0.8873922 
Gfas_gfas1.m1.4634.m1                                              0.7111702 0.6541077 0.6124689 0.6230953 0.5971733 0.6833547 0.6588051 0.6016990 0.3245563 0.1041283 0.1104797 0.1317508 0.1654961 0.1543871 0.0000000 0.1913104 0.3672168 0.3398243 0.6966656 0.6973794 0.6539045 0.6360432 0.7962234 0.6340217 0.6371082 0.7989798 0.7616717 0.7965323 0.7487425 0.7627283 0.7555785 1.0883075 0.6561662 0.6683394 0.6947797 0.7254179 0.7234133 0.6797893 0.6919328 0.8887400 0.7600868 0.8702200 0.7986950 0.7336035 0.5873697 0.7035221 0.6470164 0.6447360 0.9034812 1.2003538 0.8672570 0.8268782 0.8896090 0.8452907 0.9460023 0.6859935 0.8905245 0.7193337 1.2298485 0.6341107 0.8901662 
Fspp_ffun1.m4.31089.m1                                             0.7838652 0.6889537 0.6070114 0.6158831 0.5593049 0.7162612 0.6955304 0.6226701 0.3578084 0.2217370 0.2217370 0.1522930 0.1810690 0.1850898 0.1913104 0.0000000 0.4639093 0.3492653 0.7364710 0.7808771 0.7180126 0.6339060 0.7763752 0.6642733 0.6538695 0.8932085 0.8309296 0.9252044 0.8602522 0.7845287 0.7871519 4.4476756 0.7844867 0.8055948 0.7209157 0.8239466 0.8152496 0.7941376 0.7848534 0.9269197 0.7793250 0.8646623 0.8826249 0.7356314 0.7837551 0.7786518 0.6623365 0.6623802 0.8726639 0.9610521 0.8207456 0.7945926 0.8933347 0.9207122 0.8287334 0.7197021 0.8849919 0.8371818 1.1376474 0.9700485 0.9364034 
Nvec_v1g246875                                                     0.7438140 0.6541419 0.6557457 0.6291664 0.6551744 0.6880557 0.6797768 0.6364685 0.2971071 0.3550874 0.3867558 0.3539993 0.3699618 0.3674535 0.3672168 0.4639093 0.0000000 0.3184875 0.9071168 0.8842187 0.8400607 0.8614297 0.8860789 0.6483846 0.6766768 0.8896519 0.8896854 0.8840897 0.8096156 0.8019107 0.7875614 1.3420530 0.6838156 0.6981899 0.7478632 0.7610527 0.7575751 0.6746211 0.7539349 0.9863241 0.8956921 0.9075783 0.9484254 0.8774743 0.7918792 0.8579715 0.6399420 0.6358484 0.9542573 1.2381832 0.8534281 0.8499921 0.9888479 0.9122688 1.0309167 0.8000292 0.9589282 0.8227577 1.3267804 0.6781355 0.9018951 
Aaur_scaffold784.g4.t1                                             0.5595700 0.4613810 0.5846578 0.4065916 0.4094688 0.6404164 0.4780658 0.4309210 0.3494920 0.3208164 0.3208164 0.2882581 0.3061826 0.3061826 0.3398243 0.3492653 0.3184875 0.0000000 0.2628355 0.2239562 0.2709444 0.4801021 0.3718932 0.3718932 0.3366411 0.5596343 0.5118262 0.5484806 0.5218677 0.4099020 0.3901868 0.6864881 0.4793489 0.4937666 0.5187040 0.5859161 0.5859161 0.5249287 0.4826451 0.4898326 0.5999436 0.5375626 0.4423906 0.4020650 0.3387912 0.5469653 0.5033720 0.5041959 0.6699329 0.6483716 0.5295257 0.4531046 0.5606443 0.5606443 0.5829193 0.5481662 0.7774740 0.5423249 0.6689263 0.5166314 0.0000010 
Nemnom_g15851.t1                                                   0.8878244 0.9022775 0.8641357 0.7860587 0.8324122 0.8429442 0.7642858 0.7759580 0.8424594 0.6508500 0.7099923 0.7022522 0.7326756 0.7326156 0.6966656 0.7364710 0.9071168 0.2628355 0.0000000 0.0970371 0.3742000 0.5423171 0.9027104 0.8076531 0.7925630 0.9677711 0.9283444 0.9718087 1.0323725 0.9269939 0.9489134 1.2281275 0.8996699 0.9156880 0.9553761 0.9627983 0.9623273 0.9159909 0.8940899 1.0378450 0.8880826 0.9876720 0.8896600 0.7733536 0.6816896 0.7364268 0.9160889 0.9357760 1.0191307 1.0673362 0.7912469 1.0302888 0.9802233 1.0433068 1.0991748 0.9578124 1.1265099 0.8569814 1.1963836 0.7287282 1.2519680 
Rhoesc_Res_001346-T1                                               0.8753121 0.8625069 0.8578066 0.7993383 0.8238671 0.8417231 0.7631252 0.7502874 0.8482277 0.6625332 0.7154186 0.7253014 0.7605715 0.7564771 0.6973794 0.7808771 0.8842187 0.2239562 0.0970371 0.0000000 0.3756768 0.5411628 0.8454054 0.8212014 0.8183616 0.9827065 0.9105610 0.9388815 0.9892680 0.9374565 0.9565614 1.1303269 0.8539136 0.8655775 0.9159825 0.9445686 0.9440973 0.8800641 0.8521006 1.0474473 0.8903525 0.9853549 0.9425612 0.7840099 0.6490560 0.7308901 0.9047219 0.9512838 1.0400936 1.0405957 0.8039837 1.0341522 0.9796109 1.0481045 1.0863255 1.0105667 1.1424676 0.9045523 1.1503413 0.7639161 1.2112487 
Sanmal_Sma_027361-T1                                               0.8896098 0.7968480 0.8136676 0.7516672 0.7600363 0.8143160 0.7544239 0.7317463 0.7907811 0.6502098 0.6980510 0.6939035 0.6928330 0.6989103 0.6539045 0.7180126 0.8400607 0.2709444 0.3742000 0.3756768 0.0000000 0.5852825 0.7789024 0.8032318 0.7833621 0.9239791 0.8217582 0.8473017 0.8511831 0.8376989 0.8665454 1.0452267 0.7886006 0.8011285 0.8285820 0.8802706 0.8785390 0.7869395 0.8405394 0.9995103 0.9137478 0.9233422 0.9085169 0.7735284 0.6577802 0.7090940 0.8615874 0.8784823 0.9827602 1.1745969 0.8349239 1.0186908 1.0090178 1.0377919 1.1255645 0.9844636 1.1218018 0.7869998 1.1308653 0.7124261 1.3783297 
Morvir_scaffold273.g15.t1                                          0.8817173 0.9327333 0.8853437 0.7654414 0.8330408 0.8138106 0.8055942 0.7932869 0.7838942 0.6531502 0.6923216 0.6625146 0.6740421 0.6683565 0.6360432 0.6339060 0.8614297 0.4801021 0.5423171 0.5411628 0.5852825 0.0000000 0.9617359 0.8054026 0.7812433 0.9641272 0.9057606 0.8726822 0.9413592 0.8672622 0.8455305 1.4216707 0.8760856 0.8921819 0.8781872 0.9305436 0.9232608 0.8968074 0.9488222 1.0140242 0.8508896 0.8916819 0.8398460 0.8503200 0.6995563 0.6912628 0.8547583 0.8830487 0.9966090 1.3437888 0.9974132 1.0244207 1.0568779 1.0445305 1.1603858 0.9762340 1.0897582 0.9591080 1.3199405 0.8865182 1.2768533 
Ocar_g6402                                                         0.9804935 1.0255667 0.9160153 0.8267984 0.9489474 0.9717161 0.9714772 1.0737662 0.9006933 0.7477900 0.9062209 0.8151621 0.8488934 0.8612064 0.7962234 0.7763752 0.8860789 0.3718932 0.9027104 0.8454054 0.7789024 0.9617359 0.0000000 0.0143965 0.4902777 0.9824505 0.9465916 0.8915406 0.8557850 0.9213556 0.9263262 1.1357910 0.9557376 0.9629584 1.0134720 1.0023702 0.9908339 1.0347737 0.9669759 1.0870693 0.9091531 0.9283422 0.9714403 0.8850145 0.7433911 0.9420433 0.9596479 1.0108663 1.3426618 1.1305941 0.6985005 1.2734384 1.1629715 1.2073385 1.3671648 1.3378760 1.4853783 1.0463654 1.1592452 0.9395274 0.0000010 
Opea_EP00118_Oscarella_pearsei_P024881                             0.6985008 0.7229508 0.6662103 0.5897704 0.6856563 0.6930242 0.6617599 0.7462157 0.6643150 0.6241452 0.6804957 0.6258501 0.6225827 0.6246959 0.6340217 0.6642733 0.6483846 0.3718932 0.8076531 0.8212014 0.8032318 0.8054026 0.0143965 0.0000000 0.3770825 0.7926224 0.7672401 0.7134289 0.6984278 0.7567993 0.7497909 1.1357910 0.7429809 0.7631861 0.8186682 0.8148915 0.8114238 0.7677195 0.7969867 0.9511843 0.8367855 0.8563812 0.8847623 0.8305466 0.7677990 0.7881774 0.7775868 0.8285211 0.9354212 1.1829147 0.7601391 0.9229204 1.0136658 0.9530499 1.0746751 0.8211856 0.9796767 0.8606782 1.2191501 0.8086874 0.8452778 
Plajan_Pjan_C570080_01                                             0.7620433 0.6886563 0.6413343 0.5771170 0.6289565 0.7036002 0.6323891 0.6225454 0.7175004 0.6122345 0.6675716 0.6437967 0.6253899 0.6312768 0.6371082 0.6538695 0.6766768 0.3366411 0.7925630 0.8183616 0.7833621 0.7812433 0.4902777 0.3770825 0.0000000 0.7402300 0.7204288 0.7142478 0.6844324 0.7586888 0.7500960 1.1833564 0.7321344 0.7455407 0.7872554 0.8007864 0.8006721 0.7295889 0.7628817 0.9973366 0.8838674 0.9383758 0.9019912 0.8393691 0.7849979 0.8205202 0.8434198 0.8356861 0.9496760 1.3141082 0.9285872 0.9676483 0.9786070 0.9588312 1.1152461 0.7939589 1.0176528 0.8659531 1.5411945 0.8172777 0.9188450 
Aque_Aqu2.1.35204_001                                              0.8683081 0.8590966 0.8550000 0.7853314 0.8472284 0.8336906 0.8389569 0.7374588 0.8662585 0.7881673 0.8431742 0.8229545 0.8240224 0.8207595 0.7989798 0.8932085 0.8896519 0.5596343 0.9677711 0.9827065 0.9239791 0.9641272 0.9824505 0.7926224 0.7402300 0.0000000 0.1849280 0.4743954 0.5103604 0.6023657 0.5794472 0.4822576 0.7719420 0.7876139 0.8429103 0.8334018 0.8378161 0.7790604 0.8358884 0.9490973 0.8853615 0.9072003 0.8941959 0.7471884 0.8197951 0.8346561 1.0055304 1.0352204 1.1040125 1.2148036 0.9067224 1.0219519 1.0271983 1.0302752 1.0700959 0.9384179 1.1007338 0.8519722 1.2759706 0.8947669 1.0238957 
Halamb_c55666_g1_i1m.41410                                         0.9127178 0.8349242 0.8449880 0.7695785 0.7888772 0.8629754 0.8436723 0.7229672 0.8291017 0.7667856 0.8116915 0.7766439 0.7748073 0.7826258 0.7616717 0.8309296 0.8896854 0.5118262 0.9283444 0.9105610 0.8217582 0.9057606 0.9465916 0.7672401 0.7204288 0.1849280 0.0000000 0.4699347 0.4784498 0.5690942 0.5428165 0.5050715 0.8031863 0.8194010 0.8566068 0.8570228 0.8603988 0.7869871 0.8167301 0.8943540 0.8236140 0.8703925 0.8421672 0.7155744 0.7700776 0.8432819 0.9880631 1.0212113 1.0540980 1.2426109 0.8861424 0.9805593 1.0229922 1.0652968 1.0423885 0.8638608 1.0434045 0.8530362 1.2982198 0.9351862 1.0583334 
Tetwil_g24147.t2                                                   0.8523108 0.7924514 0.8294179 0.7645316 0.7439717 0.8046667 0.7880864 0.6647230 0.8554518 0.7504099 0.7980081 0.8141462 0.8022759 0.8140299 0.7965323 0.9252044 0.8840897 0.5484806 0.9718087 0.9388815 0.8473017 0.8726822 0.8915406 0.7134289 0.7142478 0.4743954 0.4699347 0.0000000 0.3533410 0.5327333 0.5268932 0.6042684 0.7477348 0.7631820 0.7921958 0.8065545 0.8077396 0.7283322 0.8217140 0.9240483 0.7501993 0.8472180 0.8388019 0.6977380 0.8361078 0.8484399 0.9990315 1.0360456 1.0491955 1.1219423 0.8852605 1.0129208 1.0712805 1.0557306 1.0713993 0.9746154 1.1154195 0.9323804 1.1963851 0.8896881 0.8713141 
Stycar_maker-SC_scaffold3296-snap-gene-0.42-mRNA-1                 0.8293527 0.7688505 0.7786472 0.7568898 0.7502082 0.8003796 0.7672570 0.7135293 0.8370173 0.7325096 0.7863078 0.7581628 0.7318711 0.7429636 0.7487425 0.8602522 0.8096156 0.5218677 1.0323725 0.9892680 0.8511831 0.9413592 0.8557850 0.6984278 0.6844324 0.5103604 0.4784498 0.3533410 0.0000000 0.5074636 0.4806916 0.6437471 0.7820684 0.7952652 0.8159271 0.8540952 0.8565530 0.7496218 0.8265712 0.9457323 0.7661864 0.8781096 0.8571020 0.7329992 0.8487693 0.8938801 0.8980600 0.8880201 1.1077172 1.2127000 1.0387481 1.0076788 1.0414083 1.0245470 1.0997540 0.8899128 1.1178402 0.9249063 1.1778669 0.9320015 0.9648493 
Emue_Em0019g115a.t1                                                0.9380317 0.8323918 0.8325153 0.8283744 0.8606835 0.8231837 0.8371658 0.7729352 0.7660324 0.7377627 0.7986930 0.7747567 0.8102994 0.8238454 0.7627283 0.7845287 0.8019107 0.4099020 0.9269939 0.9374565 0.8376989 0.8672622 0.9213556 0.7567993 0.7586888 0.6023657 0.5690942 0.5327333 0.5074636 0.0000000 0.0756985 0.8671731 0.7629030 0.7858829 0.8262751 0.8528757 0.8530216 0.7564665 0.8686264 0.9240965 0.8475714 0.9002200 0.8842759 0.7779576 0.8517996 0.9028055 0.9761310 1.0293171 1.0261577 1.2028386 0.7557128 1.0263511 1.1168458 1.0741649 1.0520054 0.9187869 1.1253801 0.9039929 1.2562522 0.7295376 1.1240341 
Spolac_c103376_g2_i1_m.33941c103376-g2                             0.9463888 0.8230818 0.8259044 0.8087934 0.8318086 0.8323075 0.8402151 0.7611257 0.7639022 0.7323814 0.7982050 0.7827785 0.7929696 0.8016638 0.7555785 0.7871519 0.7875614 0.3901868 0.9489134 0.9565614 0.8665454 0.8455305 0.9263262 0.7497909 0.7500960 0.5794472 0.5428165 0.5268932 0.4806916 0.0756985 0.0000000 0.7904802 0.7710867 0.7825169 0.8199583 0.8574339 0.8591393 0.7710564 0.8655041 0.9419657 0.8213187 0.9013612 0.8781664 0.7447986 0.8788847 0.8978540 0.9976153 1.0292722 0.9903616 1.1664174 0.7433449 0.9988481 1.0913903 1.0721338 1.0273884 0.9177563 1.0920700 0.9009111 1.2486166 0.7099043 1.0684460 
Xestes_augustus_masked-XT_scaffold154120-processed-gene-0.2-mRNA-1 1.7401186 1.4226526 1.3967635 1.2157916 1.3776488 1.6316135 1.5454295 1.0244794 1.1062184 0.8602585 1.0692012 0.9342001 0.9104296 0.9017292 1.0883075 4.4476756 1.3420530 0.6864881 1.2281275 1.1303269 1.0452267 1.4216707 1.1357910 1.1357910 1.1833564 0.4822576 0.5050715 0.6042684 0.6437471 0.8671731 0.7904802 0.0000000 0.9489980 0.9489980 0.9608239 0.9172197 0.9048941 0.9889064 0.9275226 1.7166570 1.2172948 1.4306766 1.2654637 0.8818322 0.6666969 1.0380658 1.7838821 1.7956907 1.9581745 1.5601111 0.9997660 1.6451456 1.5766392 1.6740002 1.7692326 0.0000010 2.1542628 0.0000010 1.5303137 0.8230849 0.0000010 
Tadh_TriadT30133                                                   0.7347304 0.7079175 0.7268615 0.6614535 0.6533115 0.6939025 0.6740432 0.6571753 0.6775014 0.6515383 0.6926376 0.7131857 0.7305778 0.7423210 0.6561662 0.7844867 0.6838156 0.4793489 0.8996699 0.8539136 0.7886006 0.8760856 0.9557376 0.7429809 0.7321344 0.7719420 0.8031863 0.7477348 0.7820684 0.7629030 0.7710867 0.9489980 0.0000000 0.0043050 0.1582902 0.1578714 0.1613736 0.1453437 0.1300177 0.9330134 0.7750244 0.8482027 0.8337957 0.7095748 0.8356039 0.8880952 0.8586689 0.8893967 0.8248378 0.9478570 0.9110454 0.6934921 0.7073683 0.7357144 0.7217445 0.6835421 0.8523729 0.6093917 0.9655457 0.6973947 0.7287486 
TrH2_TrispH2_000345-RA                                             0.7438563 0.7195451 0.7348282 0.6658445 0.6604289 0.7072001 0.6905049 0.6608905 0.6912367 0.6636423 0.7051405 0.7262468 0.7449761 0.7539832 0.6683394 0.8055948 0.6981899 0.4937666 0.9156880 0.8655775 0.8011285 0.8921819 0.9629584 0.7631861 0.7455407 0.7876139 0.8194010 0.7631820 0.7952652 0.7858829 0.7825169 0.9489980 0.0043050 0.0000000 0.1646231 0.1636307 0.1671887 0.1508513 0.1367822 0.9246471 0.7717112 0.8451868 0.8340425 0.7171809 0.8621780 0.9052832 0.8811019 0.9063223 0.8248629 0.9444848 0.9063661 0.7012395 0.7231315 0.7510320 0.7309238 0.6916572 0.8589521 0.6159332 0.9617265 0.6943343 0.7298600 
HoiH06_mRNA8480                                                    0.7910824 0.7832284 0.8543701 0.7062727 0.7044253 0.7850001 0.7407517 0.7299862 0.7557016 0.6654859 0.7187274 0.7207136 0.7177281 0.7329337 0.6947797 0.7209157 0.7478632 0.5187040 0.9553761 0.9159825 0.8285820 0.8781872 1.0134720 0.8186682 0.7872554 0.8429103 0.8566068 0.7921958 0.8159271 0.8262751 0.8199583 0.9608239 0.1582902 0.1646231 0.0000000 0.1310200 0.1346094 0.0446787 0.0919437 1.0096966 0.8742566 0.9239819 0.9095207 0.7850461 0.9164462 0.9937560 0.9717698 0.9676767 0.8359033 1.0323580 0.9317616 0.7860859 0.8460265 0.8350013 0.8425749 0.7386611 0.9213900 0.7044715 1.0570407 0.7767201 0.9294113 
Hhon_g06957.t1                                                     0.7690938 0.7689781 0.8071448 0.7048712 0.7231314 0.7589577 0.7183328 0.7092163 0.7308336 0.6959193 0.7400263 0.7520869 0.7657110 0.7754356 0.7254179 0.8239466 0.7610527 0.5859161 0.9627983 0.9445686 0.8802706 0.9305436 1.0023702 0.8148915 0.8007864 0.8334018 0.8570228 0.8065545 0.8540952 0.8528757 0.8574339 0.9172197 0.1578714 0.1636307 0.1310200 0.0000000 0.0041726 0.1136234 0.1232714 1.0607864 0.8881225 0.9754974 0.9641786 0.8041862 0.9300829 0.9700097 0.9666461 1.0242623 0.8779566 0.9151289 0.8471080 0.7979068 0.8393949 0.8356687 0.8646740 0.7882545 0.9581641 0.7211816 1.0674293 0.7697404 0.9196251 
HoiH04_mRNA6140                                                    0.7749556 0.7685536 0.8055199 0.7053988 0.7140452 0.7612629 0.7257279 0.7096028 0.7216268 0.6982828 0.7423609 0.7443623 0.7579714 0.7676353 0.7234133 0.8152496 0.7575751 0.5859161 0.9623273 0.9440973 0.8785390 0.9232608 0.9908339 0.8114238 0.8006721 0.8378161 0.8603988 0.8077396 0.8565530 0.8530216 0.8591393 0.9048941 0.1613736 0.1671887 0.1346094 0.0041726 0.0000000 0.1169188 0.1274353 1.0683098 0.8876536 0.9698667 0.9647390 0.8052248 0.9289422 0.9744880 0.9691725 1.0275718 0.8884456 0.9248392 0.8602313 0.7993066 0.8396445 0.8358436 0.8718779 0.7758190 0.9530260 0.7406894 1.0795001 0.7635857 0.9196251 
HoiH23_PlH23_000398-RA                                             0.7446805 0.7110567 0.7682388 0.6559341 0.6671695 0.7246636 0.6678015 0.6748575 0.7063362 0.6614116 0.6964774 0.7122668 0.7140461 0.7312163 0.6797893 0.7941376 0.6746211 0.5249287 0.9159909 0.8800641 0.7869395 0.8968074 1.0347737 0.7677195 0.7295889 0.7790604 0.7869871 0.7283322 0.7496218 0.7564665 0.7710564 0.9889064 0.1453437 0.1508513 0.0446787 0.1136234 0.1169188 0.0000000 0.0967457 0.9283849 0.7952558 0.8542717 0.8418763 0.7205274 0.8384545 0.9210362 0.9156399 0.9362949 0.8289936 1.0047441 0.9357298 0.7173434 0.7557026 0.7698364 0.7889079 0.6601411 0.8510133 0.6695824 1.0805209 0.7567614 0.7836043 
HoiH11_mRNA4301                                                    0.7909451 0.8000965 0.8354628 0.6941662 0.7262531 0.7660156 0.7411144 0.7013615 0.7431753 0.6864520 0.7451009 0.7293420 0.7348821 0.7558346 0.6919328 0.7848534 0.7539349 0.4826451 0.8940899 0.8521006 0.8405394 0.9488222 0.9669759 0.7969867 0.7628817 0.8358884 0.8167301 0.8217140 0.8265712 0.8686264 0.8655041 0.9275226 0.1300177 0.1367822 0.0919437 0.1232714 0.1274353 0.0967457 0.0000000 1.0703112 0.8953067 0.9482788 0.9220038 0.7748055 0.9018535 1.0242375 0.9966821 1.0055024 0.8471066 1.0408678 0.9046334 0.8310901 0.8302918 0.8318089 0.9508781 0.8148232 0.9409658 0.6760804 1.0836686 0.7708629 1.0351330 
Scil_scict007049.1                                                 1.0568996 0.9696154 0.9688449 0.9137440 0.9129667 0.9620762 0.9351930 0.8753898 0.9622788 0.8994045 0.9590420 0.8958214 0.9265630 0.9315521 0.8887400 0.9269197 0.9863241 0.4898326 1.0378450 1.0474473 0.9995103 1.0140242 1.0870693 0.9511843 0.9973366 0.9490973 0.8943540 0.9240483 0.9457323 0.9240965 0.9419657 1.7166570 0.9330134 0.9246471 1.0096966 1.0607864 1.0683098 0.9283849 1.0703112 0.0000000 0.2666381 0.2369037 0.2715550 0.5336008 0.8732971 1.0883527 1.0411679 1.0950918 1.1286958 1.5199116 0.9307298 1.0288048 1.0802732 1.0885633 1.1529383 0.9591953 1.1785608 0.8542638 1.4646917 0.8332622 1.2786614 
Lcom_lcpid36156                                                    0.9557130 0.8697780 0.8618938 0.8224221 0.8700666 0.8723373 0.8626364 0.7519804 0.8757147 0.7448020 0.7933034 0.7589042 0.7756076 0.7780561 0.7600868 0.7793250 0.8956921 0.5999436 0.8880826 0.8903525 0.9137478 0.8508896 0.9091531 0.8367855 0.8838674 0.8853615 0.8236140 0.7501993 0.7661864 0.8475714 0.8213187 1.2172948 0.7750244 0.7717112 0.8742566 0.8881225 0.8876536 0.7952558 0.8953067 0.2666381 0.0000000 0.2042808 0.2818451 0.4262456 0.9127586 0.9639581 0.9285313 0.9565881 1.0151834 1.2250128 1.0202496 0.9685458 0.9666611 0.9874447 1.0606537 1.0124289 1.0984601 0.8436508 1.1733791 0.8527562 1.1953389 
Leuniv_Lniv_C815060_01                                             0.9460869 0.8358757 0.8638632 0.8584270 0.8917312 0.9030581 0.8663568 0.8202974 0.8749201 0.8435691 0.8973712 0.8662243 0.8683345 0.8700655 0.8702200 0.8646623 0.9075783 0.5375626 0.9876720 0.9853549 0.9233422 0.8916819 0.9283422 0.8563812 0.9383758 0.9072003 0.8703925 0.8472180 0.8781096 0.9002200 0.9013612 1.4306766 0.8482027 0.8451868 0.9239819 0.9754974 0.9698667 0.8542717 0.9482788 0.2369037 0.2042808 0.0000000 0.2599071 0.4572066 0.8117813 0.9705297 0.9780030 0.9868800 1.0278289 1.1992520 0.8951850 0.9281128 0.9019762 0.9701178 1.0302893 0.9031336 1.0830477 0.8000371 1.1942139 0.8303772 1.1180903 
Gracom_Gcom_C560632_01                                             0.9716820 0.9157531 0.9362795 0.8519211 0.8734419 0.9097155 0.8752125 0.8275089 0.9503356 0.8406149 0.8771517 0.8155854 0.8281651 0.8423102 0.7986950 0.8826249 0.9484254 0.4423906 0.8896600 0.9425612 0.9085169 0.8398460 0.9714403 0.8847623 0.9019912 0.8941959 0.8421672 0.8388019 0.8571020 0.8842759 0.8781664 1.2654637 0.8337957 0.8340425 0.9095207 0.9641786 0.9647390 0.8418763 0.9220038 0.2715550 0.2818451 0.2599071 0.0000000 0.4736344 0.8360942 0.9864152 0.9570567 0.9575307 1.0667512 1.2423713 1.0622298 0.9932516 0.9692709 0.9946742 1.0942010 1.0254694 1.1431997 0.9164217 1.2799305 0.8458362 1.1776171 
Clacor_Ccor_scaffold12440_01                                       0.9115139 0.8148410 0.8523908 0.7823073 0.8200436 0.8949176 0.8131156 0.7648054 0.8493370 0.7131564 0.7895620 0.7192995 0.7331229 0.7355630 0.7336035 0.7356314 0.8774743 0.4020650 0.7733536 0.7840099 0.7735284 0.8503200 0.8850145 0.8305466 0.8393691 0.7471884 0.7155744 0.6977380 0.7329992 0.7779576 0.7447986 0.8818322 0.7095748 0.7171809 0.7850461 0.8041862 0.8052248 0.7205274 0.7748055 0.5336008 0.4262456 0.4572066 0.4736344 0.0000000 0.7715512 0.9013649 0.8984861 0.8824163 0.9235578 1.0214991 0.7655926 0.9197501 0.8421476 0.9097654 0.9707848 0.9793647 1.0090059 0.7834126 0.9186755 0.8004541 1.1591793 
Hvul_g32263_1                                                      0.8191130 0.8257299 0.8038836 0.6446309 0.7463332 0.7509419 0.7579529 0.7744295 0.7248246 0.6849311 0.6849311 0.6727783 0.7032668 0.7148890 0.5873697 0.7837551 0.7918792 0.3387912 0.6816896 0.6490560 0.6577802 0.6995563 0.7433911 0.7677990 0.7849979 0.8197951 0.7700776 0.8361078 0.8487693 0.8517996 0.8788847 0.6666969 0.8356039 0.8621780 0.9164462 0.9300829 0.9289422 0.8384545 0.9018535 0.8732971 0.9127586 0.8117813 0.8360942 0.7715512 0.0000000 0.4786817 0.8630539 0.8754292 0.9772819 0.7359743 0.6286253 0.9413280 0.8768867 0.9369388 1.0605425 1.0623271 1.0179330 0.8432274 0.6930020 0.9024448 1.4805769 
Chem_TCONS_00032599                                                0.8562495 0.8692891 0.7979758 0.7065699 0.7804689 0.8109898 0.7527986 0.7406141 0.7826269 0.7147477 0.7455805 0.7222718 0.7131161 0.7198532 0.7035221 0.7786518 0.8579715 0.5469653 0.7364268 0.7308901 0.7090940 0.6912628 0.9420433 0.7881774 0.8205202 0.8346561 0.8432819 0.8484399 0.8938801 0.9028055 0.8978540 1.0380658 0.8880952 0.9052832 0.9937560 0.9700097 0.9744880 0.9210362 1.0242375 1.0883527 0.9639581 0.9705297 0.9864152 0.9013649 0.4786817 0.0000000 0.9183832 0.9192733 1.1240538 1.2524793 0.9438863 1.1149401 1.1485318 1.0910061 1.1613303 0.9943453 1.1546013 0.9421937 1.2811202 0.9161570 1.1363975 
Dgig_XM_028540165.1                                                0.8537693 0.8135221 0.8132929 0.7782082 0.8524185 0.8455705 0.8083231 0.7596714 0.7034870 0.6207103 0.6588625 0.6619781 0.6661720 0.6715226 0.6470164 0.6623365 0.6399420 0.5033720 0.9160889 0.9047219 0.8615874 0.8547583 0.9596479 0.7775868 0.8434198 1.0055304 0.9880631 0.9990315 0.8980600 0.9761310 0.9976153 1.7838821 0.8586689 0.8811019 0.9717698 0.9666461 0.9691725 0.9156399 0.9966821 1.0411679 0.9285313 0.9780030 0.9570567 0.8984861 0.8630539 0.9183832 0.0000000 0.1550471 1.0362567 1.0053468 0.7969515 0.8875340 0.9394218 0.9276593 1.0420534 0.8551434 0.9866920 0.7211850 1.0295191 0.7271091 1.1332777 
Xesp_011828-T1                                                     0.8625402 0.8245725 0.8024115 0.8090811 0.8553473 0.8763883 0.8625367 0.7913039 0.7026643 0.6185100 0.6541258 0.6587087 0.6489838 0.6575248 0.6447360 0.6623802 0.6358484 0.5041959 0.9357760 0.9512838 0.8784823 0.8830487 1.0108663 0.8285211 0.8356861 1.0352204 1.0212113 1.0360456 0.8880201 1.0293171 1.0292722 1.7956907 0.8893967 0.9063223 0.9676767 1.0242623 1.0275718 0.9362949 1.0055024 1.0950918 0.9565881 0.9868800 0.9575307 0.8824163 0.8754292 0.9192733 0.1550471 0.0000000 1.0385022 0.9934738 0.7564349 0.8982002 0.9315361 0.9462308 1.1058014 0.8783242 1.0066378 0.8084153 1.0369619 0.7950054 1.1321032 
Mlei_ML2189.g37.i1                                                 0.9928665 0.9540854 0.9337224 0.8625704 0.9469104 0.9015848 0.9394113 0.8785753 0.9537001 0.8598182 0.9349561 0.9375156 0.9160552 0.9247813 0.9034812 0.8726639 0.9542573 0.6699329 1.0191307 1.0400936 0.9827602 0.9966090 1.3426618 0.9354212 0.9496760 1.1040125 1.0540980 1.0491955 1.1077172 1.0261577 0.9903616 1.9581745 0.8248378 0.8248629 0.8359033 0.8779566 0.8884456 0.8289936 0.8471066 1.1286958 1.0151834 1.0278289 1.0667512 0.9235578 0.9772819 1.1240538 1.0362567 1.0385022 0.0000000 0.2767068 0.1748330 0.3512632 0.3703406 0.3222030 0.3325703 0.2777051 0.3181254 0.2598282 0.4565674 0.3345918 0.9577992 
Bolinf_Binf_sb1235099                                              1.0643954 1.0374198 1.1175976 0.9880036 1.1149758 1.0497486 1.1639470 0.9940009 1.1631713 0.9989165 1.1185406 1.1728005 1.1329929 1.1524368 1.2003538 0.9610521 1.2381832 0.6483716 1.0673362 1.0405957 1.1745969 1.3437888 1.1305941 1.1829147 1.3141082 1.2148036 1.2426109 1.1219423 1.2127000 1.2028386 1.1664174 1.5601111 0.9478570 0.9444848 1.0323580 0.9151289 0.9248392 1.0047441 1.0408678 1.5199116 1.2250128 1.1992520 1.2423713 1.0214991 0.7359743 1.2524793 1.0053468 0.9934738 0.2767068 0.0000000 0.0000010 0.3582115 0.3121041 0.3066116 0.3355522 0.2915200 0.4319098 0.2486087 0.3384856 0.3258385 0.0000010 
Mertsp_Mesp_sb549576                                               0.7925202 0.8443072 0.7845332 0.7739813 0.7669885 0.7818743 0.8358045 0.7098863 0.8232471 0.8467810 0.8467810 0.8322576 0.8148737 0.8188684 0.8672570 0.8207456 0.8534281 0.5295257 0.7912469 0.8039837 0.8349239 0.9974132 0.6985005 0.7601391 0.9285872 0.9067224 0.8861424 0.8852605 1.0387481 0.7557128 0.7433449 0.9997660 0.9110454 0.9063661 0.9317616 0.8471080 0.8602313 0.9357298 0.9046334 0.9307298 1.0202496 0.8951850 1.0622298 0.7655926 0.6286253 0.9438863 0.7969515 0.7564349 0.1748330 0.0000010 0.0000000 0.3041739 0.2652556 0.2572669 0.2683359 0.2284193 0.3458795 0.2089128 0.2180759 0.3087107 0.0000010 
Vmul_sbMO447702                                                    0.8874837 0.9053806 0.8983122 0.7909667 0.8718610 0.8697341 0.8729780 0.8325668 0.8585381 0.8253215 0.8773543 0.8440063 0.8449598 0.8443052 0.8268782 0.7945926 0.8499921 0.4531046 1.0302888 1.0341522 1.0186908 1.0244207 1.2734384 0.9229204 0.9676483 1.0219519 0.9805593 1.0129208 1.0076788 1.0263511 0.9988481 1.6451456 0.6934921 0.7012395 0.7860859 0.7979068 0.7993066 0.7173434 0.8310901 1.0288048 0.9685458 0.9281128 0.9932516 0.9197501 0.9413280 1.1149401 0.8875340 0.8982002 0.3512632 0.3582115 0.3041739 0.0000000 0.2154959 0.2055086 0.4525108 0.3613956 0.4027483 0.3241850 0.4043054 0.3585248 0.9944164 
Coeast_Cast_sb780267                                               0.9918779 1.0023889 1.0303333 0.8296703 1.0156371 0.9473835 0.9702289 0.9298920 0.9309537 0.8566943 0.9212183 0.9289944 0.9052358 0.9110056 0.8896090 0.8933347 0.9888479 0.5606443 0.9802233 0.9796109 1.0090178 1.0568779 1.1629715 1.0136658 0.9786070 1.0271983 1.0229922 1.0712805 1.0414083 1.1168458 1.0913903 1.5766392 0.7073683 0.7231315 0.8460265 0.8393949 0.8396445 0.7557026 0.8302918 1.0802732 0.9666611 0.9019762 0.9692709 0.8421476 0.8768867 1.1485318 0.9394218 0.9315361 0.3703406 0.3121041 0.2652556 0.2154959 0.0000000 0.0163841 0.4482414 0.3629413 0.3976272 0.2893220 0.3579441 0.3473709 1.9032651 
Coemet_Cmet_scaffold14844_01                                       0.9311288 0.9734225 0.9690664 0.8513585 0.9359477 0.9056338 0.9092538 0.8935362 0.9020607 0.8376880 0.8812177 0.8660017 0.8600686 0.8579985 0.8452907 0.9207122 0.9122688 0.5606443 1.0433068 1.0481045 1.0377919 1.0445305 1.2073385 0.9530499 0.9588312 1.0302752 1.0652968 1.0557306 1.0245470 1.0741649 1.0721338 1.6740002 0.7357144 0.7510320 0.8350013 0.8356687 0.8358436 0.7698364 0.8318089 1.0885633 0.9874447 0.9701178 0.9946742 0.9097654 0.9369388 1.0910061 0.9276593 0.9462308 0.3222030 0.3066116 0.2572669 0.2055086 0.0163841 0.0000000 0.4222322 0.3361880 0.3592526 0.2835823 0.3673157 0.3532120 1.2649807 
Beraby_Baby_sb344456                                               1.0255648 1.0373766 1.0598636 0.9212186 1.0695297 1.0230544 0.9701138 0.8800941 0.9751104 0.9039659 0.9757173 0.9797556 0.9790900 0.9853025 0.9460023 0.8287334 1.0309167 0.5829193 1.0991748 1.0863255 1.1255645 1.1603858 1.3671648 1.0746751 1.1152461 1.0700959 1.0423885 1.0713993 1.0997540 1.0520054 1.0273884 1.7692326 0.7217445 0.7309238 0.8425749 0.8646740 0.8718779 0.7889079 0.9508781 1.1529383 1.0606537 1.0302893 1.0942010 0.9707848 1.0605425 1.1613303 1.0420534 1.1058014 0.3325703 0.3355522 0.2683359 0.4525108 0.4482414 0.4222322 0.0000000 0.4138243 0.4661039 0.3208445 0.3562477 0.4425446 1.1962585 
Pbac_sb2660724                                                     0.8707387 0.9493596 0.8834928 0.8136064 0.8687390 0.8938954 0.8314657 0.7894670 0.7549942 0.7656176 0.7656176 0.7059443 0.7199544 0.7197082 0.6859935 0.7197021 0.8000292 0.5481662 0.9578124 1.0105667 0.9844636 0.9762340 1.3378760 0.8211856 0.7939589 0.9384179 0.8638608 0.9746154 0.8899128 0.9187869 0.9177563 0.0000010 0.6835421 0.6916572 0.7386611 0.7882545 0.7758190 0.6601411 0.8148232 0.9591953 1.0124289 0.9031336 1.0254694 0.9793647 1.0623271 0.9943453 0.8551434 0.8783242 0.2777051 0.2915200 0.2284193 0.3613956 0.3629413 0.3361880 0.4138243 0.0000000 0.0344508 0.3060430 0.3892025 0.4202757 1.1188224 
Horcal_Hcv1.av93.c12.g487.i1                                       0.9619217 1.0495532 1.0352531 0.9539976 1.0066654 0.9643450 0.9722330 0.9194883 0.8996275 0.8947021 0.9457815 0.8907227 0.9128920 0.9081327 0.8905245 0.8849919 0.9589282 0.7774740 1.1265099 1.1424676 1.1218018 1.0897582 1.4853783 0.9796767 1.0176528 1.1007338 1.0434045 1.1154195 1.1178402 1.1253801 1.0920700 2.1542628 0.8523729 0.8589521 0.9213900 0.9581641 0.9530260 0.8510133 0.9409658 1.1785608 1.0984601 1.0830477 1.1431997 1.0090059 1.0179330 1.1546013 0.9866920 1.0066378 0.3181254 0.4319098 0.3458795 0.4027483 0.3976272 0.3592526 0.4661039 0.0344508 0.0000000 0.3050896 0.5211981 0.4373752 1.1321785 
Lampan_Lpan_2676_01                                                0.8538993 0.8495248 0.8847807 0.6952776 0.8531442 0.6678602 0.7160156 0.7284182 0.8089622 0.8316889 0.8316889 0.8120169 0.7918279 0.8255762 0.7193337 0.8371818 0.8227577 0.5423249 0.8569814 0.9045523 0.7869998 0.9591080 1.0463654 0.8606782 0.8659531 0.8519722 0.8530362 0.9323804 0.9249063 0.9039929 0.9009111 0.0000010 0.6093917 0.6159332 0.7044715 0.7211816 0.7406894 0.6695824 0.6760804 0.8542638 0.8436508 0.8000371 0.9164217 0.7834126 0.8432274 0.9421937 0.7211850 0.8084153 0.2598282 0.2486087 0.2089128 0.3241850 0.2893220 0.2835823 0.3208445 0.3060430 0.3050896 0.0000000 0.2388266 0.3212001 1.0576514 
