62
Hsap_ENST00000426216                               0.0000000 0.5743500 0.7032907 0.7629776 0.6620241 0.5966397 0.6660444 0.8037272 0.6182091 0.7884878 0.8701780 0.7948833 1.2509386 0.5635619 1.2323906 1.1260351 1.2676032 0.5917680 0.8584757 1.3305707 0.7312185 1.2226881 0.8656250 0.8530810 1.3794534 0.9890602 0.9643862 0.6822236 0.9938914 0.9037574 0.9114014 0.9174015 0.7011389 0.7485602 0.9209465 0.7187355 0.7542217 0.9560015 1.0039556 1.0054419 1.0024888 0.9891927 0.9963514 0.9794116 0.7397078 1.3846336 1.1741020 1.3075035 1.0046262 1.1932037 0.8649942 1.2503667 1.4915833 1.2589978 1.7283193 1.8154176 0.8326726 0.9954939 0.9230104 1.3747363 1.0971365 0.7594051 
Bralan_BLAG07000911_1                              0.5743500 0.0000000 0.6081321 0.6738445 0.6333037 0.5790645 0.5633909 0.6802289 0.5374738 0.6972058 0.7803335 0.6920276 1.0813483 0.5072687 1.0550767 1.0274977 1.0802526 0.6034745 0.8330233 1.2462574 0.6863902 1.0833650 0.8858930 0.7828347 1.1576221 0.9119773 0.8353634 0.5654924 0.9107170 0.7898622 0.7518491 0.7970165 0.6033960 0.6427911 0.8911717 0.6015965 0.6923584 0.8535925 0.9090262 0.9026894 0.9129109 0.9101462 0.9210591 0.9107536 0.6312920 1.1992131 1.2379636 1.1428608 0.8655878 1.1192768 0.7736705 1.0739185 1.2613707 1.0117458 1.4617495 1.4470659 0.7440330 0.8222677 0.8696789 1.3212068 1.0616398 0.6565355 
Exapal_XM_021042046.2                              0.7032907 0.6081321 0.0000000 0.2958460 0.4160671 0.3610648 0.3468874 0.4469779 0.3970832 0.4367638 0.5171764 0.5361117 1.0841137 0.4698282 1.0872129 1.0083234 1.1526704 0.6219376 0.8367593 1.2327396 0.6042561 1.0598075 0.8328444 0.8226410 0.9101117 0.7809257 0.7492731 0.5051252 0.7780954 0.6682842 0.6677105 0.6814576 0.6597115 0.7460442 0.8842449 0.7147034 0.7706519 0.8457553 0.8922305 0.8918038 0.8790796 0.8935977 0.8989452 0.9214025 0.6582482 1.1449058 1.0179530 1.1057786 0.9029511 1.0899587 0.7657494 0.9986204 1.3445956 1.0496373 1.4391652 1.3527255 0.8458546 0.9083261 1.0813058 1.2400914 1.0922075 0.5726096 
Nvec_NVE8797                                       0.7629776 0.6738445 0.2958460 0.0000000 0.3429202 0.3226333 0.3011995 0.3843555 0.3152702 0.4125538 0.4584320 0.5427521 1.0742520 0.4304016 1.0879677 0.8972979 1.1450903 0.5336642 0.8659796 1.2890938 0.5880399 1.0600393 0.8717800 0.7596496 0.0000010 0.8379309 0.7625702 0.5102686 0.7155616 0.6908172 0.6328491 0.6498714 0.6841242 0.8128561 0.8421789 0.7519228 0.7754715 0.8329115 0.8808352 0.8800925 0.8695722 0.8835832 0.8846633 0.8847415 0.6975439 1.2001093 0.9779019 1.0950546 0.5989041 1.0430971 0.6635231 1.0964612 1.3550966 1.0086216 1.4572021 1.3169571 0.8547612 0.8720733 1.0048186 1.1848676 1.0602324 0.4635882 
Adig_XM_015924855.1                                0.6620241 0.6333037 0.4160671 0.3429202 0.0000000 0.1410950 0.1758234 0.1885621 0.1743439 0.1561047 0.0243626 0.5469163 0.9379386 0.6409888 0.9433253 0.9606499 0.9739468 0.7585898 0.7606896 1.2157170 0.8137909 1.1021284 1.0384856 0.9791029 1.0839985 0.7230855 0.7450430 0.6325417 0.7180763 0.6227811 0.6150684 0.7352721 0.7291653 0.6900433 0.8375586 0.6833639 0.7796426 0.7445395 0.8113477 0.7663234 0.7760422 0.7724255 0.7763024 0.7848567 0.6279113 1.1480544 1.5875400 0.9953999 1.1416640 1.1038304 1.0103552 1.0255031 1.1040779 0.9632421 0.9653806 0.9781144 0.8297588 0.7379848 0.9142165 1.1781700 0.9821643 0.7112126 
Gfas_gfas1.m1.19575.m1                             0.5966397 0.5790645 0.3610648 0.3226333 0.1410950 0.0000000 0.1509651 0.1712101 0.1718270 0.1389459 0.1149790 0.4571981 0.8915097 0.4939588 0.8973998 1.0088224 0.9075131 0.6349927 0.6976924 1.0273492 0.5999817 1.0019271 0.7329973 0.8179339 1.0782634 0.6540269 0.6909322 0.6120797 0.6482101 0.5681722 0.5671959 0.8048483 0.6651346 0.6491073 0.7740651 0.6410218 0.7301377 0.6398684 0.7044699 0.6638306 0.6510186 0.6527308 0.6529483 0.6685301 0.5894961 1.1400668 1.2358775 0.9704853 1.0273926 1.0893115 0.8685977 0.9531586 1.1447646 1.1669144 1.0570771 1.1166598 0.7619089 0.7326889 0.9508684 1.1307640 0.9034631 0.6089567 
Spis_XP_022779595_1                                0.6660444 0.5633909 0.3468874 0.3011995 0.1758234 0.1509651 0.0000000 0.0600665 0.1741961 0.1363234 0.1713211 0.4687560 0.8650350 0.5040400 0.8824477 0.9520511 0.8809100 0.6112311 0.7341799 1.1285352 0.5509460 1.0737546 0.9138402 0.8790676 1.1879956 0.7003111 0.7146540 0.5467559 0.6646076 0.5768003 0.5518871 0.7230424 0.6830601 0.6583904 0.8012946 0.6171688 0.7497757 0.7008900 0.7487036 0.7134520 0.7169563 0.7113052 0.7063928 0.7351080 0.5814135 1.2025109 1.2380539 0.9961182 0.9901769 1.1739371 0.8554687 0.9399562 1.0999726 1.0084340 1.1500532 1.2145192 0.8223609 0.7575241 0.9021144 1.0503447 0.9413441 0.5924900 
Pocdam_XM_027192197.1                              0.8037272 0.6802289 0.4469779 0.3843555 0.1885621 0.1712101 0.0600665 0.0000000 0.1723880 0.1674502 0.2046911 0.5589512 1.0622562 0.5158871 1.1340002 1.0077389 1.0978760 0.6378981 0.8687066 1.3009524 0.5660507 1.1054224 0.9014601 0.8876405 1.1708969 0.8621721 0.8211756 0.5630784 0.8842011 0.7637414 0.7024779 0.7446504 0.6727335 0.8013921 0.9183469 0.7829946 0.8148409 0.8732662 0.9217473 0.8966859 0.8956127 0.8979592 0.8952899 0.8982113 0.7196657 1.2195097 1.2705811 1.1587854 0.9978559 1.1689133 0.8491048 0.9144662 1.2872110 0.9926244 1.4052584 1.4362779 0.8903046 0.9192260 1.0579790 1.2059045 1.2019141 0.5764247 
Fspp_ffun1.m4.29885.m1                             0.6182091 0.5374738 0.3970832 0.3152702 0.1743439 0.1718270 0.1741961 0.1723880 0.0000000 0.1147379 0.1553771 0.4890815 0.9558930 0.5426970 1.0006578 1.0027640 0.9367121 0.4863082 0.7815782 1.1359620 0.7028399 1.0706634 0.8973991 0.7626207 0.0000010 0.7029154 0.7590496 0.6132695 0.6452014 0.5693690 0.5387644 0.7653673 0.7034779 0.7307333 0.9021712 0.6545635 0.7244571 0.6437657 0.7537422 0.7393975 0.7342442 0.7299525 0.7303690 0.7316605 0.5752277 1.2184629 0.0000010 0.9046216 0.0000010 1.0833245 0.7323814 1.0274228 1.0336366 1.0357314 0.9228341 0.9521194 0.8222881 0.7098156 0.7120879 1.1443005 0.9704240 0.5104494 
Gasp_gasp1.m3.7503.m1                              0.7884878 0.6972058 0.4367638 0.4125538 0.1561047 0.1389459 0.1363234 0.1674502 0.1147379 0.0000000 0.1974931 0.5915258 1.0664318 0.4927057 1.1112120 0.9592923 1.0861356 0.6535789 0.8677072 1.2605998 0.5660557 1.0460405 0.8466978 0.8473805 1.0600056 0.9030096 0.8375281 0.5329518 0.8596169 0.7262848 0.6884553 0.7106718 0.6379267 0.7822792 0.9156441 0.7943546 0.8116945 0.8890427 0.9343562 0.9118933 0.9082299 0.9135923 0.9119939 0.9235577 0.7173132 1.2063304 1.1674013 1.1931191 0.9999044 1.1938266 0.8694859 0.9940638 1.4168256 0.9946494 1.5846683 1.4721205 0.8817081 0.9009566 1.0442810 1.2420302 1.1726238 0.5863688 
Amil_Amillepora09127-RA                            0.8701780 0.7803335 0.5171764 0.4584320 0.0243626 0.1149790 0.1713211 0.2046911 0.1553771 0.1974931 0.0000000 0.6443940 1.1518915 0.5327004 1.2578565 0.9923692 1.2547970 0.6550335 0.8709553 1.2972936 0.7071600 1.0788490 0.8723910 0.9677437 1.0839985 0.9342432 0.8802100 0.5419716 0.9407941 0.7789826 0.7759546 0.7584961 0.6863631 0.8980973 0.9965182 0.9894607 0.8690381 0.9062759 0.9754675 0.9472650 0.9433203 0.9465484 0.9508599 0.9689854 0.7631786 1.1969392 1.3959401 1.2220570 1.0568987 1.1351395 0.9083775 1.0306218 1.4079692 0.9745321 1.4913206 1.5111633 0.8627556 0.9057804 1.2178460 1.3689489 1.3283816 0.6436135 
Dgig_XM_028536778.1                                0.7948833 0.6920276 0.5361117 0.5427521 0.5469163 0.4571981 0.4687560 0.5589512 0.4890815 0.5915258 0.6443940 0.0000000 1.0884335 0.4944823 1.0711652 1.0540543 1.1222374 0.6597643 0.8343763 1.2597759 0.6695897 1.0911463 0.8190997 0.8151116 0.9726267 0.7985219 0.8189715 0.6435276 0.8879698 0.7644100 0.7357599 0.8387211 0.7137561 0.8607244 0.9125038 0.7497962 0.8566122 0.8272648 0.8745779 0.9004285 0.9156979 0.9053635 0.9154396 0.9166175 0.6945480 1.2777542 1.1729945 1.2266834 1.0117191 1.1053200 0.8445550 1.0581998 1.3994903 1.1082441 1.5341268 1.5569260 0.9195975 0.9651860 1.1637590 1.2525795 1.0741386 0.3036888 
Scil_scict018988.1                                 1.2509386 1.0813483 1.0841137 1.0742520 0.9379386 0.8915097 0.8650350 1.0622562 0.9558930 1.0664318 1.1518915 1.0884335 0.0000000 0.3204832 0.2874288 0.2732891 0.3014015 0.8340984 1.0497828 1.4285384 0.7547328 1.2818403 1.0104798 1.0664632 1.3703123 1.3009899 1.1729924 1.0161209 1.4212748 1.2517235 1.1859822 1.2051004 1.1307279 1.2033194 1.1403130 1.2306589 1.0956979 1.3020230 1.3658587 1.3323589 1.3283746 1.3341891 1.3386086 1.3222646 1.1405713 1.3790198 1.2569953 1.3831635 0.9348188 1.2463051 0.9541815 1.2682731 1.5320831 1.3441918 1.7255799 1.8125883 1.2519590 1.3077281 1.5259973 1.5502964 1.3468116 1.0831745 
Clacor_Ccor_scaffold4981_01                        0.5635619 0.5072687 0.4698282 0.4304016 0.6409888 0.4939588 0.5040400 0.5158871 0.5426970 0.4927057 0.5327004 0.4944823 0.3204832 0.0000000 0.3554245 0.1412032 0.3485897 0.7073719 0.4802688 0.6937791 0.5512049 0.6335121 0.5239301 0.6281908 1.2090422 0.6051896 0.7033985 0.5141652 0.6949304 0.5726385 0.5958894 0.0000010 0.6626674 0.5956350 0.5765110 0.6388065 0.6439054 0.6610375 0.6610375 0.6576537 0.6549794 0.6557377 0.6557377 0.6416960 0.7006887 0.9383619 1.2338794 0.7709874 0.8892288 0.8578738 0.7904126 0.0000010 0.9288824 0.0000010 0.0000010 1.2206318 0.7086166 0.7961383 1.9213886 0.9253314 0.4636961 0.7550277 
Lcom_lcpid31912                                    1.2323906 1.0550767 1.0872129 1.0879677 0.9433253 0.8973998 0.8824477 1.1340002 1.0006578 1.1112120 1.2578565 1.0711652 0.2874288 0.3554245 0.0000000 0.2572664 0.3479055 0.8361900 1.1169941 1.4558113 0.7474085 1.2725001 1.0660295 1.0350746 1.3276638 1.2258902 1.1984546 1.0248952 1.4265540 1.2621968 1.2001847 1.1892281 1.0748947 1.1654265 1.0761775 1.2201563 1.0392236 1.2883370 1.3449551 1.3535393 1.3533080 1.3585389 1.3746053 1.3715000 1.1752574 1.3553414 1.2231937 1.3639554 0.9161834 1.1865992 0.9278103 1.2567495 1.6357393 1.3205179 1.9638531 1.9726924 1.2264229 1.2817744 1.5738675 1.5795975 1.3708489 1.0165484 
Leuniv_Lniv_C795640_01                             1.1260351 1.0274977 1.0083234 0.8972979 0.9606499 1.0088224 0.9520511 1.0077389 1.0027640 0.9592923 0.9923692 1.0540543 0.2732891 0.1412032 0.2572664 0.0000000 0.2823064 0.7300606 1.0381558 1.4168839 0.0000010 1.5312810 1.1791387 1.2102815 0.0000010 1.0822597 1.1741910 1.0690108 1.1074448 0.9948113 1.0128488 1.3780285 1.2218184 1.1224903 1.1112496 1.1096382 1.0401722 1.0617579 1.2235419 1.1849489 1.1621896 1.1743986 1.1744702 1.1644140 1.0181807 1.3854659 1.0506293 1.2759841 0.0000010 1.2978778 0.8921595 1.1887401 1.3451444 1.4744116 1.3516308 1.4080491 1.2344886 1.0615887 1.1912770 1.5599382 1.3152032 1.2382845 
Gracom_Gcom_scaffold17518_01                       1.2676032 1.0802526 1.1526704 1.1450903 0.9739468 0.9075131 0.8809100 1.0978760 0.9367121 1.0861356 1.2547970 1.1222374 0.3014015 0.3485897 0.3479055 0.2823064 0.0000000 0.8249064 1.1183713 1.4620413 0.7188489 1.2796913 1.0038806 1.0365068 1.3192418 1.2751075 1.2047366 1.0243428 1.4606589 1.2786625 1.2242400 1.2941183 1.0978250 1.2067802 1.1631120 1.2507729 1.1220670 1.2775951 1.3326964 1.3333268 1.3294945 1.3452649 1.3437220 1.3265329 1.1859707 1.3763763 1.1765622 1.4408601 0.9220251 1.1899897 0.9375987 1.1489171 1.6921554 1.4333476 1.9510028 2.0150116 1.2426282 1.2895591 1.6707958 1.6180866 1.3480936 1.0736813 
Ocar_g5253                                         0.5917680 0.6034745 0.6219376 0.5336642 0.7585898 0.6349927 0.6112311 0.6378981 0.4863082 0.6535789 0.6550335 0.6597643 0.8340984 0.7073719 0.8361900 0.7300606 0.8249064 0.0000000 0.1112110 0.8442846 0.5295153 0.8145656 0.7448332 0.8177438 8.0262351 0.8003292 0.7966595 0.6543259 0.6631430 0.7026350 0.7358049 0.6414649 0.7758766 0.7410290 0.4605595 0.6745749 0.7211278 0.6333480 0.6333480 0.6122320 0.6144670 0.6089710 0.6089710 0.6124510 0.6567047 1.0542284 1.4881763 0.8914370 1.0404817 0.9200549 0.9036653 0.7163907 0.8923255 0.9424273 0.8943951 1.0543377 0.7030651 0.7664789 0.7383724 0.9303335 0.6149696 0.7553631 
Opea_EP00118_Oscarella_pearsei_P009119             0.8584757 0.8330233 0.8367593 0.8659796 0.7606896 0.6976924 0.7341799 0.8687066 0.7815782 0.8677072 0.8709553 0.8343763 1.0497828 0.4802688 1.1169941 1.0381558 1.1183713 0.1112110 0.0000000 1.2312636 0.5167473 1.1261699 0.9852554 0.9814016 1.1192363 1.0276139 0.9739280 0.8361348 1.1550455 1.0563541 1.0028336 1.0615075 0.8563296 0.9225770 0.6515106 0.9606120 0.9445273 0.9487067 1.0121918 1.0095569 1.0134426 1.0027339 0.9873985 1.0120653 0.8300072 1.3219387 1.1028053 1.3030650 0.7841315 1.2305229 0.8740456 1.3317869 1.6152383 1.4141963 1.6381052 1.9356519 0.9510284 1.0061695 1.2720562 1.3265584 1.1320478 0.8193616 
Aque_Aqu2.1.26941_001                              1.3305707 1.2462574 1.2327396 1.2890938 1.2157170 1.0273492 1.1285352 1.3009524 1.1359620 1.2605998 1.2972936 1.2597759 1.4285384 0.6937791 1.4558113 1.4168839 1.4620413 0.8442846 1.2312636 0.0000000 0.0832466 0.4711299 0.7312121 0.7910413 0.7664567 1.4270605 1.4627906 1.1245904 1.5419211 1.4207389 1.4283837 1.6182119 1.2539091 1.2203366 1.2302137 1.3767141 1.2732880 1.2876177 1.3138747 1.3236619 1.3228839 1.3322303 1.3130094 1.3379174 1.2768284 1.5948049 1.5888043 1.5985536 1.2387790 1.5549809 1.1654173 1.2536297 2.0686971 1.7339107 2.0715007 2.0135200 1.3075826 1.4742293 1.6062938 1.2447223 1.0745827 1.1972852 
Halamb_c52697_g2_i13mm.4715                        0.7312185 0.6863902 0.6042561 0.5880399 0.8137909 0.5999817 0.5509460 0.5660507 0.7028399 0.5660557 0.7071600 0.6695897 0.7547328 0.5512049 0.7474085 0.0000010 0.7188489 0.5295153 0.5167473 0.0832466 0.0000000 0.2394570 0.3118969 0.3921735 0.0000010 0.8045573 0.8149142 0.7753973 0.6993362 0.6875403 0.6984065 0.0000010 0.7986409 0.6659055 0.5684862 0.7274396 0.7126510 0.6920328 0.6920328 0.6540645 0.6402026 0.6493515 0.6493515 0.6456190 0.7360556 1.0320574 1.0337895 0.7446482 0.7123054 0.8812024 0.8286727 0.0000010 0.0000010 0.0000010 0.0000010 2.2904023 0.8625528 0.8266116 1.6787436 0.4843471 0.3862754 0.7991352 
Xestes_maker-XT_scaffold5288-snap-gene-0.70-mRNA-1 1.2226881 1.0833650 1.0598075 1.0600393 1.1021284 1.0019271 1.0737546 1.1054224 1.0706634 1.0460405 1.0788490 1.0911463 1.2818403 0.6335121 1.2725001 1.5312810 1.2796913 0.8145656 1.1261699 0.4711299 0.2394570 0.0000000 0.7101245 0.6838336 0.4836512 1.2086136 1.2619447 1.0407657 1.2467480 1.1576149 1.1530194 1.5389928 1.1494696 1.0235296 1.1361912 1.1564838 1.1725392 1.0768642 1.1137714 1.1358870 1.1206476 1.1268791 1.1211641 1.1526030 1.1572084 1.5372437 1.4605004 1.3580692 1.1201862 1.4573810 1.1133992 1.3108213 1.8448756 1.7558924 1.8271865 1.7637522 1.2216602 1.0746935 1.3844352 1.0510110 0.9064709 1.0791093 
Tetwil_g25945.t1                                   0.8656250 0.8858930 0.8328444 0.8717800 1.0384856 0.7329973 0.9138402 0.9014601 0.8973991 0.8466978 0.8723910 0.8190997 1.0104798 0.5239301 1.0660295 1.1791387 1.0038806 0.7448332 0.9852554 0.7312121 0.3118969 0.7101245 0.0000000 0.4497630 0.3645881 1.0724024 1.0770184 0.9704689 1.0153449 0.9830326 0.9737475 2.3052794 0.9555604 0.8956277 0.9121536 0.9070839 0.8942891 1.0013756 1.0013756 1.0051557 0.9960791 1.0174747 1.0162186 0.9991299 0.8800525 1.4427184 1.2393425 1.2157781 0.9311579 1.2956009 0.8993421 4.4065151 1.9758089 3.1138119 2.8319380 3.0900304 0.9855482 1.0372070 1.3845587 1.1214470 0.6488795 0.9051202 
Emue_Em0018g1133a.t1                               0.8530810 0.7828347 0.8226410 0.7596496 0.9791029 0.8179339 0.8790676 0.8876405 0.7626207 0.8473805 0.9677437 0.8151116 1.0664632 0.6281908 1.0350746 1.2102815 1.0365068 0.8177438 0.9814016 0.7910413 0.3921735 0.6838336 0.4497630 0.0000000 0.4130909 0.9355304 1.0552015 0.8049519 1.0290445 0.9689709 0.9047544 1.2751990 0.9056966 0.8717002 0.9767650 0.8580298 0.9968495 0.9661557 0.9661557 0.9600611 0.9542103 0.9524812 0.9480759 0.9445494 0.9513425 1.3139737 1.5216882 1.1748702 1.1155746 1.1866907 0.9732715 4.1653099 1.8920773 2.2204795 2.3608409 2.4337478 1.0182753 1.0276813 1.1611262 1.1386368 0.1808877 0.9007777 
Stycar_maker-SC_scaffold14448-snap-gene-0.3-mRNA-1 1.3794534 1.1576221 0.9101117 0.0000010 1.0839985 1.0782634 1.1879956 1.1708969 0.0000010 1.0600056 1.0839985 0.9726267 1.3703123 1.2090422 1.3276638 0.0000010 1.3192418 8.0262351 1.1192363 0.7664567 0.0000010 0.4836512 0.3645881 0.4130909 0.0000000 1.2940776 1.4316857 0.0000010 4.0579877 1.4499424 1.4194773 0.0000010 1.0561472 1.1191188 1.5033791 1.1223064 1.5988308 1.1677225 1.1677225 1.2412332 1.2412332 1.2226177 1.2226177 1.1513108 1.2287130 1.5656343 1.3326793 1.4402075 1.4701156 1.6274020 1.3456118 0.0000010 3.1135673 0.0000010 0.0000010 1.5337778 1.0941160 1.3790787 8.9999982 1.9567712 0.0000010 1.7890667 
Hvul_g31696_1                                      0.9890602 0.9119773 0.7809257 0.8379309 0.7230855 0.6540269 0.7003111 0.8621721 0.7029154 0.9030096 0.9342432 0.7985219 1.3009899 0.6051896 1.2258902 1.0822597 1.2751075 0.8003292 1.0276139 1.4270605 0.8045573 1.2086136 1.0724024 0.9355304 1.2940776 0.0000000 0.4075139 0.4941348 0.7746425 0.6328082 0.6131594 0.5402024 0.8127979 0.9689711 1.1264933 0.9402462 0.9033386 1.0720249 1.1024058 1.1099803 1.0955601 1.1221425 1.1345652 1.1410400 0.9775680 1.3199829 1.4166733 1.2841967 0.9867961 1.1549945 1.0040357 0.9691762 1.5028826 1.0912534 1.6214755 1.7234621 0.9740612 1.0201208 1.2543923 1.3864273 1.2561797 0.7135411 
Chem_TCONS_00047409                                0.9643862 0.8353634 0.7492731 0.7625702 0.7450430 0.6909322 0.7146540 0.8211756 0.7590496 0.8375281 0.8802100 0.8189715 1.1729924 0.7033985 1.1984546 1.1741910 1.2047366 0.7966595 0.9739280 1.4627906 0.8149142 1.2619447 1.0770184 1.0552015 1.4316857 0.4075139 0.0000000 0.5314103 0.7053807 0.6232128 0.5711309 0.5958279 0.8177107 0.9102783 1.0691109 0.9349528 1.0195623 1.0680254 1.1075916 1.0660407 1.0605258 1.0759448 1.0865031 1.0893316 0.9609916 1.4120103 1.4851230 1.2630003 1.0242435 1.2384492 0.9926477 0.9616770 1.4396984 1.1425109 1.5234068 1.5410812 1.0274065 0.9716921 1.1968022 1.3695432 1.2030271 0.7990741 
Aaur_scaffold990.g8.t2                             0.6822236 0.5654924 0.5051252 0.5102686 0.6325417 0.6120797 0.5467559 0.5630784 0.6132695 0.5329518 0.5419716 0.6435276 1.0161209 0.5141652 1.0248952 1.0690108 1.0243428 0.6543259 0.8361348 1.1245904 0.7753973 1.0407657 0.9704689 0.8049519 0.0000010 0.4941348 0.5314103 0.0000000 0.2298754 0.2009652 0.2138160 0.4865555 0.6649884 0.6364275 0.7609809 0.6909051 0.7219620 0.7257265 0.7767581 0.7516943 0.7544121 0.7735187 0.7735187 0.7817344 0.6567120 1.0663965 1.0330302 0.8125638 0.5420296 0.9206241 0.7580587 0.7743880 1.0155884 0.9870471 0.9780832 0.9800546 0.8113600 0.7061097 0.8668830 1.0451881 0.9246648 0.6369848 
Nemnom_g12505.t1                                   0.9938914 0.9107170 0.7780954 0.7155616 0.7180763 0.6482101 0.6646076 0.8842011 0.6452014 0.8596169 0.9407941 0.8879698 1.4212748 0.6949304 1.4265540 1.1074448 1.4606589 0.6631430 1.1550455 1.5419211 0.6993362 1.2467480 1.0153449 1.0290445 4.0579877 0.7746425 0.7053807 0.2298754 0.0000000 0.0990617 0.3220105 0.5521641 0.8136361 0.9606516 1.0621915 1.0541500 1.0168645 1.1451903 1.2141812 1.2088811 1.2035458 1.2248102 1.2405583 1.2310357 1.0020223 1.3746368 1.8392619 1.2667347 0.9276452 1.1662927 0.9694719 1.0020687 1.6154409 1.1134915 1.7115024 1.7047151 1.0906797 1.1035329 1.1800750 1.4556316 1.3086196 0.7333079 
Rhoesc_Res_011359-T1                               0.9037574 0.7898622 0.6682842 0.6908172 0.6227811 0.5681722 0.5768003 0.7637414 0.5693690 0.7262848 0.7789826 0.7644100 1.2517235 0.5726385 1.2621968 0.9948113 1.2786625 0.7026350 1.0563541 1.4207389 0.6875403 1.1576149 0.9830326 0.9689709 1.4499424 0.6328082 0.6232128 0.2009652 0.0990617 0.0000000 0.2573837 0.4757756 0.7169147 0.8633325 1.0345458 0.9141254 0.9308822 0.9836189 1.0205134 1.0151373 1.0079844 1.0142609 1.0276791 1.0537438 0.8434265 1.2091320 1.1994489 1.1551254 0.8394214 1.0656896 0.9047010 0.8421949 1.4938378 1.0169342 1.5942202 1.5446266 0.9481527 0.9721646 1.1897424 1.3846339 1.2388473 0.7036006 
Sanmal_Sma_025485-T1                               0.9114014 0.7518491 0.6677105 0.6328491 0.6150684 0.5671959 0.5518871 0.7024779 0.5387644 0.6884553 0.7759546 0.7357599 1.1859822 0.5958894 1.2001847 1.0128488 1.2242400 0.7358049 1.0028336 1.4283837 0.6984065 1.1530194 0.9737475 0.9047544 1.4194773 0.6131594 0.5711309 0.2138160 0.3220105 0.2573837 0.0000000 0.4508286 0.7292782 0.8286132 0.9761027 0.8498629 0.8713323 1.0021858 1.0438140 1.0562602 1.0399781 1.0593976 1.0636445 1.0615516 0.8194498 1.2387496 1.2632647 1.1516533 0.8845298 1.1093166 0.8939338 0.8459783 1.4068073 0.9854957 1.5073583 1.4433256 0.9566268 0.9287534 1.1821550 1.3455116 1.2239143 0.6606425 
Morvir_scaffold772.g1.t1                           0.9174015 0.7970165 0.6814576 0.6498714 0.7352721 0.8048483 0.7230424 0.7446504 0.7653673 0.7106718 0.7584961 0.8387211 1.2051004 0.0000010 1.1892281 1.3780285 1.2941183 0.6414649 1.0615075 1.6182119 0.0000010 1.5389928 2.3052794 1.2751990 0.0000010 0.5402024 0.5958279 0.4865555 0.5521641 0.4757756 0.4508286 0.0000000 1.0036686 0.7711130 0.9947433 0.8866997 0.8341408 0.7441584 0.8900419 0.9060395 0.9103218 0.9168238 0.9168238 0.9352130 0.7088788 1.2734286 3.7298448 0.9989472 0.0000010 1.1902602 0.0000010 0.8701084 1.1338026 0.9788043 0.9929739 1.0069410 0.9724024 0.8009830 0.9621366 1.4693894 1.2072109 0.9438721 
Ctel_gnl_WGS_AMQN_CAPTEDRAFT_mRNA193806            0.7011389 0.6033960 0.6597115 0.6841242 0.7291653 0.6651346 0.6830601 0.6727335 0.7034779 0.6379267 0.6863631 0.7137561 1.1307279 0.6626674 1.0748947 1.2218184 1.0978250 0.7758766 0.8563296 1.2539091 0.7986409 1.1494696 0.9555604 0.9056966 1.0561472 0.8127979 0.8177107 0.6649884 0.8136361 0.7169147 0.7292782 1.0036686 0.0000000 0.5612245 0.9143028 0.6675349 0.7373887 0.8124550 0.8648372 0.8771588 0.8790629 0.8742103 0.8830881 0.8999353 0.6733751 1.2282809 1.2293090 1.0688072 0.8903189 1.1875674 0.8907615 0.9486976 1.1492729 1.0900535 1.2555899 1.1676762 0.7704159 0.8007956 0.7928271 1.3266551 0.9329269 0.7933812 
Cgig_XM_011419328.3                                0.7485602 0.6427911 0.7460442 0.8128561 0.6900433 0.6491073 0.6583904 0.8013921 0.7307333 0.7822792 0.8980973 0.8607244 1.2033194 0.5956350 1.1654265 1.1224903 1.2067802 0.7410290 0.9225770 1.2203366 0.6659055 1.0235296 0.8956277 0.8717002 1.1191188 0.9689711 0.9102783 0.6364275 0.9606516 0.8633325 0.8286132 0.7711130 0.5612245 0.0000000 0.9578350 0.7053335 0.7207751 0.9429241 1.0011749 1.0170811 1.0207437 1.0221939 1.0344728 1.0308777 0.7361444 1.2417009 1.1489042 1.1277090 0.8539147 1.1584201 0.8351932 1.0439262 1.3983433 1.1365429 1.5552761 1.4696058 0.8148007 0.8611616 0.6931285 1.2969281 1.1057988 0.7810988 
Plajan_Pjan_scaffold8300_01                        0.9209465 0.8911717 0.8842449 0.8421789 0.8375586 0.7740651 0.8012946 0.9183469 0.9021712 0.9156441 0.9965182 0.9125038 1.1403130 0.5765110 1.0761775 1.1112496 1.1631120 0.4605595 0.6515106 1.2302137 0.5684862 1.1361912 0.9121536 0.9767650 1.5033791 1.1264933 1.0691109 0.7609809 1.0621915 1.0345458 0.9761027 0.9947433 0.9143028 0.9578350 0.0000000 0.9471858 0.9563984 1.0158577 1.0610844 1.0438980 1.0306553 1.0567028 1.0601879 1.0116803 0.9668560 1.4212867 1.3276064 1.3655113 0.8923916 1.2772962 1.0103583 1.2318760 1.6446900 1.3983707 1.7276392 1.9233363 1.0356452 1.1122403 1.1675901 1.2943235 1.1113194 0.8776057 
Cscu_XM_023373348.1                                0.7187355 0.6015965 0.7147034 0.7519228 0.6833639 0.6410218 0.6171688 0.7829946 0.6545635 0.7943546 0.9894607 0.7497962 1.2306589 0.6388065 1.2201563 1.1096382 1.2507729 0.6745749 0.9606120 1.3767141 0.7274396 1.1564838 0.9070839 0.8580298 1.1223064 0.9402462 0.9349528 0.6909051 1.0541500 0.9141254 0.8498629 0.8866997 0.6675349 0.7053335 0.9471858 0.0000000 0.7094904 0.9024048 0.9486342 0.9784988 0.9907146 0.9934843 1.0016787 1.0011743 0.7104119 1.2950252 1.1339961 1.2270121 0.8707457 1.1336547 0.9008026 1.0753497 1.4670572 1.0214128 1.4965388 1.6787792 0.7331429 0.9048963 0.9313341 1.4009689 1.1638233 0.7176901 
Dpul_mRNA2287                                      0.7542217 0.6923584 0.7706519 0.7754715 0.7796426 0.7301377 0.7497757 0.8148409 0.7244571 0.8116945 0.8690381 0.8566122 1.0956979 0.6439054 1.0392236 1.0401722 1.1220670 0.7211278 0.9445273 1.2732880 0.7126510 1.1725392 0.8942891 0.9968495 1.5988308 0.9033386 1.0195623 0.7219620 1.0168645 0.9308822 0.8713323 0.8341408 0.7373887 0.7207751 0.9563984 0.7094904 0.0000000 0.8722329 0.9177332 0.9478896 0.9315069 0.9231464 0.9201388 0.9555267 0.7902544 1.3886356 1.3279890 1.1878930 1.0389480 1.2392014 1.0447346 1.2099912 1.3624385 1.0286321 1.3652567 1.3788559 0.7042104 0.9349717 0.9674162 1.3474132 1.0435877 0.8648850 
Tadh_TriadT55823                                   0.9560015 0.8535925 0.8457553 0.8329115 0.7445395 0.6398684 0.7008900 0.8732662 0.6437657 0.8890427 0.9062759 0.8272648 1.3020230 0.6610375 1.2883370 1.0617579 1.2775951 0.6333480 0.9487067 1.2876177 0.6920328 1.0768642 1.0013756 0.9661557 1.1677225 1.0720249 1.0680254 0.7257265 1.1451903 0.9836189 1.0021858 0.7441584 0.8124550 0.9429241 1.0158577 0.9024048 0.8722329 0.0000000 0.0000010 0.1217210 0.1192317 0.1229330 0.1298899 0.1344994 0.8986409 1.3454348 1.0940770 1.3472500 0.7826792 1.2351236 0.9390972 0.9899052 1.6959375 1.2924854 1.7361335 1.8183687 1.0313827 1.0178244 1.3195969 1.2055555 1.1714088 0.8608108 
TrH2_TrispH2_005376-RA                             1.0039556 0.9090262 0.8922305 0.8808352 0.8113477 0.7044699 0.7487036 0.9217473 0.7537422 0.9343562 0.9754675 0.8745779 1.3658587 0.6610375 1.3449551 1.2235419 1.3326964 0.6333480 1.0121918 1.3138747 0.6920328 1.1137714 1.0013756 0.9661557 1.1677225 1.1024058 1.1075916 0.7767581 1.2141812 1.0205134 1.0438140 0.8900419 0.8648372 1.0011749 1.0610844 0.9486342 0.9177332 0.0000010 0.0000000 0.1315638 0.1277534 0.1321553 0.1392757 0.1424444 0.9609431 1.3838639 1.0940770 1.3792003 0.7826792 1.2586678 0.9390972 1.2855391 1.7686257 1.4123468 1.8144497 1.8707589 1.0573300 1.0648173 1.3844540 1.2547527 1.2278493 0.8662641 
HoiH06_mRNA4020                                    1.0054419 0.9026894 0.8918038 0.8800925 0.7663234 0.6638306 0.7134520 0.8966859 0.7393975 0.9118933 0.9472650 0.9004285 1.3323589 0.6576537 1.3535393 1.1849489 1.3333268 0.6122320 1.0095569 1.3236619 0.6540645 1.1358870 1.0051557 0.9600611 1.2412332 1.1099803 1.0660407 0.7516943 1.2088811 1.0151373 1.0562602 0.9060395 0.8771588 1.0170811 1.0438980 0.9784988 0.9478896 0.1217210 0.1315638 0.0000000 0.0357398 0.0579467 0.0643732 0.0757246 0.9500242 1.3847385 1.1048130 1.3746121 0.8043941 1.2766871 0.8872238 1.2567840 1.7335336 1.4238653 1.8572155 2.0284743 1.0301804 1.0853628 1.3455149 1.2638205 1.2363913 0.8532729 
HoiH23_PlH23_001674-RA                             1.0024888 0.9129109 0.8790796 0.8695722 0.7760422 0.6510186 0.7169563 0.8956127 0.7342442 0.9082299 0.9433203 0.9156979 1.3283746 0.6549794 1.3533080 1.1621896 1.3294945 0.6144670 1.0134426 1.3228839 0.6402026 1.1206476 0.9960791 0.9542103 1.2412332 1.0955601 1.0605258 0.7544121 1.2035458 1.0079844 1.0399781 0.9103218 0.8790629 1.0207437 1.0306553 0.9907146 0.9315069 0.1192317 0.1277534 0.0357398 0.0000000 0.0509144 0.0583045 0.0832631 0.9515461 1.3805751 1.1048130 1.3650810 0.7997019 1.2648115 0.8868215 1.2168833 1.7118230 1.4223279 1.8841386 2.0040690 1.0259884 1.0765761 1.3509284 1.2431701 1.2418466 0.8512836 
Hhon_g00936.t1                                     0.9891927 0.9101462 0.8935977 0.8835832 0.7724255 0.6527308 0.7113052 0.8979592 0.7299525 0.9135923 0.9465484 0.9053635 1.3341891 0.6557377 1.3585389 1.1743986 1.3452649 0.6089710 1.0027339 1.3322303 0.6493515 1.1268791 1.0174747 0.9524812 1.2226177 1.1221425 1.0759448 0.7735187 1.2248102 1.0142609 1.0593976 0.9168238 0.8742103 1.0221939 1.0567028 0.9934843 0.9231464 0.1229330 0.1321553 0.0579467 0.0509144 0.0000000 0.0076076 0.0894062 0.9569217 1.3779510 1.1041105 1.3593602 0.8031315 1.2691265 0.8880055 1.2619893 1.7277635 1.3968505 1.8485890 1.9581311 1.0317884 1.1038340 1.3715999 1.2583052 1.2169866 0.8596331 
HoiH04_mRNA3110                                    0.9963514 0.9210591 0.8989452 0.8846633 0.7763024 0.6529483 0.7063928 0.8952899 0.7303690 0.9119939 0.9508599 0.9154396 1.3386086 0.6557377 1.3746053 1.1744702 1.3437220 0.6089710 0.9873985 1.3130094 0.6493515 1.1211641 1.0162186 0.9480759 1.2226177 1.1345652 1.0865031 0.7735187 1.2405583 1.0276791 1.0636445 0.9168238 0.8830881 1.0344728 1.0601879 1.0016787 0.9201388 0.1298899 0.1392757 0.0643732 0.0583045 0.0076076 0.0000000 0.0958852 0.9685804 1.3603716 1.1041105 1.3597746 0.8031315 1.2692981 0.8880055 1.2619893 1.7080656 1.3975517 1.8396547 1.9728994 1.0451982 1.1078910 1.3948272 1.2832083 1.2137790 0.8537743 
HoiH11_mRNA2443                                    0.9794116 0.9107536 0.9214025 0.8847415 0.7848567 0.6685301 0.7351080 0.8982113 0.7316605 0.9235577 0.9689854 0.9166175 1.3222646 0.6416960 1.3715000 1.1644140 1.3265329 0.6124510 1.0120653 1.3379174 0.6456190 1.1526030 0.9991299 0.9445494 1.1513108 1.1410400 1.0893316 0.7817344 1.2310357 1.0537438 1.0615516 0.9352130 0.8999353 1.0308777 1.0116803 1.0011743 0.9555267 0.1344994 0.1424444 0.0757246 0.0832631 0.0894062 0.0958852 0.0000000 1.0040133 1.4079876 1.1956576 1.3964763 0.7818390 1.2892974 0.8997422 1.2545114 1.7484548 1.4143280 1.8860267 1.9850890 1.0614796 1.1128427 1.3198429 1.2444700 1.2299297 0.8184778 
Skow_XM_006814104.1                                0.7397078 0.6312920 0.6582482 0.6975439 0.6279113 0.5894961 0.5814135 0.7196657 0.5752277 0.7173132 0.7631786 0.6945480 1.1405713 0.7006887 1.1752574 1.0181807 1.1859707 0.6567047 0.8300072 1.2768284 0.7360556 1.1572084 0.8800525 0.9513425 1.2287130 0.9775680 0.9609916 0.6567120 1.0020223 0.8434265 0.8194498 0.7088788 0.6733751 0.7361444 0.9668560 0.7104119 0.7902544 0.8986409 0.9609431 0.9500242 0.9515461 0.9569217 0.9685804 1.0040133 0.0000000 1.3327475 1.4541284 1.2406905 1.0519038 1.2072179 0.9462887 1.0965802 1.4020596 1.1297542 1.5825201 1.5622316 0.8449184 0.7888643 1.0015794 1.2874636 1.1697647 0.7212721 
Mlei_ML1134.g17.i1                                 1.3846336 1.1992131 1.1449058 1.2001093 1.1480544 1.1400668 1.2025109 1.2195097 1.2184629 1.2063304 1.1969392 1.2777542 1.3790198 0.9383619 1.3553414 1.3854659 1.3763763 1.0542284 1.3219387 1.5948049 1.0320574 1.5372437 1.4427184 1.3139737 1.5656343 1.3199829 1.4120103 1.0663965 1.3746368 1.2091320 1.2387496 1.2734286 1.2282809 1.2417009 1.4212867 1.2950252 1.3886356 1.3454348 1.3838639 1.3847385 1.3805751 1.3779510 1.3603716 1.4079876 1.3327475 0.0000000 0.4659928 0.4977445 0.4316345 0.5047068 0.4739385 0.4169903 0.5807469 0.5467513 0.6331943 0.7379723 1.4244797 1.3558331 1.6517798 1.7749316 1.3386219 1.4027661 
Bolinf_Binf_sb1220243                              1.1741020 1.2379636 1.0179530 0.9779019 1.5875400 1.2358775 1.2380539 1.2705811 0.0000010 1.1674013 1.3959401 1.1729945 1.2569953 1.2338794 1.2231937 1.0506293 1.1765622 1.4881763 1.1028053 1.5888043 1.0337895 1.4605004 1.2393425 1.5216882 1.3326793 1.4166733 1.4851230 1.0330302 1.8392619 1.1994489 1.2632647 3.7298448 1.2293090 1.1489042 1.3276064 1.1339961 1.3279890 1.0940770 1.0940770 1.1048130 1.1048130 1.1041105 1.1041105 1.1956576 1.4541284 0.4659928 0.0000000 0.1359044 0.1751804 0.1988218 0.2653718 0.0000010 0.9919762 0.0000010 0.0000010 2.4511175 1.2746295 1.5629221 8.9999986 2.1645347 1.0096816 1.7604441 
Lampan_Lpan_7276_01                                1.3075035 1.1428608 1.1057786 1.0950546 0.9953999 0.9704853 0.9961182 1.1587854 0.9046216 1.1931191 1.2220570 1.2266834 1.3831635 0.7709874 1.3639554 1.2759841 1.4408601 0.8914370 1.3030650 1.5985536 0.7446482 1.3580692 1.2157781 1.1748702 1.4402075 1.2841967 1.2630003 0.8125638 1.2667347 1.1551254 1.1516533 0.9989472 1.0688072 1.1277090 1.3655113 1.2270121 1.1878930 1.3472500 1.3792003 1.3746121 1.3650810 1.3593602 1.3597746 1.3964763 1.2406905 0.4977445 0.1359044 0.0000000 0.2064894 0.3421217 0.2380779 0.3295173 0.4489707 0.3533399 0.5123380 0.5982978 1.2778261 1.3482946 1.5145901 1.6681860 1.3915553 1.1220412 
Drygla_Dgla_sb302753                               1.0046262 0.8655878 0.9029511 0.5989041 1.1416640 1.0273926 0.9901769 0.9978559 0.0000010 0.9999044 1.0568987 1.0117191 0.9348188 0.8892288 0.9161834 0.0000010 0.9220251 1.0404817 0.7841315 1.2387790 0.7123054 1.1201862 0.9311579 1.1155746 1.4701156 0.9867961 1.0242435 0.5420296 0.9276452 0.8394214 0.8845298 0.0000010 0.8903189 0.8539147 0.8923916 0.8707457 1.0389480 0.7826792 0.7826792 0.8043941 0.7997019 0.8031315 0.8031315 0.7818390 1.0519038 0.4316345 0.1751804 0.2064894 0.0000000 0.2204865 0.3081102 0.0000010 1.5574861 1.7788671 1.7788671 2.2955682 1.0459979 1.1129529 8.9999989 1.3756541 0.6829190 1.3610037 
Beraby_Baby_sb343462                               1.1932037 1.1192768 1.0899587 1.0430971 1.1038304 1.0893115 1.1739371 1.1689133 1.0833245 1.1938266 1.1351395 1.1053200 1.2463051 0.8578738 1.1865992 1.2978778 1.1899897 0.9200549 1.2305229 1.5549809 0.8812024 1.4573810 1.2956009 1.1866907 1.6274020 1.1549945 1.2384492 0.9206241 1.1662927 1.0656896 1.1093166 1.1902602 1.1875674 1.1584201 1.2772962 1.1336547 1.2392014 1.2351236 1.2586678 1.2766871 1.2648115 1.2691265 1.2692981 1.2892974 1.2072179 0.5047068 0.1988218 0.3421217 0.2204865 0.0000000 0.2822773 0.3938853 0.4369447 0.4150568 0.4837777 0.6500143 1.3050728 1.2145293 1.4903948 1.5544077 1.2146105 1.2038651 
Vmul_Simscaffold15484_01                           0.8649942 0.7736705 0.7657494 0.6635231 1.0103552 0.8685977 0.8554687 0.8491048 0.7323814 0.8694859 0.9083775 0.8445550 0.9541815 0.7904126 0.9278103 0.8921595 0.9375987 0.9036653 0.8740456 1.1654173 0.8286727 1.1133992 0.8993421 0.9732715 1.3456118 1.0040357 0.9926477 0.7580587 0.9694719 0.9047010 0.8939338 0.0000010 0.8907615 0.8351932 1.0103583 0.9008026 1.0447346 0.9390972 0.9390972 0.8872238 0.8868215 0.8880055 0.8880055 0.8997422 0.9462887 0.4739385 0.2653718 0.2380779 0.3081102 0.2822773 0.0000000 0.0000010 0.3882838 0.3585001 0.3213245 1.0608866 1.0588455 1.0344503 1.4594304 1.2408869 0.8068774 1.0327816 
Pbac_sb2647707                                     1.2503667 1.0739185 0.9986204 1.0964612 1.0255031 0.9531586 0.9399562 0.9144662 1.0274228 0.9940638 1.0306218 1.0581998 1.2682731 0.0000010 1.2567495 1.1887401 1.1489171 0.7163907 1.3317869 1.2536297 0.0000010 1.3108213 4.4065151 4.1653099 0.0000010 0.9691762 0.9616770 0.7743880 1.0020687 0.8421949 0.8459783 0.8701084 0.9486976 1.0439262 1.2318760 1.0753497 1.2099912 0.9899052 1.2855391 1.2567840 1.2168833 1.2619893 1.2619893 1.2545114 1.0965802 0.4169903 0.0000010 0.3295173 0.0000010 0.3938853 0.0000010 0.0000000 0.0212837 0.3850681 0.3850681 0.3589652 1.3443320 0.9991938 1.2532454 1.6811320 1.0623710 1.2874526 
Horcal_Hcv1.av93.c4.g509.i2                        1.4915833 1.2613707 1.3445956 1.3550966 1.1040779 1.1447646 1.0999726 1.2872110 1.0336366 1.4168256 1.4079692 1.3994903 1.5320831 0.9288824 1.6357393 1.3451444 1.6921554 0.8923255 1.6152383 2.0686971 0.0000010 1.8448756 1.9758089 1.8920773 3.1135673 1.5028826 1.4396984 1.0155884 1.6154409 1.4938378 1.4068073 1.1338026 1.1492729 1.3983433 1.6446900 1.4670572 1.3624385 1.6959375 1.7686257 1.7335336 1.7118230 1.7277635 1.7080656 1.7484548 1.4020596 0.5807469 0.9919762 0.4489707 1.5574861 0.4369447 0.3882838 0.0212837 0.0000000 0.3727160 0.5443119 0.5526329 1.3906744 1.3099338 1.4981298 1.8898374 1.7078752 1.1784003 
Coeast_Cast_sb772081                               1.2589978 1.0117458 1.0496373 1.0086216 0.9632421 1.1669144 1.0084340 0.9926244 1.0357314 0.9946494 0.9745321 1.1082441 1.3441918 0.0000010 1.3205179 1.4744116 1.4333476 0.9424273 1.4141963 1.7339107 0.0000010 1.7558924 3.1138119 2.2204795 0.0000010 1.0912534 1.1425109 0.9870471 1.1134915 1.0169342 0.9854957 0.9788043 1.0900535 1.1365429 1.3983707 1.0214128 1.0286321 1.2924854 1.4123468 1.4238653 1.4223279 1.3968505 1.3975517 1.4143280 1.1297542 0.5467513 0.0000010 0.3533399 1.7788671 0.4150568 0.3585001 0.3850681 0.3727160 0.0000000 0.0180354 0.3385736 1.2787845 1.0464244 1.2278741 1.6786169 1.5313830 1.3132329 
Coemet_Cmet_scaffold6303_01                        1.7283193 1.4617495 1.4391652 1.4572021 0.9653806 1.0570771 1.1500532 1.4052584 0.9228341 1.5846683 1.4913206 1.5341268 1.7255799 0.0000010 1.9638531 1.3516308 1.9510028 0.8943951 1.6381052 2.0715007 0.0000010 1.8271865 2.8319380 2.3608409 0.0000010 1.6214755 1.5234068 0.9780832 1.7115024 1.5942202 1.5073583 0.9929739 1.2555899 1.5552761 1.7276392 1.4965388 1.3652567 1.7361335 1.8144497 1.8572155 1.8841386 1.8485890 1.8396547 1.8860267 1.5825201 0.6331943 0.0000010 0.5123380 1.7788671 0.4837777 0.3213245 0.3850681 0.5443119 0.0180354 0.0000000 0.5212858 1.5653476 1.5248148 1.6419957 2.0760649 2.0027299 1.0661608 
Eupdun_Edun_sb10678120                             1.8154176 1.4470659 1.3527255 1.3169571 0.9781144 1.1166598 1.2145192 1.4362779 0.9521194 1.4721205 1.5111633 1.5569260 1.8125883 1.2206318 1.9726924 1.4080491 2.0150116 1.0543377 1.9356519 2.0135200 2.2904023 1.7637522 3.0900304 2.4337478 1.5337778 1.7234621 1.5410812 0.9800546 1.7047151 1.5446266 1.4433256 1.0069410 1.1676762 1.4696058 1.9233363 1.6787792 1.3788559 1.8183687 1.8707589 2.0284743 2.0040690 1.9581311 1.9728994 1.9850890 1.5622316 0.7379723 2.4511175 0.5982978 2.2955682 0.6500143 1.0608866 0.3589652 0.5526329 0.3385736 0.5212858 0.0000000 1.5310158 1.4721617 1.7617821 2.0621961 2.1414170 1.5663330 
Tcas_TC009783_001                                  0.8326726 0.7440330 0.8458546 0.8547612 0.8297588 0.7619089 0.8223609 0.8903046 0.8222881 0.8817081 0.8627556 0.9195975 1.2519590 0.7086166 1.2264229 1.2344886 1.2426282 0.7030651 0.9510284 1.3075826 0.8625528 1.2216602 0.9855482 1.0182753 1.0941160 0.9740612 1.0274065 0.8113600 1.0906797 0.9481527 0.9566268 0.9724024 0.7704159 0.8148007 1.0356452 0.7331429 0.7042104 1.0313827 1.0573300 1.0301804 1.0259884 1.0317884 1.0451982 1.0614796 0.8449184 1.4244797 1.2746295 1.2778261 1.0459979 1.3050728 1.0588455 1.3443320 1.3906744 1.2787845 1.5653476 1.5310158 0.0000000 0.9579611 1.0238783 1.4845069 1.2201798 0.8978300 
Spur_XM_030975367.1                                0.9954939 0.8222677 0.9083261 0.8720733 0.7379848 0.7326889 0.7575241 0.9192260 0.7098156 0.9009566 0.9057804 0.9651860 1.3077281 0.7961383 1.2817744 1.0615887 1.2895591 0.7664789 1.0061695 1.4742293 0.8266116 1.0746935 1.0372070 1.0276813 1.3790787 1.0201208 0.9716921 0.7061097 1.1035329 0.9721646 0.9287534 0.8009830 0.8007956 0.8611616 1.1122403 0.9048963 0.9349717 1.0178244 1.0648173 1.0853628 1.0765761 1.1038340 1.1078910 1.1128427 0.7888643 1.3558331 1.5629221 1.3482946 1.1129529 1.2145293 1.0344503 0.9991938 1.3099338 1.0464244 1.5248148 1.4721617 0.9579611 0.0000000 1.1373450 1.4055212 1.1779282 0.8791466 
Acagra_model.g29556.t1                             0.9230104 0.8696789 1.0813058 1.0048186 0.9142165 0.9508684 0.9021144 1.0579790 0.7120879 1.0442810 1.2178460 1.1637590 1.5259973 1.9213886 1.5738675 1.1912770 1.6707958 0.7383724 1.2720562 1.6062938 1.6787436 1.3844352 1.3845587 1.1611262 8.9999982 1.2543923 1.1968022 0.8668830 1.1800750 1.1897424 1.1821550 0.9621366 0.7928271 0.6931285 1.1675901 0.9313341 0.9674162 1.3195969 1.3844540 1.3455149 1.3509284 1.3715999 1.3948272 1.3198429 1.0015794 1.6517798 8.9999986 1.5145901 8.9999989 1.4903948 1.4594304 1.2532454 1.4981298 1.2278741 1.6419957 1.7617821 1.0238783 1.1373450 0.0000000 1.5931540 1.2149996 0.9671410 
