32
Hsap_ENST00000372441                    0.0000000 0.9036576 1.0701553 1.5709648 1.3704726 1.3988878 1.3984203 1.4214071 1.3337450 1.2910652 1.2786007 1.2408254 1.3628417 1.4546204 1.4929683 1.5329320 1.5968062 1.5638276 1.8091159 1.4456775 1.6904541 1.6176337 1.9971589 1.9964930 2.0339880 2.0782717 1.9930333 2.0044044 1.4428679 2.3800699 1.9361283 2.0972283 
Bralan_BLAG04001061_1                   0.9036576 0.0000000 1.0008120 1.2626381 1.2225039 1.2076749 1.2176187 1.2808289 1.1991687 1.2292145 1.1862935 1.1491067 1.2569121 1.4578881 1.3942950 1.3608268 1.3705133 1.5382476 1.7998754 1.5018088 1.3972895 1.4291542 1.6660739 1.6912909 1.7582153 1.7522225 1.7167556 1.7311978 1.2973476 2.3922671 2.1302607 2.0809889 
Skow_XM_002738026.1                     1.0701553 1.0008120 0.0000000 1.6665447 1.4956445 1.3587560 1.3607207 1.4081510 1.3223211 1.2829961 1.3379953 1.3350801 1.5293468 1.6430620 1.5080444 1.4584854 1.5377790 1.5097651 1.7986013 1.7327941 1.4672533 1.8708650 2.1092327 2.0809835 2.1469728 2.1537409 2.2319447 2.2210087 1.3930922 2.5194181 2.2125575 1.9808588 
Exapal_XM_021046241.2                   1.5709648 1.2626381 1.6665447 0.0000000 0.5969225 0.9909724 0.9834853 0.9055186 0.9019909 0.8290798 0.8873115 0.8650237 1.2907844 1.3748850 1.2873908 1.3170724 1.1683289 1.3450020 1.4647146 1.3853823 1.4318496 1.6566611 1.9040753 1.9541009 1.9509140 1.9088305 1.9597423 1.9735862 2.0656190 2.4337853 2.1176208 2.4570189 
Nvec_v1g193231                          1.3704726 1.2225039 1.4956445 0.5969225 0.0000000 0.8195481 0.8194717 0.9151339 0.7803920 0.7583317 0.8284471 0.8072039 1.2080949 1.2788048 1.2138838 1.2299468 1.2019947 1.3401885 1.4598914 1.3839851 1.6784122 1.9510334 2.0628701 2.0328734 2.1017423 2.0680082 2.0397158 2.0544432 1.9283498 2.2628628 1.9148447 2.3345515 
Adig_XM_015919052.1                     1.3988878 1.2076749 1.3587560 0.9909724 0.8195481 0.0000000 0.0041066 0.3284932 0.3488663 0.3656264 0.3648288 0.3669562 1.0062770 1.2534785 1.1675685 1.1679278 1.1425865 1.1202584 1.4823260 1.3535757 1.7168883 1.7068593 1.7439746 1.7870185 1.8445695 1.8192910 1.8017741 1.8172497 1.7864570 2.3650579 2.1378604 2.0544679 
Amil_Amillepora11789-RA                 1.3984203 1.2176187 1.3607207 0.9834853 0.8194717 0.0041066 0.0000000 0.3212001 0.3532889 0.3669884 0.3619729 0.3640647 1.0076768 1.2534785 1.1672249 1.1675814 1.1422594 1.1220466 1.4920539 1.3531311 1.7191044 1.7364701 1.7721838 1.8162927 1.8745600 1.8488036 1.8310236 1.8468164 1.8055429 2.3777531 2.1456985 2.0568474 
Gfas_gfas1.m1.10170.m1                  1.4214071 1.2808289 1.4081510 0.9055186 0.9151339 0.3284932 0.3212001 0.0000000 0.2954534 0.2951758 0.3290861 0.3322879 0.9189953 1.0752909 1.1902362 1.2046057 1.1172243 1.1261163 1.4084740 1.3117326 1.7075586 1.5913875 1.7168670 1.7678556 1.7640437 1.7074617 1.7152225 1.7300579 1.6923601 2.2210525 2.0428478 2.1190767 
Fspp_ffun1.m4.7253.m1                   1.3337450 1.1991687 1.3223211 0.9019909 0.7803920 0.3488663 0.3532889 0.2954534 0.0000000 0.1920862 0.2049738 0.2318455 0.9530451 1.1198161 1.0560335 1.0580830 1.0333149 1.0730411 1.3885366 1.2037328 1.5974404 1.6666032 1.7198044 1.6888281 1.7735010 1.7317630 1.6515727 1.6629932 1.6549904 2.0655980 1.8996695 2.1083491 
Gasp_gasp1.m3.1590.m1                   1.2910652 1.2292145 1.2829961 0.8290798 0.7583317 0.3656264 0.3669884 0.2951758 0.1920862 0.0000000 0.2143960 0.2413037 0.9489007 1.0941202 1.0893862 1.1141191 1.0311550 1.0700418 1.3970620 1.2364696 1.5825873 1.6675597 1.7244082 1.6910476 1.7888145 1.7639235 1.6648693 1.6763053 1.6986781 1.9698103 1.9306444 2.1549913 
Spis_XP_022798722_1                     1.2786007 1.1862935 1.3379953 0.8873115 0.8284471 0.3648288 0.3619729 0.3290861 0.2049738 0.2143960 0.0000000 0.0724580 0.8974094 1.0544417 1.1416170 1.1278360 1.0847829 1.0987123 1.3497292 1.2690842 1.5940818 1.6386858 1.6742247 1.6812700 1.7153397 1.7094236 1.6686114 1.6803077 1.6485577 2.1368072 2.0312871 2.1118535 
Pocdam_XM_027179899.1                   1.2408254 1.1491067 1.3350801 0.8650237 0.8072039 0.3669562 0.3640647 0.3322879 0.2318455 0.2413037 0.0724580 0.0000000 0.8655288 1.1066155 1.1107227 1.1113997 1.0953960 1.0900633 1.3459035 1.2246621 1.5489131 1.6334702 1.6685742 1.7125516 1.6991199 1.6883278 1.6723742 1.6840579 1.7137773 1.9993266 1.9439178 2.0900503 
Dgig_XM_028540083.1                     1.3628417 1.2569121 1.5293468 1.2907844 1.2080949 1.0062770 1.0076768 0.9189953 0.9530451 0.9489007 0.8974094 0.8655288 0.0000000 0.3381717 1.0116178 1.0369231 1.0582527 1.2346059 1.3071556 1.0888766 1.6860661 1.8462542 1.8743547 1.8811607 1.9293500 1.9465032 1.9079040 1.9218541 1.4840000 2.2193769 1.8430450 2.1013255 
Xesp_011849-T1                          1.4546204 1.4578881 1.6430620 1.3748850 1.2788048 1.2534785 1.2534785 1.0752909 1.1198161 1.0941202 1.0544417 1.1066155 0.3381717 0.0000000 1.0364782 1.1293024 1.0346757 1.3001096 1.3701122 1.2220883 2.0899721 1.9747541 1.9788383 1.9992798 1.9857589 1.9730533 1.9138162 1.9138162 1.9547602 2.4782295 1.9462100 2.4739960 
Nemnom_g2384.t1                         1.4929683 1.3942950 1.5080444 1.2873908 1.2138838 1.1675685 1.1672249 1.1902362 1.0560335 1.0893862 1.1416170 1.1107227 1.0116178 1.0364782 0.0000000 0.1653201 0.5259962 0.9374809 1.0327270 0.9170204 1.7904606 2.0120545 2.1356916 2.1766631 2.2247201 2.1393757 2.2162742 2.2242622 1.6972642 2.2114104 1.8971086 2.2542546 
Rhoesc_Res_001735-T1                    1.5329320 1.3608268 1.4584854 1.3170724 1.2299468 1.1679278 1.1675814 1.2046057 1.0580830 1.1141191 1.1278360 1.1113997 1.0369231 1.1293024 0.1653201 0.0000000 0.5802932 0.9064525 1.0401914 0.8866397 1.7830256 2.0704802 2.1671485 2.2417473 2.2667015 2.1648548 2.2499122 2.2579805 1.5323358 2.2248550 1.9064167 2.0093143 
Sanmal_Sma_027389-T1                    1.5968062 1.3705133 1.5377790 1.1683289 1.2019947 1.1425865 1.1422594 1.1172243 1.0333149 1.0311550 1.0847829 1.0953960 1.0582527 1.0346757 0.5259962 0.5802932 0.0000000 0.8645245 1.1778626 1.0615255 1.8933227 1.9757605 2.1479180 2.1708165 2.1583552 2.0667677 2.1356414 2.1434314 1.8711998 2.1534827 1.9005532 2.2263489 
Morvir_scaffold31.g90.t1                1.5638276 1.5382476 1.5097651 1.3450020 1.3401885 1.1202584 1.1220466 1.1261163 1.0730411 1.0700418 1.0987123 1.0900633 1.2346059 1.3001096 0.9374809 0.9064525 0.8645245 0.0000000 1.1560716 1.1188393 1.9264874 2.1846873 2.2547276 2.2594434 2.3044752 2.1840996 2.2770975 2.2987990 1.8831118 2.2932152 1.9957253 2.1665605 
Hvul_g4044_1                            1.8091159 1.7998754 1.7986013 1.4647146 1.4598914 1.4823260 1.4920539 1.4084740 1.3885366 1.3970620 1.3497292 1.3459035 1.3071556 1.3701122 1.0327270 1.0401914 1.1778626 1.1560716 0.0000000 0.7717419 2.3070017 2.1403214 2.1420013 2.1879492 2.2419902 2.1716039 2.2182177 2.2054021 2.1047249 2.7457231 2.3867041 2.2036419 
Chem_TCONS_00008843                     1.4456775 1.5018088 1.7327941 1.3853823 1.3839851 1.3535757 1.3531311 1.3117326 1.2037328 1.2364696 1.2690842 1.2246621 1.0888766 1.2220883 0.9170204 0.8866397 1.0615255 1.1188393 0.7717419 0.0000000 1.8134410 2.0474815 2.0922214 2.1919792 2.1270576 2.0538671 2.1555102 2.1524250 1.9666470 2.6806350 2.2281776 2.4769692 
Acagra_model.g16309.t1                  1.6904541 1.3972895 1.4672533 1.4318496 1.6784122 1.7168883 1.7191044 1.7075586 1.5974404 1.5825873 1.5940818 1.5489131 1.6860661 2.0899721 1.7904606 1.7830256 1.8933227 1.9264874 2.3070017 1.8134410 0.0000000 1.8667966 2.0630807 2.1231385 2.1890879 2.2272561 2.1563998 2.1458258 1.4669541 2.1255838 2.4009963 1.8260855 
Tadh_TriadT15663                        1.6176337 1.4291542 1.8708650 1.6566611 1.9510334 1.7068593 1.7364701 1.5913875 1.6666032 1.6675597 1.6386858 1.6334702 1.8462542 1.9747541 2.0120545 2.0704802 1.9757605 2.1846873 2.1403214 2.0474815 1.8667966 0.0000000 0.0000010 0.1417514 0.1326236 0.1285552 0.1318906 0.1376759 2.0247320 3.3442246 3.0187267 2.3015657 
TrH2_TrispH2_002447-RA                  1.9971589 1.6660739 2.1092327 1.9040753 2.0628701 1.7439746 1.7721838 1.7168670 1.7198044 1.7244082 1.6742247 1.6685742 1.8743547 1.9788383 2.1356916 2.1671485 2.1479180 2.2547276 2.1420013 2.0922214 2.0630807 0.0000010 0.0000000 0.2197090 0.2067635 0.2108576 0.2186314 0.2191852 2.0839610 3.3442246 3.0187267 2.5660722 
HoiH11_mRNA7989                         1.9964930 1.6912909 2.0809835 1.9541009 2.0328734 1.7870185 1.8162927 1.7678556 1.6888281 1.6910476 1.6812700 1.7125516 1.8811607 1.9992798 2.1766631 2.2417473 2.1708165 2.2594434 2.1879492 2.1919792 2.1231385 0.1417514 0.2197090 0.0000000 0.1358295 0.1416684 0.0977828 0.0980201 2.0239158 3.3958843 3.0189339 2.4285083 
HoiH06_mRNA6978                         2.0339880 1.7582153 2.1469728 1.9509140 2.1017423 1.8445695 1.8745600 1.7640437 1.7735010 1.7888145 1.7153397 1.6991199 1.9293500 1.9857589 2.2247201 2.2667015 2.1583552 2.3044752 2.2419902 2.1270576 2.1890879 0.1326236 0.2067635 0.1358295 0.0000000 0.0449980 0.0894045 0.0896271 2.0909400 3.4249068 3.0307651 2.4634485 
HoiH23_PlH23_003213-RA                  2.0782717 1.7522225 2.1537409 1.9088305 2.0680082 1.8192910 1.8488036 1.7074617 1.7317630 1.7639235 1.7094236 1.6883278 1.9465032 1.9730533 2.1393757 2.1648548 2.0667677 2.1840996 2.1716039 2.0538671 2.2272561 0.1285552 0.2108576 0.1416684 0.0449980 0.0000000 0.1068258 0.1070926 2.1051639 3.5196877 3.1102824 2.5083888 
Hhon_g08261.t1                          1.9930333 1.7167556 2.2319447 1.9597423 2.0397158 1.8017741 1.8310236 1.7152225 1.6515727 1.6648693 1.6686114 1.6723742 1.9079040 1.9138162 2.2162742 2.2499122 2.1356414 2.2770975 2.2182177 2.1555102 2.1563998 0.1318906 0.2186314 0.0977828 0.0894045 0.1068258 0.0000000 0.0071168 2.0958440 3.2957288 2.9797250 2.5068950 
HoiH04_mRNA678                          2.0044044 1.7311978 2.2210087 1.9735862 2.0544432 1.8172497 1.8468164 1.7300579 1.6629932 1.6763053 1.6803077 1.6840579 1.9218541 1.9138162 2.2242622 2.2579805 2.1434314 2.2987990 2.2054021 2.1524250 2.1458258 0.1376759 0.2191852 0.0980201 0.0896271 0.1070926 0.0071168 0.0000000 2.1116813 3.1987501 2.9208425 2.5094120 
Ctel_gnl_WGS_AMQN_CAPTEDRAFT_mRNA205861 1.4428679 1.2973476 1.3930922 2.0656190 1.9283498 1.7864570 1.8055429 1.6923601 1.6549904 1.6986781 1.6485577 1.7137773 1.4840000 1.9547602 1.6972642 1.5323358 1.8711998 1.8831118 2.1047249 1.9666470 1.4669541 2.0247320 2.0839610 2.0239158 2.0909400 2.1051639 2.0958440 2.1116813 0.0000000 2.5099437 2.2620189 1.8713109 
Ocar_g8702                              2.3800699 2.3922671 2.5194181 2.4337853 2.2628628 2.3650579 2.3777531 2.2210525 2.0655980 1.9698103 2.1368072 1.9993266 2.2193769 2.4782295 2.2114104 2.2248550 2.1534827 2.2932152 2.7457231 2.6806350 2.1255838 3.3442246 3.3442246 3.3958843 3.4249068 3.5196877 3.2957288 3.1987501 2.5099437 0.0000000 0.0000010 2.7228540 
Opea_EP00118_Oscarella_pearsei_P026382  1.9361283 2.1302607 2.2125575 2.1176208 1.9148447 2.1378604 2.1456985 2.0428478 1.8996695 1.9306444 2.0312871 1.9439178 1.8430450 1.9462100 1.8971086 1.9064167 1.9005532 1.9957253 2.3867041 2.2281776 2.4009963 3.0187267 3.0187267 3.0189339 3.0307651 3.1102824 2.9797250 2.9208425 2.2620189 0.0000010 0.0000000 2.5752268 
Cgig_XM_034468012.1                     2.0972283 2.0809889 1.9808588 2.4570189 2.3345515 2.0544679 2.0568474 2.1190767 2.1083491 2.1549913 2.1118535 2.0900503 2.1013255 2.4739960 2.2542546 2.0093143 2.2263489 2.1665605 2.2036419 2.4769692 1.8260855 2.3015657 2.5660722 2.4285083 2.4634485 2.5083888 2.5068950 2.5094120 1.8713109 2.7228540 2.5752268 0.0000000 
