53
Hsap_ENST00000338595                                    0.0000000 2.0104147 1.7608068 1.7878709 2.0450555 1.7212587 1.9713724 2.0072903 2.3012062 1.9506983 2.1110807 2.1271944 1.7527090 1.9626200 2.0406554 1.9643671 2.2206185 2.0110674 2.2324149 2.3976551 2.3089827 2.3871198 2.7914234 2.6932549 2.3180510 2.7720526 3.8923491 2.7852101 2.2651227 2.4398487 2.2458627 2.3995027 2.5881476 2.4007257 2.2735064 2.3381514 2.8643999 2.8643999 2.7987237 3.0707158 2.9991161 3.0037177 3.1091884 2.7357568 2.6030811 2.5302189 2.7913525 2.8318927 2.8012471 2.6334723 2.6930219 2.4199666 2.9844358 
Bralan_BLAG07000371_1                                   2.0104147 0.0000000 1.8460365 1.8811281 1.8374699 1.5991190 1.8409415 1.8757653 2.1031805 1.9225584 2.0281845 1.8663870 1.8221306 1.5455580 1.5141205 1.8042404 2.0147502 2.0890288 2.3268939 2.5408765 2.2363329 2.6252563 3.2699982 2.8924156 2.3018848 2.0919576 3.8377568 2.5492246 2.3903399 2.4484891 2.2477520 2.4229330 2.5689610 2.0298042 2.1059246 2.4424201 3.4484472 3.4484472 3.0747564 3.1138935 3.1605655 3.2940907 3.2635747 2.7864681 2.3174260 2.6111626 2.8900435 2.8827144 2.6701256 2.4478761 2.4947245 2.3716237 3.5378163 
Adig_XM_015912176.1                                     1.7608068 1.8460365 0.0000000 0.0097850 0.5748475 0.7222610 0.8450941 0.8857325 1.0790180 1.6103474 1.8059641 1.8223530 1.5840386 1.8059523 1.9195574 1.8390412 2.0037329 2.3560043 1.9534812 2.3385757 1.9650808 1.9682060 2.4200901 2.1893396 2.0647843 2.1070956 3.1090863 2.1248332 2.4342190 2.3797736 2.0302729 2.1192069 2.1357757 2.1393760 2.1205058 1.9882342 3.0005769 3.0005769 2.3680872 2.7908064 2.6910939 2.7329514 2.8823568 2.3901912 2.2277032 2.2475229 2.3242128 2.3429776 2.9729412 2.4280110 2.4336628 2.4941017 3.5162274 
Amil_Amillepora19997-RA                                 1.7878709 1.8811281 0.0097850 0.0000000 0.5893432 0.7155610 0.8632860 0.8797064 1.1044272 1.6784624 1.8154568 1.7914718 1.5617502 1.8106794 1.9466430 1.9200101 2.0777031 2.4039171 2.0222445 2.4850440 2.0521673 2.0164061 2.4628480 2.2406123 2.1377484 2.1368742 3.1221532 2.1266675 2.4948532 2.4896522 2.0799331 2.1341751 2.1781333 2.1509706 2.1486957 1.9451633 3.0764234 3.0764234 2.4623641 2.8895438 2.7828700 2.8288031 2.9922739 2.5472287 2.3678026 2.4082466 2.5103925 2.4530376 3.1403234 2.4898840 2.4555869 2.5628338 4.0041051 
Gfas_gfas1.m1.6365.m1                                   2.0450555 1.8374699 0.5748475 0.5893432 0.0000000 0.4801384 0.6296415 0.6334577 0.8643545 1.3703846 1.4448706 1.8348384 1.4937268 1.7786426 1.7047847 1.9148645 2.0680670 2.0734166 1.9328107 2.2286384 1.9326103 1.8915419 2.2418730 2.0729664 1.8381601 1.8232202 3.1768244 2.1167289 2.3941077 2.5018340 2.1145423 2.2401230 2.1546594 2.1996763 2.1755994 2.2331189 2.8433938 2.8433938 2.0760500 2.2539724 2.3591538 2.3973684 2.3960064 2.4397843 2.3865545 2.2151269 2.4843337 2.5497174 2.8218474 2.3002791 2.5118180 2.2807865 3.2431591 
Fspp_ffun1.m4.30031.m1                                  1.7212587 1.5991190 0.7222610 0.7155610 0.4801384 0.0000000 0.3479360 0.3460653 0.9838790 1.3077174 1.5177268 1.6317792 1.4556439 1.5941630 1.6361102 1.7685231 1.8833236 1.9277318 1.8352080 2.1299507 1.7918288 1.8313599 2.1911828 2.0171460 1.6918867 1.9158482 2.9029895 2.1177923 2.3053508 2.1955839 2.0828714 2.2400528 2.2567707 2.1235952 2.1404214 1.9374631 2.9076482 2.9076482 2.3931564 2.5073793 2.5323487 2.5613859 2.5363823 2.0557884 2.1727688 2.1174033 2.2055334 2.4926694 2.5745653 2.2504100 2.2799968 2.0614469 3.1690876 
Spis_XP_022781838_1                                     1.9713724 1.8409415 0.8450941 0.8632860 0.6296415 0.3479360 0.0000000 0.1573090 1.1475768 1.5258155 1.5608160 1.8723381 1.7364884 1.6303568 1.7170546 1.9065619 1.9173863 2.2309296 2.0507537 2.5722179 2.0008577 2.0677828 2.5192177 2.1107640 2.0088962 2.1036082 3.2504225 2.2074718 2.4456912 2.4333129 2.1685379 2.3574795 2.3538720 2.2203717 2.4920984 2.0545903 2.7843331 2.7843331 2.4075817 2.4384359 2.4449991 2.4720971 2.4532425 2.1212641 2.2835955 2.2573666 2.3315283 2.4876859 2.4757807 2.1803902 2.3494078 2.2917962 3.6276079 
Pocdam_XM_027196718.1                                   2.0072903 1.8757653 0.8857325 0.8797064 0.6334577 0.3460653 0.1573090 0.0000000 1.1292819 1.4909961 1.5773583 1.8595240 1.7003861 1.6907790 1.7288443 2.0141876 2.0810485 2.1796643 2.0181425 2.6311189 2.0553670 2.0869889 2.4901502 2.2286355 1.9480967 2.1956661 2.9967780 2.1465599 2.3872249 2.4492077 2.1187342 2.2518856 2.2375069 2.1484862 2.3199326 2.0517013 2.8235220 2.8235220 2.3992032 2.4797667 2.4765608 2.5152878 2.5085778 2.0745450 2.2142391 2.0956410 2.2387183 2.2867735 2.3743638 2.1000445 2.2948951 2.3380008 3.5790160 
Gasp_gasp1.m3.8507.m1                                   2.3012062 2.1031805 1.0790180 1.1044272 0.8643545 0.9838790 1.1475768 1.1292819 0.0000000 1.7782520 1.8327957 2.5406770 2.0018812 2.1827213 2.2259146 2.3639566 2.5573757 2.9058618 2.5201159 2.3941875 2.6314318 2.7435393 3.1430345 2.8502458 2.5319919 2.7583926 3.3752246 2.7030092 2.5350222 2.5689674 2.5178648 2.4237684 2.3392718 2.2526435 2.3192990 2.6357292 3.4697931 3.4697931 2.6257410 2.9389774 3.0039437 3.0664878 2.9649812 2.6002534 2.5580627 2.3046814 2.7216422 3.1880118 2.9016653 2.6332139 2.6653288 2.7130731 3.4789543 
Dgig_XM_028555301.1                                     1.9506983 1.9225584 1.6103474 1.6784624 1.3703846 1.3077174 1.5258155 1.4909961 1.7782520 0.0000000 0.7908466 1.7484041 1.6162335 1.9131162 1.8793197 1.8917197 2.0618049 2.2413426 1.9660755 2.4263806 2.2134670 2.1735234 2.4628883 2.3354258 1.9978799 2.2166166 3.1541716 2.3154750 2.1033048 2.2061102 1.8631879 2.1729919 2.2588326 1.9090180 1.9304273 2.1774002 3.0503360 3.0503360 2.4654708 2.6500882 2.6026098 2.6459298 2.6965043 2.4346163 2.3939601 2.2778190 2.3257486 2.2992472 2.6043319 2.2792647 2.4735633 2.6995319 3.0918028 
Xesp_012029-T1                                          2.1110807 2.0281845 1.8059641 1.8154568 1.4448706 1.5177268 1.5608160 1.5773583 1.8327957 0.7908466 0.0000000 1.8195260 1.8057534 2.0583157 2.0958491 2.2826903 2.1850368 2.4247227 2.2659639 2.7399293 2.2906902 2.2562372 2.9000743 2.6935483 2.2487240 2.3278563 3.6114232 2.5840362 2.1583039 2.4264091 2.1191404 2.1438240 2.1777352 2.2251963 2.1826373 2.2879168 3.0855866 3.0855866 2.5408801 2.7135813 2.7582488 2.7256678 2.8465759 2.7961152 2.7867666 2.6740229 2.6289451 3.0340467 2.7983563 2.2865757 2.5525470 2.6446667 3.9178700 
Tcas_TC003873_001                                       2.1271944 1.8663870 1.8223530 1.7914718 1.8348384 1.6317792 1.8723381 1.8595240 2.5406770 1.7484041 1.8195260 0.0000000 1.2937295 1.8816415 1.9230372 2.0188159 2.4678833 2.1191372 1.9799558 2.3318039 2.1107276 2.2044280 2.3785098 2.2879257 2.1801912 2.2787483 3.4258703 2.4014668 2.8059763 2.8115239 2.3630986 2.3664108 2.4677870 2.4764984 2.5242531 2.1493857 2.7141820 2.7141820 2.3226444 2.5078099 2.4503802 2.4547182 2.5996178 2.6096678 2.6227201 2.7684067 2.5535253 3.0639767 2.6370406 2.9438720 2.4052383 2.3120050 3.4093751 
Dpul_mRNA13205                                          1.7527090 1.8221306 1.5840386 1.5617502 1.4937268 1.4556439 1.7364884 1.7003861 2.0018812 1.6162335 1.8057534 1.2937295 0.0000000 1.4314869 1.6834285 1.8481267 1.8515995 2.1732263 1.6412600 1.8917876 1.7975469 1.9140459 2.1912012 2.0100688 1.6788639 1.7470164 2.6638220 2.0427047 1.9576145 2.2057954 2.1082485 1.8912049 2.0896765 1.7821635 1.8960606 2.0179288 2.5736073 2.5736073 2.5577833 2.6367949 2.6396179 2.6376843 2.7621803 2.6028679 2.4875471 2.4712099 2.5348352 3.1118371 2.6583299 2.8035208 2.4205132 2.3027126 2.9436618 
Cgig_XM_011431078.3                                     1.9626200 1.5455580 1.8059523 1.8106794 1.7786426 1.5941630 1.6303568 1.6907790 2.1827213 1.9131162 2.0583157 1.8816415 1.4314869 0.0000000 1.2299459 1.6478996 2.0656516 1.8966350 2.0525794 2.3128110 2.1107673 2.4190279 2.4513488 2.3936331 2.0017945 2.3104702 3.5860832 2.5627615 2.3839842 2.3807367 2.1576071 2.1925061 2.3436836 2.2528721 2.4317778 2.3404563 2.7422794 2.7422794 2.5318308 2.5897650 2.5156548 2.4875077 2.5304180 2.6946998 2.4334719 2.6967498 2.8336981 2.9110821 2.6189582 2.6900993 2.5916566 2.2728302 3.2646464 
Acagra_model.g30405.t1                                  2.0406554 1.5141205 1.9195574 1.9466430 1.7047847 1.6361102 1.7170546 1.7288443 2.2259146 1.8793197 2.0958491 1.9230372 1.6834285 1.2299459 0.0000000 1.6868092 2.0455055 1.8763223 2.0581538 2.2391980 2.2962824 2.4043915 2.5939706 2.4778285 2.2998395 2.1032253 3.0653347 2.3563798 2.4535892 2.3796018 2.3925855 2.1933093 2.3752355 2.1917846 2.0516753 2.3327493 2.7728656 2.7728656 2.4693930 2.6593334 2.8041037 2.7927604 2.7770387 2.4588755 2.2410112 2.2610042 2.6084952 2.8188897 2.4132018 2.5251024 2.4888877 2.3452356 3.4490625 
Ctel_gnl_WGS_AMQN_CAPTEDRAFT_mRNA157769                 1.9643671 1.8042404 1.8390412 1.9200101 1.9148645 1.7685231 1.9065619 2.0141876 2.3639566 1.8917197 2.2826903 2.0188159 1.8481267 1.6478996 1.6868092 0.0000000 2.0476452 2.5067534 2.1671465 2.6449840 2.0666539 2.6936788 2.7987191 2.5523422 2.3325317 2.4528992 3.8318364 2.6074332 2.3330093 2.2334081 2.2774556 2.4546636 2.6109581 2.4415208 2.5616892 2.7129367 3.2805006 3.2805006 2.8732237 2.6672331 2.6093819 2.5569584 2.6784081 2.3760468 2.3236150 2.3064325 2.4837859 2.4441680 2.4285082 2.7441776 2.6215950 2.7595098 3.5112321 
Spur_XM_788177.5                                        2.2206185 2.0147502 2.0037329 2.0777031 2.0680670 1.8833236 1.9173863 2.0810485 2.5573757 2.0618049 2.1850368 2.4678833 1.8515995 2.0656516 2.0455055 2.0476452 0.0000000 2.2788944 2.3963973 2.6949604 2.3434153 2.4635946 2.5564082 2.5651476 2.2107155 2.2989991 3.8789943 2.6291588 2.2237901 2.2934133 2.4751826 2.3590090 2.3833929 2.1207950 2.5398429 2.5269051 2.9663947 2.9663947 2.6947389 2.7868040 2.7999563 2.7989477 2.7362546 2.4346548 2.2600790 2.4088945 2.7298358 2.8089840 2.7780910 2.4476592 2.7214049 2.6479089 3.0651922 
Skow_XM_006821091.1                                     2.0110674 2.0890288 2.3560043 2.4039171 2.0734166 1.9277318 2.2309296 2.1796643 2.9058618 2.2413426 2.4247227 2.1191372 2.1732263 1.8966350 1.8763223 2.5067534 2.2788944 0.0000000 2.4933490 2.7220762 2.6301509 2.7148041 2.7623328 2.7319095 2.4586462 2.8121012 4.9330038 3.4070052 2.7168836 2.9144830 2.6567971 2.6576427 2.7616568 2.5159339 2.6137846 2.6569585 3.2982892 3.2982892 2.9626912 3.1893142 3.2411886 3.1709331 3.3188465 3.4388618 3.1858174 2.9279730 3.4426554 3.2069599 2.6417210 2.6416240 2.7804274 2.4162247 2.9553072 
Mlei_ML2057.g7.i1                                       2.2324149 2.3268939 1.9534812 2.0222445 1.9328107 1.8352080 2.0507537 2.0181425 2.5201159 1.9660755 2.2659639 1.9799558 1.6412600 2.0525794 2.0581538 2.1671465 2.3963973 2.4933490 0.0000000 0.3649436 0.4214564 0.5761391 1.0011185 0.7215196 0.7891685 0.9463062 1.6342455 1.1236788 2.6047975 2.6286433 2.3008679 2.3847888 2.5141171 2.5409111 2.3027197 1.9860910 3.5741489 3.5741489 3.3637372 3.2497776 3.2882341 3.2663139 3.2081999 3.0301570 2.5588315 2.7048533 2.8169235 2.9286383 2.7759869 2.8524194 3.0501016 2.5922364 2.3337819 
Bolinf_Binf_sb1212878                                   2.3976551 2.5408765 2.3385757 2.4850440 2.2286384 2.1299507 2.5722179 2.6311189 2.3941875 2.4263806 2.7399293 2.3318039 1.8917876 2.3128110 2.2391980 2.6449840 2.6949604 2.7220762 0.3649436 0.0000000 0.4720850 0.6468481 1.2612661 0.8894580 0.9208145 1.0022386 1.6103150 1.2341556 2.8219850 2.7293413 2.6603507 2.6719746 2.6154441 2.5435987 2.1176008 1.9379528 4.1978967 4.1978967 3.7054611 3.4572088 3.6346410 3.6353309 3.5343723 3.6090201 2.7651688 3.0628884 3.2909014 3.2900479 3.1768399 3.0515087 3.6007812 2.6602385 2.2076923 
Beraby_Baby_sb338756                                    2.3089827 2.2363329 1.9650808 2.0521673 1.9326103 1.7918288 2.0008577 2.0553670 2.6314318 2.2134670 2.2906902 2.1107276 1.7975469 2.1107673 2.2962824 2.0666539 2.3434153 2.6301509 0.4214564 0.4720850 0.0000000 0.6117967 1.1688144 0.9323995 0.7693369 0.9109661 1.6866873 1.1851022 2.6762300 2.7425523 2.6912137 2.5358961 2.6154743 2.5257755 2.2959153 2.2907724 3.3731952 3.3731952 3.3152779 3.2649584 3.3143332 3.3126235 3.2309443 2.6865510 2.6826609 2.6277521 2.7835602 2.8362089 2.9708753 2.9979300 2.9911799 2.7879904 2.2616078 
Lampan_Lpan_7195_01                                     2.3871198 2.6252563 1.9682060 2.0164061 1.8915419 1.8313599 2.0677828 2.0869889 2.7435393 2.1735234 2.2562372 2.2044280 1.9140459 2.4190279 2.4043915 2.6936788 2.4635946 2.7148041 0.5761391 0.6468481 0.6117967 0.0000000 1.2532646 0.9976379 0.8479435 0.9794776 1.7162892 1.1257449 2.9210759 3.0965879 2.8998319 2.6554662 2.8591111 2.8560367 2.3139464 2.5421271 4.1676183 4.1676183 3.5875627 3.7456398 3.7395319 3.7380449 3.6685737 3.1444757 2.8903430 3.0505423 3.1359861 3.1524775 3.2827186 3.1904563 3.3266637 2.7156782 2.7228048 
Pbac_sb2648231                                          2.7914234 3.2699982 2.4200901 2.4628480 2.2418730 2.1911828 2.5192177 2.4901502 3.1430345 2.4628883 2.9000743 2.3785098 2.1912012 2.4513488 2.5939706 2.7987191 2.5564082 2.7623328 1.0011185 1.2612661 1.1688144 1.2532646 0.0000000 0.6421131 1.2773301 1.4978509 2.0315937 1.6469417 2.8395654 2.7773565 2.5104099 2.7672664 2.9500910 2.8267119 2.7792318 2.6802136 4.4282781 4.4282781 3.7995519 3.5215593 3.7175487 3.6791115 3.5060223 2.8454118 2.5814089 2.7261419 2.9506663 3.2038093 3.7577762 3.2897012 3.3346073 2.8914114 2.6020638 
Horcal_Hcv1.av93.c1.g272.i1                             2.6932549 2.8924156 2.1893396 2.2406123 2.0729664 2.0171460 2.1107640 2.2286355 2.8502458 2.3354258 2.6935483 2.2879257 2.0100688 2.3936331 2.4778285 2.5523422 2.5651476 2.7319095 0.7215196 0.8894580 0.9323995 0.9976379 0.6421131 0.0000000 1.1395866 1.1088802 2.0108131 1.4400209 2.6049731 2.4717907 2.3418424 2.3705762 2.4420941 2.6653999 2.3863631 2.4961050 4.4823368 4.4823368 3.7247136 3.3227328 3.6273669 3.6335558 3.3309283 3.0538973 2.5345625 2.7392745 2.8322553 3.1787797 3.3428835 3.0349261 3.5145202 2.6243100 2.5603500 
Drygla_Dgla_sb311097                                    2.3180510 2.3018848 2.0647843 2.1377484 1.8381601 1.6918867 2.0088962 1.9480967 2.5319919 1.9978799 2.2487240 2.1801912 1.6788639 2.0017945 2.2998395 2.3325317 2.2107155 2.4586462 0.7891685 0.9208145 0.7693369 0.8479435 1.2773301 1.1395866 0.0000000 1.1470557 2.1664504 1.3234731 2.7369669 2.8260758 2.5750805 2.6663377 2.8131959 2.7327899 2.6526926 2.1842355 3.8122198 3.8122198 3.1847172 3.2958655 3.4088767 3.4151830 3.3467444 2.8029070 2.6920189 2.8263780 2.6984128 2.9892560 3.1091945 2.8843570 2.9781546 2.4476693 2.4502880 
Vmul_Simscaffold5595_01                                 2.7720526 2.0919576 2.1070956 2.1368742 1.8232202 1.9158482 2.1036082 2.1956661 2.7583926 2.2166166 2.3278563 2.2787483 1.7470164 2.3104702 2.1032253 2.4528992 2.2989991 2.8121012 0.9463062 1.0022386 0.9109661 0.9794776 1.4978509 1.1088802 1.1470557 0.0000000 1.0567229 0.7070144 2.6775125 2.7646239 2.7624756 2.4623041 2.5591293 2.7147649 2.5428557 2.6681709 3.6529960 3.6529960 3.6371778 3.7458571 3.7941774 3.8694341 3.7202201 3.2974365 2.8383917 2.6342859 2.8489984 3.3067257 3.0113813 3.1255949 3.2658355 2.6150319 2.3693203 
Coeast_Cast_sb829385                                    3.8923491 3.8377568 3.1090863 3.1221532 3.1768244 2.9029895 3.2504225 2.9967780 3.3752246 3.1541716 3.6114232 3.4258703 2.6638220 3.5860832 3.0653347 3.8318364 3.8789943 4.9330038 1.6342455 1.6103150 1.6866873 1.7162892 2.0315937 2.0108131 2.1664504 1.0567229 0.0000000 0.1696616 3.8379449 3.8516707 3.2410790 3.1710158 3.1644417 3.1830126 3.0025990 3.1613167 4.8463011 4.8463011 4.8801103 4.6272450 4.6438324 4.6327376 4.4846040 4.4866530 4.3200016 3.6920751 3.5992437 3.9818257 4.1645654 4.7457843 5.0986159 4.1582953 3.3532420 
Coemet_Cmet_scaffold18186_01                            2.7852101 2.5492246 2.1248332 2.1266675 2.1167289 2.1177923 2.2074718 2.1465599 2.7030092 2.3154750 2.5840362 2.4014668 2.0427047 2.5627615 2.3563798 2.6074332 2.6291588 3.4070052 1.1236788 1.2341556 1.1851022 1.1257449 1.6469417 1.4400209 1.3234731 0.7070144 0.1696616 0.0000000 3.1478098 3.0572965 2.8257579 2.6715234 2.6874973 2.7842938 2.6464036 2.7333535 3.5989391 3.5989391 3.7418164 3.7720034 3.7959834 3.8673267 3.6075245 3.3915379 3.0419260 2.9214026 3.0482723 2.9783144 3.3065569 3.3937624 3.6181940 2.6351020 2.6371154 
Aque_Aqu2.1.42574_001                                   2.2651227 2.3903399 2.4342190 2.4948532 2.3941077 2.3053508 2.4456912 2.3872249 2.5350222 2.1033048 2.1583039 2.8059763 1.9576145 2.3839842 2.4535892 2.3330093 2.2237901 2.7168836 2.6047975 2.8219850 2.6762300 2.9210759 2.8395654 2.6049731 2.7369669 2.6775125 3.8379449 3.1478098 0.0000000 0.5094869 0.7020781 1.4892685 1.4885361 1.4514935 1.1867149 1.5326875 3.8771694 3.8771694 3.6956292 3.9571757 3.6735513 3.7179094 3.7331785 2.4969534 2.3059092 2.5192265 2.5398675 3.0978541 2.7021155 2.3674704 2.8786479 3.3209351 3.7503211 
Halamb_c65326_g1_i1m.46226                              2.4398487 2.4484891 2.3797736 2.4896522 2.5018340 2.1955839 2.4333129 2.4492077 2.5689674 2.2061102 2.4264091 2.8115239 2.2057954 2.3807367 2.3796018 2.2334081 2.2934133 2.9144830 2.6286433 2.7293413 2.7425523 3.0965879 2.7773565 2.4717907 2.8260758 2.7646239 3.8516707 3.0572965 0.5094869 0.0000000 0.5837212 1.5127728 1.3888910 1.5580725 1.2338358 1.5327827 3.9589122 3.9589122 3.2482162 3.5113039 3.4295252 3.3859715 3.4591303 2.4600170 2.3611274 2.4944379 2.3833238 2.9167429 2.6458765 2.4171805 2.7067341 3.3139675 3.1523793 
Xestes_maker-XT_scaffold18769-augustus-gene-0.21-mRNA-1 2.2458627 2.2477520 2.0302729 2.0799331 2.1145423 2.0828714 2.1685379 2.1187342 2.5178648 1.8631879 2.1191404 2.3630986 2.1082485 2.1576071 2.3925855 2.2774556 2.4751826 2.6567971 2.3008679 2.6603507 2.6912137 2.8998319 2.5104099 2.3418424 2.5750805 2.7624756 3.2410790 2.8257579 0.7020781 0.5837212 0.0000000 1.5970833 1.5236925 1.3608408 1.1077276 1.4523557 3.5971653 3.5971653 3.2403046 3.3824681 3.2169196 3.1368102 3.2018150 2.4038559 2.2357147 2.4222267 2.4477330 3.0165126 2.4629458 2.2173458 2.4639638 3.0868253 2.8286275 
Emue_Em0001g1335a.t1                                    2.3995027 2.4229330 2.1192069 2.1341751 2.2401230 2.2400528 2.3574795 2.2518856 2.4237684 2.1729919 2.1438240 2.3664108 1.8912049 2.1925061 2.1933093 2.4546636 2.3590090 2.6576427 2.3847888 2.6719746 2.5358961 2.6554662 2.7672664 2.3705762 2.6663377 2.4623041 3.1710158 2.6715234 1.4892685 1.5127728 1.5970833 0.0000000 0.2329029 1.2469857 0.9880378 1.5740961 3.1111651 3.1111651 3.0420148 2.8871365 2.6602717 2.5735025 2.7908173 2.8884810 2.4810701 2.4722952 3.1080607 2.7258531 2.4914541 2.5856135 2.4785201 3.0604598 3.0406523 
Spolac_c103557_g1_i1_m.34853c103557-g1                  2.5881476 2.5689610 2.1357757 2.1781333 2.1546594 2.2567707 2.3538720 2.2375069 2.3392718 2.2588326 2.1777352 2.4677870 2.0896765 2.3436836 2.3752355 2.6109581 2.3833929 2.7616568 2.5141171 2.6154441 2.6154743 2.8591111 2.9500910 2.4420941 2.8131959 2.5591293 3.1644417 2.6874973 1.4885361 1.3888910 1.5236925 0.2329029 0.0000000 1.2048417 0.9559554 1.5586302 3.1412212 3.1412212 2.8344136 2.8323737 2.5973831 2.5321795 2.7624028 2.8433535 2.4473221 2.5774679 3.0823246 2.7825518 2.5109433 2.5498718 2.4337300 3.0863903 3.0900254 
Tetwil_g13542.t1                                        2.4007257 2.0298042 2.1393760 2.1509706 2.1996763 2.1235952 2.2203717 2.1484862 2.2526435 1.9090180 2.2251963 2.4764984 1.7821635 2.2528721 2.1917846 2.4415208 2.1207950 2.5159339 2.5409111 2.5435987 2.5257755 2.8560367 2.8267119 2.6653999 2.7327899 2.7147649 3.1830126 2.7842938 1.4514935 1.5580725 1.3608408 1.2469857 1.2048417 0.0000000 0.6802299 1.5539915 2.7657006 2.7657006 2.8041486 3.0024228 2.9213124 2.9516661 2.9265230 2.6504880 2.3954561 2.5348684 2.6695697 2.8984269 2.1990564 2.6865540 2.4686645 2.6017426 3.0127691 
Stycar_maker-SC_scaffold22109-augustus-gene-0.8-mRNA-1  2.2735064 2.1059246 2.1205058 2.1486957 2.1755994 2.1404214 2.4920984 2.3199326 2.3192990 1.9304273 2.1826373 2.5242531 1.8960606 2.4317778 2.0516753 2.5616892 2.5398429 2.6137846 2.3027197 2.1176008 2.2959153 2.3139464 2.7792318 2.3863631 2.6526926 2.5428557 3.0025990 2.6464036 1.1867149 1.2338358 1.1077276 0.9880378 0.9559554 0.6802299 0.0000000 1.4797043 3.2438543 3.2438543 3.7387998 3.6668487 3.3963662 3.3452251 3.5126995 2.6359456 2.5047144 2.4742229 2.7682761 3.0396750 2.5188299 2.3915874 2.2613128 2.7344831 3.3092793 
Plespi_Pspi_scaffold16881_01                            2.3381514 2.4424201 1.9882342 1.9451633 2.2331189 1.9374631 2.0545903 2.0517013 2.6357292 2.1774002 2.2879168 2.1493857 2.0179288 2.3404563 2.3327493 2.7129367 2.5269051 2.6569585 1.9860910 1.9379528 2.2907724 2.5421271 2.6802136 2.4961050 2.1842355 2.6681709 3.1613167 2.7333535 1.5326875 1.5327827 1.4523557 1.5740961 1.5586302 1.5539915 1.4797043 0.0000000 3.2242586 3.2242586 3.2063292 3.3920371 3.2171233 3.2166328 3.3136904 2.8391915 2.4973605 2.7541191 2.8582031 2.5616294 2.5493213 2.6641100 2.5235114 2.6774553 3.0861975 
Tadh_TriadT62357                                        2.8643999 3.4484472 3.0005769 3.0764234 2.8433938 2.9076482 2.7843331 2.8235220 3.4697931 3.0503360 3.0855866 2.7141820 2.5736073 2.7422794 2.7728656 3.2805006 2.9663947 3.2982892 3.5741489 4.1978967 3.3731952 4.1676183 4.4282781 4.4823368 3.8122198 3.6529960 4.8463011 3.5989391 3.8771694 3.9589122 3.5971653 3.1111651 3.1412212 2.7657006 3.2438543 3.2242586 0.0000000 0.0000010 1.0028450 1.1150216 1.0803094 1.1221323 1.0482431 4.4701202 3.9447643 3.9973664 4.6658098 4.6931936 3.5885309 4.1933829 4.0248611 3.1358043 3.0180898 
TrH2_TrispH2_010180-RA                                  2.8643999 3.4484472 3.0005769 3.0764234 2.8433938 2.9076482 2.7843331 2.8235220 3.4697931 3.0503360 3.0855866 2.7141820 2.5736073 2.7422794 2.7728656 3.2805006 2.9663947 3.2982892 3.5741489 4.1978967 3.3731952 4.1676183 4.4282781 4.4823368 3.8122198 3.6529960 4.8463011 3.5989391 3.8771694 3.9589122 3.5971653 3.1111651 3.1412212 2.7657006 3.2438543 3.2242586 0.0000010 0.0000000 1.0028450 1.1150216 1.0803094 1.1221323 1.0482431 4.4701202 3.9447643 3.9973664 4.6658098 4.6931936 3.5885309 4.1933829 4.0248611 3.1358043 3.0180898 
HoiH06_mRNA3797                                         2.7987237 3.0747564 2.3680872 2.4623641 2.0760500 2.3931564 2.4075817 2.3992032 2.6257410 2.4654708 2.5408801 2.3226444 2.5577833 2.5318308 2.4693930 2.8732237 2.6947389 2.9626912 3.3637372 3.7054611 3.3152779 3.5875627 3.7995519 3.7247136 3.1847172 3.6371778 4.8801103 3.7418164 3.6956292 3.2482162 3.2403046 3.0420148 2.8344136 2.8041486 3.7387998 3.2063292 1.0028450 1.0028450 0.0000000 0.0371102 0.0871181 0.1008791 0.1347496 3.7807387 3.6290898 3.3257496 3.9507054 4.2807831 3.0578680 3.5753181 3.9073989 2.8281585 2.8780534 
HoiH23_PlH23_010531-RA                                  3.0707158 3.1138935 2.7908064 2.8895438 2.2539724 2.5073793 2.4384359 2.4797667 2.9389774 2.6500882 2.7135813 2.5078099 2.6367949 2.5897650 2.6593334 2.6672331 2.7868040 3.1893142 3.2497776 3.4572088 3.2649584 3.7456398 3.5215593 3.3227328 3.2958655 3.7458571 4.6272450 3.7720034 3.9571757 3.5113039 3.3824681 2.8871365 2.8323737 3.0024228 3.6668487 3.3920371 1.1150216 1.1150216 0.0371102 0.0000000 0.0911920 0.1359536 0.1363853 4.1414388 3.9074667 3.6006316 4.2431560 4.4352249 3.3372280 3.9460980 3.6067163 2.8905883 3.0100367 
Hhon_g05123.t1                                          2.9991161 3.1605655 2.6910939 2.7828700 2.3591538 2.5323487 2.4449991 2.4765608 3.0039437 2.6026098 2.7582488 2.4503802 2.6396179 2.5156548 2.8041037 2.6093819 2.7999563 3.2411886 3.2882341 3.6346410 3.3143332 3.7395319 3.7175487 3.6273669 3.4088767 3.7941774 4.6438324 3.7959834 3.6735513 3.4295252 3.2169196 2.6602717 2.5973831 2.9213124 3.3963662 3.2171233 1.0803094 1.0803094 0.0871181 0.0911920 0.0000000 0.0132262 0.0904379 3.7471604 3.5255033 3.3004666 3.9672585 4.2859397 3.2739014 3.8025635 3.4143406 2.7979282 2.9912629 
HoiH04_mRNA11530                                        3.0037177 3.2940907 2.7329514 2.8288031 2.3973684 2.5613859 2.4720971 2.5152878 3.0664878 2.6459298 2.7256678 2.4547182 2.6376843 2.4875077 2.7927604 2.5569584 2.7989477 3.1709331 3.2663139 3.6353309 3.3126235 3.7380449 3.6791115 3.6335558 3.4151830 3.8694341 4.6327376 3.8673267 3.7179094 3.3859715 3.1368102 2.5735025 2.5321795 2.9516661 3.3452251 3.2166328 1.1221323 1.1221323 0.1008791 0.1359536 0.0132262 0.0000000 0.1280376 3.7942145 3.5574670 3.4220648 3.9981827 4.3544933 3.2604455 3.8621213 3.3730946 2.8241453 2.9735907 
HoiH11_mRNA4498                                         3.1091884 3.2635747 2.8823568 2.9922739 2.3960064 2.5363823 2.4532425 2.5085778 2.9649812 2.6965043 2.8465759 2.5996178 2.7621803 2.5304180 2.7770387 2.6784081 2.7362546 3.3188465 3.2081999 3.5343723 3.2309443 3.6685737 3.5060223 3.3309283 3.3467444 3.7202201 4.4846040 3.6075245 3.7331785 3.4591303 3.2018150 2.7908173 2.7624028 2.9265230 3.5126995 3.3136904 1.0482431 1.0482431 0.1347496 0.1363853 0.0904379 0.1280376 0.0000000 3.8675195 3.6488019 3.4556211 4.0672099 4.1954730 3.2614268 3.7007818 3.4666712 3.0062475 2.8119625 
Scil_scict003817.1                                      2.7357568 2.7864681 2.3901912 2.5472287 2.4397843 2.0557884 2.1212641 2.0745450 2.6002534 2.4346163 2.7961152 2.6096678 2.6028679 2.6946998 2.4588755 2.3760468 2.4346548 3.4388618 3.0301570 3.6090201 2.6865510 3.1444757 2.8454118 3.0538973 2.8029070 3.2974365 4.4866530 3.3915379 2.4969534 2.4600170 2.4038559 2.8884810 2.8433535 2.6504880 2.6359456 2.8391915 4.4701202 4.4701202 3.7807387 4.1414388 3.7471604 3.7942145 3.8675195 0.0000000 0.5771414 0.5752558 0.6378423 1.4711146 2.0573613 1.7798503 1.8604528 3.0250085 4.1487335 
Gracom_Gcom_scaffold18183_01                            2.6030811 2.3174260 2.2277032 2.3678026 2.3865545 2.1727688 2.2835955 2.2142391 2.5580627 2.3939601 2.7867666 2.6227201 2.4875471 2.4334719 2.2410112 2.3236150 2.2600790 3.1858174 2.5588315 2.7651688 2.6826609 2.8903430 2.5814089 2.5345625 2.6920189 2.8383917 4.3200016 3.0419260 2.3059092 2.3611274 2.2357147 2.4810701 2.4473221 2.3954561 2.5047144 2.4973605 3.9447643 3.9447643 3.6290898 3.9074667 3.5255033 3.5574670 3.6488019 0.5771414 0.0000000 0.5856549 0.8426699 1.5417506 1.9503060 1.7808904 2.0620013 2.8443668 4.3208402 
Leuniv_Lniv_scaffold22673_01                            2.5302189 2.6111626 2.2475229 2.4082466 2.2151269 2.1174033 2.2573666 2.0956410 2.3046814 2.2778190 2.6740229 2.7684067 2.4712099 2.6967498 2.2610042 2.3064325 2.4088945 2.9279730 2.7048533 3.0628884 2.6277521 3.0505423 2.7261419 2.7392745 2.8263780 2.6342859 3.6920751 2.9214026 2.5192265 2.4944379 2.4222267 2.4722952 2.5774679 2.5348684 2.4742229 2.7541191 3.9973664 3.9973664 3.3257496 3.6006316 3.3004666 3.4220648 3.4556211 0.5752558 0.5856549 0.0000000 0.7798529 1.4443248 1.8633191 1.5777780 1.8081422 2.9638930 3.8162927 
Lcom_lcpid63781                                         2.7913525 2.8900435 2.3242128 2.5103925 2.4843337 2.2055334 2.3315283 2.2387183 2.7216422 2.3257486 2.6289451 2.5535253 2.5348352 2.8336981 2.6084952 2.4837859 2.7298358 3.4426554 2.8169235 3.2909014 2.7835602 3.1359861 2.9506663 2.8322553 2.6984128 2.8489984 3.5992437 3.0482723 2.5398675 2.3833238 2.4477330 3.1080607 3.0823246 2.6695697 2.7682761 2.8582031 4.6658098 4.6658098 3.9507054 4.2431560 3.9672585 3.9981827 4.0672099 0.6378423 0.8426699 0.7798529 0.0000000 1.6140686 2.3018299 1.9046875 1.9945613 3.2505416 3.5870017 
Clacor_Ccor_scaffold5050_01                             2.8318927 2.8827144 2.3429776 2.4530376 2.5497174 2.4926694 2.4876859 2.2867735 3.1880118 2.2992472 3.0340467 3.0639767 3.1118371 2.9110821 2.8188897 2.4441680 2.8089840 3.2069599 2.9286383 3.2900479 2.8362089 3.1524775 3.2038093 3.1787797 2.9892560 3.3067257 3.9818257 2.9783144 3.0978541 2.9167429 3.0165126 2.7258531 2.7825518 2.8984269 3.0396750 2.5616294 4.6931936 4.6931936 4.2807831 4.4352249 4.2859397 4.3544933 4.1954730 1.4711146 1.5417506 1.4443248 1.6140686 0.0000000 1.9899035 1.8221611 2.0957798 3.9374470 3.5079753 
Ocar_g6701                                              2.8012471 2.6701256 2.9729412 3.1403234 2.8218474 2.5745653 2.4757807 2.3743638 2.9016653 2.6043319 2.7983563 2.6370406 2.6583299 2.6189582 2.4132018 2.4285082 2.7780910 2.6417210 2.7759869 3.1768399 2.9708753 3.2827186 3.7577762 3.3428835 3.1091945 3.0113813 4.1645654 3.3065569 2.7021155 2.6458765 2.4629458 2.4914541 2.5109433 2.1990564 2.5188299 2.5493213 3.5885309 3.5885309 3.0578680 3.3372280 3.2739014 3.2604455 3.2614268 2.0573613 1.9503060 1.8633191 2.3018299 1.9899035 0.0000000 1.5077190 1.4773527 3.5670604 3.9583539 
Opea_EP00118_Oscarella_pearsei_P025222                  2.6334723 2.4478761 2.4280110 2.4898840 2.3002791 2.2504100 2.1803902 2.1000445 2.6332139 2.2792647 2.2865757 2.9438720 2.8035208 2.6900993 2.5251024 2.7441776 2.4476592 2.6416240 2.8524194 3.0515087 2.9979300 3.1904563 3.2897012 3.0349261 2.8843570 3.1255949 4.7457843 3.3937624 2.3674704 2.4171805 2.2173458 2.5856135 2.5498718 2.6865540 2.3915874 2.6641100 4.1933829 4.1933829 3.5753181 3.9460980 3.8025635 3.8621213 3.7007818 1.7798503 1.7808904 1.5777780 1.9046875 1.8221611 1.5077190 0.0000000 1.4567319 3.7576420 3.8790239 
Plajan_Pjan_C549609_01                                  2.6930219 2.4947245 2.4336628 2.4555869 2.5118180 2.2799968 2.3494078 2.2948951 2.6653288 2.4735633 2.5525470 2.4052383 2.4205132 2.5916566 2.4888877 2.6215950 2.7214049 2.7804274 3.0501016 3.6007812 2.9911799 3.3266637 3.3346073 3.5145202 2.9781546 3.2658355 5.0986159 3.6181940 2.8786479 2.7067341 2.4639638 2.4785201 2.4337300 2.4686645 2.2613128 2.5235114 4.0248611 4.0248611 3.9073989 3.6067163 3.4143406 3.3730946 3.4666712 1.8604528 2.0620013 1.8081422 1.9945613 2.0957798 1.4773527 1.4567319 0.0000000 3.4743829 4.7520599 
Cscu_XM_023378866.1                                     2.4199666 2.3716237 2.4941017 2.5628338 2.2807865 2.0614469 2.2917962 2.3380008 2.7130731 2.6995319 2.6446667 2.3120050 2.3027126 2.2728302 2.3452356 2.7595098 2.6479089 2.4162247 2.5922364 2.6602385 2.7879904 2.7156782 2.8914114 2.6243100 2.4476693 2.6150319 4.1582953 2.6351020 3.3209351 3.3139675 3.0868253 3.0604598 3.0863903 2.6017426 2.7344831 2.6774553 3.1358043 3.1358043 2.8281585 2.8905883 2.7979282 2.8241453 3.0062475 3.0250085 2.8443668 2.9638930 3.2505416 3.9374470 3.5670604 3.7576420 3.4743829 0.0000000 3.7075772 
Eupdun_Edun_sb10640510                                  2.9844358 3.5378163 3.5162274 4.0041051 3.2431591 3.1690876 3.6276079 3.5790160 3.4789543 3.0918028 3.9178700 3.4093751 2.9436618 3.2646464 3.4490625 3.5112321 3.0651922 2.9553072 2.3337819 2.2076923 2.2616078 2.7228048 2.6020638 2.5603500 2.4502880 2.3693203 3.3532420 2.6371154 3.7503211 3.1523793 2.8286275 3.0406523 3.0900254 3.0127691 3.3092793 3.0861975 3.0180898 3.0180898 2.8780534 3.0100367 2.9912629 2.9735907 2.8119625 4.1487335 4.3208402 3.8162927 3.5870017 3.5079753 3.9583539 3.8790239 4.7520599 3.7075772 0.0000000 
