55
Hsap_ENST00000650210                               0.0000000 0.9211019 0.8671800 0.9242628 1.0250801 1.0121499 1.0211455 1.1868068 0.9738719 1.0378204 0.9724138 0.9419625 0.9457207 0.9521581 0.9401835 1.4391506 1.4302948 1.1934921 1.0970944 1.0704062 1.1067781 1.2976393 1.2774726 1.4057929 1.3796784 1.1528442 1.2948415 1.2761830 1.5323449 1.5319336 1.5305614 1.5261802 1.5541516 1.5058184 1.5246353 1.4105780 1.3710083 1.6372371 1.3452173 1.2735249 1.4418609 1.3540375 1.2754861 1.6459541 1.2612032 1.7429161 1.7694312 1.7610757 1.9296105 1.7194445 1.6801560 2.0084557 1.8207577 1.8370099 1.5836262 
Bralan_BLAG04002186_1                              0.9211019 0.0000000 0.7653344 0.8741971 1.0020071 0.8464656 1.1001628 1.0535169 0.9136888 1.0187338 0.9694317 0.8854035 0.9576513 0.9499165 1.1562536 1.1272156 1.1173558 1.0158106 1.0298386 1.2060139 0.9835804 1.2501693 1.1279286 1.2321270 1.2008270 1.0001853 1.2288453 1.3207532 1.2820970 1.3162205 1.2929204 1.3597529 1.3664052 1.3353047 1.1908267 1.2291214 1.2648592 1.3894312 1.2747692 1.2783347 1.5390064 1.0347769 1.0931603 1.1508113 1.4293913 1.5993094 1.5654106 1.7065290 1.7089593 1.8776171 1.6923959 1.6745133 1.6532818 1.7232145 1.8744039 
Skow_XM_002739103.2                                0.8671800 0.7653344 0.0000000 0.7608348 1.0447086 0.7714062 0.9187465 0.8793353 0.8958234 1.1384622 1.0485198 0.9447076 0.9545731 0.9513092 1.1260452 1.0738178 1.0108456 0.9099160 0.9296969 1.0033119 1.0064441 1.2729970 1.2053286 1.2411632 1.2353704 0.8688769 1.2636045 1.1811247 1.2408488 1.2073879 1.2105864 1.1792693 1.1843433 1.1686170 1.2473692 1.2424440 1.1843531 1.3225145 1.1274696 1.0943879 1.2511264 1.1855805 1.1685729 1.2686475 1.5517032 1.6353532 1.6339059 1.7814656 1.9496712 1.8657020 1.6489774 1.8455977 1.6081264 1.8301570 1.8601729 
Spur_XM_777893.5                                   0.9242628 0.8741971 0.7608348 0.0000000 0.9227076 0.9883519 0.9065989 0.9841060 0.8999430 1.2216488 1.1056807 0.9887959 1.0016217 0.9966042 1.1211721 1.2747599 1.2046045 1.0703461 0.9205392 1.1103411 1.0147091 1.2295315 1.1426652 1.4456316 1.4124853 1.1633047 1.3049436 1.3996254 1.5532254 1.4611510 1.4453490 1.3498866 1.3361280 1.3089679 1.1300987 1.3843229 1.1939448 1.4152834 1.1536666 1.1797977 1.3781910 1.3902648 1.3794877 1.3899072 1.5595720 1.6522563 1.6435905 1.7312638 1.7845471 1.7966653 1.6562535 1.7079607 1.6040372 1.7264444 1.5132700 
Cgig_XM_011419652.3                                1.0250801 1.0020071 1.0447086 0.9227076 0.0000000 0.6626462 0.9397867 1.1904202 1.1239396 1.2772044 1.1388257 0.9884397 1.0891921 1.0501446 1.2400526 1.4438157 1.4166416 1.1872376 1.0534510 1.2489709 1.0252916 1.1739781 1.1652194 1.4810095 1.4231577 1.3331041 1.4156954 1.4063675 1.5432594 1.4816778 1.4592969 1.4851655 1.5119954 1.4555287 1.4454710 1.5161378 1.3446121 1.5144540 1.2703411 1.2907695 1.5530333 1.3368027 1.3192465 1.5374589 1.5916532 1.8489742 1.8941609 1.8753545 1.9356408 1.8565108 1.7071097 1.9113053 1.7182778 1.9454640 1.9155143 
Acagra_model.g15474.t1                             1.0121499 0.8464656 0.7714062 0.9883519 0.6626462 0.0000000 0.8121329 1.0331344 1.1136487 1.2702031 1.1734724 0.9852720 1.0390218 1.0536096 1.2668051 1.1352114 1.1008444 0.9898326 0.8423462 1.0089602 1.0498499 1.1922612 1.1126154 1.4679891 1.4130287 1.1695950 1.2946410 1.2519833 1.3366861 1.3910599 1.3954878 1.3215602 1.2976189 1.2816153 1.2159263 1.2396178 1.1088504 1.3433592 1.2177162 1.2292816 1.3826836 1.1128057 1.1260091 1.1289362 1.3625424 1.5956346 1.6063769 1.6949382 1.8328022 1.8622371 1.6706585 1.7007380 1.5156450 1.7756625 1.7465532 
Ctel_gnl_WGS_AMQN_CAPTEDRAFT_mRNA167893            1.0211455 1.1001628 0.9187465 0.9065989 0.9397867 0.8121329 0.0000000 1.1649782 1.0392643 1.1790564 1.0922462 1.0606643 1.0368380 1.0613638 1.2814366 1.3112855 1.3249300 1.1692941 1.0353906 1.0880436 0.9958679 1.2314906 1.1577125 1.3794831 1.3430314 1.2517549 1.4029068 1.3960666 1.3463937 1.4497436 1.4302522 1.5971684 1.6065137 1.4974067 1.3285940 1.3503878 1.2927655 1.5632943 1.1793398 1.1498100 1.4387690 1.3052459 1.3532940 1.5696567 1.6159444 1.8082149 1.7916834 1.8444185 2.0104302 1.8805429 1.6856726 1.7543045 1.7942549 1.6890424 1.9948679 
Exapal_XM_021046848.2                              1.1868068 1.0535169 0.8793353 0.9841060 1.1904202 1.0331344 1.1649782 0.0000000 0.6317205 0.7899928 0.6914159 0.6236504 0.6092016 0.6312671 0.7826217 1.0458574 1.0033946 0.9658296 1.1663989 1.3616882 1.0962982 1.0933997 1.1801211 1.3110902 1.2355845 1.0980654 1.0808364 1.0996561 1.1556749 1.0950902 1.0913463 1.0875513 1.0781456 1.0190739 1.1791645 1.2124798 1.1332472 1.2892039 1.1238731 1.0639899 1.3207055 1.2512868 1.2676483 1.3616294 1.3682637 1.5886676 1.6979482 1.6924957 1.7450170 1.7686323 1.5641364 1.7184532 1.6057719 1.8422325 1.6117033 
Nvec_v1g172905                                     0.9738719 0.9136888 0.8958234 0.8999430 1.1239396 1.1136487 1.0392643 0.6317205 0.0000000 0.7555090 0.6988083 0.4966895 0.5368044 0.4970290 0.6821518 1.0847696 1.0761404 0.9856165 1.1096398 1.2976699 0.9915880 1.1387199 1.1549573 1.2838164 1.1942154 1.0267103 1.1026039 1.1373002 1.3631690 1.1641039 1.1338553 1.1284643 1.1067741 1.1086276 0.9801789 1.1449796 1.0916760 1.2222560 1.0952069 1.0891434 1.3061508 1.0909308 1.1812767 1.3135407 1.4178465 1.5464422 1.6050227 1.5359455 1.7443419 1.7767662 1.5817855 1.8268163 1.6764352 1.7577341 1.6643769 
Adig_XM_015903765.1                                1.0378204 1.0187338 1.1384622 1.2216488 1.2772044 1.2702031 1.1790564 0.7899928 0.7555090 0.0000000 0.0332716 0.4042539 0.4874549 0.5177110 0.4533777 1.2507408 1.2717775 1.1263565 1.2137249 1.6559039 1.1947169 1.2997236 1.3521547 1.2688060 1.2222917 1.2765022 1.2337567 1.2580810 1.5460487 1.4897359 1.4531237 1.5271914 1.5151577 1.4244828 1.3906874 1.3279737 1.3285676 1.5558623 1.3603069 1.4426053 1.6704756 1.3906290 1.5345370 1.7332067 1.3393038 1.9410353 2.0196489 1.9522666 1.9933824 1.8695639 1.8636945 2.1524643 2.0187441 2.1657611 1.8955025 
Amil_Amillepora26692-RA                            0.9724138 0.9694317 1.0485198 1.1056807 1.1388257 1.1734724 1.0922462 0.6914159 0.6988083 0.0332716 0.0000000 0.3374860 0.4175629 0.4471215 0.3989351 1.1545283 1.1958987 1.0433031 1.1226894 1.5407914 1.0524257 1.2209269 1.2492003 1.1505622 1.1022460 1.1835390 1.1209650 1.1825869 1.3988227 1.3583663 1.3226113 1.3794571 1.3676772 1.2723932 1.2402227 1.2183762 1.2501534 1.4067466 1.2349114 1.3290109 1.4840543 1.3036471 1.4279092 1.6269562 1.3532007 1.7918433 1.8803986 1.7980418 1.8703518 1.7436639 1.7231089 2.0293154 1.9338175 2.0401658 1.9287094 
Fspp_ffun1.m4.29844.m1                             0.9419625 0.8854035 0.9447076 0.9887959 0.9884397 0.9852720 1.0606643 0.6236504 0.4966895 0.4042539 0.3374860 0.0000000 0.1412213 0.1467603 0.1794751 1.0259578 0.9921461 0.9521513 1.1625345 1.3480238 0.8864597 1.1209947 1.2176889 1.2803300 1.2226005 1.1370098 0.9780260 1.0081833 1.3508248 1.2512073 1.2189260 1.3119488 1.3063317 1.2295444 1.1952266 1.1177450 1.1082206 1.2614290 1.2129390 1.1865998 1.4223170 1.3045644 1.3345739 1.4869684 1.5230074 1.6437909 1.7177601 1.7562090 1.7287959 1.8340686 1.6729883 1.8627428 1.6866907 1.8537034 1.8884555 
Spis_XP_022787525_1                                0.9457207 0.9576513 0.9545731 1.0016217 1.0891921 1.0390218 1.0368380 0.6092016 0.5368044 0.4874549 0.4175629 0.1412213 0.0000000 0.0901696 0.2068299 1.0801841 1.0625759 1.0494762 1.2152888 1.3553277 0.9566169 1.1723086 1.2351625 1.3163653 1.2429094 1.1320804 1.0553932 1.0920327 1.2805695 1.2857717 1.2532707 1.3417570 1.3465905 1.3183328 1.2823401 1.1686446 1.0957726 1.3163523 1.2359967 1.1610690 1.4370683 1.3632170 1.3622404 1.5117576 1.5412364 1.6829101 1.7812967 1.7772423 1.7596237 1.8719467 1.7080336 1.7916119 1.7307655 1.8494830 1.8726564 
Pocdam_XM_027181017.1                              0.9521581 0.9499165 0.9513092 0.9966042 1.0501446 1.0536096 1.0613638 0.6312671 0.4970290 0.5177110 0.4471215 0.1467603 0.0901696 0.0000000 0.2368003 1.0442864 1.0133305 1.0226941 1.1839556 1.3389030 0.9141760 1.1168962 1.2428989 1.2354977 1.1736649 1.1194068 1.0819879 1.1170837 1.3281023 1.2711961 1.2385519 1.3647763 1.3589634 1.2942225 1.2306797 1.2182512 1.0436388 1.2900488 1.2100708 1.1941111 1.4768003 1.3621714 1.3891438 1.5689859 1.5647699 1.7351746 1.8404088 1.7982034 1.8264272 1.8791792 1.7149588 1.8468774 1.8003139 1.9136549 1.9324690 
Gasp_gasp1.m3.9991.m1                              0.9401835 1.1562536 1.1260452 1.1211721 1.2400526 1.2668051 1.2814366 0.7826217 0.6821518 0.4533777 0.3989351 0.1794751 0.2068299 0.2368003 0.0000000 1.3431240 1.2944638 1.2104766 1.3083698 1.6059103 1.1251646 1.4158791 1.4360914 1.4970138 1.4063997 1.3046878 1.1819358 1.2221071 1.6354635 1.4930903 1.4557353 1.4972465 1.4907649 1.4033070 1.4500120 1.3650169 1.2749728 1.5204160 1.4241935 1.3834188 1.5063446 1.5633653 1.6034464 1.9675198 1.5652183 1.9374590 2.0523204 1.9943949 2.0006665 1.8901573 1.8837640 2.1612544 2.0303029 2.0986325 1.8979455 
Nemnom_g17222.t1                                   1.4391506 1.1272156 1.0738178 1.2747599 1.4438157 1.1352114 1.3112855 1.0458574 1.0847696 1.2507408 1.1545283 1.0259578 1.0801841 1.0442864 1.3431240 0.0000000 0.1678071 0.4387584 1.1946318 1.4705988 1.2172420 1.1572789 1.0326788 1.4662066 1.3544833 1.2647338 1.1224385 1.0904622 0.9604747 1.3709542 1.3519909 1.3101654 1.2952753 1.2855661 1.5417511 1.4361265 1.4522506 1.6427315 1.4794669 1.4397165 1.5992193 1.5347428 1.5494721 1.6169263 1.5795283 1.8495957 1.9427822 1.9492102 1.9453019 2.0889485 1.8414137 2.0500527 1.8092627 2.0046531 2.0445504 
Rhoesc_Res_004786-T1                               1.4302948 1.1173558 1.0108456 1.2046045 1.4166416 1.1008444 1.3249300 1.0033946 1.0761404 1.2717775 1.1958987 0.9921461 1.0625759 1.0133305 1.2944638 0.1678071 0.0000000 0.4371948 1.2514397 1.4054090 1.2969925 1.1517425 1.0358501 1.4644315 1.3746441 1.2402167 1.1126113 1.0708758 0.9604853 1.4611399 1.4396065 1.4143651 1.3985540 1.3430307 1.5697690 1.4737147 1.4992196 1.6426035 1.4418842 1.4399125 1.6419482 1.5706486 1.5481848 1.6595983 1.6109226 1.8778585 1.9535750 1.9905222 1.9343210 2.0945249 1.8534149 1.9886736 1.7857391 2.0481469 2.1319169 
Sanmal_Sma_023360-T1                               1.1934921 1.0158106 0.9099160 1.0703461 1.1872376 0.9898326 1.1692941 0.9658296 0.9856165 1.1263565 1.0433031 0.9521513 1.0494762 1.0226941 1.2104766 0.4387584 0.4371948 0.0000000 1.1419240 1.3487838 1.1700836 0.9081244 0.8887395 1.3172502 1.2323323 1.0177795 1.0565395 1.0943089 0.9002751 1.3468684 1.3322303 1.2938841 1.2777083 1.2846215 1.3762329 1.3212443 1.2712658 1.4240241 1.2720263 1.3059672 1.4038852 1.2921703 1.3678129 1.3836289 1.3968750 1.8004855 1.8912503 1.9496567 1.9211511 2.0700855 1.8709897 2.0562435 1.7551055 2.0246956 1.9538366 
Cscu_XM_023377204.1                                1.0970944 1.0298386 0.9296969 0.9205392 1.0534510 0.8423462 1.0353906 1.1663989 1.1096398 1.2137249 1.1226894 1.1625345 1.2152888 1.1839556 1.3083698 1.1946318 1.2514397 1.1419240 0.0000000 1.0354550 0.9098226 1.3582848 1.1034989 1.6465953 1.5696771 1.1646313 1.3442524 1.3145510 1.4321757 1.3550129 1.3262996 1.3228058 1.3093529 1.2790697 1.2516697 1.1371899 1.2008358 1.5381385 1.3667250 1.3523718 1.5431238 1.2794846 1.3521901 1.4346041 1.4991304 1.9376506 1.9547117 2.0480365 1.9561427 2.0125996 1.9607633 2.0558173 1.8682160 2.0846338 1.5730378 
Tcas_TC004931_001                                  1.0704062 1.2060139 1.0033119 1.1103411 1.2489709 1.0089602 1.0880436 1.3616882 1.2976699 1.6559039 1.5407914 1.3480238 1.3553277 1.3389030 1.6059103 1.4705988 1.4054090 1.3487838 1.0354550 0.0000000 0.8450290 1.5520920 1.3435158 1.4824442 1.5045181 1.2838522 1.4285907 1.4005365 1.3699183 1.6020800 1.5934960 1.5230025 1.4945051 1.4627219 1.4694795 1.3930361 1.3355020 1.5639930 1.4780228 1.3497866 1.6522668 1.3090320 1.4408126 1.3675685 1.8076608 1.9390501 1.9595246 1.9975548 2.2099429 2.0984852 1.9119835 2.0809591 1.9661759 1.8874373 2.0396395 
Dpul_mRNA12195                                     1.1067781 0.9835804 1.0064441 1.0147091 1.0252916 1.0498499 0.9958679 1.0962982 0.9915880 1.1947169 1.0524257 0.8864597 0.9566169 0.9141760 1.1251646 1.2172420 1.2969925 1.1700836 0.9098226 0.8450290 0.0000000 1.2943623 1.0407754 1.1939811 1.1646894 1.2000655 1.2970351 1.3595006 1.3077343 1.5087391 1.4824757 1.4564854 1.4643334 1.3690999 1.1144053 1.2788795 1.2056175 1.5067090 1.1712426 1.1908541 1.5685786 1.1955674 1.2705831 1.3796954 1.6536906 1.7210306 1.7420917 1.8255824 1.9085030 2.0080065 1.7952356 1.7152945 1.6804301 1.8597370 1.7626110 
Hvul_g7278_1                                       1.2976393 1.2501693 1.2729970 1.2295315 1.1739781 1.1922612 1.2314906 1.0933997 1.1387199 1.2997236 1.2209269 1.1209947 1.1723086 1.1168962 1.4158791 1.1572789 1.1517425 0.9081244 1.3582848 1.5520920 1.2943623 0.0000000 0.5985938 1.6375418 1.4796270 1.2329359 1.2926296 1.3214164 1.3853233 1.5270190 1.5160143 1.4688636 1.4627005 1.4286665 1.4859907 1.3886421 1.2430557 1.3343538 1.3912692 1.3926350 1.4789401 1.3480661 1.3037113 1.5601127 1.4884594 1.8088561 1.9093219 2.0436723 2.0274829 2.0315376 1.9005602 1.8704089 1.9136329 2.0878930 1.9225347 
Chem_TCONS_00071632                                1.2774726 1.1279286 1.2053286 1.1426652 1.1652194 1.1126154 1.1577125 1.1801211 1.1549573 1.3521547 1.2492003 1.2176889 1.2351625 1.2428989 1.4360914 1.0326788 1.0358501 0.8887395 1.1034989 1.3435158 1.0407754 0.5985938 0.0000000 1.5369977 1.3733631 1.2617260 1.3991000 1.3955995 1.1657199 1.4407732 1.4358829 1.3168155 1.3371805 1.3087803 1.3947790 1.2951379 1.2471551 1.4680539 1.3861474 1.3989054 1.4849861 1.3256055 1.2792800 1.3706644 1.4870526 1.6411075 1.7099261 1.8236507 1.8174861 1.8790370 1.7192794 1.7422718 1.6954708 1.8417094 1.6039718 
Ocar_g10770                                        1.4057929 1.2321270 1.2411632 1.4456316 1.4810095 1.4679891 1.3794831 1.3110902 1.2838164 1.2688060 1.1505622 1.2803300 1.3163653 1.2354977 1.4970138 1.4662066 1.4644315 1.3172502 1.6465953 1.4824442 1.1939811 1.6375418 1.5369977 0.0000000 0.0100504 0.9640141 1.4370165 1.4006236 1.4897405 1.4689382 1.4727518 1.5755433 1.6001376 1.5724147 1.4477889 1.4861005 1.3641574 1.7276937 1.3494295 1.3476153 1.6121111 1.3128307 1.3219688 1.3883550 1.4423110 2.0546813 2.0412333 2.1003554 2.1830239 2.2217028 1.9833180 2.1804155 2.0683913 2.1057755 2.7418241 
Opea_EP00118_Oscarella_pearsei_P000136             1.3796784 1.2008270 1.2353704 1.4124853 1.4231577 1.4130287 1.3430314 1.2355845 1.1942154 1.2222917 1.1022460 1.2226005 1.2429094 1.1736649 1.4063997 1.3544833 1.3746441 1.2323323 1.5696771 1.5045181 1.1646894 1.4796270 1.3733631 0.0100504 0.0000000 0.9419750 1.4333955 1.4189989 1.5313914 1.4650592 1.4684951 1.5498769 1.5716006 1.5364467 1.3750009 1.4173717 1.3135215 1.6727801 1.3017148 1.2912681 1.4965851 1.2869377 1.3054763 1.5611283 1.4320285 1.9186053 2.0524667 1.9548030 2.0151343 2.0233237 1.8295350 2.0693732 1.9600731 2.0405772 2.1475531 
Plajan_Pjan_C547587_01                             1.1528442 1.0001853 0.8688769 1.1633047 1.3331041 1.1695950 1.2517549 1.0980654 1.0267103 1.2765022 1.1835390 1.1370098 1.1320804 1.1194068 1.3046878 1.2647338 1.2402167 1.0177795 1.1646313 1.2838522 1.2000655 1.2329359 1.2617260 0.9640141 0.9419750 0.0000000 1.3136510 1.2813025 1.2375663 1.2230270 1.2266699 1.2557085 1.2756972 1.2981069 1.2546699 1.2266488 1.0721755 1.4763434 1.1741034 1.1828163 1.2927818 1.1499064 1.2282995 1.2948185 1.3812928 1.7699769 1.8207985 1.8640803 1.8603756 1.9893188 1.7927431 1.9616966 1.7780564 2.0971350 2.2463329 
Dgig_XM_028547178.1                                1.2948415 1.2288453 1.2636045 1.3049436 1.4156954 1.2946410 1.4029068 1.0808364 1.1026039 1.2337567 1.1209650 0.9780260 1.0553932 1.0819879 1.1819358 1.1224385 1.1126113 1.0565395 1.3442524 1.4285907 1.2970351 1.2926296 1.3991000 1.4370165 1.4333955 1.3136510 0.0000000 0.3347014 1.3841732 1.4163122 1.4233356 1.5123028 1.4860652 1.3984183 1.6030509 1.7028164 1.3749097 1.8282309 1.3825853 1.3440641 1.6701885 1.5543828 1.5913702 1.5084543 1.8136301 2.1932310 2.3009640 2.2584210 2.0615219 2.3404101 2.1034090 2.2211444 2.0335272 2.3540287 2.5823779 
Xesp_021270-T1                                     1.2761830 1.3207532 1.1811247 1.3996254 1.4063675 1.2519833 1.3960666 1.0996561 1.1373002 1.2580810 1.1825869 1.0081833 1.0920327 1.1170837 1.2221071 1.0904622 1.0708758 1.0943089 1.3145510 1.4005365 1.3595006 1.3214164 1.3955995 1.4006236 1.4189989 1.2813025 0.3347014 0.0000000 1.4254607 1.3637530 1.3824751 1.3478673 1.3142264 1.2258023 1.6088172 1.6424453 1.3704753 1.8101883 1.4911553 1.5024297 1.7302743 1.5004474 1.5234989 1.4765539 1.7018124 2.1586303 2.2924823 2.2396720 2.1682777 2.4359582 2.2081204 2.2936394 2.0352668 2.3958166 2.9493272 
Morvir_scaffold3.g18.t1                            1.5323449 1.2820970 1.2408488 1.5532254 1.5432594 1.3366861 1.3463937 1.1556749 1.3631690 1.5460487 1.3988227 1.3508248 1.2805695 1.3281023 1.6354635 0.9604747 0.9604853 0.9002751 1.4321757 1.3699183 1.3077343 1.3853233 1.1657199 1.4897405 1.5313914 1.2375663 1.3841732 1.4254607 0.0000000 1.5443610 1.5215853 1.5090164 1.5564244 1.5513890 1.7675265 1.7591162 1.6255344 1.8288281 1.6120285 1.5603258 1.7461386 1.5658574 1.6193993 1.3296943 1.8901699 2.2941139 2.2335547 2.4745325 2.4873440 2.4982799 2.2701590 2.4829531 2.3606905 2.4827024 2.9790194 
Tadh_TriadT51807                                   1.5319336 1.3162205 1.2073879 1.4611510 1.4816778 1.3910599 1.4497436 1.0950902 1.1641039 1.4897359 1.3583663 1.2512073 1.2857717 1.2711961 1.4930903 1.3709542 1.4611399 1.3468684 1.3550129 1.6020800 1.5087391 1.5270190 1.4407732 1.4689382 1.4650592 1.2230270 1.4163122 1.3637530 1.5443610 0.0000000 0.0127566 0.3009174 0.3137252 0.3091523 1.3476696 1.4895860 1.4017945 1.6321823 1.6309244 1.5723969 1.6651890 1.3400543 1.4494432 1.4746524 1.2610363 1.6219844 1.7076208 1.7275528 1.6916207 1.8292477 1.6646247 1.7529459 1.7338987 1.9421275 1.8821159 
TrH2_TrispH2_003128-RA                             1.5305614 1.2929204 1.2105864 1.4453490 1.4592969 1.3954878 1.4302522 1.0913463 1.1338553 1.4531237 1.3226113 1.2189260 1.2532707 1.2385519 1.4557353 1.3519909 1.4396065 1.3322303 1.3262996 1.5934960 1.4824757 1.5160143 1.4358829 1.4727518 1.4684951 1.2266699 1.4233356 1.3824751 1.5215853 0.0127566 0.0000000 0.3116374 0.3247156 0.3200793 1.3516726 1.4889266 1.4107040 1.6404238 1.6345249 1.5759588 1.6688353 1.3302027 1.4390250 1.4603015 1.2520279 1.6089875 1.6927861 1.7137397 1.6794615 1.8144343 1.6511601 1.7389382 1.7200803 1.9267946 1.8528992 
Hhon_g03736.t1                                     1.5261802 1.3597529 1.1792693 1.3498866 1.4851655 1.3215602 1.5971684 1.0875513 1.1284643 1.5271914 1.3794571 1.3119488 1.3417570 1.3647763 1.4972465 1.3101654 1.4143651 1.2938841 1.3228058 1.5230025 1.4564854 1.4688636 1.3168155 1.5755433 1.5498769 1.2557085 1.5123028 1.3478673 1.5090164 0.3009174 0.3116374 0.0000000 0.0083418 0.1306647 1.4152391 1.5822413 1.4585258 1.6305324 1.5408920 1.4950792 1.6716735 1.2756152 1.4512935 1.3633768 1.2751847 1.6235452 1.6736343 1.7720053 1.7546219 1.8837934 1.7232052 1.8487057 1.7408923 2.0110248 1.9411015 
HoiH04_mRNA15277                                   1.5541516 1.3664052 1.1843433 1.3361280 1.5119954 1.2976189 1.6065137 1.0781456 1.1067741 1.5151577 1.3676772 1.3063317 1.3465905 1.3589634 1.4907649 1.2952753 1.3985540 1.2777083 1.3093529 1.4945051 1.4643334 1.4627005 1.3371805 1.6001376 1.5716006 1.2756972 1.4860652 1.3142264 1.5564244 0.3137252 0.3247156 0.0083418 0.0000000 0.1256179 1.4101206 1.5701866 1.4524245 1.6181997 1.5536719 1.4916421 1.6861184 1.2615897 1.4351330 1.3618151 1.2445638 1.6128177 1.6618349 1.7610712 1.7838479 1.8966299 1.7339390 1.8866060 1.7517346 1.9999319 1.9617289 
HoiH23_PlH23_009090-RA                             1.5058184 1.3353047 1.1686170 1.3089679 1.4555287 1.2816153 1.4974067 1.0190739 1.1086276 1.4244828 1.2723932 1.2295444 1.3183328 1.2942225 1.4033070 1.2855661 1.3430307 1.2846215 1.2790697 1.4627219 1.3690999 1.4286665 1.3087803 1.5724147 1.5364467 1.2981069 1.3984183 1.2258023 1.5513890 0.3091523 0.3200793 0.1306647 0.1256179 0.0000000 1.3224030 1.5282494 1.4018248 1.5788524 1.5482666 1.4618900 1.7287761 1.2719513 1.3734115 1.3820202 1.2957740 1.6107578 1.6715082 1.7179742 1.7491081 1.8219607 1.6678429 1.7384238 1.6497464 2.0135939 1.8666544 
Scil_scict008852.1                                 1.5246353 1.1908267 1.2473692 1.1300987 1.4454710 1.2159263 1.3285940 1.1791645 0.9801789 1.3906874 1.2402227 1.1952266 1.2823401 1.2306797 1.4500120 1.5417511 1.5697690 1.3762329 1.2516697 1.4694795 1.1144053 1.4859907 1.3947790 1.4477889 1.3750009 1.2546699 1.6030509 1.6088172 1.7675265 1.3476696 1.3516726 1.4152391 1.4101206 1.3224030 0.0000000 0.5649377 0.6274012 0.7715492 1.2965598 1.2614346 1.3962423 1.3551317 1.3964929 1.4128327 1.4678282 1.5916213 1.6445581 1.5874448 1.7110584 1.7602951 1.6773692 1.6643693 1.7018704 1.8373801 1.7908253 
Gracom_Gcom_C536318_01                             1.4105780 1.2291214 1.2424440 1.3843229 1.5161378 1.2396178 1.3503878 1.2124798 1.1449796 1.3279737 1.2183762 1.1177450 1.1686446 1.2182512 1.3650169 1.4361265 1.4737147 1.3212443 1.1371899 1.3930361 1.2788795 1.3886421 1.2951379 1.4861005 1.4173717 1.2266488 1.7028164 1.6424453 1.7591162 1.4895860 1.4889266 1.5822413 1.5701866 1.5282494 0.5649377 0.0000000 0.6150633 0.6739517 1.3904187 1.4380754 1.5011276 1.3326170 1.3592896 1.3745585 1.7360818 1.6663271 1.7330210 1.7757032 1.8334503 1.8374254 1.6723988 1.8407245 1.7698181 1.9520703 1.7729220 
Lcom_lcpid85357                                    1.3710083 1.2648592 1.1843531 1.1939448 1.3446121 1.1088504 1.2927655 1.1332472 1.0916760 1.3285676 1.2501534 1.1082206 1.0957726 1.0436388 1.2749728 1.4522506 1.4992196 1.2712658 1.2008358 1.3355020 1.2056175 1.2430557 1.2471551 1.3641574 1.3135215 1.0721755 1.3749097 1.3704753 1.6255344 1.4017945 1.4107040 1.4585258 1.4524245 1.4018248 0.6274012 0.6150633 0.0000000 0.6154441 1.3849085 1.3980892 1.4559053 1.3655566 1.4138077 1.3412596 1.5036385 1.6914822 1.6983417 1.6824795 1.7376334 1.8413529 1.6452657 1.7776424 1.7016283 1.8280036 2.0465253 
Leuniv_Lniv_C806864_01                             1.6372371 1.3894312 1.3225145 1.4152834 1.5144540 1.3433592 1.5632943 1.2892039 1.2222560 1.5558623 1.4067466 1.2614290 1.3163523 1.2900488 1.5204160 1.6427315 1.6426035 1.4240241 1.5381385 1.5639930 1.5067090 1.3343538 1.4680539 1.7276937 1.6727801 1.4763434 1.8282309 1.8101883 1.8288281 1.6321823 1.6404238 1.6305324 1.6181997 1.5788524 0.7715492 0.6739517 0.6154441 0.0000000 1.4840417 1.6175837 1.6238606 1.7150122 1.7738688 1.5208377 1.7353251 1.8662974 1.8426603 1.9266037 1.8654149 2.0346743 1.9038864 2.0269134 1.9777963 2.0684588 1.9003076 
Aque_Aqu2.1.21203_001                              1.3452173 1.2747692 1.1274696 1.1536666 1.2703411 1.2177162 1.1793398 1.1238731 1.0952069 1.3603069 1.2349114 1.2129390 1.2359967 1.2100708 1.4241935 1.4794669 1.4418842 1.2720263 1.3667250 1.4780228 1.1712426 1.3912692 1.3861474 1.3494295 1.3017148 1.1741034 1.3825853 1.4911553 1.6120285 1.6309244 1.6345249 1.5408920 1.5536719 1.5482666 1.2965598 1.3904187 1.3849085 1.4840417 0.0000000 0.1969076 0.3316199 0.8523723 0.8555207 0.9017509 1.1889712 1.7532269 1.7903315 1.8982796 1.9020701 1.9268232 1.7613101 1.7286947 1.6631306 1.8925952 1.8315141 
Halamb_c17974_g1_i1m.3034                          1.2735249 1.2783347 1.0943879 1.1797977 1.2907695 1.2292816 1.1498100 1.0639899 1.0891434 1.4426053 1.3290109 1.1865998 1.1610690 1.1941111 1.3834188 1.4397165 1.4399125 1.3059672 1.3523718 1.3497866 1.1908541 1.3926350 1.3989054 1.3476153 1.2912681 1.1828163 1.3440641 1.5024297 1.5603258 1.5723969 1.5759588 1.4950792 1.4916421 1.4618900 1.2614346 1.4380754 1.3980892 1.6175837 0.1969076 0.0000000 0.3293871 0.8770558 0.8342120 0.8102954 1.0259302 1.7077895 1.7353972 1.8523216 1.8121842 1.8461729 1.6728471 1.7165785 1.6791626 1.8390421 1.7207537 
Xestes_maker-XT_scaffold6291-snap-gene-0.14-mRNA-1 1.4418609 1.5390064 1.2511264 1.3781910 1.5530333 1.3826836 1.4387690 1.3207055 1.3061508 1.6704756 1.4840543 1.4223170 1.4370683 1.4768003 1.5063446 1.5992193 1.6419482 1.4038852 1.5431238 1.6522668 1.5685786 1.4789401 1.4849861 1.6121111 1.4965851 1.2927818 1.6701885 1.7302743 1.7461386 1.6651890 1.6688353 1.6716735 1.6861184 1.7287761 1.3962423 1.5011276 1.4559053 1.6238606 0.3316199 0.3293871 0.0000000 1.0289085 1.0404509 1.0226589 1.0530687 1.9164739 1.9670600 2.0720947 2.0556383 1.8415700 1.8382901 1.9918469 1.9551297 2.0431065 1.8428694 
Emue_Em0014g767a.t1                                1.3540375 1.0347769 1.1855805 1.3902648 1.3368027 1.1128057 1.3052459 1.2512868 1.0909308 1.3906290 1.3036471 1.3045644 1.3632170 1.3621714 1.5633653 1.5347428 1.5706486 1.2921703 1.2794846 1.3090320 1.1955674 1.3480661 1.3256055 1.3128307 1.2869377 1.1499064 1.5543828 1.5004474 1.5658574 1.3400543 1.3302027 1.2756152 1.2615897 1.2719513 1.3551317 1.3326170 1.3655566 1.7150122 0.8523723 0.8770558 1.0289085 0.0000000 0.2024311 0.5853182 0.8682086 1.5890270 1.6507423 1.6534270 1.6786043 1.7679220 1.6225118 1.6153596 1.5879192 1.6992572 1.6973368 
Spolac_c95811_g1_i1_m.12069c95811-g1               1.2754861 1.0931603 1.1685729 1.3794877 1.3192465 1.1260091 1.3532940 1.2676483 1.1812767 1.5345370 1.4279092 1.3345739 1.3622404 1.3891438 1.6034464 1.5494721 1.5481848 1.3678129 1.3521901 1.4408126 1.2705831 1.3037113 1.2792800 1.3219688 1.3054763 1.2282995 1.5913702 1.5234989 1.6193993 1.4494432 1.4390250 1.4512935 1.4351330 1.3734115 1.3964929 1.3592896 1.4138077 1.7738688 0.8555207 0.8342120 1.0404509 0.2024311 0.0000000 0.5731247 0.8863132 1.6170637 1.6541109 1.7295099 1.7116505 1.7731968 1.5962955 1.5891280 1.5788764 1.7516471 1.6313607 
Stycar_maker-SC_scaffold63075-snap-gene-0.4-mRNA-1 1.6459541 1.1508113 1.2686475 1.3899072 1.5374589 1.1289362 1.5696567 1.3616294 1.3135407 1.7332067 1.6269562 1.4869684 1.5117576 1.5689859 1.9675198 1.6169263 1.6595983 1.3836289 1.4346041 1.3675685 1.3796954 1.5601127 1.3706644 1.3883550 1.5611283 1.2948185 1.5084543 1.4765539 1.3296943 1.4746524 1.4603015 1.3633768 1.3618151 1.3820202 1.4128327 1.3745585 1.3412596 1.5208377 0.9017509 0.8102954 1.0226589 0.5853182 0.5731247 0.0000000 0.7119956 1.7059091 1.6850243 1.8403415 1.8311813 2.3781956 1.9933145 1.9221295 1.9051871 1.9073546 2.7699701 
Tetwil_g11594.t1                                   1.2612032 1.4293913 1.5517032 1.5595720 1.5916532 1.3625424 1.6159444 1.3682637 1.4178465 1.3393038 1.3532007 1.5230074 1.5412364 1.5647699 1.5652183 1.5795283 1.6109226 1.3968750 1.4991304 1.8076608 1.6536906 1.4884594 1.4870526 1.4423110 1.4320285 1.3812928 1.8136301 1.7018124 1.8901699 1.2610363 1.2520279 1.2751847 1.2445638 1.2957740 1.4678282 1.7360818 1.5036385 1.7353251 1.1889712 1.0259302 1.0530687 0.8682086 0.8863132 0.7119956 0.0000000 1.7233933 1.7687165 1.7731803 1.6862742 1.7222111 1.7193386 1.8945785 1.8591468 1.7609636 1.5463920 
Mlei_ML1656.g5.i1                                  1.7429161 1.5993094 1.6353532 1.6522563 1.8489742 1.5956346 1.8082149 1.5886676 1.5464422 1.9410353 1.7918433 1.6437909 1.6829101 1.7351746 1.9374590 1.8495957 1.8778585 1.8004855 1.9376506 1.9390501 1.7210306 1.8088561 1.6411075 2.0546813 1.9186053 1.7699769 2.1932310 2.1586303 2.2941139 1.6219844 1.6089875 1.6235452 1.6128177 1.6107578 1.5916213 1.6663271 1.6914822 1.8662974 1.7532269 1.7077895 1.9164739 1.5890270 1.6170637 1.7059091 1.7233933 0.0000000 0.0000010 0.1386936 0.1974225 0.2839426 0.2206828 0.2757270 0.3257371 0.3981040 0.3883984 
Vmul_sbMO401280                                    1.7694312 1.5654106 1.6339059 1.6435905 1.8941609 1.6063769 1.7916834 1.6979482 1.6050227 2.0196489 1.8803986 1.7177601 1.7812967 1.8404088 2.0523204 1.9427822 1.9535750 1.8912503 1.9547117 1.9595246 1.7420917 1.9093219 1.7099261 2.0412333 2.0524667 1.8207985 2.3009640 2.2924823 2.2335547 1.7076208 1.6927861 1.6736343 1.6618349 1.6715082 1.6445581 1.7330210 1.6983417 1.8426603 1.7903315 1.7353972 1.9670600 1.6507423 1.6541109 1.6850243 1.7687165 0.0000010 0.0000000 0.1457114 0.2195398 0.3026027 0.2318624 0.2930604 0.3499133 0.3739817 0.3924798 
Bolinf_Binf_sb1215915                              1.7610757 1.7065290 1.7814656 1.7312638 1.8753545 1.6949382 1.8444185 1.6924957 1.5359455 1.9522666 1.7980418 1.7562090 1.7772423 1.7982034 1.9943949 1.9492102 1.9905222 1.9496567 2.0480365 1.9975548 1.8255824 2.0436723 1.8236507 2.1003554 1.9548030 1.8640803 2.2584210 2.2396720 2.4745325 1.7275528 1.7137397 1.7720053 1.7610712 1.7179742 1.5874448 1.7757032 1.6824795 1.9266037 1.8982796 1.8523216 2.0720947 1.6534270 1.7295099 1.8403415 1.7731803 0.1386936 0.1457114 0.0000000 0.2428985 0.3152645 0.2533113 0.3493522 0.3786915 0.4301644 0.4113039 
Mertsp_Mesp_sb586558                               1.9296105 1.7089593 1.9496712 1.7845471 1.9356408 1.8328022 2.0104302 1.7450170 1.7443419 1.9933824 1.8703518 1.7287959 1.7596237 1.8264272 2.0006665 1.9453019 1.9343210 1.9211511 1.9561427 2.2099429 1.9085030 2.0274829 1.8174861 2.1830239 2.0151343 1.8603756 2.0615219 2.1682777 2.4873440 1.6916207 1.6794615 1.7546219 1.7838479 1.7491081 1.7110584 1.8334503 1.7376334 1.8654149 1.9020701 1.8121842 2.0556383 1.6786043 1.7116505 1.8311813 1.6862742 0.1974225 0.2195398 0.2428985 0.0000000 0.3355117 0.2900598 0.2976028 0.3706937 0.4403699 0.3601197 
Pbac_sb2653137                                     1.7194445 1.8776171 1.8657020 1.7966653 1.8565108 1.8622371 1.8805429 1.7686323 1.7767662 1.8695639 1.7436639 1.8340686 1.8719467 1.8791792 1.8901573 2.0889485 2.0945249 2.0700855 2.0125996 2.0984852 2.0080065 2.0315376 1.8790370 2.2217028 2.0233237 1.9893188 2.3404101 2.4359582 2.4982799 1.8292477 1.8144343 1.8837934 1.8966299 1.8219607 1.7602951 1.8374254 1.8413529 2.0346743 1.9268232 1.8461729 1.8415700 1.7679220 1.7731968 2.3781956 1.7222111 0.2839426 0.3026027 0.3152645 0.3355117 0.0000000 0.0529211 0.3856216 0.4037529 0.4982507 0.3644323 
Horcal_Hcv1.av93.c6.g892.i1                        1.6801560 1.6923959 1.6489774 1.6562535 1.7071097 1.6706585 1.6856726 1.5641364 1.5817855 1.8636945 1.7231089 1.6729883 1.7080336 1.7149588 1.8837640 1.8414137 1.8534149 1.8709897 1.9607633 1.9119835 1.7952356 1.9005602 1.7192794 1.9833180 1.8295350 1.7927431 2.1034090 2.2081204 2.2701590 1.6646247 1.6511601 1.7232052 1.7339390 1.6678429 1.6773692 1.6723988 1.6452657 1.9038864 1.7613101 1.6728471 1.8382901 1.6225118 1.5962955 1.9933145 1.7193386 0.2206828 0.2318624 0.2533113 0.2900598 0.0529211 0.0000000 0.3163267 0.3440207 0.4023366 0.3596623 
Coemet_Cmet_scaffold15881_01                       2.0084557 1.6745133 1.8455977 1.7079607 1.9113053 1.7007380 1.7543045 1.7184532 1.8268163 2.1524643 2.0293154 1.8627428 1.7916119 1.8468774 2.1612544 2.0500527 1.9886736 2.0562435 2.0558173 2.0809591 1.7152945 1.8704089 1.7422718 2.1804155 2.0693732 1.9616966 2.2211444 2.2936394 2.4829531 1.7529459 1.7389382 1.8487057 1.8866060 1.7384238 1.6643693 1.8407245 1.7776424 2.0269134 1.7286947 1.7165785 1.9918469 1.6153596 1.5891280 1.9221295 1.8945785 0.2757270 0.2930604 0.3493522 0.2976028 0.3856216 0.3163267 0.0000000 0.3519275 0.4304868 0.3588981 
Lampan_Lpan_12926_01                               1.8207577 1.6532818 1.6081264 1.6040372 1.7182778 1.5156450 1.7942549 1.6057719 1.6764352 2.0187441 1.9338175 1.6866907 1.7307655 1.8003139 2.0303029 1.8092627 1.7857391 1.7551055 1.8682160 1.9661759 1.6804301 1.9136329 1.6954708 2.0683913 1.9600731 1.7780564 2.0335272 2.0352668 2.3606905 1.7338987 1.7200803 1.7408923 1.7517346 1.6497464 1.7018704 1.7698181 1.7016283 1.9777963 1.6631306 1.6791626 1.9551297 1.5879192 1.5788764 1.9051871 1.8591468 0.3257371 0.3499133 0.3786915 0.3706937 0.4037529 0.3440207 0.3519275 0.0000000 0.5443625 0.3379977 
Drygla_Dgla_sb287653                               1.8370099 1.7232145 1.8301570 1.7264444 1.9454640 1.7756625 1.6890424 1.8422325 1.7577341 2.1657611 2.0401658 1.8537034 1.8494830 1.9136549 2.0986325 2.0046531 2.0481469 2.0246956 2.0846338 1.8874373 1.8597370 2.0878930 1.8417094 2.1057755 2.0405772 2.0971350 2.3540287 2.3958166 2.4827024 1.9421275 1.9267946 2.0110248 1.9999319 2.0135939 1.8373801 1.9520703 1.8280036 2.0684588 1.8925952 1.8390421 2.0431065 1.6992572 1.7516471 1.9073546 1.7609636 0.3981040 0.3739817 0.4301644 0.4403699 0.4982507 0.4023366 0.4304868 0.5443625 0.0000000 0.4989377 
Eupdun_Edun_sb10624328                             1.5836262 1.8744039 1.8601729 1.5132700 1.9155143 1.7465532 1.9948679 1.6117033 1.6643769 1.8955025 1.9287094 1.8884555 1.8726564 1.9324690 1.8979455 2.0445504 2.1319169 1.9538366 1.5730378 2.0396395 1.7626110 1.9225347 1.6039718 2.7418241 2.1475531 2.2463329 2.5823779 2.9493272 2.9790194 1.8821159 1.8528992 1.9411015 1.9617289 1.8666544 1.7908253 1.7729220 2.0465253 1.9003076 1.8315141 1.7207537 1.8428694 1.6973368 1.6313607 2.7699701 1.5463920 0.3883984 0.3924798 0.4113039 0.3601197 0.3644323 0.3596623 0.3588981 0.3379977 0.4989377 0.0000000 
