61
Hsap_ENST00000599029                                  0.0000000 1.9294457 2.9758769 1.4666754 2.9906687 2.7116326 2.4205366 2.2782085 3.1173104 2.9311768 3.0798656 2.5646052 2.1778059 2.5030398 2.3629730 2.2764963 2.3251589 2.3569430 2.1885081 2.1259347 2.1248128 2.1891559 1.7358761 2.4664549 3.0541061 3.1409911 2.7125109 2.7166241 2.7873255 2.5946656 2.4279764 2.9490394 2.3660709 3.8172537 3.2957274 2.4447675 3.0441497 3.6651665 2.8304710 2.5481082 3.3910187 4.2266856 4.3049700 2.2304752 2.2930440 2.5910207 2.2977678 2.7380079 2.7380079 2.8540084 2.8540084 2.7587246 2.5049970 2.6206947 2.9590023 2.9845098 3.5469762 2.8212669 3.5094546 3.0937813 4.0347282 
Bralan_BLAG09000466_1                                 1.9294457 0.0000000 2.8241062 1.1897565 2.9612581 2.5152460 2.2140144 1.9370563 2.8878661 2.8422674 2.7998067 2.7653138 2.1709654 2.3079685 2.1497373 2.2860438 2.1927340 2.1603712 2.3283602 2.2815597 1.9640297 1.8783488 2.0891726 1.9920652 2.7676213 2.8074474 2.5513042 2.5366380 2.4243489 2.3782666 2.6538093 2.7154092 2.0606588 3.8923593 3.0106845 2.5389497 2.9398900 3.4143886 2.6869679 2.2129631 3.0906376 3.8803468 3.9827539 2.5425980 2.1580451 2.4030587 2.2119104 2.3242524 2.3242524 2.2859964 2.2859964 2.3622280 2.2894873 2.3216009 3.0719176 3.3538727 3.3569247 3.0479413 3.4760938 3.4048867 4.0547744 
Tetwil_g2070.t1                                       2.9758769 2.8241062 0.0000000 0.3254889 1.6625967 1.8878529 2.7291527 2.4695174 2.1512028 1.9644383 1.8998618 2.5980255 2.3196045 2.7703302 2.5627384 2.6406936 2.5542015 2.5433828 2.6095930 2.5342761 2.6478690 2.8950595 2.5739741 2.9565513 2.9305577 2.9310888 2.5991630 2.7666484 2.6547601 2.7142558 2.5255162 2.8414454 2.6094706 4.3389466 3.2944220 2.8666172 3.1001054 3.9199304 3.1691491 2.5499680 3.2160064 5.1510961 4.1633640 2.8266674 2.4098945 2.5299630 2.9433034 2.9875421 2.9875421 3.0231521 3.0231521 2.9711319 2.7802406 3.2243254 3.0188024 2.9248046 3.6248989 3.0713120 3.4740633 3.2028983 2.8392618 
Stycar_maker-SC_scaffold6880-snap-gene-0.3-mRNA-1     1.4666754 1.1897565 0.3254889 0.0000000 0.6356254 0.7820346 1.0652574 1.0747461 1.0393544 1.1142084 1.2714901 1.2850766 1.2102959 1.7209698 1.2848330 1.0949248 1.2456991 1.2377798 1.2542708 1.1616353 1.2385465 1.4101575 1.0528191 1.4141480 1.1178274 1.3798864 1.1858988 1.2679933 1.1925676 1.3444150 1.3744792 1.6208435 1.4362824 3.3007398 1.4464940 1.5684011 1.4119247 1.5925020 1.6399937 1.4323845 1.3124271 0.0000010 3.4197065 0.0000010 1.2137984 1.3213790 1.8332461 1.5337399 1.5337399 1.7043401 1.7043401 1.5275808 1.7328368 1.5940378 1.5815062 1.8844496 1.9954738 1.6957067 2.0666953 1.6164055 3.7170481 
Spolac_c101904_g2_i3_m.27201c101904-g2                2.9906687 2.9612581 1.6625967 0.6356254 0.0000000 1.9532182 2.8614895 2.7377089 2.2380516 2.3130059 2.4239247 3.0030368 2.6586134 3.4779706 3.1423769 3.1542700 2.9209484 2.8365638 3.1014722 3.0126372 3.0721456 3.2857320 2.9975988 3.4974952 3.3102451 3.0360295 3.5586593 3.4688033 3.3080196 3.3135537 2.8472882 3.1649557 3.1203022 4.6701286 3.1044223 2.4705622 3.2623956 3.1303570 2.8342397 1.9367242 3.5200641 3.0915715 3.5538217 5.6621912 2.8918429 2.7414488 3.6950502 3.1034258 3.1034258 3.1912341 3.1912341 3.2207542 3.5872459 3.6294456 3.8314590 3.2615695 3.2905469 3.3172040 3.4517671 3.1932137 5.4551728 
Plespi_Pspi_scaffold3118_01                           2.7116326 2.5152460 1.8878529 0.7820346 1.9532182 0.0000000 2.6578292 2.5330753 2.1878031 2.2159127 2.1661369 2.4573482 1.5008736 3.1148270 2.6020115 2.2196679 2.4465180 2.5681151 2.5281612 2.3442735 2.1615895 2.3350627 1.7400473 2.4234699 2.5076461 3.1631347 2.6874685 2.4889949 2.6095874 2.4481783 1.7565626 2.4427275 2.4323831 5.0008920 2.4451881 2.6264856 1.6815435 2.7384100 1.7512183 1.5928331 2.7581018 3.0973564 3.3221007 1.0896435 2.4882583 2.3650514 3.3763557 2.3061649 2.3061649 2.5234649 2.5234649 2.4074246 3.4737850 2.9592366 2.5350336 3.0407373 3.7361979 3.1724803 3.2537394 3.1691198 3.9370606 
HoiH06_mRNA6544                                       2.4205366 2.2140144 2.7291527 1.0652574 2.8614895 2.6578292 0.0000000 0.1454427 3.1714554 3.2251497 2.9112212 2.3122604 2.0882006 2.6009957 2.3927905 2.5146531 2.3377042 2.4434977 2.4041023 2.4155130 1.9261573 1.9810233 1.7674847 2.2426040 2.6719687 2.8134512 2.7303530 2.7024161 2.6706161 2.6744582 2.1751904 2.5994201 2.0888069 4.2166719 2.9461403 2.0958815 2.5990056 3.3528451 2.5253905 2.0653841 2.9461220 2.9134635 3.3028695 2.5567970 2.3652745 2.4932028 2.2809633 2.1107035 2.1107035 2.1039736 2.1039736 2.1539202 2.5179558 2.6004704 2.9550992 2.8525678 2.7868030 2.8905768 3.0020558 2.9607679 3.6738358 
HoiH11_mRNA7735                                       2.2782085 1.9370563 2.4695174 1.0747461 2.7377089 2.5330753 0.1454427 0.0000000 3.1160207 3.2891313 2.8026420 2.0168232 1.6637825 2.4594247 2.2381061 2.1576643 2.1899708 2.2128655 2.2011914 2.1709358 1.8362885 1.8534658 1.7188100 2.0877375 2.3324268 2.6143282 2.5315540 2.4121024 2.4273682 2.4791563 1.8679232 2.5584474 1.8313431 3.9608215 2.7291522 2.2360486 2.1271150 2.9866422 2.2104403 2.1231584 2.7477971 2.8633658 2.2793087 2.3717616 2.2747247 2.3561039 2.1987468 1.7094799 1.7094799 1.7331524 1.7331524 1.7755136 2.4626003 2.3634980 2.6224203 2.5096503 2.6144111 2.7527435 2.8900911 2.7491393 3.2279357 
Aque_Aqu2.1.43345_001                                 3.1173104 2.8878661 2.1512028 1.0393544 2.2380516 2.1878031 3.1714554 3.1160207 0.0000000 0.7268141 1.2214177 3.1361900 2.3124268 3.3536179 2.9740871 2.8127208 2.9644073 3.0071103 2.9477726 2.8656483 2.6780008 3.0782043 2.9156755 3.0338227 2.9283598 2.9053058 3.3313747 3.2678386 3.3164149 3.1544951 3.0298955 3.1290318 3.2589383 4.7618903 3.5223074 3.6144492 2.9236987 3.6019719 2.9447167 2.9969258 3.6875399 3.8565792 3.7214628 3.5372804 3.1429466 3.0061433 3.3704602 3.2836653 3.2836653 3.2654946 3.2654946 3.2928457 3.7956559 3.2913974 3.5671551 3.6121620 3.9039022 3.6645765 3.9509442 3.5981579 3.4793554 
Halamb_c50619_g1_i3m.28741                            2.9311768 2.8422674 1.9644383 1.1142084 2.3130059 2.2159127 3.2251497 3.2891313 0.7268141 0.0000000 0.8984746 2.8974104 2.1165383 2.9296236 2.6867582 2.5492296 2.8619572 2.8323272 2.7806182 2.7495491 2.6056239 3.0326227 2.7060728 2.8261894 3.1354550 3.1226128 3.0695846 3.0034875 3.0121790 2.9189039 2.8440246 3.3649107 3.0300660 5.0585837 3.3900123 3.6800938 3.1760982 3.9713145 3.2079871 2.7578625 3.7205411 3.2817353 3.5675920 2.9925983 2.9040874 2.8717605 3.3073791 3.2159070 3.2159070 3.2146690 3.2146690 3.1652091 3.4988648 3.2594682 3.2660047 3.5353625 3.8696235 3.3693505 4.0227448 3.6952181 3.2313906 
Xestes_maker-XT_scaffold1232-augustus-gene-0.9-mRNA-1 3.0798656 2.7998067 1.8998618 1.2714901 2.4239247 2.1661369 2.9112212 2.8026420 1.2214177 0.8984746 0.0000000 2.8118665 2.2854725 2.8903197 2.6190482 2.5270662 2.7629018 2.7504033 2.7607511 2.7458285 2.5558227 2.9132039 2.7835586 2.8913614 3.1274948 3.5202535 2.6849883 2.8658911 2.8629738 2.7990752 2.8605239 3.1943868 2.9591458 4.7754409 3.7256301 3.6735344 3.2728595 4.1157637 3.5971709 3.1966769 3.5384741 4.6895115 4.0235048 3.4748659 2.9986277 2.6424471 3.3209815 3.1279551 3.1279551 3.0866061 3.0866061 3.1191155 3.7017696 3.1541973 3.2597993 3.4028987 3.4566668 3.2561995 3.8608293 3.2318300 3.4138955 
Exapal_XM_021060821.2                                 2.5646052 2.7653138 2.5980255 1.2850766 3.0030368 2.4573482 2.3122604 2.0168232 3.1361900 2.8974104 2.8118665 0.0000000 1.1019162 1.4474298 1.3585664 1.3806736 1.2491583 1.2967927 1.3091077 1.3693717 2.2155001 2.1596414 2.0110806 2.3344605 2.3694900 2.2918135 1.9834661 1.9950404 2.0695702 2.0929721 2.2427562 2.1133879 2.5580825 3.6259755 3.0267041 2.5610459 2.7622924 3.3185322 2.9134909 2.0399810 3.0044273 3.6683692 3.5824631 2.0507946 2.0645357 1.9209628 2.3943511 2.5990182 2.5990182 2.5811601 2.5811601 2.5866140 2.4882002 2.7286907 2.1149599 2.6498157 2.7568939 2.6448059 2.9381933 2.9593927 3.7013110 
Nvec_v1g108592                                        2.1778059 2.1709654 2.3196045 1.2102959 2.6586134 1.5008736 2.0882006 1.6637825 2.3124268 2.1165383 2.2854725 1.1019162 0.0000000 1.4327788 1.2928599 1.4020789 1.2429459 1.2278330 1.2659739 1.2822563 1.9577464 2.0133479 2.0660815 2.0042290 2.3374702 2.3316943 1.7728352 1.9448214 1.9506265 1.7695859 2.1765263 1.8575598 2.1768333 3.2255845 2.4700592 1.8677903 2.6957360 2.8419923 2.6688983 2.0395049 2.5177927 3.9400429 3.8908145 1.9648062 1.5066825 1.5572411 2.2214153 2.2491705 2.2491705 2.2143031 2.2143031 2.2194182 1.9390113 2.4921561 1.9428504 2.4838862 2.3007705 2.2622057 2.6054213 2.4185339 3.5031575 
Adig_XM_015911335.1                                   2.5030398 2.3079685 2.7703302 1.7209698 3.4779706 3.1148270 2.6009957 2.4594247 3.3536179 2.9296236 2.8903197 1.4474298 1.4327788 0.0000000 0.0238456 0.6534298 0.7737390 0.7140738 0.7564094 0.7928092 2.5282765 2.1232554 2.0648603 2.2188928 2.5726102 2.6062828 2.0794390 1.9975669 1.9946664 1.9983467 2.2985707 2.3506135 2.3143122 3.8361418 3.3988593 2.6921003 3.1780730 3.8167841 3.4764226 2.8882317 3.2301559 3.6816726 4.2258475 2.2836052 2.1332643 2.2639417 2.4336098 2.8453869 2.8453869 2.7817456 2.7817456 2.8541401 2.4590148 2.6640059 2.5301470 2.8592867 3.3401391 2.7314472 3.2103560 2.9677505 3.7453583 
Amil_Amillepora14147-RA                               2.3629730 2.1497373 2.5627384 1.2848330 3.1423769 2.6020115 2.3927905 2.2381061 2.9740871 2.6867582 2.6190482 1.3585664 1.2928599 0.0238456 0.0000000 0.5834786 0.7105736 0.6404239 0.6861009 0.7242621 2.2746463 1.9615939 1.9486230 2.0788348 2.4090323 2.3921172 1.8849510 1.8525116 1.8449936 1.8299321 2.1781348 2.2260293 2.1627410 3.7614387 3.0464474 2.3922531 2.8698976 3.4932344 3.0937450 2.2892318 2.9455410 3.6337982 4.0818498 2.2757534 2.0398415 2.0875919 2.3482194 2.6995841 2.6995841 2.5972675 2.5972675 2.6701956 2.3744013 2.5347471 2.2920028 2.7357713 3.0565018 2.5984858 3.0295115 2.6607678 3.5581583 
Gfas_gfas1.m1.17512.m1                                2.2764963 2.2860438 2.6406936 1.0949248 3.1542700 2.2196679 2.5146531 2.1576643 2.8127208 2.5492296 2.5270662 1.3806736 1.4020789 0.6534298 0.5834786 0.0000000 0.4539342 0.4782679 0.4858408 0.5097101 2.2115729 2.0345415 2.1101701 2.0981068 2.5600146 2.3883445 1.8391882 1.8755395 1.9127364 1.7064398 2.0928292 2.1480445 1.9808591 3.6972942 2.7911940 2.3600215 2.7763920 3.2067802 3.1596634 2.2577248 2.7670781 3.9978941 4.3881859 2.2704204 2.1102590 2.0193327 2.5530154 2.6437832 2.6437832 2.7057375 2.7057375 2.7428220 2.6587059 2.7159215 2.3058039 2.7774840 3.0705771 2.6136717 2.9779294 2.7352636 3.7777412 
Fspp_ffun1.m4.22213.m1                                2.3251589 2.1927340 2.5542015 1.2456991 2.9209484 2.4465180 2.3377042 2.1899708 2.9644073 2.8619572 2.7629018 1.2491583 1.2429459 0.7737390 0.7105736 0.4539342 0.0000000 0.3102819 0.4046299 0.3975035 2.2556969 1.9751115 2.1653493 2.1160254 2.5685458 2.3786520 1.9816845 1.9234000 1.9621091 1.8495082 2.1675061 2.1305462 2.1875298 3.6842876 3.0226233 2.4234098 2.8165895 3.2067125 3.0519258 2.2613747 3.0472481 4.0307795 4.4612079 2.1375388 2.0568149 1.9841051 2.4408817 2.4504537 2.4504537 2.5017050 2.5017050 2.5203479 2.7756204 2.6817719 2.3693855 2.6972625 2.9617891 2.7249693 2.9309035 2.6654184 3.7324766 
Gasp_gasp1.m3.4783.m1                                 2.3569430 2.1603712 2.5433828 1.2377798 2.8365638 2.5681151 2.4434977 2.2128655 3.0071103 2.8323272 2.7504033 1.2967927 1.2278330 0.7140738 0.6404239 0.4782679 0.3102819 0.0000000 0.4609690 0.4652462 2.2094059 2.0076994 2.1780289 2.0910362 2.4991393 2.3795624 1.9231872 1.9907623 1.9145064 1.8582568 2.2058484 2.1702819 2.1990317 3.6209760 2.9209731 2.2800503 2.7316903 2.9948938 2.9327787 2.1818190 2.8666961 3.6031789 3.8901083 2.2036830 2.0721315 1.9897547 2.4464225 2.5214461 2.5214461 2.4866745 2.4866745 2.5021904 2.5992498 2.6747653 2.3069835 2.6761566 2.9082598 2.5582122 2.8319418 2.6038539 3.8745092 
Spis_XP_022795463_1                                   2.1885081 2.3283602 2.6095930 1.2542708 3.1014722 2.5281612 2.4041023 2.2011914 2.9477726 2.7806182 2.7607511 1.3091077 1.2659739 0.7564094 0.6861009 0.4858408 0.4046299 0.4609690 0.0000000 0.1115964 2.0871761 2.0155147 2.0386227 2.0815519 2.4371515 2.3441965 1.9560232 1.9145374 1.9868015 1.8890651 2.2735670 2.1664701 2.2642768 3.6664026 2.9205496 2.5716716 2.7407727 3.2543969 3.0192815 2.2861840 2.8718130 3.5606331 3.6404027 2.3204857 2.0590524 2.0621696 2.4191590 2.3912513 2.3912513 2.4673499 2.4673499 2.4956690 2.6815481 2.5325618 2.2961301 2.9693766 3.0841262 2.6213715 3.0684207 2.5931351 3.8107805 
Pocdam_XM_027190079.1                                 2.1259347 2.2815597 2.5342761 1.1616353 3.0126372 2.3442735 2.4155130 2.1709358 2.8656483 2.7495491 2.7458285 1.3693717 1.2822563 0.7928092 0.7242621 0.5097101 0.3975035 0.4652462 0.1115964 0.0000000 2.0184270 2.0253454 1.9795479 2.0870933 2.4990957 2.4104657 1.9999645 1.9325168 1.9692854 1.8892526 2.2597862 2.1581889 2.1926302 3.6524756 2.9143540 2.5128452 2.7079747 3.2103916 3.0477187 2.3213485 2.8075498 3.5255004 3.8573550 2.2103373 2.0610765 1.9672247 2.4555222 2.4314922 2.4314922 2.5577985 2.5577985 2.5941347 2.7145307 2.5093624 2.2846300 2.9286338 2.9880218 2.5479488 2.9351738 2.6375896 3.7708112 
Ctel_gnl_WGS_AMQN_CAPTEDRAFT_mRNA126517               2.1248128 1.9640297 2.6478690 1.2385465 3.0721456 2.1615895 1.9261573 1.8362885 2.6780008 2.6056239 2.5558227 2.2155001 1.9577464 2.5282765 2.2746463 2.2115729 2.2556969 2.2094059 2.0871761 2.0184270 0.0000000 1.5836575 1.9144529 1.9136904 2.8982621 2.9779292 2.3740813 2.6311134 2.5799405 2.4967484 2.5713765 2.4842800 1.9624958 3.7020404 2.7838021 2.3407932 2.8248378 3.1791044 3.0135978 2.1641403 2.9585786 3.3309631 4.0779434 2.4579964 1.9405801 1.8738148 2.1151625 2.3937334 2.3937334 2.4143829 2.4143829 2.4043693 2.1490749 2.3795258 2.6454745 2.6903383 3.0789727 2.8429697 2.8642267 2.5805896 3.9390153 
Acagra_model.g4355.t1                                 2.1891559 1.8783488 2.8950595 1.4101575 3.2857320 2.3350627 1.9810233 1.8534658 3.0782043 3.0326227 2.9132039 2.1596414 2.0133479 2.1232554 1.9615939 2.0345415 1.9751115 2.0076994 2.0155147 2.0253454 1.5836575 0.0000000 1.6870744 1.5310868 2.6703123 2.8314661 2.5229333 2.5574342 2.5027333 2.6622109 2.2549747 2.3373714 1.9970991 3.8799666 3.0263133 2.2628196 2.9200416 3.1853289 2.9111229 2.1113078 2.9079598 4.3236254 4.0067283 2.0621449 1.9060904 1.9531134 2.1331090 2.4413943 2.4413943 2.4656844 2.4656844 2.4898710 2.1565813 2.2246522 2.8683153 2.8451854 3.3518157 2.9816937 3.1208379 2.7343448 3.6529858 
Skow_XM_006812011.1                                   1.7358761 2.0891726 2.5739741 1.0528191 2.9975988 1.7400473 1.7674847 1.7188100 2.9156755 2.7060728 2.7835586 2.0110806 2.0660815 2.0648603 1.9486230 2.1101701 2.1653493 2.1780289 2.0386227 1.9795479 1.9144529 1.6870744 0.0000000 2.1662714 2.8681899 2.7158176 2.1911870 2.3010400 2.4490053 2.2057475 2.1980695 2.1432842 1.9541119 3.8741707 2.8180799 2.1241303 2.7585571 2.9811602 2.7346426 2.0175576 2.7459166 3.5630368 4.1394330 2.2240859 1.9290476 2.1241360 2.0888203 2.1711117 2.1711117 2.1498162 2.1498162 2.2359179 2.2349776 1.7923901 2.4492225 3.0885942 3.3726853 2.7577029 3.0939980 2.8897385 4.0066834 
Cgig_XM_034457248.1                                   2.4664549 1.9920652 2.9565513 1.4141480 3.4974952 2.4234699 2.2426040 2.0877375 3.0338227 2.8261894 2.8913614 2.3344605 2.0042290 2.2188928 2.0788348 2.0981068 2.1160254 2.0910362 2.0815519 2.0870933 1.9136904 1.5310868 2.1662714 0.0000000 2.9118698 2.7242081 2.6732586 2.6048627 2.6367816 2.6016771 2.1038126 2.3621689 2.2341839 4.3565466 3.3336816 2.4986343 3.0925802 3.5078846 3.0887943 2.0137915 3.1484732 4.0606888 4.1380863 2.1834632 2.0639637 2.0367543 2.2697783 2.3490823 2.3490823 2.3783197 2.3783197 2.3993780 2.1040633 2.6759471 2.9179247 2.9354170 3.1454535 3.0179720 3.0035911 2.8278065 3.7316404 
Dgig_XM_028539772.1                                   3.0541061 2.7676213 2.9305577 1.1178274 3.3102451 2.5076461 2.6719687 2.3324268 2.9283598 3.1354550 3.1274948 2.3694900 2.3374702 2.5726102 2.4090323 2.5600146 2.5685458 2.4991393 2.4371515 2.4990957 2.8982621 2.6703123 2.8681899 2.9118698 0.0000000 1.1300143 2.8041117 2.7618665 2.7146585 3.0168077 2.5626517 2.8479826 2.7088402 3.5192931 3.0379941 2.1352540 3.0816372 3.3730397 2.7882209 1.8725436 2.6898618 3.7286913 4.9022104 2.6684360 2.5284843 2.1975006 2.9819700 2.9450639 2.9450639 2.8458302 2.8458302 2.8821336 2.7606232 3.0705225 3.1190907 3.4812257 3.8041738 3.2666071 3.3574262 3.0162468 4.0670573 
Xesp_018487-T1                                        3.1409911 2.8074474 2.9310888 1.3798864 3.0360295 3.1631347 2.8134512 2.6143282 2.9053058 3.1226128 3.5202535 2.2918135 2.3316943 2.6062828 2.3921172 2.3883445 2.3786520 2.3795624 2.3441965 2.4104657 2.9779292 2.8314661 2.7158176 2.7242081 1.1300143 0.0000000 2.5466422 2.6208173 2.5462104 2.5555528 2.6593217 2.5079885 2.7855566 3.3173146 2.9268410 2.0669867 2.7662076 3.2725795 2.4010607 1.6840979 2.6121250 3.6075578 3.9180105 3.1422956 2.7638465 2.6385578 2.8794099 2.9831493 2.9831493 2.8411331 2.8411331 2.9747285 2.9371423 3.0219743 2.9237557 3.1754011 3.5682791 3.1113839 3.1633869 3.1119217 3.4919882 
Aaur_scaffold367.g10.t1                               2.7125109 2.5513042 2.5991630 1.1858988 3.5586593 2.6874685 2.7303530 2.5315540 3.3313747 3.0695846 2.6849883 1.9834661 1.7728352 2.0794390 1.8849510 1.8391882 1.9816845 1.9231872 1.9560232 1.9999645 2.3740813 2.5229333 2.1911870 2.6732586 2.8041117 2.5466422 0.0000000 0.6412093 0.6553301 0.8563950 1.9959606 1.7715154 2.4673222 3.6066968 3.1076717 2.5275078 2.7616662 3.4181831 2.9989688 1.7923718 3.0250444 3.9869443 4.2161755 2.3933548 2.3637938 2.2788805 2.6007323 2.5924989 2.5924989 2.5622836 2.5622836 2.6149390 2.5456780 2.4446409 1.8128186 2.9548193 3.1339195 2.9563717 3.3180821 2.9074734 4.0788899 
Nemnom_g14200.t1                                      2.7166241 2.5366380 2.7666484 1.2679933 3.4688033 2.4889949 2.7024161 2.4121024 3.2678386 3.0034875 2.8658911 1.9950404 1.9448214 1.9975669 1.8525116 1.8755395 1.9234000 1.9907623 1.9145374 1.9325168 2.6311134 2.5574342 2.3010400 2.6048627 2.7618665 2.6208173 0.6412093 0.0000000 0.2422893 0.8774131 1.9300699 1.7987669 2.4931263 3.7378162 3.2741979 2.5947871 2.6459283 3.2794177 2.8750114 1.9634850 3.1215981 3.9422494 3.6978343 2.2891905 2.3927277 2.3820155 2.4745731 2.7382513 2.7382513 2.7009815 2.7009815 2.7594343 2.7129793 2.6536086 1.9133284 3.2428399 3.5453892 3.1119488 3.3648895 3.1535884 4.0820044 
Rhoesc_Res_014287-T1                                  2.7873255 2.4243489 2.6547601 1.1925676 3.3080196 2.6095874 2.6706161 2.4273682 3.3164149 3.0121790 2.8629738 2.0695702 1.9506265 1.9946664 1.8449936 1.9127364 1.9621091 1.9145064 1.9868015 1.9692854 2.5799405 2.5027333 2.4490053 2.6367816 2.7146585 2.5462104 0.6553301 0.2422893 0.0000000 0.8908548 1.8558326 1.8433004 2.5057509 3.5681648 3.1559900 2.4753573 2.8414790 3.5281387 2.9300841 1.8236473 3.1175083 3.6337110 4.0680575 2.1102841 2.3053199 2.3382436 2.4974401 2.8266519 2.8266519 2.7239346 2.7239346 2.7293760 2.6947325 2.7269179 2.0492584 3.2379251 3.6863297 3.1992465 3.4784981 3.1467220 4.3609200 
Sanmal_Sma_012709-T1                                  2.5946656 2.3782666 2.7142558 1.3444150 3.3135537 2.4481783 2.6744582 2.4791563 3.1544951 2.9189039 2.7990752 2.0929721 1.7695859 1.9983467 1.8299321 1.7064398 1.8495082 1.8582568 1.8890651 1.8892526 2.4967484 2.6622109 2.2057475 2.6016771 3.0168077 2.5555528 0.8563950 0.8774131 0.8908548 0.0000000 2.1327777 1.8344029 2.3988644 3.8639290 3.0382475 2.6121912 2.7073742 3.5205560 3.0723011 2.0821448 3.1474392 4.0908950 3.8807795 2.2968737 2.3258549 2.4618624 2.4847502 2.7873610 2.7873610 2.6472561 2.6472561 2.7245112 2.6266039 2.5422867 1.9993353 3.1511321 3.6577840 3.1120499 3.2520157 3.0656582 4.3698201 
Hvul_g17264_1                                         2.4279764 2.6538093 2.5255162 1.3744792 2.8472882 1.7565626 2.1751904 1.8679232 3.0298955 2.8440246 2.8605239 2.2427562 2.1765263 2.2985707 2.1781348 2.0928292 2.1675061 2.2058484 2.2735670 2.2597862 2.5713765 2.2549747 2.1980695 2.1038126 2.5626517 2.6593217 1.9959606 1.9300699 1.8558326 2.1327777 0.0000000 1.6489794 2.3774115 3.4866096 2.9232730 2.1448524 3.2598275 3.2379361 3.2858168 2.7092221 2.9324523 3.1348798 2.9498797 2.6826455 2.1205531 2.0198922 2.1197506 2.4588113 2.4588113 2.4197965 2.4197965 2.4168707 2.1211959 2.4768448 2.4975898 2.7021029 2.4735068 2.3695323 2.5337539 2.7124742 3.8718474 
Chem_TCONS_00024942                                   2.9490394 2.7154092 2.8414454 1.6208435 3.1649557 2.4427275 2.5994201 2.5584474 3.1290318 3.3649107 3.1943868 2.1133879 1.8575598 2.3506135 2.2260293 2.1480445 2.1305462 2.1702819 2.1664701 2.1581889 2.4842800 2.3373714 2.1432842 2.3621689 2.8479826 2.5079885 1.7715154 1.7987669 1.8433004 1.8344029 1.6489794 0.0000000 2.6451979 4.1176294 3.1294363 2.7427202 3.0681061 3.3513829 2.9204979 2.5498941 3.3252346 3.2705279 3.4086767 3.1611469 2.7568453 2.6652795 2.6324078 2.9246214 2.9246214 2.8761455 2.8761455 2.9291940 3.0702401 2.6893913 2.0165183 3.0776330 3.0117817 2.9657352 3.3738480 3.0921410 4.1245434 
Cscu_XM_023388511.1                                   2.3660709 2.0606588 2.6094706 1.4362824 3.1203022 2.4323831 2.0888069 1.8313431 3.2589383 3.0300660 2.9591458 2.5580825 2.1768333 2.3143122 2.1627410 1.9808591 2.1875298 2.1990317 2.2642768 2.1926302 1.9624958 1.9970991 1.9541119 2.2341839 2.7088402 2.7855566 2.4673222 2.4931263 2.5057509 2.3988644 2.3774115 2.6451979 0.0000000 3.9862825 2.9617430 2.3752518 2.8622719 3.2651039 2.8324268 1.8497412 2.8935245 4.1957598 4.1420478 2.1074229 2.1859349 2.2338666 1.7948420 2.3144843 2.3144843 2.3000620 2.3000620 2.4093099 1.8321382 2.3501439 2.8072375 2.7632571 3.4163664 2.9653823 3.1990071 2.7032825 3.8375671 
Pbac_sb2649995                                        3.8172537 3.8923593 4.3389466 3.3007398 4.6701286 5.0008920 4.2166719 3.9608215 4.7618903 5.0585837 4.7754409 3.6259755 3.2255845 3.8361418 3.7614387 3.6972942 3.6842876 3.6209760 3.6664026 3.6524756 3.7020404 3.8799666 3.8741707 4.3565466 3.5192931 3.3173146 3.6066968 3.7378162 3.5681648 3.8639290 3.4866096 4.1176294 3.9862825 0.0000000 0.7927409 1.6454424 1.1296191 2.0818404 0.9429917 0.9209543 1.5479170 1.2578906 1.5225120 4.0198904 3.5381428 3.1305258 3.8338338 4.0038118 4.0038118 4.3030604 4.3030604 4.3460064 4.2514421 4.1173427 4.6258838 4.2144975 4.2749380 3.8985048 4.0672055 4.0610497 4.7630035 
Horcal_Hcv1.av93.c12.g193.i3                          3.2957274 3.0106845 3.2944220 1.4464940 3.1044223 2.4451881 2.9461403 2.7291522 3.5223074 3.3900123 3.7256301 3.0267041 2.4700592 3.3988593 3.0464474 2.7911940 3.0226233 2.9209731 2.9205496 2.9143540 2.7838021 3.0263133 2.8180799 3.3336816 3.0379941 2.9268410 3.1076717 3.2741979 3.1559900 3.0382475 2.9232730 3.1294363 2.9617430 0.7927409 0.0000000 0.5348930 0.8927330 1.0842895 0.7105364 0.6395947 0.9227555 1.1873589 1.5994181 3.9426439 2.6465044 2.4174424 2.7089768 2.8248532 2.8248532 2.9426286 2.9426286 3.0328343 3.0910939 3.2477051 3.5465678 3.2978892 3.4702142 3.1380790 3.2629625 3.2001317 4.6496940 
Bolinf_Binf_sb1219704                                 2.4447675 2.5389497 2.8666172 1.5684011 2.4705622 2.6264856 2.0958815 2.2360486 3.6144492 3.6800938 3.6735344 2.5610459 1.8677903 2.6921003 2.3922531 2.3600215 2.4234098 2.2800503 2.5716716 2.5128452 2.3407932 2.2628196 2.1241303 2.4986343 2.1352540 2.0669867 2.5275078 2.5947871 2.4753573 2.6121912 2.1448524 2.7427202 2.3752518 1.6454424 0.5348930 0.0000000 0.3564691 0.5882890 0.2837444 0.4745377 0.5662027 0.1500018 0.2376886 4.0880017 1.9339101 2.0951418 2.2321358 2.3985903 2.3985903 2.4373079 2.4373079 2.4275470 2.5404638 2.3611044 3.0203264 2.6107972 2.8895571 2.5018788 2.9696002 2.6687676 5.1030401 
Coeast_Cast_sb788696                                  3.0441497 2.9398900 3.1001054 1.4119247 3.2623956 1.6815435 2.5990056 2.1271150 2.9236987 3.1760982 3.2728595 2.7622924 2.6957360 3.1780730 2.8698976 2.7763920 2.8165895 2.7316903 2.7407727 2.7079747 2.8248378 2.9200416 2.7585571 3.0925802 3.0816372 2.7662076 2.7616662 2.6459283 2.8414790 2.7073742 3.2598275 3.0681061 2.8622719 1.1296191 0.8927330 0.3564691 0.0000000 0.1371053 0.6500012 0.6386011 0.7112801 1.0513520 0.9082848 3.6777596 2.2710325 2.1155691 2.5988001 2.5727478 2.5727478 2.6169178 2.6169178 2.7398213 3.1800462 2.9639203 3.3698184 3.3202055 3.4408800 3.4482320 3.1480805 3.0673485 4.2066701 
Coemet_Cmet_scaffold11091_01                          3.6651665 3.4143886 3.9199304 1.5925020 3.1303570 2.7384100 3.3528451 2.9866422 3.6019719 3.9713145 4.1157637 3.3185322 2.8419923 3.8167841 3.4932344 3.2067802 3.2067125 2.9948938 3.2543969 3.2103916 3.1791044 3.1853289 2.9811602 3.5078846 3.3730397 3.2725795 3.4181831 3.2794177 3.5281387 3.5205560 3.2379361 3.3513829 3.2651039 2.0818404 1.0842895 0.5882890 0.1371053 0.0000000 0.8067609 0.5495787 0.8086167 1.0501693 0.7668060 4.1970371 2.6603650 2.5588639 2.8890804 3.2985202 3.2985202 3.2446634 3.2446634 3.3487132 3.1307493 3.4342665 3.9371567 3.7509009 4.1186195 3.8308039 3.7798162 3.7282034 5.2831207 
Drygla_Dgla_sb304547                                  2.8304710 2.6869679 3.1691491 1.6399937 2.8342397 1.7512183 2.5253905 2.2104403 2.9447167 3.2079871 3.5971709 2.9134909 2.6688983 3.4764226 3.0937450 3.1596634 3.0519258 2.9327787 3.0192815 3.0477187 3.0135978 2.9111229 2.7346426 3.0887943 2.7882209 2.4010607 2.9989688 2.8750114 2.9300841 3.0723011 3.2858168 2.9204979 2.8324268 0.9429917 0.7105364 0.2837444 0.6500012 0.8067609 0.0000000 0.4112117 0.5896852 0.8024628 1.2143197 3.9791434 2.3221404 2.2543195 2.4373050 2.6850171 2.6850171 2.8005971 2.8005971 2.8491680 2.9194314 3.1369532 3.5499692 3.2118678 3.3289998 3.2176551 3.2438950 3.0009946 5.1174285 
Beraby_Baby_sb327759                                  2.5481082 2.2129631 2.5499680 1.4323845 1.9367242 1.5928331 2.0653841 2.1231584 2.9969258 2.7578625 3.1966769 2.0399810 2.0395049 2.8882317 2.2892318 2.2577248 2.2613747 2.1818190 2.2861840 2.3213485 2.1641403 2.1113078 2.0175576 2.0137915 1.8725436 1.6840979 1.7923718 1.9634850 1.8236473 2.0821448 2.7092221 2.5498941 1.8497412 0.9209543 0.6395947 0.4745377 0.6386011 0.5495787 0.4112117 0.0000000 0.5872398 0.5300228 0.7128797 4.5243212 1.7433634 1.6459430 1.7584384 2.3299688 2.3299688 2.2934708 2.2934708 2.3552704 2.2167995 2.1319257 2.5485644 2.0967610 1.9073067 2.1670162 2.6007901 2.3513943 5.9011391 
Lampan_Lpan_C417071_01                                3.3910187 3.0906376 3.2160064 1.3124271 3.5200641 2.7581018 2.9461220 2.7477971 3.6875399 3.7205411 3.5384741 3.0044273 2.5177927 3.2301559 2.9455410 2.7670781 3.0472481 2.8666961 2.8718130 2.8075498 2.9585786 2.9079598 2.7459166 3.1484732 2.6898618 2.6121250 3.0250444 3.1215981 3.1175083 3.1474392 2.9324523 3.3252346 2.8935245 1.5479170 0.9227555 0.5662027 0.7112801 0.8086167 0.5896852 0.5872398 0.0000000 0.9673260 1.2146782 3.0362575 2.3944952 2.2630983 2.8628814 2.8469631 2.8469631 2.8580991 2.8580991 2.8845625 3.0029812 3.2672531 3.9084521 3.3479975 3.9332094 3.4610198 3.5541642 3.2700933 4.6703436 
Mertsp_Mesp_sb566946                                  4.2266856 3.8803468 5.1510961 0.0000010 3.0915715 3.0973564 2.9134635 2.8633658 3.8565792 3.2817353 4.6895115 3.6683692 3.9400429 3.6816726 3.6337982 3.9978941 4.0307795 3.6031789 3.5606331 3.5255004 3.3309631 4.3236254 3.5630368 4.0606888 3.7286913 3.6075578 3.9869443 3.9422494 3.6337110 4.0908950 3.1348798 3.2705279 4.1957598 1.2578906 1.1873589 0.1500018 1.0513520 1.0501693 0.8024628 0.5300228 0.9673260 0.0000000 1.3146778 4.3467401 2.6115631 2.4699800 3.7268837 3.9210493 3.9210493 3.9856530 3.9856530 3.7456567 2.7637489 3.6509617 5.7503716 4.3274846 4.9557752 4.2666006 4.5710794 4.1618761 7.3982483 
Vmul_sbMO445044                                       4.3049700 3.9827539 4.1633640 3.4197065 3.5538217 3.3221007 3.3028695 2.2793087 3.7214628 3.5675920 4.0235048 3.5824631 3.8908145 4.2258475 4.0818498 4.3881859 4.4612079 3.8901083 3.6404027 3.8573550 4.0779434 4.0067283 4.1394330 4.1380863 4.9022104 3.9180105 4.2161755 3.6978343 4.0680575 3.8807795 2.9498797 3.4086767 4.1420478 1.5225120 1.5994181 0.2376886 0.9082848 0.7668060 1.2143197 0.7128797 1.2146782 1.3146778 0.0000000 4.9909354 2.9837908 2.7537666 3.6733400 3.7581029 3.7581029 3.7543324 3.7543324 3.9546012 3.5522898 3.4276331 6.1094645 4.5557111 5.6470501 4.5005110 4.1608907 4.1468014 4.9691775 
Ocar_g10006                                           2.2304752 2.5425980 2.8266674 0.0000010 5.6621912 1.0896435 2.5567970 2.3717616 3.5372804 2.9925983 3.4748659 2.0507946 1.9648062 2.2836052 2.2757534 2.2704204 2.1375388 2.2036830 2.3204857 2.2103373 2.4579964 2.0621449 2.2240859 2.1834632 2.6684360 3.1422956 2.3933548 2.2891905 2.1102841 2.2968737 2.6826455 3.1611469 2.1074229 4.0198904 3.9426439 4.0880017 3.6777596 4.1970371 3.9791434 4.5243212 3.0362575 4.3467401 4.9909354 0.0000000 0.0000010 1.4953459 2.0990020 2.6103533 2.6103533 2.5465262 2.5465262 2.4803315 2.4970634 3.5271575 2.4037754 3.3461383 3.4721094 2.8940464 3.6439510 2.9760227 3.7353601 
Opea_EP00118_Oscarella_pearsei_P019166                2.2930440 2.1580451 2.4098945 1.2137984 2.8918429 2.4882583 2.3652745 2.2747247 3.1429466 2.9040874 2.9986277 2.0645357 1.5066825 2.1332643 2.0398415 2.1102590 2.0568149 2.0721315 2.0590524 2.0610765 1.9405801 1.9060904 1.9290476 2.0639637 2.5284843 2.7638465 2.3637938 2.3927277 2.3053199 2.3258549 2.1205531 2.7568453 2.1859349 3.5381428 2.6465044 1.9339101 2.2710325 2.6603650 2.3221404 1.7433634 2.3944952 2.6115631 2.9837908 0.0000010 0.0000000 1.4411761 2.2540743 2.4151000 2.4151000 2.4241497 2.4241497 2.3721525 2.6111149 2.7052047 2.6553354 2.5129452 2.6705955 2.3305617 2.8017396 2.4722235 3.7399611 
Plajan_Pjan_C563796_01                                2.5910207 2.4030587 2.5299630 1.3213790 2.7414488 2.3650514 2.4932028 2.3561039 3.0061433 2.8717605 2.6424471 1.9209628 1.5572411 2.2639417 2.0875919 2.0193327 1.9841051 1.9897547 2.0621696 1.9672247 1.8738148 1.9531134 2.1241360 2.0367543 2.1975006 2.6385578 2.2788805 2.3820155 2.3382436 2.4618624 2.0198922 2.6652795 2.2338666 3.1305258 2.4174424 2.0951418 2.1155691 2.5588639 2.2543195 1.6459430 2.2630983 2.4699800 2.7537666 1.4953459 1.4411761 0.0000000 2.2199121 2.3054131 2.3054131 2.2934627 2.2934627 2.3226338 2.6511906 2.6311214 2.4210933 2.4324468 2.8697575 2.2354978 2.8509693 2.2106070 3.8241913 
Tcas_TC003697_001                                     2.2977678 2.2119104 2.9433034 1.8332461 3.6950502 3.3763557 2.2809633 2.1987468 3.3704602 3.3073791 3.3209815 2.3943511 2.2214153 2.4336098 2.3482194 2.5530154 2.4408817 2.4464225 2.4191590 2.4555222 2.1151625 2.1331090 2.0888203 2.2697783 2.9819700 2.8794099 2.6007323 2.4745731 2.4974401 2.4847502 2.1197506 2.6324078 1.7948420 3.8338338 2.7089768 2.2321358 2.5988001 2.8890804 2.4373050 1.7584384 2.8628814 3.7268837 3.6733400 2.0990020 2.2540743 2.2199121 0.0000000 2.4929030 2.4929030 2.4512493 2.4512493 2.4814825 1.9120660 2.8685003 2.6874055 2.7556418 3.6094092 2.8516538 3.4248998 2.6435486 4.4104333 
Tadh_TriadT51430                                      2.7380079 2.3242524 2.9875421 1.5337399 3.1034258 2.3061649 2.1107035 1.7094799 3.2836653 3.2159070 3.1279551 2.5990182 2.2491705 2.8453869 2.6995841 2.6437832 2.4504537 2.5214461 2.3912513 2.4314922 2.3937334 2.4413943 2.1711117 2.3490823 2.9450639 2.9831493 2.5924989 2.7382513 2.8266519 2.7873610 2.4588113 2.9246214 2.3144843 4.0038118 2.8248532 2.3985903 2.5727478 3.2985202 2.6850171 2.3299688 2.8469631 3.9210493 3.7581029 2.6103533 2.4151000 2.3054131 2.4929030 0.0000000 0.0000010 0.3946254 0.3946254 0.3719160 2.2488094 2.7683944 2.8184789 3.1698925 3.4058217 2.9878309 3.3632485 2.7003843 4.6099294 
TrH2_TrispH2_008942-RA                                2.7380079 2.3242524 2.9875421 1.5337399 3.1034258 2.3061649 2.1107035 1.7094799 3.2836653 3.2159070 3.1279551 2.5990182 2.2491705 2.8453869 2.6995841 2.6437832 2.4504537 2.5214461 2.3912513 2.4314922 2.3937334 2.4413943 2.1711117 2.3490823 2.9450639 2.9831493 2.5924989 2.7382513 2.8266519 2.7873610 2.4588113 2.9246214 2.3144843 4.0038118 2.8248532 2.3985903 2.5727478 3.2985202 2.6850171 2.3299688 2.8469631 3.9210493 3.7581029 2.6103533 2.4151000 2.3054131 2.4929030 0.0000010 0.0000000 0.3946254 0.3946254 0.3719160 2.2488094 2.7683944 2.8184789 3.1698925 3.4058217 2.9878309 3.3632485 2.7003843 4.6099294 
Hhon_g08982.t1                                        2.8540084 2.2859964 3.0231521 1.7043401 3.1912341 2.5234649 2.1039736 1.7331524 3.2654946 3.2146690 3.0866061 2.5811601 2.2143031 2.7817456 2.5972675 2.7057375 2.5017050 2.4866745 2.4673499 2.5577985 2.4143829 2.4656844 2.1498162 2.3783197 2.8458302 2.8411331 2.5622836 2.7009815 2.7239346 2.6472561 2.4197965 2.8761455 2.3000620 4.3030604 2.9426286 2.4373079 2.6169178 3.2446634 2.8005971 2.2934708 2.8580991 3.9856530 3.7543324 2.5465262 2.4241497 2.2934627 2.4512493 0.3946254 0.3946254 0.0000000 0.0000010 0.1465458 2.3012365 2.7689559 2.6386812 3.0216339 3.2483507 3.0132279 3.2172134 2.8617042 4.3859552 
HoiH04_mRNA420                                        2.8540084 2.2859964 3.0231521 1.7043401 3.1912341 2.5234649 2.1039736 1.7331524 3.2654946 3.2146690 3.0866061 2.5811601 2.2143031 2.7817456 2.5972675 2.7057375 2.5017050 2.4866745 2.4673499 2.5577985 2.4143829 2.4656844 2.1498162 2.3783197 2.8458302 2.8411331 2.5622836 2.7009815 2.7239346 2.6472561 2.4197965 2.8761455 2.3000620 4.3030604 2.9426286 2.4373079 2.6169178 3.2446634 2.8005971 2.2934708 2.8580991 3.9856530 3.7543324 2.5465262 2.4241497 2.2934627 2.4512493 0.3946254 0.3946254 0.0000010 0.0000000 0.1465458 2.3012365 2.7689559 2.6386812 3.0216339 3.2483507 3.0132279 3.2172134 2.8617042 4.3859552 
HoiH23_PlH23_002383-RA                                2.7587246 2.3622280 2.9711319 1.5275808 3.2207542 2.4074246 2.1539202 1.7755136 3.2928457 3.1652091 3.1191155 2.5866140 2.2194182 2.8541401 2.6701956 2.7428220 2.5203479 2.5021904 2.4956690 2.5941347 2.4043693 2.4898710 2.2359179 2.3993780 2.8821336 2.9747285 2.6149390 2.7594343 2.7293760 2.7245112 2.4168707 2.9291940 2.4093099 4.3460064 3.0328343 2.4275470 2.7398213 3.3487132 2.8491680 2.3552704 2.8845625 3.7456567 3.9546012 2.4803315 2.3721525 2.3226338 2.4814825 0.3719160 0.3719160 0.1465458 0.1465458 0.0000000 2.2598839 2.7863123 2.8077727 3.1152604 3.3727962 3.0679488 3.5198799 2.8946670 4.5502033 
Dpul_mRNA25518                                        2.5049970 2.2894873 2.7802406 1.7328368 3.5872459 3.4737850 2.5179558 2.4626003 3.7956559 3.4988648 3.7017696 2.4882002 1.9390113 2.4590148 2.3744013 2.6587059 2.7756204 2.5992498 2.6815481 2.7145307 2.1490749 2.1565813 2.2349776 2.1040633 2.7606232 2.9371423 2.5456780 2.7129793 2.6947325 2.6266039 2.1211959 3.0702401 1.8321382 4.2514421 3.0910939 2.5404638 3.1800462 3.1307493 2.9194314 2.2167995 3.0029812 2.7637489 3.5522898 2.4970634 2.6111149 2.6511906 1.9120660 2.2488094 2.2488094 2.3012365 2.3012365 2.2598839 0.0000000 2.9073051 3.0392926 3.1788738 3.1822159 3.1653064 3.7270612 2.7717629 4.5266131 
Spur_XM_003729029.3                                   2.6206947 2.3216009 3.2243254 1.5940378 3.6294456 2.9592366 2.6004704 2.3634980 3.2913974 3.2594682 3.1541973 2.7286907 2.4921561 2.6640059 2.5347471 2.7159215 2.6817719 2.6747653 2.5325618 2.5093624 2.3795258 2.2246522 1.7923901 2.6759471 3.0705225 3.0219743 2.4446409 2.6536086 2.7269179 2.5422867 2.4768448 2.6893913 2.3501439 4.1173427 3.2477051 2.3611044 2.9639203 3.4342665 3.1369532 2.1319257 3.2672531 3.6509617 3.4276331 3.5271575 2.7052047 2.6311214 2.8685003 2.7683944 2.7683944 2.7689559 2.7689559 2.7863123 2.9073051 0.0000000 2.8595032 3.3581572 3.2153807 3.1689286 3.5152053 3.1045726 3.7941336 
Morvir_scaffold84.g55.t1                              2.9590023 3.0719176 3.0188024 1.5815062 3.8314590 2.5350336 2.9550992 2.6224203 3.5671551 3.2660047 3.2597993 2.1149599 1.9428504 2.5301470 2.2920028 2.3058039 2.3693855 2.3069835 2.2961301 2.2846300 2.6454745 2.8683153 2.4492225 2.9179247 3.1190907 2.9237557 1.8128186 1.9133284 2.0492584 1.9993353 2.4975898 2.0165183 2.8072375 4.6258838 3.5465678 3.0203264 3.3698184 3.9371567 3.5499692 2.5485644 3.9084521 5.7503716 6.1094645 2.4037754 2.6553354 2.4210933 2.6874055 2.8184789 2.8184789 2.6386812 2.6386812 2.8077727 3.0392926 2.8595032 0.0000000 3.1306001 3.6453176 3.1297673 3.3225503 3.0016440 4.7124870 
Scil_scict011109.2                                    2.9845098 3.3538727 2.9248046 1.8844496 3.2615695 3.0407373 2.8525678 2.5096503 3.6121620 3.5353625 3.4028987 2.6498157 2.4838862 2.8592867 2.7357713 2.7774840 2.6972625 2.6761566 2.9693766 2.9286338 2.6903383 2.8451854 3.0885942 2.9354170 3.4812257 3.1754011 2.9548193 3.2428399 3.2379251 3.1511321 2.7021029 3.0776330 2.7632571 4.2144975 3.2978892 2.6107972 3.3202055 3.7509009 3.2118678 2.0967610 3.3479975 4.3274846 4.5557111 3.3461383 2.5129452 2.4324468 2.7556418 3.1698925 3.1698925 3.0216339 3.0216339 3.1152604 3.1788738 3.3581572 3.1306001 0.0000000 0.8783208 0.8649840 1.1165036 2.5549412 4.3219749 
Gracom_Gcom_C541640_01                                3.5469762 3.3569247 3.6248989 1.9954738 3.2905469 3.7361979 2.7868030 2.6144111 3.9039022 3.8696235 3.4566668 2.7568939 2.3007705 3.3401391 3.0565018 3.0705771 2.9617891 2.9082598 3.0841262 2.9880218 3.0789727 3.3518157 3.3726853 3.1454535 3.8041738 3.5682791 3.1339195 3.5453892 3.6863297 3.6577840 2.4735068 3.0117817 3.4163664 4.2749380 3.4702142 2.8895571 3.4408800 4.1186195 3.3289998 1.9073067 3.9332094 4.9557752 5.6470501 3.4721094 2.6705955 2.8697575 3.6094092 3.4058217 3.4058217 3.2483507 3.2483507 3.3727962 3.1822159 3.2153807 3.6453176 0.8783208 0.0000000 0.9175261 1.2257617 2.7107510 4.7289711 
Leuniv_Lniv_scaffold14188_01                          2.8212669 3.0479413 3.0713120 1.6957067 3.3172040 3.1724803 2.8905768 2.7527435 3.6645765 3.3693505 3.2561995 2.6448059 2.2622057 2.7314472 2.5984858 2.6136717 2.7249693 2.5582122 2.6213715 2.5479488 2.8429697 2.9816937 2.7577029 3.0179720 3.2666071 3.1113839 2.9563717 3.1119488 3.1992465 3.1120499 2.3695323 2.9657352 2.9653823 3.8985048 3.1380790 2.5018788 3.4482320 3.8308039 3.2176551 2.1670162 3.4610198 4.2666006 4.5005110 2.8940464 2.3305617 2.2354978 2.8516538 2.9878309 2.9878309 3.0132279 3.0132279 3.0679488 3.1653064 3.1689286 3.1297673 0.8649840 0.9175261 0.0000000 1.0867130 2.5640291 4.5320241 
Lcom_lcpid40462                                       3.5094546 3.4760938 3.4740633 2.0666953 3.4517671 3.2537394 3.0020558 2.8900911 3.9509442 4.0227448 3.8608293 2.9381933 2.6054213 3.2103560 3.0295115 2.9779294 2.9309035 2.8319418 3.0684207 2.9351738 2.8642267 3.1208379 3.0939980 3.0035911 3.3574262 3.1633869 3.3180821 3.3648895 3.4784981 3.2520157 2.5337539 3.3738480 3.1990071 4.0672055 3.2629625 2.9696002 3.1480805 3.7798162 3.2438950 2.6007901 3.5541642 4.5710794 4.1608907 3.6439510 2.8017396 2.8509693 3.4248998 3.3632485 3.3632485 3.2172134 3.2172134 3.5198799 3.7270612 3.5152053 3.3225503 1.1165036 1.2257617 1.0867130 0.0000000 3.0723161 4.0657000 
Clacor_Ccor_scaffold1034_01                           3.0937813 3.4048867 3.2028983 1.6164055 3.1932137 3.1691198 2.9607679 2.7491393 3.5981579 3.6952181 3.2318300 2.9593927 2.4185339 2.9677505 2.6607678 2.7352636 2.6654184 2.6038539 2.5931351 2.6375896 2.5805896 2.7343448 2.8897385 2.8278065 3.0162468 3.1119217 2.9074734 3.1535884 3.1467220 3.0656582 2.7124742 3.0921410 2.7032825 4.0610497 3.2001317 2.6687676 3.0673485 3.7282034 3.0009946 2.3513943 3.2700933 4.1618761 4.1468014 2.9760227 2.4722235 2.2106070 2.6435486 2.7003843 2.7003843 2.8617042 2.8617042 2.8946670 2.7717629 3.1045726 3.0016440 2.5549412 2.7107510 2.5640291 3.0723161 0.0000000 4.3387108 
