54
Hsap_ENST00000588649                                         0.0000000 1.5545710 2.2375152 2.2104421 2.4032498 2.4001218 2.5596606 2.3734363 2.4163968 2.3879922 2.0625016 2.2795963 2.2864556 1.2783770 2.4387412 1.0444864 1.1570768 2.3331922 1.6385483 2.6550160 2.5603250 2.5732591 2.6449073 2.6425730 1.8789647 1.9505056 2.0536763 3.8304540 2.4845745 2.5026808 2.6423027 2.6200091 2.5377840 2.6859041 1.7636130 2.0949322 1.5187688 2.1242065 2.2282995 4.3315388 1.9798700 4.2581024 3.9080241 3.2895155 4.9995355 5.9400165 4.1131781 2.5592660 2.5453642 3.0592711 2.5574786 2.8545894 5.2022802 4.4067806 
Bralan_BLAG02001688_1                                        1.5545710 0.0000000 2.0278973 2.1217552 2.1870225 2.1817773 2.2966759 2.1345573 2.2069335 2.2133804 1.8301064 1.9326751 2.1930694 1.2435912 2.1606230 1.0429104 1.0017660 2.0285494 1.4485830 2.3793651 2.2234257 2.2002560 2.3399387 2.3537701 1.7328135 1.7351648 1.8962786 3.4745141 2.2165167 2.2410542 2.3207718 2.4459463 2.3892679 2.4369242 1.6210121 1.8623797 1.4066931 1.9677658 1.7609115 4.0425321 1.7083271 3.8377517 3.7107378 2.8799927 3.9729334 5.6364083 3.9349535 2.3585538 2.5825902 2.7653442 2.3350567 2.1992144 3.8062713 3.2741916 
Exapal_XM_021059805.2                                        2.2375152 2.0278973 0.0000000 0.6038000 0.8597429 0.8387771 0.9123543 0.9156635 0.9347718 0.9092380 0.7946331 1.6802752 1.8212321 1.0674729 2.0849538 0.8747713 1.0671027 1.8753363 1.3996732 2.2307805 2.0126704 1.9803575 2.0640435 2.0965590 1.5141458 1.5212359 1.6214261 2.4036053 1.6795532 1.6862339 1.7289738 1.8030055 1.7688444 2.0825178 2.3281227 2.5166534 1.7881972 2.5247996 2.0384244 3.4687193 1.5244117 3.2211361 3.2616997 2.7080292 4.7828551 4.7008023 3.3890789 2.2246032 2.9429838 2.4639069 3.0629259 3.4425232 3.7833989 4.9657730 
Nvec_v1g103117                                               2.2104421 2.1217552 0.6038000 0.0000000 0.8773668 0.8654099 0.9259100 0.9776475 0.9655112 0.9538172 0.7937585 1.8762022 1.9810822 1.1140392 2.2839450 1.2667987 1.3325470 2.0806397 1.4986147 2.1801766 2.1702992 2.2127693 2.2383206 2.2665481 1.9064363 1.8614846 1.7964075 2.5200625 1.7315653 1.7891243 1.7648703 1.7554324 1.8783680 2.1598316 2.5779250 2.5463541 1.8986914 2.6949082 1.7917544 3.6407477 1.9788477 3.4159873 3.5229007 3.2212969 4.9249819 4.8557212 3.4441939 2.4212656 3.2401629 2.1730989 2.8134832 3.2566092 3.1716956 4.8627114 
Adig_XM_015897751.1                                          2.4032498 2.1870225 0.8597429 0.8773668 0.0000000 0.0158541 0.3079451 0.4999109 0.5743447 0.5409116 0.5246347 1.6598647 1.8028815 0.9898423 2.0793218 0.9375249 1.0953674 2.0027287 1.3475550 2.2021626 2.1082151 2.0849052 2.2165945 2.2459700 1.7087770 1.6785950 1.5821389 2.1939588 1.6709461 1.7459328 1.8798411 1.7838856 1.8010380 2.2031218 2.3238744 2.6206040 1.6726102 2.8147985 2.1094144 3.6362981 1.6325583 3.4105561 3.4248476 2.6067997 3.7399156 4.7248826 3.6221174 2.3049948 3.0105813 2.4945203 3.0866468 3.7780696 3.3958667 4.9523118 
Amil_Amillepora00763-RA                                      2.4001218 2.1817773 0.8387771 0.8654099 0.0158541 0.0000000 0.3034392 0.4992740 0.5662952 0.5330550 0.5170319 1.6509018 1.7880384 0.9743927 2.0599663 0.9135562 1.0689830 1.9789894 1.3340614 2.2024730 2.0885072 2.0663625 2.2177115 2.2470465 1.7115827 1.6786731 1.5872551 2.1839866 1.6515039 1.7267635 1.8618024 1.7805331 1.7931770 2.1498154 2.2674063 2.5671005 1.6523953 2.7823067 2.0759053 3.6145901 1.6347199 3.4482481 3.4417087 2.5920555 3.7399156 4.7025178 3.6231780 2.2824002 2.9550201 2.4664082 3.0582018 3.7399156 3.3576214 4.9066851 
Gfas_gfas1.m1.1252.m1                                        2.5596606 2.2966759 0.9123543 0.9259100 0.3079451 0.3034392 0.0000000 0.4652100 0.5196912 0.4858638 0.5194238 1.8004875 1.9122020 1.0373196 2.2159065 0.9724316 1.1230225 2.0504566 1.3839069 2.2810304 2.1576799 2.1122979 2.3051600 2.3242715 1.8234324 1.7080239 1.6375174 2.2093903 1.7147815 1.8019004 2.0366199 1.9917389 1.9731016 2.2460566 2.3966508 2.8751109 1.7043444 2.9883715 2.0693810 3.8166502 1.5976838 3.5738685 3.6751976 2.8283717 4.0219913 5.3047466 3.5261554 2.4671178 3.2285523 2.7602894 3.2907089 3.6585575 3.2815186 4.7471061 
Gasp_gasp1.m3.12653.m1                                       2.3734363 2.1345573 0.9156635 0.9776475 0.4999109 0.4992740 0.4652100 0.0000000 0.3468799 0.3267367 0.2860012 1.7771874 1.9103198 1.0021142 2.1540295 0.9164480 1.0788665 2.1236016 1.4513885 2.3004415 2.1478474 2.1028002 2.2681805 2.2730089 1.6993133 1.7203665 1.6059845 2.4448141 1.7984134 1.8111429 1.9318260 1.9137247 1.8929434 2.2043331 2.4235622 2.7193772 1.6348131 2.8665659 2.8966801 3.7163792 1.6386324 3.4678981 3.6178683 2.7980870 4.1158071 4.9910077 3.5556946 2.3307892 3.1385208 2.3036309 3.0718230 3.5062601 3.5723706 4.8144351 
Spis_XP_022780186_1                                          2.4163968 2.2069335 0.9347718 0.9655112 0.5743447 0.5662952 0.5196912 0.3468799 0.0000000 0.0732279 0.3831845 1.7286793 1.9378502 1.0706381 2.1658383 0.9086525 1.0542744 2.0325437 1.4378011 2.3522444 2.2061587 2.1779366 2.3766350 2.3864540 1.6996824 1.7390366 1.6881227 2.4357205 1.7748591 1.7847149 2.0201047 1.8773227 1.9089812 2.2113437 2.4373333 2.5596169 1.5868977 2.9095828 2.3256652 3.6788814 1.6008735 3.4184796 3.6490970 2.7567850 4.4136597 5.2124609 3.6992138 2.2543282 3.1259928 2.5936009 3.1514522 3.7454157 3.8491436 5.2445891 
Pocdam_XM_027187528.1                                        2.3879922 2.2133804 0.9092380 0.9538172 0.5409116 0.5330550 0.4858638 0.3267367 0.0732279 0.0000000 0.3679487 1.7162698 1.9173459 1.0424171 2.1697757 0.9127934 1.0478780 2.0403228 1.4181211 2.3454507 2.1873511 2.1471609 2.3667078 2.3719844 1.7119132 1.7321677 1.6810640 2.4410221 1.7488937 1.7616143 2.0210486 1.8820694 1.9373727 2.1927103 2.4511001 2.6333448 1.5987712 2.9321710 2.3256652 3.7581116 1.6306234 3.4206589 3.6774911 2.7775182 4.4136597 5.2034195 3.6442290 2.2935361 3.0973413 2.5190638 3.0495301 3.7966929 3.6557866 5.3001377 
Fspp_ffun1.m4.29191.m1                                       2.0625016 1.8301064 0.7946331 0.7937585 0.5246347 0.5170319 0.5194238 0.2860012 0.3831845 0.3679487 0.0000000 1.6672984 1.6095482 1.0467182 1.7554158 0.9406968 1.0803019 1.6153018 1.4210481 1.8917548 1.6592751 1.6822153 1.8761844 1.8802130 1.7242710 1.5108371 1.3130137 2.0200059 1.5918211 1.5618830 1.6115972 1.5474628 1.5974327 1.8001561 1.8460011 2.1730315 1.6879269 2.4004925 2.4285284 3.2296091 1.6823015 3.0465263 2.9845976 2.2230316 3.9990112 4.1822560 3.1007154 2.3026567 2.6580716 2.3833684 2.4582297 3.3858660 3.2906506 3.8628700 
Aque_Aqu2.1.22932_001                                        2.2795963 1.9326751 1.6802752 1.8762022 1.6598647 1.6509018 1.8004875 1.7771874 1.7286793 1.7162698 1.6672984 0.0000000 1.3950798 1.0675891 1.3822207 0.7642705 0.8803356 0.7271038 1.5438508 1.7781531 1.6456917 1.6246501 1.7565184 1.7583676 1.5901811 1.5111695 1.7352066 3.1395000 1.6949603 1.6918269 1.7376118 1.9931334 1.9235962 1.9779293 1.8663162 2.0347252 2.0368776 2.3581979 2.2446679 3.0867127 1.6574214 2.8304424 2.8549222 2.4363659 4.1092971 4.4429206 2.7582910 2.3598404 2.5132924 2.7775233 2.6945301 3.4192336 3.6015433 4.8244206 
Emue_Em0016g355a.t1                                          2.2864556 2.1930694 1.8212321 1.9810822 1.8028815 1.7880384 1.9122020 1.9103198 1.9378502 1.9173459 1.6095482 1.3950798 0.0000000 0.1208805 1.2808362 0.5760570 0.7097284 1.3731179 1.3915362 2.0492725 2.0726846 2.0339117 2.0330441 2.0442459 1.5040277 1.4900636 1.8963990 2.7189617 1.9477109 2.0074752 1.9692019 1.9370148 1.9578004 2.3108007 2.2193157 2.5401687 1.9149747 2.6096663 2.4434925 3.9008771 1.5203738 3.6125234 3.5742527 2.8492897 3.9606612 5.4015737 3.6687185 2.3850698 2.7186751 2.4730727 3.5296867 3.4640724 3.7656492 5.1542476 
Spolac_c94908_g3_i2_m.10696c102317-g2                        1.2783770 1.2435912 1.0674729 1.1140392 0.9898423 0.9743927 1.0373196 1.0021142 1.0706381 1.0424171 1.0467182 1.0675891 0.1208805 0.0000000 0.7232803 0.5756270 0.7393650 0.8618631 1.2864598 1.2724858 1.2848025 1.3282431 1.2399337 1.2520492 1.6657952 1.4087477 1.2753344 1.9592615 1.1947764 1.2209509 1.0993121 1.2849322 1.2156406 1.4755622 1.3324059 1.2594119 1.7720963 1.4127855 1.7843210 2.2428561 1.6826287 2.2596230 2.0527859 2.1218219 2.4086644 2.5028085 2.2223453 2.1758905 1.6493741 1.5384083 1.4173028 2.0006909 3.3260573 1.3465981 
Tetwil_g1539.t1                                              2.4387412 2.1606230 2.0849538 2.2839450 2.0793218 2.0599663 2.2159065 2.1540295 2.1658383 2.1697757 1.7554158 1.3822207 1.2808362 0.7232803 0.0000000 0.4525673 0.7897507 1.3659062 1.5381648 2.1468089 2.0878214 2.0615962 2.1523366 2.1770607 1.6931013 1.6461494 1.8672950 3.2117722 2.1063968 2.0988769 2.2814015 2.1532640 2.2548467 2.5262213 2.3740697 2.5724032 1.9007005 2.6933315 2.1055463 4.2460257 1.8180240 3.7213858 3.8468469 3.1892105 5.1416178 5.9362543 4.0148991 2.3342336 2.9216238 3.2217735 3.0214975 3.9302568 3.8808039 5.6982458 
Stycar_snap_masked-SC_scaffold6265-processed-gene-0.1-mRNA-1 1.0444864 1.0429104 0.8747713 1.2667987 0.9375249 0.9135562 0.9724316 0.9164480 0.9086525 0.9127934 0.9406968 0.7642705 0.5760570 0.5756270 0.4525673 0.0000000 0.6780249 0.7567385 1.1531136 1.1647899 1.1115350 1.0698844 1.0488531 1.0683468 1.2962014 1.0362347 1.0636939 0.9007725 1.0484148 0.9907068 0.9835279 1.0838796 1.0024370 1.0769123 1.1739096 1.2007853 1.4301219 1.2227176 2.1388381 1.7738526 1.5814523 1.6313553 1.7484136 1.6675723 0.0000010 2.2934424 1.7894359 1.8927618 1.4479214 1.0420154 0.9522059 1.1253877 2.5560261 0.8538385 
Plespi_Pspi_scaffold15966_01                                 1.1570768 1.0017660 1.0671027 1.3325470 1.0953674 1.0689830 1.1230225 1.0788665 1.0542744 1.0478780 1.0803019 0.8803356 0.7097284 0.7393650 0.7897507 0.6780249 0.0000000 0.8725024 1.0632548 1.1002845 0.9969065 1.0008110 1.0123437 1.0262072 1.2860909 1.0157553 1.1907785 1.5032551 1.0908782 1.0369526 1.0893247 1.1334805 1.0638400 1.0303311 1.2001253 1.2174171 1.4295190 1.1680205 2.2171398 1.8355399 1.6853621 1.7543653 1.6933626 1.7345511 0.0000010 2.1227656 1.8289639 1.8847469 1.5504387 0.9869871 1.0871343 1.2050669 1.8941493 1.6527209 
Halamb_c55976_g1_i4mm.6893                                   2.3331922 2.0285494 1.8753363 2.0806397 2.0027287 1.9789894 2.0504566 2.1236016 2.0325437 2.0403228 1.6153018 0.7271038 1.3731179 0.8618631 1.3659062 0.7567385 0.8725024 0.0000000 1.4288205 2.0204617 2.0008434 1.9685056 2.0144658 2.0277865 1.4367903 1.4273118 1.7416694 2.9232728 1.8716291 1.8746185 1.9582830 2.1926922 2.0342527 2.2680239 2.3432535 2.4744522 1.8804191 2.5263781 2.2020580 3.5691292 1.6183558 3.3705438 3.3075578 2.7830271 3.9731810 5.1736689 3.4638356 2.4221670 2.9559489 2.7374164 3.3227233 3.4456497 3.7556400 4.9827544 
Tadh_TriadT25308                                             1.6385483 1.4485830 1.3996732 1.4986147 1.3475550 1.3340614 1.3839069 1.4513885 1.4378011 1.4181211 1.4210481 1.5438508 1.3915362 1.2864598 1.5381648 1.1531136 1.0632548 1.4288205 0.0000000 0.0346404 0.2167690 0.2190279 0.2414711 0.2551551 1.4485557 1.4005326 1.7028971 2.4063646 1.5470105 1.5471941 1.5516746 1.5484586 1.5712859 1.6413328 1.6175346 1.8303063 2.1484656 1.6595166 2.4977860 3.1881202 2.2144289 2.9053935 2.6678413 2.7236273 3.2419088 3.6225274 2.9201272 2.8133502 2.1884779 2.1887578 1.7869004 1.8812740 3.0710071 2.9686929 
TrH2_TrispH2_011456-RA                                       2.6550160 2.3793651 2.2307805 2.1801766 2.2021626 2.2024730 2.2810304 2.3004415 2.3522444 2.3454507 1.8917548 1.7781531 2.0492725 1.2724858 2.1468089 1.1647899 1.1002845 2.0204617 0.0346404 0.0000000 0.3240993 0.3074823 0.3784986 0.3940126 1.5120608 1.6531615 2.0747341 2.9885497 2.1738692 2.1680902 2.1469618 2.1344128 2.1429150 2.3427064 2.3555585 2.7959250 2.1257421 2.6550391 2.7214838 4.2024949 2.1669680 3.8829100 3.5226195 3.0884036 3.1655559 5.2028146 3.7515751 2.7541234 2.9738809 2.7094569 3.1177698 3.3970952 4.2627809 6.1052829 
HoiH06_mRNA15083                                             2.5603250 2.2234257 2.0126704 2.1702992 2.1082151 2.0885072 2.1576799 2.1478474 2.2061587 2.1873511 1.6592751 1.6456917 2.0726846 1.2848025 2.0878214 1.1115350 0.9969065 2.0008434 0.2167690 0.3240993 0.0000000 0.0611120 0.1718186 0.1866400 1.5657217 1.6842616 2.0768781 3.1621362 2.1305299 2.1616700 2.0975670 2.0812010 2.0653059 2.2304304 2.3900100 2.6982091 2.0977671 2.5482120 2.5369437 3.9422750 2.1406581 3.5913788 3.2593930 3.0602015 3.2715889 4.6861812 3.5967780 2.5288647 3.0377418 2.5874527 2.6669243 3.2487718 4.3336764 5.0023285 
HoiH23_PlH23_004984-RA                                       2.5732591 2.2002560 1.9803575 2.2127693 2.0849052 2.0663625 2.1122979 2.1028002 2.1779366 2.1471609 1.6822153 1.6246501 2.0339117 1.3282431 2.0615962 1.0698844 1.0008110 1.9685056 0.2190279 0.3074823 0.0611120 0.0000000 0.1621781 0.1746280 1.5566987 1.6635232 2.0765349 3.0498653 2.1029442 2.1259155 2.0836216 2.0584757 2.0641215 2.1754990 2.3467758 2.6629926 2.1048668 2.5073077 2.5929055 3.9343221 2.1128215 3.5443881 3.2425910 3.0561580 3.2770736 4.7645039 3.5851281 2.6130560 2.9407909 2.6806729 2.7434640 3.1329787 4.1857972 4.9995388 
Hhon_g02852.t1                                               2.6449073 2.3399387 2.0640435 2.2383206 2.2165945 2.2177115 2.3051600 2.2681805 2.3766350 2.3667078 1.8761844 1.7565184 2.0330441 1.2399337 2.1523366 1.0488531 1.0123437 2.0144658 0.2414711 0.3784986 0.1718186 0.1621781 0.0000000 0.0130177 1.6220200 1.6925246 2.0523793 3.1003980 2.1374171 2.1591385 2.1488591 2.2264358 2.2198912 2.3177222 2.3805632 2.8469001 1.9895623 2.6596820 2.6823596 4.1280011 2.0045557 3.8649824 3.4126834 2.9523558 3.2587482 5.0400694 3.7674067 2.5499338 3.0896937 2.7822138 2.8788365 3.4271752 4.1788617 5.7033241 
HoiH04_mRNA14606                                             2.6425730 2.3537701 2.0965590 2.2665481 2.2459700 2.2470465 2.3242715 2.2730089 2.3864540 2.3719844 1.8802130 1.7583676 2.0442459 1.2520492 2.1770607 1.0683468 1.0262072 2.0277865 0.2551551 0.3940126 0.1866400 0.1746280 0.0130177 0.0000000 1.6483034 1.7209243 2.0592093 3.1250847 2.1532976 2.1723619 2.1453094 2.2561223 2.2372529 2.3366510 2.4043126 2.8563675 2.0411852 2.6436781 2.7403086 4.2045513 2.0473580 3.9244708 3.4665448 2.9849112 3.2196589 5.0911651 3.8335642 2.5473917 3.1171537 2.7198130 2.8940972 3.3944705 4.2082723 5.7305510 
Ocar_g1606                                                   1.8789647 1.7328135 1.5141458 1.9064363 1.7087770 1.7115827 1.8234324 1.6993133 1.6996824 1.7119132 1.7242710 1.5901811 1.5040277 1.6657952 1.6931013 1.2962014 1.2860909 1.4367903 1.4485557 1.5120608 1.5657217 1.5566987 1.6220200 1.6483034 0.0000000 0.0389234 1.8537226 2.3562256 1.6454660 1.6711485 1.5834209 1.7692825 1.7909236 1.6656833 1.7806572 1.9309004 2.3177600 1.7914312 8.9999987 2.8412538 1.8735409 2.5350356 2.3599494 2.5469500 4.0106289 3.4814855 2.5065857 2.5791022 2.2398183 2.2781526 2.2612942 2.3235329 3.5785474 2.4108810 
Opea_EP00118_Oscarella_pearsei_P017318                       1.9505056 1.7351648 1.5212359 1.8614846 1.6785950 1.6786731 1.7080239 1.7203665 1.7390366 1.7321677 1.5108371 1.5111695 1.4900636 1.4087477 1.6461494 1.0362347 1.0157553 1.4273118 1.4005326 1.6531615 1.6842616 1.6635232 1.6925246 1.7209243 0.0389234 0.0000000 1.7462634 2.6930323 1.6538734 1.6639526 1.5833930 1.7581503 1.7599475 1.7687313 1.9105691 1.9886206 1.9324680 1.9394271 2.1608954 2.6374494 1.5314714 2.4347847 2.3401235 2.4608737 4.2170510 4.1414968 2.4455931 2.0129666 2.3265371 2.6433208 2.1781236 2.9042542 1.6846212 4.5854996 
Chem_TCONS_00029700                                          2.0536763 1.8962786 1.6214261 1.7964075 1.5821389 1.5872551 1.6375174 1.6059845 1.6881227 1.6810640 1.3130137 1.7352066 1.8963990 1.2753344 1.8672950 1.0636939 1.1907785 1.7416694 1.7028971 2.0747341 2.0768781 2.0765349 2.0523793 2.0592093 1.8537226 1.7462634 0.0000000 1.8801031 1.1550263 1.1498652 1.2274379 1.5046292 1.5513504 1.4688530 2.3277304 2.0498115 2.1723371 2.2007342 2.1476382 3.1508857 1.7402362 2.9242209 3.0101660 3.0690103 4.9284507 4.8337433 3.2217496 2.5793779 2.3669431 0.8136162 2.2936206 3.2717585 4.6525333 6.2549566 
Aaur_scaffold658.g2.t1                                       3.8304540 3.4745141 2.4036053 2.5200625 2.1939588 2.1839866 2.2093903 2.4448141 2.4357205 2.4410221 2.0200059 3.1395000 2.7189617 1.9592615 3.2117722 0.9007725 1.5032551 2.9232728 2.4063646 2.9885497 3.1621362 3.0498653 3.1003980 3.1250847 2.3562256 2.6930323 1.8801031 0.0000000 0.5895423 0.6166414 0.6535845 2.4290974 2.5542418 2.5473551 3.8600722 3.7300971 3.9995852 3.5637203 0.0000010 5.9949860 1.1306646 5.7758937 4.8406150 4.5361359 4.1481515 5.5104849 5.3669069 3.0767747 4.1878794 2.0253844 6.1639353 3.4162852 3.8236765 3.9457401 
Nemnom_g18745.t1                                             2.4845745 2.2165167 1.6795532 1.7315653 1.6709461 1.6515039 1.7147815 1.7984134 1.7748591 1.7488937 1.5918211 1.6949603 1.9477109 1.1947764 2.1063968 1.0484148 1.0908782 1.8716291 1.5470105 2.1738692 2.1305299 2.1029442 2.1374171 2.1532976 1.6454660 1.6538734 1.1550263 0.5895423 0.0000000 0.1637444 0.6174158 1.5654779 1.6680500 1.7106873 2.3033197 2.5915366 2.0568951 2.6073057 2.0516408 3.6169589 1.6427998 3.2038257 3.4365600 2.8230131 4.2561461 4.5895725 3.3245928 2.1770792 2.9270008 1.8037327 3.4422594 3.2284069 3.6375848 4.4671818 
Rhoesc_Res_015215-T1                                         2.5026808 2.2410542 1.6862339 1.7891243 1.7459328 1.7267635 1.8019004 1.8111429 1.7847149 1.7616143 1.5618830 1.6918269 2.0074752 1.2209509 2.0988769 0.9907068 1.0369526 1.8746185 1.5471941 2.1680902 2.1616700 2.1259155 2.1591385 2.1723619 1.6711485 1.6639526 1.1498652 0.6166414 0.1637444 0.0000000 0.6159637 1.6213040 1.7123484 1.7221484 2.3708215 2.5793904 2.0154138 2.6225146 1.9790624 3.5144397 1.6683109 3.1667995 3.3683709 2.7624231 4.2481128 4.5681078 3.3186232 2.1043745 2.9385787 1.8073465 3.4128830 3.2848717 3.7550522 4.5595381 
Sanmal_Sma_022141-T1                                         2.6423027 2.3207718 1.7289738 1.7648703 1.8798411 1.8618024 2.0366199 1.9318260 2.0201047 2.0210486 1.6115972 1.7376118 1.9692019 1.0993121 2.2814015 0.9835279 1.0893247 1.9582830 1.5516746 2.1469618 2.0975670 2.0836216 2.1488591 2.1453094 1.5834209 1.5833930 1.2274379 0.6535845 0.6174158 0.6159637 0.0000000 1.7874290 1.8909359 1.7052953 2.2876737 2.4916061 2.0845158 2.6266790 1.9875919 3.8061406 1.8132675 3.4254813 3.3530084 2.7581646 4.2280328 4.6903316 3.5624266 2.1028656 3.0047642 1.8775561 3.4858333 3.4342313 4.0216144 4.4954932 
Dgig_XM_028551800.1                                          2.6200091 2.4459463 1.8030055 1.7554324 1.7838856 1.7805331 1.9917389 1.9137247 1.8773227 1.8820694 1.5474628 1.9931334 1.9370148 1.2849322 2.1532640 1.0838796 1.1334805 2.1926922 1.5484586 2.1344128 2.0812010 2.0584757 2.2264358 2.2561223 1.7692825 1.7581503 1.5046292 2.4290974 1.5654779 1.6213040 1.7874290 0.0000000 0.4986454 2.0837485 2.3758943 2.5613832 2.0446791 2.6876479 2.1718181 3.8637212 1.6592248 3.6851831 3.4770026 2.9813606 4.9282603 5.8189678 3.6816019 2.5102481 2.9168148 2.3983145 3.1517545 4.0539737 3.5651862 5.1565688 
Xesp_007482-T1                                               2.5377840 2.3892679 1.7688444 1.8783680 1.8010380 1.7931770 1.9731016 1.8929434 1.9089812 1.9373727 1.5974327 1.9235962 1.9578004 1.2156406 2.2548467 1.0024370 1.0638400 2.0342527 1.5712859 2.1429150 2.0653059 2.0641215 2.2198912 2.2372529 1.7909236 1.7599475 1.5513504 2.5542418 1.6680500 1.7123484 1.8909359 0.4986454 0.0000000 2.2944124 2.2875358 2.5142020 1.8105319 2.5503288 2.2839656 3.6755825 1.5354242 3.6201042 3.4780466 2.8586788 5.3567695 5.7603725 3.6976756 2.3591276 3.0375539 2.6360474 3.0359717 4.0962444 3.8932366 4.7703281 
Morvir_scaffold75.g2.t1                                      2.6859041 2.4369242 2.0825178 2.1598316 2.2031218 2.1498154 2.2460566 2.2043331 2.2113437 2.1927103 1.8001561 1.9779293 2.3108007 1.4755622 2.5262213 1.0769123 1.0303311 2.2680239 1.6413328 2.3427064 2.2304304 2.1754990 2.3177222 2.3366510 1.6656833 1.7687313 1.4688530 2.5473551 1.7106873 1.7221484 1.7052953 2.0837485 2.2944124 0.0000000 2.4916735 2.6137868 1.7878265 2.6764967 1.8241939 3.8839930 1.8213428 3.8676141 3.6931473 2.7344690 4.3450622 5.3239003 3.4611453 2.0823734 2.7416241 2.4039666 3.2969869 4.1868864 4.5259218 6.0621858 
Dpul_mRNA10022                                               1.7636130 1.6210121 2.3281227 2.5779250 2.3238744 2.2674063 2.3966508 2.4235622 2.4373333 2.4511001 1.8460011 1.8663162 2.2193157 1.3324059 2.3740697 1.1739096 1.2001253 2.3432535 1.6175346 2.3555585 2.3900100 2.3467758 2.3805632 2.4043126 1.7806572 1.9105691 2.3277304 3.8600722 2.3033197 2.3708215 2.2876737 2.3758943 2.2875358 2.4916735 0.0000000 1.3965080 1.2893098 1.4036167 1.8285510 3.6097849 1.5956775 3.6032052 3.3905001 2.8234684 4.0463401 5.0857875 3.5736876 2.3625974 2.2082436 3.0087875 2.4668090 2.6394405 5.0565781 2.7746275 
Cscu_XM_023377774.1                                          2.0949322 1.8623797 2.5166534 2.5463541 2.6206040 2.5671005 2.8751109 2.7193772 2.5596169 2.6333448 2.1730315 2.0347252 2.5401687 1.2594119 2.5724032 1.2007853 1.2174171 2.4744522 1.8303063 2.7959250 2.6982091 2.6629926 2.8469001 2.8563675 1.9309004 1.9886206 2.0498115 3.7300971 2.5915366 2.5793904 2.4916061 2.5613832 2.5142020 2.6137868 1.3965080 0.0000000 1.3989952 1.7290996 1.5943514 3.9976373 1.8731947 3.8149783 3.3779064 2.9684699 4.0284229 4.8162756 3.8923799 2.3999765 2.3922495 3.0267537 2.6798878 3.1185844 4.2386750 2.6974032 
Ctel_gnl_WGS_AMQN_CAPTEDRAFT_mRNA156688                      1.5187688 1.4066931 1.7881972 1.8986914 1.6726102 1.6523953 1.7043444 1.6348131 1.5868977 1.5987712 1.6879269 2.0368776 1.9149747 1.7720963 1.9007005 1.4301219 1.4295190 1.8804191 2.1484656 2.1257421 2.0977671 2.1048668 1.9895623 2.0411852 2.3177600 1.9324680 2.1723371 3.9995852 2.0568951 2.0154138 2.0845158 2.0446791 1.8105319 1.7878265 1.2893098 1.3989952 0.0000000 1.3024843 1.6177371 2.5613540 1.8475231 2.6339309 2.4443378 2.4678097 4.3564735 4.3474464 2.4809085 2.5117525 1.8055146 2.8549365 1.4346268 2.4621448 2.1302675 1.1822202 
Tcas_TC006188_001                                            2.1242065 1.9677658 2.5247996 2.6949082 2.8147985 2.7823067 2.9883715 2.8665659 2.9095828 2.9321710 2.4004925 2.3581979 2.6096663 1.4127855 2.6933315 1.2227176 1.1680205 2.5263781 1.6595166 2.6550391 2.5482120 2.5073077 2.6596820 2.6436781 1.7914312 1.9394271 2.2007342 3.5637203 2.6073057 2.6225146 2.6266790 2.6876479 2.5503288 2.6764967 1.4036167 1.7290996 1.3024843 0.0000000 1.5507888 4.1805488 1.8432922 3.9254272 3.7909734 3.1192903 4.2453285 5.2502966 3.8975202 2.6192413 2.7111939 3.0213400 2.7118121 3.1524160 5.7144726 3.6995072 
Lcom_lcpid227937                                             2.2282995 1.7609115 2.0384244 1.7917544 2.1094144 2.0759053 2.0693810 2.8966801 2.3256652 2.3256652 2.4285284 2.2446679 2.4434925 1.7843210 2.1055463 2.1388381 2.2171398 2.2020580 2.4977860 2.7214838 2.5369437 2.5929055 2.6823596 2.7403086 8.9999987 2.1608954 2.1476382 0.0000010 2.0516408 1.9790624 1.9875919 2.1718181 2.2839656 1.8241939 1.8285510 1.5943514 1.6177371 1.5507888 0.0000000 2.2595066 2.2313652 2.2948134 1.9898329 2.1691847 0.0000010 0.0000010 2.4372299 2.0056141 1.9865346 0.0000010 1.5687730 8.5899039 0.0000010 1.0238801 
Mlei_ML0388.g27.i1                                           4.3315388 4.0425321 3.4687193 3.6407477 3.6362981 3.6145901 3.8166502 3.7163792 3.6788814 3.7581116 3.2296091 3.0867127 3.9008771 2.2428561 4.2460257 1.7738526 1.8355399 3.5691292 3.1881202 4.2024949 3.9422750 3.9343221 4.1280011 4.2045513 2.8412538 2.6374494 3.1508857 5.9949860 3.6169589 3.5144397 3.8061406 3.8637212 3.6755825 3.8839930 3.6097849 3.9976373 2.5613540 4.1805488 2.2595066 0.0000000 0.5276033 0.7902372 0.9492479 0.8454997 0.9332520 1.3033069 1.1601671 0.7626945 4.1890486 4.4856255 4.5205246 6.4225307 6.6500518 8.4712705 
Drygla_Dgla_sb282507                                         1.9798700 1.7083271 1.5244117 1.9788477 1.6325583 1.6347199 1.5976838 1.6386324 1.6008735 1.6306234 1.6823015 1.6574214 1.5203738 1.6826287 1.8180240 1.5814523 1.6853621 1.6183558 2.2144289 2.1669680 2.1406581 2.1128215 2.0045557 2.0473580 1.8735409 1.5314714 1.7402362 1.1306646 1.6427998 1.6683109 1.8132675 1.6592248 1.5354242 1.8213428 1.5956775 1.8731947 1.8475231 1.8432922 2.2313652 0.5276033 0.0000000 0.5312966 0.5530795 0.5873001 0.0000010 1.5973111 0.7153375 0.7474677 1.8141857 1.5599036 1.8102855 3.0596726 1.4987737 1.6262209 
Beraby_Baby_sb345178                                         4.2581024 3.8377517 3.2211361 3.4159873 3.4105561 3.4482481 3.5738685 3.4678981 3.4184796 3.4206589 3.0465263 2.8304424 3.6125234 2.2596230 3.7213858 1.6313553 1.7543653 3.3705438 2.9053935 3.8829100 3.5913788 3.5443881 3.8649824 3.9244708 2.5350356 2.4347847 2.9242209 5.7758937 3.2038257 3.1667995 3.4254813 3.6851831 3.6201042 3.8676141 3.6032052 3.8149783 2.6339309 3.9254272 2.2948134 0.7902372 0.5312966 0.0000000 0.9985744 0.7798985 0.8752766 1.3269996 1.1186088 0.8174724 3.9109918 3.8647812 3.9854414 6.4688762 6.5999557 7.8245800 
Lampan_Lpan_C420127_01                                       3.9080241 3.7107378 3.2616997 3.5229007 3.4248476 3.4417087 3.6751976 3.6178683 3.6490970 3.6774911 2.9845976 2.8549222 3.5742527 2.0527859 3.8468469 1.7484136 1.6933626 3.3075578 2.6678413 3.5226195 3.2593930 3.2425910 3.4126834 3.4665448 2.3599494 2.3401235 3.0101660 4.8406150 3.4365600 3.3683709 3.3530084 3.4770026 3.4780466 3.6931473 3.3905001 3.3779064 2.4443378 3.7909734 1.9898329 0.9492479 0.5530795 0.9985744 0.0000000 0.6066990 0.7327794 1.0970455 1.1380256 0.7722048 3.5918833 4.2094166 4.4721539 5.8462397 6.2376004 8.2946110 
Vmul_sbMO430411                                              3.2895155 2.8799927 2.7080292 3.2212969 2.6067997 2.5920555 2.8283717 2.7980870 2.7567850 2.7775182 2.2230316 2.4363659 2.8492897 2.1218219 3.1892105 1.6675723 1.7345511 2.7830271 2.7236273 3.0884036 3.0602015 3.0561580 2.9523558 2.9849112 2.5469500 2.4608737 3.0690103 4.5361359 2.8230131 2.7624231 2.7581646 2.9813606 2.8586788 2.7344690 2.8234684 2.9684699 2.4678097 3.1192903 2.1691847 0.8454997 0.5873001 0.7798985 0.6066990 0.0000000 0.4761946 0.4985781 0.9409458 0.7759789 3.2727721 3.6706087 3.2299027 5.1083114 5.1487191 7.4474064 
Coeast_Cast_sb756457                                         4.9995355 3.9729334 4.7828551 4.9249819 3.7399156 3.7399156 4.0219913 4.1158071 4.4136597 4.4136597 3.9990112 4.1092971 3.9606612 2.4086644 5.1416178 0.0000010 0.0000010 3.9731810 3.2419088 3.1655559 3.2715889 3.2770736 3.2587482 3.2196589 4.0106289 4.2170510 4.9284507 4.1481515 4.2561461 4.2481128 4.2280328 4.9282603 5.3567695 4.3450622 4.0463401 4.0284229 4.3564735 4.2453285 0.0000010 0.9332520 0.0000010 0.8752766 0.7327794 0.4761946 0.0000000 0.0414322 1.1652160 0.9125071 5.1332017 3.9779721 5.2229863 4.3711684 2.5533604 3.7176929 
Coemet_Cmet_scaffold22665_01                                 5.9400165 5.6364083 4.7008023 4.8557212 4.7248826 4.7025178 5.3047466 4.9910077 5.2124609 5.2034195 4.1822560 4.4429206 5.4015737 2.5028085 5.9362543 2.2934424 2.1227656 5.1736689 3.6225274 5.2028146 4.6861812 4.7645039 5.0400694 5.0911651 3.4814855 4.1414968 4.8337433 5.5104849 4.5895725 4.5681078 4.6903316 5.8189678 5.7603725 5.3239003 5.0857875 4.8162756 4.3474464 5.2502966 0.0000010 1.3033069 1.5973111 1.3269996 1.0970455 0.4985781 0.0414322 0.0000000 1.6431983 0.7990710 6.4955205 5.2602894 6.9422510 6.0888462 7.0584729 8.2721006 
Horcal_Hcv1.av93.c6.g1271.i2                                 4.1131781 3.9349535 3.3890789 3.4441939 3.6221174 3.6231780 3.5261554 3.5556946 3.6992138 3.6442290 3.1007154 2.7582910 3.6687185 2.2223453 4.0148991 1.7894359 1.8289639 3.4638356 2.9201272 3.7515751 3.5967780 3.5851281 3.7674067 3.8335642 2.5065857 2.4455931 3.2217496 5.3669069 3.3245928 3.3186232 3.5624266 3.6816019 3.6976756 3.4611453 3.5736876 3.8923799 2.4809085 3.8975202 2.4372299 1.1601671 0.7153375 1.1186088 1.1380256 0.9409458 1.1652160 1.6431983 0.0000000 0.0923231 4.1418818 4.8273452 4.6502544 6.4169040 6.4275955 8.1865421 
Pbac_sb2662334                                               2.5592660 2.3585538 2.2246032 2.4212656 2.3049948 2.2824002 2.4671178 2.3307892 2.2543282 2.2935361 2.3026567 2.3598404 2.3850698 2.1758905 2.3342336 1.8927618 1.8847469 2.4221670 2.8133502 2.7541234 2.5288647 2.6130560 2.5499338 2.5473917 2.5791022 2.0129666 2.5793779 3.0767747 2.1770792 2.1043745 2.1028656 2.5102481 2.3591276 2.0823734 2.3625974 2.3999765 2.5117525 2.6192413 2.0056141 0.7626945 0.7474677 0.8174724 0.7722048 0.7759789 0.9125071 0.7990710 0.0923231 0.0000000 2.8580955 3.1878860 2.4541384 3.7433092 1.1847528 1.1973826 
Cgig_XM_011424533.3                                          2.5453642 2.5825902 2.9429838 3.2401629 3.0105813 2.9550201 3.2285523 3.1385208 3.1259928 3.0973413 2.6580716 2.5132924 2.7186751 1.6493741 2.9216238 1.4479214 1.5504387 2.9559489 2.1884779 2.9738809 3.0377418 2.9407909 3.0896937 3.1171537 2.2398183 2.3265371 2.3669431 4.1878794 2.9270008 2.9385787 3.0047642 2.9168148 3.0375539 2.7416241 2.2082436 2.3922495 1.8055146 2.7111939 1.9865346 4.1890486 1.8141857 3.9109918 3.5918833 3.2727721 5.1332017 6.4955205 4.1418818 2.8580955 0.0000000 3.6025713 3.1690322 4.0928493 5.3499997 4.1373198 
Hvul_g28158_1                                                3.0592711 2.7653442 2.4639069 2.1730989 2.4945203 2.4664082 2.7602894 2.3036309 2.5936009 2.5190638 2.3833684 2.7775233 2.4730727 1.5384083 3.2217735 1.0420154 0.9869871 2.7374164 2.1887578 2.7094569 2.5874527 2.6806729 2.7822138 2.7198130 2.2781526 2.6433208 0.8136162 2.0253844 1.8037327 1.8073465 1.8775561 2.3983145 2.6360474 2.4039666 3.0087875 3.0267537 2.8549365 3.0213400 0.0000010 4.4856255 1.5599036 3.8647812 4.2094166 3.6706087 3.9779721 5.2602894 4.8273452 3.1878860 3.6025713 0.0000000 3.9024882 3.7627691 4.7508203 4.2819788 
Skow_XM_006819817.1                                          2.5574786 2.3350567 3.0629259 2.8134832 3.0866468 3.0582018 3.2907089 3.0718230 3.1514522 3.0495301 2.4582297 2.6945301 3.5296867 1.4173028 3.0214975 0.9522059 1.0871343 3.3227233 1.7869004 3.1177698 2.6669243 2.7434640 2.8788365 2.8940972 2.2612942 2.1781236 2.2936206 6.1639353 3.4422594 3.4128830 3.4858333 3.1517545 3.0359717 3.2969869 2.4668090 2.6798878 1.4346268 2.7118121 1.5687730 4.5205246 1.8102855 3.9854414 4.4721539 3.2299027 5.2229863 6.9422510 4.6502544 2.4541384 3.1690322 3.9024882 0.0000000 4.0022316 8.9999981 7.6599362 
Spur_XM_030987414.1                                          2.8545894 2.1992144 3.4425232 3.2566092 3.7780696 3.7399156 3.6585575 3.5062601 3.7454157 3.7966929 3.3858660 3.4192336 3.4640724 2.0006909 3.9302568 1.1253877 1.2050669 3.4456497 1.8812740 3.3970952 3.2487718 3.1329787 3.4271752 3.3944705 2.3235329 2.9042542 3.2717585 3.4162852 3.2284069 3.2848717 3.4342313 4.0539737 4.0962444 4.1868864 2.6394405 3.1185844 2.4621448 3.1524160 8.5899039 6.4225307 3.0596726 6.4688762 5.8462397 5.1083114 4.3711684 6.0888462 6.4169040 3.7433092 4.0928493 3.7627691 4.0022316 0.0000000 4.6383515 3.8123975 
Plajan_Pjan_scaffold3363_01                                  5.2022802 3.8062713 3.7833989 3.1716956 3.3958667 3.3576214 3.2815186 3.5723706 3.8491436 3.6557866 3.2906506 3.6015433 3.7656492 3.3260573 3.8808039 2.5560261 1.8941493 3.7556400 3.0710071 4.2627809 4.3336764 4.1857972 4.1788617 4.2082723 3.5785474 1.6846212 4.6525333 3.8236765 3.6375848 3.7550522 4.0216144 3.5651862 3.8932366 4.5259218 5.0565781 4.2386750 2.1302675 5.7144726 0.0000010 6.6500518 1.4987737 6.5999557 6.2376004 5.1487191 2.5533604 7.0584729 6.4275955 1.1847528 5.3499997 4.7508203 8.9999981 4.6383515 0.0000000 4.3009811 
Acagra_model.g29971.t1                                       4.4067806 3.2741916 4.9657730 4.8627114 4.9523118 4.9066851 4.7471061 4.8144351 5.2445891 5.3001377 3.8628700 4.8244206 5.1542476 1.3465981 5.6982458 0.8538385 1.6527209 4.9827544 2.9686929 6.1052829 5.0023285 4.9995388 5.7033241 5.7305510 2.4108810 4.5854996 6.2549566 3.9457401 4.4671818 4.5595381 4.4954932 5.1565688 4.7703281 6.0621858 2.7746275 2.6974032 1.1822202 3.6995072 1.0238801 8.4712705 1.6262209 7.8245800 8.2946110 7.4474064 3.7176929 8.2721006 8.1865421 1.1973826 4.1373198 4.2819788 7.6599362 3.8123975 4.3009811 0.0000000 
