25
Bralan_BLAG14000767_1                   0.0000000 0.5697417 0.5455980 0.8417986 0.8288703 0.6672876 0.6938998 0.6925641 0.6474388 0.6070672 1.0629195 0.7490307 0.8015761 0.7481975 0.7898263 0.8821713 0.7734605 0.9253493 0.8524522 0.8209198 0.7637730 0.5941557 0.8769308 0.8773547 1.9392008 
Spur_XM_790908.5                        0.5697417 0.0000000 0.3819107 0.6764912 0.7604233 0.5345910 0.5916958 0.5838037 0.5478828 0.5167041 0.6580967 0.6789289 0.7123830 0.7062565 0.7001166 0.7299068 0.5972580 0.7186814 0.8799185 0.6237732 0.5818106 0.6221206 0.7140032 0.6851722 1.2025002 
Skow_XM_002740181.2                     0.5455980 0.3819107 0.0000000 0.7437767 0.7618864 0.5639778 0.5675829 0.6178941 0.5523533 0.5138710 0.7044167 0.6502176 0.7040338 0.7482357 0.7405149 0.7121151 0.6207956 0.7746274 0.8414770 0.5624743 0.6006798 0.5014516 0.6978284 0.7166863 1.2295166 
Exapal_XM_021041580.2                   0.8417986 0.6764912 0.7437767 0.0000000 0.2253818 0.3335840 0.3729416 0.3469575 0.3929712 0.3808337 0.6123164 0.3395255 0.3935420 0.5362458 0.5093391 0.5882705 0.5968315 0.7062218 0.7993308 0.7200071 0.7355416 0.8386163 1.0940572 1.1332910 0.8155778 
Nvec_v1g234970                          0.8288703 0.7604233 0.7618864 0.2253818 0.0000000 0.3545253 0.3548335 0.3502363 0.4053623 0.4071359 0.6306868 0.3932577 0.4609138 0.5364389 0.5784922 0.5847019 0.7165134 0.8120422 0.7525620 0.9008755 0.7658692 0.8913586 1.1728014 1.2086959 0.8167116 
Gfas_gfas1.m1.5946.m1                   0.6672876 0.5345910 0.5639778 0.3335840 0.3545253 0.0000000 0.0752355 0.0829298 0.1023952 0.1182174 0.3359928 0.4038042 0.4400994 0.4526975 0.4626943 0.4552786 0.6020038 0.6645350 0.5721513 0.7566388 0.6350572 0.6978544 0.9905403 0.9867571 0.5099167 
Fspp_ffun1.m4.29789.m1                  0.6938998 0.5916958 0.5675829 0.3729416 0.3548335 0.0752355 0.0000000 0.0602878 0.1226310 0.1193966 0.4347898 0.4315430 0.4707493 0.4968012 0.4983329 0.4596115 0.6300355 0.5814189 0.5773134 0.8134723 0.6979148 0.7186263 1.0685508 1.0655570 0.6822023 
Gasp_gasp1.m3.6459.m1                   0.6925641 0.5838037 0.6178941 0.3469575 0.3502363 0.0829298 0.0602878 0.0000000 0.0692086 0.0847876 0.3515253 0.4163036 0.4610223 0.4973585 0.5031357 0.4896847 0.5879571 0.6499902 0.5746189 0.8180176 0.6759203 0.7973310 1.1098352 1.1049494 0.5488441 
Spis_XP_022788653_1                     0.6474388 0.5478828 0.5523533 0.3929712 0.4053623 0.1023952 0.1226310 0.0692086 0.0000000 0.0284660 0.3692180 0.4211828 0.4852431 0.4706076 0.5010642 0.5604599 0.6492339 0.6348077 0.6069625 0.8763945 0.6594742 0.7713714 0.9878295 0.9883747 0.5714516 
Pocdam_XM_027203896.1                   0.6070672 0.5167041 0.5138710 0.3808337 0.4071359 0.1182174 0.1193966 0.0847876 0.0284660 0.0000000 0.3550774 0.4225395 0.4854151 0.4605818 0.4902807 0.5300177 0.6325401 0.5990597 0.5991862 0.8243623 0.6455004 0.7093367 0.9630264 0.9645515 0.5693165 
Amil_Amillepora24046-RA                 1.0629195 0.6580967 0.7044167 0.6123164 0.6306868 0.3359928 0.4347898 0.3515253 0.3692180 0.3550774 0.0000000 0.6780885 0.7053648 0.8435295 0.8427278 0.7748797 0.6931979 0.7260322 0.7705863 0.9660606 0.8451315 0.8869671 1.3979892 1.3998870 0.0000010 
Dgig_XM_028551098.1                     0.7490307 0.6789289 0.6502176 0.3395255 0.3932577 0.4038042 0.4315430 0.4163036 0.4211828 0.4225395 0.6780885 0.0000000 0.0766478 0.5258876 0.5571646 0.6734951 0.6093710 0.6580125 0.7043753 0.7686526 0.7956309 0.9121086 0.9032835 0.9488316 0.9910489 
Xesp_015366-T1                          0.8015761 0.7123830 0.7040338 0.3935420 0.4609138 0.4400994 0.4707493 0.4610223 0.4852431 0.4854151 0.7053648 0.0766478 0.0000000 0.5726297 0.6091515 0.7003619 0.6369107 0.7053650 0.7484881 0.7885949 0.8622202 0.9557904 0.8858097 0.9343595 1.0710864 
Nemnom_g5636.t1                         0.7481975 0.7062565 0.7482357 0.5362458 0.5364389 0.4526975 0.4968012 0.4973585 0.4706076 0.4605818 0.8435295 0.5258876 0.5726297 0.0000000 0.0292216 0.2237054 0.7185672 0.8031130 0.9362103 0.9518483 0.8954197 0.8237541 1.0995953 1.1226482 1.4336087 
Rhoesc_Res_007583-T1                    0.7898263 0.7001166 0.7405149 0.5093391 0.5784922 0.4626943 0.4983329 0.5031357 0.5010642 0.4902807 0.8427278 0.5571646 0.6091515 0.0292216 0.0000000 0.1924786 0.7034885 0.7844289 0.9471407 0.9287827 0.8753722 0.8337568 1.0359539 1.0622837 1.3768457 
Sanmal_Sma_015177-T1                    0.8821713 0.7299068 0.7121151 0.5882705 0.5847019 0.4552786 0.4596115 0.4896847 0.5604599 0.5300177 0.7748797 0.6734951 0.7003619 0.2237054 0.1924786 0.0000000 0.7798933 0.9936665 1.0061822 0.9531111 0.7850840 0.7201834 1.2137976 1.2369317 1.2386810 
Cscu_XM_023360633.1                     0.7734605 0.5972580 0.6207956 0.5968315 0.7165134 0.6020038 0.6300355 0.5879571 0.6492339 0.6325401 0.6931979 0.6093710 0.6369107 0.7185672 0.7034885 0.7798933 0.0000000 0.5513492 0.5985215 0.5603625 0.5529636 0.6519424 0.7532949 0.7733380 1.0532662 
Tcas_TC013327_001                       0.9253493 0.7186814 0.7746274 0.7062218 0.8120422 0.6645350 0.5814189 0.6499902 0.6348077 0.5990597 0.7260322 0.6580125 0.7053650 0.8031130 0.7844289 0.9936665 0.5513492 0.0000000 0.4444262 0.8378398 0.6519310 0.8488512 0.8790310 0.8760345 1.1721029 
Dpul_mRNA1149                           0.8524522 0.8799185 0.8414770 0.7993308 0.7525620 0.5721513 0.5773134 0.5746189 0.6069625 0.5991862 0.7705863 0.7043753 0.7484881 0.9362103 0.9471407 1.0061822 0.5985215 0.4444262 0.0000000 0.9371871 0.6473250 0.8209789 1.0407369 1.0482603 1.1829429 
Cgig_XM_034462370.1                     0.8209198 0.6237732 0.5624743 0.7200071 0.9008755 0.7566388 0.8134723 0.8180176 0.8763945 0.8243623 0.9660606 0.7686526 0.7885949 0.9518483 0.9287827 0.9531111 0.5603625 0.8378398 0.9371871 0.0000000 0.4159531 0.6061891 0.6672898 0.6905732 1.3335358 
Lcom_lcpid159788                        0.7637730 0.5818106 0.6006798 0.7355416 0.7658692 0.6350572 0.6979148 0.6759203 0.6594742 0.6455004 0.8451315 0.7956309 0.8622202 0.8954197 0.8753722 0.7850840 0.5529636 0.6519310 0.6473250 0.4159531 0.0000000 0.5237196 0.6360223 0.6087207 1.1609838 
Ctel_gnl_WGS_AMQN_CAPTEDRAFT_mRNA224611 0.5941557 0.6221206 0.5014516 0.8386163 0.8913586 0.6978544 0.7186263 0.7973310 0.7713714 0.7093367 0.8869671 0.9121086 0.9557904 0.8237541 0.8337568 0.7201834 0.6519424 0.8488512 0.8209789 0.6061891 0.5237196 0.0000000 0.7413580 0.7387274 1.4484593 
Clacor_Ccor_C524843_01                  0.8769308 0.7140032 0.6978284 1.0940572 1.1728014 0.9905403 1.0685508 1.1098352 0.9878295 0.9630264 1.3979892 0.9032835 0.8858097 1.0995953 1.0359539 1.2137976 0.7532949 0.8790310 1.0407369 0.6672898 0.6360223 0.7413580 0.0000000 0.0685610 2.6302609 
Leuniv_Lniv_C780841_01                  0.8773547 0.6851722 0.7166863 1.1332910 1.2086959 0.9867571 1.0655570 1.1049494 0.9883747 0.9645515 1.3998870 0.9488316 0.9343595 1.1226482 1.0622837 1.2369317 0.7733380 0.8760345 1.0482603 0.6905732 0.6087207 0.7387274 0.0685610 0.0000000 2.4797626 
Adig_XM_015906301.1                     1.9392008 1.2025002 1.2295166 0.8155778 0.8167116 0.5099167 0.6822023 0.5488441 0.5714516 0.5693165 0.0000010 0.9910489 1.0710864 1.4336087 1.3768457 1.2386810 1.0532662 1.1721029 1.1829429 1.3335358 1.1609838 1.4484593 2.6302609 2.4797626 0.0000000 
