21
Bralan_BLAG05000706_1                  0.0000000 2.0011645 2.0306855 2.6084282 2.2347419 1.8502495 1.6937953 1.6852791 1.7141909 2.4403638 2.0137260 1.9974924 2.1518221 2.8196905 2.9324255 2.3781938 2.1257577 2.7532354 2.8419269 2.6801602 3.0224643 
Exapal_XM_021060376.1                  2.0011645 0.0000000 2.1569788 2.4038298 2.3133970 1.6468466 1.5518753 1.6981869 1.7046335 1.8286402 2.6130893 1.7108642 1.8641387 2.5547162 2.7790337 2.8336774 2.9283736 2.8695438 3.7384082 3.3761632 2.9106311 
Adig_XM_015924951.1                    2.0306855 2.1569788 0.0000000 0.1506136 1.0414539 1.0689278 1.0020816 1.1271951 1.1481088 2.1549583 3.1672805 2.1257784 2.4216458 2.9679187 3.0252755 2.6676902 2.6710112 2.8213420 3.8556536 3.2068827 3.0025519 
Amil_Amillepora31315-RA                2.6084282 2.4038298 0.1506136 0.0000000 1.2710172 1.2279004 1.2685809 1.3505224 1.4021623 3.0393492 3.6593835 2.7736140 3.2035759 3.7038871 3.8188612 3.6244682 3.2109879 3.2244146 4.2979430 3.9962191 4.3952156 
Gfas_gfas1.m1.18332.m1                 2.2347419 2.3133970 1.0414539 1.2710172 0.0000000 0.6277097 0.7009458 0.7294877 0.7762319 2.3845767 2.7899312 2.3092082 2.3164690 3.5444791 3.9900315 2.7571746 2.9529098 2.6044786 3.3739089 3.2257983 3.5817092 
Fspp_ffun1.m4.977.m1                   1.8502495 1.6468466 1.0689278 1.2279004 0.6277097 0.0000000 0.3005831 0.3286698 0.3703157 1.9442624 2.6662016 2.0517510 2.1869833 2.5797797 2.5631421 2.3278585 2.5472145 2.5656346 3.6046556 3.1075963 3.0089635 
Gasp_gasp1.m3.19744.m1                 1.6937953 1.5518753 1.0020816 1.2685809 0.7009458 0.3005831 0.0000000 0.4130938 0.4323756 1.9265728 2.5241866 1.8630974 2.0467074 2.5831761 2.6760990 2.3556933 2.6790593 2.4657902 3.7374102 3.2979490 2.8858664 
Spis_XP_022784933_1                    1.6852791 1.6981869 1.1271951 1.3505224 0.7294877 0.3286698 0.4130938 0.0000000 0.1133464 1.9270001 2.8203593 2.0589979 2.1525562 2.5345108 2.6424331 2.2807245 2.6316813 2.7204045 3.5410595 3.0844582 2.9228141 
Pocdam_XM_027184351.1                  1.7141909 1.7046335 1.1481088 1.4021623 0.7762319 0.3703157 0.4323756 0.1133464 0.0000000 1.9172883 2.5998135 2.0239765 2.1326949 2.6259019 2.6709742 2.3575982 2.6812340 2.7201929 3.5611452 3.1198694 2.8480106 
Nvec_v1g247912                         2.4403638 1.8286402 2.1549583 3.0393492 2.3845767 1.9442624 1.9265728 1.9270001 1.9172883 0.0000000 2.8986669 2.3608165 2.7158176 2.9946616 3.1571534 2.9184144 3.3563501 3.0857307 3.7708520 3.2881832 3.0716604 
Skow_XM_006811554.1                    2.0137260 2.6130893 3.1672805 3.6593835 2.7899312 2.6662016 2.5241866 2.8203593 2.5998135 2.8986669 0.0000000 2.9111735 2.8683434 3.6642277 3.5694832 3.2628552 2.7098850 2.8970270 3.3279229 3.0645475 4.3481249 
Dgig_XM_028555503.1                    1.9974924 1.7108642 2.1257784 2.7736140 2.3092082 2.0517510 1.8630974 2.0589979 2.0239765 2.3608165 2.9111735 0.0000000 1.1031835 2.6874193 2.8057894 3.0777722 3.1514515 2.8190851 3.8414072 3.4293651 2.4893988 
Xesp_002158-T1                         2.1518221 1.8641387 2.4216458 3.2035759 2.3164690 2.1869833 2.0467074 2.1525562 2.1326949 2.7158176 2.8683434 1.1031835 0.0000000 2.5866907 2.7431135 3.3036482 3.0590284 3.4238289 3.1635421 2.8199452 3.2800949 
Nemnom_g1773.t1                        2.8196905 2.5547162 2.9679187 3.7038871 3.5444791 2.5797797 2.5831761 2.5345108 2.6259019 2.9946616 3.6642277 2.6874193 2.5866907 0.0000000 0.4805529 2.0499685 3.4242940 3.6966596 3.4872657 2.9116419 3.4776846 
Rhoesc_Res_009293-T1                   2.9324255 2.7790337 3.0252755 3.8188612 3.9900315 2.5631421 2.6760990 2.6424331 2.6709742 3.1571534 3.5694832 2.8057894 2.7431135 0.4805529 0.0000000 1.8776428 3.5438897 3.6784802 3.2738557 2.7869869 3.1005357 
Sanmal_Sma_013714-T1                   2.3781938 2.8336774 2.6676902 3.6244682 2.7571746 2.3278585 2.3556933 2.2807245 2.3575982 2.9184144 3.2628552 3.0777722 3.3036482 2.0499685 1.8776428 0.0000000 3.3931720 2.9201935 4.1204039 3.9100722 3.1025179 
Cgig_XM_034451680.1                    2.1257577 2.9283736 2.6710112 3.2109879 2.9529098 2.5472145 2.6790593 2.6316813 2.6812340 3.3563501 2.7098850 3.1514515 3.0590284 3.4242940 3.5438897 3.3931720 0.0000000 2.9981126 3.6199818 3.3976750 4.2735900 
Plajan_Pjan_C572018_01                 2.7532354 2.8695438 2.8213420 3.2244146 2.6044786 2.5656346 2.4657902 2.7204045 2.7201929 3.0857307 2.8970270 2.8190851 3.4238289 3.6966596 3.6784802 2.9201935 2.9981126 0.0000000 2.9369251 2.5737388 4.0549600 
Ocar_g3403                             2.8419269 3.7384082 3.8556536 4.2979430 3.3739089 3.6046556 3.7374102 3.5410595 3.5611452 3.7708520 3.3279229 3.8414072 3.1635421 3.4872657 3.2738557 4.1204039 3.6199818 2.9369251 0.0000000 0.0624744 4.5043673 
Opea_EP00118_Oscarella_pearsei_P003439 2.6801602 3.3761632 3.2068827 3.9962191 3.2257983 3.1075963 3.2979490 3.0844582 3.1198694 3.2881832 3.0645475 3.4293651 2.8199452 2.9116419 2.7869869 3.9100722 3.3976750 2.5737388 0.0624744 0.0000000 4.0429365 
Morvir_scaffold181.g18.t2              3.0224643 2.9106311 3.0025519 4.3952156 3.5817092 3.0089635 2.8858664 2.9228141 2.8480106 3.0716604 4.3481249 2.4893988 3.2800949 3.4776846 3.1005357 3.1025179 4.2735900 4.0549600 4.5043673 4.0429365 0.0000000 
