55
Hsap_ENST00000274311                                 0.0000000 0.5712932 0.5121804 0.4856576 0.5625003 0.5539433 0.5078979 0.5997922 0.5122802 0.5896135 0.5313886 0.6402447 0.6045187 0.6133222 0.6265067 0.6062322 0.6073434 0.6439891 0.6032739 0.6298317 0.6328439 0.7436946 0.6345430 0.6055618 0.6480676 0.5502727 0.5878776 0.6140782 0.5547406 0.6051081 0.5926679 0.6657721 0.5914548 0.6773196 0.7232384 0.7776269 0.7414093 0.7870126 0.8506424 0.9172869 0.9155406 0.9478975 0.9220017 0.9599728 0.9510375 0.9934641 0.9300824 1.1144697 1.0279866 1.0259698 0.9719741 0.9809832 0.6784851 1.2258083 2.0303740 
Bralan_BLAG01001244_1                                0.5712932 0.0000000 0.4825447 0.3108494 0.4957005 0.5115859 0.4408497 0.5499633 0.5029720 0.4879599 0.5268752 0.6299095 0.6089718 0.5863263 0.6471721 0.6577606 0.5740208 0.6256611 0.5396729 0.5863480 0.6413497 0.6506385 0.5903975 0.5736422 0.6232516 0.5659455 0.5768087 0.5896830 0.5272425 0.5927643 0.6713296 0.6683025 0.5513624 0.7064151 0.7453308 0.6570138 0.7506200 0.5330586 0.8352733 0.8560683 0.8628043 0.9251780 0.8970861 0.9430929 0.9472086 1.0254045 0.9604926 1.2761699 1.0468644 1.0516015 0.9255095 0.9234579 0.5983794 0.9849423 1.8591645 
Spur_XM_785294.4                                     0.5121804 0.4825447 0.0000000 0.2270052 0.5332696 0.5343695 0.4173906 0.5019258 0.4349573 0.4995272 0.4691286 0.5656213 0.5141683 0.4808653 0.4989217 0.5729336 0.4976908 0.5385275 0.5211277 0.6076152 0.6031946 0.7019064 0.5778405 0.5104380 0.6232476 0.5741528 0.5669558 0.6363429 0.5548602 0.5613409 0.6472635 0.7185031 0.5440045 0.6267800 0.7663115 0.7197589 0.7311452 0.7174768 0.8423425 0.8124599 0.8197155 0.9423477 0.8799349 0.9899967 0.9272457 1.0940495 1.0294438 1.2857879 1.0163892 1.0166949 0.9704130 0.9564365 0.5707063 1.0876679 1.5265097 
Skow_XM_006815389.1                                  0.4856576 0.3108494 0.2270052 0.0000000 0.2911826 0.3242783 0.3039650 0.3908300 0.3768814 0.4039933 0.3893839 0.3604580 0.3979975 0.3959183 0.4568212 0.0000010 0.4807251 0.4710704 0.4877768 0.0000010 0.3839181 0.4352217 0.4337453 0.4892321 0.5859160 0.4969191 0.4722079 0.4252435 0.4014533 0.4647889 0.7887706 0.6658877 0.4577345 0.7587065 0.7921332 0.9453369 0.7396524 0.0000010 0.7983347 0.6877764 0.7735019 0.9163540 0.8677500 0.8096319 0.8682311 0.0000010 1.2758457 0.0000010 0.8966077 0.8798460 0.8330452 0.7210554 0.4039933 0.6380067 3.0376240 
Acagra_model.g14682.t1.1.5d3b87d1                    0.5625003 0.4957005 0.5332696 0.2911826 0.0000000 0.3454953 0.4694341 0.5277724 0.4191629 0.5301030 0.5232191 0.6376558 0.6378824 0.5259186 0.5430610 0.6380352 0.5603896 0.5460011 0.4837952 0.4020194 0.6062623 0.6493483 0.5166343 0.5527938 0.6346045 0.6193764 0.5945867 0.6263167 0.5555670 0.5745734 0.6467347 0.6707290 0.6309668 0.7267181 0.6838303 0.7271659 0.7252467 0.6339481 0.7810483 0.7498331 0.7450808 0.8527919 0.8236828 0.9143064 0.9363921 0.9909840 0.9741299 0.9664015 0.9523016 0.9485601 0.9447574 0.8824129 0.5317751 1.1647431 1.5703338 
Ctel_gnl_WGS_AMQN_CAPTEDRAFT_mRNA18454               0.5539433 0.5115859 0.5343695 0.3242783 0.3454953 0.0000000 0.4600980 0.5374780 0.4490148 0.5348702 0.5315770 0.6577079 0.6227586 0.5375341 0.5520665 0.5818662 0.5082396 0.5694940 0.5327973 0.3931454 0.5435366 0.6768236 0.5332636 0.5718071 0.6775447 0.6313483 0.5835627 0.6147260 0.5450506 0.5464182 0.5763673 0.6505908 0.6184457 0.7234874 0.6468649 0.6739201 0.6945250 0.5665985 0.7746173 0.7770844 0.7918090 0.8589869 0.8326437 0.9151452 0.8703037 1.1102606 0.9844771 1.1944483 0.9750722 0.9773778 0.8845533 0.8932298 0.5405708 1.2267864 1.5605425 
Cscu_XM_023375249.1                                  0.5078979 0.4408497 0.4173906 0.3039650 0.4694341 0.4600980 0.0000000 0.4694313 0.4109303 0.5149067 0.4662037 0.6224919 0.5774105 0.5116689 0.5279274 0.4700755 0.4196375 0.4912098 0.5221076 0.5066619 0.4849442 0.6349657 0.5723028 0.4486600 0.5590749 0.5407449 0.5377765 0.6198584 0.5592988 0.6482338 0.4873874 0.6456249 0.5912154 0.6669785 0.7535719 0.6663097 0.7309861 0.7041860 0.7533377 0.7440577 0.7586270 0.8366639 0.7806611 0.8897878 0.8217203 0.9745623 0.9333735 1.1161126 0.9513129 0.9528448 0.8670595 0.8262751 0.5674696 1.0035164 1.5341254 
Exapal_XM_021060217.2                                0.5997922 0.5499633 0.5019258 0.3908300 0.5277724 0.5374780 0.4694313 0.0000000 0.2257618 0.3105808 0.2807600 0.3631434 0.2939405 0.3488620 0.3743896 0.4344483 0.3947565 0.4538665 0.3515077 0.5480557 0.6389069 0.5768113 0.5014126 0.5854744 0.6858307 0.6105023 0.6271968 0.6278226 0.5644499 0.6105188 0.5447880 0.6311828 0.5567787 0.7051042 0.7652259 0.7573555 0.8531340 0.6292148 0.6637546 0.6592540 0.6773979 0.7592348 0.7129464 0.9052101 0.8386405 0.9438532 0.9267903 1.0423478 0.9569173 0.9548102 0.8597083 0.8638540 0.3064054 0.8557822 1.2904541 
Nvec_v1g169895                                       0.5122802 0.5029720 0.4349573 0.3768814 0.4191629 0.4490148 0.4109303 0.2257618 0.0000000 0.2949039 0.2941154 0.3974516 0.3144534 0.3292665 0.3835582 0.3942602 0.3727841 0.4000434 0.3963128 0.4727652 0.5088741 0.5327066 0.5047679 0.4859570 0.6215748 0.5498876 0.5591888 0.5609513 0.4810975 0.6110540 0.5350988 0.6023229 0.5564290 0.6724680 0.7040741 0.7611978 0.7808385 0.6275311 0.6563776 0.6623002 0.6655996 0.7800717 0.7176507 0.8581382 0.8423230 1.0012361 0.9487477 1.1165934 0.8829730 0.8878463 0.8124785 0.8012721 0.3611858 0.9385034 1.3479997 
Amil_Amillepora22692-RA                              0.5896135 0.4879599 0.4995272 0.4039933 0.5301030 0.5348702 0.5149067 0.3105808 0.2949039 0.0000000 0.1239413 0.2902968 0.2312442 0.4097948 0.4394754 0.5380718 0.5077442 0.5278072 0.4374981 0.6313184 0.5888147 0.6343278 0.5583789 0.5858076 0.6801573 0.6829418 0.6489539 0.5874631 0.5257184 0.6100125 0.5858828 0.6327022 0.5669478 0.7315254 0.6440638 0.7183745 0.7508845 0.6274788 0.6350715 0.6464391 0.6664882 0.6954215 0.6845898 0.8550385 0.8950385 0.9221173 0.9255113 0.9569658 0.9408981 0.9411024 0.8711443 0.9229171 0.0223372 0.4787409 1.1685096 
Gfas_gfas1.m1.17778.m1                               0.5313886 0.5268752 0.4691286 0.3893839 0.5232191 0.5315770 0.4662037 0.2807600 0.2941154 0.1239413 0.0000000 0.1900694 0.1477305 0.4130685 0.4166023 0.4374430 0.3891072 0.4421185 0.3690975 0.6093392 0.5856217 0.5641955 0.5188547 0.5797104 0.6749504 0.6327895 0.5975574 0.6133720 0.5605808 0.6330653 0.5624096 0.6250503 0.5251624 0.6748025 0.6773045 0.7271640 0.7302663 0.6503087 0.6513390 0.6484048 0.6564588 0.7285281 0.6777108 0.8605667 0.9061858 0.8680976 0.8808511 0.9599105 0.9235814 0.9301841 0.8558215 0.8843967 0.1806525 0.6282872 1.2505886 
Spis_XP_022794287_1                                  0.6402447 0.6299095 0.5656213 0.3604580 0.6376558 0.6577079 0.6224919 0.3631434 0.3974516 0.2902968 0.1900694 0.0000000 0.0717485 0.4478775 0.4620248 0.6786603 0.5345307 0.5797864 0.4379457 0.8273262 0.7257613 0.7082553 0.6121816 0.7094606 0.8230959 0.7614786 0.6190649 0.7114244 0.6847911 0.7601933 0.7587550 0.7706159 0.6082434 0.7913427 0.7851785 0.8819624 0.8586995 0.9131865 0.7119843 0.7334892 0.7468183 0.7882906 0.7413791 0.9342381 1.0153697 1.0564623 0.9965209 1.1292651 0.9944179 1.0072920 0.9541608 0.9653665 0.2261082 0.6516981 1.2547761 
Pocdam_XM_027181547.1                                0.6045187 0.6089718 0.5141683 0.3979975 0.6378824 0.6227586 0.5774105 0.2939405 0.3144534 0.2312442 0.1477305 0.0717485 0.0000000 0.3829821 0.3935431 0.6407272 0.5035867 0.5529747 0.4029995 0.7695669 0.6983375 0.6342117 0.5658155 0.6470423 0.8761675 0.7907840 0.6904149 0.6979202 0.6694884 0.6772948 0.7046299 0.7446098 0.5937907 0.7148294 0.7853196 0.8664741 0.8798339 0.8072795 0.7255610 0.7160380 0.7194715 0.8165573 0.7548028 1.0296257 1.0584889 1.2450622 1.0807047 1.3765184 1.0602224 1.0765061 1.0271450 1.0413765 0.2178001 0.6369313 1.2262752 
Dgig_XM_028540900.1                                  0.6133222 0.5863263 0.4808653 0.3959183 0.5259186 0.5375341 0.5116689 0.3488620 0.3292665 0.4097948 0.4130685 0.4478775 0.3829821 0.0000000 0.1289116 0.5540664 0.5286388 0.5501119 0.4293456 0.5449882 0.6209061 0.6597629 0.5574269 0.5827383 0.6892868 0.6645747 0.7052917 0.6661106 0.5674052 0.6344857 0.6228957 0.6511639 0.6249599 0.6794618 0.7589163 0.7212048 0.7373897 0.6504159 0.7587968 0.7860458 0.7756074 0.8434922 0.8245071 1.0224554 0.9644618 1.1881830 1.0886740 1.4317066 1.0881128 1.0826729 0.9468165 1.0083650 0.4193113 0.8805927 1.3697534 
Xesp_005019-T1                                       0.6265067 0.6471721 0.4989217 0.4568212 0.5430610 0.5520665 0.5279274 0.3743896 0.3835582 0.4394754 0.4166023 0.4620248 0.3935431 0.1289116 0.0000000 0.5527726 0.5151440 0.5673790 0.4551382 0.5807494 0.6173073 0.6783187 0.5828102 0.6077911 0.7288535 0.6822775 0.6922894 0.6793548 0.5636156 0.6370821 0.6708020 0.6904234 0.6408836 0.6826667 0.7720903 0.7599640 0.7229586 0.7721596 0.7407668 0.7825913 0.7472142 0.8468287 0.8161272 1.0140140 0.9752300 1.1619855 1.0647158 1.3552378 1.0743554 1.0690403 0.9614741 1.0413371 0.4641833 0.9015348 1.4430819 
Aaur_scaffold280.g14.t1                              0.6062322 0.6577606 0.5729336 0.0000010 0.6380352 0.5818662 0.4700755 0.4344483 0.3942602 0.5380718 0.4374430 0.6786603 0.6407272 0.5540664 0.5527726 0.0000000 0.1356292 0.2281766 0.3476277 0.5969755 0.6459975 0.4785799 0.4144562 0.7148395 0.6826321 0.7287032 0.7910635 0.7099125 0.6088995 0.5783351 0.7361551 0.7118975 0.6528586 0.7108032 0.7614747 0.7293861 0.8084141 0.7313188 0.7931251 0.7751601 0.7751601 0.8215901 0.7718506 0.9634498 0.7724838 0.9599917 0.9389783 1.2212339 1.0016063 1.0118083 0.8616735 0.8741639 0.4810452 3.3933948 0.5154339 
Rhoesc_Res_006221-T1                                 0.6073434 0.5740208 0.4976908 0.4807251 0.5603896 0.5082396 0.4196375 0.3947565 0.3727841 0.5077442 0.3891072 0.5345307 0.5035867 0.5286388 0.5151440 0.1356292 0.0000000 0.1938523 0.3422370 0.5324089 0.5835969 0.5097163 0.4702421 0.5934333 0.6763756 0.6870484 0.6683845 0.6640166 0.6258238 0.6824841 0.6818657 0.7308244 0.6035001 0.7065755 0.8137984 0.7713560 0.8176276 0.7111050 0.7783878 0.7549454 0.7677216 0.8444286 0.8196419 0.8578216 0.7626029 0.9161971 0.8673455 1.1500595 0.8979452 0.9097950 0.7562269 0.7569910 0.4907154 1.0126981 1.4291287 
Sanmal_Sma_019124-T1                                 0.6439891 0.6256611 0.5385275 0.4710704 0.5460011 0.5694940 0.4912098 0.4538665 0.4000434 0.5278072 0.4421185 0.5797864 0.5529747 0.5501119 0.5673790 0.2281766 0.1938523 0.0000000 0.3501841 0.6280660 0.6419044 0.5026868 0.5324519 0.6567855 0.7457351 0.7086299 0.6992313 0.7118388 0.6211158 0.6709859 0.6450595 0.7032948 0.6658288 0.7023564 0.8331564 0.8148683 0.8547523 0.7545126 0.7867562 0.7596881 0.7733606 0.8493199 0.8063391 0.9099088 0.8360139 0.9058381 0.8967058 1.1853535 0.9303892 0.9422414 0.8467997 0.7986028 0.5514673 1.1580654 1.4614304 
Morvir_scaffold175.g32.t1                            0.6032739 0.5396729 0.5211277 0.4877768 0.4837952 0.5327973 0.5221076 0.3515077 0.3963128 0.4374981 0.3690975 0.4379457 0.4029995 0.4293456 0.4551382 0.3476277 0.3422370 0.3501841 0.0000000 0.6334225 0.5956325 0.4744664 0.4594630 0.5965377 0.7048163 0.6415347 0.6516972 0.6562876 0.5959085 0.5792674 0.6418550 0.6682687 0.6133089 0.6309276 0.6870335 0.7118738 0.7652865 0.6329503 0.6360126 0.6465506 0.6301459 0.7059482 0.6700198 0.8618598 0.8382269 1.0171071 0.9044792 1.1939566 0.9647053 0.9657483 0.8850484 0.8687075 0.4230937 0.9039271 1.4447589 
Cgig_XM_034462001.1                                  0.6298317 0.5863480 0.6076152 0.0000010 0.4020194 0.3931454 0.5066619 0.5480557 0.4727652 0.6313184 0.6093392 0.8273262 0.7695669 0.5449882 0.5807494 0.5969755 0.5324089 0.6280660 0.6334225 0.0000000 0.7194816 0.6972655 0.5830557 0.6322833 0.5808630 0.7075900 0.7625764 0.7438651 0.6771863 0.5728020 0.6279660 0.7509492 0.6466412 0.7365954 0.6870093 0.7220683 0.6269140 0.5582446 0.8478725 0.8318110 0.8318110 0.8752152 0.8501573 1.0311006 0.9477389 1.0769484 1.0720590 1.1919604 1.0325728 1.0325728 0.9440250 1.0343613 0.5337382 2.3637577 0.9834321 
Dpul_mRNA4678                                        0.6328439 0.6413497 0.6031946 0.3839181 0.6062623 0.5435366 0.4849442 0.6389069 0.5088741 0.5888147 0.5856217 0.7257613 0.6983375 0.6209061 0.6173073 0.6459975 0.5835969 0.6419044 0.5956325 0.7194816 0.0000000 0.8129256 0.6831883 0.5371354 0.7531012 0.7108736 0.7289852 0.6777657 0.6208986 0.6415991 0.5880958 0.7511473 0.7769952 0.7117898 0.7058612 0.7863182 0.7706396 0.8659279 0.8635529 0.9329448 0.9200656 0.9719851 0.9554365 0.8690841 0.8770442 1.0421030 1.0100793 0.9039562 0.9208165 0.9222884 0.9244142 0.9181552 0.6085157 1.1670250 1.6762675 
Hvul_g22740_1                                        0.7436946 0.6506385 0.7019064 0.4352217 0.6493483 0.6768236 0.6349657 0.5768113 0.5327066 0.6343278 0.5641955 0.7082553 0.6342117 0.6597629 0.6783187 0.4785799 0.5097163 0.5026868 0.4744664 0.6972655 0.8129256 0.0000000 0.3330847 0.7596803 0.8022290 0.8182023 0.7669149 0.7482803 0.6711862 0.6810953 0.7440940 0.7637708 0.7053978 0.6891795 0.8200036 0.7959072 0.8295793 0.7433766 0.8079996 0.7923836 0.7923836 0.8392653 0.8071430 0.9263804 0.9483911 0.9912025 0.9261250 1.2135954 1.0304637 1.0319012 0.8856426 0.8987081 0.5885773 0.8951298 0.8180152 
Chem_TCONS_00024000                                  0.6345430 0.5903975 0.5778405 0.4337453 0.5166343 0.5332636 0.5723028 0.5014126 0.5047679 0.5583789 0.5188547 0.6121816 0.5658155 0.5574269 0.5828102 0.4144562 0.4702421 0.5324519 0.4594630 0.5830557 0.6831883 0.3330847 0.0000000 0.6756429 0.7299939 0.6994843 0.6558389 0.6386421 0.5660984 0.6306959 0.7252431 0.8242771 0.6615106 0.7641541 0.7765415 0.7431424 0.7792994 0.8015253 0.8130718 0.7933794 0.7955236 0.8761563 0.8114809 0.9407769 0.9303947 1.1047188 0.9954847 1.2698285 1.0648095 1.0667657 1.0306345 0.9697767 0.6674497 1.0390676 1.5168790 
Tcas_TC001682_001                                    0.6055618 0.5736422 0.5104380 0.4892321 0.5527938 0.5718071 0.4486600 0.5854744 0.4859570 0.5858076 0.5797104 0.7094606 0.6470423 0.5827383 0.6077911 0.7148395 0.5934333 0.6567855 0.5965377 0.6322833 0.5371354 0.7596803 0.6756429 0.0000000 0.6732797 0.7073500 0.7341564 0.6973754 0.7051362 0.7240881 0.6629691 0.7388842 0.7249578 0.6495620 0.6830782 0.6485124 0.7188889 0.7162364 0.8546793 0.8657478 0.8770470 0.9630729 0.9400219 0.9838130 0.9638665 1.2536793 1.1651072 1.4170688 1.0568586 1.0525386 0.9784521 0.9757550 0.6291161 1.1317346 1.6981652 
Aque_Aqu2.1.20546_001                                0.6480676 0.6232516 0.6232476 0.5859160 0.6346045 0.6775447 0.5590749 0.6858307 0.6215748 0.6801573 0.6749504 0.8230959 0.8761675 0.6892868 0.7288535 0.6826321 0.6763756 0.7457351 0.7048163 0.5808630 0.7531012 0.8022290 0.7299939 0.6732797 0.0000000 0.2031957 0.2403639 0.4553475 0.4036242 0.4829193 0.4088492 0.5762995 0.6104558 0.7160949 0.8317079 0.7574891 0.8261912 0.7960630 0.8462475 0.9002151 0.8820004 0.8829619 0.8672929 0.9213891 0.8858754 1.0437816 0.9678219 1.2303686 0.9756582 0.9737360 0.8707179 0.9460918 0.8292707 1.3482079 1.9983208 
Halamb_c50174_g2_i1mm.3389                           0.5502727 0.5659455 0.5741528 0.4969191 0.6193764 0.6313483 0.5407449 0.6105023 0.5498876 0.6829418 0.6327895 0.7614786 0.7907840 0.6645747 0.6822775 0.7287032 0.6870484 0.7086299 0.6415347 0.7075900 0.7108736 0.8182023 0.6994843 0.7073500 0.2031957 0.0000000 0.1863602 0.3874948 0.3544892 0.3930363 0.4006070 0.5337836 0.5405998 0.6044910 0.7702724 0.7366731 0.7616687 0.7049088 0.8016262 0.8799620 0.8759009 0.8685150 0.8566706 0.8595817 0.8334614 1.0296303 0.9721052 1.1628010 0.9111889 0.9080364 0.8246638 0.8820861 0.6713975 1.0344368 1.7266305 
Xestes_maker-XT_scaffold118528-snap-gene-0.22-mRNA-1 0.5878776 0.5768087 0.5669558 0.4722079 0.5945867 0.5835627 0.5377765 0.6271968 0.5591888 0.6489539 0.5975574 0.6190649 0.6904149 0.7052917 0.6922894 0.7910635 0.6683845 0.6992313 0.6516972 0.7625764 0.7289852 0.7669149 0.6558389 0.7341564 0.2403639 0.1863602 0.0000000 0.4187201 0.3645094 0.4129422 0.4181081 0.5674538 0.5605469 0.6179156 0.7121635 0.7498159 0.7249727 0.8168528 0.8012398 0.8129763 0.8186618 0.8175415 0.8028040 0.8347829 0.8471244 1.0070460 0.9574514 1.0163658 0.9141541 0.9117863 0.8762700 0.8557626 0.6795042 1.0786116 1.6814856 
Tetwil_g2313.t2                                      0.6140782 0.5896830 0.6363429 0.4252435 0.6263167 0.6147260 0.6198584 0.6278226 0.5609513 0.5874631 0.6133720 0.7114244 0.6979202 0.6661106 0.6793548 0.7099125 0.6640166 0.7118388 0.6562876 0.7438651 0.6777657 0.7482803 0.6386421 0.6973754 0.4553475 0.3874948 0.4187201 0.0000000 0.2526129 0.4101051 0.4007826 0.4750793 0.5236580 0.6968292 0.7051262 0.7023181 0.7673703 0.7558642 0.7622491 0.7868628 0.7702564 0.8006145 0.8008708 0.9254733 0.9225111 1.1725204 1.0352727 1.2711300 0.9873028 0.9951680 0.9052314 0.9542502 0.6330392 1.3495490 1.7784913 
Stycar_maker-SC_scaffold5610-snap-gene-0.44-mRNA-1   0.5547406 0.5272425 0.5548602 0.4014533 0.5555670 0.5450506 0.5592988 0.5644499 0.4810975 0.5257184 0.5605808 0.6847911 0.6694884 0.5674052 0.5636156 0.6088995 0.6258238 0.6211158 0.5959085 0.6771863 0.6208986 0.6711862 0.5660984 0.7051362 0.4036242 0.3544892 0.3645094 0.2526129 0.0000000 0.3293244 0.3698831 0.4232599 0.4774318 0.5946747 0.6850573 0.6866644 0.7057435 0.6943513 0.7372770 0.7454516 0.7349841 0.8129507 0.7960561 0.8750673 0.8552436 0.9098081 0.8812021 1.0030980 0.9694601 0.9643896 0.8822516 0.9251888 0.6540478 1.2611926 1.7447812 
Plespi_Pspi_scaffold15063_01                         0.6051081 0.5927643 0.5613409 0.4647889 0.5745734 0.5464182 0.6482338 0.6105188 0.6110540 0.6100125 0.6330653 0.7601933 0.6772948 0.6344857 0.6370821 0.5783351 0.6824841 0.6709859 0.5792674 0.5728020 0.6415991 0.6810953 0.6306959 0.7240881 0.4829193 0.3930363 0.4129422 0.4101051 0.3293244 0.0000000 0.5110312 0.5299496 0.4886069 0.7436783 0.7357254 0.7197349 0.8105832 0.6369991 0.7122316 0.7348450 0.7701869 0.8629038 0.7764960 0.9906655 0.9778696 1.1372253 1.0045435 1.6475967 1.0729094 1.0605020 0.9527143 0.9671642 0.6457166 1.1885809 1.8000448 
Emue_Em0015g1050a.t1                                 0.5926679 0.6713296 0.6472635 0.7887706 0.6467347 0.5763673 0.4873874 0.5447880 0.5350988 0.5858828 0.5624096 0.7587550 0.7046299 0.6228957 0.6708020 0.7361551 0.6818657 0.6450595 0.6418550 0.6279660 0.5880958 0.7440940 0.7252431 0.6629691 0.4088492 0.4006070 0.4181081 0.4007826 0.3698831 0.5110312 0.0000000 0.0840814 0.5875494 0.6370328 0.6901377 0.6574017 0.7278374 0.6917820 0.7676731 0.8552204 0.8230380 0.8400463 0.8296102 0.9211061 0.8838087 1.1083650 0.9048301 1.1618341 0.9341275 0.9413362 0.9410900 0.9177008 0.5644409 0.9504948 1.1875395 
Spolac_c96818_g1_i1_m.13792c96818-g1                 0.6657721 0.6683025 0.7185031 0.6658877 0.6707290 0.6505908 0.6456249 0.6311828 0.6023229 0.6327022 0.6250503 0.7706159 0.7446098 0.6511639 0.6904234 0.7118975 0.7308244 0.7032948 0.6682687 0.7509492 0.7511473 0.7637708 0.8242771 0.7388842 0.5762995 0.5337836 0.5674538 0.4750793 0.4232599 0.5299496 0.0840814 0.0000000 0.6199205 0.8415735 0.8585054 0.8447750 0.9104658 0.7657315 0.8043546 0.8516574 0.8502228 0.8354270 0.8230549 1.0151866 1.0193273 1.1231975 0.9753649 1.2359182 1.1336681 1.1315479 1.0551173 1.0238536 0.6740203 1.4621101 2.0373222 
Opea_EP00118_Oscarella_pearsei_P015218               0.5914548 0.5513624 0.5440045 0.4577345 0.6309668 0.6184457 0.5912154 0.5567787 0.5564290 0.5669478 0.5251624 0.6082434 0.5937907 0.6249599 0.6408836 0.6528586 0.6035001 0.6658288 0.6133089 0.6466412 0.7769952 0.7053978 0.6615106 0.7249578 0.6104558 0.5405998 0.5605469 0.5236580 0.4774318 0.4886069 0.5875494 0.6199205 0.0000000 0.6958261 0.7386565 0.7350709 0.7430680 0.7068989 0.7639941 0.7899916 0.7869993 0.8418130 0.7798572 0.9254769 0.9531799 1.0300074 0.9944572 1.2131426 1.0282574 1.0325821 0.9755286 0.9774575 0.5837708 1.3283111 1.7307486 
Scil_scict024051.1                                   0.6773196 0.7064151 0.6267800 0.7587065 0.7267181 0.7234874 0.6669785 0.7051042 0.6724680 0.7315254 0.6748025 0.7913427 0.7148294 0.6794618 0.6826667 0.7108032 0.7065755 0.7023564 0.6309276 0.7365954 0.7117898 0.6891795 0.7641541 0.6495620 0.7160949 0.6044910 0.6179156 0.6968292 0.5946747 0.7436783 0.6370328 0.8415735 0.6958261 0.0000000 0.2909955 0.3420836 0.3850617 0.3703644 0.9043462 0.9576026 0.9579321 1.0147554 0.9417268 0.9296227 0.9346451 1.0446069 0.8902530 1.8160447 0.9787317 0.9811454 0.9851149 0.9631501 0.7933701 1.4510368 1.9109792 
Gracom_Gcom_C558022_01                               0.7232384 0.7453308 0.7663115 0.7921332 0.6838303 0.6468649 0.7535719 0.7652259 0.7040741 0.6440638 0.6773045 0.7851785 0.7853196 0.7589163 0.7720903 0.7614747 0.8137984 0.8331564 0.6870335 0.6870093 0.7058612 0.8200036 0.7765415 0.6830782 0.8317079 0.7702724 0.7121635 0.7051262 0.6850573 0.7357254 0.6901377 0.8585054 0.7386565 0.2909955 0.0000000 0.2952317 0.3885226 0.4943079 0.8856984 0.8520183 0.8140398 0.9048164 0.8716409 0.9915723 1.0495818 1.1355000 1.0528934 1.0306422 1.0968310 1.0983846 1.0455475 1.0919669 0.7981258 1.7224564 1.9745842 
Lcom_lcpid43465                                      0.7776269 0.6570138 0.7197589 0.9453369 0.7271659 0.6739201 0.6663097 0.7573555 0.7611978 0.7183745 0.7271640 0.8819624 0.8664741 0.7212048 0.7599640 0.7293861 0.7713560 0.8148683 0.7118738 0.7220683 0.7863182 0.7959072 0.7431424 0.6485124 0.7574891 0.7366731 0.7498159 0.7023181 0.6866644 0.7197349 0.6574017 0.8447750 0.7350709 0.3420836 0.2952317 0.0000000 0.4472203 0.4629926 0.9834983 0.9823758 0.9467570 0.9847706 0.9498607 0.9809163 0.9701277 1.1761772 1.0274955 1.3311781 1.0924247 1.0944393 0.9828975 1.0022552 0.8038388 1.6341882 2.0139270 
Leuniv_Lniv_scaffold17744_01                         0.7414093 0.7506200 0.7311452 0.7396524 0.7252467 0.6945250 0.7309861 0.8531340 0.7808385 0.7508845 0.7302663 0.8586995 0.8798339 0.7373897 0.7229586 0.8084141 0.8176276 0.8547523 0.7652865 0.6269140 0.7706396 0.8295793 0.7792994 0.7188889 0.8261912 0.7616687 0.7249727 0.7673703 0.7057435 0.8105832 0.7278374 0.9104658 0.7430680 0.3850617 0.3885226 0.4472203 0.0000000 0.5808097 0.9719788 0.9697889 0.9387617 1.0220053 0.9609051 1.1234064 1.1401236 1.3954847 1.2249082 1.3049911 1.2384472 1.2382957 1.1134792 1.1300772 0.7773114 1.5084205 2.0285522 
Clacor_Ccor_scaffold70_01                            0.7870126 0.5330586 0.7174768 0.0000010 0.6339481 0.5665985 0.7041860 0.6292148 0.6275311 0.6274788 0.6503087 0.9131865 0.8072795 0.6504159 0.7721596 0.7313188 0.7111050 0.7545126 0.6329503 0.5582446 0.8659279 0.7433766 0.8015253 0.7162364 0.7960630 0.7049088 0.8168528 0.7558642 0.6943513 0.6369991 0.6917820 0.7657315 0.7068989 0.3703644 0.4943079 0.4629926 0.5808097 0.0000000 0.8393668 0.8470995 0.7933752 0.8504814 0.8412057 1.1208051 1.0743258 1.2477017 1.1456149 1.2019196 1.1337049 1.1338688 1.0675787 1.1524315 0.5138521 2.8148374 0.8786325 
TrH2_TrispH2_011180-RA                               0.8506424 0.8352733 0.8423425 0.7983347 0.7810483 0.7746173 0.7533377 0.6637546 0.6563776 0.6350715 0.6513390 0.7119843 0.7255610 0.7587968 0.7407668 0.7931251 0.7783878 0.7867562 0.6360126 0.8478725 0.8635529 0.8079996 0.8130718 0.8546793 0.8462475 0.8016262 0.8012398 0.7622491 0.7372770 0.7122316 0.7676731 0.8043546 0.7639941 0.9043462 0.8856984 0.9834983 0.9719788 0.8393668 0.0000000 0.1092400 0.1044930 0.1599365 0.1357663 1.0711894 1.0775179 1.0770582 1.1127243 1.0804291 1.1126595 1.1255872 1.0493901 1.0271184 0.7503850 1.2339760 1.8770344 
Hhon_g06548.t1                                       0.9172869 0.8560683 0.8124599 0.6877764 0.7498331 0.7770844 0.7440577 0.6592540 0.6623002 0.6464391 0.6484048 0.7334892 0.7160380 0.7860458 0.7825913 0.7751601 0.7549454 0.7596881 0.6465506 0.8318110 0.9329448 0.7923836 0.7933794 0.8657478 0.9002151 0.8799620 0.8129763 0.7868628 0.7454516 0.7348450 0.8552204 0.8516574 0.7899916 0.9576026 0.8520183 0.9823758 0.9697889 0.8470995 0.1092400 0.0000000 0.0032755 0.1200747 0.1173776 1.0981493 1.1030827 1.0987874 1.1552669 1.1104525 1.1380164 1.1511656 1.0436049 1.0017702 0.7936396 1.1855848 1.8307048 
HoiH04_mRNA14924                                     0.9155406 0.8628043 0.8197155 0.7735019 0.7450808 0.7918090 0.7586270 0.6773979 0.6655996 0.6664882 0.6564588 0.7468183 0.7194715 0.7756074 0.7472142 0.7751601 0.7677216 0.7733606 0.6301459 0.8318110 0.9200656 0.7923836 0.7955236 0.8770470 0.8820004 0.8759009 0.8186618 0.7702564 0.7349841 0.7701869 0.8230380 0.8502228 0.7869993 0.9579321 0.8140398 0.9467570 0.9387617 0.7933752 0.1044930 0.0032755 0.0000000 0.1068790 0.1215045 1.1111783 1.0882392 1.0987874 1.1346140 1.1104525 1.1174040 1.1321507 1.0497048 1.0085554 0.7382812 0.8265403 1.5788673 
HoiH06_mRNA6165                                      0.9478975 0.9251780 0.9423477 0.9163540 0.8527919 0.8589869 0.8366639 0.7592348 0.7800717 0.6954215 0.7285281 0.7882906 0.8165573 0.8434922 0.8468287 0.8215901 0.8444286 0.8493199 0.7059482 0.8752152 0.9719851 0.8392653 0.8761563 0.9630729 0.8829619 0.8685150 0.8175415 0.8006145 0.8129507 0.8629038 0.8400463 0.8354270 0.8418130 1.0147554 0.9048164 0.9847706 1.0220053 0.8504814 0.1599365 0.1200747 0.1068790 0.0000000 0.0588614 1.1590808 1.1945896 1.0856190 1.1309861 1.0654682 1.2084537 1.2225913 1.1512926 1.1151118 0.7977201 1.4766761 1.9585908 
HoiH23_PlH23_001853-RA                               0.9220017 0.8970861 0.8799349 0.8677500 0.8236828 0.8326437 0.7806611 0.7129464 0.7176507 0.6845898 0.6777108 0.7413791 0.7548028 0.8245071 0.8161272 0.7718506 0.8196419 0.8063391 0.6700198 0.8501573 0.9554365 0.8071430 0.8114809 0.9400219 0.8672929 0.8566706 0.8028040 0.8008708 0.7960561 0.7764960 0.8296102 0.8230549 0.7798572 0.9417268 0.8716409 0.9498607 0.9609051 0.8412057 0.1357663 0.1173776 0.1215045 0.0588614 0.0000000 1.1075595 1.1354942 1.0758451 1.1158518 1.0596270 1.1696454 1.1829368 1.1238742 1.0682012 0.8116839 1.3533833 1.9952473 
Mlei_ML3588.g19.i1                                   0.9599728 0.9430929 0.9899967 0.8096319 0.9143064 0.9151452 0.8897878 0.9052101 0.8581382 0.8550385 0.8605667 0.9342381 1.0296257 1.0224554 1.0140140 0.9634498 0.8578216 0.9099088 0.8618598 1.0311006 0.8690841 0.9263804 0.9407769 0.9838130 0.9213891 0.8595817 0.8347829 0.9254733 0.8750673 0.9906655 0.9211061 1.0151866 0.9254769 0.9296227 0.9915723 0.9809163 1.1234064 1.1208051 1.0711894 1.0981493 1.1111783 1.1590808 1.1075595 0.0000000 0.1886240 0.2024813 0.1718299 0.1969235 0.2170994 0.2200026 0.2601330 0.2630012 0.9727536 1.5404264 2.2373170 
Lampan_Lpan_4349_01                                  0.9510375 0.9472086 0.9272457 0.8682311 0.9363921 0.8703037 0.8217203 0.8386405 0.8423230 0.8950385 0.9061858 1.0153697 1.0584889 0.9644618 0.9752300 0.7724838 0.7626029 0.8360139 0.8382269 0.9477389 0.8770442 0.9483911 0.9303947 0.9638665 0.8858754 0.8334614 0.8471244 0.9225111 0.8552436 0.9778696 0.8838087 1.0193273 0.9531799 0.9346451 1.0495818 0.9701277 1.1401236 1.0743258 1.0775179 1.1030827 1.0882392 1.1945896 1.1354942 0.1886240 0.0000000 0.2990329 0.2473588 0.3526197 0.2698456 0.2727199 0.2714925 0.2698503 1.0300777 1.7833172 2.2421250 
Bolinf_Binf_sb1184128                                0.9934641 1.0254045 1.0940495 0.0000010 0.9909840 1.1102606 0.9745623 0.9438532 1.0012361 0.9221173 0.8680976 1.0564623 1.2450622 1.1881830 1.1619855 0.9599917 0.9161971 0.9058381 1.0171071 1.0769484 1.0421030 0.9912025 1.1047188 1.2536793 1.0437816 1.0296303 1.0070460 1.1725204 0.9098081 1.1372253 1.1083650 1.1231975 1.0300074 1.0446069 1.1355000 1.1761772 1.3954847 1.2477017 1.0770582 1.0987874 1.0987874 1.0856190 1.0758451 0.2024813 0.2990329 0.0000000 0.0000010 0.2241224 0.2868050 0.2952292 0.3555833 0.3170233 1.1186691 7.3184637 2.1134300 
Mertsp_Mesp_sb547950                                 0.9300824 0.9604926 1.0294438 1.2758457 0.9741299 0.9844771 0.9333735 0.9267903 0.9487477 0.9255113 0.8808511 0.9965209 1.0807047 1.0886740 1.0647158 0.9389783 0.8673455 0.8967058 0.9044792 1.0720590 1.0100793 0.9261250 0.9954847 1.1651072 0.9678219 0.9721052 0.9574514 1.0352727 0.8812021 1.0045435 0.9048301 0.9753649 0.9944572 0.8902530 1.0528934 1.0274955 1.2249082 1.1456149 1.1127243 1.1552669 1.1346140 1.1309861 1.1158518 0.1718299 0.2473588 0.0000010 0.0000000 0.2241224 0.2840840 0.2878765 0.2963188 0.2768090 0.9790810 2.0908627 1.5857927 
Drygla_Dgla_sb284715                                 1.1144697 1.2761699 1.2857879 0.0000010 0.9664015 1.1944483 1.1161126 1.0423478 1.1165934 0.9569658 0.9599105 1.1292651 1.3765184 1.4317066 1.3552378 1.2212339 1.1500595 1.1853535 1.1939566 1.1919604 0.9039562 1.2135954 1.2698285 1.4170688 1.2303686 1.1628010 1.0163658 1.2711300 1.0030980 1.6475967 1.1618341 1.2359182 1.2131426 1.8160447 1.0306422 1.3311781 1.3049911 1.2019196 1.0804291 1.1104525 1.1104525 1.0654682 1.0596270 0.1969235 0.3526197 0.2241224 0.2241224 0.0000000 0.2635462 0.2731742 0.4194766 0.4079628 0.7503143 7.4714259 1.3386568 
Pbac_sb2653961                                       1.0279866 1.0468644 1.0163892 0.8966077 0.9523016 0.9750722 0.9513129 0.9569173 0.8829730 0.9408981 0.9235814 0.9944179 1.0602224 1.0881128 1.0743554 1.0016063 0.8979452 0.9303892 0.9647053 1.0325728 0.9208165 1.0304637 1.0648095 1.0568586 0.9756582 0.9111889 0.9141541 0.9873028 0.9694601 1.0729094 0.9341275 1.1336681 1.0282574 0.9787317 1.0968310 1.0924247 1.2384472 1.1337049 1.1126595 1.1380164 1.1174040 1.2084537 1.1696454 0.2170994 0.2698456 0.2868050 0.2840840 0.2635462 0.0000000 0.0059169 0.2840557 0.2953466 1.0387859 1.6933487 2.2033511 
Horcal_Hcv1.av93.c2.g491.i1                          1.0259698 1.0516015 1.0166949 0.8798460 0.9485601 0.9773778 0.9528448 0.9548102 0.8878463 0.9411024 0.9301841 1.0072920 1.0765061 1.0826729 1.0690403 1.0118083 0.9097950 0.9422414 0.9657483 1.0325728 0.9222884 1.0319012 1.0667657 1.0525386 0.9737360 0.9080364 0.9117863 0.9951680 0.9643896 1.0605020 0.9413362 1.1315479 1.0325821 0.9811454 1.0983846 1.0944393 1.2382957 1.1338688 1.1255872 1.1511656 1.1321507 1.2225913 1.1829368 0.2200026 0.2727199 0.2952292 0.2878765 0.2731742 0.0059169 0.0000000 0.2836947 0.3034142 1.0491814 1.7188199 2.1792990 
Vmul_SimC396716                                      0.9719741 0.9255095 0.9704130 0.8330452 0.9447574 0.8845533 0.8670595 0.8597083 0.8124785 0.8711443 0.8558215 0.9541608 1.0271450 0.9468165 0.9614741 0.8616735 0.7562269 0.8467997 0.8850484 0.9440250 0.9244142 0.8856426 1.0306345 0.9784521 0.8707179 0.8246638 0.8762700 0.9052314 0.8822516 0.9527143 0.9410900 1.0551173 0.9755286 0.9851149 1.0455475 0.9828975 1.1134792 1.0675787 1.0493901 1.0436049 1.0497048 1.1512926 1.1238742 0.2601330 0.2714925 0.3555833 0.2963188 0.4194766 0.2840557 0.2836947 0.0000000 0.1742371 0.9689920 1.6143550 2.2287745 
Coemet_Cmet_scaffold1961_01                          0.9809832 0.9234579 0.9564365 0.7210554 0.8824129 0.8932298 0.8262751 0.8638540 0.8012721 0.9229171 0.8843967 0.9653665 1.0413765 1.0083650 1.0413371 0.8741639 0.7569910 0.7986028 0.8687075 1.0343613 0.9181552 0.8987081 0.9697767 0.9757550 0.9460918 0.8820861 0.8557626 0.9542502 0.9251888 0.9671642 0.9177008 1.0238536 0.9774575 0.9631501 1.0919669 1.0022552 1.1300772 1.1524315 1.0271184 1.0017702 1.0085554 1.1151118 1.0682012 0.2630012 0.2698503 0.3170233 0.2768090 0.4079628 0.2953466 0.3034142 0.1742371 0.0000000 1.0305449 1.5091895 2.3191154 
Adig_XM_015908433.1                                  0.6784851 0.5983794 0.5707063 0.4039933 0.5317751 0.5405708 0.5674696 0.3064054 0.3611858 0.0223372 0.1806525 0.2261082 0.2178001 0.4193113 0.4641833 0.4810452 0.4907154 0.5514673 0.4230937 0.5337382 0.6085157 0.5885773 0.6674497 0.6291161 0.8292707 0.6713975 0.6795042 0.6330392 0.6540478 0.6457166 0.5644409 0.6740203 0.5837708 0.7933701 0.7981258 0.8038388 0.7773114 0.5138521 0.7503850 0.7936396 0.7382812 0.7977201 0.8116839 0.9727536 1.0300777 1.1186691 0.9790810 0.7503143 1.0387859 1.0491814 0.9689920 1.0305449 0.0000000 0.6899565 1.2820623 
Gasp_gasp1.m3.16851.m1                               1.2258083 0.9849423 1.0876679 0.6380067 1.1647431 1.2267864 1.0035164 0.8557822 0.9385034 0.4787409 0.6282872 0.6516981 0.6369313 0.8805927 0.9015348 3.3933948 1.0126981 1.1580654 0.9039271 2.3637577 1.1670250 0.8951298 1.0390676 1.1317346 1.3482079 1.0344368 1.0786116 1.3495490 1.2611926 1.1885809 0.9504948 1.4621101 1.3283111 1.4510368 1.7224564 1.6341882 1.5084205 2.8148374 1.2339760 1.1855848 0.8265403 1.4766761 1.3533833 1.5404264 1.7833172 7.3184637 2.0908627 7.4714259 1.6933487 1.7188199 1.6143550 1.5091895 0.6899565 0.0000000 4.0126649 
Fspp_ffun1.m4.5031.m1                                2.0303740 1.8591645 1.5265097 3.0376240 1.5703338 1.5605425 1.5341254 1.2904541 1.3479997 1.1685096 1.2505886 1.2547761 1.2262752 1.3697534 1.4430819 0.5154339 1.4291287 1.4614304 1.4447589 0.9834321 1.6762675 0.8180152 1.5168790 1.6981652 1.9983208 1.7266305 1.6814856 1.7784913 1.7447812 1.8000448 1.1875395 2.0373222 1.7307486 1.9109792 1.9745842 2.0139270 2.0285522 0.8786325 1.8770344 1.8307048 1.5788673 1.9585908 1.9952473 2.2373170 2.2421250 2.1134300 1.5857927 1.3386568 2.2033511 2.1792990 2.2287745 2.3191154 1.2820623 4.0126649 0.0000000 
