48
Hsap_ENST00000311351                         0.0000000 0.4399487 0.6165933 0.7489436 0.6940061 0.7320397 0.6374210 0.8091980 0.8109375 0.8642362 0.7685456 1.1705746 0.8601284 0.9106542 1.0093323 1.0052443 1.0050494 1.0101322 1.4290515 1.4001975 1.2712393 1.1911040 0.8735227 1.2343812 1.0357153 1.2061636 1.2699591 1.3060692 1.3388754 1.2336588 1.3099605 1.0960284 1.2954293 1.0556751 1.2443129 1.3414858 1.3414858 1.4606083 1.4606083 1.5697713 1.6656836 1.6668516 1.4273624 1.3675879 1.3675879 1.5743887 1.1811094 2.8315037 
Bralan_BLAG03001632_1                        0.4399487 0.0000000 0.2768341 0.4434209 0.3822676 0.4491665 0.5658111 0.7357458 0.7484688 0.6056779 0.6108555 1.0402206 0.6903773 0.7465657 0.7227416 0.7155975 0.8600045 0.7979334 0.9835315 1.0036806 1.1681504 0.9550239 0.7925037 1.0028059 0.8501942 1.0534509 1.3121973 1.1731820 1.1384820 1.1057532 1.0834499 1.1177481 1.2265525 0.8561628 1.0419977 1.2107182 1.2107182 1.1962228 1.1962228 1.2193142 1.4307018 1.3036063 1.3535615 1.5195499 1.5195499 1.4398069 1.2350895 2.8426851 
Skow_XM_002733961.2                          0.6165933 0.2768341 0.0000000 0.3700364 0.4267349 0.5476086 0.6445320 0.6810850 0.6776684 0.5833059 0.7750264 1.0776314 0.7432501 0.8063492 0.7759365 0.7761347 0.8670655 0.8144752 0.9872937 0.9967949 1.1473951 0.8968028 0.7793380 0.9434666 0.8470532 1.0337237 1.0750082 0.9728177 1.0708429 1.0585902 1.1084645 1.1785038 1.3262919 0.9531516 1.0622246 1.0916472 1.0916472 1.0004615 1.0004615 1.1299337 1.3250145 1.2300735 1.2460181 1.3454510 1.3454510 1.3019370 1.2652387 2.3245787 
Spur_XM_030986328.1                          0.7489436 0.4434209 0.3700364 0.0000000 0.4703157 0.7234142 0.8339953 0.8798555 1.0189306 0.7989272 0.9498306 1.0704657 0.8242094 0.8554335 0.8858160 0.9092165 0.9663184 0.9019829 1.1608248 1.3610342 1.3537903 1.0437557 0.9168734 0.9997808 0.8067002 1.0098672 1.0459774 0.9212315 1.0409735 1.0423926 0.9541725 1.2016494 1.2493371 1.0236753 1.0726819 1.0487550 1.0487550 0.9580437 0.9580437 1.0515538 1.2329364 1.1563952 1.5075416 1.5878217 1.5878217 1.6440661 1.6240182 2.2562121 
Cgig_XM_011455305.3                          0.6940061 0.3822676 0.4267349 0.4703157 0.0000000 0.4256459 0.6929737 0.7945602 0.8352416 0.5778982 0.6766366 0.9390520 0.6411719 0.6779088 0.7110070 0.7190151 0.7316230 0.6795371 1.1593271 1.2056348 1.1593623 0.9519639 0.9270016 1.0980957 0.9604314 1.0542916 1.1115167 1.1145093 1.2261525 1.2734118 1.0372113 1.0914763 1.2374535 0.9461399 1.1545045 1.0723368 1.0723368 0.9592768 0.9592768 1.1713023 1.2942473 1.2349819 1.1166979 1.2723056 1.2723056 1.2649314 1.2032891 2.5586649 
Ctel_gnl_WGS_AMQN_CAPTEDRAFT_mRNA179858      0.7320397 0.4491665 0.5476086 0.7234142 0.4256459 0.0000000 0.7290071 0.8066688 0.7993356 0.9056171 1.0489494 1.2557422 0.9048836 1.0001862 0.9880266 1.0163490 1.0114766 0.9757721 1.5623312 1.4891978 1.1158614 0.9526002 1.1024940 1.3076512 1.0732955 1.2410211 1.7024124 1.6010703 1.4317437 1.4286179 1.2587707 1.1389740 1.3097969 0.9731495 1.1354194 1.3308451 1.3308451 1.2830293 1.2830293 1.4543799 1.5221916 1.4661428 1.2940699 1.4439966 1.4439966 1.3749359 1.2758642 3.6431119 
Cscu_XM_023375613.1                          0.6374210 0.5658111 0.6445320 0.8339953 0.6929737 0.7290071 0.0000000 0.6437297 0.7717182 0.8604083 0.7863919 1.0814507 0.8422226 0.9358220 0.9228755 0.9665927 0.9026666 0.9931545 1.2563612 1.3971504 1.1933086 1.1045657 1.0638867 1.1668125 1.0601479 1.0622639 1.1023657 1.2104859 1.2676689 1.3103544 1.0985621 1.2622935 1.3098650 1.0716943 1.1774503 1.2181346 1.2181346 1.3755688 1.3755688 1.5029323 1.5533523 1.4890796 1.1620324 1.3230419 1.3230419 1.4259979 1.6243769 2.6821703 
Tcas_TC001544_001                            0.8091980 0.7357458 0.6810850 0.8798555 0.7945602 0.8066688 0.6437297 0.0000000 0.6042448 0.8155358 0.7944825 0.8164724 0.6973959 0.8440550 0.8225861 0.8182842 0.8674359 0.9127660 1.3232560 1.4568952 1.3057193 1.1078667 1.0192503 1.3077267 1.1492041 1.2766274 1.4122630 1.4812916 1.2198477 1.2418953 1.2369104 1.2681274 1.3174303 1.0904590 1.1103203 1.1414302 1.1414302 1.1286007 1.1286007 1.4502694 1.4468001 1.3073804 1.4661312 1.4958887 1.4958887 1.6768315 1.5362531 3.7341197 
Dpul_mRNA15405                               0.8109375 0.7484688 0.6776684 1.0189306 0.8352416 0.7993356 0.7717182 0.6042448 0.0000000 0.9213277 0.9924614 1.1696348 0.9889863 1.1341896 1.0782394 1.0865687 1.1655779 1.1259223 1.4371786 1.4803892 1.0832028 0.9901681 0.9923102 1.2613632 1.1271595 1.3500549 1.5742736 1.5151518 1.4574701 1.3576295 1.4612150 1.4070055 1.5290933 1.1521852 1.2196666 1.5562234 1.5562234 1.5742111 1.5742111 1.8111825 1.8172163 1.7420137 1.3698775 1.4972508 1.4972508 1.6057336 1.0946264 3.9635019 
Exapal_XM_021046934.2                        0.8642362 0.6056779 0.5833059 0.7989272 0.5778982 0.9056171 0.8604083 0.8155358 0.9213277 0.0000000 0.2819230 0.7215591 0.4134369 0.4591951 0.4417529 0.4447866 0.5237678 0.4791616 0.8134861 0.8629458 1.0714636 0.9818677 0.8589444 1.0725413 0.9001213 1.0625537 1.0443443 0.9842069 0.9698051 1.0329184 0.9084449 1.2302792 1.2636487 1.0316052 1.0310653 1.2358543 1.2358543 1.1892078 1.1892078 1.3796053 1.4784592 1.5273314 1.3427919 1.1717529 1.1717529 1.4398582 1.4998606 1.7509391 
Nvec_v1g241591                               0.7685456 0.6108555 0.7750264 0.9498306 0.6766366 1.0489494 0.7863919 0.7944825 0.9924614 0.2819230 0.0000000 0.6411118 0.3648454 0.4161292 0.4483559 0.4377396 0.4541787 0.4519613 0.7877965 0.8274398 1.1609917 1.1335464 0.9277388 1.1546563 0.9623474 1.2218342 1.1876361 1.1697191 0.9146528 0.9446283 1.1631703 1.1387951 1.2040641 1.0984883 1.1579774 1.2817956 1.2817956 1.1368483 1.1368483 1.3839504 1.4499572 1.5559050 1.3938954 1.3402150 1.3402150 1.5367353 1.5396093 2.0920599 
Adig_XM_015896605.1                          1.1705746 1.0402206 1.0776314 1.0704657 0.9390520 1.2557422 1.0814507 0.8164724 1.1696348 0.7215591 0.6411118 0.0000000 0.1496883 0.2796272 0.4349205 0.4405613 0.4959300 0.4627495 1.1057732 1.1777387 1.2837409 1.2656146 1.1349231 1.3091088 1.0926480 1.3782012 1.4412905 1.2518184 0.8763697 0.9636028 1.1677021 1.2489285 1.4428165 1.5264898 1.5113031 1.2421829 1.2421829 1.0372487 1.0372487 1.3346682 1.2730484 1.2752484 1.5374660 1.5004665 1.5004665 1.6400610 2.4927512 2.2187953 
Amil_Amillepora24840-RA                      0.8601284 0.6903773 0.7432501 0.8242094 0.6411719 0.9048836 0.8422226 0.6973959 0.9889863 0.4134369 0.3648454 0.1496883 0.0000000 0.0978813 0.2126917 0.2112825 0.2405919 0.2154735 0.7093538 0.7755424 0.9249888 0.9132802 0.7490168 0.9956517 0.8102600 0.9503443 1.0667895 0.9363325 0.7151575 0.8005526 0.9986066 0.9416585 1.0936543 1.0119179 1.0738339 1.0189162 1.0189162 0.8540409 0.8540409 1.0934779 1.1192917 1.2714263 1.1104169 1.0847877 1.0847877 1.1778790 1.5864323 1.6748653 
Gfas_gfas1.m1.723.m1                         0.9106542 0.7465657 0.8063492 0.8554335 0.6779088 1.0001862 0.9358220 0.8440550 1.1341896 0.4591951 0.4161292 0.2796272 0.0978813 0.0000000 0.1494035 0.1832207 0.2248333 0.2002730 0.7165184 0.7501765 1.0423727 1.0441076 0.7411531 1.1904017 0.9913727 0.9202653 1.0687631 0.9545202 0.7273273 0.8121057 0.9261981 0.9044313 0.9936801 1.0396068 1.1503276 1.0793756 1.0793756 0.8972987 0.8972987 1.1311357 1.1977180 1.3151354 1.1521730 1.1475828 1.1475828 1.2808559 1.6901484 1.5521659 
Fspp_ffun1.m4.11200.m1                       1.0093323 0.7227416 0.7759365 0.8858160 0.7110070 0.9880266 0.9228755 0.8225861 1.0782394 0.4417529 0.4483559 0.4349205 0.2126917 0.1494035 0.0000000 0.0451494 0.1468016 0.1251794 0.7648633 0.7102564 1.0340168 1.0227611 0.8104124 1.0705958 0.9361220 1.0132339 1.1017120 1.0696715 0.8308973 0.8961268 1.0342609 0.8576645 0.9973709 1.0198522 1.1568565 1.1681139 1.1681139 0.9433341 0.9433341 1.1926056 1.2614219 1.3836682 1.2582699 1.2520489 1.2520489 1.3459179 1.5621087 1.9367681 
Gasp_gasp1.m3.15999.m1                       1.0052443 0.7155975 0.7761347 0.9092165 0.7190151 1.0163490 0.9665927 0.8182842 1.0865687 0.4447866 0.4377396 0.4405613 0.2112825 0.1832207 0.0451494 0.0000000 0.1473381 0.1349067 0.7689411 0.7264112 1.0661153 1.0537583 0.8200870 1.0438191 0.9095451 0.9802611 1.1435519 1.0532576 0.8204944 0.8852054 1.0580881 0.8959746 1.0736344 0.9761561 1.1465306 1.1438713 1.1438713 0.9212505 0.9212505 1.1785267 1.2121553 1.3674187 1.2425565 1.2172020 1.2172020 1.3642728 1.5344124 1.9134573 
Spis_XP_022791465_1                          1.0050494 0.8600045 0.8670655 0.9663184 0.7316230 1.0114766 0.9026666 0.8674359 1.1655779 0.5237678 0.4541787 0.4959300 0.2405919 0.2248333 0.1468016 0.1473381 0.0000000 0.0363529 0.8442743 0.8120897 1.1421658 1.0961686 0.9349766 1.1638020 1.0419584 1.0928151 1.2492289 1.1160356 0.9452848 1.0126008 1.0592779 1.0153920 1.1742884 1.1489299 1.3210031 1.2132728 1.2132728 0.9736495 0.9736495 1.2387123 1.3106911 1.4393137 1.2259395 1.2471807 1.2471807 1.3404054 1.7060004 1.9905039 
Pocdam_XM_027192974.1                        1.0101322 0.7979334 0.8144752 0.9019829 0.6795371 0.9757721 0.9931545 0.9127660 1.1259223 0.4791616 0.4519613 0.4627495 0.2154735 0.2002730 0.1251794 0.1349067 0.0363529 0.0000000 0.8336302 0.7900833 1.0618401 1.0167178 0.8661649 1.0960081 0.9749883 1.0464138 1.1728536 1.0451435 0.8824640 0.9473083 1.0266078 0.9711220 1.1274695 1.0744440 1.2428157 1.2256722 1.2256722 0.9847376 0.9847376 1.2512135 1.3236272 1.4531832 1.2400543 1.2479083 1.2479083 1.3517419 1.5995231 1.9973765 
Dgig_XM_028545671.1                          1.4290515 0.9835315 0.9872937 1.1608248 1.1593271 1.5623312 1.2563612 1.3232560 1.4371786 0.8134861 0.7877965 1.1057732 0.7093538 0.7165184 0.7648633 0.7689411 0.8442743 0.8336302 0.0000000 0.2309253 1.5977088 1.2947205 1.1058340 1.2133384 1.0565458 1.2104091 1.1917021 1.1834219 1.1882181 1.1881237 1.2256854 1.4949242 1.7114090 1.5996685 1.5074382 1.5171998 1.5171998 1.2571289 1.2571289 1.4792548 1.5504764 1.7380960 1.6504951 1.8274623 1.8274623 1.8453209 2.0785429 2.3237147 
Xesp_014557-T1                               1.4001975 1.0036806 0.9967949 1.3610342 1.2056348 1.4891978 1.3971504 1.4568952 1.4803892 0.8629458 0.8274398 1.1777387 0.7755424 0.7501765 0.7102564 0.7264112 0.8120897 0.7900833 0.2309253 0.0000000 1.4932399 1.3368391 1.0177794 1.1841390 1.0683724 1.1401004 1.4506289 1.2861895 1.2779766 1.2533461 1.4633560 1.4980631 1.8302976 1.5889866 1.4613859 1.5813519 1.5813519 1.3082644 1.3082644 1.5719499 1.6471302 1.8424468 1.6934474 1.8486439 1.8486439 1.8071094 2.1367361 2.7495930 
Scil_scict012798.1                           1.2712393 1.1681504 1.1473951 1.3537903 1.1593623 1.1158614 1.1933086 1.3057193 1.0832028 1.0714636 1.1609917 1.2837409 0.9249888 1.0423727 1.0340168 1.0661153 1.1421658 1.0618401 1.5977088 1.4932399 0.0000000 0.3087246 0.5615519 1.1586403 0.9761755 1.0234754 1.8407531 1.6563603 1.3496529 1.3636928 1.7113064 1.1994272 1.3079493 1.3220138 1.3535870 1.4431676 1.4431676 1.3919156 1.3919156 1.6846103 1.7050179 1.8179479 1.4883717 1.5738091 1.5738091 1.5630372 1.7783722 4.1599628 
Lcom_lcpid104396                             1.1911040 0.9550239 0.8968028 1.0437557 0.9519639 0.9526002 1.1045657 1.1078667 0.9901681 0.9818677 1.1335464 1.2656146 0.9132802 1.0441076 1.0227611 1.0537583 1.0961686 1.0167178 1.2947205 1.3368391 0.3087246 0.0000000 0.5653443 1.1129210 0.9432319 1.0709703 1.6930776 1.5440023 1.2473159 1.3347588 1.6044652 1.1807186 1.1680702 1.2500337 1.1132091 1.5465819 1.5465819 1.3666823 1.3666823 1.5648424 1.5844505 1.6578359 1.2127346 1.4806677 1.4806677 1.3707376 1.6723629 3.7458945 
Clacor_Ccor_C516371_01                       0.8735227 0.7925037 0.7793380 0.9168734 0.9270016 1.1024940 1.0638867 1.0192503 0.9923102 0.8589444 0.9277388 1.1349231 0.7490168 0.7411531 0.8104124 0.8200870 0.9349766 0.8661649 1.1058340 1.0177794 0.5615519 0.5653443 0.0000000 1.0016022 0.8331805 0.8822716 1.4599205 1.3429508 1.1402874 1.1682565 1.4071800 1.0583957 1.1864770 0.8895276 0.9884272 1.2711787 1.2711787 1.2994816 1.2994816 1.5996048 1.6440224 1.7049761 1.3838284 1.5676141 1.5676141 1.5368885 1.6369619 3.6015722 
Ocar_g10671                                  1.2343812 1.0028059 0.9434666 0.9997808 1.0980957 1.3076512 1.1668125 1.3077267 1.2613632 1.0725413 1.1546563 1.3091088 0.9956517 1.1904017 1.0705958 1.0438191 1.1638020 1.0960081 1.2133384 1.1841390 1.1586403 1.1129210 1.0016022 0.0000000 0.0295733 0.5588431 1.4662852 1.5405738 1.2063557 1.2353819 1.3924845 1.5218190 1.6937996 1.3876697 1.5210748 1.2233557 1.2233557 1.1665576 1.1665576 1.3773446 1.3805116 1.4982920 2.0429204 1.8560325 1.8560325 2.0678932 1.9872051 3.2761287 
Opea_EP00118_Oscarella_pearsei_P026178       1.0357153 0.8501942 0.8470532 0.8067002 0.9604314 1.0732955 1.0601479 1.1492041 1.1271595 0.9001213 0.9623474 1.0926480 0.8102600 0.9913727 0.9361220 0.9095451 1.0419584 0.9749883 1.0565458 1.0683724 0.9761755 0.9432319 0.8331805 0.0295733 0.0000000 0.4836074 1.1686356 1.2784661 0.9672725 1.0050163 1.2239609 1.3248051 1.4804567 1.2164732 1.2625406 1.1140613 1.1140613 1.0763991 1.0763991 1.2682331 1.2719797 1.4232689 1.7009368 1.5776731 1.5776731 1.7412166 1.6885201 2.6646641 
Plajan_Pjan_C526809_01                       1.2061636 1.0534509 1.0337237 1.0098672 1.0542916 1.2410211 1.0622639 1.2766274 1.3500549 1.0625537 1.2218342 1.3782012 0.9503443 0.9202653 1.0132339 0.9802611 1.0928151 1.0464138 1.2104091 1.1401004 1.0234754 1.0709703 0.8822716 0.5588431 0.4836074 0.0000000 1.2776063 1.2969024 1.3585269 1.3855102 1.4032300 1.4021108 1.5094004 1.0200621 1.0107322 1.1792224 1.1792224 1.1616294 1.1616294 1.2969966 1.3820290 1.5200330 1.5348289 1.4936617 1.4936617 1.4913586 2.2867206 3.2426444 
Hvul_g5527_1                                 1.2699591 1.3121973 1.0750082 1.0459774 1.1115167 1.7024124 1.1023657 1.4122630 1.5742736 1.0443443 1.1876361 1.4412905 1.0667895 1.0687631 1.1017120 1.1435519 1.2492289 1.1728536 1.1917021 1.4506289 1.8407531 1.6930776 1.4599205 1.4662852 1.1686356 1.2776063 0.0000000 0.4929603 1.1458126 1.1726196 0.9640030 1.6967554 1.8235740 1.3776272 1.4918204 1.4039594 1.4039594 1.3200398 1.3200398 1.8125694 2.0346680 1.9244305 1.8847359 1.8942083 1.8942083 2.0650109 2.5293258 1.7317271 
Chem_TCONS_00002452                          1.3060692 1.1731820 0.9728177 0.9212315 1.1145093 1.6010703 1.2104859 1.4812916 1.5151518 0.9842069 1.1697191 1.2518184 0.9363325 0.9545202 1.0696715 1.0532576 1.1160356 1.0451435 1.1834219 1.2861895 1.6563603 1.5440023 1.3429508 1.5405738 1.2784661 1.2969024 0.4929603 0.0000000 1.0190175 1.0681041 1.0469231 1.6322753 1.8058720 1.4056138 1.5812144 1.2630243 1.2630243 1.2498229 1.2498229 1.7137887 1.8700619 1.8582094 1.8555313 1.8302460 1.8302460 1.9195052 2.8225257 1.5863138 
Nemnom_g17944.t1                             1.3388754 1.1384820 1.0708429 1.0409735 1.2261525 1.4317437 1.2676689 1.2198477 1.4574701 0.9698051 0.9146528 0.8763697 0.7151575 0.7273273 0.8308973 0.8204944 0.9452848 0.8824640 1.1882181 1.2779766 1.3496529 1.2473159 1.1402874 1.2063557 0.9672725 1.3585269 1.1458126 1.0190175 0.0000000 0.0971403 0.5758573 1.6295462 1.6739873 1.4912556 1.5500324 1.5727614 1.5727614 1.4499918 1.4499918 1.5298175 1.4420272 1.6519865 1.9797171 1.8089217 1.8089217 2.0714875 2.6521834 1.6489101 
Rhoesc_Res_007321-T1                         1.2336588 1.1057532 1.0585902 1.0423926 1.2734118 1.4286179 1.3103544 1.2418953 1.3576295 1.0329184 0.9446283 0.9636028 0.8005526 0.8121057 0.8961268 0.8852054 1.0126008 0.9473083 1.1881237 1.2533461 1.3636928 1.3347588 1.1682565 1.2353819 1.0050163 1.3855102 1.1726196 1.0681041 0.0971403 0.0000000 0.5492181 1.6597492 1.7384400 1.4909429 1.5612927 1.5049846 1.5049846 1.3888195 1.3888195 1.5371775 1.4705992 1.6077299 1.9247825 1.7768367 1.7768367 2.0711370 2.3775131 1.5173402 
Sanmal_Sma_015409-T1                         1.3099605 1.0834499 1.1084645 0.9541725 1.0372113 1.2587707 1.0985621 1.2369104 1.4612150 0.9084449 1.1631703 1.1677021 0.9986066 0.9261981 1.0342609 1.0580881 1.0592779 1.0266078 1.2256854 1.4633560 1.7113064 1.6044652 1.4071800 1.3924845 1.2239609 1.4032300 0.9640030 1.0469231 0.5758573 0.5492181 0.0000000 1.7180619 1.7403315 1.6764068 1.7126707 1.4133277 1.4133277 1.3185953 1.3185953 1.6468052 1.5897948 1.6840218 2.2508753 2.0970202 2.0970202 2.5102315 2.7054354 1.2768558 
Aque_Aqu2.1.32232_001                        1.0960284 1.1177481 1.1785038 1.2016494 1.0914763 1.1389740 1.2622935 1.2681274 1.4070055 1.2302792 1.1387951 1.2489285 0.9416585 0.9044313 0.8576645 0.8959746 1.0153920 0.9711220 1.4949242 1.4980631 1.1994272 1.1807186 1.0583957 1.5218190 1.3248051 1.4021108 1.6967554 1.6322753 1.6295462 1.6597492 1.7180619 0.0000000 0.1448795 0.8722242 1.1704865 1.5183125 1.5183125 1.5331510 1.5331510 1.6576367 1.6580341 1.7488313 1.7128118 1.8964672 1.8964672 1.6453214 1.6352385 4.2897516 
Halamb_c27069_g1_i1m.5312                    1.2954293 1.2265525 1.3262919 1.2493371 1.2374535 1.3097969 1.3098650 1.3174303 1.5290933 1.2636487 1.2040641 1.4428165 1.0936543 0.9936801 0.9973709 1.0736344 1.1742884 1.1274695 1.7114090 1.8302976 1.3079493 1.1680702 1.1864770 1.6937996 1.4804567 1.5094004 1.8235740 1.8058720 1.6739873 1.7384400 1.7403315 0.1448795 0.0000000 0.8930501 1.2317541 1.6121394 1.6121394 1.7777189 1.7777189 1.8545654 1.8515276 1.9011430 1.7806247 1.9789484 1.9789484 1.7699968 1.7926207 4.1473567 
Tetwil_g20586.t1                             1.0556751 0.8561628 0.9531516 1.0236753 0.9461399 0.9731495 1.0716943 1.0904590 1.1521852 1.0316052 1.0984883 1.5264898 1.0119179 1.0396068 1.0198522 0.9761561 1.1489299 1.0744440 1.5996685 1.5889866 1.3220138 1.2500337 0.8895276 1.3876697 1.2164732 1.0200621 1.3776272 1.4056138 1.4912556 1.4909429 1.6764068 0.8722242 0.8930501 0.0000000 0.7234443 1.2327697 1.2327697 1.4068394 1.4068394 1.5308991 1.5384405 1.6102624 1.3848580 1.4562227 1.4562227 1.5613153 1.7969273 3.8400454 
Spolac_c96867_g1_i2_m.13882c96867-g1         1.2443129 1.0419977 1.0622246 1.0726819 1.1545045 1.1354194 1.1774503 1.1103203 1.2196666 1.0310653 1.1579774 1.5113031 1.0738339 1.1503276 1.1568565 1.1465306 1.3210031 1.2428157 1.5074382 1.4613859 1.3535870 1.1132091 0.9884272 1.5210748 1.2625406 1.0107322 1.4918204 1.5812144 1.5500324 1.5612927 1.7126707 1.1704865 1.2317541 0.7234443 0.0000000 1.3707291 1.3707291 1.3544870 1.3544870 1.6114727 1.6183618 1.6041364 1.7496931 1.8588575 1.8588575 1.8877367 1.8007475 3.4238143 
Tadh_TriadT58702                             1.3414858 1.2107182 1.0916472 1.0487550 1.0723368 1.3308451 1.2181346 1.1414302 1.5562234 1.2358543 1.2817956 1.2421829 1.0189162 1.0793756 1.1681139 1.1438713 1.2132728 1.2256722 1.5171998 1.5813519 1.4431676 1.5465819 1.2711787 1.2233557 1.1140613 1.1792224 1.4039594 1.2630243 1.5727614 1.5049846 1.4133277 1.5183125 1.6121394 1.2327697 1.3707291 0.0000000 0.0000010 0.1793783 0.1793783 0.3351674 0.3602014 0.3812116 1.8987791 1.8596077 1.8596077 1.8658370 2.9854035 2.9564487 
TrH2_TrispH2_010292-RA                       1.3414858 1.2107182 1.0916472 1.0487550 1.0723368 1.3308451 1.2181346 1.1414302 1.5562234 1.2358543 1.2817956 1.2421829 1.0189162 1.0793756 1.1681139 1.1438713 1.2132728 1.2256722 1.5171998 1.5813519 1.4431676 1.5465819 1.2711787 1.2233557 1.1140613 1.1792224 1.4039594 1.2630243 1.5727614 1.5049846 1.4133277 1.5183125 1.6121394 1.2327697 1.3707291 0.0000010 0.0000000 0.1793783 0.1793783 0.3351674 0.3602014 0.3812116 1.8987791 1.8596077 1.8596077 1.8658370 2.9854035 2.9564487 
Hhon_g01316.t1                               1.4606083 1.1962228 1.0004615 0.9580437 0.9592768 1.2830293 1.3755688 1.1286007 1.5742111 1.1892078 1.1368483 1.0372487 0.8540409 0.8972987 0.9433341 0.9212505 0.9736495 0.9847376 1.2571289 1.3082644 1.3919156 1.3666823 1.2994816 1.1665576 1.0763991 1.1616294 1.3200398 1.2498229 1.4499918 1.3888195 1.3185953 1.5331510 1.7777189 1.4068394 1.3544870 0.1793783 0.1793783 0.0000000 0.0000010 0.3545340 0.4062510 0.4365685 1.9470665 2.0964050 2.0964050 2.0541126 2.8495790 2.5067709 
HoiH04_mRNA15249                             1.4606083 1.1962228 1.0004615 0.9580437 0.9592768 1.2830293 1.3755688 1.1286007 1.5742111 1.1892078 1.1368483 1.0372487 0.8540409 0.8972987 0.9433341 0.9212505 0.9736495 0.9847376 1.2571289 1.3082644 1.3919156 1.3666823 1.2994816 1.1665576 1.0763991 1.1616294 1.3200398 1.2498229 1.4499918 1.3888195 1.3185953 1.5331510 1.7777189 1.4068394 1.3544870 0.1793783 0.1793783 0.0000010 0.0000000 0.3545340 0.4062510 0.4365685 1.9470665 2.0964050 2.0964050 2.0541126 2.8495790 2.5067709 
HoiH06_mRNA13702                             1.5697713 1.2193142 1.1299337 1.0515538 1.1713023 1.4543799 1.5029323 1.4502694 1.8111825 1.3796053 1.3839504 1.3346682 1.0934779 1.1311357 1.1926056 1.1785267 1.2387123 1.2512135 1.4792548 1.5719499 1.6846103 1.5648424 1.5996048 1.3773446 1.2682331 1.2969966 1.8125694 1.7137887 1.5298175 1.5371775 1.6468052 1.6576367 1.8545654 1.5308991 1.6114727 0.3351674 0.3351674 0.3545340 0.3545340 0.0000000 0.0781381 0.2159077 2.3138333 2.2707306 2.2707306 2.2310217 3.0862786 3.0877969 
HoiH23_PlH23_007518-RA                       1.6656836 1.4307018 1.3250145 1.2329364 1.2942473 1.5221916 1.5533523 1.4468001 1.8172163 1.4784592 1.4499572 1.2730484 1.1192917 1.1977180 1.2614219 1.2121553 1.3106911 1.3236272 1.5504764 1.6471302 1.7050179 1.5844505 1.6440224 1.3805116 1.2719797 1.3820290 2.0346680 1.8700619 1.4420272 1.4705992 1.5897948 1.6580341 1.8515276 1.5384405 1.6183618 0.3602014 0.3602014 0.4062510 0.4062510 0.0781381 0.0000000 0.2634449 2.3596228 2.2592062 2.2592062 2.2720778 3.0006373 2.8922091 
HoiH11_mRNA7625                              1.6668516 1.3036063 1.2300735 1.1563952 1.2349819 1.4661428 1.4890796 1.3073804 1.7420137 1.5273314 1.5559050 1.2752484 1.2714263 1.3151354 1.3836682 1.3674187 1.4393137 1.4531832 1.7380960 1.8424468 1.8179479 1.6578359 1.7049761 1.4982920 1.4232689 1.5200330 1.9244305 1.8582094 1.6519865 1.6077299 1.6840218 1.7488313 1.9011430 1.6102624 1.6041364 0.3812116 0.3812116 0.4365685 0.4365685 0.2159077 0.2634449 0.0000000 2.3730021 2.3859931 2.3859931 2.2716982 3.1514095 3.4929642 
Mlei_ML2044.g28.i1                           1.4273624 1.3535615 1.2460181 1.5075416 1.1166979 1.2940699 1.1620324 1.4661312 1.3698775 1.3427919 1.3938954 1.5374660 1.1104169 1.1521730 1.2582699 1.2425565 1.2259395 1.2400543 1.6504951 1.6934474 1.4883717 1.2127346 1.3838284 2.0429204 1.7009368 1.5348289 1.8847359 1.8555313 1.9797171 1.9247825 2.2508753 1.7128118 1.7806247 1.3848580 1.7496931 1.8987791 1.8987791 1.9470665 1.9470665 2.3138333 2.3596228 2.3730021 0.0000000 0.2398359 0.2398359 0.2419847 1.9297911 4.3721420 
Pbac_sb2657581                               1.3675879 1.5195499 1.3454510 1.5878217 1.2723056 1.4439966 1.3230419 1.4958887 1.4972508 1.1717529 1.3402150 1.5004665 1.0847877 1.1475828 1.2520489 1.2172020 1.2471807 1.2479083 1.8274623 1.8486439 1.5738091 1.4806677 1.5676141 1.8560325 1.5776731 1.4936617 1.8942083 1.8302460 1.8089217 1.7768367 2.0970202 1.8964672 1.9789484 1.4562227 1.8588575 1.8596077 1.8596077 2.0964050 2.0964050 2.2707306 2.2592062 2.3859931 0.2398359 0.0000000 0.0000010 0.2837885 2.2089758 3.5795320 
Horcal_Hcv1.av93.c1.g1442.i1                 1.3675879 1.5195499 1.3454510 1.5878217 1.2723056 1.4439966 1.3230419 1.4958887 1.4972508 1.1717529 1.3402150 1.5004665 1.0847877 1.1475828 1.2520489 1.2172020 1.2471807 1.2479083 1.8274623 1.8486439 1.5738091 1.4806677 1.5676141 1.8560325 1.5776731 1.4936617 1.8942083 1.8302460 1.8089217 1.7768367 2.0970202 1.8964672 1.9789484 1.4562227 1.8588575 1.8596077 1.8596077 2.0964050 2.0964050 2.2707306 2.2592062 2.3859931 0.2398359 0.0000010 0.0000000 0.2837885 2.2089758 3.5795320 
Vmul_sbMO427853                              1.5743887 1.4398069 1.3019370 1.6440661 1.2649314 1.3749359 1.4259979 1.6768315 1.6057336 1.4398582 1.5367353 1.6400610 1.1778790 1.2808559 1.3459179 1.3642728 1.3404054 1.3517419 1.8453209 1.8071094 1.5630372 1.3707376 1.5368885 2.0678932 1.7412166 1.4913586 2.0650109 1.9195052 2.0714875 2.0711370 2.5102315 1.6453214 1.7699968 1.5613153 1.8877367 1.8658370 1.8658370 2.0541126 2.0541126 2.2310217 2.2720778 2.2716982 0.2419847 0.2837885 0.2837885 0.0000000 2.2892104 4.3877699 
Acagra_model.g17971.t1.1.5d3b892d.2.5d400dbf 1.1811094 1.2350895 1.2652387 1.6240182 1.2032891 1.2758642 1.6243769 1.5362531 1.0946264 1.4998606 1.5396093 2.4927512 1.5864323 1.6901484 1.5621087 1.5344124 1.7060004 1.5995231 2.0785429 2.1367361 1.7783722 1.6723629 1.6369619 1.9872051 1.6885201 2.2867206 2.5293258 2.8225257 2.6521834 2.3775131 2.7054354 1.6352385 1.7926207 1.7969273 1.8007475 2.9854035 2.9854035 2.8495790 2.8495790 3.0862786 3.0006373 3.1514095 1.9297911 2.2089758 2.2089758 2.2892104 0.0000000 8.9999989 
Aaur_scaffold146.g11.t1                      2.8315037 2.8426851 2.3245787 2.2562121 2.5586649 3.6431119 2.6821703 3.7341197 3.9635019 1.7509391 2.0920599 2.2187953 1.6748653 1.5521659 1.9367681 1.9134573 1.9905039 1.9973765 2.3237147 2.7495930 4.1599628 3.7458945 3.6015722 3.2761287 2.6646641 3.2426444 1.7317271 1.5863138 1.6489101 1.5173402 1.2768558 4.2897516 4.1473567 3.8400454 3.4238143 2.9564487 2.9564487 2.5067709 2.5067709 3.0877969 2.8922091 3.4929642 4.3721420 3.5795320 3.5795320 4.3877699 8.9999989 0.0000000 
