21
Hsap_ENST00000219169                   0.0000000 1.6740603 1.7901622 1.8872528 1.8002724 1.9999052 2.0036910 1.8019232 1.7304659 1.9535771 1.8712671 1.9306400 1.9306400 1.9025422 1.8313569 2.0100099 2.0416385 1.5197606 1.7576498 2.4721856 3.8768773 
Tcas_TC012876_001                      1.6740603 0.0000000 0.6875453 1.2150736 1.7515906 2.2119013 2.2291697 1.6142225 1.6454623 1.7317093 1.6703433 1.6844390 1.6844390 1.7317570 1.5457386 1.5471845 1.5520701 1.6181789 1.6686034 2.4792841 2.5475560 
Cscu_XM_023364830.1                    1.7901622 0.6875453 0.0000000 1.4316596 1.7338668 2.1709132 2.1750020 1.5125959 1.7477276 1.6547485 1.6520471 1.7301002 1.7301002 1.7973724 1.7444421 1.6013770 1.6065126 1.9732526 1.7232475 2.4266239 2.4888722 
Ctel_gnl_WGS_AMQN_CAPTEDRAFT_mRNA29510 1.8872528 1.2150736 1.4316596 0.0000000 1.2203252 1.2175099 1.2197986 1.1764609 1.3289306 1.4548627 1.2462050 1.2344945 1.2344945 1.6977423 1.7553819 1.2480149 1.2480149 1.8451221 1.1543626 1.4284139 1.9433465 
Exapal_XM_021041485.2                  1.8002724 1.7515906 1.7338668 1.2203252 0.0000000 0.8834916 0.8843059 0.8022399 0.7550193 0.9636819 0.8272203 0.9872510 0.9872510 1.2486818 1.3070470 1.1927122 1.2232532 1.0021603 1.4383281 1.6531025 2.8677295 
Adig_XM_015896742.1                    1.9999052 2.2119013 2.1709132 1.2175099 0.8834916 0.0000000 0.0100756 0.5851472 0.6049570 1.4233990 1.2043694 1.1910828 1.1910828 1.2697358 1.4057651 1.0379924 1.0665831 1.3065534 1.6454385 1.8539697 2.2093487 
Amil_Amillepora12894-RA                2.0036910 2.2291697 2.1750020 1.2197986 0.8843059 0.0100756 0.0000000 0.6086961 0.6066749 1.4254710 1.2058612 1.2013070 1.2013070 1.2803104 1.4176417 1.0469544 1.0757661 1.3083511 1.6479835 1.8619519 2.1361416 
Spis_XP_022803948_1                    1.8019232 1.6142225 1.5125959 1.1764609 0.8022399 0.5851472 0.6086961 0.0000000 0.4528464 1.1486480 1.2171753 1.0557024 1.0557024 1.1626512 1.3377128 1.0702711 1.0976885 1.3935099 1.4387372 1.6140033 1.8830981 
Pocdam_XM_027195181.1                  1.7304659 1.6454623 1.7477276 1.3289306 0.7550193 0.6049570 0.6066749 0.4528464 0.0000000 1.2416042 1.1775631 1.1193053 1.1193053 1.3781186 1.5054722 1.3126468 1.3445972 1.3016758 1.4934362 1.6812580 2.3060156 
Dgig_XM_028536349.1                    1.9535771 1.7317093 1.6547485 1.4548627 0.9636819 1.4233990 1.4254710 1.1486480 1.2416042 0.0000000 0.4986080 1.2557797 1.2557797 1.4270410 1.5106771 1.3514935 1.3833687 1.3667093 1.6472591 1.7726654 3.4795781 
Xesp_006926-T1                         1.8712671 1.6703433 1.6520471 1.2462050 0.8272203 1.2043694 1.2058612 1.2171753 1.1775631 0.4986080 0.0000000 1.2398043 1.2398043 1.3565305 1.3798460 1.2527327 1.2822844 1.2679188 1.4578365 1.4960496 3.7140914 
Tadh_wf_g8819.t1                       1.9306400 1.6844390 1.7301002 1.2344945 0.9872510 1.1910828 1.2013070 1.0557024 1.1193053 1.2557797 1.2398043 0.0000000 0.0000010 0.7752282 0.7399714 0.6966621 0.7166206 1.4334794 1.6041700 2.0366501 2.9445230 
TrH2_TrispH2_000453-RA                 1.9306400 1.6844390 1.7301002 1.2344945 0.9872510 1.1910828 1.2013070 1.0557024 1.1193053 1.2557797 1.2398043 0.0000010 0.0000000 0.7752282 0.7399714 0.6966621 0.7166206 1.4334794 1.6041700 2.0366501 2.9445230 
HoiH06_mRNA2562                        1.9025422 1.7317570 1.7973724 1.6977423 1.2486818 1.2697358 1.2803104 1.1626512 1.3781186 1.4270410 1.3565305 0.7752282 0.7752282 0.0000000 0.1404422 0.2995122 0.3139776 1.6105932 1.9628969 2.2246624 3.7807229 
HoiH23_PlH23_005210-RA                 1.8313569 1.5457386 1.7444421 1.7553819 1.3070470 1.4057651 1.4176417 1.3377128 1.5054722 1.5106771 1.3798460 0.7399714 0.7399714 0.1404422 0.0000000 0.2732000 0.2870356 1.5418439 2.1710849 2.1949709 4.3430412 
Hhon_g09645.t1                         2.0100099 1.5471845 1.6013770 1.2480149 1.1927122 1.0379924 1.0469544 1.0702711 1.3126468 1.3514935 1.2527327 0.6966621 0.6966621 0.2995122 0.2732000 0.0000000 0.0102797 1.4774512 1.7487854 2.2474307 3.1292825 
HoiH04_mRNA3321                        2.0416385 1.5520701 1.6065126 1.2480149 1.2232532 1.0665831 1.0757661 1.0976885 1.3445972 1.3833687 1.2822844 0.7166206 0.7166206 0.3139776 0.2870356 0.0102797 0.0000000 1.5122095 1.7505063 2.2169489 3.0371885 
Nvec_v1g111102                         1.5197606 1.6181789 1.9732526 1.8451221 1.0021603 1.3065534 1.3083511 1.3935099 1.3016758 1.3667093 1.2679188 1.4334794 1.4334794 1.6105932 1.5418439 1.4774512 1.5122095 0.0000000 1.5998869 2.2794107 2.9696981 
Cgig_XM_011434833.2                    1.7576498 1.6686034 1.7232475 1.1543626 1.4383281 1.6454385 1.6479835 1.4387372 1.4934362 1.6472591 1.4578365 1.6041700 1.6041700 1.9628969 2.1710849 1.7487854 1.7505063 1.5998869 0.0000000 2.3186212 1.8579907 
Gasp_gasp1.m3.14538.m1                 2.4721856 2.4792841 2.4266239 1.4284139 1.6531025 1.8539697 1.8619519 1.6140033 1.6812580 1.7726654 1.4960496 2.0366501 2.0366501 2.2246624 2.1949709 2.2474307 2.2169489 2.2794107 2.3186212 0.0000000 4.8344063 
Lcom_lcpid250017                       3.8768773 2.5475560 2.4888722 1.9433465 2.8677295 2.2093487 2.1361416 1.8830981 2.3060156 3.4795781 3.7140914 2.9445230 2.9445230 3.7807229 4.3430412 3.1292825 3.0371885 2.9696981 1.8579907 4.8344063 0.0000000 
