55
Bralan_BLAG10000317_1                                0.0000000 0.9990172 0.9455555 1.1423064 1.3406287 1.4987778 1.2118651 1.1323104 1.2401431 1.2323999 1.7235978 1.4656434 1.4592244 1.3490619 1.5241810 1.5189057 1.5578218 1.4887669 1.5417999 1.6173022 1.4805853 1.4720453 1.4828443 1.4897853 1.6676204 1.5470235 1.4788643 2.0393609 1.6435079 1.7834067 1.6089698 1.3363901 1.6964704 1.6555223 1.7596766 1.2295973 1.2203235 1.3540548 1.4797251 1.5677743 1.5633671 2.3686125 2.3279951 2.3194670 1.8451279 2.2480393 2.2584944 2.1574031 2.2724991 1.6310934 2.0637244 2.2590236 2.3876757 1.5335303 1.6054309 
Spur_XM_030990177.1                                  0.9990172 0.0000000 0.9092334 1.1050656 1.1662953 1.2691247 1.1788926 1.0012957 1.1563270 1.1361350 1.2242184 1.3701191 1.4088780 1.1318900 1.2228773 1.2269907 1.2702723 1.2727630 1.5496457 1.5190461 1.3546288 1.3468165 1.3274698 1.3333924 1.4697612 1.3842756 1.3394134 1.9517741 1.6039558 1.7812920 1.5211169 1.3632409 1.5565056 1.6103378 1.5876113 1.1968781 1.2797030 1.2074095 1.5458994 1.5436667 1.5034187 2.0836689 1.8338599 1.8300115 1.5610932 1.9219256 1.9438590 1.8999328 1.8819809 1.5979833 2.0897819 2.1784700 2.2261880 1.5246260 1.7942353 
Skow_XM_006821558.1                                  0.9455555 0.9092334 0.0000000 1.0359303 1.0183106 1.1248980 0.9837788 0.8649227 1.0216386 0.9752917 1.1802017 1.3558446 1.3847676 1.2970856 1.2946826 1.2864587 1.3802634 1.1885506 1.4496465 1.4986520 1.4148779 1.4143299 1.3790402 1.3768839 1.4863832 1.4128278 1.4018840 1.8633863 1.6086658 1.7234445 1.6210687 1.3459888 1.6358276 1.6505470 1.5630341 1.1329686 1.0535857 1.2132275 1.5610562 1.4781777 1.5157997 1.9911389 1.9559637 1.9686475 1.6277327 2.0929782 2.0319238 2.0078363 2.0336561 1.6788808 1.9948920 2.1109840 2.3346639 1.3382492 1.5143622 
Nvec_v1g238395                                       1.1423064 1.1050656 1.0359303 0.0000000 0.5485879 0.6999771 0.5631734 0.5245773 0.5677437 0.5478488 0.8068164 1.0242782 1.0508346 1.0516322 1.2029684 1.2009010 1.2070888 1.0800657 1.2644647 1.3120736 1.4192127 1.4241591 1.3131175 1.3349465 1.5741014 1.4774779 1.3598474 1.8672802 1.6105754 1.7682458 1.5796563 1.2739452 1.7107351 1.6935470 1.7400966 1.0890192 1.2613235 1.3561909 1.5344265 1.5628659 1.3206264 2.1303487 2.1289703 2.0977882 1.5392227 2.3110973 2.3868677 2.2629013 2.0716676 1.5395809 2.1250584 2.2622688 2.5975444 1.6986611 1.5174908 
Adig_XM_015903338.1                                  1.3406287 1.1662953 1.0183106 0.5485879 0.0000000 0.0290560 0.1994551 0.2398059 0.2680812 0.2580761 0.3088146 0.9486289 1.0373062 1.0521881 1.1604133 1.1400891 1.0616919 1.0643786 1.3103346 1.3191922 1.4105634 1.4164490 1.2776003 1.2830940 1.3906082 1.3079239 1.2985953 1.8877097 1.6743449 1.8907443 1.7520206 1.3629519 1.7307717 1.7005517 1.6199244 1.1453707 1.2848520 1.3289576 1.4680356 1.4854927 1.3322996 2.2972565 2.1411088 2.1059249 1.6548682 2.2123513 2.3000862 2.1620643 2.0657175 1.5440951 2.2038595 2.2982717 2.4830336 1.7930585 1.7781767 
Amil_Amillepora11105-RA                              1.4987778 1.2691247 1.1248980 0.6999771 0.0290560 0.0000000 0.2468404 0.2345169 0.3301973 0.3222895 0.3166610 1.0751381 1.1945352 0.9771202 1.2387351 1.2273351 1.1038499 1.1733966 1.4171249 1.3595288 1.5165948 1.5230451 1.3687667 1.3722108 1.4221452 1.3487539 1.4017355 2.0578753 1.8214944 2.0435494 1.8514670 1.3375158 1.8431473 1.7727907 1.6780873 1.2569774 1.3970556 1.3539404 1.4955113 1.5823268 1.4257293 2.2927720 2.2185788 2.2019813 1.7679956 2.2920082 2.4382685 2.2955341 2.1931694 1.5510418 2.2984248 2.3098962 2.6802783 1.8507477 1.8027658 
Gfas_gfas1.m1.18739.m1                               1.2118651 1.1788926 0.9837788 0.5631734 0.1994551 0.2468404 0.0000000 0.2123212 0.2288476 0.2072461 0.2162599 0.9716611 1.0470236 1.0660438 1.1368650 1.1241946 1.1074323 1.0492629 1.2771391 1.3410143 1.4201741 1.4205710 1.2688282 1.2778848 1.3962949 1.3193395 1.3147386 2.0062445 1.6661888 1.9730093 1.7419451 1.2718981 1.7032830 1.6844193 1.6756884 1.1202858 1.2872561 1.3106068 1.5172996 1.5360015 1.3047993 2.2406465 2.1388939 2.1049378 1.6748516 2.2035155 2.2350624 2.1353758 2.0855822 1.6047082 2.1684306 2.4028678 2.5993704 1.8003675 1.7803015 
Fspp_ffun1.m4.33980.m1                               1.1323104 1.0012957 0.8649227 0.5245773 0.2398059 0.2345169 0.2123212 0.0000000 0.1961537 0.1807848 0.2536672 0.9037529 0.9155595 0.8115013 1.0096594 1.0136373 0.9585438 1.0317837 1.0996330 1.0579415 1.2485512 1.2466956 1.1009407 1.1018961 1.2056918 1.0943534 1.1401809 1.6894439 1.5196643 1.6061248 1.5532566 1.2791948 1.3933954 1.4062668 1.4513088 1.0256411 1.1326338 1.1011550 1.3536495 1.2375172 1.1718791 1.7978956 1.9018992 1.8773160 1.5739127 1.9235337 1.8503877 1.8747182 1.7671580 1.4501840 1.9290787 1.9799511 2.2905567 1.4521713 1.3058128 
Spis_XP_022788752_1                                  1.2401431 1.1563270 1.0216386 0.5677437 0.2680812 0.3301973 0.2288476 0.1961537 0.0000000 0.0709323 0.2066219 1.0337697 1.1219137 1.1383220 1.2291024 1.2136291 1.1744031 1.0836938 1.4201592 1.4462522 1.4795271 1.4767248 1.3746746 1.3761590 1.5233408 1.4405401 1.4071067 2.0278267 1.7300138 1.9175694 1.7958586 1.3757919 1.8658599 1.8090166 1.7594370 1.1468758 1.3065762 1.2927920 1.5396083 1.5846639 1.3420734 2.2435955 2.1738443 2.1391056 1.6870042 2.2255240 2.3094767 2.1468006 2.1278601 1.5679812 2.2734747 2.4043445 2.6589257 1.7657521 1.7560663 
Pocdam_XM_027185666.1                                1.2323999 1.1361350 0.9752917 0.5478488 0.2580761 0.3222895 0.2072461 0.1807848 0.0709323 0.0000000 0.1629038 0.9919115 1.0872629 1.1145123 1.2091110 1.1962394 1.1465301 1.0266658 1.3658443 1.3831096 1.4845743 1.4817641 1.3560337 1.3581827 1.4985968 1.4175992 1.4077311 1.9689397 1.6730812 1.8695959 1.7269303 1.3623075 1.7515504 1.7146576 1.6836547 1.1217728 1.2677014 1.2812071 1.5348796 1.4771547 1.3021161 2.1855507 2.0663568 2.0330962 1.6500862 2.1934377 2.2413893 2.1156619 2.0640225 1.6350744 2.2293610 2.2825414 2.5398612 1.7484494 1.7578020 
Gasp_gasp1.m3.24856.m1                               1.7235978 1.2242184 1.1802017 0.8068164 0.3088146 0.3166610 0.2162599 0.2536672 0.2066219 0.1629038 0.0000000 1.3696774 1.5636501 0.8356025 1.5144493 1.4693122 1.3085222 1.4159283 1.7149372 1.7099597 1.8743349 1.8702067 1.6659228 1.6702235 1.7076730 1.7116363 1.7498868 2.3935224 2.2245753 2.3498973 2.2421241 1.5929191 2.1491631 2.2022873 1.9049250 1.4190755 1.5408206 1.4684460 1.8033182 1.5714406 1.5276158 2.5940896 2.4404534 2.4353028 1.4305341 2.5732060 3.3682332 2.6280669 2.5027495 4.6947925 2.6589620 2.5801846 2.7008456 2.1203804 2.2461168 
Dgig_XM_028545337.1                                  1.4656434 1.3701191 1.3558446 1.0242782 0.9486289 1.0751381 0.9716611 0.9037529 1.0337697 0.9919115 1.3696774 0.0000000 0.2466772 1.1885642 1.3422103 1.3180145 1.3738442 1.3549819 1.6243589 1.6193391 1.6242459 1.6222446 1.5877136 1.5936385 1.8216617 1.7078818 1.6010426 1.9991070 1.8319996 1.9816195 1.8698663 1.5327262 1.9573842 1.8542925 1.8533991 1.4888747 1.4640741 1.6220127 1.9315633 1.6296021 1.4975560 2.2774392 2.2117796 2.2075835 1.6507009 2.2470366 2.3468526 2.1878944 2.1746729 1.5604343 2.3397149 2.4585955 2.6325210 1.9383635 2.0180535 
Xesp_001259-T1                                       1.4592244 1.4088780 1.3847676 1.0508346 1.0373062 1.1945352 1.0470236 0.9155595 1.1219137 1.0872629 1.5636501 0.2466772 0.0000000 1.2163456 1.3479779 1.3149566 1.3778638 1.3600217 1.6239222 1.5936765 1.6689549 1.6668922 1.6431990 1.6702942 1.9266251 1.8031770 1.6759488 1.9581932 1.7649832 2.0016620 1.9035250 1.5402423 1.9515078 1.9184368 2.0583289 1.6088004 1.5868979 1.6097430 1.9731311 1.7489106 1.6681853 2.2537652 2.2660865 2.2582155 1.6108593 2.3354513 2.3283006 2.2302821 2.3272061 1.6237184 2.4470817 2.5671585 2.6698387 1.9728635 2.0837305 
Aaur_scaffold2586.g2.t1                              1.3490619 1.1318900 1.2970856 1.0516322 1.0521881 0.9771202 1.0660438 0.8115013 1.1383220 1.1145123 0.8356025 1.1885642 1.2163456 0.0000000 0.3832398 0.3780249 0.4930622 0.8439258 0.9521620 1.0459492 1.3329647 1.3284900 1.3257124 1.3447687 1.1490687 1.0887844 1.3151178 1.7479853 1.5197168 1.6275186 1.4926162 1.0951916 1.5665132 1.4777812 1.2091011 1.4331055 1.3192927 1.4080416 1.5530725 1.3576842 1.1772824 1.6330102 1.6672784 1.6928116 1.7021080 1.7658727 1.6323396 1.6734216 1.6954908 1.6477496 1.9122682 1.9876097 2.3432526 1.3605453 1.5432307 
Nemnom_g16716.t1                                     1.5241810 1.2228773 1.2946826 1.2029684 1.1604133 1.2387351 1.1368650 1.0096594 1.2291024 1.2091110 1.5144493 1.3422103 1.3479779 0.3832398 0.0000000 0.0598811 0.4328812 0.8258562 1.0504973 1.0899350 1.4868672 1.4833821 1.5032921 1.5165219 1.5452387 1.4879865 1.4648184 2.1331805 1.7730028 1.9826544 1.8597624 1.3697196 1.8716643 1.7396391 1.7909633 1.4889510 1.4644952 1.5314992 1.7259002 1.5569866 1.5059835 2.3073258 2.2158375 2.2086059 1.7108287 2.2555361 2.2522999 2.1865123 2.2106124 1.4910410 2.4481983 2.5706149 2.5782062 1.8103866 1.9447349 
Rhoesc_Res_005440-T1                                 1.5189057 1.2269907 1.2864587 1.2009010 1.1400891 1.2273351 1.1241946 1.0136373 1.2136291 1.1962394 1.4693122 1.3180145 1.3149566 0.3780249 0.0598811 0.0000000 0.4161752 0.8098561 1.0475916 1.0869942 1.5218845 1.5183962 1.5187809 1.5305642 1.5634801 1.5022042 1.4729725 2.0773947 1.7626721 1.9149290 1.8505720 1.4124171 1.8298712 1.7636945 1.7874360 1.4966421 1.4564372 1.5439997 1.7773661 1.5526618 1.5123866 2.2843954 2.1773724 2.1842716 1.6169263 2.1955070 2.1502914 2.1127770 2.1899918 1.5339304 2.4738368 2.5505323 2.6072539 1.8566150 1.9493612 
Sanmal_Sma_005630-T1                                 1.5578218 1.2702723 1.3802634 1.2070888 1.0616919 1.1038499 1.1074323 0.9585438 1.1744031 1.1465301 1.3085222 1.3738442 1.3778638 0.4930622 0.4328812 0.4161752 0.0000000 0.7318495 1.0430857 1.0070691 1.5256389 1.5221153 1.4745623 1.4756363 1.5797702 1.5095327 1.4452556 2.0563702 1.6838240 1.8862092 1.8334264 1.3358126 1.8693334 1.7986346 1.6631266 1.5670062 1.4702971 1.6126321 1.8061235 1.6357503 1.5723063 2.4844948 2.2900462 2.2702047 1.7533106 2.2767139 2.2314233 2.2344677 2.2748825 1.5809255 2.4197450 2.4985633 2.7854458 1.8836399 2.1195847 
Morvir_scaffold24.g30.t2                             1.4887669 1.2727630 1.1885506 1.0800657 1.0643786 1.1733966 1.0492629 1.0317837 1.0836938 1.0266658 1.4159283 1.3549819 1.3600217 0.8439258 0.8258562 0.8098561 0.7318495 0.0000000 0.9969944 0.9411311 1.4809762 1.4793971 1.4476052 1.4519179 1.5916641 1.5264584 1.4506662 2.1143409 1.7500560 1.9832370 1.7937639 1.4485590 1.7301117 1.7544278 1.7341980 1.5114782 1.4200703 1.7419946 1.9189487 1.4662915 1.5444294 2.2029402 2.2221918 2.2209431 1.7866808 2.1382735 2.0914581 2.0603157 2.2202710 1.6050340 2.4639500 2.3829338 2.5957891 1.8757592 1.9907206 
Hvul_g29115_1                                        1.5417999 1.5496457 1.4496465 1.2644647 1.3103346 1.4171249 1.2771391 1.0996330 1.4201592 1.3658443 1.7149372 1.6243589 1.6239222 0.9521620 1.0504973 1.0475916 1.0430857 0.9969944 0.0000000 0.7222929 1.7451403 1.7329111 1.7355333 1.7457172 1.9186996 1.7896785 1.7309559 2.1296566 1.9547368 2.0526358 1.9847408 1.5459347 1.8591444 1.9129384 2.0321888 1.7273080 1.6443531 1.8427598 2.0005504 1.8018744 1.7426064 2.5275111 2.4851046 2.4729032 1.9469010 2.6866698 2.7345564 2.7157906 2.5869936 1.5423883 2.5708962 2.5968392 2.7610099 2.0434006 1.9918193 
Chem_TCONS_00071027                                  1.6173022 1.5190461 1.4986520 1.3120736 1.3191922 1.3595288 1.3410143 1.0579415 1.4462522 1.3831096 1.7099597 1.6193391 1.5936765 1.0459492 1.0899350 1.0869942 1.0070691 0.9411311 0.7222929 0.0000000 1.7145427 1.7048077 1.7260707 1.7401017 1.8447528 1.7605559 1.7005871 2.1475623 1.9452436 2.0498451 1.8891239 1.5152541 1.8941644 1.8873805 1.8294423 1.6168615 1.7106677 1.7950961 1.9590570 1.6605123 1.7299824 2.6461832 2.5703597 2.5621594 1.9162755 2.6904731 2.7255605 2.6654139 2.5424955 1.6368353 2.4445417 2.4743179 2.6394672 2.1537781 2.0995434 
Tadh_TriadT55060                                     1.4805853 1.3546288 1.4148779 1.4192127 1.4105634 1.5165948 1.4201741 1.2485512 1.4795271 1.4845743 1.8743349 1.6242459 1.6689549 1.3329647 1.4868672 1.5218845 1.5256389 1.4809762 1.7451403 1.7145427 0.0000000 0.0033891 0.1887716 0.1890055 0.1949083 0.1786770 0.1769902 2.3234707 1.7900561 2.1067144 1.9221013 1.4181302 1.9569592 1.8469689 1.8402125 1.4295564 1.5691202 1.6228888 1.8430166 1.7571119 1.6569635 2.2387036 2.1839068 2.1545773 1.6052010 2.0319813 2.2048225 2.0881774 2.0895233 1.5102358 2.1737264 2.5446314 2.3990663 1.8545219 1.9882215 
TrH2_TrispH2_009507-RA                               1.4720453 1.3468165 1.4143299 1.4241591 1.4164490 1.5230451 1.4205710 1.2466956 1.4767248 1.4817641 1.8702067 1.6222446 1.6668922 1.3284900 1.4833821 1.5183962 1.5221153 1.4793971 1.7329111 1.7048077 0.0033891 0.0000000 0.1905205 0.1907679 0.1911271 0.1751270 0.1742354 2.3230282 1.7892673 2.1051234 1.9149257 1.4205064 1.9538020 1.8446056 1.8369188 1.4330589 1.5568060 1.6102372 1.8285682 1.7501756 1.6540511 2.2319228 2.1773313 2.1480229 1.5988525 2.0259868 2.2011385 2.0855398 2.0834278 1.5026658 2.1719774 2.5419644 2.3958474 1.8411914 1.9716285 
HoiH06_mRNA11584                                     1.4828443 1.3274698 1.3790402 1.3131175 1.2776003 1.3687667 1.2688282 1.1009407 1.3746746 1.3560337 1.6659228 1.5877136 1.6431990 1.3257124 1.5032921 1.5187809 1.4745623 1.4476052 1.7355333 1.7260707 0.1887716 0.1905205 0.0000000 0.0293368 0.1154731 0.0985547 0.1280209 2.2245436 1.7775135 2.1074268 1.8903044 1.3299539 1.8819143 1.8095078 1.7850491 1.3921964 1.5414839 1.5200067 1.7293468 1.7932081 1.6922913 2.3243803 2.1270345 2.0977095 1.5953086 1.9849738 2.1755994 2.0685306 2.0514744 1.4263087 2.1747265 2.4037505 2.3794574 1.8496465 1.9879850 
HoiH23_PlH23_002434-RA                               1.4897853 1.3333924 1.3768839 1.3349465 1.2830940 1.3722108 1.2778848 1.1018961 1.3761590 1.3581827 1.6702235 1.5936385 1.6702942 1.3447687 1.5165219 1.5305642 1.4756363 1.4519179 1.7457172 1.7401017 0.1890055 0.1907679 0.0293368 0.0000000 0.1017698 0.0855831 0.1301604 2.2152974 1.8089181 2.1255178 1.8859481 1.3073343 1.8532308 1.7945633 1.8159097 1.3943905 1.5348175 1.5059028 1.7249698 1.8047445 1.6893412 2.3387390 2.1503015 2.1209068 1.6068842 1.9918491 2.1903996 2.0798911 2.0759669 1.3986941 2.1858575 2.3769445 2.3539016 1.8368939 1.9829503 
Hhon_g11254.t1                                       1.6676204 1.4697612 1.4863832 1.5741014 1.3906082 1.4221452 1.3962949 1.2056918 1.5233408 1.4985968 1.7076730 1.8216617 1.9266251 1.1490687 1.5452387 1.5634801 1.5797702 1.5916641 1.9186996 1.8447528 0.1949083 0.1911271 0.1154731 0.1017698 0.0000000 0.0250264 0.1560249 2.2394074 1.9253454 2.2606886 1.9728499 1.4035672 2.0003498 1.8966103 1.7700846 1.4832929 1.6492919 1.4877399 1.7222817 1.8554329 1.7627889 2.1667340 2.0709937 2.0644424 1.4257848 1.8597604 2.0437677 1.9791100 2.0004687 1.3819477 2.3317561 2.4720893 2.4236139 1.8288457 2.0728839 
HoiH04_mRNA1157                                      1.5470235 1.3842756 1.4128278 1.4774779 1.3079239 1.3487539 1.3193395 1.0943534 1.4405401 1.4175992 1.7116363 1.7078818 1.8031770 1.0887844 1.4879865 1.5022042 1.5095327 1.5264584 1.7896785 1.7605559 0.1786770 0.1751270 0.0985547 0.0855831 0.0250264 0.0000000 0.1373314 2.1804631 1.7987334 2.1717019 1.8994533 1.3372497 1.8731007 1.7998036 1.7665969 1.3962220 1.5885130 1.4174671 1.6836809 1.8013532 1.6774704 2.1032435 2.0214642 2.0151913 1.3499489 1.8353900 1.9888336 1.9548321 1.9807792 1.2232111 2.3046816 2.4142268 2.3565466 1.7370764 1.9472671 
HoiH11_mRNA4503                                      1.4788643 1.3394134 1.4018840 1.3598474 1.2985953 1.4017355 1.3147386 1.1401809 1.4071067 1.4077311 1.7498868 1.6010426 1.6759488 1.3151178 1.4648184 1.4729725 1.4452556 1.4506662 1.7309559 1.7005871 0.1769902 0.1742354 0.1280209 0.1301604 0.1560249 0.1373314 0.0000000 2.1875695 1.7807206 2.1112055 1.8559144 1.4068070 1.9115643 1.7877050 1.7786177 1.4247476 1.5566214 1.5698089 1.7875830 1.7657578 1.7032614 2.2817614 2.1260541 2.0966381 1.5816701 1.9344538 2.0665615 2.0004314 2.0866097 1.4394744 2.2109175 2.4713771 2.4416847 1.8728748 2.0617148 
Aque_Aqu2.1.43724_001                                2.0393609 1.9517741 1.8633863 1.8672802 1.8877097 2.0578753 2.0062445 1.6894439 2.0278267 1.9689397 2.3935224 1.9991070 1.9581932 1.7479853 2.1331805 2.0773947 2.0563702 2.1143409 2.1296566 2.1475623 2.3234707 2.3230282 2.2245436 2.2152974 2.2394074 2.1804631 2.1875695 0.0000000 0.6329153 0.4919100 1.3862306 1.2421598 1.2529219 1.3014548 1.3445530 1.9836068 1.8918590 2.2078684 2.3375741 1.9725130 2.0642003 2.3405430 2.1267710 2.1425144 1.7580168 2.1505942 2.0625571 2.1152964 2.2324392 1.5647412 2.4624693 2.5311446 2.7187839 2.2408157 2.1276259 
Xestes_maker-XT_scaffold90-augustus-gene-0.12-mRNA-1 1.6435079 1.6039558 1.6086658 1.6105754 1.6743449 1.8214944 1.6661888 1.5196643 1.7300138 1.6730812 2.2245753 1.8319996 1.7649832 1.5197168 1.7730028 1.7626721 1.6838240 1.7500560 1.9547368 1.9452436 1.7900561 1.7892673 1.7775135 1.8089181 1.9253454 1.7987334 1.7807206 0.6329153 0.0000000 0.3986755 0.8594822 0.9589464 0.9583551 0.9219305 0.9320092 1.6585293 1.6194801 1.8122550 1.9647728 1.5393970 1.5377988 2.0447226 2.1084450 2.1201211 1.7256167 2.2537713 2.1256967 2.2516610 2.1020261 1.4435791 2.1716187 2.3520579 2.4637136 1.7888938 1.7904743 
Halamb_c49742_g1_i1m.26791                           1.7834067 1.7812920 1.7234445 1.7682458 1.8907443 2.0435494 1.9730093 1.6061248 1.9175694 1.8695959 2.3498973 1.9816195 2.0016620 1.6275186 1.9826544 1.9149290 1.8862092 1.9832370 2.0526358 2.0498451 2.1067144 2.1051234 2.1074268 2.1255178 2.2606886 2.1717019 2.1112055 0.4919100 0.3986755 0.0000000 1.1115452 1.0682853 1.1053146 1.0975682 1.0870898 1.8907953 1.8604986 2.0402707 2.0857584 1.7584431 1.8110117 2.3705907 2.1418579 2.1288941 1.6847066 2.1898666 2.1277181 2.1806196 2.2063344 1.4740678 2.5065835 2.5846019 2.7660413 2.0226359 1.9137391 
Tetwil_g1247.t1                                      1.6089698 1.5211169 1.6210687 1.5796563 1.7520206 1.8514670 1.7419451 1.5532566 1.7958586 1.7269303 2.2421241 1.8698663 1.9035250 1.4926162 1.8597624 1.8505720 1.8334264 1.7937639 1.9847408 1.8891239 1.9221013 1.9149257 1.8903044 1.8859481 1.9728499 1.8994533 1.8559144 1.3862306 0.8594822 1.1115452 0.0000000 0.9569247 0.8014541 0.8314379 0.9411903 1.7654391 1.6699539 1.8271346 2.2406523 1.6468779 1.6445216 2.5218638 2.2964709 2.3062272 1.7469740 2.4091304 2.3093112 2.3768741 2.3636620 1.6487724 2.3458362 2.4429587 2.5613786 2.0356471 2.0078790 
Plespi_Pspi_scaffold19618_01                         1.3363901 1.3632409 1.3459888 1.2739452 1.3629519 1.3375158 1.2718981 1.2791948 1.3757919 1.3623075 1.5929191 1.5327262 1.5402423 1.0951916 1.3697196 1.4124171 1.3358126 1.4485590 1.5459347 1.5152541 1.4181302 1.4205064 1.3299539 1.3073343 1.4035672 1.3372497 1.4068070 1.2421598 0.9589464 1.0682853 0.9569247 0.0000000 1.1660035 0.9483163 1.0310659 1.3562655 1.2810342 1.4748661 1.6258879 1.2528598 1.1696734 1.6864004 1.4880515 1.4988128 1.5830713 1.5615103 1.4740977 1.5408763 1.4066532 1.1982763 1.7588634 2.0535689 2.0021804 1.6080730 1.5977653 
Emue_Em0004g1681a.t1                                 1.6964704 1.5565056 1.6358276 1.7107351 1.7307717 1.8431473 1.7032830 1.3933954 1.8658599 1.7515504 2.1491631 1.9573842 1.9515078 1.5665132 1.8716643 1.8298712 1.8693334 1.7301117 1.8591444 1.8941644 1.9569592 1.9538020 1.8819143 1.8532308 2.0003498 1.8731007 1.9115643 1.2529219 0.9583551 1.1053146 0.8014541 1.1660035 0.0000000 0.1639516 0.8913609 1.6788074 1.7000472 1.9597204 2.0799752 1.6605264 1.5580524 2.3752584 2.3260229 2.3081944 1.8693551 2.2767120 2.4830598 2.4289257 2.2072628 1.6697522 2.1218838 2.3263168 2.1840290 1.9630286 2.0181264 
Spolac_c94399_g1_i1_m.10025c94399-g1                 1.6555223 1.6103378 1.6505470 1.6935470 1.7005517 1.7727907 1.6844193 1.4062668 1.8090166 1.7146576 2.2022873 1.8542925 1.9184368 1.4777812 1.7396391 1.7636945 1.7986346 1.7544278 1.9129384 1.8873805 1.8469689 1.8446056 1.8095078 1.7945633 1.8966103 1.7998036 1.7877050 1.3014548 0.9219305 1.0975682 0.8314379 0.9483163 0.1639516 0.0000000 0.8527703 1.7620897 1.8278273 2.0098078 2.1551966 1.5694666 1.6115346 2.4409880 2.2351418 2.2232201 1.7167428 2.2273554 2.3155653 2.3050720 2.1857699 1.6237519 2.2611199 2.4930345 2.4881512 2.0637323 2.1631982 
Stycar_maker-SC_scaffold4066-snap-gene-0.14-mRNA-1   1.7596766 1.5876113 1.5630341 1.7400966 1.6199244 1.6780873 1.6756884 1.4513088 1.7594370 1.6836547 1.9049250 1.8533991 2.0583289 1.2091011 1.7909633 1.7874360 1.6631266 1.7341980 2.0321888 1.8294423 1.8402125 1.8369188 1.7850491 1.8159097 1.7700846 1.7665969 1.7786177 1.3445530 0.9320092 1.0870898 0.9411903 1.0310659 0.8913609 0.8527703 0.0000000 1.7062009 1.8510944 2.0015885 2.1382022 1.7927217 1.6404320 2.5147880 2.3111369 2.3238420 1.3375247 2.3460939 2.2607826 2.3461506 2.3115114 1.4676339 2.3645264 2.7099286 2.5110368 2.2178430 2.1853570 
Ctel_gnl_WGS_AMQN_CAPTEDRAFT_mRNA161236              1.2295973 1.1968781 1.1329686 1.0890192 1.1453707 1.2569774 1.1202858 1.0256411 1.1468758 1.1217728 1.4190755 1.4888747 1.6088004 1.4331055 1.4889510 1.4966421 1.5670062 1.5114782 1.7273080 1.6168615 1.4295564 1.4330589 1.3921964 1.3943905 1.4832929 1.3962220 1.4247476 1.9836068 1.6585293 1.8907953 1.7654391 1.3562655 1.6788074 1.7620897 1.7062009 0.0000000 1.1901159 1.0485656 1.3255501 1.5914309 1.5407326 2.3629097 2.3423918 2.3033791 1.6154469 2.3531134 2.2514322 2.2696106 2.2793934 1.5667760 2.2934773 2.3724201 2.4244779 1.3864906 1.5376688 
Cscu_XM_023372307.1                                  1.2203235 1.2797030 1.0535857 1.2613235 1.2848520 1.3970556 1.2872561 1.1326338 1.3065762 1.2677014 1.5408206 1.4640741 1.5868979 1.3192927 1.4644952 1.4564372 1.4702971 1.4200703 1.6443531 1.7106677 1.5691202 1.5568060 1.5414839 1.5348175 1.6492919 1.5885130 1.5566214 1.8918590 1.6194801 1.8604986 1.6699539 1.2810342 1.7000472 1.8278273 1.8510944 1.1901159 0.0000000 1.2547249 1.4827248 1.5555341 1.5494722 2.2557571 2.1553009 2.1479888 1.6253599 2.0927906 2.0839104 2.0454846 2.1328584 1.5450642 2.1954783 2.2902045 2.2728045 1.3066254 1.4345416 
Cgig_XM_034454409.1                                  1.3540548 1.2074095 1.2132275 1.3561909 1.3289576 1.3539404 1.3106068 1.1011550 1.2927920 1.2812071 1.4684460 1.6220127 1.6097430 1.4080416 1.5314992 1.5439997 1.6126321 1.7419946 1.8427598 1.7950961 1.6228888 1.6102372 1.5200067 1.5059028 1.4877399 1.4174671 1.5698089 2.2078684 1.8122550 2.0402707 1.8271346 1.4748661 1.9597204 2.0098078 2.0015885 1.0485656 1.2547249 0.0000000 0.9711693 1.5883232 1.6485445 2.2637163 2.1528597 2.1422373 1.8644063 2.2798914 2.2452620 2.3129197 2.1915852 1.7707379 2.4437869 2.5146015 2.7479656 1.6272353 1.6976144 
Acagra_model.g19514.t1                               1.4797251 1.5458994 1.5610562 1.5344265 1.4680356 1.4955113 1.5172996 1.3536495 1.5396083 1.5348796 1.8033182 1.9315633 1.9731311 1.5530725 1.7259002 1.7773661 1.8061235 1.9189487 2.0005504 1.9590570 1.8430166 1.8285682 1.7293468 1.7249698 1.7222817 1.6836809 1.7875830 2.3375741 1.9647728 2.0857584 2.2406523 1.6258879 2.0799752 2.1551966 2.1382022 1.3255501 1.4827248 0.9711693 0.0000000 1.8464013 1.8599231 2.5284653 2.4009296 2.3730059 2.0390960 2.5138733 2.6660456 2.5805078 2.3973785 1.7520410 2.5425637 2.6529468 2.8533754 1.6982534 1.9636482 
Opea_EP00118_Oscarella_pearsei_P003445               1.5677743 1.5436667 1.4781777 1.5628659 1.4854927 1.5823268 1.5360015 1.2375172 1.5846639 1.4771547 1.5714406 1.6296021 1.7489106 1.3576842 1.5569866 1.5526618 1.6357503 1.4662915 1.8018744 1.6605123 1.7571119 1.7501756 1.7932081 1.8047445 1.8554329 1.8013532 1.7657578 1.9725130 1.5393970 1.7584431 1.6468779 1.2528598 1.6605264 1.5694666 1.7927217 1.5914309 1.5555341 1.5883232 1.8464013 0.0000000 1.0102191 2.4533406 2.3073356 2.2783457 1.5992633 2.2135839 2.2729121 2.1779390 2.2100190 1.6034172 2.2582490 2.1714996 2.4457927 1.8046074 2.0156680 
Plajan_Pjan_C570592_01                               1.5633671 1.5034187 1.5157997 1.3206264 1.3322996 1.4257293 1.3047993 1.1718791 1.3420734 1.3021161 1.5276158 1.4975560 1.6681853 1.1772824 1.5059835 1.5123866 1.5723063 1.5444294 1.7426064 1.7299824 1.6569635 1.6540511 1.6922913 1.6893412 1.7627889 1.6774704 1.7032614 2.0642003 1.5377988 1.8110117 1.6445216 1.1696734 1.5580524 1.6115346 1.6404320 1.5407326 1.5494722 1.6485445 1.8599231 1.0102191 0.0000000 2.2099212 2.1094689 2.0789826 1.6228433 2.0268064 2.1215842 2.0783186 2.0602270 1.6351006 2.1363746 2.2143140 2.4049079 1.7848811 1.9729690 
Mlei_ML0523.g6.i1                                    2.3686125 2.0836689 1.9911389 2.1303487 2.2972565 2.2927720 2.2406465 1.7978956 2.2435955 2.1855507 2.5940896 2.2774392 2.2537652 1.6330102 2.3073258 2.2843954 2.4844948 2.2029402 2.5275111 2.6461832 2.2387036 2.2319228 2.3243803 2.3387390 2.1667340 2.1032435 2.2817614 2.3405430 2.0447226 2.3705907 2.5218638 1.6864004 2.3752584 2.4409880 2.5147880 2.3629097 2.2557571 2.2637163 2.5284653 2.4533406 2.2099212 0.0000000 0.4504347 0.4422090 0.3420174 0.7081672 0.6542107 0.6997745 0.5740082 1.7726289 2.8446909 2.7473010 3.0725229 2.3661338 2.3419293 
Pbac_sb2642097                                       2.3279951 1.8338599 1.9559637 2.1289703 2.1411088 2.2185788 2.1388939 1.9018992 2.1738443 2.0663568 2.4404534 2.2117796 2.2660865 1.6672784 2.2158375 2.1773724 2.2900462 2.2221918 2.4851046 2.5703597 2.1839068 2.1773313 2.1270345 2.1503015 2.0709937 2.0214642 2.1260541 2.1267710 2.1084450 2.1418579 2.2964709 1.4880515 2.3260229 2.2351418 2.3111369 2.3423918 2.1553009 2.1528597 2.4009296 2.3073356 2.1094689 0.4504347 0.0000000 0.0069561 0.4413557 0.5960339 0.6432534 0.6110214 0.5458655 1.8593720 2.5826005 2.6995640 2.7000284 2.2799688 2.5069122 
Horcal_Hcv1.av93.c1.g47.i1                           2.3194670 1.8300115 1.9686475 2.0977882 2.1059249 2.2019813 2.1049378 1.8773160 2.1391056 2.0330962 2.4353028 2.2075835 2.2582155 1.6928116 2.2086059 2.1842716 2.2702047 2.2209431 2.4729032 2.5621594 2.1545773 2.1480229 2.0977095 2.1209068 2.0644424 2.0151913 2.0966381 2.1425144 2.1201211 2.1288941 2.3062272 1.4988128 2.3081944 2.2232201 2.3238420 2.3033791 2.1479888 2.1422373 2.3730059 2.2783457 2.0789826 0.4422090 0.0069561 0.0000000 0.4406017 0.5885156 0.6401594 0.5995009 0.5327247 1.8299652 2.6092412 2.7197003 2.7190465 2.2908086 2.4965829 
Drygla_Dgla_sb289294                                 1.8451279 1.5610932 1.6277327 1.5392227 1.6548682 1.7679956 1.6748516 1.5739127 1.6870042 1.6500862 1.4305341 1.6507009 1.6108593 1.7021080 1.7108287 1.6169263 1.7533106 1.7866808 1.9469010 1.9162755 1.6052010 1.5988525 1.5953086 1.6068842 1.4257848 1.3499489 1.5816701 1.7580168 1.7256167 1.6847066 1.7469740 1.5830713 1.8693551 1.7167428 1.3375247 1.6154469 1.6253599 1.8644063 2.0390960 1.5992633 1.6228433 0.3420174 0.4413557 0.4406017 0.0000000 0.6659573 0.6329503 0.6038532 0.6101959 1.7778929 1.9507670 1.9946352 2.1591146 1.6020778 1.5972288 
Vmul_Simscaffold5505_01                              2.2480393 1.9219256 2.0929782 2.3110973 2.2123513 2.2920082 2.2035155 1.9235337 2.2255240 2.1934377 2.5732060 2.2470366 2.3354513 1.7658727 2.2555361 2.1955070 2.2767139 2.1382735 2.6866698 2.6904731 2.0319813 2.0259868 1.9849738 1.9918491 1.8597604 1.8353900 1.9344538 2.1505942 2.2537713 2.1898666 2.4091304 1.5615103 2.2767120 2.2273554 2.3460939 2.3531134 2.0927906 2.2798914 2.5138733 2.2135839 2.0268064 0.7081672 0.5960339 0.5885156 0.6659573 0.0000000 0.1866216 0.1781513 0.5125622 1.8641644 2.6425730 2.7830878 2.6746013 2.3523474 2.5443356 
Coeast_Cast_sb791257                                 2.2584944 1.9438590 2.0319238 2.3868677 2.3000862 2.4382685 2.2350624 1.8503877 2.3094767 2.2413893 3.3682332 2.3468526 2.3283006 1.6323396 2.2522999 2.1502914 2.2314233 2.0914581 2.7345564 2.7255605 2.2048225 2.2011385 2.1755994 2.1903996 2.0437677 1.9888336 2.0665615 2.0625571 2.1256967 2.1277181 2.3093112 1.4740977 2.4830598 2.3155653 2.2607826 2.2514322 2.0839104 2.2452620 2.6660456 2.2729121 2.1215842 0.6542107 0.6432534 0.6401594 0.6329503 0.1866216 0.0000000 0.0298126 0.5676822 1.8506616 2.6553499 2.5561723 2.7695810 2.2709398 2.2047903 
Coemet_Cmet_C604108_01                               2.1574031 1.8999328 2.0078363 2.2629013 2.1620643 2.2955341 2.1353758 1.8747182 2.1468006 2.1156619 2.6280669 2.1878944 2.2302821 1.6734216 2.1865123 2.1127770 2.2344677 2.0603157 2.7157906 2.6654139 2.0881774 2.0855398 2.0685306 2.0798911 1.9791100 1.9548321 2.0004314 2.1152964 2.2516610 2.1806196 2.3768741 1.5408763 2.4289257 2.3050720 2.3461506 2.2696106 2.0454846 2.3129197 2.5805078 2.1779390 2.0783186 0.6997745 0.6110214 0.5995009 0.6038532 0.1781513 0.0298126 0.0000000 0.5227516 1.8839601 2.5907889 2.7031416 2.6752277 2.3571766 2.5830960 
Lampan_Lpan_1725_01                                  2.2724991 1.8819809 2.0336561 2.0716676 2.0657175 2.1931694 2.0855822 1.7671580 2.1278601 2.0640225 2.5027495 2.1746729 2.3272061 1.6954908 2.2106124 2.1899918 2.2748825 2.2202710 2.5869936 2.5424955 2.0895233 2.0834278 2.0514744 2.0759669 2.0004687 1.9807792 2.0866097 2.2324392 2.1020261 2.2063344 2.3636620 1.4066532 2.2072628 2.1857699 2.3115114 2.2793934 2.1328584 2.1915852 2.3973785 2.2100190 2.0602270 0.5740082 0.5458655 0.5327247 0.6101959 0.5125622 0.5676822 0.5227516 0.0000000 1.6776250 2.5845895 2.7494879 2.7635341 2.1280913 2.3888456 
Clacor_Ccor_scaffold7993_01                          1.6310934 1.5979833 1.6788808 1.5395809 1.5440951 1.5510418 1.6047082 1.4501840 1.5679812 1.6350744 4.6947925 1.5604343 1.6237184 1.6477496 1.4910410 1.5339304 1.5809255 1.6050340 1.5423883 1.6368353 1.5102358 1.5026658 1.4263087 1.3986941 1.3819477 1.2232111 1.4394744 1.5647412 1.4435791 1.4740678 1.6487724 1.1982763 1.6697522 1.6237519 1.4676339 1.5667760 1.5450642 1.7707379 1.7520410 1.6034172 1.6351006 1.7726289 1.8593720 1.8299652 1.7778929 1.8641644 1.8506616 1.8839601 1.6776250 0.0000000 1.2899264 1.2956255 1.3964175 1.6813743 1.7369317 
Lcom_lcpid75994                                      2.0637244 2.0897819 1.9948920 2.1250584 2.2038595 2.2984248 2.1684306 1.9290787 2.2734747 2.2293610 2.6589620 2.3397149 2.4470817 1.9122682 2.4481983 2.4738368 2.4197450 2.4639500 2.5708962 2.4445417 2.1737264 2.1719774 2.1747265 2.1858575 2.3317561 2.3046816 2.2109175 2.4624693 2.1716187 2.5065835 2.3458362 1.7588634 2.1218838 2.2611199 2.3645264 2.2934773 2.1954783 2.4437869 2.5425637 2.2582490 2.1363746 2.8446909 2.5826005 2.6092412 1.9507670 2.6425730 2.6553499 2.5907889 2.5845895 1.2899264 0.0000000 0.6019141 0.6753031 2.5445207 2.5921005 
Gracom_Gcom_scaffold13541_01                         2.2590236 2.1784700 2.1109840 2.2622688 2.2982717 2.3098962 2.4028678 1.9799511 2.4043445 2.2825414 2.5801846 2.4585955 2.5671585 1.9876097 2.5706149 2.5505323 2.4985633 2.3829338 2.5968392 2.4743179 2.5446314 2.5419644 2.4037505 2.3769445 2.4720893 2.4142268 2.4713771 2.5311446 2.3520579 2.5846019 2.4429587 2.0535689 2.3263168 2.4930345 2.7099286 2.3724201 2.2902045 2.5146015 2.6529468 2.1714996 2.2143140 2.7473010 2.6995640 2.7197003 1.9946352 2.7830878 2.5561723 2.7031416 2.7494879 1.2956255 0.6019141 0.0000000 0.7779931 2.5851730 2.4170282 
Leuniv_Lniv_scaffold19295_01                         2.3876757 2.2261880 2.3346639 2.5975444 2.4830336 2.6802783 2.5993704 2.2905567 2.6589257 2.5398612 2.7008456 2.6325210 2.6698387 2.3432526 2.5782062 2.6072539 2.7854458 2.5957891 2.7610099 2.6394672 2.3990663 2.3958474 2.3794574 2.3539016 2.4236139 2.3565466 2.4416847 2.7187839 2.4637136 2.7660413 2.5613786 2.0021804 2.1840290 2.4881512 2.5110368 2.4244779 2.2728045 2.7479656 2.8533754 2.4457927 2.4049079 3.0725229 2.7000284 2.7190465 2.1591146 2.6746013 2.7695810 2.6752277 2.7635341 1.3964175 0.6753031 0.7779931 0.0000000 2.7461714 2.6227583 
Dpul_mRNA6524                                        1.5335303 1.5246260 1.3382492 1.6986611 1.7930585 1.8507477 1.8003675 1.4521713 1.7657521 1.7484494 2.1203804 1.9383635 1.9728635 1.3605453 1.8103866 1.8566150 1.8836399 1.8757592 2.0434006 2.1537781 1.8545219 1.8411914 1.8496465 1.8368939 1.8288457 1.7370764 1.8728748 2.2408157 1.7888938 2.0226359 2.0356471 1.6080730 1.9630286 2.0637323 2.2178430 1.3864906 1.3066254 1.6272353 1.6982534 1.8046074 1.7848811 2.3661338 2.2799688 2.2908086 1.6020778 2.3523474 2.2709398 2.3571766 2.1280913 1.6813743 2.5445207 2.5851730 2.7461714 0.0000000 1.4569696 
Tcas_TC010549_001                                    1.6054309 1.7942353 1.5143622 1.5174908 1.7781767 1.8027658 1.7803015 1.3058128 1.7560663 1.7578020 2.2461168 2.0180535 2.0837305 1.5432307 1.9447349 1.9493612 2.1195847 1.9907206 1.9918193 2.0995434 1.9882215 1.9716285 1.9879850 1.9829503 2.0728839 1.9472671 2.0617148 2.1276259 1.7904743 1.9137391 2.0078790 1.5977653 2.0181264 2.1631982 2.1853570 1.5376688 1.4345416 1.6976144 1.9636482 2.0156680 1.9729690 2.3419293 2.5069122 2.4965829 1.5972288 2.5443356 2.2047903 2.5830960 2.3888456 1.7369317 2.5921005 2.4170282 2.6227583 1.4569696 0.0000000 
