50
Hsap_ENST00000440706                                    0.0000000 1.6678317 1.4922849 1.0578914 1.5068204 1.8281837 1.6756480 1.7478394 2.0577432 2.0333856 2.1190810 1.8173526 1.8238898 2.0736557 1.9380399 1.8416838 1.8716441 2.2646625 2.1063948 2.1029588 2.0609251 2.2802737 1.9895019 2.1415251 2.4510227 2.5593320 2.6388227 2.6742228 1.3765557 2.3094338 3.1180480 2.4399083 2.2647620 2.3102547 2.2237643 2.2847903 2.5619926 2.8701786 2.8120295 2.7039870 2.7931323 2.8145097 3.6528789 3.5943515 4.3763045 4.3908784 3.4152416 3.7253085 4.1921273 3.4753731 
Bralan_BLAG17000730_1                                   1.6678317 0.0000000 1.1004444 0.9301747 1.0760227 1.4314149 1.1946454 1.7438651 1.5875802 1.4689227 2.0154984 1.6118547 1.5842132 1.6751417 1.6160242 1.5613462 1.5602156 1.6974653 1.6166814 1.6366887 1.6276175 1.7753945 1.6372645 1.7973032 2.1309403 2.2271552 1.9550916 2.0418838 1.2242777 1.8857418 2.2546488 1.9619165 2.0924355 1.7044027 2.0745709 2.1412395 2.3799873 2.4066790 2.3669430 2.2431116 2.2868684 2.5249935 3.2043310 3.1163625 3.5451437 3.8715460 2.8689576 2.8671254 3.1009912 3.2829570 
Spur_XM_030974241.1                                     1.4922849 1.1004444 0.0000000 0.9031951 1.0886630 1.3827175 0.9734352 1.5930124 1.8070704 1.6855711 1.8792520 1.6191692 1.5724253 1.7544831 1.6197316 1.5994482 1.5627516 1.6664834 1.6269656 1.6583288 1.5453307 1.9418707 1.8017401 1.9279983 2.1318873 2.2156581 2.2201062 2.2098870 1.1504628 2.0917866 2.2976247 1.8102819 2.0053653 1.9040551 1.8380197 2.0068568 2.3205615 2.3668268 2.3611947 2.3169200 2.3737586 2.3776210 3.0944138 3.0668626 3.4211446 3.6315501 3.0145977 2.9349029 3.1629758 3.3189623 
Tcas_TC001680_001                                       1.0578914 0.9301747 0.9031951 0.0000000 0.6580309 0.6546367 0.9307431 0.8565084 1.1479941 1.1271732 1.4672482 1.0850468 1.1325216 1.1232927 1.1286830 1.1560509 1.1401869 1.4481814 1.3394919 1.3034543 1.3327445 1.3002993 1.4008491 1.4028773 1.8234365 1.8490740 1.6600537 1.4678707 1.3239905 1.4826805 3.0648525 1.3454402 1.5315671 1.3588767 1.7999159 1.6605368 1.7453543 1.8091892 1.7418830 1.7625231 1.7945170 1.7605235 2.3585826 2.1059300 6.0794734 3.6029786 2.2638564 2.2527533 7.1026308 2.1879855 
Dpul_mRNA733                                            1.5068204 1.0760227 1.0886630 0.6580309 0.0000000 0.9572036 1.0662160 1.1338412 1.7609250 1.6872715 2.9500647 1.7006960 1.7289677 1.7301567 1.6539095 1.7620131 1.7614579 1.7728805 1.6342867 1.6886969 1.7950312 1.6627021 1.7935323 1.7896592 2.2822416 2.4962091 1.8480518 1.6918650 1.2812684 1.7984418 4.1393777 1.7528128 2.2340834 1.9372041 2.2302226 1.8554611 2.0575840 2.2716555 2.2138055 2.1312941 2.1668139 2.2043271 2.6634562 2.6051937 2.6119853 4.0535021 2.4853164 2.6435290 7.0886340 2.8920089 
Ctel_gnl_WGS_AMQN_CAPTEDRAFT_mRNA159602                 1.8281837 1.4314149 1.3827175 0.6546367 0.9572036 0.0000000 1.3486412 1.3948717 2.0117874 2.0158999 2.3945851 2.0346366 1.9357695 2.0800656 1.8625185 1.8929540 1.8966683 2.0777418 2.1234980 2.1351178 2.1547591 2.3577739 1.9550209 2.0460412 2.0843697 2.3701221 2.4066019 2.2883769 1.0597892 2.0797800 2.5382186 2.0471195 2.1397246 2.3653610 2.2342346 2.2974555 2.4158941 2.6631337 2.5410519 2.5319755 2.5759989 2.6763830 3.1796818 3.0659254 3.8540779 3.7417030 3.0990093 3.1106493 3.9125012 3.6066825 
Skow_XM_006815775.1                                     1.6756480 1.1946454 0.9734352 0.9307431 1.0662160 1.3486412 0.0000000 1.6871921 1.6022019 1.5858219 1.9277015 1.5640992 1.5185872 1.5626408 1.5676107 1.5481520 1.5306888 1.5519446 1.6451768 1.6460761 1.5326980 1.7578675 1.5987440 1.5987296 2.1519640 2.0737143 2.1510820 2.0260595 1.2856494 1.7524375 2.2090581 1.9193494 1.7690280 2.1043945 1.8583100 1.9716484 2.1636453 2.2268488 2.1810490 2.1025150 2.1320836 2.1553172 3.3618004 3.2315615 3.7355702 3.8249329 3.2877485 3.0477899 3.3061983 3.7783113 
Acagra_model.g21271.t1                                  1.7478394 1.7438651 1.5930124 0.8565084 1.1338412 1.3948717 1.6871921 0.0000000 2.0292266 1.8694038 2.2724190 2.0875491 2.1215350 2.3498475 2.1535458 2.1896957 2.1592401 1.7793597 2.3482020 2.3936603 2.3522287 2.4144431 1.8175051 2.0380258 2.4343303 2.5699096 2.6863236 2.5048389 1.4395177 2.3632433 2.5159691 2.1304804 2.2819375 2.4064898 2.2972060 2.3169569 2.5376964 2.6792031 2.6002883 2.5803493 2.5295931 2.7071442 3.4376950 3.3544529 4.3611974 3.7290932 3.1523533 3.3301390 4.8722576 3.6546942 
Exapal_XM_021040808.2                                   2.0577432 1.5875802 1.8070704 1.1479941 1.7609250 2.0117874 1.6022019 2.0292266 0.0000000 0.5470312 0.9168878 0.8349167 0.7454205 0.7644398 0.7628141 0.7537137 0.7408461 1.1735833 1.1739743 1.1463031 1.0921381 1.0719882 1.1103447 1.2760903 1.9526538 1.9661975 1.7610602 1.8141611 1.4288016 1.8556205 2.3059575 1.5808613 1.4598878 1.6074069 1.7562458 1.7289166 1.8792762 1.8507871 1.7533189 1.7276330 1.7378520 1.8401790 2.7083199 2.6047774 2.9750790 3.2195280 2.7112505 2.5316906 2.9406243 2.6679015 
Nvec_v1g117154                                          2.0333856 1.4689227 1.6855711 1.1271732 1.6872715 2.0158999 1.5858219 1.8694038 0.5470312 0.0000000 0.8470711 0.7724301 0.7097259 0.7478529 0.6894472 0.7102212 0.6792855 1.0143824 1.0638412 1.0468129 1.0157796 1.0774636 1.1304586 1.2709600 2.0228510 2.0102359 1.7801848 1.9182299 1.4893579 1.8573170 2.2356414 1.5860187 1.4458480 1.5135321 1.5709827 1.7648357 1.8903081 1.8353354 1.7445921 1.7515159 1.7432006 1.8084123 2.4494297 2.4758755 2.5482851 3.1262365 2.5485448 2.3111695 2.7491265 2.6304710 
Adig_XM_015921130.1                                     2.1190810 2.0154984 1.8792520 1.4672482 2.9500647 2.3945851 1.9277015 2.2724190 0.9168878 0.8470711 0.0000000 0.0165165 0.1782701 0.2647817 0.2668328 0.2700594 0.2469947 1.3062142 1.2693703 1.2323105 1.0695619 1.1439270 1.4048449 1.4437761 2.0398716 2.2015809 2.1649370 2.3819819 1.4717676 2.2253590 2.2644515 1.8603459 1.6049696 1.8170652 1.7882679 1.8054401 2.0165066 2.2930716 2.3189131 2.2058553 2.1969183 2.2710648 2.7863566 2.8573687 2.7987963 3.0052638 3.0162735 2.8365566 3.0547108 3.3936712 
Amil_Amillepora29740-RA                                 1.8173526 1.6118547 1.6191692 1.0850468 1.7006960 2.0346366 1.5640992 2.0875491 0.8349167 0.7724301 0.0165165 0.0000000 0.1546931 0.2312526 0.2282294 0.2320278 0.2187690 0.9556895 1.0980394 1.0843676 0.9958190 1.0001213 1.2632500 1.2602003 1.9157052 2.0933852 2.0027947 2.1387810 1.5548311 1.9453181 2.3336811 1.6997312 1.4613247 1.6684351 1.7415179 1.6774943 1.8102574 2.0684857 2.0397684 1.9751427 1.9719879 2.0231281 2.6482623 2.6753203 3.1742235 3.2780930 2.7917602 2.5788712 3.2581581 2.7677513 
Gfas_gfas1.m1.5672.m1                                   1.8238898 1.5842132 1.5724253 1.1325216 1.7289677 1.9357695 1.5185872 2.1215350 0.7454205 0.7097259 0.1782701 0.1546931 0.0000000 0.1793963 0.1876276 0.1936068 0.1787358 1.0845941 1.1157194 1.1033009 0.9651223 0.9967525 1.1994957 1.2548493 1.9478182 2.0616775 1.8806646 2.0122015 1.4658298 1.8788934 2.2280329 1.6461850 1.4074923 1.6079812 1.6029509 1.6366837 1.8057008 1.9837268 1.9471227 1.8720387 1.8687423 1.9417440 2.6240089 2.6381178 2.9237578 3.1564187 2.7557710 2.5949790 3.1136570 2.9383178 
Fspp_ffun1.m4.12279.m1                                  2.0736557 1.6751417 1.7544831 1.1232927 1.7301567 2.0800656 1.5626408 2.3498475 0.7644398 0.7478529 0.2647817 0.2312526 0.1793963 0.0000000 0.1159303 0.1517144 0.1450904 1.0830523 1.1795405 1.1939685 1.0374960 1.0097629 1.3065635 1.3676613 2.0181076 2.1668988 2.1313977 2.2446469 1.3743934 2.0431119 2.5165358 1.7828998 1.5870129 1.7423303 1.7306804 1.7206749 1.8597975 2.0200308 1.9660737 1.9205520 1.9162284 1.9581775 2.9111703 2.8523691 3.3797698 3.7695465 3.0754064 2.8403468 3.6899116 2.9312481 
Gasp_gasp1.m3.12161.m1                                  1.9380399 1.6160242 1.6197316 1.1286830 1.6539095 1.8625185 1.5676107 2.1535458 0.7628141 0.6894472 0.2668328 0.2282294 0.1876276 0.1159303 0.0000000 0.1640137 0.1611568 1.0322848 1.0621524 1.0892957 0.9322935 0.9708675 1.2823789 1.3434773 1.9898085 2.0632040 1.9192127 2.0769847 1.3751857 1.9335846 2.4528391 1.6664041 1.4744749 1.6544141 1.7061556 1.5652760 1.7167405 1.8657604 1.8358290 1.8117310 1.8054876 1.8527062 2.8173654 2.7307197 2.9646915 3.5735258 2.9313088 2.7293347 3.1683582 2.9038189 
Spis_XP_022790774_1                                     1.8416838 1.5613462 1.5994482 1.1560509 1.7620131 1.8929540 1.5481520 2.1896957 0.7537137 0.7102212 0.2700594 0.2320278 0.1936068 0.1517144 0.1640137 0.0000000 0.0386709 1.0469155 1.0811829 1.0718436 0.9528499 1.0133723 1.2436370 1.3109002 1.8799259 2.0380107 1.9162140 2.0807514 1.4071428 1.9175148 2.2184351 1.7095269 1.4356985 1.6413836 1.6000508 1.6063134 1.7448635 1.9603847 1.8982954 1.8694200 1.8643232 1.9296468 2.7701368 2.6429180 3.0707369 3.3861197 2.8334277 2.6823003 3.2669399 2.8209365 
Pocdam_XM_027193624.1                                   1.8716441 1.5602156 1.5627516 1.1401869 1.7614579 1.8966683 1.5306888 2.1592401 0.7408461 0.6792855 0.2469947 0.2187690 0.1787358 0.1450904 0.1611568 0.0386709 0.0000000 1.0275169 1.1026599 1.0823742 0.9362655 0.9963957 1.2205458 1.3055810 1.9031350 2.0680342 1.9356342 2.0944358 1.3631618 1.9347014 2.2580202 1.6969031 1.4322582 1.6390178 1.5945485 1.6206025 1.7567395 1.9397376 1.8783723 1.8705239 1.8654244 1.9047438 2.7499378 2.6645745 2.9821534 3.3688231 2.7965458 2.6770003 3.1399878 2.7244284 
Aaur_scaffold39.g33.t2                                  2.2646625 1.6974653 1.6664834 1.4481814 1.7728805 2.0777418 1.5519446 1.7793597 1.1735833 1.0143824 1.3062142 0.9556895 1.0845941 1.0830523 1.0322848 1.0469155 1.0275169 0.0000000 0.2723382 0.2397401 0.2951441 0.4050059 1.2452177 1.3309452 2.3869291 2.4117241 2.3319972 2.3647685 1.8675086 2.2679253 3.4625289 1.6487582 0.9956988 1.6055564 2.1694211 1.6514626 2.0313488 2.1430025 2.0869304 2.0888874 1.9950490 2.0369547 2.7166322 2.3965785 4.7403215 3.2066567 2.5060179 2.4640840 4.5576061 2.5708325 
Nemnom_g18494.t1                                        2.1063948 1.6166814 1.6269656 1.3394919 1.6342867 2.1234980 1.6451768 2.3482020 1.1739743 1.0638412 1.2693703 1.0980394 1.1157194 1.1795405 1.0621524 1.0811829 1.1026599 0.2723382 0.0000000 0.1197746 0.4422243 0.6862713 1.3500461 1.4299276 2.1618524 2.1171631 1.9383380 2.0767121 1.6315660 1.9910162 2.2465610 1.6018761 1.1794841 1.5233871 1.8837066 1.7526912 1.8948016 1.9628897 1.9289837 1.9025789 1.9017609 2.0592436 2.8667369 2.8775333 3.1203202 3.3534626 2.8452573 2.6679297 3.2507714 3.0587676 
Rhoesc_Res_004741-T1                                    2.1029588 1.6366887 1.6583288 1.3034543 1.6886969 2.1351178 1.6460761 2.3936603 1.1463031 1.0468129 1.2323105 1.0843676 1.1033009 1.1939685 1.0892957 1.0718436 1.0823742 0.2397401 0.1197746 0.0000000 0.4289870 0.7080079 1.3020668 1.4250789 2.1286136 2.0380063 1.9178392 2.0462442 1.6401561 1.9383130 2.1510405 1.6089125 1.1744978 1.4716232 1.8470827 1.7813629 1.9181662 2.0047709 1.9708298 1.9046870 1.9039163 2.0391334 2.8476521 2.8135793 3.0706686 3.3042772 2.7890200 2.6227477 3.1506157 3.1122488 
Sanmal_Sma_023368-T2                                    2.0609251 1.6276175 1.5453307 1.3327445 1.7950312 2.1547591 1.5326980 2.3522287 1.0921381 1.0157796 1.0695619 0.9958190 0.9651223 1.0374960 0.9322935 0.9528499 0.9362655 0.2951441 0.4422243 0.4289870 0.0000000 0.6982218 1.2967086 1.4081169 2.1341573 2.1021735 2.0169844 1.9436825 1.7667462 2.0588713 2.1210847 1.5182263 0.9391197 1.4671816 1.7871283 1.7702189 1.9321494 2.0057491 1.9474239 1.9306088 1.9510840 2.1209274 2.8011710 2.7875508 3.1606995 3.4605268 2.7926734 2.5680897 3.1012703 2.7487412 
Morvir_scaffold443.g12.t1                               2.2802737 1.7753945 1.9418707 1.3002993 1.6627021 2.3577739 1.7578675 2.4144431 1.0719882 1.0774636 1.1439270 1.0001213 0.9967525 1.0097629 0.9708675 1.0133723 0.9963957 0.4050059 0.6862713 0.7080079 0.6982218 0.0000000 1.3238293 1.3962344 2.1332733 2.1340074 2.0433499 2.1315386 1.5641661 2.1471378 2.4394251 1.7217231 1.2537768 1.7700045 1.8375309 2.0044034 2.1702685 2.3161871 2.2977382 2.2593987 2.2768263 2.4048783 3.0146783 2.9081139 3.0375607 3.7360091 2.9804593 2.6966220 2.8633163 3.0505576 
Dgig_XM_028537552.1                                     1.9895019 1.6372645 1.8017401 1.4008491 1.7935323 1.9550209 1.5987440 1.8175051 1.1103447 1.1304586 1.4048449 1.2632500 1.1994957 1.3065635 1.2823789 1.2436370 1.2205458 1.2452177 1.3500461 1.3020668 1.2967086 1.3238293 0.0000000 0.4789950 2.1003162 1.9135326 1.9722615 2.1461590 1.7214660 2.0390013 2.0934665 1.7061937 1.4794909 1.7142571 1.7050273 1.6981830 1.8221938 1.8990021 1.8616549 1.8610760 1.8643303 1.9448122 2.9234419 2.9221829 3.2497957 3.9204237 3.1733623 2.7058942 2.8454376 2.9749084 
Xesp_021569-T1                                          2.1415251 1.7973032 1.9279983 1.4028773 1.7896592 2.0460412 1.5987296 2.0380258 1.2760903 1.2709600 1.4437761 1.2602003 1.2548493 1.3676613 1.3434773 1.3109002 1.3055810 1.3309452 1.4299276 1.4250789 1.4081169 1.3962344 0.4789950 0.0000000 2.0668521 1.9293748 1.9743574 2.1268442 1.8133852 1.9263438 2.0211583 1.6610811 1.5035993 1.7257687 1.9179405 1.7990688 1.9845321 1.9914239 1.9407741 1.9380357 1.9111998 2.1205506 2.8544732 2.7646615 2.9290448 3.6387409 3.0037125 2.7746059 2.9637544 3.2526840 
Aque_Aqu2.1.26497_001                                   2.4510227 2.1309403 2.1318873 1.8234365 2.2822416 2.0843697 2.1519640 2.4343303 1.9526538 2.0228510 2.0398716 1.9157052 1.9478182 2.0181076 1.9898085 1.8799259 1.9031350 2.3869291 2.1618524 2.1286136 2.1341573 2.1332733 2.1003162 2.0668521 0.0000000 0.5842819 1.1642491 1.2983978 0.8873673 1.2263888 0.8255109 1.8900322 2.2787732 1.8878262 1.4036780 2.0898844 2.3400953 2.5095486 2.4967158 2.3582659 2.4106148 2.3658675 3.3654790 3.2480643 3.2570811 3.9991228 3.2822286 3.3065427 3.2693543 3.8226998 
Xestes_maker-XT_scaffold16105-augustus-gene-0.21-mRNA-1 2.5593320 2.2271552 2.2156581 1.8490740 2.4962091 2.3701221 2.0737143 2.5699096 1.9661975 2.0102359 2.2015809 2.0933852 2.0616775 2.1668988 2.0632040 2.0380107 2.0680342 2.4117241 2.1171631 2.0380063 2.1021735 2.1340074 1.9135326 1.9293748 0.5842819 0.0000000 1.2987552 1.3635018 0.8696739 1.2711118 1.1220426 1.8021505 2.2514726 1.7253182 1.5608800 1.9898882 2.2776307 2.5280165 2.5088670 2.3645108 2.4218079 2.4193456 3.3461445 3.2316254 3.0137952 3.8238486 3.2283351 2.9874642 3.4494272 3.8014202 
Emue_Em0012g1033a.t1                                    2.6388227 1.9550916 2.2201062 1.6600537 1.8480518 2.4066019 2.1510820 2.6863236 1.7610602 1.7801848 2.1649370 2.0027947 1.8806646 2.1313977 1.9192127 1.9162140 1.9356342 2.3319972 1.9383380 1.9178392 2.0169844 2.0433499 1.9722615 1.9743574 1.1642491 1.2987552 0.0000000 0.3742464 0.6497196 1.2699353 1.5151433 1.8976177 2.2468254 1.9447594 1.6703008 2.3817026 2.6080245 2.7232948 2.7053006 2.6319517 2.6968739 2.7384507 3.0551786 2.8655999 2.8549771 3.6546028 2.8948519 2.9366543 3.2091190 3.4530288 
Spolac_c98536_g1_i1_m.17455c101709-g1                   2.6742228 2.0418838 2.2098870 1.4678707 1.6918650 2.2883769 2.0260595 2.5048389 1.8141611 1.9182299 2.3819819 2.1387810 2.0122015 2.2446469 2.0769847 2.0807514 2.0944358 2.3647685 2.0767121 2.0462442 1.9436825 2.1315386 2.1461590 2.1268442 1.2983978 1.3635018 0.3742464 0.0000000 0.6955742 1.2405221 1.4903665 2.0243889 2.4107256 2.0769114 1.6757937 2.4533672 2.8113650 2.9068588 2.8742264 2.7575199 2.8329886 2.8165098 2.9466743 2.9767227 2.8490037 3.9720816 3.0806204 2.9731706 3.5721242 3.2798602 
Stycar_maker-SC_scaffold55369-snap-gene-0.3-mRNA-1      1.3765557 1.2242777 1.1504628 1.3239905 1.2812684 1.0597892 1.2856494 1.4395177 1.4288016 1.4893579 1.4717676 1.5548311 1.4658298 1.3743934 1.3751857 1.4071428 1.3631618 1.8675086 1.6315660 1.6401561 1.7667462 1.5641661 1.7214660 1.8133852 0.8873673 0.8696739 0.6497196 0.6955742 0.0000000 0.6419064 2.1071457 0.9376438 1.6701266 1.1579416 1.9737065 2.2529135 2.2529135 2.2656923 2.2656923 2.3171450 2.3171450 2.2117692 3.9943087 3.8279133 4.1881433 4.7482053 4.4851876 3.5034934 5.8364008 3.7534113 
Tetwil_g12487.t1                                        2.3094338 1.8857418 2.0917866 1.4826805 1.7984418 2.0797800 1.7524375 2.3632433 1.8556205 1.8573170 2.2253590 1.9453181 1.8788934 2.0431119 1.9335846 1.9175148 1.9347014 2.2679253 1.9910162 1.9383130 2.0588713 2.1471378 2.0390013 1.9263438 1.2263888 1.2711118 1.2699353 1.2405221 0.6419064 0.0000000 1.5064605 2.0216645 2.3529558 1.7161742 1.6998032 2.1477418 2.3641291 2.5063267 2.4390342 2.4020604 2.4252980 2.2607682 3.1407400 3.0556192 3.2629695 3.5567927 3.0623280 3.0760413 3.4290781 3.4802461 
Halamb_c51963_g1_i1m.31828                              3.1180480 2.2546488 2.2976247 3.0648525 4.1393777 2.5382186 2.2090581 2.5159691 2.3059575 2.2356414 2.2644515 2.3336811 2.2280329 2.5165358 2.4528391 2.2184351 2.2580202 3.4625289 2.2465610 2.1510405 2.1210847 2.4394251 2.0934665 2.0211583 0.8255109 1.1220426 1.5151433 1.4903665 2.1071457 1.5064605 0.0000000 1.8775896 2.2034156 1.8211912 1.6733045 2.3701302 2.5707733 2.7648156 2.7557705 2.6228083 2.6064409 2.6922952 3.6473744 3.4591724 3.0413898 3.7527162 3.5408152 3.2778403 3.3026532 5.1016030 
Plajan_Pjan_C565936_01                                  2.4399083 1.9619165 1.8102819 1.3454402 1.7528128 2.0471195 1.9193494 2.1304804 1.5808613 1.5860187 1.8603459 1.6997312 1.6461850 1.7828998 1.6664041 1.7095269 1.6969031 1.6487582 1.6018761 1.6089125 1.5182263 1.7217231 1.7061937 1.6610811 1.8900322 1.8021505 1.8976177 2.0243889 0.9376438 2.0216645 1.8775896 0.0000000 1.7874285 0.9423441 1.6957904 1.8841234 2.1568840 2.3542012 2.3336072 2.2402681 2.3078129 2.3024680 2.9691761 2.8801980 2.7026089 3.4349877 2.9095419 2.7247121 2.8036677 3.0731207 
Hvul_g16252_1                                           2.2647620 2.0924355 2.0053653 1.5315671 2.2340834 2.1397246 1.7690280 2.2819375 1.4598878 1.4458480 1.6049696 1.4613247 1.4074923 1.5870129 1.4744749 1.4356985 1.4322582 0.9956988 1.1794841 1.1744978 0.9391197 1.2537768 1.4794909 1.5035993 2.2787732 2.2514726 2.2468254 2.4107256 1.6701266 2.3529558 2.2034156 1.7874285 0.0000000 2.0033720 2.0192910 1.9761932 2.2770430 2.3733249 2.2809800 2.3528653 2.3407434 2.3860824 3.4106358 3.3909710 3.5483400 4.0998209 3.5655270 3.1415805 3.6973622 3.6081218 
Opea_EP00118_Oscarella_pearsei_P011825                  2.3102547 1.7044027 1.9040551 1.3588767 1.9372041 2.3653610 2.1043945 2.4064898 1.6074069 1.5135321 1.8170652 1.6684351 1.6079812 1.7423303 1.6544141 1.6413836 1.6390178 1.6055564 1.5233871 1.4716232 1.4671816 1.7700045 1.7142571 1.7257687 1.8878262 1.7253182 1.9447594 2.0769114 1.1579416 1.7161742 1.8211912 0.9423441 2.0033720 0.0000000 1.7598385 1.9345702 2.1246681 2.1993183 2.1980534 2.1651361 2.1773917 2.1772445 2.7904241 2.6342709 2.8621355 3.3937581 2.8185972 2.5207653 2.8870942 2.6875607 
Plespi_Pspi_scaffold20394_01                            2.2237643 2.0745709 1.8380197 1.7999159 2.2302226 2.2342346 1.8583100 2.2972060 1.7562458 1.5709827 1.7882679 1.7415179 1.6029509 1.7306804 1.7061556 1.6000508 1.5945485 2.1694211 1.8837066 1.8470827 1.7871283 1.8375309 1.7050273 1.9179405 1.4036780 1.5608800 1.6703008 1.6757937 1.9737065 1.6998032 1.6733045 1.6957904 2.0192910 1.7598385 0.0000000 2.0365082 2.1652708 2.3143042 2.3400997 2.2117037 2.3088916 2.3682450 2.9239015 2.8494131 3.0058682 3.6619539 3.1396753 2.9096488 3.2273730 3.6926816 
Tadh_TriadT54405                                        2.2847903 2.1412395 2.0068568 1.6605368 1.8554611 2.2974555 1.9716484 2.3169569 1.7289166 1.7648357 1.8054401 1.6774943 1.6366837 1.7206749 1.5652760 1.6063134 1.6206025 1.6514626 1.7526912 1.7813629 1.7702189 2.0044034 1.6981830 1.7990688 2.0898844 1.9898882 2.3817026 2.4533672 2.2529135 2.1477418 2.3701302 1.8841234 1.9761932 1.9345702 2.0365082 0.0000000 0.0113937 0.3801918 0.3461654 0.3493916 0.3585285 0.3874396 2.9464966 2.9147490 3.4077225 3.7696361 2.9588678 2.9921268 3.6029615 3.2654231 
TrH2_TrispH2_006037-RA                                  2.5619926 2.3799873 2.3205615 1.7453543 2.0575840 2.4158941 2.1636453 2.5376964 1.8792762 1.8903081 2.0165066 1.8102574 1.8057008 1.8597975 1.7167405 1.7448635 1.7567395 2.0313488 1.8948016 1.9181662 1.9321494 2.1702685 1.8221938 1.9845321 2.3400953 2.2776307 2.6080245 2.8113650 2.2529135 2.3641291 2.5707733 2.1568840 2.2770430 2.1246681 2.1652708 0.0113937 0.0000000 0.3792052 0.3525215 0.3543678 0.3626355 0.3849215 3.1606736 3.0190300 3.4411248 4.1021535 3.1756965 3.2227032 3.9216431 3.5577943 
HoiH06_mRNA2464                                         2.8701786 2.4066790 2.3668268 1.8091892 2.2716555 2.6631337 2.2268488 2.6792031 1.8507871 1.8353354 2.2930716 2.0684857 1.9837268 2.0200308 1.8657604 1.9603847 1.9397376 2.1430025 1.9628897 2.0047709 2.0057491 2.3161871 1.8990021 1.9914239 2.5095486 2.5280165 2.7232948 2.9068588 2.2656923 2.5063267 2.7648156 2.3542012 2.3733249 2.1993183 2.3143042 0.3801918 0.3792052 0.0000000 0.0745677 0.1657644 0.1547799 0.2384649 3.1832938 3.0345152 3.3268818 4.1309444 3.4732030 3.4352384 3.5024529 3.8416805 
HoiH23_PlH23_002195-RA                                  2.8120295 2.3669430 2.3611947 1.7418830 2.2138055 2.5410519 2.1810490 2.6002883 1.7533189 1.7445921 2.3189131 2.0397684 1.9471227 1.9660737 1.8358290 1.8982954 1.8783723 2.0869304 1.9289837 1.9708298 1.9474239 2.2977382 1.8616549 1.9407741 2.4967158 2.5088670 2.7053006 2.8742264 2.2656923 2.4390342 2.7557705 2.3336072 2.2809800 2.1980534 2.3400997 0.3461654 0.3525215 0.0745677 0.0000000 0.1729059 0.1698162 0.2132642 3.1843927 3.0615271 3.3270308 4.1335277 3.3940151 3.2847113 3.5604971 3.6197220 
Hhon_g02437.t1                                          2.7039870 2.2431116 2.3169200 1.7625231 2.1312941 2.5319755 2.1025150 2.5803493 1.7276330 1.7515159 2.2058553 1.9751427 1.8720387 1.9205520 1.8117310 1.8694200 1.8705239 2.0888874 1.9025789 1.9046870 1.9306088 2.2593987 1.8610760 1.9380357 2.3582659 2.3645108 2.6319517 2.7575199 2.3171450 2.4020604 2.6228083 2.2402681 2.3528653 2.1651361 2.2117037 0.3493916 0.3543678 0.1657644 0.1729059 0.0000000 0.0040242 0.2587838 3.0578386 2.8731753 3.2047849 3.9844928 3.2450449 3.1422603 3.3794957 3.7677403 
HoiH04_mRNA2677                                         2.7931323 2.2868684 2.3737586 1.7945170 2.1668139 2.5759989 2.1320836 2.5295931 1.7378520 1.7432006 2.1969183 1.9719879 1.8687423 1.9162284 1.8054876 1.8643232 1.8654244 1.9950490 1.9017609 1.9039163 1.9510840 2.2768263 1.8643303 1.9111998 2.4106148 2.4218079 2.6968739 2.8329886 2.3171450 2.4252980 2.6064409 2.3078129 2.3407434 2.1773917 2.3088916 0.3585285 0.3626355 0.1547799 0.1698162 0.0040242 0.0000000 0.2330941 3.0778746 2.8923010 3.2047849 3.9844928 3.2955618 3.2304551 3.3794957 3.7513276 
HoiH11_mRNA4868                                         2.8145097 2.5249935 2.3776210 1.7605235 2.2043271 2.6763830 2.1553172 2.7071442 1.8401790 1.8084123 2.2710648 2.0231281 1.9417440 1.9581775 1.8527062 1.9296468 1.9047438 2.0369547 2.0592436 2.0391334 2.1209274 2.4048783 1.9448122 2.1205506 2.3658675 2.4193456 2.7384507 2.8165098 2.2117692 2.2607682 2.6922952 2.3024680 2.3860824 2.1772445 2.3682450 0.3874396 0.3849215 0.2384649 0.2132642 0.2587838 0.2330941 0.0000000 3.1831401 3.0185256 3.2432559 3.7366848 3.1785041 3.3247818 3.6811901 3.6867087 
Mlei_ML0124.g11.i1                                      3.6528789 3.2043310 3.0944138 2.3585826 2.6634562 3.1796818 3.3618004 3.4376950 2.7083199 2.4494297 2.7863566 2.6482623 2.6240089 2.9111703 2.8173654 2.7701368 2.7499378 2.7166322 2.8667369 2.8476521 2.8011710 3.0146783 2.9234419 2.8544732 3.3654790 3.3461445 3.0551786 2.9466743 3.9943087 3.1407400 3.6473744 2.9691761 3.4106358 2.7904241 2.9239015 2.9464966 3.1606736 3.1832938 3.1843927 3.0578386 3.0778746 3.1831401 0.0000000 0.4991651 0.4947620 0.6941607 0.6102949 0.7855452 0.8488272 1.1627643 
Lampan_Lpan_6539_01                                     3.5943515 3.1163625 3.0668626 2.1059300 2.6051937 3.0659254 3.2315615 3.3544529 2.6047774 2.4758755 2.8573687 2.6753203 2.6381178 2.8523691 2.7307197 2.6429180 2.6645745 2.3965785 2.8775333 2.8135793 2.7875508 2.9081139 2.9221829 2.7646615 3.2480643 3.2316254 2.8655999 2.9767227 3.8279133 3.0556192 3.4591724 2.8801980 3.3909710 2.6342709 2.8494131 2.9147490 3.0190300 3.0345152 3.0615271 2.8731753 2.8923010 3.0185256 0.4991651 0.0000000 0.6488896 0.8030797 0.6086683 0.8895327 0.8568794 0.9932044 
Drygla_Dgla_sb284439                                    4.3763045 3.5451437 3.4211446 6.0794734 2.6119853 3.8540779 3.7355702 4.3611974 2.9750790 2.5482851 2.7987963 3.1742235 2.9237578 3.3797698 2.9646915 3.0707369 2.9821534 4.7403215 3.1203202 3.0706686 3.1606995 3.0375607 3.2497957 2.9290448 3.2570811 3.0137952 2.8549771 2.8490037 4.1881433 3.2629695 3.0413898 2.7026089 3.5483400 2.8621355 3.0058682 3.4077225 3.4411248 3.3268818 3.3270308 3.2047849 3.2047849 3.2432559 0.4947620 0.6488896 0.0000000 0.6257210 0.6521340 0.9713981 0.6658460 1.6390892 
Pbac_sb2661758                                          4.3908784 3.8715460 3.6315501 3.6029786 4.0535021 3.7417030 3.8249329 3.7290932 3.2195280 3.1262365 3.0052638 3.2780930 3.1564187 3.7695465 3.5735258 3.3861197 3.3688231 3.2066567 3.3534626 3.3042772 3.4605268 3.7360091 3.9204237 3.6387409 3.9991228 3.8238486 3.6546028 3.9720816 4.7482053 3.5567927 3.7527162 3.4349877 4.0998209 3.3937581 3.6619539 3.7696361 4.1021535 4.1309444 4.1335277 3.9844928 3.9844928 3.7366848 0.6941607 0.8030797 0.6257210 0.0000000 0.1074665 1.1868143 1.1252747 1.6737588 
Horcal_Hcv1.av93.c4.g276.i1                             3.4152416 2.8689576 3.0145977 2.2638564 2.4853164 3.0990093 3.2877485 3.1523533 2.7112505 2.5485448 3.0162735 2.7917602 2.7557710 3.0754064 2.9313088 2.8334277 2.7965458 2.5060179 2.8452573 2.7890200 2.7926734 2.9804593 3.1733623 3.0037125 3.2822286 3.2283351 2.8948519 3.0806204 4.4851876 3.0623280 3.5408152 2.9095419 3.5655270 2.8185972 3.1396753 2.9588678 3.1756965 3.4732030 3.3940151 3.2450449 3.2955618 3.1785041 0.6102949 0.6086683 0.6521340 0.1074665 0.0000000 0.9441873 1.0380549 1.0689099 
Vmul_SimC400788                                         3.7253085 2.8671254 2.9349029 2.2527533 2.6435290 3.1106493 3.0477899 3.3301390 2.5316906 2.3111695 2.8365566 2.5788712 2.5949790 2.8403468 2.7293347 2.6823003 2.6770003 2.4640840 2.6679297 2.6227477 2.5680897 2.6966220 2.7058942 2.7746059 3.3065427 2.9874642 2.9366543 2.9731706 3.5034934 3.0760413 3.2778403 2.7247121 3.1415805 2.5207653 2.9096488 2.9921268 3.2227032 3.4352384 3.2847113 3.1422603 3.2304551 3.3247818 0.7855452 0.8895327 0.9713981 1.1868143 0.9441873 0.0000000 1.2684303 0.6076733 
Eupdun_Edun_sb10642388                                  4.1921273 3.1009912 3.1629758 7.1026308 7.0886340 3.9125012 3.3061983 4.8722576 2.9406243 2.7491265 3.0547108 3.2581581 3.1136570 3.6899116 3.1683582 3.2669399 3.1399878 4.5576061 3.2507714 3.1506157 3.1012703 2.8633163 2.8454376 2.9637544 3.2693543 3.4494272 3.2091190 3.5721242 5.8364008 3.4290781 3.3026532 2.8036677 3.6973622 2.8870942 3.2273730 3.6029615 3.9216431 3.5024529 3.5604971 3.3794957 3.3794957 3.6811901 0.8488272 0.8568794 0.6658460 1.1252747 1.0380549 1.2684303 0.0000000 2.0740825 
Coemet_Cmet_scaffold16806_01                            3.4753731 3.2829570 3.3189623 2.1879855 2.8920089 3.6066825 3.7783113 3.6546942 2.6679015 2.6304710 3.3936712 2.7677513 2.9383178 2.9312481 2.9038189 2.8209365 2.7244284 2.5708325 3.0587676 3.1122488 2.7487412 3.0505576 2.9749084 3.2526840 3.8226998 3.8014202 3.4530288 3.2798602 3.7534113 3.4802461 5.1016030 3.0731207 3.6081218 2.6875607 3.6926816 3.2654231 3.5577943 3.8416805 3.6197220 3.7677403 3.7513276 3.6867087 1.1627643 0.9932044 1.6390892 1.6737588 1.0689099 0.6076733 2.0740825 0.0000000 
