23
Tcas_TC006365_001       0.0000000 1.0245282 0.8867574 1.0559194 0.9374576 0.9591816 0.8890169 1.5586962 1.1191007 1.1613064 1.2358753 1.2251109 1.1737835 1.1511277 1.2425957 1.1426266 1.1539760 1.1020484 1.4602501 1.0930980 1.4445845 1.5658999 1.0365579 
Cscu_XM_023377185.1     1.0245282 0.0000000 0.7381717 0.8355669 0.9963455 1.0695070 0.9697407 0.8639705 0.8642995 0.9162986 0.8499184 1.1828300 1.1097767 1.1197994 1.2201666 1.1128634 1.0521431 1.0747515 1.2007754 1.0685592 1.4141471 1.4684232 0.8771316 
Acagra_model.g13991.t1  0.8867574 0.7381717 0.0000000 0.6567088 1.1068688 1.0387854 1.0902019 1.5056483 0.9932742 1.0462891 1.0653500 1.1806102 1.1493235 1.1286895 1.1873740 1.1846734 1.1449907 1.1192334 1.3224310 1.0078319 1.7773123 1.5384497 0.9758680 
Lcom_lcpid162870        1.0559194 0.8355669 0.6567088 0.0000000 1.1845895 1.2244348 1.0818960 1.3569663 1.1626264 1.1417357 1.1265331 1.1652659 1.1454415 1.1465881 1.2403734 1.0766652 1.1396142 1.0904661 1.2551293 1.2699829 1.8980026 1.5322327 1.0392175 
Nemnom_g15191.t1        0.9374576 0.9963455 1.1068688 1.1845895 0.0000000 0.1077981 0.5387105 1.2331790 0.9399014 0.9054347 0.9603021 1.1186000 1.1432374 1.1228391 1.1513946 1.1150014 1.1161276 1.0828316 1.1471539 0.9572668 1.0958826 1.0590735 1.2051570 
Rhoesc_Res_008169-T1    0.9591816 1.0695070 1.0387854 1.2244348 0.1077981 0.0000000 0.5990925 1.1206136 0.7491862 0.7505671 0.8769522 1.1211997 1.0609478 1.0400802 1.0962918 0.9749407 0.9577470 0.9934957 0.9686300 0.9356831 1.1914437 1.2247658 1.2478982 
Sanmal_Sma_001469-T1    0.8890169 0.9697407 1.0902019 1.0818960 0.5387105 0.5990925 0.0000000 0.9238163 0.8718303 0.9298893 0.9576070 0.8948913 0.8406176 0.8224489 0.9374661 0.8998692 0.8482549 0.8091350 0.9584514 0.6792273 1.3830280 1.3566646 1.1828528 
HoiH06_mRNA806          1.5586962 0.8639705 1.5056483 1.3569663 1.2331790 1.1206136 0.9238163 0.0000000 0.0352849 0.2515444 0.1692950 1.6423176 1.0323373 1.0323373 1.8158042 1.4180681 1.4083701 1.4239913 1.9837602 1.4277555 1.5483099 1.2945767 1.7684903 
HoiH23_PlH23_005391-RA  1.1191007 0.8642995 0.9932742 1.1626264 0.9399014 0.7491862 0.8718303 0.0352849 0.0000000 0.1516707 0.1440484 1.3254875 0.8823342 0.8598274 1.2593706 1.0153361 1.0244263 1.0324579 1.2279212 0.8553878 1.2156320 1.1141440 1.3509422 
HoiH04_mRNA13461        1.1613064 0.9162986 1.0462891 1.1417357 0.9054347 0.7505671 0.9298893 0.2515444 0.1516707 0.0000000 0.1912162 1.3934558 0.8989853 0.8768912 1.1425772 1.0608263 1.0329918 0.9762097 1.2698648 0.9388229 1.1523566 1.0608868 1.3317925 
HoiH11_mRNA4598         1.2358753 0.8499184 1.0653500 1.1265331 0.9603021 0.8769522 0.9576070 0.1692950 0.1440484 0.1912162 0.0000000 1.3347426 1.0569719 1.0333317 1.2548860 1.1658311 1.0953661 1.1047276 1.2938032 0.9993576 1.1847914 1.0361931 1.3643269 
Exapal_XM_021044056.1   1.2251109 1.1828300 1.1806102 1.1652659 1.1186000 1.1211997 0.8948913 1.6423176 1.3254875 1.3934558 1.3347426 0.0000000 0.7669483 0.7669483 0.7679323 0.7833564 0.7058339 0.7341649 0.7924646 0.6506355 1.0346494 0.9693537 0.9515055 
Adig_XM_015906247.1     1.1737835 1.1097767 1.1493235 1.1454415 1.1432374 1.0609478 0.8406176 1.0323373 0.8823342 0.8989853 1.0569719 0.7669483 0.0000000 0.0080157 0.2475160 0.3511083 0.3742424 0.4019283 0.3954576 0.5813528 1.1159832 1.1033251 1.2611703 
Amil_Amillepora24904-RA 1.1511277 1.1197994 1.1286895 1.1465881 1.1228391 1.0400802 0.8224489 1.0323373 0.8598274 0.8768912 1.0333317 0.7669483 0.0080157 0.0000000 0.2372262 0.3511083 0.3665541 0.3901639 0.3834513 0.6000575 1.1173696 1.1047243 1.2533331 
Gfas_gfas1.m1.7507.m1   1.2425957 1.2201666 1.1873740 1.2403734 1.1513946 1.0962918 0.9374661 1.8158042 1.2593706 1.1425772 1.2548860 0.7679323 0.2475160 0.2372262 0.0000000 0.3700961 0.4094262 0.3933624 0.4368269 0.6428739 1.1457005 1.3359444 1.4218080 
Fspp_ffun1.m4.25793.m1  1.1426266 1.1128634 1.1846734 1.0766652 1.1150014 0.9749407 0.8998692 1.4180681 1.0153361 1.0608263 1.1658311 0.7833564 0.3511083 0.3511083 0.3700961 0.0000000 0.2573181 0.2793624 0.2048970 0.6002174 1.3022500 1.3311621 1.2997989 
Spis_XP_022783861_1     1.1539760 1.0521431 1.1449907 1.1396142 1.1161276 0.9577470 0.8482549 1.4083701 1.0244263 1.0329918 1.0953661 0.7058339 0.3742424 0.3665541 0.4094262 0.2573181 0.0000000 0.0865047 0.2579323 0.5066333 1.2762677 1.2327716 1.1615606 
Pocdam_XM_027198096.1   1.1020484 1.0747515 1.1192334 1.0904661 1.0828316 0.9934957 0.8091350 1.4239913 1.0324579 0.9762097 1.1047276 0.7341649 0.4019283 0.3901639 0.3933624 0.2793624 0.0865047 0.0000000 0.2837282 0.5261185 1.3042554 1.2891881 1.1428010 
Gasp_gasp1.m3.9679.m1   1.4602501 1.2007754 1.3224310 1.2551293 1.1471539 0.9686300 0.9584514 1.9837602 1.2279212 1.2698648 1.2938032 0.7924646 0.3954576 0.3834513 0.4368269 0.2048970 0.2579323 0.2837282 0.0000000 0.6859217 1.4473742 1.3356432 1.3868839 
Nvec_v1g248636          1.0930980 1.0685592 1.0078319 1.2699829 0.9572668 0.9356831 0.6792273 1.4277555 0.8553878 0.9388229 0.9993576 0.6506355 0.5813528 0.6000575 0.6428739 0.6002174 0.5066333 0.5261185 0.6859217 0.0000000 1.1551371 1.1732166 1.2748695 
Dgig_XM_028541076.1     1.4445845 1.4141471 1.7773123 1.8980026 1.0958826 1.1914437 1.3830280 1.5483099 1.2156320 1.1523566 1.1847914 1.0346494 1.1159832 1.1173696 1.1457005 1.3022500 1.2762677 1.3042554 1.4473742 1.1551371 0.0000000 0.4884443 1.5323818 
Xesp_004935-T1          1.5658999 1.4684232 1.5384497 1.5322327 1.0590735 1.2247658 1.3566646 1.2945767 1.1141440 1.0608868 1.0361931 0.9693537 1.1033251 1.1047243 1.3359444 1.3311621 1.2327716 1.2891881 1.3356432 1.1732166 0.4884443 0.0000000 1.5991053 
Cgig_XM_011429602.3     1.0365579 0.8771316 0.9758680 1.0392175 1.2051570 1.2478982 1.1828528 1.7684903 1.3509422 1.3317925 1.3643269 0.9515055 1.2611703 1.2533331 1.4218080 1.2997989 1.1615606 1.1428010 1.3868839 1.2748695 1.5323818 1.5991053 0.0000000 
