51
Hsap_ENST00000567949                               0.0000000 2.2404130 2.5501572 1.9879439 2.0735149 2.0139191 2.0236485 2.0439860 1.9848177 2.0609702 2.0435633 2.1822297 2.2213199 2.2562144 2.3462076 2.2269175 2.2511573 2.4068335 2.3996672 2.7245110 2.7476304 2.6754703 2.7222403 2.3379005 2.5613177 2.1513646 2.4189885 2.1887247 2.1513679 2.3554831 2.1126571 2.1849835 2.9467353 2.4024162 2.6584408 2.5032358 2.5310152 2.2348550 3.5638301 2.8657587 3.6294121 3.3303438 3.1729314 3.8715813 3.2609825 3.4026746 3.3173821 3.0944025 3.0044506 2.0252316 3.2931383 
Spur_XM_030975810.1                                2.2404130 0.0000000 1.8014448 1.5163029 1.8449984 1.8618916 1.8144428 1.6916342 1.7907341 1.7078991 1.7812941 1.9829141 1.9353675 1.9582506 2.2902449 2.0531718 2.0365009 2.0881630 2.0815942 2.1525472 2.1502121 2.1210091 2.3141168 1.8545001 2.3246092 1.9015007 2.0733938 1.9192807 1.9416465 1.9539623 1.9713245 2.2323614 2.4752377 2.2606985 2.1756326 2.2288827 2.2024922 3.0380417 3.0083879 2.8984879 3.1259824 3.0810724 3.1175992 3.4179430 3.0374606 3.1999415 3.2896246 3.3866687 3.3280121 1.5070093 2.4114936 
Ctel_gnl_WGS_AMQN_CAPTEDRAFT_mRNA223722            2.5501572 1.8014448 0.0000000 1.5083435 2.0241040 2.1103045 2.1017459 2.0032131 2.1188518 2.1837852 2.1012692 1.9580428 2.4606808 2.2994388 2.5188882 2.4886665 2.2895207 2.2434347 2.2363554 2.3304671 2.3385857 2.3542236 2.7027062 1.9973362 2.7169792 1.8830174 2.2288075 2.2193489 2.0719420 2.1990675 2.2784618 2.2331503 2.6512113 2.5384332 2.4310463 2.3502659 2.4424621 2.9614055 3.6091293 3.5867531 4.0259896 3.2739636 3.9093722 3.7895315 3.6852114 4.0223732 3.4529907 3.5461549 3.5967606 2.5939704 3.2700027 
Cgig_XM_011429519.3                                1.9879439 1.5163029 1.5083435 0.0000000 1.9812980 1.5909237 1.6230780 1.4662415 1.6262587 1.5625646 1.5088488 1.8211814 1.5700744 1.7819868 2.1298959 1.7657756 2.1024187 1.8247683 1.8325185 1.8307144 1.8441785 1.7983214 2.1896215 1.4401578 1.8076603 1.9021559 2.1134031 1.7352208 1.7356685 1.8389935 1.6929640 2.0419281 2.3772660 2.1742791 2.1568016 2.3775350 2.4603877 2.7742915 3.2307521 3.0846612 3.7075628 2.9740356 3.3442005 3.5295826 3.3469241 3.6284025 3.0865144 3.3160344 3.2784019 1.6433382 2.3356856 
Exapal_XM_021036539.2                              2.0735149 1.8449984 2.0241040 1.9812980 0.0000000 1.4842957 1.4190462 1.2714869 1.3199166 1.3870794 1.3767687 1.3024460 1.9406722 1.7795138 1.8113638 1.9011885 1.6831567 2.0538597 2.0470785 1.9906596 2.0015507 1.9902838 2.1748227 1.9805936 1.7807883 1.5628267 1.6628180 1.7963756 1.6537347 1.5436618 1.6284108 1.9800222 2.4882826 1.8528048 2.2380211 2.1824383 2.1343118 2.0911209 2.8757185 2.5044590 2.9292180 2.6499020 2.7314387 2.9616370 2.7982974 2.8479860 2.7552626 2.8041580 2.8364721 1.7276368 2.2173432 
Adig_XM_015919126.1                                2.0139191 1.8618916 2.1103045 1.5909237 1.4842957 0.0000000 0.5988479 0.7139420 0.8094917 0.7251936 0.7186123 1.3576205 1.6576810 1.7627056 1.7995395 1.7732702 1.6227929 1.6658878 1.6598431 1.7277461 1.7419091 1.7320816 2.0351618 1.9546436 2.0083786 1.7471996 2.0989575 1.5380451 1.5302487 1.6405660 1.8102186 1.7499336 1.9986432 1.9646105 2.2790566 2.3218363 2.2125918 2.6547421 3.1228602 2.6956743 3.0530739 2.9418559 3.1154932 2.8991398 2.8355046 2.9667866 3.2246812 3.2548050 3.2516729 1.4549112 2.2922757 
Gfas_gfas1.m1.6080.m1                              2.0236485 1.8144428 2.1017459 1.6230780 1.4190462 0.5988479 0.0000000 0.4797539 0.5693832 0.5557675 0.5746416 1.2113160 1.6575993 1.8906119 1.9261111 1.7213996 1.7261748 1.7106871 1.7048140 1.8254035 1.8434246 1.8083875 1.9564816 1.9876027 2.2703571 1.8160129 2.4085551 1.7052029 1.6566930 1.7818146 1.7684965 1.8755985 2.2813899 1.8973263 2.3767289 2.3812103 2.1943931 3.3228266 3.1927314 3.0737065 3.6091554 3.4753796 3.0199713 3.3274982 3.2277731 3.3922316 3.1362337 3.6549585 3.5835142 1.6098301 2.7051164 
Fspp_ffun1.m4.9909.m1                              2.0439860 1.6916342 2.0032131 1.4662415 1.2714869 0.7139420 0.4797539 0.0000000 0.2922646 0.4022306 0.3710474 1.2426386 1.5369043 1.8288601 1.9147073 1.6477448 1.7176992 1.5887769 1.5832169 1.6635175 1.6757230 1.7003039 1.9808922 1.8795728 2.1039016 1.7017483 2.1608989 1.6171673 1.5415261 1.7308295 1.6842143 1.8615363 2.1664660 1.8044085 2.3506585 2.1689440 2.0583543 2.6881059 3.1666497 2.9687096 3.4120537 3.1067490 3.1918414 2.9509647 3.0949006 3.1927380 3.1208218 2.9927289 2.9843587 1.5505902 2.8067498 
Gasp_gasp1.m3.7684.m1                              1.9848177 1.7907341 2.1188518 1.6262587 1.3199166 0.8094917 0.5693832 0.2922646 0.0000000 0.4090750 0.4365206 1.3990471 1.5855238 1.7938052 1.9324368 1.7089847 1.7059890 1.6063275 1.6007381 1.7153252 1.7322148 1.7227864 1.8975463 1.9095741 2.1164840 1.6582882 2.1206828 1.6554970 1.4797566 1.7456329 1.5875353 1.8021859 2.0901024 1.9245457 2.2591997 2.2727510 2.1883783 2.8487404 3.1131442 2.8141285 3.0923903 3.0969988 3.0096377 2.8752574 2.9539923 3.1725921 3.0306556 2.8887463 2.8676792 1.6134170 2.7684604 
Spis_XP_022808501_1                                2.0609702 1.7078991 2.1837852 1.5625646 1.3870794 0.7251936 0.5557675 0.4022306 0.4090750 0.0000000 0.1857009 1.3811703 1.6801966 1.8217683 1.9406062 1.7046244 1.6810049 1.5564909 1.5541794 1.6491948 1.6655883 1.7087375 1.9519750 1.8842022 1.9763451 1.6025326 1.8725912 1.4672109 1.5262155 1.5972801 1.6987792 1.7721590 2.2125925 1.8548451 2.4278606 2.2408541 2.3348314 2.6592833 3.0801719 2.5789967 2.9644924 3.1452475 3.2934112 2.9476917 2.9606250 3.0239467 3.1215273 3.2745962 3.2445116 1.5652253 2.7086825 
Pocdam_XM_027180072.1                              2.0435633 1.7812941 2.1012692 1.5088488 1.3767687 0.7186123 0.5746416 0.3710474 0.4365206 0.1857009 0.0000000 1.2697887 1.7270620 1.8346126 1.9070875 1.7696069 1.7283361 1.5917076 1.5861593 1.7129623 1.7178343 1.6986425 2.0215719 1.8409900 2.0809080 1.5621328 1.9426483 1.5035362 1.5056248 1.6317572 1.6388303 1.7863923 2.1350842 1.8193688 2.5050746 2.3029367 2.1845275 2.8042266 3.0841163 2.6135167 3.0496612 3.2117513 3.1029838 2.8974095 2.9922599 2.9917168 3.1429136 3.1836090 3.1686372 1.4979555 2.6433904 
Nvec_v1g229188                                     2.1822297 1.9829141 1.9580428 1.8211814 1.3024460 1.3576205 1.2113160 1.2426386 1.3990471 1.3811703 1.2697887 0.0000000 1.8251827 1.7830145 1.7406398 1.7598810 1.7189656 1.9812805 1.9904108 1.9923365 1.9988779 2.0249131 2.0001690 2.0952997 1.8951544 1.7666682 2.0327761 1.9620625 1.8450778 1.8703789 1.8461258 1.9943768 2.2438822 1.7819586 2.1693102 2.3049400 2.0829409 2.4134387 2.7755352 2.6161570 3.1265542 2.6180545 2.6210569 3.0084226 2.4785765 2.6363298 2.4296445 2.8975831 2.9034192 1.9794866 2.5513352 
Chem_TCONS_00004397                                2.2213199 1.9353675 2.4606808 1.5700744 1.9406722 1.6576810 1.6575993 1.5369043 1.5855238 1.6801966 1.7270620 1.8251827 0.0000000 1.5257718 1.8412670 1.6811945 1.7848725 2.1369840 2.1468928 2.0037185 2.0153445 2.1099027 2.0253823 2.3793909 2.1722443 1.9482467 2.3662384 1.8460621 1.8810621 2.0637827 2.0540468 2.2251058 2.7383727 2.0430999 2.3798253 2.7995404 2.4943686 2.7860445 2.9031615 2.7019784 2.9938760 3.2198941 3.4982225 3.3653621 2.9811363 3.1285777 3.0554969 3.2932751 3.3333493 1.8346455 2.1406293 
Aaur_scaffold416.g1.t2                             2.2562144 1.9582506 2.2994388 1.7819868 1.7795138 1.7627056 1.8906119 1.8288601 1.7938052 1.8217683 1.8346126 1.7830145 1.5257718 0.0000000 0.9883415 0.7864219 1.0116171 1.7983317 1.8008213 1.9223717 1.9114859 1.8946028 1.7719760 2.2316715 2.2004281 1.8772584 2.2267738 2.0211984 1.9166729 1.8218920 1.8542714 2.1853894 2.7416940 2.0935632 2.3937824 2.3860739 2.4226252 2.9887215 3.0176215 2.7611460 3.0650870 3.0182654 3.0940970 3.5363701 2.7457986 2.8920298 2.7815388 3.0403322 3.0666665 1.9015982 1.9650155 
Nemnom_g1376.t1                                    2.3462076 2.2902449 2.5188882 2.1298959 1.8113638 1.7995395 1.9261111 1.9147073 1.9324368 1.9406062 1.9070875 1.7406398 1.8412670 0.9883415 0.0000000 0.4964516 0.9580644 2.0578416 2.0578416 2.0187754 2.0033191 1.9872091 1.6871861 2.3216272 1.9909593 1.7759392 2.5163573 2.2845237 1.9103116 1.9215162 2.1194237 2.2699672 2.5882963 2.2386617 2.5468921 2.6361898 2.7532028 3.2649071 3.1763455 3.0124865 3.3081459 3.0637096 3.0536548 3.3252223 2.8875890 3.0691855 3.2433886 3.2347264 3.1361961 2.0621016 1.9764462 
Rhoesc_Res_014182-T1                               2.2269175 2.0531718 2.4886665 1.7657756 1.9011885 1.7732702 1.7213996 1.6477448 1.7089847 1.7046244 1.7696069 1.7598810 1.6811945 0.7864219 0.4964516 0.0000000 1.0286116 2.0055421 2.0074315 2.0015897 1.9854563 2.0149303 1.8336251 2.1908243 2.1305896 1.8329291 2.4440534 2.0363639 1.7701054 1.9014996 2.0413361 2.1417927 2.4317451 2.0502632 2.4334543 2.3913236 2.5530606 2.7126959 3.0736332 2.8413763 3.1997379 3.0720183 2.9400079 3.4643628 2.7183341 2.9727233 2.8173977 3.1431066 3.0890593 1.9922636 2.1677667 
Sanmal_Sma_012845-T1                               2.2511573 2.0365009 2.2895207 2.1024187 1.6831567 1.6227929 1.7261748 1.7176992 1.7059890 1.6810049 1.7283361 1.7189656 1.7848725 1.0116171 0.9580644 1.0286116 0.0000000 1.9109621 1.9071073 1.8408092 1.8572791 1.8517083 1.7833641 2.0643249 2.0664015 1.7934267 2.2487923 1.9904080 1.7253306 1.8719824 1.9783361 2.0266974 2.4908380 1.8997872 2.3593046 2.5826477 2.5099657 2.8372039 2.9333691 2.6877283 3.1229741 2.8941598 3.0433039 3.1751377 2.7821061 2.7612870 2.7775430 3.3435249 3.3707941 2.2455242 1.8292898 
Tadh_TriadT55610                                   2.4068335 2.0881630 2.2434347 1.8247683 2.0538597 1.6658878 1.7106871 1.5887769 1.6063275 1.5564909 1.5917076 1.9812805 2.1369840 1.7983317 2.0578416 2.0055421 1.9109621 0.0000000 0.0022944 0.4534600 0.4470260 0.4144464 2.4054430 2.2807772 2.1865094 1.9314691 2.4360999 2.0856323 1.8933298 2.2448997 1.8265944 2.2693855 2.5587840 2.2164222 2.4089984 2.6509917 2.8417529 3.3605701 3.2436095 3.1416274 3.6423222 3.1571031 3.3632314 3.2855430 3.1123206 3.0952430 3.3918321 3.4723925 3.4110234 2.0632180 2.3645002 
TrH2_TrispH2_001495-RA                             2.3996672 2.0815942 2.2363554 1.8325185 2.0470785 1.6598431 1.7048140 1.5832169 1.6007381 1.5541794 1.5861593 1.9904108 2.1468928 1.8008213 2.0578416 2.0074315 1.9071073 0.0022944 0.0000000 0.4500642 0.4436522 0.4112105 2.4001453 2.2839399 2.1865094 1.9314691 2.4297949 2.0813843 1.8867529 2.2448997 1.8265944 2.2613452 2.5455018 2.2164222 2.4125065 2.6407897 2.8328214 3.3605701 3.2436095 3.1416274 3.6423222 3.1571031 3.3632314 3.2855430 3.1123206 3.0952430 3.3918321 3.4723925 3.4110234 2.0554002 2.3645002 
Hhon_g02532.t1                                     2.7245110 2.1525472 2.3304671 1.8307144 1.9906596 1.7277461 1.8254035 1.6635175 1.7153252 1.6491948 1.7129623 1.9923365 2.0037185 1.9223717 2.0187754 2.0015897 1.8408092 0.4534600 0.4500642 0.0000000 0.0046088 0.1907830 2.4326614 2.4278768 1.9658476 2.1549537 2.4349032 1.9979074 1.8190325 2.3618430 1.8693339 2.2687259 2.5468820 2.3048999 2.4633819 2.6844175 2.7174339 2.9510759 3.2535524 3.3886787 3.9593614 3.0426340 3.3904438 3.4474847 3.0713631 3.2627421 3.3307528 3.3133201 3.3501677 2.1253081 2.6685528 
HoiH04_mRNA18041                                   2.7476304 2.1502121 2.3385857 1.8441785 2.0015507 1.7419091 1.8434246 1.6757230 1.7322148 1.6655883 1.7178343 1.9988779 2.0153445 1.9114859 2.0033191 1.9854563 1.8572791 0.4470260 0.4436522 0.0046088 0.0000000 0.1904813 2.4447668 2.4523645 1.9738502 2.1664102 2.4532022 1.9927559 1.8275399 2.3826823 1.8784578 2.2779684 2.5721958 2.2713069 2.4516455 2.6751303 2.7091978 2.9184180 3.2383877 3.3952921 3.9668606 3.0475930 3.3388779 3.4893339 3.1076402 3.2950567 3.3590371 3.3048902 3.3415430 2.1326005 2.6546958 
HoiH23_PlH23_005723-RA                             2.6754703 2.1210091 2.3542236 1.7983214 1.9902838 1.7320816 1.8083875 1.7003039 1.7227864 1.7087375 1.6986425 2.0249131 2.1099027 1.8946028 1.9872091 2.0149303 1.8517083 0.4144464 0.4112105 0.1907830 0.1904813 0.0000000 2.3183348 2.3717972 1.9679430 2.1042842 2.5158171 2.0729886 1.8016738 2.3861215 1.8100902 2.2693353 2.4469297 2.2063929 2.4447826 2.6890547 2.6907742 3.3320309 3.2125588 3.2930715 3.8039995 3.1872400 3.1946734 3.4097862 3.1341421 3.2800984 3.2967772 3.4253243 3.3618178 2.2048441 2.5142927 
Morvir_scaffold404.g21.t1                          2.7222403 2.3141168 2.7027062 2.1896215 2.1748227 2.0351618 1.9564816 1.9808922 1.8975463 1.9519750 2.0215719 2.0001690 2.0253823 1.7719760 1.6871861 1.8336251 1.7833641 2.4054430 2.4001453 2.4326614 2.4447668 2.3183348 0.0000000 2.3147509 2.8126519 2.2543095 2.7370245 2.3565974 2.2459718 2.1910181 2.0918762 2.4488614 3.2579348 2.7207792 2.8304350 2.9785877 2.7605399 3.1036627 3.3057521 3.1332973 3.6173004 3.3557402 3.2928351 3.9766282 3.1184011 3.4483229 3.2932983 3.6646634 3.6784073 2.3441244 2.6668473 
Acagra_model.g30412.t1                             2.3379005 1.8545001 1.9973362 1.4401578 1.9805936 1.9546436 1.9876027 1.8795728 1.9095741 1.8842022 1.8409900 2.0952997 2.3793909 2.2316715 2.3216272 2.1908243 2.0643249 2.2807772 2.2839399 2.4278768 2.4523645 2.3717972 2.3147509 0.0000000 2.2643280 1.9004618 2.4571148 2.3763019 2.0337979 1.9246199 2.0715482 2.1389156 2.7962756 2.3143002 2.6170204 2.6102812 2.7699652 3.0773836 3.3015868 3.1494532 3.7693779 3.3436783 3.4890659 3.4227311 3.4080598 3.4655242 3.3960526 3.1877151 3.2246545 2.2019816 2.8183035 
Cscu_XM_023387272.1                                2.5613177 2.3246092 2.7169792 1.8076603 1.7807883 2.0083786 2.2703571 2.1039016 2.1164840 1.9763451 2.0809080 1.8951544 2.1722443 2.2004281 1.9909593 2.1305896 2.0664015 2.1865094 2.1865094 1.9658476 1.9738502 1.9679430 2.8126519 2.2643280 0.0000000 2.1389073 2.8534735 2.4051269 2.2468128 1.8642778 2.2887067 2.1786482 2.9043748 2.4630888 2.1196111 2.4653038 2.5183550 2.9329945 3.4693644 3.2746032 3.6061685 3.3933688 3.7668185 3.4400280 3.5633487 3.9244986 3.4803215 4.2148816 4.1902965 2.4593651 2.2678268 
Aque_Aqu2.1.28956_001                              2.1513646 1.9015007 1.8830174 1.9021559 1.5628267 1.7471996 1.8160129 1.7017483 1.6582882 1.6025326 1.5621328 1.7666682 1.9482467 1.8772584 1.7759392 1.8329291 1.7934267 1.9314691 1.9314691 2.1549537 2.1664102 2.1042842 2.2543095 1.9004618 2.1389073 0.0000000 0.9093757 1.3863739 1.0660491 0.9850839 1.4636063 1.4262370 1.5749001 2.1280853 2.1155519 2.1552182 2.3271392 2.6490862 3.1613173 3.1204093 3.4756498 2.8553569 2.9888158 3.2326138 2.8658973 3.0630415 3.2531362 3.2174057 3.0860436 2.0572487 2.0535847 
Halamb_c53728_g1_i2m.36320                         2.4189885 2.0733938 2.2288075 2.1134031 1.6628180 2.0989575 2.4085551 2.1608989 2.1206828 1.8725912 1.9426483 2.0327761 2.3662384 2.2267738 2.5163573 2.4440534 2.2487923 2.4360999 2.4297949 2.4349032 2.4532022 2.5158171 2.7370245 2.4571148 2.8534735 0.9093757 0.0000000 1.5212279 1.3898212 1.5201261 1.8520032 2.1881550 1.7861112 2.4549079 2.3869771 2.6943602 2.5979010 2.8023780 3.3729378 3.2204009 3.0312085 2.8814672 3.4829814 3.3417768 3.1086108 3.0069026 3.3459834 3.5680944 3.5136202 2.1255248 1.9506808 
Tetwil_g23938.t1                                   2.1887247 1.9192807 2.2193489 1.7352208 1.7963756 1.5380451 1.7052029 1.6171673 1.6554970 1.4672109 1.5035362 1.9620625 1.8460621 2.0211984 2.2845237 2.0363639 1.9904080 2.0856323 2.0813843 1.9979074 1.9927559 2.0729886 2.3565974 2.3763019 2.4051269 1.3863739 1.5212279 0.0000000 0.9721110 1.5035515 1.3388706 1.6075914 1.4217586 2.4951737 2.0666662 2.3847382 2.5880940 3.0219358 3.3650600 3.1059195 3.2677844 3.0739414 3.1393829 3.6157042 3.1234474 3.1000066 3.3980152 3.1835304 3.3261598 1.5768806 2.0623589 
Stycar_maker-SC_scaffold3642-snap-gene-0.24-mRNA-1 2.1513679 1.9416465 2.0719420 1.7356685 1.6537347 1.5302487 1.6566930 1.5415261 1.4797566 1.5262155 1.5056248 1.8450778 1.8810621 1.9166729 1.9103116 1.7701054 1.7253306 1.8933298 1.8867529 1.8190325 1.8275399 1.8016738 2.2459718 2.0337979 2.2468128 1.0660491 1.3898212 0.9721110 0.0000000 1.1948741 1.2346077 1.2974820 1.2537994 2.0536687 2.2128133 2.2293951 2.4991803 2.5675712 3.2790930 2.9179470 3.4142058 3.2679639 3.0956039 3.4694536 3.2963932 3.3533719 3.0462655 3.0894309 3.0943033 1.7672396 2.2144005 
Xestes_maker-XT_scaffold824-snap-gene-0.26-mRNA-1  2.3554831 1.9539623 2.1990675 1.8389935 1.5436618 1.6405660 1.7818146 1.7308295 1.7456329 1.5972801 1.6317572 1.8703789 2.0637827 1.8218920 1.9215162 1.9014996 1.8719824 2.2448997 2.2448997 2.3618430 2.3826823 2.3861215 2.1910181 1.9246199 1.8642778 0.9850839 1.5201261 1.5035515 1.1948741 0.0000000 1.2936142 1.4695091 1.6586688 2.0001013 2.3360063 2.7238926 2.7741868 2.9373748 3.8445970 3.5390047 4.2592964 3.2854166 3.5063190 3.7476983 3.4380163 3.4726701 3.3287696 3.3203907 3.3905363 2.2031618 2.8245911 
Plespi_Pspi_C609632_01                             2.1126571 1.9713245 2.2784618 1.6929640 1.6284108 1.8102186 1.7684965 1.6842143 1.5875353 1.6987792 1.6388303 1.8461258 2.0540468 1.8542714 2.1194237 2.0413361 1.9783361 1.8265944 1.8265944 1.8693339 1.8784578 1.8100902 2.0918762 2.0715482 2.2887067 1.4636063 1.8520032 1.3388706 1.2346077 1.2936142 0.0000000 1.4044579 1.4559606 2.2930568 2.2176004 2.4166222 2.3830532 2.8082131 3.4516933 3.2185669 3.3469083 3.1222433 3.5116192 3.6195408 2.9966666 3.1330948 3.0022112 3.5699361 3.5998788 2.3635002 2.1302713 
Emue_Em0018g598a.t1                                2.1849835 2.2323614 2.2331503 2.0419281 1.9800222 1.7499336 1.8755985 1.8615363 1.8021859 1.7721590 1.7863923 1.9943768 2.2251058 2.1853894 2.2699672 2.1417927 2.0266974 2.2693855 2.2613452 2.2687259 2.2779684 2.2693353 2.4488614 2.1389156 2.1786482 1.4262370 2.1881550 1.6075914 1.2974820 1.4695091 1.4044579 0.0000000 0.4523686 2.2448818 2.6329904 2.6585461 2.7275455 3.0925826 3.6303847 3.3454067 3.7555077 3.3437959 3.7427232 3.9908127 3.8143458 3.8089613 3.3985129 3.7485025 3.8177615 2.2172232 2.2597704 
Spolac_c96214_g1_i2_m.12735c96214-g1               2.9467353 2.4752377 2.6512113 2.3772660 2.4882826 1.9986432 2.2813899 2.1664660 2.0901024 2.2125925 2.1350842 2.2438822 2.7383727 2.7416940 2.5882963 2.4317451 2.4908380 2.5587840 2.5455018 2.5468820 2.5721958 2.4469297 3.2579348 2.7962756 2.9043748 1.5749001 1.7861112 1.4217586 1.2537994 1.6586688 1.4559606 0.4523686 0.0000000 2.6333909 3.1137989 2.9081842 3.3529009 3.8125711 3.5646171 3.4300774 3.9296909 3.3564140 3.8442908 4.0253331 3.8549564 3.7434672 3.6394077 4.3167345 4.4095350 2.1967668 2.3987963 
Dgig_XM_028555553.1                                2.4024162 2.2606985 2.5384332 2.1742791 1.8528048 1.9646105 1.8973263 1.8044085 1.9245457 1.8548451 1.8193688 1.7819586 2.0430999 2.0935632 2.2386617 2.0502632 1.8997872 2.2164222 2.2164222 2.3048999 2.2713069 2.2063929 2.7207792 2.3143002 2.4630888 2.1280853 2.4549079 2.4951737 2.0536687 2.0001013 2.2930568 2.2448818 2.6333909 0.0000000 2.4360393 2.6664786 2.4608451 3.6442208 3.4551844 2.9436229 3.6061398 3.3766925 3.3710510 3.5405629 3.5983641 3.8908144 3.4134171 3.3473810 3.2051227 2.1368793 2.5941560 
Dpul_mRNA27921                                     2.6584408 2.1756326 2.4310463 2.1568016 2.2380211 2.2790566 2.3767289 2.3506585 2.2591997 2.4278606 2.5050746 2.1693102 2.3798253 2.3937824 2.5468921 2.4334543 2.3593046 2.4089984 2.4125065 2.4633819 2.4516455 2.4447826 2.8304350 2.6170204 2.1196111 2.1155519 2.3869771 2.0666662 2.2128133 2.3360063 2.2176004 2.6329904 3.1137989 2.4360393 0.0000000 2.8684410 2.7483165 2.8486698 3.1801778 3.1173181 3.6104358 3.0749547 3.1761225 3.6077151 3.1252016 3.1984090 3.2954323 3.5305756 3.5094181 2.3083040 2.9281249 
Lcom_lcpid22371                                    2.5032358 2.2288827 2.3502659 2.3775350 2.1824383 2.3218363 2.3812103 2.1689440 2.2727510 2.2408541 2.3029367 2.3049400 2.7995404 2.3860739 2.6361898 2.3913236 2.5826477 2.6509917 2.6407897 2.6844175 2.6751303 2.6890547 2.9785877 2.6102812 2.4653038 2.1552182 2.6943602 2.3847382 2.2293951 2.7238926 2.4166222 2.6585461 2.9081842 2.6664786 2.8684410 0.0000000 0.6597655 0.8033138 3.5707819 3.4078127 3.6278202 3.5737236 3.5432967 3.9578042 3.3849368 3.6675302 3.1801849 3.6557007 3.5645924 2.2569873 2.9871645 
Gracom_Gcom_scaffold18161_01                       2.5310152 2.2024922 2.4424621 2.4603877 2.1343118 2.2125918 2.1943931 2.0583543 2.1883783 2.3348314 2.1845275 2.0829409 2.4943686 2.4226252 2.7532028 2.5530606 2.5099657 2.8417529 2.8328214 2.7174339 2.7091978 2.6907742 2.7605399 2.7699652 2.5183550 2.3271392 2.5979010 2.5880940 2.4991803 2.7741868 2.3830532 2.7275455 3.3529009 2.4608451 2.7483165 0.6597655 0.0000000 0.8067205 3.7811000 3.9213641 4.1793258 3.5793549 4.0363504 4.8433887 3.9304904 4.1419201 3.5971439 3.9937047 4.0533580 2.2700915 2.9347543 
Leuniv_Lniv_C759382_01                             2.2348550 3.0380417 2.9614055 2.7742915 2.0911209 2.6547421 3.3228266 2.6881059 2.8487404 2.6592833 2.8042266 2.4134387 2.7860445 2.9887215 3.2649071 2.7126959 2.8372039 3.3605701 3.3605701 2.9510759 2.9184180 3.3320309 3.1036627 3.0773836 2.9329945 2.6490862 2.8023780 3.0219358 2.5675712 2.9373748 2.8082131 3.0925826 3.8125711 3.6442208 2.8486698 0.8033138 0.8067205 0.0000000 4.7736294 5.9716511 6.2990995 5.1364298 5.1136835 6.7166218 5.2951759 5.1108780 4.5641794 5.7986975 5.9446260 3.0584145 1.9415400 
Mlei_ML0227.g3.i1                                  3.5638301 3.0083879 3.6091293 3.2307521 2.8757185 3.1228602 3.1927314 3.1666497 3.1131442 3.0801719 3.0841163 2.7755352 2.9031615 3.0176215 3.1763455 3.0736332 2.9333691 3.2436095 3.2436095 3.2535524 3.2383877 3.2125588 3.3057521 3.3015868 3.4693644 3.1613173 3.3729378 3.3650600 3.2790930 3.8445970 3.4516933 3.6303847 3.5646171 3.4551844 3.1801778 3.5707819 3.7811000 4.7736294 0.0000000 0.6074547 0.7916169 0.9518455 0.8868314 0.8487087 1.2024531 1.1146790 1.2912334 1.3341769 1.2925337 3.6180201 3.0983387 
Bolinf_Binf_sb1181415                              2.8657587 2.8984879 3.5867531 3.0846612 2.5044590 2.6956743 3.0737065 2.9687096 2.8141285 2.5789967 2.6135167 2.6161570 2.7019784 2.7611460 3.0124865 2.8413763 2.6877283 3.1416274 3.1416274 3.3886787 3.3952921 3.2930715 3.1332973 3.1494532 3.2746032 3.1204093 3.2204009 3.1059195 2.9179470 3.5390047 3.2185669 3.3454067 3.4300774 2.9436229 3.1173181 3.4078127 3.9213641 5.9716511 0.6074547 0.0000000 0.0074600 0.7164586 0.6889354 0.7037450 0.9643430 0.9014130 1.2362818 1.1530507 1.1190517 3.1168147 2.6036018 
Mertsp_Mesp_sb560761                               3.6294121 3.1259824 4.0259896 3.7075628 2.9292180 3.0530739 3.6091554 3.4120537 3.0923903 2.9644924 3.0496612 3.1265542 2.9938760 3.0650870 3.3081459 3.1997379 3.1229741 3.6423222 3.6423222 3.9593614 3.9668606 3.8039995 3.6173004 3.7693779 3.6061685 3.4756498 3.0312085 3.2677844 3.4142058 4.2592964 3.3469083 3.7555077 3.9296909 3.6061398 3.6104358 3.6278202 4.1793258 6.2990995 0.7916169 0.0074600 0.0000000 0.8682721 0.8886432 0.8642784 1.2053658 1.1029034 1.4199605 1.3392963 1.2962133 2.8923832 3.7918475 
Lampan_Lpan_14096_01                               3.3303438 3.0810724 3.2739636 2.9740356 2.6499020 2.9418559 3.4753796 3.1067490 3.0969988 3.1452475 3.2117513 2.6180545 3.2198941 3.0182654 3.0637096 3.0720183 2.8941598 3.1571031 3.1571031 3.0426340 3.0475930 3.1872400 3.3557402 3.3436783 3.3933688 2.8553569 2.8814672 3.0739414 3.2679639 3.2854166 3.1222433 3.3437959 3.3564140 3.3766925 3.0749547 3.5737236 3.5793549 5.1364298 0.9518455 0.7164586 0.8682721 0.0000000 1.0225290 1.1106215 1.1179294 1.1453952 1.1892522 1.2050981 1.1787697 3.2574674 3.5447300 
Drygla_Dgla_sb295635                               3.1729314 3.1175992 3.9093722 3.3442005 2.7314387 3.1154932 3.0199713 3.1918414 3.0096377 3.2934112 3.1029838 2.6210569 3.4982225 3.0940970 3.0536548 2.9400079 3.0433039 3.3632314 3.3632314 3.3904438 3.3388779 3.1946734 3.2928351 3.4890659 3.7668185 2.9888158 3.4829814 3.1393829 3.0956039 3.5063190 3.5116192 3.7427232 3.8442908 3.3710510 3.1761225 3.5432967 4.0363504 5.1136835 0.8868314 0.6889354 0.8886432 1.0225290 0.0000000 1.1690433 1.2265956 1.2302651 1.4155700 1.4422727 1.4070602 3.6436160 3.4582633 
Beraby_Baby_sb337590                               3.8715813 3.4179430 3.7895315 3.5295826 2.9616370 2.8991398 3.3274982 2.9509647 2.8752574 2.9476917 2.8974095 3.0084226 3.3653621 3.5363701 3.3252223 3.4643628 3.1751377 3.2855430 3.2855430 3.4474847 3.4893339 3.4097862 3.9766282 3.4227311 3.4400280 3.2326138 3.3417768 3.6157042 3.4694536 3.7476983 3.6195408 3.9908127 4.0253331 3.5405629 3.6077151 3.9578042 4.8433887 6.7166218 0.8487087 0.7037450 0.8642784 1.1106215 1.1690433 0.0000000 1.3369284 1.2526898 1.5954692 1.2756873 1.2724455 3.4486973 3.8744811 
Coeast_Cast_sb785696                               3.2609825 3.0374606 3.6852114 3.3469241 2.7982974 2.8355046 3.2277731 3.0949006 2.9539923 2.9606250 2.9922599 2.4785765 2.9811363 2.7457986 2.8875890 2.7183341 2.7821061 3.1123206 3.1123206 3.0713631 3.1076402 3.1341421 3.1184011 3.4080598 3.5633487 2.8658973 3.1086108 3.1234474 3.2963932 3.4380163 2.9966666 3.8143458 3.8549564 3.5983641 3.1252016 3.3849368 3.9304904 5.2951759 1.2024531 0.9643430 1.2053658 1.1179294 1.2265956 1.3369284 0.0000000 0.1177147 0.9853547 1.4092323 1.4078766 3.3265393 3.3991366 
Coemet_Cmet_scaffold19364_01                       3.4026746 3.1999415 4.0223732 3.6284025 2.8479860 2.9667866 3.3922316 3.1927380 3.1725921 3.0239467 2.9917168 2.6363298 3.1285777 2.8920298 3.0691855 2.9727233 2.7612870 3.0952430 3.0952430 3.2627421 3.2950567 3.2800984 3.4483229 3.4655242 3.9244986 3.0630415 3.0069026 3.1000066 3.3533719 3.4726701 3.1330948 3.8089613 3.7434672 3.8908144 3.1984090 3.6675302 4.1419201 5.1108780 1.1146790 0.9014130 1.1029034 1.1453952 1.2302651 1.2526898 0.1177147 0.0000000 1.0348701 1.5148502 1.5040137 3.4940581 2.7628849 
Vmul_SimC397862                                    3.3173821 3.2896246 3.4529907 3.0865144 2.7552626 3.2246812 3.1362337 3.1208218 3.0306556 3.1215273 3.1429136 2.4296445 3.0554969 2.7815388 3.2433886 2.8173977 2.7775430 3.3918321 3.3918321 3.3307528 3.3590371 3.2967772 3.2932983 3.3960526 3.4803215 3.2531362 3.3459834 3.3980152 3.0462655 3.3287696 3.0022112 3.3985129 3.6394077 3.4134171 3.2954323 3.1801849 3.5971439 4.5641794 1.2912334 1.2362818 1.4199605 1.1892522 1.4155700 1.5954692 0.9853547 1.0348701 0.0000000 1.5381120 1.5187013 3.5345562 3.8618126 
Pbac_sb2653494                                     3.0944025 3.3866687 3.5461549 3.3160344 2.8041580 3.2548050 3.6549585 2.9927289 2.8887463 3.2745962 3.1836090 2.8975831 3.2932751 3.0403322 3.2347264 3.1431066 3.3435249 3.4723925 3.4723925 3.3133201 3.3048902 3.4253243 3.6646634 3.1877151 4.2148816 3.2174057 3.5680944 3.1835304 3.0894309 3.3203907 3.5699361 3.7485025 4.3167345 3.3473810 3.5305756 3.6557007 3.9937047 5.7986975 1.3341769 1.1530507 1.3392963 1.2050981 1.4422727 1.2756873 1.4092323 1.5148502 1.5381120 0.0000000 0.0465109 3.3692452 2.9263843 
Horcal_Hcv1.av93.c3.g580.i1                        3.0044506 3.3280121 3.5967606 3.2784019 2.8364721 3.2516729 3.5835142 2.9843587 2.8676792 3.2445116 3.1686372 2.9034192 3.3333493 3.0666665 3.1361961 3.0890593 3.3707941 3.4110234 3.4110234 3.3501677 3.3415430 3.3618178 3.6784073 3.2246545 4.1902965 3.0860436 3.5136202 3.3261598 3.0943033 3.3905363 3.5998788 3.8177615 4.4095350 3.2051227 3.5094181 3.5645924 4.0533580 5.9446260 1.2925337 1.1190517 1.2962133 1.1787697 1.4070602 1.2724455 1.4078766 1.5040137 1.5187013 0.0465109 0.0000000 3.3993674 2.9147697 
Skow_XM_006825120.1                                2.0252316 1.5070093 2.5939704 1.6433382 1.7276368 1.4549112 1.6098301 1.5505902 1.6134170 1.5652253 1.4979555 1.9794866 1.8346455 1.9015982 2.0621016 1.9922636 2.2455242 2.0632180 2.0554002 2.1253081 2.1326005 2.2048441 2.3441244 2.2019816 2.4593651 2.0572487 2.1255248 1.5768806 1.7672396 2.2031618 2.3635002 2.2172232 2.1967668 2.1368793 2.3083040 2.2569873 2.2700915 3.0584145 3.6180201 3.1168147 2.8923832 3.2574674 3.6436160 3.4486973 3.3265393 3.4940581 3.5345562 3.3692452 3.3993674 0.0000000 1.6369389 
Hvul_g22149_1                                      3.2931383 2.4114936 3.2700027 2.3356856 2.2173432 2.2922757 2.7051164 2.8067498 2.7684604 2.7086825 2.6433904 2.5513352 2.1406293 1.9650155 1.9764462 2.1677667 1.8292898 2.3645002 2.3645002 2.6685528 2.6546958 2.5142927 2.6668473 2.8183035 2.2678268 2.0535847 1.9506808 2.0623589 2.2144005 2.8245911 2.1302713 2.2597704 2.3987963 2.5941560 2.9281249 2.9871645 2.9347543 1.9415400 3.0983387 2.6036018 3.7918475 3.5447300 3.4582633 3.8744811 3.3991366 2.7628849 3.8618126 2.9263843 2.9147697 1.6369389 0.0000000 
