60
Hsap_ENST00000375499                                               0.0000000 0.4977934 0.3530561 0.6028770 0.6430308 0.3749122 0.5900068 0.4111633 0.4255762 0.5544961 0.6707332 0.8333828 0.7537129 0.9889451 0.9252772 1.0716991 1.0001107 1.0746058 1.0746058 0.8730991 1.1332087 1.1618295 1.0938754 0.8606191 0.8879622 0.4382304 0.7536804 0.7742473 0.7723807 0.8695417 1.0350624 1.0194822 0.9220403 1.0464097 0.9021031 0.7769729 1.0122892 0.7249882 0.8663465 0.6273835 0.7981346 1.0656761 0.9870275 0.9106549 0.9219712 0.9003480 0.9247223 0.9416511 0.7029904 0.6598668 0.9541506 1.5663218 0.8132799 0.9481978 1.1004532 0.7859925 0.7336410 0.8594541 0.9959288 1.4987097 
Bralan_BLAG11000705_1                                              0.4977934 0.0000000 0.3957393 0.7098273 0.7679311 0.4090931 0.7345406 0.3251226 0.4268834 0.5657579 0.5642780 0.7835037 0.7321519 0.8304673 0.8620229 0.8740322 0.7686118 0.7923260 0.7923260 0.6345090 0.9085324 0.9060612 0.8690003 0.7775000 0.6745262 0.3748928 0.7147670 0.7243061 0.8238764 0.8868068 0.9163439 0.9144843 0.7831147 0.9181239 0.7282877 0.5698873 0.8794488 0.7611570 0.7369445 0.5998304 0.7050755 1.0248313 0.9508798 0.9556652 0.8902059 0.8187128 0.8931200 0.8879667 0.6325425 0.8110275 0.8626457 1.7091611 0.9365313 0.8090330 1.5123244 1.0638501 0.9257315 1.0121131 0.9582558 1.7088579 
Adig_XM_015898725.1                                                0.3530561 0.3957393 0.0000000 0.0836155 0.0749313 0.0924459 0.1089365 0.3674419 0.3464236 0.5012275 0.4184237 0.5552046 0.4825413 0.5129292 0.4969681 0.5620217 0.5629970 0.5495152 0.5495152 0.5317248 0.5350142 0.4789333 0.4621885 0.5474390 0.5430235 0.2537942 0.5129008 0.5534263 0.5684933 0.6393378 0.4607028 0.4607028 0.4878518 0.4954465 0.4954465 0.4891253 0.4962105 0.5193259 0.7322653 0.5187661 0.5461316 0.6772504 0.5492167 0.5192245 0.5704871 0.5439239 0.5808978 0.5928093 0.7601431 0.5987256 0.6587668 0.2037084 0.4959802 0.4873341 0.3464396 0.0881003 0.0299915 0.5605420 0.5796307 0.7327846 
Spis_XP_022789584_1                                                0.6028770 0.7098273 0.0836155 0.0000000 0.0201961 0.0893113 0.0882145 0.2791576 0.3577564 0.5456935 0.7462641 0.9139416 0.8633965 0.7419610 0.7650930 0.7718650 0.6747998 0.7339458 0.7339458 0.6166013 0.8642028 0.7724633 0.7322830 0.7340484 0.6265901 0.3420429 0.8229974 0.8809340 0.9135773 0.9806129 0.9885782 0.9748467 0.8411227 0.9931429 0.7990965 0.6558774 0.9510079 0.8315571 0.8778287 0.8324075 0.9006806 1.1091217 0.8945700 0.8934323 0.9202137 0.9284724 0.9383714 0.9652497 0.8725597 0.9128216 1.1355554 1.9332097 0.8888365 1.0860301 0.3298085 0.4106497 0.4685038 0.9367263 1.1929656 2.0789647 
Pocdam_XM_027199668.1                                              0.6430308 0.7679311 0.0749313 0.0201961 0.0000000 0.0984569 0.0954574 0.2791576 0.3577564 0.5679378 0.7318135 0.9302390 0.8833797 0.7832844 0.8231166 0.8217861 0.6908709 0.7721990 0.7721990 0.6632572 0.9121349 0.8094395 0.7673366 0.7816947 0.6208554 0.3502047 0.8285768 0.9295774 0.9396877 1.0223544 0.9959534 0.9820669 0.8376482 1.0098655 0.8087774 0.6714780 0.9579696 0.8793729 0.9217883 0.8339466 0.9165180 1.0738049 0.8881114 0.9134258 0.9427593 0.9512668 0.9317454 1.0006481 0.8840477 0.9401401 1.1353711 1.7888870 0.8958259 1.1063840 0.3298085 0.4263224 0.4554216 0.9557289 1.2926991 2.0899300 
Fspp_ffun1.m4.31176.m1                                             0.3749122 0.4090931 0.0924459 0.0893113 0.0984569 0.0000000 0.0686731 0.3616062 0.4042429 0.5427950 0.4330715 0.6080211 0.5523132 0.5891361 0.5703479 0.6412887 0.5744772 0.5798062 0.5798062 0.5411841 0.6118705 0.5459090 0.5262865 0.6243838 0.5817950 0.2252606 0.4833056 0.5253986 0.5632203 0.6206263 0.4533682 0.4533682 0.4779598 0.4820462 0.4820462 0.5108507 0.4860433 0.4992999 0.7458453 0.5840998 0.5609288 0.6647832 0.5902085 0.5359193 0.6018632 0.5717344 0.5944727 0.6530581 0.8268609 0.6011383 0.6534153 0.2362937 0.4753975 0.4915378 0.4777358 0.1239177 0.1304418 0.6309221 0.5301347 0.6946717 
Gasp_gasp1.m3.25244.m1                                             0.5900068 0.7345406 0.1089365 0.0882145 0.0954574 0.0686731 0.0000000 0.3667265 0.4173049 0.5719871 0.7455725 0.9524815 0.8777989 0.7748933 0.7741735 0.8666482 0.7199788 0.7601471 0.7601471 0.6386945 0.8797169 0.7834643 0.7590122 0.7611253 0.6867151 0.3221144 0.8224483 0.8950039 0.9116704 1.0072619 0.9740235 0.9602912 0.8688039 0.9738975 0.7922048 0.6480831 0.9578317 0.8309503 0.9046845 0.8684698 0.9422657 1.0376987 0.9012095 0.9649545 0.9453071 0.9385848 0.9726644 0.9797490 0.8114003 0.9042977 1.2079901 1.8330639 0.9356387 1.0265050 0.3770084 0.4676470 0.4747059 0.9175387 1.1369885 2.0923796 
Aque_Aqu2.1.27527_001                                              0.4111633 0.3251226 0.3674419 0.2791576 0.2791576 0.3616062 0.3667265 0.0000000 0.1845324 0.3893749 0.4084286 0.3835067 0.4099129 0.6472305 0.6322183 0.6396131 0.6750664 0.6934289 0.6934289 0.6994963 0.6513713 0.6811301 0.5808540 0.7113599 0.5210124 0.0000010 0.5520480 0.5438170 0.4780493 0.5567385 0.4651878 0.4651878 0.5854935 0.5584713 0.5584713 0.5824643 0.5854935 0.4418034 0.4637073 0.5428271 0.5103001 0.7984345 0.8790508 0.5009382 0.6507080 0.5765305 0.6713780 0.5800062 0.7692572 0.4768048 0.6250216 0.0000010 0.5946122 1.4230009 1.3206990 0.5326910 0.3674419 0.9263214 4.6019933 2.8096854 
Xestes_augustus_masked-XT_scaffold130882-processed-gene-0.0-mRNA-1 0.4255762 0.4268834 0.3464236 0.3577564 0.3577564 0.4042429 0.4173049 0.1845324 0.0000000 0.5688368 0.5864250 0.4690017 0.5230741 0.6531656 0.7474451 0.8069318 0.8477478 0.8776834 0.8776834 0.9176699 0.8177678 0.8063318 0.7240958 0.7678634 0.7706130 0.0622135 0.5824756 0.6139732 0.5672387 0.6216116 0.5597776 0.5597776 0.6152364 0.5844473 0.5844473 0.5609962 0.6247532 0.6474022 0.6936490 0.5574326 0.5367793 0.7658934 0.6766998 0.5985071 0.7900739 0.6855895 0.8182421 0.7252044 0.9099876 0.5256029 0.6883184 0.0000010 0.5288850 0.6896408 1.0210129 0.5078999 0.3464236 0.9488415 1.6087014 1.7133527 
Skow_XM_006815037.1                                                0.5544961 0.5657579 0.5012275 0.5456935 0.5679378 0.5427950 0.5719871 0.3893749 0.5688368 0.0000000 0.5354944 0.8231210 0.6768803 0.9470047 0.9192884 0.9193718 0.9588914 0.9942348 0.9942348 0.8355416 0.9134690 1.0197980 0.9684553 1.0144747 0.9119723 0.7500508 0.8307387 0.8155954 0.8758936 0.9702624 0.9142908 0.9212624 0.9213058 0.8436866 0.8436866 0.8837098 0.8699050 0.6787922 0.8400111 0.7662023 0.8255922 0.9854631 1.0182908 0.8536327 0.8153593 0.8192191 0.8753646 0.8465968 0.7035323 0.9696471 0.9181802 1.2870681 0.8439613 0.9038016 1.2579797 0.7313263 0.7127901 1.1075941 1.2530577 1.2974176 
Spur_XM_030981717.1                                                0.6707332 0.5642780 0.4184237 0.7462641 0.7318135 0.4330715 0.7455725 0.4084286 0.5864250 0.5354944 0.0000000 0.9615612 0.6653386 1.0364241 0.9310763 1.0046139 0.9096144 0.9417466 0.9417466 0.8188832 1.1767145 0.9969844 0.9556936 0.9215082 0.7530850 0.4613179 0.8280828 0.7862181 0.9908915 0.8595639 0.8873727 0.8879629 0.8650341 0.9295098 0.7692386 0.6880508 0.8487263 0.7103836 0.8284894 0.6897700 0.8361020 1.0492319 0.9762996 1.1159258 1.0532928 0.9530964 0.9672821 0.8378226 0.7242709 0.9115377 0.9047532 1.3127271 0.9019222 1.0886963 0.9275676 1.0006879 0.8481491 1.0663289 1.1757308 1.6875904 
Spolac_c102654_g4_i1_m.30393c102654-g4                             0.8333828 0.7835037 0.5552046 0.9139416 0.9302390 0.6080211 0.9524815 0.3835067 0.4690017 0.8231210 0.9615612 0.0000000 0.9630822 0.9740470 0.8801260 1.0065907 0.9881540 0.9459115 0.9459115 0.8444866 1.1220550 0.9614158 0.9428065 0.9966852 0.8696289 0.4961287 1.1171102 1.1286740 1.0931313 1.1682985 1.1756926 1.1586500 1.0416497 1.1117511 0.9249193 0.7657510 1.1067450 1.1402593 0.9194479 0.7444162 0.8408698 1.3832585 1.3573907 1.1438912 1.0552456 0.9831917 1.1979712 1.2053369 0.7324773 1.0896031 1.1411168 2.0259654 1.0930250 0.8081168 0.7578261 1.1565930 1.0862144 1.2502611 1.1256167 1.6380702 
Acagra_model.g30262.t1                                             0.7537129 0.7321519 0.4825413 0.8633965 0.8833797 0.5523132 0.8777989 0.4099129 0.5230741 0.6768803 0.6653386 0.9630822 0.0000000 0.9746656 1.0494436 1.0470983 1.0653495 1.0138382 1.0138382 0.7949469 1.1475196 1.0195249 0.9647489 0.8825049 0.8568650 0.3881304 0.6581775 0.6318107 0.7836911 0.8105424 0.9257560 0.9130184 0.9889377 0.9996047 0.8187180 0.6984236 0.9790765 0.5592390 0.8111929 0.8185553 0.8608654 1.1023142 1.1350521 0.8662952 0.8387054 0.7118742 1.0098380 0.8575008 0.6015147 0.9770636 0.9526386 1.5795422 0.9015262 0.8267150 1.3153221 1.0969883 0.9065400 0.9562424 1.1533712 1.9245653 
Mlei_ML0517.g6.i1                                                  0.9889451 0.8304673 0.5129292 0.7419610 0.7832844 0.5891361 0.7748933 0.6472305 0.6531656 0.9470047 1.0364241 0.9740470 0.9746656 0.0000000 0.1558629 0.1863111 0.3348839 0.3182163 0.3182163 0.2390649 0.2104604 0.2049546 0.1982317 0.2306084 0.3313605 0.4976847 1.0032248 1.0122935 1.0693550 1.2484237 1.3389734 1.3219296 1.1538271 1.2546144 1.0527534 0.8988907 1.2364595 1.1560841 1.0643082 0.9661820 1.0429185 1.3295781 1.2744900 1.1495031 1.1106243 1.1243260 1.0361797 1.0142086 1.0794615 0.9668158 1.2062378 2.6004173 1.3059597 1.4810703 1.1173955 0.9962793 0.9091318 1.2572455 1.5528326 2.2806431 
Drygla_Dgla_sb300379                                               0.9252772 0.8620229 0.4969681 0.7650930 0.8231166 0.5703479 0.7741735 0.6322183 0.7474451 0.9192884 0.9310763 0.8801260 1.0494436 0.1558629 0.0000000 0.2030289 0.3355779 0.2897551 0.2897551 0.1847129 0.2004027 0.2597818 0.2508770 0.2515155 0.3505457 0.5266173 0.9776567 0.9805548 1.0916880 1.1804707 1.2382371 1.2201342 1.0805357 1.1138760 0.9683702 0.8848518 1.1110112 1.2071668 1.1417061 0.8897703 1.0236724 1.2248196 1.2472396 1.2099870 1.0989707 1.0531223 1.1469313 1.2042754 0.9861468 0.9961718 1.1216702 2.2751848 1.3267503 1.4226335 1.2747736 1.0481781 0.9828448 1.1957244 1.3643812 2.1415618 
Bolinf_Binf_sb1249349                                              1.0716991 0.8740322 0.5620217 0.7718650 0.8217861 0.6412887 0.8666482 0.6396131 0.8069318 0.9193718 1.0046139 1.0065907 1.0470983 0.1863111 0.2030289 0.0000000 0.3288526 0.3349804 0.3349804 0.2083291 0.2236588 0.2683883 0.2590902 0.2677413 0.3356450 0.5957863 0.9837523 0.9749547 1.1277693 1.1183353 1.3195106 1.3025208 1.1360490 1.2094957 1.0594558 0.8916391 1.2305421 1.1135808 1.1195409 0.8454287 0.9660553 1.5282656 1.5285257 1.0670820 1.0037690 1.0302021 1.3169468 1.2666455 1.1107922 1.0722021 1.1490287 2.4227888 1.3747274 1.4639200 1.0750126 1.0969490 1.0293972 1.1648861 1.5779772 2.0350090 
Vmul_sbMO463854                                                    1.0001107 0.7686118 0.5629970 0.6747998 0.6908709 0.5744772 0.7199788 0.6750664 0.8477478 0.9588914 0.9096144 0.9881540 1.0653495 0.3348839 0.3355779 0.3288526 0.0000000 0.1526544 0.1526544 0.1674311 0.3965022 0.4338082 0.4086607 0.3157066 0.2554092 0.4370688 0.9067858 0.9641927 0.9280678 1.1181440 1.2184630 1.2024332 0.9889955 1.1410567 0.9469839 0.7862978 1.0642252 1.1264677 1.0609252 0.8459744 1.0089038 1.2437810 1.2307340 1.1477532 1.1484337 1.1543116 1.0892561 1.2356196 1.1732435 0.9650972 1.0350409 2.0201816 1.3612421 1.3061613 1.2677660 1.0452963 0.9997541 1.2261200 1.2874947 2.0194322 
Coeast_Cast_sb784026                                               1.0746058 0.7923260 0.5495152 0.7339458 0.7721990 0.5798062 0.7601471 0.6934289 0.8776834 0.9942348 0.9417466 0.9459115 1.0138382 0.3182163 0.2897551 0.3349804 0.1526544 0.0000000 0.0000010 0.1386938 0.3850240 0.3753994 0.3617620 0.3035493 0.2604031 0.4087650 0.8995344 1.0024962 0.9716086 1.1823581 1.1970550 1.1812573 1.0381876 1.0898096 0.8903371 0.7682727 1.1063503 1.1753916 1.0553677 0.8589335 1.0387755 1.2575781 1.2113411 1.1728799 1.1398583 1.0951305 1.1260757 1.2824114 1.1267771 0.9694851 0.9644853 2.1783926 1.4345622 1.1883196 1.4106706 1.0561156 1.0086997 1.1839380 1.2217662 2.0001901 
Coemet_Cmet_C601243_01                                             1.0746058 0.7923260 0.5495152 0.7339458 0.7721990 0.5798062 0.7601471 0.6934289 0.8776834 0.9942348 0.9417466 0.9459115 1.0138382 0.3182163 0.2897551 0.3349804 0.1526544 0.0000010 0.0000000 0.1386938 0.3850240 0.3753994 0.3617620 0.3035493 0.2604031 0.4087650 0.8995344 1.0024962 0.9716086 1.1823581 1.1970550 1.1812573 1.0381876 1.0898096 0.8903371 0.7682727 1.1063503 1.1753916 1.0553677 0.8589335 1.0387755 1.2575781 1.2113411 1.1728799 1.1398583 1.0951305 1.1260757 1.2824114 1.1267771 0.9694851 0.9644853 2.1783926 1.4345622 1.1883196 1.4106706 1.0561156 1.0086997 1.1839380 1.2217662 2.0001901 
Lampan_Lpan_5761_01                                                0.8730991 0.6345090 0.5317248 0.6166013 0.6632572 0.5411841 0.6386945 0.6994963 0.9176699 0.8355416 0.8188832 0.8444866 0.7949469 0.2390649 0.1847129 0.2083291 0.1674311 0.1386938 0.1386938 0.0000000 0.2358037 0.2230519 0.2146949 0.2433513 0.2831626 0.4171410 0.7991965 0.7930726 0.8146560 0.9798720 0.8233290 0.8181041 0.7851412 0.7661852 0.7630827 0.6663629 0.7644556 0.8773593 0.8849475 0.7807764 0.9154720 0.9778858 1.0865428 0.9428880 0.8617430 0.8471574 0.9557660 1.0345413 1.0294985 1.0107261 0.9096290 1.2944124 1.1195073 0.9925465 1.2347128 0.8584120 0.8477945 0.8675013 0.9211223 1.3342581 
Beraby_Baby_sb329609                                               1.1332087 0.9085324 0.5350142 0.8642028 0.9121349 0.6118705 0.8797169 0.6513713 0.8177678 0.9134690 1.1767145 1.1220550 1.1475196 0.2104604 0.2004027 0.2236588 0.3965022 0.3850240 0.3850240 0.2358037 0.0000000 0.2950591 0.2768336 0.2670178 0.3806717 0.6031167 1.0523573 1.0152998 1.0985078 1.2474889 1.4198818 1.4019127 1.1565527 1.3092732 1.0742226 0.8748952 1.2816626 1.2526388 1.2105682 0.9284304 1.0476196 1.4446409 1.4899586 1.1338098 1.0696351 1.0747109 1.2568383 1.3419779 1.0427932 1.0957903 1.3145190 3.2086891 1.5224589 1.5033332 1.2312380 1.2154104 1.2012699 1.2901478 1.7969461 2.2702780 
Pbac_sb2660972                                                     1.1618295 0.9060612 0.4789333 0.7724633 0.8094395 0.5459090 0.7834643 0.6811301 0.8063318 1.0197980 0.9969844 0.9614158 1.0195249 0.2049546 0.2597818 0.2683883 0.4338082 0.3753994 0.3753994 0.2230519 0.2950591 0.0000000 0.0107211 0.3297680 0.4369611 0.5232829 1.0262064 1.0135546 1.0887328 1.1798006 1.2158152 1.1993347 1.0735515 1.1276138 0.9307015 0.7694694 1.0867674 1.2387591 1.1307559 1.0272877 1.0584065 1.2486490 1.1649667 1.2176950 0.9959298 0.9952019 1.1500283 1.1760665 1.0095596 1.0515404 1.1832058 3.5033019 1.5738177 1.5567175 0.7728630 1.0483068 0.9781633 1.2923469 1.4500955 1.9434695 
Horcal_Hcv1.av93.c2.g608.i1                                        1.0938754 0.8690003 0.4621885 0.7322830 0.7673366 0.5262865 0.7590122 0.5808540 0.7240958 0.9684553 0.9556936 0.9428065 0.9647489 0.1982317 0.2508770 0.2590902 0.4086607 0.3617620 0.3617620 0.2146949 0.2768336 0.0107211 0.0000000 0.3070191 0.4081414 0.5232829 0.9662148 0.9586297 1.0364550 1.1153777 1.1619632 1.1462320 1.0285300 1.0782532 0.8897245 0.7419365 1.0418088 1.1861784 1.0704724 0.9650494 0.9929885 1.2423562 1.1607398 1.1646903 0.9596742 0.9596828 1.1206825 1.1341278 1.0026548 0.9970269 1.1586606 3.4817991 1.4864108 1.5223848 0.7728630 1.0092169 0.9413748 1.2431131 1.4444354 1.9166422 
Mertsp_Mesp_sb570799                                               0.8606191 0.7775000 0.5474390 0.7340484 0.7816947 0.6243838 0.7611253 0.7113599 0.7678634 1.0144747 0.9215082 0.9966852 0.8825049 0.2306084 0.2515155 0.2677413 0.3157066 0.3035493 0.3035493 0.2433513 0.2670178 0.3297680 0.3070191 0.0000000 0.3249760 0.6096390 0.8670361 0.9087115 0.9387866 0.9608004 1.1329159 1.1174060 0.9883670 0.9999479 0.9420711 0.8881525 1.0258826 1.0158667 0.9592179 0.8116445 0.8977339 1.1932977 1.2155536 1.0948623 1.0404930 1.0418762 1.0342969 1.0887084 1.0925998 0.9988202 1.0377853 1.3467753 1.1015123 1.2044870 1.9008449 0.9446860 0.9305818 1.1329040 1.2332001 1.6608833 
Eupdun_Edun_sb10636904                                             0.8879622 0.6745262 0.5430235 0.6265901 0.6208554 0.5817950 0.6867151 0.5210124 0.7706130 0.9119723 0.7530850 0.8696289 0.8568650 0.3313605 0.3505457 0.3356450 0.2554092 0.2604031 0.2604031 0.2831626 0.3806717 0.4369611 0.4081414 0.3249760 0.0000000 0.5083916 0.8973767 0.8817468 1.0693599 1.0663084 0.9994741 0.9849654 0.8565426 0.8972822 0.8972822 0.8034685 0.8471017 0.8853115 0.9056689 0.8409989 0.8490330 1.0663712 1.1034377 1.0312222 1.0003132 1.0210224 0.9611986 0.9545586 1.0565080 1.0382174 0.8123871 1.3145331 1.0244008 1.0062346 1.3769376 0.8698266 0.8802429 1.1636590 1.1618366 1.3396323 
Halamb_c61302_g1_i1m.45408                                         0.4382304 0.3748928 0.2537942 0.3420429 0.3502047 0.2252606 0.3221144 0.0000010 0.0622135 0.7500508 0.4613179 0.4961287 0.3881304 0.4976847 0.5266173 0.5957863 0.4370688 0.4087650 0.4087650 0.4171410 0.6031167 0.5232829 0.5232829 0.6096390 0.5083916 0.0000000 0.3324900 0.4395755 0.4443797 0.4809861 0.4887149 0.4715205 0.4418340 0.4771696 0.4771696 0.4787205 0.4584005 0.4795159 0.6153156 0.5608848 0.5819952 0.4108325 0.4449103 0.5970077 0.5448996 0.5523921 0.5289884 0.6631834 0.3538044 0.4703937 0.5356659 0.5245307 0.4716161 0.4179130 0.8024374 0.4077133 0.5650630 0.3274212 0.3213996 0.5246972 
Scil_scict023644.1                                                 0.7536804 0.7147670 0.5129008 0.8229974 0.8285768 0.4833056 0.8224483 0.5520480 0.5824756 0.8307387 0.8280828 1.1171102 0.6581775 1.0032248 0.9776567 0.9837523 0.9067858 0.8995344 0.8995344 0.7991965 1.0523573 1.0262064 0.9662148 0.8670361 0.8973767 0.3324900 0.0000000 0.1889116 0.1955673 0.2890167 0.9660544 0.9522097 0.9391341 0.9633644 0.8386498 0.6847254 0.9378059 0.8127216 0.6717672 0.7310253 0.9324487 1.1157099 1.1429661 0.8605436 0.8609355 0.7734692 0.9791836 0.9534914 0.7337135 0.7172208 1.0284035 1.1446771 0.7627092 1.1253460 1.4756869 1.1471868 0.9610818 0.9764318 1.2157668 1.7780410 
Gracom_Gcom_C546658_01                                             0.7742473 0.7243061 0.5534263 0.8809340 0.9295774 0.5253986 0.8950039 0.5438170 0.6139732 0.8155954 0.7862181 1.1286740 0.6318107 1.0122935 0.9805548 0.9749547 0.9641927 1.0024962 1.0024962 0.7930726 1.0152998 1.0135546 0.9586297 0.9087115 0.8817468 0.4395755 0.1889116 0.0000000 0.2929098 0.3641547 0.9132858 0.9000399 0.9686030 0.9904572 0.8165396 0.7457276 0.9587495 0.7994762 0.6562257 0.8173179 0.9554952 1.0784589 1.0873823 0.9339996 0.9118249 0.8682172 0.9991230 0.9159414 0.8661001 0.7093899 1.0599260 1.0954445 0.7807673 1.0994496 1.2805410 1.1783822 0.9477742 0.8810799 1.2541859 1.8087784 
Lcom_lcpid34066                                                    0.7723807 0.8238764 0.5684933 0.9135773 0.9396877 0.5632203 0.9116704 0.4780493 0.5672387 0.8758936 0.9908915 1.0931313 0.7836911 1.0693550 1.0916880 1.1277693 0.9280678 0.9716086 0.9716086 0.8146560 1.0985078 1.0887328 1.0364550 0.9387866 1.0693599 0.4443797 0.1955673 0.2929098 0.0000000 0.3335531 0.9662703 0.9521282 1.0123313 1.0338862 0.8953395 0.6983769 1.0040171 0.9230830 0.7186897 0.8463417 1.0121785 1.1880922 1.2357484 1.0428508 0.9274169 0.8366386 1.1159156 0.9826991 0.8080927 0.7986000 1.0944700 1.5866554 0.9447711 1.3517177 1.4025976 1.3542491 1.0572739 1.0143845 1.3439541 1.9776885 
Leuniv_Lniv_scaffold24871_01                                       0.8695417 0.8868068 0.6393378 0.9806129 1.0223544 0.6206263 1.0072619 0.5567385 0.6216116 0.9702624 0.8595639 1.1682985 0.8105424 1.2484237 1.1804707 1.1183353 1.1181440 1.1823581 1.1823581 0.9798720 1.2474889 1.1798006 1.1153777 0.9608004 1.0663084 0.4809861 0.2890167 0.3641547 0.3335531 0.0000000 0.9708799 0.9708799 0.9988100 1.0075140 0.8746190 0.7305039 1.0102302 0.9667883 0.7099142 0.8397622 1.1046543 1.2491305 1.2598811 0.9696369 1.0226002 0.9556978 1.2090130 0.9916486 0.7482140 0.8095499 1.1939583 1.5829629 0.8566080 1.4382192 2.0561257 1.4245927 1.1158354 1.0240945 1.4932041 1.8299807 
Tadh_TriadT63313                                                   1.0350624 0.9163439 0.4607028 0.9885782 0.9959534 0.4533682 0.9740235 0.4651878 0.5597776 0.9142908 0.8873727 1.1756926 0.9257560 1.3389734 1.2382371 1.3195106 1.2184630 1.1970550 1.1970550 0.8233290 1.4198818 1.2158152 1.1619632 1.1329159 0.9994741 0.4887149 0.9660544 0.9132858 0.9662703 0.9708799 0.0000000 0.0049993 0.2900047 0.1648919 0.1986990 0.1373916 0.1763483 0.8562004 1.2332158 0.9589904 1.0878053 1.2575686 1.3266795 1.4085794 1.2468456 1.1407205 1.1327288 1.1092246 0.8986452 1.0126043 1.1114379 2.6461675 1.2736005 1.1761392 1.0807604 1.2234452 1.0434672 1.0431714 1.1766957 1.6495284 
TrH2_TrispH2_005082-RA                                             1.0194822 0.9144843 0.4607028 0.9748467 0.9820669 0.4533682 0.9602912 0.4651878 0.5597776 0.9212624 0.8879629 1.1586500 0.9130184 1.3219296 1.2201342 1.3025208 1.2024332 1.1812573 1.1812573 0.8181041 1.4019127 1.1993347 1.1462320 1.1174060 0.9849654 0.4715205 0.9522097 0.9000399 0.9521282 0.9708799 0.0049993 0.0000000 0.2923217 0.1661625 0.2003545 0.1386589 0.1777333 0.8441603 1.2152023 0.9448750 1.0727479 1.2389744 1.3390196 1.3873186 1.2305142 1.1253457 1.1168886 1.0939211 0.8986452 0.9980141 1.0973362 2.5709880 1.2578341 1.1537718 1.0807604 1.2043187 1.0257280 1.0271960 1.1540131 1.6556909 
HoiH06_mRNA8369                                                    0.9220403 0.7831147 0.4878518 0.8411227 0.8376482 0.4779598 0.8688039 0.5854935 0.6152364 0.9213058 0.8650341 1.0416497 0.9889377 1.1538271 1.0805357 1.1360490 0.9889955 1.0381876 1.0381876 0.7851412 1.1565527 1.0735515 1.0285300 0.9883670 0.8565426 0.4418340 0.9391341 0.9686030 1.0123313 0.9988100 0.2900047 0.2923217 0.0000000 0.2168378 0.1596620 0.0845433 0.1144243 0.9405938 1.2027086 0.8661616 0.9900288 1.1667761 1.2565900 1.3202077 1.1440913 1.0824550 0.9995284 1.1479826 0.8600928 0.9463750 1.0391938 1.9622766 1.1012927 1.0366633 1.1274811 1.1524299 1.0994921 1.1202975 1.2931567 1.3885017 
Hhon_g09210.t1                                                     1.0464097 0.9181239 0.4954465 0.9931429 1.0098655 0.4820462 0.9738975 0.5584713 0.5844473 0.8436866 0.9295098 1.1117511 0.9996047 1.2546144 1.1138760 1.2094957 1.1410567 1.0898096 1.0898096 0.7661852 1.3092732 1.1276138 1.0782532 0.9999479 0.8972822 0.4771696 0.9633644 0.9904572 1.0338862 1.0075140 0.1648919 0.1661625 0.2168378 0.0000000 0.0166280 0.0776402 0.1141282 0.9229379 1.3344400 0.9823773 1.0185147 1.1757761 1.2555596 1.3844280 1.2018747 1.1298784 1.0278801 1.1235959 0.8244699 1.0099748 1.1060832 2.4417919 1.1842297 1.1851453 1.1031990 1.1942024 1.1298774 1.1173069 1.1905138 1.7757819 
HoiH04_mRNA3737                                                    0.9021031 0.7282877 0.4954465 0.7990965 0.8087774 0.4820462 0.7922048 0.5584713 0.5844473 0.8436866 0.7692386 0.9249193 0.8187180 1.0527534 0.9683702 1.0594558 0.9469839 0.8903371 0.8903371 0.7630827 1.0742226 0.9307015 0.8897245 0.9420711 0.8972822 0.4771696 0.8386498 0.8165396 0.8953395 0.8746190 0.1986990 0.2003545 0.1596620 0.0166280 0.0000000 0.0776402 0.1308462 0.7705429 1.0885023 0.9079315 0.9222625 0.9991016 1.0893906 1.1169862 0.9174385 0.8892959 0.8160691 1.0470689 0.8244699 0.9825808 0.9879630 1.5770570 0.9710599 0.9037592 1.1031990 0.9857436 0.9410186 0.9737686 0.9670286 1.3621129 
HoiH11_mRNA2337                                                    0.7769729 0.5698873 0.4891253 0.6558774 0.6714780 0.5108507 0.6480831 0.5824643 0.5609962 0.8837098 0.6880508 0.7657510 0.6984236 0.8988907 0.8848518 0.8916391 0.7862978 0.7682727 0.7682727 0.6663629 0.8748952 0.7694694 0.7419365 0.8881525 0.8034685 0.4787205 0.6847254 0.7457276 0.6983769 0.7305039 0.1373916 0.1386589 0.0845433 0.0776402 0.0776402 0.0000000 0.0844962 0.6482089 0.9206860 0.6961165 0.8146779 0.8195402 0.8254067 0.8935056 0.8126506 0.7681754 0.6998607 0.9087444 0.8472083 0.8387791 0.8577679 0.7882175 0.7854863 0.7167093 1.2572933 0.8191667 0.7581725 0.8410052 0.7144200 0.9411660 
HoiH23_PlH23_001380-RA                                             1.0122892 0.8794488 0.4962105 0.9510079 0.9579696 0.4860433 0.9578317 0.5854935 0.6247532 0.8699050 0.8487263 1.1067450 0.9790765 1.2364595 1.1110112 1.2305421 1.0642252 1.1063503 1.1063503 0.7644556 1.2816626 1.0867674 1.0418088 1.0258826 0.8471017 0.4584005 0.9378059 0.9587495 1.0040171 1.0102302 0.1763483 0.1777333 0.1144243 0.1141282 0.1308462 0.0844962 0.0000000 0.9103706 1.2400838 0.9186889 1.0383401 1.1696852 1.2158344 1.2818234 1.1419655 1.0764962 0.9784079 1.0704727 0.8699440 0.9894801 1.0600577 2.0644578 1.1451868 1.1456070 1.1706179 1.2012701 1.0609427 1.0573002 1.1063997 1.6110740 
Cgig_XM_011447673.3                                                0.7249882 0.7611570 0.5193259 0.8315571 0.8793729 0.4992999 0.8309503 0.4418034 0.6474022 0.6787922 0.7103836 1.1402593 0.5592390 1.1560841 1.2071668 1.1135808 1.1264677 1.1753916 1.1753916 0.8773593 1.2526388 1.2387591 1.1861784 1.0158667 0.8853115 0.4795159 0.8127216 0.7994762 0.9230830 0.9667883 0.8562004 0.8441603 0.9405938 0.9229379 0.7705429 0.6482089 0.9103706 0.0000000 0.8846776 0.7577927 0.8786826 1.2152527 1.1577103 1.1721337 0.9953677 0.9966335 0.9486419 0.9374931 0.7432464 1.0709817 1.1212004 2.0192220 1.0283845 1.1826555 2.5319519 1.2002881 1.0223090 1.0402919 1.1033197 2.0710658 
Clacor_Ccor_C532319_01                                             0.8663465 0.7369445 0.7322653 0.8778287 0.9217883 0.7458453 0.9046845 0.4637073 0.6936490 0.8400111 0.8284894 0.9194479 0.8111929 1.0643082 1.1417061 1.1195409 1.0609252 1.0553677 1.0553677 0.8849475 1.2105682 1.1307559 1.0704724 0.9592179 0.9056689 0.6153156 0.6717672 0.6562257 0.7186897 0.7099142 1.2332158 1.2152023 1.2027086 1.3344400 1.0885023 0.9206860 1.2400838 0.8846776 0.0000000 0.8851293 1.0483768 1.4478189 1.3210650 0.9024498 0.9765777 0.9084865 1.1986096 1.0088537 0.9543102 1.0222013 1.2931137 1.6526885 1.0788649 1.2903316 1.3777268 1.1997954 0.9913080 0.9056154 1.2319354 1.6425929 
Dpul_mRNA16100                                                     0.6273835 0.5998304 0.5187661 0.8324075 0.8339466 0.5840998 0.8684698 0.5428271 0.5574326 0.7662023 0.6897700 0.7444162 0.8185553 0.9661820 0.8897703 0.8454287 0.8459744 0.8589335 0.8589335 0.7807764 0.9284304 1.0272877 0.9650494 0.8116445 0.8409989 0.5608848 0.7310253 0.8173179 0.8463417 0.8397622 0.9589904 0.9448750 0.8661616 0.9823773 0.9079315 0.6961165 0.9186889 0.7577927 0.8851293 0.0000000 0.4984930 1.3463370 1.3244073 1.0617832 1.0965253 1.0906973 1.0864992 1.0991922 0.8430457 1.1232404 0.7204679 1.9840417 0.9900574 0.9048325 1.3641073 1.0368227 0.8281535 1.2615044 1.0563662 1.5610042 
Tcas_TC011988_001                                                  0.7981346 0.7050755 0.5461316 0.9006806 0.9165180 0.5609288 0.9422657 0.5103001 0.5367793 0.8255922 0.8361020 0.8408698 0.8608654 1.0429185 1.0236724 0.9660553 1.0089038 1.0387755 1.0387755 0.9154720 1.0476196 1.0584065 0.9929885 0.8977339 0.8490330 0.5819952 0.9324487 0.9554952 1.0121785 1.1046543 1.0878053 1.0727479 0.9900288 1.0185147 0.9222625 0.8146779 1.0383401 0.8786826 1.0483768 0.4984930 0.0000000 1.3452731 1.3254158 1.3186791 1.2185780 1.1903398 1.0188724 1.1240898 0.8031040 1.2203822 0.7917036 1.8752148 1.0915131 0.7900293 1.5606158 1.2337915 1.0509878 1.3978408 1.2901609 1.5857988 
Dgig_XM_028538412.1                                                1.0656761 1.0248313 0.6772504 1.1091217 1.0738049 0.6647832 1.0376987 0.7984345 0.7658934 0.9854631 1.0492319 1.3832585 1.1023142 1.3295781 1.2248196 1.5282656 1.2437810 1.2575781 1.2575781 0.9778858 1.4446409 1.2486490 1.2423562 1.1932977 1.0663712 0.4108325 1.1157099 1.0784589 1.1880922 1.2491305 1.2575686 1.2389744 1.1667761 1.1757761 0.9991016 0.8195402 1.1696852 1.2152527 1.4478189 1.3463370 1.3452731 0.0000000 0.2429540 1.2061944 1.2490234 1.1833000 0.9658366 1.0306805 1.1865640 1.2054838 1.2643683 2.9708681 1.4847735 1.4970102 1.7532224 1.3207446 1.2391660 1.1966913 1.2299757 1.8369912 
Xesp_012696-T1                                                     0.9870275 0.9508798 0.5492167 0.8945700 0.8881114 0.5902085 0.9012095 0.8790508 0.6766998 1.0182908 0.9762996 1.3573907 1.1350521 1.2744900 1.2472396 1.5285257 1.2307340 1.2113411 1.2113411 1.0865428 1.4899586 1.1649667 1.1607398 1.2155536 1.1034377 0.4449103 1.1429661 1.0873823 1.2357484 1.2598811 1.3266795 1.3390196 1.2565900 1.2555596 1.0893906 0.8254067 1.2158344 1.1577103 1.3210650 1.3244073 1.3254158 0.2429540 0.0000000 1.1255399 1.1692086 1.1099788 0.9809720 0.9964071 1.1784837 1.3243458 1.3338711 2.8074634 1.4348944 1.4333710 1.1373896 1.1751466 1.0740532 1.1825982 1.2317343 1.9950162 
Aaur_scaffold209.g20.t1                                            0.9106549 0.9556652 0.5192245 0.8934323 0.9134258 0.5359193 0.9649545 0.5009382 0.5985071 0.8536327 1.1159258 1.1438912 0.8662952 1.1495031 1.2099870 1.0670820 1.1477532 1.1728799 1.1728799 0.9428880 1.1338098 1.2176950 1.1646903 1.0948623 1.0312222 0.5970077 0.8605436 0.9339996 1.0428508 0.9696369 1.4085794 1.3873186 1.3202077 1.3844280 1.1169862 0.8935056 1.2818234 1.1721337 0.9024498 1.0617832 1.3186791 1.2061944 1.1255399 0.0000000 0.2677138 0.2216470 0.9128900 0.7692777 1.0669445 0.9451933 1.1721339 2.1034034 1.1319516 1.2406063 2.1523330 0.9252492 0.8151244 0.6931773 1.4156759 1.7307342 
Nemnom_g4114.t1                                                    0.9219712 0.8902059 0.5704871 0.9202137 0.9427593 0.6018632 0.9453071 0.6507080 0.7900739 0.8153593 1.0532928 1.0552456 0.8387054 1.1106243 1.0989707 1.0037690 1.1484337 1.1398583 1.1398583 0.8617430 1.0696351 0.9959298 0.9596742 1.0404930 1.0003132 0.5448996 0.8609355 0.9118249 0.9274169 1.0226002 1.2468456 1.2305142 1.1440913 1.2018747 0.9174385 0.8126506 1.1419655 0.9953677 0.9765777 1.0965253 1.2185780 1.2490234 1.1692086 0.2677138 0.0000000 0.0884583 0.8789711 0.8215768 0.8227208 0.9261848 1.1245883 1.9367255 1.0967056 1.2887677 1.4822969 0.9708209 0.9399448 0.8236251 1.5504568 1.7232872 
Rhoesc_Res_010069-T1                                               0.9003480 0.8187128 0.5439239 0.9284724 0.9512668 0.5717344 0.9385848 0.5765305 0.6855895 0.8192191 0.9530964 0.9831917 0.7118742 1.1243260 1.0531223 1.0302021 1.1543116 1.0951305 1.0951305 0.8471574 1.0747109 0.9952019 0.9596828 1.0418762 1.0210224 0.5523921 0.7734692 0.8682172 0.8366386 0.9556978 1.1407205 1.1253457 1.0824550 1.1298784 0.8892959 0.7681754 1.0764962 0.9966335 0.9084865 1.0906973 1.1903398 1.1833000 1.1099788 0.2216470 0.0884583 0.0000000 0.8918275 0.7577897 0.7645503 0.8525799 1.0405624 1.8456506 1.0377578 1.1444362 1.6281229 0.9822556 0.9111319 0.7645830 1.3970158 1.6192216 
Hvul_g21580_1                                                      0.9247223 0.8931200 0.5808978 0.9383714 0.9317454 0.5944727 0.9726644 0.6713780 0.8182421 0.8753646 0.9672821 1.1979712 1.0098380 1.0361797 1.1469313 1.3169468 1.0892561 1.1260757 1.1260757 0.9557660 1.2568383 1.1500283 1.1206825 1.0342969 0.9611986 0.5289884 0.9791836 0.9991230 1.1159156 1.2090130 1.1327288 1.1168886 0.9995284 1.0278801 0.8160691 0.6998607 0.9784079 0.9486419 1.1986096 1.0864992 1.0188724 0.9658366 0.9809720 0.9128900 0.8789711 0.8918275 0.0000000 0.5151307 0.7484030 0.9667879 0.9847465 3.0531238 1.2773219 1.3936836 2.5131461 1.0862499 1.0408002 0.9926744 1.2564049 1.9623021 
Chem_TCONS_00045600                                                0.9416511 0.8879667 0.5928093 0.9652497 1.0006481 0.6530581 0.9797490 0.5800062 0.7252044 0.8465968 0.8378226 1.2053369 0.8575008 1.0142086 1.2042754 1.2666455 1.2356196 1.2824114 1.2824114 1.0345413 1.3419779 1.1760665 1.1341278 1.0887084 0.9545586 0.6631834 0.9534914 0.9159414 0.9826991 0.9916486 1.1092246 1.0939211 1.1479826 1.1235959 1.0470689 0.9087444 1.0704727 0.9374931 1.0088537 1.0991922 1.1240898 1.0306805 0.9964071 0.7692777 0.8215768 0.7577897 0.5151307 0.0000000 0.7341087 0.9707098 1.0311718 2.1862055 1.1569925 1.5135423 2.3139186 1.1257361 0.9926240 0.9223438 1.6038666 2.0634643 
Ctel_gnl_WGS_AMQN_CAPTEDRAFT_mRNA21987                             0.7029904 0.6325425 0.7601431 0.8725597 0.8840477 0.8268609 0.8114003 0.7692572 0.9099876 0.7035323 0.7242709 0.7324773 0.6015147 1.0794615 0.9861468 1.1107922 1.1732435 1.1267771 1.1267771 1.0294985 1.0427932 1.0095596 1.0026548 1.0925998 1.0565080 0.3538044 0.7337135 0.8661001 0.8080927 0.7482140 0.8986452 0.8986452 0.8600928 0.8244699 0.8244699 0.8472083 0.8699440 0.7432464 0.9543102 0.8430457 0.8031040 1.1865640 1.1784837 1.0669445 0.8227208 0.7645503 0.7484030 0.7341087 0.0000000 0.8567242 0.8957363 0.4525415 0.7975733 0.6445698 2.2594157 1.0459778 1.1425634 1.2885062 0.6693680 1.1652286 
Plajan_Pjan_scaffold6148_01                                        0.6598668 0.8110275 0.5987256 0.9128216 0.9401401 0.6011383 0.9042977 0.4768048 0.5256029 0.9696471 0.9115377 1.0896031 0.9770636 0.9668158 0.9961718 1.0722021 0.9650972 0.9694851 0.9694851 1.0107261 1.0957903 1.0515404 0.9970269 0.9988202 1.0382174 0.4703937 0.7172208 0.7093899 0.7986000 0.8095499 1.0126043 0.9980141 0.9463750 1.0099748 0.9825808 0.8387791 0.9894801 1.0709817 1.0222013 1.1232404 1.2203822 1.2054838 1.3243458 0.9451933 0.9261848 0.8525799 0.9667879 0.9707098 0.8567242 0.0000000 0.9936330 1.1878177 0.6348513 1.1606475 1.8264793 1.2276684 1.2087472 1.1728817 1.1724631 1.6507212 
Cscu_XM_023368803.1                                                0.9541506 0.8626457 0.6587668 1.1355554 1.1353711 0.6534153 1.2079901 0.6250216 0.6883184 0.9181802 0.9047532 1.1411168 0.9526386 1.2062378 1.1216702 1.1490287 1.0350409 0.9644853 0.9644853 0.9096290 1.3145190 1.1832058 1.1586606 1.0377853 0.8123871 0.5356659 1.0284035 1.0599260 1.0944700 1.1939583 1.1114379 1.0973362 1.0391938 1.1060832 0.9879630 0.8577679 1.0600577 1.1212004 1.2931137 0.7204679 0.7917036 1.2643683 1.3338711 1.1721339 1.1245883 1.0405624 0.9847465 1.0311718 0.8957363 0.9936330 0.0000000 1.6850596 0.9348746 0.9798533 1.6455174 1.2543981 1.2466145 1.2654963 1.5323641 1.6447691 
Ocar_g7134                                                         1.5663218 1.7091611 0.2037084 1.9332097 1.7888870 0.2362937 1.8330639 0.0000010 0.0000010 1.2870681 1.3127271 2.0259654 1.5795422 2.6004173 2.2751848 2.4227888 2.0201816 2.1783926 2.1783926 1.2944124 3.2086891 3.5033019 3.4817991 1.3467753 1.3145331 0.5245307 1.1446771 1.0954445 1.5866554 1.5829629 2.6461675 2.5709880 1.9622766 2.4417919 1.5770570 0.7882175 2.0644578 2.0192220 1.6526885 1.9840417 1.8752148 2.9708681 2.8074634 2.1034034 1.9367255 1.8456506 3.0531238 2.1862055 0.4525415 1.1878177 1.6850596 0.0000000 0.0123076 1.4691059 0.0000010 3.4075877 2.5934739 1.8569425 2.2240092 2.7961423 
Opea_EP00118_Oscarella_pearsei_P017441                             0.8132799 0.9365313 0.4959802 0.8888365 0.8958259 0.4753975 0.9356387 0.5946122 0.5288850 0.8439613 0.9019222 1.0930250 0.9015262 1.3059597 1.3267503 1.3747274 1.3612421 1.4345622 1.4345622 1.1195073 1.5224589 1.5738177 1.4864108 1.1015123 1.0244008 0.4716161 0.7627092 0.7807673 0.9447711 0.8566080 1.2736005 1.2578341 1.1012927 1.1842297 0.9710599 0.7854863 1.1451868 1.0283845 1.0788649 0.9900574 1.0915131 1.4847735 1.4348944 1.1319516 1.0967056 1.0377578 1.2773219 1.1569925 0.7975733 0.6348513 0.9348746 0.0123076 0.0000000 0.9406828 0.8692757 1.2071633 1.1525363 1.0851010 1.4055127 1.6112567 
Tetwil_g26576.t1                                                   0.9481978 0.8090330 0.4873341 1.0860301 1.1063840 0.4915378 1.0265050 1.4230009 0.6896408 0.9038016 1.0886963 0.8081168 0.8267150 1.4810703 1.4226335 1.4639200 1.3061613 1.1883196 1.1883196 0.9925465 1.5033332 1.5567175 1.5223848 1.2044870 1.0062346 0.4179130 1.1253460 1.0994496 1.3517177 1.4382192 1.1761392 1.1537718 1.0366633 1.1851453 0.9037592 0.7167093 1.1456070 1.1826555 1.2903316 0.9048325 0.7900293 1.4970102 1.4333710 1.2406063 1.2887677 1.1444362 1.3936836 1.5135423 0.6445698 1.1606475 0.9798533 1.4691059 0.9406828 0.0000000 1.0574317 1.3274901 1.7589200 1.3803192 0.9135285 1.2065225 
Exapal_XM_021045579.2                                              1.1004532 1.5123244 0.3464396 0.3298085 0.3298085 0.4777358 0.3770084 1.3206990 1.0210129 1.2579797 0.9275676 0.7578261 1.3153221 1.1173955 1.2747736 1.0750126 1.2677660 1.4106706 1.4106706 1.2347128 1.2312380 0.7728630 0.7728630 1.9008449 1.3769376 0.8024374 1.4756869 1.2805410 1.4025976 2.0561257 1.0807604 1.0807604 1.1274811 1.1031990 1.1031990 1.2572933 1.1706179 2.5319519 1.3777268 1.3641073 1.5606158 1.7532224 1.1373896 2.1523330 1.4822969 1.6281229 2.5131461 2.3139186 2.2594157 1.8264793 1.6455174 0.0000010 0.8692757 1.0574317 0.0000000 0.3428961 0.3464396 2.2612520 0.5010871 1.6275670 
Gfas_gfas1.m1.6259.m1                                              0.7859925 1.0638501 0.0881003 0.4106497 0.4263224 0.1239177 0.4676470 0.5326910 0.5078999 0.7313263 1.0006879 1.1565930 1.0969883 0.9962793 1.0481781 1.0969490 1.0452963 1.0561156 1.0561156 0.8584120 1.2154104 1.0483068 1.0092169 0.9446860 0.8698266 0.4077133 1.1471868 1.1783822 1.3542491 1.4245927 1.2234452 1.2043187 1.1524299 1.1942024 0.9857436 0.8191667 1.2012701 1.2002881 1.1997954 1.0368227 1.2337915 1.3207446 1.1751466 0.9252492 0.9708209 0.9822556 1.0862499 1.1257361 1.0459778 1.2276684 1.2543981 3.4075877 1.2071633 1.3274901 0.3428961 0.0000000 0.1706920 0.9125921 1.1910117 2.1329622 
Amil_Amillepora18889-RA                                            0.7336410 0.9257315 0.0299915 0.4685038 0.4554216 0.1304418 0.4747059 0.3674419 0.3464236 0.7127901 0.8481491 1.0862144 0.9065400 0.9091318 0.9828448 1.0293972 0.9997541 1.0086997 1.0086997 0.8477945 1.2012699 0.9781633 0.9413748 0.9305818 0.8802429 0.5650630 0.9610818 0.9477742 1.0572739 1.1158354 1.0434672 1.0257280 1.0994921 1.1298774 0.9410186 0.7581725 1.0609427 1.0223090 0.9913080 0.8281535 1.0509878 1.2391660 1.0740532 0.8151244 0.9399448 0.9111319 1.0408002 0.9926240 1.1425634 1.2087472 1.2466145 2.5934739 1.1525363 1.7589200 0.3464396 0.1706920 0.0000000 0.9621114 2.1074630 3.0970919 
Morvir_scaffold467.g2.t1                                           0.8594541 1.0121131 0.5605420 0.9367263 0.9557289 0.6309221 0.9175387 0.9263214 0.9488415 1.1075941 1.0663289 1.2502611 0.9562424 1.2572455 1.1957244 1.1648861 1.2261200 1.1839380 1.1839380 0.8675013 1.2901478 1.2923469 1.2431131 1.1329040 1.1636590 0.3274212 0.9764318 0.8810799 1.0143845 1.0240945 1.0431714 1.0271960 1.1202975 1.1173069 0.9737686 0.8410052 1.0573002 1.0402919 0.9056154 1.2615044 1.3978408 1.1966913 1.1825982 0.6931773 0.8236251 0.7645830 0.9926744 0.9223438 1.2885062 1.1728817 1.2654963 1.8569425 1.0851010 1.3803192 2.2612520 0.9125921 0.9621114 0.0000000 1.2370362 2.3049799 
Plespi_Pspi_scaffold7153_01                                        0.9959288 0.9582558 0.5796307 1.1929656 1.2926991 0.5301347 1.1369885 4.6019933 1.6087014 1.2530577 1.1757308 1.1256167 1.1533712 1.5528326 1.3643812 1.5779772 1.2874947 1.2217662 1.2217662 0.9211223 1.7969461 1.4500955 1.4444354 1.2332001 1.1618366 0.3213996 1.2157668 1.2541859 1.3439541 1.4932041 1.1766957 1.1540131 1.2931567 1.1905138 0.9670286 0.7144200 1.1063997 1.1033197 1.2319354 1.0563662 1.2901609 1.2299757 1.2317343 1.4156759 1.5504568 1.3970158 1.2564049 1.6038666 0.6693680 1.1724631 1.5323641 2.2240092 1.4055127 0.9135285 0.5010871 1.1910117 2.1074630 1.2370362 0.0000000 1.5645547 
