57
Hsap_ENST00000411763                                   0.0000000 0.1671962 0.1393399 0.1777339 0.1663581 0.1716286 0.1647811 0.1562743 0.1623870 0.2975191 0.2443635 0.2467764 0.2467764 0.2479016 0.2448059 0.2492569 0.2538276 0.2483975 0.2728173 0.2705208 0.2595468 0.3331579 0.3304185 0.3415612 0.3439255 0.4114232 0.3171249 0.3169578 0.3288084 0.3354562 0.3172759 0.5546580 0.4665450 0.5475137 0.3873771 0.4219728 0.3878846 0.3878846 0.3774383 0.3847352 0.3766583 0.3766583 0.3859396 0.3995889 0.4136171 0.4127629 0.4135941 0.3494909 0.4523474 0.4019027 0.3945425 0.4298819 0.3931137 0.4778012 0.5521849 0.3573697 0.4903155 
Spur_XM_774810.5                                       0.1671962 0.0000000 0.1866418 0.2078579 0.2119844 0.1811832 0.1962294 0.1865000 0.1967834 0.2624138 0.2327799 0.2458681 0.2458681 0.2373559 0.2334036 0.2296182 0.2384477 0.2174972 0.2320204 0.2386267 0.2429991 0.3136110 0.3018443 0.3136744 0.4051414 0.4000565 0.3467341 0.3465360 0.3569130 0.3742077 0.3554407 0.5088678 0.4498464 0.5096463 0.4400219 0.4046479 0.3628214 0.3628214 0.3201490 0.3574039 0.3496905 0.3496905 0.3634950 0.3658364 0.3569548 0.3958567 0.3384520 0.3221491 0.4082439 0.3762906 0.3798755 0.3783629 0.4039779 0.5372025 0.4976693 0.3816799 0.5744297 
Bralan_BLAG11000701_1                                  0.1393399 0.1866418 0.0000000 0.2082638 0.1891332 0.1553434 0.1296824 0.1502473 0.1464141 0.2949322 0.2911481 0.2855848 0.2855848 0.2694890 0.2681604 0.2642902 0.2822795 0.3009239 0.3136199 0.3173069 0.2801247 0.3968953 0.3865497 0.4098968 0.3909415 0.4644214 0.3636014 0.3633894 0.3677252 0.3760728 0.3502737 0.6362578 0.5348246 0.6042809 0.4028864 0.4567278 0.4501394 0.4501394 0.4452765 0.4379096 0.4356592 0.4356592 0.4414299 0.4316945 0.4488080 0.4467218 0.4928259 0.3858458 0.5113236 0.4607193 0.4500619 0.4513028 0.4486573 0.5321718 0.6070374 0.4639656 0.5716388 
Tcas_TC011923_001                                      0.1777339 0.2078579 0.2082638 0.0000000 0.1074703 0.1246250 0.1760914 0.1591436 0.1810402 0.3370985 0.3092056 0.2960724 0.2960724 0.3199383 0.3099221 0.3145237 0.3245338 0.3490207 0.3243004 0.3304620 0.2992519 0.4006498 0.3924489 0.4018133 0.3463804 0.4885845 0.4159394 0.4159185 0.4249318 0.4171070 0.4135823 0.6151481 0.5463017 0.5885421 0.3742919 0.5045802 0.4543554 0.4543554 0.4689213 0.4485532 0.4428498 0.4428498 0.4485169 0.3945708 0.4204196 0.4101000 0.4468922 0.3500655 0.4794574 0.4189005 0.4140686 0.4180110 0.4218252 0.4526579 0.6579241 0.5199377 0.4831912 
Dpul_mRNA21708                                         0.1663581 0.2119844 0.1891332 0.1074703 0.0000000 0.1252595 0.1472475 0.1407816 0.1550669 0.3448001 0.2887181 0.2874979 0.2874979 0.3006366 0.2999033 0.3099704 0.3097454 0.3290361 0.2830236 0.2893586 0.3075170 0.3929620 0.3780185 0.3722363 0.3997723 0.4540510 0.3687692 0.3685506 0.3768297 0.3834650 0.3596772 0.5780500 0.5252419 0.5609520 0.3963655 0.4647430 0.4481302 0.4481302 0.4671021 0.4496080 0.4413390 0.4413390 0.4568448 0.3983630 0.4183888 0.4056078 0.4120944 0.3454118 0.4761772 0.4280806 0.4191201 0.4334600 0.4262320 0.5079683 0.6573429 0.4029442 0.4904487 
Cscu_XM_023353962.1                                    0.1716286 0.1811832 0.1553434 0.1246250 0.1252595 0.0000000 0.1194232 0.1072429 0.1365439 0.3294866 0.2837091 0.2915644 0.2915644 0.2945974 0.2818659 0.2829188 0.3012091 0.3558524 0.2979064 0.3117775 0.2702939 0.3468159 0.3425107 0.3456639 0.3859865 0.4449933 0.3698349 0.3696158 0.3775599 0.3831458 0.3669252 0.5561894 0.5125858 0.5753645 0.3464592 0.4406017 0.4191085 0.4191085 0.4184887 0.4153081 0.4096302 0.4096302 0.4171729 0.3829443 0.3928348 0.3931896 0.4200180 0.3405449 0.4325822 0.3995810 0.3920500 0.4093160 0.3989479 0.5218361 0.6452879 0.4226647 0.4760642 
Ctel_gnl_WGS_AMQN_CAPTEDRAFT_mRNA168189                0.1647811 0.1962294 0.1296824 0.1760914 0.1472475 0.1194232 0.0000000 0.0476290 0.0798542 0.3294100 0.2878150 0.2863932 0.2863932 0.2907494 0.2903482 0.2864959 0.2963352 0.3151610 0.3323467 0.3479414 0.2832178 0.3679274 0.3638353 0.3906354 0.3907596 0.4613878 0.3788841 0.3786609 0.3916013 0.3836137 0.3794084 0.6415992 0.5313909 0.6087641 0.3722171 0.4571840 0.4302406 0.4302406 0.4403851 0.4280453 0.4317246 0.4317246 0.4309443 0.4354209 0.4588416 0.4466893 0.4438724 0.3852158 0.5208653 0.4564672 0.4461540 0.4742449 0.4489920 0.4904577 0.6523044 0.4113580 0.5240785 
Acagra_model.g30555.t1.1.5d3b8d08                      0.1562743 0.1865000 0.1502473 0.1591436 0.1407816 0.1072429 0.0476290 0.0000000 0.0769904 0.3203680 0.3083796 0.3114522 0.3114522 0.3077703 0.3032526 0.2993667 0.3171571 0.3744897 0.3462689 0.3517962 0.2872908 0.4115003 0.4047764 0.4451802 0.3972036 0.5360848 0.3971156 0.3979296 0.4104620 0.3908647 0.4026432 0.6405522 0.5470819 0.6297838 0.3717040 0.5065719 0.4703399 0.4703399 0.5024320 0.4599514 0.4630825 0.4630825 0.4622496 0.4124572 0.4360204 0.4287020 0.4163473 0.3713503 0.5052172 0.4436284 0.4337209 0.4451861 0.4243703 0.4629247 0.6297882 0.4477196 0.5061797 
Cgig_XM_011453509.3                                    0.1623870 0.1967834 0.1464141 0.1810402 0.1550669 0.1365439 0.0798542 0.0769904 0.0000000 0.3171598 0.3110380 0.2753769 0.2753769 0.3004737 0.2938621 0.2986269 0.3092872 0.3594728 0.3187831 0.3188686 0.2829509 0.4188069 0.4088252 0.4181684 0.3749836 0.4710478 0.3600795 0.3585231 0.3851229 0.3929660 0.3810259 0.6046942 0.5263418 0.5744789 0.3521443 0.4779894 0.4812080 0.4812080 0.4901029 0.4627682 0.4665635 0.4665635 0.4658996 0.4158992 0.4316370 0.4493601 0.4406516 0.3756987 0.5109812 0.4523247 0.4422580 0.4632063 0.4441529 0.4901090 0.6319413 0.4652971 0.4818886 
Exapal_XM_021062107.1                                  0.2975191 0.2624138 0.2949322 0.3370985 0.3448001 0.3294866 0.3294100 0.3203680 0.3171598 0.0000000 0.0220269 0.0764376 0.0764376 0.0706701 0.0769239 0.0706701 0.0839132 0.1086233 0.1688082 0.1838934 0.2586560 0.3753532 0.3808820 0.4051321 0.5215003 0.5548778 0.3803153 0.3803153 0.3918758 0.4172139 0.3936395 0.5598037 0.4949396 0.5982384 0.4139512 0.5049774 0.4609511 0.4609511 0.4163776 0.4562994 0.4565012 0.4565012 0.4463024 0.4051431 0.4230547 0.4522876 0.3661656 0.2698777 0.4747827 0.3742856 0.3690899 0.4650539 0.4543230 0.2807974 0.6532696 0.4730882 0.3968135 
Nvec_v1g102934                                         0.2443635 0.2327799 0.2911481 0.3092056 0.2887181 0.2837091 0.2878150 0.3083796 0.3110380 0.0220269 0.0000000 0.1043363 0.1043363 0.0862853 0.0993519 0.0892916 0.1101069 0.1037971 0.1547022 0.1662186 0.2189160 0.2967490 0.2901156 0.3143382 0.4378218 0.4709196 0.3301047 0.3339004 0.3466169 0.3535046 0.3365098 0.5618177 0.4865368 0.5618663 0.3331025 0.4360704 0.4177336 0.4177336 0.3952398 0.4187325 0.4199266 0.4199266 0.4161064 0.3931832 0.4008761 0.4147136 0.3815196 0.3397632 0.4349563 0.3894443 0.3832306 0.4054282 0.4271666 0.4169693 0.5169253 0.3208360 0.4640487 
Adig_XM_015924150.1                                    0.2467764 0.2458681 0.2855848 0.2960724 0.2874979 0.2915644 0.2863932 0.3114522 0.2753769 0.0764376 0.1043363 0.0000000 0.0000010 0.0194329 0.0261655 0.0261349 0.0330349 0.0270958 0.1899297 0.2004201 0.2244750 0.2890703 0.2852420 0.3024083 0.4210946 0.4556066 0.3114139 0.3108354 0.3304217 0.3294830 0.3035196 0.6137991 0.5089932 0.5434937 0.3078275 0.4400606 0.4248560 0.4248560 0.4199360 0.4225666 0.4307080 0.4307080 0.4219564 0.3956884 0.3850286 0.4131554 0.3738814 0.3590379 0.4607146 0.4106892 0.4095836 0.4157330 0.3749599 0.4135710 0.4445344 0.3078882 0.4417747 
Amil_Amillepora32202-RA                                0.2467764 0.2458681 0.2855848 0.2960724 0.2874979 0.2915644 0.2863932 0.3114522 0.2753769 0.0764376 0.1043363 0.0000010 0.0000000 0.0194329 0.0261655 0.0261349 0.0330349 0.0270958 0.1899297 0.2004201 0.2244750 0.2890703 0.2852420 0.3024083 0.4210946 0.4556066 0.3114139 0.3108354 0.3304217 0.3294830 0.3035196 0.6137991 0.5089932 0.5434937 0.3078275 0.4400606 0.4248560 0.4248560 0.4199360 0.4225666 0.4307080 0.4307080 0.4219564 0.3956884 0.3850286 0.4131554 0.3738814 0.3590379 0.4607146 0.4106892 0.4095836 0.4157330 0.3749599 0.4135710 0.4445344 0.3078882 0.4417747 
Fspp_ffun1.m4.32872.m1                                 0.2479016 0.2373559 0.2694890 0.3199383 0.3006366 0.2945974 0.2907494 0.3077703 0.3004737 0.0706701 0.0862853 0.0194329 0.0194329 0.0000000 0.0109285 0.0081668 0.0193950 0.0296532 0.1909285 0.1962397 0.2309596 0.3072927 0.2987241 0.3007361 0.4130557 0.4734470 0.3385435 0.3382432 0.3551598 0.3651062 0.3294968 0.6258601 0.5371198 0.6119415 0.3370275 0.4530127 0.4230690 0.4230690 0.4274675 0.4234072 0.4248526 0.4248526 0.4210359 0.4051954 0.4143789 0.4245701 0.3682726 0.3492498 0.4611164 0.4118349 0.4046216 0.4172156 0.4198741 0.4135710 0.5813317 0.3604350 0.4705778 
Pocdam_XM_027195667.1                                  0.2448059 0.2334036 0.2681604 0.3099221 0.2999033 0.2818659 0.2903482 0.3032526 0.2938621 0.0769239 0.0993519 0.0261655 0.0261655 0.0109285 0.0000000 0.0081948 0.0110362 0.0262673 0.1867210 0.1919748 0.2270970 0.3078381 0.2989171 0.3065987 0.4000850 0.4705263 0.3380467 0.3377434 0.3546340 0.3645497 0.3290191 0.6133092 0.5288912 0.6085715 0.3428762 0.4529430 0.4230941 0.4230941 0.4366807 0.4234322 0.4248762 0.4248762 0.4210632 0.4002373 0.4146586 0.4222093 0.3782315 0.3430238 0.4552363 0.4248342 0.4116765 0.4293671 0.4244101 0.4135710 0.5640428 0.3642652 0.4592477 
Gasp_gasp1.m3.22689.m1                                 0.2492569 0.2296182 0.2642902 0.3145237 0.3099704 0.2829188 0.2864959 0.2993667 0.2986269 0.0706701 0.0892916 0.0261349 0.0261349 0.0081668 0.0081948 0.0000000 0.0194834 0.0262649 0.1947450 0.2000946 0.2273868 0.3093633 0.3014289 0.3040665 0.4042780 0.4783809 0.3429974 0.3427283 0.3596339 0.3604836 0.3339071 0.6224435 0.5341329 0.6180528 0.3450313 0.4579616 0.4202301 0.4202301 0.4291978 0.4205459 0.4219848 0.4219848 0.4181736 0.4106293 0.4231220 0.4307880 0.3756725 0.3501092 0.4651099 0.4230755 0.4153429 0.4219067 0.4298199 0.4135710 0.5813317 0.3651314 0.4617122 
Spis_XP_022783411_1                                    0.2538276 0.2384477 0.2822795 0.3245338 0.3097454 0.3012091 0.2963352 0.3171571 0.3092872 0.0839132 0.1101069 0.0330349 0.0330349 0.0193950 0.0110362 0.0194834 0.0000000 0.0296455 0.2035272 0.2089759 0.2403004 0.3226088 0.3097675 0.3207639 0.4257396 0.4881432 0.3584554 0.3582939 0.3751990 0.3857099 0.3491937 0.6414828 0.5525691 0.6237173 0.3656740 0.4760853 0.4350268 0.4350268 0.4496259 0.4354596 0.4369534 0.4369534 0.4330701 0.4190648 0.4247408 0.4385206 0.4073589 0.3685395 0.4762325 0.4368076 0.4282088 0.4360607 0.4351168 0.4408294 0.5902483 0.3750603 0.4814582 
Gfas_gfas1.m1.21216.m1                                 0.2483975 0.2174972 0.3009239 0.3490207 0.3290361 0.3558524 0.3151610 0.3744897 0.3594728 0.1086233 0.1037971 0.0270958 0.0270958 0.0296532 0.0262673 0.0262649 0.0296455 0.0000000 0.2005840 0.2075515 0.1883515 0.2929670 0.2693784 0.2565370 0.1890895 0.4654871 0.4039583 0.4041928 0.4261356 0.4273792 0.3929321 0.6787824 0.5823753 0.7264950 0.2072455 0.5021299 0.4286164 0.4286164 0.4318776 0.4301339 0.4236309 0.4236309 0.4276696 0.4831691 0.4522454 0.5019091 0.4081102 0.4246155 0.5007782 0.5011404 0.4973695 0.4299989 0.5111116 0.0000010 0.5574165 0.3086286 0.2897349 
Dgig_XM_028538396.1                                    0.2728173 0.2320204 0.3136199 0.3243004 0.2830236 0.2979064 0.3323467 0.3462689 0.3187831 0.1688082 0.1547022 0.1899297 0.1899297 0.1909285 0.1867210 0.1947450 0.2035272 0.2005840 0.0000000 0.0304586 0.2313113 0.3201388 0.3172070 0.3551442 0.3683268 0.4486894 0.3577671 0.3567356 0.3737912 0.3967907 0.3755353 0.5488730 0.4741574 0.5310559 0.3209894 0.4079100 0.4425357 0.4425357 0.4369982 0.4348020 0.4363150 0.4363150 0.4433750 0.4365973 0.4224599 0.4544085 0.4135341 0.3718104 0.4960093 0.4632042 0.4628121 0.4907901 0.4972369 0.5550462 0.5208561 0.3658947 0.4386762 
Xesp_013347-T1                                         0.2705208 0.2386267 0.3173069 0.3304620 0.2893586 0.3117775 0.3479414 0.3517962 0.3188686 0.1838934 0.1662186 0.2004201 0.2004201 0.1962397 0.1919748 0.2000946 0.2089759 0.2075515 0.0304586 0.0000000 0.2285795 0.3198537 0.3190540 0.3458940 0.3716584 0.4300810 0.3696397 0.3686817 0.3831037 0.4156042 0.3834761 0.5211650 0.4675275 0.5048454 0.3135805 0.4291918 0.4427918 0.4427918 0.4222498 0.4308744 0.4323802 0.4323802 0.4394573 0.4217286 0.4149623 0.4397785 0.4158890 0.3658548 0.4747355 0.4392463 0.4399592 0.4683793 0.4769084 0.5269160 0.5252086 0.3742445 0.4425945 
Hvul_g21590_1                                          0.2595468 0.2429991 0.2801247 0.2992519 0.3075170 0.2702939 0.2832178 0.2872908 0.2829509 0.2586560 0.2189160 0.2244750 0.2244750 0.2309596 0.2270970 0.2273868 0.2403004 0.1883515 0.2313113 0.2285795 0.0000000 0.1698484 0.1663587 0.2021467 0.5128072 0.4349024 0.3607913 0.3607913 0.3731283 0.3620572 0.3583839 0.4764714 0.4203132 0.5035132 0.3700164 0.4046516 0.3904671 0.3904671 0.3074995 0.3878075 0.3788205 0.3788205 0.3829359 0.4175469 0.3912280 0.4405286 0.3205833 0.3360556 0.4429977 0.4249136 0.4204052 0.4004003 0.4496799 0.5774968 0.5800412 0.2857281 0.2760993 
Nemnom_g6303.t1                                        0.3331579 0.3136110 0.3968953 0.4006498 0.3929620 0.3468159 0.3679274 0.4115003 0.4188069 0.3753532 0.2967490 0.2890703 0.2890703 0.3072927 0.3078381 0.3093633 0.3226088 0.2929670 0.3201388 0.3198537 0.1698484 0.0000000 0.0250007 0.1174966 0.5643772 0.5358508 0.4526596 0.4503208 0.4595148 0.4794351 0.4586721 0.6618169 0.5953524 0.6800982 0.4916411 0.5451863 0.4603865 0.4603865 0.3607878 0.4437304 0.4467263 0.4467263 0.4497987 0.4641185 0.4535479 0.4979627 0.4501307 0.4142302 0.4801277 0.4707342 0.4773089 0.4739989 0.5051745 0.6583637 0.6085556 0.3572694 0.4082294 
Rhoesc_Res_010390-T1                                   0.3304185 0.3018443 0.3865497 0.3924489 0.3780185 0.3425107 0.3638353 0.4047764 0.4088252 0.3808820 0.2901156 0.2852420 0.2852420 0.2987241 0.2989171 0.3014289 0.3097675 0.2693784 0.3172070 0.3190540 0.1663587 0.0250007 0.0000000 0.1009759 0.5729382 0.5481026 0.4496117 0.4472661 0.4606918 0.4760449 0.4539463 0.6560135 0.5978886 0.6830871 0.4996656 0.5551666 0.4519377 0.4519377 0.3539403 0.4352395 0.4381733 0.4381733 0.4487518 0.4620129 0.4425406 0.4894915 0.4499798 0.4146369 0.4787659 0.4728375 0.4793416 0.4592926 0.4976653 0.6752983 0.6247556 0.3363024 0.4187010 
Sanmal_Sma_020411-T1                                   0.3415612 0.3136744 0.4098968 0.4018133 0.3722363 0.3456639 0.3906354 0.4451802 0.4181684 0.4051321 0.3143382 0.3024083 0.3024083 0.3007361 0.3065987 0.3040665 0.3207639 0.2565370 0.3551442 0.3458940 0.2021467 0.1174966 0.1009759 0.0000000 0.5525162 0.5444210 0.4828810 0.4775143 0.5077827 0.5082589 0.4668878 0.7004942 0.6064103 0.6369696 0.4562631 0.5475113 0.4785812 0.4785812 0.3624987 0.4712334 0.4682916 0.4682916 0.4681026 0.4685508 0.4164200 0.4773428 0.4532546 0.4539995 0.4513799 0.4357031 0.4562452 0.4221991 0.4641750 0.6693675 0.5344246 0.3289577 0.2841455 
Ocar_g8005                                             0.3439255 0.4051414 0.3909415 0.3463804 0.3997723 0.3859865 0.3907596 0.3972036 0.3749836 0.5215003 0.4378218 0.4210946 0.4210946 0.4130557 0.4000850 0.4042780 0.4257396 0.1890895 0.3683268 0.3716584 0.5128072 0.5643772 0.5729382 0.5525162 0.0000000 0.0125269 0.3835365 0.3835365 0.4026271 0.3919949 0.4065835 0.6370854 0.4562028 0.4672213 0.4377349 0.4332793 0.5339043 0.5339043 0.2931449 0.5292531 0.5355211 0.5355211 0.5367577 0.5378587 0.4776203 0.5453673 0.5844514 0.5193870 0.6272991 0.5162152 0.5349385 0.5981812 0.5434602 0.8500867 0.6282595 0.5241324 0.5843847 
Opea_EP00118_Oscarella_pearsei_P005444                 0.4114232 0.4000565 0.4644214 0.4885845 0.4540510 0.4449933 0.4613878 0.5360848 0.4710478 0.5548778 0.4709196 0.4556066 0.4556066 0.4734470 0.4705263 0.4783809 0.4881432 0.4654871 0.4486894 0.4300810 0.4349024 0.5358508 0.5481026 0.5444210 0.0125269 0.0000000 0.3987677 0.3929259 0.4292747 0.4448999 0.4406592 0.5750399 0.5153518 0.5826627 0.4312525 0.4724423 0.5266000 0.5266000 0.4527637 0.5041826 0.5195323 0.5195323 0.5155659 0.5410042 0.5467582 0.5668525 0.5138740 0.5087769 0.5763385 0.5355002 0.5461167 0.5590066 0.5686007 0.8500867 0.6718501 0.6130322 0.7028291 
Scil_scict002726.1                                     0.3171249 0.3467341 0.3636014 0.4159394 0.3687692 0.3698349 0.3788841 0.3971156 0.3600795 0.3803153 0.3301047 0.3114139 0.3114139 0.3385435 0.3380467 0.3429974 0.3584554 0.4039583 0.3577671 0.3696397 0.3607913 0.4526596 0.4496117 0.4828810 0.3835365 0.3987677 0.0000000 0.0054804 0.0222178 0.0505029 0.0810454 0.5488608 0.4976069 0.5685859 0.3441396 0.3917664 0.4777360 0.4777360 0.4551252 0.4693208 0.4622156 0.4622156 0.4673328 0.4651901 0.5033279 0.5057889 0.3848803 0.3813089 0.5235689 0.4806748 0.4745772 0.4980061 0.4574042 0.5563772 0.5681602 0.5133646 0.6430004 
Gracom_Gcom_scaffold11789_01                           0.3169578 0.3465360 0.3633894 0.4159185 0.3685506 0.3696158 0.3786609 0.3979296 0.3585231 0.3803153 0.3339004 0.3108354 0.3108354 0.3382432 0.3377434 0.3427283 0.3582939 0.4041928 0.3567356 0.3686817 0.3607913 0.4503208 0.4472661 0.4775143 0.3835365 0.3929259 0.0054804 0.0000000 0.0280644 0.0472637 0.0744864 0.5360402 0.4865800 0.5554119 0.3441396 0.3813591 0.4733771 0.4733771 0.4485412 0.4649870 0.4578680 0.4578680 0.4675852 0.4674270 0.5063927 0.5042782 0.3888389 0.3837227 0.5266336 0.4790905 0.4730727 0.5009531 0.4596693 0.5563772 0.5681602 0.5106816 0.6430004 
Leuniv_Lniv_C803950_01                                 0.3288084 0.3569130 0.3677252 0.4249318 0.3768297 0.3775599 0.3916013 0.4104620 0.3851229 0.3918758 0.3466169 0.3304217 0.3304217 0.3551598 0.3546340 0.3596339 0.3751990 0.4261356 0.3737912 0.3831037 0.3731283 0.4595148 0.4606918 0.5077827 0.4026271 0.4292747 0.0222178 0.0280644 0.0000000 0.0599421 0.0912436 0.5736231 0.5241361 0.5881663 0.3646183 0.4090488 0.4819044 0.4819044 0.4631394 0.4734377 0.4663214 0.4663214 0.4714640 0.4694533 0.5203912 0.5158319 0.4127621 0.3843653 0.5395476 0.4941017 0.4873620 0.5176649 0.4742464 0.5390778 0.5681602 0.5515779 0.6695248 
Lcom_lcpid59577                                        0.3354562 0.3742077 0.3760728 0.4171070 0.3834650 0.3831458 0.3836137 0.3908647 0.3929660 0.4172139 0.3535046 0.3294830 0.3294830 0.3651062 0.3645497 0.3604836 0.3857099 0.4273792 0.3967907 0.4156042 0.3620572 0.4794351 0.4760449 0.5082589 0.3919949 0.4448999 0.0505029 0.0472637 0.0599421 0.0000000 0.0930030 0.5844002 0.5345182 0.6054480 0.3359047 0.4286757 0.4776376 0.4776376 0.4433140 0.4604450 0.4532846 0.4532846 0.4630258 0.4754104 0.5320561 0.5072742 0.4138770 0.3760318 0.5692704 0.5133927 0.5055477 0.5401277 0.4740855 0.5390778 0.5886130 0.5557770 0.6333127 
Clacor_Ccor_scaffold4982_01                            0.3172759 0.3554407 0.3502737 0.4135823 0.3596772 0.3669252 0.3794084 0.4026432 0.3810259 0.3936395 0.3365098 0.3035196 0.3035196 0.3294968 0.3290191 0.3339071 0.3491937 0.3929321 0.3755353 0.3834761 0.3583839 0.4586721 0.4539463 0.4668878 0.4065835 0.4406592 0.0810454 0.0744864 0.0912436 0.0930030 0.0000000 0.5423988 0.5095364 0.5705185 0.3465024 0.3802209 0.4672897 0.4672897 0.4504495 0.4635365 0.4564533 0.4564533 0.4661113 0.4887128 0.5203007 0.4940376 0.4004228 0.3870491 0.5196489 0.4826547 0.4764997 0.4810916 0.4581185 0.4882414 0.5239571 0.5040041 0.6150036 
Aque_Aqu2.1.18863_001                                  0.5546580 0.5088678 0.6362578 0.6151481 0.5780500 0.5561894 0.6415992 0.6405522 0.6046942 0.5598037 0.5618177 0.6137991 0.6137991 0.6258601 0.6133092 0.6224435 0.6414828 0.6787824 0.5488730 0.5211650 0.4764714 0.6618169 0.6560135 0.7004942 0.6370854 0.5750399 0.5488608 0.5360402 0.5736231 0.5844002 0.5423988 0.0000000 0.0614241 0.1137315 0.3154205 0.3359746 0.6957758 0.6957758 0.7682656 0.7019640 0.7003235 0.7003235 0.7120393 0.6396451 0.6275465 0.6347136 0.4253200 0.5595522 0.6425080 0.6420233 0.6501579 0.7195718 0.6526389 0.8024209 0.3352497 0.6974534 0.9821326 
Halamb_c22069_g1_i1m.3959                              0.4665450 0.4498464 0.5348246 0.5463017 0.5252419 0.5125858 0.5313909 0.5470819 0.5263418 0.4949396 0.4865368 0.5089932 0.5089932 0.5371198 0.5288912 0.5341329 0.5525691 0.5823753 0.4741574 0.4675275 0.4203132 0.5953524 0.5978886 0.6064103 0.4562028 0.5153518 0.4976069 0.4865800 0.5241361 0.5345182 0.5095364 0.0614241 0.0000000 0.0651639 0.2618005 0.2658030 0.6040261 0.6040261 0.6458349 0.6077676 0.6062950 0.6062950 0.6083241 0.5732301 0.5599579 0.5936633 0.3532172 0.4730421 0.5896536 0.5840805 0.5885052 0.6640658 0.6061274 0.7284175 0.3303830 0.6212388 0.7253099 
Xestes_maker-XT_scaffold4676-snap-gene-0.27-mRNA-1     0.5475137 0.5096463 0.6042809 0.5885421 0.5609520 0.5753645 0.6087641 0.6297838 0.5744789 0.5982384 0.5618663 0.5434937 0.5434937 0.6119415 0.6085715 0.6180528 0.6237173 0.7264950 0.5310559 0.5048454 0.5035132 0.6800982 0.6830871 0.6369696 0.4672213 0.5826627 0.5685859 0.5554119 0.5881663 0.6054480 0.5705185 0.1137315 0.0651639 0.0000000 0.2530138 0.3035859 0.7227399 0.7227399 0.8228137 0.7269070 0.7259958 0.7259958 0.7320680 0.6080745 0.6266469 0.6379400 0.3914659 0.5069959 0.6533772 0.6202126 0.6328134 0.7188602 0.6335580 0.6273970 0.4421777 0.6498652 0.7314207 
Stycar_maker-SC_scaffold4892-augustus-gene-0.10-mRNA-1 0.3873771 0.4400219 0.4028864 0.3742919 0.3963655 0.3464592 0.3722171 0.3717040 0.3521443 0.4139512 0.3331025 0.3078275 0.3078275 0.3370275 0.3428762 0.3450313 0.3656740 0.2072455 0.3209894 0.3135805 0.3700164 0.4916411 0.4996656 0.4562631 0.4377349 0.4312525 0.3441396 0.3441396 0.3646183 0.3359047 0.3465024 0.3154205 0.2618005 0.2530138 0.0000000 0.1719143 0.4863168 0.4863168 0.3087219 0.4871220 0.5036647 0.5036647 0.4855960 0.4404796 0.3309258 0.4431509 0.3257100 0.3843710 0.4133854 0.4169913 0.4321508 0.4214928 0.4415047 0.6785356 0.7372770 0.4324909 0.4773583 
Spolac_c104148_g1_i1_m.38457c104148-g1                 0.4219728 0.4046479 0.4567278 0.5045802 0.4647430 0.4406017 0.4571840 0.5065719 0.4779894 0.5049774 0.4360704 0.4400606 0.4400606 0.4530127 0.4529430 0.4579616 0.4760853 0.5021299 0.4079100 0.4291918 0.4046516 0.5451863 0.5551666 0.5475113 0.4332793 0.4724423 0.3917664 0.3813591 0.4090488 0.4286757 0.3802209 0.3359746 0.2658030 0.3035859 0.1719143 0.0000000 0.5946758 0.5946758 0.6487987 0.5947385 0.5937308 0.5937308 0.5982405 0.5387782 0.5201089 0.5384927 0.3449627 0.4335169 0.5966943 0.5558483 0.5540257 0.5751411 0.5667460 0.6429673 0.2676986 0.5315270 0.6624845 
Tadh_TriadT64000                                       0.3878846 0.3628214 0.4501394 0.4543554 0.4481302 0.4191085 0.4302406 0.4703399 0.4812080 0.4609511 0.4177336 0.4248560 0.4248560 0.4230690 0.4230941 0.4202301 0.4350268 0.4286164 0.4425357 0.4427918 0.3904671 0.4603865 0.4519377 0.4785812 0.5339043 0.5266000 0.4777360 0.4733771 0.4819044 0.4776376 0.4672897 0.6957758 0.6040261 0.7227399 0.4863168 0.5946758 0.0000000 0.0000010 0.0264387 0.0227073 0.0198512 0.0198512 0.0287182 0.4789875 0.4529894 0.4961903 0.4536828 0.4215819 0.4890933 0.4751236 0.4698571 0.4963270 0.4969856 0.6730780 0.8188627 0.5881102 0.6788076 
TrH2_TrispH2_005085-RA                                 0.3878846 0.3628214 0.4501394 0.4543554 0.4481302 0.4191085 0.4302406 0.4703399 0.4812080 0.4609511 0.4177336 0.4248560 0.4248560 0.4230690 0.4230941 0.4202301 0.4350268 0.4286164 0.4425357 0.4427918 0.3904671 0.4603865 0.4519377 0.4785812 0.5339043 0.5266000 0.4777360 0.4733771 0.4819044 0.4776376 0.4672897 0.6957758 0.6040261 0.7227399 0.4863168 0.5946758 0.0000010 0.0000000 0.0264387 0.0227073 0.0198512 0.0198512 0.0287182 0.4789875 0.4529894 0.4961903 0.4536828 0.4215819 0.4890933 0.4751236 0.4698571 0.4963270 0.4969856 0.6730780 0.8188627 0.5881102 0.6788076 
HoiH06_mRNA12490                                       0.3774383 0.3201490 0.4452765 0.4689213 0.4671021 0.4184887 0.4403851 0.5024320 0.4901029 0.4163776 0.3952398 0.4199360 0.4199360 0.4274675 0.4366807 0.4291978 0.4496259 0.4318776 0.4369982 0.4222498 0.3074995 0.3607878 0.3539403 0.3624987 0.2931449 0.4527637 0.4551252 0.4485412 0.4631394 0.4433140 0.4504495 0.7682656 0.6458349 0.8228137 0.3087219 0.6487987 0.0264387 0.0264387 0.0000000 0.0043130 0.0043107 0.0043107 0.0130955 0.4938193 0.4866085 0.5300512 0.4359372 0.4131821 0.4895038 0.4854113 0.4892028 0.4854751 0.5399680 0.0000010 0.8006766 0.7815323 0.4662632 
HoiH23_PlH23_001377-RA                                 0.3847352 0.3574039 0.4379096 0.4485532 0.4496080 0.4153081 0.4280453 0.4599514 0.4627682 0.4562994 0.4187325 0.4225666 0.4225666 0.4234072 0.4234322 0.4205459 0.4354596 0.4301339 0.4348020 0.4308744 0.3878075 0.4437304 0.4352395 0.4712334 0.5292531 0.5041826 0.4693208 0.4649870 0.4734377 0.4604450 0.4635365 0.7019640 0.6077676 0.7269070 0.4871220 0.5947385 0.0227073 0.0227073 0.0043130 0.0000000 0.0112508 0.0112508 0.0169225 0.4681641 0.4457872 0.4942990 0.4459284 0.4174042 0.4765923 0.4646020 0.4598721 0.4830260 0.4886977 0.6448829 0.8167653 0.6012166 0.6784990 
Hhon_g09213.t1                                         0.3766583 0.3496905 0.4356592 0.4428498 0.4413390 0.4096302 0.4317246 0.4630825 0.4665635 0.4565012 0.4199266 0.4307080 0.4307080 0.4248526 0.4248762 0.4219848 0.4369534 0.4236309 0.4363150 0.4323802 0.3788205 0.4467263 0.4381733 0.4682916 0.5355211 0.5195323 0.4622156 0.4578680 0.4663214 0.4532846 0.4564533 0.7003235 0.6062950 0.7259958 0.5036647 0.5937308 0.0198512 0.0198512 0.0043107 0.0112508 0.0000000 0.0000010 0.0198603 0.4743698 0.4455757 0.5007492 0.4520147 0.4263713 0.4787608 0.4712445 0.4661858 0.4852856 0.4952781 0.6774774 0.8002018 0.5966799 0.6713810 
HoiH04_mRNA3743                                        0.3766583 0.3496905 0.4356592 0.4428498 0.4413390 0.4096302 0.4317246 0.4630825 0.4665635 0.4565012 0.4199266 0.4307080 0.4307080 0.4248526 0.4248762 0.4219848 0.4369534 0.4236309 0.4363150 0.4323802 0.3788205 0.4467263 0.4381733 0.4682916 0.5355211 0.5195323 0.4622156 0.4578680 0.4663214 0.4532846 0.4564533 0.7003235 0.6062950 0.7259958 0.5036647 0.5937308 0.0198512 0.0198512 0.0043107 0.0112508 0.0000010 0.0000000 0.0198603 0.4743698 0.4455757 0.5007492 0.4520147 0.4263713 0.4787608 0.4712445 0.4661858 0.4852856 0.4952781 0.6774774 0.8002018 0.5966799 0.6713810 
HoiH11_mRNA3231                                        0.3859396 0.3634950 0.4414299 0.4485169 0.4568448 0.4171729 0.4309443 0.4622496 0.4658996 0.4463024 0.4161064 0.4219564 0.4219564 0.4210359 0.4210632 0.4181736 0.4330701 0.4276696 0.4433750 0.4394573 0.3829359 0.4497987 0.4487518 0.4681026 0.5367577 0.5155659 0.4673328 0.4675852 0.4714640 0.4630258 0.4661113 0.7120393 0.6083241 0.7320680 0.4855960 0.5982405 0.0287182 0.0287182 0.0130955 0.0169225 0.0198603 0.0198603 0.0000000 0.4672135 0.4406013 0.5029725 0.4607695 0.4212533 0.4799703 0.4658349 0.4610052 0.4896713 0.4878615 0.6628771 0.8262239 0.6101513 0.6726342 
Mlei_ML1320.g20.i1                                     0.3995889 0.3658364 0.4316945 0.3945708 0.3983630 0.3829443 0.4354209 0.4124572 0.4158992 0.4051431 0.3931832 0.3956884 0.3956884 0.4051954 0.4002373 0.4106293 0.4190648 0.4831691 0.4365973 0.4217286 0.4175469 0.4641185 0.4620129 0.4685508 0.5378587 0.5410042 0.4651901 0.4674270 0.4694533 0.4754104 0.4887128 0.6396451 0.5732301 0.6080745 0.4404796 0.5387782 0.4789875 0.4789875 0.4938193 0.4681641 0.4743698 0.4743698 0.4672135 0.0000000 0.0366190 0.0553965 0.0500693 0.0471870 0.1004993 0.0863273 0.0826365 0.1396957 0.1247324 0.1168111 0.7379666 0.5999849 0.6518678 
Beraby_Baby_sb328272                                   0.4136171 0.3569548 0.4488080 0.4204196 0.4183888 0.3928348 0.4588416 0.4360204 0.4316370 0.4230547 0.4008761 0.3850286 0.3850286 0.4143789 0.4146586 0.4231220 0.4247408 0.4522454 0.4224599 0.4149623 0.3912280 0.4535479 0.4425406 0.4164200 0.4776203 0.5467582 0.5033279 0.5063927 0.5203912 0.5320561 0.5203007 0.6275465 0.5599579 0.6266469 0.3309258 0.5201089 0.4529894 0.4529894 0.4866085 0.4457872 0.4455757 0.4455757 0.4406013 0.0366190 0.0000000 0.0652122 0.0587231 0.0690207 0.1179187 0.1245435 0.1253100 0.1363878 0.1627761 0.0000010 0.7068655 0.6196622 0.4488994 
Drygla_Dgla_sb293630                                   0.4127629 0.3958567 0.4467218 0.4101000 0.4056078 0.3931896 0.4466893 0.4287020 0.4493601 0.4522876 0.4147136 0.4131554 0.4131554 0.4245701 0.4222093 0.4307880 0.4385206 0.5019091 0.4544085 0.4397785 0.4405286 0.4979627 0.4894915 0.4773428 0.5453673 0.5668525 0.5057889 0.5042782 0.5158319 0.5072742 0.4940376 0.6347136 0.5936633 0.6379400 0.4431509 0.5384927 0.4961903 0.4961903 0.5300512 0.4942990 0.5007492 0.5007492 0.5029725 0.0553965 0.0652122 0.0000000 0.0789183 0.0708264 0.1379628 0.1131015 0.1080142 0.1467272 0.1426759 0.1409021 0.7420905 0.5604910 0.6532848 
Mertsp_Mesp_sb619040                                   0.4135941 0.3384520 0.4928259 0.4468922 0.4120944 0.4200180 0.4438724 0.4163473 0.4406516 0.3661656 0.3815196 0.3738814 0.3738814 0.3682726 0.3782315 0.3756725 0.4073589 0.4081102 0.4135341 0.4158890 0.3205833 0.4501307 0.4499798 0.4532546 0.5844514 0.5138740 0.3848803 0.3888389 0.4127621 0.4138770 0.4004228 0.4253200 0.3532172 0.3914659 0.3257100 0.3449627 0.4536828 0.4536828 0.4359372 0.4459284 0.4520147 0.4520147 0.4607695 0.0500693 0.0587231 0.0789183 0.0000000 0.0468669 0.1062799 0.1055391 0.1055391 0.1329223 0.1344654 0.0616834 0.1634096 0.5610044 0.3495516 
Lampan_Lpan_12847_01                                   0.3494909 0.3221491 0.3858458 0.3500655 0.3454118 0.3405449 0.3852158 0.3713503 0.3756987 0.2698777 0.3397632 0.3590379 0.3590379 0.3492498 0.3430238 0.3501092 0.3685395 0.4246155 0.3718104 0.3658548 0.3360556 0.4142302 0.4146369 0.4539995 0.5193870 0.5087769 0.3813089 0.3837227 0.3843653 0.3760318 0.3870491 0.5595522 0.4730421 0.5069959 0.3843710 0.4335169 0.4215819 0.4215819 0.4131821 0.4174042 0.4263713 0.4263713 0.4212533 0.0471870 0.0690207 0.0708264 0.0468669 0.0000000 0.1276330 0.1078987 0.1013536 0.1447445 0.1061516 0.1315946 0.5345524 0.5319050 0.5719385 
Vmul_sbMO459417                                        0.4523474 0.4082439 0.5113236 0.4794574 0.4761772 0.4325822 0.5208653 0.5052172 0.5109812 0.4747827 0.4349563 0.4607146 0.4607146 0.4611164 0.4552363 0.4651099 0.4762325 0.5007782 0.4960093 0.4747355 0.4429977 0.4801277 0.4787659 0.4513799 0.6272991 0.5763385 0.5235689 0.5266336 0.5395476 0.5692704 0.5196489 0.6425080 0.5896536 0.6533772 0.4133854 0.5966943 0.4890933 0.4890933 0.4895038 0.4765923 0.4787608 0.4787608 0.4799703 0.1004993 0.1179187 0.1379628 0.1062799 0.1276330 0.0000000 0.0240968 0.0242245 0.1558997 0.1539376 0.0283530 0.7161257 0.7814699 0.5369009 
Coeast_Cast_sb795310                                   0.4019027 0.3762906 0.4607193 0.4189005 0.4280806 0.3995810 0.4564672 0.4436284 0.4523247 0.3742856 0.3894443 0.4106892 0.4106892 0.4118349 0.4248342 0.4230755 0.4368076 0.5011404 0.4632042 0.4392463 0.4249136 0.4707342 0.4728375 0.4357031 0.5162152 0.5355002 0.4806748 0.4790905 0.4941017 0.5133927 0.4826547 0.6420233 0.5840805 0.6202126 0.4169913 0.5558483 0.4751236 0.4751236 0.4854113 0.4646020 0.4712445 0.4712445 0.4658349 0.0863273 0.1245435 0.1131015 0.1055391 0.1078987 0.0240968 0.0000000 0.0000010 0.1525092 0.1458125 0.0479317 0.7038249 0.6668357 0.4658227 
Coemet_Cmet_scaffold1428_01                            0.3945425 0.3798755 0.4500619 0.4140686 0.4191201 0.3920500 0.4461540 0.4337209 0.4422580 0.3690899 0.3832306 0.4095836 0.4095836 0.4046216 0.4116765 0.4153429 0.4282088 0.4973695 0.4628121 0.4399592 0.4204052 0.4773089 0.4793416 0.4562452 0.5349385 0.5461167 0.4745772 0.4730727 0.4873620 0.5055477 0.4764997 0.6501579 0.5885052 0.6328134 0.4321508 0.5540257 0.4698571 0.4698571 0.4892028 0.4598721 0.4661858 0.4661858 0.4610052 0.0826365 0.1253100 0.1080142 0.1055391 0.1013536 0.0242245 0.0000010 0.0000000 0.1533952 0.1393248 0.1310679 0.7118095 0.6275130 0.6367469 
Eupdun_Edun_sb10630642                                 0.4298819 0.3783629 0.4513028 0.4180110 0.4334600 0.4093160 0.4742449 0.4451861 0.4632063 0.4650539 0.4054282 0.4157330 0.4157330 0.4172156 0.4293671 0.4219067 0.4360607 0.4299989 0.4907901 0.4683793 0.4004003 0.4739989 0.4592926 0.4221991 0.5981812 0.5590066 0.4980061 0.5009531 0.5176649 0.5401277 0.4810916 0.7195718 0.6640658 0.7188602 0.4214928 0.5751411 0.4963270 0.4963270 0.4854751 0.4830260 0.4852856 0.4852856 0.4896713 0.1396957 0.1363878 0.1467272 0.1329223 0.1447445 0.1558997 0.1525092 0.1533952 0.0000000 0.1606278 0.1695746 0.7119840 0.6195894 0.5679949 
Horcal_Hcv1.av93.c4.g262.i1                            0.3931137 0.4039779 0.4486573 0.4218252 0.4262320 0.3989479 0.4489920 0.4243703 0.4441529 0.4543230 0.4271666 0.3749599 0.3749599 0.4198741 0.4244101 0.4298199 0.4351168 0.5111116 0.4972369 0.4769084 0.4496799 0.5051745 0.4976653 0.4641750 0.5434602 0.5686007 0.4574042 0.4596693 0.4742464 0.4740855 0.4581185 0.6526389 0.6061274 0.6335580 0.4415047 0.5667460 0.4969856 0.4969856 0.5399680 0.4886977 0.4952781 0.4952781 0.4878615 0.1247324 0.1627761 0.1426759 0.1344654 0.1061516 0.1539376 0.1458125 0.1393248 0.1606278 0.0000000 0.0756119 0.7625726 0.5795443 0.6446803 
Pbac_sb2654090                                         0.4778012 0.5372025 0.5321718 0.4526579 0.5079683 0.5218361 0.4904577 0.4629247 0.4901090 0.2807974 0.4169693 0.4135710 0.4135710 0.4135710 0.4135710 0.4135710 0.4408294 0.0000010 0.5550462 0.5269160 0.5774968 0.6583637 0.6752983 0.6693675 0.8500867 0.8500867 0.5563772 0.5563772 0.5390778 0.5390778 0.4882414 0.8024209 0.7284175 0.6273970 0.6785356 0.6429673 0.6730780 0.6730780 0.0000010 0.6448829 0.6774774 0.6774774 0.6628771 0.1168111 0.0000010 0.1409021 0.0616834 0.1315946 0.0283530 0.0479317 0.1310679 0.1695746 0.0756119 0.0000000 8.9999989 0.7227589 0.5905101 
Tetwil_g25221.t2                                       0.5521849 0.4976693 0.6070374 0.6579241 0.6573429 0.6452879 0.6523044 0.6297882 0.6319413 0.6532696 0.5169253 0.4445344 0.4445344 0.5813317 0.5640428 0.5813317 0.5902483 0.5574165 0.5208561 0.5252086 0.5800412 0.6085556 0.6247556 0.5344246 0.6282595 0.6718501 0.5681602 0.5681602 0.5681602 0.5886130 0.5239571 0.3352497 0.3303830 0.4421777 0.7372770 0.2676986 0.8188627 0.8188627 0.8006766 0.8167653 0.8002018 0.8002018 0.8262239 0.7379666 0.7068655 0.7420905 0.1634096 0.5345524 0.7161257 0.7038249 0.7118095 0.7119840 0.7625726 8.9999989 0.0000000 1.0358828 6.1020643 
Morvir_scaffold807.g1.t1                               0.3573697 0.3816799 0.4639656 0.5199377 0.4029442 0.4226647 0.4113580 0.4477196 0.4652971 0.4730882 0.3208360 0.3078882 0.3078882 0.3604350 0.3642652 0.3651314 0.3750603 0.3086286 0.3658947 0.3742445 0.2857281 0.3572694 0.3363024 0.3289577 0.5241324 0.6130322 0.5133646 0.5106816 0.5515779 0.5557770 0.5040041 0.6974534 0.6212388 0.6498652 0.4324909 0.5315270 0.5881102 0.5881102 0.7815323 0.6012166 0.5966799 0.5966799 0.6101513 0.5999849 0.6196622 0.5604910 0.5610044 0.5319050 0.7814699 0.6668357 0.6275130 0.6195894 0.5795443 0.7227589 1.0358828 0.0000000 0.3443478 
Chem_TCONS_00002816                                    0.4903155 0.5744297 0.5716388 0.4831912 0.4904487 0.4760642 0.5240785 0.5061797 0.4818886 0.3968135 0.4640487 0.4417747 0.4417747 0.4705778 0.4592477 0.4617122 0.4814582 0.2897349 0.4386762 0.4425945 0.2760993 0.4082294 0.4187010 0.2841455 0.5843847 0.7028291 0.6430004 0.6430004 0.6695248 0.6333127 0.6150036 0.9821326 0.7253099 0.7314207 0.4773583 0.6624845 0.6788076 0.6788076 0.4662632 0.6784990 0.6713810 0.6713810 0.6726342 0.6518678 0.4488994 0.6532848 0.3495516 0.5719385 0.5369009 0.4658227 0.6367469 0.5679949 0.6446803 0.5905101 6.1020643 0.3443478 0.0000000 
