52
Hsap_ENST00000297591                                 0.0000000 1.4121096 1.7483030 1.8646444 1.9236498 1.8414344 1.8126152 1.7777094 1.8354306 1.7844044 1.7569222 1.9025441 1.8940899 1.8471065 2.0307461 2.0547330 2.0527766 2.0549741 1.6414961 1.8472304 1.8580911 2.2790367 2.6977101 2.5826876 2.5549113 2.5690249 3.5460405 3.1789222 2.5525497 3.0618241 3.1235528 3.6638014 3.4030346 3.2158388 1.9903194 1.8830276 1.7393692 2.2452565 2.7293813 2.5718219 2.4494690 2.8395636 2.7572068 2.6729496 2.3126401 2.1968614 2.3853618 2.1734284 2.2281982 2.1343420 2.3986091 4.0801319 
Bralan_BLAG07000596_1                                1.4121096 0.0000000 1.4108780 1.4674777 1.4880139 1.3555964 1.3548228 1.3432407 1.3794579 1.3709240 1.3405108 1.4801560 1.5781138 1.5423622 1.8751687 1.8818066 1.8657472 1.8432865 1.3593621 1.5459531 1.6678311 2.1381083 2.4130821 2.0932012 2.3150227 2.4022123 3.4435412 3.1207407 2.6516967 2.8649318 2.8447584 3.4552099 2.9396740 3.3443171 1.8740672 1.6018680 1.4564601 2.1235948 2.3207937 2.3549091 2.2832860 2.5038909 2.2909298 2.1860697 2.0499652 1.9881184 2.0883208 2.0178343 1.9428215 1.7640203 2.1667359 3.3051014 
Exapal_XM_028657349.1                                1.7483030 1.4108780 0.0000000 0.7071537 0.7021770 0.6323736 0.6141581 0.6373735 0.6271439 0.6648170 0.4556951 1.0148493 1.1211389 1.2133771 1.6066454 1.5562283 1.5216424 1.6047432 1.5990914 2.0365803 1.9478539 2.1411756 2.2760434 1.8715810 2.1541720 2.2677782 3.1082321 2.9095737 2.5223406 2.7995436 2.9366483 4.1296390 3.1314856 3.2728891 2.1590416 2.0124607 1.8258165 2.0390601 2.0239495 2.1958236 2.0621609 2.2826136 2.2917228 2.1472131 2.0002996 1.7992163 2.0771629 1.8499372 1.8486469 1.6275054 2.5799239 3.5504794 
Adig_XM_015907755.1                                  1.8646444 1.4674777 0.7071537 0.0000000 0.0167057 0.2360428 0.2500835 0.3043956 0.2943052 0.3811509 0.7067815 1.0932077 1.2505860 1.2478176 1.4412240 1.4238024 1.3856488 1.5232553 1.5838024 2.8251752 2.1611742 0.0000010 2.1949566 1.6998905 1.9311615 2.1713667 3.1379209 3.0015045 2.6882560 2.8379198 3.1091167 1.8830983 0.0000010 1.8830983 2.2974954 1.9579564 1.9114396 1.9751715 2.2112653 2.2355431 1.8706470 2.1318608 1.9067676 1.8460982 1.8135777 1.2623835 1.9115286 1.8615670 1.6706181 1.6549183 2.9997966 3.7723325 
Amil_Amillepora03608-RA                              1.9236498 1.4880139 0.7021770 0.0167057 0.0000000 0.2207539 0.2248778 0.2929768 0.2666503 0.3021376 0.6942416 1.1179878 1.2978920 1.2283941 1.7105721 1.6825173 1.6265373 1.7078738 1.6381485 2.2934718 2.0324793 2.5616038 2.3727986 2.0753313 2.1352976 2.3195238 3.3033986 3.1086387 2.6744484 3.0029901 3.1490160 3.9333603 3.3512151 3.3135414 2.1868095 2.1103740 1.8239466 2.1675332 2.2374264 2.3950187 2.1097017 2.4440856 2.3322181 2.1377518 2.0790970 1.3606888 2.1173104 1.7970735 1.9051591 1.6922888 2.7466941 3.7643262 
Gfas_gfas1.m1.6744.m1                                1.8414344 1.3555964 0.6323736 0.2360428 0.2207539 0.0000000 0.1511795 0.2379155 0.1994794 0.2115788 0.6119719 1.0476631 1.1669159 1.2528700 1.6183582 1.5910474 1.5879286 1.5742033 1.5403523 2.0635143 1.9586445 2.0123881 2.3939386 1.9225192 2.1785754 2.3007157 3.1628819 2.9780272 2.4954668 2.7638503 2.8854195 4.0111461 3.0517236 3.2249970 2.1026297 1.9424345 1.6797738 2.0766563 2.1903322 2.3077843 2.0835026 2.3517643 2.3052183 2.1273012 2.0327661 1.6426421 2.1021343 1.8770894 1.8756182 1.7366552 2.5721574 3.6557991 
Fspp_ffun1.m4.6624.m1                                1.8126152 1.3548228 0.6141581 0.2500835 0.2248778 0.1511795 0.0000000 0.1658425 0.1315468 0.1324374 0.6151940 1.0353918 1.1915639 1.2712865 1.5660088 1.5657313 1.5657550 1.5315730 1.5474316 2.1599865 1.9327657 2.0276291 2.4134527 1.9493508 2.1767939 2.3315847 3.0990995 2.9146190 2.6804589 2.7818644 2.8141777 3.9555508 2.9589439 3.1134361 2.0678346 2.0207993 1.7076656 2.0683373 2.1283026 2.2635884 2.0343069 2.2501142 2.2633774 2.1199955 2.0330081 1.7216007 2.0064150 1.8140513 1.8391869 1.6731857 2.5283709 3.4895789 
Spis_XP_022793718_1                                  1.7777094 1.3432407 0.6373735 0.3043956 0.2929768 0.2379155 0.1658425 0.0000000 0.0535539 0.2686918 0.6508223 1.0143172 1.1547266 1.2876565 1.4009081 1.3882126 1.3831027 1.4974468 1.5400387 2.1841656 2.0074689 1.6844513 2.2375653 1.6700164 1.9466735 2.1656951 2.8463179 2.7373625 2.4318390 2.4242579 2.7292675 0.0000010 0.0000010 1.6495916 2.1605470 1.4580112 1.4899280 1.9220654 2.2194039 2.1434234 1.8414070 2.0412388 1.9390133 1.9063395 1.8019645 1.7622159 1.8862911 1.8356918 1.7234556 1.7847401 2.7054608 3.5951084 
Pocdam_XM_027194690.1                                1.8354306 1.3794579 0.6271439 0.2943052 0.2666503 0.1994794 0.1315468 0.0535539 0.0000000 0.1878455 0.6091684 1.0044282 1.1840963 1.2911377 1.6143394 1.6112985 1.5728621 1.5940702 1.5499341 2.0539323 1.9293469 2.0209870 2.3996007 1.9260360 2.1458822 2.2975162 3.0810795 2.8993983 2.4525058 2.7152260 2.7924702 3.9907171 2.9285511 3.1740031 2.0991491 1.9319665 1.6413018 2.0849530 2.2418191 2.2973793 2.0634216 2.3364146 2.2737070 2.1114517 2.0520726 1.7758119 2.0609421 1.8671100 1.8794620 1.7732317 2.5886023 3.5225979 
Gasp_gasp1.m3.20128.m1                               1.7844044 1.3709240 0.6648170 0.3811509 0.3021376 0.2115788 0.1324374 0.2686918 0.1878455 0.0000000 0.6407245 1.0982835 1.2333366 1.4841304 1.7618182 1.7416566 1.6886086 1.6193996 1.5417570 2.1729132 1.9350560 2.0137967 2.3841937 2.1303735 2.3107510 2.3677043 3.3248505 3.0632962 2.7950919 2.9529641 2.9686555 4.0349500 3.0160068 3.1904343 2.1339991 1.9725907 1.6735038 2.1194052 2.2517896 2.3680766 2.2602510 2.4001266 2.5388123 2.3825843 2.2185539 1.7107260 2.1781344 1.9654797 2.0191593 1.8776172 2.5505745 3.8348252 
Nvec_v1g205936                                       1.7569222 1.3405108 0.4556951 0.7067815 0.6942416 0.6119719 0.6151940 0.6508223 0.6091684 0.6407245 0.0000000 0.9986982 1.1063148 1.2789095 1.6223312 1.5826376 1.5678191 1.5294516 1.5842594 1.9846762 1.9160646 1.8419005 2.2171872 1.8129731 2.0747099 2.2151043 3.0608637 2.9208116 2.6618934 2.8060184 2.9957876 4.7791484 2.1886074 3.0969073 2.0722351 1.7048269 1.5266543 2.0835105 2.1967825 2.1216400 1.9562138 2.1974465 2.0445729 1.9720651 1.8880995 1.6571048 2.0128935 1.8493442 1.7845163 1.6841606 2.4432745 3.8923481 
Dgig_XM_028536492.1                                  1.9025441 1.4801560 1.0148493 1.0932077 1.1179878 1.0476631 1.0353918 1.0143172 1.0044282 1.0982835 0.9986982 0.0000000 0.4094853 1.4293140 1.7110273 1.6896589 1.5312535 1.5952009 1.6513110 2.0443249 2.0328847 2.1231504 2.1839041 1.8549604 2.1958064 2.1544287 3.1598308 2.9880640 2.6161210 2.7831449 2.9428572 3.8329334 2.6111738 3.0786094 2.1322313 1.8135572 1.7440534 2.0451204 2.1046101 2.2177636 2.2021270 2.4738020 2.1190146 2.1658454 1.9219280 1.9562882 2.0113820 1.9485012 1.8465094 1.7698740 2.4403234 3.6772427 
Xesp_007109-T1                                       1.8940899 1.5781138 1.1211389 1.2505860 1.2978920 1.1669159 1.1915639 1.1547266 1.1840963 1.2333366 1.1063148 0.4094853 0.0000000 1.4943368 1.7620860 1.7652074 1.6695288 1.5992007 1.7398792 2.1198086 2.1490235 2.0939187 2.2284244 1.8965600 2.3265854 2.2989929 3.3377661 3.1645017 2.7626319 2.9162494 3.0634486 4.5099471 3.1469299 3.4401906 2.2423685 1.9616148 1.9246228 2.2800553 2.0459726 2.4378693 2.3233682 2.6085559 2.4746746 2.4378872 2.2173778 1.9246004 2.2465399 2.0680956 1.9635987 1.8863376 2.4629992 3.2996721 
Aaur_scaffold11.g46.t1                               1.8471065 1.5423622 1.2133771 1.2478176 1.2283941 1.2528700 1.2712865 1.2876565 1.2911377 1.4841304 1.2789095 1.4293140 1.4943368 0.0000000 0.3885936 0.3673613 0.5241864 0.9982094 1.8155413 2.2065751 2.1248474 2.6044284 2.3174419 2.1718335 2.2290336 2.4316448 2.9814691 2.8996042 2.6031299 2.6912352 3.0891074 0.0000010 0.0000010 2.0737772 2.1619593 2.0552090 2.1338659 1.4580207 1.5318805 2.3480144 2.0498557 2.2959218 2.2994501 2.3353203 2.0807980 2.7251860 1.9502330 1.8295363 1.7079354 1.7688499 2.7892821 3.9056032 
Nemnom_g13738.t1                                     2.0307461 1.8751687 1.6066454 1.4412240 1.7105721 1.6183582 1.5660088 1.4009081 1.6143394 1.7618182 1.6223312 1.7110273 1.7620860 0.3885936 0.0000000 0.1737255 0.7353143 1.3221601 2.1188036 2.5881050 2.3092700 2.4846715 2.7676375 2.2807379 2.5434546 2.6947793 3.3706100 3.1468092 2.6760555 3.0760274 3.1912104 4.1749543 3.3811319 3.4441355 2.3430187 2.5162157 2.3213387 1.8302940 1.8785477 2.5171303 2.3471630 2.6888386 2.6302991 2.4867047 2.3672641 2.4128866 2.2920336 1.8887001 1.9952402 1.7803577 2.8100740 3.6487706 
Rhoesc_Res_011268-T1                                 2.0547330 1.8818066 1.5562283 1.4238024 1.6825173 1.5910474 1.5657313 1.3882126 1.6112985 1.7416566 1.5826376 1.6896589 1.7652074 0.3673613 0.1737255 0.0000000 0.7070945 1.2857740 2.1075288 2.6006106 2.3020459 2.7009315 2.7968621 2.3274797 2.6324490 2.7243484 3.2589337 3.0675031 2.6430567 3.0054842 3.1927106 4.1226093 3.3260414 3.4549383 2.2986090 2.4832520 2.2812935 1.8037019 1.8204918 2.5489427 2.4029266 2.6556131 2.6846725 2.5383805 2.3646064 2.3995098 2.3022283 1.8589476 1.9663606 1.7025242 2.8648507 3.5548787 
Sanmal_Sma_025116-T1                                 2.0527766 1.8657472 1.5216424 1.3856488 1.6265373 1.5879286 1.5657550 1.3831027 1.5728621 1.6886086 1.5678191 1.5312535 1.6695288 0.5241864 0.7353143 0.7070945 0.0000000 1.1667197 2.1068317 2.7946538 2.2698158 3.0948654 2.6003591 2.2693199 2.4444720 2.6368296 3.4036149 3.0823418 2.7749622 3.0326526 3.0575397 4.1727696 3.3645983 3.3579674 2.4064766 2.3270260 2.1796330 1.7088613 1.7550472 2.4811359 2.2636549 2.6828851 2.7170957 2.5313529 2.3914289 2.4694473 2.2994892 2.0491340 2.1399279 1.8349703 2.8181657 3.5006446 
Morvir_scaffold10.g63.t1                             2.0549741 1.8432865 1.6047432 1.5232553 1.7078738 1.5742033 1.5315730 1.4974468 1.5940702 1.6193996 1.5294516 1.5952009 1.5992007 0.9982094 1.3221601 1.2857740 1.1667197 0.0000000 1.9773295 2.5557245 2.2235733 2.2220915 2.7196177 2.3073764 2.6207406 2.6866874 3.3987036 3.1156374 2.9441672 3.1548378 3.2196229 4.0589257 3.2336967 3.2308036 2.3073960 2.2235331 2.0917153 1.9039473 2.0899903 2.4789736 2.4001503 2.6992273 2.6045242 2.5307036 2.2771868 2.3308833 2.3360699 2.1212767 2.1370379 1.8694733 2.7579911 3.6627014 
Skow_XM_006818205.1                                  1.6414961 1.3593621 1.5990914 1.5838024 1.6381485 1.5403523 1.5474316 1.5400387 1.5499341 1.5417570 1.5842594 1.6513110 1.7398792 1.8155413 2.1188036 2.1075288 2.1068317 1.9773295 0.0000000 1.8421505 1.7227864 2.2492492 2.8081341 2.2969652 2.4749911 2.5933236 3.2484769 3.0583684 2.5985867 3.1824571 2.9868720 3.4865901 2.9063361 3.1524177 1.8600848 1.8364550 1.6067627 2.2712332 2.5423052 2.6261613 2.6610015 2.8604773 2.5340218 2.4783833 2.1936659 1.7338676 2.3012746 2.2928208 2.2492689 1.8574577 2.3742576 4.1037702 
Dpul_mRNA16502                                       1.8472304 1.5459531 2.0365803 2.8251752 2.2934718 2.0635143 2.1599865 2.1841656 2.0539323 2.1729132 1.9846762 2.0443249 2.1198086 2.2065751 2.5881050 2.6006106 2.7946538 2.5557245 1.8421505 0.0000000 1.2211394 1.9510580 2.2171277 2.6401042 2.5515173 2.4610925 4.1418231 4.0419010 2.8451306 3.2561959 3.7280060 0.0000010 0.0000010 3.8784503 1.4199645 1.7323031 1.4625596 3.3216571 2.7580630 3.0165791 2.9532989 2.9723389 3.1696881 3.2408628 2.4810080 2.5207721 2.5157037 2.0749471 2.5703750 2.8998993 1.2775420 3.4367293 
Cscu_XM_023386325.1                                  1.8580911 1.6678311 1.9478539 2.1611742 2.0324793 1.9586445 1.9327657 2.0074689 1.9293469 1.9350560 1.9160646 2.0328847 2.1490235 2.1248474 2.3092700 2.3020459 2.2698158 2.2235733 1.7227864 1.2211394 0.0000000 2.2859403 2.7604929 2.4355891 2.6849798 2.6713740 3.2692752 2.9691048 2.9217070 2.9215950 2.9707434 3.3717400 2.9017562 3.1497170 1.5671216 1.3737684 1.3371291 2.5662489 2.7771509 2.7720105 2.7260860 2.8506890 2.7580652 2.7734663 2.5040002 2.4511619 2.6217631 2.4597203 2.4354245 2.2073414 1.7902857 4.0602103 
Clacor_Ccor_C503949_01                               2.2790367 2.1381083 2.1411756 0.0000010 2.5616038 2.0123881 2.0276291 1.6844513 2.0209870 2.0137967 1.8419005 2.1231504 2.0939187 2.6044284 2.4846715 2.7009315 3.0948654 2.2220915 2.2492492 1.9510580 2.2859403 0.0000000 1.3306479 1.3431351 1.3619077 1.3928952 4.0362376 4.1364454 3.1245878 2.9804350 2.8444217 0.0000010 0.0000010 3.3857499 2.1552889 2.0635554 2.2193443 2.8923026 2.6688549 2.5497480 2.6189501 2.4361468 2.6881794 2.7922679 2.2835620 1.6579956 2.7832962 2.3172322 2.4530275 0.0000010 2.1757016 4.8243131 
Scil_scict005657.1                                   2.6977101 2.4130821 2.2760434 2.1949566 2.3727986 2.3939386 2.4134527 2.2375653 2.3996007 2.3841937 2.2171872 2.1839041 2.2284244 2.3174419 2.7676375 2.7968621 2.6003591 2.7196177 2.8081341 2.2171277 2.7604929 1.3306479 0.0000000 0.4892371 0.6864543 0.7547640 3.8185268 3.6554948 3.0558028 3.3893875 3.6447833 3.7243192 3.4917088 3.5668333 2.8849985 2.6755734 2.5653015 3.2062432 3.1078945 2.8599883 2.4804711 2.8323822 2.7901272 2.6433619 2.6378996 2.4913934 2.5709043 2.6185170 2.4860716 2.0843401 3.4736932 4.3593657 
Leuniv_Lniv_scaffold15038_01                         2.5826876 2.0932012 1.8715810 1.6998905 2.0753313 1.9225192 1.9493508 1.6700164 1.9260360 2.1303735 1.8129731 1.8549604 1.8965600 2.1718335 2.2807379 2.3274797 2.2693199 2.3073764 2.2969652 2.6401042 2.4355891 1.3431351 0.4892371 0.0000000 0.5189183 0.5672202 3.6147541 3.4307509 3.1753141 3.3193167 3.3597019 4.4340547 4.4340547 3.5880565 2.5858397 2.5083954 2.8499923 2.7639205 2.2419323 2.4933338 2.3620098 2.6712320 2.4808011 2.5129858 2.3480947 2.4328326 2.2061093 2.0642346 2.0940520 1.1781271 2.9643168 3.5213555 
Lcom_lcpid8951                                       2.5549113 2.3150227 2.1541720 1.9311615 2.1352976 2.1785754 2.1767939 1.9466735 2.1458822 2.3107510 2.0747099 2.1958064 2.3265854 2.2290336 2.5434546 2.6324490 2.4444720 2.6207406 2.4749911 2.5515173 2.6849798 1.3619077 0.6864543 0.5189183 0.0000000 0.7741846 3.9257608 3.6044995 2.9245674 3.3971733 3.4732229 4.0135138 3.4202303 3.9969766 2.7510433 2.7432481 2.7142190 2.8867293 2.7234940 2.5831509 2.4581327 2.7815956 2.7448906 2.6030602 2.4760037 2.2099275 2.4529136 2.3825327 2.3871400 1.8992529 3.2246530 4.2635212 
Gracom_Gcom_scaffold9245_01                          2.5690249 2.4022123 2.2677782 2.1713667 2.3195238 2.3007157 2.3315847 2.1656951 2.2975162 2.3677043 2.2151043 2.1544287 2.2989929 2.4316448 2.6947793 2.7243484 2.6368296 2.6866874 2.5933236 2.4610925 2.6713740 1.3928952 0.7547640 0.5672202 0.7741846 0.0000000 3.8679922 3.6555604 3.1162233 3.2944483 3.6435854 4.1583721 1.9738589 4.0287756 2.8152476 2.6596054 2.7343867 2.9311908 2.7946404 2.6874870 2.5514158 2.7886406 2.6761381 2.6517728 2.5258415 2.3342466 2.4924857 2.5825650 2.4962736 2.0875741 3.1390902 4.2897343 
Pbac_sb2667244                                       3.5460405 3.4435412 3.1082321 3.1379209 3.3033986 3.1628819 3.0990995 2.8463179 3.0810795 3.3248505 3.0608637 3.1598308 3.3377661 2.9814691 3.3706100 3.2589337 3.4036149 3.3987036 3.2484769 4.1418231 3.2692752 4.0362376 3.8185268 3.6147541 3.9257608 3.8679922 0.0000000 0.0981465 1.1107792 0.8346294 1.0130128 1.3908860 1.2074137 0.9466544 3.6417645 3.6904282 3.6283225 3.7808497 3.3883946 3.6276486 3.7359418 3.9616594 3.9657240 3.8055674 3.6753603 4.0215563 3.3380805 3.0708780 3.1778458 2.7805666 4.2179740 3.0433833 
Horcal_Hcv1.av93.c3.g342.i1                          3.1789222 3.1207407 2.9095737 3.0015045 3.1086387 2.9780272 2.9146190 2.7373625 2.8993983 3.0632962 2.9208116 2.9880640 3.1645017 2.8996042 3.1468092 3.0675031 3.0823418 3.1156374 3.0583684 4.0419010 2.9691048 4.1364454 3.6554948 3.4307509 3.6044995 3.6555604 0.0981465 0.0000000 0.9247892 0.6980035 0.8304327 1.0699408 1.0777214 0.8268359 3.3930309 3.2919296 3.3461166 3.2553870 3.3472075 3.3523325 3.4710297 3.7627595 3.5791685 3.5426792 3.3383977 3.3874804 3.0159105 3.0059599 3.0224217 2.7520110 3.7854968 3.0474020 
Eupdun_Edun_sb10637327                               2.5525497 2.6516967 2.5223406 2.6882560 2.6744484 2.4954668 2.6804589 2.4318390 2.4525058 2.7950919 2.6618934 2.6161210 2.7626319 2.6031299 2.6760555 2.6430567 2.7749622 2.9441672 2.5985867 2.8451306 2.9217070 3.1245878 3.0558028 3.1753141 2.9245674 3.1162233 1.1107792 0.9247892 0.0000000 0.6960077 0.7997776 0.0000010 0.0000010 0.0000010 2.9477926 2.7016470 2.7010432 3.2563079 3.8561349 3.1261229 3.1803775 2.8043292 3.1791670 3.3573734 2.7674594 3.2183264 2.8755017 2.8893986 2.8059948 0.8682473 3.0970318 0.8780129 
Beraby_Baby_sb326296                                 3.0618241 2.8649318 2.7995436 2.8379198 3.0029901 2.7638503 2.7818644 2.4242579 2.7152260 2.9529641 2.8060184 2.7831449 2.9162494 2.6912352 3.0760274 3.0054842 3.0326526 3.1548378 3.1824571 3.2561959 2.9215950 2.9804350 3.3893875 3.3193167 3.3971733 3.2944483 0.8346294 0.6980035 0.6960077 0.0000000 0.6738659 0.4161440 0.0000010 0.5607377 3.3768004 3.1357928 3.0754850 3.1313344 3.2325915 3.0882832 3.2329407 3.1229564 3.3040397 3.3821046 3.0919678 2.6491170 3.1307961 3.2192095 2.9593830 2.5688251 3.7779125 0.8403840 
Coemet_Cmet_scaffold2269_01                          3.1235528 2.8447584 2.9366483 3.1091167 3.1490160 2.8854195 2.8141777 2.7292675 2.7924702 2.9686555 2.9957876 2.9428572 3.0634486 3.0891074 3.1912104 3.1927106 3.0575397 3.2196229 2.9868720 3.7280060 2.9707434 2.8444217 3.6447833 3.3597019 3.4732229 3.6435854 1.0130128 0.8304327 0.7997776 0.6738659 0.0000000 0.7445707 0.4168271 0.6039768 3.3102127 3.2785771 3.1917723 3.2580976 3.5229186 3.2525184 3.2580374 3.4854936 3.5438000 3.4967525 3.3681543 3.1621664 3.1449368 3.4468586 3.2729225 3.2236324 3.6883528 2.8715820 
Bolinf_Binf_sb1252533                                3.6638014 3.4552099 4.1296390 1.8830983 3.9333603 4.0111461 3.9555508 0.0000010 3.9907171 4.0349500 4.7791484 3.8329334 4.5099471 0.0000010 4.1749543 4.1226093 4.1727696 4.0589257 3.4865901 0.0000010 3.3717400 0.0000010 3.7243192 4.4340547 4.0135138 4.1583721 1.3908860 1.0699408 0.0000010 0.4161440 0.7445707 0.0000000 0.1168586 0.6393297 3.2892781 3.1221227 3.9101352 3.5921968 2.4923857 4.1401156 3.1044596 3.6865386 3.2533283 3.3628753 3.2106990 0.0000010 3.3519952 9.0000000 2.9025647 0.0000010 4.1501024 2.7034692 
Vmul_sbMO394786                                      3.4030346 2.9396740 3.1314856 0.0000010 3.3512151 3.0517236 2.9589439 0.0000010 2.9285511 3.0160068 2.1886074 2.6111738 3.1469299 0.0000010 3.3811319 3.3260414 3.3645983 3.2336967 2.9063361 0.0000010 2.9017562 0.0000010 3.4917088 4.4340547 3.4202303 1.9738589 1.2074137 1.0777214 0.0000010 0.0000010 0.4168271 0.1168586 0.0000000 0.5526388 2.5024545 2.5776522 3.4659319 3.0497105 2.4923857 3.4066828 2.2626428 3.2665934 2.9296978 2.4425522 2.9948134 0.0000010 2.4908337 0.0000010 2.3328775 0.0000010 3.7729715 1.6746780 
Lampan_Lpan_14136_01                                 3.2158388 3.3443171 3.2728891 1.8830983 3.3135414 3.2249970 3.1134361 1.6495916 3.1740031 3.1904343 3.0969073 3.0786094 3.4401906 2.0737772 3.4441355 3.4549383 3.3579674 3.2308036 3.1524177 3.8784503 3.1497170 3.3857499 3.5668333 3.5880565 3.9969766 4.0287756 0.9466544 0.8268359 0.0000010 0.5607377 0.6039768 0.6393297 0.5526388 0.0000000 3.0872258 3.3945985 3.3886850 3.8148783 2.6166623 3.3597284 3.0126316 3.5815497 3.3518212 3.3421150 3.2430628 2.1882694 3.3053270 7.0315240 3.0564525 0.0000010 3.7526567 1.2436062 
Cgig_XM_034483040.1                                  1.9903194 1.8740672 2.1590416 2.2974954 2.1868095 2.1026297 2.0678346 2.1605470 2.0991491 2.1339991 2.0722351 2.1322313 2.2423685 2.1619593 2.3430187 2.2986090 2.4064766 2.3073960 1.8600848 1.4199645 1.5671216 2.1552889 2.8849985 2.5858397 2.7510433 2.8152476 3.6417645 3.3930309 2.9477926 3.3768004 3.3102127 3.2892781 2.5024545 3.0872258 0.0000000 1.3285501 1.0657348 2.5508574 2.7026027 2.8678271 2.6873483 3.1042027 2.8253947 2.7185223 2.5885969 2.2072439 2.6320909 2.5176047 2.5168196 2.3660414 2.0318529 4.6174398 
Ctel_gnl_WGS_AMQN_CAPTEDRAFT_mRNA223433              1.8830276 1.6018680 2.0124607 1.9579564 2.1103740 1.9424345 2.0207993 1.4580112 1.9319665 1.9725907 1.7048269 1.8135572 1.9616148 2.0552090 2.5162157 2.4832520 2.3270260 2.2235331 1.8364550 1.7323031 1.3737684 2.0635554 2.6755734 2.5083954 2.7432481 2.6596054 3.6904282 3.2919296 2.7016470 3.1357928 3.2785771 3.1221227 2.5776522 3.3945985 1.3285501 0.0000000 1.2810181 2.7906431 2.4862357 2.6475926 2.6096802 2.9586663 2.8227726 2.8177084 2.8117469 1.8065838 2.5581671 2.3004547 2.3810746 0.3442115 1.7655053 2.4294307 
Acagra_model.g31243.t1                               1.7393692 1.4564601 1.8258165 1.9114396 1.8239466 1.6797738 1.7076656 1.4899280 1.6413018 1.6735038 1.5266543 1.7440534 1.9246228 2.1338659 2.3213387 2.2812935 2.1796330 2.0917153 1.6067627 1.4625596 1.3371291 2.2193443 2.5653015 2.8499923 2.7142190 2.7343867 3.6283225 3.3461166 2.7010432 3.0754850 3.1917723 3.9101352 3.4659319 3.3886850 1.0657348 1.2810181 0.0000000 2.4566314 2.3866861 2.7681213 2.6564028 2.9062812 2.9342385 2.8323701 2.5543074 2.1655925 2.4957126 2.1920623 2.4428164 0.7902714 1.9359592 1.8973484 
Hvul_g25055_1                                        2.2452565 2.1235948 2.0390601 1.9751715 2.1675332 2.0766563 2.0683373 1.9220654 2.0849530 2.1194052 2.0835105 2.0451204 2.2800553 1.4580207 1.8302940 1.8037019 1.7088613 1.9039473 2.2712332 3.3216571 2.5662489 2.8923026 3.2062432 2.7639205 2.8867293 2.9311908 3.7808497 3.2553870 3.2563079 3.1313344 3.2580976 3.5921968 3.0497105 3.8148783 2.5508574 2.7906431 2.4566314 0.0000000 1.2678216 2.6382819 2.5803917 2.9083979 2.7332586 2.6887119 2.5246935 3.0572671 2.4165621 2.1898302 2.3278115 2.0659750 3.0084147 3.8354274 
Chem_TCONS_00070033                                  2.7293813 2.3207937 2.0239495 2.2112653 2.2374264 2.1903322 2.1283026 2.2194039 2.2418191 2.2517896 2.1967825 2.1046101 2.0459726 1.5318805 1.8785477 1.8204918 1.7550472 2.0899903 2.5423052 2.7580630 2.7771509 2.6688549 3.1078945 2.2419323 2.7234940 2.7946404 3.3883946 3.3472075 3.8561349 3.2325915 3.5229186 2.4923857 2.4923857 2.6166623 2.7026027 2.4862357 2.3866861 1.2678216 0.0000000 2.6070004 2.2421862 2.8067358 2.2896694 2.0908531 2.4531279 2.8922648 2.5011688 2.7888795 2.5170593 2.4518664 2.9565228 4.1970419 
Aque_Aqu2.1.40894_001                                2.5718219 2.3549091 2.1958236 2.2355431 2.3950187 2.3077843 2.2635884 2.1434234 2.2973793 2.3680766 2.1216400 2.2177636 2.4378693 2.3480144 2.5171303 2.5489427 2.4811359 2.4789736 2.6261613 3.0165791 2.7720105 2.5497480 2.8599883 2.4933338 2.5831509 2.6874870 3.6276486 3.3523325 3.1261229 3.0882832 3.2525184 4.1401156 3.4066828 3.3597284 2.8678271 2.6475926 2.7681213 2.6382819 2.6070004 0.0000000 0.3307978 0.7455566 1.5153630 1.4150790 1.2971474 1.4035203 1.6766000 2.3553379 2.3849341 2.2956229 2.9642666 4.1452459 
Halamb_c56199_g1_i1m.42737                           2.4494690 2.2832860 2.0621609 1.8706470 2.1097017 2.0835026 2.0343069 1.8414070 2.0634216 2.2602510 1.9562138 2.2021270 2.3233682 2.0498557 2.3471630 2.4029266 2.2636549 2.4001503 2.6610015 2.9532989 2.7260860 2.6189501 2.4804711 2.3620098 2.4581327 2.5514158 3.7359418 3.4710297 3.1803775 3.2329407 3.2580374 3.1044596 2.2626428 3.0126316 2.6873483 2.6096802 2.6564028 2.5803917 2.2421862 0.3307978 0.0000000 0.6161607 1.4400851 1.4157604 1.2388364 1.5382047 1.6171068 2.1441988 2.2127816 1.8074716 2.9689634 4.1763789 
Xestes_maker-XT_scaffold1462-snap-gene-0.22-mRNA-1   2.8395636 2.5038909 2.2826136 2.1318608 2.4440856 2.3517643 2.2501142 2.0412388 2.3364146 2.4001266 2.1974465 2.4738020 2.6085559 2.2959218 2.6888386 2.6556131 2.6828851 2.6992273 2.8604773 2.9723389 2.8506890 2.4361468 2.8323822 2.6712320 2.7815956 2.7886406 3.9616594 3.7627595 2.8043292 3.1229564 3.4854936 3.6865386 3.2665934 3.5815497 3.1042027 2.9586663 2.9062812 2.9083979 2.8067358 0.7455566 0.6161607 0.0000000 1.6238144 1.5787810 1.4641480 1.4914555 1.6944288 2.4604116 2.5396711 2.1859517 3.2526104 5.5453920 
Emue_Em0018g1055a.t1                                 2.7572068 2.2909298 2.2917228 1.9067676 2.3322181 2.3052183 2.2633774 1.9390133 2.2737070 2.5388123 2.0445729 2.1190146 2.4746746 2.2994501 2.6302991 2.6846725 2.7170957 2.6045242 2.5340218 3.1696881 2.7580652 2.6881794 2.7901272 2.4808011 2.7448906 2.6761381 3.9657240 3.5791685 3.1791670 3.3040397 3.5438000 3.2533283 2.9296978 3.3518212 2.8253947 2.8227726 2.9342385 2.7332586 2.2896694 1.5153630 1.4400851 1.6238144 0.0000000 0.1835101 1.1549017 1.5126472 1.6251116 2.2342518 2.2689218 1.6475742 3.1108497 4.0387074 
Spolac_c104717_g2_i1_m.42709c104717-g2               2.6729496 2.1860697 2.1472131 1.8460982 2.1377518 2.1273012 2.1199955 1.9063395 2.1114517 2.3825843 1.9720651 2.1658454 2.4378872 2.3353203 2.4867047 2.5383805 2.5313529 2.5307036 2.4783833 3.2408628 2.7734663 2.7922679 2.6433619 2.5129858 2.6030602 2.6517728 3.8055674 3.5426792 3.3573734 3.3821046 3.4967525 3.3628753 2.4425522 3.3421150 2.7185223 2.8177084 2.8323701 2.6887119 2.0908531 1.4150790 1.4157604 1.5787810 0.1835101 0.0000000 1.0762506 1.5922616 1.5082034 2.3222256 2.2235113 1.5064971 3.1140800 4.3086191 
Tetwil_g25948.t1                                     2.3126401 2.0499652 2.0002996 1.8135777 2.0790970 2.0327661 2.0330081 1.8019645 2.0520726 2.2185539 1.8880995 1.9219280 2.2173778 2.0807980 2.3672641 2.3646064 2.3914289 2.2771868 2.1936659 2.4810080 2.5040002 2.2835620 2.6378996 2.3480947 2.4760037 2.5258415 3.6753603 3.3383977 2.7674594 3.0919678 3.3681543 3.2106990 2.9948134 3.2430628 2.5885969 2.8117469 2.5543074 2.5246935 2.4531279 1.2971474 1.2388364 1.4641480 1.1549017 1.0762506 0.0000000 0.9885466 1.4853929 2.0687991 2.1471052 1.8045188 2.8972481 4.0514443 
Stycar_maker-SC_scaffold817-augustus-gene-0.3-mRNA-1 2.1968614 1.9881184 1.7992163 1.2623835 1.3606888 1.6426421 1.7216007 1.7622159 1.7758119 1.7107260 1.6571048 1.9562882 1.9246004 2.7251860 2.4128866 2.3995098 2.4694473 2.3308833 1.7338676 2.5207721 2.4511619 1.6579956 2.4913934 2.4328326 2.2099275 2.3342466 4.0215563 3.3874804 3.2183264 2.6491170 3.1621664 0.0000010 0.0000010 2.1882694 2.2072439 1.8065838 2.1655925 3.0572671 2.8922648 1.4035203 1.5382047 1.4914555 1.5126472 1.5922616 0.9885466 0.0000000 1.6473485 3.4710359 2.1342428 0.7185630 2.5781448 3.6174460 
Plespi_Pspi_C615640_01                               2.3853618 2.0883208 2.0771629 1.9115286 2.1173104 2.1021343 2.0064150 1.8862911 2.0609421 2.1781344 2.0128935 2.0113820 2.2465399 1.9502330 2.2920336 2.3022283 2.2994892 2.3360699 2.3012746 2.5157037 2.6217631 2.7832962 2.5709043 2.2061093 2.4529136 2.4924857 3.3380805 3.0159105 2.8755017 3.1307961 3.1449368 3.3519952 2.4908337 3.3053270 2.6320909 2.5581671 2.4957126 2.4165621 2.5011688 1.6766000 1.6171068 1.6944288 1.6251116 1.5082034 1.4853929 1.6473485 0.0000000 2.1800375 2.2294537 1.7630442 2.9684444 4.0609294 
Ocar_g2757                                           2.1734284 2.0178343 1.8499372 1.8615670 1.7970735 1.8770894 1.8140513 1.8356918 1.8671100 1.9654797 1.8493442 1.9485012 2.0680956 1.8295363 1.8887001 1.8589476 2.0491340 2.1212767 2.2928208 2.0749471 2.4597203 2.3172322 2.6185170 2.0642346 2.3825327 2.5825650 3.0708780 3.0059599 2.8893986 3.2192095 3.4468586 9.0000000 0.0000010 7.0315240 2.5176047 2.3004547 2.1920623 2.1898302 2.7888795 2.3553379 2.1441988 2.4604116 2.2342518 2.3222256 2.0687991 3.4710359 2.1800375 0.0000000 0.0093970 1.3228312 3.0072593 4.5532900 
Opea_EP00118_Oscarella_pearsei_P004539               2.2281982 1.9428215 1.8486469 1.6706181 1.9051591 1.8756182 1.8391869 1.7234556 1.8794620 2.0191593 1.7845163 1.8465094 1.9635987 1.7079354 1.9952402 1.9663606 2.1399279 2.1370379 2.2492689 2.5703750 2.4354245 2.4530275 2.4860716 2.0940520 2.3871400 2.4962736 3.1778458 3.0224217 2.8059948 2.9593830 3.2729225 2.9025647 2.3328775 3.0564525 2.5168196 2.3810746 2.4428164 2.3278115 2.5170593 2.3849341 2.2127816 2.5396711 2.2689218 2.2235113 2.1471052 2.1342428 2.2294537 0.0093970 0.0000000 1.2035015 3.0251537 4.2272399 
Plajan_Pjan_scaffold17975_01                         2.1343420 1.7640203 1.6275054 1.6549183 1.6922888 1.7366552 1.6731857 1.7847401 1.7732317 1.8776172 1.6841606 1.7698740 1.8863376 1.7688499 1.7803577 1.7025242 1.8349703 1.8694733 1.8574577 2.8998993 2.2073414 0.0000010 2.0843401 1.1781271 1.8992529 2.0875741 2.7805666 2.7520110 0.8682473 2.5688251 3.2236324 0.0000010 0.0000010 0.0000010 2.3660414 0.3442115 0.7902714 2.0659750 2.4518664 2.2956229 1.8074716 2.1859517 1.6475742 1.5064971 1.8045188 0.7185630 1.7630442 1.3228312 1.2035015 0.0000000 2.7749623 3.9989624 
Tcas_TC002713_001                                    2.3986091 2.1667359 2.5799239 2.9997966 2.7466941 2.5721574 2.5283709 2.7054608 2.5886023 2.5505745 2.4432745 2.4403234 2.4629992 2.7892821 2.8100740 2.8648507 2.8181657 2.7579911 2.3742576 1.2775420 1.7902857 2.1757016 3.4736932 2.9643168 3.2246530 3.1390902 4.2179740 3.7854968 3.0970318 3.7779125 3.6883528 4.1501024 3.7729715 3.7526567 2.0318529 1.7655053 1.9359592 3.0084147 2.9565228 2.9642666 2.9689634 3.2526104 3.1108497 3.1140800 2.8972481 2.5781448 2.9684444 3.0072593 3.0251537 2.7749623 0.0000000 5.0732261 
Mlei_ML1320.g8.i1                                    4.0801319 3.3051014 3.5504794 3.7723325 3.7643262 3.6557991 3.4895789 3.5951084 3.5225979 3.8348252 3.8923481 3.6772427 3.2996721 3.9056032 3.6487706 3.5548787 3.5006446 3.6627014 4.1037702 3.4367293 4.0602103 4.8243131 4.3593657 3.5213555 4.2635212 4.2897343 3.0433833 3.0474020 0.8780129 0.8403840 2.8715820 2.7034692 1.6746780 1.2436062 4.6174398 2.4294307 1.8973484 3.8354274 4.1970419 4.1452459 4.1763789 5.5453920 4.0387074 4.3086191 4.0514443 3.6174460 4.0609294 4.5532900 4.2272399 3.9989624 5.0732261 0.0000000 
