52
Hsap_ENST00000340116                                              0.0000000 0.7205579 0.7052956 0.7522988 1.1010999 0.9233474 1.0930005 1.0282977 1.0613215 1.1340072 1.0738633 1.0292955 0.9796075 1.1183137 1.3989351 1.1895845 1.0196355 1.0826426 1.0699381 1.0713316 1.2484459 1.0210534 0.9857272 0.9309090 1.1185945 1.0029343 1.4316747 0.9745150 0.8944459 1.0082474 1.0452001 1.1090062 1.2474564 1.1359562 1.1143379 1.0925578 1.1362398 1.0984802 1.2927790 1.3102284 1.3021626 1.4185222 1.3620712 1.3626505 1.4029438 1.4013313 1.4514899 1.5527830 1.4816500 1.1619892 1.2241065 1.2301309 
Bralan_BLAG09001085_1                                             0.7205579 0.0000000 0.6513804 0.6931211 0.8030498 0.9001788 0.8808474 0.8773300 0.9024933 0.9427672 0.8506071 0.8387984 0.8525518 0.9188228 1.2185026 1.0511342 0.9102009 0.8971442 0.8937630 0.9633629 0.9144326 1.0791905 0.8275773 0.8436536 0.9693320 0.9004738 1.3043480 0.9027949 0.9120172 0.8985693 0.8132427 1.0521205 1.1205966 1.0107415 0.9979281 1.0275326 1.0708477 0.9900804 1.2849160 1.2461243 1.2345061 1.3287788 1.2653225 1.3299750 1.3615893 1.3271388 1.4151835 1.3750588 1.3637054 0.9752909 1.3256546 1.0984520 
Skow_XM_002733516.2                                               0.7052956 0.6513804 0.0000000 0.6309173 0.9279068 0.9384099 0.9626894 0.8997002 0.8993412 0.9639464 0.9432990 0.9691277 0.9454313 1.0331877 1.3537228 1.0491359 0.9633789 0.9682603 1.1210848 0.9263379 1.0578981 0.9840759 0.7888690 0.9160920 1.0169908 0.9144030 1.3037938 0.8989024 0.8814387 0.9543913 0.8821827 1.0772475 1.1869395 1.0346539 1.0213639 0.9738573 0.9677472 1.0058155 1.3294095 1.3198941 1.3241312 1.4957826 1.3299418 1.4734724 1.2996176 1.3215491 1.4126371 1.6012129 1.5602305 1.0823223 1.4098784 1.1808587 
Spur_XM_030982899.1                                               0.7522988 0.6931211 0.6309173 0.0000000 0.8163557 0.9094589 0.9868881 0.8944266 0.9662402 0.9968266 0.9557061 0.9370196 0.9361347 1.0393684 1.2011628 1.0755455 0.8470576 0.9066258 1.0065043 0.9319060 0.9657347 0.9274368 0.8157903 0.8121288 1.0162279 1.0151470 1.4195296 1.0440638 1.0489031 1.0965332 0.8362191 1.1236940 1.1678466 0.9937163 0.9094166 0.9436758 0.9775525 0.9557226 1.2597750 1.4027995 1.3793387 1.4551194 1.3259395 1.4465988 1.3697396 1.3284232 1.4479605 1.4328806 1.4074157 1.0499133 1.2334001 1.2180233 
Cgig_XM_034458216.1                                               1.1010999 0.8030498 0.9279068 0.8163557 0.0000000 0.8107175 0.8717862 0.8698276 1.0062320 1.0273830 0.9742531 0.9600251 0.9749375 1.0207636 1.0695633 1.1644236 1.0536001 1.0476899 1.0336196 1.1013932 1.1694385 1.1514688 1.0115184 0.9723077 1.1932998 0.9368706 1.4169579 1.1016939 1.0874151 0.9371617 0.8953933 1.1920986 1.3178324 1.1276310 1.1473642 1.1322841 1.1131974 1.1860673 1.2648093 1.3892379 1.3640014 1.5568600 1.3298104 1.4695064 1.5402325 1.5045453 1.5752451 1.5285390 1.5083733 1.1039551 1.3771613 1.2847331 
Acagra_model.g11956.t1                                            0.9233474 0.9001788 0.9384099 0.9094589 0.8107175 0.0000000 0.8737872 0.8616854 0.9246589 1.0020380 0.9436473 0.9478771 0.9988418 1.0130473 1.3058375 1.1501778 0.9793190 0.9166233 1.0972913 1.0578101 0.9688367 1.1605401 1.0270270 1.0174369 1.1724048 1.1260994 1.6808191 1.3001975 1.1940096 0.9904246 0.9595586 1.1602754 1.2562400 1.1223806 1.1142491 1.1088114 1.1279643 1.0900404 1.4154177 1.4785059 1.4656747 1.4804624 1.4543309 1.3925634 1.4964407 1.5325861 1.4800027 1.5392324 1.4419019 1.0889569 1.5795774 1.4738841 
Exapal_XM_021047238.2                                             1.0930005 0.8808474 0.9626894 0.9868881 0.8717862 0.8737872 0.0000000 0.4507900 0.5423421 0.5511417 0.5753209 0.5209051 0.6015097 0.5986119 0.8052716 1.0880148 1.0428381 1.0210644 1.0647146 1.0075502 1.1804483 1.0919616 0.9711046 1.0178123 1.1051966 1.0235294 1.5831862 1.0662947 1.0557229 1.0535177 0.9900185 1.0069496 1.1770407 1.2210566 1.1952478 1.1344835 1.2052038 1.2833229 1.3802916 1.5051383 1.4760516 1.5364453 1.3610318 1.3880104 1.5187096 1.5323368 1.5110832 1.5584786 1.5304107 1.3632413 1.4223204 1.3212896 
Nvec_v1g157829                                                    1.0282977 0.8773300 0.8997002 0.8944266 0.8698276 0.8616854 0.4507900 0.0000000 0.5371229 0.5493312 0.5121598 0.5046340 0.4966461 0.5444185 0.7799613 0.9899927 0.9577167 0.9123513 1.0855535 0.9760713 1.0266496 0.9420465 0.9012707 0.9342498 1.1133883 0.9445422 1.4895289 1.0360077 1.0548842 0.9786757 0.9782233 0.9911140 1.0308529 1.1233233 1.0617901 1.1103547 1.1114159 1.0932868 1.3394077 1.3727705 1.3583431 1.4067793 1.3114803 1.4152314 1.5589226 1.5548224 1.4597566 1.5125682 1.4570016 1.2688582 1.2867616 1.2158232 
Adig_XM_015906583.1                                               1.0613215 0.9024933 0.8993412 0.9662402 1.0062320 0.9246589 0.5423421 0.5371229 0.0000000 0.0323242 0.3585104 0.3056794 0.2922593 0.3392981 0.5952741 1.0613764 1.1630353 1.1228905 1.2081984 1.1351881 1.1999013 1.0611612 0.9642342 1.0530115 1.1643156 0.9685627 1.6643911 1.0787347 1.1127908 1.1140375 1.0949083 0.9836166 1.1296936 1.2603346 1.1707100 1.2148885 1.2303698 1.2157133 1.4101529 1.5284074 1.4963846 1.5942083 1.4347258 1.5564701 1.4965863 1.5594682 1.5849269 1.6798041 1.6588593 1.1618802 1.3905075 1.5009431 
Amil_Amillepora06304-RA                                           1.1340072 0.9427672 0.9639464 0.9968266 1.0273830 1.0020380 0.5511417 0.5493312 0.0323242 0.0000000 0.3460235 0.2991730 0.2901149 0.3410331 0.5376687 1.2194180 1.2106603 1.1655081 1.1766699 1.1867898 1.2046015 0.9031109 1.0278362 1.0149063 1.2150182 1.0025190 1.5658921 1.0649051 1.0814542 1.1859504 1.1545357 1.0086387 1.1689259 1.2268094 1.1700093 1.2089624 1.1874826 1.1989983 1.3894042 1.5735850 1.5389681 1.7251127 1.4903836 1.5913629 1.5297497 1.5703405 1.5416511 1.7725484 1.7386151 1.3430583 1.3128975 1.4551554 
Gfas_gfas1.m1.5958.m1                                             1.0738633 0.8506071 0.9432990 0.9557061 0.9742531 0.9436473 0.5753209 0.5121598 0.3585104 0.3460235 0.0000000 0.2431903 0.2703713 0.2829124 0.3667770 1.1660075 1.1487483 1.1085176 1.1053511 1.1571603 1.1211325 1.0144538 0.9373623 1.0138088 1.2243592 0.9807158 1.6611329 0.9431068 1.1115423 1.1166740 1.1170737 1.0792427 1.1513926 1.2741202 1.2194469 1.2472125 1.2846315 1.2992658 1.5020230 1.5930244 1.5697102 1.5387953 1.5831829 1.6156370 1.5635842 1.6242585 1.4391540 1.6287004 1.6157366 1.2734350 1.5198060 1.3314925 
Fspp_ffun1.m4.4487.m1                                             1.0292955 0.8387984 0.9691277 0.9370196 0.9600251 0.9478771 0.5209051 0.5046340 0.3056794 0.2991730 0.2431903 0.0000000 0.1735198 0.1991715 0.3125344 1.1065065 1.2154942 1.0913050 1.1168650 1.0604513 1.1309634 0.9634448 0.8912462 0.9388660 1.1085113 0.9553083 1.6345926 1.0179181 1.0125011 1.1361015 1.0179931 0.9575588 1.1284444 1.2380395 1.2058153 1.1949260 1.2433924 1.2028523 1.3989846 1.4966515 1.4958085 1.5150911 1.4903648 1.4804166 1.5507083 1.5743714 1.4972451 1.5789458 1.5912396 1.2039817 1.4136574 1.3289341 
Pocdam_XM_027186816.1                                             0.9796075 0.8525518 0.9454313 0.9361347 0.9749375 0.9988418 0.6015097 0.4966461 0.2922593 0.2901149 0.2703713 0.1735198 0.0000000 0.1281866 0.3785614 1.1412043 1.1794910 1.0747319 1.1292225 1.1219678 1.1036079 1.0055390 0.9619320 0.9901184 1.1096235 0.9207614 1.5507804 1.0519505 1.0456570 1.1448277 1.0996498 0.9551395 1.1376687 1.2289648 1.1779115 1.2059466 1.2478845 1.2378990 1.5122613 1.5482333 1.5533195 1.5706587 1.5176366 1.5360695 1.5654616 1.6267917 1.5122433 1.5756295 1.5792303 1.2162294 1.3809169 1.2466450 
Spis_XP_022793073_1                                               1.1183137 0.9188228 1.0331877 1.0393684 1.0207636 1.0130473 0.5986119 0.5444185 0.3392981 0.3410331 0.2829124 0.1991715 0.1281866 0.0000000 0.4069548 1.1877140 1.2191795 1.0798931 1.1739948 1.0896600 1.1394018 1.0794554 1.0068007 0.9972572 1.1936517 0.9353538 1.6757045 1.0907681 1.0979563 1.1924916 1.1239162 0.9876435 1.2320347 1.3061697 1.2273685 1.2409090 1.2610208 1.2651131 1.5117394 1.6272290 1.6272290 1.5982748 1.5020314 1.5206561 1.6678259 1.7236506 1.5513606 1.5912503 1.5972592 1.1605506 1.5379411 1.3152491 
Gasp_gasp1.m3.17310.m1                                            1.3989351 1.2185026 1.3537228 1.2011628 1.0695633 1.3058375 0.8052716 0.7799613 0.5952741 0.5376687 0.3667770 0.3125344 0.3785614 0.4069548 0.0000000 1.4183199 1.5170634 1.3366810 1.3823414 1.7053585 1.5964356 1.0917288 1.3991004 1.0102829 1.5147011 1.2493115 1.1729310 1.2173435 1.1093839 1.3157770 1.4012299 1.4392841 1.4067024 1.5184652 1.3007764 1.4566618 1.4832198 1.3995820 1.7940739 1.8240340 1.8240340 1.8600237 1.9783534 1.7982571 1.9306831 1.8029909 1.5319184 1.8888300 1.9424779 1.3638253 1.2047521 1.5282131 
Aque_Aqu2.1.22309_001                                             1.1895845 1.0511342 1.0491359 1.0755455 1.1644236 1.1501778 1.0880148 0.9899927 1.0613764 1.2194180 1.1660075 1.1065065 1.1412043 1.1877140 1.4183199 0.0000000 0.6669456 0.5699444 0.8606123 0.8115520 0.9590751 1.4298333 1.0281007 1.1147454 0.9585040 1.2899817 2.2264680 1.2273746 1.3236688 1.1324074 1.1076474 1.2576087 1.3207163 1.0421246 1.0082319 1.0528829 0.9833983 0.9388396 1.4116608 1.3295462 1.3983948 1.5102897 1.5109162 1.3653215 1.3711232 1.4101723 1.4132167 1.5302904 1.4851225 1.0480078 1.7693860 1.5679532 
Xestes_augustus_masked-XT_scaffold27479-processed-gene-0.6-mRNA-1 1.0196355 0.9102009 0.9633789 0.8470576 1.0536001 0.9793190 1.0428381 0.9577167 1.1630353 1.2106603 1.1487483 1.2154942 1.1794910 1.2191795 1.5170634 0.6669456 0.0000000 0.3615930 0.7810531 0.7160493 0.7686771 1.1919575 0.9051556 0.8962973 0.9157109 1.1669877 1.5590691 1.1511394 1.2987347 1.0367613 0.9868184 1.2441935 1.3831902 1.0909984 1.0158875 1.0577054 1.0247057 1.0052950 1.4795814 1.4286809 1.4830039 1.5688938 1.4819414 1.4652472 1.3546944 1.2916889 1.4039112 1.6151641 1.5676967 1.3138083 1.5019959 1.4385276 
Halamb_c48884_g3_i2m.25034                                        1.0826426 0.8971442 0.9682603 0.9066258 1.0476899 0.9166233 1.0210644 0.9123513 1.1228905 1.1655081 1.1085176 1.0913050 1.0747319 1.0798931 1.3366810 0.5699444 0.3615930 0.0000000 0.7115094 0.6613726 0.7161314 1.1875264 0.8805635 0.7832875 0.9058556 1.1297457 1.6274574 1.0979882 1.2409982 1.0070231 0.9534509 1.1819776 1.3020978 1.0074924 0.9500515 0.9845250 0.9814591 0.8991853 1.5127399 1.3906775 1.4370098 1.5097543 1.3336762 1.4425761 1.4724850 1.4826566 1.4093831 1.5095940 1.4621879 1.1842730 1.5344485 1.3821841 
Tetwil_g26284.t1                                                  1.0699381 0.8937630 1.1210848 1.0065043 1.0336196 1.0972913 1.0647146 1.0855535 1.2081984 1.1766699 1.1053511 1.1168650 1.1292225 1.1739948 1.3823414 0.8606123 0.7810531 0.7115094 0.0000000 0.6708762 0.8179376 1.1354071 0.9165080 0.9214194 0.9843074 1.0879981 1.5948968 1.0348730 1.1118845 1.1011885 1.2954785 1.2199774 1.2289672 1.0055019 0.9728133 1.0046962 0.9811874 0.9962579 1.4902781 1.4229833 1.4727795 1.5020331 1.4344773 1.3604673 1.5844796 1.5748769 1.5795772 1.5593926 1.5447419 1.1935895 1.4118049 1.3852223 
Stycar_maker-SC_scaffold137089-snap-gene-0.207-mRNA-1             1.0713316 0.9633629 0.9263379 0.9319060 1.1013932 1.0578101 1.0075502 0.9760713 1.1351881 1.1867898 1.1571603 1.0604513 1.1219678 1.0896600 1.7053585 0.8115520 0.7160493 0.6613726 0.6708762 0.0000000 0.7038115 1.1617291 0.9343997 0.9429560 0.9802931 1.0349620 1.3931205 0.9885292 1.0869252 1.0913014 1.1270695 0.9219820 1.1408008 1.1614897 1.0768124 1.0776509 1.1084156 1.0904385 1.3461775 1.3186340 1.3763315 1.4190744 1.2046889 1.2938039 1.3162146 1.3130497 1.3752108 1.5164812 1.5083880 1.3125800 1.3711911 1.2352574 
Spolac_c102601_g4_i1_m.30156c102601-g4                            1.2484459 0.9144326 1.0578981 0.9657347 1.1694385 0.9688367 1.1804483 1.0266496 1.1999013 1.2046015 1.1211325 1.1309634 1.1036079 1.1394018 1.5964356 0.9590751 0.7686771 0.7161314 0.8179376 0.7038115 0.0000000 1.2621402 0.9524525 1.0133284 0.8309886 1.0817934 1.4706901 1.1052794 1.1318679 1.1303617 1.0391933 1.2001309 1.2166437 1.2063368 1.1371091 1.1718874 1.1382757 1.1450407 1.4246666 1.3337045 1.4066977 1.4712434 1.3229900 1.2022941 1.3706525 1.3987000 1.4262167 1.4962771 1.5105694 1.2482187 1.5691342 1.2249513 
Ocar_g9399                                                        1.0210534 1.0791905 0.9840759 0.9274368 1.1514688 1.1605401 1.0919616 0.9420465 1.0611612 0.9031109 1.0144538 0.9634448 1.0055390 1.0794554 1.0917288 1.4298333 1.1919575 1.1875264 1.1354071 1.1617291 1.2621402 0.0000000 0.1894797 0.6863327 1.3331343 1.1993137 1.5843461 1.1633627 1.2567281 1.1906938 1.1521603 1.3484970 1.6014705 1.2923157 1.1607146 1.2091960 1.2568869 1.1815713 1.9318189 2.0386573 2.0989552 2.0812264 1.9133717 1.9542334 2.0554764 2.0818192 2.2361420 2.1961863 2.1528423 1.4105477 1.5562585 1.6334483 
Opea_EP00118_Oscarella_pearsei_P004590                            0.9857272 0.8275773 0.7888690 0.8157903 1.0115184 1.0270270 0.9711046 0.9012707 0.9642342 1.0278362 0.9373623 0.8912462 0.9619320 1.0068007 1.3991004 1.0281007 0.9051556 0.8805635 0.9165080 0.9343997 0.9524525 0.1894797 0.0000000 0.5782115 1.0912075 1.0535422 1.6260657 1.0144179 1.0001767 1.1309232 0.9694911 1.1835501 1.4767404 1.0119440 0.9294794 0.9704313 0.9965814 0.9969867 1.5323065 1.5263761 1.5264447 1.5943611 1.5121647 1.5872397 1.6178384 1.6053554 1.7286585 1.7869223 1.7626257 1.1208087 1.4587599 1.1531039 
Plajan_Pjan_C560802_01                                            0.9309090 0.8436536 0.9160920 0.8121288 0.9723077 1.0174369 1.0178123 0.9342498 1.0530115 1.0149063 1.0138088 0.9388660 0.9901184 0.9972572 1.0102829 1.1147454 0.8962973 0.7832875 0.9214194 0.9429560 1.0133284 0.6863327 0.5782115 0.0000000 1.1348468 1.1846918 1.5208954 1.0271509 1.1754424 1.1207516 0.9170803 1.2277404 1.3768431 0.9929966 0.9655525 0.9723456 0.9863035 0.9679323 1.4644411 1.4791763 1.5134629 1.5709901 1.3598218 1.4815546 1.4562101 1.4414882 1.5214857 1.5968489 1.6009223 1.1425331 1.4619967 1.2352053 
Plespi_Pspi_scaffold9677_01                                       1.1185945 0.9693320 1.0169908 1.0162279 1.1932998 1.1724048 1.1051966 1.1133883 1.1643156 1.2150182 1.2243592 1.1085113 1.1096235 1.1936517 1.5147011 0.9585040 0.9157109 0.9058556 0.9843074 0.9802931 0.8309886 1.3331343 1.0912075 1.1348468 0.0000000 1.1457273 1.5133757 0.9664136 1.1432404 1.2148965 1.1098817 1.2580445 1.3368958 1.2226144 1.1865307 1.1898963 1.2386431 1.1818069 1.4652782 1.5201769 1.5804961 1.6780848 1.5943186 1.4359358 1.5679811 1.5918647 1.5449108 1.7375854 1.7460677 1.1962934 1.6010674 1.2942626 
Chem_TCONS_00073726                                               1.0029343 0.9004738 0.9144030 1.0151470 0.9368706 1.1260994 1.0235294 0.9445422 0.9685627 1.0025190 0.9807158 0.9553083 0.9207614 0.9353538 1.2493115 1.2899817 1.1669877 1.1297457 1.0879981 1.0349620 1.0817934 1.1993137 1.0535422 1.1846918 1.1457273 0.0000000 1.0899272 0.7229376 0.8077487 1.0259202 1.1776809 1.1109767 1.2015025 1.1601110 1.1384404 1.1230343 1.1628261 1.1711023 1.3539082 1.3491196 1.3785845 1.3726290 1.3470832 1.2047243 1.4377099 1.4050407 1.5815794 1.4372519 1.4255253 1.2819614 1.2017916 1.1598311 
Nemnom_g15566.t1                                                  1.4316747 1.3043480 1.3037938 1.4195296 1.4169579 1.6808191 1.5831862 1.4895289 1.6643911 1.5658921 1.6611329 1.6345926 1.5507804 1.6757045 1.1729310 2.2264680 1.5590691 1.6274574 1.5948968 1.3931205 1.4706901 1.5843461 1.6260657 1.5208954 1.5133757 1.0899272 0.0000000 0.3384124 0.7842214 1.7443838 1.7455760 1.3532217 1.8688723 1.6949190 1.7105696 1.6584155 1.6091142 1.8487874 1.6336718 1.6932927 1.6412495 1.7178242 1.7868903 1.7007544 1.7828992 1.7652744 1.8235102 2.1175040 2.1617621 2.2757820 1.1490577 0.7353171 
Rhoesc_Res_011865-T1                                              0.9745150 0.9027949 0.8989024 1.0440638 1.1016939 1.3001975 1.0662947 1.0360077 1.0787347 1.0649051 0.9431068 1.0179181 1.0519505 1.0907681 1.2173435 1.2273746 1.1511394 1.0979882 1.0348730 0.9885292 1.1052794 1.1633627 1.0144179 1.0271509 0.9664136 0.7229376 0.3384124 0.0000000 0.3684523 1.2187984 1.1733045 1.1820372 1.4899979 1.1416590 1.0877671 1.1638001 1.1709091 1.1802020 1.2593784 1.2482380 1.2482380 1.3653314 1.2848758 1.2866333 1.3236024 1.2635484 1.3673140 1.4118020 1.3977427 1.1935286 1.0915638 0.5056338 
Sanmal_Sma_007628-T1                                              0.8944459 0.9120172 0.8814387 1.0489031 1.0874151 1.1940096 1.0557229 1.0548842 1.1127908 1.0814542 1.1115423 1.0125011 1.0456570 1.0979563 1.1093839 1.3236688 1.2987347 1.2409982 1.1118845 1.0869252 1.1318679 1.2567281 1.0001767 1.1754424 1.1432404 0.8077487 0.7842214 0.3684523 0.0000000 1.2043375 1.2859226 1.1044962 1.3244346 1.2089978 1.1509270 1.1552451 1.2015405 1.1585826 1.2798736 1.1914891 1.2025573 1.3265502 1.1889827 1.2752209 1.3212415 1.2480525 1.4516612 1.4318857 1.4214991 1.3242167 1.0394262 0.5828940 
Ctel_gnl_WGS_AMQN_CAPTEDRAFT_mRNA181186                           1.0082474 0.8985693 0.9543913 1.0965332 0.9371617 0.9904246 1.0535177 0.9786757 1.1140375 1.1859504 1.1166740 1.1361015 1.1448277 1.1924916 1.3157770 1.1324074 1.0367613 1.0070231 1.1011885 1.0913014 1.1303617 1.1906938 1.1309232 1.1207516 1.2148965 1.0259202 1.7443838 1.2187984 1.2043375 0.0000000 1.0341404 1.2331852 1.2988724 1.1662202 1.1118493 1.0822938 1.0834213 1.1201133 1.4085311 1.5566818 1.5397914 1.5987566 1.4333183 1.5281315 1.6514731 1.6784912 1.8127469 1.5796129 1.5311170 1.3348865 1.6231317 1.4126992 
Tcas_TC012451_001                                                 1.0452001 0.8132427 0.8821827 0.8362191 0.8953933 0.9595586 0.9900185 0.9782233 1.0949083 1.1545357 1.1170737 1.0179931 1.0996498 1.1239162 1.4012299 1.1076474 0.9868184 0.9534509 1.2954785 1.1270695 1.0391933 1.1521603 0.9694911 0.9170803 1.1098817 1.1776809 1.7455760 1.1733045 1.2859226 1.0341404 0.0000000 1.2957417 1.3370780 1.0916992 1.0050956 1.0248524 1.0938328 1.0989018 1.3563802 1.5333886 1.5346309 1.5701586 1.4901108 1.4325483 1.5244286 1.5358109 1.6077260 1.5126273 1.5115260 1.1456770 1.6323123 1.6237508 
Dgig_XM_028550488.1                                               1.1090062 1.0521205 1.0772475 1.1236940 1.1920986 1.1602754 1.0069496 0.9911140 0.9836166 1.0086387 1.0792427 0.9575588 0.9551395 0.9876435 1.4392841 1.2576087 1.2441935 1.1819776 1.2199774 0.9219820 1.2001309 1.3484970 1.1835501 1.2277404 1.2580445 1.1109767 1.3532217 1.1820372 1.1044962 1.2331852 1.2957417 0.0000000 0.4846008 1.2983791 1.2948904 1.2265627 1.3127398 1.2996164 1.4451355 1.4332821 1.4123234 1.5925863 1.3077801 1.4903201 1.4256188 1.4785287 1.5667918 1.5660986 1.5279783 1.4551875 1.1614395 1.3880110 
Xesp_000180-T1                                                    1.2474564 1.1205966 1.1869395 1.1678466 1.3178324 1.2562400 1.1770407 1.0308529 1.1296936 1.1689259 1.1513926 1.1284444 1.1376687 1.2320347 1.4067024 1.3207163 1.3831902 1.3020978 1.2289672 1.1408008 1.2166437 1.6014705 1.4767404 1.3768431 1.3368958 1.2015025 1.8688723 1.4899979 1.3244346 1.2988724 1.3370780 0.4846008 0.0000000 1.3877810 1.3334536 1.3478585 1.3947157 1.3717845 1.5645460 1.6771956 1.6823658 1.8244590 1.4776726 1.6867959 1.5787142 1.6536366 1.7296630 1.7287292 1.6863350 1.5390097 1.4558551 1.7189168 
Scil_scict005858.1                                                1.1359562 1.0107415 1.0346539 0.9937163 1.1276310 1.1223806 1.2210566 1.1233233 1.2603346 1.2268094 1.2741202 1.2380395 1.2289648 1.3061697 1.5184652 1.0421246 1.0909984 1.0074924 1.0055019 1.1614897 1.2063368 1.2923157 1.0119440 0.9929966 1.2226144 1.1601110 1.6949190 1.1416590 1.2089978 1.1662202 1.0916992 1.2983791 1.3877810 0.0000000 0.1461343 0.1797141 0.1786595 0.2947067 1.5116401 1.5458449 1.5959849 1.6825073 1.4762960 1.5781270 1.4786320 1.5102101 1.6135723 1.6138437 1.6203163 1.1615155 1.6572426 1.5569846 
Leuniv_Lniv_scaffold22674_01                                      1.1143379 0.9979281 1.0213639 0.9094166 1.1473642 1.1142491 1.1952478 1.0617901 1.1707100 1.1700093 1.2194469 1.2058153 1.1779115 1.2273685 1.3007764 1.0082319 1.0158875 0.9500515 0.9728133 1.0768124 1.1371091 1.1607146 0.9294794 0.9655525 1.1865307 1.1384404 1.7105696 1.0877671 1.1509270 1.1118493 1.0050956 1.2948904 1.3334536 0.1461343 0.0000000 0.1682640 0.1790132 0.2564963 1.5168543 1.5459759 1.5787652 1.5865110 1.4591999 1.4766354 1.5083084 1.5191949 1.5919589 1.5797260 1.5968707 1.1451740 1.6376026 1.5058276 
Gracom_Gcom_C560094_01                                            1.0925578 1.0275326 0.9738573 0.9436758 1.1322841 1.1088114 1.1344835 1.1103547 1.2148885 1.2089624 1.2472125 1.1949260 1.2059466 1.2409090 1.4566618 1.0528829 1.0577054 0.9845250 1.0046962 1.0776509 1.1718874 1.2091960 0.9704313 0.9723456 1.1898963 1.1230343 1.6584155 1.1638001 1.1552451 1.0822938 1.0248524 1.2265627 1.3478585 0.1797141 0.1682640 0.0000000 0.1879509 0.2697371 1.4933446 1.4882562 1.5330277 1.5132026 1.4667872 1.4613936 1.4690187 1.4708733 1.5858711 1.5837489 1.5870908 1.1863831 1.5863758 1.5124819 
Lcom_lcpid76144                                                   1.1362398 1.0708477 0.9677472 0.9775525 1.1131974 1.1279643 1.2052038 1.1114159 1.2303698 1.1874826 1.2846315 1.2433924 1.2478845 1.2610208 1.4832198 0.9833983 1.0247057 0.9814591 0.9811874 1.1084156 1.1382757 1.2568869 0.9965814 0.9863035 1.2386431 1.1628261 1.6091142 1.1709091 1.2015405 1.0834213 1.0938328 1.3127398 1.3947157 0.1786595 0.1790132 0.1879509 0.0000000 0.2828220 1.4911694 1.5863747 1.6340207 1.6758657 1.5197787 1.5519300 1.5494864 1.5043456 1.5361531 1.6765820 1.6859786 1.2163389 1.6164034 1.6250083 
Clacor_Ccor_C537505_01                                            1.0984802 0.9900804 1.0058155 0.9557226 1.1860673 1.0900404 1.2833229 1.0932868 1.2157133 1.1989983 1.2992658 1.2028523 1.2378990 1.2651131 1.3995820 0.9388396 1.0052950 0.8991853 0.9962579 1.0904385 1.1450407 1.1815713 0.9969867 0.9679323 1.1818069 1.1711023 1.8487874 1.1802020 1.1585826 1.1201133 1.0989018 1.2996164 1.3717845 0.2947067 0.2564963 0.2697371 0.2828220 0.0000000 1.5327161 1.5121786 1.5665736 1.5904620 1.5030156 1.6291893 1.5368282 1.5315201 1.5807811 1.6032016 1.5800162 1.2241630 1.7388151 1.6259921 
Mlei_ML0096.g4.i1                                                 1.2927790 1.2849160 1.3294095 1.2597750 1.2648093 1.4154177 1.3802916 1.3394077 1.4101529 1.3894042 1.5020230 1.3989846 1.5122613 1.5117394 1.7940739 1.4116608 1.4795814 1.5127399 1.4902781 1.3461775 1.4246666 1.9318189 1.5323065 1.4644411 1.4652782 1.3539082 1.6336718 1.2593784 1.2798736 1.4085311 1.3563802 1.4451355 1.5645460 1.5116401 1.5168543 1.4933446 1.4911694 1.5327161 0.0000000 0.2702846 0.2667143 0.4137981 0.3826212 0.4302060 0.4555476 0.4415622 0.5482387 0.7285669 0.7040135 1.5137166 1.6367445 1.5550498 
Bolinf_Binf_sb1252275                                             1.3102284 1.2461243 1.3198941 1.4027995 1.3892379 1.4785059 1.5051383 1.3727705 1.5284074 1.5735850 1.5930244 1.4966515 1.5482333 1.6272290 1.8240340 1.3295462 1.4286809 1.3906775 1.4229833 1.3186340 1.3337045 2.0386573 1.5263761 1.4791763 1.5201769 1.3491196 1.6932927 1.2482380 1.1914891 1.5566818 1.5333886 1.4332821 1.6771956 1.5458449 1.5459759 1.4882562 1.5863747 1.5121786 0.2702846 0.0000000 0.0082079 0.3886163 0.3821228 0.4096786 0.4455419 0.4219912 0.5465544 0.7113166 0.6984530 1.5192339 1.7549093 1.4853024 
Mertsp_Mesp_sb585569                                              1.3021626 1.2345061 1.3241312 1.3793387 1.3640014 1.4656747 1.4760516 1.3583431 1.4963846 1.5389681 1.5697102 1.4958085 1.5533195 1.6272290 1.8240340 1.3983948 1.4830039 1.4370098 1.4727795 1.3763315 1.4066977 2.0989552 1.5264447 1.5134629 1.5804961 1.3785845 1.6412495 1.2482380 1.2025573 1.5397914 1.5346309 1.4123234 1.6823658 1.5959849 1.5787652 1.5330277 1.6340207 1.5665736 0.2667143 0.0082079 0.0000000 0.3863124 0.3734856 0.4035868 0.4502476 0.4316076 0.5495144 0.7078220 0.6950491 1.4977897 1.7154654 1.4668053 
Drygla_Dgla_sb300903                                              1.4185222 1.3287788 1.4957826 1.4551194 1.5568600 1.4804624 1.5364453 1.4067793 1.5942083 1.7251127 1.5387953 1.5150911 1.5706587 1.5982748 1.8600237 1.5102897 1.5688938 1.5097543 1.5020331 1.4190744 1.4712434 2.0812264 1.5943611 1.5709901 1.6780848 1.3726290 1.7178242 1.3653314 1.3265502 1.5987566 1.5701586 1.5925863 1.8244590 1.6825073 1.5865110 1.5132026 1.6758657 1.5904620 0.4137981 0.3886163 0.3863124 0.0000000 0.4915658 0.5285098 0.5755804 0.5874873 0.7420108 0.7559510 0.7385020 1.5589286 1.8870226 1.6947891 
Lampan_Lpan_C411439_01                                            1.3620712 1.2653225 1.3299418 1.3259395 1.3298104 1.4543309 1.3610318 1.3114803 1.4347258 1.4903836 1.5831829 1.4903648 1.5176366 1.5020314 1.9783534 1.5109162 1.4819414 1.3336762 1.4344773 1.2046889 1.3229900 1.9133717 1.5121647 1.3598218 1.5943186 1.3470832 1.7868903 1.2848758 1.1889827 1.4333183 1.4901108 1.3077801 1.4776726 1.4762960 1.4591999 1.4667872 1.5197787 1.5030156 0.3826212 0.3821228 0.3734856 0.4915658 0.0000000 0.4971987 0.5025492 0.4930702 0.6358916 0.7306899 0.7348359 1.5148024 1.5348022 1.5283179 
Beraby_Baby_sb342640                                              1.3626505 1.3299750 1.4734724 1.4465988 1.4695064 1.3925634 1.3880104 1.4152314 1.5564701 1.5913629 1.6156370 1.4804166 1.5360695 1.5206561 1.7982571 1.3653215 1.4652472 1.4425761 1.3604673 1.2938039 1.2022941 1.9542334 1.5872397 1.4815546 1.4359358 1.2047243 1.7007544 1.2866333 1.2752209 1.5281315 1.4325483 1.4903201 1.6867959 1.5781270 1.4766354 1.4613936 1.5519300 1.6291893 0.4302060 0.4096786 0.4035868 0.5285098 0.4971987 0.0000000 0.6201798 0.6062628 0.7349199 0.8325889 0.8218230 1.5967538 1.6535097 1.4257208 
Coeast_Cast_sb779999                                              1.4029438 1.3615893 1.2996176 1.3697396 1.5402325 1.4964407 1.5187096 1.5589226 1.4965863 1.5297497 1.5635842 1.5507083 1.5654616 1.6678259 1.9306831 1.3711232 1.3546944 1.4724850 1.5844796 1.3162146 1.3706525 2.0554764 1.6178384 1.4562101 1.5679811 1.4377099 1.7828992 1.3236024 1.3212415 1.6514731 1.5244286 1.4256188 1.5787142 1.4786320 1.5083084 1.4690187 1.5494864 1.5368282 0.4555476 0.4455419 0.4502476 0.5755804 0.5025492 0.6201798 0.0000000 0.0420915 0.5778831 0.8747601 0.8851933 1.5879596 1.7691990 1.6097840 
Coemet_Cmet_scaffold14692_01                                      1.4013313 1.3271388 1.3215491 1.3284232 1.5045453 1.5325861 1.5323368 1.5548224 1.5594682 1.5703405 1.6242585 1.5743714 1.6267917 1.7236506 1.8029909 1.4101723 1.2916889 1.4826566 1.5748769 1.3130497 1.3987000 2.0818192 1.6053554 1.4414882 1.5918647 1.4050407 1.7652744 1.2635484 1.2480525 1.6784912 1.5358109 1.4785287 1.6536366 1.5102101 1.5191949 1.4708733 1.5043456 1.5315201 0.4415622 0.4219912 0.4316076 0.5874873 0.4930702 0.6062628 0.0420915 0.0000000 0.5627091 0.8419549 0.8524695 1.5784649 1.7040021 1.5409373 
Vmul_sbMO421714                                                   1.4514899 1.4151835 1.4126371 1.4479605 1.5752451 1.4800027 1.5110832 1.4597566 1.5849269 1.5416511 1.4391540 1.4972451 1.5122433 1.5513606 1.5319184 1.4132167 1.4039112 1.4093831 1.5795772 1.3752108 1.4262167 2.2361420 1.7286585 1.5214857 1.5449108 1.5815794 1.8235102 1.3673140 1.4516612 1.8127469 1.6077260 1.5667918 1.7296630 1.6135723 1.5919589 1.5858711 1.5361531 1.5807811 0.5482387 0.5465544 0.5495144 0.7420108 0.6358916 0.7349199 0.5778831 0.5627091 0.0000000 0.9871162 0.9606815 1.5933209 1.8457312 1.6459802 
Pbac_sb2637692                                                    1.5527830 1.3750588 1.6012129 1.4328806 1.5285390 1.5392324 1.5584786 1.5125682 1.6798041 1.7725484 1.6287004 1.5789458 1.5756295 1.5912503 1.8888300 1.5302904 1.6151641 1.5095940 1.5593926 1.5164812 1.4962771 2.1961863 1.7869223 1.5968489 1.7375854 1.4372519 2.1175040 1.4118020 1.4318857 1.5796129 1.5126273 1.5660986 1.7287292 1.6138437 1.5797260 1.5837489 1.6765820 1.6032016 0.7285669 0.7113166 0.7078220 0.7559510 0.7306899 0.8325889 0.8747601 0.8419549 0.9871162 0.0000000 0.0419060 1.7320105 1.9091193 1.7144079 
Horcal_Hcv1.av93.c2.g1573.i1                                      1.4816500 1.3637054 1.5602305 1.4074157 1.5083733 1.4419019 1.5304107 1.4570016 1.6588593 1.7386151 1.6157366 1.5912396 1.5792303 1.5972592 1.9424779 1.4851225 1.5676967 1.4621879 1.5447419 1.5083880 1.5105694 2.1528423 1.7626257 1.6009223 1.7460677 1.4255253 2.1617621 1.3977427 1.4214991 1.5311170 1.5115260 1.5279783 1.6863350 1.6203163 1.5968707 1.5870908 1.6859786 1.5800162 0.7040135 0.6984530 0.6950491 0.7385020 0.7348359 0.8218230 0.8851933 0.8524695 0.9606815 0.0419060 0.0000000 1.7108459 1.9058410 1.7279034 
Cscu_XM_023384460.1                                               1.1619892 0.9752909 1.0823223 1.0499133 1.1039551 1.0889569 1.3632413 1.2688582 1.1618802 1.3430583 1.2734350 1.2039817 1.2162294 1.1605506 1.3638253 1.0480078 1.3138083 1.1842730 1.1935895 1.3125800 1.2482187 1.4105477 1.1208087 1.1425331 1.1962934 1.2819614 2.2757820 1.1935286 1.3242167 1.3348865 1.1456770 1.4551875 1.5390097 1.1615155 1.1451740 1.1863831 1.2163389 1.2241630 1.5137166 1.5192339 1.4977897 1.5589286 1.5148024 1.5967538 1.5879596 1.5784649 1.5933209 1.7320105 1.7108459 0.0000000 1.9054790 1.7392030 
Morvir_scaffold217.g5.t1                                          1.2241065 1.3256546 1.4098784 1.2334001 1.3771613 1.5795774 1.4223204 1.2867616 1.3905075 1.3128975 1.5198060 1.4136574 1.3809169 1.5379411 1.2047521 1.7693860 1.5019959 1.5344485 1.4118049 1.3711911 1.5691342 1.5562585 1.4587599 1.4619967 1.6010674 1.2017916 1.1490577 1.0915638 1.0394262 1.6231317 1.6323123 1.1614395 1.4558551 1.6572426 1.6376026 1.5863758 1.6164034 1.7388151 1.6367445 1.7549093 1.7154654 1.8870226 1.5348022 1.6535097 1.7691990 1.7040021 1.8457312 1.9091193 1.9058410 1.9054790 0.0000000 1.6348128 
Aaur_scaffold853.g5.t1                                            1.2301309 1.0984520 1.1808587 1.2180233 1.2847331 1.4738841 1.3212896 1.2158232 1.5009431 1.4551554 1.3314925 1.3289341 1.2466450 1.3152491 1.5282131 1.5679532 1.4385276 1.3821841 1.3852223 1.2352574 1.2249513 1.6334483 1.1531039 1.2352053 1.2942626 1.1598311 0.7353171 0.5056338 0.5828940 1.4126992 1.6237508 1.3880110 1.7189168 1.5569846 1.5058276 1.5124819 1.6250083 1.6259921 1.5550498 1.4853024 1.4668053 1.6947891 1.5283179 1.4257208 1.6097840 1.5409373 1.6459802 1.7144079 1.7279034 1.7392030 1.6348128 0.0000000 
