20
Hsap_ENST00000367883             0.0000000 1.2461900 2.3957282 1.5199295 1.4623746 1.5966656 1.7148256 1.8174223 1.9945433 2.3173972 1.7288636 1.7587500 1.5304363 1.6287079 1.6027784 1.7843332 1.9248847 1.6786243 2.3784112 2.2870338 
Skow_XM_002739126.2              1.2461900 0.0000000 2.3577510 1.7496226 1.9111719 2.2153357 1.9850992 1.8626652 1.8070435 2.2402599 1.8052844 1.8272753 1.6116279 1.5228209 1.4999060 2.0291056 2.1180583 2.0614898 3.1620523 2.2119477 
Acagra_model.g2875.t1.1.5d3b8202 2.3957282 2.3577510 0.0000000 1.1675941 1.8766087 1.4706689 1.9227701 1.8997065 2.2209034 3.1217061 2.1007051 2.1430318 1.4311933 1.8817953 1.8923373 2.1220601 2.3342393 2.4225079 2.7468015 1.9362582 
Lcom_lcpid150395                 1.5199295 1.7496226 1.1675941 0.0000000 1.4622521 1.6582134 1.7941463 1.6840843 1.9312539 2.2390973 1.4638147 1.4910463 1.5072820 1.5368186 1.5464947 1.7490399 1.6207623 1.9004862 2.5515818 1.6295910 
Exapal_XM_021054956.2            1.4623746 1.9111719 1.8766087 1.4622521 0.0000000 0.3729922 0.8496233 0.6571302 0.7173798 0.9521696 1.1996510 1.2201884 1.0964097 0.9969798 1.0031955 1.3959788 1.0387865 1.0189156 1.6875351 1.6697799 
Nvec_v1g240887                   1.5966656 2.2153357 1.4706689 1.6582134 0.3729922 0.0000000 0.7944168 0.7992037 0.9431582 1.1294797 1.5088588 1.5486997 1.1041070 1.1851821 1.1968223 1.7005506 1.1788681 1.4625624 0.9228306 2.0076823 
Spis_XP_022795736_1              1.7148256 1.9850992 1.9227701 1.7941463 0.8496233 0.7944168 0.0000000 0.7482053 0.8568485 0.9441820 1.1013911 1.1231072 0.9548754 0.9616383 0.9415896 1.1709956 1.0512349 1.0235458 0.9493538 1.9171236 
Adig_XM_015908729.1              1.8174223 1.8626652 1.8997065 1.6840843 0.6571302 0.7992037 0.7482053 0.0000000 0.0254063 0.5918071 1.2179856 1.2399856 1.0741069 1.0328971 1.0395138 1.4311028 1.5088523 1.1587555 1.4670643 2.0586644 
Amil_Amillepora20094-RA          1.9945433 1.8070435 2.2209034 1.9312539 0.7173798 0.9431582 0.8568485 0.0254063 0.0000000 0.3535456 1.2821711 1.2821711 1.3294449 1.2043623 1.2149223 1.5420868 1.2546382 1.0293492 2.5771189 1.7476458 
Gfas_gfas1.m1.3720.m1            2.3173972 2.2402599 3.1217061 2.2390973 0.9521696 1.1294797 0.9441820 0.5918071 0.3535456 0.0000000 1.4242040 1.4197370 1.4976905 1.4563662 1.4678849 1.7517367 1.3552823 1.3663997 2.4131463 2.0491077 
Tadh_TriadT25309                 1.7288636 1.8052844 2.1007051 1.4638147 1.1996510 1.5088588 1.1013911 1.2179856 1.2821711 1.4242040 0.0000000 0.0097118 0.4434075 0.3096621 0.3112490 0.4718176 1.4176589 1.4870186 2.0933540 2.2181599 
TrH2_TrispH2_004288-RA           1.7587500 1.8272753 2.1430318 1.4910463 1.2201884 1.5486997 1.1231072 1.2399856 1.2821711 1.4197370 0.0097118 0.0000000 0.4549593 0.3159714 0.3176063 0.4811519 1.4200306 1.4895958 2.1195063 2.2166046 
HoiH06_mRNA13994                 1.5304363 1.6116279 1.4311933 1.5072820 1.0964097 1.1041070 0.9548754 1.0741069 1.3294449 1.4976905 0.4434075 0.4549593 0.0000000 0.2434184 0.2600856 0.7181094 1.3910134 1.2468901 1.4375294 1.7490021 
Hhon_g06458.t1                   1.6287079 1.5228209 1.8817953 1.5368186 0.9969798 1.1851821 0.9616383 1.0328971 1.2043623 1.4563662 0.3096621 0.3159714 0.2434184 0.0000000 0.0097399 0.5628010 1.1614547 1.2832440 1.8017293 2.0706551 
HoiH04_mRNA15233                 1.6027784 1.4999060 1.8923373 1.5464947 1.0031955 1.1968223 0.9415896 1.0395138 1.2149223 1.4678849 0.3112490 0.3176063 0.2600856 0.0097399 0.0000000 0.5611368 1.1447519 1.2586516 1.7650626 2.0387173 
HoiH23_PlH23_003916-RA           1.7843332 2.0291056 2.1220601 1.7490399 1.3959788 1.7005506 1.1709956 1.4311028 1.5420868 1.7517367 0.4718176 0.4811519 0.7181094 0.5628010 0.5611368 0.0000000 1.5905470 1.6124256 2.3767852 2.1137097 
Dgig_XM_028559709.1              1.9248847 2.1180583 2.3342393 1.6207623 1.0387865 1.1788681 1.0512349 1.5088523 1.2546382 1.3552823 1.4176589 1.4200306 1.3910134 1.1614547 1.1447519 1.5905470 0.0000000 0.6160506 2.4205093 1.9439328 
Xesp_010954-T1                   1.6786243 2.0614898 2.4225079 1.9004862 1.0189156 1.4625624 1.0235458 1.1587555 1.0293492 1.3663997 1.4870186 1.4895958 1.2468901 1.2832440 1.2586516 1.6124256 0.6160506 0.0000000 2.4228913 1.9498091 
Pocdam_XM_027195727.1            2.3784112 3.1620523 2.7468015 2.5515818 1.6875351 0.9228306 0.9493538 1.4670643 2.5771189 2.4131463 2.0933540 2.1195063 1.4375294 1.8017293 1.7650626 2.3767852 2.4205093 2.4228913 0.0000000 2.9163169 
Hvul_g13939_1                    2.2870338 2.2119477 1.9362582 1.6295910 1.6697799 2.0076823 1.9171236 2.0586644 1.7476458 2.0491077 2.2181599 2.2166046 1.7490021 2.0706551 2.0387173 2.1137097 1.9439328 1.9498091 2.9163169 0.0000000 
