52
Hsap_ENST00000352732                                          0.0000000 1.7030055 1.6040396 1.5015752 1.6170367 1.6450388 1.6725941 1.6669343 1.9664789 1.8546731 1.8631398 2.1368986 2.0456565 2.0240776 2.0377833 1.9728397 1.9577154 2.3134722 2.3237282 2.1635947 2.8269729 2.4062854 2.1576895 2.0917039 1.8878255 2.1054979 2.1950245 2.0864352 2.0864352 2.1101330 1.7844346 2.0757861 2.5345278 1.8457902 2.7081874 2.3515829 2.5513145 2.4481678 1.7004133 2.1943174 2.2098729 2.3469431 2.6774508 2.0778267 2.1778243 2.2271671 2.0986466 4.3848264 2.3937907 2.8030490 2.8602676 2.9427740 
Spur_XM_031000180.1                                           1.7030055 0.0000000 1.1866233 1.5055674 1.5788757 1.5885667 2.0816273 1.8658103 1.8029322 1.7866337 1.8638099 2.7483745 1.9737483 1.8057568 1.8122863 1.7641818 1.8253193 2.2622229 2.1496984 1.8130728 2.5908254 2.3355502 2.4940947 1.9601579 1.9473144 1.9831199 1.9169753 1.9423854 1.9423854 2.2156291 1.6954940 2.1838059 2.6377120 1.8677045 2.3520591 2.2936317 2.4200545 2.2759879 1.8363956 2.1915574 2.4095394 2.0810771 2.5364745 2.1806496 2.2205452 1.9533576 2.0198322 3.9739877 2.1516980 2.7745981 2.5706074 2.5727680 
Skow_XM_006825376.1                                           1.6040396 1.1866233 0.0000000 1.4500007 1.5580911 1.3445243 2.0633204 2.1192778 1.9289411 1.7789091 2.0296127 2.7695408 2.0010801 1.9887167 1.9734589 1.8718444 1.8500312 2.7402032 2.6724263 2.0249403 2.5009757 2.6541297 3.6498400 2.0137056 2.0880634 1.8809603 2.1859873 1.9291124 1.9291124 1.7819592 1.7819592 2.2883229 3.1006659 2.2021022 2.7845155 2.0943174 2.5073694 2.6288748 2.0428724 2.3504304 2.5493004 1.9579922 3.2506261 2.0846794 2.2434416 1.9296063 2.2351265 3.2010407 2.2659225 3.1743101 2.7160005 2.7525115 
Ctel_gnl_WGS_AMQN_CAPTEDRAFT_mRNA132362                       1.5015752 1.5055674 1.4500007 0.0000000 1.0958602 1.3315491 1.9584343 1.8375581 1.9250918 1.7885039 1.8272663 2.0001156 1.9492157 1.8981832 1.8781737 1.8310102 1.8482676 2.1672582 2.0901419 2.0663015 2.5895200 2.5320145 2.2907228 1.8914812 1.7487367 1.9173455 1.9845331 1.8919888 1.8919888 2.3685102 2.0115539 1.8455018 2.6609381 2.0064699 2.5532388 2.0892341 2.3038757 2.0282588 1.9096128 2.2343975 2.5223278 2.2002155 2.3678376 2.0635814 2.0263647 1.9418127 2.0898411 3.3823497 2.1139828 2.8435362 2.7330593 2.9062589 
Acagra_model.g31675.t1                                        1.6170367 1.5788757 1.5580911 1.0958602 0.0000000 1.2142922 1.8141985 1.6978002 1.7607854 1.5604578 1.7892374 2.1823250 1.8388194 1.7640475 1.8360816 1.7438416 1.7461064 1.9975326 2.0342044 2.1030270 2.4153112 2.2423522 2.3196484 1.8255786 1.7650885 1.7523493 1.8041662 1.7030734 1.7030734 2.0582452 1.7291376 2.0296154 2.5839661 1.8708377 2.2641129 1.7549911 2.2322671 1.9880957 1.9030303 2.3370765 2.3757955 2.2601613 2.7854770 2.1414327 2.1490219 2.2293438 2.1920636 3.3280941 2.1917067 2.5749813 2.6214174 2.5925069 
Cgig_XM_034465486.1                                           1.6450388 1.5885667 1.3445243 1.3315491 1.2142922 0.0000000 1.7504816 1.6590298 1.7072930 1.6970168 1.7862940 2.1505478 1.8283295 1.8521104 1.8264387 1.7132039 1.7314470 2.2201106 2.3144756 2.0395762 2.4884980 2.2390228 2.4268324 1.8976008 1.8132650 1.8611155 1.9549556 1.8833594 1.8833594 2.1913574 1.7430680 1.8822180 2.2771234 1.7147614 2.0332225 1.8491065 2.1147274 2.1125193 1.6784555 2.1643984 2.6162730 2.2160606 2.4672433 2.2471054 2.2127202 2.0805091 2.1406613 3.1729684 2.1741327 2.4848078 2.4986980 2.6620279 
Tcas_TC034790_001                                             1.6725941 2.0816273 2.0633204 1.9584343 1.8141985 1.7504816 0.0000000 0.8963841 2.0110706 1.9611560 2.0326513 2.0066967 2.1847426 2.1079748 2.2238585 2.2009237 2.1521926 2.2382912 2.2484457 2.2443183 2.9277351 2.4331143 2.0980432 2.0255680 1.9778124 2.0064859 2.1350016 2.0252469 2.0252469 2.4194107 2.0838692 2.3716130 2.7047876 1.7363990 2.3524179 2.3398681 2.4703738 2.3967570 2.0750038 2.6009467 2.7026874 2.5121901 2.9221271 2.2236340 2.4829041 2.4716131 2.3841873 4.3972416 2.5484714 3.0814180 3.1096363 3.0628538 
Dpul_mRNA16591                                                1.6669343 1.8658103 2.1192778 1.8375581 1.6978002 1.6590298 0.8963841 0.0000000 1.9435592 1.9866920 1.8882877 2.2793153 2.2479176 2.1337292 2.1723384 2.0822418 2.0836755 2.3120604 2.2618413 2.2440413 2.6666911 2.5722733 2.4908919 2.3633428 2.1926591 2.3454558 2.4115852 2.3511214 2.3511214 2.3914609 2.0207567 2.2247271 2.7968433 2.1931046 2.5252118 2.3914366 2.7080003 2.6134538 2.0430132 2.4243914 2.4346109 2.4243507 2.6168081 2.0804694 2.2610943 2.4472372 2.3074065 5.0153235 2.5022662 3.0792737 2.7651472 2.9195007 
Exapal_XM_021054379.2                                         1.9664789 1.8029322 1.9289411 1.9250918 1.7607854 1.7072930 2.0110706 1.9435592 0.0000000 0.4993046 1.3464156 1.6979824 1.3150330 1.1895052 1.2309891 1.2025100 1.2032193 1.7682977 1.7752938 1.5909614 2.3287275 2.1539364 2.1127193 1.8181124 1.6958354 1.8482332 1.7584043 1.6513842 1.6513842 2.1733756 1.8558707 1.7831201 2.3679975 1.8233263 2.1369891 2.0748021 1.9537551 2.0211397 2.1391850 2.2433246 1.9748055 2.4999718 2.8676855 2.3064289 2.3964499 2.2255089 2.2098553 4.6357763 2.3069829 2.3145519 2.1511458 2.5996136 
Nvec_v1g246700                                                1.8546731 1.7866337 1.7789091 1.7885039 1.5604578 1.6970168 1.9611560 1.9866920 0.4993046 0.0000000 1.2755008 1.4669134 1.2516116 1.1834526 1.2236690 1.2301440 1.2431736 1.8840283 1.8046133 1.6088090 2.0968267 2.2111033 2.2438283 1.8445666 1.7074487 1.9317481 1.8817018 1.7807674 1.7807674 2.0327021 1.7620536 1.7161037 2.4245931 1.8125326 2.2990475 2.0649437 2.0329024 1.9461223 2.0518770 2.3100395 2.0116247 2.3349098 2.9005662 2.2322936 2.2774436 2.2516426 2.0855493 3.9097546 2.1207297 2.3887073 2.3482873 2.4366109 
Adig_XM_015917856.1                                           1.8631398 1.8638099 2.0296127 1.8272663 1.7892374 1.7862940 2.0326513 1.8882877 1.3464156 1.2755008 0.0000000 0.0073720 0.3989429 0.4475445 0.5078135 0.5466773 0.5567292 1.8861143 1.8059867 1.6882885 2.2018988 2.1286198 2.1585573 1.9874762 1.7980585 2.0107710 2.0115148 1.8690064 1.8690064 2.3345694 1.9242466 1.8950859 2.5499977 2.0291602 2.2615083 2.1776955 2.3334471 2.1115599 1.8941718 2.1760191 2.2591150 2.1660635 2.2591544 1.9059377 1.9863918 2.1014007 2.0441432 3.6587410 2.2320352 2.4677180 2.5981278 2.5745071 
Amil_Amillepora17999-RA                                       2.1368986 2.7483745 2.7695408 2.0001156 2.1823250 2.1505478 2.0066967 2.2793153 1.6979824 1.4669134 0.0073720 0.0000000 0.5588574 0.7037049 0.7481733 0.7702488 0.7832598 2.5570017 2.5745640 2.5820806 3.0866490 3.0955739 0.0000010 2.9200946 2.1528629 2.5870140 2.9147071 2.6122623 2.6122623 3.1188085 3.1188085 2.4542051 2.9842368 1.6341845 2.8514799 2.8804834 2.7016155 2.6010255 2.2427797 2.4525303 3.2023265 2.0337839 0.0000010 0.8525884 2.1112305 2.2599896 2.2183662 2.8887119 2.3209977 2.6888570 3.5368368 3.6558695 
Gfas_gfas1.m1.4201.m1                                         2.0456565 1.9737483 2.0010801 1.9492157 1.8388194 1.8283295 2.1847426 2.2479176 1.3150330 1.2516116 0.3989429 0.5588574 0.0000000 0.3780672 0.3807392 0.4541624 0.4876296 2.0377883 2.0147411 1.8093016 2.2808157 2.2951494 2.4199364 2.0931166 1.9554315 2.1318218 2.0742634 1.9753172 1.9753172 2.2022797 1.8505246 2.1287437 2.6371652 1.8363617 2.3631232 2.2873136 2.3727993 2.2152282 2.0524406 2.4616057 2.2313691 2.4980503 2.6330441 2.1062665 2.4026582 2.1149354 2.3318361 4.3511638 2.4721443 2.5652130 2.5762502 2.6834099 
Fspp_ffun1.m4.13122.m1                                        2.0240776 1.8057568 1.9887167 1.8981832 1.7640475 1.8521104 2.1079748 2.1337292 1.1895052 1.1834526 0.4475445 0.7037049 0.3780672 0.0000000 0.1945974 0.2848536 0.3187292 1.9308683 1.8472774 1.6839459 2.1661781 2.0962701 2.2247454 2.0515419 1.9071511 2.0828938 2.0230509 1.9268297 1.9268297 2.1502739 1.7704171 1.9421551 2.6816514 1.8253194 2.3288363 2.1282068 2.3187070 2.1638175 1.8967998 2.4030269 2.1268864 2.4050549 2.3254768 1.9393865 2.1646240 2.0386785 2.1653207 4.1152362 2.1768174 2.4608360 2.6313696 2.5406900 
Gasp_gasp1.m3.11541.m1                                        2.0377833 1.8122863 1.9734589 1.8781737 1.8360816 1.8264387 2.2238585 2.1723384 1.2309891 1.2236690 0.5078135 0.7481733 0.3807392 0.1945974 0.0000000 0.2965614 0.3319836 1.9414308 1.8601311 1.7356604 2.1756805 2.1657646 2.3409011 2.0593195 1.9305247 2.1572900 2.0718516 2.0438096 2.0438096 2.1764522 1.7950955 2.0091257 2.6903154 1.8484375 2.4120189 2.2663754 2.3155601 2.2488093 1.9508877 2.3262857 2.1220717 2.3283184 2.3182454 1.9353523 2.1184992 2.0759004 2.0920569 4.0685065 2.2247371 2.4733305 2.5376215 2.4761968 
Spis_XP_022805088_1                                           1.9728397 1.7641818 1.8718444 1.8310102 1.7438416 1.7132039 2.2009237 2.0822418 1.2025100 1.2301440 0.5466773 0.7702488 0.4541624 0.2848536 0.2965614 0.0000000 0.0795025 1.8908171 1.7091552 1.5440547 2.0294126 2.0970860 2.1450806 1.9203792 1.8643345 1.9857649 1.9060751 1.8989717 1.8989717 2.1956316 1.8153051 1.9795939 2.5523430 1.7758881 2.2883200 2.2366941 2.1489577 2.1543153 1.8874132 2.3338491 2.1926855 2.3386576 2.2240510 1.8769333 2.0849092 2.1294562 2.0976547 4.3980970 2.2183212 2.2868803 2.4359540 2.3771959 
Pocdam_XM_027203536.1                                         1.9577154 1.8253193 1.8500312 1.8482676 1.7461064 1.7314470 2.1521926 2.0836755 1.2032193 1.2431736 0.5567292 0.7832598 0.4876296 0.3187292 0.3319836 0.0795025 0.0000000 1.8576886 1.7745164 1.5507994 2.1368451 2.1957616 1.9592953 1.8383147 1.8154432 1.9336676 1.8692947 1.8465701 1.8465701 2.2889471 1.8722838 2.0129397 2.6665356 1.8058994 2.3227822 2.2890071 2.2976417 2.2932638 1.9267197 2.3248885 2.2368004 2.3942964 2.2148287 1.9210728 2.1678447 2.1490331 2.1684096 4.3652606 2.2721948 2.3022704 2.4586013 2.3871947 
Nemnom_g7803.t1                                               2.3134722 2.2622229 2.7402032 2.1672582 1.9975326 2.2201106 2.2382912 2.3120604 1.7682977 1.8840283 1.8861143 2.5570017 2.0377883 1.9308683 1.9414308 1.8908171 1.8576886 0.0000000 0.3436875 1.1058426 1.8147129 1.8523320 2.2151991 2.2567443 2.0357225 2.2307884 2.1848572 2.0229270 2.0229270 2.4058551 1.9986226 2.0242012 2.6052905 1.9190184 2.4773521 2.3877281 2.1533626 2.2556847 2.4183713 2.3602970 2.3234411 2.5039826 2.4576134 2.3786563 2.4788455 2.4657576 2.4813121 4.2013264 2.3966083 2.4541374 2.6583173 2.5024695 
Rhoesc_Res_007041-T1                                          2.3237282 2.1496984 2.6724263 2.0901419 2.0342044 2.3144756 2.2484457 2.2618413 1.7752938 1.8046133 1.8059867 2.5745640 2.0147411 1.8472774 1.8601311 1.7091552 1.7745164 0.3436875 0.0000000 1.0256174 1.7312472 1.7843763 2.2206563 2.1700901 1.9727364 2.1362661 2.1694229 2.0190752 2.0190752 2.4536221 1.9951944 1.9042699 2.7197113 2.0239486 2.5921554 2.2464329 2.1222844 2.3278177 2.4503804 2.4322647 2.2701879 2.4466658 2.4218381 2.2129549 2.3415392 2.2849696 2.3898819 4.5257409 2.2579875 2.4276952 2.6976888 2.5600645 
Sanmal_Sma_019089-T1                                          2.1635947 1.8130728 2.0249403 2.0663015 2.1030270 2.0395762 2.2443183 2.2440413 1.5909614 1.6088090 1.6882885 2.5820806 1.8093016 1.6839459 1.7356604 1.5440547 1.5507994 1.1058426 1.0256174 0.0000000 1.7074950 1.7652672 1.9456650 1.9627673 1.8360703 1.9862341 2.0236996 1.8960787 1.8960787 2.5886394 2.0871371 1.8494525 2.1938881 1.8261805 2.4111252 2.3079461 2.1034264 2.1290356 2.0567704 2.2605976 2.4417631 2.4576246 2.6284039 2.0985369 2.4164621 2.4755755 2.4544792 4.4327719 2.3765244 2.6573362 2.5120358 2.4236588 
Morvir_scaffold220.g26.t1                                     2.8269729 2.5908254 2.5009757 2.5895200 2.4153112 2.4884980 2.9277351 2.6666911 2.3287275 2.0968267 2.2018988 3.0866490 2.2808157 2.1661781 2.1756805 2.0294126 2.1368451 1.8147129 1.7312472 1.7074950 0.0000000 2.1875642 3.3658731 2.4923088 2.3190479 2.4925749 2.4852022 2.3561736 2.3561736 3.0817543 2.4497600 2.3794807 2.5430570 2.2332889 2.7358830 2.3910801 2.4044541 2.4354446 2.5716190 2.9022263 2.8376154 2.6589564 2.9876367 2.4185293 2.5501171 2.7840591 2.8440363 5.7278422 2.8285272 2.9674649 3.0813161 2.9102080 
Chem_TCONS_00015136                                           2.4062854 2.3355502 2.6541297 2.5320145 2.2423522 2.2390228 2.4331143 2.5722733 2.1539364 2.2111033 2.1286198 3.0955739 2.2951494 2.0962701 2.1657646 2.0970860 2.1957616 1.8523320 1.7843763 1.7652672 2.1875642 0.0000000 2.3164133 2.3006065 2.2339906 2.2186332 2.3048344 2.1062019 2.1062019 2.7700969 2.1419320 2.4984747 2.4550969 2.0393712 2.3314508 2.1315639 2.4621285 2.1334422 2.7146178 2.6180248 2.8694254 2.9640689 3.1328661 2.5511960 2.7954141 2.5835249 2.7120675 5.3853703 2.8662783 2.8321323 2.8618438 2.8874980 
Tadh_TriadT56371                                              2.1576895 2.4940947 3.6498400 2.2907228 2.3196484 2.4268324 2.0980432 2.4908919 2.1127193 2.2438283 2.1585573 0.0000010 2.4199364 2.2247454 2.3409011 2.1450806 1.9592953 2.2151991 2.2206563 1.9456650 3.3658731 2.3164133 0.0000000 0.0000010 0.2540132 0.3383367 0.3552123 0.3259615 0.3259615 4.8145087 1.8710758 2.0894745 2.8606363 3.4106019 2.7774546 2.2406616 3.0648553 2.3947158 2.0504010 2.2288024 3.5280104 3.9680450 2.4295939 2.8097625 2.7834769 2.6963142 2.3615703 4.6188925 2.4274426 2.6051663 3.0603335 2.7678091 
TrH2_TrispH2_001147-RA                                        2.0917039 1.9601579 2.0137056 1.8914812 1.8255786 1.8976008 2.0255680 2.3633428 1.8181124 1.8445666 1.9874762 2.9200946 2.0931166 2.0515419 2.0593195 1.9203792 1.8383147 2.2567443 2.1700901 1.9627673 2.4923088 2.3006065 0.0000010 0.0000000 0.2882362 0.2541122 0.2897402 0.2694800 0.2694800 2.2435789 1.8038353 2.2961816 2.5314177 2.3326329 2.5275461 2.2142724 2.4129107 2.1362042 2.1584485 1.9819791 2.5725628 2.7700875 2.4998753 2.1990311 2.3991607 2.5967255 2.3132608 4.1886694 2.3536040 2.3913307 2.2802608 2.3910818 
HoiH11_mRNA5772                                               1.8878255 1.9473144 2.0880634 1.7487367 1.7650885 1.8132650 1.9778124 2.1926591 1.6958354 1.7074487 1.7980585 2.1528629 1.9554315 1.9071511 1.9305247 1.8643345 1.8154432 2.0357225 1.9727364 1.8360703 2.3190479 2.2339906 0.2540132 0.2882362 0.0000000 0.2230217 0.2431041 0.2382329 0.2382329 2.0860268 1.6680749 2.1547274 2.7093868 2.3518633 2.6678941 2.2386557 2.3162335 2.1059236 2.0724355 2.1295350 2.5322661 2.5268452 2.2786753 2.1197721 2.2137335 2.3539109 2.1869864 3.8114694 2.0109153 2.2388838 2.3022477 2.4660995 
HoiH06_mRNA1408                                               2.1054979 1.9831199 1.8809603 1.9173455 1.7523493 1.8611155 2.0064859 2.3454558 1.8482332 1.9317481 2.0107710 2.5870140 2.1318218 2.0828938 2.1572900 1.9857649 1.9336676 2.2307884 2.1362661 1.9862341 2.4925749 2.2186332 0.3383367 0.2541122 0.2230217 0.0000000 0.0388103 0.1086100 0.1086100 2.2975604 1.8051381 2.2065415 2.3631192 2.2917486 2.4211843 2.2046649 2.3986659 2.2852686 2.0501831 2.1504568 2.7093713 2.7012746 2.4343097 2.4415387 2.4762737 2.4116545 2.3706722 3.8818450 2.2459392 2.5121070 2.5610413 2.4712347 
HoiH23_PlH23_000220-RA                                        2.1950245 1.9169753 2.1859873 1.9845331 1.8041662 1.9549556 2.1350016 2.4115852 1.7584043 1.8817018 2.0115148 2.9147071 2.0742634 2.0230509 2.0718516 1.9060751 1.8692947 2.1848572 2.1694229 2.0236996 2.4852022 2.3048344 0.3552123 0.2897402 0.2431041 0.0388103 0.0000000 0.1175761 0.1175761 2.2458851 1.7978367 2.2252249 2.5268084 2.3234133 2.5533061 2.3146320 2.3836804 2.2383322 2.1684758 2.1335742 2.6559216 2.6900162 2.3454874 2.2796806 2.4260978 2.5386605 2.3151597 4.5446535 2.3001625 2.5363911 2.4613818 2.4285786 
Hhon_g04348.t1                                                2.0864352 1.9423854 1.9291124 1.8919888 1.7030734 1.8833594 2.0252469 2.3511214 1.6513842 1.7807674 1.8690064 2.6122623 1.9753172 1.9268297 2.0438096 1.8989717 1.8465701 2.0229270 2.0190752 1.8960787 2.3561736 2.1062019 0.3259615 0.2694800 0.2382329 0.1086100 0.1175761 0.0000000 0.0000010 2.0898104 1.7475979 2.1874629 2.5077696 2.3186925 2.5753150 2.2581464 2.4014060 2.1434598 2.1230686 2.0210893 2.4812144 2.4775375 2.2961443 2.1629935 2.3374792 2.3170621 2.2422318 3.6978481 2.1940970 2.4277806 2.3972736 2.3508402 
HoiH04_mRNA5105                                               2.0864352 1.9423854 1.9291124 1.8919888 1.7030734 1.8833594 2.0252469 2.3511214 1.6513842 1.7807674 1.8690064 2.6122623 1.9753172 1.9268297 2.0438096 1.8989717 1.8465701 2.0229270 2.0190752 1.8960787 2.3561736 2.1062019 0.3259615 0.2694800 0.2382329 0.1086100 0.1175761 0.0000010 0.0000000 2.0898104 1.7475979 2.1874629 2.5077696 2.3186925 2.5753150 2.2581464 2.4014060 2.1434598 2.1230686 2.0210893 2.4812144 2.4775375 2.2961443 2.1629935 2.3374792 2.3170621 2.2422318 3.6978481 2.1940970 2.4277806 2.3972736 2.3508402 
Ocar_g4783                                                    2.1101330 2.2156291 1.7819592 2.3685102 2.0582452 2.1913574 2.4194107 2.3914609 2.1733756 2.0327021 2.3345694 3.1188085 2.2022797 2.1502739 2.1764522 2.1956316 2.2889471 2.4058551 2.4536221 2.5886394 3.0817543 2.7700969 4.8145087 2.2435789 2.0860268 2.2975604 2.2458851 2.0898104 2.0898104 0.0000000 0.0819456 1.5714757 2.5896543 1.8330383 2.7441431 2.3929720 2.4298180 2.3411971 2.6489192 2.3762922 2.4162027 2.8241238 3.6325348 2.5916687 2.8428653 2.9166911 2.7538114 4.6297260 2.9906097 2.8230719 2.3388525 2.7800680 
Opea_EP00118_Oscarella_pearsei_P003378                        1.7844346 1.6954940 1.7819592 2.0115539 1.7291376 1.7430680 2.0838692 2.0207567 1.8558707 1.7620536 1.9242466 3.1188085 1.8505246 1.7704171 1.7950955 1.8153051 1.8722838 1.9986226 1.9951944 2.0871371 2.4497600 2.1419320 1.8710758 1.8038353 1.6680749 1.8051381 1.7978367 1.7475979 1.7475979 0.0819456 0.0000000 1.2445355 2.2828762 1.7536902 2.3045840 1.9783464 2.3054009 1.9611016 2.1174934 2.0289138 2.0019540 2.4423503 2.2605679 1.9631376 2.3357769 2.3183538 2.3245283 4.6162277 2.3652516 2.3394633 2.2565653 2.3218434 
Plajan_Pjan_C561072_01                                        2.0757861 2.1838059 2.2883229 1.8455018 2.0296154 1.8822180 2.3716130 2.2247271 1.7831201 1.7161037 1.8950859 2.4542051 2.1287437 1.9421551 2.0091257 1.9795939 2.0129397 2.0242012 1.9042699 1.8494525 2.3794807 2.4984747 2.0894745 2.2961816 2.1547274 2.2065415 2.2252249 2.1874629 2.1874629 1.5714757 1.2445355 0.0000000 2.4733907 2.0330157 2.6534450 2.1042122 2.0787618 2.1555490 2.1961286 1.8255203 2.0984100 2.2691119 2.4364655 2.1306296 2.3758722 2.3744479 2.3904597 4.5095200 2.2620583 2.4463616 2.6423925 2.6346939 
Aque_Aqu2.1.38619_001                                         2.5345278 2.6377120 3.1006659 2.6609381 2.5839661 2.2771234 2.7047876 2.7968433 2.3679975 2.4245931 2.5499977 2.9842368 2.6371652 2.6816514 2.6903154 2.5523430 2.6665356 2.6052905 2.7197113 2.1938881 2.5430570 2.4550969 2.8606363 2.5314177 2.7093868 2.3631192 2.5268084 2.5077696 2.5077696 2.5896543 2.2828762 2.4733907 0.0000000 1.1903052 1.0603130 1.6918150 1.8260437 2.0440101 2.3980438 2.8623223 3.3127602 2.8222957 2.8887703 2.8062361 2.8002341 3.0359812 2.8004086 4.5933848 2.9462344 2.9187395 3.0058895 2.9565443 
Xestes_maker-XT_scaffold190021-augustus-gene-0.2-mRNA-1       1.8457902 1.8677045 2.2021022 2.0064699 1.8708377 1.7147614 1.7363990 2.1931046 1.8233263 1.8125326 2.0291602 1.6341845 1.8363617 1.8253194 1.8484375 1.7758881 1.8058994 1.9190184 2.0239486 1.8261805 2.2332889 2.0393712 3.4106019 2.3326329 2.3518633 2.2917486 2.3234133 2.3186925 2.3186925 1.8330383 1.7536902 2.0330157 1.1903052 0.0000000 0.9017891 1.2743378 1.3607177 1.5039080 2.0675969 2.4641034 2.6395963 2.1535570 3.0303915 2.3775191 2.1693121 2.1865112 2.2626974 5.5025409 1.9561937 2.5680288 2.9618810 2.7261340 
Halamb_c23838_g1_i1m.4347                                     2.7081874 2.3520591 2.7845155 2.5532388 2.2641129 2.0332225 2.3524179 2.5252118 2.1369891 2.2990475 2.2615083 2.8514799 2.3631232 2.3288363 2.4120189 2.2883200 2.3227822 2.4773521 2.5921554 2.4111252 2.7358830 2.3314508 2.7774546 2.5275461 2.6678941 2.4211843 2.5533061 2.5753150 2.5753150 2.7441431 2.3045840 2.6534450 1.0603130 0.9017891 0.0000000 1.6084860 1.8628671 1.9547340 2.3759618 2.9461321 2.9786069 2.8003073 2.4928766 2.6981977 2.7028209 2.9658792 2.8042401 4.5722709 2.7131668 2.9816350 3.0456999 2.9867188 
Tetwil_g5274.t2                                               2.3515829 2.2936317 2.0943174 2.0892341 1.7549911 1.8491065 2.3398681 2.3914366 2.0748021 2.0649437 2.1776955 2.8804834 2.2873136 2.1282068 2.2663754 2.2366941 2.2890071 2.3877281 2.2464329 2.3079461 2.3910801 2.1315639 2.2406616 2.2142724 2.2386557 2.2046649 2.3146320 2.2581464 2.2581464 2.3929720 1.9783464 2.1042122 1.6918150 1.2743378 1.6084860 0.0000000 1.2058585 1.3910424 2.2595012 2.3406823 2.8001900 2.4773557 2.3148877 2.3064499 2.3356167 2.2697777 2.4840041 4.4196517 2.3439162 2.8079485 2.7383029 2.7940306 
Stycar_snap_masked-SC_scaffold3106-processed-gene-0.16-mRNA-1 2.5513145 2.4200545 2.5073694 2.3038757 2.2322671 2.1147274 2.4703738 2.7080003 1.9537551 2.0329024 2.3334471 2.7016155 2.3727993 2.3187070 2.3155601 2.1489577 2.2976417 2.1533626 2.1222844 2.1034264 2.4044541 2.4621285 3.0648553 2.4129107 2.3162335 2.3986659 2.3836804 2.4014060 2.4014060 2.4298180 2.3054009 2.0787618 1.8260437 1.3607177 1.8628671 1.2058585 0.0000000 1.4293474 2.4488362 2.3893086 2.8158477 2.1791860 3.4126737 2.5823100 2.4199957 2.5907285 2.3374177 3.8088205 2.4854872 3.2291940 3.3264612 3.1223533 
Spolac_c103102_g1_i1_m.32494c103102-g1                        2.4481678 2.2759879 2.6288748 2.0282588 1.9880957 2.1125193 2.3967570 2.6134538 2.0211397 1.9461223 2.1115599 2.6010255 2.2152282 2.1638175 2.2488093 2.1543153 2.2932638 2.2556847 2.3278177 2.1290356 2.4354446 2.1334422 2.3947158 2.1362042 2.1059236 2.2852686 2.2383322 2.1434598 2.1434598 2.3411971 1.9611016 2.1555490 2.0440101 1.5039080 1.9547340 1.3910424 1.4293474 0.0000000 2.5404864 2.3043486 2.3571820 2.7491526 2.6060035 2.2865326 2.5280987 2.5591500 2.4071294 3.7646196 2.2920346 2.9845280 2.7393197 2.6790565 
Bralan_BLAG02001054_1                                         1.7004133 1.8363956 2.0428724 1.9096128 1.9030303 1.6784555 2.0750038 2.0430132 2.1391850 2.0518770 1.8941718 2.2427797 2.0524406 1.8967998 1.9508877 1.8874132 1.9267197 2.4183713 2.4503804 2.0567704 2.5716190 2.7146178 2.0504010 2.1584485 2.0724355 2.0501831 2.1684758 2.1230686 2.1230686 2.6489192 2.1174934 2.1961286 2.3980438 2.0675969 2.3759618 2.2595012 2.4488362 2.5404864 0.0000000 2.4767151 2.4994668 2.6257559 2.3742615 2.3541382 2.4859378 2.4297547 2.3558117 4.0058793 2.4589064 2.8248003 3.0576604 2.6519255 
Gracom_Gcom_scaffold14501_01                                  2.1943174 2.1915574 2.3504304 2.2343975 2.3370765 2.1643984 2.6009467 2.4243914 2.2433246 2.3100395 2.1760191 2.4525303 2.4616057 2.4030269 2.3262857 2.3338491 2.3248885 2.3602970 2.4322647 2.2605976 2.9022263 2.6180248 2.2288024 1.9819791 2.1295350 2.1504568 2.1335742 2.0210893 2.0210893 2.3762922 2.0289138 1.8255203 2.8623223 2.4641034 2.9461321 2.3406823 2.3893086 2.3043486 2.4767151 0.0000000 1.6842363 2.4269309 3.0363754 2.0898240 2.4907842 2.4847548 2.5819591 4.7858565 2.4773986 2.1294071 2.3272919 2.2962774 
Clacor_Ccor_scaffold13466_01                                  2.2098729 2.4095394 2.5493004 2.5223278 2.3757955 2.6162730 2.7026874 2.4346109 1.9748055 2.0116247 2.2591150 3.2023265 2.2313691 2.1268864 2.1220717 2.1926855 2.2368004 2.3234411 2.2701879 2.4417631 2.8376154 2.8694254 3.5280104 2.5725628 2.5322661 2.7093713 2.6559216 2.4812144 2.4812144 2.4162027 2.0019540 2.0984100 3.3127602 2.6395963 2.9786069 2.8001900 2.8158477 2.3571820 2.4994668 1.6842363 0.0000000 2.5370135 2.8577404 2.3024923 2.3782841 2.4115508 2.5241438 5.2311211 2.3904427 2.1972282 2.3357348 2.1448589 
Mlei_ML0786.g3.i1                                             2.3469431 2.0810771 1.9579922 2.2002155 2.2601613 2.2160606 2.5121901 2.4243507 2.4999718 2.3349098 2.1660635 2.0337839 2.4980503 2.4050549 2.3283184 2.3386576 2.3942964 2.5039826 2.4466658 2.4576246 2.6589564 2.9640689 3.9680450 2.7700875 2.5268452 2.7012746 2.6900162 2.4775375 2.4775375 2.8241238 2.4423503 2.2691119 2.8222957 2.1535570 2.8003073 2.4773557 2.1791860 2.7491526 2.6257559 2.4269309 2.5370135 0.0000000 1.2036128 1.0183856 0.9552760 0.6508458 0.7320625 1.5775402 0.7957480 3.0878601 3.1391533 2.9965647 
Vmul_sbMO379624                                               2.6774508 2.5364745 3.2506261 2.3678376 2.7854770 2.4672433 2.9221271 2.6168081 2.8676855 2.9005662 2.2591544 0.0000010 2.6330441 2.3254768 2.3182454 2.2240510 2.2148287 2.4576134 2.4218381 2.6284039 2.9876367 3.1328661 2.4295939 2.4998753 2.2786753 2.4343097 2.3454874 2.2961443 2.2961443 3.6325348 2.2605679 2.4364655 2.8887703 3.0303915 2.4928766 2.3148877 3.4126737 2.6060035 2.3742615 3.0363754 2.8577404 1.2036128 0.0000000 0.4837226 0.4805080 0.8648215 0.7386907 3.0699391 0.9103536 3.3912442 3.4234808 3.0829472 
Coeast_Cast_sb768405                                          2.0778267 2.1806496 2.0846794 2.0635814 2.1414327 2.2471054 2.2236340 2.0804694 2.3064289 2.2322936 1.9059377 0.8525884 2.1062665 1.9393865 1.9353523 1.8769333 1.9210728 2.3786563 2.2129549 2.0985369 2.4185293 2.5511960 2.8097625 2.1990311 2.1197721 2.4415387 2.2796806 2.1629935 2.1629935 2.5916687 1.9631376 2.1306296 2.8062361 2.3775191 2.6981977 2.3064499 2.5823100 2.2865326 2.3541382 2.0898240 2.3024923 1.0183856 0.4837226 0.0000000 0.0536518 0.8777296 0.7159466 3.2015154 1.0548393 2.5562026 2.8425398 2.8491377 
Coemet_Cmet_C599247_01                                        2.1778243 2.2205452 2.2434416 2.0263647 2.1490219 2.2127202 2.4829041 2.2610943 2.3964499 2.2774436 1.9863918 2.1112305 2.4026582 2.1646240 2.1184992 2.0849092 2.1678447 2.4788455 2.3415392 2.4164621 2.5501171 2.7954141 2.7834769 2.3991607 2.2137335 2.4762737 2.4260978 2.3374792 2.3374792 2.8428653 2.3357769 2.3758722 2.8002341 2.1693121 2.7028209 2.3356167 2.4199957 2.5280987 2.4859378 2.4907842 2.3782841 0.9552760 0.4805080 0.0536518 0.0000000 0.8081545 0.7127895 1.6785722 1.0078698 2.6672953 3.0329396 3.0665491 
Drygla_Dgla_sb289477                                          2.2271671 1.9533576 1.9296063 1.9418127 2.2293438 2.0805091 2.4716131 2.4472372 2.2255089 2.2516426 2.1014007 2.2599896 2.1149354 2.0386785 2.0759004 2.1294562 2.1490331 2.4657576 2.2849696 2.4755755 2.7840591 2.5835249 2.6963142 2.5967255 2.3539109 2.4116545 2.5386605 2.3170621 2.3170621 2.9166911 2.3183538 2.3744479 3.0359812 2.1865112 2.9658792 2.2697777 2.5907285 2.5591500 2.4297547 2.4847548 2.4115508 0.6508458 0.8648215 0.8777296 0.8081545 0.0000000 0.6667606 1.4752931 0.6757625 2.8129624 2.9534401 2.8056865 
Lampan_Lpan_13714_01                                          2.0986466 2.0198322 2.2351265 2.0898411 2.1920636 2.1406613 2.3841873 2.3074065 2.2098553 2.0855493 2.0441432 2.2183662 2.3318361 2.1653207 2.0920569 2.0976547 2.1684096 2.4813121 2.3898819 2.4544792 2.8440363 2.7120675 2.3615703 2.3132608 2.1869864 2.3706722 2.3151597 2.2422318 2.2422318 2.7538114 2.3245283 2.3904597 2.8004086 2.2626974 2.8042401 2.4840041 2.3374177 2.4071294 2.3558117 2.5819591 2.5241438 0.7320625 0.7386907 0.7159466 0.7127895 0.6667606 0.0000000 1.2864791 0.7642187 2.7029167 2.7497587 2.7891588 
Pbac_sb2653097                                                4.3848264 3.9739877 3.2010407 3.3823497 3.3280941 3.1729684 4.3972416 5.0153235 4.6357763 3.9097546 3.6587410 2.8887119 4.3511638 4.1152362 4.0685065 4.3980970 4.3652606 4.2013264 4.5257409 4.4327719 5.7278422 5.3853703 4.6188925 4.1886694 3.8114694 3.8818450 4.5446535 3.6978481 3.6978481 4.6297260 4.6162277 4.5095200 4.5933848 5.5025409 4.5722709 4.4196517 3.8088205 3.7646196 4.0058793 4.7858565 5.2311211 1.5775402 3.0699391 3.2015154 1.6785722 1.4752931 1.2864791 0.0000000 0.5412087 5.3295367 5.7106972 5.2495118 
Horcal_Hcv1.av93.c4.g909.i1                                   2.3937907 2.1516980 2.2659225 2.1139828 2.1917067 2.1741327 2.5484714 2.5022662 2.3069829 2.1207297 2.2320352 2.3209977 2.4721443 2.1768174 2.2247371 2.2183212 2.2721948 2.3966083 2.2579875 2.3765244 2.8285272 2.8662783 2.4274426 2.3536040 2.0109153 2.2459392 2.3001625 2.1940970 2.1940970 2.9906097 2.3652516 2.2620583 2.9462344 1.9561937 2.7131668 2.3439162 2.4854872 2.2920346 2.4589064 2.4773986 2.3904427 0.7957480 0.9103536 1.0548393 1.0078698 0.6757625 0.7642187 0.5412087 0.0000000 2.6765487 2.9592021 2.8294180 
Scil_scict017189.1                                            2.8030490 2.7745981 3.1743101 2.8435362 2.5749813 2.4848078 3.0814180 3.0792737 2.3145519 2.3887073 2.4677180 2.6888570 2.5652130 2.4608360 2.4733305 2.2868803 2.3022704 2.4541374 2.4276952 2.6573362 2.9674649 2.8321323 2.6051663 2.3913307 2.2388838 2.5121070 2.5363911 2.4277806 2.4277806 2.8230719 2.3394633 2.4463616 2.9187395 2.5680288 2.9816350 2.8079485 3.2291940 2.9845280 2.8248003 2.1294071 2.1972282 3.0878601 3.3912442 2.5562026 2.6672953 2.8129624 2.7029167 5.3295367 2.6765487 0.0000000 1.0789000 1.2435001 
Leuniv_Lniv_scaffold14269_01                                  2.8602676 2.5706074 2.7160005 2.7330593 2.6214174 2.4986980 3.1096363 2.7651472 2.1511458 2.3482873 2.5981278 3.5368368 2.5762502 2.6313696 2.5376215 2.4359540 2.4586013 2.6583173 2.6976888 2.5120358 3.0813161 2.8618438 3.0603335 2.2802608 2.3022477 2.5610413 2.4613818 2.3972736 2.3972736 2.3388525 2.2565653 2.6423925 3.0058895 2.9618810 3.0456999 2.7383029 3.3264612 2.7393197 3.0576604 2.3272919 2.3357348 3.1391533 3.4234808 2.8425398 3.0329396 2.9534401 2.7497587 5.7106972 2.9592021 1.0789000 0.0000000 1.3623534 
Lcom_lcpid63956                                               2.9427740 2.5727680 2.7525115 2.9062589 2.5925069 2.6620279 3.0628538 2.9195007 2.5996136 2.4366109 2.5745071 3.6558695 2.6834099 2.5406900 2.4761968 2.3771959 2.3871947 2.5024695 2.5600645 2.4236588 2.9102080 2.8874980 2.7678091 2.3910818 2.4660995 2.4712347 2.4285786 2.3508402 2.3508402 2.7800680 2.3218434 2.6346939 2.9565443 2.7261340 2.9867188 2.7940306 3.1223533 2.6790565 2.6519255 2.2962774 2.1448589 2.9965647 3.0829472 2.8491377 3.0665491 2.8056865 2.7891588 5.2495118 2.8294180 1.2435001 1.3623534 0.0000000 
