47
Bralan_BLAG09000927_3                               0.0000000 0.5648774 2.0385063 2.0087242 2.0406923 2.1741254 2.1270234 1.8096002 1.3703007 1.7442193 1.7869005 1.7890063 0.9506656 1.2902464 1.9206009 2.0453487 2.1285929 1.6419405 1.6307928 2.0252685 2.1241492 1.7914486 1.5233604 2.0427098 1.8107285 2.4295608 2.4819708 2.0716932 3.1350321 2.8608843 2.2925697 1.8581507 2.1740629 1.9416570 2.4099194 2.4151777 2.6048096 2.1369472 2.1167779 1.6601564 2.0489496 2.5560772 3.0503794 2.8747751 2.2407067 2.8620279 4.5764803 
Tadh_TriadT21840                                    0.5648774 0.0000000 0.0822922 0.1625330 0.1646744 0.1464484 0.1454671 0.6076096 0.5693754 0.5388999 0.5209793 0.5401705 0.4999486 0.5547422 0.6437421 0.7038267 0.6364459 0.6210026 0.6557334 0.8129207 0.4241667 0.5819799 0.8417221 0.8161138 0.8943292 0.7272969 0.6466034 0.7224844 1.1279515 1.1202628 1.1031675 1.1031675 1.0247706 1.0799123 1.0801305 1.0725666 1.1443907 0.9897457 0.9891407 0.7191798 0.7855604 1.0613981 1.2433038 0.8780008 0.6647050 0.8952628 2.5639415 
TrH2_TrispH2_010981-RA                              2.0385063 0.0822922 0.0000000 0.3529408 0.3710127 0.4469123 0.4878666 1.8237868 1.3593102 1.7310966 1.7642814 1.8764748 0.9655246 1.6427937 2.0971843 2.0951195 2.5529394 2.3997032 2.2048137 2.1154530 2.3985305 2.0309958 1.9307294 2.4419060 2.1481931 2.3477947 2.3578721 2.1109050 3.2007346 2.9544539 1.8630935 1.6583883 1.8067476 1.6353243 2.1868846 2.4568460 2.4974914 1.7938116 1.9794678 2.2111789 2.2976727 2.2326650 3.2390059 2.5679669 2.0923082 2.8686844 4.0174661 
HoiH06_mRNA4192                                     2.0087242 0.1625330 0.3529408 0.0000000 0.0571235 0.1759545 0.1779487 1.8462081 1.4508353 1.8342967 1.9634962 2.1193704 1.0960607 1.7847457 2.1658465 2.2916541 2.6636446 2.5976008 2.3523819 2.3820225 2.7300690 2.2525961 2.0401597 2.5191853 2.2769727 2.6063127 2.4505962 2.2556729 3.3628263 3.0570563 1.8487812 1.6597037 1.6992141 1.6381806 2.2564175 2.5018863 2.5284251 1.7994568 2.0232401 2.3215872 2.3582626 2.3587572 3.3642927 2.7677548 1.9121061 3.0750770 4.2138478 
HoiH23_PlH23_010832-RA                              2.0406923 0.1646744 0.3710127 0.0571235 0.0000000 0.1852172 0.1872274 1.8466587 1.4328500 1.8911870 1.9665758 2.1457730 1.0809310 1.7986949 2.1671466 2.2579706 2.7053554 2.5440726 2.3655496 2.3940969 2.8021467 2.2018696 2.0145851 2.4873613 2.2390252 2.6260675 2.5006705 2.2924038 3.3509077 3.1088670 1.8631854 1.6832429 1.7065620 1.6434543 2.2386482 2.4593869 2.5561095 1.7958254 2.0463712 2.3825346 2.3823165 2.4585932 3.3688492 2.8016095 1.9487863 3.0826500 4.2119101 
Hhon_g00333.t1                                      2.1741254 0.1464484 0.4469123 0.1759545 0.1852172 0.0000000 0.0257678 1.9423512 1.3419855 1.7667121 2.0184932 2.1598555 0.9532014 1.8665484 2.0744409 2.2419846 2.5892506 2.4358661 2.3607147 2.5775437 2.6205802 2.2866625 1.9027542 2.4895102 2.4022903 2.5076393 2.6950299 2.3531436 3.1978883 2.9201969 1.7475505 1.4716122 1.6188798 1.4188776 2.1173725 2.4780977 2.4035455 1.7048283 1.8001252 2.3736598 2.4077529 2.2979044 3.3275063 2.8428124 1.9352291 3.3214665 3.9422540 
HoiH04_mRNA7362                                     2.1270234 0.1454671 0.4878666 0.1779487 0.1872274 0.0257678 0.0000000 1.8738696 1.3471939 1.8157266 2.1008695 2.2474066 0.9455017 1.9303815 2.1311288 2.2421596 2.5605016 2.3912351 2.4247499 2.6640041 2.6811381 2.4122388 1.8791566 2.5064857 2.4422139 2.5829279 2.7079304 2.4203785 3.2545546 2.9780892 1.6782776 1.4496972 1.5575941 1.3986800 2.1323269 2.4757674 2.3619384 1.6842578 1.7441156 2.3969789 2.3992010 2.3011928 3.3994863 2.9101448 1.9222794 3.2810814 4.0184970 
Adig_XM_015904064.1                                 1.8096002 0.6076096 1.8237868 1.8462081 1.8466587 1.9423512 1.8738696 0.0000000 0.2218201 0.4789223 0.5566100 0.6579166 0.4221927 1.2977431 1.0283395 1.0180951 1.5993264 1.6091016 1.6035971 1.4051502 0.2597775 1.6120111 1.3313468 1.4334554 1.3724441 1.6709063 1.6100015 1.5738183 2.3915107 2.2270799 1.6870947 1.4114896 1.7257319 1.6231751 2.2623268 2.3092568 2.1802456 2.0823021 1.8033242 1.5789776 1.6249521 2.0690819 2.5538114 2.2200910 1.7312319 2.1315250 3.5994761 
Gfas_gfas1.m1.17476.m1                              1.3703007 0.5693754 1.3593102 1.4508353 1.4328500 1.3419855 1.3471939 0.2218201 0.0000000 0.1793235 0.2355516 0.3122136 0.3666386 1.0325660 0.7399276 0.8122674 1.5082778 1.2246822 1.2630622 1.0262564 0.2505628 1.1645953 1.1129328 1.1667602 1.0238518 1.1847988 1.1489403 1.1622700 1.7609437 1.9434288 1.7335384 1.4506929 1.6727859 1.5842245 2.1733130 2.1207162 2.1258782 1.9216959 1.6556274 1.3181478 1.2922980 1.6038388 1.8494619 1.7270204 1.6515751 1.7046118 3.6962699 
Gasp_gasp1.m3.20840.m1                              1.7442193 0.5388999 1.7310966 1.8342967 1.8911870 1.7667121 1.8157266 0.4789223 0.1793235 0.0000000 0.3192457 0.3516496 0.2489378 1.3564924 0.9743205 0.9959840 1.9595875 1.8345890 1.7551228 1.4438567 0.6234429 1.8367981 1.2155847 1.6745316 1.4814626 1.7330213 1.7410473 1.5959366 2.5432642 2.4214541 1.5719203 1.3171450 1.6153141 1.4996606 2.0824094 2.2031678 2.0093704 1.7878731 1.5600460 1.7760067 1.8371790 1.9905267 2.5409471 2.5581777 1.7625055 2.4857238 4.8510081 
Spis_XP_022794564_1                                 1.7869005 0.5209793 1.7642814 1.9634962 1.9665758 2.0184932 2.1008695 0.5566100 0.2355516 0.3192457 0.0000000 0.1792370 0.2562060 1.3505205 0.9582728 1.0969489 1.9792063 1.7420840 1.8029654 1.4349985 0.7637294 1.7730210 1.2413480 1.7674204 1.6322923 1.8931593 1.9078987 1.7316975 2.8296124 2.6481560 1.7737899 1.4585584 1.7609316 1.5854439 2.3580007 2.5344441 2.2819611 2.0681436 1.8587006 1.9355119 1.8248795 2.0774279 2.6493237 2.8116073 1.9164375 2.7089384 4.8166291 
Pocdam_XM_027195360.1                               1.7890063 0.5401705 1.8764748 2.1193704 2.1457730 2.1598555 2.2474066 0.6579166 0.3122136 0.3516496 0.1792370 0.0000000 0.2464957 1.4719619 1.1230388 1.2279154 2.1424179 1.8075708 1.9816426 1.6221980 0.7637970 1.9658118 1.4396185 2.0130917 1.8258975 2.0867167 2.1236012 1.8922623 2.9017390 2.7687842 1.9777055 1.6490350 1.9373981 1.7815881 2.5282685 2.8095556 2.4506078 2.2599442 2.0448362 1.9144053 1.9704658 2.0193747 2.5127499 3.0646999 1.9109443 2.9568892 4.8461064 
Fspp_ffun1.m4.28371.m1                              0.9506656 0.4999486 0.9655246 1.0960607 1.0809310 0.9532014 0.9455017 0.4221927 0.3666386 0.2489378 0.2562060 0.2464957 0.0000000 0.8399846 0.7264564 0.8406101 1.0549628 0.8040016 1.0498888 0.8554242 0.3289984 1.0193210 1.0828590 1.1277390 0.9931972 1.1423107 1.0766142 0.8885955 1.5004772 1.5819800 1.6293768 1.5567882 1.5646789 1.5967280 1.5466924 1.4881354 1.6181400 1.5898556 1.4910770 0.8925070 1.1614228 1.2618311 1.3212747 1.4314532 1.0745699 1.3013307 2.5642482 
Skow_XM_006823672.1                                 1.2902464 0.5547422 1.6427937 1.7847457 1.7986949 1.8665484 1.9303815 1.2977431 1.0325660 1.3564924 1.3505205 1.4719619 0.8399846 0.0000000 1.4907796 1.4467381 1.6221362 1.4853542 1.3907208 1.8908691 1.6909867 1.5716559 1.4603376 1.8176683 1.5185619 1.9506013 1.8487944 1.7474357 2.6564976 2.4536847 1.8926138 1.6141826 1.8047676 1.6792257 2.2696137 2.4958061 2.1911795 1.8957390 1.9904608 1.5159229 1.4708493 2.1828874 2.5801528 2.4193638 2.2242994 2.4419985 4.5835976 
Nvec_v1g31926                                       1.9206009 0.6437421 2.0971843 2.1658465 2.1671466 2.0744409 2.1311288 1.0283395 0.7399276 0.9743205 0.9582728 1.1230388 0.7264564 1.4907796 0.0000000 0.9480314 2.0089254 2.0685412 1.8306156 1.6901039 1.3263360 1.9792230 1.3618108 1.9877193 1.9721239 2.1865218 2.3260905 1.7718299 2.6878960 2.6222034 1.9286829 1.6374209 2.0337577 1.7346327 2.4931452 2.6083779 2.3183946 2.2032894 1.9859919 2.1636398 2.2820090 2.2691201 2.7111234 2.8490043 2.1035804 2.8040935 4.8865037 
Exapal_XM_028660292.1                               2.0453487 0.7038267 2.0951195 2.2916541 2.2579706 2.2419846 2.2421596 1.0180951 0.8122674 0.9959840 1.0969489 1.2279154 0.8406101 1.4467381 0.9480314 0.0000000 1.7141282 1.8965999 1.9438430 1.4674560 1.3186203 1.8370289 1.3637250 1.7131264 1.5650623 1.8230762 1.7607340 1.4932207 2.7539218 2.8823881 2.2226704 1.7780939 2.2179531 2.0911289 3.0411117 3.0816555 2.7107871 2.3987343 2.2888336 1.9926963 1.8788763 2.0572978 2.3702653 2.3322292 2.0439686 2.2674610 4.5458497 
Tcas_TC000041_002                                   2.1285929 0.6364459 2.5529394 2.6636446 2.7053554 2.5892506 2.5605016 1.5993264 1.5082778 1.9595875 1.9792063 2.1424179 1.0549628 1.6221362 2.0089254 1.7141282 0.0000000 1.9541326 1.9876212 1.9617753 2.3366711 1.8469721 1.7655284 2.3504123 2.1096109 2.4662171 2.5257247 2.1716641 2.7802114 2.8176454 1.9018009 1.5723677 1.9481610 1.7589143 2.5930666 2.9202606 2.4193402 2.0218628 2.1637189 2.0788384 1.6881508 2.5623631 2.8909409 2.8161991 2.5318280 2.6274716 6.1817193 
Acagra_model.g5077.t1                               1.6419405 0.6210026 2.3997032 2.5976008 2.5440726 2.4358661 2.3912351 1.6091016 1.2246822 1.8345890 1.7420840 1.8075708 0.8040016 1.4853542 2.0685412 1.8965999 1.9541326 0.0000000 1.3732377 2.1477659 2.2410070 1.4713243 1.3847184 2.2979214 1.8317853 2.2797652 2.3993876 2.3144635 3.1231907 2.5965286 1.8336711 1.3964933 1.8717418 1.5571269 2.2034816 2.4982672 2.1638499 1.5913655 1.7998907 1.7743648 1.9467102 2.0766112 2.7631613 3.0509670 2.5828871 3.2378847 5.9563783 
Cgig_XM_011440697.2                                 1.6307928 0.6557334 2.2048137 2.3523819 2.3655496 2.3607147 2.4247499 1.6035971 1.2630622 1.7551228 1.8029654 1.9816426 1.0498888 1.3907208 1.8306156 1.9438430 1.9876212 1.3732377 0.0000000 1.9002712 2.1815550 1.5882615 1.6686990 2.2837270 2.1107447 2.1044768 2.1888251 1.9237403 2.8551626 2.7960408 2.1145344 1.6089731 2.0332929 1.6600897 2.2776337 2.5061543 2.1667802 1.9568605 1.9959820 1.8136430 2.0892512 2.1111237 2.7569010 2.5689618 2.1702316 2.9262163 5.2895727 
Dgig_XM_028539285.1                                 2.0252685 0.8129207 2.1154530 2.3820225 2.3940969 2.5775437 2.6640041 1.4051502 1.0262564 1.4438567 1.4349985 1.6221980 0.8554242 1.8908691 1.6901039 1.4674560 1.9617753 2.1477659 1.9002712 0.0000000 1.9182184 2.0815954 1.3100580 1.9063882 1.8275137 2.0895564 1.9689042 0.9380707 3.2495653 3.0038435 1.9078157 1.6978448 1.9563793 1.9747673 2.3512203 2.4884425 2.3535584 2.0197721 2.0837290 2.2470735 2.1953005 2.2268293 2.7190712 2.5794936 1.9906984 2.8766564 4.9355784 
Amil_Amillepora13631-RA                             2.1241492 0.4241667 2.3985305 2.7300690 2.8021467 2.6205802 2.6811381 0.2597775 0.2505628 0.6234429 0.7637294 0.7637970 0.3289984 1.6909867 1.3263360 1.3186203 2.3366711 2.2410070 2.1815550 1.9182184 0.0000000 2.4806267 1.6476896 2.3028830 2.1926954 2.6408101 2.3820449 1.9880156 3.0279525 2.6892565 1.7083852 1.0934580 1.8626682 1.4182189 2.7988564 3.0484051 2.3168005 2.2827355 1.8022847 2.3372943 2.0312956 2.2745560 2.6434501 3.3455526 2.3724341 3.3223790 4.1630864 
Ctel_gnl_WGS_AMQN_CAPTEDRAFT_mRNA184770             1.7914486 0.5819799 2.0309958 2.2525961 2.2018696 2.2866625 2.4122388 1.6120111 1.1645953 1.8367981 1.7730210 1.9658118 1.0193210 1.5716559 1.9792230 1.8370289 1.8469721 1.4713243 1.5882615 2.0815954 2.4806267 0.0000000 1.6184035 1.9471388 2.0855046 2.1322435 2.0771110 2.3385415 2.5315421 2.3953725 1.8520608 1.5536831 1.7975152 1.7994692 2.0352635 2.1918882 2.2009295 1.7262806 1.9369752 1.8090009 1.8540138 2.2971371 2.6540712 2.5749058 2.0189124 2.6404810 4.9906022 
Aaur_scaffold13.g30.t1                              1.5233604 0.8417221 1.9307294 2.0401597 2.0145851 1.9027542 1.8791566 1.3313468 1.1129328 1.2155847 1.2413480 1.4396185 1.0828590 1.4603376 1.3618108 1.3637250 1.7655284 1.3847184 1.6686990 1.3100580 1.6476896 1.6184035 0.0000000 0.4386118 0.6080068 1.0780187 1.3250243 1.4823490 2.5875041 2.6618118 2.1564266 1.7529539 1.9961357 1.8946297 2.3943205 2.4039288 2.4321288 1.9913181 2.0402037 1.5366303 2.0147175 1.9975504 2.5019381 2.2829419 2.4806479 2.0575660 2.7748177 
Rhoesc_Res_014590-T2                                2.0427098 0.8161138 2.4419060 2.5191853 2.4873613 2.4895102 2.5064857 1.4334554 1.1667602 1.6745316 1.7674204 2.0130917 1.1277390 1.8176683 1.9877193 1.7131264 2.3504123 2.2979214 2.2837270 1.9063882 2.3028830 1.9471388 0.4386118 0.0000000 0.9713737 1.7023811 2.0206589 2.1372886 2.8508045 2.9336992 2.1377717 1.7079658 1.9560153 1.9209586 2.3247782 2.5849955 2.4794870 2.0843145 2.3011740 2.4782562 2.3333846 2.4219005 3.2187901 3.2213048 2.4075711 2.6585610 4.6064042 
Sanmal_Sma_012906-T1                                1.8107285 0.8943292 2.1481931 2.2769727 2.2390252 2.4022903 2.4422139 1.3724441 1.0238518 1.4814626 1.6322923 1.8258975 0.9931972 1.5185619 1.9721239 1.5650623 2.1096109 1.8317853 2.1107447 1.8275137 2.1926954 2.0855046 0.6080068 0.9713737 0.0000000 1.5715106 1.7548224 2.1481258 2.8824045 2.7959990 2.1182439 1.7231424 1.8853721 2.0210540 2.5410718 2.8116923 2.5003826 2.1493452 2.0197540 2.1279611 2.2972591 2.4269579 3.0786482 2.9082269 2.3074217 2.8844984 5.1229466 
Morvir_scaffold52.g5.t1                             2.4295608 0.7272969 2.3477947 2.6063127 2.6260675 2.5076393 2.5829279 1.6709063 1.1847988 1.7330213 1.8931593 2.0867167 1.1423107 1.9506013 2.1865218 1.8230762 2.4662171 2.2797652 2.1044768 2.0895564 2.6408101 2.1322435 1.0780187 1.7023811 1.5715106 0.0000000 1.8922501 2.4260562 3.3069091 2.9710496 1.8624375 1.5811211 1.9125785 1.8453610 2.4740543 2.6428257 2.3498180 2.0468792 1.9697138 2.2610502 2.0845578 2.2675421 2.9487833 2.8012923 2.0982250 2.8004593 4.9517630 
Chem_TCONS_00062844                                 2.4819708 0.6466034 2.3578721 2.4505962 2.5006705 2.6950299 2.7079304 1.6100015 1.1489403 1.7410473 1.9078987 2.1236012 1.0766142 1.8487944 2.3260905 1.7607340 2.5257247 2.3993876 2.1888251 1.9689042 2.3820449 2.0771110 1.3250243 2.0206589 1.7548224 1.8922501 0.0000000 2.1479219 3.0448850 3.1690062 1.7466750 1.5038398 1.7201623 1.7321919 2.3900540 2.8620930 2.4037400 1.8872830 1.8986894 2.3217435 2.0620232 2.5970455 3.1721005 3.0973320 2.1535337 2.7054948 5.4111800 
Xesp_018598-T1                                      2.0716932 0.7224844 2.1109050 2.2556729 2.2924038 2.3531436 2.4203785 1.5738183 1.1622700 1.5959366 1.7316975 1.8922623 0.8885955 1.7474357 1.7718299 1.4932207 2.1716641 2.3144635 1.9237403 0.9380707 1.9880156 2.3385415 1.4823490 2.1372886 2.1481258 2.4260562 2.1479219 0.0000000 2.9530540 2.6684737 1.7835752 1.5157913 1.8947506 1.7687309 2.2512005 2.4583961 2.2410009 2.0310189 1.7950954 2.1135721 2.3858949 2.1394999 3.0577539 2.8799778 2.1968666 2.9726858 5.3158448 
Pbac_sb2645957                                      3.1350321 1.1279515 3.2007346 3.3628263 3.3509077 3.1978883 3.2545546 2.3915107 1.7609437 2.5432642 2.8296124 2.9017390 1.5004772 2.6564976 2.6878960 2.7539218 2.7802114 3.1231907 2.8551626 3.2495653 3.0279525 2.5315421 2.5875041 2.8508045 2.8824045 3.3069091 3.0448850 2.9530540 0.0000000 0.0695330 0.5985144 0.4518299 0.5158028 0.5209352 0.8300889 1.0093469 0.8848718 0.6692078 0.9257233 2.8414516 2.5654405 2.5005689 3.4978948 3.2293619 2.6355639 3.5525731 5.1470290 
Horcal_Hcv1.av93.c6.g961.i1                         2.8608843 1.1202628 2.9544539 3.0570563 3.1088670 2.9201969 2.9780892 2.2270799 1.9434288 2.4214541 2.6481560 2.7687842 1.5819800 2.4536847 2.6222034 2.8823881 2.8176454 2.5965286 2.7960408 3.0038435 2.6892565 2.3953725 2.6618118 2.9336992 2.7959990 2.9710496 3.1690062 2.6684737 0.0695330 0.0000000 0.4492557 0.4307558 0.4139187 0.4832641 0.7360689 0.8201413 0.7785494 0.5204848 0.7529157 2.4804174 2.6083564 2.4911935 3.1236511 2.8222017 2.5174505 3.1978179 4.4113256 
Bolinf_Binf_sb1253778                               2.2925697 1.1031675 1.8630935 1.8487812 1.8631854 1.7475505 1.6782776 1.6870947 1.7335384 1.5719203 1.7737899 1.9777055 1.6293768 1.8926138 1.9286829 2.2226704 1.9018009 1.8336711 2.1145344 1.9078157 1.7083852 1.8520608 2.1564266 2.1377717 2.1182439 1.8624375 1.7466750 1.7835752 0.5985144 0.4492557 0.0000000 0.0000010 0.3295825 0.3793349 0.4035603 0.4015157 0.3786029 0.4242823 0.5383770 1.8023155 1.9671816 1.9261780 2.4907582 2.0627271 2.0419710 2.0673452 2.5488894 
Mertsp_Mesp_sb581265                                1.8581507 1.1031675 1.6583883 1.6597037 1.6832429 1.4716122 1.4496972 1.4114896 1.4506929 1.3171450 1.4585584 1.6490350 1.5567882 1.6141826 1.6374209 1.7780939 1.5723677 1.3964933 1.6089731 1.6978448 1.0934580 1.5536831 1.7529539 1.7079658 1.7231424 1.5811211 1.5038398 1.5157913 0.4518299 0.4307558 0.0000010 0.0000000 0.2998029 0.3831253 0.4142857 0.4041622 0.3882155 0.4247549 0.5268413 1.5470499 1.6030523 1.5610841 2.1039561 1.7179116 1.5353731 1.6543561 2.5488894 
Beraby_Baby_sb341759                                2.1740629 1.0247706 1.8067476 1.6992141 1.7065620 1.6188798 1.5575941 1.7257319 1.6727859 1.6153141 1.7609316 1.9373981 1.5646789 1.8047676 2.0337577 2.2179531 1.9481610 1.8717418 2.0332929 1.9563793 1.8626682 1.7975152 1.9961357 1.9560153 1.8853721 1.9125785 1.7201623 1.8947506 0.5158028 0.4139187 0.3295825 0.2998029 0.0000000 0.4137663 0.4452155 0.4627242 0.4585862 0.5032770 0.5768296 1.6727629 2.0736723 2.1026618 2.4749121 1.9771912 2.0073680 2.1549907 2.8498032 
Drygla_Dgla_sb297423                                1.9416570 1.0799123 1.6353243 1.6381806 1.6434543 1.4188776 1.3986800 1.6231751 1.5842245 1.4996606 1.5854439 1.7815881 1.5967280 1.6792257 1.7346327 2.0911289 1.7589143 1.5571269 1.6600897 1.9747673 1.4182189 1.7994692 1.8946297 1.9209586 2.0210540 1.8453610 1.7321919 1.7687309 0.5209352 0.4832641 0.3793349 0.3831253 0.4137663 0.0000000 0.4988776 0.5235359 0.4935402 0.5246750 0.6837312 1.7531226 1.7545545 1.7448649 2.1423357 1.6984292 1.9345123 1.8531871 2.8498032 
Coeast_Cast_sb819966                                2.4099194 1.0801305 2.1868846 2.2564175 2.2386482 2.1173725 2.1323269 2.2623268 2.1733130 2.0824094 2.3580007 2.5282685 1.5466924 2.2696137 2.4931452 3.0411117 2.5930666 2.2034816 2.2776337 2.3512203 2.7988564 2.0352635 2.3943205 2.3247782 2.5410718 2.4740543 2.3900540 2.2512005 0.8300889 0.7360689 0.4035603 0.4142857 0.4452155 0.4988776 0.0000000 0.0445886 0.3706121 0.4380774 0.7197683 2.0837615 2.5821032 2.4605863 3.1599397 2.4168670 2.5998177 2.7735500 5.3919339 
Coemet_Cmet_scaffold17731_01                        2.4151777 1.0725666 2.4568460 2.5018863 2.4593869 2.4780977 2.4757674 2.3092568 2.1207162 2.2031678 2.5344441 2.8095556 1.4881354 2.4958061 2.6083779 3.0816555 2.9202606 2.4982672 2.5061543 2.4884425 3.0484051 2.1918882 2.4039288 2.5849955 2.8116923 2.6428257 2.8620930 2.4583961 1.0093469 0.8201413 0.4015157 0.4041622 0.4627242 0.5235359 0.0445886 0.0000000 0.4256948 0.4444438 0.7554539 2.3312429 2.6412995 2.5851535 3.4981214 2.6280677 2.5247274 3.1314951 5.4876496 
Vmul_sbMO428458                                     2.6048096 1.1443907 2.4974914 2.5284251 2.5561095 2.4035455 2.3619384 2.1802456 2.1258782 2.0093704 2.2819611 2.4506078 1.6181400 2.1911795 2.3183946 2.7107871 2.4193402 2.1638499 2.1667802 2.3535584 2.3168005 2.2009295 2.4321288 2.4794870 2.5003826 2.3498180 2.4037400 2.2410009 0.8848718 0.7785494 0.3786029 0.3882155 0.4585862 0.4935402 0.3706121 0.4256948 0.0000000 0.5058724 0.7177832 2.2019461 2.4582937 2.5501220 3.0992903 2.4854156 2.4521176 2.6928847 4.1709716 
Lampan_Lpan_6816_01                                 2.1369472 0.9897457 1.7938116 1.7994568 1.7958254 1.7048283 1.6842578 2.0823021 1.9216959 1.7878731 2.0681436 2.2599442 1.5898556 1.8957390 2.2032894 2.3987343 2.0218628 1.5913655 1.9568605 2.0197721 2.2827355 1.7262806 1.9913181 2.0843145 2.1493452 2.0468792 1.8872830 2.0310189 0.6692078 0.5204848 0.4242823 0.4247549 0.5032770 0.5246750 0.4380774 0.4444438 0.5058724 0.0000000 0.5297983 1.6928421 2.1729000 1.9638084 2.6153508 1.9099176 1.8610761 2.1454770 3.3490848 
Eupdun_Edun_sb10645840                              2.1167779 0.9891407 1.9794678 2.0232401 2.0463712 1.8001252 1.7441156 1.8033242 1.6556274 1.5600460 1.8587006 2.0448362 1.4910770 1.9904608 1.9859919 2.2888336 2.1637189 1.7998907 1.9959820 2.0837290 1.8022847 1.9369752 2.0402037 2.3011740 2.0197540 1.9697138 1.8986894 1.7950954 0.9257233 0.7529157 0.5383770 0.5268413 0.5768296 0.6837312 0.7197683 0.7554539 0.7177832 0.5297983 0.0000000 1.7527160 2.2398653 2.2392536 2.6112085 2.1198678 1.9575899 2.3502450 3.6185381 
Cscu_XM_023361782.1                                 1.6601564 0.7191798 2.2111789 2.3215872 2.3825346 2.3736598 2.3969789 1.5789776 1.3181478 1.7760067 1.9355119 1.9144053 0.8925070 1.5159229 2.1636398 1.9926963 2.0788384 1.7743648 1.8136430 2.2470735 2.3372943 1.8090009 1.5366303 2.4782562 2.1279611 2.2610502 2.3217435 2.1135721 2.8414516 2.4804174 1.8023155 1.5470499 1.6727629 1.7531226 2.0837615 2.3312429 2.2019461 1.6928421 1.7527160 0.0000000 1.8139155 2.1450364 2.9382862 2.7755995 2.1461048 3.1940341 5.0681503 
Dpul_mRNA2956                                       2.0489496 0.7855604 2.2976727 2.3582626 2.3823165 2.4077529 2.3992010 1.6249521 1.2922980 1.8371790 1.8248795 1.9704658 1.1614228 1.4708493 2.2820090 1.8788763 1.6881508 1.9467102 2.0892512 2.1953005 2.0312956 1.8540138 2.0147175 2.3333846 2.2972591 2.0845578 2.0620232 2.3858949 2.5654405 2.6083564 1.9671816 1.6030523 2.0736723 1.7545545 2.5821032 2.6412995 2.4582937 2.1729000 2.2398653 1.8139155 0.0000000 2.7888909 3.1273746 2.7979547 2.7194383 2.8447718 4.3069019 
Aque_Aqu2.1.28067_001                               2.5560772 1.0613981 2.2326650 2.3587572 2.4585932 2.2979044 2.3011928 2.0690819 1.6038388 1.9905267 2.0774279 2.0193747 1.2618311 2.1828874 2.2691201 2.0572978 2.5623631 2.0766112 2.1111237 2.2268293 2.2745560 2.2971371 1.9975504 2.4219005 2.4269579 2.2675421 2.5970455 2.1394999 2.5005689 2.4911935 1.9261780 1.5610841 2.1026618 1.7448649 2.4605863 2.5851535 2.5501220 1.9638084 2.2392536 2.1450364 2.7888909 0.0000000 0.6614600 1.5469610 1.3919673 1.4915299 2.9829551 
Xestes_maker-XT_scaffold9498-snap-gene-0.5-mRNA-1   3.0503794 1.2433038 3.2390059 3.3642927 3.3688492 3.3275063 3.3994863 2.5538114 1.8494619 2.5409471 2.6493237 2.5127499 1.3212747 2.5801528 2.7111234 2.3702653 2.8909409 2.7631613 2.7569010 2.7190712 2.6434501 2.6540712 2.5019381 3.2187901 3.0786482 2.9487833 3.1721005 3.0577539 3.4978948 3.1236511 2.4907582 2.1039561 2.4749121 2.1423357 3.1599397 3.4981214 3.0992903 2.6153508 2.6112085 2.9382862 3.1273746 0.6614600 0.0000000 1.9079636 1.3578663 1.7942192 3.0062620 
Tetwil_g9371.t1                                     2.8747751 0.8780008 2.5679669 2.7677548 2.8016095 2.8428124 2.9101448 2.2200910 1.7270204 2.5581777 2.8116073 3.0646999 1.4314532 2.4193638 2.8490043 2.3322292 2.8161991 3.0509670 2.5689618 2.5794936 3.3455526 2.5749058 2.2829419 3.2213048 2.9082269 2.8012923 3.0973320 2.8799778 3.2293619 2.8222017 2.0627271 1.7179116 1.9771912 1.6984292 2.4168670 2.6280677 2.4854156 1.9099176 2.1198678 2.7755995 2.7979547 1.5469610 1.9079636 0.0000000 1.0671471 1.7201401 2.8440562 
Stycar_maker-SC_scaffold139083-snap-gene-0.9-mRNA-1 2.2407067 0.6647050 2.0923082 1.9121061 1.9487863 1.9352291 1.9222794 1.7312319 1.6515751 1.7625055 1.9164375 1.9109443 1.0745699 2.2242994 2.1035804 2.0439686 2.5318280 2.5828871 2.1702316 1.9906984 2.3724341 2.0189124 2.4806479 2.4075711 2.3074217 2.0982250 2.1535337 2.1968666 2.6355639 2.5174505 2.0419710 1.5353731 2.0073680 1.9345123 2.5998177 2.5247274 2.4521176 1.8610761 1.9575899 2.1461048 2.7194383 1.3919673 1.3578663 1.0671471 0.0000000 1.3199798 1.4301350 
Emue_Em0020g1050a.t1                                2.8620279 0.8952628 2.8686844 3.0750770 3.0826500 3.3214665 3.2810814 2.1315250 1.7046118 2.4857238 2.7089384 2.9568892 1.3013307 2.4419985 2.8040935 2.2674610 2.6274716 3.2378847 2.9262163 2.8766564 3.3223790 2.6404810 2.0575660 2.6585610 2.8844984 2.8004593 2.7054948 2.9726858 3.5525731 3.1978179 2.0673452 1.6543561 2.1549907 1.8531871 2.7735500 3.1314951 2.6928847 2.1454770 2.3502450 3.1940341 2.8447718 1.4915299 1.7942192 1.7201401 1.3199798 0.0000000 0.5741197 
Spolac_c100703_g1_i1_m.23268c100703-g1              4.5764803 2.5639415 4.0174661 4.2138478 4.2119101 3.9422540 4.0184970 3.5994761 3.6962699 4.8510081 4.8166291 4.8461064 2.5642482 4.5835976 4.8865037 4.5458497 6.1817193 5.9563783 5.2895727 4.9355784 4.1630864 4.9906022 2.7748177 4.6064042 5.1229466 4.9517630 5.4111800 5.3158448 5.1470290 4.4113256 2.5488894 2.5488894 2.8498032 2.8498032 5.3919339 5.4876496 4.1709716 3.3490848 3.6185381 5.0681503 4.3069019 2.9829551 3.0062620 2.8440562 1.4301350 0.5741197 0.0000000 
