59
Hsap_ENST00000408901                                   0.0000000 1.0517047 1.1448233 1.2500964 1.1239932 1.2130704 1.5876316 1.5724764 1.6902992 1.5876871 1.3743162 1.5545393 1.4273335 1.3475236 1.3863307 1.8982767 1.8218532 1.9294026 2.0112330 1.4809721 1.6411365 1.6139070 1.5628153 1.2065155 1.5984445 1.5092073 1.5582252 1.5157255 1.6202718 1.6401633 1.6292758 1.5289959 1.8859769 1.7075895 1.4711242 1.6719982 1.6852610 1.3846209 1.4047058 1.8437986 2.0673429 1.6730329 1.6054340 1.7826864 1.9921203 1.9621573 1.9696425 2.5536978 3.0144935 2.9602361 2.4964441 2.4921710 2.5639645 2.7680131 2.4849348 2.5157520 2.0693514 2.4022423 3.1726673 
Bralan_BLAG07000660_1                                  1.0517047 0.0000000 0.9426518 1.0380778 1.0154934 1.2048428 1.2014400 1.2124119 1.3344855 1.4666047 1.2600450 1.2710914 1.2607725 1.3357241 1.3032048 1.4986753 1.5479626 1.4446089 1.6905786 1.1820035 1.4562235 1.6472128 1.5897516 1.2998098 1.4491612 1.2849645 1.3185089 1.3191816 1.3714231 1.3819093 1.4462728 1.3017287 1.5292001 1.5101482 1.4625762 1.6899217 1.6897869 1.3621326 1.2864030 1.8293824 1.6904344 1.7596570 1.5750217 1.6720337 2.0216207 1.7949817 1.6726550 2.2437155 2.7870680 2.7430638 2.3383753 2.3140033 2.2311631 2.3685290 2.3701721 2.5487651 1.9956800 2.1357257 3.1149222 
Skow_XM_002731845.2                                    1.1448233 0.9426518 0.0000000 1.0725056 1.0377702 1.0034363 1.1286982 1.2716807 1.2358955 1.4546783 1.3022036 1.1961630 1.1760046 1.2449785 1.2607027 1.5685138 1.6019941 1.5319551 1.6102184 1.2047481 1.3146924 1.4834504 1.3334288 1.2100691 1.3742147 1.3640016 1.3909141 1.3092306 1.3721638 1.3750042 1.4260513 1.2886670 1.5501923 1.2694867 1.3721305 1.4687824 1.4793732 1.2182872 1.2699114 1.7542368 1.6416239 1.7844288 1.4898652 1.4906538 1.7018557 1.8820491 1.7447064 2.3658396 2.7266083 2.7162032 2.4468473 2.4347317 2.5374967 2.7077893 2.7184427 2.8686644 2.6165828 2.1696804 2.8418051 
Cgig_XM_034482904.1                                    1.2500964 1.0380778 1.0725056 0.0000000 0.8871385 1.1680126 1.4462995 1.4229914 1.3012163 1.6233741 1.4934839 1.5248593 1.3988963 1.3859854 1.3445166 1.5580747 1.6039538 1.5643067 1.7778969 1.3640015 1.5568222 1.7667340 1.8062588 1.5223239 1.3874584 1.5554744 1.5709903 1.5396502 1.6217464 1.6511558 1.6315948 1.5772410 1.7876548 1.6836039 1.1469529 1.6441283 1.6136909 1.1008023 1.2577899 1.6996952 1.6867744 1.7322676 1.5228644 1.7018765 1.7064709 1.8960494 1.8620194 2.0501235 2.2307844 2.2030245 2.0593140 2.0750435 1.9893397 2.0405937 2.3343464 2.5493247 2.1064488 2.1157922 2.5649182 
Acagra_model.g29269.t1.1.5d3b8c8d                      1.1239932 1.0154934 1.0377702 0.8871385 0.0000000 1.0542492 1.4579356 1.5463707 1.3812156 1.5115354 1.4090607 1.4375302 1.2481207 1.4639699 1.4881230 1.5837864 1.6861512 1.6711150 1.8065925 1.4236456 1.6204032 1.5767909 1.5996022 1.3026196 1.6456472 1.7415714 1.7626418 1.6346711 1.7145587 1.8077893 1.7908174 1.6870497 1.7882054 1.6439534 1.1985386 1.7992232 1.8126437 1.2399036 1.3744114 1.7961618 1.6226442 1.5177561 1.5108253 1.7933011 1.7812128 1.7058333 1.7051260 2.1835778 2.7455381 2.7192954 2.3098009 2.3149960 2.1918810 2.3902954 2.4481660 2.9427070 2.3304136 2.1898557 2.6728844 
Spur_XM_030985576.1                                    1.2130704 1.2048428 1.0034363 1.1680126 1.0542492 0.0000000 1.3684750 1.7875354 1.3385267 1.4280279 1.3397669 1.3528963 1.2473161 1.3087645 1.3634757 1.5495729 1.7887059 1.6737706 1.7890999 1.4593245 1.5792145 1.4780271 1.4530263 1.1449564 1.5175837 1.5182749 1.5553535 1.6133490 1.7031272 1.7343645 1.7763064 1.6151341 1.8216492 1.7555006 1.2701593 1.6789094 1.6774039 1.5407504 1.3378981 1.8091837 1.7884173 1.5914179 1.7536483 1.8462249 1.9142100 1.8127469 1.7942948 2.3943027 2.8514152 2.8221527 2.4913188 2.5062538 2.5792378 2.4732931 2.5984304 2.6082369 2.1570781 2.1411187 2.8558610 
Exapal_XM_021050816.1                                  1.5876316 1.2014400 1.1286982 1.4462995 1.4579356 1.3684750 0.0000000 0.9240882 1.0592948 1.1919911 1.0460738 0.9834159 0.8981182 1.0372563 1.0327524 1.2181610 1.3683229 1.3199816 1.3699204 1.0784791 1.2161906 1.4992122 1.3950896 1.2674255 1.3080621 1.3220237 1.3554806 1.3339905 1.3359979 1.4024997 1.4552583 1.3380666 1.3580082 1.4054417 1.5267031 1.4993677 1.4938801 1.5909683 1.6348210 1.6573155 1.5898899 1.4571650 1.8407344 1.4205487 1.6402127 1.6857232 1.6396293 2.3776310 2.5761405 2.5436758 2.2008784 2.2133030 2.2708475 2.4426041 2.4390398 2.8727340 2.3598485 2.3692597 2.7228119 
Nvec_v1g121025                                         1.5724764 1.2124119 1.2716807 1.4229914 1.5463707 1.7875354 0.9240882 0.0000000 1.1436438 1.2491442 1.0531998 1.0767904 0.9931267 1.0675519 1.0628211 1.4672988 1.5517480 1.5716097 1.4832672 1.0556434 1.2562580 1.4956299 1.5011746 1.2546049 1.5933242 1.3715292 1.4265214 1.3922239 1.3978331 1.4448330 1.5070894 1.3473812 1.5630838 1.5128543 1.9074662 1.6578143 1.6856106 1.6147950 1.5955794 2.0480584 1.7295963 1.7414299 2.0098168 1.6251395 1.9541033 1.8114364 1.7087285 2.3110954 2.5652501 2.5172391 2.4357766 2.4395813 2.4961531 2.4062313 2.6630048 2.8630422 2.3551909 2.4796513 2.8179097 
Adig_XM_015921629.1                                    1.6902992 1.3344855 1.2358955 1.3012163 1.3812156 1.3385267 1.0592948 1.1436438 0.0000000 0.1156216 0.5172955 0.6147784 0.5226500 0.5904048 0.5474679 1.3841518 1.5280118 1.5236534 1.6586546 1.1154420 1.2789683 1.5424625 1.5930321 1.1622775 1.3151246 1.3965605 1.4631154 1.4700518 1.4648354 1.4410371 1.5358834 1.4013005 1.5461857 1.5591358 1.7769492 1.4463369 1.4331846 1.5509335 1.4989377 1.8249987 1.6387230 1.6556011 1.8846071 1.7392313 1.6232366 1.9444155 1.8244908 2.4662434 2.7490189 2.6662512 2.6003255 2.5825203 2.5267053 2.5126440 2.6521774 3.0570630 2.4565038 2.3592087 2.7482730 
Amil_Amillepora10595-RA                                1.5876871 1.4666047 1.4546783 1.6233741 1.5115354 1.4280279 1.1919911 1.2491442 0.1156216 0.0000000 0.5312971 0.5877491 0.5425507 0.6311289 0.6056980 1.3444939 1.4661497 1.5552002 1.5700686 1.1829873 1.3275051 1.6496149 1.6677323 1.0468687 1.3667101 1.4987163 1.4987163 1.5463191 1.5402699 1.5209549 1.6165690 1.4131706 1.3919875 1.3432054 1.8885499 1.5115987 1.5273296 1.6160136 1.6900071 1.9666383 1.5772817 1.6506698 1.9658774 1.5619436 1.8177485 1.9011268 1.9087564 2.6027894 2.6097950 2.5328762 2.6829248 2.6552050 2.4362763 2.5158141 2.6320751 3.0895854 2.5279277 2.6479248 3.5769927 
Gfas_gfas1.m1.19704.m1                                 1.3743162 1.2600450 1.3022036 1.4934839 1.4090607 1.3397669 1.0460738 1.0531998 0.5172955 0.5312971 0.0000000 0.3304542 0.3057576 0.3637050 0.3634732 1.2759793 1.4418833 1.4133356 1.3604851 1.0956826 1.2950810 1.3211685 1.2706204 1.2002459 1.3779007 1.3691427 1.3691427 1.4072456 1.4145287 1.4219748 1.4107488 1.3479057 1.5899393 1.5358313 1.7582846 1.3993245 1.4116057 1.6545425 1.4517024 1.5763636 1.5650634 1.4767362 1.7223035 1.5042964 1.6191443 1.7081354 1.6946136 2.4450797 2.7697228 2.7986746 2.6971469 2.6532469 2.6649685 2.4519413 2.7114833 2.8693705 2.4941361 2.5042669 2.7299503 
Fspp_ffun1.m4.21072.m1                                 1.5545393 1.2710914 1.1961630 1.5248593 1.4375302 1.3528963 0.9834159 1.0767904 0.6147784 0.5877491 0.3304542 0.0000000 0.1925499 0.2973423 0.2890106 1.2083071 1.3855930 1.2714063 1.5411637 1.1747217 1.2737152 1.4237350 1.3276871 1.0693972 1.3290938 1.3737846 1.3962981 1.3623390 1.3458411 1.3379494 1.3769186 1.3462800 1.7292363 1.4868657 1.6970767 1.4739038 1.4834456 1.6819101 1.4511565 1.6702131 1.6558139 1.5975601 1.8121969 1.6913677 1.8053569 1.7242535 1.7355278 2.5171039 2.9481364 2.9224525 2.5450996 2.5122288 2.5627679 2.6423178 2.6607456 3.0426970 2.5897839 2.4396833 2.8281461 
Gasp_gasp1.m3.726.m1                                   1.4273335 1.2607725 1.1760046 1.3988963 1.2481207 1.2473161 0.8981182 0.9931267 0.5226500 0.5425507 0.3057576 0.1925499 0.0000000 0.2332239 0.2625425 1.1373210 1.2655857 1.1996874 1.3432624 1.0137083 1.1774653 1.2612795 1.2534408 1.0461870 1.1807505 1.3118371 1.2903759 1.2419943 1.2645309 1.2846836 1.3161779 1.3016960 1.5920018 1.5241657 1.5431762 1.4515974 1.4380846 1.5581584 1.3590038 1.5973292 1.3948348 1.4608008 1.7883464 1.5033653 1.6932173 1.7106030 1.7690371 2.3604004 2.5785940 2.6045348 2.4068804 2.4151781 2.5514382 2.3014340 2.4043905 2.6756368 2.3211791 2.3338885 2.6125073 
Spis_XP_022805415_1                                    1.3475236 1.3357241 1.2449785 1.3859854 1.4639699 1.3087645 1.0372563 1.0675519 0.5904048 0.6311289 0.3637050 0.2973423 0.2332239 0.0000000 0.0924034 1.2935556 1.4473184 1.3857972 1.5746649 1.0485804 1.2834884 1.4359972 1.3930572 1.1230445 1.3657655 1.4022321 1.5038336 1.4684955 1.4758077 1.4827887 1.5330581 1.4535912 1.6980939 1.6112741 1.7141368 1.3728161 1.3970341 1.6110974 1.4932400 1.6704543 1.5220055 1.5959439 1.7957326 1.8203031 1.7852596 1.8738944 1.8141723 2.4745199 2.6976850 2.7204758 2.5458411 2.4767993 2.5997962 2.2760819 2.5511209 2.8649142 2.3267229 2.6105493 2.6779514 
Pocdam_XM_027204317.1                                  1.3863307 1.3032048 1.2607027 1.3445166 1.4881230 1.3634757 1.0327524 1.0628211 0.5474679 0.6056980 0.3634732 0.2890106 0.2625425 0.0924034 0.0000000 1.2782304 1.3977142 1.3219582 1.5448068 1.0703897 1.2467909 1.4727897 1.3783818 1.1863857 1.3783025 1.3986848 1.4889356 1.4676435 1.4844548 1.4897742 1.5269678 1.4518338 1.7157627 1.5972088 1.7334925 1.4170373 1.4470593 1.6107395 1.4852166 1.6639092 1.6089827 1.5942573 1.8329365 1.7538957 1.7991605 1.7909793 1.7389434 2.4738465 2.6689935 2.6259644 2.5899223 2.5015343 2.4827535 2.3201715 2.5779898 2.9159577 2.3305806 2.5752964 2.6505108 
Aaur_scaffold11.g27.t1                                 1.8982767 1.4986753 1.5685138 1.5580747 1.5837864 1.5495729 1.2181610 1.4672988 1.3841518 1.3444939 1.2759793 1.2083071 1.1373210 1.2935556 1.2782304 0.0000000 0.6752764 0.6151434 0.7665286 1.1441783 1.4322393 1.6096832 1.5819070 1.2114382 1.3814669 1.4437804 1.4192522 1.4890642 1.5182307 1.5422687 1.6098139 1.3964652 1.6053331 1.5145047 1.6791348 1.5654774 1.5752535 1.5633823 1.7665828 1.4558283 1.3628018 1.5228346 1.9118588 1.6663106 1.5835743 1.8176370 1.7203776 2.4639679 2.8373486 2.8337881 2.3897439 2.3666834 2.5056280 2.4011705 2.7387835 2.9354522 2.5266049 2.6045773 2.7531659 
Nemnom_g13728.t1                                       1.8218532 1.5479626 1.6019941 1.6039538 1.6861512 1.7887059 1.3683229 1.5517480 1.5280118 1.4661497 1.4418833 1.3855930 1.2655857 1.4473184 1.3977142 0.6752764 0.0000000 0.3027639 1.0172956 1.2741133 1.5726366 1.6977352 1.6910595 1.2842783 1.3722431 1.5643384 1.5420168 1.5842427 1.6456878 1.7194254 1.7910006 1.4770439 1.5911524 1.5121883 1.6919507 1.6214824 1.6229223 1.7450362 1.8458414 1.4849663 1.5073687 1.6184228 2.0133971 1.5258938 1.7358845 1.5841984 1.5943320 2.5203370 2.8158858 2.7937224 2.2969673 2.3623166 2.4357280 2.6643497 2.5505574 2.7766157 2.2471635 2.5890394 2.5295232 
Rhoesc_Res_011250-T1                                   1.9294026 1.4446089 1.5319551 1.5643067 1.6711150 1.6737706 1.3199816 1.5716097 1.5236534 1.5552002 1.4133356 1.2714063 1.1996874 1.3857972 1.3219582 0.6151434 0.3027639 0.0000000 1.0062956 1.2885361 1.4858689 1.7143802 1.7224788 1.2089918 1.4116950 1.5101093 1.4901971 1.5701892 1.6113372 1.6369463 1.6864784 1.5371882 1.6614423 1.5782098 1.6582581 1.6273390 1.6231045 1.7690703 1.8742580 1.4183098 1.4674865 1.6423748 1.9925970 1.6385807 1.5522748 1.7033253 1.7077112 2.4890911 2.8189015 2.8010145 2.3280246 2.3213072 2.5759084 2.4634666 2.6492896 2.8383343 2.2278692 2.5763325 2.6303639 
Sanmal_Sma_025495-T1                                   2.0112330 1.6905786 1.6102184 1.7778969 1.8065925 1.7890999 1.3699204 1.4832672 1.6586546 1.5700686 1.3604851 1.5411637 1.3432624 1.5746649 1.5448068 0.7665286 1.0172956 1.0062956 0.0000000 1.2478384 1.4783393 1.7216825 1.8120105 1.4175610 1.7864170 1.4896849 1.4552694 1.5321870 1.5818798 1.5858283 1.6642601 1.4696530 1.6526616 1.5741580 1.7505968 1.6935284 1.6802545 1.6519515 1.8548605 1.4749045 1.5746986 1.7083436 2.0624578 1.7824480 1.5291459 1.6465760 1.7345262 2.5799631 2.8596732 2.8184584 2.3559506 2.4117960 2.6301890 2.5745834 2.8811395 3.0561295 2.5664683 2.6771378 3.2138825 
Dgig_XM_028554227.1                                    1.4809721 1.1820035 1.2047481 1.3640015 1.4236456 1.4593245 1.0784791 1.0556434 1.1154420 1.1829873 1.0956826 1.1747217 1.0137083 1.0485804 1.0703897 1.1441783 1.2741133 1.2885361 1.2478384 0.0000000 0.5203549 1.3069875 1.2769940 1.2493087 1.1336428 1.2241580 1.2776581 1.3442172 1.3509061 1.3410366 1.3630537 1.2412885 1.3148751 1.3966437 1.6686728 1.2479994 1.2767024 1.3650145 1.5216798 1.8932600 1.5252015 1.5676632 1.7980383 1.4656149 1.5666106 1.6895699 1.6370789 2.3972833 2.6490529 2.6597932 2.5042061 2.5359325 2.5497759 2.4270249 2.9100700 2.9875239 2.4882111 2.5180282 2.9941531 
Xesp_005267-T1                                         1.6411365 1.4562235 1.3146924 1.5568222 1.6204032 1.5792145 1.2161906 1.2562580 1.2789683 1.3275051 1.2950810 1.2737152 1.1774653 1.2834884 1.2467909 1.4322393 1.5726366 1.4858689 1.4783393 0.5203549 0.0000000 1.7524651 1.7036734 1.2153379 1.4235911 1.3961789 1.4633530 1.4802191 1.4689442 1.4931794 1.4497375 1.4644600 1.5873031 1.5298477 1.7220891 1.5671524 1.5736468 1.7355832 1.6731208 1.9156766 1.6035522 1.6614440 1.8367604 1.5148660 1.8057892 1.8992722 1.9098783 2.7813428 3.0473976 2.9516145 2.8067311 2.8014390 2.8894329 2.9330479 3.1493604 3.1832412 2.9263660 2.7768369 3.4017750 
Emue_Em0018g349a.t1                                    1.6139070 1.6472128 1.4834504 1.7667340 1.5767909 1.4780271 1.4992122 1.4956299 1.5424625 1.6496149 1.3211685 1.4237350 1.2612795 1.4359972 1.4727897 1.6096832 1.6977352 1.7143802 1.7216825 1.3069875 1.7524651 0.0000000 0.2490226 0.8232189 1.1696858 1.5504644 1.6068840 1.5967423 1.6021941 1.6488637 1.7733498 1.5453009 1.5435086 1.5354271 1.8801149 1.5430945 1.5396259 1.8343079 2.0695964 2.2241422 2.1199118 1.7601990 2.0008195 1.6855399 2.1545690 1.9460483 1.9072974 2.5995163 3.0299588 2.9796298 2.8335428 2.8017771 2.7772330 2.9143408 2.7641298 2.8628935 2.6381540 2.6964269 3.3174031 
Spolac_c97850_g1_i1_m.15897c97850-g1                   1.5628153 1.5897516 1.3334288 1.8062588 1.5996022 1.4530263 1.3950896 1.5011746 1.5930321 1.6677323 1.2706204 1.3276871 1.2534408 1.3930572 1.3783818 1.5819070 1.6910595 1.7224788 1.8120105 1.2769940 1.7036734 0.2490226 0.0000000 0.8229898 1.1234813 1.5451336 1.6137577 1.6665832 1.6609944 1.7046173 1.8085907 1.5498389 1.5405945 1.4886211 1.9745215 1.4931440 1.4901456 1.8421226 1.8998126 2.1009697 2.1125567 1.6539799 1.7805757 1.5532762 2.0832597 1.8997984 1.8140865 2.5153882 3.0241414 2.9664280 2.7508664 2.7164714 2.7033976 2.8780837 2.7686022 3.0064825 2.7177442 2.6229870 3.2169758 
Stycar_maker-SC_scaffold1916-snap-gene-0.19-mRNA-1     1.2065155 1.2998098 1.2100691 1.5223239 1.3026196 1.1449564 1.2674255 1.2546049 1.1622775 1.0468687 1.2002459 1.0693972 1.0461870 1.1230445 1.1863857 1.2114382 1.2842783 1.2089918 1.4175610 1.2493087 1.2153379 0.8232189 0.8229898 0.0000000 0.9936108 1.2774582 1.2774582 1.3257107 1.3196552 1.3122180 1.2638197 1.2752999 1.2339152 1.2124923 1.6244323 1.3596429 1.3988238 1.6353605 1.4912819 1.8526494 1.4948822 1.1785737 1.6028880 1.3587102 1.8328893 1.5462837 1.5710344 2.0208138 2.3890081 2.3238635 1.9927506 1.9626301 2.1253261 2.2104834 2.5162935 2.4846541 1.8207795 2.1653833 3.8184769 
Tetwil_g11179.t2                                       1.5984445 1.4491612 1.3742147 1.3874584 1.6456472 1.5175837 1.3080621 1.5933242 1.3151246 1.3667101 1.3779007 1.3290938 1.1807505 1.3657655 1.3783025 1.3814669 1.3722431 1.4116950 1.7864170 1.1336428 1.4235911 1.1696858 1.1234813 0.9936108 0.0000000 1.4739649 1.5422784 1.4908660 1.5239233 1.5406032 1.6065629 1.4717193 1.3697753 1.3462174 1.6080271 1.5076694 1.4850675 1.5271490 1.7613311 1.9466834 1.6855010 1.7112808 1.9371390 1.3842058 2.0567387 1.6431089 1.6157279 2.5281546 2.9531678 2.9363443 2.6046352 2.6212009 2.6822057 2.7982421 2.7719028 3.0252016 2.7057548 2.5238924 3.2429236 
Tadh_TriadT55517                                       1.5092073 1.2849645 1.3640016 1.5554744 1.7415714 1.5182749 1.3220237 1.3715292 1.3965605 1.4987163 1.3691427 1.3737846 1.3118371 1.4022321 1.3986848 1.4437804 1.5643384 1.5101093 1.4896849 1.2241580 1.3961789 1.5504644 1.5451336 1.2774582 1.4739649 0.0000000 0.0000010 0.2675341 0.2592592 0.2852857 0.3314666 0.2516224 1.6752059 1.6117395 1.6193612 1.7124967 1.7229546 1.5964412 1.5724473 1.8215118 1.6888729 1.6639919 1.7004253 1.6125530 1.8454215 1.8892471 1.7808009 2.7291598 2.9949815 2.9260291 2.7718989 2.7832903 2.8377236 2.7482989 2.7829235 3.0259560 2.5955104 2.6063491 3.2066680 
TrH2_TrispH2_004448-RA                                 1.5582252 1.3185089 1.3909141 1.5709903 1.7626418 1.5553535 1.3554806 1.4265214 1.4631154 1.4987163 1.3691427 1.3962981 1.2903759 1.5038336 1.4889356 1.4192522 1.5420168 1.4901971 1.4552694 1.2776581 1.4633530 1.6068840 1.6137577 1.2774582 1.5422784 0.0000010 0.0000000 0.2738709 0.2599448 0.2977165 0.3379125 0.2536116 1.7410022 1.6892176 1.6031879 1.7890360 1.7821891 1.6929652 1.6136241 1.7898456 1.7325677 1.7519209 1.7756701 1.7783337 1.9134587 1.9100133 1.8347781 2.6234790 2.9724836 2.9071402 2.6762356 2.6865889 2.6913599 2.6821097 2.7303563 3.0212841 2.5146598 2.6063491 3.1197858 
HoiH06_mRNA568                                         1.5157255 1.3191816 1.3092306 1.5396502 1.6346711 1.6133490 1.3339905 1.3922239 1.4700518 1.5463191 1.4072456 1.3623390 1.2419943 1.4684955 1.4676435 1.4890642 1.5842427 1.5701892 1.5321870 1.3442172 1.4802191 1.5967423 1.6665832 1.3257107 1.4908660 0.2675341 0.2738709 0.0000000 0.0521562 0.1112742 0.1598504 0.1560749 1.7096425 1.8015515 1.7666265 1.9271872 1.9122802 1.5546331 1.6275955 1.8509712 1.7658818 1.6559883 1.8616311 1.7959173 1.9371100 1.9414135 1.8939129 2.4452972 2.9833624 2.9183338 2.7047647 2.7258393 2.7238568 2.5907051 2.7428073 3.0507330 2.6731803 2.6215237 2.8735697 
HoiH23_PlH23_001732-RA                                 1.6202718 1.3714231 1.3721638 1.6217464 1.7145587 1.7031272 1.3359979 1.3978331 1.4648354 1.5402699 1.4145287 1.3458411 1.2645309 1.4758077 1.4844548 1.5182307 1.6456878 1.6113372 1.5818798 1.3509061 1.4689442 1.6021941 1.6609944 1.3196552 1.5239233 0.2592592 0.2599448 0.0521562 0.0000000 0.0933288 0.1485283 0.1420787 1.7280360 1.7906433 1.7186008 1.8314710 1.8171967 1.6130185 1.6714776 1.8856194 1.7458061 1.7048967 1.8825126 1.8436289 1.9943419 1.9452801 1.9106176 2.5900736 3.1223826 3.0548893 2.7881910 2.8017226 2.7835227 2.7087235 2.7825948 3.0648946 2.6699059 2.7247301 2.8330477 
Hhon_g08373.t1                                         1.6401633 1.3819093 1.3750042 1.6511558 1.8077893 1.7343645 1.4024997 1.4448330 1.4410371 1.5209549 1.4219748 1.3379494 1.2846836 1.4827887 1.4897742 1.5422687 1.7194254 1.6369463 1.5858283 1.3410366 1.4931794 1.6488637 1.7046173 1.3122180 1.5406032 0.2852857 0.2977165 0.1112742 0.0933288 0.0000000 0.0499540 0.1610868 1.8299613 1.7780810 1.7565012 1.8551430 1.8355236 1.6382805 1.6990045 1.9276093 1.8597729 1.7908982 1.9754249 1.9020520 2.0542053 2.0912120 1.9874103 2.7049862 3.1465640 3.0782250 2.8943059 2.9084536 2.9280839 2.7963124 2.9026986 3.1486436 2.7797693 2.7272565 2.9760093 
HoiH04_mRNA3106                                        1.6292758 1.4462728 1.4260513 1.6315948 1.7908174 1.7763064 1.4552583 1.5070894 1.5358834 1.6165690 1.4107488 1.3769186 1.3161779 1.5330581 1.5269678 1.6098139 1.7910006 1.6864784 1.6642601 1.3630537 1.4497375 1.7733498 1.8085907 1.2638197 1.6065629 0.3314666 0.3379125 0.1598504 0.1485283 0.0499540 0.0000000 0.2275114 1.9033065 1.8289554 1.7761939 1.8984375 1.8778853 1.6664069 1.8185335 1.9041434 1.8340943 2.0031687 1.9661891 2.1018683 1.9226411 2.1805022 2.0674949 2.6093793 3.2007279 3.1318851 2.9919525 2.9919525 2.8716047 2.8460531 3.0089214 3.1481735 2.9596437 2.9297540 2.8009863 
HoiH11_mRNA224                                         1.5289959 1.3017287 1.2886670 1.5772410 1.6870497 1.6151341 1.3380666 1.3473812 1.4013005 1.4131706 1.3479057 1.3462800 1.3016960 1.4535912 1.4518338 1.3964652 1.4770439 1.5371882 1.4696530 1.2412885 1.4644600 1.5453009 1.5498389 1.2752999 1.4717193 0.2516224 0.2536116 0.1560749 0.1420787 0.1610868 0.2275114 0.0000000 1.7325397 1.6606447 1.7327148 1.7820715 1.7676482 1.5748031 1.6398641 1.8294760 1.7540938 1.7762293 1.7819085 1.7389175 1.9414593 1.9613221 1.8441319 2.4339196 2.9023796 2.8387280 2.5625432 2.5826783 2.6172629 2.5212638 2.5602949 2.8186205 2.4958448 2.5102645 3.0280612 
Aque_Aqu2.1.44213_001                                  1.8859769 1.5292001 1.5501923 1.7876548 1.7882054 1.8216492 1.3580082 1.5630838 1.5461857 1.3919875 1.5899393 1.7292363 1.5920018 1.6980939 1.7157627 1.6053331 1.5911524 1.6614423 1.6526616 1.3148751 1.5873031 1.5435086 1.5405945 1.2339152 1.3697753 1.6752059 1.7410022 1.7096425 1.7280360 1.8299613 1.9033065 1.7325397 0.0000000 0.6322824 1.8617246 1.9224136 1.9135485 1.8226466 2.0146710 2.2150419 2.0643388 1.7686861 2.0622493 0.9010457 2.0931665 1.9626201 1.9087492 2.4950916 2.9463793 2.8893735 2.7596078 2.7860786 2.5976627 2.8181401 2.7893398 2.9208614 2.7250496 2.5418930 3.5235267 
Halamb_c43038_g1_i1m.15648                             1.7075895 1.5101482 1.2694867 1.6836039 1.6439534 1.7555006 1.4054417 1.5128543 1.5591358 1.3432054 1.5358313 1.4868657 1.5241657 1.6112741 1.5972088 1.5145047 1.5121883 1.5782098 1.5741580 1.3966437 1.5298477 1.5354271 1.4886211 1.2124923 1.3462174 1.6117395 1.6892176 1.8015515 1.7906433 1.7780810 1.8289554 1.6606447 0.6322824 0.0000000 1.8261314 1.5710282 1.5509995 1.7550280 1.8206368 1.9495000 1.8082104 1.7952920 2.0381173 0.8388010 1.9873340 2.0353608 1.8148075 2.3821977 2.6800406 2.6204386 2.5886710 2.5667082 2.6345980 2.6134817 2.6669580 2.7544554 2.4554946 2.3514343 3.4982038 
Ctel_gnl_WGS_AMQN_CAPTEDRAFT_mRNA220071                1.4711242 1.4625762 1.3721305 1.1469529 1.1985386 1.2701593 1.5267031 1.9074662 1.7769492 1.8885499 1.7582846 1.6970767 1.5431762 1.7141368 1.7334925 1.6791348 1.6919507 1.6582581 1.7505968 1.6686728 1.7220891 1.8801149 1.9745215 1.6244323 1.6080271 1.6193612 1.6031879 1.7666265 1.7186008 1.7565012 1.7761939 1.7327148 1.8617246 1.8261314 0.0000000 1.7728126 1.7706746 1.3829649 1.5376296 1.8750631 1.8162029 1.8237619 1.7246022 1.9446550 1.9648332 1.8226794 1.8973418 2.4914802 2.9679115 2.9123254 2.5200592 2.5475198 2.4105558 2.7458816 2.8622561 2.8593588 2.2629284 2.3696437 3.0024097 
Ocar_g6299                                             1.6719982 1.6899217 1.4687824 1.6441283 1.7992232 1.6789094 1.4993677 1.6578143 1.4463369 1.5115987 1.3993245 1.4739038 1.4515974 1.3728161 1.4170373 1.5654774 1.6214824 1.6273390 1.6935284 1.2479994 1.5671524 1.5430945 1.4931440 1.3596429 1.5076694 1.7124967 1.7890360 1.9271872 1.8314710 1.8551430 1.8984375 1.7820715 1.9224136 1.5710282 1.7728126 0.0000000 0.0000010 1.9907958 1.9239550 1.7185805 1.8469106 1.8737030 1.9897180 1.6596071 1.7575205 2.1152945 1.8174035 2.3587618 2.7767681 2.8312957 2.4559281 2.4676222 2.5551937 2.5914017 2.7203139 2.4534874 2.3652500 2.5775417 3.1165505 
Opea_EP00118_Oscarella_pearsei_P001421                 1.6852610 1.6897869 1.4793732 1.6136909 1.8126437 1.6774039 1.4938801 1.6856106 1.4331846 1.5273296 1.4116057 1.4834456 1.4380846 1.3970341 1.4470593 1.5752535 1.6229223 1.6231045 1.6802545 1.2767024 1.5736468 1.5396259 1.4901456 1.3988238 1.4850675 1.7229546 1.7821891 1.9122802 1.8171967 1.8355236 1.8778853 1.7676482 1.9135485 1.5509995 1.7706746 0.0000010 0.0000000 1.9931694 1.9529627 1.7479880 1.8469106 1.8525185 1.9611401 1.6241724 1.7512022 2.1152945 1.8044855 2.3587618 2.7557865 2.8099395 2.4421722 2.4763142 2.5402972 2.5680293 2.7418982 2.4641236 2.3652500 2.5716984 3.0792297 
Tcas_TC014443_001                                      1.3846209 1.3621326 1.2182872 1.1008023 1.2399036 1.5407504 1.5909683 1.6147950 1.5509335 1.6160136 1.6545425 1.6819101 1.5581584 1.6110974 1.6107395 1.5633823 1.7450362 1.7690703 1.6519515 1.3650145 1.7355832 1.8343079 1.8421226 1.6353605 1.5271490 1.5964412 1.6929652 1.5546331 1.6130185 1.6382805 1.6664069 1.5748031 1.8226466 1.7550280 1.3829649 1.9907958 1.9931694 0.0000000 1.3844119 1.9210289 1.8258608 1.9124927 1.4454037 1.7987375 1.7181993 1.9346051 1.8620450 2.3167046 2.7612762 2.6945893 2.1646197 2.1790105 2.2123986 2.3096357 2.5252150 2.4855948 2.1020661 2.4168167 3.2825396 
Cscu_XM_023373277.1                                    1.4047058 1.2864030 1.2699114 1.2577899 1.3744114 1.3378981 1.6348210 1.5955794 1.4989377 1.6900071 1.4517024 1.4511565 1.3590038 1.4932400 1.4852166 1.7665828 1.8458414 1.8742580 1.8548605 1.5216798 1.6731208 2.0695964 1.8998126 1.4912819 1.7613311 1.5724473 1.6136241 1.6275955 1.6714776 1.6990045 1.8185335 1.6398641 2.0146710 1.8206368 1.5376296 1.9239550 1.9529627 1.3844119 0.0000000 2.0700636 1.8357934 1.9281085 1.4030832 1.8891220 1.8860242 2.0598906 1.8944215 1.9784713 2.4485275 2.4296158 2.4578683 2.4351325 2.1804231 2.2282822 2.3049134 2.5971845 2.1050152 2.2433075 3.3760715 
Hvul_g464_1                                            1.8437986 1.8293824 1.7542368 1.6996952 1.7961618 1.8091837 1.6573155 2.0480584 1.8249987 1.9666383 1.5763636 1.6702131 1.5973292 1.6704543 1.6639092 1.4558283 1.4849663 1.4183098 1.4749045 1.8932600 1.9156766 2.2241422 2.1009697 1.8526494 1.9466834 1.8215118 1.7898456 1.8509712 1.8856194 1.9276093 1.9041434 1.8294760 2.2150419 1.9495000 1.8750631 1.7185805 1.7479880 1.9210289 2.0700636 0.0000000 1.0647279 2.1284282 2.2341505 2.2110352 1.8946018 2.1427361 2.0882040 2.5085562 2.8079793 2.7600984 2.3656060 2.3563680 2.4799874 2.6897989 3.0085255 3.0545006 2.6464327 3.0244092 3.1468111 
Chem_TCONS_00001520                                    2.0673429 1.6904344 1.6416239 1.6867744 1.6226442 1.7884173 1.5898899 1.7295963 1.6387230 1.5772817 1.5650634 1.6558139 1.3948348 1.5220055 1.6089827 1.3628018 1.5073687 1.4674865 1.5746986 1.5252015 1.6035522 2.1199118 2.1125567 1.4948822 1.6855010 1.6888729 1.7325677 1.7658818 1.7458061 1.8597729 1.8340943 1.7540938 2.0643388 1.8082104 1.8162029 1.8469106 1.8469106 1.8258608 1.8357934 1.0647279 0.0000000 2.1369691 2.0408510 2.0524577 1.6937427 2.2579886 1.8570040 2.4594791 2.5209429 2.4874087 2.1586673 2.1471196 2.3527037 2.5107091 2.6576802 2.7331200 2.4511422 2.3875583 3.5382837 
Clacor_Ccor_scaffold12698_01                           1.6730329 1.7596570 1.7844288 1.7322676 1.5177561 1.5914179 1.4571650 1.7414299 1.6556011 1.6506698 1.4767362 1.5975601 1.4608008 1.5959439 1.5942573 1.5228346 1.6184228 1.6423748 1.7083436 1.5676632 1.6614440 1.7601990 1.6539799 1.1785737 1.7112808 1.6639919 1.7519209 1.6559883 1.7048967 1.7908982 2.0031687 1.7762293 1.7686861 1.7952920 1.8237619 1.8737030 1.8525185 1.9124927 1.9281085 2.1284282 2.1369691 0.0000000 2.1728677 1.7025365 1.9769290 1.5271819 1.6255678 2.5790068 2.9226479 2.8763934 2.8675503 2.8494075 2.8300113 2.8964337 3.0397387 3.0385822 2.8693783 2.7015327 2.6899044 
Dpul_mRNA396                                           1.6054340 1.5750217 1.4898652 1.5228644 1.5108253 1.7536483 1.8407344 2.0098168 1.8846071 1.9658774 1.7223035 1.8121969 1.7883464 1.7957326 1.8329365 1.9118588 2.0133971 1.9925970 2.0624578 1.7980383 1.8367604 2.0008195 1.7805757 1.6028880 1.9371390 1.7004253 1.7756701 1.8616311 1.8825126 1.9754249 1.9661891 1.7819085 2.0622493 2.0381173 1.7246022 1.9897180 1.9611401 1.4454037 1.4030832 2.2341505 2.0408510 2.1728677 0.0000000 2.0114427 2.0966221 2.1824695 2.0778073 2.6183525 3.2214174 3.1117262 2.9563283 2.9604262 2.9459125 2.9381993 3.0013518 3.2025817 2.8019474 2.5428071 3.4238999 
Xestes_maker-XT_scaffold1520-augustus-gene-0.94-mRNA-1 1.7826864 1.6720337 1.4906538 1.7018765 1.7933011 1.8462249 1.4205487 1.6251395 1.7392313 1.5619436 1.5042964 1.6913677 1.5033653 1.8203031 1.7538957 1.6663106 1.5258938 1.6385807 1.7824480 1.4656149 1.5148660 1.6855399 1.5532762 1.3587102 1.3842058 1.6125530 1.7783337 1.7959173 1.8436289 1.9020520 2.1018683 1.7389175 0.9010457 0.8388010 1.9446550 1.6596071 1.6241724 1.7987375 1.8891220 2.2110352 2.0524577 1.7025365 2.0114427 0.0000000 2.5815386 1.9550923 2.0250743 2.2021132 2.5601743 2.5027632 2.5480183 2.5419030 2.4623118 2.5178362 2.9689645 2.9238221 2.3650886 2.1866971 3.9367693 
Morvir_scaffold77.g4.t1                                1.9921203 2.0216207 1.7018557 1.7064709 1.7812128 1.9142100 1.6402127 1.9541033 1.6232366 1.8177485 1.6191443 1.8053569 1.6932173 1.7852596 1.7991605 1.5835743 1.7358845 1.5522748 1.5291459 1.5666106 1.8057892 2.1545690 2.0832597 1.8328893 2.0567387 1.8454215 1.9134587 1.9371100 1.9943419 2.0542053 1.9226411 1.9414593 2.0931665 1.9873340 1.9648332 1.7575205 1.7512022 1.7181993 1.8860242 1.8946018 1.6937427 1.9769290 2.0966221 2.5815386 0.0000000 1.9960482 1.8400005 2.7258769 2.8324705 2.8051703 2.3690230 2.3327512 2.6006810 2.6069727 2.6934422 2.9358182 2.4917051 2.6903459 3.1391978 
Scil_scict020862.1                                     1.9621573 1.7949817 1.8820491 1.8960494 1.7058333 1.8127469 1.6857232 1.8114364 1.9444155 1.9011268 1.7081354 1.7242535 1.7106030 1.8738944 1.7909793 1.8176370 1.5841984 1.7033253 1.6465760 1.6895699 1.8992722 1.9460483 1.8997984 1.5462837 1.6431089 1.8892471 1.9100133 1.9414135 1.9452801 2.0912120 2.1805022 1.9613221 1.9626201 2.0353608 1.8226794 2.1152945 2.1152945 1.9346051 2.0598906 2.1427361 2.2579886 1.5271819 2.1824695 1.9550923 1.9960482 0.0000000 0.4617827 2.2628656 2.7373799 2.7332646 2.4059680 2.4010538 2.4209038 2.5573021 2.8674669 2.7995940 2.3102384 2.3457612 2.2030331 
Leuniv_Lniv_scaffold20905_01                           1.9696425 1.6726550 1.7447064 1.8620194 1.7051260 1.7942948 1.6396293 1.7087285 1.8244908 1.9087564 1.6946136 1.7355278 1.7690371 1.8141723 1.7389434 1.7203776 1.5943320 1.7077112 1.7345262 1.6370789 1.9098783 1.9072974 1.8140865 1.5710344 1.6157279 1.7808009 1.8347781 1.8939129 1.9106176 1.9874103 2.0674949 1.8441319 1.9087492 1.8148075 1.8973418 1.8174035 1.8044855 1.8620450 1.8944215 2.0882040 1.8570040 1.6255678 2.0778073 2.0250743 1.8400005 0.4617827 0.0000000 2.4655656 2.4840441 2.4985004 2.4801084 2.4998180 2.5350323 2.6050236 3.0861683 2.8435209 2.5199816 2.3736789 2.4151086 
Mlei_ML0081.g1.i1                                      2.5536978 2.2437155 2.3658396 2.0501235 2.1835778 2.3943027 2.3776310 2.3110954 2.4662434 2.6027894 2.4450797 2.5171039 2.3604004 2.4745199 2.4738465 2.4639679 2.5203370 2.4890911 2.5799631 2.3972833 2.7813428 2.5995163 2.5153882 2.0208138 2.5281546 2.7291598 2.6234790 2.4452972 2.5900736 2.7049862 2.6093793 2.4339196 2.4950916 2.3821977 2.4914802 2.3587618 2.3587618 2.3167046 1.9784713 2.5085562 2.4594791 2.5790068 2.6183525 2.2021132 2.7258769 2.2628656 2.4655656 0.0000000 0.5063428 0.5030075 0.5202304 0.5254490 0.4888266 0.6092819 0.7947641 0.8310990 0.7521870 1.0007184 3.2464691 
Pbac_sb2645063                                         3.0144935 2.7870680 2.7266083 2.2307844 2.7455381 2.8514152 2.5761405 2.5652501 2.7490189 2.6097950 2.7697228 2.9481364 2.5785940 2.6976850 2.6689935 2.8373486 2.8158858 2.8189015 2.8596732 2.6490529 3.0473976 3.0299588 3.0241414 2.3890081 2.9531678 2.9949815 2.9724836 2.9833624 3.1223826 3.1465640 3.2007279 2.9023796 2.9463793 2.6800406 2.9679115 2.7767681 2.7557865 2.7612762 2.4485275 2.8079793 2.5209429 2.9226479 3.2214174 2.5601743 2.8324705 2.7373799 2.4840441 0.5063428 0.0000000 0.0311365 0.6201678 0.6184928 0.6930136 0.6109431 0.9057742 0.9977534 0.9088649 1.0164904 3.4600648 
Horcal_Hcv1.av93.c11.g762.i1                           2.9602361 2.7430638 2.7162032 2.2030245 2.7192954 2.8221527 2.5436758 2.5172391 2.6662512 2.5328762 2.7986746 2.9224525 2.6045348 2.7204758 2.6259644 2.8337881 2.7937224 2.8010145 2.8184584 2.6597932 2.9516145 2.9796298 2.9664280 2.3238635 2.9363443 2.9260291 2.9071402 2.9183338 3.0548893 3.0782250 3.1318851 2.8387280 2.8893735 2.6204386 2.9123254 2.8312957 2.8099395 2.6945893 2.4296158 2.7600984 2.4874087 2.8763934 3.1117262 2.5027632 2.8051703 2.7332646 2.4985004 0.5030075 0.0311365 0.0000000 0.6325471 0.6290831 0.6777594 0.6285532 0.9108937 1.0086047 0.9095940 1.0271847 3.4608395 
Bolinf_Binf_sb1257250                                  2.4964441 2.3383753 2.4468473 2.0593140 2.3098009 2.4913188 2.2008784 2.4357766 2.6003255 2.6829248 2.6971469 2.5450996 2.4068804 2.5458411 2.5899223 2.3897439 2.2969673 2.3280246 2.3559506 2.5042061 2.8067311 2.8335428 2.7508664 1.9927506 2.6046352 2.7718989 2.6762356 2.7047647 2.7881910 2.8943059 2.9919525 2.5625432 2.7596078 2.5886710 2.5200592 2.4559281 2.4421722 2.1646197 2.4578683 2.3656060 2.1586673 2.8675503 2.9563283 2.5480183 2.3690230 2.4059680 2.4801084 0.5202304 0.6201678 0.6325471 0.0000000 0.0199889 0.4962653 0.7359030 0.7776878 0.7966638 0.6315010 0.9853289 3.5704102 
Mertsp_Mesp_sb583327                                   2.4921710 2.3140033 2.4347317 2.0750435 2.3149960 2.5062538 2.2133030 2.4395813 2.5825203 2.6552050 2.6532469 2.5122288 2.4151781 2.4767993 2.5015343 2.3666834 2.3623166 2.3213072 2.4117960 2.5359325 2.8014390 2.8017771 2.7164714 1.9626301 2.6212009 2.7832903 2.6865889 2.7258393 2.8017226 2.9084536 2.9919525 2.5826783 2.7860786 2.5667082 2.5475198 2.4676222 2.4763142 2.1790105 2.4351325 2.3563680 2.1471196 2.8494075 2.9604262 2.5419030 2.3327512 2.4010538 2.4998180 0.5254490 0.6184928 0.6290831 0.0199889 0.0000000 0.5290580 0.7385152 0.7770668 0.8004470 0.6293008 0.9466476 3.5621687 
Beraby_Baby_sb332308                                   2.5639645 2.2311631 2.5374967 1.9893397 2.1918810 2.5792378 2.2708475 2.4961531 2.5267053 2.4362763 2.6649685 2.5627679 2.5514382 2.5997962 2.4827535 2.5056280 2.4357280 2.5759084 2.6301890 2.5497759 2.8894329 2.7772330 2.7033976 2.1253261 2.6822057 2.8377236 2.6913599 2.7238568 2.7835227 2.9280839 2.8716047 2.6172629 2.5976627 2.6345980 2.4105558 2.5551937 2.5402972 2.2123986 2.1804231 2.4799874 2.3527037 2.8300113 2.9459125 2.4623118 2.6006810 2.4209038 2.5350323 0.4888266 0.6930136 0.6777594 0.4962653 0.5290580 0.0000000 0.7002742 0.9339475 0.9011481 0.7425724 1.0210990 3.3188597 
Drygla_Dgla_sb291286                                   2.7680131 2.3685290 2.7077893 2.0405937 2.3902954 2.4732931 2.4426041 2.4062313 2.5126440 2.5158141 2.4519413 2.6423178 2.3014340 2.2760819 2.3201715 2.4011705 2.6643497 2.4634666 2.5745834 2.4270249 2.9330479 2.9143408 2.8780837 2.2104834 2.7982421 2.7482989 2.6821097 2.5907051 2.7087235 2.7963124 2.8460531 2.5212638 2.8181401 2.6134817 2.7458816 2.5914017 2.5680293 2.3096357 2.2282822 2.6897989 2.5107091 2.8964337 2.9381993 2.5178362 2.6069727 2.5573021 2.6050236 0.6092819 0.6109431 0.6285532 0.7359030 0.7385152 0.7002742 0.0000000 0.9904611 0.9660852 0.8033855 1.1169519 3.1692149 
Vmul_SimC386664                                        2.4849348 2.3701721 2.7184427 2.3343464 2.4481660 2.5984304 2.4390398 2.6630048 2.6521774 2.6320751 2.7114833 2.6607456 2.4043905 2.5511209 2.5779898 2.7387835 2.5505574 2.6492896 2.8811395 2.9100700 3.1493604 2.7641298 2.7686022 2.5162935 2.7719028 2.7829235 2.7303563 2.7428073 2.7825948 2.9026986 3.0089214 2.5602949 2.7893398 2.6669580 2.8622561 2.7203139 2.7418982 2.5252150 2.3049134 3.0085255 2.6576802 3.0397387 3.0013518 2.9689645 2.6934422 2.8674669 3.0861683 0.7947641 0.9057742 0.9108937 0.7776878 0.7770668 0.9339475 0.9904611 0.0000000 0.6021061 0.4561739 1.0016590 4.0688260 
Coeast_Cast_sb772034                                   2.5157520 2.5487651 2.8686644 2.5493247 2.9427070 2.6082369 2.8727340 2.8630422 3.0570630 3.0895854 2.8693705 3.0426970 2.6756368 2.8649142 2.9159577 2.9354522 2.7766157 2.8383343 3.0561295 2.9875239 3.1832412 2.8628935 3.0064825 2.4846541 3.0252016 3.0259560 3.0212841 3.0507330 3.0648946 3.1486436 3.1481735 2.8186205 2.9208614 2.7544554 2.8593588 2.4534874 2.4641236 2.4855948 2.5971845 3.0545006 2.7331200 3.0385822 3.2025817 2.9238221 2.9358182 2.7995940 2.8435209 0.8310990 0.9977534 1.0086047 0.7966638 0.8004470 0.9011481 0.9660852 0.6021061 0.0000000 0.0846329 1.0031918 4.2791112 
Coemet_Cmet_scaffold20064_01                           2.0693514 1.9956800 2.6165828 2.1064488 2.3304136 2.1570781 2.3598485 2.3551909 2.4565038 2.5279277 2.4941361 2.5897839 2.3211791 2.3267229 2.3305806 2.5266049 2.2471635 2.2278692 2.5664683 2.4882111 2.9263660 2.6381540 2.7177442 1.8207795 2.7057548 2.5955104 2.5146598 2.6731803 2.6699059 2.7797693 2.9596437 2.4958448 2.7250496 2.4554946 2.2629284 2.3652500 2.3652500 2.1020661 2.1050152 2.6464327 2.4511422 2.8693783 2.8019474 2.3650886 2.4917051 2.3102384 2.5199816 0.7521870 0.9088649 0.9095940 0.6315010 0.6293008 0.7425724 0.8033855 0.4561739 0.0846329 0.0000000 0.8464378 3.4580201 
Eupdun_Edun_sb10631563                                 2.4022423 2.1357257 2.1696804 2.1157922 2.1898557 2.1411187 2.3692597 2.4796513 2.3592087 2.6479248 2.5042669 2.4396833 2.3338885 2.6105493 2.5752964 2.6045773 2.5890394 2.5763325 2.6771378 2.5180282 2.7768369 2.6964269 2.6229870 2.1653833 2.5238924 2.6063491 2.6063491 2.6215237 2.7247301 2.7272565 2.9297540 2.5102645 2.5418930 2.3514343 2.3696437 2.5775417 2.5716984 2.4168167 2.2433075 3.0244092 2.3875583 2.7015327 2.5428071 2.1866971 2.6903459 2.3457612 2.3736789 1.0007184 1.0164904 1.0271847 0.9853289 0.9466476 1.0210990 1.1169519 1.0016590 1.0031918 0.8464378 0.0000000 3.6938120 
Lcom_lcpid43099                                        3.1726673 3.1149222 2.8418051 2.5649182 2.6728844 2.8558610 2.7228119 2.8179097 2.7482730 3.5769927 2.7299503 2.8281461 2.6125073 2.6779514 2.6505108 2.7531659 2.5295232 2.6303639 3.2138825 2.9941531 3.4017750 3.3174031 3.2169758 3.8184769 3.2429236 3.2066680 3.1197858 2.8735697 2.8330477 2.9760093 2.8009863 3.0280612 3.5235267 3.4982038 3.0024097 3.1165505 3.0792297 3.2825396 3.3760715 3.1468111 3.5382837 2.6899044 3.4238999 3.9367693 3.1391978 2.2030331 2.4151086 3.2464691 3.4600648 3.4608395 3.5704102 3.5621687 3.3188597 3.1692149 4.0688260 4.2791112 3.4580201 3.6938120 0.0000000 
