57
Hsap_ENST00000439502                                             0.0000000 1.4619243 1.6662045 1.5244729 1.5275944 2.0324182 1.6770027 1.8269815 1.7261061 1.4099631 1.6044340 1.5063568 1.6929008 1.6330253 1.6228131 1.9135827 1.9097813 2.0258588 2.6851367 1.5143870 2.0401407 1.7107124 2.1202088 1.5620008 1.7934084 1.8322278 2.5787658 2.2230342 1.9106711 2.8082009 2.5614412 2.4934669 1.5958225 2.1613029 2.2939344 2.4730988 2.4990267 2.4983015 1.4309593 2.7947936 2.6187713 2.4432086 2.5753628 1.9768445 2.6462597 1.5709429 2.2482859 2.1848240 2.6492153 2.2399233 2.1838333 1.9066154 2.2709245 2.3114151 2.8461734 3.0255358 3.7153398 
Bralan_BLAG01001242_1                                            1.4619243 0.0000000 1.3493484 1.4789450 1.5052008 1.8592926 1.4823367 1.7013706 1.7451648 1.5001205 1.7158190 1.5827948 1.7846136 1.7410752 1.7039709 1.7195708 1.7048946 1.8381624 2.5476954 1.5628300 2.0738661 2.1368965 2.1624351 1.4123099 1.6904002 1.8980876 2.6994791 2.1427351 1.7041765 2.0272443 2.0124586 1.6255955 1.8047035 1.9055760 1.8925032 1.7690468 2.6127328 2.8629921 1.9865985 2.9085677 2.4349307 2.6405525 2.7915697 2.1552295 2.5919264 2.5076813 3.7501436 1.7464494 2.3113420 1.8411527 2.3772878 2.1974653 2.1682317 2.1968951 2.5906340 2.3281317 2.5505448 
Skow_XM_002734541.2                                              1.6662045 1.3493484 0.0000000 1.5011150 1.2101199 1.5105521 2.1551477 2.2344467 2.1735547 2.1562921 2.2623528 1.8970377 2.4519874 1.9860519 1.9870220 2.3342502 2.4066310 2.3909209 2.8323904 3.4735277 2.1758015 2.1532683 2.4492797 1.5062844 1.7056021 2.5462629 2.9772831 2.7882975 2.5673169 2.6137782 2.6022197 8.0459452 5.0259516 2.1493424 2.3346617 2.1967398 2.9026341 2.9088476 2.0146793 3.6274986 3.2402435 3.1900763 3.0855558 2.4277087 3.5765449 8.9999988 8.9999989 1.7414765 2.5537723 1.8969988 2.2338943 2.1872658 2.0481014 2.6121175 2.7456499 3.1548136 2.7553549 
Spur_XM_793315.5                                                 1.5244729 1.4789450 1.5011150 0.0000000 1.4123846 1.3612099 1.6308132 1.6774055 1.9333839 1.9640246 1.7666058 1.6663977 1.8845738 1.8526705 1.8013769 2.1057017 2.1094589 2.1717346 2.2926793 1.4977031 2.1008422 1.6418029 2.0284091 1.6583009 1.7755163 1.7566142 2.3783462 2.2001189 2.0123933 2.2161060 2.4329694 2.9246626 1.9425787 2.2641196 2.2246183 2.0813755 2.1406678 2.2021946 1.4762411 2.3196744 2.2482587 2.4083880 2.4189693 1.7569286 2.7298463 1.9485078 3.0579112 1.9271865 2.0812193 1.9366338 2.5541327 1.7110408 2.0891378 2.2084427 2.2293835 2.3200317 2.7007663 
Acagra_model.g14879.t1                                           1.5275944 1.5052008 1.2101199 1.4123846 0.0000000 1.2982821 1.9244303 1.8957750 2.1394520 1.8967849 1.9329272 1.8482614 1.9496972 1.9696716 1.9589724 2.1357018 2.1353096 2.1858510 3.0276658 1.5474666 2.4802032 2.1432452 2.2695414 1.4566463 1.8404385 1.6425963 2.8742983 2.7438051 2.2773728 3.0177462 2.8951950 2.6070016 1.4068027 2.3681737 2.3914629 2.6079956 2.7743225 2.8714554 1.6955328 3.1594774 2.9414815 2.8141206 2.8338295 2.0577254 3.0702851 2.2108695 3.0587717 2.1276949 2.7160045 2.2365548 2.8734947 2.1748041 2.4053603 2.3733561 2.5956001 2.5898365 3.5825899 
Cgig_XM_011429146.3                                              2.0324182 1.8592926 1.5105521 1.3612099 1.2982821 0.0000000 2.0510517 2.1804352 1.8287486 1.7429927 1.8940785 1.8633649 1.9142099 1.9292239 1.8480495 2.3788693 2.4000142 2.3275672 2.7100279 1.5182508 2.2128028 1.9670809 2.2958553 1.6426086 1.6957375 1.8431849 2.8756885 2.7673283 2.1875393 3.1255108 2.7017554 2.9499325 1.8812513 2.6797054 2.3896616 2.9246782 2.6636672 2.2543559 1.5314501 2.7444790 2.6046437 2.6050179 2.5819790 1.9013846 2.6329605 1.9630776 2.8472660 1.9882376 2.5341331 2.0767287 2.8002273 1.8789648 2.1165492 2.4819645 2.5164217 2.5514637 3.3166502 
Exapal_XM_021054778.2                                            1.6770027 1.4823367 2.1551477 1.6308132 1.9244303 2.0510517 0.0000000 1.0086525 1.2794187 1.1118822 1.3686389 1.2062813 1.1697987 1.3240306 1.2800191 1.5674989 1.5663101 1.6037583 2.3614340 1.4813754 1.9954485 1.5254630 1.7730798 1.7867415 1.9220943 1.9898055 2.5339743 2.0539000 1.5285951 1.8978902 1.9834131 1.2987466 1.3866777 1.7269289 1.6382026 1.8054885 2.3442921 2.6916474 1.7962872 2.6077852 2.3513203 2.1981266 2.4000581 2.2880737 2.5532507 2.4073619 3.3359501 1.7923128 1.9426845 1.6994698 2.4296137 2.0694000 1.9128536 2.1136682 2.5686685 2.4973120 2.5076785 
Nvec_v1g189768                                                   1.8269815 1.7013706 2.2344467 1.6774055 1.8957750 2.1804352 1.0086525 0.0000000 1.2456793 1.0649795 1.2679656 1.2072314 1.2073348 1.1479807 1.1835916 1.8472769 1.8731738 1.8907349 2.7278253 1.6431279 2.0492366 1.4450284 2.0008964 1.4485317 1.7994178 1.9935186 3.0011789 2.1998052 1.6225382 2.0735376 2.0321080 1.7026139 1.6928257 1.8609502 1.7490140 1.8069584 2.2671624 2.3852175 1.7250832 2.5835887 2.1335698 2.0900557 2.2580834 2.3050345 2.3550526 1.8975419 2.5835899 2.0959881 2.1041656 1.7076590 2.3360586 2.1303414 1.9953394 2.5463354 2.5580607 2.7204339 2.9627924 
Adig_XM_015913714.1                                              1.7261061 1.7451648 2.1735547 1.9333839 2.1394520 1.8287486 1.2794187 1.2456793 0.0000000 0.0181302 0.3820812 0.4417156 0.3016816 0.4098174 0.4239060 1.5325837 1.5477707 1.5996430 2.5438115 1.4346109 2.1173575 1.6621783 2.0855820 1.7861879 1.7955659 2.2582114 2.9888077 2.3310247 1.6747399 2.2164182 2.3461776 2.0316849 1.4975434 1.8270065 1.8357972 2.2299878 2.6771711 2.5625067 1.6762270 2.6647238 2.4183210 2.7435755 2.9410612 2.2295586 2.7698863 2.0656946 3.1740073 1.8664792 2.3722795 1.8491635 2.2536215 2.6228638 2.0814909 2.0918497 2.9296769 2.8007736 3.1282913 
Amil_Amillepora24947-RA                                          1.4099631 1.5001205 2.1562921 1.9640246 1.8967849 1.7429927 1.1118822 1.0649795 0.0181302 0.0000000 0.2502772 0.3032777 0.2815681 0.3314507 0.3539695 1.2547328 1.2677522 1.2836302 2.1684958 1.4362568 2.0462377 1.6448472 2.1254599 1.6587545 1.5485181 2.0462597 2.4773580 2.0952745 1.6640257 1.9639289 1.9905120 1.5116969 1.4975434 1.6739544 1.5804280 1.9904547 2.1389873 2.1931094 1.6608006 2.3054871 2.1192580 2.4717760 2.5228670 2.2016641 2.4750339 2.0409998 3.1740073 1.7730427 1.9309626 1.7400032 2.1367647 2.3593738 1.9357107 1.9433094 2.4471347 2.3279485 2.7256350 
Gfas_gfas1.m1.16005.m1                                           1.6044340 1.7158190 2.2623528 1.7666058 1.9329272 1.8940785 1.3686389 1.2679656 0.3820812 0.2502772 0.0000000 0.2697053 0.4603340 0.5145938 0.5147689 1.6716753 1.6681576 1.7322555 2.4814124 1.4812907 2.0273541 1.6457536 2.0145701 1.8508259 2.0853568 2.0414128 2.7436000 2.1609475 1.6794724 2.3432303 2.2609198 1.8159528 1.4673708 1.8352372 1.6634449 2.0799285 2.4957278 2.3904189 1.6677339 2.6914157 2.3357079 2.5903035 2.7616654 2.2713028 2.7188170 1.9899566 2.4615192 1.8453693 2.5383719 1.8718761 2.4243872 2.5817752 2.1933048 2.1572633 3.0157088 2.8685130 2.7177188 
Gasp_gasp1.m3.28350.m1                                           1.5063568 1.5827948 1.8970377 1.6663977 1.8482614 1.8633649 1.2062813 1.2072314 0.4417156 0.3032777 0.2697053 0.0000000 0.3206550 0.3771640 0.3756883 1.4553378 1.4618871 1.5289326 2.3306918 1.4162777 1.9803937 1.7234303 1.7962971 1.7366681 1.7815377 1.9789370 2.7945637 2.1576885 1.6928841 2.0711577 2.1010659 1.7054630 1.2564164 1.7224218 1.5818489 1.8533856 2.4452645 2.3042406 1.5541346 2.7027422 2.3084010 2.4315304 2.6311790 2.0548682 2.5594073 1.9200454 2.7523115 1.7309398 2.4020302 1.7382349 2.1490831 2.4280886 2.1010115 2.1159514 2.8752525 2.6874051 2.6043187 
Fspp_ffun1.m4.9021.m1                                            1.6929008 1.7846136 2.4519874 1.8845738 1.9496972 1.9142099 1.1697987 1.2073348 0.3016816 0.2815681 0.4603340 0.3206550 0.0000000 0.2744239 0.2633965 1.5710222 1.5702794 1.6063581 2.5659138 1.3896129 2.0985022 1.4675209 2.1882392 1.7709314 2.0458410 2.0245957 3.2671287 2.2410448 1.6559881 2.0788650 2.2464054 1.8226086 1.3538867 1.8335821 1.8772800 2.2484666 2.6041082 2.5000922 1.5318629 2.6009079 2.4309464 2.6240692 2.8371011 2.0601513 2.6626206 1.7803265 2.6236917 1.7886023 2.6543347 1.8778620 2.7661046 2.6577187 2.0594853 2.1815296 3.1158120 2.8838783 3.1381993 
Spis_XP_022785766_1                                              1.6330253 1.7410752 1.9860519 1.8526705 1.9696716 1.9292239 1.3240306 1.1479807 0.4098174 0.3314507 0.5145938 0.3771640 0.2744239 0.0000000 0.0603333 1.4723361 1.4909091 1.5880009 2.7186877 1.5101955 1.9369165 1.5699100 2.0395847 1.8107740 1.8831295 2.2276815 2.9712005 2.1652913 1.7114471 2.0860447 2.2838746 1.9220301 1.3272302 1.7773061 1.8214281 2.0845787 2.5989654 2.4807923 1.6484210 2.7345722 2.4789969 2.5931830 2.8093414 2.1134666 2.6638811 2.1021105 3.2269657 1.8544635 2.5415733 1.7900103 2.4234256 2.5367209 2.1681154 2.2164866 3.0547784 2.8168155 3.0728110 
Pocdam_XM_027187155.1                                            1.6228131 1.7039709 1.9870220 1.8013769 1.9589724 1.8480495 1.2800191 1.1835916 0.4239060 0.3539695 0.5147689 0.3756883 0.2633965 0.0603333 0.0000000 1.4623157 1.4807589 1.5961461 2.5721454 1.5769947 1.9140149 1.6033122 1.9648372 1.8065484 1.8457188 2.1509030 2.8976061 2.1293560 1.6739254 2.0983916 2.2754942 1.8764788 1.3453167 1.7810368 1.8353781 2.0428107 2.5982672 2.4582623 1.6607649 2.6818941 2.4409006 2.5101317 2.7310436 2.0647824 2.6486448 2.1854710 3.4024624 1.8889438 2.5124241 1.7871841 2.3559390 2.4855617 2.1597251 2.1887724 3.0402998 2.8210700 2.9923025 
Hhon_g02804.t1                                                   1.9135827 1.7195708 2.3342502 2.1057017 2.1357018 2.3788693 1.5674989 1.8472769 1.5325837 1.2547328 1.6716753 1.4553378 1.5710222 1.4723361 1.4623157 0.0000000 0.0179798 0.1215848 2.2913814 1.3872359 2.1340428 2.2991188 2.3029890 2.0389021 2.2793015 2.8665822 2.7280030 2.0192128 1.7276337 2.0990242 2.0278118 2.3169669 1.5603679 2.0165983 1.8888867 1.9707232 3.0899630 2.7938548 2.1188358 2.8131355 2.7687451 3.0270447 3.1748008 2.3850080 3.1654511 2.7343261 4.2258251 2.2616835 2.6216830 2.0474565 2.3866542 2.5280766 1.8228346 1.8129273 2.6972102 2.5273977 2.7835130 
HoiH04_mRNA12151                                                 1.9097813 1.7048946 2.4066310 2.1094589 2.1353096 2.4000142 1.5663101 1.8731738 1.5477707 1.2677522 1.6681576 1.4618871 1.5702794 1.4909091 1.4807589 0.0179798 0.0000000 0.1276986 2.3151216 1.3872359 2.1507783 2.3216967 2.3007081 2.0090415 2.2575695 2.8983991 2.7401391 2.0189492 1.7603045 2.1061420 2.0221468 2.2867645 1.5603679 2.0837277 1.9261988 1.9727438 3.1138340 2.7608310 2.0932155 2.8261665 2.7508434 3.0234510 3.1788660 2.4589955 3.1595150 2.7252092 4.2258251 2.3104541 2.6202199 2.1114100 2.3527167 2.5560460 1.8028416 1.7916850 2.6359157 2.4636551 2.7736343 
HoiH23_PlH23_008173-RA                                           2.0258588 1.8381624 2.3909209 2.1717346 2.1858510 2.3275672 1.6037583 1.8907349 1.5996430 1.2836302 1.7322555 1.5289326 1.6063581 1.5880009 1.5961461 0.1215848 0.1276986 0.0000000 2.3781855 1.3478808 2.1422560 2.0932484 2.2471109 2.0168181 2.3136823 2.8756760 2.7497816 2.0219050 1.7057368 2.1133371 2.1430841 2.3637535 1.5671693 2.0693116 1.8939209 1.9969819 3.1899722 2.7962610 1.9804840 2.9752556 2.8195328 3.1813619 3.3175446 2.4339809 3.2278555 2.5482078 3.5792811 2.1591493 2.5759033 2.1455356 2.4883749 2.6142893 1.9123664 1.8846895 2.7433160 2.5022446 3.0676424 
Lcom_lcpid59583                                                  2.6851367 2.5476954 2.8323904 2.2926793 3.0276658 2.7100279 2.3614340 2.7278253 2.5438115 2.1684958 2.4814124 2.3306918 2.5659138 2.7186877 2.5721454 2.2913814 2.3151216 2.3781855 0.0000000 0.9693524 2.2447608 1.6026385 2.4316894 2.4401713 3.2269905 2.8580586 3.2772325 3.0543153 2.0051954 3.0180005 3.0611195 2.9574959 2.1214687 2.6182500 2.6233157 3.0289751 3.1564407 3.0180797 2.3417521 3.0856293 3.1940385 3.2050145 3.2793554 2.9572657 3.1789560 2.8053235 4.0655376 2.1077547 2.9309292 2.7131661 2.4465266 2.5784520 2.9993930 2.7524396 3.0405681 3.1678964 1.7631371 
Leuniv_Lniv_scaffold9683_01                                      1.5143870 1.5628300 3.4735277 1.4977031 1.5474666 1.5182508 1.4813754 1.6431279 1.4346109 1.4362568 1.4812907 1.4162777 1.3896129 1.5101955 1.5769947 1.3872359 1.3872359 1.3478808 0.9693524 0.0000000 1.4459606 1.4339384 1.4234935 1.7316203 1.5721899 1.4327733 1.7399234 2.3079023 1.9483062 1.7388453 1.8522957 2.1937233 2.0390936 2.1050969 1.8665167 2.0333262 2.3615513 2.6013256 2.5121131 2.5944350 2.2919372 2.4369595 2.4405633 1.8188726 2.2148586 2.4770314 4.4899906 1.7120939 1.4897748 1.1725182 0.9633708 1.7746035 2.1089158 1.7754036 1.5928422 1.4830150 0.4589778 
Spolac_c91347_g1_i1_m.6793c91347-g1                              2.0401407 2.0738661 2.1758015 2.1008422 2.4802032 2.2128028 1.9954485 2.0492366 2.1173575 2.0462377 2.0273541 1.9803937 2.0985022 1.9369165 1.9140149 2.1340428 2.1507783 2.1422560 2.2447608 1.4459606 0.0000000 1.6641762 1.6398349 1.8787703 2.0828408 2.2645281 2.5055421 2.2426276 2.1336134 2.3019234 2.1096998 2.4188931 2.1411359 2.4389693 1.9998699 2.2678999 2.9521231 2.7502491 2.6358947 2.9582978 2.7422927 2.9820176 3.0800127 2.3893241 2.7067812 2.4636262 2.9954076 1.2522056 1.6223682 1.0409042 1.6586849 1.9354922 1.8514201 2.0071910 1.8699558 1.8009630 2.1354593 
Clacor_Ccor_C525983_01                                           1.7107124 2.1368965 2.1532683 1.6418029 2.1432452 1.9670809 1.5254630 1.4450284 1.6621783 1.6448472 1.6457536 1.7234303 1.4675209 1.5699100 1.6033122 2.2991188 2.3216967 2.0932484 1.6026385 1.4339384 1.6641762 0.0000000 1.9976364 1.8420738 2.4127883 2.3694316 1.9745840 1.9237679 1.6535988 1.9130851 1.7207651 1.8314492 1.9508044 2.5758384 2.1906131 2.3242857 1.9611810 2.0347526 2.0312832 2.1602266 1.9307303 1.9418503 1.9415285 1.5420345 2.0909724 2.3205958 3.0583180 1.8194617 1.4196143 1.5150909 2.4392474 1.8465478 1.7271467 1.8532317 1.5386628 1.4617198 1.4889977 
Emue_Em0015g61a.t1                                               2.1202088 2.1624351 2.4492797 2.0284091 2.2695414 2.2958553 1.7730798 2.0008964 2.0855820 2.1254599 2.0145701 1.7962971 2.1882392 2.0395847 1.9648372 2.3029890 2.3007081 2.2471109 2.4316894 1.4234935 1.6398349 1.9976364 0.0000000 2.2330878 2.4272707 2.4451462 2.2995804 2.2638341 2.1869239 2.4881948 2.4140446 1.9645021 1.7206646 2.5339732 2.5522349 2.2357107 2.5024255 2.4029057 1.8701360 2.6904556 2.5885196 2.5554089 2.6064820 2.1687682 2.7812628 2.2891225 4.1876071 1.6295327 1.7310263 1.2628985 2.1010398 2.2488326 2.4633158 2.9595072 1.8782963 1.6845747 2.2530405 
Ctel_gnl_WGS_AMQN_CAPTEDRAFT_mRNA227710                          1.5620008 1.4123099 1.5062844 1.6583009 1.4566463 1.6426086 1.7867415 1.4485317 1.7861879 1.6587545 1.8508259 1.7366681 1.7709314 1.8107740 1.8065484 2.0389021 2.0090415 2.0168181 2.4401713 1.7316203 1.8787703 1.8420738 2.2330878 0.0000000 1.4884256 1.7155818 2.6612411 2.2938531 1.8538029 2.1396138 2.3325586 1.7559927 1.5203834 1.9108619 1.8443231 1.9443821 2.4133199 2.5374132 1.8459856 2.5333233 2.3648010 2.5453380 2.6717218 1.8893249 2.7183895 2.2502634 3.3003669 2.1386588 2.2900156 1.7423958 2.4872788 1.9435211 1.8967948 2.2472286 2.9328042 2.6489559 2.4330521 
Cscu_XM_023373925.1                                              1.7934084 1.6904002 1.7056021 1.7755163 1.8404385 1.6957375 1.9220943 1.7994178 1.7955659 1.5485181 2.0853568 1.7815377 2.0458410 1.8831295 1.8457188 2.2793015 2.2575695 2.3136823 3.2269905 1.5721899 2.0828408 2.4127883 2.4272707 1.4884256 0.0000000 1.8468338 3.5640911 2.5299413 2.0051405 2.8002480 3.0922206 2.3319283 1.8321432 2.1574857 2.0104852 2.4955786 2.4657358 2.6464185 1.7270232 2.6590691 2.6040558 2.6246452 2.7226943 1.9387441 2.6879573 2.5115210 3.9641384 2.2492677 2.6390780 2.0999722 2.2711392 1.6840155 1.9956649 2.0454797 2.8660151 2.9146677 3.2975057 
Dpul_mRNA18628                                                   1.8322278 1.8980876 2.5462629 1.7566142 1.6425963 1.8431849 1.9898055 1.9935186 2.2582114 2.0462597 2.0414128 1.9789370 2.0245957 2.2276815 2.1509030 2.8665822 2.8983991 2.8756760 2.8580586 1.4327733 2.2645281 2.3694316 2.4451462 1.7155818 1.8468338 0.0000000 2.7461375 2.5000562 2.0936445 2.4976718 2.4678091 2.4908200 1.7975683 2.3948461 2.1619067 2.8835373 2.2634617 2.3444424 1.6601332 2.3541541 2.3698283 2.3330531 2.4232646 1.7660251 2.4522382 2.0522688 3.2366345 2.2147090 2.2852352 1.9524908 2.6672728 1.6252719 2.3070672 2.2991289 2.9189438 2.6851798 2.5849049 
Ocar_g8222                                                       2.5787658 2.6994791 2.9772831 2.3783462 2.8742983 2.8756885 2.5339743 3.0011789 2.9888077 2.4773580 2.7436000 2.7945637 3.2671287 2.9712005 2.8976061 2.7280030 2.7401391 2.7497816 3.2772325 1.7399234 2.5055421 1.9745840 2.2995804 2.6612411 3.5640911 2.7461375 0.0000000 0.4906828 1.6632568 3.7644406 3.6619713 3.1103945 1.5616999 2.8362249 2.5198297 3.2319977 3.9883667 3.4793448 1.7764000 3.9171830 3.2895011 3.4047737 3.8044691 2.3420360 3.7039560 2.4847608 9.0000000 2.6879771 3.3625850 2.3279838 3.2951712 2.4873451 2.4535636 2.8946855 3.8704660 3.8720580 3.2665232 
Opea_EP00118_Oscarella_pearsei_P013967                           2.2230342 2.1427351 2.7882975 2.2001189 2.7438051 2.7673283 2.0539000 2.1998052 2.3310247 2.0952745 2.1609475 2.1576885 2.2410448 2.1652913 2.1293560 2.0192128 2.0189492 2.0219050 3.0543153 2.3079023 2.2426276 1.9237679 2.2638341 2.2938531 2.5299413 2.5000562 0.4906828 0.0000000 1.3673830 2.6701620 2.6184698 2.5506529 1.8675207 2.5204728 2.1855850 2.4512017 2.8790136 3.0012965 2.1454693 2.9064752 2.6442083 2.7878267 3.0062330 2.3275750 3.0782847 2.5840165 3.1022002 2.3212252 2.7193311 1.8910248 2.2193037 2.3261876 2.0602161 2.2861337 3.1329093 2.8366918 3.2246164 
Plajan_Pjan_C563576_01                                           1.9106711 1.7041765 2.5673169 2.0123933 2.2773728 2.1875393 1.5285951 1.6225382 1.6747399 1.6640257 1.6794724 1.6928841 1.6559881 1.7114471 1.6739254 1.7276337 1.7603045 1.7057368 2.0051954 1.9483062 2.1336134 1.6535988 2.1869239 1.8538029 2.0051405 2.0936445 1.6632568 1.3673830 0.0000000 1.9924608 1.9552944 1.3458686 1.8871387 1.5410813 1.4732669 1.6544632 2.3932307 2.5487636 2.3891737 2.5128849 2.3355296 2.7103041 2.7231873 1.9940960 2.5845231 2.7750898 4.5841767 1.9257274 1.7044046 1.5943064 1.5326693 2.0822345 2.0448250 1.8634862 2.5823130 2.6086110 2.2514035 
Hvul_g33441_1                                                    2.8082009 2.0272443 2.6137782 2.2161060 3.0177462 3.1255108 1.8978902 2.0735376 2.2164182 1.9639289 2.3432303 2.0711577 2.0788650 2.0860447 2.0983916 2.0990242 2.1061420 2.1133371 3.0180005 1.7388453 2.3019234 1.9130851 2.4881948 2.1396138 2.8002480 2.4976718 3.7644406 2.6701620 1.9924608 0.0000000 1.0816012 1.7274843 1.1523172 1.7955206 1.7165870 1.5456621 2.9418531 3.1029491 2.2684111 2.8207131 2.7765991 2.7933860 2.7959777 2.0840695 2.9532775 2.3238945 3.5530921 2.3594490 2.3885746 2.2014258 2.4543924 2.8885770 2.0391046 2.2290523 2.9598666 2.9526588 3.1478515 
Chem_TCONS_00058486                                              2.5614412 2.0124586 2.6022197 2.4329694 2.8951950 2.7017554 1.9834131 2.0321080 2.3461776 1.9905120 2.2609198 2.1010659 2.2464054 2.2838746 2.2754942 2.0278118 2.0221468 2.1430841 3.0611195 1.8522957 2.1096998 1.7207651 2.4140446 2.3325586 3.0922206 2.4678091 3.6619713 2.6184698 1.9552944 1.0816012 0.0000000 1.6614955 1.2477788 1.7621638 1.6583187 1.7826337 3.2440290 3.2251581 2.2731845 2.8794348 3.0683097 3.0005025 3.2261338 2.2914430 3.2354259 2.3473343 3.4546450 2.2308911 2.3792061 1.8819958 2.7253301 2.4506908 2.1872629 2.1597495 2.9118508 2.9351495 3.0167661 
Aaur_scaffold140.g26.t1                                          2.4934669 1.6255955 8.0459452 2.9246626 2.6070016 2.9499325 1.2987466 1.7026139 2.0316849 1.5116969 1.8159528 1.7054630 1.8226086 1.9220301 1.8764788 2.3169669 2.2867645 2.3637535 2.9574959 2.1937233 2.4188931 1.8314492 1.9645021 1.7559927 2.3319283 2.4908200 3.1103945 2.5506529 1.3458686 1.7274843 1.6614955 0.0000000 0.3283568 0.5170647 0.5961045 1.0872046 2.6847266 3.0373590 2.3105275 2.6702569 2.5389751 2.8744129 3.1155332 1.3049224 2.4737186 2.2464608 4.2152721 2.1145593 2.4577266 1.6926522 5.1890734 2.8100458 2.4304344 2.4589703 2.9838133 3.1036078 2.4177107 
Nemnom_g4051.t1                                                  1.5958225 1.8047035 5.0259516 1.9425787 1.4068027 1.8812513 1.3866777 1.6928257 1.4975434 1.4975434 1.4673708 1.2564164 1.3538867 1.3272302 1.3453167 1.5603679 1.5603679 1.5671693 2.1214687 2.0390936 2.1411359 1.9508044 1.7206646 1.5203834 1.8321432 1.7975683 1.5616999 1.8675207 1.8871387 1.1523172 1.2477788 0.3283568 0.0000000 0.2903080 0.7125192 1.0072763 2.5122384 2.3197413 2.2263825 2.5994261 2.3759980 2.1635850 2.2205348 1.7310855 2.1540222 2.6876655 4.2876318 1.4431828 1.6537227 1.1109594 0.9991133 2.4716804 2.2012075 1.8421883 1.7788942 1.7484482 1.5494243 
Rhoesc_Res_010011-T1                                             2.1613029 1.9055760 2.1493424 2.2641196 2.3681737 2.6797054 1.7269289 1.8609502 1.8270065 1.6739544 1.8352372 1.7224218 1.8335821 1.7773061 1.7810368 2.0165983 2.0837277 2.0693116 2.6182500 2.1050969 2.4389693 2.5758384 2.5339732 1.9108619 2.1574857 2.3948461 2.8362249 2.5204728 1.5410813 1.7955206 1.7621638 0.5170647 0.2903080 0.0000000 0.6808245 1.2219037 3.0480490 2.8522975 2.1704999 2.8660752 2.7668249 3.1457533 3.1383856 2.4075493 2.8556895 3.0962526 4.9070374 2.1493248 2.4586834 1.8876472 2.2666709 2.7593874 2.1292405 2.1919735 2.6314686 2.8475094 2.3727031 
Sanmal_Sma_020428-T1                                             2.2939344 1.8925032 2.3346617 2.2246183 2.3914629 2.3896616 1.6382026 1.7490140 1.8357972 1.5804280 1.6634449 1.5818489 1.8772800 1.8214281 1.8353781 1.8888867 1.9261988 1.8939209 2.6233157 1.8665167 1.9998699 2.1906131 2.5522349 1.8443231 2.0104852 2.1619067 2.5198297 2.1855850 1.4732669 1.7165870 1.6583187 0.5961045 0.7125192 0.6808245 0.0000000 1.1536326 2.6641696 2.8139978 2.0570219 2.7039997 2.5538796 2.7552176 3.0871624 2.2194037 2.7177547 2.2776198 2.9685075 2.0576404 2.3610588 1.8922553 2.3127971 2.5066681 2.0047761 1.9656876 2.7123431 3.0234883 2.4748738 
Morvir_scaffold440.g11.t1                                        2.4730988 1.7690468 2.1967398 2.0813755 2.6079956 2.9246782 1.8054885 1.8069584 2.2299878 1.9904547 2.0799285 1.8533856 2.2484666 2.0845787 2.0428107 1.9707232 1.9727438 1.9969819 3.0289751 2.0333262 2.2678999 2.3242857 2.2357107 1.9443821 2.4955786 2.8835373 3.2319977 2.4512017 1.6544632 1.5456621 1.7826337 1.0872046 1.0072763 1.2219037 1.1536326 0.0000000 2.6439400 2.5635418 2.1816995 2.8902044 2.7888805 2.7622911 2.8210959 2.1678212 2.9745857 2.5478602 3.2752685 2.2560860 2.2542914 2.2963751 2.5635702 2.6334879 2.0419924 2.2245320 2.7161673 2.9636909 2.8772822 
Mlei_ML1447.g2.i1                                                2.4990267 2.6127328 2.9026341 2.1406678 2.7743225 2.6636672 2.3442921 2.2671624 2.6771711 2.1389873 2.4957278 2.4452645 2.6041082 2.5989654 2.5982672 3.0899630 3.1138340 3.1899722 3.1564407 2.3615513 2.9521231 1.9611810 2.5024255 2.4133199 2.4657358 2.2634617 3.9883667 2.8790136 2.3932307 2.9418531 3.2440290 2.6847266 2.5122384 3.0480490 2.6641696 2.6439400 0.0000000 0.8479587 0.4766541 0.5482461 0.7229809 0.4649340 0.5329040 0.6829873 0.6689108 0.1637895 0.1851550 2.5815188 2.7443229 2.1875575 2.6983951 2.5621434 2.7200545 2.8657528 2.9652421 3.0933175 3.5002285 
Vmul_Simscaffold1334_01                                          2.4983015 2.8629921 2.9088476 2.2021946 2.8714554 2.2543559 2.6916474 2.3852175 2.5625067 2.1931094 2.3904189 2.3042406 2.5000922 2.4807923 2.4582623 2.7938548 2.7608310 2.7962610 3.0180797 2.6013256 2.7502491 2.0347526 2.4029057 2.5374132 2.6464185 2.3444424 3.4793448 3.0012965 2.5487636 3.1029491 3.2251581 3.0373590 2.3197413 2.8522975 2.8139978 2.5635418 0.8479587 0.0000000 0.2739557 0.9404868 0.7907379 0.8012609 0.9003770 0.6232207 0.9597623 0.6264334 1.0168519 2.4012215 3.1439969 2.2323701 3.0004222 2.4355786 2.9231717 3.2138681 3.4151255 3.3266521 3.6176598 
Coeast_Cast_sb833259                                             1.4309593 1.9865985 2.0146793 1.4762411 1.6955328 1.5314501 1.7962872 1.7250832 1.6762270 1.6608006 1.6677339 1.5541346 1.5318629 1.6484210 1.6607649 2.1188358 2.0932155 1.9804840 2.3417521 2.5121131 2.6358947 2.0312832 1.8701360 1.8459856 1.7270232 1.6601332 1.7764000 2.1454693 2.3891737 2.2684111 2.2731845 2.3105275 2.2263825 2.1704999 2.0570219 2.1816995 0.4766541 0.2739557 0.0000000 0.5169060 0.4791118 0.5034885 0.5041719 0.5453504 0.5540940 0.6429956 0.9976978 2.1268025 1.8902558 1.6198262 1.7046821 1.8387137 2.1025577 2.0438497 2.1903418 2.0855868 2.4739279 
Beraby_Baby_sb340346                                             2.7947936 2.9085677 3.6274986 2.3196744 3.1594774 2.7444790 2.6077852 2.5835887 2.6647238 2.3054871 2.6914157 2.7027422 2.6009079 2.7345722 2.6818941 2.8131355 2.8261665 2.9752556 3.0856293 2.5944350 2.9582978 2.1602266 2.6904556 2.5333233 2.6590691 2.3541541 3.9171830 2.9064752 2.5128849 2.8207131 2.8794348 2.6702569 2.5994261 2.8660752 2.7039997 2.8902044 0.5482461 0.9404868 0.5169060 0.0000000 0.7537641 0.6203441 0.6997006 0.5815657 0.7666116 0.4023148 0.6368973 2.8552960 3.1784924 2.1313947 3.0028170 2.4894901 2.8953014 3.1224398 3.0852396 3.1989780 3.2464945 
Lampan_Lpan_13347_01                                             2.6187713 2.4349307 3.2402435 2.2482587 2.9414815 2.6046437 2.3513203 2.1335698 2.4183210 2.1192580 2.3357079 2.3084010 2.4309464 2.4789969 2.4409006 2.7687451 2.7508434 2.8195328 3.1940385 2.2919372 2.7422927 1.9307303 2.5885196 2.3648010 2.6040558 2.3698283 3.2895011 2.6442083 2.3355296 2.7765991 3.0683097 2.5389751 2.3759980 2.7668249 2.5538796 2.7888805 0.7229809 0.7907379 0.4791118 0.7537641 0.0000000 0.7223735 0.7951995 0.6905964 0.8830081 0.4913848 0.6654052 2.6168948 2.7092962 2.2224686 2.7973280 2.6857665 2.6828400 2.8139652 2.9754575 3.0863042 3.1626928 
Pbac_sb2664195                                                   2.4432086 2.6405525 3.1900763 2.4083880 2.8141206 2.6050179 2.1981266 2.0900557 2.7435755 2.4717760 2.5903035 2.4315304 2.6240692 2.5931830 2.5101317 3.0270447 3.0234510 3.1813619 3.2050145 2.4369595 2.9820176 1.9418503 2.5554089 2.5453380 2.6246452 2.3330531 3.4047737 2.7878267 2.7103041 2.7933860 3.0005025 2.8744129 2.1635850 3.1457533 2.7552176 2.7622911 0.4649340 0.8012609 0.5034885 0.6203441 0.7223735 0.0000000 0.0231515 0.6425578 0.6611498 0.3868007 0.5794570 2.5381298 2.8612364 2.1152107 2.4856646 2.5411307 2.4481844 2.9044293 2.6732818 2.8331282 3.2075337 
Horcal_Hcv1.av93.c1.g725.i1                                      2.5753628 2.7915697 3.0855558 2.4189693 2.8338295 2.5819790 2.4000581 2.2580834 2.9410612 2.5228670 2.7616654 2.6311790 2.8371011 2.8093414 2.7310436 3.1748008 3.1788660 3.3175446 3.2793554 2.4405633 3.0800127 1.9415285 2.6064820 2.6717218 2.7226943 2.4232646 3.8044691 3.0062330 2.7231873 2.7959777 3.2261338 3.1155332 2.2205348 3.1383856 3.0871624 2.8210959 0.5329040 0.9003770 0.5041719 0.6997006 0.7951995 0.0231515 0.0000000 0.6425578 0.7374741 0.3846917 0.5730249 2.5640554 3.0146813 2.2735848 2.6307761 2.7709953 2.5578378 3.0248311 2.7061553 2.9540435 3.3057036 
Eupdun_Edun_sb10641920                                           1.9768445 2.1552295 2.4277087 1.7569286 2.0577254 1.9013846 2.2880737 2.3050345 2.2295586 2.2016641 2.2713028 2.0548682 2.0601513 2.1134666 2.0647824 2.3850080 2.4589955 2.4339809 2.9572657 1.8188726 2.3893241 1.5420345 2.1687682 1.8893249 1.9387441 1.7660251 2.3420360 2.3275750 1.9940960 2.0840695 2.2914430 1.3049224 1.7310855 2.4075493 2.2194037 2.1678212 0.6829873 0.6232207 0.5453504 0.5815657 0.6905964 0.6425578 0.6425578 0.0000000 0.8235217 0.6278997 0.0000010 2.4711644 2.3491639 1.8877071 2.3342093 2.2226936 2.5680714 2.4760749 2.7576187 2.9670500 2.4898693 
Drygla_Dgla_sb290320                                             2.6462597 2.5919264 3.5765449 2.7298463 3.0702851 2.6329605 2.5532507 2.3550526 2.7698863 2.4750339 2.7188170 2.5594073 2.6626206 2.6638811 2.6486448 3.1654511 3.1595150 3.2278555 3.1789560 2.2148586 2.7067812 2.0909724 2.7812628 2.7183895 2.6879573 2.4522382 3.7039560 3.0782847 2.5845231 2.9532775 3.2354259 2.4737186 2.1540222 2.8556895 2.7177547 2.9745857 0.6689108 0.9597623 0.5540940 0.7666116 0.8830081 0.6611498 0.7374741 0.8235217 0.0000000 0.4674683 0.7405142 2.6134152 2.9317676 2.1845694 2.9517754 2.7041655 2.8366684 3.2465880 2.9805590 3.3312686 3.2110601 
Bolinf_Binf_sb1260828                                            1.5709429 2.5076813 8.9999988 1.9485078 2.2108695 1.9630776 2.4073619 1.8975419 2.0656946 2.0409998 1.9899566 1.9200454 1.7803265 2.1021105 2.1854710 2.7343261 2.7252092 2.5482078 2.8053235 2.4770314 2.4636262 2.3205958 2.2891225 2.2502634 2.5115210 2.0522688 2.4847608 2.5840165 2.7750898 2.3238945 2.3473343 2.2464608 2.6876655 3.0962526 2.2776198 2.5478602 0.1637895 0.6264334 0.6429956 0.4023148 0.4913848 0.3868007 0.3846917 0.6278997 0.4674683 0.0000000 0.0000010 2.9184241 2.1086108 1.8976274 8.9999989 2.4618375 2.4733923 2.6208688 2.2134097 2.2924374 3.0314161 
Mertsp_Mesp_sb558501                                             2.2482859 3.7501436 8.9999989 3.0579112 3.0587717 2.8472660 3.3359501 2.5835899 3.1740073 3.1740073 2.4615192 2.7523115 2.6236917 3.2269657 3.4024624 4.2258251 4.2258251 3.5792811 4.0655376 4.4899906 2.9954076 3.0583180 4.1876071 3.3003669 3.9641384 3.2366345 9.0000000 3.1022002 4.5841767 3.5530921 3.4546450 4.2152721 4.2876318 4.9070374 2.9685075 3.2752685 0.1851550 1.0168519 0.9976978 0.6368973 0.6654052 0.5794570 0.5730249 0.0000010 0.7405142 0.0000010 0.0000000 2.8703968 2.2457596 0.0000010 0.6432031 3.9990767 2.6176323 3.4174663 2.1529057 2.2380248 9.0000000 
Tetwil_g24365.t2                                                 2.1848240 1.7464494 1.7414765 1.9271865 2.1276949 1.9882376 1.7923128 2.0959881 1.8664792 1.7730427 1.8453693 1.7309398 1.7886023 1.8544635 1.8889438 2.2616835 2.3104541 2.1591493 2.1077547 1.7120939 1.2522056 1.8194617 1.6295327 2.1386588 2.2492677 2.2147090 2.6879771 2.3212252 1.9257274 2.3594490 2.2308911 2.1145593 1.4431828 2.1493248 2.0576404 2.2560860 2.5815188 2.4012215 2.1268025 2.8552960 2.6168948 2.5381298 2.5640554 2.4711644 2.6134152 2.9184241 2.8703968 0.0000000 1.4178743 0.9507372 1.4605820 1.9047633 1.9946058 1.9249143 1.8150086 1.7129479 2.0819505 
Xestes_maker-XT_scaffold13169-augustus-gene-0.61-mRNA-1          2.6492153 2.3113420 2.5537723 2.0812193 2.7160045 2.5341331 1.9426845 2.1041656 2.3722795 1.9309626 2.5383719 2.4020302 2.6543347 2.5415733 2.5124241 2.6216830 2.6202199 2.5759033 2.9309292 1.4897748 1.6223682 1.4196143 1.7310263 2.2900156 2.6390780 2.2852352 3.3625850 2.7193311 1.7044046 2.3885746 2.3792061 2.4577266 1.6537227 2.4586834 2.3610588 2.2542914 2.7443229 3.1439969 1.8902558 3.1784924 2.7092962 2.8612364 3.0146813 2.3491639 2.9317676 2.1086108 2.2457596 1.4178743 0.0000000 1.4957646 2.1544744 2.5546782 1.9210437 2.0049791 2.0412108 2.0971681 2.8739423 
Stycar_augustus_masked-SC_scaffold1859-processed-gene-0.1-mRNA-1 2.2399233 1.8411527 1.8969988 1.9366338 2.2365548 2.0767287 1.6994698 1.7076590 1.8491635 1.7400032 1.8718761 1.7382349 1.8778620 1.7900103 1.7871841 2.0474565 2.1114100 2.1455356 2.7131661 1.1725182 1.0409042 1.5150909 1.2628985 1.7423958 2.0999722 1.9524908 2.3279838 1.8910248 1.5943064 2.2014258 1.8819958 1.6926522 1.1109594 1.8876472 1.8922553 2.2963751 2.1875575 2.2323701 1.6198262 2.1313947 2.2224686 2.1152107 2.2735848 1.8877071 2.1845694 1.8976274 0.0000010 0.9507372 1.4957646 0.0000000 1.4088592 2.0751190 1.6792265 1.8141695 2.1476885 2.3598686 2.1376746 
Plespi_Pspi_scaffold18495_01                                     2.1838333 2.3772878 2.2338943 2.5541327 2.8734947 2.8002273 2.4296137 2.3360586 2.2536215 2.1367647 2.4243872 2.1490831 2.7661046 2.4234256 2.3559390 2.3866542 2.3527167 2.4883749 2.4465266 0.9633708 1.6586849 2.4392474 2.1010398 2.4872788 2.2711392 2.6672728 3.2951712 2.2193037 1.5326693 2.4543924 2.7253301 5.1890734 0.9991133 2.2666709 2.3127971 2.5635702 2.6983951 3.0004222 1.7046821 3.0028170 2.7973280 2.4856646 2.6307761 2.3342093 2.9517754 8.9999989 0.6432031 1.4605820 2.1544744 1.4088592 0.0000000 2.0314050 1.8271638 2.0767364 3.2219146 3.1384992 2.7434529 
Tcas_TC032021_001                                                1.9066154 2.1974653 2.1872658 1.7110408 2.1748041 1.8789648 2.0694000 2.1303414 2.6228638 2.3593738 2.5817752 2.4280886 2.6577187 2.5367209 2.4855617 2.5280766 2.5560460 2.6142893 2.5784520 1.7746035 1.9354922 1.8465478 2.2488326 1.9435211 1.6840155 1.6252719 2.4873451 2.3261876 2.0822345 2.8885770 2.4506908 2.8100458 2.4716804 2.7593874 2.5066681 2.6334879 2.5621434 2.4355786 1.8387137 2.4894901 2.6857665 2.5411307 2.7709953 2.2226936 2.7041655 2.4618375 3.9990767 1.9047633 2.5546782 2.0751190 2.0314050 0.0000000 2.2092238 2.2074403 2.6652335 2.6457604 2.9730944 
Dgig_XM_028544895.1                                              2.2709245 2.1682317 2.0481014 2.0891378 2.4053603 2.1165492 1.9128536 1.9953394 2.0814909 1.9357107 2.1933048 2.1010115 2.0594853 2.1681154 2.1597251 1.8228346 1.8028416 1.9123664 2.9993930 2.1089158 1.8514201 1.7271467 2.4633158 1.8967948 1.9956649 2.3070672 2.4535636 2.0602161 2.0448250 2.0391046 2.1872629 2.4304344 2.2012075 2.1292405 2.0047761 2.0419924 2.7200545 2.9231717 2.1025577 2.8953014 2.6828400 2.4481844 2.5578378 2.5680714 2.8366684 2.4733923 2.6176323 1.9946058 1.9210437 1.6792265 1.8271638 2.2092238 0.0000000 0.9840302 2.3541892 2.4780295 2.4077490 
Xesp_004444-T2                                                   2.3114151 2.1968951 2.6121175 2.2084427 2.3733561 2.4819645 2.1136682 2.5463354 2.0918497 1.9433094 2.1572633 2.1159514 2.1815296 2.2164866 2.1887724 1.8129273 1.7916850 1.8846895 2.7524396 1.7754036 2.0071910 1.8532317 2.9595072 2.2472286 2.0454797 2.2991289 2.8946855 2.2861337 1.8634862 2.2290523 2.1597495 2.4589703 1.8421883 2.1919735 1.9656876 2.2245320 2.8657528 3.2138681 2.0438497 3.1224398 2.8139652 2.9044293 3.0248311 2.4760749 3.2465880 2.6208688 3.4174663 1.9249143 2.0049791 1.8141695 2.0767364 2.2074403 0.9840302 0.0000000 2.3519204 2.5539731 2.6965317 
Aque_Aqu2.1.36546_001                                            2.8461734 2.5906340 2.7456499 2.2293835 2.5956001 2.5164217 2.5686685 2.5580607 2.9296769 2.4471347 3.0157088 2.8752525 3.1158120 3.0547784 3.0402998 2.6972102 2.6359157 2.7433160 3.0405681 1.5928422 1.8699558 1.5386628 1.8782963 2.9328042 2.8660151 2.9189438 3.8704660 3.1329093 2.5823130 2.9598666 2.9118508 2.9838133 1.7788942 2.6314686 2.7123431 2.7161673 2.9652421 3.4151255 2.1903418 3.0852396 2.9754575 2.6732818 2.7061553 2.7576187 2.9805590 2.2134097 2.1529057 1.8150086 2.0412108 2.1476885 3.2219146 2.6652335 2.3541892 2.3519204 0.0000000 0.5501859 3.4193201 
Halamb_c47543_g1_i1m.22518                                       3.0255358 2.3281317 3.1548136 2.3200317 2.5898365 2.5514637 2.4973120 2.7204339 2.8007736 2.3279485 2.8685130 2.6874051 2.8838783 2.8168155 2.8210700 2.5273977 2.4636551 2.5022446 3.1678964 1.4830150 1.8009630 1.4617198 1.6845747 2.6489559 2.9146677 2.6851798 3.8720580 2.8366918 2.6086110 2.9526588 2.9351495 3.1036078 1.7484482 2.8475094 3.0234883 2.9636909 3.0933175 3.3266521 2.0855868 3.1989780 3.0863042 2.8331282 2.9540435 2.9670500 3.3312686 2.2924374 2.2380248 1.7129479 2.0971681 2.3598686 3.1384992 2.6457604 2.4780295 2.5539731 0.5501859 0.0000000 3.4982349 
Gracom_Gcom_scaffold4917_01                                      3.7153398 2.5505448 2.7553549 2.7007663 3.5825899 3.3166502 2.5076785 2.9627924 3.1282913 2.7256350 2.7177188 2.6043187 3.1381993 3.0728110 2.9923025 2.7835130 2.7736343 3.0676424 1.7631371 0.4589778 2.1354593 1.4889977 2.2530405 2.4330521 3.2975057 2.5849049 3.2665232 3.2246164 2.2514035 3.1478515 3.0167661 2.4177107 1.5494243 2.3727031 2.4748738 2.8772822 3.5002285 3.6176598 2.4739279 3.2464945 3.1626928 3.2075337 3.3057036 2.4898693 3.2110601 3.0314161 9.0000000 2.0819505 2.8739423 2.1376746 2.7434529 2.9730944 2.4077490 2.6965317 3.4193201 3.4982349 0.0000000 
