54
Hsap_ENST00000589578                                              0.0000000 1.5400748 1.5687152 2.2644640 2.1837137 0.7735979 1.5240479 2.0708306 2.0263594 1.7510193 1.6447936 1.5387049 1.9215430 1.6478503 1.5468053 1.5965864 1.4057223 1.4918839 1.9292996 1.8229032 1.4478977 1.3115561 1.9395182 2.0394689 2.0394689 1.9837485 2.4131632 1.9847661 1.3357604 1.0544957 2.2043030 1.4891445 1.5753441 2.8371780 2.6470715 1.9863950 1.9749679 2.3272261 2.5817524 1.6439153 2.5252325 2.1232440 2.6082409 1.7490116 2.2354718 1.9815922 0.9863497 2.3345968 2.4197541 2.9113598 2.8371811 3.3021666 2.6430845 4.3512452 
Tcas_TC009489_004                                                 1.5400748 0.0000000 0.8090292 2.4534850 2.3328326 0.8284286 0.9952850 2.2240062 1.8557601 2.0029087 1.9610261 1.5763818 2.0562836 1.8229321 1.6883743 1.8018402 1.6189485 1.6472781 1.5889385 1.4201553 1.3554320 1.3402904 1.8735494 1.7534583 1.7534583 1.8697555 2.0872656 1.7297129 1.3686936 1.0527682 2.1320218 1.5036715 1.5695799 3.1710838 2.5706075 1.9800756 1.9625018 2.2641500 2.1237058 1.6717009 2.2212293 1.8236732 2.2588106 1.6590030 1.8639391 2.0387032 1.0561668 2.0011150 1.9780135 2.4526676 2.3056698 2.7000174 2.2107758 3.2623912 
Dpul_mRNA11769                                                    1.5687152 0.8090292 0.0000000 2.3572175 2.1749898 0.7184834 0.9005945 1.9633974 1.7805561 1.6174186 1.5564681 1.4922558 1.8667770 1.6804968 1.5159061 1.6025625 1.5299108 1.5198581 1.6697003 1.3059148 1.2858657 1.4664585 1.8855716 1.7700904 1.7700904 1.9808529 1.9510263 1.7262970 1.2417749 0.9991409 1.9404407 1.4209323 1.4268546 2.6369136 2.1907552 1.7911287 1.8430136 2.2985007 2.3178625 1.8607570 2.3806512 1.8495594 2.1734871 1.8698881 2.2668883 1.9561027 0.8921999 1.8745868 1.8968759 2.4893375 2.3413047 2.5761268 2.3910636 3.7530062 
Ocar_g1312                                                        2.2644640 2.4534850 2.3572175 0.0000000 0.0708467 0.3934690 2.5188619 2.4405593 2.4210362 2.6164489 2.3697849 2.5126505 2.7553914 2.7063273 2.2818713 2.6417827 2.7705286 2.4541214 2.7405524 2.8267529 2.7304277 1.7311538 2.2773206 2.4943197 2.4943197 2.3461053 2.3941833 2.4939162 2.6952871 2.2275832 3.2135175 2.9927317 1.9105574 4.0930130 3.2944276 3.2654561 3.2292621 2.6383207 3.7068317 3.3444576 3.8545456 2.7553428 3.3157319 2.9898922 2.8350886 2.4090759 1.4798579 2.8346346 2.8311407 3.8346443 3.6576126 2.7867939 2.7968216 4.2763660 
Opea_EP00118_Oscarella_pearsei_P022200                            2.1837137 2.3328326 2.1749898 0.0708467 0.0000000 0.4316704 2.3394876 2.3922246 2.2197142 2.3157567 2.1169566 2.1900645 2.4488041 2.4004458 2.0499894 2.2847112 2.5555195 2.3326365 2.5650794 2.5653635 2.3916299 1.8430183 2.3229066 2.4800158 2.4800158 2.3425007 2.3907422 2.4681833 2.3454272 1.8615312 2.9649154 1.5621030 1.7165696 3.6137869 2.9674930 2.5414345 2.8233854 2.5655897 3.4062633 2.7878728 3.5492693 2.4785690 3.0926936 2.6665106 2.7357816 2.2291163 1.3156630 2.9086015 2.7935082 3.4124225 3.3276997 2.9194790 2.8976247 4.0045129 
Plajan_Pjan_scaffold6082_01                                       0.7735979 0.8284286 0.7184834 0.3934690 0.4316704 0.0000000 0.8075205 0.7833953 0.8436785 0.9026778 0.8464149 1.0201241 0.8216705 0.7921760 0.8216705 0.8216705 0.8741679 0.9680170 0.8334643 0.8666188 0.9683465 1.2678474 1.2678474 1.1295662 1.1295662 1.1295662 1.1124739 1.2233845 0.8292622 1.0186586 1.6930691 1.2778204 2.3544890 1.7320924 1.7320924 1.7892381 2.2347990 1.7481971 1.3780855 1.3512135 1.4541863 1.0671240 1.3185985 0.8539438 0.8412662 0.8686438 0.3348400 0.9957249 1.0362195 1.0530290 1.2721348 0.8026630 1.3587947 0.0000010 
Cscu_XM_023364509.1                                               1.5240479 0.9952850 0.9005945 2.5188619 2.3394876 0.8075205 0.0000000 2.0244745 1.8053977 1.7267259 1.6786113 1.5939425 1.9129747 1.7778884 1.5974974 1.6962287 1.5627112 1.5510086 1.8837894 1.5162720 1.3391269 1.4268173 1.9329082 1.8308082 1.8308082 1.9827710 2.1040869 1.8308883 1.3917260 0.8878165 2.1304454 1.3727863 1.3502812 2.8690545 2.3758400 1.7587775 1.9562849 2.3869217 2.3676281 1.7298909 2.5275766 1.9137611 2.2036588 1.6937061 1.8910427 1.9592200 1.0341752 2.2036163 2.2506922 2.4573889 2.4359377 2.8663000 2.6458065 3.4469003 
Dgig_XM_028546864.1                                               2.0708306 2.2240062 1.9633974 2.4405593 2.3922246 0.7833953 2.0244745 0.0000000 0.6444354 1.7290282 1.6206139 1.6970136 1.7988502 1.6399985 1.4573859 1.6168170 1.4321815 1.5553637 2.2202173 2.1332202 2.1092045 1.3554361 2.0683160 2.0650028 2.0650028 2.0588328 2.5659548 2.0333662 1.7176466 1.2506193 2.0718568 1.3720812 1.4127560 3.0756850 2.6273044 1.9162783 2.0471934 2.6169391 2.4611642 1.8241096 2.4825471 2.2910834 2.6075573 2.2050813 2.0202849 2.0471073 1.0215648 2.2388818 2.3907348 3.3166520 3.1684158 2.9199585 3.3167013 5.5353835 
Xesp_020695-T1                                                    2.0263594 1.8557601 1.7805561 2.4210362 2.2197142 0.8436785 1.8053977 0.6444354 0.0000000 1.7114997 1.5803073 1.6931623 1.6775596 1.5783028 1.5556812 1.5606179 1.4089141 1.5977188 2.1424217 1.9306915 1.8575128 1.4377562 2.1129077 2.1421128 2.1421128 2.2139756 2.6712437 2.0917965 1.6948265 1.3173162 2.1839261 1.4715116 1.4504035 3.0493919 2.6095800 2.0852548 2.1239256 2.5160422 2.4365494 1.6397636 2.4325033 2.1500313 2.3872903 1.9695293 1.8748116 2.0129201 1.0112939 2.1572962 2.1918497 3.0742035 2.8179462 2.9450267 3.0340435 4.3143883 
Adig_XM_015913131.1                                               1.7510193 2.0029087 1.6174186 2.6164489 2.3157567 0.9026778 1.7267259 1.7290282 1.7114997 0.0000000 0.0345992 0.3641344 0.5670481 0.4766134 0.4576471 0.4635053 1.0146240 0.9674203 2.0925232 1.9390737 1.7093332 1.5130802 1.9746800 1.8742745 1.8742745 1.9774423 2.2293859 1.8088053 1.7704026 1.2894872 2.2312034 1.3538089 1.5749869 3.0823103 2.6810045 2.1494671 2.3093851 2.5679888 2.4049482 1.9914241 2.4959676 2.2089558 2.3886397 1.9234968 1.9036654 1.7855171 0.9461978 1.8081381 1.8424103 2.5790154 2.4182171 2.6373012 2.1664207 2.9952395 
Amil_Amillepora33513-RA                                           1.6447936 1.9610261 1.5564681 2.3697849 2.1169566 0.8464149 1.6786113 1.6206139 1.5803073 0.0345992 0.0000000 0.3698713 0.4798652 0.4314532 0.3972217 0.4129686 0.9255953 0.8808768 1.9895712 1.8542758 1.6387903 1.4170027 1.8683960 1.7819413 1.7819413 1.8790789 2.0401748 1.7370421 1.6831657 1.2421548 2.1387978 1.4166089 1.3737549 2.9933101 2.5653107 1.9980915 2.1753982 2.4252684 2.3401424 1.8673478 2.4459562 2.1278187 2.3608829 1.8383498 1.7900751 1.7055158 0.8747647 1.7977922 1.8283718 2.5839771 2.4215488 2.6671444 2.1743354 2.9501742 
Gfas_gfas1.m1.15253.m1                                            1.5387049 1.5763818 1.4922558 2.5126505 2.1900645 1.0201241 1.5939425 1.6970136 1.6931623 0.3641344 0.3698713 0.0000000 0.5097634 0.4017956 0.4149473 0.4370429 0.8468579 0.8286224 1.9308470 1.8224281 1.4897515 1.3850444 1.9399595 1.8652221 1.8652221 1.8944742 2.1709725 1.6996382 1.7219061 1.1391054 2.0671270 1.3565352 1.2367607 2.8176229 2.5766896 1.9608616 2.0782817 2.3065642 2.1526198 1.7900022 2.2893507 1.9351577 2.2665111 1.7331389 1.5565753 1.6004992 0.7622528 1.7597611 1.7648086 2.4075465 2.3313503 2.6129756 2.4504714 2.7921494 
Fspp_ffun1.m4.11702.m1                                            1.9215430 2.0562836 1.8667770 2.7553914 2.4488041 0.8216705 1.9129747 1.7988502 1.6775596 0.5670481 0.4798652 0.5097634 0.0000000 0.2414316 0.3423301 0.3095554 1.0621216 1.0816384 2.1889186 1.9208839 1.8517236 1.4913019 2.0642306 2.0404296 2.0404296 1.9221683 2.0633694 1.9022798 2.0133060 1.0797668 2.0475363 1.2177151 1.3381014 3.1664007 2.3956836 2.1679333 2.0679165 2.2429542 2.7328083 1.8588685 2.7872211 2.3074923 2.8276625 2.1049993 2.0512637 1.7969296 0.9931543 2.3159052 2.1928749 2.8280741 3.0185922 2.8111558 2.0573549 3.4951402 
Gasp_gasp1.m3.21146.m1                                            1.6478503 1.8229321 1.6804968 2.7063273 2.4004458 0.7921760 1.7778884 1.6399985 1.5783028 0.4766134 0.4314532 0.4017956 0.2414316 0.0000000 0.2855746 0.2869070 0.9462243 0.8743238 1.9730745 1.9382992 1.6194816 1.3886284 1.8209079 1.7695040 1.7695040 1.8200692 2.0565332 1.6825337 1.6977595 1.0984503 2.0575225 1.3612507 1.3244309 2.9069460 2.3861785 1.8670185 1.9929117 2.2375505 2.3624805 1.6969795 2.3538257 2.0999196 2.3798748 1.8294143 1.8747919 1.7651420 0.8630730 1.9625224 1.9154707 2.7861627 2.4471646 2.5187869 2.3746460 3.2556983 
Spis_XP_022795767_1                                               1.5468053 1.6883743 1.5159061 2.2818713 2.0499894 0.8216705 1.5974974 1.4573859 1.5556812 0.4576471 0.3972217 0.4149473 0.3423301 0.2855746 0.0000000 0.0868156 0.8180044 0.8317249 1.9699380 1.7687809 1.5492531 1.3429078 1.8122156 1.7291487 1.7291487 1.8513640 1.9863698 1.6656012 1.6544279 1.1379959 2.0356774 1.4561519 1.3822429 2.6470499 2.4138868 1.8354196 1.9328129 2.1371820 2.1989721 1.5789993 2.1805639 1.9348050 2.1584635 1.6428127 1.8983195 1.6056534 0.8969864 1.8449231 1.8064171 2.6413993 2.4393300 2.4111843 2.0669358 3.3095921 
Pocdam_XM_027202517.1                                             1.5965864 1.8018402 1.6025625 2.6417827 2.2847112 0.8216705 1.6962287 1.6168170 1.5606179 0.4635053 0.4129686 0.4370429 0.3095554 0.2869070 0.0868156 0.0000000 0.8886031 0.8487266 2.0504494 1.8400545 1.6024814 1.3534695 1.8292044 1.7426536 1.7426536 1.8176388 1.9505552 1.6377461 1.6669771 1.1325969 2.0337086 1.4455807 1.3770025 2.8278846 2.4010372 1.8312437 2.0008215 2.1875001 2.3042118 1.6147959 2.2559881 2.0786963 2.3047060 1.8064721 1.9243619 1.7183276 0.8725491 1.9929722 1.9458228 2.7125920 2.4821283 2.5303805 2.2987487 3.3463415 
Exapal_XM_021043472.2                                             1.4057223 1.6189485 1.5299108 2.7705286 2.5555195 0.8741679 1.5627112 1.4321815 1.4089141 1.0146240 0.9255953 0.8468579 1.0621216 0.9462243 0.8180044 0.8886031 0.0000000 0.5193581 1.7427228 1.6741988 1.4380786 1.2390541 1.6927352 1.6909840 1.6909840 1.7656174 2.0773918 1.6797962 1.5145864 0.9613930 1.7602365 1.1024585 1.1084386 2.4167379 2.0645294 1.5729228 1.7634007 2.0049883 2.0035843 1.4719178 1.9380319 1.7906565 2.2203043 1.7374815 1.6507545 1.7872843 0.8645005 1.7134210 1.7209783 2.5469384 2.2124315 2.9269778 1.9316424 2.9917181 
Nvec_v1g105451                                                    1.4918839 1.6472781 1.5198581 2.4541214 2.3326365 0.9680170 1.5510086 1.5553637 1.5977188 0.9674203 0.8808768 0.8286224 1.0816384 0.8743238 0.8317249 0.8487266 0.5193581 0.0000000 1.8978222 1.7889365 1.5617585 1.2672856 1.7541945 1.6667476 1.6667476 1.8286942 1.9772167 1.6570433 1.5784767 1.0811891 1.9791956 1.2840461 1.3621221 2.7492623 2.3412631 1.8856187 1.9201852 2.2719084 2.1121105 1.4832279 2.1119256 1.9164088 2.3317720 1.7687869 1.8702523 1.6755163 0.8501484 1.9284558 1.8753510 2.6299386 2.3658735 2.4250851 2.4460264 3.2286215 
Cgig_XM_034464551.1                                               1.9292996 1.5889385 1.6697003 2.7405524 2.5650794 0.8334643 1.8837894 2.2202173 2.1424217 2.0925232 1.9895712 1.9308470 2.1889186 1.9730745 1.9699380 2.0504494 1.7427228 1.8978222 0.0000000 1.3959327 1.2524143 1.4321473 2.2670858 2.1614712 2.1614712 2.2767070 2.7469715 2.1509680 1.8255667 1.0616789 1.8968775 1.0506621 1.1681468 2.9661310 2.2688486 1.6802908 1.9461436 2.2001902 2.4629090 1.5541054 2.6475522 2.0185347 2.4166269 1.9805852 2.2315269 2.2652115 0.9966001 2.7280085 2.6791234 3.2813866 2.7518877 3.7699515 3.4654350 5.7505750 
Ctel_gnl_WGS_AMQN_CAPTEDRAFT_mRNA227840                           1.8229032 1.4201553 1.3059148 2.8267529 2.5653635 0.8666188 1.5162720 2.1332202 1.9306915 1.9390737 1.8542758 1.8224281 1.9208839 1.9382992 1.7687809 1.8400545 1.6741988 1.7889365 1.3959327 0.0000000 1.2791822 1.3250382 1.9348720 1.8736265 1.8736265 1.8802195 2.1650700 1.7671503 1.4362187 1.0865548 2.2123043 1.2779403 1.3211351 2.8443389 2.3297217 1.9779691 1.9521996 2.5518892 2.2126536 1.7482175 2.3853862 2.1294140 2.5827668 1.8510744 2.2232762 2.2975602 1.0789720 2.5365164 2.4449374 2.9207163 2.8849042 3.2119066 3.2761185 4.3722182 
Acagra_model.g11529.t1_model.g11530.t1_model.g11528.t1.3.5d400ac7 1.4478977 1.3554320 1.2858657 2.7304277 2.3916299 0.9683465 1.3391269 2.1092045 1.8575128 1.7093332 1.6387903 1.4897515 1.8517236 1.6194816 1.5492531 1.6024814 1.4380786 1.5617585 1.2524143 1.2791822 0.0000000 1.4246125 1.8749428 1.8651201 1.8651201 1.9321340 2.2202609 1.8018744 1.3561092 0.9942743 2.0205296 1.2790797 1.2401904 2.7837560 2.2523095 1.6482509 1.9914983 2.2079356 2.3890242 1.6973736 2.4665532 1.8100281 2.1081417 1.6465435 2.1364880 1.7693955 1.0190489 2.0981347 2.1801635 2.6215291 2.6099796 2.9379439 3.0655965 4.1507591 
Tadh_TriadT19797                                                  1.3115561 1.3402904 1.4664585 1.7311538 1.8430183 1.2678474 1.4268173 1.3554361 1.4377562 1.5130802 1.4170027 1.3850444 1.4913019 1.3886284 1.3429078 1.3534695 1.2390541 1.2672856 1.4321473 1.3250382 1.4246125 0.0000000 0.0287151 0.1140679 0.1140679 0.1040184 0.2054616 0.1395698 1.4518767 1.2927370 1.6826716 1.2186732 1.3849119 1.7067368 1.7067368 1.4227156 1.6802329 1.6394060 1.5870259 1.6634631 1.7355313 1.7114626 1.7244454 1.4065732 1.5893487 1.4278703 1.2185064 1.5828257 1.5784468 1.8135947 1.7488250 2.3407490 1.7657651 2.9911439 
TrH2_TrispH2_007027-RA                                            1.9395182 1.8735494 1.8855716 2.2773206 2.3229066 1.2678474 1.9329082 2.0683160 2.1129077 1.9746800 1.8683960 1.9399595 2.0642306 1.8209079 1.8122156 1.8292044 1.6927352 1.7541945 2.2670858 1.9348720 1.8749428 0.0287151 0.0000000 0.1780222 0.1780222 0.2151122 0.2627243 0.2074011 1.8317990 1.4619065 2.0918986 1.4110065 1.4937131 2.3568086 2.1591904 1.7939679 1.9948782 2.1413868 2.1719414 1.8399711 2.3289810 2.2290752 2.4397631 2.0745043 2.0479858 1.9158489 1.3508724 2.2066812 2.2361919 2.3409088 2.3328275 2.5674891 2.5012310 5.2115268 
Hhon_g04037.t1                                                    2.0394689 1.7534583 1.7700904 2.4943197 2.4800158 1.1295662 1.8308082 2.0650028 2.1421128 1.8742745 1.7819413 1.8652221 2.0404296 1.7695040 1.7291487 1.7426536 1.6909840 1.6667476 2.1614712 1.8736265 1.8651201 0.1140679 0.1780222 0.0000000 0.0000010 0.1368604 0.1339980 0.1120645 1.7309699 1.3775316 2.0073036 1.3289498 1.3871205 2.2072776 2.0668667 1.7197350 1.8944304 2.0573382 2.1174303 1.7107743 2.2975210 2.1049610 2.4270225 2.0216263 2.1593560 1.8832683 1.2902984 2.1995164 2.2044811 2.4050093 2.2895907 3.1691360 2.4038987 6.0827517 
HoiH04_mRNA13146                                                  2.0394689 1.7534583 1.7700904 2.4943197 2.4800158 1.1295662 1.8308082 2.0650028 2.1421128 1.8742745 1.7819413 1.8652221 2.0404296 1.7695040 1.7291487 1.7426536 1.6909840 1.6667476 2.1614712 1.8736265 1.8651201 0.1140679 0.1780222 0.0000010 0.0000000 0.1368604 0.1339980 0.1120645 1.7309699 1.3775316 2.0073036 1.3289498 1.3871205 2.2072776 2.0668667 1.7197350 1.8944304 2.0573382 2.1174303 1.7107743 2.2975210 2.1049610 2.4270225 2.0216263 2.1593560 1.8832683 1.2902984 2.1995164 2.2044811 2.4050093 2.2895907 3.1691360 2.4038987 6.0827517 
HoiH11_mRNA6368                                                   1.9837485 1.8697555 1.9808529 2.3461053 2.3425007 1.1295662 1.9827710 2.0588328 2.2139756 1.9774423 1.8790789 1.8944742 1.9221683 1.8200692 1.8513640 1.8176388 1.7656174 1.8286942 2.2767070 1.8802195 1.9321340 0.1040184 0.2151122 0.1368604 0.1368604 0.0000000 0.1498217 0.1162852 1.9000149 1.4752575 2.1241750 1.5353893 1.5359150 2.3163956 2.2675976 1.9141128 2.0263300 2.1946238 2.2138113 1.9118013 2.5197904 2.1621090 2.4022501 2.0420239 1.9794098 1.8794738 1.4894617 2.2883534 2.2714753 2.3049773 2.3339861 3.0365630 2.2216453 4.9301161 
HoiH06_mRNA13407                                                  2.4131632 2.0872656 1.9510263 2.3941833 2.3907422 1.1124739 2.1040869 2.5659548 2.6712437 2.2293859 2.0401748 2.1709725 2.0633694 2.0565332 1.9863698 1.9505552 2.0773918 1.9772167 2.7469715 2.1650700 2.2202609 0.2054616 0.2627243 0.1339980 0.1339980 0.1498217 0.0000000 0.0588711 2.0566354 1.5413403 2.0626235 1.0185672 1.3698029 2.3452141 2.1444537 1.7497021 2.0316718 2.3328542 2.3959698 1.7356843 2.5504733 2.3065983 2.7430062 2.4515608 2.4350950 2.2188595 1.5131215 2.5465902 2.5004002 2.7366199 2.6310935 2.7172515 2.3626895 5.8968554 
HoiH23_PlH23_000846-RA                                            1.9847661 1.7297129 1.7262970 2.4939162 2.4681833 1.2233845 1.8308883 2.0333662 2.0917965 1.8088053 1.7370421 1.6996382 1.9022798 1.6825337 1.6656012 1.6377461 1.6797962 1.6570433 2.1509680 1.7671503 1.8018744 0.1395698 0.2074011 0.1120645 0.1120645 0.1162852 0.0588711 0.0000000 1.7339246 1.3496126 1.8903907 1.2168860 1.3505255 2.1212449 1.9568313 1.5971203 1.8304980 2.0447578 2.1329867 1.6129268 2.2624583 2.0844050 2.4685623 1.9748879 2.2213685 1.9222342 1.2294261 2.1443305 2.1501788 2.4357230 2.3038855 2.8274126 2.4104835 5.7163801 
Bralan_BLAG19000133_19                                            1.3357604 1.3686936 1.2417749 2.6952871 2.3454272 0.8292622 1.3917260 1.7176466 1.6948265 1.7704026 1.6831657 1.7219061 2.0133060 1.6977595 1.6544279 1.6669771 1.5145864 1.5784767 1.8255667 1.4362187 1.3561092 1.4518767 1.8317990 1.7309699 1.7309699 1.9000149 2.0566354 1.7339246 0.0000000 0.8842465 1.9701180 1.1478933 1.3125073 2.4751530 2.3445073 1.6348360 1.9668676 2.2957289 2.2027897 1.6376596 2.2920741 2.0775746 2.2565239 1.3759199 2.1514739 1.9440797 0.8760876 1.8718738 1.9077345 2.5287598 2.3825840 3.3270492 2.4764131 3.7460222 
Skow_XM_006821094.1                                               1.0544957 1.0527682 0.9991409 2.2275832 1.8615312 1.0186586 0.8878165 1.2506193 1.3173162 1.2894872 1.2421548 1.1391054 1.0797668 1.0984503 1.1379959 1.1325969 0.9613930 1.0811891 1.0616789 1.0865548 0.9942743 1.2927370 1.4619065 1.3775316 1.3775316 1.4752575 1.5413403 1.3496126 0.8842465 0.0000000 1.7572704 1.2480392 1.3353479 2.0518005 1.9569010 1.4479687 1.6822146 1.9053916 1.5956199 1.4969871 1.6793867 1.6271783 1.5702273 0.8810467 1.3381030 1.3434590 0.9817943 1.4380953 1.4876859 1.8543674 1.7735799 2.3766871 1.5193535 1.8728851 
Mlei_ML0739.g1.i1                                                 2.2043030 2.1320218 1.9404407 3.2135175 2.9649154 1.6930691 2.1304454 2.0718568 2.1839261 2.2312034 2.1387978 2.0671270 2.0475363 2.0575225 2.0356774 2.0337086 1.7602365 1.9791956 1.8968775 2.2123043 2.0205296 1.6826716 2.0918986 2.0073036 2.0073036 2.1241750 2.0626235 1.8903907 1.9701180 1.7572704 0.0000000 0.0681846 0.2146772 0.3350251 0.3401401 0.3530290 0.4068364 0.4954196 2.2383304 1.8843236 2.3578668 1.9990522 2.1777435 1.9901252 2.2655657 2.0399855 1.5758898 2.2161460 2.2985394 2.2832255 2.1198145 2.5468296 2.7297283 4.1755384 
Mertsp_Mesp_sb554993                                              1.4891445 1.5036715 1.4209323 2.9927317 1.5621030 1.2778204 1.3727863 1.3720812 1.4715116 1.3538089 1.4166089 1.3565352 1.2177151 1.3612507 1.4561519 1.4455807 1.1024585 1.2840461 1.0506621 1.2779403 1.2790797 1.2186732 1.4110065 1.3289498 1.3289498 1.5353893 1.0185672 1.2168860 1.1478933 1.2480392 0.0681846 0.0000000 0.1684777 0.2354573 0.2354573 0.2773789 0.3727160 0.3776591 1.0930743 1.2065350 1.1226526 1.5287680 1.0918138 1.2321837 1.4127728 1.8336985 1.3769514 1.3154558 1.3449026 1.1090800 1.1939518 9.0000000 3.8333632 0.0000010 
Beraby_Baby_sb353428                                              1.5753441 1.5695799 1.4268546 1.9105574 1.7165696 2.3544890 1.3502812 1.4127560 1.4504035 1.5749869 1.3737549 1.2367607 1.3381014 1.3244309 1.3822429 1.3770025 1.1084386 1.3621221 1.1681468 1.3211351 1.2401904 1.3849119 1.4937131 1.3871205 1.3871205 1.5359150 1.3698029 1.3505255 1.3125073 1.3353479 0.2146772 0.1684777 0.0000000 0.2205240 0.2205240 0.2663420 0.3268965 0.4002797 1.3311575 1.4465720 1.4005140 1.5130057 1.2906178 1.4363791 1.7549691 1.8849550 1.4376633 1.5624503 1.5593451 1.3802252 1.4136992 9.0000000 2.1339972 0.0000010 
Pbac_sb2661740                                                    2.8371780 3.1710838 2.6369136 4.0930130 3.6137869 1.7320924 2.8690545 3.0756850 3.0493919 3.0823103 2.9933101 2.8176229 3.1664007 2.9069460 2.6470499 2.8278846 2.4167379 2.7492623 2.9661310 2.8443389 2.7837560 1.7067368 2.3568086 2.2072776 2.2072776 2.3163956 2.3452141 2.1212449 2.4751530 2.0518005 0.3350251 0.2354573 0.2205240 0.0000000 0.0044905 0.4291986 0.5533554 0.7691011 2.5310653 1.9616303 2.7147120 2.6825956 2.8710452 2.7198257 2.8730525 3.1140008 1.5914041 3.1617512 3.3216265 3.0930511 2.6918041 3.8993464 3.7200746 6.2722781 
Horcal_Hcv1.av93.c2.g478.i2                                       2.6470715 2.5706075 2.1907552 3.2944276 2.9674930 1.7320924 2.3758400 2.6273044 2.6095800 2.6810045 2.5653107 2.5766896 2.3956836 2.3861785 2.4138868 2.4010372 2.0645294 2.3412631 2.2688486 2.3297217 2.2523095 1.7067368 2.1591904 2.0668667 2.0668667 2.2675976 2.1444537 1.9568313 2.3445073 1.9569010 0.3401401 0.2354573 0.2205240 0.0044905 0.0000000 0.4289705 0.5405361 0.6760069 2.1306966 1.8577115 2.3378788 2.3885304 2.3087994 2.3305079 2.5032203 2.5899445 1.5914041 2.6509248 2.7769034 2.5829005 2.2221623 2.8447809 2.7921856 5.1842577 
Coemet_Cmet_scaffold4366_01                                       1.9863950 1.9800756 1.7911287 3.2654561 2.5414345 1.7892381 1.7587775 1.9162783 2.0852548 2.1494671 1.9980915 1.9608616 2.1679333 1.8670185 1.8354196 1.8312437 1.5729228 1.8856187 1.6802908 1.9779691 1.6482509 1.4227156 1.7939679 1.7197350 1.7197350 1.9141128 1.7497021 1.5971203 1.6348360 1.4479687 0.3530290 0.2773789 0.2663420 0.4291986 0.4289705 0.0000000 0.3369959 0.4254371 1.8235329 1.8681029 1.9184567 1.9173260 1.8051974 1.7298769 2.1656195 2.0887413 1.2272713 1.7930446 1.9118275 1.9853720 1.9540722 3.4944908 2.6777405 8.4514574 
Lampan_Lpan_15292_01                                              1.9749679 1.9625018 1.8430136 3.2292621 2.8233854 2.2347990 1.9562849 2.0471934 2.1239256 2.3093851 2.1753982 2.0782817 2.0679165 1.9929117 1.9328129 2.0008215 1.7634007 1.9201852 1.9461436 1.9521996 1.9914983 1.6802329 1.9948782 1.8944304 1.8944304 2.0263300 2.0316718 1.8304980 1.9668676 1.6822146 0.4068364 0.3727160 0.3268965 0.5533554 0.5405361 0.3369959 0.0000000 0.5038566 2.1276130 2.0024530 2.2077338 1.9211930 2.0372919 1.8722424 2.1344569 2.1060118 1.6522222 2.1938117 2.1226939 2.2164372 2.1363587 2.6059048 2.4661982 3.5960153 
Eupdun_Edun_sb10656949                                            2.3272261 2.2641500 2.2985007 2.6383207 2.5655897 1.7481971 2.3869217 2.6169391 2.5160422 2.5679888 2.4252684 2.3065642 2.2429542 2.2375505 2.1371820 2.1875001 2.0049883 2.2719084 2.2001902 2.5518892 2.2079356 1.6394060 2.1413868 2.0573382 2.0573382 2.1946238 2.3328542 2.0447578 2.2957289 1.9053916 0.4954196 0.3776591 0.4002797 0.7691011 0.6760069 0.4254371 0.5038566 0.0000000 2.2733047 1.8042325 2.2579507 2.3006334 2.4174603 2.0805294 2.4614266 2.6061356 1.4903018 2.3238402 2.4010218 2.4148026 2.2853778 3.1372343 3.4204505 4.9916320 
Aque_Aqu2.1.38661_001                                             2.5817524 2.1237058 2.3178625 3.7068317 3.4062633 1.3780855 2.3676281 2.4611642 2.4365494 2.4049482 2.3401424 2.1526198 2.7328083 2.3624805 2.1989721 2.3042118 2.0035843 2.1121105 2.4629090 2.2126536 2.3890242 1.5870259 2.1719414 2.1174303 2.1174303 2.2138113 2.3959698 2.1329867 2.2027897 1.5956199 2.2383304 1.0930743 1.3311575 2.5310653 2.1306966 1.8235329 2.1276130 2.2733047 0.0000000 0.5420248 0.6097173 1.5502146 1.7438273 2.5424555 3.0167004 2.5457088 1.3542051 2.5719349 2.6390092 2.4992196 1.9956349 4.4947217 3.7679645 6.1496865 
Xestes_maker-XT_scaffold2758-augustus-gene-0.3-mRNA-1             1.6439153 1.6717009 1.8607570 3.3444576 2.7878728 1.3512135 1.7298909 1.8241096 1.6397636 1.9914241 1.8673478 1.7900022 1.8588685 1.6969795 1.5789993 1.6147959 1.4719178 1.4832279 1.5541054 1.7482175 1.6973736 1.6634631 1.8399711 1.7107743 1.7107743 1.9118013 1.7356843 1.6129268 1.6376596 1.4969871 1.8843236 1.2065350 1.4465720 1.9616303 1.8577115 1.8681029 2.0024530 1.8042325 0.5420248 0.0000000 0.4300828 1.2363288 1.0070971 1.7799918 2.0545121 1.6799494 1.3363715 1.5931467 1.6108585 1.1956310 1.0658959 1.4552918 2.0369670 8.9999988 
Halamb_c43793_g1_i1m.16623                                        2.5252325 2.2212293 2.3806512 3.8545456 3.5492693 1.4541863 2.5275766 2.4825471 2.4325033 2.4959676 2.4459562 2.2893507 2.7872211 2.3538257 2.1805639 2.2559881 1.9380319 2.1119256 2.6475522 2.3853862 2.4665532 1.7355313 2.3289810 2.2975210 2.2975210 2.5197904 2.5504733 2.2624583 2.2920741 1.6793867 2.3578668 1.1226526 1.4005140 2.7147120 2.3378788 1.9184567 2.2077338 2.2579507 0.6097173 0.4300828 0.0000000 1.6356310 1.7310480 2.6666957 3.2807664 2.4980484 1.4315372 2.6169743 2.8619206 2.4616395 1.8980362 4.1362716 3.6400101 7.0598802 
Plespi_Pspi_scaffold5944_01                                       2.1232440 1.8236732 1.8495594 2.7553428 2.4785690 1.0671240 1.9137611 2.2910834 2.1500313 2.2089558 2.1278187 1.9351577 2.3074923 2.0999196 1.9348050 2.0786963 1.7906565 1.9164088 2.0185347 2.1294140 1.8100281 1.7114626 2.2290752 2.1049610 2.1049610 2.1621090 2.3065983 2.0844050 2.0775746 1.6271783 1.9990522 1.5287680 1.5130057 2.6825956 2.3885304 1.9173260 1.9211930 2.3006334 1.5502146 1.2363288 1.6356310 0.0000000 1.8038236 2.0403201 2.0177651 2.1990146 1.5757318 2.4850062 2.6317094 1.9650332 1.8691766 3.3502196 2.9000984 4.2458879 
Tetwil_g5266.t1                                                   2.6082409 2.2588106 2.1734871 3.3157319 3.0926936 1.3185985 2.2036588 2.6075573 2.3872903 2.3886397 2.3608829 2.2665111 2.8276625 2.3798748 2.1584635 2.3047060 2.2203043 2.3317720 2.4166269 2.5827668 2.1081417 1.7244454 2.4397631 2.4270225 2.4270225 2.4022501 2.7430062 2.4685623 2.2565239 1.5702273 2.1777435 1.0918138 1.2906178 2.8710452 2.3087994 1.8051974 2.0372919 2.4174603 1.7438273 1.0070971 1.7310480 1.8038236 0.0000000 2.4766042 2.7193215 2.5271544 1.3060051 2.6085773 2.6396148 1.9578180 1.7439664 4.1191464 3.5902960 5.7790896 
Spur_XM_011667661.2                                               1.7490116 1.6590030 1.8698881 2.9898922 2.6665106 0.8539438 1.6937061 2.2050813 1.9695293 1.9234968 1.8383498 1.7331389 2.1049993 1.8294143 1.6428127 1.8064721 1.7374815 1.7687869 1.9805852 1.8510744 1.6465435 1.4065732 2.0745043 2.0216263 2.0216263 2.0420239 2.4515608 1.9748879 1.3759199 0.8810467 1.9901252 1.2321837 1.4363791 2.7198257 2.3305079 1.7298769 1.8722424 2.0805294 2.5424555 1.7799918 2.6666957 2.0403201 2.4766042 0.0000000 2.4107892 2.1017739 1.1216459 2.2113201 2.2696894 3.0391664 2.8666689 3.5651492 2.6800919 4.7552375 
Hvul_g16385_1                                                     2.2354718 1.8639391 2.2668883 2.8350886 2.7357816 0.8412662 1.8910427 2.0202849 1.8748116 1.9036654 1.7900751 1.5565753 2.0512637 1.8747919 1.8983195 1.9243619 1.6507545 1.8702523 2.2315269 2.2232762 2.1364880 1.5893487 2.0479858 2.1593560 2.1593560 1.9794098 2.4350950 2.2213685 2.1514739 1.3381030 2.2655657 1.4127728 1.7549691 2.8730525 2.5032203 2.1656195 2.1344569 2.4614266 3.0167004 2.0545121 3.2807664 2.0177651 2.7193215 2.4107892 0.0000000 0.9769065 0.6271300 1.6090946 1.7547206 3.1212237 3.2139817 4.4371398 2.0089839 3.1002984 
Chem_TCONS_00011494                                               1.9815922 2.0387032 1.9561027 2.4090759 2.2291163 0.8686438 1.9592200 2.0471073 2.0129201 1.7855171 1.7055158 1.6004992 1.7969296 1.7651420 1.6056534 1.7183276 1.7872843 1.6755163 2.2652115 2.2975602 1.7693955 1.4278703 1.9158489 1.8832683 1.8832683 1.8794738 2.2188595 1.9222342 1.9440797 1.3434590 2.0399855 1.8336985 1.8849550 3.1140008 2.5899445 2.0887413 2.1060118 2.6061356 2.5457088 1.6799494 2.4980484 2.1990146 2.5271544 2.1017739 0.9769065 0.0000000 0.5817874 1.5064588 1.5441449 2.7950751 2.6636004 3.0405204 2.0465052 2.4234666 
Aaur_scaffold1574.g3.t1                                           0.9863497 1.0561668 0.8921999 1.4798579 1.3156630 0.3348400 1.0341752 1.0215648 1.0112939 0.9461978 0.8747647 0.7622528 0.9931543 0.8630730 0.8969864 0.8725491 0.8645005 0.8501484 0.9966001 1.0789720 1.0190489 1.2185064 1.3508724 1.2902984 1.2902984 1.4894617 1.5131215 1.2294261 0.8760876 0.9817943 1.5758898 1.3769514 1.4376633 1.5914041 1.5914041 1.2272713 1.6522222 1.4903018 1.3542051 1.3363715 1.4315372 1.5757318 1.3060051 1.1216459 0.6271300 0.5817874 0.0000000 0.1316613 0.1193237 1.2043999 1.2650652 5.5270659 3.3852791 1.7827437 
Nemnom_g4408.t1                                                   2.3345968 2.0011150 1.8745868 2.8346346 2.9086015 0.9957249 2.2036163 2.2388818 2.1572962 1.8081381 1.7977922 1.7597611 2.3159052 1.9625224 1.8449231 1.9929722 1.7134210 1.9284558 2.7280085 2.5365164 2.0981347 1.5828257 2.2066812 2.1995164 2.1995164 2.2883534 2.5465902 2.1443305 1.8718738 1.4380953 2.2161460 1.3154558 1.5624503 3.1617512 2.6509248 1.7930446 2.1938117 2.3238402 2.5719349 1.5931467 2.6169743 2.4850062 2.6085773 2.2113201 1.6090946 1.5064588 0.1316613 0.0000000 0.3664919 2.9351620 2.8056005 3.7027368 1.7302651 3.3810324 
Rhoesc_Res_013052-T1                                              2.4197541 1.9780135 1.8968759 2.8311407 2.7935082 1.0362195 2.2506922 2.3907348 2.1918497 1.8424103 1.8283718 1.7648086 2.1928749 1.9154707 1.8064171 1.9458228 1.7209783 1.8753510 2.6791234 2.4449374 2.1801635 1.5784468 2.2361919 2.2044811 2.2044811 2.2714753 2.5004002 2.1501788 1.9077345 1.4876859 2.2985394 1.3449026 1.5593451 3.3216265 2.7769034 1.9118275 2.1226939 2.4010218 2.6390092 1.6108585 2.8619206 2.6317094 2.6396148 2.2696894 1.7547206 1.5441449 0.1193237 0.3664919 0.0000000 3.2162390 2.9176683 3.5782947 1.5483779 3.3624242 
Emue_Em0010g130a.t1                                               2.9113598 2.4526676 2.4893375 3.8346443 3.4124225 1.0530290 2.4573889 3.3166520 3.0742035 2.5790154 2.5839771 2.4075465 2.8280741 2.7861627 2.6413993 2.7125920 2.5469384 2.6299386 3.2813866 2.9207163 2.6215291 1.8135947 2.3409088 2.4050093 2.4050093 2.3049773 2.7366199 2.4357230 2.5287598 1.8543674 2.2832255 1.1090800 1.3802252 3.0930511 2.5829005 1.9853720 2.2164372 2.4148026 2.4992196 1.1956310 2.4616395 1.9650332 1.9578180 3.0391664 3.1212237 2.7950751 1.2043999 2.9351620 3.2162390 0.0000000 0.3921774 4.4943790 4.3136009 8.6598121 
Spolac_c103102_g1_i1_m.32493c103102-g1                            2.8371811 2.3056698 2.3413047 3.6576126 3.3276997 1.2721348 2.4359377 3.1684158 2.8179462 2.4182171 2.4215488 2.3313503 3.0185922 2.4471646 2.4393300 2.4821283 2.2124315 2.3658735 2.7518877 2.8849042 2.6099796 1.7488250 2.3328275 2.2895907 2.2895907 2.3339861 2.6310935 2.3038855 2.3825840 1.7735799 2.1198145 1.1939518 1.4136992 2.6918041 2.2221623 1.9540722 2.1363587 2.2853778 1.9956349 1.0658959 1.8980362 1.8691766 1.7439664 2.8666689 3.2139817 2.6636004 1.2650652 2.8056005 2.9176683 0.3921774 0.0000000 3.9479954 4.3568215 7.8320544 
Lcom_lcpid209410                                                  3.3021666 2.7000174 2.5761268 2.7867939 2.9194790 0.8026630 2.8663000 2.9199585 2.9450267 2.6373012 2.6671444 2.6129756 2.8111558 2.5187869 2.4111843 2.5303805 2.9269778 2.4250851 3.7699515 3.2119066 2.9379439 2.3407490 2.5674891 3.1691360 3.1691360 3.0365630 2.7172515 2.8274126 3.3270492 2.3766871 2.5468296 9.0000000 9.0000000 3.8993464 2.8447809 3.4944908 2.6059048 3.1372343 4.4947217 1.4552918 4.1362716 3.3502196 4.1191464 3.5651492 4.4371398 3.0405204 5.5270659 3.7027368 3.5782947 4.4943790 3.9479954 0.0000000 4.0335060 3.6494313 
Sanmal_Sma_006435-T1                                              2.6430845 2.2107758 2.3910636 2.7968216 2.8976247 1.3587947 2.6458065 3.3167013 3.0340435 2.1664207 2.1743354 2.4504714 2.0573549 2.3746460 2.0669358 2.2987487 1.9316424 2.4460264 3.4654350 3.2761185 3.0655965 1.7657651 2.5012310 2.4038987 2.4038987 2.2216453 2.3626895 2.4104835 2.4764131 1.5193535 2.7297283 3.8333632 2.1339972 3.7200746 2.7921856 2.6777405 2.4661982 3.4204505 3.7679645 2.0369670 3.6400101 2.9000984 3.5902960 2.6800919 2.0089839 2.0465052 3.3852791 1.7302651 1.5483779 4.3136009 4.3568215 4.0335060 0.0000000 2.7156009 
Morvir_scaffold859.g1.t2                                          4.3512452 3.2623912 3.7530062 4.2763660 4.0045129 0.0000010 3.4469003 5.5353835 4.3143883 2.9952395 2.9501742 2.7921494 3.4951402 3.2556983 3.3095921 3.3463415 2.9917181 3.2286215 5.7505750 4.3722182 4.1507591 2.9911439 5.2115268 6.0827517 6.0827517 4.9301161 5.8968554 5.7163801 3.7460222 1.8728851 4.1755384 0.0000010 0.0000010 6.2722781 5.1842577 8.4514574 3.5960153 4.9916320 6.1496865 8.9999988 7.0598802 4.2458879 5.7790896 4.7552375 3.1002984 2.4234666 1.7827437 3.3810324 3.3624242 8.6598121 7.8320544 3.6494313 2.7156009 0.0000000 
