34
Hsap_ENST00000496811                                  0.0000000 1.2568488 1.4004172 1.5205059 1.3352146 1.2049527 1.7725953 1.4018511 1.4854146 1.4602236 1.6346980 1.6672410 1.4768574 1.5484301 1.6581576 1.4633898 1.3152050 1.5624778 1.2583507 1.6430069 1.4066701 1.6780523 1.7926481 1.5010326 1.2480752 1.8889253 2.1994541 1.6316184 2.1409012 2.6201581 1.9589945 1.8584668 1.7407864 1.8770543 
Bralan_BLAG11101276_1                                 1.2568488 0.0000000 1.1639909 1.2440527 1.0447075 0.9556445 1.6512840 1.1582619 1.2686875 1.2164311 1.3935372 1.4532696 1.2994613 1.3080274 1.3139426 1.4288095 1.2197309 1.2732000 1.3344392 1.5335445 1.5285720 1.5384462 1.6542857 1.4013024 1.2331946 2.0489643 2.0419682 1.6398501 2.0567116 2.7124283 1.7640120 1.7409920 1.4952200 1.8175991 
Aque_Aqu2.1.39834_001                                 1.4004172 1.1639909 0.0000000 0.4017842 0.7640673 1.0025443 1.4874386 1.1631638 1.2451247 1.2436408 1.3343803 1.3787196 1.2721596 1.3662729 1.3678645 1.3081443 1.2699964 0.9976197 1.5095161 1.3568635 1.2590036 1.6264683 1.7188787 1.6132188 1.4258546 1.9718209 1.6183273 1.4472613 1.8827391 2.3864024 1.5452649 1.7724215 1.5202153 1.6753092 
Halamb_c52976_g1_i6mm.4912                            1.5205059 1.2440527 0.4017842 0.0000000 0.7008896 1.0422632 1.4909507 1.1773389 1.2850542 1.2452444 1.4110921 1.4438361 1.3906681 1.3869515 1.4729974 1.3031561 1.4083317 0.9792188 1.5006816 1.4564342 1.3313355 1.6510474 1.8733117 1.7427938 1.6475345 2.0615444 1.7457317 1.4713494 1.9450868 2.5972008 1.6615320 1.9015661 1.6308424 1.7210374 
Stycar_maker-SC_scaffold8295-augustus-gene-0.7-mRNA-1 1.3352146 1.0447075 0.7640673 0.7008896 0.0000000 0.8702874 1.1333385 1.1603989 1.0887482 1.0586523 1.1204321 1.0844310 1.0774053 1.1880267 1.3652720 1.1295572 1.2132287 0.5116505 1.3243504 1.3535237 1.4440089 1.6310987 1.6321820 1.5978348 1.4846423 1.8384379 1.4832449 1.7420677 1.7280888 1.8852783 1.4293620 1.5269011 1.6095747 0.9724067 
Exapal_XM_021060252.2                                 1.2049527 0.9556445 1.0025443 1.0422632 0.8702874 0.0000000 0.4938331 0.8519557 0.6752273 0.6844986 0.6659780 0.6354357 0.6882710 0.8395279 1.1326018 0.9131885 1.2584110 0.7954313 1.0977275 1.1958763 1.0071831 1.7370388 1.6836459 1.2913448 1.3789061 1.6868387 1.0199577 1.1530889 1.4311614 0.0000010 0.7069034 1.1734372 1.4565969 0.5845802 
Nvec_v1g189070                                        1.7725953 1.6512840 1.4874386 1.4909507 1.1333385 0.4938331 0.0000000 0.8246993 1.0150150 1.0062624 1.1232326 1.1429143 1.0197671 1.3864952 1.4744339 1.2078520 1.2417979 1.5918577 1.7286668 1.6983870 1.4135880 2.1691179 2.2430888 1.8545264 1.8026406 2.4998445 2.4911622 1.6111030 2.2479403 4.4160304 2.0931528 2.2367328 1.5711739 1.4094489 
Adig_XM_015919015.1                                   1.4018511 1.1582619 1.1631638 1.1773389 1.1603989 0.8519557 0.8246993 0.0000000 0.3903203 0.3639537 0.3318108 0.4383398 0.2919294 1.1534661 1.2039990 1.0637771 1.3648141 1.0857552 1.2994641 1.3185346 1.2523077 1.6077349 1.6791306 1.4558369 1.4095028 1.9199365 1.4635618 1.6505364 1.6650156 0.9822479 1.2553991 1.4449493 1.8546394 0.5664074 
Spis_XP_022801408_1                                   1.4854146 1.2686875 1.2451247 1.2850542 1.0887482 0.6752273 1.0150150 0.3903203 0.0000000 0.1353803 0.3349372 0.4341007 0.4223047 1.1385096 1.1646440 1.1326539 1.2366812 1.3140475 1.4638680 1.4804261 1.3693111 1.6922899 1.8334791 1.5229439 1.4695964 2.0595898 1.9050060 1.4906237 1.8701668 2.3279076 1.6481518 1.7703719 1.6447572 1.0703311 
Pocdam_XM_027197126.1                                 1.4602236 1.2164311 1.2436408 1.2452444 1.0586523 0.6844986 1.0062624 0.3639537 0.1353803 0.0000000 0.3003988 0.3958853 0.3974300 1.0744449 1.1511827 1.1310570 1.1813512 1.2330225 1.4090246 1.4412650 1.3242268 1.6657742 1.7491330 1.5114747 1.4087026 2.0481696 1.8609090 1.4486349 1.8339051 2.3158317 1.6945263 1.7779426 1.6489602 1.1033223 
Fspp_ffun1.m4.19422.m1                                1.6346980 1.3935372 1.3343803 1.4110921 1.1204321 0.6659780 1.1232326 0.3318108 0.3349372 0.3003988 0.0000000 0.3309979 0.3317103 1.2500228 1.3069089 1.2630919 1.2924437 1.2952534 1.4609250 1.5544785 1.4386257 1.9856308 1.9115932 1.6194157 1.5221777 2.1386856 2.1828652 1.5650229 1.9793898 2.4577126 1.7886377 1.8993396 1.7440361 1.1997990 
Gasp_gasp1.m3.703.m1                                  1.6672410 1.4532696 1.3787196 1.4438361 1.0844310 0.6354357 1.1429143 0.4383398 0.4341007 0.3958853 0.3309979 0.0000000 0.4702927 1.2830322 1.3088799 1.2787732 1.1904560 1.2679576 1.5161356 1.5456395 1.3529380 1.8631567 1.9736865 1.6215895 1.6165489 2.0830203 2.1091265 1.5215420 2.0410361 2.2976453 1.8346625 1.9681492 1.6788567 1.4200768 
Gfas_gfas1.m1.1983.m1                                 1.4768574 1.2994613 1.2721596 1.3906681 1.0774053 0.6882710 1.0197671 0.2919294 0.4223047 0.3974300 0.3317103 0.4702927 0.0000000 1.3007535 1.3131488 1.2025642 1.1573235 1.3012589 1.4453110 1.5188333 1.4451470 1.8398537 2.0266347 1.5435532 1.5389310 2.0992000 2.0111535 1.6432063 2.0659341 2.6301021 2.0989709 1.7374588 1.5790765 1.0444469 
Aaur_scaffold805.g7.t1                                1.5484301 1.3080274 1.3662729 1.3869515 1.1880267 0.8395279 1.3864952 1.1534661 1.1385096 1.0744449 1.2500228 1.2830322 1.3007535 0.0000000 0.5416098 0.8228246 1.0834454 1.3474981 1.5330117 1.2640692 1.3079867 1.2597469 1.7036762 1.4970818 1.4063709 1.9736210 1.8799190 1.4566955 1.8971573 2.6609866 1.8339310 1.6935186 1.5025896 1.7341719 
Rhoesc_Res_015806-T1                                  1.6581576 1.3139426 1.3678645 1.4729974 1.3652720 1.1326018 1.4744339 1.2039990 1.1646440 1.1511827 1.3069089 1.3088799 1.3131488 0.5416098 0.0000000 0.7499873 1.1000583 1.4532532 1.4798801 1.3534838 1.4265486 1.7784487 1.7613576 1.5961360 1.4840644 2.0966761 1.7849202 1.4781379 1.9820081 2.6333838 1.8210578 1.7637945 1.6654424 1.7722629 
Sanmal_Sma_021735-T1                                  1.4633898 1.4288095 1.3081443 1.3031561 1.1295572 0.9131885 1.2078520 1.0637771 1.1326539 1.1310570 1.2630919 1.2787732 1.2025642 0.8228246 0.7499873 0.0000000 1.0465272 1.3249111 1.4294663 1.3332815 1.3437130 1.7376426 1.8554175 1.4854150 1.4482325 2.0679308 1.7656518 1.5265776 1.8437739 2.2102702 1.7932148 1.6947850 1.6188788 1.6319542 
Morvir_scaffold212.g11.t1                             1.3152050 1.2197309 1.2699964 1.4083317 1.2132287 1.2584110 1.2417979 1.3648141 1.2366812 1.1813512 1.2924437 1.1904560 1.1573235 1.0834454 1.1000583 1.0465272 0.0000000 0.9857949 1.2292474 1.3235451 1.7697934 1.8755048 1.4790526 1.4399827 1.5541277 2.0648710 1.1889106 1.4165612 1.5822888 6.3895127 1.4853140 1.4876668 1.5870613 0.8275260 
Tetwil_g14202.t1                                      1.5624778 1.2732000 0.9976197 0.9792188 0.5116505 0.7954313 1.5918577 1.0857552 1.3140475 1.2330225 1.2952534 1.2679576 1.3012589 1.3474981 1.4532532 1.3249111 0.9857949 0.0000000 1.3819203 1.3510694 1.4590966 1.5691693 1.6451449 1.6319000 1.4649909 1.9286920 1.7805199 1.5289748 1.7246375 2.3558527 1.6681053 1.7448752 1.3984740 1.6986553 
Skow_XM_002737534.2                                   1.2583507 1.3344392 1.5095161 1.5006816 1.3243504 1.0977275 1.7286668 1.2994641 1.4638680 1.4090246 1.4609250 1.5161356 1.4453110 1.5330117 1.4798801 1.4294663 1.2292474 1.3819203 0.0000000 1.4066988 1.6385265 1.5874463 1.7511222 1.4606402 1.1614774 2.0151710 2.0284797 1.6654755 2.1452332 2.7676654 1.8120177 1.9316971 1.7093629 1.9764195 
Chem_TCONS_00014777                                   1.6430069 1.5335445 1.3568635 1.4564342 1.3535237 1.1958763 1.6983870 1.3185346 1.4804261 1.4412650 1.5544785 1.5456395 1.5188333 1.2640692 1.3534838 1.3332815 1.3235451 1.3510694 1.4066988 0.0000000 1.4690995 1.7586510 1.9791385 1.6361238 1.5090627 2.0809122 2.1062957 1.6252790 2.2308022 2.5199780 1.8710960 1.7602813 1.5584195 1.9130381 
Dpul_mRNA1019                                         1.4066701 1.5285720 1.2590036 1.3313355 1.4440089 1.0071831 1.4135880 1.2523077 1.3693111 1.3242268 1.4386257 1.3529380 1.4451470 1.3079867 1.4265486 1.3437130 1.7697934 1.4590966 1.6385265 1.4690995 0.0000000 1.2955150 1.4614546 1.3300126 1.4629213 1.3852340 1.6051496 1.5706660 1.5544090 1.6481490 1.1584397 1.4751246 1.9169753 2.1639578 
Acagra_model.g31278.t1                                1.6780523 1.5384462 1.6264683 1.6510474 1.6310987 1.7370388 2.1691179 1.6077349 1.6922899 1.6657742 1.9856308 1.8631567 1.8398537 1.2597469 1.7784487 1.7376426 1.8755048 1.5691693 1.5874463 1.7586510 1.2955150 0.0000000 1.9980666 1.7139447 1.6785534 2.1887654 2.1271273 1.4969368 2.4701010 2.2746098 1.6857736 1.7061619 2.2491836 1.9281197 
Cgig_XM_034480115.1                                   1.7926481 1.6542857 1.7188787 1.8733117 1.6321820 1.6836459 2.2430888 1.6791306 1.8334791 1.7491330 1.9115932 1.9736865 2.0266347 1.7036762 1.7613576 1.8554175 1.4790526 1.6451449 1.7511222 1.9791385 1.4614546 1.9980666 0.0000000 1.8677085 1.7166478 2.2236751 2.2207081 1.5701322 2.2960906 2.8466751 2.2043496 1.8847092 1.9926673 2.1600638 
Cscu_XM_023362610.1                                   1.5010326 1.4013024 1.6132188 1.7427938 1.5978348 1.2913448 1.8545264 1.4558369 1.5229439 1.5114747 1.6194157 1.6215895 1.5435532 1.4970818 1.5961360 1.4854150 1.4399827 1.6319000 1.4606402 1.6361238 1.3300126 1.7139447 1.8677085 0.0000000 1.4729300 1.9362112 1.8736494 1.7863289 2.0056815 2.4527381 2.1650045 1.5741871 1.9264068 2.2468530 
Spur_XM_030996438.1                                   1.2480752 1.2331946 1.4258546 1.6475345 1.4846423 1.3789061 1.8026406 1.4095028 1.4695964 1.4087026 1.5221777 1.6165489 1.5389310 1.4063709 1.4840644 1.4482325 1.5541277 1.4649909 1.1614774 1.5090627 1.4629213 1.6785534 1.7166478 1.4729300 0.0000000 2.0170150 1.9608486 1.8367735 2.0597755 2.5979191 1.7304380 1.5321253 1.7311570 2.1437565 
Tcas_TC005697_001                                     1.8889253 2.0489643 1.9718209 2.0615444 1.8384379 1.6868387 2.4998445 1.9199365 2.0595898 2.0481696 2.1386856 2.0830203 2.0992000 1.9736210 2.0966761 2.0679308 2.0648710 1.9286920 2.0151710 2.0809122 1.3852340 2.1887654 2.2236751 1.9362112 2.0170150 0.0000000 2.2058846 1.8634974 2.4840497 2.8360004 2.5217981 2.1957634 2.2568499 2.6061428 
Scil_scict025120.1                                    2.1994541 2.0419682 1.6183273 1.7457317 1.4832449 1.0199577 2.4911622 1.4635618 1.9050060 1.8609090 2.1828652 2.1091265 2.0111535 1.8799190 1.7849202 1.7656518 1.1889106 1.7805199 2.0284797 2.1062957 1.6051496 2.1271273 2.2207081 1.8736494 1.9608486 2.2058846 0.0000000 0.5709618 0.7305213 1.4174049 2.1622407 2.3985195 1.3298103 2.3246239 
Gracom_Gcom_scaffold5248_01                           1.6316184 1.6398501 1.4472613 1.4713494 1.7420677 1.1530889 1.6111030 1.6505364 1.4906237 1.4486349 1.5650229 1.5215420 1.6432063 1.4566955 1.4781379 1.5265776 1.4165612 1.5289748 1.6654755 1.6252790 1.5706660 1.4969368 1.5701322 1.7863289 1.8367735 1.8634974 0.5709618 0.0000000 0.7156588 0.5320635 1.5940285 1.7481202 1.4376833 1.7260656 
Leuniv_Lniv_scaffold15100_01                          2.1409012 2.0567116 1.8827391 1.9450868 1.7280888 1.4311614 2.2479403 1.6650156 1.8701668 1.8339051 1.9793898 2.0410361 2.0659341 1.8971573 1.9820081 1.8437739 1.5822888 1.7246375 2.1452332 2.2308022 1.5544090 2.4701010 2.2960906 2.0056815 2.0597755 2.4840497 0.7305213 0.7156588 0.0000000 1.4093525 1.8828713 2.2136122 1.4757576 2.0909428 
Lcom_lcpid97302                                       2.6201581 2.7124283 2.3864024 2.5972008 1.8852783 0.0000010 4.4160304 0.9822479 2.3279076 2.3158317 2.4577126 2.2976453 2.6301021 2.6609866 2.6333838 2.2102702 6.3895127 2.3558527 2.7676654 2.5199780 1.6481490 2.2746098 2.8466751 2.4527381 2.5979191 2.8360004 1.4174049 0.5320635 1.4093525 0.0000000 2.2422111 2.7680896 4.9397836 5.2034851 
Plespi_Pspi_scaffold17031_01                          1.9589945 1.7640120 1.5452649 1.6615320 1.4293620 0.7069034 2.0931528 1.2553991 1.6481518 1.6945263 1.7886377 1.8346625 2.0989709 1.8339310 1.8210578 1.7932148 1.4853140 1.6681053 1.8120177 1.8710960 1.1584397 1.6857736 2.2043496 2.1650045 1.7304380 2.5217981 2.1622407 1.5940285 1.8828713 2.2422111 0.0000000 2.0848379 2.0646174 3.7099335 
Ctel_gnl_WGS_AMQN_CAPTEDRAFT_mRNA154310               1.8584668 1.7409920 1.7724215 1.9015661 1.5269011 1.1734372 2.2367328 1.4449493 1.7703719 1.7779426 1.8993396 1.9681492 1.7374588 1.6935186 1.7637945 1.6947850 1.4876668 1.7448752 1.9316971 1.7602813 1.4751246 1.7061619 1.8847092 1.5741871 1.5321253 2.1957634 2.3985195 1.7481202 2.2136122 2.7680896 2.0848379 0.0000000 1.8931790 2.1403242 
Clacor_Ccor_scaffold7224_01                           1.7407864 1.4952200 1.5202153 1.6308424 1.6095747 1.4565969 1.5711739 1.8546394 1.6447572 1.6489602 1.7440361 1.6788567 1.5790765 1.5025896 1.6654424 1.6188788 1.5870613 1.3984740 1.7093629 1.5584195 1.9169753 2.2491836 1.9926673 1.9264068 1.7311570 2.2568499 1.3298103 1.4376833 1.4757576 4.9397836 2.0646174 1.8931790 0.0000000 1.3591621 
Amil_Amillepora18191-RA                               1.8770543 1.8175991 1.6753092 1.7210374 0.9724067 0.5845802 1.4094489 0.5664074 1.0703311 1.1033223 1.1997990 1.4200768 1.0444469 1.7341719 1.7722629 1.6319542 0.8275260 1.6986553 1.9764195 1.9130381 2.1639578 1.9281197 2.1600638 2.2468530 2.1437565 2.6061428 2.3246239 1.7260656 2.0909428 5.2034851 3.7099335 2.1403242 1.3591621 0.0000000 
