60
Hsap_ENST00000251143                                             0.0000000 0.7749645 0.9021296 0.7719115 0.9707064 0.8616728 0.8826751 0.8290962 0.8609894 0.9153928 1.0272905 0.7756729 0.8453175 0.9049351 0.8356473 0.8680330 1.1711306 1.1856107 1.0515741 1.0768836 1.0157028 0.7730271 1.1917395 1.1632789 0.9991996 1.0396079 1.2591014 1.4514904 1.2403228 1.1362042 1.3264491 0.9223869 1.0355736 1.1522922 1.2996150 1.2535916 1.2254957 1.2926043 1.5398294 1.3063976 1.2875797 1.2818965 1.4709573 1.4822336 1.5098263 1.4705365 1.4719297 1.3290559 1.5398966 2.3368139 2.2840578 2.7191127 2.4988801 2.6427121 3.5176910 2.6464647 2.2730045 2.8058111 2.7770499 2.0522136 
Bralan_BLAG09101414_2                                            0.7749645 0.0000000 0.6281867 0.5308364 0.7088806 0.6277471 0.6424491 0.6202942 0.6422370 0.7412616 0.7333282 0.5392176 0.5536954 0.6125816 0.5943345 0.6205640 0.8766099 0.8552266 0.7564029 0.7683687 0.8017204 0.7863280 0.9222172 0.9361429 0.9107355 0.8146624 0.9928964 1.1287332 0.8866515 0.9217875 1.0211357 0.7931431 1.0203001 0.9743015 0.9388468 1.0019116 1.0255345 1.1427971 1.1125226 0.8963192 0.8933461 1.0390926 1.1856985 1.1736109 1.1881912 1.1625357 1.1668744 1.0516141 1.3477114 2.3052313 2.3525689 2.5365342 2.4666119 2.3714808 3.4391584 2.6508642 2.3502785 2.8407355 2.7323990 1.8999936 
Exapal_XM_021055209.2                                            0.9021296 0.6281867 0.0000000 0.2419768 0.4857761 0.3797562 0.4229299 0.3925771 0.4008308 0.5216058 0.4860613 0.6790777 0.6852244 0.8027285 0.6770662 0.7340621 0.9788461 0.9258134 0.8456931 0.7321310 0.8038415 0.6765276 0.9774958 0.9545916 0.8795062 0.9507096 1.0233538 1.2176944 1.0888508 0.9941142 1.1599271 0.8330340 1.0568283 0.8985921 0.9907147 0.9558151 1.0580372 1.0343865 1.2240719 1.0250516 0.9942061 1.0414180 1.2239568 1.1898839 1.2429583 1.2123797 1.2153794 1.0408036 1.3743676 2.4223696 2.4794454 2.6445620 2.6427473 2.6793317 3.7508640 2.7695648 2.4254300 2.8416294 2.8060687 1.9637861 
Nvec_v1g167661                                                   0.7719115 0.5308364 0.2419768 0.0000000 0.3935589 0.2960618 0.3208086 0.3197423 0.3316440 0.3804049 0.3594848 0.5796632 0.5640455 0.6714499 0.5764246 0.5566017 0.7848542 0.8015812 0.7270117 0.6580568 0.8451412 0.6886707 0.8094397 0.8076153 0.8671007 0.8163041 1.0507844 1.0481526 0.8407230 0.9782422 0.9510284 0.8753289 1.1367228 0.9206500 0.9031835 0.8507387 1.1626046 1.0928158 0.7348876 0.5105445 0.7537125 1.0068444 1.0412710 1.0404782 1.0918699 1.0607081 1.0637918 1.0135246 1.1640501 2.1834824 2.5375960 2.7073114 2.4229987 2.6336981 3.3362616 2.4723324 2.6014402 2.5941998 2.5709527 1.9146067 
Gfas_gfas1.m1.7385.m1                                            0.9707064 0.7088806 0.4857761 0.3935589 0.0000000 0.2020277 0.2409085 0.2366976 0.2546332 0.3203866 0.3000068 0.7801627 0.7914130 0.9091306 0.8284536 0.8651345 1.0593781 1.0381334 0.9482590 0.8723319 0.9653159 0.6765859 1.0612946 1.0853298 0.8606569 1.0691836 1.2629628 1.3230008 1.1919626 1.0903500 1.2377806 1.0948815 1.1542546 1.1340930 1.1635335 1.1445438 1.2739273 1.0253798 1.1485753 0.9988297 1.1859153 1.1006511 1.3111166 1.3075011 1.3273348 1.3382405 1.3386123 1.2041981 1.4337424 2.4926303 2.5797264 2.6659813 2.6454082 2.6686182 3.0867404 2.6646206 2.2769433 2.7932998 2.7728418 2.0068865 
Fspp_ffun1.m4.29313.m1                                           0.8616728 0.6277471 0.3797562 0.2960618 0.2020277 0.0000000 0.1142493 0.1565643 0.1682617 0.2576453 0.2302799 0.6875966 0.6681280 0.8123705 0.7183561 0.7425821 0.9660690 0.9242206 0.8580597 0.7118652 0.8447188 0.6640479 0.9569274 0.9553092 0.8915757 0.9735131 1.0939301 1.1839748 1.0334056 0.9470611 1.0999804 0.9007153 1.1913414 0.8142832 1.0598223 1.0429956 1.1685129 1.0679457 1.1310531 0.9692330 0.9817876 1.0591431 1.2423122 1.2619053 1.2928017 1.2819844 1.2844085 1.1062590 1.3623986 2.4724900 2.5778928 2.6190509 2.7297602 2.6487398 3.4315352 2.7288928 2.4417127 2.9000561 2.8523616 1.8761384 
Gasp_gasp1.m3.1800.m1                                            0.8826751 0.6424491 0.4229299 0.3208086 0.2409085 0.1142493 0.0000000 0.1784223 0.1814283 0.2696318 0.2894160 0.7212724 0.7076719 0.8556497 0.7560316 0.8045925 1.0337337 0.9697424 0.8833269 0.7828066 0.9050585 0.6853959 1.0126749 1.0168365 0.8761580 1.0230284 1.1738141 1.2263775 1.1150744 0.9786836 1.1365164 0.8710253 1.1559534 0.8665638 1.0901130 1.0759726 1.1256990 1.0006355 1.3250271 1.0941278 1.1010771 1.0760392 1.2518129 1.2496142 1.3005910 1.2760610 1.2748212 1.1731866 1.4186131 2.5065899 2.7296548 2.5909885 2.7763137 2.7532446 3.1057062 2.7406421 2.3951392 3.0042053 2.9373396 1.9384632 
Spis_XP_022800281_1                                              0.8290962 0.6202942 0.3925771 0.3197423 0.2366976 0.1565643 0.1784223 0.0000000 0.0825286 0.2923042 0.2744615 0.6808771 0.6790909 0.8117366 0.7296309 0.7458741 0.9369551 0.9207693 0.8714598 0.7517667 0.8485251 0.7011949 0.9586807 0.9669220 0.9001845 0.9763435 1.0909661 1.1749858 1.0536393 0.9600163 1.1011797 0.8660407 1.1447957 0.9244558 1.0286232 1.0208866 1.1328427 1.0611559 1.0747940 0.9464529 1.0064231 1.0315751 1.2054987 1.2255563 1.2670079 1.2642784 1.2680741 1.0785125 1.3361345 2.4128313 2.5791533 2.6863046 2.6088048 2.6104296 3.2291384 2.5758565 2.4376402 2.7590435 2.7105573 1.8597439 
Pocdam_XM_027191068.1                                            0.8609894 0.6422370 0.4008308 0.3316440 0.2546332 0.1682617 0.1814283 0.0825286 0.0000000 0.3076789 0.2765726 0.6837408 0.6896064 0.8353233 0.7482451 0.7838289 0.9529703 0.9143383 0.8694670 0.7620359 0.8409106 0.7047763 0.9747108 0.9923108 0.8804491 0.9769088 1.1102283 1.1880143 1.0386756 0.9637503 1.1078894 0.8961683 1.1364685 0.9273187 1.0365479 1.0224145 1.1367183 0.9962129 1.1115495 0.9372286 1.0711483 1.0144087 1.2003009 1.1997516 1.2395444 1.2338701 1.2329597 1.0534618 1.3383381 2.3734879 2.5690722 2.6480038 2.6330852 2.5931008 3.2576609 2.5955908 2.3508681 2.7978169 2.7389702 1.8720736 
Amil_Amillepora13963-RA                                          0.9153928 0.7412616 0.5216058 0.3804049 0.3203866 0.2576453 0.2696318 0.2923042 0.3076789 0.0000000 0.0892092 0.7838879 0.7497504 0.8645303 0.8191724 0.7269612 1.0287980 0.9749362 0.9296666 0.8574161 0.9105731 0.7733305 1.0456112 1.0533895 0.9474460 1.0089871 1.0428540 1.2096078 1.0725829 0.9128522 1.1063367 0.9179373 1.2132846 0.8361296 1.1687226 1.1381977 1.2431520 1.2954794 1.1808196 0.9608058 1.0742807 1.0232170 1.2711501 1.3139615 1.3200871 1.3081947 1.3159513 1.0495978 1.3162380 2.3927185 2.6202909 2.5739427 2.7716990 2.6475531 3.3479531 2.7071903 2.4199237 2.9175732 2.8954984 1.8078163 
Adig_XM_015923076.1                                              1.0272905 0.7333282 0.4860613 0.3594848 0.3000068 0.2302799 0.2894160 0.2744615 0.2765726 0.0892092 0.0000000 0.7840479 0.7829244 0.9432176 0.8420481 0.8612663 1.1768217 1.0525933 0.9670698 0.8432564 0.9306999 0.8116578 1.1166534 1.1418736 1.0720052 1.1028640 1.2042797 1.3322852 1.1630657 1.0214503 1.1875873 1.0154602 1.2041283 1.0701795 1.2277015 1.1866615 1.5436846 1.2243619 1.1592176 0.9380491 1.1380186 1.1273375 1.3366727 1.3687091 1.4174031 1.3972162 1.3950696 1.3540774 1.3464901 2.5942865 2.6841234 2.9728399 2.7705677 2.8034055 2.9645634 2.7767619 2.4395399 2.8407150 2.8150153 1.7745499 
Skow_XM_006819142.1                                              0.7756729 0.5392176 0.6790777 0.5796632 0.7801627 0.6875966 0.7212724 0.6808771 0.6837408 0.7838879 0.7840479 0.0000000 0.5622894 0.7026844 0.6354686 0.5965301 0.9132081 0.9042210 0.7850756 0.9010355 0.7853546 0.7651230 1.0026220 1.0372395 0.9016097 0.8793023 1.0312969 1.2058021 1.0199556 0.9667071 1.0786176 0.8504000 1.1713681 1.0646929 1.0177771 0.9958928 1.1311219 1.1720795 1.1766673 0.9732209 0.9660267 1.1393013 1.2785142 1.2450165 1.2696626 1.2758271 1.2757496 1.1245622 1.2861956 2.3723276 2.3437922 2.6249532 2.5778513 2.4742257 3.6848770 2.7552196 2.3550123 2.9767513 2.8480267 1.9795820 
Spur_XM_030991458.1                                              0.8453175 0.5536954 0.6852244 0.5640455 0.7914130 0.6681280 0.7076719 0.6790909 0.6896064 0.7497504 0.7829244 0.5622894 0.0000000 0.7350297 0.6446465 0.6666299 0.9613858 0.9261249 0.8142342 0.8887798 0.8649886 0.8389092 0.9973192 1.0179164 0.9509855 0.9175184 1.0777277 1.1667573 0.9975039 0.9330634 1.0777455 0.8869181 1.1276205 1.0451631 0.9979845 1.0186968 1.0847590 1.1027780 1.1942531 0.9918553 0.9874257 1.1524689 1.3050690 1.2711048 1.3138143 1.2495550 1.2533210 1.1562228 1.3863307 2.4141271 2.3162550 2.6256732 2.6077842 2.6329696 3.8027881 2.8377877 2.2898828 2.8455083 2.7658754 1.9202915 
Cgig_XM_011444075.3                                              0.9049351 0.6125816 0.8027285 0.6714499 0.9091306 0.8123705 0.8556497 0.8117366 0.8353233 0.8645303 0.9432176 0.7026844 0.7350297 0.0000000 0.4960037 0.6803229 0.9328056 0.9270168 0.8357834 0.9748483 0.9377020 0.9056277 1.0965659 1.1044451 0.9801610 0.8877782 1.1911005 1.2429730 1.0468486 0.9892269 1.1342644 0.9475430 1.2823382 1.1510793 1.1150795 1.0947211 1.1675853 1.3416672 1.1591943 1.0339491 0.9602917 1.1122060 1.2799511 1.3339496 1.3391001 1.2941906 1.2977932 1.1313262 1.3411975 2.4187373 2.3499790 2.5951961 2.3865053 2.5772504 3.3024562 2.5568129 2.3612693 2.7985760 2.6618454 2.0072107 
Acagra_model.g4224.t1                                            0.8356473 0.5943345 0.6770662 0.5764246 0.8284536 0.7183561 0.7560316 0.7296309 0.7482451 0.8191724 0.8420481 0.6354686 0.6446465 0.4960037 0.0000000 0.6043462 0.7876522 0.8202281 0.7237356 0.8836840 0.8590827 0.7760845 0.9672396 0.9652883 0.8907539 0.7403872 1.0332214 1.1393817 0.9728111 0.9182612 0.9837294 0.8274019 1.0433109 1.0840487 1.0146033 1.0046059 1.0775242 1.0623245 1.1072964 0.8916286 0.8240925 1.0861120 1.2111708 1.1687840 1.2254356 1.1830093 1.1896217 1.1324826 1.2037838 2.1399277 2.2415359 2.4460069 2.2364258 2.4214911 3.1702923 2.4220161 2.1891647 2.6608220 2.5331700 1.8714019 
Cscu_XM_023375052.1                                              0.8680330 0.6205640 0.7340621 0.5566017 0.8651345 0.7425821 0.8045925 0.7458741 0.7838289 0.7269612 0.8612663 0.5965301 0.6666299 0.6803229 0.6043462 0.0000000 0.9866181 0.9378591 0.8202840 0.8918002 0.7024629 0.6307662 0.9370051 0.9824264 0.7065435 0.9099740 0.8709258 1.0229680 1.0773374 0.8950935 1.0727756 0.7990116 0.7471716 1.0354317 0.9397725 0.9533166 0.7899407 0.7942499 1.3852792 1.1748825 1.0439994 1.0194894 1.1981959 1.1721194 1.2078546 1.1988635 1.2002044 1.0974680 1.2523461 2.1746188 2.0199592 2.3165657 2.1196642 2.1519481 2.4491231 2.5476834 0.9027799 2.7852381 2.6879366 1.6971609 
Ocar_g6929                                                       1.1711306 0.8766099 0.9788461 0.7848542 1.0593781 0.9660690 1.0337337 0.9369551 0.9529703 1.0287980 1.1768217 0.9132081 0.9613858 0.9328056 0.7876522 0.9866181 0.0000000 0.0753350 0.6998557 1.0055262 0.9464647 1.0301991 1.2030918 1.1712448 1.0631969 1.1562635 1.1655845 1.3200983 1.2595889 0.9806603 1.1987319 1.0431873 1.1868961 1.2990253 1.1147477 1.1564451 1.0742270 1.0459301 1.4646382 1.2676389 1.0738653 1.2064194 1.3961578 1.3982554 1.4672461 1.4184534 1.4157863 1.3106647 1.5254543 2.4027141 2.2047756 2.5075992 2.6051194 2.4835477 2.9725752 2.6588216 2.1176369 2.9144446 2.7924873 2.2460829 
Opea_EP00118_Oscarella_pearsei_P012080                           1.1856107 0.8552266 0.9258134 0.8015812 1.0381334 0.9242206 0.9697424 0.9207693 0.9143383 0.9749362 1.0525933 0.9042210 0.9261249 0.9270168 0.8202281 0.9378591 0.0753350 0.0000000 0.6570480 1.0333958 1.0525133 1.0402905 1.1881109 1.1710515 1.1632095 1.1360387 1.2450893 1.3508029 1.2181051 1.0573752 1.2009144 1.0934599 1.3804146 1.3136266 1.1606316 1.1555284 1.1658122 1.0711663 1.2869660 1.1551823 1.0284086 1.2182529 1.3436859 1.3715365 1.4099970 1.3982032 1.4052137 1.2656291 1.5527562 2.5222763 2.4116043 2.7041241 2.6715621 2.6885525 3.6547093 2.7589996 2.5916703 2.8758138 2.7684304 2.2271299 
Plajan_Pjan_scaffold8967_01                                      1.0515741 0.7564029 0.8456931 0.7270117 0.9482590 0.8580597 0.8833269 0.8714598 0.8694670 0.9296666 0.9670698 0.7850756 0.8142342 0.8357834 0.7237356 0.8202840 0.6998557 0.6570480 0.0000000 1.0097357 0.9648842 0.9914604 1.1129977 1.1107807 1.0620782 1.0224106 1.1618873 1.2391533 1.0811636 1.0136204 1.1521213 0.9194939 1.1734754 1.2129877 1.0530159 1.0575929 1.0948037 0.9926593 1.3066912 1.0835986 0.9626603 1.1981767 1.3752019 1.3720617 1.4089315 1.3689624 1.3776559 1.2421982 1.5361115 2.5361092 2.3623401 2.6933366 2.6373436 2.5764324 3.3892770 2.7265705 2.4057724 3.0661971 2.9105425 2.1284070 
Dgig_XM_028550934.1                                              1.0768836 0.7683687 0.7321310 0.6580568 0.8723319 0.7118652 0.7828066 0.7517667 0.7620359 0.8574161 0.8432564 0.9010355 0.8887798 0.9748483 0.8836840 0.8918002 1.0055262 1.0333958 1.0097357 0.0000000 0.8549101 0.7612153 1.0466419 1.0298248 0.9388039 1.0684097 1.1814212 1.3272587 1.1185469 1.0482683 1.2174910 0.9291472 1.0922846 0.4046638 1.1910646 1.1933243 1.1894226 1.0563779 1.2940216 1.1215763 1.1407967 1.1279896 1.2955183 1.2833185 1.3132497 1.2811749 1.2869182 1.1845702 1.4288873 2.4076856 2.3861399 2.5749107 2.5903821 2.5907578 3.4991868 2.6476766 2.4179014 3.0036364 2.9098272 2.1059695 
Chem_TCONS_00063089                                              1.0157028 0.8017204 0.8038415 0.8451412 0.9653159 0.8447188 0.9050585 0.8485251 0.8409106 0.9105731 0.9306999 0.7853546 0.8649886 0.9377020 0.8590827 0.7024629 0.9464647 1.0525133 0.9648842 0.8549101 0.0000000 0.6825209 0.7705917 0.7565837 0.8119102 1.0408938 1.1623639 1.2444998 0.9865517 1.1852164 1.1482900 1.0384706 1.2523323 1.1862876 1.1577507 1.1206706 1.3433992 1.4591984 0.4975909 0.4494066 0.9951138 1.2988314 1.3030793 1.2559444 1.2995147 1.2583989 1.2629142 1.2485306 1.3290555 2.2692513 2.4778278 2.8180286 2.4524637 2.5691049 3.8041850 2.5669681 2.8570421 2.6108219 2.6642279 2.2210671 
Aaur_scaffold600.g5.t1                                           0.7730271 0.7863280 0.6765276 0.6886707 0.6765859 0.6640479 0.6853959 0.7011949 0.7047763 0.7733305 0.8116578 0.7651230 0.8389092 0.9056277 0.7760845 0.6307662 1.0301991 1.0402905 0.9914604 0.7612153 0.6825209 0.0000000 0.3141783 0.2992055 0.3655402 0.9284610 1.2111137 1.1330088 0.9033383 0.9505997 0.9320741 0.8907527 1.0680863 0.9776699 1.0714450 0.9828728 1.0926514 1.0982825 0.3661669 0.0000010 0.8779221 1.1660272 1.1369862 1.1562596 1.1834637 1.1575570 1.1549440 1.2676321 1.2496145 1.7807454 1.9419060 1.9547580 2.0730632 2.2292651 2.8881769 2.1709712 1.8617642 2.2679341 2.2469679 1.8979162 
Nemnom_g1287.t1                                                  1.1917395 0.9222172 0.9774958 0.8094397 1.0612946 0.9569274 1.0126749 0.9586807 0.9747108 1.0456112 1.1166534 1.0026220 0.9973192 1.0965659 0.9672396 0.9370051 1.2030918 1.1881109 1.1129977 1.0466419 0.7705917 0.3141783 0.0000000 0.1648071 0.6060133 1.1197353 1.2158113 1.3669387 1.2229314 1.1264040 1.2635633 0.9794937 1.3835705 1.2590077 1.3292075 1.3053580 1.4056614 1.3597434 1.1283444 0.8674299 1.1653526 1.1980195 1.4144147 1.4273519 1.4313853 1.3981220 1.4025402 1.1940368 1.6503045 2.6086520 2.6197088 2.9983583 2.8464089 2.8478318 3.9215496 3.0571108 2.5134198 3.1362324 2.9744757 1.9385838 
Rhoesc_Res_014259-T1                                             1.1632789 0.9361429 0.9545916 0.8076153 1.0853298 0.9553092 1.0168365 0.9669220 0.9923108 1.0533895 1.1418736 1.0372395 1.0179164 1.1044451 0.9652883 0.9824264 1.1712448 1.1710515 1.1107807 1.0298248 0.7565837 0.2992055 0.1648071 0.0000000 0.5474420 1.1673522 1.2076137 1.3581435 1.2009022 1.0905590 1.2455577 0.9645970 1.3988041 1.2333615 1.3642022 1.3220893 1.4027474 1.3908604 1.1203646 0.7899507 1.1501222 1.2082883 1.4263858 1.4152587 1.4279188 1.3951552 1.3938182 1.1848932 1.6579034 2.5308098 2.5249260 3.0048993 2.7563531 2.7707886 3.8442279 2.9119502 2.4967068 3.0554450 2.8954755 2.0454588 
Sanmal_Sma_013247-T1                                             0.9991996 0.9107355 0.8795062 0.8671007 0.8606569 0.8915757 0.8761580 0.9001845 0.8804491 0.9474460 1.0720052 0.9016097 0.9509855 0.9801610 0.8907539 0.7065435 1.0631969 1.1632095 1.0620782 0.9388039 0.8119102 0.3655402 0.6060133 0.5474420 0.0000000 1.0835258 1.3313992 1.3549230 0.9112704 1.1887956 1.1758441 0.9907212 1.3889440 1.0212805 1.3062985 1.1993046 1.2754689 1.2541231 0.7704075 0.0000010 1.1198904 1.3114552 1.3012118 1.2305859 1.2667916 1.3234964 1.3367425 1.1453894 1.5552201 2.3464760 2.5136826 2.4926548 2.9016053 2.8710232 3.7382589 2.7399891 2.7835819 2.8392561 2.6961614 2.4413685 
Ctel_gnl_WGS_AMQN_CAPTEDRAFT_mRNA99699                           1.0396079 0.8146624 0.9507096 0.8163041 1.0691836 0.9735131 1.0230284 0.9763435 0.9769088 1.0089871 1.1028640 0.8793023 0.9175184 0.8877782 0.7403872 0.9099740 1.1562635 1.1360387 1.0224106 1.0684097 1.0408938 0.9284610 1.1197353 1.1673522 1.0835258 0.0000000 1.1881979 1.3805077 1.1611328 1.0687947 1.2161471 0.9943339 1.1998030 1.3613911 1.2967850 1.2779207 1.4211480 1.2782451 1.3569585 1.2116252 1.1263148 1.2921156 1.4562006 1.4545791 1.4832644 1.4426941 1.4403590 1.2874384 1.5180460 2.2565148 2.3347282 2.3932501 2.5321752 2.3077552 3.3176880 2.7109061 2.2942905 2.9120078 2.7966323 2.0499507 
Aque_Aqu2.1.38529_001                                            1.2591014 0.9928964 1.0233538 1.0507844 1.2629628 1.0939301 1.1738141 1.0909661 1.1102283 1.0428540 1.2042797 1.0312969 1.0777277 1.1911005 1.0332214 0.8709258 1.1655845 1.2450893 1.1618873 1.1814212 1.1623639 1.2111137 1.2158113 1.2076137 1.3313992 1.1881979 0.0000000 0.3107251 0.2981197 0.8348745 0.8025732 0.6196667 0.8722678 1.7059933 1.2786357 1.2081025 1.5096075 1.5379554 0.9146865 0.8025511 0.8484733 1.4111023 1.4197564 1.4208348 1.4309224 1.4038991 1.4051711 1.2360183 1.5888924 2.2965750 2.6609771 2.7484134 2.5017062 2.5292096 3.7659226 2.5405497 2.5481833 2.6671501 2.6538362 1.9887715 
Halamb_c54697_g3_i1mm.6089                                       1.4514904 1.1287332 1.2176944 1.0481526 1.3230008 1.1839748 1.2263775 1.1749858 1.1880143 1.2096078 1.3322852 1.2058021 1.1667573 1.2429730 1.1393817 1.0229680 1.3200983 1.3508029 1.2391533 1.3272587 1.2444998 1.1330088 1.3669387 1.3581435 1.3549230 1.3805077 0.3107251 0.0000000 0.3178272 0.8329929 0.8922582 0.6573744 0.8426674 1.7653264 1.3035538 1.3274998 1.4425579 1.5427908 1.5342348 1.2756508 1.0139171 1.3904852 1.5203914 1.5282804 1.5382735 1.5004413 1.5009313 1.3287995 1.9734941 2.6975484 2.7083099 2.9688796 2.6260356 2.6744001 3.9859220 2.8388639 2.6474139 3.0347140 3.0053522 2.1621368 
Xestes_maker-XT_scaffold164719-augustus-gene-0.5-mRNA-1          1.2403228 0.8866515 1.0888508 0.8407230 1.1919626 1.0334056 1.1150744 1.0536393 1.0386756 1.0725829 1.1630657 1.0199556 0.9975039 1.0468486 0.9728111 1.0773374 1.2595889 1.2181051 1.0811636 1.1185469 0.9865517 0.9033383 1.2229314 1.2009022 0.9112704 1.1611328 0.2981197 0.3178272 0.0000000 0.6042071 0.7381536 0.4435941 0.5109575 1.4849470 1.1754004 1.2006240 1.1250909 0.8985465 1.5827889 1.2593535 0.9871322 1.2589571 1.4011925 1.4011190 1.3500029 1.3695196 1.3747077 1.3626282 1.6823920 2.1369240 2.1338106 2.3378682 2.2882233 2.0553000 1.9968245 2.4613716 1.3009415 2.6908485 2.6587730 1.9284138 
Emue_Em0020g116a.t1                                              1.1362042 0.9217875 0.9941142 0.9782422 1.0903500 0.9470611 0.9786836 0.9600163 0.9637503 0.9128522 1.0214503 0.9667071 0.9330634 0.9892269 0.9182612 0.8950935 0.9806603 1.0573752 1.0136204 1.0482683 1.1852164 0.9505997 1.1264040 1.0905590 1.1887956 1.0687947 0.8348745 0.8329929 0.6042071 0.0000000 0.1231575 0.5296249 0.7452461 1.4614226 1.1645347 1.1494092 1.2159538 1.2592531 0.8773544 0.7828084 0.7873276 1.2289193 1.3009412 1.2669061 1.3126494 1.2479347 1.2489191 1.2375152 1.4924169 2.2763791 2.5784623 2.7979572 2.5050326 2.7206844 3.4378902 2.4590751 2.5571664 2.8028191 2.7652023 2.1606457 
Spolac_c104348_g1_i2_m.39809c104348-g1                           1.3264491 1.0211357 1.1599271 0.9510284 1.2377806 1.0999804 1.1365164 1.1011797 1.1078894 1.1063367 1.1875873 1.0786176 1.0777455 1.1342644 0.9837294 1.0727756 1.1987319 1.2009144 1.1521213 1.2174910 1.1482900 0.9320741 1.2635633 1.2455577 1.1758441 1.2161471 0.8025732 0.8922582 0.7381536 0.1231575 0.0000000 0.5157542 0.7390858 1.5093967 1.2218894 1.2095696 1.1734115 1.2486840 1.4684284 1.3596024 0.9583637 1.2854100 1.4947906 1.4661802 1.4924368 1.4224090 1.4269238 1.3224629 1.6466885 2.4541010 2.5419665 2.8473673 2.6343511 2.5432582 3.4055039 2.6939007 2.5136284 3.0667263 3.0021304 2.0901689 
Stycar_augustus_masked-SC_scaffold3795-processed-gene-0.1-mRNA-1 0.9223869 0.7931431 0.8330340 0.8753289 1.0948815 0.9007153 0.8710253 0.8660407 0.8961683 0.9179373 1.0154602 0.8504000 0.8869181 0.9475430 0.8274019 0.7990116 1.0431873 1.0934599 0.9194939 0.9291472 1.0384706 0.8907527 0.9794937 0.9645970 0.9907212 0.9943339 0.6196667 0.6573744 0.4435941 0.5296249 0.5157542 0.0000000 0.3728365 1.1115673 1.1116654 1.0956385 1.1628343 1.0943014 0.9010816 2.0195683 0.8416598 1.2544727 1.2367483 1.2652757 1.2910165 1.2616282 1.2543094 1.4697278 1.4262833 2.1374240 2.3395138 2.4552070 2.4279835 2.7676365 3.0077323 2.7167774 1.9388042 2.8774963 2.8307928 2.4358532 
Tetwil_g2554.t1                                                  1.0355736 1.0203001 1.0568283 1.1367228 1.1542546 1.1913414 1.1559534 1.1447957 1.1364685 1.2132846 1.2041283 1.1713681 1.1276205 1.2823382 1.0433109 0.7471716 1.1868961 1.3804146 1.1734754 1.0922846 1.2523323 1.0680863 1.3835705 1.3988041 1.3889440 1.1998030 0.8722678 0.8426674 0.5109575 0.7452461 0.7390858 0.3728365 0.0000000 1.3096805 1.3893963 1.2236920 1.3182789 1.2745421 0.7554074 0.3749088 1.2145848 1.5118151 1.5403784 1.5915783 1.6372233 1.5518607 1.5475488 1.5925490 1.7690803 2.6102451 2.6578869 2.5177708 2.6342112 2.8698918 3.5021764 2.5674956 2.4390336 2.9171293 2.8774562 1.9225246 
Xesp_016537-T1                                                   1.1522922 0.9743015 0.8985921 0.9206500 1.1340930 0.8142832 0.8665638 0.9244558 0.9273187 0.8361296 1.0701795 1.0646929 1.0451631 1.1510793 1.0840487 1.0354317 1.2990253 1.3136266 1.2129877 0.4046638 1.1862876 0.9776699 1.2590077 1.2333615 1.0212805 1.3613911 1.7059933 1.7653264 1.4849470 1.4614226 1.5093967 1.1115673 1.3096805 0.0000000 1.4352060 1.4057904 1.2980012 1.3516634 2.0493123 2.2605139 1.5158422 1.4232081 1.4702816 1.4357001 1.4967834 1.4392823 1.4469362 1.6433470 1.7271663 2.9482233 2.7263855 2.8322246 3.2187317 3.3007481 3.2274522 3.1125848 2.5155246 3.5234763 3.4012061 2.9831064 
Lcom_lcpid22496                                                  1.2996150 0.9388468 0.9907147 0.9031835 1.1635335 1.0598223 1.0901130 1.0286232 1.0365479 1.1687226 1.2277015 1.0177771 0.9979845 1.1150795 1.0146033 0.9397725 1.1147477 1.1606316 1.0530159 1.1910646 1.1577507 1.0714450 1.3292075 1.3642022 1.3062985 1.2967850 1.2786357 1.3035538 1.1754004 1.1645347 1.2218894 1.1116654 1.3893963 1.4352060 0.0000000 0.3059363 0.2835316 0.8225358 1.1815327 1.1481327 1.1008229 1.3755325 1.4902566 1.5049346 1.5371789 1.5058353 1.5093921 1.3720291 1.6962965 2.4999513 2.4694503 2.4773243 2.5785039 2.7356412 3.3734908 2.7259503 2.3067751 3.0698003 2.9325142 2.2418464 
Gracom_Gcom_scaffold16575_01                                     1.2535916 1.0019116 0.9558151 0.8507387 1.1445438 1.0429956 1.0759726 1.0208866 1.0224145 1.1381977 1.1866615 0.9958928 1.0186968 1.0947211 1.0046059 0.9533166 1.1564451 1.1555284 1.0575929 1.1933243 1.1206706 0.9828728 1.3053580 1.3220893 1.1993046 1.2779207 1.2081025 1.3274998 1.2006240 1.1494092 1.2095696 1.0956385 1.2236920 1.4057904 0.3059363 0.0000000 0.2898552 0.7223989 1.2574785 1.1286865 1.1395652 1.3385429 1.4784115 1.4609998 1.4978982 1.4831899 1.4892730 1.3479079 1.6371865 2.3906503 2.4077366 2.4096602 2.6357608 2.7902561 3.3576096 2.7075955 2.4964084 3.0592534 2.9621869 2.1392442 
Leuniv_Lniv_scaffold25885_01                                     1.2254957 1.0255345 1.0580372 1.1626046 1.2739273 1.1685129 1.1256990 1.1328427 1.1367183 1.2431520 1.5436846 1.1311219 1.0847590 1.1675853 1.0775242 0.7899407 1.0742270 1.1658122 1.0948037 1.1894226 1.3433992 1.0926514 1.4056614 1.4027474 1.2754689 1.4211480 1.5096075 1.4425579 1.1250909 1.2159538 1.1734115 1.1628343 1.3182789 1.2980012 0.2835316 0.2898552 0.0000000 0.7169850 1.4142903 1.2893264 1.0482654 1.6008394 1.5903306 1.5224676 1.5984731 1.5912654 1.5945891 1.6099411 1.8519749 2.4016306 2.4675726 2.3268603 2.7764783 3.0848369 3.2781858 2.7874411 2.3022929 3.1980866 2.9913673 2.6142021 
Clacor_Ccor_scaffold8540_01                                      1.2926043 1.1427971 1.0343865 1.0928158 1.0253798 1.0679457 1.0006355 1.0611559 0.9962129 1.2954794 1.2243619 1.1720795 1.1027780 1.3416672 1.0623245 0.7942499 1.0459301 1.0711663 0.9926593 1.0563779 1.4591984 1.0982825 1.3597434 1.3908604 1.2541231 1.2782451 1.5379554 1.5427908 0.8985465 1.2592531 1.2486840 1.0943014 1.2745421 1.3516634 0.8225358 0.7223989 0.7169850 0.0000000 0.8095734 0.0000010 2.0181829 1.5140353 1.5511511 1.4709894 1.5649346 1.5754474 1.5820127 1.3776924 1.7484231 2.5827375 2.5906887 2.4486005 2.7881977 2.7130513 3.6708539 2.6571260 2.5913367 3.0669042 2.9545820 2.2794606 
Hvul_g8294_1                                                     1.5398294 1.1125226 1.2240719 0.7348876 1.1485753 1.1310531 1.3250271 1.0747940 1.1115495 1.1808196 1.1592176 1.1766673 1.1942531 1.1591943 1.1072964 1.3852792 1.4646382 1.2869660 1.3066912 1.2940216 0.4975909 0.3661669 1.1283444 1.1203646 0.7704075 1.3569585 0.9146865 1.5342348 1.5827889 0.8773544 1.4684284 0.9010816 0.7554074 2.0493123 1.1815327 1.2574785 1.4142903 0.8095734 0.0000000 0.9631114 1.2566753 1.0530528 1.5665216 1.5782896 1.5229922 1.4789937 1.4741183 1.1574953 1.7194442 2.4512159 1.9089720 3.6109462 2.3934713 1.8105736 2.5131050 2.5060372 3.5130117 2.9170461 2.8922783 1.5279040 
Morvir_scaffold545.g1.t1                                         1.3063976 0.8963192 1.0250516 0.5105445 0.9988297 0.9692330 1.0941278 0.9464529 0.9372286 0.9608058 0.9380491 0.9732209 0.9918553 1.0339491 0.8916286 1.1748825 1.2676389 1.1551823 1.0835986 1.1215763 0.4494066 0.0000010 0.8674299 0.7899507 0.0000010 1.2116252 0.8025511 1.2756508 1.2593535 0.7828084 1.3596024 2.0195683 0.3749088 2.2605139 1.1481327 1.1286865 1.2893264 0.0000010 0.9631114 0.0000000 1.1776110 0.9483117 1.3887108 1.4798960 1.4282212 1.3028562 1.3043123 0.9889039 1.7275414 2.4087848 1.8077006 4.9768444 2.3772506 1.9267637 0.0000010 2.6180661 0.0000010 3.0331780 2.9409991 1.3455347 
Plespi_Pspi_scaffold15698_01                                     1.2875797 0.8933461 0.9942061 0.7537125 1.1859153 0.9817876 1.1010771 1.0064231 1.0711483 1.0742807 1.1380186 0.9660267 0.9874257 0.9602917 0.8240925 1.0439994 1.0738653 1.0284086 0.9626603 1.1407967 0.9951138 0.8779221 1.1653526 1.1501222 1.1198904 1.1263148 0.8484733 1.0139171 0.9871322 0.7873276 0.9583637 0.8416598 1.2145848 1.5158422 1.1008229 1.1395652 1.0482654 2.0181829 1.2566753 1.1776110 0.0000000 1.2136117 1.4641432 1.4385816 1.4829800 1.3940148 1.3965918 1.2287247 1.8484914 2.3227568 2.3782688 2.8945230 2.4156938 2.5019341 2.4675161 2.8295038 2.5245280 2.7848159 2.7385459 2.0760997 
Tadh_TriadT28863                                                 1.2818965 1.0390926 1.0414180 1.0068444 1.1006511 1.0591431 1.0760392 1.0315751 1.0144087 1.0232170 1.1273375 1.1393013 1.1524689 1.1122060 1.0861120 1.0194894 1.2064194 1.2182529 1.1981767 1.1279896 1.2988314 1.1660272 1.1980195 1.2082883 1.3114552 1.2921156 1.4111023 1.3904852 1.2589571 1.2289193 1.2854100 1.2544727 1.5118151 1.4232081 1.3755325 1.3385429 1.6008394 1.5140353 1.0530528 0.9483117 1.2136117 0.0000000 0.0423232 0.1998121 0.2177215 0.1943328 0.1960569 0.2377963 1.6996882 2.2282109 2.4243485 2.6539891 2.3506578 2.5033685 2.9781822 2.3804543 2.3548935 2.7307165 2.6680663 2.4786663 
TrH2_TrispH2_003660-RA                                           1.4709573 1.1856985 1.2239568 1.0412710 1.3111166 1.2423122 1.2518129 1.2054987 1.2003009 1.2711501 1.3366727 1.2785142 1.3050690 1.2799511 1.2111708 1.1981959 1.3961578 1.3436859 1.3752019 1.2955183 1.3030793 1.1369862 1.4144147 1.4263858 1.3012118 1.4562006 1.4197564 1.5203914 1.4011925 1.3009412 1.4947906 1.2367483 1.5403784 1.4702816 1.4902566 1.4784115 1.5903306 1.5511511 1.5665216 1.3887108 1.4641432 0.0423232 0.0000000 0.2111688 0.2023516 0.1952432 0.1984551 0.2391812 2.0109293 2.5468577 2.5482209 2.7889493 2.6935246 2.6969457 3.2918849 2.6022553 2.5437340 3.0180699 2.9175895 2.5333918 
HoiH06_mRNA4908                                                  1.4822336 1.1736109 1.1898839 1.0404782 1.3075011 1.2619053 1.2496142 1.2255563 1.1997516 1.3139615 1.3687091 1.2450165 1.2711048 1.3339496 1.1687840 1.1721194 1.3982554 1.3715365 1.3720617 1.2833185 1.2559444 1.1562596 1.4273519 1.4152587 1.2305859 1.4545791 1.4208348 1.5282804 1.4011190 1.2669061 1.4661802 1.2652757 1.5915783 1.4357001 1.5049346 1.4609998 1.5224676 1.4709894 1.5782896 1.4798960 1.4385816 0.1998121 0.2111688 0.0000000 0.0698970 0.1311469 0.1339281 0.1580010 1.9163392 2.5917590 2.5514984 2.7633863 2.7968361 2.6768416 3.4081518 2.6781631 2.3886691 3.0359648 2.9634660 2.5547525 
HoiH23_PlH23_006367-RA                                           1.5098263 1.1881912 1.2429583 1.0918699 1.3273348 1.2928017 1.3005910 1.2670079 1.2395444 1.3200871 1.4174031 1.2696626 1.3138143 1.3391001 1.2254356 1.2078546 1.4672461 1.4099970 1.4089315 1.3132497 1.2995147 1.1834637 1.4313853 1.4279188 1.2667916 1.4832644 1.4309224 1.5382735 1.3500029 1.3126494 1.4924368 1.2910165 1.6372233 1.4967834 1.5371789 1.4978982 1.5984731 1.5649346 1.5229922 1.4282212 1.4829800 0.2177215 0.2023516 0.0698970 0.0000000 0.1091093 0.1110657 0.1369461 1.9655923 2.5941325 2.6268244 2.8398007 2.7856790 2.7236479 3.7361532 2.6891748 2.5685091 3.0745197 3.0252457 2.6278171 
Hhon_g02335.t1                                                   1.4705365 1.1625357 1.2123797 1.0607081 1.3382405 1.2819844 1.2760610 1.2642784 1.2338701 1.3081947 1.3972162 1.2758271 1.2495550 1.2941906 1.1830093 1.1988635 1.4184534 1.3982032 1.3689624 1.2811749 1.2583989 1.1575570 1.3981220 1.3951552 1.3234964 1.4426941 1.4038991 1.5004413 1.3695196 1.2479347 1.4224090 1.2616282 1.5518607 1.4392823 1.5058353 1.4831899 1.5912654 1.5754474 1.4789937 1.3028562 1.3940148 0.1943328 0.1952432 0.1311469 0.1091093 0.0000000 0.0056282 0.1531208 1.9733182 2.5508263 2.6029549 2.7816901 2.6808114 2.6615425 3.4511267 2.6266485 2.4919448 3.0348603 2.9707556 2.5711508 
HoiH04_mRNA4266                                                  1.4719297 1.1668744 1.2153794 1.0637918 1.3386123 1.2844085 1.2748212 1.2680741 1.2329597 1.3159513 1.3950696 1.2757496 1.2533210 1.2977932 1.1896217 1.2002044 1.4157863 1.4052137 1.3776559 1.2869182 1.2629142 1.1549440 1.4025402 1.3938182 1.3367425 1.4403590 1.4051711 1.5009313 1.3747077 1.2489191 1.4269238 1.2543094 1.5475488 1.4469362 1.5093921 1.4892730 1.5945891 1.5820127 1.4741183 1.3043123 1.3965918 0.1960569 0.1984551 0.1339281 0.1110657 0.0056282 0.0000000 0.1554385 1.9761250 2.5612507 2.6089895 2.7883221 2.6916865 2.6667318 3.4307252 2.6340218 2.5040680 3.0371042 2.9728458 2.5684002 
HoiH11_mRNA1692                                                  1.3290559 1.0516141 1.0408036 1.0135246 1.2041981 1.1062590 1.1731866 1.0785125 1.0534618 1.0495978 1.3540774 1.1245622 1.1562228 1.1313262 1.1324826 1.0974680 1.3106647 1.2656291 1.2421982 1.1845702 1.2485306 1.2676321 1.1940368 1.1848932 1.1453894 1.2874384 1.2360183 1.3287995 1.3626282 1.2375152 1.3224629 1.4697278 1.5925490 1.6433470 1.3720291 1.3479079 1.6099411 1.3776924 1.1574953 0.9889039 1.2287247 0.2377963 0.2391812 0.1580010 0.1369461 0.1531208 0.1554385 0.0000000 1.6781958 2.2408231 2.4237753 2.7815408 2.3855571 2.5795703 8.9999984 2.4757995 1.5412466 2.4883994 2.5367594 2.3397226 
Tcas_TC009544_001                                                1.5398966 1.3477114 1.3743676 1.1640501 1.4337424 1.3623986 1.4186131 1.3361345 1.3383381 1.3162380 1.3464901 1.2861956 1.3863307 1.3411975 1.2037838 1.2523461 1.5254543 1.5527562 1.5361115 1.4288873 1.3290555 1.2496145 1.6503045 1.6579034 1.5552201 1.5180460 1.5888924 1.9734941 1.6823920 1.4924169 1.6466885 1.4262833 1.7690803 1.7271663 1.6962965 1.6371865 1.8519749 1.7484231 1.7194442 1.7275414 1.8484914 1.6996882 2.0109293 1.9163392 1.9655923 1.9733182 1.9761250 1.6781958 0.0000000 2.6954826 2.6578296 2.8160935 2.7822596 2.8735961 3.5560629 2.9797281 2.5371122 3.1659197 3.0792525 2.0017194 
Mlei_ML0850.g20.i1                                               2.3368139 2.3052313 2.4223696 2.1834824 2.4926303 2.4724900 2.5065899 2.4128313 2.3734879 2.3927185 2.5942865 2.3723276 2.4141271 2.4187373 2.1399277 2.1746188 2.4027141 2.5222763 2.5361092 2.4076856 2.2692513 1.7807454 2.6086520 2.5308098 2.3464760 2.2565148 2.2965750 2.6975484 2.1369240 2.2763791 2.4541010 2.1374240 2.6102451 2.9482233 2.4999513 2.3906503 2.4016306 2.5827375 2.4512159 2.4087848 2.3227568 2.2282109 2.5468577 2.5917590 2.5941325 2.5508263 2.5612507 2.2408231 2.6954826 0.0000000 0.4390443 0.5181488 0.8185395 0.9919298 1.1797196 1.0302533 0.9556495 1.2767704 1.1158930 2.8791103 
Beraby_Baby_sb335353                                             2.2840578 2.3525689 2.4794454 2.5375960 2.5797264 2.5778928 2.7296548 2.5791533 2.5690722 2.6202909 2.6841234 2.3437922 2.3162550 2.3499790 2.2415359 2.0199592 2.2047756 2.4116043 2.3623401 2.3861399 2.4778278 1.9419060 2.6197088 2.5249260 2.5136826 2.3347282 2.6609771 2.7083099 2.1338106 2.5784623 2.5419665 2.3395138 2.6578869 2.7263855 2.4694503 2.4077366 2.4675726 2.5906887 1.9089720 1.8077006 2.3782688 2.4243485 2.5482209 2.5514984 2.6268244 2.6029549 2.6089895 2.4237753 2.6578296 0.4390443 0.0000000 0.4925328 0.8583525 1.0574096 0.9813132 0.9453472 1.0626789 1.3379150 1.1530063 2.9839853 
Drygla_Dgla_sb311301                                             2.7191127 2.5365342 2.6445620 2.7073114 2.6659813 2.6190509 2.5909885 2.6863046 2.6480038 2.5739427 2.9728399 2.6249532 2.6256732 2.5951961 2.4460069 2.3165657 2.5075992 2.7041241 2.6933366 2.5749107 2.8180286 1.9547580 2.9983583 3.0048993 2.4926548 2.3932501 2.7484134 2.9688796 2.3378682 2.7979572 2.8473673 2.4552070 2.5177708 2.8322246 2.4773243 2.4096602 2.3268603 2.4486005 3.6109462 4.9768444 2.8945230 2.6539891 2.7889493 2.7633863 2.8398007 2.7816901 2.7883221 2.7815408 2.8160935 0.5181488 0.4925328 0.0000000 0.9243759 1.0511275 1.0008051 1.0035328 1.0365549 1.4046193 1.1712502 3.3981112 
Lampan_Lpan_13365_01                                             2.4988801 2.4666119 2.6427473 2.4229987 2.6454082 2.7297602 2.7763137 2.6088048 2.6330852 2.7716990 2.7705677 2.5778513 2.6077842 2.3865053 2.2364258 2.1196642 2.6051194 2.6715621 2.6373436 2.5903821 2.4524637 2.0730632 2.8464089 2.7563531 2.9016053 2.5321752 2.5017062 2.6260356 2.2882233 2.5050326 2.6343511 2.4279835 2.6342112 3.2187317 2.5785039 2.6357608 2.7764783 2.7881977 2.3934713 2.3772506 2.4156938 2.3506578 2.6935246 2.7968361 2.7856790 2.6808114 2.6916865 2.3855571 2.7822596 0.8185395 0.8583525 0.9243759 0.0000000 0.9849562 1.3326451 1.0281259 1.3064890 1.5180489 1.3509421 3.0518534 
Vmul_Simscaffold729_01                                           2.6427121 2.3714808 2.6793317 2.6336981 2.6686182 2.6487398 2.7532446 2.6104296 2.5931008 2.6475531 2.8034055 2.4742257 2.6329696 2.5772504 2.4214911 2.1519481 2.4835477 2.6885525 2.5764324 2.5907578 2.5691049 2.2292651 2.8478318 2.7707886 2.8710232 2.3077552 2.5292096 2.6744001 2.0553000 2.7206844 2.5432582 2.7676365 2.8698918 3.3007481 2.7356412 2.7902561 3.0848369 2.7130513 1.8105736 1.9267637 2.5019341 2.5033685 2.6969457 2.6768416 2.7236479 2.6615425 2.6667318 2.5795703 2.8735961 0.9919298 1.0574096 1.0511275 0.9849562 0.0000000 0.7590554 0.6178757 1.2658660 1.3917108 1.2581498 3.3305971 
Coeast_Cast_sb820228                                             3.5176910 3.4391584 3.7508640 3.3362616 3.0867404 3.4315352 3.1057062 3.2291384 3.2576609 3.3479531 2.9645634 3.6848770 3.8027881 3.3024562 3.1702923 2.4491231 2.9725752 3.6547093 3.3892770 3.4991868 3.8041850 2.8881769 3.9215496 3.8442279 3.7382589 3.3176880 3.7659226 3.9859220 1.9968245 3.4378902 3.4055039 3.0077323 3.5021764 3.2274522 3.3734908 3.3576096 3.2781858 3.6708539 2.5131050 0.0000010 2.4675161 2.9781822 3.2918849 3.4081518 3.7361532 3.4511267 3.4307252 8.9999984 3.5560629 1.1797196 0.9813132 1.0008051 1.3326451 0.7590554 0.0000000 0.0566169 1.4655028 1.7734186 1.2825075 3.8216462 
Coemet_Cmet_scaffold17406_01                                     2.6464647 2.6508642 2.7695648 2.4723324 2.6646206 2.7288928 2.7406421 2.5758565 2.5955908 2.7071903 2.7767619 2.7552196 2.8377877 2.5568129 2.4220161 2.5476834 2.6588216 2.7589996 2.7265705 2.6476766 2.5669681 2.1709712 3.0571108 2.9119502 2.7399891 2.7109061 2.5405497 2.8388639 2.4613716 2.4590751 2.6939007 2.7167774 2.5674956 3.1125848 2.7259503 2.7075955 2.7874411 2.6571260 2.5060372 2.6180661 2.8295038 2.3804543 2.6022553 2.6781631 2.6891748 2.6266485 2.6340218 2.4757995 2.9797281 1.0302533 0.9453472 1.0035328 1.0281259 0.6178757 0.0566169 0.0000000 1.2214864 1.5086514 1.3523107 3.0234552 
Eupdun_Edun_sb10624084                                           2.2730045 2.3502785 2.4254300 2.6014402 2.2769433 2.4417127 2.3951392 2.4376402 2.3508681 2.4199237 2.4395399 2.3550123 2.2898828 2.3612693 2.1891647 0.9027799 2.1176369 2.5916703 2.4057724 2.4179014 2.8570421 1.8617642 2.5134198 2.4967068 2.7835819 2.2942905 2.5481833 2.6474139 1.3009415 2.5571664 2.5136284 1.9388042 2.4390336 2.5155246 2.3067751 2.4964084 2.3022929 2.5913367 3.5130117 0.0000010 2.5245280 2.3548935 2.5437340 2.3886691 2.5685091 2.4919448 2.5040680 1.5412466 2.5371122 0.9556495 1.0626789 1.0365549 1.3064890 1.2658660 1.4655028 1.2214864 0.0000000 1.7174799 1.4020378 3.2136011 
Pbac_sb2663087                                                   2.8058111 2.8407355 2.8416294 2.5941998 2.7932998 2.9000561 3.0042053 2.7590435 2.7978169 2.9175732 2.8407150 2.9767513 2.8455083 2.7985760 2.6608220 2.7852381 2.9144446 2.8758138 3.0661971 3.0036364 2.6108219 2.2679341 3.1362324 3.0554450 2.8392561 2.9120078 2.6671501 3.0347140 2.6908485 2.8028191 3.0667263 2.8774963 2.9171293 3.5234763 3.0698003 3.0592534 3.1980866 3.0669042 2.9170461 3.0331780 2.7848159 2.7307165 3.0180699 3.0359648 3.0745197 3.0348603 3.0371042 2.4883994 3.1659197 1.2767704 1.3379150 1.4046193 1.5180489 1.3917108 1.7734186 1.5086514 1.7174799 0.0000000 0.0899162 3.6389814 
Horcal_Hcv1.av93.c2.g1068.i1                                     2.7770499 2.7323990 2.8060687 2.5709527 2.7728418 2.8523616 2.9373396 2.7105573 2.7389702 2.8954984 2.8150153 2.8480267 2.7658754 2.6618454 2.5331700 2.6879366 2.7924873 2.7684304 2.9105425 2.9098272 2.6642279 2.2469679 2.9744757 2.8954755 2.6961614 2.7966323 2.6538362 3.0053522 2.6587730 2.7652023 3.0021304 2.8307928 2.8774562 3.4012061 2.9325142 2.9621869 2.9913673 2.9545820 2.8922783 2.9409991 2.7385459 2.6680663 2.9175895 2.9634660 3.0252457 2.9707556 2.9728458 2.5367594 3.0792525 1.1158930 1.1530063 1.1712502 1.3509421 1.2581498 1.2825075 1.3523107 1.4020378 0.0899162 0.0000000 3.4761846 
Dpul_mRNA30642                                                   2.0522136 1.8999936 1.9637861 1.9146067 2.0068865 1.8761384 1.9384632 1.8597439 1.8720736 1.8078163 1.7745499 1.9795820 1.9202915 2.0072107 1.8714019 1.6971609 2.2460829 2.2271299 2.1284070 2.1059695 2.2210671 1.8979162 1.9385838 2.0454588 2.4413685 2.0499507 1.9887715 2.1621368 1.9284138 2.1606457 2.0901689 2.4358532 1.9225246 2.9831064 2.2418464 2.1392442 2.6142021 2.2794606 1.5279040 1.3455347 2.0760997 2.4786663 2.5333918 2.5547525 2.6278171 2.5711508 2.5684002 2.3397226 2.0017194 2.8791103 2.9839853 3.3981112 3.0518534 3.3305971 3.8216462 3.0234552 3.2136011 3.6389814 3.4761846 0.0000000 
