59
Hsap_ENST00000358430                               0.0000000 1.6251101 0.8789782 2.0912040 1.6793319 2.4093943 2.6719713 2.6620713 1.6803417 2.2429368 2.6105956 2.8400324 2.5338257 2.0812767 1.6567914 2.5923354 1.9303623 2.5232156 2.4419971 2.6305323 2.4029833 2.1329165 1.9305352 2.3811164 2.4723044 2.4418308 2.5927698 2.0491787 2.2470330 2.0511349 2.3467380 2.4907557 2.4300460 2.8410307 2.3118055 2.2345253 2.9032033 3.2908784 1.6496194 2.5361159 2.1164596 2.4330733 2.6403557 1.9908347 2.5695379 2.5227398 2.5290963 2.5612103 2.5306130 2.6011014 2.2969298 2.4241032 2.0954338 2.6134716 2.5192152 2.4542594 2.6056084 3.4350502 4.0774804 
Spur_XM_775606.5                                   1.6251101 0.0000000 0.6848079 1.3945937 0.8640135 1.8546420 1.7931146 1.7797084 1.3707820 1.6149397 1.6339221 2.1610684 1.8251009 1.9863577 1.5873247 1.8976540 1.5668354 1.9258704 1.7759681 1.5443807 1.5535469 1.6248538 1.7017083 1.6443888 1.6908820 1.9854391 1.8183509 1.8832334 1.8517324 1.7440413 1.9730234 1.8491872 1.8828228 2.0675989 1.7040244 1.6783944 2.3349955 2.2386814 1.9779523 2.0846237 1.7508733 1.8662105 2.2124871 1.6805894 1.7136751 1.6648902 1.7826417 1.7883196 1.5800824 1.8342633 1.6205437 1.6939259 1.5151983 1.6066866 2.1727420 2.2027198 1.9717405 2.2280721 2.9964900 
Ctel_gnl_WGS_AMQN_CAPTEDRAFT_mRNA104506            0.8789782 0.6848079 0.0000000 0.6249422 0.6575661 1.1494471 1.1942151 1.0584303 1.0160544 1.0867080 1.1013926 1.3396685 1.0711562 0.9872078 0.9549195 1.1713937 1.1075910 1.1335340 1.0992629 0.8535611 1.0655909 1.0687834 1.1482553 1.2364022 1.2573094 1.2024641 1.0730738 1.3004154 1.3741871 1.3250816 1.2198180 1.0795213 1.0905875 1.2694801 1.4510368 1.4510368 1.2653162 1.2693333 1.3953043 1.5999254 1.4819495 1.6845752 1.6489424 1.3720599 1.4044812 1.4044812 1.3390629 1.3390629 1.3021106 1.3530141 1.3397516 1.3510050 1.2501182 1.2136272 1.4992338 1.5026752 1.1709872 1.4507295 1.9668941 
Acagra_model.g3065.t1.5.5d3b8229                   2.0912040 1.3945937 0.6249422 0.0000000 1.5064874 2.3472217 2.2347167 2.1976427 1.3896278 1.9129495 2.0904131 2.4886922 2.1508253 1.7707048 1.2235885 2.5153099 1.8198156 2.4253290 2.5926252 2.6823654 2.1426096 1.9357013 1.6319473 2.0876876 2.0245753 2.3246507 2.0540431 2.0468081 2.1015139 2.0581703 2.4371018 2.1639851 2.2432152 2.3729634 2.1812799 2.2046147 2.7654386 2.6498045 1.7458186 2.3782866 1.8555698 2.1035728 2.4156247 1.6533724 2.5483979 2.4866261 2.4598537 2.4598537 2.2809931 2.4644605 2.1213825 2.2213146 2.1050500 2.2663864 2.5017558 2.4777890 2.2411776 2.7173683 3.0336728 
Skow_XM_006815059.1                                1.6793319 0.8640135 0.6575661 1.5064874 0.0000000 1.7321366 1.6901125 1.6587659 1.2367840 1.4427633 1.5662125 1.8311060 1.7024207 1.8004701 1.3707697 1.8676646 1.3496686 1.8392849 1.8398788 1.4048602 1.7131955 1.6076598 1.6560370 1.5738535 1.5727891 1.7453874 1.7290857 1.7986720 1.8187476 1.6942963 1.9079903 1.8240176 1.9235217 2.0072725 1.8043350 1.7814791 2.2748643 2.1816295 1.7732609 2.1960671 1.6873295 1.9024459 2.1503313 1.6347195 1.8333294 1.8126455 1.7710062 1.7710062 1.5585768 1.8722773 1.7748024 1.7879984 1.5348723 1.5599187 2.0734270 2.1355049 2.0067025 2.1478423 2.8537166 
Exapal_XM_021054919.2                              2.4093943 1.8546420 1.1494471 2.3472217 1.7321366 0.0000000 1.3020689 1.2741666 0.6541830 0.8731384 1.0861047 1.3104555 0.7502919 2.1213714 1.8446242 2.3669086 1.6164932 2.2419071 2.1777741 2.2377526 1.9685602 1.5599837 1.2256135 1.6368690 1.6048992 1.5592224 1.6159440 2.0094270 2.0357218 1.8881714 1.8568260 1.9484684 1.8870287 2.2611140 1.8941424 1.9134090 1.9736200 2.1758735 2.6797541 2.6681719 2.3435613 2.5867091 2.8687269 2.0573702 1.8233189 1.7762013 1.5148044 1.5148044 1.5464099 1.8317561 1.6951079 1.7390071 1.5808275 1.6315387 2.0037563 2.0325010 2.5091801 2.0796925 3.8077136 
Adig_XM_015896990.1                                2.6719713 1.7931146 1.1942151 2.2347167 1.6901125 1.3020689 0.0000000 0.6216310 0.3148615 0.5251405 0.6858225 0.7881706 1.4489750 2.1394289 1.8340635 2.1928831 1.5767156 2.3093329 2.0724309 1.9298054 1.7800555 1.5425825 1.2799476 1.8424672 1.7730374 1.7690289 1.7868104 1.9225021 1.9460526 1.7965262 2.0284888 2.1561483 2.1630840 2.2657291 1.8357265 1.7909749 2.0831600 2.1080588 2.4948341 2.6448897 2.3019799 2.4528107 2.7617607 2.0226601 1.7741879 1.7342123 1.5866160 1.5866160 1.5887935 1.7679174 1.6877060 1.7593219 1.5840865 1.7933026 2.1440674 2.1999224 2.5042527 2.2173248 4.2321550 
Gfas_gfas1.m1.13763.m1                             2.6620713 1.7797084 1.0584303 2.1976427 1.6587659 1.2741666 0.6216310 0.0000000 0.2135120 0.3874026 0.4852263 0.5836571 1.3639569 2.1162291 1.8763489 2.1194034 1.4959207 2.1879051 2.2125513 2.1965896 1.7723610 1.5352056 1.2224873 1.7663996 1.6887716 1.7546053 1.7291964 1.7247788 1.7095273 1.8162148 2.1142872 2.1082691 2.1439964 2.4639059 1.8495546 1.7950982 2.1660965 2.2659227 1.9087247 2.6298190 2.2267862 2.3752468 2.5538301 1.9467001 1.9147892 1.8863168 1.6264928 1.6264928 1.4319401 1.7506404 1.6726814 1.7321963 1.5397738 1.8356238 2.1128084 2.1946291 2.5902469 2.3048774 4.3824812 
Gasp_gasp1.m3.6067.m1                              1.6803417 1.3707820 1.0160544 1.3896278 1.2367840 0.6541830 0.3148615 0.2135120 0.0000000 0.1801845 0.1970028 0.1706021 0.6411444 1.6942621 1.6610311 1.2566003 1.2829303 1.3294295 1.3704941 0.7402044 1.2045312 1.0955200 1.1473702 1.1697534 1.1650213 1.2098695 1.1762878 1.4487422 1.4454300 1.4791353 1.4705285 1.3811886 1.4769296 1.4709485 1.2664920 1.2664920 1.4452207 1.3732492 1.2040889 1.7803271 1.3938880 1.6368487 1.9661219 1.3185025 1.1111694 1.0821311 1.1476442 1.1476442 1.1392128 1.1771137 1.2027851 1.1969872 1.1833037 0.9077242 1.4304663 1.4588971 1.7373194 1.0824875 3.0888229 
Spis_XP_022794971_1                                2.2429368 1.6149397 1.0867080 1.9129495 1.4427633 0.8731384 0.5251405 0.3874026 0.1801845 0.0000000 0.1004266 0.3869096 0.9980090 2.0188080 1.8658740 1.7224628 1.5092786 1.7205379 1.9376127 1.5926574 1.7229321 1.3212538 1.1814235 1.5146552 1.4666202 1.6239253 1.5305703 1.8479135 1.6790468 1.7309485 1.8459255 1.9330336 1.9935500 2.1466567 1.7909539 1.7550882 1.9391452 1.7337942 1.7077378 2.1774276 1.9073368 2.0149176 2.2441764 1.7424060 1.6313592 1.5740799 1.4820749 1.4820749 1.3536389 1.5666851 1.4726936 1.4761551 1.4792529 1.3854457 1.8592766 1.9051240 2.0246728 1.8971977 3.8896763 
Pocdam_XM_027188080.1                              2.6105956 1.6339221 1.1013926 2.0904131 1.5662125 1.0861047 0.6858225 0.4852263 0.1970028 0.1004266 0.0000000 0.5273937 1.2040862 2.1805815 1.8530435 2.0899260 1.5245592 2.1606745 2.2826553 2.3091057 1.9435697 1.6641114 1.2023123 1.7790852 1.6590740 1.7651592 1.7179175 1.9975104 1.9905274 1.8580193 2.0532481 2.1801962 2.2025050 2.3498612 1.9339319 1.8999939 2.0815176 2.0592127 1.8948598 2.5344549 2.1364335 2.3857625 2.5898483 1.8640486 1.8810125 1.8589183 1.7501178 1.7501178 1.5394398 1.7402525 1.6662386 1.7303565 1.6653452 1.7610580 2.0307954 2.0535355 2.3976421 2.3089321 4.0881812 
Fspp_ffun1.m4.24598.m1                             2.8400324 2.1610684 1.3396685 2.4886922 1.8311060 1.3104555 0.7881706 0.5836571 0.1706021 0.3869096 0.5273937 0.0000000 1.5784811 2.6615323 2.2673497 2.4799679 1.7237144 2.4927807 2.6431470 2.1067992 2.2725338 1.9801336 1.8161696 2.1990531 1.9707567 1.9957641 1.9093886 2.3211558 2.0937804 2.0633815 2.5656453 2.6017936 2.7912875 2.8047651 2.3218922 2.2305644 2.5926174 2.6160074 2.1354310 3.2225658 2.8294089 2.8764967 3.2011775 2.3702271 2.2056654 2.2372821 2.0094220 2.0094220 1.8335167 2.1244820 2.1475083 2.2038860 1.7898796 2.2777715 2.5398615 2.4470713 2.8496296 2.5868339 5.1566638 
Nvec_v1g50857                                      2.5338257 1.8251009 1.0711562 2.1508253 1.7024207 0.7502919 1.4489750 1.3639569 0.6411444 0.9980090 1.2040862 1.5784811 0.0000000 2.0386500 1.8939798 2.4019296 1.6305620 2.2641813 2.2945353 2.0305638 1.8784438 1.3655931 1.1300246 1.6099602 1.6453915 1.6663030 1.7856367 1.7400663 1.7618689 1.7309196 2.0415845 2.2511517 2.0794977 2.4237967 1.9904834 1.9679148 2.1200279 2.2286585 1.7751832 2.4620711 2.2093726 2.4508866 2.5952159 1.9440555 2.0473388 2.0021539 1.7290451 1.7290451 1.6912283 1.8676326 1.7312933 1.7739521 1.5413755 1.8993859 2.0411246 2.0966797 2.8559590 2.4480200 4.2823402 
Cscu_XM_023384215.1                                2.0812767 1.9863577 0.9872078 1.7707048 1.8004701 2.1213714 2.1394289 2.1162291 1.6942621 2.0188080 2.1805815 2.6615323 2.0386500 0.0000000 1.2470286 2.1470894 1.9850164 2.0820119 2.0405725 1.6584940 1.9838480 1.7613660 1.8700822 1.8963038 1.9363890 2.0639507 1.9634068 2.0025435 2.1960195 2.0005879 2.1330022 2.0697010 2.0789140 2.2454799 2.0602137 1.9966800 2.2103859 2.1851905 2.2508193 2.5670003 1.9879472 2.2293928 2.3865304 1.9560172 2.1377105 2.0657830 2.0629564 2.0932969 1.9725701 2.1507134 2.0928337 2.1860666 1.8942039 1.6957241 2.3490653 2.4782122 1.9638166 2.2992574 2.8057239 
Dpul_mRNA20369                                     1.6567914 1.5873247 0.9549195 1.2235885 1.3707697 1.8446242 1.8340635 1.8763489 1.6610311 1.8658740 1.8530435 2.2673497 1.8939798 1.2470286 0.0000000 1.9051770 1.7415057 1.8046514 1.7384031 1.1569094 1.6516722 1.8773717 1.9170200 1.8730390 1.7769219 2.1398411 2.1745473 2.1229532 2.2604974 2.2186656 1.9987037 1.8901119 1.9273535 1.9967101 2.1601475 2.1783641 1.8652787 1.9203371 1.8003992 2.3582925 1.8334354 2.2396678 2.3737286 1.8166198 2.1786028 2.0979466 2.1156006 2.1450030 2.1755908 2.1346641 2.1439479 2.2166167 2.1347732 1.8515362 2.2748381 2.2479053 1.8551764 2.1516936 2.1803945 
Scil_scict000421.1                                 2.5923354 1.8976540 1.1713937 2.5153099 1.8676646 2.3669086 2.1928831 2.1194034 1.2566003 1.7224628 2.0899260 2.4799679 2.4019296 2.1470894 1.9051770 0.0000000 0.2137399 0.3266406 0.4382994 0.5912453 1.3975520 1.5727735 1.9313048 1.9456869 2.0315695 2.2846147 2.2337903 1.7049275 1.7132333 1.5936307 1.5264825 1.7227108 1.7320609 1.8086096 1.7779339 1.7372216 2.1694202 2.2370758 1.6132883 2.5161523 2.1588077 2.2431073 2.4808460 1.9993883 1.8011401 1.7310531 1.6665360 1.6715494 1.5867235 1.7090672 1.4947682 1.5827586 1.6232291 1.8343769 2.2231715 2.2256799 2.5672669 1.9827517 3.9100060 
Leuniv_Lniv_scaffold20094_01                       1.9303623 1.5668354 1.1075910 1.8198156 1.3496686 1.6164932 1.5767156 1.4959207 1.2829303 1.5092786 1.5245592 1.7237144 1.6305620 1.9850164 1.7415057 0.2137399 0.0000000 0.2754923 0.2406700 0.2043191 0.9797586 1.1635134 1.7453443 1.4886212 1.4898261 1.4957043 1.4422333 1.3475215 1.3043818 1.3523365 1.0571313 1.2054362 1.2288944 1.1973172 1.3473404 1.3547874 1.5659663 1.4699103 1.5368058 1.8224340 1.4351013 1.5898960 1.7937985 1.3891278 1.1963698 1.1427831 1.2121228 1.2121228 1.1569042 1.2199147 1.1940182 1.1685122 1.2616081 1.0505788 1.5269706 1.4815669 1.8923739 1.3129484 2.9580903 
Gracom_Gcom_C551508_01                             2.5232156 1.9258704 1.1335340 2.4253290 1.8392849 2.2419071 2.3093329 2.1879051 1.3294295 1.7205379 2.1606745 2.4927807 2.2641813 2.0820119 1.8046514 0.3266406 0.2754923 0.0000000 0.3999881 0.5022557 1.3324902 1.6161938 1.7803394 1.9390852 1.8908840 1.9888780 2.1607694 1.5746294 1.5937502 1.5309055 1.4708228 1.6857303 1.6150696 1.8463035 1.7788138 1.7239409 2.1184139 2.2532602 1.6431042 2.4026094 2.0689391 2.0994350 2.3464007 1.9068901 1.8992899 1.7994078 1.5965971 1.6155718 1.5682199 1.8175709 1.5817903 1.6076312 1.5741990 1.7726669 2.1228813 2.0963072 2.7375160 1.9645322 3.7559924 
Lcom_lcpid74029                                    2.4419971 1.7759681 1.0992629 2.5926252 1.8398788 2.1777741 2.0724309 2.2125513 1.3704941 1.9376127 2.2826553 2.6431470 2.2945353 2.0405725 1.7384031 0.4382994 0.2406700 0.3999881 0.0000000 0.6080733 1.3429979 1.6693200 2.0041925 1.8309932 1.9299593 2.0315051 2.1599791 1.5549905 1.7894265 1.5895952 1.5131524 1.8478601 1.6899661 1.8084223 1.7986633 1.7376523 2.1248963 2.2108491 1.7506151 2.5321568 2.0755069 2.1550558 2.4367212 1.9552646 1.8957387 1.8056781 1.6776792 1.6776792 1.5083671 1.7503252 1.6018469 1.6134286 1.5220611 1.7885146 2.2996723 2.2795781 2.4915088 2.0180208 3.7066951 
Clacor_Ccor_C532887_01                             2.6305323 1.5443807 0.8535611 2.6823654 1.4048602 2.2377526 1.9298054 2.1965896 0.7402044 1.5926574 2.3091057 2.1067992 2.0305638 1.6584940 1.1569094 0.5912453 0.2043191 0.5022557 0.6080733 0.0000000 1.2118012 1.4994111 0.0000010 1.7135866 1.6804328 1.8584818 1.6590346 1.0167515 1.3796749 1.0409001 1.4635961 1.6884473 1.4054126 1.6916338 1.8530899 1.8530899 1.7411908 2.0134951 1.5030687 2.7847340 2.2048560 2.5878627 2.5968105 2.3299131 2.3038116 2.2928794 1.7474408 1.7474408 1.7684250 1.7415342 1.6872581 1.8481305 1.6900609 2.3078961 2.4296962 2.4429653 2.8005713 2.0181576 4.3036529 
Plajan_Pjan_C560244_01                             2.4029833 1.5535469 1.0655909 2.1426096 1.7131955 1.9685602 1.7800555 1.7723610 1.2045312 1.7229321 1.9435697 2.2725338 1.8784438 1.9838480 1.6516722 1.3975520 0.9797586 1.3324902 1.3429979 1.2118012 0.0000000 1.6501186 1.9614391 1.8947817 1.8488106 1.8570195 1.9000618 1.2527692 1.3078388 1.3223783 1.4275015 1.4086105 1.4774734 1.4477182 1.2094870 1.2182218 1.7274144 1.9264437 1.5770740 2.2532483 1.7748106 2.0549165 2.3096538 1.7072882 1.8846123 1.8878848 1.7160765 1.7272715 1.6985547 1.7388697 1.5919108 1.5899162 1.5358435 1.6471187 2.0912779 2.1175466 2.6222847 2.0113328 3.7359213 
Hvul_g30275_1                                      2.1329165 1.6248538 1.0687834 1.9357013 1.6076598 1.5599837 1.5425825 1.5352056 1.0955200 1.3212538 1.6641114 1.9801336 1.3655931 1.7613660 1.8773717 1.5727735 1.1635134 1.6161938 1.6693200 1.4994111 1.6501186 0.0000000 0.2431852 0.8729853 0.8973895 0.7938781 0.9212937 1.6456857 1.6683842 1.5142346 1.7540050 1.7653650 1.8144270 2.0568673 1.7325965 1.6815702 1.6144339 1.8444277 1.9779868 2.4075427 1.9641027 2.1219648 2.3662395 1.8424503 1.5576497 1.4538505 1.5179115 1.5179115 1.4454413 1.5396863 1.4906712 1.5114220 1.3175779 1.5885293 1.9603591 1.9587321 2.4135071 1.7183197 3.5670838 
Chem_TCONS_00052352                                1.9305352 1.7017083 1.1482553 1.6319473 1.6560370 1.2256135 1.2799476 1.2224873 1.1473702 1.1814235 1.2023123 1.8161696 1.1300246 1.8700822 1.9170200 1.9313048 1.7453443 1.7803394 2.0041925 0.0000010 1.9614391 0.2431852 0.0000000 0.6543610 0.6246202 0.7045218 0.7167410 2.1815577 1.7726193 1.8917958 2.2460349 1.9283002 2.1094129 2.0404581 1.6494222 1.6698231 1.8025817 1.7336370 0.0000010 2.3299301 1.3817946 1.8223948 2.2801731 1.2170161 1.2015056 1.0634066 1.2935492 1.3272959 1.2932131 1.2609573 1.2768734 1.3198735 1.2361415 0.9461449 1.5715119 1.5518094 2.3003992 1.1058938 2.7412538 
Nemnom_g11280.t1                                   2.3811164 1.6443888 1.2364022 2.0876876 1.5738535 1.6368690 1.8424672 1.7663996 1.1697534 1.5146552 1.7790852 2.1990531 1.6099602 1.8963038 1.8730390 1.9456869 1.4886212 1.9390852 1.8309932 1.7135866 1.8947817 0.8729853 0.6543610 0.0000000 0.2298826 0.5499509 0.9179905 1.9009331 1.9594394 1.6840954 1.9717873 1.9770925 1.9371262 1.9329965 1.8115334 1.8062355 2.1155205 1.9938619 1.7516678 2.3126558 2.0343340 2.0676951 2.3107332 1.7197383 1.8525390 1.7759871 1.8135319 1.8234923 1.6623530 1.8100934 1.7212847 1.8583884 1.5421532 1.7144058 2.1057568 2.1535272 2.5376390 1.9053537 3.8532412 
Rhoesc_Res_008714-T1                               2.4723044 1.6908820 1.2573094 2.0245753 1.5727891 1.6048992 1.7730374 1.6887716 1.1650213 1.4666202 1.6590740 1.9707567 1.6453915 1.9363890 1.7769219 2.0315695 1.4898261 1.8908840 1.9299593 1.6804328 1.8488106 0.8973895 0.6246202 0.2298826 0.0000000 0.4803914 0.9092370 1.8444109 1.8786060 1.6726844 1.9726706 1.8536997 1.9568924 1.9394098 1.8350028 1.8525072 1.8684608 1.8861196 1.8395495 2.3004820 1.8352372 2.0990863 2.3307753 1.6735316 1.7658921 1.6647444 1.7123216 1.7289014 1.5443479 1.7295925 1.6680891 1.7713174 1.5033182 1.7283337 2.0434277 2.0869692 2.5172831 1.9196423 3.6578638 
Sanmal_Sma_001537-T1                               2.4418308 1.9854391 1.2024641 2.3246507 1.7453874 1.5592224 1.7690289 1.7546053 1.2098695 1.6239253 1.7651592 1.9957641 1.6663030 2.0639507 2.1398411 2.2846147 1.4957043 1.9888780 2.0315051 1.8584818 1.8570195 0.7938781 0.7045218 0.5499509 0.4803914 0.0000000 0.8882421 1.7188374 1.6885407 1.7224194 1.9471296 1.8858370 1.9346494 2.0857794 1.9381402 1.9899097 1.8608891 1.8427196 1.9891545 2.3763730 1.9450655 1.9694939 2.1701837 1.6909432 1.8583070 1.7934639 1.6645738 1.6839079 1.5836301 1.7248267 1.7150607 1.8131874 1.5718117 1.7193155 2.0970826 2.1228510 2.8356496 2.0058417 4.1900962 
Morvir_scaffold97.g57.t1                           2.5927698 1.8183509 1.0730738 2.0540431 1.7290857 1.6159440 1.7868104 1.7291964 1.1762878 1.5305703 1.7179175 1.9093886 1.7856367 1.9634068 2.1745473 2.2337903 1.4422333 2.1607694 2.1599791 1.6590346 1.9000618 0.9212937 0.7167410 0.9179905 0.9092370 0.8882421 0.0000000 1.7119585 1.6008496 1.5051359 1.9039781 1.8720339 1.8536164 2.0337305 1.7343270 1.7626235 2.2876860 2.1727980 1.6191740 2.3242012 1.7770650 2.0650711 2.2615411 1.6194685 2.0000168 1.9959208 1.7260728 1.7260728 1.6360470 1.8299838 1.6273619 1.6742547 1.5939079 1.8057907 2.0224753 2.0480053 2.7827144 2.1016163 3.6337344 
Aque_Aqu2.1.14868_001                              2.0491787 1.8832334 1.3004154 2.0468081 1.7986720 2.0094270 1.9225021 1.7247788 1.4487422 1.8479135 1.9975104 2.3211558 1.7400663 2.0025435 2.1229532 1.7049275 1.3475215 1.5746294 1.5549905 1.0167515 1.2527692 1.6456857 2.1815577 1.9009331 1.8444109 1.7188374 1.7119585 0.0000000 0.3429977 0.5142893 0.9803521 1.0906849 1.0982118 0.9602998 1.7503042 1.7572828 1.9493662 2.1949675 1.8800288 2.1941797 1.7649100 2.1012563 2.1857196 1.8416687 1.9856495 1.9673758 1.7531677 1.7577083 1.7031900 1.8354981 1.7843591 1.8225696 1.8550740 1.5322257 2.0116011 2.1134499 2.4307867 1.5252786 3.8050584 
Halamb_c48253_g1_i2m.23844                         2.2470330 1.8517324 1.3741871 2.1015139 1.8187476 2.0357218 1.9460526 1.7095273 1.4454300 1.6790468 1.9905274 2.0937804 1.7618689 2.1960195 2.2604974 1.7132333 1.3043818 1.5937502 1.7894265 1.3796749 1.3078388 1.6683842 1.7726193 1.9594394 1.8786060 1.6885407 1.6008496 0.3429977 0.0000000 0.3613511 0.9560024 1.1620120 1.1117615 1.0533981 1.6990532 1.7140280 2.0275016 2.2519389 2.1092459 2.3921935 2.2476246 2.3894844 2.4861811 2.0136213 1.9083993 1.8953174 1.7682120 1.7730346 1.7901244 1.8081948 1.9636654 1.9838553 1.8082549 1.7789657 2.2763860 2.3530256 2.5127983 1.7441216 3.8473042 
Xestes_maker-XT_scaffold1756-snap-gene-0.92-mRNA-1 2.0511349 1.7440413 1.3250816 2.0581703 1.6942963 1.8881714 1.7965262 1.8162148 1.4791353 1.7309485 1.8580193 2.0633815 1.7309196 2.0005879 2.2186656 1.5936307 1.3523365 1.5309055 1.5895952 1.0409001 1.3223783 1.5142346 1.8917958 1.6840954 1.6726844 1.7224194 1.5051359 0.5142893 0.3613511 0.0000000 0.8329334 0.8465062 0.8092772 0.9181110 1.7891559 1.7976464 1.8956158 1.8217403 1.8508791 2.2713178 2.0191678 2.2710998 2.3191557 1.8771220 1.8359721 1.8554494 1.6466480 1.6466480 1.6697228 1.7023647 1.6640420 1.6695830 1.7909764 1.5531512 2.1886472 2.2140463 2.2644163 1.2349391 3.4817735 
Stycar_maker-SC_scaffold1520-snap-gene-0.23-mRNA-1 2.3467380 1.9730234 1.2198180 2.4371018 1.9079903 1.8568260 2.0284888 2.1142872 1.4705285 1.8459255 2.0532481 2.5656453 2.0415845 2.1330022 1.9987037 1.5264825 1.0571313 1.4708228 1.5131524 1.4635961 1.4275015 1.7540050 2.2460349 1.9717873 1.9726706 1.9471296 1.9039781 0.9803521 0.9560024 0.8329334 0.0000000 0.7680071 0.7802509 0.7902852 1.7493976 1.7498506 2.2458024 2.2183884 1.7156725 2.5625118 2.1884868 2.3091971 2.4814018 1.9950274 1.9161559 1.9095697 1.7858024 1.7858024 1.7935683 1.8869162 1.7002724 1.6612583 1.5961603 1.6857337 2.3348681 2.3564588 2.8911976 1.7502114 4.1007652 
Emue_Em0023g703a.t1                                2.4907557 1.8491872 1.0795213 2.1639851 1.8240176 1.9484684 2.1561483 2.1082691 1.3811886 1.9330336 2.1801962 2.6017936 2.2511517 2.0697010 1.8901119 1.7227108 1.2054362 1.6857303 1.8478601 1.6884473 1.4086105 1.7653650 1.9283002 1.9770925 1.8536997 1.8858370 1.8720339 1.0906849 1.1620120 0.8465062 0.7680071 0.0000000 0.2486727 0.9727409 1.7172312 1.7251450 2.2317681 2.3538105 2.1059909 2.6028430 2.4825530 2.4174521 2.4604274 2.1802921 1.9666531 1.9383087 1.7855883 1.7855883 1.6812107 2.1359644 1.6375493 1.7117929 1.7816804 1.7101877 2.3455656 2.4122690 2.8629400 1.6474107 3.5394924 
Spolac_c102428_g2_i4_m.29286c102428-g2             2.4300460 1.8828228 1.0905875 2.2432152 1.9235217 1.8870287 2.1630840 2.1439964 1.4769296 1.9935500 2.2025050 2.7912875 2.0794977 2.0789140 1.9273535 1.7320609 1.2288944 1.6150696 1.6899661 1.4054126 1.4774734 1.8144270 2.1094129 1.9371262 1.9568924 1.9346494 1.8536164 1.0982118 1.1117615 0.8092772 0.7802509 0.2486727 0.0000000 0.9768840 1.8098812 1.8194986 2.3187217 2.3825834 2.2911584 2.5944455 2.4473041 2.6094158 2.6241903 2.3463519 1.8579564 1.8394182 1.7200903 1.7200903 1.6882386 1.8549735 1.5644515 1.6380979 1.6909911 1.6373036 2.2445851 2.2312932 2.8439731 1.7204899 3.5727467 
Tetwil_g7052.t1                                    2.8410307 2.0675989 1.2694801 2.3729634 2.0072725 2.2611140 2.2657291 2.4639059 1.4709485 2.1466567 2.3498612 2.8047651 2.4237967 2.2454799 1.9967101 1.8086096 1.1973172 1.8463035 1.8084223 1.6916338 1.4477182 2.0568673 2.0404581 1.9329965 1.9394098 2.0857794 2.0337305 0.9602998 1.0533981 0.9181110 0.7902852 0.9727409 0.9768840 0.0000000 1.8067174 1.8084233 2.1845498 2.2505169 1.9190042 2.4642137 2.3547523 2.3674764 2.4664796 2.2609723 2.0640837 2.1353790 2.1295593 2.1295593 1.9148066 2.0536428 2.0839982 2.1043529 1.8603223 1.8376200 2.4819438 2.4458434 2.9901001 1.7734988 3.9749870 
Ocar_g2007                                         2.3118055 1.7040244 1.4510368 2.1812799 1.8043350 1.8941424 1.8357265 1.8495546 1.2664920 1.7909539 1.9339319 2.3218922 1.9904834 2.0602137 2.1601475 1.7779339 1.3473404 1.7788138 1.7986633 1.8530899 1.2094870 1.7325965 1.6494222 1.8115334 1.8350028 1.9381402 1.7343270 1.7503042 1.6990532 1.7891559 1.7493976 1.7172312 1.8098812 1.8067174 0.0000000 0.0228359 2.4601120 2.3011928 1.9439995 2.1007197 1.8170656 2.0777344 2.0584396 1.6641075 2.2892402 2.2111774 2.0241847 2.0241847 1.9972189 2.0653702 2.0826443 2.1560631 1.9493429 1.8623591 2.6768628 2.6806933 2.4818213 2.0164683 3.6598261 
Opea_EP00118_Oscarella_pearsei_P005713             2.2345253 1.6783944 1.4510368 2.2046147 1.7814791 1.9134090 1.7909749 1.7950982 1.2664920 1.7550882 1.8999939 2.2305644 1.9679148 1.9966800 2.1783641 1.7372216 1.3547874 1.7239409 1.7376523 1.8530899 1.2182218 1.6815702 1.6698231 1.8062355 1.8525072 1.9899097 1.7626235 1.7572828 1.7140280 1.7976464 1.7498506 1.7251450 1.8194986 1.8084233 0.0228359 0.0000000 2.4092385 2.2887942 1.9439995 2.1311194 1.8170656 2.0777344 2.0601594 1.6641075 2.2878613 2.1971886 2.0218708 2.0218708 1.9949550 2.0628432 2.0793528 2.1527920 1.9682437 1.8623591 2.6993847 2.7038430 2.4787568 2.0164683 3.6760407 
Dgig_XM_028557184.1                                2.9032033 2.3349955 1.2653162 2.7654386 2.2748643 1.9736200 2.0831600 2.1660965 1.4452207 1.9391452 2.0815176 2.5926174 2.1200279 2.2103859 1.8652787 2.1694202 1.5659663 2.1184139 2.1248963 1.7411908 1.7274144 1.6144339 1.8025817 2.1155205 1.8684608 1.8608891 2.2876860 1.9493662 2.0275016 1.8956158 2.2458024 2.2317681 2.3187217 2.1845498 2.4601120 2.4092385 0.0000000 0.5339516 1.7701916 2.2438929 1.8644394 2.1201627 2.2703531 1.8257703 2.3169573 2.3037217 1.9011044 1.9011044 1.9325119 2.0303220 1.8228780 1.8645212 1.7163537 1.9950230 2.2417861 2.2975924 2.8051994 2.2506898 4.6441076 
Xesp_011299-T1                                     3.2908784 2.2386814 1.2693333 2.6498045 2.1816295 2.1758735 2.1080588 2.2659227 1.3732492 1.7337942 2.0592127 2.6160074 2.2286585 2.1851905 1.9203371 2.2370758 1.4699103 2.2532602 2.2108491 2.0134951 1.9264437 1.8444277 1.7336370 1.9938619 1.8861196 1.8427196 2.1727980 2.1949675 2.2519389 1.8217403 2.2183884 2.3538105 2.3825834 2.2505169 2.3011928 2.2887942 0.5339516 0.0000000 1.5761497 2.2936875 1.6304216 2.0333123 2.2508652 1.6937916 2.0885673 2.0949074 1.7959224 1.7959224 1.9290892 1.9246403 1.7936872 1.8292336 1.8611648 1.8052798 2.3962198 2.4713734 2.7157649 2.0963288 4.4075643 
Tadh_TriadT25276                                   1.6496194 1.9779523 1.3953043 1.7458186 1.7732609 2.6797541 2.4948341 1.9087247 1.2040889 1.7077378 1.8948598 2.1354310 1.7751832 2.2508193 1.8003992 1.6132883 1.5368058 1.6431042 1.7506151 1.5030687 1.5770740 1.9779868 0.0000010 1.7516678 1.8395495 1.9891545 1.6191740 1.8800288 2.1092459 1.8508791 1.7156725 2.1059909 2.2911584 1.9190042 1.9439995 1.9439995 1.7701916 1.5761497 0.0000000 0.0654700 0.1665211 0.1988451 0.1855338 0.1591623 2.1891229 2.1891229 2.1557466 2.1557466 1.8454340 1.8989982 1.7983955 1.8421525 1.9304744 1.9131025 2.5199854 2.5669714 2.1540094 2.6462943 3.4658300 
TrH2_TrispH2_005846-RA                             2.5361159 2.0846237 1.5999254 2.3782866 2.1960671 2.6681719 2.6448897 2.6298190 1.7803271 2.1774276 2.5344549 3.2225658 2.4620711 2.5670003 2.3582925 2.5161523 1.8224340 2.4026094 2.5321568 2.7847340 2.2532483 2.4075427 2.3299301 2.3126558 2.3004820 2.3763730 2.3242012 2.1941797 2.3921935 2.2713178 2.5625118 2.6028430 2.5944455 2.4642137 2.1007197 2.1311194 2.2438929 2.2936875 0.0654700 0.0000000 0.2262582 0.2729009 0.3306160 0.2714754 2.6544250 2.7041359 2.4045665 2.4045665 2.2518909 2.3587576 2.3353584 2.3945848 2.1530981 2.3047107 2.6949017 2.7543883 3.1732322 3.4356604 4.2760178 
HoiH11_mRNA45                                      2.1164596 1.7508733 1.4819495 1.8555698 1.6873295 2.3435613 2.3019799 2.2267862 1.3938880 1.9073368 2.1364335 2.8294089 2.2093726 1.9879472 1.8334354 2.1588077 1.4351013 2.0689391 2.0755069 2.2048560 1.7748106 1.9641027 1.3817946 2.0343340 1.8352372 1.9450655 1.7770650 1.7649100 2.2476246 2.0191678 2.1884868 2.4825530 2.4473041 2.3547523 1.8170656 1.8170656 1.8644394 1.6304216 0.1665211 0.2262582 0.0000000 0.1745766 0.1521118 0.2047649 2.5302214 2.5131446 2.2097956 2.2097956 2.0739320 2.0788343 2.0545337 2.2502178 2.0057595 2.2177824 2.3416635 2.4764464 2.6182746 3.5539210 3.7009435 
HoiH06_mRNA6309                                    2.4330733 1.8662105 1.6845752 2.1035728 1.9024459 2.5867091 2.4528107 2.3752468 1.6368487 2.0149176 2.3857625 2.8764967 2.4508866 2.2293928 2.2396678 2.2431073 1.5898960 2.0994350 2.1550558 2.5878627 2.0549165 2.1219648 1.8223948 2.0676951 2.0990863 1.9694939 2.0650711 2.1012563 2.3894844 2.2710998 2.3091971 2.4174521 2.6094158 2.3674764 2.0777344 2.0777344 2.1201627 2.0333123 0.1988451 0.2729009 0.1745766 0.0000000 0.0719168 0.1553995 2.6038565 2.5523166 2.5156266 2.5156266 2.2887950 2.4527621 2.5294269 2.6005930 2.1275006 2.2226746 2.5829676 2.6874078 2.8140668 3.1801198 4.3632905 
HoiH23_PlH23_006349-RA                             2.6403557 2.2124871 1.6489424 2.4156247 2.1503313 2.8687269 2.7617607 2.5538301 1.9661219 2.2441764 2.5898483 3.2011775 2.5952159 2.3865304 2.3737286 2.4808460 1.7937985 2.3464007 2.4367212 2.5968105 2.3096538 2.3662395 2.2801731 2.3107332 2.3307753 2.1701837 2.2615411 2.1857196 2.4861811 2.3191557 2.4814018 2.4604274 2.6241903 2.4664796 2.0584396 2.0601594 2.2703531 2.2508652 0.1855338 0.3306160 0.1521118 0.0719168 0.0000000 0.1401739 2.4938783 2.5346711 2.4415188 2.4656576 2.2675910 2.3542912 2.4682233 2.5129365 2.1855619 2.1469922 2.6798449 2.7882096 2.8694306 3.0408777 4.4390144 
HoiH04_mRNA3226                                    1.9908347 1.6805894 1.3720599 1.6533724 1.6347195 2.0573702 2.0226601 1.9467001 1.3185025 1.7424060 1.8640486 2.3702271 1.9440555 1.9560172 1.8166198 1.9993883 1.3891278 1.9068901 1.9552646 2.3299131 1.7072882 1.8424503 1.2170161 1.7197383 1.6735316 1.6909432 1.6194685 1.8416687 2.0136213 1.8771220 1.9950274 2.1802921 2.3463519 2.2609723 1.6641075 1.6641075 1.8257703 1.6937916 0.1591623 0.2714754 0.2047649 0.1553995 0.1401739 0.0000000 2.1113738 2.1167680 1.9903041 1.9903041 1.8474157 1.9198158 2.0109787 2.1040628 1.8293308 1.9748602 2.2512882 2.3330865 2.5810963 2.9114132 3.5548228 
Mlei_ML2732.g21.i1                                 2.5695379 1.7136751 1.4044812 2.5483979 1.8333294 1.8233189 1.7741879 1.9147892 1.1111694 1.6313592 1.8810125 2.2056654 2.0473388 2.1377105 2.1786028 1.8011401 1.1963698 1.8992899 1.8957387 2.3038116 1.8846123 1.5576497 1.2015056 1.8525390 1.7658921 1.8583070 2.0000168 1.9856495 1.9083993 1.8359721 1.9161559 1.9666531 1.8579564 2.0640837 2.2892402 2.2878613 2.3169573 2.0885673 2.1891229 2.6544250 2.5302214 2.6038565 2.4938783 2.1113738 0.0000000 0.0234507 0.4317899 0.4275082 0.4540528 0.4107071 0.5341672 0.5477804 0.6219614 0.5375902 0.9693536 0.9712299 2.6422429 2.4337704 3.9715966 
Vmul_sbMO456193                                    2.5227398 1.6648902 1.4044812 2.4866261 1.8126455 1.7762013 1.7342123 1.8863168 1.0821311 1.5740799 1.8589183 2.2372821 2.0021539 2.0657830 2.0979466 1.7310531 1.1427831 1.7994078 1.8056781 2.2928794 1.8878848 1.4538505 1.0634066 1.7759871 1.6647444 1.7934639 1.9959208 1.9673758 1.8953174 1.8554494 1.9095697 1.9383087 1.8394182 2.1353790 2.2111774 2.1971886 2.3037217 2.0949074 2.1891229 2.7041359 2.5131446 2.5523166 2.5346711 2.1167680 0.0234507 0.0000000 0.4514375 0.4514375 0.4804247 0.4420441 0.5247648 0.5483759 0.6325613 0.5468627 1.0159112 1.0190465 2.6183564 2.4264960 3.9758231 
Bolinf_Binf_sb1274733                              2.5290963 1.7826417 1.3390629 2.4598537 1.7710062 1.5148044 1.5866160 1.6264928 1.1476442 1.4820749 1.7501178 2.0094220 1.7290451 2.0629564 2.1156006 1.6665360 1.2121228 1.5965971 1.6776792 1.7474408 1.7160765 1.5179115 1.2935492 1.8135319 1.7123216 1.6645738 1.7260728 1.7531677 1.7682120 1.6466480 1.7858024 1.7855883 1.7200903 2.1295593 2.0241847 2.0218708 1.9011044 1.7959224 2.1557466 2.4045665 2.2097956 2.5156266 2.4415188 1.9903041 0.4317899 0.4514375 0.0000000 0.0000010 0.3641758 0.4000128 0.5437502 0.5340373 0.5109086 0.5398212 0.8637333 0.8904088 2.2070241 2.3707663 3.8265438 
Mertsp_Mesp_sb576143                               2.5612103 1.7883196 1.3390629 2.4598537 1.7710062 1.5148044 1.5866160 1.6264928 1.1476442 1.4820749 1.7501178 2.0094220 1.7290451 2.0932969 2.1450030 1.6715494 1.2121228 1.6155718 1.6776792 1.7474408 1.7272715 1.5179115 1.3272959 1.8234923 1.7289014 1.6839079 1.7260728 1.7577083 1.7730346 1.6466480 1.7858024 1.7855883 1.7200903 2.1295593 2.0241847 2.0218708 1.9011044 1.7959224 2.1557466 2.4045665 2.2097956 2.5156266 2.4656576 1.9903041 0.4275082 0.4514375 0.0000010 0.0000000 0.3606006 0.3960439 0.5437502 0.5283159 0.5052770 0.5398212 0.8637333 0.8904088 2.2115483 2.3707663 3.8265438 
Lampan_Lpan_14567_01                               2.5306130 1.5800824 1.3021106 2.2809931 1.5585768 1.5464099 1.5887935 1.4319401 1.1392128 1.3536389 1.5394398 1.8335167 1.6912283 1.9725701 2.1755908 1.5867235 1.1569042 1.5682199 1.5083671 1.7684250 1.6985547 1.4454413 1.2932131 1.6623530 1.5443479 1.5836301 1.6360470 1.7031900 1.7901244 1.6697228 1.7935683 1.6812107 1.6882386 1.9148066 1.9972189 1.9949550 1.9325119 1.9290892 1.8454340 2.2518909 2.0739320 2.2887950 2.2675910 1.8474157 0.4540528 0.4804247 0.3641758 0.3606006 0.0000000 0.4449680 0.5911589 0.6069130 0.4893180 0.4844318 0.8394215 0.8797355 2.0769813 2.1427761 3.7786961 
Beraby_Baby_sb344582                               2.6011014 1.8342633 1.3530141 2.4644605 1.8722773 1.8317561 1.7679174 1.7506404 1.1771137 1.5666851 1.7402525 2.1244820 1.8676326 2.1507134 2.1346641 1.7090672 1.2199147 1.8175709 1.7503252 1.7415342 1.7388697 1.5396863 1.2609573 1.8100934 1.7295925 1.7248267 1.8299838 1.8354981 1.8081948 1.7023647 1.8869162 2.1359644 1.8549735 2.0536428 2.0653702 2.0628432 2.0303220 1.9246403 1.8989982 2.3587576 2.0788343 2.4527621 2.3542912 1.9198158 0.4107071 0.4420441 0.4000128 0.3960439 0.4449680 0.0000000 0.5224513 0.5342972 0.5806865 0.4669508 0.9299850 0.9563788 2.3556802 2.4872993 3.8095538 
Pbac_sb2649615                                     2.2969298 1.6205437 1.3397516 2.1213825 1.7748024 1.6951079 1.6877060 1.6726814 1.2027851 1.4726936 1.6662386 2.1475083 1.7312933 2.0928337 2.1439479 1.4947682 1.1940182 1.5817903 1.6018469 1.6872581 1.5919108 1.4906712 1.2768734 1.7212847 1.6680891 1.7150607 1.6273619 1.7843591 1.9636654 1.6640420 1.7002724 1.6375493 1.5644515 2.0839982 2.0826443 2.0793528 1.8228780 1.7936872 1.7983955 2.3353584 2.0545337 2.5294269 2.4682233 2.0109787 0.5341672 0.5247648 0.5437502 0.5437502 0.5911589 0.5224513 0.0000000 0.0318822 0.6586878 0.5282531 0.9347510 0.9505876 2.0389736 1.9499682 3.9325003 
Horcal_Hcv1.av93.c3.g362.i1                        2.4241032 1.6939259 1.3510050 2.2213146 1.7879984 1.7390071 1.7593219 1.7321963 1.1969872 1.4761551 1.7303565 2.2038860 1.7739521 2.1860666 2.2166167 1.5827586 1.1685122 1.6076312 1.6134286 1.8481305 1.5899162 1.5114220 1.3198735 1.8583884 1.7713174 1.8131874 1.6742547 1.8225696 1.9838553 1.6695830 1.6612583 1.7117929 1.6380979 2.1043529 2.1560631 2.1527920 1.8645212 1.8292336 1.8421525 2.3945848 2.2502178 2.6005930 2.5129365 2.1040628 0.5477804 0.5483759 0.5340373 0.5283159 0.6069130 0.5342972 0.0318822 0.0000000 0.6417806 0.5791698 0.9511170 0.9784648 2.0474508 2.1399398 3.8278937 
Eupdun_Edun_sb10631232                             2.0954338 1.5151983 1.2501182 2.1050500 1.5348723 1.5808275 1.5840865 1.5397738 1.1833037 1.4792529 1.6653452 1.7898796 1.5413755 1.8942039 2.1347732 1.6232291 1.2616081 1.5741990 1.5220611 1.6900609 1.5358435 1.3175779 1.2361415 1.5421532 1.5033182 1.5718117 1.5939079 1.8550740 1.8082549 1.7909764 1.5961603 1.7816804 1.6909911 1.8603223 1.9493429 1.9682437 1.7163537 1.8611648 1.9304744 2.1530981 2.0057595 2.1275006 2.1855619 1.8293308 0.6219614 0.6325613 0.5109086 0.5052770 0.4893180 0.5806865 0.6586878 0.6417806 0.0000000 0.5513590 0.9116038 0.8969697 2.1599891 2.0834175 3.3763687 
Drygla_Dgla_sb296122                               2.6134716 1.6066866 1.2136272 2.2663864 1.5599187 1.6315387 1.7933026 1.8356238 0.9077242 1.3854457 1.7610580 2.2777715 1.8993859 1.6957241 1.8515362 1.8343769 1.0505788 1.7726669 1.7885146 2.3078961 1.6471187 1.5885293 0.9461449 1.7144058 1.7283337 1.7193155 1.8057907 1.5322257 1.7789657 1.5531512 1.6857337 1.7101877 1.6373036 1.8376200 1.8623591 1.8623591 1.9950230 1.8052798 1.9131025 2.3047107 2.2177824 2.2226746 2.1469922 1.9748602 0.5375902 0.5468627 0.5398212 0.5398212 0.4844318 0.4669508 0.5282531 0.5791698 0.5513590 0.0000000 0.9792180 0.9447224 2.5393312 2.4645872 4.0249796 
Coeast_Cast_sb800492                               2.5192152 2.1727420 1.4992338 2.5017558 2.0734270 2.0037563 2.1440674 2.1128084 1.4304663 1.8592766 2.0307954 2.5398615 2.0411246 2.3490653 2.2748381 2.2231715 1.5269706 2.1228813 2.2996723 2.4296962 2.0912779 1.9603591 1.5715119 2.1057568 2.0434277 2.0970826 2.0224753 2.0116011 2.2763860 2.1886472 2.3348681 2.3455656 2.2445851 2.4819438 2.6768628 2.6993847 2.2417861 2.3962198 2.5199854 2.6949017 2.3416635 2.5829676 2.6798449 2.2512882 0.9693536 1.0159112 0.8637333 0.8637333 0.8394215 0.9299850 0.9347510 0.9511170 0.9116038 0.9792180 0.0000000 0.0413209 2.6849229 3.2303590 3.9465936 
Coemet_Cmet_scaffold20107_01                       2.4542594 2.2027198 1.5026752 2.4777890 2.1355049 2.0325010 2.1999224 2.1946291 1.4588971 1.9051240 2.0535355 2.4470713 2.0966797 2.4782122 2.2479053 2.2256799 1.4815669 2.0963072 2.2795781 2.4429653 2.1175466 1.9587321 1.5518094 2.1535272 2.0869692 2.1228510 2.0480053 2.1134499 2.3530256 2.2140463 2.3564588 2.4122690 2.2312932 2.4458434 2.6806933 2.7038430 2.2975924 2.4713734 2.5669714 2.7543883 2.4764464 2.6874078 2.7882096 2.3330865 0.9712299 1.0190465 0.8904088 0.8904088 0.8797355 0.9563788 0.9505876 0.9784648 0.8969697 0.9447224 0.0413209 0.0000000 2.7050572 3.1911786 4.1343447 
Bralan_BLAG01000886_1                              2.6056084 1.9717405 1.1709872 2.2411776 2.0067025 2.5091801 2.5042527 2.5902469 1.7373194 2.0246728 2.3976421 2.8496296 2.8559590 1.9638166 1.8551764 2.5672669 1.8923739 2.7375160 2.4915088 2.8005713 2.6222847 2.4135071 2.3003992 2.5376390 2.5172831 2.8356496 2.7827144 2.4307867 2.5127983 2.2644163 2.8911976 2.8629400 2.8439731 2.9901001 2.4818213 2.4787568 2.8051994 2.7157649 2.1540094 3.1732322 2.6182746 2.8140668 2.8694306 2.5810963 2.6422429 2.6183564 2.2070241 2.2115483 2.0769813 2.3556802 2.0389736 2.0474508 2.1599891 2.5393312 2.6849229 2.7050572 0.0000000 3.0139833 3.8667947 
Plespi_Pspi_scaffold19396_01                       3.4350502 2.2280721 1.4507295 2.7173683 2.1478423 2.0796925 2.2173248 2.3048774 1.0824875 1.8971977 2.3089321 2.5868339 2.4480200 2.2992574 2.1516936 1.9827517 1.3129484 1.9645322 2.0180208 2.0181576 2.0113328 1.7183197 1.1058938 1.9053537 1.9196423 2.0058417 2.1016163 1.5252786 1.7441216 1.2349391 1.7502114 1.6474107 1.7204899 1.7734988 2.0164683 2.0164683 2.2506898 2.0963288 2.6462943 3.4356604 3.5539210 3.1801198 3.0408777 2.9114132 2.4337704 2.4264960 2.3707663 2.3707663 2.1427761 2.4872993 1.9499682 2.1399398 2.0834175 2.4645872 3.2303590 3.1911786 3.0139833 0.0000000 5.4591343 
Tcas_TC014163_001                                  4.0774804 2.9964900 1.9668941 3.0336728 2.8537166 3.8077136 4.2321550 4.3824812 3.0888229 3.8896763 4.0881812 5.1566638 4.2823402 2.8057239 2.1803945 3.9100060 2.9580903 3.7559924 3.7066951 4.3036529 3.7359213 3.5670838 2.7412538 3.8532412 3.6578638 4.1900962 3.6337344 3.8050584 3.8473042 3.4817735 4.1007652 3.5394924 3.5727467 3.9749870 3.6598261 3.6760407 4.6441076 4.4075643 3.4658300 4.2760178 3.7009435 4.3632905 4.4390144 3.5548228 3.9715966 3.9758231 3.8265438 3.8265438 3.7786961 3.8095538 3.9325003 3.8278937 3.3763687 4.0249796 3.9465936 4.1343447 3.8667947 5.4591343 0.0000000 
