53
Hsap_ENST00000361952                                  0.0000000 2.4601673 2.3425215 2.4300610 2.2237370 2.4047833 2.9123624 2.1497114 3.0672103 2.6334512 2.5902310 2.7257886 2.6082355 2.2708057 3.7225235 3.1143232 2.9050148 2.9272422 3.0685080 2.4344636 2.8483341 2.9711353 3.2904574 2.6623142 2.9080530 3.2412962 2.8206636 3.2503459 3.6515630 2.8300740 2.7969862 2.8190894 2.8642484 3.6000414 3.6870783 2.7783451 3.9693956 3.4085385 3.7622824 3.5071771 4.7454087 5.5264385 6.0149141 5.8449399 5.9229153 5.8665576 5.8256053 5.9432131 5.8468657 5.9609976 5.7998815 4.0935944 3.0396807 
Spur_XM_030973042.1                                   2.4601673 0.0000000 1.8224549 2.3776275 1.9244586 2.2605257 2.6899900 2.0863165 2.9479422 2.6320001 2.4405871 2.3656011 2.2599663 2.3638780 4.1142374 2.8497264 2.8201521 2.5338075 2.5022678 2.2259136 3.1447081 2.4183805 2.0512124 2.5608206 2.5700533 2.9784268 2.7389678 2.9701437 3.0908510 2.7587581 2.8399497 2.8620217 2.8874689 3.9475322 3.4668751 1.9679637 3.1019023 3.1464566 3.3683925 3.4174066 3.0396462 5.0272865 4.9048335 4.4591853 5.1249306 4.7334649 4.6207640 5.3995314 4.4882341 4.4441403 4.8609049 3.2817786 3.0338221 
Ctel_gnl_WGS_AMQN_CAPTEDRAFT_mRNA26823                2.3425215 1.8224549 0.0000000 1.0493795 1.2886101 1.9993057 2.2593075 2.1086289 2.8342129 2.5197986 2.2304405 2.0680608 1.6700828 1.8669745 2.0573881 2.0013931 1.9884956 2.0082348 2.0969521 2.4544728 2.8287843 2.0406085 2.4938248 1.8049076 1.8878985 2.4020512 2.9280032 2.2700040 2.5461052 2.1676404 2.1115900 2.3258829 2.3596964 2.8810535 3.2045173 3.4129139 2.6188236 3.1263337 3.0301024 2.8130561 3.0254539 3.8742937 4.2658161 3.6739896 4.1278691 3.9852453 3.8636708 4.7611118 4.4206185 4.1435281 3.9620925 2.5889487 2.5339210 
Cgig_XM_011455479.3                                   2.4300610 2.3776275 1.0493795 0.0000000 1.1064577 2.0647268 2.9543140 2.9546927 3.3878234 3.8699907 2.8417221 2.8274707 2.3289186 2.5011847 2.4219998 2.2121283 2.1564330 2.3995098 2.4464996 2.3892815 2.4106212 2.1501271 2.3124598 2.3151328 2.6087386 3.0856683 2.8589489 2.3785591 3.2600786 2.5961974 2.5581158 2.6777562 2.7315425 2.8742906 3.0564858 2.7864867 3.0972055 3.5420391 3.4827593 2.9438282 3.9981142 5.2042111 4.6567724 4.6494010 5.4199957 4.7952464 4.8004294 4.7864195 4.6548829 4.7282895 4.7444160 3.6000949 3.2088892 
Acagra_model.g17810.t1                                2.2237370 1.9244586 1.2886101 1.1064577 0.0000000 1.9098155 2.6266933 2.3622359 2.9754998 2.7807011 2.3241223 2.4843997 2.2212421 2.3730731 2.4474833 2.2812009 2.3747683 2.4348782 2.1793516 2.0598895 2.5015646 1.8375743 2.2258570 2.1155526 2.5465597 2.6794512 2.6119791 2.2486973 2.8344106 2.3289276 2.3176210 2.2527675 2.2886960 3.1011341 3.0050544 2.6194711 3.0513248 3.3571639 3.7993809 3.3230470 3.5160300 4.5162324 4.3568967 4.1614934 4.4036867 4.4186782 4.4158184 4.3883452 4.0444696 3.9732192 3.9850589 3.6199198 2.1705791 
Exapal_XM_021044014.2                                 2.4047833 2.2605257 1.9993057 2.0647268 1.9098155 0.0000000 1.3113324 1.1133006 1.8445913 0.9352987 1.5044537 1.5352849 1.4500818 1.5590393 2.0201568 2.1119085 2.8259922 2.6944576 1.9539141 2.0622270 2.2823915 2.3256500 2.1777470 2.0282613 2.3620454 2.8824422 2.5477814 2.5478361 2.5937921 2.0993061 2.1416489 2.1454723 2.1924392 2.9727351 3.3985036 2.6014850 2.7768396 2.7140004 3.2281794 3.5908501 3.3332846 4.4831209 4.1696784 4.3520358 4.1681698 4.6413486 4.5474210 4.8588706 4.4134431 4.4192773 4.3470914 4.4003494 1.9485032 
Nvec_v1g197434                                        2.9123624 2.6899900 2.2593075 2.9543140 2.6266933 1.3113324 0.0000000 0.9262855 1.6037229 1.0642270 2.0247642 2.0507902 1.8849905 2.1102673 2.0372869 2.9593855 3.0161834 2.6994698 2.4067682 1.7098669 2.5612496 2.6352510 2.7197728 2.7551725 3.0562145 3.3227876 3.1361189 2.5925349 4.0345588 3.1413350 3.0038220 3.0193655 3.0974514 2.9894255 3.0719440 2.2863602 3.0690362 3.0291839 3.3929048 3.7669738 2.6015972 5.0008613 4.2733168 4.0786650 3.8672502 4.6603126 4.7630621 5.6081203 5.0836065 5.0362895 4.8363607 3.4846002 1.6248464 
Adig_XM_015899134.1                                   2.1497114 2.0863165 2.1086289 2.9546927 2.3622359 1.1133006 0.9262855 0.0000000 0.0545799 0.4205017 0.7380388 0.6886177 1.0402568 1.1748983 1.6001289 3.2885820 2.8397032 2.3781752 1.8859385 1.9983345 2.1417681 1.8791482 2.6312236 2.5943754 3.1227723 2.9586303 2.5929292 2.1018290 4.4571808 2.7731181 2.8441849 2.9166060 2.9210166 1.8982475 2.5367760 2.3069140 3.0841657 3.1792075 3.2029506 3.2935569 2.6745157 3.2497806 3.5117305 3.2769017 3.3248021 3.3489974 3.3163844 3.7658934 3.5187341 3.4790745 3.5699119 3.6464051 1.4033392 
Amil_Amillepora12139-RA                               3.0672103 2.9479422 2.8342129 3.3878234 2.9754998 1.8445913 1.6037229 0.0545799 0.0000000 0.4645355 1.1873844 1.2308243 1.8355843 2.0476024 2.6048197 4.1959317 3.5968063 3.2014976 2.8730469 2.3343701 2.9706741 2.7941076 3.3038785 3.4983413 4.0653611 3.9850617 4.0427866 2.6647128 7.6571653 3.1227459 3.0972969 3.1316831 3.1873812 3.0831222 3.6195928 2.8467011 4.0838119 3.7292700 3.6093702 3.4905479 3.5603768 4.7101616 4.6188684 4.3777366 4.5046393 4.1139361 4.2225430 4.9679759 4.8431802 4.7026376 4.3448893 4.0935413 2.1305272 
Gfas_gfas1.m1.20362.m1                                2.6334512 2.6320001 2.5197986 3.8699907 2.7807011 0.9352987 1.0642270 0.4205017 0.4645355 0.0000000 0.5030641 0.4874218 1.4568936 1.2441582 2.6995486 3.6451207 3.6831916 2.8980154 2.8549865 2.8641476 2.2064577 2.2813625 2.8491414 3.2409557 4.0518439 3.9243940 3.3917596 2.7218386 8.9999984 2.6226427 2.6069792 2.8577127 2.8379467 2.0787421 2.3162831 2.5881855 4.0351201 3.7719473 4.2735483 4.5318567 2.9692123 4.6350394 4.4540170 4.6700592 4.3480077 5.4019452 5.2710908 5.2705920 5.1216053 5.1833054 5.1734105 4.4853622 1.2366113 
Spis_XP_022788484_1                                   2.5902310 2.4405871 2.2304405 2.8417221 2.3241223 1.5044537 2.0247642 0.7380388 1.1873844 0.5030641 0.0000000 0.2148262 1.7945134 1.6854619 3.9343867 3.1593886 2.9751149 3.0504643 2.5445432 2.0931125 2.1609095 2.1145869 2.3498157 2.6200403 3.0871482 2.6778060 2.6402303 2.4966524 3.6145998 2.9033428 2.9101635 2.9945736 3.0935749 3.0594083 3.7415792 2.8463490 3.1514271 2.9421637 3.0894127 3.2509013 3.2062800 4.0883725 3.6561126 4.0557593 4.3668048 4.3902888 4.5958638 4.6356771 4.2253993 4.1833400 4.8053790 4.0781488 1.2545447 
Pocdam_XM_027182313.1                                 2.7257886 2.3656011 2.0680608 2.8274707 2.4843997 1.5352849 2.0507902 0.6886177 1.2308243 0.4874218 0.2148262 0.0000000 1.7970351 1.8515941 3.3753548 3.0756394 2.7593242 3.0263966 2.5231916 1.9494324 2.1267280 2.2780225 2.3781112 2.5757599 2.9511949 2.8981419 2.6212665 2.6188177 3.5079704 3.0232998 3.0542432 3.2527683 3.3281471 2.8545760 3.6734573 2.8061177 3.3059946 2.9824795 3.1570131 3.2395815 3.5397764 4.5853179 3.9232555 3.9989635 4.6129580 4.5464495 4.7541806 4.8292322 4.3357189 4.2845545 4.5483169 3.7193123 1.1487238 
Dgig_XM_028555728.1                                   2.6082355 2.2599663 1.6700828 2.3289186 2.2212421 1.4500818 1.8849905 1.0402568 1.8355843 1.4568936 1.7945134 1.7970351 0.0000000 0.7454738 2.2841093 2.5917313 2.5605209 2.3017734 2.4961493 2.1617429 2.3602985 2.1058035 2.6392901 2.3976647 2.3762391 2.8453638 2.9231639 2.0480524 2.9010850 2.6076722 2.6616906 2.6842747 2.8098847 2.8739049 3.5046042 2.5196831 2.9155771 2.7290831 3.2414851 3.1259130 3.2329313 4.2005282 4.1138945 3.9321923 4.1945702 3.8991836 4.0871492 4.3838708 4.3382181 4.0965547 4.4063733 3.8531436 1.8766090 
Xesp_009427-T1                                        2.2708057 2.3638780 1.8669745 2.5011847 2.3730731 1.5590393 2.1102673 1.1748983 2.0476024 1.2441582 1.6854619 1.8515941 0.7454738 0.0000000 2.7975711 2.8976933 2.9859946 2.8329654 2.5500622 2.4555420 2.8331194 2.1829454 2.5960491 2.2636043 2.7079969 3.0061090 2.9405246 2.6819224 3.2795861 3.0352043 3.0556559 3.0516136 3.1188332 3.1252947 3.5457824 2.9239118 3.1535958 2.9554110 3.1473573 3.4675463 3.2400451 4.1037346 3.7785650 3.8624315 4.2306121 3.8071481 3.9199528 4.2359072 3.9229315 3.9381569 4.0240651 2.9331893 1.9311596 
Emue_Em0032g28a.t1                                    3.7225235 4.1142374 2.0573881 2.4219998 2.4474833 2.0201568 2.0372869 1.6001289 2.6048197 2.6995486 3.9343867 3.3753548 2.2841093 2.7975711 0.0000000 0.6935155 2.1905808 2.1369285 1.6372036 1.2476725 2.9317162 3.2895449 3.0097067 2.2776661 3.0538237 2.5863804 3.2541810 2.8500979 3.4223081 2.5667949 2.4558543 2.2906460 2.3769037 2.8183683 2.8178461 2.7379961 5.0810936 4.8651543 6.0172343 4.4530350 2.7891146 4.6143240 4.3664796 4.9735791 5.2947760 5.8194162 5.9240864 4.8987337 4.4240493 4.4332936 5.3550763 3.1216376 1.8953773 
Spolac_c88217_g1_i1_m.4858c88217-g1                   3.1143232 2.8497264 2.0013931 2.2121283 2.2812009 2.1119085 2.9593855 3.2885820 4.1959317 3.6451207 3.1593886 3.0756394 2.5917313 2.8976933 0.6935155 0.0000000 1.6686096 1.7859647 1.7791889 1.4840073 2.1259185 2.4844828 2.4420655 2.6782593 2.9238856 3.2366759 3.2415647 2.5566291 3.4338692 2.9214984 2.9327753 2.7553385 2.8161812 3.8827511 3.4752000 3.0695859 4.0306564 3.9232044 4.0878827 4.1511882 3.5342545 5.8572047 5.5882827 4.6710078 5.1480551 5.4703543 5.5802844 5.4913585 5.5558652 5.5875357 5.6790597 5.1480105 2.7774791 
Aque_Aqu2.1.37562_001                                 2.9050148 2.8201521 1.9884956 2.1564330 2.3747683 2.8259922 3.0161834 2.8397032 3.5968063 3.6831916 2.9751149 2.7593242 2.5605209 2.9859946 2.1905808 1.6686096 0.0000000 0.8518211 2.0899221 2.1475466 2.7705333 2.1146519 2.5344695 2.9634814 2.9717014 3.5055702 3.4429376 2.8522491 3.3845160 2.4335849 2.4279361 2.4667624 2.4836052 3.8453933 3.8849977 3.3917682 4.0918854 3.9325599 3.9677598 4.4766378 3.7382547 4.5635267 4.5075457 4.3441188 4.2784963 4.1388781 4.1880753 5.0571055 5.0127107 5.0237100 4.9443621 4.2974175 2.4753379 
Halamb_c22788_g1_i1m.4110                             2.9272422 2.5338075 2.0082348 2.3995098 2.4348782 2.6944576 2.6994698 2.3781752 3.2014976 2.8980154 3.0504643 3.0263966 2.3017734 2.8329654 2.1369285 1.7859647 0.8518211 0.0000000 2.0295548 2.0110135 2.5236453 2.3610868 2.5500830 3.1341312 2.6721748 3.1472127 3.3591279 2.7538744 3.0034163 2.5453376 2.5281235 2.4412909 2.5467476 3.4433958 2.9587330 3.0144399 3.7954851 3.6271975 3.7316990 3.9927297 3.4529694 4.4771583 4.5146255 4.4612572 4.1808161 4.3685373 4.2146817 5.2165811 4.7415029 4.5852963 4.3468619 3.7783332 2.5545388 
Tetwil_g19224.t1                                      3.0685080 2.5022678 2.0969521 2.4464996 2.1793516 1.9539141 2.4067682 1.8859385 2.8730469 2.8549865 2.5445432 2.5231916 2.4961493 2.5500622 1.6372036 1.7791889 2.0899221 2.0295548 0.0000000 1.2787564 2.5304251 3.0725771 2.7684294 2.5275951 2.9610559 3.4538880 3.0104732 2.9596521 3.4359663 2.7980570 2.7471240 2.6732184 2.8655047 3.1227131 3.6313194 2.8117743 3.6010133 3.7867532 3.8063042 3.7672198 3.2171188 4.4109061 4.6084819 4.8084939 4.0203958 5.1511631 5.4068175 5.7121373 4.8028269 4.5210886 4.8567162 4.3861066 3.1804894 
Stycar_maker-SC_scaffold4287-augustus-gene-0.2-mRNA-1 2.4344636 2.2259136 2.4544728 2.3892815 2.0598895 2.0622270 1.7098669 1.9983345 2.3343701 2.8641476 2.0931125 1.9494324 2.1617429 2.4555420 1.2476725 1.4840073 2.1475466 2.0110135 1.2787564 0.0000000 1.9566235 2.1289716 3.0986135 2.4513905 3.0087231 3.0671675 2.8877424 2.2030832 3.4648141 2.7366491 2.9647673 2.8949377 2.9398563 2.6251451 2.7600965 2.2225889 3.6084741 3.9531350 3.8087040 4.2247040 2.5358724 4.4216336 4.4185349 4.4820120 4.5203485 4.4139292 4.4740917 4.7719371 3.8801806 3.9729753 3.9597949 3.7568085 2.6046288 
Plespi_Pspi_C602324_01                                2.8483341 3.1447081 2.8287843 2.4106212 2.5015646 2.2823915 2.5612496 2.1417681 2.9706741 2.2064577 2.1609095 2.1267280 2.3602985 2.8331194 2.9317162 2.1259185 2.7705333 2.5236453 2.5304251 1.9566235 0.0000000 2.3279941 2.6795221 3.1520479 3.0509822 3.0902337 3.1090621 2.5149118 4.1705791 2.7370027 2.8363275 2.6837353 2.7933964 3.3603554 4.0044823 3.1672751 4.2116055 4.2753124 4.4789841 4.4426001 3.8697935 6.2307692 5.1101737 4.9591619 5.3898791 5.2197296 5.6484446 5.4880327 5.4240683 5.2541176 5.6937532 4.4955822 2.7476806 
Cscu_XM_023388128.1                                   2.9711353 2.4183805 2.0406085 2.1501271 1.8375743 2.3256500 2.6352510 1.8791482 2.7941076 2.2813625 2.1145869 2.2780225 2.1058035 2.1829454 3.2895449 2.4844828 2.1146519 2.3610868 3.0725771 2.1289716 2.3279941 0.0000000 2.2742164 2.0462248 2.4165374 2.9478369 2.9211925 2.3090841 2.9721831 3.1383193 3.1524377 3.0311038 3.0929864 3.2277510 3.1838735 2.4593104 3.2034075 3.4156779 3.6298112 3.3326859 4.1186507 5.0651943 4.5023621 4.3272141 4.0816781 3.9320811 4.1327170 4.2580290 4.2499780 4.3574249 4.5878866 2.9821325 2.4412056 
Bralan_BLAG12000710_1                                 3.2904574 2.0512124 2.4938248 2.3124598 2.2258570 2.1777470 2.7197728 2.6312236 3.3038785 2.8491414 2.3498157 2.3781112 2.6392901 2.5960491 3.0097067 2.4420655 2.5344695 2.5500830 2.7684294 3.0986135 2.6795221 2.2742164 0.0000000 2.3546979 2.3636429 3.3624361 3.3025869 2.8599267 3.7347409 3.2309731 3.3312099 3.3307027 3.4779839 4.0079412 3.7605387 2.2207883 3.0651903 3.6509536 3.9141482 3.6900327 3.3353481 4.6817952 4.2191882 3.6673565 4.5166442 4.6449409 4.4962651 4.3502506 4.3295509 4.1962921 5.0530339 4.8484806 2.4782834 
Tcas_TC000667_001                                     2.6623142 2.5608206 1.8049076 2.3151328 2.1155526 2.0282613 2.7551725 2.5943754 3.4983413 3.2409557 2.6200403 2.5757599 2.3976647 2.2636043 2.2776661 2.6782593 2.9634814 3.1341312 2.5275951 2.4513905 3.1520479 2.0462248 2.3546979 0.0000000 1.5315136 3.5097603 2.9994689 2.9874364 4.8568732 2.6856643 2.6997330 2.7298584 2.7904304 2.9524680 3.5850517 3.1464019 4.1463402 4.0648803 4.0960332 3.9625370 4.0146267 3.9902539 3.6975866 3.7783539 4.2902554 4.2140433 4.2702770 4.0634147 4.2323807 4.2144507 3.6810764 3.5630145 2.5894209 
Dpul_mRNA11767                                        2.9080530 2.5700533 1.8878985 2.6087386 2.5465597 2.3620454 3.0562145 3.1227723 4.0653611 4.0518439 3.0871482 2.9511949 2.3762391 2.7079969 3.0538237 2.9238856 2.9717014 2.6721748 2.9610559 3.0087231 3.0509822 2.4165374 2.3636429 1.5315136 0.0000000 3.2651015 3.1438837 3.1123834 3.6556049 2.8016333 2.6977832 2.6562962 2.7558461 4.2188151 4.2948001 2.7523156 4.3105354 4.5146548 4.3972029 4.6590635 4.1101225 4.9095657 5.2858282 4.0307618 4.8301126 4.2120792 4.4602126 5.4873506 4.3443552 4.1021791 5.1582594 4.3022739 3.4772045 
Nemnom_g16718.t1                                      3.2412962 2.9784268 2.4020512 3.0856683 2.6794512 2.8824422 3.3227876 2.9586303 3.9850617 3.9243940 2.6778060 2.8981419 2.8453638 3.0061090 2.5863804 3.2366759 3.5055702 3.1472127 3.4538880 3.0671675 3.0902337 2.9478369 3.3624361 3.5097603 3.2651015 0.0000000 0.5496619 2.2236868 1.7161289 3.2875612 3.2916115 3.3155276 3.4091159 3.3631637 3.9133679 3.7130567 2.9691237 3.2528278 3.3566384 3.3002511 2.9525283 4.9031528 4.4532661 4.3242800 4.7349948 3.8636476 3.8061304 4.1313200 4.3085099 4.2673148 4.3720919 3.3128246 2.6990781 
Rhoesc_Res_005439-T1                                  2.8206636 2.7389678 2.9280032 2.8589489 2.6119791 2.5477814 3.1361189 2.5929292 4.0427866 3.3917596 2.6402303 2.6212665 2.9231639 2.9405246 3.2541810 3.2415647 3.4429376 3.3591279 3.0104732 2.8877424 3.1090621 2.9211925 3.3025869 2.9994689 3.1438837 0.5496619 0.0000000 2.4973287 1.6419919 3.2225614 3.2151748 3.1747846 3.2538938 3.5091044 4.2558771 3.4223037 3.7690645 3.6173074 3.9486708 4.0033788 3.3626011 4.6772387 4.0707200 4.6734937 4.9894706 4.5689990 4.3269510 4.3327709 4.2550947 4.2463348 4.3687076 3.4678809 2.6894598 
Morvir_scaffold51.g35.t1                              3.2503459 2.9701437 2.2700040 2.3785591 2.2486973 2.5478361 2.5925349 2.1018290 2.6647128 2.7218386 2.4966524 2.6188177 2.0480524 2.6819224 2.8500979 2.5566291 2.8522491 2.7538744 2.9596521 2.2030832 2.5149118 2.3090841 2.8599267 2.9874364 3.1123834 2.2236868 2.4973287 0.0000000 2.3426535 2.9090146 2.8078893 2.7101699 2.8351365 3.3574488 4.1896089 3.4297051 2.7550014 3.1083717 3.1924184 3.2290902 2.7827865 4.9540651 4.7020440 4.4316146 4.5546088 3.9301214 4.1660112 4.7391723 5.1556414 5.1007293 4.9465577 3.6736778 2.6548086 
Sanmal_Sma_005631-T1                                  3.6515630 3.0908510 2.5461052 3.2600786 2.8344106 2.5937921 4.0345588 4.4571808 7.6571653 8.9999984 3.6145998 3.5079704 2.9010850 3.2795861 3.4223081 3.4338692 3.3845160 3.0034163 3.4359663 3.4648141 4.1705791 2.9721831 3.7347409 4.8568732 3.6556049 1.7161289 1.6419919 2.3426535 0.0000000 3.6797514 3.7181888 3.6435219 3.6238725 4.4126670 6.2111256 4.6510014 3.1367188 2.6165004 3.5954442 4.1031382 3.9844483 5.5368793 4.2604858 4.9155061 5.4170112 4.9013690 4.8516429 5.7938930 4.8073237 4.9050583 5.1445854 4.9164419 3.5349887 
HoiH06_mRNA12709                                      2.8300740 2.7587581 2.1676404 2.5961974 2.3289276 2.0993061 3.1413350 2.7731181 3.1227459 2.6226427 2.9033428 3.0232998 2.6076722 3.0352043 2.5667949 2.9214984 2.4335849 2.5453376 2.7980570 2.7366491 2.7370027 3.1383193 3.2309731 2.6856643 2.8016333 3.2875612 3.2225614 2.9090146 3.6797514 0.0000000 0.0443181 0.1464660 0.1629746 3.8890622 3.5570380 3.1351527 3.1046160 2.9862142 3.2567703 3.7559367 3.6066454 5.8956608 5.1980378 4.7000675 5.2294049 4.7599225 4.8133350 5.0892326 5.1312040 5.1031531 4.9641591 3.8604482 3.3566115 
HoiH23_PlH23_007114-RA                                2.7969862 2.8399497 2.1115900 2.5581158 2.3176210 2.1416489 3.0038220 2.8441849 3.0972969 2.6069792 2.9101635 3.0542432 2.6616906 3.0556559 2.4558543 2.9327753 2.4279361 2.5281235 2.7471240 2.9647673 2.8363275 3.1524377 3.3312099 2.6997330 2.6977832 3.2916115 3.2151748 2.8078893 3.7181888 0.0443181 0.0000000 0.1182971 0.1346076 3.8492735 3.5046417 3.1945728 3.0969840 2.8870057 3.2565415 3.6687226 3.5231760 5.8831008 5.0936574 4.5294629 5.1455946 4.6445313 4.6816564 5.0241278 4.9592070 4.9311759 4.8650121 3.7904791 3.3533441 
Hhon_g09591.t1                                        2.8190894 2.8620217 2.3258829 2.6777562 2.2527675 2.1454723 3.0193655 2.9166060 3.1316831 2.8577127 2.9945736 3.2527683 2.6842747 3.0516136 2.2906460 2.7553385 2.4667624 2.4412909 2.6732184 2.8949377 2.6837353 3.0311038 3.3307027 2.7298584 2.6562962 3.3155276 3.1747846 2.7101699 3.6435219 0.1464660 0.1182971 0.0000000 0.0147430 3.8522263 3.6728566 3.2223820 2.9938414 2.8022225 3.0635711 3.5223768 3.6550705 5.9098923 5.1691433 4.5530864 4.9746057 4.8255633 4.8305594 5.0226192 5.0265486 4.9946100 4.6574775 4.0861501 3.4857838 
HoiH04_mRNA4886                                       2.8642484 2.8874689 2.3596964 2.7315425 2.2886960 2.1924392 3.0974514 2.9210166 3.1873812 2.8379467 3.0935749 3.3281471 2.8098847 3.1188332 2.3769037 2.8161812 2.4836052 2.5467476 2.8655047 2.9398563 2.7933964 3.0929864 3.4779839 2.7904304 2.7558461 3.4091159 3.2538938 2.8351365 3.6238725 0.1629746 0.1346076 0.0147430 0.0000000 3.7940765 3.8876857 3.2450731 3.2127343 2.9754647 3.2466660 3.7934910 3.7224245 5.7999563 5.2790769 4.5973632 5.1137823 4.9113824 4.9162936 4.9450649 4.8775732 4.8466304 4.6561969 4.1645532 3.4708571 
Opea_EP00118_Oscarella_pearsei_P012942                3.6000414 3.9475322 2.8810535 2.8742906 3.1011341 2.9727351 2.9894255 1.8982475 3.0831222 2.0787421 3.0594083 2.8545760 2.8739049 3.1252947 2.8183683 3.8827511 3.8453933 3.4433958 3.1227131 2.6251451 3.3603554 3.2277510 4.0079412 2.9524680 4.2188151 3.3631637 3.5091044 3.3574488 4.4126670 3.8890622 3.8492735 3.8522263 3.7940765 0.0000000 1.9852137 3.8251237 4.6475681 4.5828008 4.7067573 5.2003667 4.7533457 5.5081701 4.9681004 5.2950138 5.6514028 5.6199928 5.6915712 5.0267862 6.9217877 6.7656646 5.5185035 3.4970286 2.9141412 
Plajan_Pjan_C547853_01                                3.6870783 3.4668751 3.2045173 3.0564858 3.0050544 3.3985036 3.0719440 2.5367760 3.6195928 2.3162831 3.7415792 3.6734573 3.5046042 3.5457824 2.8178461 3.4752000 3.8849977 2.9587330 3.6313194 2.7600965 4.0044823 3.1838735 3.7605387 3.5850517 4.2948001 3.9133679 4.2558771 4.1896089 6.2111256 3.5570380 3.5046417 3.6728566 3.8876857 1.9852137 0.0000000 2.7383777 5.2632735 5.5833939 5.2290480 5.7779414 4.7265640 8.9022497 7.4986363 8.1600857 6.8911890 7.1676956 7.1356832 6.8891417 7.6162742 7.2435608 6.6564183 3.9909900 2.6343221 
Skow_XM_006826025.1                                   2.7783451 1.9679637 3.4129139 2.7864867 2.6194711 2.6014850 2.2863602 2.3069140 2.8467011 2.5881855 2.8463490 2.8061177 2.5196831 2.9239118 2.7379961 3.0695859 3.3917682 3.0144399 2.8117743 2.2225889 3.1672751 2.4593104 2.2207883 3.1464019 2.7523156 3.7130567 3.4223037 3.4297051 4.6510014 3.1351527 3.1945728 3.2223820 3.2450731 3.8251237 2.7383777 0.0000000 3.0440500 3.1907433 3.8186880 3.7533431 3.6957349 5.9668918 5.1494650 5.7347554 6.1575859 6.1815419 6.1473302 6.9505673 6.5869284 6.7039235 5.7571720 4.7264675 2.5807014 
Scil_scict016132.3                                    3.9693956 3.1019023 2.6188236 3.0972055 3.0513248 2.7768396 3.0690362 3.0841657 4.0838119 4.0351201 3.1514271 3.3059946 2.9155771 3.1535958 5.0810936 4.0306564 4.0918854 3.7954851 3.6010133 3.6084741 4.2116055 3.2034075 3.0651903 4.1463402 4.3105354 2.9691237 3.7690645 2.7550014 3.1367188 3.1046160 3.0969840 2.9938414 3.2127343 4.6475681 5.2632735 3.0440500 0.0000000 0.5234389 0.5391912 0.7815472 2.5971060 4.4256240 4.8609926 4.3283902 4.0327861 3.9231163 3.8206058 4.7563079 4.8625674 4.7537584 4.3991357 3.5552760 4.9600981 
Gracom_Gcom_scaffold17251_01                          3.4085385 3.1464566 3.1263337 3.5420391 3.3571639 2.7140004 3.0291839 3.1792075 3.7292700 3.7719473 2.9421637 2.9824795 2.7290831 2.9554110 4.8651543 3.9232044 3.9325599 3.6271975 3.7867532 3.9531350 4.2753124 3.4156779 3.6509536 4.0648803 4.5146548 3.2528278 3.6173074 3.1083717 2.6165004 2.9862142 2.8870057 2.8022225 2.9754647 4.5828008 5.5833939 3.1907433 0.5234389 0.0000000 0.5409046 0.7285577 2.4182022 4.7383045 4.6081135 4.4212009 3.9965216 4.2845042 4.0132170 4.6788396 4.8365834 4.8431482 4.3032354 3.4065126 3.7454500 
Leuniv_Lniv_scaffold13101_01                          3.7622824 3.3683925 3.0301024 3.4827593 3.7993809 3.2281794 3.3929048 3.2029506 3.6093702 4.2735483 3.0894127 3.1570131 3.2414851 3.1473573 6.0172343 4.0878827 3.9677598 3.7316990 3.8063042 3.8087040 4.4789841 3.6298112 3.9141482 4.0960332 4.3972029 3.3566384 3.9486708 3.1924184 3.5954442 3.2567703 3.2565415 3.0635711 3.2466660 4.7067573 5.2290480 3.8186880 0.5391912 0.5409046 0.0000000 0.6569213 2.6277119 4.0361167 4.2257591 3.9314943 4.1872799 3.9529774 3.8220898 4.4721755 4.0863504 3.9541377 4.1494339 3.4164468 5.2269559 
Lcom_lcpid76776                                       3.5071771 3.4174066 2.8130561 2.9438282 3.3230470 3.5908501 3.7669738 3.2935569 3.4905479 4.5318567 3.2509013 3.2395815 3.1259130 3.4675463 4.4530350 4.1511882 4.4766378 3.9927297 3.7672198 4.2247040 4.4426001 3.3326859 3.6900327 3.9625370 4.6590635 3.3002511 4.0033788 3.2290902 4.1031382 3.7559367 3.6687226 3.5223768 3.7934910 5.2003667 5.7779414 3.7533431 0.7815472 0.7285577 0.6569213 0.0000000 2.7758164 4.7241307 4.1652526 4.1919937 4.0624355 3.9239574 3.7029672 4.3893691 4.2078040 4.0306211 4.1234777 3.1184441 4.3692258 
Clacor_Ccor_scaffold14803_01                          4.7454087 3.0396462 3.0254539 3.9981142 3.5160300 3.3332846 2.6015972 2.6745157 3.5603768 2.9692123 3.2062800 3.5397764 3.2329313 3.2400451 2.7891146 3.5342545 3.7382547 3.4529694 3.2171188 2.5358724 3.8697935 4.1186507 3.3353481 4.0146267 4.1101225 2.9525283 3.3626011 2.7827865 3.9844483 3.6066454 3.5231760 3.6550705 3.7224245 4.7533457 4.7265640 3.6957349 2.5971060 2.4182022 2.6277119 2.7758164 0.0000000 4.7404388 4.3755878 4.8643618 4.9724615 4.6160784 4.5678459 4.3901937 5.4124771 5.6235236 5.1112745 3.7511395 2.8006460 
Mlei_ML0639.g7.i1                                     5.5264385 5.0272865 3.8742937 5.2042111 4.5162324 4.4831209 5.0008613 3.2497806 4.7101616 4.6350394 4.0883725 4.5853179 4.2005282 4.1037346 4.6143240 5.8572047 4.5635267 4.4771583 4.4109061 4.4216336 6.2307692 5.0651943 4.6817952 3.9902539 4.9095657 4.9031528 4.6772387 4.9540651 5.5368793 5.8956608 5.8831008 5.9098923 5.7999563 5.5081701 8.9022497 5.9668918 4.4256240 4.7383045 4.0361167 4.7241307 4.7404388 0.0000000 0.4894198 0.8701091 0.9671305 0.9665281 0.9517680 1.1387599 0.9980292 0.9907243 0.9641406 1.2924524 4.7599674 
Bolinf_Binf_sb1240600                                 6.0149141 4.9048335 4.2658161 4.6567724 4.3568967 4.1696784 4.2733168 3.5117305 4.6188684 4.4540170 3.6561126 3.9232555 4.1138945 3.7785650 4.3664796 5.5882827 4.5075457 4.5146255 4.6084819 4.4185349 5.1101737 4.5023621 4.2191882 3.6975866 5.2858282 4.4532661 4.0707200 4.7020440 4.2604858 5.1980378 5.0936574 5.1691433 5.2790769 4.9681004 7.4986363 5.1494650 4.8609926 4.6081135 4.2257591 4.1652526 4.3755878 0.4894198 0.0000000 0.7557327 1.0045187 1.0034975 1.0118932 0.9982257 1.0614862 1.0450277 1.0314144 1.3398324 3.9532376 
Lampan_Lpan_C415397_01                                5.8449399 4.4591853 3.6739896 4.6494010 4.1614934 4.3520358 4.0786650 3.2769017 4.3777366 4.6700592 4.0557593 3.9989635 3.9321923 3.8624315 4.9735791 4.6710078 4.3441188 4.4612572 4.8084939 4.4820120 4.9591619 4.3272141 3.6673565 3.7783539 4.0307618 4.3242800 4.6734937 4.4316146 4.9155061 4.7000675 4.5294629 4.5530864 4.5973632 5.2950138 8.1600857 5.7347554 4.3283902 4.4212009 3.9314943 4.1919937 4.8643618 0.8701091 0.7557327 0.0000000 0.8766251 0.7683642 0.8029120 1.0170921 0.9498931 0.9395421 0.8831148 1.0654984 4.0191288 
Vmul_SimC394628                                       5.9229153 5.1249306 4.1278691 5.4199957 4.4036867 4.1681698 3.8672502 3.3248021 4.5046393 4.3480077 4.3668048 4.6129580 4.1945702 4.2306121 5.2947760 5.1480551 4.2784963 4.1808161 4.0203958 4.5203485 5.3898791 4.0816781 4.5166442 4.2902554 4.8301126 4.7349948 4.9894706 4.5546088 5.4170112 5.2294049 5.1455946 4.9746057 5.1137823 5.6514028 6.8911890 6.1575859 4.0327861 3.9965216 4.1872799 4.0624355 4.9724615 0.9671305 1.0045187 0.8766251 0.0000000 0.7527911 0.7487699 1.1448842 1.1758093 1.1600632 1.2149375 1.0234999 4.7723233 
Coeast_Cast_sb778485                                  5.8665576 4.7334649 3.9852453 4.7952464 4.4186782 4.6413486 4.6603126 3.3489974 4.1139361 5.4019452 4.3902888 4.5464495 3.8991836 3.8071481 5.8194162 5.4703543 4.1388781 4.3685373 5.1511631 4.4139292 5.2197296 3.9320811 4.6449409 4.2140433 4.2120792 3.8636476 4.5689990 3.9301214 4.9013690 4.7599225 4.6445313 4.8255633 4.9113824 5.6199928 7.1676956 6.1815419 3.9231163 4.2845042 3.9529774 3.9239574 4.6160784 0.9665281 1.0034975 0.7683642 0.7527911 0.0000000 0.0841985 1.1744990 1.0607237 1.0762875 1.0090796 0.8723436 4.7033376 
Coemet_Cmet_C595579_01                                5.8256053 4.6207640 3.8636708 4.8004294 4.4158184 4.5474210 4.7630621 3.3163844 4.2225430 5.2710908 4.5958638 4.7541806 4.0871492 3.9199528 5.9240864 5.5802844 4.1880753 4.2146817 5.4068175 4.4740917 5.6484446 4.1327170 4.4962651 4.2702770 4.4602126 3.8061304 4.3269510 4.1660112 4.8516429 4.8133350 4.6816564 4.8305594 4.9162936 5.6915712 7.1356832 6.1473302 3.8206058 4.0132170 3.8220898 3.7029672 4.5678459 0.9517680 1.0118932 0.8029120 0.7487699 0.0841985 0.0000000 1.1315972 1.0726158 1.0729101 1.0035162 0.9439018 4.8581239 
Drygla_Dgla_sb291535                                  5.9432131 5.3995314 4.7611118 4.7864195 4.3883452 4.8588706 5.6081203 3.7658934 4.9679759 5.2705920 4.6356771 4.8292322 4.3838708 4.2359072 4.8987337 5.4913585 5.0571055 5.2165811 5.7121373 4.7719371 5.4880327 4.2580290 4.3502506 4.0634147 5.4873506 4.1313200 4.3327709 4.7391723 5.7938930 5.0892326 5.0241278 5.0226192 4.9450649 5.0267862 6.8891417 6.9505673 4.7563079 4.6788396 4.4721755 4.3893691 4.3901937 1.1387599 0.9982257 1.0170921 1.1448842 1.1744990 1.1315972 0.0000000 1.1675098 1.1046509 1.0758333 0.9907084 5.1873205 
Pbac_sb2665012                                        5.8468657 4.4882341 4.4206185 4.6548829 4.0444696 4.4134431 5.0836065 3.5187341 4.8431802 5.1216053 4.2253993 4.3357189 4.3382181 3.9229315 4.4240493 5.5558652 5.0127107 4.7415029 4.8028269 3.8801806 5.4240683 4.2499780 4.3295509 4.2323807 4.3443552 4.3085099 4.2550947 5.1556414 4.8073237 5.1312040 4.9592070 5.0265486 4.8775732 6.9217877 7.6162742 6.5869284 4.8625674 4.8365834 4.0863504 4.2078040 5.4124771 0.9980292 1.0614862 0.9498931 1.1758093 1.0607237 1.0726158 1.1675098 0.0000000 0.0680744 1.0139427 1.2363180 4.2678015 
Horcal_Hcv1.av93.c8.g413.i1                           5.9609976 4.4441403 4.1435281 4.7282895 3.9732192 4.4192773 5.0362895 3.4790745 4.7026376 5.1833054 4.1833400 4.2845545 4.0965547 3.9381569 4.4332936 5.5875357 5.0237100 4.5852963 4.5210886 3.9729753 5.2541176 4.3574249 4.1962921 4.2144507 4.1021791 4.2673148 4.2463348 5.1007293 4.9050583 5.1031531 4.9311759 4.9946100 4.8466304 6.7656646 7.2435608 6.7039235 4.7537584 4.8431482 3.9541377 4.0306211 5.6235236 0.9907243 1.0450277 0.9395421 1.1600632 1.0762875 1.0729101 1.1046509 0.0680744 0.0000000 1.0573733 1.2058417 4.1418296 
Beraby_Baby_sb329072                                  5.7998815 4.8609049 3.9620925 4.7444160 3.9850589 4.3470914 4.8363607 3.5699119 4.3448893 5.1734105 4.8053790 4.5483169 4.4063733 4.0240651 5.3550763 5.6790597 4.9443621 4.3468619 4.8567162 3.9597949 5.6937532 4.5878866 5.0530339 3.6810764 5.1582594 4.3720919 4.3687076 4.9465577 5.1445854 4.9641591 4.8650121 4.6574775 4.6561969 5.5185035 6.6564183 5.7571720 4.3991357 4.3032354 4.1494339 4.1234777 5.1112745 0.9641406 1.0314144 0.8831148 1.2149375 1.0090796 1.0035162 1.0758333 1.0139427 1.0573733 0.0000000 1.0026219 3.9884530 
Eupdun_Edun_sb10600539                                4.0935944 3.2817786 2.5889487 3.6000949 3.6199198 4.4003494 3.4846002 3.6464051 4.0935413 4.4853622 4.0781488 3.7193123 3.8531436 2.9331893 3.1216376 5.1480105 4.2974175 3.7783332 4.3861066 3.7568085 4.4955822 2.9821325 4.8484806 3.5630145 4.3022739 3.3128246 3.4678809 3.6736778 4.9164419 3.8604482 3.7904791 4.0861501 4.1645532 3.4970286 3.9909900 4.7264675 3.5552760 3.4065126 3.4164468 3.1184441 3.7511395 1.2924524 1.3398324 1.0654984 1.0234999 0.8723436 0.9439018 0.9907084 1.2363180 1.2058417 1.0026219 0.0000000 4.6098639 
Gasp_gasp1.m1b.2687.m1                                3.0396807 3.0338221 2.5339210 3.2088892 2.1705791 1.9485032 1.6248464 1.4033392 2.1305272 1.2366113 1.2545447 1.1487238 1.8766090 1.9311596 1.8953773 2.7774791 2.4753379 2.5545388 3.1804894 2.6046288 2.7476806 2.4412056 2.4782834 2.5894209 3.4772045 2.6990781 2.6894598 2.6548086 3.5349887 3.3566115 3.3533441 3.4857838 3.4708571 2.9141412 2.6343221 2.5807014 4.9600981 3.7454500 5.2269559 4.3692258 2.8006460 4.7599674 3.9532376 4.0191288 4.7723233 4.7033376 4.8581239 5.1873205 4.2678015 4.1418296 3.9884530 4.6098639 0.0000000 
