61
Hsap_ENST00000231420                                  0.0000000 0.8194916 0.9468566 1.0229231 0.9218178 0.7636308 0.7936518 0.8838854 0.7946633 0.8178100 0.8723199 0.8723199 1.0338935 1.0267814 0.8506930 0.8890035 0.9792522 0.9780082 0.9172166 0.9457658 1.0980900 1.1544158 1.2884416 0.9763730 1.0177374 1.0035557 0.9667852 1.0451254 0.9132527 1.4045339 1.1582290 1.0493443 1.0398801 1.1402231 1.0219782 1.4729276 1.1680784 1.0336644 1.0517946 1.0445661 1.1177143 1.0616205 1.2105646 1.0255608 0.9934248 1.1099669 1.0389463 1.2426470 1.3666705 1.6364459 1.5293869 1.2805089 1.5623039 1.5621126 1.7719756 1.6594723 1.5654481 1.6454445 1.6605723 1.8171095 2.0452601 
Bralan_BLAG07001329_1                                 0.8194916 0.0000000 0.7917274 0.8283725 0.6918502 0.6283882 0.6185203 0.6866681 0.6256109 0.6154436 0.6592741 0.6592741 0.7614946 0.7273476 0.8302532 0.6802350 0.6610742 0.6287510 0.5882530 0.6621935 0.8467784 0.7751327 0.8819235 0.6745007 0.6280174 0.6674194 0.6144611 1.0816744 0.7087568 1.0541521 0.8382949 0.8830553 0.8796410 0.8741329 0.8187884 1.1709011 0.9874395 0.8577975 0.8766486 0.8558936 0.8395396 0.9435846 0.9639362 0.9004504 0.7741835 0.9499859 0.8183040 0.9768226 1.2118143 1.7347129 1.5859090 1.5408507 1.6336474 1.5817006 1.6353958 1.6209508 1.5579887 1.6268978 1.6417112 1.6567846 2.0563819 
Aque_Aqu2.1.38431_001                                 0.9468566 0.7917274 0.0000000 0.3994217 0.6769139 0.5220555 0.8336206 0.8336206 0.8062478 0.8337712 0.7907703 0.7907703 0.7742521 0.7502557 0.8109110 0.8815149 0.8429272 0.7951795 0.8561316 0.8626345 0.8370612 1.0406952 0.9860438 0.8078529 0.8348676 0.8204039 0.7676479 1.0605882 0.8195900 0.9625093 0.9955659 0.9866501 0.9937336 0.9093013 1.0875560 1.7242810 1.0811939 0.9196764 0.9276768 0.9237076 1.0520473 0.9425238 0.9632734 0.8611042 0.4811676 1.1674617 0.2500554 0.9504516 1.0771938 1.8660987 1.7909549 1.5792287 1.6458315 1.7530316 1.9067311 1.9504602 1.8745784 1.6907789 1.7127097 1.8255269 2.5974831 
Halamb_c52606_g1_i1m.33508                            1.0229231 0.8283725 0.3994217 0.0000000 0.6961782 0.5536837 0.8659144 0.9562440 0.8783671 0.8789411 0.9468582 0.9468582 0.8520495 0.8309201 0.8686409 0.9185047 0.9106826 0.8687158 0.8388591 1.0541207 0.9685870 0.9271281 1.0407040 0.8651769 0.8969756 0.8664609 0.8441952 1.1189306 0.8211937 1.2755623 1.0915783 1.0236678 1.0240576 1.0460640 0.9213946 1.5423840 1.2188528 1.0366941 1.0132965 1.0484245 1.1034274 1.0472659 1.0991003 0.9873066 0.8060479 1.1711819 0.4987843 1.2708362 1.3618800 1.7964844 1.5196624 1.3649513 1.5671829 1.6251277 1.6824783 1.7473559 1.6512796 1.7150828 1.7026526 1.5518682 2.2124982 
Tetwil_g12852.t1                                      0.9218178 0.6918502 0.6769139 0.6961782 0.0000000 0.4381325 0.6840678 0.7568555 0.7090525 0.7245125 0.7768387 0.7768387 0.6506790 0.5839655 0.6584583 0.7840695 0.7455611 0.6767029 0.7236055 0.8701032 0.9600930 0.9168908 1.0530554 0.8965542 0.8682685 0.8445605 0.8078643 1.1662584 0.7330115 1.1354406 1.0348445 1.0560167 1.0024764 0.9567464 0.7790088 1.3172492 1.0255783 0.8791886 0.8965867 0.8811618 0.9854713 1.1042374 1.0457983 0.8733198 0.8160514 1.0265440 0.7870532 1.1843800 1.2876136 1.5782319 1.3715188 1.3476770 1.5243308 1.4840605 1.5763587 1.4823284 1.3933943 1.5224015 1.5338597 1.4787618 1.9393180 
Stycar_maker-SC_scaffold45725-snap-gene-0.6-mRNA-1    0.7636308 0.6283882 0.5220555 0.5536837 0.4381325 0.0000000 0.6389178 0.6389178 0.5493029 0.5850441 0.5445565 0.5445565 0.6540658 0.5783071 0.5870770 0.7496157 0.6204890 0.6402517 0.7620714 0.7080776 0.8807849 0.6455948 0.7244118 0.6738783 0.6843473 0.6738352 0.6317977 1.0543106 0.6506747 0.9535978 0.8685253 0.9883862 0.9119393 0.9379134 0.7906633 2.0275548 1.0240550 0.8056727 0.7961791 0.7648770 1.0234579 0.9418741 0.9418741 0.8173828 0.7595628 1.0034507 0.4340847 0.8599410 1.1353281 1.3010651 1.2347702 1.2033924 1.2756161 1.3158327 1.3416976 1.3913887 1.3726260 1.3077958 1.3172411 1.3057551 1.8518825 
Tadh_TriadT63204                                      0.7936518 0.6185203 0.8336206 0.8659144 0.6840678 0.6389178 0.0000000 0.0000010 0.1202512 0.1207285 0.1051141 0.1051141 0.8037014 0.7472959 0.7235691 0.7547892 0.6313160 0.6733009 0.7504783 0.7816339 0.7362160 0.8436287 0.9481712 0.6759730 0.7228265 0.6668727 0.6387837 1.1100145 0.6934124 1.0108899 0.7844955 0.8022068 0.7812995 0.7207341 0.7510136 1.1714618 0.8495912 0.8021832 0.7758573 0.7781960 0.9107159 0.9079068 0.8607563 0.8738601 0.6572461 0.9723398 0.8037513 0.9573573 1.2128014 1.5826707 1.4451079 1.2925433 1.4417703 1.5125283 1.5313243 1.4957283 1.4209264 1.7838844 1.7946775 1.8870482 2.1594193 
TrH2_TrispH2_005629-RA                                0.8838854 0.6866681 0.8336206 0.9562440 0.7568555 0.6389178 0.0000010 0.0000000 0.1202512 0.1207285 0.1289794 0.1289794 0.8897439 0.8554662 0.7235691 0.7547892 0.6915875 0.7184932 0.7504783 0.8443912 0.8033823 0.8651293 0.9481712 0.7686344 0.7227998 0.7329588 0.7229965 1.1100145 0.6934124 1.1290833 0.8848681 0.8989735 0.8775391 0.8025818 0.7510136 1.2525417 0.9300440 0.8581466 0.8406130 0.8423637 1.0010819 0.9079068 0.9728813 0.9485886 0.8055622 1.0006749 0.9449613 1.0128876 1.3009413 1.6849813 1.4451079 1.2925433 1.4811053 1.5412430 1.6194374 1.5771665 1.5120084 1.8547639 1.8638609 1.8870482 2.1594193 
HoiH06_mRNA11965                                      0.7946633 0.6256109 0.8062478 0.8783671 0.7090525 0.5493029 0.1202512 0.1202512 0.0000000 0.0284102 0.0618211 0.0618211 0.8349055 0.7468541 0.6352378 0.7111940 0.6529787 0.7138215 0.7642807 0.7383511 0.7410252 0.8080194 0.8884636 0.6517695 0.6750895 0.6419507 0.6377644 0.8785219 0.7028164 0.9394935 0.7318199 0.8119505 0.7755563 0.6960327 0.8060308 1.0654069 0.8183648 0.7458110 0.7300417 0.7420982 0.9157247 0.8199490 0.8087879 0.8687583 0.7747111 1.0209162 0.8152670 0.9524419 1.1687296 1.5155955 1.3795611 1.2523510 1.3906187 1.4769175 1.4879738 1.4512253 1.3678624 1.7469138 1.7564332 1.7244830 2.0729374 
HoiH23_PlH23_000711-RA                                0.8178100 0.6154436 0.8337712 0.8789411 0.7245125 0.5850441 0.1207285 0.1207285 0.0284102 0.0000000 0.0640374 0.0640374 0.8450307 0.7848255 0.6724685 0.7176024 0.6627515 0.7430256 0.8092010 0.7526773 0.7440269 0.8027574 0.8873352 0.6501548 0.6651103 0.6325414 0.6198600 0.9215678 0.7116699 0.9832548 0.7655771 0.8240747 0.8014065 0.7004097 0.7638414 1.0932287 0.8537579 0.7561985 0.7374434 0.7405891 0.9010800 0.8589804 0.8298656 0.8862939 0.7678420 1.0288633 0.8266201 0.9761275 1.1560563 1.5278868 1.3841704 1.2265965 1.4154230 1.4748982 1.5003351 1.4937829 1.4190547 1.7570901 1.7813959 1.7660290 2.1430010 
Hhon_g05304.t1                                        0.8723199 0.6592741 0.7907703 0.9468582 0.7768387 0.5445565 0.1051141 0.1289794 0.0618211 0.0640374 0.0000000 0.0000010 0.9070201 0.8792190 0.6844987 0.7230628 0.7279144 0.7666221 0.7798365 0.8148564 0.7956741 0.8604532 0.9089578 0.7686251 0.6982206 0.7452364 0.7219728 0.8903117 0.7025444 1.1087972 0.8533112 0.9010477 0.8733471 0.7843177 0.7803632 1.1574929 0.9173952 0.8134046 0.8220999 0.7959066 0.9903765 0.8515882 0.9425369 0.9711054 0.8809523 1.0231886 0.9516069 1.0265095 1.2243860 1.6747780 1.4905445 1.3394561 1.5324639 1.5875306 1.6457789 1.6451785 1.5693118 1.8634213 1.8743293 1.8023464 2.1715839 
HoiH04_mRNA9935                                       0.8723199 0.6592741 0.7907703 0.9468582 0.7768387 0.5445565 0.1051141 0.1289794 0.0618211 0.0640374 0.0000010 0.0000000 0.9070201 0.8792190 0.6844987 0.7230628 0.7279144 0.7666221 0.7798365 0.8148564 0.7956741 0.8604532 0.9089578 0.7686251 0.6982206 0.7452364 0.7219728 0.8903117 0.7025444 1.1087972 0.8533112 0.9010477 0.8733471 0.7843177 0.7803632 1.1574929 0.9173952 0.8134046 0.8220999 0.7959066 0.9903765 0.8515882 0.9425369 0.9711054 0.8809523 1.0231886 0.9516069 1.0265095 1.2243860 1.6747780 1.4905445 1.3394561 1.5324639 1.5875306 1.6457789 1.6451785 1.5693118 1.8634213 1.8743293 1.8023464 2.1715839 
Emue_Em0018g237a.t1                                   1.0338935 0.7614946 0.7742521 0.8520495 0.6506790 0.6540658 0.8037014 0.8897439 0.8349055 0.8450307 0.9070201 0.9070201 0.0000000 0.1455888 0.7577020 0.8239533 0.7846204 0.7329353 0.8347600 1.0074758 1.1182268 1.0525127 1.1196514 0.9627670 0.9751757 0.9211199 0.9039755 1.1320727 0.8836945 1.2681472 1.0407048 1.0960100 1.0179861 1.0049930 0.8792662 1.5178196 1.0663691 0.9160164 0.9399802 0.9384473 1.1410544 1.1908000 1.2229064 0.9691843 0.9640331 1.1885244 0.8437568 1.2246896 1.2985475 1.7241856 1.5068854 1.4871391 1.7257835 1.6874612 1.7162371 1.7216221 1.6428593 1.7111847 1.7034183 1.7942938 2.0496879 
Spolac_c100376_g1_i3_m.22270c100376-g1                1.0267814 0.7273476 0.7502557 0.8309201 0.5839655 0.5783071 0.7472959 0.8554662 0.7468541 0.7848255 0.8792190 0.8792190 0.1455888 0.0000000 0.6775314 0.8197021 0.7514615 0.7148575 0.7972782 0.9967535 1.1086653 1.0054968 1.1397247 0.8967218 0.8817545 0.8600785 0.8634508 1.2029337 0.8484140 1.2482788 1.0372642 1.0843526 1.0005834 0.9737272 0.9112900 1.4466182 1.0193805 0.8939464 0.9376514 0.9089977 1.1277289 1.1152436 1.1992070 0.9419388 0.9885575 1.1079189 0.7797170 1.2348974 1.2563849 1.6757396 1.4512782 1.2856382 1.6407037 1.5673298 1.6597404 1.6640328 1.5972178 1.5929556 1.5838389 1.5168681 2.0243245 
Plespi_Pspi_scaffold20379_01                          0.8506930 0.8302532 0.8109110 0.8686409 0.6584583 0.5870770 0.7235691 0.7235691 0.6352378 0.6724685 0.6844987 0.6844987 0.7577020 0.6775314 0.0000000 0.9928881 0.7825335 0.8261540 0.8418460 0.8428380 0.8184169 1.0475841 0.9613961 0.7572721 0.8633612 0.8070450 0.8933567 0.9043063 0.7932700 0.9675928 0.8622431 0.9853406 0.9269683 0.9602105 1.0151839 2.1068831 0.9837991 0.8217263 0.8421219 0.8059654 1.1378786 0.9715262 0.9616098 0.9438780 0.9427918 1.0830309 0.6186431 0.8111376 1.1315950 1.4385902 1.3717782 1.5010694 1.5383676 1.5025660 1.5480939 1.5377277 1.5055269 1.5467431 1.5435935 1.2634055 2.1962129 
Ctel_gnl_WGS_AMQN_CAPTEDRAFT_mRNA204434               0.8890035 0.6802350 0.8815149 0.9185047 0.7840695 0.7496157 0.7547892 0.7547892 0.7111940 0.7176024 0.7230628 0.7230628 0.8239533 0.8197021 0.9928881 0.0000000 0.6062757 0.6784398 0.6801472 0.6586559 0.9152151 0.9646308 1.1042242 0.7947582 0.7947464 0.8214991 0.7930973 1.1701184 0.8344745 1.1794418 0.9018414 0.8115518 0.8217371 0.8188464 0.8537529 1.2423576 0.9102642 0.8549390 0.8443144 0.8711825 1.0414846 0.9180651 0.8296317 0.8309170 0.6024228 0.8971424 0.8349663 1.0994389 1.0687497 1.4542916 1.4905532 1.5266929 1.4974624 1.3819869 1.5468932 1.5201385 1.4306985 1.5067951 1.5194564 1.8340550 2.1354212 
Acagra_model.g29179.t1                                0.9792522 0.6610742 0.8429272 0.9106826 0.7455611 0.6204890 0.6313160 0.6915875 0.6529787 0.6627515 0.7279144 0.7279144 0.7846204 0.7514615 0.7825335 0.6062757 0.0000000 0.6372844 0.6519971 0.7954149 0.9003345 0.9397139 1.0358399 0.8219091 0.7577897 0.7888258 0.7623294 1.0984712 0.8157056 1.2022810 0.9295966 0.9124859 0.8618893 0.8758633 0.6503102 1.3275720 0.9084238 0.8371452 0.8157931 0.8259756 1.0159114 1.0424799 1.0619958 0.9614857 0.7825382 0.8957400 0.8307677 1.1001464 1.2332940 1.6031450 1.5484661 1.4340068 1.5538936 1.5040437 1.6450243 1.6533010 1.6201518 1.6060207 1.6010902 1.6370469 2.2340479 
Cgig_XM_011443494.3                                   0.9780082 0.6287510 0.7951795 0.8687158 0.6767029 0.6402517 0.6733009 0.7184932 0.7138215 0.7430256 0.7666221 0.7666221 0.7329353 0.7148575 0.8261540 0.6784398 0.6372844 0.0000000 0.6862400 0.7996030 0.9269920 0.9113689 0.9762700 0.8120028 0.8048305 0.7830196 0.7663171 1.1647796 0.7515052 1.2001996 0.9423881 0.9764624 0.9408533 0.8906949 0.8234190 1.4013332 0.9837426 0.9050123 0.9793320 0.9659446 1.0314832 1.0244605 1.0261298 0.9014445 0.7358602 0.9778337 0.8427883 1.2312877 1.2770142 1.6706529 1.5065431 1.5753929 1.6276600 1.5085205 1.5304874 1.5895784 1.5518866 1.4792303 1.4849304 1.6615554 2.1227211 
Dpul_mRNA9956                                         0.9172166 0.5882530 0.8561316 0.8388591 0.7236055 0.7620714 0.7504783 0.7504783 0.7642807 0.8092010 0.7798365 0.7798365 0.8347600 0.7972782 0.8418460 0.6801472 0.6519971 0.6862400 0.0000000 0.7685021 0.8439644 0.8407880 0.9609096 0.7304820 0.8077078 0.7482216 0.7197232 1.0040418 0.7169533 1.0231382 0.7475134 0.7041428 0.7473790 0.7928292 0.7889793 1.2473070 0.9849941 0.8938050 0.8823824 0.9307062 1.0055576 1.0588381 0.9544561 0.8630309 0.7603217 0.8390798 0.8458365 1.0461731 1.1283583 1.4882338 1.5611521 1.5113324 1.5061975 1.4288335 1.4999183 1.5647656 1.4964950 1.5844404 1.5925930 1.5870699 2.1135021 
Spur_XM_030975476.1                                   0.9457658 0.6621935 0.8626345 1.0541207 0.8701032 0.7080776 0.7816339 0.8443912 0.7383511 0.7526773 0.8148564 0.8148564 1.0074758 0.9967535 0.8428380 0.6586559 0.7954149 0.7996030 0.7685021 0.0000000 0.9837937 0.9098232 1.0575983 0.8255224 0.7624594 0.8660622 0.7891485 0.7110500 0.7695268 1.2003832 1.0484480 0.9207693 0.9398826 1.0218043 0.9404286 1.4487871 1.0833853 0.9212674 0.9778116 0.9716999 1.1199485 0.9300513 1.0788172 1.0132941 0.9962321 1.0694213 1.1125982 1.1965692 1.0954015 1.6742463 1.5348083 1.4887537 1.5991971 1.5555346 1.7816591 1.6384675 1.5860452 1.5862355 1.6029269 1.5524047 2.1706675 
Exapal_XM_021050094.2                                 1.0980900 0.8467784 0.8370612 0.9685870 0.9600930 0.8807849 0.7362160 0.8033823 0.7410252 0.7440269 0.7956741 0.7956741 1.1182268 1.1086653 0.8184169 0.9152151 0.9003345 0.9269920 0.8439644 0.9837937 0.0000000 0.5403221 0.6361988 0.4710716 0.4116101 0.4755331 0.4693842 0.4624970 0.7089844 1.2262644 1.0170729 0.9982281 0.9668274 1.0265724 0.8323153 1.4133852 1.1386294 0.9253112 0.9925963 0.9687315 1.0223587 0.9109170 1.0654432 0.9898955 1.3694273 1.1832521 0.8883957 1.2547752 1.2942951 1.7210488 1.4495192 1.2802897 1.5980412 1.7068756 1.7790586 1.8370943 1.7022004 1.7575009 1.7757946 1.5775855 2.4457671 
Adig_XM_015912000.1                                   1.1544158 0.7751327 1.0406952 0.9271281 0.9168908 0.6455948 0.8436287 0.8651293 0.8080194 0.8027574 0.8604532 0.8604532 1.0525127 1.0054968 1.0475841 0.9646308 0.9397139 0.9113689 0.8407880 0.9098232 0.5403221 0.0000000 0.1213482 0.2330898 0.3446465 0.3265320 0.3106403 0.7056636 0.7898633 1.1827516 1.0238729 0.9692865 0.9375659 0.9050457 0.9973698 1.6090748 1.1012336 0.9265476 0.9262080 1.0034181 1.1128394 1.1681656 1.0741034 0.9082283 0.8790022 1.2345369 1.0034453 1.4205346 1.4081019 1.7541573 1.5684535 1.4795656 1.6925153 1.8199428 1.6400005 1.6318899 1.5575448 1.8141166 1.8225678 1.4293257 2.5890648 
Amil_Amillepora14115-RA                               1.2884416 0.8819235 0.9860438 1.0407040 1.0530554 0.7244118 0.9481712 0.9481712 0.8884636 0.8873352 0.9089578 0.9089578 1.1196514 1.1397247 0.9613961 1.1042242 1.0358399 0.9762700 0.9609096 1.0575983 0.6361988 0.1213482 0.0000000 0.3494061 0.4783864 0.4324518 0.4127081 0.7056636 0.8428614 1.1129412 1.1411330 1.0806949 1.0528261 1.0363014 1.2691940 1.9766976 1.3487118 1.0775486 1.0927372 1.2141505 1.2867052 1.0559930 1.2429531 1.0125484 1.2383565 1.3559018 1.3460636 1.2813153 1.5756712 1.7654656 1.4465690 1.1909562 1.7683378 1.8822124 1.7326038 1.6619304 1.6090018 1.7704424 1.7842971 1.4685473 2.3557601 
Gfas_gfas1.m1.17425.m1                                0.9763730 0.6745007 0.8078529 0.8651769 0.8965542 0.6738783 0.6759730 0.7686344 0.6517695 0.6501548 0.7686251 0.7686251 0.9627670 0.8967218 0.7572721 0.7947582 0.8219091 0.8120028 0.7304820 0.8255224 0.4710716 0.2330898 0.3494061 0.0000000 0.1664443 0.2064983 0.1702855 0.6995182 0.6675374 1.1811623 1.0315807 0.9456194 0.9112280 0.8992612 0.7971241 1.4168439 1.0287374 0.8336190 0.8679228 0.8983962 0.9739340 0.9185602 1.1090496 0.9617782 1.1433466 1.0869114 0.9274785 1.2495936 1.2909610 1.7661318 1.4933968 1.3087458 1.7505196 1.7385789 1.7710154 1.7319310 1.6756266 1.7540664 1.7814646 1.4675552 2.3735856 
Fspp_ffun1.m4.7459.m1                                 1.0177374 0.6280174 0.8348676 0.8969756 0.8682685 0.6843473 0.7228265 0.7227998 0.6750895 0.6651103 0.6982206 0.6982206 0.9751757 0.8817545 0.8633612 0.7947464 0.7577897 0.8048305 0.8077078 0.7624594 0.4116101 0.3446465 0.4783864 0.1664443 0.0000000 0.1513426 0.1181785 0.8497601 0.6745679 0.8639286 0.9189396 0.9234730 0.8537200 0.8249360 0.8034544 1.3216581 0.8893439 0.8209499 0.8802611 0.8685038 0.9405599 0.9784560 0.9376208 0.8859134 0.8309948 1.0358767 0.6936522 1.2830077 1.1085802 1.6651375 1.4710955 1.2834193 1.5197518 1.6233670 1.6826616 1.7122628 1.6068445 1.6236065 1.6458473 1.5335526 2.4644527 
Spis_XP_022784125_1                                   1.0035557 0.6674194 0.8204039 0.8664609 0.8445605 0.6738352 0.6668727 0.7329588 0.6419507 0.6325414 0.7452364 0.7452364 0.9211199 0.8600785 0.8070450 0.8214991 0.7888258 0.7830196 0.7482216 0.8660622 0.4755331 0.3265320 0.4324518 0.2064983 0.1513426 0.0000000 0.1567481 0.7181488 0.6277835 1.1117249 0.9599885 0.9567561 0.9258946 0.8707551 0.8274672 1.3124163 1.0368306 0.8227840 0.8840161 0.9008093 1.0083670 0.8985522 1.0225195 0.8901365 1.1000812 1.0413556 0.9011825 1.2422306 1.2206369 1.6209979 1.4598024 1.2335877 1.5494294 1.5425163 1.6344298 1.6009015 1.5215034 1.6504917 1.6619845 1.3336204 2.1390544 
Gasp_gasp1.m3.13389.m1                                0.9667852 0.6144611 0.7676479 0.8441952 0.8078643 0.6317977 0.6387837 0.7229965 0.6377644 0.6198600 0.7219728 0.7219728 0.9039755 0.8634508 0.8933567 0.7930973 0.7623294 0.7663171 0.7197232 0.7891485 0.4693842 0.3106403 0.4127081 0.1702855 0.1181785 0.1567481 0.0000000 0.7270121 0.6261855 1.1271807 0.9674936 0.8962786 0.8908201 0.9195734 0.7769199 1.3417868 1.0831601 0.8639730 0.9008799 0.9023160 0.9991054 0.9651747 1.0579262 0.9544431 1.0440589 1.0019486 0.8646978 1.2155784 1.2459332 1.5847165 1.3490447 1.2807060 1.5416871 1.4719661 1.5710104 1.5425602 1.4800660 1.5522272 1.5623251 1.3001725 2.0587220 
Nvec_v1g214753                                        1.0451254 1.0816744 1.0605882 1.1189306 1.1662584 1.0543106 1.1100145 1.1100145 0.8785219 0.9215678 0.8903117 0.8903117 1.1320727 1.2029337 0.9043063 1.1701184 1.0984712 1.1647796 1.0040418 0.7110500 0.4624970 0.7056636 0.7056636 0.6995182 0.8497601 0.7181488 0.7270121 0.0000000 0.8177564 1.5670040 1.1012995 1.0899429 1.1029758 1.3537356 3.2057007 4.1446133 1.7811599 0.8998965 0.9680757 1.0875669 1.2277309 1.2232697 1.2232697 1.0480855 1.6655339 1.3792472 0.7679511 0.9084971 1.3943140 1.3057762 1.3922753 1.5591677 1.5964836 1.6228055 1.5647206 1.7690880 1.6586712 1.4315238 1.4484624 1.6852418 2.0072863 
Dgig_XM_028536673.1                                   0.9132527 0.7087568 0.8195900 0.8211937 0.7330115 0.6506747 0.6934124 0.6934124 0.7028164 0.7116699 0.7025444 0.7025444 0.8836945 0.8484140 0.7932700 0.8344745 0.8157056 0.7515052 0.7169533 0.7695268 0.7089844 0.7898633 0.8428614 0.6675374 0.6745679 0.6277835 0.6261855 0.8177564 0.0000000 0.4176393 1.0206579 1.0393653 0.9695313 0.9939658 1.0520243 1.4681949 1.0899904 0.8766716 0.8807313 0.9537144 0.9862566 0.9425168 0.9020411 0.7896952 0.8236362 1.0512415 0.7788207 0.9563541 1.2394397 1.4638575 1.4651430 1.4714885 1.4696644 1.4915716 1.4899623 1.4413104 1.3935754 1.4127969 1.4279603 1.5222649 2.0211887 
Xesp_005581-T1                                        1.4045339 1.0541521 0.9625093 1.2755623 1.1354406 0.9535978 1.0108899 1.1290833 0.9394935 0.9832548 1.1087972 1.1087972 1.2681472 1.2482788 0.9675928 1.1794418 1.2022810 1.2001996 1.0231382 1.2003832 1.2262644 1.1827516 1.1129412 1.1811623 0.8639286 1.1117249 1.1271807 1.5670040 0.4176393 0.0000000 1.6347392 1.4750899 1.4269596 1.4052037 1.3273900 1.9139638 1.4104208 1.2648319 1.3268453 1.3483779 1.5106348 1.2590841 1.4378828 1.2748282 1.5481908 1.3734220 1.2302459 1.4011218 1.7171535 2.1860157 1.6543164 1.5070056 2.0651696 1.9269692 2.1768352 2.1309452 2.1159898 2.0141906 2.0364967 1.8890158 2.4844654 
Aaur_scaffold442.g4.t1                                1.1582290 0.8382949 0.9955659 1.0915783 1.0348445 0.8685253 0.7844955 0.8848681 0.7318199 0.7655771 0.8533112 0.8533112 1.0407048 1.0372642 0.8622431 0.9018414 0.9295966 0.9423881 0.7475134 1.0484480 1.0170729 1.0238729 1.1411330 1.0315807 0.9189396 0.9599885 0.9674936 1.1012995 1.0206579 1.6347392 0.0000000 0.5001627 0.4367257 0.4748751 0.5952014 1.2720328 1.1049850 0.9666144 0.9451942 0.9798590 1.1496424 1.0996049 1.1998962 1.1095581 1.2539907 1.0358601 1.0541420 1.2984252 1.0383151 1.9648030 1.5744623 1.5896194 1.9105559 1.8165516 1.8983892 1.9741335 1.8962477 1.8343625 1.8601818 1.6719883 2.5483799 
Nemnom_g15928.t1                                      1.0493443 0.8830553 0.9866501 1.0236678 1.0560167 0.9883862 0.8022068 0.8989735 0.8119505 0.8240747 0.9010477 0.9010477 1.0960100 1.0843526 0.9853406 0.8115518 0.9124859 0.9764624 0.7041428 0.9207693 0.9982281 0.9692865 1.0806949 0.9456194 0.9234730 0.9567561 0.8962786 1.0899429 1.0393653 1.4750899 0.5001627 0.0000000 0.2209488 0.6099163 0.6796799 1.3117324 1.0689484 0.9681816 0.9879770 0.9865613 1.1524277 1.0446539 1.1688318 1.1494446 1.1365623 1.0091430 1.0297088 1.2835246 1.0670393 1.9121168 1.6753991 1.5999203 1.7852277 1.7254041 1.8848453 1.8946311 1.8142357 1.9855584 1.9989973 1.8300433 2.4776953 
Rhoesc_Res_010743-T1                                  1.0398801 0.8796410 0.9937336 1.0240576 1.0024764 0.9119393 0.7812995 0.8775391 0.7755563 0.8014065 0.8733471 0.8733471 1.0179861 1.0005834 0.9269683 0.8217371 0.8618893 0.9408533 0.7473790 0.9398826 0.9668274 0.9375659 1.0528261 0.9112280 0.8537200 0.9258946 0.8908201 1.1029758 0.9695313 1.4269596 0.4367257 0.2209488 0.0000000 0.6128780 0.6812335 1.2825275 1.1072418 0.9599090 0.9579613 1.0139050 1.1486205 1.1591264 1.2328593 1.1918321 1.1570285 1.0408270 1.0697587 1.1920851 1.0644485 1.8914201 1.6354199 1.5136639 1.7562591 1.7046712 1.7045635 1.7284378 1.6679702 1.9355169 1.9470322 1.8541729 2.4460518 
Sanmal_Sma_025268-T1                                  1.1402231 0.8741329 0.9093013 1.0460640 0.9567464 0.9379134 0.7207341 0.8025818 0.6960327 0.7004097 0.7843177 0.7843177 1.0049930 0.9737272 0.9602105 0.8188464 0.8758633 0.8906949 0.7928292 1.0218043 1.0265724 0.9050457 1.0363014 0.8992612 0.8249360 0.8707551 0.9195734 1.3537356 0.9939658 1.4052037 0.4748751 0.6099163 0.6128780 0.0000000 0.6587208 1.0404768 0.9637096 0.8605285 0.8086813 0.8783836 1.1153079 1.1470149 1.1610191 1.1177272 0.9211946 0.9766516 1.0475990 1.2279730 1.0610509 1.8710115 1.7037774 1.6159686 1.7452352 1.7353573 1.9120150 1.9165449 1.8091021 1.8369792 1.8830939 1.9100152 2.4963793 
Hvul_g31710_1                                         1.0219782 0.8187884 1.0875560 0.9213946 0.7790088 0.7906633 0.7510136 0.7510136 0.8060308 0.7638414 0.7803632 0.7803632 0.8792662 0.9112900 1.0151839 0.8537529 0.6503102 0.8234190 0.7889793 0.9404286 0.8323153 0.9973698 1.2691940 0.7971241 0.8034544 0.8274672 0.7769199 3.2057007 1.0520243 1.3273900 0.5952014 0.6796799 0.6812335 0.6587208 0.0000000 0.6729579 0.8985918 0.9495969 0.9207520 0.9368699 0.9583763 1.3112484 1.0430766 0.9616606 0.8154782 1.0472137 1.0473604 1.3000964 1.0235140 1.8970638 2.0198173 2.1731935 2.0178924 1.7533213 1.7945540 1.7653127 1.6423695 2.1258630 2.1166633 8.9999981 3.0883553 
Morvir_scaffold255.g18.t1                             1.4729276 1.1709011 1.7242810 1.5423840 1.3172492 2.0275548 1.1714618 1.2525417 1.0654069 1.0932287 1.1574929 1.1574929 1.5178196 1.4466182 2.1068831 1.2423576 1.3275720 1.4013332 1.2473070 1.4487871 1.4133852 1.6090748 1.9766976 1.4168439 1.3216581 1.3124163 1.3417868 4.1446133 1.4681949 1.9139638 1.2720328 1.3117324 1.2825275 1.0404768 0.6729579 0.0000000 1.4441115 1.4381949 1.3540563 1.4325000 1.3602841 2.0058965 1.5662292 1.5022440 1.4099993 1.5471374 1.2789497 1.8140694 1.7324988 2.5018541 2.7346007 2.7286011 2.4272019 2.2998134 2.3918475 2.4361854 2.2415687 2.4988874 2.5149291 4.5945800 4.5719008 
Scil_scict006170.1                                    1.1680784 0.9874395 1.0811939 1.2188528 1.0255783 1.0240550 0.8495912 0.9300440 0.8183648 0.8537579 0.9173952 0.9173952 1.0663691 1.0193805 0.9837991 0.9102642 0.9084238 0.9837426 0.9849941 1.0833853 1.1386294 1.1012336 1.3487118 1.0287374 0.8893439 1.0368306 1.0831601 1.7811599 1.0899904 1.4104208 1.1049850 1.0689484 1.1072418 0.9637096 0.8985918 1.4441115 0.0000000 0.2583011 0.2598391 0.3286428 0.9161296 1.1399076 1.1918341 1.1824348 0.9006520 1.0455189 0.9566550 1.4126259 1.3280790 1.8652862 1.7253190 1.5580339 1.7647995 1.8188997 1.8999223 1.8859154 1.8599904 1.9720279 1.9981133 1.9421154 2.8484728 
Lcom_lcpid75518                                       1.0336644 0.8577975 0.9196764 1.0366941 0.8791886 0.8056727 0.8021832 0.8581466 0.7458110 0.7561985 0.8134046 0.8134046 0.9160164 0.8939464 0.8217263 0.8549390 0.8371452 0.9050123 0.8938050 0.9212674 0.9253112 0.9265476 1.0775486 0.8336190 0.8209499 0.8227840 0.8639730 0.8998965 0.8766716 1.2648319 0.9666144 0.9681816 0.9599090 0.8605285 0.9495969 1.4381949 0.2583011 0.0000000 0.2240232 0.2264946 0.7565636 0.9700334 1.0654688 1.0163812 0.9420497 1.0888014 0.9696883 1.1776586 1.1979879 1.6719954 1.5216399 1.4079054 1.6038877 1.6115346 1.7099081 1.7568269 1.7281937 1.6622373 1.6973808 1.5392973 2.3889012 
Gracom_Gcom_scaffold14978_01                          1.0517946 0.8766486 0.9276768 1.0132965 0.8965867 0.7961791 0.7758573 0.8406130 0.7300417 0.7374434 0.8220999 0.8220999 0.9399802 0.9376514 0.8421219 0.8443144 0.8157931 0.9793320 0.8823824 0.9778116 0.9925963 0.9262080 1.0927372 0.8679228 0.8802611 0.8840161 0.9008799 0.9680757 0.8807313 1.3268453 0.9451942 0.9879770 0.9579613 0.8086813 0.9207520 1.3540563 0.2598391 0.2240232 0.0000000 0.2534384 0.8014532 0.9885152 1.0722272 1.0311622 0.8460095 1.0337860 0.9433592 1.1990664 1.2065425 1.6338678 1.4898970 1.3784360 1.5330599 1.5657780 1.7140879 1.6376087 1.6082493 1.7308567 1.7287827 1.5154615 2.3059062 
Leuniv_Lniv_scaffold26109_01                          1.0445661 0.8558936 0.9237076 1.0484245 0.8811618 0.7648770 0.7781960 0.8423637 0.7420982 0.7405891 0.7959066 0.7959066 0.9384473 0.9089977 0.8059654 0.8711825 0.8259756 0.9659446 0.9307062 0.9716999 0.9687315 1.0034181 1.2141505 0.8983962 0.8685038 0.9008093 0.9023160 1.0875669 0.9537144 1.3483779 0.9798590 0.9865613 1.0139050 0.8783836 0.9368699 1.4325000 0.3286428 0.2264946 0.2534384 0.0000000 0.8126114 1.0136338 1.0638479 1.0987922 0.9278429 1.0666203 0.9423682 1.3192027 1.2404286 1.7273159 1.5990283 1.4619684 1.5896754 1.6547600 1.7655024 1.7715055 1.7023054 1.8115787 1.8549147 1.6855954 2.5326147 
Clacor_Ccor_scaffold1507_01                           1.1177143 0.8395396 1.0520473 1.1034274 0.9854713 1.0234579 0.9107159 1.0010819 0.9157247 0.9010800 0.9903765 0.9903765 1.1410544 1.1277289 1.1378786 1.0414846 1.0159114 1.0314832 1.0055576 1.1199485 1.0223587 1.1128394 1.2867052 0.9739340 0.9405599 1.0083670 0.9991054 1.2277309 0.9862566 1.5106348 1.1496424 1.1524277 1.1486205 1.1153079 0.9583763 1.3602841 0.9161296 0.7565636 0.8014532 0.8126114 0.0000000 1.0083972 1.0983116 1.0567235 1.0928263 1.2342541 1.0553768 1.4108363 1.3687102 1.8852191 1.8992058 1.7062104 1.8286278 1.9269345 1.7054183 1.9276957 1.8366012 1.8581653 1.8735680 1.9178045 2.6551865 
Ocar_g7259                                            1.0616205 0.9435846 0.9425238 1.0472659 1.1042374 0.9418741 0.9079068 0.9079068 0.8199490 0.8589804 0.8515882 0.8515882 1.1908000 1.1152436 0.9715262 0.9180651 1.0424799 1.0244605 1.0588381 0.9300513 0.9109170 1.1681656 1.0559930 0.9185602 0.9784560 0.8985522 0.9651747 1.2232697 0.9425168 1.2590841 1.0996049 1.0446539 1.1591264 1.1470149 1.3112484 2.0058965 1.1399076 0.9700334 0.9885152 1.0136338 1.0083972 0.0000000 0.0000010 0.6509909 1.0036435 1.2396372 0.7715356 1.0195752 1.0965932 1.6888820 1.7226807 1.5580163 1.5596430 1.6625846 1.8218795 1.9042055 1.9072774 1.7133013 1.7249009 1.6026690 2.2195872 
Opea_EP00118_Oscarella_pearsei_P025060                1.2105646 0.9639362 0.9632734 1.0991003 1.0457983 0.9418741 0.8607563 0.9728813 0.8087879 0.8298656 0.9425369 0.9425369 1.2229064 1.1992070 0.9616098 0.8296317 1.0619958 1.0261298 0.9544561 1.0788172 1.0654432 1.0741034 1.2429531 1.1090496 0.9376208 1.0225195 1.0579262 1.2232697 0.9020411 1.4378828 1.1998962 1.1688318 1.2328593 1.1610191 1.0430766 1.5662292 1.1918341 1.0654688 1.0722272 1.0638479 1.0983116 0.0000010 0.0000000 0.6712587 0.9271286 1.2033017 0.9383513 1.4020552 1.2425097 1.7825750 1.7198792 1.5580163 1.7174203 1.6368467 1.7384071 1.8512581 1.7450267 1.8177126 1.8171468 1.6852298 2.3541004 
Plajan_Pjan_C563244_01                                1.0255608 0.9004504 0.8611042 0.9873066 0.8733198 0.8173828 0.8738601 0.9485886 0.8687583 0.8862939 0.9711054 0.9711054 0.9691843 0.9419388 0.9438780 0.8309170 0.9614857 0.9014445 0.8630309 1.0132941 0.9898955 0.9082283 1.0125484 0.9617782 0.8859134 0.8901365 0.9544431 1.0480855 0.7896952 1.2748282 1.1095581 1.1494446 1.1918321 1.1177272 0.9616606 1.5022440 1.1824348 1.0163812 1.0311622 1.0987922 1.0567235 0.6509909 0.6712587 0.0000000 1.1984604 1.1568150 0.9595278 1.3382757 1.1442534 1.6713778 1.5717705 1.6210213 1.8229711 1.5626331 1.6481485 1.6494990 1.5900521 1.8252014 1.8376987 1.5525821 2.1683905 
Skow_XM_006822786.1                                   0.9934248 0.7741835 0.4811676 0.8060479 0.8160514 0.7595628 0.6572461 0.8055622 0.7747111 0.7678420 0.8809523 0.8809523 0.9640331 0.9885575 0.9427918 0.6024228 0.7825382 0.7358602 0.7603217 0.9962321 1.3694273 0.8790022 1.2383565 1.1433466 0.8309948 1.1000812 1.0440589 1.6655339 0.8236362 1.5481908 1.2539907 1.1365623 1.1570285 0.9211946 0.8154782 1.4099993 0.9006520 0.9420497 0.8460095 0.9278429 1.0928263 1.0036435 0.9271286 1.1984604 0.0000000 0.8740601 0.7817307 1.9863301 1.4599729 1.7666546 1.1417474 1.4201966 1.6005651 1.4410207 1.4066578 1.4775431 1.4159836 1.6235716 1.6006913 1.9356562 6.0035595 
Tcas_TC011528_001                                     1.1099669 0.9499859 1.1674617 1.1711819 1.0265440 1.0034507 0.9723398 1.0006749 1.0209162 1.0288633 1.0231886 1.0231886 1.1885244 1.1079189 1.0830309 0.8971424 0.8957400 0.9778337 0.8390798 1.0694213 1.1832521 1.2345369 1.3559018 1.0869114 1.0358767 1.0413556 1.0019486 1.3792472 1.0512415 1.3734220 1.0358601 1.0091430 1.0408270 0.9766516 1.0472137 1.5471374 1.0455189 1.0888014 1.0337860 1.0666203 1.2342541 1.2396372 1.2033017 1.1568150 0.8740601 0.0000000 1.0513310 1.3369425 1.4188323 1.6343807 1.6055725 1.5940216 1.4498229 1.4006668 1.4874226 1.4658202 1.4124361 1.4786202 1.4873754 1.6437222 2.2402156 
Xestes_maker-XT_scaffold1137-augustus-gene-0.3-mRNA-1 1.0389463 0.8183040 0.2500554 0.4987843 0.7870532 0.4340847 0.8037513 0.9449613 0.8152670 0.8266201 0.9516069 0.9516069 0.8437568 0.7797170 0.6186431 0.8349663 0.8307677 0.8427883 0.8458365 1.1125982 0.8883957 1.0034453 1.3460636 0.9274785 0.6936522 0.9011825 0.8646978 0.7679511 0.7788207 1.2302459 1.0541420 1.0297088 1.0697587 1.0475990 1.0473604 1.2789497 0.9566550 0.9696883 0.9433592 0.9423682 1.0553768 0.7715356 0.9383513 0.9595278 0.7817307 1.0513310 0.0000000 1.3641106 1.3803336 1.8451054 1.3840116 1.1417682 1.5569408 1.4827435 1.7689772 1.8044404 1.6862887 1.6016054 1.6389288 1.5812484 2.5619035 
Cscu_XM_023374324.1                                   1.2426470 0.9768226 0.9504516 1.2708362 1.1843800 0.8599410 0.9573573 1.0128876 0.9524419 0.9761275 1.0265095 1.0265095 1.2246896 1.2348974 0.8111376 1.0994389 1.1001464 1.2312877 1.0461731 1.1965692 1.2547752 1.4205346 1.2813153 1.2495936 1.2830077 1.2422306 1.2155784 0.9084971 0.9563541 1.4011218 1.2984252 1.2835246 1.1920851 1.2279730 1.3000964 1.8140694 1.4126259 1.1776586 1.1990664 1.3192027 1.4108363 1.0195752 1.4020552 1.3382757 1.9863301 1.3369425 1.3641106 0.0000000 1.5638378 2.0171613 1.6444873 1.3961720 1.9544431 1.9383572 2.2097311 2.3068777 2.2348456 2.0960262 2.0867852 2.0160959 2.2808536 
Chem_TCONS_00012414                                   1.3666705 1.2118143 1.0771938 1.3618800 1.2876136 1.1353281 1.2128014 1.3009413 1.1687296 1.1560563 1.2243860 1.2243860 1.2985475 1.2563849 1.1315950 1.0687497 1.2332940 1.2770142 1.1283583 1.0954015 1.2942951 1.4081019 1.5756712 1.2909610 1.1085802 1.2206369 1.2459332 1.3943140 1.2394397 1.7171535 1.0383151 1.0670393 1.0644485 1.0610509 1.0235140 1.7324988 1.3280790 1.1979879 1.2065425 1.2404286 1.3687102 1.0965932 1.2425097 1.1442534 1.4599729 1.4188323 1.3803336 1.5638378 0.0000000 1.9357320 1.7689657 1.7080669 1.8657733 1.7766901 2.1126802 2.0454817 1.9495517 1.9766613 1.9695683 1.7484413 2.6673766 
Mlei_ML1612.g3.i1                                     1.6364459 1.7347129 1.8660987 1.7964844 1.5782319 1.3010651 1.5826707 1.6849813 1.5155955 1.5278868 1.6747780 1.6747780 1.7241856 1.6757396 1.4385902 1.4542916 1.6031450 1.6706529 1.4882338 1.6742463 1.7210488 1.7541573 1.7654656 1.7661318 1.6651375 1.6209979 1.5847165 1.3057762 1.4638575 2.1860157 1.9648030 1.9121168 1.8914201 1.8710115 1.8970638 2.5018541 1.8652862 1.6719954 1.6338678 1.7273159 1.8852191 1.6888820 1.7825750 1.6713778 1.7666546 1.6343807 1.8451054 2.0171613 1.9357320 0.0000000 0.2019646 0.3692006 0.4418495 0.3647814 0.5448165 0.4972320 0.4707608 0.5852581 0.5878296 0.8127624 0.7837684 
Bolinf_Binf_sb1233104                                 1.5293869 1.5859090 1.7909549 1.5196624 1.3715188 1.2347702 1.4451079 1.4451079 1.3795611 1.3841704 1.4905445 1.4905445 1.5068854 1.4512782 1.3717782 1.4905532 1.5484661 1.5065431 1.5611521 1.5348083 1.4495192 1.5684535 1.4465690 1.4933968 1.4710955 1.4598024 1.3490447 1.3922753 1.4651430 1.6543164 1.5744623 1.6753991 1.6354199 1.7037774 2.0198173 2.7346007 1.7253190 1.5216399 1.4898970 1.5990283 1.8992058 1.7226807 1.7198792 1.5717705 1.1417474 1.6055725 1.3840116 1.6444873 1.7689657 0.2019646 0.0000000 0.3213612 0.3081274 0.3167082 0.4642031 0.4188263 0.4178155 0.5010901 0.5137406 0.8196308 0.7915580 
Drygla_Dgla_sb313879                                  1.2805089 1.5408507 1.5792287 1.3649513 1.3476770 1.2033924 1.2925433 1.2925433 1.2523510 1.2265965 1.3394561 1.3394561 1.4871391 1.2856382 1.5010694 1.5266929 1.4340068 1.5753929 1.5113324 1.4887537 1.2802897 1.4795656 1.1909562 1.3087458 1.2834193 1.2335877 1.2807060 1.5591677 1.4714885 1.5070056 1.5896194 1.5999203 1.5136639 1.6159686 2.1731935 2.7286011 1.5580339 1.4079054 1.3784360 1.4619684 1.7062104 1.5580163 1.5580163 1.6210213 1.4201966 1.5940216 1.1417682 1.3961720 1.7080669 0.3692006 0.3213612 0.0000000 0.0000010 0.2978014 0.5093331 0.4147486 0.4198203 0.5929148 0.6104199 0.7645357 0.9069036 
Beraby_Baby_sb338324                                  1.5623039 1.6336474 1.6458315 1.5671829 1.5243308 1.2756161 1.4417703 1.4811053 1.3906187 1.4154230 1.5324639 1.5324639 1.7257835 1.6407037 1.5383676 1.4974624 1.5538936 1.6276600 1.5061975 1.5991971 1.5980412 1.6925153 1.7683378 1.7505196 1.5197518 1.5494294 1.5416871 1.5964836 1.4696644 2.0651696 1.9105559 1.7852277 1.7562591 1.7452352 2.0178924 2.4272019 1.7647995 1.6038877 1.5330599 1.5896754 1.8286278 1.5596430 1.7174203 1.8229711 1.6005651 1.4498229 1.5569408 1.9544431 1.8657733 0.4418495 0.3081274 0.0000010 0.0000000 0.3568180 0.6445681 0.5363084 0.5286297 0.6168861 0.6359014 0.8041784 0.7872290 
Mertsp_Mesp_sb601263                                  1.5621126 1.5817006 1.7530316 1.6251277 1.4840605 1.3158327 1.5125283 1.5412430 1.4769175 1.4748982 1.5875306 1.5875306 1.6874612 1.5673298 1.5025660 1.3819869 1.5040437 1.5085205 1.4288335 1.5555346 1.7068756 1.8199428 1.8822124 1.7385789 1.6233670 1.5425163 1.4719661 1.6228055 1.4915716 1.9269692 1.8165516 1.7254041 1.7046712 1.7353573 1.7533213 2.2998134 1.8188997 1.6115346 1.5657780 1.6547600 1.9269345 1.6625846 1.6368467 1.5626331 1.4410207 1.4006668 1.4827435 1.9383572 1.7766901 0.3647814 0.3167082 0.2978014 0.3568180 0.0000000 0.5272620 0.4918482 0.4793199 0.5896646 0.5934369 0.8453321 0.7142204 
Vmul_Simscaffold9934_01                               1.7719756 1.6353958 1.9067311 1.6824783 1.5763587 1.3416976 1.5313243 1.6194374 1.4879738 1.5003351 1.6457789 1.6457789 1.7162371 1.6597404 1.5480939 1.5468932 1.6450243 1.5304874 1.4999183 1.7816591 1.7790586 1.6400005 1.7326038 1.7710154 1.6826616 1.6344298 1.5710104 1.5647206 1.4899623 2.1768352 1.8983892 1.8848453 1.7045635 1.9120150 1.7945540 2.3918475 1.8999223 1.7099081 1.7140879 1.7655024 1.7054183 1.8218795 1.7384071 1.6481485 1.4066578 1.4874226 1.7689772 2.2097311 2.1126802 0.5448165 0.4642031 0.5093331 0.6445681 0.5272620 0.0000000 0.4107349 0.3954603 0.7551730 0.7592842 0.8379577 0.8837744 
Coeast_Cast_sb810658                                  1.6594723 1.6209508 1.9504602 1.7473559 1.4823284 1.3913887 1.4957283 1.5771665 1.4512253 1.4937829 1.6451785 1.6451785 1.7216221 1.6640328 1.5377277 1.5201385 1.6533010 1.5895784 1.5647656 1.6384675 1.8370943 1.6318899 1.6619304 1.7319310 1.7122628 1.6009015 1.5425602 1.7690880 1.4413104 2.1309452 1.9741335 1.8946311 1.7284378 1.9165449 1.7653127 2.4361854 1.8859154 1.7568269 1.6376087 1.7715055 1.9276957 1.9042055 1.8512581 1.6494990 1.4775431 1.4658202 1.8044404 2.3068777 2.0454817 0.4972320 0.4188263 0.4147486 0.5363084 0.4918482 0.4107349 0.0000000 0.0407479 0.7305946 0.7213126 0.8015236 0.7660467 
Coemet_Cmet_scaffold22102_01                          1.5654481 1.5579887 1.8745784 1.6512796 1.3933943 1.3726260 1.4209264 1.5120084 1.3678624 1.4190547 1.5693118 1.5693118 1.6428593 1.5972178 1.5055269 1.4306985 1.6201518 1.5518866 1.4964950 1.5860452 1.7022004 1.5575448 1.6090018 1.6756266 1.6068445 1.5215034 1.4800660 1.6586712 1.3935754 2.1159898 1.8962477 1.8142357 1.6679702 1.8091021 1.6423695 2.2415687 1.8599904 1.7281937 1.6082493 1.7023054 1.8366012 1.9072774 1.7450267 1.5900521 1.4159836 1.4124361 1.6862887 2.2348456 1.9495517 0.4707608 0.4178155 0.4198203 0.5286297 0.4793199 0.3954603 0.0407479 0.0000000 0.6987579 0.6901721 0.7996214 0.7727126 
Pbac_sb2645897                                        1.6454445 1.6268978 1.6907789 1.7150828 1.5224015 1.3077958 1.7838844 1.8547639 1.7469138 1.7570901 1.8634213 1.8634213 1.7111847 1.5929556 1.5467431 1.5067951 1.6060207 1.4792303 1.5844404 1.5862355 1.7575009 1.8141166 1.7704424 1.7540664 1.6236065 1.6504917 1.5522272 1.4315238 1.4127969 2.0141906 1.8343625 1.9855584 1.9355169 1.8369792 2.1258630 2.4988874 1.9720279 1.6622373 1.7308567 1.8115787 1.8581653 1.7133013 1.8177126 1.8252014 1.6235716 1.4786202 1.6016054 2.0960262 1.9766613 0.5852581 0.5010901 0.5929148 0.6168861 0.5896646 0.7551730 0.7305946 0.6987579 0.0000000 0.0241997 0.8390267 1.0824172 
Horcal_Hcv1.av93.c10.g277.i6                          1.6605723 1.6417112 1.7127097 1.7026526 1.5338597 1.3172411 1.7946775 1.8638609 1.7564332 1.7813959 1.8743293 1.8743293 1.7034183 1.5838389 1.5435935 1.5194564 1.6010902 1.4849304 1.5925930 1.6029269 1.7757946 1.8225678 1.7842971 1.7814646 1.6458473 1.6619845 1.5623251 1.4484624 1.4279603 2.0364967 1.8601818 1.9989973 1.9470322 1.8830939 2.1166633 2.5149291 1.9981133 1.6973808 1.7287827 1.8549147 1.8735680 1.7249009 1.8171468 1.8376987 1.6006913 1.4873754 1.6389288 2.0867852 1.9695683 0.5878296 0.5137406 0.6104199 0.6359014 0.5934369 0.7592842 0.7213126 0.6901721 0.0241997 0.0000000 0.8596912 1.0815339 
Eupdun_Edun_sb10622396                                1.8171095 1.6567846 1.8255269 1.5518682 1.4787618 1.3057551 1.8870482 1.8870482 1.7244830 1.7660290 1.8023464 1.8023464 1.7942938 1.5168681 1.2634055 1.8340550 1.6370469 1.6615554 1.5870699 1.5524047 1.5775855 1.4293257 1.4685473 1.4675552 1.5335526 1.3336204 1.3001725 1.6852418 1.5222649 1.8890158 1.6719883 1.8300433 1.8541729 1.9100152 8.9999981 4.5945800 1.9421154 1.5392973 1.5154615 1.6855954 1.9178045 1.6026690 1.6852298 1.5525821 1.9356562 1.6437222 1.5812484 2.0160959 1.7484413 0.8127624 0.8196308 0.7645357 0.8041784 0.8453321 0.8379577 0.8015236 0.7996214 0.8390267 0.8596912 0.0000000 1.5578793 
