58
Hsap_ENST00000279387                                    0.0000000 0.0707675 0.0897243 0.1162091 0.0821642 0.1197649 0.1778600 0.1649602 0.1689711 0.1678194 0.1272173 0.1558889 0.1826336 0.1769720 0.1861967 0.1861967 0.2102646 0.1907542 0.2216736 0.1980316 0.2393355 0.2150340 0.2059470 0.1955201 0.2859806 0.2934655 0.2588204 0.2451621 0.3119549 0.3200251 0.3289452 0.2352119 0.2859744 0.3370927 0.2566552 0.2605961 0.2673789 0.2911786 0.2911390 0.3511144 0.3250367 0.3432918 0.3432918 0.3243934 0.3222968 0.3354803 0.3354803 0.2885282 0.3586723 0.3586723 0.3122764 0.1586311 0.3861964 0.4466238 0.4819279 0.4624547 0.3646877 0.8468418 
Skow_XM_006819932.1                                     0.0707675 0.0000000 0.0775752 0.0732430 0.0850615 0.1149462 0.1339651 0.1230357 0.1273339 0.1474799 0.1041696 0.1342189 0.1685928 0.1528682 0.1542871 0.1542871 0.1902375 0.1677985 0.1984641 0.1778199 0.2305606 0.2187396 0.2096974 0.1434587 0.2653227 0.2726430 0.2483927 0.2625169 0.3214911 0.3066544 0.3017935 0.2306783 0.2930091 0.3488218 0.2588871 0.2763578 0.2836486 0.2805583 0.2782757 0.3364026 0.2996684 0.3164490 0.3164490 0.3023606 0.3000905 0.3116520 0.3116520 0.2883094 0.3284609 0.3284609 0.2743398 0.1522982 0.3589436 0.4178978 0.4553673 0.4457902 0.3733641 0.8275036 
Bralan_BLAG01001560_1                                   0.0897243 0.0775752 0.0000000 0.0729872 0.0769213 0.0919233 0.1237922 0.1101813 0.1272378 0.1292769 0.1153330 0.1253684 0.1581575 0.1471990 0.1405215 0.1405215 0.1903023 0.1615313 0.2021485 0.1536273 0.2244806 0.2009263 0.1921793 0.1475088 0.2418448 0.2421599 0.2217676 0.2351361 0.3043404 0.2937898 0.2884001 0.2538206 0.3010190 0.2756227 0.2484571 0.2562622 0.2578623 0.2845087 0.2382508 0.3298799 0.2924402 0.3096197 0.3096197 0.2950961 0.2926522 0.3042936 0.3042936 0.2623387 0.3369224 0.3369224 0.2632255 0.1353701 0.3350809 0.3863869 0.4327480 0.3996988 0.3528597 0.8016529 
Spur_XM_011681884.2                                     0.1162091 0.0732430 0.0729872 0.0000000 0.0933979 0.1090849 0.1288594 0.1224136 0.1336359 0.1461488 0.1225452 0.1383114 0.1426797 0.1189153 0.1206726 0.1206726 0.1661792 0.1572598 0.1959069 0.1764954 0.2219954 0.1861363 0.1866196 0.1424157 0.2458369 0.2532621 0.2231600 0.2369979 0.3069104 0.2885639 0.2930039 0.2266634 0.2565403 0.3313594 0.2564110 0.2696292 0.2608705 0.2965800 0.2616614 0.3362652 0.2986943 0.3158628 0.3158628 0.3014363 0.2995899 0.3114652 0.3114652 0.2741508 0.3366352 0.3366352 0.2651323 0.1523460 0.3705137 0.4027309 0.4844265 0.4581343 0.3513732 0.7602607 
Tcas_TC015726_001                                       0.0821642 0.0850615 0.0769213 0.0933979 0.0000000 0.1010882 0.1758163 0.1634595 0.1695689 0.1459290 0.1102699 0.1366576 0.1687144 0.1518566 0.1580376 0.1580376 0.1848215 0.1871287 0.2101815 0.1722586 0.2368535 0.2311141 0.2216700 0.1927380 0.2521039 0.2559678 0.2349653 0.2487457 0.3029666 0.2990143 0.2934263 0.2533093 0.2780403 0.3575975 0.2701669 0.2794470 0.2935200 0.3164670 0.2388218 0.3255644 0.2894438 0.3033693 0.3033693 0.2852387 0.2826658 0.2938605 0.2938605 0.2634963 0.3055558 0.3055558 0.2914451 0.1414404 0.4188066 0.4383485 0.4862437 0.4752007 0.3712747 0.8192636 
Ctel_gnl_WGS_AMQN_CAPTEDRAFT_mRNA182833                 0.1197649 0.1149462 0.0919233 0.1090849 0.1010882 0.0000000 0.1564799 0.1519869 0.1795958 0.1633258 0.1114143 0.1314932 0.1366889 0.1387888 0.1473973 0.1473973 0.1548621 0.1629255 0.1864859 0.1975737 0.2209118 0.2231754 0.2287265 0.2014142 0.2798636 0.2872705 0.2410334 0.2550300 0.3208784 0.3063938 0.3114207 0.2430483 0.3114965 0.3615421 0.3264442 0.3305261 0.2962136 0.3383588 0.2704753 0.3579031 0.3291397 0.3439788 0.3439788 0.3296622 0.3277121 0.3406033 0.3406033 0.2841325 0.3692269 0.3692269 0.2651448 0.1428169 0.3736042 0.4271747 0.4812309 0.4596926 0.4123240 0.8980320 
Nemnom_g15059.t1                                        0.1778600 0.1339651 0.1237922 0.1288594 0.1758163 0.1564799 0.0000000 0.0104234 0.0507191 0.1123427 0.1677845 0.1683833 0.2077662 0.1755518 0.1627258 0.1627258 0.2231589 0.1904423 0.2166704 0.1390096 0.2726920 0.2351225 0.2125056 0.0448846 0.2798550 0.2869745 0.2807406 0.2956732 0.3575503 0.3472025 0.3441380 0.2508991 0.2937039 0.3203516 0.2899427 0.3045177 0.2933680 0.3044701 0.3321079 0.4088070 0.3660112 0.3838325 0.3838325 0.3698700 0.3589271 0.3781761 0.3781761 0.3548152 0.4050939 0.4050939 0.2345880 0.2376250 0.3906647 0.4826807 0.5269950 0.4672163 0.4190257 0.8576457 
Rhoesc_Res_006574-T1                                    0.1649602 0.1230357 0.1101813 0.1224136 0.1634595 0.1519869 0.0104234 0.0000000 0.0426970 0.0973046 0.1630790 0.1675517 0.1943145 0.1782727 0.1656449 0.1656449 0.2253614 0.1841804 0.2190691 0.1311956 0.2561480 0.2278102 0.2053172 0.0330380 0.2907173 0.2979135 0.2720933 0.2867573 0.3479068 0.3376647 0.3341413 0.2345249 0.2855445 0.3203516 0.2719994 0.2860560 0.2844252 0.2852411 0.3206858 0.3987954 0.3566165 0.3742943 0.3742943 0.3603018 0.3493208 0.3680709 0.3680709 0.3444745 0.3955850 0.3955850 0.2305179 0.2216849 0.3906647 0.4726879 0.5028171 0.4459490 0.4403409 0.8355264 
Sanmal_Sma_019329-T1                                    0.1689711 0.1273339 0.1272378 0.1336359 0.1695689 0.1795958 0.0507191 0.0426970 0.0000000 0.0912084 0.1707947 0.1813782 0.1987451 0.1893493 0.1766043 0.1766043 0.2303446 0.1943183 0.2484331 0.1251369 0.2686140 0.2414722 0.2189050 0.0740247 0.3201205 0.3273324 0.3033932 0.3189123 0.3818639 0.3661083 0.3610944 0.2377695 0.2531000 0.2967941 0.2607986 0.2748024 0.2784237 0.2807127 0.3414112 0.3883781 0.3475116 0.3656018 0.3656018 0.3511431 0.3397715 0.3633978 0.3633978 0.3459669 0.3926009 0.3926009 0.2474114 0.2054837 0.3765786 0.4676061 0.5037279 0.4479163 0.4345393 0.8451580 
Morvir_scaffold245.g42.t1                               0.1678194 0.1474799 0.1292769 0.1461488 0.1459290 0.1633258 0.1123427 0.0973046 0.0912084 0.0000000 0.1560937 0.1900365 0.1408873 0.1439128 0.1357856 0.1357856 0.1523061 0.1720084 0.2111914 0.1589027 0.1707279 0.1721281 0.1652457 0.1169199 0.2588195 0.2588195 0.2410463 0.2557819 0.2497236 0.2410463 0.2425887 0.2428164 0.2387991 0.2649640 0.2666074 0.2760002 0.2797596 0.2373253 0.3110619 0.3311275 0.3108346 0.3288102 0.3288102 0.3126294 0.3075322 0.3230581 0.3230581 0.3539144 0.3493501 0.3493501 0.2235726 0.1695290 0.2888155 0.3911713 0.4272974 0.3600207 0.4098206 0.7407505 
Dpul_mRNA4796                                           0.1272173 0.1041696 0.1153330 0.1225452 0.1102699 0.1114143 0.1677845 0.1630790 0.1707947 0.1560937 0.0000000 0.1562645 0.2065423 0.1814869 0.1821775 0.1821775 0.2205158 0.2012968 0.2412127 0.1909681 0.2376579 0.2335097 0.2527064 0.1924229 0.2748713 0.2819489 0.2556081 0.2694614 0.3356291 0.3181141 0.3112198 0.2496389 0.3285854 0.3268623 0.2848760 0.2795291 0.2462162 0.2701978 0.2659871 0.3102609 0.2907841 0.3100485 0.3100485 0.2962895 0.2783957 0.2889361 0.2889361 0.2656712 0.3252289 0.3252289 0.2534134 0.1990103 0.3527778 0.4250627 0.4731689 0.4579419 0.3770682 0.8376668 
Cscu_XM_023353583.1                                     0.1558889 0.1342189 0.1253684 0.1383114 0.1366576 0.1314932 0.1683833 0.1675517 0.1813782 0.1900365 0.1562645 0.0000000 0.2381166 0.1819662 0.1887734 0.1887734 0.2297280 0.2100574 0.2542447 0.1950352 0.2981409 0.2662295 0.2693360 0.2113838 0.2932735 0.3005558 0.2775854 0.2924832 0.3573050 0.3446071 0.3404781 0.2714312 0.3309955 0.4083927 0.3031698 0.3116196 0.3044425 0.3632457 0.2780810 0.3821912 0.3471453 0.3649005 0.3649005 0.3507032 0.3482802 0.3503151 0.3503151 0.3161811 0.3828772 0.3828772 0.2797955 0.2261723 0.3496992 0.4464384 0.5138678 0.4735421 0.4093160 0.8918183 
Nvec_v1g177129                                          0.1826336 0.1685928 0.1581575 0.1426797 0.1687144 0.1366889 0.2077662 0.1943145 0.1987451 0.1408873 0.2065423 0.2381166 0.0000000 0.0623105 0.0806051 0.0806051 0.0868840 0.0774573 0.1131377 0.2188582 0.0883049 0.1687564 0.1695486 0.2257915 0.3458427 0.3424111 0.3211450 0.3268568 0.4001085 0.3940927 0.3994477 0.2627862 0.2995671 0.4260871 0.3307883 0.3465177 0.3643718 0.3242469 0.3306994 0.4322424 0.4030641 0.4219339 0.4219339 0.4077531 0.4135506 0.4239792 0.4239792 0.3682254 0.4391044 0.4391044 0.3012967 0.2091573 0.4704305 0.5202658 0.5923348 0.5117492 0.4359212 0.8231158 
Fspp_ffun1.m4.9026.m1                                   0.1769720 0.1528682 0.1471990 0.1189153 0.1518566 0.1387888 0.1755518 0.1782727 0.1893493 0.1439128 0.1814869 0.1819662 0.0623105 0.0000000 0.0157036 0.0157036 0.0406490 0.0522203 0.0868543 0.1976018 0.1253895 0.1625260 0.1410568 0.2085034 0.3422591 0.3388703 0.3201667 0.3363266 0.4115915 0.3929601 0.3982527 0.2456272 0.2672223 0.3719863 0.3214002 0.3368147 0.3155772 0.3489859 0.2923039 0.4043032 0.3767572 0.3950477 0.3950477 0.3808873 0.3854919 0.3945226 0.3945226 0.3306155 0.4271368 0.4271368 0.3024422 0.2060091 0.4694286 0.4733277 0.5368567 0.4848926 0.3902088 0.8274684 
Spis_XP_022785776_1                                     0.1861967 0.1542871 0.1405215 0.1206726 0.1580376 0.1473973 0.1627258 0.1656449 0.1766043 0.1357856 0.1821775 0.1887734 0.0806051 0.0157036 0.0000000 0.0000010 0.0526438 0.0449961 0.0881553 0.1900152 0.1357435 0.1633126 0.1417623 0.1953001 0.3341264 0.3307997 0.3148868 0.3309863 0.4083825 0.3967744 0.3917889 0.2533013 0.2627440 0.3487876 0.3157523 0.3309077 0.3060972 0.3425578 0.3021882 0.4105205 0.3829200 0.4011392 0.4011392 0.3871302 0.3761656 0.4009573 0.4009573 0.3394296 0.4330277 0.4330277 0.3011435 0.2079051 0.4728353 0.4750432 0.5389236 0.4672573 0.3928637 0.8311962 
Pocdam_XM_027183861.1                                   0.1861967 0.1542871 0.1405215 0.1206726 0.1580376 0.1473973 0.1627258 0.1656449 0.1766043 0.1357856 0.1821775 0.1887734 0.0806051 0.0157036 0.0000010 0.0000000 0.0526438 0.0449961 0.0881553 0.1900152 0.1357435 0.1633126 0.1417623 0.1953001 0.3341264 0.3307997 0.3148868 0.3309863 0.4083825 0.3967744 0.3917889 0.2533013 0.2627440 0.3487876 0.3157523 0.3309077 0.3060972 0.3425578 0.3021882 0.4105205 0.3829200 0.4011392 0.4011392 0.3871302 0.3761656 0.4009573 0.4009573 0.3394296 0.4330277 0.4330277 0.3011435 0.2079051 0.4728353 0.4750432 0.5389236 0.4672573 0.3928637 0.8311962 
Gasp_gasp1.m3.27727.m1                                  0.2102646 0.1902375 0.1903023 0.1661792 0.1848215 0.1548621 0.2231589 0.2253614 0.2303446 0.1523061 0.2205158 0.2297280 0.0868840 0.0406490 0.0526438 0.0526438 0.0000000 0.0884006 0.1330487 0.2347108 0.1463408 0.1855832 0.1791037 0.2609652 0.4006001 0.3965873 0.3783009 0.3971219 0.4039322 0.3937872 0.4019914 0.2737495 0.3060381 0.5303588 0.3620893 0.3743929 0.3520026 0.4153099 0.3038807 0.4374655 0.4071891 0.4230654 0.4230654 0.4085498 0.4203992 0.4314171 0.4314171 0.3410678 0.4604215 0.4604215 0.3662663 0.2000108 0.6307485 0.5412123 0.6229469 0.5407723 0.4335372 0.8335450 
Amil_Amillepora24941-RA                                 0.1907542 0.1677985 0.1615313 0.1572598 0.1871287 0.1629255 0.1904423 0.1841804 0.1943183 0.1720084 0.2012968 0.2100574 0.0774573 0.0522203 0.0449961 0.0449961 0.0884006 0.0000000 0.0617636 0.2132428 0.1257353 0.1701831 0.1607905 0.2164668 0.3226560 0.3188390 0.2927345 0.2927345 0.3877078 0.3867111 0.3900397 0.2882197 0.2805882 0.3923987 0.3331979 0.3386142 0.3319932 0.3651363 0.3336491 0.4397240 0.4232449 0.4447695 0.4447695 0.4289773 0.4165609 0.4274736 0.4274736 0.3824126 0.4813946 0.4813946 0.2930324 0.1821055 0.4894848 0.4879466 0.5313467 0.4689852 0.4069346 0.7835599 
Gfas_gfas1.m1.16009.m1                                  0.2216736 0.1984641 0.2021485 0.1959069 0.2101815 0.1864859 0.2166704 0.2190691 0.2484331 0.2111914 0.2412127 0.2542447 0.1131377 0.0868543 0.0881553 0.0881553 0.1330487 0.0617636 0.0000000 0.2558057 0.1928892 0.2365708 0.2272995 0.2558470 0.3893465 0.3853316 0.3639185 0.3611812 0.4427286 0.4470484 0.4556675 0.3146310 0.3383754 0.3945632 0.3910352 0.4113762 0.4083031 0.3826760 0.3984389 0.5063107 0.4698912 0.4902992 0.4902992 0.4761403 0.4649000 0.4910494 0.4910494 0.4561214 0.5246912 0.5246912 0.3659322 0.2442205 0.4986402 0.5675932 0.6284915 0.5643574 0.4867745 0.9369010 
Hvul_g9902_1                                            0.1980316 0.1778199 0.1536273 0.1764954 0.1722586 0.1975737 0.1390096 0.1311956 0.1251369 0.1589027 0.1909681 0.1950352 0.2188582 0.1976018 0.1900152 0.1900152 0.2347108 0.2132428 0.2558057 0.0000000 0.2699960 0.2267858 0.2165792 0.1756527 0.2960294 0.2960294 0.2875835 0.3043297 0.3427675 0.3219956 0.3144909 0.2875068 0.3256599 0.3593647 0.3366969 0.3548057 0.3022734 0.3494098 0.3068357 0.3851643 0.3631752 0.3841324 0.3841324 0.3825553 0.3524123 0.3905974 0.3905974 0.3717879 0.4038887 0.4038887 0.2011957 0.2561424 0.3685215 0.4401790 0.4770607 0.4210590 0.4385984 0.8724778 
Exapal_XM_021059038.2                                   0.2393355 0.2305606 0.2244806 0.2219954 0.2368535 0.2209118 0.2726920 0.2561480 0.2686140 0.1707279 0.2376579 0.2981409 0.0883049 0.1253895 0.1357435 0.1357435 0.1463408 0.1257353 0.1928892 0.2699960 0.0000000 0.2089314 0.2223393 0.2944102 0.3748871 0.3710098 0.3638220 0.3661881 0.4325947 0.4244010 0.4036896 0.3054680 0.3617858 0.5280564 0.3759392 0.3849345 0.3738325 0.3640536 0.3538791 0.4561814 0.4458044 0.4709193 0.4709193 0.4562673 0.4757189 0.4762380 0.4762380 0.4331163 0.4964324 0.4964324 0.3774910 0.2363025 0.5219318 0.6055730 0.6862996 0.5918917 0.4562787 0.8938637 
Dgig_XM_028540864.1                                     0.2150340 0.2187396 0.2009263 0.1861363 0.2311141 0.2231754 0.2351225 0.2278102 0.2414722 0.1721281 0.2335097 0.2662295 0.1687564 0.1625260 0.1633126 0.1633126 0.1855832 0.1701831 0.2365708 0.2267858 0.2089314 0.0000000 0.0317250 0.2614022 0.3842314 0.3765451 0.3487260 0.3320821 0.3693283 0.3941562 0.3940716 0.2631512 0.3107159 0.4057261 0.3255447 0.3410857 0.3234658 0.3373124 0.3255774 0.4418516 0.4117046 0.4310308 0.4310308 0.4122140 0.4075329 0.4179311 0.4179311 0.3811583 0.4403138 0.4403138 0.3364167 0.2886097 0.4742795 0.4858684 0.5973863 0.5167743 0.4094649 0.8715865 
Xesp_005029-T1                                          0.2059470 0.2096974 0.1921793 0.1866196 0.2216700 0.2287265 0.2125056 0.2053172 0.2189050 0.1652457 0.2527064 0.2693360 0.1695486 0.1410568 0.1417623 0.1417623 0.1791037 0.1607905 0.2272995 0.2165792 0.2223393 0.0317250 0.0000000 0.2376702 0.3923052 0.3848227 0.3576461 0.3412729 0.3936802 0.4014053 0.4065927 0.2821664 0.2994713 0.3971484 0.3303275 0.3456376 0.3324210 0.3577633 0.3550112 0.4783592 0.4466337 0.4663197 0.4663197 0.4477032 0.4571108 0.4695128 0.4695128 0.4070070 0.4652545 0.4652545 0.3528790 0.2781259 0.5131797 0.5200932 0.5990921 0.5363859 0.4174549 0.8628318 
Aaur_scaffold2707.g1.t1                                 0.1955201 0.1434587 0.1475088 0.1424157 0.1927380 0.2014142 0.0448846 0.0330380 0.0740247 0.1169199 0.1924229 0.2113838 0.2257915 0.2085034 0.1953001 0.1953001 0.2609652 0.2164668 0.2558470 0.1756527 0.2944102 0.2614022 0.2376702 0.0000000 0.3144669 0.3219257 0.2947287 0.3104935 0.3753286 0.3645004 0.3622076 0.2914900 0.3165290 0.4256906 0.3119448 0.3272727 0.3193960 0.3111466 0.3206858 0.4453786 0.3993370 0.4180746 0.4180746 0.4039327 0.3928651 0.4143755 0.4143755 0.3913763 0.4333234 0.4333234 0.2818554 0.2711366 0.4995308 0.5324901 0.5697287 0.5033752 0.4879629 0.7913094 
Tadh_TriadT64151                                        0.2859806 0.2653227 0.2418448 0.2458369 0.2521039 0.2798636 0.2798550 0.2907173 0.3201205 0.2588195 0.2748713 0.2932735 0.3458427 0.3422591 0.3341264 0.3341264 0.4006001 0.3226560 0.3893465 0.2960294 0.3748871 0.3842314 0.3923052 0.3144669 0.0000000 0.0051001 0.0400694 0.0470299 0.0940879 0.0842728 0.0684866 0.4144949 0.4293831 0.5148367 0.4152205 0.4324193 0.4188152 0.4125199 0.2993960 0.4026892 0.3613551 0.3861999 0.3861999 0.3715426 0.3709723 0.3919524 0.3919524 0.3720800 0.3677332 0.3677332 0.3374601 0.3757929 0.5434873 0.5771844 0.6094686 0.5591569 0.5160587 0.9681394 
TrH2_TrispH2_006882-RA                                  0.2934655 0.2726430 0.2421599 0.2532621 0.2559678 0.2872705 0.2869745 0.2979135 0.3273324 0.2588195 0.2819489 0.3005558 0.3424111 0.3388703 0.3307997 0.3307997 0.3965873 0.3188390 0.3853316 0.2960294 0.3710098 0.3765451 0.3848227 0.3219257 0.0051001 0.0000000 0.0459045 0.0530363 0.1008317 0.0907781 0.0753382 0.4249991 0.4285115 0.4952491 0.4232108 0.4404058 0.4267070 0.4205916 0.2993960 0.4105776 0.3691192 0.3939419 0.3939419 0.3793735 0.3789266 0.4002483 0.4002483 0.3805110 0.3753112 0.3753112 0.3368385 0.3839019 0.5597387 0.5902911 0.6211109 0.5671096 0.5087618 0.9705899 
Hhon_g02731.t1                                          0.2588204 0.2483927 0.2217676 0.2231600 0.2349653 0.2410334 0.2807406 0.2720933 0.3033932 0.2410463 0.2556081 0.2775854 0.3211450 0.3201667 0.3148868 0.3148868 0.3783009 0.2927345 0.3639185 0.2875835 0.3638220 0.3487260 0.3576461 0.2947287 0.0400694 0.0459045 0.0000000 0.0051915 0.0616875 0.0415822 0.0375829 0.3716316 0.3893469 0.5145726 0.3903859 0.4071273 0.3939416 0.3933545 0.2671593 0.3793423 0.3391068 0.3635781 0.3635781 0.3489296 0.3568924 0.3768535 0.3768535 0.3334677 0.3459052 0.3459052 0.3343213 0.3287954 0.5471505 0.5416749 0.5710145 0.5356182 0.5102373 0.8733429 
HoiH23_PlH23_007985-RA                                  0.2451621 0.2625169 0.2351361 0.2369979 0.2487457 0.2550300 0.2956732 0.2867573 0.3189123 0.2557819 0.2694614 0.2924832 0.3268568 0.3363266 0.3309863 0.3309863 0.3971219 0.2927345 0.3611812 0.3043297 0.3661881 0.3320821 0.3412729 0.3104935 0.0470299 0.0530363 0.0051915 0.0000000 0.0541200 0.0486904 0.0450881 0.3576490 0.3749111 0.5145726 0.3754601 0.3917634 0.3791873 0.3780806 0.2867453 0.3981596 0.3566741 0.3816732 0.3816732 0.3668818 0.3752814 0.3965332 0.3965332 0.3519866 0.3632028 0.3632028 0.3515584 0.3361849 0.5471505 0.5648228 0.5954044 0.5578312 0.5341531 0.8365851 
HoiH06_mRNA10772                                        0.3119549 0.3214911 0.3043404 0.3069104 0.3029666 0.3208784 0.3575503 0.3479068 0.3818639 0.2497236 0.3356291 0.3573050 0.4001085 0.4115915 0.4083825 0.4083825 0.4039322 0.3877078 0.4427286 0.3427675 0.4325947 0.3693283 0.3936802 0.3753286 0.0940879 0.1008317 0.0616875 0.0541200 0.0000000 0.0329235 0.0334386 0.4233047 0.4583755 0.7821897 0.4543696 0.4721289 0.4568263 0.4601536 0.2761771 0.4755311 0.4297647 0.4408682 0.4408682 0.4259254 0.4332618 0.4585068 0.4585068 0.3429272 0.4349079 0.4349079 0.4230111 0.3712665 0.7334321 0.6251802 0.6721152 0.6149041 0.5614258 0.8617077 
HoiH04_mRNA13111                                        0.3200251 0.3066544 0.2937898 0.2885639 0.2990143 0.3063938 0.3472025 0.3376647 0.3661083 0.2410463 0.3181141 0.3446071 0.3940927 0.3929601 0.3967744 0.3967744 0.3937872 0.3867111 0.4470484 0.3219956 0.4244010 0.3941562 0.4014053 0.3645004 0.0842728 0.0907781 0.0415822 0.0486904 0.0329235 0.0000000 0.0268891 0.4430781 0.4620401 0.7986832 0.4588487 0.4763805 0.4611909 0.4761860 0.2671593 0.4482751 0.4036564 0.4299117 0.4299117 0.4148826 0.4360144 0.4614094 0.4614094 0.3334677 0.4093618 0.4093618 0.4089626 0.3540000 0.7477958 0.6161507 0.6624824 0.6066275 0.5458579 0.9124722 
HoiH11_mRNA7820                                         0.3289452 0.3017935 0.2884001 0.2930039 0.2934263 0.3114207 0.3441380 0.3341413 0.3610944 0.2425887 0.3112198 0.3404781 0.3994477 0.3982527 0.3917889 0.3917889 0.4019914 0.3900397 0.4556675 0.3144909 0.4036896 0.3940716 0.4065927 0.3622076 0.0684866 0.0753382 0.0375829 0.0450881 0.0334386 0.0268891 0.0000000 0.4388360 0.4738611 0.8095195 0.4601788 0.4789673 0.4672923 0.4812353 0.2707733 0.4313954 0.3865773 0.4131580 0.4131580 0.3977572 0.4144096 0.4391706 0.4391706 0.3376372 0.3927695 0.3927695 0.3989056 0.3589711 0.7633641 0.6325765 0.6655755 0.6253658 0.5585831 0.9559686 
Opea_EP00118_Oscarella_pearsei_P002629                  0.2352119 0.2306783 0.2538206 0.2266634 0.2533093 0.2430483 0.2508991 0.2345249 0.2377695 0.2428164 0.2496389 0.2714312 0.2627862 0.2456272 0.2533013 0.2533013 0.2737495 0.2882197 0.3146310 0.2875068 0.3054680 0.2631512 0.2821664 0.2914900 0.4144949 0.4249991 0.3716316 0.3576490 0.4233047 0.4430781 0.4388360 0.0000000 0.2657562 0.4225803 0.2841436 0.2939822 0.2578335 0.3064812 0.2570855 0.3942788 0.3513907 0.3702948 0.3702948 0.3730938 0.3722873 0.3989812 0.3989812 0.3567556 0.3947108 0.3947108 0.3256789 0.3047637 0.4352387 0.4820257 0.6121559 0.5308671 0.3875940 0.7549272 
Aque_Aqu2.1.36573_001                                   0.2859744 0.2930091 0.3010190 0.2565403 0.2780403 0.3114965 0.2937039 0.2855445 0.2531000 0.2387991 0.3285854 0.3309955 0.2995671 0.2672223 0.2627440 0.2627440 0.3060381 0.2805882 0.3383754 0.3256599 0.3617858 0.3107159 0.2994713 0.3165290 0.4293831 0.4285115 0.3893469 0.3749111 0.4583755 0.4620401 0.4738611 0.2657562 0.0000000 0.1587234 0.2142220 0.2236387 0.2371280 0.2629011 0.3604042 0.4142428 0.3820388 0.3905593 0.3905593 0.3718348 0.3591265 0.3828134 0.3828134 0.3730369 0.4124874 0.4124874 0.4007819 0.3104239 0.4861177 0.5332028 0.5996997 0.5615723 0.5106679 0.6736576 
Xestes_maker-XT_scaffold171070-augustus-gene-0.5-mRNA-1 0.3370927 0.3488218 0.2756227 0.3313594 0.3575975 0.3615421 0.3203516 0.3203516 0.2967941 0.2649640 0.3268623 0.4083927 0.4260871 0.3719863 0.3487876 0.3487876 0.5303588 0.3923987 0.3945632 0.3593647 0.5280564 0.4057261 0.3971484 0.4256906 0.5148367 0.4952491 0.5145726 0.5145726 0.7821897 0.7986832 0.8095195 0.4225803 0.1587234 0.0000000 0.2264515 0.2358677 0.1493558 0.2478976 0.3705890 0.6329210 0.5124168 0.4916790 0.4916790 0.4915167 0.4675950 0.5355087 0.5355087 0.5406251 0.5710728 0.5710728 0.4566159 0.3665797 0.3930340 0.4468174 0.4671941 0.4098731 0.4181203 2.4913243 
Emue_Em0015g715a.t1                                     0.2566552 0.2588871 0.2484571 0.2564110 0.2701669 0.3264442 0.2899427 0.2719994 0.2607986 0.2666074 0.2848760 0.3031698 0.3307883 0.3214002 0.3157523 0.3157523 0.3620893 0.3331979 0.3910352 0.3366969 0.3759392 0.3255447 0.3303275 0.3119448 0.4152205 0.4232108 0.3903859 0.3754601 0.4543696 0.4588487 0.4601788 0.2841436 0.2142220 0.2264515 0.0000000 0.0157561 0.1467892 0.2344841 0.3412074 0.4263999 0.3816272 0.4069582 0.4069582 0.3878360 0.3844192 0.4002223 0.4002223 0.4020392 0.3960133 0.3960133 0.4080604 0.2852753 0.4384336 0.5688357 0.6321159 0.5417604 0.4312188 0.7075801 
Spolac_c101523_g1_i2_m.25881c101523-g1                  0.2605961 0.2763578 0.2562622 0.2696292 0.2794470 0.3305261 0.3045177 0.2860560 0.2748024 0.2760002 0.2795291 0.3116196 0.3465177 0.3368147 0.3309077 0.3309077 0.3743929 0.3386142 0.4113762 0.3548057 0.3849345 0.3410857 0.3456376 0.3272727 0.4324193 0.4404058 0.4071273 0.3917634 0.4721289 0.4763805 0.4789673 0.2939822 0.2236387 0.2358677 0.0157561 0.0000000 0.1500748 0.2597400 0.3519396 0.4174492 0.3739758 0.3969163 0.3969163 0.3778579 0.3743755 0.3897110 0.3897110 0.3836502 0.3882118 0.3882118 0.4209707 0.2766686 0.4439839 0.5821732 0.6375263 0.5460462 0.4202179 0.7414346 
Stycar_maker-SC_scaffold7120-snap-gene-0.50-mRNA-1      0.2673789 0.2836486 0.2578623 0.2608705 0.2935200 0.2962136 0.2933680 0.2844252 0.2784237 0.2797596 0.2462162 0.3044425 0.3643718 0.3155772 0.3060972 0.3060972 0.3520026 0.3319932 0.4083031 0.3022734 0.3738325 0.3234658 0.3324210 0.3193960 0.4188152 0.4267070 0.3939416 0.3791873 0.4568263 0.4611909 0.4672923 0.2578335 0.2371280 0.1493558 0.1467892 0.1500748 0.0000000 0.2676816 0.3300087 0.4382650 0.3919864 0.4162149 0.4162149 0.3964346 0.3823952 0.4173007 0.4173007 0.3983712 0.4173812 0.4173812 0.4016582 0.3305362 0.3843081 0.5702837 0.6467961 0.5738769 0.3998394 0.7081478 
Plespi_Pspi_C604452_01                                  0.2911786 0.2805583 0.2845087 0.2965800 0.3164670 0.3383588 0.3044701 0.2852411 0.2807127 0.2373253 0.2701978 0.3632457 0.3242469 0.3489859 0.3425578 0.3425578 0.4153099 0.3651363 0.3826760 0.3494098 0.3640536 0.3373124 0.3577633 0.3111466 0.4125199 0.4205916 0.3933545 0.3780806 0.4601536 0.4761860 0.4812353 0.3064812 0.2629011 0.2478976 0.2344841 0.2597400 0.2676816 0.0000000 0.4145359 0.4603816 0.4125814 0.4337619 0.4337619 0.4351598 0.3986454 0.4369274 0.4369274 0.4414941 0.4353157 0.4353157 0.4026184 0.3754177 0.3863871 0.4896157 0.5660234 0.4544282 0.4427713 0.8216545 
Mlei_ML3688.g15.i1                                      0.2911390 0.2782757 0.2382508 0.2616614 0.2388218 0.2704753 0.3321079 0.3206858 0.3414112 0.3110619 0.2659871 0.2780810 0.3306994 0.2923039 0.3021882 0.3021882 0.3038807 0.3336491 0.3984389 0.3068357 0.3538791 0.3255774 0.3550112 0.3206858 0.2993960 0.2993960 0.2671593 0.2867453 0.2761771 0.2671593 0.2707733 0.2570855 0.3604042 0.3705890 0.3412074 0.3519396 0.3300087 0.4145359 0.0000000 0.0066509 0.0133154 0.0134749 0.0134749 0.0204462 0.0628080 0.0563425 0.0563425 0.0719984 0.0502463 0.0502463 0.3206100 0.3274053 0.3199058 0.4952120 0.6057742 0.5147597 0.5045717 0.5919183 
Beraby_Baby_sb331654                                    0.3511144 0.3364026 0.3298799 0.3362652 0.3255644 0.3579031 0.4088070 0.3987954 0.3883781 0.3311275 0.3102609 0.3821912 0.4322424 0.4043032 0.4105205 0.4105205 0.4374655 0.4397240 0.5063107 0.3851643 0.4561814 0.4418516 0.4783592 0.4453786 0.4026892 0.4105776 0.3793423 0.3981596 0.4755311 0.4482751 0.4313954 0.3942788 0.4142428 0.6329210 0.4263999 0.4174492 0.4382650 0.4603816 0.0066509 0.0000000 0.0269521 0.0328040 0.0328040 0.0442028 0.0904357 0.0796635 0.0796635 0.0663690 0.0744102 0.0744102 0.4350148 0.4213286 0.5773279 0.6138157 0.7146059 0.6249387 0.5367252 0.9375258 
Drygla_Dgla_sb289177                                    0.3250367 0.2996684 0.2924402 0.2986943 0.2894438 0.3291397 0.3660112 0.3566165 0.3475116 0.3108346 0.2907841 0.3471453 0.4030641 0.3767572 0.3829200 0.3829200 0.4071891 0.4232449 0.4698912 0.3631752 0.4458044 0.4117046 0.4466337 0.3993370 0.3613551 0.3691192 0.3391068 0.3566741 0.4297647 0.4036564 0.3865773 0.3513907 0.3820388 0.5124168 0.3816272 0.3739758 0.3919864 0.4125814 0.0133154 0.0269521 0.0000000 0.0153594 0.0153594 0.0258892 0.0585301 0.0655972 0.0655972 0.0654626 0.0612063 0.0612063 0.3897247 0.3752814 0.5459592 0.5974780 0.6974070 0.6087701 0.5077996 0.9183855 
Bolinf_Binf_sb1233513                                   0.3432918 0.3164490 0.3096197 0.3158628 0.3033693 0.3439788 0.3838325 0.3742943 0.3656018 0.3288102 0.3100485 0.3649005 0.4219339 0.3950477 0.4011392 0.4011392 0.4230654 0.4447695 0.4902992 0.3841324 0.4709193 0.4310308 0.4663197 0.4180746 0.3861999 0.3939419 0.3635781 0.3816732 0.4408682 0.4299117 0.4131580 0.3702948 0.3905593 0.4916790 0.4069582 0.3969163 0.4162149 0.4337619 0.0134749 0.0328040 0.0153594 0.0000000 0.0000010 0.0207685 0.0640756 0.0713120 0.0713120 0.0662142 0.0677403 0.0677403 0.4092741 0.3756407 0.5389220 0.6085298 0.7095398 0.6197575 0.5224309 0.9063036 
Mertsp_Mesp_sb561264                                    0.3432918 0.3164490 0.3096197 0.3158628 0.3033693 0.3439788 0.3838325 0.3742943 0.3656018 0.3288102 0.3100485 0.3649005 0.4219339 0.3950477 0.4011392 0.4011392 0.4230654 0.4447695 0.4902992 0.3841324 0.4709193 0.4310308 0.4663197 0.4180746 0.3861999 0.3939419 0.3635781 0.3816732 0.4408682 0.4299117 0.4131580 0.3702948 0.3905593 0.4916790 0.4069582 0.3969163 0.4162149 0.4337619 0.0134749 0.0328040 0.0153594 0.0000010 0.0000000 0.0207685 0.0640756 0.0713120 0.0713120 0.0662142 0.0677403 0.0677403 0.4092741 0.3756407 0.5389220 0.6085298 0.7095398 0.6197575 0.5224309 0.9063036 
Lampan_Lpan_5003_01                                     0.3243934 0.3023606 0.2950961 0.3014363 0.2852387 0.3296622 0.3698700 0.3603018 0.3511431 0.3126294 0.2962895 0.3507032 0.4077531 0.3808873 0.3871302 0.3871302 0.4085498 0.4289773 0.4761403 0.3825553 0.4562673 0.4122140 0.4477032 0.4039327 0.3715426 0.3793735 0.3489296 0.3668818 0.4259254 0.4148826 0.3977572 0.3730938 0.3718348 0.4915167 0.3878360 0.3778579 0.3964346 0.4351598 0.0204462 0.0442028 0.0258892 0.0207685 0.0207685 0.0000000 0.0416881 0.0481661 0.0481661 0.0493542 0.0675695 0.0675695 0.4087042 0.3677117 0.5493407 0.6205105 0.7051233 0.6316737 0.5103830 0.9172943 
Vmul_Simscaffold9423_01                                 0.3222968 0.3000905 0.2926522 0.2995899 0.2826658 0.3277121 0.3589271 0.3493208 0.3397715 0.3075322 0.2783957 0.3482802 0.4135506 0.3854919 0.3761656 0.3761656 0.4203992 0.4165609 0.4649000 0.3524123 0.4757189 0.4075329 0.4571108 0.3928651 0.3709723 0.3789266 0.3568924 0.3752814 0.4332618 0.4360144 0.4144096 0.3722873 0.3591265 0.4675950 0.3844192 0.3743755 0.3823952 0.3986454 0.0628080 0.0904357 0.0585301 0.0640756 0.0640756 0.0416881 0.0000000 0.0267144 0.0267144 0.0742113 0.0897959 0.0897959 0.3952092 0.3661244 0.5070345 0.6138356 0.7013444 0.6180450 0.5112856 0.9376277 
Coeast_Cast_sb782068                                    0.3354803 0.3116520 0.3042936 0.3114652 0.2938605 0.3406033 0.3781761 0.3680709 0.3633978 0.3230581 0.2889361 0.3503151 0.4239792 0.3945226 0.4009573 0.4009573 0.4314171 0.4274736 0.4910494 0.3905974 0.4762380 0.4179311 0.4695128 0.4143755 0.3919524 0.4002483 0.3768535 0.3965332 0.4585068 0.4614094 0.4391706 0.3989812 0.3828134 0.5355087 0.4002223 0.3897110 0.4173007 0.4369274 0.0563425 0.0796635 0.0655972 0.0713120 0.0713120 0.0481661 0.0267144 0.0000000 0.0000010 0.0760611 0.1105546 0.1105546 0.4294809 0.3816451 0.5204163 0.6056998 0.6978054 0.6196584 0.5326389 0.9550434 
Coemet_Cmet_C595697_01                                  0.3354803 0.3116520 0.3042936 0.3114652 0.2938605 0.3406033 0.3781761 0.3680709 0.3633978 0.3230581 0.2889361 0.3503151 0.4239792 0.3945226 0.4009573 0.4009573 0.4314171 0.4274736 0.4910494 0.3905974 0.4762380 0.4179311 0.4695128 0.4143755 0.3919524 0.4002483 0.3768535 0.3965332 0.4585068 0.4614094 0.4391706 0.3989812 0.3828134 0.5355087 0.4002223 0.3897110 0.4173007 0.4369274 0.0563425 0.0796635 0.0655972 0.0713120 0.0713120 0.0481661 0.0267144 0.0000010 0.0000000 0.0760611 0.1105546 0.1105546 0.4294809 0.3816451 0.5204163 0.6056998 0.6978054 0.6196584 0.5326389 0.9550434 
Eupdun_Edun_sb10635646                                  0.2885282 0.2883094 0.2623387 0.2741508 0.2634963 0.2841325 0.3548152 0.3444745 0.3459669 0.3539144 0.2656712 0.3161811 0.3682254 0.3306155 0.3394296 0.3394296 0.3410678 0.3824126 0.4561214 0.3717879 0.4331163 0.3811583 0.4070070 0.3913763 0.3720800 0.3805110 0.3334677 0.3519866 0.3429272 0.3334677 0.3376372 0.3567556 0.3730369 0.5406251 0.4020392 0.3836502 0.3983712 0.4414941 0.0719984 0.0663690 0.0654626 0.0662142 0.0662142 0.0493542 0.0742113 0.0760611 0.0760611 0.0000000 0.1014071 0.1014071 0.4094606 0.3113288 0.5308299 0.5832747 0.6560942 0.5857098 0.5440411 0.7983812 
Pbac_sb2649161                                          0.3586723 0.3284609 0.3369224 0.3366352 0.3055558 0.3692269 0.4050939 0.3955850 0.3926009 0.3493501 0.3252289 0.3828772 0.4391044 0.4271368 0.4330277 0.4330277 0.4604215 0.4813946 0.5246912 0.4038887 0.4964324 0.4403138 0.4652545 0.4333234 0.3677332 0.3753112 0.3459052 0.3632028 0.4349079 0.4093618 0.3927695 0.3947108 0.4124874 0.5710728 0.3960133 0.3882118 0.4173812 0.4353157 0.0502463 0.0744102 0.0612063 0.0677403 0.0677403 0.0675695 0.0897959 0.1105546 0.1105546 0.1014071 0.0000000 0.0000010 0.4242096 0.4078693 0.5932572 0.6494965 0.7260884 0.6646201 0.4982671 0.9011097 
Horcal_Hcv1.av93.c2.g61.i1                              0.3586723 0.3284609 0.3369224 0.3366352 0.3055558 0.3692269 0.4050939 0.3955850 0.3926009 0.3493501 0.3252289 0.3828772 0.4391044 0.4271368 0.4330277 0.4330277 0.4604215 0.4813946 0.5246912 0.4038887 0.4964324 0.4403138 0.4652545 0.4333234 0.3677332 0.3753112 0.3459052 0.3632028 0.4349079 0.4093618 0.3927695 0.3947108 0.4124874 0.5710728 0.3960133 0.3882118 0.4173812 0.4353157 0.0502463 0.0744102 0.0612063 0.0677403 0.0677403 0.0675695 0.0897959 0.1105546 0.1105546 0.1014071 0.0000010 0.0000000 0.4242096 0.4078693 0.5932572 0.6494965 0.7260884 0.6646201 0.4982671 0.9011097 
Chem_TCONS_00071986                                     0.3122764 0.2743398 0.2632255 0.2651323 0.2914451 0.2651448 0.2345880 0.2305179 0.2474114 0.2235726 0.2534134 0.2797955 0.3012967 0.3024422 0.3011435 0.3011435 0.3662663 0.2930324 0.3659322 0.2011957 0.3774910 0.3364167 0.3528790 0.2818554 0.3374601 0.3368385 0.3343213 0.3515584 0.4230111 0.4089626 0.3989056 0.3256789 0.4007819 0.4566159 0.4080604 0.4209707 0.4016582 0.4026184 0.3206100 0.4350148 0.3897247 0.4092741 0.4092741 0.4087042 0.3952092 0.4294809 0.4294809 0.4094606 0.4242096 0.4242096 0.0000000 0.3634314 0.4463183 0.5079684 0.5730947 0.4793938 0.4436421 1.1199356 
Acagra_model.g14714.t1                                  0.1586311 0.1522982 0.1353701 0.1523460 0.1414404 0.1428169 0.2376250 0.2216849 0.2054837 0.1695290 0.1990103 0.2261723 0.2091573 0.2060091 0.2079051 0.2079051 0.2000108 0.1821055 0.2442205 0.2561424 0.2363025 0.2886097 0.2781259 0.2711366 0.3757929 0.3839019 0.3287954 0.3361849 0.3712665 0.3540000 0.3589711 0.3047637 0.3104239 0.3665797 0.2852753 0.2766686 0.3305362 0.3754177 0.3274053 0.4213286 0.3752814 0.3756407 0.3756407 0.3677117 0.3661244 0.3816451 0.3816451 0.3113288 0.4078693 0.4078693 0.3634314 0.0000000 0.4572663 0.4972675 0.5231177 0.4894353 0.3642655 0.8672881 
Scil_scict012827.1                                      0.3861964 0.3589436 0.3350809 0.3705137 0.4188066 0.3736042 0.3906647 0.3906647 0.3765786 0.2888155 0.3527778 0.3496992 0.4704305 0.4694286 0.4728353 0.4728353 0.6307485 0.4894848 0.4986402 0.3685215 0.5219318 0.4742795 0.5131797 0.4995308 0.5434873 0.5597387 0.5471505 0.5471505 0.7334321 0.7477958 0.7633641 0.4352387 0.4861177 0.3930340 0.4384336 0.4439839 0.3843081 0.3863871 0.3199058 0.5773279 0.5459592 0.5389220 0.5389220 0.5493407 0.5070345 0.5204163 0.5204163 0.5308299 0.5932572 0.5932572 0.4463183 0.4572663 0.0000000 0.0554666 0.0818447 0.0924250 0.2305520 2.3946507 
Gracom_Gcom_scaffold10314_01                            0.4466238 0.4178978 0.3863869 0.4027309 0.4383485 0.4271747 0.4826807 0.4726879 0.4676061 0.3911713 0.4250627 0.4464384 0.5202658 0.4733277 0.4750432 0.4750432 0.5412123 0.4879466 0.5675932 0.4401790 0.6055730 0.4858684 0.5200932 0.5324901 0.5771844 0.5902911 0.5416749 0.5648228 0.6251802 0.6161507 0.6325765 0.4820257 0.5332028 0.4468174 0.5688357 0.5821732 0.5702837 0.4896157 0.4952120 0.6138157 0.5974780 0.6085298 0.6085298 0.6205105 0.6138356 0.6056998 0.6056998 0.5832747 0.6494965 0.6494965 0.5079684 0.4972675 0.0554666 0.0000000 0.0997367 0.0813711 0.3099886 1.4289390 
Lcom_lcpid82020                                         0.4819279 0.4553673 0.4327480 0.4844265 0.4862437 0.4812309 0.5269950 0.5028171 0.5037279 0.4272974 0.4731689 0.5138678 0.5923348 0.5368567 0.5389236 0.5389236 0.6229469 0.5313467 0.6284915 0.4770607 0.6862996 0.5973863 0.5990921 0.5697287 0.6094686 0.6211109 0.5710145 0.5954044 0.6721152 0.6624824 0.6655755 0.6121559 0.5996997 0.4671941 0.6321159 0.6375263 0.6467961 0.5660234 0.6057742 0.7146059 0.6974070 0.7095398 0.7095398 0.7051233 0.7013444 0.6978054 0.6978054 0.6560942 0.7260884 0.7260884 0.5730947 0.5231177 0.0818447 0.0997367 0.0000000 0.1230973 0.3484183 1.6593826 
Leuniv_Lniv_scaffold20120_01                            0.4624547 0.4457902 0.3996988 0.4581343 0.4752007 0.4596926 0.4672163 0.4459490 0.4479163 0.3600207 0.4579419 0.4735421 0.5117492 0.4848926 0.4672573 0.4672573 0.5407723 0.4689852 0.5643574 0.4210590 0.5918917 0.5167743 0.5363859 0.5033752 0.5591569 0.5671096 0.5356182 0.5578312 0.6149041 0.6066275 0.6253658 0.5308671 0.5615723 0.4098731 0.5417604 0.5460462 0.5738769 0.4544282 0.5147597 0.6249387 0.6087701 0.6197575 0.6197575 0.6316737 0.6180450 0.6196584 0.6196584 0.5857098 0.6646201 0.6646201 0.4793938 0.4894353 0.0924250 0.0813711 0.1230973 0.0000000 0.3117572 1.4480061 
Clacor_Ccor_scaffold7688_01                             0.3646877 0.3733641 0.3528597 0.3513732 0.3712747 0.4123240 0.4190257 0.4403409 0.4345393 0.4098206 0.3770682 0.4093160 0.4359212 0.3902088 0.3928637 0.3928637 0.4335372 0.4069346 0.4867745 0.4385984 0.4562787 0.4094649 0.4174549 0.4879629 0.5160587 0.5087618 0.5102373 0.5341531 0.5614258 0.5458579 0.5585831 0.3875940 0.5106679 0.4181203 0.4312188 0.4202179 0.3998394 0.4427713 0.5045717 0.5367252 0.5077996 0.5224309 0.5224309 0.5103830 0.5112856 0.5326389 0.5326389 0.5440411 0.4982671 0.4982671 0.4436421 0.3642655 0.2305520 0.3099886 0.3484183 0.3117572 0.0000000 1.2063353 
Tetwil_g22169.t1                                        0.8468418 0.8275036 0.8016529 0.7602607 0.8192636 0.8980320 0.8576457 0.8355264 0.8451580 0.7407505 0.8376668 0.8918183 0.8231158 0.8274684 0.8311962 0.8311962 0.8335450 0.7835599 0.9369010 0.8724778 0.8938637 0.8715865 0.8628318 0.7913094 0.9681394 0.9705899 0.8733429 0.8365851 0.8617077 0.9124722 0.9559686 0.7549272 0.6736576 2.4913243 0.7075801 0.7414346 0.7081478 0.8216545 0.5919183 0.9375258 0.9183855 0.9063036 0.9063036 0.9172943 0.9376277 0.9550434 0.9550434 0.7983812 0.9011097 0.9011097 1.1199356 0.8672881 2.3946507 1.4289390 1.6593826 1.4480061 1.2063353 0.0000000 
