51
Spur_XM_775330.5                                    0.0000000 0.0807332 0.0455948 0.0872425 0.1037433 0.1049113 0.0957136 0.1080921 0.1705765 0.1704325 0.1704325 0.1769933 0.1432111 0.1285816 0.1405009 0.1406910 0.1208403 0.1336569 0.1206279 0.0994422 0.1461496 0.1340276 0.1254302 0.0910567 0.1805084 0.1954379 0.1427959 0.1489119 0.2272538 0.1078560 0.2548920 0.2458304 0.2454568 0.2541587 0.2062817 0.2785480 0.1308515 0.2408798 0.2190889 0.1431736 0.2313918 0.2352610 0.1613232 0.2113212 0.2304416 0.2159419 0.1595337 0.1776099 0.2841617 0.2002911 0.5036409 
Tcas_TC005366_001                                   0.0807332 0.0000000 0.0220785 0.0657030 0.0794913 0.0758193 0.0666806 0.0911690 0.1189088 0.1122597 0.1122597 0.1181871 0.1278303 0.1328248 0.1048228 0.1163828 0.1126228 0.1223543 0.1049715 0.0845444 0.1005371 0.1327486 0.1140468 0.0900350 0.1452126 0.1457480 0.1306240 0.1169646 0.2396482 0.1005265 0.2348872 0.2259029 0.2106226 0.2861185 0.2358681 0.2153612 0.1130310 0.1915910 0.2003896 0.1423066 0.1889681 0.1848661 0.1463545 0.1908035 0.2366932 0.2031412 0.1622790 0.1706086 0.1972961 0.1652597 0.4798283 
Dpul_mRNA5146                                       0.0455948 0.0220785 0.0000000 0.0379223 0.0441225 0.0414730 0.0464028 0.0525559 0.0407118 0.0407118 0.0407118 0.0407118 0.0711212 0.0785801 0.0631264 0.0718057 0.0584781 0.0588897 0.0723540 0.0364584 0.0608976 0.0820700 0.0722165 0.1001970 0.1001970 0.1146400 0.1083866 0.0746683 0.1040250 0.1036432 0.1272504 0.1272504 0.1274266 0.1355348 0.0846253 0.1242316 0.1242316 0.1168571 0.1357736 0.1007517 0.0998527 0.1262148 0.1139490 0.0993803 0.0820700 0.1441292 0.0844659 0.1594484 0.0953383 0.1550530 0.2296081 
Cscu_XM_023377550.1                                 0.0872425 0.0657030 0.0379223 0.0000000 0.0983820 0.0819071 0.0618437 0.0936146 0.1254934 0.1263119 0.1263119 0.1324662 0.1288740 0.1352959 0.1239288 0.1240907 0.1264690 0.1220842 0.0898398 0.0629394 0.1046681 0.1372247 0.1321427 0.0978622 0.1537243 0.1826401 0.1285378 0.1223651 0.2263102 0.0982261 0.2190717 0.2098395 0.1789724 0.3108314 0.2181519 0.2337893 0.1332855 0.2130581 0.1864742 0.1356335 0.1818234 0.1902713 0.1577429 0.1893873 0.2299596 0.1967639 0.1716601 0.1717304 0.2232716 0.1706226 0.5155839 
Chem_TCONS_00055569                                 0.1037433 0.0794913 0.0441225 0.0983820 0.0000000 0.1118680 0.0960482 0.1215752 0.1560943 0.1637549 0.1637549 0.1570544 0.1148599 0.1395806 0.1154566 0.1277738 0.1193364 0.1192950 0.0760770 0.1245797 0.0601059 0.0848040 0.0673151 0.1080519 0.1801591 0.1629324 0.1576554 0.1568094 0.2257251 0.1207709 0.2305164 0.2218197 0.2345551 0.2761755 0.2615924 0.2487870 0.1139037 0.2301351 0.2321209 0.1690098 0.2355258 0.2243718 0.1680979 0.1749462 0.2318670 0.2246851 0.1779212 0.2004515 0.2492723 0.1939931 0.4396058 
Cgig_XM_011447633.3                                 0.1049113 0.0758193 0.0414730 0.0819071 0.1118680 0.0000000 0.0359244 0.0763852 0.1355100 0.1288483 0.1288483 0.1347281 0.1310756 0.1341333 0.1226345 0.1227888 0.1029329 0.1105306 0.1417880 0.0909626 0.1076540 0.1265737 0.1219797 0.0976815 0.1894338 0.1901822 0.1272361 0.1385832 0.2184707 0.1116264 0.2287119 0.2332420 0.1923240 0.3022132 0.2260695 0.2664794 0.1493513 0.2307217 0.2172592 0.1489060 0.2262222 0.2190050 0.1527428 0.2123335 0.2025282 0.1913077 0.1781111 0.1611422 0.1966681 0.1595584 0.4227501 
Acagra_model.g3406.t1                               0.0957136 0.0666806 0.0464028 0.0618437 0.0960482 0.0359244 0.0000000 0.0601904 0.1074184 0.1080978 0.1080978 0.1141016 0.1113993 0.1037210 0.1105238 0.1106725 0.0966195 0.0921110 0.1141331 0.0783988 0.0976190 0.1227776 0.1179817 0.0899767 0.1642473 0.1858582 0.1224416 0.1200651 0.2083910 0.0993913 0.2125447 0.2173235 0.1825758 0.2987121 0.2018598 0.2322168 0.1328700 0.2052117 0.1995474 0.1307802 0.2097195 0.1933763 0.1400036 0.1888467 0.2053347 0.1979146 0.1448719 0.1562233 0.2002266 0.1571885 0.3867975 
Ctel_gnl_WGS_AMQN_CAPTEDRAFT_mRNA227677             0.1080921 0.0911690 0.0525559 0.0936146 0.1215752 0.0763852 0.0601904 0.0000000 0.1295121 0.1231822 0.1231822 0.1287888 0.1216566 0.1083334 0.1033362 0.1034747 0.1208379 0.1289106 0.1251330 0.1269090 0.1249224 0.1357484 0.1402300 0.1064164 0.1760022 0.2000934 0.1625898 0.1541432 0.2403256 0.1232059 0.2325594 0.2370598 0.2152588 0.2964983 0.2127488 0.2652951 0.1432861 0.2170865 0.2217518 0.1679169 0.2310852 0.2216082 0.1663407 0.2139149 0.2146944 0.2165549 0.1496624 0.1999537 0.1736219 0.1709721 0.4349365 
TrH2_TrispH2_000266-RA                              0.1705765 0.1189088 0.0407118 0.1254934 0.1560943 0.1355100 0.1074184 0.1295121 0.0000000 0.0087997 0.0087997 0.0088081 0.1342069 0.1438091 0.1379214 0.1380982 0.1614024 0.1423486 0.1723314 0.1276734 0.1572755 0.1919781 0.1871560 0.1127914 0.2351985 0.2635486 0.1782170 0.1566034 0.2599930 0.1118465 0.2453102 0.2501718 0.2162014 0.3169020 0.2946708 0.2887901 0.1309092 0.2218324 0.2591519 0.1949511 0.2720724 0.2502892 0.1964476 0.2378997 0.2503878 0.2254787 0.1904287 0.2271628 0.2161432 0.2462978 0.4620198 
Hhon_g05969.t1                                      0.1704325 0.1122597 0.0407118 0.1263119 0.1637549 0.1288483 0.1080978 0.1231822 0.0087997 0.0000000 0.0000010 0.0087403 0.1414943 0.1512989 0.1315136 0.1316858 0.1698697 0.1507802 0.1655569 0.1196638 0.1582653 0.1944173 0.1895677 0.1127914 0.2366443 0.2566410 0.1706098 0.1492903 0.2714256 0.1118465 0.2467811 0.2516194 0.2288299 0.3263854 0.3006309 0.2969598 0.1309092 0.2250868 0.2680876 0.1949511 0.2644685 0.2431752 0.1964476 0.2393052 0.2411915 0.2310964 0.1899650 0.2190862 0.2045464 0.2462978 0.4858609 
HoiH04_mRNA9180                                     0.1704325 0.1122597 0.0407118 0.1263119 0.1637549 0.1288483 0.1080978 0.1231822 0.0087997 0.0000010 0.0000000 0.0087403 0.1414943 0.1512989 0.1315136 0.1316858 0.1698697 0.1507802 0.1655569 0.1196638 0.1582653 0.1944173 0.1895677 0.1127914 0.2366443 0.2566410 0.1706098 0.1492903 0.2714256 0.1118465 0.2467811 0.2516194 0.2288299 0.3263854 0.3006309 0.2969598 0.1309092 0.2250868 0.2680876 0.1949511 0.2644685 0.2431752 0.1964476 0.2393052 0.2411915 0.2310964 0.1899650 0.2190862 0.2045464 0.2462978 0.4858609 
HoiH11_mRNA1580                                     0.1769933 0.1181871 0.0407118 0.1324662 0.1570544 0.1347281 0.1141016 0.1287888 0.0088081 0.0087403 0.0087403 0.0000000 0.1472726 0.1571683 0.1371610 0.1373367 0.1763593 0.1433537 0.1718452 0.1267655 0.1641785 0.1939460 0.1891000 0.1127914 0.2297498 0.2499696 0.1771582 0.1556658 0.2638314 0.1118465 0.2349708 0.2398559 0.2294779 0.3151769 0.3047189 0.2895926 0.1309092 0.2181218 0.2742461 0.1949511 0.2571544 0.2362718 0.1964476 0.2449313 0.2328748 0.2317723 0.1965963 0.2258235 0.2142983 0.2462978 0.4730880 
Exapal_XM_021049344.2                               0.1432111 0.1278303 0.0711212 0.1288740 0.1148599 0.1310756 0.1113993 0.1216566 0.1342069 0.1414943 0.1414943 0.1472726 0.0000000 0.0227191 0.0504192 0.0504842 0.0962012 0.0983940 0.1165061 0.1679606 0.1328308 0.1395269 0.1361941 0.0896494 0.1606926 0.1913443 0.1583396 0.1193400 0.2804888 0.1425372 0.2361385 0.2273500 0.2144572 0.2979933 0.2569696 0.2506308 0.1256918 0.2278720 0.2288290 0.1739808 0.2554388 0.2383005 0.1785560 0.2076006 0.1961314 0.2106897 0.1677975 0.1801037 0.0908902 0.2117592 0.4358006 
Nvec_v1g195622                                      0.1285816 0.1328248 0.0785801 0.1352959 0.1395806 0.1341333 0.1037210 0.1083334 0.1438091 0.1512989 0.1512989 0.1571683 0.0227191 0.0000000 0.0543060 0.0543779 0.0881953 0.0907685 0.1435899 0.1584475 0.1442661 0.1269294 0.1240873 0.1036925 0.1707951 0.2168868 0.1623633 0.1233693 0.2761372 0.1410869 0.2370830 0.2411486 0.2059043 0.3074886 0.2647357 0.2585149 0.1332854 0.2231829 0.2297732 0.1729802 0.2570273 0.2422333 0.1775353 0.2286662 0.1996670 0.2239876 0.1555869 0.1772523 0.0974416 0.2361545 0.4667526 
Gfas_gfas1.m1.23434.m1                              0.1405009 0.1048228 0.0631264 0.1239288 0.1154566 0.1226345 0.1105238 0.1033362 0.1379214 0.1315136 0.1315136 0.1371610 0.0504192 0.0543060 0.0000000 0.0085658 0.1077960 0.1087522 0.1201007 0.1512458 0.1315064 0.1102788 0.0975018 0.1041686 0.1681661 0.1744760 0.1576080 0.1067905 0.2869680 0.1318621 0.2257266 0.2363188 0.2036709 0.3303457 0.2540802 0.2710632 0.1339727 0.2278078 0.2436023 0.1827772 0.2470691 0.2278914 0.1871148 0.1975854 0.1883497 0.2285567 0.1570075 0.1908285 0.0222573 0.2291254 0.4840721 
Fspp_ffun1.m4.19828.m1                              0.1406910 0.1163828 0.0718057 0.1240907 0.1277738 0.1227888 0.1106725 0.1034747 0.1380982 0.1316858 0.1316858 0.1373367 0.0504842 0.0543779 0.0085658 0.0000000 0.1079421 0.1088952 0.1328404 0.1514549 0.1437431 0.1225598 0.1095514 0.1119410 0.1801793 0.1742516 0.1453203 0.1186856 0.2870822 0.1431170 0.2383572 0.2487057 0.2155124 0.3303637 0.2542612 0.2577502 0.1253168 0.2149349 0.2301874 0.1830085 0.2472450 0.2148445 0.1727232 0.2102955 0.1894053 0.2287389 0.1572092 0.1910247 0.0223036 0.2096464 0.4712697 
Dgig_XM_028541217.1                                 0.1208403 0.1126228 0.0584781 0.1264690 0.1193364 0.1029329 0.0966195 0.1208379 0.1614024 0.1698697 0.1698697 0.1763593 0.0962012 0.0881953 0.1077960 0.1079421 0.0000000 0.0350468 0.1462417 0.1440814 0.1311396 0.1219782 0.1345129 0.0954756 0.1691930 0.2066582 0.1489967 0.1524395 0.2339304 0.1021613 0.2412438 0.2450842 0.2130657 0.3070937 0.2846223 0.2751365 0.1474716 0.2640418 0.2433177 0.2113459 0.2819130 0.2696683 0.2091477 0.2290582 0.2552878 0.2181734 0.1509260 0.1780657 0.1785731 0.2552826 0.4510290 
Xesp_008121-T1                                      0.1336569 0.1223543 0.0588897 0.1220842 0.1192950 0.1105306 0.0921110 0.1289106 0.1423486 0.1507802 0.1507802 0.1433537 0.0983940 0.0907685 0.1087522 0.1088952 0.0350468 0.0000000 0.1309774 0.1442714 0.1212032 0.1343087 0.1247154 0.0882460 0.1553743 0.2037908 0.1640401 0.1492433 0.2332480 0.1184968 0.2209512 0.2251252 0.1961562 0.3252674 0.2907344 0.2621557 0.1399360 0.2573326 0.2436867 0.1980529 0.2690496 0.2530260 0.2024827 0.2316926 0.2242778 0.2364929 0.1811318 0.1868451 0.1779008 0.2420068 0.4008220 
Hvul_g30708_1                                       0.1206279 0.1049715 0.0723540 0.0898398 0.0760770 0.1417880 0.1141331 0.1251330 0.1723314 0.1655569 0.1655569 0.1718452 0.1165061 0.1435899 0.1201007 0.1328404 0.1462417 0.1309774 0.0000000 0.1365451 0.0973578 0.1023558 0.0972319 0.1020537 0.1844611 0.1926549 0.1487663 0.1334718 0.2748050 0.1196838 0.2468804 0.2375262 0.1932551 0.3257051 0.3001885 0.2720145 0.1291425 0.2650433 0.2300079 0.1755787 0.2632617 0.2685881 0.1802135 0.1827513 0.2431783 0.2000576 0.1894702 0.1961534 0.2550085 0.2048328 0.5643714 
Skow_XM_002734971.2                                 0.0994422 0.0845444 0.0364584 0.0629394 0.1245797 0.0909626 0.0783988 0.1269090 0.1276734 0.1196638 0.1196638 0.1267655 0.1679606 0.1584475 0.1512458 0.1514549 0.1440814 0.1442714 0.1365451 0.0000000 0.1386203 0.1576923 0.1604932 0.1068474 0.1981657 0.2348625 0.1439115 0.1379399 0.2353191 0.1135706 0.2543830 0.2595542 0.2075438 0.3251809 0.2292167 0.2675402 0.1424533 0.2324995 0.2136577 0.1633201 0.2023738 0.1975747 0.1871000 0.2330640 0.2924829 0.2078279 0.1653215 0.1907603 0.2360852 0.2212395 0.4992561 
Morvir_scaffold487.g3.t1                            0.1461496 0.1005371 0.0608976 0.1046681 0.0601059 0.1076540 0.0976190 0.1249224 0.1572755 0.1582653 0.1582653 0.1641785 0.1328308 0.1442661 0.1315064 0.1437431 0.1311396 0.1212032 0.0973578 0.1386203 0.0000000 0.1029050 0.0980176 0.1103352 0.1785243 0.1782065 0.1482167 0.1496554 0.2470009 0.1392528 0.2350517 0.2399747 0.2035707 0.3151484 0.3029181 0.2661285 0.1353389 0.2560210 0.2242521 0.1785434 0.2368989 0.2393436 0.1773793 0.1976977 0.2532814 0.2039265 0.1909281 0.1899514 0.2446678 0.1986172 0.4777390 
Rhoesc_Res_002652-T1                                0.1340276 0.1327486 0.0820700 0.1372247 0.0848040 0.1265737 0.1227776 0.1357484 0.1919781 0.1944173 0.1944173 0.1939460 0.1395269 0.1269294 0.1102788 0.1225598 0.1219782 0.1343087 0.1023558 0.1576923 0.1029050 0.0000000 0.0181116 0.1224341 0.2211112 0.2210473 0.1794758 0.1585002 0.2057267 0.1234356 0.2300040 0.2367202 0.2374757 0.2767812 0.2231009 0.2596110 0.1373540 0.2368954 0.2372145 0.1841314 0.2400602 0.2402513 0.2005324 0.1892719 0.1292060 0.2395070 0.1683411 0.1999850 0.2377739 0.2358088 0.3632808 
Sanmal_Sma_017831-T1                                0.1254302 0.1140468 0.0722165 0.1321427 0.0673151 0.1219797 0.1179817 0.1402300 0.1871560 0.1895677 0.1895677 0.1891000 0.1361941 0.1240873 0.0975018 0.1095514 0.1345129 0.1247154 0.0972319 0.1604932 0.0980176 0.0181116 0.0000000 0.1198179 0.2134887 0.2121624 0.1794109 0.1673632 0.1990601 0.1364434 0.2324569 0.2372990 0.2373533 0.2741007 0.2328408 0.2440280 0.1341621 0.2271649 0.2304931 0.1714931 0.2307720 0.2224518 0.1871015 0.2015140 0.1329982 0.2430812 0.1706462 0.2004019 0.2099457 0.2122563 0.3437817 
Ocar_g8098                                          0.0910567 0.0900350 0.1001970 0.0978622 0.1080519 0.0976815 0.0899767 0.1064164 0.1127914 0.1127914 0.1127914 0.1127914 0.0896494 0.1036925 0.1041686 0.1119410 0.0954756 0.0882460 0.1020537 0.1068474 0.1103352 0.1224341 0.1198179 0.0000000 0.0000010 0.0576434 0.1319702 0.1218001 0.1511302 0.1274736 0.1626176 0.1540233 0.1662071 0.1644855 0.0896263 0.1550324 0.1550324 0.1539806 0.1706136 0.1400172 0.1359657 0.1623937 0.1466538 0.1608657 0.1224341 0.1498221 0.1415786 0.1551762 0.2131797 0.1713312 0.1916922 
Opea_EP00118_Oscarella_pearsei_P024822              0.1805084 0.1452126 0.1001970 0.1537243 0.1801591 0.1894338 0.1642473 0.1760022 0.2351985 0.2366443 0.2366443 0.2297498 0.1606926 0.1707951 0.1681661 0.1801793 0.1691930 0.1553743 0.1844611 0.1981657 0.1785243 0.2211112 0.2134887 0.0000010 0.0000000 0.1053157 0.2215285 0.2215689 0.3537018 0.1274736 0.2921276 0.2895578 0.2390482 0.3440107 0.2640670 0.2475920 0.1550324 0.2934901 0.2698183 0.2033141 0.2319718 0.2599072 0.2157166 0.2523350 0.3354397 0.2497107 0.2711145 0.2459354 0.2996608 0.2207719 0.7003732 
Plajan_Pjan_C564128_01                              0.1954379 0.1457480 0.1146400 0.1826401 0.1629324 0.1901822 0.1858582 0.2000934 0.2635486 0.2566410 0.2566410 0.2499696 0.1913443 0.2168868 0.1744760 0.1742516 0.2066582 0.2037908 0.1926549 0.2348625 0.1782065 0.2210473 0.2121624 0.0576434 0.1053157 0.0000000 0.1912108 0.2265928 0.2982367 0.1279265 0.2870840 0.2802688 0.2693429 0.3252179 0.3032953 0.2710437 0.1436349 0.2974866 0.2709283 0.2307366 0.2581644 0.2583137 0.2275951 0.2641792 0.3341437 0.2573532 0.2740533 0.2217116 0.3121622 0.2352852 0.6571545 
Scil_scict003359.1                                  0.1427959 0.1306240 0.1083866 0.1285378 0.1576554 0.1272361 0.1224416 0.1625898 0.1782170 0.1706098 0.1706098 0.1771582 0.1583396 0.1623633 0.1576080 0.1453203 0.1489967 0.1640401 0.1487663 0.1439115 0.1482167 0.1794758 0.1794109 0.1319702 0.2215285 0.1912108 0.0000000 0.0857363 0.2442749 0.1370686 0.2413752 0.2303540 0.1915631 0.2741399 0.2677260 0.2965103 0.1568332 0.2616063 0.2282059 0.1971460 0.2474205 0.2408853 0.1870479 0.2435278 0.2785732 0.1662766 0.1540138 0.0395623 0.2208418 0.2217434 0.4886925 
Clacor_Ccor_C535153_01                              0.1489119 0.1169646 0.0746683 0.1223651 0.1568094 0.1385832 0.1200651 0.1541432 0.1566034 0.1492903 0.1492903 0.1556658 0.1193400 0.1233693 0.1067905 0.1186856 0.1524395 0.1492433 0.1334718 0.1379399 0.1496554 0.1585002 0.1673632 0.1218001 0.2215689 0.2265928 0.0857363 0.0000000 0.2490332 0.0882793 0.2029503 0.1922182 0.1672627 0.2936505 0.2718152 0.2888880 0.1359981 0.2340170 0.2280850 0.1681222 0.2383047 0.2247824 0.1803242 0.2246285 0.2513998 0.1653109 0.1321810 0.1286920 0.1879682 0.2400123 0.4890611 
Aque_Aqu2.1.43980_001                               0.2272538 0.2396482 0.1040250 0.2263102 0.2257251 0.2184707 0.2083910 0.2403256 0.2599930 0.2714256 0.2714256 0.2638314 0.2804888 0.2761372 0.2869680 0.2870822 0.2339304 0.2332480 0.2748050 0.2353191 0.2470009 0.2057267 0.1990601 0.1511302 0.3537018 0.2982367 0.2442749 0.2490332 0.0000000 0.0084820 0.1348152 0.1397109 0.1217164 0.2409260 0.3766924 0.3556694 0.1741683 0.3574894 0.3488714 0.1985372 0.3755315 0.3699153 0.2039067 0.3422461 0.3466056 0.1368094 0.2191608 0.2501094 0.4591107 0.2524270 0.1024476 
Xestes_maker-XT_scaffold131762-snap-gene-0.8-mRNA-1 0.1078560 0.1005265 0.1036432 0.0982261 0.1207709 0.1116264 0.0993913 0.1232059 0.1118465 0.1118465 0.1118465 0.1118465 0.1425372 0.1410869 0.1318621 0.1431170 0.1021613 0.1184968 0.1196838 0.1135706 0.1392528 0.1234356 0.1364434 0.1274736 0.1274736 0.1279265 0.1370686 0.0882793 0.0084820 0.0000000 0.0350513 0.0350513 0.0442906 0.0544733 0.1322754 0.1551861 0.1551861 0.1551861 0.1406313 0.1237448 0.1402047 0.1674919 0.1314214 0.1276099 0.1234356 0.0717737 0.1090282 0.1505088 0.3195147 0.2815746 0.0000010 
Emue_Em0002g758a.t1                                 0.2548920 0.2348872 0.1272504 0.2190717 0.2305164 0.2287119 0.2125447 0.2325594 0.2453102 0.2467811 0.2467811 0.2349708 0.2361385 0.2370830 0.2257266 0.2383572 0.2412438 0.2209512 0.2468804 0.2543830 0.2350517 0.2300040 0.2324569 0.1626176 0.2921276 0.2870840 0.2413752 0.2029503 0.1348152 0.0350513 0.0000000 0.0086462 0.1062476 0.2237891 0.3747913 0.3657847 0.1711311 0.3283270 0.3549590 0.2101426 0.3708522 0.3310734 0.2141872 0.3153890 0.2760853 0.1392002 0.2348125 0.2455718 0.3651531 0.2823914 0.2743574 
Spolac_c94218_g1_i1_m.9772c94218-g1                 0.2458304 0.2259029 0.1272504 0.2098395 0.2218197 0.2332420 0.2173235 0.2370598 0.2501718 0.2516194 0.2516194 0.2398559 0.2273500 0.2411486 0.2363188 0.2487057 0.2450842 0.2251252 0.2375262 0.2595542 0.2399747 0.2367202 0.2372990 0.1540233 0.2895578 0.2802688 0.2303540 0.1922182 0.1397109 0.0350513 0.0086462 0.0000000 0.1075207 0.2088126 0.3636552 0.3551470 0.1618440 0.3179230 0.3441840 0.2003692 0.3600000 0.3210586 0.2045856 0.3082746 0.2789664 0.1306938 0.2396353 0.2357238 0.3814837 0.2685626 0.2799146 
Tetwil_g3475.t1                                     0.2454568 0.2106226 0.1274266 0.1789724 0.2345551 0.1923240 0.1825758 0.2152588 0.2162014 0.2288299 0.2288299 0.2294779 0.2144572 0.2059043 0.2036709 0.2155124 0.2130657 0.1961562 0.1932551 0.2075438 0.2035707 0.2374757 0.2373533 0.1662071 0.2390482 0.2693429 0.1915631 0.1672627 0.1217164 0.0442906 0.1062476 0.1075207 0.0000000 0.2336031 0.3439950 0.3442341 0.1963682 0.3109212 0.3106363 0.2180725 0.3338604 0.3110427 0.2289873 0.3124270 0.3192662 0.0931179 0.2211241 0.1984961 0.2802728 0.2673619 0.2752891 
Plespi_Pspi_scaffold15671_01                        0.2541587 0.2861185 0.1355348 0.3108314 0.2761755 0.3022132 0.2987121 0.2964983 0.3169020 0.3263854 0.3263854 0.3151769 0.2979933 0.3074886 0.3303457 0.3303637 0.3070937 0.3252674 0.3257051 0.3251809 0.3151484 0.2767812 0.2741007 0.1644855 0.3440107 0.3252179 0.2741399 0.2936505 0.2409260 0.0544733 0.2237891 0.2088126 0.2336031 0.0000000 0.3636828 0.4279997 0.2256963 0.4119411 0.4417519 0.2505040 0.4008844 0.3822837 0.2601669 0.3481913 0.4225403 0.2394936 0.2945355 0.2850160 0.5208505 0.2962840 0.5884753 
Lcom_lcpid110383                                    0.2062817 0.2358681 0.0846253 0.2181519 0.2615924 0.2260695 0.2018598 0.2127488 0.2946708 0.3006309 0.3006309 0.3047189 0.2569696 0.2647357 0.2540802 0.2542612 0.2846223 0.2907344 0.3001885 0.2292167 0.3029181 0.2231009 0.2328408 0.0896263 0.2640670 0.3032953 0.2677260 0.2718152 0.3766924 0.1322754 0.3747913 0.3636552 0.3439950 0.3636828 0.0000000 0.3579396 0.1658842 0.3105897 0.3303488 0.2057356 0.2829468 0.2695440 0.2366193 0.3356303 0.4335334 0.3691347 0.2950877 0.3142624 0.5557237 0.2344990 0.8047493 
Mlei_ML0490.g24.i1                                  0.2785480 0.2153612 0.1242316 0.2337893 0.2487870 0.2664794 0.2322168 0.2652951 0.2887901 0.2969598 0.2969598 0.2895926 0.2506308 0.2585149 0.2710632 0.2577502 0.2751365 0.2621557 0.2720145 0.2675402 0.2661285 0.2596110 0.2440280 0.1550324 0.2475920 0.2710437 0.2965103 0.2888880 0.3556694 0.1551861 0.3657847 0.3551470 0.3442341 0.4279997 0.3579396 0.0000000 0.0000010 0.0568214 0.0539927 0.0336495 0.0703553 0.0570015 0.0387923 0.1923660 0.4196921 0.3339580 0.2949293 0.3578444 0.4724712 0.0701284 0.7307582 
Bolinf_Binf_sb1270498                               0.1308515 0.1130310 0.1242316 0.1332855 0.1139037 0.1493513 0.1328700 0.1432861 0.1309092 0.1309092 0.1309092 0.1309092 0.1256918 0.1332854 0.1339727 0.1253168 0.1474716 0.1399360 0.1291425 0.1424533 0.1353389 0.1373540 0.1341621 0.1550324 0.1550324 0.1436349 0.1568332 0.1359981 0.1741683 0.1551861 0.1711311 0.1618440 0.1963682 0.2256963 0.1658842 0.0000010 0.0000000 0.0128734 0.0125755 0.0373844 0.0269382 0.0195271 0.0202233 0.1051956 0.1373540 0.1801224 0.1412496 0.2077600 0.2518805 0.0850888 0.2363104 
Lampan_Lpan_C405017_01                              0.2408798 0.1915910 0.1168571 0.2130581 0.2301351 0.2307217 0.2052117 0.2170865 0.2218324 0.2250868 0.2250868 0.2181218 0.2278720 0.2231829 0.2278078 0.2149349 0.2640418 0.2573326 0.2650433 0.2324995 0.2560210 0.2368954 0.2271649 0.1539806 0.2934901 0.2974866 0.2616063 0.2340170 0.3574894 0.1551861 0.3283270 0.3179230 0.3109212 0.4119411 0.3105897 0.0568214 0.0128734 0.0000000 0.0805985 0.0317802 0.0642669 0.0444707 0.0318981 0.1807438 0.4027017 0.3044089 0.2522309 0.3256537 0.3696314 0.0601155 0.6919214 
Beraby_Baby_sb335484                                0.2190889 0.2003896 0.1357736 0.1864742 0.2321209 0.2172592 0.1995474 0.2217518 0.2591519 0.2680876 0.2680876 0.2742461 0.2288290 0.2297732 0.2436023 0.2301874 0.2433177 0.2436867 0.2300079 0.2136577 0.2242521 0.2372145 0.2304931 0.1706136 0.2698183 0.2709283 0.2282059 0.2280850 0.3488714 0.1406313 0.3549590 0.3441840 0.3106363 0.4417519 0.3303488 0.0539927 0.0125755 0.0805985 0.0000000 0.0417827 0.0814674 0.0727375 0.0471043 0.1931196 0.3778762 0.2664193 0.2854572 0.2825703 0.4144974 0.0836247 0.8472393 
Pbac_sb2651869                                      0.1431736 0.1423066 0.1007517 0.1356335 0.1690098 0.1489060 0.1307802 0.1679169 0.1949511 0.1949511 0.1949511 0.1949511 0.1739808 0.1729802 0.1827772 0.1830085 0.2113459 0.1980529 0.1755787 0.1633201 0.1785434 0.1841314 0.1714931 0.1400172 0.2033141 0.2307366 0.1971460 0.1681222 0.1985372 0.1237448 0.2101426 0.2003692 0.2180725 0.2505040 0.2057356 0.0336495 0.0373844 0.0317802 0.0417827 0.0000000 0.0048582 0.0315464 0.0518439 0.1291595 0.1933943 0.1896814 0.1829863 0.1853286 0.2799976 0.0494900 0.3297533 
Horcal_Hcv1.av93.c7.g730.i1                         0.2313918 0.1889681 0.0998527 0.1818234 0.2355258 0.2262222 0.2097195 0.2310852 0.2720724 0.2644685 0.2644685 0.2571544 0.2554388 0.2570273 0.2470691 0.2472450 0.2819130 0.2690496 0.2632617 0.2023738 0.2368989 0.2400602 0.2307720 0.1359657 0.2319718 0.2581644 0.2474205 0.2383047 0.3755315 0.1402047 0.3708522 0.3600000 0.3338604 0.4008844 0.2829468 0.0703553 0.0269382 0.0642669 0.0814674 0.0048582 0.0000000 0.0446018 0.0440470 0.1715797 0.4104679 0.2939651 0.2603941 0.2987032 0.4141173 0.0686771 0.9094888 
Eupdun_Edun_sb10646702                              0.2352610 0.1848661 0.1262148 0.1902713 0.2243718 0.2190050 0.1933763 0.2216082 0.2502892 0.2431752 0.2431752 0.2362718 0.2383005 0.2422333 0.2278914 0.2148445 0.2696683 0.2530260 0.2685881 0.1975747 0.2393436 0.2402513 0.2224518 0.1623937 0.2599072 0.2583137 0.2408853 0.2247824 0.3699153 0.1674919 0.3310734 0.3210586 0.3110427 0.3822837 0.2695440 0.0570015 0.0195271 0.0444707 0.0727375 0.0315464 0.0446018 0.0000000 0.0316616 0.1924622 0.4150050 0.2871748 0.2739204 0.3018586 0.3716853 0.0594160 0.7103258 
Mertsp_Mesp_sb572338                                0.1613232 0.1463545 0.1139490 0.1577429 0.1680979 0.1527428 0.1400036 0.1663407 0.1964476 0.1964476 0.1964476 0.1964476 0.1785560 0.1775353 0.1871148 0.1727232 0.2091477 0.2024827 0.1802135 0.1871000 0.1773793 0.2005324 0.1871015 0.1466538 0.2157166 0.2275951 0.1870479 0.1803242 0.2039067 0.1314214 0.2141872 0.2045856 0.2289873 0.2601669 0.2366193 0.0387923 0.0202233 0.0318981 0.0471043 0.0518439 0.0440470 0.0316616 0.0000000 0.1436543 0.1929125 0.2210387 0.1875730 0.2279382 0.2996233 0.0431128 0.3504454 
Drygla_Dgla_sb308454                                0.2113212 0.1908035 0.0993803 0.1893873 0.1749462 0.2123335 0.1888467 0.2139149 0.2378997 0.2393052 0.2393052 0.2449313 0.2076006 0.2286662 0.1975854 0.2102955 0.2290582 0.2316926 0.1827513 0.2330640 0.1976977 0.1892719 0.2015140 0.1608657 0.2523350 0.2641792 0.2435278 0.2246285 0.3422461 0.1276099 0.3153890 0.3082746 0.3124270 0.3481913 0.3356303 0.1923660 0.1051956 0.1807438 0.1931196 0.1291595 0.1715797 0.1924622 0.1436543 0.0000000 0.3466496 0.2920285 0.2624817 0.2785558 0.3911973 0.1870801 0.7302018 
Nemnom_g9900.t1                                     0.2304416 0.2366932 0.0820700 0.2299596 0.2318670 0.2025282 0.2053347 0.2146944 0.2503878 0.2411915 0.2411915 0.2328748 0.1961314 0.1996670 0.1883497 0.1894053 0.2552878 0.2242778 0.2431783 0.2924829 0.2532814 0.1292060 0.1329982 0.1224341 0.3354397 0.3341437 0.2785732 0.2513998 0.3466056 0.1234356 0.2760853 0.2789664 0.3192662 0.4225403 0.4335334 0.4196921 0.1373540 0.4027017 0.3778762 0.1933943 0.4104679 0.4150050 0.1929125 0.3466496 0.0000000 0.3179200 0.3097800 0.3118801 0.4188663 0.2367259 0.7337161 
Stycar_maker-SC_scaffold6417-snap-gene-0.20-mRNA-1  0.2159419 0.2031412 0.1441292 0.1967639 0.2246851 0.1913077 0.1979146 0.2165549 0.2254787 0.2310964 0.2310964 0.2317723 0.2106897 0.2239876 0.2285567 0.2287389 0.2181734 0.2364929 0.2000576 0.2078279 0.2039265 0.2395070 0.2430812 0.1498221 0.2497107 0.2573532 0.1662766 0.1653109 0.1368094 0.0717737 0.1392002 0.1306938 0.0931179 0.2394936 0.3691347 0.3339580 0.1801224 0.3044089 0.2664193 0.1896814 0.2939651 0.2871748 0.2210387 0.2920285 0.3179200 0.0000000 0.2198777 0.1458444 0.3187515 0.2240224 0.3247933 
Leuniv_Lniv_C809448_01                              0.1595337 0.1622790 0.0844659 0.1716601 0.1779212 0.1781111 0.1448719 0.1496624 0.1904287 0.1899650 0.1899650 0.1965963 0.1677975 0.1555869 0.1570075 0.1572092 0.1509260 0.1811318 0.1894702 0.1653215 0.1909281 0.1683411 0.1706462 0.1415786 0.2711145 0.2740533 0.1540138 0.1321810 0.2191608 0.1090282 0.2348125 0.2396353 0.2211241 0.2945355 0.2950877 0.2949293 0.1412496 0.2522309 0.2854572 0.1829863 0.2603941 0.2739204 0.1875730 0.2624817 0.3097800 0.2198777 0.0000000 0.1976675 0.2702643 0.2397075 0.4342218 
Gracom_Gcom_scaffold11901_01                        0.1776099 0.1706086 0.1594484 0.1717304 0.2004515 0.1611422 0.1562233 0.1999537 0.2271628 0.2190862 0.2190862 0.2258235 0.1801037 0.1772523 0.1908285 0.1910247 0.1780657 0.1868451 0.1961534 0.1907603 0.1899514 0.1999850 0.2004019 0.1551762 0.2459354 0.2217116 0.0395623 0.1286920 0.2501094 0.1505088 0.2455718 0.2357238 0.1984961 0.2850160 0.3142624 0.3578444 0.2077600 0.3256537 0.2825703 0.1853286 0.2987032 0.3018586 0.2279382 0.2785558 0.3118801 0.1458444 0.1976675 0.0000000 0.2241184 0.2369234 0.4699859 
Gasp_gasp1.m3.2674.m1                               0.2841617 0.1972961 0.0953383 0.2232716 0.2492723 0.1966681 0.2002266 0.1736219 0.2161432 0.2045464 0.2045464 0.2142983 0.0908902 0.0974416 0.0222573 0.0223036 0.1785731 0.1779008 0.2550085 0.2360852 0.2446678 0.2377739 0.2099457 0.2131797 0.2996608 0.3121622 0.2208418 0.1879682 0.4591107 0.3195147 0.3651531 0.3814837 0.2802728 0.5208505 0.5557237 0.4724712 0.2518805 0.3696314 0.4144974 0.2799976 0.4141173 0.3716853 0.2996233 0.3911973 0.4188663 0.3187515 0.2702643 0.2241184 0.0000000 0.2381709 0.4712697 
Coemet_Cmet_scaffold21685_01                        0.2002911 0.1652597 0.1550530 0.1706226 0.1939931 0.1595584 0.1571885 0.1709721 0.2462978 0.2462978 0.2462978 0.2462978 0.2117592 0.2361545 0.2291254 0.2096464 0.2552826 0.2420068 0.2048328 0.2212395 0.1986172 0.2358088 0.2122563 0.1713312 0.2207719 0.2352852 0.2217434 0.2400123 0.2524270 0.2815746 0.2823914 0.2685626 0.2673619 0.2962840 0.2344990 0.0701284 0.0850888 0.0601155 0.0836247 0.0494900 0.0686771 0.0594160 0.0431128 0.1870801 0.2367259 0.2240224 0.2397075 0.2369234 0.2381709 0.0000000 0.2515335 
Halamb_c28047_g1_i1m.5634                           0.5036409 0.4798283 0.2296081 0.5155839 0.4396058 0.4227501 0.3867975 0.4349365 0.4620198 0.4858609 0.4858609 0.4730880 0.4358006 0.4667526 0.4840721 0.4712697 0.4510290 0.4008220 0.5643714 0.4992561 0.4777390 0.3632808 0.3437817 0.1916922 0.7003732 0.6571545 0.4886925 0.4890611 0.1024476 0.0000010 0.2743574 0.2799146 0.2752891 0.5884753 0.8047493 0.7307582 0.2363104 0.6919214 0.8472393 0.3297533 0.9094888 0.7103258 0.3504454 0.7302018 0.7337161 0.3247933 0.4342218 0.4699859 0.4712697 0.2515335 0.0000000 
