50
Hsap_ENST00000382643                                             0.0000000 0.3043655 0.4791675 0.1489816 0.5409965 0.4988332 0.2622497 0.5003123 0.1890230 0.2446885 0.2488068 0.2857245 0.4272182 0.2717932 0.3687134 0.3841602 0.3505681 0.3641613 0.3842263 0.1263160 0.4160054 0.4131624 0.4429035 0.3093064 0.4421634 0.2638058 0.3112082 0.3493080 0.3752524 0.3200443 0.3039473 0.3056831 0.3200891 0.3200891 0.3171366 0.3171366 0.3110449 0.3185801 0.3683606 0.3303232 0.4851528 0.5070346 0.3955588 0.3684335 0.3619844 0.5142144 0.4738279 0.3168768 0.5352305 1.7870228 
Bralan_BLAG04000258_2                                            0.3043655 0.0000000 0.4469402 0.1273220 0.5124118 0.4836579 0.2642977 0.4819745 0.2186668 0.2552630 0.2782747 0.2672434 0.3762440 0.2487022 0.3117163 0.3212674 0.3044872 0.3074065 0.3370358 0.2258069 0.4091627 0.4188879 0.4086557 0.3415082 0.3947849 0.2620112 0.2870711 0.3954140 0.3783785 0.3590235 0.3500307 0.3459135 0.3074544 0.3074544 0.2960810 0.2960810 0.3014987 0.3051942 0.3861067 0.3487580 0.4443677 0.4379028 0.3466390 0.3172305 0.3099086 0.4786080 0.4483580 0.3695554 0.4147385 1.8084620 
Mlei_ML0732.g5.i1                                                0.4791675 0.4469402 0.0000000 0.0371571 0.1225929 0.0895220 0.0624002 0.1031413 0.0670924 0.0805270 0.4013259 0.4010465 0.4779233 0.2954763 0.4827122 0.4545987 0.4417321 0.4513274 0.4729005 0.2126856 0.5061679 0.5159215 0.5276332 0.4266407 0.4701561 0.3738102 0.3629577 0.3909700 0.4337264 0.4329188 0.3857676 0.3778208 0.4341834 0.4341834 0.4163040 0.4163040 0.4110837 0.4273565 0.4154244 0.4379274 0.5479792 0.4955352 0.4027039 0.4283108 0.4634921 0.7928828 0.6716566 0.6257069 0.5898846 0.2430983 
Bolinf_Binf_sb1175551                                            0.1489816 0.1273220 0.0371571 0.0000000 0.0300020 0.0297048 0.0601385 0.0473304 0.0488578 0.0675514 0.1541590 0.1463736 0.2041214 0.1749662 0.1749662 0.1702164 0.1735313 0.1791303 0.2005209 0.2203110 0.2149158 0.2149158 0.1991243 0.1413797 0.1632725 0.1632598 0.1477639 0.1668720 0.1588318 0.1554698 0.1569486 0.1569486 0.1928621 0.1928621 0.1894104 0.1894104 0.1894104 0.1894104 0.1623171 0.1623171 0.2447080 0.1929711 0.1988524 0.1786241 0.1600060 0.3412609 0.3074698 0.2147309 0.1803203 0.0000010 
Lampan_Lpan_5448_01                                              0.5409965 0.5124118 0.1225929 0.0300020 0.0000000 0.1036014 0.0534476 0.1430461 0.0791016 0.0714302 0.4442547 0.4636775 0.5172158 0.3058852 0.4761907 0.4827518 0.4491632 0.4526580 0.4840062 0.2987060 0.5352910 0.5079176 0.5676473 0.4567388 0.5007056 0.4272419 0.4267264 0.4675791 0.4613982 0.4856983 0.3988156 0.3908919 0.4400464 0.4400464 0.4369390 0.4369390 0.4316299 0.4478861 0.4273344 0.4614084 0.5670156 0.5043417 0.4244789 0.4984361 0.5454904 0.7834794 0.6668580 0.7028127 0.6291914 0.3148175 
Vmul_SimC402112                                                  0.4988332 0.4836579 0.0895220 0.0297048 0.1036014 0.0000000 0.0229264 0.0903148 0.0592099 0.0385253 0.4045795 0.4100269 0.4623560 0.3157149 0.4764665 0.4626631 0.4570065 0.4663799 0.4901855 0.2176464 0.5239630 0.5340806 0.5174789 0.4060322 0.4942891 0.3652615 0.3986176 0.4344400 0.4561398 0.4411218 0.3817982 0.3738844 0.4240518 0.4240518 0.4066705 0.4066705 0.4016560 0.4174291 0.4010831 0.4476397 0.5155312 0.5105425 0.3737489 0.4840684 0.5324683 0.7350074 0.6238229 0.6490916 0.6161441 0.2032563 
Coemet_Cmet_scaffold14117_01                                     0.2622497 0.2642977 0.0624002 0.0601385 0.0534476 0.0229264 0.0000000 0.0532927 0.0878347 0.0046069 0.2072836 0.2113206 0.2638168 0.2554018 0.2572129 0.2532863 0.2595260 0.2679735 0.2915548 0.2427481 0.2914071 0.2933594 0.2771869 0.1893812 0.2529640 0.2118745 0.1945138 0.2345734 0.2231248 0.1993582 0.1785858 0.1785858 0.2130264 0.2130264 0.2111721 0.2111721 0.2111721 0.2111721 0.1866899 0.1866899 0.2879477 0.2836138 0.2426688 0.2621846 0.2699802 0.3449396 0.3326350 0.3406382 0.2827628 0.0000010 
Horcal_Hcv1.av93.c3.g70.i1                                       0.5003123 0.4819745 0.1031413 0.0473304 0.1430461 0.0903148 0.0532927 0.0000000 0.0618475 0.0611292 0.4240647 0.4401191 0.4900471 0.3286830 0.5217332 0.5167347 0.5059135 0.5125603 0.5620387 0.2584328 0.5312522 0.5409858 0.5531236 0.4530752 0.5271961 0.4075933 0.4060354 0.4501052 0.4964387 0.4351887 0.3870718 0.3894742 0.4096317 0.4096317 0.3922794 0.3922794 0.3873667 0.4030430 0.4617663 0.4672040 0.5201762 0.5595858 0.4269158 0.4521827 0.4978249 0.6763347 0.6205482 0.6866807 0.6126504 0.0725410 
Drygla_Dgla_sb288511                                             0.1890230 0.2186668 0.0670924 0.0488578 0.0791016 0.0592099 0.0878347 0.0618475 0.0000000 0.0931653 0.1695118 0.1759132 0.1989736 0.1786089 0.1865656 0.1886426 0.1889846 0.1986165 0.2095052 0.1970749 0.2307360 0.2307360 0.2305408 0.1500535 0.2204103 0.1795556 0.1740159 0.1759358 0.1710253 0.1781930 0.1690987 0.1690987 0.1945562 0.1945562 0.1926010 0.1926010 0.1926010 0.1926010 0.1721853 0.1721853 0.2349675 0.2491803 0.2069869 0.2202413 0.2222328 0.2943144 0.2642135 0.2389460 0.2160991 0.1798048 
Coeast_Cast_sb801261                                             0.2446885 0.2552630 0.0805270 0.0675514 0.0714302 0.0385253 0.0046069 0.0611292 0.0931653 0.0000000 0.2008850 0.2048745 0.2423441 0.2450820 0.2468007 0.2430532 0.2493451 0.2577338 0.2805158 0.2427481 0.2849244 0.2849244 0.2583899 0.1848213 0.2368159 0.2053365 0.1882651 0.2171480 0.2058186 0.1929386 0.1626888 0.1626888 0.2077447 0.2077447 0.2059267 0.2059267 0.2059267 0.2059267 0.1816237 0.1816237 0.2862732 0.2781906 0.2249024 0.2637650 0.2715107 0.3252785 0.3167199 0.3312469 0.2694975 0.0623463 
Cgig_XM_011435019.3                                              0.2488068 0.2782747 0.4013259 0.1541590 0.4442547 0.4045795 0.2072836 0.4240647 0.1695118 0.2008850 0.0000000 0.1073276 0.3337418 0.1939775 0.2738806 0.2837084 0.2658181 0.2687464 0.3125476 0.1292849 0.2395169 0.2362837 0.2625546 0.2310263 0.2711635 0.1729858 0.1976624 0.2354711 0.2439572 0.1845130 0.1822923 0.1776589 0.2523291 0.2523291 0.2433591 0.2433591 0.2462271 0.2546369 0.2432262 0.2258075 0.3022361 0.2724211 0.2698510 0.2311163 0.2492678 0.4006168 0.3750735 0.2381676 0.4071142 1.2755468 
Acagra_model.g15385.t1.2.5d3b87e2                                0.2857245 0.2672434 0.4010465 0.1463736 0.4636775 0.4100269 0.2113206 0.4401191 0.1759132 0.2048745 0.1073276 0.0000000 0.3471927 0.1701103 0.2334004 0.2405827 0.2396496 0.2425808 0.2528885 0.1106618 0.2678012 0.2762971 0.3191095 0.2551356 0.2810740 0.1876378 0.2147676 0.2407393 0.2601744 0.2055227 0.2183565 0.2144118 0.2657592 0.2657592 0.2714133 0.2714133 0.2744922 0.2726478 0.2488545 0.2533072 0.3359386 0.3020336 0.2816926 0.2641721 0.2867768 0.4640591 0.4078629 0.2164828 0.4086009 1.4202851 
Nvec_NVE22372                                                    0.4272182 0.3762440 0.4779233 0.2041214 0.5172158 0.4623560 0.2638168 0.4900471 0.1989736 0.2423441 0.3337418 0.3471927 0.0000000 0.1474859 0.2259848 0.2358962 0.2437865 0.2654140 0.2724896 0.0890541 0.3322595 0.3504683 0.3840618 0.3601710 0.3016485 0.3364620 0.3208091 0.3729409 0.3927288 0.3575167 0.3422613 0.3370361 0.3030281 0.3030281 0.3055023 0.3055023 0.2995316 0.2976954 0.3681004 0.3658032 0.1857605 0.3606700 0.3097954 0.3761128 0.3819946 0.4766328 0.4067493 0.3818691 0.3452433 1.5438066 
Adig_XM_015921065.1                                              0.2717932 0.2487022 0.2954763 0.1749662 0.3058852 0.3157149 0.2554018 0.3286830 0.1786089 0.2450820 0.1939775 0.1701103 0.1474859 0.0000000 0.0192211 0.0309539 0.0615230 0.0788998 0.0698520 0.0741474 0.1909489 0.2009386 0.2003885 0.1853957 0.1849679 0.1852733 0.1629026 0.1873400 0.1831119 0.2011737 0.2100233 0.2100233 0.2413184 0.2413184 0.2419011 0.2419011 0.2361579 0.2343496 0.1925570 0.1925103 0.1777501 0.2128565 0.1981312 0.2345780 0.2422282 0.3504056 0.3063999 0.2421922 0.0783190 0.6726907 
Amil_Amillepora12709-RA                                          0.3687134 0.3117163 0.4827122 0.1749662 0.4761907 0.4764665 0.2572129 0.5217332 0.1865656 0.2468007 0.2738806 0.2334004 0.2259848 0.0192211 0.0000000 0.0318031 0.0763120 0.0929339 0.0771769 0.0916323 0.2726006 0.2824655 0.2700468 0.2511347 0.2324962 0.2478845 0.2225702 0.2731008 0.2756322 0.2516502 0.2582401 0.2541648 0.2890492 0.2890492 0.2937572 0.2937572 0.2878719 0.2814384 0.3117068 0.2555397 0.2508769 0.2652538 0.2531396 0.3149749 0.3283798 0.4568478 0.3679591 0.2917657 0.2223172 2.0674042 
Gfas_gfas1.m1.13488.m1                                           0.3841602 0.3212674 0.4545987 0.1702164 0.4827518 0.4626631 0.2532863 0.5167347 0.1886426 0.2430532 0.2837084 0.2405827 0.2358962 0.0309539 0.0318031 0.0000000 0.0721369 0.0886610 0.0689799 0.0742029 0.2738347 0.2908481 0.2753058 0.2585975 0.2415421 0.2535037 0.2318453 0.2840256 0.2987264 0.2777084 0.2854189 0.2813272 0.3046279 0.3046279 0.2964162 0.2964162 0.2905595 0.2949171 0.3077659 0.2558865 0.2630779 0.2744005 0.2699285 0.3163599 0.3212558 0.4617109 0.3758325 0.2846361 0.2109778 1.9708376 
Spis_XP_022787401_1                                              0.3505681 0.3044872 0.4417321 0.1735313 0.4491632 0.4570065 0.2595260 0.5059135 0.1889846 0.2493451 0.2658181 0.2396496 0.2437865 0.0615230 0.0763120 0.0721369 0.0000000 0.0208909 0.0722426 0.0594622 0.2655583 0.2632912 0.2749190 0.2695586 0.2551229 0.2339842 0.2270047 0.3069457 0.3202896 0.2938352 0.3075819 0.3034452 0.2816900 0.2816900 0.2728956 0.2728956 0.2671030 0.2714422 0.2804303 0.2783547 0.2820651 0.2822680 0.2549221 0.3138681 0.3206233 0.4190425 0.3552497 0.2789527 0.2189297 1.7848421 
Pocdam_XM_027182054.1                                            0.3641613 0.3074065 0.4513274 0.1791303 0.4526580 0.4663799 0.2679735 0.5125603 0.1986165 0.2577338 0.2687464 0.2425808 0.2654140 0.0788998 0.0929339 0.0886610 0.0208909 0.0000000 0.0867879 0.0446007 0.2821728 0.2802452 0.2891278 0.2738037 0.2693113 0.2454929 0.2371081 0.3134735 0.3272422 0.2875042 0.3128825 0.3087548 0.2921295 0.2921295 0.3026272 0.3026272 0.2967891 0.3011272 0.3027406 0.3010415 0.2743561 0.2755122 0.2675962 0.3302698 0.3382814 0.4300292 0.3652627 0.2821538 0.2396305 1.7845439 
Fspp_ffun1.m4.3224.m1                                            0.3842263 0.3370358 0.4729005 0.2005209 0.4840062 0.4901855 0.2915548 0.5620387 0.2095052 0.2805158 0.3125476 0.2528885 0.2724896 0.0698520 0.0771769 0.0689799 0.0722426 0.0867879 0.0000000 0.0887142 0.2939804 0.2815818 0.2926695 0.2817390 0.2759190 0.2697620 0.2624722 0.3142167 0.3289378 0.3148953 0.3267583 0.3227819 0.3256718 0.3256718 0.3273343 0.3273343 0.3215150 0.3150214 0.3266715 0.3095723 0.3041410 0.3088846 0.2637184 0.3176944 0.3298346 0.4476629 0.3608951 0.2967561 0.1742236 2.0546209 
Aaur_scaffold7080.g1.t1                                          0.1263160 0.2258069 0.2126856 0.2203110 0.2987060 0.2176464 0.2427481 0.2584328 0.1970749 0.2427481 0.1292849 0.1106618 0.0890541 0.0741474 0.0916323 0.0742029 0.0594622 0.0446007 0.0887142 0.0000000 0.0281769 0.0281769 0.0918603 0.0772243 0.0960506 0.0944967 0.0764593 0.1106618 0.1106618 0.1713099 0.1664536 0.1664536 0.1548533 0.1548533 0.1548533 0.1548533 0.1548533 0.1548533 0.1299569 0.1299569 0.0736342 0.1329244 0.1486825 0.2238828 0.2531000 0.1474776 0.1139649 0.1597029 0.1012544 0.0000010 
Nemnom_g16067.t1                                                 0.4160054 0.4091627 0.5061679 0.2149158 0.5352910 0.5239630 0.2914071 0.5312522 0.2307360 0.2849244 0.2395169 0.2678012 0.3322595 0.1909489 0.2726006 0.2738347 0.2655583 0.2821728 0.2939804 0.0281769 0.0000000 0.0266042 0.1723155 0.3311833 0.1773918 0.3183119 0.3087450 0.3747930 0.3783882 0.3574719 0.3374134 0.3374134 0.3581286 0.3581286 0.3773707 0.3773707 0.3830849 0.3641122 0.3405105 0.3635755 0.3211817 0.2329750 0.3553072 0.3727430 0.4082065 0.5487116 0.4591204 0.3702078 0.3901565 1.6166017 
Rhoesc_Res_001355-T1                                             0.4131624 0.4188879 0.5159215 0.2149158 0.5079176 0.5340806 0.2933594 0.5409858 0.2307360 0.2849244 0.2362837 0.2762971 0.3504683 0.2009386 0.2824655 0.2908481 0.2632912 0.2802452 0.2815818 0.0281769 0.0266042 0.0000000 0.1602570 0.3117522 0.1918302 0.3313754 0.3150005 0.3723203 0.3602792 0.3660746 0.3518269 0.3518269 0.3452591 0.3452591 0.3579561 0.3579561 0.3634790 0.3452620 0.3362703 0.3482252 0.3266288 0.2037680 0.3552266 0.3792293 0.4086255 0.5509857 0.4527725 0.3753308 0.4125560 1.7506552 
Sanmal_Sma_026484-T1                                             0.4429035 0.4086557 0.5276332 0.1991243 0.5676473 0.5174789 0.2771869 0.5531236 0.2305408 0.2583899 0.2625546 0.3191095 0.3840618 0.2003885 0.2700468 0.2753058 0.2749190 0.2891278 0.2926695 0.0918603 0.1723155 0.1602570 0.0000000 0.3474948 0.1441886 0.3436840 0.3407175 0.3878496 0.4140260 0.3515952 0.3300273 0.3255025 0.3450153 0.3450153 0.3549825 0.3549825 0.3604403 0.3505641 0.3675311 0.3445749 0.3788907 0.2106716 0.3651012 0.3819549 0.3856887 0.4846529 0.4336479 0.3909735 0.4233477 1.8868693 
Plajan_Pjan_C553473_01                                           0.3093064 0.3415082 0.4266407 0.1413797 0.4567388 0.4060322 0.1893812 0.4530752 0.1500535 0.1848213 0.2310263 0.2551356 0.3601710 0.1853957 0.2511347 0.2585975 0.2695586 0.2738037 0.2817390 0.0772243 0.3311833 0.3117522 0.3474948 0.0000000 0.3597351 0.2270515 0.2421585 0.2468944 0.2420604 0.2282954 0.2249154 0.2169636 0.2200169 0.2200169 0.2245200 0.2245200 0.2189881 0.2255564 0.1828037 0.1372620 0.3572195 0.3407651 0.2831149 0.2560225 0.2525663 0.4737964 0.4144678 0.3031998 0.4268342 1.7299725 
Morvir_scaffold43.g42.t1                                         0.4421634 0.3947849 0.4701561 0.1632725 0.5007056 0.4942891 0.2529640 0.5271961 0.2204103 0.2368159 0.2711635 0.2810740 0.3016485 0.1849679 0.2324962 0.2415421 0.2551229 0.2693113 0.2759190 0.0960506 0.1773918 0.1918302 0.1441886 0.3597351 0.0000000 0.2925324 0.2775791 0.3536392 0.3573945 0.3021911 0.3336259 0.3336259 0.3452080 0.3452080 0.3541209 0.3541209 0.3597079 0.3525536 0.3795857 0.3487322 0.3042196 0.1978620 0.3104466 0.3585011 0.3775361 0.4944578 0.4032438 0.3666992 0.4051552 2.0549700 
Tetwil_g25723.t1                                                 0.2638058 0.2620112 0.3738102 0.1632598 0.4272419 0.3652615 0.2118745 0.4075933 0.1795556 0.2053365 0.1729858 0.1876378 0.3364620 0.1852733 0.2478845 0.2535037 0.2339842 0.2454929 0.2697620 0.0944967 0.3183119 0.3313754 0.3436840 0.2270515 0.2925324 0.0000000 0.1076611 0.2080766 0.2320304 0.1792031 0.1833106 0.1792397 0.2405790 0.2405790 0.2252466 0.2252466 0.2198565 0.2362876 0.2540315 0.2265458 0.3013839 0.3709140 0.2168212 0.2854765 0.2852288 0.4638347 0.4068102 0.2563479 0.3963296 0.9414759 
Stycar_augustus_masked-SC_scaffold7302-processed-gene-0.2-mRNA-1 0.3112082 0.2870711 0.3629577 0.1477639 0.4267264 0.3986176 0.1945138 0.4060354 0.1740159 0.1882651 0.1976624 0.2147676 0.3208091 0.1629026 0.2225702 0.2318453 0.2270047 0.2371081 0.2624722 0.0764593 0.3087450 0.3150005 0.3407175 0.2421585 0.2775791 0.1076611 0.0000000 0.2095138 0.2173417 0.1888796 0.1751464 0.1711008 0.2540584 0.2540584 0.2379590 0.2379590 0.2323503 0.2494696 0.2844503 0.2420614 0.2999149 0.3409031 0.1673049 0.2518865 0.2527690 0.4345409 0.3980498 0.2702155 0.3628404 1.0871332 
Aque_Aqu2.1.32258_001                                            0.3493080 0.3954140 0.3909700 0.1668720 0.4675791 0.4344400 0.2345734 0.4501052 0.1759358 0.2171480 0.2354711 0.2407393 0.3729409 0.1873400 0.2731008 0.2840256 0.3069457 0.3134735 0.3142167 0.1106618 0.3747930 0.3723203 0.3878496 0.2468944 0.3536392 0.2080766 0.2095138 0.0000000 0.0796767 0.1616615 0.1746011 0.1694193 0.3144853 0.3144853 0.3030754 0.3030754 0.2972454 0.3077812 0.3140768 0.2692496 0.3676479 0.3641861 0.2487271 0.3015443 0.3205090 0.5784679 0.5113596 0.3435467 0.4572304 1.5713806 
Halamb_c38250_g1_i1m.10659                                       0.3752524 0.3783785 0.4337264 0.1588318 0.4613982 0.4561398 0.2231248 0.4964387 0.1710253 0.2058186 0.2439572 0.2601744 0.3927288 0.1831119 0.2756322 0.2987264 0.3202896 0.3272422 0.3289378 0.1106618 0.3783882 0.3602792 0.4140260 0.2420604 0.3573945 0.2320304 0.2173417 0.0796767 0.0000000 0.1633408 0.1898682 0.1845422 0.3061432 0.3061432 0.2977769 0.2977769 0.2920402 0.3021805 0.3404498 0.2914252 0.4086769 0.3425933 0.2604725 0.2997348 0.3204066 0.5811419 0.5101539 0.3802491 0.4715065 2.2364473 
Xestes_maker-XT_scaffold471-augustus-gene-0.17-mRNA-1            0.3200443 0.3590235 0.4329188 0.1554698 0.4856983 0.4411218 0.1993582 0.4351887 0.1781930 0.1929386 0.1845130 0.2055227 0.3575167 0.2011737 0.2516502 0.2777084 0.2938352 0.2875042 0.3148953 0.1713099 0.3574719 0.3660746 0.3515952 0.2282954 0.3021911 0.1792031 0.1888796 0.1616615 0.1633408 0.0000000 0.1620099 0.1580667 0.2727685 0.2727685 0.2770768 0.2770768 0.2715135 0.2783520 0.3119561 0.2592545 0.3232212 0.3358022 0.2611114 0.2465471 0.2663060 0.4849234 0.4300665 0.3034101 0.4534921 1.3328362 
Emue_Em0019g919a.t1                                              0.3039473 0.3500307 0.3857676 0.1569486 0.3988156 0.3817982 0.1785858 0.3870718 0.1690987 0.1626888 0.1822923 0.2183565 0.3422613 0.2100233 0.2582401 0.2854189 0.3075819 0.3128825 0.3267583 0.1664536 0.3374134 0.3518269 0.3300273 0.2249154 0.3336259 0.1833106 0.1751464 0.1746011 0.1898682 0.1620099 0.0000000 0.0000010 0.2312942 0.2312942 0.2439336 0.2439336 0.2490800 0.2324215 0.2870455 0.2439986 0.3418542 0.3187812 0.2338004 0.2836507 0.3114352 0.4096842 0.3775531 0.2715989 0.4216293 1.3117159 
Spolac_c83014_g1_i1_m.3177c83014-g1                              0.3056831 0.3459135 0.3778208 0.1569486 0.3908919 0.3738844 0.1785858 0.3894742 0.1690987 0.1626888 0.1776589 0.2144118 0.3370361 0.2100233 0.2541648 0.2813272 0.3034452 0.3087548 0.3227819 0.1664536 0.3374134 0.3518269 0.3255025 0.2169636 0.3336259 0.1792397 0.1711008 0.1694193 0.1845422 0.1580667 0.0000010 0.0000000 0.2312942 0.2312942 0.2439336 0.2439336 0.2490800 0.2324215 0.2829114 0.2373589 0.3365959 0.3118706 0.2296339 0.2770429 0.3045538 0.4043760 0.3697278 0.2663958 0.4049429 1.2908129 
Tadh_wf_g6190.t1                                                 0.3200891 0.3074544 0.4341834 0.1928621 0.4400464 0.4240518 0.2130264 0.4096317 0.1945562 0.2077447 0.2523291 0.2657592 0.3030281 0.2413184 0.2890492 0.3046279 0.2816900 0.2921295 0.3256718 0.1548533 0.3581286 0.3452591 0.3450153 0.2200169 0.3452080 0.2405790 0.2540584 0.3144853 0.3061432 0.2727685 0.2312942 0.2312942 0.0000000 0.0000010 0.0216031 0.0216031 0.0252951 0.0142282 0.2499030 0.1954493 0.3164215 0.3445922 0.3330652 0.2915053 0.2966351 0.4256327 0.3907102 0.3096438 0.3871755 1.1417150 
TrH2_TrispH2_005065-RA                                           0.3200891 0.3074544 0.4341834 0.1928621 0.4400464 0.4240518 0.2130264 0.4096317 0.1945562 0.2077447 0.2523291 0.2657592 0.3030281 0.2413184 0.2890492 0.3046279 0.2816900 0.2921295 0.3256718 0.1548533 0.3581286 0.3452591 0.3450153 0.2200169 0.3452080 0.2405790 0.2540584 0.3144853 0.3061432 0.2727685 0.2312942 0.2312942 0.0000010 0.0000000 0.0216031 0.0216031 0.0252951 0.0142282 0.2499030 0.1954493 0.3164215 0.3445922 0.3330652 0.2915053 0.2966351 0.4256327 0.3907102 0.3096438 0.3871755 1.1417150 
HoiH06_mRNA2064                                                  0.3171366 0.2960810 0.4163040 0.1894104 0.4369390 0.4066705 0.2111721 0.3922794 0.1926010 0.2059267 0.2433591 0.2714133 0.3055023 0.2419011 0.2937572 0.2964162 0.2728956 0.3026272 0.3273343 0.1548533 0.3773707 0.3579561 0.3549825 0.2245200 0.3541209 0.2252466 0.2379590 0.3030754 0.2977769 0.2770768 0.2439336 0.2439336 0.0216031 0.0216031 0.0000000 0.0000010 0.0034861 0.0070236 0.2286867 0.1806850 0.3196653 0.3483180 0.3205807 0.2857967 0.2962902 0.4146386 0.3797071 0.2942059 0.3898278 1.0441307 
Hhon_g03576.t1                                                   0.3171366 0.2960810 0.4163040 0.1894104 0.4369390 0.4066705 0.2111721 0.3922794 0.1926010 0.2059267 0.2433591 0.2714133 0.3055023 0.2419011 0.2937572 0.2964162 0.2728956 0.3026272 0.3273343 0.1548533 0.3773707 0.3579561 0.3549825 0.2245200 0.3541209 0.2252466 0.2379590 0.3030754 0.2977769 0.2770768 0.2439336 0.2439336 0.0216031 0.0216031 0.0000010 0.0000000 0.0034861 0.0070236 0.2286867 0.1806850 0.3196653 0.3483180 0.3205807 0.2857967 0.2962902 0.4146386 0.3797071 0.2942059 0.3898278 1.0441307 
HoiH23_PlH23_001396-RA                                           0.3110449 0.3014987 0.4110837 0.1894104 0.4316299 0.4016560 0.2111721 0.3873667 0.1926010 0.2059267 0.2462271 0.2744922 0.2995316 0.2361579 0.2878719 0.2905595 0.2671030 0.2967891 0.3215150 0.1548533 0.3830849 0.3634790 0.3604403 0.2189881 0.3597079 0.2198565 0.2323503 0.2972454 0.2920402 0.2715135 0.2490800 0.2490800 0.0252951 0.0252951 0.0034861 0.0034861 0.0000000 0.0105758 0.2230830 0.1755154 0.3135190 0.3537302 0.3148818 0.2801054 0.2905626 0.4204253 0.3737154 0.2870281 0.3826483 1.0017926 
HoiH11_mRNA5423                                                  0.3185801 0.3051942 0.4273565 0.1894104 0.4478861 0.4174291 0.2111721 0.4030430 0.1926010 0.2059267 0.2546369 0.2726478 0.2976954 0.2343496 0.2814384 0.2949171 0.2714422 0.3011272 0.3150214 0.1548533 0.3641122 0.3452620 0.3505641 0.2255564 0.3525536 0.2362876 0.2494696 0.3077812 0.3021805 0.2783520 0.2324215 0.2324215 0.0142282 0.0142282 0.0070236 0.0070236 0.0105758 0.0000000 0.2401800 0.1862789 0.3216074 0.3468014 0.3277210 0.2920557 0.3025976 0.4168814 0.3846845 0.3063480 0.3775532 1.1136192 
Ocar_g7019                                                       0.3683606 0.3861067 0.4154244 0.1623171 0.4273344 0.4010831 0.1866899 0.4617663 0.1721853 0.1816237 0.2432262 0.2488545 0.3681004 0.1925570 0.3117068 0.3077659 0.2804303 0.3027406 0.3266715 0.1299569 0.3405105 0.3362703 0.3675311 0.1828037 0.3795857 0.2540315 0.2844503 0.3140768 0.3404498 0.3119561 0.2870455 0.2829114 0.2499030 0.2499030 0.2286867 0.2286867 0.2230830 0.2401800 0.0000000 0.0885243 0.4348782 0.4029702 0.2982494 0.2846838 0.3205438 0.4969177 0.4386699 0.3114973 0.4651210 1.5823962 
Opea_EP00118_Oscarella_pearsei_P009393                           0.3303232 0.3487580 0.4379274 0.1623171 0.4614084 0.4476397 0.1866899 0.4672040 0.1721853 0.1816237 0.2258075 0.2533072 0.3658032 0.1925103 0.2555397 0.2558865 0.2783547 0.3010415 0.3095723 0.1299569 0.3635755 0.3482252 0.3445749 0.1372620 0.3487322 0.2265458 0.2420614 0.2692496 0.2914252 0.2592545 0.2439986 0.2373589 0.1954493 0.1954493 0.1806850 0.1806850 0.1755154 0.1862789 0.0885243 0.0000000 0.4045171 0.3510176 0.3136915 0.2402550 0.2636438 0.4643674 0.4182942 0.3153658 0.4498378 1.6916501 
Exapal_XM_021059589.2                                            0.4851528 0.4443677 0.5479792 0.2447080 0.5670156 0.5155312 0.2879477 0.5201762 0.2349675 0.2862732 0.3022361 0.3359386 0.1857605 0.1777501 0.2508769 0.2630779 0.2820651 0.2743561 0.3041410 0.0736342 0.3211817 0.3266288 0.3788907 0.3572195 0.3042196 0.3013839 0.2999149 0.3676479 0.4086769 0.3232212 0.3418542 0.3365959 0.3164215 0.3164215 0.3196653 0.3196653 0.3135190 0.3216074 0.4348782 0.4045171 0.0000000 0.3623118 0.3514912 0.4254269 0.4495370 0.4512251 0.4288457 0.4678498 0.4211155 1.4114758 
Chem_TCONS_00065403                                              0.5070346 0.4379028 0.4955352 0.1929711 0.5043417 0.5105425 0.2836138 0.5595858 0.2491803 0.2781906 0.2724211 0.3020336 0.3606700 0.2128565 0.2652538 0.2744005 0.2822680 0.2755122 0.3088846 0.1329244 0.2329750 0.2037680 0.2106716 0.3407651 0.1978620 0.3709140 0.3409031 0.3641861 0.3425933 0.3358022 0.3187812 0.3118706 0.3445922 0.3445922 0.3483180 0.3483180 0.3537302 0.3468014 0.4029702 0.3510176 0.3623118 0.0000000 0.3323979 0.3677872 0.4040066 0.5311818 0.4252508 0.3606075 0.5011945 1.9839915 
Plespi_Pspi_C603646_01                                           0.3955588 0.3466390 0.4027039 0.1988524 0.4244789 0.3737489 0.2426688 0.4269158 0.2069869 0.2249024 0.2698510 0.2816926 0.3097954 0.1981312 0.2531396 0.2699285 0.2549221 0.2675962 0.2637184 0.1486825 0.3553072 0.3552266 0.3651012 0.2831149 0.3104466 0.2168212 0.1673049 0.2487271 0.2604725 0.2611114 0.2338004 0.2296339 0.3330652 0.3330652 0.3205807 0.3205807 0.3148818 0.3277210 0.2982494 0.3136915 0.3514912 0.3323979 0.0000000 0.2998422 0.3173278 0.4861401 0.4176892 0.3289109 0.4169850 1.1978348 
Scil_scict011489.1                                               0.3684335 0.3172305 0.4283108 0.1786241 0.4984361 0.4840684 0.2621846 0.4521827 0.2202413 0.2637650 0.2311163 0.2641721 0.3761128 0.2345780 0.3149749 0.3163599 0.3138681 0.3302698 0.3176944 0.2238828 0.3727430 0.3792293 0.3819549 0.2560225 0.3585011 0.2854765 0.2518865 0.3015443 0.2997348 0.2465471 0.2836507 0.2770429 0.2915053 0.2915053 0.2857967 0.2857967 0.2801054 0.2920557 0.2846838 0.2402550 0.4254269 0.3677872 0.2998422 0.0000000 0.0457199 0.4553149 0.4251208 0.2988442 0.3716972 1.4710755 
Lcom_lcpid91134                                                  0.3619844 0.3099086 0.4634921 0.1600060 0.5454904 0.5324683 0.2699802 0.4978249 0.2222328 0.2715107 0.2492678 0.2867768 0.3819946 0.2422282 0.3283798 0.3212558 0.3206233 0.3382814 0.3298346 0.2531000 0.4082065 0.4086255 0.3856887 0.2525663 0.3775361 0.2852288 0.2527690 0.3205090 0.3204066 0.2663060 0.3114352 0.3045538 0.2966351 0.2966351 0.2962902 0.2962902 0.2905626 0.3025976 0.3205438 0.2636438 0.4495370 0.4040066 0.3173278 0.0457199 0.0000000 0.4780873 0.4415263 0.3205755 0.3552332 1.6644282 
Dgig_XM_028558557.1                                              0.5142144 0.4786080 0.7928828 0.3412609 0.7834794 0.7350074 0.3449396 0.6763347 0.2943144 0.3252785 0.4006168 0.4640591 0.4766328 0.3504056 0.4568478 0.4617109 0.4190425 0.4300292 0.4476629 0.1474776 0.5487116 0.5509857 0.4846529 0.4737964 0.4944578 0.4638347 0.4345409 0.5784679 0.5811419 0.4849234 0.4096842 0.4043760 0.4256327 0.4256327 0.4146386 0.4146386 0.4204253 0.4168814 0.4969177 0.4643674 0.4512251 0.5311818 0.4861401 0.4553149 0.4780873 0.0000000 0.0989263 0.5472007 0.6228217 2.2052394 
Xesp_012536-T1                                                   0.4738279 0.4483580 0.6716566 0.3074698 0.6668580 0.6238229 0.3326350 0.6205482 0.2642135 0.3167199 0.3750735 0.4078629 0.4067493 0.3063999 0.3679591 0.3758325 0.3552497 0.3652627 0.3608951 0.1139649 0.4591204 0.4527725 0.4336479 0.4144678 0.4032438 0.4068102 0.3980498 0.5113596 0.5101539 0.4300665 0.3775531 0.3697278 0.3907102 0.3907102 0.3797071 0.3797071 0.3737154 0.3846845 0.4386699 0.4182942 0.4288457 0.4252508 0.4176892 0.4251208 0.4415263 0.0989263 0.0000000 0.4608990 0.5442290 2.0736684 
Skow_XM_002737759.2                                              0.3168768 0.3695554 0.6257069 0.2147309 0.7028127 0.6490916 0.3406382 0.6866807 0.2389460 0.3312469 0.2381676 0.2164828 0.3818691 0.2421922 0.2917657 0.2846361 0.2789527 0.2821538 0.2967561 0.1597029 0.3702078 0.3753308 0.3909735 0.3031998 0.3666992 0.2563479 0.2702155 0.3435467 0.3802491 0.3034101 0.2715989 0.2663958 0.3096438 0.3096438 0.2942059 0.2942059 0.2870281 0.3063480 0.3114973 0.3153658 0.4678498 0.3606075 0.3289109 0.2988442 0.3205755 0.5472007 0.4608990 0.0000000 0.5188166 2.5738456 
Gasp_gasp1.m3.13983.m1                                           0.5352305 0.4147385 0.5898846 0.1803203 0.6291914 0.6161441 0.2827628 0.6126504 0.2160991 0.2694975 0.4071142 0.4086009 0.3452433 0.0783190 0.2223172 0.2109778 0.2189297 0.2396305 0.1742236 0.1012544 0.3901565 0.4125560 0.4233477 0.4268342 0.4051552 0.3963296 0.3628404 0.4572304 0.4715065 0.4534921 0.4216293 0.4049429 0.3871755 0.3871755 0.3898278 0.3898278 0.3826483 0.3775532 0.4651210 0.4498378 0.4211155 0.5011945 0.4169850 0.3716972 0.3552332 0.6228217 0.5442290 0.5188166 0.0000000 1.6750588 
Pbac_sb2644499                                                   1.7870228 1.8084620 0.2430983 0.0000010 0.3148175 0.2032563 0.0000010 0.0725410 0.1798048 0.0623463 1.2755468 1.4202851 1.5438066 0.6726907 2.0674042 1.9708376 1.7848421 1.7845439 2.0546209 0.0000010 1.6166017 1.7506552 1.8868693 1.7299725 2.0549700 0.9414759 1.0871332 1.5713806 2.2364473 1.3328362 1.3117159 1.2908129 1.1417150 1.1417150 1.0441307 1.0441307 1.0017926 1.1136192 1.5823962 1.6916501 1.4114758 1.9839915 1.1978348 1.4710755 1.6644282 2.2052394 2.0736684 2.5738456 1.6750588 0.0000000 
