51
Hsap_ENST00000334456                                  0.0000000 0.9919363 1.6893816 1.4169333 0.8977214 1.9198914 1.8362735 3.5345221 1.0634265 1.1914787 1.6400290 1.2216804 1.2033476 1.7091911 1.8170165 1.7241649 0.9454472 1.2641175 0.9329596 1.3257902 0.9006839 1.0596846 1.0055116 1.9028433 1.9687779 1.0454986 1.8086959 1.2270476 2.0967799 1.9736384 1.9312433 1.6780645 1.8571703 1.8595476 1.6474145 1.2248214 1.6412529 2.1610544 2.9217398 2.8470996 2.0922328 5.7087051 1.8567535 2.0557163 3.0293058 1.9845024 2.3118764 2.5478811 2.3670944 2.9090340 3.5589023 
Bralan_BLAG06000545_1                                 0.9919363 0.0000000 1.5676352 1.2734916 0.8257717 1.8287192 1.6771519 2.7779615 1.1348285 1.1186856 1.3762076 1.1140775 1.1283945 1.5677237 1.7483296 1.5841245 0.9282071 1.2218312 0.7896307 1.2208077 0.9229316 1.0731851 1.1605639 1.9128632 1.8880664 0.8238521 1.8873772 1.2762436 1.9621778 1.8732689 1.8775099 1.4638430 1.8840724 1.8013883 1.6838595 1.1706551 1.5360761 2.0107570 2.7979281 2.7349553 2.2601914 5.7648185 1.9496215 2.1203239 3.0331992 1.7443553 2.1465901 2.6674555 2.1771744 3.0095896 3.0152718 
Hvul_g16028_1                                         1.6893816 1.5676352 0.0000000 0.5271979 0.7434513 1.1913123 1.0175317 1.6526309 1.4987350 1.4316544 1.3478883 1.3880901 1.3584970 1.5463685 1.6495848 1.5843429 1.5401179 1.6805729 1.5793483 0.7822594 1.4096229 1.3661384 1.6175957 1.5146848 1.5883347 1.0524457 1.8093941 1.6771388 1.8121834 1.9642789 1.9342292 1.6535216 1.9584035 2.0119954 1.8707665 1.6090718 1.8305956 2.3919619 2.7139149 2.7531630 2.2944953 5.7330200 2.0074237 2.1187638 3.3546269 1.9688384 2.1442162 2.6208759 2.1501510 2.9776080 3.4671476 
Chem_TCONS_00066421                                   1.4169333 1.2734916 0.5271979 0.0000000 0.7298084 1.1020950 0.9783436 1.5298637 1.2787823 1.3725044 1.4004558 1.3462589 1.2501180 1.2796625 1.3856284 1.2784972 1.4290366 1.3897188 1.3750043 0.9428899 1.2445694 1.2938384 1.4756917 1.4269729 1.3958823 0.9054919 1.4699573 1.4650493 1.6437564 1.7204264 1.6386284 1.3693025 1.6071056 1.6314504 1.6013233 1.3684863 1.6015055 1.9154240 2.3836873 2.3381107 2.1263645 5.2980612 1.5931483 1.7145796 2.1896812 1.7254771 1.7357432 1.8562304 1.9226417 2.8209409 2.0647132 
Aaur_scaffold476.g1.t1                                0.8977214 0.8257717 0.7434513 0.7298084 0.0000000 0.2422635 0.2395114 0.0000010 0.8458325 1.0594654 1.1142082 1.0426058 0.9412388 0.8769798 0.8857569 0.8740282 0.8402187 0.8098579 0.8994020 0.7243977 0.8382746 1.0354065 0.9558613 0.9529775 0.9886862 1.3921773 1.2031643 1.2088533 0.9136607 1.2500812 1.0650374 1.2115170 1.4941739 1.4552326 1.0365507 1.0062739 1.2990009 1.2361403 1.3704365 1.0238963 1.5966195 9.0000000 0.9852055 1.2273239 0.0000010 1.4419179 1.2726775 0.0000010 1.1952061 2.0265152 1.2690980 
Sanmal_Sma_010621-T2                                  1.9198914 1.8287192 1.1913123 1.1020950 0.2422635 0.0000000 0.6046127 0.8095842 1.3716969 1.4798474 1.3990094 1.3678442 1.5090813 1.8721522 1.9995284 1.9206703 1.5249970 1.9031495 1.4757435 0.8270120 1.5085993 1.4799668 1.6527093 2.0804525 2.1452148 1.1577775 2.3288416 1.7547625 1.9837121 2.3904046 2.2613047 1.8955650 2.4582838 2.3343027 2.2610229 2.1378991 1.7575247 2.4111094 3.0999572 2.9779254 2.2012742 6.0850591 2.2991517 2.5253971 4.3683733 1.8070407 2.5370290 3.2260268 2.7601821 3.4761052 4.8740851 
Nemnom_g16448.t1                                      1.8362735 1.6771519 1.0175317 0.9783436 0.2395114 0.6046127 0.0000000 0.1629286 1.2737288 1.3635385 1.2280721 1.1930743 1.3291743 1.7139532 1.8236610 1.7331289 1.4519849 1.7515285 1.4133461 0.7680886 1.3489635 1.2863622 1.4808051 1.7260893 1.8626657 1.2398185 2.0921634 1.6302140 1.9392949 2.1723582 2.0631047 1.5856229 2.2583198 2.1978351 2.1296722 1.9621365 1.6291356 2.2795530 2.7396807 2.9040019 1.7795118 3.3163086 2.2206071 2.3246225 4.2830919 1.5416160 2.3825459 3.1621745 2.5810972 3.1827771 4.8854607 
Rhoesc_Res_000245-T1                                  3.5345221 2.7779615 1.6526309 1.5298637 0.0000010 0.8095842 0.1629286 0.0000000 1.7796185 1.5956871 1.5227387 0.0000010 1.9619799 2.9098621 3.4470842 2.9975853 2.3670118 2.9106179 2.0542156 0.0000010 2.0628032 1.7331250 2.3339003 2.8569009 3.0273916 0.5945364 3.4848811 1.8955646 3.3322719 3.3893890 3.4099285 0.0000010 3.4075335 3.2809768 3.6124887 2.9396224 1.2592098 3.9904228 4.7095468 4.4782766 0.0000010 0.0000010 3.6216313 3.7822835 4.2564793 0.0000010 3.8974509 3.7294102 4.8343804 4.7852703 6.6954012 
Exapal_XM_021054740.2                                 1.0634265 1.1348285 1.4987350 1.2787823 0.8458325 1.3716969 1.2737288 1.7796185 0.0000000 0.8063491 0.9207427 0.6602029 0.6751207 0.6436918 0.7052164 0.6453063 1.2308058 1.2039220 1.1008437 1.2005977 1.2253348 1.2060910 1.1834535 1.2785387 1.3205696 1.1990375 1.4479554 1.5663241 0.8248088 1.6193520 1.5035204 1.4003549 1.5151284 1.4540029 1.3902823 1.1719405 1.5721910 1.9292841 2.2375255 2.0600003 2.0479708 5.0533887 1.5760143 1.6797357 1.9733661 1.5629820 1.6086200 1.6161375 1.6789808 3.1384785 1.1609738 
Adig_XM_015911275.1                                   1.1914787 1.1186856 1.4316544 1.3725044 1.0594654 1.4798474 1.3635385 1.5956871 0.8063491 0.0000000 0.2594217 0.3304666 0.2394248 0.2248844 0.3233031 0.2639924 1.1296581 1.2851568 1.2379848 1.4834924 1.1828239 1.2952012 1.3270933 1.2981351 1.2732415 0.9900785 1.5180474 1.4905206 1.0848872 1.5795047 1.4567309 1.6327691 1.6410038 1.5440788 1.4678051 1.3838737 1.8030805 2.0462338 2.2841519 2.0209075 2.1666249 6.1650844 1.5379026 1.7997193 1.9448139 2.1584039 1.7448163 1.4074626 1.7174396 2.8761345 1.7198119 
Amil_Amillepora08232-RA                               1.6400290 1.3762076 1.3478883 1.4004558 1.1142082 1.3990094 1.2280721 1.5227387 0.9207427 0.2594217 0.0000000 0.2464993 0.2920580 0.2765466 0.2933026 0.3022075 1.3067454 1.4803803 1.6644499 1.3011045 1.3155473 1.2009918 1.6563629 1.4107016 1.4453258 0.0000010 1.6160822 1.9675471 1.0814978 1.2359096 1.2409633 1.3634087 1.3287519 1.2517515 1.3213557 1.6443757 1.9212146 2.0746747 2.2565768 2.6960428 3.0173830 6.2510181 1.2618426 2.2806626 3.4199045 2.3371149 2.3913496 2.2822626 1.7272190 3.1010166 1.2403627 
Gfas_gfas1.m1.8188.m1                                 1.2216804 1.1140775 1.3880901 1.3462589 1.0426058 1.3678442 1.1930743 0.0000010 0.6602029 0.3304666 0.2464993 0.0000000 0.1515790 0.1333323 0.1554382 0.1554265 1.0650769 1.0584943 1.2413363 1.3357692 0.9795816 1.0280575 1.1152783 1.1376589 1.1723039 0.0000010 1.3811566 1.4114787 1.1761480 1.3187915 1.2018029 1.3219025 1.4858917 1.3491757 1.3348425 1.2237930 1.5760712 1.6835020 1.7931624 0.8606237 2.1010202 4.5664768 1.1601669 1.7788677 0.0000010 1.8808217 1.9004991 4.6488772 1.1587637 3.1144043 1.6253076 
Fspp_ffun1.m4.10372.m1                                1.2033476 1.1283945 1.3584970 1.2501180 0.9412388 1.5090813 1.3291743 1.9619799 0.6751207 0.2394248 0.2920580 0.1515790 0.0000000 0.1063690 0.2231991 0.1692966 1.1395403 1.2501874 1.2318353 1.2478721 1.1597609 1.1430168 1.3343295 1.1788514 1.2062876 1.0752100 1.5782761 1.4090881 0.9768184 1.6061632 1.4802984 1.4843423 1.6178319 1.4960331 1.4357836 1.3058381 1.6917553 2.0351016 2.3597847 2.1773292 2.0867657 5.4958174 1.5345656 1.7647786 2.2472156 1.8560945 1.7444264 1.6616597 1.6624815 2.9719458 1.8094332 
Gasp_gasp1.m3.14202.m1                                1.7091911 1.5677237 1.5463685 1.2796625 0.8769798 1.8721522 1.7139532 2.9098621 0.6436918 0.2248844 0.2765466 0.1333323 0.1063690 0.0000000 0.2325926 0.1810053 1.2499882 1.7323094 1.3896127 1.2224163 1.2597450 1.1220583 1.5253419 1.5667182 1.5439299 1.0760140 2.0638969 1.3897821 1.2178412 2.2261280 2.0316446 1.3637798 2.2007815 2.0941180 1.9643452 1.7834973 1.6923858 2.2166187 2.9138567 3.1778345 2.0027176 5.1405396 1.9349571 2.0861338 3.0831649 1.7652995 2.2860596 2.6554202 2.3505286 3.2079290 3.9354687 
Spis_XP_022788255_1                                   1.8170165 1.7483296 1.6495848 1.3856284 0.8857569 1.9995284 1.8236610 3.4470842 0.7052164 0.3233031 0.2933026 0.1554382 0.2231991 0.2325926 0.0000000 0.0939687 1.3766289 1.9008414 1.5852540 1.2056341 1.4980025 1.1255408 1.6017257 1.6937512 1.6784823 1.1008763 2.2006847 1.6253440 1.2224882 2.3555469 2.1315860 1.3376424 2.2412896 2.1786212 2.0472441 1.9059889 1.6828886 2.3017702 3.0223316 3.3002527 2.0726205 4.7886035 2.1228706 2.2208318 3.5002197 1.7168918 2.3187912 2.8658382 2.5732172 3.5427634 3.4392114 
Pocdam_XM_027180342.1                                 1.7241649 1.5841245 1.5843429 1.2784972 0.8740282 1.9206703 1.7331289 2.9975853 0.6453063 0.2639924 0.3022075 0.1554265 0.1692966 0.1810053 0.0939687 0.0000000 1.2949218 1.8056883 1.4606818 1.1998951 1.4104725 1.1065118 1.5001894 1.5908096 1.5881754 1.0813734 2.0981122 1.4621629 1.2088012 2.2513989 2.0547856 1.3081110 2.1093287 2.0830623 1.9550525 1.8174562 1.6731158 2.1515445 2.9451189 3.1106025 2.0429772 4.6851881 2.0528571 2.1863458 3.4189410 1.7103227 2.2927735 2.7773510 2.4033470 3.4097121 3.5986525 
Ctel_gnl_WGS_AMQN_CAPTEDRAFT_mRNA109907               0.9454472 0.9282071 1.5401179 1.4290366 0.8402187 1.5249970 1.4519849 2.3670118 1.2308058 1.1296581 1.3067454 1.0650769 1.1395403 1.2499882 1.3766289 1.2949218 0.0000000 0.9911053 0.9757268 1.4165847 0.8328357 1.1324598 1.1477716 1.6575640 1.6377982 0.9921782 1.4683265 1.4526501 1.5472769 1.7345567 1.6821352 1.5033862 1.7533614 1.6820051 1.5439543 1.0785781 1.4318393 2.0366908 2.2136161 2.1743167 2.2751415 5.5295099 1.7092873 1.8528355 2.3793636 1.8764601 1.8864161 1.9952858 1.7543762 2.6772670 2.9656056 
Cgig_XM_034445052.1                                   1.2641175 1.2218312 1.6805729 1.3897188 0.8098579 1.9031495 1.7515285 2.9106179 1.2039220 1.2851568 1.4803803 1.0584943 1.2501874 1.7323094 1.9008414 1.8056883 0.9911053 0.0000000 1.0375658 1.1183716 0.6692877 1.1210432 1.2098021 2.0550751 2.1371386 1.2269871 2.0257992 1.4183931 2.1695446 2.0558206 2.0605473 1.6982008 2.1187265 2.0508042 1.9731636 1.5144272 1.7521377 2.1408068 2.8518364 2.8530770 2.1592280 4.8401877 1.9485819 2.2185745 3.3819868 1.7122593 2.1574205 2.6721446 2.4177286 3.0460884 4.2391371 
Spur_XM_030980891.1                                   0.9329596 0.7896307 1.5793483 1.3750043 0.8994020 1.4757435 1.4133461 2.0542156 1.1008437 1.2379848 1.6644499 1.2413363 1.2318353 1.3896127 1.5852540 1.4606818 0.9757268 1.0375658 0.0000000 1.4411285 0.9457511 1.2055481 1.1654752 1.6807521 1.7640681 1.0420901 1.6089567 1.3832430 1.6771674 1.7505926 1.5192844 1.4485446 1.7219421 1.7027433 1.4475918 0.8592762 1.6137534 2.0049707 2.5226790 2.3936457 2.1762797 4.7120150 1.6593442 1.8347189 2.3724745 1.8251425 1.8121168 2.0279330 1.9509371 2.6686832 2.8423514 
Morvir_scaffold597.g1.t1                              1.3257902 1.2208077 0.7822594 0.9428899 0.7243977 0.8270120 0.7680886 0.0000010 1.2005977 1.4834924 1.3011045 1.3357692 1.2478721 1.2224163 1.2056341 1.1998951 1.4165847 1.1183716 1.4411285 0.0000000 1.2092168 1.3310859 1.4044626 1.3608796 1.2547693 0.0000010 1.6880786 1.6476380 1.6039837 1.3584710 1.4311778 1.5334345 1.5740214 1.5063289 1.3912959 1.5706236 1.8194295 1.8907838 1.9092013 1.3430522 2.1290532 5.3915220 1.3119181 1.9422643 0.0000010 1.6798769 1.6907764 8.9583078 1.4083727 3.0114456 1.9344420 
Acagra_model.g12991.t1                                0.9006839 0.9229316 1.4096229 1.2445694 0.8382746 1.5085993 1.3489635 2.0628032 1.2253348 1.1828239 1.3155473 0.9795816 1.1597609 1.2597450 1.4980025 1.4104725 0.8328357 0.6692877 0.9457511 1.2092168 0.0000000 1.1121645 1.1281330 1.6321518 1.6838032 1.0618898 1.5440505 1.3587988 1.6506716 1.6099536 1.5550382 1.5747620 1.7162758 1.7122891 1.5526519 1.0981346 1.6250407 2.1084078 2.5160746 2.1554977 2.0431770 4.7190696 1.5604374 1.7393520 2.4231131 1.7136674 1.6916807 1.9153339 1.8587709 2.4644116 1.9049033 
Dpul_mRNA10564                                        1.0596846 1.0731851 1.3661384 1.2938384 1.0354065 1.4799668 1.2863622 1.7331250 1.2060910 1.2952012 1.2009918 1.0280575 1.1430168 1.1220583 1.1255408 1.1065118 1.1324598 1.1210432 1.2055481 1.3310859 1.1121645 0.0000000 1.0524305 1.3642690 1.3225828 1.0498746 1.5336689 1.4493753 1.3768784 1.4644767 1.5425729 1.5507232 1.7074424 1.6532386 1.3808682 1.2489472 1.7756748 1.8846616 2.1094287 1.7981452 2.1275387 4.9704836 1.3642879 1.6887953 2.1015678 1.7841248 1.6450639 1.6217143 1.7758946 2.3029923 1.7547339 
Cscu_XM_023380422.1                                   1.0055116 1.1605639 1.6175957 1.4756917 0.9558613 1.6527093 1.4808051 2.3339003 1.1834535 1.3270933 1.6563629 1.1152783 1.3343295 1.5253419 1.6017257 1.5001894 1.1477716 1.2098021 1.1654752 1.4044626 1.1281330 1.0524305 0.0000000 1.5961059 1.6669727 1.0383411 1.6988178 1.3872101 1.6774124 1.7576103 1.8081191 1.7057973 1.8863254 1.8749166 1.6676331 1.1813112 1.7683687 2.2935203 2.6372657 2.4198554 2.1409171 5.2411193 1.8136094 1.9872699 2.5989367 1.7940195 1.8332387 1.9137927 1.8325207 2.4014327 1.7097710 
Dgig_XM_028550930.1                                   1.9028433 1.9128632 1.5146848 1.4269729 0.9529775 2.0804525 1.7260893 2.8569009 1.2785387 1.2981351 1.4107016 1.1376589 1.1788514 1.5667182 1.6937512 1.5908096 1.6575640 2.0550751 1.6807521 1.3608796 1.6321518 1.3642690 1.5961059 0.0000000 0.5014010 1.2361681 2.2623804 1.6428802 1.8134644 2.4853205 2.4015679 1.7789782 2.3871563 2.3821602 2.3317511 1.9247004 1.8213195 2.4016524 3.0964853 3.3089130 2.2578978 4.3622308 2.1356511 2.3838985 3.5169258 1.8455569 2.5312656 3.3799020 2.4991801 3.6991605 4.8806362 
Xesp_015101-T1                                        1.9687779 1.8880664 1.5883347 1.3958823 0.9886862 2.1452148 1.8626657 3.0273916 1.3205696 1.2732415 1.4453258 1.1723039 1.2062876 1.5439299 1.6784823 1.5881754 1.6377982 2.1371386 1.7640681 1.2547693 1.6838032 1.3225828 1.6669727 0.5014010 0.0000000 1.3504952 2.1792712 1.6678344 1.8570509 2.4988417 2.4489926 1.7511782 2.3648358 2.3382069 2.2929661 2.0628566 1.6621558 2.2459401 3.1260300 3.1142722 2.2564009 5.5904083 2.1552196 2.3159431 3.3427652 1.7199963 2.4790016 3.2465440 2.4894116 3.5451907 4.4018305 
Ocar_g8824                                            1.0454986 0.8238521 1.0524457 0.9054919 1.3921773 1.1577775 1.2398185 0.5945364 1.1990375 0.9900785 0.0000010 0.0000010 1.0752100 1.0760140 1.1008763 1.0813734 0.9921782 1.2269871 1.0420901 0.0000010 1.0618898 1.0498746 1.0383411 1.2361681 1.3504952 0.0000000 0.0328014 0.3901602 0.9750631 1.0520835 1.0213365 0.0000010 1.1015507 1.0607563 0.8964174 0.8982136 1.4881981 1.6959366 1.6247815 1.1209563 0.0000010 0.0000010 0.7995623 0.7995623 0.0000010 0.0000010 0.8572507 0.8300773 0.9793741 2.6655124 0.4378679 
Opea_EP00118_Oscarella_pearsei_P014109                1.8086959 1.8873772 1.8093941 1.4699573 1.2031643 2.3288416 2.0921634 3.4848811 1.4479554 1.5180474 1.6160822 1.3811566 1.5782761 2.0638969 2.2006847 2.0981122 1.4683265 2.0257992 1.6089567 1.6880786 1.5440505 1.5336689 1.6988178 2.2623804 2.1792712 0.0328014 0.0000000 0.7156056 2.3391752 1.7665624 1.6895834 1.2961534 1.8577688 1.8686135 1.7439563 1.9516759 1.5301578 2.0122152 2.9704384 3.0938958 2.3443034 6.7349437 1.8467757 2.2157614 3.1562715 1.9994368 2.3956753 2.8515429 2.4729337 3.6763720 4.3452895 
Plajan_Pjan_scaffold7939_01                           1.2270476 1.2762436 1.6771388 1.4650493 1.2088533 1.7547625 1.6302140 1.8955646 1.5663241 1.4905206 1.9675471 1.4114787 1.4090881 1.3897821 1.6253440 1.4621629 1.4526501 1.4183931 1.3832430 1.6476380 1.3587988 1.4493753 1.3872101 1.6428802 1.6678344 0.3901602 0.7156056 0.0000000 1.5548542 1.4646192 1.3224297 1.5189182 1.4720984 1.5119693 1.3302544 1.4063582 1.7526137 2.0441809 2.3648248 2.0277203 1.7265170 4.3010621 1.4702919 1.5737927 1.7838528 1.7061409 1.5823228 1.4294469 1.5392379 2.8747009 1.2352295 
Nvec_v1g113222                                        2.0967799 1.9621778 1.8121834 1.6437564 0.9136607 1.9837121 1.9392949 3.3322719 0.8248088 1.0848872 1.0814978 1.1761480 0.9768184 1.2178412 1.2224882 1.2088012 1.5472769 2.1695446 1.6771674 1.6039837 1.6506716 1.3768784 1.6774124 1.8134644 1.8570509 0.9750631 2.3391752 1.5548542 0.0000000 2.5731896 2.3957647 1.8401594 2.3400622 2.2315396 2.1714294 2.1690671 1.9380479 2.3308994 3.1353604 2.9571747 2.8508406 4.4889200 2.0624742 2.4341702 4.2953950 2.2669621 2.4846387 2.9489043 2.3110319 3.7478438 3.3652607 
Aque_Aqu2.1.23869_001                                 1.9736384 1.8732689 1.9642789 1.7204264 1.2500812 2.3904046 2.1723582 3.3893890 1.6193520 1.5795047 1.2359096 1.3187915 1.6061632 2.2261280 2.3555469 2.2513989 1.7345567 2.0558206 1.7505926 1.3584710 1.6099536 1.4644767 1.7576103 2.4853205 2.4988417 1.0520835 1.7665624 1.4646192 2.5731896 0.0000000 0.6018280 0.6929986 1.5328204 1.5477464 1.3617078 2.2148728 1.5449285 2.1303543 2.7502094 2.9896170 1.9266798 4.7025176 2.1643886 2.2705742 3.3541791 1.6799126 2.4324545 3.3994671 2.4653988 3.5470800 2.2261901 
Halamb_c54543_g1_i1m.38559                            1.9312433 1.8775099 1.9342292 1.6386284 1.0650374 2.2613047 2.0631047 3.4099285 1.5035204 1.4567309 1.2409633 1.2018029 1.4802984 2.0316446 2.1315860 2.0547856 1.6821352 2.0605473 1.5192844 1.4311778 1.5550382 1.5425729 1.8081191 2.4015679 2.4489926 1.0213365 1.6895834 1.3224297 2.3957647 0.6018280 0.0000000 0.5409174 1.3798032 1.4138387 1.1501411 2.3091784 1.5318595 2.0553101 2.6562785 2.9737545 2.2982737 7.1479719 2.0175069 2.1765701 3.2562416 1.7796601 2.3757300 3.1368835 2.2626985 3.5126629 1.9042208 
Xestes_maker-XT_scaffold5787-snap-gene-0.29-mRNA-1    1.6780645 1.4638430 1.6535216 1.3693025 1.2115170 1.8955650 1.5856229 0.0000010 1.4003549 1.6327691 1.3634087 1.3219025 1.4843423 1.3637798 1.3376424 1.3081110 1.5033862 1.6982008 1.4485446 1.5334345 1.5747620 1.5507232 1.7057973 1.7789782 1.7511782 0.0000010 1.2961534 1.5189182 1.8401594 0.6929986 0.5409174 0.0000000 1.2270073 1.1944938 1.0025762 1.7764543 1.6368667 1.4913119 2.1664150 1.5297857 2.6569123 8.9999985 1.9117903 2.3410005 0.0000010 2.1043094 2.3716630 4.6488772 1.5464298 3.2701872 0.9367013 
Emue_Em0022g555a.t1                                   1.8571703 1.8840724 1.9584035 1.6071056 1.4941739 2.4582838 2.2583198 3.4075335 1.5151284 1.6410038 1.3287519 1.4858917 1.6178319 2.2007815 2.2412896 2.1093287 1.7533614 2.1187265 1.7219421 1.5740214 1.7162758 1.7074424 1.8863254 2.3871563 2.3648358 1.1015507 1.8577688 1.4720984 2.3400622 1.5328204 1.3798032 1.2270073 0.0000000 0.2214056 0.9540406 2.0037928 1.7440354 2.1494263 2.9155007 2.8553184 1.9685246 7.1830449 1.8755084 2.0292013 2.8549274 1.8089985 2.1723956 2.7047361 2.3285513 3.5800526 1.2102953 
Spolac_c104529_g1_i3_m.41216c104529-g1                1.8595476 1.8013883 2.0119954 1.6314504 1.4552326 2.3343027 2.1978351 3.2809768 1.4540029 1.5440788 1.2517515 1.3491757 1.4960331 2.0941180 2.1786212 2.0830623 1.6820051 2.0508042 1.7027433 1.5063289 1.7122891 1.6532386 1.8749166 2.3821602 2.3382069 1.0607563 1.8686135 1.5119693 2.2315396 1.5477464 1.4138387 1.1944938 0.2214056 0.0000000 0.9827648 1.9418889 1.7085431 2.1894686 2.8091885 2.8320098 1.8887943 6.3189996 1.9409773 2.0393128 2.9031728 1.8111524 2.2415806 2.8243920 2.3398765 3.5721221 1.2151971 
Tetwil_g11342.t2                                      1.6474145 1.6838595 1.8707665 1.6013233 1.0365507 2.2610229 2.1296722 3.6124887 1.3902823 1.4678051 1.3213557 1.3348425 1.4357836 1.9643452 2.0472441 1.9550525 1.5439543 1.9731636 1.4475918 1.3912959 1.5526519 1.3808682 1.6676331 2.3317511 2.2929661 0.8964174 1.7439563 1.3302544 2.1714294 1.3617078 1.1501411 1.0025762 0.9540406 0.9827648 0.0000000 1.7650493 1.6024470 2.0426142 2.7443993 2.9345338 1.8262760 4.5368558 1.8663719 1.9259250 2.5734344 1.5872903 2.1878432 2.5428964 2.1512298 3.2686893 0.7249148 
Skow_XM_006820451.1                                   1.2248214 1.1706551 1.6090718 1.3684863 1.0062739 2.1378991 1.9621365 2.9396224 1.1719405 1.3838737 1.6443757 1.2237930 1.3058381 1.7834973 1.9059889 1.8174562 1.0785781 1.5144272 0.8592762 1.5706236 1.0981346 1.2489472 1.1813112 1.9247004 2.0628566 0.8982136 1.9516759 1.4063582 2.1690671 2.2148728 2.3091784 1.7764543 2.0037928 1.9418889 1.7650493 0.0000000 1.6326868 2.2874030 3.0691812 3.0933865 2.9032798 4.5754976 1.9736277 2.1338046 2.8873264 1.9575985 2.1596714 2.4694666 2.4927214 3.0300252 2.9810262 
Scil_scict011816.3                                    1.6412529 1.5360761 1.8305956 1.6015055 1.2990009 1.7575247 1.6291356 1.2592098 1.5721910 1.8030805 1.9212146 1.5760712 1.6917553 1.6923858 1.6828886 1.6731158 1.4318393 1.7521377 1.6137534 1.8194295 1.6250407 1.7756748 1.7683687 1.8213195 1.6621558 1.4881981 1.5301578 1.7526137 1.9380479 1.5449285 1.5318595 1.6368667 1.7440354 1.7085431 1.6024470 1.6326868 0.0000000 0.3528852 1.1416255 0.4749761 2.5156340 6.0864963 1.8295160 2.0815698 2.0460607 2.1238779 2.0777873 2.0576166 0.9483906 2.6409454 1.5248660 
Leuniv_Lniv_scaffold24824_01                          2.1610544 2.0107570 2.3919619 1.9154240 1.2361403 2.4111094 2.2795530 3.9904228 1.9292841 2.0462338 2.0746747 1.6835020 2.0351016 2.2166187 2.3017702 2.1515445 2.0366908 2.1408068 2.0049707 1.8907838 2.1084078 1.8846616 2.2935203 2.4016524 2.2459401 1.6959366 2.0122152 2.0441809 2.3308994 2.1303543 2.0553101 1.4913119 2.1494263 2.1894686 2.0426142 2.2874030 0.3528852 0.0000000 1.1671388 0.6072215 2.7040592 5.3793391 2.2629345 2.4381689 3.8184631 2.1551584 2.5055985 3.2958500 1.3823684 3.8615371 1.8232752 
Lcom_lcpid20463                                       2.9217398 2.7979281 2.7139149 2.3836873 1.3704365 3.0999572 2.7396807 4.7095468 2.2375255 2.2841519 2.2565768 1.7931624 2.3597847 2.9138567 3.0223316 2.9451189 2.2136161 2.8518364 2.5226790 1.9092013 2.5160746 2.1094287 2.6372657 3.0964853 3.1260300 1.6247815 2.9704384 2.3648248 3.1353604 2.7502094 2.6562785 2.1664150 2.9155007 2.8091885 2.7443993 3.0691812 1.1416255 1.1671388 0.0000000 1.3773700 2.8952694 6.9510208 3.1458167 3.3370982 5.4996163 2.5440658 3.5597346 5.0009168 2.0298927 4.2129844 5.5738409 
Gracom_Gcom_scaffold18830_01                          2.8470996 2.7349553 2.7531630 2.3381107 1.0238963 2.9779254 2.9040019 4.4782766 2.0600003 2.0209075 2.6960428 0.8606237 2.1773292 3.1778345 3.3002527 3.1106025 2.1743167 2.8530770 2.3936457 1.3430522 2.1554977 1.7981452 2.4198554 3.3089130 3.1142722 1.1209563 3.0938958 2.0277203 2.9571747 2.9896170 2.9737545 1.5297857 2.8553184 2.8320098 2.9345338 3.0933865 0.4749761 0.6072215 1.3773700 0.0000000 1.0644624 9.0000000 2.7962702 2.8181588 4.6295995 1.2764007 3.0901863 4.0679866 1.9431533 4.3741698 4.2257915 
Mlei_ML0463.g38.i1                                    2.0922328 2.2601914 2.2944953 2.1263645 1.5966195 2.2012742 1.7795118 0.0000010 2.0479708 2.1666249 3.0173830 2.1010202 2.0867657 2.0027176 2.0726205 2.0429772 2.2751415 2.1592280 2.1762797 2.1290532 2.0431770 2.1275387 2.1409171 2.2578978 2.2564009 0.0000010 2.3443034 1.7265170 2.8508406 1.9266798 2.2982737 2.6569123 1.9685246 1.8887943 1.8262760 2.9032798 2.5156340 2.7040592 2.8952694 1.0644624 0.0000000 0.0801983 0.5078223 0.3046984 0.0000010 0.4180773 0.4236622 9.0000000 1.5895172 4.2092744 1.3707297 
Bolinf_Binf_sb1244968                                 5.7087051 5.7648185 5.7330200 5.2980612 9.0000000 6.0850591 3.3163086 0.0000010 5.0533887 6.1650844 6.2510181 4.5664768 5.4958174 5.1405396 4.7886035 4.6851881 5.5295099 4.8401877 4.7120150 5.3915220 4.7190696 4.9704836 5.2411193 4.3622308 5.5904083 0.0000010 6.7349437 4.3010621 4.4889200 4.7025176 7.1479719 8.9999985 7.1830449 6.3189996 4.5368558 4.5754976 6.0864963 5.3793391 6.9510208 9.0000000 0.0801983 0.0000000 2.0203463 0.4602585 0.0000010 0.7949297 0.7960868 9.0000000 2.5981595 7.8390005 9.0000000 
Pbac_sb2668133                                        1.8567535 1.9496215 2.0074237 1.5931483 0.9852055 2.2991517 2.2206071 3.6216313 1.5760143 1.5379026 1.2618426 1.1601669 1.5345656 1.9349571 2.1228706 2.0528571 1.7092873 1.9485819 1.6593442 1.3119181 1.5604374 1.3642879 1.8136094 2.1356511 2.1552196 0.7995623 1.8467757 1.4702919 2.0624742 2.1643886 2.0175069 1.9117903 1.8755084 1.9409773 1.8663719 1.9736277 1.8295160 2.2629345 3.1458167 2.7962702 0.5078223 2.0203463 0.0000000 0.0992378 0.4343467 0.6226536 0.4671466 0.5130477 2.5217795 3.3934187 3.2422319 
Horcal_Hcv1.av93.c10.g612.i1                          2.0557163 2.1203239 2.1187638 1.7145796 1.2273239 2.5253971 2.3246225 3.7822835 1.6797357 1.7997193 2.2806626 1.7788677 1.7647786 2.0861338 2.2208318 2.1863458 1.8528355 2.2185745 1.8347189 1.9422643 1.7393520 1.6887953 1.9872699 2.3838985 2.3159431 0.7995623 2.2157614 1.5737927 2.4341702 2.2705742 2.1765701 2.3410005 2.0292013 2.0393128 1.9259250 2.1338046 2.0815698 2.4381689 3.3370982 2.8181588 0.3046984 0.4602585 0.0992378 0.0000000 0.3633667 0.4418770 0.4653947 0.5316024 2.5980590 3.3433668 2.7414626 
Beraby_Baby_sb328379                                  3.0293058 3.0331992 3.3546269 2.1896812 0.0000010 4.3683733 4.2830919 4.2564793 1.9733661 1.9448139 3.4199045 0.0000010 2.2472156 3.0831649 3.5002197 3.4189410 2.3793636 3.3819868 2.3724745 0.0000010 2.4231131 2.1015678 2.5989367 3.5169258 3.3427652 0.0000010 3.1562715 1.7838528 4.2953950 3.3541791 3.2562416 0.0000010 2.8549274 2.9031728 2.5734344 2.8873264 2.0460607 3.8184631 5.4996163 4.6295995 0.0000010 0.0000010 0.4343467 0.3633667 0.0000000 0.0000010 0.6846079 0.6515616 4.4154950 4.7265144 3.0561611 
Coeast_Cast_sb774209                                  1.9845024 1.7443553 1.9688384 1.7254771 1.4419179 1.8070407 1.5416160 0.0000010 1.5629820 2.1584039 2.3371149 1.8808217 1.8560945 1.7652995 1.7168918 1.7103227 1.8764601 1.7122593 1.8251425 1.6798769 1.7136674 1.7841248 1.7940195 1.8455569 1.7199963 0.0000010 1.9994368 1.7061409 2.2669621 1.6799126 1.7796601 2.1043094 1.8089985 1.8111524 1.5872903 1.9575985 2.1238779 2.1551584 2.5440658 1.2764007 0.4180773 0.7949297 0.6226536 0.4418770 0.0000010 0.0000000 0.0151045 9.0000000 1.5230838 3.7572572 1.9790343 
Coemet_Cmet_scaffold12399_01                          2.3118764 2.1465901 2.1442162 1.7357432 1.2726775 2.5370290 2.3825459 3.8974509 1.6086200 1.7448163 2.3913496 1.9004991 1.7444264 2.2860596 2.3187912 2.2927735 1.8864161 2.1574205 1.8121168 1.6907764 1.6916807 1.6450639 1.8332387 2.5312656 2.4790016 0.8572507 2.3956753 1.5823228 2.4846387 2.4324545 2.3757300 2.3716630 2.1723956 2.2415806 2.1878432 2.1596714 2.0777873 2.5055985 3.5597346 3.0901863 0.4236622 0.7960868 0.4671466 0.4653947 0.6846079 0.0151045 0.0000000 0.5693778 2.7319919 3.7659700 3.6444040 
Lampan_Lpan_11013_01                                  2.5478811 2.6674555 2.6208759 1.8562304 0.0000010 3.2260268 3.1621745 3.7294102 1.6161375 1.4074626 2.2822626 4.6488772 1.6616597 2.6554202 2.8658382 2.7773510 1.9952858 2.6721446 2.0279330 8.9583078 1.9153339 1.6217143 1.9137927 3.3799020 3.2465440 0.8300773 2.8515429 1.4294469 2.9489043 3.3994671 3.1368835 4.6488772 2.7047361 2.8243920 2.5428964 2.4694666 2.0576166 3.2958500 5.0009168 4.0679866 9.0000000 9.0000000 0.5130477 0.5316024 0.6515616 9.0000000 0.5693778 0.0000000 3.6444766 4.2086234 4.1212444 
Clacor_Ccor_scaffold9326_01                           2.3670944 2.1771744 2.1501510 1.9226417 1.1952061 2.7601821 2.5810972 4.8343804 1.6789808 1.7174396 1.7272190 1.1587637 1.6624815 2.3505286 2.5732172 2.4033470 1.7543762 2.4177286 1.9509371 1.4083727 1.8587709 1.7758946 1.8325207 2.4991801 2.4894116 0.9793741 2.4729337 1.5392379 2.3110319 2.4653988 2.2626985 1.5464298 2.3285513 2.3398765 2.1512298 2.4927214 0.9483906 1.3823684 2.0298927 1.9431533 1.5895172 2.5981595 2.5217795 2.5980590 4.4154950 1.5230838 2.7319919 3.6444766 0.0000000 3.2473996 3.6713548 
Tcas_TC014631_001                                     2.9090340 3.0095896 2.9776080 2.8209409 2.0265152 3.4761052 3.1827771 4.7852703 3.1384785 2.8761345 3.1010166 3.1144043 2.9719458 3.2079290 3.5427634 3.4097121 2.6772670 3.0460884 2.6686832 3.0114456 2.4644116 2.3029923 2.4014327 3.6991605 3.5451907 2.6655124 3.6763720 2.8747009 3.7478438 3.5470800 3.5126629 3.2701872 3.5800526 3.5721221 3.2686893 3.0300252 2.6409454 3.8615371 4.2129844 4.3741698 4.2092744 7.8390005 3.3934187 3.3433668 4.7265144 3.7572572 3.7659700 4.2086234 3.2473996 0.0000000 4.7599639 
Stycar_maker-SC_scaffold2157-augustus-gene-0.3-mRNA-1 3.5589023 3.0152718 3.4671476 2.0647132 1.2690980 4.8740851 4.8854607 6.6954012 1.1609738 1.7198119 1.2403627 1.6253076 1.8094332 3.9354687 3.4392114 3.5986525 2.9656056 4.2391371 2.8423514 1.9344420 1.9049033 1.7547339 1.7097710 4.8806362 4.4018305 0.4378679 4.3452895 1.2352295 3.3652607 2.2261901 1.9042208 0.9367013 1.2102953 1.2151971 0.7249148 2.9810262 1.5248660 1.8232752 5.5738409 4.2257915 1.3707297 9.0000000 3.2422319 2.7414626 3.0561611 1.9790343 3.6444040 4.1212444 3.6713548 4.7599639 0.0000000 
