53
Hsap_ENST00000376771                              0.0000000 1.0524823 1.0825009 1.2041615 1.1441069 1.2536885 1.2288302 1.2424929 1.4314396 1.4292067 1.3610155 1.3986327 1.4120044 1.4562095 1.5120910 1.6919293 1.6814394 1.6533501 1.6617773 1.6433139 1.7057834 1.6198609 1.6414546 1.6588548 1.8558988 1.5498531 1.7952271 1.9693343 1.9913089 1.9146295 1.9800757 1.8584093 1.6861659 1.1636956 1.2458840 2.6174895 2.9999030 3.2098998 2.9701097 2.0535665 2.0535665 2.3186685 2.4102617 2.5723788 2.4281157 2.5378802 2.9276998 3.7473309 3.8151587 3.3181464 3.6140141 4.0693378 3.5367024 
Bralan_BLAG05001166_1                             1.0524823 0.0000000 0.9460412 1.2829010 1.1287886 1.1929628 1.1981058 1.3654513 1.4428590 1.4445254 1.4070069 1.4214884 1.4345413 1.4521319 1.5673673 1.6126330 1.6142613 1.5268302 1.4996759 1.6391348 1.6589330 1.5817028 1.6842756 1.6401879 1.7913900 1.3955862 1.7394857 1.7873781 1.7832045 1.7969970 1.8391150 1.6951086 1.6556601 1.2368709 1.2483177 2.2916373 2.5307804 2.6915806 3.1069489 1.9888426 1.9888426 2.1195123 2.5314926 2.4384776 2.5498862 2.5308110 2.9648984 3.7910490 3.3161090 3.3575164 3.4485677 4.7975189 3.2180891 
Cscu_XM_023386495.1                               1.0825009 0.9460412 0.0000000 1.0343122 0.8890898 0.9776501 0.8724654 1.1548935 1.5271883 1.5163563 1.4895135 1.5035274 1.5052681 1.5643854 1.6332839 1.6331223 1.5964436 1.5370091 1.5381603 1.6613764 1.6790149 1.6267789 1.6535668 1.6729236 1.9334612 1.4888549 1.7656508 1.8750720 1.8852671 1.8900892 1.9590132 1.8139285 1.7900573 1.1418184 1.2353243 2.1136496 2.4949110 2.8684541 2.9989992 2.0033697 2.0033697 2.2062056 2.7494192 2.6086830 2.7117982 2.6578440 3.0403299 4.0817174 3.7580858 3.5581095 3.3535434 4.4564774 3.4020409 
Ctel_gnl_WGS_AMQN_CAPTEDRAFT_mRNA178211           1.2041615 1.2829010 1.0343122 0.0000000 0.7913087 0.9173954 1.2025719 1.3207281 1.7576984 1.7568079 1.7241257 1.7275566 1.7290019 1.7834267 1.8978144 1.9928033 1.7662439 1.8609055 1.8406736 2.0226000 1.9954764 2.0248528 1.9217856 1.9742958 2.0914274 1.8545680 1.7766640 1.8797457 2.1699893 2.0889304 2.1266917 1.9757174 1.8923230 1.3162496 1.4752256 2.4415402 2.6391836 2.9146885 3.0679606 2.4471298 2.4471298 2.2752747 2.7985238 2.7954252 2.8403803 2.8494561 3.1520560 4.7267838 4.1991954 4.1827861 3.9107499 4.6081377 3.9751054 
Acagra_model.g7824.t1                             1.1441069 1.1287886 0.8890898 0.7913087 0.0000000 0.7479381 1.2528451 1.3476224 1.6810837 1.6829222 1.6670483 1.7257715 1.7238013 1.7480911 1.8418611 1.8874564 1.8410582 1.7523833 1.7488085 1.9200003 1.9029384 1.9170002 1.8486894 1.8979632 2.1772505 1.9113052 1.7595698 1.8914613 2.0082896 2.0139406 2.0748915 1.9273908 1.8446746 1.2359486 1.3501365 2.3461050 2.5757676 2.8146919 3.0690960 2.2358495 2.2358495 2.3273612 2.4992057 2.6583146 2.4734912 2.5793573 3.0025579 4.3138088 3.8074222 3.9105966 3.6263709 4.1265790 3.4780867 
Cgig_XM_034449375.1                               1.2536885 1.1929628 0.9776501 0.9173954 0.7479381 0.0000000 1.1494183 1.3972083 1.6237597 1.6123102 1.5747518 1.5884831 1.5959783 1.6242462 1.7169824 1.8895025 1.8053579 1.7954062 1.8152047 1.8894340 1.9509256 1.9022898 1.9041505 1.9016737 2.1437007 1.8275865 1.7331733 1.7666523 2.0370621 1.9823788 2.0222918 1.9926227 1.8525910 1.1866020 1.3953799 2.1693554 2.3331297 2.5026461 3.2504521 2.3844236 2.3844236 2.3826875 2.6406800 2.7075448 2.6476104 2.7016357 3.0154963 4.1474031 3.5581671 3.6264600 3.5083859 4.1020007 3.5564322 
Tcas_TC014792_001                                 1.2288302 1.1981058 0.8724654 1.2025719 1.2528451 1.1494183 0.0000000 1.1976577 1.6748805 1.6629018 1.7190711 1.7313771 1.6760836 1.7414244 1.8205315 1.7380617 1.6488811 1.6703461 1.6846149 1.7828808 1.8171932 1.7157134 1.7725484 1.7907882 1.8693133 1.6139928 1.6674304 1.8138298 1.9977549 2.0111830 2.0571440 1.8806372 1.7961206 1.3384341 1.5081365 2.2403415 2.3917990 2.6976795 3.1455090 2.1732245 2.1732245 2.2253191 2.8253131 3.0550696 2.8507226 2.6027396 3.2165279 4.2434511 3.3592244 3.7498276 3.5438448 4.6655493 3.6641285 
Dpul_mRNA18031                                    1.2424929 1.3654513 1.1548935 1.3207281 1.3476224 1.3972083 1.1976577 0.0000000 1.6643569 1.6663347 1.8014364 1.7737962 1.6999826 1.7009675 1.7552578 1.8915226 1.7607957 1.6563058 1.6410601 1.8564718 1.8055426 1.8531110 1.7818330 1.8252494 1.8447195 1.5645437 1.8776064 1.9737955 2.1301236 2.0105224 1.9943114 1.9326358 1.7999566 1.4727773 1.5259425 2.3138725 2.3899530 2.7063276 2.8682406 2.0015820 2.0015820 2.0648849 2.6931706 2.8000570 2.6232913 2.5350871 3.0474473 3.8715720 3.2166138 3.4448117 3.6634169 3.9083881 3.3144280 
Tadh_TriadT55495                                  1.4314396 1.4428590 1.5271883 1.7576984 1.6810837 1.6237597 1.6748805 1.6643569 0.0000000 0.0019140 0.1645988 0.1652469 0.1692921 0.1875768 0.2034149 1.6107723 1.4632904 1.2863086 1.3471743 1.3538737 1.5279098 1.4280327 1.3952687 1.4169606 1.6445955 1.3880797 1.6552303 1.7825686 1.8432900 1.8345305 1.8403160 1.8731312 1.5918185 1.5661954 1.8558760 2.0329643 2.3444705 2.5153750 2.9334814 1.9297484 1.9297484 2.0036069 2.3534580 2.6585187 2.3455209 2.2220769 2.7892776 3.8733648 3.3380744 3.4850444 3.6393535 5.1498255 3.5994913 
TrH2_TrispH2_004421-RA                            1.4292067 1.4445254 1.5163563 1.7568079 1.6829222 1.6123102 1.6629018 1.6663347 0.0019140 0.0000000 0.1618511 0.1625704 0.1666369 0.1847632 0.2004711 1.5992350 1.4528303 1.2759630 1.3372915 1.3538737 1.5297393 1.4280327 1.3853058 1.4069092 1.6457400 1.3880797 1.6531925 1.7816646 1.8445152 1.8211898 1.8269752 1.8596230 1.5930527 1.5740066 1.8605777 2.0329643 2.3444705 2.5287048 2.9684294 1.9273871 1.9273871 2.0048220 2.3460914 2.6585187 2.3421845 2.2194539 2.7921247 3.8771474 3.3380744 3.4809330 3.6349842 5.1419253 3.6012157 
HoiH06_mRNA1005                                   1.3610155 1.4070069 1.4895135 1.7241257 1.6670483 1.5747518 1.7190711 1.8014364 0.1645988 0.1618511 0.0000000 0.0524153 0.0954424 0.0999076 0.1183290 1.5157143 1.4399098 1.2916476 1.3318646 1.3661980 1.4253496 1.3176961 1.3345038 1.3645843 1.6936494 1.4101892 1.6105521 1.7311730 1.8231574 1.7668295 1.7825472 1.8005265 1.5626408 1.5722116 1.7432699 2.1055715 2.3556741 2.5938856 3.1721206 1.9216383 1.9216383 2.0090737 2.3369562 2.4957996 2.3690761 2.3519368 2.7876099 3.6996546 3.3471791 3.5172870 3.5521314 5.1584469 3.5712376 
HoiH23_PlH23_004237-RA                            1.3986327 1.4214884 1.5035274 1.7275566 1.7257715 1.5884831 1.7313771 1.7737962 0.1652469 0.1625704 0.0524153 0.0000000 0.1016641 0.1265779 0.1531342 1.5499899 1.4442521 1.2903983 1.3246703 1.3557744 1.4695569 1.3434159 1.3442362 1.3588333 1.6953280 1.4251437 1.6427042 1.7213896 1.8137071 1.7711817 1.7819393 1.7360783 1.5544881 1.5637343 1.7938892 2.1331744 2.3604179 2.5856010 3.0208071 1.9204475 1.9204475 2.0509078 2.3810890 2.6844996 2.4449013 2.3491456 2.8166554 3.6596505 3.3661276 3.5672086 3.5328155 4.8422639 3.7237722 
Hhon_g08343.t1                                    1.4120044 1.4345413 1.5052681 1.7290019 1.7238013 1.5959783 1.6760836 1.6999826 0.1692921 0.1666369 0.0954424 0.1016641 0.0000000 0.0219304 0.1492475 1.4863375 1.4644948 1.3135676 1.3576893 1.3811842 1.4486476 1.3153100 1.3148749 1.3385399 1.6655098 1.3684103 1.6509541 1.7777079 1.8640602 1.8398665 1.8313504 1.8445379 1.5483021 1.5639715 1.7737402 2.0873839 2.3605326 2.6371237 3.0064619 1.9611323 1.9611323 2.0111789 2.3259759 2.6574213 2.3483601 2.2430110 2.7206682 3.7608309 3.1575644 3.4364090 3.4595908 5.0061322 3.6784643 
HoiH04_mRNA12695                                  1.4562095 1.4521319 1.5643854 1.7834267 1.7480911 1.6242462 1.7414244 1.7009675 0.1875768 0.1847632 0.0999076 0.1265779 0.0219304 0.0000000 0.1315998 1.5176484 1.4986404 1.3697278 1.4111987 1.3845677 1.4652887 1.3154997 1.3557597 1.3801217 1.7007450 1.3688733 1.6636131 1.8186393 1.9061560 1.8893119 1.8872503 1.9006583 1.5476824 1.5888352 1.7783754 2.0755669 2.3269914 2.6800114 3.3852472 1.9980167 1.9980167 2.0530709 2.3523323 2.4952635 2.3237323 2.2964647 2.7533285 3.8318088 3.1553361 3.5029109 3.5425893 5.2616983 3.6561507 
HoiH11_mRNA6196                                   1.5120910 1.5673673 1.6332839 1.8978144 1.8418611 1.7169824 1.8205315 1.7552578 0.2034149 0.2004711 0.1183290 0.1531342 0.1492475 0.1315998 0.0000000 1.6569800 1.5495387 1.4196231 1.4697572 1.3717745 1.5406528 1.3724015 1.4709759 1.4636048 1.7907965 1.3658160 1.7225416 1.8219428 1.8837909 1.9019050 1.9333333 1.9431268 1.5680577 1.7314932 1.8572470 2.0761797 2.2685773 2.6624860 3.7284289 2.1255973 2.1255973 2.1641530 2.5306647 2.8655966 2.5399596 2.4641055 2.9030144 3.8889084 3.3776641 3.6302780 3.6724900 5.4421044 3.4968729 
Exapal_XM_021037439.2                             1.6919293 1.6126330 1.6331223 1.9928033 1.8874564 1.8895025 1.7380617 1.8915226 1.6107723 1.5992350 1.5157143 1.5499899 1.4863375 1.5176484 1.6569800 0.0000000 0.5875253 0.8944886 0.8008683 0.9424895 0.9212710 0.9177144 0.8775576 0.8835136 1.3656866 1.1427162 1.5096063 1.5787183 1.5876516 1.7113084 1.7010783 1.4593844 1.2194894 1.8675486 1.8721665 1.9030288 2.2742976 2.7061037 3.1452570 1.9622630 1.9622630 2.0820118 2.4192325 2.2848059 2.4299372 2.2807936 3.0054895 3.6964087 3.5096520 3.5735499 3.1776470 3.4543847 3.4072957 
Nvec_v1g100369                                    1.6814394 1.6142613 1.5964436 1.7662439 1.8410582 1.8053579 1.6488811 1.7607957 1.4632904 1.4528303 1.4399098 1.4442521 1.4644948 1.4986404 1.5495387 0.5875253 0.0000000 0.8359553 0.7433607 0.8379609 0.8437367 0.8543333 0.7993558 0.8131105 1.3111268 1.0979161 1.3424381 1.4379521 1.6570632 1.6383717 1.6431615 1.4317459 1.2681612 1.7820405 1.8701610 2.0011115 2.3088153 2.6921064 3.1971318 1.9635780 1.9635780 1.9898961 2.4857958 2.5728864 2.5195205 2.4591196 2.9341738 3.7927942 3.8766339 3.4845902 3.3145015 4.0069730 3.4081669 
Adig_XM_015921849.1                               1.6533501 1.5268302 1.5370091 1.8609055 1.7523833 1.7954062 1.6703461 1.6563058 1.2863086 1.2759630 1.2916476 1.2903983 1.3135676 1.3697278 1.4196231 0.8944886 0.8359553 0.0000000 0.0223842 0.2902510 0.4040413 0.3559343 0.4220879 0.4150645 1.2133580 1.0977965 1.3792775 1.4798576 1.5410480 1.5715827 1.6136039 1.5789928 1.2930046 1.7571764 1.7975729 2.0674884 2.3793679 2.8590089 3.1298589 1.8641463 1.8641463 2.0802946 2.3739689 2.2464947 2.4003684 2.3947943 2.8928987 3.6176655 3.7304108 3.1134354 3.1896277 3.8593042 3.2555583 
Amil_Amillepora28732-RA                           1.6617773 1.4996759 1.5381603 1.8406736 1.7488085 1.8152047 1.6846149 1.6410601 1.3471743 1.3372915 1.3318646 1.3246703 1.3576893 1.4111987 1.4697572 0.8008683 0.7433607 0.0223842 0.0000000 0.3079280 0.3601317 0.3213533 0.3707556 0.3727418 1.2870677 1.0794254 1.3307120 1.3433366 1.5612460 1.5565525 1.5738136 1.5294653 1.2072720 1.7967964 1.8783230 2.0895140 2.4047794 2.9384516 3.1656845 1.9117437 1.9117437 2.0634365 2.4684935 2.1982001 2.4668985 2.4850850 3.0188861 3.8473271 3.8001010 3.4090822 3.1451267 3.8180130 3.3461719 
Gfas_gfas1.m1.23463.m1                            1.6433139 1.6391348 1.6613764 2.0226000 1.9200003 1.8894340 1.7828808 1.8564718 1.3538737 1.3538737 1.3661980 1.3557744 1.3811842 1.3845677 1.3717745 0.9424895 0.8379609 0.2902510 0.3079280 0.0000000 0.3734390 0.4049135 0.4618657 0.4283396 1.3462217 1.1295160 1.4492055 1.4383358 1.5307949 1.6339660 1.6764708 1.5182203 1.3000190 1.9756451 1.7017753 2.0094208 2.4476974 2.9189782 3.7502886 2.1944454 2.1944454 2.1345640 2.5899235 2.2648977 2.5816314 2.5443667 2.9880357 3.7228708 3.8128686 3.1850706 2.9686488 3.2398113 3.2689034 
Fspp_ffun1.m4.27880.m1                            1.7057834 1.6589330 1.6790149 1.9954764 1.9029384 1.9509256 1.8171932 1.8055426 1.5279098 1.5297393 1.4253496 1.4695569 1.4486476 1.4652887 1.5406528 0.9212710 0.8437367 0.4040413 0.3601317 0.3734390 0.0000000 0.1520774 0.2799201 0.2579002 1.3334573 1.0433751 1.5351566 1.5796920 1.6172068 1.6516159 1.7225959 1.5617075 1.2884713 1.9179209 1.8668051 2.0555277 2.4798618 2.9530808 3.4615706 2.2046693 2.2046693 2.2824034 2.6228115 2.3927295 2.5123877 2.5792308 3.0354737 3.8310302 4.0553550 3.4350930 3.1573955 3.4747971 3.3109780 
Gasp_gasp1.m3.30329.m1                            1.6198609 1.5817028 1.6267789 2.0248528 1.9170002 1.9022898 1.7157134 1.8531110 1.4280327 1.4280327 1.3176961 1.3434159 1.3153100 1.3154997 1.3724015 0.9177144 0.8543333 0.3559343 0.3213533 0.4049135 0.1520774 0.0000000 0.2630071 0.2464722 1.2567767 1.0775258 1.5214726 1.5987051 1.6345861 1.6869762 1.7457738 1.5793003 1.3704848 1.8166310 1.6742462 2.0641505 2.5189069 2.8797940 3.2757151 2.0767065 2.0767065 2.1836521 2.3836003 2.4080211 2.3795064 2.4150428 2.7111329 3.5017752 3.9730821 3.1968954 2.9058619 2.9085030 3.0804679 
Spis_XP_022784599_1                               1.6414546 1.6842756 1.6535668 1.9217856 1.8486894 1.9041505 1.7725484 1.7818330 1.3952687 1.3853058 1.3345038 1.3442362 1.3148749 1.3557597 1.4709759 0.8775576 0.7993558 0.4220879 0.3707556 0.4618657 0.2799201 0.2630071 0.0000000 0.0768892 1.2499262 1.0045572 1.4109509 1.4564179 1.5848970 1.5744359 1.6047440 1.5741492 1.2222837 1.8064447 2.0735220 2.0152543 2.4510502 2.8418998 3.1503723 2.0816411 2.0816411 2.2174482 2.4351823 2.5337341 2.4900655 2.4945004 2.8697166 3.8817564 3.9863597 3.6244248 3.1476497 3.8692520 3.2377308 
Pocdam_XM_027187257.1                             1.6588548 1.6401879 1.6729236 1.9742958 1.8979632 1.9016737 1.7907882 1.8252494 1.4169606 1.4069092 1.3645843 1.3588333 1.3385399 1.3801217 1.4636048 0.8835136 0.8131105 0.4150645 0.3727418 0.4283396 0.2579002 0.2464722 0.0768892 0.0000000 1.3101940 1.0425785 1.4400840 1.4478954 1.6038172 1.5712126 1.6158144 1.5569174 1.2315664 1.8880253 2.0331539 2.0118777 2.4759138 2.8556566 3.1560459 2.0657598 2.0657598 2.2337280 2.4745183 2.3631782 2.5660860 2.6081122 2.8914434 3.8996704 3.9616015 3.6128059 3.1231281 3.6009574 3.2618006 
Dgig_XM_028542388.1                               1.8558988 1.7913900 1.9334612 2.0914274 2.1772505 2.1437007 1.8693133 1.8447195 1.6445955 1.6457400 1.6936494 1.6953280 1.6655098 1.7007450 1.7907965 1.3656866 1.3111268 1.2133580 1.2870677 1.3462217 1.3334573 1.2567767 1.2499262 1.3101940 0.0000000 0.2144576 1.8095892 1.9160712 1.9457392 1.8339116 1.9183928 1.8728611 1.6967816 2.1363059 1.9688274 2.2327139 2.6090478 2.8389767 3.2445513 2.0699788 2.0699788 2.0939838 2.7000024 2.9689270 2.6814009 2.6570102 3.1402598 3.4508519 3.3974232 3.1825313 3.3038496 3.7918572 3.7038283 
Xesp_003906-T1                                    1.5498531 1.3955862 1.4888549 1.8545680 1.9113052 1.8275865 1.6139928 1.5645437 1.3880797 1.3880797 1.4101892 1.4251437 1.3684103 1.3688733 1.3658160 1.1427162 1.0979161 1.0977965 1.0794254 1.1295160 1.0433751 1.0775258 1.0045572 1.0425785 0.2144576 0.0000000 1.6228379 1.6293990 1.7229146 1.7863493 1.8395412 1.7268506 1.6436058 1.8761797 1.6885909 1.9321834 2.5647649 2.5521533 8.9999986 1.8257751 1.8257751 2.0130382 2.3930353 2.9216711 2.3815775 2.4347955 2.5646481 3.3851824 3.5449510 3.1034704 2.9461226 2.6089440 3.4315376 
Hvul_g12862_1                                     1.7952271 1.7394857 1.7656508 1.7766640 1.7595698 1.7331733 1.6674304 1.8776064 1.6552303 1.6531925 1.6105521 1.6427042 1.6509541 1.6636131 1.7225416 1.5096063 1.3424381 1.3792775 1.3307120 1.4492055 1.5351566 1.5214726 1.4109509 1.4400840 1.8095892 1.6228379 0.0000000 0.8012578 1.1955305 1.2265991 1.2232234 1.1000655 0.9852629 1.8284914 1.7790702 1.9364025 2.2938846 3.0069150 3.3924090 2.1411304 2.1411304 2.2520951 2.4603642 2.9680466 2.7224218 2.5448255 3.3176152 4.2145067 4.0323165 3.5745441 3.6774609 4.4292429 3.3907262 
Chem_TCONS_00067572                               1.9693343 1.7873781 1.8750720 1.8797457 1.8914613 1.7666523 1.8138298 1.9737955 1.7825686 1.7816646 1.7311730 1.7213896 1.7777079 1.8186393 1.8219428 1.5787183 1.4379521 1.4798576 1.3433366 1.4383358 1.5796920 1.5987051 1.4564179 1.4478954 1.9160712 1.6293990 0.8012578 0.0000000 1.3772073 1.3007771 1.3355207 1.2993544 1.1765231 2.1123214 2.0757316 2.0684300 2.3911708 2.7839566 3.0268408 2.0280943 2.0280943 2.0526024 2.8615003 3.3139858 3.0617362 2.6145823 3.1163787 4.1836662 3.5501200 3.7775607 3.5973683 4.1251540 3.4619249 
Aaur_scaffold1726.g5.t1                           1.9913089 1.7832045 1.8852671 2.1699893 2.0082896 2.0370621 1.9977549 2.1301236 1.8432900 1.8445152 1.8231574 1.8137071 1.8640602 1.9061560 1.8837909 1.5876516 1.6570632 1.5410480 1.5612460 1.5307949 1.6172068 1.6345861 1.5848970 1.6038172 1.9457392 1.7229146 1.1955305 1.3772073 0.0000000 0.3953395 0.4008001 0.7188937 1.0150129 2.1629233 1.8399294 2.0832059 2.4287258 2.8458676 3.8372661 2.0912321 2.0912321 2.3436730 2.5373366 3.1408974 2.7458951 2.4995318 2.9951472 3.7459185 4.0665859 3.4684365 3.4730815 3.9949109 3.4976139 
Nemnom_g16938.t1                                  1.9146295 1.7969970 1.8900892 2.0889304 2.0139406 1.9823788 2.0111830 2.0105224 1.8345305 1.8211898 1.7668295 1.7711817 1.8398665 1.8893119 1.9019050 1.7113084 1.6383717 1.5715827 1.5565525 1.6339660 1.6516159 1.6869762 1.5744359 1.5712126 1.8339116 1.7863493 1.2265991 1.3007771 0.3953395 0.0000000 0.1147321 0.6657193 0.9876222 2.1700217 2.0809126 2.1303829 2.4384036 2.8276347 3.3449704 2.0830316 2.0830316 2.3435676 2.7599590 2.8117931 2.7137352 2.7423845 3.1021342 4.1320896 4.4154559 3.8760714 3.7650449 4.1400747 3.8244206 
Rhoesc_Res_013754-T1                              1.9800757 1.8391150 1.9590132 2.1266917 2.0748915 2.0222918 2.0571440 1.9943114 1.8403160 1.8269752 1.7825472 1.7819393 1.8313504 1.8872503 1.9333333 1.7010783 1.6431615 1.6136039 1.5738136 1.6764708 1.7225959 1.7457738 1.6047440 1.6158144 1.9183928 1.8395412 1.2232234 1.3355207 0.4008001 0.1147321 0.0000000 0.6601119 1.0375832 2.1326051 2.0433766 2.1650633 2.5209799 2.8485595 3.2655672 2.1105483 2.1105483 2.3846691 2.6352644 3.0602471 2.7318972 2.7577417 3.0867552 4.1151011 4.4643692 3.8642079 3.6917683 3.9842824 3.6012890 
Sanmal_Sma_009182-T1                              1.8584093 1.6951086 1.8139285 1.9757174 1.9273908 1.9926227 1.8806372 1.9326358 1.8731312 1.8596230 1.8005265 1.7360783 1.8445379 1.9006583 1.9431268 1.4593844 1.4317459 1.5789928 1.5294653 1.5182203 1.5617075 1.5793003 1.5741492 1.5569174 1.8728611 1.7268506 1.1000655 1.2993544 0.7188937 0.6657193 0.6601119 0.0000000 0.9370187 1.9337002 2.0535743 2.2366282 2.5627882 2.8371187 3.1254134 2.0288841 2.0288841 2.2555739 2.8131426 3.0795945 2.8930087 2.8281823 3.2711040 4.1354167 4.2881369 3.7506271 3.5725435 3.8427199 3.8126703 
Morvir_scaffold161.g10.t1                         1.6861659 1.6556601 1.7900573 1.8923230 1.8446746 1.8525910 1.7961206 1.7999566 1.5918185 1.5930527 1.5626408 1.5544881 1.5483021 1.5476824 1.5680577 1.2194894 1.2681612 1.2930046 1.2072720 1.3000190 1.2884713 1.3704848 1.2222837 1.2315664 1.6967816 1.6436058 0.9852629 1.1765231 1.0150129 0.9876222 1.0375832 0.9370187 0.0000000 1.7758577 1.8834614 1.7653465 2.0694232 2.5130294 3.1347973 1.9026386 1.9026386 1.9014864 2.5186371 2.5742086 2.6307173 2.5859282 3.0043213 3.8049415 3.6660037 3.3757366 3.2060840 3.4223630 3.2032657 
Spur_XM_030973171.1                               1.1636956 1.2368709 1.1418184 1.3162496 1.2359486 1.1866020 1.3384341 1.4727773 1.5661954 1.5740066 1.5722116 1.5637343 1.5639715 1.5888352 1.7314932 1.8675486 1.7820405 1.7571764 1.7967964 1.9756451 1.9179209 1.8166310 1.8064447 1.8880253 2.1363059 1.8761797 1.8284914 2.1123214 2.1629233 2.1700217 2.1326051 1.9337002 1.7758577 0.0000000 1.1382697 2.1886040 2.5121752 2.7217025 3.1946351 2.2064002 2.2064002 2.3133718 2.6934750 3.0877572 2.5835001 2.7096877 3.1884081 4.1321311 3.5360915 3.6248050 3.5196428 4.3536441 3.4766939 
Skow_XM_002738747.1                               1.2458840 1.2483177 1.2353243 1.4752256 1.3501365 1.3953799 1.5081365 1.5259425 1.8558760 1.8605777 1.7432699 1.7938892 1.7737402 1.7783754 1.8572470 1.8721665 1.8701610 1.7975729 1.8783230 1.7017753 1.8668051 1.6742462 2.0735220 2.0331539 1.9688274 1.6885909 1.7790702 2.0757316 1.8399294 2.0809126 2.0433766 2.0535743 1.8834614 1.1382697 0.0000000 2.2355190 2.6866073 3.4468939 4.3275735 2.0502154 2.0502154 2.4043369 2.5365830 2.4040294 2.4797849 2.5334247 2.9532239 3.9594598 3.2698023 3.3545169 3.2647655 4.4902177 3.5518976 
Coeast_Cast_sb830373                              2.6174895 2.2916373 2.1136496 2.4415402 2.3461050 2.1693554 2.2403415 2.3138725 2.0329643 2.0329643 2.1055715 2.1331744 2.0873839 2.0755669 2.0761797 1.9030288 2.0011115 2.0674884 2.0895140 2.0094208 2.0555277 2.0641505 2.0152543 2.0118777 2.2327139 1.9321834 1.9364025 2.0684300 2.0832059 2.1303829 2.1650633 2.2366282 1.7653465 2.1886040 2.2355190 0.0000000 0.0077984 0.2637989 0.8234736 2.1283764 2.1283764 2.1258538 2.7000518 3.3565975 2.5703576 2.5184453 2.7259156 3.8690683 3.3322527 3.6974861 3.4600324 3.8750898 3.1655505 
Coemet_Cmet_scaffold16429_01                      2.9999030 2.5307804 2.4949110 2.6391836 2.5757676 2.3331297 2.3917990 2.3899530 2.3444705 2.3444705 2.3556741 2.3604179 2.3605326 2.3269914 2.2685773 2.2742976 2.3088153 2.3793679 2.4047794 2.4476974 2.4798618 2.5189069 2.4510502 2.4759138 2.6090478 2.5647649 2.2938846 2.3911708 2.4287258 2.4384036 2.5209799 2.5627882 2.0694232 2.5121752 2.6866073 0.0077984 0.0000000 0.2707318 0.7506660 2.5641621 2.5641621 2.6114173 2.7841558 3.3673514 2.7701743 2.9053773 3.1627993 4.8071737 4.2256765 4.2253390 3.6420858 3.8299806 3.4427127 
Lampan_Lpan_4836_01                               3.2098998 2.6915806 2.8684541 2.9146885 2.8146919 2.5026461 2.6976795 2.7063276 2.5153750 2.5287048 2.5938856 2.5856010 2.6371237 2.6800114 2.6624860 2.7061037 2.6921064 2.8590089 2.9384516 2.9189782 2.9530808 2.8797940 2.8418998 2.8556566 2.8389767 2.5521533 3.0069150 2.7839566 2.8458676 2.8276347 2.8485595 2.8371187 2.5130294 2.7217025 3.4468939 0.2637989 0.2707318 0.0000000 0.6729799 3.0236861 3.0236861 2.9143509 3.3873490 4.0618450 3.2119278 3.4404157 3.6068500 5.2637991 4.1715166 4.6939957 4.3794606 5.7148446 3.8444176 
Eupdun_Edun_sb10625249                            2.9701097 3.1069489 2.9989992 3.0679606 3.0690960 3.2504521 3.1455090 2.8682406 2.9334814 2.9684294 3.1721206 3.0208071 3.0064619 3.3852472 3.7284289 3.1452570 3.1971318 3.1298589 3.1656845 3.7502886 3.4615706 3.2757151 3.1503723 3.1560459 3.2445513 8.9999986 3.3924090 3.0268408 3.8372661 3.3449704 3.2655672 3.1254134 3.1347973 3.1946351 4.3275735 0.8234736 0.7506660 0.6729799 0.0000000 3.6873476 3.6873476 2.6932083 3.5899751 3.8572863 3.7538539 3.8296464 4.0062015 5.0928816 0.0000010 6.1583194 5.4422345 5.6837365 5.0720766 
Ocar_g9947                                        2.0535665 1.9888426 2.0033697 2.4471298 2.2358495 2.3844236 2.1732245 2.0015820 1.9297484 1.9273871 1.9216383 1.9204475 1.9611323 1.9980167 2.1255973 1.9622630 1.9635780 1.8641463 1.9117437 2.1944454 2.2046693 2.0767065 2.0816411 2.0657598 2.0699788 1.8257751 2.1411304 2.0280943 2.0912321 2.0830316 2.1105483 2.0288841 1.9026386 2.2064002 2.0502154 2.1283764 2.5641621 3.0236861 3.6873476 0.0000000 0.0000010 1.1455330 2.7480557 2.3427065 3.0738548 2.6975645 3.1837911 4.3509985 3.9712501 3.7312161 3.8378384 4.9783138 3.9421601 
Opea_EP00118_Oscarella_pearsei_P005440            2.0535665 1.9888426 2.0033697 2.4471298 2.2358495 2.3844236 2.1732245 2.0015820 1.9297484 1.9273871 1.9216383 1.9204475 1.9611323 1.9980167 2.1255973 1.9622630 1.9635780 1.8641463 1.9117437 2.1944454 2.2046693 2.0767065 2.0816411 2.0657598 2.0699788 1.8257751 2.1411304 2.0280943 2.0912321 2.0830316 2.1105483 2.0288841 1.9026386 2.2064002 2.0502154 2.1283764 2.5641621 3.0236861 3.6873476 0.0000010 0.0000000 1.1455330 2.7480557 2.3427065 3.0738548 2.6975645 3.1837911 4.3509985 3.9712501 3.7312161 3.8378384 4.9783138 3.9421601 
Plajan_Pjan_C568038_01                            2.3186685 2.1195123 2.2062056 2.2752747 2.3273612 2.3826875 2.2253191 2.0648849 2.0036069 2.0048220 2.0090737 2.0509078 2.0111789 2.0530709 2.1641530 2.0820118 1.9898961 2.0802946 2.0634365 2.1345640 2.2824034 2.1836521 2.2174482 2.2337280 2.0939838 2.0130382 2.2520951 2.0526024 2.3436730 2.3435676 2.3846691 2.2555739 1.9014864 2.3133718 2.4043369 2.1258538 2.6114173 2.9143509 2.6932083 1.1455330 1.1455330 0.0000000 2.6926273 2.0747584 2.7567867 2.6456117 3.1369742 4.5700978 4.5301547 4.4496440 3.8695443 4.7412146 3.9329457 
Scil_scict016814.1                                2.4102617 2.5314926 2.7494192 2.7985238 2.4992057 2.6406800 2.8253131 2.6931706 2.3534580 2.3460914 2.3369562 2.3810890 2.3259759 2.3523323 2.5306647 2.4192325 2.4857958 2.3739689 2.4684935 2.5899235 2.6228115 2.3836003 2.4351823 2.4745183 2.7000024 2.3930353 2.4603642 2.8615003 2.5373366 2.7599590 2.6352644 2.8131426 2.5186371 2.6934750 2.5365830 2.7000518 2.7841558 3.3873490 3.5899751 2.7480557 2.7480557 2.6926273 0.0000000 1.1023087 0.5714979 0.6109025 1.8475019 4.1906606 3.9480182 4.1709659 3.9051792 4.6975627 4.3339314 
Clacor_Ccor_C508731_01                            2.5723788 2.4384776 2.6086830 2.7954252 2.6583146 2.7075448 3.0550696 2.8000570 2.6585187 2.6585187 2.4957996 2.6844996 2.6574213 2.4952635 2.8655966 2.2848059 2.5728864 2.2464947 2.1982001 2.2648977 2.3927295 2.4080211 2.5337341 2.3631782 2.9689270 2.9216711 2.9680466 3.3139858 3.1408974 2.8117931 3.0602471 3.0795945 2.5742086 3.0877572 2.4040294 3.3565975 3.3673514 4.0618450 3.8572863 2.3427065 2.3427065 2.0747584 1.1023087 0.0000000 1.1516518 1.3480687 1.6152141 4.6945041 0.0000010 4.1207468 3.6009397 3.3536489 3.6583557 
Gracom_Gcom_C559514_01                            2.4281157 2.5498862 2.7117982 2.8403803 2.4734912 2.6476104 2.8507226 2.6232913 2.3455209 2.3421845 2.3690761 2.4449013 2.3483601 2.3237323 2.5399596 2.4299372 2.5195205 2.4003684 2.4668985 2.5816314 2.5123877 2.3795064 2.4900655 2.5660860 2.6814009 2.3815775 2.7224218 3.0617362 2.7458951 2.7137352 2.7318972 2.8930087 2.6307173 2.5835001 2.4797849 2.5703576 2.7701743 3.2119278 3.7538539 3.0738548 3.0738548 2.7567867 0.5714979 1.1516518 0.0000000 0.6410038 1.9067197 4.2318721 4.7314033 4.2386627 4.3531223 4.4706838 4.4621226 
Leuniv_Lniv_scaffold18865_01                      2.5378802 2.5308110 2.6578440 2.8494561 2.5793573 2.7016357 2.6027396 2.5350871 2.2220769 2.2194539 2.3519368 2.3491456 2.2430110 2.2964647 2.4641055 2.2807936 2.4591196 2.3947943 2.4850850 2.5443667 2.5792308 2.4150428 2.4945004 2.6081122 2.6570102 2.4347955 2.5448255 2.6145823 2.4995318 2.7423845 2.7577417 2.8281823 2.5859282 2.7096877 2.5334247 2.5184453 2.9053773 3.4404157 3.8296464 2.6975645 2.6975645 2.6456117 0.6109025 1.3480687 0.6410038 0.0000000 1.8515302 4.5268420 4.3587787 4.4359087 4.1237040 5.0744993 4.2532997 
Lcom_lcpid41160                                   2.9276998 2.9648984 3.0403299 3.1520560 3.0025579 3.0154963 3.2165279 3.0474473 2.7892776 2.7921247 2.7876099 2.8166554 2.7206682 2.7533285 2.9030144 3.0054895 2.9341738 2.8928987 3.0188861 2.9880357 3.0354737 2.7111329 2.8697166 2.8914434 3.1402598 2.5646481 3.3176152 3.1163787 2.9951472 3.1021342 3.0867552 3.2711040 3.0043213 3.1884081 2.9532239 2.7259156 3.1627993 3.6068500 4.0062015 3.1837911 3.1837911 3.1369742 1.8475019 1.6152141 1.9067197 1.8515302 0.0000000 4.7059321 4.3363561 4.3808059 4.5105090 5.5723768 4.6684354 
Aque_Aqu2.1.31013_001                             3.7473309 3.7910490 4.0817174 4.7267838 4.3138088 4.1474031 4.2434511 3.8715720 3.8733648 3.8771474 3.6996546 3.6596505 3.7608309 3.8318088 3.8889084 3.6964087 3.7927942 3.6176655 3.8473271 3.7228708 3.8310302 3.5017752 3.8817564 3.8996704 3.4508519 3.3851824 4.2145067 4.1836662 3.7459185 4.1320896 4.1151011 4.1354167 3.8049415 4.1321311 3.9594598 3.8690683 4.8071737 5.2637991 5.0928816 4.3509985 4.3509985 4.5700978 4.1906606 4.6945041 4.2318721 4.5268420 4.7059321 0.0000000 1.1251213 1.0953352 1.6474215 2.1848640 1.6635119 
Xestes_maker-XT_scaffold6350-snap-gene-0.4-mRNA-1 3.8151587 3.3161090 3.7580858 4.1991954 3.8074222 3.5581671 3.3592244 3.2166138 3.3380744 3.3380744 3.3471791 3.3661276 3.1575644 3.1553361 3.3776641 3.5096520 3.8766339 3.7304108 3.8001010 3.8128686 4.0553550 3.9730821 3.9863597 3.9616015 3.3974232 3.5449510 4.0323165 3.5501200 4.0665859 4.4154559 4.4643692 4.2881369 3.6660037 3.5360915 3.2698023 3.3322527 4.2256765 4.1715166 0.0000010 3.9712501 3.9712501 4.5301547 3.9480182 0.0000010 4.7314033 4.3587787 4.3363561 1.1251213 0.0000000 0.6752426 1.2557391 0.0000010 1.1759614 
Halamb_c46890_g1_i1m.21383                        3.3181464 3.3575164 3.5581095 4.1827861 3.9105966 3.6264600 3.7498276 3.4448117 3.4850444 3.4809330 3.5172870 3.5672086 3.4364090 3.5029109 3.6302780 3.5735499 3.4845902 3.1134354 3.4090822 3.1850706 3.4350930 3.1968954 3.6244248 3.6128059 3.1825313 3.1034704 3.5745441 3.7775607 3.4684365 3.8760714 3.8642079 3.7506271 3.3757366 3.6248050 3.3545169 3.6974861 4.2253390 4.6939957 6.1583194 3.7312161 3.7312161 4.4496440 4.1709659 4.1207468 4.2386627 4.4359087 4.3808059 1.0953352 0.6752426 0.0000000 1.4178865 2.0067400 1.4234790 
Emue_Em0023g93a.t1                                3.6140141 3.4485677 3.3535434 3.9107499 3.6263709 3.5083859 3.5438448 3.6634169 3.6393535 3.6349842 3.5521314 3.5328155 3.4595908 3.5425893 3.6724900 3.1776470 3.3145015 3.1896277 3.1451267 2.9686488 3.1573955 2.9058619 3.1476497 3.1231281 3.3038496 2.9461226 3.6774609 3.5973683 3.4730815 3.7650449 3.6917683 3.5725435 3.2060840 3.5196428 3.2647655 3.4600324 3.6420858 4.3794606 5.4422345 3.8378384 3.8378384 3.8695443 3.9051792 3.6009397 4.3531223 4.1237040 4.5105090 1.6474215 1.2557391 1.4178865 0.0000000 0.5153824 1.3953395 
Spolac_c92199_g4_i1_m.7598c92199-g2               4.0693378 4.7975189 4.4564774 4.6081377 4.1265790 4.1020007 4.6655493 3.9083881 5.1498255 5.1419253 5.1584469 4.8422639 5.0061322 5.2616983 5.4421044 3.4543847 4.0069730 3.8593042 3.8180130 3.2398113 3.4747971 2.9085030 3.8692520 3.6009574 3.7918572 2.6089440 4.4292429 4.1251540 3.9949109 4.1400747 3.9842824 3.8427199 3.4223630 4.3536441 4.4902177 3.8750898 3.8299806 5.7148446 5.6837365 4.9783138 4.9783138 4.7412146 4.6975627 3.3536489 4.4706838 5.0744993 5.5723768 2.1848640 0.0000010 2.0067400 0.5153824 0.0000000 2.0559262 
Tetwil_g12966.t1                                  3.5367024 3.2180891 3.4020409 3.9751054 3.4780867 3.5564322 3.6641285 3.3144280 3.5994913 3.6012157 3.5712376 3.7237722 3.6784643 3.6561507 3.4968729 3.4072957 3.4081669 3.2555583 3.3461719 3.2689034 3.3109780 3.0804679 3.2377308 3.2618006 3.7038283 3.4315376 3.3907262 3.4619249 3.4976139 3.8244206 3.6012890 3.8126703 3.2032657 3.4766939 3.5518976 3.1655505 3.4427127 3.8444176 5.0720766 3.9421601 3.9421601 3.9329457 4.3339314 3.6583557 4.4621226 4.2532997 4.6684354 1.6635119 1.1759614 1.4234790 1.3953395 2.0559262 0.0000000 
