56
Hsap_ENST00000493112                                        0.0000000 1.1531267 0.9914405 1.2486176 1.0169637 1.3791103 1.2099046 0.9654418 0.9973587 1.1334753 1.0921431 1.1005674 0.9289377 0.9148680 0.5946826 0.9233507 0.9067771 1.0578217 1.0910307 1.0194070 1.1575964 0.8626448 1.1261490 1.1261490 1.1403344 1.1837496 1.1335544 1.1335544 1.0129832 1.0708775 1.0325206 1.2155950 1.1664220 1.0623101 1.1859515 1.1805333 1.1328909 1.0830234 1.6142737 1.0181279 1.1059497 1.0638401 1.3359772 1.1323370 1.2857070 1.2675310 1.1633037 1.4971742 1.3154306 1.2905429 1.6287227 1.6755060 1.4706029 1.2653842 1.4003885 3.4729607 
Bralan_BLAG05001174_1                                       1.1531267 0.0000000 0.8391389 1.0403860 0.6226983 1.0948656 0.9533050 0.8427729 1.0171317 0.9506931 0.9551624 0.9578952 0.8227352 0.8137905 0.9506788 0.8275502 0.8196898 0.9288531 0.9284949 0.9159129 0.9786311 0.8235085 0.8670774 0.8670774 0.8410831 0.8786830 0.9081521 0.9168961 0.7718881 0.8986055 0.8514125 1.0101184 1.2073202 1.1039016 1.2609939 1.1895895 1.1828355 1.1624127 1.5228372 0.9678477 1.2090163 1.1324240 1.0141774 0.9277112 1.2441758 1.1899467 1.0821889 1.0771152 1.0085761 1.1030332 1.2483595 1.3012376 1.3569192 1.1449172 1.0022309 2.9804261 
Ctel_gnl_WGS_AMQN_CAPTEDRAFT_mRNA162465                     0.9914405 0.8391389 0.0000000 0.9516793 0.5625050 0.7787120 0.7014634 0.6973622 0.9586352 0.9001433 0.9012310 0.9044651 0.8492209 0.8678974 0.9166630 0.7985282 0.7486918 0.8851960 0.9050455 0.8760916 0.9050371 0.7707835 0.8056449 0.8056449 0.6911559 0.7080060 0.7419211 0.7431182 0.7351062 0.8157142 0.7179740 0.8304173 1.0822213 1.0130348 1.1147506 1.1960626 1.0839735 0.9660077 1.2960137 0.8526862 1.0996687 1.0217235 0.8851662 0.8129408 1.0972463 1.1548011 0.7998339 1.0746744 1.0746744 1.1757740 1.1414512 1.2484929 1.2299393 0.9708986 1.1324916 2.9041879 
Aque_Aqu2.1.31911_001                                       1.2486176 1.0403860 0.9516793 0.0000000 0.4486596 0.8727875 0.7366903 1.0313162 0.9650334 1.2665151 1.2337391 1.2327926 1.1432680 1.2054066 1.0852384 1.1233724 1.0941435 1.1809226 1.2099949 1.1616192 1.1640568 0.9014042 1.0319521 1.0319521 0.9452703 1.0095048 0.9869432 0.9890982 0.9595984 0.9132985 0.9591562 1.0182334 1.1768115 1.1162906 1.2630155 1.1443378 1.1453287 1.1561907 1.5929340 0.9879932 1.1674521 1.1696320 1.2166560 0.7138499 1.1675959 1.2013895 1.2338353 1.1901582 1.1565709 1.3065052 1.3882420 1.4937009 1.4939013 1.1041285 1.2316347 3.1624892 
Emue_Em0001g2117a.t1                                        1.0169637 0.6226983 0.5625050 0.4486596 0.0000000 0.0613717 0.3706777 0.5158369 0.8107711 0.7740808 0.9531158 0.9531158 0.7707329 0.7977440 0.3332065 0.7118888 0.6524875 0.6689498 0.6923001 0.7088856 0.7031871 0.7611315 0.6468884 0.6468884 0.6278262 0.6151549 0.6328907 0.6328907 0.6727417 0.6532315 0.7336022 0.5998841 0.8947743 0.9496983 0.9223066 0.8645816 0.8315868 0.7824567 0.7498859 0.8088787 0.8339702 1.0943524 0.5477628 0.4670311 0.8792862 0.9056836 0.7686497 0.7569533 0.7569533 0.7853846 0.8150289 0.8841481 0.8377740 0.6917315 0.6412114 7.9566329 
Spolac_c103639_g1_i1_m.35313c103639-g1                      1.3791103 1.0948656 0.7787120 0.8727875 0.0613717 0.0000000 0.6361296 0.9502233 0.9973350 1.1539841 1.2986876 1.3027186 1.1430307 1.1047255 1.1093939 1.0710390 1.0020032 1.1966506 1.2685699 1.2646464 1.2122636 0.8745859 1.0418133 1.0418133 0.8920468 0.9914379 1.0021394 1.0021394 0.9553183 0.8901133 1.0616018 0.8957226 1.2628169 1.1066743 1.2416802 1.1151370 1.1820273 1.1279832 1.3632207 0.9435481 1.1483520 1.2942247 1.1551976 0.7202892 1.2851948 1.2562012 1.0736903 1.4543153 1.2377720 1.2375327 1.3060336 1.3823452 1.4601000 0.9657936 1.2484756 2.7969494 
Tetwil_g8968.t1                                             1.2099046 0.9533050 0.7014634 0.7366903 0.3706777 0.6361296 0.0000000 0.8731875 0.8877781 1.0835176 1.1488514 1.1480080 0.9910592 0.9982979 0.9236585 1.0165676 0.9502429 1.0846117 1.1803676 1.1691094 1.0904778 0.8088714 0.9038402 0.9038402 0.8081463 0.8251169 0.8632082 0.8632082 0.7529517 0.7859354 0.8344069 0.8227735 1.0642268 0.9219999 1.0900536 0.9733031 1.0329354 0.9942858 1.3647969 0.7767585 1.0714287 1.0361484 1.0498423 0.4571854 1.0677761 1.1316286 1.0254119 1.3208651 1.1899576 1.0409087 1.2210505 1.3692790 1.3183915 1.0257961 1.1395099 3.0472133 
Acagra_model.g8463.t1                                       0.9654418 0.8427729 0.6973622 1.0313162 0.5158369 0.9502233 0.8731875 0.0000000 0.9713753 1.0036405 1.0168626 1.0249219 0.9628544 0.8657771 0.8730317 0.8601123 0.8322616 0.8339698 0.8753255 0.7968871 0.8969277 0.6695996 0.8952092 0.8952092 0.8228336 0.8389605 0.8179348 0.8102320 0.7591069 0.7277671 0.7655831 0.9300134 1.2608021 1.0880141 1.2375125 1.2028424 1.1816773 1.0635567 1.1980238 0.9722403 1.2844635 1.1726562 1.0493385 0.9541447 1.1540895 1.0833800 0.8807266 1.1142643 1.0223728 1.0065590 1.2541968 1.3540401 1.2976205 1.1965268 1.1055660 3.0606958 
Exapal_XM_021048062.2                                       0.9973587 1.0171317 0.9586352 0.9650334 0.8107711 0.9973350 0.8877781 0.9713753 0.0000000 0.3573270 0.7009464 0.7009464 0.5452546 0.5199724 0.4523069 0.5509120 0.5152063 0.9250522 1.0233250 1.0031113 0.9244788 0.7428238 0.9419704 0.9419704 0.8694266 0.9765746 0.9947270 0.9934437 1.0065211 1.0011718 0.9529861 1.0206297 1.1898583 1.1752020 1.1888904 1.1336068 1.0691176 1.1588395 1.6011406 0.9881776 1.2140318 1.1159389 1.0845359 0.9180907 0.9386320 0.9922398 1.1899127 1.1703062 1.1703062 1.2995875 1.2641879 1.4340948 1.3339466 1.0609417 1.2425215 5.5027126 
Nvec_v1g163681                                              1.1334753 0.9506931 0.9001433 1.2665151 0.7740808 1.1539841 1.0835176 1.0036405 0.3573270 0.0000000 0.7336070 0.7398225 0.5318441 0.5121558 0.5091233 0.6099270 0.5762165 1.1123775 1.1246161 1.0381293 1.0894721 0.7193921 1.0684035 1.0684035 0.9963059 1.0801100 1.0934693 1.0925709 0.9033095 1.0108492 0.9660403 1.0947969 1.3229004 1.1439542 1.2581726 1.2951042 1.2859419 1.1875681 1.5314857 1.0271665 1.3757025 1.2363691 1.0958784 1.2379756 1.1470861 1.0655421 1.2021285 1.6460392 1.4107283 1.3537119 1.6038647 1.6839716 1.6686794 1.2209947 1.3231203 3.3797655 
Adig_XM_015916481.1                                         1.0921431 0.9551624 0.9012310 1.2337391 0.9531158 1.2986876 1.1488514 1.0168626 0.7009464 0.7336070 0.0000000 0.0026109 0.2248486 0.2806033 0.2471396 0.3742157 0.3415867 1.0585795 1.0752440 1.0377696 1.0869813 0.6393507 0.9965794 0.9965794 0.9366806 1.0149312 1.0480319 1.0501306 0.9085628 0.9553376 1.0263238 1.0212226 1.2243947 1.1051493 1.2658645 1.1301779 1.2441132 1.1720165 1.5512100 0.9417148 1.2885925 1.2714659 1.2827532 1.0191767 1.1465015 1.0560459 1.3577793 1.5998098 1.4284377 1.3613242 1.7155395 1.8067382 1.6991981 1.2619687 1.3172065 2.8334401 
Amil_Amillepora17018-RA                                     1.1005674 0.9578952 0.9044651 1.2327926 0.9531158 1.3027186 1.1480080 1.0249219 0.7009464 0.7398225 0.0026109 0.0000000 0.2287409 0.2845718 0.2546986 0.3785358 0.3457612 1.0608297 1.0773935 1.0401426 1.0890100 0.6428327 1.0041689 1.0041689 0.9443587 1.0226597 1.0558225 1.0579308 0.9160281 0.9573208 1.0309930 1.0290834 1.2256028 1.1068644 1.2670016 1.1343895 1.2452700 1.1720165 1.5512100 0.9562233 1.2922605 1.2733424 1.2925201 1.0184208 1.1515622 1.0606624 1.3620288 1.6031190 1.4318247 1.3646682 1.7210080 1.8123185 1.7055519 1.2677291 1.3271523 2.8539625 
Gfas_gfas1.m1.10153.m1                                      0.9289377 0.8227352 0.8492209 1.1432680 0.7707329 1.1430307 0.9910592 0.9628544 0.5452546 0.5318441 0.2248486 0.2287409 0.0000000 0.1613148 0.1766178 0.2247528 0.2045441 0.9816255 1.0194510 0.9786093 1.0336180 0.5898051 0.8962168 0.8962168 0.8582002 0.9515865 0.9740626 0.9754211 0.7996232 0.8931612 0.8800986 0.9430365 1.0367792 0.9387731 1.0907126 0.9285435 1.0631349 0.9279585 1.3792438 0.8220546 1.1322709 1.1708545 1.1266640 0.9221927 0.9640336 0.9182531 1.1596948 1.5096542 1.3425755 1.2437647 1.5458781 1.6194997 1.5542907 1.1309350 1.1621669 3.0600554 
Fspp_ffun1.m4.4178.m1                                       0.9148680 0.8137905 0.8678974 1.2054066 0.7977440 1.1047255 0.9982979 0.8657771 0.5199724 0.5121558 0.2806033 0.2845718 0.1613148 0.0000000 0.0937413 0.1867070 0.1648298 0.9549709 0.9829418 0.9304249 0.9973584 0.6006466 0.8764229 0.8764229 0.8551514 0.9405602 0.9594658 0.9607548 0.8011454 0.9406230 0.8554085 0.9305577 1.1489022 0.9536925 1.0960100 1.0119329 1.0830188 1.0267753 1.4616926 0.7955048 1.1410303 1.1233226 1.1062508 0.9231253 0.9566624 0.9664996 1.1792798 1.4705735 1.3094273 1.2736550 1.5499696 1.6572501 1.5832964 1.1137086 1.1801546 2.8113829 
Gasp_gasp1.m3.6517.m1                                       0.5946826 0.9506788 0.9166630 1.0852384 0.3332065 1.1093939 0.9236585 0.8730317 0.4523069 0.5091233 0.2471396 0.2546986 0.1766178 0.0937413 0.0000000 0.1579788 0.1495861 0.9115232 1.1111267 0.9960988 0.9370022 0.6955647 0.8659276 0.8659276 0.7249092 0.8777675 0.8954144 0.8954144 0.8825429 0.9425640 0.7399603 0.8457925 1.1290760 0.9060142 1.0163821 1.0682507 1.0916118 0.9919850 2.4200527 0.8152794 1.1292838 1.1184606 1.1912803 0.7218621 0.9564722 0.9634958 1.0622971 1.4308752 1.4308752 1.3339988 1.5999787 1.8644647 1.7816252 0.9457759 1.4689937 1.7868798 
Spis_XP_022797378_1                                         0.9233507 0.8275502 0.7985282 1.1233724 0.7118888 1.0710390 1.0165676 0.8601123 0.5509120 0.6099270 0.3742157 0.3785358 0.2247528 0.1867070 0.1579788 0.0000000 0.0504186 0.9597749 1.0494614 1.0013445 0.9552291 0.6253159 0.9091940 0.9091940 0.8328006 0.9135424 0.9177203 0.9197000 0.7852987 0.8921780 0.9195035 0.9111232 1.1844295 0.9923687 1.1181465 0.9726165 1.0654957 1.0374469 1.4424817 0.8191970 1.1767203 1.2216976 1.1070140 0.9416909 0.9823273 0.9488065 1.1767816 1.5128705 1.3267252 1.1747405 1.6207702 1.7458677 1.5582340 1.1335791 1.1765305 2.9567577 
Pocdam_XM_027204201.1                                       0.9067771 0.8196898 0.7486918 1.0941435 0.6524875 1.0020032 0.9502429 0.8322616 0.5152063 0.5762165 0.3415867 0.3457612 0.2045441 0.1648298 0.1495861 0.0504186 0.0000000 0.9225654 1.0153246 0.9638426 0.9473341 0.6002293 0.8910960 0.8910960 0.8135932 0.8801199 0.8994745 0.9014112 0.7554885 0.8506633 0.8973838 0.8635039 1.1207545 0.9494569 1.0846850 0.9495326 1.0058547 0.9711591 1.3883225 0.7772406 1.1348534 1.1366851 1.0734149 0.8996811 0.9308247 0.9120588 1.1535774 1.4784528 1.3009599 1.1239494 1.5725277 1.7042897 1.5600811 1.0983810 1.1611127 3.0065005 
Aaur_scaffold1689.g3.t1                                     1.0578217 0.9288531 0.8851960 1.1809226 0.6689498 1.1966506 1.0846117 0.8339698 0.9250522 1.1123775 1.0585795 1.0608297 0.9816255 0.9549709 0.9115232 0.9597749 0.9225654 0.0000000 0.2294716 0.1668906 0.2803006 0.4772688 0.9475033 0.9475033 0.9120939 0.9869895 0.9836530 0.9750543 0.8837651 0.8926082 0.9273260 0.9712980 1.1503980 1.0227815 1.1851476 1.2049675 1.1128392 0.9886503 1.3627118 0.9734251 1.1601528 1.0106457 1.2172385 1.1238555 1.0522705 0.9969340 1.2221846 1.2198631 1.1109543 1.1359499 1.4076790 1.4709965 1.3765827 1.1380161 1.2152920 2.3469791 
Nemnom_g17019.t1                                            1.0910307 0.9284949 0.9050455 1.2099949 0.6923001 1.2685699 1.1803676 0.8753255 1.0233250 1.1246161 1.0752440 1.0773935 1.0194510 0.9829418 1.1111267 1.0494614 1.0153246 0.2294716 0.0000000 0.1309588 0.3127141 0.4827501 0.9505163 0.9505163 0.9134677 0.9960370 0.9963169 0.9877504 0.8305093 0.8506500 0.8611986 1.0147682 1.2569948 1.1454314 1.2855479 1.3222836 1.1176981 1.1146013 1.4335257 0.9838103 1.1917032 1.0358258 1.2601256 1.2132524 1.0380067 1.0591163 1.3064581 1.4331981 1.2542844 1.1800198 1.5348391 1.5485258 1.4603627 1.2226614 1.2823221 2.3371634 
Rhoesc_Res_013638-T1                                        1.0194070 0.9159129 0.8760916 1.1616192 0.7088856 1.2646464 1.1691094 0.7968871 1.0031113 1.0381293 1.0377696 1.0401426 0.9786093 0.9304249 0.9960988 1.0013445 0.9638426 0.1668906 0.1309588 0.0000000 0.2628795 0.4327102 0.9938181 0.9938181 0.9468849 1.0242313 1.0350525 1.0262505 0.8884488 0.8833609 0.8548087 1.0383757 1.2103992 1.1257495 1.2420395 1.2969835 1.1337050 1.0581760 1.3608424 0.9810439 1.1491252 1.0264415 1.2674539 1.1390928 0.9892181 0.9415741 1.2896020 1.3752019 1.1856280 1.1792055 1.4828915 1.5415621 1.4654171 1.1459200 1.2376519 2.2405195 
Sanmal_Sma_009645-T1                                        1.1575964 0.9786311 0.9050371 1.1640568 0.7031871 1.2122636 1.0904778 0.8969277 0.9244788 1.0894721 1.0869813 1.0890100 1.0336180 0.9973584 0.9370022 0.9552291 0.9473341 0.2803006 0.3127141 0.2628795 0.0000000 0.5106413 1.0291476 1.0291476 0.9593115 1.0178596 1.0158300 1.0072663 0.9546220 0.8549686 0.9163912 1.1608475 1.2055011 1.1468281 1.2794214 1.2829714 1.1503478 1.0927170 1.3863690 0.9071974 1.1665960 1.0918442 1.2902619 1.1652336 1.0217264 0.9835121 1.2967214 1.3589407 1.2114969 1.2594464 1.4172017 1.4901549 1.3323533 1.1251240 1.2864291 2.5749213 
Morvir_scaffold547.g1.t1                                    0.8626448 0.8235085 0.7707835 0.9014042 0.7611315 0.8745859 0.8088714 0.6695996 0.7428238 0.7193921 0.6393507 0.6428327 0.5898051 0.6006466 0.6955647 0.6253159 0.6002293 0.4772688 0.4827501 0.4327102 0.5106413 0.0000000 0.6731220 0.6731220 0.7198554 0.7164842 0.7016329 0.6929363 0.6985949 0.7404231 0.7336212 0.8421150 0.9429244 0.8792843 0.9711970 0.9197552 0.9338775 0.8128544 1.0043978 0.7423747 0.9519647 0.8890337 0.8241957 0.9091881 0.8333881 0.8096648 0.9324225 0.9476985 0.9353448 1.0625242 1.4006325 1.4538618 1.3183158 0.9303733 0.9184833 2.2815057 
Tadh_TriadT55336                                            1.1261490 0.8670774 0.8056449 1.0319521 0.6468884 1.0418133 0.9038402 0.8952092 0.9419704 1.0684035 0.9965794 1.0041689 0.8962168 0.8764229 0.8659276 0.9091940 0.8910960 0.9475033 0.9505163 0.9938181 1.0291476 0.6731220 0.0000000 0.0000010 0.1396169 0.1460759 0.1343498 0.1378352 0.1199283 0.9199455 0.9004058 0.9440487 1.1374848 0.9802517 1.0757466 1.0970688 0.9876182 0.9754894 1.3924746 0.8927776 1.0653921 0.9895224 1.0951580 0.9354581 1.1988306 1.1172752 0.9282708 1.3325429 1.1834922 1.1448973 1.4794848 1.5771131 1.6496371 1.1107329 1.0911902 2.7485021 
TrH2_TrispH2_004892-RA                                      1.1261490 0.8670774 0.8056449 1.0319521 0.6468884 1.0418133 0.9038402 0.8952092 0.9419704 1.0684035 0.9965794 1.0041689 0.8962168 0.8764229 0.8659276 0.9091940 0.8910960 0.9475033 0.9505163 0.9938181 1.0291476 0.6731220 0.0000010 0.0000000 0.1396169 0.1460759 0.1343498 0.1378352 0.1199283 0.9199455 0.9004058 0.9440487 1.1374848 0.9802517 1.0757466 1.0970688 0.9876182 0.9754894 1.3924746 0.8927776 1.0653921 0.9895224 1.0951580 0.9354581 1.1988306 1.1172752 0.9282708 1.3325429 1.1834922 1.1448973 1.4794848 1.5771131 1.6496371 1.1107329 1.0911902 2.7485021 
HoiH06_mRNA2210                                             1.1403344 0.8410831 0.6911559 0.9452703 0.6278262 0.8920468 0.8081463 0.8228336 0.8694266 0.9963059 0.9366806 0.9443587 0.8582002 0.8551514 0.7249092 0.8328006 0.8135932 0.9120939 0.9134677 0.9468849 0.9593115 0.7198554 0.1396169 0.1396169 0.0000000 0.0197132 0.0496334 0.0527635 0.0693787 0.8173238 0.8287894 0.8476153 1.1141657 0.9641478 1.0227550 1.0248713 0.9759657 0.9423219 1.2155665 0.7989524 1.0458961 1.0195950 1.0020241 0.8841367 1.1826496 1.1142804 0.9169399 1.1862794 1.0399770 1.0629531 1.3543854 1.4338797 1.4753705 1.0485209 1.0273447 2.0831554 
HoiH23_PlH23_002571-RA                                      1.1837496 0.8786830 0.7080060 1.0095048 0.6151549 0.9914379 0.8251169 0.8389605 0.9765746 1.0801100 1.0149312 1.0226597 0.9515865 0.9405602 0.8777675 0.9135424 0.8801199 0.9869895 0.9960370 1.0242313 1.0178596 0.7164842 0.1460759 0.1460759 0.0197132 0.0000000 0.0515402 0.0544542 0.0762236 0.8633278 0.8761082 0.9014494 1.1320189 0.9999558 1.0517268 1.0921506 1.0269922 0.9900770 1.3941489 0.9103824 1.0967560 1.0172337 1.0713732 0.9228527 1.2214184 1.1670853 0.9771804 1.3339232 1.1849172 1.1321362 1.4484058 1.5456881 1.5846914 1.1142703 1.1225088 2.5824813 
Hhon_g02186.t1                                              1.1335544 0.9081521 0.7419211 0.9869432 0.6328907 1.0021394 0.8632082 0.8179348 0.9947270 1.0934693 1.0480319 1.0558225 0.9740626 0.9594658 0.8954144 0.9177203 0.8994745 0.9836530 0.9963169 1.0350525 1.0158300 0.7016329 0.1343498 0.1343498 0.0496334 0.0515402 0.0000000 0.0025762 0.0766196 0.8834469 0.8928795 0.9094083 1.1374949 1.0012642 1.0563728 1.1009301 0.9776951 1.0050395 1.4038167 0.8858898 1.0865494 1.0195351 1.1025998 0.9375270 1.2137416 1.1454671 0.9481387 1.3100087 1.1455546 1.1587342 1.4094462 1.5006626 1.5222164 1.1356606 1.1091663 2.6690926 
HoiH04_mRNA17669                                            1.1335544 0.9168961 0.7431182 0.9890982 0.6328907 1.0021394 0.8632082 0.8102320 0.9934437 1.0925709 1.0501306 1.0579308 0.9754211 0.9607548 0.8954144 0.9197000 0.9014112 0.9750543 0.9877504 1.0262505 1.0072663 0.6929363 0.1378352 0.1378352 0.0527635 0.0544542 0.0025762 0.0000000 0.0798779 0.8880164 0.8951935 0.9107348 1.1354467 1.0042029 1.0594969 1.1067775 0.9854864 1.0038957 1.4025458 0.8874677 1.0892385 1.0178213 1.1025998 0.9470343 1.2155153 1.1470797 0.9510416 1.3092417 1.1446762 1.1578827 1.4094462 1.5006626 1.5222164 1.1356606 1.1091663 2.6690926 
HoiH11_mRNA1149                                             1.0129832 0.7718881 0.7351062 0.9595984 0.6727417 0.9553183 0.7529517 0.7591069 1.0065211 0.9033095 0.9085628 0.9160281 0.7996232 0.8011454 0.8825429 0.7852987 0.7554885 0.8837651 0.8305093 0.8884488 0.9546220 0.6985949 0.1199283 0.1199283 0.0693787 0.0762236 0.0766196 0.0798779 0.0000000 0.8674930 0.7884911 0.7703965 1.0552802 1.0118927 1.0089616 1.1148235 0.9433699 0.9332466 1.4106958 0.9165678 1.0398102 0.9469673 1.0224508 0.8304543 1.0448907 1.0868122 0.8362441 1.1182820 1.1182820 1.0133765 1.2777740 1.3793588 1.3633036 1.0232137 0.9747515 2.3754644 
Skow_XM_002738638.2                                         1.0708775 0.8986055 0.8157142 0.9132985 0.6532315 0.8901133 0.7859354 0.7277671 1.0011718 1.0108492 0.9553376 0.9573208 0.8931612 0.9406230 0.9425640 0.8921780 0.8506633 0.8926082 0.8506500 0.8833609 0.8549686 0.7404231 0.9199455 0.9199455 0.8173238 0.8633278 0.8834469 0.8880164 0.8674930 0.0000000 0.7340568 0.9076509 1.0647465 1.0204580 1.1578052 1.0410747 1.0958493 1.0687239 1.3828525 0.8900962 1.1138402 1.0725603 0.9874094 0.8790837 0.9735924 0.9918492 1.0344650 1.0760827 1.0760827 0.9818076 1.0072786 1.1269737 0.9691738 0.9127461 1.1639851 2.9356705 
Spur_XM_030972256.1                                         1.0325206 0.8514125 0.7179740 0.9591562 0.7336022 1.0616018 0.8344069 0.7655831 0.9529861 0.9660403 1.0263238 1.0309930 0.8800986 0.8554085 0.7399603 0.9195035 0.8973838 0.9273260 0.8611986 0.8548087 0.9163912 0.7336212 0.9004058 0.9004058 0.8287894 0.8761082 0.8928795 0.8951935 0.7884911 0.7340568 0.0000000 0.9148963 1.0495262 0.9523162 1.0659809 1.1059872 1.0498275 0.9519340 1.2848329 0.8645255 1.0747678 0.9147684 1.0302315 0.8962218 1.1078001 1.0286492 1.1714171 1.2299109 1.0796234 1.1742938 1.2457649 1.3965552 1.4404037 1.0204730 1.0278916 2.9042805 
Plespi_Pspi_scaffold18849_01                                1.2155950 1.0101184 0.8304173 1.0182334 0.5998841 0.8957226 0.8227735 0.9300134 1.0206297 1.0947969 1.0212226 1.0290834 0.9430365 0.9305577 0.8457925 0.9111232 0.8635039 0.9712980 1.0147682 1.0383757 1.1608475 0.8421150 0.9440487 0.9440487 0.8476153 0.9014494 0.9094083 0.9107348 0.7703965 0.9076509 0.9148963 0.0000000 1.1098127 0.9846346 1.1401933 1.1007068 1.0694693 0.9246713 1.2243315 0.8667624 1.1718035 1.0417430 1.0842092 0.8125794 1.0011973 1.0820635 1.2347533 1.4433879 1.3602353 1.2098479 1.4919764 1.6236188 1.5603212 1.2332968 1.1932956 2.9171477 
Mlei_ML0404.g19.i1                                          1.1664220 1.2073202 1.0822213 1.1768115 0.8947743 1.2628169 1.0642268 1.2608021 1.1898583 1.3229004 1.2243947 1.2256028 1.0367792 1.1489022 1.1290760 1.1844295 1.1207545 1.1503980 1.2569948 1.2103992 1.2055011 0.9429244 1.1374848 1.1374848 1.1141657 1.1320189 1.1374949 1.1354467 1.0552802 1.0647465 1.0495262 1.1098127 0.0000000 0.1214899 0.1921282 0.2416275 0.3408343 0.2837004 0.5429340 0.3895167 0.3412988 0.4620747 1.2087149 1.1167220 1.3073599 1.2747189 1.2448512 1.2798963 1.2492042 1.3231871 1.4073461 1.4562725 1.4627285 1.0712676 1.4052445 3.7745515 
Bolinf_Binf_sb1244435                                       1.0623101 1.1039016 1.0130348 1.1162906 0.9496983 1.1066743 0.9219999 1.0880141 1.1752020 1.1439542 1.1051493 1.1068644 0.9387731 0.9536925 0.9060142 0.9923687 0.9494569 1.0227815 1.1454314 1.1257495 1.1468281 0.8792843 0.9802517 0.9802517 0.9641478 0.9999558 1.0012642 1.0042029 1.0118927 1.0204580 0.9523162 0.9846346 0.1214899 0.0000000 0.2122999 0.2572426 0.3116721 0.3080378 0.5647464 0.3424179 0.3325263 0.4195035 1.0644434 1.0027856 1.1228803 1.1141332 1.1150697 1.1480805 1.1480805 1.2743579 1.2220434 1.3002618 1.1666136 0.9988807 1.2141205 3.6059531 
Beraby_Baby_sb330732                                        1.1859515 1.2609939 1.1147506 1.2630155 0.9223066 1.2416802 1.0900536 1.2375125 1.1888904 1.2581726 1.2658645 1.2670016 1.0907126 1.0960100 1.0163821 1.1181465 1.0846850 1.1851476 1.2855479 1.2420395 1.2794214 0.9711970 1.0757466 1.0757466 1.0227550 1.0517268 1.0563728 1.0594969 1.0089616 1.1578052 1.0659809 1.1401933 0.1921282 0.2122999 0.0000000 0.2775333 0.3569942 0.3393950 0.6541661 0.4226880 0.3475013 0.5147500 1.1393798 1.0715234 1.3499978 1.2920352 1.2134479 1.2735447 1.2731671 1.3594881 1.4842808 1.5419646 1.4745549 1.0648992 1.3570096 3.4579622 
Mertsp_Mesp_sb582538                                        1.1805333 1.1895895 1.1960626 1.1443378 0.8645816 1.1151370 0.9733031 1.2028424 1.1336068 1.2951042 1.1301779 1.1343895 0.9285435 1.0119329 1.0682507 0.9726165 0.9495326 1.2049675 1.3222836 1.2969835 1.2829714 0.9197552 1.0970688 1.0970688 1.0248713 1.0921506 1.1009301 1.1067775 1.1148235 1.0410747 1.1059872 1.1007068 0.2416275 0.2572426 0.2775333 0.0000000 0.3322763 0.3062775 0.6019008 0.3880101 0.3535087 0.4857324 1.2153086 0.9928255 1.1946290 1.2472842 1.2166744 1.1479912 1.1479912 1.3255070 1.3369212 1.3060975 1.2382907 0.9350572 1.3065771 3.6933907 
Vmul_sbMO453619                                             1.1328909 1.1828355 1.0839735 1.1453287 0.8315868 1.1820273 1.0329354 1.1816773 1.0691176 1.2859419 1.2441132 1.2452700 1.0631349 1.0830188 1.0916118 1.0654957 1.0058547 1.1128392 1.1176981 1.1337050 1.1503478 0.9338775 0.9876182 0.9876182 0.9759657 1.0269922 0.9776951 0.9854864 0.9433699 1.0958493 1.0498275 1.0694693 0.3408343 0.3116721 0.3569942 0.3322763 0.0000000 0.2080997 0.3624137 0.3709562 0.4172741 0.4659278 1.0699914 1.0411754 1.2102643 1.2531800 1.2703482 1.2852648 1.2150487 1.2731380 1.4180275 1.4217408 1.3804232 0.9988651 1.2979901 3.2487038 
Coeast_Cast_sb775198                                        1.0830234 1.1624127 0.9660077 1.1561907 0.7824567 1.1279832 0.9942858 1.0635567 1.1588395 1.1875681 1.1720165 1.1720165 0.9279585 1.0267753 0.9919850 1.0374469 0.9711591 0.9886503 1.1146013 1.0581760 1.0927170 0.8128544 0.9754894 0.9754894 0.9423219 0.9900770 1.0050395 1.0038957 0.9332466 1.0687239 0.9519340 0.9246713 0.2837004 0.3080378 0.3393950 0.3062775 0.2080997 0.0000000 0.1370530 0.4070236 0.4151419 0.4353857 1.0650698 1.1090880 1.1404853 1.1707438 1.2105720 1.1116323 1.1170291 1.1806853 1.1648261 1.1922206 1.2842008 0.9446195 1.2172790 3.7308364 
Coemet_Cmet_scaffold5315_01                                 1.6142737 1.5228372 1.2960137 1.5929340 0.7498859 1.3632207 1.3647969 1.1980238 1.6011406 1.5314857 1.5512100 1.5512100 1.3792438 1.4616926 2.4200527 1.4424817 1.3883225 1.3627118 1.4335257 1.3608424 1.3863690 1.0043978 1.3924746 1.3924746 1.2155665 1.3941489 1.4038167 1.4025458 1.4106958 1.3828525 1.2848329 1.2243315 0.5429340 0.5647464 0.6541661 0.6019008 0.3624137 0.1370530 0.0000000 0.6590045 0.7336922 0.7990037 1.2602493 1.6317648 1.5685303 1.6608534 1.4655534 1.3092781 1.3092781 1.4575600 1.5412011 1.6197752 1.7450125 1.3139069 1.3805301 8.1001323 
Eupdun_Edun_sb10648527                                      1.0181279 0.9678477 0.8526862 0.9879932 0.8088787 0.9435481 0.7767585 0.9722403 0.9881776 1.0271665 0.9417148 0.9562233 0.8220546 0.7955048 0.8152794 0.8191970 0.7772406 0.9734251 0.9838103 0.9810439 0.9071974 0.7423747 0.8927776 0.8927776 0.7989524 0.9103824 0.8858898 0.8874677 0.9165678 0.8900962 0.8645255 0.8667624 0.3895167 0.3424179 0.4226880 0.3880101 0.3709562 0.4070236 0.6590045 0.0000000 0.4137901 0.4835574 1.1176320 0.9413181 0.8710357 0.9257301 0.9928050 1.1430661 1.1430661 1.1619295 1.1507645 1.1452070 1.1615220 0.9325177 1.1866415 3.3252034 
Drygla_Dgla_sb290077                                        1.1059497 1.2090163 1.0996687 1.1674521 0.8339702 1.1483520 1.0714287 1.2844635 1.2140318 1.3757025 1.2885925 1.2922605 1.1322709 1.1410303 1.1292838 1.1767203 1.1348534 1.1601528 1.1917032 1.1491252 1.1665960 0.9519647 1.0653921 1.0653921 1.0458961 1.0967560 1.0865494 1.0892385 1.0398102 1.1138402 1.0747678 1.1718035 0.3412988 0.3325263 0.3475013 0.3535087 0.4172741 0.4151419 0.7336922 0.4137901 0.0000000 0.5705892 1.3653690 1.0754730 1.2923544 1.3591214 1.2777591 1.3270434 1.2822121 1.2838942 1.4137686 1.4029939 1.5101613 0.9271243 1.5463791 3.1036946 
Lampan_Lpan_12360_01                                        1.0638401 1.1324240 1.0217235 1.1696320 1.0943524 1.2942247 1.0361484 1.1726562 1.1159389 1.2363691 1.2714659 1.2733424 1.1708545 1.1233226 1.1184606 1.2216976 1.1366851 1.0106457 1.0358258 1.0264415 1.0918442 0.8890337 0.9895224 0.9895224 1.0195950 1.0172337 1.0195351 1.0178213 0.9469673 1.0725603 0.9147684 1.0417430 0.4620747 0.4195035 0.5147500 0.4857324 0.4659278 0.4353857 0.7990037 0.4835574 0.5705892 0.0000000 1.3787891 1.1261616 1.2466725 1.2070911 1.2844694 1.2942097 1.2519303 1.2610903 1.5777391 1.5765020 1.5626753 1.1816575 1.4919906 3.0078139 
Dpul_mRNA21642                                              1.3359772 1.0141774 0.8851662 1.2166560 0.5477628 1.1551976 1.0498423 1.0493385 1.0845359 1.0958784 1.2827532 1.2925201 1.1266640 1.1062508 1.1912803 1.1070140 1.0734149 1.2172385 1.2601256 1.2674539 1.2902619 0.8241957 1.0951580 1.0951580 1.0020241 1.0713732 1.1025998 1.1025998 1.0224508 0.9874094 1.0302315 1.0842092 1.2087149 1.0644434 1.1393798 1.2153086 1.0699914 1.0650698 1.2602493 1.1176320 1.3653690 1.3787891 0.0000000 1.1364938 1.3632421 1.3274822 1.1744048 1.3444125 1.2569210 1.1809219 1.6520245 1.7834004 1.7880637 1.2714925 0.7843527 3.7087396 
Stycar_snap_masked-SC_scaffold106-processed-gene-0.2-mRNA-1 1.1323370 0.9277112 0.8129408 0.7138499 0.4670311 0.7202892 0.4571854 0.9541447 0.9180907 1.2379756 1.0191767 1.0184208 0.9221927 0.9231253 0.7218621 0.9416909 0.8996811 1.1238555 1.2132524 1.1390928 1.1652336 0.9091881 0.9354581 0.9354581 0.8841367 0.9228527 0.9375270 0.9470343 0.8304543 0.8790837 0.8962218 0.8125794 1.1167220 1.0027856 1.0715234 0.9928255 1.0411754 1.1090880 1.6317648 0.9413181 1.0754730 1.1261616 1.1364938 0.0000000 1.0464719 1.0802504 1.1251602 1.4947629 1.2722835 1.1397520 1.3520783 1.4763530 1.3589349 1.1588619 1.1191693 2.8689932 
Dgig_XM_028542158.1                                         1.2857070 1.2441758 1.0972463 1.1675959 0.8792862 1.2851948 1.0677761 1.1540895 0.9386320 1.1470861 1.1465015 1.1515622 0.9640336 0.9566624 0.9564722 0.9823273 0.9308247 1.0522705 1.0380067 0.9892181 1.0217264 0.8333881 1.1988306 1.1988306 1.1826496 1.2214184 1.2137416 1.2155153 1.0448907 0.9735924 1.1078001 1.0011973 1.3073599 1.1228803 1.3499978 1.1946290 1.2102643 1.1404853 1.5685303 0.8710357 1.2923544 1.2466725 1.3632421 1.0464719 0.0000000 0.2769411 1.3664643 1.5747641 1.4820106 1.3552993 1.6054285 1.6075593 1.5150088 1.4095527 1.2808192 2.9628241 
Xesp_003881-T1                                              1.2675310 1.1899467 1.1548011 1.2013895 0.9056836 1.2562012 1.1316286 1.0833800 0.9922398 1.0655421 1.0560459 1.0606624 0.9182531 0.9664996 0.9634958 0.9488065 0.9120588 0.9969340 1.0591163 0.9415741 0.9835121 0.8096648 1.1172752 1.1172752 1.1142804 1.1670853 1.1454671 1.1470797 1.0868122 0.9918492 1.0286492 1.0820635 1.2747189 1.1141332 1.2920352 1.2472842 1.2531800 1.1707438 1.6608534 0.9257301 1.3591214 1.2070911 1.3274822 1.0802504 0.2769411 0.0000000 1.2759146 1.4158851 1.3044685 1.2917412 1.4930178 1.5668135 1.4424400 1.2882769 1.3153635 3.1333943 
Cgig_XM_011429779.3                                         1.1633037 1.0821889 0.7998339 1.2338353 0.7686497 1.0736903 1.0254119 0.8807266 1.1899127 1.2021285 1.3577793 1.3620288 1.1596948 1.1792798 1.0622971 1.1767816 1.1535774 1.2221846 1.3064581 1.2896020 1.2967214 0.9324225 0.9282708 0.9282708 0.9169399 0.9771804 0.9481387 0.9510416 0.8362441 1.0344650 1.1714171 1.2347533 1.2448512 1.1150697 1.2134479 1.2166744 1.2703482 1.2105720 1.4655534 0.9928050 1.2777591 1.2844694 1.1744048 1.1251602 1.3664643 1.2759146 0.0000000 1.3423220 1.2020820 1.1213267 1.5478600 1.6488698 1.5331151 1.3003648 1.1987385 3.5907064 
Ocar_g5114                                                  1.4971742 1.0771152 1.0746744 1.1901582 0.7569533 1.4543153 1.3208651 1.1142643 1.1703062 1.6460392 1.5998098 1.6031190 1.5096542 1.4705735 1.4308752 1.5128705 1.4784528 1.2198631 1.4331981 1.3752019 1.3589407 0.9476985 1.3325429 1.3325429 1.1862794 1.3339232 1.3100087 1.3092417 1.1182820 1.0760827 1.2299109 1.4433879 1.2798963 1.1480805 1.2735447 1.1479912 1.2852648 1.1116323 1.3092781 1.1430661 1.3270434 1.2942097 1.3444125 1.4947629 1.5747641 1.4158851 1.3423220 0.0000000 0.0173257 0.6116051 1.4388871 1.5458415 1.5539750 1.2313614 1.3103067 3.9184245 
Opea_EP00118_Oscarella_pearsei_P025798                      1.3154306 1.0085761 1.0746744 1.1565709 0.7569533 1.2377720 1.1899576 1.0223728 1.1703062 1.4107283 1.4284377 1.4318247 1.3425755 1.3094273 1.4308752 1.3267252 1.3009599 1.1109543 1.2542844 1.1856280 1.2114969 0.9353448 1.1834922 1.1834922 1.0399770 1.1849172 1.1455546 1.1446762 1.1182820 1.0760827 1.0796234 1.3602353 1.2492042 1.1480805 1.2731671 1.1479912 1.2150487 1.1170291 1.3092781 1.1430661 1.2822121 1.2519303 1.2569210 1.2722835 1.4820106 1.3044685 1.2020820 0.0173257 0.0000000 0.5705779 1.4457586 1.5586569 1.5006787 1.1608281 1.2764668 3.3771444 
Plajan_Pjan_scaffold9386_01                                 1.2905429 1.1030332 1.1757740 1.3065052 0.7853846 1.2375327 1.0409087 1.0065590 1.2995875 1.3537119 1.3613242 1.3646682 1.2437647 1.2736550 1.3339988 1.1747405 1.1239494 1.1359499 1.1800198 1.1792055 1.2594464 1.0625242 1.1448973 1.1448973 1.0629531 1.1321362 1.1587342 1.1578827 1.0133765 0.9818076 1.1742938 1.2098479 1.3231871 1.2743579 1.3594881 1.3255070 1.2731380 1.1806853 1.4575600 1.1619295 1.2838942 1.2610903 1.1809219 1.1397520 1.3552993 1.2917412 1.1213267 0.6116051 0.5705779 0.0000000 1.5717872 1.5503651 1.5261970 1.2563278 1.3044997 3.1426158 
Scil_scict008301.1                                          1.6287227 1.2483595 1.1414512 1.3882420 0.8150289 1.3060336 1.2210505 1.2541968 1.2641879 1.6038647 1.7155395 1.7210080 1.5458781 1.5499696 1.5999787 1.6207702 1.5725277 1.4076790 1.5348391 1.4828915 1.4172017 1.4006325 1.4794848 1.4794848 1.3543854 1.4484058 1.4094462 1.4094462 1.2777740 1.0072786 1.2457649 1.4919764 1.4073461 1.2220434 1.4842808 1.3369212 1.4180275 1.1648261 1.5412011 1.1507645 1.4137686 1.5777391 1.6520245 1.3520783 1.6054285 1.4930178 1.5478600 1.4388871 1.4457586 1.5717872 0.0000000 0.1310738 0.1774752 0.8338629 1.5615461 3.1553522 
Leuniv_Lniv_scaffold19722_01                                1.6755060 1.3012376 1.2484929 1.4937009 0.8841481 1.3823452 1.3692790 1.3540401 1.4340948 1.6839716 1.8067382 1.8123185 1.6194997 1.6572501 1.8644647 1.7458677 1.7042897 1.4709965 1.5485258 1.5415621 1.4901549 1.4538618 1.5771131 1.5771131 1.4338797 1.5456881 1.5006626 1.5006626 1.3793588 1.1269737 1.3965552 1.6236188 1.4562725 1.3002618 1.5419646 1.3060975 1.4217408 1.1922206 1.6197752 1.1452070 1.4029939 1.5765020 1.7834004 1.4763530 1.6075593 1.5668135 1.6488698 1.5458415 1.5586569 1.5503651 0.1310738 0.0000000 0.2055535 0.8898650 1.6917950 3.0255945 
Lcom_lcpid106107                                            1.4706029 1.3569192 1.2299393 1.4939013 0.8377740 1.4601000 1.3183915 1.2976205 1.3339466 1.6686794 1.6991981 1.7055519 1.5542907 1.5832964 1.7816252 1.5582340 1.5600811 1.3765827 1.4603627 1.4654171 1.3323533 1.3183158 1.6496371 1.6496371 1.4753705 1.5846914 1.5222164 1.5222164 1.3633036 0.9691738 1.4404037 1.5603212 1.4627285 1.1666136 1.4745549 1.2382907 1.3804232 1.2842008 1.7450125 1.1615220 1.5101613 1.5626753 1.7880637 1.3589349 1.5150088 1.4424400 1.5331151 1.5539750 1.5006787 1.5261970 0.1774752 0.2055535 0.0000000 0.8845340 1.5885037 2.3945836 
Clacor_Ccor_scaffold4519_01                                 1.2653842 1.1449172 0.9708986 1.1041285 0.6917315 0.9657936 1.0257961 1.1965268 1.0609417 1.2209947 1.2619687 1.2677291 1.1309350 1.1137086 0.9457759 1.1335791 1.0983810 1.1380161 1.2226614 1.1459200 1.1251240 0.9303733 1.1107329 1.1107329 1.0485209 1.1142703 1.1356606 1.1356606 1.0232137 0.9127461 1.0204730 1.2332968 1.0712676 0.9988807 1.0648992 0.9350572 0.9988651 0.9446195 1.3139069 0.9325177 0.9271243 1.1816575 1.2714925 1.1588619 1.4095527 1.2882769 1.3003648 1.2313614 1.1608281 1.2563278 0.8338629 0.8898650 0.8845340 0.0000000 1.4090734 2.4102206 
Tcas_TC005166_001                                           1.4003885 1.0022309 1.1324916 1.2316347 0.6412114 1.2484756 1.1395099 1.1055660 1.2425215 1.3231203 1.3172065 1.3271523 1.1621669 1.1801546 1.4689937 1.1765305 1.1611127 1.2152920 1.2823221 1.2376519 1.2864291 0.9184833 1.0911902 1.0911902 1.0273447 1.1225088 1.1091663 1.1091663 0.9747515 1.1639851 1.0278916 1.1932956 1.4052445 1.2141205 1.3570096 1.3065771 1.2979901 1.2172790 1.3805301 1.1866415 1.5463791 1.4919906 0.7843527 1.1191693 1.2808192 1.3153635 1.1987385 1.3103067 1.2764668 1.3044997 1.5615461 1.6917950 1.5885037 1.4090734 0.0000000 3.2202137 
Hvul_g27471_1                                               3.4729607 2.9804261 2.9041879 3.1624892 7.9566329 2.7969494 3.0472133 3.0606958 5.5027126 3.3797655 2.8334401 2.8539625 3.0600554 2.8113829 1.7868798 2.9567577 3.0065005 2.3469791 2.3371634 2.2405195 2.5749213 2.2815057 2.7485021 2.7485021 2.0831554 2.5824813 2.6690926 2.6690926 2.3754644 2.9356705 2.9042805 2.9171477 3.7745515 3.6059531 3.4579622 3.6933907 3.2487038 3.7308364 8.1001323 3.3252034 3.1036946 3.0078139 3.7087396 2.8689932 2.9628241 3.1333943 3.5907064 3.9184245 3.3771444 3.1426158 3.1553522 3.0255945 2.3945836 2.4102206 3.2202137 0.0000000 
