55
Hsap_ENST00000261597                                   0.0000000 2.2810203 2.1168496 2.3778647 2.1290101 2.1538831 2.1568460 2.2792677 1.9763791 2.1278839 2.1448945 2.5512486 2.3619305 2.0319808 3.9991058 4.2073231 4.4397851 4.1071338 4.1630718 4.2201095 4.9291018 4.7420935 4.1098731 3.5789349 3.3123871 3.2226106 6.1742282 4.4893386 2.2686216 2.4854507 4.7949870 2.9516979 2.8764804 3.1367134 3.9678628 2.9189935 2.7751365 2.8610188 2.9937024 2.8453359 2.8453359 3.8407519 4.0065189 3.0967439 3.0513631 2.6196248 3.0324703 2.9940092 3.6721521 3.5769225 2.4967889 4.2384177 4.1872974 3.5602930 4.3481435 
Spur_XM_030995289.1                                    2.2810203 0.0000000 1.4221516 2.2337283 1.9835224 1.8947220 1.8721183 1.8379825 1.6283561 1.7889387 1.7554523 1.6778387 2.0178018 2.0371731 3.8954161 3.9229106 4.1760437 3.7896631 4.0200256 4.2424946 4.8084517 4.7268653 4.1648514 3.3605821 3.3525084 3.1881980 6.5108984 4.6700235 2.1898873 2.0193817 2.7144345 2.6690212 2.4498566 2.6187757 5.3619557 2.9273179 2.7499435 2.7887565 2.9690471 2.6681450 2.6681450 3.2773769 3.8480932 3.2104552 3.1332318 3.2165374 3.4988600 3.2193060 3.3933819 3.3441675 2.5102431 4.0892783 3.5491162 3.6031911 3.9737528 
Skow_XM_002733418.2                                    2.1168496 1.4221516 0.0000000 1.9583849 1.7086251 1.5999199 1.5875737 1.5937349 1.4854141 1.5338712 1.5148537 1.4913248 1.8184216 1.8319481 4.4818550 4.1886371 4.5022783 4.2627180 4.2716125 4.3840285 4.7638010 4.5987526 4.5732914 3.3244831 3.1398616 4.1889534 5.4803224 4.3518064 2.0492613 1.8248765 3.6299045 2.4527060 2.3077533 2.7538731 5.0514314 2.8645285 2.8397380 3.0818275 3.2351691 3.0463692 3.0463692 3.4767144 3.9452059 2.5006824 2.7687703 2.8017797 3.1540866 3.1099243 3.7441157 3.8779323 2.2657240 4.0875982 3.1017782 3.5770968 4.3625063 
Exapal_XM_028659419.1                                  2.3778647 2.2337283 1.9583849 0.0000000 0.9885575 1.2302601 1.2219694 1.2078693 1.1482296 1.1848003 1.1984965 1.3457987 1.7720015 1.5411971 4.1160703 4.2129114 3.9902821 4.3044358 3.7964720 4.4199181 4.8005221 4.8420169 4.1690346 3.5798268 3.4186644 4.0341480 5.5788365 4.1759786 2.3009593 2.2288143 3.8056938 2.4323805 2.4386742 2.8525741 4.3112646 2.6193609 2.5955755 2.6288043 2.6385559 2.6491279 2.6491279 3.8845457 4.2571725 2.7481604 3.0313889 2.7862738 3.2678831 3.0083305 4.0462809 4.1102090 2.6486865 4.7827787 3.6110829 4.3404873 4.2411789 
Nvec_v1g244257                                         2.1290101 1.9835224 1.7086251 0.9885575 0.0000000 0.9833147 0.9940763 0.9820035 0.8880109 1.0199057 0.9792308 1.0465157 1.5038225 1.5095787 4.3857917 4.8351394 4.4807228 4.3616878 4.1150542 4.2610103 4.8007880 4.7362806 4.3716397 3.3072975 3.2649750 3.3077532 5.2540568 3.8234745 2.0712222 2.0778625 2.5755528 2.6012817 2.4481415 2.6679453 4.7611298 2.7353139 2.5708645 2.6701146 2.8564077 2.5442820 2.5442820 3.4306560 3.5576343 2.4668099 2.8116264 2.6391877 3.1147723 3.1038642 3.5264736 3.8310372 2.3976244 4.7096143 3.2175090 3.7433056 3.6803725 
Adig_XM_015903661.1                                    2.1538831 1.8947220 1.5999199 1.2302601 0.9833147 0.0000000 0.0119581 0.2353632 0.2975157 0.3837635 0.3639773 0.3788668 1.3773996 1.3087333 3.9806111 4.4945970 4.2822869 4.2833417 4.0657966 4.2658941 5.1527331 5.0488118 4.1842297 3.2727912 3.2061271 3.1615979 5.7011240 4.3188940 2.0387792 2.1948813 3.0270974 2.7039174 2.5040315 2.8740398 4.7451582 2.8161338 2.5917731 2.7530842 2.7875481 2.5893446 2.5893446 3.2876654 3.8941148 2.7912943 2.7049332 2.7385699 3.0432910 3.0436678 3.4768060 3.9814256 2.5753414 4.7494988 3.1850873 3.7344721 4.0506617 
Amil_Amillepora19831-RA                                2.1568460 1.8721183 1.5875737 1.2219694 0.9940763 0.0119581 0.0000000 0.2298094 0.2928202 0.3760998 0.3564551 0.3738796 1.3653767 1.3191833 4.0030171 4.4855703 4.3214662 4.2830076 4.0966196 4.2845215 5.0650262 4.9597050 4.1526187 3.3298255 3.2584014 3.1615979 5.6756254 4.3666768 2.0516788 2.1461163 2.9898334 2.7553084 2.5470988 2.8947730 4.7860706 2.8323287 2.6057916 2.7654057 2.8009897 2.6033321 2.6033321 3.2947715 3.9532217 2.8635264 2.7224828 2.7692557 3.0687684 3.0352753 3.4866270 3.9864080 2.5448894 4.6966226 3.1610444 3.7824424 4.0923292 
Gfas_gfas1.m1.9553.m1                                  2.2792677 1.8379825 1.5937349 1.2078693 0.9820035 0.2353632 0.2298094 0.0000000 0.2537663 0.3421667 0.3125764 0.2876303 1.3580360 1.2810938 3.7963900 4.4247519 4.3221011 3.9578528 4.1010520 4.1706933 5.0085985 4.9760572 4.0437410 3.1409926 3.0906830 3.0052956 5.6478760 4.1879523 2.1067456 2.1246010 2.8448371 2.7262849 2.5396513 2.7659071 4.4244439 2.8879051 2.6533861 2.7667363 2.8504380 2.5766918 2.5766918 3.2519515 3.9755261 2.7991963 2.7418646 2.6456187 2.9560982 2.9237993 3.4755783 3.7616906 2.4057518 4.6822333 3.0758088 3.5819627 3.8410863 
Gasp_gasp1.m1b.20416.m1                                1.9763791 1.6283561 1.4854141 1.1482296 0.8880109 0.2975157 0.2928202 0.2537663 0.0000000 0.2073517 0.1855487 0.1240247 1.2486310 1.2519835 3.9369716 4.5547206 4.3566012 4.0235999 4.0125078 4.1572819 4.7116192 4.5530480 3.8596010 3.1370722 3.0728912 3.0131060 5.1920370 3.9484647 1.9770998 1.9395946 2.8460300 2.5864785 2.3304685 2.5159884 4.3613930 2.7356879 2.5272113 2.5836924 2.7005936 2.4988230 2.4988230 3.2531651 3.5390350 2.6765657 2.5983108 2.7337440 3.0130837 2.8861785 3.3715422 3.8153712 2.2980838 4.4165440 2.7322739 3.5737586 3.7457594 
Spis_XP_022781355_1                                    2.1278839 1.7889387 1.5338712 1.1848003 1.0199057 0.3837635 0.3760998 0.3421667 0.2073517 0.0000000 0.0533806 0.2315391 1.4012855 1.3184867 4.0015606 4.6031923 4.3382608 4.1418004 4.1624237 4.0763939 4.7815891 4.6413905 3.8868588 3.2133207 3.1402477 3.2880395 5.2535984 4.0875451 1.9853401 2.0688227 3.2155313 2.7448771 2.4657849 2.7400489 4.4790566 2.9905994 2.7403446 2.7864192 2.9167068 2.6080819 2.6080819 3.3171053 3.8458262 2.7813646 2.7093068 2.7336154 3.0685436 3.0660627 3.2288315 3.7812746 2.5171324 4.6894713 2.9176778 3.5774387 4.0603433 
Pocdam_XM_027195818.1                                  2.1448945 1.7554523 1.5148537 1.1984965 0.9792308 0.3639773 0.3564551 0.3125764 0.1855487 0.0533806 0.0000000 0.2157234 1.3544996 1.3038329 3.9893454 4.4997912 4.2815623 4.0223848 4.0516921 4.0654525 4.7350679 4.6189354 3.6802276 3.1576574 3.0310024 3.2262988 5.2768723 4.0676779 1.9783730 2.0518186 3.0649541 2.7274211 2.4198978 2.6958598 4.2962430 2.9591233 2.7120639 2.7902222 2.9367546 2.6259728 2.6259728 3.2806934 3.7675766 2.6724965 2.6717988 2.7571434 3.0924234 2.9361490 3.2424818 3.8378006 2.4667711 4.6084903 2.7708450 3.6278890 4.1116274 
Fspp_ffun1.m2b.17907.m1                                2.5512486 1.6778387 1.4913248 1.3457987 1.0465157 0.3788668 0.3738796 0.2876303 0.1240247 0.2315391 0.2157234 0.0000000 1.4759778 1.3793884 5.1101145 4.9513697 4.3086846 5.4350522 5.3520474 5.1953402 6.2906969 6.2898378 5.1312492 4.7234132 4.4093090 3.5684252 5.8357124 5.8320080 2.4622918 2.3622522 2.9907774 3.3740446 2.8954340 3.3429322 5.2347667 3.3725805 3.3392147 3.3594592 3.4674809 3.3359280 3.3359280 4.8752043 5.3211566 3.9043871 3.5141038 3.2392688 3.3013065 3.6054337 3.7091548 4.2669461 2.5913106 5.5381580 2.9501756 4.7091575 4.3668420 
Dgig_XM_028553999.1                                    2.3619305 2.0178018 1.8184216 1.7720015 1.5038225 1.3773996 1.3653767 1.3580360 1.2486310 1.4012855 1.3544996 1.4759778 0.0000000 0.6203672 3.9759028 4.1480189 3.8682489 3.6293777 3.6594658 4.0159254 4.0832144 3.9776936 3.8663906 3.0774851 2.9731126 3.0940262 5.0680665 3.7950071 2.2008190 2.4443706 3.0928272 2.8161614 2.7206269 2.8909521 4.4327064 2.9248275 2.7422014 2.8983937 3.0361048 2.7980412 2.7980412 3.4249860 3.9206024 2.9601870 3.0678865 2.7067888 3.0831148 3.0751611 3.3215332 3.5875719 2.7086499 4.6890571 3.2630921 3.6647680 3.9221766 
Xesp_023922-T1                                         2.0319808 2.0371731 1.8319481 1.5411971 1.5095787 1.3087333 1.3191833 1.2810938 1.2519835 1.3184867 1.3038329 1.3793884 0.6203672 0.0000000 4.0031651 3.9410222 4.4122109 3.7397517 3.3402512 4.2652746 4.6357646 4.4232542 4.1465961 2.9495223 2.9740577 3.3299107 5.7841577 3.9311796 2.2374573 2.3665336 5.0955689 2.5159075 2.5696950 2.7102713 4.0025713 2.7251701 2.4946516 2.4411838 2.5165047 2.3725847 2.3725847 3.2498107 3.5919766 2.1936201 2.5032524 2.9588099 3.0636913 2.7425849 3.4103672 3.5536413 2.6248326 4.1422543 3.6548221 3.4090506 4.1551116 
Mlei_ML0496.g1.i1                                      3.9991058 3.8954161 4.4818550 4.1160703 4.3857917 3.9806111 4.0030171 3.7963900 3.9369716 4.0015606 3.9893454 5.1101145 3.9759028 4.0031651 0.0000000 0.3592769 1.0759953 0.9028100 1.1869746 1.0948537 1.4952041 1.4315186 1.5879409 4.7530493 4.5825238 3.7226484 2.4494777 1.7067716 3.7766698 4.3572257 8.9999984 4.1436180 4.1316285 4.6658840 2.3833351 4.2789075 3.9714628 3.9915021 4.2553064 3.9036651 3.9036651 3.9155990 4.0126326 4.4482171 4.3570250 4.3916724 4.4219709 4.1346773 3.7305930 3.7397406 3.8357877 4.4117888 5.9522647 3.6612054 5.1647600 
Mertsp_Mesp_sb560498                                   4.2073231 3.9229106 4.1886371 4.2129114 4.8351394 4.4945970 4.4855703 4.4247519 4.5547206 4.6031923 4.4997912 4.9513697 4.1480189 3.9410222 0.3592769 0.0000000 1.0429280 1.0589799 1.4720456 1.1775349 1.8413801 1.8903655 1.9641149 5.1764656 5.0864937 3.7082164 2.7315558 2.0555750 3.9315995 4.5069309 8.9999989 4.7991698 4.7251538 5.5623913 2.4234385 4.5182976 4.3141096 4.2225886 4.3166219 4.1323701 4.1323701 4.6226474 4.6402084 4.6224128 4.7632085 4.5485976 4.9876568 4.4935698 3.9636355 4.0347466 4.6466178 5.2861762 6.6999694 4.4836128 4.8473865 
Bolinf_Binf_sb1212505                                  4.4397851 4.1760437 4.5022783 3.9902821 4.4807228 4.2822869 4.3214662 4.3221011 4.3566012 4.3382608 4.2815623 4.3086846 3.8682489 4.4122109 1.0759953 1.0429280 0.0000000 1.1356651 1.2777269 1.3227888 1.5150585 1.5196249 1.6190620 4.5849044 4.3719524 3.9906351 3.0961542 1.8547837 4.5543669 4.7943496 9.0000000 5.3321875 5.3184170 5.8727486 2.4181320 4.5036138 4.5083073 4.5259813 4.4913903 4.4803455 4.4803455 4.2973830 4.1073872 4.6020085 4.8163507 5.3510640 5.2358122 4.5584991 4.0204408 4.1385478 4.6324331 5.2507241 8.3387519 4.7202910 5.4126715 
Beraby_Baby_sb331163                                   4.1071338 3.7896631 4.2627180 4.3044358 4.3616878 4.2833417 4.2830076 3.9578528 4.0235999 4.1418004 4.0223848 5.4350522 3.6293777 3.7397517 0.9028100 1.0589799 1.1356651 0.0000000 1.4464268 1.2659734 1.6710832 1.6514768 1.9250763 4.4882674 4.1676489 4.2151867 2.9609719 1.9626814 4.1412237 4.1626875 8.8422714 5.0200227 5.3499567 5.1599613 2.6558923 3.9174140 3.7855513 3.8682985 3.8929136 3.8789608 3.8789608 4.5136920 4.5169826 5.3693933 5.2562046 4.8291024 5.3458179 4.7274638 3.9419529 4.0785626 4.5494603 4.6235639 6.9917296 4.8490852 5.4462297 
Lampan_Lpan_C415893_01                                 4.1630718 4.0200256 4.2716125 3.7964720 4.1150542 4.0657966 4.0966196 4.1010520 4.0125078 4.1624237 4.0516921 5.3520474 3.6594658 3.3402512 1.1869746 1.4720456 1.2777269 1.4464268 0.0000000 1.5243293 1.7781042 1.6799591 1.7531910 4.3652578 4.3077123 3.8134791 2.5443720 1.7270144 3.7937681 4.0578118 8.9999981 4.6751124 4.8661206 5.4894967 2.5501992 4.2079515 4.0013970 4.1073800 4.2430677 4.1299419 4.1299419 3.9443601 4.4328727 4.3407952 4.2621214 4.0676612 4.9204979 4.4792052 4.2450022 4.2165097 4.3823202 4.6259686 6.2980776 4.4599137 4.7662288 
Drygla_Dgla_sb293152                                   4.2201095 4.2424946 4.3840285 4.4199181 4.2610103 4.2658941 4.2845215 4.1706933 4.1572819 4.0763939 4.0654525 5.1953402 4.0159254 4.2652746 1.0948537 1.1775349 1.3227888 1.2659734 1.5243293 0.0000000 1.7294662 1.7476423 1.7655478 4.6451272 4.3766499 4.2671134 3.2363282 1.9749261 4.6759155 4.5655009 8.9999982 4.9716353 4.8970211 5.7315483 2.5342907 4.7468783 4.4000241 4.3609249 4.4651909 4.3380717 4.3380717 4.8592873 4.7712582 4.5619796 5.1334210 4.5714604 4.9100282 4.5664232 4.0435914 4.5307665 4.4170954 5.8001422 7.1604914 4.0623013 5.8945767 
Pbac_sb2666914                                         4.9291018 4.8084517 4.7638010 4.8005221 4.8007880 5.1527331 5.0650262 5.0085985 4.7116192 4.7815891 4.7350679 6.2906969 4.0832144 4.6357646 1.4952041 1.8413801 1.5150585 1.6710832 1.7781042 1.7294662 0.0000000 0.0214356 2.2147904 4.4832218 4.4948791 4.5512657 3.1509815 2.1571909 4.4074396 4.5615051 6.1030861 5.2352062 5.2227865 5.8117317 2.9482124 4.4873235 4.4463695 4.9134388 4.9367186 4.8404151 4.8404151 4.7426261 4.9238046 5.2524970 5.4171098 4.6281785 5.4703123 4.8927658 5.0224070 4.6316733 4.3416867 4.7977769 6.9469141 5.1779961 6.7666539 
Horcal_Hcv1.av93.c5.g780.i1                            4.7420935 4.7268653 4.5987526 4.8420169 4.7362806 5.0488118 4.9597050 4.9760572 4.5530480 4.6413905 4.6189354 6.2898378 3.9776936 4.4232542 1.4315186 1.8903655 1.5196249 1.6514768 1.6799591 1.7476423 0.0214356 0.0000000 2.1568428 4.4669784 4.4552903 4.3881187 2.9099131 2.0081415 4.3675854 4.5094199 6.6106120 5.1656337 5.1957818 5.8268754 2.8990849 4.4127286 4.1342685 4.6572211 4.7253287 4.3849908 4.3849908 4.4206221 5.0063854 5.1799206 5.6075804 4.5765288 5.4528382 4.7878610 4.8688944 4.5877465 4.2409156 4.6019313 7.5250254 5.0728965 6.9028572 
Vmul_SimC405088                                        4.1098731 4.1648514 4.5732914 4.1690346 4.3716397 4.1842297 4.1526187 4.0437410 3.8596010 3.8868588 3.6802276 5.1312492 3.8663906 4.1465961 1.5879409 1.9641149 1.6190620 1.9250763 1.7531910 1.7655478 2.2147904 2.1568428 0.0000000 4.4067290 4.2290298 3.9672268 2.0730347 1.3929506 4.4625280 4.1759773 8.5170968 5.1245332 5.1725234 5.7617483 2.5195493 4.4154420 4.3766943 4.4498875 4.6487191 4.3849834 4.3849834 4.1897721 4.7222716 5.2404673 5.0110384 4.4153820 4.4401628 4.5908335 4.9855284 4.8378228 4.4802681 5.2270162 6.6562085 4.9012072 5.5680735 
Emue_Em0015g75a.t1                                     3.5789349 3.3605821 3.3244831 3.5798268 3.3072975 3.2727912 3.3298255 3.1409926 3.1370722 3.2133207 3.1576574 4.7234132 3.0774851 2.9495223 4.7530493 5.1764656 4.5849044 4.4882674 4.3652578 4.6451272 4.4832218 4.4669784 4.4067290 0.0000000 0.1791734 1.7475249 5.7560403 4.4322788 3.7129843 3.8190114 4.1117657 3.4546941 3.4089229 3.8300401 5.1780449 3.6561767 3.4398652 3.5619569 3.7718322 3.4523010 3.4523010 2.0787517 2.3295781 3.9662238 3.8588510 3.2989555 3.8210484 3.5749134 4.1147082 4.1258863 3.9481664 5.0096145 4.4284002 3.7621237 3.0745949 
Spolac_c99143_g1_i1_m.18949c99143-g1                   3.3123871 3.3525084 3.1398616 3.4186644 3.2649750 3.2061271 3.2584014 3.0906830 3.0728912 3.1402477 3.0310024 4.4093090 2.9731126 2.9740577 4.5825238 5.0864937 4.3719524 4.1676489 4.3077123 4.3766499 4.4948791 4.4552903 4.2290298 0.1791734 0.0000000 1.5993799 6.0165257 4.4263407 3.6217846 3.7820577 4.8099514 3.6166364 3.5189309 3.8009895 5.0113197 3.5465819 3.3695948 3.4995995 3.7324413 3.3921962 3.3921962 2.0298210 2.3154982 4.0000166 3.7204210 3.1401921 3.6990594 3.5787634 4.0874231 4.3736352 3.9751555 4.7345549 4.3424546 3.9531194 3.1277933 
Tetwil_g936.t1                                         3.2226106 3.1881980 4.1889534 4.0341480 3.3077532 3.1615979 3.1615979 3.0052956 3.0131060 3.2880395 3.2262988 3.5684252 3.0940262 3.3299107 3.7226484 3.7082164 3.9906351 4.2151867 3.8134791 4.2671134 4.5512657 4.3881187 3.9672268 1.7475249 1.5993799 0.0000000 5.1648998 4.4100540 4.0035335 3.8049157 2.0569897 4.2331573 4.1717494 4.7185847 5.5209740 4.3781389 4.3880193 4.4724261 4.4549514 4.4310781 4.4310781 1.7292956 2.2359278 5.5089989 5.6891964 4.1202884 3.9066457 3.6370214 4.3325258 4.9903486 4.0314274 4.8542425 5.5627765 4.0968795 2.3313400 
Coeast_Cast_sb779497                                   6.1742282 6.5108984 5.4803224 5.5788365 5.2540568 5.7011240 5.6756254 5.6478760 5.1920370 5.2535984 5.2768723 5.8357124 5.0680665 5.7841577 2.4494777 2.7315558 3.0961542 2.9609719 2.5443720 3.2363282 3.1509815 2.9099131 2.0730347 5.7560403 6.0165257 5.1648998 0.0000000 0.1623129 4.8754107 5.5964920 8.9999988 6.4813535 6.0776100 8.3841297 3.2627007 6.6415447 6.7332636 6.5339551 6.8480369 6.8952478 6.8952478 7.0193796 7.2310058 7.6611604 6.9870461 7.1738305 8.3945175 7.0820842 5.9345517 6.3294969 5.7420017 6.9383689 8.2950990 6.3258143 6.0838524 
Coemet_Cmet_scaffold15052_01                           4.4893386 4.6700235 4.3518064 4.1759786 3.8234745 4.3188940 4.3666768 4.1879523 3.9484647 4.0875451 4.0676779 5.8320080 3.7950071 3.9311796 1.7067716 2.0555750 1.8547837 1.9626814 1.7270144 1.9749261 2.1571909 2.0081415 1.3929506 4.4322788 4.4263407 4.4100540 0.1623129 0.0000000 3.9805922 4.4020042 8.9662769 4.9103606 4.8575653 5.3736251 2.6228893 4.8460980 4.5513466 4.5349408 4.8122650 4.5260374 4.5260374 4.6154870 4.8816646 4.9550938 4.8278296 4.2601527 5.2440284 4.9658816 4.1883954 4.5608799 4.5192706 4.9915299 6.6876531 4.6203857 5.5325295 
Cgig_XM_011438573.3                                    2.2686216 2.1898873 2.0492613 2.3009593 2.0712222 2.0387792 2.0516788 2.1067456 1.9770998 1.9853401 1.9783730 2.4622918 2.2008190 2.2374573 3.7766698 3.9315995 4.5543669 4.1412237 3.7937681 4.6759155 4.4074396 4.3675854 4.4625280 3.7129843 3.6217846 4.0035335 4.8754107 3.9805922 0.0000000 1.8798663 3.7457736 2.8583722 2.7232051 3.2726946 4.8837523 3.4318015 3.1434657 3.1343877 3.2901876 3.0800997 3.0800997 3.3672290 3.8551478 3.3704381 3.3618657 2.8196921 3.0115316 3.1557566 3.5617587 4.1602389 2.3222113 4.2181757 3.9730959 3.4874479 4.6541860 
Acagra_model.g16809.t1                                 2.4854507 2.0193817 1.8248765 2.2288143 2.0778625 2.1948813 2.1461163 2.1246010 1.9395946 2.0688227 2.0518186 2.3622522 2.4443706 2.3665336 4.3572257 4.5069309 4.7943496 4.1626875 4.0578118 4.5655009 4.5615051 4.5094199 4.1759773 3.8190114 3.7820577 3.8049157 5.5964920 4.4020042 1.8798663 0.0000000 3.3629219 3.2417537 3.0425952 2.9158265 4.8567860 2.9512021 2.7791606 2.9494303 3.1515930 2.8580420 2.8580420 3.5961274 3.9968420 3.1870150 3.5067769 3.3444833 3.5564810 3.5516965 3.7556494 3.9176270 2.5061993 4.6865718 4.5214543 3.8673666 4.8053120 
Aaur_scaffold136.g13.t1                                4.7949870 2.7144345 3.6299045 3.8056938 2.5755528 3.0270974 2.9898334 2.8448371 2.8460300 3.2155313 3.0649541 2.9907774 3.0928272 5.0955689 8.9999984 8.9999989 9.0000000 8.8422714 8.9999981 8.9999982 6.1030861 6.6106120 8.5170968 4.1117657 4.8099514 2.0569897 8.9999988 8.9662769 3.7457736 3.3629219 0.0000000 1.3367813 1.2153066 1.3966635 8.9999988 4.2979387 4.2557434 3.5676461 3.6132882 4.1053292 4.1053292 6.3645082 8.3731544 4.1994461 4.8940987 2.5321245 4.1014354 5.0963685 5.4742726 5.2509104 3.5334967 5.2270932 2.4520064 6.8127818 5.4112774 
Nemnom_g1690.t1                                        2.9516979 2.6690212 2.4527060 2.4323805 2.6012817 2.7039174 2.7553084 2.7262849 2.5864785 2.7448771 2.7274211 3.3740446 2.8161614 2.5159075 4.1436180 4.7991698 5.3321875 5.0200227 4.6751124 4.9716353 5.2352062 5.1656337 5.1245332 3.4546941 3.6166364 4.2331573 6.4813535 4.9103606 2.8583722 3.2417537 1.3367813 0.0000000 0.1803773 1.2091597 5.2122906 3.6042389 3.4558212 3.4834347 3.5852795 3.4714551 3.4714551 3.9366573 4.1945947 2.3556966 2.5294523 2.9568879 3.5277200 3.4971380 4.0015507 4.2296612 3.2660348 4.1786952 2.9312859 4.1763166 4.1443430 
Rhoesc_Res_013322-T1                                   2.8764804 2.4498566 2.3077533 2.4386742 2.4481415 2.5040315 2.5470988 2.5396513 2.3304685 2.4657849 2.4198978 2.8954340 2.7206269 2.5696950 4.1316285 4.7251538 5.3184170 5.3499567 4.8661206 4.8970211 5.2227865 5.1957818 5.1725234 3.4089229 3.5189309 4.1717494 6.0776100 4.8575653 2.7232051 3.0425952 1.2153066 0.1803773 0.0000000 1.2075940 4.9908531 3.5051026 3.5126791 3.3234503 3.3966851 3.5236792 3.5236792 3.6556145 4.4237887 2.2987648 2.2962346 3.0620110 3.5567935 3.5035981 4.0861413 4.2151839 3.0803060 4.2988914 2.8715011 4.2973003 4.1201082 
Sanmal_Sma_009207-T1                                   3.1367134 2.6187757 2.7538731 2.8525741 2.6679453 2.8740398 2.8947730 2.7659071 2.5159884 2.7400489 2.6958598 3.3429322 2.8909521 2.7102713 4.6658840 5.5623913 5.8727486 5.1599613 5.4894967 5.7315483 5.8117317 5.8268754 5.7617483 3.8300401 3.8009895 4.7185847 8.3841297 5.3736251 3.2726946 2.9158265 1.3966635 1.2091597 1.2075940 0.0000000 5.8289026 3.6988643 3.5618630 3.4335491 3.5723975 3.3567959 3.3567959 3.8864721 4.5360025 2.5963813 2.6074631 2.9097936 3.5095649 3.3439509 4.2750848 4.4365873 3.3828553 4.4361589 2.8154623 4.7796132 4.8240850 
Eupdun_Edun_sb10668564                                 3.9678628 5.3619557 5.0514314 4.3112646 4.7611298 4.7451582 4.7860706 4.4244439 4.3613930 4.4790566 4.2962430 5.2347667 4.4327064 4.0025713 2.3833351 2.4234385 2.4181320 2.6558923 2.5501992 2.5342907 2.9482124 2.8990849 2.5195493 5.1780449 5.0113197 5.5209740 3.2627007 2.6228893 4.8837523 4.8567860 8.9999988 5.2122906 4.9908531 5.8289026 0.0000000 4.5057559 4.5357473 4.6441335 4.6407303 4.4380851 4.4380851 4.5791445 5.5188964 5.2229969 5.4438491 4.4002244 5.0454465 5.4562740 5.1196953 5.1219071 4.8419956 5.7678321 7.7604277 5.7048816 5.0473251 
Tadh_TriadT53609                                       2.9189935 2.9273179 2.8645285 2.6193609 2.7353139 2.8161338 2.8323287 2.8879051 2.7356879 2.9905994 2.9591233 3.3725805 2.9248275 2.7251701 4.2789075 4.5182976 4.5036138 3.9174140 4.2079515 4.7468783 4.4873235 4.4127286 4.4154420 3.6561767 3.5465819 4.3781389 6.6415447 4.8460980 3.4318015 2.9512021 4.2979387 3.6042389 3.5051026 3.6988643 4.5057559 0.0000000 0.0439004 0.3390245 0.3574113 0.4069949 0.4069949 3.6258591 3.7471111 3.3931227 3.8838254 3.4136207 3.8215155 3.4879054 4.5430132 4.0904961 3.7017841 4.8180055 4.2739119 4.2428255 4.8276532 
TrH2_TrispH2_002314-RA                                 2.7751365 2.7499435 2.8397380 2.5955755 2.5708645 2.5917731 2.6057916 2.6533861 2.5272113 2.7403446 2.7120639 3.3392147 2.7422014 2.4946516 3.9714628 4.3141096 4.5083073 3.7855513 4.0013970 4.4000241 4.4463695 4.1342685 4.3766943 3.4398652 3.3695948 4.3880193 6.7332636 4.5513466 3.1434657 2.7791606 4.2557434 3.4558212 3.5126791 3.5618630 4.5357473 0.0439004 0.0000000 0.3449548 0.3558356 0.3292030 0.3292030 3.4747509 3.6711263 3.3570436 3.6674124 3.2175718 3.6892537 3.2267225 4.3484433 4.1033800 3.4883657 4.5792800 4.2213449 4.0072238 4.8569033 
HoiH06_mRNA14615                                       2.8610188 2.7887565 3.0818275 2.6288043 2.6701146 2.7530842 2.7654057 2.7667363 2.5836924 2.7864192 2.7902222 3.3594592 2.8983937 2.4411838 3.9915021 4.2225886 4.5259813 3.8682985 4.1073800 4.3609249 4.9134388 4.6572211 4.4498875 3.5619569 3.4995995 4.4724261 6.5339551 4.5349408 3.1343877 2.9494303 3.5676461 3.4834347 3.3234503 3.4335491 4.6441335 0.3390245 0.3449548 0.0000000 0.0460563 0.1430764 0.1430764 3.6397618 3.8180045 3.3269839 3.7817825 3.2293727 3.8257446 3.3491520 4.4508457 4.2326131 3.4238717 5.0726914 4.2128015 4.1387670 4.6883234 
HoiH23_PlH23_010197-RA                                 2.9937024 2.9690471 3.2351691 2.6385559 2.8564077 2.7875481 2.8009897 2.8504380 2.7005936 2.9167068 2.9367546 3.4674809 3.0361048 2.5165047 4.2553064 4.3166219 4.4913903 3.8929136 4.2430677 4.4651909 4.9367186 4.7253287 4.6487191 3.7718322 3.7324413 4.4549514 6.8480369 4.8122650 3.2901876 3.1515930 3.6132882 3.5852795 3.3966851 3.5723975 4.6407303 0.3574113 0.3558356 0.0460563 0.0000000 0.1597901 0.1597901 4.0554527 4.0908986 3.4824525 3.9391263 3.4238870 3.9872770 3.5010100 4.7263133 4.4912552 3.4820551 5.0392941 4.3990395 4.3367714 4.6608538 
Hhon_g01525.t1                                         2.8453359 2.6681450 3.0463692 2.6491279 2.5442820 2.5893446 2.6033321 2.5766918 2.4988230 2.6080819 2.6259728 3.3359280 2.7980412 2.3725847 3.9036651 4.1323701 4.4803455 3.8789608 4.1299419 4.3380717 4.8404151 4.3849908 4.3849834 3.4523010 3.3921962 4.4310781 6.8952478 4.5260374 3.0800997 2.8580420 4.1053292 3.4714551 3.5236792 3.3567959 4.4380851 0.4069949 0.3292030 0.1430764 0.1597901 0.0000000 0.0000010 3.5542719 3.8176018 3.3066696 3.8096204 3.0342729 3.6221779 3.1473821 4.3990870 4.1289467 3.4771204 4.7443647 4.3686125 3.8939191 4.7187526 
HoiH04_mRNA7397                                        2.8453359 2.6681450 3.0463692 2.6491279 2.5442820 2.5893446 2.6033321 2.5766918 2.4988230 2.6080819 2.6259728 3.3359280 2.7980412 2.3725847 3.9036651 4.1323701 4.4803455 3.8789608 4.1299419 4.3380717 4.8404151 4.3849908 4.3849834 3.4523010 3.3921962 4.4310781 6.8952478 4.5260374 3.0800997 2.8580420 4.1053292 3.4714551 3.5236792 3.3567959 4.4380851 0.4069949 0.3292030 0.1430764 0.1597901 0.0000010 0.0000000 3.5542719 3.8176018 3.3066696 3.8096204 3.0342729 3.6221779 3.1473821 4.3990870 4.1289467 3.4771204 4.7443647 4.3686125 3.8939191 4.7187526 
Xestes_maker-XT_scaffold3063-augustus-gene-0.25-mRNA-1 3.8407519 3.2773769 3.4767144 3.8845457 3.4306560 3.2876654 3.2947715 3.2519515 3.2531651 3.3171053 3.2806934 4.8752043 3.4249860 3.2498107 3.9155990 4.6226474 4.2973830 4.5136920 3.9443601 4.8592873 4.7426261 4.4206221 4.1897721 2.0787517 2.0298210 1.7292956 7.0193796 4.6154870 3.3672290 3.5961274 6.3645082 3.9366573 3.6556145 3.8864721 4.5791445 3.6258591 3.4747509 3.6397618 4.0554527 3.5542719 3.5542719 0.0000000 1.2670963 3.6158236 3.7926796 3.4807196 3.9440181 3.7549339 4.6559367 4.2315120 3.7393501 5.2916891 5.8384459 4.4049819 3.1494744 
Halamb_c49234_g1_i1m.25747                             4.0065189 3.8480932 3.9452059 4.2571725 3.5576343 3.8941148 3.9532217 3.9755261 3.5390350 3.8458262 3.7675766 5.3211566 3.9206024 3.5919766 4.0126326 4.6402084 4.1073872 4.5169826 4.4328727 4.7712582 4.9238046 5.0063854 4.7222716 2.3295781 2.3154982 2.2359278 7.2310058 4.8816646 3.8551478 3.9968420 8.3731544 4.1945947 4.4237887 4.5360025 5.5188964 3.7471111 3.6711263 3.8180045 4.0908986 3.8176018 3.8176018 1.2670963 0.0000000 3.8996078 4.1862142 3.9439394 4.6604277 4.1336327 4.9344398 4.6565847 4.5380789 5.5625733 5.6039710 4.6633202 3.5333859 
Hvul_g6941_1                                           3.0967439 3.2104552 2.5006824 2.7481604 2.4668099 2.7912943 2.8635264 2.7991963 2.6765657 2.7813646 2.6724965 3.9043871 2.9601870 2.1936201 4.4482171 4.6224128 4.6020085 5.3693933 4.3407952 4.5619796 5.2524970 5.1799206 5.2404673 3.9662238 4.0000166 5.5089989 7.6611604 4.9550938 3.3704381 3.1870150 4.1994461 2.3556966 2.2987648 2.5963813 5.2229969 3.3931227 3.3570436 3.3269839 3.4824525 3.3066696 3.3066696 3.6158236 3.8996078 0.0000000 1.4198782 2.8584464 3.5063304 3.4131588 4.6771705 4.1440157 3.5276293 4.8705216 3.9018754 4.4211089 5.2731182 
Chem_TCONS_00070573                                    3.0513631 3.1332318 2.7687703 3.0313889 2.8116264 2.7049332 2.7224828 2.7418646 2.5983108 2.7093068 2.6717988 3.5141038 3.0678865 2.5032524 4.3570250 4.7632085 4.8163507 5.2562046 4.2621214 5.1334210 5.4171098 5.6075804 5.0110384 3.8588510 3.7204210 5.6891964 6.9870461 4.8278296 3.3618657 3.5067769 4.8940987 2.5294523 2.2962346 2.6074631 5.4438491 3.8838254 3.6674124 3.7817825 3.9391263 3.8096204 3.8096204 3.7926796 4.1862142 1.4198782 0.0000000 3.1359368 3.6988897 3.7789986 4.5835465 4.4736897 3.7191798 4.5095194 3.2951348 4.8323335 4.8134499 
Ocar_g4723                                             2.6196248 3.2165374 2.8017797 2.7862738 2.6391877 2.7385699 2.7692557 2.6456187 2.7337440 2.7336154 2.7571434 3.2392688 2.7067888 2.9588099 4.3916724 4.5485976 5.3510640 4.8291024 4.0676612 4.5714604 4.6281785 4.5765288 4.4153820 3.2989555 3.1401921 4.1202884 7.1738305 4.2601527 2.8196921 3.3444833 2.5321245 2.9568879 3.0620110 2.9097936 4.4002244 3.4136207 3.2175718 3.2293727 3.4238870 3.0342729 3.0342729 3.4807196 3.9439394 2.8584464 3.1359368 0.0000000 0.0206993 1.9011355 3.5973675 3.5369723 2.7497589 3.8585080 5.5081122 3.1769631 4.1103346 
Opea_EP00118_Oscarella_pearsei_P012883                 3.0324703 3.4988600 3.1540866 3.2678831 3.1147723 3.0432910 3.0687684 2.9560982 3.0130837 3.0685436 3.0924234 3.3013065 3.0831148 3.0636913 4.4219709 4.9876568 5.2358122 5.3458179 4.9204979 4.9100282 5.4703123 5.4528382 4.4401628 3.8210484 3.6990594 3.9066457 8.3945175 5.2440284 3.0115316 3.5564810 4.1014354 3.5277200 3.5567935 3.5095649 5.0454465 3.8215155 3.6892537 3.8257446 3.9872770 3.6221779 3.6221779 3.9440181 4.6604277 3.5063304 3.6988897 0.0206993 0.0000000 2.3232704 3.8541678 4.0310566 3.2681070 4.5709317 5.2794728 3.4046462 4.3059870 
Plajan_Pjan_C566028_01                                 2.9940092 3.2193060 3.1099243 3.0083305 3.1038642 3.0436678 3.0352753 2.9237993 2.8861785 3.0660627 2.9361490 3.6054337 3.0751611 2.7425849 4.1346773 4.4935698 4.5584991 4.7274638 4.4792052 4.5664232 4.8927658 4.7878610 4.5908335 3.5749134 3.5787634 3.6370214 7.0820842 4.9658816 3.1557566 3.5516965 5.0963685 3.4971380 3.5035981 3.3439509 5.4562740 3.4879054 3.2267225 3.3491520 3.5010100 3.1473821 3.1473821 3.7549339 4.1336327 3.4131588 3.7789986 1.9011355 2.3232704 0.0000000 3.8669421 4.0801653 3.6609291 4.3773594 4.6660706 4.1811433 4.3442062 
Scil_scict001898.1                                     3.6721521 3.3933819 3.7441157 4.0462809 3.5264736 3.4768060 3.4866270 3.4755783 3.3715422 3.2288315 3.2424818 3.7091548 3.3215332 3.4103672 3.7305930 3.9636355 4.0204408 3.9419529 4.2450022 4.0435914 5.0224070 4.8688944 4.9855284 4.1147082 4.0874231 4.3325258 5.9345517 4.1883954 3.5617587 3.7556494 5.4742726 4.0015507 4.0861413 4.2750848 5.1196953 4.5430132 4.3484433 4.4508457 4.7263133 4.3990870 4.3990870 4.6559367 4.9344398 4.6771705 4.5835465 3.5973675 3.8541678 3.8669421 0.0000000 0.6419106 3.6462108 4.8509130 4.4151004 2.4088262 5.0579923 
Lcom_lcpid69348                                        3.5769225 3.3441675 3.8779323 4.1102090 3.8310372 3.9814256 3.9864080 3.7616906 3.8153712 3.7812746 3.8378006 4.2669461 3.5875719 3.5536413 3.7397406 4.0347466 4.1385478 4.0785626 4.2165097 4.5307665 4.6316733 4.5877465 4.8378228 4.1258863 4.3736352 4.9903486 6.3294969 4.5608799 4.1602389 3.9176270 5.2509104 4.2296612 4.2151839 4.4365873 5.1219071 4.0904961 4.1033800 4.2326131 4.4912552 4.1289467 4.1289467 4.2315120 4.6565847 4.1440157 4.4736897 3.5369723 4.0310566 4.0801653 0.6419106 0.0000000 3.4562757 5.4748497 4.3341777 2.4890773 5.1999047 
Ctel_gnl_WGS_AMQN_CAPTEDRAFT_mRNA227392                2.4967889 2.5102431 2.2657240 2.6486865 2.3976244 2.5753414 2.5448894 2.4057518 2.2980838 2.5171324 2.4667711 2.5913106 2.7086499 2.6248326 3.8357877 4.6466178 4.6324331 4.5494603 4.3823202 4.4170954 4.3416867 4.2409156 4.4802681 3.9481664 3.9751555 4.0314274 5.7420017 4.5192706 2.3222113 2.5061993 3.5334967 3.2660348 3.0803060 3.3828553 4.8419956 3.7017841 3.4883657 3.4238717 3.4820551 3.4771204 3.4771204 3.7393501 4.5380789 3.5276293 3.7191798 2.7497589 3.2681070 3.6609291 3.6462108 3.4562757 0.0000000 5.3235779 4.3899417 3.7084555 4.7192408 
Tcas_TC011249_001                                      4.2384177 4.0892783 4.0875982 4.7827787 4.7096143 4.7494988 4.6966226 4.6822333 4.4165440 4.6894713 4.6084903 5.5381580 4.6890571 4.1422543 4.4117888 5.2861762 5.2507241 4.6235639 4.6259686 5.8001422 4.7977769 4.6019313 5.2270162 5.0096145 4.7345549 4.8542425 6.9383689 4.9915299 4.2181757 4.6865718 5.2270932 4.1786952 4.2988914 4.4361589 5.7678321 4.8180055 4.5792800 5.0726914 5.0392941 4.7443647 4.7443647 5.2916891 5.5625733 4.8705216 4.5095194 3.8585080 4.5709317 4.3773594 4.8509130 5.4748497 5.3235779 0.0000000 5.7321081 5.6298017 5.6017436 
Morvir_scaffold607.g1.t1                               4.1872974 3.5491162 3.1017782 3.6110829 3.2175090 3.1850873 3.1610444 3.0758088 2.7322739 2.9176778 2.7708450 2.9501756 3.2630921 3.6548221 5.9522647 6.6999694 8.3387519 6.9917296 6.2980776 7.1604914 6.9469141 7.5250254 6.6562085 4.4284002 4.3424546 5.5627765 8.2950990 6.6876531 3.9730959 4.5214543 2.4520064 2.9312859 2.8715011 2.8154623 7.7604277 4.2739119 4.2213449 4.2128015 4.3990395 4.3686125 4.3686125 5.8384459 5.6039710 3.9018754 3.2951348 5.5081122 5.2794728 4.6660706 4.4151004 4.3341777 4.3899417 5.7321081 0.0000000 4.7506745 5.6224374 
Clacor_Ccor_C542079_01                                 3.5602930 3.6031911 3.5770968 4.3404873 3.7433056 3.7344721 3.7824424 3.5819627 3.5737586 3.5774387 3.6278890 4.7091575 3.6647680 3.4090506 3.6612054 4.4836128 4.7202910 4.8490852 4.4599137 4.0623013 5.1779961 5.0728965 4.9012072 3.7621237 3.9531194 4.0968795 6.3258143 4.6203857 3.4874479 3.8673666 6.8127818 4.1763166 4.2973003 4.7796132 5.7048816 4.2428255 4.0072238 4.1387670 4.3367714 3.8939191 3.8939191 4.4049819 4.6633202 4.4211089 4.8323335 3.1769631 3.4046462 4.1811433 2.4088262 2.4890773 3.7084555 5.6298017 4.7506745 0.0000000 5.1292978 
Plespi_Pspi_scaffold7698_01                            4.3481435 3.9737528 4.3625063 4.2411789 3.6803725 4.0506617 4.0923292 3.8410863 3.7457594 4.0603433 4.1116274 4.3668420 3.9221766 4.1551116 5.1647600 4.8473865 5.4126715 5.4462297 4.7662288 5.8945767 6.7666539 6.9028572 5.5680735 3.0745949 3.1277933 2.3313400 6.0838524 5.5325295 4.6541860 4.8053120 5.4112774 4.1443430 4.1201082 4.8240850 5.0473251 4.8276532 4.8569033 4.6883234 4.6608538 4.7187526 4.7187526 3.1494744 3.5333859 5.2731182 4.8134499 4.1103346 4.3059870 4.3442062 5.0579923 5.1999047 4.7192408 5.6017436 5.6224374 5.1292978 0.0000000 
