37
Hsap_ENST00000342697                                         0.0000000 2.0043211 2.2000424 2.8727038 3.4217478 3.1236912 3.8887492 4.2487788 3.4341409 3.4265468 3.3919869 3.5199713 3.4509134 3.4142071 3.5786967 4.5809410 3.6938750 3.7208807 4.1162658 3.1439811 3.9159969 4.0778287 4.4271969 3.4550303 3.8700380 4.9576605 4.9576605 5.3709739 5.4501531 6.2245151 5.4565058 5.6219297 5.4147302 6.9284728 5.9881167 5.7981879 4.5684809 
Cscu_XM_023369624.1                                          2.0043211 0.0000000 2.3842549 2.5126060 2.5384166 2.6102479 2.8259738 3.1152581 2.7207163 2.6929040 2.6026191 2.6248328 2.6386754 2.7394984 2.7514135 4.6419955 3.4045366 2.9322135 3.6351528 2.7373063 3.4438387 4.0901404 4.0847072 2.7709504 2.7245440 4.1753620 4.1753620 4.5487465 4.5745501 4.9152236 4.5496936 4.3255390 4.2088359 8.3998805 5.6030562 5.1844930 4.4935802 
Bralan_BLAG07001371_1                                        2.2000424 2.3842549 0.0000000 1.8504811 2.0077494 1.7939408 2.4506174 2.3755725 2.5872853 2.5547579 2.3986802 2.4712279 2.4183879 2.3961570 2.3903780 3.2182128 2.7193514 2.7818387 3.3584024 2.1594922 3.3138184 3.6328059 3.4303348 2.4290627 2.6213044 4.4770965 4.4770965 5.6428476 5.6584058 6.4994706 5.4604508 3.4381508 3.8363494 5.0378381 3.7947182 4.3361323 3.8966716 
Cgig_XM_011446675.3                                          2.8727038 2.5126060 1.8504811 0.0000000 2.4631029 2.4661124 3.5466093 3.4044473 2.9934902 2.9542258 2.9669857 2.7657133 2.6738368 2.9139345 2.8015715 3.7179833 3.4843102 3.5817677 3.3301284 2.1562949 4.0661397 4.2175082 4.0869872 3.1674539 2.5477010 4.4409224 4.4409224 4.5703326 4.6156907 5.1225239 4.5326241 3.7348638 4.6990865 7.3120146 4.6737465 4.4369290 3.4885045 
Spur_XM_030975907.1                                          3.4217478 2.5384166 2.0077494 2.4631029 0.0000000 1.7159772 2.6196688 2.9608214 2.6470682 2.6153591 2.6229370 2.7206795 2.6027454 2.5688546 2.5985604 3.5439791 3.0803855 2.8157044 2.9248769 2.7990693 3.3774738 3.5187209 3.0302135 3.1592390 2.9053097 4.7835778 4.7835778 6.1319685 6.0979969 5.9072501 5.6773771 3.7067252 4.1499073 6.0570878 5.6017026 4.8146168 4.0130647 
Skow_XM_002735251.2                                          3.1236912 2.6102479 1.7939408 2.4661124 1.7159772 0.0000000 2.0687549 2.4597293 2.1601839 2.1742912 1.9352482 1.9288074 1.9212975 1.9781747 1.9354911 3.4962569 2.8856080 2.3092418 2.6245899 2.7047545 3.1101396 2.9866933 2.9369849 2.6333690 2.2993801 4.3725627 4.3725627 4.9089203 4.9187507 4.8091672 4.5827296 3.6475458 3.9614098 4.9627475 4.0552645 3.5275797 3.9170802 
Exapal_XM_021059891.2                                        3.8887492 2.8259738 2.4506174 3.5466093 2.6196688 2.0687549 0.0000000 0.6833527 1.1730540 1.1564781 1.0458357 1.0075381 1.0208210 1.0122918 1.0572519 2.8315195 2.7119454 1.9825295 2.5040532 3.3253288 2.5868050 2.4470889 2.8275495 3.1561140 2.7148729 3.8963197 3.8963197 4.1346571 4.2078993 4.1945925 4.0435126 3.4161281 3.1329515 5.0893747 3.6704634 4.1893019 4.4496139 
Nvec_v1g248023                                               4.2487788 3.1152581 2.3755725 3.4044473 2.9608214 2.4597293 0.6833527 0.0000000 1.0527022 1.0510179 0.9961719 0.9978540 1.0349946 0.9381980 1.0044875 2.7759757 2.7961098 2.2082046 2.4829712 3.6773789 3.1937370 2.9852421 3.7578840 3.1991057 3.1101122 4.1735003 4.1735003 4.1622224 4.2539694 4.2788884 4.1334765 3.6193798 3.1810346 3.9273595 4.3752865 4.3844247 4.9708580 
Adig_XM_015911432.1                                          3.4341409 2.7207163 2.5872853 2.9934902 2.6470682 2.1601839 1.1730540 1.0527022 0.0000000 0.0161165 0.2271476 0.2730340 0.3119516 0.3357809 0.3310378 2.4387215 2.6525929 2.0229444 2.5105534 3.9549197 3.3745933 2.9821814 3.0488385 3.0080937 2.9807712 3.1579441 3.1579441 3.2083113 3.2764284 3.4418713 3.3424535 3.3823465 3.0483997 4.7622790 3.8462977 3.6668718 3.0670043 
Amil_Amillepora10791-RA                                      3.4265468 2.6929040 2.5547579 2.9542258 2.6153591 2.1742912 1.1564781 1.0510179 0.0161165 0.0000000 0.2220357 0.2653029 0.3067043 0.3274419 0.3228051 2.3722304 2.6313605 2.0438312 2.5455437 3.8441550 3.2937535 2.8942395 3.0503405 2.9988465 3.1058968 3.2787176 3.2787176 3.2601693 3.3294844 3.5142045 3.3962802 3.3967732 3.0118862 4.6838987 3.8545752 3.6757586 3.1677949 
Gfas_gfas1.m1.15618.m1                                       3.3919869 2.6026191 2.3986802 2.9669857 2.6229370 1.9352482 1.0458357 0.9961719 0.2271476 0.2220357 0.0000000 0.1626427 0.1999327 0.2338777 0.2311267 2.5893067 2.6358397 2.1454829 2.5313437 3.5003468 3.3478192 2.8756666 3.0452570 2.7315259 3.0958643 3.3432352 3.3432352 3.6951375 3.7743651 3.7753563 3.7867903 3.1452343 3.0962070 5.2168211 3.7429069 3.8485847 3.1956235 
Fspp_ffun1.m4.21292.m1                                       3.5199713 2.6248328 2.4712279 2.7657133 2.7206795 1.9288074 1.0075381 0.9978540 0.2730340 0.2653029 0.1626427 0.0000000 0.1290750 0.1941882 0.1722147 2.5556710 2.8367540 2.1349365 2.3395367 3.7248148 3.3837307 3.0402610 3.0047162 2.6431724 3.1218200 3.0613329 3.0613329 3.3176136 3.3872122 3.5007272 3.2230227 3.1323950 3.3989743 5.0590635 3.5587611 4.0166895 3.2924427 
Gasp_gasp1.m3.1952.m1                                        3.4509134 2.6386754 2.4183879 2.6738368 2.6027454 1.9212975 1.0208210 1.0349946 0.3119516 0.3067043 0.1999327 0.1290750 0.0000000 0.2292492 0.2240986 2.6927665 2.6612916 2.1899101 2.3417789 3.5561688 3.5908321 3.1672538 2.9411959 2.7358314 3.0845886 3.4461945 3.4461945 3.5919015 3.6681599 3.8909959 3.5934582 3.0319761 3.3750773 4.8039042 3.7128316 3.8286933 3.5938121 
Spis_XP_022798947_1                                          3.4142071 2.7394984 2.3961570 2.9139345 2.5688546 1.9781747 1.0122918 0.9381980 0.3357809 0.3274419 0.2338777 0.1941882 0.2292492 0.0000000 0.0607919 2.3574709 2.7709833 1.9601344 2.3555059 3.5834686 3.3038989 2.8952559 2.9264360 2.6156740 2.9288665 3.0977235 3.0977235 3.4823400 3.5562839 3.7080114 3.4883370 3.1526664 3.1160880 4.7523817 3.5086745 4.0124831 3.2959864 
Pocdam_XM_027197738.1                                        3.5786967 2.7514135 2.3903780 2.8015715 2.5985604 1.9354911 1.0572519 1.0044875 0.3310378 0.3228051 0.2311267 0.1722147 0.2240986 0.0607919 0.0000000 2.3757514 2.8979365 1.9713887 2.2644619 3.7907720 3.3825746 2.9065477 3.0247415 2.7144668 3.0464078 3.0795572 3.0795572 3.3369978 3.4072335 3.5984549 3.3379751 3.1762110 3.2540551 4.8439191 3.5976268 4.1505106 3.4502203 
Morvir_scaffold64.g21.t1                                     4.5809410 4.6419955 3.2182128 3.7179833 3.5439791 3.4962569 2.8315195 2.7759757 2.4387215 2.3722304 2.5893067 2.5556710 2.6927665 2.3574709 2.3757514 0.0000000 1.9532655 2.8285982 3.4272303 3.8566601 2.8692029 2.7746158 2.5132487 4.1034221 4.1152897 5.0172624 5.0172624 5.3039383 5.4036952 5.5358842 5.3526412 4.0974025 4.1745059 3.9404292 3.9205239 4.3598623 3.9978223 
Chem_TCONS_00073080                                          3.6938750 3.4045366 2.7193514 3.4843102 3.0803855 2.8856080 2.7119454 2.7961098 2.6525929 2.6313605 2.6358397 2.8367540 2.6612916 2.7709833 2.8979365 1.9532655 0.0000000 2.5179850 2.8308114 3.6092109 2.6967173 2.6472717 2.7272865 3.7059897 3.6604036 5.1003993 5.1003993 5.6268811 5.7188821 5.3314931 5.2561880 3.1013300 4.6676450 4.9128336 4.1891910 5.2116180 4.1220712 
Dgig_XM_028536729.1                                          3.7208807 2.9322135 2.7818387 3.5817677 2.8157044 2.3092418 1.9825295 2.2082046 2.0229444 2.0438312 2.1454829 2.1349365 2.1899101 1.9601344 1.9713887 2.8285982 2.5179850 0.0000000 0.8401922 2.9606973 3.0687305 3.1826445 3.5622480 2.5292172 3.0369315 4.1431466 4.1431466 4.4413264 4.4579318 4.6812913 4.2999098 4.3513942 3.4424849 3.4124870 5.0881004 4.4252540 4.0318664 
Xesp_005588-T1                                               4.1162658 3.6351528 3.3584024 3.3301284 2.9248769 2.6245899 2.5040532 2.4829712 2.5105534 2.5455437 2.5313437 2.3395367 2.3417789 2.3555059 2.2644619 3.4272303 2.8308114 0.8401922 0.0000000 4.5646151 4.1911881 4.0826978 4.1359410 2.9369012 3.3481963 4.1561607 4.1561607 4.1828607 4.2394482 4.2178847 4.0032431 4.6187869 3.8226467 5.7395304 5.5588567 4.5519440 4.2553220 
Acagra_model.g31362.t1.3.5d3b8d55                            3.1439811 2.7373063 2.1594922 2.1562949 2.7990693 2.7047545 3.3253288 3.6773789 3.9549197 3.8441550 3.5003468 3.7248148 3.5561688 3.5834686 3.7907720 3.8566601 3.6092109 2.9606973 4.5646151 0.0000000 3.9801958 3.7277476 3.2539105 2.7592722 2.5984993 5.2899769 5.2899769 6.5261831 6.6672778 6.7962519 6.0945222 3.7253318 4.3867134 5.2079349 5.5611430 4.8484182 4.3518813 
Nemnom_g13705.t1                                             3.9159969 3.4438387 3.3138184 4.0661397 3.3774738 3.1101396 2.5868050 3.1937370 3.3745933 3.2937535 3.3478192 3.3837307 3.5908321 3.3038989 3.3825746 2.8692029 2.6967173 3.0687305 4.1911881 3.9801958 0.0000000 0.2944594 1.3715356 3.0634140 3.1982225 4.3487554 4.3487554 5.4130150 5.5259631 5.9029043 5.0452634 4.0173387 4.0920417 3.7559471 5.0535547 4.4628603 4.4530112 
Rhoesc_Res_011238-T1                                         4.0778287 4.0901404 3.6328059 4.2175082 3.5187209 2.9866933 2.4470889 2.9852421 2.9821814 2.8942395 2.8756666 3.0402610 3.1672538 2.8952559 2.9065477 2.7746158 2.6472717 3.1826445 4.0826978 3.7277476 0.2944594 0.0000000 1.4251345 3.4457143 3.0467105 4.6466620 4.6466620 5.4924050 5.6031709 5.3504712 5.4772299 3.9490101 4.1145466 4.1982731 5.1002888 4.9172704 3.8009332 
Sanmal_Sma_024841-T1                                         4.4271969 4.0847072 3.4303348 4.0869872 3.0302135 2.9369849 2.8275495 3.7578840 3.0488385 3.0503405 3.0452570 3.0047162 2.9411959 2.9264360 3.0247415 2.5132487 2.7272865 3.5622480 4.1359410 3.2539105 1.3715356 1.4251345 0.0000000 4.4243474 3.8663313 3.8622909 3.8622909 4.3708802 4.3891248 4.4742833 4.1351963 4.0461032 4.5527147 5.0470905 5.1526126 6.0857034 4.2083560 
Tcas_TC004030_002                                            3.4550303 2.7709504 2.4290627 3.1674539 3.1592390 2.6333690 3.1561140 3.1991057 3.0080937 2.9988465 2.7315259 2.6431724 2.7358314 2.6156740 2.7144668 4.1034221 3.7059897 2.5292172 2.9369012 2.7592722 3.0634140 3.4457143 4.4243474 0.0000000 2.7686637 4.9034309 4.9034309 4.3646984 4.3884809 4.6501960 4.9242066 4.7016266 4.9936520 5.9695628 5.3192824 5.6497858 4.3141783 
Ctel_gnl_WGS_AMQN_CAPTEDRAFT_mRNA227336                      3.8700380 2.7245440 2.6213044 2.5477010 2.9053097 2.2993801 2.7148729 3.1101122 2.9807712 3.1058968 3.0958643 3.1218200 3.0845886 2.9288665 3.0464078 4.1152897 3.6604036 3.0369315 3.3481963 2.5984993 3.1982225 3.0467105 3.8663313 2.7686637 0.0000000 5.4478278 5.4478278 6.4370600 6.5327641 6.8389539 6.0423789 4.2719002 5.2629113 8.9999986 4.9345129 4.4690836 4.3050110 
Tadh_TriadT55555                                             4.9576605 4.1753620 4.4770965 4.4409224 4.7835778 4.3725627 3.8963197 4.1735003 3.1579441 3.2787176 3.3432352 3.0613329 3.4461945 3.0977235 3.0795572 5.0172624 5.1003993 4.1431466 4.1561607 5.2899769 4.3487554 4.6466620 3.8622909 4.9034309 5.4478278 0.0000000 0.0000010 0.4925821 0.5083855 0.4792838 0.5593584 5.0603354 5.9400777 7.7483544 4.7618361 4.9682883 6.1682984 
TrH2_TrispH2_003813-RA                                       4.9576605 4.1753620 4.4770965 4.4409224 4.7835778 4.3725627 3.8963197 4.1735003 3.1579441 3.2787176 3.3432352 3.0613329 3.4461945 3.0977235 3.0795572 5.0172624 5.1003993 4.1431466 4.1561607 5.2899769 4.3487554 4.6466620 3.8622909 4.9034309 5.4478278 0.0000010 0.0000000 0.4925821 0.5083855 0.4792838 0.5593584 5.0603354 5.9400777 7.7483544 4.7618361 4.9682883 6.1682984 
Hhon_g02469.t1                                               5.3709739 4.5487465 5.6428476 4.5703326 6.1319685 4.9089203 4.1346571 4.1622224 3.2083113 3.2601693 3.6951375 3.3176136 3.5919015 3.4823400 3.3369978 5.3039383 5.6268811 4.4413264 4.1828607 6.5261831 5.4130150 5.4924050 4.3708802 4.3646984 6.4370600 0.4925821 0.4925821 0.0000000 0.0161959 0.2147179 0.3707149 6.2364734 6.2671309 8.9999982 5.5710923 4.9775540 6.9978268 
HoiH04_mRNA11521                                             5.4501531 4.5745501 5.6584058 4.6156907 6.0979969 4.9187507 4.2078993 4.2539694 3.2764284 3.3294844 3.7743651 3.3872122 3.6681599 3.5562839 3.4072335 5.4036952 5.7188821 4.4579318 4.2394482 6.6672778 5.5259631 5.6031709 4.3891248 4.3884809 6.5327641 0.5083855 0.5083855 0.0161959 0.0000000 0.2284018 0.3711504 6.2042172 6.2677216 8.9999982 5.5909024 5.0403124 7.2139919 
HoiH23_PlH23_001696-RA                                       6.2245151 4.9152236 6.4994706 5.1225239 5.9072501 4.8091672 4.1945925 4.2788884 3.4418713 3.5142045 3.7753563 3.5007272 3.8909959 3.7080114 3.5984549 5.5358842 5.3314931 4.6812913 4.2178847 6.7962519 5.9029043 5.3504712 4.4742833 4.6501960 6.8389539 0.4792838 0.4792838 0.2147179 0.2284018 0.0000000 0.3396792 6.4191713 6.4117991 8.9999986 5.9022647 5.2860734 6.5047173 
HoiH11_mRNA1404                                              5.4565058 4.5496936 5.4604508 4.5326241 5.6773771 4.5827296 4.0435126 4.1334765 3.3424535 3.3962802 3.7867903 3.2230227 3.5934582 3.4883370 3.3379751 5.3526412 5.2561880 4.2999098 4.0032431 6.0945222 5.0452634 5.4772299 4.1351963 4.9242066 6.0423789 0.5593584 0.5593584 0.3707149 0.3711504 0.3396792 0.0000000 5.9835088 6.7257255 8.9999986 5.6009038 5.7907542 7.2759769 
Opea_EP00118_Oscarella_pearsei_P002026                       5.6219297 4.3255390 3.4381508 3.7348638 3.7067252 3.6475458 3.4161281 3.6193798 3.3823465 3.3967732 3.1452343 3.1323950 3.0319761 3.1526664 3.1762110 4.0974025 3.1013300 4.3513942 4.6187869 3.7253318 4.0173387 3.9490101 4.0461032 4.7016266 4.2719002 5.0603354 5.0603354 6.2364734 6.2042172 6.4191713 5.9835088 0.0000000 5.9266808 8.9999982 5.3886762 4.6279532 4.4765253 
Aque_Aqu2.1.25306_001                                        5.4147302 4.2088359 3.8363494 4.6990865 4.1499073 3.9614098 3.1329515 3.1810346 3.0483997 3.0118862 3.0962070 3.3989743 3.3750773 3.1160880 3.2540551 4.1745059 4.6676450 3.4424849 3.8226467 4.3867134 4.0920417 4.1145466 4.5527147 4.9936520 5.2629113 5.9400777 5.9400777 6.2671309 6.2677216 6.4117991 6.7257255 5.9266808 0.0000000 1.0311887 1.8354512 2.5092106 4.6062906 
Xestes_snap_masked-XT_scaffold4937-processed-gene-0.8-mRNA-1 6.9284728 8.3998805 5.0378381 7.3120146 6.0570878 4.9627475 5.0893747 3.9273595 4.7622790 4.6838987 5.2168211 5.0590635 4.8039042 4.7523817 4.8439191 3.9404292 4.9128336 3.4124870 5.7395304 5.2079349 3.7559471 4.1982731 5.0470905 5.9695628 8.9999986 7.7483544 7.7483544 8.9999982 8.9999982 8.9999986 8.9999986 8.9999982 1.0311887 0.0000000 1.9214081 2.7311724 7.0111623 
Stycar_maker-SC_scaffold3116-snap-gene-0.18-mRNA-1           5.9881167 5.6030562 3.7947182 4.6737465 5.6017026 4.0552645 3.6704634 4.3752865 3.8462977 3.8545752 3.7429069 3.5587611 3.7128316 3.5086745 3.5976268 3.9205239 4.1891910 5.0881004 5.5588567 5.5611430 5.0535547 5.1002888 5.1526126 5.3192824 4.9345129 4.7618361 4.7618361 5.5710923 5.5909024 5.9022647 5.6009038 5.3886762 1.8354512 1.9214081 0.0000000 1.7798398 6.4174323 
Emue_Em0018g1179a.t1                                         5.7981879 5.1844930 4.3361323 4.4369290 4.8146168 3.5275797 4.1893019 4.3844247 3.6668718 3.6757586 3.8485847 4.0166895 3.8286933 4.0124831 4.1505106 4.3598623 5.2116180 4.4252540 4.5519440 4.8484182 4.4628603 4.9172704 6.0857034 5.6497858 4.4690836 4.9682883 4.9682883 4.9775540 5.0403124 5.2860734 5.7907542 4.6279532 2.5092106 2.7311724 1.7798398 0.0000000 4.9419561 
Clacor_Ccor_scaffold7804_01                                  4.5684809 4.4935802 3.8966716 3.4885045 4.0130647 3.9170802 4.4496139 4.9708580 3.0670043 3.1677949 3.1956235 3.2924427 3.5938121 3.2959864 3.4502203 3.9978223 4.1220712 4.0318664 4.2553220 4.3518813 4.4530112 3.8009332 4.2083560 4.3141783 4.3050110 6.1682984 6.1682984 6.9978268 7.2139919 6.5047173 7.2759769 4.4765253 4.6062906 7.0111623 6.4174323 4.9419561 0.0000000 
