57
Hsap_ENST00000310144                                   0.0000000 0.2080135 0.0275995 0.1769666 0.1666295 0.1878332 0.1323291 0.0571338 0.0956537 0.0823030 0.3189465 0.1339769 0.1354976 0.1478583 0.1693132 0.1255629 0.3152571 0.2367528 0.2392199 0.2340455 0.1867289 0.1496273 0.1491664 0.1517361 0.2261596 0.2031630 0.3012226 0.2321762 0.2907623 0.3385721 0.3395704 0.3325238 0.1690070 0.3395704 0.2720161 0.2847560 0.2876017 0.3697947 0.4295813 0.4240744 0.2790223 0.3265680 0.3249629 0.2669803 0.3181221 0.3180521 0.3373547 0.3277413 0.3295072 0.2840948 0.3396345 0.3296450 0.4296312 0.2006844 3.3861704 0.4259840 0.9347820 
Adig_XM_015904813.1                                    0.2080135 0.0000000 0.0089847 0.0530166 0.0489161 0.0369493 0.2214961 0.1029358 0.1745278 0.1470092 0.5158510 0.1926868 0.1969931 0.3695657 0.1321838 0.1904748 0.4233531 0.3422540 0.3195685 0.3207800 0.2396933 0.1341775 0.3012189 0.1536394 0.4068274 0.4049328 0.6387142 0.2796784 0.3387779 0.4595825 0.4402162 0.4322347 0.1782486 0.4484156 0.4287919 0.4009406 0.4104985 0.4363000 0.4401616 0.4976430 0.3729513 0.6358625 0.6519157 0.2841647 0.6615192 0.6489519 0.6708893 0.6672151 0.6388928 0.3022402 0.6536079 0.6678942 0.5879646 0.0000010 0.0910412 0.4901868 1.3148437 
Gasp_gasp1.m3.1664.m1                                  0.0275995 0.0089847 0.0000000 0.0000010 0.0000010 0.0184960 0.0587642 0.0898941 0.0587642 0.1217418 0.1733536 0.0927466 0.1153719 0.0803705 0.0570036 0.2453372 0.2158006 0.2038187 0.1755977 0.1665026 0.1057598 0.1274165 0.0896503 0.1425801 0.1453591 0.1136193 0.1795223 0.1688651 0.1795223 0.2625808 0.2451149 0.2451149 0.2304103 0.2451149 0.1684659 0.1536086 0.1527900 0.2231642 0.1858601 0.2423223 0.3074065 0.2371171 0.2371171 0.2427550 0.2427550 0.2371171 0.2625459 0.2625459 0.2371171 0.2186584 0.2371171 0.2498962 0.2729125 0.0120791 0.0000010 0.0000010 8.9999987 
Spis_XP_022793873_1                                    0.1769666 0.0530166 0.0000010 0.0000000 0.0091141 0.0453248 0.1865028 0.0703224 0.1520888 0.1217418 0.3638388 0.1597760 0.1759915 0.2846916 0.1083439 0.1569834 0.3890057 0.3075869 0.2830265 0.2952712 0.1806270 0.1462805 0.2351021 0.1295234 0.3199798 0.3237521 0.5033526 0.2424343 0.3023949 0.3845186 0.3874575 0.3908058 0.1713399 0.3937834 0.3377048 0.3335805 0.3411012 0.3621985 0.3768660 0.3956962 0.3529380 0.5361819 0.5470473 0.2657342 0.5452484 0.5410966 0.5594735 0.5566438 0.5347998 0.2828725 0.5312721 0.5575792 0.4942747 0.0498741 0.1138599 0.3414513 0.7938905 
Pocdam_XM_027180359.1                                  0.1666295 0.0489161 0.0000010 0.0091141 0.0000000 0.0489950 0.1858009 0.0703224 0.1503379 0.1217418 0.3695443 0.1553711 0.1739230 0.2812454 0.1013912 0.1569834 0.3877667 0.2949294 0.2859694 0.2824222 0.1878224 0.1462805 0.2436752 0.1295234 0.3175478 0.3212748 0.5253323 0.2493923 0.3130078 0.3901386 0.3877954 0.3911624 0.1713399 0.3941530 0.3435220 0.3287621 0.3383007 0.3496815 0.3789740 0.3820045 0.3418063 0.5325015 0.5433679 0.2604606 0.5416063 0.5374517 0.5557383 0.5528912 0.5320380 0.2772630 0.5262882 0.5538706 0.4852378 0.0460325 0.0956084 0.3205931 0.7778746 
Gfas_gfas1.m1.15235.m1                                 0.1878332 0.0369493 0.0184960 0.0453248 0.0489950 0.0000000 0.1877588 0.0905204 0.1534420 0.1527743 0.4161515 0.1596114 0.1813990 0.3103422 0.1032876 0.1675674 0.3627237 0.2998791 0.2823891 0.2697619 0.1950688 0.1423078 0.2706376 0.1385136 0.2999911 0.2969225 0.5470731 0.2717508 0.3241934 0.4005210 0.4034385 0.3953025 0.1705162 0.4100477 0.3638538 0.3491821 0.3541451 0.3790592 0.3734143 0.4106072 0.3191812 0.5366272 0.5477074 0.2658652 0.5613969 0.5276708 0.5603903 0.5575094 0.5229809 0.2693004 0.5342575 0.5570723 0.4499258 0.0348087 0.1637327 0.3330721 0.8316959 
Tcas_TC011620_001                                      0.1323291 0.2214961 0.0587642 0.1865028 0.1858009 0.1877588 0.0000000 0.0431629 0.0465127 0.0823030 0.3016857 0.1218760 0.1478628 0.1220226 0.1802768 0.1217716 0.3005384 0.2671569 0.2467049 0.2514218 0.2106655 0.1676153 0.1354830 0.1396476 0.2150854 0.2198586 0.2201321 0.1964343 0.2239664 0.3100356 0.3098302 0.3027436 0.1649336 0.3098302 0.2310130 0.3729404 0.3602915 0.3920105 0.3901821 0.4358456 0.2663193 0.3212356 0.3200573 0.2718815 0.3258262 0.3199399 0.3310782 0.3257777 0.3208317 0.2746644 0.3055111 0.3149361 0.3647156 0.2148016 4.1173237 0.3862580 1.0417615 
Cscu_XM_023384587.1                                    0.0571338 0.1029358 0.0898941 0.0703224 0.0703224 0.0905204 0.0431629 0.0000000 0.0478587 0.0815753 0.1551009 0.0591851 0.0779536 0.0642158 0.0822816 0.1311084 0.1629952 0.1278585 0.1157686 0.1070400 0.0867599 0.1626182 0.0831033 0.1555746 0.1049874 0.0977485 0.1797370 0.1531151 0.1744238 0.1504311 0.1509572 0.1509572 0.1479992 0.1509572 0.1444568 0.1646258 0.1598072 0.2323816 0.2210189 0.2551667 0.1325760 0.1795725 0.1795725 0.1815602 0.1815602 0.1815602 0.1824717 0.1824717 0.1815602 0.1821988 0.1795725 0.1836174 0.1585699 0.0919772 0.0000010 0.0652024 0.6290257 
Dpul_mRNA16118                                         0.0956537 0.1745278 0.0587642 0.1520888 0.1503379 0.1534420 0.0465127 0.0478587 0.0000000 0.0823030 0.2516248 0.1100762 0.1260171 0.1082830 0.1433945 0.1293864 0.2425356 0.2082211 0.1962265 0.1987216 0.1738907 0.1704821 0.1120032 0.1441468 0.1715982 0.1772209 0.2175659 0.1789110 0.2131883 0.2685253 0.2679920 0.2616604 0.1742607 0.2679920 0.1867932 0.2796658 0.2701677 0.3584235 0.3566024 0.3834990 0.2064983 0.2742841 0.2742841 0.2795870 0.2795870 0.2794970 0.2975531 0.2975531 0.2815842 0.2943883 0.2822110 0.2803293 0.3135101 0.1708967 1.3856790 0.2480210 0.9511731 
Ocar_g10535                                            0.0823030 0.1470092 0.1217418 0.1217418 0.1217418 0.1527743 0.0823030 0.0815753 0.0823030 0.0000000 0.0000010 0.1084808 0.0823030 0.0823030 0.1335911 0.1053192 0.1294506 0.1162404 0.0624036 0.0624036 0.1053192 0.0641175 0.1570411 0.1656009 0.1973201 0.1973201 0.1319072 0.1319072 0.1319072 0.2687715 0.2687715 0.2687715 0.2388169 0.2687715 0.0710386 0.2080954 0.1977860 0.2132259 0.1671204 0.2520131 0.3602631 0.3473023 0.3473023 0.3219992 0.3219992 0.3473023 0.3504592 0.3504592 0.3473023 0.3937473 0.3473023 0.3937473 0.0000010 0.0960708 0.0000010 0.0000010 8.9999985 
Opea_EP00118_Oscarella_pearsei_P025498                 0.3189465 0.5158510 0.1733536 0.3638388 0.3695443 0.4161515 0.3016857 0.1551009 0.2516248 0.0000010 0.0000000 0.2845834 0.2845902 0.4643364 0.3846859 0.1723637 0.5558330 0.4137547 0.3903379 0.3771801 0.3235624 0.2049624 0.4654963 0.1724470 0.5251899 0.5534467 0.5880235 0.3407327 0.4035983 0.5317488 0.5302571 0.5343562 0.2609171 0.5302571 0.2936328 0.4113293 0.3942913 0.3437871 0.3711834 0.3883176 0.5043660 0.6241591 0.6226382 0.3664026 0.6261017 0.6286620 0.6578802 0.6584811 0.6516761 0.3828129 0.7315471 0.6248615 0.6254779 0.4509441 8.9999986 1.0271900 0.8320971 
Cgig_XM_011437610.3                                    0.1339769 0.1926868 0.0927466 0.1597760 0.1553711 0.1596114 0.1218760 0.0591851 0.1100762 0.1084808 0.2845834 0.0000000 0.0676873 0.0401602 0.1358815 0.1208563 0.2455328 0.2209924 0.2078039 0.2128584 0.1680552 0.1547784 0.1449281 0.1656353 0.1845057 0.1700668 0.3087371 0.2403166 0.2814643 0.2868551 0.2884857 0.2817135 0.1568595 0.2884857 0.2499411 0.3085314 0.2816169 0.4174002 0.4012394 0.4547213 0.2280508 0.3457619 0.3444783 0.2966454 0.3470838 0.3340940 0.3618722 0.3492714 0.3466565 0.3018420 0.3839727 0.3453717 0.4289978 0.1770460 2.0264490 0.2717597 0.8962112 
Ctel_gnl_WGS_AMQN_CAPTEDRAFT_mRNA183959                0.1354976 0.1969931 0.1153719 0.1759915 0.1739230 0.1813990 0.1478628 0.0779536 0.1260171 0.0823030 0.2845902 0.0676873 0.0000000 0.0709456 0.1905220 0.1250879 0.2512178 0.1994910 0.1803619 0.1692050 0.1503354 0.1452119 0.1550329 0.1470419 0.1938049 0.1995917 0.2854682 0.2178967 0.2553524 0.2715285 0.2730629 0.2665109 0.1563242 0.2730629 0.2324914 0.2907709 0.2781013 0.3726412 0.3776419 0.4052028 0.2247006 0.3069208 0.3058745 0.2645212 0.3029480 0.2971883 0.3226797 0.3226797 0.3068020 0.2794148 0.3034135 0.3067543 0.3536514 0.1878347 1.6069691 0.2880257 0.8939772 
Acagra_model.g22757.t1                                 0.1478583 0.3695657 0.0803705 0.2846916 0.2812454 0.3103422 0.1220226 0.0642158 0.1082830 0.0823030 0.4643364 0.0401602 0.0709456 0.0000000 0.2489661 0.1125637 0.4014976 0.3954221 0.3566108 0.3682240 0.1627967 0.1581249 0.2977468 0.1564680 0.3525433 0.3264878 0.4833464 0.2362338 0.2850122 0.4171244 0.4060876 0.4052678 0.1633069 0.4170044 0.3614691 0.2951680 0.2725895 0.3922947 0.3960538 0.4108209 0.4564098 0.5528725 0.5762927 0.2869590 0.5220095 0.5411598 0.5618738 0.5618738 0.5567427 0.2867003 0.6529116 0.5821679 0.4840981 0.3392547 8.9999989 0.8806766 0.8510130 
Nvec_v1g196829                                         0.1693132 0.1321838 0.0570036 0.1083439 0.1013912 0.1032876 0.1802768 0.0822816 0.1433945 0.1335911 0.3846859 0.1358815 0.1905220 0.2489661 0.0000000 0.1378247 0.3051661 0.2920538 0.2790658 0.2583132 0.1980163 0.1633224 0.2264918 0.1544636 0.2174002 0.2134926 0.4153289 0.2696290 0.3337934 0.3437668 0.3371790 0.3350547 0.1790166 0.3371790 0.2957356 0.3082902 0.3103664 0.3657336 0.3691897 0.3659636 0.2637151 0.4124676 0.4085507 0.2603064 0.4121036 0.4110148 0.4279362 0.4279362 0.4082463 0.2846235 0.4473541 0.4269127 0.4142837 0.1023751 1.1529480 0.1652337 0.7919033 
Hvul_g9808_1                                           0.1255629 0.1904748 0.2453372 0.1569834 0.1569834 0.1675674 0.1217716 0.1311084 0.1293864 0.1053192 0.1723637 0.1208563 0.1250879 0.1125637 0.1378247 0.0000000 0.0482483 0.0969158 0.0797267 0.0738239 0.0837419 0.0984285 0.1376733 0.2215612 0.1596295 0.1727806 0.1595190 0.1547441 0.1595190 0.1999470 0.1901030 0.1901030 0.1848278 0.1901030 0.1843010 0.1377853 0.1479143 0.2025103 0.1739966 0.2139237 0.1287664 0.2514423 0.2514423 0.2514423 0.2514423 0.2514423 0.2527693 0.2527693 0.2514423 0.2418484 0.2514423 0.2596457 0.0989378 0.1341427 0.0000010 0.0444045 0.6076355 
Chem_TCONS_00011672                                    0.3152571 0.4233531 0.2158006 0.3890057 0.3877667 0.3627237 0.3005384 0.1629952 0.2425356 0.1294506 0.5558330 0.2455328 0.2512178 0.4014976 0.3051661 0.0482483 0.0000000 0.2747598 0.2508121 0.2430227 0.2500122 0.1580137 0.3828949 0.2170301 0.4124224 0.4241946 0.6532273 0.3174442 0.3424245 0.5677455 0.5317517 0.5197892 0.1668519 0.5346569 0.4064387 0.3763888 0.3619670 0.4329690 0.4563795 0.5151030 0.2889946 0.5585200 0.5558872 0.3272431 0.5859637 0.5274270 0.6069410 0.6040262 0.5716944 0.3148058 0.6060368 0.5320983 0.4623646 0.3548133 5.4990260 0.7738191 0.9388080 
Nemnom_g2052.t1                                        0.2367528 0.3422540 0.2038187 0.3075869 0.2949294 0.2998791 0.2671569 0.1278585 0.2082211 0.1162404 0.4137547 0.2209924 0.1994910 0.3954221 0.2920538 0.0969158 0.2747598 0.0000000 0.0217128 0.0903131 0.2745341 0.1385809 0.3526545 0.1852813 0.3428504 0.3550211 0.5474704 0.2784502 0.2975036 0.4872862 0.4638967 0.4742516 0.1837360 0.4691375 0.3681350 0.3207180 0.3186950 0.3989544 0.4129246 0.4390083 0.1863560 0.5434013 0.5456096 0.2895870 0.5638388 0.5188765 0.5837087 0.5809313 0.5801902 0.3043085 0.5394960 0.5569030 0.4397230 0.2828540 2.8097468 0.7210634 0.8093638 
Rhoesc_Res_005024-T1                                   0.2392199 0.3195685 0.1755977 0.2830265 0.2859694 0.2823891 0.2467049 0.1157686 0.1962265 0.0624036 0.3903379 0.2078039 0.1803619 0.3566108 0.2790658 0.0797267 0.2508121 0.0217128 0.0000000 0.0876805 0.2539806 0.1295283 0.3269160 0.1718197 0.3155383 0.3230241 0.5090996 0.2594820 0.2766955 0.4667128 0.4439073 0.4540289 0.1760175 0.4491087 0.3506862 0.3101331 0.3011718 0.3786322 0.3999724 0.4335370 0.1820938 0.5167365 0.5186363 0.2683792 0.5267500 0.4935992 0.5588367 0.5560955 0.5550927 0.2893989 0.5062327 0.5294615 0.4294058 0.2802933 2.4965410 0.7093180 0.8129859 
Sanmal_Sma_006202-T1                                   0.2340455 0.3207800 0.1665026 0.2952712 0.2824222 0.2697619 0.2514218 0.1070400 0.1987216 0.0624036 0.3771801 0.2128584 0.1692050 0.3682240 0.2583132 0.0738239 0.2430227 0.0903131 0.0876805 0.0000000 0.2462899 0.1245524 0.3660848 0.1731517 0.3352840 0.3655021 0.5054362 0.2339793 0.2577914 0.4226607 0.4111133 0.3943905 0.1661093 0.4067491 0.3710248 0.3402971 0.3353638 0.3572943 0.4058451 0.4323084 0.1696841 0.5479324 0.5501697 0.2855103 0.5562437 0.5416718 0.5832662 0.5805311 0.5692010 0.3065329 0.5586759 0.5385668 0.5041647 0.2818415 2.8047277 0.5818283 0.7961034 
Bralan_BLAG10000071_4                                  0.1867289 0.2396933 0.1057598 0.1806270 0.1878224 0.1950688 0.2106655 0.0867599 0.1738907 0.1053192 0.3235624 0.1680552 0.1503354 0.1627967 0.1980163 0.0837419 0.2500122 0.2745341 0.2539806 0.2462899 0.0000000 0.1348111 0.1983975 0.1943575 0.2381527 0.2345950 0.3442804 0.2672629 0.3190169 0.3409442 0.3331306 0.3336751 0.2078323 0.3331306 0.2809171 0.3191996 0.3065248 0.4248174 0.4313608 0.4775802 0.2886464 0.3767653 0.3729488 0.3446560 0.3733151 0.3720066 0.3944881 0.3964882 0.3700023 0.3632432 0.3999740 0.3815500 0.5486669 0.2033741 2.6488768 0.3712862 1.0318284 
Tetwil_g11222.t1                                       0.1496273 0.1341775 0.1274165 0.1462805 0.1462805 0.1423078 0.1676153 0.1626182 0.1704821 0.0641175 0.2049624 0.1547784 0.1452119 0.1581249 0.1633224 0.0984285 0.1580137 0.1385809 0.1295283 0.1245524 0.1348111 0.0000000 0.1512452 0.1848152 0.2110802 0.1946372 0.1529144 0.1329445 0.1449015 0.2324607 0.2112586 0.2112586 0.1920613 0.2112586 0.1786300 0.1351324 0.1393978 0.2140285 0.2003232 0.2279785 0.1924543 0.2344554 0.2344554 0.2370839 0.2370839 0.2370839 0.2381234 0.2381234 0.2370839 0.2300457 0.2344554 0.2402971 0.1552893 0.1214647 0.0000010 0.2475915 0.5978705 
Spur_XM_030990932.1                                    0.1491664 0.3012189 0.0896503 0.2351021 0.2436752 0.2706376 0.1354830 0.0831033 0.1120032 0.1570411 0.4654963 0.1449281 0.1550329 0.2977468 0.2264918 0.1376733 0.3828949 0.3526545 0.3269160 0.3660848 0.1983975 0.1512452 0.0000000 0.1556668 0.3436942 0.3460567 0.4191387 0.2299733 0.2709247 0.4242632 0.4214894 0.4283670 0.1827283 0.4281066 0.3916891 0.2946321 0.2839797 0.3377109 0.3353025 0.3576187 0.3898385 0.4848720 0.4698917 0.2605413 0.4976460 0.4660756 0.5047251 0.5047251 0.4811201 0.2777731 0.4758073 0.4863501 0.3998365 0.2886386 4.7385893 0.6300131 0.8428094 
Clacor_Ccor_scaffold11553_01                           0.1517361 0.1536394 0.1425801 0.1295234 0.1295234 0.1385136 0.1396476 0.1555746 0.1441468 0.1656009 0.1724470 0.1656353 0.1470419 0.1564680 0.1544636 0.2215612 0.2170301 0.1852813 0.1718197 0.1731517 0.1943575 0.1848152 0.1556668 0.0000000 0.1656578 0.1831391 0.1997111 0.1778562 0.2019836 0.2322159 0.2407551 0.2407551 0.2334723 0.2407551 0.1422711 0.2311960 0.2287068 0.1663835 0.1493143 0.1701833 0.2338546 0.2070660 0.2070660 0.2179369 0.2179369 0.2070660 0.2189537 0.2189537 0.2070660 0.1970858 0.2070660 0.2121553 0.1337428 0.1527933 0.0000010 0.1872536 0.5020148 
Dgig_XM_028557237.1                                    0.2261596 0.4068274 0.1453591 0.3199798 0.3175478 0.2999911 0.2150854 0.1049874 0.1715982 0.1973201 0.5251899 0.1845057 0.1938049 0.3525433 0.2174002 0.1596295 0.4124224 0.3428504 0.3155383 0.3352840 0.2381527 0.2110802 0.3436942 0.1656578 0.0000000 0.0497196 0.6751054 0.2879567 0.3102684 0.4821050 0.5013670 0.4929813 0.2091547 0.5066646 0.4062205 0.3755126 0.3573354 0.3409763 0.3475980 0.3812892 0.3692809 0.5862054 0.5939421 0.3269243 0.5787790 0.6065676 0.6047628 0.6019134 0.6340194 0.3649880 0.6480947 0.6026196 0.5344658 0.3628478 8.9999986 0.8379737 0.8538133 
Xesp_000378-T1                                         0.2031630 0.4049328 0.1136193 0.3237521 0.3212748 0.2969225 0.2198586 0.0977485 0.1772209 0.1973201 0.5534467 0.1700668 0.1995917 0.3264878 0.2134926 0.1727806 0.4241946 0.3550211 0.3230241 0.3655021 0.2345950 0.1946372 0.3460567 0.1831391 0.0497196 0.0000000 0.7099608 0.3066778 0.3344866 0.5185989 0.5140666 0.5052457 0.2108162 0.5194798 0.4382604 0.3711053 0.3450179 0.3825991 0.3824773 0.4190585 0.4061866 0.5981193 0.6056094 0.3148181 0.5890964 0.6094103 0.6337680 0.6308157 0.6495156 0.3424532 0.6730983 0.6054176 0.5114656 0.3603928 8.9999986 0.9195072 0.8539301 
Aque_Aqu2.1.41073_001                                  0.3012226 0.6387142 0.1795223 0.5033526 0.5253323 0.5470731 0.2201321 0.1797370 0.2175659 0.1319072 0.5880235 0.3087371 0.2854682 0.4833464 0.4153289 0.1595190 0.6532273 0.5474704 0.5090996 0.5054362 0.3442804 0.1529144 0.4191387 0.1997111 0.6751054 0.7099608 0.0000000 0.0556382 0.0558777 0.7052892 0.6924038 0.7068201 0.2455629 0.7013924 0.5423989 0.3397271 0.3500754 0.4063140 0.4424289 0.4460437 0.6491634 0.7128155 0.6931233 0.4089264 0.7421185 0.7234080 0.7398189 0.7185904 0.6926356 0.4106609 0.7584238 0.7095030 0.7150601 0.5921805 8.9999989 1.2140724 1.1315157 
Xestes_maker-XT_scaffold4935-augustus-gene-0.31-mRNA-1 0.2321762 0.2796784 0.1688651 0.2424343 0.2493923 0.2717508 0.1964343 0.1531151 0.1789110 0.1319072 0.3407327 0.2403166 0.2178967 0.2362338 0.2696290 0.1547441 0.3174442 0.2784502 0.2594820 0.2339793 0.2672629 0.1329445 0.2299733 0.1778562 0.2879567 0.3066778 0.0556382 0.0000000 0.0490910 0.3219055 0.3217898 0.3151753 0.2255409 0.3217898 0.2637171 0.2533788 0.2724014 0.3817503 0.4149271 0.3957793 0.2896107 0.3505485 0.3505485 0.3641643 0.3641643 0.3780344 0.3753527 0.3753527 0.3610861 0.3721513 0.3548342 0.3586413 0.3783749 0.2657947 2.2319529 0.3637344 0.9715018 
Halamb_c46225_g1_i1m.20246                             0.2907623 0.3387779 0.1795223 0.3023949 0.3130078 0.3241934 0.2239664 0.1744238 0.2131883 0.1319072 0.4035983 0.2814643 0.2553524 0.2850122 0.3337934 0.1595190 0.3424245 0.2975036 0.2766955 0.2577914 0.3190169 0.1449015 0.2709247 0.2019836 0.3102684 0.3344866 0.0558777 0.0490910 0.0000000 0.4012788 0.3771210 0.3814446 0.2397408 0.3771210 0.2910353 0.3099174 0.3141241 0.3653951 0.3942413 0.3855096 0.3159486 0.4123617 0.4105996 0.3829054 0.4198432 0.4319538 0.4394221 0.4394221 0.4224130 0.3973762 0.4002835 0.4115446 0.4815681 0.3278914 4.6598696 0.5042050 0.9504012 
TrH2_TrispH2_010985-RA                                 0.3385721 0.4595825 0.2625808 0.3845186 0.3901386 0.4005210 0.3100356 0.1504311 0.2685253 0.2687715 0.5317488 0.2868551 0.2715285 0.4171244 0.3437668 0.1999470 0.5677455 0.4872862 0.4667128 0.4226607 0.3409442 0.2324607 0.4242632 0.2322159 0.4821050 0.5185989 0.7052892 0.3219055 0.4012788 0.0000000 0.0412624 0.0350260 0.0206032 0.0379163 0.4370658 0.4340569 0.4313644 0.4578576 0.4672060 0.4800380 0.5014812 0.5996418 0.5825450 0.4147630 0.6230196 0.6174438 0.6246528 0.6217128 0.6022627 0.4190119 0.7057453 0.6267261 0.6075934 0.4140445 8.9999982 0.8473349 0.8984966 
HoiH06_mRNA10366                                       0.3395704 0.4402162 0.2451149 0.3874575 0.3877954 0.4034385 0.3098302 0.1509572 0.2679920 0.2687715 0.5302571 0.2884857 0.2730629 0.4060876 0.3371790 0.1901030 0.5317517 0.4638967 0.4439073 0.4111133 0.3331306 0.2112586 0.4214894 0.2407551 0.5013670 0.5140666 0.6924038 0.3217898 0.3771210 0.0412624 0.0000000 0.0123801 0.0040211 0.0030045 0.4385773 0.4212680 0.4168443 0.4462924 0.4791270 0.4886348 0.4557782 0.5664610 0.5374278 0.3822258 0.5864370 0.5888907 0.5879435 0.5850761 0.5552426 0.3859663 0.6480193 0.5886849 0.5858768 0.3969478 8.9999981 0.7785273 0.8789049 
Hhon_g10617.t1                                         0.3325238 0.4322347 0.2451149 0.3908058 0.3911624 0.3953025 0.3027436 0.1509572 0.2616604 0.2687715 0.5343562 0.2817135 0.2665109 0.4052678 0.3350547 0.1901030 0.5197892 0.4742516 0.4540289 0.3943905 0.3336751 0.2112586 0.4283670 0.2407551 0.4929813 0.5052457 0.7068201 0.3151753 0.3814446 0.0350260 0.0123801 0.0000000 0.0040211 0.0092370 0.4466984 0.4247215 0.4233821 0.4528419 0.4875806 0.4861546 0.4733184 0.5923182 0.5622570 0.3899837 0.6131350 0.6067032 0.6147203 0.6118030 0.5801191 0.3938686 0.6789462 0.6157164 0.5928431 0.3899844 8.9999987 0.7561878 0.8878532 
HoiH11_mRNA7128                                        0.1690070 0.1782486 0.2304103 0.1713399 0.1713399 0.1705162 0.1649336 0.1479992 0.1742607 0.2388169 0.2609171 0.1568595 0.1563242 0.1633069 0.1790166 0.1848278 0.1668519 0.1837360 0.1760175 0.1661093 0.2078323 0.1920613 0.1827283 0.2334723 0.2091547 0.2108162 0.2455629 0.2255409 0.2397408 0.0206032 0.0040211 0.0040211 0.0000000 0.0040211 0.2430026 0.2515474 0.2634832 0.3043097 0.2969716 0.3231146 0.2171825 0.2302758 0.2302758 0.2411278 0.2411278 0.2302758 0.2421302 0.2421302 0.2302758 0.2351962 0.2302758 0.2358989 0.1571510 0.1574171 0.0000010 0.1699219 0.6154072 
HoiH23_PlH23_008841-RA                                 0.3395704 0.4484156 0.2451149 0.3937834 0.3941530 0.4100477 0.3098302 0.1509572 0.2679920 0.2687715 0.5302571 0.2884857 0.2730629 0.4170044 0.3371790 0.1901030 0.5346569 0.4691375 0.4491087 0.4067491 0.3331306 0.2112586 0.4281066 0.2407551 0.5066646 0.5194798 0.7013924 0.3217898 0.3771210 0.0379163 0.0030045 0.0092370 0.0040211 0.0000000 0.4415694 0.4212680 0.4168443 0.4462924 0.4791270 0.4886348 0.4576162 0.5693284 0.5403060 0.3822258 0.5893190 0.5917701 0.5908253 0.5879632 0.5580435 0.3859663 0.6570861 0.5915970 0.5858768 0.4041693 8.9999988 0.8004325 0.8789049 
Plajan_Pjan_C561562_01                                 0.2720161 0.4287919 0.1684659 0.3377048 0.3435220 0.3638538 0.2310130 0.1444568 0.1867932 0.0710386 0.2936328 0.2499411 0.2324914 0.3614691 0.2957356 0.1843010 0.4064387 0.3681350 0.3506862 0.3710248 0.2809171 0.1786300 0.3916891 0.1422711 0.4062205 0.4382604 0.5423989 0.2637171 0.2910353 0.4370658 0.4385773 0.4466984 0.2430026 0.4415694 0.0000000 0.3627794 0.3516630 0.3172969 0.3284440 0.3775368 0.4121117 0.4608402 0.4649354 0.2720354 0.4486027 0.4600531 0.4773867 0.4744944 0.4699093 0.2807010 0.5994544 0.4643256 0.4738192 0.3650335 4.7224910 0.6942810 0.6916839 
Emue_Em0004g1577a.t1                                   0.2847560 0.4009406 0.1536086 0.3335805 0.3287621 0.3491821 0.3729404 0.1646258 0.2796658 0.2080954 0.4113293 0.3085314 0.2907709 0.2951680 0.3082902 0.1377853 0.3763888 0.3207180 0.3101331 0.3402971 0.3191996 0.1351324 0.2946321 0.2311960 0.3755126 0.3711053 0.3397271 0.2533788 0.3099174 0.4340569 0.4212680 0.4247215 0.2515474 0.4212680 0.3627794 0.0000000 0.0377589 0.5025752 0.5392340 0.5045555 0.3916161 0.4106056 0.4207427 0.3754264 0.3955963 0.4201795 0.4197611 0.4165056 0.4118766 0.3992628 0.4471629 0.4355363 0.5653695 0.3402570 8.9999987 0.7409888 1.1258180 
Spolac_c97471_g1_i1_m.15102c97471-g1                   0.2876017 0.4104985 0.1527900 0.3411012 0.3383007 0.3541451 0.3602915 0.1598072 0.2701677 0.1977860 0.3942913 0.2816169 0.2781013 0.2725895 0.3103664 0.1479143 0.3619670 0.3186950 0.3011718 0.3353638 0.3065248 0.1393978 0.2839797 0.2287068 0.3573354 0.3450179 0.3500754 0.2724014 0.3141241 0.4313644 0.4168443 0.4233821 0.2634832 0.4168443 0.3516630 0.0377589 0.0000000 0.5069923 0.5186806 0.5153365 0.3865297 0.4306236 0.4200622 0.3954107 0.4153705 0.4402922 0.4499773 0.4466239 0.4385116 0.4237480 0.4681905 0.4440645 0.5961973 0.3570166 8.9999982 0.7715081 1.2428276 
Scil_scict026102.1                                     0.3697947 0.4363000 0.2231642 0.3621985 0.3496815 0.3790592 0.3920105 0.2323816 0.3584235 0.2132259 0.3437871 0.4174002 0.3726412 0.3922947 0.3657336 0.2025103 0.4329690 0.3989544 0.3786322 0.3572943 0.4248174 0.2140285 0.3377109 0.1663835 0.3409763 0.3825991 0.4063140 0.3817503 0.3653951 0.4578576 0.4462924 0.4528419 0.3043097 0.4462924 0.3172969 0.5025752 0.5069923 0.0000000 0.0858620 0.0673616 0.4201273 0.5037891 0.5037891 0.4992204 0.4992204 0.5040524 0.5269014 0.5269014 0.5097647 0.5095462 0.5009835 0.5155722 0.5549582 0.3914832 3.0136965 0.6446512 0.2947135 
Lcom_lcpid73520                                        0.4295813 0.4401616 0.1858601 0.3768660 0.3789740 0.3734143 0.3901821 0.2210189 0.3566024 0.1671204 0.3711834 0.4012394 0.3776419 0.3960538 0.3691897 0.1739966 0.4563795 0.4129246 0.3999724 0.4058451 0.4313608 0.2003232 0.3353025 0.1493143 0.3475980 0.3824773 0.4424289 0.4149271 0.3942413 0.4672060 0.4791270 0.4875806 0.2969716 0.4791270 0.3284440 0.5392340 0.5186806 0.0858620 0.0000000 0.1161793 0.4077449 0.5091905 0.5091905 0.5105170 0.5135456 0.5138885 0.5332256 0.5301616 0.5098264 0.5149783 0.5305924 0.5210031 0.6682582 0.4007652 6.5397065 0.9465271 0.3066626 
Gracom_Gcom_C551224_01                                 0.4240744 0.4976430 0.2423223 0.3956962 0.3820045 0.4106072 0.4358456 0.2551667 0.3834990 0.2520131 0.3883176 0.4547213 0.4052028 0.4108209 0.3659636 0.2139237 0.5151030 0.4390083 0.4335370 0.4323084 0.4775802 0.2279785 0.3576187 0.1701833 0.3812892 0.4190585 0.4460437 0.3957793 0.3855096 0.4800380 0.4886348 0.4861546 0.3231146 0.4886348 0.3775368 0.5045555 0.5153365 0.0673616 0.1161793 0.0000000 0.4730982 0.5297294 0.5297294 0.5159326 0.5198940 0.5252004 0.5544880 0.5505505 0.5292738 0.5253353 0.5555670 0.5423924 0.6496749 0.4417797 4.3899311 0.7335887 0.2123365 
Morvir_scaffold51.g71.t1                               0.2790223 0.3729513 0.3074065 0.3529380 0.3418063 0.3191812 0.2663193 0.1325760 0.2064983 0.3602631 0.5043660 0.2280508 0.2247006 0.4564098 0.2637151 0.1287664 0.2889946 0.1863560 0.1820938 0.1696841 0.2886464 0.1924543 0.3898385 0.2338546 0.3692809 0.4061866 0.6491634 0.2896107 0.3159486 0.5014812 0.4557782 0.4733184 0.2171825 0.4576162 0.4121117 0.3916161 0.3865297 0.4201273 0.4077449 0.4730982 0.0000000 0.6080745 0.6095680 0.3215676 0.6057417 0.5844306 0.6213654 0.6185279 0.6093298 0.3340730 0.6162807 0.6101129 0.4399506 0.3313503 2.7250956 0.6168294 0.9049744 
Mlei_ML3422.g3.i1                                      0.3265680 0.6358625 0.2371171 0.5361819 0.5325015 0.5366272 0.3212356 0.1795725 0.2742841 0.3473023 0.6241591 0.3457619 0.3069208 0.5528725 0.4124676 0.2514423 0.5585200 0.5434013 0.5167365 0.5479324 0.3767653 0.2344554 0.4848720 0.2070660 0.5862054 0.5981193 0.7128155 0.3505485 0.4123617 0.5996418 0.5664610 0.5923182 0.2302758 0.5693284 0.4608402 0.4106056 0.4306236 0.5037891 0.5091905 0.5297294 0.6080745 0.0000000 0.0128573 0.0236145 0.0456733 0.0451488 0.0520471 0.0524401 0.0552924 0.0307892 0.1636340 0.0429044 0.1123734 0.5261595 8.9999982 1.5279481 0.9321824 
Bolinf_Binf_sb1265420                                  0.3249629 0.6519157 0.2371171 0.5470473 0.5433679 0.5477074 0.3200573 0.1795725 0.2742841 0.3473023 0.6226382 0.3444783 0.3058745 0.5762927 0.4085507 0.2514423 0.5558872 0.5456096 0.5186363 0.5501697 0.3729488 0.2344554 0.4698917 0.2070660 0.5939421 0.6056094 0.6931233 0.3505485 0.4105996 0.5825450 0.5374278 0.5622570 0.2302758 0.5403060 0.4649354 0.4207427 0.4200622 0.5037891 0.5091905 0.5297294 0.6095680 0.0128573 0.0000000 0.0236145 0.0484917 0.0458876 0.0580700 0.0585203 0.0495210 0.0307892 0.1531411 0.0398872 0.1087925 0.5379425 8.9999986 1.5029838 0.9321824 
Pbac_sb2664081                                         0.2669803 0.2841647 0.2427550 0.2657342 0.2604606 0.2658652 0.2718815 0.1815602 0.2795870 0.3219992 0.3664026 0.2966454 0.2645212 0.2869590 0.2603064 0.2514423 0.3272431 0.2895870 0.2683792 0.2855103 0.3446560 0.2370839 0.2605413 0.2179369 0.3269243 0.3148181 0.4089264 0.3641643 0.3829054 0.4147630 0.3822258 0.3899837 0.2411278 0.3822258 0.2720354 0.3754264 0.3954107 0.4992204 0.5105170 0.5159326 0.3215676 0.0236145 0.0236145 0.0000000 0.0000010 0.0269757 0.0307547 0.0307547 0.0275703 0.0527146 0.0277649 0.0308835 0.0612944 0.2361654 2.2492464 0.4283230 0.9502716 
Horcal_Hcv1.av93.c1.g158.i1                            0.3181221 0.6615192 0.2427550 0.5452484 0.5416063 0.5613969 0.3258262 0.1815602 0.2795870 0.3219992 0.6261017 0.3470838 0.3029480 0.5220095 0.4121036 0.2514423 0.5859637 0.5638388 0.5267500 0.5562437 0.3733151 0.2370839 0.4976460 0.2179369 0.5787790 0.5890964 0.7421185 0.3641643 0.4198432 0.6230196 0.5864370 0.6131350 0.2411278 0.5893190 0.4486027 0.3955963 0.4153705 0.4992204 0.5135456 0.5198940 0.6057417 0.0456733 0.0484917 0.0000010 0.0000000 0.0486904 0.0513545 0.0517363 0.0581417 0.0527146 0.1853514 0.0624343 0.1481359 0.5391883 8.9999986 1.5145657 0.9570893 
Beraby_Baby_sb336829                                   0.3180521 0.6489519 0.2371171 0.5410966 0.5374517 0.5276708 0.3199399 0.1815602 0.2794970 0.3473023 0.6286620 0.3340940 0.2971883 0.5411598 0.4110148 0.2514423 0.5274270 0.5188765 0.4935992 0.5416718 0.3720066 0.2370839 0.4660756 0.2070660 0.6065676 0.6094103 0.7234080 0.3780344 0.4319538 0.6174438 0.5888907 0.6067032 0.2302758 0.5917701 0.4600531 0.4201795 0.4402922 0.5040524 0.5138885 0.5252004 0.5844306 0.0451488 0.0458876 0.0269757 0.0486904 0.0000000 0.0676186 0.0681449 0.0565142 0.0381276 0.1651721 0.0621017 0.1456708 0.5366023 8.9999985 1.4500895 0.9418271 
Coeast_Cast_sb790001                                   0.3373547 0.6708893 0.2625459 0.5594735 0.5557383 0.5603903 0.3310782 0.1824717 0.2975531 0.3504592 0.6578802 0.3618722 0.3226797 0.5618738 0.4279362 0.2527693 0.6069410 0.5837087 0.5588367 0.5832662 0.3944881 0.2381234 0.5047251 0.2189537 0.6047628 0.6337680 0.7398189 0.3753527 0.4394221 0.6246528 0.5879435 0.6147203 0.2421302 0.5908253 0.4773867 0.4197611 0.4499773 0.5269014 0.5332256 0.5544880 0.6213654 0.0520471 0.0580700 0.0307547 0.0513545 0.0676186 0.0000000 0.0000010 0.0436883 0.0493039 0.2007123 0.0651517 0.1404511 0.5426760 8.9999984 1.5092204 0.9988590 
Coemet_Cmet_scaffold4310_01                            0.3277413 0.6672151 0.2625459 0.5566438 0.5528912 0.5575094 0.3257777 0.1824717 0.2975531 0.3504592 0.6584811 0.3492714 0.3226797 0.5618738 0.4279362 0.2527693 0.6040262 0.5809313 0.5560955 0.5805311 0.3964882 0.2381234 0.5047251 0.2189537 0.6019134 0.6308157 0.7185904 0.3753527 0.4394221 0.6217128 0.5850761 0.6118030 0.2421302 0.5879632 0.4744944 0.4165056 0.4466239 0.5269014 0.5301616 0.5505505 0.6185279 0.0524401 0.0585203 0.0307547 0.0517363 0.0681449 0.0000010 0.0000000 0.0440225 0.0493039 0.1865625 0.0656711 0.1208358 0.5395587 8.9999990 1.5019217 0.9918359 
Vmul_sbMO453408                                        0.3295072 0.6388928 0.2371171 0.5347998 0.5320380 0.5229809 0.3208317 0.1815602 0.2815842 0.3473023 0.6516761 0.3466565 0.3068020 0.5567427 0.4082463 0.2514423 0.5716944 0.5801902 0.5550927 0.5692010 0.3700023 0.2370839 0.4811201 0.2070660 0.6340194 0.6495156 0.6926356 0.3610861 0.4224130 0.6022627 0.5552426 0.5801191 0.2302758 0.5580435 0.4699093 0.4118766 0.4385116 0.5097647 0.5098264 0.5292738 0.6093298 0.0552924 0.0495210 0.0275703 0.0581417 0.0565142 0.0436883 0.0440225 0.0000000 0.0453524 0.1684293 0.0664058 0.1592665 0.5282908 8.9999985 1.4579728 0.9262135 
Eupdun_Edun_sb10654977                                 0.2840948 0.3022402 0.2186584 0.2828725 0.2772630 0.2693004 0.2746644 0.1821988 0.2943883 0.3937473 0.3828129 0.3018420 0.2794148 0.2867003 0.2846235 0.2418484 0.3148058 0.3043085 0.2893989 0.3065329 0.3632432 0.2300457 0.2777731 0.1970858 0.3649880 0.3424532 0.4106609 0.3721513 0.3973762 0.4190119 0.3859663 0.3938686 0.2351962 0.3859663 0.2807010 0.3992628 0.4237480 0.5095462 0.5149783 0.5253353 0.3340730 0.0307892 0.0307892 0.0527146 0.0527146 0.0381276 0.0493039 0.0493039 0.0453524 0.0000000 0.0308703 0.0306388 0.0379013 0.2502362 2.9185088 0.4804792 0.9112862 
Mertsp_Mesp_sb577526                                   0.3396345 0.6536079 0.2371171 0.5312721 0.5262882 0.5342575 0.3055111 0.1795725 0.2822110 0.3473023 0.7315471 0.3839727 0.3034135 0.6529116 0.4473541 0.2514423 0.6060368 0.5394960 0.5062327 0.5586759 0.3999740 0.2344554 0.4758073 0.2070660 0.6480947 0.6730983 0.7584238 0.3548342 0.4002835 0.7057453 0.6480193 0.6789462 0.2302758 0.6570861 0.5994544 0.4471629 0.4681905 0.5009835 0.5305924 0.5555670 0.6162807 0.1636340 0.1531411 0.0277649 0.1853514 0.1651721 0.2007123 0.1865625 0.1684293 0.0308703 0.0000000 0.1901565 0.1395192 0.5386741 8.9999984 2.0365589 0.9862382 
Drygla_Dgla_sb278693                                   0.3296450 0.6678942 0.2498962 0.5575792 0.5538706 0.5570723 0.3149361 0.1836174 0.2803293 0.3937473 0.6248615 0.3453717 0.3067543 0.5821679 0.4269127 0.2596457 0.5320983 0.5569030 0.5294615 0.5385668 0.3815500 0.2402971 0.4863501 0.2121553 0.6026196 0.6054176 0.7095030 0.3586413 0.4115446 0.6267261 0.5886849 0.6157164 0.2358989 0.5915970 0.4643256 0.4355363 0.4440645 0.5155722 0.5210031 0.5423924 0.6101129 0.0429044 0.0398872 0.0308835 0.0624343 0.0621017 0.0651517 0.0656711 0.0664058 0.0306388 0.1901565 0.0000000 0.1157730 0.5316830 8.9999987 1.3615281 0.8950515 
Lampan_Lpan_8102_01                                    0.4296312 0.5879646 0.2729125 0.4942747 0.4852378 0.4499258 0.3647156 0.1585699 0.3135101 0.0000010 0.6254779 0.4289978 0.3536514 0.4840981 0.4142837 0.0989378 0.4623646 0.4397230 0.4294058 0.5041647 0.5486669 0.1552893 0.3998365 0.1337428 0.5344658 0.5114656 0.7150601 0.3783749 0.4815681 0.6075934 0.5858768 0.5928431 0.1571510 0.5858768 0.4738192 0.5653695 0.5961973 0.5549582 0.6682582 0.6496749 0.4399506 0.1123734 0.1087925 0.0612944 0.1481359 0.1456708 0.1404511 0.1208358 0.1592665 0.0379013 0.1395192 0.1157730 0.0000000 0.3985388 8.9999983 1.0363344 0.6913511 
Amil_Amillepora11087-RA                                0.2006844 0.0000010 0.0120791 0.0498741 0.0460325 0.0348087 0.2148016 0.0919772 0.1708967 0.0960708 0.4509441 0.1770460 0.1878347 0.3392547 0.1023751 0.1341427 0.3548133 0.2828540 0.2802933 0.2818415 0.2033741 0.1214647 0.2886386 0.1527933 0.3628478 0.3603928 0.5921805 0.2657947 0.3278914 0.4140445 0.3969478 0.3899844 0.1574171 0.4041693 0.3650335 0.3402570 0.3570166 0.3914832 0.4007652 0.4417797 0.3313503 0.5261595 0.5379425 0.2361654 0.5391883 0.5366023 0.5426760 0.5395587 0.5282908 0.2502362 0.5386741 0.5316830 0.3985388 0.0000000 0.0910412 0.3543484 0.6512872 
Fspp_ffun1.m4.6094.m1                                  3.3861704 0.0910412 0.0000010 0.1138599 0.0956084 0.1637327 4.1173237 0.0000010 1.3856790 0.0000010 8.9999986 2.0264490 1.6069691 8.9999989 1.1529480 0.0000010 5.4990260 2.8097468 2.4965410 2.8047277 2.6488768 0.0000010 4.7385893 0.0000010 8.9999986 8.9999986 8.9999989 2.2319529 4.6598696 8.9999982 8.9999981 8.9999987 0.0000010 8.9999988 4.7224910 8.9999987 8.9999982 3.0136965 6.5397065 4.3899311 2.7250956 8.9999982 8.9999986 2.2492464 8.9999986 8.9999985 8.9999984 8.9999990 8.9999985 2.9185088 8.9999984 8.9999987 8.9999983 0.0910412 0.0000000 1.1801140 3.1268293 
Exapal_XM_021043153.2                                  0.4259840 0.4901868 0.0000010 0.3414513 0.3205931 0.3330721 0.3862580 0.0652024 0.2480210 0.0000010 1.0271900 0.2717597 0.2880257 0.8806766 0.1652337 0.0444045 0.7738191 0.7210634 0.7093180 0.5818283 0.3712862 0.2475915 0.6300131 0.1872536 0.8379737 0.9195072 1.2140724 0.3637344 0.5042050 0.8473349 0.7785273 0.7561878 0.1699219 0.8004325 0.6942810 0.7409888 0.7715081 0.6446512 0.9465271 0.7335887 0.6168294 1.5279481 1.5029838 0.4283230 1.5145657 1.4500895 1.5092204 1.5019217 1.4579728 0.4804792 2.0365589 1.3615281 1.0363344 0.3543484 1.1801140 0.0000000 0.7277373 
Leuniv_Lniv_scaffold20687_01                           0.9347820 1.3148437 8.9999987 0.7938905 0.7778746 0.8316959 1.0417615 0.6290257 0.9511731 8.9999985 0.8320971 0.8962112 0.8939772 0.8510130 0.7919033 0.6076355 0.9388080 0.8093638 0.8129859 0.7961034 1.0318284 0.5978705 0.8428094 0.5020148 0.8538133 0.8539301 1.1315157 0.9715018 0.9504012 0.8984966 0.8789049 0.8878532 0.6154072 0.8789049 0.6916839 1.1258180 1.2428276 0.2947135 0.3066626 0.2123365 0.9049744 0.9321824 0.9321824 0.9502716 0.9570893 0.9418271 0.9988590 0.9918359 0.9262135 0.9112862 0.9862382 0.8950515 0.6913511 0.6512872 3.1268293 0.7277373 0.0000000 
