47
Hsap_ENST00000434724                                0.0000000 0.7305326 0.8768059 0.8737901 0.7931397 1.0068976 1.0935598 0.5936187 0.9515452 0.9481018 0.8775893 0.9034897 0.6123504 1.0967292 0.8475862 1.1042459 0.6904910 2.0636143 1.1565558 0.6039240 0.8847838 0.8737036 0.8627309 0.8587626 0.8608405 0.8456352 0.8709504 0.8450175 1.0665188 0.8905898 0.7203282 0.9180094 0.9517703 0.9393906 1.2821767 0.8959000 0.7865987 0.8116508 0.9018205 0.8565866 1.1018731 1.2617910 0.8663785 1.3049132 1.1218999 1.5915255 2.6132770 
Cgig_XM_011445618.3                                 0.7305326 0.0000000 0.5027533 0.8883271 0.8387003 0.9155574 1.0096311 0.7958304 0.8879803 0.9002184 0.8094755 0.8414533 0.6852581 0.9853601 0.9738808 0.9651823 0.7594700 2.3941028 1.0249425 0.6199210 0.8525330 0.8423900 0.8753446 0.8386912 0.8211516 0.8666386 0.8318005 0.6703835 1.0433802 0.8775287 0.7002308 0.9080798 0.9075644 0.8426132 1.1338363 0.8394662 0.7638464 0.7973878 0.7183052 0.8717885 0.9500497 1.0762676 0.6690960 1.2788695 0.9973164 1.4012746 2.4440290 
Acagra_model.g4050.t1                               0.8768059 0.5027533 0.0000000 0.8110170 0.8734241 0.9771029 1.0847809 0.6884151 0.9173294 0.8951503 0.8599185 0.9538905 0.6515188 1.0936600 1.0179158 1.1600709 0.7752170 2.7589848 1.0914599 0.5940595 0.9091611 0.8947565 0.9241193 0.9072512 0.8771111 0.8772960 0.8934408 0.7193519 1.1617269 0.9279124 0.7270430 0.9116603 0.9291344 0.7862753 1.1773934 0.8870008 0.7267609 0.8414011 0.8274584 0.8749804 0.9673116 1.0882690 0.6296898 1.3383287 1.1294250 1.4861774 1.8604773 
Exapal_XM_021045705.2                               0.8737901 0.8883271 0.8110170 0.0000000 0.3558042 0.5527455 0.6124286 0.2956343 0.4510458 0.4603517 0.4719342 0.4290120 0.4746579 0.9421269 0.7320691 0.9068205 0.6548502 2.1458798 0.9857357 0.5342601 0.8683811 0.8566269 0.8152420 0.7934653 0.7957850 0.8159358 0.7695608 0.9775850 1.0104678 0.8655563 0.6968139 0.9535318 0.8811964 0.8492221 0.9993544 0.8477505 0.9328164 0.7603588 1.0047913 0.9641589 1.0720289 1.1416664 0.9251574 1.1895915 0.9662894 1.3475383 1.8667250 
Nvec_v1g85083                                       0.7931397 0.8387003 0.8734241 0.3558042 0.0000000 0.5199800 0.5739059 0.3019280 0.4406153 0.4396581 0.4178613 0.4207896 0.4760004 0.8262631 0.6882607 0.8552694 0.6322723 1.9392960 0.8754707 0.5399609 0.8238184 0.8114667 0.8027421 0.7751005 0.7856101 0.7974961 0.8065497 0.8599126 0.9520807 0.7826661 0.7012230 0.8548085 0.7866931 0.7915968 0.9785857 0.8189641 0.8212300 0.7474393 0.9226520 0.8225491 0.8819078 0.9803965 0.8220523 1.1084505 0.8748885 1.1962065 1.8234120 
Adig_XM_015919063.1                                 1.0068976 0.9155574 0.9771029 0.5527455 0.5199800 0.0000000 0.0452030 0.1471896 0.3536662 0.3415637 0.3409388 0.3934930 0.4058756 0.8611813 0.8278734 0.8373666 0.7205306 2.0411201 0.9346411 0.5957383 0.8124129 0.8107370 0.7996347 0.7945787 0.7964556 0.7982806 0.7920053 1.0783463 1.0256441 0.9331336 0.7583284 1.0206302 0.9959037 0.9073057 1.1867637 0.8902803 0.9360805 0.8499481 1.0580967 0.9781531 0.8557637 0.9530970 0.8659923 1.2727109 1.0159574 1.2599058 1.6614073 
Amil_Amillepora14486-RA                             1.0935598 1.0096311 1.0847809 0.6124286 0.5739059 0.0452030 0.0000000 0.1504857 0.3660312 0.3525720 0.3295226 0.3880067 0.6485362 0.9928521 0.9197058 1.0150053 0.8324282 2.1319373 1.0182979 0.6633026 0.9382685 0.9333733 0.9397529 0.9285747 0.9336210 0.9356324 0.9114797 1.1973189 1.1043740 1.0095607 0.8458111 1.0558023 1.0378955 0.9357167 1.2495917 1.0124586 1.0077654 0.9163827 1.1617538 1.1619957 0.9086455 0.9986607 1.0273638 1.3448569 1.1222686 1.3603296 1.8928514 
Gfas_gfas1.m1.7320.m1                               0.5936187 0.7958304 0.6884151 0.2956343 0.3019280 0.1471896 0.1504857 0.0000000 0.0990671 0.1200163 0.1436699 0.1435152 0.6723447 0.7192672 0.6305173 0.6755269 0.7794207 0.0000010 0.6089665 0.6390194 0.6032165 0.5835423 0.5426189 0.5426276 0.5398183 0.5405050 0.5562087 0.6191417 0.6884535 0.6135783 0.6634775 0.6610060 0.6305765 0.6705574 0.6059601 0.6424127 0.6448863 0.5512776 0.7682168 0.7464643 0.7033067 0.7120988 0.7055867 0.6121561 0.6374242 0.7174138 0.0000010 
Spis_XP_022783191_1                                 0.9515452 0.8879803 0.9173294 0.4510458 0.4406153 0.3536662 0.3660312 0.0990671 0.0000000 0.0626751 0.1938309 0.1850029 0.5205713 0.8833408 0.7438755 0.8350396 0.6839436 1.5056144 0.9983700 0.6476431 0.8390810 0.8281091 0.8555714 0.8162989 0.8030372 0.8016567 0.8161040 1.0123123 1.1002070 0.9010640 0.7423712 0.9965234 0.9212018 0.9303973 1.1071979 0.9369405 0.9604232 0.7530614 1.0442279 1.0423361 1.0464517 1.1384330 1.0457300 1.3252275 1.0148491 1.2051543 1.8644008 
Pocdam_XM_027180268.1                               0.9481018 0.9002184 0.8951503 0.4603517 0.4396581 0.3415637 0.3525720 0.1200163 0.0626751 0.0000000 0.2080141 0.2005745 0.5170752 0.8684836 0.7638199 0.8660280 0.7003985 1.5842838 1.0213039 0.6765009 0.8438701 0.8327289 0.8699883 0.8275708 0.8426982 0.8409228 0.8492656 1.0179662 1.1519944 0.9287198 0.7419882 1.0311852 0.9345803 0.9528588 1.1702421 0.9293460 0.9232578 0.7512040 1.0410733 1.0557027 1.0791338 1.1208071 1.0107048 1.3392423 1.0626984 1.2338954 2.0120578 
Fspp_ffun1.m4.5198.m1                               0.8775893 0.8094755 0.8599185 0.4719342 0.4178613 0.3409388 0.3295226 0.1436699 0.1938309 0.2080141 0.0000000 0.1543119 0.4521477 0.8288782 0.7715837 0.7690746 0.6541468 2.0241850 0.9988099 0.6036850 0.8042178 0.7937071 0.8255439 0.7917854 0.8035121 0.8093806 0.7941049 0.9248705 0.9858051 0.9193645 0.7429906 0.9499605 0.9583276 0.8927651 1.0921567 0.9012095 0.9151547 0.7476710 0.9082954 1.0085370 0.9962509 1.0555924 0.9720147 1.2752466 0.9749314 1.2010875 1.8300002 
Gasp_gasp1.m3.1835.m1                               0.9034897 0.8414533 0.9538905 0.4290120 0.4207896 0.3934930 0.3880067 0.1435152 0.1850029 0.2005745 0.1543119 0.0000000 0.4650260 0.8716790 0.7995638 0.8400242 0.6750455 1.8755202 0.9597183 0.6029323 0.8338973 0.8194675 0.8447341 0.8001643 0.8373529 0.8336386 0.8151690 0.9202674 1.0370325 0.9056972 0.7299356 0.9716331 0.9485495 0.9242597 1.1479454 0.9306970 0.8839744 0.7299786 0.9792873 1.0259408 1.0484053 1.1168498 0.9680726 1.3164609 0.9933235 1.2620385 1.9719436 
Aaur_scaffold314.g5.t1                              0.6123504 0.6852581 0.6515188 0.4746579 0.4760004 0.4058756 0.6485362 0.6723447 0.5205713 0.5170752 0.4521477 0.4650260 0.0000000 0.2326510 0.2716113 0.1683609 0.2177931 0.4143585 0.6955643 0.7979810 0.6305160 0.6305160 0.5843138 0.5874902 0.5708266 0.5747724 0.5803959 0.6022942 0.6737814 0.6810612 0.5913434 0.6281808 0.6921620 0.5983989 0.7401600 0.6575302 0.7130438 0.6846755 0.6558708 0.6394469 0.7904828 0.8171146 0.6751530 0.8321747 0.7696302 0.4391176 0.4579527 
Rhoesc_Res_013915-T1                                1.0967292 0.9853601 1.0936600 0.9421269 0.8262631 0.8611813 0.9928521 0.7192672 0.8833408 0.8684836 0.8288782 0.8716790 0.2326510 0.0000000 0.5837784 0.4841286 0.0816521 3.1427916 1.2841197 0.7743387 1.0113251 0.9959827 1.0677993 1.0491281 1.0271441 1.0688485 1.0562093 1.0991238 1.4627016 1.1131217 0.8754719 1.1729190 1.1834578 1.1138710 1.4224552 1.1358679 1.0744979 1.0264630 1.2327120 1.2482516 1.4155248 1.5026124 1.1164940 1.5540540 1.3493377 1.1676847 2.7722309 
Morvir_scaffold1.g221.t1                            0.8475862 0.9738808 1.0179158 0.7320691 0.6882607 0.8278734 0.9197058 0.6305173 0.7438755 0.7638199 0.7715837 0.7995638 0.2716113 0.5837784 0.0000000 0.4995692 0.3724095 1.5915349 1.0916726 0.8184652 0.9488725 0.9269439 0.9076880 0.9046473 0.8883097 0.8966486 0.9360714 0.9474399 1.1309519 0.9740673 0.7955885 1.0479858 0.9641065 1.0057532 1.1271810 1.0731190 1.0425895 1.0486010 1.0772348 1.0742875 1.2271224 1.3224982 1.1116078 1.1359986 1.0398508 0.9477898 1.8746066 
Sanmal_Sma_012853-T1                                1.1042459 0.9651823 1.1600709 0.9068205 0.8552694 0.8373666 1.0150053 0.6755269 0.8350396 0.8660280 0.7690746 0.8400242 0.1683609 0.4841286 0.4995692 0.0000000 0.2211438 2.3822028 1.2657220 0.7886796 1.0160837 1.0032262 1.0160991 0.9959209 0.9719531 0.9726684 0.9739986 1.1380974 1.3954698 1.0507591 0.8812818 1.0935826 1.1068394 1.1159628 1.2743009 1.1383600 1.1019373 0.9501245 1.1097244 1.1771404 1.3809170 1.4906587 1.1053657 1.4252210 1.2259450 0.9806581 2.4490217 
Nemnom_g10175.t1                                    0.6904910 0.7594700 0.7752170 0.6548502 0.6322723 0.7205306 0.8324282 0.7794207 0.6839436 0.7003985 0.6541468 0.6750455 0.2177931 0.0816521 0.3724095 0.2211438 0.0000000 0.0000010 0.9134020 0.7939987 0.8041647 0.7802636 0.7811584 0.7887688 0.7707957 0.7750877 0.7586988 0.7545848 0.9887732 0.8397758 0.8225228 0.7793995 0.8020646 0.8169332 0.8340438 0.8012834 0.8623426 0.8106819 0.9031550 0.9394310 0.9692742 0.9566758 0.8820534 0.8430858 0.8552191 0.5110483 0.0000010 
Ocar_g9432                                          2.0636143 2.3941028 2.7589848 2.1458798 1.9392960 2.0411201 2.1319373 0.0000010 1.5056144 1.5842838 2.0241850 1.8755202 0.4143585 3.1427916 1.5915349 2.3822028 0.0000010 0.0000000 0.2404826 0.0000010 2.7380170 2.7380170 2.0395405 1.8381373 1.9747320 1.9094531 1.8538354 1.7167738 1.5030611 2.7363282 3.0217699 2.7037632 1.9200836 1.4446840 2.0665332 2.0882165 2.3353457 2.1957931 2.4921869 2.3097681 1.4722160 2.0269430 2.5660100 1.5290256 1.4951005 2.9643432 2.0766309 
Opea_EP00118_Oscarella_pearsei_P025712              1.1565558 1.0249425 1.0914599 0.9857357 0.8754707 0.9346411 1.0182979 0.6089665 0.9983700 1.0213039 0.9988099 0.9597183 0.6955643 1.2841197 1.0916726 1.2657220 0.9134020 0.2404826 0.0000000 0.3857450 1.0007462 0.9851510 0.9499619 0.9447429 0.9446024 0.9418599 0.9069488 0.9504070 1.0766538 0.9736273 0.7910705 1.0275369 0.9623334 0.9760978 1.1471895 1.0262288 0.9315668 1.0379533 1.1100127 1.0737213 0.9631784 1.1863798 1.1546443 1.1202131 1.0535992 1.6617401 2.5519219 
Plajan_Pjan_scaffold5753_01                         0.6039240 0.6199210 0.5940595 0.5342601 0.5399609 0.5957383 0.6633026 0.6390194 0.6476431 0.6765009 0.6036850 0.6029323 0.7979810 0.7743387 0.8184652 0.7886796 0.7939987 0.0000010 0.3857450 0.0000000 0.6657149 0.6439421 0.6350408 0.6514367 0.6103320 0.6171493 0.6290730 0.5834762 0.5966444 0.7246509 0.7225745 0.6646379 0.7138454 0.6224084 0.5814867 0.6338634 0.6575822 0.7355231 0.7582004 0.7925310 0.6130563 0.5898333 0.7623199 0.5858740 0.6167289 0.9677776 0.0000010 
Tadh_TriadT53763                                    0.8847838 0.8525330 0.9091611 0.8683811 0.8238184 0.8124129 0.9382685 0.6032165 0.8390810 0.8438701 0.8042178 0.8338973 0.6305160 1.0113251 0.9488725 1.0160837 0.8041647 2.7380170 1.0007462 0.6657149 0.0000000 0.0081888 0.2317995 0.2199781 0.2104352 0.2266781 0.2134028 0.9631182 1.0189291 0.8920360 0.7482503 0.9310052 0.9639783 0.8326734 1.1413163 0.9209430 0.7941581 0.9014552 1.0265015 1.0598109 0.9649499 1.0722217 0.9744780 1.2514111 0.9953042 1.5315412 2.1353578 
TrH2_TrispH2_006244-RA                              0.8737036 0.8423900 0.8947565 0.8566269 0.8114667 0.8107370 0.9333733 0.5835423 0.8281091 0.8327289 0.7937071 0.8194675 0.6305160 0.9959827 0.9269439 1.0032262 0.7802636 2.7380170 0.9851510 0.6439421 0.0081888 0.0000000 0.2277371 0.2159964 0.2066392 0.2227339 0.2030288 0.9461521 1.0162753 0.8827980 0.7323893 0.9165016 0.9526592 0.8230998 1.1234104 0.9064180 0.7840593 0.8914097 1.0042393 1.0362236 0.9485728 1.0567427 0.9584532 1.2363432 0.9839826 1.5112999 2.1594619 
HoiH06_mRNA1572                                     0.8627309 0.8753446 0.9241193 0.8152420 0.8027421 0.7996347 0.9397529 0.5426189 0.8555714 0.8699883 0.8255439 0.8447341 0.5843138 1.0677993 0.9076880 1.0160991 0.7811584 2.0395405 0.9499619 0.6350408 0.2317995 0.2277371 0.0000000 0.0490753 0.1122252 0.1125788 0.1391860 0.9610647 0.9850129 0.8528985 0.7314673 0.8438784 0.9295433 0.8222045 1.1025444 0.9524270 0.8149663 0.9149531 1.0680183 1.0177526 0.8860839 1.0134589 0.9307168 1.1451215 0.9067410 1.4876505 2.1512625 
HoiH23_PlH23_001585-RA                              0.8587626 0.8386912 0.9072512 0.7934653 0.7751005 0.7945787 0.9285747 0.5426276 0.8162989 0.8275708 0.7917854 0.8001643 0.5874902 1.0491281 0.9046473 0.9959209 0.7887688 1.8381373 0.9447429 0.6514367 0.2199781 0.2159964 0.0490753 0.0000000 0.0935967 0.0985020 0.1261184 0.9400447 0.9773326 0.8495528 0.7267598 0.8610268 0.9202210 0.8106414 1.0568379 0.9220356 0.8102119 0.8917513 1.0477420 0.9920615 0.8693629 0.9986209 0.9665688 1.1239265 0.8970297 1.5138976 2.1903598 
Hhon_g04791.t1                                      0.8608405 0.8211516 0.8771111 0.7957850 0.7856101 0.7964556 0.9336210 0.5398183 0.8030372 0.8426982 0.8035121 0.8373529 0.5708266 1.0271441 0.8883097 0.9719531 0.7707957 1.9747320 0.9446024 0.6103320 0.2104352 0.2066392 0.1122252 0.0935967 0.0000000 0.0101231 0.1490223 0.9445689 0.9860896 0.8602709 0.7418584 0.8919574 0.9582822 0.7884221 1.0366471 0.8933801 0.8093714 0.8486559 1.0836655 0.9956209 0.8867394 1.0337507 0.9478736 1.1293601 0.9247282 1.4548508 2.2579546 
HoiH04_mRNA7677                                     0.8456352 0.8666386 0.8772960 0.8159358 0.7974961 0.7982806 0.9356324 0.5405050 0.8016567 0.8409228 0.8093806 0.8336386 0.5747724 1.0688485 0.8966486 0.9726684 0.7750877 1.9094531 0.9418599 0.6171493 0.2266781 0.2227339 0.1125788 0.0985020 0.0101231 0.0000000 0.1546649 1.0094605 1.0687987 0.8643920 0.7377860 0.9205906 0.9620790 0.8020599 1.0992373 0.8907276 0.8491160 0.8920605 1.1498217 1.0414855 0.9373526 1.1033168 0.9763068 1.1932570 0.9763528 1.5138162 2.4464219 
HoiH11_mRNA8529                                     0.8709504 0.8318005 0.8934408 0.7695608 0.8065497 0.7920053 0.9114797 0.5562087 0.8161040 0.8492656 0.7941049 0.8151690 0.5803959 1.0562093 0.9360714 0.9739986 0.7586988 1.8538354 0.9069488 0.6290730 0.2134028 0.2030288 0.1391860 0.1261184 0.1490223 0.1546649 0.0000000 0.9221044 0.9498964 0.8284170 0.6940768 0.8889483 0.9295593 0.7772683 1.0384785 0.8874272 0.8056583 0.8763380 1.0232059 1.0199020 0.8869045 1.0033167 0.9412944 1.0955998 0.9196607 1.4725981 2.2441483 
Cscu_XM_023371798.1                                 0.8450175 0.6703835 0.7193519 0.9775850 0.8599126 1.0783463 1.1973189 0.6191417 1.0123123 1.0179662 0.9248705 0.9202674 0.6022942 1.0991238 0.9474399 1.1380974 0.7545848 1.7167738 0.9504070 0.5834762 0.9631182 0.9461521 0.9610647 0.9400447 0.9445689 1.0094605 0.9221044 0.0000000 1.1194990 0.9269989 0.6483523 0.9650429 0.9632207 0.8638151 1.1601893 0.8443512 0.8948684 0.9419971 0.6074209 0.6477814 0.9507616 1.1264276 0.8689593 1.1832959 1.1463511 1.6307148 2.1508125 
Tetwil_g7370.t2                                     1.0665188 1.0433802 1.1617269 1.0104678 0.9520807 1.0256441 1.1043740 0.6884535 1.1002070 1.1519944 0.9858051 1.0370325 0.6737814 1.4627016 1.1309519 1.3954698 0.9887732 1.5030611 1.0766538 0.5966444 1.0189291 1.0162753 0.9850129 0.9773326 0.9860896 1.0687987 0.9498964 1.1194990 0.0000000 0.9901583 0.8175858 1.0682221 1.1251986 0.9258555 0.8814601 1.0080996 1.2323467 1.0963398 1.1734932 1.1755818 0.7620488 0.7872304 1.1154472 0.9820003 0.6972911 1.7593779 1.8035356 
Scil_scict025129.1                                  0.8905898 0.8775287 0.9279124 0.8655563 0.7826661 0.9331336 1.0095607 0.6135783 0.9010640 0.9287198 0.9193645 0.9056972 0.6810612 1.1131217 0.9740673 1.0507591 0.8397758 2.7363282 0.9736273 0.7246509 0.8920360 0.8827980 0.8528985 0.8495528 0.8602709 0.8643920 0.8284170 0.9269989 0.9901583 0.0000000 0.2021375 0.2845144 0.2769495 0.5043747 1.0178874 0.9012385 0.9680443 0.8242039 0.9441425 1.0302567 1.0393602 1.1240309 0.9486746 1.0308190 0.9977660 1.4455446 2.1594005 
Leuniv_Lniv_scaffold17070_01                        0.7203282 0.7002308 0.7270430 0.6968139 0.7012230 0.7583284 0.8458111 0.6634775 0.7423712 0.7419882 0.7429906 0.7299356 0.5913434 0.8754719 0.7955885 0.8812818 0.8225228 3.0217699 0.7910705 0.7225745 0.7482503 0.7323893 0.7314673 0.7267598 0.7418584 0.7377860 0.6940768 0.6483523 0.8175858 0.2021375 0.0000000 0.1942708 0.2153991 0.3528349 0.7383771 0.7354739 0.7624071 0.7585802 0.7766455 0.8655384 0.8421195 0.8235386 0.7570598 0.7446309 0.8054566 1.0175633 1.5450275 
Lcom_lcpid74308                                     0.9180094 0.9080798 0.9116603 0.9535318 0.8548085 1.0206302 1.0558023 0.6610060 0.9965234 1.0311852 0.9499605 0.9716331 0.6281808 1.1729190 1.0479858 1.0935826 0.7793995 2.7037632 1.0275369 0.6646379 0.9310052 0.9165016 0.8438784 0.8610268 0.8919574 0.9205906 0.8889483 0.9650429 1.0682221 0.2845144 0.1942708 0.0000000 0.3340206 0.5894593 1.0663334 0.9685857 0.9509853 0.9295857 1.0130916 1.1074870 1.0515680 1.1368012 0.9420212 1.1967022 1.0589784 1.4875805 3.2940819 
Gracom_Gcom_C557396_01                              0.9517703 0.9075644 0.9291344 0.8811964 0.7866931 0.9959037 1.0378955 0.6305765 0.9212018 0.9345803 0.9583276 0.9485495 0.6921620 1.1834578 0.9641065 1.1068394 0.8020646 1.9200836 0.9623334 0.7138454 0.9639783 0.9526592 0.9295433 0.9202210 0.9582822 0.9620790 0.9295593 0.9632207 1.1251986 0.2769495 0.2153991 0.3340206 0.0000000 0.5188826 1.0946049 0.9691792 1.0185822 0.9265875 1.1345783 1.0899651 1.0965717 1.2273229 1.0164666 1.1726153 1.0983750 1.3771173 2.9979559 
Clacor_Ccor_scaffold4080_01                         0.9393906 0.8426132 0.7862753 0.8492221 0.7915968 0.9073057 0.9357167 0.6705574 0.9303973 0.9528588 0.8927651 0.9242597 0.5983989 1.1138710 1.0057532 1.1159628 0.8169332 1.4446840 0.9760978 0.6224084 0.8326734 0.8230998 0.8222045 0.8106414 0.7884221 0.8020599 0.7772683 0.8638151 0.9258555 0.5043747 0.3528349 0.5894593 0.5188826 0.0000000 0.7955046 0.8538717 0.9064113 0.8232162 0.9739607 0.9492357 0.9967633 0.9673009 0.8304297 0.9164121 0.9198034 1.2345894 1.6721654 
Aque_Aqu2.1.28078_001                               1.2821767 1.1338363 1.1773934 0.9993544 0.9785857 1.1867637 1.2495917 0.6059601 1.1071979 1.1702421 1.0921567 1.1479454 0.7401600 1.4224552 1.1271810 1.2743009 0.8340438 2.0665332 1.1471895 0.5814867 1.1413163 1.1234104 1.1025444 1.0568379 1.0366471 1.0992373 1.0384785 1.1601893 0.8814601 1.0178874 0.7383771 1.0663334 1.0946049 0.7955046 0.0000000 1.0578607 1.1958475 1.1379506 1.2491825 1.0901972 0.7755946 0.8496128 1.1751796 0.5737938 0.9666819 1.7900242 2.0220538 
Skow_XM_002741914.2                                 0.8959000 0.8394662 0.8870008 0.8477505 0.8189641 0.8902803 1.0124586 0.6424127 0.9369405 0.9293460 0.9012095 0.9306970 0.6575302 1.1358679 1.0731190 1.1383600 0.8012834 2.0882165 1.0262288 0.6338634 0.9209430 0.9064180 0.9524270 0.9220356 0.8933801 0.8907276 0.8874272 0.8443512 1.0080996 0.9012385 0.7354739 0.9685857 0.9691792 0.8538717 1.0578607 0.0000000 0.8248340 0.6282783 0.8715182 0.8977587 0.8680803 1.0248376 0.8251595 1.2730627 0.9872331 1.5809741 2.7563268 
Bralan_BLAG09000554_3                               0.7865987 0.7638464 0.7267609 0.9328164 0.8212300 0.9360805 1.0077654 0.6448863 0.9604232 0.9232578 0.9151547 0.8839744 0.7130438 1.0744979 1.0425895 1.1019373 0.8623426 2.3353457 0.9315668 0.6575822 0.7941581 0.7840593 0.8149663 0.8102119 0.8093714 0.8491160 0.8056583 0.8948684 1.2323467 0.9680443 0.7624071 0.9509853 1.0185822 0.9064113 1.1958475 0.8248340 0.0000000 0.8291468 1.0072338 0.9264682 1.1198350 1.2413913 0.8590478 1.3130869 1.1199344 1.6437493 2.7771869 
Spur_XM_030984226.1                                 0.8116508 0.7973878 0.8414011 0.7603588 0.7474393 0.8499481 0.9163827 0.5512776 0.7530614 0.7512040 0.7476710 0.7299786 0.6846755 1.0264630 1.0486010 0.9501245 0.8106819 2.1957931 1.0379533 0.7355231 0.9014552 0.8914097 0.9149531 0.8917513 0.8486559 0.8920605 0.8763380 0.9419971 1.0963398 0.8242039 0.7585802 0.9295857 0.9265875 0.8232162 1.1379506 0.6282783 0.8291468 0.0000000 0.9313655 0.9103126 1.0131755 1.1468219 0.9472549 1.2453345 0.9624892 1.5128003 2.8230212 
Tcas_TC006729_001                                   0.9018205 0.7183052 0.8274584 1.0047913 0.9226520 1.0580967 1.1617538 0.7682168 1.0442279 1.0410733 0.9082954 0.9792873 0.6558708 1.2327120 1.0772348 1.1097244 0.9031550 2.4921869 1.1100127 0.7582004 1.0265015 1.0042393 1.0680183 1.0477420 1.0836655 1.1498217 1.0232059 0.6074209 1.1734932 0.9441425 0.7766455 1.0130916 1.1345783 0.9739607 1.2491825 0.8715182 1.0072338 0.9313655 0.0000000 0.6007608 1.0480698 1.1517831 0.9361828 1.4048417 1.1763891 1.6285564 2.2463421 
Dpul_mRNA4900                                       0.8565866 0.8717885 0.8749804 0.9641589 0.8225491 0.9781531 1.1619957 0.7464643 1.0423361 1.0557027 1.0085370 1.0259408 0.6394469 1.2482516 1.0742875 1.1771404 0.9394310 2.3097681 1.0737213 0.7925310 1.0598109 1.0362236 1.0177526 0.9920615 0.9956209 1.0414855 1.0199020 0.6477814 1.1755818 1.0302567 0.8655384 1.1074870 1.0899651 0.9492357 1.0901972 0.8977587 0.9264682 0.9103126 0.6007608 0.0000000 1.1899696 1.2615770 0.8934580 1.3112399 1.1189953 1.5113862 2.1269411 
Emue_Em0020g863a.t1                                 1.1018731 0.9500497 0.9673116 1.0720289 0.8819078 0.8557637 0.9086455 0.7033067 1.0464517 1.0791338 0.9962509 1.0484053 0.7904828 1.4155248 1.2271224 1.3809170 0.9692742 1.4722160 0.9631784 0.6130563 0.9649499 0.9485728 0.8860839 0.8693629 0.8867394 0.9373526 0.8869045 0.9507616 0.7620488 1.0393602 0.8421195 1.0515680 1.0965717 0.9967633 0.7755946 0.8680803 1.1198350 1.0131755 1.0480698 1.1899696 0.0000000 0.1486905 0.9100880 0.8235267 0.7935419 1.5554751 2.0575699 
Spolac_c104268_g1_i2_m.39298c104268-g1              1.2617910 1.0762676 1.0882690 1.1416664 0.9803965 0.9530970 0.9986607 0.7120988 1.1384330 1.1208071 1.0555924 1.1168498 0.8171146 1.5026124 1.3224982 1.4906587 0.9566758 2.0269430 1.1863798 0.5898333 1.0722217 1.0567427 1.0134589 0.9986209 1.0337507 1.1033168 1.0033167 1.1264276 0.7872304 1.1240309 0.8235386 1.1368012 1.2273229 0.9673009 0.8496128 1.0248376 1.2413913 1.1468219 1.1517831 1.2615770 0.1486905 0.0000000 1.0370379 1.0830996 0.8864788 1.8539529 1.9643857 
Ctel_gnl_WGS_AMQN_CAPTEDRAFT_mRNA162785             0.8663785 0.6690960 0.6296898 0.9251574 0.8220523 0.8659923 1.0273638 0.7055867 1.0457300 1.0107048 0.9720147 0.9680726 0.6751530 1.1164940 1.1116078 1.1053657 0.8820534 2.5660100 1.1546443 0.7623199 0.9744780 0.9584532 0.9307168 0.9665688 0.9478736 0.9763068 0.9412944 0.8689593 1.1154472 0.9486746 0.7570598 0.9420212 1.0164666 0.8304297 1.1751796 0.8251595 0.8590478 0.9472549 0.9361828 0.8934580 0.9100880 1.0370379 0.0000000 1.2494641 1.0953791 1.4044777 2.2945688 
Halamb_c39838_g1_i1m.12119                          1.3049132 1.2788695 1.3383287 1.1895915 1.1084505 1.2727109 1.3448569 0.6121561 1.3252275 1.3392423 1.2752466 1.3164609 0.8321747 1.5540540 1.1359986 1.4252210 0.8430858 1.5290256 1.1202131 0.5858740 1.2514111 1.2363432 1.1451215 1.1239265 1.1293601 1.1932570 1.0955998 1.1832959 0.9820003 1.0308190 0.7446309 1.1967022 1.1726153 0.9164121 0.5737938 1.2730627 1.3130869 1.2453345 1.4048417 1.3112399 0.8235267 1.0830996 1.2494641 0.0000000 1.0374607 1.8514202 2.2069229 
Plespi_Pspi_C614000_01                              1.1218999 0.9973164 1.1294250 0.9662894 0.8748885 1.0159574 1.1222686 0.6374242 1.0148491 1.0626984 0.9749314 0.9933235 0.7696302 1.3493377 1.0398508 1.2259450 0.8552191 1.4951005 1.0535992 0.6167289 0.9953042 0.9839826 0.9067410 0.8970297 0.9247282 0.9763528 0.9196607 1.1463511 0.6972911 0.9977660 0.8054566 1.0589784 1.0983750 0.9198034 0.9666819 0.9872331 1.1199344 0.9624892 1.1763891 1.1189953 0.7935419 0.8864788 1.0953791 1.0374607 0.0000000 1.7138726 1.6454080 
Hvul_g31464_1                                       1.5915255 1.4012746 1.4861774 1.3475383 1.1962065 1.2599058 1.3603296 0.7174138 1.2051543 1.2338954 1.2010875 1.2620385 0.4391176 1.1676847 0.9477898 0.9806581 0.5110483 2.9643432 1.6617401 0.9677776 1.5315412 1.5112999 1.4876505 1.5138976 1.4548508 1.5138162 1.4725981 1.6307148 1.7593779 1.4455446 1.0175633 1.4875805 1.3771173 1.2345894 1.7900242 1.5809741 1.6437493 1.5128003 1.6285564 1.5113862 1.5554751 1.8539529 1.4044777 1.8514202 1.7138726 0.0000000 2.7063067 
Stycar_maker-SC_scaffold104138-snap-gene-0.6-mRNA-1 2.6132770 2.4440290 1.8604773 1.8667250 1.8234120 1.6614073 1.8928514 0.0000010 1.8644008 2.0120578 1.8300002 1.9719436 0.4579527 2.7722309 1.8746066 2.4490217 0.0000010 2.0766309 2.5519219 0.0000010 2.1353578 2.1594619 2.1512625 2.1903598 2.2579546 2.4464219 2.2441483 2.1508125 1.8035356 2.1594005 1.5450275 3.2940819 2.9979559 1.6721654 2.0220538 2.7563268 2.7771869 2.8230212 2.2463421 2.1269411 2.0575699 1.9643857 2.2945688 2.2069229 1.6454080 2.7063067 0.0000000 
