53
Hsap_ENST00000286788                               0.0000000 0.5020636 0.4972889 0.5426623 0.5638268 0.5097875 0.4948690 0.6578403 0.5900995 0.5948621 0.5774306 0.5614787 0.5628202 0.5270775 0.5514045 0.5497071 0.5250794 0.6863325 0.5968942 0.6155386 0.6281730 0.6517066 0.6396884 0.6753564 0.6546213 0.6784501 0.6868094 0.6669616 0.6460531 0.6357878 0.7088581 0.6785699 0.6967202 0.6845042 0.6432366 0.7004508 0.7771059 0.7095394 0.7076164 0.6622183 0.7860172 0.8153651 0.8153651 0.7869085 0.7875733 0.7733234 0.8076918 0.8577331 0.8686149 0.8280884 0.7908166 0.7970490 0.9428959 
Cscu_XM_023386222.1                                0.5020636 0.0000000 0.5429904 0.6180265 0.6300884 0.5874479 0.5942149 0.7127308 0.6745524 0.6476993 0.5510950 0.6333094 0.6259949 0.5817425 0.5885613 0.5834200 0.5743508 0.7716222 0.6296763 0.6653571 0.6608658 0.7113117 0.7146968 0.6956967 0.7820638 0.7309289 0.6975263 0.5069715 0.6982609 0.6858866 0.7594548 0.7372587 0.7197646 0.7184933 0.6934655 0.8512624 0.8666966 0.8041447 0.8702728 0.7401778 0.9102690 0.9267589 0.9267589 0.8628965 0.8802939 0.8435616 0.9100567 0.9146299 0.9207491 0.9024940 0.9201592 0.9258696 1.0157550 
Bralan_BLAG01102803_1                              0.4972889 0.5429904 0.0000000 0.6313975 0.6323535 0.5446009 0.6090053 0.6525988 0.6669104 0.7003687 0.5784629 0.5836886 0.5927689 0.5651585 0.6274196 0.6121318 0.5784069 0.7463289 0.6219520 0.6827721 0.6508845 0.6328846 0.6190030 0.6528877 0.6861701 0.7184436 0.7421718 0.7268827 0.7429360 0.7353386 0.7754219 0.7433993 0.7574487 0.7557115 0.7388565 0.8046022 0.8485586 0.8276597 0.7829536 0.6865603 0.7879866 0.8090527 0.8090527 0.8028423 0.8184972 0.7861713 0.8282901 0.8553036 0.8662406 0.8329906 0.8206441 0.8265740 0.8525736 
Emue_Em0023g499a.t1                                0.5426623 0.6180265 0.6313975 0.0000000 0.0953384 0.3893838 0.3332303 0.6227744 0.6019586 0.6106510 0.6910118 0.5910569 0.5928600 0.5667451 0.5803629 0.5604130 0.5461072 0.7819100 0.6189302 0.6366805 0.6680320 0.7001406 0.7007350 0.6607228 0.7701557 0.5606596 0.5440568 0.7387598 0.6654461 0.6547204 0.7060784 0.6987896 0.6864605 0.6766206 0.6611491 0.7727324 0.7949053 0.7276893 0.7396322 0.5459968 0.8079701 0.8549680 0.8549680 0.7966201 0.8172676 0.7954679 0.8487290 0.9075005 0.9091883 0.8454784 0.8414656 0.8515511 0.8163572 
Spolac_c98583_g1_i1_m.17558c98583-g1               0.5638268 0.6300884 0.6323535 0.0953384 0.0000000 0.3925723 0.3395536 0.5708076 0.6488606 0.6015489 0.6820708 0.6088123 0.6103861 0.5828601 0.5993144 0.5839044 0.5643594 0.8026480 0.6306867 0.6688171 0.6900536 0.6937573 0.6961452 0.6709517 0.7607112 0.6070472 0.5618536 0.7663018 0.6766855 0.6670513 0.7230682 0.7077854 0.6890889 0.6954651 0.6818716 0.7804361 0.8055273 0.7530144 0.7611752 0.5299339 0.8634369 0.8990941 0.8990941 0.8569802 0.8809720 0.8554343 0.8709515 0.9187788 0.9156779 0.9146865 0.9170750 0.9263670 0.9052917 
Tetwil_g23517.t1                                   0.5097875 0.5874479 0.5446009 0.3893838 0.3925723 0.0000000 0.2505822 0.5417888 0.5709129 0.5790864 0.5799169 0.5371014 0.5384460 0.4980482 0.5269342 0.5155781 0.5141188 0.6993423 0.6155253 0.6673106 0.6458258 0.6450161 0.6321166 0.6131112 0.6868456 0.5495847 0.5317808 0.7414506 0.6176892 0.6092281 0.6748233 0.6393513 0.6225393 0.6374556 0.6012588 0.7193280 0.7716628 0.6871009 0.6784369 0.5171188 0.7969983 0.8180028 0.8180028 0.7731127 0.7867646 0.7686474 0.8352823 0.8337840 0.8435830 0.8006343 0.8514623 0.8611196 0.8999284 
Stycar_maker-SC_scaffold6307-snap-gene-0.72-mRNA-1 0.4948690 0.5942149 0.6090053 0.3332303 0.3395536 0.2505822 0.0000000 0.5725315 0.5722214 0.5357076 0.6190101 0.5603427 0.5569491 0.5220332 0.5480924 0.5383652 0.5305517 0.8553846 0.5659840 0.6481074 0.6718461 0.6720258 0.6693700 0.6224153 0.7298181 0.5365221 0.5210520 0.6905999 0.5902637 0.5817698 0.6123780 0.5707834 0.5709708 0.5764655 0.5897095 0.7174062 0.7314990 0.6647575 0.6679653 0.4753495 0.8711658 0.9353427 0.9353427 0.8757697 0.8885788 0.8531886 0.9175513 0.9421911 0.9560589 0.8754690 0.9049909 0.9160627 0.8711833 
Ocar_g6342                                         0.6578403 0.7127308 0.6525988 0.6227744 0.5708076 0.5417888 0.5725315 0.0000000 0.0000010 0.4196307 0.6071979 0.6398453 0.6431808 0.5911203 0.6374357 0.6397776 0.6045838 1.1336394 0.6120985 0.6238428 0.6597859 0.6903433 0.6807706 0.5719108 0.6966019 0.7313262 0.7276541 0.7336887 0.7143271 0.7034912 0.7763714 0.7041591 0.7189276 0.7290068 0.7280026 0.6928854 0.7037670 0.6516052 0.6754153 0.7131056 0.9384319 0.9755133 0.9755133 0.8659511 0.8920907 0.9074716 0.9212054 0.9822842 0.9822842 0.8820632 0.9071387 0.9208849 0.7697370 
Opea_EP00118_Oscarella_pearsei_P003181             0.5900995 0.6745524 0.6669104 0.6019586 0.6488606 0.5709129 0.5722214 0.0000010 0.0000000 0.4059482 0.6073191 0.5945426 0.5962906 0.5606863 0.5855719 0.5877874 0.5516282 0.7866269 0.6494636 0.7154939 0.6772740 0.7914267 0.7652764 0.6858214 0.7135321 0.7508136 0.7528712 0.8069876 0.7287166 0.7222900 0.7951079 0.7295272 0.7510879 0.7707118 0.7351912 0.7315307 0.7748605 0.7299034 0.7708919 0.7396737 0.9009170 0.9163445 0.9163445 0.8779819 0.8769623 0.8641374 0.8760255 0.9487218 0.9607829 0.8713975 0.8543268 0.8618013 0.9155898 
Plajan_Pjan_C569878_01                             0.5948621 0.6476993 0.7003687 0.6106510 0.6015489 0.5790864 0.5357076 0.4196307 0.4059482 0.0000000 0.5806493 0.5734767 0.5792344 0.5692153 0.5876293 0.5832372 0.5557145 0.8316371 0.6479324 0.7165698 0.6908868 0.6992366 0.6721723 0.6503723 0.7138390 0.7492149 0.7251164 0.7632514 0.7729562 0.7609451 0.7871934 0.7500616 0.7833571 0.7956208 0.7799771 0.7734212 0.7839618 0.7684936 0.8027703 0.6526804 0.9321602 0.8854338 0.8854338 0.8863669 0.8859129 0.8847257 0.8885995 0.9308659 0.9422840 0.8820877 0.8877711 0.8965744 1.0036899 
Nvec_v1g244189                                     0.5774306 0.5510950 0.5784629 0.6910118 0.6820708 0.5799169 0.6190101 0.6071979 0.6073191 0.5806493 0.0000000 0.3874610 0.3824136 0.3458123 0.3563692 0.3678674 0.3561119 0.5330328 0.5662069 0.6074081 0.5752182 0.6079243 0.6093931 0.5835799 0.6210996 0.7261045 0.7442137 0.7684594 0.6564833 0.6405647 0.6911446 0.6380200 0.6448829 0.6547529 0.6564408 0.7222503 0.7357922 0.7341280 0.6902015 0.6876315 0.8585610 0.8553771 0.8553771 0.8215557 0.8171858 0.8211502 0.8314875 0.8933844 0.8847555 0.8742314 0.8970074 0.9040136 0.9644607 
Adig_XM_015914018.1                                0.5614787 0.6333094 0.5836886 0.5910569 0.6088123 0.5371014 0.5603427 0.6398453 0.5945426 0.5734767 0.3874610 0.0000000 0.0082827 0.0984071 0.1269659 0.1309410 0.0995609 0.1641281 0.4941701 0.5570057 0.5323802 0.5671453 0.5649904 0.5721658 0.6184620 0.7339520 0.7832264 0.8088392 0.6688403 0.6526753 0.6983106 0.6579366 0.6544986 0.6619040 0.6402289 0.7345164 0.7612868 0.7392999 0.7486893 0.6996475 0.9401223 0.9379485 0.9379485 0.8738207 0.8739927 0.8363075 0.9259565 0.9680534 0.9801705 0.9415439 0.9249556 0.9320154 1.0887350 
Amil_Amillepora20327-RA                            0.5628202 0.6259949 0.5927689 0.5928600 0.6103861 0.5384460 0.5569491 0.6431808 0.5962906 0.5792344 0.3824136 0.0082827 0.0000000 0.0933200 0.1226469 0.1315001 0.0993575 0.1571056 0.4956290 0.5511690 0.5340506 0.5666406 0.5704646 0.5776786 0.6212769 0.7283794 0.7800362 0.8100142 0.6717989 0.6555936 0.6965001 0.6609496 0.6565153 0.6639918 0.6387889 0.7401968 0.7627025 0.7429888 0.7543973 0.6902812 0.9356183 0.9334435 0.9334435 0.8602607 0.8607029 0.8320312 0.9126698 0.9606295 0.9726827 0.9274589 0.9143979 0.9213968 1.1097020 
Fspp_ffun1.m4.14909.m1                             0.5270775 0.5817425 0.5651585 0.5667451 0.5828601 0.4980482 0.5220332 0.5911203 0.5606863 0.5692153 0.3458123 0.0984071 0.0933200 0.0000000 0.1023377 0.0985970 0.0818754 0.1564101 0.4786594 0.5293503 0.5237010 0.5444480 0.5392665 0.5262840 0.6009515 0.7228824 0.7628187 0.7571305 0.6445411 0.6241986 0.6755140 0.6413278 0.6419456 0.6400131 0.6113958 0.7133322 0.7571018 0.7032349 0.7297891 0.6581947 0.8796654 0.8708553 0.8708553 0.7928568 0.7889342 0.7538870 0.8425881 0.8863066 0.8976663 0.8681976 0.8600543 0.8654097 1.0468085 
Spis_XP_022805486_1                                0.5514045 0.5885613 0.6274196 0.5803629 0.5993144 0.5269342 0.5480924 0.6374357 0.5855719 0.5876293 0.3563692 0.1269659 0.1226469 0.1023377 0.0000000 0.0387470 0.0958674 0.1538324 0.5030438 0.5595553 0.5532836 0.5935478 0.5724612 0.5724364 0.6266510 0.7302351 0.7577923 0.7485144 0.6725886 0.6535260 0.6763515 0.6523089 0.6450377 0.6432289 0.6468438 0.7046989 0.7401053 0.6919481 0.7538166 0.7097857 0.8745230 0.8754332 0.8754332 0.8173622 0.8129810 0.8113584 0.8739332 0.8944064 0.9056784 0.8903440 0.8754312 0.8821672 1.0642154 
Pocdam_XM_027195827.1                              0.5497071 0.5834200 0.6121318 0.5604130 0.5839044 0.5155781 0.5383652 0.6397776 0.5877874 0.5832372 0.3678674 0.1309410 0.1315001 0.0985970 0.0387470 0.0000000 0.1006573 0.1654732 0.5209230 0.5666505 0.5494575 0.5756027 0.5552617 0.5550784 0.6294488 0.7290221 0.7470039 0.7313318 0.6692959 0.6515813 0.6860018 0.6615630 0.6477042 0.6459394 0.6414947 0.7095138 0.7503743 0.6846196 0.7604961 0.7149679 0.8524584 0.8634588 0.8634588 0.8193549 0.8148999 0.7895909 0.8684280 0.8982077 0.9095499 0.8775594 0.8763410 0.8831425 1.0376778 
Gasp_gasp1.m3.7912.m1                              0.5250794 0.5743508 0.5784069 0.5461072 0.5643594 0.5141188 0.5305517 0.6045838 0.5516282 0.5557145 0.3561119 0.0995609 0.0993575 0.0818754 0.0958674 0.1006573 0.0000000 0.1501702 0.4387375 0.4695669 0.5145741 0.5408866 0.5393963 0.5409473 0.5963202 0.6511967 0.6967486 0.7297784 0.6465028 0.6296520 0.6932977 0.6569621 0.6570647 0.6554427 0.6382239 0.6790740 0.7212069 0.6907943 0.7160554 0.6774389 0.8264227 0.8419625 0.8419625 0.7884279 0.7831416 0.7487360 0.8643865 0.8941407 0.8957490 0.8321003 0.8275488 0.8344762 1.0914873 
Gfas_gfas1.m1.22689.m1                             0.6863325 0.7716222 0.7463289 0.7819100 0.8026480 0.6993423 0.8553846 1.1336394 0.7866269 0.8316371 0.5330328 0.1641281 0.1571056 0.1564101 0.1538324 0.1654732 0.1501702 0.0000000 0.5979088 0.6844562 0.7097247 0.7296995 0.6968801 0.6527379 0.8282996 0.9359776 1.0016365 0.9174002 0.9362280 0.8851861 0.8331605 0.8798934 0.9081309 0.9081309 0.8683607 0.8532064 0.9126717 0.9582099 0.9347352 0.9734451 0.8746031 0.8659089 0.8659089 0.7995250 0.7995250 0.7085773 0.8729587 0.9263954 0.9263954 0.8797403 0.8672020 0.8705425 0.9088581 
Dgig_XM_028554872.1                                0.5968942 0.6296763 0.6219520 0.6189302 0.6306867 0.6155253 0.5659840 0.6120985 0.6494636 0.6479324 0.5662069 0.4941701 0.4956290 0.4786594 0.5030438 0.5209230 0.4387375 0.5979088 0.0000000 0.1689661 0.6007322 0.6515905 0.6423797 0.5877624 0.7304415 0.7296475 0.7806280 0.7564762 0.7627027 0.7562980 0.7731604 0.7327936 0.7536662 0.7564563 0.7454736 0.7432512 0.7574680 0.7511771 0.7326735 0.6505279 0.7531262 0.7717651 0.7717651 0.7510390 0.7465232 0.7672611 0.7823395 0.8217563 0.8252245 0.8049511 0.7990921 0.8055509 0.8992922 
Xesp_011457-T1                                     0.6155386 0.6653571 0.6827721 0.6366805 0.6688171 0.6673106 0.6481074 0.6238428 0.7154939 0.7165698 0.6074081 0.5570057 0.5511690 0.5293503 0.5595553 0.5666505 0.4695669 0.6844562 0.1689661 0.0000000 0.6316140 0.6891996 0.6866061 0.6138854 0.7630074 0.7714573 0.8010989 0.7703150 0.8031359 0.7978570 0.8478794 0.8067493 0.8379090 0.8431540 0.8051428 0.7746846 0.8160504 0.7991449 0.7738042 0.7335134 0.8120676 0.8071987 0.8071987 0.8171170 0.8109597 0.8172684 0.8133893 0.8581034 0.8617205 0.8530360 0.8253827 0.8319865 0.9194166 
Chem_TCONS_00022187                                0.6281730 0.6608658 0.6508845 0.6680320 0.6900536 0.6458258 0.6718461 0.6597859 0.6772740 0.6908868 0.5752182 0.5323802 0.5340506 0.5237010 0.5532836 0.5494575 0.5145741 0.7097247 0.6007322 0.6316140 0.0000000 0.4925285 0.4784315 0.4719909 0.5345245 0.7611863 0.7840541 0.7503139 0.7971794 0.7836746 0.8190690 0.7646720 0.7813174 0.8091611 0.7772858 0.8234932 0.8223005 0.8288268 0.8230145 0.7733296 0.8756623 0.8943795 0.8943795 0.8697144 0.8652062 0.8330379 0.8533247 0.8867662 0.9004415 0.9048482 0.8967881 0.9036858 0.9876636 
Nemnom_g3302.t1                                    0.6517066 0.7113117 0.6328846 0.7001406 0.6937573 0.6450161 0.6720258 0.6903433 0.7914267 0.6992366 0.6079243 0.5671453 0.5666406 0.5444480 0.5935478 0.5756027 0.5408866 0.7296995 0.6515905 0.6891996 0.4925285 0.0000000 0.0778814 0.2563997 0.5297257 0.7881355 0.8005174 0.7780201 0.7604001 0.7491715 0.7753781 0.7291924 0.7418967 0.7681111 0.7526960 0.8581906 0.8500325 0.8375499 0.8276876 0.7538097 0.9946559 0.9781614 0.9781614 0.9813237 0.9919336 0.9927443 0.9558856 1.0226653 1.0295491 0.9989146 0.9672562 0.9745258 1.0095325 
Rhoesc_Res_008109-T1                               0.6396884 0.7146968 0.6190030 0.7007350 0.6961452 0.6321166 0.6693700 0.6807706 0.7652764 0.6721723 0.6093931 0.5649904 0.5704646 0.5392665 0.5724612 0.5552617 0.5393963 0.6968801 0.6423797 0.6866061 0.4784315 0.0778814 0.0000000 0.2185379 0.5188684 0.7950705 0.8228132 0.7779072 0.7497743 0.7341201 0.7523114 0.7066971 0.7122683 0.7372869 0.7274754 0.8641017 0.8571389 0.8385950 0.8504820 0.7689738 0.9838826 0.9629749 0.9629749 0.9523932 0.9634889 0.9740492 0.9597306 1.0250843 1.0319488 0.9703489 0.9553516 0.9625451 0.9545281 
Sanmal_Sma_001675-T1                               0.6753564 0.6956967 0.6528877 0.6607228 0.6709517 0.6131112 0.6224153 0.5719108 0.6858214 0.6503723 0.5835799 0.5721658 0.5776786 0.5262840 0.5724364 0.5550784 0.5409473 0.6527379 0.5877624 0.6138854 0.4719909 0.2563997 0.2185379 0.0000000 0.5051979 0.7631178 0.7840485 0.8013814 0.7910892 0.7809509 0.8008802 0.7761456 0.7896519 0.8091424 0.7973799 0.8617235 0.8648381 0.8499878 0.8436409 0.7345620 0.9542424 0.9306406 0.9306406 0.9452486 0.9464669 0.9550892 0.9417293 0.9969606 1.0040399 0.9443478 0.9188770 0.9244038 0.9491262 
Morvir_scaffold420.g5.t1                           0.6546213 0.7820638 0.6861701 0.7701557 0.7607112 0.6868456 0.7298181 0.6966019 0.7135321 0.7138390 0.6210996 0.6184620 0.6212769 0.6009515 0.6266510 0.6294488 0.5963202 0.8282996 0.7304415 0.7630074 0.5345245 0.5297257 0.5188684 0.5051979 0.0000000 0.8106826 0.8354971 0.8842091 0.7968261 0.7954039 0.8589307 0.8164622 0.7684024 0.7974695 0.8195223 0.8641843 0.8880214 0.8223155 0.8691510 0.7795058 1.0151822 0.9900070 0.9900070 0.9783393 0.9775242 1.0124798 1.0432870 1.0750519 1.0902097 1.0095662 1.0185862 1.0263533 1.0524581 
Aque_Aqu2.1.39902_001                              0.6784501 0.7309289 0.7184436 0.5606596 0.6070472 0.5495847 0.5365221 0.7313262 0.7508136 0.7492149 0.7261045 0.7339520 0.7283794 0.7228824 0.7302351 0.7290221 0.6511967 0.9359776 0.7296475 0.7714573 0.7611863 0.7881355 0.7950705 0.7631178 0.8106826 0.0000000 0.1838311 0.8288899 0.7511686 0.7444787 0.8170933 0.7804193 0.7845546 0.7843058 0.7788022 0.9113232 0.9736624 0.9244608 0.9065685 0.6327277 0.8993493 0.9508493 0.9508493 0.9418853 0.9467283 0.9254391 0.9757861 1.0271792 1.0237719 0.9897898 0.9856704 0.9953026 1.1645136 
Halamb_c42319_g1_i1m.14781                         0.6868094 0.6975263 0.7421718 0.5440568 0.5618536 0.5317808 0.5210520 0.7276541 0.7528712 0.7251164 0.7442137 0.7832264 0.7800362 0.7628187 0.7577923 0.7470039 0.6967486 1.0016365 0.7806280 0.8010989 0.7840541 0.8005174 0.8228132 0.7840485 0.8354971 0.1838311 0.0000000 0.8120313 0.8249197 0.8109742 0.8901762 0.8641667 0.8556339 0.8490478 0.8369878 0.9315959 0.9807280 0.9314910 0.9280802 0.6045832 0.9126088 0.9559463 0.9559463 0.9393786 0.9446338 0.9407698 0.9888086 1.0117322 1.0083813 1.0004979 0.9815308 0.9866378 1.1534556 
Tcas_TC001073_001                                  0.6669616 0.5069715 0.7268827 0.7387598 0.7663018 0.7414506 0.6905999 0.7336887 0.8069876 0.7632514 0.7684594 0.8088392 0.8100142 0.7571305 0.7485144 0.7313318 0.7297784 0.9174002 0.7564762 0.7703150 0.7503139 0.7780201 0.7779072 0.8013814 0.8842091 0.8288899 0.8120313 0.0000000 0.8996729 0.8837332 0.9179573 0.8937890 0.8676279 0.8556773 0.8699920 0.8262701 0.8801504 0.8380478 0.8952173 0.7751385 0.9176862 0.8902396 0.8902396 0.9243348 0.9224778 0.9274074 0.9351922 0.9533883 0.9601596 0.9424553 0.9423717 0.9480188 1.0970061 
Tadh_TriadT25783                                   0.6460531 0.6982609 0.7429360 0.6654461 0.6766855 0.6176892 0.5902637 0.7143271 0.7287166 0.7729562 0.6564833 0.6688403 0.6717989 0.6445411 0.6725886 0.6692959 0.6465028 0.9362280 0.7627027 0.8031359 0.7971794 0.7604001 0.7497743 0.7910892 0.7968261 0.7511686 0.8249197 0.8996729 0.0000000 0.0084324 0.1758857 0.1449461 0.1343430 0.1407453 0.1267798 0.8551521 0.8701443 0.8569706 0.7878424 0.8499843 0.9952021 0.9977045 0.9977045 0.9724157 0.9735908 0.9476059 1.0174970 1.0715567 1.0625993 1.0209344 1.0207812 1.0284606 1.0493315 
TrH2_TrispH2_001877-RA                             0.6357878 0.6858866 0.7353386 0.6547204 0.6670513 0.6092281 0.5817698 0.7034912 0.7222900 0.7609451 0.6405647 0.6526753 0.6555936 0.6241986 0.6535260 0.6515813 0.6296520 0.8851861 0.7562980 0.7978570 0.7836746 0.7491715 0.7341201 0.7809509 0.7954039 0.7444787 0.8109742 0.8837332 0.0084324 0.0000000 0.1616198 0.1315742 0.1217382 0.1276511 0.1141239 0.8456543 0.8540567 0.8408791 0.7791875 0.8396856 0.9722863 0.9755066 0.9755066 0.9490683 0.9507688 0.9245902 0.9936157 1.0467101 1.0379060 0.9974269 0.9970423 1.0045722 1.0351076 
HoiH06_mRNA5879                                    0.7088581 0.7594548 0.7754219 0.7060784 0.7230682 0.6748233 0.6123780 0.7763714 0.7951079 0.7871934 0.6911446 0.6983106 0.6965001 0.6755140 0.6763515 0.6860018 0.6932977 0.8331605 0.7731604 0.8478794 0.8190690 0.7753781 0.7523114 0.8008802 0.8589307 0.8170933 0.8901762 0.9179573 0.1758857 0.1616198 0.0000000 0.0312731 0.1006289 0.0825520 0.0902955 0.9199887 0.8568478 0.8884163 0.8129799 0.8768983 1.0171006 1.0313299 1.0313299 1.0107324 1.0371293 0.9995137 1.0291404 1.0649506 1.0704194 1.0215043 1.0604713 1.0684102 1.0618202 
HoiH23_PlH23_002681-RA                             0.6785699 0.7372587 0.7433993 0.6987896 0.7077854 0.6393513 0.5707834 0.7041591 0.7295272 0.7500616 0.6380200 0.6579366 0.6609496 0.6413278 0.6523089 0.6615630 0.6569621 0.8798934 0.7327936 0.8067493 0.7646720 0.7291924 0.7066971 0.7761456 0.8164622 0.7804193 0.8641667 0.8937890 0.1449461 0.1315742 0.0312731 0.0000000 0.0758897 0.0855630 0.0896048 0.8775103 0.8282538 0.8656198 0.7921698 0.8320924 0.9666029 0.9763332 0.9763332 0.9668060 0.9684425 0.9484360 0.9650284 1.0010248 1.0061928 0.9705444 0.9957513 1.0034125 1.0897505 
Hhon_g05886.t1                                     0.6967202 0.7197646 0.7574487 0.6864605 0.6890889 0.6225393 0.5709708 0.7189276 0.7510879 0.7833571 0.6448829 0.6544986 0.6565153 0.6419456 0.6450377 0.6477042 0.6570647 0.9081309 0.7536662 0.8379090 0.7813174 0.7418967 0.7122683 0.7896519 0.7684024 0.7845546 0.8556339 0.8676279 0.1343430 0.1217382 0.1006289 0.0758897 0.0000000 0.0105716 0.0798809 0.8639163 0.8283326 0.8388438 0.7815167 0.8476014 1.0202490 1.0062729 1.0062729 0.9867146 0.9878990 0.9829976 1.0077471 1.0484354 1.0449949 1.0035593 1.0263721 1.0340368 1.0857341 
HoiH04_mRNA4502                                    0.6845042 0.7184933 0.7557115 0.6766206 0.6954651 0.6374556 0.5764655 0.7290068 0.7707118 0.7956208 0.6547529 0.6619040 0.6639918 0.6400131 0.6432289 0.6459394 0.6554427 0.9081309 0.7564563 0.8431540 0.8091611 0.7681111 0.7372869 0.8091424 0.7974695 0.7843058 0.8490478 0.8556773 0.1407453 0.1276511 0.0825520 0.0855630 0.0105716 0.0000000 0.0725856 0.8751958 0.8276517 0.8330230 0.7851431 0.8408795 1.0252017 1.0161942 1.0161942 1.0020504 1.0069177 0.9941453 1.0268677 1.0691887 1.0656238 1.0188665 1.0370351 1.0449775 1.0618203 
HoiH11_mRNA442                                     0.6432366 0.6934655 0.7388565 0.6611491 0.6818716 0.6012588 0.5897095 0.7280026 0.7351912 0.7799771 0.6564408 0.6402289 0.6387889 0.6113958 0.6468438 0.6414947 0.6382239 0.8683607 0.7454736 0.8051428 0.7772858 0.7526960 0.7274754 0.7973799 0.8195223 0.7788022 0.8369878 0.8699920 0.1267798 0.1141239 0.0902955 0.0896048 0.0798809 0.0725856 0.0000000 0.8594523 0.8368807 0.8256739 0.7804292 0.8159907 1.0042934 1.0076886 1.0076886 0.9956227 0.9956227 0.9621836 0.9984715 1.0280245 1.0190512 1.0024616 1.0270782 1.0349534 1.0243040 
Scil_scict017985.1                                 0.7004508 0.8512624 0.8046022 0.7727324 0.7804361 0.7193280 0.7174062 0.6928854 0.7315307 0.7734212 0.7222503 0.7345164 0.7401968 0.7133322 0.7046989 0.7095138 0.6790740 0.8532064 0.7432512 0.7746846 0.8234932 0.8581906 0.8641017 0.8617235 0.8641843 0.9113232 0.9315959 0.8262701 0.8551521 0.8456543 0.9199887 0.8775103 0.8639163 0.8751958 0.8594523 0.0000000 0.2006548 0.2182613 0.2101267 0.7499789 0.9442337 0.9336802 0.9336802 0.9297962 0.9203422 0.9048049 0.9508115 1.0032651 1.0190735 0.9685253 1.0000809 1.0078698 0.6463324 
Gracom_Gcom_C553614_01                             0.7771059 0.8666966 0.8485586 0.7949053 0.8055273 0.7716628 0.7314990 0.7037670 0.7748605 0.7839618 0.7357922 0.7612868 0.7627025 0.7571018 0.7401053 0.7503743 0.7212069 0.9126717 0.7574680 0.8160504 0.8223005 0.8500325 0.8571389 0.8648381 0.8880214 0.9736624 0.9807280 0.8801504 0.8701443 0.8540567 0.8568478 0.8282538 0.8283326 0.8276517 0.8368807 0.2006548 0.0000000 0.2390205 0.2661813 0.7954646 0.9948235 0.9825829 0.9825829 0.9531528 0.9522311 0.9824589 0.9880328 1.0266203 1.0350985 0.9780324 1.0133784 1.0212075 0.6793056 
Lcom_lcpid78645                                    0.7095394 0.8041447 0.8276597 0.7276893 0.7530144 0.6871009 0.6647575 0.6516052 0.7299034 0.7684936 0.7341280 0.7392999 0.7429888 0.7032349 0.6919481 0.6846196 0.6907943 0.9582099 0.7511771 0.7991449 0.8288268 0.8375499 0.8385950 0.8499878 0.8223155 0.9244608 0.9314910 0.8380478 0.8569706 0.8408791 0.8884163 0.8656198 0.8388438 0.8330230 0.8256739 0.2182613 0.2390205 0.0000000 0.1968787 0.7924715 0.9547079 0.9433270 0.9433270 0.8999641 0.8961624 0.9483187 0.9500542 0.9830196 0.9910197 0.9506418 1.0204278 1.0282459 0.5939690 
Leuniv_Lniv_C811060_01                             0.7076164 0.8702728 0.7829536 0.7396322 0.7611752 0.6784369 0.6679653 0.6754153 0.7708919 0.8027703 0.6902015 0.7486893 0.7543973 0.7297891 0.7538166 0.7604961 0.7160554 0.9347352 0.7326735 0.7738042 0.8230145 0.8276876 0.8504820 0.8436409 0.8691510 0.9065685 0.9280802 0.8952173 0.7878424 0.7791875 0.8129799 0.7921698 0.7815167 0.7851431 0.7804292 0.2101267 0.2661813 0.1968787 0.0000000 0.7254066 0.9604259 0.9605300 0.9605300 0.9651212 0.9598968 0.9404606 0.9642209 1.0149975 1.0232756 0.9758977 1.0345938 1.0424797 0.5996668 
Plespi_Pspi_scaffold10447_01                       0.6622183 0.7401778 0.6865603 0.5459968 0.5299339 0.5171188 0.4753495 0.7131056 0.7396737 0.6526804 0.6876315 0.6996475 0.6902812 0.6581947 0.7097857 0.7149679 0.6774389 0.9734451 0.6505279 0.7335134 0.7733296 0.7538097 0.7689738 0.7345620 0.7795058 0.6327277 0.6045832 0.7751385 0.8499843 0.8396856 0.8768983 0.8320924 0.8476014 0.8408795 0.8159907 0.7499789 0.7954646 0.7924715 0.7254066 0.0000000 0.8278632 0.8455838 0.8455838 0.8226232 0.8340103 0.8312403 0.8161703 0.8219589 0.8219589 0.8082224 0.8602344 0.8717440 0.9713613 
Mlei_ML0350.g4.i1                                  0.7860172 0.9102690 0.7879866 0.8079701 0.8634369 0.7969983 0.8711658 0.9384319 0.9009170 0.9321602 0.8585610 0.9401223 0.9356183 0.8796654 0.8745230 0.8524584 0.8264227 0.8746031 0.7531262 0.8120676 0.8756623 0.9946559 0.9838826 0.9542424 1.0151822 0.8993493 0.9126088 0.9176862 0.9952021 0.9722863 1.0171006 0.9666029 1.0202490 1.0252017 1.0042934 0.9442337 0.9948235 0.9547079 0.9604259 0.8278632 0.0000000 0.1351708 0.1351708 0.1728394 0.1707619 0.1591982 0.2150331 0.2338620 0.2366533 0.2663790 0.2014786 0.2048339 1.2134113 
Drygla_Dgla_sb283012                               0.8153651 0.9267589 0.8090527 0.8549680 0.8990941 0.8180028 0.9353427 0.9755133 0.9163445 0.8854338 0.8553771 0.9379485 0.9334435 0.8708553 0.8754332 0.8634588 0.8419625 0.8659089 0.7717651 0.8071987 0.8943795 0.9781614 0.9629749 0.9306406 0.9900070 0.9508493 0.9559463 0.8902396 0.9977045 0.9755066 1.0313299 0.9763332 1.0062729 1.0161942 1.0076886 0.9336802 0.9825829 0.9433270 0.9605300 0.8455838 0.1351708 0.0000000 0.0000010 0.1635520 0.1617251 0.1698049 0.2196846 0.2435211 0.2463146 0.2380065 0.2199157 0.2191493 1.1967288 
Beraby_Baby_sb337396                               0.8153651 0.9267589 0.8090527 0.8549680 0.8990941 0.8180028 0.9353427 0.9755133 0.9163445 0.8854338 0.8553771 0.9379485 0.9334435 0.8708553 0.8754332 0.8634588 0.8419625 0.8659089 0.7717651 0.8071987 0.8943795 0.9781614 0.9629749 0.9306406 0.9900070 0.9508493 0.9559463 0.8902396 0.9977045 0.9755066 1.0313299 0.9763332 1.0062729 1.0161942 1.0076886 0.9336802 0.9825829 0.9433270 0.9605300 0.8455838 0.1351708 0.0000010 0.0000000 0.1635520 0.1617251 0.1698049 0.2196846 0.2435211 0.2463146 0.2380065 0.2199157 0.2191493 1.1967288 
Bolinf_Binf_sb1265674                              0.7869085 0.8628965 0.8028423 0.7966201 0.8569802 0.7731127 0.8757697 0.8659511 0.8779819 0.8863669 0.8215557 0.8738207 0.8602607 0.7928568 0.8173622 0.8193549 0.7884279 0.7995250 0.7510390 0.8171170 0.8697144 0.9813237 0.9523932 0.9452486 0.9783393 0.9418853 0.9393786 0.9243348 0.9724157 0.9490683 1.0107324 0.9668060 0.9867146 1.0020504 0.9956227 0.9297962 0.9531528 0.8999641 0.9651212 0.8226232 0.1728394 0.1635520 0.1635520 0.0000000 0.0000010 0.1499876 0.2061669 0.2249610 0.2277795 0.2233663 0.2245772 0.2281695 1.2644417 
Mertsp_Mesp_sb576486                               0.7875733 0.8802939 0.8184972 0.8172676 0.8809720 0.7867646 0.8885788 0.8920907 0.8769623 0.8859129 0.8171858 0.8739927 0.8607029 0.7889342 0.8129810 0.8148999 0.7831416 0.7995250 0.7465232 0.8109597 0.8652062 0.9919336 0.9634889 0.9464669 0.9775242 0.9467283 0.9446338 0.9224778 0.9735908 0.9507688 1.0371293 0.9684425 0.9878990 1.0069177 0.9956227 0.9203422 0.9522311 0.8961624 0.9598968 0.8340103 0.1707619 0.1617251 0.1617251 0.0000010 0.0000000 0.1484638 0.2058342 0.2241579 0.2269054 0.2198742 0.2209736 0.2244561 1.2644417 
Lampan_Lpan_14633_01                               0.7733234 0.8435616 0.7861713 0.7954679 0.8554343 0.7686474 0.8531886 0.9074716 0.8641374 0.8847257 0.8211502 0.8363075 0.8320312 0.7538870 0.8113584 0.7895909 0.7487360 0.7085773 0.7672611 0.8172684 0.8330379 0.9927443 0.9740492 0.9550892 1.0124798 0.9254391 0.9407698 0.9274074 0.9476059 0.9245902 0.9995137 0.9484360 0.9829976 0.9941453 0.9621836 0.9048049 0.9824589 0.9483187 0.9404606 0.8312403 0.1591982 0.1698049 0.1698049 0.1499876 0.1484638 0.0000000 0.2156409 0.2308195 0.2336664 0.2143477 0.2260745 0.2259195 1.0443625 
Vmul_SimC400816                                    0.8076918 0.9100567 0.8282901 0.8487290 0.8709515 0.8352823 0.9175513 0.9212054 0.8760255 0.8885995 0.8314875 0.9259565 0.9126698 0.8425881 0.8739332 0.8684280 0.8643865 0.8729587 0.7823395 0.8133893 0.8533247 0.9558856 0.9597306 0.9417293 1.0432870 0.9757861 0.9888086 0.9351922 1.0174970 0.9936157 1.0291404 0.9650284 1.0077471 1.0268677 0.9984715 0.9508115 0.9880328 0.9500542 0.9642209 0.8161703 0.2150331 0.2196846 0.2196846 0.2061669 0.2058342 0.2156409 0.0000000 0.0740120 0.0763642 0.2598285 0.2441713 0.2477873 1.1725012 
Coeast_Cast_sb796970                               0.8577331 0.9146299 0.8553036 0.9075005 0.9187788 0.8337840 0.9421911 0.9822842 0.9487218 0.9308659 0.8933844 0.9680534 0.9606295 0.8863066 0.8944064 0.8982077 0.8941407 0.9263954 0.8217563 0.8581034 0.8867662 1.0226653 1.0250843 0.9969606 1.0750519 1.0271792 1.0117322 0.9533883 1.0715567 1.0467101 1.0649506 1.0010248 1.0484354 1.0691887 1.0280245 1.0032651 1.0266203 0.9830196 1.0149975 0.8219589 0.2338620 0.2435211 0.2435211 0.2249610 0.2241579 0.2308195 0.0740120 0.0000000 0.0040420 0.2790646 0.2707615 0.2731773 1.2769031 
Coemet_Cmet_C600943_01                             0.8686149 0.9207491 0.8662406 0.9091883 0.9156779 0.8435830 0.9560589 0.9822842 0.9607829 0.9422840 0.8847555 0.9801705 0.9726827 0.8976663 0.9056784 0.9095499 0.8957490 0.9263954 0.8252245 0.8617205 0.9004415 1.0295491 1.0319488 1.0040399 1.0902097 1.0237719 1.0083813 0.9601596 1.0625993 1.0379060 1.0704194 1.0061928 1.0449949 1.0656238 1.0190512 1.0190735 1.0350985 0.9910197 1.0232756 0.8219589 0.2366533 0.2463146 0.2463146 0.2277795 0.2269054 0.2336664 0.0763642 0.0040420 0.0000000 0.2820574 0.2736908 0.2761038 1.2985142 
Eupdun_Edun_sb10642798                             0.8280884 0.9024940 0.8329906 0.8454784 0.9146865 0.8006343 0.8754690 0.8820632 0.8713975 0.8820877 0.8742314 0.9415439 0.9274589 0.8681976 0.8903440 0.8775594 0.8321003 0.8797403 0.8049511 0.8530360 0.9048482 0.9989146 0.9703489 0.9443478 1.0095662 0.9897898 1.0004979 0.9424553 1.0209344 0.9974269 1.0215043 0.9705444 1.0035593 1.0188665 1.0024616 0.9685253 0.9780324 0.9506418 0.9758977 0.8082224 0.2663790 0.2380065 0.2380065 0.2233663 0.2198742 0.2143477 0.2598285 0.2790646 0.2820574 0.0000000 0.2901509 0.2887577 1.1597503 
Pbac_sb2643636                                     0.7908166 0.9201592 0.8206441 0.8414656 0.9170750 0.8514623 0.9049909 0.9071387 0.8543268 0.8877711 0.8970074 0.9249556 0.9143979 0.8600543 0.8754312 0.8763410 0.8275488 0.8672020 0.7990921 0.8253827 0.8967881 0.9672562 0.9553516 0.9188770 1.0185862 0.9856704 0.9815308 0.9423717 1.0207812 0.9970423 1.0604713 0.9957513 1.0263721 1.0370351 1.0270782 1.0000809 1.0133784 1.0204278 1.0345938 0.8602344 0.2014786 0.2199157 0.2199157 0.2245772 0.2209736 0.2260745 0.2441713 0.2707615 0.2736908 0.2901509 0.0000000 0.0040403 1.2962986 
Horcal_Hcv1.av93.c3.g1337.i1                       0.7970490 0.9258696 0.8265740 0.8515511 0.9263670 0.8611196 0.9160627 0.9208849 0.8618013 0.8965744 0.9040136 0.9320154 0.9213968 0.8654097 0.8821672 0.8831425 0.8344762 0.8705425 0.8055509 0.8319865 0.9036858 0.9745258 0.9625451 0.9244038 1.0263533 0.9953026 0.9866378 0.9480188 1.0284606 1.0045722 1.0684102 1.0034125 1.0340368 1.0449775 1.0349534 1.0078698 1.0212075 1.0282459 1.0424797 0.8717440 0.2048339 0.2191493 0.2191493 0.2281695 0.2244561 0.2259195 0.2477873 0.2731773 0.2761038 0.2887577 0.0040403 0.0000000 1.2996269 
Clacor_Ccor_scaffold8830_01                        0.9428959 1.0157550 0.8525736 0.8163572 0.9052917 0.8999284 0.8711833 0.7697370 0.9155898 1.0036899 0.9644607 1.0887350 1.1097020 1.0468085 1.0642154 1.0376778 1.0914873 0.9088581 0.8992922 0.9194166 0.9876636 1.0095325 0.9545281 0.9491262 1.0524581 1.1645136 1.1534556 1.0970061 1.0493315 1.0351076 1.0618202 1.0897505 1.0857341 1.0618203 1.0243040 0.6463324 0.6793056 0.5939690 0.5996668 0.9713613 1.2134113 1.1967288 1.1967288 1.2644417 1.2644417 1.0443625 1.1725012 1.2769031 1.2985142 1.1597503 1.2962986 1.2996269 0.0000000 
