59
Hsap_ENST00000492433                                 0.0000000 0.6454939 0.7037668 0.9449173 0.7334887 0.8823013 0.8846828 0.8842339 0.8878133 1.3434666 0.8863639 0.8881494 0.8832307 0.9358802 0.9558427 0.9643263 0.8792883 1.0072169 0.9873648 0.9075098 0.9636113 0.9330876 0.9749927 0.7952130 0.9763575 0.6675741 0.6355581 0.8426464 0.8994383 1.0272853 1.0293582 1.0597118 1.0659864 0.8475400 0.8605855 1.0683571 1.0344557 1.1049931 0.8589700 0.9330730 1.0991445 1.4181304 1.4558698 1.5501522 1.4328247 1.4805549 1.4855647 1.3887364 1.4569741 1.4569741 1.5543123 1.4111734 1.3905936 1.3550541 1.3621322 1.1172784 1.4145805 1.4820835 1.5128119 
Cscu_XM_023357899.1                                  0.6454939 0.0000000 0.5846238 0.6797939 0.6319411 0.7202132 0.7113320 0.6953703 0.7270598 1.2295242 0.7368049 0.6989933 0.7524598 0.8282410 0.7918222 0.8115109 0.7840424 0.8323266 0.8276111 0.8233277 0.7824125 0.7950119 0.7453903 0.7705009 0.8649642 0.7525605 0.6639590 0.6282338 0.7753950 0.9576446 0.9253011 0.9703999 0.9476834 0.7419055 0.7072063 0.8933229 0.8871960 0.9283754 0.7915425 0.7615339 0.9069773 1.1257424 1.1257424 1.2007350 1.2260406 1.1527511 1.1561587 1.3085808 1.3359318 1.3359318 1.4303061 1.2916649 1.3521800 1.3725846 1.3836100 1.2794853 1.3167059 1.4178591 1.3991224 
Acagra_model.g12401.t1                               0.7037668 0.5846238 0.0000000 0.7810367 0.6259605 0.8112347 0.8080406 0.7690413 0.7705529 1.1299542 0.8216920 0.7912344 0.8117601 0.8436094 0.8324434 0.8386821 0.8595527 0.8865024 0.8676781 0.8192396 0.8152245 0.7993931 0.7044025 0.7255635 0.7848168 0.7775219 0.6507999 0.6807585 0.7978751 0.9854389 1.0097231 1.0122576 0.9856080 0.7766135 0.5974636 0.8554036 0.9623425 1.0219565 0.7867257 0.7339053 0.9391907 1.2627386 1.2627386 1.3496078 1.3072882 1.3104423 1.3119262 1.3168586 1.3788246 1.3788246 1.4322693 1.3183385 1.2876433 1.3219661 1.3246596 1.2700260 1.3601271 1.4069373 1.4446327 
Exapal_XM_021061379.2                                0.9449173 0.6797939 0.7810367 0.0000000 0.2868867 0.4670331 0.4678280 0.4094791 0.4130942 0.5071627 0.4447254 0.5726620 0.5597944 0.6648353 0.6074901 0.6140162 0.5757517 0.6392385 0.7934563 0.8299116 0.8368543 0.8182412 0.6425727 0.7432006 0.8322455 0.8629157 0.7688986 0.8249130 1.0187214 0.9018502 0.9351307 0.9012537 0.9035693 0.6821614 0.8652676 0.8819254 0.8667489 0.8265065 0.9894504 0.9336258 1.0557234 1.0557065 1.1123211 1.1481263 1.0758586 1.1323786 1.1314142 1.1957397 1.2627150 1.2627150 1.3765562 1.2439121 1.2790101 1.2847092 1.2969207 1.0999970 1.2172077 1.3098527 1.3072071 
Nvec_v1g195800                                       0.7334887 0.6319411 0.6259605 0.2868867 0.0000000 0.3911934 0.3708128 0.3632284 0.3612799 3.5944297 0.3950430 0.4751148 0.4844989 0.5282044 0.5067453 0.5132479 0.5076294 0.5158893 0.6707063 0.7023157 0.6548175 0.6448700 0.5453401 0.6732117 0.5757653 0.6480312 0.6873771 0.7024824 0.7893107 0.6288200 0.6416675 0.6500692 0.6401954 0.6708867 0.6590388 0.6430559 0.7631861 0.6993364 0.7620325 0.9034397 0.7724614 0.9433456 0.9433456 1.0203238 1.0530631 1.0022622 1.0000522 1.1753782 1.1860167 1.1860167 1.4840875 1.2625343 1.1903259 1.1921235 1.2231620 1.1162450 1.1580655 1.2073836 1.2871149 
Amil_Amillepora23451-RA                              0.8823013 0.7202132 0.8112347 0.4670331 0.3911934 0.0000000 0.1917440 0.2294408 0.2186565 0.3449749 0.2368261 0.5877798 0.5812953 0.6669820 0.6363823 0.6317694 0.5747002 0.6623790 0.8203133 0.8446339 0.8198932 0.8127318 0.6568587 0.6332269 0.8381012 0.8164688 0.7724350 0.8776840 1.0422987 0.9365797 0.9132846 0.9256357 0.9312001 0.6518094 0.9473618 0.8328707 0.8968948 0.8718950 0.9800098 1.0199569 0.9741493 1.0874543 1.1395689 1.2157775 1.1120410 1.1553055 1.1582056 1.2563708 1.3036297 1.3036297 1.3665411 1.2732438 1.2765952 1.2420876 1.2458898 1.1565091 1.3284190 1.3543962 1.2723749 
Gfas_gfas1.m1.3495.m1                                0.8846828 0.7113320 0.8080406 0.4678280 0.3708128 0.1917440 0.0000000 0.1846609 0.1831352 0.2189199 0.1631555 0.6221664 0.5966894 0.6568399 0.6609494 0.6703744 0.5735335 0.6481883 0.8627414 0.8776342 0.8703604 0.8710447 0.7165120 0.6332700 0.8296558 0.8431308 0.7832252 0.9002868 1.0632930 0.9524314 0.9629310 0.9925335 0.9916302 0.7091558 0.8982242 0.8880668 0.9176910 0.8952520 0.9582077 1.0171145 1.0717886 1.1059812 1.1535277 1.2501186 1.1448712 1.1908106 1.1896733 1.2928903 1.3134078 1.3134078 1.3975541 1.2909269 1.2977860 1.3032190 1.3084570 1.1961973 1.3192450 1.3718718 1.3138447 
Spis_XP_022786763_1                                  0.8842339 0.6953703 0.7690413 0.4094791 0.3632284 0.2294408 0.1846609 0.0000000 0.0643636 0.1706666 0.1638695 0.5444914 0.5442155 0.6012521 0.5946995 0.5938909 0.5436886 0.6411241 0.8066854 0.8102742 0.7926518 0.7783025 0.6475996 0.6288450 0.7408325 0.8472471 0.7083257 0.8574679 1.0579093 0.8772710 0.8821411 0.9154404 0.9163254 0.6440626 0.8560784 0.8726813 0.8678515 0.8247826 0.8917020 0.9867451 0.9848674 1.0709573 1.1256847 1.1656108 1.0578916 1.1500722 1.1490092 1.1777185 1.1751906 1.1751906 1.2760710 1.1695273 1.1781982 1.1916056 1.2036683 1.0638342 1.2327754 1.3184995 1.2499116 
Pocdam_XM_027189760.1                                0.8878133 0.7270598 0.7705529 0.4130942 0.3612799 0.2186565 0.1831352 0.0643636 0.0000000 0.1666174 0.1627671 0.5258800 0.5363126 0.6310591 0.6073260 0.6100801 0.5323886 0.6193468 0.8240490 0.8130049 0.7947472 0.7880552 0.6469680 0.6645563 0.7752950 0.8128940 0.7097995 0.8764830 1.0728348 0.8569185 0.8814468 0.9007379 0.9066742 0.6388000 0.8486703 0.8538763 0.8536297 0.8428635 0.8995565 0.9587344 0.9834771 1.1141543 1.1679549 1.2177996 1.0957266 1.1907062 1.1895848 1.1958466 1.1961525 1.1961525 1.2762385 1.1727280 1.2016815 1.1821614 1.1885414 1.1018514 1.2180858 1.3287864 1.2793959 
Fspp_ffun1.m4.6414.m1                                1.3434666 1.2295242 1.1299542 0.5071627 3.5944297 0.3449749 0.2189199 0.1706666 0.1666174 0.0000000 0.1631108 0.7412836 0.7116103 0.8863964 0.8446807 0.8062902 0.6746147 0.8958377 1.1325828 1.1188053 1.2202802 1.2472591 1.0941641 0.8191678 0.9420856 1.2753963 1.7953293 1.0970236 1.3639209 1.4487488 1.4206218 1.4103110 1.4748812 1.0382010 1.1667921 1.2955761 1.0406276 1.1405116 1.2343370 1.1980445 1.7509483 1.4960692 1.5615680 1.6060468 1.3628937 1.6069457 1.5927874 1.2739743 1.4009913 1.4009913 1.3662229 1.3844066 1.5216703 1.4852034 1.4653856 0.8534643 1.4649287 1.6336261 1.3876999 
Gasp_gasp1.m3.9778.m1                                0.8863639 0.7368049 0.8216920 0.4447254 0.3950430 0.2368261 0.1631555 0.1638695 0.1627671 0.1631108 0.0000000 0.5996090 0.6116087 0.5973115 0.6244149 0.6099832 0.5732079 0.6291564 0.8406108 0.8888830 0.8578892 0.8361311 0.6946165 0.6249677 0.7864787 0.8630397 0.8569356 0.9157191 1.1079321 0.9521952 0.9566194 0.9603871 0.9996687 0.6931778 0.8918687 0.9166872 0.9364269 0.8909204 0.9389765 1.0170400 1.0772520 1.0961455 1.1420913 1.2080150 1.1069051 1.1745824 1.1734516 1.2320024 1.2674693 1.2674693 1.3465653 1.2263791 1.2251034 1.2469183 1.2514954 1.1339671 1.2856416 1.3368689 1.2631812 
Dgig_XM_028556479.1                                  0.8881494 0.6989933 0.7912344 0.5726620 0.4751148 0.5877798 0.6221664 0.5444914 0.5258800 0.7412836 0.5996090 0.0000000 0.1617549 0.6657826 0.6348052 0.6483536 0.5792165 0.6346469 0.7322575 0.7589249 0.8273207 0.8114284 0.7549549 0.6543372 0.7504672 0.8987215 0.7416547 0.7667502 1.0244709 0.8743785 0.9066167 0.8543197 0.8650642 0.6777758 0.9016111 0.9011125 0.8042475 0.9202710 0.9517258 0.9629884 1.0016525 1.1404572 1.1810139 1.2394763 1.1479891 1.1771139 1.1760405 1.3575464 1.3804143 1.3804143 1.4178212 1.3211995 1.3524668 1.3493325 1.3617865 1.1901805 1.3531182 1.3917088 1.3821790 
Xesp_019809-T1                                       0.8832307 0.7524598 0.8117601 0.5597944 0.4844989 0.5812953 0.5966894 0.5442155 0.5363126 0.7116103 0.6116087 0.1617549 0.0000000 0.7118641 0.6252110 0.6403928 0.5791753 0.6364016 0.7303613 0.7476134 0.8031298 0.8181594 0.7494864 0.6780151 0.6862207 0.9007477 0.7615249 0.7970746 0.9869622 0.8830834 0.9459265 0.9077161 0.8852028 0.7073783 0.9163081 0.8272467 0.8217598 0.9320647 0.8487173 0.9830515 1.0233126 1.2301691 1.2301691 1.2947892 1.2345000 1.2307811 1.2265914 1.2684083 1.3190940 1.3190940 1.4130505 1.3007144 1.3096278 1.2884241 1.3063576 1.2541279 1.3079787 1.3613230 1.4212247 
Aaur_scaffold8.g1.t1                                 0.9358802 0.8282410 0.8436094 0.6648353 0.5282044 0.6669820 0.6568399 0.6012521 0.6310591 0.8863964 0.5973115 0.6657826 0.7118641 0.0000000 0.2582330 0.2646211 0.3159505 0.5177825 0.8176756 0.7913099 0.7861628 0.7967058 0.8312032 0.7240814 0.7258853 0.8613078 0.8816948 0.8832041 1.0426715 0.9549883 1.0221669 0.9865414 1.0042941 0.6896611 0.9999645 0.8933836 0.7226128 0.6989077 1.0212995 0.9764617 1.1506159 1.0229935 1.0229935 1.0859669 1.0635411 1.0270650 1.0212089 1.0079998 1.1081748 1.1081748 1.1762436 1.0565672 1.1008296 1.0963163 1.1079603 1.0067374 1.0996835 1.2287676 1.1266784 
Nemnom_g9592.t1                                      0.9558427 0.7918222 0.8324434 0.6074901 0.5067453 0.6363823 0.6609494 0.5946995 0.6073260 0.8446807 0.6244149 0.6348052 0.6252110 0.2582330 0.0000000 0.0715305 0.2880130 0.5410239 0.7918712 0.8391165 0.8128654 0.8165258 0.6801385 0.6983703 0.7916012 0.8907291 0.7433127 0.7957223 1.0527534 0.9414489 0.9836040 0.9476328 1.0159563 0.7150867 0.9133395 0.8618550 0.7676406 0.7057935 1.0715493 1.0743116 1.0600222 1.1139749 1.1743769 1.1643504 1.0883301 1.1778137 1.1768164 1.1996301 1.2115662 1.2115662 1.3692212 1.2497098 1.2550033 1.2464958 1.2572020 1.1353943 1.2763910 1.3234616 1.3324447 
Rhoesc_Res_011769-T1                                 0.9643263 0.8115109 0.8386821 0.6140162 0.5132479 0.6317694 0.6703744 0.5938909 0.6100801 0.8062902 0.6099832 0.6483536 0.6403928 0.2646211 0.0715305 0.0000000 0.2674697 0.5376088 0.7869438 0.8400532 0.8113644 0.8028321 0.6683724 0.6915349 0.7737899 0.8855965 0.7317467 0.8289823 1.0505461 0.9208371 0.9553032 0.9098105 0.9726098 0.7094663 0.8950757 0.8409266 0.7499465 0.7045307 1.0572125 1.0451620 1.0591099 1.0935744 1.1500991 1.1499203 1.0696036 1.1423206 1.1413610 1.2232047 1.2383579 1.2383579 1.3704969 1.2465105 1.2667670 1.2683390 1.2791977 1.1601326 1.2693014 1.3250670 1.3584396 
Sanmal_Sma_007705-T1                                 0.8792883 0.7840424 0.8595527 0.5757517 0.5076294 0.5747002 0.5735335 0.5436886 0.5323886 0.6746147 0.5732079 0.5792165 0.5791753 0.3159505 0.2880130 0.2674697 0.0000000 0.5125447 0.8324977 0.8284892 0.8009996 0.7902927 0.7115694 0.6834740 0.7336674 0.8681446 0.7402704 0.8921319 0.9978923 0.8903029 0.9113485 0.8985171 0.8977313 0.7207022 0.8795981 0.8255567 0.7423650 0.7413873 0.9650458 0.9508565 1.0357390 1.1732042 1.1890464 1.2135604 1.1607646 1.1919149 1.1918320 1.2702859 1.3108750 1.3108750 1.3880539 1.2693589 1.2624150 1.2578514 1.2803831 1.2072524 1.3251694 1.3896474 1.3949874 
Morvir_scaffold125.g38.t1                            1.0072169 0.8323266 0.8865024 0.6392385 0.5158893 0.6623790 0.6481883 0.6411241 0.6193468 0.8958377 0.6291564 0.6346469 0.6364016 0.5177825 0.5410239 0.5376088 0.5125447 0.0000000 0.9568731 0.9559653 0.9710195 0.9409330 0.7602636 0.7474415 0.9295035 0.9486762 0.7889770 0.9210653 1.0199372 1.0123004 1.0371167 1.0542647 1.0426495 0.7863941 0.9858888 0.8842946 0.7131907 0.8462842 1.0372165 1.0452744 1.0910836 1.2843853 1.3667181 1.3783397 1.2794854 1.3501419 1.3524731 1.2927789 1.3853201 1.3853201 1.4866279 1.3660798 1.4073329 1.4015009 1.3995884 1.1955452 1.3788990 1.4476586 1.2982657 
Aque_Aqu2.1.39203_001                                0.9873648 0.8276111 0.8676781 0.7934563 0.6707063 0.8203133 0.8627414 0.8066854 0.8240490 1.1325828 0.8406108 0.7322575 0.7303613 0.8176756 0.7918712 0.7869438 0.8324977 0.9568731 0.0000000 0.2608515 0.5285874 0.5319222 0.4417051 0.5023785 0.6581404 0.9647816 0.9310942 0.8806885 1.0841398 0.9503688 0.9314474 0.9871335 0.9085401 0.7395761 0.9728529 0.8802363 0.9557998 1.0037920 1.0639466 1.0793530 0.9015214 1.0466851 1.0813647 1.1395903 1.0726227 1.0983045 1.0973843 1.3227201 1.3410530 1.3410530 1.3898414 1.2740271 1.3247359 1.3012261 1.3035305 1.2218773 1.3200554 1.3607040 1.3120738 
Halamb_c50601_g1_i1m.28702                           0.9075098 0.8233277 0.8192396 0.8299116 0.7023157 0.8446339 0.8776342 0.8102742 0.8130049 1.1188053 0.8888830 0.7589249 0.7476134 0.7913099 0.8391165 0.8400532 0.8284892 0.9559653 0.2608515 0.0000000 0.5584109 0.5569781 0.4731403 0.5526670 0.6453898 0.9232107 0.8847183 0.8768306 1.0582743 0.9606717 0.9716244 0.9929706 0.9005299 0.7571198 0.9341835 0.8510251 0.9974956 1.1044171 0.9694093 1.0564285 0.9145878 1.1477597 1.1942059 1.2285324 1.1059338 1.1514890 1.1505308 1.3479389 1.3691467 1.3691467 1.4250744 1.3035839 1.3894548 1.3400700 1.3575865 1.2132462 1.3818952 1.4441986 1.3798806 
Emue_Em0023g227a.t1                                  0.9636113 0.7824125 0.8152245 0.8368543 0.6548175 0.8198932 0.8703604 0.7926518 0.7947472 1.2202802 0.8578892 0.8273207 0.8031298 0.7861628 0.8128654 0.8113644 0.8009996 0.9710195 0.5285874 0.5584109 0.0000000 0.0947148 0.2894914 0.5481710 0.4710551 0.9967329 0.7879897 0.9478518 1.2239227 0.9500423 0.9773333 1.0133419 0.9741684 0.7659212 1.0016816 0.8768859 0.9520560 1.0905609 1.0062896 1.1631563 0.9869281 1.2321676 1.3146174 1.3873956 1.2146028 1.3237069 1.3225073 1.4173809 1.4252344 1.4252344 1.3905335 1.3169497 1.4091697 1.3568416 1.3507008 1.3121649 1.3706479 1.4961745 1.4567127 
Spolac_c104178_g1_i1_m.38632c104178-g1               0.9330876 0.7950119 0.7993931 0.8182412 0.6448700 0.8127318 0.8710447 0.7783025 0.7880552 1.2472591 0.8361311 0.8114284 0.8181594 0.7967058 0.8165258 0.8028321 0.7902927 0.9409330 0.5319222 0.5569781 0.0947148 0.0000000 0.2950371 0.5587967 0.4665224 0.9590211 0.7601165 0.9751929 1.1897715 0.9309613 0.9448441 1.0038578 0.9543004 0.7142198 0.9870893 0.9127873 0.9475202 1.0443189 0.9826583 1.1795547 0.9653987 1.2040381 1.2832383 1.3141614 1.1506502 1.2800616 1.2789485 1.3859761 1.4018275 1.4018275 1.4030112 1.2957744 1.4198422 1.3368861 1.3396890 1.2739881 1.3583916 1.4567251 1.4392849 
Stycar_maker-SC_scaffold110147-snap-gene-0.45-mRNA-1 0.9749927 0.7453903 0.7044025 0.6425727 0.5453401 0.6568587 0.7165120 0.6475996 0.6469680 1.0941641 0.6946165 0.7549549 0.7494864 0.8312032 0.6801385 0.6683724 0.7115694 0.7602636 0.4417051 0.4731403 0.2894914 0.2950371 0.0000000 0.5529393 0.3411240 0.8816575 0.7558735 0.9422587 1.0993417 0.9344496 0.9168925 0.9755894 0.9846805 0.7667099 0.8549634 0.6929539 1.0236087 1.0627830 0.8689020 0.9969020 0.7993958 1.0336707 1.0336707 1.0743138 1.0866259 1.0183986 1.0225917 1.3040630 1.3189937 1.3189937 1.3491733 1.2160642 1.4005992 1.3421709 1.3279460 1.1232923 1.2943265 1.4271422 1.3453388 
Plespi_Pspi_scaffold19781_01                         0.7952130 0.7705009 0.7255635 0.7432006 0.6732117 0.6332269 0.6332700 0.6288450 0.6645563 0.8191678 0.6249677 0.6543372 0.6780151 0.7240814 0.6983703 0.6915349 0.6834740 0.7474415 0.5023785 0.5526670 0.5481710 0.5587967 0.5529393 0.0000000 0.4592271 0.7821492 0.8885566 0.8090274 0.9758275 0.7964727 0.8414486 0.8454996 0.8477967 0.6826863 0.9002181 0.7681866 0.9025798 0.8904698 0.9717536 1.0055707 0.7685070 1.1015913 1.1015913 1.1425319 1.1200854 1.0816423 1.0816423 1.2588675 1.3032132 1.3032132 1.4131408 1.2849080 1.2806244 1.2514088 1.2747222 1.2286562 1.3773135 1.3899793 1.3784694 
Tetwil_g20883.t1                                     0.9763575 0.8649642 0.7848168 0.8322455 0.5757653 0.8381012 0.8296558 0.7408325 0.7752950 0.9420856 0.7864787 0.7504672 0.6862207 0.7258853 0.7916012 0.7737899 0.7336674 0.9295035 0.6581404 0.6453898 0.4710551 0.4665224 0.3411240 0.4592271 0.0000000 1.0683841 0.9139828 0.9271040 1.0758238 0.9751917 1.0037983 0.9970115 1.0155939 0.7817871 1.1272512 0.9672679 1.0895358 1.1040721 1.1634916 1.1651960 1.0925150 1.2122489 1.3194654 1.2920453 1.1001922 1.2518886 1.2460494 1.2180414 1.2967771 1.2967771 1.3892090 1.2565028 1.2570150 1.2079506 1.2217429 1.0553648 1.3032132 1.3108672 1.4122042 
Spur_XM_030982720.1                                  0.6675741 0.7525605 0.7775219 0.8629157 0.6480312 0.8164688 0.8431308 0.8472471 0.8128940 1.2753963 0.8630397 0.8987215 0.9007477 0.8613078 0.8907291 0.8855965 0.8681446 0.9486762 0.9647816 0.9232107 0.9967329 0.9590211 0.8816575 0.7821492 1.0683841 0.0000000 0.5666977 0.7791476 0.9129768 1.0559056 1.1808097 1.1484698 1.1511765 0.8446776 0.8392751 1.0232056 1.0544075 0.9914543 0.9282097 0.9262882 1.0914536 1.3211872 1.3364535 1.4311342 1.3350725 1.3581842 1.3658128 1.3294634 1.3403930 1.3403930 1.4921477 1.3806132 1.3317286 1.3536579 1.3604355 1.1285738 1.4166802 1.4511559 1.3963011 
Skow_XM_002738076.2                                  0.6355581 0.6639590 0.6507999 0.7688986 0.6873771 0.7724350 0.7832252 0.7083257 0.7097995 1.7953293 0.8569356 0.7416547 0.7615249 0.8816948 0.7433127 0.7317467 0.7402704 0.7889770 0.9310942 0.8847183 0.7879897 0.7601165 0.7558735 0.8885566 0.9139828 0.5666977 0.0000000 0.7165018 0.7238218 0.9759869 1.0152660 0.9962926 0.9853127 0.7630128 0.7408745 0.8879295 0.7527322 0.7996194 0.7032764 0.8379699 0.9873444 1.3281425 1.3281425 1.3936081 1.4464086 1.3671962 1.3716802 1.3115198 1.3468109 1.3468109 1.5631336 1.3693495 1.3419114 1.2819298 1.2909049 1.2148669 1.3485777 1.3242881 1.4901576 
Tcas_TC014680_001                                    0.8426464 0.6282338 0.6807585 0.8249130 0.7024824 0.8776840 0.9002868 0.8574679 0.8764830 1.0970236 0.9157191 0.7667502 0.7970746 0.8832041 0.7957223 0.8289823 0.8921319 0.9210653 0.8806885 0.8768306 0.9478518 0.9751929 0.9422587 0.8090274 0.9271040 0.7791476 0.7165018 0.0000000 0.6690235 1.0595223 1.0896871 1.0751506 1.0528286 0.8238296 0.8406811 0.9356897 0.9519544 0.9567669 0.9034693 0.8454909 1.0612397 1.2742975 1.2742975 1.3419334 1.3573251 1.3188867 1.3224017 1.2274630 1.3208168 1.3208168 1.3706326 1.2989752 1.3137678 1.2876532 1.2950932 1.2684140 1.2644866 1.3985774 1.3609343 
Dpul_mRNA8793                                        0.8994383 0.7753950 0.7978751 1.0187214 0.7893107 1.0422987 1.0632930 1.0579093 1.0728348 1.3639209 1.1079321 1.0244709 0.9869622 1.0426715 1.0527534 1.0505461 0.9978923 1.0199372 1.0841398 1.0582743 1.2239227 1.1897715 1.0993417 0.9758275 1.0758238 0.9129768 0.7238218 0.6690235 0.0000000 1.1858258 1.2288743 1.1892213 1.1802420 0.9525289 0.8925038 1.1337621 1.0782602 1.0829906 0.9771023 0.9992842 1.2856300 1.3831901 1.4069493 1.4850651 1.3884621 1.4410681 1.4388096 1.4198628 1.5156503 1.5156503 1.5743773 1.4583696 1.4833815 1.4777972 1.4900858 1.3243739 1.4598435 1.5051762 1.5215228 
Scil_scict016573.1                                   1.0272853 0.9576446 0.9854389 0.9018502 0.6288200 0.9365797 0.9524314 0.8772710 0.8569185 1.4487488 0.9521952 0.8743785 0.8830834 0.9549883 0.9414489 0.9208371 0.8903029 1.0123004 0.9503688 0.9606717 0.9500423 0.9309613 0.9344496 0.7964727 0.9751917 1.0559056 0.9759869 1.0595223 1.1858258 0.0000000 0.2433299 0.2713852 0.3300334 0.5655015 1.1249558 0.9130586 1.0072908 1.0712835 1.1389665 1.1666820 1.1560742 1.4781561 1.4723816 1.6030813 1.4918721 1.5026366 1.5012356 1.2191337 1.3026484 1.3026484 1.4695544 1.3127999 1.2945181 1.3019701 1.3125856 1.0847731 1.2649260 1.3577586 1.3887115 
Gracom_Gcom_C557816_01                               1.0293582 0.9253011 1.0097231 0.9351307 0.6416675 0.9132846 0.9629310 0.8821411 0.8814468 1.4206218 0.9566194 0.9066167 0.9459265 1.0221669 0.9836040 0.9553032 0.9113485 1.0371167 0.9314474 0.9716244 0.9773333 0.9448441 0.9168925 0.8414486 1.0037983 1.1808097 1.0152660 1.0896871 1.2288743 0.2433299 0.0000000 0.2815430 0.3383229 0.5518076 1.1061427 0.8885676 1.0995254 1.1958152 1.2146818 1.1646616 1.1456834 1.4971223 1.4923094 1.5505105 1.4687733 1.4818153 1.4762610 1.3375072 1.3374945 1.3374945 1.5392428 1.3829028 1.4178506 1.3757905 1.3775474 1.1664164 1.3419383 1.4788517 1.4810669 
Leuniv_Lniv_C814156_01                               1.0597118 0.9703999 1.0122576 0.9012537 0.6500692 0.9256357 0.9925335 0.9154404 0.9007379 1.4103110 0.9603871 0.8543197 0.9077161 0.9865414 0.9476328 0.9098105 0.8985171 1.0542647 0.9871335 0.9929706 1.0133419 1.0038578 0.9755894 0.8454996 0.9970115 1.1484698 0.9962926 1.0751506 1.1892213 0.2713852 0.2815430 0.0000000 0.3150810 0.5958822 1.1408094 0.9259628 1.0853048 1.1563114 1.2285393 1.1910263 1.1386958 1.4521158 1.4383364 1.5756988 1.4955390 1.5095502 1.5039973 1.3362262 1.3903205 1.3903205 1.6153145 1.4499305 1.4361343 1.4137785 1.4158715 1.1938528 1.3365390 1.4540410 1.4041360 
Lcom_lcpid22770                                      1.0659864 0.9476834 0.9856080 0.9035693 0.6401954 0.9312001 0.9916302 0.9163254 0.9066742 1.4748812 0.9996687 0.8650642 0.8852028 1.0042941 1.0159563 0.9726098 0.8977313 1.0426495 0.9085401 0.9005299 0.9741684 0.9543004 0.9846805 0.8477967 1.0155939 1.1511765 0.9853127 1.0528286 1.1802420 0.3300334 0.3383229 0.3150810 0.0000000 0.5677379 1.0288835 0.9234086 0.9756671 1.0879821 1.2048529 1.1376721 1.1058550 1.4637806 1.4594576 1.5422609 1.4510926 1.4779841 1.4734641 1.3141985 1.3406588 1.3406588 1.4975227 1.3293422 1.3694039 1.3606058 1.3713137 1.1582580 1.3063615 1.4656204 1.3934830 
Clacor_Ccor_C537911_01                               0.8475400 0.7419055 0.7766135 0.6821614 0.6708867 0.6518094 0.7091558 0.6440626 0.6388000 1.0382010 0.6931778 0.6777758 0.7073783 0.6896611 0.7150867 0.7094663 0.7207022 0.7863941 0.7395761 0.7571198 0.7659212 0.7142198 0.7667099 0.6826863 0.7817871 0.8446776 0.7630128 0.8238296 0.9525289 0.5655015 0.5518076 0.5958822 0.5677379 0.0000000 0.8686182 0.7319384 0.7599690 0.8652311 0.9376887 0.9863311 0.8764811 1.1364172 1.1364172 1.1436177 1.1578776 1.1229139 1.1210677 1.2369218 1.1927301 1.1927301 1.4502039 1.2611049 1.2827754 1.1924714 1.2056160 1.2670332 1.2537894 1.2375740 1.3808031 
Cgig_XM_011448862.3                                  0.8605855 0.7072063 0.5974636 0.8652676 0.6590388 0.9473618 0.8982242 0.8560784 0.8486703 1.1667921 0.8918687 0.9016111 0.9163081 0.9999645 0.9133395 0.8950757 0.8795981 0.9858888 0.9728529 0.9341835 1.0016816 0.9870893 0.8549634 0.9002181 1.1272512 0.8392751 0.7408745 0.8406811 0.8925038 1.1249558 1.1061427 1.1408094 1.0288835 0.8686182 0.0000000 1.0776908 1.0135237 1.1429278 0.8243488 0.8493437 1.1075466 1.3930412 1.4343893 1.5096182 1.3961302 1.4274390 1.4219281 1.3857272 1.3988059 1.3988059 1.5059434 1.3868872 1.3762435 1.4228946 1.4388398 1.2350930 1.4105377 1.4922961 1.6340862 
Opea_EP00118_Oscarella_pearsei_P025298               1.0683571 0.8933229 0.8554036 0.8819254 0.6430559 0.8328707 0.8880668 0.8726813 0.8538763 1.2955761 0.9166872 0.9011125 0.8272467 0.8933836 0.8618550 0.8409266 0.8255567 0.8842946 0.8802363 0.8510251 0.8768859 0.9127873 0.6929539 0.7681866 0.9672679 1.0232056 0.8879295 0.9356897 1.1337621 0.9130586 0.8885676 0.9259628 0.9234086 0.7319384 1.0776908 0.0000000 0.9970279 1.0488760 1.1743865 1.2375872 0.8861856 1.2372308 1.2872913 1.3404374 1.2176265 1.2987915 1.2975396 1.4268833 1.4379593 1.4379593 1.5429890 1.4264070 1.4433400 1.3918586 1.3904556 1.2792913 1.3700697 1.4375846 1.4430875 
Hvul_g31327_1                                        1.0344557 0.8871960 0.9623425 0.8667489 0.7631861 0.8968948 0.9176910 0.8678515 0.8536297 1.0406276 0.9364269 0.8042475 0.8217598 0.7226128 0.7676406 0.7499465 0.7423650 0.7131907 0.9557998 0.9974956 0.9520560 0.9475202 1.0236087 0.9025798 1.0895358 1.0544075 0.7527322 0.9519544 1.0782602 1.0072908 1.0995254 1.0853048 0.9756671 0.7599690 1.0135237 0.9970279 0.0000000 0.4462912 1.1624881 1.0478687 1.1047644 1.2104576 1.2466274 1.2963468 1.2266873 1.2902113 1.2931449 1.3487938 1.3660281 1.3660281 1.5374500 1.3955435 1.3509916 1.3162031 1.3153355 1.2474452 1.3586528 1.4707330 1.4716620 
Chem_TCONS_00018202                                  1.1049931 0.9283754 1.0219565 0.8265065 0.6993364 0.8718950 0.8952520 0.8247826 0.8428635 1.1405116 0.8909204 0.9202710 0.9320647 0.6989077 0.7057935 0.7045307 0.7413873 0.8462842 1.0037920 1.1044171 1.0905609 1.0443189 1.0627830 0.8904698 1.1040721 0.9914543 0.7996194 0.9567669 1.0829906 1.0712835 1.1958152 1.1563114 1.0879821 0.8652311 1.1429278 1.0488760 0.4462912 0.0000000 1.2361043 1.0979424 1.2079718 1.3008652 1.3750984 1.4181098 1.2895280 1.3794419 1.3846027 1.3336721 1.3814207 1.3814207 1.5448472 1.3912183 1.3502841 1.3607686 1.3611058 1.1593597 1.3696452 1.4578549 1.4128089 
Bralan_BLAG02000870_1                                0.8589700 0.7915425 0.7867257 0.9894504 0.7620325 0.9800098 0.9582077 0.8917020 0.8995565 1.2343370 0.9389765 0.9517258 0.8487173 1.0212995 1.0715493 1.0572125 0.9650458 1.0372165 1.0639466 0.9694093 1.0062896 0.9826583 0.8689020 0.9717536 1.1634916 0.9282097 0.7032764 0.9034693 0.9771023 1.1389665 1.2146818 1.2285393 1.2048529 0.9376887 0.8243488 1.1743865 1.1624881 1.2361043 0.0000000 1.0547553 1.1807649 1.3998484 1.4155586 1.5122715 1.4204913 1.4251692 1.4219837 1.3430226 1.4083438 1.4083438 1.4051135 1.3291314 1.3908963 1.3892649 1.3949189 1.2399802 1.3972994 1.4097705 1.5588118 
Ctel_gnl_WGS_AMQN_CAPTEDRAFT_mRNA162556              0.9330730 0.7615339 0.7339053 0.9336258 0.9034397 1.0199569 1.0171145 0.9867451 0.9587344 1.1980445 1.0170400 0.9629884 0.9830515 0.9764617 1.0743116 1.0451620 0.9508565 1.0452744 1.0793530 1.0564285 1.1631563 1.1795547 0.9969020 1.0055707 1.1651960 0.9262882 0.8379699 0.8454909 0.9992842 1.1666820 1.1646616 1.1910263 1.1376721 0.9863311 0.8493437 1.2375872 1.0478687 1.0979424 1.0547553 0.0000000 1.1483936 1.4160960 1.4559215 1.5196198 1.4787118 1.5034827 1.5038488 1.4417252 1.5011870 1.5011870 1.5563962 1.4708573 1.4492679 1.4571995 1.4630628 1.2855327 1.5340182 1.5528531 1.5375867 
Plajan_Pjan_C568442_01                               1.0991445 0.9069773 0.9391907 1.0557234 0.7724614 0.9741493 1.0717886 0.9848674 0.9834771 1.7509483 1.0772520 1.0016525 1.0233126 1.1506159 1.0600222 1.0591099 1.0357390 1.0910836 0.9015214 0.9145878 0.9869281 0.9653987 0.7993958 0.7685070 1.0925150 1.0914536 0.9873444 1.0612397 1.2856300 1.1560742 1.1456834 1.1386958 1.1058550 0.8764811 1.1075466 0.8861856 1.1047644 1.2079718 1.1807649 1.1483936 0.0000000 1.2267404 1.2681208 1.3373331 1.2341413 1.3254848 1.3265745 1.4959915 1.5330394 1.5330394 1.6185226 1.4358412 1.5087719 1.5291902 1.5196556 1.2882954 1.5350155 1.6605173 1.5647014 
Tadh_TriadT58079                                     1.4181304 1.1257424 1.2627386 1.0557065 0.9433456 1.0874543 1.1059812 1.0709573 1.1141543 1.4960692 1.0961455 1.1404572 1.2301691 1.0229935 1.1139749 1.0935744 1.1732042 1.2843853 1.0466851 1.1477597 1.2321676 1.2040381 1.0336707 1.1015913 1.2122489 1.3211872 1.3281425 1.2742975 1.3831901 1.4781561 1.4971223 1.4521158 1.4637806 1.1364172 1.3930412 1.2372308 1.2104576 1.3008652 1.3998484 1.4160960 1.2267404 0.0000000 0.0000010 0.2719911 0.2747358 0.2532216 0.2541695 1.5193440 1.5286247 1.5286247 1.5742151 1.4365150 1.4870945 1.5590189 1.5604109 1.2686269 1.6430296 1.5746175 1.6911833 
TrH2_TrispH2_000551-RA                               1.4558698 1.1257424 1.2627386 1.1123211 0.9433456 1.1395689 1.1535277 1.1256847 1.1679549 1.5615680 1.1420913 1.1810139 1.2301691 1.0229935 1.1743769 1.1500991 1.1890464 1.3667181 1.0813647 1.1942059 1.3146174 1.2832383 1.0336707 1.1015913 1.3194654 1.3364535 1.3281425 1.2742975 1.4069493 1.4723816 1.4923094 1.4383364 1.4594576 1.1364172 1.4343893 1.2872913 1.2466274 1.3750984 1.4155586 1.4559215 1.2681208 0.0000010 0.0000000 0.3049440 0.2747358 0.2521919 0.2531076 1.5462591 1.5535321 1.5535321 1.6123511 1.4715672 1.5277280 1.5920510 1.5934967 1.2686269 1.6912325 1.6096299 1.7245876 
HoiH06_mRNA11165                                     1.5501522 1.2007350 1.3496078 1.1481263 1.0203238 1.2157775 1.2501186 1.1656108 1.2177996 1.6060468 1.2080150 1.2394763 1.2947892 1.0859669 1.1643504 1.1499203 1.2135604 1.3783397 1.1395903 1.2285324 1.3873956 1.3141614 1.0743138 1.1425319 1.2920453 1.4311342 1.3936081 1.3419334 1.4850651 1.6030813 1.5505105 1.5756988 1.5422609 1.1436177 1.5096182 1.3404374 1.2963468 1.4181098 1.5122715 1.5196198 1.3373331 0.2719911 0.3049440 0.0000000 0.0474516 0.1700552 0.1703121 1.6122293 1.6185258 1.6185258 1.6481518 1.5111123 1.5826793 1.6233022 1.6249928 1.3415368 1.7556398 1.6870506 1.7554275 
HoiH23_PlH23_009034-RA                               1.4328247 1.2260406 1.3072882 1.0758586 1.0530631 1.1120410 1.1448712 1.0578916 1.0957266 1.3628937 1.1069051 1.1479891 1.2345000 1.0635411 1.0883301 1.0696036 1.1607646 1.2794854 1.0726227 1.1059338 1.2146028 1.1506502 1.0866259 1.1200854 1.1001922 1.3350725 1.4464086 1.3573251 1.3884621 1.4918721 1.4687733 1.4955390 1.4510926 1.1578776 1.3961302 1.2176265 1.2266873 1.2895280 1.4204913 1.4787118 1.2341413 0.2747358 0.2747358 0.0474516 0.0000000 0.1407811 0.1405342 1.5342214 1.5299849 1.5299849 1.5508491 1.4274062 1.4968225 1.5510946 1.5559827 1.3700069 1.6515376 1.5897074 1.6817966 
Hhon_g00140.t1                                       1.4805549 1.1527511 1.3104423 1.1323786 1.0022622 1.1553055 1.1908106 1.1500722 1.1907062 1.6069457 1.1745824 1.1771139 1.2307811 1.0270650 1.1778137 1.1423206 1.1919149 1.3501419 1.0983045 1.1514890 1.3237069 1.2800616 1.0183986 1.0816423 1.2518886 1.3581842 1.3671962 1.3188867 1.4410681 1.5026366 1.4818153 1.5095502 1.4779841 1.1229139 1.4274390 1.2987915 1.2902113 1.3794419 1.4251692 1.5034827 1.3254848 0.2532216 0.2521919 0.1700552 0.1407811 0.0000000 0.0027880 1.5678494 1.5668160 1.5668160 1.6446899 1.5058940 1.5635806 1.5621260 1.5690256 1.3244233 1.6740301 1.6260922 1.7108316 
HoiH04_mRNA4308                                      1.4855647 1.1561587 1.3119262 1.1314142 1.0000522 1.1582056 1.1896733 1.1490092 1.1895848 1.5927874 1.1734516 1.1760405 1.2265914 1.0212089 1.1768164 1.1413610 1.1918320 1.3524731 1.0973843 1.1505308 1.3225073 1.2789485 1.0225917 1.0816423 1.2460494 1.3658128 1.3716802 1.3224017 1.4388096 1.5012356 1.4762610 1.5039973 1.4734641 1.1210677 1.4219281 1.2975396 1.2931449 1.3846027 1.4219837 1.5038488 1.3265745 0.2541695 0.2531076 0.1703121 0.1405342 0.0027880 0.0000000 1.5618452 1.5619807 1.5619807 1.6391218 1.5011754 1.5613252 1.5598781 1.5667734 1.3244233 1.6705149 1.6210444 1.7075598 
Mlei_ML2044.g12.i1                                   1.3887364 1.3085808 1.3168586 1.1957397 1.1753782 1.2563708 1.2928903 1.1777185 1.1958466 1.2739743 1.2320024 1.3575464 1.2684083 1.0079998 1.1996301 1.2232047 1.2702859 1.2927789 1.3227201 1.3479389 1.4173809 1.3859761 1.3040630 1.2588675 1.2180414 1.3294634 1.3115198 1.2274630 1.4198628 1.2191337 1.3375072 1.3362262 1.3141985 1.2369218 1.3857272 1.4268833 1.3487938 1.3336721 1.3430226 1.4417252 1.4959915 1.5193440 1.5462591 1.6122293 1.5342214 1.5678494 1.5618452 0.0000000 0.2214938 0.2214938 0.3036364 0.2822465 0.3005678 0.3013939 0.2979355 0.2468055 0.2833280 0.3429523 0.5276532 
Bolinf_Binf_sb1276003                                1.4569741 1.3359318 1.3788246 1.2627150 1.1860167 1.3036297 1.3134078 1.1751906 1.1961525 1.4009913 1.2674693 1.3804143 1.3190940 1.1081748 1.2115662 1.2383579 1.3108750 1.3853201 1.3410530 1.3691467 1.4252344 1.4018275 1.3189937 1.3032132 1.2967771 1.3403930 1.3468109 1.3208168 1.5156503 1.3026484 1.3374945 1.3903205 1.3406588 1.1927301 1.3988059 1.4379593 1.3660281 1.3814207 1.4083438 1.5011870 1.5330394 1.5286247 1.5535321 1.6185258 1.5299849 1.5668160 1.5619807 0.2214938 0.0000000 0.0000010 0.3176439 0.2980201 0.3406745 0.2967531 0.2938791 0.2806744 0.3031980 0.3204471 0.4994935 
Mertsp_Mesp_sb578200                                 1.4569741 1.3359318 1.3788246 1.2627150 1.1860167 1.3036297 1.3134078 1.1751906 1.1961525 1.4009913 1.2674693 1.3804143 1.3190940 1.1081748 1.2115662 1.2383579 1.3108750 1.3853201 1.3410530 1.3691467 1.4252344 1.4018275 1.3189937 1.3032132 1.2967771 1.3403930 1.3468109 1.3208168 1.5156503 1.3026484 1.3374945 1.3903205 1.3406588 1.1927301 1.3988059 1.4379593 1.3660281 1.3814207 1.4083438 1.5011870 1.5330394 1.5286247 1.5535321 1.6185258 1.5299849 1.5668160 1.5619807 0.2214938 0.0000010 0.0000000 0.3176439 0.2980201 0.3406745 0.2967531 0.2938791 0.2806744 0.3031980 0.3204471 0.4994935 
Pbac_sb2648772                                       1.5543123 1.4303061 1.4322693 1.3765562 1.4840875 1.3665411 1.3975541 1.2760710 1.2762385 1.3662229 1.3465653 1.4178212 1.4130505 1.1762436 1.3692212 1.3704969 1.3880539 1.4866279 1.3898414 1.4250744 1.3905335 1.4030112 1.3491733 1.4131408 1.3892090 1.4921477 1.5631336 1.3706326 1.5743773 1.4695544 1.5392428 1.6153145 1.4975227 1.4502039 1.5059434 1.5429890 1.5374500 1.5448472 1.4051135 1.5563962 1.6185226 1.5742151 1.6123511 1.6481518 1.5508491 1.6446899 1.6391218 0.3036364 0.3176439 0.3176439 0.0000000 0.0125846 0.3948705 0.3769009 0.3853910 0.4036465 0.3841142 0.4223996 0.6160446 
Horcal_Hcv1.av93.c11.g929.i1                         1.4111734 1.2916649 1.3183385 1.2439121 1.2625343 1.2732438 1.2909269 1.1695273 1.1727280 1.3844066 1.2263791 1.3211995 1.3007144 1.0565672 1.2497098 1.2465105 1.2693589 1.3660798 1.2740271 1.3035839 1.3169497 1.2957744 1.2160642 1.2849080 1.2565028 1.3806132 1.3693495 1.2989752 1.4583696 1.3127999 1.3829028 1.4499305 1.3293422 1.2611049 1.3868872 1.4264070 1.3955435 1.3912183 1.3291314 1.4708573 1.4358412 1.4365150 1.4715672 1.5111123 1.4274062 1.5058940 1.5011754 0.2822465 0.2980201 0.2980201 0.0125846 0.0000000 0.3662915 0.3592470 0.3685865 0.3462951 0.3653780 0.3930014 0.5809663 
Vmul_sbMO457725                                      1.3905936 1.3521800 1.2876433 1.2790101 1.1903259 1.2765952 1.2977860 1.1781982 1.2016815 1.5216703 1.2251034 1.3524668 1.3096278 1.1008296 1.2550033 1.2667670 1.2624150 1.4073329 1.3247359 1.3894548 1.4091697 1.4198422 1.4005992 1.2806244 1.2570150 1.3317286 1.3419114 1.3137678 1.4833815 1.2945181 1.4178506 1.4361343 1.3694039 1.2827754 1.3762435 1.4433400 1.3509916 1.3502841 1.3908963 1.4492679 1.5087719 1.4870945 1.5277280 1.5826793 1.4968225 1.5635806 1.5613252 0.3005678 0.3406745 0.3406745 0.3948705 0.3662915 0.0000000 0.1420359 0.1497852 0.2763292 0.4220874 0.3516076 0.4985082 
Coeast_Cast_sb784978                                 1.3550541 1.3725846 1.3219661 1.2847092 1.1921235 1.2420876 1.3032190 1.1916056 1.1821614 1.4852034 1.2469183 1.3493325 1.2884241 1.0963163 1.2464958 1.2683390 1.2578514 1.4015009 1.3012261 1.3400700 1.3568416 1.3368861 1.3421709 1.2514088 1.2079506 1.3536579 1.2819298 1.2876532 1.4777972 1.3019701 1.3757905 1.4137785 1.3606058 1.1924714 1.4228946 1.3918586 1.3162031 1.3607686 1.3892649 1.4571995 1.5291902 1.5590189 1.5920510 1.6233022 1.5510946 1.5621260 1.5598781 0.3013939 0.2967531 0.2967531 0.3769009 0.3592470 0.1420359 0.0000000 0.0129132 0.2685679 0.3989858 0.3287750 0.5234253 
Coemet_Cmet_C605108_01                               1.3621322 1.3836100 1.3246596 1.2969207 1.2231620 1.2458898 1.3084570 1.2036683 1.1885414 1.4653856 1.2514954 1.3617865 1.3063576 1.1079603 1.2572020 1.2791977 1.2803831 1.3995884 1.3035305 1.3575865 1.3507008 1.3396890 1.3279460 1.2747222 1.2217429 1.3604355 1.2909049 1.2950932 1.4900858 1.3125856 1.3775474 1.4158715 1.3713137 1.2056160 1.4388398 1.3904556 1.3153355 1.3611058 1.3949189 1.4630628 1.5196556 1.5604109 1.5934967 1.6249928 1.5559827 1.5690256 1.5667734 0.2979355 0.2938791 0.2938791 0.3853910 0.3685865 0.1497852 0.0129132 0.0000000 0.2655903 0.3974652 0.3331442 0.5316021 
Drygla_Dgla_sb305851                                 1.1172784 1.2794853 1.2700260 1.0999970 1.1162450 1.1565091 1.1961973 1.0638342 1.1018514 0.8534643 1.1339671 1.1901805 1.2541279 1.0067374 1.1353943 1.1601326 1.2072524 1.1955452 1.2218773 1.2132462 1.3121649 1.2739881 1.1232923 1.2286562 1.0553648 1.1285738 1.2148669 1.2684140 1.3243739 1.0847731 1.1664164 1.1938528 1.1582580 1.2670332 1.2350930 1.2792913 1.2474452 1.1593597 1.2399802 1.2855327 1.2882954 1.2686269 1.2686269 1.3415368 1.3700069 1.3244233 1.3244233 0.2468055 0.2806744 0.2806744 0.4036465 0.3462951 0.2763292 0.2685679 0.2655903 0.0000000 0.3037985 0.3603551 0.5152453 
Beraby_Baby_sb342815                                 1.4145805 1.3167059 1.3601271 1.2172077 1.1580655 1.3284190 1.3192450 1.2327754 1.2180858 1.4649287 1.2856416 1.3531182 1.3079787 1.0996835 1.2763910 1.2693014 1.3251694 1.3788990 1.3200554 1.3818952 1.3706479 1.3583916 1.2943265 1.3773135 1.3032132 1.4166802 1.3485777 1.2644866 1.4598435 1.2649260 1.3419383 1.3365390 1.3063615 1.2537894 1.4105377 1.3700697 1.3586528 1.3696452 1.3972994 1.5340182 1.5350155 1.6430296 1.6912325 1.7556398 1.6515376 1.6740301 1.6705149 0.2833280 0.3031980 0.3031980 0.3841142 0.3653780 0.4220874 0.3989858 0.3974652 0.3037985 0.0000000 0.4450586 0.5846151 
Lampan_Lpan_C418787_01                               1.4820835 1.4178591 1.4069373 1.3098527 1.2073836 1.3543962 1.3718718 1.3184995 1.3287864 1.6336261 1.3368689 1.3917088 1.3613230 1.2287676 1.3234616 1.3250670 1.3896474 1.4476586 1.3607040 1.4441986 1.4961745 1.4567251 1.4271422 1.3899793 1.3108672 1.4511559 1.3242881 1.3985774 1.5051762 1.3577586 1.4788517 1.4540410 1.4656204 1.2375740 1.4922961 1.4375846 1.4707330 1.4578549 1.4097705 1.5528531 1.6605173 1.5746175 1.6096299 1.6870506 1.5897074 1.6260922 1.6210444 0.3429523 0.3204471 0.3204471 0.4223996 0.3930014 0.3516076 0.3287750 0.3331442 0.3603551 0.4450586 0.0000000 0.5315706 
Eupdun_Edun_sb10657363                               1.5128119 1.3991224 1.4446327 1.3072071 1.2871149 1.2723749 1.3138447 1.2499116 1.2793959 1.3876999 1.2631812 1.3821790 1.4212247 1.1266784 1.3324447 1.3584396 1.3949874 1.2982657 1.3120738 1.3798806 1.4567127 1.4392849 1.3453388 1.3784694 1.4122042 1.3963011 1.4901576 1.3609343 1.5215228 1.3887115 1.4810669 1.4041360 1.3934830 1.3808031 1.6340862 1.4430875 1.4716620 1.4128089 1.5588118 1.5375867 1.5647014 1.6911833 1.7245876 1.7554275 1.6817966 1.7108316 1.7075598 0.5276532 0.4994935 0.4994935 0.6160446 0.5809663 0.4985082 0.5234253 0.5316021 0.5152453 0.5846151 0.5315706 0.0000000 
