50
Hsap_ENST00000409433                                     0.0000000 1.2483799 1.4966177 0.7725755 1.5478328 1.5537280 1.4876793 1.7525716 1.5248153 2.0345796 1.2847196 1.5425339 0.9471368 2.0617210 1.5860842 1.7066380 0.9613857 1.8522207 1.6889712 0.8836130 1.5892072 1.6722686 1.3029299 2.2350840 1.7112833 1.8728637 1.8721936 1.6674240 1.0728302 2.4761854 1.9728183 2.0389153 2.0186093 2.0186093 2.8468759 3.1890018 2.8484777 2.9680155 3.1369501 2.1286543 2.6455680 3.2822632 2.2442802 1.9367559 1.7154041 2.8233185 2.3207946 1.8568642 1.8427896 1.3369690 
Nvec_v1g185757                                           1.2483799 0.0000000 0.9629608 0.3828439 0.9759198 0.9145316 0.9902234 1.1436911 1.4596316 2.0492714 1.4916261 1.2817181 1.1278977 2.0401216 1.7805953 1.9667652 0.9800780 1.6540022 1.5745211 0.8974274 1.8020261 1.6856798 1.3621706 1.6427330 1.3082348 1.5129640 2.1084110 1.5092579 1.2891530 2.4422582 2.0678905 2.0087412 2.0831362 2.0831362 2.6628997 2.8720326 2.9870530 3.0964342 2.8799581 2.2465727 2.5097816 2.6825856 2.3255452 1.7146387 1.9912259 2.9622531 2.6896069 1.1949155 1.8743436 2.3546565 
Gfas_gfas1.m1.1847.m1                                    1.4966177 0.9629608 0.0000000 0.2711533 0.6113095 0.5260589 1.0533861 0.4571537 0.5243403 1.8480648 1.4672246 1.4198774 1.2187307 2.2858911 1.7270521 2.0189771 0.9089073 2.6886550 2.2070769 1.1439288 1.9225149 1.6815732 1.6893634 1.7593118 1.6570662 1.8809891 2.1414102 1.8179600 1.2737938 2.5463461 2.1920136 2.2353500 2.2684326 2.2684326 2.9167663 3.1712817 2.9339247 3.0085036 2.8750230 2.3115592 2.7151568 2.6686395 2.6449042 1.9358885 1.7176558 2.5497208 2.4806853 1.6517206 1.8062016 2.5063910 
Gasp_gasp1.m3.18952.m1                                   0.7725755 0.3828439 0.2711533 0.0000000 0.2946238 0.2541741 0.5588918 0.1730508 0.3631442 1.2023090 1.1678192 0.7678817 0.6547328 1.2236830 0.9012994 0.9719713 0.9521602 1.4629875 1.1497329 1.0418676 1.2215201 1.2183559 1.0312481 0.9157678 0.9481630 1.1070469 1.3694779 1.0806001 1.1242360 1.4138226 1.3574474 1.3543142 1.4652171 1.4652171 2.2219386 2.4833690 2.3381931 2.3197215 2.0130769 1.6670862 1.7732421 1.9309565 1.4667649 1.0019882 1.1002947 1.4362424 1.5648743 0.6675652 0.7450322 1.8330804 
Spis_XP_022790638_1                                      1.5478328 0.9759198 0.6113095 0.2946238 0.0000000 0.0777849 1.0834171 0.5758269 0.8556304 1.8018947 1.3764008 1.3293169 1.3913956 2.1625854 1.5436920 1.7382983 1.0730042 2.2103756 1.8366240 1.1372559 2.0219355 2.0847188 1.7102200 1.6782501 1.4159724 1.6303125 2.5051033 1.8913020 1.3836542 2.3851587 2.1121839 2.1891439 2.3089291 2.3089291 2.5695559 3.2809369 2.8752107 2.8170990 2.6521699 2.4291978 2.5658307 2.5915271 2.0339500 1.6866849 2.0255320 2.6144621 2.3252711 1.7345128 1.8822951 2.5526231 
Pocdam_XM_027190258.1                                    1.5537280 0.9145316 0.5260589 0.2541741 0.0777849 0.0000000 1.0468674 0.5372619 0.8025094 1.8211463 1.4122930 1.2794711 1.2917810 2.2321753 1.5599941 1.7380542 1.0571590 2.2213053 1.8491855 1.0595702 1.9658894 2.0575679 1.6470969 1.7002164 1.3892071 1.6273028 2.4595221 1.8897811 1.3279304 2.3053095 2.1465975 2.2121308 2.3077913 2.3077913 2.6670952 3.2856648 2.9845855 2.9114354 2.7892395 2.2839165 2.6462237 2.6193097 2.0883672 1.6832949 1.9566942 2.6485465 2.3414429 1.6799207 1.8852433 2.5065908 
Dgig_XM_028544941.1                                      1.4876793 0.9902234 1.0533861 0.5588918 1.0834171 1.0468674 0.0000000 1.3401102 1.5323588 1.8935892 1.6588077 1.5119864 1.2689100 1.9471564 1.7895828 1.8510608 1.2860088 1.9336275 1.8532942 1.2383153 2.0512858 2.0691875 1.5455896 1.7317551 1.5697245 1.8429990 2.5367507 2.0073760 1.3841485 2.2229468 2.1001783 2.1108919 2.2968342 2.2968342 3.2700002 3.8461622 3.4045313 3.4795606 3.0555297 2.8979245 2.8195332 2.8648770 2.6582318 2.0574414 1.9594826 2.3915232 2.7194739 0.4021792 2.1354238 2.0206980 
Fspp_ffun1.m4.12355.m1                                   1.7525716 1.1436911 0.4571537 0.1730508 0.5758269 0.5372619 1.3401102 0.0000000 0.8844228 2.1121227 1.7061403 1.6224340 1.4424110 2.5494690 2.1225554 2.4731984 1.2279785 2.9548232 2.2453463 1.4271064 2.7669787 2.1326087 2.1221486 1.8256742 1.6926347 1.9954033 3.0253143 2.1645445 1.3677998 2.8233345 2.5553897 2.4712318 2.6648520 2.6648520 3.7728064 4.3450915 3.7509887 3.9306147 3.1670036 2.8840231 3.2470544 2.7350150 2.6513442 2.0846660 2.3373246 3.0759088 3.5516490 1.7102918 2.0737243 2.6723076 
Amil_Amillepora24873-RA                                  1.5248153 1.4596316 0.5243403 0.3631442 0.8556304 0.8025094 1.5323588 0.8844228 0.0000000 1.8455821 1.4278487 1.5513228 1.3955180 2.7875573 2.3378312 2.4460464 1.0503385 2.9581999 2.0182778 1.0189799 2.1895815 1.9057267 2.0772432 2.2556170 2.0838644 2.0530578 2.4764525 1.9047362 0.8779523 2.2739367 2.0135665 2.0283167 2.0796084 2.0796084 3.1052478 3.7121835 3.7021268 3.7246087 2.9709791 2.4312940 3.0465892 2.7530251 2.7109902 2.2733383 1.9625370 3.1560411 2.4659679 2.4330717 1.7169417 2.7015721 
Nemnom_g7673.t1                                          2.0345796 2.0492714 1.8480648 1.2023090 1.8018947 1.8211463 1.8935892 2.1121227 1.8455821 0.0000000 0.1156474 0.8219300 1.5593260 3.1401118 2.3003555 2.4373048 1.6478853 2.6274414 2.7393531 1.5585409 2.3794760 2.5630503 2.2388641 2.7334881 2.6287966 2.9229890 2.1685341 2.4599231 1.5567835 2.8704749 2.2814404 2.3227229 2.5447242 2.5447242 3.3199960 3.5907575 3.5752006 3.6661478 2.5854896 3.1047939 3.2498544 3.2976082 2.0479537 1.5544555 2.4086607 3.2028554 3.5489075 2.7776905 1.4034506 2.8772502 
Rhoesc_Res_006859-T1                                     1.2847196 1.4916261 1.4672246 1.1678192 1.3764008 1.4122930 1.6588077 1.7061403 1.4278487 0.1156474 0.0000000 0.6491257 1.3032482 2.8814854 2.0107318 2.2689942 1.5879182 2.4956057 2.2765691 1.4516762 1.9320120 2.0178982 1.7201617 2.3883588 2.1634759 2.3644847 2.0079699 1.9689037 1.6291233 2.4974026 1.9672531 2.0143762 1.8568628 1.8568628 3.1060430 3.2763608 2.9296688 2.9731027 2.5621358 2.7172004 3.2017896 2.8959816 1.7625782 1.2620922 1.7693001 2.7447863 3.4671288 2.1733462 1.2049687 2.6367485 
Sanmal_Sma_019267-T1                                     1.5425339 1.2817181 1.4198774 0.7678817 1.3293169 1.2794711 1.5119864 1.6224340 1.5513228 0.8219300 0.6491257 0.0000000 1.4408723 2.6156740 2.0193008 2.4326749 1.3519201 2.2684652 2.3933074 1.3844807 2.4322843 2.3836427 1.5511418 2.1806445 2.1627069 2.2824794 2.2103798 1.8020163 1.4458713 3.0284316 2.5576413 2.5972800 2.7486674 2.7486674 3.0559282 3.1947366 3.5091494 3.3709093 2.8372436 2.6543263 2.7643179 2.8501516 2.1903235 1.1731898 2.1896880 3.1084647 2.6373416 1.9495877 1.6562645 2.4969588 
Bralan_BLAG01002505_1                                    0.9471368 1.1278977 1.2187307 0.6547328 1.3913956 1.2917810 1.2689100 1.4424110 1.3955180 1.5593260 1.3032482 1.4408723 0.0000000 1.9586694 1.5659789 1.8050171 1.0281480 1.8865176 1.4166587 0.9761286 1.4723641 1.5494638 0.9281413 1.2236830 1.1602081 1.3108058 1.8128704 1.6071668 1.2213811 2.1369198 1.9082784 1.9460511 1.9381973 1.9381973 3.1327982 3.6912378 2.8564352 2.8732831 2.9600676 2.0804561 2.4959103 2.6968064 2.4503281 1.7137464 1.4759615 2.2257354 2.1668176 1.6377341 1.8056629 1.6227346 
Aque_Aqu2.1.29895_001                                    2.0617210 2.0401216 2.2858911 1.2236830 2.1625854 2.2321753 1.9471564 2.5494690 2.7875573 3.1401118 2.8814854 2.6156740 1.9586694 0.0000000 1.4075506 1.6148418 0.7314909 0.8970910 2.3256800 1.5839879 2.5413919 2.9098594 1.8176885 2.1551407 2.0813170 2.3867087 2.5508504 2.0714717 1.6283025 3.4602062 3.0910795 3.0396390 2.9052460 2.9052460 2.8969926 3.1745655 2.9632457 2.9843068 2.6893848 2.6108287 2.8240524 3.0718971 4.2539468 2.6241553 2.4949913 2.3924084 2.1732695 2.7410919 3.5149361 2.9268215 
Emue_Em0015g775a.t1                                      1.5860842 1.7805953 1.7270521 0.9012994 1.5436920 1.5599941 1.7895828 2.1225554 2.3378312 2.3003555 2.0107318 2.0193008 1.5659789 1.4075506 0.0000000 0.3368904 0.4812612 1.2839619 2.1524892 1.2025577 2.0977393 2.1483414 1.8431319 1.9300239 1.7791569 1.9984092 2.1850789 2.2002525 1.4150819 3.2087689 2.9437216 2.9414986 2.8945493 2.8945493 3.0727948 3.0236678 2.9579384 3.1227727 2.6847286 2.4094560 2.7360962 3.0512900 2.7510443 2.0702230 2.2988695 1.7682884 1.5759785 2.3000355 2.9695755 2.2373882 
Spolac_c100686_g1_i4_m.23234c100686-g1                   1.7066380 1.9667652 2.0189771 0.9719713 1.7382983 1.7380542 1.8510608 2.4731984 2.4460464 2.4373048 2.2689942 2.4326749 1.8050171 1.6148418 0.3368904 0.0000000 0.5246211 1.4327235 1.9839484 1.4167696 2.3620619 2.6467485 1.9588550 2.4045172 2.1626686 2.3950422 2.0577751 2.4141356 1.4839369 3.4155312 3.4363412 3.3670950 3.3317097 3.3317097 3.4968742 3.1892801 3.1958517 3.3110291 2.7466938 2.3778723 2.5626012 3.1526306 2.7096127 2.3510485 2.5680738 1.7268195 1.6362517 2.3454356 3.1297474 2.3134986 
Stycar_maker-SC_scaffold7469-snap-gene-0.70-mRNA-1       0.9613857 0.9800780 0.9089073 0.9521602 1.0730042 1.0571590 1.2860088 1.2279785 1.0503385 1.6478853 1.5879182 1.3519201 1.0281480 0.7314909 0.4812612 0.5246211 0.0000000 0.7411708 1.2811895 0.9918803 1.0421551 1.1403011 1.2489510 1.5346244 1.4157749 1.3682058 1.1983848 1.4204876 1.1389663 1.5097786 1.5608147 1.5590438 1.5377080 1.5377080 1.7799470 1.8834579 1.7310437 1.7732072 1.6826860 1.3235507 1.5141001 2.0964131 2.4851928 1.5328498 1.5939882 1.0850904 0.7110360 1.2409890 1.5307737 1.7358819 
Xestes_maker-XT_scaffold121278-augustus-gene-0.21-mRNA-1 1.8522207 1.6540022 2.6886550 1.4629875 2.2103756 2.2213053 1.9336275 2.9548232 2.9581999 2.6274414 2.4956057 2.2684652 1.8865176 0.8970910 1.2839619 1.4327235 0.7411708 0.0000000 2.1905168 1.4090056 2.0361640 2.2750830 1.6522707 2.4822824 2.0313658 2.2947938 2.4923341 2.4785212 1.6066698 3.2559661 2.6342144 2.6951288 2.5609723 2.5609723 3.1947481 3.0933745 2.9855290 2.9944988 2.7150010 2.3798825 2.7359992 3.7605034 3.4789796 2.4244388 2.2686971 2.2160013 1.5507692 2.2343939 3.7360531 2.5368773 
Cscu_XM_023377271.1                                      1.6889712 1.5745211 2.2070769 1.1497329 1.8366240 1.8491855 1.8532942 2.2453463 2.0182778 2.7393531 2.2765691 2.3933074 1.4166587 2.3256800 2.1524892 1.9839484 1.2811895 2.1905168 0.0000000 0.9560503 1.5477479 2.4590176 1.4205515 1.9459365 1.7867241 1.6215754 1.7792486 1.9302730 1.5485106 2.6663413 2.5348427 2.4381382 2.3982231 2.3982231 2.8913329 3.1399395 3.1153884 3.2775746 2.9630286 2.2782740 2.8929671 2.6277270 3.5078489 2.5014554 2.1077167 2.8403796 2.5833314 2.3362507 2.2930049 2.5669269 
Ocar_g9942                                               0.8836130 0.8974274 1.1439288 1.0418676 1.1372559 1.0595702 1.2383153 1.4271064 1.0189799 1.5585409 1.4516762 1.3844807 0.9761286 1.5839879 1.2025577 1.4167696 0.9918803 1.4090056 0.9560503 0.0000000 0.0000010 0.7058250 1.0444247 1.1352031 1.0430451 1.0283933 1.0566376 1.3256515 1.3518765 1.3518765 1.3536964 1.3703699 1.4388976 1.4388976 1.5943815 2.0952461 1.7747555 1.7168281 1.7169060 1.0940990 1.3379076 1.7201285 1.9192991 1.6397919 1.4824600 1.6235755 1.8823141 1.1068133 1.4808005 2.1159036 
Opea_EP00118_Oscarella_pearsei_P001752                   1.5892072 1.8020261 1.9225149 1.2215201 2.0219355 1.9658894 2.0512858 2.7669787 2.1895815 2.3794760 1.9320120 2.4322843 1.4723641 2.5413919 2.0977393 2.3620619 1.0421551 2.0361640 1.5477479 0.0000010 0.0000000 1.4716489 1.4015722 1.7253658 1.4850308 1.4813676 1.8545010 1.7777802 1.3240679 2.6637651 2.5996548 2.5919922 2.7161054 2.7161054 2.4043845 3.1260209 2.8882364 2.8808291 2.7316463 2.2100199 2.3587249 2.5341145 2.9772102 2.3093567 2.1144529 2.7229343 2.6276864 2.6180088 2.9609765 2.7309316 
Plajan_Pjan_C536408_01                                   1.6722686 1.6856798 1.6815732 1.2183559 2.0847188 2.0575679 2.0691875 2.1326087 1.9057267 2.5630503 2.0178982 2.3836427 1.5494638 2.9098594 2.1483414 2.6467485 1.1403011 2.2750830 2.4590176 0.7058250 1.4716489 0.0000000 1.7063798 1.9435171 1.9152203 1.8277556 2.0882133 2.3970938 1.2207429 2.4619934 2.3614622 2.3810055 2.3732171 2.3732171 2.5486261 2.8548174 2.7278976 2.8202313 2.9004310 2.1183936 2.5793135 2.8590295 2.9612073 2.4685825 2.9628599 2.6537854 3.5405673 2.8707625 3.2554442 2.3860686 
Clacor_Ccor_scaffold5369_01                              1.3029299 1.3621706 1.6893634 1.0312481 1.7102200 1.6470969 1.5455896 2.1221486 2.0772432 2.2388641 1.7201617 1.5511418 0.9281413 1.8176885 1.8431319 1.9588550 1.2489510 1.6522707 1.4205515 1.0444247 1.4015722 1.7063798 0.0000000 1.0244159 0.9790517 1.1539527 1.5916644 1.8001561 1.1858383 1.8935751 1.8288938 1.7946752 1.7661688 1.7661688 2.2793730 2.2912516 2.7549871 2.8675709 2.3314925 1.7316635 2.0833686 2.3687196 2.4291894 2.0423475 1.7817722 2.3979423 2.2953990 2.0509894 2.3086069 2.1901489 
Scil_scict017390.1                                       2.2350840 1.6427330 1.7593118 0.9157678 1.6782501 1.7002164 1.7317551 1.8256742 2.2556170 2.7334881 2.3883588 2.1806445 1.2236830 2.1551407 1.9300239 2.4045172 1.5346244 2.4822824 1.9459365 1.1352031 1.7253658 1.9435171 1.0244159 0.0000000 0.4864864 0.3967010 2.2121499 1.8702440 1.3281890 2.1578208 2.2176242 2.1997187 2.1638166 2.1638166 2.8546702 2.9383634 3.0320638 2.9862421 2.6378155 2.6175692 2.5730118 2.6524794 3.7832022 2.5314767 2.0146541 2.4716810 2.5815989 2.1370856 2.9847142 1.9497234 
Lcom_lcpid117852                                         1.7112833 1.3082348 1.6570662 0.9481630 1.4159724 1.3892071 1.5697245 1.6926347 2.0838644 2.6287966 2.1634759 2.1627069 1.1602081 2.0813170 1.7791569 2.1626686 1.4157749 2.0313658 1.7867241 1.0430451 1.4850308 1.9152203 0.9790517 0.4864864 0.0000000 0.3882155 2.0000508 1.8562357 1.4411492 2.3304320 2.0772777 2.0937438 2.0427152 2.0427152 2.5161878 2.5304538 2.6102111 2.5224948 2.4856631 2.2351557 2.4384867 2.2815825 2.6516405 2.1789378 2.0144163 1.9008982 2.8716279 1.9147520 2.7468313 2.1579353 
Leuniv_Lniv_C785845_01                                   1.8728637 1.5129640 1.8809891 1.1070469 1.6303125 1.6273028 1.8429990 1.9954033 2.0530578 2.9229890 2.3644847 2.2824794 1.3108058 2.3867087 1.9984092 2.3950422 1.3682058 2.2947938 1.6215754 1.0283933 1.4813676 1.8277556 1.1539527 0.3967010 0.3882155 0.0000000 1.8756194 1.9132825 1.4475593 2.4022103 2.4247429 2.4223807 2.3126289 2.3126289 2.4731805 2.5546963 2.7042424 2.5876893 2.5275581 2.0225268 2.3134529 2.4717619 3.2254352 2.5726304 2.2152020 2.6256885 3.2656282 2.1173236 2.8144602 2.5004647 
Dpul_mRNA25332                                           1.8721936 2.1084110 2.1414102 1.3694779 2.5051033 2.4595221 2.5367507 3.0253143 2.4764525 2.1685341 2.0079699 2.2103798 1.8128704 2.5508504 2.1850789 2.0577751 1.1983848 2.4923341 1.7792486 1.0566376 1.8545010 2.0882133 1.5916644 2.2121499 2.0000508 1.8756194 0.0000000 2.0191403 1.5304269 3.2571299 3.1611021 3.1395456 3.0715727 3.0715727 2.4501053 2.3875524 2.6412352 2.7864085 2.1003835 2.2783239 2.2923044 2.3150988 3.1661582 2.2913532 2.1514839 2.9819413 2.7315956 3.1042953 2.7926651 2.4559207 
Cgig_XM_011434476.3                                      1.6674240 1.5092579 1.8179600 1.0806001 1.8913020 1.8897811 2.0073760 2.1645445 1.9047362 2.4599231 1.9689037 1.8020163 1.6071668 2.0714717 2.2002525 2.4141356 1.4204876 2.4785212 1.9302730 1.3256515 1.7777802 2.3970938 1.8001561 1.8702440 1.8562357 1.9132825 2.0191403 0.0000000 1.1957589 2.6704029 2.6967851 2.5525664 2.4760869 2.4760869 2.9335465 3.1256443 3.2159311 3.2412372 2.9467777 2.8127004 3.0098915 3.7334223 3.5841056 2.3175660 2.0433081 3.5470273 2.9109127 2.5243143 1.7613106 2.1006217 
Tadh_TriadT20071                                         1.0728302 1.2891530 1.2737938 1.1242360 1.3836542 1.3279304 1.3841485 1.3677998 0.8779523 1.5567835 1.6291233 1.4458713 1.2213811 1.6283025 1.4150819 1.4839369 1.1389663 1.6066698 1.5485106 1.3518765 1.3240679 1.2207429 1.1858383 1.3281890 1.4411492 1.4475593 1.5304269 1.1957589 0.0000000 0.0000010 0.2758238 0.2611511 0.2827458 0.2827458 1.7612777 2.2553521 2.0045924 2.0789772 2.0292086 1.6716166 1.9182828 2.2906979 1.9817199 1.3998933 1.3871816 1.5134465 1.5582282 1.3066954 1.0562388 1.8790732 
TrH2_TrispH2_006398-RA                                   2.4761854 2.4422582 2.5463461 1.4138226 2.3851587 2.3053095 2.2229468 2.8233345 2.2739367 2.8704749 2.4974026 3.0284316 2.1369198 3.4602062 3.2087689 3.4155312 1.5097786 3.2559661 2.6663413 1.3518765 2.6637651 2.4619934 1.8935751 2.1578208 2.3304320 2.4022103 3.2571299 2.6704029 0.0000010 0.0000000 0.4568878 0.4495342 0.4684541 0.4684541 3.3729154 4.0214737 3.7358389 3.9276151 3.3604476 2.8192690 3.0201783 4.1005705 2.9883951 2.6871767 2.5818192 2.7993382 3.3972568 2.9664704 3.1128275 3.3420267 
HoiH06_mRNA8155                                          1.9728183 2.0678905 2.1920136 1.3574474 2.1121839 2.1465975 2.1001783 2.5553897 2.0135665 2.2814404 1.9672531 2.5576413 1.9082784 3.0910795 2.9437216 3.4363412 1.5608147 2.6342144 2.5348427 1.3536964 2.5996548 2.3614622 1.8288938 2.2176242 2.0772777 2.4247429 3.1611021 2.6967851 0.2758238 0.4568878 0.0000000 0.0204091 0.1241577 0.1241577 3.1044487 3.7061541 3.0172701 3.2588998 3.0266967 2.7616878 3.1848168 3.8258212 2.9606319 2.2209881 2.6265418 2.4669388 3.2526872 3.1386452 3.0377257 2.9966739 
HoiH23_PlH23_005395-RA                                   2.0389153 2.0087412 2.2353500 1.3543142 2.1891439 2.2121308 2.1108919 2.4712318 2.0283167 2.3227229 2.0143762 2.5972800 1.9460511 3.0396390 2.9414986 3.3670950 1.5590438 2.6951288 2.4381382 1.3703699 2.5919922 2.3810055 1.7946752 2.1997187 2.0937438 2.4223807 3.1395456 2.5525664 0.2611511 0.4495342 0.0204091 0.0000000 0.1153737 0.1153737 3.1155330 3.6766339 3.0846319 3.3312675 3.1079152 2.7288642 3.1642126 3.9052894 2.8817334 2.2182204 2.7055913 2.4434130 3.2497123 3.0968761 2.9943435 3.0469540 
Hhon_g02017.t1                                           2.0186093 2.0831362 2.2684326 1.4652171 2.3089291 2.3077913 2.2968342 2.6648520 2.0796084 2.5447242 1.8568628 2.7486674 1.9381973 2.9052460 2.8945493 3.3317097 1.5377080 2.5609723 2.3982231 1.4388976 2.7161054 2.3732171 1.7661688 2.1638166 2.0427152 2.3126289 3.0715727 2.4760869 0.2827458 0.4684541 0.1241577 0.1153737 0.0000000 0.0000010 3.1083969 3.7357440 3.1806629 3.4702306 3.1224776 2.6515117 3.1069683 3.9437204 3.2255236 2.3236221 2.7327933 2.4712162 3.1498115 3.0063673 3.1685533 2.9734692 
HoiH04_mRNA13454                                         2.0186093 2.0831362 2.2684326 1.4652171 2.3089291 2.3077913 2.2968342 2.6648520 2.0796084 2.5447242 1.8568628 2.7486674 1.9381973 2.9052460 2.8945493 3.3317097 1.5377080 2.5609723 2.3982231 1.4388976 2.7161054 2.3732171 1.7661688 2.1638166 2.0427152 2.3126289 3.0715727 2.4760869 0.2827458 0.4684541 0.1241577 0.1153737 0.0000010 0.0000000 3.1083969 3.7357440 3.1806629 3.4702306 3.1224776 2.6515117 3.1069683 3.9437204 3.2255236 2.3236221 2.7327933 2.4712162 3.1498115 3.0063673 3.1685533 2.9734692 
Mlei_ML2188.g3.i1                                        2.8468759 2.6628997 2.9167663 2.2219386 2.5695559 2.6670952 3.2700002 3.7728064 3.1052478 3.3199960 3.1060430 3.0559282 3.1327982 2.8969926 3.0727948 3.4968742 1.7799470 3.1947481 2.8913329 1.5943815 2.4043845 2.5486261 2.2793730 2.8546702 2.5161878 2.4731805 2.4501053 2.9335465 1.7612777 3.3729154 3.1044487 3.1155330 3.1083969 3.1083969 0.0000000 0.6396795 0.6639447 0.6976315 0.6460570 0.8757482 0.9051274 0.8449774 4.6528054 2.7178886 3.7534998 3.3461235 3.7130913 4.1345676 3.9661275 3.9509522 
Mertsp_Mesp_sb534829                                     3.1890018 2.8720326 3.1712817 2.4833690 3.2809369 3.2856648 3.8461622 4.3450915 3.7121835 3.5907575 3.2763608 3.1947366 3.6912378 3.1745655 3.0236678 3.1892801 1.8834579 3.0933745 3.1399395 2.0952461 3.1260209 2.8548174 2.2912516 2.9383634 2.5304538 2.5546963 2.3875524 3.1256443 2.2553521 4.0214737 3.7061541 3.6766339 3.7357440 3.7357440 0.6396795 0.0000000 0.6626614 0.6481901 0.7181152 1.0345513 0.8950013 0.8965213 4.5124900 2.9829203 3.5642914 3.3980706 3.8747964 4.2283529 4.3768435 4.6946630 
Pbac_sb2654695                                           2.8484777 2.9870530 2.9339247 2.3381931 2.8752107 2.9845855 3.4045313 3.7509887 3.7021268 3.5752006 2.9296688 3.5091494 2.8564352 2.9632457 2.9579384 3.1958517 1.7310437 2.9855290 3.1153884 1.7747555 2.8882364 2.7278976 2.7549871 3.0320638 2.6102111 2.7042424 2.6412352 3.2159311 2.0045924 3.7358389 3.0172701 3.0846319 3.1806629 3.1806629 0.6639447 0.6626614 0.0000000 0.0433037 0.7696842 1.0679888 0.9138891 1.2531879 3.9391127 2.8557583 3.5161269 3.3309146 3.2113234 3.7023206 4.1389278 4.0527599 
Horcal_Hcv1.av93.c12.g25.i1                              2.9680155 3.0964342 3.0085036 2.3197215 2.8170990 2.9114354 3.4795606 3.9306147 3.7246087 3.6661478 2.9731027 3.3709093 2.8732831 2.9843068 3.1227727 3.3110291 1.7732072 2.9944988 3.2775746 1.7168281 2.8808291 2.8202313 2.8675709 2.9862421 2.5224948 2.5876893 2.7864085 3.2412372 2.0789772 3.9276151 3.2588998 3.3312675 3.4702306 3.4702306 0.6976315 0.6481901 0.0433037 0.0000000 0.7754598 1.0425901 0.8721155 1.1924865 4.0916689 2.8048721 3.5003582 3.5229260 3.4639946 3.8918267 4.8087425 4.2529291 
Beraby_Baby_sb343776                                     3.1369501 2.8799581 2.8750230 2.0130769 2.6521699 2.7892395 3.0555297 3.1670036 2.9709791 2.5854896 2.5621358 2.8372436 2.9600676 2.6893848 2.6847286 2.7466938 1.6826860 2.7150010 2.9630286 1.7169060 2.7316463 2.9004310 2.3314925 2.6378155 2.4856631 2.5275581 2.1003835 2.9467777 2.0292086 3.3604476 3.0266967 3.1079152 3.1224776 3.1224776 0.6460570 0.7181152 0.7696842 0.7754598 0.0000000 1.0387338 0.7959700 1.1179563 3.8129943 2.6359855 3.0450447 3.2424072 3.5130729 3.2489680 4.3805832 3.7957690 
Vmul_SimC380174                                          2.1286543 2.2465727 2.3115592 1.6670862 2.4291978 2.2839165 2.8979245 2.8840231 2.4312940 3.1047939 2.7172004 2.6543263 2.0804561 2.6108287 2.4094560 2.3778723 1.3235507 2.3798825 2.2782740 1.0940990 2.2100199 2.1183936 1.7316635 2.6175692 2.2351557 2.0225268 2.2783239 2.8127004 1.6716166 2.8192690 2.7616878 2.7288642 2.6515117 2.6515117 0.8757482 1.0345513 1.0679888 1.0425901 1.0387338 0.0000000 0.5420975 1.1176534 3.9893737 2.2719561 2.8833196 2.9473129 3.1734869 3.5715472 4.0691464 3.8137097 
Coemet_Cmet_scaffold11978_01                             2.6455680 2.5097816 2.7151568 1.7732421 2.5658307 2.6462237 2.8195332 3.2470544 3.0465892 3.2498544 3.2017896 2.7643179 2.4959103 2.8240524 2.7360962 2.5626012 1.5141001 2.7359992 2.8929671 1.3379076 2.3587249 2.5793135 2.0833686 2.5730118 2.4384867 2.3134529 2.2923044 3.0098915 1.9182828 3.0201783 3.1848168 3.1642126 3.1069683 3.1069683 0.9051274 0.8950013 0.9138891 0.8721155 0.7959700 0.5420975 0.0000000 1.0472577 4.2362779 2.4740011 3.3356418 2.5505893 3.4218854 3.0687532 4.4119489 3.7287967 
Lampan_Lpan_C386375_01                                   3.2822632 2.6825856 2.6686395 1.9309565 2.5915271 2.6193097 2.8648770 2.7350150 2.7530251 3.2976082 2.8959816 2.8501516 2.6968064 3.0718971 3.0512900 3.1526306 2.0964131 3.7605034 2.6277270 1.7201285 2.5341145 2.8590295 2.3687196 2.6524794 2.2815825 2.4717619 2.3150988 3.7334223 2.2906979 4.1005705 3.8258212 3.9052894 3.9437204 3.9437204 0.8449774 0.8965213 1.2531879 1.1924865 1.1179563 1.1176534 1.0472577 0.0000000 4.0805771 2.9611636 3.2474513 3.3993703 3.8870512 2.5973298 4.5085517 4.7850640 
Hvul_g11472_1                                            2.2442802 2.3255452 2.6449042 1.4667649 2.0339500 2.0883672 2.6582318 2.6513442 2.7109902 2.0479537 1.7625782 2.1903235 2.4503281 4.2539468 2.7510443 2.7096127 2.4851928 3.4789796 3.5078489 1.9192991 2.9772102 2.9612073 2.4291894 3.7832022 2.6516405 3.2254352 3.1661582 3.5841056 1.9817199 2.9883951 2.9606319 2.8817334 3.2255236 3.2255236 4.6528054 4.5124900 3.9391127 4.0916689 3.8129943 3.9893737 4.2362779 4.0805771 0.0000000 1.4670218 2.9958285 3.2066849 3.2391281 4.1589315 3.4190810 3.9076267 
Chem_TCONS_00014109                                      1.9367559 1.7146387 1.9358885 1.0019882 1.6866849 1.6832949 2.0574414 2.0846660 2.2733383 1.5544555 1.2620922 1.1731898 1.7137464 2.6241553 2.0702230 2.3510485 1.5328498 2.4244388 2.5014554 1.6397919 2.3093567 2.4685825 2.0423475 2.5314767 2.1789378 2.5726304 2.2913532 2.3175660 1.3998933 2.6871767 2.2209881 2.2182204 2.3236221 2.3236221 2.7178886 2.9829203 2.8557583 2.8048721 2.6359855 2.2719561 2.4740011 2.9611636 1.4670218 0.0000000 2.7171814 2.6489397 2.9820209 2.4236059 2.1638989 2.6978522 
Ctel_gnl_WGS_AMQN_CAPTEDRAFT_mRNA184538                  1.7154041 1.9912259 1.7176558 1.1002947 2.0255320 1.9566942 1.9594826 2.3373246 1.9625370 2.4086607 1.7693001 2.1896880 1.4759615 2.4949913 2.2988695 2.5680738 1.5939882 2.2686971 2.1077167 1.4824600 2.1144529 2.9628599 1.7817722 2.0146541 2.0144163 2.2152020 2.1514839 2.0433081 1.3871816 2.5818192 2.6265418 2.7055913 2.7327933 2.7327933 3.7534998 3.5642914 3.5161269 3.5003582 3.0450447 2.8833196 3.3356418 3.2474513 2.9958285 2.7171814 0.0000000 2.9857604 2.7260992 2.5403729 3.2611224 2.4478966 
Plespi_Pspi_scaffold1330_01                              2.8233185 2.9622531 2.5497208 1.4362424 2.6144621 2.6485465 2.3915232 3.0759088 3.1560411 3.2028554 2.7447863 3.1084647 2.2257354 2.3924084 1.7682884 1.7268195 1.0850904 2.2160013 2.8403796 1.6235755 2.7229343 2.6537854 2.3979423 2.4716810 1.9008982 2.6256885 2.9819413 3.5470273 1.5134465 2.7993382 2.4669388 2.4434130 2.4712162 2.4712162 3.3461235 3.3980706 3.3309146 3.5229260 3.2424072 2.9473129 2.5505893 3.3993703 3.2066849 2.6489397 2.9857604 0.0000000 2.5990751 2.6179480 3.5279089 3.0082243 
Tetwil_g14380.t2                                         2.3207946 2.6896069 2.4806853 1.5648743 2.3252711 2.3414429 2.7194739 3.5516490 2.4659679 3.5489075 3.4671288 2.6373416 2.1668176 2.1732695 1.5759785 1.6362517 0.7110360 1.5507692 2.5833314 1.8823141 2.6276864 3.5405673 2.2953990 2.5815989 2.8716279 3.2656282 2.7315956 2.9109127 1.5582282 3.3972568 3.2526872 3.2497123 3.1498115 3.1498115 3.7130913 3.8747964 3.2113234 3.4639946 3.5130729 3.1734869 3.4218854 3.8870512 3.2391281 2.9820209 2.7260992 2.5990751 0.0000000 3.2142262 4.2229049 2.6655954 
Xesp_004459-T1                                           1.8568642 1.1949155 1.6517206 0.6675652 1.7345128 1.6799207 0.4021792 1.7102918 2.4330717 2.7776905 2.1733462 1.9495877 1.6377341 2.7410919 2.3000355 2.3454356 1.2409890 2.2343939 2.3362507 1.1068133 2.6180088 2.8707625 2.0509894 2.1370856 1.9147520 2.1173236 3.1042953 2.5243143 1.3066954 2.9664704 3.1386452 3.0968761 3.0063673 3.0063673 4.1345676 4.2283529 3.7023206 3.8918267 3.2489680 3.5715472 3.0687532 2.5973298 4.1589315 2.4236059 2.5403729 2.6179480 3.2142262 0.0000000 2.5119172 1.7670922 
Morvir_scaffold61.g52.t1                                 1.8427896 1.8743436 1.8062016 0.7450322 1.8822951 1.8852433 2.1354238 2.0737243 1.7169417 1.4034506 1.2049687 1.6562645 1.8056629 3.5149361 2.9695755 3.1297474 1.5307737 3.7360531 2.2930049 1.4808005 2.9609765 3.2554442 2.3086069 2.9847142 2.7468313 2.8144602 2.7926651 1.7613106 1.0562388 3.1128275 3.0377257 2.9943435 3.1685533 3.1685533 3.9661275 4.3768435 4.1389278 4.8087425 4.3805832 4.0691464 4.4119489 4.5085517 3.4190810 2.1638989 3.2611224 3.5279089 4.2229049 2.5119172 0.0000000 3.3851308 
Skow_XM_006818076.1                                      1.3369690 2.3546565 2.5063910 1.8330804 2.5526231 2.5065908 2.0206980 2.6723076 2.7015721 2.8772502 2.6367485 2.4969588 1.6227346 2.9268215 2.2373882 2.3134986 1.7358819 2.5368773 2.5669269 2.1159036 2.7309316 2.3860686 2.1901489 1.9497234 2.1579353 2.5004647 2.4559207 2.1006217 1.8790732 3.3420267 2.9966739 3.0469540 2.9734692 2.9734692 3.9509522 4.6946630 4.0527599 4.2529291 3.7957690 3.8137097 3.7287967 4.7850640 3.9076267 2.6978522 2.4478966 3.0082243 2.6655954 1.7670922 3.3851308 0.0000000 
