31
Hsap_ENST00000329970                               0.0000000 0.8448884 1.1280653 1.3319576 1.4181930 1.4958331 1.2805842 1.4410277 1.3255577 1.4939253 1.5642048 1.8056054 1.6542482 1.6144980 1.9721497 1.9733292 1.7290633 1.9944070 2.5674117 2.1656046 2.3760245 2.0899068 2.2798909 2.0241140 2.6018155 2.2964413 2.5213901 2.5213901 2.9813589 2.9694931 3.2399301 
Skow_XM_006815497.1                                0.8448884 0.0000000 0.7959393 1.4994644 1.4190329 1.0866251 1.0452405 1.1227553 1.1032867 1.2996863 1.3923040 1.2846860 1.3993238 1.8609590 2.2435474 1.7525022 1.6638779 2.3888339 2.4189113 2.4077099 2.3752279 1.9553699 2.0667631 2.0488525 2.6787228 2.3033906 2.3837564 2.3837564 2.8944200 3.0446192 2.6235921 
Bralan_BLAG01000265_1                              1.1280653 0.7959393 0.0000000 1.6483625 1.5407021 1.6482477 1.4450388 1.9563638 1.7069212 1.7747172 1.8594572 2.1162762 1.8059461 1.8768587 2.1493064 2.2352298 1.6827396 2.1973857 2.3689697 2.3328412 2.4532530 2.3088091 2.7593434 2.7656625 2.6037928 2.4501589 2.4293897 2.4293897 2.7886103 2.7561024 2.6598543 
Nemnom_g18122.t1                                   1.3319576 1.4994644 1.6483625 0.0000000 0.3565766 1.7566331 1.6576309 1.9132904 1.7851640 1.5309754 1.6382140 1.8161243 1.8101590 2.2359964 2.8698045 2.1704287 2.0573096 2.7767542 3.0111817 2.4420609 2.9958634 1.4646187 2.1732448 1.7324132 3.4238652 2.5408180 2.9824542 2.9824542 2.6425126 2.8029705 3.4439869 
Rhoesc_Res_013330-T1                               1.4181930 1.4190329 1.5407021 0.3565766 0.0000000 1.6459313 1.5243416 1.7955298 1.6531670 1.4273360 1.6415003 2.0240179 1.7380265 2.1506001 2.4838236 2.0684832 1.8205245 2.7757151 2.6978638 2.0851069 2.3401612 1.2543584 2.1782389 1.7281347 3.1284270 2.1883515 2.7370032 2.7370032 2.8874880 3.2227065 3.4989108 
Amil_Amillepora16977-RA                            1.4958331 1.0866251 1.6482477 1.7566331 1.6459313 0.0000000 0.3944357 0.5862397 0.6827944 1.3681441 1.3618928 1.4585678 1.2456513 2.1429770 2.6776494 2.2045233 1.7640121 2.6947148 2.4575840 2.0678376 2.5519074 1.7106903 2.3099276 2.1722914 2.3843807 2.0748086 2.6025521 2.6025521 2.8985545 3.0437139 2.8461569 
Gfas_gfas1.m1.5719.m1                              1.2805842 1.0452405 1.4450388 1.6576309 1.5243416 0.3944357 0.0000000 0.5002297 0.5517357 1.2994837 1.3731039 1.2555842 1.3189127 1.8136289 2.2780555 2.1873989 1.4364260 2.7360081 2.3870869 2.2436330 2.7570815 2.0193764 2.6044054 2.2277483 2.4286275 2.1431759 2.7363525 2.7363525 3.1722873 3.2237810 3.1137713 
Gasp_gasp1.m3.16464.m1                             1.4410277 1.1227553 1.9563638 1.9132904 1.7955298 0.5862397 0.5002297 0.0000000 0.2997920 1.4983647 1.3627921 1.4153814 1.4998420 1.9690972 2.3412088 2.3582267 1.7444871 2.7368238 2.4106201 2.3075347 2.7133749 2.2456936 2.4862095 2.1769339 2.7201521 2.1843833 2.4783611 2.4783611 2.9421304 3.0993095 3.0408442 
Pocdam_XM_027197294.1                              1.3255577 1.1032867 1.7069212 1.7851640 1.6531670 0.6827944 0.5517357 0.2997920 0.0000000 1.3762760 1.3320326 1.3166575 1.2661082 1.8468550 2.2956995 2.1867869 1.8758379 2.7901249 2.4587916 2.2484327 2.3456988 2.1387873 2.5745030 2.1658821 2.8659463 2.2402416 2.2320207 2.2320207 2.7774672 2.8403585 2.8128347 
Dgig_XM_028554992.1                                1.4939253 1.2996863 1.7747172 1.5309754 1.4273360 1.3681441 1.2994837 1.4983647 1.3762760 0.0000000 0.7981038 1.5826188 1.9152838 1.9602782 2.2095998 2.1880925 2.0007320 2.1513960 2.6975478 2.3983744 3.1545549 2.4883110 2.3894424 2.0024131 2.5142902 2.2005787 2.5194819 2.5194819 2.9284258 2.9711686 2.9506224 
Xesp_004049-T1                                     1.5642048 1.3923040 1.8594572 1.6382140 1.6415003 1.3618928 1.3731039 1.3627921 1.3320326 0.7981038 0.0000000 1.7052336 1.5566236 2.1010060 2.7875147 2.2179559 1.9199460 2.2866550 2.3603294 2.4144271 2.3726793 3.6095161 2.8125799 2.1494792 2.4311305 2.3434113 2.9626406 2.9626406 3.1200504 3.0874241 3.0002155 
Exapal_XM_028658197.1                              1.8056054 1.2846860 2.1162762 1.8161243 2.0240179 1.4585678 1.2555842 1.4153814 1.3166575 1.5826188 1.7052336 0.0000000 1.0763259 1.9383278 2.3189124 2.4004579 1.9807921 2.1627558 2.7066648 2.1735711 2.7741087 3.0909860 2.5182259 2.3095596 2.0929602 2.6099909 2.9713140 2.9713140 2.7577925 2.7415057 2.5579609 
Nvec_v1g248382                                     1.6542482 1.3993238 1.8059461 1.8101590 1.7380265 1.2456513 1.3189127 1.4998420 1.2661082 1.9152838 1.5566236 1.0763259 0.0000000 2.0000220 1.9989207 2.4696681 2.3309305 2.1056395 2.3691636 2.0301906 2.0042119 1.8595451 3.4603901 2.5675941 2.1055769 2.4634624 2.8394097 2.8394097 3.1362861 3.2391978 2.9479387 
Emue_Em0001g2524a.t1                               1.6144980 1.8609590 1.8768587 2.2359964 2.1506001 2.1429770 1.8136289 1.9690972 1.8468550 1.9602782 2.1010060 1.9383278 2.0000220 0.0000000 0.6241081 1.1350893 0.8615715 1.7240040 2.3798072 2.4322783 2.4913250 3.3770971 2.7186955 2.1717454 3.0613877 2.1760991 2.8491997 2.8491997 3.0964463 3.2533598 3.2534974 
Spolac_c91803_g1_i1_m.7243c91803-g1                1.9721497 2.2435474 2.1493064 2.8698045 2.4838236 2.6776494 2.2780555 2.3412088 2.2956995 2.2095998 2.7875147 2.3189124 1.9989207 0.6241081 0.0000000 0.9221105 0.7903155 1.5034354 2.3878403 2.6641871 2.3990954 3.9404679 2.9065626 2.1288472 3.7924477 2.6043565 2.9305645 2.9305645 3.5349766 3.5349766 3.5086970 
Tetwil_g24712.t2                                   1.9733292 1.7525022 2.2352298 2.1704287 2.0684832 2.2045233 2.1873989 2.3582267 2.1867869 2.1880925 2.2179559 2.4004579 2.4696681 1.1350893 0.9221105 0.0000000 0.7842493 1.5937463 2.5419953 2.5433422 3.3778904 2.5017957 2.2719762 2.8944953 3.3420038 2.8329725 2.9558868 2.9558868 3.0055547 3.1406247 2.9470099 
Stycar_maker-SC_scaffold24196-snap-gene-0.8-mRNA-1 1.7290633 1.6638779 1.6827396 2.0573096 1.8205245 1.7640121 1.4364260 1.7444871 1.8758379 2.0007320 1.9199460 1.9807921 2.3309305 0.8615715 0.7903155 0.7842493 0.0000000 1.9960437 2.2144027 2.3249699 2.4270863 3.1929797 2.1184262 2.3105534 2.7853464 2.1211114 2.9614365 2.9614365 4.0048735 4.2466363 3.6966428 
Aque_Aqu2.1.31906_001                              1.9944070 2.3888339 2.1973857 2.7767542 2.7757151 2.6947148 2.7360081 2.7368238 2.7901249 2.1513960 2.2866550 2.1627558 2.1056395 1.7240040 1.5034354 1.5937463 1.9960437 0.0000000 3.1166855 2.5100920 2.9325574 5.1308969 2.8132752 2.4617770 3.0754015 3.1733983 3.4590151 3.4590151 3.5646665 3.7921652 3.4582835 
Scil_scict014974.1                                 2.5674117 2.4189113 2.3689697 3.0111817 2.6978638 2.4575840 2.3870869 2.4106201 2.4587916 2.6975478 2.3603294 2.7066648 2.3691636 2.3798072 2.3878403 2.5419953 2.2144027 3.1166855 0.0000000 0.4928846 0.9556991 3.0161040 2.8696272 3.2737864 2.0562833 2.2753188 3.0986019 3.0986019 4.4363257 4.6252587 4.4641605 
Lcom_lcpid73720                                    2.1656046 2.4077099 2.3328412 2.4420609 2.0851069 2.0678376 2.2436330 2.3075347 2.2484327 2.3983744 2.4144271 2.1735711 2.0301906 2.4322783 2.6641871 2.5433422 2.3249699 2.5100920 0.4928846 0.0000000 0.8137079 3.0564642 2.4165134 2.5059222 2.1761903 2.1623319 3.5604433 3.5604433 4.2089964 4.4549135 3.8499960 
Leuniv_Lniv_scaffold10389_01                       2.3760245 2.3752279 2.4532530 2.9958634 2.3401612 2.5519074 2.7570815 2.7133749 2.3456988 3.1545549 2.3726793 2.7741087 2.0042119 2.4913250 2.3990954 3.3778904 2.4270863 2.9325574 0.9556991 0.8137079 0.0000000 2.8034754 2.9041168 2.7238495 2.6424048 1.8512110 3.2103463 3.2103463 3.6227232 3.8486590 3.0923844 
Sanmal_Sma_009114-T1                               2.0899068 1.9553699 2.3088091 1.4646187 1.2543584 1.7106903 2.0193764 2.2456936 2.1387873 2.4883110 3.6095161 3.0909860 1.8595451 3.3770971 3.9404679 2.5017957 3.1929797 5.1308969 3.0161040 3.0564642 2.8034754 0.0000000 3.3630268 3.4129972 3.4662137 2.6781172 3.5425063 3.5425063 3.1970018 3.1970018 3.4089255 
Hvul_g21241_1                                      2.2798909 2.0667631 2.7593434 2.1732448 2.1782389 2.3099276 2.6044054 2.4862095 2.5745030 2.3894424 2.8125799 2.5182259 3.4603901 2.7186955 2.9065626 2.2719762 2.1184262 2.8132752 2.8696272 2.4165134 2.9041168 3.3630268 0.0000000 2.0469508 3.2261336 2.9803089 3.2206797 3.2206797 3.2045923 3.3655485 3.5542964 
Morvir_scaffold141.g3.t1                           2.0241140 2.0488525 2.7656625 1.7324132 1.7281347 2.1722914 2.2277483 2.1769339 2.1658821 2.0024131 2.1494792 2.3095596 2.5675941 2.1717454 2.1288472 2.8944953 2.3105534 2.4617770 3.2737864 2.5059222 2.7238495 3.4129972 2.0469508 0.0000000 3.5170128 2.6930883 4.2753394 4.2753394 4.7846300 4.9773091 4.5763872 
Opea_EP00118_Oscarella_pearsei_P007375             2.6018155 2.6787228 2.6037928 3.4238652 3.1284270 2.3843807 2.4286275 2.7201521 2.8659463 2.5142902 2.4311305 2.0929602 2.1055769 3.0613877 3.7924477 3.3420038 2.7853464 3.0754015 2.0562833 2.1761903 2.6424048 3.4662137 3.2261336 3.5170128 0.0000000 1.4584433 4.0579509 4.0579509 3.9821869 3.9795745 3.4155715 
Plajan_Pjan_C542912_01                             2.2964413 2.3033906 2.4501589 2.5408180 2.1883515 2.0748086 2.1431759 2.1843833 2.2402416 2.2005787 2.3434113 2.6099909 2.4634624 2.1760991 2.6043565 2.8329725 2.1211114 3.1733983 2.2753188 2.1623319 1.8512110 2.6781172 2.9803089 2.6930883 1.4584433 0.0000000 2.9813608 2.9813608 3.1703343 3.2628188 3.1037324 
Tadh_wf_g10949.t1                                  2.5213901 2.3837564 2.4293897 2.9824542 2.7370032 2.6025521 2.7363525 2.4783611 2.2320207 2.5194819 2.9626406 2.9713140 2.8394097 2.8491997 2.9305645 2.9558868 2.9614365 3.4590151 3.0986019 3.5604433 3.2103463 3.5425063 3.2206797 4.2753394 4.0579509 2.9813608 0.0000000 0.0000010 0.3767619 0.3703569 0.4007233 
TrH2_TrispH2_009362-RA                             2.5213901 2.3837564 2.4293897 2.9824542 2.7370032 2.6025521 2.7363525 2.4783611 2.2320207 2.5194819 2.9626406 2.9713140 2.8394097 2.8491997 2.9305645 2.9558868 2.9614365 3.4590151 3.0986019 3.5604433 3.2103463 3.5425063 3.2206797 4.2753394 4.0579509 2.9813608 0.0000010 0.0000000 0.3767619 0.3703569 0.4007233 
Hhon_g04897.t1                                     2.9813589 2.8944200 2.7886103 2.6425126 2.8874880 2.8985545 3.1722873 2.9421304 2.7774672 2.9284258 3.1200504 2.7577925 3.1362861 3.0964463 3.5349766 3.0055547 4.0048735 3.5646665 4.4363257 4.2089964 3.6227232 3.1970018 3.2045923 4.7846300 3.9821869 3.1703343 0.3767619 0.3767619 0.0000000 0.0000010 0.1755395 
HoiH04_mRNA8928                                    2.9694931 3.0446192 2.7561024 2.8029705 3.2227065 3.0437139 3.2237810 3.0993095 2.8403585 2.9711686 3.0874241 2.7415057 3.2391978 3.2533598 3.5349766 3.1406247 4.2466363 3.7921652 4.6252587 4.4549135 3.8486590 3.1970018 3.3655485 4.9773091 3.9795745 3.2628188 0.3703569 0.3703569 0.0000010 0.0000000 0.1755395 
HoiH23_PlH23_010204-RA                             3.2399301 2.6235921 2.6598543 3.4439869 3.4989108 2.8461569 3.1137713 3.0408442 2.8128347 2.9506224 3.0002155 2.5579609 2.9479387 3.2534974 3.5086970 2.9470099 3.6966428 3.4582835 4.4641605 3.8499960 3.0923844 3.4089255 3.5542964 4.5763872 3.4155715 3.1037324 0.4007233 0.4007233 0.1755395 0.1755395 0.0000000 
