53
Hsap_ENST00000241041                                               0.0000000 1.2893518 1.3486673 1.5704970 1.6086204 1.5141157 1.7435121 1.4787621 1.4935021 1.4881026 1.4662820 1.4297457 1.4421327 1.3959048 1.8162463 1.8217931 1.8464691 1.8412212 1.7820569 1.7528631 1.7436647 1.8731441 1.8312719 1.9683972 1.7930257 2.0990178 2.1747615 1.9117993 2.0114543 2.1568019 2.0935809 3.0346095 2.7025893 2.9531549 3.0291801 2.6607717 2.7061423 3.5716519 2.7559516 2.9794413 2.3536244 2.5170328 2.2002774 2.5047904 2.4016331 2.2933384 2.1145621 2.3133963 2.3027970 2.3199213 2.4674698 2.2374480 3.0087504 
Bralan_BLAG03000313_1                                              1.2893518 0.0000000 1.3377844 1.3647242 1.2265760 1.5592639 1.6642656 1.4126736 1.4321374 1.5105827 1.5868483 1.4652582 1.5550697 1.5742100 1.6341391 1.6115157 1.8468010 1.6453888 1.6835393 1.4683438 1.7644722 1.9151582 1.6570427 2.0022892 1.7090489 2.2408273 2.3104968 2.0927781 1.7935507 1.8640813 1.8840507 3.1160731 2.8150305 3.4902965 3.1664383 3.1407749 3.1479875 3.3288594 2.8316438 2.9271986 2.5713389 2.5639933 2.4315940 2.4247448 2.5860459 2.9195094 2.7529269 2.7517301 2.5765359 2.4815475 2.8841809 2.2200666 3.1898940 
Skow_XM_006821677.1                                                1.3486673 1.3377844 0.0000000 1.3962477 1.3882022 1.5768826 1.7852514 1.5281121 1.5430792 1.6487135 1.7092895 1.6042837 1.6546923 1.6153815 1.7148280 1.7389695 1.8624229 1.6948875 1.7275244 1.6122920 1.8595341 2.1634462 1.6016810 1.7891959 1.9045311 2.4561829 2.2994399 2.2691240 1.9713395 1.9152154 2.1362684 3.3206724 2.8469292 3.1601302 3.0702223 3.0118022 3.0411782 3.9006686 2.7805239 2.8667682 2.6262348 2.7766149 2.3374006 2.4326913 2.5834219 3.0048156 2.6374096 2.6585982 2.4949026 2.6827359 3.0719302 2.2607039 3.1900554 
Cgig_XM_011424698.3                                                1.5704970 1.3647242 1.3962477 0.0000000 1.1799213 1.7553969 1.7103455 1.5270428 1.5282323 1.5954685 1.5554119 1.4234886 1.4829328 1.4569642 1.7926467 1.7968675 1.8487964 1.8084883 1.8269943 1.8761747 1.8574129 2.1251751 1.7899254 2.0431723 1.8669612 2.3789851 2.2981690 2.1669760 1.8410975 1.9286420 2.0574363 3.5025950 3.4214893 3.3885309 3.1369503 3.1153886 3.1569036 3.8614438 2.9299392 3.1495459 2.6618484 2.9271968 2.5897674 2.8082136 2.6179466 2.5364479 2.6622770 2.8280256 2.7122547 2.7809701 3.1322859 2.4765686 3.1894991 
Acagra_model.g1947.t1                                              1.6086204 1.2265760 1.3882022 1.1799213 0.0000000 1.7825367 1.9023432 1.3977000 1.4073771 1.3576391 1.4766023 1.3935045 1.4567405 1.3587084 1.8126888 1.8121918 1.9280339 1.8135837 1.8498051 1.7231910 1.9173053 2.0717925 1.7940342 1.9771530 1.7563956 2.0675623 2.0817658 2.0748857 1.8903806 2.0834837 1.8494157 2.8496022 2.6355040 3.0893901 2.9253404 2.7160771 2.6637859 3.7294843 2.6494075 2.7713128 2.9755127 2.7645504 2.5126315 2.6959280 2.7679226 2.9720529 2.3822098 2.6665819 2.5669245 2.5656010 3.2658154 2.5924868 3.1815557 
Exapal_XM_021045115.2                                              1.5141157 1.5592639 1.5768826 1.7553969 1.7825367 0.0000000 0.8589939 0.8569228 0.8575984 0.9855165 1.0103616 0.8787706 0.9834656 1.0044631 1.4459389 1.4220847 1.6455088 1.6130074 1.5461196 1.8571239 1.5435338 1.7422945 1.8300676 1.9740628 1.6483961 2.1513229 2.2467452 1.9618720 1.9752879 2.1180231 2.0487623 3.6205392 3.1376929 3.0614972 3.5920130 3.4306510 3.4826593 3.8330451 3.3691055 3.5023477 2.8956012 2.4606833 2.6059096 2.3717169 2.4513160 2.9515207 2.7723805 2.4659422 2.5313715 2.4710431 2.7157755 2.2329044 2.7686396 
Nvec_v1g231006                                                     1.7435121 1.6642656 1.7852514 1.7103455 1.9023432 0.8589939 0.0000000 1.1081430 1.1181072 1.1243915 1.2107718 1.0435050 1.0916521 1.1105057 1.4061372 1.4096449 1.5291739 1.4430788 1.4256593 1.8931961 1.4093954 1.5907455 1.8798100 1.7761186 1.6206382 2.1367640 2.0873762 2.0207855 1.8792499 2.2166073 2.1173691 3.3147703 2.8342897 2.9790504 3.6024677 3.5181338 3.4808437 3.2548096 3.2020126 3.3597926 2.4350720 2.2300476 2.3181026 2.1741633 2.1553386 2.4994927 2.9466206 2.3648295 2.3893402 2.4259561 2.7801589 2.2242630 2.8186605 
Adig_XM_015910368.1                                                1.4787621 1.4126736 1.5281121 1.5270428 1.3977000 0.8569228 1.1081430 0.0000000 0.0086308 0.4079653 0.5754440 0.5318723 0.4937876 0.4811309 1.4393907 1.4276769 1.4608601 1.4807786 1.4671392 1.9066305 1.7676669 1.8642840 1.7371491 1.7893000 1.7097593 2.1226002 2.1552125 1.8760138 1.9999377 2.2970377 1.9113243 2.9906469 2.6042837 3.0024686 3.2168476 3.1345149 3.1552092 3.0242128 2.8333773 2.9815204 2.5648877 2.2859721 2.2519361 2.1187967 2.1066308 2.8268414 3.0126771 2.5170952 2.5455641 2.5867322 3.1076768 2.3001263 2.8337587 
Amil_Amillepora05146-RA                                            1.4935021 1.4321374 1.5430792 1.5282323 1.4073771 0.8575984 1.1181072 0.0086308 0.0000000 0.4147234 0.5741528 0.5388027 0.4901666 0.4775620 1.4312767 1.4196343 1.4636264 1.4830090 1.4518671 1.9223367 1.7824619 1.8815118 1.7378598 1.7769242 1.7214730 2.1094528 2.1391310 1.8825648 2.0091247 2.3170128 1.9289612 3.0372545 2.6347444 3.0239482 3.2157369 3.1560200 3.1769098 2.9372001 2.8732520 3.0205370 2.5829107 2.3029695 2.2635015 2.1207043 2.1085482 2.7569508 3.0126771 2.5608479 2.5655904 2.6008271 3.1352063 2.3335909 2.8974083 
Gfas_gfas1.m1.20344.m1                                             1.4881026 1.5105827 1.6487135 1.5954685 1.3576391 0.9855165 1.1243915 0.4079653 0.4147234 0.0000000 0.4549956 0.4023990 0.5068631 0.4817081 1.4255735 1.4192511 1.5772470 1.5327386 1.4918513 2.0152880 1.7077796 1.8562858 1.9378210 1.6079541 1.5597138 2.1837767 2.2843938 1.9440057 1.9881117 2.3133204 1.7810951 2.9168825 2.4731102 2.8999691 2.9478926 2.9607168 2.9300943 3.2668318 2.8541744 3.0094777 2.5736734 2.5051811 2.3835805 2.2370971 2.2989284 2.8597048 2.9215041 2.5593939 2.5325985 2.6679546 2.8670853 2.3607543 2.9048858 
Fspp_ffun1.m4.9956.m1                                              1.4662820 1.5868483 1.7092895 1.5554119 1.4766023 1.0103616 1.2107718 0.5754440 0.5741528 0.4549956 0.0000000 0.3359023 0.4986871 0.4908841 1.5098252 1.4885421 1.6828018 1.6657789 1.5368788 2.0611683 1.9604586 2.0304108 1.9139444 1.8809381 1.6922568 2.2112892 2.3137423 2.0252524 2.1246811 2.2670831 2.0934431 3.1891639 2.9087379 3.3031971 3.2282600 3.0470645 3.0131899 3.6338662 3.0795612 3.2574715 2.6127342 2.3641149 2.4272451 2.1635162 2.1614128 2.8203741 2.9146033 2.6700418 2.6390483 2.5931526 2.8736479 2.3391524 3.1043709 
Gasp_gasp1.m3.5805.m1                                              1.4297457 1.4652582 1.6042837 1.4234886 1.3935045 0.8787706 1.0435050 0.5318723 0.5388027 0.4023990 0.3359023 0.0000000 0.4063664 0.4127811 1.3899894 1.3805307 1.5267556 1.5039529 1.4285986 1.8457023 1.6422361 1.8114410 1.7190383 1.6437915 1.5217210 2.0727775 2.1870499 1.8799276 2.0848299 2.1733316 1.8160450 2.8480046 2.6559634 3.0467590 2.9236077 2.9807728 2.9630402 3.3949526 2.8113346 2.9348526 2.5704321 2.2768294 2.1902554 2.0674700 2.0213519 2.6648517 2.4701519 2.4986589 2.4903103 2.6359226 2.7269226 2.2313405 2.8746753 
Spis_XP_022790048_1                                                1.4421327 1.5550697 1.6546923 1.4829328 1.4567405 0.9834656 1.0916521 0.4937876 0.4901666 0.5068631 0.4986871 0.4063664 0.0000000 0.1320984 1.3357435 1.3248453 1.3958482 1.5253818 1.4389303 1.9388760 1.6550885 1.8894179 1.7757220 1.6296976 1.5678679 2.2214408 2.2563161 1.9526727 2.0978821 2.1856279 1.9944388 2.9096848 2.6458393 3.1020151 3.3185001 3.2481241 3.2550431 3.4216396 2.9219005 3.0693425 2.4164596 2.2535044 2.2191971 1.9649817 1.9092738 2.4467337 2.6721809 2.3259897 2.3482470 2.5174993 2.9223086 2.3474865 2.7245410 
Pocdam_XM_027200458.1                                              1.3959048 1.5742100 1.6153815 1.4569642 1.3587084 1.0044631 1.1105057 0.4811309 0.4775620 0.4817081 0.4908841 0.4127811 0.1320984 0.0000000 1.3972794 1.3877410 1.3819376 1.4877597 1.4396558 1.8856722 1.6134295 1.8259240 1.7293399 1.6687594 1.5940399 2.0725504 2.1806348 1.8988536 2.0571217 2.1739745 1.8384750 2.6756276 2.4747747 2.7151844 2.9416319 3.0772247 3.0649904 3.5011498 2.8003327 2.9166768 2.4249487 2.2008092 2.1901110 1.9443076 1.9386546 2.4081527 2.7338927 2.4105948 2.3679047 2.5345496 2.8408141 2.2211270 2.7872671 
Tadh_TriadT32406                                                   1.8162463 1.6341391 1.7148280 1.7926467 1.8126888 1.4459389 1.4061372 1.4393907 1.4312767 1.4255735 1.5098252 1.3899894 1.3357435 1.3972794 0.0000000 0.0092146 0.3500282 0.3376298 0.2879268 1.7887929 1.5360546 1.5727652 1.9046374 1.9909833 1.5983483 1.9799072 2.0069899 2.1317949 1.9694343 2.3445817 2.0924123 2.9741979 2.9232817 3.1939254 2.8824487 2.8077929 2.8219348 3.4881445 3.1730224 3.3202738 2.1979017 2.4969051 2.3364955 2.0728198 2.0756518 2.3819237 2.0735225 2.4473085 2.2643735 2.2774329 2.5614963 2.0766138 2.7886623 
TrH2_TrispH2_009966-RA                                             1.8217931 1.6115157 1.7389695 1.7968675 1.8121918 1.4220847 1.4096449 1.4276769 1.4196343 1.4192511 1.4885421 1.3805307 1.3248453 1.3877410 0.0092146 0.0000000 0.3569584 0.3285659 0.2832478 1.8105058 1.5389265 1.5616363 1.9107128 1.9656700 1.5827795 1.9937456 2.0357010 2.1688255 1.9556043 2.3135345 2.0784882 2.9951396 2.9745136 3.1354539 2.8929984 2.7970470 2.8110164 3.5516402 3.1713256 3.3238455 2.2324066 2.4834823 2.3287411 2.0689628 2.0610649 2.4038121 2.1244667 2.4628563 2.2746711 2.2875339 2.5957204 2.0913194 2.7667041 
HoiH06_mRNA3845                                                    1.8464691 1.8468010 1.8624229 1.8487964 1.9280339 1.6455088 1.5291739 1.4608601 1.4636264 1.5772470 1.6828018 1.5267556 1.3958482 1.3819376 0.3500282 0.3569584 0.0000000 0.0838430 0.2043820 2.1673177 1.6416856 1.7313758 2.1614288 2.0662781 1.7743884 2.1150421 2.1963806 2.2372128 2.1451967 2.5368504 2.0109079 3.3146801 3.1034178 3.1314014 3.0681400 3.1224787 3.1686633 3.4618405 3.7334008 3.6735466 2.5888090 2.5072668 2.6125678 2.3491488 2.2132216 3.0390431 5.2201035 2.8617871 2.5797681 2.5520413 3.2958489 2.2572270 2.6492006 
HoiH23_PlH23_004278-RA                                             1.8412212 1.6453888 1.6948875 1.8084883 1.8135837 1.6130074 1.4430788 1.4807786 1.4830090 1.5327386 1.6657789 1.5039529 1.5253818 1.4877597 0.3376298 0.3285659 0.0838430 0.0000000 0.1936200 1.9447373 1.5949228 1.6252439 2.0148098 1.9018903 1.6415898 2.0742057 2.1291136 2.1414920 1.9629796 2.3157001 2.0597233 3.2460173 3.2283175 3.1791829 2.9530627 2.8710199 2.8918650 3.5452658 3.3447438 3.4124268 2.4769340 2.5113336 2.4138684 2.2245704 2.1356254 2.4347323 2.0007220 2.4751303 2.2829300 2.3171271 2.5956160 2.1908307 2.5990722 
HoiH04_mRNA9962                                                    1.7820569 1.6835393 1.7275244 1.8269943 1.8498051 1.5461196 1.4256593 1.4671392 1.4518671 1.4918513 1.5368788 1.4285986 1.4389303 1.4396558 0.2879268 0.2832478 0.2043820 0.1936200 0.0000000 1.9140926 1.5332897 1.6022104 2.0360844 1.9398156 1.6183317 2.0182467 2.0264715 2.1930627 2.0243013 2.3298846 1.9413475 3.1745467 2.9591048 3.0352395 2.8785247 2.7327528 2.7697762 3.3013027 3.1519790 3.2557150 2.3917589 2.5556999 2.4728427 2.1403214 2.0361311 2.3703170 2.0457404 2.3698893 2.2953896 2.1879892 2.6560257 2.1343346 2.6752146 
Cscu_XM_023375925.1                                                1.7528631 1.4683438 1.6122920 1.8761747 1.7231910 1.8571239 1.8931961 1.9066305 1.9223367 2.0152880 2.0611683 1.8457023 1.9388760 1.8856722 1.7887929 1.8105058 2.1673177 1.9447373 1.9140926 0.0000000 2.1906590 2.1122836 2.1217091 2.1704275 2.0450672 2.5708710 2.4167788 2.1441551 1.6187790 2.0286022 1.7631697 2.8496498 2.5834812 2.5592652 2.6327375 2.6666034 2.6642231 3.4415346 2.3717872 2.6106270 2.7178826 2.6058821 2.4496083 2.6991124 2.6352559 3.0223271 3.2677765 2.5469995 2.6551388 2.3801559 2.9567648 2.2189922 3.2996666 
Dgig_XM_028554409.1                                                1.7436647 1.7644722 1.8595341 1.8574129 1.9173053 1.5435338 1.4093954 1.7676669 1.7824619 1.7077796 1.9604586 1.6422361 1.6550885 1.6134295 1.5360546 1.5389265 1.6416856 1.5949228 1.5332897 2.1906590 0.0000000 0.4843822 2.1177384 1.8823673 1.6965075 2.2540297 2.2315278 2.1085388 2.1273940 2.5567167 2.3126424 3.1313474 2.6198204 2.8613700 3.1206812 2.8960784 3.0111127 3.7708315 2.9044466 3.0768399 2.7002804 2.3616856 2.4225136 2.3665930 2.2905303 2.5962446 2.9008765 2.0077263 2.0442833 2.1561054 2.5387197 2.1427959 3.2850742 
Xesp_011255-T1                                                     1.8731441 1.9151582 2.1634462 2.1251751 2.0717925 1.7422945 1.5907455 1.8642840 1.8815118 1.8562858 2.0304108 1.8114410 1.8894179 1.8259240 1.5727652 1.5616363 1.7313758 1.6252439 1.6022104 2.1122836 0.4843822 0.0000000 2.3161692 1.8987490 1.8934594 2.4561243 2.4712325 2.1793911 2.2910827 2.6025968 2.4015577 3.1038365 2.9379186 3.1270111 3.0722892 3.2000397 3.2758146 4.0042650 3.0196174 3.3113788 2.7013357 2.3256603 2.3991971 2.3187094 2.2567291 2.8413576 3.0807284 2.1461975 2.2111628 2.4017796 2.6619010 2.2216288 3.2057954 
Spur_XM_030989518.1                                                1.8312719 1.6570427 1.6016810 1.7899254 1.7940342 1.8300676 1.8798100 1.7371491 1.7378598 1.9378210 1.9139444 1.7190383 1.7757220 1.7293399 1.9046374 1.9107128 2.1614288 2.0148098 2.0360844 2.1217091 2.1177384 2.3161692 0.0000000 2.0293157 2.2362642 2.2546168 2.4141523 2.1408750 1.7171683 1.8284431 2.0202767 2.6878406 2.6356071 2.8310696 3.2385926 3.1267824 3.1433981 3.4127665 2.9043684 3.0610104 2.3309937 2.1652298 2.2161148 2.2809852 2.1869538 2.5917829 2.4482912 2.4706979 2.4896347 2.6971834 2.7461284 2.1340163 2.4800756 
Opea_EP00118_Oscarella_pearsei_P008610                             1.9683972 2.0022892 1.7891959 2.0431723 1.9771530 1.9740628 1.7761186 1.7893000 1.7769242 1.6079541 1.8809381 1.6437915 1.6296976 1.6687594 1.9909833 1.9656700 2.0662781 1.9018903 1.9398156 2.1704275 1.8823673 1.8987490 2.0293157 0.0000000 1.1021113 2.3095383 2.2715410 2.0146647 2.2907092 2.3484237 2.2351927 3.1502922 2.9216776 2.7808129 2.9260841 3.3092091 3.3104156 3.6591017 2.9818226 3.1472575 2.4676763 2.6335609 2.3046240 2.1692008 2.1034710 2.3693597 2.1835568 2.2662870 2.3831440 2.6298745 2.7242839 2.1961947 3.0177970 
Plajan_Pjan_C557495_01                                             1.7930257 1.7090489 1.9045311 1.8669612 1.7563956 1.6483961 1.6206382 1.7097593 1.7214730 1.5597138 1.6922568 1.5217210 1.5678679 1.5940399 1.5983483 1.5827795 1.7743884 1.6415898 1.6183317 2.0450672 1.6965075 1.8934594 2.2362642 1.1021113 0.0000000 2.1582563 2.1615707 2.1623301 2.2940081 2.3572915 2.3753568 2.9604176 2.5652254 2.8369348 3.0650921 3.0114513 3.0223557 3.6928211 2.8342855 3.0432353 2.2585162 2.7659763 2.3935947 2.3224449 2.3200187 2.3757085 2.2783527 2.2306090 2.3158071 2.1458293 2.6501207 2.3442340 3.2437857 
Nemnom_g17450.t1                                                   2.0990178 2.2408273 2.4561829 2.3789851 2.0675623 2.1513229 2.1367640 2.1226002 2.1094528 2.1837767 2.2112892 2.0727775 2.2214408 2.0725504 1.9799072 1.9937456 2.1150421 2.0742057 2.0182467 2.5708710 2.2540297 2.4561243 2.2546168 2.3095383 2.1582563 0.0000000 0.2045208 1.0442332 2.4841875 2.6527546 2.7018505 3.0147966 2.5742501 3.0918073 3.1335957 2.8473102 2.9136035 3.2788490 2.9359523 3.0400789 3.1335640 2.7487943 2.6873448 2.6579763 2.6968780 3.4158763 3.0729261 3.0897504 3.0606381 3.1259850 3.5837801 2.8038323 2.6923850 
Rhoesc_Res_007471-T1                                               2.1747615 2.3104968 2.2994399 2.2981690 2.0817658 2.2467452 2.0873762 2.1552125 2.1391310 2.2843938 2.3137423 2.1870499 2.2563161 2.1806348 2.0069899 2.0357010 2.1963806 2.1291136 2.0264715 2.4167788 2.2315278 2.4712325 2.4141523 2.2715410 2.1615707 0.2045208 0.0000000 0.9784332 2.4741007 2.6917604 2.6132995 3.3587548 2.9588428 3.3403780 3.3976576 2.9970463 3.0656198 3.5041414 3.0243443 3.0846206 3.2025777 2.7777451 2.7359290 2.7688737 2.8615487 3.5891170 3.2396993 3.0321088 3.1191373 3.2252486 3.5282719 2.8763161 2.7937940 
Sanmal_Sma_015700-T1                                               1.9117993 2.0927781 2.2691240 2.1669760 2.0748857 1.9618720 2.0207855 1.8760138 1.8825648 1.9440057 2.0252524 1.8799276 1.9526727 1.8988536 2.1317949 2.1688255 2.2372128 2.1414920 2.1930627 2.1441551 2.1085388 2.1793911 2.1408750 2.0146647 2.1623301 1.0442332 0.9784332 0.0000000 2.0831023 2.4305323 2.4070932 2.8787032 2.6612638 3.2082320 2.9981451 2.9316254 2.9725391 3.4229727 2.7478788 2.8100756 2.6970646 2.6190644 2.4761522 2.5440538 2.5736462 2.9775592 2.5948740 3.0312920 3.0051521 2.7887481 3.2562292 2.5180116 2.7592047 
Tcas_TC007629_001                                                  2.0114543 1.7935507 1.9713395 1.8410975 1.8903806 1.9752879 1.8792499 1.9999377 2.0091247 1.9881117 2.1246811 2.0848299 2.0978821 2.0571217 1.9694343 1.9556043 2.1451967 1.9629796 2.0243013 1.6187790 2.1273940 2.2910827 1.7171683 2.2907092 2.2940081 2.4841875 2.4741007 2.0831023 0.0000000 1.7242709 2.2969512 2.8339373 2.6770593 2.9794608 2.8408526 2.5772511 2.5564874 3.3232470 2.7614355 2.9662894 2.2372143 2.4112957 2.1072167 2.3479806 2.5615302 2.7137341 2.4559667 2.8304848 2.8056823 2.6386601 2.9749436 2.3926228 2.9735428 
Dpul_mRNA25929                                                     2.1568019 1.8640813 1.9152154 1.9286420 2.0834837 2.1180231 2.2166073 2.2970377 2.3170128 2.3133204 2.2670831 2.1733316 2.1856279 2.1739745 2.3445817 2.3135345 2.5368504 2.3157001 2.3298846 2.0286022 2.5567167 2.6025968 1.8284431 2.3484237 2.3572915 2.6527546 2.6917604 2.4305323 1.7242709 0.0000000 2.3430953 3.0007123 2.6450493 3.1970220 2.8585823 2.9992353 3.0117161 3.6578894 2.9876929 3.1812902 3.4094829 2.9749773 3.0273727 2.7646707 2.7125208 3.2146056 3.1783845 2.8306283 2.5933641 2.7512276 2.9878296 2.8030922 3.3054065 
Ctel_gnl_WGS_AMQN_CAPTEDRAFT_mRNA152987                            2.0935809 1.8840507 2.1362684 2.0574363 1.8494157 2.0487623 2.1173691 1.9113243 1.9289612 1.7810951 2.0934431 1.8160450 1.9944388 1.8384750 2.0924123 2.0784882 2.0109079 2.0597233 1.9413475 1.7631697 2.3126424 2.4015577 2.0202767 2.2351927 2.3753568 2.7018505 2.6132995 2.4070932 2.2969512 2.3430953 0.0000000 3.2380243 2.9755564 3.4920106 3.2992645 3.2894896 3.2354719 3.8680414 3.1361759 3.4319328 3.0399731 2.5548349 2.6482710 2.6971573 2.4996978 3.3570311 3.1226062 3.1172105 3.0077711 3.1243730 3.7552277 2.5144755 3.5590824 
Mlei_ML0339.g3.i1                                                  3.0346095 3.1160731 3.3206724 3.5025950 2.8496022 3.6205392 3.3147703 2.9906469 3.0372545 2.9168825 3.1891639 2.8480046 2.9096848 2.6756276 2.9741979 2.9951396 3.3146801 3.2460173 3.1745467 2.8496498 3.1313474 3.1038365 2.6878406 3.1502922 2.9604176 3.0147966 3.3587548 2.8787032 2.8339373 3.0007123 3.2380243 0.0000000 0.1167869 0.5359291 0.8561734 1.0706707 1.0387626 1.2290871 1.1399309 1.1506615 3.5979590 3.0172441 3.2328926 3.2585571 3.1002900 4.2191293 3.5716657 3.8974863 4.1957369 3.5154002 4.4973785 3.2343199 3.7628973 
Bolinf_Binf_sb1236712                                              2.7025893 2.8150305 2.8469292 3.4214893 2.6355040 3.1376929 2.8342897 2.6042837 2.6347444 2.4731102 2.9087379 2.6559634 2.6458393 2.4747747 2.9232817 2.9745136 3.1034178 3.2283175 2.9591048 2.5834812 2.6198204 2.9379186 2.6356071 2.9216776 2.5652254 2.5742501 2.9588428 2.6612638 2.6770593 2.6450493 2.9755564 0.1167869 0.0000000 0.5822318 0.6719349 0.8479994 0.8290111 1.1997306 1.1434742 1.0789575 3.3687646 2.8311899 2.8926313 2.8326395 2.6782679 3.0472250 4.9936556 3.4527665 3.5047201 3.1050688 4.1110268 2.8389994 3.2867805 
Mertsp_Mesp_sb569170                                               2.9531549 3.4902965 3.1601302 3.3885309 3.0893901 3.0614972 2.9790504 3.0024686 3.0239482 2.8999691 3.3031971 3.0467590 3.1020151 2.7151844 3.1939254 3.1354539 3.1314014 3.1791829 3.0352395 2.5592652 2.8613700 3.1270111 2.8310696 2.7808129 2.8369348 3.0918073 3.3403780 3.2082320 2.9794608 3.1970220 3.4920106 0.5359291 0.5822318 0.0000000 0.6125050 0.9566492 0.9617068 1.3340051 1.2596601 1.2260776 3.2943161 2.7035360 2.9786561 2.7667144 2.7741611 4.8618433 4.8790410 3.4495748 3.6635801 2.8855503 5.2748049 2.9369961 3.5266628 
Lampan_Lpan_146_01                                                 3.0291801 3.1664383 3.0702223 3.1369503 2.9253404 3.5920130 3.6024677 3.2168476 3.2157369 2.9478926 3.2282600 2.9236077 3.3185001 2.9416319 2.8824487 2.8929984 3.0681400 2.9530627 2.8785247 2.6327375 3.1206812 3.0722892 3.2385926 2.9260841 3.0650921 3.1335957 3.3976576 2.9981451 2.8408526 2.8585823 3.2992645 0.8561734 0.6719349 0.6125050 0.0000000 1.3095395 1.2723426 1.5495878 1.1486297 1.2016391 3.5343974 3.3434869 3.1624157 3.1375763 3.1461754 3.6511969 3.6218597 3.5281280 3.5000832 3.0027962 4.2207989 3.1045161 4.0766645 
Pbac_sb2667812                                                     2.6607717 3.1407749 3.0118022 3.1153886 2.7160771 3.4306510 3.5181338 3.1345149 3.1560200 2.9607168 3.0470645 2.9807728 3.2481241 3.0772247 2.8077929 2.7970470 3.1224787 2.8710199 2.7327528 2.6666034 2.8960784 3.2000397 3.1267824 3.3092091 3.0114513 2.8473102 2.9970463 2.9316254 2.5772511 2.9992353 3.2894896 1.0706707 0.8479994 0.9566492 1.3095395 0.0000000 0.0520663 1.3376891 1.3014344 1.3615100 3.1201733 3.2690627 3.1786307 3.5332630 3.5108331 3.8297409 4.2623697 3.3884810 3.6367992 3.0458818 3.7190965 3.0015723 3.4475983 
Horcal_Hcv1.av93.c3.g878.i1                                        2.7061423 3.1479875 3.0411782 3.1569036 2.6637859 3.4826593 3.4808437 3.1552092 3.1769098 2.9300943 3.0131899 2.9630402 3.2550431 3.0649904 2.8219348 2.8110164 3.1686633 2.8918650 2.7697762 2.6642231 3.0111127 3.2758146 3.1433981 3.3104156 3.0223557 2.9136035 3.0656198 2.9725391 2.5564874 3.0117161 3.2354719 1.0387626 0.8290111 0.9617068 1.2723426 0.0520663 0.0000000 1.3918005 1.2707946 1.3354464 3.0539906 3.3278312 3.1634882 3.5250119 3.5228151 3.7130251 4.1589066 3.4789048 3.7373761 3.1310305 3.7401953 3.0353092 3.5199679 
Drygla_Dgla_sb304037                                               3.5716519 3.3288594 3.9006686 3.8614438 3.7294843 3.8330451 3.2548096 3.0242128 2.9372001 3.2668318 3.6338662 3.3949526 3.4216396 3.5011498 3.4881445 3.5516402 3.4618405 3.5452658 3.3013027 3.4415346 3.7708315 4.0042650 3.4127665 3.6591017 3.6928211 3.2788490 3.5041414 3.4229727 3.3232470 3.6578894 3.8680414 1.2290871 1.1997306 1.3340051 1.5495878 1.3376891 1.3918005 0.0000000 1.9166809 1.8180722 3.4744218 3.3182006 3.3940252 3.2994434 3.1678552 3.9050373 2.9837868 4.2419427 4.4907109 4.0220905 6.4584452 3.1427191 4.1420936 
Coeast_Cast_sb770814                                               2.7559516 2.8316438 2.7805239 2.9299392 2.6494075 3.3691055 3.2020126 2.8333773 2.8732520 2.8541744 3.0795612 2.8113346 2.9219005 2.8003327 3.1730224 3.1713256 3.7334008 3.3447438 3.1519790 2.3717872 2.9044466 3.0196174 2.9043684 2.9818226 2.8342855 2.9359523 3.0243443 2.7478788 2.7614355 2.9876929 3.1361759 1.1399309 1.1434742 1.2596601 1.1486297 1.3014344 1.2707946 1.9166809 0.0000000 0.0613545 3.4321402 3.4924715 3.1161604 3.8042346 3.5640735 3.1366218 3.9142453 3.1876217 3.4206892 3.1995298 3.8774176 3.1577550 3.6187462 
Coemet_Cmet_scaffold19908_01                                       2.9794413 2.9271986 2.8667682 3.1495459 2.7713128 3.5023477 3.3597926 2.9815204 3.0205370 3.0094777 3.2574715 2.9348526 3.0693425 2.9166768 3.3202738 3.3238455 3.6735466 3.4124268 3.2557150 2.6106270 3.0768399 3.3113788 3.0610104 3.1472575 3.0432353 3.0400789 3.0846206 2.8100756 2.9662894 3.1812902 3.4319328 1.1506615 1.0789575 1.2260776 1.2016391 1.3615100 1.3354464 1.8180722 0.0613545 0.0000000 3.9085300 3.5789545 3.3614568 3.9863180 3.8444300 3.5904131 4.5272720 3.2609359 3.5246311 3.3197873 3.9534541 3.3202031 3.8718968 
Aque_Aqu2.1.21187_001                                              2.3536244 2.5713389 2.6262348 2.6618484 2.9755127 2.8956012 2.4350720 2.5648877 2.5829107 2.5736734 2.6127342 2.5704321 2.4164596 2.4249487 2.1979017 2.2324066 2.5888090 2.4769340 2.3917589 2.7178826 2.7002804 2.7013357 2.3309937 2.4676763 2.2585162 3.1335640 3.2025777 2.6970646 2.2372143 3.4094829 3.0399731 3.5979590 3.3687646 3.2943161 3.5343974 3.1201733 3.0539906 3.4744218 3.4321402 3.9085300 0.0000000 0.9285064 0.8019205 1.6253200 1.5579008 1.5860158 1.6238762 2.9947115 3.1825361 2.8462106 3.5275388 2.7022102 3.5975301 
Xestes_augustus_masked-XT_scaffold100851-processed-gene-0.1-mRNA-1 2.5170328 2.5639933 2.7766149 2.9271968 2.7645504 2.4606833 2.2300476 2.2859721 2.3029695 2.5051811 2.3641149 2.2768294 2.2535044 2.2008092 2.4969051 2.4834823 2.5072668 2.5113336 2.5556999 2.6058821 2.3616856 2.3256603 2.1652298 2.6335609 2.7659763 2.7487943 2.7777451 2.6190644 2.4112957 2.9749773 2.5548349 3.0172441 2.8311899 2.7035360 3.3434869 3.2690627 3.3278312 3.3182006 3.4924715 3.5789545 0.9285064 0.0000000 0.4950415 1.1262514 1.0738231 1.5846242 1.3387692 3.1983461 3.1188459 3.0097989 3.7945293 2.7884273 3.3338843 
Halamb_c66981_g1_i1m.46522                                         2.2002774 2.4315940 2.3374006 2.5897674 2.5126315 2.6059096 2.3181026 2.2519361 2.2635015 2.3835805 2.4272451 2.1902554 2.2191971 2.1901110 2.3364955 2.3287411 2.6125678 2.4138684 2.4728427 2.4496083 2.4225136 2.3991971 2.2161148 2.3046240 2.3935947 2.6873448 2.7359290 2.4761522 2.1072167 3.0273727 2.6482710 3.2328926 2.8926313 2.9786561 3.1624157 3.1786307 3.1634882 3.3940252 3.1161604 3.3614568 0.8019205 0.4950415 0.0000000 1.1832879 1.1787094 1.6144096 1.7590152 3.0127206 2.9571547 2.8322988 3.4873810 2.7684936 3.6310633 
Emue_Em0003g1428a.t1                                               2.5047904 2.4247448 2.4326913 2.8082136 2.6959280 2.3717169 2.1741633 2.1187967 2.1207043 2.2370971 2.1635162 2.0674700 1.9649817 1.9443076 2.0728198 2.0689628 2.3491488 2.2245704 2.1403214 2.6991124 2.3665930 2.3187094 2.2809852 2.1692008 2.3224449 2.6579763 2.7688737 2.5440538 2.3479806 2.7646707 2.6971573 3.2585571 2.8326395 2.7667144 3.1375763 3.5332630 3.5250119 3.2994434 3.8042346 3.9863180 1.6253200 1.1262514 1.1832879 0.0000000 0.2310818 1.3347730 1.4683920 3.1135586 3.2177730 2.7497501 3.6404576 2.5946507 3.6668569 
Spolac_c101541_g3_i1_m.25934c101541-g3                             2.4016331 2.5860459 2.5834219 2.6179466 2.7679226 2.4513160 2.1553386 2.1066308 2.1085482 2.2989284 2.1614128 2.0213519 1.9092738 1.9386546 2.0756518 2.0610649 2.2132216 2.1356254 2.0361311 2.6352559 2.2905303 2.2567291 2.1869538 2.1034710 2.3200187 2.6968780 2.8615487 2.5736462 2.5615302 2.7125208 2.4996978 3.1002900 2.6782679 2.7741611 3.1461754 3.5108331 3.5228151 3.1678552 3.5640735 3.8444300 1.5579008 1.0738231 1.1787094 0.2310818 0.0000000 1.2589697 1.3452372 2.7837004 2.9662982 2.5841230 3.6092438 2.6462285 3.4225790 
Tetwil_g7636.t1                                                    2.2933384 2.9195094 3.0048156 2.5364479 2.9720529 2.9515207 2.4994927 2.8268414 2.7569508 2.8597048 2.8203741 2.6648517 2.4467337 2.4081527 2.3819237 2.4038121 3.0390431 2.4347323 2.3703170 3.0223271 2.5962446 2.8413576 2.5917829 2.3693597 2.3757085 3.4158763 3.5891170 2.9775592 2.7137341 3.2146056 3.3570311 4.2191293 3.0472250 4.8618433 3.6511969 3.8297409 3.7130251 3.9050373 3.1366218 3.5904131 1.5860158 1.5846242 1.6144096 1.3347730 1.2589697 0.0000000 1.2545275 3.1073379 3.2488588 2.9891149 2.6133884 2.7029837 3.9447937 
Stycar_maker-SC_scaffold1750-snap-gene-0.26-mRNA-1                 2.1145621 2.7529269 2.6374096 2.6622770 2.3822098 2.7723805 2.9466206 3.0126771 3.0126771 2.9215041 2.9146033 2.4701519 2.6721809 2.7338927 2.0735225 2.1244667 5.2201035 2.0007220 2.0457404 3.2677765 2.9008765 3.0807284 2.4482912 2.1835568 2.2783527 3.0729261 3.2396993 2.5948740 2.4559667 3.1783845 3.1226062 3.5716657 4.9936556 4.8790410 3.6218597 4.2623697 4.1589066 2.9837868 3.9142453 4.5272720 1.6238762 1.3387692 1.7590152 1.4683920 1.3452372 1.2545275 0.0000000 2.8085189 3.1390597 2.9457396 2.7796063 2.9018657 4.1716572 
Scil_scict005829.1                                                 2.3133963 2.7517301 2.6585982 2.8280256 2.6665819 2.4659422 2.3648295 2.5170952 2.5608479 2.5593939 2.6700418 2.4986589 2.3259897 2.4105948 2.4473085 2.4628563 2.8617871 2.4751303 2.3698893 2.5469995 2.0077263 2.1461975 2.4706979 2.2662870 2.2306090 3.0897504 3.0321088 3.0312920 2.8304848 2.8306283 3.1172105 3.8974863 3.4527665 3.4495748 3.5281280 3.3884810 3.4789048 4.2419427 3.1876217 3.2609359 2.9947115 3.1983461 3.0127206 3.1135586 2.7837004 3.1073379 2.8085189 0.0000000 0.6055391 0.6475762 0.9135145 1.9616820 3.6060167 
Lcom_lcpid74349                                                    2.3027970 2.5765359 2.4949026 2.7122547 2.5669245 2.5313715 2.3893402 2.5455641 2.5655904 2.5325985 2.6390483 2.4903103 2.3482470 2.3679047 2.2643735 2.2746711 2.5797681 2.2829300 2.2953896 2.6551388 2.0442833 2.2111628 2.4896347 2.3831440 2.3158071 3.0606381 3.1191373 3.0051521 2.8056823 2.5933641 3.0077711 4.1957369 3.5047201 3.6635801 3.5000832 3.6367992 3.7373761 4.4907109 3.4206892 3.5246311 3.1825361 3.1188459 2.9571547 3.2177730 2.9662982 3.2488588 3.1390597 0.6055391 0.0000000 0.7977389 0.9024911 2.0018550 3.9075639 
Gracom_Gcom_scaffold18743_01                                       2.3199213 2.4815475 2.6827359 2.7809701 2.5656010 2.4710431 2.4259561 2.5867322 2.6008271 2.6679546 2.5931526 2.6359226 2.5174993 2.5345496 2.2774329 2.2875339 2.5520413 2.3171271 2.1879892 2.3801559 2.1561054 2.4017796 2.6971834 2.6298745 2.1458293 3.1259850 3.2252486 2.7887481 2.6386601 2.7512276 3.1243730 3.5154002 3.1050688 2.8855503 3.0027962 3.0458818 3.1310305 4.0220905 3.1995298 3.3197873 2.8462106 3.0097989 2.8322988 2.7497501 2.5841230 2.9891149 2.9457396 0.6475762 0.7977389 0.0000000 0.9891829 1.7243997 3.2724560 
Leuniv_Lniv_scaffold5506_01                                        2.4674698 2.8841809 3.0719302 3.1322859 3.2658154 2.7157755 2.7801589 3.1076768 3.1352063 2.8670853 2.8736479 2.7269226 2.9223086 2.8408141 2.5614963 2.5957204 3.2958489 2.5956160 2.6560257 2.9567648 2.5387197 2.6619010 2.7461284 2.7242839 2.6501207 3.5837801 3.5282719 3.2562292 2.9749436 2.9878296 3.7552277 4.4973785 4.1110268 5.2748049 4.2207989 3.7190965 3.7401953 6.4584452 3.8774176 3.9534541 3.5275388 3.7945293 3.4873810 3.6404576 3.6092438 2.6133884 2.7796063 0.9135145 0.9024911 0.9891829 0.0000000 2.2076954 4.1227902 
Clacor_Ccor_scaffold11675_01                                       2.2374480 2.2200666 2.2607039 2.4765686 2.5924868 2.2329044 2.2242630 2.3001263 2.3335909 2.3607543 2.3391524 2.2313405 2.3474865 2.2211270 2.0766138 2.0913194 2.2572270 2.1908307 2.1343346 2.2189922 2.1427959 2.2216288 2.1340163 2.1961947 2.3442340 2.8038323 2.8763161 2.5180116 2.3926228 2.8030922 2.5144755 3.2343199 2.8389994 2.9369961 3.1045161 3.0015723 3.0353092 3.1427191 3.1577550 3.3202031 2.7022102 2.7884273 2.7684936 2.5946507 2.6462285 2.7029837 2.9018657 1.9616820 2.0018550 1.7243997 2.2076954 0.0000000 3.2560730 
Morvir_scaffold142.g4.t1                                           3.0087504 3.1898940 3.1900554 3.1894991 3.1815557 2.7686396 2.8186605 2.8337587 2.8974083 2.9048858 3.1043709 2.8746753 2.7245410 2.7872671 2.7886623 2.7667041 2.6492006 2.5990722 2.6752146 3.2996666 3.2850742 3.2057954 2.4800756 3.0177970 3.2437857 2.6923850 2.7937940 2.7592047 2.9735428 3.3054065 3.5590824 3.7628973 3.2867805 3.5266628 4.0766645 3.4475983 3.5199679 4.1420936 3.6187462 3.8718968 3.5975301 3.3338843 3.6310633 3.6668569 3.4225790 3.9447937 4.1716572 3.6060167 3.9075639 3.2724560 4.1227902 3.2560730 0.0000000 
