51
Hsap_ENST00000373502                    0.0000000 0.4786077 0.6133776 0.6531496 0.6617790 0.6536638 0.9350883 0.8814094 0.8639051 0.8760269 0.8263189 0.4616792 0.8224970 0.8364771 0.8799155 1.1467167 1.0209449 0.6506476 0.7873252 0.8843652 1.0274605 0.9833103 1.0593063 1.0180265 1.1595266 1.0365230 1.6657704 1.2430423 1.2559522 1.7805399 1.4820357 1.4884999 1.1021028 1.3424317 1.2890311 1.2205944 1.1287758 1.2954488 1.5087558 1.5449020 1.4055915 1.3812263 1.2694623 1.4831951 2.4265765 1.8192053 1.7822244 1.7896508 1.6259664 1.7380813 1.6589673 
Bralan_BLAG06000691_1                   0.4786077 0.0000000 0.2502378 0.3529882 0.3837863 0.4542847 0.6595402 0.5744761 0.6103097 0.6069593 0.5955233 0.3686122 0.6228837 0.6343911 0.6767864 0.8927980 0.8802926 0.5289830 0.6718693 0.6339765 0.9341972 1.0224961 0.9540252 0.9363478 1.0553150 0.8438545 1.8700370 0.9510448 0.9489101 1.3553500 1.1989080 1.2394749 1.0052616 1.1221986 1.2058192 1.2239857 0.8342472 1.3055706 1.3892818 1.4467164 1.3606890 1.4171661 1.4449097 1.3958543 2.1370581 1.5801919 1.5455495 1.5655167 1.6171442 1.7179720 1.5424369 
Skow_XM_002739801.2                     0.6133776 0.2502378 0.0000000 0.3327811 0.4055242 0.3850851 0.6848942 0.6075141 0.6010480 0.5977201 0.5756738 0.3209835 0.6231878 0.6097696 0.6805757 0.8321970 0.8044755 0.5699511 0.6210568 0.5505403 0.8918121 0.9565256 1.0283475 1.0054205 1.1027472 0.8014307 1.6704471 0.9107814 0.9087408 1.4169877 1.2226781 1.2150122 1.1677089 1.1815594 1.3336087 1.1278874 0.9496572 1.3935988 1.5797527 1.5650467 1.5852888 1.6133483 1.5656183 1.6045677 2.1148765 1.7894049 1.7546137 1.7762275 1.6489179 1.8286753 1.7210491 
Cscu_XM_023388526.1                     0.6531496 0.3529882 0.3327811 0.0000000 0.4067702 0.4361726 0.7259455 0.6038362 0.5579937 0.5476017 0.5366933 0.3770633 0.5391226 0.5275797 0.5958838 0.9019385 0.7915901 0.5169875 0.5563029 0.6970289 0.9882897 1.0678354 0.9599953 0.9869461 1.0377335 0.7990481 1.5125435 0.8542335 0.8541487 1.1951437 1.0558026 1.0180212 1.0184380 0.9414471 1.0865837 1.0864601 0.8350304 1.3979735 1.4325859 1.4193583 1.3434235 1.5327745 1.5000826 1.3152942 2.4192953 1.7351231 1.6248166 1.6042706 1.5749580 1.8255667 1.6656750 
Ctel_gnl_WGS_AMQN_CAPTEDRAFT_mRNA135139 0.6617790 0.3837863 0.4055242 0.4067702 0.0000000 0.3818926 0.7968539 0.7016058 0.6535566 0.6429266 0.6440271 0.4220846 0.6675501 0.6332573 0.6641753 1.0258407 0.8945571 0.5545921 0.5925034 0.7675162 0.9435609 1.0858890 0.9529361 0.9219835 1.1127878 0.8724366 1.6742648 1.1399238 1.1085367 1.4429741 1.2862360 1.2763498 1.1018215 1.2127902 1.2297678 1.1983045 0.9920097 1.4366828 1.4745900 1.6134049 1.5618387 1.6087936 1.5656238 1.4837264 2.5853990 1.7184213 1.7392941 1.7179767 1.5633925 1.7722846 1.6437081 
Cgig_XM_034447321.1                     0.6536638 0.4542847 0.3850851 0.4361726 0.3818926 0.0000000 0.7358797 0.6144575 0.6935650 0.6901254 0.7211521 0.3981731 0.7637017 0.7498844 0.7500400 0.9131049 0.8265292 0.5874231 0.6559313 0.8134029 0.9047413 0.8607012 0.9432284 0.9314621 1.0157683 0.9093027 1.7742421 1.0441509 1.0154060 1.6246238 1.3399374 1.4430628 1.1428219 1.1250710 1.2633689 1.2613897 1.0125984 1.5209507 1.3062303 1.4772170 1.5680446 1.5910750 1.6016207 1.5336871 2.1153238 1.6469562 1.6781763 1.6989155 1.5082572 1.6854369 1.6516505 
Exapal_XM_021061838.2                   0.9350883 0.6595402 0.6848942 0.7259455 0.7968539 0.7358797 0.0000000 0.2277844 0.3133417 0.3216608 0.2907349 0.1909683 0.3029863 0.3126886 0.3164373 0.6551581 0.6614025 0.8532327 0.9154391 0.9799710 1.0611810 1.0223834 0.9786316 0.9442568 0.9093271 0.8455319 1.7671264 1.2146506 1.1866047 1.6258254 1.5695343 1.5468722 1.3097410 1.2322966 1.5942617 1.4359586 1.1601670 1.5354703 1.7251068 1.9018798 1.5300824 1.6173480 1.6180664 1.5636279 2.6767704 1.8319025 1.7355914 1.7142669 1.6794184 1.9414060 1.8447478 
Nvec_v1g246680                          0.8814094 0.5744761 0.6075141 0.6038362 0.7016058 0.6144575 0.2277844 0.0000000 0.2693235 0.2775540 0.2686871 0.1503929 0.2829874 0.2962254 0.3126973 0.5808465 0.5154522 0.8510638 0.9488299 1.0753569 0.8855883 0.9441918 0.9074586 0.9046665 0.8512348 0.7454207 1.6451902 1.2009401 1.1788423 1.6627880 1.5655449 1.5014415 1.1693555 1.1344484 1.4992631 1.3283502 1.1338600 1.3590434 1.5969049 1.7241674 1.3886552 1.5304199 1.5612975 1.4616687 2.4274460 1.9083446 1.8129238 1.7910381 1.6819375 1.9046193 1.8382650 
Adig_XM_015908016.1                     0.8639051 0.6103097 0.6010480 0.5579937 0.6535566 0.6935650 0.3133417 0.2693235 0.0000000 0.0064632 0.0472423 0.0381424 0.0839421 0.0685371 0.0795865 0.5030334 0.4943525 0.7381016 0.8829438 0.9519277 0.9479245 0.8872263 0.8078082 0.7889371 0.8045490 0.6913296 1.3928233 1.1781839 1.1494034 1.5447218 1.4894207 1.3990758 1.1323553 1.1499040 1.4221590 1.3910274 1.0978979 1.3281567 1.6976322 1.8469535 1.5102044 1.7578261 1.6193676 1.5732169 2.3212286 1.9024136 1.8173882 1.7951771 1.7049849 1.9343689 1.8058817 
Amil_Amillepora07224-RA                 0.8760269 0.6069593 0.5977201 0.5476017 0.6429266 0.6901254 0.3216608 0.2775540 0.0064632 0.0000000 0.0540601 0.0381424 0.0910332 0.0754839 0.0876696 0.5125373 0.5040251 0.7267265 0.8702970 0.9480008 0.9344784 0.8749220 0.7961073 0.7774351 0.8161363 0.6807472 1.3928233 1.1637765 1.1351557 1.5655442 1.5094873 1.4177139 1.1178547 1.1354643 1.4056264 1.3738869 1.0770429 1.3449814 1.6911031 1.8400549 1.5291602 1.7374081 1.6388028 1.5923228 2.3057543 1.8797558 1.7952788 1.7732334 1.6841229 1.9575451 1.8275418 
Fspp_ffun1.m4.12109.m1                  0.8263189 0.5955233 0.5756738 0.5366933 0.6440271 0.7211521 0.2907349 0.2686871 0.0472423 0.0540601 0.0000000 0.0126068 0.0684982 0.0536861 0.0826216 0.5023901 0.4734232 0.7534107 0.8656015 0.9378964 0.9577302 0.9136690 0.8306392 0.8113499 0.7777535 0.6867549 1.3240364 1.2063275 1.1771617 1.5068374 1.4514220 1.3372243 1.1388227 1.1794042 1.4479737 1.3732264 1.0806609 1.3319811 1.6720626 1.7726789 1.4608375 1.7600625 1.6273100 1.5965055 2.2893188 1.8247798 1.7424006 1.7209584 1.7095256 1.8903726 1.8113036 
Gasp_gasp1.m3.29769.m1                  0.4616792 0.3686122 0.3209835 0.3770633 0.4220846 0.3981731 0.1909683 0.1503929 0.0381424 0.0381424 0.0126068 0.0000000 0.0523097 0.0389946 0.0517310 0.2649594 0.2297066 0.4706574 0.4150908 0.7438221 0.5815438 0.6135213 0.4862311 0.4632813 0.4785080 0.4061137 1.3312741 0.7733640 0.7246666 0.9654045 1.3004929 1.0861807 0.7240804 0.8268871 1.1230795 0.9655399 0.6716739 1.0346770 0.9692337 0.8942730 1.1215954 1.3230389 1.1446792 1.2628018 1.9820836 1.7230286 1.6339713 1.6339713 1.5032923 1.7063998 1.4759593 
Spis_XP_022801613_1                     0.8224970 0.6228837 0.6231878 0.5391226 0.6675501 0.7637017 0.3029863 0.2829874 0.0839421 0.0910332 0.0684982 0.0523097 0.0000000 0.0328273 0.0732802 0.5319533 0.4964454 0.7832389 0.9129166 0.9113544 0.9629931 0.9553358 0.8346363 0.7892114 0.8470859 0.6854045 1.3000963 1.1801025 1.1513374 1.4175569 1.3614720 1.2913425 1.1477770 1.1658897 1.4976026 1.4341579 1.1296169 1.3762673 1.6803383 1.7846566 1.4277854 1.6687010 1.6416317 1.5367387 2.3508077 1.8443043 1.7617641 1.7402642 1.7081241 1.9359643 1.8274547 
Pocdam_XM_027186862.1                   0.8364771 0.6343911 0.6097696 0.5275797 0.6332573 0.7498844 0.3126886 0.2962254 0.0685371 0.0754839 0.0536861 0.0389946 0.0328273 0.0000000 0.0646285 0.5320211 0.5066766 0.7829402 0.8638953 0.9196450 0.9649524 0.9715466 0.8463823 0.8141567 0.8439830 0.7076148 1.4042422 1.1919486 1.1630860 1.4322579 1.3656868 1.2962851 1.1720147 1.1900913 1.5299375 1.4740264 1.1534680 1.4308485 1.7489440 1.8575862 1.4997653 1.7716707 1.7267841 1.6133780 2.3385326 1.8835812 1.7999148 1.7780752 1.7546380 1.9740064 1.8137311 
Gfas_gfas1.m1.4541.m1                   0.8799155 0.6767864 0.6805757 0.5958838 0.6641753 0.7500400 0.3164373 0.3126973 0.0795865 0.0876696 0.0826216 0.0517310 0.0732802 0.0646285 0.0000000 0.5787933 0.5618938 0.9137198 1.0356935 0.9673950 0.9945638 0.9505101 0.8564799 0.8394319 0.9041024 0.6983592 1.3153897 1.3018807 1.2666646 1.3453116 1.2525305 1.1968899 1.1398049 1.2191875 1.4882086 1.5369436 0.9635531 1.3105632 1.7781318 1.9379647 1.6198231 1.8177920 1.7979666 1.6014213 2.7154272 1.8921979 1.8863080 1.8597583 1.7217869 1.9564817 1.9474030 
Dgig_XM_028548414.1                     1.1467167 0.8927980 0.8321970 0.9019385 1.0258407 0.9131049 0.6551581 0.5808465 0.5030334 0.5125373 0.5023901 0.2649594 0.5319533 0.5320211 0.5787933 0.0000000 0.1587082 1.0442819 1.0921700 1.1713166 0.9782130 1.0527068 1.0279213 1.0248088 1.0551559 0.9095926 1.9410227 1.2997246 1.2832596 1.8007216 1.7092997 1.6008653 1.5591052 1.5820214 1.8528127 1.7209295 1.3105108 1.5392162 2.0325563 2.1202308 1.6107267 1.7986196 1.6952322 1.7909376 2.6436869 1.9551265 1.9411995 1.9174476 1.8224127 1.8171691 1.7938390 
Xesp_015652-T1                          1.0209449 0.8802926 0.8044755 0.7915901 0.8945571 0.8265292 0.6614025 0.5154522 0.4943525 0.5040251 0.4734232 0.2297066 0.4964454 0.5066766 0.5618938 0.1587082 0.0000000 0.9849979 1.0389238 1.1158134 0.9563393 1.0417173 1.0357360 1.0505356 1.0423759 0.9302953 1.8810925 1.3358800 1.3188707 1.6648701 1.5836689 1.4841554 1.3189096 1.4215321 1.7255255 1.5535529 1.2865642 1.4054575 1.8095416 1.9819584 1.4720860 1.6181098 1.5904483 1.6431967 2.5798828 1.8800952 1.9179754 1.8944728 1.6255170 1.6519917 1.6313779 
Tcas_TC001450_001                       0.6506476 0.5289830 0.5699511 0.5169875 0.5545921 0.5874231 0.8532327 0.8510638 0.7381016 0.7267265 0.7534107 0.4706574 0.7832389 0.7829402 0.9137198 1.0442819 0.9849979 0.0000000 0.5351946 0.8525254 1.1002863 1.1570309 1.1299234 1.0944087 1.2448309 1.0418451 2.1745703 1.0942291 1.0960208 1.5418236 1.5053518 1.3826156 1.1394212 1.1056507 1.2472544 1.1018834 1.1755165 1.3194372 1.4450193 1.3872867 1.5431640 1.5684794 1.6082650 1.5173730 2.3787662 1.8093343 1.7843358 1.7624510 1.6611799 1.9170113 1.5317774 
Dpul_mRNA29644                          0.7873252 0.6718693 0.6210568 0.5563029 0.5925034 0.6559313 0.9154391 0.9488299 0.8829438 0.8702970 0.8656015 0.4150908 0.9129166 0.8638953 1.0356935 1.0921700 1.0389238 0.5351946 0.0000000 0.9984619 1.0845950 1.1077405 1.2360954 1.1344303 1.1469480 1.1908402 2.4684016 1.1965649 1.1799496 1.6243602 1.5650046 1.4445945 1.3974847 1.3444846 1.4930427 1.2937224 0.9131406 1.4740584 1.5956382 1.4469237 1.5372508 1.5903781 1.4853567 1.5585164 2.3279340 1.7812090 1.6779053 1.6605667 1.6727936 1.8597661 1.6648799 
Spur_XM_011685838.2                     0.8843652 0.6339765 0.5505403 0.6970289 0.7675162 0.8134029 0.9799710 1.0753569 0.9519277 0.9480008 0.9378964 0.7438221 0.9113544 0.9196450 0.9673950 1.1713166 1.1158134 0.8525254 0.9984619 0.0000000 1.1781851 1.1831177 1.1442838 1.1328562 1.3017193 1.0442661 1.4276828 1.0552953 1.0815715 1.4670606 1.3470921 1.3285642 1.1612906 1.3234226 1.3341451 1.1344650 1.3031139 1.3483532 1.5460788 1.5440614 1.6147999 1.6500497 1.6318188 1.6401112 2.3937492 1.7021418 1.7550036 1.7604107 1.5694046 1.7536944 1.5901636 
Hvul_g15962_1                           1.0274605 0.9341972 0.8918121 0.9882897 0.9435609 0.9047413 1.0611810 0.8855883 0.9479245 0.9344784 0.9577302 0.5815438 0.9629931 0.9649524 0.9945638 0.9782130 0.9563393 1.1002863 1.0845950 1.1781851 0.0000000 0.4631117 0.7780773 0.7845036 0.8118615 0.5860666 1.4605264 1.4115611 1.3796966 1.9659624 1.7266469 1.6681826 1.2320833 1.3456103 1.3499943 1.2467339 1.4725013 1.2713391 1.8154656 1.9016940 1.6220792 1.6341775 1.7603595 1.5276595 3.3162552 2.1653646 2.2266923 2.2227569 2.0872624 2.2021735 2.0250921 
Chem_TCONS_00064382                     0.9833103 1.0224961 0.9565256 1.0678354 1.0858890 0.8607012 1.0223834 0.9441918 0.8872263 0.8749220 0.9136690 0.6135213 0.9553358 0.9715466 0.9505101 1.0527068 1.0417173 1.1570309 1.1077405 1.1831177 0.4631117 0.0000000 0.6463959 0.5958227 0.6726061 0.5781365 1.0311799 1.4355067 1.4271065 2.1799505 1.7878233 1.8326105 1.1807389 1.3719651 1.2150881 1.0822594 1.4923183 1.3609726 1.7677911 1.7499266 1.6349215 1.6706456 1.6540593 1.6271355 3.3103123 2.4969900 2.6373670 2.6317847 2.2056170 2.2858739 2.3560113 
Nemnom_g20031.t1                        1.0593063 0.9540252 1.0283475 0.9599953 0.9529361 0.9432284 0.9786316 0.9074586 0.8078082 0.7961073 0.8306392 0.4862311 0.8346363 0.8463823 0.8564799 1.0279213 1.0357360 1.1299234 1.2360954 1.1442838 0.7780773 0.6463959 0.0000000 0.1097290 0.4886104 0.5337302 0.6203569 1.4440439 1.4237815 2.1843491 1.7177738 1.8397474 1.1381928 1.3648542 1.4899009 1.3368990 1.6877546 1.5344875 1.5546974 1.6931547 1.4157961 1.4943710 1.3927096 1.3630989 3.0320484 2.1107222 2.1520194 2.1270169 1.7900193 2.3293510 2.1892447 
Rhoesc_Res_000965-T1                    1.0180265 0.9363478 1.0054205 0.9869461 0.9219835 0.9314621 0.9442568 0.9046665 0.7889371 0.7774351 0.8113499 0.4632813 0.7892114 0.8141567 0.8394319 1.0248088 1.0505356 1.0944087 1.1344303 1.1328562 0.7845036 0.5958227 0.1097290 0.0000000 0.4132074 0.5548452 0.5411498 1.4000215 1.3802341 2.2964145 1.7265073 1.8355387 1.1708522 1.3680731 1.4337124 1.2671990 1.8324222 1.4731586 1.4618450 1.5375013 1.4071740 1.5501755 1.4196257 1.4152930 2.9683014 2.0705877 2.0992176 2.0746841 1.8409928 2.1850971 2.0956640 
Sanmal_Sma_010945-T1                    1.1595266 1.0553150 1.1027472 1.0377335 1.1127878 1.0157683 0.9093271 0.8512348 0.8045490 0.8161363 0.7777535 0.4785080 0.8470859 0.8439830 0.9041024 1.0551559 1.0423759 1.2448309 1.1469480 1.3017193 0.8118615 0.6726061 0.4886104 0.4132074 0.0000000 0.5337310 0.6759117 1.5943544 1.5610373 2.3785577 1.9332474 1.9363410 1.1322132 1.4460475 1.5912252 1.4428485 1.6574812 1.6299882 1.5851998 1.7095179 1.3801579 1.5529436 1.5444129 1.5264255 3.2486220 2.1901904 2.1505367 2.1253507 1.9751679 2.1401250 2.0075937 
Morvir_scaffold321.g4.t1                1.0365230 0.8438545 0.8014307 0.7990481 0.8724366 0.9093027 0.8455319 0.7454207 0.6913296 0.6807472 0.6867549 0.4061137 0.6854045 0.7076148 0.6983592 0.9095926 0.9302953 1.0418451 1.1908402 1.0442661 0.5860666 0.5781365 0.5337302 0.5548452 0.5337310 0.0000000 1.0377608 1.2205115 1.1928541 1.8800497 1.5489982 1.5661450 1.1993091 1.3839808 1.4554538 1.2646531 1.4946835 1.5212299 1.6105054 1.6573872 1.5013907 1.6377559 1.5183745 1.5009422 2.8530947 1.9434870 2.0065046 1.9830221 1.7251111 1.9860199 2.0133119 
Aaur_scaffold844.g3.t1                  1.6657704 1.8700370 1.6704471 1.5125435 1.6742648 1.7742421 1.7671264 1.6451902 1.3928233 1.3928233 1.3240364 1.3312741 1.3000963 1.4042422 1.3153897 1.9410227 1.8810925 2.1745703 2.4684016 1.4276828 1.4605264 1.0311799 0.6203569 0.5411498 0.6759117 1.0377608 0.0000000 1.8677084 1.8953982 4.3132800 2.2898662 2.2314724 1.7534078 2.4070366 2.4295492 2.0294701 6.5486772 2.1643561 2.3908270 2.9593029 1.6804250 2.0389304 1.8232400 1.9453434 8.9999989 3.3899340 3.3514195 3.3163917 2.2389857 2.8603576 3.4576904 
Tadh_TriadT32928                        1.2430423 0.9510448 0.9107814 0.8542335 1.1399238 1.0441509 1.2146506 1.2009401 1.1781839 1.1637765 1.2063275 0.7733640 1.1801025 1.1919486 1.3018807 1.2997246 1.3358800 1.0942291 1.1965649 1.0552953 1.4115611 1.4355067 1.4440439 1.4000215 1.5943544 1.2205115 1.8677084 0.0000000 0.0194658 0.6061155 0.4491542 0.4697448 1.6158372 1.5994938 1.7316293 1.5149341 1.1339652 1.6878459 1.7841891 1.9626371 1.8314076 1.9105199 1.8178327 1.7549608 2.4794400 1.9387138 1.9555855 1.9473341 1.6947479 2.1259702 2.0657846 
TrH2_TrispH2_008878-RA                  1.2559522 0.9489101 0.9087408 0.8541487 1.1085367 1.0154060 1.1866047 1.1788423 1.1494034 1.1351557 1.1771617 0.7246666 1.1513374 1.1630860 1.2666646 1.2832596 1.3188707 1.0960208 1.1799496 1.0815715 1.3796966 1.4271065 1.4237815 1.3802341 1.5610373 1.1928541 1.8953982 0.0194658 0.0000000 0.6411168 0.4884999 0.5082629 1.6393029 1.6069161 1.7018987 1.5178317 1.1240406 1.6751424 1.7592036 1.9358669 1.7666056 1.8667565 1.7755646 1.7097323 2.4098515 1.8921602 1.9081052 1.9000275 1.6541602 2.1079704 2.0638272 
HoiH06_mRNA4402                         1.7805399 1.3553500 1.4169877 1.1951437 1.4429741 1.6246238 1.6258254 1.6627880 1.5447218 1.5655442 1.5068374 0.9654045 1.4175569 1.4322579 1.3453116 1.8007216 1.6648701 1.5418236 1.6243602 1.4670606 1.9659624 2.1799505 2.1843491 2.2964145 2.3785577 1.8800497 4.3132800 0.6061155 0.6411168 0.0000000 0.2687650 0.1956375 1.9937438 1.9027134 2.4232922 1.9869700 1.0508930 2.0098103 2.4278102 2.6488844 2.6402381 2.6727005 2.6933132 2.1987440 3.1822472 2.1067392 2.1761945 2.1653279 2.0299306 2.6800445 2.3854167 
HoiH04_mRNA14001                        1.4820357 1.1989080 1.2226781 1.0558026 1.2862360 1.3399374 1.5695343 1.5655449 1.4894207 1.5094873 1.4514220 1.3004929 1.3614720 1.3656868 1.2525305 1.7092997 1.5836689 1.5053518 1.5650046 1.3470921 1.7266469 1.7878233 1.7177738 1.7265073 1.9332474 1.5489982 2.2898662 0.4491542 0.4884999 0.2687650 0.0000000 0.1341949 1.8263625 1.7941720 1.9876873 1.7463530 1.0314260 1.7590523 2.1551615 2.3076549 2.1103827 2.3383403 2.0811590 1.9206819 3.2215158 1.9716764 2.0443109 2.0342197 1.8540734 2.3939465 2.1930795 
HoiH23_PlH23_009739-RA                  1.4884999 1.2394749 1.2150122 1.0180212 1.2763498 1.4430628 1.5468722 1.5014415 1.3990758 1.4177139 1.3372243 1.0861807 1.2913425 1.2962851 1.1968899 1.6008653 1.4841554 1.3826156 1.4445945 1.3285642 1.6681826 1.8326105 1.8397474 1.8355387 1.9363410 1.5661450 2.2314724 0.4697448 0.5082629 0.1956375 0.1341949 0.0000000 1.7677989 1.7892614 2.0289103 1.6576039 1.1168286 1.6434418 1.9958133 2.1100970 2.0804223 2.3296758 2.2067636 1.7950619 3.6577712 2.1418875 2.2001234 2.1898027 2.0830994 2.4600164 2.3245881 
Opea_EP00118_Oscarella_pearsei_P009136  1.1021028 1.0052616 1.1677089 1.0184380 1.1018215 1.1428219 1.3097410 1.1693555 1.1323553 1.1178547 1.1388227 0.7240804 1.1477770 1.1720147 1.1398049 1.5591052 1.3189096 1.1394212 1.3974847 1.1612906 1.2320833 1.1807389 1.1381928 1.1708522 1.1322132 1.1993091 1.7534078 1.6158372 1.6393029 1.9937438 1.8263625 1.7677989 0.0000000 0.4893561 1.2996504 1.2657735 1.4036694 1.3710309 1.3842090 1.3937008 1.2039233 1.2489557 1.2939709 1.2993496 2.4555029 1.8906792 1.8668672 1.8636664 1.8503819 2.1041747 2.0319292 
Plajan_Pjan_scaffold19395_01            1.3424317 1.1221986 1.1815594 0.9414471 1.2127902 1.1250710 1.2322966 1.1344484 1.1499040 1.1354643 1.1794042 0.8268871 1.1658897 1.1900913 1.2191875 1.5820214 1.4215321 1.1056507 1.3444846 1.3234226 1.3456103 1.3719651 1.3648542 1.3680731 1.4460475 1.3839808 2.4070366 1.5994938 1.6069161 1.9027134 1.7941720 1.7892614 0.4893561 0.0000000 1.2427576 1.0797058 1.5545873 1.3803315 1.5404892 1.6436478 1.3790731 1.4169815 1.3958551 1.4583367 2.5819407 2.0996267 2.0552224 2.0516622 1.7983890 2.2028939 2.0737445 
Aque_Aqu2.1.19927_001                   1.2890311 1.2058192 1.3336087 1.0865837 1.2297678 1.2633689 1.5942617 1.4992631 1.4221590 1.4056264 1.4479737 1.1230795 1.4976026 1.5299375 1.4882086 1.8528127 1.7255255 1.2472544 1.4930427 1.3341451 1.3499943 1.2150881 1.4899009 1.4337124 1.5912252 1.4554538 2.4295492 1.7316293 1.7018987 2.4232922 1.9876873 2.0289103 1.2996504 1.2427576 0.0000000 0.2999293 1.6999139 0.8396689 1.2088668 1.3401768 1.6529143 1.7951557 1.6608837 1.7020596 2.7978002 2.3744150 2.3496687 2.3457129 2.1205494 2.4459955 2.3686329 
Halamb_c48056_g3_i1mm.2495              1.2205944 1.2239857 1.1278874 1.0864601 1.1983045 1.2613897 1.4359586 1.3283502 1.3910274 1.3738869 1.3732264 0.9655399 1.4341579 1.4740264 1.5369436 1.7209295 1.5535529 1.1018834 1.2937224 1.1344650 1.2467339 1.0822594 1.3368990 1.2671990 1.4428485 1.2646531 2.0294701 1.5149341 1.5178317 1.9869700 1.7463530 1.6576039 1.2657735 1.0797058 0.2999293 0.0000000 1.4453383 0.7538390 1.0684567 1.0691114 1.5686916 1.5896979 1.4282331 1.5245414 2.9150886 2.2371230 2.1805479 2.1766394 2.0526173 2.1676002 2.2315843 
Acagra_model.g10633.t1                  1.1287758 0.8342472 0.9496572 0.8350304 0.9920097 1.0125984 1.1601670 1.1338600 1.0978979 1.0770429 1.0806609 0.6716739 1.1296169 1.1534680 0.9635531 1.3105108 1.2865642 1.1755165 0.9131406 1.3031139 1.4725013 1.4923183 1.6877546 1.8324222 1.6574812 1.4946835 6.5486772 1.1339652 1.1240406 1.0508930 1.0314260 1.1168286 1.4036694 1.5545873 1.6999139 1.4453383 0.0000000 1.8270034 1.8000405 2.0358833 2.0294578 2.1395812 2.0287050 2.2278618 3.2396342 2.5477138 2.6314126 2.6334959 2.1959113 2.5064672 2.4051482 
Tetwil_g3268.t2                         1.2954488 1.3055706 1.3935988 1.3979735 1.4366828 1.5209507 1.5354703 1.3590434 1.3281567 1.3449814 1.3319811 1.0346770 1.3762673 1.4308485 1.3105632 1.5392162 1.4054575 1.3194372 1.4740584 1.3483532 1.2713391 1.3609726 1.5344875 1.4731586 1.6299882 1.5212299 2.1643561 1.6878459 1.6751424 2.0098103 1.7590523 1.6434418 1.3710309 1.3803315 0.8396689 0.7538390 1.8270034 0.0000000 0.9926365 1.0711640 1.3981773 1.4599383 1.3956422 1.5082635 2.6751110 2.4292625 2.3863498 2.3822641 1.9938991 2.2131943 2.1005732 
Emue_Em0022g131a.t1                     1.5087558 1.3892818 1.5797527 1.4325859 1.4745900 1.3062303 1.7251068 1.5969049 1.6976322 1.6911031 1.6720626 0.9692337 1.6803383 1.7489440 1.7781318 2.0325563 1.8095416 1.4450193 1.5956382 1.5460788 1.8154656 1.7677911 1.5546974 1.4618450 1.5851998 1.6105054 2.3908270 1.7841891 1.7592036 2.4278102 2.1551615 1.9958133 1.3842090 1.5404892 1.2088668 1.0684567 1.8000405 0.9926365 0.0000000 0.1556531 1.4118257 1.4305482 1.4138520 1.5047707 3.3118909 2.3925498 2.3851023 2.3949011 2.2678990 2.6368973 2.3432013 
Spolac_c102347_g1_i3_m.28961c102347-g1  1.5449020 1.4467164 1.5650467 1.4193583 1.6134049 1.4772170 1.9018798 1.7241674 1.8469535 1.8400549 1.7726789 0.8942730 1.7846566 1.8575862 1.9379647 2.1202308 1.9819584 1.3872867 1.4469237 1.5440614 1.9016940 1.7499266 1.6931547 1.5375013 1.7095179 1.6573872 2.9593029 1.9626371 1.9358669 2.6488844 2.3076549 2.1100970 1.3937008 1.6436478 1.3401768 1.0691114 2.0358833 1.0711640 0.1556531 0.0000000 1.4840470 1.6171546 1.4990634 1.5931734 3.4280928 2.5870958 2.5970267 2.6075939 2.5047317 2.9386518 2.5802861 
Scil_scict013520.1                      1.4055915 1.3606890 1.5852888 1.3434235 1.5618387 1.5680446 1.5300824 1.3886552 1.5102044 1.5291602 1.4608375 1.1215954 1.4277854 1.4997653 1.6198231 1.6107267 1.4720860 1.5431640 1.5372508 1.6147999 1.6220792 1.6349215 1.4157961 1.4071740 1.3801579 1.5013907 1.6804250 1.8314076 1.7666056 2.6402381 2.1103827 2.0804223 1.2039233 1.3790731 1.6529143 1.5686916 2.0294578 1.3981773 1.4118257 1.4840470 0.0000000 0.3106940 0.3461704 0.3683735 2.9578252 2.5101052 2.3873214 2.3595333 2.0703370 2.4704729 2.1755744 
Gracom_Gcom_C538088_01                  1.3812263 1.4171661 1.6133483 1.5327745 1.6087936 1.5910750 1.6173480 1.5304199 1.7578261 1.7374081 1.7600625 1.3230389 1.6687010 1.7716707 1.8177920 1.7986196 1.6181098 1.5684794 1.5903781 1.6500497 1.6341775 1.6706456 1.4943710 1.5501755 1.5529436 1.6377559 2.0389304 1.9105199 1.8667565 2.6727005 2.3383403 2.3296758 1.2489557 1.4169815 1.7951557 1.5896979 2.1395812 1.4599383 1.4305482 1.6171546 0.3106940 0.0000000 0.3445568 0.4293089 3.2490406 2.7896510 2.6598824 2.6295414 2.1627790 2.6298933 2.5274167 
Leuniv_Lniv_C802658_01                  1.2694623 1.4449097 1.5656183 1.5000826 1.5656238 1.6016207 1.6180664 1.5612975 1.6193676 1.6388028 1.6273100 1.1446792 1.6416317 1.7267841 1.7979666 1.6952322 1.5904483 1.6082650 1.4853567 1.6318188 1.7603595 1.6540593 1.3927096 1.4196257 1.5444129 1.5183745 1.8232400 1.8178327 1.7755646 2.6933132 2.0811590 2.2067636 1.2939709 1.3958551 1.6608837 1.4282331 2.0287050 1.3956422 1.4138520 1.4990634 0.3461704 0.3445568 0.0000000 0.4288896 3.0681053 2.8613944 2.8436287 2.8112563 2.2077771 2.6931318 2.6231464 
Lcom_lcpid133822                        1.4831951 1.3958543 1.6045677 1.3152942 1.4837264 1.5336871 1.5636279 1.4616687 1.5732169 1.5923228 1.5965055 1.2628018 1.5367387 1.6133780 1.6014213 1.7909376 1.6431967 1.5173730 1.5585164 1.6401112 1.5276595 1.6271355 1.3630989 1.4152930 1.5264255 1.5009422 1.9453434 1.7549608 1.7097323 2.1987440 1.9206819 1.7950619 1.2993496 1.4583367 1.7020596 1.5245414 2.2278618 1.5082635 1.5047707 1.5931734 0.3683735 0.4293089 0.4288896 0.0000000 2.8034285 2.4296555 2.3710670 2.3437289 2.1229853 2.5899102 2.3698778 
Horcal_Hcv1.av93.c6.g610.i2             2.4265765 2.1370581 2.1148765 2.4192953 2.5853990 2.1153238 2.6767704 2.4274460 2.3212286 2.3057543 2.2893188 1.9820836 2.3508077 2.3385326 2.7154272 2.6436869 2.5798828 2.3787662 2.3279340 2.3937492 3.3162552 3.3103123 3.0320484 2.9683014 3.2486220 2.8530947 8.9999989 2.4794400 2.4098515 3.1822472 3.2215158 3.6577712 2.4555029 2.5819407 2.7978002 2.9150886 3.2396342 2.6751110 3.3118909 3.4280928 2.9578252 3.2490406 3.0681053 2.8034285 0.0000000 1.1894354 1.3009809 1.3009809 1.0828299 1.1164250 1.5885719 
Vmul_SimC386400                         1.8192053 1.5801919 1.7894049 1.7351231 1.7184213 1.6469562 1.8319025 1.9083446 1.9024136 1.8797558 1.8247798 1.7230286 1.8443043 1.8835812 1.8921979 1.9551265 1.8800952 1.8093343 1.7812090 1.7021418 2.1653646 2.4969900 2.1107222 2.0705877 2.1901904 1.9434870 3.3899340 1.9387138 1.8921602 2.1067392 1.9716764 2.1418875 1.8906792 2.0996267 2.3744150 2.2371230 2.5477138 2.4292625 2.3925498 2.5870958 2.5101052 2.7896510 2.8613944 2.4296555 1.1894354 0.0000000 0.0801155 0.0875790 0.4134078 0.4479938 0.7354667 
Coeast_Cast_sb779219                    1.7822244 1.5455495 1.7546137 1.6248166 1.7392941 1.6781763 1.7355914 1.8129238 1.8173882 1.7952788 1.7424006 1.6339713 1.7617641 1.7999148 1.8863080 1.9411995 1.9179754 1.7843358 1.6779053 1.7550036 2.2266923 2.6373670 2.1520194 2.0992176 2.1505367 2.0065046 3.3514195 1.9555855 1.9081052 2.1761945 2.0443109 2.2001234 1.8668672 2.0552224 2.3496687 2.1805479 2.6314126 2.3863498 2.3851023 2.5970267 2.3873214 2.6598824 2.8436287 2.3710670 1.3009809 0.0801155 0.0000000 0.0069223 0.4202455 0.4687500 0.7023471 
Coemet_Cmet_scaffold11446_01            1.7896508 1.5655167 1.7762275 1.6042706 1.7179767 1.6989155 1.7142669 1.7910381 1.7951771 1.7732334 1.7209584 1.6339713 1.7402642 1.7780752 1.8597583 1.9174476 1.8944728 1.7624510 1.6605667 1.7604107 2.2227569 2.6317847 2.1270169 2.0746841 2.1253507 1.9830221 3.3163917 1.9473341 1.9000275 2.1653279 2.0342197 2.1898027 1.8636664 2.0516622 2.3457129 2.1766394 2.6334959 2.3822641 2.3949011 2.6075939 2.3595333 2.6295414 2.8112563 2.3437289 1.3009809 0.0875790 0.0069223 0.0000000 0.4106167 0.4587781 0.7141072 
Lampan_Lpan_15242_01                    1.6259664 1.6171442 1.6489179 1.5749580 1.5633925 1.5082572 1.6794184 1.6819375 1.7049849 1.6841229 1.7095256 1.5032923 1.7081241 1.7546380 1.7217869 1.8224127 1.6255170 1.6611799 1.6727936 1.5694046 2.0872624 2.2056170 1.7900193 1.8409928 1.9751679 1.7251111 2.2389857 1.6947479 1.6541602 2.0299306 1.8540734 2.0830994 1.8503819 1.7983890 2.1205494 2.0526173 2.1959113 1.9938991 2.2678990 2.5047317 2.0703370 2.1627790 2.2077771 2.1229853 1.0828299 0.4134078 0.4202455 0.4106167 0.0000000 0.4756604 0.6769871 
Beraby_Baby_sb332969                    1.7380813 1.7179720 1.8286753 1.8255667 1.7722846 1.6854369 1.9414060 1.9046193 1.9343689 1.9575451 1.8903726 1.7063998 1.9359643 1.9740064 1.9564817 1.8171691 1.6519917 1.9170113 1.8597661 1.7536944 2.2021735 2.2858739 2.3293510 2.1850971 2.1401250 1.9860199 2.8603576 2.1259702 2.1079704 2.6800445 2.3939465 2.4600164 2.1041747 2.2028939 2.4459955 2.1676002 2.5064672 2.2131943 2.6368973 2.9386518 2.4704729 2.6298933 2.6931318 2.5899102 1.1164250 0.4479938 0.4687500 0.4587781 0.4756604 0.0000000 0.6615975 
Eupdun_Edun_sb10634696                  1.6589673 1.5424369 1.7210491 1.6656750 1.6437081 1.6516505 1.8447478 1.8382650 1.8058817 1.8275418 1.8113036 1.4759593 1.8274547 1.8137311 1.9474030 1.7938390 1.6313779 1.5317774 1.6648799 1.5901636 2.0250921 2.3560113 2.1892447 2.0956640 2.0075937 2.0133119 3.4576904 2.0657846 2.0638272 2.3854167 2.1930795 2.3245881 2.0319292 2.0737445 2.3686329 2.2315843 2.4051482 2.1005732 2.3432013 2.5802861 2.1755744 2.5274167 2.6231464 2.3698778 1.5885719 0.7354667 0.7023471 0.7141072 0.6769871 0.6615975 0.0000000 
