58
Hsap_ENST00000278618                                     0.0000000 1.4796685 1.2531442 1.8234169 1.7929878 1.6171966 1.6512000 1.9687780 1.5994777 1.5438022 1.5520681 2.2225771 2.6099322 2.2469932 2.6792802 2.7907752 2.5099020 1.5792466 1.8794997 1.7389527 1.7582991 1.8353115 2.6480021 2.1680727 2.4348718 2.6309678 2.4339483 2.3897701 2.0091689 1.6116303 2.0403575 2.0579217 2.2585098 2.0358266 1.8840823 1.9809080 2.2098150 2.2098150 2.3246457 2.5860987 2.0413564 2.5361552 2.4974361 2.7758413 2.7145555 2.8544424 2.6392045 2.7663476 2.7343245 2.9422987 2.7599403 3.0168327 3.3438905 2.0308720 2.3131415 3.0208699 3.0534767 2.6480352 
Bralan_BLAG06000943_1                                    1.4796685 0.0000000 1.0151379 1.5998985 1.6195788 1.4461624 1.8769905 1.6821448 1.6189990 1.6248991 1.5557335 2.1685064 2.3645272 2.1254327 2.4850802 2.4186395 2.2610145 1.8309800 1.4857523 1.8644677 1.8268932 1.5755333 2.6723282 2.3683251 2.2186220 2.0412448 2.0005897 2.0243985 1.6730835 1.4251945 1.9841010 1.7311428 1.8876132 1.8785893 1.8039470 1.8764344 1.7193243 1.7193243 1.9505109 2.0538106 1.9012712 2.2779461 2.4578522 2.2075447 2.1839454 2.3589124 2.7404142 2.8934039 2.3172905 2.7794395 2.1658497 2.2375454 2.8115324 2.0088299 1.9462780 2.7517061 3.1443251 2.9220470 
Skow_XM_006814905.1                                      1.2531442 1.0151379 0.0000000 1.3137072 1.4016166 1.3029999 1.3487540 1.3604536 1.0824687 1.2968783 1.2199981 1.5399080 2.6600771 2.3288052 2.6057777 2.3653578 2.3524749 1.6479773 1.5174790 1.6145652 1.6507281 1.3779298 2.4607761 2.2357525 2.2714953 2.4977995 2.2841867 2.2084937 1.7272980 1.2885301 2.3169026 1.4445536 2.0513787 1.9371318 1.7123638 1.6572503 1.6882925 1.6882925 1.9749598 2.0165401 2.2361174 2.2594570 2.5067475 2.5440099 2.6272368 2.4104364 2.4500886 2.5954853 2.6060429 2.7702581 2.6827831 2.8829052 3.5518457 1.7995526 1.8839317 2.4584411 3.0183398 2.9515441 
Spolac_c79644_g1_i1_m.2421c79644-g1                      1.8234169 1.5998985 1.3137072 0.0000000 1.8231914 1.6114179 1.9549590 1.6263809 1.4483470 1.5296225 1.4158682 2.3140146 2.1359582 1.1148382 1.3784613 1.1271540 1.2694524 1.3339000 1.3586821 1.3577526 1.4761032 1.5812145 1.7421955 1.8012772 1.6701161 1.3373612 1.7995159 1.6893112 1.5670738 1.5839881 1.5461036 1.8198361 1.8713354 2.0582139 1.7877946 1.7877946 1.6224114 1.6224114 1.8191301 1.8644981 1.7488676 1.8484497 2.4290895 2.1644766 2.1182495 2.5214108 2.0255489 2.2292924 2.1951236 2.6984758 2.3076673 2.4176447 1.8340263 2.0474425 2.0225664 2.2940671 0.2128536 0.6528252 
Exapal_XM_021061852.2                                    1.7929878 1.6195788 1.4016166 1.8231914 0.0000000 0.8766074 1.4486614 1.0000840 0.9574454 1.0404102 1.0699513 1.6190875 1.4350771 2.4627186 2.7058323 2.3931622 2.3710472 2.2078865 1.9086630 1.5935776 2.0885281 2.0698415 2.6031035 2.1902936 2.3078743 1.9559876 2.0530253 2.0635570 1.7371518 2.1547685 2.1281240 2.2786687 2.2443089 2.3752081 2.1660126 2.1433029 2.0910707 2.0910707 2.2898022 2.5195779 2.4656034 3.0309471 3.0837342 3.2156405 3.1943344 3.1418887 3.3874166 3.3929968 3.3199265 3.4563807 3.6688779 3.5800455 3.6160394 2.2680100 2.3132841 2.1259236 3.0631996 2.6239725 
Nvec_v1g228405                                           1.6171966 1.4461624 1.3029999 1.6114179 0.8766074 0.0000000 1.1139018 1.0624845 0.9383715 1.0890207 1.0094619 1.4747535 2.0427346 1.7572259 2.5987135 2.3775676 2.3655387 1.8656609 1.8470653 1.4844141 1.6658265 1.8527785 2.5235049 2.2176991 2.1099596 2.1874131 2.0541547 1.9786856 1.5840628 1.6542215 2.3452915 2.0302396 2.6378478 2.5468150 1.8819739 1.8242200 1.7841731 1.7841731 1.8751002 1.9849515 2.7132088 2.4093069 2.6990656 2.7618981 2.9216376 2.8825932 3.0106047 3.1539535 3.1903852 3.2858154 2.7784243 2.8961780 3.5238768 2.2527431 1.8804104 2.2966138 3.5057789 2.6565968 
Adig_XM_015920624.1                                      1.6512000 1.8769905 1.3487540 1.9549590 1.4486614 1.1139018 0.0000000 0.5579429 0.6087627 0.9121865 0.8112806 1.2591444 0.7952080 2.0635502 3.0083080 2.7362175 2.3641064 2.6254460 2.0189394 1.6239198 1.9632989 2.0276029 2.8215725 2.3141969 2.3911175 2.4192504 1.9469030 1.9444961 1.7659007 1.7650149 2.3841482 1.9145618 2.7708735 2.3632166 1.9587269 1.8873546 2.0758039 2.0758039 1.8790801 2.5213985 1.7458333 2.6897427 2.8063476 2.9512203 2.8474078 2.7101460 3.0566970 3.3802554 2.6078364 3.0251641 2.9283471 3.0831370 2.7351202 3.0882746 2.2727249 2.4392343 2.7021065 2.6641149 
Gfas_gfas1.m1.4189.m1                                    1.9687780 1.6821448 1.3604536 1.6263809 1.0000840 1.0624845 0.5579429 0.0000000 0.3922696 0.6133697 0.5032864 0.7147431 0.6325699 2.5053207 2.8542209 2.6987599 2.2481249 2.1028527 2.0939189 1.6609848 1.9349490 2.1477404 2.8787418 2.7667116 2.5737432 2.8311214 2.0605077 2.1069489 1.6844979 1.8888212 2.0588760 2.0112330 2.6501123 2.5940627 1.8988698 1.8301530 2.0023874 2.0023874 2.1925413 2.2930104 2.7915167 2.9040296 2.8003259 3.2179168 3.2827442 3.0413394 3.3186268 3.3828160 3.2336733 3.5606223 3.2040216 3.3159891 4.0100104 2.7223516 2.5423680 2.2830059 2.7031505 3.1488299 
Gasp_gasp1.m3.9281.m1                                    1.5994777 1.6189990 1.0824687 1.4483470 0.9574454 0.9383715 0.6087627 0.3922696 0.0000000 0.3942151 0.3144887 0.3636484 0.7681975 2.1938488 2.5487863 2.6471853 2.4197744 2.2776973 1.8010755 1.3758341 1.5521276 1.9169093 2.4336943 2.4075409 2.2791353 2.0617002 1.8682539 1.8894534 1.7315790 1.8188068 2.0313027 1.8621452 2.6676573 2.4965885 1.7957061 1.6503664 1.9630872 1.9630872 2.0723311 2.1636571 2.6311617 2.6274645 2.6546469 2.8400508 2.8807369 2.7560548 2.9924394 3.2912161 3.1959141 3.1764708 2.9097802 3.0641262 4.4356053 2.2310338 1.9306091 2.6877420 2.9656045 2.8786495 
Spis_XP_022787969_1                                      1.5438022 1.6248991 1.2968783 1.5296225 1.0404102 1.0890207 0.9121865 0.6133697 0.3942151 0.0000000 0.1875913 0.6855042 1.0849804 2.0991696 2.5589745 2.4217321 2.2228944 1.9789993 1.7147540 1.4154160 1.5250124 2.0434420 2.5899225 2.4492012 2.5009718 1.8580883 1.8924805 1.9723991 1.6008031 1.6156840 1.7950266 2.0255465 2.5546108 2.5317740 1.9182446 1.9381689 2.0927857 2.0927857 2.1376580 2.3037818 2.6517773 2.7222380 2.9402084 2.9463557 2.8730578 3.0719178 2.9024518 3.1419093 3.1111936 3.1513392 3.0978320 3.1950439 4.1915120 2.3592474 1.8851056 2.4955254 2.8386245 2.8308160 
Pocdam_XM_027202215.1                                    1.5520681 1.5557335 1.2199981 1.4158682 1.0699513 1.0094619 0.8112806 0.5032864 0.3144887 0.1875913 0.0000000 0.5198156 1.1245840 2.2579134 2.8126962 2.5538700 2.3352436 1.9091510 1.7180227 1.4197158 1.4914703 2.0214743 2.5363500 2.4071648 2.3956717 2.0460006 1.8699805 1.9497060 1.5258058 1.8218077 1.9805457 1.8978589 2.4047036 2.3725342 1.8427344 1.8556041 2.0414099 2.0414099 2.1082168 2.2487673 2.8609418 2.5077121 2.6404294 2.6770950 2.6577712 3.0177460 3.1432919 3.2780353 3.0988778 2.9639863 2.8292435 2.9266047 3.8036963 2.2929252 1.9490616 2.5783281 3.2450399 3.4482526 
Fspp_ffun1.m4.20674.m1                                   2.2225771 2.1685064 1.5399080 2.3140146 1.6190875 1.4747535 1.2591444 0.7147431 0.3636484 0.6855042 0.5198156 0.0000000 0.9142258 2.8530864 2.9168564 3.0723120 2.7290854 3.1096941 2.2794513 2.0312656 2.1439719 2.4014801 2.9322028 2.9504826 2.7282048 3.3909097 2.7919976 2.6629840 2.6569084 2.2950094 2.4888833 2.1520442 3.3470908 2.9478372 2.3075974 2.2632388 2.4234075 2.4234075 2.7187887 2.7340810 3.8802083 3.3234597 3.1854075 3.3310489 3.3666189 3.1287859 4.0054093 4.2297860 3.8841551 3.6062747 3.6022539 3.9000527 4.4288741 3.0094648 2.2958077 3.6362595 4.5198215 4.7957189 
Amil_Amillepora06718-RA                                  2.6099322 2.3645272 2.6600771 2.1359582 1.4350771 2.0427346 0.7952080 0.6325699 0.7681975 1.0849804 1.1245840 0.9142258 0.0000000 3.3694312 3.8079455 3.9304546 2.9066392 1.2691956 3.8045244 2.8564258 2.7508715 3.4165733 5.0684611 4.1960163 4.2292299 2.8420703 2.8355363 2.6288563 2.3583299 2.7892582 3.0648071 3.2198080 3.3998654 3.3998654 2.8793179 3.2059475 2.6529187 2.6529187 2.8341001 2.7364304 2.9604962 3.3900687 3.8933889 4.1060136 3.7729492 4.2232545 3.9752322 3.9752322 3.9318422 4.1109400 3.7635422 3.8847470 3.5126925 2.8919718 2.7238206 3.2338230 3.3043152 3.7865904 
Tetwil_g14639.t1                                         2.2469932 2.1254327 2.3288052 1.1148382 2.4627186 1.7572259 2.0635502 2.5053207 2.1938488 2.0991696 2.2579134 2.8530864 3.3694312 0.0000000 1.7161170 1.6398091 1.6786849 1.5427360 2.3992316 2.3959156 2.2080400 2.2617882 2.7267427 2.8999861 2.4928471 3.0328128 2.5883138 2.5539057 1.8220448 2.3092091 2.6330990 2.4498256 2.0696242 2.0431854 2.9034140 3.0674953 2.8987587 2.8987587 3.0207191 3.2204842 2.3281218 3.0003810 2.8532816 2.9085837 3.0075482 2.4587912 2.8047312 2.9408522 2.6855281 3.4675621 2.9176901 3.1357898 2.9827800 2.8587732 2.5653910 2.8193574 1.6476165 1.5259291 
Aque_Aqu2.1.36102_001                                    2.6792802 2.4850802 2.6057777 1.3784613 2.7058323 2.5987135 3.0083080 2.8542209 2.5487863 2.5589745 2.8126962 2.9168564 3.8079455 1.7161170 0.0000000 0.8987134 0.9993538 1.7832410 2.6737045 2.5760524 2.5650279 2.5039280 2.7106678 2.8605041 2.7164887 3.0845424 2.6871698 2.4664219 2.6735712 2.9432106 2.4224927 3.1208906 2.7221158 2.8471172 2.2801120 2.3075538 2.2914723 2.2914723 2.3986161 2.4721726 2.3823635 2.7959495 3.0193865 3.1111702 3.0452787 2.6483248 2.6042972 2.7571312 2.6673831 3.3187380 3.3036950 3.3563796 2.9971948 2.9216885 2.6173495 3.0208348 2.0250164 2.0968421 
Halamb_c37029_g1_i1mm.470                                2.7907752 2.4186395 2.3653578 1.1271540 2.3931622 2.3775676 2.7362175 2.6987599 2.6471853 2.4217321 2.5538700 3.0723120 3.9304546 1.6398091 0.8987134 0.0000000 0.9184573 1.6048293 2.2548573 2.5201201 2.2925614 2.3242101 2.5491682 2.7196042 2.3862987 2.9686615 2.4208138 2.3515726 1.9811359 2.6472838 2.3772572 2.5474225 2.6946308 2.7684496 2.2912581 2.3446688 2.2093895 2.2093895 2.4545566 2.5476546 2.4435714 2.5488421 2.4705407 3.0331110 3.1466574 2.6725971 2.6572282 2.7926829 2.5501329 3.2554564 3.4869794 3.4858688 2.8957273 2.5729840 2.6816988 3.0455906 1.8162511 1.9859667 
Xestes_maker-XT_scaffold132265-augustus-gene-0.12-mRNA-1 2.5099020 2.2610145 2.3524749 1.2694524 2.3710472 2.3655387 2.3641064 2.2481249 2.4197744 2.2228944 2.3352436 2.7290854 2.9066392 1.6786849 0.9993538 0.9184573 0.0000000 1.2022779 2.8211681 2.6436949 2.4518546 2.3152243 2.4954163 2.6658346 2.6570311 2.9071187 2.7047208 2.7177818 2.2264229 3.0392558 2.3468030 2.6170292 2.1857287 2.1857287 2.2167527 2.3893078 2.3118934 2.3118934 2.4629320 2.6166695 2.6001340 2.4295360 2.3421573 2.5525369 2.7704752 2.8710306 2.7847952 2.7370840 2.5540447 3.0366657 3.1304914 3.1036017 2.6443905 2.8591921 2.9735231 2.4376865 1.7572852 1.9491958 
Plespi_Pspi_scaffold16430_01                             1.5792466 1.8309800 1.6479773 1.3339000 2.2078865 1.8656609 2.6254460 2.1028527 2.2776973 1.9789993 1.9091510 3.1096941 1.2691956 1.5427360 1.7832410 1.6048293 1.2022779 0.0000000 1.6195650 1.6950227 2.0379657 1.6925721 2.1968623 1.8515838 1.6738366 1.9557505 2.0142348 2.0771499 1.9248693 1.5556030 1.6733499 1.9110171 1.9020327 1.8889647 2.0434201 2.0434201 1.9946809 1.9946809 2.1395568 2.3813599 1.4552809 1.9682101 2.5460284 2.7043174 2.6699544 2.3823128 2.3736550 2.3241701 2.1783845 2.7381146 2.6165095 2.7494397 2.1411677 2.7403276 2.7501467 1.5796813 1.5760601 2.2087695 
Cgig_XM_034446344.1                                      1.8794997 1.4857523 1.5174790 1.3586821 1.9086630 1.8470653 2.0189394 2.0939189 1.8010755 1.7147540 1.7180227 2.2794513 3.8045244 2.3992316 2.6737045 2.2548573 2.8211681 1.6195650 0.0000000 1.6267984 1.7123592 1.8152692 2.4505409 2.4511699 2.6903967 2.3660222 1.9358021 2.2176243 1.6383854 2.0059773 1.9507920 1.7429538 2.1247225 2.0668787 1.9009004 1.7886645 1.7070265 1.7070265 1.9884029 2.1766514 2.2559189 2.2278812 2.5589792 2.8818295 2.7569624 2.5475137 2.9049812 3.0047436 2.6504287 2.9155719 2.9580038 2.9800678 3.1037424 1.7485524 1.9956470 2.7384104 2.4618382 3.2838783 
Dgig_XM_028561814.1                                      1.7389527 1.8644677 1.6145652 1.3577526 1.5935776 1.4844141 1.6239198 1.6609848 1.3758341 1.4154160 1.4197158 2.0312656 2.8564258 2.3959156 2.5760524 2.5201201 2.6436949 1.6950227 1.6267984 0.0000000 0.9638739 1.9173437 2.7624040 2.5448764 2.3891513 2.4386947 2.4455066 2.4037957 1.7188325 1.8712546 2.2981554 2.2276495 2.2317458 2.0802206 2.0371399 1.9680956 1.9033214 1.9033214 2.1048533 2.2895415 2.2772306 2.6164030 2.4818593 2.7403227 2.9276760 2.5775285 2.7294278 2.7748906 2.9964323 3.1269539 2.8990668 2.9143540 3.6355187 2.3978675 2.3159485 2.7936723 3.1931851 2.9084863 
Xesp_015927-T1                                           1.7582991 1.8268932 1.6507281 1.4761032 2.0885281 1.6658265 1.9632989 1.9349490 1.5521276 1.5250124 1.4914703 2.1439719 2.7508715 2.2080400 2.5650279 2.2925614 2.4518546 2.0379657 1.7123592 0.9638739 0.0000000 2.1035087 2.9084895 2.5372538 2.6056211 2.6064425 2.4214110 2.4459043 2.0533589 1.9488956 2.2367503 2.0655514 2.4434709 2.3339417 1.8640272 1.9392099 1.8569716 1.8569716 1.8601910 2.0769759 2.5277868 2.6291358 2.5012427 2.8503040 2.8054129 2.6030926 2.8900180 2.9414422 3.0071723 2.6967208 2.6919405 2.8387780 3.7331024 2.5157890 2.0951495 2.7562244 2.7667021 2.5509516 
Ctel_gnl_WGS_AMQN_CAPTEDRAFT_mRNA153312                  1.8353115 1.5755333 1.3779298 1.5812145 2.0698415 1.8527785 2.0276029 2.1477404 1.9169093 2.0434420 2.0214743 2.4014801 3.4165733 2.2617882 2.5039280 2.3242101 2.3152243 1.6925721 1.8152692 1.9173437 2.1035087 0.0000000 2.1738095 2.1898498 2.1123952 2.7164113 2.4409517 2.4021302 1.9239304 1.8224112 2.2060795 1.7775414 2.3362946 2.0856745 1.9896050 2.1568459 1.9931559 1.9931559 2.2242654 2.2462082 1.9751543 2.3701546 2.4520127 2.7026696 2.5266129 2.2726509 2.4412452 2.6045402 2.6478774 2.6055411 2.4599325 2.6829354 2.1896188 2.0025385 2.1675197 2.8094562 2.8504316 2.8377415 
Scil_scict004923.2                                       2.6480021 2.6723282 2.4607761 1.7421955 2.6031035 2.5235049 2.8215725 2.8787418 2.4336943 2.5899225 2.5363500 2.9322028 5.0684611 2.7267427 2.7106678 2.5491682 2.4954163 2.1968623 2.4505409 2.7624040 2.9084895 2.1738095 0.0000000 0.8549242 0.9428247 3.1799011 2.4099299 2.5515650 2.1645767 2.4386595 1.6358766 2.5567627 3.0582402 2.8168259 2.2581562 2.2857022 2.2841088 2.2841088 2.5389171 2.4636762 2.8695461 2.7515846 3.3005978 3.8461165 3.7050261 2.8798903 3.0504696 3.3107541 3.3649286 3.2768168 2.9638276 3.5622893 3.0627221 2.4529827 2.9009630 2.8338254 3.3996388 3.4525137 
Gracom_Gcom_C553252_01                                   2.1680727 2.3683251 2.2357525 1.8012772 2.1902936 2.2176991 2.3141969 2.7667116 2.4075409 2.4492012 2.4071648 2.9504826 4.1960163 2.8999861 2.8605041 2.7196042 2.6658346 1.8515838 2.4511699 2.5448764 2.5372538 2.1898498 0.8549242 0.0000000 0.8871542 2.5530010 2.3701763 2.3191009 2.3167070 2.4259300 1.6112329 2.5212145 2.5390918 2.3670997 2.0862753 2.1488025 2.2487937 2.2487937 2.3530040 2.4345922 2.5502585 2.5337681 2.8382868 3.4647458 3.2574817 3.0851384 2.7757946 2.9804042 2.8668880 2.8324201 2.6697504 3.1897338 3.0621406 2.6249099 3.2303358 3.3659549 3.2881535 3.5039117 
Lcom_lcpid71980                                          2.4348718 2.2186220 2.2714953 1.6701161 2.3078743 2.1099596 2.3911175 2.5737432 2.2791353 2.5009718 2.3956717 2.7282048 4.2292299 2.4928471 2.7164887 2.3862987 2.6570311 1.6738366 2.6903967 2.3891513 2.6056211 2.1123952 0.9428247 0.8871542 0.0000000 3.3558799 2.3817411 2.3328770 2.1842200 2.1853259 1.7025627 2.5878090 2.9163109 2.5072365 2.2765092 2.3505193 2.4375830 2.4375830 2.8408688 2.6763563 3.0736807 2.5356784 2.9808694 3.7057354 3.5624770 2.8997650 2.9970431 3.1227083 3.2385340 2.9331832 3.0727286 3.8765435 2.6496287 2.2408417 2.8470725 3.2096903 3.7872856 3.2298823 
Aaur_scaffold2347.g1.t1                                  2.6309678 2.0412448 2.4977995 1.3373612 1.9559876 2.1874131 2.4192504 2.8311214 2.0617002 1.8580883 2.0460006 3.3909097 2.8420703 3.0328128 3.0845424 2.9686615 2.9071187 1.9557505 2.3660222 2.4386947 2.6064425 2.7164113 3.1799011 2.5530010 3.3558799 0.0000000 0.8871210 0.8403327 0.5930494 2.7197767 2.3314128 2.6258118 2.3788538 2.3788538 2.3214808 2.5638237 2.3092711 2.3092711 2.2416795 2.3842810 2.6559880 2.2060340 2.6419207 3.3487405 2.9286715 3.2122891 2.9535438 3.0020318 2.9214697 3.3304777 3.5555093 3.6700253 3.4029933 2.5227371 2.3354233 1.8471756 2.9119427 3.1311473 
Nemnom_g16477.t1                                         2.4339483 2.0005897 2.2841867 1.7995159 2.0530253 2.0541547 1.9469030 2.0605077 1.8682539 1.8924805 1.8699805 2.7919976 2.8355363 2.5883138 2.6871698 2.4208138 2.7047208 2.0142348 1.9358021 2.4455066 2.4214110 2.4409517 2.4099299 2.3701763 2.3817411 0.8871210 0.0000000 0.2739800 0.7160679 2.2613386 2.2489555 2.3772225 2.5034939 2.5343101 2.2125177 2.2634740 2.4333889 2.4333889 2.4272760 2.9107487 2.0821329 2.2989774 2.5770002 3.3144448 3.0832553 2.4112842 2.6188096 2.7998107 2.3952724 2.9111337 2.5985494 2.6070515 3.8820854 2.5632909 2.1149145 1.6179515 2.5517960 3.3698013 
Rhoesc_Res_000276-T1                                     2.3897701 2.0243985 2.2084937 1.6893112 2.0635570 1.9786856 1.9444961 2.1069489 1.8894534 1.9723991 1.9497060 2.6629840 2.6288563 2.5539057 2.4664219 2.3515726 2.7177818 2.0771499 2.2176243 2.4037957 2.4459043 2.4021302 2.5515650 2.3191009 2.3328770 0.8403327 0.2739800 0.0000000 0.5846206 2.3604477 2.1295573 2.2685047 2.5008416 2.4808915 2.3382495 2.4814266 2.5444974 2.5444974 2.4963797 2.7706318 2.0447524 2.3459297 2.5830827 3.4026075 3.1779673 2.5405817 2.7560523 2.9671737 2.3158003 2.9922497 2.6193802 2.6947108 3.3909318 2.6113993 2.2312619 1.7814251 2.6405213 3.3945168 
Sanmal_Sma_010917-T1                                     2.0091689 1.6730835 1.7272980 1.5670738 1.7371518 1.5840628 1.7659007 1.6844979 1.7315790 1.6008031 1.5258058 2.6569084 2.3583299 1.8220448 2.6735712 1.9811359 2.2264229 1.9248693 1.6383854 1.7188325 2.0533589 1.9239304 2.1645767 2.3167070 2.1842200 0.5930494 0.7160679 0.5846206 0.0000000 1.8527857 1.9998627 1.9492929 2.0015003 2.0185790 2.2249516 2.5045060 2.2480896 2.2480896 2.4565636 2.6973712 1.8018442 2.1316050 2.3522407 2.5408603 2.5087563 2.7499293 2.5056798 2.6623145 2.5414362 2.9295865 2.8838327 3.0148952 3.2747903 2.1212767 1.9152147 1.3740838 2.3859339 2.4248546 
Spur_XM_030981171.1                                      1.6116303 1.4251945 1.2885301 1.5839881 2.1547685 1.6542215 1.7650149 1.8888212 1.8188068 1.6156840 1.8218077 2.2950094 2.7892582 2.3092091 2.9432106 2.6472838 3.0392558 1.5556030 2.0059773 1.8712546 1.9488956 1.8224112 2.4386595 2.4259300 2.1853259 2.7197767 2.2613386 2.3604477 1.8527857 0.0000000 1.9487071 1.7776795 2.4238087 2.2359867 2.0350765 2.0519902 1.9501560 1.9501560 2.1234141 2.3518812 1.9981354 2.5087561 2.7344237 3.0050645 2.6702334 2.9759027 2.7892445 2.9248606 2.9594839 2.8627621 2.7022558 2.9822070 2.9351403 2.3579596 2.3443553 2.9160963 3.1654891 2.8703773 
Clacor_Ccor_C534201_01                                   2.0403575 1.9841010 2.3169026 1.5461036 2.1281240 2.3452915 2.3841482 2.0588760 2.0313027 1.7950266 1.9805457 2.4888833 3.0648071 2.6330990 2.4224927 2.3772572 2.3468030 1.6733499 1.9507920 2.2981554 2.2367503 2.2060795 1.6358766 1.6112329 1.7025627 2.3314128 2.2489555 2.1295573 1.9998627 1.9487071 0.0000000 1.9281995 2.3567485 2.3511071 2.2520804 2.2866058 2.2869844 2.2869844 2.3406363 2.5866474 2.0041362 2.8139113 2.7616163 3.7260687 3.5935252 2.8152128 2.8616321 2.9148058 3.3343531 3.2623270 3.1680818 3.4017157 3.0861086 1.9438191 2.7131945 2.7202597 2.7807602 2.2734933 
Acagra_model.g9982.t1.1.5d400aae                         2.0579217 1.7311428 1.4445536 1.8198361 2.2786687 2.0302396 1.9145618 2.0112330 1.8621452 2.0255465 1.8978589 2.1520442 3.2198080 2.4498256 3.1208906 2.5474225 2.6170292 1.9110171 1.7429538 2.2276495 2.0655514 1.7775414 2.5567627 2.5212145 2.5878090 2.6258118 2.3772225 2.2685047 1.9492929 1.7776795 1.9281995 0.0000000 2.2663792 2.2288350 2.2995242 2.3500439 2.2697441 2.2697441 2.6155383 2.6410247 2.3377175 2.0928420 2.2885961 2.5788490 2.5893346 2.4417139 2.2287897 2.3669960 2.6623596 2.3716649 2.5803322 2.4994423 2.6846970 2.0189229 2.1012965 2.7932618 3.0757765 3.0454117 
Ocar_g2591                                               2.2585098 1.8876132 2.0513787 1.8713354 2.2443089 2.6378478 2.7708735 2.6501123 2.6676573 2.5546108 2.4047036 3.3470908 3.3998654 2.0696242 2.7221158 2.6946308 2.1857287 1.9020327 2.1247225 2.2317458 2.4434709 2.3362946 3.0582402 2.5390918 2.9163109 2.3788538 2.5034939 2.5008416 2.0015003 2.4238087 2.3567485 2.2663792 0.0000000 0.0000010 2.4311379 2.6222789 2.1492959 2.1492959 2.3546195 2.7716479 1.7187669 2.9760473 3.1480633 3.2306859 3.0293312 3.6525087 3.2115622 3.1258163 3.1173174 3.2557096 3.4740073 3.4959872 3.0578091 2.7557503 3.0116904 2.6464873 2.5386639 2.2789845 
Opea_EP00118_Oscarella_pearsei_P013061                   2.0358266 1.8785893 1.9371318 2.0582139 2.3752081 2.5468150 2.3632166 2.5940627 2.4965885 2.5317740 2.3725342 2.9478372 3.3998654 2.0431854 2.8471172 2.7684496 2.1857287 1.8889647 2.0668787 2.0802206 2.3339417 2.0856745 2.8168259 2.3670997 2.5072365 2.3788538 2.5343101 2.4808915 2.0185790 2.2359867 2.3511071 2.2288350 0.0000010 0.0000000 2.3793566 2.5188270 2.1201288 2.1201288 2.2998063 2.5997385 1.7187669 2.8494007 2.8002773 2.9767234 2.8268588 3.2308431 3.0547286 3.1243421 3.0755758 3.0208913 3.0394921 3.4959872 3.0578091 2.8014142 2.7985317 3.0525568 2.5386639 2.2789845 
Tadh_TriadT33740                                         1.8840823 1.8039470 1.7123638 1.7877946 2.1660126 1.8819739 1.9587269 1.8988698 1.7957061 1.9182446 1.8427344 2.3075974 2.8793179 2.9034140 2.2801120 2.2912581 2.2167527 2.0434201 1.9009004 2.0371399 1.8640272 1.9896050 2.2581562 2.0862753 2.2765092 2.3214808 2.2125177 2.3382495 2.2249516 2.0350765 2.2520804 2.2995242 2.4311379 2.3793566 0.0000000 0.0044784 0.2599223 0.2599223 0.2789677 0.3847250 2.2488728 2.3978758 2.4879563 2.9630483 2.8207416 2.4648467 2.7143755 2.8193432 2.5346573 3.1173990 2.5112559 2.7437030 2.5342650 2.3697067 2.4620214 3.4386978 3.5725963 3.2151351 
TrH2_TrispH2_008357-RA                                   1.9809080 1.8764344 1.6572503 1.7877946 2.1433029 1.8242200 1.8873546 1.8301530 1.6503664 1.9381689 1.8556041 2.2632388 3.2059475 3.0674953 2.3075538 2.3446688 2.3893078 2.0434201 1.7886645 1.9680956 1.9392099 2.1568459 2.2857022 2.1488025 2.3505193 2.5638237 2.2634740 2.4814266 2.5045060 2.0519902 2.2866058 2.3500439 2.6222789 2.5188270 0.0044784 0.0000000 0.2463122 0.2463122 0.2612962 0.3420116 2.4694080 2.4640182 2.5202007 3.1128029 2.8869213 2.4944069 2.5299980 2.6496676 2.5798263 3.1837818 2.5167686 2.8011827 2.8879363 2.4571610 2.3500713 3.4599365 3.8885548 3.6843666 
Hhon_g03223.t1                                           2.2098150 1.7193243 1.6882925 1.6224114 2.0910707 1.7841731 2.0758039 2.0023874 1.9630872 2.0927857 2.0414099 2.4234075 2.6529187 2.8987587 2.2914723 2.2093895 2.3118934 1.9946809 1.7070265 1.9033214 1.8569716 1.9931559 2.2841088 2.2487937 2.4375830 2.3092711 2.4333889 2.5444974 2.2480896 1.9501560 2.2869844 2.2697441 2.1492959 2.1201288 0.2599223 0.2463122 0.0000000 0.0000010 0.1428547 0.3032017 2.0368708 2.1176113 2.5038514 2.8414542 2.6748977 2.6452068 2.5545943 2.6208494 2.4989330 3.1062121 2.4702012 2.7044953 2.3351136 2.5496950 2.3077461 3.0689837 3.5821789 3.3121701 
HoiH04_mRNA2427                                          2.2098150 1.7193243 1.6882925 1.6224114 2.0910707 1.7841731 2.0758039 2.0023874 1.9630872 2.0927857 2.0414099 2.4234075 2.6529187 2.8987587 2.2914723 2.2093895 2.3118934 1.9946809 1.7070265 1.9033214 1.8569716 1.9931559 2.2841088 2.2487937 2.4375830 2.3092711 2.4333889 2.5444974 2.2480896 1.9501560 2.2869844 2.2697441 2.1492959 2.1201288 0.2599223 0.2463122 0.0000010 0.0000000 0.1428547 0.3032017 2.0368708 2.1176113 2.5038514 2.8414542 2.6748977 2.6452068 2.5545943 2.6208494 2.4989330 3.1062121 2.4702012 2.7044953 2.3351136 2.5496950 2.3077461 3.0689837 3.5821789 3.3121701 
HoiH23_PlH23_006032-RA                                   2.3246457 1.9505109 1.9749598 1.8191301 2.2898022 1.8751002 1.8790801 2.1925413 2.0723311 2.1376580 2.1082168 2.7187887 2.8341001 3.0207191 2.3986161 2.4545566 2.4629320 2.1395568 1.9884029 2.1048533 1.8601910 2.2242654 2.5389171 2.3530040 2.8408688 2.2416795 2.4272760 2.4963797 2.4565636 2.1234141 2.3406363 2.6155383 2.3546195 2.2998063 0.2789677 0.2612962 0.1428547 0.1428547 0.0000000 0.3098016 2.0451652 2.2578776 2.4609170 2.8283667 2.6843765 2.2927083 2.6677771 2.7490103 2.5055673 3.0104944 2.2588731 2.4037710 2.8070077 2.5491827 2.5130135 3.1427122 3.3741276 3.2531997 
HoiH11_mRNA246                                           2.5860987 2.0538106 2.0165401 1.8644981 2.5195779 1.9849515 2.5213985 2.2930104 2.1636571 2.3037818 2.2487673 2.7340810 2.7364304 3.2204842 2.4721726 2.5476546 2.6166695 2.3813599 2.1766514 2.2895415 2.0769759 2.2462082 2.4636762 2.4345922 2.6763563 2.3842810 2.9107487 2.7706318 2.6973712 2.3518812 2.5866474 2.6410247 2.7716479 2.5997385 0.3847250 0.3420116 0.3032017 0.3032017 0.3098016 0.0000000 2.4700970 2.4704215 2.9578138 3.2717173 3.1543073 2.9422265 3.1598983 3.1790929 2.9637404 3.7315450 2.7493788 3.1447517 2.9647430 2.8414368 2.7335635 3.9391474 3.6674616 3.6213577 
Plajan_Pjan_scaffold18215_01                             2.0413564 1.9012712 2.2361174 1.7488676 2.4656034 2.7132088 1.7458333 2.7915167 2.6311617 2.6517773 2.8609418 3.8802083 2.9604962 2.3281218 2.3823635 2.4435714 2.6001340 1.4552809 2.2559189 2.2772306 2.5277868 1.9751543 2.8695461 2.5502585 3.0736807 2.6559880 2.0821329 2.0447524 1.8018442 1.9981354 2.0041362 2.3377175 1.7187669 1.7187669 2.2488728 2.4694080 2.0368708 2.0368708 2.0451652 2.4700970 0.0000000 2.6706027 2.5969195 3.1537230 2.9089728 2.2186005 2.7576131 2.8195432 2.7340335 3.2124139 2.8534926 2.8835769 2.8699669 2.4255207 3.1643219 2.9855522 2.4377886 2.4026038 
Mlei_ML0463.g9.i1                                        2.5361552 2.2779461 2.2594570 1.8484497 3.0309471 2.4093069 2.6897427 2.9040296 2.6274645 2.7222380 2.5077121 3.3234597 3.3900687 3.0003810 2.7959495 2.5488421 2.4295360 1.9682101 2.2278812 2.6164030 2.6291358 2.3701546 2.7515846 2.5337681 2.5356784 2.2060340 2.2989774 2.3459297 2.1316050 2.5087561 2.8139113 2.0928420 2.9760473 2.8494007 2.3978758 2.4640182 2.1176113 2.1176113 2.2578776 2.4704215 2.6706027 0.0000000 0.8291640 1.0930192 1.1072651 1.0167607 0.9280183 0.9418824 0.9889564 1.1648882 1.2511498 1.2363340 1.8950274 3.2115817 2.7189296 3.0601055 2.9975044 3.1976475 
Beraby_Baby_sb326049                                     2.4974361 2.4578522 2.5067475 2.4290895 3.0837342 2.6990656 2.8063476 2.8003259 2.6546469 2.9402084 2.6404294 3.1854075 3.8933889 2.8532816 3.0193865 2.4705407 2.3421573 2.5460284 2.5589792 2.4818593 2.5012427 2.4520127 3.3005978 2.8382868 2.9808694 2.6419207 2.5770002 2.5830827 2.3522407 2.7344237 2.7616163 2.2885961 3.1480633 2.8002773 2.4879563 2.5202007 2.5038514 2.5038514 2.4609170 2.9578138 2.5969195 0.8291640 0.0000000 1.1348370 1.1778782 0.9935325 0.8970167 0.9214004 0.9615514 1.2321205 1.1781912 1.2299460 1.7568938 3.0027383 2.7434074 2.9814803 3.5687602 2.8614079 
Pbac_sb2657343                                           2.7758413 2.2075447 2.5440099 2.1644766 3.2156405 2.7618981 2.9512203 3.2179168 2.8400508 2.9463557 2.6770950 3.3310489 4.1060136 2.9085837 3.1111702 3.0331110 2.5525369 2.7043174 2.8818295 2.7403227 2.8503040 2.7026696 3.8461165 3.4647458 3.7057354 3.3487405 3.3144448 3.4026075 2.5408603 3.0050645 3.7260687 2.5788490 3.2306859 2.9767234 2.9630483 3.1128029 2.8414542 2.8414542 2.8283667 3.2717173 3.1537230 1.0930192 1.1348370 0.0000000 0.1379451 0.9996513 1.2523487 1.2869274 1.2227111 1.2176848 1.1963032 1.1723979 1.7991188 3.2486497 3.0747008 3.9946558 4.8355154 3.1756328 
Horcal_Hcv1.av93.c5.g154.i1                              2.7145555 2.1839454 2.6272368 2.1182495 3.1943344 2.9216376 2.8474078 3.2827442 2.8807369 2.8730578 2.6577712 3.3666189 3.7729492 3.0075482 3.0452787 3.1466574 2.7704752 2.6699544 2.7569624 2.9276760 2.8054129 2.5266129 3.7050261 3.2574817 3.5624770 2.9286715 3.0832553 3.1779673 2.5087563 2.6702334 3.5935252 2.5893346 3.0293312 2.8268588 2.8207416 2.8869213 2.6748977 2.6748977 2.6843765 3.1543073 2.9089728 1.1072651 1.1778782 0.1379451 0.0000000 0.9810387 1.1607999 1.1828895 1.1505132 1.1038749 1.1220187 1.0927832 1.6918696 3.4748559 2.9506884 4.3249440 4.6487732 3.1400694 
Lampan_Lpan_15010_01                                     2.8544424 2.3589124 2.4104364 2.5214108 3.1418887 2.8825932 2.7101460 3.0413394 2.7560548 3.0719178 3.0177460 3.1287859 4.2232545 2.4587912 2.6483248 2.6725971 2.8710306 2.3823128 2.5475137 2.5775285 2.6030926 2.2726509 2.8798903 3.0851384 2.8997650 3.2122891 2.4112842 2.5405817 2.7499293 2.9759027 2.8152128 2.4417139 3.6525087 3.2308431 2.4648467 2.4944069 2.6452068 2.6452068 2.2927083 2.9422265 2.2186005 1.0167607 0.9935325 0.9996513 0.9810387 0.0000000 1.0400002 1.0665043 1.0911338 1.1805513 1.1521009 1.1198396 1.5860420 3.6459889 2.8739496 3.0632766 3.5191417 2.7599390 
Bolinf_Binf_sb1296907                                    2.6392045 2.7404142 2.4500886 2.0255489 3.3874166 3.0106047 3.0566970 3.3186268 2.9924394 2.9024518 3.1432919 4.0054093 3.9752322 2.8047312 2.6042972 2.6572282 2.7847952 2.3736550 2.9049812 2.7294278 2.8900180 2.4412452 3.0504696 2.7757946 2.9970431 2.9535438 2.6188096 2.7560523 2.5056798 2.7892445 2.8616321 2.2287897 3.2115622 3.0547286 2.7143755 2.5299980 2.5545943 2.5545943 2.6677771 3.1598983 2.7576131 0.9280183 0.8970167 1.2523487 1.1607999 1.0400002 0.0000000 0.0328529 0.9467488 1.1805474 1.4205292 1.5126725 1.7801274 3.3358413 3.0722795 2.7975139 3.4690169 2.8879041 
Mertsp_Mesp_sb553586                                     2.7663476 2.8934039 2.5954853 2.2292924 3.3929968 3.1539535 3.3802554 3.3828160 3.2912161 3.1419093 3.2780353 4.2297860 3.9752322 2.9408522 2.7571312 2.7926829 2.7370840 2.3241701 3.0047436 2.7748906 2.9414422 2.6045402 3.3107541 2.9804042 3.1227083 3.0020318 2.7998107 2.9671737 2.6623145 2.9248606 2.9148058 2.3669960 3.1258163 3.1243421 2.8193432 2.6496676 2.6208494 2.6208494 2.7490103 3.1790929 2.8195432 0.9418824 0.9214004 1.2869274 1.1828895 1.0665043 0.0328529 0.0000000 0.9406024 1.1747394 1.4510123 1.4969429 1.7800133 3.4908770 3.1994970 2.8563885 3.4124647 2.8879041 
Drygla_Dgla_sb311660                                     2.7343245 2.3172905 2.6060429 2.1951236 3.3199265 3.1903852 2.6078364 3.2336733 3.1959141 3.1111936 3.0988778 3.8841551 3.9318422 2.6855281 2.6673831 2.5501329 2.5540447 2.1783845 2.6504287 2.9964323 3.0071723 2.6478774 3.3649286 2.8668880 3.2385340 2.9214697 2.3952724 2.3158003 2.5414362 2.9594839 3.3343531 2.6623596 3.1173174 3.0755758 2.5346573 2.5798263 2.4989330 2.4989330 2.5055673 2.9637404 2.7340335 0.9889564 0.9615514 1.2227111 1.1505132 1.0911338 0.9467488 0.9406024 0.0000000 1.3766727 1.1353127 1.1563825 1.5189627 3.5320265 2.9559936 3.1383015 3.1251374 3.3360863 
Vmul_Simscaffold424_01                                   2.9422987 2.7794395 2.7702581 2.6984758 3.4563807 3.2858154 3.0251641 3.5606223 3.1764708 3.1513392 2.9639863 3.6062747 4.1109400 3.4675621 3.3187380 3.2554564 3.0366657 2.7381146 2.9155719 3.1269539 2.6967208 2.6055411 3.2768168 2.8324201 2.9331832 3.3304777 2.9111337 2.9922497 2.9295865 2.8627621 3.2623270 2.3716649 3.2557096 3.0208913 3.1173990 3.1837818 3.1062121 3.1062121 3.0104944 3.7315450 3.2124139 1.1648882 1.2321205 1.2176848 1.1038749 1.1805513 1.1805474 1.1747394 1.3766727 0.0000000 1.0384954 1.0994574 1.4759409 3.7777370 3.2161629 3.7923386 4.3911821 3.5742179 
Coeast_Cast_sb767547                                     2.7599403 2.1658497 2.6827831 2.3076673 3.6688779 2.7784243 2.9283471 3.2040216 2.9097802 3.0978320 2.8292435 3.6022539 3.7635422 2.9176901 3.3036950 3.4869794 3.1304914 2.6165095 2.9580038 2.8990668 2.6919405 2.4599325 2.9638276 2.6697504 3.0727286 3.5555093 2.5985494 2.6193802 2.8838327 2.7022558 3.1680818 2.5803322 3.4740073 3.0394921 2.5112559 2.5167686 2.4702012 2.4702012 2.2588731 2.7493788 2.8534926 1.2511498 1.1781912 1.1963032 1.1220187 1.1521009 1.4205292 1.4510123 1.1353127 1.0384954 0.0000000 0.0411027 1.7065746 3.6789404 3.0315810 3.1807352 4.1796819 3.3727778 
Coemet_Cmet_scaffold4082_01                              3.0168327 2.2375454 2.8829052 2.4176447 3.5800455 2.8961780 3.0831370 3.3159891 3.0641262 3.1950439 2.9266047 3.9000527 3.8847470 3.1357898 3.3563796 3.4858688 3.1036017 2.7494397 2.9800678 2.9143540 2.8387780 2.6829354 3.5622893 3.1897338 3.8765435 3.6700253 2.6070515 2.6947108 3.0148952 2.9822070 3.4017157 2.4994423 3.4959872 3.4959872 2.7437030 2.8011827 2.7044953 2.7044953 2.4037710 3.1447517 2.8835769 1.2363340 1.2299460 1.1723979 1.0927832 1.1198396 1.5126725 1.4969429 1.1563825 1.0994574 0.0411027 0.0000000 1.6714886 3.7469757 3.2500379 2.9825926 4.4472988 3.2725565 
Eupdun_Edun_sb10691301                                   3.3438905 2.8115324 3.5518457 1.8340263 3.6160394 3.5238768 2.7351202 4.0100104 4.4356053 4.1915120 3.8036963 4.4288741 3.5126925 2.9827800 2.9971948 2.8957273 2.6443905 2.1411677 3.1037424 3.6355187 3.7331024 2.1896188 3.0627221 3.0621406 2.6496287 3.4029933 3.8820854 3.3909318 3.2747903 2.9351403 3.0861086 2.6846970 3.0578091 3.0578091 2.5342650 2.8879363 2.3351136 2.3351136 2.8070077 2.9647430 2.8699669 1.8950274 1.7568938 1.7991188 1.6918696 1.5860420 1.7801274 1.7800133 1.5189627 1.4759409 1.7065746 1.6714886 0.0000000 3.0287252 4.4638794 3.8294509 4.6451489 3.2106689 
Cscu_XM_023359937.1                                      2.0308720 2.0088299 1.7995526 2.0474425 2.2680100 2.2527431 3.0882746 2.7223516 2.2310338 2.3592474 2.2929252 3.0094648 2.8919718 2.8587732 2.9216885 2.5729840 2.8591921 2.7403276 1.7485524 2.3978675 2.5157890 2.0025385 2.4529827 2.6249099 2.2408417 2.5227371 2.5632909 2.6113993 2.1212767 2.3579596 1.9438191 2.0189229 2.7557503 2.8014142 2.3697067 2.4571610 2.5496950 2.5496950 2.5491827 2.8414368 2.4255207 3.2115817 3.0027383 3.2486497 3.4748559 3.6459889 3.3358413 3.4908770 3.5320265 3.7777370 3.6789404 3.7469757 3.0287252 0.0000000 2.0723601 2.6128475 3.0710523 2.6999187 
Tcas_TC011251_001                                        2.3131415 1.9462780 1.8839317 2.0225664 2.3132841 1.8804104 2.2727249 2.5423680 1.9306091 1.8851056 1.9490616 2.2958077 2.7238206 2.5653910 2.6173495 2.6816988 2.9735231 2.7501467 1.9956470 2.3159485 2.0951495 2.1675197 2.9009630 3.2303358 2.8470725 2.3354233 2.1149145 2.2312619 1.9152147 2.3443553 2.7131945 2.1012965 3.0116904 2.7985317 2.4620214 2.3500713 2.3077461 2.3077461 2.5130135 2.7335635 3.1643219 2.7189296 2.7434074 3.0747008 2.9506884 2.8739496 3.0722795 3.1994970 2.9559936 3.2161629 3.0315810 3.2500379 4.4638794 2.0723601 0.0000000 2.6858761 2.8664032 3.5695423 
Morvir_scaffold5.g76.t2                                  3.0208699 2.7517061 2.4584411 2.2940671 2.1259236 2.2966138 2.4392343 2.2830059 2.6877420 2.4955254 2.5783281 3.6362595 3.2338230 2.8193574 3.0208348 3.0455906 2.4376865 1.5796813 2.7384104 2.7936723 2.7562244 2.8094562 2.8338254 3.3659549 3.2096903 1.8471756 1.6179515 1.7814251 1.3740838 2.9160963 2.7202597 2.7932618 2.6464873 3.0525568 3.4386978 3.4599365 3.0689837 3.0689837 3.1427122 3.9391474 2.9855522 3.0601055 2.9814803 3.9946558 4.3249440 3.0632766 2.7975139 2.8563885 3.1383015 3.7923386 3.1807352 2.9825926 3.8294509 2.6128475 2.6858761 0.0000000 3.0351526 3.4218760 
Emue_Em0005g1501a.t1                                     3.0534767 3.1443251 3.0183398 0.2128536 3.0631996 3.5057789 2.7021065 2.7031505 2.9656045 2.8386245 3.2450399 4.5198215 3.3043152 1.6476165 2.0250164 1.8162511 1.7572852 1.5760601 2.4618382 3.1931851 2.7667021 2.8504316 3.3996388 3.2881535 3.7872856 2.9119427 2.5517960 2.6405213 2.3859339 3.1654891 2.7807602 3.0757765 2.5386639 2.5386639 3.5725963 3.8885548 3.5821789 3.5821789 3.3741276 3.6674616 2.4377886 2.9975044 3.5687602 4.8355154 4.6487732 3.5191417 3.4690169 3.4124647 3.1251374 4.3911821 4.1796819 4.4472988 4.6451489 3.0710523 2.8664032 3.0351526 0.0000000 1.7901691 
Stycar_maker-SC_scaffold3421-snap-gene-0.51-mRNA-1       2.6480352 2.9220470 2.9515441 0.6528252 2.6239725 2.6565968 2.6641149 3.1488299 2.8786495 2.8308160 3.4482526 4.7957189 3.7865904 1.5259291 2.0968421 1.9859667 1.9491958 2.2087695 3.2838783 2.9084863 2.5509516 2.8377415 3.4525137 3.5039117 3.2298823 3.1311473 3.3698013 3.3945168 2.4248546 2.8703773 2.2734933 3.0454117 2.2789845 2.2789845 3.2151351 3.6843666 3.3121701 3.3121701 3.2531997 3.6213577 2.4026038 3.1976475 2.8614079 3.1756328 3.1400694 2.7599390 2.8879041 2.8879041 3.3360863 3.5742179 3.3727778 3.2725565 3.2106689 2.6999187 3.5695423 3.4218760 1.7901691 0.0000000 
