51
Hsap_ENST00000360321                                   0.0000000 3.2453122 3.3316471 3.5471186 3.4916508 3.6556212 3.2188705 3.0382312 3.4161278 2.9876664 3.2544217 4.5400362 3.5225404 4.3661542 4.1831731 3.7691746 4.6904702 4.8641621 4.5562729 4.4484359 4.5472135 4.5620142 4.5009438 4.8937168 3.6472759 4.2254865 4.9525634 4.0957701 4.1368996 4.5258145 4.8475155 4.2745741 4.8109686 3.5030053 3.5903849 3.5650415 3.3725378 3.0151107 3.1910018 3.7687659 3.7694571 4.0722867 4.1636828 3.9261632 3.8902468 3.6876946 5.2184814 4.3002285 5.2014764 4.3408561 3.7432544 
Bralan_BLAG07000897_1                                  3.2453122 0.0000000 1.3066658 2.0941231 1.7613362 1.9917550 1.5299625 1.4176748 1.5631122 1.4525101 1.5739331 1.9956887 1.5158198 2.0822976 1.8157413 2.3470504 2.9889118 2.4969615 2.4347862 2.5341393 2.5202111 2.4696865 2.4633720 2.4999698 2.5136712 2.5195963 2.4992630 2.6089741 2.2298824 2.7335768 2.6770530 2.2674200 3.0191831 2.7559171 2.3564106 2.2993026 2.2039787 2.3349514 2.3497491 2.3236103 2.2736068 2.8448505 2.4178280 2.5162416 2.4750924 2.5801900 2.9643668 2.6417359 2.5281464 2.8568003 3.1015355 
Skow_XM_002742393.1                                    3.3316471 1.3066658 0.0000000 1.6897489 1.3945959 2.0911873 1.4578020 1.2821171 1.5649297 1.4393960 1.4753168 1.8592816 1.4005036 2.1166204 1.6330258 2.4551824 3.0107376 2.4002371 2.4689484 2.5599231 2.4939894 2.5530123 2.5276702 2.5162898 2.8944174 2.4150593 2.5275977 2.8156396 2.2486086 2.3750052 2.3798947 2.3516271 3.4027023 3.0147264 2.3864238 2.4762252 2.3705395 2.8038364 2.5463166 2.4976295 2.4831403 2.8197942 2.5953888 2.6064560 2.4916665 2.5891067 3.0784716 2.4987633 2.6658728 2.3608177 3.2979337 
Exapal_XM_021047426.2                                  3.5471186 2.0941231 1.6897489 0.0000000 0.9228846 1.4616139 1.1212730 0.8774214 1.0860357 1.0417390 1.0438615 1.3675732 1.9125977 2.8352470 2.2798160 2.1856050 2.5276601 3.3836290 3.3251474 2.9857858 3.0097579 2.9764097 2.9680094 3.0087441 2.5693965 2.6203507 3.0772405 2.4461481 2.6660193 2.6677724 2.5409443 2.4762808 3.1828667 3.4488003 2.4931468 2.4894380 2.3995993 2.9108678 2.5441680 2.5406795 2.5169884 2.5745809 2.8928381 2.7623276 2.8727156 2.5195179 3.2470899 2.8889530 2.6222522 2.7373536 3.3110239 
Nvec_NVE10830                                          3.4916508 1.7613362 1.3945959 0.9228846 0.0000000 1.1691680 0.8622726 0.7332330 0.8494087 0.8743464 0.8482964 1.0434576 1.8194210 2.4777261 2.1031153 1.8469254 2.6767500 2.7438817 2.7007732 2.5552895 2.5925158 2.5252590 2.5187402 2.5019126 2.5956346 2.6067077 2.3805972 2.9555205 2.3371065 2.5728332 2.6431684 2.2458564 3.6018623 3.2472796 2.6035822 2.5164888 2.4571252 2.7736622 2.6912358 2.4459908 2.4217025 2.8589124 2.7259891 2.4899525 2.5995153 2.5043908 3.0781969 2.7303177 2.6320366 2.7465833 3.2859079 
Adig_XM_015918543.1                                    3.6556212 1.9917550 2.0911873 1.4616139 1.1691680 0.0000000 0.0500915 0.4487804 0.5161558 0.5783325 0.5237138 0.6104837 1.8598053 3.2820501 2.0099797 2.1195824 2.7784419 1.8505721 2.0371841 1.9008760 1.9470207 1.8529876 1.8529876 1.9055345 2.4763362 2.1214612 2.2433827 2.3566440 2.3876432 2.3236976 2.5314904 2.6139118 2.6096722 2.9121301 2.7139780 2.5924489 2.5924489 2.3643694 2.1083699 2.0924854 2.0924854 2.3810520 2.9027090 2.5478218 2.6601754 2.2416389 3.0595459 2.6800103 2.9094338 3.3604429 4.2982862 
Amil_Amillepora28814-RA                                3.2188705 1.5299625 1.4578020 1.1212730 0.8622726 0.0500915 0.0000000 0.2962378 0.3610539 0.4480280 0.4368543 0.3438205 2.0332375 2.4053304 2.4417149 1.9788292 2.2616064 3.3019293 3.3019293 3.0533888 3.0646208 3.0129209 3.0129209 3.0600737 2.2087887 2.7797945 3.0827809 2.5800362 2.4540488 2.8771694 2.9646411 2.1757286 2.6261454 3.4092240 2.4346397 2.4566230 2.5610965 2.3449004 2.4488902 2.2229626 2.1930520 2.7104668 2.5550136 2.1219253 2.2250455 2.6935701 2.7817748 2.3790003 2.7428282 2.6174694 3.8116602 
Fspp_ffun1.m4.33986.m1                                 3.0382312 1.4176748 1.2821171 0.8774214 0.7332330 0.4487804 0.2962378 0.0000000 0.1628107 0.2800058 0.1923615 0.3814736 1.4436238 1.8297557 1.5975012 1.5402337 1.9863148 2.1848799 2.1848799 2.0432646 2.1274401 2.0363128 2.0257716 2.0038023 2.2600122 1.9892979 1.9705487 2.1126741 2.0977605 1.9660488 1.8955119 2.0736367 2.3727387 2.5594075 2.3650524 2.3589154 2.3589154 2.5055922 2.3329234 2.0402152 2.0402152 2.3449888 2.4771605 2.4271379 2.4835909 2.1294421 2.4329185 2.0766556 2.3090702 2.0892888 3.1959729 
Gasp_gasp1.m3.27788.m1                                 3.4161278 1.5631122 1.5649297 1.0860357 0.8494087 0.5161558 0.3610539 0.1628107 0.0000000 0.3135140 0.2569837 0.4528373 1.8365372 2.4742582 2.0896728 1.6500618 2.3365643 2.9290261 2.8971964 2.7086137 2.6481809 2.6575241 2.6510860 2.7611976 2.4530244 2.4716716 2.3818900 2.4063378 2.3945245 2.4749022 2.4747579 2.1523936 3.0061067 3.0153376 2.4136269 2.4713461 2.3455909 2.4857092 2.4028270 2.3016526 2.2855252 2.5523561 2.7624657 2.6362485 2.7338518 2.3480178 2.7016357 2.4716367 2.5065730 2.5666259 3.3111760 
Spis_XP_022798047_1                                    2.9876664 1.4525101 1.4393960 1.0417390 0.8743464 0.5783325 0.4480280 0.2800058 0.3135140 0.0000000 0.1169911 0.5887349 1.4638356 2.1284631 1.5763880 1.7768197 2.2564609 2.3496410 2.3939430 2.1627041 2.2770857 2.1503383 2.1412678 2.1699296 2.3015383 2.0552457 2.2200846 2.2699167 2.0948639 2.1482474 2.0083857 2.1696187 2.5131334 3.0057790 2.4038573 2.3961399 2.3961399 2.5746153 2.3766794 2.0800913 2.0800913 2.2400591 2.6060483 2.7687737 2.7694251 2.0913133 2.8006699 2.3166774 2.3521959 2.1924236 2.8452660 
Pocdam_XM_027202809.1                                  3.2544217 1.5739331 1.4753168 1.0438615 0.8482964 0.5237138 0.4368543 0.1923615 0.2569837 0.1169911 0.0000000 0.4424572 1.7475047 2.4705353 2.0202648 1.7524748 2.3155742 3.0910805 2.9995180 2.7268020 2.7427507 2.6821320 2.6741885 2.7944150 2.3591887 2.4240591 2.3431417 2.4456643 2.2554662 2.4549092 2.4345668 2.1171270 3.1121737 3.1944593 2.4830787 2.4017606 2.3347375 2.5416137 2.5440195 2.2937680 2.2774140 2.5231541 2.6605095 2.7061029 2.7134330 2.3007678 2.9394889 2.6337088 2.5650139 2.4611987 2.9763497 
Gfas_gfas1.m1.16394.m1                                 4.5400362 1.9956887 1.8592816 1.3675732 1.0434576 0.6104837 0.3438205 0.3814736 0.4528373 0.5887349 0.4424572 0.0000000 2.3853597 2.6452982 2.4310466 1.9977237 2.5802185 3.2188100 3.2866463 2.9652085 3.0016489 2.8968151 2.8877228 2.9463595 2.6985370 2.8072615 2.3406170 2.9996185 3.0221757 3.0234362 3.0356904 2.7638239 3.3776950 3.1200120 2.8849203 2.8415610 2.7763733 2.8996277 2.7784367 2.8038219 2.7925101 2.7710370 2.7186286 2.8986562 3.0702428 2.9534085 2.8687583 3.0471972 3.0268927 3.0210094 3.6788539 
Cgig_XM_011456191.3                                    3.5225404 1.5158198 1.4005036 1.9125977 1.8194210 1.8598053 2.0332375 1.4436238 1.8365372 1.4638356 1.7475047 2.3853597 0.0000000 1.3270256 1.7553746 2.6070092 3.0461161 2.7123178 2.8276167 2.6826095 2.7084112 2.7758089 2.7675921 2.7171055 2.7884279 2.6285381 2.5284535 2.5024045 2.3050562 2.3450066 2.2809860 2.4778764 3.0516295 3.0599179 2.5366948 2.6799854 2.6215183 2.7015596 2.7399835 2.6156023 2.6194849 2.8981619 2.9024669 2.8257435 2.8452975 2.6842617 3.2950115 2.8499819 3.1617834 2.5828235 3.5982241 
Acagra_model.g30845.t1                                 4.3661542 2.0822976 2.1166204 2.8352470 2.4777261 3.2820501 2.4053304 1.8297557 2.4742582 2.1284631 2.4705353 2.6452982 1.3270256 0.0000000 2.5133482 3.8310152 3.8323886 3.1799405 3.4281501 3.1405959 3.1688553 3.1146409 3.1116634 3.4551149 3.4871445 2.9138466 2.9600008 3.9881651 3.2991506 3.8579716 3.5213140 3.4168509 3.7796373 3.2193561 3.2232767 3.2061572 3.1186115 2.9632583 3.1299398 2.9848162 2.9970400 3.5165812 3.2852635 3.4489991 3.3227910 3.2026714 3.8858908 3.8611994 3.7373028 3.0396285 4.0316938 
Spur_XM_030975508.1                                    4.1831731 1.8157413 1.6330258 2.2798160 2.1031153 2.0099797 2.4417149 1.5975012 2.0896728 1.5763880 2.0202648 2.4310466 1.7553746 2.5133482 0.0000000 2.7286843 3.2319674 2.9710573 3.0428292 2.8988350 2.8918098 2.9612594 2.9508487 3.0573573 2.7571452 2.6519792 2.7862018 2.8498204 2.6270171 2.7876996 2.6964550 2.7315488 3.0412976 3.2598259 2.7324575 2.6878002 2.4221914 2.6869331 2.7568489 2.9601856 2.9341589 2.8358713 2.5329591 2.7923752 2.8175648 2.6752904 3.1966632 2.8260886 2.9835714 3.1000493 4.3397749 
Dgig_XM_028536690.1                                    3.7691746 2.3470504 2.4551824 2.1856050 1.8469254 2.1195824 1.9788292 1.5402337 1.6500618 1.7768197 1.7524748 1.9977237 2.6070092 3.8310152 2.7286843 0.0000000 1.3227525 3.2275520 3.1241443 3.0522849 3.0614181 3.1367759 3.1282880 3.1417850 2.6041503 2.6519865 3.1081612 2.9834675 2.4773974 2.5265814 2.7344873 2.4550811 3.6429355 2.9994809 3.0934776 2.8427505 2.8114302 2.9094592 2.9661337 2.8162353 2.7405569 2.9365453 3.4292272 2.6741625 2.9177509 2.9369422 3.6279325 3.3963211 3.3011891 2.9954873 4.9078358 
Xesp_005890-T1                                         4.6904702 2.9889118 3.0107376 2.5276601 2.6767500 2.7784419 2.2616064 1.9863148 2.3365643 2.2564609 2.3155742 2.5802185 3.0461161 3.8323886 3.2319674 1.3227525 0.0000000 3.5134037 4.0432877 3.7036584 3.7527103 3.9009775 3.8913129 3.9847656 3.4999955 3.3033813 4.0439112 3.3120569 3.2551870 3.1921005 3.6658647 3.2473698 3.6274948 4.3888493 3.9131303 3.7002407 3.7304017 2.8276798 3.6554614 3.5026596 3.5082668 3.9673220 4.2122211 3.6073042 3.9811020 3.3723629 4.7322789 4.3621175 3.8413955 3.7567069 5.8962381 
Tadh_TriadT60143                                       4.8641621 2.4969615 2.4002371 3.3836290 2.7438817 1.8505721 3.3019293 2.1848799 2.9290261 2.3496410 3.0910805 3.2188100 2.7123178 3.1799405 2.9710573 3.2275520 3.5134037 0.0000000 0.0000010 0.3123038 0.3083529 0.3229764 0.3211005 0.2854131 3.0650717 3.2433055 3.0656301 3.3915058 2.5340047 3.4286123 3.3634985 3.0773925 3.6370959 3.9379741 2.9310029 3.0475847 2.7640809 3.1172080 3.2183171 3.3322514 3.3412320 3.2323313 3.0364501 2.9701157 3.3475075 2.9911920 4.1694834 3.9875731 3.4297646 3.7904352 4.3355094 
TrH2_TrispH2_000706-RA                                 4.5562729 2.4347862 2.4689484 3.3251474 2.7007732 2.0371841 3.3019293 2.1848799 2.8971964 2.3939430 2.9995180 3.2866463 2.8276167 3.4281501 3.0428292 3.1241443 4.0432877 0.0000010 0.0000000 0.3392401 0.3391455 0.3567707 0.3549231 0.3246110 3.1462051 3.3819843 2.9672697 3.3915058 2.6188429 3.3935700 3.2444730 3.0288385 3.7909129 3.7251080 2.8914633 3.0132836 2.7661047 3.1172080 3.1555117 3.2391836 3.2454636 3.3108503 3.0598445 3.0945757 3.4153308 2.9976937 4.2379009 4.0666213 3.2572761 3.7984580 4.0515903 
HoiH06_mRNA1603                                        4.4484359 2.5341393 2.5599231 2.9857858 2.5552895 1.9008760 3.0533888 2.0432646 2.7086137 2.1627041 2.7268020 2.9652085 2.6826095 3.1405959 2.8988350 3.0522849 3.7036584 0.3123038 0.3392401 0.0000000 0.0817104 0.1409970 0.1378857 0.1708706 3.0707446 3.3803622 2.9584903 3.0374159 2.6854541 3.4758292 3.2765468 3.2331081 3.7998303 3.3237687 2.7325939 2.8257912 2.6086642 2.7825004 2.8464440 2.8587779 2.8273266 2.7986810 2.8935985 2.7358654 3.0163588 2.5988995 4.3319407 4.2135341 3.3110195 3.4583706 4.2273963 
HoiH23_PlH23_008025-RA                                 4.5472135 2.5202111 2.4939894 3.0097579 2.5925158 1.9470207 3.0646208 2.1274401 2.6481809 2.2770857 2.7427507 3.0016489 2.7084112 3.1688553 2.8918098 3.0614181 3.7527103 0.3083529 0.3391455 0.0817104 0.0000000 0.1527948 0.1496111 0.1678180 3.1271341 3.4694181 2.9862731 3.1171057 2.7088267 3.4684314 3.2357573 3.1900927 3.8282288 3.4047379 2.7155416 2.8091823 2.5948193 2.8472070 2.8934320 2.8972531 2.8980136 2.8418278 2.9300620 2.7795413 3.0257950 2.6349409 4.2403839 4.1681054 3.2491184 3.4618210 4.2275324 
Hhon_g07840.t1                                         4.5620142 2.4696865 2.5530123 2.9764097 2.5252590 1.8529876 3.0129209 2.0363128 2.6575241 2.1503383 2.6821320 2.8968151 2.7758089 3.1146409 2.9612594 3.1367759 3.9009775 0.3229764 0.3567707 0.1409970 0.1527948 0.0000000 0.0026557 0.1670418 3.1644580 3.3905576 2.9891719 3.0501002 2.5825811 3.2699080 3.0912684 3.0472848 3.8289913 3.3631508 2.7803672 2.8754524 2.6505597 2.7452264 2.7963820 2.8436572 2.7968930 2.8710920 2.8970324 2.7350592 3.0288114 2.6505316 4.3554398 4.1385074 3.3072647 3.5531242 4.2831075 
HoiH04_mRNA7662                                        4.5009438 2.4633720 2.5276702 2.9680094 2.5187402 1.8529876 3.0129209 2.0257716 2.6510860 2.1412678 2.6741885 2.8877228 2.7675921 3.1116634 2.9508487 3.1282880 3.8913129 0.3211005 0.3549231 0.1378857 0.1496111 0.0026557 0.0000000 0.1667334 3.1534239 3.3812023 2.9891719 3.0047333 2.5736511 3.2356331 3.0819205 3.0359471 3.8247994 3.3631508 2.7719597 2.8656544 2.6403910 2.7958457 2.8257302 2.8350107 2.7882906 2.8614428 2.8782979 2.7247521 3.0194275 2.6704513 4.2977784 4.1243868 3.2967532 3.5428943 4.2831075 
HoiH11_mRNA6603                                        4.8937168 2.4999698 2.5162898 3.0087441 2.5019126 1.9055345 3.0600737 2.0038023 2.7611976 2.1699296 2.7944150 2.9463595 2.7171055 3.4551149 3.0573573 3.1417850 3.9847656 0.2854131 0.3246110 0.1708706 0.1678180 0.1670418 0.1667334 0.0000000 3.2174677 3.5348895 3.0863910 3.0446746 2.5861638 3.5287923 3.3093194 3.1738022 3.7259858 3.4804515 2.8786806 2.9565879 2.6955604 2.8760605 2.8706120 2.8401657 2.8247468 2.9073110 2.8912667 2.7775207 3.0918777 2.6801526 4.5202791 4.3737862 3.5864897 3.7916667 4.1103656 
Emue_Em0018g1004a.t1                                   3.6472759 2.5136712 2.8944174 2.5693965 2.5956346 2.4763362 2.2087887 2.2600122 2.4530244 2.3015383 2.3591887 2.6985370 2.7884279 3.4871445 2.7571452 2.6041503 3.4999955 3.0650717 3.1462051 3.0707446 3.1271341 3.1644580 3.1534239 3.2174677 0.0000000 1.5755628 1.7111980 2.4840543 3.0188966 3.3287911 3.4250196 3.1800224 2.7730849 2.4485584 2.7580453 2.7120392 2.7098809 2.9980515 2.7329185 2.7059670 2.7059670 2.8065876 2.7328410 2.5252858 2.5015907 2.8101255 3.3096640 2.9945172 2.9646161 2.6634820 4.0208683 
Tetwil_g6219.t1                                        4.2254865 2.5195963 2.4150593 2.6203507 2.6067077 2.1214612 2.7797945 1.9892979 2.4716716 2.0552457 2.4240591 2.8072615 2.6285381 2.9138466 2.6519792 2.6519865 3.3033813 3.2433055 3.3819843 3.3803622 3.4694181 3.3905576 3.3812023 3.5348895 1.5755628 0.0000000 1.0603833 2.0472019 2.7185539 3.2271074 3.1254025 2.6198679 2.0241706 2.1936588 2.5391532 2.6128244 2.4537776 3.0574681 2.8232571 2.5810619 2.5223886 2.7238387 2.7713093 2.8026006 2.9473240 2.6209049 2.8379411 2.7447787 2.5772705 2.8928069 3.9457144 
Stycar_maker-SC_scaffold42695-snap-gene-0.4-mRNA-1     4.9525634 2.4992630 2.5275977 3.0772405 2.3805972 2.2433827 3.0827809 1.9705487 2.3818900 2.2200846 2.3431417 2.3406170 2.5284535 2.9600008 2.7862018 3.1081612 4.0439112 3.0656301 2.9672697 2.9584903 2.9862731 2.9891719 2.9891719 3.0863910 1.7111980 1.0603833 0.0000000 2.0024639 3.1453136 3.4227128 3.3104848 2.7138107 2.2635386 2.4553225 2.9275910 2.9593601 2.8593068 3.4073980 3.1179825 2.8302264 2.7707427 3.3334902 2.6030843 2.6928799 2.8279269 2.9882715 3.1851815 3.2423894 2.9764551 3.1399546 4.9222291 
Plespi_Pspi_scaffold17321_01                           4.0957701 2.6089741 2.8156396 2.4461481 2.9555205 2.3566440 2.5800362 2.1126741 2.4063378 2.2699167 2.4456643 2.9996185 2.5024045 3.9881651 2.8498204 2.9834675 3.3120569 3.3915058 3.3915058 3.0374159 3.1171057 3.0501002 3.0047333 3.0446746 2.4840543 2.0472019 2.0024639 0.0000000 3.5699196 3.5168480 3.6857294 3.6642833 2.6734374 2.4549664 2.7793063 2.8398263 2.8960704 2.7640538 2.6909718 2.9508061 2.9508061 3.0625372 3.2705514 2.9704342 3.1307882 2.9965334 3.0734708 2.7324461 3.5402038 3.0360401 4.2837103 
Aaur_scaffold477.g4.t1                                 4.1368996 2.2298824 2.2486086 2.6660193 2.3371065 2.3876432 2.4540488 2.0977605 2.3945245 2.0948639 2.2554662 3.0221757 2.3050562 3.2991506 2.6270171 2.4773974 3.2551870 2.5340047 2.6188429 2.6854541 2.7088267 2.5825811 2.5736511 2.5861638 3.0188966 2.7185539 3.1453136 3.5699196 0.0000000 0.8872377 0.8854284 1.4736790 3.0220959 2.8921806 2.7942108 2.8183700 2.8599301 3.4450284 3.1047003 2.4841530 2.4841530 3.1905979 3.0701956 3.0730352 2.9193236 3.1502731 4.0646978 3.2859145 2.5477542 3.1071537 4.0381418 
Nemnom_g16288.t1                                       4.5258145 2.7335768 2.3750052 2.6677724 2.5728332 2.3236976 2.8771694 1.9660488 2.4749022 2.1482474 2.4549092 3.0234362 2.3450066 3.8579716 2.7876996 2.5265814 3.1921005 3.4286123 3.3935700 3.4758292 3.4684314 3.2699080 3.2356331 3.5287923 3.3287911 3.2271074 3.4227128 3.5168480 0.8872377 0.0000000 0.3908113 1.3699723 3.5760864 3.1374396 2.9004189 2.8404839 2.8448678 3.9007880 3.3279330 2.9751259 2.9751259 3.3616474 3.4393978 3.2409886 3.5151717 3.2762126 4.1462953 3.6298655 2.9565487 3.4110619 4.7465832 
Rhoesc_Res_000058-T1                                   4.8475155 2.6770530 2.3798947 2.5409443 2.6431684 2.5314904 2.9646411 1.8955119 2.4747579 2.0083857 2.4345668 3.0356904 2.2809860 3.5213140 2.6964550 2.7344873 3.6658647 3.3634985 3.2444730 3.2765468 3.2357573 3.0912684 3.0819205 3.3093194 3.4250196 3.1254025 3.3104848 3.6857294 0.8854284 0.3908113 0.0000000 1.4956387 3.7375058 3.1447286 2.9747977 2.8783469 2.8339259 4.0775742 3.4013869 2.8824771 2.8824771 3.4654060 3.2316000 3.1741950 3.1220387 3.0110075 4.4967323 3.7805284 2.7908974 3.3284952 4.7874158 
Sanmal_Sma_010635-T1                                   4.2745741 2.2674200 2.3516271 2.4762808 2.2458564 2.6139118 2.1757286 2.0736367 2.1523936 2.1696187 2.1171270 2.7638239 2.4778764 3.4168509 2.7315488 2.4550811 3.2473698 3.0773925 3.0288385 3.2331081 3.1900927 3.0472848 3.0359471 3.1738022 3.1800224 2.6198679 2.7138107 3.6642833 1.4736790 1.3699723 1.4956387 0.0000000 3.7529598 2.9309417 3.1631755 3.2222335 3.3013517 3.2402856 3.2232258 2.8947061 2.8947061 3.3605365 3.3016206 3.0963834 2.9930848 3.0874820 3.8521179 3.3052965 2.5669821 3.1544489 3.4429301 
Aque_Aqu2.1.40875_001                                  4.8109686 3.0191831 3.4027023 3.1828667 3.6018623 2.6096722 2.6261454 2.3727387 3.0061067 2.5131334 3.1121737 3.3776950 3.0516295 3.7796373 3.0412976 3.6429355 3.6274948 3.6370959 3.7909129 3.7998303 3.8282288 3.8289913 3.8247994 3.7259858 2.7730849 2.0241706 2.2635386 2.6734374 3.0220959 3.5760864 3.7375058 3.7529598 0.0000000 1.8710458 2.9597151 2.9082388 2.9433532 2.4760468 2.6747020 3.0431717 3.0431717 3.4261239 2.8251378 3.0129743 3.0989609 3.0335284 3.3481486 3.1671263 3.2903006 3.4351197 3.7986023 
Xestes_maker-XT_scaffold1385-augustus-gene-0.85-mRNA-1 3.5030053 2.7559171 3.0147264 3.4488003 3.2472796 2.9121301 3.4092240 2.5594075 3.0153376 3.0057790 3.1944593 3.1200120 3.0599179 3.2193561 3.2598259 2.9994809 4.3888493 3.9379741 3.7251080 3.3237687 3.4047379 3.3631508 3.3631508 3.4804515 2.4485584 2.1936588 2.4553225 2.4549664 2.8921806 3.1374396 3.1447286 2.9309417 1.8710458 0.0000000 2.3932818 2.2853388 2.2542645 2.7346014 2.4504084 2.4542914 2.4542914 3.0773753 3.3098413 3.0965010 2.5829069 2.6058189 2.5916291 2.7029343 2.4778928 3.2302586 4.3919696 
Mlei_ML0830.g27.i1                                     3.5903849 2.3564106 2.3864238 2.4931468 2.6035822 2.7139780 2.4346397 2.3650524 2.4136269 2.4038573 2.4830787 2.8849203 2.5366948 3.2232767 2.7324575 3.0934776 3.9131303 2.9310029 2.8914633 2.7325939 2.7155416 2.7803672 2.7719597 2.8786806 2.7580453 2.5391532 2.9275910 2.7793063 2.7942108 2.9004189 2.9747977 3.1631755 2.9597151 2.3932818 0.0000000 0.1250310 0.1254612 0.4656406 0.4548154 0.5723602 0.5716765 0.9961904 1.2250858 1.0640459 1.0770065 0.9592541 3.3558166 3.1101586 2.9281580 3.1268377 3.8173039 
Bolinf_Binf_sb1230803                                  3.5650415 2.2993026 2.4762252 2.4894380 2.5164888 2.5924489 2.4566230 2.3589154 2.4713461 2.3961399 2.4017606 2.8415610 2.6799854 3.2061572 2.6878002 2.8427505 3.7002407 3.0475847 3.0132836 2.8257912 2.8091823 2.8754524 2.8656544 2.9565879 2.7120392 2.6128244 2.9593601 2.8398263 2.8183700 2.8404839 2.8783469 3.2222335 2.9082388 2.2853388 0.1250310 0.0000000 0.0155002 0.4631576 0.4517870 0.5826423 0.5820430 0.9715329 1.2899562 1.0719715 1.0192127 0.9690324 3.4930252 3.0960368 2.9059030 3.0200973 3.7890791 
Mertsp_Mesp_sb578256                                   3.3725378 2.2039787 2.3705395 2.3995993 2.4571252 2.5924489 2.5610965 2.3589154 2.3455909 2.3961399 2.3347375 2.7763733 2.6215183 3.1186115 2.4221914 2.8114302 3.7304017 2.7640809 2.7661047 2.6086642 2.5948193 2.6505597 2.6403910 2.6955604 2.7098809 2.4537776 2.8593068 2.8960704 2.8599301 2.8448678 2.8339259 3.3013517 2.9433532 2.2542645 0.1254612 0.0155002 0.0000000 0.4631576 0.4232840 0.5775300 0.5775300 0.8063514 1.2091764 1.0719715 1.0280105 0.9336934 3.4384438 3.0219539 2.8208946 2.7701116 3.5898032 
Drygla_Dgla_sb316456                                   3.0151107 2.3349514 2.8038364 2.9108678 2.7736622 2.3643694 2.3449004 2.5055922 2.4857092 2.5746153 2.5416137 2.8996277 2.7015596 2.9632583 2.6869331 2.9094592 2.8276798 3.1172080 3.1172080 2.7825004 2.8472070 2.7452264 2.7958457 2.8760605 2.9980515 3.0574681 3.4073980 2.7640538 3.4450284 3.9007880 4.0775742 3.2402856 2.4760468 2.7346014 0.4656406 0.4631576 0.4631576 0.0000000 0.0059575 0.7716200 0.7716200 0.8260080 1.3392385 1.2491638 1.2798506 0.9986448 4.3626431 3.5233705 3.0284720 3.0900798 3.2711312 
Beraby_Baby_sb337488                                   3.1910018 2.3497491 2.5463166 2.5441680 2.6912358 2.1083699 2.4488902 2.3329234 2.4028270 2.3766794 2.5440195 2.7784367 2.7399835 3.1299398 2.7568489 2.9661337 3.6554614 3.2183171 3.1555117 2.8464440 2.8934320 2.7963820 2.8257302 2.8706120 2.7329185 2.8232571 3.1179825 2.6909718 3.1047003 3.3279330 3.4013869 3.2232258 2.6747020 2.4504084 0.4548154 0.4517870 0.4232840 0.0059575 0.0000000 0.6780129 0.6653079 1.0592696 1.3167224 1.1222243 1.1251792 0.9602416 3.6214655 3.3023071 2.9956064 3.2999496 3.8004138 
Pbac_sb2666391                                         3.7687659 2.3236103 2.4976295 2.5406795 2.4459908 2.0924854 2.2229626 2.0402152 2.3016526 2.0800913 2.2937680 2.8038219 2.6156023 2.9848162 2.9601856 2.8162353 3.5026596 3.3322514 3.2391836 2.8587779 2.8972531 2.8436572 2.8350107 2.8401657 2.7059670 2.5810619 2.8302264 2.9508061 2.4841530 2.9751259 2.8824771 2.8947061 3.0431717 2.4542914 0.5723602 0.5826423 0.5775300 0.7716200 0.6780129 0.0000000 0.0000010 1.0828295 1.3086964 1.1088817 1.1521650 0.9692634 3.5154955 2.9813330 2.9565127 3.0885142 4.0978431 
Horcal_Hcv1.av93.c5.g1136.i2                           3.7694571 2.2736068 2.4831403 2.5169884 2.4217025 2.0924854 2.1930520 2.0402152 2.2855252 2.0800913 2.2774140 2.7925101 2.6194849 2.9970400 2.9341589 2.7405569 3.5082668 3.3412320 3.2454636 2.8273266 2.8980136 2.7968930 2.7882906 2.8247468 2.7059670 2.5223886 2.7707427 2.9508061 2.4841530 2.9751259 2.8824771 2.8947061 3.0431717 2.4542914 0.5716765 0.5820430 0.5775300 0.7716200 0.6653079 0.0000010 0.0000000 1.0604545 1.2965129 1.1088817 1.1507662 0.9609586 3.4713461 2.9398043 2.8684030 3.0459071 4.0203113 
Eupdun_Edun_sb10638516                                 4.0722867 2.8448505 2.8197942 2.5745809 2.8589124 2.3810520 2.7104668 2.3449888 2.5523561 2.2400591 2.5231541 2.7710370 2.8981619 3.5165812 2.8358713 2.9365453 3.9673220 3.2323313 3.3108503 2.7986810 2.8418278 2.8710920 2.8614428 2.9073110 2.8065876 2.7238387 3.3334902 3.0625372 3.1905979 3.3616474 3.4654060 3.3605365 3.4261239 3.0773753 0.9961904 0.9715329 0.8063514 0.8260080 1.0592696 1.0828295 1.0604545 0.0000000 1.7248350 1.3586970 1.5560857 1.2528240 3.5525481 3.1089997 3.0245530 3.2869171 3.9132392 
Vmul_sbMO431247                                        4.1636828 2.4178280 2.5953888 2.8928381 2.7259891 2.9027090 2.5550136 2.4771605 2.7624657 2.6060483 2.6605095 2.7186286 2.9024669 3.2852635 2.5329591 3.4292272 4.2122211 3.0364501 3.0598445 2.8935985 2.9300620 2.8970324 2.8782979 2.8912667 2.7328410 2.7713093 2.6030843 3.2705514 3.0701956 3.4393978 3.2316000 3.3016206 2.8251378 3.3098413 1.2250858 1.2899562 1.2091764 1.3392385 1.3167224 1.3086964 1.2965129 1.7248350 0.0000000 0.8387108 1.0026095 1.4538906 3.2212411 3.1601928 3.3553735 3.4197202 3.8379108 
Coeast_Cast_sb793954                                   3.9261632 2.5162416 2.6064560 2.7623276 2.4899525 2.5478218 2.1219253 2.4271379 2.6362485 2.7687737 2.7061029 2.8986562 2.8257435 3.4489991 2.7923752 2.6741625 3.6073042 2.9701157 3.0945757 2.7358654 2.7795413 2.7350592 2.7247521 2.7775207 2.5252858 2.8026006 2.6928799 2.9704342 3.0730352 3.2409886 3.1741950 3.0963834 3.0129743 3.0965010 1.0640459 1.0719715 1.0719715 1.2491638 1.1222243 1.1088817 1.1088817 1.3586970 0.8387108 0.0000000 0.0699237 1.4306192 3.2815903 3.0460223 3.2593878 3.2535894 4.4404113 
Coemet_Cmet_scaffold22181_01                           3.8902468 2.4750924 2.4916665 2.8727156 2.5995153 2.6601754 2.2250455 2.4835909 2.7338518 2.7694251 2.7134330 3.0702428 2.8452975 3.3227910 2.8175648 2.9177509 3.9811020 3.3475075 3.4153308 3.0163588 3.0257950 3.0288114 3.0194275 3.0918777 2.5015907 2.9473240 2.8279269 3.1307882 2.9193236 3.5151717 3.1220387 2.9930848 3.0989609 2.5829069 1.0770065 1.0192127 1.0280105 1.2798506 1.1251792 1.1521650 1.1507662 1.5560857 1.0026095 0.0699237 0.0000000 1.3732608 3.2208487 3.0949048 3.1425216 3.2107466 3.8752175 
Lampan_Lpan_C409489_01                                 3.6876946 2.5801900 2.5891067 2.5195179 2.5043908 2.2416389 2.6935701 2.1294421 2.3480178 2.0913133 2.3007678 2.9534085 2.6842617 3.2026714 2.6752904 2.9369422 3.3723629 2.9911920 2.9976937 2.5988995 2.6349409 2.6505316 2.6704513 2.6801526 2.8101255 2.6209049 2.9882715 2.9965334 3.1502731 3.2762126 3.0110075 3.0874820 3.0335284 2.6058189 0.9592541 0.9690324 0.9336934 0.9986448 0.9602416 0.9692634 0.9609586 1.2528240 1.4538906 1.4306192 1.3732608 0.0000000 3.5733764 3.2256639 2.9874012 3.5029435 4.2835245 
Ocar_g5240                                             5.2184814 2.9643668 3.0784716 3.2470899 3.0781969 3.0595459 2.7817748 2.4329185 2.7016357 2.8006699 2.9394889 2.8687583 3.2950115 3.8858908 3.1966632 3.6279325 4.7322789 4.1694834 4.2379009 4.3319407 4.2403839 4.3554398 4.2977784 4.5202791 3.3096640 2.8379411 3.1851815 3.0734708 4.0646978 4.1462953 4.4967323 3.8521179 3.3481486 2.5916291 3.3558166 3.4930252 3.4384438 4.3626431 3.6214655 3.5154955 3.4713461 3.5525481 3.2212411 3.2815903 3.2208487 3.5733764 0.0000000 0.1083730 3.6739036 2.8484691 3.6519095 
Opea_EP00118_Oscarella_pearsei_P012662                 4.3002285 2.6417359 2.4987633 2.8889530 2.7303177 2.6800103 2.3790003 2.0766556 2.4716367 2.3166774 2.6337088 3.0471972 2.8499819 3.8611994 2.8260886 3.3963211 4.3621175 3.9875731 4.0666213 4.2135341 4.1681054 4.1385074 4.1243868 4.3737862 2.9945172 2.7447787 3.2423894 2.7324461 3.2859145 3.6298655 3.7805284 3.3052965 3.1671263 2.7029343 3.1101586 3.0960368 3.0219539 3.5233705 3.3023071 2.9813330 2.9398043 3.1089997 3.1601928 3.0460223 3.0949048 3.2256639 0.1083730 0.0000000 3.5564722 2.3733369 3.6431570 
Morvir_scaffold73.g32.t1                               5.2014764 2.5281464 2.6658728 2.6222522 2.6320366 2.9094338 2.7428282 2.3090702 2.5065730 2.3521959 2.5650139 3.0268927 3.1617834 3.7373028 2.9835714 3.3011891 3.8413955 3.4297646 3.2572761 3.3110195 3.2491184 3.3072647 3.2967532 3.5864897 2.9646161 2.5772705 2.9764551 3.5402038 2.5477542 2.9565487 2.7908974 2.5669821 3.2903006 2.4778928 2.9281580 2.9059030 2.8208946 3.0284720 2.9956064 2.9565127 2.8684030 3.0245530 3.3553735 3.2593878 3.1425216 2.9874012 3.6739036 3.5564722 0.0000000 3.3793450 4.2496556 
Plajan_Pjan_C565542_01                                 4.3408561 2.8568003 2.3608177 2.7373536 2.7465833 3.3604429 2.6174694 2.0892888 2.5666259 2.1924236 2.4611987 3.0210094 2.5828235 3.0396285 3.1000493 2.9954873 3.7567069 3.7904352 3.7984580 3.4583706 3.4618210 3.5531242 3.5428943 3.7916667 2.6634820 2.8928069 3.1399546 3.0360401 3.1071537 3.4110619 3.3284952 3.1544489 3.4351197 3.2302586 3.1268377 3.0200973 2.7701116 3.0900798 3.2999496 3.0885142 3.0459071 3.2869171 3.4197202 3.2535894 3.2107466 3.5029435 2.8484691 2.3733369 3.3793450 0.0000000 3.6710931 
Clacor_Ccor_scaffold12268_01                           3.7432544 3.1015355 3.2979337 3.3110239 3.2859079 4.2982862 3.8116602 3.1959729 3.3111760 2.8452660 2.9763497 3.6788539 3.5982241 4.0316938 4.3397749 4.9078358 5.8962381 4.3355094 4.0515903 4.2273963 4.2275324 4.2831075 4.2831075 4.1103656 4.0208683 3.9457144 4.9222291 4.2837103 4.0381418 4.7465832 4.7874158 3.4429301 3.7986023 4.3919696 3.8173039 3.7890791 3.5898032 3.2711312 3.8004138 4.0978431 4.0203113 3.9132392 3.8379108 4.4404113 3.8752175 4.2835245 3.6519095 3.6431570 4.2496556 3.6710931 0.0000000 
