57
Hsap_ENST00000255882                              0.0000000 0.9809203 1.0872852 1.1701252 0.7283297 0.9033745 1.1589400 2.0190824 1.8815091 0.9645138 0.8305353 1.7479419 1.7431864 1.7260218 1.7548424 1.7232699 1.7272215 1.7319572 1.9147909 0.8326821 1.0253087 1.3654677 1.0009092 1.0049468 1.1273512 1.2481952 1.2340855 0.8839660 1.1857614 2.4467028 1.3660411 1.3071927 1.4643969 1.2283460 1.2291362 1.2176144 1.3628049 1.4452612 1.5940872 1.8169807 0.7530027 1.8974557 1.8912412 1.3179213 0.9491724 1.2179609 1.0899671 1.7231071 2.1470838 1.9362085 1.9642110 1.7047949 1.6526201 1.0970258 1.9725070 1.8873776 1.7367111 
Bralan_BLAG90000841_2                             0.9809203 0.0000000 1.0679298 1.1336840 0.6241927 0.8526825 1.1723416 2.0778289 1.9389790 0.9723673 0.8909386 1.7233211 1.7139204 1.6661332 1.6873602 1.6624377 1.6634463 1.6278674 1.9330668 0.8536570 1.0728854 1.5270002 1.0914536 1.0663237 1.1567234 1.2233182 1.2231468 0.8345672 1.2323082 2.3541600 1.2956886 1.2378400 1.3138498 1.1556106 1.1449528 1.1627045 1.2784806 1.4195783 1.5574484 1.7968586 0.7593693 1.7163767 1.7356587 1.2602055 0.8358387 1.1580088 0.9847841 1.7228614 2.0899776 1.8515723 1.7247642 1.6988081 1.6855013 1.1396243 1.7996143 1.9076078 1.7260048 
Ctel_gnl_WGS_AMQN_CAPTEDRAFT_mRNA184437           1.0872852 1.0679298 0.0000000 0.9151462 0.6070311 0.8865080 1.0779137 2.2080413 2.0366731 1.0766792 0.9301691 1.7755338 1.7774499 1.7630732 1.7841076 1.7540332 1.7527428 1.7276645 1.9271614 0.8571919 0.9828685 1.4044195 1.0114509 0.9558684 1.1382516 1.2432770 1.2526428 0.8464419 1.1628428 2.4483713 1.3301483 1.2902978 1.3690182 1.2490896 1.2542407 1.2477371 1.3763952 1.5625629 1.7605711 1.8434250 0.7873220 1.9363851 1.9558950 1.2710507 0.9860890 1.1504996 1.0600521 1.7503340 2.2902987 1.9909905 2.0423279 1.7666987 1.7195989 1.1996359 2.0511252 1.9280002 1.7459296 
Cgig_XM_034480392.1                               1.1701252 1.1336840 0.9151462 0.0000000 0.6192291 0.9578678 1.0953318 2.1415327 1.9667809 1.0532589 1.0374258 1.8497331 1.8514825 1.8060998 1.8128068 1.8406378 1.8384704 1.7819649 2.0155662 0.7521600 1.0774205 1.6487464 1.1100103 1.0898084 1.2082805 1.3271914 1.3389447 0.8972231 1.1918193 2.5115742 1.3920111 1.3815739 1.4550829 1.3154757 1.3146940 1.2896542 1.4491388 1.5457924 1.7319021 1.9347067 0.9698920 1.9168238 1.9537928 1.3758789 1.0395762 1.2350864 1.1984174 1.8916050 2.2412699 2.0952395 2.1899117 1.8532882 1.8333568 1.2682292 2.3040673 2.0936883 1.8381415 
Acagra_model.g14160.t1                            0.7283297 0.6241927 0.6070311 0.6192291 0.0000000 0.6813855 0.6933914 1.2819032 1.2484615 1.0039821 0.8696303 1.0605276 1.0719518 1.0790248 1.0920562 1.0776593 1.0706465 1.0946871 1.4111283 0.8238190 1.0517283 1.3350314 1.1111353 1.0967612 1.1693889 1.2952243 1.3043282 0.8926677 1.2088242 1.6614683 0.7863620 0.8167318 0.7589600 0.7462773 0.7432569 0.7358688 0.9549478 0.8574260 0.9444099 0.9961525 0.7204049 0.9927933 1.0142202 0.9824419 0.7311913 0.7517570 0.6577052 1.1103126 1.2887350 1.2634571 1.8248585 1.2983904 1.2893161 1.1194358 1.9746269 1.7875162 0.9778999 
Cscu_XM_023366259.1                               0.9033745 0.8526825 0.8865080 0.9578678 0.6813855 0.0000000 0.6590854 1.8418878 1.7961256 0.9862275 0.8820039 1.6409191 1.6334604 1.6164098 1.6386613 1.6177348 1.6237490 1.6178006 1.9274508 0.8562542 1.1746894 1.5933344 1.0702313 1.0902577 1.1242328 1.2629988 1.2669467 0.8228997 1.1984891 2.1902420 1.1329518 1.0879953 1.1862366 1.0253388 1.0395895 1.0433257 1.2013931 1.2673386 1.4212631 1.5796318 0.7334869 1.5464572 1.5351221 1.2212907 0.7433336 0.7827152 0.9241789 1.5411216 2.0191420 1.9527910 2.0961136 1.8459488 1.8319210 1.3405271 2.1389818 1.7211376 1.5324746 
Tcas_TC014935_001                                 1.1589400 1.1723416 1.0779137 1.0953318 0.6933914 0.6590854 0.0000000 2.0697256 1.8946553 0.9476100 0.8289326 1.8270990 1.8165026 1.8100109 1.8040754 1.8478885 1.8473221 1.7981079 1.9093664 0.7504045 1.0453966 1.5042275 1.0417029 1.0316293 1.0784077 1.1794085 1.1820291 0.8072132 1.1353600 2.3683862 1.4620904 1.4052110 1.5137335 1.3372013 1.3691188 1.3497813 1.5191989 1.5436543 1.7314725 1.9369476 0.7859541 1.9584846 1.9550079 1.2043306 0.9728585 0.8977190 1.1924107 1.8472089 2.2385393 1.9992296 1.9681427 1.7625743 1.7282605 1.2200685 2.2485512 2.1355510 1.8615982 
Lcom_lcpid10015                                   2.0190824 2.0778289 2.2080413 2.1415327 1.2819032 1.8418878 2.0697256 0.0000000 0.3342414 0.1248008 0.4285942 2.3679819 2.3615643 2.3552796 2.3779746 2.3895698 2.3984435 2.3574922 2.5247480 1.1593070 1.3803434 1.9236767 1.3250424 1.3425495 1.6356347 1.6424250 1.6461615 1.1707335 1.5109788 3.1297490 2.1150245 2.0191380 2.0376237 2.0365889 2.0077924 1.9803856 2.2236959 2.2633717 2.3674040 2.3771464 0.9972512 2.7073044 2.6608839 1.5679713 1.9233372 2.1213221 2.1072326 2.0592891 2.6305459 2.3503033 2.3027340 2.0178814 1.9301117 1.3687336 2.7034603 2.3537247 2.5642285 
Gracom_Gcom_C561592_01                            1.8815091 1.9389790 2.0366731 1.9667809 1.2484615 1.7961256 1.8946553 0.3342414 0.0000000 0.1336432 0.4382174 2.2438718 2.2505442 2.2736081 2.2798914 2.2697646 2.2765490 2.2650183 2.5432898 1.1749902 1.4197688 1.9307136 1.3181539 1.4018357 1.6370399 1.7217237 1.7270573 1.1431289 1.5761020 2.9805349 1.9902279 1.8185462 1.9058887 1.8862998 1.8581716 1.8032376 2.1779168 2.1316299 2.1719300 2.2399083 1.0133909 2.5321342 2.4769233 1.6221210 1.8059622 1.9387887 1.9296045 1.9469384 2.5409375 2.4029325 2.3546690 2.0243337 1.9079129 1.3774239 2.3207877 2.0943232 2.3473234 
Leuniv_Lniv_scaffold23855_01                      0.9645138 0.9723673 1.0766792 1.0532589 1.0039821 0.9862275 0.9476100 0.1248008 0.1336432 0.0000000 0.4337963 1.0681605 1.0906045 1.0994563 1.1113642 1.1257263 1.1219083 1.0775165 1.5645699 1.1471608 1.4452083 1.6166381 1.3260672 1.4221309 1.6461694 1.5971062 1.6106741 1.1995606 1.5274418 1.6084832 0.9382510 0.9386495 0.9692546 0.9562510 0.9307337 0.9050167 1.2004416 0.9648233 0.9402725 1.0285043 0.9538230 1.1822102 1.1739107 1.0791632 1.0247690 1.0260531 0.9382838 0.9343628 1.1830493 1.1896698 1.5200142 1.1376195 1.1385211 1.1655901 2.5640849 1.1606977 1.0683761 
Clacor_Ccor_scaffold15455_01                      0.8305353 0.8909386 0.9301691 1.0374258 0.8696303 0.8820039 0.8289326 0.4285942 0.4382174 0.4337963 0.0000000 0.9898961 0.9888400 0.9966259 0.9917907 0.9852231 0.9875041 0.9915965 1.2610991 0.9618286 1.1040775 1.3008178 1.1240451 1.1476461 1.3811873 1.4100671 1.4194694 1.0360432 1.4260663 1.4586254 0.8445726 0.8233238 0.8774458 0.8241876 0.7799356 0.7633234 1.0321766 0.8488555 0.8677607 0.9371505 0.9851693 1.0828215 1.0930137 1.0045559 0.9229282 0.8994274 0.8210613 0.8749269 1.1318721 1.1188725 1.5275257 1.0168160 1.0300603 1.0546535 2.0808153 1.1991181 0.9295971 
Tadh_TriadT55997                                  1.7479419 1.7233211 1.7755338 1.8497331 1.0605276 1.6409191 1.8270990 2.3679819 2.2438718 1.0681605 0.9898961 0.0000000 0.0037175 0.1769710 0.1797564 0.1776793 0.1788866 0.1757148 2.0635527 0.8716977 1.0996030 1.5080035 1.0173953 1.0610117 1.1683705 1.2804168 1.2777451 0.8032434 1.1215055 2.6139588 1.7917499 1.7467359 1.8147083 1.6306453 1.6195029 1.6280816 1.8811417 1.7932598 1.8956263 2.0819835 0.8888551 2.2809876 2.2720614 1.4620364 1.5988733 1.8809624 1.7315414 2.0307140 2.4775579 2.1300524 1.9346042 1.8757502 1.8439912 1.2603386 2.7406566 2.4287543 2.0471647 
TrH2_TrispH2_004364-RA                            1.7431864 1.7139204 1.7774499 1.8514825 1.0719518 1.6334604 1.8165026 2.3615643 2.2505442 1.0906045 0.9888400 0.0037175 0.0000000 0.1732314 0.1760200 0.1733141 0.1745141 0.1706976 2.0479777 0.8763953 1.0874671 1.4983646 1.0099787 1.0368334 1.1541743 1.2900101 1.2875291 0.8189249 1.1122598 2.6075730 1.7586827 1.7207221 1.7926206 1.6130578 1.6006161 1.6103116 1.8821938 1.7693059 1.8724358 2.0563199 0.7896224 2.2658149 2.2540440 1.4334753 1.5867338 1.8767642 1.7372743 2.0221736 2.4535380 2.1154219 1.9450231 1.8756449 1.8439120 1.2523980 2.7406566 2.4318805 2.0499561 
HoiH06_mRNA2701                                   1.7260218 1.6661332 1.7630732 1.8060998 1.0790248 1.6164098 1.8100109 2.3552796 2.2736081 1.0994563 0.9966259 0.1769710 0.1732314 0.0000000 0.0325696 0.0812753 0.0795490 0.1092473 2.0404426 0.8703174 1.0933384 1.5039275 0.9933935 1.0468753 1.1523010 1.2893634 1.2868631 0.8225471 1.1241051 2.5558923 1.7477227 1.7424375 1.8044640 1.6030756 1.5959493 1.6050858 1.8989855 1.7448131 1.8391159 2.0598371 0.7896224 2.2346219 2.2561286 1.4584836 1.5968608 1.8435105 1.7382135 2.0209570 2.4903023 2.1340842 1.9053381 1.8365716 1.8553589 1.2203985 2.4450846 2.5015847 2.0506190 
HoiH23_PlH23_006140-RA                            1.7548424 1.6873602 1.7841076 1.8128068 1.0920562 1.6386613 1.8040754 2.3779746 2.2798914 1.1113642 0.9917907 0.1797564 0.1760200 0.0325696 0.0000000 0.0772900 0.0761146 0.1052950 2.0647933 0.8703174 1.0794088 1.5122254 0.9925503 1.0290093 1.1387857 1.2882357 1.2857230 0.8225471 1.1068369 2.5852447 1.7672372 1.7608984 1.8118495 1.6046302 1.6096480 1.6154050 1.8997086 1.7651975 1.8499542 2.0559167 0.7896224 2.2456399 2.2717675 1.4433104 1.5976264 1.8343200 1.7387761 2.0334041 2.4892724 2.1526412 1.8761025 1.8629880 1.8782715 1.2327424 2.5008494 2.5105732 2.0530798 
Hhon_g07995.t1                                    1.7232699 1.6624377 1.7540332 1.8406378 1.0776593 1.6177348 1.8478885 2.3895698 2.2697646 1.1257263 0.9852231 0.1776793 0.1733141 0.0812753 0.0772900 0.0000000 0.0031378 0.1107938 2.1052053 0.8582777 1.0730245 1.5429051 1.0077314 1.0363172 1.1563483 1.2983748 1.2959967 0.7934932 1.0964846 2.6248139 1.7426973 1.7642536 1.7967174 1.6114016 1.5993216 1.6094439 1.8883408 1.7362406 1.8699647 2.0923754 0.7722633 2.2122935 2.2297754 1.4517002 1.6114227 1.8537239 1.7439210 2.0216392 2.5202825 2.1497205 1.8958534 1.8560459 1.8594549 1.2266825 2.5375564 2.4576739 2.0757115 
HoiH04_mRNA1164                                   1.7272215 1.6634463 1.7527428 1.8384704 1.0706465 1.6237490 1.8473221 2.3984435 2.2765490 1.1219083 0.9875041 0.1788866 0.1745141 0.0795490 0.0761146 0.0031378 0.0000000 0.1101777 2.1034739 0.8582777 1.0792170 1.5462420 1.0100475 1.0390463 1.1555694 1.3025026 1.3001856 0.7934932 1.1012242 2.6302197 1.7438932 1.7656308 1.8010130 1.6155842 1.6014883 1.6130842 1.8930963 1.7411099 1.8720083 2.0946935 0.7722633 2.2111648 2.2286359 1.4441101 1.6131750 1.8530609 1.7445169 2.0227994 2.5192997 2.1495025 1.8848421 1.8662272 1.8694006 1.2291559 2.5375564 2.4616892 2.0803658 
HoiH11_mRNA7973                                   1.7319572 1.6278674 1.7276645 1.7819649 1.0946871 1.6178006 1.7981079 2.3574922 2.2650183 1.0775165 0.9915965 0.1757148 0.1706976 0.1092473 0.1052950 0.1107938 0.1101777 0.0000000 2.0678720 0.8581456 1.0678475 1.5183231 1.0015507 1.0200868 1.1477056 1.3109402 1.3087510 0.8093218 1.0988027 2.5588232 1.7148356 1.7089823 1.8107778 1.5911938 1.5848153 1.5887656 1.8532713 1.7484682 1.8580060 2.0505045 0.7681731 2.2030783 2.2258270 1.4651146 1.5728331 1.8423343 1.7045889 2.0149883 2.5293277 2.1586606 1.8987496 1.8824428 1.8827681 1.2431665 2.6661315 2.5024468 2.0385307 
Mlei_ML1959.g14.i1                                1.9147909 1.9330668 1.9271614 2.0155662 1.4111283 1.9274508 1.9093664 2.5247480 2.5432898 1.5645699 1.2610991 2.0635527 2.0479777 2.0404426 2.0647933 2.1052053 2.1034739 2.0678720 0.0000000 0.0132609 0.1084163 0.1736727 0.1827973 0.2586757 0.2845262 0.3383773 0.3437585 0.4264333 0.3496918 0.4613187 1.7754931 1.7669074 1.8114906 1.7630796 1.7320180 1.7505879 2.0676038 1.9161203 1.9992255 2.1856928 1.0650370 2.1989390 2.2186138 1.7056120 1.8566297 1.9820885 1.8447557 2.0524273 2.5722875 2.5560994 2.4109771 2.1325595 2.0831026 1.5035337 3.4274641 2.8045743 2.1001325 
Vmul_sbMO389661                                   0.8326821 0.8536570 0.8571919 0.7521600 0.8238190 0.8562542 0.7504045 1.1593070 1.1749902 1.1471608 0.9618286 0.8716977 0.8763953 0.8703174 0.8703174 0.8582777 0.8582777 0.8581456 0.0132609 0.0000000 0.0823834 0.1140239 0.1169741 0.2041187 0.2251839 0.2832094 0.2918404 0.4361258 0.3140362 0.3257395 0.8130583 0.8055642 0.7934071 0.7896401 0.8065536 0.8045951 5.0037708 0.8023262 0.8300848 0.9701672 1.0689392 0.8586770 0.8806266 0.9212780 0.8349667 0.8043617 0.8098062 0.9895988 1.0195168 1.0711483 0.0000010 1.0675616 1.0152050 1.0035787 3.9721916 9.0000000 0.7168812 
Bolinf_Binf_sb1261701                             1.0253087 1.0728854 0.9828685 1.0774205 1.0517283 1.1746894 1.0453966 1.3803434 1.4197688 1.4452083 1.1040775 1.0996030 1.0874671 1.0933384 1.0794088 1.0730245 1.0792170 1.0678475 0.1084163 0.0823834 0.0000000 0.1562947 0.1859176 0.2518622 0.3016027 0.3385645 0.3460520 0.4058196 0.3616163 0.3737187 0.9211998 0.8975685 0.9243886 0.9128643 0.9062858 0.9085789 1.5270949 1.0293373 1.0047113 1.1016141 1.0014301 1.0509231 1.0708792 1.1385585 1.1448708 1.1402566 1.1182802 1.1219781 1.1327315 1.1561911 1.2384964 1.0905527 1.1297705 1.0607423 3.9721916 2.5293027 1.0076286 
Beraby_Baby_sb333146                              1.3654677 1.5270002 1.4044195 1.6487464 1.3350314 1.5933344 1.5042275 1.9236767 1.9307136 1.6166381 1.3008178 1.5080035 1.4983646 1.5039275 1.5122254 1.5429051 1.5462420 1.5183231 0.1736727 0.1140239 0.1562947 0.0000000 0.1856495 0.2143332 0.2856670 0.3454088 0.3540520 0.3887947 0.3488853 0.3797090 1.1325139 1.3047376 1.3507607 1.3080481 1.3126926 1.3199120 1.7306145 1.5451937 1.4927662 1.6433614 0.9276091 1.6268510 1.6694410 1.6860624 1.4976887 1.5425658 1.4916385 1.5679296 1.8371698 1.8493395 2.6463964 1.8146996 1.7972704 1.4957107 3.3949372 2.3566942 1.5455002 
Drygla_Dgla_sb299432                              1.0009092 1.0914536 1.0114509 1.1100103 1.1111353 1.0702313 1.0417029 1.3250424 1.3181539 1.3260672 1.1240451 1.0173953 1.0099787 0.9933935 0.9925503 1.0077314 1.0100475 1.0015507 0.1827973 0.1169741 0.1859176 0.1856495 0.0000000 0.2791768 0.2793609 0.3040833 0.3090799 0.4096184 0.3583194 0.3587865 0.9453480 0.9712126 0.9707065 0.9606805 0.9477986 0.9487810 1.2469950 1.0400452 1.0399131 1.0651801 1.1037684 1.1003427 1.1165246 1.1759362 1.0784995 1.1135424 1.0608509 1.1239187 1.2581698 1.2714074 1.2538618 1.1956294 1.2189385 1.1489291 5.0388158 1.8550557 0.9780115 
Mertsp_Mesp_sb577973                              1.0049468 1.0663237 0.9558684 1.0898084 1.0967612 1.0902577 1.0316293 1.3425495 1.4018357 1.4221309 1.1476461 1.0610117 1.0368334 1.0468753 1.0290093 1.0363172 1.0390463 1.0200868 0.2586757 0.2041187 0.2518622 0.2143332 0.2791768 0.0000000 0.3316380 0.3740106 0.3783569 0.4682466 0.4195994 0.4237975 0.9627514 0.9221428 0.9125142 0.9175087 0.9253503 0.9330131 1.4030233 1.0400351 1.0117684 1.0351704 0.9818880 1.0540652 1.0580236 1.1272192 1.0459397 1.1579288 1.0540163 1.1129146 1.2094372 1.2226746 1.2224864 1.1569683 1.1832828 1.1164951 3.6407946 1.4734091 1.0026547 
Lampan_Lpan_9817_01                               1.1273512 1.1567234 1.1382516 1.2082805 1.1693889 1.1242328 1.0784077 1.6356347 1.6370399 1.6461694 1.3811873 1.1683705 1.1541743 1.1523010 1.1387857 1.1563483 1.1555694 1.1477056 0.2845262 0.2251839 0.3016027 0.2856670 0.2793609 0.3316380 0.0000000 0.2696810 0.2729711 0.3523475 0.4264825 0.4290713 0.9923970 1.0785368 1.0804131 1.0881626 1.1110035 1.1197578 1.6037325 1.1595531 1.1632406 1.2386959 1.0288796 1.2912760 1.3120839 1.3981174 1.1450187 1.1770017 1.1887267 1.3179838 1.4378050 1.4693867 1.9591513 1.4000297 1.3942124 1.3887828 3.7735218 1.9062664 1.0993719 
Coeast_Cast_sb789655                              1.2481952 1.2233182 1.2432770 1.3271914 1.2952243 1.2629988 1.1794085 1.6424250 1.7217237 1.5971062 1.4100671 1.2804168 1.2900101 1.2893634 1.2882357 1.2983748 1.3025026 1.3109402 0.3383773 0.2832094 0.3385645 0.3454088 0.3040833 0.3740106 0.2696810 0.0000000 0.0019024 0.3835904 0.4515097 0.4649022 0.9696000 1.1948615 1.1772916 1.1717182 1.1817615 1.1642564 1.6196711 1.2282093 1.2329402 1.3201309 0.9477392 1.2910237 1.2816877 1.3898912 1.2429548 1.3131990 1.3190910 1.3887710 1.5324835 1.5538065 2.4630437 1.5304727 1.4969728 1.4116335 3.3914623 2.7652640 1.2761242 
Coemet_Cmet_scaffold866_01                        1.2340855 1.2231468 1.2526428 1.3389447 1.3043282 1.2669467 1.1820291 1.6461615 1.7270573 1.6106741 1.4194694 1.2777451 1.2875291 1.2868631 1.2857230 1.2959967 1.3001856 1.3087510 0.3437585 0.2918404 0.3460520 0.3540520 0.3090799 0.3783569 0.2729711 0.0019024 0.0000000 0.3724709 0.4559636 0.4662582 0.9727325 1.1950651 1.1772210 1.1715608 1.1817608 1.1639833 1.6029993 1.2350732 1.2399064 1.3284023 0.9477392 1.3021980 1.2927192 1.3947852 1.2392434 1.3067896 1.3186168 1.3881672 1.5430851 1.5696275 2.4361230 1.5117254 1.4888276 1.4180464 3.3914623 2.7113662 1.2895168 
Eupdun_Edun_sb10618055                            0.8839660 0.8345672 0.8464419 0.8972231 0.8926677 0.8228997 0.8072132 1.1707335 1.1431289 1.1995606 1.0360432 0.8032434 0.8189249 0.8225471 0.8225471 0.7934932 0.7934932 0.8093218 0.4264333 0.4361258 0.4058196 0.3887947 0.4096184 0.4682466 0.3523475 0.3835904 0.3724709 0.0000000 0.5252746 0.5260497 0.8168550 0.7870126 0.7658755 0.7767098 0.7902268 0.7902268 4.5778252 0.8251836 0.8355366 0.8911595 1.1275610 0.8747380 0.8773109 0.9877679 0.8384279 0.8228375 0.7650805 0.9168749 1.1128630 1.1165820 0.0000010 1.0303750 1.0024587 1.0377081 4.2619884 0.0000010 0.6322231 
Pbac_sb2667248                                    1.1857614 1.2323082 1.1628428 1.1918193 1.2088242 1.1984891 1.1353600 1.5109788 1.5761020 1.5274418 1.4260663 1.1215055 1.1122598 1.1241051 1.1068369 1.0964846 1.1012242 1.0988027 0.3496918 0.3140362 0.3616163 0.3488853 0.3583194 0.4195994 0.4264825 0.4515097 0.4559636 0.5252746 0.0000000 0.0081400 0.9960792 1.1321194 1.0952168 1.1081930 1.1474395 1.1409138 1.4893560 1.2129875 1.1778656 1.2901775 1.1376118 1.3157043 1.3055808 1.3668488 1.2154541 1.2428980 1.2346881 1.3611446 1.3168025 1.3516000 1.6981629 1.3477258 1.3644050 1.3324093 3.5765899 2.0887636 1.1405708 
Horcal_Hcv1.av93.c3.g349.i1                       2.4467028 2.3541600 2.4483713 2.5115742 1.6614683 2.1902420 2.3683862 3.1297490 2.9805349 1.6084832 1.4586254 2.6139588 2.6075730 2.5558923 2.5852447 2.6248139 2.6302197 2.5588232 0.4613187 0.3257395 0.3737187 0.3797090 0.3587865 0.4237975 0.4290713 0.4649022 0.4662582 0.5260497 0.0081400 0.0000000 2.2768526 2.2539660 2.3293177 2.2177999 2.2531539 2.2363659 2.4554368 2.4502713 2.5565334 2.8038031 1.1378605 2.6945027 2.6545287 1.7943260 2.3190528 2.4662809 2.3720581 2.6386540 2.8908002 2.6509670 2.4872884 2.1651852 2.1081286 1.5156012 3.7103957 3.1971056 2.6101055 
Exapal_XM_028658872.1                             1.3660411 1.2956886 1.3301483 1.3920111 0.7863620 1.1329518 1.4620904 2.1150245 1.9902279 0.9382510 0.8445726 1.7917499 1.7586827 1.7477227 1.7672372 1.7426973 1.7438932 1.7148356 1.7754931 0.8130583 0.9211998 1.1325139 0.9453480 0.9627514 0.9923970 0.9696000 0.9727325 0.8168550 0.9960792 2.2768526 0.0000000 0.5035502 0.7237331 0.6232858 0.6050049 0.5949089 0.7344410 1.1692975 1.3589193 1.6514014 0.5382939 1.6710390 1.6813654 0.9745491 1.1960856 1.4798116 1.3772375 1.6077161 2.2438344 1.8816186 1.5899394 1.5716271 1.5378426 0.9839732 4.1598639 2.0305689 1.5504702 
Nvec_v1g165173                                    1.3071927 1.2378400 1.2902978 1.3815739 0.8167318 1.0879953 1.4052110 2.0191380 1.8185462 0.9386495 0.8233238 1.7467359 1.7207221 1.7424375 1.7608984 1.7642536 1.7656308 1.7089823 1.7669074 0.8055642 0.8975685 1.3047376 0.9712126 0.9221428 1.0785368 1.1948615 1.1950651 0.7870126 1.1321194 2.2539660 0.5035502 0.0000000 0.6626424 0.5640736 0.5535203 0.5344389 0.6343084 1.1318026 1.2463715 1.6025912 0.5990807 1.6365800 1.6440111 1.1226363 1.1252444 1.4269599 1.3087897 1.5590580 2.1811348 1.8953154 1.8618371 1.6398689 1.5739056 1.0833715 2.0232706 1.8289684 1.4979076 
Adig_XM_015901701.1                               1.4643969 1.3138498 1.3690182 1.4550829 0.7589600 1.1862366 1.5137335 2.0376237 1.9058887 0.9692546 0.8774458 1.8147083 1.7926206 1.8044640 1.8118495 1.7967174 1.8010130 1.8107778 1.8114906 0.7934071 0.9243886 1.3507607 0.9707065 0.9125142 1.0804131 1.1772916 1.1772210 0.7658755 1.0952168 2.3293177 0.7237331 0.6626424 0.0000000 0.2154736 0.2786967 0.2718448 0.2855983 1.1810980 1.3666341 1.6524315 0.5596702 1.7325257 1.7561492 1.0581442 1.2615532 1.5287517 1.4449819 1.7186872 2.3433717 1.8625690 1.9372869 1.5996576 1.5483426 1.0388594 1.9794030 2.0097584 1.6385097 
Gfas_gfas1.m1.402.m1                              1.2283460 1.1556106 1.2490896 1.3154757 0.7462773 1.0253388 1.3372013 2.0365889 1.8862998 0.9562510 0.8241876 1.6306453 1.6130578 1.6030756 1.6046302 1.6114016 1.6155842 1.5911938 1.7630796 0.7896401 0.9128643 1.3080481 0.9606805 0.9175087 1.0881626 1.1717182 1.1715608 0.7767098 1.1081930 2.2177999 0.6232858 0.5640736 0.2154736 0.0000000 0.1748249 0.1596365 0.1775491 1.0685827 1.2241339 1.5060450 0.5271994 1.5726802 1.5591326 1.0421497 1.0841536 1.3588082 1.2131242 1.5383278 2.1875510 1.7912744 1.7749161 1.5810180 1.5543152 1.0076032 2.0447111 1.7177287 1.4489304 
Spis_XP_022802324_1                               1.2291362 1.1449528 1.2542407 1.3146940 0.7432569 1.0395895 1.3691188 2.0077924 1.8581716 0.9307337 0.7799356 1.6195029 1.6006161 1.5959493 1.6096480 1.5993216 1.6014883 1.5848153 1.7320180 0.8065536 0.9062858 1.3126926 0.9477986 0.9253503 1.1110035 1.1817615 1.1817608 0.7902268 1.1474395 2.2531539 0.6050049 0.5535203 0.2786967 0.1748249 0.0000000 0.0496033 0.1674808 1.0750444 1.2359883 1.5360620 0.5415008 1.5558285 1.5393580 1.0394606 1.0829803 1.3588249 1.2160688 1.5148159 2.1525371 1.8085952 1.8540204 1.6306848 1.5814196 0.9821946 2.0150898 1.7795084 1.4343202 
Pocdam_XM_027184895.1                             1.2176144 1.1627045 1.2477371 1.2896542 0.7358688 1.0433257 1.3497813 1.9803856 1.8032376 0.9050167 0.7633234 1.6280816 1.6103116 1.6050858 1.6154050 1.6094439 1.6130842 1.5887656 1.7505879 0.8045951 0.9085789 1.3199120 0.9487810 0.9330131 1.1197578 1.1642564 1.1639833 0.7902268 1.1409138 2.2363659 0.5949089 0.5344389 0.2718448 0.1596365 0.0496033 0.0000000 0.1573150 1.0450672 1.1948639 1.4998869 0.5415008 1.5378101 1.5259941 1.0310222 1.0786889 1.3456994 1.1883207 1.4943848 2.1317234 1.7934957 1.8558925 1.6252848 1.5714660 0.9800112 2.0542887 1.7198773 1.3930522 
Fspp_ffun1.m4.11127.m1                            1.3628049 1.2784806 1.3763952 1.4491388 0.9549478 1.2013931 1.5191989 2.2236959 2.1779168 1.2004416 1.0321766 1.8811417 1.8821938 1.8989855 1.8997086 1.8883408 1.8930963 1.8532713 2.0676038 5.0037708 1.5270949 1.7306145 1.2469950 1.4030233 1.6037325 1.6196711 1.6029993 4.5778252 1.4893560 2.4554368 0.7344410 0.6343084 0.2855983 0.1775491 0.1674808 0.1573150 0.0000000 1.2082938 1.4017871 1.7683088 2.7013973 1.7451339 1.7428191 1.4021465 1.1636819 1.4938243 1.2987385 1.7260295 2.4429118 2.1214093 1.6850555 1.9758569 1.9211965 1.2426174 1.6077978 1.7130627 1.5570046 
Dgig_XM_028547829.1                               1.4452612 1.4195783 1.5625629 1.5457924 0.8574260 1.2673386 1.5436543 2.2633717 2.1316299 0.9648233 0.8488555 1.7932598 1.7693059 1.7448131 1.7651975 1.7362406 1.7411099 1.7484682 1.9161203 0.8023262 1.0293373 1.5451937 1.0400452 1.0400351 1.1595531 1.2282093 1.2350732 0.8251836 1.2129875 2.4502713 1.1692975 1.1318026 1.1810980 1.0685827 1.0750444 1.0450672 1.2082938 0.0000000 0.3817481 1.7750773 0.4189483 1.8026652 1.8263500 1.0540536 1.3663961 1.5617944 1.5040435 1.6873042 2.3404916 2.0089260 1.8125680 1.6707432 1.6971785 1.0641031 2.6659194 2.0766540 1.7190115 
Xesp_000984-T1                                    1.5940872 1.5574484 1.7605711 1.7319021 0.9444099 1.4212631 1.7314725 2.3674040 2.1719300 0.9402725 0.8677607 1.8956263 1.8724358 1.8391159 1.8499542 1.8699647 1.8720083 1.8580060 1.9992255 0.8300848 1.0047113 1.4927662 1.0399131 1.0117684 1.1632406 1.2329402 1.2399064 0.8355366 1.1778656 2.5565334 1.3589193 1.2463715 1.3666341 1.2241339 1.2359883 1.1948639 1.4017871 0.3817481 0.0000000 1.8862876 0.4937599 1.9118208 1.9482947 1.0840806 1.5819958 1.7167361 1.6822510 1.8445212 2.3731390 2.0612942 1.7506090 1.6765514 1.6827865 1.0633676 2.3626717 2.1657819 1.8371577 
Chem_TCONS_00061661                               1.8169807 1.7968586 1.8434250 1.9347067 0.9961525 1.5796318 1.9369476 2.3771464 2.2399083 1.0285043 0.9371505 2.0819835 2.0563199 2.0598371 2.0559167 2.0923754 2.0946935 2.0505045 2.1856928 0.9701672 1.1016141 1.6433614 1.0651801 1.0351704 1.2386959 1.3201309 1.3284023 0.8911595 1.2901775 2.8038031 1.6514014 1.6025912 1.6524315 1.5060450 1.5360620 1.4998869 1.7683088 1.7750773 1.8862876 0.0000000 0.4271589 1.4088796 1.4172634 0.9111291 1.7355288 1.9793906 1.8373481 1.9466626 2.5476367 2.1720492 1.7735201 1.9386532 1.9206236 1.0658628 2.3921736 2.4617268 1.2677563 
Aaur_scaffold1588.g4.t1                           0.7530027 0.7593693 0.7873220 0.9698920 0.7204049 0.7334869 0.7859541 0.9972512 1.0133909 0.9538230 0.9851693 0.8888551 0.7896224 0.7896224 0.7896224 0.7722633 0.7722633 0.7681731 1.0650370 1.0689392 1.0014301 0.9276091 1.1037684 0.9818880 1.0288796 0.9477392 0.9477392 1.1275610 1.1376118 1.1378605 0.5382939 0.5990807 0.5596702 0.5271994 0.5415008 0.5415008 2.7013973 0.4189483 0.4937599 0.4271589 0.0000000 0.0823279 0.0830112 0.1120982 0.6467706 0.7459786 0.7222107 0.9714915 1.1793229 1.1421938 0.0000010 0.9914772 0.9080154 0.9654876 0.0000010 0.0000010 0.2641968 
Rhoesc_Res_016192-T1                              1.8974557 1.7163767 1.9363851 1.9168238 0.9927933 1.5464572 1.9584846 2.7073044 2.5321342 1.1822102 1.0828215 2.2809876 2.2658149 2.2346219 2.2456399 2.2122935 2.2111648 2.2030783 2.1989390 0.8586770 1.0509231 1.6268510 1.1003427 1.0540652 1.2912760 1.2910237 1.3021980 0.8747380 1.3157043 2.6945027 1.6710390 1.6365800 1.7325257 1.5726802 1.5558285 1.5378101 1.7451339 1.8026652 1.9118208 1.4088796 0.0823279 0.0000000 0.1293736 0.5246034 1.7739634 2.0298202 1.8214406 2.2163366 2.5624371 2.1260603 1.9989900 1.9311703 1.8637836 1.2097674 2.1762899 2.7278862 1.1867255 
Nemnom_g3865.t1                                   1.8912412 1.7356587 1.9558950 1.9537928 1.0142202 1.5351221 1.9550079 2.6608839 2.4769233 1.1739107 1.0930137 2.2720614 2.2540440 2.2561286 2.2717675 2.2297754 2.2286359 2.2258270 2.2186138 0.8806266 1.0708792 1.6694410 1.1165246 1.0580236 1.3120839 1.2816877 1.2927192 0.8773109 1.3055808 2.6545287 1.6813654 1.6440111 1.7561492 1.5591326 1.5393580 1.5259941 1.7428191 1.8263500 1.9482947 1.4172634 0.0830112 0.1293736 0.0000000 0.5191559 1.7690500 2.0043095 1.8214705 2.2336075 2.5263187 2.1259218 2.0690421 1.9075559 1.8403911 1.1950977 2.0962795 2.7208665 1.1979340 
Sanmal_Sma_011504-T1                              1.3179213 1.2602055 1.2710507 1.3758789 0.9824419 1.2212907 1.2043306 1.5679713 1.6221210 1.0791632 1.0045559 1.4620364 1.4334753 1.4584836 1.4433104 1.4517002 1.4441101 1.4651146 1.7056120 0.9212780 1.1385585 1.6860624 1.1759362 1.1272192 1.3981174 1.3898912 1.3947852 0.9877679 1.3668488 1.7943260 0.9745491 1.1226363 1.0581442 1.0421497 1.0394606 1.0310222 1.4021465 1.0540536 1.0840806 0.9111291 0.1120982 0.5246034 0.5191559 0.0000000 1.2752440 1.3243553 1.2900313 1.4618633 1.6701982 1.6343488 2.0408880 1.6309227 1.6215208 1.2316511 2.0991341 2.1524061 0.9347731 
Skow_XM_006818625.1                               0.9491724 0.8358387 0.9860890 1.0395762 0.7311913 0.7433336 0.9728585 1.9233372 1.8059622 1.0247690 0.9229282 1.5988733 1.5867338 1.5968608 1.5976264 1.6114227 1.6131750 1.5728331 1.8566297 0.8349667 1.1448708 1.4976887 1.0784995 1.0459397 1.1450187 1.2429548 1.2392434 0.8384279 1.2154541 2.3190528 1.1960856 1.1252444 1.2615532 1.0841536 1.0829803 1.0786889 1.1636819 1.3663961 1.5819958 1.7355288 0.6467706 1.7739634 1.7690500 1.2752440 0.0000000 1.0351758 0.7532180 1.6184449 2.1765564 1.9738174 2.1280381 1.7631998 1.7080476 1.1821749 2.3548069 1.7809103 1.5826007 
Dpul_mRNA24323                                    1.2179609 1.1580088 1.1504996 1.2350864 0.7517570 0.7827152 0.8977190 2.1213221 1.9387887 1.0260531 0.8994274 1.8809624 1.8767642 1.8435105 1.8343200 1.8537239 1.8530609 1.8423343 1.9820885 0.8043617 1.1402566 1.5425658 1.1135424 1.1579288 1.1770017 1.3131990 1.3067896 0.8228375 1.2428980 2.4662809 1.4798116 1.4269599 1.5287517 1.3588082 1.3588249 1.3456994 1.4938243 1.5617944 1.7167361 1.9793906 0.7459786 2.0298202 2.0043095 1.3243553 1.0351758 0.0000000 1.2040717 1.7658934 2.4093491 2.0807691 2.0204770 1.9228532 1.8615254 1.1700463 2.2127763 2.0346191 1.9252873 
Spur_XM_030991598.1                               1.0899671 0.9847841 1.0600521 1.1984174 0.6577052 0.9241789 1.1924107 2.1072326 1.9296045 0.9382838 0.8210613 1.7315414 1.7372743 1.7382135 1.7387761 1.7439210 1.7445169 1.7045889 1.8447557 0.8098062 1.1182802 1.4916385 1.0608509 1.0540163 1.1887267 1.3190910 1.3186168 0.7650805 1.2346881 2.3720581 1.3772375 1.3087897 1.4449819 1.2131242 1.2160688 1.1883207 1.2987385 1.5040435 1.6822510 1.8373481 0.7222107 1.8214406 1.8214705 1.2900313 0.7532180 1.2040717 0.0000000 1.6368903 2.2286620 2.0221943 1.8700827 1.8556687 1.8142236 1.1699458 2.1555581 1.8633050 1.7125089 
Opea_EP00118_Oscarella_pearsei_P017221            1.7231071 1.7228614 1.7503340 1.8916050 1.1103126 1.5411216 1.8472089 2.0592891 1.9469384 0.9343628 0.8749269 2.0307140 2.0221736 2.0209570 2.0334041 2.0216392 2.0227994 2.0149883 2.0524273 0.9895988 1.1219781 1.5679296 1.1239187 1.1129146 1.3179838 1.3887710 1.3881672 0.9168749 1.3611446 2.6386540 1.6077161 1.5590580 1.7186872 1.5383278 1.5148159 1.4943848 1.7260295 1.6873042 1.8445212 1.9466626 0.9714915 2.2163366 2.2336075 1.4618633 1.6184449 1.7658934 1.6368903 0.0000000 2.3616569 2.0457465 2.0951913 1.8007260 1.7059745 1.1690197 3.1222982 1.1387587 1.8698726 
Aque_Aqu2.1.26818_001                             2.1470838 2.0899776 2.2902987 2.2412699 1.2887350 2.0191420 2.2385393 2.6305459 2.5409375 1.1830493 1.1318721 2.4775579 2.4535380 2.4903023 2.4892724 2.5202825 2.5192997 2.5293277 2.5722875 1.0195168 1.1327315 1.8371698 1.2581698 1.2094372 1.4378050 1.5324835 1.5430851 1.1128630 1.3168025 2.8908002 2.2438344 2.1811348 2.3433717 2.1875510 2.1525371 2.1317234 2.4429118 2.3404916 2.3731390 2.5476367 1.1793229 2.5624371 2.5263187 1.6701982 2.1765564 2.4093491 2.2286620 2.3616569 0.0000000 0.2698098 0.3854364 0.8945263 0.9252904 0.5571081 1.5889639 2.8338552 2.5649509 
Halamb_c56470_g2_i1m.43419                        1.9362085 1.8515723 1.9909905 2.0952395 1.2634571 1.9527910 1.9992296 2.3503033 2.4029325 1.1896698 1.1188725 2.1300524 2.1154219 2.1340842 2.1526412 2.1497205 2.1495025 2.1586606 2.5560994 1.0711483 1.1561911 1.8493395 1.2714074 1.2226746 1.4693867 1.5538065 1.5696275 1.1165820 1.3516000 2.6509670 1.8816186 1.8953154 1.8625690 1.7912744 1.8085952 1.7934957 2.1214093 2.0089260 2.0612942 2.1720492 1.1421938 2.1260603 2.1259218 1.6343488 1.9738174 2.0807691 2.0221943 2.0457465 0.2698098 0.0000000 0.3916147 0.8772203 0.9043880 0.5186630 1.4501755 2.5064327 2.1820001 
Xestes_maker-XT_scaffold2432-snap-gene-0.4-mRNA-1 1.9642110 1.7247642 2.0423279 2.1899117 1.8248585 2.0961136 1.9681427 2.3027340 2.3546690 1.5200142 1.5275257 1.9346042 1.9450231 1.9053381 1.8761025 1.8958534 1.8848421 1.8987496 2.4109771 0.0000010 1.2384964 2.6463964 1.2538618 1.2224864 1.9591513 2.4630437 2.4361230 0.0000010 1.6981629 2.4872884 1.5899394 1.8618371 1.9372869 1.7749161 1.8540204 1.8558925 1.6850555 1.8125680 1.7506090 1.7735201 0.0000010 1.9989900 2.0690421 2.0408880 2.1280381 2.0204770 1.8700827 2.0951913 0.3854364 0.3916147 0.0000000 0.8249776 0.7719299 0.5427755 1.2333033 2.5685472 1.9958104 
Emue_Em0023g835a.t1                               1.7047949 1.6988081 1.7666987 1.8532882 1.2983904 1.8459488 1.7625743 2.0178814 2.0243337 1.1376195 1.0168160 1.8757502 1.8756449 1.8365716 1.8629880 1.8560459 1.8662272 1.8824428 2.1325595 1.0675616 1.0905527 1.8146996 1.1956294 1.1569683 1.4000297 1.5304727 1.5117254 1.0303750 1.3477258 2.1651852 1.5716271 1.6398689 1.5996576 1.5810180 1.6306848 1.6252848 1.9758569 1.6707432 1.6765514 1.9386532 0.9914772 1.9311703 1.9075559 1.6309227 1.7631998 1.9228532 1.8556687 1.8007260 0.8945263 0.8772203 0.8249776 0.0000000 0.1706408 0.4509684 1.2405477 2.5724412 1.9335755 
Spolac_c103728_g1_i3_m.35810c103728-g1            1.6526201 1.6855013 1.7195989 1.8333568 1.2893161 1.8319210 1.7282605 1.9301117 1.9079129 1.1385211 1.0300603 1.8439912 1.8439120 1.8553589 1.8782715 1.8594549 1.8694006 1.8827681 2.0831026 1.0152050 1.1297705 1.7972704 1.2189385 1.1832828 1.3942124 1.4969728 1.4888276 1.0024587 1.3644050 2.1081286 1.5378426 1.5739056 1.5483426 1.5543152 1.5814196 1.5714660 1.9211965 1.6971785 1.6827865 1.9206236 0.9080154 1.8637836 1.8403911 1.6215208 1.7080476 1.8615254 1.8142236 1.7059745 0.9252904 0.9043880 0.7719299 0.1706408 0.0000000 0.4595353 1.1193676 2.2568418 1.8618824 
Tetwil_g16178.t2                                  1.0970258 1.1396243 1.1996359 1.2682292 1.1194358 1.3405271 1.2200685 1.3687336 1.3774239 1.1655901 1.0546535 1.2603386 1.2523980 1.2203985 1.2327424 1.2266825 1.2291559 1.2431665 1.5035337 1.0035787 1.0607423 1.4957107 1.1489291 1.1164951 1.3887828 1.4116335 1.4180464 1.0377081 1.3324093 1.5156012 0.9839732 1.0833715 1.0388594 1.0076032 0.9821946 0.9800112 1.2426174 1.0641031 1.0633676 1.0658628 0.9654876 1.2097674 1.1950977 1.2316511 1.1821749 1.1700463 1.1699458 1.1690197 0.5571081 0.5186630 0.5427755 0.4509684 0.4595353 0.0000000 0.7516762 1.9815322 1.1066515 
Stycar_maker-SC_scaffold2988-snap-gene-0.7-mRNA-1 1.9725070 1.7996143 2.0511252 2.3040673 1.9746269 2.1389818 2.2485512 2.7034603 2.3207877 2.5640849 2.0808153 2.7406566 2.7406566 2.4450846 2.5008494 2.5375564 2.5375564 2.6661315 3.4274641 3.9721916 3.9721916 3.3949372 5.0388158 3.6407946 3.7735218 3.3914623 3.3914623 4.2619884 3.5765899 3.7103957 4.1598639 2.0232706 1.9794030 2.0447111 2.0150898 2.0542887 1.6077978 2.6659194 2.3626717 2.3921736 0.0000010 2.1762899 2.0962795 2.0991341 2.3548069 2.2127763 2.1555581 3.1222982 1.5889639 1.4501755 1.2333033 1.2405477 1.1193676 0.7516762 0.0000000 3.0858137 2.7321923 
Plajan_Pjan_scaffold23205_01                      1.8873776 1.9076078 1.9280002 2.0936883 1.7875162 1.7211376 2.1355510 2.3537247 2.0943232 1.1606977 1.1991181 2.4287543 2.4318805 2.5015847 2.5105732 2.4576739 2.4616892 2.5024468 2.8045743 9.0000000 2.5293027 2.3566942 1.8550557 1.4734091 1.9062664 2.7652640 2.7113662 0.0000010 2.0887636 3.1971056 2.0305689 1.8289684 2.0097584 1.7177287 1.7795084 1.7198773 1.7130627 2.0766540 2.1657819 2.4617268 0.0000010 2.7278862 2.7208665 2.1524061 1.7809103 2.0346191 1.8633050 1.1387587 2.8338552 2.5064327 2.5685472 2.5724412 2.2568418 1.9815322 3.0858137 0.0000000 2.2757844 
Morvir_scaffold119.g29.t3                         1.7367111 1.7260048 1.7459296 1.8381415 0.9778999 1.5324746 1.8615982 2.5642285 2.3473234 1.0683761 0.9295971 2.0471647 2.0499561 2.0506190 2.0530798 2.0757115 2.0803658 2.0385307 2.1001325 0.7168812 1.0076286 1.5455002 0.9780115 1.0026547 1.0993719 1.2761242 1.2895168 0.6322231 1.1405708 2.6101055 1.5504702 1.4979076 1.6385097 1.4489304 1.4343202 1.3930522 1.5570046 1.7190115 1.8371577 1.2677563 0.2641968 1.1867255 1.1979340 0.9347731 1.5826007 1.9252873 1.7125089 1.8698726 2.5649509 2.1820001 1.9958104 1.9335755 1.8618824 1.1066515 2.7321923 2.2757844 0.0000000 
