51
Hsap_ENST00000300917                    0.0000000 1.0642939 1.7803942 2.3181598 1.9479732 1.9276548 1.8123109 1.7655954 1.7298048 1.9930919 2.2549679 1.9272841 2.0334967 1.9616312 2.0315053 2.0641070 2.0175310 1.7959706 1.8600987 2.2394224 2.1589691 1.9682279 2.2921326 1.6635243 1.6134925 1.5892116 1.6742462 2.7253602 2.6450214 2.7474357 2.8413224 2.8416997 2.9026662 2.6995116 2.8856747 2.4692790 2.6326779 3.5662934 2.8231321 1.7033033 1.4173662 1.8149376 2.0219737 2.5132749 2.3639572 2.3358989 2.3233298 2.3501294 2.9310029 2.9797393 3.0857768 
Bralan_BLAG04000823_1                   1.0642939 0.0000000 1.4301582 1.8980022 1.5414949 1.5523457 1.4111006 1.4467927 1.4065724 1.6185545 1.8814480 1.7877099 1.9121294 1.7123207 1.7442024 1.7481581 1.6646545 1.3945786 1.4257144 1.9516138 1.4728375 1.6931002 2.0787725 1.4797343 1.4027009 1.3113762 1.5004310 2.3854719 2.3848487 2.1396279 2.6394451 2.4280919 2.5740825 2.5248732 2.5733957 2.1642697 2.3306469 3.2099583 2.4796664 1.3804401 1.2097287 1.7915093 1.6607799 2.5600049 2.3158057 2.3389806 2.3106993 2.3642386 2.6875308 2.7025509 2.8073667 
Exapal_XM_028659898.1                   1.7803942 1.4301582 0.0000000 0.5028496 0.6904667 0.6869983 0.5658678 0.5941993 0.6024798 0.7025892 0.5916613 1.2462201 1.2542165 1.1293440 1.3257044 1.3071332 1.3235866 0.9217295 0.9757146 1.4832478 2.5250917 1.8514849 2.1314999 1.9577925 1.8508165 1.7034712 1.8964449 2.1543363 2.1138791 1.9968386 2.2039073 2.1180458 2.4937102 2.3797230 2.4351574 2.1193766 2.1320895 3.4914472 2.3942919 1.7052614 1.5421856 1.8294335 2.2114242 2.2883031 2.1294209 2.2463896 2.2643092 2.2152264 2.8465296 2.3723962 2.3723962 
Nvec_v1g208840                          2.3181598 1.8980022 0.5028496 0.0000000 0.9118355 0.8777612 0.7086614 0.6974176 0.6618117 0.7173139 0.6898848 1.8444929 1.6201656 1.5061392 1.5775509 1.5510445 1.5179341 0.9788459 1.0630318 1.7155583 4.1587780 2.6585090 2.1616907 2.2662912 2.3382038 2.2197682 2.2118640 3.1083709 3.2950189 4.0163289 3.4137857 3.3897679 3.4298172 3.9185014 3.7873575 1.3256154 2.9037310 3.4266616 3.2457123 2.0008751 1.8520881 2.3188260 2.2962624 2.4874736 2.3331040 2.3653575 2.3718330 2.4844455 2.6887953 2.7485527 2.8578358 
Adig_XM_015920653.1                     1.9479732 1.5414949 0.6904667 0.9118355 0.0000000 0.0562262 0.2584912 0.2692977 0.3212220 0.3825792 0.2701253 1.5561994 1.5596649 1.0699484 1.4370983 1.4031506 1.4401405 1.1075174 1.1933147 1.8168710 2.0865062 1.8353176 2.2518304 2.0825580 2.0647161 1.8215785 2.0252422 2.6183830 2.2398976 2.2088166 2.5392082 2.5817863 2.7683318 2.4914736 2.7519564 2.1151706 2.5346183 3.8736162 2.8425299 1.8002884 1.6760540 2.2471543 2.3624169 2.4856758 2.2832812 2.4874406 2.5003003 2.5413996 2.7689544 2.9981129 3.1732247 
Amil_Amillepora32158-RA                 1.9276548 1.5523457 0.6869983 0.8777612 0.0562262 0.0000000 0.2610267 0.2691541 0.3157651 0.3753390 0.2658022 1.5397168 1.5579507 1.0748210 1.4186533 1.3791715 1.4215165 1.1098310 1.1998873 1.7548297 2.0607798 1.8226538 2.1909739 2.0097902 2.0127278 1.8042316 2.0038775 2.4614775 2.3155977 2.2168676 2.4979291 2.4467205 2.5911239 2.5881223 2.6277125 2.0968334 2.3462320 3.7250659 2.7270032 1.7718912 1.7107918 2.1402137 2.3456186 2.4120750 2.2261374 2.4685955 2.4826682 2.5113104 2.7605113 2.9023276 2.9327925 
Gfas_gfas1.m1.17491.m1                  1.8123109 1.4111006 0.5658678 0.7086614 0.2584912 0.2610267 0.0000000 0.1709904 0.2035809 0.2832400 0.1525115 1.3654023 1.3474789 1.0481668 1.2953418 1.3020680 1.2709105 0.9746328 1.0557875 1.6567755 2.2622573 1.7932790 2.0043536 1.9127044 1.8949903 1.7720842 1.9725127 2.4399358 2.1834227 2.1349209 2.4657677 2.3735664 2.5824484 2.4093271 2.6036886 2.1313294 2.2945815 3.6865332 2.7387444 1.7219836 1.6257739 2.0990087 2.2375161 2.2244149 2.0846083 2.2800485 2.2930088 2.3365214 2.6248001 2.6045836 2.7165440 
Fspp_ffun1.m4.18890.m1                  1.7655954 1.4467927 0.5941993 0.6974176 0.2692977 0.2691541 0.1709904 0.0000000 0.1035512 0.2405036 0.1282008 1.3523894 1.3609458 1.0248794 1.2871885 1.2695315 1.2765713 0.9864534 1.0647912 1.6508373 2.1201015 1.7812755 2.0229326 1.9040250 1.8554978 1.7783613 2.0078488 2.4216254 2.1752343 2.1945023 2.4579399 2.4097879 2.6427658 2.4208538 2.5785932 2.1515972 2.3426323 3.5992029 2.7047949 1.6882368 1.6373467 2.0391399 2.1829363 2.2550242 2.1061187 2.2961584 2.3091925 2.3634975 2.5492761 2.5886901 2.7316346 
Gasp_gasp1.m3.12312.m1                  1.7298048 1.4065724 0.6024798 0.6618117 0.3212220 0.3157651 0.2035809 0.1035512 0.0000000 0.2368876 0.1131959 1.3327486 1.3665879 1.0122628 1.2706881 1.2584340 1.2951125 0.9944867 1.0671206 1.6372404 2.1425106 1.7638068 2.0534670 1.8128179 1.8333347 1.6766593 2.0515922 2.4432699 2.2653315 2.1693731 2.4088850 2.3716967 2.7052703 2.5401801 2.6615788 2.2209288 2.3872920 3.5132995 2.5434760 1.6726365 1.6739273 1.9701516 2.1520735 2.3279482 2.1735854 2.3730936 2.3804208 2.3957733 2.6454930 2.3710847 2.5129371 
Spis_XP_022784756_1                     1.9930919 1.6185545 0.7025892 0.7173139 0.3825792 0.3753390 0.2832400 0.2405036 0.2368876 0.0000000 0.0769739 1.5461954 1.6314878 1.4478861 1.5177544 1.5186102 1.4793300 1.1442426 1.2608434 1.7493091 2.0808706 1.7769574 2.1833155 1.8728342 2.0930433 1.8784241 2.1985063 2.8168792 2.6831948 2.3548022 2.6181473 2.8305241 3.0934312 2.9265375 3.0648484 2.2270856 2.7346794 3.8400563 2.9450914 1.8777855 2.1075890 2.2855926 2.3700456 2.4821872 2.2717231 2.4753656 2.4904531 2.5677862 2.8974157 2.8157827 2.9436389 
Pocdam_XM_027185035.1                   2.2549679 1.8814480 0.5916613 0.6898848 0.2701253 0.2658022 0.1525115 0.1282008 0.1131959 0.0769739 0.0000000 1.5964445 1.5130063 1.3915854 1.4324173 1.3802899 1.2972435 0.9391322 1.0503242 1.6471669 3.8751024 2.0451191 2.0107645 2.1300178 2.3155867 2.2110499 2.2875736 3.2062287 3.6537030 0.0000010 1.8626315 3.3388041 3.4618669 4.1226876 3.5144999 0.0000010 3.0289511 3.3748930 3.3165056 2.0419745 0.0000010 2.3886587 2.5909081 2.6733588 2.5126768 2.6165777 2.6348556 2.8018937 2.5596226 2.7057653 2.8444589 
Hvul_g27252_1                           1.9272841 1.7877099 1.2462201 1.8444929 1.5561994 1.5397168 1.3654023 1.3523894 1.3327486 1.5461954 1.5964445 0.0000000 0.6802944 0.6590441 1.0129605 1.0375286 0.9350432 1.3307101 1.3796523 1.2159183 2.5668491 1.9806451 2.3323435 2.2181954 2.0837946 2.0611450 2.2506721 2.6382816 2.2755300 2.4011495 2.5657873 2.5405473 2.8633708 2.4583679 2.8249695 2.4051288 2.6362597 3.6069955 2.9731582 1.9355912 1.5973699 2.3116622 2.3472899 2.5286806 2.3799818 2.4626662 2.4656500 2.4730590 2.9159848 2.8107540 2.9554799 
Chem_TCONS_00015699                     2.0334967 1.9121294 1.2542165 1.6201656 1.5596649 1.5579507 1.3474789 1.3609458 1.3665879 1.6314878 1.5130063 0.6802944 0.0000000 0.6512230 0.9928483 0.9688590 0.8542732 1.2951197 1.4394935 1.0583748 3.0137038 3.1188792 2.2919699 2.4496645 2.0735114 2.2001415 2.2389244 2.9269513 2.3568916 2.3669389 3.4471724 2.5523330 2.8162461 2.6450851 3.0382433 2.7932563 2.6256175 3.4832082 3.2746745 2.1455796 1.8693215 2.3367804 2.6374931 2.5858094 2.5777495 2.5735823 2.5417383 2.5457802 2.5952044 2.7554773 2.9087244 
Aaur_scaffold37.g10.t1                  1.9616312 1.7123207 1.1293440 1.5061392 1.0699484 1.0748210 1.0481668 1.0248794 1.0122628 1.4478861 1.3915854 0.6590441 0.6512230 0.0000000 0.2766629 0.2243411 0.2945892 1.1562140 1.1328315 0.7679638 8.4071238 3.4008564 2.4099682 2.5520417 1.8991689 2.0703491 1.9905493 2.4729991 2.2650867 0.2698763 2.2966884 2.2892177 2.6159406 2.5036956 2.7750229 2.0938777 2.4811620 3.3774785 2.7668261 1.9654487 1.1814384 2.0484813 2.2690640 2.4765599 2.4344991 2.5702986 2.5621422 2.6645156 2.9605087 2.6760959 2.6760959 
Nemnom_g4081.t1                         2.0315053 1.7442024 1.3257044 1.5775509 1.4370983 1.4186533 1.2953418 1.2871885 1.2706881 1.5177544 1.4324173 1.0129605 0.9928483 0.2766629 0.0000000 0.1621055 0.5472513 1.3969509 1.4808604 1.1164583 2.2414894 2.0650348 2.2623601 2.1424872 2.1125018 2.0590361 2.0954676 2.6830071 2.3184943 2.4182829 2.7853042 2.5503332 2.7985954 2.4865958 2.7381246 2.3101476 2.5784574 3.5860674 2.8214010 1.9782494 1.7132363 2.2473522 2.2426850 2.5275748 2.4016924 2.4738183 2.4766514 2.5208446 2.9943748 2.5596025 2.6380431 
Rhoesc_Res_010033-T1                    2.0641070 1.7481581 1.3071332 1.5510445 1.4031506 1.3791715 1.3020680 1.2695315 1.2584340 1.5186102 1.3802899 1.0375286 0.9688590 0.2243411 0.1621055 0.0000000 0.5281415 1.3649709 1.4754162 1.1646420 2.3826782 2.0512765 2.2647199 2.1590706 2.1008549 2.0454616 2.1084291 2.7016479 2.3111015 2.5697403 2.8160606 2.5451215 2.8656998 2.5970899 2.8247612 2.3673361 2.5920318 3.6681143 2.9153240 1.9851269 1.7143559 2.2720307 2.3004502 2.5028899 2.3709132 2.4201682 2.4241398 2.4682173 2.9747557 2.5524255 2.6298264 
Sanmal_Sma_020663-T1                    2.0175310 1.6646545 1.3235866 1.5179341 1.4401405 1.4215165 1.2709105 1.2765713 1.2951125 1.4793300 1.2972435 0.9350432 0.8542732 0.2945892 0.5472513 0.5281415 0.0000000 1.3405207 1.3980016 1.1066782 2.8004379 2.1160428 2.3214816 2.0161569 1.9965867 1.9158806 2.1022918 2.3425243 2.2499837 2.3196418 2.6092811 2.3176654 2.6424962 2.5416644 2.6735088 2.1946283 2.4581058 3.8110876 2.6611441 1.7904774 1.6189995 2.0016741 2.1399365 2.4748460 2.3184865 2.4923415 2.5031998 2.4661873 3.0679348 2.6827747 2.6827747 
Dgig_XM_028538502.1                     1.7959706 1.3945786 0.9217295 0.9788459 1.1075174 1.1098310 0.9746328 0.9864534 0.9944867 1.1442426 0.9391322 1.3307101 1.2951197 1.1562140 1.3969509 1.3649709 1.3405207 0.0000000 0.3146724 1.6225779 2.6524616 1.9254303 2.1994734 2.0725046 1.9873189 1.8004661 2.0318337 2.4018637 2.3064243 2.2821644 2.4606606 2.4374247 2.4889220 2.3632420 2.4275313 2.0053670 2.3138413 3.6698364 2.6685614 1.7584836 1.6516407 2.1163940 2.0183665 2.4878428 2.3015840 2.3885640 2.3784494 2.3838578 2.8211773 2.5146075 2.6866517 
Xesp_012752-T1                          1.8600987 1.4257144 0.9757146 1.0630318 1.1933147 1.1998873 1.0557875 1.0647912 1.0671206 1.2608434 1.0503242 1.3796523 1.4394935 1.1328315 1.4808604 1.4754162 1.3980016 0.3146724 0.0000000 1.6948783 2.9170296 1.9626828 2.0817935 2.1097251 2.1015405 1.8414072 2.1087469 2.4174099 2.2591726 2.2120474 2.2597753 2.4623485 2.5186282 2.3492564 2.4736214 2.0747398 2.3529785 3.7888559 2.7455981 1.8337592 1.6446173 2.1997726 2.0796228 2.4911364 2.3502579 2.4208840 2.4066782 2.3773303 2.7255812 2.6521703 2.7780415 
Morvir_scaffold346.g8.t1                2.2394224 1.9516138 1.4832478 1.7155583 1.8168710 1.7548297 1.6567755 1.6508373 1.6372404 1.7493091 1.6471669 1.2159183 1.0583748 0.7679638 1.1164583 1.1646420 1.1066782 1.6225779 1.6948783 0.0000000 2.2744205 1.9789776 2.4047833 2.4287792 2.2558802 2.1436850 2.3786294 2.8265605 2.4809849 2.1143938 2.4281023 2.8353567 2.8615067 2.6702169 2.8792962 2.0705162 2.7173216 3.7155346 2.9226714 2.0948703 1.9135760 2.5663742 2.4138115 2.6780854 2.5021754 2.3736445 2.3761139 2.4027813 2.9918846 2.9182492 3.0112949 
Scil_scict007009.1                      2.1589691 1.4728375 2.5250917 4.1587780 2.0865062 2.0607798 2.2622573 2.1201015 2.1425106 2.0808706 3.8751024 2.5668491 3.0137038 8.4071238 2.2414894 2.3826782 2.8004379 2.6524616 2.9170296 2.2744205 0.0000000 0.5220612 0.9341072 2.1896864 1.6275140 1.3838894 1.8969697 2.6212237 2.0105012 1.6053625 1.7357641 2.8404145 2.1816100 1.9249908 2.4662481 1.9585623 2.5634476 4.2339544 2.7301817 2.7022714 3.7028958 2.1679408 2.4233769 2.9205944 3.0143338 2.3903709 2.3903709 2.6335771 4.5360380 3.1830165 3.1830165 
Leuniv_Lniv_scaffold6384_01             1.9682279 1.6931002 1.8514849 2.6585090 1.8353176 1.8226538 1.7932790 1.7812755 1.7638068 1.7769574 2.0451191 1.9806451 3.1188792 3.4008564 2.0650348 2.0512765 2.1160428 1.9254303 1.9626828 1.9789776 0.5220612 0.0000000 0.7558516 2.0881228 1.9943824 1.7729347 2.2706335 3.1056881 2.7619041 3.1290123 3.0200056 3.1154042 3.2245512 2.9850828 3.1164952 2.9324654 3.1471975 4.4529438 2.6099467 2.1354966 2.1744413 2.3026995 2.3185429 2.6329796 2.4469550 2.3221361 2.3137575 2.3043200 4.3906601 3.2371256 3.2371256 
Lcom_lcpid28998                         2.2921326 2.0787725 2.1314999 2.1616907 2.2518304 2.1909739 2.0043536 2.0229326 2.0534670 2.1833155 2.0107645 2.3323435 2.2919699 2.4099682 2.2623601 2.2647199 2.3214816 2.1994734 2.0817935 2.4047833 0.9341072 0.7558516 0.0000000 2.3944727 2.3217881 2.3475296 2.4405852 2.7807856 2.5218946 2.9898820 3.3406742 2.6676486 2.7382534 2.6912193 2.8387951 2.7406800 2.6340401 3.7892073 2.9207561 2.3276587 2.3289355 2.6359794 2.5176988 2.6753291 2.5892953 2.4960418 2.4927903 2.5155409 1.2810229 2.5170138 2.5908138 
Cscu_XM_023376497.1                     1.6635243 1.4797343 1.9577925 2.2662912 2.0825580 2.0097902 1.9127044 1.9040250 1.8128179 1.8728342 2.1300178 2.2181954 2.4496645 2.5520417 2.1424872 2.1590706 2.0161569 2.0725046 2.1097251 2.4287792 2.1896864 2.0881228 2.3944727 0.0000000 1.2609984 1.3641956 1.5575235 2.8275934 2.8648542 2.6048135 2.8977769 2.9739442 3.3543016 3.0678124 3.2359371 2.4195800 2.8102884 3.4159580 2.8351262 1.9457032 1.7745495 1.3736702 1.4188074 2.6141077 2.4831033 2.4947256 2.4982663 2.4888467 2.9976185 3.0254005 3.1726427 
Cgig_XM_020065064.2                     1.6134925 1.4027009 1.8508165 2.3382038 2.0647161 2.0127278 1.8949903 1.8554978 1.8333347 2.0930433 2.3155867 2.0837946 2.0735114 1.8991689 2.1125018 2.1008549 1.9965867 1.9873189 2.1015405 2.2558802 1.6275140 1.9943824 2.3217881 1.2609984 0.0000000 0.8758819 1.2541225 2.5501753 2.6132936 2.2947627 2.9592451 2.6534032 2.7908020 2.6855342 2.7627916 2.3379153 2.6267334 3.1349830 2.6442124 1.8457044 1.5183230 1.6182981 1.7094456 2.6125962 2.4690477 2.5439144 2.5358737 2.5571066 2.8128675 2.8277383 2.9497772 
Acagra_model.g30692.t1                  1.5892116 1.3113762 1.7034712 2.2197682 1.8215785 1.8042316 1.7720842 1.7783613 1.6766593 1.8784241 2.2110499 2.0611450 2.2001415 2.0703491 2.0590361 2.0454616 1.9158806 1.8004661 1.8414072 2.1436850 1.3838894 1.7729347 2.3475296 1.3641956 0.8758819 0.0000000 1.3939572 2.5781303 2.4444122 2.1263875 2.4588174 2.6359906 2.7949022 2.6746822 2.8039489 2.2459810 2.5627404 3.5948245 2.6821841 1.7891120 1.4443909 1.5184431 1.6285517 2.3136891 2.2324299 2.3266842 2.3130979 2.3044777 2.6551245 2.8952501 2.9650008 
Ctel_gnl_WGS_AMQN_CAPTEDRAFT_mRNA223495 1.6742462 1.5004310 1.8964449 2.2118640 2.0252422 2.0038775 1.9725127 2.0078488 2.0515922 2.1985063 2.2875736 2.2506721 2.2389244 1.9905493 2.0954676 2.1084291 2.1022918 2.0318337 2.1087469 2.3786294 1.8969697 2.2706335 2.4405852 1.5575235 1.2541225 1.3939572 0.0000000 2.7102129 2.5913002 2.5018880 2.8649504 2.7211535 2.7159031 2.6659586 2.7541509 2.7031249 2.5102266 3.1729394 2.6186656 1.9385938 1.7703728 1.7151721 1.7200401 2.6679413 2.5498506 2.5635238 2.5611775 2.6069403 3.0757932 2.9934954 3.1774012 
Mlei_ML0265.g10.i1                      2.7253602 2.3854719 2.1543363 3.1083709 2.6183830 2.4614775 2.4399358 2.4216254 2.4432699 2.8168792 3.2062287 2.6382816 2.9269513 2.4729991 2.6830071 2.7016479 2.3425243 2.4018637 2.4174099 2.8265605 2.6212237 3.1056881 2.7807856 2.8275934 2.5501753 2.5781303 2.7102129 0.0000000 0.1251991 0.4040384 0.4549148 0.6585601 0.8961499 0.8522652 0.9590766 0.7848429 0.6577611 1.9890343 1.2539473 2.7175362 2.1227386 2.7000617 2.8677591 2.7493024 2.8378918 2.9343464 2.9250212 2.9173909 3.0566628 3.2127840 3.2961876 
Bolinf_Binf_sb1244346                   2.6450214 2.3848487 2.1138791 3.2950189 2.2398976 2.3155977 2.1834227 2.1752343 2.2653315 2.6831948 3.6537030 2.2755300 2.3568916 2.2650867 2.3184943 2.3111015 2.2499837 2.3064243 2.2591726 2.4809849 2.0105012 2.7619041 2.5218946 2.8648542 2.6132936 2.4444122 2.5913002 0.1251991 0.0000000 0.3788710 0.4134270 0.5436047 0.7628488 0.7737319 0.7725965 0.7787530 0.6001148 2.6835013 1.2650978 2.4458866 2.3374502 2.4754277 2.6614977 2.6469502 2.7523884 3.0602932 3.0484322 3.0059907 3.1750912 3.3912860 3.3912860 
Drygla_Dgla_sb279426                    2.7474357 2.1396279 1.9968386 4.0163289 2.2088166 2.2168676 2.1349209 2.1945023 2.1693731 2.3548022 0.0000010 2.4011495 2.3669389 0.2698763 2.4182829 2.5697403 2.3196418 2.2821644 2.2120474 2.1143938 1.6053625 3.1290123 2.9898820 2.6048135 2.2947627 2.1263875 2.5018880 0.4040384 0.3788710 0.0000000 0.4006506 0.5940629 0.7002180 0.6824591 0.6910320 0.7173226 0.6991171 6.2677858 1.2297478 2.3228942 3.3970987 2.6493353 2.5274796 3.3286833 3.2690238 3.6512178 3.6056318 3.5804189 4.5132874 4.0348117 4.0348117 
Mertsp_Mesp_sb613716                    2.8413224 2.6394451 2.2039073 3.4137857 2.5392082 2.4979291 2.4657677 2.4579399 2.4088850 2.6181473 1.8626315 2.5657873 3.4471724 2.2966884 2.7853042 2.8160606 2.6092811 2.4606606 2.2597753 2.4281023 1.7357641 3.0200056 3.3406742 2.8977769 2.9592451 2.4588174 2.8649504 0.4549148 0.4134270 0.4006506 0.0000000 0.5023235 0.6489571 0.6434668 0.6490248 0.7247819 0.6944397 5.8014065 1.3077930 2.4956118 3.3304415 3.1040819 3.1675234 3.6891634 3.5052694 3.9198451 3.8792588 3.7858628 5.0168466 4.3313702 4.3313702 
Lampan_Lpan_C417887_01                  2.8416997 2.4280919 2.1180458 3.3897679 2.5817863 2.4467205 2.3735664 2.4097879 2.3716967 2.8305241 3.3388041 2.5405473 2.5523330 2.2892177 2.5503332 2.5451215 2.3176654 2.4374247 2.4623485 2.8353567 2.8404145 3.1154042 2.6676486 2.9739442 2.6534032 2.6359906 2.7211535 0.6585601 0.5436047 0.5940629 0.5023235 0.0000000 0.7034066 0.6225820 0.7192159 0.6756723 0.7618094 2.3051666 1.2830163 2.6894598 2.2045658 2.8572787 2.9363088 3.0011096 3.1254402 3.2478023 3.2370518 3.3414793 3.1384836 3.1951958 3.3399784 
Vmul_Simscaffold16230_01                2.9026662 2.5740825 2.4937102 3.4298172 2.7683318 2.5911239 2.5824484 2.6427658 2.7052703 3.0934312 3.4618669 2.8633708 2.8162461 2.6159406 2.7985954 2.8656998 2.6424962 2.4889220 2.5186282 2.8615067 2.1816100 3.2245512 2.7382534 3.3543016 2.7908020 2.7949022 2.7159031 0.8961499 0.7628488 0.7002180 0.6489571 0.7034066 0.0000000 0.3056195 0.3769153 0.8557787 0.9275901 2.4196023 1.4936745 2.7624631 2.5399768 2.6061537 2.9932963 2.9299460 3.0784347 3.0019389 2.9863092 3.1227786 3.0200794 3.4917751 3.6854282 
Coeast_Cast_sb790223                    2.6995116 2.5248732 2.3797230 3.9185014 2.4914736 2.5881223 2.4093271 2.4208538 2.5401801 2.9265375 4.1226876 2.4583679 2.6450851 2.5036956 2.4865958 2.5970899 2.5416644 2.3632420 2.3492564 2.6702169 1.9249908 2.9850828 2.6912193 3.0678124 2.6855342 2.6746822 2.6659586 0.8522652 0.7737319 0.6824591 0.6434668 0.6225820 0.3056195 0.0000000 0.0111016 0.8294919 0.9314763 3.0253848 1.5586094 2.6876623 2.3945296 2.5250193 2.8595029 2.8030490 3.0621316 3.1881730 3.1707878 3.2258534 3.4049448 4.4260231 4.4260231 
Coemet_Cmet_scaffold18035_01            2.8856747 2.5733957 2.4351574 3.7873575 2.7519564 2.6277125 2.6036886 2.5785932 2.6615788 3.0648484 3.5144999 2.8249695 3.0382433 2.7750229 2.7381246 2.8247612 2.6735088 2.4275313 2.4736214 2.8792962 2.4662481 3.1164952 2.8387951 3.2359371 2.7627916 2.8039489 2.7541509 0.9590766 0.7725965 0.6910320 0.6490248 0.7192159 0.3769153 0.0111016 0.0000000 0.8375748 0.9710402 2.4791413 1.5337188 2.8327656 2.3941094 2.7294110 3.0603325 3.1828078 3.3336145 3.3770073 3.3541733 3.4501304 3.3282035 3.7348215 3.9109598 
Eupdun_Edun_sb10605277                  2.4692790 2.1642697 2.1193766 1.3256154 2.1151706 2.0968334 2.1313294 2.1515972 2.2209288 2.2270856 0.0000010 2.4051288 2.7932563 2.0938777 2.3101476 2.3673361 2.1946283 2.0053670 2.0747398 2.0705162 1.9585623 2.9324654 2.7406800 2.4195800 2.3379153 2.2459810 2.7031249 0.7848429 0.7787530 0.7173226 0.7247819 0.6756723 0.8557787 0.8294919 0.8375748 0.0000000 0.8556289 3.9871940 1.1074905 2.3543593 2.7345933 2.4401044 2.9784455 2.9475779 2.6696243 2.7344738 2.6943064 2.6766092 4.2289423 2.0152054 2.0152054 
Beraby_Baby_sb345309                    2.6326779 2.3306469 2.1320895 2.9037310 2.5346183 2.3462320 2.2945815 2.3426323 2.3872920 2.7346794 3.0289511 2.6362597 2.6256175 2.4811620 2.5784574 2.5920318 2.4581058 2.3138413 2.3529785 2.7173216 2.5634476 3.1471975 2.6340401 2.8102884 2.6267334 2.5627404 2.5102266 0.6577611 0.6001148 0.6991171 0.6944397 0.7618094 0.9275901 0.9314763 0.9710402 0.8556289 0.0000000 2.2399720 1.4023636 2.6689427 2.4238333 2.7423393 2.8625961 2.8423694 2.9538237 3.1394565 3.1276211 3.1365934 3.0552557 3.1669005 3.3134752 
Pbac_sb2645039                          3.5662934 3.2099583 3.4914472 3.4266616 3.8736162 3.7250659 3.6865332 3.5992029 3.5132995 3.8400563 3.3748930 3.6069955 3.4832082 3.3774785 3.5860674 3.6681143 3.8110876 3.6698364 3.7888559 3.7155346 4.2339544 4.4529438 3.7892073 3.4159580 3.1349830 3.5948245 3.1729394 1.9890343 2.6835013 6.2677858 5.8014065 2.3051666 2.4196023 3.0253848 2.4791413 3.9871940 2.2399720 0.0000000 0.4284140 3.6549300 3.8174169 3.5247911 3.5223570 3.8612858 4.0313978 4.0241228 3.9645278 4.0952704 4.2756793 3.8089356 3.9263840 
Horcal_Hcv1.av93.c2.g683.i1             2.8231321 2.4796664 2.3942919 3.2457123 2.8425299 2.7270032 2.7387444 2.7047949 2.5434760 2.9450914 3.3165056 2.9731582 3.2746745 2.7668261 2.8214010 2.9153240 2.6611441 2.6685614 2.7455981 2.9226714 2.7301817 2.6099467 2.9207561 2.8351262 2.6442124 2.6821841 2.6186656 1.2539473 1.2650978 1.2297478 1.3077930 1.2830163 1.4936745 1.5586094 1.5337188 1.1074905 1.4023636 0.4284140 0.0000000 2.7085810 3.0336966 2.8388223 2.9803748 2.9829663 3.0478213 3.0255613 3.0020763 3.0858574 3.5401321 3.5770397 3.7003263 
Spur_XM_030986496.1                     1.7033033 1.3804401 1.7052614 2.0008751 1.8002884 1.7718912 1.7219836 1.6882368 1.6726365 1.8777855 2.0419745 1.9355912 2.1455796 1.9654487 1.9782494 1.9851269 1.7904774 1.7584836 1.8337592 2.0948703 2.7022714 2.1354966 2.3276587 1.9457032 1.8457044 1.7891120 1.9385938 2.7175362 2.4458866 2.3228942 2.4956118 2.6894598 2.7624631 2.6876623 2.8327656 2.3543593 2.6689427 3.6549300 2.7085810 0.0000000 1.4526702 2.0272558 2.0751682 2.6462292 2.5076831 2.4732213 2.4809533 2.4566462 2.8652613 2.6254746 2.7940688 
Skow_XM_006820024.1                     1.4173662 1.2097287 1.5421856 1.8520881 1.6760540 1.7107918 1.6257739 1.6373467 1.6739273 2.1075890 0.0000010 1.5973699 1.8693215 1.1814384 1.7132363 1.7143559 1.6189995 1.6516407 1.6446173 1.9135760 3.7028958 2.1744413 2.3289355 1.7745495 1.5183230 1.4443909 1.7703728 2.1227386 2.3374502 3.3970987 3.3304415 2.2045658 2.5399768 2.3945296 2.3941094 2.7345933 2.4238333 3.8174169 3.0336966 1.4526702 0.0000000 1.8186427 1.8222527 2.5927614 2.3588981 2.3238133 2.3249244 2.3123261 2.7423040 2.2428595 2.2428595 
Dpul_mRNA3572                           1.8149376 1.7915093 1.8294335 2.3188260 2.2471543 2.1402137 2.0990087 2.0391399 1.9701516 2.2855926 2.3886587 2.3116622 2.3367804 2.0484813 2.2473522 2.2720307 2.0016741 2.1163940 2.1997726 2.5663742 2.1679408 2.3026995 2.6359794 1.3736702 1.6182981 1.5184431 1.7151721 2.7000617 2.4754277 2.6493353 3.1040819 2.8572787 2.6061537 2.5250193 2.7294110 2.4401044 2.7423393 3.5247911 2.8388223 2.0272558 1.8186427 0.0000000 1.5303288 2.2594355 2.2849317 2.4757405 2.4726393 2.4244895 3.1244038 2.9968066 3.2414881 
Tcas_TC013382_001                       2.0219737 1.6607799 2.2114242 2.2962624 2.3624169 2.3456186 2.2375161 2.1829363 2.1520735 2.3700456 2.5909081 2.3472899 2.6374931 2.2690640 2.2426850 2.3004502 2.1399365 2.0183665 2.0796228 2.4138115 2.4233769 2.3185429 2.5176988 1.4188074 1.7094456 1.6285517 1.7200401 2.8677591 2.6614977 2.5274796 3.1675234 2.9363088 2.9932963 2.8595029 3.0603325 2.9784455 2.8625961 3.5223570 2.9803748 2.0751682 1.8222527 1.5303288 0.0000000 2.6336166 2.5556570 2.5819030 2.5683426 2.5467359 3.1307779 3.0312748 3.1404000 
Tadh_TriadT57395                        2.5132749 2.5600049 2.2883031 2.4874736 2.4856758 2.4120750 2.2244149 2.2550242 2.3279482 2.4821872 2.6733588 2.5286806 2.5858094 2.4765599 2.5275748 2.5028899 2.4748460 2.4878428 2.4911364 2.6780854 2.9205944 2.6329796 2.6753291 2.6141077 2.6125962 2.3136891 2.6679413 2.7493024 2.6469502 3.3286833 3.6891634 3.0011096 2.9299460 2.8030490 3.1828078 2.9475779 2.8423694 3.8612858 2.9829663 2.6462292 2.5927614 2.2594355 2.6336166 0.0000000 0.0042857 0.4085705 0.4124518 0.4061641 3.1307891 2.5614226 2.7351047 
TrH2_TrispH2_005417-RA                  2.3639572 2.3158057 2.1294209 2.3331040 2.2832812 2.2261374 2.0846083 2.1061187 2.1735854 2.2717231 2.5126768 2.3799818 2.5777495 2.4344991 2.4016924 2.3709132 2.3184865 2.3015840 2.3502579 2.5021754 3.0143338 2.4469550 2.5892953 2.4831033 2.4690477 2.2324299 2.5498506 2.8378918 2.7523884 3.2690238 3.5052694 3.1254402 3.0784347 3.0621316 3.3336145 2.6696243 2.9538237 4.0313978 3.0478213 2.5076831 2.3588981 2.2849317 2.5556570 0.0042857 0.0000000 0.3881125 0.3912220 0.3887101 3.1962937 2.7965712 2.9436598 
Hhon_g05077.t1                          2.3358989 2.3389806 2.2463896 2.3653575 2.4874406 2.4685955 2.2800485 2.2961584 2.3730936 2.4753656 2.6165777 2.4626662 2.5735823 2.5702986 2.4738183 2.4201682 2.4923415 2.3885640 2.4208840 2.3736445 2.3903709 2.3221361 2.4960418 2.4947256 2.5439144 2.3266842 2.5635238 2.9343464 3.0602932 3.6512178 3.9198451 3.2478023 3.0019389 3.1881730 3.3770073 2.7344738 3.1394565 4.0241228 3.0255613 2.4732213 2.3238133 2.4757405 2.5819030 0.4085705 0.3881125 0.0000000 0.0058907 0.1680149 3.0840414 2.9753588 3.1425023 
HoiH04_mRNA17434                        2.3233298 2.3106993 2.2643092 2.3718330 2.5003003 2.4826682 2.2930088 2.3091925 2.3804208 2.4904531 2.6348556 2.4656500 2.5417383 2.5621422 2.4766514 2.4241398 2.5031998 2.3784494 2.4066782 2.3761139 2.3903709 2.3137575 2.4927903 2.4982663 2.5358737 2.3130979 2.5611775 2.9250212 3.0484322 3.6056318 3.8792588 3.2370518 2.9863092 3.1707878 3.3541733 2.6943064 3.1276211 3.9645278 3.0020763 2.4809533 2.3249244 2.4726393 2.5683426 0.4124518 0.3912220 0.0058907 0.0000000 0.1729171 3.0555691 2.9376907 3.1046555 
HoiH23_PlH23_008626-RA                  2.3501294 2.3642386 2.2152264 2.4844455 2.5413996 2.5113104 2.3365214 2.3634975 2.3957733 2.5677862 2.8018937 2.4730590 2.5457802 2.6645156 2.5208446 2.4682173 2.4661873 2.3838578 2.3773303 2.4027813 2.6335771 2.3043200 2.5155409 2.4888467 2.5571066 2.3044777 2.6069403 2.9173909 3.0059907 3.5804189 3.7858628 3.3414793 3.1227786 3.2258534 3.4501304 2.6766092 3.1365934 4.0952704 3.0858574 2.4566462 2.3123261 2.4244895 2.5467359 0.4061641 0.3887101 0.1680149 0.1729171 0.0000000 3.0825803 2.9677102 3.1373690 
Gracom_Gcom_scaffold1918_01             2.9310029 2.6875308 2.8465296 2.6887953 2.7689544 2.7605113 2.6248001 2.5492761 2.6454930 2.8974157 2.5596226 2.9159848 2.5952044 2.9605087 2.9943748 2.9747557 3.0679348 2.8211773 2.7255812 2.9918846 4.5360380 4.3906601 1.2810229 2.9976185 2.8128675 2.6551245 3.0757932 3.0566628 3.1750912 4.5132874 5.0168466 3.1384836 3.0200794 3.4049448 3.3282035 4.2289423 3.0552557 4.2756793 3.5401321 2.8652613 2.7423040 3.1244038 3.1307779 3.1307891 3.1962937 3.0840414 3.0555691 3.0825803 0.0000000 2.5800309 2.6900076 
Ocar_g3911                              2.9797393 2.7025509 2.3723962 2.7485527 2.9981129 2.9023276 2.6045836 2.5886901 2.3710847 2.8157827 2.7057653 2.8107540 2.7554773 2.6760959 2.5596025 2.5524255 2.6827747 2.5146075 2.6521703 2.9182492 3.1830165 3.2371256 2.5170138 3.0254005 2.8277383 2.8952501 2.9934954 3.2127840 3.3912860 4.0348117 4.3313702 3.1951958 3.4917751 4.4260231 3.7348215 2.0152054 3.1669005 3.8089356 3.5770397 2.6254746 2.2428595 2.9968066 3.0312748 2.5614226 2.7965712 2.9753588 2.9376907 2.9677102 2.5800309 0.0000000 0.0000010 
Opea_EP00118_Oscarella_pearsei_P011443  3.0857768 2.8073667 2.3723962 2.8578358 3.1732247 2.9327925 2.7165440 2.7316346 2.5129371 2.9436389 2.8444589 2.9554799 2.9087244 2.6760959 2.6380431 2.6298264 2.6827747 2.6866517 2.7780415 3.0112949 3.1830165 3.2371256 2.5908138 3.1726427 2.9497772 2.9650008 3.1774012 3.2961876 3.3912860 4.0348117 4.3313702 3.3399784 3.6854282 4.4260231 3.9109598 2.0152054 3.3134752 3.9263840 3.7003263 2.7940688 2.2428595 3.2414881 3.1404000 2.7351047 2.9436598 3.1425023 3.1046555 3.1373690 2.6900076 0.0000010 0.0000000 
