50
Hsap_ENST00000382936                               0.0000000 1.2506219 1.1144219 1.0783161 1.1571623 1.1148743 1.0935136 1.0814014 1.2196756 1.1677736 1.0181000 1.2984371 1.3028144 1.6770579 1.2183085 1.3622429 1.1684706 1.1369057 1.1110727 1.1475500 1.2163394 1.5112038 1.5057564 1.8303767 1.3656404 1.8378686 1.9220878 1.9019207 1.6659052 1.7541316 1.7197153 1.8867699 1.4393021 1.6455197 1.6170295 1.6764980 1.5235121 1.8075241 1.6697332 1.0805203 1.7902703 1.7251789 1.7747813 1.8336796 1.8276952 2.1343024 1.7266194 2.1464440 1.6286362 1.7539873 
Bralan_BLAG06000624_1                              1.2506219 0.0000000 0.9585655 0.8008029 0.8577083 0.8514699 0.8711105 0.8546980 0.9303065 1.0993156 0.7080907 1.2433391 1.2648977 1.5975019 0.9918079 1.2405351 1.0409022 1.3060727 1.0666746 1.0555368 1.2495745 1.3236676 1.4161304 1.8266049 1.3991256 1.8278513 1.9170482 1.8278688 1.4992296 1.9693714 1.9199064 1.8753552 1.5864924 1.5040418 1.5261643 1.5830617 1.5034095 1.8581401 1.7044103 1.2326656 2.1414457 1.9169134 1.9930871 2.0403512 1.9925616 2.2686194 1.7731837 2.2634060 1.6318822 2.0122886 
Exapal_XM_021058232.2                              1.1144219 0.9585655 0.0000000 0.4656538 0.4701725 0.4255204 0.4457244 0.4125648 0.4953503 0.5093378 0.6615976 0.8565315 0.8879665 1.3376763 0.7707661 0.7701330 0.9997895 1.0925120 1.0607366 1.1143981 1.1376314 1.1766697 1.1990490 1.5588281 1.2203970 1.6518123 1.8988927 1.6589282 1.1034065 1.6451246 1.6505037 1.5756690 1.3710944 1.3360450 1.3357913 1.4422506 1.3605309 1.5079116 1.4348173 1.2228442 1.7954413 1.6043592 1.6225998 1.7194121 1.7271785 1.8028997 1.5796455 2.1493727 1.6020775 1.7363894 
Amil_Amillepora01066-RA                            1.0783161 0.8008029 0.4656538 0.0000000 0.1820276 0.1889808 0.2045989 0.2429273 0.2766351 0.5717918 0.4690318 0.7914712 0.7867109 1.3447153 0.6606949 0.7104427 0.9421837 0.9868290 0.9300032 0.9949364 1.3759514 0.9962084 1.0627090 1.6349171 1.1729400 1.5709266 1.6248912 1.6852971 1.1239396 1.5772490 1.5777014 1.7030052 1.2950410 1.2111880 1.2168423 1.2713704 1.2440998 1.4384366 1.3458023 1.0775126 1.8280015 1.6223448 1.6518070 1.7656517 1.6561515 1.7663217 1.6316406 1.9402464 1.5277941 1.6964214 
Gfas_gfas1.m1.16151.m1                             1.1571623 0.8577083 0.4701725 0.1820276 0.0000000 0.1788443 0.1776331 0.2139539 0.2301775 0.5765987 0.6017793 0.7940939 0.8185736 1.2690987 0.7208935 0.7400199 1.0067046 1.0956898 1.0056186 1.0869213 1.3022650 1.0406584 1.0975378 1.7897114 1.4081151 1.8026657 1.7977282 1.6960325 1.2061539 1.6221658 1.6092548 1.6620468 1.4306519 1.2601549 1.2556869 1.3593946 1.3073297 1.4498853 1.3532638 1.2041852 1.8082100 1.6637112 1.5562981 1.6756542 1.7189590 1.7366815 1.5804645 1.9658352 1.5822581 1.7336474 
Fspp_ffun1.m4.8301.m1                              1.1148743 0.8514699 0.4255204 0.1889808 0.1788443 0.0000000 0.0856306 0.1423979 0.1666074 0.5371372 0.5794871 0.8216875 0.8405039 1.3148417 0.6979291 0.7068887 0.9986752 1.0460112 0.9675497 1.0302734 1.2181383 0.9897328 1.1315574 1.6587610 1.2736076 1.6351863 1.7589044 1.6900036 1.2172866 1.5777362 1.5515960 1.7826062 1.4251594 1.2000885 1.2004186 1.3258789 1.2605406 1.4549135 1.3516206 1.2133596 1.7010788 1.6060934 1.6488126 1.6826706 1.7600808 1.8926299 1.6535845 1.9553934 1.6239530 1.7069438 
Gasp_gasp1.m3.13551.m1                             1.0935136 0.8711105 0.4457244 0.2045989 0.1776331 0.0856306 0.0000000 0.1442942 0.1855474 0.5470811 0.6197469 0.8032613 0.8133160 1.3036956 0.6984158 0.7381307 0.9992243 1.0415109 0.9565934 1.0371420 1.1474801 0.9370628 1.1107456 1.6221810 1.3074634 1.6314986 1.7319199 1.6383143 1.2107353 1.5753318 1.5295366 1.6857011 1.3836306 1.1937768 1.1906331 1.3037685 1.2480923 1.4580180 1.3530062 1.1762916 1.6396300 1.5743833 1.5852460 1.6703821 1.6522357 1.8155345 1.5736132 1.9216687 1.5384444 1.6699797 
Spis_XP_022793618_1                                1.0814014 0.8546980 0.4125648 0.2429273 0.2139539 0.1423979 0.1442942 0.0000000 0.0983874 0.5139643 0.5759329 0.7918281 0.8006884 1.3241590 0.7338128 0.7417265 1.0149476 1.0551110 0.9963417 1.0694474 1.1189157 0.9971020 1.0665997 1.6003598 1.2845342 1.6545065 1.6944494 1.6173012 1.1776486 1.5920654 1.5505266 1.5846690 1.4923018 1.2201254 1.2203694 1.3898903 1.3195666 1.4799486 1.3752175 1.2493822 1.6756600 1.5626768 1.5447830 1.6440684 1.6679315 1.8619467 1.5658617 2.0237914 1.6124957 1.8052841 
Pocdam_XM_027190304.1                              1.2196756 0.9303065 0.4953503 0.2766351 0.2301775 0.1666074 0.1855474 0.0983874 0.0000000 0.4851692 0.6970317 0.8536559 0.8940741 1.4205564 0.7759213 0.8093674 1.1297928 1.2185623 1.1150870 1.1735940 1.1530252 1.0987903 1.1539764 1.7767429 1.4069259 1.8194027 1.7813102 1.7614106 1.3336265 1.7179762 1.6744636 1.7575389 1.5776946 1.2993327 1.3042916 1.4534014 1.3988975 1.5529664 1.4317252 1.3626268 1.9388090 1.7382887 1.6845633 1.8508415 1.8270574 1.9320084 1.7273621 1.9999216 1.6714018 1.9637768 
Nvec_v1g196963                                     1.1677736 1.0993156 0.5093378 0.5717918 0.5765987 0.5371372 0.5470811 0.5139643 0.4851692 0.0000000 0.8512540 0.8668003 0.9269336 1.5272673 0.8818225 0.9296602 1.1372109 1.1459988 1.1275616 1.1214718 1.3027567 1.1650816 1.3534736 1.7279489 1.2485813 1.6665511 1.8686094 1.6631426 1.2467681 1.7555296 1.7846163 1.6384411 1.5437169 1.4495681 1.4438714 1.6196927 1.4938784 1.6795585 1.5581823 1.3705937 1.9392545 1.8318330 1.8059058 1.8522555 1.8253370 1.9980822 1.7641016 2.2450498 1.7627288 1.8230310 
Aaur_scaffold3950.g2.t1                            1.0181000 0.7080907 0.6615976 0.4690318 0.6017793 0.5794871 0.6197469 0.5759329 0.6970317 0.8512540 0.0000000 0.2629743 0.2116313 0.4505921 0.6098908 0.7897247 0.8857217 0.8115229 0.8717278 0.8732855 2.6301824 0.9359075 0.9237480 1.2383485 1.3167654 1.2982340 1.3066335 1.2571843 1.2750438 1.2749075 1.3063939 1.4198579 0.9787879 1.2048201 1.2180085 1.2857445 1.1750366 1.2762751 1.1363158 1.0932792 1.6379120 1.3123436 1.4677294 1.4503724 1.3298474 0.0000010 1.1893982 2.1389295 1.4421259 1.2960417 
Nemnom_g15409.t1                                   1.2984371 1.2433391 0.8565315 0.7914712 0.7940939 0.8216875 0.8032613 0.7918281 0.8536559 0.8668003 0.2629743 0.0000000 0.1526931 0.9579109 0.9310783 1.0260550 1.2375410 1.2428224 1.1913234 1.2635991 1.5756094 1.0478099 1.1327497 1.7620592 1.4661749 1.7638453 1.7799514 1.7227922 1.2820557 1.6440119 1.6434760 1.7171901 1.4490117 1.4643117 1.4959372 1.5488290 1.4357730 1.6329110 1.5337192 1.2252932 1.7667157 1.6461223 1.6664460 1.6051692 1.7366197 2.0068471 1.5770937 1.9295262 1.7085829 1.6887976 
Rhoesc_Res_003312-T1                               1.3028144 1.2648977 0.8879665 0.7867109 0.8185736 0.8405039 0.8133160 0.8006884 0.8940741 0.9269336 0.2116313 0.1526931 0.0000000 0.9527173 0.9243839 1.0069876 1.2396303 1.2592344 1.2938856 1.2806529 1.5786861 1.0610064 1.1839728 1.7098597 1.4310770 1.6881761 1.6909489 1.7004661 1.2314693 1.6335307 1.6520285 1.6618169 1.4735381 1.5049999 1.5390130 1.6333103 1.5259855 1.6636154 1.6094851 1.2276844 1.8285969 1.7950803 1.7090009 1.7590136 1.7802082 2.0333315 1.6410774 2.0090503 1.6362387 1.6816148 
Sanmal_Sma_008743-T1                               1.6770579 1.5975019 1.3376763 1.3447153 1.2690987 1.3148417 1.3036956 1.3241590 1.4205564 1.5272673 0.4505921 0.9579109 0.9527173 0.0000000 1.3191556 1.5313091 1.6014248 1.5993479 1.6416135 1.6107309 2.3649500 1.4417592 1.5067937 1.9146658 1.3460736 1.7409837 2.3312055 2.0532612 1.2670424 2.0543888 2.0640340 2.0542110 1.6980733 1.8273945 1.8703089 1.9353471 1.8337090 1.9814034 1.7241337 1.3649709 2.1653610 2.0019408 1.9906094 2.2279141 1.9369781 2.4043540 1.6273831 2.9072875 2.0800166 1.8963578 
Dgig_XM_028535430.1                                1.2183085 0.9918079 0.7707661 0.6606949 0.7208935 0.6979291 0.6984158 0.7338128 0.7759213 0.8818225 0.6098908 0.9310783 0.9243839 1.3191556 0.0000000 0.3660114 1.0247198 1.1460553 0.9852604 1.1607725 1.3722290 1.0635128 1.2632190 1.5494435 1.2200361 1.5211899 1.4972484 1.4497235 1.0601837 1.5423788 1.5263407 1.4814201 1.5551622 1.3851513 1.4028673 1.5693286 1.4754140 1.4523233 1.3998441 1.1094267 1.6898836 1.6896251 1.6945671 1.6783601 1.9067535 2.1760017 1.7131662 1.9965291 1.6373415 1.5797901 
Xesp_013090-T1                                     1.3622429 1.2405351 0.7701330 0.7104427 0.7400199 0.7068887 0.7381307 0.7417265 0.8093674 0.9296602 0.7897247 1.0260550 1.0069876 1.5313091 0.3660114 0.0000000 1.1096390 1.2688466 1.0674263 1.2591532 1.4058866 1.1809395 1.3147559 1.6393490 1.2571630 1.6154492 1.6736226 1.5895461 1.1438840 1.6361528 1.6259898 1.6667907 1.6619705 1.4995332 1.5096227 1.5960914 1.5017489 1.5305356 1.4960580 1.2667388 1.7429388 1.8258096 1.8045305 1.7889520 1.9362925 2.3042805 1.7783333 1.8335700 1.5892472 1.5154998 
Spur_XM_011664101.2                                1.1684706 1.0409022 0.9997895 0.9421837 1.0067046 0.9986752 0.9992243 1.0149476 1.1297928 1.1372109 0.8857217 1.2375410 1.2396303 1.6014248 1.0247198 1.1096390 0.0000000 1.1557293 0.9430489 1.0116619 0.9605840 1.3710365 1.5073900 1.6898911 1.3995592 1.6799685 1.6053572 1.6559492 1.3734033 1.5074802 1.5277958 1.6397500 1.4129005 1.3387512 1.3566098 1.3671814 1.2781565 1.5899537 1.5682061 1.2634426 1.7475100 1.6239959 1.7726917 1.7725909 1.8804085 1.9397890 1.8333098 2.2098140 1.8074123 1.7163202 
Ctel_gnl_WGS_AMQN_CAPTEDRAFT_mRNA153682            1.1369057 1.3060727 1.0925120 0.9868290 1.0956898 1.0460112 1.0415109 1.0551110 1.2185623 1.1459988 0.8115229 1.2428224 1.2592344 1.5993479 1.1460553 1.2688466 1.1557293 0.0000000 0.9540223 1.1502375 1.2207225 1.4269984 1.8047879 1.5599419 1.1687685 1.6139443 1.7684566 1.6057393 1.2919918 1.6418121 1.6330195 1.7465124 1.3532558 1.4752344 1.4643668 1.5400155 1.4778454 1.7960542 1.6592563 1.2491291 1.6594780 1.6876349 1.6600935 1.6499255 1.9934165 2.2923954 1.8143068 2.1131700 1.6514585 1.7330197 
Cgig_XM_011433987.3                                1.1110727 1.0666746 1.0607366 0.9300032 1.0056186 0.9675497 0.9565934 0.9963417 1.1150870 1.1275616 0.8717278 1.1913234 1.2938856 1.6416135 0.9852604 1.0674263 0.9430489 0.9540223 0.0000000 0.7535998 0.9833487 1.1927827 1.2532519 1.7044376 1.1661892 1.6246159 1.9135270 1.7463078 1.3886875 1.5891028 1.5639656 1.9714967 1.4192300 1.4501817 1.4635036 1.5314659 1.4468257 1.5482590 1.5380870 1.1847022 1.6093408 1.6544108 1.5590277 1.6682911 1.8906645 2.1241827 1.7457136 2.3436279 1.5414829 1.7563867 
Acagra_model.g2735.t1                              1.1475500 1.0555368 1.1143981 0.9949364 1.0869213 1.0302734 1.0371420 1.0694474 1.1735940 1.1214718 0.8732855 1.2635991 1.2806529 1.6107309 1.1607725 1.2591532 1.0116619 1.1502375 0.7535998 0.0000000 1.0184588 1.3588761 1.4342451 1.8251046 1.2742180 1.6303360 1.8602323 1.7088981 1.3550931 1.4734279 1.4773029 1.8863677 1.3113658 1.4729681 1.4714255 1.6634298 1.4863255 1.7789841 1.7641522 1.2919309 1.8619279 1.7130744 1.7337255 1.7969737 1.9467877 2.0629018 1.5992421 2.4327554 1.5821982 1.7051352 
Skow_XM_002733708.1                                1.2163394 1.2495745 1.1376314 1.3759514 1.3022650 1.2181383 1.1474801 1.1189157 1.1530252 1.3027567 2.6301824 1.5756094 1.5786861 2.3649500 1.3722290 1.4058866 0.9605840 1.2207225 0.9833487 1.0184588 0.0000000 1.6643079 1.6204095 2.1904530 1.3278622 2.4548030 2.4612592 2.2874574 4.6589610 2.3901163 2.2979328 2.4994935 2.1116219 1.6528530 1.7193309 1.8032622 1.7782190 2.5625385 2.0590788 2.2383845 1.9370567 1.8568405 1.7256959 2.0966590 2.1588821 1.9795954 2.0805284 2.1409450 2.3106359 2.2501173 
Hvul_g27264_1                                      1.5112038 1.3236676 1.1766697 0.9962084 1.0406584 0.9897328 0.9370628 0.9971020 1.0987903 1.1650816 0.9359075 1.0478099 1.0610064 1.4417592 1.0635128 1.1809395 1.3710365 1.4269984 1.1927827 1.3588761 1.6643079 0.0000000 0.8283750 1.7884305 1.7347008 2.0150706 2.0931283 1.9654365 1.5096879 1.9564525 1.9694559 2.1859479 1.7587201 1.5420831 1.5232497 1.6299725 1.6198854 1.7874740 1.6425142 1.4812993 1.8210691 1.8650535 1.8646196 1.9130678 1.7806886 2.0676977 1.5884260 2.5956148 1.9363470 1.8642432 
Chem_TCONS_00053838                                1.5057564 1.4161304 1.1990490 1.0627090 1.0975378 1.1315574 1.1107456 1.0665997 1.1539764 1.3534736 0.9237480 1.1327497 1.1839728 1.5067937 1.2632190 1.3147559 1.5073900 1.8047879 1.2532519 1.4342451 1.6204095 0.8283750 0.0000000 1.9706598 1.5665223 1.9352843 2.1278229 2.0127803 1.5625221 2.0089258 1.9510449 2.0139766 1.9344847 1.7620342 1.7494275 1.9165336 1.8411651 1.7860752 1.7314599 1.3203395 2.0490555 1.9537280 1.7640922 1.9280108 1.8208431 1.7393106 1.5528180 2.1041042 2.0384999 2.1076634 
Mlei_ML0471.g1.i1                                  1.8303767 1.8266049 1.5588281 1.6349171 1.7897114 1.6587610 1.6221810 1.6003598 1.7767429 1.7279489 1.2383485 1.7620592 1.7098597 1.9146658 1.5494435 1.6393490 1.6898911 1.5599419 1.7044376 1.8251046 2.1904530 1.7884305 1.9706598 0.0000000 0.3914373 0.4719858 0.9017122 0.7620809 0.6111272 0.8072959 0.8468355 0.7520921 2.0594365 2.0004417 2.0095523 2.1613080 2.0233072 2.1609585 2.0712284 1.3286762 1.9584182 1.9226047 2.0155679 2.1202063 2.3032295 2.5678342 2.1815990 2.7138943 2.1447713 2.0937931 
Drygla_Dgla_sb291623                               1.3656404 1.3991256 1.2203970 1.1729400 1.4081151 1.2736076 1.3074634 1.2845342 1.4069259 1.2485813 1.3167654 1.4661749 1.4310770 1.3460736 1.2200361 1.2571630 1.3995592 1.1687685 1.1661892 1.2742180 1.3278622 1.7347008 1.5665223 0.3914373 0.0000000 0.3929219 0.6432062 0.5932654 0.7056437 0.5596697 0.5502339 0.6128444 1.6576681 1.8214523 1.8194435 1.7898610 1.7439228 1.6009408 1.4963309 1.4468123 1.6818775 1.3594246 1.5916847 1.5290575 1.6147844 1.4230722 1.5604090 1.9414339 1.8646291 1.5921167 
Beraby_Baby_sb337366                               1.8378686 1.8278513 1.6518123 1.5709266 1.8026657 1.6351863 1.6314986 1.6545065 1.8194027 1.6665511 1.2982340 1.7638453 1.6881761 1.7409837 1.5211899 1.6154492 1.6799685 1.6139443 1.6246159 1.6303360 2.4548030 2.0150706 1.9352843 0.4719858 0.3929219 0.0000000 0.9229360 0.7601017 0.6623710 0.6921862 0.7134738 0.7772922 2.0959251 2.0530350 2.0379794 2.1468321 1.9411672 2.1634728 2.0394590 1.3835392 1.8019425 1.8272192 1.9551922 1.9988474 2.1891674 2.3894133 2.1109777 2.8818365 2.2516017 2.3034046 
Vmul_sbMO444649                                    1.9220878 1.9170482 1.8988927 1.6248912 1.7977282 1.7589044 1.7319199 1.6944494 1.7813102 1.8686094 1.3066335 1.7799514 1.6909489 2.3312055 1.4972484 1.6736226 1.6053572 1.7684566 1.9135270 1.8602323 2.4612592 2.0931283 2.1278229 0.9017122 0.6432062 0.9229360 0.0000000 0.5891996 0.5309558 0.9232424 0.9367315 0.9516037 2.0190874 1.8656680 1.8708535 1.9402682 1.8947466 2.3481835 2.2511438 1.3323609 2.1083042 1.8417184 2.0055080 2.1085536 2.2065216 2.6479239 2.2434009 3.7215686 2.1569245 2.3914144 
Coeast_Cast_sb760821                               1.9019207 1.8278688 1.6589282 1.6852971 1.6960325 1.6900036 1.6383143 1.6173012 1.7614106 1.6631426 1.2571843 1.7227922 1.7004661 2.0532612 1.4497235 1.5895461 1.6559492 1.6057393 1.7463078 1.7088981 2.2874574 1.9654365 2.0127803 0.7620809 0.5932654 0.7601017 0.5891996 0.0000000 0.0430636 0.8364956 0.8469659 0.8272396 2.0970447 1.8398055 1.8400289 2.0475221 1.8822702 2.2608357 2.0404068 1.3900281 1.8207753 2.0052476 1.9630624 1.9619094 2.2552376 2.4434745 2.1484371 3.0748936 2.1815512 2.1885373 
Coemet_Cmet_scaffold19720_01                       1.6659052 1.4992296 1.1034065 1.1239396 1.2061539 1.2172866 1.2107353 1.1776486 1.3336265 1.2467681 1.2750438 1.2820557 1.2314693 1.2670424 1.0601837 1.1438840 1.3734033 1.2919918 1.3886875 1.3550931 4.6589610 1.5096879 1.5625221 0.6111272 0.7056437 0.6623710 0.5309558 0.0430636 0.0000000 0.6570820 0.6782727 0.5958602 1.6101619 1.3648552 1.3546423 1.5033168 1.4192764 1.7831464 1.3798880 1.2980627 1.5316423 1.6495632 1.7803716 1.6297519 2.0475992 2.9234045 1.8054900 3.9328048 1.7139554 1.7035588 
Pbac_sb2666183                                     1.7541316 1.9693714 1.6451246 1.5772490 1.6221658 1.5777362 1.5753318 1.5920654 1.7179762 1.7555296 1.2749075 1.6440119 1.6335307 2.0543888 1.5423788 1.6361528 1.5074802 1.6418121 1.5891028 1.4734279 2.3901163 1.9564525 2.0089258 0.8072959 0.5596697 0.6921862 0.9232424 0.8364956 0.6570820 0.0000000 0.0494538 0.8880373 1.8278390 1.9747569 1.9734316 2.0826491 1.9780835 2.0172516 2.1854117 1.2479527 1.8889552 1.7520067 1.8396227 1.8484775 2.0571337 2.0237692 2.1035127 2.5511086 2.0106630 2.2538751 
Horcal_Hcv1.av93.c9.g561.i1                        1.7197153 1.9199064 1.6505037 1.5777014 1.6092548 1.5515960 1.5295366 1.5505266 1.6744636 1.7846163 1.3063939 1.6434760 1.6520285 2.0640340 1.5263407 1.6259898 1.5277958 1.6330195 1.5639656 1.4773029 2.2979328 1.9694559 1.9510449 0.8468355 0.5502339 0.7134738 0.9367315 0.8469659 0.6782727 0.0494538 0.0000000 0.8863902 1.8171314 1.9304677 1.9292078 2.0620123 1.9680646 2.0351117 2.1554438 1.2861015 1.8836827 1.7446905 1.8307535 1.8639007 2.0744016 1.9848347 2.0621794 2.6195375 1.9967634 2.2677004 
Lampan_Lpan_C408597_01                             1.8867699 1.8753552 1.5756690 1.7030052 1.6620468 1.7826062 1.6857011 1.5846690 1.7575389 1.6384411 1.4198579 1.7171901 1.6618169 2.0542110 1.4814201 1.6667907 1.6397500 1.7465124 1.9714967 1.8863677 2.4994935 2.1859479 2.0139766 0.7520921 0.6128444 0.7772922 0.9516037 0.8272396 0.5958602 0.8880373 0.8863902 0.0000000 2.0768969 2.0317307 2.0348325 2.1046103 1.9219589 2.2222397 2.1951375 1.5958395 2.2220579 2.1280560 2.0718893 2.2025580 2.1227657 2.3118869 2.1097683 2.8403256 2.2012254 2.1862526 
Cscu_XM_023361200.1                                1.4393021 1.5864924 1.3710944 1.2950410 1.4306519 1.4251594 1.3836306 1.4923018 1.5776946 1.5437169 0.9787879 1.4490117 1.4735381 1.6980733 1.5551622 1.6619705 1.4129005 1.3532558 1.4192300 1.3113658 2.1116219 1.7587201 1.9344847 2.0594365 1.6576681 2.0959251 2.0190874 2.0970447 1.6101619 1.8278390 1.8171314 2.0768969 0.0000000 1.7228738 1.7021601 1.7165302 1.6081463 1.9962679 1.8685905 1.6163764 1.9857347 1.8901299 2.1276215 1.9550760 2.0861133 2.3474690 1.8910635 2.4924762 1.4782851 1.6814732 
Tadh_TriadT31347                                   1.6455197 1.5040418 1.3360450 1.2111880 1.2601549 1.2000885 1.1937768 1.2201254 1.2993327 1.4495681 1.2048201 1.4643117 1.5049999 1.8273945 1.3851513 1.4995332 1.3387512 1.4752344 1.4501817 1.4729681 1.6528530 1.5420831 1.7620342 2.0004417 1.8214523 2.0530350 1.8656680 1.8398055 1.3648552 1.9747569 1.9304677 2.0317307 1.7228738 0.0000000 0.0148181 0.2820809 0.2659453 1.9172834 1.7340149 1.5746000 1.8433122 1.7495325 1.8019126 1.9601345 2.1696865 2.5140169 2.2498591 2.7465415 2.2133312 1.8846303 
TrH2_TrispH2_010837-RA                             1.6170295 1.5261643 1.3357913 1.2168423 1.2556869 1.2004186 1.1906331 1.2203694 1.3042916 1.4438714 1.2180085 1.4959372 1.5390130 1.8703089 1.4028673 1.5096227 1.3566098 1.4643668 1.4635036 1.4714255 1.7193309 1.5232497 1.7494275 2.0095523 1.8194435 2.0379794 1.8708535 1.8400289 1.3546423 1.9734316 1.9292078 2.0348325 1.7021601 0.0148181 0.0000000 0.2777708 0.2594543 1.9446259 1.7670614 1.6183979 1.8168566 1.7570843 1.8423320 1.9539575 2.1519268 2.5380469 2.2272126 2.8154869 2.2050030 1.8933276 
HoiH11_mRNA8928                                    1.6764980 1.5830617 1.4422506 1.2713704 1.3593946 1.3258789 1.3037685 1.3898903 1.4534014 1.6196927 1.2857445 1.5488290 1.6333103 1.9353471 1.5693286 1.5960914 1.3671814 1.5400155 1.5314659 1.6634298 1.8032622 1.6299725 1.9165336 2.1613080 1.7898610 2.1468321 1.9402682 2.0475221 1.5033168 2.0826491 2.0620123 2.1046103 1.7165302 0.2820809 0.2777708 0.0000000 0.1761888 2.0597197 1.8104192 1.5778090 1.8303269 1.8090413 1.8208674 1.8479867 2.2287373 2.7987779 2.1785006 3.0088540 2.3076620 1.8409221 
HoiH23_PlH23_010524-RA                             1.5235121 1.5034095 1.3605309 1.2440998 1.3073297 1.2605406 1.2480923 1.3195666 1.3988975 1.4938784 1.1750366 1.4357730 1.5259855 1.8337090 1.4754140 1.5017489 1.2781565 1.4778454 1.4468257 1.4863255 1.7782190 1.6198854 1.8411651 2.0233072 1.7439228 1.9411672 1.8947466 1.8822702 1.4192764 1.9780835 1.9680646 1.9219589 1.6081463 0.2659453 0.2594543 0.1761888 0.0000000 1.9546641 1.6837202 1.5414315 1.7597991 1.7707123 1.7781425 1.8875405 2.0868991 2.5573442 1.9854416 2.8023574 2.2330177 1.7669935 
Emue_Em0023g226a.t1                                1.8075241 1.8581401 1.5079116 1.4384366 1.4498853 1.4549135 1.4580180 1.4799486 1.5529664 1.6795585 1.2762751 1.6329110 1.6636154 1.9814034 1.4523233 1.5305356 1.5899537 1.7960542 1.5482590 1.7789841 2.5625385 1.7874740 1.7860752 2.1609585 1.6009408 2.1634728 2.3481835 2.2608357 1.7831464 2.0172516 2.0351117 2.2222397 1.9962679 1.9172834 1.9446259 2.0597197 1.9546641 0.0000000 0.9266914 1.0814716 2.2372640 2.2529357 1.9783298 2.1079181 1.4546200 1.3410558 1.5221533 1.5387164 2.1206102 2.0065668 
Tetwil_g9620.t1                                    1.6697332 1.7044103 1.4348173 1.3458023 1.3532638 1.3516206 1.3530062 1.3752175 1.4317252 1.5581823 1.1363158 1.5337192 1.6094851 1.7241337 1.3998441 1.4960580 1.5682061 1.6592563 1.5380870 1.7641522 2.0590788 1.6425142 1.7314599 2.0712284 1.4963309 2.0394590 2.2511438 2.0404068 1.3798880 2.1854117 2.1554438 2.1951375 1.8685905 1.7340149 1.7670614 1.8104192 1.6837202 0.9266914 0.0000000 0.9043003 1.7505720 1.8819447 1.7637393 1.7326550 1.2199308 1.6304769 1.3533211 0.9820615 2.1828839 1.9999317 
Plespi_Pspi_scaffold9152_01                        1.0805203 1.2326656 1.2228442 1.0775126 1.2041852 1.2133596 1.1762916 1.2493822 1.3626268 1.3705937 1.0932792 1.2252932 1.2276844 1.3649709 1.1094267 1.2667388 1.2634426 1.2491291 1.1847022 1.2919309 2.2383845 1.4812993 1.3203395 1.3286762 1.4468123 1.3835392 1.3323609 1.3900281 1.2980627 1.2479527 1.2861015 1.5958395 1.6163764 1.5746000 1.6183979 1.5778090 1.5414315 1.0814716 0.9043003 0.0000000 1.5708442 1.4879530 1.5036743 1.5362626 1.4062536 1.4987152 1.4553385 1.9395729 1.6014298 1.6639775 
Scil_scict000009.2                                 1.7902703 2.1414457 1.7954413 1.8280015 1.8082100 1.7010788 1.6396300 1.6756600 1.9388090 1.9392545 1.6379120 1.7667157 1.8285969 2.1653610 1.6898836 1.7429388 1.7475100 1.6594780 1.6093408 1.8619279 1.9370567 1.8210691 2.0490555 1.9584182 1.6818775 1.8019425 2.1083042 1.8207753 1.5316423 1.8889552 1.8836827 2.2220579 1.9857347 1.8433122 1.8168566 1.8303269 1.7597991 2.2372640 1.7505720 1.5708442 0.0000000 0.5071706 0.5262801 0.5262773 2.0040719 2.1946539 1.9300890 2.6534305 2.1062534 2.0690063 
Lcom_lcpid34004                                    1.7251789 1.9169134 1.6043592 1.6223448 1.6637112 1.6060934 1.5743833 1.5626768 1.7382887 1.8318330 1.3123436 1.6461223 1.7950803 2.0019408 1.6896251 1.8258096 1.6239959 1.6876349 1.6544108 1.7130744 1.8568405 1.8650535 1.9537280 1.9226047 1.3594246 1.8272192 1.8417184 2.0052476 1.6495632 1.7520067 1.7446905 2.1280560 1.8901299 1.7495325 1.7570843 1.8090413 1.7707123 2.2529357 1.8819447 1.4879530 0.5071706 0.0000000 0.6231409 0.6139124 1.9555390 2.3352318 2.0124375 3.1432792 2.1515088 2.3155891 
Gracom_Gcom_C555850_01                             1.7747813 1.9930871 1.6225998 1.6518070 1.5562981 1.6488126 1.5852460 1.5447830 1.6845633 1.8059058 1.4677294 1.6664460 1.7090009 1.9906094 1.6945671 1.8045305 1.7726917 1.6600935 1.5590277 1.7337255 1.7256959 1.8646196 1.7640922 2.0155679 1.5916847 1.9551922 2.0055080 1.9630624 1.7803716 1.8396227 1.8307535 2.0718893 2.1276215 1.8019126 1.8423320 1.8208674 1.7781425 1.9783298 1.7637393 1.5036743 0.5262801 0.6231409 0.0000000 0.5843203 1.9836031 1.9483251 2.1472996 2.4416717 2.1240110 2.4386615 
Leuniv_Lniv_scaffold20309_01                       1.8336796 2.0403512 1.7194121 1.7656517 1.6756542 1.6826706 1.6703821 1.6440684 1.8508415 1.8522555 1.4503724 1.6051692 1.7590136 2.2279141 1.6783601 1.7889520 1.7725909 1.6499255 1.6682911 1.7969737 2.0966590 1.9130678 1.9280108 2.1202063 1.5290575 1.9988474 2.1085536 1.9619094 1.6297519 1.8484775 1.8639007 2.2025580 1.9550760 1.9601345 1.9539575 1.8479867 1.8875405 2.1079181 1.7326550 1.5362626 0.5262773 0.6139124 0.5843203 0.0000000 1.9439754 1.9029858 1.7307861 2.4467748 2.1963071 2.3417821 
Aque_Aqu2.1.39191_001                              1.8276952 1.9925616 1.7271785 1.6561515 1.7189590 1.7600808 1.6522357 1.6679315 1.8270574 1.8253370 1.3298474 1.7366197 1.7802082 1.9369781 1.9067535 1.9362925 1.8804085 1.9934165 1.8906645 1.9467877 2.1588821 1.7806886 1.8208431 2.3032295 1.6147844 2.1891674 2.2065216 2.2552376 2.0475992 2.0571337 2.0744016 2.1227657 2.0861133 2.1696865 2.1519268 2.2287373 2.0868991 1.4546200 1.2199308 1.4062536 2.0040719 1.9555390 1.9836031 1.9439754 0.0000000 0.4815009 0.4917154 1.4274400 2.3843022 2.3158713 
Xestes_maker-XT_scaffold2847-snap-gene-0.3-mRNA-1  2.1343024 2.2686194 1.8028997 1.7663217 1.7366815 1.8926299 1.8155345 1.8619467 1.9320084 1.9980822 0.0000010 2.0068471 2.0333315 2.4043540 2.1760017 2.3042805 1.9397890 2.2923954 2.1241827 2.0629018 1.9795954 2.0676977 1.7393106 2.5678342 1.4230722 2.3894133 2.6479239 2.4434745 2.9234045 2.0237692 1.9848347 2.3118869 2.3474690 2.5140169 2.5380469 2.7987779 2.5573442 1.3410558 1.6304769 1.4987152 2.1946539 2.3352318 1.9483251 1.9029858 0.4815009 0.0000000 0.6392341 1.3318884 2.3266012 2.7086784 
Halamb_c46145_g1_i4mm.1861                         1.7266194 1.7731837 1.5796455 1.6316406 1.5804645 1.6535845 1.5736132 1.5658617 1.7273621 1.7641016 1.1893982 1.5770937 1.6410774 1.6273831 1.7131662 1.7783333 1.8333098 1.8143068 1.7457136 1.5992421 2.0805284 1.5884260 1.5528180 2.1815990 1.5604090 2.1109777 2.2434009 2.1484371 1.8054900 2.1035127 2.0621794 2.1097683 1.8910635 2.2498591 2.2272126 2.1785006 1.9854416 1.5221533 1.3533211 1.4553385 1.9300890 2.0124375 2.1472996 1.7307861 0.4917154 0.6392341 0.0000000 1.8368641 2.1758262 2.1205806 
Stycar_maker-SC_scaffold1479-snap-gene-0.12-mRNA-1 2.1464440 2.2634060 2.1493727 1.9402464 1.9658352 1.9553934 1.9216687 2.0237914 1.9999216 2.2450498 2.1389295 1.9295262 2.0090503 2.9072875 1.9965291 1.8335700 2.2098140 2.1131700 2.3436279 2.4327554 2.1409450 2.5956148 2.1041042 2.7138943 1.9414339 2.8818365 3.7215686 3.0748936 3.9328048 2.5511086 2.6195375 2.8403256 2.4924762 2.7465415 2.8154869 3.0088540 2.8023574 1.5387164 0.9820615 1.9395729 2.6534305 3.1432792 2.4416717 2.4467748 1.4274400 1.3318884 1.8368641 0.0000000 3.0402293 2.6382466 
Dpul_mRNA28647                                     1.6286362 1.6318822 1.6020775 1.5277941 1.5822581 1.6239530 1.5384444 1.6124957 1.6714018 1.7627288 1.4421259 1.7085829 1.6362387 2.0800166 1.6373415 1.5892472 1.8074123 1.6514585 1.5414829 1.5821982 2.3106359 1.9363470 2.0384999 2.1447713 1.8646291 2.2516017 2.1569245 2.1815512 1.7139554 2.0106630 1.9967634 2.2012254 1.4782851 2.2133312 2.2050030 2.3076620 2.2330177 2.1206102 2.1828839 1.6014298 2.1062534 2.1515088 2.1240110 2.1963071 2.3843022 2.3266012 2.1758262 3.0402293 0.0000000 1.5926735 
Tcas_TC031235_001                                  1.7539873 2.0122886 1.7363894 1.6964214 1.7336474 1.7069438 1.6699797 1.8052841 1.9637768 1.8230310 1.2960417 1.6887976 1.6816148 1.8963578 1.5797901 1.5154998 1.7163202 1.7330197 1.7563867 1.7051352 2.2501173 1.8642432 2.1076634 2.0937931 1.5921167 2.3034046 2.3914144 2.1885373 1.7035588 2.2538751 2.2677004 2.1862526 1.6814732 1.8846303 1.8933276 1.8409221 1.7669935 2.0065668 1.9999317 1.6639775 2.0690063 2.3155891 2.4386615 2.3417821 2.3158713 2.7086784 2.1205806 2.6382466 1.5926735 0.0000000 
