54
Hsap_ENST00000234454                                             0.0000000 1.3955272 1.6779866 1.6255811 1.6163154 1.7358357 1.7947273 1.6201460 1.6614595 1.8117365 1.7655607 1.7890156 1.8997641 1.9721944 1.8611341 1.7605206 1.7504309 1.5906604 1.9200127 2.1334342 1.7606714 1.7259817 2.1739276 2.0605743 1.8530185 2.1551887 1.8139718 2.0838103 2.5675908 2.4164873 2.2212636 2.0826204 1.6207436 1.9866077 2.1728368 2.4484940 2.3222631 1.9314490 2.4939340 1.9896077 2.4342557 1.9800263 2.0193850 1.9564128 2.0027953 2.1601757 2.0373788 2.1177194 2.1470272 2.1327381 2.8701149 2.5827623 2.9081528 2.4029246 
Ctel_gnl_WGS_AMQN_CAPTEDRAFT_mRNA18220                           1.3955272 0.0000000 1.4398390 1.4717323 1.7168278 1.9592689 1.7704033 1.5022847 1.5939133 1.6874700 1.6751036 1.6828367 1.6220166 1.8428622 1.6318572 1.6681499 1.6295444 1.4806878 2.1347831 2.4720758 2.0543812 2.1536544 2.4310575 2.3093158 2.0889930 2.5401196 2.4316611 2.4400876 2.6932414 2.4966357 2.0667438 1.8575396 1.5428860 1.8025184 2.2586144 1.9361343 2.1525934 1.9958384 1.8754447 1.9790143 2.3544703 1.9885953 2.0479887 1.9867359 1.8184520 2.0359677 2.0731557 1.8875686 1.9176686 2.0380281 2.4292429 2.9174460 3.2247659 2.7524181 
Cgig_XM_034474132.1                                              1.6779866 1.4398390 0.0000000 2.0403662 1.8209209 2.0795228 2.0387564 1.8223389 1.7640038 1.9544669 1.8812707 1.8472729 2.0203016 2.0924648 1.8901122 2.0803629 2.0780027 1.7896653 2.1668475 2.8839772 2.4326749 2.1621939 2.7344253 2.3836100 2.4341767 2.7388242 2.5746006 2.6810108 2.8282416 2.7762420 2.4158064 1.9245465 1.7030730 1.8960044 2.3435907 2.4015907 2.6259451 2.4010956 2.2318013 2.1719009 2.7164794 2.0561489 1.8811258 2.1284441 2.2750234 2.4324781 2.3027827 2.2593934 2.2205763 2.2775774 3.0977983 2.9061588 3.5433451 3.5617861 
Bralan_BLAG03001693_1                                            1.6255811 1.4717323 2.0403662 0.0000000 1.6611054 1.8749570 1.5171912 1.4394501 1.4575216 1.6159012 1.7888594 1.6959229 1.8298745 1.6478023 1.5929597 1.9298905 1.7762612 1.6072821 1.8154337 2.4254228 2.2553344 2.1671373 2.3454953 2.3562563 2.1199645 2.6586557 2.5336943 2.4362227 2.7259141 2.6197370 2.0052213 2.0596565 1.7696745 2.0170855 1.8523870 1.9658953 1.7725101 2.1080953 1.8044625 1.7771565 2.3363994 2.0933998 2.2545900 2.1243427 2.0676242 2.1997387 2.0512721 1.9608981 1.9879479 2.2403399 2.2203174 3.1270261 2.7443420 2.5924436 
Adig_XM_015924126.1                                              1.6163154 1.7168278 1.8209209 1.6611054 0.0000000 0.1305631 0.5585056 0.5799936 0.6010334 0.6827404 0.6439186 1.4083424 1.2676160 1.4437338 1.4384951 1.7354695 1.4708519 1.7274055 1.7668828 1.9710565 1.8521433 1.8201656 1.8903304 2.2973099 1.9440002 1.9538670 2.0347883 1.9962395 2.5012734 2.3763155 2.2274038 1.7092915 1.4170700 1.9652068 1.9412202 1.8283694 1.9817145 2.0404612 1.8163290 1.9008149 2.1396941 1.7438039 1.8546374 1.8044844 1.7001577 1.9697202 1.8708458 1.7145976 1.8152483 1.8368208 2.6405763 2.8402885 2.7670653 2.3627595 
Amil_Amillepora21107-RA                                          1.7358357 1.9592689 2.0795228 1.8749570 0.1305631 0.0000000 0.6941216 0.6895276 0.7393730 0.7301256 0.7294842 1.8459304 1.5279722 1.4827335 1.8053598 2.0483286 1.5010540 2.0133944 1.7271448 2.3085403 1.7788280 1.8129972 2.2669768 2.2318076 2.1839864 2.2291186 2.1799198 2.4179608 2.6506954 2.5813116 2.4138170 2.2826229 1.4486469 2.3148474 2.5184405 2.3917899 2.7245015 2.5300465 2.1326532 2.0053710 2.4465824 2.0931992 2.1383983 1.9673959 1.9592074 2.4139634 2.2931081 2.1688758 2.2983549 2.1936968 3.1266048 3.1311179 2.9806013 2.6341168 
Gfas_gfas1.m1.15035.m1                                           1.7947273 1.7704033 2.0387564 1.5171912 0.5585056 0.6941216 0.0000000 0.5079658 0.5494005 0.5217953 0.5729922 1.5785171 1.5577711 1.5125713 1.4982002 1.7693486 1.4814460 1.9705087 1.6569923 2.2571538 2.1127535 1.9155925 2.2488651 2.5079079 2.0976775 2.4941671 2.6061630 2.5086394 2.7277244 2.5373649 2.3627844 1.6901696 1.5155422 1.8712605 2.4552317 2.5084117 2.4639377 2.2255937 1.9377096 2.0539417 2.5495381 1.9983881 2.0241966 2.0527777 2.0128200 1.8640608 1.8477265 2.1089307 2.0300770 2.1453206 2.1796016 2.9524135 3.0456694 2.5478032 
Fspp_ffun1.m4.13907.m1                                           1.6201460 1.5022847 1.8223389 1.4394501 0.5799936 0.6895276 0.5079658 0.0000000 0.1776823 0.3801971 0.3656594 1.2665051 1.1910133 1.2698549 1.3640081 1.6805144 1.2708250 1.5491106 1.7782712 1.8044644 1.5378724 1.7320473 1.9402361 2.3038998 2.0215981 2.0609133 1.9084035 1.9519610 2.3938306 2.2869855 2.1964097 1.8288261 1.5545041 1.8294660 1.9626500 2.1397102 2.0541131 2.1554569 1.5967812 1.9031291 2.1113050 1.7430999 1.6911709 1.6589405 1.7780917 1.9781277 1.9029812 1.7402337 1.7235718 1.8215974 2.5908617 3.0553043 2.8006990 2.3746597 
Gasp_gasp1.m3.19530.m1                                           1.6614595 1.5939133 1.7640038 1.4575216 0.6010334 0.7393730 0.5494005 0.1776823 0.0000000 0.4252135 0.4076881 1.2425230 1.1759505 1.2648523 1.3125265 1.6953386 1.3356852 1.4985150 1.7382123 1.8830897 1.6591124 1.8203291 1.8875180 2.4515762 1.9170585 2.0702797 2.0572671 2.0781639 2.4419008 2.3769220 2.0887915 1.7653603 1.5619006 1.8378896 2.0109325 2.1057561 1.9598424 1.9895545 1.6026040 1.8187307 1.9858689 1.7947326 1.6795156 1.6670469 1.7632780 2.0235948 1.9184109 1.8604045 1.8449194 1.9207001 2.5003677 2.9440969 2.8436032 2.3063993 
Spis_XP_022806566_1                                              1.8117365 1.6874700 1.9544669 1.6159012 0.6827404 0.7301256 0.5217953 0.3801971 0.4252135 0.0000000 0.1930948 1.3695051 1.3541573 1.4122611 1.4203562 1.7708542 1.4478973 1.9215477 1.7039228 2.0116102 1.8028931 1.9452457 2.0807365 2.5085083 1.9016190 2.1263405 2.1733770 2.1457673 2.5412852 2.4199281 2.2940715 1.8929584 1.3955652 1.8631867 2.1371784 2.2718769 2.2111722 2.3082607 1.5937735 1.8646999 2.2746752 1.8927013 1.9139218 1.7969937 1.8623404 1.9004195 1.8328789 1.8462517 1.9338749 1.9031748 2.7698855 3.4790742 2.8384594 2.5806684 
Pocdam_XM_027189147.1                                            1.7655607 1.6751036 1.8812707 1.7888594 0.6439186 0.7294842 0.5729922 0.3656594 0.4076881 0.1930948 0.0000000 1.5269614 1.3739230 1.4980898 1.5491174 1.6507357 1.2059966 1.6955600 1.6859175 2.2627326 2.1323028 2.4679151 2.3106747 2.7589042 1.9910795 2.6716645 2.2948148 2.3134366 3.1859437 2.7477841 2.4326053 2.0673912 1.5230578 1.7105949 2.0711844 2.3610300 2.5389945 2.4848118 1.7670554 1.8140752 2.6790645 1.9807313 1.9362892 1.8143003 1.8774848 1.7122073 1.7122073 1.6681864 1.7742384 1.7271643 2.2810683 2.8423488 3.0908413 2.6096474 
Dgig_XM_028550309.1                                              1.7890156 1.6828367 1.8472729 1.6959229 1.4083424 1.8459304 1.5785171 1.2665051 1.2425230 1.3695051 1.5269614 0.0000000 0.8429378 1.2250055 1.2540690 1.5831776 1.6071549 1.8715108 1.6689990 2.1335615 2.0576903 1.9594886 2.1779486 2.6386770 2.0850541 2.2572551 1.8380408 1.9730438 2.4034661 2.3289058 2.1418941 1.9959649 1.6432277 2.0296830 1.8774899 1.7876832 1.7549390 1.7867938 1.9710297 1.8951048 2.3303664 1.7979911 1.9119982 1.8828321 1.8577451 1.7865839 1.6844582 1.6763763 1.6509547 1.8956893 2.3987102 3.1059123 3.2480132 2.8704734 
Xesp_002370-T1                                                   1.8997641 1.6220166 2.0203016 1.8298745 1.2676160 1.5279722 1.5577711 1.1910133 1.1759505 1.3541573 1.3739230 0.8429378 0.0000000 1.1511989 1.2695751 1.6267858 1.4220860 1.7215092 1.6501251 2.0474090 1.9190563 1.8129027 1.9859326 2.5041372 1.9208582 1.9762096 1.9912150 2.0993736 2.4221373 2.1426012 2.1419630 1.8266045 1.6243831 1.9020382 2.0346711 1.7214710 1.9203556 2.0859473 1.9048146 1.9461334 2.0810156 1.8029459 1.8255410 1.6935977 1.8035276 1.9376029 1.7606858 1.7065716 1.7220737 1.9033340 2.6196701 3.2746779 2.7557594 2.7564593 
Nemnom_g8008.t1                                                  1.9721944 1.8428622 2.0924648 1.6478023 1.4437338 1.4827335 1.5125713 1.2698549 1.2648523 1.4122611 1.4980898 1.2250055 1.1511989 0.0000000 0.3633234 1.6299155 1.7058516 2.0262638 1.8516913 2.2383252 2.0719377 1.7579451 2.0871654 2.4738077 2.0624737 2.0760058 2.2013868 2.2005718 2.2195246 2.2256639 2.3494248 2.0280979 1.8565589 2.0266577 2.0721829 1.9851741 2.0483583 2.2760272 2.0231827 2.0355133 2.2516280 2.0352162 2.0302184 1.8868189 2.0184523 1.9259115 1.8392897 2.0464548 2.1042126 2.2809221 2.7569038 3.0266860 3.0205976 2.5214210 
Rhoesc_Res_000921-T1                                             1.8611341 1.6318572 1.8901122 1.5929597 1.4384951 1.8053598 1.4982002 1.3640081 1.3125265 1.4203562 1.5491174 1.2540690 1.2695751 0.3633234 0.0000000 1.6036473 1.5817268 1.9164552 1.7295322 2.1689104 2.0376989 1.6748288 2.1580966 2.2117055 2.1131455 2.4097536 2.2155561 2.3383936 2.6845224 2.3571265 2.3791366 1.8094455 1.6216745 1.9385466 2.0154559 1.7870474 2.0267604 2.0579756 1.8698573 2.0220202 2.6391883 1.9261871 1.8796497 1.8990765 1.8779545 1.9902226 1.9331367 2.0641561 2.0829270 2.1431158 2.6438202 2.9881449 2.7875449 2.5811626 
Opea_EP00118_Oscarella_pearsei_P003184                           1.7605206 1.6681499 2.0803629 1.9298905 1.7354695 2.0483286 1.7693486 1.6805144 1.6953386 1.7708542 1.6507357 1.5831776 1.6267858 1.6299155 1.6036473 0.0000000 1.2365011 1.6961358 1.7209382 2.3424727 2.0830511 1.8689345 2.1491162 2.4774913 2.0591716 2.3028786 2.1427429 2.0246997 2.2876435 2.0459058 2.3694621 1.9256960 1.8847403 2.2302653 2.0801042 2.0477339 2.1107046 2.0292926 2.1822267 1.8726298 2.1100883 1.8105762 1.9169910 1.9781182 1.6554305 2.1616728 2.0129046 2.0114028 2.0283906 2.0116260 2.8145847 2.6182647 2.7882307 2.7607351 
Plajan_Pjan_scaffold15693_01                                     1.7504309 1.6295444 2.0780027 1.7762612 1.4708519 1.5010540 1.4814460 1.2708250 1.3356852 1.4478973 1.2059966 1.6071549 1.4220860 1.7058516 1.5817268 1.2365011 0.0000000 1.9866064 1.6423344 1.9797803 1.8895197 1.8545039 2.0677056 2.4572530 1.8707684 2.0265150 2.0583988 1.9865825 2.3660763 2.1984015 1.9949822 2.1391470 1.8162103 2.0359328 2.2053245 2.1541468 2.3001952 2.2950330 1.9285734 1.9430855 1.9633779 1.7796297 2.1890275 2.0905039 1.7867558 2.3663649 2.2172037 2.0456195 2.1650354 2.1893337 2.8697248 2.8674918 3.0791908 2.5806467 
Spur_XM_784756.4                                                 1.5906604 1.4806878 1.7896653 1.6072821 1.7274055 2.0133944 1.9705087 1.5491106 1.4985150 1.9215477 1.6955600 1.8715108 1.7215092 2.0262638 1.9164552 1.6961358 1.9866064 0.0000000 2.1719737 2.3965685 2.1929142 2.1964904 2.2075075 2.2360142 2.3470665 2.3293688 2.1395088 2.2198534 2.7085069 2.4455661 2.0148814 2.1787830 1.8047235 1.8893394 2.0689692 2.1165032 1.9303207 2.1862086 1.8088223 1.7402885 2.3399551 2.2187615 2.0945588 1.8962276 1.9610288 2.3030134 2.1820528 2.1345355 2.0816719 2.2086607 2.3863818 2.6080682 3.1737241 2.8204511 
Clacor_Ccor_C524715_01                                           1.9200127 2.1347831 2.1668475 1.8154337 1.7668828 1.7271448 1.6569923 1.7782712 1.7382123 1.7039228 1.6859175 1.6689990 1.6501251 1.8516913 1.7295322 1.7209382 1.6423344 2.1719737 0.0000000 2.1745722 2.1458490 1.6584621 2.0405471 2.4157572 1.6493612 2.1565144 2.1534549 2.0809546 2.1931710 2.1883569 2.0892149 2.3566941 2.0639354 2.5910409 2.1785254 1.9598058 1.9871371 2.5740032 2.0909721 1.9020983 2.1640300 1.6925998 1.7920014 1.8368826 1.7687097 2.3340010 1.9928590 2.1317155 2.1724624 2.1208333 2.7000289 3.2989954 3.2848465 3.1817521 
Mlei_ML0992.g7.i1                                                2.1334342 2.4720758 2.8839772 2.4254228 1.9710565 2.3085403 2.2571538 1.8044644 1.8830897 2.0116102 2.2627326 2.1335615 2.0474090 2.2383252 2.1689104 2.3424727 1.9797803 2.3965685 2.1745722 0.0000000 0.3818697 0.9076207 0.8839660 1.1195132 1.0199116 1.3142504 1.3876279 1.1315703 1.2607546 1.1143383 1.0810554 2.8010356 2.1003907 2.8703001 2.6401782 2.7007254 2.7020594 3.0057129 2.8238256 2.8607732 2.7021160 2.5595829 2.6823032 2.4308369 2.3892297 3.0178240 2.9581674 2.8286796 2.7471161 2.8127687 3.6527865 3.4548239 3.7889948 3.4837816 
Bolinf_Binf_sb1230646                                            1.7606714 2.0543812 2.4326749 2.2553344 1.8521433 1.7788280 2.1127535 1.5378724 1.6591124 1.8028931 2.1323028 2.0576903 1.9190563 2.0719377 2.0376989 2.0830511 1.8895197 2.1929142 2.1458490 0.3818697 0.0000000 0.9286807 0.9527418 1.0653684 1.1010638 1.4415205 1.4282376 1.3064942 1.2803368 1.2202239 1.1275343 2.4611889 2.2848176 2.8625835 2.6186135 2.6365995 2.6933310 3.2339966 2.7171554 2.6127573 2.5083957 2.3616534 2.4274724 2.3892002 2.2216372 2.9356162 2.8317987 2.8726613 2.8011421 2.7639090 3.5048328 3.7658757 3.8250294 3.1872297 
Mertsp_Mesp_sb554177                                             1.7259817 2.1536544 2.1621939 2.1671373 1.8201656 1.8129972 1.9155925 1.7320473 1.8203291 1.9452457 2.4679151 1.9594886 1.8129027 1.7579451 1.6748288 1.8689345 1.8545039 2.1964904 1.6584621 0.9076207 0.9286807 0.0000000 0.9263378 1.0287456 1.0617596 1.3602446 1.2892290 1.0949487 1.2256141 1.2495734 1.0553986 2.8897643 2.0928966 2.7378875 2.8442274 2.7642330 2.8774098 2.7512131 2.7488919 2.3929832 2.4401383 2.0358356 2.1656383 2.1053180 2.2177313 2.7040327 2.5983386 2.5678835 2.4763811 2.4256340 3.8073333 3.8101284 3.4111114 3.2165950 
Beraby_Baby_sb342552                                             2.1739276 2.4310575 2.7344253 2.3454953 1.8903304 2.2669768 2.2488651 1.9402361 1.8875180 2.0807365 2.3106747 2.1779486 1.9859326 2.0871654 2.1580966 2.1491162 2.0677056 2.2075075 2.0405471 0.8839660 0.9527418 0.9263378 0.0000000 1.2921927 0.9876712 1.2122908 1.3269439 1.0746237 1.2632327 1.1427650 1.2201063 2.6090178 2.4421592 2.9148144 2.4778290 2.5758492 2.7588164 2.9196194 2.2411133 2.2762088 2.1302026 2.5280663 2.4787049 2.4816160 2.1583579 2.7588896 2.5997096 2.4362805 2.3384344 2.4765753 3.4403652 3.6226627 3.2737073 3.2954743 
Drygla_Dgla_sb311931                                             2.0605743 2.3093158 2.3836100 2.3562563 2.2973099 2.2318076 2.5079079 2.3038998 2.4515762 2.5085083 2.7589042 2.6386770 2.5041372 2.4738077 2.2117055 2.4774913 2.4572530 2.2360142 2.4157572 1.1195132 1.0653684 1.0287456 1.2921927 0.0000000 1.3183819 1.6997559 1.4447073 1.4088307 1.3032779 1.3410790 1.1742136 2.7563778 2.5003049 2.8879132 3.0697679 2.9465235 2.8058332 3.0552940 2.8152077 2.6808870 2.8351005 2.7104744 2.9415612 2.8271362 2.9468835 3.2358600 3.2579260 3.0536804 2.7816829 3.0113598 4.3094238 3.4849844 3.6753537 3.0006262 
Lampan_Lpan_8595_01                                              1.8530185 2.0889930 2.4341767 2.1199645 1.9440002 2.1839864 2.0976775 2.0215981 1.9170585 1.9016190 1.9910795 2.0850541 1.9208582 2.0624737 2.1131455 2.0591716 1.8707684 2.3470665 1.6493612 1.0199116 1.1010638 1.0617596 0.9876712 1.3183819 0.0000000 1.4319379 1.5698295 1.2492285 1.3931745 1.2676545 1.2226874 2.8534941 2.0026688 2.9347287 2.2875399 2.3586414 2.6333987 2.5693133 2.4649463 2.3696751 2.3037969 2.2681757 2.1727973 2.2266310 2.0651096 2.7475216 2.4543569 2.1886813 2.1872415 2.1853469 3.6129538 3.6399267 3.7047725 3.4045698 
Vmul_sbMO439516                                                  2.1551887 2.5401196 2.7388242 2.6586557 1.9538670 2.2291186 2.4941671 2.0609133 2.0702797 2.1263405 2.6716645 2.2572551 1.9762096 2.0760058 2.4097536 2.3028786 2.0265150 2.3293688 2.1565144 1.3142504 1.4415205 1.3602446 1.2122908 1.6997559 1.4319379 0.0000000 1.1146102 1.0014000 1.3950115 1.2393994 1.5807100 2.4380373 2.5686081 2.8437788 2.8746929 2.6226378 2.8247639 2.8701813 2.8217333 2.7310151 2.4257337 2.3348256 2.4006640 2.4085341 2.2269668 2.7413737 2.6313972 2.5378464 2.5680742 2.6951733 4.2214172 3.4586792 3.7973291 3.4611585 
Coeast_Cast_sb783644                                             1.8139718 2.4316611 2.5746006 2.5336943 2.0347883 2.1799198 2.6061630 1.9084035 2.0572671 2.1733770 2.2948148 1.8380408 1.9912150 2.2013868 2.2155561 2.1427429 2.0583988 2.1395088 2.1534549 1.3876279 1.4282376 1.2892290 1.3269439 1.4447073 1.5698295 1.1146102 0.0000000 0.1280319 1.4552200 1.3857442 1.7063861 2.4235812 2.4208092 2.2911406 2.2093928 2.3674989 2.4042495 2.6610351 2.6243863 2.2176741 2.2417584 2.6038596 2.4889966 2.7587993 2.6256945 2.5741826 2.3937660 2.5662768 2.4026895 2.4992515 3.7939767 4.1655866 3.5172482 3.0940344 
Coemet_Cmet_scaffold3545_01                                      2.0838103 2.4400876 2.6810108 2.4362227 1.9962395 2.4179608 2.5086394 1.9519610 2.0781639 2.1457673 2.3134366 1.9730438 2.0993736 2.2005718 2.3383936 2.0246997 1.9865825 2.2198534 2.0809546 1.1315703 1.3064942 1.0949487 1.0746237 1.4088307 1.2492285 1.0014000 0.1280319 0.0000000 1.3334575 1.1520566 1.5464641 2.4708426 2.2661574 2.6892169 2.4702655 2.4454983 2.5737322 2.5925948 2.7110798 2.3114613 2.1292442 2.5028148 2.3776768 2.6397056 2.3150675 2.6995865 2.5566082 2.6019475 2.4831837 2.6972363 3.9521234 4.0618948 3.4863110 3.0748642 
Pbac_sb2658814                                                   2.5675908 2.6932414 2.8282416 2.7259141 2.5012734 2.6506954 2.7277244 2.3938306 2.4419008 2.5412852 3.1859437 2.4034661 2.4221373 2.2195246 2.6845224 2.2876435 2.3660763 2.7085069 2.1931710 1.2607546 1.2803368 1.2256141 1.2632327 1.3032779 1.3931745 1.3950115 1.4552200 1.3334575 0.0000000 0.0958666 1.6677290 2.9395996 2.6553734 3.0151659 3.0829444 2.9446246 3.1655761 3.1242039 2.8343260 2.4741319 2.6847993 2.5534202 2.7477811 2.5677904 2.5715289 3.0230432 2.8850296 2.9863189 2.8287876 2.9245166 3.7343564 3.4603260 3.7521845 3.5981815 
Horcal_Hcv1.av93.c11.g1024.i1                                    2.4164873 2.4966357 2.7762420 2.6197370 2.3763155 2.5813116 2.5373649 2.2869855 2.3769220 2.4199281 2.7477841 2.3289058 2.1426012 2.2256639 2.3571265 2.0459058 2.1984015 2.4455661 2.1883569 1.1143383 1.2202239 1.2495734 1.1427650 1.3410790 1.2676545 1.2393994 1.3857442 1.1520566 0.0958666 0.0000000 1.4152458 2.6073379 2.4271219 3.0101641 2.9751917 2.7489337 2.9873359 2.8266334 2.6457463 2.4640949 2.5449149 2.5002687 2.5737826 2.4316329 2.2808220 2.8453236 2.7381782 2.8568809 2.6821098 2.7215209 3.5977949 3.4168581 3.6257851 3.2981364 
Eupdun_Edun_sb10617368                                           2.2212636 2.0667438 2.4158064 2.0052213 2.2274038 2.4138170 2.3627844 2.1964097 2.0887915 2.2940715 2.4326053 2.1418941 2.1419630 2.3494248 2.3791366 2.3694621 1.9949822 2.0148814 2.0892149 1.0810554 1.1275343 1.0553986 1.2201063 1.1742136 1.2226874 1.5807100 1.7063861 1.5464641 1.6677290 1.4152458 0.0000000 3.0936067 2.0354976 2.5919841 2.4317861 2.4899096 2.4467568 2.5202069 2.4390715 2.2796630 2.6584216 2.3882008 2.4586263 2.3913515 2.3497901 2.6123963 2.5772794 2.5507503 2.4597283 2.5468190 3.2018387 3.0207324 3.3395260 2.7731442 
Tcas_TC006384_001                                                2.0826204 1.8575396 1.9245465 2.0596565 1.7092915 2.2826229 1.6901696 1.8288261 1.7653603 1.8929584 2.0673912 1.9959649 1.8266045 2.0280979 1.8094455 1.9256960 2.1391470 2.1787830 2.3566941 2.8010356 2.4611889 2.8897643 2.6090178 2.7563778 2.8534941 2.4380373 2.4235812 2.4708426 2.9395996 2.6073379 3.0936067 0.0000000 1.6206770 1.7418143 2.2530762 2.1184718 2.5895414 2.2105903 2.2440156 2.3403275 2.3690649 2.0659004 2.0671396 2.2925390 2.2099942 2.7664344 2.7803495 2.6541286 2.6055565 2.8004180 2.7114743 2.7681618 3.4626587 3.2499728 
Dpul_mRNA29814                                                   1.6207436 1.5428860 1.7030730 1.7696745 1.4170700 1.4486469 1.5155422 1.5545041 1.5619006 1.3955652 1.5230578 1.6432277 1.6243831 1.8565589 1.6216745 1.8847403 1.8162103 1.8047235 2.0639354 2.1003907 2.2848176 2.0928966 2.4421592 2.5003049 2.0026688 2.5686081 2.4208092 2.2661574 2.6553734 2.4271219 2.0354976 1.6206770 0.0000000 1.7899615 1.9869703 2.0410109 2.1964718 1.9380720 1.9188413 2.1533838 2.6672378 1.7593406 1.9783180 1.9904752 1.7416609 2.2256421 2.2325885 2.2430012 2.2734067 2.3832765 2.8024168 3.0228474 3.5145908 2.9205962 
Cscu_XM_023388697.1                                              1.9866077 1.8025184 1.8960044 2.0170855 1.9652068 2.3148474 1.8712605 1.8294660 1.8378896 1.8631867 1.7105949 2.0296830 1.9020382 2.0266577 1.9385466 2.2302653 2.0359328 1.8893394 2.5910409 2.8703001 2.8625835 2.7378875 2.9148144 2.8879132 2.9347287 2.8437788 2.2911406 2.6892169 3.0151659 3.0101641 2.5919841 1.7418143 1.7899615 0.0000000 2.0923774 2.2404708 2.4870774 2.2422363 2.1090981 2.3839675 2.6706405 2.3454764 2.4320560 2.4368668 2.6695499 2.2051929 2.2411997 2.1868445 2.1591277 2.3017745 2.7729487 3.1131882 3.2051081 3.2464553 
Aque_Aqu2.1.41183_001                                            2.1728368 2.2586144 2.3435907 1.8523870 1.9412202 2.5184405 2.4552317 1.9626500 2.0109325 2.1371784 2.0711844 1.8774899 2.0346711 2.0721829 2.0154559 2.0801042 2.2053245 2.0689692 2.1785254 2.6401782 2.6186135 2.8442274 2.4778290 3.0697679 2.2875399 2.8746929 2.2093928 2.4702655 3.0829444 2.9751917 2.4317861 2.2530762 1.9869703 2.0923774 0.0000000 0.6177597 0.6705995 1.7806412 1.3206790 1.6524760 1.6779445 2.1534106 2.2520050 2.1688201 2.2705260 2.4796380 2.3328935 2.1201442 2.2113833 2.4763525 2.4826109 3.3946942 4.0132596 3.1174974 
Xestes_augustus_masked-XT_scaffold4870-processed-gene-0.5-mRNA-1 2.4484940 1.9361343 2.4015907 1.9658953 1.8283694 2.3917899 2.5084117 2.1397102 2.1057561 2.2718769 2.3610300 1.7876832 1.7214710 1.9851741 1.7870474 2.0477339 2.1541468 2.1165032 1.9598058 2.7007254 2.6365995 2.7642330 2.5758492 2.9465235 2.3586414 2.6226378 2.3674989 2.4454983 2.9446246 2.7489337 2.4899096 2.1184718 2.0410109 2.2404708 0.6177597 0.0000000 0.7367649 1.8105626 1.3380985 1.7887263 1.6574813 2.5533368 2.3885558 2.3184835 2.5278256 2.3835057 2.2014129 2.1759031 2.1403457 2.3191342 2.3358702 3.3745967 4.0092548 3.7138745 
Halamb_c44562_g1_i1m.17678                                       2.3222631 2.1525934 2.6259451 1.7725101 1.9817145 2.7245015 2.4639377 2.0541131 1.9598424 2.2111722 2.5389945 1.7549390 1.9203556 2.0483583 2.0267604 2.1107046 2.3001952 1.9303207 1.9871371 2.7020594 2.6933310 2.8774098 2.7588164 2.8058332 2.6333987 2.8247639 2.4042495 2.5737322 3.1655761 2.9873359 2.4467568 2.5895414 2.1964718 2.4870774 0.6705995 0.7367649 0.0000000 1.5912126 1.5852642 1.6968876 1.8104899 2.2740424 2.4177617 2.3583006 2.6482162 2.4865409 2.1953881 2.1463734 2.1157399 2.3871389 2.3852121 3.3421316 4.1791244 3.0579855 
Plespi_Pspi_C599238_01                                           1.9314490 1.9958384 2.4010956 2.1080953 2.0404612 2.5300465 2.2255937 2.1554569 1.9895545 2.3082607 2.4848118 1.7867938 2.0859473 2.2760272 2.0579756 2.0292926 2.2950330 2.1862086 2.5740032 3.0057129 3.2339966 2.7512131 2.9196194 3.0552940 2.5693133 2.8701813 2.6610351 2.5925948 3.1242039 2.8266334 2.5202069 2.2105903 1.9380720 2.2422363 1.7806412 1.8105626 1.5912126 0.0000000 1.6260226 1.6929993 1.9171709 2.2278461 2.2369408 2.3596155 2.3396379 2.3495518 2.2194093 2.2670470 2.3271628 2.3168450 2.8773656 3.2887800 3.5379948 3.2024952 
Emue_Em0008g623a.t1                                              2.4939340 1.8754447 2.2318013 1.8044625 1.8163290 2.1326532 1.9377096 1.5967812 1.6026040 1.5937735 1.7670554 1.9710297 1.9048146 2.0231827 1.8698573 2.1822267 1.9285734 1.8088223 2.0909721 2.8238256 2.7171554 2.7488919 2.2411133 2.8152077 2.4649463 2.8217333 2.6243863 2.7110798 2.8343260 2.6457463 2.4390715 2.2440156 1.9188413 2.1090981 1.3206790 1.3380985 1.5852642 1.6260226 0.0000000 0.9950696 1.4474670 2.0915124 1.9894635 2.1141531 2.1765178 2.7894238 2.5749119 2.3262575 2.4050725 2.5434969 2.5055673 3.0048190 3.6030937 3.5619135 
Stycar_snap_masked-SC_scaffold130906-processed-gene-0.1-mRNA-1   1.9896077 1.9790143 2.1719009 1.7771565 1.9008149 2.0053710 2.0539417 1.9031291 1.8187307 1.8646999 1.8140752 1.8951048 1.9461334 2.0355133 2.0220202 1.8726298 1.9430855 1.7402885 1.9020983 2.8607732 2.6127573 2.3929832 2.2762088 2.6808870 2.3696751 2.7310151 2.2176741 2.3114613 2.4741319 2.4640949 2.2796630 2.3403275 2.1533838 2.3839675 1.6524760 1.7887263 1.6968876 1.6929993 0.9950696 0.0000000 1.4159672 2.3547154 2.4273633 2.3038753 2.2881443 2.7394458 2.2762224 2.4068422 2.4981207 2.6376158 2.5631394 3.0980556 3.2898536 2.9222204 
Tetwil_g24601.t2                                                 2.4342557 2.3544703 2.7164794 2.3363994 2.1396941 2.4465824 2.5495381 2.1113050 1.9858689 2.2746752 2.6790645 2.3303664 2.0810156 2.2516280 2.6391883 2.1100883 1.9633779 2.3399551 2.1640300 2.7021160 2.5083957 2.4401383 2.1302026 2.8351005 2.3037969 2.4257337 2.2417584 2.1292442 2.6847993 2.5449149 2.6584216 2.3690649 2.6672378 2.6706405 1.6779445 1.6574813 1.8104899 1.9171709 1.4474670 1.4159672 0.0000000 2.3733282 2.3337886 2.1938454 2.2303994 2.8563165 2.5304369 2.2251965 2.3676244 2.2979677 2.6749735 3.0472299 3.7066716 3.3012285 
Scil_scict018599.1                                               1.9800263 1.9885953 2.0561489 2.0933998 1.7438039 2.0931992 1.9983881 1.7430999 1.7947326 1.8927013 1.9807313 1.7979911 1.8029459 2.0352162 1.9261871 1.8105762 1.7796297 2.2187615 1.6925998 2.5595829 2.3616534 2.0358356 2.5280663 2.7104744 2.2681757 2.3348256 2.6038596 2.5028148 2.5534202 2.5002687 2.3882008 2.0659004 1.7593406 2.3454764 2.1534106 2.5533368 2.2740424 2.2278461 2.0915124 2.3547154 2.3733282 0.0000000 0.5816827 0.6116657 0.7621741 2.3926708 2.1965121 2.2231944 2.2520101 2.2682224 3.0109072 3.0003116 3.4187917 3.2173945 
Gracom_Gcom_C545746_01                                           2.0193850 2.0479887 1.8811258 2.2545900 1.8546374 2.1383983 2.0241966 1.6911709 1.6795156 1.9139218 1.9362892 1.9119982 1.8255410 2.0302184 1.8796497 1.9169910 2.1890275 2.0945588 1.7920014 2.6823032 2.4274724 2.1656383 2.4787049 2.9415612 2.1727973 2.4006640 2.4889966 2.3776768 2.7477811 2.5737826 2.4586263 2.0671396 1.9783180 2.4320560 2.2520050 2.3885558 2.4177617 2.2369408 1.9894635 2.4273633 2.3337886 0.5816827 0.0000000 0.5762694 0.7325077 2.4349174 2.2387740 2.4371069 2.4066086 2.5027280 3.0648844 2.9060095 3.8816586 3.8996328 
Leuniv_Lniv_C808086_01                                           1.9564128 1.9867359 2.1284441 2.1243427 1.8044844 1.9673959 2.0527777 1.6589405 1.6670469 1.7969937 1.8143003 1.8828321 1.6935977 1.8868189 1.8990765 1.9781182 2.0905039 1.8962276 1.8368826 2.4308369 2.3892002 2.1053180 2.4816160 2.8271362 2.2266310 2.4085341 2.7587993 2.6397056 2.5677904 2.4316329 2.3913515 2.2925390 1.9904752 2.4368668 2.1688201 2.3184835 2.3583006 2.3596155 2.1141531 2.3038753 2.1938454 0.6116657 0.5762694 0.0000000 0.7320986 2.2874227 2.1635000 2.1748448 2.0976100 2.1326435 2.9219828 2.9112937 3.8065022 3.4390871 
Lcom_lcpid91297                                                  2.0027953 1.8184520 2.2750234 2.0676242 1.7001577 1.9592074 2.0128200 1.7780917 1.7632780 1.8623404 1.8774848 1.8577451 1.8035276 2.0184523 1.8779545 1.6554305 1.7867558 1.9610288 1.7687097 2.3892297 2.2216372 2.2177313 2.1583579 2.9468835 2.0651096 2.2269668 2.6256945 2.3150675 2.5715289 2.2808220 2.3497901 2.2099942 1.7416609 2.6695499 2.2705260 2.5278256 2.6482162 2.3396379 2.1765178 2.2881443 2.2303994 0.7621741 0.7325077 0.7320986 0.0000000 2.5326917 2.2705120 2.2976988 2.3393407 2.3860421 3.0987050 2.8324104 3.4631294 3.3847353 
Tadh_TriadT58441                                                 2.1601757 2.0359677 2.4324781 2.1997387 1.9697202 2.4139634 1.8640608 1.9781277 2.0235948 1.9004195 1.7122073 1.7865839 1.9376029 1.9259115 1.9902226 2.1616728 2.3663649 2.3030134 2.3340010 3.0178240 2.9356162 2.7040327 2.7588896 3.2358600 2.7475216 2.7413737 2.5741826 2.6995865 3.0230432 2.8453236 2.6123963 2.7664344 2.2256421 2.2051929 2.4796380 2.3835057 2.4865409 2.3495518 2.7894238 2.7394458 2.8563165 2.3926708 2.4349174 2.2874227 2.5326917 0.0000000 0.0454861 0.6820442 0.6632909 0.7253759 2.7353777 3.6092327 3.1503498 2.8067505 
TrH2_TrispH2_008561-RA                                           2.0373788 2.0731557 2.3027827 2.0512721 1.8708458 2.2931081 1.8477265 1.9029812 1.9184109 1.8328789 1.7122073 1.6844582 1.7606858 1.8392897 1.9331367 2.0129046 2.2172037 2.1820528 1.9928590 2.9581674 2.8317987 2.5983386 2.5997096 3.2579260 2.4543569 2.6313972 2.3937660 2.5566082 2.8850296 2.7381782 2.5772794 2.7803495 2.2325885 2.2411997 2.3328935 2.2014129 2.1953881 2.2194093 2.5749119 2.2762224 2.5304369 2.1965121 2.2387740 2.1635000 2.2705120 0.0454861 0.0000000 0.5756586 0.5628347 0.6473499 2.8905745 3.5170777 3.0011093 2.7382361 
HoiH06_mRNA14562                                                 2.1177194 1.8875686 2.2593934 1.9608981 1.7145976 2.1688758 2.1089307 1.7402337 1.8604045 1.8462517 1.6681864 1.6763763 1.7065716 2.0464548 2.0641561 2.0114028 2.0456195 2.1345355 2.1317155 2.8286796 2.8726613 2.5678835 2.4362805 3.0536804 2.1886813 2.5378464 2.5662768 2.6019475 2.9863189 2.8568809 2.5507503 2.6541286 2.2430012 2.1868445 2.1201442 2.1759031 2.1463734 2.2670470 2.3262575 2.4068422 2.2251965 2.2231944 2.4371069 2.1748448 2.2976988 0.6820442 0.5756586 0.0000000 0.1050531 0.2374369 2.9521088 3.4364683 2.6798027 2.6027859 
HoiH23_PlH23_008182-RA                                           2.1470272 1.9176686 2.2205763 1.9879479 1.8152483 2.2983549 2.0300770 1.7235718 1.8449194 1.9338749 1.7742384 1.6509547 1.7220737 2.1042126 2.0829270 2.0283906 2.1650354 2.0816719 2.1724624 2.7471161 2.8011421 2.4763811 2.3384344 2.7816829 2.1872415 2.5680742 2.4026895 2.4831837 2.8287876 2.6821098 2.4597283 2.6055565 2.2734067 2.1591277 2.2113833 2.1403457 2.1157399 2.3271628 2.4050725 2.4981207 2.3676244 2.2520101 2.4066086 2.0976100 2.3393407 0.6632909 0.5628347 0.1050531 0.0000000 0.2282590 2.9361062 3.4743749 2.7714383 2.4999398 
Hhon_g01067.t1                                                   2.1327381 2.0380281 2.2775774 2.2403399 1.8368208 2.1936968 2.1453206 1.8215974 1.9207001 1.9031748 1.7271643 1.8956893 1.9033340 2.2809221 2.1431158 2.0116260 2.1893337 2.2086607 2.1208333 2.8127687 2.7639090 2.4256340 2.4765753 3.0113598 2.1853469 2.6951733 2.4992515 2.6972363 2.9245166 2.7215209 2.5468190 2.8004180 2.3832765 2.3017745 2.4763525 2.3191342 2.3871389 2.3168450 2.5434969 2.6376158 2.2979677 2.2682224 2.5027280 2.1326435 2.3860421 0.7253759 0.6473499 0.2374369 0.2282590 0.0000000 3.0439264 3.6270658 2.7739514 2.4647327 
Skow_XM_006815321.1                                              2.8701149 2.4292429 3.0977983 2.2203174 2.6405763 3.1266048 2.1796016 2.5908617 2.5003677 2.7698855 2.2810683 2.3987102 2.6196701 2.7569038 2.6438202 2.8145847 2.8697248 2.3863818 2.7000289 3.6527865 3.5048328 3.8073333 3.4403652 4.3094238 3.6129538 4.2214172 3.7939767 3.9521234 3.7343564 3.5977949 3.2018387 2.7114743 2.8024168 2.7729487 2.4826109 2.3358702 2.3852121 2.8773656 2.5055673 2.5631394 2.6749735 3.0109072 3.0648844 2.9219828 3.0987050 2.7353777 2.8905745 2.9521088 2.9361062 3.0439264 0.0000000 3.2682181 3.9495264 3.7099740 
Acagra_model.g25810.t1                                           2.5827623 2.9174460 2.9061588 3.1270261 2.8402885 3.1311179 2.9524135 3.0553043 2.9440969 3.4790742 2.8423488 3.1059123 3.2746779 3.0266860 2.9881449 2.6182647 2.8674918 2.6080682 3.2989954 3.4548239 3.7658757 3.8101284 3.6226627 3.4849844 3.6399267 3.4586792 4.1655866 4.0618948 3.4603260 3.4168581 3.0207324 2.7681618 3.0228474 3.1131882 3.3946942 3.3745967 3.3421316 3.2887800 3.0048190 3.0980556 3.0472299 3.0003116 2.9060095 2.9112937 2.8324104 3.6092327 3.5170777 3.4364683 3.4743749 3.6270658 3.2682181 0.0000000 4.4190852 3.2789586 
Hvul_g23657_1                                                    2.9081528 3.2247659 3.5433451 2.7443420 2.7670653 2.9806013 3.0456694 2.8006990 2.8436032 2.8384594 3.0908413 3.2480132 2.7557594 3.0205976 2.7875449 2.7882307 3.0791908 3.1737241 3.2848465 3.7889948 3.8250294 3.4111114 3.2737073 3.6753537 3.7047725 3.7973291 3.5172482 3.4863110 3.7521845 3.6257851 3.3395260 3.4626587 3.5145908 3.2051081 4.0132596 4.0092548 4.1791244 3.5379948 3.6030937 3.2898536 3.7066716 3.4187917 3.8816586 3.8065022 3.4631294 3.1503498 3.0011093 2.6798027 2.7714383 2.7739514 3.9495264 4.4190852 0.0000000 0.7646967 
Chem_TCONS_00055625                                              2.4029246 2.7524181 3.5617861 2.5924436 2.3627595 2.6341168 2.5478032 2.3746597 2.3063993 2.5806684 2.6096474 2.8704734 2.7564593 2.5214210 2.5811626 2.7607351 2.5806467 2.8204511 3.1817521 3.4837816 3.1872297 3.2165950 3.2954743 3.0006262 3.4045698 3.4611585 3.0940344 3.0748642 3.5981815 3.2981364 2.7731442 3.2499728 2.9205962 3.2464553 3.1174974 3.7138745 3.0579855 3.2024952 3.5619135 2.9222204 3.3012285 3.2173945 3.8996328 3.4390871 3.3847353 2.8067505 2.7382361 2.6027859 2.4999398 2.4647327 3.7099740 3.2789586 0.7646967 0.0000000 
