56
Hsap_ENST00000333188                                  0.0000000 0.3223977 0.4627895 0.4809844 0.4979134 0.4940525 0.5117455 0.4867470 0.4721177 0.5590827 0.3402626 0.5042908 0.5292876 0.4997146 0.5085513 0.5225163 0.3986535 0.3523394 0.4259484 0.5257826 0.5513254 0.6867203 0.6037904 0.8304226 0.6133080 0.4898481 0.4890469 0.5368909 0.4661025 0.5978453 0.5383559 0.6776611 0.5487139 0.4865561 0.4782989 0.5983829 0.6077418 0.6449878 0.6247849 0.6280437 0.6042467 0.6072052 0.6373332 0.4584810 0.4458521 0.8082314 0.9375175 0.9295409 0.7638809 0.8891292 0.7947555 0.8128700 0.9591464 1.6002293 1.4112770 1.3460745 
Bralan_BLAG11101275_1                                 0.3223977 0.0000000 0.5112364 0.5618585 0.5626214 0.5481595 0.5771187 0.5378497 0.5221042 0.5891143 0.2945794 0.5209622 0.5245729 0.6012237 0.5759813 0.6039855 0.4360755 0.4253068 0.4732616 0.5605762 0.5767587 0.6691923 0.5167633 0.8005909 0.6017016 0.5064411 0.4978924 0.5101086 0.4439178 0.6938417 0.5600961 0.7634123 0.6206643 0.5650445 0.4759713 0.5815948 0.6350647 0.6845909 0.6551025 0.6650926 0.6538512 0.6569211 0.6756876 0.5090435 0.4554468 0.9147083 0.9059983 1.0693654 0.8023622 0.9622090 0.9172639 0.8544440 1.1403544 1.9702974 1.5428614 1.2279617 
Nvec_v1g239070                                        0.4627895 0.5112364 0.0000000 0.2899779 0.2800677 0.2776995 0.3036144 0.2628525 0.2563369 0.5032717 0.2768339 0.4494206 0.4486842 0.4550586 0.4814144 0.4543212 0.5244178 0.5264037 0.5081773 0.3735477 0.3982804 0.6863582 0.5576190 0.7781911 0.5767435 0.5197541 0.5357316 0.5317495 0.5075037 0.7012866 0.5710175 0.8703963 0.6548212 0.5625905 0.6171171 0.5612990 0.6450227 0.7062971 0.6842560 0.6936656 0.6878808 0.6859182 0.6924702 0.2497868 0.4443492 0.9015495 0.9338966 1.0500066 0.7922183 0.9355667 0.8986720 0.9156314 1.1476640 1.9823455 1.6472600 1.2513612 
Amil_Amillepora32283-RA                               0.4809844 0.5618585 0.2899779 0.0000000 0.0998758 0.1173033 0.1331921 0.1299008 0.1198233 0.5499190 0.2776000 0.5047714 0.5114692 0.5322497 0.5014091 0.5112196 0.5561862 0.5830459 0.5581882 0.4083519 0.4224611 0.6825122 0.6814077 0.8151752 0.5750963 0.5737246 0.5820122 0.5777314 0.5908465 0.7423293 0.5920620 0.9245417 0.6749132 0.6347238 0.6780059 0.5660316 0.6234773 0.6902732 0.6522385 0.6569898 0.6590460 0.6622521 0.6490048 0.0192465 0.4916549 0.8927371 0.9122789 1.0518107 0.7928595 0.9495438 0.8809151 0.8950895 1.1564553 1.7524148 1.5711227 1.1498701 
Gfas_gfas1.m1.13348.m1                                0.4979134 0.5626214 0.2800677 0.0998758 0.0000000 0.0866782 0.1070595 0.1118406 0.1016040 0.5207387 0.2742495 0.4849596 0.5063869 0.5083658 0.5189261 0.5160564 0.5641104 0.5866612 0.5675505 0.4064798 0.4248997 0.6842888 0.6330890 0.8105937 0.5812908 0.5701244 0.5883033 0.5641995 0.5593268 0.6907667 0.5833852 0.9176612 0.6722181 0.6053439 0.6760906 0.5766922 0.6337413 0.6976322 0.6676944 0.6755242 0.6704072 0.6735836 0.6792790 0.0899127 0.4784422 0.8960850 0.9259637 1.0671292 0.8076102 0.9621159 0.8890423 0.9259189 1.2041206 1.9315387 1.6885414 1.3247740 
Fspp_ffun1.m4.27579.m1                                0.4940525 0.5481595 0.2776995 0.1173033 0.0866782 0.0000000 0.0579793 0.0906715 0.0772904 0.5548820 0.2478066 0.4939863 0.5017510 0.5020130 0.5286454 0.5300239 0.5486696 0.5846305 0.5705586 0.3968609 0.4302200 0.7251188 0.6178413 0.8280909 0.5790517 0.5760049 0.5724154 0.5557058 0.5237441 0.7073968 0.6023184 0.9001923 0.6725292 0.6092023 0.6721508 0.5844660 0.6266751 0.7021917 0.6760059 0.6850364 0.6778584 0.6810251 0.6647351 0.1090994 0.4521857 0.9321758 0.9194369 1.0831595 0.8219192 0.9864607 0.9289746 0.9487323 1.2387426 2.0243576 1.7848347 1.4470948 
Gasp_gasp1.m3.1275.m1                                 0.5117455 0.5771187 0.3036144 0.1331921 0.1070595 0.0579793 0.0000000 0.1062682 0.0933280 0.5490454 0.1848946 0.5162374 0.5134028 0.5459915 0.5552148 0.5663635 0.5624112 0.5950682 0.5758782 0.4296306 0.4675263 0.7425918 0.6684689 0.8756861 0.6166641 0.5894565 0.6060500 0.5954157 0.6285696 0.7644444 0.6386105 1.0081717 0.7184071 0.6155966 0.6892687 0.6447414 0.6346944 0.7294938 0.6923925 0.6952958 0.7016551 0.7031900 0.6639309 0.0959768 0.4120216 0.9696300 0.8794486 1.1132619 0.8209947 1.0434397 0.9434073 0.9781091 1.3238966 2.0437610 1.8606882 1.5045792 
Spis_XP_022809620_1                                   0.4867470 0.5378497 0.2628525 0.1299008 0.1118406 0.0906715 0.1062682 0.0000000 0.0231871 0.5529614 0.2760107 0.5098605 0.5224568 0.5149159 0.5221063 0.5084869 0.5314579 0.5752276 0.5342045 0.3855304 0.4242524 0.6964359 0.6158344 0.8065116 0.5697122 0.5646000 0.5891480 0.5448194 0.5544929 0.6900582 0.5910644 0.9117443 0.6760845 0.6041608 0.6448946 0.5577490 0.6177295 0.6882607 0.6674515 0.6741430 0.6790074 0.6821995 0.6537750 0.1120703 0.4617543 0.9353895 0.9225186 1.0787356 0.7980562 0.9567157 0.9411226 0.9701938 1.2510974 2.1014328 1.7196762 1.3483143 
Pocdam_XM_027197696.1                                 0.4721177 0.5221042 0.2563369 0.1198233 0.1016040 0.0772904 0.0933280 0.0231871 0.0000000 0.5437221 0.2782322 0.4970671 0.5062969 0.5099224 0.5006238 0.4960054 0.5170798 0.5625196 0.5293302 0.3756420 0.4091466 0.6933972 0.6021801 0.7949751 0.5595972 0.5508294 0.5730996 0.5319713 0.5383453 0.6773867 0.5778864 0.9106396 0.6696599 0.5918264 0.6461357 0.5497455 0.6181417 0.6831016 0.6583713 0.6643488 0.6680866 0.6712267 0.6425497 0.1013211 0.4538702 0.9156828 0.9128524 1.0784617 0.7889820 0.9313348 0.9195406 0.9536271 1.2347128 2.1162174 1.7157520 1.3264397 
Hvul_g23699_1                                         0.5590827 0.5891143 0.5032717 0.5499190 0.5207387 0.5548820 0.5490454 0.5529614 0.5437221 0.0000000 0.1791825 0.3618507 0.3588346 0.3799860 0.4097077 0.3272183 0.6394388 0.6157323 0.6467937 0.5625821 0.5955140 0.7794768 0.5906332 0.9078865 0.6437601 0.6252119 0.6649404 0.6227816 0.5434080 0.7656623 0.6408123 0.8329315 0.6646839 0.6540363 0.6868108 0.6959386 0.6715818 0.7681389 0.7316635 0.7424982 0.7360996 0.7395987 0.7354372 0.4760338 0.5446781 0.9795219 1.0404314 1.1119486 0.9024977 1.0547722 0.9978229 0.9655678 1.2051194 1.9794179 1.6423885 1.2835942 
Aaur_scaffold657.g5.t1                                0.3402626 0.2945794 0.2768339 0.2776000 0.2742495 0.2478066 0.1848946 0.2760107 0.2782322 0.1791825 0.0000000 0.0987182 0.1392353 0.1390655 0.2287290 0.2203827 0.3840035 0.4138954 0.4325460 0.3887059 0.4118103 0.6739079 6.8624024 0.7128404 0.3329105 0.4720071 0.4434965 0.4497577 3.1110085 0.4319166 0.3948420 3.1110085 0.4873268 0.4138815 0.5054040 3.1110085 0.6261387 0.6261387 0.6191360 0.6253662 0.6196430 0.6196430 0.6029678 0.2776000 0.6277211 0.6337738 0.0000010 0.7103668 0.6530986 0.6530986 0.6160665 0.5171109 3.4810062 0.0000010 0.0000010 0.0000010 
Rhoesc_Res_010213-T1                                  0.5042908 0.5209622 0.4494206 0.5047714 0.4849596 0.4939863 0.5162374 0.5098605 0.4970671 0.3618507 0.0987182 0.0000000 0.0914578 0.2236679 0.3367627 0.3700659 0.6086881 0.5912620 0.6470668 0.4986156 0.5288820 0.7503185 0.5891088 0.8341487 0.6263787 0.5965597 0.5930555 0.6076284 0.5565229 0.7800702 0.6342704 0.8180746 0.6412224 0.6093808 0.6668856 0.6331424 0.6967225 0.7554600 0.7205646 0.7313791 0.7170971 0.7151341 0.7201729 0.4386722 0.5346937 0.9488023 0.9550217 1.0586926 0.8910391 1.0402933 0.9841782 0.9644975 1.1943278 1.8341589 1.7293572 1.2857317 
Nemnom_g4154.t1                                       0.5292876 0.5245729 0.4486842 0.5114692 0.5063869 0.5017510 0.5134028 0.5224568 0.5062969 0.3588346 0.1392353 0.0914578 0.0000000 0.2351899 0.3552058 0.3908201 0.5977050 0.5855198 0.6456137 0.4908839 0.5346799 0.7443370 0.5785961 0.8407757 0.6529458 0.6269000 0.6028779 0.6164109 0.5412139 0.7714888 0.6464867 0.7835920 0.6263382 0.6043902 0.6464030 0.6334059 0.6797097 0.7475846 0.7126451 0.7227140 0.7134308 0.7138510 0.7190927 0.4594330 0.5381157 0.9929359 0.9807693 1.1080792 0.8794939 1.0306735 0.9555119 0.9620831 1.1901714 1.8299682 1.7083887 1.3413982 
Sanmal_Sma_020535-T1                                  0.4997146 0.6012237 0.4550586 0.5322497 0.5083658 0.5020130 0.5459915 0.5149159 0.5099224 0.3799860 0.1390655 0.2236679 0.2351899 0.0000000 0.3655533 0.3933842 0.6377837 0.6158768 0.6561703 0.5305261 0.5323977 0.7251487 0.5752211 0.8312428 0.6392382 0.5883840 0.5761901 0.6160533 0.5231583 0.7546655 0.6156273 0.8672723 0.6674003 0.6448803 0.6726053 0.6174220 0.6929027 0.7332153 0.7217687 0.7393788 0.7124878 0.7107924 0.7287950 0.4806211 0.5414748 0.9421905 0.9792251 1.0891184 0.8562823 1.0096737 1.0074738 0.9848741 1.1731288 1.8920851 1.7624555 1.2022447 
Morvir_scaffold108.g27.t2                             0.5085513 0.5759813 0.4814144 0.5014091 0.5189261 0.5286454 0.5552148 0.5221063 0.5006238 0.4097077 0.2287290 0.3367627 0.3552058 0.3655533 0.0000000 0.3932366 0.6180350 0.6042288 0.6224649 0.5328098 0.5497068 0.7039350 0.5382464 0.8145208 0.5793139 0.5991996 0.6067528 0.6362284 0.4906670 0.7892214 0.6365654 0.8319148 0.6320986 0.6441194 0.6520331 0.6454217 0.6759947 0.7406091 0.7201844 0.7318864 0.7277527 0.7257700 0.7126591 0.4319254 0.5040711 0.9541297 0.9885765 1.0792082 0.8390981 0.9903227 0.9186686 0.9206844 1.1908832 1.8540316 1.6291068 1.2388215 
Chem_TCONS_00059500                                   0.5225163 0.6039855 0.4543212 0.5112196 0.5160564 0.5300239 0.5663635 0.5084869 0.4960054 0.3272183 0.2203827 0.3700659 0.3908201 0.3933842 0.3932366 0.0000000 0.6283838 0.6216899 0.6724409 0.5600193 0.5384098 0.7516455 0.5927622 0.8465853 0.6230711 0.5933098 0.5980987 0.5617873 0.5565651 0.7362242 0.6123706 0.8947373 0.6765626 0.6527739 0.7205078 0.6310829 0.6955987 0.7421755 0.7106297 0.7227989 0.7334444 0.7314724 0.7152648 0.4627414 0.5425780 0.9474797 0.9998845 1.0959277 0.8411113 0.9936677 0.9422999 0.9480797 1.1373863 2.0260986 1.6421778 1.2684508 
Cgig_XM_034480492.1                                   0.3986535 0.4360755 0.5244178 0.5561862 0.5641104 0.5486696 0.5624112 0.5314579 0.5170798 0.6394388 0.3840035 0.6086881 0.5977050 0.6377837 0.6180350 0.6283838 0.0000000 0.2733877 0.3400319 0.5624033 0.5855135 0.6969454 0.5431590 0.8075753 0.5868389 0.4986207 0.5502907 0.5461680 0.4460786 0.7142357 0.5700416 0.7779506 0.6098891 0.5825104 0.5152043 0.6622496 0.6125052 0.6758345 0.6526972 0.6612586 0.6489074 0.6518985 0.6798833 0.5014687 0.4291052 0.8599052 0.7710439 1.0366719 0.8207957 0.9270918 0.8613592 0.8460626 1.1057529 2.1254143 1.5814562 1.2370744 
Acagra_model.g30264.t1                                0.3523394 0.4253068 0.5264037 0.5830459 0.5866612 0.5846305 0.5950682 0.5752276 0.5625196 0.6157323 0.4138954 0.5912620 0.5855198 0.6158768 0.6042288 0.6216899 0.2733877 0.0000000 0.3021089 0.5671120 0.5811809 0.7117376 0.5625993 0.7916147 0.6127487 0.5259461 0.5322305 0.5422754 0.4866532 0.6553634 0.5617474 0.7634830 0.5909922 0.5664745 0.4769521 0.6213055 0.6250751 0.6774783 0.6584900 0.6634092 0.6441768 0.6472049 0.6830841 0.5182855 0.4378216 0.8336660 0.8771417 0.9847761 0.7979347 0.9350212 0.8402984 0.7946439 1.0825557 1.7662112 1.5162739 1.2311583 
Ctel_gnl_WGS_AMQN_CAPTEDRAFT_mRNA148159               0.4259484 0.4732616 0.5081773 0.5581882 0.5675505 0.5705586 0.5758782 0.5342045 0.5293302 0.6467937 0.4325460 0.6470668 0.6456137 0.6561703 0.6224649 0.6724409 0.3400319 0.3021089 0.0000000 0.5768443 0.5848701 0.7360181 0.6081072 0.8537053 0.6379591 0.5491487 0.5986656 0.5811147 0.5833489 0.6868394 0.6128870 0.7461055 0.5972643 0.6286692 0.4854943 0.6347261 0.6494813 0.7216648 0.6981715 0.7079884 0.6934014 0.6907011 0.7064616 0.4795245 0.4678875 0.9288495 0.9165423 1.0556899 0.8159054 0.9481012 0.9291507 0.8831087 1.1450361 1.9861790 1.5305185 1.2387544 
Dgig_XM_028538323.1                                   0.5257826 0.5605762 0.3735477 0.4083519 0.4064798 0.3968609 0.4296306 0.3855304 0.3756420 0.5625821 0.3887059 0.4986156 0.4908839 0.5305261 0.5328098 0.5600193 0.5624033 0.5671120 0.5768443 0.0000000 0.1263917 0.6987074 0.6259664 0.8516322 0.5950603 0.5630219 0.5709691 0.5765770 0.5555517 0.7295183 0.6063721 0.9111352 0.6931424 0.6751854 0.6500825 0.6522416 0.6266826 0.6932775 0.6721897 0.6742789 0.6559467 0.6590072 0.6833636 0.3581398 0.5209734 0.9097242 0.8936982 1.0246166 0.7748726 0.8811974 0.8871995 0.9003645 1.1306686 1.5948264 1.4431739 1.2738100 
Xesp_012613-T1                                        0.5513254 0.5767587 0.3982804 0.4224611 0.4248997 0.4302200 0.4675263 0.4242524 0.4091466 0.5955140 0.4118103 0.5288820 0.5346799 0.5323977 0.5497068 0.5384098 0.5855135 0.5811809 0.5848701 0.1263917 0.0000000 0.7253416 0.6581218 0.8891237 0.6145016 0.5457606 0.5783593 0.5754413 0.5656019 0.7371910 0.6309058 0.9105599 0.6884346 0.6808930 0.6858350 0.6501327 0.6500465 0.6970068 0.6833162 0.6887051 0.6786456 0.6766703 0.6846691 0.3883589 0.5417595 0.8917388 0.9012173 1.0409252 0.8327684 0.9458839 0.9084763 0.9100911 1.1267148 1.7508962 1.4760121 1.3430916 
Scil_scict021254.1                                    0.6867203 0.6691923 0.6863582 0.6825122 0.6842888 0.7251188 0.7425918 0.6964359 0.6933972 0.7794768 0.6739079 0.7503185 0.7443370 0.7251487 0.7039350 0.7516455 0.6969454 0.7117376 0.7360181 0.6987074 0.7253416 0.0000000 0.2396322 0.3179708 0.4159916 0.6853638 0.6742882 0.7122438 0.5727263 0.7912726 0.7562712 0.9469467 0.7274860 0.6991844 0.6923479 0.9165714 0.7410231 0.8012348 0.7491483 0.7646714 0.7653759 0.7618601 0.7743586 0.7230767 0.5847118 0.9038005 0.9521735 1.0477913 0.8108505 0.9094102 0.9134075 0.9309816 1.1528986 1.7783530 1.4221968 0.4943845 
Leuniv_Lniv_scaffold1966_01                           0.6037904 0.5167633 0.5576190 0.6814077 0.6330890 0.6178413 0.6684689 0.6158344 0.6021801 0.5906332 6.8624024 0.5891088 0.5785961 0.5752211 0.5382464 0.5927622 0.5431590 0.5625993 0.6081072 0.6259664 0.6581218 0.2396322 0.0000000 0.2216618 0.3129650 0.5288505 0.5594375 0.5254246 0.4598076 0.6489118 0.6516248 0.5498878 0.5534110 0.5950315 0.5409448 0.6176324 0.5644333 0.5644333 0.5388629 0.5519491 0.5680890 0.5658705 0.5698740 0.6837297 0.5703709 0.7966461 0.8349353 0.8048650 0.8672253 0.8746028 0.8945248 0.8637607 0.8150316 1.8973010 0.7525064 0.3608412 
Lcom_lcpid33757                                       0.8304226 0.8005909 0.7781911 0.8151752 0.8105937 0.8280909 0.8756861 0.8065116 0.7949751 0.9078865 0.7128404 0.8341487 0.8407757 0.8312428 0.8145208 0.8465853 0.8075753 0.7916147 0.8537053 0.8516322 0.8891237 0.3179708 0.2216618 0.0000000 0.4673143 0.7607498 0.8053368 0.8175276 0.6564708 0.8922406 0.8467394 1.1077108 0.8509230 0.7930911 0.8465406 0.9675660 0.8315371 0.8614118 0.8479782 0.8645219 0.8710712 0.8711850 0.8745689 0.8701905 0.6534686 1.0315773 1.0067823 1.1936841 0.9266128 1.0418647 1.0351200 1.0534995 1.3265630 2.1302862 1.7263825 0.5421230 
Clacor_Ccor_scaffold14009_01                          0.6133080 0.6017016 0.5767435 0.5750963 0.5812908 0.5790517 0.6166641 0.5697122 0.5595972 0.6437601 0.3329105 0.6263787 0.6529458 0.6392382 0.5793139 0.6230711 0.5868389 0.6127487 0.6379591 0.5950603 0.6145016 0.4159916 0.3129650 0.4673143 0.0000000 0.5814169 0.6244223 0.6492063 0.5732426 0.7019200 0.7054080 0.7878524 0.6072203 0.5713961 0.6540237 0.7750590 0.6848940 0.6887945 0.6658272 0.6759861 0.6650094 0.6647697 0.6754634 0.6136175 0.5641786 0.8624189 1.0220746 1.0788719 0.8281925 0.9261282 0.9099639 0.9113610 1.1440248 1.9381990 1.4222972 0.6887031 
Aque_Aqu2.1.30292_001                                 0.4898481 0.5064411 0.5197541 0.5737246 0.5701244 0.5760049 0.5894565 0.5646000 0.5508294 0.6252119 0.4720071 0.5965597 0.6269000 0.5883840 0.5991996 0.5933098 0.4986207 0.5259461 0.5491487 0.5630219 0.5457606 0.6853638 0.5288505 0.7607498 0.5814169 0.0000000 0.1676895 0.3816696 0.3484937 0.5077040 0.4773435 0.7632835 0.6123724 0.5809072 0.5715682 0.5722650 0.6170349 0.6363658 0.6312725 0.6446147 0.6228894 0.6255013 0.6316530 0.5806622 0.5377491 0.7801141 0.8817436 0.9178050 0.7265574 0.7915107 0.8032606 0.8053143 0.9040111 1.4413231 1.1907882 1.1906670 
Halamb_c53673_g1_i1m.36174                            0.4890469 0.4978924 0.5357316 0.5820122 0.5883033 0.5724154 0.6060500 0.5891480 0.5730996 0.6649404 0.4434965 0.5930555 0.6028779 0.5761901 0.6067528 0.5980987 0.5502907 0.5322305 0.5986656 0.5709691 0.5783593 0.6742882 0.5594375 0.8053368 0.6244223 0.1676895 0.0000000 0.3564452 0.3427471 0.4746409 0.4403993 0.7768451 0.6375966 0.6025036 0.5783767 0.5487740 0.6632964 0.6752369 0.6817694 0.6926944 0.6616736 0.6644551 0.6848797 0.6040961 0.5413222 0.8272102 0.9260440 1.0007427 0.8135996 0.8575549 0.8507016 0.8376209 0.9627361 1.6439538 1.2212486 1.1844318 
Tetwil_g1215.t2                                       0.5368909 0.5101086 0.5317495 0.5777314 0.5641995 0.5557058 0.5954157 0.5448194 0.5319713 0.6227816 0.4497577 0.6076284 0.6164109 0.6160533 0.6362284 0.5617873 0.5461680 0.5422754 0.5811147 0.5765770 0.5754413 0.7122438 0.5254246 0.8175276 0.6492063 0.3816696 0.3564452 0.0000000 0.2607016 0.4711429 0.4430565 0.6778069 0.5827166 0.5667919 0.6074370 0.5273446 0.6455631 0.6676284 0.6554763 0.6646237 0.6568471 0.6599531 0.6690007 0.5858013 0.5597352 0.8723534 0.9705747 0.9903505 0.7790871 0.8815453 0.8785625 0.8618826 0.9707987 1.6451633 1.3551137 1.2530536 
Stycar_maker-SC_scaffold2268-augustus-gene-0.4-mRNA-1 0.4661025 0.4439178 0.5075037 0.5908465 0.5593268 0.5237441 0.6285696 0.5544929 0.5383453 0.5434080 3.1110085 0.5565229 0.5412139 0.5231583 0.4906670 0.5565651 0.4460786 0.4866532 0.5833489 0.5555517 0.5656019 0.5727263 0.4598076 0.6564708 0.5732426 0.3484937 0.3427471 0.2607016 0.0000000 0.4431808 0.4595668 0.4697024 0.4766426 0.5092363 0.4979936 0.4403467 0.5439946 0.5439946 0.5192725 0.5158568 0.5083408 0.5171557 0.5365689 0.6146525 0.5705576 0.7184380 0.7748507 0.7940728 0.7789083 0.7789083 0.9784528 0.9439665 0.7691871 0.0000010 0.6546696 0.7247401 
Emue_Em0008g971a.t1                                   0.5978453 0.6938417 0.7012866 0.7423293 0.6907667 0.7073968 0.7644444 0.6900582 0.6773867 0.7656623 0.4319166 0.7800702 0.7714888 0.7546655 0.7892214 0.7362242 0.7142357 0.6553634 0.6868394 0.7295183 0.7371910 0.7912726 0.6489118 0.8922406 0.7019200 0.5077040 0.4746409 0.4711429 0.4431808 0.0000000 0.0979100 1.0742788 0.8228218 0.7553130 0.7861385 0.5761354 0.6918430 0.7961617 0.7807205 0.7827249 0.7767348 0.7767348 0.7552078 0.6597038 0.6287852 0.9396832 0.8836830 1.0837427 0.8387410 0.9880563 0.9317362 0.9176348 1.2751664 1.8905535 1.6209344 1.3339546 
Spolac_c104396_g2_i2_m.40167c104396-g2                0.5383559 0.5600961 0.5710175 0.5920620 0.5833852 0.6023184 0.6386105 0.5910644 0.5778864 0.6408123 0.3948420 0.6342704 0.6464867 0.6156273 0.6365654 0.6123706 0.5700416 0.5617474 0.6128870 0.6063721 0.6309058 0.7562712 0.6516248 0.8467394 0.7054080 0.4773435 0.4403993 0.4430565 0.4595668 0.0979100 0.0000000 0.8954828 0.7032481 0.6305979 0.6110278 0.6106476 0.6793546 0.7250464 0.7343515 0.7312011 0.7154977 0.7189331 0.7057106 0.6220970 0.6325160 0.8374417 0.9503543 0.9718103 0.7714203 0.8415539 0.8507949 0.8638983 0.9951751 1.4448986 1.3044890 1.3574609 
Ocar_g446                                             0.6776611 0.7634123 0.8703963 0.9245417 0.9176612 0.9001923 1.0081717 0.9117443 0.9106396 0.8329315 3.1110085 0.8180746 0.7835920 0.8672723 0.8319148 0.8947373 0.7779506 0.7634830 0.7461055 0.9111352 0.9105599 0.9469467 0.5498878 1.1077108 0.7878524 0.7632835 0.7768451 0.6778069 0.4697024 1.0742788 0.8954828 0.0000000 0.0000010 0.4409776 0.8798623 0.6022638 0.8651892 0.9267079 0.9002554 0.9159387 0.8941924 0.8986350 0.9440377 0.7200770 0.5636796 1.0985156 0.9524140 1.2138287 0.9725658 1.1485202 1.1208917 1.0630742 1.0616415 1.6366025 1.4571360 1.2383752 
Opea_EP00118_Oscarella_pearsei_P021080                0.5487139 0.6206643 0.6548212 0.6749132 0.6722181 0.6725292 0.7184071 0.6760845 0.6696599 0.6646839 0.4873268 0.6412224 0.6263382 0.6674003 0.6320986 0.6765626 0.6098891 0.5909922 0.5972643 0.6931424 0.6884346 0.7274860 0.5534110 0.8509230 0.6072203 0.6123724 0.6375966 0.5827166 0.4766426 0.8228218 0.7032481 0.0000010 0.0000000 0.3448503 0.6814001 0.5968814 0.6956783 0.7371141 0.7202325 0.7343167 0.7138866 0.7172265 0.7325479 0.6214945 0.5445872 0.8808228 0.9804259 1.0532869 0.8480847 0.9579929 0.9218082 0.8937982 1.0475788 1.6366025 1.4506290 1.2152160 
Plajan_Pjan_scaffold11719_01                          0.4865561 0.5650445 0.5625905 0.6347238 0.6053439 0.6092023 0.6155966 0.6041608 0.5918264 0.6540363 0.4138815 0.6093808 0.6043902 0.6448803 0.6441194 0.6527739 0.5825104 0.5664745 0.6286692 0.6751854 0.6808930 0.6991844 0.5950315 0.7930911 0.5713961 0.5809072 0.6025036 0.5667919 0.5092363 0.7553130 0.6305979 0.4409776 0.3448503 0.0000000 0.6533543 0.6124233 0.6687528 0.7054337 0.6730374 0.6749282 0.6660530 0.6692224 0.6851594 0.6073950 0.5352562 0.8478651 0.9962436 0.9820846 0.7856093 0.8845404 0.8496359 0.8679749 0.9940075 1.5225209 1.3286364 1.1182807 
Dpul_mRNA15722                                        0.4782989 0.4759713 0.6171171 0.6780059 0.6760906 0.6721508 0.6892687 0.6448946 0.6461357 0.6868108 0.5054040 0.6668856 0.6464030 0.6726053 0.6520331 0.7205078 0.5152043 0.4769521 0.4854943 0.6500825 0.6858350 0.6923479 0.5409448 0.8465406 0.6540237 0.5715682 0.5783767 0.6074370 0.4979936 0.7861385 0.6110278 0.8798623 0.6814001 0.6533543 0.0000000 0.7169167 0.6770645 0.7419030 0.7065245 0.7210369 0.7073328 0.7053711 0.7550885 0.6197939 0.4877529 0.8823657 0.9104895 1.0372460 0.9108953 1.0003853 0.9569981 0.9337763 1.2046732 2.0788913 1.6598349 1.2197772 
Plespi_Pspi_scaffold12668_01                          0.5983829 0.5815948 0.5612990 0.5660316 0.5766922 0.5844660 0.6447414 0.5577490 0.5497455 0.6959386 3.1110085 0.6331424 0.6334059 0.6174220 0.6454217 0.6310829 0.6622496 0.6213055 0.6347261 0.6522416 0.6501327 0.9165714 0.6176324 0.9675660 0.7750590 0.5722650 0.5487740 0.5273446 0.4403467 0.5761354 0.6106476 0.6022638 0.5968814 0.6124233 0.7169167 0.0000000 0.8072698 0.8059807 0.7759314 0.7911794 0.8049027 0.7999591 0.7752622 0.6119073 0.6272597 0.8533505 0.8890736 0.8648177 0.8928358 0.9028717 0.9415365 0.9484919 0.8195677 1.1166691 0.8944049 1.0309018 
Tadh_TriadT26362                                      0.6077418 0.6350647 0.6450227 0.6234773 0.6337413 0.6266751 0.6346944 0.6177295 0.6181417 0.6715818 0.6261387 0.6967225 0.6797097 0.6929027 0.6759947 0.6955987 0.6125052 0.6250751 0.6494813 0.6266826 0.6500465 0.7410231 0.5644333 0.8315371 0.6848940 0.6170349 0.6632964 0.6455631 0.5439946 0.6918430 0.6793546 0.8651892 0.6956783 0.6687528 0.6770645 0.8072698 0.0000000 0.0273888 0.1036974 0.0962701 0.1059589 0.1076169 0.1079437 0.6651442 0.5776515 0.9533276 1.2610925 1.0228054 0.9109447 0.9589987 0.9314100 0.9442398 1.1401105 2.1910609 1.5936102 1.3773254 
TrH2_TrispH2_005416-RA                                0.6449878 0.6845909 0.7062971 0.6902732 0.6976322 0.7021917 0.7294938 0.6882607 0.6831016 0.7681389 0.6261387 0.7554600 0.7475846 0.7332153 0.7406091 0.7421755 0.6758345 0.6774783 0.7216648 0.6932775 0.6970068 0.8012348 0.5644333 0.8614118 0.6887945 0.6363658 0.6752369 0.6676284 0.5439946 0.7961617 0.7250464 0.9267079 0.7371141 0.7054337 0.7419030 0.8059807 0.0273888 0.0000000 0.1000340 0.0901839 0.1045621 0.1060634 0.1143719 0.6824365 0.5839472 0.9908399 1.2610925 1.1280315 0.9125453 0.9971022 0.9702766 0.9690116 1.2231141 2.2151258 1.7280417 1.3518909 
HoiH06_mRNA1100                                       0.6247849 0.6551025 0.6842560 0.6522385 0.6676944 0.6760059 0.6923925 0.6674515 0.6583713 0.7316635 0.6191360 0.7205646 0.7126451 0.7217687 0.7201844 0.7106297 0.6526972 0.6584900 0.6981715 0.6721897 0.6833162 0.7491483 0.5388629 0.8479782 0.6658272 0.6312725 0.6817694 0.6554763 0.5192725 0.7807205 0.7343515 0.9002554 0.7202325 0.6730374 0.7065245 0.7759314 0.1036974 0.1000340 0.0000000 0.0101319 0.0377785 0.0350594 0.0605234 0.6844202 0.5903691 0.9351515 1.1861746 1.1055085 0.8941910 0.9646289 0.9283076 0.9323598 1.1779901 2.0438260 1.6115273 1.2436619 
HoiH23_PlH23_008627-RA                                0.6280437 0.6650926 0.6936656 0.6569898 0.6755242 0.6850364 0.6952958 0.6741430 0.6643488 0.7424982 0.6253662 0.7313791 0.7227140 0.7393788 0.7318864 0.7227989 0.6612586 0.6634092 0.7079884 0.6742789 0.6887051 0.7646714 0.5519491 0.8645219 0.6759861 0.6446147 0.6926944 0.6646237 0.5158568 0.7827249 0.7312011 0.9159387 0.7343167 0.6749282 0.7210369 0.7911794 0.0962701 0.0901839 0.0101319 0.0000000 0.0357028 0.0343525 0.0637787 0.6689620 0.5783239 0.9456779 1.1994298 1.1301693 0.9034287 0.9809612 0.9376830 0.9390658 1.1876104 2.1045866 1.6390016 1.2580393 
Hhon_g05076.t1                                        0.6042467 0.6538512 0.6878808 0.6590460 0.6704072 0.6778584 0.7016551 0.6790074 0.6680866 0.7360996 0.6196430 0.7170971 0.7134308 0.7124878 0.7277527 0.7334444 0.6489074 0.6441768 0.6934014 0.6559467 0.6786456 0.7653759 0.5680890 0.8710712 0.6650094 0.6228894 0.6616736 0.6568471 0.5083408 0.7767348 0.7154977 0.8941924 0.7138866 0.6660530 0.7073328 0.8049027 0.1059589 0.1045621 0.0377785 0.0357028 0.0000000 0.0024948 0.0774539 0.6880158 0.5829385 0.9291667 1.2284413 1.1053976 0.8947393 0.9661730 0.9233868 0.9281059 1.1819884 2.1606236 1.6192503 1.2462945 
HoiH04_mRNA17430                                      0.6072052 0.6569211 0.6859182 0.6622521 0.6735836 0.6810251 0.7031900 0.6821995 0.6712267 0.7395987 0.6196430 0.7151341 0.7138510 0.7107924 0.7257700 0.7314724 0.6518985 0.6472049 0.6907011 0.6590072 0.6766703 0.7618601 0.5658705 0.8711850 0.6647697 0.6255013 0.6644551 0.6599531 0.5171557 0.7767348 0.7189331 0.8986350 0.7172265 0.6692224 0.7053711 0.7999591 0.1076169 0.1060634 0.0350594 0.0343525 0.0024948 0.0000000 0.0743073 0.6882970 0.5808990 0.9273558 1.2169092 1.1093309 0.8991233 0.9706389 0.9277098 0.9262491 1.1870259 2.1606236 1.6192503 1.2496873 
HoiH11_mRNA2506                                       0.6373332 0.6756876 0.6924702 0.6490048 0.6792790 0.6647351 0.6639309 0.6537750 0.6425497 0.7354372 0.6029678 0.7201729 0.7190927 0.7287950 0.7126591 0.7152648 0.6798833 0.6830841 0.7064616 0.6833636 0.6846691 0.7743586 0.5698740 0.8745689 0.6754634 0.6316530 0.6848797 0.6690007 0.5365689 0.7552078 0.7057106 0.9440377 0.7325479 0.6851594 0.7550885 0.7752622 0.1079437 0.1143719 0.0605234 0.0637787 0.0774539 0.0743073 0.0000000 0.6804063 0.5968654 0.9745380 1.2023595 1.0293666 0.9108307 1.0114986 0.9614062 0.9752244 1.2283988 2.3190191 1.8500583 1.3480336 
Adig_XM_015909193.1                                   0.4584810 0.5090435 0.2497868 0.0192465 0.0899127 0.1090994 0.0959768 0.1120703 0.1013211 0.4760338 0.2776000 0.4386722 0.4594330 0.4806211 0.4319254 0.4627414 0.5014687 0.5182855 0.4795245 0.3581398 0.3883589 0.7230767 0.6837297 0.8701905 0.6136175 0.5806622 0.6040961 0.5858013 0.6146525 0.6597038 0.6220970 0.7200770 0.6214945 0.6073950 0.6197939 0.6119073 0.6651442 0.6824365 0.6844202 0.6689620 0.6880158 0.6882970 0.6804063 0.0000000 0.5581200 0.8236420 0.8874105 0.8888629 0.8560617 0.8563111 0.8121318 0.8653594 0.8708849 1.5062782 1.1330284 1.1477885 
Skow_XM_006822254.1                                   0.4458521 0.4554468 0.4443492 0.4916549 0.4784422 0.4521857 0.4120216 0.4617543 0.4538702 0.5446781 0.6277211 0.5346937 0.5381157 0.5414748 0.5040711 0.5425780 0.4291052 0.4378216 0.4678875 0.5209734 0.5417595 0.5847118 0.5703709 0.6534686 0.5641786 0.5377491 0.5413222 0.5597352 0.5705576 0.6287852 0.6325160 0.5636796 0.5445872 0.5352562 0.4877529 0.6272597 0.5776515 0.5839472 0.5903691 0.5783239 0.5829385 0.5808990 0.5968654 0.5581200 0.0000000 0.6663659 0.8770033 0.6729786 0.7525908 0.7523664 0.7355321 0.7145622 0.7318987 0.0000010 0.2681606 0.7487514 
Mlei_ML0106.g21.i1                                    0.8082314 0.9147083 0.9015495 0.8927371 0.8960850 0.9321758 0.9696300 0.9353895 0.9156828 0.9795219 0.6337738 0.9488023 0.9929359 0.9421905 0.9541297 0.9474797 0.8599052 0.8336660 0.9288495 0.9097242 0.8917388 0.9038005 0.7966461 1.0315773 0.8624189 0.7801141 0.8272102 0.8723534 0.7184380 0.9396832 0.8374417 1.0985156 0.8808228 0.8478651 0.8823657 0.8533505 0.9533276 0.9908399 0.9351515 0.9456779 0.9291667 0.9273558 0.9745380 0.8236420 0.6663659 0.0000000 0.0592714 0.2274423 0.2109930 0.2355712 0.2810709 0.2594532 0.3334618 0.3597935 0.3193932 1.2975762 
Bolinf_Binf_sb1187408                                 0.9375175 0.9059983 0.9338966 0.9122789 0.9259637 0.9194369 0.8794486 0.9225186 0.9128524 1.0404314 0.0000010 0.9550217 0.9807693 0.9792251 0.9885765 0.9998845 0.7710439 0.8771417 0.9165423 0.8936982 0.9012173 0.9521735 0.8349353 1.0067823 1.0220746 0.8817436 0.9260440 0.9705747 0.7748507 0.8836830 0.9503543 0.9524140 0.9804259 0.9962436 0.9104895 0.8890736 1.2610925 1.2610925 1.1861746 1.1994298 1.2284413 1.2169092 1.2023595 0.8874105 0.8770033 0.0592714 0.0000000 0.1827421 0.2367443 0.2367443 0.2992824 0.2909613 0.3547688 0.2145938 0.2061836 1.0321031 
Beraby_Baby_sb342390                                  0.9295409 1.0693654 1.0500066 1.0518107 1.0671292 1.0831595 1.1132619 1.0787356 1.0784617 1.1119486 0.7103668 1.0586926 1.1080792 1.0891184 1.0792082 1.0959277 1.0366719 0.9847761 1.0556899 1.0246166 1.0409252 1.0477913 0.8048650 1.1936841 1.0788719 0.9178050 1.0007427 0.9903505 0.7940728 1.0837427 0.9718103 1.2138287 1.0532869 0.9820846 1.0372460 0.8648177 1.0228054 1.1280315 1.1055085 1.1301693 1.1053976 1.1093309 1.0293666 0.8888629 0.6729786 0.2274423 0.1827421 0.0000000 0.2451057 0.3490398 0.3809489 0.3461577 0.4617460 0.4094921 0.5574745 1.6271930 
Pbac_sb2653086                                        0.7638809 0.8023622 0.7922183 0.7928595 0.8076102 0.8219192 0.8209947 0.7980562 0.7889820 0.9024977 0.6530986 0.8910391 0.8794939 0.8562823 0.8390981 0.8411113 0.8207957 0.7979347 0.8159054 0.7748726 0.8327684 0.8108505 0.8672253 0.9266128 0.8281925 0.7265574 0.8135996 0.7790871 0.7789083 0.8387410 0.7714203 0.9725658 0.8480847 0.7856093 0.9108953 0.8928358 0.9109447 0.9125453 0.8941910 0.9034287 0.8947393 0.8991233 0.9108307 0.8560617 0.7525908 0.2109930 0.2367443 0.2451057 0.0000000 0.0013005 0.2912301 0.2911701 0.3586251 0.3604495 0.3801535 1.2648916 
Horcal_Hcv1.av93.c5.g823.i1                           0.8891292 0.9622090 0.9355667 0.9495438 0.9621159 0.9864607 1.0434397 0.9567157 0.9313348 1.0547722 0.6530986 1.0402933 1.0306735 1.0096737 0.9903227 0.9936677 0.9270918 0.9350212 0.9481012 0.8811974 0.9458839 0.9094102 0.8746028 1.0418647 0.9261282 0.7915107 0.8575549 0.8815453 0.7789083 0.9880563 0.8415539 1.1485202 0.9579929 0.8845404 1.0003853 0.9028717 0.9589987 0.9971022 0.9646289 0.9809612 0.9661730 0.9706389 1.0114986 0.8563111 0.7523664 0.2355712 0.2367443 0.3490398 0.0013005 0.0000000 0.3151476 0.3061486 0.4299370 0.4744341 0.4628008 1.4782374 
Vmul_SimC406824                                       0.7947555 0.9172639 0.8986720 0.8809151 0.8890423 0.9289746 0.9434073 0.9411226 0.9195406 0.9978229 0.6160665 0.9841782 0.9555119 1.0074738 0.9186686 0.9422999 0.8613592 0.8402984 0.9291507 0.8871995 0.9084763 0.9134075 0.8945248 1.0351200 0.9099639 0.8032606 0.8507016 0.8785625 0.9784528 0.9317362 0.8507949 1.1208917 0.9218082 0.8496359 0.9569981 0.9415365 0.9314100 0.9702766 0.9283076 0.9376830 0.9233868 0.9277098 0.9614062 0.8121318 0.7355321 0.2810709 0.2992824 0.3809489 0.2912301 0.3151476 0.0000000 0.1238566 0.3372665 0.4769627 0.3356454 1.5073071 
Coemet_Cmet_scaffold20790_01                          0.8128700 0.8544440 0.9156314 0.8950895 0.9259189 0.9487323 0.9781091 0.9701938 0.9536271 0.9655678 0.5171109 0.9644975 0.9620831 0.9848741 0.9206844 0.9480797 0.8460626 0.7946439 0.8831087 0.9003645 0.9100911 0.9309816 0.8637607 1.0534995 0.9113610 0.8053143 0.8376209 0.8618826 0.9439665 0.9176348 0.8638983 1.0630742 0.8937982 0.8679749 0.9337763 0.9484919 0.9442398 0.9690116 0.9323598 0.9390658 0.9281059 0.9262491 0.9752244 0.8653594 0.7145622 0.2594532 0.2909613 0.3461577 0.2911701 0.3061486 0.1238566 0.0000000 0.3010423 0.4107347 0.3234794 1.5276127 
Eupdun_Edun_sb10651040                                0.9591464 1.1403544 1.1476640 1.1564553 1.2041206 1.2387426 1.3238966 1.2510974 1.2347128 1.2051194 3.4810062 1.1943278 1.1901714 1.1731288 1.1908832 1.1373863 1.1057529 1.0825557 1.1450361 1.1306686 1.1267148 1.1528986 0.8150316 1.3265630 1.1440248 0.9040111 0.9627361 0.9707987 0.7691871 1.2751664 0.9951751 1.0616415 1.0475788 0.9940075 1.2046732 0.8195677 1.1401105 1.2231141 1.1779901 1.1876104 1.1819884 1.1870259 1.2283988 0.8708849 0.7318987 0.3334618 0.3547688 0.4617460 0.3586251 0.4299370 0.3372665 0.3010423 0.0000000 0.5100797 0.4102554 1.4374136 
Mertsp_Mesp_sb578642                                  1.6002293 1.9702974 1.9823455 1.7524148 1.9315387 2.0243576 2.0437610 2.1014328 2.1162174 1.9794179 0.0000010 1.8341589 1.8299682 1.8920851 1.8540316 2.0260986 2.1254143 1.7662112 1.9861790 1.5948264 1.7508962 1.7783530 1.8973010 2.1302862 1.9381990 1.4413231 1.6439538 1.6451633 0.0000010 1.8905535 1.4448986 1.6366025 1.6366025 1.5225209 2.0788913 1.1166691 2.1910609 2.2151258 2.0438260 2.1045866 2.1606236 2.1606236 2.3190191 1.5062782 0.0000010 0.3597935 0.2145938 0.4094921 0.3604495 0.4744341 0.4769627 0.4107347 0.5100797 0.0000000 0.3716095 1.9046755 
Lampan_Lpan_13089_01                                  1.4112770 1.5428614 1.6472600 1.5711227 1.6885414 1.7848347 1.8606882 1.7196762 1.7157520 1.6423885 0.0000010 1.7293572 1.7083887 1.7624555 1.6291068 1.6421778 1.5814562 1.5162739 1.5305185 1.4431739 1.4760121 1.4221968 0.7525064 1.7263825 1.4222972 1.1907882 1.2212486 1.3551137 0.6546696 1.6209344 1.3044890 1.4571360 1.4506290 1.3286364 1.6598349 0.8944049 1.5936102 1.7280417 1.6115273 1.6390016 1.6192503 1.6192503 1.8500583 1.1330284 0.2681606 0.3193932 0.2061836 0.5574745 0.3801535 0.4628008 0.3356454 0.3234794 0.4102554 0.3716095 0.0000000 1.4469807 
Gracom_Gcom_scaffold6984_01                           1.3460745 1.2279617 1.2513612 1.1498701 1.3247740 1.4470948 1.5045792 1.3483143 1.3264397 1.2835942 0.0000010 1.2857317 1.3413982 1.2022447 1.2388215 1.2684508 1.2370744 1.2311583 1.2387544 1.2738100 1.3430916 0.4943845 0.3608412 0.5421230 0.6887031 1.1906670 1.1844318 1.2530536 0.7247401 1.3339546 1.3574609 1.2383752 1.2152160 1.1182807 1.2197772 1.0309018 1.3773254 1.3518909 1.2436619 1.2580393 1.2462945 1.2496873 1.3480336 1.1477885 0.7487514 1.2975762 1.0321031 1.6271930 1.2648916 1.4782374 1.5073071 1.5276127 1.4374136 1.9046755 1.4469807 0.0000000 
