45
Hsap_ENST00000367619                              0.0000000 1.7399844 1.9889019 1.4209581 1.6948960 1.4885685 1.5197038 1.3213991 1.8327891 1.8864774 1.7492090 1.7482632 1.8469700 1.7787764 1.8305292 1.7350861 1.7588996 2.0774796 1.6711714 1.7851456 2.2079261 2.0996736 1.7228971 2.0509893 1.6143706 1.6663605 1.9949458 1.9229672 1.6400925 1.6950362 1.5877905 2.0841349 1.9750510 2.1845396 2.1680552 2.0342239 1.9425269 1.7855467 1.7124477 1.8559616 2.2596015 3.7835879 3.2311254 2.9280404 3.7106010 
Bralan_BLAG10000697_1                             1.7399844 0.0000000 1.7998365 1.3762943 1.5227358 1.3726131 1.2831123 1.0301952 1.6713187 1.8677085 1.7155577 1.8012510 1.4647441 1.5061206 1.6665153 1.5304074 1.6429738 2.0280477 1.5790228 1.5018494 1.7065843 1.6744237 1.4166057 1.7592841 1.3429463 1.2673541 1.6260435 1.9400506 1.7024162 1.6810657 1.3986371 1.7255962 1.6764928 1.7647328 1.7159979 1.6515540 1.6733000 1.5479460 1.3868010 1.7359360 2.5537537 4.2974030 3.1418375 2.9740172 3.9790566 
Spur_XM_030990604.1                               1.9889019 1.7998365 0.0000000 1.6417700 1.5748376 1.6143747 1.6321345 1.4515288 1.7800246 1.8164546 1.6941136 1.8678524 1.7461745 1.7391612 1.7929348 1.6272327 1.6448741 1.9508843 1.6559399 1.5878923 1.9181708 1.8050289 1.4646387 1.8647640 1.3748042 1.2272771 1.7714961 2.0250616 1.9187375 1.9571719 1.3556651 1.7887045 1.7218532 1.7835319 1.7377603 1.7115362 1.7378793 1.7965344 1.5710530 1.4801806 2.6205526 4.3959264 3.3641977 2.8555279 3.9483326 
Skow_XM_006816608.1                               1.4209581 1.3762943 1.6417700 0.0000000 0.6660029 0.9208233 0.9157591 1.1569591 1.1838519 7.2587833 1.3309273 1.1418881 1.1975456 0.9457000 1.4448859 1.4122292 1.1154366 0.0000010 1.2494652 1.1510965 1.2701587 1.1359883 1.2905034 1.2109555 1.2028966 1.3501016 1.0827353 1.5076874 1.1106667 1.3969257 1.5647615 1.6328864 1.8925236 1.6968683 1.5660954 1.5660954 1.7067242 1.3115279 1.3224441 0.0000010 3.2359360 4.8664072 5.1058692 2.5157495 5.0948049 
Cgig_XM_011451790.3                               1.6948960 1.5227358 1.5748376 0.6660029 0.0000000 0.8090385 0.9646588 0.9902716 1.5470284 1.6937447 1.4929407 1.5782576 1.4654949 1.3969975 1.4868036 1.3768633 1.3650785 1.9536948 1.3717597 1.3175001 1.6373718 1.5808547 1.3272252 1.5708768 1.0994646 1.3139623 1.5304406 1.9025085 1.5202219 1.5577916 1.1899750 1.6296471 1.4671936 1.5983261 1.5808565 1.5590299 1.5544739 1.5589549 1.4014493 1.4289305 2.4281241 3.9699676 3.5466766 2.9195657 4.0775096 
Acagra_model.g26662.t1                            1.4885685 1.3726131 1.6143747 0.9208233 0.8090385 0.0000000 0.7731094 1.1808797 1.4110519 1.4521606 1.3634656 1.3850858 1.4083463 1.4101665 1.3863088 1.2286502 1.3390368 1.4928727 1.4010578 1.2657347 1.6473384 1.6768910 1.3030395 1.6680805 1.3322131 1.3713008 1.6088967 1.8020802 1.3505512 1.4157314 1.1139667 1.5047931 1.4625991 1.5530621 1.4963396 1.4744125 1.4452603 1.5203991 1.3055060 1.2382730 2.2756229 3.6998870 3.4492503 2.7399636 3.3806093 
Ctel_gnl_WGS_AMQN_CAPTEDRAFT_mRNA225564           1.5197038 1.2831123 1.6321345 0.9157591 0.9646588 0.7731094 0.0000000 1.0925392 1.5904286 1.6877945 1.4899587 1.6577479 1.3544536 1.4490675 1.4752477 1.3623034 1.3395642 1.7627691 1.4119832 1.2739462 1.6390557 1.5508190 1.3410624 1.4659824 1.1637491 1.1875854 1.6074226 1.8882851 1.4756988 1.4910002 1.3165876 1.7431968 1.6254853 1.7155500 1.6536286 1.6363374 1.6102478 1.5358651 1.3147693 1.4723123 2.6011927 4.0906254 3.6235548 3.2850008 4.0166677 
Aaur_scaffold640.g5.t1                            1.3213991 1.0301952 1.4515288 1.1569591 0.9902716 1.1808797 1.0925392 0.0000000 0.0899955 0.2558164 0.2339295 0.6210318 0.7472703 0.7518258 0.6714465 0.6000744 0.7008428 0.0000010 0.7901516 0.6799458 1.1976107 1.0484257 1.1276745 1.1613227 1.0860815 0.9809333 1.1587259 0.8165485 0.8754952 0.9647277 1.0998968 1.2296829 1.2938663 1.2475311 1.1966355 1.1966355 1.1885134 0.8136775 1.0711802 0.4038779 2.2176750 3.6001919 3.2559825 1.9510561 2.4065080 
Rhoesc_Res_005816-T2                              1.8327891 1.6713187 1.7800246 1.1838519 1.5470284 1.4110519 1.5904286 0.0899955 0.0000000 0.1651767 0.3600744 0.7483869 1.1355178 1.1131570 1.2170318 1.1713042 1.1604845 1.2743240 1.0406804 0.9991402 1.7427364 1.6379831 1.3163067 1.6455373 1.3028298 1.3140151 1.5580455 1.4239274 1.2478772 1.3560469 1.3308815 1.7392515 1.6258353 1.7151187 1.7006081 1.6733249 1.6189137 1.4060404 1.6110679 1.6992334 2.4788988 4.0582619 3.4407527 3.0080501 3.4365854 
Nemnom_g12892.t1                                  1.8864774 1.8677085 1.8164546 7.2587833 1.6937447 1.4521606 1.6877945 0.2558164 0.1651767 0.0000000 0.4627588 0.8673704 1.2328490 1.2935599 1.2559183 1.2357488 1.2857365 1.2452141 1.1063691 1.1104630 1.9500258 1.7431282 1.3536235 1.7724587 1.2970948 1.2571558 1.6599414 1.6147564 1.4673903 1.5260706 1.3031089 1.8109418 1.5650405 1.7349476 1.7457212 1.6617018 1.6272590 1.4343707 1.7088779 1.6944547 2.6237575 4.0651452 3.0549067 2.9713528 3.3211564 
Sanmal_Sma_005717-T3                              1.7492090 1.7155577 1.6941136 1.3309273 1.4929407 1.3634656 1.4899587 0.2339295 0.3600744 0.4627588 0.0000000 0.8218782 1.0676930 1.1306824 1.2437968 1.1537162 1.2192726 1.1872203 1.0512412 1.0209325 1.6658138 1.6201840 1.2599319 1.6441663 1.3465684 1.3555399 1.6231140 1.3899892 1.2062425 1.3470854 1.2599776 1.6847185 1.5929900 1.6828222 1.6899840 1.6284969 1.5813862 1.3605729 1.6192771 1.6140790 2.5434448 3.8906060 3.3810996 2.6783096 3.2950513 
Morvir_scaffold140.g27.t3                         1.7482632 1.8012510 1.8678524 1.1418881 1.5782576 1.3850858 1.6577479 0.6210318 0.7483869 0.8673704 0.8218782 0.0000000 1.2080144 1.1845353 1.3535230 1.2083109 1.1599438 1.3922518 1.1371361 1.1341217 1.7522865 1.6871245 1.3032777 1.6475688 1.2603589 1.4174073 1.6791529 1.4684098 1.1952984 1.3051232 1.3486983 1.7334984 1.6383098 1.7724266 1.7786623 1.7448884 1.7848944 1.5933062 1.6517574 1.8088304 2.4524945 3.8912025 3.2154985 2.9405671 3.6645234 
Exapal_XM_021037412.2                             1.8469700 1.4647441 1.7461745 1.1975456 1.4654949 1.4083463 1.3544536 0.7472703 1.1355178 1.2328490 1.0676930 1.2080144 0.0000000 0.4748161 1.0031435 0.9017917 0.8510177 1.0145039 0.8110767 0.7142535 1.4082318 1.4861144 1.2393458 1.5255693 1.1636209 1.0823572 1.3922720 1.4283942 1.1835296 1.2661222 1.3472247 1.8255390 1.7404936 1.9226003 1.8635980 1.7816148 1.8238185 1.3807096 1.6310113 1.5544376 2.3177917 3.7416547 3.2808274 2.9843632 3.4962505 
Nvec_v1g80875                                     1.7787764 1.5061206 1.7391612 0.9457000 1.3969975 1.4101665 1.4490675 0.7518258 1.1131570 1.2935599 1.1306824 1.1845353 0.4748161 0.0000000 0.9342262 0.8505000 0.7799252 0.9710992 0.7062416 0.6758455 1.4958253 1.4959413 1.1771486 1.4944950 1.0594975 1.0422307 1.3113885 1.4176045 1.1025343 1.2513752 1.2083864 1.6815631 1.6010940 1.7311768 1.6979172 1.6435505 1.6544877 1.4322246 1.4771086 1.5701818 2.4634483 3.6629064 3.3261731 2.7051670 3.5195658 
Adig_XM_015896638.1                               1.8305292 1.6665153 1.7929348 1.4448859 1.4868036 1.3863088 1.4752477 0.6714465 1.2170318 1.2559183 1.2437968 1.3535230 1.0031435 0.9342262 0.0000000 0.1401714 0.5810838 0.7415545 0.5731035 0.5689819 1.5667082 1.5186459 1.1203997 1.5517593 1.0049729 1.1131412 1.5651034 1.7984450 1.3400333 1.3987779 1.1276068 1.8144769 1.5036802 1.7351921 1.7520025 1.7155667 1.5852359 1.3958844 1.5029910 1.7680424 2.5230337 3.8948907 2.9507487 2.9474021 4.0167603 
Amil_Amillepora12867-RA                           1.7350861 1.5304074 1.6272327 1.4122292 1.3768633 1.2286502 1.3623034 0.6000744 1.1713042 1.2357488 1.1537162 1.2083109 0.9017917 0.8505000 0.1401714 0.0000000 0.3971787 0.4841606 0.4176681 0.4380483 1.5619593 1.5063107 1.1216535 1.5497603 1.0116059 1.2020785 1.4490405 1.6662798 1.2112190 1.3343624 1.1484816 1.7511085 1.4587719 1.7734466 1.7866443 1.7230669 1.5811522 1.2464279 1.5468072 1.5545027 2.5407820 4.1217455 3.0063402 2.8806090 3.8115368 
Gfas_gfas1.m1.14299.m1                            1.7588996 1.6429738 1.6448741 1.1154366 1.3650785 1.3390368 1.3395642 0.7008428 1.1604845 1.2857365 1.2192726 1.1599438 0.8510177 0.7799252 0.5810838 0.3971787 0.0000000 0.4031645 0.3432368 0.3296116 1.4855781 1.4963269 1.2251184 1.6153510 1.1488047 1.0583721 1.3762416 1.5947179 1.2170224 1.4164250 1.2344174 1.8407214 1.6501007 1.9023973 1.8567290 1.7716038 1.7384562 1.3097207 1.7846436 1.6286721 2.6138847 4.1098626 3.7070367 2.7732768 3.3723516 
Fspp_ffun1.m4.31182.m1                            2.0774796 2.0280477 1.9508843 0.0000010 1.9536948 1.4928727 1.7627691 0.0000010 1.2743240 1.2452141 1.1872203 1.3922518 1.0145039 0.9710992 0.7415545 0.4841606 0.4031645 0.0000000 0.2121060 0.2937637 2.0509182 2.0492458 1.4456547 2.1187281 1.2483936 1.5121114 2.0272454 2.1269242 1.5812684 1.5939863 1.1171564 2.0401726 1.7761778 2.1967432 2.1265981 1.9926000 1.9476638 1.5703319 2.4033769 1.7240227 2.3881062 4.0386904 0.2198327 3.0997389 3.6271946 
Gasp_gasp1.m3.2370.m1                             1.6711714 1.5790228 1.6559399 1.2494652 1.3717597 1.4010578 1.4119832 0.7901516 1.0406804 1.1063691 1.0512412 1.1371361 0.8110767 0.7062416 0.5731035 0.4176681 0.3432368 0.2121060 0.0000000 0.2821121 1.5430847 1.4745385 1.2209053 1.5918918 1.0717547 1.1151758 1.4694909 1.5100792 1.1469618 1.2948474 1.1465313 1.6375513 1.4740467 1.6444552 1.6220240 1.5521577 1.5435886 1.3226214 1.6391484 1.4323857 2.4090788 4.0079074 3.3290716 2.7171564 3.3717590 
Spis_XP_022794840_1                               1.7851456 1.5018494 1.5878923 1.1510965 1.3175001 1.2657347 1.2739462 0.6799458 0.9991402 1.1104630 1.0209325 1.1341217 0.7142535 0.6758455 0.5689819 0.4380483 0.3296116 0.2937637 0.2821121 0.0000000 1.4282838 1.3763032 1.1731418 1.5244820 1.0054888 1.0525210 1.3968810 1.5817389 1.1207036 1.2746433 1.2144853 1.6976314 1.5804271 1.7441911 1.7010199 1.6625533 1.7023035 1.2719272 1.6410124 1.4991249 2.2851012 4.0839994 3.5243219 2.7961690 3.4227739 
Scil_scict011770.1                                2.2079261 1.7065843 1.9181708 1.2701587 1.6373718 1.6473384 1.6390557 1.1976107 1.7427364 1.9500258 1.6658138 1.7522865 1.4082318 1.4958253 1.5667082 1.5619593 1.4855781 2.0509182 1.5430847 1.4282838 0.0000000 0.2947309 0.3508201 0.4319402 0.4925507 1.4175006 1.6023869 1.9865539 1.3855007 1.5685555 1.3323372 1.7478015 1.5824988 1.7793795 1.7297337 1.6345981 1.6226366 1.7295409 1.7653209 2.0294369 2.4817331 3.6710388 3.1578395 2.7864827 3.6577894 
Gracom_Gcom_C558934_01                            2.0996736 1.6744237 1.8050289 1.1359883 1.5808547 1.6768910 1.5508190 1.0484257 1.6379831 1.7431282 1.6201840 1.6871245 1.4861144 1.4959413 1.5186459 1.5063107 1.4963269 2.0492458 1.4745385 1.3763032 0.2947309 0.0000000 0.3400423 0.4032440 0.4830165 1.3357780 1.6009891 1.9577445 1.3563430 1.4833344 1.1952169 1.5657844 1.4480462 1.6042047 1.5483839 1.4693087 1.4688011 1.7091615 1.8160708 2.0312418 2.5595059 3.3827202 2.8619178 2.6072127 3.4831015 
Leuniv_Lniv_scaffold17987_01                      1.7228971 1.4166057 1.4646387 1.2905034 1.3272252 1.3030395 1.3410624 1.1276745 1.3163067 1.3536235 1.2599319 1.3032777 1.2393458 1.1771486 1.1203997 1.1216535 1.2251184 1.4456547 1.2209053 1.1731418 0.3508201 0.3400423 0.0000000 0.3953824 0.5563572 1.3132778 1.2592341 1.6887644 1.2393190 1.3029474 1.2927893 1.3954581 1.4061502 1.3669853 1.3547574 1.3547574 1.3647570 1.2484468 1.5077104 1.3746910 2.5086503 3.4409509 2.9275817 2.5239888 2.8274616 
Lcom_lcpid58281                                   2.0509893 1.7592841 1.8647640 1.2109555 1.5708768 1.6680805 1.4659824 1.1613227 1.6455373 1.7724587 1.6441663 1.6475688 1.5255693 1.4944950 1.5517593 1.5497603 1.6153510 2.1187281 1.5918918 1.5244820 0.4319402 0.4032440 0.3953824 0.0000000 0.5860291 1.3504902 1.5156150 1.9940835 1.4731731 1.5762986 1.2932543 1.6556201 1.4665122 1.6533951 1.6270812 1.5639702 1.5500143 1.7089347 1.7760281 1.9191535 2.6816925 3.7443786 3.2525527 2.7020732 3.6836951 
Clacor_Ccor_C533581_01                            1.6143706 1.3429463 1.3748042 1.2028966 1.0994646 1.3322131 1.1637491 1.0860815 1.3028298 1.2970948 1.3465684 1.2603589 1.1636209 1.0594975 1.0049729 1.0116059 1.1488047 1.2483936 1.0717547 1.0054888 0.4925507 0.4830165 0.5563572 0.5860291 0.0000000 1.0524570 1.0109644 1.5768461 1.1036214 1.2569662 1.1612893 1.2802729 1.3068987 1.2713189 1.2357736 1.2357736 1.2767231 1.2297413 1.3301710 1.1861290 2.1200839 2.9289567 2.9015721 2.2094741 2.8792349 
Ocar_g656                                         1.6663605 1.2673541 1.2272771 1.3501016 1.3139623 1.3713008 1.1875854 0.9809333 1.3140151 1.2571558 1.3555399 1.4174073 1.0823572 1.0422307 1.1131412 1.2020785 1.0583721 1.5121114 1.1151758 1.0525210 1.4175006 1.3357780 1.3132778 1.3504902 1.0524570 0.0000000 0.0501794 1.4432368 1.2020180 1.1504573 1.3744125 1.4263304 1.6367700 1.6226028 1.6036188 1.6036188 1.5886598 0.9276761 1.5327198 1.4354155 2.2949197 2.7349437 2.2393848 2.0564861 2.4865059 
Opea_EP00118_Oscarella_pearsei_P007892            1.9949458 1.6260435 1.7714961 1.0827353 1.5304406 1.6088967 1.6074226 1.1587259 1.5580455 1.6599414 1.6231140 1.6791529 1.3922720 1.3113885 1.5651034 1.4490405 1.3762416 2.0272454 1.4694909 1.3968810 1.6023869 1.6009891 1.2592341 1.5156150 1.0109644 0.0501794 0.0000000 1.8264900 1.4850897 1.5562444 1.3698588 1.7890177 1.8667698 1.9966850 1.9880690 1.9415792 1.8299006 1.0608728 1.8003731 1.9391384 2.6400504 3.8384133 3.2180170 2.7672194 3.2397149 
Chem_TCONS_00031813                               1.9229672 1.9400506 2.0250616 1.5076874 1.9025085 1.8020802 1.8882851 0.8165485 1.4239274 1.6147564 1.3899892 1.4684098 1.4283942 1.4176045 1.7984450 1.6662798 1.5947179 2.1269242 1.5100792 1.5817389 1.9865539 1.9577445 1.6887644 1.9940835 1.5768461 1.4432368 1.8264900 0.0000000 1.6124705 1.6763525 1.7808530 2.4076576 2.1542384 2.3848112 2.3701715 2.3320241 2.2648595 1.8433176 1.8246361 2.0547295 2.5142784 3.8383317 3.2706571 3.1732037 3.7750138 
Dgig_XM_028536099.1                               1.6400925 1.7024162 1.9187375 1.1106667 1.5202219 1.3505512 1.4756988 0.8754952 1.2478772 1.4673903 1.2062425 1.1952984 1.1835296 1.1025343 1.3400333 1.2112190 1.2170224 1.5812684 1.1469618 1.1207036 1.3855007 1.3563430 1.2393190 1.4731731 1.1036214 1.2020180 1.4850897 1.6124705 0.0000000 0.5457707 1.3501310 1.8694056 1.6820758 1.8394366 1.7934632 1.7489089 1.7845782 1.4086466 1.6295562 1.8220206 2.4518044 3.2264429 3.2186231 2.8790470 3.6514121 
Xesp_010079-T1                                    1.6950362 1.6810657 1.9571719 1.3969257 1.5577916 1.4157314 1.4910002 0.9647277 1.3560469 1.5260706 1.3470854 1.3051232 1.2661222 1.2513752 1.3987779 1.3343624 1.4164250 1.5939863 1.2948474 1.2746433 1.5685555 1.4833344 1.3029474 1.5762986 1.2569662 1.1504573 1.5562444 1.6763525 0.5457707 0.0000000 1.3743769 1.8383982 1.7127899 1.8237579 1.7714683 1.7367722 1.7056433 1.5427672 1.6893446 1.8390811 2.4116430 3.6784222 3.1447244 2.5460300 3.4768530 
Tadh_TriadT22890                                  1.5877905 1.3986371 1.3556651 1.5647615 1.1899750 1.1139667 1.3165876 1.0998968 1.3308815 1.3031089 1.2599776 1.3486983 1.3472247 1.2083864 1.1276068 1.1484816 1.2344174 1.1171564 1.1465313 1.2144853 1.3323372 1.1952169 1.2927893 1.2932543 1.1612893 1.3744125 1.3698588 1.7808530 1.3501310 1.3743769 0.0000000 0.0110653 0.1071434 0.1124898 0.1236029 0.1236029 0.1047023 1.3533041 1.4565290 1.3326149 2.4845971 3.8176725 3.2013856 2.3754269 3.4375248 
TrH2_TrispH2_004867-RA                            2.0841349 1.7255962 1.7887045 1.6328864 1.6296471 1.5047931 1.7431968 1.2296829 1.7392515 1.8109418 1.6847185 1.7334984 1.8255390 1.6815631 1.8144769 1.7511085 1.8407214 2.0401726 1.6375513 1.6976314 1.7478015 1.5657844 1.3954581 1.6556201 1.2802729 1.4263304 1.7890177 2.4076576 1.8694056 1.8383982 0.0110653 0.0000000 0.2232399 0.2237758 0.2363051 0.2144485 0.2124859 1.8340618 1.8353972 1.9187595 2.5789738 4.1510962 3.5167262 2.6452813 4.0354802 
HoiH06_mRNA10829                                  1.9750510 1.6764928 1.7218532 1.8925236 1.4671936 1.4625991 1.6254853 1.2938663 1.6258353 1.5650405 1.5929900 1.6383098 1.7404936 1.6010940 1.5036802 1.4587719 1.6501007 1.7761778 1.4740467 1.5804271 1.5824988 1.4480462 1.4061502 1.4665122 1.3068987 1.6367700 1.8667698 2.1542384 1.6820758 1.7127899 0.1071434 0.2232399 0.0000000 0.0693476 0.1233452 0.1233452 0.1130762 1.6599366 1.8733982 1.7066598 2.5643130 4.1843015 3.4917940 2.6586164 3.6710486 
HoiH23_PlH23_001323-RA                            2.1845396 1.7647328 1.7835319 1.6968683 1.5983261 1.5530621 1.7155500 1.2475311 1.7151187 1.7349476 1.6828222 1.7724266 1.9226003 1.7311768 1.7351921 1.7734466 1.9023973 2.1967432 1.6444552 1.7441911 1.7793795 1.6042047 1.3669853 1.6533951 1.2713189 1.6226028 1.9966850 2.3848112 1.8394366 1.8237579 0.1124898 0.2237758 0.0693476 0.0000000 0.0996142 0.1009402 0.1307331 1.8908124 1.7842679 2.0094735 2.5747623 4.3077942 3.5243831 2.6888477 3.9101433 
Hhon_g06311.t1                                    2.1680552 1.7159979 1.7377603 1.5660954 1.5808565 1.4963396 1.6536286 1.1966355 1.7006081 1.7457212 1.6899840 1.7786623 1.8635980 1.6979172 1.7520025 1.7866443 1.8567290 2.1265981 1.6220240 1.7010199 1.7297337 1.5483839 1.3547574 1.6270812 1.2357736 1.6036188 1.9880690 2.3701715 1.7934632 1.7714683 0.1236029 0.2363051 0.1233452 0.0996142 0.0000000 0.0042031 0.1339192 1.8814214 1.7514685 1.8772174 2.5415899 4.2229339 3.4265142 2.6944586 3.7148499 
HoiH04_mRNA17687                                  2.0342239 1.6515540 1.7115362 1.5660954 1.5590299 1.4744125 1.6363374 1.1966355 1.6733249 1.6617018 1.6284969 1.7448884 1.7816148 1.6435505 1.7155667 1.7230669 1.7716038 1.9926000 1.5521577 1.6625533 1.6345981 1.4693087 1.3547574 1.5639702 1.2357736 1.6036188 1.9415792 2.3320241 1.7489089 1.7367722 0.1236029 0.2144485 0.1233452 0.1009402 0.0042031 0.0000000 0.1369162 1.8132903 1.7630712 1.8341136 2.5197104 4.2461661 3.4265142 2.7213495 3.7622976 
HoiH11_mRNA4595                                   1.9425269 1.6733000 1.7378793 1.7067242 1.5544739 1.4452603 1.6102478 1.1885134 1.6189137 1.6272590 1.5813862 1.7848944 1.8238185 1.6544877 1.5852359 1.5811522 1.7384562 1.9476638 1.5435886 1.7023035 1.6226366 1.4688011 1.3647570 1.5500143 1.2767231 1.5886598 1.8299006 2.2648595 1.7845782 1.7056433 0.1047023 0.2124859 0.1130762 0.1307331 0.1339192 0.1369162 0.0000000 1.7694332 1.8074448 1.8309663 2.6015764 4.1133347 3.2442337 2.7235318 3.7620389 
Plajan_Pjan_scaffold22538_01                      1.7855467 1.5479460 1.7965344 1.3115279 1.5589549 1.5203991 1.5358651 0.8136775 1.4060404 1.4343707 1.3605729 1.5933062 1.3807096 1.4322246 1.3958844 1.2464279 1.3097207 1.5703319 1.3226214 1.2719272 1.7295409 1.7091615 1.2484468 1.7089347 1.2297413 0.9276761 1.0608728 1.8433176 1.4086466 1.5427672 1.3533041 1.8340618 1.6599366 1.8908124 1.8814214 1.8132903 1.7694332 0.0000000 1.7978303 1.8291819 2.4093161 3.0809806 2.3463288 2.8540125 3.0994271 
Dpul_mRNA11051                                    1.7124477 1.3868010 1.5710530 1.3224441 1.4014493 1.3055060 1.3147693 1.0711802 1.6110679 1.7088779 1.6192771 1.6517574 1.6310113 1.4771086 1.5029910 1.5468072 1.7846436 2.4033769 1.6391484 1.6410124 1.7653209 1.8160708 1.5077104 1.7760281 1.3301710 1.5327198 1.8003731 1.8246361 1.6295562 1.6893446 1.4565290 1.8353972 1.8733982 1.7842679 1.7514685 1.7630712 1.8074448 1.7978303 0.0000000 1.3919233 1.9888483 4.0680486 3.1665403 3.0801753 3.5083064 
Cscu_XM_023371576.1                               1.8559616 1.7359360 1.4801806 0.0000010 1.4289305 1.2382730 1.4723123 0.4038779 1.6992334 1.6944547 1.6140790 1.8088304 1.5544376 1.5701818 1.7680424 1.5545027 1.6286721 1.7240227 1.4323857 1.4991249 2.0294369 2.0312418 1.3746910 1.9191535 1.1861290 1.4354155 1.9391384 2.0547295 1.8220206 1.8390811 1.3326149 1.9187595 1.7066598 2.0094735 1.8772174 1.8341136 1.8309663 1.8291819 1.3919233 0.0000000 2.4412671 3.9330266 2.9078877 3.0345829 3.7581617 
Tcas_TC011849_001                                 2.2596015 2.5537537 2.6205526 3.2359360 2.4281241 2.2756229 2.6011927 2.2176750 2.4788988 2.6237575 2.5434448 2.4524945 2.3177917 2.4634483 2.5230337 2.5407820 2.6138847 2.3881062 2.4090788 2.2851012 2.4817331 2.5595059 2.5086503 2.6816925 2.1200839 2.2949197 2.6400504 2.5142784 2.4518044 2.4116430 2.4845971 2.5789738 2.5643130 2.5747623 2.5415899 2.5197104 2.6015764 2.4093161 1.9888483 2.4412671 0.0000000 4.1040375 3.4139769 3.2951675 4.0139473 
Aque_Aqu2.1.33601_001                             3.7835879 4.2974030 4.3959264 4.8664072 3.9699676 3.6998870 4.0906254 3.6001919 4.0582619 4.0651452 3.8906060 3.8912025 3.7416547 3.6629064 3.8948907 4.1217455 4.1098626 4.0386904 4.0079074 4.0839994 3.6710388 3.3827202 3.4409509 3.7443786 2.9289567 2.7349437 3.8384133 3.8383317 3.2264429 3.6784222 3.8176725 4.1510962 4.1843015 4.3077942 4.2229339 4.2461661 4.1133347 3.0809806 4.0680486 3.9330266 4.1040375 0.0000000 0.7781755 1.6024329 2.4755986 
Halamb_c36153_g1_i1m.9166                         3.2311254 3.1418375 3.3641977 5.1058692 3.5466766 3.4492503 3.6235548 3.2559825 3.4407527 3.0549067 3.3810996 3.2154985 3.2808274 3.3261731 2.9507487 3.0063402 3.7070367 0.2198327 3.3290716 3.5243219 3.1578395 2.8619178 2.9275817 3.2525527 2.9015721 2.2393848 3.2180170 3.2706571 3.2186231 3.1447244 3.2013856 3.5167262 3.4917940 3.5243831 3.4265142 3.4265142 3.2442337 2.3463288 3.1665403 2.9078877 3.4139769 0.7781755 0.0000000 1.8296929 3.0891016 
Stycar_maker-SC_scaffold2091-snap-gene-0.4-mRNA-1 2.9280404 2.9740172 2.8555279 2.5157495 2.9195657 2.7399636 3.2850008 1.9510561 3.0080501 2.9713528 2.6783096 2.9405671 2.9843632 2.7051670 2.9474021 2.8806090 2.7732768 3.0997389 2.7171564 2.7961690 2.7864827 2.6072127 2.5239888 2.7020732 2.2094741 2.0564861 2.7672194 3.1732037 2.8790470 2.5460300 2.3754269 2.6452813 2.6586164 2.6888477 2.6944586 2.7213495 2.7235318 2.8540125 3.0801753 3.0345829 3.2951675 1.6024329 1.8296929 0.0000000 2.0209632 
Plespi_Pspi_scaffold19299_01                      3.7106010 3.9790566 3.9483326 5.0948049 4.0775096 3.3806093 4.0166677 2.4065080 3.4365854 3.3211564 3.2950513 3.6645234 3.4962505 3.5195658 4.0167603 3.8115368 3.3723516 3.6271946 3.3717590 3.4227739 3.6577894 3.4831015 2.8274616 3.6836951 2.8792349 2.4865059 3.2397149 3.7750138 3.6514121 3.4768530 3.4375248 4.0354802 3.6710486 3.9101433 3.7148499 3.7622976 3.7620389 3.0994271 3.5083064 3.7581617 4.0139473 2.4755986 3.0891016 2.0209632 0.0000000 
