58
Hsap_ENST00000264951                                   0.0000000 1.6589591 1.2692401 0.3542085 1.6352704 1.6303601 1.4504047 0.6026423 1.3179310 2.4855740 1.1094277 0.9333932 1.4302122 1.0506207 2.0532314 1.5589357 1.9603549 1.9886599 1.9969340 2.0059956 2.8628266 1.8538726 1.7941552 1.8640303 1.5063718 1.8004490 1.7723204 1.8035421 1.8291181 1.8841371 1.5076024 1.8382078 1.9323622 1.7879898 1.4509960 1.4773688 1.7186014 2.0255416 1.3635484 2.3083265 2.1637164 2.1439324 2.6476297 4.8399862 3.7397088 2.5597427 3.9803462 4.5862031 4.3882013 2.0911630 2.8944663 2.3504438 2.3910044 2.2599826 5.5574209 3.4922192 2.6763875 1.1142599 
Nvec_v1g242212                                         1.6589591 0.0000000 0.8924935 0.2039277 1.0574847 1.0491861 1.1029067 0.4220751 1.6292801 2.3715356 1.0165968 0.8293174 1.5441420 1.1462331 1.9231185 1.4010632 1.9037656 1.9048039 1.9075006 1.9323688 3.1410338 1.8673790 2.0138682 2.0002031 1.5027810 1.8206900 1.9176876 1.9026431 1.8128458 2.0471322 1.4464726 1.7472339 1.7996032 1.6740610 1.7364789 1.7282693 2.0559144 1.7890058 1.5619317 2.3399575 2.2950794 2.4523871 2.7261961 4.2971944 2.9784173 2.2320557 3.6099276 3.9519727 4.0085260 1.8912024 2.0183181 2.0319214 1.4119310 2.2701087 4.0987039 4.0126470 3.6432646 1.1581043 
Adig_XM_015896383.1                                    1.2692401 0.8924935 0.0000000 0.1193757 0.4846169 0.4845923 0.0492551 0.0000010 1.3866371 2.1109507 0.8627241 0.7957164 1.2921991 1.1606602 1.7782923 1.5147324 1.8174546 1.8067554 1.7998667 1.8129526 2.5145556 1.4542170 1.7622858 1.5332394 1.3089394 1.5124930 1.5977485 1.6007280 1.4775155 1.6717533 1.3137607 1.3362111 1.3339847 1.2640040 1.5367537 1.3872943 1.7643186 1.6213025 2.3423575 1.8473227 1.7170821 1.7440403 2.1966716 3.6932054 2.8117768 2.4213198 3.4429944 3.5598530 3.6114191 1.5053648 2.2379773 1.9726841 0.4415684 1.5743256 3.0312354 2.7815497 2.7022332 1.1351095 
Fspp_ffun1.m4.24738.m1                                 0.3542085 0.2039277 0.1193757 0.0000000 0.1255543 0.1241023 0.1181526 0.0000010 0.3882003 0.6282735 0.6272041 0.5336782 0.3821981 0.6687922 0.6982394 0.7588233 0.7595978 0.7716326 0.7797993 0.7830124 0.0000010 0.5839874 0.6943690 0.6223711 0.4837380 0.5868811 0.5986153 0.5721577 0.5211961 0.5585758 0.4906359 0.4292063 0.4642304 0.4224434 0.5268296 0.5706723 0.4925464 0.6433040 2.6187871 0.6456065 0.6719885 0.6774105 0.0000010 0.0000010 0.0000010 0.4207240 0.0000010 0.0000010 0.0000010 0.9361864 0.0000010 2.2465040 0.0000010 0.5532799 0.0000010 0.0000010 0.0000010 1.2818882 
Pocdam_XM_027201742.1                                  1.6352704 1.0574847 0.4846169 0.1255543 0.0000000 0.1522755 0.5987183 0.1372030 1.6499138 2.3757536 1.0967765 0.9489423 1.5495876 1.3030943 1.9798871 1.5588526 2.0239950 2.0219629 2.0176635 2.0353916 3.4632530 1.8847524 1.9701384 1.8948850 1.4259911 1.8260335 1.8727690 1.8210906 1.8305860 1.9131504 1.3774408 1.6109256 1.7262826 1.5829433 1.7990120 1.7548212 2.1316539 1.7365171 1.5220850 2.2434556 2.1691908 2.2932548 2.5313160 4.3059117 2.9248727 2.3658176 3.8164070 3.8101776 3.7701053 1.8348728 2.1538665 2.1796215 0.7967117 2.4693219 5.1746313 3.8642697 3.3698757 1.2058837 
Spis_XP_022794111_1                                    1.6303601 1.0491861 0.4845923 0.1241023 0.1522755 0.0000000 0.6061086 0.2072266 1.6303854 2.4089313 1.0936204 0.9968960 1.5311766 1.2257009 1.9552586 1.5593780 2.0365563 1.9969233 1.9864786 2.0292232 3.3930108 1.8342258 1.9325966 1.8646147 1.4386664 1.8034805 1.8228918 1.7601127 1.7872665 1.9381905 1.3900408 1.5999968 1.7184158 1.5708706 1.7419588 1.7128641 2.1153966 1.7325634 1.6342960 2.2376305 2.1066586 2.3082210 2.5349802 4.2207138 2.9599411 2.3568446 3.8057171 3.7863147 3.7033478 1.8035114 2.2096559 2.1053085 0.7702473 2.3516451 4.8951962 3.6175377 3.2764888 1.2040458 
Amil_Amillepora19653-RA                                1.4504047 1.1029067 0.0492551 0.1181526 0.5987183 0.6061086 0.0000000 0.2030601 1.5873363 2.3031115 1.1325103 0.9954885 1.5536860 1.4885592 2.0640542 1.5187666 2.0282638 2.0215103 2.0188257 2.0190522 2.9858302 1.7128078 1.9380252 1.8489600 1.3781971 1.8374897 1.8179932 1.8265947 1.7683794 1.9503820 1.3933598 1.6962082 1.7438025 1.6219672 1.7318471 1.6591689 2.0480608 1.6289124 1.6170007 2.1250495 2.0044778 2.1249401 2.4780840 4.1245527 2.7983964 2.2548048 3.7287121 3.9257152 3.8679418 1.8462195 1.9820737 2.0773679 0.7072821 2.3336206 4.0604919 3.5389043 3.5676979 1.0965743 
Gasp_gasp1.m3.30154.m1                                 0.6026423 0.4220751 0.0000010 0.0000010 0.1372030 0.2072266 0.2030601 0.0000000 0.5856379 1.2047748 1.3997957 4.6979588 0.7568741 0.0000010 0.9992949 1.0063430 1.0149454 1.0327605 1.0746453 1.1601391 0.0000010 0.8433493 0.9849678 1.0405708 0.8909443 0.7380996 0.8825271 0.9376835 0.7195139 0.8518019 0.9768273 0.9543953 1.0291997 0.8369437 0.6248980 0.8191750 1.0367947 1.1456405 0.7209143 0.8228889 1.0908867 0.9244991 1.1375695 4.6862088 2.8914921 1.2147066 5.2088790 3.0698941 5.2434199 0.7526762 9.0000000 0.6834556 0.0000010 0.7085310 0.0000010 0.0000010 0.0000010 0.0000010 
Skow_XM_002730331.2                                    1.3179310 1.6292801 1.3866371 0.3882003 1.6499138 1.6303854 1.5873363 0.5856379 0.0000000 2.3855504 1.1554943 0.8408315 1.1423088 1.1834760 2.2141146 1.5949629 2.1770275 2.1115367 2.1394870 2.1207357 3.2187269 1.8199981 1.9286013 1.9659831 1.5574966 1.8710852 1.9827579 1.9737988 1.8731320 2.1149351 1.6188999 1.8750658 1.9383578 1.8275488 1.5791501 1.5599568 1.5896851 2.0222376 1.6595300 2.2831592 2.2002525 2.2322668 2.6945637 4.6829856 3.3776462 2.6153806 3.9892208 4.4946133 4.2342061 2.0172404 2.3372139 2.2964629 2.2697570 2.9525417 6.5212959 4.0498344 3.5099102 1.1870629 
Horcal_Hcv1.av93.c4.g252.i1                            2.4855740 2.3715356 2.1109507 0.6282735 2.3757536 2.4089313 2.3031115 1.2047748 2.3855504 0.0000000 0.3804682 0.4798547 2.2878080 1.0687825 2.6332945 2.0662651 2.4976270 2.4867238 2.4852660 2.5736453 4.3447588 2.3133122 2.4666151 2.5658521 2.0517253 2.5335375 2.6618454 2.6070070 2.5482687 2.4623751 2.1211462 2.4083197 2.4861765 2.4326046 2.5556798 2.6811669 2.8566253 0.5856057 1.8422398 2.7900772 2.7643670 2.7548585 3.5627191 1.1220856 0.8183251 0.7302967 1.3175604 1.6498083 1.3652623 2.8152879 3.8661682 3.2881627 4.2935245 2.5941091 3.9621860 5.0220118 5.0749293 0.2491134 
Beraby_Baby_sb335713                                   1.1094277 1.0165968 0.8627241 0.6272041 1.0967765 1.0936204 1.1325103 1.3997957 1.1554943 0.3804682 0.0000000 0.3712154 1.0499028 0.6777801 1.2247151 1.2505224 1.2222064 1.2402773 1.2432171 1.3062308 0.0000010 1.0614784 1.1859557 1.1479908 1.1229464 1.1666630 1.2838920 1.3070905 1.0473062 1.0943223 1.1156828 1.1050097 1.1397751 1.0130484 1.0344670 1.0650827 1.2853148 0.3062604 2.1096391 1.3026770 1.2855823 1.3292044 2.0054587 0.0000010 0.0000010 0.3451269 0.0000010 0.0000010 0.0000010 1.4142269 0.6203472 1.4381949 0.7600494 1.3734687 0.0000010 0.0000010 0.0000010 0.6037206 
Lampan_Lpan_8348_01                                    0.9333932 0.8293174 0.7957164 0.5336782 0.9489423 0.9968960 0.9954885 4.6979588 0.8408315 0.4798547 0.3712154 0.0000000 0.9333575 0.4631984 0.9769754 0.9937543 1.0180442 0.9963564 0.9971328 1.0535751 0.0000010 0.9007401 1.0679652 0.8871870 0.8305513 0.7867826 0.9201537 0.8956032 1.0903392 0.7482467 0.9804822 1.0384101 1.0391512 0.9638794 0.9111861 1.0361502 1.0233134 0.4647902 2.3154206 1.0636684 0.9491615 0.9461549 4.6469604 0.0000010 0.0000010 1.7570321 0.0000010 0.0000010 0.0000010 2.0686575 0.0000010 2.2252258 0.0000010 1.2923816 0.0000010 0.0000010 0.0000010 0.8803588 
Bralan_BLAG11000734_2                                  1.4302122 1.5441420 1.2921991 0.3821981 1.5495876 1.5311766 1.5536860 0.7568741 1.1423088 2.2878080 1.0499028 0.9333575 0.0000000 1.0604496 2.0737934 1.5010537 2.0743480 1.9778787 1.9892957 2.0543034 3.2766543 1.9239150 1.8674036 1.9900193 1.5008021 1.8106895 1.9083378 1.8686142 1.8165261 2.1855506 1.5228397 1.7876937 1.8228165 1.7571440 1.5923904 1.5005181 1.7383506 1.8381400 1.6585917 2.2429181 2.0864904 2.2204631 2.4199246 4.0246378 3.3710545 2.5200564 3.5981952 4.1212935 3.9444927 1.9955340 2.3917498 2.4996978 2.2241704 2.5081107 8.1497254 3.5029761 3.0278634 1.0921600 
Tadh_TriadT26537                                       1.0506207 1.1462331 1.1606602 0.6687922 1.3030943 1.2257009 1.4885592 0.0000010 1.1834760 1.0687825 0.6777801 0.4631984 1.0604496 0.0000000 0.2485403 0.3524979 0.3854130 0.4130643 0.4130643 0.4716936 6.4001938 1.1477106 1.0921676 1.2252813 1.0622664 1.2797798 1.2857540 1.3058594 1.1516464 1.2226991 1.6658517 1.3800678 1.4022363 1.2569062 1.1939457 1.2863990 1.4149532 0.9338145 2.8816414 1.4630950 1.5119903 1.4504625 5.9313058 3.6762032 5.1497868 3.5068943 5.0302163 4.4390051 4.1816196 3.2794129 5.9603181 3.2786793 6.4035565 1.2090995 0.0000010 3.6383453 4.4257183 2.3293749 
TrH2_TrispH2_005401-RA                                 2.0532314 1.9231185 1.7782923 0.6982394 1.9798871 1.9552586 2.0640542 0.9992949 2.2141146 2.6332945 1.2247151 0.9769754 2.0737934 0.2485403 0.0000000 0.3149119 0.4499380 0.4569866 0.4626891 0.4471000 3.5332004 2.1725522 2.0810866 2.3490621 1.9027322 2.2253718 2.2351121 2.2568828 2.3172291 2.4312993 1.9488458 2.2299625 2.1811422 2.1618414 2.1055561 2.0407251 2.3416322 2.1733844 1.8860736 2.5187329 2.4177975 2.6098339 3.0196913 4.5059055 3.8064943 2.7253177 3.8333411 4.4323722 4.4064161 2.4389889 3.5474588 2.5999169 2.9814684 2.5937531 6.6771563 4.1585487 4.3125993 1.2766758 
HoiH06_mRNA10584                                       1.5589357 1.4010632 1.5147324 0.7588233 1.5588526 1.5593780 1.5187666 1.0063430 1.5949629 2.0662651 1.2505224 0.9937543 1.5010537 0.3524979 0.3149119 0.0000000 0.0482142 0.1077391 0.1114116 0.1887689 3.3789692 1.7096837 1.5694159 1.7236182 1.7879700 1.6548857 1.7159899 1.7321013 1.6731511 1.8229926 1.7415864 1.6776501 1.6936125 1.5778225 1.4918577 1.5930794 1.7152602 2.1187077 1.8935822 1.9136698 1.9169042 2.0007222 2.6149249 3.7531736 3.9989057 2.6797682 4.0134641 3.7275003 4.3227541 1.9991636 3.3811202 1.9660293 2.3925885 1.2940456 0.0000010 3.7929473 2.7261962 1.2454826 
HoiH23_PlH23_001349-RA                                 1.9603549 1.9037656 1.8174546 0.7595978 2.0239950 2.0365563 2.0282638 1.0149454 2.1770275 2.4976270 1.2222064 1.0180442 2.0743480 0.3854130 0.4499380 0.0482142 0.0000000 0.1738684 0.1795088 0.2592637 3.6501684 2.1650974 1.9968859 2.2401493 1.8602971 2.1797522 2.1689109 2.1806584 2.3294701 2.3047122 2.0279125 2.2585695 2.2386087 2.1889543 2.0895926 2.0335379 2.3210039 2.1445757 1.8858737 2.4351954 2.3764110 2.5129003 3.1057423 4.0727579 3.6689984 2.7775529 3.8174594 4.4200038 4.4742066 2.4825189 3.5672740 2.6004018 2.9999768 2.5921295 6.1761443 3.9940038 4.1607412 1.2484104 
Hhon_g05060.t1                                         1.9886599 1.9048039 1.8067554 0.7716326 2.0219629 1.9969233 2.0215103 1.0327605 2.1115367 2.4867238 1.2402773 0.9963564 1.9778787 0.4130643 0.4569866 0.1077391 0.1738684 0.0000000 0.0107400 0.2735058 3.5192762 2.1456119 2.0091323 2.2134662 1.8473077 2.1702383 2.1951207 2.2011934 2.2731269 2.3000311 1.9698253 2.2185912 2.1617839 2.1089131 2.0489346 2.0776377 2.3680787 2.1263795 1.8084168 2.4534396 2.3859863 2.5763252 3.0195627 4.1134900 3.5796551 2.7509354 3.6151429 4.3372564 4.2695306 2.4637480 3.3584580 2.5737061 3.0165975 2.7508493 6.3628261 4.1327093 4.0652183 1.2371842 
HoiH04_mRNA7523                                        1.9969340 1.9075006 1.7998667 0.7797993 2.0176635 1.9864786 2.0188257 1.0746453 2.1394870 2.4852660 1.2432171 0.9971328 1.9892957 0.4130643 0.4626891 0.1114116 0.1795088 0.0107400 0.0000000 0.2829751 3.5916752 2.1672686 2.0278042 2.2078660 1.8499947 2.1909068 2.2249929 2.2220008 2.2870656 2.3126592 1.9964333 2.2484219 2.1867084 2.1251940 2.0556342 2.0920938 2.3712156 2.1292610 1.8230581 2.4457245 2.3868246 2.5889382 3.0105743 4.0877921 3.5924997 2.7417703 3.6386280 4.3383036 4.2566694 2.4680901 3.3441904 2.5767054 3.0070174 2.7536144 6.3628261 4.1647743 4.0624970 1.2293158 
HoiH11_mRNA7459                                        2.0059956 1.9323688 1.8129526 0.7830124 2.0353916 2.0292232 2.0190522 1.1601391 2.1207357 2.5736453 1.3062308 1.0535751 2.0543034 0.4716936 0.4471000 0.1887689 0.2592637 0.2735058 0.2829751 0.0000000 3.8610675 2.3026094 2.0102053 2.2386317 1.8354272 2.1691854 2.2251141 2.2218866 2.2943336 2.3787670 1.8872032 2.2163039 2.1984037 2.1550804 2.0749715 2.1033834 2.3427861 2.1570950 1.7542860 2.5615289 2.4233825 2.6502054 3.0051910 4.3589013 3.7686338 2.8198683 3.7814528 4.7044698 4.6740214 2.4777645 3.2138953 2.6156583 2.8756834 2.6455632 6.2273394 4.4463685 4.3476373 1.2024347 
Ocar_g8618                                             2.8628266 3.1410338 2.5145556 0.0000010 3.4632530 3.3930108 2.9858302 0.0000010 3.2187269 4.3447588 0.0000010 0.0000010 3.2766543 6.4001938 3.5332004 3.3789692 3.6501684 3.5192762 3.5916752 3.8610675 0.0000000 0.0395525 2.8452969 3.9870879 2.8184305 3.1007033 3.1249824 3.0376656 2.6187484 3.1837493 2.8496106 3.2394098 3.3049042 3.5417329 3.5879351 3.5015150 4.3417958 2.0044176 0.0000010 4.2652614 4.0462639 3.8103250 3.9518485 3.7574937 2.9979416 3.2700011 3.1525679 4.6799314 3.7989874 3.1752720 2.8349800 3.8607332 2.9042636 7.0101155 5.0516169 4.1350797 4.1102431 0.0000010 
Opea_EP00118_Oscarella_pearsei_P002981                 1.8538726 1.8673790 1.4542170 0.5839874 1.8847524 1.8342258 1.7128078 0.8433493 1.8199981 2.3133122 1.0614784 0.9007401 1.9239150 1.1477106 2.1725522 1.7096837 2.1650974 2.1456119 2.1672686 2.3026094 0.0395525 0.0000000 1.8584374 1.9643797 1.5256486 1.7525498 1.7721818 1.7519445 1.2449057 1.8944578 1.6728893 1.8660513 1.8706738 1.8887186 1.9609340 1.9569579 2.1694735 1.8277395 1.4217663 2.1539957 2.0613995 2.0427031 2.7245011 3.9524682 3.3666894 2.4517923 3.5303939 4.2601418 4.0826645 2.0121453 3.0970334 2.6467380 2.7370622 2.5779913 6.6811438 4.0430947 4.2097284 0.9528013 
Tcas_TC013457_001                                      1.7941552 2.0138682 1.7622858 0.6943690 1.9701384 1.9325966 1.9380252 0.9849678 1.9286013 2.4666151 1.1859557 1.0679652 1.8674036 1.0921676 2.0810866 1.5694159 1.9968859 2.0091323 2.0278042 2.0102053 2.8452969 1.8584374 0.0000000 2.0980914 1.6698251 2.1141414 2.0282662 1.9931904 2.0211670 2.3047312 1.8248756 2.1390715 2.1730367 2.0353568 1.6550331 1.6308694 2.1617490 2.0221534 1.7324565 2.3241458 2.2713753 2.2936796 2.9015484 3.8610919 3.3610808 2.6215054 3.3508800 4.1247876 3.8751606 2.3886884 3.2201662 2.7231221 3.0325336 2.7704061 5.0253003 3.9842896 2.9102658 1.2427165 
Aque_Aqu2.1.29724_001                                  1.8640303 2.0002031 1.5332394 0.6223711 1.8948850 1.8646147 1.8489600 1.0405708 1.9659831 2.5658521 1.1479908 0.8871870 1.9900193 1.2252813 2.3490621 1.7236182 2.2401493 2.2134662 2.2078660 2.2386317 3.9870879 1.9643797 2.0980914 0.0000000 0.5144046 1.4271059 1.4692369 1.4704676 1.9929290 1.7967050 1.7569187 2.0534537 2.1030539 2.1110879 2.0167620 1.9916548 2.4016725 1.8773382 0.9540196 2.2264197 2.2499038 2.3994334 2.6655379 4.2459393 3.5042251 2.5629349 3.5741400 4.3890735 4.2419740 2.2820058 2.4546189 2.8805188 2.7650061 2.6421582 6.0623439 1.7719172 4.0291823 1.2688305 
Halamb_c54409_g1_i1m.38202                             1.5063718 1.5027810 1.3089394 0.4837380 1.4259911 1.4386664 1.3781971 0.8909443 1.5574966 2.0517253 1.1229464 0.8305513 1.5008021 1.0622664 1.9027322 1.7879700 1.8602971 1.8473077 1.8499947 1.8354272 2.8184305 1.5256486 1.6698251 0.5144046 0.0000000 0.9565021 1.0270727 0.9980329 1.3431740 1.4184354 1.6148578 1.5389200 1.5041115 1.4945390 1.5247102 1.5027224 1.7373735 1.9092267 0.8868414 1.6362275 1.7693594 1.8913960 2.3021687 3.9459560 3.6088126 2.5734730 3.6410631 3.5986854 4.1784231 1.7910420 2.5375088 2.1393745 2.0155451 1.2932328 0.0000010 0.8264713 2.8523644 1.1167261 
Tetwil_g25511.t1                                       1.8004490 1.8206900 1.5124930 0.5868811 1.8260335 1.8034805 1.8374897 0.7380996 1.8710852 2.5335375 1.1666630 0.7867826 1.8106895 1.2797798 2.2253718 1.6548857 2.1797522 2.1702383 2.1909068 2.1691854 3.1007033 1.7525498 2.1141414 1.4271059 0.9565021 0.0000000 1.1800611 1.1840057 1.7832907 1.6763789 1.6690888 1.9551612 2.0281639 1.9559819 2.0085525 1.9433175 2.3155578 1.9712031 0.8013778 2.3972698 2.2849498 2.4577290 2.7366410 4.3995854 3.3963151 2.6311579 4.0482411 4.5481527 4.5334804 2.0314718 2.4064512 2.6688220 2.3465561 2.6569975 7.3391689 2.8725131 4.2895102 1.0659142 
Emue_Em0008g956a.t1                                    1.7723204 1.9176876 1.5977485 0.5986153 1.8727690 1.8228918 1.8179932 0.8825271 1.9827579 2.6618454 1.2838920 0.9201537 1.9083378 1.2857540 2.2351121 1.7159899 2.1689109 2.1951207 2.2249929 2.2251141 3.1249824 1.7721818 2.0282662 1.4692369 1.0270727 1.1800611 0.0000000 0.1976553 1.7971007 1.5735579 1.7961898 2.1407548 2.1181623 2.1319305 1.9376126 1.9204012 2.5570398 1.9847622 0.8154998 2.4191104 2.2662073 2.4555041 2.9264245 4.2323613 3.4444472 2.7063859 3.7534017 4.1554858 3.7827171 2.2054637 2.3666286 2.9052034 2.6820394 2.6298702 8.9999983 2.6651654 3.6205774 1.1332225 
Spolac_c104588_g1_i1_m.41615c104588-g1                 1.8035421 1.9026431 1.6007280 0.5721577 1.8210906 1.7601127 1.8265947 0.9376835 1.9737988 2.6070070 1.3070905 0.8956032 1.8686142 1.3058594 2.2568828 1.7321013 2.1806584 2.2011934 2.2220008 2.2218866 3.0376656 1.7519445 1.9931904 1.4704676 0.9980329 1.1840057 0.1976553 0.0000000 1.7864548 1.6000759 1.8328801 2.1643241 2.1533326 2.0573554 2.0045408 1.9158601 2.4819410 2.0256937 0.9140473 2.3378275 2.2398722 2.3500821 2.9260331 4.1673087 3.4468620 2.6318125 3.6813534 4.1001457 3.8544897 2.2060079 2.5204482 2.9414921 2.6065048 2.5071186 8.5304731 2.3688818 3.6664768 1.0958237 
Plajan_Pjan_C573060_01                                 1.8291181 1.8128458 1.4775155 0.5211961 1.8305860 1.7872665 1.7683794 0.7195139 1.8731320 2.5482687 1.0473062 1.0903392 1.8165261 1.1516464 2.3172291 1.6731511 2.3294701 2.2731269 2.2870656 2.2943336 2.6187484 1.2449057 2.0211670 1.9929290 1.3431740 1.7832907 1.7971007 1.7864548 0.0000000 1.9674296 1.6227849 1.9451593 1.9736805 1.8248266 1.9961759 1.7538683 2.2618260 1.9692984 1.2394356 2.1733310 2.1003553 2.2364032 2.6071435 4.1612675 3.2047992 2.4113361 3.8081004 4.1274785 3.7422740 2.0058333 2.5691018 2.9138178 2.8574136 2.6499413 4.1122526 3.9479822 4.3014474 1.0403204 
Plespi_Pspi_scaffold16102_01                           1.8841371 2.0471322 1.6717533 0.5585758 1.9131504 1.9381905 1.9503820 0.8518019 2.1149351 2.4623751 1.0943223 0.7482467 2.1855506 1.2226991 2.4312993 1.8229926 2.3047122 2.3000311 2.3126592 2.3787670 3.1837493 1.8944578 2.3047312 1.7967050 1.4184354 1.6763789 1.5735579 1.6000759 1.9674296 0.0000000 1.8568742 2.1083102 2.0399149 2.0794091 2.1027273 1.9794690 2.3217288 2.0376186 1.0079437 2.3997605 2.4052405 2.4196934 2.8358777 4.1981066 3.4631911 2.5969443 3.9819077 4.2496906 4.3178055 2.3246622 3.0692288 2.8754530 2.5883981 2.3944953 5.4716852 3.0585493 4.2784954 1.2202407 
Aaur_scaffold209.g4.t2                                 1.5076024 1.4464726 1.3137607 0.4906359 1.3774408 1.3900408 1.3933598 0.9768273 1.6188999 2.1211462 1.1156828 0.9804822 1.5228397 1.6658517 1.9488458 1.7415864 2.0279125 1.9698253 1.9964333 1.8872032 2.8496106 1.6728893 1.8248756 1.7569187 1.6148578 1.6690888 1.7961898 1.8328801 1.6227849 1.8568742 0.0000000 0.4490244 0.4906732 0.5983637 1.7642375 1.5529615 1.8819737 1.8196563 1.7088037 2.0067880 1.9881527 2.0462839 2.4551210 3.6294475 3.2226356 2.3539451 3.3238377 3.4074121 3.5829705 1.1750018 2.6283479 1.4118192 1.9752465 1.2111447 3.9294680 3.3415219 3.1336760 1.0834168 
Rhoesc_Res_010060-T1                                   1.8382078 1.7472339 1.3362111 0.4292063 1.6109256 1.5999968 1.6962082 0.9543953 1.8750658 2.4083197 1.1050097 1.0384101 1.7876937 1.3800678 2.2299625 1.6776501 2.2585695 2.2185912 2.2484219 2.2163039 3.2394098 1.8660513 2.1390715 2.0534537 1.5389200 1.9551612 2.1407548 2.1643241 1.9451593 2.1083102 0.4490244 0.0000000 0.3698034 0.8202349 2.0338029 1.8887747 2.2149309 1.7311102 1.6669342 2.4890349 2.3731349 2.4630143 2.8765652 3.9113600 2.9286871 2.2981477 3.3362574 3.8913341 3.6956989 1.5211807 2.5938152 1.8290017 2.4135104 2.0794543 8.9999989 4.7679605 3.5857028 1.1422029 
Nemnom_g4107.t1                                        1.9323622 1.7996032 1.3339847 0.4642304 1.7262826 1.7184158 1.7438025 1.0291997 1.9383578 2.4861765 1.1397751 1.0391512 1.8228165 1.4022363 2.1811422 1.6936125 2.2386087 2.1617839 2.1867084 2.1984037 3.3049042 1.8706738 2.1730367 2.1030539 1.5041115 2.0281639 2.1181623 2.1533326 1.9736805 2.0399149 0.4906732 0.3698034 0.0000000 0.8758440 2.0459918 1.7974199 2.2623425 1.7698610 1.6364775 2.4157844 2.2942340 2.4444176 2.8051960 4.0054663 3.0326467 2.4288630 3.4282257 4.1824821 4.0748973 1.5989569 2.4437103 1.9421058 2.5609692 2.0874866 8.9999988 4.9270252 3.7291978 1.1732766 
Sanmal_Sma_020061-T1                                   1.7879898 1.6740610 1.2640040 0.4224434 1.5829433 1.5708706 1.6219672 0.8369437 1.8275488 2.4326046 1.0130484 0.9638794 1.7571440 1.2569062 2.1618414 1.5778225 2.1889543 2.1089131 2.1251940 2.1550804 3.5417329 1.8887186 2.0353568 2.1110879 1.4945390 1.9559819 2.1319305 2.0573554 1.8248266 2.0794091 0.5983637 0.8202349 0.8758440 0.0000000 1.9285900 1.7809815 2.1941687 1.7105957 1.7210962 2.3038615 2.2081178 2.3821250 2.8303825 3.8607199 2.7901479 2.2103771 3.3177147 4.0169364 3.9134599 1.5753343 2.3775697 1.9350458 2.3443890 2.2174064 6.9360763 4.7509525 4.2485512 1.0792678 
Cgig_XM_034480190.1                                    1.4509960 1.7364789 1.5367537 0.5268296 1.7990120 1.7419588 1.7318471 0.6248980 1.5791501 2.5556798 1.0344670 0.9111861 1.5923904 1.1939457 2.1055561 1.4918577 2.0895926 2.0489346 2.0556342 2.0749715 3.5879351 1.9609340 1.6550331 2.0167620 1.5247102 2.0085525 1.9376126 2.0045408 1.9961759 2.1027273 1.7642375 2.0338029 2.0459918 1.9285900 0.0000000 1.1633006 2.0108931 1.9236613 1.4363807 2.3462825 2.1963967 2.4511681 2.8063763 4.1149200 3.1256176 2.3448283 3.3687695 4.0202844 3.8119605 2.1562930 2.4981296 2.5322787 2.4328738 2.6141524 5.1485656 4.3969910 3.3671762 1.1763489 
Acagra_model.g30943.t1                                 1.4773688 1.7282693 1.3872943 0.5706723 1.7548212 1.7128641 1.6591689 0.8191750 1.5599568 2.6811669 1.0650827 1.0361502 1.5005181 1.2863990 2.0407251 1.5930794 2.0335379 2.0776377 2.0920938 2.1033834 3.5015150 1.9569579 1.6308694 1.9916548 1.5027224 1.9433175 1.9204012 1.9158601 1.7538683 1.9794690 1.5529615 1.8887747 1.7974199 1.7809815 1.1633006 0.0000000 1.8894322 1.9486264 1.5782260 2.1771489 2.1566872 2.2202602 2.6202046 4.7556570 3.3492568 2.4954224 3.6736107 4.5268444 4.4204414 2.0033117 2.4082049 2.5045779 2.3372336 2.3449488 5.1398442 3.4051647 3.0207569 1.1544979 
Spur_XM_030987173.1                                    1.7186014 2.0559144 1.7643186 0.4925464 2.1316539 2.1153966 2.0480608 1.0367947 1.5896851 2.8566253 1.2853148 1.0233134 1.7383506 1.4149532 2.3416322 1.7152602 2.3210039 2.3680787 2.3712156 2.3427861 4.3417958 2.1694735 2.1617490 2.4016725 1.7373735 2.3155578 2.5570398 2.4819410 2.2618260 2.3217288 1.8819737 2.2149309 2.2623425 2.1941687 2.0108931 1.8894322 0.0000000 1.9903852 1.9801242 2.2606618 2.3141070 2.3530462 2.8125747 4.4627441 3.3553990 3.0043440 4.2757667 5.1297712 5.2084771 2.3631890 3.0446608 2.7143381 2.7368180 2.6697969 8.2844253 4.3342557 3.8196509 1.1772625 
Mlei_ML2825.g6.i1                                      2.0255416 1.7890058 1.6213025 0.6433040 1.7365171 1.7325634 1.6289124 1.1456405 2.0222376 0.5856057 0.3062604 0.4647902 1.8381400 0.9338145 2.1733844 2.1187077 2.1445757 2.1263795 2.1292610 2.1570950 2.0044176 1.8277395 2.0221534 1.8773382 1.9092267 1.9712031 1.9847622 2.0256937 1.9692984 2.0376186 1.8196563 1.7311102 1.7698610 1.7105957 1.9236613 1.9486264 1.9903852 0.0000000 2.2426036 2.0299738 2.0217988 2.1746104 2.6836775 0.2978309 0.7065966 0.5344455 1.1258021 1.0445031 0.9657677 1.9053670 4.0516155 2.1882209 2.9192956 1.5328262 1.2333467 1.8108890 3.2651935 0.3765095 
Stycar_maker-SC_scaffold147-augustus-gene-0.82-mRNA-1  1.3635484 1.5619317 2.3423575 2.6187871 1.5220850 1.6342960 1.6170007 0.7209143 1.6595300 1.8422398 2.1096391 2.3154206 1.6585917 2.8816414 1.8860736 1.8935822 1.8858737 1.8084168 1.8230581 1.7542860 0.0000010 1.4217663 1.7324565 0.9540196 0.8868414 0.8013778 0.8154998 0.9140473 1.2394356 1.0079437 1.7088037 1.6669342 1.6364775 1.7210962 1.4363807 1.5782260 1.9801242 2.2426036 0.0000000 1.9877150 2.0918421 2.3094060 2.2180491 0.0000010 2.5391485 1.8879456 3.9861881 2.1553574 0.0000010 1.8304947 0.0000010 1.3814476 0.0000010 2.2103229 0.0000010 0.0000010 0.0000010 1.8266387 
Scil_scict015181.1                                     2.3083265 2.3399575 1.8473227 0.6456065 2.2434556 2.2376305 2.1250495 0.8228889 2.2831592 2.7900772 1.3026770 1.0636684 2.2429181 1.4630950 2.5187329 1.9136698 2.4351954 2.4534396 2.4457245 2.5615289 4.2652614 2.1539957 2.3241458 2.2264197 1.6362275 2.3972698 2.4191104 2.3378275 2.1733310 2.3997605 2.0067880 2.4890349 2.4157844 2.3038615 2.3462825 2.1771489 2.2606618 2.0299738 1.9877150 0.0000000 0.7982946 0.7666419 0.8223353 4.2942924 3.7674184 2.6044015 3.9865825 4.7811871 4.9125279 2.4596421 1.3345525 2.8863158 3.1802185 3.0298563 6.7324216 3.9457159 5.1897431 1.2407775 
Lcom_lcpid15578                                        2.1637164 2.2950794 1.7170821 0.6719885 2.1691908 2.1066586 2.0044778 1.0908867 2.2002525 2.7643670 1.2855823 0.9491615 2.0864904 1.5119903 2.4177975 1.9169042 2.3764110 2.3859863 2.3868246 2.4233825 4.0462639 2.0613995 2.2713753 2.2499038 1.7693594 2.2849498 2.2662073 2.2398722 2.1003553 2.4052405 1.9881527 2.3731349 2.2942340 2.2081178 2.1963967 2.1566872 2.3141070 2.0217988 2.0918421 0.7982946 0.0000000 0.8524736 0.7626992 4.4875737 3.7501584 2.7385781 3.8527927 4.2279799 4.1778314 2.2791083 1.4277861 2.9057230 3.0385414 3.0146292 6.6443857 3.7818324 4.8927932 1.1995242 
Gracom_Gcom_C561618_01                                 2.1439324 2.4523871 1.7440403 0.6774105 2.2932548 2.3082210 2.1249401 0.9244991 2.2322668 2.7548585 1.3292044 0.9461549 2.2204631 1.4504625 2.6098339 2.0007222 2.5129003 2.5763252 2.5889382 2.6502054 3.8103250 2.0427031 2.2936796 2.3994334 1.8913960 2.4577290 2.4555041 2.3500821 2.2364032 2.4196934 2.0462839 2.4630143 2.4444176 2.3821250 2.4511681 2.2202602 2.3530462 2.1746104 2.3094060 0.7666419 0.8524736 0.0000000 0.8534458 4.3227226 3.6481242 2.9190756 3.8138983 4.6451875 4.5512241 2.4418907 1.4891778 2.9195848 3.0899989 3.0212226 6.4736286 4.0438716 4.8546275 1.2530341 
Leuniv_Lniv_scaffold21537_01                           2.6476297 2.7261961 2.1966716 0.0000010 2.5313160 2.5349802 2.4780840 1.1375695 2.6945637 3.5627191 2.0054587 4.6469604 2.4199246 5.9313058 3.0196913 2.6149249 3.1057423 3.0195627 3.0105743 3.0051910 3.9518485 2.7245011 2.9015484 2.6655379 2.3021687 2.7366410 2.9264245 2.9260331 2.6071435 2.8358777 2.4551210 2.8765652 2.8051960 2.8303825 2.8063763 2.6202046 2.8125747 2.6836775 2.2180491 0.8223353 0.7626992 0.8534458 0.0000000 4.3605330 3.8831179 2.9400192 3.9331870 4.1782415 4.4036105 2.6560617 1.3248293 2.7867615 2.9252162 3.7094871 7.2216326 4.3512991 4.4200967 1.6356327 
Bolinf_Binf_sb1246513                                  4.8399862 4.2971944 3.6932054 0.0000010 4.3059117 4.2207138 4.1245527 4.6862088 4.6829856 1.1220856 0.0000010 0.0000010 4.0246378 3.6762032 4.5059055 3.7531736 4.0727579 4.1134900 4.0877921 4.3589013 3.7574937 3.9524682 3.8610919 4.2459393 3.9459560 4.3995854 4.2323613 4.1673087 4.1612675 4.1981066 3.6294475 3.9113600 4.0054663 3.8607199 4.1149200 4.7556570 4.4627441 0.2978309 0.0000010 4.2942924 4.4875737 4.3227226 4.3605330 0.0000000 0.5629792 0.6432624 1.2294481 1.4676223 1.3072464 4.7718060 4.0560316 3.7257302 4.2383350 5.5313276 4.6275870 3.5597066 4.1201806 0.0000010 
Drygla_Dgla_sb280955                                   3.7397088 2.9784173 2.8117768 0.0000010 2.9248727 2.9599411 2.7983964 2.8914921 3.3776462 0.8183251 0.0000010 0.0000010 3.3710545 5.1497868 3.8064943 3.9989057 3.6689984 3.5796551 3.5924997 3.7686338 2.9979416 3.3666894 3.3610808 3.5042251 3.6088126 3.3963151 3.4444472 3.4468620 3.2047992 3.4631911 3.2226356 2.9286871 3.0326467 2.7901479 3.1256176 3.3492568 3.3553990 0.7065966 2.5391485 3.7674184 3.7501584 3.6481242 3.8831179 0.5629792 0.0000000 0.6271220 1.1241225 1.0531215 1.0494871 3.7397167 4.0160992 2.9414566 2.9913599 2.4439619 0.8790926 2.5542517 2.5595665 0.0000010 
Mertsp_Mesp_sb588601                                   2.5597427 2.2320557 2.4213198 0.4207240 2.3658176 2.3568446 2.2548048 1.2147066 2.6153806 0.7302967 0.3451269 1.7570321 2.5200564 3.5068943 2.7253177 2.6797682 2.7775529 2.7509354 2.7417703 2.8198683 3.2700011 2.4517923 2.6215054 2.5629349 2.5734730 2.6311579 2.7063859 2.6318125 2.4113361 2.5969443 2.3539451 2.2981477 2.4288630 2.2103771 2.3448283 2.4954224 3.0043440 0.5344455 1.8879456 2.6044015 2.7385781 2.9190756 2.9400192 0.6432624 0.6271220 0.0000000 1.0706672 1.0079598 0.9339424 2.6882959 3.7762466 2.4799182 3.1754535 2.0289417 1.8152484 3.6454781 3.0095560 0.3770313 
Vmul_sbMO435760                                        3.9803462 3.6099276 3.4429944 0.0000010 3.8164070 3.8057171 3.7287121 5.2088790 3.9892208 1.3175604 0.0000010 0.0000010 3.5981952 5.0302163 3.8333411 4.0134641 3.8174594 3.6151429 3.6386280 3.7814528 3.1525679 3.5303939 3.3508800 3.5741400 3.6410631 4.0482411 3.7534017 3.6813534 3.8081004 3.9819077 3.3238377 3.3362574 3.4282257 3.3177147 3.3687695 3.6736107 4.2757667 1.1258021 3.9861881 3.9865825 3.8527927 3.8138983 3.9331870 1.2294481 1.1241225 1.0706672 0.0000000 0.5925160 0.6283220 3.9510062 3.7553404 3.5081135 3.6014745 3.2548233 3.2964700 3.2802726 2.7499228 0.0000010 
Coeast_Cast_sb792426                                   4.5862031 3.9519727 3.5598530 0.0000010 3.8101776 3.7863147 3.9257152 3.0698941 4.4946133 1.6498083 0.0000010 0.0000010 4.1212935 4.4390051 4.4323722 3.7275003 4.4200038 4.3372564 4.3383036 4.7044698 4.6799314 4.2601418 4.1247876 4.3890735 3.5986854 4.5481527 4.1554858 4.1001457 4.1274785 4.2496906 3.4074121 3.8913341 4.1824821 4.0169364 4.0202844 4.5268444 5.1297712 1.0445031 2.1553574 4.7811871 4.2279799 4.6451875 4.1782415 1.4676223 1.0531215 1.0079598 0.5925160 0.0000000 0.0553967 4.6269788 3.8757447 3.8781281 4.3409106 6.4827614 6.3478873 4.6924998 4.1253389 0.0000010 
Coemet_Cmet_C601213_01                                 4.3882013 4.0085260 3.6114191 0.0000010 3.7701053 3.7033478 3.8679418 5.2434199 4.2342061 1.3652623 0.0000010 0.0000010 3.9444927 4.1816196 4.4064161 4.3227541 4.4742066 4.2695306 4.2566694 4.6740214 3.7989874 4.0826645 3.8751606 4.2419740 4.1784231 4.5334804 3.7827171 3.8544897 3.7422740 4.3178055 3.5829705 3.6956989 4.0748973 3.9134599 3.8119605 4.4204414 5.2084771 0.9657677 0.0000010 4.9125279 4.1778314 4.5512241 4.4036105 1.3072464 1.0494871 0.9339424 0.6283220 0.0553967 0.0000000 4.3190567 4.1526466 3.7711984 3.8368220 4.3288514 3.8627850 3.6199014 3.2236087 0.0000010 
Morvir_scaffold71.g29.t4                               2.0911630 1.8912024 1.5053648 0.9361864 1.8348728 1.8035114 1.8462195 0.7526762 2.0172404 2.8152879 1.4142269 2.0686575 1.9955340 3.2794129 2.4389889 1.9991636 2.4825189 2.4637480 2.4680901 2.4777645 3.1752720 2.0121453 2.3886884 2.2820058 1.7910420 2.0314718 2.2054637 2.2060079 2.0058333 2.3246622 1.1750018 1.5211807 1.5989569 1.5753343 2.1562930 2.0033117 2.3631890 1.9053670 1.8304947 2.4596421 2.2791083 2.4418907 2.6560617 4.7718060 3.7397167 2.6882959 3.9510062 4.6269788 4.3190567 0.0000000 2.7275306 1.9202119 2.5052906 1.8813157 6.0289179 3.7509430 3.3038476 1.3748929 
Clacor_Ccor_C533907_01                                 2.8944663 2.0183181 2.2379773 0.0000010 2.1538665 2.2096559 1.9820737 9.0000000 2.3372139 3.8661682 0.6203472 0.0000010 2.3917498 5.9603181 3.5474588 3.3811202 3.5672740 3.3584580 3.3441904 3.2138953 2.8349800 3.0970334 3.2201662 2.4546189 2.5375088 2.4064512 2.3666286 2.5204482 2.5691018 3.0692288 2.6283479 2.5938152 2.4437103 2.3775697 2.4981296 2.4082049 3.0446608 4.0516155 0.0000010 1.3345525 1.4277861 1.4891778 1.3248293 4.0560316 4.0160992 3.7762466 3.7553404 3.8757447 4.1526466 2.7275306 0.0000000 2.8808528 2.2660374 1.4395129 0.0000010 2.8522010 2.6440960 0.0000010 
Chem_TCONS_00060422                                    2.3504438 2.0319214 1.9726841 2.2465040 2.1796215 2.1053085 2.0773679 0.6834556 2.2964629 3.2881627 1.4381949 2.2252258 2.4996978 3.2786793 2.5999169 1.9660293 2.6004018 2.5737061 2.5767054 2.6156583 3.8607332 2.6467380 2.7231221 2.8805188 2.1393745 2.6688220 2.9052034 2.9414921 2.9138178 2.8754530 1.4118192 1.8290017 1.9421058 1.9350458 2.5322787 2.5045779 2.7143381 2.1882209 1.3814476 2.8863158 2.9057230 2.9195848 2.7867615 3.7257302 2.9414566 2.4799182 3.5081135 3.8781281 3.7711984 1.9202119 2.8808528 0.0000000 2.3940458 2.2709617 5.7632767 3.6674775 3.3711481 1.9459840 
Gfas_gfas1.m1.16073.m1                                 2.3910044 1.4119310 0.4415684 0.0000010 0.7967117 0.7702473 0.7072821 0.0000010 2.2697570 4.2935245 0.7600494 0.0000010 2.2241704 6.4035565 2.9814684 2.3925885 2.9999768 3.0165975 3.0070174 2.8756834 2.9042636 2.7370622 3.0325336 2.7650061 2.0155451 2.3465561 2.6820394 2.6065048 2.8574136 2.5883981 1.9752465 2.4135104 2.5609692 2.3443890 2.4328738 2.3372336 2.7368180 2.9192956 0.0000010 3.1802185 3.0385414 3.0899989 2.9252162 4.2383350 2.9913599 3.1754535 3.6014745 4.3409106 3.8368220 2.5052906 2.2660374 2.3940458 0.0000000 4.2130808 3.9361072 3.0328773 2.8145129 2.3809754 
Hvul_g20962_1                                          2.2599826 2.2701087 1.5743256 0.5532799 2.4693219 2.3516451 2.3336206 0.7085310 2.9525417 2.5941091 1.3734687 1.2923816 2.5081107 1.2090995 2.5937531 1.2940456 2.5921295 2.7508493 2.7536144 2.6455632 7.0101155 2.5779913 2.7704061 2.6421582 1.2932328 2.6569975 2.6298702 2.5071186 2.6499413 2.3944953 1.2111447 2.0794543 2.0874866 2.2174064 2.6141524 2.3449488 2.6697969 1.5328262 2.2103229 3.0298563 3.0146292 3.0212226 3.7094871 5.5313276 2.4439619 2.0289417 3.2548233 6.4827614 4.3288514 1.8813157 1.4395129 2.2709617 4.2130808 0.0000000 8.0273432 4.8085455 5.9368476 0.9783576 
Eupdun_Edun_sb10631462                                 5.5574209 4.0987039 3.0312354 0.0000010 5.1746313 4.8951962 4.0604919 0.0000010 6.5212959 3.9621860 0.0000010 0.0000010 8.1497254 0.0000010 6.6771563 0.0000010 6.1761443 6.3628261 6.3628261 6.2273394 5.0516169 6.6811438 5.0253003 6.0623439 0.0000010 7.3391689 8.9999983 8.5304731 4.1122526 5.4716852 3.9294680 8.9999989 8.9999988 6.9360763 5.1485656 5.1398442 8.2844253 1.2333467 0.0000010 6.7324216 6.6443857 6.4736286 7.2216326 4.6275870 0.8790926 1.8152484 3.2964700 6.3478873 3.8627850 6.0289179 0.0000010 5.7632767 3.9361072 8.0273432 0.0000000 3.8112317 7.1639314 0.0000010 
Xestes_maker-XT_scaffold2292-augustus-gene-0.54-mRNA-1 3.4922192 4.0126470 2.7815497 0.0000010 3.8642697 3.6175377 3.5389043 0.0000010 4.0498344 5.0220118 0.0000010 0.0000010 3.5029761 3.6383453 4.1585487 3.7929473 3.9940038 4.1327093 4.1647743 4.4463685 4.1350797 4.0430947 3.9842896 1.7719172 0.8264713 2.8725131 2.6651654 2.3688818 3.9479822 3.0585493 3.3415219 4.7679605 4.9270252 4.7509525 4.3969910 3.4051647 4.3342557 1.8108890 0.0000010 3.9457159 3.7818324 4.0438716 4.3512991 3.5597066 2.5542517 3.6454781 3.2802726 4.6924998 3.6199014 3.7509430 2.8522010 3.6674775 3.0328773 4.8085455 3.8112317 0.0000000 3.9040463 0.0000010 
Cscu_XM_023387642.1                                    2.6763875 3.6432646 2.7022332 0.0000010 3.3698757 3.2764888 3.5676979 0.0000010 3.5099102 5.0749293 0.0000010 0.0000010 3.0278634 4.4257183 4.3125993 2.7261962 4.1607412 4.0652183 4.0624970 4.3476373 4.1102431 4.2097284 2.9102658 4.0291823 2.8523644 4.2895102 3.6205774 3.6664768 4.3014474 4.2784954 3.1336760 3.5857028 3.7291978 4.2485512 3.3671762 3.0207569 3.8196509 3.2651935 0.0000010 5.1897431 4.8927932 4.8546275 4.4200967 4.1201806 2.5595665 3.0095560 2.7499228 4.1253389 3.2236087 3.3038476 2.6440960 3.3711481 2.8145129 5.9368476 7.1639314 3.9040463 0.0000000 0.0000010 
Pbac_sb2658759                                         1.1142599 1.1581043 1.1351095 1.2818882 1.2058837 1.2040458 1.0965743 0.0000010 1.1870629 0.2491134 0.6037206 0.8803588 1.0921600 2.3293749 1.2766758 1.2454826 1.2484104 1.2371842 1.2293158 1.2024347 0.0000010 0.9528013 1.2427165 1.2688305 1.1167261 1.0659142 1.1332225 1.0958237 1.0403204 1.2202407 1.0834168 1.1422029 1.1732766 1.0792678 1.1763489 1.1544979 1.1772625 0.3765095 1.8266387 1.2407775 1.1995242 1.2530341 1.6356327 0.0000010 0.0000010 0.3770313 0.0000010 0.0000010 0.0000010 1.3748929 0.0000010 1.9459840 2.3809754 0.9783576 0.0000010 0.0000010 0.0000010 0.0000000 
