47
Hsap_ENST00000366773                               0.0000000 2.6083208 1.3106041 3.4488603 2.8364976 2.6502203 2.6069988 2.3733113 2.2398544 2.2214312 2.4294043 2.4571433 3.2482565 2.5051358 2.2258959 2.7301688 2.5412058 2.5472184 2.4703437 3.1547706 2.9813161 3.2052328 3.9883044 3.1820665 2.6420764 3.4658479 2.4564753 1.8531370 3.2330395 4.3982036 4.8482079 5.2552174 5.0593353 5.0363108 3.4091214 3.4159720 2.9657612 3.3418010 3.1575017 3.2551525 5.5514790 5.1549937 4.8052602 4.5384465 5.0146787 2.9892958 2.8503889 
Spur_XM_030999518.1                                2.6083208 0.0000000 1.4359085 3.0161002 2.6546713 2.3073828 2.2941488 2.1036277 1.9077706 1.9849176 2.0240573 1.9680942 2.8931798 2.2836350 2.0185462 2.3034081 1.9803692 2.3500995 2.3070347 3.1115568 2.8880743 3.3142448 3.6836834 2.8883876 2.4304759 3.0738488 2.3890377 1.8255053 2.8869103 4.2550382 4.5273187 5.0391603 4.0780924 4.8955368 3.3083615 3.3066185 2.7306946 3.1764648 3.0218441 3.1748428 5.4089326 4.5799894 4.0113113 4.4535122 5.1645298 2.9931782 3.1994059 
Ctel_gnl_WGS_AMQN_CAPTEDRAFT_mRNA86473             1.3106041 1.4359085 0.0000000 1.0942755 1.0774626 1.0937183 1.1509349 0.9513722 0.8556258 1.1153444 1.0527510 1.1052220 1.2535989 1.2299796 1.1917322 1.3323527 1.0256348 1.8245378 1.6285637 1.3752689 1.3104287 1.7086750 2.0488560 1.6952188 1.5260213 1.3731277 1.5160077 0.0000010 1.7068338 3.3859225 2.4754106 0.0000010 2.4311967 3.1036373 1.6619493 1.6886888 2.0549167 2.0199520 1.8836265 1.8836265 3.2396890 3.1561753 3.6549803 3.4187640 3.4926769 1.0812199 1.2318834 
Stycar_maker-SC_scaffold5197-snap-gene-0.52-mRNA-1 3.4488603 3.0161002 1.0942755 0.0000000 1.6291852 1.7380937 2.5400863 2.4954126 2.5912417 2.3835315 2.6005336 2.5648077 3.7540949 2.7255881 2.5291943 2.4271127 2.6367991 1.8651852 2.6597446 3.1056591 2.8308327 3.0307794 3.5231630 4.0257681 2.8341673 2.3588247 2.1810550 2.8689155 3.6005931 4.6846282 3.8639879 5.0453783 4.0355443 5.2989136 4.4260421 4.4470484 3.1199293 3.5458404 3.5895999 3.6198111 4.9729029 4.5716161 4.9602312 4.8736053 4.9818732 1.5651535 3.7856340 
Halamb_c39504_g1_i2m.11811                         2.8364976 2.6546713 1.0774626 1.6291852 0.0000000 0.9155262 2.4118731 1.8777901 2.1950421 2.2460099 2.2002126 2.2592919 3.0782749 2.2659380 1.8289696 2.0951300 2.5469355 1.7078274 1.9150410 2.8455609 2.5801323 2.9085815 3.0399853 3.9037654 2.4956388 2.0203107 1.5726242 3.0150046 3.0499916 4.8146361 4.6364515 5.8419132 4.0638687 4.4071710 3.5252333 3.5167976 3.3524426 3.2813055 3.1563968 3.3532697 4.9332197 4.7685959 4.8049874 4.7517434 5.1026437 1.8474554 5.8460042 
Aque_Aqu2.1.29133_001                              2.6502203 2.3073828 1.0937183 1.7380937 0.9155262 0.0000000 2.0576482 1.7629397 2.0022081 2.0378614 2.0449416 2.0664034 2.6799541 2.0403193 1.6806260 2.1346099 2.1419999 2.1869893 1.7756249 2.6872337 2.5374097 2.8029727 2.9751934 3.1068093 2.2793600 1.9416340 1.1770626 0.8610237 2.5667895 4.0742242 4.4042236 5.2326590 4.2100046 4.0028657 2.9271236 2.9057984 2.8606899 2.7821617 2.6317126 2.8041055 4.2996004 4.2876535 3.8517433 4.1846162 4.3752420 1.6727428 2.5711583 
Amil_Amillepora15513-RA                            2.6069988 2.2941488 1.1509349 2.5400863 2.4118731 2.0576482 0.0000000 0.6543984 0.7893504 0.7914969 0.8638155 0.8368403 2.5870653 1.8079740 1.7049745 2.6856893 1.7357903 1.9168396 2.1437349 2.9068376 2.5395446 2.6853909 3.3739854 3.1130167 1.8270496 2.6451629 1.9479394 1.7965738 2.6009542 4.1439441 4.5283115 5.5101470 4.7102853 4.2091584 3.4098483 3.3859669 2.6738285 2.9625521 2.7208994 2.8377713 4.6225552 4.3702224 3.9429846 4.0128590 4.1547945 2.4275830 2.5313887 
Gfas_gfas1.m1.16403.m1                             2.3733113 2.1036277 0.9513722 2.4954126 1.8777901 1.7629397 0.6543984 0.0000000 0.6680289 0.5159706 0.7348740 0.7655451 2.8488152 1.8636674 1.6327844 2.3686922 1.5724905 1.3682639 1.7509785 2.3502265 2.3255639 2.4108986 3.1828066 2.7035534 1.9870528 2.5922375 2.6191366 1.5618717 2.8367932 4.3254458 4.0282986 4.5450060 3.8893781 4.2988086 3.3138521 3.2808517 2.2934359 3.0356692 2.9185223 3.0919569 4.2210339 3.4720607 3.8240912 3.8262338 4.2746818 2.0594933 3.0349554 
Fspp_ffun1.m4.19092.m1                             2.2398544 1.9077706 0.8556258 2.5912417 2.1950421 2.0022081 0.7893504 0.6680289 0.0000000 0.2869302 0.5338625 0.5496541 2.6739275 1.6151981 1.6627436 2.2556371 1.5014975 1.4639188 1.9209277 2.6859421 2.4961197 2.4103657 3.2099487 2.9669667 1.9120194 2.8211345 2.5514053 1.5640426 2.5158779 4.0093467 3.9586694 4.4289484 4.1370876 4.1619037 3.1899896 3.1523089 2.7243720 3.0227467 2.8356387 2.9733044 4.1450357 3.6998629 3.8884059 3.5580641 3.9017266 2.3051760 2.6522980 
Gasp_gasp1.m3.29779.m1                             2.2214312 1.9849176 1.1153444 2.3835315 2.2460099 2.0378614 0.7914969 0.5159706 0.2869302 0.0000000 0.4807510 0.4906978 2.7430379 1.6540030 1.6742159 2.4389204 1.5734056 1.9953167 2.0198649 2.6193612 2.5120806 2.6574408 3.1942258 2.8699137 1.7680140 2.3798395 1.7420431 1.6176422 2.6236894 3.5234145 3.8318915 4.5360049 3.8038421 3.8990675 3.0105796 2.9851892 2.6181387 2.6410630 2.4689240 2.6570182 4.2207301 4.0883504 3.9095959 4.1428377 4.4676411 2.0478639 2.4606664 
Spis_XP_022779473_1                                2.4294043 2.0240573 1.0527510 2.6005336 2.2002126 2.0449416 0.8638155 0.7348740 0.5338625 0.4807510 0.0000000 0.1951275 2.7902536 1.6607725 1.8412604 2.4814863 1.4654906 1.7392828 2.1521517 2.9402703 2.5658916 2.6817621 3.2179426 3.1987917 1.8534638 2.5743758 2.6365264 1.6089922 2.4464908 3.8637706 4.1326996 4.5654708 4.0449143 3.9745540 3.1709779 3.1631820 2.7004926 2.9847026 2.8048630 2.9828935 4.8784163 4.3157603 3.9631665 4.2657589 4.6489103 2.3350031 3.2631755 
Pocdam_XM_027199631.1                              2.4571433 1.9680942 1.1052220 2.5648077 2.2592919 2.0664034 0.8368403 0.7655451 0.5496541 0.4906978 0.1951275 0.0000000 2.7875073 1.7178381 1.7661665 2.5456489 1.5253226 1.7906934 2.1370306 2.8220358 2.6012490 2.6914465 3.2643039 3.0270002 1.8938427 2.6643926 2.5575904 1.4889281 2.4897074 3.8351409 3.7365850 4.1459572 4.0041190 4.0591838 3.2518954 3.2441055 2.7812791 3.1011881 2.8595377 3.0430522 4.6168402 4.1355922 3.8175420 4.0867342 4.6739687 2.2955491 3.2462772 
Cgig_XM_034470963.1                                3.2482565 2.8931798 1.2535989 3.7540949 3.0782749 2.6799541 2.5870653 2.8488152 2.6739275 2.7430379 2.7902536 2.7875073 0.0000000 2.7029610 2.6348541 3.6228571 2.4954968 1.7783185 2.6748632 3.3999731 3.1167473 3.2437706 3.3496731 3.1975733 3.2731352 3.6055116 2.7223250 2.4922524 3.4193951 4.4754462 4.6744242 5.7384961 5.1682248 5.4787186 3.7635029 3.7594140 3.2864496 3.5203565 3.3936850 3.4736568 5.5672302 5.2293759 4.4403872 5.0148746 5.3334799 3.4256583 3.5004777 
Exapal_XM_021059587.2                              2.5051358 2.2836350 1.2299796 2.7255881 2.2659380 2.0403193 1.8079740 1.8636674 1.6151981 1.6540030 1.6607725 1.7178381 2.7029610 0.0000000 2.1344304 2.6820699 1.7060109 1.6177549 2.3800043 2.7984287 2.4495315 2.6665010 3.3348904 3.1636808 2.1161881 2.6361989 2.6658199 2.3086679 2.8049941 4.2341444 4.2778922 5.3911090 4.1127353 4.2582731 3.4762319 3.4275566 2.9732325 3.0000026 2.8909894 2.9319083 4.7466348 4.4484442 4.2735358 4.2395955 4.5235122 2.6108820 3.2946678 
Skow_XM_006816975.1                                2.2258959 2.0185462 1.1917322 2.5291943 1.8289696 1.6806260 1.7049745 1.6327844 1.6627436 1.6742159 1.8412604 1.7661665 2.6348541 2.1344304 0.0000000 2.4877266 1.5906654 1.9050522 2.4808813 2.2188667 2.2667585 2.7070004 2.9131044 2.4422721 2.1540659 2.6769174 2.4258523 1.8831075 2.5212790 4.2746601 4.8246722 8.9999990 4.5836763 4.2075671 2.8948633 2.9581117 2.1881525 2.6655801 2.5884901 2.7322802 4.9370321 4.1528841 4.3269859 3.9509105 4.2776659 2.2944712 2.3876767 
Plajan_Pjan_scaffold3869_01                        2.7301688 2.3034081 1.3323527 2.4271127 2.0951300 2.1346099 2.6856893 2.3686922 2.2556371 2.4389204 2.4814863 2.5456489 3.6228571 2.6820699 2.4877266 0.0000000 2.8515517 2.4967027 1.9004773 2.1257103 2.4251170 3.6516266 3.3110557 3.4061085 2.3075272 2.7499278 3.3345845 5.9497006 2.1321023 3.9290046 3.5432861 7.9800254 3.6649366 3.7576342 3.3197079 3.2770606 3.1161046 3.0599110 3.1268347 3.5242978 4.1474358 3.7557154 4.2725034 4.1733289 4.5621721 2.5578973 4.0334263 
Nvec_NVE6916                                       2.5412058 1.9803692 1.0256348 2.6367991 2.5469355 2.1419999 1.7357903 1.5724905 1.5014975 1.5734056 1.4654906 1.5253226 2.4954968 1.7060109 1.5906654 2.8515517 0.0000000 1.6024196 1.9542146 3.0468802 2.7645899 2.7043024 3.4291140 2.8823378 1.9864181 2.5595266 1.9475879 1.9067757 2.3679444 4.0914532 4.6285968 5.7398717 4.6429824 4.8648268 3.2866817 3.2787032 3.0143368 3.2329866 3.0063522 3.1437712 4.0064286 3.9199219 3.9159109 4.5714527 4.7987605 2.4750776 2.4827935 
Dpul_mRNA21886                                     2.5472184 2.3500995 1.8245378 1.8651852 1.7078274 2.1869893 1.9168396 1.3682639 1.4639188 1.9953167 1.7392828 1.7906934 1.7783185 1.6177549 1.9050522 2.4967027 1.6024196 0.0000000 2.5357699 2.6192018 2.3393195 2.5670294 2.4005370 2.6641574 2.2908245 2.2931258 2.2469391 0.0000010 2.1954538 2.5912721 1.9581540 0.0000010 1.6730617 4.1125188 2.7980684 2.7474217 2.6735061 2.5219788 2.7229307 2.7229307 2.9711800 3.1149715 3.4005515 2.6650678 2.7856812 1.8772803 3.8220047 
Aaur_scaffold21.g11.t1                             2.4703437 2.3070347 1.6285637 2.6597446 1.9150410 1.7756249 2.1437349 1.7509785 1.9209277 2.0198649 2.1521517 2.1370306 2.6748632 2.3800043 2.4808813 1.9004773 1.9542146 2.5357699 0.0000000 0.8491486 0.8518665 1.1888142 2.4583264 2.6646457 2.6665677 2.6445374 2.7909958 2.1792447 2.9318635 4.0728531 2.8893857 0.0000010 2.9055873 4.0273747 3.2207114 3.1967103 2.2755315 2.7704054 2.6729981 2.6729981 4.3429754 3.8742787 4.1846309 3.8166139 4.2586720 2.3386847 3.9396506 
Nemnom_g17314.t1                                   3.1547706 3.1115568 1.3752689 3.1056591 2.8455609 2.6872337 2.9068376 2.3502265 2.6859421 2.6193612 2.9402703 2.8220358 3.3999731 2.7984287 2.2188667 2.1257103 3.0468802 2.6192018 0.8491486 0.0000000 0.6623421 1.8715458 3.2864600 3.2888705 3.1830515 2.9833983 2.4561183 2.4575557 3.3434733 4.9456603 4.0980653 7.3952005 5.0330121 4.6724243 3.6070234 3.5796537 2.7843573 3.2302067 3.2812178 3.3568932 5.5739049 4.9002707 5.0701036 5.5515591 5.6605154 2.9920756 3.8872295 
Rhoesc_Res_001646-T1                               2.9813161 2.8880743 1.3104287 2.8308327 2.5801323 2.5374097 2.5395446 2.3255639 2.4961197 2.5120806 2.5658916 2.6012490 3.1167473 2.4495315 2.2667585 2.4251170 2.7645899 2.3393195 0.8518665 0.6623421 0.0000000 1.7862049 3.1747933 3.4843688 3.0020170 2.9004317 2.6790227 2.4127830 3.3650472 4.7206826 4.7268079 5.9142222 4.1806404 4.8249513 3.8538703 3.8393119 3.0237693 3.3335143 3.2042856 3.2657164 5.5777877 5.2957205 5.0968744 4.9689356 5.1717728 3.0544020 3.6464569 
Sanmal_Sma_019816-T1                               3.2052328 3.3142448 1.7086750 3.0307794 2.9085815 2.8029727 2.6853909 2.4108986 2.4103657 2.6574408 2.6817621 2.6914465 3.2437706 2.6665010 2.7070004 3.6516266 2.7043024 2.5670294 1.1888142 1.8715458 1.7862049 0.0000000 3.0940418 3.7584029 2.7210419 3.1021405 1.9176073 1.8905878 3.2988502 4.5200630 4.3127206 7.0990361 5.2795884 4.4689710 3.6047420 3.6130796 3.3290666 3.3109364 3.1530883 3.2328888 5.1503946 4.8642633 3.9906874 4.5021482 4.5411635 2.6211217 2.4601343 
Morvir_scaffold98.g22.t1                           3.9883044 3.6836834 2.0488560 3.5231630 3.0399853 2.9751934 3.3739854 3.1828066 3.2099487 3.1942258 3.2179426 3.2643039 3.3496731 3.3348904 2.9131044 3.3110557 3.4291140 2.4005370 2.4583264 3.2864600 3.1747933 3.0940418 0.0000000 3.9659940 3.3153024 4.2514656 3.8596581 2.7185022 3.7070620 5.0858597 4.4651684 6.1544603 4.7860935 5.0264736 4.4082776 4.3984398 3.7051458 4.0230815 3.9668166 4.0992429 5.6254510 5.1672312 5.1926610 4.6509288 5.0936157 3.4633174 4.6845639 
Acagra_model.g25617.t1                             3.1820665 2.8883876 1.6952188 4.0257681 3.9037654 3.1068093 3.1130167 2.7035534 2.9669667 2.8699137 3.1987917 3.0270002 3.1975733 3.1636808 2.4422721 3.4061085 2.8823378 2.6641574 2.6646457 3.2888705 3.4843688 3.7584029 3.9659940 0.0000000 3.2795735 3.8141812 2.1846861 1.7508713 3.8557985 4.4963333 6.9092347 8.9999986 5.3020009 5.2547524 4.1278611 4.0907389 3.6821624 3.6961048 3.4067870 3.5219540 5.4948809 5.0153185 5.0317275 5.1375331 6.0389115 3.4159474 2.5089174 
Dgig_XM_028543107.1                                2.6420764 2.4304759 1.5260213 2.8341673 2.4956388 2.2793600 1.8270496 1.9870528 1.9120194 1.7680140 1.8534638 1.8938427 3.2731352 2.1161881 2.1540659 2.3075272 1.9864181 2.2908245 2.6665677 3.1830515 3.0020170 2.7210419 3.3153024 3.2795735 0.0000000 2.7526059 2.8381075 1.5605567 2.7027678 3.7854104 3.9534941 5.3666549 4.1430840 4.2826789 3.6876785 3.6598603 3.2279806 3.4280023 3.2379491 3.3565663 4.8860876 4.4115497 4.1087947 4.2599097 4.3111709 2.6743978 3.1163856 
Emue_Em0019g182a.t1                                3.4658479 3.0738488 1.3731277 2.3588247 2.0203107 1.9416340 2.6451629 2.5922375 2.8211345 2.3798395 2.5743758 2.6643926 3.6055116 2.6361989 2.6769174 2.7499278 2.5595266 2.2931258 2.6445374 2.9833983 2.9004317 3.1021405 4.2514656 3.8141812 2.7526059 0.0000000 2.0363370 2.1107289 3.3634407 4.3314866 3.9303593 5.0441800 4.7828667 5.1282460 3.9193733 3.8994065 3.1783708 3.5447831 3.3453423 3.4434753 5.4177483 4.8746833 4.4393251 4.9029176 5.4309879 2.1730223 4.0577590 
Spolac_c97837_g1_i1_m.15874c102714-g1              2.4564753 2.3890377 1.5160077 2.1810550 1.5726242 1.1770626 1.9479394 2.6191366 2.5514053 1.7420431 2.6365264 2.5575904 2.7223250 2.6658199 2.4258523 3.3345845 1.9475879 2.2469391 2.7909958 2.4561183 2.6790227 1.9176073 3.8596581 2.1846861 2.8381075 2.0363370 0.0000000 1.8595833 2.9507402 3.1631926 3.5294664 0.0000010 3.0234461 3.9492610 3.3445614 3.3445614 1.5125552 3.1097772 2.9752032 2.9752032 5.2783813 4.4466510 3.2991838 3.1913030 4.6264373 2.0430543 2.9073063 
Plespi_Pspi_scaffold1747_01                        1.8531370 1.8255053 0.0000010 2.8689155 3.0150046 0.8610237 1.7965738 1.5618717 1.5640426 1.6176422 1.6089922 1.4889281 2.4922524 2.3086679 1.8831075 5.9497006 1.9067757 0.0000010 2.1792447 2.4575557 2.4127830 1.8905878 2.7185022 1.7508713 1.5605567 2.1107289 1.8595833 0.0000000 2.6224450 3.6231969 0.0000010 0.0000010 0.0000010 4.1711838 3.2427436 3.2427436 1.6823493 2.7825567 2.8378231 2.7766041 4.1233329 3.9369738 3.2290962 3.2729689 4.6536909 1.9987223 2.9075797 
Opea_EP00118_Oscarella_pearsei_P018511             3.2330395 2.8869103 1.7068338 3.6005931 3.0499916 2.5667895 2.6009542 2.8367932 2.5158779 2.6236894 2.4464908 2.4897074 3.4193951 2.8049941 2.5212790 2.1321023 2.3679444 2.1954538 2.9318635 3.3434733 3.3650472 3.2988502 3.7070620 3.8557985 2.7027678 3.3634407 2.9507402 2.6224450 0.0000000 4.4437473 6.1945736 6.7843697 4.8878773 4.8841244 3.4810335 3.5148429 3.1979284 3.3779990 3.0977651 3.3017162 4.9514149 4.7454696 4.5268129 4.7351179 5.1732625 3.2577236 4.6071472 
Mlei_ML0968.g2.i1                                  4.3982036 4.2550382 3.3859225 4.6846282 4.8146361 4.0742242 4.1439441 4.3254458 4.0093467 3.5234145 3.8637706 3.8351409 4.4754462 4.2341444 4.2746601 3.9290046 4.0914532 2.5912721 4.0728531 4.9456603 4.7206826 4.5200630 5.0858597 4.4963333 3.7854104 4.3314866 3.1631926 3.6231969 4.4437473 0.0000000 0.7917730 0.6964884 1.4471823 2.0299886 4.3899377 4.4211317 4.3986399 4.3551809 4.3857934 4.3810928 3.4466220 2.8192388 2.4544961 2.3326991 2.5694337 4.5729657 5.0319761 
Bolinf_Binf_sb1297941                              4.8482079 4.5273187 2.4754106 3.8639879 4.6364515 4.4042236 4.5283115 4.0282986 3.9586694 3.8318915 4.1326996 3.7365850 4.6744242 4.2778922 4.8246722 3.5432861 4.6285968 1.9581540 2.8893857 4.0980653 4.7268079 4.3127206 4.4651684 6.9092347 3.9534941 3.9303593 3.5294664 0.0000010 6.1945736 0.7917730 0.0000000 0.0302058 1.2302816 2.2673090 3.8216090 3.8329309 4.4880754 4.5902948 4.9615365 4.8128965 2.6208059 2.3947101 2.7683284 2.6321384 2.6465142 4.0832227 3.2008671 
Mertsp_Mesp_sb530161                               5.2552174 5.0391603 0.0000010 5.0453783 5.8419132 5.2326590 5.5101470 4.5450060 4.4289484 4.5360049 4.5654708 4.1459572 5.7384961 5.3911090 8.9999990 7.9800254 5.7398717 0.0000010 0.0000010 7.3952005 5.9142222 7.0990361 6.1544603 8.9999986 5.3666549 5.0441800 0.0000010 0.0000010 6.7843697 0.6964884 0.0302058 0.0000000 1.3403982 2.4462554 4.9359626 4.9359626 5.5957017 5.6009066 6.4602690 6.5412989 4.5045324 3.7231626 3.5015042 3.2184732 3.2242224 5.5822206 0.0000010 
Beraby_Baby_sb324056                               5.0593353 4.0780924 2.4311967 4.0355443 4.0638687 4.2100046 4.7102853 3.8893781 4.1370876 3.8038421 4.0449143 4.0041190 5.1682248 4.1127353 4.5836763 3.6649366 4.6429824 1.6730617 2.9055873 5.0330121 4.1806404 5.2795884 4.7860935 5.3020009 4.1430840 4.7828667 3.0234461 0.0000010 4.8878773 1.4471823 1.2302816 1.3403982 0.0000000 2.3925267 4.9538722 4.9616502 5.4909275 5.4528426 5.7594691 5.6004946 3.5156664 3.2415044 2.5545847 2.4105573 2.5742419 5.1840022 1.1712652 
Lampan_Lpan_C417227_01                             5.0363108 4.8955368 3.1036373 5.2989136 4.4071710 4.0028657 4.2091584 4.2988086 4.1619037 3.8990675 3.9745540 4.0591838 5.4787186 4.2582731 4.2075671 3.7576342 4.8648268 4.1125188 4.0273747 4.6724243 4.8249513 4.4689710 5.0264736 5.2547524 4.2826789 5.1282460 3.9492610 4.1711838 4.8841244 2.0299886 2.2673090 2.4462554 2.3925267 0.0000000 5.1494892 5.1520425 5.1425032 5.3364747 4.8071074 4.9837538 3.6578367 3.1248078 2.4681056 2.4334655 2.9757472 5.0889901 4.8829875 
Tadh_TriadT59722                                   3.4091214 3.3083615 1.6619493 4.4260421 3.5252333 2.9271236 3.4098483 3.3138521 3.1899896 3.0105796 3.1709779 3.2518954 3.7635029 3.4762319 2.8948633 3.3197079 3.2866817 2.7980684 3.2207114 3.6070234 3.8538703 3.6047420 4.4082776 4.1278611 3.6876785 3.9193733 3.3445614 3.2427436 3.4810335 4.3899377 3.8216090 4.9359626 4.9538722 5.1494892 0.0000000 0.0077130 0.6288619 0.7978046 0.7497170 0.7864857 5.0947346 4.4726726 5.0671447 5.2582061 6.0054194 3.7842388 5.2484359 
TrH2_TrispH2_000303-RA                             3.4159720 3.3066185 1.6886888 4.4470484 3.5167976 2.9057984 3.3859669 3.2808517 3.1523089 2.9851892 3.1631820 3.2441055 3.7594140 3.4275566 2.9581117 3.2770606 3.2787032 2.7474217 3.1967103 3.5796537 3.8393119 3.6130796 4.3984398 4.0907389 3.6598603 3.8994065 3.3445614 3.2427436 3.5148429 4.4211317 3.8329309 4.9359626 4.9616502 5.1520425 0.0077130 0.0000000 0.6353715 0.7953366 0.7453510 0.7777312 5.0506916 4.4429418 5.0871980 5.2835386 6.0281092 3.7590143 5.0633009 
HoiH06_mRNA2013                                    2.9657612 2.7306946 2.0549167 3.1199293 3.3524426 2.8606899 2.6738285 2.2934359 2.7243720 2.6181387 2.7004926 2.7812791 3.2864496 2.9732325 2.1881525 3.1161046 3.0143368 2.6735061 2.2755315 2.7843573 3.0237693 3.3290666 3.7051458 3.6821624 3.2279806 3.1783708 1.5125552 1.6823493 3.1979284 4.3986399 4.4880754 5.5957017 5.4909275 5.1425032 0.6288619 0.6353715 0.0000000 0.1156498 0.2585780 0.2748260 4.9693653 4.3176300 4.8378110 5.1336393 5.5410319 2.9530088 3.2359364 
HoiH23_PlH23_000358-RA                             3.3418010 3.1764648 2.0199520 3.5458404 3.2813055 2.7821617 2.9625521 3.0356692 3.0227467 2.6410630 2.9847026 3.1011881 3.5203565 3.0000026 2.6655801 3.0599110 3.2329866 2.5219788 2.7704054 3.2302067 3.3335143 3.3109364 4.0230815 3.6961048 3.4280023 3.5447831 3.1097772 2.7825567 3.3779990 4.3551809 4.5902948 5.6009066 5.4528426 5.3364747 0.7978046 0.7953366 0.1156498 0.0000000 0.2814307 0.2990814 5.2808779 4.5985374 5.2826470 4.9178627 5.5285032 3.5297948 4.1362844 
Hhon_g06010.t1                                     3.1575017 3.0218441 1.8836265 3.5895999 3.1563968 2.6317126 2.7208994 2.9185223 2.8356387 2.4689240 2.8048630 2.8595377 3.3936850 2.8909894 2.5884901 3.1268347 3.0063522 2.7229307 2.6729981 3.2812178 3.2042856 3.1530883 3.9668166 3.4067870 3.2379491 3.3453423 2.9752032 2.8378231 3.0977651 4.3857934 4.9615365 6.4602690 5.7594691 4.8071074 0.7497170 0.7453510 0.2585780 0.2814307 0.0000000 0.0033349 4.9802167 4.4538323 5.0703437 5.0600038 5.5028378 3.4655792 3.8253271 
HoiH04_mRNA1361                                    3.2551525 3.1748428 1.8836265 3.6198111 3.3532697 2.8041055 2.8377713 3.0919569 2.9733044 2.6570182 2.9828935 3.0430522 3.4736568 2.9319083 2.7322802 3.5242978 3.1437712 2.7229307 2.6729981 3.3568932 3.2657164 3.2328888 4.0992429 3.5219540 3.3565663 3.4434753 2.9752032 2.7766041 3.3017162 4.3810928 4.8128965 6.5412989 5.6004946 4.9837538 0.7864857 0.7777312 0.2748260 0.2990814 0.0033349 0.0000000 5.0451320 4.5103273 5.1404010 5.1260315 5.6045176 3.5090381 3.8253271 
Pbac_sb2650886                                     5.5514790 5.4089326 3.2396890 4.9729029 4.9332197 4.2996004 4.6225552 4.2210339 4.1450357 4.2207301 4.8784163 4.6168402 5.5672302 4.7466348 4.9370321 4.1474358 4.0064286 2.9711800 4.3429754 5.5739049 5.5777877 5.1503946 5.6254510 5.4948809 4.8860876 5.4177483 5.2783813 4.1233329 4.9514149 3.4466220 2.6208059 4.5045324 3.5156664 3.6578367 5.0947346 5.0506916 4.9693653 5.2808779 4.9802167 5.0451320 0.0000000 0.2245508 3.5921051 2.9045035 3.6661127 4.8061646 5.2651984 
Horcal_Hcv1.av93.c1.g1460.i1                       5.1549937 4.5799894 3.1561753 4.5716161 4.7685959 4.2876535 4.3702224 3.4720607 3.6998629 4.0883504 4.3157603 4.1355922 5.2293759 4.4484442 4.1528841 3.7557154 3.9199219 3.1149715 3.8742787 4.9002707 5.2957205 4.8642633 5.1672312 5.0153185 4.4115497 4.8746833 4.4466510 3.9369738 4.7454696 2.8192388 2.3947101 3.7231626 3.2415044 3.1248078 4.4726726 4.4429418 4.3176300 4.5985374 4.4538323 4.5103273 0.2245508 0.0000000 3.1879533 2.7105238 2.9610227 4.4832689 5.5230268 
Vmul_SimC402008                                    4.8052602 4.0113113 3.6549803 4.9602312 4.8049874 3.8517433 3.9429846 3.8240912 3.8884059 3.9095959 3.9631665 3.8175420 4.4403872 4.2735358 4.3269859 4.2725034 3.9159109 3.4005515 4.1846309 5.0701036 5.0968744 3.9906874 5.1926610 5.0317275 4.1087947 4.4393251 3.2991838 3.2290962 4.5268129 2.4544961 2.7683284 3.5015042 2.5545847 2.4681056 5.0671447 5.0871980 4.8378110 5.2826470 5.0703437 5.1404010 3.5921051 3.1879533 0.0000000 1.8780914 2.1075629 5.5458169 5.6112540 
Coeast_Cast_sb783889                               4.5384465 4.4535122 3.4187640 4.8736053 4.7517434 4.1846162 4.0128590 3.8262338 3.5580641 4.1428377 4.2657589 4.0867342 5.0148746 4.2395955 3.9509105 4.1733289 4.5714527 2.6650678 3.8166139 5.5515591 4.9689356 4.5021482 4.6509288 5.1375331 4.2599097 4.9029176 3.1913030 3.2729689 4.7351179 2.3326991 2.6321384 3.2184732 2.4105573 2.4334655 5.2582061 5.2835386 5.1336393 4.9178627 5.0600038 5.1260315 2.9045035 2.7105238 1.8780914 0.0000000 0.1264128 4.6391118 5.1392357 
Coemet_Cmet_scaffold12193_01                       5.0146787 5.1645298 3.4926769 4.9818732 5.1026437 4.3752420 4.1547945 4.2746818 3.9017266 4.4676411 4.6489103 4.6739687 5.3334799 4.5235122 4.2776659 4.5621721 4.7987605 2.7856812 4.2586720 5.6605154 5.1717728 4.5411635 5.0936157 6.0389115 4.3111709 5.4309879 4.6264373 4.6536909 5.1732625 2.5694337 2.6465142 3.2242224 2.5742419 2.9757472 6.0054194 6.0281092 5.5410319 5.5285032 5.5028378 5.6045176 3.6661127 2.9610227 2.1075629 0.1264128 0.0000000 5.1592291 5.2135108 
Tetwil_g26845.t2                                   2.9892958 2.9931782 1.0812199 1.5651535 1.8474554 1.6727428 2.4275830 2.0594933 2.3051760 2.0478639 2.3350031 2.2955491 3.4256583 2.6108820 2.2944712 2.5578973 2.4750776 1.8772803 2.3386847 2.9920756 3.0544020 2.6211217 3.4633174 3.4159474 2.6743978 2.1730223 2.0430543 1.9987223 3.2577236 4.5729657 4.0832227 5.5822206 5.1840022 5.0889901 3.7842388 3.7590143 2.9530088 3.5297948 3.4655792 3.5090381 4.8061646 4.4832689 5.5458169 4.6391118 5.1592291 0.0000000 3.1742376 
Cscu_XM_023375777.1                                2.8503889 3.1994059 1.2318834 3.7856340 5.8460042 2.5711583 2.5313887 3.0349554 2.6522980 2.4606664 3.2631755 3.2462772 3.5004777 3.2946678 2.3876767 4.0334263 2.4827935 3.8220047 3.9396506 3.8872295 3.6464569 2.4601343 4.6845639 2.5089174 3.1163856 4.0577590 2.9073063 2.9075797 4.6071472 5.0319761 3.2008671 0.0000010 1.1712652 4.8829875 5.2484359 5.0633009 3.2359364 4.1362844 3.8253271 3.8253271 5.2651984 5.5230268 5.6112540 5.1392357 5.2135108 3.1742376 0.0000000 
