53
Hsap_ENST00000306433                                  0.0000000 1.8849423 2.0067784 1.5771308 1.7123629 1.7675251 2.1382291 1.9145654 2.0006556 1.6146607 1.7082216 1.5512113 1.6350980 2.3885574 1.7476522 2.7658849 2.7028219 2.1874456 2.5232206 2.5328177 1.4980456 1.8935979 1.5259931 2.0431358 2.0148309 1.7283483 1.8130214 2.0648736 2.2531188 2.3951853 2.6415224 2.5458996 2.5282493 2.4850493 2.5020176 2.0078739 2.1333226 2.1503926 2.4807200 2.2975272 3.3540323 3.1785280 3.3638240 3.8767774 4.0629016 4.2260705 3.3729691 3.3354178 3.3304201 4.1701539 2.7997933 2.4797518 2.8883735 
Bralan_BLAG15000300_1                                 1.8849423 0.0000000 1.9086535 1.4835802 1.6591183 2.1144259 2.3523462 1.9377096 2.1618912 1.9090614 1.9478989 1.9200064 1.9947980 2.6790652 1.7334355 3.1195905 3.0891431 2.5202655 2.4133335 2.5115745 1.4615823 1.6029214 1.7795225 2.0508317 2.0980671 1.6280964 1.8633969 2.0812792 2.7140418 2.5721905 2.9305020 2.7689786 2.9319929 2.7528227 2.8803691 2.3621519 2.3674568 2.4984940 2.8336761 2.3994961 2.7539225 2.9764035 3.0314290 3.4465335 3.2146289 3.5446475 2.9867730 2.7696616 2.7433327 3.1252758 3.2418475 2.9814148 3.7918206 
Spur_XM_030972879.1                                   2.0067784 1.9086535 0.0000000 1.5277271 1.8190649 2.3181098 2.8905449 2.2704892 2.4857678 2.0802873 2.0520526 2.2021870 2.1509302 2.4562876 1.2713248 2.8092258 2.7041585 2.2305348 2.2867932 2.1451416 1.3660944 1.8456251 1.9074677 1.8032054 2.1570566 1.8484461 1.6946602 2.6449679 2.4276028 2.2210517 2.8388701 2.9469060 2.8861112 2.6954501 2.7205882 2.2470126 2.1367300 2.4993829 2.1636409 2.4992755 2.9223416 3.1105327 3.2479838 3.4589614 3.7128566 3.6813084 3.1166028 3.3172593 3.1457515 3.5907304 3.2276242 2.8040293 3.1558576 
Skow_XM_002735244.2                                   1.5771308 1.4835802 1.5277271 0.0000000 1.6203328 1.6359533 1.8605121 1.7744042 1.9845865 1.5929995 1.5592909 1.5870245 1.5865934 2.0231533 1.1476253 2.6176984 2.5086409 1.8901163 2.1190834 2.2301332 1.2209849 1.6015345 1.3808419 1.5825277 1.7334152 1.4661968 1.6008974 2.1262771 2.2550815 1.7435969 2.1476837 2.2586109 2.2462316 2.1151647 2.1653193 1.8259097 2.1213947 2.2131586 2.1189099 2.3189904 3.0448088 3.1026196 3.2081560 3.4135717 3.6636089 3.6660784 3.0569009 3.1833965 3.2663981 3.5484615 2.8424808 2.5314655 2.8229948 
Exapal_XM_021046655.1                                 1.7123629 1.6591183 1.8190649 1.6203328 0.0000000 1.1108839 1.4286476 1.3556968 1.3467853 1.1315063 1.2583696 1.0987070 1.1520795 1.9993157 1.2974112 2.2404529 2.1635777 1.6683330 1.6776758 1.9788899 1.3745400 2.1040019 1.7822747 1.5397851 1.7857902 1.7415799 1.7169175 1.8025731 1.9605184 1.9616416 2.1985179 2.2512584 2.2531298 2.1516848 2.2152388 1.8212377 2.1472284 2.2599413 2.4357747 2.2519128 2.7341041 2.8920719 2.6850842 3.6300908 3.2443853 3.3519554 2.7981347 2.7005980 2.7687002 3.3149475 3.1437119 2.7289428 3.1306370 
Nvec_v1g247781                                        1.7675251 2.1144259 2.3181098 1.6359533 1.1108839 0.0000000 1.3698874 1.3539842 1.3225280 1.0621883 1.1322434 1.0113706 1.0034987 1.9321288 1.2299642 2.4623748 2.4390229 1.8576042 1.9324605 2.1876209 1.3431271 1.7839697 1.9027988 1.4789629 1.7612298 1.9628169 1.8043668 2.1184359 1.9294304 2.1230846 2.3636055 2.5344097 2.4639176 2.3093014 2.3441217 1.7709532 2.1541783 2.3233166 2.5848431 2.9727550 2.9521810 3.1577313 2.8577858 3.7259035 3.9458997 3.9683362 3.1854568 3.0143413 2.9808948 3.3651940 3.2793731 2.8610504 3.3141320 
Adig_XM_015916202.1                                   2.1382291 2.3523462 2.8905449 1.8605121 1.4286476 1.3698874 0.0000000 0.2524557 0.8672024 0.6654778 0.8036298 0.7533458 0.7265833 2.2353232 1.4930055 2.1800917 2.9387659 2.2489968 2.0854965 2.7033389 2.1985919 2.6363896 2.0524401 1.7717113 2.0821653 2.1417945 2.6313337 2.5577972 2.6842814 2.9330983 3.1394554 3.2498972 3.2955610 3.0411506 3.1999550 2.4603897 2.5519924 3.3299341 3.0726844 2.7571339 3.0160871 3.0986733 2.9067799 4.0305818 4.6694436 4.4569430 3.1314921 2.8345179 2.8649490 3.3743064 3.0020412 3.0020412 3.5097536 
Amil_Amillepora10642-RA                               1.9145654 1.9377096 2.2704892 1.7744042 1.3556968 1.3539842 0.2524557 0.0000000 0.7962807 0.7161791 0.7900907 0.7573710 0.7575595 1.8372195 1.3745307 2.7620654 1.9867821 1.8407340 1.8635221 2.5317187 1.2974789 1.8188039 1.9880575 1.5747359 1.8872730 2.1518250 2.2798224 2.0498079 2.4524342 2.4249388 2.7782171 2.7429469 2.6574419 2.7494764 2.8211031 2.4569992 2.3861839 2.3518806 3.0510518 2.8418547 2.6769953 2.6370761 2.6875866 3.4444260 3.2691904 3.7939832 2.9076104 2.3995874 2.4165806 2.9923138 3.3748931 2.9172540 3.7316596 
Gfas_gfas1.m1.13595.m1                                2.0006556 2.1618912 2.4857678 1.9845865 1.3467853 1.3225280 0.8672024 0.7962807 0.0000000 0.5930376 0.7201643 0.6299309 0.6750041 2.1195676 1.8550849 2.8790284 2.1670084 2.0447272 2.1472638 2.5765275 1.1616732 1.8455253 2.2147855 1.7665181 1.8370420 2.2978701 2.3287199 1.9554521 2.8257145 2.2884837 2.4306994 2.6428719 2.5120935 2.5111148 2.6629435 2.6694267 2.9358537 2.7051955 3.1823148 2.9411293 2.9921625 3.0811065 2.7664227 3.7898860 3.4246571 3.9358305 3.0939071 2.8671419 2.9223475 3.2304920 2.8393583 2.5458549 4.1091665 
Fspp_ffun1.m4.9771.m1                                 1.6146607 1.9090614 2.0802873 1.5929995 1.1315063 1.0621883 0.6654778 0.7161791 0.5930376 0.0000000 0.3031619 0.3713498 0.3548555 1.7726792 1.2572981 2.1823173 2.0744911 1.6798036 1.6686710 2.1796652 1.2102481 1.5377770 1.6695632 1.3829876 1.4708297 1.8944694 1.8555755 1.7184326 2.2486780 2.1103901 2.3339523 2.3956070 2.3238054 2.2579355 2.3749579 1.9192817 2.1118606 2.4495105 2.9001603 2.7335098 2.6320994 2.5127825 2.3758631 3.2622986 3.0015093 3.4779287 2.6443815 2.6275627 2.5982436 2.5306626 2.7111316 2.4605122 3.5370891 
Gasp_gasp1.m3.6124.m1                                 1.7082216 1.9478989 2.0520526 1.5592909 1.2583696 1.1322434 0.8036298 0.7900907 0.7201643 0.3031619 0.0000000 0.4589946 0.4375221 1.7569713 1.0232602 2.0800652 1.8979241 1.6330924 1.6540590 2.0713106 1.2369665 1.6422486 1.6801025 1.3959529 1.5199003 1.8142535 1.9166571 1.7152765 2.1712957 1.9283407 2.2996184 2.3220581 2.3693233 2.3186519 2.2947780 1.9223573 2.1586741 2.5001811 2.8412608 2.5429868 2.5774847 2.7084209 2.6755592 3.4278919 3.3006646 3.5653548 2.5771855 2.5141195 2.4946920 2.7824331 2.6266483 2.3260820 3.0933874 
Spis_XP_022808354_1                                   1.5512113 1.9200064 2.2021870 1.5870245 1.0987070 1.0113706 0.7533458 0.7573710 0.6299309 0.3713498 0.4589946 0.0000000 0.1004924 1.8653361 1.2200658 2.3840170 2.0586292 1.7697314 1.7485937 2.0676153 1.1693603 1.6899475 1.7780580 1.4980691 1.6236842 1.8552273 1.8522451 1.8735098 2.2666810 2.1696124 2.3475230 2.4341112 2.3640595 2.3009207 2.4460056 2.1663683 2.5032470 2.6492498 2.8584973 2.8290998 2.8691108 2.6216367 2.5496093 3.3037303 3.2586568 3.5875232 2.5754434 2.5965244 2.5717971 2.8604236 2.7815299 2.5061867 3.0911549 
Pocdam_XM_027199031.1                                 1.6350980 1.9947980 2.1509302 1.5865934 1.1520795 1.0034987 0.7265833 0.7575595 0.6750041 0.3548555 0.4375221 0.1004924 0.0000000 1.8540537 1.1319676 2.3725141 2.0699865 1.8055946 1.7415981 2.0515218 1.2038364 1.7187079 1.7991529 1.4896640 1.6075109 1.8640652 1.9119842 1.8355188 2.3047308 2.2008193 2.3864793 2.4687323 2.4224935 2.2904409 2.4714089 2.2024380 2.4276717 2.5515155 2.8478710 2.7928026 2.8576556 2.6427928 2.5621005 3.1885046 3.1484127 3.5143355 2.4849129 2.6003317 2.5657013 2.6193509 2.8072053 2.5288631 3.1018001 
Hvul_g12334_1                                         2.3885574 2.6790652 2.4562876 2.0231533 1.9993157 1.9321288 2.2353232 1.8372195 2.1195676 1.7726792 1.7569713 1.8653361 1.8540537 0.0000000 0.5901503 1.7033592 1.7326390 1.3774620 1.4275740 2.5657597 1.4580192 2.0943928 2.1171106 1.9922802 2.1925709 2.3870832 2.0659462 1.7196804 2.5700333 2.1455901 2.7591859 2.9436042 3.2416726 2.9148880 2.9085492 2.2610434 2.7277160 2.3058792 2.9857511 3.1344743 3.0751886 2.9576692 3.2038202 3.6715391 3.0697583 3.1759972 3.3924900 3.1277605 3.0941716 3.5711411 2.9025375 2.5709554 3.2420535 
Chem_TCONS_00018725                                   1.7476522 1.7334355 1.2713248 1.1476253 1.2974112 1.2299642 1.4930055 1.3745307 1.8550849 1.2572981 1.0232602 1.2200658 1.1319676 0.5901503 0.0000000 1.2191771 1.6588666 0.9962494 0.8831195 1.9322524 1.3621020 2.7269164 1.4375518 1.4792787 1.4943613 1.4115119 1.1312015 1.3659701 2.2441105 2.0134289 2.3147922 2.1104090 2.7017624 2.0810256 2.2598446 1.4305941 1.7030636 2.2511739 1.7568160 1.7761502 3.8980954 3.2880735 3.2795038 3.3619602 3.1398773 3.9422326 3.5586158 3.3000468 3.3600926 3.9852003 3.8677069 2.7551763 2.6619554 
Aaur_scaffold419.g11.t1                               2.7658849 3.1195905 2.8092258 2.6176984 2.2404529 2.4623748 2.1800917 2.7620654 2.8790284 2.1823173 2.0800652 2.3840170 2.3725141 1.7033592 1.2191771 0.0000000 1.2953242 0.7171925 0.9165337 3.4470746 4.2624338 2.9950662 2.5573099 2.2290607 2.1663631 2.4224270 2.1799305 1.8526158 3.6491113 3.4742609 4.4717945 4.4282288 4.0446834 4.0712465 4.1566292 2.6977796 2.7869324 5.2251029 3.4326955 3.6674126 4.7400456 4.2539136 4.3125321 4.9331887 5.8143478 4.7136541 4.1898674 4.2653495 4.3399734 5.0809941 3.6423916 3.4087926 3.8924119 
Nemnom_g2726.t1                                       2.7028219 3.0891431 2.7041585 2.5086409 2.1635777 2.4390229 2.9387659 1.9867821 2.1670084 2.0744911 1.8979241 2.0586292 2.0699865 1.7326390 1.6588666 1.2953242 0.0000000 0.5474358 1.1133780 2.6167656 1.2896122 2.0120143 2.7298184 2.0675395 2.0622906 2.6235712 2.6593520 1.4586409 3.1298630 2.5929307 3.1764476 3.4715211 3.0863590 3.1944355 3.2322221 2.7349835 3.2116922 2.5842147 3.5792785 3.5059990 3.8974409 3.4297215 4.0810019 3.8014144 3.1365759 3.7033955 3.7356818 3.4187863 3.5259739 4.1424035 3.7172972 3.2723521 3.7464582 
Rhoesc_Res_003841-T1                                  2.1874456 2.5202655 2.2305348 1.8901163 1.6683330 1.8576042 2.2489968 1.8407340 2.0447272 1.6798036 1.6330924 1.7697314 1.8055946 1.3774620 0.9962494 0.7171925 0.5474358 0.0000000 0.8487711 2.4449053 1.2923507 1.8850780 2.0359908 1.6102947 1.7656171 2.1609409 2.0531134 1.3325293 2.6412690 2.4202980 2.9979583 3.0933659 2.8751603 2.7949367 2.8109511 2.1282480 2.3511929 2.6875636 2.9470132 2.8260963 3.4825073 3.1525443 3.4965211 3.5413680 3.1828497 3.5504301 3.4474824 3.0778284 3.2012239 3.9164739 3.0282448 2.7250393 3.2604520 
Sanmal_Sma_022871-T1                                  2.5232206 2.4133335 2.2867932 2.1190834 1.6776758 1.9324605 2.0854965 1.8635221 2.1472638 1.6686710 1.6540590 1.7485937 1.7415981 1.4275740 0.8831195 0.9165337 1.1133780 0.8487711 0.0000000 2.5594173 1.5587450 2.0838628 2.0600755 1.6347111 1.7214144 2.1337964 1.8602381 1.5517564 2.8980420 2.3219879 2.7974607 3.0634757 2.9766680 2.8217196 3.0278501 2.1454148 2.5451211 2.8118658 2.8489401 2.9151721 3.8125015 2.9293740 3.5143518 3.5668662 3.1370397 3.5625294 3.5080851 3.5009146 3.4075759 3.9447151 2.9697045 2.5803291 3.3391275 
Tetwil_g26767.t1                                      2.5328177 2.5115745 2.1451416 2.2301332 1.9788899 2.1876209 2.7033389 2.5317187 2.5765275 2.1796652 2.0713106 2.0676153 2.0515218 2.5657597 1.9322524 3.4470746 2.6167656 2.4449053 2.5594173 0.0000000 0.9095182 0.8486534 2.3019662 2.2771793 2.1462523 2.2718252 2.4326712 2.7014334 1.6757552 1.9136841 2.3277458 2.4625399 2.5642531 2.5264733 2.6004464 2.4314642 2.4158523 2.3452888 3.1283247 2.7053313 3.4401452 3.2340442 3.1030206 3.5370258 3.6273063 3.8281547 3.3929669 3.2177154 3.0063653 3.3390390 3.1083723 2.8174768 3.8175976 
Spolac_c92106_g1_i1_m.7506c11411-g1                   1.4980456 1.4615823 1.3660944 1.2209849 1.3745400 1.3431271 2.1985919 1.2974789 1.1616732 1.2102481 1.2369665 1.1693603 1.2038364 1.4580192 1.3621020 4.2624338 1.2896122 1.2923507 1.5587450 0.9095182 0.0000000 0.9710294 1.5809598 1.3364104 1.1978140 1.5579171 1.4972584 1.2538750 1.1510267 1.8250238 1.8250238 2.0019751 1.9981673 2.1018155 2.0999612 1.7756400 1.8881632 1.7079269 2.0689324 2.3579283 2.2005764 2.2217438 2.3672914 2.4910313 2.7698114 2.7159444 2.4398321 2.4972922 2.4858520 2.2673932 2.2351346 1.6055665 3.3494616 
Stycar_maker-SC_scaffold1874-augustus-gene-0.6-mRNA-1 1.8935979 1.6029214 1.8456251 1.6015345 2.1040019 1.7839697 2.6363896 1.8188039 1.8455253 1.5377770 1.6422486 1.6899475 1.7187079 2.0943928 2.7269164 2.9950662 2.0120143 1.8850780 2.0838628 0.8486534 0.9710294 0.0000000 2.6840814 1.7290167 1.7880644 1.9597128 2.1133003 1.9570770 1.6268893 2.2975436 2.2975436 2.3233250 2.2958289 2.2506750 2.2346973 2.2507447 2.2693730 2.4672048 2.5965670 2.5840994 3.0164343 3.5469334 3.0085906 3.2096987 3.0224123 3.5042209 3.1345835 2.9014279 2.8855664 2.9264214 2.4105446 2.0382087 4.8393363 
Cgig_XM_011430925.3                                   1.5259931 1.7795225 1.9074677 1.3808419 1.7822747 1.9027988 2.0524401 1.9880575 2.2147855 1.6695632 1.6801025 1.7780580 1.7991529 2.1171106 1.4375518 2.5573099 2.7298184 2.0359908 2.0600755 2.3019662 1.5809598 2.6840814 0.0000000 1.8751603 2.0439383 1.2832712 1.7282353 2.2284348 2.5590016 2.3782482 2.6267666 2.3754201 2.4294653 2.4076973 2.3474353 1.9430084 2.3388722 2.6324199 2.3253383 2.1754470 3.2885924 3.3395913 3.3760625 3.4684013 4.2260742 4.0354485 3.6464774 3.3983244 3.2463844 3.7447773 3.2024130 2.7711392 3.0617655 
Dgig_XM_028544026.1                                   2.0431358 2.0508317 1.8032054 1.5825277 1.5397851 1.4789629 1.7717113 1.5747359 1.7665181 1.3829876 1.3959529 1.4980691 1.4896640 1.9922802 1.4792787 2.2290607 2.0675395 1.6102947 1.6347111 2.2771793 1.3364104 1.7290167 1.8751603 0.0000000 0.6857868 1.7122807 1.9566116 1.8057114 2.4680240 2.3983534 2.9521987 3.0322331 3.0245864 2.7989575 2.8224017 1.9207437 2.2613773 2.4122101 2.4633881 2.4940543 3.2588758 3.1344446 3.3681401 3.6497658 3.5719154 3.8892994 3.3979809 3.3772200 3.4658462 3.5179066 2.8261953 2.5243446 3.4270447 
Xesp_022377-T1                                        2.0148309 2.0980671 2.1570566 1.7334152 1.7857902 1.7612298 2.0821653 1.8872730 1.8370420 1.4708297 1.5199003 1.6236842 1.6075109 2.1925709 1.4943613 2.1663631 2.0622906 1.7656171 1.7214144 2.1462523 1.1978140 1.7880644 2.0439383 0.6857868 0.0000000 1.9521586 1.9600563 2.0261382 2.5508206 2.5313966 2.9701716 3.2605777 3.4014111 2.9226915 2.9760168 1.9547864 2.0313982 2.3375623 2.5071535 2.5966926 3.2262367 2.9447685 3.2646217 3.4235312 2.9368757 3.2488892 3.3212052 3.3804949 3.5928313 3.4516462 2.7453799 2.4117518 3.3231012 
Acagra_model.g23095.t1                                1.7283483 1.6280964 1.8484461 1.4661968 1.7415799 1.9628169 2.1417945 2.1518250 2.2978701 1.8944694 1.8142535 1.8552273 1.8640652 2.3870832 1.4115119 2.4224270 2.6235712 2.1609409 2.1337964 2.2718252 1.5579171 1.9597128 1.2832712 1.7122807 1.9521586 0.0000000 1.5423085 2.7449279 2.2888430 1.8898544 2.1921320 2.3325072 2.3840185 2.3236133 2.3375797 1.9692404 2.0180393 2.3841839 2.0697810 2.1100685 3.4236797 3.5035491 3.4212335 3.6703553 3.7037657 3.8971417 3.4893831 3.1520305 3.2448557 3.3972032 3.0373991 2.6030810 3.0007511 
Ctel_gnl_WGS_AMQN_CAPTEDRAFT_mRNA219764               1.8130214 1.8633969 1.6946602 1.6008974 1.7169175 1.8043668 2.6313337 2.2798224 2.3287199 1.8555755 1.9166571 1.8522451 1.9119842 2.0659462 1.1312015 2.1799305 2.6593520 2.0531134 1.8602381 2.4326712 1.4972584 2.1133003 1.7282353 1.9566116 1.9600563 1.5423085 0.0000000 2.5146058 2.2024524 2.2933793 2.6667622 2.8101288 2.8255665 2.7102825 2.7155950 1.9708148 2.2338753 2.1160196 2.1205781 2.2566128 3.2285310 2.8882047 3.3539037 3.5514144 3.2576013 3.6277091 3.4296677 3.2718005 3.1429070 3.9647544 3.2833204 2.8625987 2.9570989 
Morvir_scaffold145.g25.t1                             2.0648736 2.0812792 2.6449679 2.1262771 1.8025731 2.1184359 2.5577972 2.0498079 1.9554521 1.7184326 1.7152765 1.8735098 1.8355188 1.7196804 1.3659701 1.8526158 1.4586409 1.3325293 1.5517564 2.7014334 1.2538750 1.9570770 2.2284348 1.8057114 2.0261382 2.7449279 2.5146058 0.0000000 2.5820283 2.5117352 2.9366605 3.0266243 2.9796686 2.8172482 2.7684069 2.3963231 2.5946568 2.5518470 3.1026100 3.1243624 2.7372576 2.7624144 3.0793079 3.1066997 2.9529869 3.0868872 2.9754491 2.8997195 2.7908448 2.9572385 3.1649623 2.6687974 3.9903913 
Aque_Aqu2.1.39726_001                                 2.2531188 2.7140418 2.4276028 2.2550815 1.9605184 1.9294304 2.6842814 2.4524342 2.8257145 2.2486780 2.1712957 2.2666810 2.3047308 2.5700333 2.2441105 3.6491113 3.1298630 2.6412690 2.8980420 1.6757552 1.1510267 1.6268893 2.5590016 2.4680240 2.5508206 2.2888430 2.2024524 2.5820283 0.0000000 2.2488057 2.5454707 2.5406933 2.4820605 2.5479252 2.6316272 2.2317058 2.4794704 2.8821582 3.0786737 2.9700850 3.2960218 3.1442079 3.1919519 3.3722191 3.5029290 3.5767044 3.5841172 3.1063790 3.0396947 3.2106122 3.0205758 2.6654961 3.8011222 
Tadh_TriadT64180                                      2.3951853 2.5721905 2.2210517 1.7435969 1.9616416 2.1230846 2.9330983 2.4249388 2.2884837 2.1103901 1.9283407 2.1696124 2.2008193 2.1455901 2.0134289 3.4742609 2.5929307 2.4202980 2.3219879 1.9136841 1.8250238 2.2975436 2.3782482 2.3983534 2.5313966 1.8898544 2.2933793 2.5117352 2.2488057 0.0000000 0.0583273 0.3873207 0.4897771 0.4685153 0.4726400 1.9478817 2.1401021 2.5726709 2.7532828 2.4196854 3.2870697 3.1870793 3.3773636 3.0678499 3.0479751 3.2173706 3.3071154 2.8724138 2.8256032 3.4521332 2.8247547 2.3257413 3.3557821 
TrH2_TrispH2_002078-RA                                2.6415224 2.9305020 2.8388701 2.1476837 2.1985179 2.3636055 3.1394554 2.7782171 2.4306994 2.3339523 2.2996184 2.3475230 2.3864793 2.7591859 2.3147922 4.4717945 3.1764476 2.9979583 2.7974607 2.3277458 1.8250238 2.2975436 2.6267666 2.9521987 2.9701716 2.1921320 2.6667622 2.9366605 2.5454707 0.0583273 0.0000000 0.4635348 0.5539786 0.4758786 0.5102228 2.3387291 2.5011243 2.9893913 3.1553779 2.8977245 3.5550211 3.8335163 3.8613262 3.6690968 3.3628687 3.7423118 3.6304311 3.3299526 3.3283458 3.8991610 3.0610437 2.5860242 4.0087913 
HoiH06_mRNA14053                                      2.5458996 2.7689786 2.9469060 2.2586109 2.2512584 2.5344097 3.2498972 2.7429469 2.6428719 2.3956070 2.3220581 2.4341112 2.4687323 2.9436042 2.1104090 4.4282288 3.4715211 3.0933659 3.0634757 2.4625399 2.0019751 2.3233250 2.3754201 3.0322331 3.2605777 2.3325072 2.8101288 3.0266243 2.5406933 0.3873207 0.4635348 0.0000000 0.1378144 0.2123753 0.2173882 2.3779317 2.7586510 3.1010544 3.1703633 2.8519250 3.6262967 3.6552921 3.7069299 4.0207965 3.4733270 4.0667769 3.5892057 3.1521393 3.1564320 3.7656455 3.1414447 2.6530905 4.4799773 
HoiH23_PlH23_005934-RA                                2.5282493 2.9319929 2.8861112 2.2462316 2.2531298 2.4639176 3.2955610 2.6574419 2.5120935 2.3238054 2.3693233 2.3640595 2.4224935 3.2416726 2.7017624 4.0446834 3.0863590 2.8751603 2.9766680 2.5642531 1.9981673 2.2958289 2.4294653 3.0245864 3.4014111 2.3840185 2.8255665 2.9796686 2.4820605 0.4897771 0.5539786 0.1378144 0.0000000 0.2460583 0.2684583 2.4200200 2.8741797 3.1101962 3.3780853 3.0299199 3.5821776 3.5977137 3.6813757 3.9929833 3.6402537 4.1854805 3.8593591 3.3288868 3.2946556 3.9009477 3.0007645 2.5674034 4.1880798 
Hhon_g09264.t1                                        2.4850493 2.7528227 2.6954501 2.1151647 2.1516848 2.3093014 3.0411506 2.7494764 2.5111148 2.2579355 2.3186519 2.3009207 2.2904409 2.9148880 2.0810256 4.0712465 3.1944355 2.7949367 2.8217196 2.5264733 2.1018155 2.2506750 2.4076973 2.7989575 2.9226915 2.3236133 2.7102825 2.8172482 2.5479252 0.4685153 0.4758786 0.2123753 0.2460583 0.0000000 0.0519973 2.2281995 2.5963255 2.8650898 3.0576665 2.7268358 3.5083586 3.6333040 3.4040475 3.5787466 3.1900258 3.6746648 3.3738905 3.0782034 3.0914117 3.5806571 3.0722645 2.6134255 4.2823374 
HoiH04_mRNA4318                                       2.5020176 2.8803691 2.7205882 2.1653193 2.2152388 2.3441217 3.1999550 2.8211031 2.6629435 2.3749579 2.2947780 2.4460056 2.4714089 2.9085492 2.2598446 4.1566292 3.2322221 2.8109511 3.0278501 2.6004464 2.0999612 2.2346973 2.3474353 2.8224017 2.9760168 2.3375797 2.7155950 2.7684069 2.6316272 0.4726400 0.5102228 0.2173882 0.2684583 0.0519973 0.0000000 2.2136659 2.6652918 2.9301396 3.0777455 2.7039075 3.4083012 3.6162019 3.4118946 3.5712534 3.1808600 3.6683888 3.4611485 3.1013076 3.1150295 3.6777863 3.1013289 2.6342693 4.3490682 
Lcom_lcpid47447                                       2.0078739 2.3621519 2.2470126 1.8259097 1.8212377 1.7709532 2.4603897 2.4569992 2.6694267 1.9192817 1.9223573 2.1663683 2.2024380 2.2610434 1.4305941 2.6977796 2.7349835 2.1282480 2.1454148 2.4314642 1.7756400 2.2507447 1.9430084 1.9207437 1.9547864 1.9692404 1.9708148 2.3963231 2.2317058 1.9478817 2.3387291 2.3779317 2.4200200 2.2281995 2.2136659 0.0000000 0.8070209 1.3951739 2.8227326 2.3697144 3.0520836 2.9373211 2.8411473 3.1015637 3.3649590 3.5302724 3.2226971 2.9825496 3.0114449 3.1197658 2.8434793 2.4861036 2.8505978 
Gracom_Gcom_scaffold4826_01                           2.1333226 2.3674568 2.1367300 2.1213947 2.1472284 2.1541783 2.5519924 2.3861839 2.9358537 2.1118606 2.1586741 2.5032470 2.4276717 2.7277160 1.7030636 2.7869324 3.2116922 2.3511929 2.5451211 2.4158523 1.8881632 2.2693730 2.3388722 2.2613773 2.0313982 2.0180393 2.2338753 2.5946568 2.4794704 2.1401021 2.5011243 2.7586510 2.8741797 2.5963255 2.6652918 0.8070209 0.0000000 1.6674761 3.0150470 2.5545516 3.5284985 3.3965214 3.2561949 3.5631376 3.4032692 3.8202985 3.6392124 3.2683859 3.2932610 3.7698179 2.8892298 2.5078498 3.4982711 
Clacor_Ccor_scaffold11698_01                          2.1503926 2.4984940 2.4993829 2.2131586 2.2599413 2.3233166 3.3299341 2.3518806 2.7051955 2.4495105 2.5001811 2.6492498 2.5515155 2.3058792 2.2511739 5.2251029 2.5842147 2.6875636 2.8118658 2.3452888 1.7079269 2.4672048 2.6324199 2.4122101 2.3375623 2.3841839 2.1160196 2.5518470 2.8821582 2.5726709 2.9893913 3.1010544 3.1101962 2.8650898 2.9301396 1.3951739 1.6674761 0.0000000 2.8143392 2.6780716 3.0568205 2.9337671 3.1412886 3.3553864 2.7557323 3.1567603 3.1762520 2.8083813 2.8080039 2.9765790 3.0440324 2.6045588 3.7361675 
Cscu_XM_023361357.1                                   2.4807200 2.8336761 2.1636409 2.1189099 2.4357747 2.5848431 3.0726844 3.0510518 3.1823148 2.9001603 2.8412608 2.8584973 2.8478710 2.9857511 1.7568160 3.4326955 3.5792785 2.9470132 2.8489401 3.1283247 2.0689324 2.5965670 2.3253383 2.4633881 2.5071535 2.0697810 2.1205781 3.1026100 3.0786737 2.7532828 3.1553779 3.1703633 3.3780853 3.0576665 3.0777455 2.8227326 3.0150470 2.8143392 0.0000000 2.2493967 3.8291950 4.0323805 3.9007423 3.5897085 3.8362397 3.6891934 4.1124834 3.3013294 3.2013096 3.9952442 3.5672154 3.1740874 3.3959179 
Dpul_mRNA2321                                         2.2975272 2.3994961 2.4992755 2.3189904 2.2519128 2.9727550 2.7571339 2.8418547 2.9411293 2.7335098 2.5429868 2.8290998 2.7928026 3.1344743 1.7761502 3.6674126 3.5059990 2.8260963 2.9151721 2.7053313 2.3579283 2.5840994 2.1754470 2.4940543 2.5966926 2.1100685 2.2566128 3.1243624 2.9700850 2.4196854 2.8977245 2.8519250 3.0299199 2.7268358 2.7039075 2.3697144 2.5545516 2.6780716 2.2493967 0.0000000 3.3624706 3.6472980 3.8479140 3.4304631 3.5552389 3.2339502 3.5567800 3.2789394 3.2557671 3.5430236 3.4528871 3.1478878 3.0658799 
Mlei_ML0771.g2.i1                                     3.3540323 2.7539225 2.9223416 3.0448088 2.7341041 2.9521810 3.0160871 2.6769953 2.9921625 2.6320994 2.5774847 2.8691108 2.8576556 3.0751886 3.8980954 4.7400456 3.8974409 3.4825073 3.8125015 3.4401452 2.2005764 3.0164343 3.2885924 3.2588758 3.2262367 3.4236797 3.2285310 2.7372576 3.2960218 3.2870697 3.5550211 3.6262967 3.5821776 3.5083586 3.4083012 3.0520836 3.5284985 3.0568205 3.8291950 3.3624706 0.0000000 0.4484971 0.5367420 1.0041897 0.7096877 0.9234091 0.5695462 0.7722859 0.7651330 1.0411731 3.6162907 3.5986034 4.2823725 
Drygla_Dgla_sb287843                                  3.1785280 2.9764035 3.1105327 3.1026196 2.8920719 3.1577313 3.0986733 2.6370761 3.0811065 2.5127825 2.7084209 2.6216367 2.6427928 2.9576692 3.2880735 4.2539136 3.4297215 3.1525443 2.9293740 3.2340442 2.2217438 3.5469334 3.3395913 3.1344446 2.9447685 3.5035491 2.8882047 2.7624144 3.1442079 3.1870793 3.8335163 3.6552921 3.5977137 3.6333040 3.6162019 2.9373211 3.3965214 2.9337671 4.0323805 3.6472980 0.4484971 0.0000000 0.4739297 1.0857170 0.7684836 1.0460040 0.6699928 0.7868683 0.7816220 0.9373172 3.2549800 3.2351318 4.3928434 
Beraby_Baby_sb337821                                  3.3638240 3.0314290 3.2479838 3.2081560 2.6850842 2.8577858 2.9067799 2.6875866 2.7664227 2.3758631 2.6755592 2.5496093 2.5621005 3.2038202 3.2795038 4.3125321 4.0810019 3.4965211 3.5143518 3.1030206 2.3672914 3.0085906 3.3760625 3.3681401 3.2646217 3.4212335 3.3539037 3.0793079 3.1919519 3.3773636 3.8613262 3.7069299 3.6813757 3.4040475 3.4118946 2.8411473 3.2561949 3.1412886 3.9007423 3.8479140 0.5367420 0.4739297 0.0000000 1.0751373 0.7714943 0.9783011 0.6881024 0.8007788 0.7878850 1.0172872 3.4245551 3.4263646 4.5301848 
Vmul_sbMO442225                                       3.8767774 3.4465335 3.4589614 3.4135717 3.6300908 3.7259035 4.0305818 3.4444260 3.7898860 3.2622986 3.4278919 3.3037303 3.1885046 3.6715391 3.3619602 4.9331887 3.8014144 3.5413680 3.5668662 3.5370258 2.4910313 3.2096987 3.4684013 3.6497658 3.4235312 3.6703553 3.5514144 3.1066997 3.3722191 3.0678499 3.6690968 4.0207965 3.9929833 3.5787466 3.5712534 3.1015637 3.5631376 3.3553864 3.5897085 3.4304631 1.0041897 1.0857170 1.0751373 0.0000000 0.4490887 0.7302487 1.0292306 1.0492651 1.0324474 1.2202986 3.6656993 3.6352362 5.0089367 
Coeast_Cast_sb773391                                  4.0629016 3.2146289 3.7128566 3.6636089 3.2443853 3.9458997 4.6694436 3.2691904 3.4246571 3.0015093 3.3006646 3.2586568 3.1484127 3.0697583 3.1398773 5.8143478 3.1365759 3.1828497 3.1370397 3.6273063 2.7698114 3.0224123 4.2260742 3.5719154 2.9368757 3.7037657 3.2576013 2.9529869 3.5029290 3.0479751 3.3628687 3.4733270 3.6402537 3.1900258 3.1808600 3.3649590 3.4032692 2.7557323 3.8362397 3.5552389 0.7096877 0.7684836 0.7714943 0.4490887 0.0000000 0.0122799 0.6174514 0.8097678 0.7738007 0.9420770 3.0438091 3.0845941 4.3493279 
Coemet_Cmet_C584567_01                                4.2260705 3.5446475 3.6813084 3.6660784 3.3519554 3.9683362 4.4569430 3.7939832 3.9358305 3.4779287 3.5653548 3.5875232 3.5143355 3.1759972 3.9422326 4.7136541 3.7033955 3.5504301 3.5625294 3.8281547 2.7159444 3.5042209 4.0354485 3.8892994 3.2488892 3.8971417 3.6277091 3.0868872 3.5767044 3.2173706 3.7423118 4.0667769 4.1854805 3.6746648 3.6683888 3.5302724 3.8202985 3.1567603 3.6891934 3.2339502 0.9234091 1.0460040 0.9783011 0.7302487 0.0122799 0.0000000 0.8775368 1.0039594 1.0128033 1.1865318 3.5970339 3.5257145 4.1892510 
Lampan_Lpan_C410665_01                                3.3729691 2.9867730 3.1166028 3.0569009 2.7981347 3.1854568 3.1314921 2.9076104 3.0939071 2.6443815 2.5771855 2.5754434 2.4849129 3.3924900 3.5586158 4.1898674 3.7356818 3.4474824 3.5080851 3.3929669 2.4398321 3.1345835 3.6464774 3.3979809 3.3212052 3.4893831 3.4296677 2.9754491 3.5841172 3.3071154 3.6304311 3.5892057 3.8593591 3.3738905 3.4611485 3.2226971 3.6392124 3.1762520 4.1124834 3.5567800 0.5695462 0.6699928 0.6881024 1.0292306 0.6174514 0.8775368 0.0000000 0.8114208 0.8120027 0.8305022 4.1152993 3.9750071 4.0380738 
Pbac_sb2659517                                        3.3354178 2.7696616 3.3172593 3.1833965 2.7005980 3.0143413 2.8345179 2.3995874 2.8671419 2.6275627 2.5141195 2.5965244 2.6003317 3.1277605 3.3000468 4.2653495 3.4187863 3.0778284 3.5009146 3.2177154 2.4972922 2.9014279 3.3983244 3.3772200 3.3804949 3.1520305 3.2718005 2.8997195 3.1063790 2.8724138 3.3299526 3.1521393 3.3288868 3.0782034 3.1013076 2.9825496 3.2683859 2.8083813 3.3013294 3.2789394 0.7722859 0.7868683 0.8007788 1.0492651 0.8097678 1.0039594 0.8114208 0.0000000 0.0298291 0.9262182 3.7560367 3.5138484 3.6883780 
Horcal_Hcv1.av93.c11.g374.i1                          3.3304201 2.7433327 3.1457515 3.2663981 2.7687002 2.9808948 2.8649490 2.4165806 2.9223475 2.5982436 2.4946920 2.5717971 2.5657013 3.0941716 3.3600926 4.3399734 3.5259739 3.2012239 3.4075759 3.0063653 2.4858520 2.8855664 3.2463844 3.4658462 3.5928313 3.2448557 3.1429070 2.7908448 3.0396947 2.8256032 3.3283458 3.1564320 3.2946556 3.0914117 3.1150295 3.0114449 3.2932610 2.8080039 3.2013096 3.2557671 0.7651330 0.7816220 0.7878850 1.0324474 0.7738007 1.0128033 0.8120027 0.0298291 0.0000000 0.9349594 3.8156609 3.6089993 3.7530036 
Eupdun_Edun_sb10633412                                4.1701539 3.1252758 3.5907304 3.5484615 3.3149475 3.3651940 3.3743064 2.9923138 3.2304920 2.5306626 2.7824331 2.8604236 2.6193509 3.5711411 3.9852003 5.0809941 4.1424035 3.9164739 3.9447151 3.3390390 2.2673932 2.9264214 3.7447773 3.5179066 3.4516462 3.3972032 3.9647544 2.9572385 3.2106122 3.4521332 3.8991610 3.7656455 3.9009477 3.5806571 3.6777863 3.1197658 3.7698179 2.9765790 3.9952442 3.5430236 1.0411731 0.9373172 1.0172872 1.2202986 0.9420770 1.1865318 0.8305022 0.9262182 0.9349594 0.0000000 4.4649853 4.2346746 4.3786252 
Ocar_g10469                                           2.7997933 3.2418475 3.2276242 2.8424808 3.1437119 3.2793731 3.0020412 3.3748931 2.8393583 2.7111316 2.6266483 2.7815299 2.8072053 2.9025375 3.8677069 3.6423916 3.7172972 3.0282448 2.9697045 3.1083723 2.2351346 2.4105446 3.2024130 2.8261953 2.7453799 3.0373991 3.2833204 3.1649623 3.0205758 2.8247547 3.0610437 3.1414447 3.0007645 3.0722645 3.1013289 2.8434793 2.8892298 3.0440324 3.5672154 3.4528871 3.6162907 3.2549800 3.4245551 3.6656993 3.0438091 3.5970339 4.1152993 3.7560367 3.8156609 4.4649853 0.0000000 0.0576659 3.9038716 
Opea_EP00118_Oscarella_pearsei_P006891                2.4797518 2.9814148 2.8040293 2.5314655 2.7289428 2.8610504 3.0020412 2.9172540 2.5458549 2.4605122 2.3260820 2.5061867 2.5288631 2.5709554 2.7551763 3.4087926 3.2723521 2.7250393 2.5803291 2.8174768 1.6055665 2.0382087 2.7711392 2.5243446 2.4117518 2.6030810 2.8625987 2.6687974 2.6654961 2.3257413 2.5860242 2.6530905 2.5674034 2.6134255 2.6342693 2.4861036 2.5078498 2.6045588 3.1740874 3.1478878 3.5986034 3.2351318 3.4263646 3.6352362 3.0845941 3.5257145 3.9750071 3.5138484 3.6089993 4.2346746 0.0576659 0.0000000 3.2754829 
Tcas_TC011952_001                                     2.8883735 3.7918206 3.1558576 2.8229948 3.1306370 3.3141320 3.5097536 3.7316596 4.1091665 3.5370891 3.0933874 3.0911549 3.1018001 3.2420535 2.6619554 3.8924119 3.7464582 3.2604520 3.3391275 3.8175976 3.3494616 4.8393363 3.0617655 3.4270447 3.3231012 3.0007511 2.9570989 3.9903913 3.8011222 3.3557821 4.0087913 4.4799773 4.1880798 4.2823374 4.3490682 2.8505978 3.4982711 3.7361675 3.3959179 3.0658799 4.2823725 4.3928434 4.5301848 5.0089367 4.3493279 4.1892510 4.0380738 3.6883780 3.7530036 4.3786252 3.9038716 3.2754829 0.0000000 
