62
Hsap_ENST00000225726                                   0.0000000 0.9329282 0.9765578 1.1919548 1.2471064 1.0430019 1.2175321 1.2146922 1.1595910 1.4278632 1.3781972 1.5972462 1.4842460 1.2646288 1.4357023 1.3927901 1.3853465 1.5089123 1.4954412 1.3786505 1.3237668 1.4088047 1.3752025 1.1003315 1.4234165 1.8849026 1.5028219 1.6258131 1.5640538 1.5947566 1.5791084 1.5912541 1.3311809 1.4180264 1.8421329 1.5258395 1.3512791 1.7087102 1.7991621 1.6857778 1.6896279 1.6896279 1.6704342 1.9215134 1.9867499 1.7675098 1.6035616 1.6264215 1.7350187 1.8530410 1.7972405 1.7679545 1.8013613 1.6670142 2.0210871 2.2231685 1.9058696 1.6541690 2.0999812 1.8095240 3.4225993 2.2120479 
Bralan_BLAG10000023_1                                  0.9329282 0.0000000 0.7501878 1.1988766 1.1728044 1.0063655 1.1335703 1.0308866 1.0122383 1.2441388 1.1297082 1.2722561 1.1769894 1.0548219 1.0333222 1.1450936 1.1564201 1.3365633 1.2740381 1.3263062 1.2085753 1.2790354 1.3804564 0.9606999 1.2942505 1.6315480 1.2899061 1.3934611 1.3921256 1.4593908 1.4506583 1.4613775 1.1827795 1.2176370 1.5035399 1.2782088 1.2625923 1.6300866 1.6154344 1.6244613 1.4928744 1.4928744 1.6356952 1.7972553 1.8962823 1.5943953 1.5173558 1.5296680 1.8778697 1.7438328 1.7365514 1.8771146 1.7062683 1.6315174 1.9440418 1.9540203 1.9609040 1.6396514 1.9675306 1.6977728 3.1744972 1.9941354 
Skow_XM_006822045.1                                    0.9765578 0.7501878 0.0000000 1.0398293 1.0691252 0.8502974 0.9850992 0.8658952 0.8318699 1.0659093 1.0457245 1.1605340 1.0746071 0.8597958 0.8616298 0.9673526 0.9872090 1.2303810 1.2963461 1.1116243 1.0590175 1.1163992 1.1737856 0.8723855 1.1434480 1.4930223 1.1782623 1.2964481 1.2849217 1.3132643 1.3167487 1.3074206 1.0827386 1.1518244 1.3450938 1.1587628 1.1608685 1.5783964 1.6127016 1.6129716 1.5027288 1.5027288 1.5401491 1.7288803 1.8360019 1.4377843 1.4250006 1.4204842 1.6271937 1.7065495 1.5708620 1.6390528 1.5718626 1.4422543 1.9919571 2.0419473 1.9810280 1.6408538 1.8632853 1.5486725 2.9138491 1.9151309 
Tcas_TC005820_001                                      1.1919548 1.1988766 1.0398293 0.0000000 0.7717958 0.8090391 1.1853036 1.2103783 1.3150016 1.5496158 1.4807221 1.6360174 1.5514990 1.2044367 1.2755247 1.4163263 1.4184819 1.5225266 1.5449409 1.5333203 1.4189679 1.4430657 1.6068375 1.1360912 1.4046878 1.6305818 1.5679593 1.6373175 1.5946201 1.6194692 1.6156562 1.6445077 1.3662706 1.4091115 1.8614516 1.5888922 1.5418774 1.8341392 1.8970552 1.8780866 1.8039838 1.8039838 1.8574263 2.1154578 2.1684935 1.8033386 1.7919338 1.6832913 1.8841708 1.8668759 1.8544872 1.9645740 1.8432960 1.7355278 2.1157205 2.1391749 2.1878774 1.7851361 2.2909407 1.7426778 3.4172554 2.3961335 
Dpul_mRNA14803                                         1.2471064 1.1728044 1.0691252 0.7717958 0.0000000 0.8013946 1.1485162 1.0511331 1.3353354 1.1780880 1.2203527 1.3890923 1.2724890 1.1815077 1.2847876 1.2257720 1.2414028 1.3345744 1.2699680 1.4119895 1.3704144 1.3346384 1.3404875 1.1784186 1.2211127 1.6184239 1.3472736 1.5011568 1.4358675 1.4653763 1.4500130 1.4769129 1.4718983 1.4392951 1.7079956 1.4560255 1.5282706 1.5890052 1.5642030 1.6303312 1.6661791 1.6661791 1.6461637 1.8446888 1.7865438 1.6417416 1.5718151 1.5696806 1.6690752 1.8028344 1.7066835 1.8085180 1.6486008 1.4250483 1.9009095 2.0079988 1.8731730 1.8378087 2.1311755 1.7046836 3.2476379 2.3990418 
Cscu_XM_023376281.1                                    1.0430019 1.0063655 0.8502974 0.8090391 0.8013946 0.0000000 0.9708396 0.8341075 1.0796508 1.2447536 1.2028878 1.3674861 1.2561541 1.0928857 1.0973639 1.2035778 1.2052085 1.4269069 1.2987869 1.3298439 1.2125859 1.2638014 1.2472090 0.9709792 1.1785303 1.6228663 1.3929398 1.4980563 1.5189237 1.5352168 1.5309494 1.5203963 1.3033083 1.1157155 1.4879421 1.3040089 1.3542506 1.7443872 1.7560495 1.8465366 1.7605614 1.7605614 1.8521091 2.0212016 2.2051273 1.7546921 1.6435600 1.6274957 1.9570703 1.8971493 1.8786102 1.9748162 1.7842509 1.5538662 2.0543960 2.0401841 1.9518247 1.6562098 1.8834314 1.5996256 3.2454817 2.1711665 
Cgig_XM_034453944.1                                    1.2175321 1.1335703 0.9850992 1.1853036 1.1485162 0.9708396 0.0000000 0.6721575 1.2702429 1.3620719 1.2559182 1.4582785 1.3310353 1.1327080 1.1493384 1.2472491 1.2397643 1.3809248 1.4060469 1.3529245 1.3293348 1.3758824 1.3366534 1.1109152 1.2983630 1.6731814 1.3869252 1.4676971 1.4570038 1.4565242 1.4800314 1.4915627 1.3361424 1.0585652 1.3579638 1.2818939 1.2763802 1.7384443 1.7617205 1.7592766 1.7061949 1.7061949 1.7460140 1.8753513 2.0347063 1.7378362 1.7847254 1.6949664 2.0042974 1.8665993 1.8515835 2.0853575 1.8118632 1.7787213 2.1645598 2.2211165 2.1839085 1.7840622 1.8875717 1.6767013 3.3087295 2.2579528 
Acagra_model.g19766.t1                                 1.2146922 1.0308866 0.8658952 1.2103783 1.0511331 0.8341075 0.6721575 0.0000000 1.1152336 1.2623313 1.1365053 1.3710708 1.2566187 0.9861481 0.9611013 1.1458600 1.1492995 1.3184623 1.2827145 1.2981421 1.2432470 1.3161538 1.3257786 1.1064012 1.2091307 1.6925703 1.4566470 1.5398876 1.5101371 1.5513964 1.5421349 1.5540462 1.3820053 0.9071809 1.5166424 1.3911143 1.3784135 1.8821912 1.8808422 1.8810726 1.8136309 1.8136309 1.8493591 2.0305188 2.2227272 1.6717366 1.7485679 1.7576369 2.0276993 1.8429197 1.8467610 2.0139442 1.7786070 1.6353251 2.3100431 2.4847216 2.3062235 1.9290824 2.2173246 1.8628102 3.6262916 2.0956200 
Spur_XM_030990504.1                                    1.1595910 1.0122383 0.8318699 1.3150016 1.3353354 1.0796508 1.2702429 1.1152336 0.0000000 1.5288880 1.4660714 1.5549653 1.4134710 1.1841850 1.2349134 1.3129497 1.3184497 1.5647992 1.5146461 1.4857904 1.3902003 1.4586869 1.5195880 1.1898962 1.4461938 1.9331957 1.7009428 1.7229784 1.5599359 1.5596062 1.5808615 1.5928800 1.4164173 1.4394550 1.7431216 1.4799166 1.3512716 1.7808384 1.9007519 1.8037502 1.8217578 1.8217578 1.8166766 2.0086137 2.0409392 1.7282376 1.6200366 1.6542563 1.8098500 1.8683430 1.7424140 1.8586748 1.8151219 1.5503965 2.0422886 2.1222425 2.0052124 1.8717957 2.1928262 1.8467714 3.2161562 2.1543820 
Exapal_XM_021040191.2                                  1.4278632 1.2441388 1.0659093 1.5496158 1.1780880 1.2447536 1.3620719 1.2623313 1.5288880 0.0000000 0.3488667 0.4859496 0.4699001 0.3875082 0.3901866 0.4326973 0.4342890 1.0528189 0.9662505 0.9731147 0.9034672 0.9283378 0.9565759 0.6429839 0.9580064 1.2902736 1.2271474 1.1886210 1.2187352 1.2359148 1.2026406 1.2113206 0.9936950 1.3929045 1.5668673 1.3741791 1.2611953 1.5558956 1.5647907 1.5343258 1.5297281 1.5297281 1.5296084 1.6649997 1.8585717 1.4075607 1.3943463 1.4655894 1.5963396 2.0072239 1.9788591 1.8997242 1.8909727 1.6585612 1.9451897 1.9407099 1.9961385 1.5825737 1.9261348 1.6223697 3.1917509 1.5776276 
Nvec_v1g203929                                         1.3781972 1.1297082 1.0457245 1.4807221 1.2203527 1.2028878 1.2559182 1.1365053 1.4660714 0.3488667 0.0000000 0.4778869 0.4611399 0.3422223 0.3303818 0.4243096 0.4077439 1.0390769 0.9432586 0.9379189 0.8779389 0.9316942 0.9258568 0.6995042 0.9104442 1.2154169 1.1519937 1.1199227 1.1046827 1.1249153 1.1052627 1.1252668 0.9337359 1.3698369 1.5196898 1.2473503 1.2708206 1.5654355 1.5693737 1.5240940 1.5239196 1.5239196 1.5924151 1.6060162 1.7606979 1.4488195 1.4672561 1.5044543 1.5891807 1.8174353 1.7894758 1.9099730 1.7699161 1.6631563 1.8393907 1.9961288 1.9667887 1.5504411 1.8858919 1.6274263 3.2786351 1.4475597 
Adig_XM_015917441.1                                    1.5972462 1.2722561 1.1605340 1.6360174 1.3890923 1.3674861 1.4582785 1.3710708 1.5549653 0.4859496 0.4778869 0.0000000 0.0357496 0.2919836 0.2259864 0.2561035 0.2561763 1.1850492 1.0107375 1.0955268 1.0011936 1.0863458 1.0841488 0.8153011 1.0101245 1.2380079 1.1250762 1.2101446 1.2474484 1.2581221 1.2549174 1.2719160 1.0506527 1.4927857 1.6073882 1.3883222 1.3750686 1.6440576 1.6662169 1.6235485 1.6268982 1.6268982 1.6594467 1.6162575 1.7554318 1.5303851 1.5722212 1.5707873 1.5276200 2.1540066 2.1667834 2.2753047 2.1592379 1.8658211 2.1124824 2.2987164 2.2651118 2.0285439 2.1462084 1.7885229 3.4145179 1.1623352 
Amil_Amillepora10971-RA                                1.4842460 1.1769894 1.0746071 1.5514990 1.2724890 1.2561541 1.3310353 1.2566187 1.4134710 0.4699001 0.4611399 0.0357496 0.0000000 0.2502485 0.2257017 0.2253139 0.2253711 1.1217701 0.9340105 1.0459024 0.9548135 1.0368311 1.0383979 0.7700347 0.9225657 1.2709597 1.0659153 1.1258880 1.1290385 1.1457823 1.1332357 1.1472406 0.9488183 1.4298044 1.5093562 1.2769765 1.2556117 1.5480760 1.5700051 1.5388749 1.5482345 1.5482345 1.5843059 1.6404997 1.7877220 1.4227066 1.4942334 1.4812427 1.5817315 2.0251493 2.0430146 2.1237030 1.9447861 1.6863118 1.8667188 1.9957027 1.9865018 1.6859831 1.9705065 1.6334560 3.1696426 1.3196327 
Fspp_ffun1.m4.3921.m1                                  1.2646288 1.0548219 0.8597958 1.2044367 1.1815077 1.0928857 1.1327080 0.9861481 1.1841850 0.3875082 0.3422223 0.2919836 0.2502485 0.0000000 0.0728918 0.1279376 0.1219858 0.8792821 0.7817882 0.8232077 0.7651428 0.8249746 0.7657150 0.7176908 0.7104654 1.0090960 0.8537443 0.9714632 0.9208228 0.9300074 0.9259815 0.9460018 0.8793789 1.2394824 1.3685299 1.1776286 1.1029164 1.2371368 1.2098046 1.2056246 1.2599183 1.2599183 1.2740112 1.3069097 1.4980474 1.1997980 1.2006442 1.2399279 1.3391179 1.5985979 1.6211197 1.5998475 1.5218633 1.5034572 1.8189013 1.7796764 1.8078323 1.5997542 1.8737114 1.5159092 2.8404582 1.2846840 
Gasp_gasp1.m3.25662.m1                                 1.4357023 1.0333222 0.8616298 1.2755247 1.2847876 1.0973639 1.1493384 0.9611013 1.2349134 0.3901866 0.3303818 0.2259864 0.2257017 0.0728918 0.0000000 0.0915521 0.0917727 0.9161269 0.8387241 0.8682922 0.8609855 0.8755697 0.8311618 0.7707572 0.8073081 1.0446345 0.8383484 0.9453759 0.9016919 0.9139644 0.9158865 0.9302349 0.9047188 1.2658109 1.3459232 1.1486809 1.1897612 1.3631540 1.3376180 1.3128050 1.3416918 1.3416918 1.4274863 1.3600244 1.5532175 1.2529133 1.3950546 1.3816953 1.4502225 1.7380661 1.6927909 1.8215570 1.6649658 1.6207823 1.8789706 1.8712171 1.9180190 1.7039902 1.9201357 1.5479354 2.9471520 1.0913865 
Spis_XP_022787332_1                                    1.3927901 1.1450936 0.9673526 1.4163263 1.2257720 1.2035778 1.2472491 1.1458600 1.3129497 0.4326973 0.4243096 0.2561035 0.2253139 0.1279376 0.0915521 0.0000000 0.0135675 1.0620463 0.9235321 1.0160590 0.9454865 1.0163524 1.0004635 0.7177198 0.8788493 1.2344931 1.0179643 1.0582257 1.0522477 1.0525672 1.0513253 1.0701444 0.8647600 1.3931781 1.4989203 1.2571893 1.1980537 1.4726434 1.4874485 1.4590527 1.4608874 1.4608874 1.5039330 1.5982674 1.8011896 1.3526883 1.4217657 1.3769274 1.5176865 1.7885885 1.7689114 1.8298103 1.7544789 1.6130279 1.8672864 1.8960952 1.9018536 1.5608536 1.8134343 1.5655663 3.1921487 1.2064525 
Pocdam_XM_027186327.1                                  1.3853465 1.1564201 0.9872090 1.4184819 1.2414028 1.2052085 1.2397643 1.1492995 1.3184497 0.4342890 0.4077439 0.2561763 0.2253711 0.1219858 0.0917727 0.0135675 0.0000000 1.0422339 0.9287918 1.0135603 0.9254053 1.0072895 0.9973819 0.7256570 0.8677640 1.1831903 1.0120606 1.0583498 1.0477859 1.0481117 1.0417249 1.0604391 0.8719675 1.3940401 1.4949697 1.2554807 1.1993359 1.4619483 1.4803837 1.4685092 1.4579299 1.4579299 1.5139142 1.5960456 1.8303331 1.3598069 1.4245437 1.3680712 1.5028325 1.7742578 1.7691476 1.8402522 1.7648093 1.6161834 1.8623889 1.9126939 1.9140639 1.5696527 1.8272603 1.5583842 3.1739527 1.2145010 
Hvul_g15698_1                                          1.5089123 1.3365633 1.2303810 1.5225266 1.3345744 1.4269069 1.3809248 1.3184623 1.5647992 1.0528189 1.0390769 1.1850492 1.1217701 0.8792821 0.9161269 1.0620463 1.0422339 0.0000000 0.4426867 0.7517448 0.7270085 0.7686353 0.7636883 0.5222833 1.1742133 1.6190439 1.4214262 1.5031122 1.4431328 1.4912460 1.4662488 1.4729251 1.2732911 1.4928022 1.6387448 1.4023909 1.2827738 1.4830814 1.5631839 1.5286633 1.4759972 1.4759972 1.5778140 1.5290564 1.6099810 1.5158766 1.4577834 1.4222988 1.5369160 1.8528305 1.8544324 1.9821437 2.0402866 1.6575428 2.3234577 2.1761751 2.0747721 1.6943079 2.0262457 1.9396724 3.5013345 1.9016741 
Chem_TCONS_00062052                                    1.4954412 1.2740381 1.2963461 1.5449409 1.2699680 1.2987869 1.4060469 1.2827145 1.5146461 0.9662505 0.9432586 1.0107375 0.9340105 0.7817882 0.8387241 0.9235321 0.9287918 0.4426867 0.0000000 0.6901295 0.6670917 0.7070996 0.7032658 0.4978692 1.0815395 1.5514259 1.3309692 1.3398007 1.3338393 1.3493479 1.3564147 1.3523974 1.1089494 1.5166491 1.5185421 1.3014091 1.2363684 1.5479689 1.5482094 1.5403678 1.5699574 1.5699574 1.5950284 1.6614050 1.7222077 1.5708911 1.5711477 1.4633904 1.5114516 1.8743316 1.8145727 1.9501360 2.0686294 1.6741412 2.1537869 2.0799653 1.8740026 1.6826414 1.9212332 1.9458779 3.2304567 1.9131665 
Aaur_scaffold1817.g2.t1                                1.3786505 1.3263062 1.1116243 1.5333203 1.4119895 1.3298439 1.3529245 1.2981421 1.4857904 0.9731147 0.9379189 1.0955268 1.0459024 0.8232077 0.8682922 1.0160590 1.0135603 0.7517448 0.6901295 0.0000000 0.2146119 0.2115474 0.3462239 0.4014424 1.1183754 1.4980167 1.2721476 1.3078903 1.3006125 1.2823651 1.2586493 1.2679738 1.0557323 1.6600253 1.4530703 1.2407425 1.2666669 1.5422170 1.6559363 1.5989011 1.4669931 1.4669931 1.5111844 1.6000304 1.7165374 1.4516773 1.4668730 1.4593341 1.6046065 1.8719227 1.9108028 2.0510366 2.1317277 1.7825666 2.0698094 1.9837461 2.0126637 1.8055513 2.1660501 1.8994256 3.4670253 1.9322748 
Nemnom_g2034.t1                                        1.3237668 1.2085753 1.0590175 1.4189679 1.3704144 1.2125859 1.3293348 1.2432470 1.3902003 0.9034672 0.8779389 1.0011936 0.9548135 0.7651428 0.8609855 0.9454865 0.9254053 0.7270085 0.6670917 0.2146119 0.0000000 0.0780700 0.3011094 0.3837941 1.0160393 1.3797652 1.2564383 1.2507643 1.1902881 1.1573831 1.1754495 1.1845199 1.0369698 1.6202376 1.3103464 1.1816572 1.2020781 1.5709944 1.6533083 1.5719699 1.4833967 1.4833967 1.5871807 1.6422033 1.7287368 1.5280263 1.4689471 1.4901661 1.5669038 1.7792726 1.7116222 1.9464482 1.8334596 1.6938342 1.9955023 1.9885345 2.0205645 1.7852249 2.0644017 1.7329654 3.3535954 1.9027612 
Rhoesc_Res_004935-T1                                   1.4088047 1.2790354 1.1163992 1.4430657 1.3346384 1.2638014 1.3758824 1.3161538 1.4586869 0.9283378 0.9316942 1.0863458 1.0368311 0.8249746 0.8755697 1.0163524 1.0072895 0.7686353 0.7070996 0.2115474 0.0780700 0.0000000 0.3137402 0.3566749 1.0924214 1.4769795 1.3113788 1.2894788 1.2344590 1.2222934 1.2318337 1.2409325 1.0084199 1.6106451 1.4404178 1.2603112 1.2217714 1.6309509 1.7039793 1.6251255 1.5350889 1.5350889 1.6044335 1.6679505 1.7700446 1.5537587 1.4336859 1.5546653 1.6990503 1.7794566 1.7965829 2.0112253 1.8821994 1.7122817 2.0087059 2.1088698 2.1144509 1.7543568 2.1208974 1.8321667 3.3770833 1.9079020 
Sanmal_Sma_005809-T1                                   1.3752025 1.3804564 1.1737856 1.6068375 1.3404875 1.2472090 1.3366534 1.3257786 1.5195880 0.9565759 0.9258568 1.0841488 1.0383979 0.7657150 0.8311618 1.0004635 0.9973819 0.7636883 0.7032658 0.3462239 0.3011094 0.3137402 0.0000000 0.3799802 1.1382379 1.5193548 1.3194005 1.3406176 1.2794882 1.2580004 1.2715126 1.2807871 1.0228213 1.5871715 1.5216573 1.2668370 1.2135711 1.6113592 1.6211171 1.5812914 1.5581104 1.5581104 1.5351888 1.6960761 1.8798273 1.5651615 1.4186569 1.5110626 1.6433328 1.8281747 1.8377298 2.0082697 2.0455030 1.6539772 1.9264108 2.0088712 1.9865614 1.6501145 2.0769170 1.8020478 3.3539430 1.9072339 
Morvir_scaffold51.g47.t1                               1.1003315 0.9606999 0.8723855 1.1360912 1.1784186 0.9709792 1.1109152 1.1064012 1.1898962 0.6429839 0.6995042 0.8153011 0.7700347 0.7176908 0.7707572 0.7177198 0.7256570 0.5222833 0.4978692 0.4014424 0.3837941 0.3566749 0.3799802 0.0000000 0.8379078 1.2688195 0.7189018 0.8950156 0.9032137 0.8954906 0.9009866 0.9022644 0.9103528 1.3147229 1.3128065 1.1219899 1.0048047 1.1763838 1.1830689 1.1939147 1.1823979 1.1823979 1.1461788 1.1680372 1.1562879 1.1634827 1.0453354 1.0803459 1.0443003 1.4890128 1.4402477 1.4673767 1.4696916 1.3858796 1.5300250 1.5822840 1.6277828 1.5270506 1.8791457 1.5912683 2.4480152 2.0546049 
Dgig_XM_028548801.1                                    1.4234165 1.2942505 1.1434480 1.4046878 1.2211127 1.1785303 1.2983630 1.2091307 1.4461938 0.9580064 0.9104442 1.0101245 0.9225657 0.7104654 0.8073081 0.8788493 0.8677640 1.1742133 1.0815395 1.1183754 1.0160393 1.0924214 1.1382379 0.8379078 0.0000000 0.5895044 1.3836633 1.4015557 1.3818405 1.3916093 1.3683259 1.3923919 1.0814990 1.4501095 1.4918561 1.2050571 1.2301425 1.4789361 1.5173710 1.4213216 1.4263537 1.4263537 1.4685039 1.6142461 1.7230966 1.4668005 1.4318581 1.3826059 1.5479413 1.7834346 1.7435066 1.8467131 1.7810744 1.6608522 1.8637887 1.9015417 1.8039328 1.7774776 2.0332819 1.8872059 3.6358371 2.1112027 
Xesp_009820-T1                                         1.8849026 1.6315480 1.4930223 1.6305818 1.6184239 1.6228663 1.6731814 1.6925703 1.9331957 1.2902736 1.2154169 1.2380079 1.2709597 1.0090960 1.0446345 1.2344931 1.1831903 1.6190439 1.5514259 1.4980167 1.3797652 1.4769795 1.5193548 1.2688195 0.5895044 0.0000000 1.7056681 1.7382029 1.6908560 1.7253334 1.7075574 1.7369070 1.2925606 2.0266094 2.1719692 1.5518007 1.6502440 2.0033013 2.2076959 2.0318101 2.0395955 2.0395955 2.1032186 2.1162412 2.0363740 2.0435975 2.1222331 1.9911856 1.7094599 2.2015763 2.1708702 2.3535810 2.1250262 1.8238713 2.3632335 2.7887805 2.5459437 2.5625887 2.4712832 2.4365574 4.4578329 1.7049426 
Tadh_TriadT55006                                       1.5028219 1.2899061 1.1782623 1.5679593 1.3472736 1.3929398 1.3869252 1.4566470 1.7009428 1.2271474 1.1519937 1.1250762 1.0659153 0.8537443 0.8383484 1.0179643 1.0120606 1.4214262 1.3309692 1.2721476 1.2564383 1.3113788 1.3194005 0.7189018 1.3836633 1.7056681 0.0000000 0.0118090 0.1897327 0.1931425 0.1949390 0.1906348 0.1283749 1.6936599 1.7984056 1.3167501 1.2332856 1.7844625 1.7700905 1.7802561 1.7863728 1.7863728 1.7237751 1.8393085 1.8451383 1.6986726 1.5833978 1.5498393 1.6505233 1.8854237 1.7143222 1.8472538 1.8194592 1.5193023 2.0810078 2.1062995 2.1097565 1.5162819 1.8582711 1.6537452 3.4253858 1.6139463 
TrH2_TrispH2_004870-RA                                 1.6258131 1.3934611 1.2964481 1.6373175 1.5011568 1.4980563 1.4676971 1.5398876 1.7229784 1.1886210 1.1199227 1.2101446 1.1258880 0.9714632 0.9453759 1.0582257 1.0583498 1.5031122 1.3398007 1.3078903 1.2507643 1.2894788 1.3406176 0.8950156 1.4015557 1.7382029 0.0118090 0.0000000 0.1749861 0.1809104 0.1758780 0.1727178 0.1348825 1.8240020 1.7901770 1.4099439 1.3993523 1.7780418 1.7888212 1.7766218 1.7830154 1.7830154 1.7715866 1.8363327 1.9223049 1.6264170 1.6318317 1.6060322 1.5810821 1.8746290 1.6896274 1.8550400 1.8149687 1.6748263 2.1610012 2.1350819 2.1279573 1.7383344 2.0734067 1.7492336 3.6592285 2.0000805 
HoiH06_mRNA5049                                        1.5640538 1.3921256 1.2849217 1.5946201 1.4358675 1.5189237 1.4570038 1.5101371 1.5599359 1.2187352 1.1046827 1.2474484 1.1290385 0.9208228 0.9016919 1.0522477 1.0477859 1.4431328 1.3338393 1.3006125 1.1902881 1.2344590 1.2794882 0.9032137 1.3818405 1.6908560 0.1897327 0.1749861 0.0000000 0.0434682 0.0550362 0.0573755 0.0805955 1.7559008 1.8055049 1.4124157 1.3503363 1.7638437 1.8133133 1.7762944 1.7983071 1.7983071 1.8771226 1.8909320 1.9535297 1.7119684 1.7325295 1.7514229 1.7213928 1.8343701 1.6454847 1.8229718 1.7603001 1.5705575 2.0986760 2.1032885 2.1372061 1.7441733 2.1181542 1.6564706 3.7768262 2.0570375 
HoiH23_PlH23_001327-RA                                 1.5947566 1.4593908 1.3132643 1.6194692 1.4653763 1.5352168 1.4565242 1.5513964 1.5596062 1.2359148 1.1249153 1.2581221 1.1457823 0.9300074 0.9139644 1.0525672 1.0481117 1.4912460 1.3493479 1.2823651 1.1573831 1.2222934 1.2580004 0.8954906 1.3916093 1.7253334 0.1931425 0.1809104 0.0434682 0.0000000 0.0435013 0.0458265 0.0778426 1.8021562 1.8449729 1.4485012 1.3483988 1.8123958 1.8600239 1.8054267 1.8188781 1.8188781 1.8981778 1.9568695 2.0284389 1.7621675 1.7428064 1.7772918 1.7250217 1.8370530 1.6403729 1.8229735 1.7639362 1.5598653 2.0869583 2.1326511 2.1141925 1.7874421 2.1184309 1.7010750 3.8223617 2.0683750 
Hhon_g06308.t1                                         1.5791084 1.4506583 1.3167487 1.6156562 1.4500130 1.5309494 1.4800314 1.5421349 1.5808615 1.2026406 1.1052627 1.2549174 1.1332357 0.9259815 0.9158865 1.0513253 1.0417249 1.4662488 1.3564147 1.2586493 1.1754495 1.2318337 1.2715126 0.9009866 1.3683259 1.7075574 0.1949390 0.1758780 0.0550362 0.0435013 0.0000000 0.0066571 0.0657443 1.8002116 1.8254632 1.4526842 1.3531378 1.8126276 1.8600121 1.8107151 1.8572874 1.8572874 1.9020050 1.9533697 2.0366220 1.7475944 1.7261843 1.7639219 1.7279233 1.8515466 1.6613004 1.8309285 1.7862741 1.5856390 2.0967763 2.0804385 2.1053059 1.7260124 2.1416545 1.6773536 3.9777737 2.0615137 
HoiH04_mRNA1540                                        1.5912541 1.4613775 1.3074206 1.6445077 1.4769129 1.5203963 1.4915627 1.5540462 1.5928800 1.2113206 1.1252668 1.2719160 1.1472406 0.9460018 0.9302349 1.0701444 1.0604391 1.4729251 1.3523974 1.2679738 1.1845199 1.2409325 1.2807871 0.9022644 1.3923919 1.7369070 0.1906348 0.1727178 0.0573755 0.0458265 0.0066571 0.0000000 0.0685157 1.8131218 1.8477554 1.4767755 1.3755887 1.8122393 1.8597802 1.8073986 1.8540411 1.8540411 1.8988358 1.9588930 2.0431724 1.7470226 1.7444598 1.7560650 1.7227423 1.8666372 1.6746940 1.8492053 1.8004418 1.5743926 2.1127236 2.0999117 2.1288632 1.7241680 2.1501002 1.7023730 3.9647207 2.0881254 
HoiH11_mRNA3328                                        1.3311809 1.1827795 1.0827386 1.3662706 1.4718983 1.3033083 1.3361424 1.3820053 1.4164173 0.9936950 0.9337359 1.0506527 0.9488183 0.8793789 0.9047188 0.8647600 0.8719675 1.2732911 1.1089494 1.0557323 1.0369698 1.0084199 1.0228213 0.9103528 1.0814990 1.2925606 0.1283749 0.1348825 0.0805955 0.0778426 0.0657443 0.0685157 0.0000000 1.6260751 1.3639035 1.1852489 1.2344536 1.4696129 1.4608813 1.4543774 1.5363922 1.5363922 1.4769399 1.5922836 1.7081179 1.3725464 1.4500724 1.4461764 1.2966088 1.5529857 1.4283238 1.5338347 1.4788915 1.4028234 1.9452141 1.8467060 1.8939965 1.7578485 2.0191231 1.6220981 3.2938551 2.1052608 
Ctel_gnl_WGS_AMQN_CAPTEDRAFT_mRNA178720                1.4180264 1.2176370 1.1518244 1.4091115 1.4392951 1.1157155 1.0585652 0.9071809 1.4394550 1.3929045 1.3698369 1.4927857 1.4298044 1.2394824 1.2658109 1.3931781 1.3940401 1.4928022 1.5166491 1.6600253 1.6202376 1.6106451 1.5871715 1.3147229 1.4501095 2.0266094 1.6936599 1.8240020 1.7559008 1.8021562 1.8002116 1.8131218 1.6260751 0.0000000 1.7359548 1.6007019 1.5360940 2.0040853 2.1001619 2.0274882 1.8539762 1.8539762 1.8803114 2.0805059 2.1837398 1.7538071 1.8721306 1.8844121 1.9939206 2.1587468 2.0261840 2.2660550 1.9415981 1.8393486 2.1855219 2.2555724 2.2618596 1.7298575 2.1743281 1.9407278 3.5139473 2.2653704 
Ocar_g4047                                             1.8421329 1.5035399 1.3450938 1.8614516 1.7079956 1.4879421 1.3579638 1.5166424 1.7431216 1.5668673 1.5196898 1.6073882 1.5093562 1.3685299 1.3459232 1.4989203 1.4949697 1.6387448 1.5185421 1.4530703 1.3103464 1.4404178 1.5216573 1.3128065 1.4918561 2.1719692 1.7984056 1.7901770 1.8055049 1.8449729 1.8254632 1.8477554 1.3639035 1.7359548 0.0000000 0.0977445 0.8003245 1.8536152 1.9410070 1.9377020 1.8356538 1.8356538 1.9275785 1.9429992 2.0153892 1.9044861 1.9907413 1.8924295 1.9704556 2.0768639 2.0298319 2.2264437 1.9624313 1.8924551 2.0913783 2.2037219 2.1008007 1.6585761 1.9646753 2.0516441 3.9555528 2.4322074 
Opea_EP00118_Oscarella_pearsei_P000513                 1.5258395 1.2782088 1.1587628 1.5888922 1.4560255 1.3040089 1.2818939 1.3911143 1.4799166 1.3741791 1.2473503 1.3883222 1.2769765 1.1776286 1.1486809 1.2571893 1.2554807 1.4023909 1.3014091 1.2407425 1.1816572 1.2603112 1.2668370 1.1219899 1.2050571 1.5518007 1.3167501 1.4099439 1.4124157 1.4485012 1.4526842 1.4767755 1.1852489 1.6007019 0.0977445 0.0000000 0.6373605 1.6064159 1.6701976 1.6432506 1.6158286 1.6158286 1.6302223 1.7928138 1.8298236 1.6052951 1.6242073 1.5636294 1.6826450 1.7377336 1.6916518 1.8725111 1.7248509 1.6329579 1.7215913 1.8025856 1.6684146 1.6323771 1.9770197 1.7211730 3.2907648 2.2042467 
Plajan_Pjan_C561896_01                                 1.3512791 1.2625923 1.1608685 1.5418774 1.5282706 1.3542506 1.2763802 1.3784135 1.3512716 1.2611953 1.2708206 1.3750686 1.2556117 1.1029164 1.1897612 1.1980537 1.1993359 1.2827738 1.2363684 1.2666669 1.2020781 1.2217714 1.2135711 1.0048047 1.2301425 1.6502440 1.2332856 1.3993523 1.3503363 1.3483988 1.3531378 1.3755887 1.2344536 1.5360940 0.8003245 0.6373605 0.0000000 1.5861687 1.5966346 1.6117857 1.6446217 1.6446217 1.5967077 1.8049691 1.7982755 1.5033364 1.4776155 1.4665173 1.6119833 1.7601349 1.5572161 1.7053976 1.5941536 1.5518150 1.7113239 1.6687512 1.5864210 1.5575579 1.8853278 1.6439866 3.1498904 2.0931963 
Mlei_ML3398.g3.i1                                      1.7087102 1.6300866 1.5783964 1.8341392 1.5890052 1.7443872 1.7384443 1.8821912 1.7808384 1.5558956 1.5654355 1.6440576 1.5480760 1.2371368 1.3631540 1.4726434 1.4619483 1.4830814 1.5479689 1.5422170 1.5709944 1.6309509 1.6113592 1.1763838 1.4789361 2.0033013 1.7844625 1.7780418 1.7638437 1.8123958 1.8126276 1.8122393 1.4696129 2.0040853 1.8536152 1.6064159 1.5861687 0.0000000 0.1287757 0.1834192 0.2021971 0.2021971 0.2938424 0.3197555 0.3510482 0.4405936 0.4108764 0.4253293 0.5328040 2.2122113 2.2170581 2.1969534 2.1130894 2.0894713 2.3082462 2.3371269 2.3576888 1.8306843 2.3647613 2.0791130 3.6941119 2.5462604 
Beraby_Baby_sb342081                                   1.7991621 1.6154344 1.6127016 1.8970552 1.5642030 1.7560495 1.7617205 1.8808422 1.9007519 1.5647907 1.5693737 1.6662169 1.5700051 1.2098046 1.3376180 1.4874485 1.4803837 1.5631839 1.5482094 1.6559363 1.6533083 1.7039793 1.6211171 1.1830689 1.5173710 2.2076959 1.7700905 1.7888212 1.8133133 1.8600239 1.8600121 1.8597802 1.4608813 2.1001619 1.9410070 1.6701976 1.5966346 0.1287757 0.0000000 0.2107440 0.2255041 0.2255041 0.3352713 0.3710657 0.3928446 0.4609812 0.4701006 0.4550005 0.5839821 2.3317336 2.2915007 2.3536965 2.2263694 2.1651230 2.2859633 2.3832674 2.3549030 1.8128843 2.3141936 2.1477707 3.9133642 2.5336880 
Drygla_Dgla_sb292699                                   1.6857778 1.6244613 1.6129716 1.8780866 1.6303312 1.8465366 1.7592766 1.8810726 1.8037502 1.5343258 1.5240940 1.6235485 1.5388749 1.2056246 1.3128050 1.4590527 1.4685092 1.5286633 1.5403678 1.5989011 1.5719699 1.6251255 1.5812914 1.1939147 1.4213216 2.0318101 1.7802561 1.7766218 1.7762944 1.8054267 1.8107151 1.8073986 1.4543774 2.0274882 1.9377020 1.6432506 1.6117857 0.1834192 0.2107440 0.0000000 0.2642990 0.2642990 0.3434533 0.3569422 0.3725225 0.4619890 0.4518197 0.4716964 0.5786826 2.1793304 2.2556872 2.2901008 2.1632524 2.1936942 2.3751960 2.4156463 2.4057894 1.9754399 2.4928547 2.1840342 4.1692509 2.5347543 
Bolinf_Binf_sb1227959                                  1.6896279 1.4928744 1.5027288 1.8039838 1.6661791 1.7605614 1.7061949 1.8136309 1.8217578 1.5297281 1.5239196 1.6268982 1.5482345 1.2599183 1.3416918 1.4608874 1.4579299 1.4759972 1.5699574 1.4669931 1.4833967 1.5350889 1.5581104 1.1823979 1.4263537 2.0395955 1.7863728 1.7830154 1.7983071 1.8188781 1.8572874 1.8540411 1.5363922 1.8539762 1.8356538 1.6158286 1.6446217 0.2021971 0.2255041 0.2642990 0.0000000 0.0000010 0.2798904 0.3766140 0.4271971 0.4511925 0.4072523 0.4238851 0.5281625 2.1863996 2.2493706 2.2182323 2.1488668 2.2237529 2.1730691 2.2951081 2.2118194 1.9057991 2.3222382 2.0955203 3.6207626 2.5103951 
Mertsp_Mesp_sb552358                                   1.6896279 1.4928744 1.5027288 1.8039838 1.6661791 1.7605614 1.7061949 1.8136309 1.8217578 1.5297281 1.5239196 1.6268982 1.5482345 1.2599183 1.3416918 1.4608874 1.4579299 1.4759972 1.5699574 1.4669931 1.4833967 1.5350889 1.5581104 1.1823979 1.4263537 2.0395955 1.7863728 1.7830154 1.7983071 1.8188781 1.8572874 1.8540411 1.5363922 1.8539762 1.8356538 1.6158286 1.6446217 0.2021971 0.2255041 0.2642990 0.0000010 0.0000000 0.2798904 0.3766140 0.4271971 0.4511925 0.4072523 0.4238851 0.5281625 2.1863996 2.2493706 2.2182323 2.1488668 2.2237529 2.1730691 2.2951081 2.2118194 1.9057991 2.3222382 2.0955203 3.6207626 2.5103951 
Lampan_Lpan_2423_01                                    1.6704342 1.6356952 1.5401491 1.8574263 1.6461637 1.8521091 1.7460140 1.8493591 1.8166766 1.5296084 1.5924151 1.6594467 1.5843059 1.2740112 1.4274863 1.5039330 1.5139142 1.5778140 1.5950284 1.5111844 1.5871807 1.6044335 1.5351888 1.1461788 1.4685039 2.1032186 1.7237751 1.7715866 1.8771226 1.8981778 1.9020050 1.8988358 1.4769399 1.8803114 1.9275785 1.6302223 1.5967077 0.2938424 0.3352713 0.3434533 0.2798904 0.2798904 0.0000000 0.4411257 0.4856720 0.3609986 0.3684469 0.3832972 0.4502332 2.1990408 2.2754456 2.2813319 2.2990553 2.1730487 2.2648509 2.2701487 2.4282987 1.9336676 2.4378293 2.1337201 3.5836412 2.5944183 
Pbac_sb2665925                                         1.9215134 1.7972553 1.7288803 2.1154578 1.8446888 2.0212016 1.8753513 2.0305188 2.0086137 1.6649997 1.6060162 1.6162575 1.6404997 1.3069097 1.3600244 1.5982674 1.5960456 1.5290564 1.6614050 1.6000304 1.6422033 1.6679505 1.6960761 1.1680372 1.6142461 2.1162412 1.8393085 1.8363327 1.8909320 1.9568695 1.9533697 1.9588930 1.5922836 2.0805059 1.9429992 1.7928138 1.8049691 0.3197555 0.3710657 0.3569422 0.3766140 0.3766140 0.4411257 0.0000000 0.0159015 0.4861733 0.5488492 0.5846442 0.6271899 2.1896972 2.2948096 2.3268856 2.3596992 2.3212714 2.5651556 2.4410468 2.5895682 2.2216672 2.4009629 2.3596618 4.1816147 2.4530141 
Horcal_Hcv1.av93.c1.g1302.i1                           1.9867499 1.8962823 1.8360019 2.1684935 1.7865438 2.2051273 2.0347063 2.2227272 2.0409392 1.8585717 1.7606979 1.7554318 1.7877220 1.4980474 1.5532175 1.8011896 1.8303331 1.6099810 1.7222077 1.7165374 1.7287368 1.7700446 1.8798273 1.1562879 1.7230966 2.0363740 1.8451383 1.9223049 1.9535297 2.0284389 2.0366220 2.0431724 1.7081179 2.1837398 2.0153892 1.8298236 1.7982755 0.3510482 0.3928446 0.3725225 0.4271971 0.4271971 0.4856720 0.0159015 0.0000000 0.5533511 0.6100483 0.6535470 0.6762806 2.3144881 2.3311392 2.4432942 2.4224949 2.5476081 2.7770117 2.6047215 2.8274327 2.2234894 2.5476995 2.6745241 4.2870779 2.1888657 
Eupdun_Edun_sb10633964                                 1.7675098 1.5943953 1.4377843 1.8033386 1.6417416 1.7546921 1.7378362 1.6717366 1.7282376 1.4075607 1.4488195 1.5303851 1.4227066 1.1997980 1.2529133 1.3526883 1.3598069 1.5158766 1.5708911 1.4516773 1.5280263 1.5537587 1.5651615 1.1634827 1.4668005 2.0435975 1.6986726 1.6264170 1.7119684 1.7621675 1.7475944 1.7470226 1.3725464 1.7538071 1.9044861 1.6052951 1.5033364 0.4405936 0.4609812 0.4619890 0.4511925 0.4511925 0.3609986 0.4861733 0.5533511 0.0000000 0.4011828 0.4380197 0.5110879 2.2002961 2.2120966 2.2695184 2.1798174 2.1812085 2.3171219 2.2110707 2.3694642 1.8450490 2.2783413 2.0302348 3.8510680 2.6396048 
Vmul_sbMO406668                                        1.6035616 1.5173558 1.4250006 1.7919338 1.5718151 1.6435600 1.7847254 1.7485679 1.6200366 1.3943463 1.4672561 1.5722212 1.4942334 1.2006442 1.3950546 1.4217657 1.4245437 1.4577834 1.5711477 1.4668730 1.4689471 1.4336859 1.4186569 1.0453354 1.4318581 2.1222331 1.5833978 1.6318317 1.7325295 1.7428064 1.7261843 1.7444598 1.4500724 1.8721306 1.9907413 1.6242073 1.4776155 0.4108764 0.4701006 0.4518197 0.4072523 0.4072523 0.3684469 0.5488492 0.6100483 0.4011828 0.0000000 0.2129772 0.2531686 2.1847118 2.2493904 2.1680260 2.1795230 1.9440909 2.2481391 2.2490692 2.3193135 1.7092026 2.3594148 1.9010361 3.7709852 2.4877255 
Coeast_Cast_sb794869                                   1.6264215 1.5296680 1.4204842 1.6832913 1.5696806 1.6274957 1.6949664 1.7576369 1.6542563 1.4655894 1.5044543 1.5707873 1.4812427 1.2399279 1.3816953 1.3769274 1.3680712 1.4222988 1.4633904 1.4593341 1.4901661 1.5546653 1.5110626 1.0803459 1.3826059 1.9911856 1.5498393 1.6060322 1.7514229 1.7772918 1.7639219 1.7560650 1.4461764 1.8844121 1.8924295 1.5636294 1.4665173 0.4253293 0.4550005 0.4716964 0.4238851 0.4238851 0.3832972 0.5846442 0.6535470 0.4380197 0.2129772 0.0000000 0.0126931 2.1587916 2.2135614 2.1424369 2.1927462 1.9547747 2.3693499 2.3432011 2.3970343 1.8705453 2.4332852 2.0341097 4.0083533 2.5384282 
Coemet_Cmet_scaffold15371_01                           1.7350187 1.8778697 1.6271937 1.8841708 1.6690752 1.9570703 2.0042974 2.0276993 1.8098500 1.5963396 1.5891807 1.5276200 1.5817315 1.3391179 1.4502225 1.5176865 1.5028325 1.5369160 1.5114516 1.6046065 1.5669038 1.6990503 1.6433328 1.0443003 1.5479413 1.7094599 1.6505233 1.5810821 1.7213928 1.7250217 1.7279233 1.7227423 1.2966088 1.9939206 1.9704556 1.6826450 1.6119833 0.5328040 0.5839821 0.5786826 0.5281625 0.5281625 0.4502332 0.6271899 0.6762806 0.5110879 0.2531686 0.0126931 0.0000000 2.0932108 2.2453326 2.1262780 2.2213572 1.9511971 2.6197640 2.6586915 2.5676834 1.9603840 2.5422184 2.3063878 4.6145452 1.8581465 
Scil_scict006785.1                                     1.8530410 1.7438328 1.7065495 1.8668759 1.8028344 1.8971493 1.8665993 1.8429197 1.8683430 2.0072239 1.8174353 2.1540066 2.0251493 1.5985979 1.7380661 1.7885885 1.7742578 1.8528305 1.8743316 1.8719227 1.7792726 1.7794566 1.8281747 1.4890128 1.7834346 2.2015763 1.8854237 1.8746290 1.8343701 1.8370530 1.8515466 1.8666372 1.5529857 2.1587468 2.0768639 1.7377336 1.7601349 2.2122113 2.3317336 2.1793304 2.1863996 2.1863996 2.1990408 2.1896972 2.3144881 2.2002961 2.1847118 2.1587916 2.0932108 0.0000000 0.3992818 0.4047569 0.4617179 1.3141678 2.3935168 2.3950559 2.3482926 1.9163817 2.3255158 2.0792146 3.8326144 2.5224421 
Leuniv_Lniv_scaffold12225_01                           1.7972405 1.7365514 1.5708620 1.8544872 1.7066835 1.8786102 1.8515835 1.8467610 1.7424140 1.9788591 1.7894758 2.1667834 2.0430146 1.6211197 1.6927909 1.7689114 1.7691476 1.8544324 1.8145727 1.9108028 1.7116222 1.7965829 1.8377298 1.4402477 1.7435066 2.1708702 1.7143222 1.6896274 1.6454847 1.6403729 1.6613004 1.6746940 1.4283238 2.0261840 2.0298319 1.6916518 1.5572161 2.2170581 2.2915007 2.2556872 2.2493706 2.2493706 2.2754456 2.2948096 2.3311392 2.2120966 2.2493904 2.2135614 2.2453326 0.3992818 0.0000000 0.4303799 0.4409563 1.2515174 2.3247192 2.4196444 2.3388650 1.7609522 2.2115623 1.9181731 3.5671825 2.5666071 
Gracom_Gcom_C551644_01                                 1.7679545 1.8771146 1.6390528 1.9645740 1.8085180 1.9748162 2.0853575 2.0139442 1.8586748 1.8997242 1.9099730 2.2753047 2.1237030 1.5998475 1.8215570 1.8298103 1.8402522 1.9821437 1.9501360 2.0510366 1.9464482 2.0112253 2.0082697 1.4673767 1.8467131 2.3535810 1.8472538 1.8550400 1.8229718 1.8229735 1.8309285 1.8492053 1.5338347 2.2660550 2.2264437 1.8725111 1.7053976 2.1969534 2.3536965 2.2901008 2.2182323 2.2182323 2.2813319 2.3268856 2.4432942 2.2695184 2.1680260 2.1424369 2.1262780 0.4047569 0.4303799 0.0000000 0.5186904 1.3706117 2.4457487 2.4898146 2.3715277 1.8650685 2.4047287 2.0671882 3.8335673 2.5861112 
Lcom_lcpid67830                                        1.8013613 1.7062683 1.5718626 1.8432960 1.6486008 1.7842509 1.8118632 1.7786070 1.8151219 1.8909727 1.7699161 2.1592379 1.9447861 1.5218633 1.6649658 1.7544789 1.7648093 2.0402866 2.0686294 2.1317277 1.8334596 1.8821994 2.0455030 1.4696916 1.7810744 2.1250262 1.8194592 1.8149687 1.7603001 1.7639362 1.7862741 1.8004418 1.4788915 1.9415981 1.9624313 1.7248509 1.5941536 2.1130894 2.2263694 2.1632524 2.1488668 2.1488668 2.2990553 2.3596992 2.4224949 2.1798174 2.1795230 2.1927462 2.2213572 0.4617179 0.4409563 0.5186904 0.0000000 1.2813685 2.3693926 2.4969804 2.4564938 1.9255358 2.4111372 2.1078143 3.9083192 2.5755432 
Clacor_Ccor_C538473_01                                 1.6670142 1.6315174 1.4422543 1.7355278 1.4250483 1.5538662 1.7787213 1.6353251 1.5503965 1.6585612 1.6631563 1.8658211 1.6863118 1.5034572 1.6207823 1.6130279 1.6161834 1.6575428 1.6741412 1.7825666 1.6938342 1.7122817 1.6539772 1.3858796 1.6608522 1.8238713 1.5193023 1.6748263 1.5705575 1.5598653 1.5856390 1.5743926 1.4028234 1.8393486 1.8924551 1.6329579 1.5518150 2.0894713 2.1651230 2.1936942 2.2237529 2.2237529 2.1730487 2.3212714 2.5476081 2.1812085 1.9440909 1.9547747 1.9511971 1.3141678 1.2515174 1.3706117 1.2813685 0.0000000 1.8781124 1.9685527 2.0722010 1.6488967 1.9324041 1.7305490 3.5885448 2.1266792 
Aque_Aqu2.1.33596_001                                  2.0210871 1.9440418 1.9919571 2.1157205 1.9009095 2.0543960 2.1645598 2.3100431 2.0422886 1.9451897 1.8393907 2.1124824 1.8667188 1.8189013 1.8789706 1.8672864 1.8623889 2.3234577 2.1537869 2.0698094 1.9955023 2.0087059 1.9264108 1.5300250 1.8637887 2.3632335 2.0810078 2.1610012 2.0986760 2.0869583 2.0967763 2.1127236 1.9452141 2.1855219 2.0913783 1.7215913 1.7113239 2.3082462 2.2859633 2.3751960 2.1730691 2.1730691 2.2648509 2.5651556 2.7770117 2.3171219 2.2481391 2.3693499 2.6197640 2.3935168 2.3247192 2.4457487 2.3693926 1.8781124 0.0000000 0.4877312 0.5321486 1.1718969 1.5136883 1.5210363 2.9128046 2.5082314 
Halamb_c53490_g2_i2mm.5231                             2.2231685 1.9540203 2.0419473 2.1391749 2.0079988 2.0401841 2.2211165 2.4847216 2.1222425 1.9407099 1.9961288 2.2987164 1.9957027 1.7796764 1.8712171 1.8960952 1.9126939 2.1761751 2.0799653 1.9837461 1.9885345 2.1088698 2.0088712 1.5822840 1.9015417 2.7887805 2.1062995 2.1350819 2.1032885 2.1326511 2.0804385 2.0999117 1.8467060 2.2555724 2.2037219 1.8025856 1.6687512 2.3371269 2.3832674 2.4156463 2.2951081 2.2951081 2.2701487 2.4410468 2.6047215 2.2110707 2.2490692 2.3432011 2.6586915 2.3950559 2.4196444 2.4898146 2.4969804 1.9685527 0.4877312 0.0000000 0.5134641 1.0759833 1.3862427 1.4742280 2.6627141 2.5220919 
Xestes_maker-XT_scaffold4110-augustus-gene-0.16-mRNA-1 1.9058696 1.9609040 1.9810280 2.1878774 1.8731730 1.9518247 2.1839085 2.3062235 2.0052124 1.9961385 1.9667887 2.2651118 1.9865018 1.8078323 1.9180190 1.9018536 1.9140639 2.0747721 1.8740026 2.0126637 2.0205645 2.1144509 1.9865614 1.6277828 1.8039328 2.5459437 2.1097565 2.1279573 2.1372061 2.1141925 2.1053059 2.1288632 1.8939965 2.2618596 2.1008007 1.6684146 1.5864210 2.3576888 2.3549030 2.4057894 2.2118194 2.2118194 2.4282987 2.5895682 2.8274327 2.3694642 2.3193135 2.3970343 2.5676834 2.3482926 2.3388650 2.3715277 2.4564938 2.0722010 0.5321486 0.5134641 0.0000000 1.1106868 1.2626985 1.4649191 2.5787087 2.7177945 
Tetwil_g3051.t2                                        1.6541690 1.6396514 1.6408538 1.7851361 1.8378087 1.6562098 1.7840622 1.9290824 1.8717957 1.5825737 1.5504411 2.0285439 1.6859831 1.5997542 1.7039902 1.5608536 1.5696527 1.6943079 1.6826414 1.8055513 1.7852249 1.7543568 1.6501145 1.5270506 1.7774776 2.5625887 1.5162819 1.7383344 1.7441733 1.7874421 1.7260124 1.7241680 1.7578485 1.7298575 1.6585761 1.6323771 1.5575579 1.8306843 1.8128843 1.9754399 1.9057991 1.9057991 1.9336676 2.2216672 2.2234894 1.8450490 1.7092026 1.8705453 1.9603840 1.9163817 1.7609522 1.8650685 1.9255358 1.6488967 1.1718969 1.0759833 1.1106868 0.0000000 1.1025217 1.3005313 1.9016922 2.5910289 
Spolac_c103774_g1_i2_m.36091c103774-g1                 2.0999812 1.9675306 1.8632853 2.2909407 2.1311755 1.8834314 1.8875717 2.2173246 2.1928262 1.9261348 1.8858919 2.1462084 1.9705065 1.8737114 1.9201357 1.8134343 1.8272603 2.0262457 1.9212332 2.1660501 2.0644017 2.1208974 2.0769170 1.8791457 2.0332819 2.4712832 1.8582711 2.0734067 2.1181542 2.1184309 2.1416545 2.1501002 2.0191231 2.1743281 1.9646753 1.9770197 1.8853278 2.3647613 2.3141936 2.4928547 2.3222382 2.3222382 2.4378293 2.4009629 2.5476995 2.2783413 2.3594148 2.4332852 2.5422184 2.3255158 2.2115623 2.4047287 2.4111372 1.9324041 1.5136883 1.3862427 1.2626985 1.1025217 0.0000000 1.5363546 1.4323402 2.5941668 
