42
Hsap_ENST00000329492                    0.0000000 1.9994545 1.4267772 2.7766417 3.1350107 2.1864041 2.6355433 1.8437893 2.3405451 2.1671231 1.5945502 2.6309437 3.0215817 1.7720031 2.1381974 2.1466174 2.1368923 2.2832351 2.1157825 2.9640022 2.8598917 2.4965572 2.5393305 2.9288000 2.7152945 2.7878392 3.3131883 2.4220736 2.9404042 2.7946216 3.0448809 2.9089261 3.0869271 3.4974643 3.3049004 3.9076984 3.9368473 4.3334621 4.0968553 4.0270059 4.1241761 3.3264859 
Bralan_BLAG18000749_1                   1.9994545 0.0000000 1.0240867 2.0561780 2.0248412 1.5919273 1.9050469 1.3022923 1.8069863 1.5578874 1.3020041 2.2326469 2.5205182 1.2924913 1.9429028 1.8474505 1.9362716 1.9619941 2.2455047 2.4047131 2.4118445 2.3102578 2.4635816 2.4402991 2.1959782 2.3376387 2.6299629 2.5661043 2.8185964 2.6263280 2.7469245 2.8812178 2.9055924 3.3099314 2.9448831 3.8269531 3.9152591 4.1026295 3.7724091 3.8570580 3.9954704 3.4973593 
Ctel_gnl_WGS_AMQN_CAPTEDRAFT_mRNA133258 1.4267772 1.0240867 0.0000000 0.7627154 0.8951997 0.9822030 1.0718878 1.2545955 1.1083409 1.2074975 1.3978073 1.4372392 1.7654605 1.2302760 1.3824488 1.3341399 1.3904439 1.3611692 1.9785508 1.5491979 1.5688904 1.5384458 1.6610677 1.7785683 1.6913064 1.7744425 1.8363077 1.9966181 1.7301706 1.8562334 1.9978040 1.7426933 2.0963234 2.2379035 2.2398300 2.0632214 2.1602194 2.0937265 2.0372856 2.0763588 2.0763588 3.4092111 
Cgig_XM_011423915.3                     2.7766417 2.0561780 0.7627154 0.0000000 1.2534711 1.9305069 1.8164924 1.3756972 1.6514800 2.1106681 1.5148252 2.5375581 2.9120768 1.5464888 2.1356751 2.1205988 2.1653030 2.0610994 1.9435002 2.5500690 2.5372322 2.3812660 2.2997990 2.2463476 2.3309270 2.3615243 2.0239027 2.9825386 3.6888783 3.3845417 3.4837868 3.3737727 3.6899098 3.7889188 3.9414228 3.9813998 3.9011889 3.9965321 3.9474229 3.7255763 3.8070135 3.7058957 
Acagra_model.g3683.t1                   3.1350107 2.0248412 0.8951997 1.2534711 0.0000000 1.9224737 2.0883689 1.3877453 2.0229627 2.2182106 1.4588373 2.6286030 3.0800350 1.6619130 2.2932474 2.1937220 2.2038954 2.3521227 1.9180061 2.7802143 2.7062501 2.6376131 2.4195287 2.5702611 2.4422294 2.4176438 2.5502747 2.6522393 3.4200443 3.0610598 3.5882200 3.5140887 3.8642464 3.6074147 3.4873431 4.3015649 4.3086744 4.4146760 4.2302251 3.8327934 3.9316520 3.5159479 
Skow_XM_006819569.1                     2.1864041 1.5919273 0.9822030 1.9305069 1.9224737 0.0000000 1.8194186 1.4626481 1.6420509 1.2505658 1.2857571 1.8911388 2.2278518 1.1400004 1.7513800 1.7171718 1.8265616 1.7227713 1.8942658 2.4949039 2.4443363 2.2422205 1.9749395 2.0437632 2.2293209 2.0718552 2.2472368 2.4328329 2.8696590 2.7801760 2.8480035 2.8932572 3.3709660 3.0679542 2.9306172 3.4870816 3.6573924 3.7831511 3.5560294 3.2939996 3.4244759 3.2152368 
Tcas_TC002493_001                       2.6355433 1.9050469 1.0718878 1.8164924 2.0883689 1.8194186 0.0000000 0.7478763 0.9301371 2.2280685 1.8524161 2.1830544 2.5273020 1.6976784 2.0764832 2.0817490 2.1291605 2.0895978 2.3132769 2.3665882 2.4268125 2.3082090 2.3609588 2.4626286 2.4174202 2.3674733 2.7123405 2.4678626 2.8788955 2.9233753 2.8057415 2.6615176 3.2182700 3.0093462 2.8776599 3.9077061 4.0080299 3.6497347 3.6730874 3.6684674 3.7728581 3.8790789 
Dpul_mRNA26377                          1.8437893 1.3022923 1.2545955 1.3756972 1.3877453 1.4626481 0.7478763 0.0000000 0.7945901 1.6427308 1.8537669 1.7221160 2.0148089 1.8417778 1.6604106 1.5883594 1.6126218 1.7183798 2.4995778 1.6856699 1.7737704 1.7927130 2.0010860 2.0222610 1.8951339 2.0366956 2.3018506 2.1125858 2.0818404 2.1983955 2.1568875 2.1799277 2.6281796 2.3523202 2.3089877 2.4637844 2.6745941 2.6339084 2.6099505 2.6095101 2.6095101 4.1261133 
Cscu_XM_023383209.1                     2.3405451 1.8069863 1.1083409 1.6514800 2.0229627 1.6420509 0.9301371 0.7945901 0.0000000 1.9783897 1.6185298 2.0897423 2.4170455 1.5924163 1.9247736 1.8054809 1.9242946 1.9183148 2.1952118 2.1998578 2.0594881 2.2092656 2.2625094 2.2494814 2.3269925 2.3777823 2.4654675 2.3852822 2.3157518 2.5081405 2.4783694 2.2079208 2.9560272 2.9731208 2.5461319 3.5540481 3.6115042 3.2257075 3.1724876 3.1077856 3.2984810 3.8650295 
Spur_XM_030988570.1                     2.1671231 1.5578874 1.2074975 2.1106681 2.2182106 1.2505658 2.2280685 1.6427308 1.9783897 0.0000000 1.6093919 1.8189974 2.0811799 1.4126870 1.7748824 1.6067589 1.7828583 1.7282892 2.3670919 2.1887935 2.2300247 2.2259641 2.4114983 2.2555505 2.3933611 2.2981485 2.5543199 2.3898006 2.8226832 2.6971664 2.7475043 2.6590064 3.1839001 3.1861854 2.5795490 3.9761799 4.1672913 3.8223042 3.6878077 3.6840912 3.5980824 3.6028791 
Nvec_v1g25148                           1.5945502 1.3020041 1.3978073 1.5148252 1.4588373 1.2857571 1.8524161 1.8537669 1.6185298 1.6093919 0.0000000 0.8907440 1.0283468 0.8031088 0.8056798 0.8958217 0.9427207 0.8196412 1.7141075 1.1741229 1.1346840 1.1459106 1.4184483 1.2270698 1.2354746 1.4450342 1.4562599 0.8294003 2.1535162 2.1308793 2.2789623 1.9171647 2.4602754 2.3684084 2.0217145 1.9562262 2.0898275 2.0362916 2.0478852 2.0169739 2.0169739 3.3624723 
Adig_XM_015905755.1                     2.6309437 2.2326469 1.4372392 2.5375581 2.6286030 1.8911388 2.1830544 1.7221160 2.0897423 1.8189974 0.8907440 0.0000000 0.0891430 0.2526045 0.6428975 0.6467536 0.7098253 0.6378207 1.7654526 1.9513977 1.8525458 1.7889458 2.0488823 1.5083314 1.7926907 1.7036302 1.8303419 1.6094682 2.5780877 2.7186615 2.6808816 2.7247135 3.2474317 3.7532601 3.2135898 3.2993645 3.4647397 3.1282486 3.1721837 3.1694600 3.1064249 3.3723327 
Amil_Amillepora04428-RA                 3.0215817 2.5205182 1.7654605 2.9120768 3.0800350 2.2278518 2.5273020 2.0148089 2.4170455 2.0811799 1.0283468 0.0891430 0.0000000 0.4473467 0.7837485 0.7648108 0.8369124 0.7730407 2.4087898 2.1790080 2.0552159 1.9957393 2.2785408 1.7304254 2.0587940 1.9641890 2.0804894 1.9188667 2.9151158 3.0423596 2.9188807 3.0027910 3.4513113 4.1969990 3.5988709 3.8407102 4.0246055 3.6331056 3.6091887 3.7017429 3.6261224 3.4318646 
Gfas_gfas1.m1.6469.m1                   1.7720031 1.2924913 1.2302760 1.5464888 1.6619130 1.1400004 1.6976784 1.8417778 1.5924163 1.4126870 0.8031088 0.2526045 0.4473467 0.0000000 0.2916719 0.3194863 0.3258248 0.2941046 1.6657537 1.0146053 0.9728664 1.0356449 1.2113524 1.3654480 1.5374111 1.6849041 1.4616095 0.8848567 2.4892325 2.5273037 2.3400892 2.3618770 2.8895083 2.5975409 2.5778201 2.3597238 2.6915112 2.5091014 2.3742176 2.4615128 2.4615128 4.1310311 
Gasp_gasp1.m3.19844.m1                  2.1381974 1.9429028 1.3824488 2.1356751 2.2932474 1.7513800 2.0764832 1.6604106 1.9247736 1.7748824 0.8056798 0.6428975 0.7837485 0.2916719 0.0000000 0.3273060 0.3458428 0.2276839 1.7128954 1.6935833 1.6496468 1.4720848 1.8537644 1.3115879 1.5362695 1.5882533 1.7622639 1.4211119 2.3866833 2.5383735 2.4979695 2.5201787 3.1078011 2.8530224 2.7020086 3.1695640 3.3077615 3.1710261 3.1320126 3.0100075 2.9543076 3.1325717 
Spis_XP_022791960_1                     2.1466174 1.8474505 1.3341399 2.1205988 2.1937220 1.7171718 2.0817490 1.5883594 1.8054809 1.6067589 0.8958217 0.6467536 0.7648108 0.3194863 0.3273060 0.0000000 0.0953613 0.3362753 1.8138568 1.7144539 1.6532843 1.4347592 1.7228231 1.4383740 1.5153914 1.5887506 1.7801575 1.4674423 2.4529359 2.5007041 2.4627438 2.4319301 2.8629263 3.0891921 2.7014402 3.1379141 3.3113805 3.3249287 3.2295832 3.1890410 3.1305436 3.3329642 
Pocdam_XM_027185923.1                   2.1368923 1.9362716 1.3904439 2.1653030 2.2038954 1.8265616 2.1291605 1.6126218 1.9242946 1.7828583 0.9427207 0.7098253 0.8369124 0.3258248 0.3458428 0.0953613 0.0000000 0.3555435 1.8216900 1.8323033 1.7887541 1.4954336 1.8656611 1.5292315 1.5322490 1.6502448 1.8310205 1.4845232 2.5470390 2.6538357 2.4926074 2.5373216 3.0116719 3.2214820 2.7079128 3.0682416 3.2421291 3.3848080 3.2701082 3.2751048 3.2145371 3.3562539 
Fspp_ffun1.m4.18725.m1                  2.2832351 1.9619941 1.3611692 2.0610994 2.3521227 1.7227713 2.0895978 1.7183798 1.9183148 1.7282892 0.8196412 0.6378207 0.7730407 0.2941046 0.2276839 0.3362753 0.3555435 0.0000000 1.8311066 1.7584397 1.7296699 1.5263014 1.7993897 1.3747527 1.5965210 1.6176475 1.8904459 1.4568280 2.5682525 2.6821744 2.6892468 2.6227560 3.3392472 3.1913190 2.8905950 3.2564061 3.4048526 3.3269047 3.2134784 3.0235942 2.9894557 3.3000341 
Aaur_scaffold882.g4.t1                  2.1157825 2.2455047 1.9785508 1.9435002 1.9180061 1.8942658 2.3132769 2.4995778 2.1952118 2.3670919 1.7141075 1.7654526 2.4087898 1.6657537 1.7128954 1.8138568 1.8216900 1.8311066 0.0000000 0.2585199 0.2521392 0.3688287 1.3922444 1.2419434 2.3344710 2.5680713 1.1591657 1.2765910 3.0322200 3.0796588 3.0019911 3.0373547 2.6141104 2.9739502 3.0988847 3.5162827 3.4173847 3.0099706 3.1932067 3.2355335 3.2355335 8.9999985 
Nemnom_g14056.t1                        2.9640022 2.4047131 1.5491979 2.5500690 2.7802143 2.4949039 2.3665882 1.6856699 2.1998578 2.1887935 1.1741229 1.9513977 2.1790080 1.0146053 1.6935833 1.7144539 1.8323033 1.7584397 0.2585199 0.0000000 0.1693143 0.5541629 1.6356921 1.2758997 2.1296041 2.2212548 1.4590863 1.9136930 3.3717377 3.2247779 3.2105965 3.3170593 3.1898497 3.0776998 3.3134151 4.1497541 4.1961997 3.9529057 3.9316979 3.6451320 3.7504731 3.3943370 
Rhoesc_Res_002491-T1                    2.8598917 2.4118445 1.5688904 2.5372322 2.7062501 2.4443363 2.4268125 1.7737704 2.0594881 2.2300247 1.1346840 1.8525458 2.0552159 0.9728664 1.6496468 1.6532843 1.7887541 1.7296699 0.2521392 0.1693143 0.0000000 0.5798517 1.6083241 1.2410361 2.0589415 2.0980990 1.4625207 1.8842849 3.0807307 3.1632241 3.2308152 3.1647334 2.9302627 3.1725919 3.1352331 3.9765069 4.0293850 3.7318857 3.7131282 3.4454941 3.5383029 3.1965355 
Sanmal_Sma_017704-T1                    2.4965572 2.3102578 1.5384458 2.3812660 2.6376131 2.2422205 2.3082090 1.7927130 2.2092656 2.2259641 1.1459106 1.7889458 1.9957393 1.0356449 1.4720848 1.4347592 1.4954336 1.5263014 0.3688287 0.5541629 0.5798517 0.0000000 1.3976706 1.1666735 1.9156086 1.9915235 1.4554443 1.8093361 2.9546372 2.9621355 2.9135015 2.9817345 3.1016290 3.1657713 3.0177508 3.6056762 3.7263479 3.7788610 3.7004448 3.3672631 3.5751089 3.3735882 
Morvir_scaffold201.g24.t1               2.5393305 2.4635816 1.6610677 2.2997990 2.4195287 1.9749395 2.3609588 2.0010860 2.2625094 2.4114983 1.4184483 2.0488823 2.2785408 1.2113524 1.8537644 1.7228231 1.8656611 1.7993897 1.3922444 1.6356921 1.6083241 1.3976706 0.0000000 1.3852294 1.8798822 2.2699506 1.4088111 2.0086215 3.0485661 3.2903352 2.8656190 3.3396397 3.2654950 3.1872845 3.2109068 4.0305416 4.0885668 4.2657938 4.3422214 4.0171828 4.0295383 4.3048828 
Chem_TCONS_00001793                     2.9288000 2.4402991 1.7785683 2.2463476 2.5702611 2.0437632 2.4626286 2.0222610 2.2494814 2.2555505 1.2270698 1.5083314 1.7304254 1.3654480 1.3115879 1.4383740 1.5292315 1.3747527 1.2419434 1.2758997 1.2410361 1.1666735 1.3852294 0.0000000 1.9953957 2.2981564 0.9578916 1.9884874 2.9394008 3.0264045 3.0657077 3.2216308 2.8619202 2.9928469 2.4754624 3.5340837 3.7092609 3.2392726 3.4180073 3.2185937 3.1775830 3.6147756 
Dgig_XM_028541225.1                     2.7152945 2.1959782 1.6913064 2.3309270 2.4422294 2.2293209 2.4174202 1.8951339 2.3269925 2.3933611 1.2354746 1.7926907 2.0587940 1.5374111 1.5362695 1.5153914 1.5322490 1.5965210 2.3344710 2.1296041 2.0589415 1.9156086 1.8798822 1.9953957 0.0000000 0.8393243 2.0166751 1.6761179 2.4168771 2.5830105 2.6174771 2.4435300 2.8282056 3.1210962 2.7279282 2.8024812 2.9529951 2.9518240 2.9440572 3.1343147 3.1017034 3.5632086 
Xesp_008149-T1                          2.7878392 2.3376387 1.7744425 2.3615243 2.4176438 2.0718552 2.3674733 2.0366956 2.3777823 2.2981485 1.4450342 1.7036302 1.9641890 1.6849041 1.5882533 1.5887506 1.6502448 1.6176475 2.5680713 2.2212548 2.0980990 1.9915235 2.2699506 2.2981564 0.8393243 0.0000000 1.9955348 2.1505516 2.3477711 2.4468509 2.5224803 2.3683353 2.8017215 3.4589541 3.0600620 3.0262237 3.2414533 3.1416751 3.0097107 2.9921544 2.9921544 3.8574754 
Hvul_g925_1                             3.3131883 2.6299629 1.8363077 2.0239027 2.5502747 2.2472368 2.7123405 2.3018506 2.4654675 2.5543199 1.4562599 1.8303419 2.0804894 1.4616095 1.7622639 1.7801575 1.8310205 1.8904459 1.1591657 1.4590863 1.4625207 1.4554443 1.4088111 0.9578916 2.0166751 1.9955348 0.0000000 1.7831955 2.9185298 3.2497676 3.0139940 3.2136473 3.2897963 3.5058496 3.1920482 3.4718474 3.7788650 3.1288187 3.2779656 3.3417982 3.3338425 4.0250133 
Exapal_XM_021043408.2                   2.4220736 2.5661043 1.9966181 2.9825386 2.6522393 2.4328329 2.4678626 2.1125858 2.3852822 2.3898006 0.8294003 1.6094682 1.9188667 0.8848567 1.4211119 1.4674423 1.4845232 1.4568280 1.2765910 1.9136930 1.8842849 1.8093361 2.0086215 1.9884874 1.6761179 2.1505516 1.7831955 0.0000000 2.7771781 2.8580526 2.9966562 2.8378245 2.8971841 3.0985158 2.8533289 3.0512145 2.9820686 2.8062221 2.9808620 2.9429455 2.9912631 3.5757058 
Scil_scict005714.1                      2.9404042 2.8185964 1.7301706 3.6888783 3.4200443 2.8696590 2.8788955 2.0818404 2.3157518 2.8226832 2.1535162 2.5780877 2.9151158 2.4892325 2.3866833 2.4529359 2.5470390 2.5682525 3.0322200 3.3717377 3.0807307 2.9546372 3.0485661 2.9394008 2.4168771 2.3477711 2.9185298 2.7771781 0.0000000 0.4430026 0.4375623 0.4963757 1.1008244 2.3224104 2.4797806 4.1222973 4.3688839 3.7379008 3.5407711 3.8454057 4.0307722 3.4567369 
Leuniv_Lniv_C811230_01                  2.7946216 2.6263280 1.8562334 3.3845417 3.0610598 2.7801760 2.9233753 2.1983955 2.5081405 2.6971664 2.1308793 2.7186615 3.0423596 2.5273037 2.5383735 2.5007041 2.6538357 2.6821744 3.0796588 3.2247779 3.1632241 2.9621355 3.2903352 3.0264045 2.5830105 2.4468509 3.2497676 2.8580526 0.4430026 0.0000000 0.4812742 0.4904001 1.2481334 2.3454322 2.2524103 4.3569276 4.5966103 3.8839863 3.6288986 3.8401356 4.0462365 3.5524686 
Gracom_Gcom_scaffold3755_01             3.0448809 2.7469245 1.9978040 3.4837868 3.5882200 2.8480035 2.8057415 2.1568875 2.4783694 2.7475043 2.2789623 2.6808816 2.9188807 2.3400892 2.4979695 2.4627438 2.4926074 2.6892468 3.0019911 3.2105965 3.2308152 2.9135015 2.8656190 3.0657077 2.6174771 2.5224803 3.0139940 2.9966562 0.4375623 0.4812742 0.0000000 0.5158196 1.3105661 2.4932169 2.4795919 4.3815359 4.6768260 4.0658882 3.7868481 4.0114323 4.2332434 3.7546060 
Lcom_lcpid70105                         2.9089261 2.8812178 1.7426933 3.3737727 3.5140887 2.8932572 2.6615176 2.1799277 2.2079208 2.6590064 1.9171647 2.7247135 3.0027910 2.3618770 2.5201787 2.4319301 2.5373216 2.6227560 3.0373547 3.3170593 3.1647334 2.9817345 3.3396397 3.2216308 2.4435300 2.3683353 3.2136473 2.8378245 0.4963757 0.4904001 0.5158196 0.0000000 1.1309322 2.5386446 2.4254741 4.1710047 4.3821635 3.6997175 3.5437813 3.8962233 4.0872466 3.3066604 
Clacor_Ccor_scaffold5719_01             3.0869271 2.9055924 2.0963234 3.6899098 3.8642464 3.3709660 3.2182700 2.6281796 2.9560272 3.1839001 2.4602754 3.2474317 3.4513113 2.8895083 3.1078011 2.8629263 3.0116719 3.3392472 2.6141104 3.1898497 2.9302627 3.1016290 3.2654950 2.8619202 2.8282056 2.8017215 3.2897963 2.8971841 1.1008244 1.2481334 1.3105661 1.1309322 0.0000000 2.5873754 2.6479333 3.4862761 3.5203385 3.4180905 3.6024275 3.3807891 3.3807891 4.0459672 
Opea_EP00118_Oscarella_pearsei_P002672  3.4974643 3.3099314 2.2379035 3.7889188 3.6074147 3.0679542 3.0093462 2.3523202 2.9731208 3.1861854 2.3684084 3.7532601 4.1969990 2.5975409 2.8530224 3.0891921 3.2214820 3.1913190 2.9739502 3.0776998 3.1725919 3.1657713 3.1872845 2.9928469 3.1210962 3.4589541 3.5058496 3.0985158 2.3224104 2.3454322 2.4932169 2.5386446 2.5873754 0.0000000 1.4514053 3.7781297 3.9961096 3.6702288 3.6792886 3.5649098 3.7335350 3.5195682 
Plajan_Pjan_scaffold21767_01            3.3049004 2.9448831 2.2398300 3.9414228 3.4873431 2.9306172 2.8776599 2.3089877 2.5461319 2.5795490 2.0217145 3.2135898 3.5988709 2.5778201 2.7020086 2.7014402 2.7079128 2.8905950 3.0988847 3.3134151 3.1352331 3.0177508 3.2109068 2.4754624 2.7279282 3.0600620 3.1920482 2.8533289 2.4797806 2.2524103 2.4795919 2.4254741 2.6479333 1.4514053 0.0000000 4.1755986 4.4073922 3.6998731 3.7660498 4.0811977 4.0324527 3.0844528 
Tadh_TriadT54315                        3.9076984 3.8269531 2.0632214 3.9813998 4.3015649 3.4870816 3.9077061 2.4637844 3.5540481 3.9761799 1.9562262 3.2993645 3.8407102 2.3597238 3.1695640 3.1379141 3.0682416 3.2564061 3.5162827 4.1497541 3.9765069 3.6056762 4.0305416 3.5340837 2.8024812 3.0262237 3.4718474 3.0512145 4.1222973 4.3569276 4.3815359 4.1710047 3.4862761 3.7781297 4.1755986 0.0000000 0.0067834 0.9236749 0.8159096 0.7636010 0.8491062 3.7803792 
TrH2_TrispH2_003875-RA                  3.9368473 3.9152591 2.1602194 3.9011889 4.3086744 3.6573924 4.0080299 2.6745941 3.6115042 4.1672913 2.0898275 3.4647397 4.0246055 2.6915112 3.3077615 3.3113805 3.2421291 3.4048526 3.4173847 4.1961997 4.0293850 3.7263479 4.0885668 3.7092609 2.9529951 3.2414533 3.7788650 2.9820686 4.3688839 4.5966103 4.6768260 4.3821635 3.5203385 3.9961096 4.4073922 0.0067834 0.0000000 0.9237426 0.8293688 0.7963135 0.8789761 3.6707107 
HoiH06_mRNA9711                         4.3334621 4.1026295 2.0937265 3.9965321 4.4146760 3.7831511 3.6497347 2.6339084 3.2257075 3.8223042 2.0362916 3.1282486 3.6331056 2.5091014 3.1710261 3.3249287 3.3848080 3.3269047 3.0099706 3.9529057 3.7318857 3.7788610 4.2657938 3.2392726 2.9518240 3.1416751 3.1288187 2.8062221 3.7379008 3.8839863 4.0658882 3.6997175 3.4180905 3.6702288 3.6998731 0.9236749 0.9237426 0.0000000 0.2034243 0.4589976 0.4373270 3.7491529 
HoiH23_PlH23_000964-RA                  4.0968553 3.7724091 2.0372856 3.9474229 4.2302251 3.5560294 3.6730874 2.6099505 3.1724876 3.6878077 2.0478852 3.1721837 3.6091887 2.3742176 3.1320126 3.2295832 3.2701082 3.2134784 3.1932067 3.9316979 3.7131282 3.7004448 4.3422214 3.4180073 2.9440572 3.0097107 3.2779656 2.9808620 3.5407711 3.6288986 3.7868481 3.5437813 3.6024275 3.6792886 3.7660498 0.8159096 0.8293688 0.2034243 0.0000000 0.4306176 0.4860743 3.6532495 
Hhon_g00687.t1                          4.0270059 3.8570580 2.0763588 3.7255763 3.8327934 3.2939996 3.6684674 2.6095101 3.1077856 3.6840912 2.0169739 3.1694600 3.7017429 2.4615128 3.0100075 3.1890410 3.2751048 3.0235942 3.2355335 3.6451320 3.4454941 3.3672631 4.0171828 3.2185937 3.1343147 2.9921544 3.3417982 2.9429455 3.8454057 3.8401356 4.0114323 3.8962233 3.3807891 3.5649098 4.0811977 0.7636010 0.7963135 0.4589976 0.4306176 0.0000000 0.0348038 3.2944970 
HoiH04_mRNA9138                         4.1241761 3.9954704 2.0763588 3.8070135 3.9316520 3.4244759 3.7728581 2.6095101 3.2984810 3.5980824 2.0169739 3.1064249 3.6261224 2.4615128 2.9543076 3.1305436 3.2145371 2.9894557 3.2355335 3.7504731 3.5383029 3.5751089 4.0295383 3.1775830 3.1017034 2.9921544 3.3338425 2.9912631 4.0307722 4.0462365 4.2332434 4.0872466 3.3807891 3.7335350 4.0324527 0.8491062 0.8789761 0.4373270 0.4860743 0.0348038 0.0000000 3.4188908 
Plespi_Pspi_scaffold14525_01            3.3264859 3.4973593 3.4092111 3.7058957 3.5159479 3.2152368 3.8790789 4.1261133 3.8650295 3.6028791 3.3624723 3.3723327 3.4318646 4.1310311 3.1325717 3.3329642 3.3562539 3.3000341 8.9999985 3.3943370 3.1965355 3.3735882 4.3048828 3.6147756 3.5632086 3.8574754 4.0250133 3.5757058 3.4567369 3.5524686 3.7546060 3.3066604 4.0459672 3.5195682 3.0844528 3.7803792 3.6707107 3.7491529 3.6532495 3.2944970 3.4188908 0.0000000 
