51
Hsap_ENST00000262430                                            0.0000000 1.3744415 1.1061965 1.3571267 1.3898003 1.3275743 1.5130820 1.5727983 2.2906631 2.2504863 1.6099948 1.7194077 1.6917693 1.7157955 1.8566729 2.2367227 2.0179726 1.9799975 2.0104864 2.2127278 2.0633737 1.7658271 2.2964070 2.2489056 2.0179690 2.4686243 2.3370701 2.4224794 2.3219085 2.3471224 2.3818819 2.2095852 2.2248634 1.6779199 2.5687279 3.1495203 3.7685302 3.4972373 3.4333825 3.4482876 4.1504311 5.5233303 4.6165172 4.6842242 6.1196769 5.0320629 5.3654823 4.3692878 5.1945648 5.0063169 6.9038593 
Bralan_BLAG01000552_1                                           1.3744415 0.0000000 0.9641514 1.2400387 1.1459373 1.0900728 1.1868171 1.3030917 1.9613116 1.8920484 1.4797675 1.4849107 1.7335184 1.3417764 1.7416462 1.8471444 1.6208674 1.8313598 1.7712323 1.9199708 1.8615214 1.3342998 1.8050364 2.1363394 2.4441492 2.2961726 2.2270856 2.3046728 2.2679519 2.1836337 2.4536545 2.1128304 1.9606314 1.6183712 2.0540302 2.6223937 3.2224400 3.0297933 3.0902328 3.0907089 3.5136184 4.2929539 3.8094713 3.5032410 5.8133462 4.4737179 4.8664366 3.8478325 4.4201385 4.6923057 5.3515729 
Skow_XM_006816029.1                                             1.1061965 0.9641514 0.0000000 0.9870599 1.2456564 1.1982139 1.3546921 1.5382288 1.8455987 1.8043898 1.9654472 1.9998625 1.7114321 1.5680409 1.5804704 1.6332857 1.6437538 1.6591938 1.8011400 2.2990017 1.8627747 1.9385044 2.6194293 2.4125226 2.6228375 2.0440521 2.0007904 2.1840287 2.0458827 1.6742028 1.9998517 1.7453042 2.7002796 1.2043953 2.0856948 2.1712706 3.0367807 2.6104963 2.6497507 2.6497507 3.6353130 4.0681728 3.5157040 3.4724547 4.5820838 4.0052429 4.4680594 4.2425397 3.8193882 3.0217610 6.9791747 
Spur_XM_030995388.1                                             1.3571267 1.2400387 0.9870599 0.0000000 1.1454457 1.3222696 1.3640327 1.4917387 2.1317998 1.9354859 1.5162648 1.4889416 1.6210564 1.3863357 1.7439217 2.1363725 1.9704592 1.7712138 1.8544232 2.0893345 1.8738415 1.7097533 1.9485635 2.1094313 2.3184487 2.3392503 2.2270227 2.2344857 2.3634969 1.9975644 2.3073239 2.1007117 2.0021665 1.5801403 2.0709489 2.6560822 3.1173030 3.1628557 2.8677379 2.8840389 3.2953520 4.7933756 4.0493409 3.8250028 5.2796177 4.5536794 4.9520204 3.8835102 4.7904262 5.3062463 5.4044031 
Ctel_gnl_WGS_AMQN_CAPTEDRAFT_mRNA171705                         1.3898003 1.1459373 1.2456564 1.1454457 0.0000000 0.9275936 1.1188477 1.3422407 1.8631653 1.7446470 1.5550435 1.4722459 1.5848349 1.5871670 1.6423064 1.7386660 1.5153641 1.5331680 1.5420792 1.7157696 1.5829280 1.5952071 1.8601092 1.7900189 1.7227113 2.0055156 1.8990563 1.9979860 1.9477922 1.9397646 2.3457091 1.8895483 1.7028418 1.2030470 2.3214131 2.5512058 3.0528186 2.8939989 2.6505830 2.6729083 3.5906283 5.0664749 4.1701674 4.4165337 4.8331110 4.2142333 4.4538566 4.0489166 4.4786641 4.3854245 4.7143619 
Acagra_model.g6487.t1                                           1.3275743 1.0900728 1.1982139 1.3222696 0.9275936 0.0000000 0.9544304 1.2390592 1.9584853 1.7346956 1.4911521 1.4405162 1.6577015 1.4196538 1.7558543 1.8573679 1.5941141 1.7799878 1.7943916 1.9708737 1.8074292 1.5792993 1.8795973 1.9288837 2.0819045 2.1585554 1.9933270 2.1359094 2.1372005 2.2354959 2.3076827 2.0334930 2.0723594 1.4737973 2.2977159 2.7098830 3.3108459 2.9279275 2.9529973 2.9548660 3.6951512 4.6540935 3.8552331 4.5735547 4.7006608 4.1228400 4.4083775 3.5690166 4.2289531 4.5552566 5.4107420 
Cgig_XM_011458545.3                                             1.5130820 1.1868171 1.3546921 1.3640327 1.1188477 0.9544304 0.0000000 1.2152520 2.0807903 2.0311015 1.5233160 1.5468862 1.7452349 1.6610111 1.6473881 1.7470448 1.5886455 1.5217950 1.6123366 1.7825473 1.5977873 1.5365619 1.7518173 1.8979739 2.0373147 2.2866348 2.2046895 2.2408631 2.1364092 2.3444793 2.5278831 2.2762294 2.0596484 1.6250472 2.2456537 2.8376391 3.5261049 3.2762858 2.9909886 3.0024650 3.9354315 4.7100703 3.9919172 4.1834791 5.2394270 4.4505495 4.7868219 3.7877960 4.5925119 5.0343853 4.7422194 
Cscu_XM_023376771.1                                             1.5727983 1.3030917 1.5382288 1.4917387 1.3422407 1.2390592 1.2152520 0.0000000 2.0153595 2.0590400 1.5741015 1.5994939 1.8480610 1.3677079 1.8775264 2.1711930 1.9032956 1.8227710 1.9215915 1.9757814 1.9208047 1.7857750 2.0076830 1.8741176 1.9609572 2.2614034 2.3234379 2.3331485 2.2647938 2.2094713 2.7508028 2.1011781 1.9436624 1.5717986 2.4199555 2.8616016 3.3051195 3.2397297 2.9695376 2.9342201 3.6698055 4.8085080 4.1426657 3.7320319 5.9042074 5.0979936 4.7165878 4.5943820 4.3387798 5.3824392 5.1203294 
Aque_Aqu2.1.40006_001                                           2.2906631 1.9613116 1.8455987 2.1317998 1.8631653 1.9584853 2.0807903 2.0153595 0.0000000 0.6732883 1.2506559 1.3051026 1.6502191 2.0093183 2.0492327 2.2691782 2.1043731 2.1697879 2.0306007 2.1560119 2.1086950 1.8402402 2.4542818 2.0517740 2.1441291 2.3340037 2.3336135 2.3490262 2.3141330 2.2894821 2.6454749 2.3015915 1.8414603 1.6382100 2.1896400 2.7887849 3.4202155 3.1253268 3.0775307 3.0892147 4.1959596 4.7299168 4.3234229 4.1930968 5.9549407 4.4801902 4.6801094 3.8177710 4.6540060 4.6910863 5.6141068 
Halamb_c47752_g1_i5mm.2375                                      2.2504863 1.8920484 1.8043898 1.9354859 1.7446470 1.7346956 2.0311015 2.0590400 0.6732883 0.0000000 1.3092176 1.2642009 1.5217209 1.8150817 1.9822830 2.2525418 2.1258258 2.1642736 2.1730118 2.2685706 2.1379741 1.8726253 2.2126322 2.1018341 2.2851260 2.1993893 2.2754363 2.4131790 2.4616533 2.1178758 2.4828360 2.2744527 1.6186629 1.4288796 2.2185707 2.8685340 3.6616852 3.3522163 3.1080980 3.1199081 3.9095530 4.3587609 4.0699527 3.7627658 5.4971674 4.2585191 4.6709498 3.6799410 4.8950271 5.3078707 5.1564984 
Emue_Em0023g429a.t1                                             1.6099948 1.4797675 1.9654472 1.5162648 1.5550435 1.4911521 1.5233160 1.5741015 1.2506559 1.3092176 0.0000000 0.2343839 1.0084590 1.7207630 1.6270704 1.9704700 1.4362861 1.4691254 1.5274890 1.5823575 1.5300700 1.5466494 1.6691624 1.5372824 1.5076255 1.5799658 1.5676122 1.6785078 1.7648145 1.6199688 1.7380924 1.4714536 1.1117445 0.5648017 1.9343696 2.0372371 2.6193576 2.4624058 2.3196515 2.2836301 3.2243540 4.2539921 3.3255358 4.1087231 3.6911405 3.3544576 3.3789373 3.6497967 3.7692317 3.6722306 3.9343146 
Spolac_c98713_g1_i1_m.17864c98713-g1                            1.7194077 1.4849107 1.9998625 1.4889416 1.4722459 1.4405162 1.5468862 1.5994939 1.3051026 1.2642009 0.2343839 0.0000000 1.0895076 1.6785869 1.6052291 1.9866200 1.5888967 1.6492630 1.6937976 1.7859077 1.7325034 1.7283511 1.6501892 1.5723044 1.6112415 1.6397935 1.6846769 1.8164663 1.8612650 1.6368148 1.8583101 1.5919448 1.1932881 0.6182544 2.3143211 2.4272712 3.0532894 2.8447265 2.6561654 2.6640583 3.3653705 4.1121361 3.4059151 4.1270295 3.9189461 3.5707143 3.6602263 3.7642924 3.9349522 3.6090254 3.7687038 
Plespi_Pspi_scaffold13956_01                                    1.6917693 1.7335184 1.7114321 1.6210564 1.5848349 1.6577015 1.7452349 1.8480610 1.6502191 1.5217209 1.0084590 1.0895076 0.0000000 1.9398440 1.6306488 1.9065900 1.6911548 1.7712851 1.7947064 1.8694892 1.8377325 1.6316198 1.6706737 1.8173499 1.9277606 1.8103572 1.8493448 1.8358541 2.0133395 1.8466477 1.9898211 1.9612785 1.3706218 1.2194585 1.9293976 2.6029873 3.0413790 2.8473643 2.9070146 2.9386617 3.4612700 4.5790061 3.8332866 3.7079217 4.2463790 3.8361783 4.3594566 3.2104998 4.0086728 5.1663672 5.6317206 
Dpul_mRNA282                                                    1.7157955 1.3417764 1.5680409 1.3863357 1.5871670 1.4196538 1.6610111 1.3677079 2.0093183 1.8150817 1.7207630 1.6785869 1.9398440 0.0000000 1.7836290 2.0721229 1.7390955 1.7386414 1.7878031 1.9888250 1.8254215 1.7898641 1.9639650 1.9636676 1.9740473 2.3187480 2.0649743 2.1854271 2.2774446 1.8612314 2.5489147 2.0396571 2.1085654 1.3906612 2.4734639 2.5153443 2.7092217 2.7715307 2.4802767 2.4872230 4.0957488 4.6163296 4.1938715 4.4628441 4.9142789 4.7226728 5.0372223 3.4247477 4.2433693 4.5663832 4.5067105 
Exapal_XM_028658596.1                                           1.8566729 1.7416462 1.5804704 1.7439217 1.6423064 1.7558543 1.6473881 1.8775264 2.0492327 1.9822830 1.6270704 1.6052291 1.6306488 1.7836290 0.0000000 0.8442403 0.5946363 0.6251853 0.6976568 0.7362866 0.7052923 0.5624318 0.5722184 1.8219111 1.7368694 1.9641446 1.9093795 1.9087918 1.9313515 1.9145334 2.1381103 1.9436838 2.2865483 1.7649017 2.4457878 3.0249165 3.5713184 3.1201961 3.2544483 3.2824994 4.1723498 5.2027307 4.6183790 4.1130295 5.4574110 4.3334896 5.0466710 3.7767004 5.4464651 6.5613703 7.3707685 
Adig_XM_015903642.1                                             2.2367227 1.8471444 1.6332857 2.1363725 1.7386660 1.8573679 1.7470448 2.1711930 2.2691782 2.2525418 1.9704700 1.9866200 1.9065900 2.0721229 0.8442403 0.0000000 0.0908192 0.3979274 0.4396667 0.5394796 0.4941313 0.4857201 1.1256001 1.9416220 2.0364952 2.1450215 2.0505637 2.0264835 2.0055316 1.9807905 2.4006623 2.2140650 2.2356981 1.7289729 2.5759542 2.9305034 4.0752238 3.1932211 3.2238287 3.2511373 4.7403263 5.3884164 4.9128328 5.9166156 5.9753165 5.3925835 5.2752556 3.9296977 5.6978694 6.3772646 6.7802826 
Amil_Amillepora19856-RA                                         2.0179726 1.6208674 1.6437538 1.9704592 1.5153641 1.5941141 1.5886455 1.9032956 2.1043731 2.1258258 1.4362861 1.5888967 1.6911548 1.7390955 0.5946363 0.0908192 0.0000000 0.2669404 0.2845081 0.3470438 0.3221332 0.2977924 0.8161393 1.7508873 1.8118192 1.7305758 1.6689112 1.6508342 1.6513178 1.9920475 2.2136805 1.7915744 1.9861011 1.5799409 2.4479859 2.8478522 3.7154900 2.9095921 2.9265738 2.9523264 3.8688743 4.7256785 4.2994736 4.7099437 4.8695745 4.2399098 4.5480183 3.3656456 5.3061351 5.8111581 6.4710597 
Gfas_gfas1.m1.10220.m1                                          1.9799975 1.8313598 1.6591938 1.7712138 1.5331680 1.7799878 1.5217950 1.8227710 2.1697879 2.1642736 1.4691254 1.6492630 1.7712851 1.7386414 0.6251853 0.3979274 0.2669404 0.0000000 0.2246540 0.3426338 0.2878851 0.2415243 0.7584416 1.7999364 1.8541393 2.0166094 1.8604805 1.9008251 1.9644865 1.9599332 2.2331451 1.9886828 2.2667689 1.7365152 2.3580290 2.8505517 3.5574843 3.0637158 3.2343358 3.2629068 4.1680298 5.0535713 4.2756015 4.4209458 5.6543194 4.3861995 5.1629060 3.5480896 5.1485490 5.6941489 6.9368662 
Fspp_ffun1.m4.22324.m1                                          2.0104864 1.7712323 1.8011400 1.8544232 1.5420792 1.7943916 1.6123366 1.9215915 2.0306007 2.1730118 1.5274890 1.6937976 1.7947064 1.7878031 0.6976568 0.4396667 0.2845081 0.2246540 0.0000000 0.2621536 0.2163977 0.1451728 0.7532111 1.8242158 1.8334154 2.0395598 1.8827535 1.9377031 1.9480058 2.1120183 2.3321592 2.0810373 2.2856855 1.8362093 2.3513769 2.7779827 3.4906462 2.9877530 3.2175468 3.2456261 4.3555250 5.1419031 4.5095704 4.8190439 5.7139033 4.7247945 5.1732453 3.6652347 5.3176495 5.4065555 6.8096227 
Spis_XP_022794944_1                                             2.2127278 1.9199708 2.2990017 2.0893345 1.7157696 1.9708737 1.7825473 1.9757814 2.1560119 2.2685706 1.5823575 1.7859077 1.8694892 1.9888250 0.7362866 0.5394796 0.3470438 0.3426338 0.2621536 0.0000000 0.2078405 0.2765584 0.8258125 1.8614404 1.9198260 2.0202201 1.9586663 2.0036740 1.9869364 2.0006132 2.3893945 2.0951476 2.2555228 1.7552503 2.2710251 2.7685453 3.5812392 3.0791356 3.2087295 3.2371985 4.4030495 5.2284011 4.8599522 4.6672402 5.9670514 4.9425525 5.1810551 3.6199676 5.8182074 5.4202189 6.7008193 
Pocdam_XM_027188086.1                                           2.0633737 1.8615214 1.8627747 1.8738415 1.5829280 1.8074292 1.5977873 1.9208047 2.1086950 2.1379741 1.5300700 1.7325034 1.8377325 1.8254215 0.7052923 0.4941313 0.3221332 0.2878851 0.2163977 0.2078405 0.0000000 0.1844466 0.7980252 1.8194949 1.8358604 2.0796953 1.9392449 2.0202690 1.9849460 2.0342338 2.2910194 2.1094389 2.2494738 1.8668881 2.3451071 2.8418002 3.5135395 3.0898265 3.1779266 3.2056907 4.1407047 5.0018380 4.2250143 4.6179930 5.6948483 4.7120696 4.7634309 3.6520499 5.0563225 5.2599297 6.5185194 
Gasp_gasp1.m3.6027.m1                                           1.7658271 1.3342998 1.9385044 1.7097533 1.5952071 1.5792993 1.5365619 1.7857750 1.8402402 1.8726253 1.5466494 1.7283511 1.6316198 1.7898641 0.5624318 0.4857201 0.2977924 0.2415243 0.1451728 0.2765584 0.1844466 0.0000000 0.7376908 1.6469063 1.5966540 1.7445604 1.6038626 1.6904072 1.7026715 1.7314989 2.1833844 1.8411150 1.8435651 1.2258890 2.4055166 2.6250772 3.3859508 2.8852182 2.9983064 3.0248329 4.4234562 4.6388338 4.2718102 4.7183505 5.1734152 4.8031766 4.6565165 3.5719528 4.6960847 4.8101400 6.3749542 
Nvec_v1g117537                                                  2.2964070 1.8050364 2.6194293 1.9485635 1.8601092 1.8795973 1.7518173 2.0076830 2.4542818 2.2126322 1.6691624 1.6501892 1.6706737 1.9639650 0.5722184 1.1256001 0.8161393 0.7584416 0.7532111 0.8258125 0.7980252 0.7376908 0.0000000 1.7663330 1.8980191 2.1835537 2.0989028 2.0756689 2.0329514 2.1558605 2.2712817 2.1628286 2.0780378 1.4525891 2.9400015 3.3500026 3.4797305 3.4734190 3.5768338 3.6092830 4.5041218 4.9313859 4.5382262 4.1626591 5.8116542 5.0359823 5.4553038 4.0015938 5.8202389 5.9301855 5.9648564 
Dgig_XM_028556166.1                                             2.2489056 2.1363394 2.4125226 2.1094313 1.7900189 1.9288837 1.8979739 1.8741176 2.0517740 2.1018341 1.5372824 1.5723044 1.8173499 1.9636676 1.8219111 1.9416220 1.7508873 1.7999364 1.8242158 1.8614404 1.8194949 1.6469063 1.7663330 0.0000000 0.7695694 2.2025659 2.2310875 2.2528377 2.2686937 2.1269151 2.4611993 2.1566241 2.3231513 2.0095940 2.5775306 3.1765375 4.1043735 3.5449694 3.4976628 3.5284426 4.5568681 5.7572193 4.5326086 5.0966807 6.2495328 5.1904231 5.0404243 4.3022186 4.7324758 4.9518888 6.7883834 
Xesp_011523-T1                                                  2.0179690 2.4441492 2.6228375 2.3184487 1.7227113 2.0819045 2.0373147 1.9609572 2.1441291 2.2851260 1.5076255 1.6112415 1.9277606 1.9740473 1.7368694 2.0364952 1.8118192 1.8541393 1.8334154 1.9198260 1.8358604 1.5966540 1.8980191 0.7695694 0.0000000 2.4528516 2.4945427 2.4742653 2.4427654 2.4379601 2.6175012 2.4212580 2.4884141 2.1464756 2.5699382 3.2089057 4.2293057 3.6579952 3.6141301 3.6463889 4.2482484 5.3573582 4.6087739 4.9161279 6.1446919 5.3201421 5.4841154 3.9642237 5.1885106 5.1257847 8.0259098 
Aaur_scaffold549.g4.t1                                          2.4686243 2.2961726 2.0440521 2.3392503 2.0055156 2.1585554 2.2866348 2.2614034 2.3340037 2.1993893 1.5799658 1.6397935 1.8103572 2.3187480 1.9641446 2.1450215 1.7305758 2.0166094 2.0395598 2.0202201 2.0796953 1.7445604 2.1835537 2.2025659 2.4528516 0.0000000 0.7090850 0.6486375 0.7945485 1.6008226 1.9450384 1.7120848 2.5274547 2.1958036 2.4322505 3.0499502 4.0464671 3.4234478 3.5615176 3.6071835 3.8690619 4.5191451 4.0112320 3.9979393 5.2624629 4.1610331 3.8952459 3.7348097 4.0414696 4.7751693 5.7168107 
Nemnom_g11132.t1                                                2.3370701 2.2270856 2.0007904 2.2270227 1.8990563 1.9933270 2.2046895 2.3234379 2.3336135 2.2754363 1.5676122 1.6846769 1.8493448 2.0649743 1.9093795 2.0505637 1.6689112 1.8604805 1.8827535 1.9586663 1.9392449 1.6038626 2.0989028 2.2310875 2.4945427 0.7090850 0.0000000 0.2791902 0.9134639 1.6259038 1.8653692 1.7355564 2.4122718 2.2991075 2.2055509 2.9415119 3.4573331 3.0759560 3.0304210 3.0866177 4.0840734 4.6277970 4.2399682 4.1993940 5.0109918 4.1323827 4.3381132 3.7449775 4.3450507 5.0892448 5.3260685 
Rhoesc_Res_008355-T1                                            2.4224794 2.3046728 2.1840287 2.2344857 1.9979860 2.1359094 2.2408631 2.3331485 2.3490262 2.4131790 1.6785078 1.8164663 1.8358541 2.1854271 1.9087918 2.0264835 1.6508342 1.9008251 1.9377031 2.0036740 2.0202690 1.6904072 2.0756689 2.2528377 2.4742653 0.6486375 0.2791902 0.0000000 0.8592824 1.6598872 1.8816557 1.6987366 2.4953778 2.3607854 2.3602932 3.0086936 3.6455010 3.2079662 3.3354423 3.3974142 3.9158083 4.6328657 4.0073032 3.9635576 5.0220139 4.1160237 4.4327910 3.6596506 4.3427068 5.2426775 5.6413202 
Sanmal_Sma_001573-T1                                            2.3219085 2.2679519 2.0458827 2.3634969 1.9477922 2.1372005 2.1364092 2.2647938 2.3141330 2.4616533 1.7648145 1.8612650 2.0133395 2.2774446 1.9313515 2.0055316 1.6513178 1.9644865 1.9480058 1.9869364 1.9849460 1.7026715 2.0329514 2.2686937 2.4427654 0.7945485 0.9134639 0.8592824 0.0000000 1.6638558 2.1155453 1.6781068 2.4958646 2.0626381 2.5922779 3.0440489 3.6051467 3.1784152 3.3348885 3.3826104 3.8948437 4.1275940 4.0252564 3.7959829 4.9327320 4.2429578 4.2542277 3.9529452 4.2540457 4.8958545 5.4128167 
Morvir_scaffold61.g36.t1                                        2.3471224 2.1836337 1.6742028 1.9975644 1.9397646 2.2354959 2.3444793 2.2094713 2.2894821 2.1178758 1.6199688 1.6368148 1.8466477 1.8612314 1.9145334 1.9807905 1.9920475 1.9599332 2.1120183 2.0006132 2.0342338 1.7314989 2.1558605 2.1269151 2.4379601 1.6008226 1.6259038 1.6598872 1.6638558 0.0000000 1.7922264 1.8246146 2.7654510 2.6635704 2.6061050 3.2855597 2.9817174 2.7710162 2.8286510 2.8483103 3.6490438 4.5221015 4.1692721 3.9957680 5.2301256 3.7956669 4.5767947 3.7849998 5.1095886 5.6691549 5.5184556 
Hvul_g13242_1                                                   2.3818819 2.4536545 1.9998517 2.3073239 2.3457091 2.3076827 2.5278831 2.7508028 2.6454749 2.4828360 1.7380924 1.8583101 1.9898211 2.5489147 2.1381103 2.4006623 2.2136805 2.2331451 2.3321592 2.3893945 2.2910194 2.1833844 2.2712817 2.4611993 2.6175012 1.9450384 1.8653692 1.8816557 2.1155453 1.7922264 0.0000000 1.3927840 2.6466105 2.4655694 2.7322041 3.2205460 3.8134918 3.5792612 3.5072881 3.5808056 3.9430550 4.6256688 4.0799659 4.0691968 4.8165014 4.3101937 4.1554846 3.7701398 4.7950614 4.9564845 4.9547961 
Chem_TCONS_00061181                                             2.2095852 2.1128304 1.7453042 2.1007117 1.8895483 2.0334930 2.2762294 2.1011781 2.3015915 2.2744527 1.4714536 1.5919448 1.9612785 2.0396571 1.9436838 2.2140650 1.7915744 1.9886828 2.0810373 2.0951476 2.1094389 1.8411150 2.1628286 2.1566241 2.4212580 1.7120848 1.7355564 1.6987366 1.6781068 1.8246146 1.3927840 0.0000000 2.5988343 2.1542235 2.4416027 3.0812826 4.0856585 3.7794510 3.7314835 3.6786968 4.1165165 4.6793272 4.0953368 3.7513423 5.3381767 4.2947421 4.5838835 3.3839696 4.5265115 5.0697305 5.5848583 
Tetwil_g21184.t1                                                2.2248634 1.9606314 2.7002796 2.0021665 1.7028418 2.0723594 2.0596484 1.9436624 1.8414603 1.6186629 1.1117445 1.1932881 1.3706218 2.1085654 2.2865483 2.2356981 1.9861011 2.2667689 2.2856855 2.2555228 2.2494738 1.8435651 2.0780378 2.3231513 2.4884141 2.5274547 2.4122718 2.4953778 2.4958646 2.7654510 2.6466105 2.5988343 0.0000000 0.8150858 2.3585052 2.9717558 3.2608098 3.2792967 3.0421712 3.0752600 3.7570260 4.4075268 4.0992631 3.5445153 5.4646427 4.2970784 4.6801829 3.6018112 5.6838493 5.0844504 5.5675991 
Stycar_snap_masked-SC_scaffold131976-processed-gene-0.10-mRNA-1 1.6779199 1.6183712 1.2043953 1.5801403 1.2030470 1.4737973 1.6250472 1.5717986 1.6382100 1.4288796 0.5648017 0.6182544 1.2194585 1.3906612 1.7649017 1.7289729 1.5799409 1.7365152 1.8362093 1.7552503 1.8668881 1.2258890 1.4525891 2.0095940 2.1464756 2.1958036 2.2991075 2.3607854 2.0626381 2.6635704 2.4655694 2.1542235 0.8150858 0.0000000 1.8958903 2.4925763 2.9324769 3.0272083 2.7591819 2.7933461 3.7098967 4.4539418 4.3546933 3.7841722 5.8919031 4.8402610 5.1902440 3.1877245 6.1978123 6.1903766 5.3280308 
Tadh_TriadT24973                                                2.5687279 2.0540302 2.0856948 2.0709489 2.3214131 2.2977159 2.2456537 2.4199555 2.1896400 2.2185707 1.9343696 2.3143211 1.9293976 2.4734639 2.4457878 2.5759542 2.4479859 2.3580290 2.3513769 2.2710251 2.3451071 2.4055166 2.9400015 2.5775306 2.5699382 2.4322505 2.2055509 2.3602932 2.5922779 2.6061050 2.7322041 2.4416027 2.3585052 1.8958903 0.0000000 0.0061651 0.7979065 0.7316434 0.7884889 0.7778147 3.7267835 4.4198478 4.2030514 4.2766085 5.1775496 4.6550788 4.7371063 3.3857822 4.4417526 4.4162329 3.9615334 
TrH2_TrispH2_005889-RA                                          3.1495203 2.6223937 2.1712706 2.6560822 2.5512058 2.7098830 2.8376391 2.8616016 2.7887849 2.8685340 2.0372371 2.4272712 2.6029873 2.5153443 3.0249165 2.9305034 2.8478522 2.8505517 2.7779827 2.7685453 2.8418002 2.6250772 3.3500026 3.1765375 3.2089057 3.0499502 2.9415119 3.0086936 3.0440489 3.2855597 3.2205460 3.0812826 2.9717558 2.4925763 0.0061651 0.0000000 0.9096562 0.8309548 0.8342214 0.8334299 3.6991742 5.0670784 4.6067258 4.3181044 5.6347761 4.6415397 4.8843904 3.4883457 5.0633745 5.2122813 5.1808218 
HoiH06_mRNA6060                                                 3.7685302 3.2224400 3.0367807 3.1173030 3.0528186 3.3108459 3.5261049 3.3051195 3.4202155 3.6616852 2.6193576 3.0532894 3.0413790 2.7092217 3.5713184 4.0752238 3.7154900 3.5574843 3.4906462 3.5812392 3.5135395 3.3859508 3.4797305 4.1043735 4.2293057 4.0464671 3.4573331 3.6455010 3.6051467 2.9817174 3.8134918 4.0856585 3.2608098 2.9324769 0.7979065 0.9096562 0.0000000 0.1091318 0.2640758 0.2656598 3.3151745 5.6217009 5.2576033 3.8957824 5.7808198 4.8235239 5.4125805 2.9376583 5.3630795 5.2342472 5.9489155 
HoiH23_PlH23_008278-RA                                          3.4972373 3.0297933 2.6104963 3.1628557 2.8939989 2.9279275 3.2762858 3.2397297 3.1253268 3.3522163 2.4624058 2.8447265 2.8473643 2.7715307 3.1201961 3.1932211 2.9095921 3.0637158 2.9877530 3.0791356 3.0898265 2.8852182 3.4734190 3.5449694 3.6579952 3.4234478 3.0759560 3.2079662 3.1784152 2.7710162 3.5792612 3.7794510 3.2792967 3.0272083 0.7316434 0.8309548 0.1091318 0.0000000 0.2802414 0.2881699 3.3675859 5.8294503 4.9333620 3.9306605 5.5136841 4.5837540 5.0336532 3.2498780 5.2192579 5.2847359 6.0024083 
Hhon_g07550.t1                                                  3.4333825 3.0902328 2.6497507 2.8677379 2.6505830 2.9529973 2.9909886 2.9695376 3.0775307 3.1080980 2.3196515 2.6561654 2.9070146 2.4802767 3.2544483 3.2238287 2.9265738 3.2343358 3.2175468 3.2087295 3.1779266 2.9983064 3.5768338 3.4976628 3.6141301 3.5615176 3.0304210 3.3354423 3.3348885 2.8286510 3.5072881 3.7314835 3.0421712 2.7591819 0.7884889 0.8342214 0.2640758 0.2802414 0.0000000 0.0065113 3.6091912 4.9877091 4.6568222 3.8153177 5.0366292 4.3792734 4.9972800 3.1562699 5.3568888 4.9552356 5.8193652 
HoiH04_mRNA2805                                                 3.4482876 3.0907089 2.6497507 2.8840389 2.6729083 2.9548660 3.0024650 2.9342201 3.0892147 3.1199081 2.2836301 2.6640583 2.9386617 2.4872230 3.2824994 3.2511373 2.9523264 3.2629068 3.2456261 3.2371985 3.2056907 3.0248329 3.6092830 3.5284426 3.6463889 3.6071835 3.0866177 3.3974142 3.3826104 2.8483103 3.5808056 3.6786968 3.0752600 2.7933461 0.7778147 0.8334299 0.2656598 0.2881699 0.0065113 0.0000000 3.6406186 5.0966623 4.7220479 3.9622561 5.0800170 4.4860484 5.0724056 3.1947767 5.3934037 5.0110859 5.9483449 
Mlei_ML0032.g68.i1                                              4.1504311 3.5136184 3.6353130 3.2953520 3.5906283 3.6951512 3.9354315 3.6698055 4.1959596 3.9095530 3.2243540 3.3653705 3.4612700 4.0957488 4.1723498 4.7403263 3.8688743 4.1680298 4.3555250 4.4030495 4.1407047 4.4234562 4.5041218 4.5568681 4.2482484 3.8690619 4.0840734 3.9158083 3.8948437 3.6490438 3.9430550 4.1165165 3.7570260 3.7098967 3.7267835 3.6991742 3.3151745 3.3675859 3.6091912 3.6406186 0.0000000 0.6976239 0.8088265 0.6270484 0.7951098 0.6900642 0.6836374 1.6375796 1.7482673 1.4144177 1.0130451 
Bolinf_Binf_sb1267097                                           5.5233303 4.2929539 4.0681728 4.7933756 5.0664749 4.6540935 4.7100703 4.8085080 4.7299168 4.3587609 4.2539921 4.1121361 4.5790061 4.6163296 5.2027307 5.3884164 4.7256785 5.0535713 5.1419031 5.2284011 5.0018380 4.6388338 4.9313859 5.7572193 5.3573582 4.5191451 4.6277970 4.6328657 4.1275940 4.5221015 4.6256688 4.6793272 4.4075268 4.4539418 4.4198478 5.0670784 5.6217009 5.8294503 4.9877091 5.0966623 0.6976239 0.0000000 0.0037968 0.6776173 1.3892428 0.8697868 1.1782961 1.7918143 2.1486205 2.0443293 1.4879700 
Mertsp_Mesp_sb585512                                            4.6165172 3.8094713 3.5157040 4.0493409 4.1701674 3.8552331 3.9919172 4.1426657 4.3234229 4.0699527 3.3255358 3.4059151 3.8332866 4.1938715 4.6183790 4.9128328 4.2994736 4.2756015 4.5095704 4.8599522 4.2250143 4.2718102 4.5382262 4.5326086 4.6087739 4.0112320 4.2399682 4.0073032 4.0252564 4.1692721 4.0799659 4.0953368 4.0992631 4.3546933 4.2030514 4.6067258 5.2576033 4.9333620 4.6568222 4.7220479 0.8088265 0.0037968 0.0000000 0.6867175 1.2798111 0.9323846 1.0614858 1.8023169 1.9220726 1.9771454 1.4750769 
Drygla_Dgla_sb291784                                            4.6842242 3.5032410 3.4724547 3.8250028 4.4165337 4.5735547 4.1834791 3.7320319 4.1930968 3.7627658 4.1087231 4.1270295 3.7079217 4.4628441 4.1130295 5.9166156 4.7099437 4.4209458 4.8190439 4.6672402 4.6179930 4.7183505 4.1626591 5.0966807 4.9161279 3.9979393 4.1993940 3.9635576 3.7959829 3.9957680 4.0691968 3.7513423 3.5445153 3.7841722 4.2766085 4.3181044 3.8957824 3.9306605 3.8153177 3.9622561 0.6270484 0.6776173 0.6867175 0.0000000 0.8458984 0.7872354 0.6570497 1.5394389 1.4579579 1.2971608 1.0025599 
Pbac_sb2656716                                                  6.1196769 5.8133462 4.5820838 5.2796177 4.8331110 4.7006608 5.2394270 5.9042074 5.9549407 5.4971674 3.6911405 3.9189461 4.2463790 4.9142789 5.4574110 5.9753165 4.8695745 5.6543194 5.7139033 5.9670514 5.6948483 5.1734152 5.8116542 6.2495328 6.1446919 5.2624629 5.0109918 5.0220139 4.9327320 5.2301256 4.8165014 5.3381767 5.4646427 5.8919031 5.1775496 5.6347761 5.7808198 5.5136841 5.0366292 5.0800170 0.7951098 1.3892428 1.2798111 0.8458984 0.0000000 0.1341943 1.2121326 2.0170358 2.4902002 2.6504579 2.7866328 
Horcal_Hcv1.av93.c11.g214.i1                                    5.0320629 4.4737179 4.0052429 4.5536794 4.2142333 4.1228400 4.4505495 5.0979936 4.4801902 4.2585191 3.3544576 3.5707143 3.8361783 4.7226728 4.3334896 5.3925835 4.2399098 4.3861995 4.7247945 4.9425525 4.7120696 4.8031766 5.0359823 5.1904231 5.3201421 4.1610331 4.1323827 4.1160237 4.2429578 3.7956669 4.3101937 4.2947421 4.2970784 4.8402610 4.6550788 4.6415397 4.8235239 4.5837540 4.3792734 4.4860484 0.6900642 0.8697868 0.9323846 0.7872354 0.1341943 0.0000000 0.8509526 1.7959341 1.8772632 1.4455542 1.4318381 
Beraby_Baby_sb341902                                            5.3654823 4.8664366 4.4680594 4.9520204 4.4538566 4.4083775 4.7868219 4.7165878 4.6801094 4.6709498 3.3789373 3.6602263 4.3594566 5.0372223 5.0466710 5.2752556 4.5480183 5.1629060 5.1732453 5.1810551 4.7634309 4.6565165 5.4553038 5.0404243 5.4841154 3.8952459 4.3381132 4.4327910 4.2542277 4.5767947 4.1554846 4.5838835 4.6801829 5.1902440 4.7371063 4.8843904 5.4125805 5.0336532 4.9972800 5.0724056 0.6836374 1.1782961 1.0614858 0.6570497 1.2121326 0.8509526 0.0000000 1.6666045 1.9881781 1.9972682 1.7159934 
Eupdun_Edun_sb10631976                                          4.3692878 3.8478325 4.2425397 3.8835102 4.0489166 3.5690166 3.7877960 4.5943820 3.8177710 3.6799410 3.6497967 3.7642924 3.2104998 3.4247477 3.7767004 3.9296977 3.3656456 3.5480896 3.6652347 3.6199676 3.6520499 3.5719528 4.0015938 4.3022186 3.9642237 3.7348097 3.7449775 3.6596506 3.9529452 3.7849998 3.7701398 3.3839696 3.6018112 3.1877245 3.3857822 3.4883457 2.9376583 3.2498780 3.1562699 3.1947767 1.6375796 1.7918143 1.8023169 1.5394389 2.0170358 1.7959341 1.6666045 0.0000000 2.2182842 2.0772251 1.9472816 
Vmul_Simscaffold8070_01                                         5.1945648 4.4201385 3.8193882 4.7904262 4.4786641 4.2289531 4.5925119 4.3387798 4.6540060 4.8950271 3.7692317 3.9349522 4.0086728 4.2433693 5.4464651 5.6978694 5.3061351 5.1485490 5.3176495 5.8182074 5.0563225 4.6960847 5.8202389 4.7324758 5.1885106 4.0414696 4.3450507 4.3427068 4.2540457 5.1095886 4.7950614 4.5265115 5.6838493 6.1978123 4.4417526 5.0633745 5.3630795 5.2192579 5.3568888 5.3934037 1.7482673 2.1486205 1.9220726 1.4579579 2.4902002 1.8772632 1.9881781 2.2182842 0.0000000 1.7490208 2.6027771 
Coemet_Cmet_scaffold7767_01                                     5.0063169 4.6923057 3.0217610 5.3062463 4.3854245 4.5552566 5.0343853 5.3824392 4.6910863 5.3078707 3.6722306 3.6090254 5.1663672 4.5663832 6.5613703 6.3772646 5.8111581 5.6941489 5.4065555 5.4202189 5.2599297 4.8101400 5.9301855 4.9518888 5.1257847 4.7751693 5.0892448 5.2426775 4.8958545 5.6691549 4.9564845 5.0697305 5.0844504 6.1903766 4.4162329 5.2122813 5.2342472 5.2847359 4.9552356 5.0110859 1.4144177 2.0443293 1.9771454 1.2971608 2.6504579 1.4455542 1.9972682 2.0772251 1.7490208 0.0000000 2.1076187 
Lampan_Lpan_9000_01                                             6.9038593 5.3515729 6.9791747 5.4044031 4.7143619 5.4107420 4.7422194 5.1203294 5.6141068 5.1564984 3.9343146 3.7687038 5.6317206 4.5067105 7.3707685 6.7802826 6.4710597 6.9368662 6.8096227 6.7008193 6.5185194 6.3749542 5.9648564 6.7883834 8.0259098 5.7168107 5.3260685 5.6413202 5.4128167 5.5184556 4.9547961 5.5848583 5.5675991 5.3280308 3.9615334 5.1808218 5.9489155 6.0024083 5.8193652 5.9483449 1.0130451 1.4879700 1.4750769 1.0025599 2.7866328 1.4318381 1.7159934 1.9472816 2.6027771 2.1076187 0.0000000 
