55
Hsap_ENST00000292363                                   0.0000000 1.2296381 1.2811219 0.8702735 1.5187436 1.5255443 1.4780562 1.6316157 1.6198347 1.6092414 1.2284642 2.0297787 1.7272841 1.7904961 1.5607883 1.5358202 1.6142227 1.4154909 1.4729622 1.4863483 1.4989767 1.9065320 1.6329661 1.3699157 2.2371648 2.2312946 2.6923154 2.4499379 2.2620325 2.2711546 1.8986313 2.3312189 2.2911110 2.2953013 2.2861136 2.3547516 1.7991567 1.7015356 2.0195816 2.8557500 2.6281812 2.5894273 1.7263482 2.6526113 2.2828333 2.3619726 2.7994562 2.4969793 2.2852691 2.5152776 2.3738317 1.9457472 1.7805426 3.3509137 2.2584108 
Bralan_BLAG02001263_1                                  1.2296381 0.0000000 0.8670974 0.9134041 1.4831289 1.5831738 1.5954581 1.4422249 1.5338785 1.3702116 1.3461919 1.6515763 1.3871761 1.2347319 1.2952551 1.3049338 1.2288501 1.3544310 1.1885525 1.2187515 1.2987760 1.5787472 1.1489888 1.0131985 1.8757024 1.6722280 2.1710531 2.1447574 1.9587129 1.9911047 1.5966057 1.9072601 2.3559879 2.2533986 1.9664516 1.9980652 1.4530293 1.4765667 1.6765930 2.3360114 2.0546502 2.3391505 1.4663273 2.2394702 1.6884800 1.7541684 2.1078493 1.8040269 1.6893485 1.9873214 1.8345901 1.6131721 1.4654344 2.6924555 2.5891567 
Skow_XM_006818809.1                                    1.2811219 0.8670974 0.0000000 0.9082233 1.2721582 1.5617055 1.5986641 1.3835311 1.4064641 1.4473093 1.1338164 1.7195167 1.1834952 1.1227551 1.2690290 1.2721711 1.1844345 1.2651825 1.1096704 1.1013123 1.1845128 1.7710266 0.9664669 0.9612660 1.9496964 1.8026951 1.8396137 1.7850900 1.9298157 1.9486875 1.5204783 1.7865916 2.2241170 1.9678228 1.9504824 1.8631344 1.3549268 1.3996718 1.7128684 2.2261210 2.2033979 1.9135917 1.4638017 2.2708073 1.7807468 1.9328760 2.4172892 2.0466257 1.9552379 2.2720169 1.9865302 1.3290627 1.7919100 2.0939166 2.2081015 
Aaur_scaffold243.g14.t1                                0.8702735 0.9134041 0.9082233 0.0000000 0.4758631 0.4584219 0.4535244 0.5545154 0.8091646 1.0295834 1.1981750 0.9456058 1.0304903 1.1179906 1.0400728 1.0747998 1.0944374 1.0121654 0.9325004 0.9751402 1.0870724 0.9937896 1.3034789 1.2854434 1.1094883 1.0284259 1.2624538 1.3005472 1.2073289 1.1710821 1.3534812 1.3534812 1.3027380 1.4260237 1.1817620 1.1831697 1.1268908 1.1626622 1.5217361 1.5422072 1.6030767 1.4151420 1.1796086 1.6374800 1.5773124 1.5773124 1.5712305 1.6103735 1.5496362 1.5496362 1.5230568 1.2580225 1.1214405 0.0000010 1.7139441 
Sanmal_Sma_013956-T1                                   1.5187436 1.4831289 1.2721582 0.4758631 0.0000000 1.1752245 1.1922347 1.0625973 1.6311571 1.4759434 0.9937488 1.4629551 1.4596544 1.4791220 1.4923778 1.5051851 1.4340576 1.7245092 1.5225610 1.4586055 1.5505925 1.4714526 1.6390993 1.5179900 2.0472968 2.1835840 2.0805554 2.4091532 2.1350575 2.1754271 1.5680824 2.2090734 2.2803548 2.3731134 1.9802124 1.9905017 1.7968937 1.8059463 1.9081830 2.3420383 2.4577939 2.3070631 1.8459652 2.2985089 1.6433527 1.8013646 2.1920899 1.8772065 1.8343661 2.1514846 1.9030640 1.5931521 2.2030146 3.2363579 2.7208701 
Nemnom_g3502.t1                                        1.5255443 1.5831738 1.5617055 0.4584219 1.1752245 0.0000000 0.1982762 1.4216888 1.7385757 1.5476327 1.3228360 1.9419701 1.8126031 1.8166264 1.6442339 1.6120136 1.6745036 1.8166704 1.6081861 1.5967268 1.6292030 1.8919825 1.9958471 1.7438128 1.9572695 2.1141463 2.3721019 2.4768430 2.0927180 2.0757328 1.5983444 2.2786864 2.5015167 2.3947500 2.3500973 1.9957048 1.8912265 2.0507065 2.0699420 2.3007095 2.5199081 2.5859173 2.1023299 2.5939552 2.0928459 2.2439012 2.7181158 2.3772305 2.3897332 2.8057096 2.3591451 2.1038469 2.2808939 3.5964254 3.0746067 
Rhoesc_Res_009530-T1                                   1.4780562 1.5954581 1.5986641 0.4535244 1.1922347 0.1982762 0.0000000 1.4506853 1.7933521 1.4515208 1.2955009 1.8761894 1.9229997 1.7497715 1.6161647 1.5878415 1.6578043 1.7235045 1.5619645 1.6357647 1.6936556 1.8240011 1.8983727 1.7096945 2.0443668 2.1306231 2.2309443 2.4938210 2.1075979 2.0685493 1.4694195 2.2150032 2.5476803 2.4172884 2.3646012 2.0996125 1.7711055 1.9857847 2.0419405 2.4032142 2.5098206 2.5771186 1.9458066 2.5238688 2.2005541 2.3558354 2.9894113 2.5010440 2.5066341 2.9469666 2.5489334 2.1925456 2.3530868 3.7054515 3.3043635 
Morvir_scaffold67.g11.t1                               1.6316157 1.4422249 1.3835311 0.5545154 1.0625973 1.4216888 1.4506853 0.0000000 1.6346027 1.5826696 1.1585327 1.3950869 1.7562611 1.6872805 1.5761789 1.5789353 1.6084578 1.6540300 1.5661035 1.7629431 1.7828520 1.3661616 1.8465183 1.6178076 2.2068680 1.8476117 2.2089424 2.1536493 2.0458239 2.0680328 1.6647408 2.1981144 2.0579168 2.0514507 1.9262656 1.8095264 1.7981272 1.8801580 1.8766635 2.7156800 2.8301541 2.5847789 2.0766492 2.5818596 1.9041384 1.9717780 2.1606405 2.0572389 2.0652442 2.0702017 1.9677972 2.1885593 1.9385526 3.8743333 2.4037194 
Dgig_XM_028543273.1                                    1.6198347 1.5338785 1.4064641 0.8091646 1.6311571 1.7385757 1.7933521 1.6346027 0.0000000 0.6905507 1.0620787 2.0540376 1.3920265 1.4532130 1.3338718 1.3375608 1.4857499 1.5139900 1.2738366 1.3313182 1.4368686 1.7921689 1.4664277 1.7486681 1.8917392 1.9604175 1.9013985 2.0612027 1.7249258 1.7473393 1.9219999 2.2303038 2.3259485 2.0574353 1.9505397 1.6593707 1.7243709 1.8572781 2.0182446 2.3221908 2.5373878 2.4212635 1.7819631 2.5182251 1.8543085 2.1238780 2.4887634 2.2535328 2.2312877 2.3795540 2.2442626 1.9855493 1.7556941 3.0947023 2.5307911 
Xesp_002271-T1                                         1.6092414 1.3702116 1.4473093 1.0295834 1.4759434 1.5476327 1.4515208 1.5826696 0.6905507 0.0000000 1.1542634 1.9866768 1.4048880 1.2743542 1.4180986 1.4199985 1.3823080 1.5267664 1.3477102 1.4651238 1.5783510 1.6945587 1.5748659 1.6986188 1.7819548 1.6937906 1.8537632 1.7949308 1.8016742 1.8180330 1.5767151 1.6843806 2.3941709 2.0052171 1.9689728 1.7239662 1.5567049 1.9828577 1.9611665 2.5825787 2.7216173 2.1364548 1.5477376 2.4521530 2.0160673 2.1384562 2.4617178 2.2103311 2.2299590 2.4228843 2.4201027 2.0977064 1.9182800 2.8041381 2.7029031 
Tetwil_g4611.t1                                        1.2284642 1.3461919 1.1338164 1.1981750 0.9937488 1.3228360 1.2955009 1.1585327 1.0620787 1.1542634 0.0000000 1.6041454 1.2357834 1.1995580 1.3934686 1.4246391 1.2894020 1.2900902 1.3315122 1.4509263 1.5741700 1.2842906 1.4520980 1.3166569 1.6438414 1.5005798 1.5452635 1.5776902 1.4915094 1.4628913 1.4886877 1.4886877 1.0486543 1.2132165 1.1727057 1.1647931 1.4472568 1.4732575 1.4802097 2.0645053 1.9504935 1.9478681 1.8562688 1.9453419 1.4591708 1.4591708 1.6654418 1.6684940 1.6291570 1.6291570 1.6355410 1.7043674 1.7251356 1.3557685 0.5758126 
Hvul_g25558_1                                          2.0297787 1.6515763 1.7195167 0.9456058 1.4629551 1.9419701 1.8761894 1.3950869 2.0540376 1.9866768 1.6041454 0.0000000 2.0121146 2.1657626 1.9720298 1.9451612 1.8736641 1.9017641 1.7893192 1.7858178 1.8478803 1.5191929 1.7451616 1.7857162 2.1369796 2.2786026 2.2678863 2.3331049 2.3532112 2.4009558 1.7269187 2.4647429 2.6579376 2.6706686 2.7030286 2.8391604 1.9359773 1.9555336 2.3578575 2.8659926 2.9852180 3.1067859 2.2298554 3.0707576 1.9674653 1.9894037 2.1331597 2.0935121 2.0703781 2.2409031 2.1056270 2.4125983 2.0102723 3.8160199 2.9311058 
Exapal_XM_021047493.2                                  1.7272841 1.3871761 1.1834952 1.0304903 1.4596544 1.8126031 1.9229997 1.7562611 1.3920265 1.4048880 1.2357834 2.0121146 0.0000000 0.7799262 0.9395258 0.9413611 0.8865967 1.0702153 0.8163524 0.9525412 1.0133969 1.8773430 1.3663036 1.2326698 1.8443585 1.9761243 1.8786097 1.9844704 2.0758465 2.0665943 1.4296561 2.0894559 2.5491728 2.5804435 1.9312468 1.8281474 1.9831348 2.0281087 1.9248215 2.5923980 2.6277129 2.4678857 2.0372496 2.7551373 1.8016614 2.0005810 2.3971954 2.1358605 2.0941724 2.3539017 2.2102102 1.7247775 2.0469673 2.8179988 2.6319179 
Nvec_v1g134883                                         1.7904961 1.2347319 1.1227551 1.1179906 1.4791220 1.8166264 1.7497715 1.6872805 1.4532130 1.2743542 1.1995580 2.1657626 0.7799262 0.0000000 0.9893979 0.9896881 0.8513709 0.8600441 0.8048890 0.9183498 0.9665660 1.7881848 1.2955724 1.2897408 2.2103794 2.0006773 2.0731600 2.1567346 1.9517185 1.9849574 1.3541774 1.8433571 2.8609517 2.4773026 2.0239073 1.8782072 1.8242231 1.8684096 1.7946368 2.8339345 2.4955724 2.5633096 2.0450923 2.7314411 1.9802077 2.1030803 2.6929930 2.0736021 2.0715602 2.5329504 2.2876145 1.8346029 2.2899087 2.7663745 2.5994900 
Adig_XM_015898535.1                                    1.5607883 1.2952551 1.2690290 1.0400728 1.4923778 1.6442339 1.6161647 1.5761789 1.3338718 1.4180986 1.3934686 1.9720298 0.9395258 0.9893979 0.0000000 0.0042980 0.2503775 0.4649203 0.3444714 0.4313122 0.4060760 1.6208790 1.4451260 1.4942576 1.9603056 1.9444911 2.0569235 2.0708268 1.8419689 1.8757617 1.5820499 1.8300332 2.2945124 2.4659136 1.8890978 1.6478561 1.9277945 1.8878226 1.7049061 2.5168078 2.6637089 2.2912050 1.8339602 2.6177436 1.6506116 1.7607456 2.2342647 1.9271957 1.9307154 2.2509231 1.9368655 1.7792312 2.1907472 2.4534142 2.6656279 
Amil_Amillepora02579-RA                                1.5358202 1.3049338 1.2721711 1.0747998 1.5051851 1.6120136 1.5878415 1.5789353 1.3375608 1.4199985 1.4246391 1.9451612 0.9413611 0.9896881 0.0042980 0.0000000 0.2573922 0.4486079 0.3409160 0.4407438 0.4153080 1.5894959 1.4492303 1.4986752 1.9709606 1.9495127 2.0625217 2.0494032 1.8475019 1.8814800 1.5504313 1.8067092 2.2931174 2.4933774 1.8470169 1.6319426 1.9244717 1.8968540 1.7365810 2.4938908 2.6735090 2.2573308 1.8036503 2.5856946 1.6566017 1.7668939 2.2442562 1.9439675 1.9379290 2.2603766 1.9538522 1.7852551 2.1972544 2.4554015 2.6826223 
Gfas_gfas1.m1.1128.m1                                  1.6142227 1.2288501 1.1844345 1.0944374 1.4340576 1.6745036 1.6578043 1.6084578 1.4857499 1.3823080 1.2894020 1.8736641 0.8865967 0.8513709 0.2503775 0.2573922 0.0000000 0.3613306 0.2641298 0.3443122 0.4039463 1.6017235 1.3774251 1.3394305 2.0412456 1.9989267 2.0203340 2.2223966 1.9133298 1.9542496 1.4484953 1.7284507 2.3503915 2.4116882 1.9732575 1.7226814 1.9825217 1.9775698 1.6573517 2.7245295 2.7906938 2.4604407 1.8471744 2.7401604 1.8778920 2.0131446 2.3397651 2.0468542 2.0682047 2.3387823 2.1172928 1.7776520 2.0737794 2.5811522 2.9825467 
Fspp_ffun1.m4.5790.m1                                  1.4154909 1.3544310 1.2651825 1.0121654 1.7245092 1.8166704 1.7235045 1.6540300 1.5139900 1.5267664 1.2900902 1.9017641 1.0702153 0.8600441 0.4649203 0.4486079 0.3613306 0.0000000 0.2237530 0.4531541 0.4734005 1.6771238 1.6012278 1.5230510 2.0203342 1.9609210 2.1373918 1.9096358 1.8736331 1.9323427 1.3591578 1.9269346 2.3456461 2.3258458 1.9630499 1.8795875 1.6765552 2.0739150 1.9451469 2.8527018 2.8821920 2.3789767 1.9982907 2.4448596 1.9740590 2.1584661 2.2835393 2.3687212 2.3404842 2.3938044 2.3892936 1.9773405 1.7932599 2.9017610 3.0231490 
Gasp_gasp1.m3.5764.m1                                  1.4729622 1.1885525 1.1096704 0.9325004 1.5225610 1.6081861 1.5619645 1.5661035 1.2738366 1.3477102 1.3315122 1.7893192 0.8163524 0.8048890 0.3444714 0.3409160 0.2641298 0.2237530 0.0000000 0.3178419 0.3143828 1.5805271 1.3696003 1.4462847 2.0963508 2.0561918 2.1072866 2.1587282 1.8023791 1.8518854 1.5121396 1.8528604 2.2199005 2.3564705 1.7864945 1.5989987 1.8501732 2.0662403 1.6288894 2.5456183 2.6497366 2.2345223 1.8430141 2.3736491 1.8165304 1.9827454 2.3927645 2.0875154 2.1046653 2.4234672 2.1596994 1.8447134 1.9649858 2.8434181 2.6400078 
Spis_XP_022789434_1                                    1.4863483 1.2187515 1.1013123 0.9751402 1.4586055 1.5967268 1.6357647 1.7629431 1.3313182 1.4651238 1.4509263 1.7858178 0.9525412 0.9183498 0.4313122 0.4407438 0.3443122 0.4531541 0.3178419 0.0000000 0.0709938 1.5998510 1.3041292 1.3758360 1.9638039 1.9626196 2.1446252 2.2096371 1.9372876 2.0235875 1.6490248 1.9023988 2.4289356 2.3554286 1.9762110 1.7606207 1.8684281 2.0022988 1.7278800 2.5628546 2.7341551 2.2670972 1.9121874 2.6242335 1.7314712 1.8759640 2.2527729 1.9523860 1.9391558 2.2702947 2.0693429 1.6889433 2.0019964 2.6532397 2.9187319 
Pocdam_XM_027188914.1                                  1.4989767 1.2987760 1.1845128 1.0870724 1.5505925 1.6292030 1.6936556 1.7828520 1.4368686 1.5783510 1.5741700 1.8478803 1.0133969 0.9665660 0.4060760 0.4153080 0.4039463 0.4734005 0.3143828 0.0709938 0.0000000 1.6532141 1.4088632 1.4704319 2.0069452 2.1396552 2.2527679 2.4592872 1.9952707 2.0230625 1.7901189 1.9743227 2.5313626 2.5522773 1.9758992 1.7549678 1.9290383 1.9794492 1.7954211 2.6882049 2.9455977 2.3975099 2.0039638 2.8469939 1.8397865 1.9688545 2.3998094 2.0562358 2.0465796 2.4241851 2.1518662 1.6975327 2.1913440 2.5301687 2.8704390 
Chem_TCONS_00047431                                    1.9065320 1.5787472 1.7710266 0.9937896 1.4714526 1.8919825 1.8240011 1.3661616 1.7921689 1.6945587 1.2842906 1.5191929 1.8773430 1.7881848 1.6208790 1.5894959 1.6017235 1.6771238 1.5805271 1.5998510 1.6532141 0.0000000 1.7089461 1.7913588 1.9927943 1.7026017 2.0470664 1.8864110 2.0394013 2.0392409 1.4520116 2.1908953 2.3838245 2.6236617 1.9053626 1.9739998 1.6350513 1.9930282 1.7539062 2.4332892 3.0169883 2.5365130 1.9670142 2.7145896 1.7220398 1.9212049 2.5365633 2.0978735 2.0488745 2.3967261 2.0360109 2.0038039 2.1918516 3.1555002 2.6508169 
Cgig_XM_011430450.3                                    1.6329661 1.1489888 0.9664669 1.3034789 1.6390993 1.9958471 1.8983727 1.8465183 1.4664277 1.5748659 1.4520980 1.7451616 1.3663036 1.2955724 1.4451260 1.4492303 1.3774251 1.6012278 1.3696003 1.3041292 1.4088632 1.7089461 0.0000000 1.0330837 1.8832886 1.8405799 2.1682032 2.0697132 1.8102403 1.8014016 1.6658045 2.1105840 2.2259182 2.1730871 2.1777717 1.8496272 1.3292124 1.8227623 1.6543557 2.4581921 2.4866299 2.0990629 1.6182777 2.5273818 2.0642175 2.1430150 2.5851156 2.2865286 2.0796090 2.4606923 2.2493525 1.7886768 1.8817115 2.7537512 2.6488630 
Acagra_model.g9678.t1                                  1.3699157 1.0131985 0.9612660 1.2854434 1.5179900 1.7438128 1.7096945 1.6178076 1.7486681 1.6986188 1.3166569 1.7857162 1.2326698 1.2897408 1.4942576 1.4986752 1.3394305 1.5230510 1.4462847 1.3758360 1.4704319 1.7913588 1.0330837 0.0000000 2.1765391 2.1822070 2.0439049 2.1870612 2.1074573 2.1650971 1.6023409 2.1255147 2.2112303 1.9573980 2.1556365 1.9768011 1.4755404 1.5690330 1.5064199 2.7776528 2.2715791 1.9691125 1.2836541 2.5890497 2.0448940 2.0636479 2.2629125 1.9657727 1.9692994 2.2655283 2.0297445 1.6650044 1.7371136 3.0619565 2.4065940 
Mlei_ML2395.g22.i1                                     2.2371648 1.8757024 1.9496964 1.1094883 2.0472968 1.9572695 2.0443668 2.2068680 1.8917392 1.7819548 1.6438414 2.1369796 1.8443585 2.2103794 1.9603056 1.9709606 2.0412456 2.0203342 2.0963508 1.9638039 2.0069452 1.9927943 1.8832886 2.1765391 0.0000000 0.7088030 1.1008159 1.1515391 1.0770763 1.0749285 1.6785849 2.1510807 2.5313099 2.5046523 2.3523760 2.3983412 1.9484284 2.1482130 2.4111792 2.4421387 2.6678591 2.4099572 1.7614836 2.2994049 3.0720979 3.0147716 3.3099075 3.0099903 2.9388206 3.1907461 3.0974010 2.0962290 2.1698961 1.7057261 2.5931670 
Beraby_Baby_sb328417                                   2.2312946 1.6722280 1.8026951 1.0284259 2.1835840 2.1141463 2.1306231 1.8476117 1.9604175 1.6937906 1.5005798 2.2786026 1.9761243 2.0006773 1.9444911 1.9495127 1.9989267 1.9609210 2.0561918 1.9626196 2.1396552 1.7026017 1.8405799 2.1822070 0.7088030 0.0000000 1.1984876 0.9484847 1.0690874 1.0258639 1.6910859 1.9596836 2.5187451 2.1242798 2.2031456 2.2548562 1.6385480 2.2539557 2.4042619 2.5288753 2.6011934 2.3695550 1.8821052 2.5179360 2.5916986 2.6385640 2.6333577 2.5839984 2.4710919 2.5574078 2.5200142 1.7327122 1.9283723 1.5060286 2.5839912 
Vmul_SimC391366                                        2.6923154 2.1710531 1.8396137 1.2624538 2.0805554 2.3721019 2.2309443 2.2089424 1.9013985 1.8537632 1.5452635 2.2678863 1.8786097 2.0731600 2.0569235 2.0625217 2.0203340 2.1373918 2.1072866 2.1446252 2.2527679 2.0470664 2.1682032 2.0439049 1.1008159 1.1984876 0.0000000 1.1253571 1.4648659 1.4694220 1.6226091 2.0654003 2.7162734 2.4655696 2.3985928 2.2970896 2.0270645 1.9967647 2.5171124 2.7545309 2.8148086 2.7855873 1.9670470 2.7053223 2.9249310 2.8965498 3.4180523 2.9943717 3.0555052 3.2632808 3.0836243 2.3481111 2.5412981 2.0622207 2.7057593 
Coeast_Cast_sb783151                                   2.4499379 2.1447574 1.7850900 1.3005472 2.4091532 2.4768430 2.4938210 2.1536493 2.0612027 1.7949308 1.5776902 2.3331049 1.9844704 2.1567346 2.0708268 2.0494032 2.2223966 1.9096358 2.1587282 2.2096371 2.4592872 1.8864110 2.0697132 2.1870612 1.1515391 0.9484847 1.1253571 0.0000000 1.5150200 1.4809712 1.1623112 2.0581964 2.7528843 2.2020680 2.0537572 2.0974287 1.7555619 2.2948179 2.5770316 3.0204353 2.6388008 2.5031765 1.9540252 2.7144346 2.8502452 2.8083393 2.8189719 2.8692562 2.8588916 2.8883952 2.9081086 2.3742000 2.4422869 1.4714165 2.3106250 
Pbac_sb2638719                                         2.2620325 1.9587129 1.9298157 1.2073289 2.1350575 2.0927180 2.1075979 2.0458239 1.7249258 1.8016742 1.4915094 2.3532112 2.0758465 1.9517185 1.8419689 1.8475019 1.9133298 1.8736331 1.8023791 1.9372876 1.9952707 2.0394013 1.8102403 2.1074573 1.0770763 1.0690874 1.4648659 1.5150200 0.0000000 0.0265799 1.7361395 2.2318349 2.1127146 2.3276763 2.0541116 2.1841092 1.8151385 2.1626142 2.4327455 2.6095723 2.7922412 2.4954603 2.0319153 2.5204426 2.7239692 2.7331100 2.9106585 2.7369070 2.7561798 2.8752116 2.8576064 2.4154127 2.3572417 2.1999130 2.2702501 
Horcal_Hcv1.av93.c5.g866.i1                            2.2711546 1.9911047 1.9486875 1.1710821 2.1754271 2.0757328 2.0685493 2.0680328 1.7473393 1.8180330 1.4628913 2.4009558 2.0665943 1.9849574 1.8757617 1.8814800 1.9542496 1.9323427 1.8518854 2.0235875 2.0230625 2.0392409 1.8014016 2.1650971 1.0749285 1.0258639 1.4694220 1.4809712 0.0265799 0.0000000 1.6857388 2.2032752 2.1153110 2.3515213 2.0598034 2.1826950 1.8329286 2.2121517 2.4224213 2.5670704 2.8222148 2.5483819 2.0405277 2.5240492 2.7393033 2.7478184 2.9272756 2.7518481 2.7855609 2.9061781 2.8730889 2.3762575 2.3444205 2.1974778 2.2929190 
Ocar_g1697                                             1.8986313 1.5966057 1.5204783 1.3534812 1.5680824 1.5983444 1.4694195 1.6647408 1.9219999 1.5767151 1.4886877 1.7269187 1.4296561 1.3541774 1.5820499 1.5504313 1.4484953 1.3591578 1.5121396 1.6490248 1.7901189 1.4520116 1.6658045 1.6023409 1.6785849 1.6910859 1.6226091 1.1623112 1.7361395 1.6857388 0.0000000 0.0000010 1.8818479 1.6024376 1.6006125 1.6714642 1.4308118 1.7633970 1.5629250 1.9600307 2.0219303 1.7267773 1.7182403 1.4698057 2.1395921 2.1395921 2.0586836 2.1369608 2.0386875 2.0858328 2.2438748 2.0019441 1.8692249 1.7733974 2.4993480 
Opea_EP00118_Oscarella_pearsei_P004667                 2.3312189 1.9072601 1.7865916 1.3534812 2.2090734 2.2786864 2.2150032 2.1981144 2.2303038 1.6843806 1.4886877 2.4647429 2.0894559 1.8433571 1.8300332 1.8067092 1.7284507 1.9269346 1.8528604 1.9023988 1.9743227 2.1908953 2.1105840 2.1255147 2.1510807 1.9596836 2.0654003 2.0581964 2.2318349 2.2032752 0.0000010 0.0000000 2.3723770 2.2358369 2.4946078 2.4407111 1.9463280 2.1316227 2.0369533 2.1968139 2.4177159 2.0460046 2.0329921 1.8328109 2.3121949 2.3178492 2.4461267 2.3747463 2.3785825 2.5878362 2.5297023 2.2696382 2.2763381 2.0185099 3.6548619 
Aque_Aqu2.1.31389_001                                  2.2911110 2.3559879 2.2241170 1.3027380 2.2803548 2.5015167 2.5476803 2.0579168 2.3259485 2.3941709 1.0486543 2.6579376 2.5491728 2.8609517 2.2945124 2.2931174 2.3503915 2.3456461 2.2199005 2.4289356 2.5313626 2.3838245 2.2259182 2.2112303 2.5313099 2.5187451 2.7162734 2.7528843 2.1127146 2.1153110 1.8818479 2.3723770 0.0000000 0.7588853 2.2808070 2.3532266 1.8690155 2.3969116 2.3748051 2.8187342 3.0894450 2.7215680 2.6044863 3.1302626 2.1519386 2.2025359 2.6566675 2.4097192 2.3468091 2.4867457 2.2419632 2.8699014 2.3633474 4.9030496 2.5407058 
Xestes_maker-XT_scaffold184971-snap-gene-0.15-mRNA-1   2.2953013 2.2533986 1.9678228 1.4260237 2.3731134 2.3947500 2.4172884 2.0514507 2.0574353 2.0052171 1.2132165 2.6706686 2.5804435 2.4773026 2.4659136 2.4933774 2.4116882 2.3258458 2.3564705 2.3554286 2.5522773 2.6236617 2.1730871 1.9573980 2.5046523 2.1242798 2.4655696 2.2020680 2.3276763 2.3515213 1.6024376 2.2358369 0.7588853 0.0000000 2.1766491 1.9876666 1.9409069 2.3181622 2.3405643 2.8895381 2.9268463 2.9195164 2.7307659 3.0705402 2.4068237 2.5543806 2.6573037 2.6008799 2.5445694 2.4898400 2.5105121 2.7229772 2.0958088 4.8259257 3.2594299 
Emue_Em0009g592a.t1                                    2.2861136 1.9664516 1.9504824 1.1817620 1.9802124 2.3500973 2.3646012 1.9262656 1.9505397 1.9689728 1.1727057 2.7030286 1.9312468 2.0239073 1.8890978 1.8470169 1.9732575 1.9630499 1.7864945 1.9762110 1.9758992 1.9053626 2.1777717 2.1556365 2.3523760 2.2031456 2.3985928 2.0537572 2.0541116 2.0598034 1.6006125 2.4946078 2.2808070 2.1766491 0.0000000 0.2886453 1.9698252 2.3082346 2.2280881 2.5734867 2.8488362 3.1045554 2.4447907 2.6484959 2.5174226 2.5434582 2.6373615 2.6489540 2.5082248 2.6816740 2.5812851 2.4359014 2.2859432 3.5179269 1.8748625 
Spolac_c97486_g1_i1_m.15128c97486-g1                   2.3547516 1.9980652 1.8631344 1.1831697 1.9905017 1.9957048 2.0996125 1.8095264 1.6593707 1.7239662 1.1647931 2.8391604 1.8281474 1.8782072 1.6478561 1.6319426 1.7226814 1.8795875 1.5989987 1.7606207 1.7549678 1.9739998 1.8496272 1.9768011 2.3983412 2.2548562 2.2970896 2.0974287 2.1841092 2.1826950 1.6714642 2.4407111 2.3532266 1.9876666 0.2886453 0.0000000 2.0313568 2.1627008 1.9719248 2.3157865 2.8743233 2.6473896 2.0991611 2.6101852 2.3490447 2.3913769 2.6418033 2.4401304 2.3564956 2.6530633 2.4126109 2.4659466 2.3413195 3.5063704 1.9353222 
Ctel_gnl_WGS_AMQN_CAPTEDRAFT_mRNA165151                1.7991567 1.4530293 1.3549268 1.1268908 1.7968937 1.8912265 1.7711055 1.7981272 1.7243709 1.5567049 1.4472568 1.9359773 1.9831348 1.8242231 1.9277945 1.9244717 1.9825217 1.6765552 1.8501732 1.8684281 1.9290383 1.6350513 1.3292124 1.4755404 1.9484284 1.6385480 2.0270645 1.7555619 1.8151385 1.8329286 1.4308118 1.9463280 1.8690155 1.9409069 1.9698252 2.0313568 0.0000000 1.7476381 1.7114926 2.2717544 2.4295087 2.0528804 1.8533391 2.5846378 1.9032179 1.9621953 2.0560757 1.9978164 1.9734446 2.0705567 2.0255840 1.9408675 1.6500869 1.8521600 2.5144178 
Dpul_mRNA14674                                         1.7015356 1.4765667 1.3996718 1.1626622 1.8059463 2.0507065 1.9857847 1.8801580 1.8572781 1.9828577 1.4732575 1.9555336 2.0281087 1.8684096 1.8878226 1.8968540 1.9775698 2.0739150 2.0662403 2.0022988 1.9794492 1.9930282 1.8227623 1.5690330 2.1482130 2.2539557 1.9967647 2.2948179 2.1626142 2.2121517 1.7633970 2.1316227 2.3969116 2.3181622 2.3082346 2.1627008 1.7476381 0.0000000 1.6187672 2.1474991 2.1767345 2.3381523 1.7549279 2.2337511 2.3046052 2.3457461 2.7001642 2.4073948 2.2205063 2.4401880 2.3169088 1.8557520 1.5897498 2.9540169 3.3144574 
Tcas_TC011026_002                                      2.0195816 1.6765930 1.7128684 1.5217361 1.9081830 2.0699420 2.0419405 1.8766635 2.0182446 1.9611665 1.4802097 2.3578575 1.9248215 1.7946368 1.7049061 1.7365810 1.6573517 1.9451469 1.6288894 1.7278800 1.7954211 1.7539062 1.6543557 1.5064199 2.4111792 2.4042619 2.5171124 2.5770316 2.4327455 2.4224213 1.5629250 2.0369533 2.3748051 2.3405643 2.2280881 1.9719248 1.7114926 1.6187672 0.0000000 2.5094682 2.5252817 2.4531916 2.0675373 2.6218796 2.0047073 2.0552974 2.3859789 2.1250285 2.0072930 2.2912059 2.1668882 2.3256727 2.2250829 3.9136716 3.0105608 
Scil_scict016146.1                                     2.8557500 2.3360114 2.2261210 1.5422072 2.3420383 2.3007095 2.4032142 2.7156800 2.3221908 2.5825787 2.0645053 2.8659926 2.5923980 2.8339345 2.5168078 2.4938908 2.7245295 2.8527018 2.5456183 2.5628546 2.6882049 2.4332892 2.4581921 2.7776528 2.4421387 2.5288753 2.7545309 3.0204353 2.6095723 2.5670704 1.9600307 2.1968139 2.8187342 2.8895381 2.5734867 2.3157865 2.2717544 2.1474991 2.5094682 0.0000000 0.9005475 0.9634177 1.5374666 1.0720318 2.6644694 2.6978609 3.3342658 3.0171690 2.8291670 3.1753972 2.8529474 2.6124638 2.5887436 3.3073399 3.7404436 
Leuniv_Lniv_C804138_01                                 2.6281812 2.0546502 2.2033979 1.6030767 2.4577939 2.5199081 2.5098206 2.8301541 2.5373878 2.7216173 1.9504935 2.9852180 2.6277129 2.4955724 2.6637089 2.6735090 2.7906938 2.8821920 2.6497366 2.7341551 2.9455977 3.0169883 2.4866299 2.2715791 2.6678591 2.6011934 2.8148086 2.6388008 2.7922412 2.8222148 2.0219303 2.4177159 3.0894450 2.9268463 2.8488362 2.8743233 2.4295087 2.1767345 2.5252817 0.9005475 0.0000000 1.0176543 1.5595837 1.1967804 2.4560033 2.5520223 3.2152792 2.6833547 2.5930090 2.9130351 2.7186535 2.7081695 2.5121050 3.5655610 3.3943370 
Lcom_lcpid95829                                        2.5894273 2.3391505 1.9135917 1.4151420 2.3070631 2.5859173 2.5771186 2.5847789 2.4212635 2.1364548 1.9478681 3.1067859 2.4678857 2.5633096 2.2912050 2.2573308 2.4604407 2.3789767 2.2345223 2.2670972 2.3975099 2.5365130 2.0990629 1.9691125 2.4099572 2.3695550 2.7855873 2.5031765 2.4954603 2.5483819 1.7267773 2.0460046 2.7215680 2.9195164 3.1045554 2.6473896 2.0528804 2.3381523 2.4531916 0.9634177 1.0176543 0.0000000 1.6264935 1.4725687 2.4281738 2.4922966 3.0793608 2.6344627 2.4174612 2.6990011 2.5859998 2.3243125 2.6156043 3.1564425 3.0824191 
Clacor_Ccor_C535171_01                                 1.7263482 1.4663273 1.4638017 1.1796086 1.8459652 2.1023299 1.9458066 2.0766492 1.7819631 1.5477376 1.8562688 2.2298554 2.0372496 2.0450923 1.8339602 1.8036503 1.8471744 1.9982907 1.8430141 1.9121874 2.0039638 1.9670142 1.6182777 1.2836541 1.7614836 1.8821052 1.9670470 1.9540252 2.0319153 2.0405277 1.7182403 2.0329921 2.6044863 2.7307659 2.4447907 2.0991611 1.8533391 1.7549279 2.0675373 1.5374666 1.5595837 1.6264935 0.0000000 1.6217915 2.0978272 2.1733516 2.4385971 2.1854469 2.0753575 2.2206186 2.2448906 1.7585066 2.2339154 2.6605155 3.3568216 
Gracom_Gcom_C559246_01                                 2.6526113 2.2394702 2.2708073 1.6374800 2.2985089 2.5939552 2.5238688 2.5818596 2.5182251 2.4521530 1.9453419 3.0707576 2.7551373 2.7314411 2.6177436 2.5856946 2.7401604 2.4448596 2.3736491 2.6242335 2.8469939 2.7145896 2.5273818 2.5890497 2.2994049 2.5179360 2.7053223 2.7144346 2.5204426 2.5240492 1.4698057 1.8328109 3.1302626 3.0705402 2.6484959 2.6101852 2.5846378 2.2337511 2.6218796 1.0720318 1.1967804 1.4725687 1.6217915 0.0000000 2.5380279 2.5887415 3.2683224 2.8804207 2.7234084 3.2133292 2.6613368 2.2727212 2.4783229 3.2339052 3.6362212 
Tadh_TriadT54253                                       2.2828333 1.6884800 1.7807468 1.5773124 1.6433527 2.0928459 2.2005541 1.9041384 1.8543085 2.0160673 1.4591708 1.9674653 1.8016614 1.9802077 1.6506116 1.6566017 1.8778920 1.9740590 1.8165304 1.7314712 1.8397865 1.7220398 2.0642175 2.0448940 3.0720979 2.5916986 2.9249310 2.8502452 2.7239692 2.7393033 2.1395921 2.3121949 2.1519386 2.4068237 2.5174226 2.3490447 1.9032179 2.3046052 2.0047073 2.6644694 2.4560033 2.4281738 2.0978272 2.5380279 0.0000000 0.0037524 0.2895558 0.2401805 0.2261894 0.3503978 0.1991478 1.9522268 2.2437464 2.9675327 2.2577161 
TrH2_TrispH2_007768-RA                                 2.3619726 1.7541684 1.9328760 1.5773124 1.8013646 2.2439012 2.3558354 1.9717780 2.1238780 2.1384562 1.4591708 1.9894037 2.0005810 2.1030803 1.7607456 1.7668939 2.0131446 2.1584661 1.9827454 1.8759640 1.9688545 1.9212049 2.1430150 2.0636479 3.0147716 2.6385640 2.8965498 2.8083393 2.7331100 2.7478184 2.1395921 2.3178492 2.2025359 2.5543806 2.5434582 2.3913769 1.9621953 2.3457461 2.0552974 2.6978609 2.5520223 2.4922966 2.1733516 2.5887415 0.0037524 0.0000000 0.2685525 0.2355744 0.2142065 0.3280255 0.1948861 2.0872942 2.1890093 2.6034981 2.6574036 
HoiH06_mRNA363                                         2.7994562 2.1078493 2.4172892 1.5712305 2.1920899 2.7181158 2.9894113 2.1606405 2.4887634 2.4617178 1.6654418 2.1331597 2.3971954 2.6929930 2.2342647 2.2442562 2.3397651 2.2835393 2.3927645 2.2527729 2.3998094 2.5365633 2.5851156 2.2629125 3.3099075 2.6333577 3.4180523 2.8189719 2.9106585 2.9272756 2.0586836 2.4461267 2.6566675 2.6573037 2.6373615 2.6418033 2.0560757 2.7001642 2.3859789 3.3342658 3.2152792 3.0793608 2.4385971 3.2683224 0.2895558 0.2685525 0.0000000 0.0967801 0.1250013 0.1259900 0.2066304 2.3880207 2.3716123 2.6064528 2.7180811 
HoiH23_PlH23_000899-RA                                 2.4969793 1.8040269 2.0466257 1.6103735 1.8772065 2.3772305 2.5010440 2.0572389 2.2535328 2.2103311 1.6684940 2.0935121 2.1358605 2.0736021 1.9271957 1.9439675 2.0468542 2.3687212 2.0875154 1.9523860 2.0562358 2.0978735 2.2865286 1.9657727 3.0099903 2.5839984 2.9943717 2.8692562 2.7369070 2.7518481 2.1369608 2.3747463 2.4097192 2.6008799 2.6489540 2.4401304 1.9978164 2.4073948 2.1250285 3.0171690 2.6833547 2.6344627 2.1854469 2.8804207 0.2401805 0.2355744 0.0967801 0.0000000 0.1146804 0.2109571 0.1674334 2.0870084 2.2684524 2.8123458 2.6663798 
Hhon_g00632.t1                                         2.2852691 1.6893485 1.9552379 1.5496362 1.8343661 2.3897332 2.5066341 2.0652442 2.2312877 2.2299590 1.6291570 2.0703781 2.0941724 2.0715602 1.9307154 1.9379290 2.0682047 2.3404842 2.1046653 1.9391558 2.0465796 2.0488745 2.0796090 1.9692994 2.9388206 2.4710919 3.0555052 2.8588916 2.7561798 2.7855609 2.0386875 2.3785825 2.3468091 2.5445694 2.5082248 2.3564956 1.9734446 2.2205063 2.0072930 2.8291670 2.5930090 2.4174612 2.0753575 2.7234084 0.2261894 0.2142065 0.1250013 0.1146804 0.0000000 0.0901148 0.1443591 2.0530729 2.1900320 2.6924844 2.7039590 
HoiH04_mRNA16313                                       2.5152776 1.9873214 2.2720169 1.5496362 2.1514846 2.8057096 2.9469666 2.0702017 2.3795540 2.4228843 1.6291570 2.2409031 2.3539017 2.5329504 2.2509231 2.2603766 2.3387823 2.3938044 2.4234672 2.2702947 2.4241851 2.3967261 2.4606923 2.2655283 3.1907461 2.5574078 3.2632808 2.8883952 2.8752116 2.9061781 2.0858328 2.5878362 2.4867457 2.4898400 2.6816740 2.6530633 2.0705567 2.4401880 2.2912059 3.1753972 2.9130351 2.6990011 2.2206186 3.2133292 0.3503978 0.3280255 0.1259900 0.2109571 0.0901148 0.0000000 0.2476057 2.3085218 2.2782178 3.0566851 2.7442714 
HoiH11_mRNA5285                                        2.3738317 1.8345901 1.9865302 1.5230568 1.9030640 2.3591451 2.5489334 1.9677972 2.2442626 2.4201027 1.6355410 2.1056270 2.2102102 2.2876145 1.9368655 1.9538522 2.1172928 2.3892936 2.1596994 2.0693429 2.1518662 2.0360109 2.2493525 2.0297445 3.0974010 2.5200142 3.0836243 2.9081086 2.8576064 2.8730889 2.2438748 2.5297023 2.2419632 2.5105121 2.5812851 2.4126109 2.0255840 2.3169088 2.1668882 2.8529474 2.7186535 2.5859998 2.2448906 2.6613368 0.1991478 0.1948861 0.2066304 0.1674334 0.1443591 0.2476057 0.0000000 2.1030734 2.2112175 2.8754297 2.6376283 
Spur_XM_011685362.2                                    1.9457472 1.6131721 1.3290627 1.2580225 1.5931521 2.1038469 2.1925456 2.1885593 1.9855493 2.0977064 1.7043674 2.4125983 1.7247775 1.8346029 1.7792312 1.7852551 1.7776520 1.9773405 1.8447134 1.6889433 1.6975327 2.0038039 1.7886768 1.6650044 2.0962290 1.7327122 2.3481111 2.3742000 2.4154127 2.3762575 2.0019441 2.2696382 2.8699014 2.7229772 2.4359014 2.4659466 1.9408675 1.8557520 2.3256727 2.6124638 2.7081695 2.3243125 1.7585066 2.2727212 1.9522268 2.0872942 2.3880207 2.0870084 2.0530729 2.3085218 2.1030734 0.0000000 2.2531814 2.1835142 2.8344020 
Cscu_XM_023375783.1                                    1.7805426 1.4654344 1.7919100 1.1214405 2.2030146 2.2808939 2.3530868 1.9385526 1.7556941 1.9182800 1.7251356 2.0102723 2.0469673 2.2899087 2.1907472 2.1972544 2.0737794 1.7932599 1.9649858 2.0019964 2.1913440 2.1918516 1.8817115 1.7371136 2.1698961 1.9283723 2.5412981 2.4422869 2.3572417 2.3444205 1.8692249 2.2763381 2.3633474 2.0958088 2.2859432 2.3413195 1.6500869 1.5897498 2.2250829 2.5887436 2.5121050 2.6156043 2.2339154 2.4783229 2.2437464 2.1890093 2.3716123 2.2684524 2.1900320 2.2782178 2.2112175 2.2531814 0.0000000 2.8942905 2.6711290 
Lampan_Lpan_11135_01                                   3.3509137 2.6924555 2.0939166 0.0000010 3.2363579 3.5964254 3.7054515 3.8743333 3.0947023 2.8041381 1.3557685 3.8160199 2.8179988 2.7663745 2.4534142 2.4554015 2.5811522 2.9017610 2.8434181 2.6532397 2.5301687 3.1555002 2.7537512 3.0619565 1.7057261 1.5060286 2.0622207 1.4714165 2.1999130 2.1974778 1.7733974 2.0185099 4.9030496 4.8259257 3.5179269 3.5063704 1.8521600 2.9540169 3.9136716 3.3073399 3.5655610 3.1564425 2.6605155 3.2339052 2.9675327 2.6034981 2.6064528 2.8123458 2.6924844 3.0566851 2.8754297 2.1835142 2.8942905 0.0000000 2.9391780 
Stycar_maker-SC_scaffold7411-augustus-gene-0.13-mRNA-1 2.2584108 2.5891567 2.2081015 1.7139441 2.7208701 3.0746067 3.3043635 2.4037194 2.5307911 2.7029031 0.5758126 2.9311058 2.6319179 2.5994900 2.6656279 2.6826223 2.9825467 3.0231490 2.6400078 2.9187319 2.8704390 2.6508169 2.6488630 2.4065940 2.5931670 2.5839912 2.7057593 2.3106250 2.2702501 2.2929190 2.4993480 3.6548619 2.5407058 3.2594299 1.8748625 1.9353222 2.5144178 3.3144574 3.0105608 3.7404436 3.3943370 3.0824191 3.3568216 3.6362212 2.2577161 2.6574036 2.7180811 2.6663798 2.7039590 2.7442714 2.6376283 2.8344020 2.6711290 2.9391780 0.0000000 
