43
Hsap_ENST00000372622                                   0.0000000 1.7113465 1.6945117 1.3293813 2.0114262 1.8064284 1.5968445 1.7075593 1.9001530 2.4738261 1.9847463 1.7249501 1.8975778 1.9506935 3.0448003 2.6391317 2.7233758 2.6841311 2.2176395 2.6272651 2.4089287 2.3776738 2.2429555 2.2359122 2.2115546 2.3630916 2.5944042 2.0259094 2.1409186 2.4526228 2.5640863 2.8631236 1.8147685 2.7069668 2.7075904 2.6925358 2.6930788 2.7566663 2.7174198 2.8246787 1.9914652 3.3732373 3.6251346 
Bralan_BLAG01001848_1                                  1.7113465 0.0000000 1.6319605 0.7677211 2.0800806 1.6885024 1.5034784 1.7784664 1.9919397 2.4183665 1.9186810 1.6724787 1.9105662 1.8897282 3.4056354 4.3466284 3.2956749 2.8751342 1.9032103 2.9247369 3.2533331 2.6584915 2.4865632 2.5776097 2.6558728 2.2447537 2.7218559 2.0175156 2.2206770 2.0945003 2.0604281 2.2279861 2.1216467 2.4609677 2.4671451 2.4250497 2.3786155 2.3647201 2.3429964 2.5041736 1.8925379 3.9331238 3.9868427 
Cscu_XM_023360483.1                                    1.6945117 1.6319605 0.0000000 0.5629757 1.0738539 1.0378011 1.3944024 1.6276679 2.2683780 2.5819672 2.0644348 1.7778226 1.8802365 1.8906905 3.4134600 3.1971112 2.9561460 3.0752013 2.2192201 2.9629812 2.5575117 2.2438877 2.1523086 2.1599698 2.1266261 2.1449768 2.2638637 2.1670211 2.1217236 1.9984625 1.9869550 2.0457337 1.4971204 2.4698205 2.4396517 2.5068844 2.6241848 2.5503343 2.5572478 2.4978806 1.9154504 3.2060432 3.4076543 
Ctel_gnl_WGS_AMQN_CAPTEDRAFT_mRNA40552                 1.3293813 0.7677211 0.5629757 0.0000000 0.5133581 0.8584638 0.8360499 0.8255091 1.3700563 0.0000010 1.2543442 1.2145708 1.2053769 1.1694752 2.0176064 6.1110551 2.2021868 1.9237860 4.9732739 1.8710026 2.1704756 1.6138865 1.5165905 1.6849142 1.6270169 1.0115295 1.5299790 1.2845169 1.3118959 0.6577448 1.1082227 1.1743537 1.2533644 1.3720169 1.3720169 1.3100089 1.3117619 1.3201473 1.3201473 1.3539383 1.5756821 3.3196205 1.7158490 
Acagra_model.g14722.t1                                 2.0114262 2.0800806 1.0738539 0.5133581 0.0000000 1.2270884 1.9711666 2.2425531 2.5479853 3.3144781 2.4763573 2.2323423 2.4821490 2.5240328 3.8006010 3.3795473 3.2268954 3.6240908 2.5424275 3.5328332 2.7193345 3.1125488 2.9409099 2.7089350 2.7772419 2.7954065 2.7863934 2.3811510 2.3258846 2.5676548 2.6715740 2.9799644 1.7688539 3.3845475 3.3346387 3.0777969 3.1883604 3.1067432 3.1237029 3.2754344 1.9646310 4.4533613 3.7833208 
Cgig_XM_034462230.1                                    1.8064284 1.6885024 1.0378011 0.8584638 1.2270884 0.0000000 1.5761599 1.7471612 2.3190044 3.2449033 2.6038311 2.5360252 2.4206064 2.4180962 3.4913328 3.0320962 2.9358498 2.8888556 2.4825450 3.0740307 2.5650403 2.9215822 2.6119550 2.6405108 2.8061712 2.4717649 2.6816645 2.2120037 2.0365736 2.5102369 2.3562014 2.6864975 1.6437376 3.1340415 3.1367132 3.0164578 3.0428503 2.9931165 3.0035921 3.0726590 1.7218106 3.7659219 4.4851433 
Spur_XM_030972092.1                                    1.5968445 1.5034784 1.3944024 0.8360499 1.9711666 1.5761599 0.0000000 1.3361068 2.2389195 2.4863960 2.0581459 1.9904816 2.0832451 2.0745612 3.2634203 3.5397581 2.9139212 3.0451072 2.5854807 2.8451005 2.4462685 2.3308156 2.3020358 2.1429078 2.0980863 2.0109218 2.3333353 2.2004936 2.1125928 2.3048296 2.4013149 2.1345779 2.0053495 2.2600799 2.2763632 2.3178553 2.3497052 2.2894484 2.2961908 2.3239946 1.8616595 3.1265316 3.6936768 
Skow_XM_006817987.1                                    1.7075593 1.7784664 1.6276679 0.8255091 2.2425531 1.7471612 1.3361068 0.0000000 1.9186080 2.5273488 2.0113644 1.9027605 1.9570641 1.9807302 3.4007759 2.7812927 3.0694262 2.9618662 2.1013485 2.9693535 2.1994469 2.4654445 2.3228169 2.2263146 2.4466250 2.1420563 2.2334533 1.8623027 1.6102143 2.4881365 2.4262122 2.6412400 1.7553285 2.6872974 2.6872974 2.7815624 2.8085085 2.8222412 2.8332235 2.7012228 1.4995801 2.9219061 3.5266070 
Exapal_XM_021053965.2                                  1.9001530 1.9919397 2.2683780 1.3700563 2.5479853 2.3190044 2.2389195 1.9186080 0.0000000 0.9795194 0.8939550 0.7913737 0.8871776 0.8882106 2.5452813 2.2201586 2.3340893 2.2452543 1.2419475 2.2405989 1.3278050 1.7358905 1.4142092 1.6342267 1.6707105 1.4278566 1.5517762 1.0379129 1.0750873 2.2113986 2.0502601 2.0367240 2.3356056 1.9235676 1.9220950 1.9245536 1.9418320 1.8321694 1.8329987 2.0046274 0.4496966 2.5624323 2.2154572 
Adig_XM_015923790.1                                    2.4738261 2.4183665 2.5819672 0.0000010 3.3144781 3.2449033 2.4863960 2.5273488 0.9795194 0.0000000 0.2529329 0.1901079 0.3531387 0.3383595 2.6385062 2.0869476 2.4339417 2.6972096 1.7479872 2.6845527 1.1636841 1.5881228 1.2457850 1.2227577 1.2887243 1.3606564 1.4927526 1.1420773 1.1380050 2.3673624 2.4960408 2.7508997 2.2707250 2.5082610 2.5082610 2.4489438 2.5296845 2.3326807 2.3457413 2.3030308 0.7094546 2.6910990 2.4871524 
Gfas_gfas1.m1.8446.m1                                  1.9847463 1.9186810 2.0644348 1.2543442 2.4763573 2.6038311 2.0581459 2.0113644 0.8939550 0.2529329 0.0000000 0.2087013 0.2797251 0.2965803 2.4649380 2.2299574 2.2767255 2.2620454 1.4017898 2.3012400 1.2661642 1.4805995 1.2644539 1.3896505 1.4195571 1.1646039 1.5013046 1.1807163 1.1589665 1.9646770 1.9493587 2.0882430 2.2284072 2.2837467 2.2837823 2.1532356 2.2189219 2.1423741 2.1412660 2.1790878 0.7729566 2.4217413 2.2529563 
Gasp_gasp1.m3.21616.m1                                 1.7249501 1.6724787 1.7778226 1.2145708 2.2323423 2.5360252 1.9904816 1.9027605 0.7913737 0.1901079 0.2087013 0.0000000 0.1527124 0.1630889 2.2406737 1.6523511 1.9740294 2.1100179 1.3272710 2.1419688 1.0629192 1.3870575 1.1252949 1.2717461 1.2510655 1.0082606 1.2960946 1.1902941 1.1628764 1.8949122 1.6240637 1.8330285 2.1085490 2.2412415 2.2413896 2.0944248 2.1479960 2.1047760 2.0966983 2.1474494 0.5224333 2.6384026 1.8652121 
Spis_XP_022794250_1                                    1.8975778 1.9105662 1.8802365 1.2053769 2.4821490 2.4206064 2.0832451 1.9570641 0.8871776 0.3531387 0.2797251 0.1527124 0.0000000 0.0867647 2.3850725 1.9794364 2.2714239 2.3140031 1.2433468 2.3384792 1.2175411 1.4102128 1.2096916 1.3572925 1.3389268 1.1715549 1.4993894 1.2137772 1.1833709 2.0863873 1.9805147 2.0971374 2.0375392 2.3313562 2.3312812 2.1814925 2.2576197 2.1094386 2.1104454 2.1506648 0.7777053 2.4648052 2.2755671 
Pocdam_XM_027201196.1                                  1.9506935 1.8897282 1.8906905 1.1694752 2.5240328 2.4180962 2.0745612 1.9807302 0.8882106 0.3383595 0.2965803 0.1630889 0.0867647 0.0000000 2.2801082 2.0267306 2.2015756 2.3025844 1.2292618 2.3115915 1.2438174 1.4404884 1.2150376 1.3147453 1.3907017 1.1677516 1.5431200 1.2703410 1.2216895 2.0288346 1.9369274 2.0618482 2.0914776 2.2327940 2.2349569 2.1724802 2.2370731 2.0979413 2.0989459 2.1321075 0.7691481 2.4495993 2.2945271 
Aque_Aqu2.1.33666_001                                  3.0448003 3.4056354 3.4134600 2.0176064 3.8006010 3.4913328 3.2634203 3.4007759 2.5452813 2.6385062 2.4649380 2.2406737 2.3850725 2.2801082 0.0000000 0.2879591 0.3135793 1.2833077 5.9712962 1.2386271 3.1001118 3.1296295 2.6408641 2.6976853 2.6911537 3.2966198 2.9289839 2.5072271 2.5287674 2.5734264 2.9269389 3.1939154 3.0391982 3.0891584 3.0926587 3.2997847 3.2241183 3.1401563 3.1726939 3.3146987 2.1149845 1.8054375 1.6026913 
Xestes_maker-XT_scaffold2924-augustus-gene-0.3-mRNA-1  2.6391317 4.3466284 3.1971112 6.1110551 3.3795473 3.0320962 3.5397581 2.7812927 2.2201586 2.0869476 2.2299574 1.6523511 1.9794364 2.0267306 0.2879591 0.0000000 0.2044154 0.8898158 5.7882797 0.8356748 2.8648101 2.7091639 2.4200938 2.4124099 2.4843186 3.2086814 2.7271287 2.3323343 2.5211461 2.0376025 2.5491693 3.1777152 2.8354480 2.6741633 2.6741633 2.7873500 2.7683733 2.5612762 2.5612762 2.6729826 3.2338815 0.8391846 0.9229910 
Halamb_c50243_g5_i1mm.3422                             2.7233758 3.2956749 2.9561460 2.2021868 3.2268954 2.9358498 2.9139212 3.0694262 2.3340893 2.4339417 2.2767255 1.9740294 2.2714239 2.2015756 0.3135793 0.2044154 0.0000000 1.0392353 0.8967511 1.0143074 2.9513991 2.9301114 2.4889357 2.4723406 2.5356474 3.0387515 2.9403771 2.2039842 2.2614226 2.6866977 2.7319796 2.8165168 2.7681836 2.8557183 2.8568899 3.0211953 3.0680502 2.9476875 2.9661439 3.2631160 2.0454164 1.8104872 1.3867977 
Emue_Em0015g1214a.t1                                   2.6841311 2.8751342 3.0752013 1.9237860 3.6240908 2.8888556 3.0451072 2.9618662 2.2452543 2.6972096 2.2620454 2.1100179 2.3140031 2.3025844 1.2833077 0.8898158 1.0392353 0.0000000 0.3759452 0.1816874 2.8161799 3.0259182 2.8621763 2.7128951 2.7245474 3.0606129 3.3182532 2.2750256 2.1953511 2.3123715 2.4136160 2.4610900 3.1038018 3.3937134 3.4030468 3.2231372 3.1794058 3.0363971 3.0537815 3.3448486 1.8546532 1.4267848 1.4460189 
Stycar_maker-SC_scaffold3611-augustus-gene-0.22-mRNA-1 2.2176395 1.9032103 2.2192201 4.9732739 2.5424275 2.4825450 2.5854807 2.1013485 1.2419475 1.7479872 1.4017898 1.3272710 1.2433468 1.2292618 5.9712962 5.7882797 0.8967511 0.3759452 0.0000000 0.3759452 1.9748967 1.8612938 2.1918576 1.9625731 2.0378602 2.4004906 2.5974564 1.4122053 1.3244475 8.9999983 1.8089610 1.8179965 3.3143615 3.8065307 3.8065307 3.7720920 3.7720920 3.7720920 3.7720920 3.8065307 1.0570419 4.7683342 8.9999989 
Spolac_c100572_g1_i2_m.22858c100572-g1                 2.6272651 2.9247369 2.9629812 1.8710026 3.5328332 3.0740307 2.8451005 2.9693535 2.2405989 2.6845527 2.3012400 2.1419688 2.3384792 2.3115915 1.2386271 0.8356748 1.0143074 0.1816874 0.3759452 0.0000000 2.9096615 2.9177308 2.8345696 2.7762931 2.7598450 3.1992702 3.2317549 2.3244614 2.3131946 2.5180641 2.5820644 2.4334659 3.0836273 3.2606328 3.2693203 3.1856914 3.1228979 2.9853429 3.0022819 3.3647634 1.8507920 1.2874612 1.4402353 
Hvul_g5190_1                                           2.4089287 3.2533331 2.5575117 2.1704756 2.7193345 2.5650403 2.4462685 2.1994469 1.3278050 1.1636841 1.2661642 1.0629192 1.2175411 1.2438174 3.1001118 2.8648101 2.9513991 2.8161799 1.9748967 2.9096615 0.0000000 0.6355632 0.8883016 0.8662172 0.8412487 0.7533143 0.9315363 1.4301623 1.5000291 2.3918110 2.2932043 2.2615127 2.5607335 1.9418873 1.9418873 2.0047539 2.0241795 1.9671554 1.9760529 2.0538521 1.5600325 3.0677727 2.2519478 
Chem_TCONS_00002965                                    2.3776738 2.6584915 2.2438877 1.6138865 3.1125488 2.9215822 2.3308156 2.4654445 1.7358905 1.5881228 1.4805995 1.3870575 1.4102128 1.4404884 3.1296295 2.7091639 2.9301114 3.0259182 1.8612938 2.9177308 0.6355632 0.0000000 1.1013769 0.9157018 0.9726746 0.9428979 1.2248315 1.6925960 1.5994006 2.3068564 2.3909012 2.1810075 2.6183578 2.3148301 2.3026863 2.3013584 2.2936016 2.3256623 2.3392043 2.5084561 1.5627220 3.5593867 2.7299052 
Aaur_scaffold358.g16.t1                                2.2429555 2.4865632 2.1523086 1.5165905 2.9409099 2.6119550 2.3020358 2.3228169 1.4142092 1.2457850 1.2644539 1.1252949 1.2096916 1.2150376 2.6408641 2.4200938 2.4889357 2.8621763 2.1918576 2.8345696 0.8883016 1.1013769 0.0000000 0.4239645 0.4645812 0.4386109 0.9929472 1.3501425 1.4422822 2.2986794 2.2373082 2.1487565 2.3337759 2.1326211 2.1419469 2.0459152 2.0498096 1.9665184 1.9513814 2.0967278 1.2625886 2.9030493 2.4405290 
Nemnom_g11592.t1                                       2.2359122 2.5776097 2.1599698 1.6849142 2.7089350 2.6405108 2.1429078 2.2263146 1.6342267 1.2227577 1.3896505 1.2717461 1.3572925 1.3147453 2.6976853 2.4124099 2.4723406 2.7128951 1.9625731 2.7762931 0.8662172 0.9157018 0.4239645 0.0000000 0.1765189 0.5426382 0.9441835 1.4199108 1.4661670 2.1914102 2.2232665 2.2335276 2.4244080 2.1480781 2.1628506 2.0851455 2.1150423 2.0678681 2.0610650 2.1925485 1.4488724 3.0389910 2.4719882 
Rhoesc_Res_012533-T1                                   2.2115546 2.6558728 2.1266261 1.6270169 2.7772419 2.8061712 2.0980863 2.4466250 1.6707105 1.2887243 1.4195571 1.2510655 1.3389268 1.3907017 2.6911537 2.4843186 2.5356474 2.7245474 2.0378602 2.7598450 0.8412487 0.9726746 0.4645812 0.1765189 0.0000000 0.5780057 0.9391202 1.4356387 1.4879441 2.1599997 2.1796251 2.3430568 2.4990739 2.1764135 2.1995763 2.1233634 2.1320961 2.1195808 2.1125999 2.1321672 1.4196565 3.1005601 2.4725913 
Sanmal_Sma_016647-T1                                   2.3630916 2.2447537 2.1449768 1.0115295 2.7954065 2.4717649 2.0109218 2.1420563 1.4278566 1.3606564 1.1646039 1.0082606 1.1715549 1.1677516 3.2966198 3.2086814 3.0387515 3.0606129 2.4004906 3.1992702 0.7533143 0.9428979 0.4386109 0.5426382 0.5780057 0.0000000 0.7871598 1.3534959 1.4353528 2.1791449 2.2163058 2.1047019 2.1545695 2.1017450 2.1017450 2.0188119 2.0470896 1.9197349 1.9327245 2.0132594 1.2965195 3.1135274 2.8120899 
Morvir_scaffold85.g70.t3                               2.5944042 2.7218559 2.2638637 1.5299790 2.7863934 2.6816645 2.3333353 2.2334533 1.5517762 1.4927526 1.5013046 1.2960946 1.4993894 1.5431200 2.9289839 2.7271287 2.9403771 3.3182532 2.5974564 3.2317549 0.9315363 1.2248315 0.9929472 0.9441835 0.9391202 0.7871598 0.0000000 1.6504392 1.6919624 2.5043981 2.3363515 2.2256508 2.3591406 2.0670564 2.0699199 1.9972445 2.0272824 2.0683666 2.0652988 2.1148728 1.3870690 3.7219504 2.6186456 
Dgig_XM_028544662.1                                    2.0259094 2.0175156 2.1670211 1.2845169 2.3811510 2.2120037 2.2004936 1.8623027 1.0379129 1.1420773 1.1807163 1.1902941 1.2137772 1.2703410 2.5072271 2.3323343 2.2039842 2.2750256 1.4122053 2.3244614 1.4301623 1.6925960 1.3501425 1.4199108 1.4356387 1.3534959 1.6504392 0.0000000 0.3646979 1.8292271 1.8769126 1.8774750 2.2632377 1.9481003 1.9548149 1.9050183 1.9237209 1.9216347 1.9225943 1.8998784 0.9040747 2.1998777 2.2285348 
Xesp_004395-T1                                         2.1409186 2.2206770 2.1217236 1.3118959 2.3258846 2.0365736 2.1125928 1.6102143 1.0750873 1.1380050 1.1589665 1.1628764 1.1833709 1.2216895 2.5287674 2.5211461 2.2614226 2.1953511 1.3244475 2.3131946 1.5000291 1.5994006 1.4422822 1.4661670 1.4879441 1.4353528 1.6919624 0.3646979 0.0000000 1.7091605 1.7061955 1.8798288 2.2586142 1.9335024 1.9382882 1.9813489 2.0324354 2.0516333 2.0358962 1.9951467 0.9373331 2.3476318 2.3931381 
Ocar_g5145                                             2.4526228 2.0945003 1.9984625 0.6577448 2.5676548 2.5102369 2.3048296 2.4881365 2.2113986 2.3673624 1.9646770 1.8949122 2.0863873 2.0288346 2.5734264 2.0376025 2.6866977 2.3123715 8.9999983 2.5180641 2.3918110 2.3068564 2.2986794 2.1914102 2.1599997 2.1791449 2.5043981 1.8292271 1.7091605 0.0000000 0.0078268 1.2625117 2.5995683 2.7169240 2.7169240 2.3116735 2.4465653 2.3249808 2.3382121 2.4934168 1.5701701 2.4073797 2.1316587 
Opea_EP00118_Oscarella_pearsei_P009869                 2.5640863 2.0604281 1.9869550 1.1082227 2.6715740 2.3562014 2.4013149 2.4262122 2.0502601 2.4960408 1.9493587 1.6240637 1.9805147 1.9369274 2.9269389 2.5491693 2.7319796 2.4136160 1.8089610 2.5820644 2.2932043 2.3909012 2.2373082 2.2232665 2.1796251 2.2163058 2.3363515 1.8769126 1.7061955 0.0078268 0.0000000 1.1118569 2.5305579 2.5853820 2.5853820 2.3250488 2.4222866 2.3273183 2.3367394 2.4370200 1.6457370 2.6597964 2.3750686 
Plajan_Pjan_scaffold8051_01                            2.8631236 2.2279861 2.0457337 1.1743537 2.9799644 2.6864975 2.1345779 2.6412400 2.0367240 2.7508997 2.0882430 1.8330285 2.0971374 2.0618482 3.1939154 3.1777152 2.8165168 2.4610900 1.8179965 2.4334659 2.2615127 2.1810075 2.1487565 2.2335276 2.3430568 2.1047019 2.2256508 1.8774750 1.8798288 1.2625117 1.1118569 0.0000000 2.6280271 2.5695551 2.5695551 2.5638316 2.5886952 2.6198233 2.6303079 2.6625394 1.7896764 2.8041521 2.6379216 
Tcas_TC016291_001                                      1.8147685 2.1216467 1.4971204 1.2533644 1.7688539 1.6437376 2.0053495 1.7553285 2.3356056 2.2707250 2.2284072 2.1085490 2.0375392 2.0914776 3.0391982 2.8354480 2.7681836 3.1038018 3.3143615 3.0836273 2.5607335 2.6183578 2.3337759 2.4244080 2.4990739 2.1545695 2.3591406 2.2632377 2.2586142 2.5995683 2.5305579 2.6280271 0.0000000 2.7679957 2.7993344 2.6731510 2.7098283 2.6279992 2.6347880 2.6550595 1.8529881 3.0517717 3.2040872 
Tadh_TriadT59276                                       2.7069668 2.4609677 2.4698205 1.3720169 3.3845475 3.1340415 2.2600799 2.6872974 1.9235676 2.5082610 2.2837467 2.2412415 2.3313562 2.2327940 3.0891584 2.6741633 2.8557183 3.3937134 3.8065307 3.2606328 1.9418873 2.3148301 2.1326211 2.1480781 2.1764135 2.1017450 2.0670564 1.9481003 1.9335024 2.7169240 2.5853820 2.5695551 2.7679957 0.0000000 0.0096796 0.3326435 0.3230901 0.3264672 0.3220640 0.3105762 1.5970080 2.7940282 3.0182930 
TrH2_TrispH2_002066-RA                                 2.7075904 2.4671451 2.4396517 1.3720169 3.3346387 3.1367132 2.2763632 2.6872974 1.9220950 2.5082610 2.2837823 2.2413896 2.3312812 2.2349569 3.0926587 2.6741633 2.8568899 3.4030468 3.8065307 3.2693203 1.9418873 2.3026863 2.1419469 2.1628506 2.1995763 2.1017450 2.0699199 1.9548149 1.9382882 2.7169240 2.5853820 2.5695551 2.7993344 0.0096796 0.0000000 0.3294488 0.3198503 0.3251705 0.3207634 0.3092481 1.5970080 2.7940282 3.0182930 
HoiH06_mRNA13269                                       2.6925358 2.4250497 2.5068844 1.3100089 3.0777969 3.0164578 2.3178553 2.7815624 1.9245536 2.4489438 2.1532356 2.0944248 2.1814925 2.1724802 3.2997847 2.7873500 3.0211953 3.2231372 3.7720920 3.1856914 2.0047539 2.3013584 2.0459152 2.0851455 2.1233634 2.0188119 1.9972445 1.9050183 1.9813489 2.3116735 2.3250488 2.5638316 2.6731510 0.3326435 0.3294488 0.0000000 0.0521791 0.1282916 0.1251247 0.2398972 1.5266190 2.4769360 2.7455690 
HoiH23_PlH23_005944-RA                                 2.6930788 2.3786155 2.6241848 1.3117619 3.1883604 3.0428503 2.3497052 2.8085085 1.9418320 2.5296845 2.2189219 2.1479960 2.2576197 2.2370731 3.2241183 2.7683733 3.0680502 3.1794058 3.7720920 3.1228979 2.0241795 2.2936016 2.0498096 2.1150423 2.1320961 2.0470896 2.0272824 1.9237209 2.0324354 2.4465653 2.4222866 2.5886952 2.7098283 0.3230901 0.3198503 0.0521791 0.0000000 0.1331314 0.1299437 0.2374074 1.5460627 2.4366149 2.8660166 
Hhon_g00698.t1                                         2.7566663 2.3647201 2.5503343 1.3201473 3.1067432 2.9931165 2.2894484 2.8222412 1.8321694 2.3326807 2.1423741 2.1047760 2.1094386 2.0979413 3.1401563 2.5612762 2.9476875 3.0363971 3.7720920 2.9853429 1.9671554 2.3256623 1.9665184 2.0678681 2.1195808 1.9197349 2.0683666 1.9216347 2.0516333 2.3249808 2.3273183 2.6198233 2.6279992 0.3264672 0.3251705 0.1282916 0.1331314 0.0000000 0.0047754 0.2201919 1.5334785 2.3863241 2.6439097 
HoiH04_mRNA1296                                        2.7174198 2.3429964 2.5572478 1.3201473 3.1237029 3.0035921 2.2961908 2.8332235 1.8329987 2.3457413 2.1412660 2.0966983 2.1104454 2.0989459 3.1726939 2.5612762 2.9661439 3.0537815 3.7720920 3.0022819 1.9760529 2.3392043 1.9513814 2.0610650 2.1125999 1.9327245 2.0652988 1.9225943 2.0358962 2.3382121 2.3367394 2.6303079 2.6347880 0.3220640 0.3207634 0.1251247 0.1299437 0.0047754 0.0000000 0.2206111 1.5334785 2.3921591 2.6403971 
HoiH11_mRNA3028                                        2.8246787 2.5041736 2.4978806 1.3539383 3.2754344 3.0726590 2.3239946 2.7012228 2.0046274 2.3030308 2.1790878 2.1474494 2.1506648 2.1321075 3.3146987 2.6729826 3.2631160 3.3448486 3.8065307 3.3647634 2.0538521 2.5084561 2.0967278 2.1925485 2.1321672 2.0132594 2.1148728 1.8998784 1.9951467 2.4934168 2.4370200 2.6625394 2.6550595 0.3105762 0.3092481 0.2398972 0.2374074 0.2201919 0.2206111 0.0000000 1.5313669 2.8692613 2.9881130 
Nvec_v1g208816                                         1.9914652 1.8925379 1.9154504 1.5756821 1.9646310 1.7218106 1.8616595 1.4995801 0.4496966 0.7094546 0.7729566 0.5224333 0.7777053 0.7691481 2.1149845 3.2338815 2.0454164 1.8546532 1.0570419 1.8507920 1.5600325 1.5627220 1.2625886 1.4488724 1.4196565 1.2965195 1.3870690 0.9040747 0.9373331 1.5701701 1.6457370 1.7896764 1.8529881 1.5970080 1.5970080 1.5266190 1.5460627 1.5334785 1.5334785 1.5313669 0.0000000 2.2898763 2.2287321 
Tetwil_g11444.t1                                       3.3732373 3.9331238 3.2060432 3.3196205 4.4533613 3.7659219 3.1265316 2.9219061 2.5624323 2.6910990 2.4217413 2.6384026 2.4648052 2.4495993 1.8054375 0.8391846 1.8104872 1.4267848 4.7683342 1.2874612 3.0677727 3.5593867 2.9030493 3.0389910 3.1005601 3.1135274 3.7219504 2.1998777 2.3476318 2.4073797 2.6597964 2.8041521 3.0517717 2.7940282 2.7940282 2.4769360 2.4366149 2.3863241 2.3921591 2.8692613 2.2898763 0.0000000 1.2435181 
Plespi_Pspi_scaffold540_01                             3.6251346 3.9868427 3.4076543 1.7158490 3.7833208 4.4851433 3.6936768 3.5266070 2.2154572 2.4871524 2.2529563 1.8652121 2.2755671 2.2945271 1.6026913 0.9229910 1.3867977 1.4460189 8.9999989 1.4402353 2.2519478 2.7299052 2.4405290 2.4719882 2.4725913 2.8120899 2.6186456 2.2285348 2.3931381 2.1316587 2.3750686 2.6379216 3.2040872 3.0182930 3.0182930 2.7455690 2.8660166 2.6439097 2.6403971 2.9881130 2.2287321 1.2435181 0.0000000 
