21
Bralan_BLAG01002607_1                                  0.0000000 1.1623709 1.5648656 0.8918825 2.0605993 1.9351480 1.9351480 1.8595418 1.9692558 1.9972485 1.5029528 3.3053463 2.4909341 2.6696699 2.6174442 2.8947074 2.6187789 2.8493702 2.8513781 2.7286957 3.4353784 
Skow_XM_002742331.2                                    1.1623709 0.0000000 1.4568853 0.6298036 1.0133944 1.2826896 1.2826896 1.1602142 1.0469068 1.1614473 1.5166081 2.5388856 2.3956525 1.9291109 1.6411453 2.1184439 1.5139481 1.7869975 1.7778745 2.0056746 3.7099701 
Exapal_XM_021057626.2                                  1.5648656 1.4568853 0.0000000 0.9520910 0.8257501 0.7470580 0.7470580 0.8319965 0.9174645 0.8359564 1.0911005 2.7708922 2.2514572 1.7790758 2.0468488 2.0391523 1.6054359 3.6290145 3.6388877 3.4983428 3.5366980 
Nvec_v1g93898                                          0.8918825 0.6298036 0.9520910 0.0000000 0.5843761 0.7340114 0.7340114 0.5793284 0.6342461 0.5307928 0.8606894 1.1524741 1.2330930 1.1333160 1.3034785 1.0388308 1.1063960 1.7534474 1.7294101 1.6357630 1.8474120 
Pocdam_XM_027204026.1                                  2.0605993 1.0133944 0.8257501 0.5843761 0.0000000 0.6149640 0.6149640 0.3430911 0.5312822 0.2951611 0.7320636 2.3973570 2.6236170 2.4460263 1.9468523 1.8804842 1.4926927 3.1316057 3.2415500 3.1058534 4.8306506 
Adig_XM_015906973.1                                    1.9351480 1.2826896 0.7470580 0.7340114 0.6149640 0.0000000 0.0000010 0.3250421 0.5389491 0.4514506 0.5399778 2.8062807 2.5338394 2.4349946 1.7858424 1.9544847 1.6100402 2.5819582 2.7655512 2.7188542 4.2024230 
Amil_Amillepora22310-RA                                1.9351480 1.2826896 0.7470580 0.7340114 0.6149640 0.0000010 0.0000000 0.3250421 0.5389491 0.4514506 0.5399778 2.8062807 2.5338394 2.4349946 1.7858424 1.9544847 1.6100402 2.5819582 2.7655512 2.7188542 4.2024230 
Gfas_gfas1.m1.8887.m1                                  1.8595418 1.1602142 0.8319965 0.5793284 0.3430911 0.3250421 0.3250421 0.0000000 0.3198697 0.2809643 0.3541490 2.7949630 2.5949400 2.3468369 2.0689201 2.3458448 1.4884238 2.6598883 2.8509501 2.7787942 4.6603193 
Gasp_gasp1.m3.17897.m1                                 1.9692558 1.0469068 0.9174645 0.6342461 0.5312822 0.5389491 0.5389491 0.3198697 0.0000000 0.2610440 0.2933644 2.7293572 2.3743718 2.3852145 2.1780964 2.4444109 1.4542583 2.5551572 2.6379863 2.7139618 4.8160290 
Spis_XP_022781567_1                                    1.9972485 1.1614473 0.8359564 0.5307928 0.2951611 0.4514506 0.4514506 0.2809643 0.2610440 0.0000000 0.2822070 2.8731133 2.7999574 2.4692103 2.1665265 2.0518393 1.4098732 3.0586813 2.8585683 2.8368842 4.5202405 
Fspp_ffun1.m4.6236.m1                                  1.5029528 1.5166081 1.0911005 0.8606894 0.7320636 0.5399778 0.5399778 0.3541490 0.2933644 0.2822070 0.0000000 4.5198785 3.6250940 3.1414063 4.4208940 3.7223816 2.0621630 4.3354819 4.2358314 4.3687486 4.2587513 
Aque_Aqu2.1.27168_001                                  3.3053463 2.5388856 2.7708922 1.1524741 2.3973570 2.8062807 2.8062807 2.7949630 2.7293572 2.8731133 4.5198785 0.0000000 0.7411974 1.5862944 3.2589088 3.3066963 2.4512794 2.0320031 1.9801496 1.9167377 4.2376442 
Xestes_maker-XT_scaffold2912-augustus-gene-0.26-mRNA-1 2.4909341 2.3956525 2.2514572 1.2330930 2.6236170 2.5338394 2.5338394 2.5949400 2.3743718 2.7999574 3.6250940 0.7411974 0.0000000 1.2679543 2.2460704 2.4053630 2.1192088 1.7357717 1.8034335 1.6599415 3.9919647 
Spolac_c81441_g1_i1_m.2861c81441-g1                    2.6696699 1.9291109 1.7790758 1.1333160 2.4460263 2.4349946 2.4349946 2.3468369 2.3852145 2.4692103 3.1414063 1.5862944 1.2679543 0.0000000 2.4137359 3.0739457 2.8800890 2.3994511 2.5030792 2.2938988 1.7883337 
Nemnom_g7628.t1                                        2.6174442 1.6411453 2.0468488 1.3034785 1.9468523 1.7858424 1.7858424 2.0689201 2.1780964 2.1665265 4.4208940 3.2589088 2.2460704 2.4137359 0.0000000 0.5078983 1.4668168 2.7555960 2.6373179 2.4996003 5.3490560 
Rhoesc_Res_006712-T1                                   2.8947074 2.1184439 2.0391523 1.0388308 1.8804842 1.9544847 1.9544847 2.3458448 2.4444109 2.0518393 3.7223816 3.3066963 2.4053630 3.0739457 0.5078983 0.0000000 1.3914947 2.6875380 2.6847028 2.7182839 6.1478483 
Aaur_scaffold1567.g3.t1                                2.6187789 1.5139481 1.6054359 1.1063960 1.4926927 1.6100402 1.6100402 1.4884238 1.4542583 1.4098732 2.0621630 2.4512794 2.1192088 2.8800890 1.4668168 1.3914947 0.0000000 2.3272537 2.2175654 2.3874420 6.2467327 
HoiH06_mRNA10223                                       2.8493702 1.7869975 3.6290145 1.7534474 3.1316057 2.5819582 2.5819582 2.6598883 2.5551572 3.0586813 4.3354819 2.0320031 1.7357717 2.3994511 2.7555960 2.6875380 2.3272537 0.0000000 0.0428764 0.0898835 3.1594291 
HoiH23_PlH23_008552-RA                                 2.8513781 1.7778745 3.6388877 1.7294101 3.2415500 2.7655512 2.7655512 2.8509501 2.6379863 2.8585683 4.2358314 1.9801496 1.8034335 2.5030792 2.6373179 2.6847028 2.2175654 0.0428764 0.0000000 0.1010524 3.1183586 
HoiH04_mRNA6531                                        2.7286957 2.0056746 3.4983428 1.6357630 3.1058534 2.7188542 2.7188542 2.7787942 2.7139618 2.8368842 4.3687486 1.9167377 1.6599415 2.2938988 2.4996003 2.7182839 2.3874420 0.0898835 0.1010524 0.0000000 3.2185300 
Emue_Em0015g994a.t1                                    3.4353784 3.7099701 3.5366980 1.8474120 4.8306506 4.2024230 4.2024230 4.6603193 4.8160290 4.5202405 4.2587513 4.2376442 3.9919647 1.7883337 5.3490560 6.1478483 6.2467327 3.1594291 3.1183586 3.2185300 0.0000000 
