55
Hsap_ENST00000335464                                   0.0000000 0.9531325 1.1928384 1.0479898 1.0947193 1.1134092 1.0603036 1.0495136 1.0632534 1.2014968 1.2953516 1.1524094 0.9151118 1.2206915 1.0078110 1.2462495 1.2830864 1.4363163 1.3236316 1.2986670 1.4541463 1.3283076 1.5774638 1.6161784 1.6343738 1.4404576 1.2394728 1.6391949 1.6766140 1.6498377 1.4818978 1.7126552 1.7500766 1.5705616 1.6060959 1.6105163 1.7734676 1.4725618 1.3876452 1.3436346 2.0831531 2.0303638 1.7887374 1.9392833 2.1663000 2.0847807 2.0202515 1.5572737 1.8933884 1.8535797 1.9893473 1.7623768 1.8150376 2.0466511 4.8988791 
Skow_XM_006814675.1                                    0.9531325 0.0000000 1.1238885 0.8758480 1.0872003 1.0151803 0.9472075 1.1236492 1.0202945 1.2153090 1.3539077 1.0958497 1.0891089 1.1902201 1.1035574 1.3432879 1.3663778 1.3976450 1.3618627 1.3087464 1.3182223 1.2557113 1.4047746 1.3831198 1.5493197 1.2856865 1.1640130 1.6598034 1.6934134 1.6621840 1.3373338 1.6038373 1.8911632 1.6979383 1.4596974 1.2631666 1.6939871 1.3844254 1.5205683 1.6536310 2.2023880 2.2598833 1.8298229 2.0414070 2.0600016 2.0589221 1.8785822 1.8469751 1.9537673 1.9184326 2.0152306 1.8382830 1.7185910 2.3152529 6.7754983 
Exapal_XM_021043722.2                                  1.1928384 1.1238885 0.0000000 0.5812686 0.8776093 0.8633514 0.8685864 0.8998844 0.8966914 0.9143305 0.9031376 1.2773110 1.2546775 1.3588510 1.3591768 1.3885525 1.4262203 1.4995278 1.4226654 1.3876099 1.5026184 1.3635460 1.3972873 1.3963208 1.5075390 1.2631203 1.4892221 1.5095429 1.4443982 1.5551278 1.3801915 1.7477158 2.0266474 1.6494332 1.3489020 1.4605475 1.7316411 1.4299459 1.5520864 1.7610789 2.1211208 2.2031864 1.8282469 1.9503101 1.9355666 1.9788411 1.9124412 1.6798636 1.8701055 1.7647979 1.7627884 1.5378702 1.8934411 2.9338048 4.5641208 
Nvec_v1g122626                                         1.0479898 0.8758480 0.5812686 0.0000000 0.6506139 0.5794021 0.5582449 0.6231001 0.5772795 0.7066558 0.7148915 1.2881438 1.0766766 1.1081123 1.0963449 1.2066110 1.2066110 1.2187099 1.1764469 1.1673530 1.1673530 1.2102824 1.1367016 1.1337261 1.3766214 1.1588401 1.3540030 1.3902377 1.2022711 1.3015266 1.2642690 1.3276132 0.0000010 1.3752674 1.2525474 1.1720945 1.4572261 1.3124019 1.3219617 1.7478164 1.8562199 1.9085414 1.8356459 1.7476261 1.9097760 1.8110331 1.4803612 1.5806994 1.7911345 1.7215740 1.8368540 1.5170419 1.8521088 0.0000010 6.7166990 
Gfas_gfas1.m1.6689.m1                                  1.0947193 1.0872003 0.8776093 0.6506139 0.0000000 0.2807992 0.3258411 0.3558318 0.3605087 0.4818769 0.5289147 1.0932088 1.1004791 1.2590315 1.3641356 1.2778859 1.3198050 1.3228236 1.2813289 1.2788330 1.4413023 1.4569712 1.2806711 1.2718109 1.4144575 1.2836290 1.3344453 1.3296578 1.2949802 1.3342539 1.2672100 1.5611985 1.5380390 1.5352971 1.4635814 1.2406729 1.4565925 1.3809857 1.4516509 1.5840517 1.9040683 1.9010771 1.6966424 1.6343971 1.8415594 1.8059366 1.6401741 1.6541535 1.7294565 1.7626886 1.8091658 1.5431605 1.8742246 1.8307333 4.4722278 
Fspp_ffun1.m4.19754.m1                                 1.1134092 1.0151803 0.8633514 0.5794021 0.2807992 0.0000000 0.1854671 0.2703458 0.2880233 0.5082973 0.5321754 1.1355158 1.1202736 1.1703195 1.3400544 1.3124193 1.3533564 1.3183573 1.3202258 1.3006963 1.4312716 1.4302369 1.3467620 1.3151084 1.4223931 1.2667363 1.3208238 1.3599412 1.3188617 1.3366622 1.2165551 1.5895363 1.7505830 1.5201650 1.4553589 1.2778241 1.4394766 1.3879061 1.3862172 1.4821204 1.8293449 1.9230882 1.6680114 1.5893268 1.8629671 1.6915316 1.5918524 1.7284561 1.6627229 1.6961187 1.7740912 1.5575667 1.8007064 1.6647816 4.4211418 
Gasp_gasp1.m3.6568.m1                                  1.0603036 0.9472075 0.8685864 0.5582449 0.3258411 0.1854671 0.0000000 0.2968088 0.2943173 0.5166243 0.5422847 1.1037369 1.1057360 1.1338995 1.2546734 1.2523315 1.2732487 1.3558459 1.2829072 1.2509921 1.3699551 1.4219178 1.3229917 1.3239370 1.4076459 1.2082806 1.3985583 1.4429410 1.3052038 1.3814071 1.2243134 1.6436046 1.7010293 1.5165105 1.3846032 1.2895044 1.3888670 1.4143574 1.4219379 1.5298682 1.8642874 1.9578254 1.6883474 1.7246383 1.8010027 1.8424248 1.6257399 1.7259492 1.7586097 1.7248761 1.7289079 1.5595468 1.7765636 1.8232166 4.3962586 
Spis_XP_022788451_1                                    1.0495136 1.1236492 0.8998844 0.6231001 0.3558318 0.2703458 0.2968088 0.0000000 0.1487025 0.5465923 0.5730578 1.1453117 1.1601889 1.1841562 1.3687112 1.2774236 1.2990649 1.3041657 1.2863331 1.2459742 1.3827430 1.4338975 1.3650341 1.3358343 1.4448558 1.1670918 1.3295774 1.4479264 1.3537353 1.4671984 1.2572039 1.6473708 1.8252454 1.5367462 1.4255873 1.3004710 1.4234120 1.4067917 1.3625129 1.4590658 1.8513172 1.9579704 1.6646393 1.6218757 1.8962136 1.7747418 1.5592573 1.7648242 1.6517947 1.6714426 1.7681477 1.5626943 1.7150427 1.8355895 4.7573223 
Pocdam_XM_027179888.1                                  1.0632534 1.0202945 0.8966914 0.5772795 0.3605087 0.2880233 0.2943173 0.1487025 0.0000000 0.5193562 0.5791974 1.2083738 1.0799249 1.1678779 1.3447187 1.2897372 1.3234471 1.2965288 1.2807602 1.2387470 1.3701446 1.4651313 1.3491874 1.3785073 1.5587830 1.2772155 1.3348387 1.4275528 1.3346923 1.4247453 1.2375595 1.6172399 1.8409358 1.4764199 1.3718636 1.3771146 1.4184982 1.4158031 1.3915449 1.5468830 1.8590482 1.8434229 1.5726905 1.6126124 1.8183992 1.7377263 1.5545888 1.7328945 1.6243242 1.6579448 1.7580287 1.5196416 1.6786934 1.7117557 4.4126681 
Adig_XM_015907022.1                                    1.2014968 1.2153090 0.9143305 0.7066558 0.4818769 0.5082973 0.5166243 0.5465923 0.5193562 0.0000000 0.1583312 1.2480986 1.3520145 1.3722798 1.3231424 1.5292125 1.5479624 1.5627804 1.5120114 1.4754925 1.6688225 1.4820973 1.5438857 1.5678516 1.6669594 1.4505550 1.5682533 1.3708985 1.3190684 1.3923165 1.3772932 1.6897502 2.0104473 1.6869120 1.4953971 1.7261038 1.6815522 1.6339369 1.5681473 1.6296520 1.9561341 2.1260111 1.7818007 1.8341980 1.9374300 2.1134155 1.8168408 1.6850072 1.8352163 1.9809638 2.0265537 1.7301490 1.9837009 2.3342146 5.1397143 
Amil_Amillepora14696-RA                                1.2953516 1.3539077 0.9031376 0.7148915 0.5289147 0.5321754 0.5422847 0.5730578 0.5791974 0.1583312 0.0000000 1.2747601 1.3585971 1.4439605 1.3763190 1.5890735 1.5933883 1.6393267 1.5782476 1.5338400 1.7539128 1.6635501 1.7621488 1.7182705 1.7756801 1.4508416 1.6983774 1.4266543 1.3807746 1.4449254 1.5807154 1.8806471 1.8449042 1.8646665 1.5252129 1.7425601 1.7538290 1.8044205 1.7860856 1.7221525 2.1848540 2.2598355 2.1455794 1.9483715 2.0302954 2.1340345 1.9604619 1.7211537 1.9296797 1.9807063 2.0502068 1.8472623 2.3210658 2.4747587 4.7090802 
Ctel_gnl_WGS_AMQN_CAPTEDRAFT_mRNA181484                1.1524094 1.0958497 1.2773110 1.2881438 1.0932088 1.1355158 1.1037369 1.1453117 1.2083738 1.2480986 1.2747601 0.0000000 0.8708330 1.0315138 1.1216621 1.2862305 1.3105064 1.3979437 1.2884958 1.3140938 1.4807060 1.3807567 1.6581786 1.6403711 1.6629296 1.7752234 1.2089304 1.6922595 1.6604264 1.9130741 1.4953420 1.8302758 1.9440228 1.7624000 1.9217335 1.7540898 1.9655504 1.5737083 1.4249955 1.6748596 2.0301771 2.1495544 1.8463917 1.8526010 2.2598569 2.0362076 1.8849510 1.6837902 1.8803965 1.9210775 2.0212587 1.6950112 1.9107158 2.0322408 5.6193890 
Acagra_model.g25508.t1                                 0.9151118 1.0891089 1.2546775 1.0766766 1.1004791 1.1202736 1.1057360 1.1601889 1.0799249 1.3520145 1.3585971 0.8708330 0.0000000 0.9435133 0.9797230 1.3100981 1.3528053 1.3629753 1.2977271 1.3102720 1.4188408 1.3175356 1.5195040 1.3391670 1.5054895 1.4884003 1.1333349 1.6309661 1.5511883 1.6173258 1.4923664 1.7940317 1.7842458 1.6058730 1.4236412 1.4818435 1.6967541 1.3949029 1.4265033 1.4883176 1.9471552 1.8922458 1.7063263 1.8733868 1.8958310 1.7856285 1.8272647 1.3606162 1.9340820 1.8091475 1.9161505 1.7486745 1.9331064 1.7447468 5.4403133 
Cgig_XM_011450596.3                                    1.2206915 1.1902201 1.3588510 1.1081123 1.2590315 1.1703195 1.1338995 1.1841562 1.1678779 1.3722798 1.4439605 1.0315138 0.9435133 0.0000000 1.1029726 1.3833113 1.4491616 1.4492234 1.3517040 1.3168236 1.4405551 1.4701120 1.7702960 1.7211107 1.8034918 1.7370874 1.3886375 1.7120516 1.6684242 1.8148634 1.4114370 1.8362894 1.9353934 1.7215257 1.7506245 1.5693336 1.6676942 1.5111139 1.4580019 1.5932404 1.9211135 2.1655113 1.7531780 1.8854257 1.9372240 1.7894847 1.8550566 1.4807273 2.1129387 2.0682170 2.0760312 1.8295424 1.8525689 1.7724652 6.6499884 
Cscu_XM_023357799.1                                    1.0078110 1.1035574 1.3591768 1.0963449 1.3641356 1.3400544 1.2546734 1.3687112 1.3447187 1.3231424 1.3763190 1.1216621 0.9797230 1.1029726 0.0000000 1.2541570 1.2763212 1.3086428 1.2433684 1.1912061 1.2767798 1.2671443 1.5685841 1.4526048 1.8053348 1.4391557 1.2707378 1.7196177 1.7026388 1.7090393 1.4656027 1.6991097 1.9507933 1.7792334 1.3229938 1.5162153 1.6920421 1.5550119 1.6106784 1.5201476 2.2378309 2.2721988 1.8732992 1.9949027 2.0374592 2.0127546 1.8792351 1.3354838 2.0878817 2.1133500 2.1215440 1.9505208 2.0372477 2.0817437 5.5335490 
Tadh_TriadT21298                                       1.2462495 1.3432879 1.3885525 1.2066110 1.2778859 1.3124193 1.2523315 1.2774236 1.2897372 1.5292125 1.5890735 1.2862305 1.3100981 1.3833113 1.2541570 0.0000000 0.0022996 0.2883286 0.2632246 0.2716202 0.3191257 0.3320082 1.7206268 1.5816102 1.6544356 1.6993522 1.4835404 1.7017234 1.6185264 1.6544087 1.6396965 1.7289279 1.3628366 1.4820388 1.5906770 1.8758582 1.7408140 1.5874372 1.5031238 1.6031219 2.0839160 1.9366200 1.8473085 1.9449922 1.8764446 1.9522532 1.8590725 1.7283162 1.9967950 2.0228516 2.1347534 1.8471993 2.0599387 1.8213407 5.0082557 
TrH2_TrispH2_009370-RA                                 1.2830864 1.3663778 1.4262203 1.2066110 1.3198050 1.3533564 1.2732487 1.2990649 1.3234471 1.5479624 1.5933883 1.3105064 1.3528053 1.4491616 1.2763212 0.0022996 0.0000000 0.2916700 0.2673503 0.2755497 0.3231163 0.3376312 1.7417211 1.6198484 1.6858944 1.6993522 1.5048478 1.7231501 1.6544756 1.6782124 1.6603938 1.7469537 1.4480893 1.5131975 1.5906770 1.8991493 1.7746484 1.6378079 1.4993634 1.6189650 2.1426801 1.9726008 1.8235272 1.9937363 1.8764446 1.9977555 1.9117869 1.7784606 2.0615644 2.0824157 2.1999498 1.9036317 2.0599387 1.9513918 5.1035303 
HoiH06_mRNA11615                                       1.4363163 1.3976450 1.4995278 1.2187099 1.3228236 1.3183573 1.3558459 1.3041657 1.2965288 1.5627804 1.6393267 1.3979437 1.3629753 1.4492234 1.3086428 0.2883286 0.2916700 0.0000000 0.0768383 0.1491426 0.1591769 0.2312055 1.7802374 1.6504614 1.7247993 1.6469711 1.5379948 1.6784854 1.6758044 1.6650554 1.5391241 1.6219882 1.6277007 1.6158276 1.6368289 1.8258747 1.8920977 1.5742626 1.4699996 1.6712111 2.1620973 2.0643368 1.8805602 2.0906366 1.8649882 1.8446540 1.9839372 1.7513015 2.1328776 2.1524189 2.1934572 1.9715007 2.0846515 1.9679262 5.5540063 
HoiH23_PlH23_011226-RA                                 1.3236316 1.3618627 1.4226654 1.1764469 1.2813289 1.3202258 1.2829072 1.2863331 1.2807602 1.5120114 1.5782476 1.2884958 1.2977271 1.3517040 1.2433684 0.2632246 0.2673503 0.0768383 0.0000000 0.1232495 0.1659566 0.2675675 1.7588491 1.5687387 1.7025759 1.6110295 1.4746961 1.5870617 1.5893101 1.6030122 1.5945032 1.6026959 1.5483572 1.5697071 1.6537463 1.8309067 1.8495532 1.5100635 1.4185435 1.6357845 2.1003261 1.9765695 1.9142337 2.0135864 1.8791048 1.8080549 1.8992271 1.7080655 2.1279803 2.1633399 2.2167924 1.9209510 2.0823043 1.7754497 5.3893250 
Hhon_g00311.t1                                         1.2986670 1.3087464 1.3876099 1.1673530 1.2788330 1.3006963 1.2509921 1.2459742 1.2387470 1.4754925 1.5338400 1.3140938 1.3102720 1.3168236 1.1912061 0.2716202 0.2755497 0.1491426 0.1232495 0.0000000 0.0239812 0.2490833 1.7351057 1.5932940 1.6915826 1.6284879 1.4088518 1.6207366 1.6155320 1.6004342 1.5909441 1.6601314 1.5820594 1.5400359 1.5873651 1.6664771 1.8276101 1.5391693 1.4137493 1.5833252 2.1530840 2.0842568 1.9137997 1.9864078 1.8845842 1.8850165 1.9237177 1.6584056 2.1615007 2.0987634 2.1317014 1.9353537 2.1104997 1.8572372 5.2860409 
HoiH04_mRNA9589                                        1.4541463 1.3182223 1.5026184 1.1673530 1.4413023 1.4312716 1.3699551 1.3827430 1.3701446 1.6688225 1.7539128 1.4807060 1.4188408 1.4405551 1.2767798 0.3191257 0.3231163 0.1591769 0.1659566 0.0239812 0.0000000 0.2328288 1.7332459 1.6944928 1.8743919 1.6284879 1.5846320 1.7991296 1.7583361 1.7589711 1.6034868 1.6102921 1.9194587 1.6484278 1.5873651 1.5302631 1.9509557 1.6743397 1.5309880 1.7572726 2.2065151 2.2894330 1.9831956 2.0542911 1.8845842 1.9341437 2.0952620 1.8533278 2.3489500 2.2640594 2.3157670 2.1128266 2.1104997 2.2168423 6.7176679 
HoiH11_mRNA5904                                        1.3283076 1.2557113 1.3635460 1.2102824 1.4569712 1.4302369 1.4219178 1.4338975 1.4651313 1.4820973 1.6635501 1.3807567 1.3175356 1.4701120 1.2671443 0.3320082 0.3376312 0.2312055 0.2675675 0.2490833 0.2328288 0.0000000 1.8295681 1.7247171 1.8570207 1.6140560 1.5109346 1.8835808 1.8213131 1.8110797 1.7387363 1.8088264 2.2701277 1.6732098 1.6144860 1.8176706 1.9078567 1.5541102 1.4461536 1.7127196 2.2202130 2.1760887 2.0110072 1.9924559 1.8660887 1.9425579 2.0388141 1.8233383 2.2212527 2.1568260 2.2249505 2.0502914 2.1819189 2.0783101 4.8950131 
Aaur_scaffold2076.g2.t2                                1.5774638 1.4047746 1.3972873 1.1367016 1.2806711 1.3467620 1.3229917 1.3650341 1.3491874 1.5438857 1.7621488 1.6581786 1.5195040 1.7702960 1.5685841 1.7206268 1.7417211 1.7802374 1.7588491 1.7351057 1.7332459 1.8295681 0.0000000 0.5321690 0.8230661 0.8826342 1.6330657 2.0674551 1.8696341 2.0470655 1.6469048 1.8725733 2.7736548 1.9576643 1.3876112 1.1803186 1.5519908 1.7985156 2.1327121 1.9402999 2.3681214 2.3305324 2.1805209 1.9071466 1.9142040 2.2040080 1.9152590 2.1245457 1.9439306 2.0041726 2.0568237 1.8437676 1.7423600 2.8901747 8.1779699 
Rhoesc_Res_014034-T1                                   1.6161784 1.3831198 1.3963208 1.1337261 1.2718109 1.3151084 1.3239370 1.3358343 1.3785073 1.5678516 1.7182705 1.6403711 1.3391670 1.7211107 1.4526048 1.5816102 1.6198484 1.6504614 1.5687387 1.5932940 1.6944928 1.7247171 0.5321690 0.0000000 0.8152580 0.9257166 1.6385289 1.7924817 1.7185722 1.8060188 1.6472717 1.8111204 2.1872269 1.9627769 1.5230274 1.2683254 1.4370189 1.6966055 1.7084014 1.8723032 2.2572641 2.2966575 1.8744854 2.1046048 2.0774437 2.0665953 2.0918479 2.0796335 2.0410920 1.8874601 1.8675118 1.8081326 1.7416298 2.1774201 5.9398611 
Sanmal_Sma_012729-T1                                   1.6343738 1.5493197 1.5075390 1.3766214 1.4144575 1.4223931 1.4076459 1.4448558 1.5587830 1.6669594 1.7756801 1.6629296 1.5054895 1.8034918 1.8053348 1.6544356 1.6858944 1.7247993 1.7025759 1.6915826 1.8743919 1.8570207 0.8230661 0.8152580 0.0000000 1.0140466 1.5743070 1.7641021 1.7931055 1.8377118 1.7278899 1.9575268 1.6931467 1.8937172 1.7663840 1.2873211 1.3767339 1.6689070 1.5957795 1.9000195 2.0393631 2.1672327 2.1228405 1.8846552 1.9781860 1.8491672 1.9624373 2.1701191 2.0820524 2.0623433 2.1310611 1.9589413 2.0859737 2.1704498 5.7127875 
Morvir_scaffold404.g15.t1                              1.4404576 1.2856865 1.2631203 1.1588401 1.2836290 1.2667363 1.2082806 1.1670918 1.2772155 1.4505550 1.4508416 1.7752234 1.4884003 1.7370874 1.4391557 1.6993522 1.6993522 1.6469711 1.6110295 1.6284879 1.6284879 1.6140560 0.8826342 0.9257166 1.0140466 0.0000000 1.5160574 1.7396003 1.7837644 1.7099614 1.8694763 1.8748663 0.0000010 1.8491597 1.6878055 0.9653336 1.3753729 1.4578164 1.7384463 1.8822570 2.0085227 2.1637682 2.0600181 1.7958529 2.0540849 1.9981898 1.7936868 1.9698464 1.9121494 1.7503118 1.7751961 1.7803121 1.9599729 0.0000010 6.5265269 
Spur_XM_030984269.1                                    1.2394728 1.1640130 1.4892221 1.3540030 1.3344453 1.3208238 1.3985583 1.3295774 1.3348387 1.5682533 1.6983774 1.2089304 1.1333349 1.3886375 1.2707378 1.4835404 1.5048478 1.5379948 1.4746961 1.4088518 1.5846320 1.5109346 1.6330657 1.6385289 1.5743070 1.5160574 0.0000000 1.6585209 1.7031160 1.7956412 1.4845995 1.9136801 1.5941069 1.8137615 1.8583060 1.6410932 1.6916463 1.6531681 1.7249643 1.5095395 2.2363717 2.2969804 2.0680370 2.1341948 2.5567557 2.0882454 1.9305833 1.7387310 2.0716555 1.8714257 2.0875613 1.8721464 1.9591968 2.1031059 6.2089845 
Scil_scict016083.1                                     1.6391949 1.6598034 1.5095429 1.3902377 1.3296578 1.3599412 1.4429410 1.4479264 1.4275528 1.3708985 1.4266543 1.6922595 1.6309661 1.7120516 1.7196177 1.7017234 1.7231501 1.6784854 1.5870617 1.6207366 1.7991296 1.8835808 2.0674551 1.7924817 1.7641021 1.7396003 1.6585209 0.0000000 0.4944240 0.5659055 0.9365219 0.6755870 1.6152966 1.5681359 1.5324149 1.6881407 1.9198234 1.9183218 1.6561125 1.8406246 2.1702877 2.0522888 2.0059788 1.9664516 2.5582610 1.9202984 1.9040216 2.0075722 2.0870109 2.1334960 2.0539986 1.8736280 2.2348034 2.1275625 5.1216045 
Lcom_lcpid54081                                        1.6766140 1.6934134 1.4443982 1.2022711 1.2949802 1.3188617 1.3052038 1.3537353 1.3346923 1.3190684 1.3807746 1.6604264 1.5511883 1.6684242 1.7026388 1.6185264 1.6544756 1.6758044 1.5893101 1.6155320 1.7583361 1.8213131 1.8696341 1.7185722 1.7931055 1.7837644 1.7031160 0.4944240 0.0000000 0.5738955 0.7853352 0.6272684 1.5920940 1.4263995 1.4961526 1.8874586 1.8553283 1.9241702 1.8528051 1.8239354 2.0790506 2.0335159 1.7538460 1.9222191 2.3905955 1.9454543 1.7628022 1.9268678 2.0985024 2.0810200 2.0707270 1.8178881 2.2962334 1.8927356 5.2925104 
Gracom_Gcom_scaffold18188_01                           1.6498377 1.6621840 1.5551278 1.3015266 1.3342539 1.3366622 1.3814071 1.4671984 1.4247453 1.3923165 1.4449254 1.9130741 1.6173258 1.8148634 1.7090393 1.6544087 1.6782124 1.6650554 1.6030122 1.6004342 1.7589711 1.8110797 2.0470655 1.8060188 1.8377118 1.7099614 1.7956412 0.5659055 0.5738955 0.0000000 0.9647259 0.7361402 1.5989929 1.5188241 1.5456402 1.8301252 1.8478077 1.9604151 1.8022055 2.0308965 2.2004712 2.2615562 2.0727230 2.1139723 2.2856832 1.9584184 1.9541890 2.0737982 2.3421011 2.3288625 2.2792476 2.0519005 2.3652318 2.0636343 5.3590390 
Clacor_Ccor_C538779_01                                 1.4818978 1.3373338 1.3801915 1.2642690 1.2672100 1.2165551 1.2243134 1.2572039 1.2375595 1.3772932 1.5807154 1.4953420 1.4923664 1.4114370 1.4656027 1.6396965 1.6603938 1.5391241 1.5945032 1.5909441 1.6034868 1.7387363 1.6469048 1.6472717 1.7278899 1.8694763 1.4845995 0.9365219 0.7853352 0.9647259 0.0000000 0.8045507 1.1781818 1.4251666 1.3609120 1.6250807 1.7745663 1.7741707 1.8988395 1.6381386 1.9581080 2.0320921 1.9301115 1.8930796 2.3647883 1.7376520 1.6654422 1.6199753 2.0686148 1.8986879 1.9217800 1.8064890 2.0984984 1.3623437 8.6770677 
Leuniv_Lniv_C809304_01                                 1.7126552 1.6038373 1.7477158 1.3276132 1.5611985 1.5895363 1.6436046 1.6473708 1.6172399 1.6897502 1.8806471 1.8302758 1.7940317 1.8362894 1.6991097 1.7289279 1.7469537 1.6219882 1.6026959 1.6601314 1.6102921 1.8088264 1.8725733 1.8111204 1.9575268 1.8748663 1.9136801 0.6755870 0.6272684 0.7361402 0.8045507 0.0000000 2.2814440 1.5910333 1.5064607 1.7690493 2.1492437 2.2334900 1.9967150 1.8466937 2.3134568 2.2396966 1.8881521 2.0839215 2.4809826 1.9507158 1.8995625 2.2099116 2.3208804 2.3012415 2.2656610 2.1570576 2.1994497 2.4883412 6.6907481 
Ocar_g771                                              1.7500766 1.8911632 2.0266474 0.0000010 1.5380390 1.7505830 1.7010293 1.8252454 1.8409358 2.0104473 1.8449042 1.9440228 1.7842458 1.9353934 1.9507933 1.3628366 1.4480893 1.6277007 1.5483572 1.5820594 1.9194587 2.2701277 2.7736548 2.1872269 1.6931467 0.0000010 1.5941069 1.6152966 1.5920940 1.5989929 1.1781818 2.2814440 0.0000000 0.0710767 0.0000010 2.3621216 2.1131123 1.5795218 1.7023950 2.3691991 2.2587740 2.1845380 1.8667811 1.6737005 0.0000010 2.1773296 1.9527580 2.9141606 2.2605249 1.7314338 1.5667695 1.6894963 1.1428882 1.8591469 3.4489898 
Opea_EP00118_Oscarella_pearsei_P007536                 1.5705616 1.6979383 1.6494332 1.3752674 1.5352971 1.5201650 1.5165105 1.5367462 1.4764199 1.6869120 1.8646665 1.7624000 1.6058730 1.7215257 1.7792334 1.4820388 1.5131975 1.6158276 1.5697071 1.5400359 1.6484278 1.6732098 1.9576643 1.9627769 1.8937172 1.8491597 1.8137615 1.5681359 1.4263995 1.5188241 1.4251666 1.5910333 0.0710767 0.0000000 1.0414504 1.7807172 2.0039282 1.7872451 1.7147818 2.2561359 2.3305767 2.2454712 2.2855189 1.7284631 2.0495219 2.1213797 2.0134587 2.4554891 1.8643656 1.8493386 1.9080495 1.7515795 2.1753179 1.8094555 4.8715497 
Plajan_Pjan_scaffold17763_01                           1.6060959 1.4596974 1.3489020 1.2525474 1.4635814 1.4553589 1.3846032 1.4255873 1.3718636 1.4953971 1.5252129 1.9217335 1.4236412 1.7506245 1.3229938 1.5906770 1.5906770 1.6368289 1.6537463 1.5873651 1.5873651 1.6144860 1.3876112 1.5230274 1.7663840 1.6878055 1.8583060 1.5324149 1.4961526 1.5456402 1.3609120 1.5064607 0.0000010 1.0414504 0.0000000 1.6976009 1.8509281 1.7105178 2.0310114 2.1196407 2.3578913 2.4130060 2.2372346 2.2266633 2.5483766 2.1470040 1.8684759 1.9625430 2.1242330 2.1007918 2.4237956 2.1175549 2.4606910 0.0000010 8.2581076 
Hvul_g14028_1                                          1.6105163 1.2631666 1.4605475 1.1720945 1.2406729 1.2778241 1.2895044 1.3004710 1.3771146 1.7261038 1.7425601 1.7540898 1.4818435 1.5693336 1.5162153 1.8758582 1.8991493 1.8258747 1.8309067 1.6664771 1.5302631 1.8176706 1.1803186 1.2683254 1.2873211 0.9653336 1.6410932 1.6881407 1.8874586 1.8301252 1.6250807 1.7690493 2.3621216 1.7807172 1.6976009 0.0000000 1.1424859 1.7526241 1.7951038 1.9394510 2.2094495 2.1870040 1.7712143 1.8784647 1.9831826 1.9078112 2.0040573 1.9462591 2.0373523 2.0572840 2.0578203 1.7704082 1.9844689 2.3686498 6.0607275 
Chem_TCONS_00062623                                    1.7734676 1.6939871 1.7316411 1.4572261 1.4565925 1.4394766 1.3888670 1.4234120 1.4184982 1.6815522 1.7538290 1.9655504 1.6967541 1.6676942 1.6920421 1.7408140 1.7746484 1.8920977 1.8495532 1.8276101 1.9509557 1.9078567 1.5519908 1.4370189 1.3767339 1.3753729 1.6916463 1.9198234 1.8553283 1.8478077 1.7745663 2.1492437 2.1131123 2.0039282 1.8509281 1.1424859 0.0000000 1.9448387 1.9179758 1.8532353 2.1690449 2.3180295 1.9444626 1.9546817 2.2600515 2.1821655 2.1084150 2.1336888 2.0609198 1.9203767 1.9811863 1.7617874 1.8732308 2.0901178 5.2110706 
Dgig_XM_028539412.1                                    1.4725618 1.3844254 1.4299459 1.3124019 1.3809857 1.3879061 1.4143574 1.4067917 1.4158031 1.6339369 1.8044205 1.5737083 1.3949029 1.5111139 1.5550119 1.5874372 1.6378079 1.5742626 1.5100635 1.5391693 1.6743397 1.5541102 1.7985156 1.6966055 1.6689070 1.4578164 1.6531681 1.9183218 1.9241702 1.9604151 1.7741707 2.2334900 1.5795218 1.7872451 1.7105178 1.7526241 1.9448387 0.0000000 0.5253243 1.8425625 2.1110221 2.1093130 2.0402010 2.0468156 2.3598909 1.9796765 1.7935854 2.1213599 1.8819654 1.7487855 1.9358732 1.8105270 1.9403010 1.8126863 5.6214723 
Xesp_017742-T1                                         1.3876452 1.5205683 1.5520864 1.3219617 1.4516509 1.3862172 1.4219379 1.3625129 1.3915449 1.5681473 1.7860856 1.4249955 1.4265033 1.4580019 1.6106784 1.5031238 1.4993634 1.4699996 1.4185435 1.4137493 1.5309880 1.4461536 2.1327121 1.7084014 1.5957795 1.7384463 1.7249643 1.6561125 1.8528051 1.8022055 1.8988395 1.9967150 1.7023950 1.7147818 2.0310114 1.7951038 1.9179758 0.5253243 0.0000000 1.7648764 1.9167036 2.0467312 2.0034339 2.0256562 2.2248953 1.9040469 1.8666144 2.1488829 2.1869726 1.8864425 2.0106970 1.9066898 2.2632210 1.8381358 4.2567647 
Tcas_TC002137_001                                      1.3436346 1.6536310 1.7610789 1.7478164 1.5840517 1.4821204 1.5298682 1.4590658 1.5468830 1.6296520 1.7221525 1.6748596 1.4883176 1.5932404 1.5201476 1.6031219 1.6189650 1.6712111 1.6357845 1.5833252 1.7572726 1.7127196 1.9402999 1.8723032 1.9000195 1.8822570 1.5095395 1.8406246 1.8239354 2.0308965 1.6381386 1.8466937 2.3691991 2.2561359 2.1196407 1.9394510 1.8532353 1.8425625 1.7648764 0.0000000 1.9992664 2.0894172 1.9813962 2.0259939 2.3263327 2.0909257 2.1805121 1.6250423 2.0767887 2.3509233 2.4312644 2.0691272 2.3668921 2.1556071 4.7642521 
Aque_Aqu2.1.43378_001                                  2.0831531 2.2023880 2.1211208 1.8562199 1.9040683 1.8293449 1.8642874 1.8513172 1.8590482 1.9561341 2.1848540 2.0301771 1.9471552 1.9211135 2.2378309 2.0839160 2.1426801 2.1620973 2.1003261 2.1530840 2.2065151 2.2202130 2.3681214 2.2572641 2.0393631 2.0085227 2.2363717 2.1702877 2.0790506 2.2004712 1.9581080 2.3134568 2.2587740 2.3305767 2.3578913 2.2094495 2.1690449 2.1110221 1.9167036 1.9992664 0.0000000 0.5661141 0.8100157 1.3786070 1.4352264 1.3992700 1.4700274 2.2004580 2.0547145 2.3973449 2.6171155 2.5151912 2.6514904 1.8579733 5.9952737 
Halamb_c51373_g1_i2mm.3958                             2.0303638 2.2598833 2.2031864 1.9085414 1.9010771 1.9230882 1.9578254 1.9579704 1.8434229 2.1260111 2.2598355 2.1495544 1.8922458 2.1655113 2.2721988 1.9366200 1.9726008 2.0643368 1.9765695 2.0842568 2.2894330 2.1760887 2.3305324 2.2966575 2.1672327 2.1637682 2.2969804 2.0522888 2.0335159 2.2615562 2.0320921 2.2396966 2.1845380 2.2454712 2.4130060 2.1870040 2.3180295 2.1093130 2.0467312 2.0894172 0.5661141 0.0000000 0.6471309 1.5677054 1.5630426 1.6025682 1.5422840 2.2447797 2.2455439 2.5139446 2.6806580 2.4978416 2.6369182 1.8894880 5.7700514 
Xestes_maker-XT_scaffold1358-augustus-gene-0.24-mRNA-1 1.7887374 1.8298229 1.8282469 1.8356459 1.6966424 1.6680114 1.6883474 1.6646393 1.5726905 1.7818007 2.1455794 1.8463917 1.7063263 1.7531780 1.8732992 1.8473085 1.8235272 1.8805602 1.9142337 1.9137997 1.9831956 2.0110072 2.1805209 1.8744854 2.1228405 2.0600181 2.0680370 2.0059788 1.7538460 2.0727230 1.9301115 1.8881521 1.8667811 2.2855189 2.2372346 1.7712143 1.9444626 2.0402010 2.0034339 1.9813962 0.8100157 0.6471309 0.0000000 1.3940646 1.4268025 1.4140549 1.5096591 2.1183512 2.0002551 2.4232494 2.5704563 2.3428714 2.2896332 2.0638006 8.9999985 
Emue_Em0020g945a.t1                                    1.9392833 2.0414070 1.9503101 1.7476261 1.6343971 1.5893268 1.7246383 1.6218757 1.6126124 1.8341980 1.9483715 1.8526010 1.8733868 1.8854257 1.9949027 1.9449922 1.9937363 2.0906366 2.0135864 1.9864078 2.0542911 1.9924559 1.9071466 2.1046048 1.8846552 1.7958529 2.1341948 1.9664516 1.9222191 2.1139723 1.8930796 2.0839215 1.6737005 1.7284631 2.2266633 1.8784647 1.9546817 2.0468156 2.0256562 2.0259939 1.3786070 1.5677054 1.3940646 0.0000000 0.2395696 1.3420653 1.1945106 2.3533614 2.2292130 2.3147007 2.4926961 2.4439430 2.4492113 1.5678545 5.6468190 
Spolac_c91712_g2_i1_m.7160c88288-g1                    2.1663000 2.0600016 1.9355666 1.9097760 1.8415594 1.8629671 1.8010027 1.8962136 1.8183992 1.9374300 2.0302954 2.2598569 1.8958310 1.9372240 2.0374592 1.8764446 1.8764446 1.8649882 1.8791048 1.8845842 1.8845842 1.8660887 1.9142040 2.0774437 1.9781860 2.0540849 2.5567557 2.5582610 2.3905955 2.2856832 2.3647883 2.4809826 0.0000010 2.0495219 2.5483766 1.9831826 2.2600515 2.3598909 2.2248953 2.3263327 1.4352264 1.5630426 1.4268025 0.2395696 0.0000000 1.3217970 1.3688886 2.0439613 2.3855721 2.5444521 2.6300308 2.6216729 2.6407060 0.0000010 8.8494232 
Tetwil_g4203.t1                                        2.0847807 2.0589221 1.9788411 1.8110331 1.8059366 1.6915316 1.8424248 1.7747418 1.7377263 2.1134155 2.1340345 2.0362076 1.7856285 1.7894847 2.0127546 1.9522532 1.9977555 1.8446540 1.8080549 1.8850165 1.9341437 1.9425579 2.2040080 2.0665953 1.8491672 1.9981898 2.0882454 1.9202984 1.9454543 1.9584184 1.7376520 1.9507158 2.1773296 2.1213797 2.1470040 1.9078112 2.1821655 1.9796765 1.9040469 2.0909257 1.3992700 1.6025682 1.4140549 1.3420653 1.3217970 0.0000000 0.8370681 2.2625006 2.3961749 2.4889265 2.4520616 2.5042856 2.6669322 1.7297527 5.0468512 
Stycar_maker-SC_scaffold118481-snap-gene-0.42-mRNA-1   2.0202515 1.8785822 1.9124412 1.4803612 1.6401741 1.5918524 1.6257399 1.5592573 1.5545888 1.8168408 1.9604619 1.8849510 1.8272647 1.8550566 1.8792351 1.8590725 1.9117869 1.9839372 1.8992271 1.9237177 2.0952620 2.0388141 1.9152590 2.0918479 1.9624373 1.7936868 1.9305833 1.9040216 1.7628022 1.9541890 1.6654422 1.8995625 1.9527580 2.0134587 1.8684759 2.0040573 2.1084150 1.7935854 1.8666144 2.1805121 1.4700274 1.5422840 1.5096591 1.1945106 1.3688886 0.8370681 0.0000000 2.4188408 2.3188951 2.3875830 2.2457910 2.3124577 2.7264181 1.6855407 5.4874021 
Dpul_mRNA21495                                         1.5572737 1.8469751 1.6798636 1.5806994 1.6541535 1.7284561 1.7259492 1.7648242 1.7328945 1.6850072 1.7211537 1.6837902 1.3606162 1.4807273 1.3354838 1.7283162 1.7784606 1.7513015 1.7080655 1.6584056 1.8533278 1.8233383 2.1245457 2.0796335 2.1701191 1.9698464 1.7387310 2.0075722 1.9268678 2.0737982 1.6199753 2.2099116 2.9141606 2.4554891 1.9625430 1.9462591 2.1336888 2.1213599 2.1488829 1.6250423 2.2004580 2.2447797 2.1183512 2.3533614 2.0439613 2.2625006 2.4188408 0.0000000 2.3461894 2.6211617 2.5368159 2.1906833 2.5365415 2.5876264 5.8817506 
Horcal_Hcv1.av93.c6.g1023.i1                           1.8933884 1.9537673 1.8701055 1.7911345 1.7294565 1.6627229 1.7586097 1.6517947 1.6243242 1.8352163 1.9296797 1.8803965 1.9340820 2.1129387 2.0878817 1.9967950 2.0615644 2.1328776 2.1279803 2.1615007 2.3489500 2.2212527 1.9439306 2.0410920 2.0820524 1.9121494 2.0716555 2.0870109 2.0985024 2.3421011 2.0686148 2.3208804 2.2605249 1.8643656 2.1242330 2.0373523 2.0609198 1.8819654 2.1869726 2.0767887 2.0547145 2.2455439 2.0002551 2.2292130 2.3855721 2.3961749 2.3188951 2.3461894 0.0000000 0.5484164 0.5906678 0.5354934 0.5957852 2.1922891 1.9816624 
Vmul_SimC399912                                        1.8535797 1.9184326 1.7647979 1.7215740 1.7626886 1.6961187 1.7248761 1.6714426 1.6579448 1.9809638 1.9807063 1.9210775 1.8091475 2.0682170 2.1133500 2.0228516 2.0824157 2.1524189 2.1633399 2.0987634 2.2640594 2.1568260 2.0041726 1.8874601 2.0623433 1.7503118 1.8714257 2.1334960 2.0810200 2.3288625 1.8986879 2.3012415 1.7314338 1.8493386 2.1007918 2.0572840 1.9203767 1.7487855 1.8864425 2.3509233 2.3973449 2.5139446 2.4232494 2.3147007 2.5444521 2.4889265 2.3875830 2.6211617 0.5484164 0.0000000 0.1823496 0.3961291 0.5238017 1.7898558 3.0555988 
Coemet_Cmet_C601371_01                                 1.9893473 2.0152306 1.7627884 1.8368540 1.8091658 1.7740912 1.7289079 1.7681477 1.7580287 2.0265537 2.0502068 2.0212587 1.9161505 2.0760312 2.1215440 2.1347534 2.1999498 2.1934572 2.2167924 2.1317014 2.3157670 2.2249505 2.0568237 1.8675118 2.1310611 1.7751961 2.0875613 2.0539986 2.0707270 2.2792476 1.9217800 2.2656610 1.5667695 1.9080495 2.4237956 2.0578203 1.9811863 1.9358732 2.0106970 2.4312644 2.6171155 2.6806580 2.5704563 2.4926961 2.6300308 2.4520616 2.2457910 2.5368159 0.5906678 0.1823496 0.0000000 0.4021292 0.5506667 1.8740106 3.3705666 
Lampan_Lpan_1107_01                                    1.7623768 1.8382830 1.5378702 1.5170419 1.5431605 1.5575667 1.5595468 1.5626943 1.5196416 1.7301490 1.8472623 1.6950112 1.7486745 1.8295424 1.9505208 1.8471993 1.9036317 1.9715007 1.9209510 1.9353537 2.1128266 2.0502914 1.8437676 1.8081326 1.9589413 1.7803121 1.8721464 1.8736280 1.8178881 2.0519005 1.8064890 2.1570576 1.6894963 1.7515795 2.1175549 1.7704082 1.7617874 1.8105270 1.9066898 2.0691272 2.5151912 2.4978416 2.3428714 2.4439430 2.6216729 2.5042856 2.3124577 2.1906833 0.5354934 0.3961291 0.4021292 0.0000000 0.5881725 1.6807836 2.9007289 
Beraby_Baby_sb328604                                   1.8150376 1.7185910 1.8934411 1.8521088 1.8742246 1.8007064 1.7765636 1.7150427 1.6786934 1.9837009 2.3210658 1.9107158 1.9331064 1.8525689 2.0372477 2.0599387 2.0599387 2.0846515 2.0823043 2.1104997 2.1104997 2.1819189 1.7423600 1.7416298 2.0859737 1.9599729 1.9591968 2.2348034 2.2962334 2.3652318 2.0984984 2.1994497 1.1428882 2.1753179 2.4606910 1.9844689 1.8732308 1.9403010 2.2632210 2.3668921 2.6514904 2.6369182 2.2896332 2.4492113 2.6407060 2.6669322 2.7264181 2.5365415 0.5957852 0.5238017 0.5506667 0.5881725 0.0000000 1.8066393 7.3501402 
Plespi_Pspi_scaffold19336_01                           2.0466511 2.3152529 2.9338048 0.0000010 1.8307333 1.6647816 1.8232166 1.8355895 1.7117557 2.3342146 2.4747587 2.0322408 1.7447468 1.7724652 2.0817437 1.8213407 1.9513918 1.9679262 1.7754497 1.8572372 2.2168423 2.0783101 2.8901747 2.1774201 2.1704498 0.0000010 2.1031059 2.1275625 1.8927356 2.0636343 1.3623437 2.4883412 1.8591469 1.8094555 0.0000010 2.3686498 2.0901178 1.8126863 1.8381358 2.1556071 1.8579733 1.8894880 2.0638006 1.5678545 0.0000010 1.7297527 1.6855407 2.5876264 2.1922891 1.7898558 1.8740106 1.6807836 1.8066393 0.0000000 3.6926712 
Pbac_sb2667714                                         4.8988791 6.7754983 4.5641208 6.7166990 4.4722278 4.4211418 4.3962586 4.7573223 4.4126681 5.1397143 4.7090802 5.6193890 5.4403133 6.6499884 5.5335490 5.0082557 5.1035303 5.5540063 5.3893250 5.2860409 6.7176679 4.8950131 8.1779699 5.9398611 5.7127875 6.5265269 6.2089845 5.1216045 5.2925104 5.3590390 8.6770677 6.6907481 3.4489898 4.8715497 8.2581076 6.0607275 5.2110706 5.6214723 4.2567647 4.7642521 5.9952737 5.7700514 8.9999985 5.6468190 8.8494232 5.0468512 5.4874021 5.8817506 1.9816624 3.0555988 3.3705666 2.9007289 7.3501402 3.6926712 0.0000000 
