57
Hsap_ENST00000301019                                   0.0000000 1.6445618 1.9660030 2.2568220 2.1868610 2.9600928 2.2692024 2.1673874 2.3945879 2.2336050 2.2726006 2.2191778 2.6488625 2.7160662 2.2851786 2.0137354 2.6075910 2.5571881 1.9338213 1.8546241 2.7373096 2.5978349 1.8275235 1.9057203 2.2677083 2.8861402 2.6278918 2.8470137 3.1511257 2.7312465 2.8183417 2.3184177 2.3060407 3.5508413 2.2071664 3.4584135 3.3820254 3.1486413 1.6472994 3.0097999 2.7890299 2.8721076 2.8511525 2.8511525 3.3488026 3.4000551 3.5467292 2.8353428 3.7415675 3.7585465 3.2512735 3.6043975 3.6296972 3.8874914 3.5139841 2.7954685 3.5414708 
Skow_XM_002741213.2                                    1.6445618 0.0000000 1.5799044 1.9140520 2.0495624 3.1933481 2.0907924 1.8570558 2.4610648 1.9931864 2.0185789 2.0033804 2.0350403 2.2934805 1.7751500 1.3050388 1.9014106 2.4955505 1.9199358 1.5413512 2.2633177 2.7259090 1.4820677 1.6225309 1.9621518 2.2324325 2.1374336 2.2480110 2.3916708 2.3284169 2.4594657 1.7815286 2.1561357 2.9158812 2.2861892 3.3832558 3.2899952 3.1933555 2.4848778 2.7947262 2.4305465 2.4851416 2.4243365 2.4243365 3.3498884 3.4952417 3.5372375 2.9942028 3.7567929 3.9156231 3.0956485 3.4602188 3.5703090 3.7228421 3.3682877 2.2764386 3.0403125 
Cscu_XM_023377557.1                                    1.9660030 1.5799044 0.0000000 2.0176473 1.7851713 2.2956502 1.8618635 1.8580094 2.2553240 1.9785786 1.8684382 1.8399306 1.9571962 2.0936775 1.9964763 1.6637513 2.1819514 2.2555775 1.9467753 1.7155637 2.2119867 2.4593253 1.7688226 2.0081386 1.9610195 2.2313373 2.0800926 2.3005972 2.4117842 2.0694897 2.3402003 2.0416044 2.0442494 3.2986657 2.2148166 3.4793309 3.5884032 3.0854682 2.3071261 2.9850551 2.1076312 2.2195737 2.1764465 2.1764465 3.2408552 3.3095544 3.4518081 3.0750375 3.5078377 3.6547806 3.3156972 3.3454970 3.4883431 3.4960676 3.1820772 2.7319440 3.3070438 
Exapal_XM_021052136.2                                  2.2568220 1.9140520 2.0176473 0.0000000 0.8819753 2.0663321 1.3765026 1.1594382 1.4731815 1.2465169 1.2644253 1.2173440 1.9268160 2.2246782 2.1409008 1.2913048 2.1009726 2.7267362 1.8558866 2.2112012 2.4540593 2.8993443 2.2749788 2.3560630 2.2425188 2.5738388 1.9565391 2.1720656 2.0089859 2.0870643 2.5809110 2.6467094 2.5595138 2.7774273 3.1254212 3.6325169 3.4949443 3.2855028 3.0128134 3.1120034 2.8533578 2.7882137 2.8982211 2.8982211 3.2116884 3.2360330 3.2392621 2.9699317 3.5662872 3.5677376 2.8764033 3.1800993 3.5544774 3.7312282 3.2755932 3.0811219 3.9760186 
Nvec_NVE5564                                           2.1868610 2.0495624 1.7851713 0.8819753 0.0000000 1.6343383 1.2211508 1.1437692 1.3073286 1.1657535 1.2730083 1.1992835 1.8374431 2.0610743 1.9398253 1.3074086 2.0250796 2.7916856 1.7116183 1.9768170 2.3758475 2.9034942 2.2733695 2.4311428 2.4597736 2.4283963 1.9439433 2.1102601 2.2876741 1.9691232 2.3856640 2.6719351 2.1657956 2.5860346 2.8165983 3.5355528 3.6953051 3.3189322 2.4404661 3.1005837 2.4875918 2.5139306 2.5616097 2.5616097 3.0490945 3.0378488 3.1112722 2.7791435 3.1324027 3.2961082 2.8055752 3.0205433 3.3041772 3.2909356 2.9361158 2.7783654 3.4071891 
Adig_XM_015914203.1                                    2.9600928 3.1933481 2.2956502 2.0663321 1.6343383 0.0000000 0.0240459 0.6173006 0.6296113 0.6239227 0.8241683 0.8191668 2.6861815 2.9598404 2.4310277 0.0000010 2.9009005 3.5161780 0.0000010 3.4323705 2.7300849 3.2672751 3.3997793 3.3978364 2.7049057 3.8562437 2.6432093 2.6912190 2.9307053 2.5050768 2.8293881 3.1799284 3.0158661 3.2152705 4.3563878 4.2074808 4.1026082 3.6730439 0.0000010 2.6060131 4.8730894 4.3683282 4.4766189 4.4766189 4.0137952 4.4777377 4.4123024 4.3651283 5.8007178 5.8525996 3.7545381 3.9747425 4.7648235 4.9366419 4.5312775 4.4986015 3.7252886 
Amil_Amillepora31931-RA                                2.2692024 2.0907924 1.8618635 1.3765026 1.2211508 0.0240459 0.0000000 0.4223490 0.6499226 0.5601695 0.6195352 0.5729417 1.9571450 2.1716554 1.9187789 1.3571060 2.0959576 2.4986261 1.9403644 2.4399335 2.3845037 2.6832029 2.4586909 2.5339755 2.1046443 2.3848297 1.9943577 2.0619031 2.1800236 2.0205838 2.1536236 2.4512787 2.3061928 2.5873108 3.1730890 3.7914052 3.9881619 3.3676670 2.7960570 3.1697464 2.9169960 2.9197270 2.8019156 2.8019156 3.2475819 3.2796538 3.3272856 3.1957884 3.8590328 3.9682793 3.3725014 3.3546609 3.7282808 3.7913739 3.3302179 2.8588750 3.4603490 
Gfas_gfas1.m1.15503.m1                                 2.1673874 1.8570558 1.8580094 1.1594382 1.1437692 0.6173006 0.4223490 0.0000000 0.4192532 0.3967194 0.5123933 0.4531747 1.8775355 2.0160119 1.8201865 1.2935196 2.0631023 2.5055748 1.8795213 2.1150687 2.3310272 2.4920034 2.2797692 2.2530045 2.0408869 2.2814300 1.8613685 1.9646759 2.1311772 1.9842278 2.1755805 2.3149331 2.3735443 2.7407239 2.8506626 3.5329853 3.5135998 3.2092110 2.5284477 3.0079688 2.5108270 2.5936945 2.5752215 2.5752215 3.1480235 3.3318824 3.4241249 3.0893990 3.4494279 3.8407107 3.2233767 3.2206073 3.5298124 3.7420837 3.2386223 2.5574295 3.3572863 
Fspp_ffun1.m4.26208.m1                                 2.3945879 2.4610648 2.2553240 1.4731815 1.3073286 0.6296113 0.6499226 0.4192532 0.0000000 0.2278070 0.5000039 0.4709459 2.2739880 2.5878200 2.0066593 8.9999987 2.6422759 2.8326175 4.4960434 2.5017402 2.5525222 2.8349686 2.7535318 2.6460348 2.0592619 3.1678001 2.3187405 2.3854692 2.6633019 2.2995417 2.6379473 2.8165655 2.8549656 3.5103753 3.2770872 3.8100049 3.5413604 3.4762246 0.0000010 3.2304259 2.8837942 2.8352658 2.9969550 2.9969550 3.4727733 3.9509438 3.8512993 3.5299867 4.2243464 4.2358176 3.1862606 3.7067764 4.1940300 3.9799343 3.8731965 3.5100153 2.9084562 
Gasp_gasp1.m3.1920.m1                                  2.2336050 1.9931864 1.9785786 1.2465169 1.1657535 0.6239227 0.5601695 0.3967194 0.2278070 0.0000000 0.4498445 0.4206327 1.8999391 2.0419572 1.7268352 0.9624245 2.1035696 2.4380241 1.8852032 2.0017443 2.3194720 2.4353274 2.1586660 2.0437617 1.9277196 2.3282574 1.9505599 2.0995825 2.3060434 2.1901957 2.1997948 2.3758905 2.2717616 2.4834634 2.8947996 3.4980079 3.3754483 3.1200640 2.2516606 3.1844519 2.3485940 2.3885364 2.4228490 2.4228490 3.1190802 3.2302829 3.2993583 3.0245224 3.5033861 3.6719440 2.9507067 3.1020471 3.5521246 3.2380194 3.2556679 2.4108295 2.8097082 
Spis_XP_022802684_1                                    2.2726006 2.0185789 1.8684382 1.2644253 1.2730083 0.8241683 0.6195352 0.5123933 0.5000039 0.4498445 0.0000000 0.1639376 1.7527900 2.1389772 1.9233157 1.3272972 2.1843220 2.4881441 1.9648994 2.5061425 2.3991005 2.8037333 2.3414538 2.4127958 2.1652922 2.3330741 1.9887094 2.1449507 2.2861708 2.0740635 2.4380656 2.5173779 2.4830819 2.7905216 2.8823419 3.3236007 3.5589510 3.3304791 2.6520081 3.2086341 2.7997155 2.7735978 2.7566597 2.7566597 3.2585396 3.3532888 3.3767725 3.2215017 3.5570981 3.9843241 3.2635131 3.2954585 3.8549791 3.9281256 3.3633259 2.6141695 3.1250116 
Pocdam_XM_027191527.1                                  2.2191778 2.0033804 1.8399306 1.2173440 1.1992835 0.8191668 0.5729417 0.4531747 0.4709459 0.4206327 0.1639376 0.0000000 1.7600323 2.1104356 1.9385725 1.2833730 2.0590289 2.3834183 1.8194360 2.3593286 2.4148962 2.6992058 2.3357026 2.4103619 2.1158306 2.3419500 2.0389614 2.0552859 2.2574181 2.0406006 2.3922815 2.4558234 2.3364545 2.7406600 2.8168130 3.3391593 3.6338814 3.4248463 2.7064787 3.2244452 2.6701943 2.6549009 2.5665168 2.5665168 3.2460369 3.3559919 3.3879131 3.0500599 3.4738207 3.9799833 3.2491112 3.3906586 3.6813870 3.8798449 3.3650415 2.4407496 3.1417585 
Dgig_XM_028536147.1                                    2.6488625 2.0350403 1.9571962 1.9268160 1.8374431 2.6861815 1.9571450 1.8775355 2.2739880 1.8999391 1.7527900 1.7600323 0.0000000 0.8640813 2.0795620 1.5520784 2.2493670 2.5917631 1.9361102 2.3037737 2.4727136 3.1951273 2.5536497 2.5339016 2.3412654 2.2193417 2.0517856 2.1062491 2.1130300 2.2776183 2.5172319 2.7115268 3.0262146 2.9170629 3.1617651 3.4667836 3.6098903 3.1214972 2.8626490 3.3487142 2.5784126 2.5336027 2.6290362 2.6290362 3.2309469 3.0835993 3.2082484 3.1087782 3.6147956 3.4916039 2.8561154 3.3484503 3.5198975 3.6206442 3.1593722 2.3704538 3.7539198 
Xesp_005729-T1                                         2.7160662 2.2934805 2.0936775 2.2246782 2.0610743 2.9598404 2.1716554 2.0160119 2.5878200 2.0419572 2.1389772 2.1104356 0.8640813 0.0000000 2.1256162 1.6793583 2.4103090 2.7224175 1.7654009 2.3877342 2.6104370 3.0173650 2.6614279 2.7778852 2.5591279 2.2940534 2.1416875 2.1816225 2.2906572 2.2879369 2.5772693 2.8189800 2.9342547 3.1812103 3.1077026 3.4290845 3.6009818 3.2753509 2.7252535 3.0791547 2.7588897 2.7724765 2.8600991 2.8600991 3.4101922 3.3653216 3.4641745 3.0835444 3.5776919 3.7147816 3.0915975 3.5746359 3.3490666 3.7454929 3.1183112 2.6378021 3.6223492 
Xestes_maker-XT_scaffold1305-augustus-gene-0.39-mRNA-1 2.2851786 1.7751500 1.9964763 2.1409008 1.9398253 2.4310277 1.9187789 1.8201865 2.0066593 1.7268352 1.9233157 1.9385725 2.0795620 2.1256162 0.0000000 1.6909705 2.1461926 1.7536207 1.4733632 2.0955147 1.4382230 1.3987049 1.7860820 1.8680577 1.3032712 2.1464203 1.9851722 2.2280347 2.3390521 1.9923728 2.1753064 2.0758890 1.3693847 2.7673717 2.4811764 2.8884365 2.9600079 2.7944824 1.9138978 3.0203214 2.2217378 2.3598480 2.3769768 2.3769768 3.1154266 3.0241389 2.9539790 3.2098494 3.0507153 3.1826153 3.2973584 3.2148234 3.0985579 3.5711370 3.3686798 2.0258886 1.9646386 
Ocar_g2271                                             2.0137354 1.3050388 1.6637513 1.2913048 1.3074086 0.0000010 1.3571060 1.2935196 8.9999987 0.9624245 1.3272972 1.2833730 1.5520784 1.6793583 1.6909705 0.0000000 0.0000010 1.3523679 1.4914443 1.8347822 1.9845248 0.0000010 1.7449368 2.1195745 1.2680148 1.6516741 1.7685431 1.7894846 1.9107487 1.7707399 1.3824037 1.6430768 1.2850127 1.6317933 2.4808347 2.7538379 2.9486583 2.5359138 1.4769160 3.5392761 1.7135752 1.9951463 1.8225096 1.8225096 1.8347904 1.8980232 1.8980232 1.9413812 2.0379415 2.5934368 2.8016392 2.3473630 2.2907564 3.3240477 2.2906090 1.0454886 0.0000010 
Opea_EP00118_Oscarella_pearsei_P008684                 2.6075910 1.9014106 2.1819514 2.1009726 2.0250796 2.9009005 2.0959576 2.0631023 2.6422759 2.1035696 2.1843220 2.0590289 2.2493670 2.4103090 2.1461926 0.0000010 0.0000000 2.4194125 1.9821482 2.0859602 2.4452893 2.8102652 2.3070887 2.4348973 2.3068838 2.3378011 2.3787930 2.5609823 2.7000899 2.4360005 2.4460862 2.5121897 2.0443274 3.6163464 2.5733998 3.2838091 3.3410383 3.3361082 2.4004283 3.0615282 2.4006538 2.6562197 2.5997021 2.5997021 2.9120201 2.6580843 2.8599517 2.7271139 3.1256074 3.2566004 3.0198704 3.1653595 3.2958661 3.1478978 2.8580727 1.9429653 3.3910728 
Emue_Em0006g1231a.t1                                   2.5571881 2.4955505 2.2555775 2.7267362 2.7916856 3.5161780 2.4986261 2.5055748 2.8326175 2.4380241 2.4881441 2.3834183 2.5917631 2.7224175 1.7536207 1.3523679 2.4194125 0.0000000 0.4525412 2.6476222 2.0468582 2.3250720 2.5412219 2.5608148 1.8843683 2.9273793 2.3630219 2.9344773 3.0919642 2.7622159 2.9038346 2.9533381 2.2752031 3.8129896 2.5387916 3.3270581 3.4903118 3.3799189 2.5175723 3.1889210 2.4616714 2.7546797 2.5253579 2.5253579 3.1486665 2.9308109 3.1243020 2.5352046 3.2897004 3.2759755 2.6359453 3.0813564 3.4397587 3.6698714 3.1081614 2.5746764 3.1204453 
Spolac_c92030_g1_i2_m.7456c92030-g1                    1.9338213 1.9199358 1.9467753 1.8558866 1.7116183 0.0000010 1.9403644 1.8795213 4.4960434 1.8852032 1.9648994 1.8194360 1.9361102 1.7654009 1.4733632 1.4914443 1.9821482 0.4525412 0.0000000 1.9273164 1.7477476 1.7574399 1.9014432 1.8315771 1.5148088 2.0537206 1.6281881 1.8786547 2.2208074 1.6811558 1.8631417 2.2119839 1.0133339 2.0705687 2.0988655 2.2043158 2.6739596 2.3870506 2.3261702 3.0837052 2.1915250 2.2509332 2.1403923 2.1403923 2.5209125 2.6735931 2.6735931 2.3553032 2.7386388 3.2363306 3.2793231 2.5084545 2.6661695 3.8104566 2.7797697 1.6745790 9.0000000 
Bralan_BLAG07000682_1                                  1.8546241 1.5413512 1.7155637 2.2112012 1.9768170 3.4323705 2.4399335 2.1150687 2.5017402 2.0017443 2.5061425 2.3593286 2.3037737 2.3877342 2.0955147 1.8347822 2.0859602 2.6476222 1.9273164 0.0000000 2.4217859 2.6856305 1.7082673 1.8170625 1.8855882 2.6441214 2.5421519 2.4520771 2.5044355 2.3731612 2.5570046 2.1252673 2.1906445 3.1459846 2.3268933 3.2365601 3.4141543 3.3545027 2.1885141 2.9944030 2.5713976 2.5716170 2.8284804 2.8284804 3.4273078 3.8544632 3.7704176 3.2624923 3.8284718 3.6073040 3.0921847 3.6977035 3.7370015 4.0548884 3.5957812 2.5963419 2.8946512 
Aque_Aqu2.1.44240_001                                  2.7373096 2.2633177 2.2119867 2.4540593 2.3758475 2.7300849 2.3845037 2.3310272 2.5525222 2.3194720 2.3991005 2.4148962 2.4727136 2.6104370 1.4382230 1.9845248 2.4452893 2.0468582 1.7477476 2.4217859 0.0000000 0.9455943 2.0108551 2.3575290 1.8366280 2.7894435 2.2532794 2.7759374 2.9257329 2.4314478 2.4082396 2.2858031 2.1289571 3.2005507 2.7271610 2.9730575 2.9510804 2.8521482 1.8946833 3.1911752 2.7403285 2.7530880 2.5955656 2.5955656 3.2485668 2.9787375 2.9877491 2.7878005 3.2520078 3.3739941 3.1714104 3.2936863 3.3117506 3.5835834 3.1449733 2.2471738 2.6565412 
Halamb_c53223_g2_i1mm.5054                             2.5978349 2.7259090 2.4593253 2.8993443 2.9034942 3.2672751 2.6832029 2.4920034 2.8349686 2.4353274 2.8037333 2.6992058 3.1951273 3.0173650 1.3987049 0.0000010 2.8102652 2.3250720 1.7574399 2.6856305 0.9455943 0.0000000 2.1983042 2.4768730 2.0568964 3.1839653 2.6092658 3.5933122 3.6670155 3.0038487 3.0318548 2.7809496 2.2989243 4.6523123 3.3397429 3.4779798 3.4572148 3.5486679 2.1799072 3.0187447 2.6816086 3.0994515 2.9312296 2.9312296 4.0150204 3.3696860 3.5823585 3.0627767 3.9525937 3.9005011 3.2256044 4.1501392 3.8766320 4.1160825 4.0196813 2.9415625 2.3540508 
Cgig_XM_034480770.1                                    1.8275235 1.4820677 1.7688226 2.2749788 2.2733695 3.3997793 2.4586909 2.2797692 2.7535318 2.1586660 2.3414538 2.3357026 2.5536497 2.6614279 1.7860820 1.7449368 2.3070887 2.5412219 1.9014432 1.7082673 2.0108551 2.1983042 0.0000000 1.3087291 1.8770870 2.5512679 2.2922609 2.5828894 2.7122140 2.7444524 2.4152843 2.0794109 2.5228136 3.3401173 2.2811612 3.4929389 3.4168043 3.1658181 2.0354243 3.1750365 2.5625752 2.7253756 2.6548610 2.6548610 3.5336801 3.5113956 3.5448682 3.0426075 3.5049519 3.2935422 3.1397775 3.4221430 3.5924234 3.5576840 3.1398321 2.4877853 3.2594411 
Acagra_model.g28697.t1                                 1.9057203 1.6225309 2.0081386 2.3560630 2.4311428 3.3978364 2.5339755 2.2530045 2.6460348 2.0437617 2.4127958 2.4103619 2.5339016 2.7778852 1.8680577 2.1195745 2.4348973 2.5608148 1.8315771 1.8170625 2.3575290 2.4768730 1.3087291 0.0000000 2.0859045 2.5646043 2.2773812 2.6408096 2.6866194 2.5186383 2.6316160 2.3492429 2.5547737 3.3323652 2.3897857 3.8947544 3.4049217 3.6850979 2.2978432 3.1106637 2.8152647 2.8333591 2.8266700 2.8266700 3.9432999 4.0976039 4.0302609 3.5996225 4.1661090 3.8747266 3.5928236 3.9649941 3.9935723 4.2059518 3.6292074 2.4424379 3.1216867 
Tetwil_g20379.t1                                       2.2677083 1.9621518 1.9610195 2.2425188 2.4597736 2.7049057 2.1046443 2.0408869 2.0592619 1.9277196 2.1652922 2.1158306 2.3412654 2.5591279 1.3032712 1.2680148 2.3068838 1.8843683 1.5148088 1.8855882 1.8366280 2.0568964 1.8770870 2.0859045 0.0000000 2.3167968 2.3057591 2.4913459 2.7039217 2.3995498 2.2091531 2.5087351 1.3552440 2.9991778 2.4412287 3.3018439 3.2242919 3.2592577 2.2971531 2.6436836 2.4417052 2.6154672 2.3571285 2.3571285 3.0341368 2.8445286 3.0191444 2.9175827 3.2435453 3.3171569 2.7820678 3.0863173 3.3725623 3.1655619 2.9502809 2.2073791 2.5118346 
Hvul_g20474_1                                          2.8861402 2.2324325 2.2313373 2.5738388 2.4283963 3.8562437 2.3848297 2.2814300 3.1678001 2.3282574 2.3330741 2.3419500 2.2193417 2.2940534 2.1464203 1.6516741 2.3378011 2.9273793 2.0537206 2.6441214 2.7894435 3.1839653 2.5512679 2.5646043 2.3167968 0.0000000 1.4056398 1.9726312 2.0724960 1.8947518 2.1854261 2.8891967 2.7980741 2.7202072 3.4232282 3.5701668 3.8148782 3.4875139 2.5240468 3.4691821 3.1283488 3.1822267 3.0119286 3.0119286 3.8532919 3.7436929 3.7616451 3.5840200 4.1673033 4.1719087 3.7473315 3.6468570 4.5082235 4.1544755 3.7636183 2.6351462 3.3044575 
Chem_TCONS_00016597                                    2.6278918 2.1374336 2.0800926 1.9565391 1.9439433 2.6432093 1.9943577 1.8613685 2.3187405 1.9505599 1.9887094 2.0389614 2.0517856 2.1416875 1.9851722 1.7685431 2.3787930 2.3630219 1.6281881 2.5421519 2.2532794 2.6092658 2.2922609 2.2773812 2.3057591 1.4056398 0.0000000 1.5113913 1.5178686 1.4929942 1.7717082 2.6715166 2.6976174 2.1022153 2.7868995 3.6304515 3.8314167 3.5468021 2.4135361 3.0136356 2.6133875 2.7372048 2.5978182 2.5978182 3.2161749 3.2351125 3.3858583 3.1829088 3.5290231 3.5129139 3.0560958 3.0864183 3.4356051 3.6468686 3.2360055 2.3800468 3.1345459 
Nemnom_g12447.t1                                       2.8470137 2.2480110 2.3005972 2.1720656 2.1102601 2.6912190 2.0619031 1.9646759 2.3854692 2.0995825 2.1449507 2.0552859 2.1062491 2.1816225 2.2280347 1.7894846 2.5609823 2.9344773 1.8786547 2.4520771 2.7759374 3.5933122 2.5828894 2.6408096 2.4913459 1.9726312 1.5113913 0.0000000 0.4362749 1.0548613 1.8768325 2.8013918 2.5949699 1.7670749 3.4624897 3.8505261 3.8899719 3.5908323 2.4348027 3.2410542 2.7994263 2.9871162 2.9289518 2.9289518 3.5615500 3.2470871 3.3352844 3.0737977 3.8636022 3.7445993 3.3787780 3.5030064 4.1689961 4.3715067 3.7893172 3.0116116 3.7356546 
Rhoesc_Res_011418-T1                                   3.1511257 2.3916708 2.4117842 2.0089859 2.2876741 2.9307053 2.1800236 2.1311772 2.6633019 2.3060434 2.2861708 2.2574181 2.1130300 2.2906572 2.3390521 1.9107487 2.7000899 3.0919642 2.2208074 2.5044355 2.9257329 3.6670155 2.7122140 2.6866194 2.7039217 2.0724960 1.5178686 0.4362749 0.0000000 1.0196739 1.9636790 3.0424184 3.1915707 1.7677426 3.4527967 4.2214730 3.9612811 3.9511570 2.9782090 3.6023756 2.8732686 2.9872102 2.9791104 2.9791104 3.5466312 3.1184260 3.2762722 3.2651972 3.8696499 3.7106113 3.2741100 3.4728321 4.0589748 4.0887140 3.6360814 3.0422511 3.6419035 
Sanmal_Sma_025384-T1                                   2.7312465 2.3284169 2.0694897 2.0870643 1.9691232 2.5050768 2.0205838 1.9842278 2.2995417 2.1901957 2.0740635 2.0406006 2.2776183 2.2879369 1.9923728 1.7707399 2.4360005 2.7622159 1.6811558 2.3731612 2.4314478 3.0038487 2.7444524 2.5186383 2.3995498 1.8947518 1.4929942 1.0548613 1.0196739 0.0000000 1.7424609 2.7297852 2.5090386 1.5927969 2.9473379 3.5944189 3.3449831 3.4155183 2.2838404 2.8191256 2.9196760 2.8846584 2.9415855 2.9415855 3.4355971 3.7267167 3.7621900 3.2172928 3.9372728 3.9369501 3.4268315 3.6579800 3.9848367 4.1276614 3.5607808 2.7151840 3.2314706 
Morvir_scaffold10.g87.t1                               2.8183417 2.4594657 2.3402003 2.5809110 2.3856640 2.8293881 2.1536236 2.1755805 2.6379473 2.1997948 2.4380656 2.3922815 2.5172319 2.5772693 2.1753064 1.3824037 2.4460862 2.9038346 1.8631417 2.5570046 2.4082396 3.0318548 2.4152843 2.6316160 2.2091531 2.1854261 1.7717082 1.8768325 1.9636790 1.7424609 0.0000000 2.9156779 2.8609420 2.6962519 3.0748943 3.8358043 3.9886714 3.7793056 2.3254629 3.4659486 3.1069315 3.1708790 3.2164266 3.2164266 3.8439002 3.8277541 3.9387326 3.4708844 4.1032487 4.0599994 3.6326487 4.1241887 3.9731356 4.8107464 4.0659086 2.9183414 4.0424646 
Spur_XM_030975101.1                                    2.3184177 1.7815286 2.0416044 2.6467094 2.6719351 3.1799284 2.4512787 2.3149331 2.8165655 2.3758905 2.5173779 2.4558234 2.7115268 2.8189800 2.0758890 1.6430768 2.5121897 2.9533381 2.2119839 2.1252673 2.2858031 2.7809496 2.0794109 2.3492429 2.5087351 2.8891967 2.6715166 2.8013918 3.0424184 2.7297852 2.9156779 0.0000000 2.7729498 3.1533302 2.6168322 3.7184084 3.8329780 3.6360616 2.5505318 3.4494518 2.8223422 2.8327037 3.0333613 3.0333613 3.9411435 3.9268677 3.9996302 3.3553813 4.1046661 4.1368619 3.3617756 3.7492040 3.8578846 4.2466908 3.6405206 2.7855685 3.5658707 
Stycar_maker-SC_scaffold6890-snap-gene-0.121-mRNA-1    2.3060407 2.1561357 2.0442494 2.5595138 2.1657956 3.0158661 2.3061928 2.3735443 2.8549656 2.2717616 2.4830819 2.3364545 3.0262146 2.9342547 1.3693847 1.2850127 2.0443274 2.2752031 1.0133339 2.1906445 2.1289571 2.2989243 2.5228136 2.5547737 1.3552440 2.7980741 2.6976174 2.5949699 3.1915707 2.5090386 2.8609420 2.7729498 0.0000000 3.6907170 2.8051928 3.5178491 3.6173533 3.5089467 1.8857627 2.8813949 2.9424993 3.3220150 2.9955202 2.9955202 3.8322800 3.2304489 3.4232332 3.1343537 3.7165473 3.9405666 3.6211205 3.6626038 3.7289026 3.9284568 3.4597497 2.5257616 3.0536616 
Aaur_scaffold2110.g3.t1                                3.5508413 2.9158812 3.2986657 2.7774273 2.5860346 3.2152705 2.5873108 2.7407239 3.5103753 2.4834634 2.7905216 2.7406600 2.9170629 3.1812103 2.7673717 1.6317933 3.6163464 3.8129896 2.0705687 3.1459846 3.2005507 4.6523123 3.3401173 3.3323652 2.9991778 2.7202072 2.1022153 1.7670749 1.7677426 1.5927969 2.6962519 3.1533302 3.6907170 0.0000000 3.4682217 4.3918740 3.9809173 4.3288374 2.4400346 3.7327736 4.3040230 3.7660325 3.9590111 3.9590111 4.7704565 5.1892837 4.9694934 4.8464111 5.8873427 5.6405712 4.9906339 4.8710607 4.9352826 5.4254318 4.7608834 3.4815384 6.1958291 
Tcas_TC003416_001                                      2.2071664 2.2861892 2.2148166 3.1254212 2.8165983 4.3563878 3.1730890 2.8506626 3.2770872 2.8947996 2.8823419 2.8168130 3.1617651 3.1077026 2.4811764 2.4808347 2.5733998 2.5387916 2.0988655 2.3268933 2.7271610 3.3397429 2.2811612 2.3897857 2.4412287 3.4232282 2.7868995 3.4624897 3.4527967 2.9473379 3.0748943 2.6168322 2.8051928 3.4682217 0.0000000 3.4935840 3.3542958 3.4778427 2.1585025 3.4105913 3.3697629 3.3867583 3.3423900 3.3423900 4.3713660 4.1961150 4.2996700 4.0840296 4.4131214 4.0393426 3.9034530 4.3076985 4.0891055 4.6173807 4.1112473 3.0025071 4.0940599 
Scil_scict020368.1                                     3.4584135 3.3832558 3.4793309 3.6325169 3.5355528 4.2074808 3.7914052 3.5329853 3.8100049 3.4980079 3.3236007 3.3391593 3.4667836 3.4290845 2.8884365 2.7538379 3.2838091 3.3270581 2.2043158 3.2365601 2.9730575 3.4779798 3.4929389 3.8947544 3.3018439 3.5701668 3.6304515 3.8505261 4.2214730 3.5944189 3.8358043 3.7184084 3.5178491 4.3918740 3.4935840 0.0000000 0.6468000 0.6611310 0.7127945 1.9140193 4.2323112 4.0293602 3.9013595 3.9013595 3.4613740 3.7662969 3.7476138 3.5396040 3.7991064 3.8689746 3.6895557 3.9960280 4.0114145 3.9125987 3.7031959 3.7767336 4.3690027 
Lcom_lcpid23781                                        3.3820254 3.2899952 3.5884032 3.4949443 3.6953051 4.1026082 3.9881619 3.5135998 3.5413604 3.3754483 3.5589510 3.6338814 3.6098903 3.6009818 2.9600079 2.9486583 3.3410383 3.4903118 2.6739596 3.4141543 2.9510804 3.4572148 3.4168043 3.4049217 3.2242919 3.8148782 3.8314167 3.8899719 3.9612811 3.3449831 3.9886714 3.8329780 3.6173533 3.9809173 3.3542958 0.6468000 0.0000000 0.7612566 0.8107989 2.2297694 4.4131304 4.3281854 4.2997610 4.2997610 3.7443531 3.9258640 3.8713980 3.7004366 3.9792550 4.0948278 4.1369522 4.0722420 4.3457861 4.0378068 3.6866013 3.8188663 4.1489792 
Gracom_Gcom_C556184_01                                 3.1486413 3.1933555 3.0854682 3.2855028 3.3189322 3.6730439 3.3676670 3.2092110 3.4762246 3.1200640 3.3304791 3.4248463 3.1214972 3.2753509 2.7944824 2.5359138 3.3361082 3.3799189 2.3870506 3.3545027 2.8521482 3.5486679 3.1658181 3.6850979 3.2592577 3.4875139 3.5468021 3.5908323 3.9511570 3.4155183 3.7793056 3.6360616 3.5089467 4.3288374 3.4778427 0.6611310 0.7612566 0.0000000 0.6130669 2.4165459 4.3071063 3.9591623 4.0150645 4.0150645 3.7835319 4.1390561 4.0865243 3.7710599 3.9719519 4.2853379 4.0758482 3.9528335 4.2369887 3.9309680 3.7544624 3.8696010 4.2788920 
Leuniv_Lniv_C755316_01                                 1.6472994 2.4848778 2.3071261 3.0128134 2.4404661 0.0000010 2.7960570 2.5284477 0.0000010 2.2516606 2.6520081 2.7064787 2.8626490 2.7252535 1.9138978 1.4769160 2.4004283 2.5175723 2.3261702 2.1885141 1.8946833 2.1799072 2.0354243 2.2978432 2.2971531 2.5240468 2.4135361 2.4348027 2.9782090 2.2838404 2.3254629 2.5505318 1.8857627 2.4400346 2.1585025 0.7127945 0.8107989 0.6130669 0.0000000 2.1802926 3.2552249 3.2710749 2.8968126 2.8968126 3.1340665 3.0210944 3.0210944 2.8902015 2.9664898 3.7024049 3.5017811 3.5862618 3.7589873 3.6443198 3.5707003 2.4661526 9.0000000 
Clacor_Ccor_scaffold3864_01                            3.0097999 2.7947262 2.9850551 3.1120034 3.1005837 2.6060131 3.1697464 3.0079688 3.2304259 3.1844519 3.2086341 3.2244452 3.3487142 3.0791547 3.0203214 3.5392761 3.0615282 3.1889210 3.0837052 2.9944030 3.1911752 3.0187447 3.1750365 3.1106637 2.6436836 3.4691821 3.0136356 3.2410542 3.6023756 2.8191256 3.4659486 3.4494518 2.8813949 3.7327736 3.4105913 1.9140193 2.2297694 2.4165459 2.1802926 0.0000000 3.4477205 3.2909378 3.3938981 3.3938981 4.0562359 4.4271504 4.3827203 4.5286084 4.3379364 4.5354082 4.4004395 4.0480312 4.3478361 3.8808552 3.8173238 2.7475299 4.0560027 
HoiH06_mRNA197                                         2.7890299 2.4305465 2.1076312 2.8533578 2.4875918 4.8730894 2.9169960 2.5108270 2.8837942 2.3485940 2.7997155 2.6701943 2.5784126 2.7588897 2.2217378 1.7135752 2.4006538 2.4616714 2.1915250 2.5713976 2.7403285 2.6816086 2.5625752 2.8152647 2.4417052 3.1283488 2.6133875 2.7994263 2.8732686 2.9196760 3.1069315 2.8223422 2.9424993 4.3040230 3.3697629 4.2323112 4.4131304 4.3071063 3.2552249 3.4477205 0.0000000 0.1760097 0.3467734 0.3467734 3.8975215 3.7392426 3.7532001 3.7864674 4.0323794 3.9498037 3.7390207 4.0074489 4.0010757 4.5839773 3.9317266 3.0265610 3.5507389 
HoiH23_PlH23_007833-RA                                 2.8721076 2.4851416 2.2195737 2.7882137 2.5139306 4.3683282 2.9197270 2.5936945 2.8352658 2.3885364 2.7735978 2.6549009 2.5336027 2.7724765 2.3598480 1.9951463 2.6562197 2.7546797 2.2509332 2.5716170 2.7530880 3.0994515 2.7253756 2.8333591 2.6154672 3.1822267 2.7372048 2.9871162 2.9872102 2.8846584 3.1708790 2.8327037 3.3220150 3.7660325 3.3867583 4.0293602 4.3281854 3.9591623 3.2710749 3.2909378 0.1760097 0.0000000 0.3468629 0.3468629 3.8308505 3.6005151 3.6787385 3.7312747 3.9818905 4.0685007 3.6428518 4.0040899 4.1661138 4.5921233 3.9033021 3.3015820 3.7534399 
Hhon_g09839.t1                                         2.8511525 2.4243365 2.1764465 2.8982211 2.5616097 4.4766189 2.8019156 2.5752215 2.9969550 2.4228490 2.7566597 2.5665168 2.6290362 2.8600991 2.3769768 1.8225096 2.5997021 2.5253579 2.1403923 2.8284804 2.5955656 2.9312296 2.6548610 2.8266700 2.3571285 3.0119286 2.5978182 2.9289518 2.9791104 2.9415855 3.2164266 3.0333613 2.9955202 3.9590111 3.3423900 3.9013595 4.2997610 4.0150645 2.8968126 3.3938981 0.3467734 0.3468629 0.0000000 0.0000010 3.8793019 3.4705315 3.5113306 3.6125018 3.9876585 4.0456789 3.5490649 4.0007166 4.0263906 4.8295564 4.0418276 3.0750879 3.8329645 
HoiH04_mRNA3936                                        2.8511525 2.4243365 2.1764465 2.8982211 2.5616097 4.4766189 2.8019156 2.5752215 2.9969550 2.4228490 2.7566597 2.5665168 2.6290362 2.8600991 2.3769768 1.8225096 2.5997021 2.5253579 2.1403923 2.8284804 2.5955656 2.9312296 2.6548610 2.8266700 2.3571285 3.0119286 2.5978182 2.9289518 2.9791104 2.9415855 3.2164266 3.0333613 2.9955202 3.9590111 3.3423900 3.9013595 4.2997610 4.0150645 2.8968126 3.3938981 0.3467734 0.3468629 0.0000010 0.0000000 3.8793019 3.4705315 3.5113306 3.6125018 3.9876585 4.0456789 3.5490649 4.0007166 4.0263906 4.8295564 4.0418276 3.0750879 3.8329645 
Mlei_ML0830.g14.i1                                     3.3488026 3.3498884 3.2408552 3.2116884 3.0490945 4.0137952 3.2475819 3.1480235 3.4727733 3.1190802 3.2585396 3.2460369 3.2309469 3.4101922 3.1154266 1.8347904 2.9120201 3.1486665 2.5209125 3.4273078 3.2485668 4.0150204 3.5336801 3.9432999 3.0341368 3.8532919 3.2161749 3.5615500 3.5466312 3.4355971 3.8439002 3.9411435 3.8322800 4.7704565 4.3713660 3.4613740 3.7443531 3.7835319 3.1340665 4.0562359 3.8975215 3.8308505 3.8793019 3.8793019 0.0000000 0.5072755 0.5139975 0.4780555 0.6272318 0.8997786 0.7987342 0.7860331 0.9975719 1.0434528 0.9334720 3.6933379 3.7991178 
Bolinf_Binf_sb1247330                                  3.4000551 3.4952417 3.3095544 3.2360330 3.0378488 4.4777377 3.2796538 3.3318824 3.9509438 3.2302829 3.3532888 3.3559919 3.0835993 3.3653216 3.0241389 1.8980232 2.6580843 2.9308109 2.6735931 3.8544632 2.9787375 3.3696860 3.5113956 4.0976039 2.8445286 3.7436929 3.2351125 3.2470871 3.1184260 3.7267167 3.8277541 3.9268677 3.2304489 5.1892837 4.1961150 3.7662969 3.9258640 4.1390561 3.0210944 4.4271504 3.7392426 3.6005151 3.4705315 3.4705315 0.5072755 0.0000000 0.0000010 0.4867983 0.6089464 0.7689741 0.6948909 0.7044271 0.9433389 1.1200891 0.9254501 3.4142215 4.2847242 
Mertsp_Mesp_sb562870                                   3.5467292 3.5372375 3.4518081 3.2392621 3.1112722 4.4123024 3.3272856 3.4241249 3.8512993 3.2993583 3.3767725 3.3879131 3.2082484 3.4641745 2.9539790 1.8980232 2.8599517 3.1243020 2.6735931 3.7704176 2.9877491 3.5823585 3.5448682 4.0302609 3.0191444 3.7616451 3.3858583 3.3352844 3.2762722 3.7621900 3.9387326 3.9996302 3.4232332 4.9694934 4.2996700 3.7476138 3.8713980 4.0865243 3.0210944 4.3827203 3.7532001 3.6787385 3.5113306 3.5113306 0.5139975 0.0000010 0.0000000 0.4867983 0.6071050 0.8000747 0.6948909 0.7330943 0.9528787 1.1118972 0.9274523 3.6028900 4.1921003 
Drygla_Dgla_sb304554                                   2.8353428 2.9942028 3.0750375 2.9699317 2.7791435 4.3651283 3.1957884 3.0893990 3.5299867 3.0245224 3.2215017 3.0500599 3.1087782 3.0835444 3.2098494 1.9413812 2.7271139 2.5352046 2.3553032 3.2624923 2.7878005 3.0627767 3.0426075 3.5996225 2.9175827 3.5840200 3.1829088 3.0737977 3.2651972 3.2172928 3.4708844 3.3553813 3.1343537 4.8464111 4.0840296 3.5396040 3.7004366 3.7710599 2.8902015 4.5286084 3.7864674 3.7312747 3.6125018 3.6125018 0.4780555 0.4867983 0.4867983 0.0000000 0.5258078 0.7187376 0.7309671 0.6916435 0.8423437 0.8042811 0.7972164 3.4955455 3.6968378 
Beraby_Baby_sb346232                                   3.7415675 3.7567929 3.5078377 3.5662872 3.1324027 5.8007178 3.8590328 3.4494279 4.2243464 3.5033861 3.5570981 3.4738207 3.6147956 3.5776919 3.0507153 2.0379415 3.1256074 3.2897004 2.7386388 3.8284718 3.2520078 3.9525937 3.5049519 4.1661090 3.2435453 4.1673033 3.5290231 3.8636022 3.8696499 3.9372728 4.1032487 4.1046661 3.7165473 5.8873427 4.4131214 3.7991064 3.9792550 3.9719519 2.9664898 4.3379364 4.0323794 3.9818905 3.9876585 3.9876585 0.6272318 0.6089464 0.6071050 0.5258078 0.0000000 0.9556120 0.8472435 0.8430074 1.0879577 1.0047787 0.9317254 4.1493518 4.0640595 
Coeast_Cast_sb813265                                   3.7585465 3.9156231 3.6547806 3.5677376 3.2961082 5.8525996 3.9682793 3.8407107 4.2358176 3.6719440 3.9843241 3.9799833 3.4916039 3.7147816 3.1826153 2.5934368 3.2566004 3.2759755 3.2363306 3.6073040 3.3739941 3.9005011 3.2935422 3.8747266 3.3171569 4.1719087 3.5129139 3.7445993 3.7106113 3.9369501 4.0599994 4.1368619 3.9405666 5.6405712 4.0393426 3.8689746 4.0948278 4.2853379 3.7024049 4.5354082 3.9498037 4.0685007 4.0456789 4.0456789 0.8997786 0.7689741 0.8000747 0.7187376 0.9556120 0.0000000 0.0808528 0.8318034 0.7939160 1.1612488 1.0412188 3.9304064 4.0860329 
Coemet_Cmet_scaffold7014_01                            3.2512735 3.0956485 3.3156972 2.8764033 2.8055752 3.7545381 3.3725014 3.2233767 3.1862606 2.9507067 3.2635131 3.2491112 2.8561154 3.0915975 3.2973584 2.8016392 3.0198704 2.6359453 3.2793231 3.0921847 3.1714104 3.2256044 3.1397775 3.5928236 2.7820678 3.7473315 3.0560958 3.3787780 3.2741100 3.4268315 3.6326487 3.3617756 3.6211205 4.9906339 3.9034530 3.6895557 4.1369522 4.0758482 3.5017811 4.4004395 3.7390207 3.6428518 3.5490649 3.5490649 0.7987342 0.6948909 0.6948909 0.7309671 0.8472435 0.0808528 0.0000000 0.6961241 0.7107727 0.9024446 0.9008488 3.4230180 3.5855224 
Lampan_Lpan_15236_01                                   3.6043975 3.4602188 3.3454970 3.1800993 3.0205433 3.9747425 3.3546609 3.2206073 3.7067764 3.1020471 3.2954585 3.3906586 3.3484503 3.5746359 3.2148234 2.3473630 3.1653595 3.0813564 2.5084545 3.6977035 3.2936863 4.1501392 3.4221430 3.9649941 3.0863173 3.6468570 3.0864183 3.5030064 3.4728321 3.6579800 4.1241887 3.7492040 3.6626038 4.8710607 4.3076985 3.9960280 4.0722420 3.9528335 3.5862618 4.0480312 4.0074489 4.0040899 4.0007166 4.0007166 0.7860331 0.7044271 0.7330943 0.6916435 0.8430074 0.8318034 0.6961241 0.0000000 1.0045756 1.1796976 1.0779429 3.6091247 4.0378581 
Vmul_SimC403512                                        3.6296972 3.5703090 3.4883431 3.5544774 3.3041772 4.7648235 3.7282808 3.5298124 4.1940300 3.5521246 3.8549791 3.6813870 3.5198975 3.3490666 3.0985579 2.2907564 3.2958661 3.4397587 2.6661695 3.7370015 3.3117506 3.8766320 3.5924234 3.9935723 3.3725623 4.5082235 3.4356051 4.1689961 4.0589748 3.9848367 3.9731356 3.8578846 3.7289026 4.9352826 4.0891055 4.0114145 4.3457861 4.2369887 3.7589873 4.3478361 4.0010757 4.1661138 4.0263906 4.0263906 0.9975719 0.9433389 0.9528787 0.8423437 1.0879577 0.7939160 0.7107727 1.0045756 0.0000000 1.3365929 1.2525259 3.8914175 4.0668252 
Pbac_sb2665371                                         3.8874914 3.7228421 3.4960676 3.7312282 3.2909356 4.9366419 3.7913739 3.7420837 3.9799343 3.2380194 3.9281256 3.8798449 3.6206442 3.7454929 3.5711370 3.3240477 3.1478978 3.6698714 3.8104566 4.0548884 3.5835834 4.1160825 3.5576840 4.2059518 3.1655619 4.1544755 3.6468686 4.3715067 4.0887140 4.1276614 4.8107464 4.2466908 3.9284568 5.4254318 4.6173807 3.9125987 4.0378068 3.9309680 3.6443198 3.8808552 4.5839773 4.5921233 4.8295564 4.8295564 1.0434528 1.1200891 1.1118972 0.8042811 1.0047787 1.1612488 0.9024446 1.1796976 1.3365929 0.0000000 0.0872863 4.3613084 3.7328322 
Horcal_Hcv1.av93.c1.g1520.i1                           3.5139841 3.3682877 3.1820772 3.2755932 2.9361158 4.5312775 3.3302179 3.2386223 3.8731965 3.2556679 3.3633259 3.3650415 3.1593722 3.1183112 3.3686798 2.2906090 2.8580727 3.1081614 2.7797697 3.5957812 3.1449733 4.0196813 3.1398321 3.6292074 2.9502809 3.7636183 3.2360055 3.7893172 3.6360814 3.5607808 4.0659086 3.6405206 3.4597497 4.7608834 4.1112473 3.7031959 3.6866013 3.7544624 3.5707003 3.8173238 3.9317266 3.9033021 4.0418276 4.0418276 0.9334720 0.9254501 0.9274523 0.7972164 0.9317254 1.0412188 0.9008488 1.0779429 1.2525259 0.0872863 0.0000000 3.9061285 3.5602156 
Plajan_Pjan_scaffold23317_01                           2.7954685 2.2764386 2.7319440 3.0811219 2.7783654 4.4986015 2.8588750 2.5574295 3.5100153 2.4108295 2.6141695 2.4407496 2.3704538 2.6378021 2.0258886 1.0454886 1.9429653 2.5746764 1.6745790 2.5963419 2.2471738 2.9415625 2.4877853 2.4424379 2.2073791 2.6351462 2.3800468 3.0116116 3.0422511 2.7151840 2.9183414 2.7855685 2.5257616 3.4815384 3.0025071 3.7767336 3.8188663 3.8696010 2.4661526 2.7475299 3.0265610 3.3015820 3.0750879 3.0750879 3.6933379 3.4142215 3.6028900 3.4955455 4.1493518 3.9304064 3.4230180 3.6091247 3.8914175 4.3613084 3.9061285 0.0000000 3.2992033 
Plespi_Pspi_scaffold20392_01                           3.5414708 3.0403125 3.3070438 3.9760186 3.4071891 3.7252886 3.4603490 3.3572863 2.9084562 2.8097082 3.1250116 3.1417585 3.7539198 3.6223492 1.9646386 0.0000010 3.3910728 3.1204453 9.0000000 2.8946512 2.6565412 2.3540508 3.2594411 3.1216867 2.5118346 3.3044575 3.1345459 3.7356546 3.6419035 3.2314706 4.0424646 3.5658707 3.0536616 6.1958291 4.0940599 4.3690027 4.1489792 4.2788920 9.0000000 4.0560027 3.5507389 3.7534399 3.8329645 3.8329645 3.7991178 4.2847242 4.1921003 3.6968378 4.0640595 4.0860329 3.5855224 4.0378581 4.0668252 3.7328322 3.5602156 3.2992033 0.0000000 
