45
Hsap_ENST00000343788                                     0.0000000 1.5037273 1.3730243 1.1022732 0.9839676 0.9472909 1.4779865 1.8860067 1.4529844 1.5053655 2.6272151 1.7385502 1.5577617 1.5537775 1.5963138 1.5647623 1.6387802 1.5918782 1.7055110 1.3354060 1.5859247 2.0414695 1.5686527 1.9421283 1.2831764 1.7587937 1.2860785 1.5870579 1.6235954 1.6235954 1.7189288 1.7284991 1.6962429 1.5440936 1.6606291 1.7465337 1.9106018 1.9078793 1.9334168 1.8857707 1.8946994 1.9334737 1.9927775 1.9171878 1.5060154 
Bralan_BLAG06000487_1                                    1.5037273 0.0000000 1.1917423 1.3022112 1.1146999 1.2601806 1.3096885 2.2359010 1.5863084 1.3600017 1.5810187 1.3014427 1.3674877 1.3332975 1.4095824 1.3963434 1.4398934 1.5601337 1.4138245 1.7993624 1.5832315 1.9452130 1.5112973 1.7760727 1.6626100 1.4146290 1.3261733 1.4278978 1.7870201 1.7870201 1.5707137 1.6158182 1.5014607 1.4600608 1.8994099 1.7691427 1.6216714 1.6152639 1.8097581 1.7071241 1.7184125 1.8129729 2.1401437 2.2920335 1.8434804 
Scil_scict015001.1                                       1.3730243 1.1917423 0.0000000 0.6254604 0.6270012 0.6642445 1.3104101 1.5116153 1.2349060 1.1706370 2.2530232 1.1702100 1.1580401 1.1106172 1.2817701 1.2627531 1.3897132 1.2998845 1.1073230 1.9491750 1.7913557 1.2756986 1.5358300 1.8349569 1.3813994 1.5914030 1.4229403 1.3153752 1.4777989 1.4777989 1.3282744 1.3826325 1.4130570 1.3411564 1.6376973 1.5943598 1.5505405 1.5505405 1.5798866 1.5943404 1.5208968 1.5466320 1.5151380 1.6351622 1.2509766 
Lcom_lcpid103496                                         1.1022732 1.3022112 0.6254604 0.0000000 0.5582424 0.6547047 1.1521816 1.3485554 1.1237111 1.2129399 4.1245627 1.2955103 1.2391025 1.2535467 1.1668401 1.1297534 0.9935746 1.0406662 1.1872116 1.9333025 1.5432600 1.2272250 1.2834906 1.8551242 1.4366421 1.4282058 1.2642578 1.1082889 1.2231659 1.2231659 1.2241926 1.2630514 1.2678646 1.3496915 1.4592862 1.4998222 1.7402984 1.7402984 1.7174658 1.7542449 1.6522342 1.6522342 1.3569041 1.6054209 1.3879830 
Leuniv_Lniv_C779211_01                                   0.9839676 1.1146999 0.6270012 0.5582424 0.0000000 0.6502278 1.0693235 1.2359205 0.9935866 1.1944107 5.0771815 1.2958905 1.2628814 1.2005764 1.3379579 1.2364553 1.2269479 1.0276844 1.1413322 1.6642381 1.6545192 1.1359008 1.3363787 1.7389590 1.2510800 1.3405707 1.2239301 1.0413549 1.2663669 1.2663669 1.1756882 1.2671452 1.1733343 1.3033365 1.5044275 1.4433512 1.6293431 1.6293431 1.6742229 1.7325373 1.6081791 1.6081791 1.5490198 1.5147156 1.2480111 
Gracom_Gcom_scaffold16821_01                             0.9472909 1.2601806 0.6642445 0.6547047 0.6502278 0.0000000 1.1575510 1.1845952 1.1810565 1.2594839 3.4875630 1.3191786 1.1897165 1.1018205 1.2229752 1.1748048 1.0158408 1.1405082 1.1209300 1.8412036 1.6999097 1.2215967 1.1898588 1.8152971 1.4353081 1.1782684 1.1771038 1.1847347 1.2029864 1.2029864 1.1814021 1.4286010 1.4176421 1.3422163 1.4531430 1.3748653 1.4738549 1.4738549 1.4056992 1.3804944 1.4379861 1.4379861 1.0711487 1.3940895 1.3887697 
Acagra_model.g13446.t1                                   1.4779865 1.3096885 1.3104101 1.1521816 1.0693235 1.1575510 0.0000000 2.1015881 1.5205562 1.4725938 2.2497073 1.5875982 1.5909003 1.6090156 1.7061048 1.7088179 1.7952488 1.5369361 1.5997565 1.4948649 1.4964122 2.3657219 1.9743581 1.8055062 1.3728540 1.5387308 1.3994563 1.8900146 1.9554463 1.9554463 1.9321863 1.5743458 1.5856637 1.2168328 1.7323184 1.7781554 1.3699004 1.3644933 1.6105369 1.5720651 1.5037963 1.5824869 2.1544824 2.1443854 1.8700291 
Emue_Em0022g568a.t1                                      1.8860067 2.2359010 1.5116153 1.3485554 1.2359205 1.1845952 2.1015881 0.0000000 0.4508959 2.0430566 4.4116004 1.7020973 1.5783284 1.5683201 1.6974609 1.7119691 1.7344501 2.4555093 2.1894649 1.8461996 2.0946916 2.0494170 2.1228160 2.0764453 1.8052638 2.0257602 2.1486700 2.3653674 2.0367788 2.0367788 2.0178940 2.6656086 2.1294308 2.2075191 2.7107759 2.4237119 2.3921841 2.3743905 2.5643711 2.7616372 2.6171118 2.6717721 1.3311845 2.6518665 2.0318374 
Spolac_c104470_g2_i1_m.40739c104470-g2                   1.4529844 1.5863084 1.2349060 1.1237111 0.9935866 1.1810565 1.5205562 0.4508959 0.0000000 1.5769511 3.9501396 1.3794991 1.3779346 1.3782844 1.4757244 1.5126068 2.0607903 1.7197725 1.7447472 1.3471755 1.3387440 1.4554684 1.6329292 1.7975182 1.5769495 1.9721857 1.5930276 1.8837366 1.8782352 1.8782352 1.8828714 1.9319546 1.8069580 1.6574659 1.8130632 1.6694079 1.8184109 1.8091290 2.0643708 2.0682419 2.0010097 2.0292125 1.4228143 1.9262105 1.5040342 
Nvec_v1g107214                                           1.5053655 1.3600017 1.1706370 1.2129399 1.1944107 1.2594839 1.4725938 2.0430566 1.5769511 0.0000000 1.3524582 0.9374295 0.9089304 0.8789423 0.9894282 0.9476335 0.8895540 1.3157989 1.2501214 1.8101239 1.7495312 1.9461668 1.6972729 1.2583279 1.4053219 1.6209676 1.5827506 1.6777238 1.7111529 1.7111529 1.6115047 1.5586259 1.5079578 1.5471582 1.2554997 1.3699273 1.7327899 1.7306291 1.7859576 1.6954597 1.6805456 1.7427018 1.7033978 1.9163115 1.5313599 
Adig_XM_015914246.1                                      2.6272151 1.5810187 2.2530232 4.1245627 5.0771815 3.4875630 2.2497073 4.4116004 3.9501396 1.3524582 0.0000000 0.2027867 0.8427283 0.8925736 0.9878120 0.8733988 0.6886504 1.9879948 1.9846270 3.2116878 2.9318141 4.1513844 4.1792687 3.8565510 2.5428276 1.9130598 1.8902712 2.7475420 2.4720195 2.4720195 3.8022166 2.0501315 1.9326127 1.7701295 1.9580706 1.9625894 2.2165736 2.2102256 2.1102904 2.0250421 2.0735677 2.2672792 5.2784091 3.5383538 4.0741999 
Amil_Amillepora07742-RA                                  1.7385502 1.3014427 1.1702100 1.2955103 1.2958905 1.3191786 1.5875982 1.7020973 1.3794991 0.9374295 0.2027867 0.0000000 0.4363572 0.5480917 0.6292683 0.5820190 0.7138214 1.4009717 1.2500049 1.9288237 1.7351451 1.8408610 1.8596239 1.2568313 1.5166157 1.6162207 1.3888842 1.7391556 1.7582256 1.7582256 1.7846876 1.7044771 1.5644059 1.5434986 1.5791406 1.5473472 1.7361730 1.7340753 1.7318370 1.6863928 1.6640249 1.7322386 1.9141533 1.9472116 1.8276003 
Gfas_gfas1.m1.15924.m1                                   1.5577617 1.3674877 1.1580401 1.2391025 1.2628814 1.1897165 1.5909003 1.5783284 1.3779346 0.9089304 0.8427283 0.4363572 0.0000000 0.3710648 0.4412688 0.4306375 0.4618688 1.3521594 1.2700774 1.9452343 1.7684509 1.8445105 2.0112947 1.2695537 1.4401499 1.6329675 1.3298651 1.5293372 1.5732448 1.5732448 1.7015793 1.5984767 1.5126975 1.4664888 1.3351007 1.4297533 1.6686082 1.6666402 1.6797959 1.6669620 1.5630135 1.6274075 1.6737952 1.9189321 1.7512232 
Fspp_ffun1.m4.21674.m1                                   1.5537775 1.3332975 1.1106172 1.2535467 1.2005764 1.1018205 1.6090156 1.5683201 1.3782844 0.8789423 0.8925736 0.5480917 0.3710648 0.0000000 0.2999177 0.2947437 0.2747750 1.3693714 1.1692212 1.8410899 1.7614690 1.8455602 1.7698262 1.3577495 1.3647643 1.6355404 1.3347260 1.6435878 1.5609611 1.5609611 1.5708520 1.5295334 1.3877290 1.5364140 1.2925386 1.3321367 1.6935690 1.6915689 1.7457668 1.7165013 1.6483297 1.7221647 1.7249426 1.8280276 1.5828442 
Spis_XP_022799711_1                                      1.5963138 1.4095824 1.2817701 1.1668401 1.3379579 1.2229752 1.7061048 1.6974609 1.4757244 0.9894282 0.9878120 0.6292683 0.4412688 0.2999177 0.0000000 0.0798678 0.4131521 1.4862078 1.3079725 2.0118924 1.7991113 1.9387009 1.9173581 1.4490701 1.4255484 1.6393781 1.3160062 1.5756436 1.6623629 1.6623629 1.7870807 1.5967819 1.4660483 1.6060596 1.4361244 1.3312964 1.8554081 1.8545820 1.8142980 1.8371864 1.8150015 1.8659490 1.7660640 1.9040726 1.6985799 
Pocdam_XM_027184483.1                                    1.5647623 1.3963434 1.2627531 1.1297534 1.2364553 1.1748048 1.7088179 1.7119691 1.5126068 0.9476335 0.8733988 0.5820190 0.4306375 0.2947437 0.0798678 0.0000000 0.3933199 1.4112327 1.2670799 1.9703234 1.7891469 1.8673240 1.8737239 1.4437408 1.4274270 1.5671034 1.2184519 1.5797782 1.6050497 1.6050497 1.7964321 1.5714338 1.3995834 1.5823496 1.4099127 1.3146617 1.8589478 1.8566157 1.8265374 1.8297564 1.7998654 1.8504127 1.7445100 1.9009116 1.6769534 
Gasp_gasp1.m3.22957.m1                                   1.6387802 1.4398934 1.3897132 0.9935746 1.2269479 1.0158408 1.7952488 1.7344501 2.0607903 0.8895540 0.6886504 0.7138214 0.4618688 0.2747750 0.4131521 0.3933199 0.0000000 1.4736095 1.2709972 2.3378170 2.1131755 2.5126126 2.6442420 1.8259868 1.8279725 1.6099184 1.5888089 1.6492131 1.6238370 1.6238370 1.7012669 1.7565957 1.5935447 1.6154392 1.6640887 1.8049392 1.8821884 1.8786505 2.1565491 2.0666227 1.8944635 2.0171093 1.7752265 2.2318900 1.8972310 
Chem_TCONS_00068778                                      1.5918782 1.5601337 1.2998845 1.0406662 1.0276844 1.1405082 1.5369361 2.4555093 1.7197725 1.3157989 1.9879948 1.4009717 1.3521594 1.3693714 1.4862078 1.4112327 1.4736095 0.0000000 1.3141203 1.8026124 1.7558555 2.3165766 1.8796414 1.8313514 1.5386056 1.6054232 1.5372152 1.8168443 1.9076510 1.9076510 1.5523648 1.4837417 1.4585069 1.7201061 1.6863027 1.7321164 1.7038898 1.7018660 2.0442821 1.8610725 1.8120502 1.9315321 2.4383787 2.1257895 1.2638714 
Morvir_scaffold86.g44.t1                                 1.7055110 1.4138245 1.1073230 1.1872116 1.1413322 1.1209300 1.5997565 2.1894649 1.7447472 1.2501214 1.9846270 1.2500049 1.2700774 1.1692212 1.3079725 1.2670799 1.2709972 1.3141203 0.0000000 1.6712140 1.6486129 2.0861306 1.7997900 1.4412102 1.5537505 1.7303165 1.5679528 1.8345881 1.7892371 1.7892371 1.6788955 1.4507133 1.3910978 1.7263863 1.6263313 1.4593592 1.7710857 1.7690331 1.8956269 1.8362770 1.7451938 1.8012829 1.7281840 2.1514612 1.6969164 
Aque_Aqu2.1.41305_001                                    1.3354060 1.7993624 1.9491750 1.9333025 1.6642381 1.8412036 1.4948649 1.8461996 1.3471755 1.8101239 3.2116878 1.9288237 1.9452343 1.8410899 2.0118924 1.9703234 2.3378170 1.8026124 1.6712140 0.0000000 0.9142551 1.2267846 1.3112627 1.8967040 1.7566213 1.8537527 1.7070736 1.5591609 1.9604439 1.9604439 2.6770700 1.8794356 1.8209193 1.6258230 1.6395459 1.8142786 1.5420563 1.5420563 1.6768964 1.6563685 1.5707340 1.5987375 2.6008911 1.7065360 1.6929653 
Halamb_c46407_g1_i1mm.1936                               1.5859247 1.5832315 1.7913557 1.5432600 1.6545192 1.6999097 1.4964122 2.0946916 1.3387440 1.7495312 2.9318141 1.7351451 1.7684509 1.7614690 1.7991113 1.7891469 2.1131755 1.7558555 1.6486129 0.9142551 0.0000000 1.2662465 1.4311379 1.7664449 1.7790824 1.7776572 1.7500535 1.7903575 1.9504125 1.9504125 2.6364701 1.8796164 1.7580805 1.7078906 1.6635705 1.6295288 1.6006208 1.6006208 1.6277718 1.6126363 1.6311836 1.6311836 2.3368319 1.7982050 2.0233853 
Stycar_maker-SC_scaffold137562-augustus-gene-0.19-mRNA-1 2.0414695 1.9452130 1.2756986 1.2272250 1.1359008 1.2215967 2.3657219 2.0494170 1.4554684 1.9461668 4.1513844 1.8408610 1.8445105 1.8455602 1.9387009 1.8673240 2.5126126 2.3165766 2.0861306 1.2267846 1.2662465 0.0000000 1.2465185 1.7724944 1.6202923 2.6540531 1.7690998 2.3041105 2.4464703 2.4464703 2.2435842 2.5703268 2.4934775 2.0312338 2.2653441 2.3394187 2.4435906 2.4349236 2.3431182 2.2753570 2.1922859 2.3160123 1.5045791 2.3328457 1.7398794 
Tetwil_g4991.t1                                          1.5686527 1.5112973 1.5358300 1.2834906 1.3363787 1.1898588 1.9743581 2.1228160 1.6329292 1.6972729 4.1792687 1.8596239 2.0112947 1.7698262 1.9173581 1.8737239 2.6442420 1.8796414 1.7997900 1.3112627 1.4311379 1.2465185 0.0000000 1.7351411 1.7907827 2.2258363 1.6761220 1.8464850 1.6580033 1.6580033 2.2192160 2.4639731 2.2398113 1.6280931 2.1938439 2.2067858 2.1186353 2.1086485 2.0443700 2.0446233 2.1276628 2.1559499 1.8782658 2.3538282 1.8003604 
Exapal_XM_021036349.1                                    1.9421283 1.7760727 1.8349569 1.8551242 1.7389590 1.8152971 1.8055062 2.0764453 1.7975182 1.2583279 3.8565510 1.2568313 1.2695537 1.3577495 1.4490701 1.4437408 1.8259868 1.8313514 1.4412102 1.8967040 1.7664449 1.7724944 1.7351411 0.0000000 1.5234668 2.0693868 1.7964602 1.6832367 1.9039241 1.9039241 2.0666088 1.9240564 1.7389383 1.8755055 1.9755788 1.8342550 1.8668421 1.8565022 1.8835517 1.8355638 1.7925362 1.8204578 2.1163224 1.9883238 1.8819969 
Tcas_TC006127_001                                        1.2831764 1.6626100 1.3813994 1.4366421 1.2510800 1.4353081 1.3728540 1.8052638 1.5769495 1.4053219 2.5428276 1.5166157 1.4401499 1.3647643 1.4255484 1.4274270 1.8279725 1.5386056 1.5537505 1.7566213 1.7790824 1.6202923 1.7907827 1.5234668 0.0000000 1.1226140 1.6728592 1.6344451 1.6654883 1.6654883 1.9875703 1.6365972 1.5523514 1.6816744 1.6313914 1.4787784 1.7276421 1.7276421 1.5140443 1.5402451 1.5911296 1.6182357 1.6666742 1.4886097 1.5714493 
Dpul_mRNA9563                                            1.7587937 1.4146290 1.5914030 1.4282058 1.3405707 1.1782684 1.5387308 2.0257602 1.9721857 1.6209676 1.9130598 1.6162207 1.6329675 1.6355404 1.6393781 1.5671034 1.6099184 1.6054232 1.7303165 1.8537527 1.7776572 2.6540531 2.2258363 2.0693868 1.1226140 0.0000000 1.6933515 2.1088824 2.1409524 2.1409524 1.8848116 1.8933711 1.8579187 1.8856333 1.7121704 1.6139973 1.7313580 1.7291930 1.6692753 1.6059199 1.7726673 1.8080170 2.1743062 1.8699475 1.8165198 
Ctel_gnl_WGS_AMQN_CAPTEDRAFT_mRNA114892                  1.2860785 1.3261733 1.4229403 1.2642578 1.2239301 1.1771038 1.3994563 2.1486700 1.5930276 1.5827506 1.8902712 1.3888842 1.3298651 1.3347260 1.3160062 1.2184519 1.5888089 1.5372152 1.5679528 1.7070736 1.7500535 1.7690998 1.6761220 1.7964602 1.6728592 1.6933515 0.0000000 1.4150472 1.5358580 1.5358580 2.2319677 2.0591228 1.8962930 1.2796409 1.7197360 1.6689349 1.6344745 1.6320367 1.6031063 1.6201245 1.6166694 1.6166694 2.1916502 1.6754230 1.7597366 
Plajan_Pjan_C558977_01                                   1.5870579 1.4278978 1.3153752 1.1082889 1.0413549 1.1847347 1.8900146 2.3653674 1.8837366 1.6777238 2.7475420 1.7391556 1.5293372 1.6435878 1.5756436 1.5797782 1.6492131 1.8168443 1.8345881 1.5591609 1.7903575 2.3041105 1.8464850 1.6832367 1.6344451 2.1088824 1.4150472 0.0000000 1.2572522 1.2572522 2.0435367 2.0367899 1.9572194 1.7632700 1.9747625 1.9010459 2.1113419 2.1032000 2.1877038 2.2603655 2.1810533 2.1703492 1.8820948 2.3373051 1.8323570 
Ocar_g308                                                1.6235954 1.7870201 1.4777989 1.2231659 1.2663669 1.2029864 1.9554463 2.0367788 1.8782352 1.7111529 2.4720195 1.7582256 1.5732448 1.5609611 1.6623629 1.6050497 1.6238370 1.9076510 1.7892371 1.9604439 1.9504125 2.4464703 1.6580033 1.9039241 1.6654883 2.1409524 1.5358580 1.2572522 0.0000000 0.0000010 2.2146758 2.2757680 2.2272726 1.9165785 2.0342685 2.0303506 2.2306380 2.2215356 2.3907831 2.3194484 2.2409801 2.2760792 1.6900905 2.5282960 2.1231594 
Opea_EP00118_Oscarella_pearsei_P021395                   1.6235954 1.7870201 1.4777989 1.2231659 1.2663669 1.2029864 1.9554463 2.0367788 1.8782352 1.7111529 2.4720195 1.7582256 1.5732448 1.5609611 1.6623629 1.6050497 1.6238370 1.9076510 1.7892371 1.9604439 1.9504125 2.4464703 1.6580033 1.9039241 1.6654883 2.1409524 1.5358580 1.2572522 0.0000010 0.0000000 2.2146758 2.2757680 2.2272726 1.9165785 2.0342685 2.0303506 2.2306380 2.2215356 2.3907831 2.3194484 2.2409801 2.2760792 1.6900905 2.5282960 2.1231594 
Aaur_scaffold394.g13.t1                                  1.7189288 1.5707137 1.3282744 1.2241926 1.1756882 1.1814021 1.9321863 2.0178940 1.8828714 1.6115047 3.8022166 1.7846876 1.7015793 1.5708520 1.7870807 1.7964321 1.7012669 1.5523648 1.6788955 2.6770700 2.6364701 2.2435842 2.2192160 2.0666088 1.9875703 1.8848116 2.2319677 2.0435367 2.2146758 2.2146758 0.0000000 0.8760083 0.8636311 2.0242682 2.1870910 2.3927150 2.5016061 2.5016061 3.0548073 2.6872225 2.6149473 2.9232502 1.8828870 2.2935296 1.6643212 
Nemnom_g2509.t1                                          1.7284991 1.6158182 1.3826325 1.2630514 1.2671452 1.4286010 1.5743458 2.6656086 1.9319546 1.5586259 2.0501315 1.7044771 1.5984767 1.5295334 1.5967819 1.5714338 1.7565957 1.4837417 1.4507133 1.8794356 1.8796164 2.5703268 2.4639731 1.9240564 1.6365972 1.8933711 2.0591228 2.0367899 2.2757680 2.2757680 0.8760083 0.0000000 0.3656225 1.8719814 1.6472649 1.9401496 2.1631421 2.1716492 2.3184562 2.2194606 2.2071087 2.3266886 2.2574244 2.1921514 1.9728345 
Rhoesc_Res_000491-T1                                     1.6962429 1.5014607 1.4130570 1.2678646 1.1733343 1.4176421 1.5856637 2.1294308 1.8069580 1.5079578 1.9326127 1.5644059 1.5126975 1.3877290 1.4660483 1.3995834 1.5935447 1.4585069 1.3910978 1.8209193 1.7580805 2.4934775 2.2398113 1.7389383 1.5523514 1.8579187 1.8962930 1.9572194 2.2272726 2.2272726 0.8636311 0.3656225 0.0000000 1.8547029 1.5935719 1.7492783 2.0043862 1.9963064 2.1451042 2.0421312 2.0542820 2.1642380 2.1802607 2.1734118 1.9014477 
Cgig_XM_011432624.2                                      1.5440936 1.4600608 1.3411564 1.3496915 1.3033365 1.3422163 1.2168328 2.2075191 1.6574659 1.5471582 1.7701295 1.5434986 1.4664888 1.5364140 1.6060596 1.5823496 1.6154392 1.7201061 1.7263863 1.6258230 1.7078906 2.0312338 1.6280931 1.8755055 1.6816744 1.8856333 1.2796409 1.7632700 1.9165785 1.9165785 2.0242682 1.8719814 1.8547029 0.0000000 1.7145714 1.6739508 1.6664213 1.6644835 1.9510960 1.9021307 1.8155562 1.9101015 1.7908154 2.2114423 1.8648884 
Dgig_XM_028561095.1                                      1.6606291 1.8994099 1.6376973 1.4592862 1.5044275 1.4531430 1.7323184 2.7107759 1.8130632 1.2554997 1.9580706 1.5791406 1.3351007 1.2925386 1.4361244 1.4099127 1.6640887 1.6863027 1.6263313 1.6395459 1.6635705 2.2653441 2.1938439 1.9755788 1.6313914 1.7121704 1.7197360 1.9747625 2.0342685 2.0342685 2.1870910 1.6472649 1.5935719 1.7145714 0.0000000 0.7025330 1.5933876 1.5791689 1.7042814 1.6513556 1.6218879 1.6781323 2.4043601 2.1109174 1.9264962 
Xesp_014677-T1                                           1.7465337 1.7691427 1.5943598 1.4998222 1.4433512 1.3748653 1.7781554 2.4237119 1.6694079 1.3699273 1.9625894 1.5473472 1.4297533 1.3321367 1.3312964 1.3146617 1.8049392 1.7321164 1.4593592 1.8142786 1.6295288 2.3394187 2.2067858 1.8342550 1.4787784 1.6139973 1.6689349 1.9010459 2.0303506 2.0303506 2.3927150 1.9401496 1.7492783 1.6739508 0.7025330 0.0000000 1.4855449 1.4781912 1.6682652 1.5858996 1.6706979 1.7554915 1.9002892 2.1535560 1.7891788 
Tadh_TriadT56335                                         1.9106018 1.6216714 1.5505405 1.7402984 1.6293431 1.4738549 1.3699004 2.3921841 1.8184109 1.7327899 2.2165736 1.7361730 1.6686082 1.6935690 1.8554081 1.8589478 1.8821884 1.7038898 1.7710857 1.5420563 1.6006208 2.4435906 2.1186353 1.8668421 1.7276421 1.7313580 1.6344745 2.1113419 2.2306380 2.2306380 2.5016061 2.1631421 2.0043862 1.6664213 1.5933876 1.4855449 0.0000000 0.0031676 0.4174551 0.3610447 0.3631784 0.4052714 2.2831144 2.4919794 2.1746056 
TrH2_TrispH2_001106-RA                                   1.9078793 1.6152639 1.5505405 1.7402984 1.6293431 1.4738549 1.3644933 2.3743905 1.8091290 1.7306291 2.2102256 1.7340753 1.6666402 1.6915689 1.8545820 1.8566157 1.8786505 1.7018660 1.7690331 1.5420563 1.6006208 2.4349236 2.1086485 1.8565022 1.7276421 1.7291930 1.6320367 2.1032000 2.2215356 2.2215356 2.5016061 2.1716492 1.9963064 1.6644835 1.5791689 1.4781912 0.0031676 0.0000000 0.4158724 0.3618391 0.3639699 0.4060133 2.2731727 2.4817452 2.1746056 
HoiH06_mRNA4428                                          1.9334168 1.8097581 1.5798866 1.7174658 1.6742229 1.4056992 1.6105369 2.5643711 2.0643708 1.7859576 2.1102904 1.7318370 1.6797959 1.7457668 1.8142980 1.8265374 2.1565491 2.0442821 1.8956269 1.6768964 1.6277718 2.3431182 2.0443700 1.8835517 1.5140443 1.6692753 1.6031063 2.1877038 2.3907831 2.3907831 3.0548073 2.3184562 2.1451042 1.9510960 1.7042814 1.6682652 0.4174551 0.4158724 0.0000000 0.0921876 0.2079052 0.1899460 2.4531320 2.5037717 2.4805119 
HoiH23_PlH23_003116-RA                                   1.8857707 1.7071241 1.5943404 1.7542449 1.7325373 1.3804944 1.5720651 2.7616372 2.0682419 1.6954597 2.0250421 1.6863928 1.6669620 1.7165013 1.8371864 1.8297564 2.0666227 1.8610725 1.8362770 1.6563685 1.6126363 2.2753570 2.0446233 1.8355638 1.5402451 1.6059199 1.6201245 2.2603655 2.3194484 2.3194484 2.6872225 2.2194606 2.0421312 1.9021307 1.6513556 1.5858996 0.3610447 0.3618391 0.0921876 0.0000000 0.1767082 0.2067187 2.6132656 2.5462496 2.4770620 
Hhon_g04307.t1                                           1.8946994 1.7184125 1.5208968 1.6522342 1.6081791 1.4379861 1.5037963 2.6171118 2.0010097 1.6805456 2.0735677 1.6640249 1.5630135 1.6483297 1.8150015 1.7998654 1.8944635 1.8120502 1.7451938 1.5707340 1.6311836 2.1922859 2.1276628 1.7925362 1.5911296 1.7726673 1.6166694 2.1810533 2.2409801 2.2409801 2.6149473 2.2071087 2.0542820 1.8155562 1.6218879 1.6706979 0.3631784 0.3639699 0.2079052 0.1767082 0.0000000 0.0198153 2.6010952 2.6378163 2.3112634 
HoiH04_mRNA5043                                          1.9334737 1.8129729 1.5466320 1.6522342 1.6081791 1.4379861 1.5824869 2.6717721 2.0292125 1.7427018 2.2672792 1.7322386 1.6274075 1.7221647 1.8659490 1.8504127 2.0171093 1.9315321 1.8012829 1.5987375 1.6311836 2.3160123 2.1559499 1.8204578 1.6182357 1.8080170 1.6166694 2.1703492 2.2760792 2.2760792 2.9232502 2.3266886 2.1642380 1.9101015 1.6781323 1.7554915 0.4052714 0.4060133 0.1899460 0.2067187 0.0198153 0.0000000 2.6010952 2.6688811 2.3432724 
Plespi_Pspi_scaffold11160_01                             1.9927775 2.1401437 1.5151380 1.3569041 1.5490198 1.0711487 2.1544824 1.3311845 1.4228143 1.7033978 5.2784091 1.9141533 1.6737952 1.7249426 1.7660640 1.7445100 1.7752265 2.4383787 1.7281840 2.6008911 2.3368319 1.5045791 1.8782658 2.1163224 1.6666742 2.1743062 2.1916502 1.8820948 1.6900905 1.6900905 1.8828870 2.2574244 2.1802607 1.7908154 2.4043601 1.9002892 2.2831144 2.2731727 2.4531320 2.6132656 2.6010952 2.6010952 0.0000000 2.3498914 2.0880673 
Cscu_XM_023359680.1                                      1.9171878 2.2920335 1.6351622 1.6054209 1.5147156 1.3940895 2.1443854 2.6518665 1.9262105 1.9163115 3.5383538 1.9472116 1.9189321 1.8280276 1.9040726 1.9009116 2.2318900 2.1257895 2.1514612 1.7065360 1.7982050 2.3328457 2.3538282 1.9883238 1.4886097 1.8699475 1.6754230 2.3373051 2.5282960 2.5282960 2.2935296 2.1921514 2.1734118 2.2114423 2.1109174 2.1535560 2.4919794 2.4817452 2.5037717 2.5462496 2.6378163 2.6688811 2.3498914 0.0000000 2.3306564 
Hvul_g18894_1                                            1.5060154 1.8434804 1.2509766 1.3879830 1.2480111 1.3887697 1.8700291 2.0318374 1.5040342 1.5313599 4.0741999 1.8276003 1.7512232 1.5828442 1.6985799 1.6769534 1.8972310 1.2638714 1.6969164 1.6929653 2.0233853 1.7398794 1.8003604 1.8819969 1.5714493 1.8165198 1.7597366 1.8323570 2.1231594 2.1231594 1.6643212 1.9728345 1.9014477 1.8648884 1.9264962 1.7891788 2.1746056 2.1746056 2.4805119 2.4770620 2.3112634 2.3432724 2.0880673 2.3306564 0.0000000 
