58
Hsap_ENST00000379863                                          0.0000000 0.6946571 0.8112856 0.7288606 0.8311469 0.7179197 0.8775583 0.8165947 0.8893331 0.9834443 1.0502151 0.8321880 1.1009411 1.0891038 0.8476774 0.9282245 0.9681071 1.0290098 1.3329537 1.7313237 1.0627976 1.1791128 1.2567316 1.2791079 1.4071787 1.3722031 1.3577149 1.5043273 1.4907158 1.5843381 1.9277856 1.5489866 1.5052618 1.5357546 3.1754014 3.1654403 3.4384565 2.1926681 2.6750407 3.3880076 1.7984436 3.2693502 1.6809488 1.6778733 1.5614150 1.5733581 1.5739337 1.5768281 1.5330297 1.7930992 1.9399401 1.7917054 2.4584966 2.2745958 1.8366373 1.8522163 2.7973250 3.0129291 
Bralan_BLAG02000411_1                                         0.6946571 0.0000000 0.7229129 0.6278186 0.7635405 0.6351056 0.8008825 0.7939679 0.7739048 0.9476887 0.9731306 0.8497264 1.0770386 1.0059548 0.8791380 0.9077758 0.9739382 1.0322639 1.2902978 1.5952764 1.0505597 1.0427139 1.1678878 1.2112097 1.3489093 1.2323857 1.2544513 1.3094681 1.4976366 1.5366917 1.9022339 1.3540237 1.4203889 1.5931268 3.0080305 2.7584037 3.4764173 2.3214456 2.7903235 3.4636382 1.8587250 3.2022661 1.8106690 1.7176657 1.6746162 1.6773132 1.7065444 1.7035973 1.7097280 1.7837392 1.9962447 1.8192177 2.1499658 2.0241562 1.5663975 1.6877615 2.7882382 2.8395340 
Spur_XM_030983466.1                                           0.8112856 0.7229129 0.0000000 0.6594886 0.9146845 0.6645083 0.8077663 0.8001362 0.9187296 1.0347650 1.0956530 0.9810554 1.1198777 1.1013134 0.9223933 0.9700619 0.9579111 1.0225440 1.4961801 1.7866162 1.2562930 1.3356207 1.3078841 1.3674705 1.4320171 1.2998465 1.4494125 1.4029201 1.3615953 1.6929052 2.0086522 1.5900519 1.5045880 1.5751509 3.0949899 2.9742033 3.4977394 2.3635813 2.8099926 3.3304294 2.1065340 3.0751764 1.8428133 1.8031968 1.7297023 1.7684918 1.7791565 1.7706145 1.7401630 1.8878589 1.9633957 1.9692559 2.2449996 2.1589267 1.7457826 1.9653687 2.7271803 2.8332778 
Skow_XM_002739702.2                                           0.7288606 0.6278186 0.6594886 0.0000000 0.7273560 0.5459927 0.8101640 0.7639174 0.8490254 0.9305616 0.9827639 0.9393359 0.9969694 0.9727417 0.8069137 0.8933058 0.8947236 0.9019710 1.2611317 1.7422529 1.0817055 1.0842958 1.1280966 1.1081638 1.3147731 1.1754392 1.2787380 1.3011450 1.5015698 1.3998641 2.0464831 1.4729821 1.3997077 1.4699306 2.8790135 2.6567300 3.2774630 2.2411655 2.7029820 2.9971041 1.7882907 2.8554344 1.8093214 1.6744873 1.5519131 1.5987706 1.5875932 1.5799688 1.6844891 1.9167965 1.9890532 1.8653034 2.1507006 2.0537427 1.8292433 1.8155091 2.7169024 2.8430138 
Cgig_XM_034456279.1                                           0.8311469 0.7635405 0.9146845 0.7273560 0.0000000 0.5207240 0.7915950 0.8270795 0.8127393 0.9865738 1.1395116 1.0153855 1.1548234 1.1453820 1.0387956 1.0415936 1.0950381 1.0716263 1.2832481 1.5880103 1.0369787 1.1631875 1.2761898 1.2609337 1.5175076 1.3782250 1.6120195 1.5545215 1.7201391 1.4465781 1.9848977 1.8413667 1.6836543 1.7390794 2.7162866 2.4232237 3.2582965 2.3546010 2.7876457 3.1257775 1.9817636 2.9717595 1.7263834 1.7146315 1.6611244 1.7143048 1.6678886 1.6598850 1.6767455 1.8048737 2.0616648 1.9153013 2.2761515 2.1489569 1.8146677 1.7333324 2.8258647 2.9162866 
Acagra_model.g12332.t1                                        0.7179197 0.6351056 0.6645083 0.5459927 0.5207240 0.0000000 0.6554572 0.6516696 0.6984171 0.8504401 0.9838211 0.9245555 1.0271779 1.0433995 0.8417800 0.8698669 0.9146624 0.9509291 1.1438778 1.3629431 0.9452438 1.0680071 1.1723047 1.1246620 1.4017603 1.3156583 1.5215056 1.4248828 1.5550913 1.3354622 1.5666842 1.5887568 1.5050890 1.5096458 3.0224923 2.7633992 3.2331669 2.2563518 2.5585507 3.2157968 2.0231201 3.0422271 1.6594190 1.5658788 1.5148852 1.5346882 1.4975010 1.4904910 1.6025686 1.8875402 1.9996803 1.8806365 2.2955677 2.1850199 1.6708005 1.7002232 2.7477829 2.7502671 
Ctel_gnl_WGS_AMQN_CAPTEDRAFT_mRNA222925                       0.8775583 0.8008825 0.8077663 0.8101640 0.7915950 0.6554572 0.0000000 0.7872368 0.8109655 0.9076316 0.9967111 0.9691009 1.0822491 1.0883179 0.8731307 0.9661248 0.9217500 0.9789171 1.2517023 1.7319828 1.0770503 1.1252040 1.2917165 1.1924669 1.4829298 1.3827563 1.5298266 1.4646247 1.5367746 1.5621788 2.0137075 1.6937629 1.6341137 1.7406133 2.8247082 2.8665971 3.3256793 2.2165747 2.5156455 2.9943298 1.7918252 3.0200603 1.7124962 1.7032417 1.5989666 1.6072642 1.6155717 1.6033586 1.6682478 2.0174193 2.0765652 1.8864587 2.2759951 2.1407081 1.7547471 1.6003664 2.4772698 2.6134066 
Tcas_TC034317_001                                             0.8165947 0.7939679 0.8001362 0.7639174 0.8270795 0.6516696 0.7872368 0.0000000 0.6158986 0.5960462 1.0684699 0.9771501 1.1542706 1.1520935 0.9932014 1.0094434 1.0659923 1.1290352 1.3454239 1.7355796 1.0987278 1.1916425 1.2703563 1.2658142 1.5181475 1.3836747 1.5379117 1.4510533 1.6563584 1.4603381 1.8263411 1.5760868 1.5278301 1.5838716 2.9189512 2.8324428 3.2804680 2.3941198 2.7379397 3.2445989 2.0873247 3.1916909 1.8966400 1.7996922 1.7250066 1.7090067 1.7187586 1.7105388 1.8046047 2.0107997 2.0718852 1.8754126 2.1134735 2.0024114 1.7180022 1.8190286 2.6739694 2.7977150 
Cscu_XM_023382326.1                                           0.8893331 0.7739048 0.9187296 0.8490254 0.8127393 0.6984171 0.8109655 0.6158986 0.0000000 0.7622645 1.0630170 0.9741237 1.1507732 1.1388846 0.9639703 1.0095863 1.0399703 1.0611944 1.3378842 1.7152531 1.1897361 1.2388034 1.2976356 1.3107887 1.6047279 1.5225518 1.6740376 1.5795139 1.6535645 1.6461632 1.8752247 1.6639654 1.7169489 1.6950652 2.7701500 2.7949555 3.1768733 2.4345822 2.6837308 3.3315604 2.1071134 3.1420725 1.7969296 1.7798515 1.5920313 1.6061673 1.6629114 1.6550054 1.6694187 2.0901421 2.1645070 2.0621738 2.3923891 2.2142863 1.9627222 1.8827379 2.8154464 3.1209043 
Dpul_mRNA28429                                                0.9834443 0.9476887 1.0347650 0.9305616 0.9865738 0.8504401 0.9076316 0.5960462 0.7622645 0.0000000 1.1866376 1.0765546 1.2538528 1.2579550 0.9235033 1.1725579 1.1378601 1.2153627 1.5074405 2.0292831 1.2837612 1.3488671 1.4499127 1.4288492 1.6054444 1.4461617 1.6961085 1.5928696 1.8276117 1.7366293 2.3859772 1.8480416 1.7571940 1.7822762 3.0858607 3.1710522 3.0395829 2.1149776 2.5692234 3.4069923 1.9742265 3.0667094 2.0529302 2.0643682 1.8931906 1.8622905 1.9878090 1.9782058 1.9458614 2.1877452 2.4696532 2.2938950 2.4876692 2.3487130 1.8312353 2.0393991 2.6159496 2.8272512 
Exapal_XM_021046528.2                                         1.0502151 0.9731306 1.0956530 0.9827639 1.1395116 0.9838211 0.9967111 1.0684699 1.0630170 1.1866376 0.0000000 0.3989557 0.6008815 0.5613990 0.5275317 0.4726561 0.5318958 0.5224343 1.0816633 1.6058765 0.9643123 1.0439553 1.0481728 1.0599992 1.5192235 1.4172592 1.3588011 1.5512669 1.6004314 1.4742021 1.9362079 1.4675358 1.5757664 1.5624056 2.9735670 2.8278258 3.1183259 2.1154793 2.7690876 3.1191763 1.8378316 3.1318788 1.7500453 1.6622610 1.6062442 1.6559717 1.6535157 1.6418259 1.6725949 1.9602068 2.0359641 2.0480388 2.1967910 1.9992413 1.7720186 1.8945405 2.7820676 2.6844591 
Nvec_v1g237308                                                0.8321880 0.8497264 0.9810554 0.9393359 1.0153855 0.9245555 0.9691009 0.9771501 0.9741237 1.0765546 0.3989557 0.0000000 0.5341652 0.4723491 0.4505063 0.4114382 0.4715534 0.4887237 1.1051901 1.5427514 0.9512602 0.9357244 0.9968519 0.9769846 1.4386883 1.3071708 1.4158561 1.5104027 1.5624925 1.3588239 1.5938786 1.3068672 1.4466678 1.4241553 2.8733479 2.6966258 2.9588398 1.8510216 2.6066917 3.0124062 1.5325061 2.6825462 1.5823358 1.5534643 1.5524015 1.5735010 1.6360929 1.6232632 1.5848867 1.9085152 2.1336554 2.0176278 2.0840268 1.8543986 1.6564705 1.9322190 2.7186629 2.6449617 
Adig_XM_015902276.1                                           1.1009411 1.0770386 1.1198777 0.9969694 1.1548234 1.0271779 1.0822491 1.1542706 1.1507732 1.2538528 0.6008815 0.5341652 0.0000000 0.0146668 0.1541425 0.1966050 0.2435701 0.2754963 1.2808486 1.7530292 1.1213451 1.1544284 1.0544933 1.0333558 1.5637662 1.4459829 1.5265388 1.5694514 1.5433592 1.6409844 2.1081135 1.4323994 1.5885614 1.5893990 2.8630195 2.7828117 3.1311776 2.1034600 2.8623004 3.1885380 1.7930241 3.0708806 1.8013270 1.8142991 1.7238952 1.7442662 1.7672915 1.7405246 1.7662444 1.9333127 1.9421369 2.0597081 2.4506461 2.2855788 1.7796810 2.0278849 2.9222128 2.7380485 
Amil_Amillepora23073-RA                                       1.0891038 1.0059548 1.1013134 0.9727417 1.1453820 1.0433995 1.0883179 1.1520935 1.1388846 1.2579550 0.5613990 0.4723491 0.0146668 0.0000000 0.1550865 0.1976682 0.2567731 0.2722471 1.3598215 1.6465211 1.1243190 1.1732611 1.0138338 1.0068109 1.4664302 1.3728146 1.4531302 1.4952253 1.5187893 1.6917416 2.2160708 1.4106575 1.6297396 1.4743396 2.9156313 2.7375226 3.3310723 2.1390672 2.9663080 3.1511092 1.6833831 3.2584966 1.7102073 1.7249314 1.6437284 1.6775971 1.7535597 1.7236204 1.6693970 1.8764014 1.9577569 2.1337495 2.4407258 2.2447531 1.7299645 1.9766974 3.0604375 2.8557356 
Gfas_gfas1.m1.6029.m1                                         0.8476774 0.8791380 0.9223933 0.8069137 1.0387956 0.8417800 0.8731307 0.9932014 0.9639703 0.9235033 0.5275317 0.4505063 0.1541425 0.1550865 0.0000000 0.1593801 0.2032053 0.2359664 1.0718398 1.6461592 0.9467452 0.9814569 0.9613005 0.9554977 1.3471038 1.2091829 1.3271132 1.3049552 1.2677473 1.4947564 1.7162245 1.1503363 1.4572601 1.3864929 2.6918629 2.5980949 2.8014156 2.0913303 2.3860509 2.9372192 1.8022053 2.8062015 1.8415071 1.7873807 1.7573181 1.8025107 1.7648817 1.7326767 1.7768621 1.7680219 1.6846460 1.6547261 2.0984290 1.8470401 1.5733282 1.6968122 2.4626486 2.3899845 
Fspp_ffun1.m4.18948.m1                                        0.9282245 0.9077758 0.9700619 0.8933058 1.0415936 0.8698669 0.9661248 1.0094434 1.0095863 1.1725579 0.4726561 0.4114382 0.1966050 0.1976682 0.1593801 0.0000000 0.0900468 0.1536343 1.1690903 1.4898277 0.9926975 1.0297754 0.9433027 0.9783349 1.3146548 1.2702481 1.3069596 1.3199718 1.5041126 1.4967507 1.7940605 1.4372348 1.4751125 1.3495930 3.1226089 3.0823778 3.4547679 2.1342502 2.8080633 3.4691270 1.8023965 3.2207405 1.6633680 1.6633680 1.5976122 1.6557992 1.6694855 1.6530743 1.5774926 1.9011182 1.8218229 1.9499753 2.3265074 2.0659715 1.6071584 1.9221204 2.8841711 2.7481122 
Gasp_gasp1.m3.15048.m1                                        0.9681071 0.9739382 0.9579111 0.8947236 1.0950381 0.9146624 0.9217500 1.0659923 1.0399703 1.1378601 0.5318958 0.4715534 0.2435701 0.2567731 0.2032053 0.0900468 0.0000000 0.2140707 1.1261732 1.5355026 0.9730874 1.0357560 0.9874492 0.9848796 1.5242202 1.4577656 1.5089448 1.5308047 1.6094682 1.6383190 1.7755034 1.3380373 1.4400314 1.5053860 3.0207086 3.0335702 3.1594831 2.2070391 2.7909285 3.4903542 1.8575062 2.9531890 1.7523286 1.7494955 1.6869814 1.7308439 1.6904465 1.6755045 1.6466245 1.8228177 1.8229237 1.8793175 2.1591296 1.9387981 1.6380052 1.8816609 2.5738432 2.6577722 
Spis_XP_022802070_1                                           1.0290098 1.0322639 1.0225440 0.9019710 1.0716263 0.9509291 0.9789171 1.1290352 1.0611944 1.2153627 0.5224343 0.4887237 0.2754963 0.2722471 0.2359664 0.1536343 0.2140707 0.0000000 1.2570994 1.5839190 1.0089364 1.0657360 1.0094168 1.0150259 1.4689534 1.4170711 1.5371294 1.5391341 1.5052895 1.5976814 1.8115292 1.4341554 1.5444911 1.5245190 2.9295889 2.7771248 3.2082191 2.1464970 2.6957542 3.2436959 1.9139993 2.9448437 1.7476718 1.7518575 1.6951789 1.7375483 1.7171104 1.7039688 1.7098541 1.9199343 1.9379331 1.9711416 2.2551562 2.0284431 1.7009725 2.0549911 2.6817270 2.6225467 
Aaur_scaffold45.g19.t2                                        1.3329537 1.2902978 1.4961801 1.2611317 1.2832481 1.1438778 1.2517023 1.3454239 1.3378842 1.5074405 1.0816633 1.1051901 1.2808486 1.3598215 1.0718398 1.1690903 1.1261732 1.2570994 0.0000000 0.5450907 0.2617879 0.7372718 1.3486294 1.3363716 1.9892003 1.7706715 1.8407098 1.8879462 2.3341731 1.6163125 1.4488922 1.9184376 1.8159409 1.9707447 3.7680041 3.9786248 4.1894347 2.8229816 3.6529469 4.7353925 2.8133698 4.5871545 2.0219161 1.9298922 1.8173988 1.8173700 1.8408728 1.8408728 1.9180357 2.5170891 2.7904919 2.2977087 2.7347973 2.7363055 1.9681788 1.9559540 3.6896188 3.5775574 
Nemnom_g9585.t1                                               1.7313237 1.5952764 1.7866162 1.7422529 1.5880103 1.3629431 1.7319828 1.7355796 1.7152531 2.0292831 1.6058765 1.5427514 1.7530292 1.6465211 1.6461592 1.4898277 1.5355026 1.5839190 0.5450907 0.0000000 0.1374354 1.0663740 2.0567697 2.0601111 3.0200279 2.7384948 2.6760347 2.7916919 2.9115143 1.6961003 1.7337590 1.8585230 2.4049986 2.3992574 4.2996469 4.0544727 5.4464416 3.8266363 4.4319165 4.8509946 0.6879572 3.9463247 2.3378592 2.2783266 2.3337787 2.3589870 2.3476811 2.3426343 2.2625331 3.4391098 3.5606085 3.2217994 3.3786659 3.3969324 2.4317871 2.5150522 4.0086921 4.0305535 
Rhoesc_Res_011775-T1                                          1.0627976 1.0505597 1.2562930 1.0817055 1.0369787 0.9452438 1.0770503 1.0987278 1.1897361 1.2837612 0.9643123 0.9512602 1.1213451 1.1243190 0.9467452 0.9926975 0.9730874 1.0089364 0.2617879 0.1374354 0.0000000 0.5502529 1.1757780 1.1573063 1.6912808 1.5110923 1.5331958 1.6286804 2.0826689 1.3075066 1.5376054 1.4469397 1.5563447 1.6109955 2.9861457 2.7770409 3.2874629 2.1496261 2.7295758 3.3950048 1.7273723 2.9083035 1.7404661 1.6484409 1.6119168 1.6553546 1.5707173 1.5713942 1.6023372 2.1308402 2.1471138 1.9563316 2.2313591 2.0678656 1.6396706 1.9095435 2.8729920 2.9099003 
Morvir_scaffold73.g4.t1                                       1.1791128 1.0427139 1.3356207 1.0842958 1.1631875 1.0680071 1.1252040 1.1916425 1.2388034 1.3488671 1.0439553 0.9357244 1.1544284 1.1732611 0.9814569 1.0297754 1.0357560 1.0657360 0.7372718 1.0663740 0.5502529 0.0000000 1.2373856 1.2074250 1.5292964 1.5392332 1.5039033 1.6130510 2.1176723 1.2729668 1.6241790 1.4373826 1.6612375 1.7563664 2.9596149 2.9408674 3.3655217 2.1387009 2.8131891 3.2362586 1.6327991 3.2046191 1.9698985 1.9013052 1.7915069 1.8356147 1.8363424 1.8367566 1.8142034 2.1862497 2.1023425 2.0999512 2.4047248 2.1730733 1.6644936 2.0787996 3.0763871 2.9907829 
Dgig_XM_028543652.1                                           1.2567316 1.1678878 1.3078841 1.1280966 1.2761898 1.1723047 1.2917165 1.2703563 1.2976356 1.4499127 1.0481728 0.9968519 1.0544933 1.0138338 0.9613005 0.9433027 0.9874492 1.0094168 1.3486294 2.0567697 1.1757780 1.2373856 0.0000000 0.1855340 1.7262201 1.6450498 1.8040782 1.8672679 1.7639384 1.7347622 2.1532913 1.5993449 1.6869618 1.7859566 2.7773393 2.5920834 2.9759861 2.1056675 2.6400497 2.7457597 1.8534456 3.0986041 1.8746393 1.8469069 1.7723221 1.7840512 1.7992029 1.7907719 1.8463733 2.0913920 2.1183063 1.9528418 2.5440523 2.2696657 1.7583137 2.0756913 2.7239864 2.4410074 
Xesp_020579-T1                                                1.2791079 1.2112097 1.3674705 1.1081638 1.2609337 1.1246620 1.1924669 1.2658142 1.3107887 1.4288492 1.0599992 0.9769846 1.0333558 1.0068109 0.9554977 0.9783349 0.9848796 1.0150259 1.3363716 2.0601111 1.1573063 1.2074250 0.1855340 0.0000000 1.6868353 1.5724612 1.6951833 1.7876198 1.7801570 1.7286391 2.3212979 1.6199308 1.6866409 1.7850259 2.9055369 2.7432500 2.9980511 2.0628436 2.7976328 2.9007244 1.8202102 3.1964255 1.9889519 1.9913137 1.8863741 1.9151197 1.8862968 1.8710689 1.9529931 2.2033573 2.3289349 2.0911612 2.5008924 2.3112088 1.8443923 2.1924375 2.8314036 2.5132755 
Scil_scict024581.5                                            1.4071787 1.3489093 1.4320171 1.3147731 1.5175076 1.4017603 1.4829298 1.5181475 1.6047279 1.6054444 1.5192235 1.4386883 1.5637662 1.4664302 1.3471038 1.3146548 1.5242202 1.4689534 1.9892003 3.0200279 1.6912808 1.5292964 1.7262201 1.6868353 0.0000000 0.3014831 0.4254218 0.3431278 1.2101701 1.8245320 2.8342234 1.3273771 1.4370038 1.4579695 3.0185866 3.1840114 3.2329438 1.9664198 2.7053607 3.0185296 1.6342440 3.0568752 2.1449038 2.1374528 2.1339438 2.2513703 2.1588065 2.1547847 2.1199858 2.3360015 2.2862164 2.3280150 2.4946404 2.2689714 2.1471775 2.2136841 2.8186537 2.8639858 
Leuniv_Lniv_C804160_01                                        1.3722031 1.2323857 1.2998465 1.1754392 1.3782250 1.3156583 1.3827563 1.3836747 1.5225518 1.4461617 1.4172592 1.3071708 1.4459829 1.3728146 1.2091829 1.2702481 1.4577656 1.4170711 1.7706715 2.7384948 1.5110923 1.5392332 1.6450498 1.5724612 0.3014831 0.0000000 0.3786960 0.2971368 1.0724759 1.7808698 2.9445585 1.3148009 1.4015192 1.3256265 2.8442148 3.0523214 3.0754284 1.9259242 2.6722261 3.2218426 1.5748827 3.2753281 2.0629038 2.0138081 1.9731027 2.0594424 2.0574599 2.0430172 2.0097101 2.1010155 2.3162899 2.1130555 2.2640976 2.0898224 2.0214580 2.0781745 2.8661595 2.7817530 
Gracom_Gcom_scaffold4860_01                                   1.3577149 1.2544513 1.4494125 1.2787380 1.6120195 1.5215056 1.5298266 1.5379117 1.6740376 1.6961085 1.3588011 1.4158561 1.5265388 1.4531302 1.3271132 1.3069596 1.5089448 1.5371294 1.8407098 2.6760347 1.5331958 1.5039033 1.8040782 1.6951833 0.4254218 0.3786960 0.0000000 0.4149754 1.1509087 1.9050669 2.9865489 1.3433187 1.5539757 1.5166144 3.1510109 3.3321965 3.3619174 2.0352862 3.0218759 3.3412948 1.6990863 3.4625198 2.2444387 2.1910789 2.2219389 2.3597999 2.2789580 2.2749839 2.2542804 2.2211825 2.2225844 2.1780227 2.4507072 2.3028389 2.2384234 2.0676653 2.6937053 2.8363010 
Lcom_lcpid75371                                               1.5043273 1.3094681 1.4029201 1.3011450 1.5545215 1.4248828 1.4646247 1.4510533 1.5795139 1.5928696 1.5512669 1.5104027 1.5694514 1.4952253 1.3049552 1.3199718 1.5308047 1.5391341 1.8879462 2.7916919 1.6286804 1.6130510 1.8672679 1.7876198 0.3431278 0.2971368 0.4149754 0.0000000 1.0753632 1.7589607 2.6236388 1.3881926 1.5359190 1.4377288 2.9337113 3.1925595 3.0938148 2.0627427 2.8342289 3.0585683 1.6946948 3.0971355 2.3203545 2.3221652 2.3184404 2.4285256 2.2974599 2.2934348 2.2082182 2.3574423 2.2372672 2.3455666 2.5368630 2.4232135 2.1248256 2.2107118 2.7907851 2.7480937 
Clacor_Ccor_scaffold14316_01                                  1.4907158 1.4976366 1.3615953 1.5015698 1.7201391 1.5550913 1.5367746 1.6563584 1.6535645 1.8276117 1.6004314 1.5624925 1.5433592 1.5187893 1.2677473 1.5041126 1.6094682 1.5052895 2.3341731 2.9115143 2.0826689 2.1176723 1.7639384 1.7801570 1.2101701 1.0724759 1.1509087 1.0753632 0.0000000 1.7774036 2.4314290 1.4727278 1.6136715 1.8764565 3.3706311 3.4719732 3.6420335 2.2702278 3.2456429 3.4029841 0.7183628 3.2209265 2.4997353 2.4068331 2.4064519 2.3973307 2.4161089 2.4156048 2.3559775 2.5115073 2.2483033 2.5113687 2.5663266 2.4603332 2.1666805 2.7338232 3.1859488 3.2927458 
Hvul_g20603_1                                                 1.5843381 1.5366917 1.6929052 1.3998641 1.4465781 1.3354622 1.5621788 1.4603381 1.6461632 1.7366293 1.4742021 1.3588239 1.6409844 1.6917416 1.4947564 1.4967507 1.6383190 1.5976814 1.6163125 1.6961003 1.3075066 1.2729668 1.7347622 1.7286391 1.8245320 1.7808698 1.9050669 1.7589607 1.7774036 0.0000000 0.9421929 2.0440157 1.9696094 2.1315866 2.8599299 2.5546203 3.2918528 2.5966989 2.8559688 2.8365486 2.3115392 3.1159246 2.2945621 2.1899179 2.1000888 2.1146549 2.1431727 2.1506547 2.2056143 2.3693212 2.1054433 2.2283423 2.6980055 2.4095516 2.1772572 3.0763484 3.1164050 3.3943605 
Chem_TCONS_00064758                                           1.9277856 1.9022339 2.0086522 2.0464831 1.9848977 1.5666842 2.0137075 1.8263411 1.8752247 2.3859772 1.9362079 1.5938786 2.1081135 2.2160708 1.7162245 1.7940605 1.7755034 1.8115292 1.4488922 1.7337590 1.5376054 1.6241790 2.1532913 2.3212979 2.8342234 2.9445585 2.9865489 2.6236388 2.4314290 0.9421929 0.0000000 2.7211597 2.8036208 3.7220394 3.6443513 3.4664300 4.2149864 9.0000000 3.5661136 4.2692263 0.0000010 4.3582173 2.5694602 2.3423520 2.2963429 2.2552839 2.3934941 2.3710219 2.3676447 3.4733537 3.8290585 3.3484995 3.3662497 3.3104789 2.3283603 2.5528014 3.7711140 5.1370389 
Ocar_g1848                                                    1.5489866 1.3540237 1.5900519 1.4729821 1.8413667 1.5887568 1.6937629 1.5760868 1.6639654 1.8480416 1.4675358 1.3068672 1.4323994 1.4106575 1.1503363 1.4372348 1.3380373 1.4341554 1.9184376 1.8585230 1.4469397 1.4373826 1.5993449 1.6199308 1.3273771 1.3148009 1.3433187 1.3881926 1.4727278 2.0440157 2.7211597 0.0000000 0.0437126 0.8372624 3.7699665 3.5022976 4.2492680 2.8103366 3.4481910 3.4384115 1.7920441 3.8952879 2.3058632 2.3058632 2.1531616 2.0433985 2.1666024 2.1666024 2.2943432 1.9935678 2.2767299 2.3876426 2.4907102 2.2414988 2.0081884 2.2899221 3.2005479 3.1199385 
Opea_EP00118_Oscarella_pearsei_P019158                        1.5052618 1.4203889 1.5045880 1.3997077 1.6836543 1.5050890 1.6341137 1.5278301 1.7169489 1.7571940 1.5757664 1.4466678 1.5885614 1.6297396 1.4572601 1.4751125 1.4400314 1.5444911 1.8159409 2.4049986 1.5563447 1.6612375 1.6869618 1.6866409 1.4370038 1.4015192 1.5539757 1.5359190 1.6136715 1.9696094 2.8036208 0.0437126 0.0000000 0.8922833 3.1312350 3.2260863 3.1968390 2.1534500 2.9263344 3.4162689 1.6233916 3.3551667 2.0793529 2.0627116 2.0245446 2.0749625 2.0412975 2.0599167 2.1464532 2.0664655 2.3548341 2.1852697 2.4052946 2.2927375 2.0115290 1.9678248 2.9830998 2.9185129 
Plajan_Pjan_scaffold10997_01                                  1.5357546 1.5931268 1.5751509 1.4699306 1.7390794 1.5096458 1.7406133 1.5838716 1.6950652 1.7822762 1.5624056 1.4241553 1.5893990 1.4743396 1.3864929 1.3495930 1.5053860 1.5245190 1.9707447 2.3992574 1.6109955 1.7563664 1.7859566 1.7850259 1.4579695 1.3256265 1.5166144 1.4377288 1.8764565 2.1315866 3.7220394 0.8372624 0.8922833 0.0000000 3.5367649 3.3024733 3.5371732 2.0813435 3.1089832 3.4008975 1.8707745 3.4021186 2.3768615 2.3849766 2.1645153 2.3077055 2.2233782 2.2123443 2.2742108 2.2830766 2.3700418 2.2931077 2.5071461 2.3767897 2.0747988 2.0963662 3.1390103 3.0551124 
Mlei_ML0821.g21.i1                                            3.1754014 3.0080305 3.0949899 2.8790135 2.7162866 3.0224923 2.8247082 2.9189512 2.7701500 3.0858607 2.9735670 2.8733479 2.8630195 2.9156313 2.6918629 3.1226089 3.0207086 2.9295889 3.7680041 4.2996469 2.9861457 2.9596149 2.7773393 2.9055369 3.0185866 2.8442148 3.1510109 2.9337113 3.3706311 2.8599299 3.6443513 3.7699665 3.1312350 3.5367649 0.0000000 0.1768379 1.0016272 0.6497411 0.7952395 0.6405249 0.8763103 1.6060609 3.6132883 3.4433757 3.3366394 3.2991645 3.6199736 3.6670130 3.5008079 3.3991334 3.5653724 3.4974175 3.9542836 3.4429617 3.3908756 4.5876802 2.8553158 2.9840096 
Bolinf_Binf_sb1191357                                         3.1654403 2.7584037 2.9742033 2.6567300 2.4232237 2.7633992 2.8665971 2.8324428 2.7949555 3.1710522 2.8278258 2.6966258 2.7828117 2.7375226 2.5980949 3.0823778 3.0335702 2.7771248 3.9786248 4.0544727 2.7770409 2.9408674 2.5920834 2.7432500 3.1840114 3.0523214 3.3321965 3.1925595 3.4719732 2.5546203 3.4664300 3.5022976 3.2260863 3.3024733 0.1768379 0.0000000 0.9920068 0.3482955 0.8166883 0.6509491 0.5223749 1.1859773 3.4600654 3.2608383 3.2952773 3.2879786 3.5231105 3.5814568 3.5071816 3.1987434 3.3055988 3.5093455 3.9706452 3.2957048 3.1972049 5.9363892 2.4912135 2.7818690 
Vmul_Simscaffold5705_01                                       3.4384565 3.4764173 3.4977394 3.2774630 3.2582965 3.2331669 3.3256793 3.2804680 3.1768733 3.0395829 3.1183259 2.9588398 3.1311776 3.3310723 2.8014156 3.4547679 3.1594831 3.2082191 4.1894347 5.4464416 3.2874629 3.3655217 2.9759861 2.9980511 3.2329438 3.0754284 3.3619174 3.0938148 3.6420335 3.2918528 4.2149864 4.2492680 3.1968390 3.5371732 1.0016272 0.9920068 0.0000000 0.1242427 0.6617815 0.9726079 0.9823296 1.6038803 3.8109855 3.5571957 3.3861018 3.4614576 3.6300994 3.6442697 3.5879731 3.7267158 3.7819931 3.7178039 4.2602853 3.6739573 3.5376163 5.0068283 2.6500200 2.9582168 
Coeast_Cast_sb795662                                          2.1926681 2.3214456 2.3635813 2.2411655 2.3546010 2.2563518 2.2165747 2.3941198 2.4345822 2.1149776 2.1154793 1.8510216 2.1034600 2.1390672 2.0913303 2.1342502 2.2070391 2.1464970 2.8229816 3.8266363 2.1496261 2.1387009 2.1056675 2.0628436 1.9664198 1.9259242 2.0352862 2.0627427 2.2702278 2.5966989 9.0000000 2.8103366 2.1534500 2.0813435 0.6497411 0.3482955 0.1242427 0.0000000 0.4710578 0.3002008 1.0449299 1.2418717 2.5643332 2.5643332 2.6139757 2.6702652 2.6557257 2.6762387 2.4811782 2.4543018 2.4904857 2.6494823 3.2647810 2.5655739 2.5246845 5.1484776 2.6099975 2.6335452 
Lampan_Lpan_C416203_01                                        2.6750407 2.7903235 2.8099926 2.7029820 2.7876457 2.5585507 2.5156455 2.7379397 2.6837308 2.5692234 2.7690876 2.6066917 2.8623004 2.9663080 2.3860509 2.8080633 2.7909285 2.6957542 3.6529469 4.4319165 2.7295758 2.8131891 2.6400497 2.7976328 2.7053607 2.6722261 3.0218759 2.8342289 3.2456429 2.8559688 3.5661136 3.4481910 2.9263344 3.1089832 0.7952395 0.8166883 0.6617815 0.4710578 0.0000000 0.6114609 0.7273395 1.2268290 3.2912291 3.1305622 3.0867448 3.1187993 3.1570789 3.1668373 3.2663237 3.0468893 3.3710417 3.2383248 3.8551163 3.3934476 2.9910360 3.8870395 2.5039221 2.5371792 
Beraby_Baby_sb320156                                          3.3880076 3.4636382 3.3304294 2.9971041 3.1257775 3.2157968 2.9943298 3.2445989 3.3315604 3.4069923 3.1191763 3.0124062 3.1885380 3.1511092 2.9372192 3.4691270 3.4903542 3.2436959 4.7353925 4.8509946 3.3950048 3.2362586 2.7457597 2.9007244 3.0185296 3.2218426 3.3412948 3.0585683 3.4029841 2.8365486 4.2692263 3.4384115 3.4162689 3.4008975 0.6405249 0.6509491 0.9726079 0.3002008 0.6114609 0.0000000 0.5189604 1.1849404 4.0453260 4.0453260 3.7270863 3.6146957 3.8433456 3.8942099 3.6974089 3.6605276 3.5715623 3.7234071 4.7147685 3.7307570 3.3244267 4.1498313 2.7808974 2.9903718 
Pbac_sb2637632                                                1.7984436 1.8587250 2.1065340 1.7882907 1.9817636 2.0231201 1.7918252 2.0873247 2.1071134 1.9742265 1.8378316 1.5325061 1.7930241 1.6833831 1.8022053 1.8023965 1.8575062 1.9139993 2.8133698 0.6879572 1.7273723 1.6327991 1.8534456 1.8202102 1.6342440 1.5748827 1.6990863 1.6946948 0.7183628 2.3115392 0.0000010 1.7920441 1.6233916 1.8707745 0.8763103 0.5223749 0.9823296 1.0449299 0.7273395 0.5189604 0.0000000 1.6829544 1.9944505 1.9944505 2.2284429 2.1547937 2.1675991 2.1901328 2.0645838 1.7868129 1.9190334 2.0273460 2.8794614 2.2397642 2.0278083 3.0927221 2.0304301 1.7637380 
Eupdun_Edun_sb10663290                                        3.2693502 3.2022661 3.0751764 2.8554344 2.9717595 3.0422271 3.0200603 3.1916909 3.1420725 3.0667094 3.1318788 2.6825462 3.0708806 3.2584966 2.8062015 3.2207405 2.9531890 2.9448437 4.5871545 3.9463247 2.9083035 3.2046191 3.0986041 3.1964255 3.0568752 3.2753281 3.4625198 3.0971355 3.2209265 3.1159246 4.3582173 3.8952879 3.3551667 3.4021186 1.6060609 1.1859773 1.6038803 1.2418717 1.2268290 1.1849404 1.6829544 0.0000000 3.9023134 3.7259344 3.6702142 3.5354974 3.7644021 3.7595399 3.7455912 2.9266090 2.9022258 2.8670141 3.7068531 3.4305903 3.1218096 4.5647818 2.4831503 2.7061691 
Tadh_TriadT57937                                              1.6809488 1.8106690 1.8428133 1.8093214 1.7263834 1.6594190 1.7124962 1.8966400 1.7969296 2.0529302 1.7500453 1.5823358 1.8013270 1.7102073 1.8415071 1.6633680 1.7523286 1.7476718 2.0219161 2.3378592 1.7404661 1.9698985 1.8746393 1.9889519 2.1449038 2.0629038 2.2444387 2.3203545 2.4997353 2.2945621 2.5694602 2.3058632 2.0793529 2.3768615 3.6132883 3.4600654 3.8109855 2.5643332 3.2912291 4.0453260 1.9944505 3.9023134 0.0000000 0.0322635 0.2955524 0.3287024 0.3345313 0.3401216 0.1995641 2.6248847 2.6696806 2.6214426 3.1705388 2.9332321 2.3214480 2.9549618 3.1804427 3.7890858 
TrH2_TrispH2_001478-RA                                        1.6778733 1.7176657 1.8031968 1.6744873 1.7146315 1.5658788 1.7032417 1.7996922 1.7798515 2.0643682 1.6622610 1.5534643 1.8142991 1.7249314 1.7873807 1.6633680 1.7494955 1.7518575 1.9298922 2.2783266 1.6484409 1.9013052 1.8469069 1.9913137 2.1374528 2.0138081 2.1910789 2.3221652 2.4068331 2.1899179 2.3423520 2.3058632 2.0627116 2.3849766 3.4433757 3.2608383 3.5571957 2.5643332 3.1305622 4.0453260 1.9944505 3.7259344 0.0322635 0.0000000 0.2499660 0.2782075 0.2928580 0.2981715 0.2034899 2.5689937 2.5450882 2.4686677 2.9704950 2.7378917 2.2039628 2.9549618 3.0670166 3.6015187 
HoiH06_mRNA336                                                1.5614150 1.6746162 1.7297023 1.5519131 1.6611244 1.5148852 1.5989666 1.7250066 1.5920313 1.8931906 1.6062442 1.5524015 1.7238952 1.6437284 1.7573181 1.5976122 1.6869814 1.6951789 1.8173988 2.3337787 1.6119168 1.7915069 1.7723221 1.8863741 2.1339438 1.9731027 2.2219389 2.3184404 2.4064519 2.1000888 2.2963429 2.1531616 2.0245446 2.1645153 3.3366394 3.2952773 3.3861018 2.6139757 3.0867448 3.7270863 2.2284429 3.6702142 0.2955524 0.2499660 0.0000000 0.0412371 0.1620223 0.1610864 0.1652747 2.5182514 2.4002670 2.4794378 2.7822951 2.5639844 2.3309462 2.7719027 3.0299222 3.2865490 
HoiH23_PlH23_001102-RA                                        1.5733581 1.6773132 1.7684918 1.5987706 1.7143048 1.5346882 1.6072642 1.7090067 1.6061673 1.8622905 1.6559717 1.5735010 1.7442662 1.6775971 1.8025107 1.6557992 1.7308439 1.7375483 1.8173700 2.3589870 1.6553546 1.8356147 1.7840512 1.9151197 2.2513703 2.0594424 2.3597999 2.4285256 2.3973307 2.1146549 2.2552839 2.0433985 2.0749625 2.3077055 3.2991645 3.2879786 3.4614576 2.6702652 3.1187993 3.6146957 2.1547937 3.5354974 0.3287024 0.2782075 0.0412371 0.0000000 0.1812616 0.1801624 0.1960677 2.5339995 2.4345896 2.5194696 2.9054525 2.6098682 2.2943078 2.9316337 2.9989342 3.3078930 
Hhon_g00273.t1                                                1.5739337 1.7065444 1.7791565 1.5875932 1.6678886 1.4975010 1.6155717 1.7187586 1.6629114 1.9878090 1.6535157 1.6360929 1.7672915 1.7535597 1.7648817 1.6694855 1.6904465 1.7171104 1.8408728 2.3476811 1.5707173 1.8363424 1.7992029 1.8862968 2.1588065 2.0574599 2.2789580 2.2974599 2.4161089 2.1431727 2.3934941 2.1666024 2.0412975 2.2233782 3.6199736 3.5231105 3.6300994 2.6557257 3.1570789 3.8433456 2.1675991 3.7644021 0.3345313 0.2928580 0.1620223 0.1812616 0.0000000 0.0060562 0.2001136 2.4579048 2.4411180 2.5196955 2.6933287 2.5442816 2.2827220 2.7282701 3.1357905 3.3445584 
HoiH04_mRNA9787                                               1.5768281 1.7035973 1.7706145 1.5799688 1.6598850 1.4904910 1.6033586 1.7105388 1.6550054 1.9782058 1.6418259 1.6232632 1.7405246 1.7236204 1.7326767 1.6530743 1.6755045 1.7039688 1.8408728 2.3426343 1.5713942 1.8367566 1.7907719 1.8710689 2.1547847 2.0430172 2.2749839 2.2934348 2.4156048 2.1506547 2.3710219 2.1666024 2.0599167 2.2123443 3.6670130 3.5814568 3.6442697 2.6762387 3.1668373 3.8942099 2.1901328 3.7595399 0.3401216 0.2981715 0.1610864 0.1801624 0.0060562 0.0000000 0.2053747 2.4667877 2.4301422 2.5388780 2.7087602 2.5584133 2.2952216 2.7895842 3.1064326 3.3702431 
HoiH11_mRNA4578                                               1.5330297 1.7097280 1.7401630 1.6844891 1.6767455 1.6025686 1.6682478 1.8046047 1.6694187 1.9458614 1.6725949 1.5848867 1.7662444 1.6693970 1.7768621 1.5774926 1.6466245 1.7098541 1.9180357 2.2625331 1.6023372 1.8142034 1.8463733 1.9529931 2.1199858 2.0097101 2.2542804 2.2082182 2.3559775 2.2056143 2.3676447 2.2943432 2.1464532 2.2742108 3.5008079 3.5071816 3.5879731 2.4811782 3.2663237 3.6974089 2.0645838 3.7455912 0.1995641 0.2034899 0.1652747 0.1960677 0.2001136 0.2053747 0.0000000 2.6193887 2.6127668 2.6388829 3.1025701 2.8402657 2.3125692 2.7899298 3.1899599 3.5922800 
Aque_Aqu2.1.25453_001                                         1.7930992 1.7837392 1.8878589 1.9167965 1.8048737 1.8875402 2.0174193 2.0107997 2.0901421 2.1877452 1.9602068 1.9085152 1.9333127 1.8764014 1.7680219 1.9011182 1.8228177 1.9199343 2.5170891 3.4391098 2.1308402 2.1862497 2.0913920 2.2033573 2.3360015 2.1010155 2.2211825 2.3574423 2.5115073 2.3693212 3.4733537 1.9935678 2.0664655 2.2830766 3.3991334 3.1987434 3.7267158 2.4543018 3.0468893 3.6605276 1.7868129 2.9266090 2.6248847 2.5689937 2.5182514 2.5339995 2.4579048 2.4667877 2.6193887 0.0000000 0.3545729 0.6662556 1.5092754 1.4566387 1.1932796 1.0697935 2.8516726 2.8268927 
Halamb_c55805_g1_i1m.41758                                    1.9399401 1.9962447 1.9633957 1.9890532 2.0616648 1.9996803 2.0765652 2.0718852 2.1645070 2.4696532 2.0359641 2.1336554 1.9421369 1.9577569 1.6846460 1.8218229 1.8229237 1.9379331 2.7904919 3.5606085 2.1471138 2.1023425 2.1183063 2.3289349 2.2862164 2.3162899 2.2225844 2.2372672 2.2483033 2.1054433 3.8290585 2.2767299 2.3548341 2.3700418 3.5653724 3.3055988 3.7819931 2.4904857 3.3710417 3.5715623 1.9190334 2.9022258 2.6696806 2.5450882 2.4002670 2.4345896 2.4411180 2.4301422 2.6127668 0.3545729 0.0000000 0.5767423 1.5642774 1.5213254 1.1601658 1.1939389 3.0445877 2.9727401 
Xestes_snap_masked-XT_scaffold25254-processed-gene-0.7-mRNA-1 1.7917054 1.8192177 1.9692559 1.8653034 1.9153013 1.8806365 1.8864587 1.8754126 2.0621738 2.2938950 2.0480388 2.0176278 2.0597081 2.1337495 1.6547261 1.9499753 1.8793175 1.9711416 2.2977087 3.2217994 1.9563316 2.0999512 1.9528418 2.0911612 2.3280150 2.1130555 2.1780227 2.3455666 2.5113687 2.2283423 3.3484995 2.3876426 2.1852697 2.2931077 3.4974175 3.5093455 3.7178039 2.6494823 3.2383248 3.7234071 2.0273460 2.8670141 2.6214426 2.4686677 2.4794378 2.5194696 2.5196955 2.5388780 2.6388829 0.6662556 0.5767423 0.0000000 1.5350808 1.4807780 0.9964600 1.0069586 2.9871315 3.0197539 
Emue_Em0023g126a.t1                                           2.4584966 2.1499658 2.2449996 2.1507006 2.2761515 2.2955677 2.2759951 2.1134735 2.3923891 2.4876692 2.1967910 2.0840268 2.4506461 2.4407258 2.0984290 2.3265074 2.1591296 2.2551562 2.7347973 3.3786659 2.2313591 2.4047248 2.5440523 2.5008924 2.4946404 2.2640976 2.4507072 2.5368630 2.5663266 2.6980055 3.3662497 2.4907102 2.4052946 2.5071461 3.9542836 3.9706452 4.2602853 3.2647810 3.8551163 4.7147685 2.8794614 3.7068531 3.1705388 2.9704950 2.7822951 2.9054525 2.6933287 2.7087602 3.1025701 1.5092754 1.5642774 1.5350808 0.0000000 0.2199139 1.3944401 1.1127323 3.3075708 3.1669092 
Spolac_c102148_g1_i6_m.28123c102148-g1                        2.2745958 2.0241562 2.1589267 2.0537427 2.1489569 2.1850199 2.1407081 2.0024114 2.2142863 2.3487130 1.9992413 1.8543986 2.2855788 2.2447531 1.8470401 2.0659715 1.9387981 2.0284431 2.7363055 3.3969324 2.0678656 2.1730733 2.2696657 2.3112088 2.2689714 2.0898224 2.3028389 2.4232135 2.4603332 2.4095516 3.3104789 2.2414988 2.2927375 2.3767897 3.4429617 3.2957048 3.6739573 2.5655739 3.3934476 3.7307570 2.2397642 3.4305903 2.9332321 2.7378917 2.5639844 2.6098682 2.5442816 2.5584133 2.8402657 1.4566387 1.5213254 1.4807780 0.2199139 0.0000000 1.2801240 1.2818020 3.0716044 2.8016424 
Tetwil_g12628.t2                                              1.8366373 1.5663975 1.7457826 1.8292433 1.8146677 1.6708005 1.7547471 1.7180022 1.9627222 1.8312353 1.7720186 1.6564705 1.7796810 1.7299645 1.5733282 1.6071584 1.6380052 1.7009725 1.9681788 2.4317871 1.6396706 1.6644936 1.7583137 1.8443923 2.1471775 2.0214580 2.2384234 2.1248256 2.1666805 2.1772572 2.3283603 2.0081884 2.0115290 2.0747988 3.3908756 3.1972049 3.5376163 2.5246845 2.9910360 3.3244267 2.0278083 3.1218096 2.3214480 2.2039628 2.3309462 2.2943078 2.2827220 2.2952216 2.3125692 1.1932796 1.1601658 0.9964600 1.3944401 1.2801240 0.0000000 0.5578658 3.1504254 2.8168484 
Stycar_maker-SC_scaffold123820-augustus-gene-0.8-mRNA-1       1.8522163 1.6877615 1.9653687 1.8155091 1.7333324 1.7002232 1.6003664 1.8190286 1.8827379 2.0393991 1.8945405 1.9322190 2.0278849 1.9766974 1.6968122 1.9221204 1.8816609 2.0549911 1.9559540 2.5150522 1.9095435 2.0787996 2.0756913 2.1924375 2.2136841 2.0781745 2.0676653 2.2107118 2.7338232 3.0763484 2.5528014 2.2899221 1.9678248 2.0963662 4.5876802 5.9363892 5.0068283 5.1484776 3.8870395 4.1498313 3.0927221 4.5647818 2.9549618 2.9549618 2.7719027 2.9316337 2.7282701 2.7895842 2.7899298 1.0697935 1.1939389 1.0069586 1.1127323 1.2818020 0.5578658 0.0000000 3.6540679 3.0777739 
Horcal_Hcv1.av93.c11.g45.i1                                   2.7973250 2.7882382 2.7271803 2.7169024 2.8258647 2.7477829 2.4772698 2.6739694 2.8154464 2.6159496 2.7820676 2.7186629 2.9222128 3.0604375 2.4626486 2.8841711 2.5738432 2.6817270 3.6896188 4.0086921 2.8729920 3.0763871 2.7239864 2.8314036 2.8186537 2.8661595 2.6937053 2.7907851 3.1859488 3.1164050 3.7711140 3.2005479 2.9830998 3.1390103 2.8553158 2.4912135 2.6500200 2.6099975 2.5039221 2.7808974 2.0304301 2.4831503 3.1804427 3.0670166 3.0299222 2.9989342 3.1357905 3.1064326 3.1899599 2.8516726 3.0445877 2.9871315 3.3075708 3.0716044 3.1504254 3.6540679 0.0000000 0.8326972 
Coemet_Cmet_C603866_01                                        3.0129291 2.8395340 2.8332778 2.8430138 2.9162866 2.7502671 2.6134066 2.7977150 3.1209043 2.8272512 2.6844591 2.6449617 2.7380485 2.8557356 2.3899845 2.7481122 2.6577722 2.6225467 3.5775574 4.0305535 2.9099003 2.9907829 2.4410074 2.5132755 2.8639858 2.7817530 2.8363010 2.7480937 3.2927458 3.3943605 5.1370389 3.1199385 2.9185129 3.0551124 2.9840096 2.7818690 2.9582168 2.6335452 2.5371792 2.9903718 1.7637380 2.7061691 3.7890858 3.6015187 3.2865490 3.3078930 3.3445584 3.3702431 3.5922800 2.8268927 2.9727401 3.0197539 3.1669092 2.8016424 2.8168484 3.0777739 0.8326972 0.0000000 
