31
Tcas_TC010648_001                                                  0.0000000 0.2902661 0.3566439 0.4373613 0.4320314 0.4333920 0.4685113 0.4302622 0.4439167 0.4439167 0.4153825 0.5115814 0.5002282 0.8875160 0.5382031 0.5619879 0.5489408 0.5764996 0.6370458 0.6716504 0.7896940 0.7896940 0.6608418 0.7007744 1.0932040 1.1378626 1.2374095 0.8556892 0.8800132 0.9582095 1.1995039 
Dpul_mRNA27779                                                     0.2902661 0.0000000 0.4444202 0.4493930 0.4510147 0.4715363 0.5010658 0.4784796 0.4702383 0.4882323 0.4958540 0.5185269 0.4407789 0.9835152 0.6172366 0.6436316 0.6248056 0.6528395 0.7112333 0.7429854 0.7816105 0.7816105 0.7123201 0.7490947 1.1283336 1.1708395 1.2251520 0.7576122 0.7382369 0.9179039 1.3445799 
Cscu_XM_023364576.1                                                0.3566439 0.4444202 0.0000000 0.2427544 0.3804993 0.4412058 0.4510274 0.5249887 0.4779012 0.4548594 0.4290790 0.4640076 0.5371103 0.7354030 0.4854807 0.4621354 0.4683020 0.7593335 0.8064326 0.8412504 0.9434005 0.9434005 0.7862884 0.8203128 1.1498801 1.1930690 1.3403794 0.9019135 0.9108974 0.7907031 1.1869753 
Acagra_model.g679.t1                                               0.4373613 0.4493930 0.2427544 0.0000000 0.3449244 0.3460329 0.4428167 0.4501375 0.4337633 0.4337633 0.4064650 0.5185967 0.4609534 0.8101242 0.5861364 0.5528221 0.5448186 0.8052121 0.8225794 0.8600477 0.9323927 0.9323927 0.8228553 0.8288066 1.2410564 1.3119501 1.4389848 0.7852566 0.7789599 0.7807823 1.2738703 
Cgig_XM_011455560.3                                                0.4320314 0.4510147 0.3804993 0.3449244 0.0000000 0.4154091 0.5934715 0.6516856 0.6569464 0.6238885 0.5960667 0.6836851 0.6516794 1.1402519 0.5906744 0.5828823 0.4574272 0.9397637 0.9765962 1.0141598 1.0232951 1.0232951 0.8679037 0.8677087 1.2886682 1.3469011 1.4687461 0.9909833 1.0358309 1.0333593 1.4702110 
Ctel_gnl_WGS_AMQN_CAPTEDRAFT_mRNA156804                            0.4333920 0.4715363 0.4412058 0.3460329 0.4154091 0.0000000 0.5963188 0.4422850 0.5012003 0.5012003 0.4954072 0.5377473 0.5213131 0.9158314 0.5102481 0.4396098 0.4427664 0.8093510 0.7987273 0.8380328 0.7722625 0.7722625 0.7095746 0.7082207 1.0970417 1.1646191 1.2859657 0.8544851 0.9100257 0.9388300 1.2724818 
Exapal_XM_021044227.2                                              0.4685113 0.5010658 0.4510274 0.4428167 0.5934715 0.5963188 0.0000000 0.2637105 0.2453191 0.2453191 0.2695051 0.2951182 0.3114879 0.3491059 0.6815435 0.6574316 0.6446338 0.6806244 0.7579660 0.7928885 0.7739927 0.7739927 0.7153773 0.7140103 1.1264913 1.1966312 1.2550445 0.8604101 0.9289464 0.5328662 0.9769047 
Adig_XM_015917995.1                                                0.4302622 0.4784796 0.5249887 0.4501375 0.6516856 0.4422850 0.2637105 0.0000000 0.1307236 0.1554213 0.1762315 0.3027473 0.3582833 0.4506341 0.4116971 0.4555787 0.6165991 0.7554136 0.7355153 0.7714925 0.6786138 0.6786138 0.5726584 0.5705125 0.8638078 0.9359242 1.1156974 0.6663659 0.8135250 0.4304873 0.9633917 
Gfas_gfas1.m1.18169.m1                                             0.4439167 0.4702383 0.4779012 0.4337633 0.6569464 0.5012003 0.2453191 0.1307236 0.0000000 0.0178183 0.0359477 0.1812180 0.2368332 0.4269835 0.5112898 0.4793530 0.5969753 0.7244707 0.8202034 0.8552789 0.6244837 0.6244837 0.5744378 0.6126738 0.9009102 0.9337090 1.1086824 0.6563820 0.7804735 0.3565853 1.0121144 
Pocdam_XM_027193120.1                                              0.4439167 0.4882323 0.4548594 0.4337633 0.6238885 0.5012003 0.2453191 0.1554213 0.0178183 0.0000000 0.0171345 0.1812180 0.2368332 0.4950421 0.5112898 0.4793530 0.5676828 0.7136341 0.8068688 0.8411185 0.6244837 0.6244837 0.5744378 0.6126738 0.9009102 0.9337090 1.1086824 0.7155708 0.8238683 0.3531433 0.9892135 
Spis_XP_022792711_1                                                0.4153825 0.4958540 0.4290790 0.4064650 0.5960667 0.4954072 0.2695051 0.1762315 0.0359477 0.0171345 0.0000000 0.2029303 0.2602480 0.5367996 0.4824243 0.4506849 0.5407515 0.6806255 0.7737453 0.8083462 0.6169514 0.6169514 0.5678172 0.6059439 0.8904732 0.9227252 1.0965762 0.7073752 0.8149677 0.3851310 0.9704707 
Dgig_XM_028561221.1                                                0.5115814 0.5185269 0.4640076 0.5185967 0.6836851 0.5377473 0.2951182 0.3027473 0.1812180 0.1812180 0.2029303 0.0000000 0.1691405 0.3894946 0.5379068 0.5118927 0.5121397 0.6137502 0.6813175 0.7133956 0.5222535 0.5222535 0.5183755 0.5458301 0.8740079 0.9127986 0.9864994 0.7005417 0.8474743 0.5381592 0.9671200 
Xesp_013909-T1                                                     0.5002282 0.4407789 0.5371103 0.4609534 0.6516794 0.5213131 0.3114879 0.3582833 0.2368332 0.2368332 0.2602480 0.1691405 0.0000000 0.5323509 0.5875602 0.5282896 0.5831782 0.6257393 0.7394563 0.7715135 0.5685084 0.5685084 0.5540609 0.5792626 0.8753257 0.9087296 0.8878398 0.7144025 0.8716274 0.6092104 0.8576071 
Nvec_v1g238540                                                     0.8875160 0.9835152 0.7354030 0.8101242 1.1402519 0.9158314 0.3491059 0.4506341 0.4269835 0.4950421 0.5367996 0.3894946 0.5323509 0.0000000 0.9122626 0.9104396 1.0988628 1.1774024 1.3521885 1.3070449 1.0734652 1.0734652 0.8339945 0.8874339 0.8433069 0.8339945 0.8512915 1.0385461 1.1221771 0.8324069 1.2137641 
Aaur_scaffold370.g6.t1                                             0.5382031 0.6172366 0.4854807 0.5861364 0.5906744 0.5102481 0.6815435 0.4116971 0.5112898 0.5112898 0.4824243 0.5379068 0.5875602 0.9122626 0.0000000 0.0757743 0.4301922 0.7226307 0.7421810 0.7767358 0.7968635 0.7968635 0.6122546 0.6529303 0.9593933 0.9999663 1.0624461 0.8261964 0.8804153 0.9399093 1.5973304 
Nemnom_g9853.t1                                                    0.5619879 0.6436316 0.4621354 0.5528221 0.5828823 0.4396098 0.6574316 0.4555787 0.4793530 0.4793530 0.4506849 0.5118927 0.5282896 0.9104396 0.0757743 0.0000000 0.3999486 0.7197943 0.7089247 0.7418083 0.7412290 0.7412290 0.5678944 0.6077445 0.8822548 0.9173200 1.0347455 0.7990255 0.8096113 0.8896063 1.4607468 
Sanmal_Sma_008565-T1                                               0.5489408 0.6248056 0.4683020 0.5448186 0.4574272 0.4427664 0.6446338 0.6165991 0.5969753 0.5676828 0.5407515 0.5121397 0.5831782 1.0988628 0.4301922 0.3999486 0.0000000 0.8569645 0.8884365 0.9218705 0.7393878 0.7393878 0.6331558 0.6715422 1.0268927 1.0656792 1.1901857 0.9108821 0.9996212 0.9981640 1.5777260 
Mlei_ML0420.g1.i1                                                  0.5764996 0.6528395 0.7593335 0.8052121 0.9397637 0.8093510 0.6806244 0.7554136 0.7244707 0.7136341 0.6806255 0.6137502 0.6257393 1.1774024 0.7226307 0.7197943 0.8569645 0.0000000 0.0899701 0.1089568 0.8477802 0.8477802 0.7849089 0.8559026 1.3278013 1.3598308 1.4120118 0.9372512 0.9931296 1.2994930 1.6660204 
Pbac_sb2654177                                                     0.6370458 0.7112333 0.8064326 0.8225794 0.9765962 0.7987273 0.7579660 0.7355153 0.8202034 0.8068688 0.7737453 0.6813175 0.7394563 1.3521885 0.7421810 0.7089247 0.8884365 0.0899701 0.0000000 0.0171249 0.8717853 0.8717853 0.8298302 0.8632307 1.3859082 1.4309591 1.4839860 0.9696389 0.9781028 1.4090259 1.7042181 
Horcal_Hcv1.av93.c2.g409.i1                                        0.6716504 0.7429854 0.8412504 0.8600477 1.0141598 0.8380328 0.7928885 0.7714925 0.8552789 0.8411185 0.8083462 0.7133956 0.7715135 1.3070449 0.7767358 0.7418083 0.9218705 0.1089568 0.0171249 0.0000000 0.8369004 0.8369004 0.7938487 0.8275052 1.3454578 1.3917313 1.4459535 0.9336231 0.9429365 1.4456564 1.6590339 
Tadh_TriadT38015                                                   0.7896940 0.7816105 0.9434005 0.9323927 1.0232951 0.7722625 0.7739927 0.6786138 0.6244837 0.6244837 0.6169514 0.5222535 0.5685084 1.0734652 0.7968635 0.7412290 0.7393878 0.8477802 0.8717853 0.8369004 0.0000000 0.0000010 0.1966751 0.2181642 0.3965995 0.4283086 0.4475682 0.9415537 1.1225535 1.0803219 1.3827422 
TrH2_TrispH2_007104-RA                                             0.7896940 0.7816105 0.9434005 0.9323927 1.0232951 0.7722625 0.7739927 0.6786138 0.6244837 0.6244837 0.6169514 0.5222535 0.5685084 1.0734652 0.7968635 0.7412290 0.7393878 0.8477802 0.8717853 0.8369004 0.0000010 0.0000000 0.1966751 0.2181642 0.3965995 0.4283086 0.4475682 0.9415537 1.1225535 1.0803219 1.3827422 
Hhon_g04415.t1                                                     0.6608418 0.7123201 0.7862884 0.8228553 0.8679037 0.7095746 0.7153773 0.5726584 0.5744378 0.5744378 0.5678172 0.5183755 0.5540609 0.8339945 0.6122546 0.5678944 0.6331558 0.7849089 0.8298302 0.7938487 0.1966751 0.1966751 0.0000000 0.0511092 0.1557721 0.1346362 0.2505367 0.7642267 0.9603192 0.8117476 1.0609902 
HoiH23_PlH23_008966-RA                                             0.7007744 0.7490947 0.8203128 0.8288066 0.8677087 0.7082207 0.7140103 0.5705125 0.6126738 0.6126738 0.6059439 0.5458301 0.5792626 0.8874339 0.6529303 0.6077445 0.6715422 0.8559026 0.8632307 0.8275052 0.2181642 0.2181642 0.0511092 0.0000000 0.1340171 0.2047333 0.2773597 0.7738866 0.9347998 0.8549063 1.0627981 
HoiH06_mRNA604                                                     1.0932040 1.1283336 1.1498801 1.2410564 1.2886682 1.0970417 1.1264913 0.8638078 0.9009102 0.9009102 0.8904732 0.8740079 0.8753257 0.8433069 0.9593933 0.8822548 1.0268927 1.3278013 1.3859082 1.3454578 0.3965995 0.3965995 0.1557721 0.1340171 0.0000000 0.0359184 0.1255412 1.0727446 1.2754197 0.8198639 1.0627981 
HoiH04_mRNA6320                                                    1.1378626 1.1708395 1.1930690 1.3119501 1.3469011 1.1646191 1.1966312 0.9359242 0.9337090 0.9337090 0.9227252 0.9127986 0.9087296 0.8339945 0.9999663 0.9173200 1.0656792 1.3598308 1.4309591 1.3917313 0.4283086 0.4283086 0.1346362 0.2047333 0.0359184 0.0000000 0.1599949 1.0817251 1.3252134 0.8117476 1.0609902 
HoiH11_mRNA6656                                                    1.2374095 1.2251520 1.3403794 1.4389848 1.4687461 1.2859657 1.2550445 1.1156974 1.1086824 1.1086824 1.0965762 0.9864994 0.8878398 0.8512915 1.0624461 1.0347455 1.1901857 1.4120118 1.4839860 1.4459535 0.4475682 0.4475682 0.2505367 0.2773597 0.1255412 0.1599949 0.0000000 1.3754033 1.6208319 0.8877504 1.0303943 
Aque_Aqu2.1.40203_001                                              0.8556892 0.7576122 0.9019135 0.7852566 0.9909833 0.8544851 0.8604101 0.6663659 0.6563820 0.7155708 0.7073752 0.7005417 0.7144025 1.0385461 0.8261964 0.7990255 0.9108821 0.9372512 0.9696389 0.9336231 0.9415537 0.9415537 0.7642267 0.7738866 1.0727446 1.0817251 1.3754033 0.0000000 0.1382505 1.1038666 0.5814173 
Xestes_maker-XT_scaffold5254-augustus-gene-0.35-mRNA-1             0.8800132 0.7382369 0.9108974 0.7789599 1.0358309 0.9100257 0.9289464 0.8135250 0.7804735 0.8238683 0.8149677 0.8474743 0.8716274 1.1221771 0.8804153 0.8096113 0.9996212 0.9931296 0.9781028 0.9429365 1.1225535 1.1225535 0.9603192 0.9347998 1.2754197 1.3252134 1.6208319 0.1382505 0.0000000 1.2711067 0.9042023 
Fspp_ffun1.m4.19289.m1                                             0.9582095 0.9179039 0.7907031 0.7807823 1.0333593 0.9388300 0.5328662 0.4304873 0.3565853 0.3531433 0.3851310 0.5381592 0.6092104 0.8324069 0.9399093 0.8896063 0.9981640 1.2994930 1.4090259 1.4456564 1.0803219 1.0803219 0.8117476 0.8549063 0.8198639 0.8117476 0.8877504 1.1038666 1.2711067 0.0000000 0.8370976 
Stycar_augustus_masked-SC_scaffold118325-processed-gene-0.0-mRNA-1 1.1995039 1.3445799 1.1869753 1.2738703 1.4702110 1.2724818 0.9769047 0.9633917 1.0121144 0.9892135 0.9704707 0.9671200 0.8576071 1.2137641 1.5973304 1.4607468 1.5777260 1.6660204 1.7042181 1.6590339 1.3827422 1.3827422 1.0609902 1.0627981 1.0627981 1.0609902 1.0303943 0.5814173 0.9042023 0.8370976 0.0000000 
