26
Hsap_ENST00000330978                                         0.0000000 0.6685011 1.5989915 1.5989915 1.6643966 1.9346904 1.8007596 1.7780662 1.7858300 1.3034935 1.6638039 1.6023283 1.7329980 1.2109255 2.1280685 2.2899907 2.0829927 2.0724100 1.8348653 1.7948119 1.7579309 2.3436182 2.6945677 2.6374354 2.5707589 1.7303598 
Bralan_BLAG01001796_1                                        0.6685011 0.0000000 0.8829342 0.8829342 1.0785279 1.1573574 1.1654574 1.1596529 1.1433213 0.7858466 1.4138379 0.9924660 1.1920345 0.8504370 1.5423662 1.5647531 1.4586142 1.7399513 1.5150943 1.4037297 1.4269447 1.5280820 1.7398105 1.6519094 1.6648717 1.5771631 
Tadh_TriadT28548                                             1.5989915 0.8829342 0.0000000 0.0000010 0.2662752 0.3152271 0.2513383 0.2754719 0.3202294 0.8553657 1.5294736 1.5027311 1.7824807 1.1981712 1.3139909 1.2004845 1.9486973 2.3614450 2.1289067 2.0068257 2.0360598 1.9417209 1.8952028 1.7115231 1.7442198 1.6075621 
TrH2_TrispH2_005923-RA                                       1.5989915 0.8829342 0.0000010 0.0000000 0.2662752 0.3152271 0.2513383 0.2754719 0.3202294 0.8553657 1.5294736 1.5027311 1.7824807 1.1981712 1.3139909 1.2004845 1.9486973 2.3614450 2.1289067 2.0068257 2.0360598 1.9417209 1.8952028 1.7115231 1.7442198 1.6075621 
HoiH06_mRNA2892                                              1.6643966 1.0785279 0.2662752 0.2662752 0.0000000 0.0657479 0.0654171 0.0892114 0.0898416 0.8441513 1.3140174 1.5866266 2.3147657 1.1270984 1.0686822 1.1606422 2.0902420 2.4524891 2.3608194 2.1516540 2.1894093 1.8636767 1.9065554 1.6512838 1.6693284 1.2950764 
HoiH23_PlH23_000703-RA                                       1.9346904 1.1573574 0.3152271 0.3152271 0.0657479 0.0000000 0.0827882 0.1010860 0.1537250 0.9483696 1.5615274 1.6237476 1.9387616 1.2066066 1.2352612 1.1842716 2.1279766 2.5392241 2.3072133 2.1647180 2.2017232 2.0817377 1.9347140 1.6005471 1.6225473 1.7353447 
Hhon_g02685.t1                                               1.8007596 1.1654574 0.2513383 0.2513383 0.0654171 0.0827882 0.0000000 0.0160689 0.1539735 0.9608194 1.5906796 1.5830182 2.0344348 1.0829302 1.2272579 1.1971774 2.1485441 2.4602222 2.2344075 2.1041990 2.1429095 2.0108930 1.9500203 1.6507958 1.6015044 1.7303655 
HoiH04_mRNA14348                                             1.7780662 1.1596529 0.2754719 0.2754719 0.0892114 0.1010860 0.0160689 0.0000000 0.1533279 0.8857812 1.5165972 1.5082762 1.9385317 1.0243037 1.2396104 1.2592398 2.0550316 2.3690283 2.1392915 2.0161372 2.0568293 1.9165483 1.8535754 1.5689337 1.5931257 1.6398938 
HoiH11_mRNA2732                                              1.7858300 1.1433213 0.3202294 0.3202294 0.0898416 0.1537250 0.1539735 0.1533279 0.0000000 0.9208608 1.5836603 1.5749255 1.9856435 1.2310565 1.1238548 1.3232891 2.0015902 2.5614056 2.3035800 2.1718592 2.2543197 1.8897803 1.8173109 1.7645832 1.7226922 1.7093859 
Dpul_mRNA5205                                                1.3034935 0.7858466 0.8553657 0.8553657 0.8441513 0.9483696 0.9608194 0.8857812 0.9208608 0.0000000 0.5321140 0.7433114 0.9108166 0.8601092 1.3995013 1.6199247 1.2878448 1.3700972 1.3591235 1.2815988 1.2316100 1.6726832 1.5819864 1.3596114 1.5083990 1.2346323 
Ctel_gnl_WGS_AMQN_CAPTEDRAFT_mRNA17942                       1.6638039 1.4138379 1.5294736 1.5294736 1.3140174 1.5615274 1.5906796 1.5165972 1.5836603 0.5321140 0.0000000 1.0497105 1.3246139 1.5818919 1.8481347 2.0008805 1.9396975 1.9590609 2.0425261 2.0308748 1.9018955 2.1757546 2.3444738 2.4987701 2.6558875 1.8806917 
Cscu_XM_023374998.1                                          1.6023283 0.9924660 1.5027311 1.5027311 1.5866266 1.6237476 1.5830182 1.5082762 1.5749255 0.7433114 1.0497105 0.0000000 0.9183527 0.9134108 1.9903289 1.8050856 1.1244344 1.3397891 1.3363883 1.3321424 1.3260694 2.0097357 1.7942890 2.1172818 1.9463773 1.6957732 
Cgig_XM_011447969.3                                          1.7329980 1.1920345 1.7824807 1.7824807 2.3147657 1.9387616 2.0344348 1.9385317 1.9856435 0.9108166 1.3246139 0.9183527 0.0000000 0.9247800 2.0562387 1.9950972 1.6106295 1.5731141 1.7641401 1.6606106 1.7105748 2.0958003 1.2801962 1.7481624 1.7848882 1.5200909 
Acagra_model.g14992.t1                                       1.2109255 0.8504370 1.1981712 1.1981712 1.1270984 1.2066066 1.0829302 1.0243037 1.2310565 0.8601092 1.5818919 0.9134108 0.9247800 0.0000000 1.5170423 1.9675882 1.4304696 1.7212980 1.5938943 1.5693078 1.5176021 1.6913479 1.4960128 1.4543645 1.6254743 1.4078501 
Aque_Aqu2.1.33664_001                                        2.1280685 1.5423662 1.3139909 1.3139909 1.0686822 1.2352612 1.2272579 1.2396104 1.1238548 1.3995013 1.8481347 1.9903289 2.0562387 1.5170423 0.0000000 1.1851676 2.3381028 2.7241540 2.5184113 2.5668435 2.4396632 1.5492202 1.8371328 1.7628837 1.4751788 2.5944203 
Xestes_snap_masked-XT_scaffold6069-processed-gene-0.5-mRNA-1 2.2899907 1.5647531 1.2004845 1.2004845 1.1606422 1.1842716 1.1971774 1.2592398 1.3232891 1.6199247 2.0008805 1.8050856 1.9950972 1.9675882 1.1851676 0.0000000 2.5960819 2.4387253 2.2633420 2.0122939 2.1111682 2.1669665 1.9127752 1.6191492 1.5524798 2.6043888 
Amil_Amillepora24885-RA                                      2.0829927 1.4586142 1.9486973 1.9486973 2.0902420 2.1279766 2.1485441 2.0550316 2.0015902 1.2878448 1.9396975 1.1244344 1.6106295 1.4304696 2.3381028 2.5960819 0.0000000 0.4361423 0.4567252 0.4784091 0.3919744 1.8784506 1.9784939 2.1217860 2.2221954 1.8002077 
Gfas_gfas1.m1.1861.m1                                        2.0724100 1.7399513 2.3614450 2.3614450 2.4524891 2.5392241 2.4602222 2.3690283 2.5614056 1.3700972 1.9590609 1.3397891 1.5731141 1.7212980 2.7241540 2.4387253 0.4361423 0.0000000 0.2766423 0.2120218 0.3083238 2.1782811 1.8658264 1.9191413 2.2506276 2.1473616 
Fspp_ffun1.m4.23277.m1                                       1.8348653 1.5150943 2.1289067 2.1289067 2.3608194 2.3072133 2.2344075 2.1392915 2.3035800 1.3591235 2.0425261 1.3363883 1.7641401 1.5938943 2.5184113 2.2633420 0.4567252 0.2766423 0.0000000 0.1619220 0.1946288 1.9658812 1.8393920 1.8837900 2.1661571 1.8289969 
Spis_XP_022783865_1                                          1.7948119 1.4037297 2.0068257 2.0068257 2.1516540 2.1647180 2.1041990 2.0161372 2.1718592 1.2815988 2.0308748 1.3321424 1.6606106 1.5693078 2.5668435 2.0122939 0.4784091 0.2120218 0.1619220 0.0000000 0.1043616 1.8544310 1.8183877 1.8514655 1.9852498 1.8605472 
Pocdam_XM_027198120.1                                        1.7579309 1.4269447 2.0360598 2.0360598 2.1894093 2.2017232 2.1429095 2.0568293 2.2543197 1.2316100 1.9018955 1.3260694 1.7105748 1.5176021 2.4396632 2.1111682 0.3919744 0.3083238 0.1946288 0.1043616 0.0000000 1.9154741 1.8605503 1.9147508 2.1340573 1.8061638 
Aaur_scaffold69.g41.t1                                       2.3436182 1.5280820 1.9417209 1.9417209 1.8636767 2.0817377 2.0108930 1.9165483 1.8897803 1.6726832 2.1757546 2.0097357 2.0958003 1.6913479 1.5492202 2.1669665 1.8784506 2.1782811 1.9658812 1.8544310 1.9154741 0.0000000 0.9292145 0.7724861 1.0130726 2.0240371 
Nemnom_g10708.t1                                             2.6945677 1.7398105 1.8952028 1.8952028 1.9065554 1.9347140 1.9500203 1.8535754 1.8173109 1.5819864 2.3444738 1.7942890 1.2801962 1.4960128 1.8371328 1.9127752 1.9784939 1.8658264 1.8393920 1.8183877 1.8605503 0.9292145 0.0000000 0.3952853 1.1381337 2.0689022 
Rhoesc_Res_006165-T1                                         2.6374354 1.6519094 1.7115231 1.7115231 1.6512838 1.6005471 1.6507958 1.5689337 1.7645832 1.3596114 2.4987701 2.1172818 1.7481624 1.4543645 1.7628837 1.6191492 2.1217860 1.9191413 1.8837900 1.8514655 1.9147508 0.7724861 0.3952853 0.0000000 0.9767813 2.6604153 
Sanmal_Sma_019388-T1                                         2.5707589 1.6648717 1.7442198 1.7442198 1.6693284 1.6225473 1.6015044 1.5931257 1.7226922 1.5083990 2.6558875 1.9463773 1.7848882 1.6254743 1.4751788 1.5524798 2.2221954 2.2506276 2.1661571 1.9852498 2.1340573 1.0130726 1.1381337 0.9767813 0.0000000 2.6123633 
Skow_XM_006821602.1                                          1.7303598 1.5771631 1.6075621 1.6075621 1.2950764 1.7353447 1.7303655 1.6398938 1.7093859 1.2346323 1.8806917 1.6957732 1.5200909 1.4078501 2.5944203 2.6043888 1.8002077 2.1473616 1.8289969 1.8605472 1.8061638 2.0240371 2.0689022 2.6604153 2.6123633 0.0000000 
