35
Hsap_ENST00000253233        0.0000000 1.2430869 1.5074142 1.5194254 1.8810517 1.5418777 2.9117018 1.7753501 1.9950069 2.2977786 2.3558828 2.2008201 2.2575972 1.9468353 2.0952195 2.2330366 2.3657140 2.4701215 2.2384318 2.2933254 2.2952076 2.3942748 2.5549966 2.4530540 2.3335572 2.3715751 1.9652596 2.1797417 2.4273243 2.9674743 3.3859299 3.5233688 2.7251341 2.9690777 3.0286656 
Bralan_BLAG01001749_1       1.2430869 0.0000000 1.0384585 1.6710655 2.0418223 1.3345909 1.9583011 2.6622369 3.1105300 2.8187856 2.7800798 2.9183438 2.9183438 2.1705233 2.1350894 2.3325294 1.9088533 1.9843654 1.9384336 2.1399799 1.8943270 2.3341399 2.3791162 2.5853513 2.3818578 2.9288998 2.5078292 2.0284492 2.2085415 2.4372370 3.3921711 3.4595608 2.6008296 2.6104380 2.7306529 
Skow_XM_006822295.1         1.5074142 1.0384585 0.0000000 1.6842740 1.8497283 1.9348568 2.8384414 2.2367857 2.7665322 2.4035742 2.4538847 2.8359101 2.9051016 2.3384659 2.3473298 2.2381008 2.1069363 1.9960422 2.1148717 1.8038809 2.0595963 2.4106133 2.4855468 2.5955435 2.3049010 2.1881349 2.2595219 2.0976395 2.2440801 2.6182518 4.2009153 4.2369683 2.8803074 3.1178843 4.1837510 
Tcas_TC034877_001           1.5194254 1.6710655 1.6842740 0.0000000 1.4275867 1.4447161 1.8399616 2.0405978 2.1612344 2.6446537 2.5032994 2.9135982 2.9918104 1.9521023 1.9463789 2.5519961 1.8711129 1.9466988 2.0042812 2.1898029 2.2450229 2.5584982 2.4638178 2.1955300 2.2558987 2.1689900 2.0235566 2.2372324 2.2067476 3.5095515 4.8849434 5.0720238 2.5438582 2.8951005 4.4592060 
Cscu_XM_023359078.1         1.8810517 2.0418223 1.8497283 1.4275867 0.0000000 1.7107238 2.4866513 2.0111228 2.4485113 2.4020422 2.4412317 2.7393166 2.8079198 2.1232429 2.1030219 2.2763002 2.1796028 2.1469765 2.3113129 2.3300577 2.4348670 2.5840178 2.7169577 2.3654168 2.4543568 2.3481261 2.5503040 2.8057083 2.2425782 4.4907965 5.6532022 5.5978108 3.4777689 3.7693701 4.5248202 
Acagra_model.g24077.t1      1.5418777 1.3345909 1.9348568 1.4447161 1.7107238 0.0000000 2.8226713 1.7151385 1.8636816 2.0339057 1.9613766 2.2275762 2.2874653 2.3829028 2.1919072 2.9871340 2.3866768 2.4315113 2.8724660 2.3629946 2.8749074 3.0147601 3.1208649 2.2276172 2.6967369 2.9187250 2.4523610 3.3672722 3.0338241 3.1239915 4.4970392 4.5500082 2.7780903 3.3412838 4.9438931 
Aaur_scaffold156.g7.t2      2.9117018 1.9583011 2.8384414 1.8399616 2.4866513 2.8226713 0.0000000 1.8008711 2.1032707 2.0727477 1.9875479 2.3073665 2.3655939 1.3568872 1.2608029 2.3531447 2.1413638 2.1753375 2.1956843 2.1029373 2.1918693 2.6290469 2.7681030 2.0251357 3.0078209 2.9903529 2.1286089 2.0272155 1.4494468 4.3975621 5.1978106 5.5719248 3.5653702 3.9113141 4.8545898 
Tadh_TriadT28629            1.7753501 2.6622369 2.2367857 2.0405978 2.0111228 1.7151385 1.8008711 0.0000000 0.0000010 0.6168480 0.5763247 0.6888573 0.6888573 1.7670458 1.6246316 1.8649727 1.7034502 1.6287710 1.6465273 1.5847736 1.7530727 1.7602444 1.8689744 1.9867575 2.1854725 2.4668718 1.7716065 2.2598145 1.7582019 4.4727045 4.1201347 4.0256224 3.1290965 3.3413539 3.2580145 
TrH2_TrispH2_006872-RA      1.9950069 3.1105300 2.7665322 2.1612344 2.4485113 1.8636816 2.1032707 0.0000010 0.0000000 0.6752843 0.6351186 0.7679201 0.7919741 2.0688934 1.9670543 2.2392066 2.0546535 1.9723884 1.9795964 1.9415990 2.1304446 2.1321751 2.3106229 2.1243957 2.4991821 2.3999048 1.8553339 2.6207080 1.8615163 4.4727045 4.1692365 4.2133362 3.3717946 3.7602859 3.7513286 
HoiH06_mRNA6705             2.2977786 2.8187856 2.4035742 2.6446537 2.4020422 2.0339057 2.0727477 0.6168480 0.6752843 0.0000000 0.0400494 0.2187371 0.2320465 2.1999896 1.7601691 2.1646945 1.8993371 1.8669295 1.7725840 1.7363962 1.9386665 1.9782219 2.1030433 1.9903376 2.5915448 2.5323934 1.7353615 2.5953647 2.1370432 5.2332416 5.3814023 5.9493559 3.6957394 3.9127407 4.4040486 
HoiH23_PlH23_000602-RA      2.3558828 2.7800798 2.4538847 2.5032994 2.4412317 1.9613766 1.9875479 0.5763247 0.6351186 0.0400494 0.0000000 0.2039682 0.2167875 2.3169834 1.7287485 2.2633427 1.7733006 1.8109399 1.7503412 1.7178476 1.9192252 2.0655206 2.1959055 1.9760575 2.6336351 2.4788072 1.6972305 2.6404475 2.1997061 5.2164508 5.7036842 6.2081279 3.9292772 4.3172759 4.5798474 
Hhon_g09890.t1              2.2008201 2.9183438 2.8359101 2.9135982 2.7393166 2.2275762 2.3073665 0.6888573 0.7679201 0.2187371 0.2039682 0.0000000 0.0000010 2.5829070 1.9545463 2.2524217 2.1301457 2.1642134 1.9148567 2.0483421 2.1802835 2.1958757 2.3878191 2.1012656 2.8140089 2.6325520 2.0046147 2.9051378 2.3566960 5.5324844 5.0786440 6.0730304 4.1838847 4.3863842 4.5336872 
HoiH04_mRNA10314            2.2575972 2.9183438 2.9051016 2.9918104 2.8079198 2.2874653 2.3655939 0.6888573 0.7919741 0.2320465 0.2167875 0.0000010 0.0000000 2.6509112 2.0073494 2.2524217 2.1301457 2.1642134 1.9148567 2.0483421 2.1802835 2.1958757 2.3878191 2.1835902 2.8834305 2.7025269 2.0598986 2.9051378 2.4159363 5.5324844 5.2961407 6.3333904 4.2952427 4.5015763 4.5930344 
Nemnom_g17383.t1            1.9468353 2.1705233 2.3384659 1.9521023 2.1232429 2.3829028 1.3568872 1.7670458 2.0688934 2.1999896 2.3169834 2.5829070 2.6509112 0.0000000 0.6686294 2.2450892 1.7649142 1.6849926 1.6643417 1.9149829 1.7246946 1.8931997 2.0777338 1.8603222 1.7494001 2.3199963 1.7691622 2.0876947 1.4373647 3.5157908 3.9003497 4.5069120 3.1032118 3.4478999 3.9159607 
Rhoesc_Res_011053-T1        2.0952195 2.1350894 2.3473298 1.9463789 2.1030219 2.1919072 1.2608029 1.6246316 1.9670543 1.7601691 1.7287485 1.9545463 2.0073494 0.6686294 0.0000000 2.2626531 1.6895888 1.6377473 1.6609935 1.8723525 1.9382088 1.9817713 2.1319246 1.7750641 1.8365212 2.3075314 1.5884699 2.1673020 1.3454758 3.0712095 4.3345802 4.8009196 3.0200930 3.2836316 3.5502435 
Exapal_XM_021040327.2       2.2330366 2.3325294 2.2381008 2.5519961 2.2763002 2.9871340 2.3531447 1.8649727 2.2392066 2.1646945 2.2633427 2.2524217 2.2524217 2.2450892 2.2626531 0.0000000 1.2104660 1.1934022 1.1897305 1.2622351 1.2844150 1.5099560 1.6135100 1.6259774 2.1936812 2.1042276 1.2803214 1.6766184 2.0317576 3.8544868 4.4612660 3.7000591 3.3054506 3.6118593 3.9857505 
Adig_XM_015912143.1         2.3657140 1.9088533 2.1069363 1.8711129 2.1796028 2.3866768 2.1413638 1.7034502 2.0546535 1.8993371 1.7733006 2.1301457 2.1301457 1.7649142 1.6895888 1.2104660 0.0000000 0.0348547 0.5766176 0.9155594 1.0109956 1.1608044 1.3220005 1.6822096 2.0405776 1.7528883 1.0434130 1.5567657 2.1480348 3.7272867 4.6091213 4.0577684 3.2226439 3.6288087 3.4343131 
Amil_Amillepora30021-RA     2.4701215 1.9843654 1.9960422 1.9466988 2.1469765 2.4315113 2.1753375 1.6287710 1.9723884 1.8669295 1.8109399 2.1642134 2.1642134 1.6849926 1.6377473 1.1934022 0.0348547 0.0000000 0.5478307 0.8846436 0.9738179 1.1773498 1.3148418 1.5673708 1.9102009 1.7425523 1.0533426 1.5622555 2.0890648 3.5648902 4.3678456 3.8285527 3.0283159 3.4782355 3.4402010 
Gfas_gfas1.m1.270.m1        2.2384318 1.9384336 2.1148717 2.0042812 2.3113129 2.8724660 2.1956843 1.6465273 1.9795964 1.7725840 1.7503412 1.9148567 1.9148567 1.6643417 1.6609935 1.1897305 0.5766176 0.5478307 0.0000000 0.6224261 0.5769933 0.7010732 0.8166351 1.3280215 2.3443236 1.6972417 0.9784135 1.4565013 2.2151001 2.7981564 3.6822823 3.5312666 3.0317181 3.4238994 3.3256247 
Fspp_ffun1.m4.395.m1        2.2933254 2.1399799 1.8038809 2.1898029 2.3300577 2.3629946 2.1029373 1.5847736 1.9415990 1.7363962 1.7178476 2.0483421 2.0483421 1.9149829 1.8723525 1.2622351 0.9155594 0.8846436 0.6224261 0.0000000 0.3875311 0.7994300 0.8028164 1.5807624 2.3250502 2.1060391 1.2397473 1.4588086 1.9882080 3.1693362 4.1698949 4.2367188 3.0119956 3.4365088 3.9325138 
Gasp_gasp1.m3.19347.m1      2.2952076 1.8943270 2.0595963 2.2450229 2.4348670 2.8749074 2.1918693 1.7530727 2.1304446 1.9386665 1.9192252 2.1802835 2.1802835 1.7246946 1.9382088 1.2844150 1.0109956 0.9738179 0.5769933 0.3875311 0.0000000 0.6980457 0.7137694 1.6419368 2.4680690 1.9717915 0.9294501 1.4720523 2.2215144 3.2660328 4.0258870 4.4153442 2.8520701 3.2005506 3.9124277 
Spis_XP_022780485_1         2.3942748 2.3341399 2.4106133 2.5584982 2.5840178 3.0147601 2.6290469 1.7602444 2.1321751 1.9782219 2.0655206 2.1958757 2.1958757 1.8931997 1.9817713 1.5099560 1.1608044 1.1773498 0.7010732 0.7994300 0.6980457 0.0000000 0.2326276 1.8960706 2.4666209 1.9073955 1.1963757 1.6761197 2.4350899 3.9005304 4.6674149 4.9582339 3.5195146 4.2282271 3.5384381 
Pocdam_XM_027198334.1       2.5549966 2.3791162 2.4855468 2.4638178 2.7169577 3.1208649 2.7681030 1.8689744 2.3106229 2.1030433 2.1959055 2.3878191 2.3878191 2.0777338 2.1319246 1.6135100 1.3220005 1.3148418 0.8166351 0.8028164 0.7137694 0.2326276 0.0000000 1.9925386 2.5300199 2.0914210 1.2071230 1.6286271 2.8348245 4.1819128 4.9033307 5.4131887 3.4107746 4.0136840 3.4240630 
Hvul_g14971_1               2.4530540 2.5853513 2.5955435 2.1955300 2.3654168 2.2276172 2.0251357 1.9867575 2.1243957 1.9903376 1.9760575 2.1012656 2.1835902 1.8603222 1.7750641 1.6259774 1.6822096 1.5673708 1.3280215 1.5807624 1.6419368 1.8960706 1.9925386 0.0000000 1.2011194 2.0390305 1.5002991 1.6460173 1.8544580 3.7051055 4.3665060 4.7103542 3.5184069 4.1397339 4.6646142 
Chem_TCONS_00058071         2.3335572 2.3818578 2.3049010 2.2558987 2.4543568 2.6967369 3.0078209 2.1854725 2.4991821 2.5915448 2.6336351 2.8140089 2.8834305 1.7494001 1.8365212 2.1936812 2.0405776 1.9102009 2.3443236 2.3250502 2.4680690 2.4666209 2.5300199 1.2011194 0.0000000 2.1150298 2.1931893 2.3996273 2.2945111 3.1980403 4.2709926 4.1197504 2.6883376 2.9865583 4.5770044 
Morvir_scaffold54.g61.t1    2.3715751 2.9288998 2.1881349 2.1689900 2.3481261 2.9187250 2.9903529 2.4668718 2.3999048 2.5323934 2.4788072 2.6325520 2.7025269 2.3199963 2.3075314 2.1042276 1.7528883 1.7425523 1.6972417 2.1060391 1.9717915 1.9073955 2.0914210 2.0390305 2.1150298 0.0000000 1.7092174 1.7958089 2.5730634 4.5598435 5.4919060 4.8103848 3.5631390 3.9364590 5.0926150 
Nvec_v1g7994                1.9652596 2.5078292 2.2595219 2.0235566 2.5503040 2.4523610 2.1286089 1.7716065 1.8553339 1.7353615 1.6972305 2.0046147 2.0598986 1.7691622 1.5884699 1.2803214 1.0434130 1.0533426 0.9784135 1.2397473 0.9294501 1.1963757 1.2071230 1.5002991 2.1931893 1.7092174 0.0000000 1.2098776 1.7319909 3.7412191 4.2210663 4.0732616 3.1658055 3.5624790 3.6874261 
Dgig_XM_028540876.1         2.1797417 2.0284492 2.0976395 2.2372324 2.8057083 3.3672722 2.0272155 2.2598145 2.6207080 2.5953647 2.6404475 2.9051378 2.9051378 2.0876947 2.1673020 1.6766184 1.5567657 1.5622555 1.4565013 1.4588086 1.4720523 1.6761197 1.6286271 1.6460173 2.3996273 1.7958089 1.2098776 0.0000000 2.1567734 4.0064034 3.9345496 3.5488785 2.8780628 3.2104577 3.3534457 
Sanmal_Sma_024802-T1        2.4273243 2.2085415 2.2440801 2.2067476 2.2425782 3.0338241 1.4494468 1.7582019 1.8615163 2.1370432 2.1997061 2.3566960 2.4159363 1.4373647 1.3454758 2.0317576 2.1480348 2.0890648 2.2151001 1.9882080 2.2215144 2.4350899 2.8348245 1.8544580 2.2945111 2.5730634 1.7319909 2.1567734 0.0000000 3.0291154 4.1440037 3.3468064 2.9290320 3.2310769 4.1682304 
Mlei_ML0711.g20.i1          2.9674743 2.4372370 2.6182518 3.5095515 4.4907965 3.1239915 4.3975621 4.4727045 4.4727045 5.2332416 5.2164508 5.5324844 5.5324844 3.5157908 3.0712095 3.8544868 3.7272867 3.5648902 2.7981564 3.1693362 3.2660328 3.9005304 4.1819128 3.7051055 3.1980403 4.5598435 3.7412191 4.0064034 3.0291154 0.0000000 1.4077838 1.5332500 1.6697698 1.7612234 1.9865061 
Drygla_Dgla_sb285278        3.3859299 3.3921711 4.2009153 4.8849434 5.6532022 4.4970392 5.1978106 4.1201347 4.1692365 5.3814023 5.7036842 5.0786440 5.2961407 3.9003497 4.3345802 4.4612660 4.6091213 4.3678456 3.6822823 4.1698949 4.0258870 4.6674149 4.9033307 4.3665060 4.2709926 5.4919060 4.2210663 3.9345496 4.1440037 1.4077838 0.0000000 1.1756149 1.4052771 1.3087648 1.9837122 
Beraby_Baby_sb325771        3.5233688 3.4595608 4.2369683 5.0720238 5.5978108 4.5500082 5.5719248 4.0256224 4.2133362 5.9493559 6.2081279 6.0730304 6.3333904 4.5069120 4.8009196 3.7000591 4.0577684 3.8285527 3.5312666 4.2367188 4.4153442 4.9582339 5.4131887 4.7103542 4.1197504 4.8103848 4.0732616 3.5488785 3.3468064 1.5332500 1.1756149 0.0000000 1.4075855 1.3566596 1.8361369 
Pbac_sb2663451              2.7251341 2.6008296 2.8803074 2.5438582 3.4777689 2.7780903 3.5653702 3.1290965 3.3717946 3.6957394 3.9292772 4.1838847 4.2952427 3.1032118 3.0200930 3.3054506 3.2226439 3.0283159 3.0317181 3.0119956 2.8520701 3.5195146 3.4107746 3.5184069 2.6883376 3.5631390 3.1658055 2.8780628 2.9290320 1.6697698 1.4052771 1.4075855 0.0000000 0.1548894 1.3675395 
Horcal_Hcv1.av93.c1.g461.i1 2.9690777 2.6104380 3.1178843 2.8951005 3.7693701 3.3412838 3.9113141 3.3413539 3.7602859 3.9127407 4.3172759 4.3863842 4.5015763 3.4478999 3.2836316 3.6118593 3.6288087 3.4782355 3.4238994 3.4365088 3.2005506 4.2282271 4.0136840 4.1397339 2.9865583 3.9364590 3.5624790 3.2104577 3.2310769 1.7612234 1.3087648 1.3566596 0.1548894 0.0000000 1.3984358 
Lampan_Lpan_12076_01        3.0286656 2.7306529 4.1837510 4.4592060 4.5248202 4.9438931 4.8545898 3.2580145 3.7513286 4.4040486 4.5798474 4.5336872 4.5930344 3.9159607 3.5502435 3.9857505 3.4343131 3.4402010 3.3256247 3.9325138 3.9124277 3.5384381 3.4240630 4.6646142 4.5770044 5.0926150 3.6874261 3.3534457 4.1682304 1.9865061 1.9837122 1.8361369 1.3675395 1.3984358 0.0000000 
