61
Hsap_ENST00000657241                               0.0000000 0.7715822 1.1203656 0.8447444 0.8255074 0.6784716 0.8824999 0.9279618 1.0526441 0.8991527 0.9006529 0.7486647 1.0271180 1.0082748 1.0543919 1.2945373 1.5193640 1.3372412 1.3944766 1.3031618 1.2080040 1.1863011 1.1427641 1.0947590 1.3981161 1.3040736 1.6296219 1.2959743 1.2730016 1.2556161 1.2303298 1.2269168 1.2561233 1.4867422 1.4226080 1.5391154 1.2572117 1.9347269 1.4854006 1.8671139 1.4801515 1.9183666 1.2741844 2.3186330 1.8877722 2.3425350 1.6795967 1.7460464 1.4739904 2.2788502 1.5615615 1.5615615 1.5070439 2.1906990 1.8936203 1.4712792 1.9227752 2.1014799 1.9062418 2.8022875 2.3978629 
Bralan_BLAG07000724_1                              0.7715822 0.0000000 0.7216578 0.7627202 0.5301882 0.4995672 0.4513066 0.5690091 0.7181274 0.6189634 0.6893677 0.5215211 0.8474244 0.7387613 0.7354670 0.9262600 0.9813228 0.8513154 0.9230723 0.9600266 0.9053402 0.9126135 0.8848253 0.8926418 0.9588411 0.8583394 1.3772375 1.0060721 0.9890290 0.9988957 0.9083810 1.0569177 0.9335832 0.9053490 1.0284931 0.9684448 0.7374027 1.4062985 1.4349606 1.6641786 1.3758249 1.6150416 1.4350710 2.0284820 1.2152909 1.5912664 1.0879053 1.5173263 1.4072527 2.2695235 1.3689654 1.3689654 1.3083169 1.7670749 1.4641320 1.3267650 1.3783266 1.5027076 1.3437894 2.1608800 1.6801216 
Ocar_g3065                                         1.1203656 0.7216578 0.0000000 0.0103102 0.8367156 0.8311423 0.7861155 0.9015003 1.0604691 0.7662222 0.8585954 0.9531575 1.0639396 0.7918920 0.8763075 1.0609510 1.2441667 0.9890026 0.9678958 1.1491523 1.0415098 1.0594607 1.0558142 1.0336462 1.2379571 1.0265819 1.5716050 1.1593098 1.1712920 1.1770103 1.1089015 1.1129946 1.0082286 1.0061465 1.2243789 1.0063883 0.8404466 1.4454893 1.1601573 1.2720793 1.2798724 1.6287409 1.6255663 2.1179456 1.1157507 1.5670487 0.9785201 1.3827205 1.3895378 2.2201106 1.3451915 1.3451915 1.2703062 1.9110989 1.6130575 1.4306619 1.4395556 1.4817668 1.5738905 2.6345211 2.1324436 
Opea_EP00118_Oscarella_pearsei_P004452             0.8447444 0.7627202 0.0103102 0.0000000 0.7775323 0.9881009 0.9419160 0.9728778 1.0476667 0.8526457 0.8228872 0.9739429 0.8088072 0.6637661 0.7001845 0.7798673 9.0000000 0.9979235 0.8440800 1.0079199 1.0079199 0.9983867 0.9773247 0.9620627 1.5591411 1.3050800 2.3962460 1.1481521 1.1481521 1.1481521 1.0585781 1.2718261 1.1651036 1.0181359 1.2621643 0.9143717 0.0000010 1.1826160 1.2549702 1.7279042 1.3957559 1.6671883 1.6579578 5.1931575 1.3782536 2.7419569 1.1634187 1.6367699 1.5682963 2.1690982 1.2874671 1.2874671 1.2137711 1.8124597 2.2138096 2.8311820 1.2649662 1.8792851 1.9301745 2.0253446 2.6125110 
Spur_XM_793653.5                                   0.8255074 0.5301882 0.8367156 0.7775323 0.0000000 0.5226760 0.5227131 0.6250143 0.5434495 0.5748237 0.6438860 0.4791755 0.9345606 0.7081577 0.7041730 0.9137455 1.0981840 0.9419904 0.9796106 1.0790524 0.9718495 0.9687853 0.9679641 0.9613969 0.9775730 0.7481803 1.2069356 0.8774652 0.9116229 0.8981518 0.7877153 1.1189771 0.8549215 1.0067922 1.0705282 1.1408013 0.7231422 1.4498166 1.3202110 1.4638283 1.1959428 1.5573128 1.2266814 1.9838621 1.2992179 1.4986979 1.0695031 1.5047775 1.3657349 2.0522005 1.3411666 1.3411666 1.3333630 1.8194670 1.6195126 1.2128274 1.3980508 1.4627696 1.2484354 2.1628477 1.8903182 
Dpul_mRNA6795                                      0.6784716 0.4995672 0.8311423 0.9881009 0.5226760 0.0000000 0.3961785 0.5130330 0.4951197 0.4649074 0.4757112 0.4720360 1.1219647 0.7198167 0.7373738 0.7485560 0.7723110 0.8984288 0.9372403 1.0673060 0.9602630 0.9027641 0.9017221 0.8927065 1.0320696 0.7604907 1.2388514 0.9542074 0.9700152 0.9700152 0.8932154 0.9763459 0.9318396 0.9142843 1.1722088 1.1677394 0.4983293 1.4644215 1.1601069 1.1703071 1.2576618 1.3909846 1.5903347 1.5847219 1.1978278 1.3679051 1.1861339 1.4586068 1.5341156 2.1638166 1.1940930 1.1940930 1.2564049 1.6210681 1.4762385 1.2866634 1.5518791 1.7041144 1.6955220 1.9527029 1.9302184 
Cgig_XM_011449346.3                                0.8824999 0.4513066 0.7861155 0.9419160 0.5227131 0.3961785 0.0000000 0.4465946 0.5999303 0.4798120 0.5221149 0.4600399 0.8995745 0.8938414 0.8951901 1.1060869 1.0623310 0.9761238 1.0720716 1.1724488 1.0653300 1.0686036 1.0392011 1.0253773 0.8996877 0.7749997 1.1982428 1.0108415 1.0273542 1.0126463 0.8886838 0.9958823 0.8041817 1.2059634 1.1580809 1.1528845 0.7406525 1.4822244 1.2772235 1.4234515 1.2701394 1.8040633 1.5609059 2.2470955 1.3386796 1.5911464 0.9890091 1.2925345 1.4595127 2.3180254 1.3751752 1.3751752 1.3145320 1.9477817 1.4406740 1.2030898 1.6832824 1.4142825 1.3759346 2.6241596 1.9331325 
Acagra_model.g17021.t1.1.5d3b88a5                  0.9279618 0.5690091 0.9015003 0.9728778 0.6250143 0.5130330 0.4465946 0.0000000 0.6574089 0.5755358 0.5523328 0.6327910 1.1267828 0.8142051 0.7982043 1.0644049 1.1526898 1.0954015 1.1807513 1.1442890 1.0626747 1.0502345 1.0229316 1.0247679 1.0201140 0.7760152 1.1570221 1.0607561 1.0916506 1.0756125 0.9823300 1.1990133 0.8336950 1.1639789 1.1253207 1.4381250 0.8505747 1.5326198 1.3356199 1.5437073 1.2138430 1.6566077 1.4514142 2.1047019 1.2273683 1.8597998 0.9449850 1.3905251 1.5225851 2.1765494 1.4421929 1.4421929 1.3033326 2.3042651 1.7526817 1.2435344 1.5695903 1.5968813 1.5066525 2.5449550 2.1192763 
Ctel_gnl_WGS_AMQN_CAPTEDRAFT_mRNA175470            1.0526441 0.7181274 1.0604691 1.0476667 0.5434495 0.4951197 0.5999303 0.6574089 0.0000000 0.6556089 0.7046431 0.6165561 1.0494708 0.9495990 0.9573144 1.2235506 1.2759131 1.1488606 1.1650503 1.3579716 1.2384795 1.2219354 1.1600175 1.1090460 1.2179575 0.9003333 1.2621490 1.1310991 1.1586066 1.1430671 0.9899007 1.2320324 0.9954624 1.2640995 1.2824756 1.3288964 0.9987665 1.5922006 1.4760647 1.6058723 1.3473610 1.7549931 1.2358874 2.3244134 1.5235021 1.6756093 1.1777661 1.5629676 1.3967367 2.1949704 1.4576720 1.4576720 1.3979949 2.1302146 1.6432662 1.1890871 1.7488043 1.8036214 1.6449803 2.8414484 2.2372103 
Cscu_XM_023368081.1                                0.8991527 0.6189634 0.7662222 0.8526457 0.5748237 0.4649074 0.4798120 0.5755358 0.6556089 0.0000000 0.4436846 0.5293709 1.0245592 0.8964997 0.8667364 1.0855185 0.9404599 1.1243025 0.9010800 0.9908250 0.8828428 0.8737198 0.8825675 0.8519187 1.0182468 0.8581690 1.1898225 0.9877638 1.0249294 1.0102409 0.8871586 1.0260260 0.9330754 1.1670585 1.0551631 1.1052115 0.8770936 1.4848512 1.2382299 1.4098611 1.2327719 1.6020180 1.4602890 2.0391126 1.2714635 1.5760869 1.1146241 1.1399156 1.4171277 2.1942260 1.4777690 1.4777690 1.3605607 1.9135798 1.4876010 1.1731408 1.7027287 1.4769448 1.3823699 2.3279433 2.0172438 
Tcas_TC016051_001                                  0.9006529 0.6893677 0.8585954 0.8228872 0.6438860 0.4757112 0.5221149 0.5523328 0.7046431 0.4436846 0.0000000 0.6344538 1.0534626 0.8449411 0.8233615 1.0898592 0.9227223 0.9571232 0.9103003 1.0040238 0.9072433 0.8890906 0.9065972 0.8740575 1.0804934 0.8985056 1.2053835 1.0286402 1.0570160 1.0423050 0.9892272 1.0246448 0.9330752 1.1594191 1.0910971 1.1647869 0.7412686 1.5876867 1.1391268 1.2469658 1.1846917 1.5742880 1.5114861 1.8409618 1.2283218 1.2474476 0.9803134 1.2826971 1.1826615 2.1621522 1.3970693 1.3970693 1.2509239 1.8109340 1.5232444 1.1576432 1.4572220 1.3222552 1.6124601 2.6768380 2.1019383 
Skow_XM_006813345.1                                0.7486647 0.5215211 0.9531575 0.9739429 0.4791755 0.4720360 0.4600399 0.6327910 0.6165561 0.5293709 0.6344538 0.0000000 1.0476871 0.7441570 0.7252543 0.9621132 1.0419022 0.9384127 1.0433817 0.9570831 0.9272012 0.8949097 0.8888438 0.8867453 1.1136298 0.8815988 1.4437391 0.8921437 0.9291322 0.9146657 0.8123941 1.2520577 1.0580430 1.0701080 1.1048163 0.9730737 0.8104604 1.3821443 1.3790802 1.4083218 1.4559963 1.7597745 1.7830286 2.1897986 1.4320762 1.5594045 1.2511484 1.5217310 1.5162600 2.2102550 1.3565694 1.3565694 1.3599846 1.7320136 1.4921334 1.3193398 1.3975477 1.7288011 1.7306672 2.4467948 2.0810890 
Tetwil_g3838.t2                                    1.0271180 0.8474244 1.0639396 0.8088072 0.9345606 1.1219647 0.8995745 1.1267828 1.0494708 1.0245592 1.0534626 1.0476871 0.0000000 0.6703745 0.6933655 0.6348594 1.6545314 0.7503981 1.4082161 1.4044514 1.3678442 1.3984644 1.3384664 1.3561706 1.3748929 1.4953025 2.2993096 1.3457969 1.3044554 1.3044554 1.1669017 1.3538057 1.6319311 1.2651424 1.5021273 1.3945800 1.7727228 1.7113307 1.6332784 2.8548290 1.6388350 1.6050655 1.2779321 3.0627623 1.5893687 2.6344873 1.5205113 1.9599863 2.0256527 2.3626918 1.6354163 1.6354163 1.5940338 2.3201680 2.1809838 2.4107141 1.8036614 2.1025181 2.0663915 1.9666351 3.0716009 
Emue_Em0019g630a.t1                                1.0082748 0.7387613 0.7918920 0.6637661 0.7081577 0.7198167 0.8938414 0.8142051 0.9495990 0.8964997 0.8449411 0.7441570 0.6703745 0.0000000 0.1411639 0.9313767 1.1182648 0.8583792 1.2585404 1.2831416 1.1845571 1.1832890 1.1857622 1.1865836 0.9440644 0.9299758 1.1836287 0.9414987 0.9633418 0.9497315 0.8856204 0.9832377 1.0710306 1.2721772 1.2373377 1.4368812 0.8157056 1.5351404 1.3812497 1.6651037 1.2019321 1.7177267 1.2198125 2.2908231 1.4641675 1.6897961 1.3383737 1.4365907 1.3441906 1.8097034 1.4195665 1.4195665 1.3158908 1.9118256 1.9823376 1.4844783 1.5559936 1.6407667 1.6781375 2.5624597 2.3677961 
Spolac_c100948_g1_i7_m.24033c100948-g1             1.0543919 0.7354670 0.8763075 0.7001845 0.7041730 0.7373738 0.8951901 0.7982043 0.9573144 0.8667364 0.8233615 0.7252543 0.6933655 0.1411639 0.0000000 0.9669359 1.2369277 0.8766571 1.2652898 1.2961202 1.2012021 1.1829980 1.2044945 1.2038080 0.9043647 0.9042392 1.1817755 0.9006755 0.9287276 0.9156863 0.8832727 1.0787789 1.1830791 1.3770640 1.2552845 1.5205444 0.8711970 1.5612468 1.3380282 1.7993726 1.1995263 1.7854499 1.1927634 2.3248752 1.4457533 1.7095226 1.3341421 1.3987771 1.3781442 1.9005374 1.4112699 1.4112699 1.2670482 2.0812482 2.0176418 1.6211471 1.5746816 1.6172847 1.6328308 2.5097114 2.3562769 
Aque_Aqu2.1.28194_001                              1.2945373 0.9262600 1.0609510 0.7798673 0.9137455 0.7485560 1.1060869 1.0644049 1.2235506 1.0855185 1.0898592 0.9621132 0.6348594 0.9313767 0.9669359 0.0000000 0.7000161 0.7008702 1.5243063 1.4364023 1.3672546 1.4171860 1.3569477 1.3827985 1.2720931 1.2228520 1.7056269 1.2494983 1.2773160 1.2604387 1.1486735 1.1232380 1.4684680 1.4976344 1.3321898 1.7449576 0.9725846 1.8985551 1.5451302 1.9511233 1.4449150 1.6390188 1.2216039 1.9586291 1.7841339 1.9827564 1.5053526 1.4931499 1.3794068 2.2568575 1.6725011 1.6725011 1.5102659 2.0780291 1.8906487 1.3214644 2.0020619 1.9765660 1.7635417 2.4354252 2.6513135 
Halamb_c38819_g1_i1m.11137                         1.5193640 0.9813228 1.2441667 9.0000000 1.0981840 0.7723110 1.0623310 1.1526898 1.2759131 0.9404599 0.9227223 1.0419022 1.6545314 1.1182648 1.2369277 0.7000161 0.0000000 0.4702489 1.6651103 1.3238654 1.1892480 1.3290433 1.3395172 1.3020463 1.2835027 1.1544369 1.2934163 1.3063136 1.3722202 1.3379674 1.4314864 1.0581084 1.1150039 1.6390605 1.5875343 1.9177404 1.0496129 2.1656534 1.5451098 1.5856142 1.2436282 1.9249568 1.2148922 1.9574619 1.5664597 1.7178238 1.4440045 1.4566062 1.1711066 2.0695562 2.0037605 2.0037605 1.9398097 2.1316749 1.8466325 0.6047698 2.0918336 1.7045241 1.5363544 2.9636198 2.1022865 
Xestes_maker-XT_scaffold6544-snap-gene-0.24-mRNA-1 1.3372412 0.8513154 0.9890026 0.9979235 0.9419904 0.8984288 0.9761238 1.0954015 1.1488606 1.1243025 0.9571232 0.9384127 0.7503981 0.8583792 0.8766571 0.7008702 0.4702489 0.0000000 1.3885942 1.3935282 1.2874208 1.3404732 1.3427065 1.3066916 1.0229878 1.0518921 1.3222491 1.2093311 1.2326899 1.2147954 1.1893847 1.2464862 1.3119799 1.4554310 1.3211522 1.6688918 0.8659496 1.8676830 1.6545799 1.8146652 1.4439526 1.9389029 1.7710729 2.2071630 1.8463927 1.7322019 1.4419450 1.4733561 1.5890221 2.2788591 1.7628828 1.7628828 1.6479031 2.2566155 2.0463611 1.0732368 1.9672608 1.9974619 1.8509932 2.7604185 2.5277475 
Nvec_v1g230980                                     1.3944766 0.9230723 0.9678958 0.8440800 0.9796106 0.9372403 1.0720716 1.1807513 1.1650503 0.9010800 0.9103003 1.0433817 1.4082161 1.2585404 1.2652898 1.5243063 1.6651103 1.3885942 0.0000000 0.5536473 0.4718866 0.4239951 0.4289003 0.4326840 1.2947741 1.3364025 1.4875550 1.3459291 1.3394394 1.3201643 1.2337737 1.1453622 1.2298372 1.5740400 0.8341730 1.0780940 1.2938840 1.4513915 1.4559614 1.5786951 1.6697899 1.9522961 1.5750489 2.2770075 1.5915725 1.8571812 1.2024818 1.4593723 1.3522739 2.2589924 1.5978308 1.5978308 1.5536547 1.6578094 1.4870091 1.7765219 1.4463240 1.5988771 1.4930056 2.2365578 1.8654087 
Adig_XM_015917690.1                                1.3031618 0.9600266 1.1491523 1.0079199 1.0790524 1.0673060 1.1724488 1.1442890 1.3579716 0.9908250 1.0040238 0.9570831 1.4044514 1.2831416 1.2961202 1.4364023 1.3238654 1.3935282 0.5536473 0.0000000 0.0487806 0.1474823 0.1665319 0.1723823 1.3898065 1.2907149 1.7095503 1.2193179 1.2124961 1.1945826 1.1155672 1.4331424 1.3597405 1.5367074 0.9288655 1.0330832 1.4702437 1.4270798 1.3763344 1.5892225 1.6945689 1.8419704 1.5408429 2.3448000 1.7483444 1.9179029 1.3579538 1.4850127 1.3475100 2.2018415 1.5369131 1.5369131 1.4829355 1.7355713 1.6090891 1.7563159 1.5837789 2.1038943 1.6786199 2.2857319 2.0223497 
Amil_Amillepora20267-RA                            1.2080040 0.9053402 1.0415098 1.0079199 0.9718495 0.9602630 1.0653300 1.0626747 1.2384795 0.8828428 0.9072433 0.9272012 1.3678442 1.1845571 1.2012021 1.3672546 1.1892480 1.2874208 0.4718866 0.0487806 0.0000000 0.1000894 0.1155185 0.1214706 1.2699896 1.1592971 1.5233669 1.1555875 1.1488263 1.1320240 1.0449387 1.3581242 1.2809492 1.4784852 0.8442807 0.9178307 1.3004585 1.3004693 1.2399647 1.3381707 1.5696352 1.7279221 1.5408429 2.1209676 1.6006894 1.6773010 1.2350228 1.4039852 1.2409074 2.1179077 1.5321470 1.5321470 1.4816813 1.5784956 1.4624545 1.6016494 1.4108094 1.9025581 1.5047053 2.2757387 1.9077231 
Gasp_gasp1.m3.26759.m1                             1.1863011 0.9126135 1.0594607 0.9983867 0.9687853 0.9027641 1.0686036 1.0502345 1.2219354 0.8737198 0.8890906 0.8949097 1.3984644 1.1832890 1.1829980 1.4171860 1.3290433 1.3404732 0.4239951 0.1474823 0.1000894 0.0000000 0.0702626 0.0646444 1.2045686 1.1011135 1.3525197 1.3189188 1.3123022 1.2931922 1.1779457 1.2284694 1.2846780 1.4662936 0.7973535 0.9450418 1.2448460 1.3335588 1.3349661 1.3984706 1.6068534 1.7499419 1.6013151 2.0563653 1.5326552 1.6657846 1.1773001 1.4565161 1.2142362 2.0868960 1.4557214 1.4557214 1.3752211 1.4800451 1.4288145 1.7042070 1.2934306 1.8387510 1.5979647 2.2542928 1.8752579 
Spis_XP_022796108_1                                1.1427641 0.8848253 1.0558142 0.9773247 0.9679641 0.9017221 1.0392011 1.0229316 1.1600175 0.8825675 0.9065972 0.8888438 1.3384664 1.1857622 1.2044945 1.3569477 1.3395172 1.3427065 0.4289003 0.1665319 0.1155185 0.0702626 0.0000000 0.0307055 1.2779391 1.1960616 1.4599830 1.1857834 1.1789669 1.1615925 1.0592813 1.2483944 1.2659017 1.3865191 0.7849630 1.0052847 1.2533500 1.4357047 1.3378097 1.4684861 1.6141302 1.7824478 1.5808828 2.1155062 1.5277208 1.7254661 1.1647665 1.4094045 1.1918992 1.9347680 1.5193520 1.5193520 1.5411941 1.5701049 1.4913603 1.6853093 1.3797960 1.9477807 1.5922201 2.3071667 1.9440651 
Pocdam_XM_027188275.1                              1.0947590 0.8926418 1.0336462 0.9620627 0.9613969 0.8927065 1.0253773 1.0247679 1.1090460 0.8519187 0.8740575 0.8867453 1.3561706 1.1865836 1.2038080 1.3827985 1.3020463 1.3066916 0.4326840 0.1723823 0.1214706 0.0646444 0.0307055 0.0000000 1.2345966 1.1167493 1.4316168 1.1625787 1.1557670 1.1387446 1.0488308 1.2073348 1.2674714 1.3918232 0.7768365 0.9900894 1.2073637 1.3864482 1.3007030 1.4122662 1.6017062 1.7100081 1.5612150 1.9987951 1.5164850 1.6717434 1.1202844 1.3625950 1.2153704 1.9745958 1.5083572 1.5083572 1.5044788 1.5280825 1.4618717 1.6562801 1.3454153 1.9311256 1.5889107 2.3271915 1.8574333 
Scil_scict005000.1                                 1.3981161 0.9588411 1.2379571 1.5591411 0.9775730 1.0320696 0.8996877 1.0201140 1.2179575 1.0182468 1.0804934 1.1136298 1.3748929 0.9440644 0.9043647 1.2720931 1.2835027 1.0229878 1.2947741 1.3898065 1.2699896 1.2045686 1.2779391 1.2345966 0.0000000 0.1428859 0.4620209 1.0807740 1.0804940 1.0820811 1.1673267 0.9949596 1.4595288 1.5541678 1.5080276 1.3442662 0.9066917 1.7233852 1.5292885 1.4655680 1.5680214 1.8172749 1.9520744 1.9683989 1.5080175 1.5659903 1.3222040 1.5641902 1.4728942 2.3384239 1.5339917 1.5339917 1.5084397 1.9728113 2.1474467 1.1831834 1.7045674 1.5109914 1.7629077 2.3952735 2.3661763 
Gracom_Gcom_scaffold15917_01                       1.3040736 0.8583394 1.0265819 1.3050800 0.7481803 0.7604907 0.7749997 0.7760152 0.9003333 0.8581690 0.8985056 0.8815988 1.4953025 0.9299758 0.9042392 1.2228520 1.1544369 1.0518921 1.3364025 1.2907149 1.1592971 1.1011135 1.1960616 1.1167493 0.1428859 0.0000000 0.2142613 1.0981212 1.1271999 1.1017313 1.1494396 0.6669596 1.0679254 1.5646888 1.4568496 1.3645253 0.8214442 1.8041405 1.4035882 1.3863169 1.5066727 1.7102745 1.9763397 1.7973415 1.5261417 1.5946260 1.1276783 1.4900874 1.2331322 2.4648215 1.6258504 1.6258504 1.6514557 1.8745104 1.6975912 0.5374593 1.6856939 1.1101211 1.3052409 2.5677303 1.6663376 
Leuniv_Lniv_scaffold24041_01                       1.6296219 1.3772375 1.5716050 2.3962460 1.2069356 1.2388514 1.1982428 1.1570221 1.2621490 1.1898225 1.2053835 1.4437391 2.2993096 1.1836287 1.1817755 1.7056269 1.2934163 1.3222491 1.4875550 1.7095503 1.5233669 1.3525197 1.4599830 1.4316168 0.4620209 0.2142613 0.0000000 1.4960930 1.5326310 1.5027698 1.5180364 1.3577033 1.5925600 1.9445183 1.7834362 1.6654163 0.9354540 1.9192443 1.7216706 1.2875010 1.8497907 2.2203193 3.2802087 2.0379170 1.7153248 1.4651558 1.4413113 1.6481148 1.6496641 2.8520682 2.2801849 2.2801849 2.0978982 2.3445734 2.3595863 0.9427175 2.1082950 1.4123047 1.6796144 2.9714743 2.1043774 
HoiH06_mRNA5802                                    1.2959743 1.0060721 1.1593098 1.1481521 0.8774652 0.9542074 1.0108415 1.0607561 1.1310991 0.9877638 1.0286402 0.8921437 1.3457969 0.9414987 0.9006755 1.2494983 1.3063136 1.2093311 1.3459291 1.2193179 1.1555875 1.3189188 1.1857834 1.1625787 1.0807740 1.0981212 1.4960930 0.0000000 0.0308632 0.0263542 0.0699341 1.2474531 1.4599119 1.5387038 1.6299804 1.4603285 1.0501277 1.7666609 1.5981548 1.8795156 1.4728482 1.9282086 1.5683037 2.2811120 1.4220195 1.8277302 1.2586718 1.6216738 1.3864451 2.1366924 1.3846977 1.3846977 1.4150606 2.3418866 2.4051338 1.6298994 1.7554256 2.1503668 2.1305540 3.3266195 2.4686343 
Hhon_g06258.t1                                     1.2730016 0.9890290 1.1712920 1.1481521 0.9116229 0.9700152 1.0273542 1.0916506 1.1586066 1.0249294 1.0570160 0.9291322 1.3044554 0.9633418 0.9287276 1.2773160 1.3722202 1.2326899 1.3394394 1.2124961 1.1488263 1.3123022 1.1789669 1.1557670 1.0804940 1.1271999 1.5326310 0.0308632 0.0000000 0.0043185 0.0754292 1.2797726 1.5115502 1.5630148 1.5824211 1.4464918 1.0521005 1.7726947 1.5998607 1.9583318 1.5272488 1.9310892 1.5300449 2.2552531 1.4352870 1.9048938 1.2689216 1.6541156 1.4160351 2.2132933 1.4168017 1.4168017 1.4082288 2.3247649 2.3535477 1.6468914 1.7965669 2.1844700 2.1970985 3.3381869 2.4784298 
HoiH04_mRNA1635                                    1.2556161 0.9988957 1.1770103 1.1481521 0.8981518 0.9700152 1.0126463 1.0756125 1.1430671 1.0102409 1.0423050 0.9146657 1.3044554 0.9497315 0.9156863 1.2604387 1.3379674 1.2147954 1.3201643 1.1945826 1.1320240 1.2931922 1.1615925 1.1387446 1.0820811 1.1017313 1.5027698 0.0263542 0.0043185 0.0000000 0.0701150 1.2598248 1.4883939 1.5657757 1.5599203 1.4258085 1.0232572 1.7473626 1.5786168 1.9176472 1.5057031 1.9482739 1.5300449 2.2859047 1.4405881 1.8650408 1.2767818 1.6690695 1.4160351 2.1742236 1.4168017 1.4168017 1.4082288 2.3338347 2.3611734 1.6587040 1.7702440 2.1882572 2.1644455 3.3488836 2.4828295 
HoiH11_mRNA7979                                    1.2303298 0.9083810 1.1089015 1.0585781 0.7877153 0.8932154 0.8886838 0.9823300 0.9899007 0.8871586 0.9892272 0.8123941 1.1669017 0.8856204 0.8832727 1.1486735 1.4314864 1.1893847 1.2337737 1.1155672 1.0449387 1.1779457 1.0592813 1.0488308 1.1673267 1.1494396 1.5180364 0.0699341 0.0754292 0.0701150 0.0000000 1.2239261 1.3793970 1.3916513 1.4621048 1.3243854 1.0718982 1.7175429 1.5267579 1.7650520 1.4686097 1.8755881 1.6368738 2.3626016 1.4210011 1.7566442 1.2662875 1.4853200 1.3180544 2.0408167 1.3589178 1.3589178 1.4258719 2.2622617 2.1770746 1.5587178 1.6681153 2.1383115 2.1337975 3.1583902 2.3313931 
Lcom_lcpid105818                                   1.2269168 1.0569177 1.1129946 1.2718261 1.1189771 0.9763459 0.9958823 1.1990133 1.2320324 1.0260260 1.0246448 1.2520577 1.3538057 0.9832377 1.0787789 1.1232380 1.0581084 1.2464862 1.1453622 1.4331424 1.3581242 1.2284694 1.2483944 1.2073348 0.9949596 0.6669596 1.3577033 1.2474531 1.2797726 1.2598248 1.2239261 0.0000000 1.2846186 1.2675869 1.4161755 1.6219148 1.0081112 1.8215212 1.6196118 1.4811801 1.7780932 1.7199034 1.9627580 1.7567689 1.6532110 1.5725530 1.6495272 1.5055673 1.4623568 1.8405326 1.4307337 1.4307337 1.3699273 2.0318553 2.0826580 1.2147879 2.1035748 1.7508754 1.8420387 2.1158515 2.0943240 
Aaur_scaffold863.g2.t1                             1.2561233 0.9335832 1.0082286 1.1651036 0.8549215 0.9318396 0.8041817 0.8336950 0.9954624 0.9330754 0.9330752 1.0580430 1.6319311 1.0710306 1.1830791 1.4684680 1.1150039 1.3119799 1.2298372 1.3597405 1.2809492 1.2846780 1.2659017 1.2674714 1.4595288 1.0679254 1.5925600 1.4599119 1.5115502 1.4883939 1.3793970 1.2846186 0.0000000 0.4987263 1.4282515 1.4422160 0.8227187 1.8491820 1.7211240 1.4615954 1.8289783 2.2971952 2.3850793 2.7272447 1.5401136 1.9359775 1.3663767 1.6222906 1.6482256 2.4329082 1.7444344 1.7444344 1.7902645 2.4300470 1.8109747 1.2389319 1.8364107 1.4636227 1.4702940 2.6690675 1.9113476 
Nemnom_g5160.t1                                    1.4867422 0.9053490 1.0061465 1.0181359 1.0067922 0.9142843 1.2059634 1.1639789 1.2640995 1.1670585 1.1594191 1.0701080 1.2651424 1.2721772 1.3770640 1.4976344 1.6390605 1.4554310 1.5740400 1.5367074 1.4784852 1.4662936 1.3865191 1.3918232 1.5541678 1.5646888 1.9445183 1.5387038 1.5630148 1.5657757 1.3916513 1.2675869 0.4987263 0.0000000 1.8395830 1.9040860 1.6784986 2.1949230 1.7780652 1.9934528 1.9560532 2.2032972 1.7152331 3.0937540 2.0385678 2.6053227 1.7558744 1.7614936 1.4818702 2.2428174 1.7333495 1.7333495 1.5589118 2.7462430 2.2168129 1.6992954 2.3319922 2.2725290 1.9139161 2.7778010 2.4753888 
Xesp_010819-T1                                     1.4226080 1.0284931 1.2243789 1.2621643 1.0705282 1.1722088 1.1580809 1.1253207 1.2824756 1.0551631 1.0910971 1.1048163 1.5021273 1.2373377 1.2552845 1.3321898 1.5875343 1.3211522 0.8341730 0.9288655 0.8442807 0.7973535 0.7849630 0.7768365 1.5080276 1.4568496 1.7834362 1.6299804 1.5824211 1.5599203 1.4621048 1.4161755 1.4282515 1.8395830 0.0000000 1.1501235 1.2866155 1.4414207 1.6136679 1.7799836 1.6858194 2.1854755 1.7697673 2.6312604 1.6056410 1.9499970 1.3330224 1.6427666 1.7739241 2.6063257 1.6420469 1.6420469 1.5301282 1.8384911 1.6761944 2.0605565 1.5203505 2.0852518 1.8451011 2.6446058 2.0584622 
Morvir_scaffold283.g8.t2                           1.5391154 0.9684448 1.0063883 0.9143717 1.1408013 1.1677394 1.1528845 1.4381250 1.3288964 1.1052115 1.1647869 0.9730737 1.3945800 1.4368812 1.5205444 1.7449576 1.9177404 1.6688918 1.0780940 1.0330832 0.9178307 0.9450418 1.0052847 0.9900894 1.3442662 1.3645253 1.6654163 1.4603285 1.4464918 1.4258085 1.3243854 1.6219148 1.4422160 1.9040860 1.1501235 0.0000000 1.2368230 1.0865375 1.5234504 1.7091571 1.9240988 2.4091516 1.7777062 2.8502364 1.7314532 2.0410629 1.4939596 1.6571382 1.7790551 2.4189167 1.5276840 1.5276840 1.5111539 1.5740416 1.3612567 1.9929742 1.0534816 1.7405520 1.7432679 2.6295677 2.0795072 
Stycar_maker-SC_scaffold465-snap-gene-0.42-mRNA-1  1.2572117 0.7374027 0.8404466 0.0000010 0.7231422 0.4983293 0.7406525 0.8505747 0.9987665 0.8770936 0.7412686 0.8104604 1.7727228 0.8157056 0.8711970 0.9725846 1.0496129 0.8659496 1.2938840 1.4702437 1.3004585 1.2448460 1.2533500 1.2073637 0.9066917 0.8214442 0.9354540 1.0501277 1.0521005 1.0232572 1.0718982 1.0081112 0.8227187 1.6784986 1.2866155 1.2368230 0.0000000 1.6625529 1.2143265 1.3108680 1.3375125 1.8345628 1.4869735 1.8649496 1.6990147 1.7238232 1.0634777 1.2476154 0.9448405 2.0717576 1.4666639 1.4666639 1.3295690 1.9368224 1.3487261 0.7500755 1.8320508 1.3593590 1.0753354 3.2759023 1.6431434 
Sanmal_Sma_001590-T1                               1.9347269 1.4062985 1.4454893 1.1826160 1.4498166 1.4644215 1.4822244 1.5326198 1.5922006 1.4848512 1.5876867 1.3821443 1.7113307 1.5351404 1.5612468 1.8985551 2.1656534 1.8676830 1.4513915 1.4270798 1.3004693 1.3335588 1.4357047 1.3864482 1.7233852 1.8041405 1.9192443 1.7666609 1.7726947 1.7473626 1.7175429 1.8215212 1.8491820 2.1949230 1.4414207 1.0865375 1.6625529 0.0000000 2.0199934 2.4374194 1.9729079 2.2990879 2.0127984 2.7604680 2.0980408 2.1962290 1.6561528 1.9733346 1.8801340 2.2841378 1.7731518 1.7731518 1.6813352 1.7163759 1.6904362 2.2310438 0.9888700 1.8988376 2.0470390 3.1677814 2.5760189 
Mlei_ML3233.g1.i1                                  1.4854006 1.4349606 1.1601573 1.2549702 1.3202110 1.1601069 1.2772235 1.3356199 1.4760647 1.2382299 1.1391268 1.3790802 1.6332784 1.3812497 1.3380282 1.5451302 1.5451098 1.6545799 1.4559614 1.3763344 1.2399647 1.3349661 1.3378097 1.3007030 1.5292885 1.4035882 1.7216706 1.5981548 1.5998607 1.5786168 1.5267579 1.6196118 1.7211240 1.7780652 1.6136679 1.5234504 1.2143265 2.0199934 0.0000000 0.2378655 0.3144158 0.7082523 0.4121710 0.8729001 0.5879490 0.6090987 0.7479959 0.8756397 1.1159775 1.9307893 1.8739044 1.8739044 1.9168929 2.2725997 1.9066367 2.0068255 1.9155808 2.1186081 2.2201421 3.8288913 2.5585104 
Bolinf_Binf_sb1210245                              1.8671139 1.6641786 1.2720793 1.7279042 1.4638283 1.1703071 1.4234515 1.5437073 1.6058723 1.4098611 1.2469658 1.4083218 2.8548290 1.6651037 1.7993726 1.9511233 1.5856142 1.8146652 1.5786951 1.5892225 1.3381707 1.3984706 1.4684861 1.4122662 1.4655680 1.3863169 1.2875010 1.8795156 1.9583318 1.9176472 1.7650520 1.4811801 1.4615954 1.9934528 1.7799836 1.7091571 1.3108680 2.4374194 0.2378655 0.0000000 0.3769486 1.0053912 0.9969467 0.9882021 0.7634294 0.6248699 0.8754172 0.8321084 0.8803926 2.2352487 2.2088702 2.2088702 2.2534537 2.4866481 2.1001613 1.3490942 2.3846682 1.8167204 2.0470222 5.9221460 2.1357154 
Beraby_Baby_sb337796                               1.4801515 1.3758249 1.2798724 1.3957559 1.1959428 1.2576618 1.2701394 1.2138430 1.3473610 1.2327719 1.1846917 1.4559963 1.6388350 1.2019321 1.1995263 1.4449150 1.2436282 1.4439526 1.6697899 1.6945689 1.5696352 1.6068534 1.6141302 1.6017062 1.5680214 1.5066727 1.8497907 1.4728482 1.5272488 1.5057031 1.4686097 1.7780932 1.8289783 1.9560532 1.6858194 1.9240988 1.3375125 1.9729079 0.3144158 0.3769486 0.0000000 0.6613518 0.5106145 0.6738035 0.5378727 0.5862841 0.7173416 0.9143270 1.2475500 1.8731233 1.9618318 1.9618318 1.8613933 2.3651197 2.1183334 1.9220350 1.8414022 2.0392025 2.2574042 3.1533033 2.2824111 
Pbac_sb2662060                                     1.9183666 1.6150416 1.6287409 1.6671883 1.5573128 1.3909846 1.8040633 1.6566077 1.7549931 1.6020180 1.5742880 1.7597745 1.6050655 1.7177267 1.7854499 1.6390188 1.9249568 1.9389029 1.9522961 1.8419704 1.7279221 1.7499419 1.7824478 1.7100081 1.8172749 1.7102745 2.2203193 1.9282086 1.9310892 1.9482739 1.8755881 1.7199034 2.2971952 2.2032972 2.1854755 2.4091516 1.8345628 2.2990879 0.7082523 1.0053912 0.6613518 0.0000000 0.0198008 0.0877449 1.1353658 0.9585288 0.9898881 1.2457069 1.2604654 1.8712081 1.7963984 1.7963984 1.7819130 2.4653052 2.3150805 2.2131328 2.4144319 2.3097804 2.4888942 3.0206317 2.6632396 
Horcal_Hcv1.av93.c7.g962.i1                        1.2741844 1.4350710 1.6255663 1.6579578 1.2266814 1.5903347 1.5609059 1.4514142 1.2358874 1.4602890 1.5114861 1.7830286 1.2779321 1.2198125 1.1927634 1.2216039 1.2148922 1.7710729 1.5750489 1.5408429 1.5408429 1.6013151 1.5808828 1.5612150 1.9520744 1.9763397 3.2802087 1.5683037 1.5300449 1.5300449 1.6368738 1.9627580 2.3850793 1.7152331 1.7697673 1.7777062 1.4869735 2.0127984 0.4121710 0.9969467 0.5106145 0.0198008 0.0000000 0.0499042 0.7124091 0.6904663 0.7133156 1.2080766 1.3702242 1.9786609 1.6017073 1.6017073 1.6206990 2.7500810 2.2577854 3.3203630 2.0283085 2.7284997 2.5109155 2.3049899 2.8133507 
Coeast_Cast_sb763384                               2.3186330 2.0284820 2.1179456 5.1931575 1.9838621 1.5847219 2.2470955 2.1047019 2.3244134 2.0391126 1.8409618 2.1897986 3.0627623 2.2908231 2.3248752 1.9586291 1.9574619 2.2071630 2.2770075 2.3448000 2.1209676 2.0563653 2.1155062 1.9987951 1.9683989 1.7973415 2.0379170 2.2811120 2.2552531 2.2859047 2.3626016 1.7567689 2.7272447 3.0937540 2.6312604 2.8502364 1.8649496 2.7604680 0.8729001 0.9882021 0.6738035 0.0877449 0.0499042 0.0000000 1.4835374 0.9781996 1.2037060 1.1339226 1.2502103 2.2288874 2.0494955 2.0494955 2.0110170 2.7314016 2.4308949 1.6057121 2.9394536 2.3725173 2.8349829 4.1676468 2.7544318 
Drygla_Dgla_sb296361                               1.8877722 1.2152909 1.1157507 1.3782536 1.2992179 1.1978278 1.3386796 1.2273683 1.5235021 1.2714635 1.2283218 1.4320762 1.5893687 1.4641675 1.4457533 1.7841339 1.5664597 1.8463927 1.5915725 1.7483444 1.6006894 1.5326552 1.5277208 1.5164850 1.5080175 1.5261417 1.7153248 1.4220195 1.4352870 1.4405881 1.4210011 1.6532110 1.5401136 2.0385678 1.6056410 1.7314532 1.6990147 2.0980408 0.5879490 0.7634294 0.5378727 1.1353658 0.7124091 1.4835374 0.0000000 1.0764051 0.8505388 0.9733150 1.0638525 1.9259041 1.7170001 1.7170001 1.6856957 2.5351121 1.9696603 1.6722738 1.9529401 2.1220606 2.2287035 3.8304090 2.4592298 
Mertsp_Mesp_sb574643                               2.3425350 1.5912664 1.5670487 2.7419569 1.4986979 1.3679051 1.5911464 1.8597998 1.6756093 1.5760869 1.2474476 1.5594045 2.6344873 1.6897961 1.7095226 1.9827564 1.7178238 1.7322019 1.8571812 1.9179029 1.6773010 1.6657846 1.7254661 1.6717434 1.5659903 1.5946260 1.4651558 1.8277302 1.9048938 1.8650408 1.7566442 1.5725530 1.9359775 2.6053227 1.9499970 2.0410629 1.7238232 2.1962290 0.6090987 0.6248699 0.5862841 0.9585288 0.6904663 0.9781996 1.0764051 0.0000000 0.9467380 0.8425693 1.0208031 2.1413983 2.0652925 2.0652925 2.0828174 2.5767148 2.1184880 1.4602698 2.5375201 2.0692400 2.1239495 4.1253397 2.1660556 
Vmul_Simscaffold4335_01                            1.6795967 1.0879053 0.9785201 1.1634187 1.0695031 1.1861339 0.9890091 0.9449850 1.1777661 1.1146241 0.9803134 1.2511484 1.5205113 1.3383737 1.3341421 1.5053526 1.4440045 1.4419450 1.2024818 1.3579538 1.2350228 1.1773001 1.1647665 1.1202844 1.3222040 1.1276783 1.4413113 1.2586718 1.2689216 1.2767818 1.2662875 1.6495272 1.3663767 1.7558744 1.3330224 1.4939596 1.0634777 1.6561528 0.7479959 0.8754172 0.7173416 0.9898881 0.7133156 1.2037060 0.8505388 0.9467380 0.0000000 0.9349504 1.1091035 1.8689814 1.4836458 1.4836458 1.5208567 2.6014536 1.8580748 1.6783197 1.6877668 1.8660883 1.7425514 3.1850059 2.2358590 
Eupdun_Edun_sb10676897                             1.7460464 1.5173263 1.3827205 1.6367699 1.5047775 1.4586068 1.2925345 1.3905251 1.5629676 1.1399156 1.2826971 1.5217310 1.9599863 1.4365907 1.3987771 1.4931499 1.4566062 1.4733561 1.4593723 1.4850127 1.4039852 1.4565161 1.4094045 1.3625950 1.5641902 1.4900874 1.6481148 1.6216738 1.6541156 1.6690695 1.4853200 1.5055673 1.6222906 1.7614936 1.6427666 1.6571382 1.2476154 1.9733346 0.8756397 0.8321084 0.9143270 1.2457069 1.2080766 1.1339226 0.9733150 0.8425693 0.9349504 0.0000000 0.8858401 1.6546988 1.8594757 1.8594757 1.8781086 2.4521330 1.9738689 1.9922954 1.9348662 1.7993285 1.9794664 3.5767656 2.3988076 
Lampan_Lpan_11315_01                               1.4739904 1.4072527 1.3895378 1.5682963 1.3657349 1.5341156 1.4595127 1.5225851 1.3967367 1.4171277 1.1826615 1.5162600 2.0256527 1.3441906 1.3781442 1.3794068 1.1711066 1.5890221 1.3522739 1.3475100 1.2409074 1.2142362 1.1918992 1.2153704 1.4728942 1.2331322 1.6496641 1.3864451 1.4160351 1.4160351 1.3180544 1.4623568 1.6482256 1.4818702 1.7739241 1.7790551 0.9448405 1.8801340 1.1159775 0.8803926 1.2475500 1.2604654 1.3702242 1.2502103 1.0638525 1.0208031 1.1091035 0.8858401 0.0000000 1.0122946 1.7760807 1.7760807 1.7585550 2.0752863 2.0906199 1.8927811 1.7969102 2.1727432 2.1245818 2.1690133 2.4110586 
Coemet_Cmet_scaffold17172_01                       2.2788502 2.2695235 2.2201106 2.1690982 2.0522005 2.1638166 2.3180254 2.1765494 2.1949704 2.1942260 2.1621522 2.2102550 2.3626918 1.8097034 1.9005374 2.2568575 2.0695562 2.2788591 2.2589924 2.2018415 2.1179077 2.0868960 1.9347680 1.9745958 2.3384239 2.4648215 2.8520682 2.1366924 2.2132933 2.1742236 2.0408167 1.8405326 2.4329082 2.2428174 2.6063257 2.4189167 2.0717576 2.2841378 1.9307893 2.2352487 1.8731233 1.8712081 1.9786609 2.2288874 1.9259041 2.1413983 1.8689814 1.6546988 1.0122946 0.0000000 2.9783445 2.9783445 2.7687291 3.1293444 3.1520339 2.6318958 2.3825994 2.7144249 2.4756330 2.7299770 3.1638510 
Tadh_TriadT63986                                   1.5615615 1.3689654 1.3451915 1.2874671 1.3411666 1.1940930 1.3751752 1.4421929 1.4576720 1.4777690 1.3970693 1.3565694 1.6354163 1.4195665 1.4112699 1.6725011 2.0037605 1.7628828 1.5978308 1.5369131 1.5321470 1.4557214 1.5193520 1.5083572 1.5339917 1.6258504 2.2801849 1.3846977 1.4168017 1.4168017 1.3589178 1.4307337 1.7444344 1.7333495 1.6420469 1.5276840 1.4666639 1.7731518 1.8739044 2.2088702 1.9618318 1.7963984 1.6017073 2.0494955 1.7170001 2.0652925 1.4836458 1.8594757 1.7760807 2.9783445 0.0000000 0.0000010 0.2384933 2.0544138 1.7791051 2.1122833 1.7425628 2.2413130 2.6722837 3.0575877 2.3635557 
TrH2_TrispH2_002430-RA                             1.5615615 1.3689654 1.3451915 1.2874671 1.3411666 1.1940930 1.3751752 1.4421929 1.4576720 1.4777690 1.3970693 1.3565694 1.6354163 1.4195665 1.4112699 1.6725011 2.0037605 1.7628828 1.5978308 1.5369131 1.5321470 1.4557214 1.5193520 1.5083572 1.5339917 1.6258504 2.2801849 1.3846977 1.4168017 1.4168017 1.3589178 1.4307337 1.7444344 1.7333495 1.6420469 1.5276840 1.4666639 1.7731518 1.8739044 2.2088702 1.9618318 1.7963984 1.6017073 2.0494955 1.7170001 2.0652925 1.4836458 1.8594757 1.7760807 2.9783445 0.0000010 0.0000000 0.2384933 2.0544138 1.7791051 2.1122833 1.7425628 2.2413130 2.6722837 3.0575877 2.3635557 
HoiH23_PlH23_003229-RA                             1.5070439 1.3083169 1.2703062 1.2137711 1.3333630 1.2564049 1.3145320 1.3033326 1.3979949 1.3605607 1.2509239 1.3599846 1.5940338 1.3158908 1.2670482 1.5102659 1.9398097 1.6479031 1.5536547 1.4829355 1.4816813 1.3752211 1.5411941 1.5044788 1.5084397 1.6514557 2.0978982 1.4150606 1.4082288 1.4082288 1.4258719 1.3699273 1.7902645 1.5589118 1.5301282 1.5111539 1.3295690 1.6813352 1.9168929 2.2534537 1.8613933 1.7819130 1.6206990 2.0110170 1.6856957 2.0828174 1.5208567 1.8781086 1.7585550 2.7687291 0.2384933 0.2384933 0.0000000 1.9077359 1.8447652 2.2413794 1.6912144 2.1520393 2.6776110 2.8416542 2.4036400 
Hvul_g29130_1                                      2.1906990 1.7670749 1.9110989 1.8124597 1.8194670 1.6210681 1.9477817 2.3042651 2.1302146 1.9135798 1.8109340 1.7320136 2.3201680 1.9118256 2.0812482 2.0780291 2.1316749 2.2566155 1.6578094 1.7355713 1.5784956 1.4800451 1.5701049 1.5280825 1.9728113 1.8745104 2.3445734 2.3418866 2.3247649 2.3338347 2.2622617 2.0318553 2.4300470 2.7462430 1.8384911 1.5740416 1.9368224 1.7163759 2.2725997 2.4866481 2.3651197 2.4653052 2.7500810 2.7314016 2.5351121 2.5767148 2.6014536 2.4521330 2.0752863 3.1293444 2.0544138 2.0544138 1.9077359 0.0000000 1.1849638 1.9444854 1.7876526 2.6270408 2.5459653 3.4103762 3.0295254 
Chem_TCONS_00051515                                1.8936203 1.4641320 1.6130575 2.2138096 1.6195126 1.4762385 1.4406740 1.7526817 1.6432662 1.4876010 1.5232444 1.4921334 2.1809838 1.9823376 2.0176418 1.8906487 1.8466325 2.0463611 1.4870091 1.6090891 1.4624545 1.4288145 1.4913603 1.4618717 2.1474467 1.6975912 2.3595863 2.4051338 2.3535477 2.3611734 2.1770746 2.0826580 1.8109747 2.2168129 1.6761944 1.3612567 1.3487261 1.6904362 1.9066367 2.1001613 2.1183334 2.3150805 2.2577854 2.4308949 1.9696603 2.1184880 1.8580748 1.9738689 2.0906199 3.1520339 1.7791051 1.7791051 1.8447652 1.1849638 0.0000000 2.2400791 1.5927907 2.2198290 2.1549149 3.6798248 2.4300542 
Clacor_Ccor_scaffold9645_01                        1.4712792 1.3267650 1.4306619 2.8311820 1.2128274 1.2866634 1.2030898 1.2435344 1.1890871 1.1731408 1.1576432 1.3193398 2.4107141 1.4844783 1.6211471 1.3214644 0.6047698 1.0732368 1.7765219 1.7563159 1.6016494 1.7042070 1.6853093 1.6562801 1.1831834 0.5374593 0.9427175 1.6298994 1.6468914 1.6587040 1.5587178 1.2147879 1.2389319 1.6992954 2.0605565 1.9929742 0.7500755 2.2310438 2.0068255 1.3490942 1.9220350 2.2131328 3.3203630 1.6057121 1.6722738 1.4602698 1.6783197 1.9922954 1.8927811 2.6318958 2.1122833 2.1122833 2.2413794 1.9444854 2.2400791 0.0000000 2.8009615 1.9345580 2.1271742 2.9657459 2.7992399 
Rhoesc_Res_008330-T1                               1.9227752 1.3783266 1.4395556 1.2649662 1.3980508 1.5518791 1.6832824 1.5695903 1.7488043 1.7027287 1.4572220 1.3975477 1.8036614 1.5559936 1.5746816 2.0020619 2.0918336 1.9672608 1.4463240 1.5837789 1.4108094 1.2934306 1.3797960 1.3454153 1.7045674 1.6856939 2.1082950 1.7554256 1.7965669 1.7702440 1.6681153 2.1035748 1.8364107 2.3319922 1.5203505 1.0534816 1.8320508 0.9888700 1.9155808 2.3846682 1.8414022 2.4144319 2.0283085 2.9394536 1.9529401 2.5375201 1.6877668 1.9348662 1.7969102 2.3825994 1.7425628 1.7425628 1.6912144 1.7876526 1.5927907 2.8009615 0.0000000 1.9199352 1.7993923 3.1747344 2.1970529 
Exapal_XM_028659598.1                              2.1014799 1.5027076 1.4817668 1.8792851 1.4627696 1.7041144 1.4142825 1.5968813 1.8036214 1.4769448 1.3222552 1.7288011 2.1025181 1.6407667 1.6172847 1.9765660 1.7045241 1.9974619 1.5988771 2.1038943 1.9025581 1.8387510 1.9477807 1.9311256 1.5109914 1.1101211 1.4123047 2.1503668 2.1844700 2.1882572 2.1383115 1.7508754 1.4636227 2.2725290 2.0852518 1.7405520 1.3593590 1.8988376 2.1186081 1.8167204 2.0392025 2.3097804 2.7284997 2.3725173 2.1220606 2.0692400 1.8660883 1.7993285 2.1727432 2.7144249 2.2413130 2.2413130 2.1520393 2.6270408 2.2198290 1.9345580 1.9199352 0.0000000 0.6262010 1.3922430 1.6044731 
Gfas_gfas1.m1.21469.m1                             1.9062418 1.3437894 1.5738905 1.9301745 1.2484354 1.6955220 1.3759346 1.5066525 1.6449803 1.3823699 1.6124601 1.7306672 2.0663915 1.6781375 1.6328308 1.7635417 1.5363544 1.8509932 1.4930056 1.6786199 1.5047053 1.5979647 1.5922201 1.5889107 1.7629077 1.3052409 1.6796144 2.1305540 2.1970985 2.1644455 2.1337975 1.8420387 1.4702940 1.9139161 1.8451011 1.7432679 1.0753354 2.0470390 2.2201421 2.0470222 2.2574042 2.4888942 2.5109155 2.8349829 2.2287035 2.1239495 1.7425514 1.9794664 2.1245818 2.4756330 2.6722837 2.6722837 2.6776110 2.5459653 2.1549149 2.1271742 1.7993923 0.6262010 0.0000000 0.7298881 1.2788084 
Fspp_ffun1.m4.4795.m1                              2.8022875 2.1608800 2.6345211 2.0253446 2.1628477 1.9527029 2.6241596 2.5449550 2.8414484 2.3279433 2.6768380 2.4467948 1.9666351 2.5624597 2.5097114 2.4354252 2.9636198 2.7604185 2.2365578 2.2857319 2.2757387 2.2542928 2.3071667 2.3271915 2.3952735 2.5677303 2.9714743 3.3266195 3.3381869 3.3488836 3.1583902 2.1158515 2.6690675 2.7778010 2.6446058 2.6295677 3.2759023 3.1677814 3.8288913 5.9221460 3.1533033 3.0206317 2.3049899 4.1676468 3.8304090 4.1253397 3.1850059 3.5767656 2.1690133 2.7299770 3.0575877 3.0575877 2.8416542 3.4103762 3.6798248 2.9657459 3.1747344 1.3922430 0.7298881 0.0000000 2.2701479 
