24
Hsap_ENST00000381356                    0.0000000 1.1694328 1.0128735 1.1573452 1.1196060 1.1047172 1.1021411 0.9902676 1.1397288 1.5123218 1.4824935 1.5547451 1.5856084 1.1946143 1.1637521 1.0011780 1.4095402 1.3054546 1.0335539 1.4836054 2.2211171 2.2211171 1.2426189 1.5664695 
Bralan_BLAG03000305_1                   1.1694328 0.0000000 0.7418436 1.1459253 1.1129376 1.0874517 1.5664837 1.1577684 1.2513663 1.4162948 1.1674695 1.3053323 1.2489895 0.9120415 0.9407919 0.9007914 0.9579185 2.0941373 1.3667348 1.7741329 1.2089280 1.2089280 1.2379950 1.7187211 
Skow_XM_002738902.2                     1.0128735 0.7418436 0.0000000 1.3548880 1.1431918 1.0204167 1.7036021 1.2059071 0.9141449 1.1508164 1.4035158 1.4525944 1.4918102 0.9897348 1.3342246 1.0796631 1.2615200 1.7251473 1.3249632 1.5544981 1.7175053 1.7175053 1.4368256 1.3126312 
Cscu_XM_023387273.1                     1.1573452 1.1459253 1.3548880 0.0000000 0.6995284 1.1626161 1.4485777 1.2353095 1.0994698 1.3328719 1.1770421 1.2242040 1.2577741 1.4665266 1.2266150 1.1315124 1.3796391 1.2605942 0.9819163 1.1108043 1.7559576 1.7559576 1.7728827 1.9216186 
Ctel_gnl_WGS_AMQN_CAPTEDRAFT_mRNA138807 1.1196060 1.1129376 1.1431918 0.6995284 0.0000000 0.7355585 1.2416935 1.0628070 1.0567867 1.2323095 1.0464776 1.1688339 1.1227183 1.1841035 1.3810481 1.0699158 1.5639738 1.1274591 0.9342067 1.2976297 1.9748551 1.9748551 1.6865525 1.8303017 
Morvir_scaffold151.g32.t2               1.1047172 1.0874517 1.0204167 1.1626161 0.7355585 0.0000000 0.8433886 0.7616270 0.9713883 1.1350892 1.1444561 1.2835500 1.2234210 0.8164655 1.3979762 1.1201896 1.2179649 1.0849625 0.7033417 1.5170293 2.1394984 2.1394984 1.3897354 1.3069844 
Nemnom_g19335.t1                        1.1021411 1.5664837 1.7036021 1.4485777 1.2416935 0.8433886 0.0000000 0.5130743 0.9547856 1.1355150 1.0423023 1.0212190 1.0301072 1.2942393 1.4671217 1.4433626 1.6404261 1.0680118 0.8375017 1.4443066 2.4666781 2.4666781 1.7037796 2.0541457 
Sanmal_Sma_024278-T1                    0.9902676 1.1577684 1.2059071 1.2353095 1.0628070 0.7616270 0.5130743 0.0000000 0.6436947 0.8275565 0.7882434 0.8986966 0.8468054 1.0705296 1.3465315 1.0818013 1.1268605 0.9477884 0.8167813 1.3400218 1.9605847 1.9605847 1.5061435 1.6536337 
Tadh_TriadT29914                        1.1397288 1.2513663 0.9141449 1.0994698 1.0567867 0.9713883 0.9547856 0.6436947 0.0000000 0.0000010 0.1222871 0.1257876 0.1522283 1.3693945 1.2643398 1.1143583 1.1311373 1.2781546 1.0016136 1.0979102 1.5844880 1.5844880 1.4405173 1.6329793 
TrH2_TrispH2_009526-RA                  1.5123218 1.4162948 1.1508164 1.3328719 1.2323095 1.1350892 1.1355150 0.8275565 0.0000010 0.0000000 0.1373762 0.1646287 0.1615676 1.3974313 1.4180569 1.4197098 1.2779068 1.4796429 1.2087049 1.2170198 1.5606678 1.5606678 1.8101329 1.8028146 
HoiH06_mRNA4308                         1.4824935 1.1674695 1.4035158 1.1770421 1.0464776 1.1444561 1.0423023 0.7882434 0.1222871 0.1373762 0.0000000 0.0527880 0.0165350 1.3050759 1.4158475 1.4455472 1.1535682 1.4497681 1.0775167 1.3514375 1.5944423 1.5944423 1.7429210 1.7062532 
HoiH11_mRNA6736                         1.5547451 1.3053323 1.4525944 1.2242040 1.1688339 1.2835500 1.0212190 0.8986966 0.1257876 0.1646287 0.0527880 0.0000000 0.0337923 1.4901942 1.4491370 1.4765241 1.2488734 1.2969380 1.0932822 1.3591178 1.7407804 1.7407804 1.9214918 1.9461473 
HoiH23_PlH23_007266-RA                  1.5856084 1.2489895 1.4918102 1.2577741 1.1227183 1.2234210 1.0301072 0.8468054 0.1522283 0.1615676 0.0165350 0.0337923 0.0000000 1.3926481 1.5142492 1.5481578 1.2358971 1.4317870 1.1489674 1.3319402 1.7109730 1.7109730 1.8662134 1.8388778 
Nvec_v1g177835                          1.1946143 0.9120415 0.9897348 1.4665266 1.1841035 0.8164655 1.2942393 1.0705296 1.3693945 1.3974313 1.3050759 1.4901942 1.3926481 0.0000000 0.5773732 0.4585355 0.7097597 1.6710838 1.0197077 1.7850960 1.4443923 1.4443923 1.2652746 1.1443950 
Fspp_ffun1.m4.16897.m1                  1.1637521 0.9407919 1.3342246 1.2266150 1.3810481 1.3979762 1.4671217 1.3465315 1.2643398 1.4180569 1.4158475 1.4491370 1.5142492 0.5773732 0.0000000 0.2447735 0.3605533 1.6527193 1.0955400 1.5252054 1.3514091 1.3514091 1.4619756 1.5871421 
Gfas_gfas1.m1.6004.m1                   1.0011780 0.9007914 1.0796631 1.1315124 1.0699158 1.1201896 1.4433626 1.0818013 1.1143583 1.4197098 1.4455472 1.4765241 1.5481578 0.4585355 0.2447735 0.0000000 0.4193068 1.4136941 0.8872726 1.6689592 1.2439185 1.2439185 1.4134648 1.5658947 
Gasp_gasp1.m3.19099.m1                  1.4095402 0.9579185 1.2615200 1.3796391 1.5639738 1.2179649 1.6404261 1.1268605 1.1311373 1.2779068 1.1535682 1.2488734 1.2358971 0.7097597 0.3605533 0.4193068 0.0000000 1.5618775 1.3759666 1.4110840 1.5799663 1.5799663 1.5924077 1.3586580 
Hvul_g17863_1                           1.3054546 2.0941373 1.7251473 1.2605942 1.1274591 1.0849625 1.0680118 0.9477884 1.2781546 1.4796429 1.4497681 1.2969380 1.4317870 1.6710838 1.6527193 1.4136941 1.5618775 0.0000000 0.6770770 1.2829311 1.9401680 1.9401680 2.2849678 2.1442262 
Chem_TCONS_00026872                     1.0335539 1.3667348 1.3249632 0.9819163 0.9342067 0.7033417 0.8375017 0.8167813 1.0016136 1.2087049 1.0775167 1.0932822 1.1489674 1.0197077 1.0955400 0.8872726 1.3759666 0.6770770 0.0000000 1.7979688 2.0153509 2.0153509 1.4967490 1.8868514 
Dpul_mRNA10606                          1.4836054 1.7741329 1.5544981 1.1108043 1.2976297 1.5170293 1.4443066 1.3400218 1.0979102 1.2170198 1.3514375 1.3591178 1.3319402 1.7850960 1.5252054 1.6689592 1.4110840 1.2829311 1.7979688 0.0000000 2.6614229 2.6614229 2.5206665 1.8343248 
Ocar_g3047                              2.2211171 1.2089280 1.7175053 1.7559576 1.9748551 2.1394984 2.4666781 1.9605847 1.5844880 1.5606678 1.5944423 1.7407804 1.7109730 1.4443923 1.3514091 1.2439185 1.5799663 1.9401680 2.0153509 2.6614229 0.0000000 0.0000010 2.4173394 2.5755769 
Opea_EP00118_Oscarella_pearsei_P027402  2.2211171 1.2089280 1.7175053 1.7559576 1.9748551 2.1394984 2.4666781 1.9605847 1.5844880 1.5606678 1.5944423 1.7407804 1.7109730 1.4443923 1.3514091 1.2439185 1.5799663 1.9401680 2.0153509 2.6614229 0.0000010 0.0000000 2.4173394 2.5755769 
Mlei_ML1906.g10.i1                      1.2426189 1.2379950 1.4368256 1.7728827 1.6865525 1.3897354 1.7037796 1.5061435 1.4405173 1.8101329 1.7429210 1.9214918 1.8662134 1.2652746 1.4619756 1.4134648 1.5924077 2.2849678 1.4967490 2.5206665 2.4173394 2.4173394 0.0000000 0.6264052 
Pbac_sb2660033                          1.5664695 1.7187211 1.3126312 1.9216186 1.8303017 1.3069844 2.0541457 1.6536337 1.6329793 1.8028146 1.7062532 1.9461473 1.8388778 1.1443950 1.5871421 1.5658947 1.3586580 2.1442262 1.8868514 1.8343248 2.5755769 2.5755769 0.6264052 0.0000000 
