53
Hsap_ENST00000400556                                0.0000000 1.2990838 1.3061828 1.4811236 1.2944866 1.3147752 1.5106875 1.5474587 1.4774438 1.5595636 1.5294364 1.7531928 1.5473138 1.5240702 1.5224162 1.6154778 1.0146777 1.5468485 1.8209760 1.5466958 1.6660920 1.5316131 1.6360615 1.5592314 1.3628823 1.7147153 2.1008086 2.0527046 2.7525630 2.7482824 2.8207756 3.4819412 2.2357704 2.2867426 2.3848433 2.2063800 2.3120739 2.0814586 2.2972100 2.3007371 2.3550359 2.8595234 2.4169823 3.0453251 2.8159213 2.9597853 2.8367220 3.0636868 4.4814262 5.2297665 3.0778467 2.2088436 4.6680159 
Bralan_BLAG07001305_3                               1.2990838 0.0000000 1.2396743 1.1214038 1.2759204 1.3521649 1.5492583 1.5070164 1.5284239 1.6267743 1.5065070 1.8365443 1.5300763 1.5207550 1.4993603 1.6096241 1.1026774 1.5926827 1.7466158 1.5623235 1.7234218 1.7587281 1.6639828 1.5893369 1.3633837 1.4119443 2.0244460 2.5056722 2.7305302 2.7776229 2.7887058 3.8937808 2.4651549 2.4206477 2.4715002 2.3299100 2.4666846 2.1734032 2.3737562 2.3457837 2.4198962 2.9925304 2.4511068 3.3706898 3.1904543 3.2403604 3.0664801 3.0820996 3.9382498 4.7739285 3.4313713 2.4343320 4.7018337 
Acagra_model.g28696.t1                              1.3061828 1.2396743 0.0000000 0.9357213 1.0590736 0.9451524 1.4588447 1.5020583 1.3574595 1.4380934 1.3826952 1.8125437 1.4259195 1.4093132 1.4036617 1.4964790 1.0617289 1.5349776 1.7932529 1.6051923 1.6626713 1.5907498 1.5318825 1.5045099 1.2471625 1.3840337 1.9911438 2.1175639 2.6456865 2.7622971 2.6565642 3.6850152 2.1417738 2.3370693 2.3402946 2.3082808 2.3933354 2.2771449 2.3069338 2.2580593 2.2974370 2.9546425 2.5099090 3.3618830 3.1852398 3.1172487 2.9051825 2.9772852 4.2806836 5.0941964 3.0347842 2.4753574 4.8965377 
Lcom_lcpid230735                                    1.4811236 1.1214038 0.9357213 0.0000000 1.4315287 1.1741914 1.8778185 1.4962429 1.4550472 1.4879833 1.4216187 1.6461026 1.4674796 1.4124774 1.4197808 2.9053142 1.1268627 2.2849626 2.5193852 2.1167957 2.6247856 2.0185083 2.0452456 1.8696270 1.2185593 1.3893625 1.4407544 1.7996522 1.9339642 2.4405050 2.1113097 2.8718593 2.4062193 1.8529593 1.8305444 1.8371798 2.1051535 2.0670931 2.0217124 1.9790763 1.9790763 3.3103861 3.0299830 3.0986251 3.1291395 3.0677217 3.0534685 2.6150445 0.0000010 0.0000010 3.0855309 1.6278335 4.1928775 
Ctel_gnl_WGS_AMQN_CAPTEDRAFT_mRNA156976             1.2944866 1.2759204 1.0590736 1.4315287 0.0000000 1.0536154 1.5377280 1.4711748 1.3597460 1.3785501 1.4611336 1.9244967 1.4271536 1.4570274 1.4824338 1.6264897 0.8948476 1.6017911 1.8794171 1.6610079 1.7144758 1.7468370 1.5411320 1.6448427 1.1256546 1.3351914 1.8558066 2.4105146 2.4908085 2.6014299 2.3876386 3.0413212 2.2846033 2.3714815 2.4311794 2.2099581 2.3395539 2.2813961 2.2793804 2.2624885 2.2905705 2.7649460 2.5675333 3.0215142 2.9731379 2.9627485 2.7745025 2.9217873 4.3777745 5.2945968 2.9779180 2.3334147 5.2611603 
Cgig_XM_034480316.1                                 1.3147752 1.3521649 0.9451524 1.1741914 1.0536154 0.0000000 1.5553149 1.6832193 1.5823373 1.6762398 1.5737939 1.9827754 1.5852378 1.5451250 1.5424087 1.6678096 1.0108331 1.7016134 2.0177701 1.8001272 1.7305914 1.7089246 1.6929315 1.6057299 1.3468481 1.4893465 2.1149716 2.5253593 2.7383435 2.8892532 2.8027502 3.5741462 2.1031193 2.3483584 2.4754065 2.2797823 2.3961079 2.2058012 2.3105293 2.2533194 2.2688954 2.8510191 2.6378434 3.3770140 3.2353681 2.9823974 2.8658360 2.9465659 4.2599061 6.1505667 2.9835217 2.8496810 5.8200113 
Exapal_XM_028662041.1                               1.5106875 1.5492583 1.4588447 1.8778185 1.5377280 1.5553149 0.0000000 0.5344682 0.7978381 0.9055187 0.7838118 0.8619190 0.7228117 0.7734169 0.7675578 1.5559162 1.0413269 1.4678474 1.7231296 1.3859273 1.4560942 1.4697058 1.2692738 1.2713290 1.5597523 1.6889578 2.3132004 2.7083932 2.4834414 2.5272653 2.4677002 3.6613299 2.2846954 2.3124903 2.3728774 2.0939738 2.3538582 2.1056646 2.1273048 2.0414865 2.0983539 2.5581182 2.5675320 2.9577339 3.1884473 2.9315439 2.8433060 2.7120810 2.9507565 4.2639621 2.9649928 2.4417567 4.9797206 
Nvec_v1g117911                                      1.5474587 1.5070164 1.5020583 1.4962429 1.4711748 1.6832193 0.5344682 0.0000000 0.7932182 0.9017280 0.7546305 1.0141127 0.7432861 0.7958393 0.7903690 1.6091919 1.0030690 1.3597425 1.6032048 1.3932096 1.4180504 1.4881346 1.2817854 1.2185737 1.5842373 1.7636894 2.2418276 2.4815116 2.6530996 2.4935107 2.5841879 3.4033728 2.1746501 2.4247550 2.4945642 2.2718983 2.5102561 1.9824562 2.2141823 2.1846330 2.2199308 2.7164723 2.6644009 3.1288087 3.0983325 3.0724558 2.9182240 2.7354158 3.4437016 5.3690967 2.9976650 2.3854726 5.0758402 
Adig_XM_015919337.1                                 1.4774438 1.5284239 1.3574595 1.4550472 1.3597460 1.5823373 0.7978381 0.7932182 0.0000000 0.0227498 0.2480321 0.4267341 0.3103653 0.3542961 0.3647824 1.7615801 0.9909108 1.5369265 1.7493476 1.6177807 1.6138625 1.5693685 1.2497304 1.2365950 1.4916352 1.7839724 2.1298213 1.9872421 2.7685819 2.6196503 2.5988307 3.2053266 2.4062858 2.3482340 2.3920931 2.1880456 2.4265522 1.8812180 2.2324643 2.1334756 2.2049218 2.8295050 2.6727306 3.2328566 3.1078310 3.0176851 2.8922080 2.7848411 2.9726580 4.5036988 3.2021987 2.4134349 5.5282917 
Amil_Amillepora34046-RA                             1.5595636 1.6267743 1.4380934 1.4879833 1.3785501 1.6762398 0.9055187 0.9017280 0.0227498 0.0000000 0.2964337 0.5259934 0.3650653 0.4165339 0.4296616 1.8750483 1.0093021 1.6370281 1.9339552 1.7295247 1.6682664 1.7072832 1.3411739 1.3055113 1.6213874 2.0588394 2.2425434 1.8962368 2.9433160 2.8158370 2.7513729 3.2373259 2.4446524 2.5261739 2.5489495 2.3649465 2.6534205 1.9568924 2.3641297 2.2792437 2.3626863 2.9693844 2.9888373 3.7047796 3.4802600 3.2692745 3.1064352 2.9090683 3.0859803 4.5036988 3.2416883 2.4030347 5.4771286 
Gfas_gfas1.m1.14368.m1                              1.5294364 1.5065070 1.3826952 1.4216187 1.4611336 1.5737939 0.7838118 0.7546305 0.2480321 0.2964337 0.0000000 0.2964305 0.2238013 0.2900139 0.2984381 1.8001855 1.0803175 1.5640090 1.7532963 1.5901106 1.5574966 1.5536880 1.2786525 1.2528171 1.5144782 1.7221551 2.1735291 2.0230650 2.8052653 2.6162507 2.6840167 3.7075030 2.3791123 2.3191751 2.3849764 2.2779762 2.5488599 1.9767588 2.3068554 2.1893072 2.2584299 2.8419825 2.6154436 3.2185270 3.1334448 3.0125671 2.9159541 2.8362340 2.8812162 4.4391270 3.2444114 2.5910683 5.7856095 
Fspp_ffun1.m4.13439.m1                              1.7531928 1.8365443 1.8125437 1.6461026 1.9244967 1.9827754 0.8619190 1.0141127 0.4267341 0.5259934 0.2964305 0.0000000 0.1607906 0.2634383 0.2870512 2.1932472 2.1221355 1.7703284 1.7085541 1.7154475 1.9212342 1.7189540 1.5273895 1.6701236 1.7977867 1.9814209 2.2329039 2.2289807 2.6405831 2.7118771 2.5763657 6.2373902 2.3319785 2.4726360 2.4760246 2.2627978 2.5617263 2.1299320 2.2173366 2.0338605 2.1232098 2.9453982 2.7047867 3.2371022 3.1939421 2.7842379 2.8698323 3.0312652 3.2147706 4.5742550 3.5640692 2.7909400 5.8487397 
Gasp_gasp1.m3.12478.m1                              1.5473138 1.5300763 1.4259195 1.4674796 1.4271536 1.5852378 0.7228117 0.7432861 0.3103653 0.3650653 0.2238013 0.1607906 0.0000000 0.1951684 0.2037936 1.7484963 1.0660181 1.5406481 1.7440464 1.5760805 1.6256172 1.5379001 1.2544809 1.2301627 1.5622707 1.7721164 2.1033717 2.2003036 2.6619031 2.5713101 2.5652685 3.3260459 2.2592315 2.3517677 2.4323308 2.2293269 2.4445679 1.8830865 2.1927166 2.1139364 2.1761005 2.8459373 2.7216154 3.2702486 3.2037506 2.9889435 2.9009371 2.8004972 2.9124594 4.3605229 3.0195774 2.3677600 5.3398148 
Spis_XP_022804267_1                                 1.5240702 1.5207550 1.4093132 1.4124774 1.4570274 1.5451250 0.7734169 0.7958393 0.3542961 0.4165339 0.2900139 0.2634383 0.1951684 0.0000000 0.0621700 1.7513990 1.0408187 1.5110131 1.6933011 1.5501717 1.5787117 1.5581870 1.2584167 1.2547544 1.5366701 1.7828104 2.1111144 2.3100402 2.6123212 2.5073196 2.5315860 3.3281932 2.3237162 2.2759382 2.3630091 2.1896967 2.4153030 1.8813981 2.2140649 2.1156936 2.1717574 2.8552194 2.6733458 3.2495068 3.1413018 2.9664934 2.8762435 2.8163217 2.9180503 4.3963541 2.9190338 2.3716867 4.9427745 
Pocdam_XM_027190532.1                               1.5224162 1.4993603 1.4036617 1.4197808 1.4824338 1.5424087 0.7675578 0.7903690 0.3647824 0.4296616 0.2984381 0.2870512 0.2037936 0.0621700 0.0000000 1.7493670 1.0260391 1.5064026 1.6831944 1.5572069 1.5979360 1.5357679 1.2838588 1.2437257 1.5364679 1.8158863 2.0852695 2.2860336 2.6621152 2.5318785 2.5598309 3.4318928 2.3391464 2.3288452 2.4077296 2.1774984 2.4305607 1.8728384 2.2080367 2.1031103 2.1661315 2.7883843 2.6814543 3.3018860 3.1448829 2.9643569 2.8744233 2.7833241 2.9864505 4.5799800 2.8577228 2.3273322 4.9381650 
Hvul_g20456_1                                       1.6154778 1.6096241 1.4964790 2.9053142 1.6264897 1.6678096 1.5559162 1.6091919 1.7615801 1.8750483 1.8001855 2.1932472 1.7484963 1.7513990 1.7493670 0.0000000 0.6979899 1.1993747 1.5646461 1.1917318 0.7372765 1.2361498 1.6586846 1.6141815 1.6764794 1.7019819 2.3114030 4.7427465 2.7919299 2.7325360 2.7883220 3.0836255 2.9422439 2.6524400 2.7165367 2.3427181 2.6555350 2.1247384 2.3791847 2.3448286 2.4159030 2.8337723 2.8655311 3.2372667 3.3463348 3.2215460 3.0182304 2.8832051 3.3348450 4.8345427 2.7402696 2.4035220 3.9861210 
Aaur_scaffold324.g1.t1                              1.0146777 1.1026774 1.0617289 1.1268627 0.8948476 1.0108331 1.0413269 1.0030690 0.9909108 1.0093021 1.0803175 2.1221355 1.0660181 1.0408187 1.0260391 0.6979899 0.0000000 0.2303996 0.8058046 0.3966746 0.7369218 0.7508926 0.9351974 0.8745683 0.9892502 1.1530235 1.7599381 2.2391332 2.4923391 2.0054852 2.2876930 2.6332886 2.2538968 2.3575114 2.4813496 1.7870204 1.9980370 1.8325353 1.8671462 1.8595237 1.8694427 2.0834561 3.5019426 2.9741021 2.6071369 2.3895379 2.0364542 1.9425245 1.2619040 4.0652131 2.3775383 1.8364295 2.2621006 
Rhoesc_Res_010675-T1                                1.5468485 1.5926827 1.5349776 2.2849626 1.6017911 1.7016134 1.4678474 1.3597425 1.5369265 1.6370281 1.5640090 1.7703284 1.5406481 1.5110131 1.5064026 1.1993747 0.2303996 0.0000000 0.2849776 0.4818255 1.0345964 1.0079614 1.6734678 1.5751865 1.4417210 1.6792197 2.5365287 3.8083324 2.8225381 2.6977474 2.5897541 3.5237741 2.5721660 2.4579432 2.5337748 2.4232268 2.8130737 2.1574453 2.4175152 2.3877255 2.4398180 2.8029466 3.1634331 3.5800620 3.1810107 3.0991289 2.9044384 2.9141869 2.6580264 4.2882978 2.9019290 2.2087460 4.5557577 
Nemnom_g14903.t1                                    1.8209760 1.7466158 1.7932529 2.5193852 1.8794171 2.0177701 1.7231296 1.6032048 1.7493476 1.9339552 1.7532963 1.7085541 1.7440464 1.6933011 1.6831944 1.5646461 0.8058046 0.2849776 0.0000000 0.6962909 1.3466625 1.3049187 2.0082458 1.7919108 1.6269562 2.0002191 2.7300974 3.8591211 3.0031447 2.7176314 2.9221626 4.5440516 2.6299476 2.6823590 2.7090215 2.3631828 2.5913910 2.3581707 2.3964998 2.3456319 2.4120738 2.9398682 3.0110596 3.6391114 3.1177742 3.2561616 3.1077754 3.0856793 3.0848468 4.2135618 3.3110019 2.7577590 4.3969533 
Sanmal_Sma_025258-T1                                1.5466958 1.5623235 1.6051923 2.1167957 1.6610079 1.8001272 1.3859273 1.3932096 1.6177807 1.7295247 1.5901106 1.7154475 1.5760805 1.5501717 1.5572069 1.1917318 0.3966746 0.4818255 0.6962909 0.0000000 1.0085126 0.9564701 1.6974342 1.7090419 1.6166607 1.6057874 2.4358658 3.9015093 2.6981886 2.6734301 2.5478840 3.2804314 2.8014433 2.3627460 2.4159320 2.5584660 2.9563964 2.2901866 2.5544313 2.5353422 2.6127462 2.8307857 3.1217574 3.5029460 3.1989030 3.1046360 2.9295932 2.9563466 2.3714845 4.0511301 2.8556686 2.2561900 4.1670286 
Chem_TCONS_00050304                                 1.6660920 1.7234218 1.6626713 2.6247856 1.7144758 1.7305914 1.4560942 1.4180504 1.6138625 1.6682664 1.5574966 1.9212342 1.6256172 1.5787117 1.5979360 0.7372765 0.7369218 1.0345964 1.3466625 1.0085126 0.0000000 1.0107048 1.4610684 1.4797560 1.7407992 1.9726964 2.4766481 3.9535086 2.8211103 2.5162674 2.5645953 3.2591960 2.4968185 2.3671575 2.4578607 2.3649703 2.4801418 2.1172475 2.3780773 2.3330144 2.3569126 3.2203882 2.6073721 3.2758223 3.4066515 3.2159618 3.0614168 2.8992016 4.9667324 4.7126795 2.7335558 2.4306269 5.0337262 
Morvir_scaffold10.g11.t2                            1.5316131 1.7587281 1.5907498 2.0185083 1.7468370 1.7089246 1.4697058 1.4881346 1.5693685 1.7072832 1.5536880 1.7189540 1.5379001 1.5581870 1.5357679 1.2361498 0.7508926 1.0079614 1.3049187 0.9564701 1.0107048 0.0000000 1.7809735 1.7125481 1.5975460 1.9066661 2.4535358 3.5621456 2.7717909 2.6968510 2.6002384 3.3083147 2.8580512 2.6318727 2.7042057 2.4948563 2.6973657 2.2673984 2.5631198 2.4897099 2.5578869 2.7446559 2.7028881 3.0636091 3.0763671 3.0083402 2.8694862 2.8422447 3.2916145 3.5180487 3.0424995 2.4545203 5.3633788 
Dgig_XM_028554137.1                                 1.6360615 1.6639828 1.5318825 2.0452456 1.5411320 1.6929315 1.2692738 1.2817854 1.2497304 1.3411739 1.2786525 1.5273895 1.2544809 1.2584167 1.2838588 1.6586846 0.9351974 1.6734678 2.0082458 1.6974342 1.4610684 1.7809735 0.0000000 0.4037429 1.6652576 1.7717645 2.2480395 2.9518350 2.7126113 2.7232397 2.8081016 4.0316402 2.5556411 2.3681680 2.4004572 2.4988509 2.6899200 2.1287496 2.4588213 2.3955181 2.4288963 3.1856943 2.7389207 3.8645770 3.9285314 3.5083903 3.4283390 3.2137555 4.2751276 5.6296667 3.1984327 2.0908169 5.3076740 
Xesp_005325-T1                                      1.5592314 1.5893369 1.5045099 1.8696270 1.6448427 1.6057299 1.2713290 1.2185737 1.2365950 1.3055113 1.2528171 1.6701236 1.2301627 1.2547544 1.2437257 1.6141815 0.8745683 1.5751865 1.7919108 1.7090419 1.4797560 1.7125481 0.4037429 0.0000000 1.5351745 1.8745477 2.2595854 2.9460788 2.7783431 2.7970281 2.8293519 3.7713339 2.5720892 2.4689978 2.5080121 2.4015519 2.6281720 2.1355675 2.4206636 2.3738041 2.4236760 3.1572839 3.1309187 3.6588788 3.7980244 3.4317144 3.1986424 2.9499552 4.0564203 5.5480163 3.2786443 2.2823681 5.3462169 
Spur_XM_030975867.1                                 1.3628823 1.3633837 1.2471625 1.2185593 1.1256546 1.3468481 1.5597523 1.5842373 1.4916352 1.6213874 1.5144782 1.7977867 1.5622707 1.5366701 1.5364679 1.6764794 0.9892502 1.4417210 1.6269562 1.6166607 1.7407992 1.5975460 1.6652576 1.5351745 0.0000000 1.2545525 2.1771507 2.8533412 2.6554566 2.6576093 2.5807570 2.9977697 2.4615455 2.4082011 2.5282231 2.2822316 2.4851904 2.0807800 2.3433538 2.2363256 2.2737350 2.8483999 2.6930357 3.5815020 3.1215867 2.8978672 2.7905269 2.9795234 3.0422275 4.8998060 3.1359091 2.4419609 3.5615957 
Skow_XM_006821923.1                                 1.7147153 1.4119443 1.3840337 1.3893625 1.3351914 1.4893465 1.6889578 1.7636894 1.7839724 2.0588394 1.7221551 1.9814209 1.7721164 1.7828104 1.8158863 1.7019819 1.1530235 1.6792197 2.0002191 1.6057874 1.9726964 1.9066661 1.7717645 1.8745477 1.2545525 0.0000000 2.1806470 2.0028683 2.6053656 2.8660816 2.8847426 4.2954657 2.1191197 2.0930804 2.0951240 2.1352798 2.3345852 2.1892480 2.1131444 2.0455442 2.0757364 3.3270200 2.5215768 3.5255009 3.3164097 3.2993249 3.2046248 3.3262526 5.5370960 4.7645572 3.9764733 3.0231077 5.0152268 
Tcas_TC031020_001                                   2.1008086 2.0244460 1.9911438 1.4407544 1.8558066 2.1149716 2.3132004 2.2418276 2.1298213 2.2425434 2.1735291 2.2329039 2.1033717 2.1111144 2.0852695 2.3114030 1.7599381 2.5365287 2.7300974 2.4358658 2.4766481 2.4535358 2.2480395 2.2595854 2.1771507 2.1806470 0.0000000 1.9549871 2.9639467 3.1276584 3.1488766 3.9806228 2.6680507 2.7922661 2.8840345 2.9208702 2.9869899 2.7758547 2.9252410 2.8893531 2.9414570 2.9967528 2.9393150 3.2917743 3.2826998 3.3679970 3.2387645 3.5577400 3.1202019 7.0087952 3.6117742 3.0809758 5.5661941 
Cscu_XM_023357975.1                                 2.0527046 2.5056722 2.1175639 1.7996522 2.4105146 2.5253593 2.7083932 2.4815116 1.9872421 1.8962368 2.0230650 2.2289807 2.2003036 2.3100402 2.2860336 4.7427465 2.2391332 3.8083324 3.8591211 3.9015093 3.9535086 3.5621456 2.9518350 2.9460788 2.8533412 2.0028683 1.9549871 0.0000000 2.9745369 2.8447561 2.9270310 0.0000010 2.7287872 2.4877663 2.5015113 3.1603032 3.4885864 3.2202241 3.2168487 3.0427905 3.3795991 4.0201284 3.8869497 3.3672011 3.6176720 3.6307193 3.6669154 3.8453283 0.0000010 0.0000010 1.1987555 0.0000010 6.9630844 
Plespi_Pspi_C614682_01                              2.7525630 2.7305302 2.6456865 1.9339642 2.4908085 2.7383435 2.4834414 2.6530996 2.7685819 2.9433160 2.8052653 2.6405831 2.6619031 2.6123212 2.6621152 2.7919299 2.4923391 2.8225381 3.0031447 2.6981886 2.8211103 2.7717909 2.7126113 2.7783431 2.6554566 2.6053656 2.9639467 2.9745369 0.0000000 2.4768076 1.9738171 2.5128486 2.0543238 2.7120591 2.8675435 3.4646598 3.5020517 3.0493684 3.2901797 3.2459456 3.3263296 2.9724106 2.9157842 3.9937571 3.6335064 3.2299001 3.1465442 3.3043328 3.4492776 5.5369570 2.1931573 2.7945801 4.3386713 
Aque_Aqu2.1.17955_001                               2.7482824 2.7776229 2.7622971 2.4405050 2.6014299 2.8892532 2.5272653 2.4935107 2.6196503 2.8158370 2.6162507 2.7118771 2.5713101 2.5073196 2.5318785 2.7325360 2.0054852 2.6977474 2.7176314 2.6734301 2.5162674 2.6968510 2.7232397 2.7970281 2.6576093 2.8660816 3.1276584 2.8447561 2.4768076 0.0000000 0.7222863 1.0698894 1.7694647 2.7044650 2.7041206 2.8046875 2.9244649 2.6776158 2.7112056 2.6946482 2.7321103 3.1935803 3.0471279 3.5441750 3.6987415 3.1032171 3.1434524 3.1464645 3.5504781 4.3064522 2.0425340 2.4540741 3.2396842 
Halamb_c54390_g2_i1m.38143                          2.8207756 2.7887058 2.6565642 2.1113097 2.3876386 2.8027502 2.4677002 2.5841879 2.5988307 2.7513729 2.6840167 2.5763657 2.5652685 2.5315860 2.5598309 2.7883220 2.2876930 2.5897541 2.9221626 2.5478840 2.5645953 2.6002384 2.8081016 2.8293519 2.5807570 2.8847426 3.1488766 2.9270310 1.9738171 0.7222863 0.0000000 0.6808795 1.7314085 2.8678514 3.0186670 3.1401993 3.2237086 2.7738919 3.1127587 3.1209535 3.2053729 3.3213869 2.7283085 3.4551125 3.3089245 3.4245614 3.3447109 3.3145467 3.3265077 4.5721109 1.7175853 2.6638142 3.1651313 
Xestes_maker-XT_scaffold123716-snap-gene-0.9-mRNA-1 3.4819412 3.8937808 3.6850152 2.8718593 3.0413212 3.5741462 3.6613299 3.4033728 3.2053266 3.2373259 3.7075030 6.2373902 3.3260459 3.3281932 3.4318928 3.0836255 2.6332886 3.5237741 4.5440516 3.2804314 3.2591960 3.3083147 4.0316402 3.7713339 2.9977697 4.2954657 3.9806228 0.0000010 2.5128486 1.0698894 0.6808795 0.0000000 3.3651664 3.0852524 3.1929714 3.3405968 3.2508791 3.2447452 3.1064115 3.4564246 3.4559479 3.7845118 0.5095200 6.8440141 8.0054952 3.9314181 3.7581800 3.6723744 3.6264789 5.4166476 1.9039405 3.5094019 2.6348463 
Spolac_c99013_g2_i1_m.18571c97682-g1                2.2357704 2.4651549 2.1417738 2.4062193 2.2846033 2.1031193 2.2846954 2.1746501 2.4062858 2.4446524 2.3791123 2.3319785 2.2592315 2.3237162 2.3391464 2.9422439 2.2538968 2.5721660 2.6299476 2.8014433 2.4968185 2.8580512 2.5556411 2.5720892 2.4615455 2.1191197 2.6680507 2.7287872 2.0543238 1.7694647 1.7314085 3.3651664 0.0000000 2.7020397 2.6792518 2.7591588 3.1495190 2.8718069 2.8526591 2.8113834 2.8735367 3.3844932 3.3647434 3.5910381 3.4222997 3.3819770 3.3335524 3.9116346 2.5327992 4.1416967 0.7166946 1.6834864 6.3825824 
Ocar_g8178                                          2.2867426 2.4206477 2.3370693 1.8529593 2.3714815 2.3483584 2.3124903 2.4247550 2.3482340 2.5261739 2.3191751 2.4726360 2.3517677 2.2759382 2.3288452 2.6524400 2.3575114 2.4579432 2.6823590 2.3627460 2.3671575 2.6318727 2.3681680 2.4689978 2.4082011 2.0930804 2.7922661 2.4877663 2.7120591 2.7044650 2.8678514 3.0852524 2.7020397 0.0000000 0.0000010 2.8347678 2.9485312 2.7907391 2.8069455 2.7719644 2.8247206 2.8405281 2.6774654 3.1963162 2.9984337 2.9344333 3.0067946 2.7993758 2.4501978 3.2701044 2.8086461 1.8524547 4.5703372 
Opea_EP00118_Oscarella_pearsei_P007894              2.3848433 2.4715002 2.3402946 1.8305444 2.4311794 2.4754065 2.3728774 2.4945642 2.3920931 2.5489495 2.3849764 2.4760246 2.4323308 2.3630091 2.4077296 2.7165367 2.4813496 2.5337748 2.7090215 2.4159320 2.4578607 2.7042057 2.4004572 2.5080121 2.5282231 2.0951240 2.8840345 2.5015113 2.8675435 2.7041206 3.0186670 3.1929714 2.6792518 0.0000010 0.0000000 3.2343637 3.3088729 2.8570802 3.2009295 3.1599823 3.2355357 3.0058488 2.6774654 3.1963162 2.9984337 3.1353042 3.1729279 3.0579836 2.4501978 3.2701044 3.0865311 1.7910840 4.5703372 
Tadh_TriadT55822                                    2.2063800 2.3299100 2.3082808 1.8371798 2.2099581 2.2797823 2.0939738 2.2718983 2.1880456 2.3649465 2.2779762 2.2627978 2.2293269 2.1896967 2.1774984 2.3427181 1.7870204 2.4232268 2.3631828 2.5584660 2.3649703 2.4948563 2.4988509 2.4015519 2.2822316 2.1352798 2.9208702 3.1603032 3.4646598 2.8046875 3.1401993 3.3405968 2.7591588 2.8347678 3.2343637 0.0000000 0.0339182 0.2625184 0.2990239 0.3083305 0.3111363 3.5178286 3.0681648 3.3891474 3.5636958 3.5107939 3.5644203 3.3251864 2.9753404 4.5041309 3.5043841 2.8322690 4.9042843 
TrH2_TrispH2_005375-RA                              2.3120739 2.4666846 2.3933354 2.1051535 2.3395539 2.3961079 2.3538582 2.5102561 2.4265522 2.6534205 2.5488599 2.5617263 2.4445679 2.4153030 2.4305607 2.6555350 1.9980370 2.8130737 2.5913910 2.9563964 2.4801418 2.6973657 2.6899200 2.6281720 2.4851904 2.3345852 2.9869899 3.4885864 3.5020517 2.9244649 3.2237086 3.2508791 3.1495190 2.9485312 3.3088729 0.0339182 0.0000000 0.2617358 0.3199703 0.3023572 0.3208618 3.5095836 3.1235813 3.3493817 3.4909805 3.4942462 3.5579836 3.4151050 2.9753404 4.5041309 3.4533219 2.8436334 4.9042843 
HoiH06_mRNA4017                                     2.0814586 2.1734032 2.2771449 2.0670931 2.2813961 2.2058012 2.1056646 1.9824562 1.8812180 1.9568924 1.9767588 2.1299320 1.8830865 1.8813981 1.8728384 2.1247384 1.8325353 2.1574453 2.3581707 2.2901866 2.1172475 2.2673984 2.1287496 2.1355675 2.0807800 2.1892480 2.7758547 3.2202241 3.0493684 2.6776158 2.7738919 3.2447452 2.8718069 2.7907391 2.8570802 0.2625184 0.2617358 0.0000000 0.0575629 0.1061727 0.1052185 3.2072415 3.0181581 3.3226428 3.2931846 3.1000678 3.2230748 3.0394675 3.2139045 4.1135109 2.9837199 2.7907393 4.5930231 
HoiH23_PlH23_001673-RA                              2.2972100 2.3737562 2.3069338 2.0217124 2.2793804 2.3105293 2.1273048 2.2141823 2.2324643 2.3641297 2.3068554 2.2173366 2.1927166 2.2140649 2.2080367 2.3791847 1.8671462 2.4175152 2.3964998 2.5544313 2.3780773 2.5631198 2.4588213 2.4206636 2.3433538 2.1131444 2.9252410 3.2168487 3.2901797 2.7112056 3.1127587 3.1064115 2.8526591 2.8069455 3.2009295 0.2990239 0.3199703 0.0575629 0.0000000 0.1148140 0.1161977 3.4042631 3.0121773 3.3055005 3.3288455 3.4159490 3.5220575 3.1897785 3.1279032 4.1124354 3.4247091 2.7814928 4.5930310 
Hhon_g00937.t1                                      2.3007371 2.3457837 2.2580593 1.9790763 2.2624885 2.2533194 2.0414865 2.1846330 2.1334756 2.2792437 2.1893072 2.0338605 2.1139364 2.1156936 2.1031103 2.3448286 1.8595237 2.3877255 2.3456319 2.5353422 2.3330144 2.4897099 2.3955181 2.3738041 2.2363256 2.0455442 2.8893531 3.0427905 3.2459456 2.6946482 3.1209535 3.4564246 2.8113834 2.7719644 3.1599823 0.3083305 0.3023572 0.1061727 0.1148140 0.0000000 0.0068675 3.3293096 2.9403718 3.3577123 3.2835613 3.3303032 3.4465528 3.3287841 2.9043338 4.1999432 3.4103567 2.9393788 4.3588848 
HoiH04_mRNA5598                                     2.3550359 2.4198962 2.2974370 1.9790763 2.2905705 2.2688954 2.0983539 2.2199308 2.2049218 2.3626863 2.2584299 2.1232098 2.1761005 2.1717574 2.1661315 2.4159030 1.8694427 2.4398180 2.4120738 2.6127462 2.3569126 2.5578869 2.4288963 2.4236760 2.2737350 2.0757364 2.9414570 3.3795991 3.3263296 2.7321103 3.2053729 3.4559479 2.8735367 2.8247206 3.2355357 0.3111363 0.3208618 0.1052185 0.1161977 0.0068675 0.0000000 3.3682801 2.9796740 3.3801103 3.2878776 3.3894121 3.5005394 3.3683074 2.9043338 4.1999432 3.4542433 2.9557169 4.3279460 
Mlei_ML0032.g28.i1                                  2.8595234 2.9925304 2.9546425 3.3103861 2.7649460 2.8510191 2.5581182 2.7164723 2.8295050 2.9693844 2.8419825 2.9453982 2.8459373 2.8552194 2.7883843 2.8337723 2.0834561 2.8029466 2.9398682 2.8307857 3.2203882 2.7446559 3.1856943 3.1572839 2.8483999 3.3270200 2.9967528 4.0201284 2.9724106 3.1935803 3.3213869 3.7845118 3.3844932 2.8405281 3.0058488 3.5178286 3.5095836 3.2072415 3.4042631 3.3293096 3.3682801 0.0000000 0.1516139 0.3811094 0.5006441 0.6608723 0.6353793 0.8068328 0.5540564 1.2938378 3.4968694 3.1063260 4.2988599 
Bolinf_Binf_sb1275251                               2.4169823 2.4511068 2.5099090 3.0299830 2.5675333 2.6378434 2.5675320 2.6644009 2.6727306 2.9888373 2.6154436 2.7047867 2.7216154 2.6733458 2.6814543 2.8655311 3.5019426 3.1634331 3.0110596 3.1217574 2.6073721 2.7028881 2.7389207 3.1309187 2.6930357 2.5215768 2.9393150 3.8869497 2.9157842 3.0471279 2.7283085 0.5095200 3.3647434 2.6774654 2.6774654 3.0681648 3.1235813 3.0181581 3.0121773 2.9403718 2.9796740 0.1516139 0.0000000 0.3103860 0.3503975 0.6097738 0.5413334 0.6821497 0.9450236 1.4496312 2.7495172 2.8959941 7.2229436 
Drygla_Dgla_sb300033                                3.0453251 3.3706898 3.3618830 3.0986251 3.0215142 3.3770140 2.9577339 3.1288087 3.2328566 3.7047796 3.2185270 3.2371022 3.2702486 3.2495068 3.3018860 3.2372667 2.9741021 3.5800620 3.6391114 3.5029460 3.2758223 3.0636091 3.8645770 3.6588788 3.5815020 3.5255009 3.2917743 3.3672011 3.9937571 3.5441750 3.4551125 6.8440141 3.5910381 3.1963162 3.1963162 3.3891474 3.3493817 3.3226428 3.3055005 3.3577123 3.3801103 0.3811094 0.3103860 0.0000000 0.4843251 0.7078280 0.6447648 0.8373243 0.8230185 1.7726479 3.8728643 3.8407521 7.2728158 
Beraby_Baby_sb329387                                2.8159213 3.1904543 3.1852398 3.1291395 2.9731379 3.2353681 3.1884473 3.0983325 3.1078310 3.4802600 3.1334448 3.1939421 3.2037506 3.1413018 3.1448829 3.3463348 2.6071369 3.1810107 3.1177742 3.1989030 3.4066515 3.0763671 3.9285314 3.7980244 3.1215867 3.3164097 3.2826998 3.6176720 3.6335064 3.6987415 3.3089245 8.0054952 3.4222997 2.9984337 2.9984337 3.5636958 3.4909805 3.2931846 3.3288455 3.2835613 3.2878776 0.5006441 0.3503975 0.4843251 0.0000000 0.7866091 0.7218798 0.9091964 1.1922105 1.9396623 3.7536316 3.6248184 7.7609643 
Pbac_sb2638948                                      2.9597853 3.2403604 3.1172487 3.0677217 2.9627485 2.9823974 2.9315439 3.0724558 3.0176851 3.2692745 3.0125671 2.7842379 2.9889435 2.9664934 2.9643569 3.2215460 2.3895379 3.0991289 3.2561616 3.1046360 3.2159618 3.0083402 3.5083903 3.4317144 2.8978672 3.2993249 3.3679970 3.6307193 3.2299001 3.1032171 3.4245614 3.9314181 3.3819770 2.9344333 3.1353042 3.5107939 3.4942462 3.1000678 3.4159490 3.3303032 3.3894121 0.6608723 0.6097738 0.7078280 0.7866091 0.0000000 0.0200767 1.0391869 0.7445723 1.4460322 3.5521697 3.0958216 4.3355390 
Horcal_Hcv1.av93.c9.g626.i1                         2.8367220 3.0664801 2.9051825 3.0534685 2.7745025 2.8658360 2.8433060 2.9182240 2.8922080 3.1064352 2.9159541 2.8698323 2.9009371 2.8762435 2.8744233 3.0182304 2.0364542 2.9044384 3.1077754 2.9295932 3.0614168 2.8694862 3.4283390 3.1986424 2.7905269 3.2046248 3.2387645 3.6669154 3.1465442 3.1434524 3.3447109 3.7581800 3.3335524 3.0067946 3.1729279 3.5644203 3.5579836 3.2230748 3.5220575 3.4465528 3.5005394 0.6353793 0.5413334 0.6447648 0.7218798 0.0200767 0.0000000 1.0063458 0.7285249 1.4354511 3.4479450 3.2075163 4.5810986 
Coemet_Cmet_scaffold17699_01                        3.0636868 3.0820996 2.9772852 2.6150445 2.9217873 2.9465659 2.7120810 2.7354158 2.7848411 2.9090683 2.8362340 3.0312652 2.8004972 2.8163217 2.7833241 2.8832051 1.9425245 2.9141869 3.0856793 2.9563466 2.8992016 2.8422447 3.2137555 2.9499552 2.9795234 3.3262526 3.5577400 3.8453283 3.3043328 3.1464645 3.3145467 3.6723744 3.9116346 2.7993758 3.0579836 3.3251864 3.4151050 3.0394675 3.1897785 3.3287841 3.3683074 0.8068328 0.6821497 0.8373243 0.9091964 1.0391869 1.0063458 0.0000000 0.8055143 1.4993041 3.3226928 3.2781830 5.5252492 
Lampan_Lpan_12688_01                                4.4814262 3.9382498 4.2806836 0.0000010 4.3777745 4.2599061 2.9507565 3.4437016 2.9726580 3.0859803 2.8812162 3.2147706 2.9124594 2.9180503 2.9864505 3.3348450 1.2619040 2.6580264 3.0848468 2.3714845 4.9667324 3.2916145 4.2751276 4.0564203 3.0422275 5.5370960 3.1202019 0.0000010 3.4492776 3.5504781 3.3265077 3.6264789 2.5327992 2.4501978 2.4501978 2.9753404 2.9753404 3.2139045 3.1279032 2.9043338 2.9043338 0.5540564 0.9450236 0.8230185 1.1922105 0.7445723 0.7285249 0.8055143 0.0000000 1.2475918 3.3504801 2.8689724 2.2486655 
Eupdun_Edun_sb10612357                              5.2297665 4.7739285 5.0941964 0.0000010 5.2945968 6.1505667 4.2639621 5.3690967 4.5036988 4.5036988 4.4391270 4.5742550 4.3605229 4.3963541 4.5799800 4.8345427 4.0652131 4.2882978 4.2135618 4.0511301 4.7126795 3.5180487 5.6296667 5.5480163 4.8998060 4.7645572 7.0087952 0.0000010 5.5369570 4.3064522 4.5721109 5.4166476 4.1416967 3.2701044 3.2701044 4.5041309 4.5041309 4.1135109 4.1124354 4.1999432 4.1999432 1.2938378 1.4496312 1.7726479 1.9396623 1.4460322 1.4354511 1.4993041 1.2475918 0.0000000 5.5919815 5.1467911 5.2319780 
Emue_Em0018g1113a.t1                                3.0778467 3.4313713 3.0347842 3.0855309 2.9779180 2.9835217 2.9649928 2.9976650 3.2021987 3.2416883 3.2444114 3.5640692 3.0195774 2.9190338 2.8577228 2.7402696 2.3775383 2.9019290 3.3110019 2.8556686 2.7335558 3.0424995 3.1984327 3.2786443 3.1359091 3.9764733 3.6117742 1.1987555 2.1931573 2.0425340 1.7175853 1.9039405 0.7166946 2.8086461 3.0865311 3.5043841 3.4533219 2.9837199 3.4247091 3.4103567 3.4542433 3.4968694 2.7495172 3.8728643 3.7536316 3.5521697 3.4479450 3.3226928 3.3504801 5.5919815 0.0000000 3.3034520 3.0525093 
Plajan_Pjan_scaffold9439_01                         2.2088436 2.4343320 2.4753574 1.6278335 2.3334147 2.8496810 2.4417567 2.3854726 2.4134349 2.4030347 2.5910683 2.7909400 2.3677600 2.3716867 2.3273322 2.4035220 1.8364295 2.2087460 2.7577590 2.2561900 2.4306269 2.4545203 2.0908169 2.2823681 2.4419609 3.0231077 3.0809758 0.0000010 2.7945801 2.4540741 2.6638142 3.5094019 1.6834864 1.8524547 1.7910840 2.8322690 2.8436334 2.7907393 2.7814928 2.9393788 2.9557169 3.1063260 2.8959941 3.8407521 3.6248184 3.0958216 3.2075163 3.2781830 2.8689724 5.1467911 3.3034520 0.0000000 4.3860153 
Stycar_maker-SC_scaffold24398-snap-gene-0.4-mRNA-1  4.6680159 4.7018337 4.8965377 4.1928775 5.2611603 5.8200113 4.9797206 5.0758402 5.5282917 5.4771286 5.7856095 5.8487397 5.3398148 4.9427745 4.9381650 3.9861210 2.2621006 4.5557577 4.3969533 4.1670286 5.0337262 5.3633788 5.3076740 5.3462169 3.5615957 5.0152268 5.5661941 6.9630844 4.3386713 3.2396842 3.1651313 2.6348463 6.3825824 4.5703372 4.5703372 4.9042843 4.9042843 4.5930231 4.5930310 4.3588848 4.3279460 4.2988599 7.2229436 7.2728158 7.7609643 4.3355390 4.5810986 5.5252492 2.2486655 5.2319780 3.0525093 4.3860153 0.0000000 
