58
Hsap_ENST00000354449                                             0.0000000 0.9482889 1.2074700 1.1932549 0.9053433 1.3436745 1.0043717 1.4510225 1.4540906 1.0488999 1.4470163 1.5157609 1.1957159 1.4192980 1.3720167 1.2778481 1.2630032 1.2753118 1.1325262 1.1676496 1.2558499 0.9602279 1.2349620 1.0121110 1.1972154 1.1475889 1.1682831 1.1869886 1.1573663 1.2851348 1.3022183 1.9342943 1.5784272 1.1405444 2.0100159 1.4537862 1.9223081 1.5418993 1.8921183 1.6513954 1.2636073 1.2659786 1.0714765 1.2036159 1.4857585 1.4207227 1.5950670 1.5515345 1.5581947 1.5909554 1.6022944 1.6029284 1.6108302 1.5054867 1.7357594 2.0916832 1.0698591 3.5800034 
Bralan_BLAG05000459_1                                            0.9482889 0.0000000 0.8975878 0.9149071 0.7180029 1.0757246 0.7737910 1.2020226 1.2118654 0.8072574 1.2277968 1.2974243 0.9973109 1.1960207 1.0645029 1.0317946 1.0072750 1.0075980 0.8980388 1.0232922 1.0283723 0.8147058 0.9610006 0.9606801 1.0033902 0.9909771 0.9816618 0.9676121 1.0612427 1.1193482 1.2029845 1.8084355 1.4677781 1.0947641 1.8860083 1.2399030 1.7141772 1.5780268 1.8317439 1.7310883 0.9747280 0.9187745 0.7943317 1.0831170 1.2638491 1.2066650 1.4281908 1.4110098 1.4748822 1.5111868 1.5106425 1.5125524 1.4450830 1.3039240 1.5237792 2.0889463 0.9076205 3.3585244 
Scil_scict009774.2                                               1.2074700 0.8975878 0.0000000 0.4146385 0.3222668 0.4798472 0.5227660 1.3967542 1.3917107 0.8352722 1.4678146 1.4931051 1.0521962 1.5372962 1.2089801 1.1505483 1.1464671 1.1873587 1.0313373 1.1796379 1.1798354 1.0940491 1.1725768 0.9898755 1.1593889 1.1216619 1.2333614 1.2007701 1.0144960 1.2799788 1.2872785 1.8167624 1.2917707 0.9246183 1.9258322 1.2265425 1.9308608 1.3078949 1.7764489 1.5567206 1.0966845 1.1975890 1.0629872 1.2682469 1.4572004 1.2480834 1.5260286 1.4969368 1.4216209 1.4181002 1.4751872 1.4672244 1.4709700 1.3601450 1.3967289 2.1290318 0.8964959 4.0484218 
Lcom_lcpid56298                                                  1.1932549 0.9149071 0.4146385 0.0000000 0.2920421 0.5047052 0.5200061 1.2787816 1.2928135 0.8743805 1.4566264 1.4262921 1.2151150 1.5443579 1.1241703 1.0744863 1.0452818 1.0653947 1.2160381 1.2284388 1.1726746 1.1042559 1.1750490 0.9936112 1.1907338 1.1952483 1.1718304 1.2214207 1.0395132 1.2461665 1.3159399 1.7817135 1.2683355 0.9981251 1.8932558 1.2753739 1.9700951 1.2896394 1.7627277 1.4494959 1.1336525 1.2806184 1.1158866 1.2132578 1.4200631 1.3107805 1.5302544 1.4997648 1.4302766 1.4529675 1.5071257 1.5018163 1.4495276 1.6662222 1.4976403 2.2708247 0.9045289 3.5019964 
Leuniv_Lniv_scaffold24626_01                                     0.9053433 0.7180029 0.3222668 0.2920421 0.0000000 0.4317831 0.5858316 1.1830434 1.1759132 0.8026831 1.1667114 1.0806252 0.8156924 1.1716797 0.9953516 0.8856177 0.8879768 0.9049833 1.0326898 0.8899927 0.9138689 0.7999064 0.8707838 0.8969338 0.9184748 0.8189969 0.8178333 0.9323782 0.9609807 0.9688854 0.9770051 1.3191887 1.2741888 0.9611404 1.5000087 1.3371254 1.4130451 1.3046767 1.3535250 1.4918649 0.9635349 0.9978692 0.8515278 0.9051681 1.0815942 1.0150191 1.1197517 1.0923719 1.0288215 0.9877455 1.0722643 1.0815957 1.1054150 1.3804813 1.2321932 1.6561385 0.9835934 3.6511672 
Gracom_Gcom_scaffold9471_01                                      1.3436745 1.0757246 0.4798472 0.5047052 0.4317831 0.0000000 0.7020309 1.4777780 1.4405803 0.9944354 1.5322741 1.6058405 1.3263781 1.6203361 1.1841642 1.1749417 1.1199594 1.1493507 1.1623888 1.2718264 1.2304860 1.1289345 1.2243556 1.1011381 1.2021167 1.2234287 1.2525528 1.2693741 1.1383065 1.3936929 1.4413322 1.8631111 1.5018551 1.1196938 1.9963117 1.4107369 2.0230968 1.5026609 1.8882607 1.7014896 1.2064572 1.1966160 1.2352204 1.3593874 1.5399746 1.3289193 1.6104966 1.6056069 1.5636723 1.5719130 1.6257829 1.6291377 1.6615005 1.7971852 1.4731058 2.3557570 1.0010062 3.4445618 
Clacor_Ccor_scaffold6451_01                                      1.0043717 0.7737910 0.5227660 0.5200061 0.5858316 0.7020309 0.0000000 1.0736450 1.1389299 0.9489128 1.1147748 1.0531892 0.7769792 0.9807448 1.0608070 0.7584906 0.8048217 0.8130804 0.5166295 0.8024976 0.8263628 0.8237399 0.9091266 1.0774015 0.9171589 0.8087525 0.9099722 0.8885055 0.9681113 0.9356364 1.0073606 1.1359088 1.2412596 1.1225110 1.2018565 1.0974505 0.9866560 1.2142575 1.1482106 1.4050689 0.9030299 0.9421212 0.8761471 0.8760541 1.2154203 0.8281531 1.0100471 1.0198170 0.9496472 1.0048865 1.0644685 1.0657005 1.0193247 1.3842184 0.9391354 1.4218400 1.0039093 5.9343096 
Emue_Em0014g79a.t1                                               1.4510225 1.2020226 1.3967542 1.2787816 1.1830434 1.4777780 1.0736450 0.0000000 0.1712482 0.6867482 1.0511528 1.1399668 1.4177432 1.7494217 1.4695349 1.3331128 1.3852519 1.5185430 1.0399969 1.4582332 1.5485538 1.4199531 1.5090584 1.3037823 1.4289307 1.4441166 1.5072573 1.4412374 1.2399914 1.7069559 1.8029627 1.9885054 1.8621602 1.5976491 1.9150499 1.5014018 2.0267812 1.6007197 1.9152687 1.5420875 1.2824498 1.4151323 1.2586710 1.4374451 1.7781005 1.5682180 1.8840710 1.8082781 1.7442153 1.7269904 1.7683469 1.7641981 1.7778729 1.0570676 1.7023248 2.1428550 1.0579321 3.9849605 
Spolac_c101766_g1_i2_m.26716c101766-g1                           1.4540906 1.2118654 1.3917107 1.2928135 1.1759132 1.4405803 1.1389299 0.1712482 0.0000000 0.6873054 1.0975487 1.1682446 1.3764781 1.7590979 1.4445578 1.3396565 1.3803730 1.4887920 0.9079064 1.3885065 1.4726713 1.3541877 1.4913735 1.3472683 1.4539739 1.3756585 1.4270255 1.3790357 1.2585177 1.5870699 1.7313201 2.0065058 1.8515096 1.5729285 1.9029381 1.4786764 1.9713363 1.5815687 1.8452654 1.5476517 1.2718332 1.3975194 1.3183394 1.4431201 1.7157815 1.5385830 1.8818889 1.8132106 1.7121741 1.7046283 1.7277149 1.7332793 1.7481680 1.0327202 1.7911388 2.2041028 1.0915840 3.8830180 
Tetwil_g13045.t2                                                 1.0488999 0.8072574 0.8352722 0.8743805 0.8026831 0.9944354 0.9489128 0.6867482 0.6873054 0.0000000 0.6559805 0.6107204 0.7711369 1.1802393 0.9392562 0.9668697 0.9412092 0.9857591 0.6124418 0.8353088 0.9163462 0.9195183 0.9722336 1.2558529 0.9317766 0.8627289 0.9948095 0.9164860 1.0592160 1.0617614 1.1269228 1.3076575 1.4752897 1.2444602 1.3137644 1.2297991 1.2761414 1.2133020 1.1825258 1.4030126 0.9405720 0.8693992 0.8110970 0.9127024 1.2271028 0.9732481 1.2027562 1.1579544 1.0721146 1.0871321 1.1016118 1.1027356 1.0673375 0.4809217 1.3177674 1.2332422 1.1122870 5.7663112 
Xestes_augustus_masked-XT_scaffold4823-processed-gene-0.2-mRNA-1 1.4470163 1.2277968 1.4678146 1.4566264 1.1667114 1.5322741 1.1147748 1.0511528 1.0975487 0.6559805 0.0000000 0.5308609 1.2831251 1.6741567 1.4495600 1.3346639 1.3201544 1.4305657 1.1151945 1.3918706 1.3543099 1.3852589 1.5054173 1.3822024 1.5152160 1.4785737 1.5933272 1.5548268 1.3283476 1.6405657 1.7418437 1.9913812 1.5429984 1.2937272 1.8929085 1.4032579 2.0147183 1.4673770 1.9012120 1.6525378 1.3144534 1.4354547 1.2701000 1.3409831 1.6955401 1.4807969 1.8695796 1.7958090 1.7433028 1.7585044 1.7746431 1.7767855 1.7477315 1.1571595 1.7882898 2.2525049 1.1121401 2.2713757 
Halamb_c47316_g1_i1m.22131                                       1.5157609 1.2974243 1.4931051 1.4262921 1.0806252 1.6058405 1.0531892 1.1399668 1.1682446 0.6107204 0.5308609 0.0000000 1.2918121 1.6464805 1.4492729 1.3731775 1.4181717 1.4563595 1.0411273 1.4545816 1.5426812 1.3927428 1.4866101 1.2814320 1.5077091 1.5096773 1.5612396 1.5436446 1.3367632 1.5877138 1.6785659 1.8915344 1.4863649 1.2821744 1.8374081 1.4161851 1.8858801 1.4571592 1.9363983 1.3899424 1.3456036 1.3602841 1.3839551 1.4643725 1.7385925 1.5925557 1.9469437 1.8542534 1.7994506 1.7823394 1.8072587 1.8045371 1.7202444 1.0152927 1.7225609 2.3468107 1.1506136 2.2282889 
Acagra_model.g16921.t1                                           1.1957159 0.9973109 1.0521962 1.2151150 0.8156924 1.3263781 0.7769792 1.4177432 1.3764781 0.7711369 1.2831251 1.2918121 0.0000000 1.2443027 1.3091999 1.3007888 1.3287793 1.3437491 0.9203893 1.2168486 1.1993802 1.0983089 1.1088579 0.8234611 1.0844436 1.0246686 1.0929209 1.0724227 0.9503298 1.1757404 1.2264134 1.7636974 1.3286179 0.9541331 1.6935443 1.1737663 1.6562424 1.5688491 1.8581583 1.3749821 1.2357641 1.0139592 1.0068728 1.1613438 1.4464856 1.4208400 1.5769265 1.5242285 1.4088887 1.4832563 1.4645250 1.4733249 1.4500781 1.4895311 1.7299101 2.0341954 0.9397847 3.7615906 
Cgig_XM_034449876.1                                              1.4192980 1.1960207 1.5372962 1.5443579 1.1716797 1.6203361 0.9807448 1.7494217 1.7590979 1.1802393 1.6741567 1.6464805 1.2443027 0.0000000 1.5076445 1.4654761 1.3569991 1.4782554 1.0832179 1.5164573 1.4892534 1.3982194 1.3427814 1.4102665 1.3851537 1.2891512 1.3620597 1.3492304 1.2622826 1.4335161 1.4490981 1.9307778 1.6489820 1.0002800 1.9508392 1.2798522 1.9739765 1.6448719 2.0016990 1.8730516 1.3812794 1.4304734 1.2222217 1.2196878 1.5989975 1.7063049 1.7286555 1.7591548 1.6176023 1.7059033 1.6837990 1.6761358 1.7516033 1.4223466 1.7459232 1.9976010 1.2619179 4.4573057 
Aaur_scaffold664.g5.t1                                           1.3720167 1.0645029 1.2089801 1.1241703 0.9953516 1.1841642 1.0608070 1.4695349 1.4445578 0.9392562 1.4495600 1.4492729 1.3091999 1.5076445 0.0000000 0.4764607 0.4328027 0.4852091 1.0860504 1.3415246 1.3945903 1.1923381 1.1743289 1.2284022 1.1328868 1.2149288 1.3830787 1.2316830 1.2926268 1.2885551 1.2439101 2.1404369 2.0065497 1.2049108 2.0875887 1.6210607 2.1952855 1.7137209 2.0320556 2.1730530 0.9336230 1.4244328 1.1704381 1.2835595 1.4806310 1.0250808 1.5687122 1.5547226 1.6671852 1.6527174 1.7141563 1.7191505 1.5993354 1.8602126 1.6949801 2.2766407 0.7441409 3.6649952 
Nemnom_g15665.t1                                                 1.2778481 1.0317946 1.1505483 1.0744863 0.8856177 1.1749417 0.7584906 1.3331128 1.3396565 0.9668697 1.3346639 1.3731775 1.3007888 1.4654761 0.4764607 0.0000000 0.1586005 0.5483113 0.9364232 1.2203603 1.2996066 1.2098417 1.2063757 1.1676646 1.1871199 1.2558184 1.3720619 1.2898210 1.2164943 1.3436683 1.2976171 1.9403395 1.7539239 1.1851863 1.9435940 1.5547335 2.0177423 1.7973475 1.9556161 1.6693793 0.9272277 1.1837978 1.2132542 1.2767984 1.4194952 1.1368498 1.6970427 1.6639546 1.6665055 1.6121627 1.6416649 1.6469446 1.5474162 1.5707316 1.6621923 2.0115163 0.9802281 3.9973386 
Rhoesc_Res_000682-T1                                             1.2630032 1.0072750 1.1464671 1.0452818 0.8879768 1.1199594 0.8048217 1.3852519 1.3803730 0.9412092 1.3201544 1.4181717 1.3287793 1.3569991 0.4328027 0.1586005 0.0000000 0.5337204 1.0851762 1.2408150 1.3365949 1.2019013 1.1401940 1.1527534 1.1522353 1.2152875 1.3291029 1.2573888 1.1837532 1.2697451 1.2386336 1.9070391 1.8180854 1.2031792 1.9095158 1.5298059 2.0770744 1.8123805 1.9353223 1.7316228 0.8941162 1.2152119 1.1283842 1.2249486 1.3711547 1.0718879 1.6771095 1.6502931 1.6692459 1.6094475 1.6496322 1.6549667 1.5586933 1.5246197 1.6767531 2.0390947 0.8989079 3.7387426 
Sanmal_Sma_010592-T1                                             1.2753118 1.0075980 1.1873587 1.0653947 0.9049833 1.1493507 0.8130804 1.5185430 1.4887920 0.9857591 1.4305657 1.4563595 1.3437491 1.4782554 0.4852091 0.5483113 0.5337204 0.0000000 1.0046890 1.3077626 1.3145374 1.1884911 1.1744361 1.1125774 1.0587887 1.0973651 1.2247491 1.1360979 1.1174492 1.1840827 1.2018476 2.0618377 1.9758226 1.3167751 1.9781134 1.5814096 2.1064847 1.8096628 1.9040869 1.7581963 0.8825119 1.1943448 1.1501204 1.2396912 1.3488614 1.0453396 1.5410534 1.4948736 1.4823356 1.4890979 1.5341151 1.5288109 1.4618046 1.7227608 1.6433999 2.0166261 0.8407142 3.8290210 
Ocar_g9417                                                       1.1325262 0.8980388 1.0313373 1.2160381 1.0326898 1.1623888 0.5166295 1.0399969 0.9079064 0.6124418 1.1151945 1.0411273 0.9203893 1.0832179 1.0860504 0.9364232 1.0851762 1.0046890 0.0000000 0.0403567 0.5442818 0.9104980 1.0019425 9.0000000 1.2086186 1.0302610 0.8900911 0.9938830 1.2992352 1.0783235 1.1959091 1.4861950 0.7160912 2.9096704 1.4918391 0.7596675 1.5610116 1.1790492 1.6160742 1.4023491 0.9356768 1.1080256 1.0319914 1.1359247 1.1126088 1.3586254 1.2857707 1.2857707 1.1692348 1.2248082 1.1927263 1.1927263 1.3757068 1.7706817 1.5049179 1.9501034 0.6292822 4.6717333 
Opea_EP00118_Oscarella_pearsei_P028358                           1.1676496 1.0232922 1.1796379 1.2284388 0.8899927 1.2718264 0.8024976 1.4582332 1.3885065 0.8353088 1.3918706 1.4545816 1.2168486 1.5164573 1.3415246 1.2203603 1.2408150 1.3077626 0.0403567 0.0000000 0.6917001 1.1841766 1.1135443 0.9107421 1.1393043 1.0511470 1.1329022 1.1045056 1.0392778 1.2634145 1.2522638 1.7551366 1.3312570 0.9400544 1.8582080 1.2011587 1.9020790 1.5828437 1.7734322 1.4519668 1.0790078 1.1365639 1.2209214 1.3166911 1.3851548 1.2686444 1.5696104 1.5452844 1.4452091 1.5160255 1.4378575 1.4409479 1.5183379 1.4904864 1.7230455 2.2269937 0.9766223 3.6391245 
Plajan_Pjan_C566634_01                                           1.2558499 1.0283723 1.1798354 1.1726746 0.9138689 1.2304860 0.8263628 1.5485538 1.4726713 0.9163462 1.3543099 1.5426812 1.1993802 1.4892534 1.3945903 1.2996066 1.3365949 1.3145374 0.5442818 0.6917001 0.0000000 1.2424245 1.0795334 0.9486914 1.0772276 1.0300982 1.1233992 1.1110447 1.0778776 1.2549587 1.2802010 1.9696875 1.4380716 1.1347343 2.0493311 1.3430648 1.9169625 1.5780748 1.9132292 1.5039435 1.0450802 1.1240718 1.2202763 1.2959448 1.4889110 1.3136765 1.6039636 1.5712279 1.3891961 1.4419009 1.4089736 1.4102770 1.4740196 1.4898962 1.8268996 2.2206983 1.0706416 3.5953639 
Spur_XM_787718.5                                                 0.9602279 0.8147058 1.0940491 1.1042559 0.7999064 1.1289345 0.8237399 1.4199531 1.3541877 0.9195183 1.3852589 1.3927428 1.0983089 1.3982194 1.1923381 1.2098417 1.2019013 1.1884911 0.9104980 1.1841766 1.2424245 0.0000000 1.0688855 0.7634060 1.0884455 1.0663132 1.1192283 1.0908276 0.9148624 1.1992754 1.2668043 1.9108876 1.3722490 0.7872381 1.9323690 1.2659204 1.9183682 1.5875193 1.9801952 1.4872075 1.1470282 1.0816673 0.8839182 1.1945624 1.3243638 1.4525867 1.6229718 1.5938651 1.5904994 1.6790475 1.6278780 1.6221249 1.6074072 1.5445773 1.6741177 2.1292117 1.0709485 3.9595933 
Adig_XM_015910693.1                                              1.2349620 0.9610006 1.1725768 1.1750490 0.8707838 1.2243556 0.9091266 1.5090584 1.4913735 0.9722336 1.5054173 1.4866101 1.1088579 1.3427814 1.1743289 1.2063757 1.1401940 1.1744361 1.0019425 1.1135443 1.0795334 1.0688855 0.0000000 0.0172199 0.2736177 0.3096383 0.3932121 0.3833293 0.4031657 0.9587308 1.0524085 1.7178531 1.3465679 0.9126360 1.9091614 1.2552848 1.8132519 1.5322323 1.8862096 1.5219692 0.9771593 1.2549933 1.1163652 1.2060513 1.0959943 1.3472431 1.4795881 1.4721200 1.3451531 1.3240469 1.3694804 1.3724464 1.4033765 1.5058306 1.7630995 2.0396238 0.9833683 3.4391845 
Amil_Amillepora25698-RA                                          1.0121110 0.9606801 0.9898755 0.9936112 0.8969338 1.1011381 1.0774015 1.3037823 1.3472683 1.2558529 1.3822024 1.2814320 0.8234611 1.4102665 1.2284022 1.1676646 1.1527534 1.1125774 9.0000000 0.9107421 0.9486914 0.7634060 0.0172199 0.0000000 0.2517452 0.1637844 0.3491358 0.3522313 0.2709816 0.7254332 0.7101175 1.4385907 1.4569851 0.8661099 1.6202281 1.5053209 1.5522752 1.8056318 1.6362604 1.5660572 0.8866327 1.0348719 0.9675050 1.0510077 1.1262383 1.0410159 1.0609783 1.0887143 1.0978030 1.0953028 1.1714615 1.1714615 1.1206154 1.2082263 1.7777631 1.4823329 1.0788206 5.9732098 
Gfas_gfas1.m1.7015.m1                                            1.1972154 1.0033902 1.1593889 1.1907338 0.9184748 1.2021167 0.9171589 1.4289307 1.4539739 0.9317766 1.5152160 1.5077091 1.0844436 1.3851537 1.1328868 1.1871199 1.1522353 1.0587887 1.2086186 1.1393043 1.0772276 1.0884455 0.2736177 0.2517452 0.0000000 0.2507676 0.2681565 0.2790977 0.2854215 0.9215305 1.0417460 1.6143228 1.2799499 0.8880676 1.7322393 1.2199256 1.8990745 1.5345662 1.8590800 1.4985526 0.9816688 1.2257620 1.1005207 1.2635334 1.1218745 1.2569800 1.3893505 1.3694111 1.3211824 1.2840435 1.3125587 1.3134531 1.3754265 1.3442239 1.7559413 1.7368880 1.0282408 4.5020279 
Gasp_gasp1.m3.12325.m1                                           1.1475889 0.9909771 1.1216619 1.1952483 0.8189969 1.2234287 0.8087525 1.4441166 1.3756585 0.8627289 1.4785737 1.5096773 1.0246686 1.2891512 1.2149288 1.2558184 1.2152875 1.0973651 1.0302610 1.0511470 1.0300982 1.0663132 0.3096383 0.1637844 0.2507676 0.0000000 0.2092317 0.2228995 0.2343727 0.9424436 1.0979471 1.7421066 1.3376521 0.8304096 1.8249407 1.2527517 1.8515187 1.4790896 1.8850003 1.6271387 0.9492786 1.2122465 1.0834391 1.2111966 1.0347988 1.3589413 1.4971426 1.4740765 1.3758494 1.3898894 1.3829639 1.3861990 1.4128859 1.6298802 1.7609630 1.9487997 0.8541768 3.5728456 
Spis_XP_022783406_1                                              1.1682831 0.9816618 1.2333614 1.1718304 0.8178333 1.2525528 0.9099722 1.5072573 1.4270255 0.9948095 1.5933272 1.5612396 1.0929209 1.3620597 1.3830787 1.3720619 1.3291029 1.2247491 0.8900911 1.1329022 1.1233992 1.1192283 0.3932121 0.3491358 0.2681565 0.2092317 0.0000000 0.0540234 0.3137031 1.0041278 1.1591850 1.6505144 1.3594975 0.9936450 1.8562379 1.2616195 1.7666007 1.5813151 1.8614744 1.6114202 1.0681979 1.1377901 1.2302069 1.2352820 1.1493878 1.3182100 1.5029051 1.4843622 1.4371236 1.4841227 1.4968596 1.5005776 1.4268777 1.6927773 1.8330458 1.9384289 0.9684260 3.5329555 
Pocdam_XM_027190012.1                                            1.1869886 0.9676121 1.2007701 1.2214207 0.9323782 1.2693741 0.8885055 1.4412374 1.3790357 0.9164860 1.5548268 1.5436446 1.0724227 1.3492304 1.2316830 1.2898210 1.2573888 1.1360979 0.9938830 1.1045056 1.1110447 1.0908276 0.3833293 0.3522313 0.2790977 0.2228995 0.0540234 0.0000000 0.3266306 0.9671494 1.1284564 1.7202633 1.4128410 1.0034807 1.9144756 1.2652270 1.8417446 1.5362716 1.8818111 1.5926690 0.9769787 1.2051248 1.1785169 1.2056138 1.0553028 1.4006863 1.5165207 1.4988879 1.4786549 1.4826429 1.5240885 1.5272936 1.4951106 1.6232343 1.7630458 2.0451024 0.9182536 3.5092436 
Fspp_ffun1.m4.756.m1                                             1.1573663 1.0612427 1.0144960 1.0395132 0.9609807 1.1383065 0.9681113 1.2399914 1.2585177 1.0592160 1.3283476 1.3367632 0.9503298 1.2622826 1.2926268 1.2164943 1.1837532 1.1174492 1.2992352 1.0392778 1.0778776 0.9148624 0.4031657 0.2709816 0.2854215 0.2343727 0.3137031 0.3266306 0.0000000 0.9534027 0.9259101 1.5315699 1.5859986 1.1795992 1.7418194 1.4737763 1.7369963 1.4271156 1.6216109 1.7016364 1.0687159 1.0554732 1.0548968 1.1735441 0.9080378 1.0888666 1.2365003 1.2205319 1.2193166 1.1885835 1.2479047 1.2539446 1.2789432 1.3444369 1.6555097 1.6545454 0.9749298 5.0893300 
Dgig_XM_028545685.1                                              1.2851348 1.1193482 1.2799788 1.2461665 0.9688854 1.3936929 0.9356364 1.7069559 1.5870699 1.0617614 1.6405657 1.5877138 1.1757404 1.4335161 1.2885551 1.3436683 1.2697451 1.1840827 1.0783235 1.2634145 1.2549587 1.1992754 0.9587308 0.7254332 0.9215305 0.9424436 1.0041278 0.9671494 0.9534027 0.0000000 0.4525623 1.8600047 1.2355321 0.8821401 1.9504897 1.2965591 1.9272276 1.5398528 1.8971879 1.3261091 1.1366914 1.2588243 1.2282337 1.3635926 1.1893750 1.3018080 1.4360066 1.3857072 1.4546163 1.4404029 1.4679149 1.4779240 1.4433281 2.0014510 1.7571228 2.1992167 1.1070025 3.7003845 
Xesp_014427-T1                                                   1.3022183 1.2029845 1.2872785 1.3159399 0.9770051 1.4413322 1.0073606 1.8029627 1.7313201 1.1269228 1.7418437 1.6785659 1.2264134 1.4490981 1.2439101 1.2976171 1.2386336 1.2018476 1.1959091 1.2522638 1.2802010 1.2668043 1.0524085 0.7101175 1.0417460 1.0979471 1.1591850 1.1284564 0.9259101 0.4525623 0.0000000 1.8510117 1.2371653 0.8524030 1.9661705 1.2962590 2.0358730 1.5562872 1.8818174 1.5014811 1.2110270 1.2039381 1.2993288 1.4458352 1.2790867 1.4807363 1.4701618 1.4313690 1.5189818 1.4852071 1.4462905 1.4469018 1.4716759 2.0468773 1.7228409 2.2611941 1.1246772 3.7658574 
Mlei_ML2207.g28.i1                                               1.9342943 1.8084355 1.8167624 1.7817135 1.3191887 1.8631111 1.1359088 1.9885054 2.0065058 1.3076575 1.9913812 1.8915344 1.7636974 1.9307778 2.1404369 1.9403395 1.9070391 2.0618377 1.4861950 1.7551366 1.9696875 1.9108876 1.7178531 1.4385907 1.6143228 1.7421066 1.6505144 1.7202633 1.5315699 1.8600047 1.8510117 0.0000000 0.1841584 0.1686846 0.7310264 0.4779737 0.5517639 0.4895527 0.5743505 0.5106303 1.6959908 1.6701110 1.9190010 1.8002442 2.1291034 2.1666895 2.1455153 2.0766328 1.9292880 1.9436957 1.9798349 1.9717042 1.9958289 1.7237808 1.9845954 2.6034729 1.7345642 5.4227812 
Bolinf_Binf_sb1246066                                            1.5784272 1.4677781 1.2917707 1.2683355 1.2741888 1.5018551 1.2412596 1.8621602 1.8515096 1.4752897 1.5429984 1.4863649 1.3286179 1.6489820 2.0065497 1.7539239 1.8180854 1.9758226 0.7160912 1.3312570 1.4380716 1.3722490 1.3465679 1.4569851 1.2799499 1.3376521 1.3594975 1.4128410 1.5859986 1.2355321 1.2371653 0.1841584 0.0000000 0.0000010 0.4829616 0.5018726 0.3449253 0.5476215 0.4221539 0.5664859 1.3312429 1.4451258 1.5045027 1.3706414 1.7242612 1.6419658 1.4050871 1.4045657 1.3124416 1.3877820 1.4586202 1.4546844 1.3533654 1.4054897 1.4032755 1.7562279 2.0783085 6.7962963 
Mertsp_Mesp_sb553293                                             1.1405444 1.0947641 0.9246183 0.9981251 0.9611404 1.1196938 1.1225110 1.5976491 1.5729285 1.2444602 1.2937272 1.2821744 0.9541331 1.0002800 1.2049108 1.1851863 1.2031792 1.3167751 2.9096704 0.9400544 1.1347343 0.7872381 0.9126360 0.8661099 0.8880676 0.8304096 0.9936450 1.0034807 1.1795992 0.8821401 0.8524030 0.1686846 0.0000010 0.0000000 0.3986242 0.4380825 0.2787214 0.5271801 0.4684784 0.4277645 1.2133794 1.1130080 1.1026405 1.1433225 1.5563907 1.2410054 1.0032205 1.0032205 0.9474070 1.0514253 1.0833107 1.0778446 0.9618603 1.5106052 1.0420175 1.2636625 1.5216810 1.8939003 
Vmul_Simscaffold9428_01                                          2.0100159 1.8860083 1.9258322 1.8932558 1.5000087 1.9963117 1.2018565 1.9150499 1.9029381 1.3137644 1.8929085 1.8374081 1.6935443 1.9508392 2.0875887 1.9435940 1.9095158 1.9781134 1.4918391 1.8582080 2.0493311 1.9323690 1.9091614 1.6202281 1.7322393 1.8249407 1.8562379 1.9144756 1.7418194 1.9504897 1.9661705 0.7310264 0.4829616 0.3986242 0.0000000 0.3051226 0.6994616 0.6091167 0.7168390 0.6340669 1.7219046 1.7509634 1.9748258 1.9619235 2.2387515 2.1935904 2.1140864 2.0802736 1.9864448 2.0217584 2.0301470 2.0218783 1.9914443 1.6758529 2.1516204 2.5439840 1.7190244 4.7422695 
Coemet_Cmet_scaffold4699_01                                      1.4537862 1.2399030 1.2265425 1.2753739 1.3371254 1.4107369 1.0974505 1.5014018 1.4786764 1.2297991 1.4032579 1.4161851 1.1737663 1.2798522 1.6210607 1.5547335 1.5298059 1.5814096 0.7596675 1.2011587 1.3430648 1.2659204 1.2552848 1.5053209 1.2199256 1.2527517 1.2616195 1.2652270 1.4737763 1.2965591 1.2962590 0.4779737 0.5018726 0.4380825 0.3051226 0.0000000 0.4219394 0.6678266 0.5520741 0.6389575 1.2007960 1.2606805 1.3906270 1.3187573 1.5690840 1.4741007 1.3487843 1.3747543 1.2804035 1.3106747 1.3205074 1.3171043 1.2556885 1.1556174 1.4580505 1.6190158 1.7215740 8.9999985 
Lampan_Lpan_12703_01                                             1.9223081 1.7141772 1.9308608 1.9700951 1.4130451 2.0230968 0.9866560 2.0267812 1.9713363 1.2761414 2.0147183 1.8858801 1.6562424 1.9739765 2.1952855 2.0177423 2.0770744 2.1064847 1.5610116 1.9020790 1.9169625 1.9183682 1.8132519 1.5522752 1.8990745 1.8515187 1.7666007 1.8417446 1.7369963 1.9272276 2.0358730 0.5517639 0.3449253 0.2787214 0.6994616 0.4219394 0.0000000 0.5200839 0.6204048 0.5328115 1.7209598 1.7310022 1.8246577 1.7726292 2.2493498 2.2283057 2.1857049 2.1482525 2.0149859 2.0348989 2.0368990 2.0285045 2.0703781 1.7098050 2.0735781 2.4457459 1.6260788 4.4892037 
Pbac_sb2639829                                                   1.5418993 1.5780268 1.3078949 1.2896394 1.3046767 1.5026609 1.2142575 1.6007197 1.5815687 1.2133020 1.4673770 1.4571592 1.5688491 1.6448719 1.7137209 1.7973475 1.8123805 1.8096628 1.1790492 1.5828437 1.5780748 1.5875193 1.5322323 1.8056318 1.5345662 1.4790896 1.5813151 1.5362716 1.4271156 1.5398528 1.5562872 0.4895527 0.5476215 0.5271801 0.6091167 0.6678266 0.5200839 0.0000000 0.1100467 0.6417723 1.6175701 1.5174872 1.6274543 1.5540963 1.7211241 1.7549159 1.6597028 1.6491726 1.5875821 1.5656904 1.7054896 1.6900442 1.5806981 1.3341575 1.6349917 2.0303848 1.7256531 7.9164718 
Horcal_Hcv1.av93.c5.g307.i1                                      1.8921183 1.8317439 1.7764489 1.7627277 1.3535250 1.8882607 1.1482106 1.9152687 1.8452654 1.1825258 1.9012120 1.9363983 1.8581583 2.0016990 2.0320556 1.9556161 1.9353223 1.9040869 1.6160742 1.7734322 1.9132292 1.9801952 1.8862096 1.6362604 1.8590800 1.8850003 1.8614744 1.8818111 1.6216109 1.8971879 1.8818174 0.5743505 0.4221539 0.4684784 0.7168390 0.5520741 0.6204048 0.1100467 0.0000000 0.4652298 1.6895993 1.5968848 1.9416387 1.8553337 2.3062837 2.1163726 1.9816819 1.9604866 1.9344631 1.8891825 2.0062595 1.9892874 1.9810815 1.6013238 1.9324896 2.6787348 1.7121870 5.0511064 
Drygla_Dgla_sb285633                                             1.6513954 1.7310883 1.5567206 1.4494959 1.4918649 1.7014896 1.4050689 1.5420875 1.5476517 1.4030126 1.6525378 1.3899424 1.3749821 1.8730516 2.1730530 1.6693793 1.7316228 1.7581963 1.4023491 1.4519668 1.5039435 1.4872075 1.5219692 1.5660572 1.4985526 1.6271387 1.6114202 1.5926690 1.7016364 1.3261091 1.5014811 0.5106303 0.5664859 0.4277645 0.6340669 0.6389575 0.5328115 0.6417723 0.4652298 0.0000000 1.4440998 1.4471901 1.4718610 1.4815743 1.9319698 1.9404670 2.1378037 2.1063063 1.7857174 1.7982952 1.9364958 1.9364958 1.8032077 1.3328321 1.8704877 1.9463299 2.4620351 9.0000000 
Morvir_scaffold76.g11.t1                                         1.2636073 0.9747280 1.0966845 1.1336525 0.9635349 1.2064572 0.9030299 1.2824498 1.2718332 0.9405720 1.3144534 1.3456036 1.2357641 1.3812794 0.9336230 0.9272277 0.8941162 0.8825119 0.9356768 1.0790078 1.0450802 1.1470282 0.9771593 0.8866327 0.9816688 0.9492786 1.0681979 0.9769787 1.0687159 1.1366914 1.2110270 1.6959908 1.3312429 1.2133794 1.7219046 1.2007960 1.7209598 1.6175701 1.6895993 1.4440998 0.0000000 1.0203346 1.1050215 1.1528984 1.1478296 0.9800589 1.5164382 1.4922193 1.2808833 1.2797300 1.3394837 1.3421467 1.3799824 1.6188347 1.5583061 2.1949093 0.9863588 3.7626927 
Cscu_XM_023366115.1                                              1.2659786 0.9187745 1.1975890 1.2806184 0.9978692 1.1966160 0.9421212 1.4151323 1.3975194 0.8693992 1.4354547 1.3602841 1.0139592 1.4304734 1.4244328 1.1837978 1.2152119 1.1943448 1.1080256 1.1365639 1.1240718 1.0816673 1.2549933 1.0348719 1.2257620 1.2122465 1.1377901 1.2051248 1.0554732 1.2588243 1.2039381 1.6701110 1.4451258 1.1130080 1.7509634 1.2606805 1.7310022 1.5174872 1.5968848 1.4471901 1.0203346 0.0000000 1.0714879 1.2006712 1.4678965 1.3809909 1.5701429 1.5236169 1.3923540 1.3188623 1.3979751 1.3956749 1.4346856 1.2596193 1.7667500 2.0856005 1.0344792 5.6237066 
Skow_XM_006820930.1                                              1.0714765 0.7943317 1.0629872 1.1158866 0.8515278 1.2352204 0.8761471 1.2586710 1.3183394 0.8110970 1.2701000 1.3839551 1.0068728 1.2222217 1.1704381 1.2132542 1.1283842 1.1501204 1.0319914 1.2209214 1.2202763 0.8839182 1.1163652 0.9675050 1.1005207 1.0834391 1.2302069 1.1785169 1.0548968 1.2282337 1.2993288 1.9190010 1.5045027 1.1026405 1.9748258 1.3906270 1.8246577 1.6274543 1.9416387 1.4718610 1.1050215 1.0714879 0.0000000 1.0440005 1.4303945 1.3091219 1.3922683 1.3739508 1.3730187 1.4078238 1.4210729 1.4198421 1.3581655 1.6896154 1.6302349 2.0822055 0.9403268 4.0167733 
Ctel_gnl_WGS_AMQN_CAPTEDRAFT_mRNA177720                          1.2036159 1.0831170 1.2682469 1.2132578 0.9051681 1.3593874 0.8760541 1.4374451 1.4431201 0.9127024 1.3409831 1.4643725 1.1613438 1.2196878 1.2835595 1.2767984 1.2249486 1.2396912 1.1359247 1.3166911 1.2959448 1.1945624 1.2060513 1.0510077 1.2635334 1.2111966 1.2352820 1.2056138 1.1735441 1.3635926 1.4458352 1.8002442 1.3706414 1.1433225 1.9619235 1.3187573 1.7726292 1.5540963 1.8553337 1.4815743 1.1528984 1.2006712 1.0440005 0.0000000 1.4665755 1.4379156 1.4393670 1.4091410 1.3921775 1.4495685 1.3515141 1.3543936 1.3227216 1.5426333 1.4070410 2.0526251 1.0576867 3.1866642 
Nvec_v1g30771                                                    1.4857585 1.2638491 1.4572004 1.4200631 1.0815942 1.5399746 1.2154203 1.7781005 1.7157815 1.2271028 1.6955401 1.7385925 1.4464856 1.5989975 1.4806310 1.4194952 1.3711547 1.3488614 1.1126088 1.3851548 1.4889110 1.3243638 1.0959943 1.1262383 1.1218745 1.0347988 1.1493878 1.0553028 0.9080378 1.1893750 1.2790867 2.1291034 1.7242612 1.5563907 2.2387515 1.5690840 2.2493498 1.7211241 2.3062837 1.9319698 1.1478296 1.4678965 1.4303945 1.4665755 0.0000000 1.5231030 1.8755872 1.8165213 1.6874629 1.7175235 1.6767938 1.6887821 1.7206627 1.5565123 1.7645440 2.3684124 1.1141558 4.0155137 
Chem_TCONS_00030654                                              1.4207227 1.2066650 1.2480834 1.3107805 1.0150191 1.3289193 0.8281531 1.5682180 1.5385830 0.9732481 1.4807969 1.5925557 1.4208400 1.7063049 1.0250808 1.1368498 1.0718879 1.0453396 1.3586254 1.2686444 1.3136765 1.4525867 1.3472431 1.0410159 1.2569800 1.3589413 1.3182100 1.4006863 1.0888666 1.3018080 1.4807363 2.1666895 1.6419658 1.2410054 2.1935904 1.4741007 2.2283057 1.7549159 2.1163726 1.9404670 0.9800589 1.3809909 1.3091219 1.4379156 1.5231030 0.0000000 1.5239576 1.4979941 1.4710553 1.4446342 1.5297697 1.5212867 1.4831861 1.3073788 1.7735438 1.9273194 0.4909176 3.8183722 
Tadh_TriadT56400                                                 1.5950670 1.4281908 1.5260286 1.5302544 1.1197517 1.6104966 1.0100471 1.8840710 1.8818889 1.2027562 1.8695796 1.9469437 1.5769265 1.7286555 1.5687122 1.6970427 1.6771095 1.5410534 1.2857707 1.5696104 1.6039636 1.6229718 1.4795881 1.0609783 1.3893505 1.4971426 1.5029051 1.5165207 1.2365003 1.4360066 1.4701618 2.1455153 1.4050871 1.0032205 2.1140864 1.3487843 2.1857049 1.6597028 1.9816819 2.1378037 1.5164382 1.5701429 1.3922683 1.4393670 1.8755872 1.5239576 0.0000000 0.0017384 0.3586162 0.3859360 0.3433549 0.3450193 0.3254545 1.9367132 2.0247698 2.1348068 1.1016911 4.6397386 
TrH2_TrispH2_001177-RA                                           1.5515345 1.4110098 1.4969368 1.4997648 1.0923719 1.6056069 1.0198170 1.8082781 1.8132106 1.1579544 1.7958090 1.8542534 1.5242285 1.7591548 1.5547226 1.6639546 1.6502931 1.4948736 1.2857707 1.5452844 1.5712279 1.5938651 1.4721200 1.0887143 1.3694111 1.4740765 1.4843622 1.4988879 1.2205319 1.3857072 1.4313690 2.0766328 1.4045657 1.0032205 2.0802736 1.3747543 2.1482525 1.6491726 1.9604866 2.1063063 1.4922193 1.5236169 1.3739508 1.4091410 1.8165213 1.4979941 0.0017384 0.0000000 0.3405787 0.3650707 0.3256919 0.3272316 0.3090582 1.9458717 1.9582862 2.0747481 1.0904673 4.7265749 
HoiH06_mRNA14280                                                 1.5581947 1.4748822 1.4216209 1.4302766 1.0288215 1.5636723 0.9496472 1.7442153 1.7121741 1.0721146 1.7433028 1.7994506 1.4088887 1.6176023 1.6671852 1.6665055 1.6692459 1.4823356 1.1692348 1.4452091 1.3891961 1.5904994 1.3451531 1.0978030 1.3211824 1.3758494 1.4371236 1.4786549 1.2193166 1.4546163 1.5189818 1.9292880 1.3124416 0.9474070 1.9864448 1.2804035 2.0149859 1.5875821 1.9344631 1.7857174 1.2808833 1.3923540 1.3730187 1.3921775 1.6874629 1.4710553 0.3586162 0.3405787 0.0000000 0.0756221 0.1506147 0.1502535 0.2405697 1.9114771 1.8373547 2.2141053 1.0725940 4.6631454 
HoiH23_PlH23_000246-RA                                           1.5909554 1.5111868 1.4181002 1.4529675 0.9877455 1.5719130 1.0048865 1.7269904 1.7046283 1.0871321 1.7585044 1.7823394 1.4832563 1.7059033 1.6527174 1.6121627 1.6094475 1.4890979 1.2248082 1.5160255 1.4419009 1.6790475 1.3240469 1.0953028 1.2840435 1.3898894 1.4841227 1.4826429 1.1885835 1.4404029 1.4852071 1.9436957 1.3877820 1.0514253 2.0217584 1.3106747 2.0348989 1.5656904 1.8891825 1.7982952 1.2797300 1.3188623 1.4078238 1.4495685 1.7175235 1.4446342 0.3859360 0.3650707 0.0756221 0.0000000 0.1668633 0.1664351 0.2514325 1.8361911 1.8783197 2.1362515 1.1007154 4.6276009 
Hhon_g10214.t1                                                   1.6022944 1.5106425 1.4751872 1.5071257 1.0722643 1.6257829 1.0644685 1.7683469 1.7277149 1.1016118 1.7746431 1.8072587 1.4645250 1.6837990 1.7141563 1.6416649 1.6496322 1.5341151 1.1927263 1.4378575 1.4089736 1.6278780 1.3694804 1.1714615 1.3125587 1.3829639 1.4968596 1.5240885 1.2479047 1.4679149 1.4462905 1.9798349 1.4586202 1.0833107 2.0301470 1.3205074 2.0368990 1.7054896 2.0062595 1.9364958 1.3394837 1.3979751 1.4210729 1.3515141 1.6767938 1.5297697 0.3433549 0.3256919 0.1506147 0.1668633 0.0000000 0.0032659 0.2368615 1.9690561 1.9336213 2.1437320 1.1525245 4.4780672 
HoiH04_mRNA10033                                                 1.6029284 1.5125524 1.4672244 1.5018163 1.0815957 1.6291377 1.0657005 1.7641981 1.7332793 1.1027356 1.7767855 1.8045371 1.4733249 1.6761358 1.7191505 1.6469446 1.6549667 1.5288109 1.1927263 1.4409479 1.4102770 1.6221249 1.3724464 1.1714615 1.3134531 1.3861990 1.5005776 1.5272936 1.2539446 1.4779240 1.4469018 1.9717042 1.4546844 1.0778446 2.0218783 1.3171043 2.0285045 1.6900442 1.9892874 1.9364958 1.3421467 1.3956749 1.4198421 1.3543936 1.6887821 1.5212867 0.3450193 0.3272316 0.1502535 0.1664351 0.0032659 0.0000000 0.2345874 1.9755697 1.9368784 2.1512833 1.1397972 4.4901699 
HoiH11_mRNA6540                                                  1.6108302 1.4450830 1.4709700 1.4495276 1.1054150 1.6615005 1.0193247 1.7778729 1.7481680 1.0673375 1.7477315 1.7202444 1.4500781 1.7516033 1.5993354 1.5474162 1.5586933 1.4618046 1.3757068 1.5183379 1.4740196 1.6074072 1.4033765 1.1206154 1.3754265 1.4128859 1.4268777 1.4951106 1.2789432 1.4433281 1.4716759 1.9958289 1.3533654 0.9618603 1.9914443 1.2556885 2.0703781 1.5806981 1.9810815 1.8032077 1.3799824 1.4346856 1.3581655 1.3227216 1.7206627 1.4831861 0.3254545 0.3090582 0.2405697 0.2514325 0.2368615 0.2345874 0.0000000 1.9889751 1.8874680 2.1934352 1.0675372 4.3395800 
Stycar_maker-SC_scaffold3353-augustus-gene-0.45-mRNA-1           1.5054867 1.3039240 1.3601450 1.6662222 1.3804813 1.7971852 1.3842184 1.0570676 1.0327202 0.4809217 1.1571595 1.0152927 1.4895311 1.4223466 1.8602126 1.5707316 1.5246197 1.7227608 1.7706817 1.4904864 1.4898962 1.5445773 1.5058306 1.2082263 1.3442239 1.6298802 1.6927773 1.6232343 1.3444369 2.0014510 2.0468773 1.7237808 1.4054897 1.5106052 1.6758529 1.1556174 1.7098050 1.3341575 1.6013238 1.3328321 1.6188347 1.2596193 1.6896154 1.5426333 1.5565123 1.3073788 1.9367132 1.9458717 1.9114771 1.8361911 1.9690561 1.9755697 1.9889751 0.0000000 1.7196527 1.8050356 1.3416335 8.9999980 
Dpul_mRNA8429                                                    1.7357594 1.5237792 1.3967289 1.4976403 1.2321932 1.4731058 0.9391354 1.7023248 1.7911388 1.3177674 1.7882898 1.7225609 1.7299101 1.7459232 1.6949801 1.6621923 1.6767531 1.6433999 1.5049179 1.7230455 1.8268996 1.6741177 1.7630995 1.7777631 1.7559413 1.7609630 1.8330458 1.7630458 1.6555097 1.7571228 1.7228409 1.9845954 1.4032755 1.0420175 2.1516204 1.4580505 2.0735781 1.6349917 1.9324896 1.8704877 1.5583061 1.7667500 1.6302349 1.4070410 1.7645440 1.7735438 2.0247698 1.9582862 1.8373547 1.8783197 1.9336213 1.9368784 1.8874680 1.7196527 0.0000000 2.1715293 1.3512912 4.1721287 
Tcas_TC010974_002                                                2.0916832 2.0889463 2.1290318 2.2708247 1.6561385 2.3557570 1.4218400 2.1428550 2.2041028 1.2332422 2.2525049 2.3468107 2.0341954 1.9976010 2.2766407 2.0115163 2.0390947 2.0166261 1.9501034 2.2269937 2.2206983 2.1292117 2.0396238 1.4823329 1.7368880 1.9487997 1.9384289 2.0451024 1.6545454 2.1992167 2.2611941 2.6034729 1.7562279 1.2636625 2.5439840 1.6190158 2.4457459 2.0303848 2.6787348 1.9463299 2.1949093 2.0856005 2.0822055 2.0526251 2.3684124 1.9273194 2.1348068 2.0747481 2.2141053 2.1362515 2.1437320 2.1512833 2.1934352 1.8050356 2.1715293 0.0000000 1.6359315 4.6599919 
Hvul_g20845_1                                                    1.0698591 0.9076205 0.8964959 0.9045289 0.9835934 1.0010062 1.0039093 1.0579321 1.0915840 1.1122870 1.1121401 1.1506136 0.9397847 1.2619179 0.7441409 0.9802281 0.8989079 0.8407142 0.6292822 0.9766223 1.0706416 1.0709485 0.9833683 1.0788206 1.0282408 0.8541768 0.9684260 0.9182536 0.9749298 1.1070025 1.1246772 1.7345642 2.0783085 1.5216810 1.7190244 1.7215740 1.6260788 1.7256531 1.7121870 2.4620351 0.9863588 1.0344792 0.9403268 1.0576867 1.1141558 0.4909176 1.1016911 1.0904673 1.0725940 1.1007154 1.1525245 1.1397972 1.0675372 1.3416335 1.3512912 1.6359315 0.0000000 5.9039147 
Aque_Aqu2.1.16822_001                                            3.5800034 3.3585244 4.0484218 3.5019964 3.6511672 3.4445618 5.9343096 3.9849605 3.8830180 5.7663112 2.2713757 2.2282889 3.7615906 4.4573057 3.6649952 3.9973386 3.7387426 3.8290210 4.6717333 3.6391245 3.5953639 3.9595933 3.4391845 5.9732098 4.5020279 3.5728456 3.5329555 3.5092436 5.0893300 3.7003845 3.7658574 5.4227812 6.7962963 1.8939003 4.7422695 8.9999985 4.4892037 7.9164718 5.0511064 9.0000000 3.7626927 5.6237066 4.0167733 3.1866642 4.0155137 3.8183722 4.6397386 4.7265749 4.6631454 4.6276009 4.4780672 4.4901699 4.3395800 8.9999980 4.1721287 4.6599919 5.9039147 0.0000000 
