58
Hsap_ENST00000369681                               0.0000000 1.5874460 1.6191415 1.9245041 1.5150883 2.0346937 1.9907810 1.8053267 1.8670508 2.0245916 2.2754413 1.8681440 2.0777750 1.9211299 1.8671461 1.9800223 2.1586842 1.9511064 1.9647245 1.9702479 1.7690471 1.8395868 1.8914874 2.0112684 2.0353942 1.9961894 2.0007750 2.0933729 1.9196051 2.2817469 2.4030605 2.4140726 2.0763095 1.9701200 2.1548773 2.3663635 2.2700605 2.2102006 2.2736769 2.1893513 1.8690211 2.7874946 2.3064663 2.2305883 2.4446411 2.1219936 2.6507525 3.0200409 3.3609399 3.0202675 3.1486093 3.0949668 2.8123507 4.4908751 2.9098873 3.4879069 4.2238752 1.8376670 
Skow_XM_006823032.1                                1.5874460 0.0000000 1.3836220 1.4624945 1.3012101 1.7907052 1.8670456 1.6419645 1.6030941 1.6270721 1.9414007 1.6494015 1.7524577 1.7256146 1.7401352 1.9859984 2.2723111 1.8982249 2.0120454 2.0374237 1.7845015 1.8127650 1.8734207 1.8543432 1.8998451 1.7888309 1.7829991 2.1006937 1.6558917 2.1912152 2.4091639 2.3495048 1.9415517 1.9692914 2.0743158 2.9282513 2.1019848 2.2407899 2.3757833 2.0418840 1.8440823 2.4973903 2.2630622 2.4826203 2.2122620 1.9197590 2.4873724 2.9202648 2.6510754 2.9821702 2.7551326 2.7721946 2.8855235 4.7653057 2.7816397 3.1097009 4.1945987 1.3881263 
Cscu_XM_023380533.1                                1.6191415 1.3836220 0.0000000 1.5813915 1.4983630 1.7062651 1.9842821 1.7634318 1.6727856 1.8059787 1.9054628 1.7475892 1.7881443 1.6517981 1.5480656 1.9598898 1.6443526 1.9184114 1.9466976 1.9954558 1.8415179 1.8216570 1.8648924 1.9327819 1.8991153 1.8401618 1.8458125 2.0995660 1.8077171 2.4718112 2.3552007 2.4981739 2.4289304 1.6932959 2.1134670 2.3240762 2.0051989 2.2000505 2.2572371 2.1866149 1.5862048 2.5953925 2.3878163 2.3085725 2.1509738 1.9293466 2.4419538 2.6597677 3.0219870 3.0751767 2.8519899 2.7650603 2.8331156 4.4410954 2.9874779 3.4379429 4.1953469 1.5025970 
Ctel_gnl_WGS_AMQN_CAPTEDRAFT_mRNA226969            1.9245041 1.4624945 1.5813915 0.0000000 1.3951262 1.8373845 2.0845653 1.6505091 1.6455879 1.7624848 1.8635961 1.5917296 1.6915085 1.7207813 1.6259561 1.9301476 2.1213405 2.0078152 2.0069168 2.0219368 1.9355013 1.9198151 1.9669990 1.9783403 2.0337237 1.9277597 1.9182049 2.0447424 1.6700166 2.4297582 2.5695154 2.3589359 2.4853441 2.0980430 2.0813711 2.1454269 2.2263084 2.1656645 2.2990101 2.1221361 1.7452018 2.6940831 2.5032600 2.3366936 2.5491785 1.7684652 2.6061179 3.3788821 3.4435400 3.6813671 3.0968001 3.1490038 3.0667153 4.9567595 3.2683659 3.6999058 3.9061174 1.7295029 
Cgig_XM_011446522.3                                1.5150883 1.3012101 1.4983630 1.3951262 0.0000000 1.6276594 1.8231681 1.5921483 1.6079443 1.7197541 1.8658917 1.5612500 1.7945754 1.6091989 1.6594911 1.7327606 1.7992707 1.8373893 1.8291887 1.7548921 1.7795284 1.8065898 1.8141847 1.8302435 1.8481049 1.6987006 1.7076890 1.7322229 1.6616445 2.1447510 2.3761429 2.2471681 1.8637746 1.9423458 1.9634257 1.9639794 2.1504258 2.0132160 2.0427370 1.8951197 1.4882248 2.4540732 2.2130287 2.2021640 2.2998124 1.9097007 2.5463667 2.8693157 2.8350232 3.0216163 2.9007790 2.8809916 2.7050854 4.7708588 2.8952670 3.4576287 3.8287499 1.3878487 
Exapal_XM_021046634.2                              2.0346937 1.7907052 1.7062651 1.8373845 1.6276594 0.0000000 1.2068767 0.6800975 0.6727668 0.7235138 0.7421750 0.6335701 0.5954175 1.5359531 1.5731835 1.8465469 1.8681758 2.0753315 1.9060220 1.9179914 1.9664978 1.5596440 1.5713788 1.6834117 1.6929892 1.5847504 1.5847504 1.6032701 2.2209032 2.3357437 1.8668418 2.3518713 1.8919763 2.2859604 1.9964746 1.6565397 1.9910876 2.2111393 2.2915555 2.0830083 3.8242568 1.9927893 2.1846769 2.1025183 2.1634248 1.9775795 2.9513299 4.1887758 3.4604567 4.0438179 3.7874862 3.8636909 3.9004286 3.3051550 3.1162978 3.5554907 4.0690022 4.7700741 
Adig_XM_015909893.1                                1.9907810 1.8670456 1.9842821 2.0845653 1.8231681 1.2068767 0.0000000 0.1206254 0.3943156 0.4488763 0.4989643 0.3556256 1.1829146 1.5274630 1.6912315 2.0166201 2.3777838 1.9644366 1.8620459 1.8204026 1.8318015 1.7780466 1.7932855 1.9384028 1.8926428 1.8317042 1.8228015 2.5080257 2.0925867 2.7133616 2.3017247 2.9233839 2.1679725 2.6206702 2.1277078 2.4630175 2.3770245 2.6087747 2.8449669 2.3520030 1.8756497 3.2790500 2.6807780 2.6985163 2.6848741 2.9773212 3.0610427 3.6113605 5.7149964 3.7368336 3.2631883 3.2545787 3.1464284 7.4504154 3.7271809 6.3668470 5.2311789 1.9601632 
Amil_Amillepora19247-RA                            1.8053267 1.6419645 1.7634318 1.6505091 1.5921483 0.6800975 0.1206254 0.0000000 0.2825465 0.3337262 0.3201934 0.2360597 0.7878429 1.2723081 1.3685430 1.8334857 1.6555775 1.7153721 1.7147152 1.6118378 1.7123658 1.6433918 1.6783599 1.6860061 1.6817190 1.6373481 1.6305325 1.8672402 1.9650845 2.2434427 2.4430375 2.3402106 1.7436687 2.3082476 1.9919537 2.4211787 2.2233763 2.2018523 2.4556322 2.1686302 2.0473782 2.4680117 2.3814325 2.0243157 2.7475696 2.1127260 3.0639201 3.3290757 3.2946269 3.4113691 3.0894425 3.1014490 3.0496382 4.5260156 3.3359119 3.9401955 4.3990735 1.9918603 
Fspp_ffun1.m4.7543.m1                              1.8670508 1.6030941 1.6727856 1.6455879 1.6079443 0.6727668 0.3943156 0.2825465 0.0000000 0.1790033 0.1555909 0.2178069 0.7655248 1.2150441 1.2862827 1.7337764 1.6800385 1.5998783 1.5936067 1.6012099 1.6761843 1.6469886 1.6853676 1.7377837 1.7118697 1.6700655 1.6784326 1.9073371 1.8804065 2.2503541 2.4372092 2.3494451 1.7326748 2.3875596 2.0818926 2.3607704 2.1103912 2.1553085 2.2890585 2.1920554 1.7369555 2.4732271 2.3199420 2.0862372 2.4844571 2.2090699 2.8074833 3.2240041 3.1261520 3.4230827 3.0046634 3.0169151 2.8907336 4.7646099 3.2615991 3.9483030 4.4357261 1.7258068 
Spis_XP_022785494_1                                2.0245916 1.6270721 1.8059787 1.7624848 1.7197541 0.7235138 0.4488763 0.3337262 0.1790033 0.0000000 0.2199909 0.2764929 0.8342835 1.3154284 1.3834375 1.9200941 1.9121095 1.6843938 1.6487497 1.7586191 1.7238524 1.6729581 1.7248119 1.7584260 1.7458661 1.6821932 1.6770848 1.9488149 2.0089570 2.3175959 2.4575057 2.3619674 1.8848007 2.4779685 2.1875269 2.3508185 2.2823805 2.2727211 2.3609674 2.3009029 1.8382607 2.5466198 2.3391077 2.2128727 2.5489766 2.3974219 2.8942634 3.3246970 3.2036471 3.6400045 3.1231568 3.1472276 2.9652138 4.7972757 3.3549940 4.2142414 4.4883999 1.6796754 
Gasp_gasp1.m3.22568.m1                             2.2754413 1.9414007 1.9054628 1.8635961 1.8658917 0.7421750 0.4989643 0.3201934 0.1555909 0.2199909 0.0000000 0.2491985 0.7676768 1.4486198 1.5807757 1.9494602 1.7641747 1.8904104 1.8089550 1.8812104 2.0981206 1.8177674 1.8617656 1.8737187 1.8670106 1.8366296 1.8274343 1.9241181 2.3635036 2.4450020 2.7152251 2.5085328 1.7904157 2.7949930 2.2831391 2.3544613 2.3571652 2.3547378 2.5408378 2.3793512 2.2705463 2.4413428 2.6854142 2.1180096 3.0671932 2.3371101 3.6548623 3.8489483 3.3447975 3.7566351 3.5622672 3.5564733 3.7616892 4.7575905 3.7793119 3.8974945 4.1836568 4.4628094 
Gfas_gfas1.m1.7071.m1                              1.8681440 1.6494015 1.7475892 1.5917296 1.5612500 0.6335701 0.3556256 0.2360597 0.2178069 0.2764929 0.2491985 0.0000000 0.7331799 1.2200287 1.2164784 1.8266324 1.6487081 1.6153345 1.6659157 1.5889555 1.6753608 1.5249965 1.5568530 1.5996041 1.5707488 1.5105165 1.5039349 1.7429213 1.9549910 2.2863310 2.3524408 2.2267257 1.6794327 2.4168783 2.0122943 2.2750568 2.2766697 2.1367813 2.2863589 2.2579609 1.9713011 2.6322895 2.3607010 2.1328640 2.3802771 2.1897891 2.7807806 3.3095728 3.1242586 3.5194306 3.0786235 3.0782377 2.9710098 4.8253693 3.2856029 3.9678630 4.4019818 1.7728695 
Nvec_v1g225057                                     2.0777750 1.7524577 1.7881443 1.6915085 1.7945754 0.5954175 1.1829146 0.7878429 0.7655248 0.8342835 0.7676768 0.7331799 0.0000000 1.2224996 1.4700308 1.8818520 1.3334180 1.9343734 1.9211995 1.7528416 1.9545471 2.0085234 2.0085234 1.9342648 1.9316814 1.8998139 1.8861580 1.9244000 2.1264828 2.2134750 2.2901137 2.2032639 1.4209835 2.7276378 2.2424462 2.1525202 2.2617907 2.4915491 2.6057423 2.4069468 2.4872454 2.7438205 2.8691038 2.0085560 2.5945998 2.0929267 3.9898222 3.5304452 3.7323993 3.9814946 3.3536502 3.3846121 3.5076057 4.1073315 3.6057551 3.6215390 3.3387779 2.8685689 
Dgig_XM_028555966.1                                1.9211299 1.7256146 1.6517981 1.7207813 1.6091989 1.5359531 1.5274630 1.2723081 1.2150441 1.3154284 1.4486198 1.2200287 1.2224996 0.0000000 0.6178911 1.6965086 2.0348306 1.7319095 1.7529438 1.6987263 1.6388494 2.0230921 2.0994662 2.0409692 2.0278243 1.9104523 1.9104523 2.3192016 2.1779633 2.0948489 2.1686956 2.3776360 2.1059905 2.0786066 2.2074307 2.8845120 2.3982770 2.3208238 2.3178777 2.1149845 1.4900761 2.4877432 2.0589277 2.2446081 2.1089578 2.4853211 2.6987933 2.3639552 2.9848556 3.2496070 2.6948430 2.6902311 2.1653058 3.9320467 2.3970791 3.7616291 4.6151671 1.8046167 
Xesp_011416-T1                                     1.8671461 1.7401352 1.5480656 1.6259561 1.6594911 1.5731835 1.6912315 1.3685430 1.2862827 1.3834375 1.5807757 1.2164784 1.4700308 0.6178911 0.0000000 1.5530289 2.0363135 1.5975960 1.6149082 1.5994883 1.4532615 1.8246578 1.8755648 1.8241110 1.8052044 1.7525466 1.7525466 2.0091718 2.0169040 1.9467277 2.0844013 2.0799605 2.1962284 1.8598634 2.1445949 2.4576412 2.2693248 2.1520345 2.1808775 2.0783147 1.4628784 2.6047518 2.2152975 2.3499640 1.9411885 2.3356914 2.7067671 2.2584397 2.5090949 2.9289632 2.4492693 2.4412307 2.1964934 3.3439080 2.3484502 3.1434839 3.9559378 1.8215746 
Chem_TCONS_00069790                                1.9800223 1.9859984 1.9598898 1.9301476 1.7327606 1.8465469 2.0166201 1.8334857 1.7337764 1.9200941 1.9494602 1.8266324 1.8818520 1.6965086 1.5530289 0.0000000 1.4806937 1.5537734 1.5229603 1.5611463 1.6162361 2.1465450 2.1463196 2.1328815 2.0712408 2.0515308 2.0559488 2.1337022 2.1522011 2.3236766 2.2745858 2.3570545 2.1555051 2.1950228 2.1355081 1.9920839 2.2721401 2.1654071 2.4187944 2.1039737 1.7911840 2.9150952 2.7481394 2.6454351 2.2856009 2.1464892 2.7267853 2.8820418 2.9490632 3.3335065 2.9049895 2.8557624 2.8979800 4.6563286 2.9488623 3.6237907 4.3244585 1.7707600 
Aaur_scaffold2290.g2.t1                            2.1586842 2.2723111 1.6443526 2.1213405 1.7992707 1.8681758 2.3777838 1.6555775 1.6800385 1.9121095 1.7641747 1.6487081 1.3334180 2.0348306 2.0363135 1.4806937 0.0000000 0.7757311 0.7259171 0.8572806 1.4812112 1.9127659 1.9670811 1.9393908 1.9171629 1.8208550 1.8208550 1.8682851 2.5123763 2.0438746 1.4500238 1.8515099 1.7216451 2.6064221 1.9293729 1.8261197 1.8970162 2.0201757 2.1568407 1.8795461 0.0000010 2.6353560 2.4810385 2.3486057 2.7470965 2.3190352 3.1506326 3.9440850 2.9900146 3.4673451 3.5259962 3.4879698 3.7676614 4.0343080 3.4261904 4.0224552 5.7986999 5.9960438 
Nemnom_g4604.t1                                    1.9511064 1.8982249 1.9184114 2.0078152 1.8373893 2.0753315 1.9644366 1.7153721 1.5998783 1.6843938 1.8904104 1.6153345 1.9343734 1.7319095 1.5975960 1.5537734 0.7757311 0.0000000 0.3594564 0.9459995 1.3727803 1.8490565 1.8937436 1.9259697 1.8983021 1.8682804 1.8732585 1.9722633 2.1185857 2.1446430 2.4002411 2.1515314 1.9170496 2.4312849 2.0522497 2.2740870 2.1531989 1.8857065 2.1014719 2.1538126 1.5756792 2.8207447 2.5091411 2.7318148 2.7560853 2.5347842 3.0606631 3.0560276 2.9268441 3.1023504 3.2325414 3.2566500 2.9618341 4.9568320 3.3340960 3.7295917 4.6769933 2.5680692 
Rhoesc_Res_008474-T1                               1.9647245 2.0120454 1.9466976 2.0069168 1.8291887 1.9060220 1.8620459 1.7147152 1.5936067 1.6487497 1.8089550 1.6659157 1.9211995 1.7529438 1.6149082 1.5229603 0.7259171 0.3594564 0.0000000 0.8883062 1.4731434 1.9859533 2.0357552 2.0644711 2.0569567 1.9624841 1.9725578 2.1287252 2.2228022 2.1311686 2.4751169 2.3144464 2.0439698 2.4695468 2.0586966 2.1848577 2.1936051 2.0358772 2.2533413 2.2673928 1.6274598 2.7693332 2.5322540 2.6098766 2.8448496 2.6714441 2.8151370 3.1408702 3.1445605 3.0590509 3.1476893 3.1655545 2.7881084 4.6864247 3.2800615 3.8994194 4.6666066 2.8525668 
Sanmal_Sma_001632-T1                               1.9702479 2.0374237 1.9954558 2.0219368 1.7548921 1.9179914 1.8204026 1.6118378 1.6012099 1.7586191 1.8812104 1.5889555 1.7528416 1.6987263 1.5994883 1.5611463 0.8572806 0.9459995 0.8883062 0.0000000 1.4466123 1.9931798 2.0333567 2.1031070 2.0635805 1.9722381 1.9774898 2.2466368 2.2961634 2.4034422 2.5888075 2.4781482 2.1118231 2.3871506 2.1485588 2.5023495 2.3438603 2.3007087 2.5013845 2.2199472 1.8298709 3.3412761 2.8261434 2.8825161 2.6547312 2.4198592 3.2753014 3.4802908 3.2575791 3.3528432 3.3517874 3.3295191 2.9951884 5.0228947 3.5005465 3.9504337 4.7770332 2.1721744 
Morvir_scaffold41.g26.t1                           1.7690471 1.7845015 1.8415179 1.9355013 1.7795284 1.9664978 1.8318015 1.7123658 1.6761843 1.7238524 2.0981206 1.6753608 1.9545471 1.6388494 1.4532615 1.6162361 1.4812112 1.3727803 1.4731434 1.4466123 0.0000000 1.9795055 2.0129980 2.1440854 2.1294384 2.0741267 2.0798637 2.1834805 2.0292803 2.3305609 2.8259788 2.4278516 1.9683097 2.2212931 2.2341218 2.4479307 2.3935837 2.3633225 2.4957064 2.0480374 1.6734754 2.8178837 2.4399274 2.4226187 2.6666100 2.0582935 2.7406930 2.9828418 2.8642466 3.3361203 3.0596438 2.9627496 3.0870563 5.2002902 3.2021251 4.0269920 5.1486391 1.9362585 
Tadh_TriadT56539                                   1.8395868 1.8127650 1.8216570 1.9198151 1.8065898 1.5596440 1.7780466 1.6433918 1.6469886 1.6729581 1.8177674 1.5249965 2.0085234 2.0230921 1.8246578 2.1465450 1.9127659 1.8490565 1.9859533 1.9931798 1.9795055 0.0000000 0.0000010 0.3619317 0.3651719 0.3472712 0.3490037 0.3076955 1.9889737 2.0243452 2.1777408 2.1775083 1.9383915 2.4201696 1.8909480 2.3210064 1.8890434 2.1853428 2.2400856 2.1053536 1.9313878 2.4365041 2.3999497 2.0239509 2.4161090 2.1399897 2.8956811 3.0687775 3.1738115 3.1931396 2.9927559 2.9284701 2.8658647 4.8677582 3.3423285 3.6759835 4.1959800 2.2504869 
TrH2_TrispH2_001898-RA                             1.8914874 1.8734207 1.8648924 1.9669990 1.8141847 1.5713788 1.7932855 1.6783599 1.6853676 1.7248119 1.8617656 1.5568530 2.0085234 2.0994662 1.8755648 2.1463196 1.9670811 1.8937436 2.0357552 2.0333567 2.0129980 0.0000010 0.0000000 0.3615805 0.3647521 0.3472506 0.3489441 0.3091588 2.0121297 2.0575105 2.1777408 2.2058353 1.9741109 2.4795908 1.9155948 2.3210064 1.9348393 2.2281121 2.2906837 2.1286981 1.9313878 2.5008214 2.4444543 2.1709009 2.4447109 2.1540283 2.9834926 3.1314352 3.5002580 3.3185066 3.0990916 3.0339000 2.8658647 4.8677582 3.4741498 3.9210671 4.1959800 2.2504869 
HoiH06_mRNA5620                                    2.0112684 1.8543432 1.9327819 1.9783403 1.8302435 1.6834117 1.9384028 1.6860061 1.7377837 1.7584260 1.8737187 1.5996041 1.9342648 2.0409692 1.8241110 2.1328815 1.9393908 1.9259697 2.0644711 2.1031070 2.1440854 0.3619317 0.3615805 0.0000000 0.0713195 0.1730294 0.1707055 0.1996300 2.1487037 2.0572237 2.2719426 2.1554589 2.2336708 2.6289152 1.9917810 2.6110651 2.0079562 2.1371212 2.2228672 2.1085516 1.8936820 2.5286587 2.5471683 2.3296566 2.4834555 2.4263426 2.9143380 3.1041320 3.5911321 3.2397112 2.9088900 2.8930953 2.9114326 4.8687791 3.2412185 3.8434780 4.3069404 2.3911659 
HoiH23_PlH23_004664-RA                             2.0353942 1.8998451 1.8991153 2.0337237 1.8481049 1.6929892 1.8926428 1.6817190 1.7118697 1.7458661 1.8670106 1.5707488 1.9316814 2.0278243 1.8052044 2.0712408 1.9171629 1.8983021 2.0569567 2.0635805 2.1294384 0.3651719 0.3647521 0.0713195 0.0000000 0.1620137 0.1644548 0.2011722 2.1271187 2.0364841 2.2684252 2.1189434 2.1335679 2.5802059 1.9808015 2.6028699 1.9760895 2.1331191 2.2571872 2.0777647 1.8911680 2.5132668 2.5452832 2.3235713 2.5646394 2.3192184 2.7955816 3.0860733 3.6437367 3.2534840 2.9704452 2.9353052 2.9178384 5.0514494 3.2945193 3.9388898 4.3101805 2.2969349 
Hhon_g08059.t1                                     1.9961894 1.7888309 1.8401618 1.9277597 1.6987006 1.5847504 1.8317042 1.6373481 1.6700655 1.6821932 1.8366296 1.5105165 1.8998139 1.9104523 1.7525466 2.0515308 1.8208550 1.8682804 1.9624841 1.9722381 2.0741267 0.3472712 0.3472506 0.1730294 0.1620137 0.0000000 0.0019318 0.2288004 2.0756706 2.0224187 2.1979119 2.1743318 1.9867055 2.5052187 1.9383872 2.3553421 2.0022002 2.0572114 2.0769105 2.0563961 1.7727527 2.5061452 2.4527514 2.2702789 2.5062332 2.1717145 2.7452590 2.9468319 3.4088936 3.1958331 2.8264940 2.7465835 2.7681203 4.5212739 3.1664802 3.5701282 3.8030155 2.4176890 
HoiH04_mRNA6430                                    2.0007750 1.7829991 1.8458125 1.9182049 1.7076890 1.5847504 1.8228015 1.6305325 1.6784326 1.6770848 1.8274343 1.5039349 1.8861580 1.9104523 1.7525466 2.0559488 1.8208550 1.8732585 1.9725578 1.9774898 2.0798637 0.3490037 0.3489441 0.1707055 0.1644548 0.0019318 0.0000000 0.2288004 2.0691397 2.0276297 2.2069681 2.1797788 1.9867055 2.5118340 1.9420199 2.3703383 2.0079124 2.0625270 2.0821941 2.0608176 1.7727527 2.5139341 2.4580480 2.2702789 2.5171799 2.1717145 2.7520472 2.9528511 3.4088936 3.1986484 2.8159909 2.7543976 2.7779334 4.5333913 3.1542533 3.5701282 3.8229233 2.4176890 
HoiH11_mRNA5056                                    2.0933729 2.1006937 2.0995660 2.0447424 1.7322229 1.6032701 2.5080257 1.8672402 1.9073371 1.9488149 1.9241181 1.7429213 1.9244000 2.3192016 2.0091718 2.1337022 1.8682851 1.9722633 2.1287252 2.2466368 2.1834805 0.3076955 0.3091588 0.1996300 0.2011722 0.2288004 0.2288004 0.0000000 2.5067354 2.2101536 2.0135773 2.1327697 2.1583159 2.9734433 1.9135865 2.4221070 1.9088013 2.0135148 2.0020777 1.9590159 1.0860643 2.4017936 2.3706839 2.3462423 2.4999266 2.3927965 2.8816038 4.0246008 3.5587922 4.0351039 4.1026839 4.0804300 4.3614220 4.3085296 3.6897085 3.8873615 4.2205678 4.0475934 
Bralan_BLAG12000063_1                              1.9196051 1.6558917 1.8077171 1.6700166 1.6616445 2.2209032 2.0925867 1.9650845 1.8804065 2.0089570 2.3635036 1.9549910 2.1264828 2.1779633 2.0169040 2.1522011 2.5123763 2.1185857 2.2228022 2.2961634 2.0292803 1.9889737 2.0121297 2.1487037 2.1271187 2.0756706 2.0691397 2.5067354 0.0000000 2.1501245 2.3043238 2.4006471 2.3285324 1.9940756 1.9703127 2.1755750 2.0923817 2.5960878 2.6047791 2.4525503 1.7370888 2.6904052 2.3327976 2.4902323 2.4725277 2.1432740 2.9761087 2.6280065 3.2664013 3.0016577 2.8062935 2.9352531 2.9423242 5.6298682 3.2005080 4.1212514 4.8872222 1.5256017 
Lcom_lcpid50647                                    2.2817469 2.1912152 2.4718112 2.4297582 2.1447510 2.3357437 2.7133616 2.2434427 2.2503541 2.3175959 2.4450020 2.2863310 2.2134750 2.0948489 1.9467277 2.3236766 2.0438746 2.1446430 2.1311686 2.4034422 2.3305609 2.0243452 2.0575105 2.0572237 2.0364841 2.0224187 2.0276297 2.2101536 2.1501245 0.0000000 0.5371578 0.4814329 1.1596211 2.8007337 2.1917823 2.3561684 2.1644653 2.3104563 2.4874307 2.1628480 1.9144076 3.0429354 2.5848520 2.2647472 2.6623970 2.7445339 3.1038367 3.2160211 2.7971848 3.4759771 3.0267074 3.1133600 2.9816635 4.6142646 3.2999333 3.8114114 4.3717889 2.2844985 
Gracom_Gcom_scaffold7719_01                        2.4030605 2.4091639 2.3552007 2.5695154 2.3761429 1.8668418 2.3017247 2.4430375 2.4372092 2.4575057 2.7152251 2.3524408 2.2901137 2.1686956 2.0844013 2.2745858 1.4500238 2.4002411 2.4751169 2.5888075 2.8259788 2.1777408 2.1777408 2.2719426 2.2684252 2.1979119 2.2069681 2.0135773 2.3043238 0.5371578 0.0000000 0.5063346 1.4313068 2.8573339 2.2501446 2.4218759 2.5648001 2.5148399 2.8145174 2.5250751 1.9887125 3.5585118 2.9057288 2.4657266 2.5979253 2.9700762 3.4018893 3.5154741 8.2445209 3.3059383 3.3080969 3.3360001 3.7193583 6.5739878 4.0929537 5.7419646 5.1624500 2.2528468 
Leuniv_Lniv_C810740_01                             2.4140726 2.3495048 2.4981739 2.3589359 2.2471681 2.3518713 2.9233839 2.3402106 2.3494451 2.3619674 2.5085328 2.2267257 2.2032639 2.3776360 2.0799605 2.3570545 1.8515099 2.1515314 2.3144464 2.4781482 2.4278516 2.1775083 2.2058353 2.1554589 2.1189434 2.1743318 2.1797788 2.1327697 2.4006471 0.4814329 0.5063346 0.0000000 1.0470208 2.6955139 2.1447322 2.0774104 2.1583516 2.4076518 2.5316778 2.3618577 2.1370980 2.7407879 2.7012437 2.2838758 2.3954934 2.8648369 3.5161824 3.4802572 2.8283836 3.6835403 3.1972757 3.2132754 3.3112098 5.6354068 3.7207708 3.9709162 4.5743235 2.7128565 
Clacor_Ccor_scaffold4584_01                        2.0763095 1.9415517 2.4289304 2.4853441 1.8637746 1.8919763 2.1679725 1.7436687 1.7326748 1.8848007 1.7904157 1.6794327 1.4209835 2.1059905 2.1962284 2.1555051 1.7216451 1.9170496 2.0439698 2.1118231 1.9683097 1.9383915 1.9741109 2.2336708 2.1335679 1.9867055 1.9867055 2.1583159 2.3285324 1.1596211 1.4313068 1.0470208 0.0000000 2.6203206 1.9396475 1.5969434 1.7743231 1.9491243 1.8368310 1.7151634 1.0884990 2.2260851 2.1245598 2.0789543 1.9637503 2.2951819 3.2307076 4.2556353 2.9661126 4.2549509 3.4441445 3.4575749 3.2990280 4.6930532 3.8527798 4.0640779 4.3566937 3.9054833 
Dpul_mRNA15107                                     1.9701200 1.9692914 1.6932959 2.0980430 1.9423458 2.2859604 2.6206702 2.3082476 2.3875596 2.4779685 2.7949930 2.4168783 2.7276378 2.0786066 1.8598634 2.1950228 2.6064221 2.4312849 2.4695468 2.3871506 2.2212931 2.4201696 2.4795908 2.6289152 2.5802059 2.5052187 2.5118340 2.9734433 1.9940756 2.8007337 2.8573339 2.6955139 2.6203206 0.0000000 2.2203476 2.8951041 2.2889005 2.4481419 2.5656550 2.2622296 1.7378632 3.3547566 2.7164418 2.8029079 2.6395226 2.3782967 2.1435307 2.8405537 2.9001698 3.5284875 2.7688607 2.8034015 3.0046313 5.5203060 2.8962847 3.8454475 5.9533541 1.8725475 
Aque_Aqu2.1.26914_001                              2.1548773 2.0743158 2.1134670 2.0813711 1.9634257 1.9964746 2.1277078 1.9919537 2.0818926 2.1875269 2.2831391 2.0122943 2.2424462 2.2074307 2.1445949 2.1355081 1.9293729 2.0522497 2.0586966 2.1485588 2.2341218 1.8909480 1.9155948 1.9917810 1.9808015 1.9383872 1.9420199 1.9135865 1.9703127 2.1917823 2.2501446 2.1447322 1.9396475 2.2203476 0.0000000 0.5744303 0.4209174 1.5345317 1.5841845 1.1600019 1.0764515 2.4480664 2.3054536 2.3288867 1.9178688 1.8596937 3.0682007 2.8039927 2.7790804 3.0439093 3.0679272 3.0769939 2.7554038 3.7400210 2.8987172 3.3142469 4.3717808 2.5144786 
Xestes_maker-XT_scaffold5996-snap-gene-0.4-mRNA-1  2.3663635 2.9282513 2.3240762 2.1454269 1.9639794 1.6565397 2.4630175 2.4211787 2.3607704 2.3508185 2.3544613 2.2750568 2.1525202 2.8845120 2.4576412 1.9920839 1.8261197 2.2740870 2.1848577 2.5023495 2.4479307 2.3210064 2.3210064 2.6110651 2.6028699 2.3553421 2.3703383 2.4221070 2.1755750 2.3561684 2.4218759 2.0774104 1.5969434 2.8951041 0.5744303 0.0000000 0.6057927 1.6371635 1.6619361 1.3735375 1.0256428 3.1756684 3.2562278 1.9665296 2.0266903 1.6449288 4.3290326 3.8004402 2.2309206 4.0740760 4.0607459 3.9562573 3.8783968 4.2592156 4.3157748 3.4761386 4.4859715 1.3033854 
Halamb_c51710_g1_i4mm.4113                         2.2700605 2.1019848 2.0051989 2.2263084 2.1504258 1.9910876 2.3770245 2.2233763 2.1103912 2.2823805 2.3571652 2.2766697 2.2617907 2.3982770 2.2693248 2.2721401 1.8970162 2.1531989 2.1936051 2.3438603 2.3935837 1.8890434 1.9348393 2.0079562 1.9760895 2.0022002 2.0079124 1.9088013 2.0923817 2.1644653 2.5648001 2.1583516 1.7743231 2.2889005 0.4209174 0.6057927 0.0000000 1.5197476 1.4834940 1.1495396 1.1356160 2.5013558 2.4653561 2.2162697 1.8815726 1.9754521 3.1312226 3.3003058 2.7334111 3.2448399 3.4360395 3.4235438 3.0222635 4.2392748 3.2116084 3.1695636 4.9487819 2.3819809 
Emue_Em0023g820a.t1                                2.2102006 2.2407899 2.2000505 2.1656645 2.0132160 2.2111393 2.6087747 2.2018523 2.1553085 2.2727211 2.3547378 2.1367813 2.4915491 2.3208238 2.1520345 2.1654071 2.0201757 1.8857065 2.0358772 2.3007087 2.3633225 2.1853428 2.2281121 2.1371212 2.1331191 2.0572114 2.0625270 2.0135148 2.5960878 2.3104563 2.5148399 2.4076518 1.9491243 2.4481419 1.5345317 1.6371635 1.5197476 0.0000000 0.2631011 1.2802001 1.0445713 2.4875691 2.4693286 2.3862915 1.8424743 2.0216462 2.7892698 3.3555821 3.0068080 3.5077609 3.3255335 3.3580660 3.4633420 5.3953526 3.6681069 3.8590828 5.1494116 2.1619739 
Spolac_c98313_g1_i1_m.16927c98313-g1               2.2736769 2.3757833 2.2572371 2.2990101 2.0427370 2.2915555 2.8449669 2.4556322 2.2890585 2.3609674 2.5408378 2.2863589 2.6057423 2.3178777 2.1808775 2.4187944 2.1568407 2.1014719 2.2533413 2.5013845 2.4957064 2.2400856 2.2906837 2.2228672 2.2571872 2.0769105 2.0821941 2.0020777 2.6047791 2.4874307 2.8145174 2.5316778 1.8368310 2.5656550 1.5841845 1.6619361 1.4834940 0.2631011 0.0000000 1.3835429 1.1000845 2.7073910 2.6149651 2.6649335 1.8866022 2.1535008 2.7339156 3.4458642 3.2840819 3.5660431 3.4949622 3.4721717 3.3246508 5.3206236 3.6193367 3.8892012 5.0437003 2.1043436 
Tetwil_g3156.t1                                    2.1893513 2.0418840 2.1866149 2.1221361 1.8951197 2.0830083 2.3520030 2.1686302 2.1920554 2.3009029 2.3793512 2.2579609 2.4069468 2.1149845 2.0783147 2.1039737 1.8795461 2.1538126 2.2673928 2.2199472 2.0480374 2.1053536 2.1286981 2.1085516 2.0777647 2.0563961 2.0608176 1.9590159 2.4525503 2.1628480 2.5250751 2.3618577 1.7151634 2.2622296 1.1600019 1.3735375 1.1495396 1.2802001 1.3835429 0.0000000 0.8969221 2.3419128 2.3036120 2.3810369 2.1123859 1.9562809 3.0145837 3.4227864 2.5539912 3.1970357 3.3900605 3.4387929 3.1529076 4.8967380 3.5467494 3.7494857 4.9524659 2.4593563 
Stycar_maker-SC_scaffold2982-snap-gene-0.18-mRNA-1 1.8690211 1.8440823 1.5862048 1.7452018 1.4882248 3.8242568 1.8756497 2.0473782 1.7369555 1.8382607 2.2705463 1.9713011 2.4872454 1.4900761 1.4628784 1.7911840 0.0000010 1.5756792 1.6274598 1.8298709 1.6734754 1.9313878 1.9313878 1.8936820 1.8911680 1.7727527 1.7727527 1.0860643 1.7370888 1.9144076 1.9887125 2.1370980 1.0884990 1.7378632 1.0764515 1.0256428 1.1356160 1.0445713 1.1000845 0.8969221 0.0000000 2.4980909 1.8419668 7.8962883 1.7958040 1.3928281 2.3250972 2.1087694 1.1610517 2.1143533 2.3617614 2.3624564 2.3324249 9.0000000 2.2386811 0.0000010 5.6793630 1.5722961 
Ocar_g3862                                         2.7874946 2.4973903 2.5953925 2.6940831 2.4540732 1.9927893 3.2790500 2.4680117 2.4732271 2.5466198 2.4413428 2.6322895 2.7438205 2.4877432 2.6047518 2.9150952 2.6353560 2.8207447 2.7693332 3.3412761 2.8178837 2.4365041 2.5008214 2.5286587 2.5132668 2.5061452 2.5139341 2.4017936 2.6904052 3.0429354 3.5585118 2.7407879 2.2260851 3.3547566 2.4480664 3.1756684 2.5013558 2.4875691 2.7073910 2.3419128 2.4980909 0.0000000 0.1391879 1.4561957 3.0517751 2.6737232 4.2798565 4.5566477 3.4318768 4.5938957 4.5599231 4.4917084 4.0901165 5.2426690 4.8939328 4.5310167 5.9958095 3.2405422 
Opea_EP00118_Oscarella_pearsei_P009236             2.3064663 2.2630622 2.3878163 2.5032600 2.2130287 2.1846769 2.6807780 2.3814325 2.3199420 2.3391077 2.6854142 2.3607010 2.8691038 2.0589277 2.2152975 2.7481394 2.4810385 2.5091411 2.5322540 2.8261434 2.4399274 2.3999497 2.4444543 2.5471683 2.5452832 2.4527514 2.4580480 2.3706839 2.3327976 2.5848520 2.9057288 2.7012437 2.1245598 2.7164418 2.3054536 3.2562278 2.4653561 2.4693286 2.6149651 2.3036120 1.8419668 0.1391879 0.0000000 1.2063131 2.7351181 2.4518524 3.3500942 3.4632068 3.0213198 3.9197474 3.8069221 3.7777095 3.2704066 5.4532216 4.1162781 4.6454381 5.6971214 2.0188873 
Plajan_Pjan_scaffold10927_01                       2.2305883 2.4826203 2.3085725 2.3366936 2.2021640 2.1025183 2.6985163 2.0243157 2.0862372 2.2128727 2.1180096 2.1328640 2.0085560 2.2446081 2.3499640 2.6454351 2.3486057 2.7318148 2.6098766 2.8825161 2.4226187 2.0239509 2.1709009 2.3296566 2.3235713 2.2702789 2.2702789 2.3462423 2.4902323 2.2647472 2.4657266 2.2838758 2.0789543 2.8029079 2.3288867 1.9665296 2.2162697 2.3862915 2.6649335 2.3810369 7.8962883 1.4561957 1.2063131 0.0000000 2.5840291 2.3520812 3.1534584 3.8442452 4.1115654 4.2571240 3.6889810 3.8172715 3.2997670 4.1350401 3.9342766 3.9608755 4.0242817 3.4013391 
Plespi_Pspi_scaffold7048_01                        2.4446411 2.2122620 2.1509738 2.5491785 2.2998124 2.1634248 2.6848741 2.7475696 2.4844571 2.5489766 3.0671932 2.3802771 2.5945998 2.1089578 1.9411885 2.2856009 2.7470965 2.7560853 2.8448496 2.6547312 2.6666100 2.4161090 2.4447109 2.4834555 2.5646394 2.5062332 2.5171799 2.4999266 2.4725277 2.6623970 2.5979253 2.3954934 1.9637503 2.6395226 1.9178688 2.0266903 1.8815726 1.8424743 1.8866022 2.1123859 1.7958040 3.0517751 2.7351181 2.5840291 0.0000000 2.2965911 2.8387694 3.2398745 2.4681995 3.3789154 3.6001456 3.7186467 2.9355568 5.4456892 3.6788043 3.6721205 5.0408740 1.7534431 
Spur_XM_030972619.1                                2.1219936 1.9197590 1.9293466 1.7684652 1.9097007 1.9775795 2.9773212 2.1127260 2.2090699 2.3974219 2.3371101 2.1897891 2.0929267 2.4853211 2.3356914 2.1464892 2.3190352 2.5347842 2.6714441 2.4198592 2.0582935 2.1399897 2.1540283 2.4263426 2.3192184 2.1717145 2.1717145 2.3927965 2.1432740 2.7445339 2.9700762 2.8648369 2.2951819 2.3782967 1.8596937 1.6449288 1.9754521 2.0216462 2.1535008 1.9562809 1.3928281 2.6737232 2.4518524 2.3520812 2.2965911 0.0000000 2.8866222 3.5921145 2.7811430 3.4696685 3.3824328 3.2559622 3.8727989 4.4595858 3.2979697 2.9941713 4.5540240 3.8597046 
Tcas_TC005424_001                                  2.6507525 2.4873724 2.4419538 2.6061179 2.5463667 2.9513299 3.0610427 3.0639201 2.8074833 2.8942634 3.6548623 2.7807806 3.9898222 2.6987933 2.7067671 2.7267853 3.1506326 3.0606631 2.8151370 3.2753014 2.7406930 2.8956811 2.9834926 2.9143380 2.7955816 2.7452590 2.7520472 2.8816038 2.9761087 3.1038367 3.4018893 3.5161824 3.2307076 2.1435307 3.0682007 4.3290326 3.1312226 2.7892698 2.7339156 3.0145837 2.3250972 4.2798565 3.3500942 3.1534584 2.8387694 2.8866222 0.0000000 3.3288751 2.6493502 3.7897047 3.3525526 3.3575008 3.3763164 4.4048823 3.0724661 3.2454768 5.0491979 2.1895842 
Mlei_ML1295.g7.i1                                  3.0200409 2.9202648 2.6597677 3.3788821 2.8693157 4.1887758 3.6113605 3.3290757 3.2240041 3.3246970 3.8489483 3.3095728 3.5304452 2.3639552 2.2584397 2.8820418 3.9440850 3.0560276 3.1408702 3.4802908 2.9828418 3.0687775 3.1314352 3.1041320 3.0860733 2.9468319 2.9528511 4.0246008 2.6280065 3.2160211 3.5154741 3.4802572 4.2556353 2.8405537 2.8039927 3.8004402 3.3003058 3.3555821 3.4458642 3.4227864 2.1087694 4.5566477 3.4632068 3.8442452 3.2398745 3.5921145 3.3288751 0.0000000 0.4365382 0.8993866 1.1634705 1.1297957 0.9328469 1.5993023 1.0758145 1.4915179 1.0496036 2.7148924 
Bolinf_Binf_sb1185536                              3.3609399 2.6510754 3.0219870 3.4435400 2.8350232 3.4604567 5.7149964 3.2946269 3.1261520 3.2036471 3.3447975 3.1242586 3.7323993 2.9848556 2.5090949 2.9490632 2.9900146 2.9268441 3.1445605 3.2575791 2.8642466 3.1738115 3.5002580 3.5911321 3.6437367 3.4088936 3.4088936 3.5587922 3.2664013 2.7971848 8.2445209 2.8283836 2.9661126 2.9001698 2.7790804 2.2309206 2.7334111 3.0068080 3.2840819 2.5539912 1.1610517 3.4318768 3.0213198 4.1115654 2.4681995 2.7811430 2.6493502 0.4365382 0.0000000 0.9081009 1.2756437 1.2645355 1.0481547 1.2336693 1.4492864 1.4607799 0.5700854 6.6914540 
Beraby_Baby_sb325330                               3.0202675 2.9821702 3.0751767 3.6813671 3.0216163 4.0438179 3.7368336 3.4113691 3.4230827 3.6400045 3.7566351 3.5194306 3.9814946 3.2496070 2.9289632 3.3335065 3.4673451 3.1023504 3.0590509 3.3528432 3.3361203 3.1931396 3.3185066 3.2397112 3.2534840 3.1958331 3.1986484 4.0351039 3.0016577 3.4759771 3.3059383 3.6835403 4.2549509 3.5284875 3.0439093 4.0740760 3.2448399 3.5077609 3.5660431 3.1970357 2.1143533 4.5938957 3.9197474 4.2571240 3.3789154 3.4696685 3.7897047 0.8993866 0.9081009 0.0000000 1.1858913 1.1571192 1.1420004 1.8861798 1.4667313 1.4281592 1.2465895 3.9378174 
Pbac_sb2665199                                     3.1486093 2.7551326 2.8519899 3.0968001 2.9007790 3.7874862 3.2631883 3.0894425 3.0046634 3.1231568 3.5622672 3.0786235 3.3536502 2.6948430 2.4492693 2.9049895 3.5259962 3.2325414 3.1476893 3.3517874 3.0596438 2.9927559 3.0990916 2.9088900 2.9704452 2.8264940 2.8159909 4.1026839 2.8062935 3.0267074 3.3080969 3.1972757 3.4441445 2.7688607 3.0679272 4.0607459 3.4360395 3.3255335 3.4949622 3.3900605 2.3617614 4.5599231 3.8069221 3.6889810 3.6001456 3.3824328 3.3525526 1.1634705 1.2756437 1.1858913 0.0000000 0.0590840 1.0231294 2.1414199 1.4351204 1.8255880 1.3509727 2.1769412 
Horcal_Hcv1.av93.c6.g829.i1                        3.0949668 2.7721946 2.7650603 3.1490038 2.8809916 3.8636909 3.2545787 3.1014490 3.0169151 3.1472276 3.5564733 3.0782377 3.3846121 2.6902311 2.4412307 2.8557624 3.4879698 3.2566500 3.1655545 3.3295191 2.9627496 2.9284701 3.0339000 2.8930953 2.9353052 2.7465835 2.7543976 4.0804300 2.9352531 3.1133600 3.3360001 3.2132754 3.4575749 2.8034015 3.0769939 3.9562573 3.4235438 3.3580660 3.4721717 3.4387929 2.3624564 4.4917084 3.7777095 3.8172715 3.7186467 3.2559622 3.3575008 1.1297957 1.2645355 1.1571192 0.0590840 0.0000000 1.0214127 2.1946818 1.4300916 1.7981614 1.3540986 2.3194284 
Lampan_Lpan_8731_01                                2.8123507 2.8855235 2.8331156 3.0667153 2.7050854 3.9004286 3.1464284 3.0496382 2.8907336 2.9652138 3.7616892 2.9710098 3.5076057 2.1653058 2.1964934 2.8979800 3.7676614 2.9618341 2.7881084 2.9951884 3.0870563 2.8658647 2.8658647 2.9114326 2.9178384 2.7681203 2.7779334 4.3614220 2.9423242 2.9816635 3.7193583 3.3112098 3.2990280 3.0046313 2.7554038 3.8783968 3.0222635 3.4633420 3.3246508 3.1529076 2.3324249 4.0901165 3.2704066 3.2997670 2.9355568 3.8727989 3.3763164 0.9328469 1.0481547 1.1420004 1.0231294 1.0214127 0.0000000 1.6074928 1.0584713 1.5509110 1.2811215 2.3045459 
Coeast_Cast_sb749653                               4.4908751 4.7653057 4.4410954 4.9567595 4.7708588 3.3051550 7.4504154 4.5260156 4.7646099 4.7972757 4.7575905 4.8253693 4.1073315 3.9320467 3.3439080 4.6563286 4.0343080 4.9568320 4.6864247 5.0228947 5.2002902 4.8677582 4.8677582 4.8687791 5.0514494 4.5212739 4.5333913 4.3085296 5.6298682 4.6142646 6.5739878 5.6354068 4.6930532 5.5203060 3.7400210 4.2592156 4.2392748 5.3953526 5.3206236 4.8967380 9.0000000 5.2426690 5.4532216 4.1350401 5.4456892 4.4595858 4.4048823 1.5993023 1.2336693 1.8861798 2.1414199 2.1946818 1.6074928 0.0000000 0.1195219 1.0143606 1.8795956 8.6013351 
Coemet_Cmet_C598821_01                             2.9098873 2.7816397 2.9874779 3.2683659 2.8952670 3.1162978 3.7271809 3.3359119 3.2615991 3.3549940 3.7793119 3.2856029 3.6057551 2.3970791 2.3484502 2.9488623 3.4261904 3.3340960 3.2800615 3.5005465 3.2021251 3.3423285 3.4741498 3.2412185 3.2945193 3.1664802 3.1542533 3.6897085 3.2005080 3.2999333 4.0929537 3.7207708 3.8527798 2.8962847 2.8987172 4.3157748 3.2116084 3.6681069 3.6193367 3.5467494 2.2386811 4.8939328 4.1162781 3.9342766 3.6788043 3.2979697 3.0724661 1.0758145 1.4492864 1.4667313 1.4351204 1.4300916 1.0584713 0.1195219 0.0000000 1.1105539 1.9213871 2.8485545 
Vmul_sbMO386649                                    3.4879069 3.1097009 3.4379429 3.6999058 3.4576287 3.5554907 6.3668470 3.9401955 3.9483030 4.2142414 3.8974945 3.9678630 3.6215390 3.7616291 3.1434839 3.6237907 4.0224552 3.7295917 3.8994194 3.9504337 4.0269920 3.6759835 3.9210671 3.8434780 3.9388898 3.5701282 3.5701282 3.8873615 4.1212514 3.8114114 5.7419646 3.9709162 4.0640779 3.8454475 3.3142469 3.4761386 3.1695636 3.8590828 3.8892012 3.7494857 0.0000010 4.5310167 4.6454381 3.9608755 3.6721205 2.9941713 3.2454768 1.4915179 1.4607799 1.4281592 1.8255880 1.7981614 1.5509110 1.0143606 1.1105539 0.0000000 1.4304399 6.5036648 
Drygla_Dgla_sb285195                               4.2238752 4.1945987 4.1953469 3.9061174 3.8287499 4.0690022 5.2311789 4.3990735 4.4357261 4.4883999 4.1836568 4.4019818 3.3387779 4.6151671 3.9559378 4.3244585 5.7986999 4.6769933 4.6666066 4.7770332 5.1486391 4.1959800 4.1959800 4.3069404 4.3101805 3.8030155 3.8229233 4.2205678 4.8872222 4.3717889 5.1624500 4.5743235 4.3566937 5.9533541 4.3717808 4.4859715 4.9487819 5.1494116 5.0437003 4.9524659 5.6793630 5.9958095 5.6971214 4.0242817 5.0408740 4.5540240 5.0491979 1.0496036 0.5700854 1.2465895 1.3509727 1.3540986 1.2811215 1.8795956 1.9213871 1.4304399 0.0000000 4.0197411 
Acagra_model.g3123.t1                              1.8376670 1.3881263 1.5025970 1.7295029 1.3878487 4.7700741 1.9601632 1.9918603 1.7258068 1.6796754 4.4628094 1.7728695 2.8685689 1.8046167 1.8215746 1.7707600 5.9960438 2.5680692 2.8525668 2.1721744 1.9362585 2.2504869 2.2504869 2.3911659 2.2969349 2.4176890 2.4176890 4.0475934 1.5256017 2.2844985 2.2528468 2.7128565 3.9054833 1.8725475 2.5144786 1.3033854 2.3819809 2.1619739 2.1043436 2.4593563 1.5722961 3.2405422 2.0188873 3.4013391 1.7534431 3.8597046 2.1895842 2.7148924 6.6914540 3.9378174 2.1769412 2.3194284 2.3045459 8.6013351 2.8485545 6.5036648 4.0197411 0.0000000 
