56
Hsap_ENST00000261574                              0.0000000 0.6721916 0.8232320 0.8322428 0.9285141 0.9099311 0.8399164 0.8344357 0.8607212 0.7862704 0.8139803 0.8158364 0.8356587 0.9219989 1.0951579 1.1774674 1.2410763 1.2448953 1.2084764 0.8056593 1.1875179 1.1750988 1.2467735 1.2151385 1.2188032 1.2621043 1.2599422 0.9320619 0.9050958 0.9483747 0.9424477 0.9242719 0.9682461 0.9454219 1.3325966 1.3615595 1.1447392 1.1454326 1.3084567 1.0265438 0.9840151 1.1910896 1.2087455 1.1391130 1.0814603 1.2305805 1.2520126 1.2385252 1.4392967 1.4027427 1.3070227 1.6741743 1.8915765 1.7182644 1.6957778 1.4468688 
Bralan_BLAG14000394_1                             0.6721916 0.0000000 0.6574688 0.7305451 0.8477572 0.7977096 0.8166033 0.8005074 0.8063690 0.7584894 0.7810854 0.7691615 0.8057286 0.8482508 0.9929047 1.0500187 1.1911899 1.1334095 1.0880282 0.7744771 1.1558266 1.0967938 1.1895797 1.1653343 1.1647626 1.1927559 1.1905914 0.9271637 0.9030797 0.9624586 0.9706519 0.9552588 0.9667694 0.9754343 1.2931269 1.3156005 1.0813463 1.0294762 1.1987373 0.9263509 0.9329634 1.1051527 1.1289496 1.0454716 1.0460658 1.1366501 1.1592849 1.1585446 1.3692415 1.3633623 1.1835298 1.6430620 1.8263071 1.6019054 1.6272263 1.3912826 
Skow_XM_006813301.1                               0.8232320 0.6574688 0.0000000 0.6804739 0.8134355 0.8785424 0.9834069 0.9711910 0.9880293 0.7662823 0.8775052 0.8849248 0.9663927 0.8521061 0.9901369 1.1728511 1.2359628 1.2328579 1.2328579 1.0225875 1.2257671 1.2601417 1.1987807 1.2492417 1.2529606 1.2223885 1.2300904 1.0189108 0.9222333 1.0968429 1.1685432 0.9405465 0.9086334 1.0156897 1.3167282 1.2828661 1.4112393 0.9618976 1.0666415 1.0383945 1.1445511 1.2493272 1.3116882 1.2343563 0.8791332 1.2954173 1.2778693 1.2108970 1.5086305 1.5218847 1.4421895 2.1847857 2.1453482 1.8739921 2.0787946 1.8016765 
Spur_XM_030982140.1                               0.8322428 0.7305451 0.6804739 0.0000000 0.9593637 0.9027204 0.9154413 0.8985128 0.8909028 0.8635133 0.8808928 0.8761671 0.9104601 0.9474918 1.0959983 1.1101976 1.2400177 1.2189714 1.1572461 0.7923232 1.1889826 1.1345974 1.2081952 1.1804113 1.1783649 1.2582963 1.2659482 1.0233307 0.9896954 1.0057201 1.0513955 1.0286717 1.0604851 1.0527845 1.3235483 1.3434415 1.1845522 1.0925053 1.1959335 0.9915909 1.0290688 1.2764833 1.2866274 1.1667188 1.1666712 1.2925967 1.2993861 1.3236162 1.5387904 1.4920580 1.4638711 1.8369834 2.0616021 1.7878047 1.7767106 1.3490449 
Exapal_XM_021047002.1                             0.9285141 0.8477572 0.8134355 0.9593637 0.0000000 0.2417441 0.5141179 0.4966293 0.4882246 0.4665820 0.4812117 0.4816039 0.5204890 0.6791557 0.7770627 1.1277446 1.2882015 1.2378869 1.1786389 0.8064037 1.2303230 1.1464382 1.2217677 1.2280127 1.2219708 1.2477804 1.2437072 0.8481279 0.8488094 0.8795374 0.8842672 0.8591469 0.9159388 0.9103491 1.2778136 1.2998868 1.0443752 1.0701018 1.1814152 0.8913172 0.9682393 1.1123713 1.1333461 1.0373124 1.0730437 1.1643256 1.1931616 1.2436057 1.4468468 1.4040100 1.3154431 1.6599929 1.8316724 1.6402479 1.6135720 1.4459131 
Nvec_v1g235624                                    0.9099311 0.7977096 0.8785424 0.9027204 0.2417441 0.0000000 0.4857669 0.4662097 0.4584811 0.4214487 0.4373166 0.4426606 0.4720841 0.6750815 0.7989368 1.0968680 1.2351175 1.2007505 1.1300306 0.8001754 1.1814537 1.1267002 1.1986986 1.2323332 1.2263125 1.2318597 1.2318990 0.8296641 0.7899957 0.8500054 0.8738399 0.8437766 0.8814249 0.8758696 1.2445419 1.2792747 1.0725836 1.0450926 1.0955527 0.8960927 0.9688086 1.0901047 1.1057268 1.0606438 1.0377133 1.1425184 1.1711245 1.2003135 1.3657201 1.3424893 1.2899134 1.6693361 1.7452545 1.6086830 1.6475333 1.3667612 
Adig_XM_015896520.1                               0.8399164 0.8166033 0.9834069 0.9154413 0.5141179 0.4857669 0.0000000 0.0101161 0.1062045 0.1243388 0.1552148 0.1431525 0.1491093 0.6449481 0.7728567 1.1023120 1.2414828 1.2006787 1.1357762 0.7173590 1.2049745 1.1506929 1.2158129 1.1766370 1.1744793 1.2541744 1.2593115 0.7870837 0.7952631 0.7816393 0.8014834 0.8421770 0.8829239 0.8349275 1.2735874 1.2921889 1.0462581 1.0106247 1.1216496 0.8919439 0.8937002 1.1319938 1.1477404 1.0730217 1.1027507 1.1993282 1.1932634 1.2289426 1.4037925 1.3546070 1.2696658 1.6098031 1.6496559 1.5527940 1.5749374 1.3273726 
Amil_Amillepora24835-RA                           0.8344357 0.8005074 0.9711910 0.8985128 0.4966293 0.4662097 0.0101161 0.0000000 0.0988949 0.1108310 0.1436902 0.1309754 0.1371428 0.6290853 0.7561610 1.0654937 1.1995505 1.1701475 1.1038338 0.7259844 1.1613866 1.1062626 1.1978291 1.1520274 1.1473202 1.2463876 1.2513648 0.7645994 0.7709071 0.7633930 0.7808488 0.8091854 0.8533438 0.8191457 1.2671738 1.2798046 1.0466806 1.0106199 1.1120357 0.8897100 0.8601682 1.1103437 1.1248542 1.0527704 1.0643197 1.1722311 1.1651092 1.1936675 1.3932465 1.3464789 1.2437606 1.5948389 1.6720880 1.5464750 1.5596660 1.3133637 
Gfas_gfas1.m1.728.m1                              0.8607212 0.8063690 0.9880293 0.8909028 0.4882246 0.4584811 0.1062045 0.0988949 0.0000000 0.0974300 0.1231860 0.1172477 0.1024248 0.6143967 0.7253305 1.0303377 1.2027342 1.1611448 1.0889661 0.7148958 1.1439213 1.0874272 1.1691384 1.1319429 1.1261215 1.2064434 1.2133756 0.7607089 0.7740189 0.7462979 0.7933076 0.8185649 0.8407265 0.8041117 1.2696962 1.2983111 1.0294075 0.9886509 1.1264942 0.8658404 0.8561140 1.1007723 1.1148288 1.0310022 1.0479690 1.1485009 1.1464400 1.1896540 1.3821781 1.3336914 1.2332547 1.5940846 1.6472663 1.5654903 1.5418356 1.3693492 
Fspp_ffun1.m4.11201.m1                            0.7862704 0.7584894 0.7662823 0.8635133 0.4665820 0.4214487 0.1243388 0.1108310 0.0974300 0.0000000 0.0749467 0.0747535 0.0705913 0.5963855 0.7149538 0.9976302 1.1680296 1.1135669 1.0356621 0.5585123 1.1199265 1.0419905 1.1209066 1.0761791 1.0713096 1.1845206 1.1878829 0.7259813 0.7428657 0.7297068 0.8119698 0.7792318 0.8132082 0.7804952 1.2228473 1.2479597 0.9933323 0.9967785 1.0851442 0.8474757 0.8126153 1.0213410 1.0319632 0.9395764 1.0165789 1.0557294 1.0440489 1.0673363 1.3412487 1.2990703 1.2014278 1.5092916 1.4001173 1.5013851 1.4872816 1.1747806 
Spis_XP_022792367_1                               0.8139803 0.7810854 0.8775052 0.8808928 0.4812117 0.4373166 0.1552148 0.1436902 0.1231860 0.0749467 0.0000000 0.0221466 0.0823191 0.5958458 0.7223167 1.0461475 1.2201546 1.1515502 1.0825838 0.7044565 1.1502911 1.0868380 1.1625618 1.1318664 1.1262130 1.2095681 1.2079437 0.7405943 0.7664198 0.7528955 0.8111126 0.7996442 0.8442666 0.8005208 1.2650460 1.2676640 1.0351451 0.9926565 1.2290284 0.8814070 0.8608396 1.0579801 1.0755193 1.0043997 1.0038151 1.0908113 1.0956360 1.1295502 1.3717775 1.3264915 1.2574687 1.5611503 1.6381604 1.5128763 1.4871018 1.3095693 
Pocdam_XM_027192797.1                             0.8158364 0.7691615 0.8849248 0.8761671 0.4816039 0.4426606 0.1431525 0.1309754 0.1172477 0.0747535 0.0221466 0.0000000 0.0810670 0.5987389 0.7334466 1.0467758 1.2180170 1.1586797 1.0886377 0.7061444 1.1580718 1.0899535 1.1675462 1.1435365 1.1369647 1.2159957 1.2143591 0.7374129 0.7600604 0.7524287 0.8051351 0.8042376 0.8413950 0.8018082 1.2686092 1.2719928 1.0239254 0.9957503 1.1830803 0.8697714 0.8542302 1.0615081 1.0791894 1.0126501 1.0059735 1.0989549 1.1018096 1.1359776 1.3704597 1.3264081 1.2331604 1.5710432 1.6520629 1.5210806 1.5014576 1.3118161 
Gasp_gasp1.m3.12124.m1                            0.8356587 0.8057286 0.9663927 0.9104601 0.5204890 0.4720841 0.1491093 0.1371428 0.1024248 0.0705913 0.0823191 0.0810670 0.0000000 0.6314352 0.7471458 1.0741313 1.2577370 1.2073709 1.1322575 0.6895249 1.1864079 1.1193559 1.2034510 1.1570535 1.1528576 1.2459849 1.2493845 0.7473658 0.7814439 0.7438521 0.8068433 0.7714772 0.8622542 0.7853990 1.2751128 1.2798090 1.0305535 1.0066692 1.1656671 0.8658097 0.8899075 1.0945612 1.0889350 1.0175467 1.0264104 1.1227339 1.1298093 1.1744177 1.3704470 1.3216137 1.2587012 1.5992566 1.6375420 1.5483658 1.5345431 1.3234428 
Dgig_XM_028545600.1                               0.9219989 0.8482508 0.8521061 0.9474918 0.6791557 0.6750815 0.6449481 0.6290853 0.6143967 0.5963855 0.5958458 0.5987389 0.6314352 0.0000000 0.2665341 1.1455071 1.2812989 1.2721082 1.1933224 0.7125912 1.2381729 1.1452142 1.1959525 1.1993658 1.1924252 1.3052975 1.3047377 0.9189487 0.9261215 0.8927800 0.8643868 0.8951315 0.9086149 0.8905238 1.3762678 1.4156017 1.1295614 1.0635541 1.2343202 0.9454643 0.9683069 1.1576113 1.1493345 1.0641735 1.0729335 1.1954668 1.1911013 1.2113817 1.4773463 1.4304687 1.3056448 1.6982877 1.7331469 1.6065785 1.6894750 1.4643393 
Xesp_014538-T1                                    1.0951579 0.9929047 0.9901369 1.0959983 0.7770627 0.7989368 0.7728567 0.7561610 0.7253305 0.7149538 0.7223167 0.7334466 0.7471458 0.2665341 0.0000000 1.2060020 1.4415353 1.4039148 1.2974407 0.7995803 1.4042648 1.1961309 1.3831010 1.3486756 1.3440849 1.4724433 1.4724903 1.0093797 1.0434519 0.9079449 0.9392307 0.9925474 1.0181203 1.0025543 1.5210232 1.5439209 1.2487624 1.2117568 1.4393188 1.0301489 1.0101636 1.2292774 1.2106619 1.0582647 1.2080172 1.2920963 1.2834325 1.2881582 1.5986136 1.5413187 1.3900733 1.8778131 1.8328520 1.7456667 1.8084988 1.4801124 
Mlei_ML2140.g10.i1                                1.1774674 1.0500187 1.1728511 1.1101976 1.1277446 1.0968680 1.1023120 1.0654937 1.0303377 0.9976302 1.0461475 1.0467758 1.0741313 1.1455071 1.2060020 0.0000000 0.1450243 0.1424034 0.1424034 0.1725462 0.1687304 0.1322879 0.2648616 0.2540965 0.2513808 0.3679228 0.3647884 1.0414398 1.0879119 1.1700061 1.1022659 1.0439944 1.1551469 1.2133788 1.3672781 1.4189066 1.4003508 1.2024544 1.7026411 1.1957730 1.1228815 1.2388924 1.2664780 1.2393272 1.1094365 1.2921292 1.3316037 1.2508068 1.6663967 1.5792728 1.4242478 1.7154744 1.8348201 1.6496891 1.6516310 1.3799203 
Beraby_Baby_sb343109                              1.2410763 1.1911899 1.2359628 1.2400177 1.2882015 1.2351175 1.2414828 1.1995505 1.2027342 1.1680296 1.2201546 1.2180170 1.2577370 1.2812989 1.4415353 0.1450243 0.0000000 0.2158060 0.1939466 0.1888511 0.2273692 0.2113222 0.3339063 0.3146932 0.3133457 0.4136875 0.4126617 1.1625823 1.2121499 1.2312758 1.2125287 1.1500560 1.2459434 1.3153057 1.5129670 1.5793261 1.4514849 1.3658158 1.7757910 1.2467438 1.1431075 1.4247457 1.4547482 1.2725299 1.3311413 1.4622536 1.4822936 1.4441749 1.8093228 1.7291486 1.6429358 1.8360059 1.8907530 1.8284080 1.8903984 1.3507368 
Bolinf_Binf_sb1284233                             1.2448953 1.1334095 1.2328579 1.2189714 1.2378869 1.2007505 1.2006787 1.1701475 1.1611448 1.1135669 1.1515502 1.1586797 1.2073709 1.2721082 1.4039148 0.1424034 0.2158060 0.0000000 0.0000010 0.1555840 0.1609501 0.2113165 0.2663817 0.2586992 0.2523709 0.3805333 0.3787745 1.1729728 1.2284497 1.2370027 1.2382794 1.1671578 1.2538499 1.3233709 1.5127000 1.5390490 1.4370562 1.3404565 1.7539446 1.2448555 1.1276551 1.3614564 1.3890265 1.2455396 1.2734730 1.3870496 1.4217816 1.3822516 1.8256677 1.7366260 1.5954545 1.7966256 1.9150057 1.8088921 1.7672951 1.4507913 
Mertsp_Mesp_sb599534                              1.2084764 1.0880282 1.2328579 1.1572461 1.1786389 1.1300306 1.1357762 1.1038338 1.0889661 1.0356621 1.0825838 1.0886377 1.1322575 1.1933224 1.2974407 0.1424034 0.1939466 0.0000010 0.0000000 0.1555840 0.1498393 0.2113165 0.2455784 0.2480035 0.2413629 0.3556648 0.3538763 1.1058502 1.1533319 1.2370027 1.1640364 1.0878093 1.1946437 1.2718780 1.4329976 1.4686763 1.4370562 1.2542696 1.7539446 1.2448555 1.1276551 1.2850770 1.3109800 1.2455396 1.1683325 1.3187751 1.3446440 1.2987860 1.7234993 1.6429380 1.4929772 1.7294708 1.9150057 1.7118767 1.6975973 1.4507913 
Eupdun_Edun_sb10680672                            0.8056593 0.7744771 1.0225875 0.7923232 0.8064037 0.8001754 0.7173590 0.7259844 0.7148958 0.5585123 0.7044565 0.7061444 0.6895249 0.7125912 0.7995803 0.1725462 0.1888511 0.1555840 0.1555840 0.0000000 0.1494087 0.1842196 0.2051442 0.2080945 0.2044972 0.2678986 0.2678986 0.7230172 0.8007090 0.8127292 0.6138755 0.8432536 0.8618443 0.8772188 1.0368220 0.9877590 0.8979690 0.9399251 1.7656985 0.9185825 0.9006856 1.0351798 1.0239823 1.0097270 0.9287877 1.0542103 1.0347054 1.0480434 1.4002794 1.2704301 1.2054660 1.5472702 1.6183762 1.4810474 1.4713449 1.3617585 
Lampan_Lpan_2663_01                               1.1875179 1.1558266 1.2257671 1.1889826 1.2303230 1.1814537 1.2049745 1.1613866 1.1439213 1.1199265 1.1502911 1.1580718 1.1864079 1.2381729 1.4042648 0.1687304 0.2273692 0.1609501 0.1498393 0.1494087 0.0000000 0.2291883 0.2420572 0.2266302 0.2220465 0.3841960 0.3832579 1.1699800 1.1831506 1.2194059 1.2116214 1.1264774 1.2219615 1.2754008 1.4785105 1.5421974 1.3936266 1.3157273 1.6617538 1.2232555 1.1151716 1.3546637 1.3684016 1.2479396 1.2527160 1.4089964 1.4330380 1.3914316 1.7757492 1.6925373 1.6143779 1.7535843 1.8314691 1.7538026 1.7731677 1.3712971 
Drygla_Dgla_sb290050                              1.1750988 1.0967938 1.2601417 1.1345974 1.1464382 1.1267002 1.1506929 1.1062626 1.0874272 1.0419905 1.0868380 1.0899535 1.1193559 1.1452142 1.1961309 0.1322879 0.2113222 0.2113165 0.2113165 0.1842196 0.2291883 0.0000000 0.3022988 0.2979402 0.2948378 0.3946732 0.3915383 1.0027892 1.0518140 1.1478237 1.0752984 1.0199746 1.1646254 1.2040596 1.3185170 1.3673691 1.4043620 1.1890603 1.6765344 1.2277947 1.1524466 1.2231348 1.2421711 1.2497004 1.0738855 1.2864855 1.3158272 1.2418471 1.7029061 1.6074174 1.4542117 1.7138432 1.7808221 1.6353520 1.7520713 1.3978097 
Vmul_Simscaffold15932_01                          1.2467735 1.1895797 1.1987807 1.2081952 1.2217677 1.1986986 1.2158129 1.1978291 1.1691384 1.1209066 1.1625618 1.1675462 1.2034510 1.1959525 1.3831010 0.2648616 0.3339063 0.2663817 0.2455784 0.2051442 0.2420572 0.3022988 0.0000000 0.1257338 0.1243388 0.4448322 0.4414946 1.1928814 1.2089289 1.2461184 1.2221063 1.1566006 1.2431882 1.2447995 1.4726053 1.5194167 1.3946236 1.3142275 1.7002364 1.2403242 1.1254790 1.4265258 1.4372562 1.3114265 1.3454979 1.4648291 1.5197473 1.4911014 1.8415785 1.7467976 1.5859575 1.7899659 1.8806282 1.8208456 1.7975335 1.3894505 
Coeast_Cast_sb792668                              1.2151385 1.1653343 1.2492417 1.1804113 1.2280127 1.2323332 1.1766370 1.1520274 1.1319429 1.0761791 1.1318664 1.1435365 1.1570535 1.1993658 1.3486756 0.2540965 0.3146932 0.2586992 0.2480035 0.2080945 0.2266302 0.2979402 0.1257338 0.0000000 0.0087651 0.4405812 0.4396245 1.1680499 1.2043684 1.2389210 1.1826297 1.1561998 1.2201800 1.2614320 1.4578463 1.5107565 1.4100350 1.3023762 1.6689065 1.2228499 1.0827407 1.3896031 1.3931530 1.2881101 1.2871651 1.4252827 1.4533337 1.4365064 1.7992346 1.7079746 1.5621329 1.7394505 1.7711550 1.7572381 1.7546057 1.3780559 
Coemet_Cmet_C607634_01                            1.2188032 1.1647626 1.2529606 1.1783649 1.2219708 1.2263125 1.1744793 1.1473202 1.1261215 1.0713096 1.1262130 1.1369647 1.1528576 1.1924252 1.3440849 0.2513808 0.3133457 0.2523709 0.2413629 0.2044972 0.2220465 0.2948378 0.1243388 0.0087651 0.0000000 0.4350562 0.4341109 1.1634169 1.2031644 1.2338917 1.1906227 1.1587957 1.2202105 1.2587852 1.4528918 1.5056950 1.3991911 1.2962440 1.6660562 1.2180705 1.0764686 1.3867300 1.3901988 1.2835150 1.2825242 1.4220379 1.4478932 1.4317553 1.7902229 1.6990397 1.5562883 1.7375563 1.7792060 1.7587858 1.7493774 1.3746859 
Pbac_sb2646135                                    1.2621043 1.1927559 1.2223885 1.2582963 1.2477804 1.2318597 1.2541744 1.2463876 1.2064434 1.1845206 1.2095681 1.2159957 1.2459849 1.3052975 1.4724433 0.3679228 0.4136875 0.3805333 0.3556648 0.2678986 0.3841960 0.3946732 0.4448322 0.4405812 0.4350562 0.0000000 0.0029167 1.2313480 1.2558690 1.2896279 1.3512469 1.2584401 1.3265116 1.3287272 1.5218425 1.5784073 1.4763576 1.3795236 1.8031022 1.3038857 1.1556431 1.3904789 1.4246250 1.2861678 1.3281917 1.4527068 1.4946321 1.4862690 1.7949480 1.7177714 1.6423250 1.8530603 1.9814821 1.8228872 1.8688039 1.4330818 
Horcal_Hcv1.av93.c1.g1017.i1                      1.2599422 1.1905914 1.2300904 1.2659482 1.2437072 1.2318990 1.2593115 1.2513648 1.2133756 1.1878829 1.2079437 1.2143591 1.2493845 1.3047377 1.4724903 0.3647884 0.4126617 0.3787745 0.3538763 0.2678986 0.3832579 0.3915383 0.4414946 0.4396245 0.4341109 0.0029167 0.0000000 1.2323878 1.2548383 1.2952670 1.3491022 1.2599907 1.3329103 1.3351905 1.5237777 1.5806859 1.4757797 1.3813859 1.8008426 1.3037666 1.1577941 1.3967761 1.4312048 1.2909871 1.3306670 1.4570946 1.4992474 1.4918699 1.7923397 1.7155634 1.6421204 1.8591284 1.9857101 1.8260673 1.8663325 1.4330818 
Hvul_g16553_1                                     0.9320619 0.9271637 1.0189108 1.0233307 0.8481279 0.8296641 0.7870837 0.7645994 0.7607089 0.7259813 0.7405943 0.7374129 0.7473658 0.9189487 1.0093797 1.0414398 1.1625823 1.1729728 1.1058502 0.7230172 1.1699800 1.0027892 1.1928814 1.1680499 1.1634169 1.2313480 1.2323878 0.0000000 0.3389305 0.5195629 0.5990221 0.5703161 0.6402692 0.5971838 1.3709266 1.3995695 1.1438531 1.1277335 1.2809148 0.9584558 1.0114392 1.1421095 1.1771310 1.0517028 1.0580335 1.1493237 1.1963668 1.2064513 1.4372140 1.4050935 1.3282795 1.5925157 1.5295851 1.5800168 1.6156081 1.3427769 
Chem_TCONS_00056356                               0.9050958 0.9030797 0.9222333 0.9896954 0.8488094 0.7899957 0.7952631 0.7709071 0.7740189 0.7428657 0.7664198 0.7600604 0.7814439 0.9261215 1.0434519 1.0879119 1.2121499 1.2284497 1.1533319 0.8007090 1.1831506 1.0518140 1.2089289 1.2043684 1.2031644 1.2558690 1.2548383 0.3389305 0.0000000 0.5662468 0.6368212 0.5986668 0.6445355 0.6159775 1.4082924 1.4243646 1.1581381 1.1307530 1.3041820 0.9948665 1.0540932 1.1626355 1.2009754 1.0884629 1.1135048 1.2142759 1.2341896 1.2466200 1.4741707 1.4316990 1.3607403 1.7376210 1.6310470 1.6553264 1.6952071 1.3294962 
Morvir_scaffold332.g17.t1                         0.9483747 0.9624586 1.0968429 1.0057201 0.8795374 0.8500054 0.7816393 0.7633930 0.7462979 0.7297068 0.7528955 0.7524287 0.7438521 0.8927800 0.9079449 1.1700061 1.2312758 1.2370027 1.2370027 0.8127292 1.2194059 1.1478237 1.2461184 1.2389210 1.2338917 1.2896279 1.2952670 0.5195629 0.5662468 0.0000000 0.6906185 0.6347463 0.7059623 0.6130953 1.4416645 1.4551633 1.2380559 1.1791623 1.4449394 1.0499314 1.1273674 1.1942233 1.2175860 1.1244543 1.0670850 1.2258939 1.2227464 1.1806668 1.3867848 1.3983451 1.3633412 1.7335693 1.7622866 1.6231708 1.7565181 1.5503844 
Aaur_scaffold339.g2.t1                            0.9424477 0.9706519 1.1685432 1.0513955 0.8842672 0.8738399 0.8014834 0.7808488 0.7933076 0.8119698 0.8111126 0.8051351 0.8068433 0.8643868 0.9392307 1.1022659 1.2125287 1.2382794 1.1640364 0.6138755 1.2116214 1.0752984 1.2221063 1.1826297 1.1906227 1.3512469 1.3491022 0.5990221 0.6368212 0.6906185 0.0000000 0.1812743 0.2699624 0.2902290 1.4821142 1.4848275 0.9506283 1.2102084 1.6153617 1.0182323 0.9634931 1.2261049 1.2202218 1.0906142 1.1287061 1.2422377 1.2567864 1.2503609 1.4619486 1.4285546 1.2590827 1.7091572 1.6551051 1.7521769 1.7587832 1.0217378 
Nemnom_g5746.t1                                   0.9242719 0.9552588 0.9405465 1.0286717 0.8591469 0.8437766 0.8421770 0.8091854 0.8185649 0.7792318 0.7996442 0.8042376 0.7714772 0.8951315 0.9925474 1.0439944 1.1500560 1.1671578 1.0878093 0.8432536 1.1264774 1.0199746 1.1566006 1.1561998 1.1587957 1.2584401 1.2599907 0.5703161 0.5986668 0.6347463 0.1812743 0.0000000 0.0968803 0.2899586 1.4968533 1.4641082 0.9646217 1.2013208 1.7255556 1.0187087 1.0607768 1.2443966 1.2015484 1.1072415 1.1920542 1.2840752 1.2895140 1.3089186 1.4932335 1.4435471 1.3004943 1.7668725 1.7675593 1.7970878 1.7920109 1.3961543 
Rhoesc_Res_007416-T1                              0.9682461 0.9667694 0.9086334 1.0604851 0.9159388 0.8814249 0.8829239 0.8533438 0.8407265 0.8132082 0.8442666 0.8413950 0.8622542 0.9086149 1.0181203 1.1551469 1.2459434 1.2538499 1.1946437 0.8618443 1.2219615 1.1646254 1.2431882 1.2201800 1.2202105 1.3265116 1.3329103 0.6402692 0.6445355 0.7059623 0.2699624 0.0968803 0.0000000 0.3092598 1.4225673 1.4255597 1.2895426 1.1965612 1.2232038 1.0506780 1.0378690 1.2859321 1.2912544 1.1966690 1.2312522 1.3403808 1.3196248 1.3379890 1.4827369 1.4507669 1.3374035 1.7527533 1.6965651 1.7701062 1.7739042 1.4057299 
Sanmal_Sma_015284-T1                              0.9454219 0.9754343 1.0156897 1.0527845 0.9103491 0.8758696 0.8349275 0.8191457 0.8041117 0.7804952 0.8005208 0.8018082 0.7853990 0.8905238 1.0025543 1.2133788 1.3153057 1.3233709 1.2718780 0.8772188 1.2754008 1.2040596 1.2447995 1.2614320 1.2587852 1.3287272 1.3351905 0.5971838 0.6159775 0.6130953 0.2902290 0.2899586 0.3092598 0.0000000 1.4489764 1.4503374 1.2543845 1.2108341 1.2881563 1.0506198 1.0847524 1.2267616 1.2369860 1.1539900 1.1725883 1.2715400 1.2732910 1.2673821 1.4799800 1.4557572 1.3623633 1.7234240 1.6912992 1.7540304 1.7758593 1.4538613 
Aque_Aqu2.1.27356_001                             1.3325966 1.2931269 1.3167282 1.3235483 1.2778136 1.2445419 1.2735874 1.2671738 1.2696962 1.2228473 1.2650460 1.2686092 1.2751128 1.3762678 1.5210232 1.3672781 1.5129670 1.5127000 1.4329976 1.0368220 1.4785105 1.3185170 1.4726053 1.4578463 1.4528918 1.5218425 1.5237777 1.3709266 1.4082924 1.4416645 1.4821142 1.4968533 1.4225673 1.4489764 0.0000000 0.3094159 0.8097790 0.6986695 0.6607811 0.6442259 0.8676360 1.4890309 1.5107109 1.4106129 1.3372053 1.5274314 1.5247431 1.5391969 1.7536823 1.6651014 1.4892180 1.7306389 1.8584206 1.7354343 1.6916042 1.7267966 
Halamb_c52882_g1_i2mm.4848                        1.3615595 1.3156005 1.2828661 1.3434415 1.2998868 1.2792747 1.2921889 1.2798046 1.2983111 1.2479597 1.2676640 1.2719928 1.2798090 1.4156017 1.5439209 1.4189066 1.5793261 1.5390490 1.4686763 0.9877590 1.5421974 1.3673691 1.5194167 1.5107565 1.5056950 1.5784073 1.5806859 1.3995695 1.4243646 1.4551633 1.4848275 1.4641082 1.4255597 1.4503374 0.3094159 0.0000000 0.8265691 0.7141435 0.6806772 0.6312125 0.8884664 1.5320669 1.5400631 1.3798144 1.4109883 1.5637597 1.5593894 1.5528132 1.7122044 1.6167893 1.5164386 1.6998214 1.8077395 1.7236368 1.6714191 1.6475602 
Emue_Em0021g757a.t1                               1.1447392 1.0813463 1.4112393 1.1845522 1.0443752 1.0725836 1.0462581 1.0466806 1.0294075 0.9933323 1.0351451 1.0239254 1.0305535 1.1295614 1.2487624 1.4003508 1.4514849 1.4370562 1.4370562 0.8979690 1.3936266 1.4043620 1.3946236 1.4100350 1.3991911 1.4763576 1.4757797 1.1438531 1.1581381 1.2380559 0.9506283 0.9646217 1.2895426 1.2543845 0.8097790 0.8265691 0.0000000 0.4991890 0.7713838 0.2017720 0.6018658 1.3959172 1.4803366 1.3875935 0.8438542 1.4587924 1.4444661 1.2888381 1.8737250 1.6648039 1.5526965 1.8119802 2.1576423 1.8808236 1.7331345 1.4356640 
Tetwil_g6690.t2                                   1.1454326 1.0294762 0.9618976 1.0925053 1.0701018 1.0450926 1.0106247 1.0106199 0.9886509 0.9967785 0.9926565 0.9957503 1.0066692 1.0635541 1.2117568 1.2024544 1.3658158 1.3404565 1.2542696 0.9399251 1.3157273 1.1890603 1.3142275 1.3023762 1.2962440 1.3795236 1.3813859 1.1277335 1.1307530 1.1791623 1.2102084 1.2013208 1.1965612 1.2108341 0.6986695 0.7141435 0.4991890 0.0000000 0.2613755 0.3780143 0.6702704 1.3082083 1.3258800 1.2323274 1.2759442 1.3951680 1.4024010 1.4017991 1.5227931 1.4589903 1.3428503 1.6067611 1.7202346 1.6122197 1.5714639 1.5245929 
Stycar_maker-SC_scaffold1504-snap-gene-0.5-mRNA-1 1.3084567 1.1987373 1.0666415 1.1959335 1.1814152 1.0955527 1.1216496 1.1120357 1.1264942 1.0851442 1.2290284 1.1830803 1.1656671 1.2343202 1.4393188 1.7026411 1.7757910 1.7539446 1.7539446 1.7656985 1.6617538 1.6765344 1.7002364 1.6689065 1.6660562 1.8031022 1.8008426 1.2809148 1.3041820 1.4449394 1.6153617 1.7255556 1.2232038 1.2881563 0.6607811 0.6806772 0.7713838 0.2613755 0.0000000 0.3809928 0.6304394 1.6809923 1.8155179 1.7721341 7.6775420 1.8548401 1.8045462 1.9367781 1.8260648 1.7401670 1.3501918 1.7964205 1.8558170 1.6806564 1.6432211 2.6778454 
Spolac_c104136_g1_i1_m.38386c104136-g1            1.0265438 0.9263509 1.0383945 0.9915909 0.8913172 0.8960927 0.8919439 0.8897100 0.8658404 0.8474757 0.8814070 0.8697714 0.8658097 0.9454643 1.0301489 1.1957730 1.2467438 1.2448555 1.2448555 0.9185825 1.2232555 1.2277947 1.2403242 1.2228499 1.2180705 1.3038857 1.3037666 0.9584558 0.9948665 1.0499314 1.0182323 1.0187087 1.0506780 1.0506198 0.6442259 0.6312125 0.2017720 0.3780143 0.3809928 0.0000000 0.6173404 1.1829264 1.1959115 1.1754618 0.9247904 1.2214182 1.2018233 1.2225863 1.3518641 1.2813444 1.2077284 1.4842796 1.6022461 1.4722412 1.4805027 1.4806071 
Plespi_Pspi_scaffold19576_01                      0.9840151 0.9329634 1.1445511 1.0290688 0.9682393 0.9688086 0.8937002 0.8601682 0.8561140 0.8126153 0.8608396 0.8542302 0.8899075 0.9683069 1.0101636 1.1228815 1.1431075 1.1276551 1.1276551 0.9006856 1.1151716 1.1524466 1.1254790 1.0827407 1.0764686 1.1556431 1.1577941 1.0114392 1.0540932 1.1273674 0.9634931 1.0607768 1.0378690 1.0847524 0.8676360 0.8884664 0.6018658 0.6702704 0.6304394 0.6173404 0.0000000 1.2021425 1.2130272 1.2388842 1.1119672 1.2551401 1.3031636 1.2337712 1.2768142 1.2080280 1.1460214 1.5746278 1.7200798 1.5833769 1.4928650 1.4409781 
Tadh_TriadT51271                                  1.1910896 1.1051527 1.2493272 1.2764833 1.1123713 1.0901047 1.1319938 1.1103437 1.1007723 1.0213410 1.0579801 1.0615081 1.0945612 1.1576113 1.2292774 1.2388924 1.4247457 1.3614564 1.2850770 1.0351798 1.3546637 1.2231348 1.4265258 1.3896031 1.3867300 1.3904789 1.3967761 1.1421095 1.1626355 1.1942233 1.2261049 1.2443966 1.2859321 1.2267616 1.4890309 1.5320669 1.3959172 1.3082083 1.6809923 1.1829264 1.2021425 0.0000000 0.0062660 0.1523194 0.1382032 0.1390038 0.1553454 0.1659056 1.5343637 1.4784554 1.4495546 1.8447196 1.9829683 1.8185511 1.8013265 1.6717244 
TrH2_TrispH2_008144-RA                            1.2087455 1.1289496 1.3116882 1.2866274 1.1333461 1.1057268 1.1477404 1.1248542 1.1148288 1.0319632 1.0755193 1.0791894 1.0889350 1.1493345 1.2106619 1.2664780 1.4547482 1.3890265 1.3109800 1.0239823 1.3684016 1.2421711 1.4372562 1.3931530 1.3901988 1.4246250 1.4312048 1.1771310 1.2009754 1.2175860 1.2202218 1.2015484 1.2912544 1.2369860 1.5107109 1.5400631 1.4803366 1.3258800 1.8155179 1.1959115 1.2130272 0.0062660 0.0000000 0.1580593 0.1382032 0.1481902 0.1510669 0.1627620 1.5482747 1.4894883 1.4839248 1.8575742 2.0489003 1.8397264 1.8551287 1.6182212 
HoiH06_mRNA12602                                  1.1391130 1.0454716 1.2343563 1.1667188 1.0373124 1.0606438 1.0730217 1.0527704 1.0310022 0.9395764 1.0043997 1.0126501 1.0175467 1.0641735 1.0582647 1.2393272 1.2725299 1.2455396 1.2455396 1.0097270 1.2479396 1.2497004 1.3114265 1.2881101 1.2835150 1.2861678 1.2909871 1.0517028 1.0884629 1.1244543 1.0906142 1.1072415 1.1966690 1.1539900 1.4106129 1.3798144 1.3875935 1.2323274 1.7721341 1.1754618 1.2388842 0.1523194 0.1580593 0.0000000 0.0826399 0.0559836 0.0298165 0.0932826 1.4658735 1.4216641 1.3978335 1.8197977 1.8869640 1.7741381 1.7280940 1.6624745 
Hhon_g10270.t1                                    1.0814603 1.0460658 0.8791332 1.1666712 1.0730437 1.0377133 1.1027507 1.0643197 1.0479690 1.0165789 1.0038151 1.0059735 1.0264104 1.0729335 1.2080172 1.1094365 1.3311413 1.2734730 1.1683325 0.9287877 1.2527160 1.0738855 1.3454979 1.2871651 1.2825242 1.3281917 1.3306670 1.0580335 1.1135048 1.0670850 1.1287061 1.1920542 1.2312522 1.1725883 1.3372053 1.4109883 0.8438542 1.2759442 7.6775420 0.9247904 1.1119672 0.1382032 0.1382032 0.0826399 0.0000000 0.0237342 0.0833451 0.1285558 1.5642351 1.4962338 1.4008073 1.8856716 2.0526428 1.9151919 1.8520959 1.3415039 
HoiH04_mRNA10730                                  1.2305805 1.1366501 1.2954173 1.2925967 1.1643256 1.1425184 1.1993282 1.1722311 1.1485009 1.0557294 1.0908113 1.0989549 1.1227339 1.1954668 1.2920963 1.2921292 1.4622536 1.3870496 1.3187751 1.0542103 1.4089964 1.2864855 1.4648291 1.4252827 1.4220379 1.4527068 1.4570946 1.1493237 1.2142759 1.2258939 1.2422377 1.2840752 1.3403808 1.2715400 1.5274314 1.5637597 1.4587924 1.3951680 1.8548401 1.2214182 1.2551401 0.1390038 0.1481902 0.0559836 0.0237342 0.0000000 0.0678958 0.1106406 1.6192340 1.5626236 1.5198693 1.9133164 1.9600823 1.8986381 1.8482467 1.6344058 
HoiH23_PlH23_008505-RA                            1.2520126 1.1592849 1.2778693 1.2993861 1.1931616 1.1711245 1.1932634 1.1651092 1.1464400 1.0440489 1.0956360 1.1018096 1.1298093 1.1911013 1.2834325 1.3316037 1.4822936 1.4217816 1.3446440 1.0347054 1.4330380 1.3158272 1.5197473 1.4533337 1.4478932 1.4946321 1.4992474 1.1963668 1.2341896 1.2227464 1.2567864 1.2895140 1.3196248 1.2732910 1.5247431 1.5593894 1.4444661 1.4024010 1.8045462 1.2018233 1.3031636 0.1553454 0.1510669 0.0298165 0.0833451 0.0678958 0.0000000 0.0951700 1.6553265 1.5965494 1.5107166 1.9254530 1.8497586 1.9059023 1.8636498 1.6692500 
HoiH11_mRNA2389                                   1.2385252 1.1585446 1.2108970 1.3236162 1.2436057 1.2003135 1.2289426 1.1936675 1.1896540 1.0673363 1.1295502 1.1359776 1.1744177 1.2113817 1.2881582 1.2508068 1.4441749 1.3822516 1.2987860 1.0480434 1.3914316 1.2418471 1.4911014 1.4365064 1.4317553 1.4862690 1.4918699 1.2064513 1.2466200 1.1806668 1.2503609 1.3089186 1.3379890 1.2673821 1.5391969 1.5528132 1.2888381 1.4017991 1.9367781 1.2225863 1.2337712 0.1659056 0.1627620 0.0932826 0.1285558 0.1106406 0.0951700 0.0000000 1.7190046 1.6467211 1.5581577 2.0176561 2.0626742 1.9622407 1.9661258 1.6409590 
Ocar_g1269                                        1.4392967 1.3692415 1.5086305 1.5387904 1.4468468 1.3657201 1.4037925 1.3932465 1.3821781 1.3412487 1.3717775 1.3704597 1.3704470 1.4773463 1.5986136 1.6663967 1.8093228 1.8256677 1.7234993 1.4002794 1.7757492 1.7029061 1.8415785 1.7992346 1.7902229 1.7949480 1.7923397 1.4372140 1.4741707 1.3867848 1.4619486 1.4932335 1.4827369 1.4799800 1.7536823 1.7122044 1.8737250 1.5227931 1.8260648 1.3518641 1.2768142 1.5343637 1.5482747 1.4658735 1.5642351 1.6192340 1.6553265 1.7190046 0.0000000 0.0053296 0.8466203 1.8086412 1.6579767 1.8556915 1.8204740 1.9545897 
Opea_EP00118_Oscarella_pearsei_P005266            1.4027427 1.3633623 1.5218847 1.4920580 1.4040100 1.3424893 1.3546070 1.3464789 1.3336914 1.2990703 1.3264915 1.3264081 1.3216137 1.4304687 1.5413187 1.5792728 1.7291486 1.7366260 1.6429380 1.2704301 1.6925373 1.6074174 1.7467976 1.7079746 1.6990397 1.7177714 1.7155634 1.4050935 1.4316990 1.3983451 1.4285546 1.4435471 1.4507669 1.4557572 1.6651014 1.6167893 1.6648039 1.4589903 1.7401670 1.2813444 1.2080280 1.4784554 1.4894883 1.4216641 1.4962338 1.5626236 1.5965494 1.6467211 0.0053296 0.0000000 0.8299088 1.7902534 1.6222103 1.8263408 1.8011110 1.7758874 
Plajan_Pjan_scaffold7555_01                       1.3070227 1.1835298 1.4421895 1.4638711 1.3154431 1.2899134 1.2696658 1.2437606 1.2332547 1.2014278 1.2574687 1.2331604 1.2587012 1.3056448 1.3900733 1.4242478 1.6429358 1.5954545 1.4929772 1.2054660 1.6143779 1.4542117 1.5859575 1.5621329 1.5562883 1.6423250 1.6421204 1.3282795 1.3607403 1.3633412 1.2590827 1.3004943 1.3374035 1.3623633 1.4892180 1.5164386 1.5526965 1.3428503 1.3501918 1.2077284 1.1460214 1.4495546 1.4839248 1.3978335 1.4008073 1.5198693 1.5107166 1.5581577 0.8466203 0.8299088 0.0000000 1.5901664 1.5802116 1.6797394 1.6339089 1.6393600 
Scil_scict023734.1                                1.6741743 1.6430620 2.1847857 1.8369834 1.6599929 1.6693361 1.6098031 1.5948389 1.5940846 1.5092916 1.5611503 1.5710432 1.5992566 1.6982877 1.8778131 1.7154744 1.8360059 1.7966256 1.7294708 1.5472702 1.7535843 1.7138432 1.7899659 1.7394505 1.7375563 1.8530603 1.8591284 1.5925157 1.7376210 1.7335693 1.7091572 1.7668725 1.7527533 1.7234240 1.7306389 1.6998214 1.8119802 1.6067611 1.7964205 1.4842796 1.5746278 1.8447196 1.8575742 1.8197977 1.8856716 1.9133164 1.9254530 2.0176561 1.8086412 1.7902534 1.5901664 0.0000000 0.2964045 0.4052896 0.3575713 0.8107999 
Leuniv_Lniv_C811556_01                            1.8915765 1.8263071 2.1453482 2.0616021 1.8316724 1.7452545 1.6496559 1.6720880 1.6472663 1.4001173 1.6381604 1.6520629 1.6375420 1.7331469 1.8328520 1.8348201 1.8907530 1.9150057 1.9150057 1.6183762 1.8314691 1.7808221 1.8806282 1.7711550 1.7792060 1.9814821 1.9857101 1.5295851 1.6310470 1.7622866 1.6551051 1.7675593 1.6965651 1.6912992 1.8584206 1.8077395 2.1576423 1.7202346 1.8558170 1.6022461 1.7200798 1.9829683 2.0489003 1.8869640 2.0526428 1.9600823 1.8497586 2.0626742 1.6579767 1.6222103 1.5802116 0.2964045 0.0000000 0.3381333 0.3684136 0.9443015 
Lcom_lcpid27362                                   1.7182644 1.6019054 1.8739921 1.7878047 1.6402479 1.6086830 1.5527940 1.5464750 1.5654903 1.5013851 1.5128763 1.5210806 1.5483658 1.6065785 1.7456667 1.6496891 1.8284080 1.8088921 1.7118767 1.4810474 1.7538026 1.6353520 1.8208456 1.7572381 1.7587858 1.8228872 1.8260673 1.5800168 1.6553264 1.6231708 1.7521769 1.7970878 1.7701062 1.7540304 1.7354343 1.7236368 1.8808236 1.6122197 1.6806564 1.4722412 1.5833769 1.8185511 1.8397264 1.7741381 1.9151919 1.8986381 1.9059023 1.9622407 1.8556915 1.8263408 1.6797394 0.4052896 0.3381333 0.0000000 0.4767960 0.7311106 
Gracom_Gcom_C560870_01                            1.6957778 1.6272263 2.0787946 1.7767106 1.6135720 1.6475333 1.5749374 1.5596660 1.5418356 1.4872816 1.4871018 1.5014576 1.5345431 1.6894750 1.8084988 1.6516310 1.8903984 1.7672951 1.6975973 1.4713449 1.7731677 1.7520713 1.7975335 1.7546057 1.7493774 1.8688039 1.8663325 1.6156081 1.6952071 1.7565181 1.7587832 1.7920109 1.7739042 1.7758593 1.6916042 1.6714191 1.7331345 1.5714639 1.6432211 1.4805027 1.4928650 1.8013265 1.8551287 1.7280940 1.8520959 1.8482467 1.8636498 1.9661258 1.8204740 1.8011110 1.6339089 0.3575713 0.3684136 0.4767960 0.0000000 0.7891302 
Clacor_Ccor_scaffold545_01                        1.4468688 1.3912826 1.8016765 1.3490449 1.4459131 1.3667612 1.3273726 1.3133637 1.3693492 1.1747806 1.3095693 1.3118161 1.3234428 1.4643393 1.4801124 1.3799203 1.3507368 1.4507913 1.4507913 1.3617585 1.3712971 1.3978097 1.3894505 1.3780559 1.3746859 1.4330818 1.4330818 1.3427769 1.3294962 1.5503844 1.0217378 1.3961543 1.4057299 1.4538613 1.7267966 1.6475602 1.4356640 1.5245929 2.6778454 1.4806071 1.4409781 1.6717244 1.6182212 1.6624745 1.3415039 1.6344058 1.6692500 1.6409590 1.9545897 1.7758874 1.6393600 0.8107999 0.9443015 0.7311106 0.7891302 0.0000000 
