58
Hsap_ENST00000314103                                0.0000000 1.6037089 1.2588733 1.7544551 1.1937105 1.7716423 1.9249488 2.3219905 2.0935807 1.6416007 1.7498485 1.7937674 1.7551833 1.8706357 1.3517656 1.8330154 1.8633063 1.9019083 1.8688628 1.8884389 2.1840122 1.6875384 1.9380500 1.8257242 2.4913691 2.4786354 2.4927909 2.4103016 2.0689576 1.5988298 1.7178902 1.5863533 2.2326568 2.0266453 2.4504714 2.6876438 2.1262729 1.6307871 2.4484274 2.0886158 3.9491496 2.3309637 1.8245383 1.8128323 1.8451005 2.0411111 2.1478012 1.5625228 1.4920273 1.5450443 1.7374569 1.8760601 2.8530059 1.5570399 1.8663901 2.5775913 2.7231527 4.6035415 
Spur_XM_030995328.1                                 1.6037089 0.0000000 1.0880996 1.5903398 1.1952300 1.4728627 2.1270489 2.2404297 1.9425585 1.7106681 1.8300266 1.7595212 1.7814463 1.9182046 1.4312967 1.9027149 1.8535811 1.8371506 1.8404463 1.8164889 1.8866458 1.5410020 2.0639088 1.4590094 2.3007249 2.1796465 2.2195559 1.8663257 1.7104285 1.8369014 1.8173196 1.6183180 2.3665605 1.8471145 2.3645799 2.3229894 2.2879129 1.6804125 2.3290559 2.0103059 3.2959335 2.3043900 1.5808018 1.8071924 1.6608124 1.8762219 1.8357298 1.2753679 1.4062776 1.3863724 1.5367531 1.7962706 2.3493611 1.6955551 1.8851891 2.4667326 2.7053824 3.8464433 
Skow_XM_006811804.1                                 1.2588733 1.0880996 0.0000000 1.5650633 1.0534159 1.4050929 1.5363374 1.9515877 1.5967740 1.4518454 1.5051878 1.3979728 1.4841552 1.5857395 1.2796263 1.6562568 1.7416913 1.7017010 1.7238734 1.7155016 1.9143713 1.5649759 1.8708903 1.5698245 2.0221681 2.0439342 1.8965079 2.0394336 1.5871685 1.7612701 1.8663594 1.6284693 1.9308043 1.7778939 1.9135795 2.3873200 2.0589532 1.5603988 2.1069264 1.9754810 2.8143361 2.1675558 1.6299992 1.7098939 1.6515380 1.8881848 1.9255815 1.2018393 1.3979488 1.2136239 1.5121227 1.5552924 1.9261951 1.2263446 2.0060240 2.3347304 2.2472139 3.8818698 
Emue_Em0023g726a.t1                                 1.7544551 1.5903398 1.5650633 0.0000000 0.2130848 1.6888930 2.0399720 2.4327151 2.2357061 1.7483426 1.9665322 2.0315657 1.9452883 2.1661116 1.6780955 2.1840143 1.9526827 1.9575110 1.9458011 1.9510696 2.1852884 1.3940697 2.0936284 1.4502215 2.1246710 2.1799062 2.6918722 2.4331649 1.9837626 1.7645236 1.9878843 2.0600756 2.7342767 2.5901949 2.4923789 3.0243347 2.2250099 1.6687820 2.5570172 2.0136571 4.8034850 2.3965759 2.3827146 1.8282182 1.8724636 1.9965530 2.2353110 1.9080443 1.7923058 1.9197339 1.9966468 2.1939866 2.8163924 1.9055375 1.8384270 2.5873463 3.8173893 3.9395133 
Spolac_c98433_g1_i2_m.17178c94088-g1                1.1937105 1.1952300 1.0534159 0.2130848 0.0000000 1.0777039 1.3129525 2.1661008 1.4516573 1.1748013 1.3088615 1.3216196 1.2470029 1.4859947 1.5545872 1.5533873 1.4536208 1.4649047 1.5079776 1.4797657 1.6810009 1.3560909 1.4854643 1.0308222 1.2512127 1.2780084 1.7914082 1.4567476 0.8734603 1.5156902 1.6833287 1.5831089 2.0514917 2.0353794 1.7739918 2.0036076 2.5830911 1.6242078 1.8827839 1.6986796 0.0000010 1.7374684 1.5259468 1.0929597 1.6150840 1.4454502 1.4718144 1.3723838 1.3750808 1.3851819 1.7468686 1.5921969 2.1812682 1.6397658 1.5994214 1.9853236 1.7610441 4.7347514 
Exapal_XM_021036898.2                               1.7716423 1.4728627 1.4050929 1.6888930 1.0777039 0.0000000 1.0718500 1.3592422 1.1153540 0.9804787 0.9881320 0.9533552 1.0154830 1.1586498 1.2443555 1.7708849 1.6869254 1.6637679 1.6565320 1.6470721 1.8131788 1.2868134 1.8365141 1.4210969 1.9576082 2.0066904 2.0862072 1.8306543 1.9699687 1.7731232 1.8943202 1.7523724 2.3301240 2.0975640 2.3005763 2.3577191 2.2927938 1.6416367 2.2199957 1.9543483 3.2658056 2.2150889 1.9055828 1.8211640 1.5039665 1.7971631 1.4539987 1.7789212 1.9809241 1.8180817 1.7688386 2.1060295 2.5635938 1.9524544 1.7211599 2.2458977 3.3190809 4.1253579 
Nvec_v1g112997                                      1.9249488 2.1270489 1.5363374 2.0399720 1.3129525 1.0718500 0.0000000 1.5021043 1.3515684 1.1859444 1.3582241 1.3002458 1.3296832 1.5008033 1.1771592 1.7931423 1.8317150 1.8278783 1.8622989 1.8424983 1.9599206 1.5122338 2.0693323 1.5526611 2.3023328 2.2537960 2.3574983 2.0274378 1.9178040 1.9106716 1.8375890 1.8034270 2.4741209 2.2282580 2.3315299 2.6587863 2.3634714 1.7589735 2.3793160 2.0332462 3.3838039 2.2276371 1.8730220 2.3753523 1.6973966 2.1393761 1.9161927 2.0598922 1.8515631 1.9843293 1.9537540 2.3883142 2.7203946 2.0696523 2.0188274 2.6342990 2.9994947 5.0463804 
Adig_XM_015922450.1                                 2.3219905 2.2404297 1.9515877 2.4327151 2.1661008 1.3592422 1.5021043 0.0000000 0.1053396 0.7563316 0.8962060 0.8473056 0.9430375 1.1731075 1.5293731 2.1598644 2.2196840 2.1820794 2.2450414 2.2462961 2.2238624 1.6485923 2.3273747 1.7686258 2.3306362 2.7493504 3.0477456 2.0135670 2.0740593 2.3585892 2.4821959 2.1706727 2.6393210 2.3556104 2.6463637 2.7164263 2.2344210 2.0642161 2.9924367 2.6339874 3.3158861 2.9258046 2.4901912 2.2531486 2.2242753 2.4356300 2.1633272 2.1670375 2.4047055 2.2255739 2.4406427 2.6031479 3.0199054 2.3301306 2.3456174 2.8023035 3.1189376 4.5125383 
Amil_Amillepora19788-RA                             2.0935807 1.9425585 1.5967740 2.2357061 1.4516573 1.1153540 1.3515684 0.1053396 0.0000000 0.6050905 0.7438352 0.7097862 0.8192531 0.9233400 1.0627996 1.7701153 1.7878250 1.7570329 1.7632436 1.7648262 2.0504975 1.3641719 2.1240852 1.2432927 2.0597050 2.3282486 2.6799960 1.9341591 1.9915463 1.7378508 1.9469123 1.6945557 2.0444248 2.3209232 2.1412233 2.1805816 1.9258576 1.5127603 2.2682692 1.9849567 3.1834482 2.1693831 1.7926064 1.9218468 1.6288133 1.9819182 1.9360813 1.8224447 2.0713671 1.9145551 1.8920148 2.1852195 2.5430650 2.1253324 2.0438512 2.6190706 3.0200578 3.8492584 
Gfas_gfas1.m1.16886.m1                              1.6416007 1.7106681 1.4518454 1.7483426 1.1748013 0.9804787 1.1859444 0.7563316 0.6050905 0.0000000 0.5735134 0.5310651 0.6727720 0.7461976 1.0951130 1.6910846 1.5993855 1.5687670 1.5843243 1.5970182 1.7610292 1.2764111 1.9044973 1.3630265 2.1076486 2.1311191 2.2337728 1.7360298 1.7605834 1.5931929 1.6847422 1.6465756 2.2906092 2.1711146 2.2004875 2.3818397 2.1726167 1.5849510 2.1707992 1.9375825 2.9537953 2.0928415 1.7435657 1.8296365 1.5464818 1.8563550 1.7174516 1.7444913 1.8317097 1.9100259 1.7813143 2.1505525 2.4782940 1.7559587 1.9369023 2.5198885 3.1761062 4.3007015 
Fspp_ffun1.m4.11100.m1                              1.7498485 1.8300266 1.5051878 1.9665322 1.3088615 0.9881320 1.3582241 0.8962060 0.7438352 0.5735134 0.0000000 0.3765742 0.5412798 0.6217861 1.1279446 1.7365442 1.7245320 1.6849443 1.6777886 1.6742889 1.9325666 1.2928117 1.8044561 1.2435683 2.0413337 2.2537932 2.3660996 1.8234720 2.1502542 1.7529004 1.6589023 1.7116836 2.7888519 2.6351230 2.4090263 2.6984427 2.5761840 1.7932102 2.3727338 1.9717245 3.4845562 2.3981212 1.9187559 2.0788628 1.6213916 1.9911993 1.9107458 1.7866264 2.0348544 1.8308653 2.0492536 2.2814991 2.6129144 1.9811918 1.7804558 2.7636785 2.8628243 4.4933518 
Gasp_gasp1.m3.15200.m1                              1.7937674 1.7595212 1.3979728 2.0315657 1.3216196 0.9533552 1.3002458 0.8473056 0.7097862 0.5310651 0.3765742 0.0000000 0.5172081 0.5332756 1.1264526 1.7046025 1.6414047 1.6021353 1.6535423 1.6462255 1.7885429 1.2489023 1.8773640 1.4670367 2.2208143 2.3807752 2.3501733 1.7131407 1.8639503 1.6765233 1.7107443 1.6429802 2.5441146 2.1826046 2.3532296 2.5079029 2.3898138 1.6866375 2.3667644 2.0869818 3.0344497 2.3004236 1.8271327 1.9367570 1.5906526 1.9028031 1.6939736 1.8406599 2.0134917 1.8197566 1.9680637 2.1949639 2.5788088 1.8288927 1.8539396 2.6761308 2.7889970 4.2528404 
Spis_XP_022781339_1                                 1.7551833 1.7814463 1.4841552 1.9452883 1.2470029 1.0154830 1.3296832 0.9430375 0.8192531 0.6727720 0.5412798 0.5172081 0.0000000 0.2059159 1.1777052 1.7462808 1.7163656 1.6944792 1.7280481 1.7184510 1.9962957 1.3054036 1.9928815 1.2107182 2.1057446 2.2238873 2.3148682 1.8047641 1.8873158 1.7280455 1.6477260 1.6728700 2.3746090 2.2053832 2.3852848 2.6270581 2.3557736 1.7242319 2.4828819 2.1130173 3.7073029 2.4928081 1.8370029 2.0176858 1.5845324 1.9504950 1.8000884 1.8711170 1.9677885 1.9074338 1.9815978 2.1072582 2.6650073 1.8898332 1.9306357 2.4893157 3.1286428 4.3867969 
Pocdam_XM_027195798.1                               1.8706357 1.9182046 1.5857395 2.1661116 1.4859947 1.1586498 1.5008033 1.1731075 0.9233400 0.7461976 0.6217861 0.5332756 0.2059159 0.0000000 1.2328204 1.8913418 1.8245345 1.7885360 1.8503114 1.8404033 2.2473524 1.3761027 2.2872840 2.0085238 2.4418716 2.7411915 2.5382981 2.1277092 1.8999335 1.6900879 1.6566994 1.8327353 2.8198173 2.0854124 2.6065715 3.2374291 3.0177702 1.9271976 2.8479470 2.5110617 3.5659843 2.8128316 1.9148000 2.2037913 1.6356706 2.0051582 1.9046447 2.0416172 2.1228288 2.0588107 2.2978182 2.4089166 3.1044095 2.0210268 1.9903791 2.6490961 3.0882125 4.2903316 
Tadh_TriadT26010                                    1.3517656 1.4312967 1.2796263 1.6780955 1.5545872 1.2443555 1.1771592 1.5293731 1.0627996 1.0951130 1.1279446 1.1264526 1.1777052 1.2328204 0.0000000 0.0177558 0.2187387 0.2075413 0.2408759 0.2359520 0.2930772 1.3378715 1.4108205 1.4962138 1.4981499 1.5624230 1.7525200 1.5653272 1.8542741 1.9039494 1.9209589 1.6590231 1.9112658 1.8843531 1.8121791 1.9013613 2.4141102 1.6935409 1.8955797 1.8287566 1.8630802 1.8941429 2.2014098 1.6359597 1.6474905 1.5812103 1.4844338 1.4509912 1.5795168 1.4550977 1.6054188 1.5703003 2.1158946 1.5141573 1.7390353 2.1984971 1.7046858 4.6924244 
TrH2_TrispH2_003720-RA                              1.8330154 1.9027149 1.6562568 2.1840143 1.5533873 1.7708849 1.7931423 2.1598644 1.7701153 1.6910846 1.7365442 1.7046025 1.7462808 1.8913418 0.0177558 0.0000000 0.3109415 0.2945129 0.3270967 0.3187412 0.3748791 1.5443045 1.8963797 1.5832473 2.0137626 2.2266242 2.1468049 2.2639512 2.2552837 1.9381931 1.9330916 1.8158275 2.1856545 2.0920937 2.3254022 2.5949310 2.5010423 1.7936278 2.2469833 2.0332985 2.8640190 2.2703001 2.2824789 2.2856828 1.8458935 2.2388625 2.0120410 1.8375163 1.8423750 1.8480273 1.8817775 2.1526366 2.5872419 2.0125688 2.1144949 2.9485017 2.6882324 5.3012467 
HoiH06_mRNA9353                                     1.8633063 1.8535811 1.7416913 1.9526827 1.4536208 1.6869254 1.8317150 2.2196840 1.7878250 1.5993855 1.7245320 1.6414047 1.7163656 1.8245345 0.2187387 0.3109415 0.0000000 0.0648422 0.1850172 0.1833293 0.3200249 1.5150352 1.9546305 1.6246958 2.0832274 2.2547827 2.2321721 2.3829675 2.3516756 1.9742895 1.9397374 1.7489960 2.2294192 2.3695950 2.3441794 2.6596871 2.4111798 1.7563847 2.3328785 2.0242444 3.3589985 2.2707038 2.4012777 2.0957706 1.7123144 2.0981645 2.1852374 1.9542573 1.9529724 1.9036999 2.0104514 2.1173150 2.6879902 2.1319441 2.0334967 2.9544827 2.8808968 5.1100222 
HoiH23_PlH23_004343-RA                              1.9019083 1.8371506 1.7017010 1.9575110 1.4649047 1.6637679 1.8278783 2.1820794 1.7570329 1.5687670 1.6849443 1.6021353 1.6944792 1.7885360 0.2075413 0.2945129 0.0648422 0.0000000 0.1617284 0.1596664 0.2886206 1.4983871 1.8943670 1.5602741 1.9964248 2.1464308 2.1594431 2.3596374 2.2953837 1.9791965 1.9390220 1.7702908 2.1447587 2.3032144 2.2841562 2.6606608 2.3762397 1.7290854 2.2560266 1.9798728 3.2501470 2.2242851 2.2952969 2.0722092 1.7099933 2.0920054 2.1082819 1.9069057 1.9061523 1.9087404 2.0167004 2.1219552 2.6757974 2.0900383 2.0809050 2.9304862 2.7997112 4.9730952 
Hhon_g10753.t1                                      1.8688628 1.8404463 1.7238734 1.9458011 1.5079776 1.6565320 1.8622989 2.2450414 1.7632436 1.5843243 1.6777886 1.6535423 1.7280481 1.8503114 0.2408759 0.3270967 0.1850172 0.1617284 0.0000000 0.0037067 0.2946575 1.5508371 1.9049014 1.5940553 1.9333110 2.2298566 2.2363569 2.2984143 2.3071842 2.0539089 2.0560767 1.9041958 2.2531777 2.3934797 2.3364883 2.7419511 2.5180890 1.8689673 2.2842756 2.0182949 3.2084492 2.2658786 2.2996969 2.0813182 1.7124242 2.1903510 2.0561374 1.9362620 1.9680976 1.9898211 2.1034522 2.2309208 2.7312712 2.0966407 2.1544243 2.9369931 2.9972344 4.8926005 
HoiH04_mRNA4363                                     1.8884389 1.8164889 1.7155016 1.9510696 1.4797657 1.6470721 1.8424983 2.2462961 1.7648262 1.5970182 1.6742889 1.6462255 1.7184510 1.8404033 0.2359520 0.3187412 0.1833293 0.1596664 0.0037067 0.0000000 0.2898228 1.5325291 1.8803108 1.5940553 1.9285234 2.2201931 2.2081854 2.2854954 2.3071842 2.0569632 2.0591655 1.9041958 2.2198041 2.3558535 2.3123544 2.7141573 2.5120043 1.8648138 2.2616668 2.0160819 3.1048922 2.2165003 2.2996969 2.0761815 1.7346852 2.1745443 2.0670330 1.9309250 1.9597619 1.9690870 2.1006343 2.2054721 2.7112393 2.0678180 2.1473687 2.9464629 2.9766961 4.8229109 
HoiH11_mRNA4388                                     2.1840122 1.8866458 1.9143713 2.1852884 1.6810009 1.8131788 1.9599206 2.2238624 2.0504975 1.7610292 1.9325666 1.7885429 1.9962957 2.2473524 0.2930772 0.3748791 0.3200249 0.2886206 0.2946575 0.2898228 0.0000000 1.6390754 1.9499600 1.4684892 2.0433940 2.4355052 2.3066155 2.2717117 2.4799005 2.2461564 2.1931883 2.0228681 2.1918044 2.3256995 2.6205040 2.6968361 2.4679759 2.0559974 2.4057675 2.3063734 2.9025211 2.5010945 2.4050980 2.0517709 1.8866710 2.3739023 2.2149019 2.1837542 1.9401029 2.0472586 2.1236099 2.4781592 2.7240367 2.0946855 2.1671190 3.0709883 2.8198730 5.0535231 
Aque_Aqu2.1.33370_001                               1.6875384 1.5410020 1.5649759 1.3940697 1.3560909 1.2868134 1.5122338 1.6485923 1.3641719 1.2764111 1.2928117 1.2489023 1.3054036 1.3761027 1.3378715 1.5443045 1.5150352 1.4983871 1.5508371 1.5325291 1.6390754 0.0000000 1.5463883 1.4347602 1.5714010 1.6363339 1.8352869 1.6780106 1.8300421 1.6430373 1.6888378 1.6851205 2.0031927 1.8407717 2.0474596 2.2413942 2.1879730 1.6664986 2.2275936 1.9265143 2.4609942 2.1468462 1.6834873 1.3002671 1.6962087 1.6557915 1.7097947 1.7209597 1.7322235 1.6653695 1.6603194 1.6950325 2.1020164 1.7221578 1.5392082 2.0877668 2.3280506 3.3760567 
Chem_TCONS_00049121                                 1.9380500 2.0639088 1.8708903 2.0936284 1.4854643 1.8365141 2.0693323 2.3273747 2.1240852 1.9044973 1.8044561 1.8773640 1.9928815 2.2872840 1.4108205 1.8963797 1.9546305 1.8943670 1.9049014 1.8803108 1.9499600 1.5463883 0.0000000 1.1631548 1.5615138 1.4253401 1.7617486 2.1783285 2.1284856 2.1371556 2.0652307 1.7318342 2.4763422 2.4219622 2.5340773 2.5543646 2.4338126 1.8252501 2.3264216 2.2662083 3.1560932 2.3222507 2.0728873 2.3643654 1.7570888 2.3217893 2.2156032 2.0591640 2.2467036 2.1959181 2.3425056 2.4228780 2.7144542 2.2557829 2.0607499 2.9218038 1.6004052 3.8746141 
Aaur_scaffold1012.g1.t3                             1.8257242 1.4590094 1.5698245 1.4502215 1.0308222 1.4210969 1.5526611 1.7686258 1.2432927 1.3630265 1.2435683 1.4670367 1.2107182 2.0085238 1.4962138 1.5832473 1.6246958 1.5602741 1.5940553 1.5940553 1.4684892 1.4347602 1.1631548 0.0000000 0.3800597 0.3494902 1.2766626 1.5089943 2.5876908 2.4319910 2.3819039 2.4081701 2.4086237 3.9118175 2.3752840 2.3156839 2.4160905 2.1239206 2.4733532 2.5809707 8.9999980 2.6183671 2.5921098 1.6364331 1.8505834 1.8078734 1.3807531 1.7941902 1.8765117 1.9561195 1.9337719 1.7729028 1.8937854 1.8626552 2.3462985 2.0563247 2.5854825 4.5661588 
Rhoesc_Res_008318-T2                                2.4913691 2.3007249 2.0221681 2.1246710 1.2512127 1.9576082 2.3023328 2.3306362 2.0597050 2.1076486 2.0413337 2.2208143 2.1057446 2.4418716 1.4981499 2.0137626 2.0832274 1.9964248 1.9333110 1.9285234 2.0433940 1.5714010 1.5615138 0.3800597 0.0000000 0.9706230 1.8215755 2.1056225 2.1910947 2.3369198 2.2086621 2.4319300 2.7015478 2.5777116 2.6347321 2.9450243 2.6851211 1.9475804 2.6832435 2.2890186 3.5846817 2.6973921 2.2750074 2.3254986 1.8899962 2.3180899 2.1514249 2.3419213 2.1925245 2.1323471 2.1883027 2.5100668 2.7747115 2.3242602 2.0252247 2.9540414 2.7419971 2.5302879 
Sanmal_Sma_001580-T1                                2.4786354 2.1796465 2.0439342 2.1799062 1.2780084 2.0066904 2.2537960 2.7493504 2.3282486 2.1311191 2.2537932 2.3807752 2.2238873 2.7411915 1.5624230 2.2266242 2.2547827 2.1464308 2.2298566 2.2201931 2.4355052 1.6363339 1.4253401 0.3494902 0.9706230 0.0000000 1.7343279 2.3843046 3.1384410 2.4567149 2.4128749 2.5213421 2.8633214 3.0476272 2.9679204 3.3612989 3.0853535 2.1719823 2.8990082 2.6037848 4.1817810 2.8202445 2.6985109 2.4920804 2.0779720 2.8059145 2.5472114 2.4576219 2.4086497 2.4975534 2.3972104 2.7760899 3.1424894 2.6419545 2.0820950 3.6414085 2.9313700 3.1339413 
Morvir_scaffold76.g8.t1                             2.4927909 2.2195559 1.8965079 2.6918722 1.7914082 2.0862072 2.3574983 3.0477456 2.6799960 2.2337728 2.3660996 2.3501733 2.3148682 2.5382981 1.7525200 2.1468049 2.2321721 2.1594431 2.2363569 2.2081854 2.3066155 1.8352869 1.7617486 1.2766626 1.8215755 1.7343279 0.0000000 2.7586268 2.2405917 2.3312348 2.2835843 2.0299266 2.7161130 2.9138407 2.8730295 3.0755474 3.0649029 2.3505466 2.8646613 2.7311581 4.1061963 2.8937001 2.4747653 2.6205997 2.2129759 2.5920377 2.5272514 2.6256292 2.4742907 2.5842726 2.6167383 2.6996895 2.8743876 2.4088447 2.3199850 3.5188251 2.2876406 4.7249497 
Dgig_XM_028544102.1                                 2.4103016 1.8663257 2.0394336 2.4331649 1.4567476 1.8306543 2.0274378 2.0135670 1.9341591 1.7360298 1.8234720 1.7131407 1.8047641 2.1277092 1.5653272 2.2639512 2.3829675 2.3596374 2.2984143 2.2854954 2.2717117 1.6780106 2.1783285 1.5089943 2.1056225 2.3843046 2.7586268 0.0000000 1.8794509 2.2563232 2.1800594 1.9998059 2.6815968 2.5730569 2.8127305 2.9208872 2.4106862 2.2525373 2.9994887 2.9990666 3.1941387 2.9549468 2.2003176 2.0012434 1.9812221 2.4423098 1.0780839 2.2909139 2.5457824 2.3942784 2.3279408 2.2797644 2.7860937 2.1530262 2.1603224 3.1111796 2.9712322 4.2641154 
Clacor_Ccor_C538413_01                              2.0689576 1.7104285 1.5871685 1.9837626 0.8734603 1.9699687 1.9178040 2.0740593 1.9915463 1.7605834 2.1502542 1.8639503 1.8873158 1.8999335 1.8542741 2.2552837 2.3516756 2.2953837 2.3071842 2.3071842 2.4799005 1.8300421 2.1284856 2.5876908 2.1910947 3.1384410 2.2405917 1.8794509 0.0000000 1.4203559 1.6064642 1.4715137 2.0006212 2.1540753 2.1628831 1.9445893 1.8974712 1.9130921 2.2233507 2.2079378 1.9257575 2.1194442 1.7860273 2.0737356 1.6135395 1.6865734 1.5724316 1.8384685 1.9339620 2.0823842 1.9174667 2.2135420 1.7806627 1.8923428 1.8529843 2.3445843 2.3916823 4.4636670 
Lcom_lcpid55446                                     1.5988298 1.8369014 1.7612701 1.7645236 1.5156902 1.7731232 1.9106716 2.3585892 1.7378508 1.5931929 1.7529004 1.6765233 1.7280455 1.6900879 1.9039494 1.9381931 1.9742895 1.9791965 2.0539089 2.0569632 2.2461564 1.6430373 2.1371556 2.4319910 2.3369198 2.4567149 2.3312348 2.2563232 1.4203559 0.0000000 0.4027416 0.3546211 2.2935447 2.0729587 2.1991160 2.2986005 2.6230348 2.0222371 2.0852208 1.9653521 1.9842442 2.0454347 1.8723467 1.7465387 1.8570738 1.7882706 1.8871113 1.5401857 1.8476439 1.7967264 1.9095490 1.7715913 1.9648305 1.8172998 1.9831806 2.2575361 2.2866064 4.7124963 
Gracom_Gcom_scaffold8803_01                         1.7178902 1.8173196 1.8663594 1.9878843 1.6833287 1.8943202 1.8375890 2.4821959 1.9469123 1.6847422 1.6589023 1.7107443 1.6477260 1.6566994 1.9209589 1.9330916 1.9397374 1.9390220 2.0560767 2.0591655 2.1931883 1.6888378 2.0652307 2.3819039 2.2086621 2.4128749 2.2835843 2.1800594 1.6064642 0.4027416 0.0000000 0.4539497 2.1897059 1.7931355 2.1379151 2.1355723 2.6993930 2.0242525 2.0496616 2.0997254 1.8921667 2.1119394 1.7153324 1.7042801 1.8187175 1.7649379 1.8504791 1.7093114 1.8190017 1.7837281 1.7900092 1.7952871 2.1549787 2.0180597 1.8789249 2.1357845 1.8596557 4.1343768 
Leuniv_Lniv_C783097_01                              1.5863533 1.6183180 1.6284693 2.0600756 1.5831089 1.7523724 1.8034270 2.1706727 1.6945557 1.6465756 1.7116836 1.6429802 1.6728700 1.8327353 1.6590231 1.8158275 1.7489960 1.7702908 1.9041958 1.9041958 2.0228681 1.6851205 1.7318342 2.4081701 2.4319300 2.5213421 2.0299266 1.9998059 1.4715137 0.3546211 0.4539497 0.0000000 2.0035038 1.8536529 1.9638350 1.9795658 1.8845287 1.7742907 2.0078593 1.8128911 1.9704503 1.9830298 1.6502072 1.7399344 1.6983269 1.6213791 1.7325828 1.6516938 1.8168549 1.8475642 1.8120197 1.8918598 2.0704781 1.7435762 1.9887805 1.9494575 1.9036943 4.4572695 
Mlei_ML1747.g15.i1                                  2.2326568 2.3665605 1.9308043 2.7342767 2.0514917 2.3301240 2.4741209 2.6393210 2.0444248 2.2906092 2.7888519 2.5441146 2.3746090 2.8198173 1.9112658 2.1856545 2.2294192 2.1447587 2.2531777 2.2198041 2.1918044 2.0031927 2.4763422 2.4086237 2.7015478 2.8633214 2.7161130 2.6815968 2.0006212 2.2935447 2.1897059 2.0035038 0.0000000 0.1688043 0.5339580 0.6386457 0.6801020 0.6427875 0.6933446 0.7151536 1.2601198 0.8690544 0.7926417 2.4712964 2.2574503 2.4131453 2.6872047 2.3523736 2.4377353 2.4327470 2.6440803 2.3374592 2.9482043 2.1652305 2.5004408 3.1757000 2.8988608 4.2756638 
Bolinf_Binf_sb1224077                               2.0266453 1.8471145 1.7778939 2.5901949 2.0353794 2.0975640 2.2282580 2.3556104 2.3209232 2.1711146 2.6351230 2.1826046 2.2053832 2.0854124 1.8843531 2.0920937 2.3695950 2.3032144 2.3934797 2.3558535 2.3256995 1.8407717 2.4219622 3.9118175 2.5777116 3.0476272 2.9138407 2.5730569 2.1540753 2.0729587 1.7931355 1.8536529 0.1688043 0.0000000 0.4696275 0.5933811 0.5963810 0.5860897 0.6142819 0.7877281 0.6361360 0.7034864 0.7836928 1.9696728 2.0016787 2.3214742 2.6859575 2.3891846 2.1889050 2.3347956 2.6623990 2.0450391 2.9306464 2.1042321 1.9631004 2.2474906 2.3932746 4.0047665 
Beraby_Baby_sb339603                                2.4504714 2.3645799 1.9135795 2.4923789 1.7739918 2.3005763 2.3315299 2.6463637 2.1412233 2.2004875 2.4090263 2.3532296 2.3852848 2.6065715 1.8121791 2.3254022 2.3441794 2.2841562 2.3364883 2.3123544 2.6205040 2.0474596 2.5340773 2.3752840 2.6347321 2.9679204 2.8730295 2.8127305 2.1628831 2.1991160 2.1379151 1.9638350 0.5339580 0.4696275 0.0000000 0.7107191 0.8938716 0.5747342 0.6480630 0.7151740 1.5387892 0.8371836 0.8531217 2.5133227 2.2609044 2.5775050 2.8218583 2.2811212 2.4041032 2.3696454 2.4738509 2.4219549 2.9985015 2.4551643 2.5884096 3.3392062 3.4749484 4.7336807 
Drygla_Dgla_sb299436                                2.6876438 2.3229894 2.3873200 3.0243347 2.0036076 2.3577191 2.6587863 2.7164263 2.1805816 2.3818397 2.6984427 2.5079029 2.6270581 3.2374291 1.9013613 2.5949310 2.6596871 2.6606608 2.7419511 2.7141573 2.6968361 2.2413942 2.5543646 2.3156839 2.9450243 3.3612989 3.0755474 2.9208872 1.9445893 2.2986005 2.1355723 1.9795658 0.6386457 0.5933811 0.7107191 0.0000000 0.7105229 0.6563437 0.8433733 0.8969094 1.5910199 0.9746817 0.7147941 2.6049229 2.2607107 2.6860119 2.7010509 2.7006527 2.7102589 2.5145930 2.6715689 2.6231316 3.2663993 2.6240059 2.8521329 3.4995576 3.0972447 4.6554937 
Pbac_sb2655251                                      2.1262729 2.2879129 2.0589532 2.2250099 2.5830911 2.2927938 2.3634714 2.2344210 1.9258576 2.1726167 2.5761840 2.3898138 2.3557736 3.0177702 2.4141102 2.5010423 2.4111798 2.3762397 2.5180890 2.5120043 2.4679759 2.1879730 2.4338126 2.4160905 2.6851211 3.0853535 3.0649029 2.4106862 1.8974712 2.6230348 2.6993930 1.8845287 0.6801020 0.5963810 0.8938716 0.7105229 0.0000000 0.2289694 1.0811449 1.0126901 0.7604924 1.0046091 0.9512227 1.7519631 2.4526987 2.4020238 2.5531556 2.3640834 2.6973647 2.7137230 2.6162810 2.5700540 2.7497793 2.3244619 2.8493440 2.6174379 2.5011521 5.1073165 
Horcal_Hcv1.av93.c3.g928.i1                         1.6307871 1.6804125 1.5603988 1.6687820 1.6242078 1.6416367 1.7589735 2.0642161 1.5127603 1.5849510 1.7932102 1.6866375 1.7242319 1.9271976 1.6935409 1.7936278 1.7563847 1.7290854 1.8689673 1.8648138 2.0559974 1.6664986 1.8252501 2.1239206 1.9475804 2.1719823 2.3505466 2.2525373 1.9130921 2.0222371 2.0242525 1.7742907 0.6427875 0.5860897 0.5747342 0.6563437 0.2289694 0.0000000 0.7034409 0.6788748 0.7749963 0.6932205 0.8464179 1.6537923 1.9076571 1.8305227 2.0085714 1.7575218 1.8454244 1.9956426 2.0078488 2.0112265 2.1482733 1.9650188 2.2253680 2.2602511 2.4890059 4.3772017 
Lampan_Lpan_C418201_01                              2.4484274 2.3290559 2.1069264 2.5570172 1.8827839 2.2199957 2.3793160 2.9924367 2.2682692 2.1707992 2.3727338 2.3667644 2.4828819 2.8479470 1.8955797 2.2469833 2.3328785 2.2560266 2.2842756 2.2616668 2.4057675 2.2275936 2.3264216 2.4733532 2.6832435 2.8990082 2.8646613 2.9994887 2.2233507 2.0852208 2.0496616 2.0078593 0.6933446 0.6142819 0.6480630 0.8433733 1.0811449 0.7034409 0.0000000 0.6531066 1.4170607 0.7773466 0.8660255 2.7408742 2.2775844 2.5914529 2.6944172 2.0942284 2.4851131 2.4376017 2.4255682 2.3457830 2.9053258 2.4980547 2.7110932 3.5755685 3.4045247 5.0156573 
Vmul_Simscaffold14702_01                            2.0886158 2.0103059 1.9754810 2.0136571 1.6986796 1.9543483 2.0332462 2.6339874 1.9849567 1.9375825 1.9717245 2.0869818 2.1130173 2.5110617 1.8287566 2.0332985 2.0242444 1.9798728 2.0182949 2.0160819 2.3063734 1.9265143 2.2662083 2.5809707 2.2890186 2.6037848 2.7311581 2.9990666 2.2079378 1.9653521 2.0997254 1.8128911 0.7151536 0.7877281 0.7151740 0.8969094 1.0126901 0.6788748 0.6531066 0.0000000 0.8765140 0.4652283 1.0177730 2.2859533 2.0543869 2.2661318 2.3472533 2.2314444 2.1646978 2.4967888 2.3995320 2.2988331 2.9768174 2.5343974 2.4263044 3.0124507 3.1778134 4.4104592 
Coeast_Cast_sb785792                                3.9491496 3.2959335 2.8143361 4.8034850 0.0000010 3.2658056 3.3838039 3.3158861 3.1834482 2.9537953 3.4845562 3.0344497 3.7073029 3.5659843 1.8630802 2.8640190 3.3589985 3.2501470 3.2084492 3.1048922 2.9025211 2.4609942 3.1560932 8.9999980 3.5846817 4.1817810 4.1061963 3.1941387 1.9257575 1.9842442 1.8921667 1.9704503 1.2601198 0.6361360 1.5387892 1.5910199 0.7604924 0.7749963 1.4170607 0.8765140 0.0000000 0.0525299 0.8619768 3.2923302 2.2352135 3.8502218 3.2827213 2.9615570 3.0659541 3.1479656 3.1503630 3.5796632 4.2323818 3.1051853 2.4837144 3.9839788 3.7576591 4.4867724 
Coemet_Cmet_scaffold19006_01                        2.3309637 2.3043900 2.1675558 2.3965759 1.7374684 2.2150889 2.2276371 2.9258046 2.1693831 2.0928415 2.3981212 2.3004236 2.4928081 2.8128316 1.8941429 2.2703001 2.2707038 2.2242851 2.2658786 2.2165003 2.5010945 2.1468462 2.3222507 2.6183671 2.6973921 2.8202445 2.8937001 2.9549468 2.1194442 2.0454347 2.1119394 1.9830298 0.8690544 0.7034864 0.8371836 0.9746817 1.0046091 0.6932205 0.7773466 0.4652283 0.0525299 0.0000000 0.9835909 2.5185062 2.1950223 2.6435196 2.5062212 2.3429258 2.4574113 2.4689801 2.4922027 2.5891194 3.2548827 2.3784810 2.6251609 3.2609887 3.2881640 4.7132339 
Eupdun_Edun_sb10599715                              1.8245383 1.5808018 1.6299992 2.3827146 1.5259468 1.9055828 1.8730220 2.4901912 1.7926064 1.7435657 1.9187559 1.8271327 1.8370029 1.9148000 2.2014098 2.2824789 2.4012777 2.2952969 2.2996969 2.2996969 2.4050980 1.6834873 2.0728873 2.5921098 2.2750074 2.6985109 2.4747653 2.2003176 1.7860273 1.8723467 1.7153324 1.6502072 0.7926417 0.7836928 0.8531217 0.7147941 0.9512227 0.8464179 0.8660255 1.0177730 0.8619768 0.9835909 0.0000000 1.5739388 1.8379396 1.9376737 2.1474438 1.9624127 1.9270240 1.7793019 2.1655836 2.1012496 2.6835549 2.2017972 1.6525578 1.7840747 2.1839973 4.6577126 
Tetwil_g26903.t1                                    1.8128323 1.8071924 1.7098939 1.8282182 1.0929597 1.8211640 2.3753523 2.2531486 1.9218468 1.8296365 2.0788628 1.9367570 2.0176858 2.2037913 1.6359597 2.2856828 2.0957706 2.0722092 2.0813182 2.0761815 2.0517709 1.3002671 2.3643654 1.6364331 2.3254986 2.4920804 2.6205997 2.0012434 2.0737356 1.7465387 1.7042801 1.7399344 2.4712964 1.9696728 2.5133227 2.6049229 1.7519631 1.6537923 2.7408742 2.2859533 3.2923302 2.5185062 1.5739388 0.0000000 1.6857541 2.1912359 2.0589923 2.1979578 1.8495812 2.1038865 2.0321916 2.2040177 2.9907583 1.8444628 1.5625016 1.2666062 2.4514540 4.4597754 
Opea_EP00118_Oscarella_pearsei_P005225              1.8451005 1.6608124 1.6515380 1.8724636 1.6150840 1.5039665 1.6973966 2.2242753 1.6288133 1.5464818 1.6213916 1.5906526 1.5845324 1.6356706 1.6474905 1.8458935 1.7123144 1.7099933 1.7124242 1.7346852 1.8866710 1.6962087 1.7570888 1.8505834 1.8899962 2.0779720 2.2129759 1.9812221 1.6135395 1.8570738 1.8187175 1.6983269 2.2574503 2.0016787 2.2609044 2.2607107 2.4526987 1.9076571 2.2775844 2.0543869 2.2352135 2.1950223 1.8379396 1.6857541 0.0000000 1.1430042 1.6757733 1.8412998 1.9231602 1.8218697 1.6570282 1.7845592 2.3805009 1.9435632 1.7578180 2.7257204 2.0018269 3.6805784 
Plajan_Pjan_C566920_01                              2.0411111 1.8762219 1.8881848 1.9965530 1.4454502 1.7971631 2.1393761 2.4356300 1.9819182 1.8563550 1.9911993 1.9028031 1.9504950 2.0051582 1.5812103 2.2388625 2.0981645 2.0920054 2.1903510 2.1745443 2.3739023 1.6557915 2.3217893 1.8078734 2.3180899 2.8059145 2.5920377 2.4423098 1.6865734 1.7882706 1.7649379 1.6213791 2.4131453 2.3214742 2.5775050 2.6860119 2.4020238 1.8305227 2.5914529 2.2661318 3.8502218 2.6435196 1.9376737 2.1912359 1.1430042 0.0000000 2.0338436 2.1529946 1.9545699 2.0924508 1.8014749 2.0992508 2.7068416 2.1729246 2.0489015 2.4795315 3.1506103 4.4282909 
Xesp_022401-T1                                      2.1478012 1.8357298 1.9255815 2.2353110 1.4718144 1.4539987 1.9161927 2.1633272 1.9360813 1.7174516 1.9107458 1.6939736 1.8000884 1.9046447 1.4844338 2.0120410 2.1852374 2.1082819 2.0561374 2.0670330 2.2149019 1.7097947 2.2156032 1.3807531 2.1514249 2.5472114 2.5272514 1.0780839 1.5724316 1.8871113 1.8504791 1.7325828 2.6872047 2.6859575 2.8218583 2.7010509 2.5531556 2.0085714 2.6944172 2.3472533 3.2827213 2.5062212 2.1474438 2.0589923 1.6757733 2.0338436 0.0000000 1.8818679 2.1702959 2.1186765 1.9567681 2.1285971 2.7341204 2.1482038 2.0789760 2.8204677 3.1869013 4.2560734 
Ctel_gnl_WGS_AMQN_CAPTEDRAFT_mRNA226807             1.5625228 1.2753679 1.2018393 1.9080443 1.3723838 1.7789212 2.0598922 2.1670375 1.8224447 1.7444913 1.7866264 1.8406599 1.8711170 2.0416172 1.4509912 1.8375163 1.9542573 1.9069057 1.9362620 1.9309250 2.1837542 1.7209597 2.0591640 1.7941902 2.3419213 2.4576219 2.6256292 2.2909139 1.8384685 1.5401857 1.7093114 1.6516938 2.3523736 2.3891846 2.2811212 2.7006527 2.3640834 1.7575218 2.0942284 2.2314444 2.9615570 2.3429258 1.9624127 2.1979578 1.8412998 2.1529946 1.8818679 0.0000000 1.5219713 1.2964537 1.6614835 1.9218657 2.3152895 1.6738228 2.1358098 2.7771462 2.8354238 4.5016860 
Cgig_XM_034479092.1                                 1.4920273 1.4062776 1.3979488 1.7923058 1.3750808 1.9809241 1.8515631 2.4047055 2.0713671 1.8317097 2.0348544 2.0134917 1.9677885 2.1228288 1.5795168 1.8423750 1.9529724 1.9061523 1.9680976 1.9597619 1.9401029 1.7322235 2.2467036 1.8765117 2.1925245 2.4086497 2.4742907 2.5457824 1.9339620 1.8476439 1.8190017 1.8168549 2.4377353 2.1889050 2.4041032 2.7102589 2.6973647 1.8454244 2.4851131 2.1646978 3.0659541 2.4574113 1.9270240 1.8495812 1.9231602 1.9545699 2.1702959 1.5219713 0.0000000 1.0576028 1.6559482 1.7090502 2.2982919 1.7352331 2.0413306 2.9071284 2.8301665 5.1086556 
Acagra_model.g24797.t1.1.5d3b8b57                   1.5450443 1.3863724 1.2136239 1.9197339 1.3851819 1.8180817 1.9843293 2.2255739 1.9145551 1.9100259 1.8308653 1.8197566 1.9074338 2.0588107 1.4550977 1.8480273 1.9036999 1.9087404 1.9898211 1.9690870 2.0472586 1.6653695 2.1959181 1.9561195 2.1323471 2.4975534 2.5842726 2.3942784 2.0823842 1.7967264 1.7837281 1.8475642 2.4327470 2.3347956 2.3696454 2.5145930 2.7137230 1.9956426 2.4376017 2.4967888 3.1479656 2.4689801 1.7793019 2.1038865 1.8218697 2.0924508 2.1186765 1.2964537 1.0576028 0.0000000 1.6242254 1.7718787 2.2802300 1.7020706 2.0925678 3.0685473 2.5517722 4.0849423 
Dpul_mRNA9032                                       1.7374569 1.5367531 1.5121227 1.9966468 1.7468686 1.7688386 1.9537540 2.4406427 1.8920148 1.7813143 2.0492536 1.9680637 1.9815978 2.2978182 1.6054188 1.8817775 2.0104514 2.0167004 2.1034522 2.1006343 2.1236099 1.6603194 2.3425056 1.9337719 2.1883027 2.3972104 2.6167383 2.3279408 1.9174667 1.9095490 1.7900092 1.8120197 2.6440803 2.6623990 2.4738509 2.6715689 2.6162810 2.0078488 2.4255682 2.3995320 3.1503630 2.4922027 2.1655836 2.0321916 1.6570282 1.8014749 1.9567681 1.6614835 1.6559482 1.6242254 0.0000000 1.3248216 1.7866933 1.6465004 2.1313200 3.0322978 2.7816579 3.8748802 
Cscu_XM_023362248.1                                 1.8760601 1.7962706 1.5552924 2.1939866 1.5921969 2.1060295 2.3883142 2.6031479 2.1852195 2.1505525 2.2814991 2.1949639 2.1072582 2.4089166 1.5703003 2.1526366 2.1173150 2.1219552 2.2309208 2.2054721 2.4781592 1.6950325 2.4228780 1.7729028 2.5100668 2.7760899 2.6996895 2.2797644 2.2135420 1.7715913 1.7952871 1.8918598 2.3374592 2.0450391 2.4219549 2.6231316 2.5700540 2.0112265 2.3457830 2.2988331 3.5796632 2.5891194 2.1012496 2.2040177 1.7845592 2.0992508 2.1285971 1.9218657 1.7090502 1.7718787 1.3248216 0.0000000 1.9515683 1.9315064 2.4541509 3.2140698 2.7611099 4.8208280 
Tcas_TC000506_001                                   2.8530059 2.3493611 1.9261951 2.8163924 2.1812682 2.5635938 2.7203946 3.0199054 2.5430650 2.4782940 2.6129144 2.5788088 2.6650073 3.1044095 2.1158946 2.5872419 2.6879902 2.6757974 2.7312712 2.7112393 2.7240367 2.1020164 2.7144542 1.8937854 2.7747115 3.1424894 2.8743876 2.7860937 1.7806627 1.9648305 2.1549787 2.0704781 2.9482043 2.9306464 2.9985015 3.2663993 2.7497793 2.1482733 2.9053258 2.9768174 4.2323818 3.2548827 2.6835549 2.9907583 2.3805009 2.7068416 2.7341204 2.3152895 2.2982919 2.2802300 1.7866933 1.9515683 0.0000000 2.5630485 2.4138790 3.5611955 3.9091497 5.1431805 
Bralan_BLAG01000508_1                               1.5570399 1.6955551 1.2263446 1.9055375 1.6397658 1.9524544 2.0696523 2.3301306 2.1253324 1.7559587 1.9811918 1.8288927 1.8898332 2.0210268 1.5141573 2.0125688 2.1319441 2.0900383 2.0966407 2.0678180 2.0946855 1.7221578 2.2557829 1.8626552 2.3242602 2.6419545 2.4088447 2.1530262 1.8923428 1.8172998 2.0180597 1.7435762 2.1652305 2.1042321 2.4551643 2.6240059 2.3244619 1.9650188 2.4980547 2.5343974 3.1051853 2.3784810 2.2017972 1.8444628 1.9435632 2.1729246 2.1482038 1.6738228 1.7352331 1.7020706 1.6465004 1.9315064 2.5630485 0.0000000 2.2187946 2.7224254 2.8501246 4.6286585 
Plespi_Pspi_scaffold12354_01                        1.8663901 1.8851891 2.0060240 1.8384270 1.5994214 1.7211599 2.0188274 2.3456174 2.0438512 1.9369023 1.7804558 1.8539396 1.9306357 1.9903791 1.7390353 2.1144949 2.0334967 2.0809050 2.1544243 2.1473687 2.1671190 1.5392082 2.0607499 2.3462985 2.0252247 2.0820950 2.3199850 2.1603224 1.8529843 1.9831806 1.8789249 1.9887805 2.5004408 1.9631004 2.5884096 2.8521329 2.8493440 2.2253680 2.7110932 2.4263044 2.4837144 2.6251609 1.6525578 1.5625016 1.7578180 2.0489015 2.0789760 2.1358098 2.0413306 2.0925678 2.1313200 2.4541509 2.4138790 2.2187946 0.0000000 2.3305678 2.2033392 4.4683568 
Stycar_maker-SC_scaffold5347-snap-gene-0.171-mRNA-1 2.5775913 2.4667326 2.3347304 2.5873463 1.9853236 2.2458977 2.6342990 2.8023035 2.6190706 2.5198885 2.7636785 2.6761308 2.4893157 2.6490961 2.1984971 2.9485017 2.9544827 2.9304862 2.9369931 2.9464629 3.0709883 2.0877668 2.9218038 2.0563247 2.9540414 3.6414085 3.5188251 3.1111796 2.3445843 2.2575361 2.1357845 1.9494575 3.1757000 2.2474906 3.3392062 3.4995576 2.6174379 2.2602511 3.5755685 3.0124507 3.9839788 3.2609887 1.7840747 1.2666062 2.7257204 2.4795315 2.8204677 2.7771462 2.9071284 3.0685473 3.0322978 3.2140698 3.5611955 2.7224254 2.3305678 0.0000000 2.6476559 6.0560751 
Hvul_g2134_1                                        2.7231527 2.7053824 2.2472139 3.8173893 1.7610441 3.3190809 2.9994947 3.1189376 3.0200578 3.1761062 2.8628243 2.7889970 3.1286428 3.0882125 1.7046858 2.6882324 2.8808968 2.7997112 2.9972344 2.9766961 2.8198730 2.3280506 1.6004052 2.5854825 2.7419971 2.9313700 2.2876406 2.9712322 2.3916823 2.2866064 1.8596557 1.9036943 2.8988608 2.3932746 3.4749484 3.0972447 2.5011521 2.4890059 3.4045247 3.1778134 3.7576591 3.2881640 2.1839973 2.4514540 2.0018269 3.1506103 3.1869013 2.8354238 2.8301665 2.5517722 2.7816579 2.7611099 3.9091497 2.8501246 2.2033392 2.6476559 0.0000000 3.7712889 
Nemnom_g11092.t1                                    4.6035415 3.8464433 3.8818698 3.9395133 4.7347514 4.1253579 5.0463804 4.5125383 3.8492584 4.3007015 4.4933518 4.2528404 4.3867969 4.2903316 4.6924244 5.3012467 5.1100222 4.9730952 4.8926005 4.8229109 5.0535231 3.3760567 3.8746141 4.5661588 2.5302879 3.1339413 4.7249497 4.2641154 4.4636670 4.7124963 4.1343768 4.4572695 4.2756638 4.0047665 4.7336807 4.6554937 5.1073165 4.3772017 5.0156573 4.4104592 4.4867724 4.7132339 4.6577126 4.4597754 3.6805784 4.4282909 4.2560734 4.5016860 5.1086556 4.0849423 3.8748802 4.8208280 5.1431805 4.6286585 4.4683568 6.0560751 3.7712889 0.0000000 
