47
Hsap_ENST00000372538                                               0.0000000 1.3922222 1.0499052 1.4311984 1.4734689 2.5522056 1.5849808 1.5522282 1.5128700 1.5450480 1.4585152 2.0758661 1.6168502 1.8570116 1.7823036 2.0242487 1.0716638 1.5507895 1.4510458 1.5712940 1.4925319 2.3398455 4.8852354 1.6528089 1.3877623 1.5956387 2.1226990 1.7900770 1.8243994 2.0403175 1.9878478 2.5197715 2.4297465 2.1680401 2.0082230 3.3431487 3.3768809 2.7764894 2.8024317 2.5847207 2.5234677 2.7877491 2.6395160 7.1172555 6.7276848 7.2755500 6.0587578 
Bralan_BLAG10000144_1                                              1.3922222 0.0000000 1.0702838 1.3295580 1.2127947 1.9511792 1.6036016 1.4622454 1.4983933 1.6478855 1.4627985 1.7717192 1.4043131 1.4769951 1.2702387 1.5696522 0.9104032 1.5624878 1.4550040 1.6864709 1.6356465 2.0254279 3.5441343 1.3771537 1.4652698 1.3928582 1.9109543 1.5315095 1.5198581 1.8905272 1.5931887 1.9773925 2.0019398 2.2882997 2.3909331 2.5010258 2.4854198 2.3452206 2.3452206 2.0860615 2.5050580 2.6064024 2.3719747 7.3492855 6.0253332 7.9721115 5.8554017 
Cscu_XM_023363094.1                                                1.0499052 1.0702838 0.0000000 0.9743451 1.1033892 1.6197667 1.2162190 1.0626886 1.0866831 1.1984093 1.1334043 1.3135712 1.2684118 1.2618467 1.2417701 1.1921706 1.0284209 1.3757307 1.3450929 1.3702575 1.3177943 1.8941208 9.0000000 1.5351077 1.3091435 1.2651432 1.5764170 1.4080941 1.4608522 1.1619812 1.3626659 2.2061412 1.7611709 1.4035579 2.0558116 2.1784388 2.1528881 2.0722737 2.0722737 1.8958842 2.3064497 2.1304936 1.8651511 5.4563050 5.2037820 6.5356597 4.9498563 
Ctel_gnl_WGS_AMQN_CAPTEDRAFT_mRNA197491                            1.4311984 1.3295580 0.9743451 0.0000000 1.2753784 1.9915948 1.5334565 1.5302406 1.4700435 1.5167386 1.3735906 1.5670826 1.4290478 1.4656362 1.3268915 1.4202923 0.8560531 1.4431171 1.4014739 1.6254890 1.5711749 1.7776802 5.5265129 1.4320753 1.3738538 1.5793532 1.8710871 1.6159209 1.6331010 1.6322977 1.5184260 2.2705816 2.0245082 1.9378079 2.1551476 2.5936235 2.5752176 2.1448089 2.1448089 2.0207043 2.5308335 2.2419262 2.2013649 6.1260964 5.0706342 7.0652078 5.2162509 
Dgig_XM_028561159.1                                                1.4734689 1.2127947 1.1033892 1.2753784 0.0000000 1.0562344 1.3625706 1.3457720 1.2271841 1.3922795 1.2426295 1.3558976 1.2515419 1.1520716 1.3253543 1.3707260 0.7582647 1.1962243 1.0583166 1.3148694 1.1948803 1.5951381 4.1825989 1.1129201 1.3605381 1.2224909 1.7738733 1.4908100 1.5743032 1.6221367 1.4708298 1.5033924 1.5524022 2.5593281 2.3259334 2.1878370 2.1725236 2.0248201 2.0486386 1.9131448 2.2499358 2.2602590 2.0344109 5.9419766 5.3454657 6.2763477 5.2517111 
Xesp_024254-T1                                                     2.5522056 1.9511792 1.6197667 1.9915948 1.0562344 0.0000000 1.6945949 1.7992133 1.6361551 1.8733217 1.7869549 1.9617884 1.6165601 1.6415316 1.7151879 1.9766628 1.5401870 1.9537878 1.9892396 2.2317282 2.0736637 2.8520568 5.1786039 1.6508738 1.9106676 1.9996197 2.8020978 2.2836320 2.4766171 2.7396122 2.2770709 2.5890611 2.3066913 3.3260106 3.1010635 3.3632839 3.3805870 3.1622709 3.1971102 2.9123270 3.4021302 3.3596269 2.5519473 6.7427779 6.4399199 7.0546853 5.7442963 
Tadh_TriadT33791                                                   1.5849808 1.6036016 1.2162190 1.5334565 1.3625706 1.6945949 0.0000000 0.2485487 0.5024743 0.6166805 0.6012460 0.6026250 0.6440881 1.4763813 1.5360145 1.6474179 1.0253219 1.3290712 1.3538453 1.6473869 1.6497977 1.8585179 5.3554772 1.4324704 1.3207654 1.4097423 1.6495096 1.4951554 1.5231659 1.5101250 1.4820138 2.1628694 1.8138668 2.2919086 2.1435778 2.4423613 2.4250301 2.2092621 2.2092621 2.0278624 2.2544114 2.2104111 1.9283296 6.3323369 5.6115017 5.5536905 5.4410803 
TrH2_TrispH2_007451-RA                                             1.5522282 1.4622454 1.0626886 1.5302406 1.3457720 1.7992133 0.2485487 0.0000000 0.3875039 0.5663105 0.5449685 0.5654705 0.6054903 1.3826628 1.5200559 1.6386104 1.0401462 1.4606640 1.3913308 1.5720404 1.6291797 1.8404665 5.2136597 1.3010286 1.3612620 1.4726138 1.6463510 1.5357129 1.6499011 1.5486896 1.4656376 2.2238981 1.8845982 2.3370859 2.2822782 2.4411676 2.4239086 2.2514671 2.2514671 2.0700896 2.3594167 2.2581082 2.1295604 6.2456212 5.7634966 5.5924772 5.4075123 
HoiH06_mRNA8386                                                    1.5128700 1.4983933 1.0866831 1.4700435 1.2271841 1.6361551 0.5024743 0.3875039 0.0000000 0.6574489 0.6517947 0.7231310 0.6836180 1.4396736 1.6325353 1.5515123 1.0000433 1.5361929 1.5175614 1.8095371 1.7173659 2.0421496 8.9999985 1.4584232 1.2638017 1.2444825 1.6537814 1.5247477 1.5836421 1.4937024 1.3555116 2.1970629 2.1488627 2.6278054 2.3391558 2.5157646 2.5237846 2.1011652 2.1011652 2.0800487 2.3565390 2.3465017 2.0572169 5.9444992 5.3580132 5.6479941 5.6506717 
HoiH04_mRNA7459                                                    1.5450480 1.6478855 1.1984093 1.5167386 1.3922795 1.8733217 0.6166805 0.5663105 0.6574489 0.0000000 0.1704573 0.5926353 0.7606550 1.4361743 1.5310459 1.5025750 1.0280742 1.3406925 1.3844875 1.6236111 1.6048735 1.7307103 8.4931812 1.3919880 1.2468177 1.3018542 1.6987392 1.6978803 1.7314961 1.6997956 1.4965185 2.0856131 1.8931715 2.2987665 2.1283152 2.5020760 2.4825562 2.3191622 2.3191622 2.2192865 2.6503781 2.2814176 2.3180045 6.7871425 5.7699303 6.8028725 5.4113449 
HoiH11_mRNA3151                                                    1.4585152 1.4627985 1.1334043 1.3735906 1.2426295 1.7869549 0.6012460 0.5449685 0.6517947 0.1704573 0.0000000 0.5914023 0.6554523 1.3462768 1.4253492 1.4493021 1.0553593 1.2721094 1.3053902 1.4325991 1.3928965 1.6676875 6.0327700 1.3714807 1.1897772 1.2400029 1.5379263 1.5153548 1.5199468 1.5998035 1.3599589 2.0916359 1.7137410 2.0827264 2.0803197 2.4948042 2.4765519 2.3661336 2.3661336 2.2713263 2.3818048 2.0702653 2.0430055 6.5347227 5.8236814 6.3529660 5.3774961 
Hhon_g09624.t1                                                     2.0758661 1.7717192 1.3135712 1.5670826 1.3558976 1.9617884 0.6026250 0.5654705 0.7231310 0.5926353 0.5914023 0.0000000 0.3834302 1.3558522 1.8774640 1.9588217 1.0246046 1.6601242 1.5691532 1.8668518 1.7051303 1.9950785 4.7171639 1.4700881 1.5083118 1.5230562 2.1008864 1.6028283 1.6016411 1.9548071 1.8124894 2.3398873 1.6935574 2.4005431 2.6430355 2.8787515 2.8775296 2.5066888 2.5109719 2.3649627 2.6556032 2.6265515 2.5947908 7.1892061 6.3149642 6.8898983 5.6229658 
HoiH23_PlH23_004003-RA                                             1.6168502 1.4043131 1.2684118 1.4290478 1.2515419 1.6165601 0.6440881 0.6054903 0.6836180 0.7606550 0.6554523 0.3834302 0.0000000 1.2550566 1.4364332 1.4213227 1.1418932 1.4921562 1.4822865 1.6193904 1.5479324 1.5282136 2.9366912 1.7147257 1.1084550 1.1309143 1.5544492 1.3197581 1.3586460 1.5199264 1.3232722 2.1355090 1.6353411 2.1647798 2.0955028 2.4952289 2.4759762 1.9735784 1.9735784 2.0163681 2.0355140 1.9924497 1.8165753 6.8112162 5.0475514 6.1297717 5.3959825 
Nemnom_g11419.t1                                                   1.8570116 1.4769951 1.2618467 1.4656362 1.1520716 1.6415316 1.4763813 1.3826628 1.4396736 1.4361743 1.3462768 1.3558522 1.2550566 0.0000000 0.8112468 0.7574957 1.0197407 1.5719039 1.4964706 1.6374710 1.5908000 2.1367261 4.4902090 1.4567332 1.3977590 1.4217500 1.9543299 1.9295054 1.8320251 1.8854695 1.5922618 1.7663170 1.5543974 2.0692382 2.0325455 2.7196184 2.6998346 2.1144001 2.1144001 2.0074984 2.6442461 2.4208010 2.3445606 7.4486198 5.6384996 6.1597287 6.1209576 
Rhoesc_Res_015763-T1                                               1.7823036 1.2702387 1.2417701 1.3268915 1.3253543 1.7151879 1.5360145 1.5200559 1.6325353 1.5310459 1.4253492 1.8774640 1.4364332 0.8112468 0.0000000 0.8222853 0.9408026 1.6513468 1.4701557 1.5279145 1.5204004 1.9570824 2.9853311 1.2705960 1.5672183 1.4690340 1.9554021 1.7131346 1.7770951 1.9373939 1.8329115 1.4929673 1.6841479 2.1904907 2.5986750 2.9959549 2.9767534 2.3160733 2.3205673 2.2611184 2.6022514 2.3660716 2.3824825 7.2822292 5.8025620 7.1498055 5.7500286 
Sanmal_Sma_016754-T1                                               2.0242487 1.5696522 1.1921706 1.4202923 1.3707260 1.9766628 1.6474179 1.6386104 1.5515123 1.5025750 1.4493021 1.9588217 1.4213227 0.7574957 0.8222853 0.0000000 0.9433037 1.6269431 1.3983975 1.6391292 1.5965275 2.0430467 3.4294008 1.4823492 1.7649035 1.7394915 1.9809058 1.8029151 1.8544928 1.9935970 1.9732226 1.6694959 1.6169792 2.3690261 2.6477483 3.0003122 2.9747083 2.1944997 2.2210505 2.5281691 2.7444221 2.5990917 2.2879633 6.9806488 5.6441003 6.2600943 6.2778851 
Exapal_XM_028658934.1                                              1.0716638 0.9104032 1.0284209 0.8560531 0.7582647 1.5401870 1.0253219 1.0401462 1.0000433 1.0280742 1.0553593 1.0246046 1.1418932 1.0197407 0.9408026 0.9433037 0.0000000 0.6746547 0.6763631 0.8081838 0.7762208 1.0387075 0.8040677 0.9405714 0.9062775 0.9460291 1.5046312 1.2442837 1.2781373 1.2014258 1.1836678 1.5809702 1.2882124 1.6863955 2.0161219 2.2254280 2.2065243 1.9031730 1.9031730 1.7186617 2.1310430 1.9921272 1.9122967 5.5673807 4.7357955 5.7951761 4.3485145 
Fspp_ffun1.m4.28777.m1                                             1.5507895 1.5624878 1.3757307 1.4431171 1.1962243 1.9537878 1.3290712 1.4606640 1.5361929 1.3406925 1.2721094 1.6601242 1.4921562 1.5719039 1.6513468 1.6269431 0.6746547 0.0000000 0.4613767 0.5631245 0.4884117 1.0513079 1.5446793 0.9799569 1.3777960 1.5007571 1.9146416 1.5611109 1.5751373 1.9157358 1.6357485 1.9314546 1.7100026 2.4640968 2.9067003 2.8000421 2.7635311 2.4288784 2.4471086 2.2513745 2.6824423 2.3194359 2.2056025 5.8697064 5.7943891 6.7210980 5.5119941 
Gasp_gasp1.m3.6685.m1                                              1.4510458 1.4550040 1.3450929 1.4014739 1.0583166 1.9892396 1.3538453 1.3913308 1.5175614 1.3844875 1.3053902 1.5691532 1.4822865 1.4964706 1.4701557 1.3983975 0.6763631 0.4613767 0.0000000 0.6560699 0.6014823 1.0713035 1.5774222 0.9355041 1.4808658 1.4720345 1.9138670 1.6481583 1.7949389 1.8619903 1.6328085 1.9458432 1.5671402 2.5099708 2.6708281 3.0464031 3.0571360 2.5062627 2.5247924 2.5685672 2.8554284 2.4958057 2.4153864 6.0459530 5.9626126 6.8000473 5.1399050 
Spis_XP_022796123_1                                                1.5712940 1.6864709 1.3702575 1.6254890 1.3148694 2.2317282 1.6473869 1.5720404 1.8095371 1.6236111 1.4325991 1.8668518 1.6193904 1.6374710 1.5279145 1.6391292 0.8081838 0.5631245 0.6560699 0.0000000 0.1239746 1.1502311 1.8940487 1.0910710 1.5271264 1.6050888 1.9185101 1.7661291 1.8781134 1.9586540 1.6955959 2.1017159 1.7082271 2.3180084 2.7167320 3.2109271 3.1411200 2.6291424 2.6324137 2.5743151 2.8182697 2.4337903 2.2654781 7.0158181 6.0981537 7.2181239 5.6506688 
Pocdam_XM_027195712.1                                              1.4925319 1.6356465 1.3177943 1.5711749 1.1948803 2.0736637 1.6497977 1.6291797 1.7173659 1.6048735 1.3928965 1.7051303 1.5479324 1.5908000 1.5204004 1.5965275 0.7762208 0.4884117 0.6014823 0.1239746 0.0000000 1.0821364 1.8951559 0.9500078 1.4649447 1.4953720 1.9111394 1.6688471 1.7411339 1.7981703 1.6423166 2.0060379 1.6481164 2.1796365 2.7417821 3.1104497 3.0429541 2.5741726 2.5774872 2.5805845 2.7961421 2.4068526 2.2269533 6.7719145 6.0140174 6.9672649 5.9518997 
Adig_XM_015900577.1                                                2.3398455 2.0254279 1.8941208 1.7776802 1.5951381 2.8520568 1.8585179 1.8404665 2.0421496 1.7307103 1.6676875 1.9950785 1.5282136 2.1367261 1.9570824 2.0430467 1.0387075 1.0513079 1.0713035 1.1502311 1.0821364 0.0000000 0.0137002 1.5041711 1.8543036 2.1622516 2.3843776 2.1088710 2.2606690 2.1101293 2.2126331 2.5220402 2.2592886 2.8587945 3.7599016 3.4106501 3.3851620 3.0165206 2.9997609 3.0862866 3.3078738 3.0383587 2.8572499 7.3853238 6.7937626 8.9999987 7.1082558 
Amil_Amillepora19729-RA                                            4.8852354 3.5441343 9.0000000 5.5265129 4.1825989 5.1786039 5.3554772 5.2136597 8.9999985 8.4931812 6.0327700 4.7171639 2.9366912 4.4902090 2.9853311 3.4294008 0.8040677 1.5446793 1.5774222 1.8940487 1.8951559 0.0137002 0.0000000 9.0000000 3.2659891 3.7628005 3.4815969 3.8652338 3.7304049 4.1599951 3.5030853 3.1914567 2.9841072 7.0603813 5.3036719 3.7066344 3.7066344 5.2925493 5.0987530 4.9814150 5.3857330 4.5680109 4.5247374 6.9648890 7.4144519 8.9999982 5.3566002 
Nvec_NVE13747                                                      1.6528089 1.3771537 1.5351077 1.4320753 1.1129201 1.6508738 1.4324704 1.3010286 1.4584232 1.3919880 1.3714807 1.4700881 1.7147257 1.4567332 1.2705960 1.4823492 0.9405714 0.9799569 0.9355041 1.0910710 0.9500078 1.5041711 9.0000000 0.0000000 1.3664914 1.5514572 2.1942711 2.0592179 2.2035897 1.5974630 1.6761325 2.1231241 1.6814130 2.1167384 2.7588650 2.9062006 2.8958964 2.6173172 2.6173172 2.3985049 2.8355024 2.7479881 2.7337029 4.8501276 5.3766399 4.5747197 5.0991674 
Opea_EP00118_Oscarella_pearsei_P025390                             1.3877623 1.4652698 1.3091435 1.3738538 1.3605381 1.9106676 1.3207654 1.3612620 1.2638017 1.2468177 1.1897772 1.5083118 1.1084550 1.3977590 1.5672183 1.7649035 0.9062775 1.3777960 1.4808658 1.5271264 1.4649447 1.8543036 3.2659891 1.3664914 0.0000000 0.9389331 1.6123564 1.4125994 1.4768505 1.7818371 1.4832555 1.6733719 1.8814661 2.0738737 2.2461569 2.6686303 2.6444118 2.1257699 2.1399621 2.2105580 2.3959296 2.2371978 2.3544096 5.2772990 5.3421995 5.7083235 5.0178557 
Plajan_Pjan_C548905_01                                             1.5956387 1.3928582 1.2651432 1.5793532 1.2224909 1.9996197 1.4097423 1.4726138 1.2444825 1.3018542 1.2400029 1.5230562 1.1309143 1.4217500 1.4690340 1.7394915 0.9460291 1.5007571 1.4720345 1.6050888 1.4953720 2.1622516 3.7628005 1.5514572 0.9389331 0.0000000 1.5679787 1.3345049 1.3217859 1.6289387 1.4954669 1.7275585 2.1186175 2.0219782 2.5125070 2.6527877 2.6204358 2.1873329 2.1926431 2.1636753 2.1883925 2.4457640 2.4690261 7.4058876 6.3492573 6.9409930 5.1400426 
Aque_Aqu2.1.37443_001                                              2.1226990 1.9109543 1.5764170 1.8710871 1.7738733 2.8020978 1.6495096 1.6463510 1.6537814 1.6987392 1.5379263 2.1008864 1.5544492 1.9543299 1.9554021 1.9809058 1.5046312 1.9146416 1.9138670 1.9185101 1.9111394 2.3843776 3.4815969 2.1942711 1.6123564 1.5679787 0.0000000 1.0568442 0.9359904 1.4546053 0.9617190 2.2764736 2.6373092 2.6124724 2.6125619 2.8180134 2.7666849 2.5698109 2.5698109 2.3390191 2.4169413 2.2280232 2.1691201 6.1677371 4.8688412 5.5305906 4.7333689 
Emue_Em0001g1122a.t1                                               1.7900770 1.5315095 1.4080941 1.6159209 1.4908100 2.2836320 1.4951554 1.5357129 1.5247477 1.6978803 1.5153548 1.6028283 1.3197581 1.9295054 1.7131346 1.8029151 1.2442837 1.5611109 1.6481583 1.7661291 1.6688471 2.1088710 3.8652338 2.0592179 1.4125994 1.3345049 1.0568442 0.0000000 0.1913436 0.6635857 0.8183486 2.1655542 2.1694847 2.4920624 2.4266713 2.2939018 2.2885077 1.8768279 1.8768279 1.7761283 2.0300354 1.8013673 1.6025990 6.3781496 6.0913951 6.9372365 5.9291092 
Spolac_c98356_g1_i1_m.17009c98356-g1                               1.8243994 1.5198581 1.4608522 1.6331010 1.5743032 2.4766171 1.5231659 1.6499011 1.5836421 1.7314961 1.5199468 1.6016411 1.3586460 1.8320251 1.7770951 1.8544928 1.2781373 1.5751373 1.7949389 1.8781134 1.7411339 2.2606690 3.7304049 2.2035897 1.4768505 1.3217859 0.9359904 0.1913436 0.0000000 0.6597429 0.8152265 2.1616353 2.1215503 2.5388425 2.4050040 2.1997631 2.1836644 1.8736987 1.8736987 1.6487269 1.9175839 1.6702329 1.5420910 6.3963943 6.3154176 7.3230816 6.1959452 
Stycar_augustus_masked-SC_scaffold1739-processed-gene-0.9-mRNA-1   2.0403175 1.8905272 1.1619812 1.6322977 1.6221367 2.7396122 1.5101250 1.5486896 1.4937024 1.6997956 1.5998035 1.9548071 1.5199264 1.8854695 1.9373939 1.9935970 1.2014258 1.9157358 1.8619903 1.9586540 1.7981703 2.1101293 4.1599951 1.5974630 1.7818371 1.6289387 1.4546053 0.6635857 0.6597429 0.0000000 0.7723843 1.9017935 2.3619420 2.5093284 2.9673242 2.7169153 2.6940938 2.1830201 2.1882617 1.9835519 2.3092377 2.1670398 2.1928286 6.8330886 7.6252116 7.6606370 6.0545393 
Tetwil_g3935.t1                                                    1.9878478 1.5931887 1.3626659 1.5184260 1.4708298 2.2770709 1.4820138 1.4656376 1.3555116 1.4965185 1.3599589 1.8124894 1.3232722 1.5922618 1.8329115 1.9732226 1.1836678 1.6357485 1.6328085 1.6955959 1.6423166 2.2126331 3.5030853 1.6761325 1.4832555 1.4954669 0.9617190 0.8183486 0.8152265 0.7723843 0.0000000 2.0014251 2.0502356 2.6622726 2.4583489 2.3278577 2.3243794 1.8813837 1.8767019 1.7785873 2.0383739 2.0008893 1.9213737 6.0504923 5.9478661 6.3219914 4.9515221 
Hvul_g22983_1                                                      2.5197715 1.9773925 2.2061412 2.2705816 1.5033924 2.5890611 2.1628694 2.2238981 2.1970629 2.0856131 2.0916359 2.3398873 2.1355090 1.7663170 1.4929673 1.6694959 1.5809702 1.9314546 1.9458432 2.1017159 2.0060379 2.5220402 3.1914567 2.1231241 1.6733719 1.7275585 2.2764736 2.1655542 2.1616353 1.9017935 2.0014251 0.0000000 1.4279808 2.4328880 2.7711388 2.5400057 2.5150238 2.3183326 2.3183326 2.4211444 2.4454304 2.2994095 2.5211974 6.2271363 5.8481571 6.3745904 6.0069323 
Chem_TCONS_00012553                                                2.4297465 2.0019398 1.7611709 2.0245082 1.5524022 2.3066913 1.8138668 1.8845982 2.1488627 1.8931715 1.7137410 1.6935574 1.6353411 1.5543974 1.6841479 1.6169792 1.2882124 1.7100026 1.5671402 1.7082271 1.6481164 2.2592886 2.9841072 1.6814130 1.8814661 2.1186175 2.6373092 2.1694847 2.1215503 2.3619420 2.0502356 1.4279808 0.0000000 2.5885293 2.7289136 2.7652389 2.7972026 2.6580236 2.6618802 2.5744126 2.6757993 2.7985449 2.7542462 6.3679861 5.3323449 6.5876975 5.1491612 
Lcom_lcpid140222                                                   2.1680401 2.2882997 1.4035579 1.9378079 2.5593281 3.3260106 2.2919086 2.3370859 2.6278054 2.2987665 2.0827264 2.4005431 2.1647798 2.0692382 2.1904907 2.3690261 1.6863955 2.4640968 2.5099708 2.3180084 2.1796365 2.8587945 7.0603813 2.1167384 2.0738737 2.0219782 2.6124724 2.4920624 2.5388425 2.5093284 2.6622726 2.4328880 2.5885293 0.0000000 3.7743691 3.7052067 3.6937643 3.1122096 3.0954993 2.8116748 3.4139277 2.9649482 3.2250103 5.4741742 5.8303897 6.4314930 5.5339070 
Xestes_augustus_masked-XT_scaffold157711-processed-gene-0.9-mRNA-1 2.0082230 2.3909331 2.0558116 2.1551476 2.3259334 3.1010635 2.1435778 2.2822782 2.3391558 2.1283152 2.0803197 2.6430355 2.0955028 2.0325455 2.5986750 2.6477483 2.0161219 2.9067003 2.6708281 2.7167320 2.7417821 3.7599016 5.3036719 2.7588650 2.2461569 2.5125070 2.6125619 2.4266713 2.4050040 2.9673242 2.4583489 2.7711388 2.7289136 3.7743691 0.0000000 3.1461156 3.1438776 2.9435606 2.9708680 2.8110796 2.9829098 2.8995017 2.6868550 6.4751075 5.5236414 6.8234201 4.8753394 
Pbac_sb2661074                                                     3.3431487 2.5010258 2.1784388 2.5936235 2.1878370 3.3632839 2.4423613 2.4411676 2.5157646 2.5020760 2.4948042 2.8787515 2.4952289 2.7196184 2.9959549 3.0003122 2.2254280 2.8000421 3.0464031 3.2109271 3.1104497 3.4106501 3.7066344 2.9062006 2.6686303 2.6527877 2.8180134 2.2939018 2.1997631 2.7169153 2.3278577 2.5400057 2.7652389 3.7052067 3.1461156 0.0000000 0.0212289 1.2053707 1.2228037 1.1540591 1.3332551 1.3055959 1.3937089 5.6809747 5.0124988 4.8581012 5.2955661 
Horcal_Hcv1.av93.c7.g872.i1                                        3.3768809 2.4854198 2.1528881 2.5752176 2.1725236 3.3805870 2.4250301 2.4239086 2.5237846 2.4825562 2.4765519 2.8775296 2.4759762 2.6998346 2.9767534 2.9747083 2.2065243 2.7635311 3.0571360 3.1411200 3.0429541 3.3851620 3.7066344 2.8958964 2.6444118 2.6204358 2.7666849 2.2885077 2.1836644 2.6940938 2.3243794 2.5150238 2.7972026 3.6937643 3.1438776 0.0212289 0.0000000 1.1580540 1.1750347 1.1066587 1.3039355 1.2652923 1.3447429 5.5600973 4.9445649 4.8234852 5.1640862 
Bolinf_Binf_sb1242035                                              2.7764894 2.3452206 2.0722737 2.1448089 2.0248201 3.1622709 2.2092621 2.2514671 2.1011652 2.3191622 2.3661336 2.5066888 1.9735784 2.1144001 2.3160733 2.1944997 1.9031730 2.4288784 2.5062627 2.6291424 2.5741726 3.0165206 5.2925493 2.6173172 2.1257699 2.1873329 2.5698109 1.8768279 1.8736987 2.1830201 1.8813837 2.3183326 2.6580236 3.1122096 2.9435606 1.2053707 1.1580540 0.0000000 0.0000010 0.4678435 0.7146354 0.7309115 0.7072908 4.7416157 4.9664911 6.1504116 4.5996718 
Mertsp_Mesp_sb571564                                               2.8024317 2.3452206 2.0722737 2.1448089 2.0486386 3.1971102 2.2092621 2.2514671 2.1011652 2.3191622 2.3661336 2.5109719 1.9735784 2.1144001 2.3205673 2.2210505 1.9031730 2.4471086 2.5247924 2.6324137 2.5774872 2.9997609 5.0987530 2.6173172 2.1399621 2.1926431 2.5698109 1.8768279 1.8736987 2.1882617 1.8767019 2.3183326 2.6618802 3.0954993 2.9708680 1.2228037 1.1750347 0.0000010 0.0000000 0.4647802 0.7217030 0.7420303 0.7229884 4.7034991 4.9592717 6.0511739 4.5629528 
Lampan_Lpan_13240_01                                               2.5847207 2.0860615 1.8958842 2.0207043 1.9131448 2.9123270 2.0278624 2.0700896 2.0800487 2.2192865 2.2713263 2.3649627 2.0163681 2.0074984 2.2611184 2.5281691 1.7186617 2.2513745 2.5685672 2.5743151 2.5805845 3.0862866 4.9814150 2.3985049 2.2105580 2.1636753 2.3390191 1.7761283 1.6487269 1.9835519 1.7785873 2.4211444 2.5744126 2.8116748 2.8110796 1.1540591 1.1066587 0.4678435 0.4647802 0.0000000 0.8253753 0.7264802 0.7670786 5.6881962 5.9906280 5.7781114 4.2730343 
Beraby_Baby_sb343664                                               2.5234677 2.5050580 2.3064497 2.5308335 2.2499358 3.4021302 2.2544114 2.3594167 2.3565390 2.6503781 2.3818048 2.6556032 2.0355140 2.6442461 2.6022514 2.7444221 2.1310430 2.6824423 2.8554284 2.8182697 2.7961421 3.3078738 5.3857330 2.8355024 2.3959296 2.1883925 2.4169413 2.0300354 1.9175839 2.3092377 2.0383739 2.4454304 2.6757993 3.4139277 2.9829098 1.3332551 1.3039355 0.7146354 0.7217030 0.8253753 0.0000000 0.8700837 0.9804936 5.8226064 4.7604221 5.8843398 5.2744123 
Vmul_SimC397258                                                    2.7877491 2.6064024 2.1304936 2.2419262 2.2602590 3.3596269 2.2104111 2.2581082 2.3465017 2.2814176 2.0702653 2.6265515 1.9924497 2.4208010 2.3660716 2.5990917 1.9921272 2.3194359 2.4958057 2.4337903 2.4068526 3.0383587 4.5680109 2.7479881 2.2371978 2.4457640 2.2280232 1.8013673 1.6702329 2.1670398 2.0008893 2.2994095 2.7985449 2.9649482 2.8995017 1.3055959 1.2652923 0.7309115 0.7420303 0.7264802 0.8700837 0.0000000 0.6115817 6.2987553 5.3927784 6.1533570 4.9169983 
Coemet_Cmet_scaffold14991_01                                       2.6395160 2.3719747 1.8651511 2.2013649 2.0344109 2.5519473 1.9283296 2.1295604 2.0572169 2.3180045 2.0430055 2.5947908 1.8165753 2.3445606 2.3824825 2.2879633 1.9122967 2.2056025 2.4153864 2.2654781 2.2269533 2.8572499 4.5247374 2.7337029 2.3544096 2.4690261 2.1691201 1.6025990 1.5420910 2.1928286 1.9213737 2.5211974 2.7542462 3.2250103 2.6868550 1.3937089 1.3447429 0.7072908 0.7229884 0.7670786 0.9804936 0.6115817 0.0000000 6.9675268 5.6044872 6.4583050 5.1375154 
Scil_scict016445.1                                                 7.1172555 7.3492855 5.4563050 6.1260964 5.9419766 6.7427779 6.3323369 6.2456212 5.9444992 6.7871425 6.5347227 7.1892061 6.8112162 7.4486198 7.2822292 6.9806488 5.5673807 5.8697064 6.0459530 7.0158181 6.7719145 7.3853238 6.9648890 4.8501276 5.2772990 7.4058876 6.1677371 6.3781496 6.3963943 6.8330886 6.0504923 6.2271363 6.3679861 5.4741742 6.4751075 5.6809747 5.5600973 4.7416157 4.7034991 5.6881962 5.8226064 6.2987553 6.9675268 0.0000000 1.2756961 1.6604672 1.6370752 
Leuniv_Lniv_scaffold15317_01                                       6.7276848 6.0253332 5.2037820 5.0706342 5.3454657 6.4399199 5.6115017 5.7634966 5.3580132 5.7699303 5.8236814 6.3149642 5.0475514 5.6384996 5.8025620 5.6441003 4.7357955 5.7943891 5.9626126 6.0981537 6.0140174 6.7937626 7.4144519 5.3766399 5.3421995 6.3492573 4.8688412 6.0913951 6.3154176 7.6252116 5.9478661 5.8481571 5.3323449 5.8303897 5.5236414 5.0124988 4.9445649 4.9664911 4.9592717 5.9906280 4.7604221 5.3927784 5.6044872 1.2756961 0.0000000 1.7062410 1.7564831 
Gracom_Gcom_C550948_01                                             7.2755500 7.9721115 6.5356597 7.0652078 6.2763477 7.0546853 5.5536905 5.5924772 5.6479941 6.8028725 6.3529660 6.8898983 6.1297717 6.1597287 7.1498055 6.2600943 5.7951761 6.7210980 6.8000473 7.2181239 6.9672649 8.9999987 8.9999982 4.5747197 5.7083235 6.9409930 5.5305906 6.9372365 7.3230816 7.6606370 6.3219914 6.3745904 6.5876975 6.4314930 6.8234201 4.8581012 4.8234852 6.1504116 6.0511739 5.7781114 5.8843398 6.1533570 6.4583050 1.6604672 1.7062410 0.0000000 2.3937552 
Clacor_Ccor_scaffold7860_01                                        6.0587578 5.8554017 4.9498563 5.2162509 5.2517111 5.7442963 5.4410803 5.4075123 5.6506717 5.4113449 5.3774961 5.6229658 5.3959825 6.1209576 5.7500286 6.2778851 4.3485145 5.5119941 5.1399050 5.6506688 5.9518997 7.1082558 5.3566002 5.0991674 5.0178557 5.1400426 4.7333689 5.9291092 6.1959452 6.0545393 4.9515221 6.0069323 5.1491612 5.5339070 4.8753394 5.2955661 5.1640862 4.5996718 4.5629528 4.2730343 5.2744123 4.9169983 5.1375154 1.6370752 1.7564831 2.3937552 0.0000000 
