41
Bralan_BLAG07000778_1                                  0.0000000 1.1697324 1.2601875 1.3558363 1.2701776 1.1476554 1.1765716 1.1675648 1.2850227 0.9645516 1.1040966 1.2821899 1.3925817 1.3084888 1.2938357 1.3842509 0.9871312 1.2936307 1.0854289 0.9947863 1.4823420 1.4613827 2.1958797 2.0626483 2.0848263 1.8913524 2.3540945 2.3745263 2.2843011 2.3211634 2.4104265 2.3954782 2.2213009 2.4159974 2.3294101 1.9440958 2.9228857 3.1901287 2.8195018 2.3977804 2.2986089 
Exapal_XM_021038770.1                                  1.1697324 0.0000000 0.3708749 0.4558557 0.3640254 0.3590292 0.3441257 0.3878066 0.3212175 0.6419722 0.7513755 0.8456696 1.0245396 0.9538274 0.9532397 0.9126100 1.4839575 1.5451661 1.7361863 1.5583041 1.6502726 2.0210784 2.2924637 2.1184929 2.1259420 1.9003377 2.9239444 2.9971533 3.1551341 2.7678069 2.8727872 2.9700567 2.7746506 3.1018619 3.0681926 2.6369568 3.1934126 3.1366082 3.3356223 2.5952019 1.9220093 
Adig_XM_015911416.1                                    1.2601875 0.3708749 0.0000000 0.0755867 0.1116010 0.1362340 0.1274846 0.1536077 0.4355815 0.6403241 0.7121015 0.8020236 1.0192655 0.9616893 0.9064464 0.8486300 1.4577889 1.4702488 1.6949773 1.5319547 1.5766755 1.9811293 2.1494308 1.9634664 1.9556798 1.8715064 2.9465760 3.2521444 3.1942362 2.6431218 2.9821328 3.0124478 2.7785705 3.1737079 2.9368495 2.6340105 3.1872686 3.0928525 3.3600985 2.5436906 2.1097330 
Amil_Amillepora05367-RA                                1.3558363 0.4558557 0.0755867 0.0000000 0.1743725 0.2222111 0.1996635 0.2230495 0.4859685 0.7492316 0.8343530 0.9057817 1.0022817 1.0547718 0.9946858 0.9561675 1.5593763 1.6464124 1.7674443 1.6027800 1.6142598 2.0016896 2.3746366 2.1925589 2.1742636 1.9567149 3.2379503 3.2480821 3.1889384 2.8857718 2.9635100 3.0078117 2.9428457 3.1318550 3.0765180 2.7695177 3.4546830 3.3206601 3.4921491 2.6192560 2.3320061 
Gfas_gfas1.m1.4491.m1                                  1.2701776 0.3640254 0.1116010 0.1743725 0.0000000 0.1238029 0.0961305 0.1191168 0.4226839 0.6378516 0.6961870 0.8117717 0.9882663 0.9451581 0.9189001 0.8713617 1.4703270 1.4749204 1.7672000 1.6348987 1.6679402 2.0560178 2.2547907 2.0177862 2.0127989 1.9845249 2.9554694 3.1855985 3.1657358 2.5974049 2.9319582 2.8442850 2.8845762 3.1074781 2.9416849 2.6181919 3.1897198 3.0719732 3.4831386 2.6221014 2.1507993 
Fspp_ffun1.m4.30873.m1                                 1.1476554 0.3590292 0.1362340 0.2222111 0.1238029 0.0000000 0.0678582 0.1066800 0.3885412 0.5945090 0.6290416 0.7954611 1.0069652 0.9113689 0.8900374 0.8207519 1.3454889 1.4517905 1.6176863 1.4930091 1.6679204 1.9197389 2.1791864 1.9568381 1.9387011 1.9306460 2.9541100 3.1953380 3.1297075 2.5897467 3.0045319 2.8568024 2.8467823 3.2473158 2.9643597 2.6035684 3.0307511 2.9805973 3.2207524 2.4787790 2.1371203 
Gasp_gasp1.m3.3347.m1                                  1.1765716 0.3441257 0.1274846 0.1996635 0.0961305 0.0678582 0.0000000 0.0946211 0.3916403 0.6088808 0.6589600 0.7912333 0.9562130 0.9252524 0.8885474 0.8044514 1.3617394 1.4682592 1.6743048 1.5755567 1.5913294 1.9544546 2.1688200 1.9517857 1.9611166 1.9887008 2.8587347 3.0200319 2.9429143 2.4974549 2.8659012 2.8573582 2.8419417 3.0296600 2.8689860 2.5415153 3.0993536 3.0008229 3.3759973 2.5291595 2.0857551 
Pocdam_XM_027181602.1                                  1.1675648 0.3878066 0.1536077 0.2230495 0.1191168 0.1066800 0.0946211 0.0000000 0.4032209 0.6400136 0.6560615 0.8271588 0.9316521 0.8868465 0.8473194 0.7880794 1.4147872 1.4623033 1.7205753 1.5725692 1.5983773 2.0062245 2.2499525 2.0109027 1.9410303 2.0360831 2.8758308 3.0047846 2.9241729 2.5086754 2.8170045 2.8690876 2.8087864 3.0031122 2.8442114 2.5319399 3.0865056 3.0103899 3.3583083 2.5504655 2.2357240 
Nvec_NVE22258                                          1.2850227 0.3212175 0.4355815 0.4859685 0.4226839 0.3885412 0.3916403 0.4032209 0.0000000 0.7043977 0.7669965 0.8929578 1.1492687 1.0430766 1.0096098 0.9193232 1.5418330 1.6402869 1.7998637 1.5816155 1.7871291 1.9492510 2.1512774 2.0205883 1.9797535 1.9702967 2.9933204 2.9798272 2.7800388 2.8137310 2.7882949 2.8704882 2.9520186 3.0390660 3.0648913 2.7864282 3.3285878 3.3351669 3.3346866 2.4617950 2.3199022 
Dgig_XM_028535877.1                                    0.9645516 0.6419722 0.6403241 0.7492316 0.6378516 0.5945090 0.6088808 0.6400136 0.7043977 0.0000000 0.3821476 0.9110045 1.0699503 1.0748452 1.0386703 1.0347708 1.2178319 1.3642856 1.5015362 1.4089666 1.5768319 1.7459164 2.1563041 2.1078632 2.0215590 1.9061227 2.5049075 2.5084993 2.3981332 2.2508936 2.6433266 2.4710419 2.0972218 2.5299396 2.4097875 2.0100662 3.3268245 3.2087578 2.9511091 2.3916070 2.1970320 
Xesp_007028-T1                                         1.1040966 0.7513755 0.7121015 0.8343530 0.6961870 0.6290416 0.6589600 0.6560615 0.7669965 0.3821476 0.0000000 0.9182784 1.1135762 1.0198700 1.0192340 1.0206915 1.3580855 1.4091728 1.4928985 1.5209128 1.5517882 1.9182279 1.9538238 1.9953700 1.8590577 1.8043675 2.4579203 2.5289377 2.3311915 2.3180425 2.5764789 2.7376622 2.3017615 2.8315512 2.6699500 2.1693029 3.0512411 3.1176101 2.9983806 2.3367547 1.9057211 
Morvir_scaffold10.g60.t1                               1.2821899 0.8456696 0.8020236 0.9057817 0.8117717 0.7954611 0.7912333 0.8271588 0.8929578 0.9110045 0.9182784 0.0000000 0.8856164 0.9609027 0.9280394 0.9119394 1.5834392 1.7249374 1.8682851 1.6958748 1.3169079 2.0627831 2.2245501 2.1535044 2.0585942 1.7912041 2.7262356 2.9198019 3.2158086 2.6141252 2.6153199 2.9294331 2.7755873 2.8210410 2.7987344 2.5132010 2.8930644 3.0780953 2.9103514 2.3064490 2.3264270 
Aaur_scaffold7005.g1.t1                                1.3925817 1.0245396 1.0192655 1.0022817 0.9882663 1.0069652 0.9562130 0.9316521 1.1492687 1.0699503 1.1135762 0.8856164 0.0000000 0.4619419 0.4529925 0.4674601 1.6168274 1.7617902 2.0953220 1.9656191 1.7388534 2.0360790 2.4328762 2.1472787 2.3555040 2.0718715 2.9846224 2.9229544 3.1834277 3.2352418 2.8435934 3.1317718 3.1930660 2.8474198 2.8432099 2.7530163 2.5785537 2.8907051 2.7786566 2.5862076 2.8430868 
Nemnom_g12433.t1                                       1.3084888 0.9538274 0.9616893 1.0547718 0.9451581 0.9113689 0.9252524 0.8868465 1.0430766 1.0748452 1.0198700 0.9609027 0.4619419 0.0000000 0.1417928 0.4457787 1.4433277 1.6909508 1.9959750 1.6239239 1.7021040 1.9857622 2.3122116 2.3021534 2.1985447 2.1923876 2.8509919 2.8290121 3.3352504 2.9813258 2.6407851 3.0346127 2.8024075 3.1355056 2.9900287 2.5384128 3.1139979 3.3128867 3.2654548 2.8259508 2.1481456 
Rhoesc_Res_011434-T1                                   1.2938357 0.9532397 0.9064464 0.9946858 0.9189001 0.8900374 0.8885474 0.8473194 1.0096098 1.0386703 1.0192340 0.9280394 0.4529925 0.1417928 0.0000000 0.4394442 1.4829417 1.6746208 2.0216984 1.6324875 1.6556385 2.0163337 2.2522285 2.2611319 2.1895444 2.0959702 2.8399950 2.9486298 3.4652605 2.9845071 2.6936760 3.0478559 2.8464205 3.2152019 2.9632358 2.5350583 3.1182659 3.2129278 3.3216275 2.7850741 2.2314692 
Sanmal_Sma_025396-T1                                   1.3842509 0.9126100 0.8486300 0.9561675 0.8713617 0.8207519 0.8044514 0.7880794 0.9193232 1.0347708 1.0206915 0.9119394 0.4674601 0.4457787 0.4394442 0.0000000 1.5130134 1.7576337 2.1226988 1.7709096 1.5625983 2.0769991 2.3382823 2.1753450 2.1363191 2.0843858 2.7944789 3.0228196 3.6436573 2.9180938 2.8208742 2.9331342 2.8812073 3.1780294 3.0901082 2.6546992 3.1259156 3.2231138 3.2500981 2.6636861 2.3350339 
Skow_XM_002737010.2                                    0.9871312 1.4839575 1.4577889 1.5593763 1.4703270 1.3454889 1.3617394 1.4147872 1.5418330 1.2178319 1.3580855 1.5834392 1.6168274 1.4433277 1.4829417 1.5130134 0.0000000 1.4304626 1.2460198 1.2078371 1.9401253 1.6187421 2.6538411 2.5983510 2.6033142 2.2825043 2.4504947 2.3757271 2.0834316 2.4209827 2.3987648 2.7994011 2.4799435 2.6924607 2.6021669 2.2892380 3.1769820 3.2666633 3.3041621 3.0355912 2.6346148 
Spur_XM_030975734.1                                    1.2936307 1.5451661 1.4702488 1.6464124 1.4749204 1.4517905 1.4682592 1.4623033 1.6402869 1.3642856 1.4091728 1.7249374 1.7617902 1.6909508 1.6746208 1.7576337 1.4304626 0.0000000 1.6213156 1.4274691 2.1769082 1.7423795 2.3237429 2.5257793 2.2005562 2.3559145 2.6518264 2.6923818 2.5179540 2.8405677 2.8357291 3.1840697 2.7818123 3.0573514 2.7603252 2.5575664 3.0412529 3.1227117 2.9457236 3.1906516 2.6493515 
Cgig_XM_011429587.3                                    1.0854289 1.7361863 1.6949773 1.7674443 1.7672000 1.6176863 1.6743048 1.7205753 1.7998637 1.5015362 1.4928985 1.8682851 2.0953220 1.9959750 2.0216984 2.1226988 1.2460198 1.6213156 0.0000000 0.9448380 2.0549959 1.6341187 2.6125343 2.6750788 2.6734338 2.3430641 2.6969301 2.7774930 2.8868395 2.6923266 2.8438859 2.8097357 2.7246809 2.8936160 2.7727506 2.5541317 2.7945036 3.0484140 3.1113251 2.9809954 2.3588965 
Acagra_model.g29554.t1                                 0.9947863 1.5583041 1.5319547 1.6027800 1.6348987 1.4930091 1.5755567 1.5725692 1.5816155 1.4089666 1.5209128 1.6958748 1.9656191 1.6239239 1.6324875 1.7709096 1.2078371 1.4274691 0.9448380 0.0000000 1.7821098 1.3759511 2.3121987 2.4720700 2.2760260 2.3509737 2.8186410 2.8374566 2.8461140 2.8297646 2.9087988 3.0332836 2.7802733 2.9184363 2.8654014 2.5439174 2.6977030 2.9332982 2.9616929 2.6318461 2.1576510 
Chem_TCONS_00059205                                    1.4823420 1.6502726 1.5766755 1.6142598 1.6679402 1.6679204 1.5913294 1.5983773 1.7871291 1.5768319 1.5517882 1.3169079 1.7388534 1.7021040 1.6556385 1.5625983 1.9401253 2.1769082 2.0549959 1.7821098 0.0000000 2.3384739 2.4699906 2.4579969 2.4786332 2.3196117 3.0549141 3.3537192 3.6052095 2.6260892 2.8241701 3.3077811 2.9283377 2.9000018 2.9451355 2.6327498 3.5278915 3.5741216 3.6044415 2.8830900 2.3302071 
Ctel_gnl_WGS_AMQN_CAPTEDRAFT_mRNA223425                1.4613827 2.0210784 1.9811293 2.0016896 2.0560178 1.9197389 1.9544546 2.0062245 1.9492510 1.7459164 1.9182279 2.0627831 2.0360790 1.9857622 2.0163337 2.0769991 1.6187421 1.7423795 1.6341187 1.3759511 2.3384739 0.0000000 2.6097122 2.9716612 2.7873762 2.4874267 3.0334999 3.2900808 3.3295526 2.9510886 2.8205015 3.4239750 2.9575310 2.7017764 2.6848510 2.7951290 3.0993789 3.1857378 3.1451201 2.8792269 2.6844320 
Scil_scict021292.1                                     2.1958797 2.2924637 2.1494308 2.3746366 2.2547907 2.1791864 2.1688200 2.2499525 2.1512774 2.1563041 1.9538238 2.2245501 2.4328762 2.3122116 2.2522285 2.3382823 2.6538411 2.3237429 2.6125343 2.3121987 2.4699906 2.6097122 0.0000000 0.5907059 0.5500496 0.9125324 3.0338103 3.4724347 3.3730290 2.8680849 2.8691629 3.0241583 3.2430769 3.3104826 3.0200265 2.6577726 3.0259493 3.4054501 3.7755646 2.5882578 2.3265256 
Gracom_Gcom_C542878_01                                 2.0626483 2.1184929 1.9634664 2.1925589 2.0177862 1.9568381 1.9517857 2.0109027 2.0205883 2.1078632 1.9953700 2.1535044 2.1472787 2.3021534 2.2611319 2.1753450 2.5983510 2.5257793 2.6750788 2.4720700 2.4579969 2.9716612 0.5907059 0.0000000 0.7617883 0.9319416 3.1262189 3.5284491 3.3490912 2.9621085 2.8923696 3.3258587 2.9319773 3.4466693 3.0783061 2.9574591 2.8273830 3.0697541 3.2017737 2.4556959 2.5432101 
Leuniv_Lniv_scaffold25530_01                           2.0848263 2.1259420 1.9556798 2.1742636 2.0127989 1.9387011 1.9611166 1.9410303 1.9797535 2.0215590 1.8590577 2.0585942 2.3555040 2.1985447 2.1895444 2.1363191 2.6033142 2.2005562 2.6734338 2.2760260 2.4786332 2.7873762 0.5500496 0.7617883 0.0000000 1.0738872 2.9972919 3.4305693 3.2657121 3.0020849 2.9283763 2.8855355 3.2049127 3.2447779 3.0291367 2.9308986 3.0602807 3.6151730 3.9409582 2.4981950 2.3653500 
Clacor_Ccor_C532855_01                                 1.8913524 1.9003377 1.8715064 1.9567149 1.9845249 1.9306460 1.9887008 2.0360831 1.9702967 1.9061227 1.8043675 1.7912041 2.0718715 2.1923876 2.0959702 2.0843858 2.2825043 2.3559145 2.3430641 2.3509737 2.3196117 2.4874267 0.9125324 0.9319416 1.0738872 0.0000000 2.7686932 3.1222415 3.2872132 2.7962276 2.8106159 2.9755855 2.7468586 2.7529329 2.5497909 2.7273265 2.8893532 3.0003367 3.1456911 2.0266359 2.0222152 
Mlei_ML0171.g1.i1                                      2.3540945 2.9239444 2.9465760 3.2379503 2.9554694 2.9541100 2.8587347 2.8758308 2.9933204 2.5049075 2.4579203 2.7262356 2.9846224 2.8509919 2.8399950 2.7944789 2.4504947 2.6518264 2.6969301 2.8186410 3.0549141 3.0334999 3.0338103 3.1262189 2.9972919 2.7686932 0.0000000 0.0116980 0.2913189 0.5288532 0.7581895 0.7631276 0.7784682 0.8863013 0.7864905 1.0403168 4.0044095 4.0553673 3.3280377 2.9818091 3.1866845 
Vmul_sbMO385446                                        2.3745263 2.9971533 3.2521444 3.2480821 3.1855985 3.1953380 3.0200319 3.0047846 2.9798272 2.5084993 2.5289377 2.9198019 2.9229544 2.8290121 2.9486298 3.0228196 2.3757271 2.6923818 2.7774930 2.8374566 3.3537192 3.2900808 3.4724347 3.5284491 3.4305693 3.1222415 0.0116980 0.0000000 0.2811970 0.6561326 0.6751211 0.7622475 0.7821048 0.7408869 0.7226198 0.9507349 4.1774400 4.1395517 3.5471241 3.3064674 4.1727223 
Bolinf_Binf_sb1232415                                  2.2843011 3.1551341 3.1942362 3.1889384 3.1657358 3.1297075 2.9429143 2.9241729 2.7800388 2.3981332 2.3311915 3.2158086 3.1834277 3.3352504 3.4652605 3.6436573 2.0834316 2.5179540 2.8868395 2.8461140 3.6052095 3.3295526 3.3730290 3.3490912 3.2657121 3.2872132 0.2913189 0.2811970 0.0000000 0.6783671 0.6866548 0.6754072 0.7980316 0.7072972 0.7190505 0.8501620 3.7639920 4.1461681 3.4094691 3.1092066 4.8348430 
Drygla_Dgla_sb295866                                   2.3211634 2.7678069 2.6431218 2.8857718 2.5974049 2.5897467 2.4974549 2.5086754 2.8137310 2.2508936 2.3180425 2.6141252 3.2352418 2.9813258 2.9845071 2.9180938 2.4209827 2.8405677 2.6923266 2.8297646 2.6260892 2.9510886 2.8680849 2.9621085 3.0020849 2.7962276 0.5288532 0.6561326 0.6783671 0.0000000 0.8794538 0.7682732 0.8753838 0.9116360 0.8147552 1.0838825 3.6570709 3.9513510 3.4123281 3.2997515 3.4377654 
Beraby_Baby_sb339743                                   2.4104265 2.8727872 2.9821328 2.9635100 2.9319582 3.0045319 2.8659012 2.8170045 2.7882949 2.6433266 2.5764789 2.6153199 2.8435934 2.6407851 2.6936760 2.8208742 2.3987648 2.8357291 2.8438859 2.9087988 2.8241701 2.8205015 2.8691629 2.8923696 2.9283763 2.8106159 0.7581895 0.6751211 0.6866548 0.8794538 0.0000000 0.9830058 1.1465378 0.8631268 1.0165546 1.2783151 3.6633279 3.7272950 3.1277979 3.2830823 3.4608435 
Eupdun_Edun_sb10699132                                 2.3954782 2.9700567 3.0124478 3.0078117 2.8442850 2.8568024 2.8573582 2.8690876 2.8704882 2.4710419 2.7376622 2.9294331 3.1317718 3.0346127 3.0478559 2.9331342 2.7994011 3.1840697 2.8097357 3.0332836 3.3077811 3.4239750 3.0241583 3.3258587 2.8855355 2.9755855 0.7631276 0.7622475 0.6754072 0.7682732 0.9830058 0.0000000 0.6808226 0.7993856 0.8067444 1.0985337 3.6133862 3.9405017 3.1513062 3.0497794 4.0090256 
Lampan_Lpan_15874_01                                   2.2213009 2.7746506 2.7785705 2.9428457 2.8845762 2.8467823 2.8419417 2.8087864 2.9520186 2.0972218 2.3017615 2.7755873 3.1930660 2.8024075 2.8464205 2.8812073 2.4799435 2.7818123 2.7246809 2.7802733 2.9283377 2.9575310 3.2430769 2.9319773 3.2049127 2.7468586 0.7784682 0.7821048 0.7980316 0.8753838 1.1465378 0.6808226 0.0000000 1.0857693 1.0057930 0.9230487 3.8439025 3.7884996 3.5351437 2.9685794 3.2510813 
Pbac_sb2665830                                         2.4159974 3.1018619 3.1737079 3.1318550 3.1074781 3.2473158 3.0296600 3.0031122 3.0390660 2.5299396 2.8315512 2.8210410 2.8474198 3.1355056 3.2152019 3.1780294 2.6924607 3.0573514 2.8936160 2.9184363 2.9000018 2.7017764 3.3104826 3.4466693 3.2447779 2.7529329 0.8863013 0.7408869 0.7072972 0.9116360 0.8631268 0.7993856 1.0857693 0.0000000 0.0959228 1.1407836 3.5989147 4.0316808 3.4497678 3.1850353 4.4086135 
Horcal_Hcv1.av93.c1.g1656.i1                           2.3294101 3.0681926 2.9368495 3.0765180 2.9416849 2.9643597 2.8689860 2.8442114 3.0648913 2.4097875 2.6699500 2.7987344 2.8432099 2.9900287 2.9632358 3.0901082 2.6021669 2.7603252 2.7727506 2.8654014 2.9451355 2.6848510 3.0200265 3.0783061 3.0291367 2.5497909 0.7864905 0.7226198 0.7190505 0.8147552 1.0165546 0.8067444 1.0057930 0.0959228 0.0000000 1.0348992 3.2247935 3.6128534 3.4352557 3.2428926 3.9670796 
Coemet_Cmet_scaffold22497_01                           1.9440958 2.6369568 2.6340105 2.7695177 2.6181919 2.6035684 2.5415153 2.5319399 2.7864282 2.0100662 2.1693029 2.5132010 2.7530163 2.5384128 2.5350583 2.6546992 2.2892380 2.5575664 2.5541317 2.5439174 2.6327498 2.7951290 2.6577726 2.9574591 2.9308986 2.7273265 1.0403168 0.9507349 0.8501620 1.0838825 1.2783151 1.0985337 0.9230487 1.1407836 1.0348992 0.0000000 3.3712674 3.5981498 3.2881946 2.8802784 3.0743600 
Aque_Aqu2.1.44217_001                                  2.9228857 3.1934126 3.1872686 3.4546830 3.1897198 3.0307511 3.0993536 3.0865056 3.3285878 3.3268245 3.0512411 2.8930644 2.5785537 3.1139979 3.1182659 3.1259156 3.1769820 3.0412529 2.7945036 2.6977030 3.5278915 3.0993789 3.0259493 2.8273830 3.0602807 2.8893532 4.0044095 4.1774400 3.7639920 3.6570709 3.6633279 3.6133862 3.8439025 3.5989147 3.2247935 3.3712674 0.0000000 0.6145044 0.8489642 2.4281765 2.5467335 
Halamb_c41431_g1_i1m.13772                             3.1901287 3.1366082 3.0928525 3.3206601 3.0719732 2.9805973 3.0008229 3.0103899 3.3351669 3.2087578 3.1176101 3.0780953 2.8907051 3.3128867 3.2129278 3.2231138 3.2666633 3.1227117 3.0484140 2.9332982 3.5741216 3.1857378 3.4054501 3.0697541 3.6151730 3.0003367 4.0553673 4.1395517 4.1461681 3.9513510 3.7272950 3.9405017 3.7884996 4.0316808 3.6128534 3.5981498 0.6145044 0.0000000 0.9145812 2.6921544 2.4690674 
Xestes_maker-XT_scaffold1697-augustus-gene-0.23-mRNA-1 2.8195018 3.3356223 3.3600985 3.4921491 3.4831386 3.2207524 3.3759973 3.3583083 3.3346866 2.9511091 2.9983806 2.9103514 2.7786566 3.2654548 3.3216275 3.2500981 3.3041621 2.9457236 3.1113251 2.9616929 3.6044415 3.1451201 3.7755646 3.2017737 3.9409582 3.1456911 3.3280377 3.5471241 3.4094691 3.4123281 3.1277979 3.1513062 3.5351437 3.4497678 3.4352557 3.2881946 0.8489642 0.9145812 0.0000000 2.2106068 2.8903636 
Tetwil_g6716.t2                                        2.3977804 2.5952019 2.5436906 2.6192560 2.6221014 2.4787790 2.5291595 2.5504655 2.4617950 2.3916070 2.3367547 2.3064490 2.5862076 2.8259508 2.7850741 2.6636861 3.0355912 3.1906516 2.9809954 2.6318461 2.8830900 2.8792269 2.5882578 2.4556959 2.4981950 2.0266359 2.9818091 3.3064674 3.1092066 3.2997515 3.2830823 3.0497794 2.9685794 3.1850353 3.2428926 2.8802784 2.4281765 2.6921544 2.2106068 0.0000000 1.4206262 
Stycar_maker-SC_scaffold4887-snap-gene-0.48-mRNA-1     2.2986089 1.9220093 2.1097330 2.3320061 2.1507993 2.1371203 2.0857551 2.2357240 2.3199022 2.1970320 1.9057211 2.3264270 2.8430868 2.1481456 2.2314692 2.3350339 2.6346148 2.6493515 2.3588965 2.1576510 2.3302071 2.6844320 2.3265256 2.5432101 2.3653500 2.0222152 3.1866845 4.1727223 4.8348430 3.4377654 3.4608435 4.0090256 3.2510813 4.4086135 3.9670796 3.0743600 2.5467335 2.4690674 2.8903636 1.4206262 0.0000000 
