57
Hsap_ENST00000334690                                0.0000000 0.9524415 1.0627138 0.9352452 1.1171065 1.1521325 1.2308936 1.2143351 1.2681213 2.7278995 1.1936779 0.9542973 1.2609352 1.4457313 3.8970125 1.4249889 1.4634994 1.2843447 2.0321912 1.5791265 1.5417911 1.5327470 1.5235067 1.3567317 1.3898384 1.4380194 1.4178025 1.4231653 1.4169040 1.4317551 2.3493904 2.8326119 2.6825830 1.7885920 1.4223285 2.1328153 2.8110921 2.5778742 2.8474046 3.3424103 3.3032171 2.6499523 2.7955213 2.7065176 3.6394702 2.2842080 1.6908923 1.6277056 1.8342374 2.0533152 2.7569230 1.9266475 2.4677825 2.1993294 2.7735988 2.8342860 5.3556234 
Bralan_BLAG01001151_1                               0.9524415 0.0000000 0.8583183 0.7088848 0.8704187 0.8762548 0.9680314 1.0308350 1.0221353 2.2610060 0.9217613 0.7119988 1.0059615 1.0928571 2.9598490 1.1754702 1.2683647 0.9802204 1.7201807 1.4285947 1.3956702 1.3504436 1.3809129 1.3989081 1.4377442 1.4943442 1.4834513 1.4665729 1.4637874 1.4613067 2.6354052 2.7632452 2.6448165 1.6872020 1.1887147 1.8485877 2.5132821 2.3482126 2.9298876 3.1284557 2.9676384 2.5370790 2.2276177 2.5234609 3.3572199 2.2977130 1.5795933 1.5178595 1.6694523 1.8287703 2.2918173 1.7744484 2.2679932 1.8298539 2.7597396 2.8046988 4.8491756 
Spur_XM_030992085.1                                 1.0627138 0.8583183 0.0000000 0.6600736 0.9563025 0.8657731 1.0713253 1.1013744 1.1417768 2.7577530 1.0913098 0.7946230 1.0811060 1.2451540 4.0673272 1.2497633 1.3720636 1.0924561 1.9015859 1.4909845 1.5152100 1.3824083 1.4238145 1.3384226 1.3679049 1.4224563 1.4083448 1.3733613 1.3746049 1.3822383 2.6470845 2.7944725 2.5625806 1.7403936 1.2141419 2.2756228 2.7578341 2.6757561 2.9953202 3.2924426 3.1411334 2.6537485 2.4959678 2.7222768 3.5643783 2.2232334 1.6826406 1.6437629 1.7828224 2.0616742 2.8118239 1.8690637 2.2523686 2.3905483 2.8786427 3.0040494 5.0474704 
Skow_XM_002733726.2                                 0.9352452 0.7088848 0.6600736 0.0000000 0.8441067 0.7977390 0.9748109 0.9946201 0.9909710 2.0481888 0.9166956 0.7537195 0.9814792 1.1944586 3.0164311 1.1560817 1.2696419 0.9879489 1.5192318 1.3062073 1.2942571 1.3089370 1.2692112 1.2870059 1.3020680 1.3986618 1.3711299 1.3294422 1.3245994 1.3504017 2.0246608 2.8679006 2.5669535 1.8409172 1.1549875 2.0440059 2.5726025 2.4288399 3.1434273 3.1982591 2.9313840 2.4584892 2.0779825 2.4836765 3.4699519 2.2252122 1.5524173 1.6433002 1.6346542 1.8785774 2.1508617 1.7402879 2.0741266 1.7475030 2.8158395 2.8376825 5.0522578 
Cgig_XM_011437071.3                                 1.1171065 0.8704187 0.9563025 0.8441067 0.0000000 0.6763370 1.0967264 1.1094222 1.1197913 2.4609741 1.0691595 0.7810628 1.1208970 1.2991452 3.7598201 1.2370484 1.3308229 0.9934724 1.7440789 1.4565076 1.4465740 1.4522378 1.4656890 1.5252465 1.5786951 1.6103361 1.5948376 1.5477426 1.5431115 1.5385046 2.5605189 2.6569182 2.5593890 1.8006094 1.2323831 2.0457610 2.6675213 2.4591400 3.2449974 3.3667716 3.0279925 2.5510753 2.5307690 2.6473355 3.7323661 2.4319036 1.6656423 1.6135720 1.7246630 1.8413225 2.5122893 1.8915214 2.4298803 2.1382829 2.6182898 2.9485158 5.1956556 
Acagra_model.g14206.t1                              1.1521325 0.8762548 0.8657731 0.7977390 0.6763370 0.0000000 1.0386600 1.0643630 1.1062880 2.9394241 1.0608284 0.8060288 1.0687432 1.2848109 4.5526207 1.2373779 1.3529066 1.0016196 1.7523228 1.5022432 1.4888616 1.3596619 1.4010733 1.4000216 1.4409302 1.4710652 1.4479254 1.4415240 1.4356398 1.4298949 2.5018921 2.5941287 2.6046921 1.6434222 1.2454874 1.9282787 2.3389038 2.2408526 2.8040735 2.9120983 2.7509312 2.2909680 2.3097028 2.4365041 3.1166275 2.5824545 1.7567049 1.6339630 1.7078447 1.9858543 2.6337103 1.8836918 2.3112750 1.9664536 3.1200145 2.7952934 4.7118766 
Exapal_XM_021054084.2                               1.2308936 0.9680314 1.0713253 0.9748109 1.0967264 1.0386600 0.0000000 0.3982941 0.5266392 1.2296740 0.4682103 0.3582984 0.4854624 0.5725173 2.2705856 0.9515654 1.0732979 1.2717663 1.6759928 1.3589441 1.3442364 1.2363903 1.3818488 1.3875568 1.4343322 1.5303060 1.5218577 1.4722140 1.4701005 1.4777366 2.4040094 2.8394731 2.6572594 1.8087424 1.3479560 1.9797619 2.6352961 2.5245772 3.2242960 3.2474066 3.0768378 2.5307286 2.5261739 2.5837960 3.6770030 2.2413600 1.6307107 1.6896437 1.8667075 2.0086949 2.4125418 1.8475207 2.3809518 2.1341256 3.2513078 3.2383163 4.9548098 
Nvec_v1g219293                                      1.2143351 1.0308350 1.1013744 0.9946201 1.1094222 1.0643630 0.3982941 0.0000000 0.5981300 1.4177082 0.5461360 0.3893824 0.5486013 0.5609416 2.5794099 0.9692347 1.0805756 1.3016001 1.6847401 1.3519346 1.3332985 1.2571315 1.4368841 1.3504644 1.3815642 1.4187142 1.4140946 1.4054451 1.3992616 1.4247030 2.1437497 2.7601780 2.5991012 1.9099435 1.2842801 2.1158253 2.6337088 2.4924186 2.8962572 2.9920950 2.8700687 2.5252808 2.2578364 2.4733121 3.5371576 2.3192023 1.6474983 1.8428837 1.8184495 1.9837153 2.3839181 1.8934241 2.3792351 2.0730574 3.0363269 3.1168122 4.9678750 
Adig_XM_015893412.1                                 1.2681213 1.0221353 1.1417768 0.9909710 1.1197913 1.1062880 0.5266392 0.5981300 0.0000000 0.0582744 0.1815968 0.1850562 0.2478926 0.3242169 0.6866219 1.0116281 1.1271317 1.2334303 1.9537129 1.5029320 1.4817463 1.3416330 1.4728919 1.4289041 1.4610275 1.4839161 1.4653938 1.4470430 1.4496926 1.4823404 3.1179742 2.9749375 2.7988867 1.6848598 1.2713781 1.7352090 2.5970933 2.3938100 2.6486260 3.2705206 3.0416499 2.4896016 2.7419138 2.6347665 4.4726576 2.5240554 1.7082233 1.7315106 1.8806710 2.1277941 2.9932057 2.0969976 2.8560394 2.5062334 2.9186814 3.4539211 4.5136936 
Amil_Amillepora22649-RA                             2.7278995 2.2610060 2.7577530 2.0481888 2.4609741 2.9394241 1.2296740 1.4177082 0.0582744 0.0000000 0.2968796 0.3443480 0.5707210 0.4237835 0.7481188 2.4345980 2.5229167 3.1826414 3.9409615 4.0852817 3.7107411 2.5936890 3.1622143 2.2365456 2.3370653 2.4365662 2.4192783 2.3947910 2.3947910 2.2910862 3.6056625 3.9027323 3.7363842 6.3729293 3.1056125 0.0000010 6.8657987 5.1185927 9.0000000 4.5109770 5.8179844 4.4280212 0.3443480 5.2218019 5.7721328 2.8168867 2.6939092 1.3074406 3.9219239 4.3550753 3.9629549 3.5893708 3.6298119 3.2830836 3.1412258 3.8085155 6.5218325 
Gfas_gfas1.m1.16905.m1                              1.1936779 0.9217613 1.0913098 0.9166956 1.0691595 1.0608284 0.4682103 0.5461360 0.1815968 0.2968796 0.0000000 0.0979768 0.1804927 0.1937754 0.5755912 0.9239889 1.0453692 1.2102201 1.7088038 1.3728930 1.3495384 1.2140471 1.4096423 1.3507719 1.3881003 1.4593142 1.4249172 1.4206199 1.4331775 1.4372739 2.5485778 2.8184132 2.6723396 1.6858123 1.2248330 1.7766496 2.4440727 2.2292682 2.3473605 2.8748966 2.8368991 2.4295673 2.5340863 2.5324347 3.3652137 2.2753226 1.6417338 1.7396571 1.8307408 2.1075801 2.9364897 2.0078423 2.6162453 2.4624242 2.6544571 2.8603719 4.7559442 
Gasp_gasp1.m3.20451.m1                              0.9542973 0.7119988 0.7946230 0.7537195 0.7810628 0.8060288 0.3582984 0.3893824 0.1850562 0.3443480 0.0979768 0.0000000 0.1163008 0.0993563 0.3254007 0.6669302 0.7129015 0.8562763 1.3607054 1.0951019 1.0969132 0.9864498 1.1115105 1.1109930 1.1231307 1.1776697 1.1451097 1.1690111 1.1668179 1.1826473 2.3838016 2.5607934 2.5503187 1.5764900 1.0463550 1.7486272 1.9818345 1.9141700 9.0000000 2.6706820 2.2180308 2.0620837 2.7166324 2.1958849 9.0000000 2.2753337 1.4139862 1.7203721 1.5502678 1.6697959 3.5368642 1.7399919 2.5998226 0.8085181 3.1151366 3.7103708 4.8844628 
Spis_XP_022802428_1                                 1.2609352 1.0059615 1.0811060 0.9814792 1.1208970 1.0687432 0.4854624 0.5486013 0.2478926 0.5707210 0.1804927 0.1163008 0.0000000 0.1741951 0.2386380 0.9633579 1.0601672 1.3050115 1.7546116 1.4750164 1.4471968 1.3621673 1.4783412 1.3692289 1.4235245 1.4976535 1.4654655 1.4632578 1.4595314 1.4949229 2.5373354 2.8174220 2.6592971 1.8558482 1.2630944 1.9798308 2.5835083 2.4218617 3.3068103 3.1400465 3.0423735 2.5597473 2.4133227 2.6019208 3.7797155 2.3325673 1.6707566 1.7397806 1.9742907 2.1652856 2.6341504 1.9726461 2.4979768 2.3296115 2.8500508 3.1930859 4.6790150 
Fspp_ffun1.m4.31063.m1                              1.4457313 1.0928571 1.2451540 1.1944586 1.2991452 1.2848109 0.5725173 0.5609416 0.3242169 0.4237835 0.1937754 0.0993563 0.1741951 0.0000000 0.3327631 0.9681032 1.0567277 1.4018121 1.6207139 1.7072729 1.6796461 1.5441454 1.7802739 1.6300278 1.6732104 1.7276194 1.6829335 1.7680892 1.7547215 1.7746435 2.4560025 3.3377418 2.9958933 3.5703531 1.7842648 8.9999982 2.7977171 2.5742237 0.0000010 2.3751381 2.5911408 2.6889285 2.2725136 2.9741768 0.0000010 2.4806907 1.9553398 2.2926504 2.4555165 2.4182228 3.0755180 2.4920181 2.5033401 2.1210638 3.6304385 2.8141422 5.3773327 
Pocdam_XM_027200202.1                               3.8970125 2.9598490 4.0673272 3.0164311 3.7598201 4.5526207 2.2705856 2.5794099 0.6866219 0.7481188 0.5755912 0.3254007 0.2386380 0.3327631 0.0000000 3.2306046 2.8568083 4.6177387 4.7848295 5.0178373 4.2697374 3.5000204 3.9492368 3.1047419 3.2169904 3.5863335 3.4495734 3.4640531 3.4640531 3.6602154 4.2274904 5.1139444 5.3831040 4.8761962 4.8307557 5.5354613 6.4953564 4.6520368 4.6576168 4.0772951 6.6897319 4.1409078 0.0000010 5.0165038 3.6844667 4.6835296 4.7308480 1.6039938 4.9150246 6.0641812 5.4881692 5.0572195 5.1909245 4.0535638 7.2852111 4.3261749 4.7397299 
Dgig_XM_028544786.1                                 1.4249889 1.1754702 1.2497633 1.1560817 1.2370484 1.2373779 0.9515654 0.9692347 1.0116281 2.4345980 0.9239889 0.6669302 0.9633579 0.9681032 3.2306046 0.0000000 0.3850229 1.3042768 1.7414037 1.4777911 1.4421740 1.3536421 1.4894409 1.4300079 1.4761594 1.5021245 1.4909945 1.4945975 1.4908929 1.5313326 2.4719708 3.0471244 2.7097406 1.9416950 1.3694286 2.0796655 2.7399831 2.5529660 3.7583326 3.1042771 3.0940966 2.5415640 2.4128149 2.7149006 4.0218182 2.4268139 1.7076349 1.7376626 2.0864015 2.0696164 2.6063968 1.8814365 2.3379679 2.0219169 3.0555583 2.9615158 5.1351575 
Xesp_004410-T1                                      1.4634994 1.2683647 1.3720636 1.2696419 1.3308229 1.3529066 1.0732979 1.0805756 1.1271317 2.5229167 1.0453692 0.7129015 1.0601672 1.0567277 2.8568083 0.3850229 0.0000000 1.4518533 1.8589254 1.6167476 1.5472065 1.4885835 1.5646705 1.5642966 1.6216515 1.6916592 1.6624489 1.6648124 1.6542674 1.7046435 2.6350290 3.1642829 2.9236918 2.0072646 1.5177617 2.0989570 2.8358787 2.6295252 3.3369563 3.1091213 3.0722788 2.6976370 2.4923068 2.7958894 3.8969483 2.6056329 1.7993334 1.8321863 2.1479202 2.1742942 2.6495098 2.0343951 2.5358311 2.3866614 2.9561300 3.1597697 5.3061795 
Ctel_gnl_WGS_AMQN_CAPTEDRAFT_mRNA179073             1.2843447 0.9802204 1.0924561 0.9879489 0.9934724 1.0016196 1.2717663 1.3016001 1.2334303 3.1826414 1.2102201 0.8562763 1.3050115 1.4018121 4.6177387 1.3042768 1.4518533 0.0000000 2.1081223 1.5991842 1.5341429 1.4687454 1.6080871 1.5917454 1.6341663 1.6961426 1.6863630 1.6608660 1.6564902 1.6746029 2.7615452 2.7627350 2.6336255 1.7046090 1.2838665 2.1933644 2.7307712 2.5498780 3.8044586 3.3904766 2.9090856 2.6818137 2.3972065 2.6151936 4.4845927 2.4373655 1.7929993 1.6641002 1.8839122 2.0355180 3.0749316 2.0380889 2.7003994 2.7138381 3.0892272 3.0123388 5.3572881 
Aaur_scaffold512.g5.t2                              2.0321912 1.7201807 1.9015859 1.5192318 1.7440789 1.7523228 1.6759928 1.6847401 1.9537129 3.9409615 1.7088038 1.3607054 1.7546116 1.6207139 4.7848295 1.7414037 1.8589254 2.1081223 0.0000000 0.4763885 0.4383990 1.3884712 1.4466828 1.8898809 1.9114381 1.9257727 1.9187816 1.9429653 1.9377815 1.9104432 0.9077406 3.0825259 3.2269713 2.5979754 2.3407393 2.6049267 3.3829170 3.1170122 2.7600531 3.3084948 3.0735691 3.1864866 3.1231898 3.1359739 4.7140550 3.0787222 2.2883812 1.9608248 2.5602293 2.7854175 2.6979547 2.3875356 2.5687512 2.5246859 3.6805800 2.9177729 5.5508120 
Nemnom_g7636.t1                                     1.5791265 1.4285947 1.4909845 1.3062073 1.4565076 1.5022432 1.3589441 1.3519346 1.5029320 4.0852817 1.3728930 1.0951019 1.4750164 1.7072729 5.0178373 1.4777911 1.6167476 1.5991842 0.4763885 0.0000000 0.1825717 1.1412748 1.2648929 1.6770156 1.7332663 1.7499357 1.7428593 1.7519709 1.7546904 1.7844100 1.1881014 2.6481825 2.5665090 1.9020870 1.5890600 2.1044506 2.8456813 2.6627197 3.1937755 3.4984929 3.1050113 2.7373918 3.2069700 2.8371430 4.4140953 2.9402060 2.0482001 1.7623172 2.0856848 2.3406379 2.7924157 2.1184097 2.6950687 2.7918706 3.3769367 3.0797809 5.1868031 
Rhoesc_Res_006697-T2                                1.5417911 1.3956702 1.5152100 1.2942571 1.4465740 1.4888616 1.3442364 1.3332985 1.4817463 3.7107411 1.3495384 1.0969132 1.4471968 1.6796461 4.2697374 1.4421740 1.5472065 1.5341429 0.4383990 0.1825717 0.0000000 1.0917924 1.2067519 1.6162696 1.6712688 1.7038381 1.6906742 1.7114567 1.7140978 1.7131859 1.1218935 2.6435424 2.5821242 1.8562260 1.6063994 2.1216227 2.8282875 2.6451366 3.2936961 3.3976483 3.1045226 2.8328756 3.1211397 2.8104470 4.6695357 2.8129826 1.9627889 1.6633541 2.0160365 2.2920691 2.6806807 2.0574608 2.6405807 2.7000221 3.2572209 2.9672744 5.2243622 
Morvir_scaffold359.g8.t1                            1.5327470 1.3504436 1.3824083 1.3089370 1.4522378 1.3596619 1.2363903 1.2571315 1.3416330 2.5936890 1.2140471 0.9864498 1.3621673 1.5441454 3.5000204 1.3536421 1.4885835 1.4687454 1.3884712 1.1412748 1.0917924 0.0000000 1.2028021 1.5860123 1.6520329 1.7587814 1.7609830 1.7567725 1.7572019 1.7206390 2.2370919 2.8356475 2.6546951 1.7831841 1.6724493 2.1316201 2.9823461 2.7247555 3.4843478 3.7330509 3.1937146 2.7062134 2.7324522 2.8614181 4.4307970 2.5095084 1.8246594 1.6155724 1.9995308 2.2575832 3.1095423 2.1182054 2.7076372 2.4930542 3.7790546 2.8931656 4.8197302 
Chem_TCONS_00048164                                 1.5235067 1.3809129 1.4238145 1.2692112 1.4656890 1.4010733 1.3818488 1.4368841 1.4728919 3.1622143 1.4096423 1.1115105 1.4783412 1.7802739 3.9492368 1.4894409 1.5646705 1.6080871 1.4466828 1.2648929 1.2067519 1.2028021 0.0000000 1.5933620 1.6437061 1.7120055 1.6946918 1.7096031 1.7017127 1.6874577 2.0005662 2.7681886 2.8897231 1.7752777 1.6758074 2.0742033 2.8867448 2.7125296 3.4326891 3.5507558 3.3226631 2.7058329 2.6550850 2.8065686 4.9454795 2.5466342 1.7820394 1.7409214 2.0172317 2.1767066 2.6232674 2.1254478 2.4727617 2.2122785 3.3222094 3.0890394 5.5796604 
Tadh_TriadT30200                                    1.3567317 1.3989081 1.3384226 1.2870059 1.5252465 1.4000216 1.3875568 1.3504644 1.4289041 2.2365456 1.3507719 1.1109930 1.3692289 1.6300278 3.1047419 1.4300079 1.5642966 1.5917454 1.8898809 1.6770156 1.6162696 1.5860123 1.5933620 0.0000000 0.0137689 0.1892238 0.1854403 0.1930199 0.1903700 0.1948882 2.3510077 2.9094942 2.9523940 1.9278296 1.5227235 2.1007174 2.7723435 2.5947790 3.2327443 3.1083690 2.9220661 2.5728733 2.4196107 2.5222576 3.8644817 2.7025385 1.8913998 1.7428100 1.9963425 2.3132781 2.9252486 2.0118495 2.4878526 2.2623998 3.5692552 2.8960231 5.7166267 
TrH2_TrispH2_000328-RA                              1.3898384 1.4377442 1.3679049 1.3020680 1.5786951 1.4409302 1.4343322 1.3815642 1.4610275 2.3370653 1.3881003 1.1231307 1.4235245 1.6732104 3.2169904 1.4761594 1.6216515 1.6341663 1.9114381 1.7332663 1.6712688 1.6520329 1.6437061 0.0137689 0.0000000 0.1871881 0.1832941 0.1924723 0.1898946 0.1915441 2.3970673 2.9869893 3.0187586 1.8974413 1.5562301 2.1907388 2.8427461 2.6878290 3.4718051 3.1942675 3.0256514 2.6029731 2.3904746 2.5709983 4.1134109 2.7003378 1.9298310 1.7551286 2.0522799 2.3727980 2.9955880 2.0630848 2.5249341 2.3327109 3.4072988 3.1119654 5.6817569 
HoiH06_mRNA10990                                    1.4380194 1.4943442 1.4224563 1.3986618 1.6103361 1.4710652 1.5303060 1.4187142 1.4839161 2.4365662 1.4593142 1.1776697 1.4976535 1.7276194 3.5863335 1.5021245 1.6916592 1.6961426 1.9257727 1.7499357 1.7038381 1.7587814 1.7120055 0.1892238 0.1871881 0.0000000 0.0320571 0.0906671 0.0906571 0.1188335 2.5336955 2.9828306 2.9298401 1.9286588 1.6099471 2.0556966 2.8875747 2.7083457 3.5704917 3.2532791 2.9684868 2.6857919 2.3768531 2.5870029 4.1992972 3.0475143 2.0535423 1.6656541 2.0902297 2.4349064 3.0265986 2.1125620 2.6020861 2.3124220 3.3365324 3.3138301 6.1948534 
HoiH23_PlH23_000383-RA                              1.4178025 1.4834513 1.4083448 1.3711299 1.5948376 1.4479254 1.5218577 1.4140946 1.4653938 2.4192783 1.4249172 1.1451097 1.4654655 1.6829335 3.4495734 1.4909945 1.6624489 1.6863630 1.9187816 1.7428593 1.6906742 1.7609830 1.6946918 0.1854403 0.1832941 0.0320571 0.0000000 0.0870797 0.0858037 0.1184056 2.4863716 2.9780382 2.9453290 1.9057120 1.6142901 2.0220077 2.8764223 2.6885706 3.5704917 3.2375351 3.0233402 2.6540748 2.4029692 2.5684856 4.2216484 3.0582943 2.0611492 1.7035088 2.1068018 2.4085555 3.0160335 2.1139221 2.6106535 2.3741551 3.3106996 3.3418305 6.4277199 
Hhon_g06975.t1                                      1.4231653 1.4665729 1.3733613 1.3294422 1.5477426 1.4415240 1.4722140 1.4054451 1.4470430 2.3947910 1.4206199 1.1690111 1.4632578 1.7680892 3.4640531 1.4945975 1.6648124 1.6608660 1.9429653 1.7519709 1.7114567 1.7567725 1.7096031 0.1930199 0.1924723 0.0906671 0.0870797 0.0000000 0.0047706 0.1279734 2.4414015 2.9330699 2.8991638 1.9075093 1.5673166 2.2274882 2.8933001 2.7092012 3.4707225 3.1510360 2.9744480 2.7382271 2.3979733 2.6374343 3.9990213 2.7097496 1.9653409 1.7579989 2.0428187 2.3823782 3.0360663 2.1130541 2.6393405 2.4439275 3.2241834 3.3032283 5.8711597 
HoiH04_mRNA12791                                    1.4169040 1.4637874 1.3746049 1.3245994 1.5431115 1.4356398 1.4701005 1.3992616 1.4496926 2.3947910 1.4331775 1.1668179 1.4595314 1.7547215 3.4640531 1.4908929 1.6542674 1.6564902 1.9377815 1.7546904 1.7140978 1.7572019 1.7017127 0.1903700 0.1898946 0.0906571 0.0858037 0.0047706 0.0000000 0.1269933 2.4350136 2.9402206 2.9018150 1.9100656 1.5650192 2.2274882 2.8974527 2.6981240 3.4707225 3.1438145 2.9757002 2.7295929 2.4049782 2.6291168 3.9990213 2.7120225 1.9693814 1.7579989 2.0410015 2.3815726 3.0589372 2.1224430 2.6533520 2.4439275 3.2325159 3.3140161 5.8848725 
HoiH11_mRNA6252                                     1.4317551 1.4613067 1.3822383 1.3504017 1.5385046 1.4298949 1.4777366 1.4247030 1.4823404 2.2910862 1.4372739 1.1826473 1.4949229 1.7746435 3.6602154 1.5313326 1.7046435 1.6746029 1.9104432 1.7844100 1.7131859 1.7206390 1.6874577 0.1948882 0.1915441 0.1188335 0.1184056 0.1279734 0.1269933 0.0000000 2.5111889 3.0322967 2.9683647 1.9114210 1.5917783 2.2303833 2.8745540 2.7083811 3.6040842 3.1989426 2.8860935 2.7092746 2.2016900 2.5843448 4.3172332 2.7441666 1.9729141 1.6977281 2.0884009 2.4295456 3.0548598 2.1301696 2.5930680 2.3546936 3.2502064 3.3062515 6.0180857 
Sanmal_Sma_018817-T1                                2.3493904 2.6354052 2.6470845 2.0246608 2.5605189 2.5018921 2.4040094 2.1437497 3.1179742 3.6056625 2.5485778 2.3838016 2.5373354 2.4560025 4.2274904 2.4719708 2.6350290 2.7615452 0.9077406 1.1881014 1.1218935 2.2370919 2.0005662 2.3510077 2.3970673 2.5336955 2.4863716 2.4414015 2.4350136 2.5111889 0.0000000 4.0795588 3.5851748 3.2134717 3.4561059 2.4454013 3.9408920 3.7111556 3.0770255 3.6682974 3.5085453 3.5730859 3.0976044 3.5138598 4.1641982 3.0425245 2.7963845 3.7683828 3.4950923 3.3382072 2.8640009 2.8756639 2.9140898 2.6039532 3.9862375 3.4906821 6.7516203 
Aque_Aqu2.1.26013_001                               2.8326119 2.7632452 2.7944725 2.8679006 2.6569182 2.5941287 2.8394731 2.7601780 2.9749375 3.9027323 2.8184132 2.5607934 2.8174220 3.3377418 5.1139444 3.0471244 3.1642829 2.7627350 3.0825259 2.6481825 2.6435424 2.8356475 2.7681886 2.9094942 2.9869893 2.9828306 2.9780382 2.9330699 2.9402206 3.0322967 4.0795588 0.0000000 0.7493398 1.8446818 2.9110760 2.9830703 3.7636757 3.6220308 4.2622633 3.9733976 4.0159977 3.5851581 3.6526635 3.4830916 4.8749851 3.8387849 2.9506934 2.1082071 2.9211509 3.4038184 3.7586532 3.1322996 3.7606120 3.1358714 2.9052690 2.9722905 6.2086033 
Halamb_c53402_g1_i1mm.5167                          2.6825830 2.6448165 2.5625806 2.5669535 2.5593890 2.6046921 2.6572594 2.5991012 2.7988867 3.7363842 2.6723396 2.5503187 2.6592971 2.9958933 5.3831040 2.7097406 2.9236918 2.6336255 3.2269713 2.5665090 2.5821242 2.6546951 2.8897231 2.9523940 3.0187586 2.9298401 2.9453290 2.8991638 2.9018150 2.9683647 3.5851748 0.7493398 0.0000000 1.6684278 3.0922704 2.7985310 3.5959258 3.2073318 7.7630053 3.6335918 3.6835056 3.4383890 3.2908322 3.4801271 5.3525967 3.4602001 2.7446730 2.1334305 2.8515069 3.2350505 4.2861362 2.9699310 3.6045732 3.8936337 2.9599565 3.0178748 6.4749006 
Tetwil_g4373.t2                                     1.7885920 1.6872020 1.7403936 1.8409172 1.8006094 1.6434222 1.8087424 1.9099435 1.6848598 6.3729293 1.6858123 1.5764900 1.8558482 3.5703531 4.8761962 1.9416950 2.0072646 1.7046090 2.5979754 1.9020870 1.8562260 1.7831841 1.7752777 1.9278296 1.8974413 1.9286588 1.9057120 1.9075093 1.9100656 1.9114210 3.2134717 1.8446818 1.6684278 0.0000000 1.8134018 2.2849741 2.6556672 2.5308805 8.0415329 5.5982250 3.5497996 2.8494172 5.6501602 2.8590848 7.3433417 4.0148455 2.2323176 1.5609464 2.0557842 2.5122598 4.2068343 2.3240214 4.2072814 4.8896011 2.6581818 8.1315907 5.5004386 
Cscu_XM_023355664.1                                 1.4223285 1.1887147 1.2141419 1.1549875 1.2323831 1.2454874 1.3479560 1.2842801 1.2713781 3.1056125 1.2248330 1.0463550 1.2630944 1.7842648 4.8307557 1.3694286 1.5177617 1.2838665 2.3407393 1.5890600 1.6063994 1.6724493 1.6758074 1.5227235 1.5562301 1.6099471 1.6142901 1.5673166 1.5650192 1.5917783 3.4561059 2.9110760 3.0922704 1.8134018 0.0000000 1.8180059 2.3898211 2.2668166 5.1616931 3.4517845 3.1557693 2.4820412 2.7242414 2.4311482 7.0191159 3.2444824 1.8987619 1.7021884 1.5669521 1.7350090 4.1354833 1.9712931 2.9685060 2.8726131 3.4402768 3.3848356 4.7910285 
Pbac_sb2641477                                      2.1328153 1.8485877 2.2756228 2.0440059 2.0457610 1.9282787 1.9797619 2.1158253 1.7352090 0.0000010 1.7766496 1.7486272 1.9798308 8.9999982 5.5354613 2.0796655 2.0989570 2.1933644 2.6049267 2.1044506 2.1216227 2.1316201 2.0742033 2.1007174 2.1907388 2.0556966 2.0220077 2.2274882 2.2274882 2.2303833 2.4454013 2.9830703 2.7985310 2.2849741 1.8180059 0.0000000 0.0045985 0.4973779 0.5880897 0.5244653 0.6843321 0.5812081 2.8837933 0.5724392 0.6331486 4.0813941 2.5241543 2.1725931 2.2657710 2.3355097 3.1081142 2.2355540 3.4643003 2.8358601 2.7783455 2.8333529 3.8657930 
Horcal_Hcv1.av93.c2.g238.i1                         2.8110921 2.5132821 2.7578341 2.5726025 2.6675213 2.3389038 2.6352961 2.6337088 2.5970933 6.8657987 2.4440727 1.9818345 2.5835083 2.7977171 6.4953564 2.7399831 2.8358787 2.7307712 3.3829170 2.8456813 2.8282875 2.9823461 2.8867448 2.7723435 2.8427461 2.8875747 2.8764223 2.8933001 2.8974527 2.8745540 3.9408920 3.7636757 3.5959258 2.6556672 2.3898211 0.0045985 0.0000000 0.8901883 0.7395295 0.9983426 0.9939972 1.0841181 1.2423844 1.0489216 1.3358142 4.4044948 3.1295751 2.2197317 3.2506370 3.1404448 4.5619120 2.9496311 3.7924469 3.9496235 5.4079286 5.1749894 6.3726067 
Lampan_Lpan_13133_01                                2.5778742 2.3482126 2.6757561 2.4288399 2.4591400 2.2408526 2.5245772 2.4924186 2.3938100 5.1185927 2.2292682 1.9141700 2.4218617 2.5742237 4.6520368 2.5529660 2.6295252 2.5498780 3.1170122 2.6627197 2.6451366 2.7247555 2.7125296 2.5947790 2.6878290 2.7083457 2.6885706 2.7092012 2.6981240 2.7083811 3.7111556 3.6220308 3.2073318 2.5308805 2.2668166 0.4973779 0.8901883 0.0000000 0.5318833 0.9127151 0.8093864 0.8872303 0.7778084 0.8158577 1.0480873 4.5580050 3.0065614 2.1723424 2.9562513 2.9986280 4.2869135 2.9175713 3.8513684 3.9548071 5.2255404 5.3729518 6.9728495 
Bolinf_Binf_sb1256192                               2.8474046 2.9298876 2.9953202 3.1434273 3.2449974 2.8040735 3.2242960 2.8962572 2.6486260 9.0000000 2.3473605 9.0000000 3.3068103 0.0000010 4.6576168 3.7583326 3.3369563 3.8044586 2.7600531 3.1937755 3.2936961 3.4843478 3.4326891 3.2327443 3.4718051 3.5704917 3.5704917 3.4707225 3.4707225 3.6040842 3.0770255 4.2622633 7.7630053 8.0415329 5.1616931 0.5880897 0.7395295 0.5318833 0.0000000 0.4046059 0.4386683 0.9444929 0.0000010 0.9563383 0.5931664 3.2492010 3.3947452 9.0000000 3.6851063 3.7449748 3.9532146 3.5963738 3.7293980 3.7399359 9.0000000 4.5894341 4.7071618 
Drygla_Dgla_sb304705                                3.3424103 3.1284557 3.2924426 3.1982591 3.3667716 2.9120983 3.2474066 2.9920950 3.2705206 4.5109770 2.8748966 2.6706820 3.1400465 2.3751381 4.0772951 3.1042771 3.1091213 3.3904766 3.3084948 3.4984929 3.3976483 3.7330509 3.5507558 3.1083690 3.1942675 3.2532791 3.2375351 3.1510360 3.1438145 3.1989426 3.6682974 3.9733976 3.6335918 5.5982250 3.4517845 0.5244653 0.9983426 0.9127151 0.4046059 0.0000000 0.6383597 1.3918019 0.7419142 1.3387716 1.0041538 4.6530901 3.9326037 2.3581456 3.8193437 3.9309280 4.0628394 3.5609947 3.7196567 3.5791746 5.9625475 5.1282007 7.5289484 
Beraby_Baby_sb339329                                3.3032171 2.9676384 3.1411334 2.9313840 3.0279925 2.7509312 3.0768378 2.8700687 3.0416499 5.8179844 2.8368991 2.2180308 3.0423735 2.5911408 6.6897319 3.0940966 3.0722788 2.9090856 3.0735691 3.1050113 3.1045226 3.1937146 3.3226631 2.9220661 3.0256514 2.9684868 3.0233402 2.9744480 2.9757002 2.8860935 3.5085453 4.0159977 3.6835056 3.5497996 3.1557693 0.6843321 0.9939972 0.8093864 0.4386683 0.6383597 0.0000000 1.3307471 1.0047402 1.2195470 0.9505701 4.7760252 3.6613479 1.7721638 3.7104015 3.8634881 4.5685906 3.3427526 3.9634376 3.7839935 5.6929112 4.6860887 7.1273906 
Vmul_SimC405996                                     2.6499523 2.5370790 2.6537485 2.4584892 2.5510753 2.2909680 2.5307286 2.5252808 2.4896016 4.4280212 2.4295673 2.0620837 2.5597473 2.6889285 4.1409078 2.5415640 2.6976370 2.6818137 3.1864866 2.7373918 2.8328756 2.7062134 2.7058329 2.5728733 2.6029731 2.6857919 2.6540748 2.7382271 2.7295929 2.7092746 3.5730859 3.5851581 3.4383890 2.8494172 2.4820412 0.5812081 1.0841181 0.8872303 0.9444929 1.3918019 1.3307471 0.0000000 0.4994915 0.5106745 1.3962635 4.5343720 3.0082448 2.1272922 3.0906097 3.3776499 4.8343441 3.0463381 3.8172479 4.0265948 4.9245299 4.7504446 5.8712470 
Coeast_Cast_sb755184                                2.7955213 2.2276177 2.4959678 2.0779825 2.5307690 2.3097028 2.5261739 2.2578364 2.7419138 0.3443480 2.5340863 2.7166324 2.4133227 2.2725136 0.0000010 2.4128149 2.4923068 2.3972065 3.1231898 3.2069700 3.1211397 2.7324522 2.6550850 2.4196107 2.3904746 2.3768531 2.4029692 2.3979733 2.4049782 2.2016900 3.0976044 3.6526635 3.2908322 5.6501602 2.7242414 2.8837933 1.2423844 0.7778084 0.0000010 0.7419142 1.0047402 0.4994915 0.0000000 0.0395879 0.0000010 5.1647876 2.9138216 2.1973971 3.6392559 3.7080807 0.0000010 3.1920355 3.7213760 0.0000010 3.3851754 0.0000010 4.7135404 
Coemet_Cmet_scaffold22331_01                        2.7065176 2.5234609 2.7222768 2.4836765 2.6473355 2.4365041 2.5837960 2.4733121 2.6347665 5.2218019 2.5324347 2.1958849 2.6019208 2.9741768 5.0165038 2.7149006 2.7958894 2.6151936 3.1359739 2.8371430 2.8104470 2.8614181 2.8065686 2.5222576 2.5709983 2.5870029 2.5684856 2.6374343 2.6291168 2.5843448 3.5138598 3.4830916 3.4801271 2.8590848 2.4311482 0.5724392 1.0489216 0.8158577 0.9563383 1.3387716 1.2195470 0.5106745 0.0395879 0.0000000 1.1497271 4.4562163 3.0441327 2.1597294 2.9725462 3.1285151 4.3465446 2.9467531 3.6733364 3.7580220 5.0884237 4.4407592 6.2148051 
Eupdun_Edun_sb10630377                              3.6394702 3.3572199 3.5643783 3.4699519 3.7323661 3.1166275 3.6770030 3.5371576 4.4726576 5.7721328 3.3652137 9.0000000 3.7797155 0.0000010 3.6844667 4.0218182 3.8969483 4.4845927 4.7140550 4.4140953 4.6695357 4.4307970 4.9454795 3.8644817 4.1134109 4.1992972 4.2216484 3.9990213 3.9990213 4.3172332 4.1641982 4.8749851 5.3525967 7.3433417 7.0191159 0.6331486 1.3358142 1.0480873 0.5931664 1.0041538 0.9505701 1.3962635 0.0000010 1.1497271 0.0000000 4.3268758 4.4134298 2.8618122 4.6740791 5.1781043 3.9154903 3.3148346 3.5221288 3.8034803 5.3079250 4.4423757 6.1864384 
Ocar_g6840                                          2.2842080 2.2977130 2.2232334 2.2252122 2.4319036 2.5824545 2.2413600 2.3192023 2.5240554 2.8168867 2.2753226 2.2753337 2.3325673 2.4806907 4.6835296 2.4268139 2.6056329 2.4373655 3.0787222 2.9402060 2.8129826 2.5095084 2.5466342 2.7025385 2.7003378 3.0475143 3.0582943 2.7097496 2.7120225 2.7441666 3.0425245 3.8387849 3.4602001 4.0148455 3.2444824 4.0813941 4.4044948 4.5580050 3.2492010 4.6530901 4.7760252 4.5343720 5.1647876 4.4562163 4.3268758 0.0000000 0.0472648 2.7905579 3.7998761 3.5363669 2.9007761 2.7255923 2.7639845 2.6068442 3.7073540 2.7895650 6.2485221 
Opea_EP00118_Oscarella_pearsei_P000805              1.6908923 1.5795933 1.6826406 1.5524173 1.6656423 1.7567049 1.6307107 1.6474983 1.7082233 2.6939092 1.6417338 1.4139862 1.6707566 1.9553398 4.7308480 1.7076349 1.7993334 1.7929993 2.2883812 2.0482001 1.9627889 1.8246594 1.7820394 1.8913998 1.9298310 2.0535423 2.0611492 1.9653409 1.9693814 1.9729141 2.7963845 2.9506934 2.7446730 2.2323176 1.8987619 2.5241543 3.1295751 3.0065614 3.3947452 3.9326037 3.6613479 3.0082448 2.9138216 3.0441327 4.4134298 0.0472648 0.0000000 1.8198848 2.3578169 2.4815042 2.8023003 2.0483273 2.5482897 2.4983456 3.5676257 2.8451978 5.0892988 
Plespi_Pspi_scaffold2158_01                         1.6277056 1.5178595 1.6437629 1.6433002 1.6135720 1.6339630 1.6896437 1.8428837 1.7315106 1.3074406 1.7396571 1.7203721 1.7397806 2.2926504 1.6039938 1.7376626 1.8321863 1.6641002 1.9608248 1.7623172 1.6633541 1.6155724 1.7409214 1.7428100 1.7551286 1.6656541 1.7035088 1.7579989 1.7579989 1.6977281 3.7683828 2.1082071 2.1334305 1.5609464 1.7021884 2.1725931 2.2197317 2.1723424 9.0000000 2.3581456 1.7721638 2.1272922 2.1973971 2.1597294 2.8618122 2.7905579 1.8198848 0.0000000 1.9619044 2.2131569 2.8618122 2.0103268 2.8523865 2.8618122 3.9391001 3.5924374 3.7727982 
Tcas_TC012669_001                                   1.8342374 1.6694523 1.7828224 1.6346542 1.7246630 1.7078447 1.8667075 1.8184495 1.8806710 3.9219239 1.8307408 1.5502678 1.9742907 2.4555165 4.9150246 2.0864015 2.1479202 1.8839122 2.5602293 2.0856848 2.0160365 1.9995308 2.0172317 1.9963425 2.0522799 2.0902297 2.1068018 2.0428187 2.0410015 2.0884009 3.4950923 2.9211509 2.8515069 2.0557842 1.5669521 2.2657710 3.2506370 2.9562513 3.6851063 3.8193437 3.7104015 3.0906097 3.6392559 2.9725462 4.6740791 3.7998761 2.3578169 1.9619044 0.0000000 1.9069096 3.1273406 2.2126560 2.9869394 2.7904216 4.0303040 4.0138446 5.8387631 
Dpul_mRNA4574                                       2.0533152 1.8287703 2.0616742 1.8785774 1.8413225 1.9858543 2.0086949 1.9837153 2.1277941 4.3550753 2.1075801 1.6697959 2.1652856 2.4182228 6.0641812 2.0696164 2.1742942 2.0355180 2.7854175 2.3406379 2.2920691 2.2575832 2.1767066 2.3132781 2.3727980 2.4349064 2.4085555 2.3823782 2.3815726 2.4295456 3.3382072 3.4038184 3.2350505 2.5122598 1.7350090 2.3355097 3.1404448 2.9986280 3.7449748 3.9309280 3.8634881 3.3776499 3.7080807 3.1285151 5.1781043 3.5363669 2.4815042 2.2131569 1.9069096 0.0000000 3.7272906 2.5679264 3.2172946 3.3121259 5.0812858 3.9312121 5.8848054 
Lcom_lcpid55058                                     2.7569230 2.2918173 2.8118239 2.1508617 2.5122893 2.6337103 2.4125418 2.3839181 2.9932057 3.9629549 2.9364897 3.5368642 2.6341504 3.0755180 5.4881692 2.6063968 2.6495098 3.0749316 2.6979547 2.7924157 2.6806807 3.1095423 2.6232674 2.9252486 2.9955880 3.0265986 3.0160335 3.0360663 3.0589372 3.0548598 2.8640009 3.7586532 4.2861362 4.2068343 4.1354833 3.1081142 4.5619120 4.2869135 3.9532146 4.0628394 4.5685906 4.8343441 0.0000010 4.3465446 3.9154903 2.9007761 2.8023003 2.8618122 3.1273406 3.7272906 0.0000000 0.5983015 0.6046941 1.1917244 4.4663254 3.4815397 6.6482746 
Gracom_Gcom_C559582_01                              1.9266475 1.7744484 1.8690637 1.7402879 1.8915214 1.8836918 1.8475207 1.8934241 2.0969976 3.5893708 2.0078423 1.7399919 1.9726461 2.4920181 5.0572195 1.8814365 2.0343951 2.0380889 2.3875356 2.1184097 2.0574608 2.1182054 2.1254478 2.0118495 2.0630848 2.1125620 2.1139221 2.1130541 2.1224430 2.1301696 2.8756639 3.1322996 2.9699310 2.3240214 1.9712931 2.2355540 2.9496311 2.9175713 3.5963738 3.5609947 3.3427526 3.0463381 3.1920355 2.9467531 3.3148346 2.7255923 2.0483273 2.0103268 2.2126560 2.5679264 0.5983015 0.0000000 0.6162852 1.3981855 3.8342436 3.3962956 5.1951831 
Leuniv_Lniv_scaffold24994_01                        2.4677825 2.2679932 2.2523686 2.0741266 2.4298803 2.3112750 2.3809518 2.3792351 2.8560394 3.6298119 2.6162453 2.5998226 2.4979768 2.5033401 5.1909245 2.3379679 2.5358311 2.7003994 2.5687512 2.6950687 2.6405807 2.7076372 2.4727617 2.4878526 2.5249341 2.6020861 2.6106535 2.6393405 2.6533520 2.5930680 2.9140898 3.7606120 3.6045732 4.2072814 2.9685060 3.4643003 3.7924469 3.8513684 3.7293980 3.7196567 3.9634376 3.8172479 3.7213760 3.6733364 3.5221288 2.7639845 2.5482897 2.8523865 2.9869394 3.2172946 0.6046941 0.6162852 0.0000000 1.3386659 3.8929333 3.4292771 7.2494507 
Clacor_Ccor_C536087_01                              2.1993294 1.8298539 2.3905483 1.7475030 2.1382829 1.9664536 2.1341256 2.0730574 2.5062334 3.2830836 2.4624242 0.8085181 2.3296115 2.1210638 4.0535638 2.0219169 2.3866614 2.7138381 2.5246859 2.7918706 2.7000221 2.4930542 2.2122785 2.2623998 2.3327109 2.3124220 2.3741551 2.4439275 2.4439275 2.3546936 2.6039532 3.1358714 3.8936337 4.8896011 2.8726131 2.8358601 3.9496235 3.9548071 3.7399359 3.5791746 3.7839935 4.0265948 0.0000010 3.7580220 3.8034803 2.6068442 2.4983456 2.8618122 2.7904216 3.3121259 1.1917244 1.3981855 1.3386659 0.0000000 2.8881624 3.2639983 6.8355895 
Stycar_maker-SC_scaffold7115-snap-gene-0.125-mRNA-1 2.7735988 2.7597396 2.8786427 2.8158395 2.6182898 3.1200145 3.2513078 3.0363269 2.9186814 3.1412258 2.6544571 3.1151366 2.8500508 3.6304385 7.2852111 3.0555583 2.9561300 3.0892272 3.6805800 3.3769367 3.2572209 3.7790546 3.3222094 3.5692552 3.4072988 3.3365324 3.3106996 3.2241834 3.2325159 3.2502064 3.9862375 2.9052690 2.9599565 2.6581818 3.4402768 2.7783455 5.4079286 5.2255404 9.0000000 5.9625475 5.6929112 4.9245299 3.3851754 5.0884237 5.3079250 3.7073540 3.5676257 3.9391001 4.0303040 5.0812858 4.4663254 3.8342436 3.8929333 2.8881624 0.0000000 2.7239552 7.3451707 
Spolac_c102567_g2_i1_m.29937c102567-g1              2.8342860 2.8046988 3.0040494 2.8376825 2.9485158 2.7952934 3.2383163 3.1168122 3.4539211 3.8085155 2.8603719 3.7103708 3.1930859 2.8141422 4.3261749 2.9615158 3.1597697 3.0123388 2.9177729 3.0797809 2.9672744 2.8931656 3.0890394 2.8960231 3.1119654 3.3138301 3.3418305 3.3032283 3.3140161 3.3062515 3.4906821 2.9722905 3.0178748 8.1315907 3.3848356 2.8333529 5.1749894 5.3729518 4.5894341 5.1282007 4.6860887 4.7504446 0.0000010 4.4407592 4.4423757 2.7895650 2.8451978 3.5924374 4.0138446 3.9312121 3.4815397 3.3962956 3.4292771 3.2639983 2.7239552 0.0000000 8.1314849 
Hvul_g11669_1                                       5.3556234 4.8491756 5.0474704 5.0522578 5.1956556 4.7118766 4.9548098 4.9678750 4.5136936 6.5218325 4.7559442 4.8844628 4.6790150 5.3773327 4.7397299 5.1351575 5.3061795 5.3572881 5.5508120 5.1868031 5.2243622 4.8197302 5.5796604 5.7166267 5.6817569 6.1948534 6.4277199 5.8711597 5.8848725 6.0180857 6.7516203 6.2086033 6.4749006 5.5004386 4.7910285 3.8657930 6.3726067 6.9728495 4.7071618 7.5289484 7.1273906 5.8712470 4.7135404 6.2148051 6.1864384 6.2485221 5.0892988 3.7727982 5.8387631 5.8848054 6.6482746 5.1951831 7.2494507 6.8355895 7.3451707 8.1314849 0.0000000 
