53
Hsap_ENST00000561639                                   0.0000000 1.8078374 1.6649588 1.7809574 1.9698121 1.9865437 1.8969942 1.8621533 1.8960647 2.0424068 1.7851691 1.8276002 1.6954008 1.8507074 2.1021886 2.3150263 2.2410858 2.1430776 2.0656095 2.0611444 1.9531941 2.1177597 2.3475692 2.2837818 2.4400723 2.1986489 2.3684788 2.5149853 2.6881409 2.5754334 2.1789957 2.1753634 2.2958323 2.2477784 2.2473551 2.3076033 2.2808791 2.5666562 2.5155870 2.3051099 2.4784874 2.6087979 2.7907430 2.5124723 2.8634963 2.4430908 2.2746205 2.6224771 2.9045436 3.0395514 2.7859289 2.9865646 3.0771419 
Bralan_BLAG07001259_1                                  1.8078374 0.0000000 1.1022721 1.0926129 1.0257146 1.1966068 1.0416586 1.0453863 1.1154586 1.2862353 1.0357519 1.0134980 1.0619824 1.0829313 1.4066284 1.6486555 1.1385682 1.4809818 1.4325274 1.4290822 1.2561381 1.6296235 1.6467620 1.5864770 1.7420710 1.8914582 1.7991221 1.9615491 2.5704364 2.0708829 1.6999690 1.7001465 1.6964555 1.6463565 1.6423394 1.6947118 1.7061625 2.1422899 1.9214713 1.8371188 1.8913440 1.9131345 1.9520350 1.8006136 1.9046564 2.0990831 2.0592867 2.1094594 2.5238266 2.6041995 2.3178629 2.6209517 2.2012431 
Skow_XM_002739260.2                                    1.6649588 1.1022721 0.0000000 0.9472255 0.9698397 1.1373831 1.0005405 0.9741557 1.0129995 1.2013413 0.9592752 0.9736143 0.9280942 1.0204973 1.3544426 1.6079684 1.3668267 1.4104078 1.3913187 1.3540648 1.0571251 1.4024972 1.5101912 1.6044504 1.6092999 1.8021258 1.6759123 1.9055983 2.0392170 1.9618504 1.5374812 1.5375996 1.5932829 1.5333372 1.5239323 1.5771416 1.5614733 1.9175839 1.7100783 1.7002849 1.7790186 1.7535241 2.2299994 1.7457434 2.4077752 1.9353192 1.5246905 1.9342233 2.5212553 2.5350191 2.2804907 2.4027044 2.1997972 
Ctel_gnl_WGS_AMQN_CAPTEDRAFT_mRNA174103                1.7809574 1.0926129 0.9472255 0.0000000 0.6638679 0.9270195 1.0562659 1.0792474 1.0350107 1.1186083 1.0297859 1.0528765 1.0237532 1.0577193 1.2866140 1.4116357 1.1266526 1.4723782 1.4457693 1.3764509 1.1704757 1.3312790 1.5791187 1.6040222 1.7740308 2.0796716 1.7961225 1.9064166 2.2546377 2.1714176 1.6124811 1.6124811 1.6155326 1.6013869 1.5921388 1.5921388 1.6244329 1.9925017 1.8998019 1.8841750 1.8983789 1.9747835 2.3702285 1.9407097 2.8123918 2.2347805 1.7478698 2.1075845 2.4812319 2.6211260 2.1899555 2.3674642 2.1480421 
Acagra_model.g30850.t1                                 1.9698121 1.0257146 0.9698397 0.6638679 0.0000000 0.7693997 1.0353270 1.0514868 1.0744332 1.2726146 1.0219382 1.0382376 0.9731671 1.0722363 1.4301343 1.5820599 1.3287468 1.5011767 1.4494741 1.3897258 1.1983988 1.4105545 1.6890856 1.7433749 1.8177709 2.0065913 1.8219446 2.0374422 2.0848765 2.1379951 1.6889144 1.6890877 1.7491184 1.6980683 1.6663969 1.6807113 1.7305242 2.0606093 1.9534196 1.9380806 1.9890523 1.9915909 2.2898471 1.9624644 2.5451369 2.2315634 1.9902788 2.2558430 2.7870421 2.9609858 2.4866923 2.6282790 2.1031180 
Cgig_XM_011430436.3                                    1.9865437 1.1966068 1.1373831 0.9270195 0.7693997 0.0000000 1.2677276 1.2561477 1.2792961 1.5072395 1.1957342 1.2225553 1.2119925 1.2523707 1.5239589 1.6664848 1.1651396 1.6773544 1.6464248 1.6123889 1.3601520 1.4783421 1.6754745 1.7021110 1.8992675 2.2046011 1.9800524 2.2437695 2.4587052 2.3413876 1.8641585 1.8643988 1.8477290 1.7729674 1.7870937 1.8301428 1.8671361 2.0626194 2.0960285 2.0960998 2.1468726 2.1145822 2.7046248 2.0758902 3.0073982 2.4181150 1.9460945 2.3256662 2.7373738 3.0761622 2.5503436 2.5475421 2.1845096 
Exapal_XM_021037647.1                                  1.8969942 1.0416586 1.0005405 1.0562659 1.0353270 1.2677276 0.0000000 0.2501547 0.3321677 0.4049636 0.2990058 0.2848484 0.2760288 0.3031437 0.8855572 1.0932465 1.1927720 1.0756748 1.0554990 1.0480747 1.3898818 1.2932228 1.5239991 1.3572679 1.6123422 1.6168500 1.5853380 1.8445286 1.9957614 1.8106038 1.5351537 1.5349903 1.5504182 1.5262202 1.5254556 1.5450072 1.5730774 1.6603333 1.6795925 1.6080378 1.6940681 1.7299023 2.0748108 1.7125741 2.4465466 1.9274802 1.7778831 2.0008883 2.4619398 2.6011499 2.2138927 2.3579603 1.9411356 
Nvec_v1g143091                                         1.8621533 1.0453863 0.9741557 1.0792474 1.0514868 1.2561477 0.2501547 0.0000000 0.3152854 0.3799083 0.2873209 0.2723191 0.2763911 0.2878435 0.8511866 1.0802730 1.1673418 1.0891858 1.0725458 1.0605474 1.3799916 1.3686158 1.5306606 1.3644387 1.5849001 1.7349290 1.5727935 1.8053833 1.9295955 1.8563156 1.5572064 1.5571364 1.5511582 1.5158526 1.4991888 1.5272403 1.5862097 1.6791514 1.6499094 1.5860676 1.6686647 1.7064632 1.9190442 1.6691915 2.3666682 1.8010931 1.7574237 1.9530594 2.4088662 2.6074697 2.1975017 2.2911605 1.9227666 
Adig_XM_015925460.1                                    1.8960647 1.1154586 1.0129995 1.0350107 1.0744332 1.2792961 0.3321677 0.3152854 0.0000000 0.0523465 0.1548342 0.1605981 0.1468034 0.1806573 0.8215226 1.0716402 1.1624901 1.0453674 1.0108456 1.0329232 1.3446453 1.3509508 1.4953804 1.3671321 1.6436552 1.6629135 1.6274137 1.7362453 1.8281826 1.8448494 1.6244568 1.6246037 1.5988392 1.5684299 1.5631756 1.5862485 1.6201177 1.6954794 1.6496648 1.5877859 1.6751523 1.7140898 2.0182173 1.6328815 2.2376317 1.8712019 1.6914792 1.9253239 2.4914944 2.5907021 2.1765766 2.2494695 1.9304817 
Amil_Amillepora09162-RA                                2.0424068 1.2862353 1.2013413 1.1186083 1.2726146 1.5072395 0.4049636 0.3799083 0.0523465 0.0000000 0.2072307 0.2258752 0.1751086 0.2391465 0.9643539 1.2182382 1.7274861 1.2355492 1.1845996 1.1547947 1.6097342 1.4996630 1.6606985 1.5246264 1.7521023 1.8119398 1.7924135 1.8267704 1.8853649 1.9667601 1.8142237 1.8106970 1.7725209 1.7387477 1.7424924 1.7733547 1.7992152 1.6975962 1.6768260 1.5900467 1.6976270 1.7487009 1.9920573 1.6727850 2.2279153 1.8766080 1.6689216 2.0095054 2.5814344 2.6545458 2.3019565 2.3189354 1.9004132 
Gfas_gfas1.m1.16937.m1                                 1.7851691 1.0357519 0.9592752 1.0297859 1.0219382 1.1957342 0.2990058 0.2873209 0.1548342 0.2072307 0.0000000 0.1103543 0.0989304 0.1329876 0.8178616 1.0452045 1.2006067 1.0174019 0.9927371 1.0315622 1.3042288 1.3157574 1.4598155 1.3385884 1.5638548 1.6205453 1.5863127 1.7027997 1.8382512 1.8481526 1.5861777 1.5863109 1.5756757 1.5350968 1.5370506 1.5597034 1.5901120 1.6955754 1.5893781 1.5371697 1.6118355 1.6424175 1.7945371 1.6146956 2.1186511 1.8637352 1.8017939 1.9615893 2.4273711 2.4648918 2.1038810 2.3092758 1.9308067 
Fspp_ffun1.m4.4643.m1                                  1.8276002 1.0134980 0.9736143 1.0528765 1.0382376 1.2225553 0.2848484 0.2723191 0.1605981 0.2258752 0.1103543 0.0000000 0.0522468 0.0866062 0.8403067 1.0597536 1.1873867 1.0111541 0.9585976 1.0168100 1.2613141 1.3100393 1.4657546 1.3201557 1.5585792 1.5913782 1.5303474 1.7329697 1.8150042 1.8245911 1.5979398 1.5980773 1.5908034 1.5529021 1.5304800 1.5530311 1.6067000 1.7462842 1.5993995 1.5817713 1.6556971 1.6787541 1.8125557 1.6277106 2.0762393 1.8648359 1.7625941 1.9177642 2.4510948 2.4794237 2.1113197 2.2587619 1.9955888 
Gasp_gasp1.m3.20012.m1                                 1.6954008 1.0619824 0.9280942 1.0237532 0.9731671 1.2119925 0.2760288 0.2763911 0.1468034 0.1751086 0.0989304 0.0522468 0.0000000 0.0733844 0.8092697 1.0003873 0.7425476 0.8956372 0.8750920 0.9314626 1.2643394 1.1027597 1.3965947 1.2445122 1.5913018 1.6269393 1.5128787 1.7560962 1.8242397 1.8067434 1.4500631 1.4500631 1.4482218 1.4410267 1.4371950 1.4371950 1.4527673 1.7263724 1.6137176 1.5963116 1.6071087 1.6606450 1.7998772 1.6329029 2.1533951 1.8802758 1.7565765 1.9477412 2.2993064 2.3106911 1.9470501 2.2506498 1.9848025 
Spis_XP_022781032_1                                    1.8507074 1.0829313 1.0204973 1.0577193 1.0722363 1.2523707 0.3031437 0.2878435 0.1806573 0.2391465 0.1329876 0.0866062 0.0733844 0.0000000 0.8512493 1.0542983 1.1902442 1.0338705 1.0214989 1.0750475 1.3702557 1.3787162 1.5033675 1.3282491 1.6342111 1.6707518 1.5821188 1.7669069 1.8415208 1.8469191 1.5875825 1.5877167 1.6062939 1.5574917 1.5522252 1.5751935 1.6157129 1.7154463 1.6178517 1.5422928 1.6256950 1.6437261 1.7937032 1.6304305 2.0938736 1.8719147 1.7568088 1.9213677 2.4530782 2.5214662 2.1552117 2.2590679 2.0558897 
Dgig_XM_028535882.1                                    2.1021886 1.4066284 1.3544426 1.2866140 1.4301343 1.5239589 0.8855572 0.8511866 0.8215226 0.9643539 0.8178616 0.8403067 0.8092697 0.8512493 0.0000000 0.5045518 1.2686317 1.3111793 1.2664565 1.2793744 1.6529909 1.4868175 1.6326001 1.5732620 1.7393447 1.9381521 1.8670321 1.9637466 1.9897137 1.9602704 1.6562767 1.6532752 1.7482376 1.7409496 1.7251346 1.7536884 1.7699328 1.9796157 2.0143107 1.9641335 2.0933259 2.0844533 2.6640904 2.0139031 3.0539996 2.2109249 1.8861066 2.1015252 2.8486298 2.7909104 2.4548052 2.6362320 2.2357476 
Xesp_006845-T1                                         2.3150263 1.6486555 1.6079684 1.4116357 1.5820599 1.6664848 1.0932465 1.0802730 1.0716402 1.2182382 1.0452045 1.0597536 1.0003873 1.0542983 0.5045518 0.0000000 1.5467464 1.5258792 1.5084155 1.4366148 1.7822118 1.6929342 1.8384527 1.7413261 1.9987032 2.2476908 1.9424920 2.1124790 2.0628702 2.1719561 1.8105477 1.8073401 1.8572542 1.8475177 1.8198551 1.8180637 1.8833800 2.0776780 2.1684688 2.1614622 2.2923650 2.3277558 2.9791418 2.2418677 3.7304844 2.5177732 2.0968760 2.4142835 2.8676275 2.9125498 2.7577151 2.7274576 2.4599855 
Aaur_scaffold741.g5.t1                                 2.2410858 1.1385682 1.3668267 1.1266526 1.3287468 1.1651396 1.1927720 1.1673418 1.1624901 1.7274861 1.2006067 1.1873867 0.7425476 1.1902442 1.2686317 1.5467464 0.0000000 0.4680830 0.4722910 0.5871223 1.3708292 7.1826313 1.7086785 1.8469826 1.8652061 1.6584415 1.9157211 1.8340231 7.3160326 2.1180583 1.5833490 1.5875384 1.5938892 1.4376179 1.4655265 1.5276502 1.5087734 0.0000010 1.9550881 1.4314957 1.9849850 1.8803897 0.0000010 1.8695847 0.0000010 2.1236162 2.8426915 1.6657798 4.2339185 5.0017925 3.0616465 2.3178284 0.0000010 
Nemnom_g13760.t1                                       2.1430776 1.4809818 1.4104078 1.4723782 1.5011767 1.6773544 1.0756748 1.0891858 1.0453674 1.2355492 1.0174019 1.0111541 0.8956372 1.0338705 1.3111793 1.5258792 0.4680830 0.0000000 0.1971638 0.7021620 1.7323353 1.5709654 1.7911210 1.7468163 2.0013485 1.9333329 1.8961274 2.0366418 2.2398122 2.2910781 1.7359753 1.7361716 1.7699606 1.7300667 1.7400095 1.7544982 1.7722981 1.9011459 1.9872173 1.9283307 2.0220331 2.0462846 2.3028025 1.9852028 2.4336189 2.2055879 2.0273408 2.2915685 2.8939437 2.9459538 2.4781052 2.6484650 2.1408134 
Rhoesc_Res_011288-T1                                   2.0656095 1.4325274 1.3913187 1.4457693 1.4494741 1.6464248 1.0554990 1.0725458 1.0108456 1.1845996 0.9927371 0.9585976 0.8750920 1.0214989 1.2664565 1.5084155 0.4722910 0.1971638 0.0000000 0.6522217 1.6650996 1.5302774 1.7493092 1.6619511 1.9367456 1.8410522 1.9288136 2.0898350 2.1818005 2.1999807 1.7156232 1.7158114 1.6918741 1.6679564 1.6860967 1.7028454 1.7153331 1.9406459 1.9380829 1.8792782 1.9663238 2.0103035 2.3920413 1.9605769 2.3549232 2.1820188 2.0390928 2.1867972 2.9090644 2.9994290 2.5060128 2.6644529 1.9970296 
Sanmal_Sma_025196-T1                                   2.0611444 1.4290822 1.3540648 1.3764509 1.3897258 1.6123889 1.0480747 1.0605474 1.0329232 1.1547947 1.0315622 1.0168100 0.9314626 1.0750475 1.2793744 1.4366148 0.5871223 0.7021620 0.6522217 0.0000000 1.6760717 1.4626367 1.6259907 1.6185493 1.9277338 1.9044342 1.9239447 1.9523602 2.0931479 2.0411437 1.6313386 1.6293445 1.6800212 1.6640106 1.6619343 1.6796475 1.6715653 1.9235860 1.9641148 1.8321622 1.9529884 2.0212250 2.2716016 1.9532686 2.1261005 2.1696795 1.9070616 2.1221329 2.7398463 2.8368098 2.3193853 2.5387434 1.9461699 
Spur_XM_030975307.1                                    1.9531941 1.2561381 1.0571251 1.1704757 1.1983988 1.3601520 1.3898818 1.3799916 1.3446453 1.6097342 1.3042288 1.2613141 1.2643394 1.3702557 1.6529909 1.7822118 1.3708292 1.7323353 1.6650996 1.6760717 0.0000000 1.4968542 1.6616059 1.7776213 1.7497227 1.9927569 1.7989417 2.1724284 2.4333023 2.2164173 1.8768457 1.8779479 1.8762495 1.8094917 1.8750955 1.9147149 1.9337117 2.2850555 1.9700324 2.0015941 2.0684526 2.0647313 2.6716617 2.0226089 3.0438726 2.2936421 1.8295519 2.2240745 2.8379098 2.8708728 2.6349501 2.5815741 2.5341963 
Ocar_g5327                                             2.1177597 1.6296235 1.4024972 1.3312790 1.4105545 1.4783421 1.2932228 1.3686158 1.3509508 1.4996630 1.3157574 1.3100393 1.1027597 1.3787162 1.4868175 1.6929342 7.1826313 1.5709654 1.5302774 1.4626367 1.4968542 0.0000000 0.1346476 0.7085556 1.4801670 1.3596185 1.6102167 1.5463897 1.5093856 1.5942731 1.7285927 1.7229926 1.6705357 1.6907546 1.6413239 1.6413239 1.6507617 1.4092425 1.6483444 1.4594939 1.6718022 1.6949348 1.9825503 1.7563939 3.0897972 1.6726122 1.7234604 1.7222409 2.5104407 2.1427590 2.0863777 2.3624904 2.0739839 
Opea_EP00118_Oscarella_pearsei_P019117                 2.3475692 1.6467620 1.5101912 1.5791187 1.6890856 1.6754745 1.5239991 1.5306606 1.4953804 1.6606985 1.4598155 1.4657546 1.3965947 1.5033675 1.6326001 1.8384527 1.7086785 1.7911210 1.7493092 1.6259907 1.6616059 0.1346476 0.0000000 0.8478037 1.5720735 1.7554059 1.7087396 1.6041952 1.9615418 1.8220647 1.8718301 1.8685098 1.8551977 1.8412140 1.8594864 1.8729008 1.8644762 1.8038476 1.8862031 1.7536793 1.8851192 1.8476823 2.5075854 1.8923657 2.5448715 2.0867826 1.7081191 1.9927024 2.5191146 2.5795705 2.0941417 2.3491929 2.2656472 
Plajan_Pjan_C567282_01                                 2.2837818 1.5864770 1.6044504 1.6040222 1.7433749 1.7021110 1.3572679 1.3644387 1.3671321 1.5246264 1.3385884 1.3201557 1.2445122 1.3282491 1.5732620 1.7413261 1.8469826 1.7468163 1.6619511 1.6185493 1.7776213 0.7085556 0.8478037 0.0000000 1.5761949 1.8083942 1.6689298 1.7217645 2.0367191 1.9087248 1.9385087 1.9351810 1.9512445 1.9437282 1.9409918 1.9429707 1.9631979 1.9964995 1.9729320 1.8245368 1.9372246 1.9684951 2.4307202 1.8716503 2.3538739 2.2908988 1.9215710 2.1526758 2.4612010 2.6982778 2.1671836 2.3342226 2.4217603 
Tetwil_g6729.t1                                        2.4400723 1.7420710 1.6092999 1.7740308 1.8177709 1.8992675 1.6123422 1.5849001 1.6436552 1.7521023 1.5638548 1.5585792 1.5913018 1.6342111 1.7393447 1.9987032 1.8652061 2.0013485 1.9367456 1.9277338 1.7497227 1.4801670 1.5720735 1.5761949 0.0000000 0.6416053 0.8761041 1.1806366 1.4155031 1.3056341 1.8956811 1.8922725 1.9343986 1.9171912 1.9218610 1.9592081 1.9464817 2.0655056 2.0219802 1.9072051 2.0816659 2.0390529 2.8531792 1.9572839 2.6179285 2.2645192 1.8368328 2.1818674 2.6910174 2.7457962 2.4765474 2.6816668 2.1968004 
Stycar_maker-SC_scaffold2843-augustus-gene-0.11-mRNA-1 2.1986489 1.8914582 1.8021258 2.0796716 2.0065913 2.2046011 1.6168500 1.7349290 1.6629135 1.8119398 1.6205453 1.5913782 1.6269393 1.6707518 1.9381521 2.2476908 1.6584415 1.9333329 1.8410522 1.9044342 1.9927569 1.3596185 1.7554059 1.8083942 0.6416053 0.0000000 0.7976049 1.1112985 1.1817286 1.2395640 1.7922022 1.7922022 1.8745028 1.8665016 1.7970113 1.7970113 1.8699107 2.1284031 2.1266248 2.0982859 2.0982859 2.1340607 2.6258693 2.1025335 2.6143471 2.2717585 1.9691366 2.3065935 2.4137783 2.2801806 2.1422082 2.8295069 2.6217665 
Spolac_c99672_g1_i4_m.20293c99672-g1                   2.3684788 1.7991221 1.6759123 1.7961225 1.8219446 1.9800524 1.5853380 1.5727935 1.6274137 1.7924135 1.5863127 1.5303474 1.5128787 1.5821188 1.8670321 1.9424920 1.9157211 1.8961274 1.9288136 1.9239447 1.7989417 1.6102167 1.7087396 1.6689298 0.8761041 0.7976049 0.0000000 1.2850540 1.4176723 1.3724648 1.9829452 1.9794881 2.0272509 2.0221902 1.9913468 2.0043142 1.9891509 2.0782980 2.0217822 1.9103229 2.0516503 2.0921702 2.7234122 1.9955420 2.5703914 2.2969286 1.9630917 2.2135478 2.6829115 2.7266577 2.3261031 2.6436920 2.4638161 
Plespi_Pspi_scaffold5784_01                            2.5149853 1.9615491 1.9055983 1.9064166 2.0374422 2.2437695 1.8445286 1.8053833 1.7362453 1.8267704 1.7027997 1.7329697 1.7560962 1.7669069 1.9637466 2.1124790 1.8340231 2.0366418 2.0898350 1.9523602 2.1724284 1.5463897 1.6041952 1.7217645 1.1806366 1.1112985 1.2850540 0.0000000 1.4604344 1.4856960 2.0291902 2.0263556 2.0626907 2.0140786 2.0569587 2.0555194 2.0720220 2.2632386 2.2670738 2.1121876 2.3117928 2.3100550 2.9379443 2.2365708 2.7224036 2.4131437 2.0462635 2.4948815 2.9100511 2.9133000 2.6405989 2.9373292 2.4836813 
Aque_Aqu2.1.38714_001                                  2.6881409 2.5704364 2.0392170 2.2546377 2.0848765 2.4587052 1.9957614 1.9295955 1.8281826 1.8853649 1.8382512 1.8150042 1.8242397 1.8415208 1.9897137 2.0628702 7.3160326 2.2398122 2.1818005 2.0931479 2.4333023 1.5093856 1.9615418 2.0367191 1.4155031 1.1817286 1.4176723 1.4604344 0.0000000 0.6786041 2.3267794 2.3267794 2.3774944 2.3586668 2.4200491 2.4200491 2.4795634 2.1956715 2.2714942 2.2917687 2.2917687 2.4123043 3.6421226 2.3060845 2.8822533 2.3797285 1.9868073 2.3896100 3.0002831 2.7720943 2.5203814 3.0288617 2.9025454 
Halamb_c45041_g1_i2mm.1596                             2.5754334 2.0708829 1.9618504 2.1714176 2.1379951 2.3413876 1.8106038 1.8563156 1.8448494 1.9667601 1.8481526 1.8245911 1.8067434 1.8469191 1.9602704 2.1719561 2.1180583 2.2910781 2.1999807 2.0411437 2.2164173 1.5942731 1.8220647 1.9087248 1.3056341 1.2395640 1.3724648 1.4856960 0.6786041 0.0000000 2.1256553 2.1236585 2.1812313 2.1880180 2.1706028 2.1562996 2.2130447 2.2666320 2.3521316 2.2553854 2.3527663 2.3855887 3.2784217 2.3356026 3.0784683 2.4227688 2.0721160 2.4967803 3.0057491 2.7062777 2.7121677 3.1234727 2.8953367 
Tadh_TriadT52557                                       2.1789957 1.6999690 1.5374812 1.6124811 1.6889144 1.8641585 1.5351537 1.5572064 1.6244568 1.8142237 1.5861777 1.5979398 1.4500631 1.5875825 1.6562767 1.8105477 1.5833490 1.7359753 1.7156232 1.6313386 1.8768457 1.7285927 1.8718301 1.9385087 1.8956811 1.7922022 1.9829452 2.0291902 2.3267794 2.1256553 0.0000000 0.0015366 0.1881190 0.1696546 0.1738353 0.1924973 0.1824973 1.9924868 2.0352240 2.0037795 2.1196350 2.1050349 2.3669911 2.0111688 2.6857888 2.1480895 1.7401588 1.9812174 2.8566513 2.8948962 2.6602900 2.7847416 2.6735949 
TrH2_TrispH2_000213-RA                                 2.1753634 1.7001465 1.5375996 1.6124811 1.6890877 1.8643988 1.5349903 1.5571364 1.6246037 1.8106970 1.5863109 1.5980773 1.4500631 1.5877167 1.6532752 1.8073401 1.5875384 1.7361716 1.7158114 1.6293445 1.8779479 1.7229926 1.8685098 1.9351810 1.8922725 1.7922022 1.9794881 2.0263556 2.3267794 2.1236585 0.0015366 0.0000000 0.1863008 0.1678838 0.1720349 0.1906690 0.1843317 1.9924868 2.0352240 2.0037795 2.1196350 2.1050349 2.3669911 2.0111688 2.6857888 2.1480895 1.7401588 1.9812174 2.8533918 2.8905657 2.6562002 2.7847416 2.6735949 
HoiH06_mRNA9573                                        2.2958323 1.6964555 1.5932829 1.6155326 1.7491184 1.8477290 1.5504182 1.5511582 1.5988392 1.7725209 1.5756757 1.5908034 1.4482218 1.6062939 1.7482376 1.8572542 1.5938892 1.7699606 1.6918741 1.6800212 1.8762495 1.6705357 1.8551977 1.9512445 1.9343986 1.8745028 2.0272509 2.0626907 2.3774944 2.1812313 0.1881190 0.1863008 0.0000000 0.0550718 0.0865285 0.0808542 0.1302016 2.0066293 2.0719669 2.0067998 2.1280158 2.1167735 2.5626717 2.0349645 2.9085019 2.1782692 1.6769441 1.9116105 2.8501992 2.9932135 2.6247429 2.8963930 2.6504943 
HoiH23_PlH23_000739-RA                                 2.2477784 1.6463565 1.5333372 1.6013869 1.6980683 1.7729674 1.5262202 1.5158526 1.5684299 1.7387477 1.5350968 1.5529021 1.4410267 1.5574917 1.7409496 1.8475177 1.4376179 1.7300667 1.6679564 1.6640106 1.8094917 1.6907546 1.8412140 1.9437282 1.9171912 1.8665016 2.0221902 2.0140786 2.3586668 2.1880180 0.1696546 0.1678838 0.0550718 0.0000000 0.0827506 0.0938503 0.1367185 2.0395509 2.0569234 2.0186008 2.1281656 2.1118187 2.4802092 2.0123891 2.8190137 2.2118847 1.7191135 1.9724627 2.7640224 2.8566816 2.5905657 2.8475524 2.6202048 
Hhon_g04506.t1                                         2.2473551 1.6423394 1.5239323 1.5921388 1.6663969 1.7870937 1.5254556 1.4991888 1.5631756 1.7424924 1.5370506 1.5304800 1.4371950 1.5522252 1.7251346 1.8198551 1.4655265 1.7400095 1.6860967 1.6619343 1.8750955 1.6413239 1.8594864 1.9409918 1.9218610 1.7970113 1.9913468 2.0569587 2.4200491 2.1706028 0.1738353 0.1720349 0.0865285 0.0827506 0.0000000 0.0140554 0.1298362 2.0643174 2.0902463 2.0642023 2.1477669 2.1464632 2.4612972 2.0542001 2.8761612 2.2932213 1.7995410 1.9975331 2.7645238 2.8295420 2.6024618 2.8792392 2.6602502 
HoiH04_mRNA4417                                        2.3076033 1.6947118 1.5771416 1.5921388 1.6807113 1.8301428 1.5450072 1.5272403 1.5862485 1.7733547 1.5597034 1.5530311 1.4371950 1.5751935 1.7536884 1.8180637 1.5276502 1.7544982 1.7028454 1.6796475 1.9147149 1.6413239 1.8729008 1.9429707 1.9592081 1.7970113 2.0043142 2.0555194 2.4200491 2.1562996 0.1924973 0.1906690 0.0808542 0.0938503 0.0140554 0.0000000 0.1301068 2.0643174 2.1415463 2.0642023 2.2038677 2.1967151 2.4612972 2.1064550 2.8761612 2.2932213 1.7995410 1.9975331 2.8210942 2.9145082 2.6567132 2.8792392 2.6602502 
HoiH11_mRNA5340                                        2.2808791 1.7061625 1.5614733 1.6244329 1.7305242 1.8671361 1.5730774 1.5862097 1.6201177 1.7992152 1.5901120 1.6067000 1.4527673 1.6157129 1.7699328 1.8833800 1.5087734 1.7722981 1.7153331 1.6715653 1.9337117 1.6507617 1.8644762 1.9631979 1.9464817 1.8699107 1.9891509 2.0720220 2.4795634 2.2130447 0.1824973 0.1843317 0.1302016 0.1367185 0.1298362 0.1301068 0.0000000 1.9742361 2.0456964 1.9630278 2.0989655 2.1012389 2.4834345 2.0068928 2.8328557 2.1244048 1.6904857 1.9410671 2.8511131 2.9415161 2.6541640 2.8059138 2.7120911 
Pbac_sb2657561                                         2.5666562 2.1422899 1.9175839 1.9925017 2.0606093 2.0626194 1.6603333 1.6791514 1.6954794 1.6975962 1.6955754 1.7462842 1.7263724 1.7154463 1.9796157 2.0776780 0.0000010 1.9011459 1.9406459 1.9235860 2.2850555 1.4092425 1.8038476 1.9964995 2.0655056 2.1284031 2.0782980 2.2632386 2.1956715 2.2666320 1.9924868 1.9924868 2.0066293 2.0395509 2.0643174 2.0643174 1.9742361 0.0000000 0.0907759 0.2559807 0.2559807 0.2711509 0.3833173 0.3601910 1.0080030 0.9423709 0.5750166 0.8575975 2.8647786 2.8692054 2.7813509 3.4641377 2.4753217 
Horcal_Hcv1.av93.c1.g523.i1                            2.5155870 1.9214713 1.7100783 1.8998019 1.9534196 2.0960285 1.6795925 1.6499094 1.6496648 1.6768260 1.5893781 1.5993995 1.6137176 1.6178517 2.0143107 2.1684688 1.9550881 1.9872173 1.9380829 1.9641148 1.9700324 1.6483444 1.8862031 1.9729320 2.0219802 2.1266248 2.0217822 2.2670738 2.2714942 2.3521316 2.0352240 2.0352240 2.0719669 2.0569234 2.0902463 2.1415463 2.0456964 0.0907759 0.0000000 0.1788233 0.1995392 0.2141711 0.2556522 0.2668355 0.4632746 0.8020591 0.5704719 0.6922277 2.7917281 2.9310509 2.7407543 2.9183300 2.3499364 
Bolinf_Binf_sb1228587                                  2.3051099 1.8371188 1.7002849 1.8841750 1.9380806 2.0960998 1.6080378 1.5860676 1.5877859 1.5900467 1.5371697 1.5817713 1.5963116 1.5422928 1.9641335 2.1614622 1.4314957 1.9283307 1.8792782 1.8321622 2.0015941 1.4594939 1.7536793 1.8245368 1.9072051 2.0982859 1.9103229 2.1121876 2.2917687 2.2553854 2.0037795 2.0037795 2.0067998 2.0186008 2.0642023 2.0642023 1.9630278 0.2559807 0.1788233 0.0000000 0.0017466 0.1674631 0.2242169 0.2357748 0.4021097 0.7663292 0.5584443 0.6954376 2.7034880 2.8504174 2.5416360 2.7788579 2.3089673 
Mertsp_Mesp_sb563374                                   2.4784874 1.8913440 1.7790186 1.8983789 1.9890523 2.1468726 1.6940681 1.6686647 1.6751523 1.6976270 1.6118355 1.6556971 1.6071087 1.6256950 2.0933259 2.2923650 1.9849850 2.0220331 1.9663238 1.9529884 2.0684526 1.6718022 1.8851192 1.9372246 2.0816659 2.0982859 2.0516503 2.3117928 2.2917687 2.3527663 2.1196350 2.1196350 2.1280158 2.1281656 2.1477669 2.2038677 2.0989655 0.2559807 0.1995392 0.0017466 0.0000000 0.1835178 0.2323433 0.2572538 0.4021097 0.7663292 0.5584443 0.6954376 2.8047902 2.9338049 2.6945880 2.7788579 2.3089673 
Beraby_Baby_sb349152                                   2.6087979 1.9131345 1.7535241 1.9747835 1.9915909 2.1145822 1.7299023 1.7064632 1.7140898 1.7487009 1.6424175 1.6787541 1.6606450 1.6437261 2.0844533 2.3277558 1.8803897 2.0462846 2.0103035 2.0212250 2.0647313 1.6949348 1.8476823 1.9684951 2.0390529 2.1340607 2.0921702 2.3100550 2.4123043 2.3855887 2.1050349 2.1050349 2.1167735 2.1118187 2.1464632 2.1967151 2.1012389 0.2711509 0.2141711 0.1674631 0.1835178 0.0000000 0.2735995 0.2793925 0.4612840 0.7874534 0.5808514 0.7243954 2.8500432 3.0316472 2.7523471 2.9386108 2.4373168 
Drygla_Dgla_sb289219                                   2.7907430 1.9520350 2.2299994 2.3702285 2.2898471 2.7046248 2.0748108 1.9190442 2.0182173 1.9920573 1.7945371 1.8125557 1.7998772 1.7937032 2.6640904 2.9791418 0.0000010 2.3028025 2.3920413 2.2716016 2.6716617 1.9825503 2.5075854 2.4307202 2.8531792 2.6258693 2.7234122 2.9379443 3.6421226 3.2784217 2.3669911 2.3669911 2.5626717 2.4802092 2.4612972 2.4612972 2.4834345 0.3833173 0.2556522 0.2242169 0.2323433 0.2735995 0.0000000 0.3120369 0.4630521 1.0241178 1.0839958 1.1205635 2.3549138 2.2601420 2.2466436 2.4998358 2.8084808 
Lampan_Lpan_10942_01                                   2.5124723 1.8006136 1.7457434 1.9407097 1.9624644 2.0758902 1.7125741 1.6691915 1.6328815 1.6727850 1.6146956 1.6277106 1.6329029 1.6304305 2.0139031 2.2418677 1.8695847 1.9852028 1.9605769 1.9532686 2.0226089 1.7563939 1.8923657 1.8716503 1.9572839 2.1025335 1.9955420 2.2365708 2.3060845 2.3356026 2.0111688 2.0111688 2.0349645 2.0123891 2.0542001 2.1064550 2.0068928 0.3601910 0.2668355 0.2357748 0.2572538 0.2793925 0.3120369 0.0000000 0.3870307 0.8244418 0.6149104 0.7057320 2.7878421 2.8856749 2.6004280 2.8414691 2.3426117 
Eupdun_Edun_sb10641558                                 2.8634963 1.9046564 2.4077752 2.8123918 2.5451369 3.0073982 2.4465466 2.3666682 2.2376317 2.2279153 2.1186511 2.0762393 2.1533951 2.0938736 3.0539996 3.7304844 0.0000010 2.4336189 2.3549232 2.1261005 3.0438726 3.0897972 2.5448715 2.3538739 2.6179285 2.6143471 2.5703914 2.7224036 2.8822533 3.0784683 2.6857888 2.6857888 2.9085019 2.8190137 2.8761612 2.8761612 2.8328557 1.0080030 0.4632746 0.4021097 0.4021097 0.4612840 0.4630521 0.3870307 0.0000000 0.9940669 0.0000010 0.9715804 2.3598110 2.4235836 2.1348255 2.5893165 2.7565433 
Vmul_SimC401242                                        2.4430908 2.0990831 1.9353192 2.2347805 2.2315634 2.4181150 1.9274802 1.8010931 1.8712019 1.8766080 1.8637352 1.8648359 1.8802758 1.8719147 2.2109249 2.5177732 2.1236162 2.2055879 2.1820188 2.1696795 2.2936421 1.6726122 2.0867826 2.2908988 2.2645192 2.2717585 2.2969286 2.4131437 2.3797285 2.4227688 2.1480895 2.1480895 2.1782692 2.2118847 2.2932213 2.2932213 2.1244048 0.9423709 0.8020591 0.7663292 0.7663292 0.7874534 1.0241178 0.8244418 0.9940669 0.0000000 0.5538872 0.6729808 2.8400883 2.8164812 2.6285438 2.8999346 2.5654303 
Coeast_Cast_sb780181                                   2.2746205 2.0592867 1.5246905 1.7478698 1.9902788 1.9460945 1.7778831 1.7574237 1.6914792 1.6689216 1.8017939 1.7625941 1.7565765 1.7568088 1.8861066 2.0968760 2.8426915 2.0273408 2.0390928 1.9070616 1.8295519 1.7234604 1.7081191 1.9215710 1.8368328 1.9691366 1.9630917 2.0462635 1.9868073 2.0721160 1.7401588 1.7401588 1.6769441 1.7191135 1.7995410 1.7995410 1.6904857 0.5750166 0.5704719 0.5584443 0.5584443 0.5808514 1.0839958 0.6149104 0.0000010 0.5538872 0.0000000 0.0469765 2.9856226 2.9981235 2.5967278 2.8039626 2.2870366 
Coemet_Cmet_scaffold2043_01                            2.6224771 2.1094594 1.9342233 2.1075845 2.2558430 2.3256662 2.0008883 1.9530594 1.9253239 2.0095054 1.9615893 1.9177642 1.9477412 1.9213677 2.1015252 2.4142835 1.6657798 2.2915685 2.1867972 2.1221329 2.2240745 1.7222409 1.9927024 2.1526758 2.1818674 2.3065935 2.2135478 2.4948815 2.3896100 2.4967803 1.9812174 1.9812174 1.9116105 1.9724627 1.9975331 1.9975331 1.9410671 0.8575975 0.6922277 0.6954376 0.6954376 0.7243954 1.1205635 0.7057320 0.9715804 0.6729808 0.0469765 0.0000000 2.7642385 2.8229480 2.6770924 2.8569117 2.5471388 
Scil_scict015632.1                                     2.9045436 2.5238266 2.5212553 2.4812319 2.7870421 2.7373738 2.4619398 2.4088662 2.4914944 2.5814344 2.4273711 2.4510948 2.2993064 2.4530782 2.8486298 2.8676275 4.2339185 2.8939437 2.9090644 2.7398463 2.8379098 2.5104407 2.5191146 2.4612010 2.6910174 2.4137783 2.6829115 2.9100511 3.0002831 3.0057491 2.8566513 2.8533918 2.8501992 2.7640224 2.7645238 2.8210942 2.8511131 2.8647786 2.7917281 2.7034880 2.8047902 2.8500432 2.3549138 2.7878421 2.3598110 2.8400883 2.9856226 2.7642385 0.0000000 1.1133937 1.1825383 1.2569735 3.0582313 
Gracom_Gcom_C559720_01                                 3.0395514 2.6041995 2.5350191 2.6211260 2.9609858 3.0761622 2.6011499 2.6074697 2.5907021 2.6545458 2.4648918 2.4794237 2.3106911 2.5214662 2.7909104 2.9125498 5.0017925 2.9459538 2.9994290 2.8368098 2.8708728 2.1427590 2.5795705 2.6982778 2.7457962 2.2801806 2.7266577 2.9133000 2.7720943 2.7062777 2.8948962 2.8905657 2.9932135 2.8566816 2.8295420 2.9145082 2.9415161 2.8692054 2.9310509 2.8504174 2.9338049 3.0316472 2.2601420 2.8856749 2.4235836 2.8164812 2.9981235 2.8229480 1.1133937 0.0000000 1.2566740 1.4527466 2.8712724 
Lcom_lcpid32812                                        2.7859289 2.3178629 2.2804907 2.1899555 2.4866923 2.5503436 2.2138927 2.1975017 2.1765766 2.3019565 2.1038810 2.1113197 1.9470501 2.1552117 2.4548052 2.7577151 3.0616465 2.4781052 2.5060128 2.3193853 2.6349501 2.0863777 2.0941417 2.1671836 2.4765474 2.1422082 2.3261031 2.6405989 2.5203814 2.7121677 2.6602900 2.6562002 2.6247429 2.5905657 2.6024618 2.6567132 2.6541640 2.7813509 2.7407543 2.5416360 2.6945880 2.7523471 2.2466436 2.6004280 2.1348255 2.6285438 2.5967278 2.6770924 1.1825383 1.2566740 0.0000000 1.2893469 2.6733631 
Leuniv_Lniv_scaffold15346_01                           2.9865646 2.6209517 2.4027044 2.3674642 2.6282790 2.5475421 2.3579603 2.2911605 2.2494695 2.3189354 2.3092758 2.2587619 2.2506498 2.2590679 2.6362320 2.7274576 2.3178284 2.6484650 2.6644529 2.5387434 2.5815741 2.3624904 2.3491929 2.3342226 2.6816668 2.8295069 2.6436920 2.9373292 3.0288617 3.1234727 2.7847416 2.7847416 2.8963930 2.8475524 2.8792392 2.8792392 2.8059138 3.4641377 2.9183300 2.7788579 2.7788579 2.9386108 2.4998358 2.8414691 2.5893165 2.8999346 2.8039626 2.8569117 1.2569735 1.4527466 1.2893469 0.0000000 2.9523803 
Hvul_g21279_1                                          3.0771419 2.2012431 2.1997972 2.1480421 2.1031180 2.1845096 1.9411356 1.9227666 1.9304817 1.9004132 1.9308067 1.9955888 1.9848025 2.0558897 2.2357476 2.4599855 0.0000010 2.1408134 1.9970296 1.9461699 2.5341963 2.0739839 2.2656472 2.4217603 2.1968004 2.6217665 2.4638161 2.4836813 2.9025454 2.8953367 2.6735949 2.6735949 2.6504943 2.6202048 2.6602502 2.6602502 2.7120911 2.4753217 2.3499364 2.3089673 2.3089673 2.4373168 2.8084808 2.3426117 2.7565433 2.5654303 2.2870366 2.5471388 3.0582313 2.8712724 2.6733631 2.9523803 0.0000000 
