58
Hsap_ENST00000285021                               0.0000000 2.2706922 1.8726858 2.1027621 1.4267750 1.9914985 2.7694048 2.3662819 2.0122595 1.8824785 2.5363880 2.5604574 2.2228474 1.2844164 2.7255326 2.9091258 2.9250540 2.4938684 1.3247641 1.9893141 2.0342521 2.2616319 2.8069931 2.6962294 1.8170923 2.8290763 2.6759288 2.0249910 2.4753467 2.6017801 2.4609818 1.8742534 3.0256453 3.0756566 3.0888598 1.9023814 3.2465140 3.0276163 2.7709132 3.3649595 2.1478885 2.0212742 2.4565487 2.6074865 3.1159424 3.2185206 2.9094048 3.0055507 4.1975283 4.4276932 4.8190012 3.1846902 3.5114475 4.2634628 4.1956021 5.8080088 4.5984997 3.8073214 
Spur_XM_030972013.1                                2.2706922 0.0000000 2.0366440 1.7299419 1.2967380 1.8134242 2.9523367 2.3547562 1.7437677 1.8328209 2.3274739 2.3995312 2.2853323 0.7411929 2.5983933 2.7725724 2.7856452 2.6113184 1.1105288 1.8293666 1.6012879 2.4876986 2.8239956 2.5673037 2.1500159 3.0740117 2.8869683 1.6296918 2.5733293 2.5423396 2.7466054 1.6939040 2.9979681 2.9606848 3.0026127 1.6289703 3.0585417 2.8802833 2.7468955 2.9962886 2.1638045 2.1856723 2.5993718 2.8759330 3.2890804 4.1837898 3.5803042 3.1722988 4.1750039 3.9472142 4.4988573 2.9328571 2.9643458 3.6637303 4.5030614 5.3515622 4.0464161 3.1926551 
Skow_XM_006822419.1                                1.8726858 2.0366440 0.0000000 1.6739781 1.2232372 1.5925175 2.4399614 1.8630415 1.6098324 1.5022634 1.9815412 2.0214176 1.9896087 0.6758025 2.3201982 2.3734547 2.4264224 2.4525092 1.1208608 1.7516224 1.5920697 2.1501372 2.5459560 2.1299508 1.6181634 2.8923950 2.2801974 1.4626301 2.2905317 2.2569819 2.3729374 1.4444378 2.6637967 2.7426390 2.7515891 1.3768309 2.7215065 2.5779077 2.2144427 2.8446180 1.9095091 2.1375793 2.1355268 2.6316327 3.1140149 3.4781844 2.7780436 2.7621603 4.2491987 3.9840748 4.2683531 3.1826876 3.4142130 3.8299507 3.9511848 5.3056663 3.5358034 3.3212515 
Exapal_XM_021056456.2                              2.1027621 1.7299419 1.6739781 0.0000000 0.6223963 1.0096646 1.1696909 1.0309189 1.1170316 0.9631002 1.0581193 1.0974400 1.8508398 0.7251372 1.3248496 1.4258670 1.5074961 1.5051346 1.4349691 1.7149889 1.6797049 1.7000538 1.5080631 2.0203205 2.2120150 2.1076205 2.1968758 1.5461253 2.2583355 1.2627472 1.4011618 1.5967716 2.2523253 2.2355738 2.2973657 1.6220464 2.4845352 2.2187433 1.5076283 2.3272933 1.8711769 1.8183860 2.0044398 2.3276264 2.4890904 1.0874718 2.7320113 3.0728427 2.6345387 2.9153793 2.8288775 2.7589219 2.6125705 3.2513175 2.8033784 3.8338550 3.6765786 3.2365185 
Nvec_v1g41239                                      1.4267750 1.2967380 1.2232372 0.6223963 0.0000000 0.5893915 0.8630481 0.7999660 0.9017150 0.7963746 0.7899866 0.7801521 1.4539019 0.7643223 1.1870439 1.2707825 1.2931483 1.1366182 1.5526787 1.4477362 1.6070477 1.5343801 1.3241552 1.8714385 3.1839441 1.6976167 1.5004594 1.5082322 1.5505560 1.0081592 0.9919362 1.9212502 1.9212502 1.9789984 1.9994630 2.0456197 1.9783471 2.0022579 1.7008759 1.8905980 1.4739527 1.3665417 1.4624254 1.6287276 1.8443303 1.0470831 1.2801943 1.1714910 2.6074962 2.8956808 2.8807833 2.8618270 2.6758889 3.0517550 2.7445618 3.2113124 4.1628816 4.8830147 
Adig_XM_015920059.1                                1.9914985 1.8134242 1.5925175 1.0096646 0.5893915 0.0000000 0.0315066 0.5188623 0.4709204 0.5129884 0.5699103 0.6134009 1.5399685 0.6804197 1.3154960 1.3462234 1.4599695 1.3255095 1.1820475 1.7491303 1.5275701 1.6368304 1.5493907 1.9534349 0.3581553 1.7179257 2.2311631 1.2695315 2.1702586 1.3241285 1.4320642 1.5043891 2.2374388 2.2083770 2.1414537 1.4756921 2.1914531 2.1956836 1.7693948 1.5253278 1.6929411 1.6678129 1.9899506 2.3515512 2.4566589 1.2154852 2.7919586 3.5020867 3.0619713 3.6356092 3.5542671 2.8913558 3.0463182 3.3001493 2.9964916 3.4707461 2.9986448 3.2704830 
Amil_Amillepora17947-RA                            2.7694048 2.9523367 2.4399614 1.1696909 0.8630481 0.0315066 0.0000000 0.5944243 0.6666371 0.5485095 0.8864482 0.8601519 2.0156456 0.6359685 2.0766805 2.0444075 2.2087667 2.2201939 1.4569668 2.3254051 1.7091469 2.6201784 2.2796999 2.3887510 1.7515419 2.9247469 2.8288338 1.5989761 2.6308678 2.1183288 2.3782535 1.6445066 3.1569018 3.2136398 3.1490975 1.6191139 3.0993003 2.9986164 2.6126513 3.3032353 2.0004554 2.5185158 2.7869390 3.3429411 3.7003803 3.2731752 4.2068866 3.9127874 4.2861772 3.7918195 4.4514870 2.7424549 3.0445000 4.4242947 4.4407483 6.5738287 4.8428212 3.0706523 
Gfas_gfas1.m1.14448.m1                             2.3662819 2.3547562 1.8630415 1.0309189 0.7999660 0.5188623 0.5944243 0.0000000 0.4514006 0.3444053 0.5848939 0.5793218 1.8955122 0.5864804 1.7185560 1.7926703 1.9010049 2.0296890 1.2233247 1.9481260 1.6826723 2.2033707 1.8938491 2.1379153 1.8580068 2.5257567 2.3255128 1.4663891 2.4908329 1.8878952 1.8164992 1.4731874 2.7180008 2.7852905 2.8251087 1.4602976 2.6726523 2.5441537 2.1733538 2.8158645 1.8297422 2.2054649 2.4930277 2.5996638 3.0284816 3.8005075 3.3920923 3.0189807 3.8524253 3.8819221 4.1531471 2.7617095 3.0857885 4.1131562 3.8633743 5.2853615 3.3548783 2.8337791 
Fspp_ffun1.m4.11491.m1                             2.0122595 1.7437677 1.6098324 1.1170316 0.9017150 0.4709204 0.6666371 0.4514006 0.0000000 0.3449346 0.4670107 0.4906916 1.5901969 0.6337422 1.3816170 1.4887687 1.6512213 1.5261535 1.3333373 1.9149017 1.5959362 1.5810915 1.5648808 1.8953492 2.7350888 2.0984999 1.9922262 1.2714398 2.2897879 1.3994692 1.4938266 1.6560866 2.3292988 2.0555020 2.3405934 1.6320683 2.3103093 2.2270805 1.7940489 2.1255776 1.6221468 1.7867647 2.1537430 2.3062105 2.2330474 1.2154852 2.8629120 3.5466424 3.1592001 3.0537636 3.0386861 3.0121194 3.0629601 2.9433750 2.9454105 3.1656806 2.5960167 2.6497027 
Gasp_gasp1.m3.26075.m1                             1.8824785 1.8328209 1.5022634 0.9631002 0.7963746 0.5129884 0.5485095 0.3444053 0.3449346 0.0000000 0.3678273 0.3539331 1.5694783 0.6436798 1.1879155 1.2888878 1.3649057 1.3824842 1.2332414 1.6682371 1.4913814 1.4648435 1.2718337 1.7922459 1.8948301 1.8555723 2.0245315 1.3727177 2.2187969 1.2430953 1.2847532 1.5858868 2.3459402 2.1621904 2.2445162 1.5303912 2.3633841 2.1411501 1.5042835 2.1157028 1.5612967 1.5652507 1.9318314 1.9746243 2.3317817 1.2154852 2.7896153 3.3758316 2.6538749 3.0662167 3.0936106 2.5775332 2.6167471 3.0352913 2.6549890 3.3653175 2.8138254 2.2543274 
Spis_XP_022783476_1                                2.5363880 2.3274739 1.9815412 1.0581193 0.7899866 0.5699103 0.8864482 0.5848939 0.4670107 0.3678273 0.0000000 0.1857254 1.8315589 0.5297341 1.7443660 2.0087161 2.0663324 2.0545325 1.1954054 2.0622236 1.6059276 2.4181756 1.9849763 2.0516548 1.7143189 2.8236056 2.4578332 1.4227807 2.4227049 1.9191845 1.9911948 1.5679450 2.8393600 2.9737711 3.0277030 1.5379659 2.9063632 2.7817673 2.1653611 2.8359595 1.8577373 2.2978999 2.4493679 2.6818232 3.1311186 3.9577699 3.6310261 3.2721450 4.3795072 3.6550848 4.1438026 2.7851070 3.2177394 4.0890730 4.0623408 5.8147428 3.6144097 2.7245579 
Pocdam_XM_027189869.1                              2.5604574 2.3995312 2.0214176 1.0974400 0.7801521 0.6134009 0.8601519 0.5793218 0.4906916 0.3539331 0.1857254 0.0000000 1.9704282 0.5531890 1.7693863 1.9725001 2.1044965 2.1005840 1.2694884 2.0874781 1.6999526 2.3593925 1.9845633 2.1350716 1.6552077 2.8007897 2.5793105 1.4754878 2.4464263 1.9327139 2.0574980 1.6676346 2.8028528 2.9627837 2.9779004 1.6248933 2.8833787 2.7387383 2.3117820 2.9233877 1.9050026 2.3398365 2.4699813 2.6512568 3.2467495 3.5177666 3.7389216 3.3472470 4.2540486 3.8652781 4.3839045 2.7211243 3.2039822 4.1716837 4.1928921 5.9520145 3.7173648 2.6805979 
Tetwil_g9882.t1                                    2.2228474 2.2853323 1.9896087 1.8508398 1.4539019 1.5399685 2.0156456 1.8955122 1.5901969 1.5694783 1.8315589 1.9704282 0.0000000 0.3681982 2.0443059 2.1189497 2.0477370 2.0672206 1.3832223 2.0485145 1.7614791 2.2328835 2.1366638 1.7913893 0.7744045 2.2216558 2.4901290 1.6809667 2.5306589 2.0053762 2.0341911 1.6872641 2.4946604 2.5573912 2.4866321 1.7459999 2.5815176 2.5903393 2.3978182 2.6618904 2.2472532 2.1151736 2.3243630 2.7578950 2.9375730 2.3903663 3.5742193 3.7602517 4.5557881 4.5419080 4.6316812 3.3084021 3.6032539 4.5523861 3.8256466 5.2041507 4.0016887 2.1402936 
Stycar_maker-SC_scaffold82147-snap-gene-0.3-mRNA-1 1.2844164 0.7411929 0.6758025 0.7251372 0.7643223 0.6804197 0.6359685 0.5864804 0.6337422 0.6436798 0.5297341 0.5531890 0.3681982 0.0000000 0.6560028 0.6598363 0.7358080 0.7211667 1.0861044 0.9857093 0.9542940 0.8525341 0.7465438 0.7746724 0.0000010 1.0186268 0.8955935 0.9477663 0.7009537 0.9718296 0.8909275 1.4191301 1.3762217 1.6281562 1.7006222 1.6006313 1.6207598 1.6207598 0.9387214 0.7299040 1.1152609 1.1836129 1.2560271 1.3679496 1.5935885 1.8857248 0.4943444 0.8976982 2.8212580 2.7277929 2.7242751 3.2552920 3.0731692 2.9039739 2.4080580 1.8291218 2.3034127 4.6601274 
Aaur_scaffold425.g6.t2                             2.7255326 2.5983933 2.3201982 1.3248496 1.1870439 1.3154960 2.0766805 1.7185560 1.3816170 1.1879155 1.7443660 1.7693863 2.0443059 0.6560028 0.0000000 0.9002511 1.0944409 1.2914121 1.4972647 2.1113627 1.8346442 2.7026147 1.8806213 2.3869072 1.8551258 2.8433649 2.7056546 1.5808635 2.5891446 2.2844884 2.3874767 1.6445181 3.0009819 3.2655696 3.2561479 1.6793657 3.2146544 3.0895991 1.8996201 2.3975857 1.8772246 2.8165939 2.6402775 3.1035978 3.2141338 3.7546715 3.5734844 3.5327097 4.5869771 3.8025571 4.5131337 3.0093950 3.3777339 4.5484419 3.9694485 5.1124020 4.3891850 2.9799320 
Rhoesc_Res_013750-T1                               2.9091258 2.7725724 2.3734547 1.4258670 1.2707825 1.3462234 2.0444075 1.7926703 1.4887687 1.2888878 2.0087161 1.9725001 2.1189497 0.6598363 0.9002511 0.0000000 0.5566747 1.3528927 1.5337482 2.2469982 1.9519831 2.6565940 1.9130912 2.4331946 1.7536590 3.0827571 3.0056797 1.7463485 2.9303613 2.4703643 2.3884147 1.6329950 3.1481986 3.2701612 3.2472367 1.6644334 3.2242274 3.1302941 1.9735479 2.6687099 2.0146018 2.8389049 2.8861610 3.2241482 3.3497701 3.3868002 4.0534397 3.9411648 4.3720221 3.5330295 4.2545045 2.7851423 3.2552977 4.1802491 4.0257663 5.2891169 3.9566884 2.5631637 
Nemnom_g16945.t1                                   2.9250540 2.7856452 2.4264224 1.5074961 1.2931483 1.4599695 2.2087667 1.9010049 1.6512213 1.3649057 2.0663324 2.1044965 2.0477370 0.7358080 1.0944409 0.5566747 0.0000000 1.3956659 1.5331697 2.1954614 2.0484642 2.5813300 1.9074647 2.3092755 1.6789630 3.0628057 2.9922051 1.7109032 2.8708217 2.4432065 2.4984576 1.6087287 3.2233612 3.3492855 3.3634079 1.6551546 3.3775699 3.2463761 2.0420152 2.8554755 2.0075731 2.9596826 3.0541798 3.2101839 3.4106152 3.6441818 4.3253388 4.1747573 4.1788886 3.4636106 4.3095848 2.7967283 3.0580502 4.0745082 4.1975076 5.6917557 4.2676978 2.7179216 
Sanmal_Sma_009447-T1                               2.4938684 2.6113184 2.4525092 1.5051346 1.1366182 1.3255095 2.2201939 2.0296890 1.5261535 1.3824842 2.0545325 2.1005840 2.0672206 0.7211667 1.2914121 1.3528927 1.3956659 0.0000000 1.4883638 2.1486607 2.0199381 2.6822381 1.9112843 2.3354222 1.9658171 2.9045310 2.8834281 1.6687236 2.6131184 2.2894682 2.5776864 1.7578838 3.3144082 3.1235065 3.1235044 1.7988616 3.2786010 3.1715942 1.9550851 2.4066167 1.9442066 2.8702281 2.5876478 2.9915046 3.2542406 3.5337526 3.7961730 3.8041796 4.3247643 4.0201211 4.6110117 2.8816083 3.5405016 4.5317422 4.3791148 5.9671949 3.9093843 2.8701963 
Ctel_gnl_WGS_AMQN_CAPTEDRAFT_mRNA122982            1.3247641 1.1105288 1.1208608 1.4349691 1.5526787 1.1820475 1.4569668 1.2233247 1.3333373 1.2332414 1.1954054 1.2694884 1.3832223 1.0861044 1.4972647 1.5337482 1.5331697 1.4883638 0.0000000 0.9972548 1.3145240 1.1181118 1.4242602 1.9069883 1.9570976 1.6323458 1.5785498 1.6571802 1.6669539 1.4418308 1.3378499 1.6506981 1.8061778 1.6593562 1.9150836 1.7561090 1.8910805 1.7558932 1.2908452 2.2549067 1.5453662 1.3763130 1.1970685 1.4157677 1.9355841 0.9142106 1.5877123 1.9135839 2.9376033 3.4495403 3.4154603 3.1091315 2.9883850 3.0580918 2.9733643 3.4362341 3.7144979 2.9311229 
Cgig_XM_034450137.1                                1.9893141 1.8293666 1.7516224 1.7149889 1.4477362 1.7491303 2.3254051 1.9481260 1.9149017 1.6682371 2.0622236 2.0874781 2.0485145 0.9857093 2.1113627 2.2469982 2.1954614 2.1486607 0.9972548 0.0000000 1.4549289 1.8195814 2.0127590 2.4604588 1.6520657 2.3698451 2.4319356 1.4953480 2.3983643 2.0906049 1.9510099 1.5322068 2.5081014 2.5281984 2.5736427 1.6605489 2.7380362 2.5532850 2.2352682 2.6208959 2.0187720 1.8408900 1.8270328 2.3041163 2.5411298 2.8277654 2.5726049 2.9647430 3.6113204 3.8479618 3.9409037 2.9042016 3.1909927 3.7974495 3.5251551 4.5788679 3.2192561 3.2554050 
Dpul_mRNA21448                                     2.0342521 1.6012879 1.5920697 1.6797049 1.6070477 1.5275701 1.7091469 1.6826723 1.5959362 1.4913814 1.6059276 1.6999526 1.7614791 0.9542940 1.8346442 1.9519831 2.0484642 2.0199381 1.3145240 1.4549289 0.0000000 1.7132890 1.6103939 2.4587108 1.9638990 2.1574627 2.0537650 1.6506247 2.1046330 1.9125683 1.9226391 2.0546256 2.3224893 2.2112149 2.1335341 2.0162614 2.4443658 2.2266378 1.7470550 2.6854951 2.0889395 1.6678803 1.8049296 1.4432376 2.5269203 2.9207211 2.2695140 3.0287863 2.9739362 3.3057492 3.3114805 2.6500990 2.9761951 3.1204407 2.8387039 4.4386739 3.3953247 3.6772263 
Cscu_XM_023385830.1                                2.2616319 2.4876986 2.1501372 1.7000538 1.5343801 1.6368304 2.6201784 2.2033707 1.5810915 1.4648435 2.4181756 2.3593925 2.2328835 0.8525341 2.7026147 2.6565940 2.5813300 2.6822381 1.1181118 1.8195814 1.7132890 0.0000000 2.4582176 2.6030122 1.3490144 2.6908629 2.5616590 1.3491229 2.4022927 2.5368015 2.6229991 1.8432890 2.9401440 3.0287706 2.9633217 1.7975100 2.7568085 2.7698026 2.6188301 2.9446405 1.8268685 2.4833428 2.4736658 2.2640323 3.1493462 3.9888860 3.2772186 3.1763350 3.6830319 3.3950794 3.7574908 2.5875292 3.0061624 3.5684755 4.0765102 5.7153113 4.2443359 3.6613732 
Morvir_scaffold388.g4.t1                           2.8069931 2.8239956 2.5459560 1.5080631 1.3241552 1.5493907 2.2796999 1.8938491 1.5648808 1.2718337 1.9849763 1.9845633 2.1366638 0.7465438 1.8806213 1.9130912 1.9074647 1.9112843 1.4242602 2.0127590 1.6103939 2.4582176 0.0000000 2.4036808 1.8428831 2.5799542 2.5717146 1.4993883 2.5338882 2.0535908 2.4769200 1.7124268 3.1670240 3.1085566 3.1311532 1.8117180 3.2042030 3.1161500 2.0231524 2.5684860 1.7545781 2.8998333 2.7872316 3.0688528 3.0917922 3.4658349 3.5272124 3.3549280 4.1516040 3.6538415 4.2654609 2.8745493 3.1701331 3.8414621 4.2763661 5.9893509 4.5278144 3.0608367 
Aque_Aqu2.1.34137_001                              2.6962294 2.5673037 2.1299508 2.0203205 1.8714385 1.9534349 2.3887510 2.1379153 1.8953492 1.7922459 2.0516548 2.1350716 1.7913893 0.7746724 2.3869072 2.4331946 2.3092755 2.3354222 1.9069883 2.4604588 2.4587108 2.6030122 2.4036808 0.0000000 0.9598800 2.6216946 2.5537306 1.8331281 2.7249438 2.1766383 2.3319695 1.9308314 2.7285751 2.8330834 2.9145728 2.0538164 2.8106738 2.8114250 2.6293885 2.7484949 2.2638616 2.4201707 2.5997039 2.9158425 2.9450846 1.5686467 3.1984038 3.8922694 3.8763395 4.0900082 4.1925589 3.2423941 3.6086928 4.6140625 3.5676633 4.5838919 4.6674050 2.8427193 
Emue_Em0001g232a.t1                                1.8170923 2.1500159 1.6181634 2.2120150 3.1839441 0.3581553 1.7515419 1.8580068 2.7350888 1.8948301 1.7143189 1.6552077 0.7744045 0.0000010 1.8551258 1.7536590 1.6789630 1.9658171 1.9570976 1.6520657 1.9638990 1.3490144 1.8428831 0.9598800 0.0000000 2.2640324 1.4194578 1.8485748 1.5921814 1.7946409 1.7683017 2.1209658 2.1588427 1.6037209 2.0720738 2.2717271 2.1086772 2.1297558 1.6589108 8.2645668 1.5237558 1.8379556 1.7012728 1.9474902 1.7803783 1.0235602 0.3186960 0.0000010 3.5268879 4.7270767 4.8073049 4.3338766 3.7200169 8.9999987 2.7692873 0.0000010 3.9232175 5.3168655 
Ocar_g1386                                         2.8290763 3.0740117 2.8923950 2.1076205 1.6976167 1.7179257 2.9247469 2.5257567 2.0984999 1.8555723 2.8236056 2.8007897 2.2216558 1.0186268 2.8433649 3.0827571 3.0628057 2.9045310 1.6323458 2.3698451 2.1574627 2.6908629 2.5799542 2.6216946 2.2640324 0.0000000 2.6314627 1.5940606 2.1265967 2.9632696 3.0002302 2.1688145 3.5131948 3.5290007 3.4921633 2.0761131 3.4042961 3.2158999 2.7144629 3.0623576 1.7110043 3.0689552 2.8809152 3.2518568 2.1458526 3.3236465 2.9365767 2.8436104 4.7926320 4.1378197 4.7643828 3.6717174 3.8007435 4.0118610 4.9105727 5.8384788 3.8000595 2.8289193 
Lcom_lcpid34265                                    2.6759288 2.8869683 2.2801974 2.1968758 1.5004594 2.2311631 2.8288338 2.3255128 1.9922262 2.0245315 2.4578332 2.5793105 2.4901290 0.8955935 2.7056546 3.0056797 2.9922051 2.8834281 1.5785498 2.4319356 2.0537650 2.5616590 2.5717146 2.5537306 1.4194578 2.6314627 0.0000000 1.0250531 0.9334900 2.5741422 2.7384185 1.8508888 3.0437044 3.1221055 3.1472069 1.8330897 3.1434756 2.9509590 2.6195294 3.4189614 2.0868226 2.6592664 2.8020080 3.1256164 3.0964477 3.0761748 1.2682149 1.2873160 4.3772935 4.5610320 4.7861651 3.5276701 3.4878428 4.4277340 4.5395637 5.8423556 4.4005641 2.7373975 
Clacor_Ccor_C538745_01                             2.0249910 1.6296918 1.4626301 1.5461253 1.5082322 1.2695315 1.5989761 1.4663891 1.2714398 1.3727177 1.4227807 1.4754878 1.6809667 0.9477663 1.5808635 1.7463485 1.7109032 1.6687236 1.6571802 1.4953480 1.6506247 1.3491229 1.4993883 1.8331281 1.8485748 1.5940606 1.0250531 0.0000000 1.0205987 1.6170422 1.5915532 1.9266758 2.0451018 2.0652494 2.0723016 1.8369177 2.2065122 1.9654531 1.4465680 2.5276296 1.4340538 1.7172779 1.6566837 1.7640534 1.6685387 2.2262466 1.0737823 1.0244363 3.2522122 3.4268491 3.4074579 3.4007073 3.0304422 3.4245300 3.1197359 4.3036892 3.2679064 2.8969910 
Gracom_Gcom_scaffold18068_01                       2.4753467 2.5733293 2.2905317 2.2583355 1.5505560 2.1702586 2.6308678 2.4908329 2.2897879 2.2187969 2.4227049 2.4464263 2.5306589 0.7009537 2.5891446 2.9303613 2.8708217 2.6131184 1.6669539 2.3983643 2.1046330 2.4022927 2.5338882 2.7249438 1.5921814 2.1265967 0.9334900 1.0205987 0.0000000 2.3304834 2.4733450 1.9400032 2.7702115 2.7925029 2.8570053 1.9198556 3.0648372 2.8308506 2.3953861 3.1111557 2.0563659 2.4930270 2.7823226 2.5128884 2.5000320 2.7454818 1.1048147 1.1101927 4.6823771 4.6720109 4.6973158 3.8081632 4.0729205 4.7338910 4.4004660 5.8557939 4.4406169 3.0862794 
Dgig_XM_028542570.1                                2.6017801 2.5423396 2.2569819 1.2627472 1.0081592 1.3241285 2.1183288 1.8878952 1.3994692 1.2430953 1.9191845 1.9327139 2.0053762 0.9718296 2.2844884 2.4703643 2.4432065 2.2894682 1.4418308 2.0906049 1.9125683 2.5368015 2.0535908 2.1766383 1.7946409 2.9632696 2.5741422 1.6170422 2.3304834 0.0000000 1.0500509 1.8339039 3.1943880 3.1516293 3.1363697 1.8706749 3.2248406 3.0806795 2.4925956 2.9400748 1.9128179 2.3514774 2.3453702 2.8115730 3.2033115 4.3049784 3.3575309 3.0281396 4.5155402 4.4746698 4.9965091 3.2635030 3.5669303 4.5480795 4.2518694 5.8173403 4.6548467 3.1795519 
Xesp_003459-T1                                     2.4609818 2.7466054 2.3729374 1.4011618 0.9919362 1.4320642 2.3782535 1.8164992 1.4938266 1.2847532 1.9911948 2.0574980 2.0341911 0.8909275 2.3874767 2.3884147 2.4984576 2.5776864 1.3378499 1.9510099 1.9226391 2.6229991 2.4769200 2.3319695 1.7683017 3.0002302 2.7384185 1.5915532 2.4733450 1.0500509 0.0000000 1.8233620 3.4200602 3.5181636 3.5774765 1.9976541 3.4968403 3.3401454 2.5352341 3.1645832 1.8292688 2.5777635 2.5894512 2.6796598 3.5293995 4.4054599 3.4583673 3.0424322 4.6191443 3.9048674 4.7567408 2.9904903 3.1335290 3.4940264 4.1506497 5.9114785 3.9262357 3.5481543 
Tadh_TriadT2617                                    1.8742534 1.6939040 1.4444378 1.5967716 1.9212502 1.5043891 1.6445066 1.4731874 1.6560866 1.5858868 1.5679450 1.6676346 1.6872641 1.4191301 1.6445181 1.6329950 1.6087287 1.7578838 1.6506981 1.5322068 2.0546256 1.8432890 1.7124268 1.9308314 2.1209658 2.1688145 1.8508888 1.9266758 1.9400032 1.8339039 1.8233620 0.0000000 0.0000010 0.2588568 0.2671606 0.2189816 0.2801272 0.2750232 1.7553974 2.3761904 2.2551349 1.8139898 1.9996870 2.1478410 2.4177896 2.0462071 1.8888171 2.3076130 3.1993777 3.3918442 3.4090110 3.2170144 3.3378771 3.5578336 3.3733175 4.0352756 3.0635733 2.8022550 
TrH2_TrispH2_007448-RA                             3.0256453 2.9979681 2.6637967 2.2523253 1.9212502 2.2374388 3.1569018 2.7180008 2.3292988 2.3459402 2.8393600 2.8028528 2.4946604 1.3762217 3.0009819 3.1481986 3.2233612 3.3144082 1.8061778 2.5081014 2.3224893 2.9401440 3.1670240 2.7285751 2.1588427 3.5131948 3.0437044 2.0451018 2.7702115 3.1943880 3.4200602 0.0000010 0.0000000 0.4992388 0.4963093 0.2189816 0.5025972 0.4836848 3.0659593 3.6317480 2.9175284 3.2734744 3.1725279 3.4439724 3.7839760 3.9185492 3.0934183 3.2817056 4.5401445 3.9308826 4.5900385 3.4234781 3.9241350 4.1949482 4.6950043 6.1400207 3.7080814 3.1038947 
HoiH06_mRNA13918                                   3.0756566 2.9606848 2.7426390 2.2355738 1.9789984 2.2083770 3.2136398 2.7852905 2.0555020 2.1621904 2.9737711 2.9627837 2.5573912 1.6281562 3.2655696 3.2701612 3.3492855 3.1235065 1.6593562 2.5281984 2.2112149 3.0287706 3.1085566 2.8330834 1.6037209 3.5290007 3.1221055 2.0652494 2.7925029 3.1516293 3.5181636 0.2588568 0.4992388 0.0000000 0.0843836 0.1844938 0.2705448 0.2735464 3.0568894 3.4943577 2.6173777 3.1358480 3.1795072 3.4501994 3.5992028 3.8357481 3.1686174 3.1989997 4.5956904 3.8490443 4.6114629 3.4535475 3.8314903 3.9644077 4.5990385 5.2952874 3.4955622 3.1714257 
HoiH23_PlH23_004004-RA                             3.0888598 3.0026127 2.7515891 2.2973657 1.9994630 2.1414537 3.1490975 2.8251087 2.3405934 2.2445162 3.0277030 2.9779004 2.4866321 1.7006222 3.2561479 3.2472367 3.3634079 3.1235044 1.9150836 2.5736427 2.1335341 2.9633217 3.1311532 2.9145728 2.0720738 3.4921633 3.1472069 2.0723016 2.8570053 3.1363697 3.5774765 0.2671606 0.4963093 0.0843836 0.0000000 0.1850708 0.2750292 0.2571773 2.9454409 3.8623913 2.6865559 3.2697941 3.0298612 3.4406293 3.5193567 3.8490522 3.1904895 3.1890087 4.5299157 3.8354969 4.5476095 3.4307557 3.6705446 4.0786630 4.6327550 5.4731175 3.3535051 3.1092506 
HoiH11_mRNA3150                                    1.9023814 1.6289703 1.3768309 1.6220464 2.0456197 1.4756921 1.6191139 1.4602976 1.6320683 1.5303912 1.5379659 1.6248933 1.7459999 1.6006313 1.6793657 1.6644334 1.6551546 1.7988616 1.7561090 1.6605489 2.0162614 1.7975100 1.8117180 2.0538164 2.2717271 2.0761131 1.8330897 1.8369177 1.9198556 1.8706749 1.9976541 0.2189816 0.2189816 0.1844938 0.1850708 0.0000000 0.1743613 0.1700522 1.6808665 2.6101593 2.0868071 1.8658274 2.0909834 1.9808696 2.2486559 2.0462071 1.9073717 2.1567586 3.1679958 3.3701966 3.3701956 3.3862380 3.1855425 3.5108670 3.3566090 4.0630708 3.0072113 2.5605727 
Hhon_g09624.t1                                     3.2465140 3.0585417 2.7215065 2.4845352 1.9783471 2.1914531 3.0993003 2.6726523 2.3103093 2.3633841 2.9063632 2.8833787 2.5815176 1.6207598 3.2146544 3.2242274 3.3775699 3.2786010 1.8910805 2.7380362 2.4443658 2.7568085 3.2042030 2.8106738 2.1086772 3.4042961 3.1434756 2.2065122 3.0648372 3.2248406 3.4968403 0.2801272 0.5025972 0.2705448 0.2750292 0.1743613 0.0000000 0.0070519 2.9542903 3.7164676 3.0067599 3.0775193 3.0836775 3.6175873 3.6486211 3.9496561 2.9711382 3.3413247 4.4278988 4.0902050 4.6678022 3.9768493 3.7567282 3.9094640 4.7665447 5.5688953 3.2628231 3.0355755 
HoiH04_mRNA8833                                    3.0276163 2.8802833 2.5779077 2.2187433 2.0022579 2.1956836 2.9986164 2.5441537 2.2270805 2.1411501 2.7817673 2.7387383 2.5903393 1.6207598 3.0895991 3.1302941 3.2463761 3.1715942 1.7558932 2.5532850 2.2266378 2.7698026 3.1161500 2.8114250 2.1297558 3.2158999 2.9509590 1.9654531 2.8308506 3.0806795 3.3401454 0.2750232 0.4836848 0.2735464 0.2571773 0.1700522 0.0070519 0.0000000 2.9968368 3.6484535 2.8521632 2.9562800 3.0095142 3.5057108 3.6642259 4.0130268 2.9678877 3.3437757 4.2402117 3.7747674 4.3342032 3.4340674 3.4821483 3.9492344 4.4672397 5.6328873 3.2310768 3.0647967 
Chem_TCONS_00002954                                2.7709132 2.7468955 2.2144427 1.5076283 1.7008759 1.7693948 2.6126513 2.1733538 1.7940489 1.5042835 2.1653611 2.3117820 2.3978182 0.9387214 1.8996201 1.9735479 2.0420152 1.9550851 1.2908452 2.2352682 1.7470550 2.6188301 2.0231524 2.6293885 1.6589108 2.7144629 2.6195294 1.4465680 2.3953861 2.4925956 2.5352341 1.7553974 3.0659593 3.0568894 2.9454409 1.6808665 2.9542903 2.9968368 0.0000000 1.8025289 1.8762504 2.9801084 2.4447284 2.7077138 3.2116763 3.7742383 3.1205816 3.9150249 4.1875932 3.9550245 4.4483288 2.5282966 3.3417367 4.3148155 4.1522117 4.8379697 3.5680771 3.4380005 
Hvul_g3079_1                                       3.3649595 2.9962886 2.8446180 2.3272933 1.8905980 1.5253278 3.3032353 2.8158645 2.1255776 2.1157028 2.8359595 2.9233877 2.6618904 0.7299040 2.3975857 2.6687099 2.8554755 2.4066167 2.2549067 2.6208959 2.6854951 2.9446405 2.5684860 2.7484949 8.2645668 3.0623576 3.4189614 2.5276296 3.1111557 2.9400748 3.1645832 2.3761904 3.6317480 3.4943577 3.8623913 2.6101593 3.7164676 3.6484535 1.8025289 0.0000000 2.5262674 3.1060252 3.1134439 3.1464608 3.6498727 4.4690011 3.1040350 3.0231760 5.1629719 5.2378100 5.5308963 3.8234202 4.7388456 4.9486379 5.5901618 5.8543413 4.1976130 3.5455261 
Plajan_Pjan_scaffold23455_01                       2.1478885 2.1638045 1.9095091 1.8711769 1.4739527 1.6929411 2.0004554 1.8297422 1.6221468 1.5612967 1.8577373 1.9050026 2.2472532 1.1152609 1.8772246 2.0146018 2.0075731 1.9442066 1.5453662 2.0187720 2.0889395 1.8268685 1.7545781 2.2638616 1.5237558 1.7110043 2.0868226 1.4340538 2.0563659 1.9128179 1.8292688 2.2551349 2.9175284 2.6173777 2.6865559 2.0868071 3.0067599 2.8521632 1.8762504 2.5262674 0.0000000 2.1062346 2.1868610 2.2005145 1.5569022 2.8006180 2.5019749 2.8753386 3.5490476 3.7670544 3.6904050 3.2997611 3.6095739 3.6743118 3.5759817 4.5528251 4.0543074 2.5049645 
Bralan_BLAG05000412_1                              2.0212742 2.1856723 2.1375793 1.8183860 1.3665417 1.6678129 2.5185158 2.2054649 1.7867647 1.5652507 2.2978999 2.3398365 2.1151736 1.1836129 2.8165939 2.8389049 2.9596826 2.8702281 1.3763130 1.8408900 1.6678803 2.4833428 2.8998333 2.4201707 1.8379556 3.0689552 2.6592664 1.7172779 2.4930270 2.3514774 2.5777635 1.8139898 3.2734744 3.1358480 3.2697941 1.8658274 3.0775193 2.9562800 2.9801084 3.1060252 2.1062346 0.0000000 2.3302894 2.7767528 3.2222716 3.4695163 3.3640981 2.9503413 4.1898596 3.9507998 4.1552557 3.0100514 3.6302121 3.9671529 3.9200181 5.0791025 4.3172004 3.7893099 
Acagra_model.g8433.t1                              2.4565487 2.5993718 2.1355268 2.0044398 1.4624254 1.9899506 2.7869390 2.4930277 2.1537430 1.9318314 2.4493679 2.4699813 2.3243630 1.2560271 2.6402775 2.8861610 3.0541798 2.5876478 1.1970685 1.8270328 1.8049296 2.4736658 2.7872316 2.5997039 1.7012728 2.8809152 2.8020080 1.6566837 2.7823226 2.3453702 2.5894512 1.9996870 3.1725279 3.1795072 3.0298612 2.0909834 3.0836775 3.0095142 2.4447284 3.1134439 2.1868610 2.3302894 0.0000000 2.9267636 3.2579593 3.7422144 3.5016757 4.2005874 3.9962510 4.2556918 4.4408158 3.1506919 3.7662168 3.8070652 3.7448842 4.5474243 4.8127922 3.5561271 
Tcas_TC008820_001                                  2.6074865 2.8759330 2.6316327 2.3276264 1.6287276 2.3515512 3.3429411 2.5996638 2.3062105 1.9746243 2.6818232 2.6512568 2.7578950 1.3679496 3.1035978 3.2241482 3.2101839 2.9915046 1.4157677 2.3041163 1.4432376 2.2640323 3.0688528 2.9158425 1.9474902 3.2518568 3.1256164 1.7640534 2.5128884 2.8115730 2.6796598 2.1478410 3.4439724 3.4501994 3.4406293 1.9808696 3.6175873 3.5057108 2.7077138 3.1464608 2.2005145 2.7767528 2.9267636 0.0000000 3.2924248 3.5976622 3.4539430 3.6025126 4.0458908 3.7141920 4.0532536 2.8905022 3.0782704 3.7828457 4.1356695 5.5905244 3.8730858 4.1953710 
Opea_EP00118_Oscarella_pearsei_P020268             3.1159424 3.2890804 3.1140149 2.4890904 1.8443303 2.4566589 3.7003803 3.0284816 2.2330474 2.3317817 3.1311186 3.2467495 2.9375730 1.5935885 3.2141338 3.3497701 3.4106152 3.2542406 1.9355841 2.5411298 2.5269203 3.1493462 3.0917922 2.9450846 1.7803783 2.1458526 3.0964477 1.6685387 2.5000320 3.2033115 3.5293995 2.4177896 3.7839760 3.5992028 3.5193567 2.2486559 3.6486211 3.6642259 3.2116763 3.6498727 1.5569022 3.2222716 3.2579593 3.2924248 0.0000000 3.0879773 3.0571213 2.7413331 4.5380896 4.4870881 4.8897648 3.1575673 3.8110601 4.5947385 4.7520227 6.0509185 4.6322840 3.0041437 
Halamb_c45563_g1_i4mm.1712                         3.2185206 4.1837898 3.4781844 1.0874718 1.0470831 1.2154852 3.2731752 3.8005075 1.2154852 1.2154852 3.9577699 3.5177666 2.3903663 1.8857248 3.7546715 3.3868002 3.6441818 3.5337526 0.9142106 2.8277654 2.9207211 3.9888860 3.4658349 1.5686467 1.0235602 3.3236465 3.0761748 2.2262466 2.7454818 4.3049784 4.4054599 2.0462071 3.9185492 3.8357481 3.8490522 2.0462071 3.9496561 4.0130268 3.7742383 4.4690011 2.8006180 3.4695163 3.7422144 3.5976622 3.0879773 0.0000000 2.9400965 2.7123757 7.0444040 6.8074095 6.7479306 4.8572564 4.9256198 7.8828544 5.5616429 5.9896617 4.2564437 2.0973910 
Scil_scict024953.2                                 2.9094048 3.5803042 2.7780436 2.7320113 1.2801943 2.7919586 4.2068866 3.3920923 2.8629120 2.7896153 3.6310261 3.7389216 3.5742193 0.4943444 3.5734844 4.0534397 4.3253388 3.7961730 1.5877123 2.5726049 2.2695140 3.2772186 3.5272124 3.1984038 0.3186960 2.9365767 1.2682149 1.0737823 1.1048147 3.3575309 3.4583673 1.8888171 3.0934183 3.1686174 3.1904895 1.9073717 2.9711382 2.9678877 3.1205816 3.1040350 2.5019749 3.3640981 3.5016757 3.4539430 3.0571213 2.9400965 0.0000000 0.8806166 5.7047579 6.3273773 6.9468980 4.5176761 4.8171581 5.6092799 5.5055227 5.9856026 4.7036979 3.0201039 
Leuniv_Lniv_scaffold24647_01                       3.0055507 3.1722988 2.7621603 3.0728427 1.1714910 3.5020867 3.9127874 3.0189807 3.5466424 3.3758316 3.2721450 3.3472470 3.7602517 0.8976982 3.5327097 3.9411648 4.1747573 3.8041796 1.9135839 2.9647430 3.0287863 3.1763350 3.3549280 3.8922694 0.0000010 2.8436104 1.2873160 1.0244363 1.1101927 3.0281396 3.0424322 2.3076130 3.2817056 3.1989997 3.1890087 2.1567586 3.3413247 3.3437757 3.9150249 3.0231760 2.8753386 2.9503413 4.2005874 3.6025126 2.7413331 2.7123757 0.8806166 0.0000000 5.3469165 6.5343546 6.3391272 5.3489570 5.0525191 5.4682456 5.8239344 5.7229620 4.8409042 2.6638428 
Mlei_ML0014.g2.i1                                  4.1975283 4.1750039 4.2491987 2.6345387 2.6074962 3.0619713 4.2861772 3.8524253 3.1592001 2.6538749 4.3795072 4.2540486 4.5557881 2.8212580 4.5869771 4.3720221 4.1788886 4.3247643 2.9376033 3.6113204 2.9739362 3.6830319 4.1516040 3.8763395 3.5268879 4.7926320 4.3772935 3.2522122 4.6823771 4.5155402 4.6191443 3.1993777 4.5401445 4.5956904 4.5299157 3.1679958 4.4278988 4.2402117 4.1875932 5.1629719 3.5490476 4.1898596 3.9962510 4.0458908 4.5380896 7.0444040 5.7047579 5.3469165 0.0000000 0.8343895 1.0553281 0.5163506 0.5555918 0.7013893 1.3848684 1.9957260 2.0448984 6.3425682 
Coeast_Cast_sb782183                               4.4276932 3.9472142 3.9840748 2.9153793 2.8956808 3.6356092 3.7918195 3.8819221 3.0537636 3.0662167 3.6550848 3.8652781 4.5419080 2.7277929 3.8025571 3.5330295 3.4636106 4.0201211 3.4495403 3.8479618 3.3057492 3.3950794 3.6538415 4.0900082 4.7270767 4.1378197 4.5610320 3.4268491 4.6720109 4.4746698 3.9048674 3.3918442 3.9308826 3.8490443 3.8354969 3.3701966 4.0902050 3.7747674 3.9550245 5.2378100 3.7670544 3.9507998 4.2556918 3.7141920 4.4870881 6.8074095 6.3273773 6.5343546 0.8343895 0.0000000 0.0485877 0.4923382 0.8869509 1.1876556 1.1150672 1.7145668 2.2361601 6.3415470 
Coemet_Cmet_scaffold20426_01                       4.8190012 4.4988573 4.2683531 2.8288775 2.8807833 3.5542671 4.4514870 4.1531471 3.0386861 3.0936106 4.1438026 4.3839045 4.6316812 2.7242751 4.5131337 4.2545045 4.3095848 4.6110117 3.4154603 3.9409037 3.3114805 3.7574908 4.2654609 4.1925589 4.8073049 4.7643828 4.7861651 3.4074579 4.6973158 4.9965091 4.7567408 3.4090110 4.5900385 4.6114629 4.5476095 3.3701956 4.6678022 4.3342032 4.4483288 5.5308963 3.6904050 4.1552557 4.4408158 4.0532536 4.8897648 6.7479306 6.9468980 6.3391272 1.0553281 0.0485877 0.0000000 0.4900449 0.8728991 1.2689268 1.4856400 2.2859857 2.2246585 6.2050667 
Lampan_Lpan_C408695_01                             3.1846902 2.9328571 3.1826876 2.7589219 2.8618270 2.8913558 2.7424549 2.7617095 3.0121194 2.5775332 2.7851070 2.7211243 3.3084021 3.2552920 3.0093950 2.7851423 2.7967283 2.8816083 3.1091315 2.9042016 2.6500990 2.5875292 2.8745493 3.2423941 4.3338766 3.6717174 3.5276701 3.4007073 3.8081632 3.2635030 2.9904903 3.2170144 3.4234781 3.4535475 3.4307557 3.3862380 3.9768493 3.4340674 2.5282966 3.8234202 3.2997611 3.0100514 3.1506919 2.8905022 3.1575673 4.8572564 4.5176761 5.3489570 0.5163506 0.4923382 0.4900449 0.0000000 0.6087109 0.6221897 0.8189427 1.2275982 1.7315000 5.2569852 
Drygla_Dgla_sb292042                               3.5114475 2.9643458 3.4142130 2.6125705 2.6758889 3.0463182 3.0445000 3.0857885 3.0629601 2.6167471 3.2177394 3.2039822 3.6032539 3.0731692 3.3777339 3.2552977 3.0580502 3.5405016 2.9883850 3.1909927 2.9761951 3.0061624 3.1701331 3.6086928 3.7200169 3.8007435 3.4878428 3.0304422 4.0729205 3.5669303 3.1335290 3.3378771 3.9241350 3.8314903 3.6705446 3.1855425 3.7567282 3.4821483 3.3417367 4.7388456 3.6095739 3.6302121 3.7662168 3.0782704 3.8110601 4.9256198 4.8171581 5.0525191 0.5555918 0.8869509 0.8728991 0.6087109 0.0000000 0.8440043 1.0368975 1.4233319 2.3960626 4.1785326 
Beraby_Baby_sb328046                               4.2634628 3.6637303 3.8299507 3.2513175 3.0517550 3.3001493 4.4242947 4.1131562 2.9433750 3.0352913 4.0890730 4.1716837 4.5523861 2.9039739 4.5484419 4.1802491 4.0745082 4.5317422 3.0580918 3.7974495 3.1204407 3.5684755 3.8414621 4.6140625 8.9999987 4.0118610 4.4277340 3.4245300 4.7338910 4.5480795 3.4940264 3.5578336 4.1949482 3.9644077 4.0786630 3.5108670 3.9094640 3.9492344 4.3148155 4.9486379 3.6743118 3.9671529 3.8070652 3.7828457 4.5947385 7.8828544 5.6092799 5.4682456 0.7013893 1.1876556 1.2689268 0.6221897 0.8440043 0.0000000 1.4004463 1.8570173 2.2716277 5.6762517 
Pbac_sb2639059                                     4.1956021 4.5030614 3.9511848 2.8033784 2.7445618 2.9964916 4.4407483 3.8633743 2.9454105 2.6549890 4.0623408 4.1928921 3.8256466 2.4080580 3.9694485 4.0257663 4.1975076 4.3791148 2.9733643 3.5251551 2.8387039 4.0765102 4.2763661 3.5676633 2.7692873 4.9105727 4.5395637 3.1197359 4.4004660 4.2518694 4.1506497 3.3733175 4.6950043 4.5990385 4.6327550 3.3566090 4.7665447 4.4672397 4.1522117 5.5901618 3.5759817 3.9200181 3.7448842 4.1356695 4.7520227 5.5616429 5.5055227 5.8239344 1.3848684 1.1150672 1.4856400 0.8189427 1.0368975 1.4004463 0.0000000 0.1223634 2.4908276 5.0400966 
Horcal_Hcv1.av93.c1.g439.i1                        5.8080088 5.3515622 5.3056663 3.8338550 3.2113124 3.4707461 6.5738287 5.2853615 3.1656806 3.3653175 5.8147428 5.9520145 5.2041507 1.8291218 5.1124020 5.2891169 5.6917557 5.9671949 3.4362341 4.5788679 4.4386739 5.7153113 5.9893509 4.5838919 0.0000010 5.8384788 5.8423556 4.3036892 5.8557939 5.8173403 5.9114785 4.0352756 6.1400207 5.2952874 5.4731175 4.0630708 5.5688953 5.6328873 4.8379697 5.8543413 4.5528251 5.0791025 4.5474243 5.5905244 6.0509185 5.9896617 5.9856026 5.7229620 1.9957260 1.7145668 2.2859857 1.2275982 1.4233319 1.8570173 0.1223634 0.0000000 2.4067625 5.0269477 
Eupdun_Edun_sb10599753                             4.5984997 4.0464161 3.5358034 3.6765786 4.1628816 2.9986448 4.8428212 3.3548783 2.5960167 2.8138254 3.6144097 3.7173648 4.0016887 2.3034127 4.3891850 3.9566884 4.2676978 3.9093843 3.7144979 3.2192561 3.3953247 4.2443359 4.5278144 4.6674050 3.9232175 3.8000595 4.4005641 3.2679064 4.4406169 4.6548467 3.9262357 3.0635733 3.7080814 3.4955622 3.3535051 3.0072113 3.2628231 3.2310768 3.5680771 4.1976130 4.0543074 4.3172004 4.8127922 3.8730858 4.6322840 4.2564437 4.7036979 4.8409042 2.0448984 2.2361601 2.2246585 1.7315000 2.3960626 2.2716277 2.4908276 2.4067625 0.0000000 5.6332504 
Spolac_c87789_g1_i1_m.4478c87789-g1                3.8073214 3.1926551 3.3212515 3.2365185 4.8830147 3.2704830 3.0706523 2.8337791 2.6497027 2.2543274 2.7245579 2.6805979 2.1402936 4.6601274 2.9799320 2.5631637 2.7179216 2.8701963 2.9311229 3.2554050 3.6772263 3.6613732 3.0608367 2.8427193 5.3168655 2.8289193 2.7373975 2.8969910 3.0862794 3.1795519 3.5481543 2.8022550 3.1038947 3.1714257 3.1092506 2.5605727 3.0355755 3.0647967 3.4380005 3.5455261 2.5049645 3.7893099 3.5561271 4.1953710 3.0041437 2.0973910 3.0201039 2.6638428 6.3425682 6.3415470 6.2050667 5.2569852 4.1785326 5.6762517 5.0400966 5.0269477 5.6332504 0.0000000 
