41
Hsap_ENST00000331173                    0.0000000 0.9740444 1.3097853 1.7926605 2.0027654 1.5744581 1.5957473 1.5366185 1.5447167 1.5435010 1.3477117 1.4702231 0.8262992 2.0675781 1.2769736 1.2516417 1.4184957 1.0646000 1.2835539 0.9286029 1.5052335 1.0702028 1.7655893 1.7998319 1.4596609 1.2440906 1.2781112 1.3892874 1.5112390 1.3800125 1.5144292 1.1571502 1.3329986 1.2491046 1.8714931 1.4425268 2.7361765 2.1809068 2.1259476 2.9939093 1.8215756 
Bralan_BLAG01000988_1                   0.9740444 0.0000000 0.9930123 1.2123225 1.3902317 1.0807472 1.0406135 1.0130684 1.0616966 1.0180890 0.9861298 1.0698031 0.5668133 1.3956869 1.1162366 1.1687591 1.0870289 0.7042542 0.9201431 0.6476983 1.3700145 0.8207618 1.5728151 1.4325368 1.2119448 0.9669246 0.9955610 1.0625139 1.1609455 1.0692509 1.1435293 0.8865408 1.1407412 1.0735726 1.5100273 1.3256249 2.5231510 1.7323548 1.7064140 2.8496685 1.6498973 
Exapal_XM_021054929.2                   1.3097853 0.9930123 0.0000000 0.4982617 0.5436665 0.4320263 0.4682210 0.4465648 0.4379780 0.4505259 0.3692747 0.7218368 0.4270312 1.1131649 1.2624029 1.2087099 1.1911101 0.9244971 1.1421022 1.0322449 1.3835352 1.0357743 1.5025736 1.6487715 1.3518168 1.0071997 1.0104495 1.1116263 1.3367573 1.2165221 1.1956474 1.1037271 1.3101334 1.1518415 1.3488670 1.2363886 1.9086814 1.4640399 1.4104205 1.9607027 1.5395390 
Nvec_NVE13657                           1.7926605 1.2123225 0.4982617 0.0000000 0.8830059 0.6972545 0.6820668 0.7473695 0.7407604 0.6664579 0.6711342 1.1264124 0.4454847 1.2862879 1.6164400 1.5783703 1.4954546 0.8283547 1.4024799 1.3652476 1.5055730 0.8611843 1.4890121 1.5727574 1.0831899 1.4801199 1.4915105 1.6025265 1.8717544 1.6394503 1.6586534 1.2006816 1.4289757 1.4262008 1.3272331 1.4950950 1.9061904 1.5163686 1.6178849 2.0550346 2.2462700 
Adig_XM_015896934.1                     2.0027654 1.3902317 0.5436665 0.8830059 0.0000000 0.0308329 0.1767250 0.2343025 0.2388354 0.2581942 0.3020856 0.8287020 0.6345268 1.2297236 1.8220568 1.5045582 1.8437415 0.9373414 1.8350235 1.5959222 1.8170810 1.5055329 1.9493420 2.1300698 1.6939552 1.2957694 1.2991431 1.4985839 1.9119052 1.5583500 1.5751152 1.5254023 2.0435071 1.5375007 1.5642519 1.6613406 2.4112547 1.9003479 1.8331051 2.2352535 1.9364952 
Amil_Amillepora19864-RA                 1.5744581 1.0807472 0.4320263 0.6972545 0.0308329 0.0000000 0.1373542 0.1881471 0.1891244 0.2095378 0.2340042 0.6722398 0.4265099 1.0661695 1.5645865 1.2486358 1.5376500 0.9417953 1.4033109 1.2300400 1.3275482 1.0151770 1.4513132 1.6030106 1.2195793 1.0334951 1.0366989 1.1873024 1.4695938 1.2307275 1.2274305 1.1958941 1.5868683 1.1959635 1.2788358 1.3743096 1.8660861 1.5338522 1.4794049 2.2875827 1.9439420 
Gfas_gfas1.m1.2471.m1                   1.5957473 1.0406135 0.4682210 0.6820668 0.1767250 0.1373542 0.0000000 0.1546215 0.1583995 0.1451276 0.1803547 0.7036555 0.4153420 1.0782064 1.5686749 1.2465124 1.5874849 0.8236763 1.3777518 1.2410986 1.3183327 0.9624403 1.4534112 1.5894502 1.1887029 1.0292622 1.0576874 1.1590660 1.3713602 1.1599551 1.1931295 1.1895819 1.4894437 1.0808134 1.2259508 1.2332212 1.7972703 1.4921473 1.4900163 2.3321335 1.9374329 
Spis_XP_022794926_1                     1.5366185 1.0130684 0.4465648 0.7473695 0.2343025 0.1881471 0.1546215 0.0000000 0.0505604 0.1322646 0.1903224 0.6157684 0.4088563 1.0676817 1.6150112 1.2456933 1.5151216 0.8986117 1.3913286 1.1622835 1.3429438 0.9996883 1.5051464 1.5490273 1.2243317 1.0275455 1.0555450 1.1212322 1.3671691 1.1788916 1.2203434 1.2055924 1.5003163 1.1130847 1.3357863 1.1319567 1.9305844 1.5363647 1.5027835 2.2759575 1.8119567 
Pocdam_XM_027188047.1                   1.5447167 1.0616966 0.4379780 0.7407604 0.2388354 0.1891244 0.1583995 0.0505604 0.0000000 0.1609057 0.2034476 0.6097254 0.4184656 1.0891427 1.5932972 1.2703992 1.5080722 0.8837891 1.3856769 1.2009423 1.3134428 0.9636200 1.4395474 1.5107348 1.2026743 1.0326731 1.0540296 1.1341391 1.3699892 1.1803802 1.2474707 1.1905898 1.5089937 1.1398446 1.2749284 1.1590294 1.8581905 1.4977292 1.4482103 2.1596622 1.8226871 
Gasp_gasp1.m3.6041.m1                   1.5435010 1.0180890 0.4505259 0.6664579 0.2581942 0.2095378 0.1451276 0.1322646 0.1609057 0.0000000 0.1772290 0.6480141 0.4161975 1.1418508 1.5214675 1.2784709 1.4336398 0.9091999 1.2500420 1.1603390 1.3212115 0.9649430 1.4388952 1.4910593 1.1561719 0.9795179 1.0065688 1.0823468 1.3923408 1.2051196 1.1887770 1.1643064 1.4162466 1.1153081 1.2592650 1.2174123 1.7325950 1.3923562 1.4527354 1.9952580 1.7914882 
Fspp_ffun1.m4.12800.m1                  1.3477117 0.9861298 0.3692747 0.6711342 0.3020856 0.2340042 0.1803547 0.1903224 0.2034476 0.1772290 0.0000000 0.6375705 0.4165674 1.0891745 1.3977944 1.0756832 1.2990937 0.8547914 1.2918541 1.1811363 1.3388026 0.9369572 1.4554918 1.5186093 1.1977482 1.0738187 1.1040931 1.1481884 1.2829292 1.2590238 1.2179649 1.0608826 1.3993645 1.1284768 1.1634270 1.0915919 1.6814729 1.3203702 1.4909795 2.1362351 1.6466168 
Dgig_XM_028537966.1                     1.4702231 1.0698031 0.7218368 1.1264124 0.8287020 0.6722398 0.7036555 0.6157684 0.6097254 0.6480141 0.6375705 0.0000000 0.1807329 1.1171784 1.3986178 1.3096061 1.4214336 0.9679423 1.1920724 1.1021256 1.3355973 0.9648595 1.4781544 1.6097118 1.5276363 1.0886010 1.0980529 1.2803777 1.3700627 1.1859003 1.3274671 1.1375060 1.4700747 1.2170432 1.4538211 1.2122025 1.7411557 1.3524220 1.2674812 2.2247306 1.6626364 
Xesp_010409-T1                          0.8262992 0.5668133 0.4270312 0.4454847 0.6345268 0.4265099 0.4153420 0.4088563 0.4184656 0.4161975 0.4165674 0.1807329 0.0000000 0.6955450 0.7560432 0.8780510 0.8095801 1.0002569 0.5593080 0.5524027 0.9060412 0.8014632 0.8518822 0.8729975 1.0143034 0.9022919 0.9158370 1.0887484 1.1979985 0.9583375 1.0722294 0.7861751 0.6081083 0.8630108 0.7272978 1.0055005 0.7768840 0.6372990 0.6825547 1.0421059 1.4459613 
Morvir_scaffold76.g59.t1                2.0675781 1.3956869 1.1131649 1.2862879 1.2297236 1.0661695 1.0782064 1.0676817 1.0891427 1.1418508 1.0891745 1.1171784 0.6955450 0.0000000 1.8669189 1.7908436 2.0291770 1.0624337 1.7143203 1.5524837 1.2766014 0.9289874 1.5858559 1.5531385 1.2564245 1.3868888 1.3971808 1.4683361 1.7410820 1.5953036 1.6163972 1.3371468 2.0414646 1.3534716 1.0191321 1.4163300 1.5016068 1.2737116 1.3256840 1.9345605 1.6988939 
Ctel_gnl_WGS_AMQN_CAPTEDRAFT_mRNA160825 1.2769736 1.1162366 1.2624029 1.6164400 1.8220568 1.5645865 1.5686749 1.6150112 1.5932972 1.5214675 1.3977944 1.3986178 0.7560432 1.8669189 0.0000000 0.7909654 0.9829322 0.5745447 1.3907003 1.1975460 1.7555025 1.3841752 1.9217432 1.7081030 1.7395851 1.1483714 1.1819893 1.3018913 1.3985973 1.3137538 1.2906361 1.3515354 1.3726334 1.0664918 1.5826615 1.2881712 2.5031452 1.9228101 2.0218802 2.8948883 1.6682799 
Cgig_XM_011433426.3                     1.2516417 1.1687591 1.2087099 1.5783703 1.5045582 1.2486358 1.2465124 1.2456933 1.2703992 1.2784709 1.0756832 1.3096061 0.8780510 1.7908436 0.7909654 0.0000000 0.6375169 0.5154761 1.1291849 1.2336478 1.6121707 1.3436805 1.6520628 1.7591127 1.7565238 1.1757301 1.2101433 1.2876404 1.5601383 1.4224882 1.4399323 1.0562673 1.4477591 1.1537745 1.5731889 1.4015945 2.3387570 1.8130192 2.0631593 2.4939326 1.9088631 
Acagra_model.g7025.t1                   1.4184957 1.0870289 1.1911101 1.4954546 1.8437415 1.5376500 1.5874849 1.5151216 1.5080722 1.4336398 1.2990937 1.4214336 0.8095801 2.0291770 0.9829322 0.6375169 0.0000000 0.5190499 1.0804833 1.0329071 1.3784334 1.1242910 1.5736463 1.5510926 1.5710622 1.0792767 1.1116690 1.2105573 1.3745161 1.2917957 1.2568471 1.1846894 1.4586991 1.1040397 1.5361797 1.2465510 2.6144103 1.9306688 2.6039924 2.5128648 1.6198611 
Lcom_lcpid219910                        1.0646000 0.7042542 0.9244971 0.8283547 0.9373414 0.9417953 0.8236763 0.8986117 0.8837891 0.9091999 0.8547914 0.9679423 1.0002569 1.0624337 0.5745447 0.5154761 0.5190499 0.0000000 0.7483499 0.7903229 1.8335317 1.6699642 1.5838545 2.0510341 1.5602087 2.0252753 2.1004179 2.1656977 2.1318073 2.3259317 2.0780339 1.1292865 0.8098849 1.1003820 1.0321685 1.4118812 1.2650174 0.8335687 0.9839533 0.8728904 1.0921317 
Cscu_XM_023353723.1                     1.2835539 0.9201431 1.1421022 1.4024799 1.8350235 1.4033109 1.3777518 1.3913286 1.3856769 1.2500420 1.2918541 1.1920724 0.5593080 1.7143203 1.3907003 1.1291849 1.0804833 0.7483499 0.0000000 0.9935815 1.4348145 0.9553616 1.7365353 1.5967254 1.4288106 1.2478403 1.2576623 1.3406124 1.4367383 1.3302955 1.3787546 0.9226290 1.3622273 0.9892517 1.7587821 1.3443166 2.2227368 1.7155421 1.8582264 3.3954118 1.9932275 
Skow_XM_006815994.1                     0.9286029 0.6476983 1.0322449 1.3652476 1.5959222 1.2300400 1.2410986 1.1622835 1.2009423 1.1603390 1.1811363 1.1021256 0.5524027 1.5524837 1.1975460 1.2336478 1.0329071 0.7903229 0.9935815 0.0000000 1.1789051 0.8397155 1.5477922 1.4318287 1.1725711 0.9539047 0.9573031 1.1216549 1.2115655 1.0892652 1.2000560 0.9285749 1.1277165 1.0947087 1.6000624 1.3045288 1.9364724 1.4632779 1.5591890 3.0582101 1.5749248 
Coeast_Cast_sb786969                    1.5052335 1.3700145 1.3835352 1.5055730 1.8170810 1.3275482 1.3183327 1.3429438 1.3134428 1.3212115 1.3388026 1.3355973 0.9060412 1.2766014 1.7555025 1.6121707 1.3784334 1.8335317 1.4348145 1.1789051 0.0000000 0.0954814 0.3468290 0.4985504 0.3661521 1.4876765 1.4998210 1.4966224 1.6666468 1.4349828 1.4564668 1.2477381 1.3941962 1.4644290 1.4398755 1.5389343 1.7022142 1.3342302 1.3859207 3.1728937 1.7776687 
Coemet_Cmet_scaffold6962_01             1.0702028 0.8207618 1.0357743 0.8611843 1.5055329 1.0151770 0.9624403 0.9996883 0.9636200 0.9649430 0.9369572 0.9648595 0.8014632 0.9289874 1.3841752 1.3436805 1.1242910 1.6699642 0.9553616 0.8397155 0.0954814 0.0000000 0.2861827 0.3632801 0.1997781 1.1214689 1.1478085 1.2030663 1.3954468 1.1370235 1.1628158 0.9571878 1.0167841 1.0538991 1.0065863 1.2328496 1.3210770 1.0062851 1.1202272 2.8368431 1.5002614 
Beraby_Baby_sb335755                    1.7655893 1.5728151 1.5025736 1.4890121 1.9493420 1.4513132 1.4534112 1.5051464 1.4395474 1.4388952 1.4554918 1.4781544 0.8518822 1.5858559 1.9217432 1.6520628 1.5736463 1.5838545 1.7365353 1.5477922 0.3468290 0.2861827 0.0000000 0.5445147 0.3604055 1.6267310 1.6385549 1.5836281 1.7573771 1.6100848 1.6040657 1.3745689 1.6094510 1.5141023 1.3117900 1.4696030 1.7198852 1.3201708 1.5176669 3.3895290 2.2362315 
Lampan_Lpan_15277_01                    1.7998319 1.4325368 1.6487715 1.5727574 2.1300698 1.6030106 1.5894502 1.5490273 1.5107348 1.4910593 1.5186093 1.6097118 0.8729975 1.5531385 1.7081030 1.7591127 1.5510926 2.0510341 1.5967254 1.4318287 0.4985504 0.3632801 0.5445147 0.0000000 0.5458506 1.4057911 1.4170455 1.4065883 1.6743678 1.4826425 1.4329020 1.3452805 1.6275435 1.4126746 1.3630125 1.5324307 2.0538747 1.5453152 1.6480055 3.1425019 1.9526866 
Eupdun_Edun_sb10636429                  1.4596609 1.2119448 1.3518168 1.0831899 1.6939552 1.2195793 1.1887029 1.2243317 1.2026743 1.1561719 1.1977482 1.5276363 1.0143034 1.2564245 1.7395851 1.7565238 1.5710622 1.5602087 1.4288106 1.1725711 0.3661521 0.1997781 0.3604055 0.5458506 0.0000000 1.8042998 1.7814174 1.7770940 1.8074983 1.7968760 1.7732132 1.4462194 1.2644880 1.4605604 1.3138483 1.4837913 1.7230161 1.2501033 1.3791067 2.2196086 1.7233024 
Tadh_TriadT56724                        1.2440906 0.9669246 1.0071997 1.4801199 1.2957694 1.0334951 1.0292622 1.0275455 1.0326731 0.9795179 1.0738187 1.0886010 0.9022919 1.3868888 1.1483714 1.1757301 1.0792767 2.0252753 1.2478403 0.9539047 1.4876765 1.1214689 1.6267310 1.4057911 1.8042998 0.0000000 0.0075133 0.1733913 0.2707648 0.1854242 0.2110841 1.2963544 1.3152192 1.2638907 1.5934878 1.3428980 1.6726885 1.3814490 1.6981130 2.1294793 1.8661121 
TrH2_TrispH2_005845-RA                  1.2781112 0.9955610 1.0104495 1.4915105 1.2991431 1.0366989 1.0576874 1.0555450 1.0540296 1.0065688 1.1040931 1.0980529 0.9158370 1.3971808 1.1819893 1.2101433 1.1116690 2.1004179 1.2576623 0.9573031 1.4998210 1.1478085 1.6385549 1.4170455 1.7814174 0.0075133 0.0000000 0.1675029 0.2676259 0.1885880 0.2084772 1.3065639 1.3252334 1.2826288 1.6048573 1.3811075 1.6882046 1.3941941 1.7117103 2.0847640 1.8471859 
HoiH11_mRNA48                           1.3892874 1.0625139 1.1116263 1.6025265 1.4985839 1.1873024 1.1590660 1.1212322 1.1341391 1.0823468 1.1481884 1.2803777 1.0887484 1.4683361 1.3018913 1.2876404 1.2105573 2.1656977 1.3406124 1.1216549 1.4966224 1.2030663 1.5836281 1.4065883 1.7770940 0.1733913 0.1675029 0.0000000 0.2049197 0.2084185 0.1390012 1.3801177 1.3998427 1.2891272 1.5879161 1.4366421 1.7291692 1.4502293 1.6952135 2.0935952 1.9648262 
HoiH06_mRNA5233                         1.5112390 1.1609455 1.3367573 1.8717544 1.9119052 1.4695938 1.3713602 1.3671691 1.3699892 1.3923408 1.2829292 1.3700627 1.1979985 1.7410820 1.3985973 1.5601383 1.3745161 2.1318073 1.4367383 1.2115655 1.6666468 1.3954468 1.7573771 1.6743678 1.8074983 0.2707648 0.2676259 0.2049197 0.0000000 0.0989185 0.1236938 1.5133498 1.5183669 1.4994374 1.8751573 1.6598079 2.1045949 1.7688983 1.9270388 2.7769839 2.1669022 
HoiH23_PlH23_006348-RA                  1.3800125 1.0692509 1.2165221 1.6394503 1.5583500 1.2307275 1.1599551 1.1788916 1.1803802 1.2051196 1.2590238 1.1859003 0.9583375 1.5953036 1.3137538 1.4224882 1.2917957 2.3259317 1.3302955 1.0892652 1.4349828 1.1370235 1.6100848 1.4826425 1.7968760 0.1854242 0.1885880 0.2084185 0.0989185 0.0000000 0.1287595 1.3898403 1.4458380 1.3670414 1.7056820 1.4869979 1.8426443 1.5696671 1.7607088 2.7492251 2.2802216 
HoiH04_mRNA3229                         1.5144292 1.1435293 1.1956474 1.6586534 1.5751152 1.2274305 1.1931295 1.2203434 1.2474707 1.1887770 1.2179649 1.3274671 1.0722294 1.6163972 1.2906361 1.4399323 1.2568471 2.0780339 1.3787546 1.2000560 1.4564668 1.1628158 1.6040657 1.4329020 1.7732132 0.2110841 0.2084772 0.1390012 0.1236938 0.1287595 0.0000000 1.4745908 1.5201941 1.3962256 1.6183049 1.4738036 1.7752634 1.5236235 1.8579849 2.6733742 2.2144021 
Tcas_TC004378_001                       1.1571502 0.8865408 1.1037271 1.2006816 1.5254023 1.1958941 1.1895819 1.2055924 1.1905898 1.1643064 1.0608826 1.1375060 0.7861751 1.3371468 1.3515354 1.0562673 1.1846894 1.1292865 0.9226290 0.9285749 1.2477381 0.9571878 1.3745689 1.3452805 1.4462194 1.2963544 1.3065639 1.3801177 1.5133498 1.3898403 1.4745908 0.0000000 1.1132000 0.8085946 1.4988770 1.2748056 1.7698426 1.3929340 1.4247095 2.9418438 1.4220432 
Spur_XM_030995507.1                     1.3329986 1.1407412 1.3101334 1.4289757 2.0435071 1.5868683 1.4894437 1.5003163 1.5089937 1.4162466 1.3993645 1.4700747 0.6081083 2.0414646 1.3726334 1.4477591 1.4586991 0.8098849 1.3622273 1.1277165 1.3941962 1.0167841 1.6094510 1.6275435 1.2644880 1.3152192 1.3252334 1.3998427 1.5183669 1.4458380 1.5201941 1.1132000 0.0000000 1.2431772 1.7981377 1.5451971 2.2907417 1.9017980 1.9984245 4.0961893 2.1288227 
Dpul_mRNA257                            1.2491046 1.0735726 1.1518415 1.4262008 1.5375007 1.1959635 1.0808134 1.1130847 1.1398446 1.1153081 1.1284768 1.2170432 0.8630108 1.3534716 1.0664918 1.1537745 1.1040397 1.1003820 0.9892517 1.0947087 1.4644290 1.0538991 1.5141023 1.4126746 1.4605604 1.2638907 1.2826288 1.2891272 1.4994374 1.3670414 1.3962256 0.8085946 1.2431772 0.0000000 1.4784242 1.1761891 2.1555148 1.7581400 1.7514307 3.4242146 1.6002662 
Chem_TCONS_00052330                     1.8714931 1.5100273 1.3488670 1.3272331 1.5642519 1.2788358 1.2259508 1.3357863 1.2749284 1.2592650 1.1634270 1.4538211 0.7272978 1.0191321 1.5826615 1.5731889 1.5361797 1.0321685 1.7587821 1.6000624 1.4398755 1.0065863 1.3117900 1.3630125 1.3138483 1.5934878 1.6048573 1.5879161 1.8751573 1.7056820 1.6183049 1.4988770 1.7981377 1.4784242 0.0000000 1.3718413 1.2360533 1.1255358 1.3120058 1.2376468 1.5519721 
Plajan_Pjan_C567714_01                  1.4425268 1.3256249 1.2363886 1.4950950 1.6613406 1.3743096 1.2332212 1.1319567 1.1590294 1.2174123 1.0915919 1.2122025 1.0055005 1.4163300 1.2881712 1.4015945 1.2465510 1.4118812 1.3443166 1.3045288 1.5389343 1.2328496 1.4696030 1.5324307 1.4837913 1.3428980 1.3811075 1.4366421 1.6598079 1.4869979 1.4738036 1.2748056 1.5451971 1.1761891 1.3718413 0.0000000 1.7990987 1.4752758 1.6855122 2.1879713 0.6646303 
Nemnom_g4671.t1                         2.7361765 2.5231510 1.9086814 1.9061904 2.4112547 1.8660861 1.7972703 1.9305844 1.8581905 1.7325950 1.6814729 1.7411557 0.7768840 1.5016068 2.5031452 2.3387570 2.6144103 1.2650174 2.2227368 1.9364724 1.7022142 1.3210770 1.7198852 2.0538747 1.7230161 1.6726885 1.6882046 1.7291692 2.1045949 1.8426443 1.7752634 1.7698426 2.2907417 2.1555148 1.2360533 1.7990987 0.0000000 0.1374592 0.5921475 1.4986282 3.1802155 
Rhoesc_Res_008590-T1                    2.1809068 1.7323548 1.4640399 1.5163686 1.9003479 1.5338522 1.4921473 1.5363647 1.4977292 1.3923562 1.3203702 1.3524220 0.6372990 1.2737116 1.9228101 1.8130192 1.9306688 0.8335687 1.7155421 1.4632779 1.3342302 1.0062851 1.3201708 1.5453152 1.2501033 1.3814490 1.3941941 1.4502293 1.7688983 1.5696671 1.5236235 1.3929340 1.9017980 1.7581400 1.1255358 1.4752758 0.1374592 0.0000000 0.5885796 1.3970866 2.2139145 
Sanmal_Sma_001434-T1                    2.1259476 1.7064140 1.4104205 1.6178849 1.8331051 1.4794049 1.4900163 1.5027835 1.4482103 1.4527354 1.4909795 1.2674812 0.6825547 1.3256840 2.0218802 2.0631593 2.6039924 0.9839533 1.8582264 1.5591890 1.3859207 1.1202272 1.5176669 1.6480055 1.3791067 1.6981130 1.7117103 1.6952135 1.9270388 1.7607088 1.8579849 1.4247095 1.9984245 1.7514307 1.3120058 1.6855122 0.5921475 0.5885796 0.0000000 1.5993423 2.3208905 
Hvul_g12994_1                           2.9939093 2.8496685 1.9607027 2.0550346 2.2352535 2.2875827 2.3321335 2.2759575 2.1596622 1.9952580 2.1362351 2.2247306 1.0421059 1.9345605 2.8948883 2.4939326 2.5128648 0.8728904 3.3954118 3.0582101 3.1728937 2.8368431 3.3895290 3.1425019 2.2196086 2.1294793 2.0847640 2.0935952 2.7769839 2.7492251 2.6733742 2.9418438 4.0961893 3.4242146 1.2376468 2.1879713 1.4986282 1.3970866 1.5993423 0.0000000 1.9120581 
Opea_EP00118_Oscarella_pearsei_P013906  1.8215756 1.6498973 1.5395390 2.2462700 1.9364952 1.9439420 1.9374329 1.8119567 1.8226871 1.7914882 1.6466168 1.6626364 1.4459613 1.6988939 1.6682799 1.9088631 1.6198611 1.0921317 1.9932275 1.5749248 1.7776687 1.5002614 2.2362315 1.9526866 1.7233024 1.8661121 1.8471859 1.9648262 2.1669022 2.2802216 2.2144021 1.4220432 2.1288227 1.6002662 1.5519721 0.6646303 3.1802155 2.2139145 2.3208905 1.9120581 0.0000000 
