32
Hsap_ENST00000336278                   0.0000000 1.1539945 1.3195362 1.2050649 1.3175919 1.5072015 1.3154087 1.3059043 1.2666133 1.2929764 1.2972405 1.3795314 1.3827163 1.5453529 1.6898666 1.5367876 1.3928388 1.4059306 1.4025134 1.4084064 1.3464681 1.2485912 1.3398532 1.7464946 1.7454881 1.8626659 1.8281953 1.8314681 1.8245931 1.8106308 2.7689971 2.7294832 
Bralan_BLAG07001176_1                  1.1539945 0.0000000 0.7860573 1.0707256 1.0828405 1.1808757 1.1122207 1.0651254 1.0995252 1.1022221 1.0802333 1.0802678 1.0560355 1.1353744 1.3193837 1.4025312 1.1339746 1.1423679 1.1095679 1.2222680 0.9757650 0.9857963 1.0644711 1.5409619 1.5401025 1.5749608 1.5635878 1.5961065 1.5906389 1.5440702 2.5517898 2.5537129 
Spur_XM_030976160.1                    1.3195362 0.7860573 0.0000000 1.2577671 1.2217898 1.5897062 1.3458481 1.2472994 1.2931357 1.2904997 1.2492638 1.3764484 1.2012821 1.3824210 1.4075878 1.4025723 1.2333822 1.1891026 1.2912892 1.3003042 1.0207677 0.9878095 1.4797530 1.7399279 1.7485561 1.7064391 1.6676316 1.7019392 1.7019392 1.9003484 2.9094033 2.8643253 
Exapal_XM_021038698.2                  1.2050649 1.0707256 1.2577671 0.0000000 0.2567006 0.4425371 0.4264629 0.4008718 0.4062508 0.4033239 0.3954905 0.3559272 0.6571965 0.7571524 0.9612344 0.9504756 0.8180936 0.8417342 0.8244157 0.7624398 1.1156695 1.0709993 1.3259789 1.3344064 1.3267186 1.2321555 1.2220035 1.2224091 1.2203487 1.7088225 2.1185068 2.0911181 
Nvec_NVE22297                          1.3175919 1.0828405 1.2217898 0.2567006 0.0000000 0.4677484 0.4240113 0.3974631 0.4184138 0.3972943 0.3900358 0.4184291 0.6610163 0.7616240 1.0049623 0.9797242 0.8788854 0.9058761 0.8827780 0.8142277 1.1406054 1.0609544 1.3624220 1.3478703 1.3401871 1.2671585 1.2797274 1.2775903 1.2754738 1.8249239 2.1453443 2.1005383 
Adig_XM_015911214.1                    1.5072015 1.1808757 1.5897062 0.4425371 0.4677484 0.0000000 0.0229030 0.1120575 0.1312070 0.1571457 0.1457956 0.0877272 0.8397846 0.8642591 1.1215379 0.9337368 0.8297114 0.8628237 0.8813931 0.8723397 1.2762552 1.3040768 1.4668593 1.6087253 1.5975382 1.5140673 1.5425289 1.6083371 1.6115513 1.9424061 2.4356495 2.3908626 
Amil_Amillepora08762-RA                1.3154087 1.1122207 1.3458481 0.4264629 0.4240113 0.0229030 0.0000000 0.0771222 0.0970788 0.1142734 0.1112824 0.0908107 0.7024958 0.8170327 0.9922261 0.9151260 0.8161077 0.8436585 0.8528072 0.8239693 1.2022528 1.1711079 1.3562218 1.3594912 1.3516578 1.2645784 1.2856571 1.3308205 1.3330137 1.9242812 2.2546029 2.2240980 
Gfas_gfas1.m1.4384.m1                  1.3059043 1.0651254 1.2472994 0.4008718 0.3974631 0.1120575 0.0771222 0.0000000 0.0977667 0.1047337 0.0966354 0.1034952 0.6828537 0.7948780 0.9946293 0.8870663 0.7936924 0.8159771 0.8354324 0.8077049 1.1683855 1.1536322 1.3671983 1.3359767 1.3282585 1.2723986 1.2933721 1.3253445 1.3275173 1.8957060 2.2347419 2.2045201 
Fspp_ffun1.m4.9855.m1                  1.2666133 1.0995252 1.2931357 0.4062508 0.4184138 0.1312070 0.0970788 0.0977667 0.0000000 0.0807466 0.0802950 0.0403722 0.6937307 0.8067571 0.9690045 0.9129500 0.7622424 0.7914903 0.8094243 0.8108557 1.2179324 1.2055659 1.4065613 1.3461915 1.3384406 1.2973241 1.3183835 1.3379799 1.3401612 1.9115180 2.1939457 2.1648030 
Spis_XP_022791332_1                    1.2929764 1.1022221 1.2904997 0.4033239 0.3972943 0.1571457 0.1142734 0.1047337 0.0807466 0.0000000 0.0399430 0.0897193 0.6947115 0.8124310 0.9630775 0.9232994 0.7875118 0.8078698 0.8300885 0.8380287 1.1996421 1.1714336 1.3704318 1.3821114 1.3742534 1.3478557 1.3690980 1.3976269 1.3927420 1.8547369 2.1775550 2.1485863 
Pocdam_XM_027194229.1                  1.2972405 1.0802333 1.2492638 0.3954905 0.3900358 0.1457956 0.1112824 0.0966354 0.0802950 0.0399430 0.0000000 0.0887982 0.6955220 0.8111117 0.9419038 0.8855228 0.7702748 0.7907834 0.8170784 0.7977868 1.1869863 1.1748527 1.3661387 1.3666356 1.3588405 1.3119435 1.3330531 1.3638921 1.3590374 1.8600891 2.1780793 2.1491132 
Gasp_gasp1.m3.10324.m1                 1.3795314 1.0802678 1.3764484 0.3559272 0.4184291 0.0877272 0.0908107 0.1034952 0.0403722 0.0897193 0.0887982 0.0000000 0.7657426 0.7724416 1.0281599 0.8695125 0.7412975 0.7711826 0.8054041 0.7938445 1.2189844 1.2639144 1.4454934 1.5280477 1.5171251 1.4853514 1.5126714 1.5663715 1.5695428 1.8705234 2.3262796 2.2838780 
Dgig_XM_028536076.1                    1.3827163 1.0560355 1.2012821 0.6571965 0.6610163 0.8397846 0.7024958 0.6828537 0.6937307 0.6947115 0.6955220 0.7657426 0.0000000 0.1262539 0.9737296 0.9304909 0.7992342 0.8035762 0.7796802 0.7477036 1.1697698 1.2383449 1.3577671 1.2385528 1.2327692 1.1760083 1.1711049 1.1947254 1.1939767 1.9118933 2.3003490 2.2648709 
Xesp_006161-T1                         1.5453529 1.1353744 1.3824210 0.7571524 0.7616240 0.8642591 0.8170327 0.7948780 0.8067571 0.8124310 0.8111117 0.7724416 0.1262539 0.0000000 1.0452486 1.0148041 0.8923081 0.8770962 0.8726658 0.8377466 1.2655013 1.3413112 1.4623870 1.3741746 1.3678537 1.3444301 1.3257032 1.3430417 1.3421381 2.0790552 2.4969260 2.4554214 
Hvul_g1882_1                           1.6898666 1.3193837 1.4075878 0.9612344 1.0049623 1.1215379 0.9922261 0.9946293 0.9690045 0.9630775 0.9419038 1.0281599 0.9737296 1.0452486 0.0000000 0.4845539 0.6933425 0.6759306 0.6462224 0.6661138 1.3777657 1.2802319 1.5212714 1.5986271 1.5894382 1.5734823 1.6024004 1.5819736 1.5756110 1.9864889 2.4055586 2.3698447 
Chem_TCONS_00024069                    1.5367876 1.4025312 1.4025723 0.9504756 0.9797242 0.9337368 0.9151260 0.8870663 0.9129500 0.9232994 0.8855228 0.8695125 0.9304909 1.0148041 0.4845539 0.0000000 0.5920338 0.5849141 0.6057547 0.5755477 1.3470110 1.3740188 1.4687498 1.6133772 1.6232262 1.6818612 1.6913868 1.6268317 1.6294883 1.8842498 2.3710737 2.3367358 
Nemnom_g11931.t1                       1.3928388 1.1339746 1.2333822 0.8180936 0.8788854 0.8297114 0.8161077 0.7936924 0.7622424 0.7875118 0.7702748 0.7412975 0.7992342 0.8923081 0.6933425 0.5920338 0.0000000 0.0474632 0.2245650 0.4805875 1.1532683 1.3080506 1.3953874 1.4035183 1.4036314 1.4182153 1.4231642 1.4131906 1.4089514 1.8274913 2.0851781 2.0576531 
Rhoesc_Res_010946-T1                   1.4059306 1.1423679 1.1891026 0.8417342 0.9058761 0.8628237 0.8436585 0.8159771 0.7914903 0.8078698 0.7907834 0.7711826 0.8035762 0.8770962 0.6759306 0.5849141 0.0474632 0.0000000 0.2147841 0.4573494 1.1449767 1.2963564 1.3619703 1.4142796 1.4144021 1.4236569 1.4285285 1.4256778 1.4214587 1.7986243 2.0377891 2.0116074 
Sanmal_Sma_025293-T1                   1.4025134 1.1095679 1.2912892 0.8244157 0.8827780 0.8813931 0.8528072 0.8354324 0.8094243 0.8300885 0.8170784 0.8054041 0.7796802 0.8726658 0.6462224 0.6057547 0.2245650 0.2147841 0.0000000 0.4551385 1.2019984 1.2372814 1.4581879 1.3887804 1.3888791 1.3834470 1.3895761 1.3577908 1.3536148 1.8847448 2.0701276 2.0434227 
Morvir_scaffold440.g12.t2              1.4084064 1.2222680 1.3003042 0.7624398 0.8142277 0.8723397 0.8239693 0.8077049 0.8108557 0.8380287 0.7977868 0.7938445 0.7477036 0.8377466 0.6661138 0.5755477 0.4805875 0.4573494 0.4551385 0.0000000 1.2001338 1.1906958 1.3732374 1.4140717 1.4194736 1.3845186 1.4062044 1.3555132 1.3513239 1.9164403 2.2272444 2.1968928 
Cgig_XM_011427476.3                    1.3464681 0.9757650 1.0207677 1.1156695 1.1406054 1.2762552 1.2022528 1.1683855 1.2179324 1.1996421 1.1869863 1.2189844 1.1697698 1.2655013 1.3777657 1.3470110 1.1532683 1.1449767 1.2019984 1.2001338 0.0000000 0.7024094 0.9833779 1.4921043 1.4912683 1.5152198 1.4941350 1.5018235 1.5014398 1.5215640 2.2635715 2.2294865 
Acagra_model.g29395.t1                 1.2485912 0.9857963 0.9878095 1.0709993 1.0609544 1.3040768 1.1711079 1.1536322 1.2055659 1.1714336 1.1748527 1.2639144 1.2383449 1.3413112 1.2802319 1.3740188 1.3080506 1.2963564 1.2372814 1.1906958 0.7024094 0.0000000 1.0316117 1.5583950 1.5575407 1.5637502 1.5348659 1.5705838 1.5669162 1.5118782 2.3751956 2.3385160 
Cscu_XM_023379146.1                    1.3398532 1.0644711 1.4797530 1.3259789 1.3624220 1.4668593 1.3562218 1.3671983 1.4065613 1.3704318 1.3661387 1.4454934 1.3577671 1.4623870 1.5212714 1.4687498 1.3953874 1.3619703 1.4581879 1.3732374 0.9833779 1.0316117 0.0000000 1.8041475 1.8030659 1.8146852 1.7995587 1.8264783 1.8222230 1.2865411 2.6268487 2.5766621 
Tadh_TriadT24172                       1.7464946 1.5409619 1.7399279 1.3344064 1.3478703 1.6087253 1.3594912 1.3359767 1.3461915 1.3821114 1.3666356 1.5280477 1.2385528 1.3741746 1.5986271 1.6133772 1.4035183 1.4142796 1.3887804 1.4140717 1.4921043 1.5583950 1.8041475 0.0000000 0.0022608 0.2569639 0.2530664 0.2718569 0.2689837 2.2244866 2.6010447 2.5986675 
TrH2_TrispH2_003797-RA                 1.7454881 1.5401025 1.7485561 1.3267186 1.3401871 1.5975382 1.3516578 1.3282585 1.3384406 1.3742534 1.3588405 1.5171251 1.2327692 1.3678537 1.5894382 1.6232262 1.4036314 1.4144021 1.3888791 1.4194736 1.4912683 1.5575407 1.8030659 0.0022608 0.0000000 0.2536967 0.2498489 0.2750117 0.2721354 2.2267766 2.6025886 2.6001867 
HoiH06_mRNA663                         1.8626659 1.5749608 1.7064391 1.2321555 1.2671585 1.5140673 1.2645784 1.2723986 1.2973241 1.3478557 1.3119435 1.4853514 1.1760083 1.3444301 1.5734823 1.6818612 1.4182153 1.4236569 1.3834470 1.3845186 1.5152198 1.5637502 1.8146852 0.2569639 0.2536967 0.0000000 0.0280143 0.1224324 0.1198459 2.1384483 2.6643591 2.6610003 
HoiH23_PlH23_001711-RA                 1.8281953 1.5635878 1.6676316 1.2220035 1.2797274 1.5425289 1.2856571 1.2933721 1.3183835 1.3690980 1.3330531 1.5126714 1.1711049 1.3257032 1.6024004 1.6913868 1.4231642 1.4285285 1.3895761 1.4062044 1.4941350 1.5348659 1.7995587 0.2530664 0.2498489 0.0280143 0.0000000 0.1205482 0.1179995 2.0900683 2.5797895 2.5776981 
Hhon_g09872.t1                         1.8314681 1.5961065 1.7019392 1.2224091 1.2775903 1.6083371 1.3308205 1.3253445 1.3379799 1.3976269 1.3638921 1.5663715 1.1947254 1.3430417 1.5819736 1.6268317 1.4131906 1.4256778 1.3577908 1.3555132 1.5018235 1.5705838 1.8264783 0.2718569 0.2750117 0.1224324 0.1205482 0.0000000 0.0022690 2.0872992 2.5627389 2.5609056 
HoiH04_mRNA2430                        1.8245931 1.5906389 1.7019392 1.2203487 1.2754738 1.6115513 1.3330137 1.3275173 1.3401612 1.3927420 1.3590374 1.5695428 1.1939767 1.3421381 1.5756110 1.6294883 1.4089514 1.4214587 1.3536148 1.3513239 1.5014398 1.5669162 1.8222230 0.2689837 0.2721354 0.1198459 0.1179995 0.0022690 0.0000000 2.0838306 2.5607759 2.5589726 
Dpul_mRNA3201                          1.8106308 1.5440702 1.9003484 1.7088225 1.8249239 1.9424061 1.9242812 1.8957060 1.9115180 1.8547369 1.8600891 1.8705234 1.9118933 2.0790552 1.9864889 1.8842498 1.8274913 1.7986243 1.8847448 1.9164403 1.5215640 1.5118782 1.2865411 2.2244866 2.2267766 2.1384483 2.0900683 2.0872992 2.0838306 0.0000000 2.8573799 2.8646169 
Ocar_g7295                             2.7689971 2.5517898 2.9094033 2.1185068 2.1453443 2.4356495 2.2546029 2.2347419 2.1939457 2.1775550 2.1780793 2.3262796 2.3003490 2.4969260 2.4055586 2.3710737 2.0851781 2.0377891 2.0701276 2.2272444 2.2635715 2.3751956 2.6268487 2.6010447 2.6025886 2.6643591 2.5797895 2.5627389 2.5607759 2.8573799 0.0000000 0.0024562 
Opea_EP00118_Oscarella_pearsei_P005342 2.7294832 2.5537129 2.8643253 2.0911181 2.1005383 2.3908626 2.2240980 2.2045201 2.1648030 2.1485863 2.1491132 2.2838780 2.2648709 2.4554214 2.3698447 2.3367358 2.0576531 2.0116074 2.0434227 2.1968928 2.2294865 2.3385160 2.5766621 2.5986675 2.6001867 2.6610003 2.5776981 2.5609056 2.5589726 2.8646169 0.0024562 0.0000000 
