61
Hsap_ENST00000547530                                   0.0000000 1.1170642 0.5757521 1.3749926 1.5466188 1.3907541 1.4078605 1.3984535 1.3888496 1.3519413 1.4456147 1.8489382 1.9794043 1.7709545 1.5490689 1.5329669 1.5405602 1.5573073 1.5843835 1.5849924 1.5524318 1.5139940 1.5883161 1.7761580 1.2157857 2.1668123 2.0688597 2.0314046 1.6525465 1.1112127 1.7551126 1.8044857 1.2355200 1.7948023 2.1755052 3.1110649 1.3605060 1.7333087 1.8541494 2.2260566 2.3836657 2.2071548 2.0397462 2.3508410 3.1807095 4.0362694 3.0855194 2.7689309 2.8442177 3.2685583 3.2095315 2.9582688 3.1835288 3.0734548 3.9700111 1.6425555 2.4190141 1.9910554 2.9514019 5.4650767 5.2597311 
Skow_XM_006820505.1                                    1.1170642 0.0000000 0.4442639 1.0291014 1.0478278 1.0315867 1.0321626 1.0364200 0.9938705 1.0518394 1.0568320 1.5060398 1.6619181 1.4919132 1.0986788 1.0855578 1.1460138 1.1872282 1.1972258 1.2130540 1.0890857 1.1828692 1.1842393 1.2653312 1.2265923 1.8647159 1.8256528 1.7571787 1.4347183 0.8592037 1.4892190 1.5976043 0.9546124 1.3890391 1.7671968 2.2468571 0.9370587 1.3789073 1.4971368 1.7426225 2.0999892 2.0546994 1.8884739 2.1220308 2.3574941 3.5287640 2.8334800 2.3614867 2.6727111 3.1240721 3.0507109 2.8291016 2.8022624 2.6037060 3.1450019 1.1165703 1.9566433 1.8250360 2.0945144 4.5185694 4.1905820 
Ctel_gnl_WGS_AMQN_CAPTEDRAFT_mRNA78120                 0.5757521 0.4442639 0.0000000 0.4993634 0.4887136 0.5213962 0.4872577 0.5132497 0.4809811 0.5743363 0.5458111 0.9623149 2.0299420 0.5334921 0.6466863 0.6359340 0.5973713 0.6228331 0.6228331 0.6228331 0.5610033 0.7598967 0.5938120 0.6384223 0.6600729 0.6915658 0.7847619 0.6807332 0.6363580 1.0630760 1.0035855 0.7815296 1.5453946 0.7717228 1.2032161 0.5406106 0.7118646 0.7481194 0.7974035 3.3932596 1.0723171 0.9483228 1.1147738 1.3381650 0.0000010 2.4076417 2.0169354 1.9862662 2.0190929 2.3435809 2.3435809 1.9923520 2.5072309 0.9892789 0.0000010 0.5833736 0.0000010 2.0574868 4.0059582 4.0437447 5.5771624 
Cgig_XM_011426074.3                                    1.3749926 1.0291014 0.4993634 0.0000000 1.4006154 1.3292553 1.3065318 1.2963314 1.2865749 1.1948066 1.3452235 1.6436317 1.8461928 1.6501268 1.5199265 1.4992005 1.6079479 1.6498449 1.6396441 1.6490640 1.5912043 1.3024958 1.4528454 1.5719412 1.0887340 1.9903975 2.0404964 2.0405738 1.6275535 0.9223245 1.5892067 1.9280797 1.1408595 1.8816685 2.1992129 2.9184083 1.5066435 1.6587616 1.7827491 2.0248664 2.3251635 2.2629280 2.0163198 2.1896681 3.2602426 3.7528691 2.9089361 2.3207704 2.6067517 3.2207662 3.1185317 2.8156716 2.9487755 2.8799920 3.2466157 1.7435339 2.6409380 1.9919749 2.7170413 5.4032091 4.6385118 
Gfas_gfas1.m1.17986.m1                                 1.5466188 1.0478278 0.4887136 1.4006154 0.0000000 0.2909356 0.2991795 0.3069220 0.3003076 0.6419157 0.5691686 0.4731278 0.5940098 1.2643573 1.2747613 1.2783384 1.2360265 1.2603925 1.2742254 1.2793684 1.2846649 1.4129003 1.3843403 1.5709452 1.0570335 1.6544812 1.6033926 1.5692932 1.3548984 0.9458443 1.4977848 1.4823687 1.0091631 1.4923446 1.7304624 2.3776268 1.3967682 1.0547197 1.2234863 2.1267749 2.0356964 1.9572575 1.6811448 2.1427875 2.4377310 3.3276767 2.7084005 2.3228455 2.5138590 2.7839692 2.7113522 2.6334045 2.7076859 2.5921325 3.4674218 1.5051903 2.3648277 2.1036847 2.7313264 4.8900311 3.4212123 
Fspp_ffun1.m4.7257.m1                                  1.3907541 1.0315867 0.5213962 1.3292553 0.2909356 0.0000000 0.1741962 0.2270612 0.2091666 0.5467219 0.5768673 0.5411385 0.6223904 1.1212865 1.2671531 1.2713853 1.2456039 1.2807810 1.2728411 1.2974066 1.2888997 1.3923594 1.2930031 1.5100072 1.0941316 1.5835908 1.5265029 1.5029333 1.3065222 0.9091320 1.3764881 1.3314358 1.0236743 1.4373692 1.5823060 1.8636263 1.2952729 1.0480860 1.1976228 1.9863751 1.9018102 1.8305447 1.5660538 1.9754123 2.0555214 3.2465458 2.5526532 2.1085472 2.3096616 2.5808020 2.4906988 2.5872643 2.5031932 2.3978663 3.0514381 1.3898586 2.1128651 2.0889039 2.6895802 4.7454061 3.6318228 
Gasp_gasp1.m3.1595.m1                                  1.4078605 1.0321626 0.4872577 1.3065318 0.2991795 0.1741962 0.0000000 0.2421090 0.2087117 0.5855220 0.5812325 0.5359017 0.6283141 1.1967517 1.2236041 1.2312757 1.2412616 1.2698801 1.2851517 1.2975250 1.2598858 1.3736931 1.3009850 1.5067457 1.0447010 1.6023113 1.5573503 1.5042878 1.4352640 0.8676494 1.4583748 1.5335521 1.0126454 1.5044529 1.7401011 2.3217433 1.3822754 1.0822902 1.1857515 1.9889637 1.8926569 1.7786911 1.6107874 2.0306726 2.1283825 3.2473637 2.6764075 2.2776718 2.5217616 2.7737068 2.6054198 2.6591611 2.5640291 2.5278835 3.0825109 1.4787088 2.1368222 2.0672342 2.7246543 4.8716267 3.5435943 
Spis_XP_022798725_1                                    1.3984535 1.0364200 0.5132497 1.2963314 0.3069220 0.2270612 0.2421090 0.0000000 0.0666508 0.6290983 0.5443663 0.5525098 0.6676161 1.2211461 1.3126994 1.3098410 1.2627478 1.2907963 1.2905496 1.3028613 1.3052813 1.4434821 1.4189466 1.6170820 1.1308134 1.7489258 1.5479292 1.4941415 1.4401176 0.9003761 1.4437791 1.5465142 1.0160766 1.5697989 1.7594536 2.3216802 1.4284480 1.1156732 1.2131584 2.0792933 1.9559955 1.8255362 1.6524462 2.1680277 2.2460110 3.2799221 2.6291729 2.1671241 2.3304219 2.5782234 2.4448745 2.6416584 2.5691627 2.5027440 3.5447696 1.3725586 2.1121963 2.1382249 2.7080639 4.8095252 3.4601962 
Pocdam_XM_027179898.1                                  1.3888496 0.9938705 0.4809811 1.2865749 0.3003076 0.2091666 0.2087117 0.0666508 0.0000000 0.6017702 0.5374646 0.5702671 0.6884967 1.2079526 1.2674717 1.2650058 1.2108017 1.2499271 1.2451405 1.2572590 1.2358887 1.4233431 1.3732451 1.5713629 1.1361949 1.6978073 1.4941780 1.4466665 1.3897824 0.8680555 1.4528282 1.5034194 0.9715203 1.5454148 1.7961475 2.4697986 1.3916393 1.1074755 1.2249145 1.9973694 1.9096666 1.7613136 1.5788865 2.0635622 2.3604054 3.4059105 2.6870880 2.2058046 2.3610138 2.5933720 2.4836310 2.6420610 2.6050441 2.5852354 3.4916663 1.4195127 2.1579756 2.1789417 2.6789638 4.8835493 3.4464480 
Exapal_XM_021043953.2                                  1.3519413 1.0518394 0.5743363 1.1948066 0.6419157 0.5467219 0.5855220 0.6290983 0.6017702 0.0000000 0.4792338 0.8523003 1.0403555 1.2374312 1.3001053 1.3042229 1.3038969 1.3315023 1.3538445 1.3719667 1.2505479 1.3996269 1.3517385 1.6137607 0.9901718 1.5757611 1.5161419 1.5092165 1.2838663 0.8577247 1.5460056 1.6115425 0.9610948 1.4254319 1.7219840 2.5205343 1.2754236 1.0539483 1.3037695 1.9750604 1.8762576 1.7581484 1.7990483 1.8852743 2.1349532 3.3164125 2.7174767 2.3653931 2.6511489 3.0029942 2.8986353 2.7524507 2.8823966 2.8369594 3.0129207 1.5839669 2.2850908 1.9212259 2.5803098 4.9382589 3.7964934 
Nvec_v1g147404                                         1.4456147 1.0568320 0.5458111 1.3452235 0.5691686 0.5768673 0.5812325 0.5443663 0.5374646 0.4792338 0.0000000 0.8094885 1.0225072 1.1800041 1.1492878 1.1533091 1.1888894 1.1852135 1.2193733 1.2317057 1.2102881 1.3738766 1.4076917 1.5582236 1.0084630 1.6986747 1.4913846 1.4607410 1.3019727 0.8513330 1.4362544 1.5255536 0.9808579 1.4658999 1.7178798 2.7159832 1.2860090 1.0770101 1.0950576 1.9831936 1.8771906 1.8137996 1.8728247 1.7982197 2.1404091 3.3655687 2.4656770 2.1194651 2.4120146 2.5803140 2.5861903 2.5170870 2.5057996 2.5557245 3.1768588 1.5656133 2.5487863 2.1998370 3.1355870 5.2276217 4.1911950 
Adig_XM_015901646.1                                    1.8489382 1.5060398 0.9623149 1.6436317 0.4731278 0.5411385 0.5359017 0.5525098 0.5702671 0.8523003 0.8094885 0.0000000 0.1663228 1.6215145 1.5403144 1.5546728 1.5354977 1.5731318 1.5652936 1.5858001 1.7565399 1.8265336 1.7832324 1.9072869 1.4021076 1.8198863 1.8497431 1.8079283 1.7229358 1.1674423 1.8580682 1.8093859 1.1586411 1.7295219 2.2326102 3.4063403 1.8014333 1.2378751 1.4635125 2.2829404 2.3868061 2.0349708 2.1948904 2.3109645 2.6647346 3.5994666 3.0571790 2.8973148 2.8880618 3.4484727 3.2673489 3.2325497 3.0887636 2.9476931 3.9931094 1.7407688 2.7988851 2.4657712 3.1626390 5.8963416 4.6197399 
Amil_Amillepora15828-RA                                1.9794043 1.6619181 2.0299420 1.8461928 0.5940098 0.6223904 0.6283141 0.6676161 0.6884967 1.0403555 1.0225072 0.1663228 0.0000000 1.8087331 1.7733160 1.7803577 1.6672589 1.7438643 1.7381647 1.7640798 1.8243646 1.9957987 1.9597798 2.2638572 2.2595341 2.0819776 2.0696915 2.0054505 1.8814072 1.5887098 1.9873276 2.0670206 1.6937011 1.8993252 2.4208064 2.1424333 1.8784220 1.4811309 1.6720043 2.4312872 2.7625371 2.4664542 2.3621652 2.5543835 2.6004906 3.6007980 3.2837483 3.0984118 3.0848204 3.6280888 3.4636020 3.4301726 3.3123490 3.0904481 3.5604517 1.5537735 2.5071763 2.9097111 3.0605925 5.4238591 4.4386121 
Plajan_Pjan_scaffold18909_01                           1.7709545 1.4919132 0.5334921 1.6501268 1.2643573 1.1212865 1.1967517 1.2211461 1.2079526 1.2374312 1.1800041 1.6215145 1.8087331 0.0000000 1.2957625 1.2929230 1.2656391 1.3056397 1.3202915 1.3307135 1.4925588 1.1525310 1.2631886 1.3024364 1.2604916 2.1142406 2.1914148 2.0981692 0.8772427 0.9536858 1.5446813 1.4395520 1.1326893 1.4789308 1.8768656 2.7712006 1.7359970 1.3487554 1.5518826 1.9690514 2.3224797 2.3022411 2.2401815 2.2773954 2.3768235 3.4495266 2.7356860 2.5948893 2.5902249 2.9170499 2.8255979 2.7530525 2.6778425 2.8226577 3.3071124 2.2268166 2.6236155 2.4889350 3.1099325 4.8109941 3.9670373 
Tadh_TriadT62066                                       1.5490689 1.0986788 0.6466863 1.5199265 1.2747613 1.2671531 1.2236041 1.3126994 1.2674717 1.3001053 1.1492878 1.5403144 1.7733160 1.2957625 0.0000000 0.0019251 0.2171656 0.2030615 0.1935288 0.2020335 0.2713419 1.2145625 1.3203959 1.3812910 1.4628774 1.8854094 1.9787443 1.8479801 1.3777139 0.9643293 1.6971850 1.6233972 0.9971884 1.4996297 2.1218405 3.5896903 1.4230155 1.5046303 1.5891360 2.0261398 2.2262197 2.0133045 2.3209300 2.1693818 2.3237352 3.6310514 2.7723170 2.4689412 2.6497598 2.8644386 2.8056870 2.7983609 2.8206357 2.6468499 3.3418489 1.6420633 2.6651366 2.3415628 3.2124689 4.6279119 4.6489642 
TrH2_TrispH2_008755-RA                                 1.5329669 1.0855578 0.6359340 1.4992005 1.2783384 1.2713853 1.2312757 1.3098410 1.2650058 1.3042229 1.1533091 1.5546728 1.7803577 1.2929230 0.0019251 0.0000000 0.2162173 0.2021888 0.1937818 0.2022718 0.2697850 1.2041502 1.3110153 1.3714710 1.4628774 1.8976658 1.9694864 1.8486192 1.3720515 0.9477875 1.6837586 1.6116580 0.9906937 1.4885602 2.0895133 3.5896903 1.4175767 1.5111549 1.5953179 2.0080775 2.2275051 2.0037297 2.2985048 2.1915214 2.3237352 3.6394213 2.7940587 2.4737363 2.6730072 2.8577735 2.7994526 2.8008988 2.8135795 2.6389487 3.3554380 1.6441098 2.6679720 2.3439036 3.1711096 4.5357242 4.6838159 
HoiH06_mRNA2670                                        1.5405602 1.1460138 0.5973713 1.6079479 1.2360265 1.2456039 1.2412616 1.2627478 1.2108017 1.3038969 1.1888894 1.5354977 1.6672589 1.2656391 0.2171656 0.2162173 0.0000000 0.0394453 0.0947515 0.0945005 0.1804908 1.1903661 1.3094677 1.3928449 1.4210295 1.9616249 1.8928495 1.8564078 1.4180166 0.9934288 1.7747300 1.7399372 1.0409330 1.5462067 2.1126029 3.5741585 1.4300910 1.6080128 1.7708296 2.0441617 2.1551420 2.0343432 2.2445999 2.1953484 2.6728362 3.7592490 2.8378836 2.4510413 2.6366849 3.0185760 2.9087530 2.8557758 2.7667921 2.6326458 3.1418603 1.7083829 2.6320020 2.4215108 3.2835881 4.7107497 4.7712128 
HoiH23_PlH23_009005-RA                                 1.5573073 1.1872282 0.6228331 1.6498449 1.2603925 1.2807810 1.2698801 1.2907963 1.2499271 1.3315023 1.1852135 1.5731318 1.7438643 1.3056397 0.2030615 0.2021888 0.0394453 0.0000000 0.0771027 0.0789653 0.1746028 1.1953335 1.3030408 1.4089829 1.4659061 1.9830897 1.9507670 1.9222538 1.4494411 0.9686443 1.7700806 1.7289786 1.0056252 1.5550874 2.1701226 3.6925419 1.4527223 1.6083396 1.7528935 2.0079933 2.2015232 2.0826876 2.3273911 2.2518292 2.7502926 4.0467261 3.0106796 2.5402326 2.7092816 3.1022461 3.0187876 2.9446435 2.9123413 2.6667927 3.2601369 1.7828640 2.7889300 2.4127130 3.5595808 4.8203386 4.8788350 
Hhon_g03092.t1                                         1.5843835 1.1972258 0.6228331 1.6396441 1.2742254 1.2728411 1.2851517 1.2905496 1.2451405 1.3538445 1.2193733 1.5652936 1.7381647 1.3202915 0.1935288 0.1937818 0.0947515 0.0771027 0.0000000 0.0078171 0.1689616 1.1760672 1.3416206 1.4644818 1.4620261 2.0184631 1.9743822 2.0031497 1.4707188 0.9787368 1.7664420 1.6512024 1.0056252 1.5445420 2.1231791 3.8432504 1.4647612 1.6183823 1.7087635 2.1838668 2.2659847 2.0570514 2.2977522 2.2390374 2.7121971 3.8075341 2.8736912 2.4879791 2.6122350 3.0575200 2.9645022 2.8733801 2.8359810 2.6176039 3.1790783 1.7676181 2.7500616 2.3758137 3.5981957 4.7154742 4.7485762 
HoiH04_mRNA36                                          1.5849924 1.2130540 0.6228331 1.6490640 1.2793684 1.2974066 1.2975250 1.3028613 1.2572590 1.3719667 1.2317057 1.5858001 1.7640798 1.3307135 0.2020335 0.2022718 0.0945005 0.0789653 0.0078171 0.0000000 0.1784269 1.1688164 1.3281589 1.4653391 1.4620261 2.0549642 2.0090755 2.0129461 1.4620741 0.9787368 1.7810745 1.6725805 1.0056252 1.5572300 2.1170220 3.7750440 1.4603039 1.6289237 1.7184973 2.1782843 2.2519707 2.0673422 2.2835734 2.2334662 2.7802404 3.8268699 2.8778630 2.4879791 2.6015999 3.0469032 2.9380766 2.8568852 2.8232252 2.5846752 3.1790783 1.7715368 2.7458095 2.3805551 3.5575887 4.7103666 4.7586756 
HoiH11_mRNA8707                                        1.5524318 1.0890857 0.5610033 1.5912043 1.2846649 1.2888997 1.2598858 1.3052813 1.2358887 1.2505479 1.2102881 1.7565399 1.8243646 1.4925588 0.2713419 0.2697850 0.1804908 0.1746028 0.1689616 0.1784269 0.0000000 1.3768939 1.4825834 1.6052100 1.8336764 1.9651440 1.8293634 1.8674422 1.5961999 0.8928160 1.9419209 1.8731536 0.8364248 1.6985658 2.2781210 3.9306918 1.4574933 1.6155587 1.8228022 1.9623800 2.2348143 2.1454952 2.2185442 2.1645738 2.6800425 3.6928202 2.5458886 2.3017913 2.4833805 2.6309234 2.6293695 2.6036398 2.4255223 2.4864504 3.0917554 1.6388680 2.5172293 1.9669510 3.5959936 4.6885802 5.1857274 
Scil_scict006974.1                                     1.5139940 1.1828692 0.7598967 1.3024958 1.4129003 1.3923594 1.3736931 1.4434821 1.4233431 1.3996269 1.3738766 1.8265336 1.9957987 1.1525310 1.2145625 1.2041502 1.1903661 1.1953335 1.1760672 1.1688164 1.3768939 0.0000000 0.3420712 0.2982240 1.2195217 1.8962264 1.8976030 1.8625751 1.2330500 0.9437962 1.5491321 1.3559649 1.1781829 1.4662382 1.5948162 3.6718489 1.3975067 1.5465554 1.5108135 0.7506427 2.3195949 2.1943738 1.9193677 1.9665142 1.8863535 3.7270672 2.4212823 2.3831116 2.5766383 2.5647343 2.5501462 2.4086042 2.5113900 1.9710785 3.6084958 1.9113819 2.7533593 1.8393673 5.6350821 6.4093734 6.2446763 
Lcom_lcpid16740                                        1.5883161 1.1842393 0.5938120 1.4528454 1.3843403 1.2930031 1.3009850 1.4189466 1.3732451 1.3517385 1.4076917 1.7832324 1.9597798 1.2631886 1.3203959 1.3110153 1.3094677 1.3030408 1.3416206 1.3281589 1.4825834 0.3420712 0.0000000 0.3300598 1.1658811 2.0433350 1.9731616 1.8914601 1.1962313 0.8988164 1.6168141 1.4148957 1.2553994 1.5592344 1.6946842 2.5306791 1.5279968 1.6081156 1.6266270 0.6743319 2.3951488 2.2964116 2.1199493 2.1738031 1.6540684 3.3705441 2.4757494 2.4283251 2.5264643 2.5441808 2.5187170 2.4368888 2.3878886 2.4080446 3.4062351 1.9258408 2.0916783 2.1127796 4.1684731 4.7449280 5.2096599 
Gracom_Gcom_scaffold17614_01                           1.7761580 1.2653312 0.6384223 1.5719412 1.5709452 1.5100072 1.5067457 1.6170820 1.5713629 1.6137607 1.5582236 1.9072869 2.2638572 1.3024364 1.3812910 1.3714710 1.3928449 1.4089829 1.4644818 1.4653391 1.6052100 0.2982240 0.3300598 0.0000000 1.2812502 2.1518579 2.0264063 1.9453176 1.3419859 1.0009288 1.8803446 1.6639706 1.1670023 1.6713368 1.8690272 3.3071805 1.7381110 1.6682653 1.7913221 0.6849719 2.4680733 2.3241368 2.2153689 2.3107843 1.9733122 3.3241229 2.4799503 2.3399240 2.4024985 2.5090752 2.4981075 2.4565040 2.4740604 2.3515602 3.3226182 2.0199056 2.9291406 2.3738063 4.4445440 5.1457453 4.9437944 
Aaur_scaffold1916.g1.t1                                1.2157857 1.2265923 0.6600729 1.0887340 1.0570335 1.0941316 1.0447010 1.1308134 1.1361949 0.9901718 1.0084630 1.4021076 2.2595341 1.2604916 1.4628774 1.4628774 1.4210295 1.4659061 1.4620261 1.4620261 1.8336764 1.2195217 1.1658811 1.2812502 0.0000000 0.4458390 0.4883590 0.3951406 1.3134572 1.7728419 1.8079849 1.4870348 2.3731692 1.5554689 2.3830389 3.8484153 1.4181487 1.2502234 1.3933562 2.4825978 1.4144476 1.0337602 1.7973243 1.1937958 3.1880539 3.8303187 3.1504216 3.0839969 2.9775654 3.1565898 3.1565898 2.9265844 3.5844175 3.4726415 6.3787833 2.0077141 3.4017582 2.8590996 3.8590352 4.9658780 5.4730008 
Sanmal_Sma_026628-T1                                   2.1668123 1.8647159 0.6915658 1.9903975 1.6544812 1.5835908 1.6023113 1.7489258 1.6978073 1.5757611 1.6986747 1.8198863 2.0819776 2.1142406 1.8854094 1.8976658 1.9616249 1.9830897 2.0184631 2.0549642 1.9651440 1.8962264 2.0433350 2.1518579 0.4458390 0.0000000 0.6886920 0.6118486 2.1898314 1.5014414 2.3420063 2.4555528 1.5789557 2.3281386 2.5174256 3.2885388 2.3421091 1.7884729 1.9692642 3.0570202 1.9817966 1.8845191 2.6517960 1.6290251 3.3313677 4.0580105 3.1268638 3.0277257 2.8926455 3.3730339 3.2628919 3.0033912 3.0934217 3.0984899 4.0079205 2.6900367 3.4709843 3.1183729 3.5769464 5.0409897 5.3798690 
Nemnom_g2436.t1                                        2.0688597 1.8256528 0.7847619 2.0404964 1.6033926 1.5265029 1.5573503 1.5479292 1.4941780 1.5161419 1.4913846 1.8497431 2.0696915 2.1914148 1.9787443 1.9694864 1.8928495 1.9507670 1.9743822 2.0090755 1.8293634 1.8976030 1.9731616 2.0264063 0.4883590 0.6886920 0.0000000 0.2280494 2.1869078 1.4462322 2.3098748 2.3365544 1.5634099 2.1918481 2.5264466 3.1112481 2.1717310 1.7273413 1.9678653 2.9425910 1.9750244 1.8158635 2.4588716 1.8097624 3.4236906 4.4667071 3.3763710 2.9425481 2.8826151 3.3064274 3.2129937 3.2775847 3.1950220 3.1157254 4.4155249 2.7546481 3.7697372 3.0664882 3.7491567 5.6911246 6.0429823 
Rhoesc_Res_001790-T1                                   2.0314046 1.7571787 0.6807332 2.0405738 1.5692932 1.5029333 1.5042878 1.4941415 1.4466665 1.5092165 1.4607410 1.8079283 2.0054505 2.0981692 1.8479801 1.8486192 1.8564078 1.9222538 2.0031497 2.0129461 1.8674422 1.8625751 1.8914601 1.9453176 0.3951406 0.6118486 0.2280494 0.0000000 2.1406471 1.4786908 2.2459444 2.3409275 1.5706549 2.1892783 2.4543195 2.9338160 2.1419562 1.6613338 1.9102742 2.9132684 1.9280222 1.7368056 2.4591947 1.7063556 3.5734557 4.1082563 3.3140064 2.9262788 2.7407487 3.1612150 3.0464371 3.1848596 3.0976232 2.9537738 4.0947446 2.5774613 3.6919744 3.0787426 3.6288973 5.0349413 5.5131803 
Opea_EP00118_Oscarella_pearsei_P013793                 1.6525465 1.4347183 0.6363580 1.6275535 1.3548984 1.3065222 1.4352640 1.4401176 1.3897824 1.2838663 1.3019727 1.7229358 1.8814072 0.8772427 1.3777139 1.3720515 1.4180166 1.4494411 1.4707188 1.4620741 1.5961999 1.2330500 1.1962313 1.3419859 1.3134572 2.1898314 2.1869078 2.1406471 0.0000000 0.9208826 1.5811584 1.4803277 1.1353356 1.5687088 1.7574039 2.4761564 1.6178397 1.4757060 1.6233233 1.8756146 2.3730299 2.2232999 2.0084109 2.3740862 2.5305567 3.1930271 2.5514146 2.3236386 2.4021058 2.8634171 2.7726857 2.6077750 2.6150600 2.7142792 3.1991865 1.9539414 2.8968800 2.5371624 3.4111583 5.0081436 4.5255784 
Aque_Aqu2.1.38347_001                                  1.1112127 0.8592037 1.0630760 0.9223245 0.9458443 0.9091320 0.8676494 0.9003761 0.8680555 0.8577247 0.8513330 1.1674423 1.5887098 0.9536858 0.9643293 0.9477875 0.9934288 0.9686443 0.9787368 0.9787368 0.8928160 0.9437962 0.8988164 1.0009288 1.7728419 1.5014414 1.4462322 1.4786908 0.9208826 0.0000000 0.2962707 0.4196396 0.4908587 0.6864114 0.6711531 2.1657948 1.1603720 1.2030863 1.2284422 1.4286909 1.7136296 1.5938774 1.4705741 1.7668923 2.3538000 2.5124107 2.0359798 2.1647042 2.1596256 2.2344314 2.2309095 2.1007515 2.1851511 1.7945327 2.8944002 0.9971369 1.5166205 1.3573602 4.2559280 6.6124107 5.2840422 
Halamb_c55776_g1_i2mm.6769                             1.7551126 1.4892190 1.0035855 1.5892067 1.4977848 1.3764881 1.4583748 1.4437791 1.4528282 1.5460056 1.4362544 1.8580682 1.9873276 1.5446813 1.6971850 1.6837586 1.7747300 1.7700806 1.7664420 1.7810745 1.9419209 1.5491321 1.6168141 1.8803446 1.8079849 2.3420063 2.3098748 2.2459444 1.5811584 0.2962707 0.0000000 0.7241730 0.5725804 1.1589612 1.0618858 1.5581676 1.8911679 1.8679959 2.1062797 2.4887260 2.4438618 2.4931748 2.0462264 2.4471247 2.9055768 3.8629283 3.0804081 2.7611415 3.0698987 3.3648495 3.3571752 2.9122851 3.0006870 3.2970795 3.6756138 2.2521757 2.8488961 2.5389933 3.7493484 6.6189761 4.7297287 
Tetwil_g4822.t1                                        1.8044857 1.5976043 0.7815296 1.9280797 1.4823687 1.3314358 1.5335521 1.5465142 1.5034194 1.6115425 1.5255536 1.8093859 2.0670206 1.4395520 1.6233972 1.6116580 1.7399372 1.7289786 1.6512024 1.6725805 1.8731536 1.3559649 1.4148957 1.6639706 1.4870348 2.4555528 2.3365544 2.3409275 1.4803277 0.4196396 0.7241730 0.0000000 0.5125907 0.8916905 0.9373849 1.7286737 2.0249904 1.8206217 2.0448869 2.5112925 2.5341702 2.6061396 2.1718444 2.8915596 2.6174123 3.5341858 2.8097631 2.7060498 2.8581695 3.3360304 3.2228683 2.8970077 3.0814182 3.0796348 3.7585070 2.6729028 3.0632378 2.7801599 4.0488110 6.2420740 4.3392274 
Xestes_maker-XT_scaffold5822-augustus-gene-0.33-mRNA-1 1.2355200 0.9546124 1.5453946 1.1408595 1.0091631 1.0236743 1.0126454 1.0160766 0.9715203 0.9610948 0.9808579 1.1586411 1.6937011 1.1326893 0.9971884 0.9906937 1.0409330 1.0056252 1.0056252 1.0056252 0.8364248 1.1781829 1.2553994 1.1670023 2.3731692 1.5789557 1.5634099 1.5706549 1.1353356 0.4908587 0.5725804 0.5125907 0.0000000 0.7401848 0.7177916 1.5933599 1.3537676 1.3229748 1.3189429 1.5842940 1.9506804 1.7464133 1.8795393 1.9763824 3.6342433 3.5187694 2.3268791 2.4286999 2.5766123 2.5174287 2.5174287 2.1444722 2.5668282 1.7543831 2.7501648 0.9204618 1.5940839 1.5023748 4.4468615 6.4555269 4.7850874 
Plespi_Pspi_scaffold12138_01                           1.7948023 1.3890391 0.7717228 1.8816685 1.4923446 1.4373692 1.5044529 1.5697989 1.5454148 1.4254319 1.4658999 1.7295219 1.8993252 1.4789308 1.4996297 1.4885602 1.5462067 1.5550874 1.5445420 1.5572300 1.6985658 1.4662382 1.5592344 1.6713368 1.5554689 2.3281386 2.1918481 2.1892783 1.5687088 0.6864114 1.1589612 0.8916905 0.7401848 0.0000000 1.1699843 1.7946672 1.7409922 1.7121001 1.9069489 2.4963261 2.2142002 2.1335097 2.1619295 2.7577631 2.7182722 3.4389192 2.6213124 2.5347483 2.7036189 2.9984161 2.8531692 2.7731494 2.7897862 2.7963702 3.9448997 2.1534758 2.5681606 2.6465595 3.3280185 6.1308424 4.4852992 
Emue_Em0019g656a.t1                                    2.1755052 1.7671968 1.2032161 2.1992129 1.7304624 1.5823060 1.7401011 1.7594536 1.7961475 1.7219840 1.7178798 2.2326102 2.4208064 1.8768656 2.1218405 2.0895133 2.1126029 2.1701226 2.1231791 2.1170220 2.2781210 1.5948162 1.6946842 1.8690272 2.3830389 2.5174256 2.5264466 2.4543195 1.7574039 0.6711531 1.0618858 0.9373849 0.7177916 1.1699843 0.0000000 0.3158579 2.1436931 2.0032315 2.1813933 2.5621959 2.7258052 2.6763029 2.1886779 3.1371226 2.8582470 3.9818909 3.0373051 2.9928375 3.0216741 3.6337732 3.5310268 2.9949326 3.3431738 3.1066625 3.3363490 2.5248910 3.2674659 2.9957659 3.9057761 6.3303480 4.0121069 
Spolac_c96874_g1_i1_m.13893c96874-g1                   3.1110649 2.2468571 0.5406106 2.9184083 2.3776268 1.8636263 2.3217433 2.3216802 2.4697986 2.5205343 2.7159832 3.4063403 2.1424333 2.7712006 3.5896903 3.5896903 3.5741585 3.6925419 3.8432504 3.7750440 3.9306918 3.6718489 2.5306791 3.3071805 3.8484153 3.2885388 3.1112481 2.9338160 2.4761564 2.1657948 1.5581676 1.7286737 1.5933599 1.7946672 0.3158579 0.0000000 2.8577466 2.6326921 3.2319166 3.3177935 3.2314470 3.4831256 2.4109146 3.6232091 2.8874074 4.0894856 4.0677869 3.7631861 4.1462637 4.6495288 4.5049184 3.7695143 3.9009093 4.0572004 3.9851073 3.0306310 2.9936306 5.6152747 3.2076102 4.8041477 3.4645072 
Spur_XM_030998614.1                                    1.3605060 0.9370587 0.7118646 1.5066435 1.3967682 1.2952729 1.3822754 1.4284480 1.3916393 1.2754236 1.2860090 1.8014333 1.8784220 1.7359970 1.4230155 1.4175767 1.4300910 1.4527223 1.4647612 1.4603039 1.4574933 1.3975067 1.5279968 1.7381110 1.4181487 2.3421091 2.1717310 2.1419562 1.6178397 1.1603720 1.8911679 2.0249904 1.3537676 1.7409922 2.1436931 2.8577466 0.0000000 1.6668949 1.8111403 2.4852893 2.5703703 2.6764245 2.0979449 2.6842435 2.7957047 4.6068184 3.3446360 2.8853213 3.2321196 3.5328376 3.4789311 3.4773034 3.3639877 3.3841074 4.3571157 1.8238555 2.6244305 2.3861074 3.2300958 5.0186665 4.8123409 
Dgig_XM_028553918.1                                    1.7333087 1.3789073 0.7481194 1.6587616 1.0547197 1.0480860 1.0822902 1.1156732 1.1074755 1.0539483 1.0770101 1.2378751 1.4811309 1.3487554 1.5046303 1.5111549 1.6080128 1.6083396 1.6183823 1.6289237 1.6155587 1.5465554 1.6081156 1.6682653 1.2502234 1.7884729 1.7273413 1.6613338 1.4757060 1.2030863 1.8679959 1.8206217 1.3229748 1.7121001 2.0032315 2.6326921 1.6668949 0.0000000 0.4195116 2.4329605 2.2081443 2.0025295 2.3990016 2.0800672 2.5542024 3.3497951 2.6178539 2.1257546 2.4437954 2.6254112 2.5609064 2.5546798 2.3781681 2.5472412 3.0783196 1.9454609 2.5658782 2.6566820 3.0715771 4.3445790 4.0131610 
Xesp_014806-T1                                         1.8541494 1.4971368 0.7974035 1.7827491 1.2234863 1.1976228 1.1857515 1.2131584 1.2249145 1.3037695 1.0950576 1.4635125 1.6720043 1.5518826 1.5891360 1.5953179 1.7708296 1.7528935 1.7087635 1.7184973 1.8228022 1.5108135 1.6266270 1.7913221 1.3933562 1.9692642 1.9678653 1.9102742 1.6233233 1.2284422 2.1062797 2.0448869 1.3189429 1.9069489 2.1813933 3.2319166 1.8111403 0.4195116 0.0000000 2.3944684 2.3678998 2.1684185 2.4758804 2.3233463 2.3619763 3.4456530 2.7049481 2.3533050 2.5346113 2.7533321 2.6788867 2.6537092 2.4572774 2.6407348 3.5123584 2.0138701 2.7914485 2.8116678 3.3483887 4.8674083 4.3579227 
Leuniv_Lniv_scaffold4560_01                            2.2260566 1.7426225 3.3932596 2.0248664 2.1267749 1.9863751 1.9889637 2.0792933 1.9973694 1.9750604 1.9831936 2.2829404 2.4312872 1.9690514 2.0261398 2.0080775 2.0441617 2.0079933 2.1838668 2.1782843 1.9623800 0.7506427 0.6743319 0.6849719 2.4825978 3.0570202 2.9425910 2.9132684 1.8756146 1.4286909 2.4887260 2.5112925 1.5842940 2.4963261 2.5621959 3.3177935 2.4852893 2.4329605 2.3944684 0.0000000 3.1900438 3.0630909 3.0314554 2.7480332 2.1947056 3.3927726 3.0183648 2.8981736 2.9308356 3.2677854 3.3127234 2.8341854 2.6399968 2.8002078 3.6473452 2.0894478 2.6485092 2.3692187 3.8694397 6.2212075 6.6129890 
Hvul_g9854_1                                           2.3836657 2.0999892 1.0723171 2.3251635 2.0356964 1.9018102 1.8926569 1.9559955 1.9096666 1.8762576 1.8771906 2.3868061 2.7625371 2.3224797 2.2262197 2.2275051 2.1551420 2.2015232 2.2659847 2.2519707 2.2348143 2.3195949 2.3951488 2.4680733 1.4144476 1.9817966 1.9750244 1.9280222 2.3730299 1.7136296 2.4438618 2.5341702 1.9506804 2.2142002 2.7258052 3.2314470 2.5703703 2.2081443 2.3678998 3.1900438 0.0000000 0.6995093 2.8781090 2.0030304 3.4530151 4.6979974 3.7148054 3.2447141 3.3488183 3.9794415 3.8098331 3.5480113 3.6063402 3.4221273 3.9473005 3.0351868 3.3629249 3.3012383 4.2083239 5.5852112 5.8296033 
Chem_TCONS_00073442                                    2.2071548 2.0546994 0.9483228 2.2629280 1.9572575 1.8305447 1.7786911 1.8255362 1.7613136 1.7581484 1.8137996 2.0349708 2.4664542 2.3022411 2.0133045 2.0037297 2.0343432 2.0826876 2.0570514 2.0673422 2.1454952 2.1943738 2.2964116 2.3241368 1.0337602 1.8845191 1.8158635 1.7368056 2.2232999 1.5938774 2.4931748 2.6061396 1.7464133 2.1335097 2.6763029 3.4831256 2.6764245 2.0025295 2.1684185 3.0630909 0.6995093 0.0000000 2.7770316 1.6443444 2.7509737 4.0852018 3.4019888 2.9357446 3.0878944 3.6759669 3.4758734 3.3620202 3.4770933 3.2023091 3.7738907 2.8027281 3.3099287 2.7333597 3.6619149 4.9032852 4.7921838 
Dpul_mRNA16184                                         2.0397462 1.8884739 1.1147738 2.0163198 1.6811448 1.5660538 1.6107874 1.6524462 1.5788865 1.7990483 1.8728247 2.1948904 2.3621652 2.2401815 2.3209300 2.2985048 2.2445999 2.3273911 2.2977522 2.2835734 2.2185442 1.9193677 2.1199493 2.2153689 1.7973243 2.6517960 2.4588716 2.4591947 2.0084109 1.4705741 2.0462264 2.1718444 1.8795393 2.1619295 2.1886779 2.4109146 2.0979449 2.3990016 2.4758804 3.0314554 2.8781090 2.7770316 0.0000000 2.4854588 3.6903340 3.9950623 3.3502620 2.8660273 3.1686141 3.4908504 3.4113003 3.2388423 3.5716058 3.3924211 3.3740993 2.5075216 2.0975410 2.5201040 3.9891477 5.4296168 4.8986872 
Morvir_scaffold241.g4.t1                               2.3508410 2.1220308 1.3381650 2.1896681 2.1427875 1.9754123 2.0306726 2.1680277 2.0635622 1.8852743 1.7982197 2.3109645 2.5543835 2.2773954 2.1693818 2.1915214 2.1953484 2.2518292 2.2390374 2.2334662 2.1645738 1.9665142 2.1738031 2.3107843 1.1937958 1.6290251 1.8097624 1.7063556 2.3740862 1.7668923 2.4471247 2.8915596 1.9763824 2.7577631 3.1371226 3.6232091 2.6842435 2.0800672 2.3233463 2.7480332 2.0030304 1.6443444 2.4854588 0.0000000 3.9633899 3.6027105 2.8554387 2.5851907 2.7341443 3.1009413 2.9819466 2.9967954 2.8009987 3.1779192 2.9768757 2.6397719 2.9282608 2.5665944 3.7501563 4.4337608 4.5611528 
Clacor_Ccor_scaffold2378_01                            3.1807095 2.3574941 0.0000010 3.2602426 2.4377310 2.0555214 2.1283825 2.2460110 2.3604054 2.1349532 2.1404091 2.6647346 2.6004906 2.3768235 2.3237352 2.3237352 2.6728362 2.7502926 2.7121971 2.7802404 2.6800425 1.8863535 1.6540684 1.9733122 3.1880539 3.3313677 3.4236906 3.5734557 2.5305567 2.3538000 2.9055768 2.6174123 3.6342433 2.7182722 2.8582470 2.8874074 2.7957047 2.5542024 2.3619763 2.1947056 3.4530151 2.7509737 3.6903340 3.9633899 0.0000000 3.4084838 3.4367060 3.1580170 3.6747195 4.7469432 3.8393892 4.1801279 4.1344829 4.2688620 3.6885326 2.3665183 2.4859137 4.1403748 3.0675278 4.0820989 3.0402354 
Mlei_ML2835.g8.i1                                      4.0362694 3.5287640 2.4076417 3.7528691 3.3276767 3.2465458 3.2473637 3.2799221 3.4059105 3.3164125 3.3655687 3.5994666 3.6007980 3.4495266 3.6310514 3.6394213 3.7592490 4.0467261 3.8075341 3.8268699 3.6928202 3.7270672 3.3705441 3.3241229 3.8303187 4.0580105 4.4667071 4.1082563 3.1930271 2.5124107 3.8629283 3.5341858 3.5187694 3.4389192 3.9818909 4.0894856 4.6068184 3.3497951 3.4456530 3.3927726 4.6979974 4.0852018 3.9950623 3.6027105 3.4084838 0.0000000 0.2095668 0.5276439 0.5010154 0.7456181 0.7309266 0.8868771 0.9015476 0.8422118 1.0882812 4.2069227 3.6639064 4.0178651 4.7107527 2.3246400 5.5855348 
Bolinf_Binf_sb1288677                                  3.0855194 2.8334800 2.0169354 2.9089361 2.7084005 2.5526532 2.6764075 2.6291729 2.6870880 2.7174767 2.4656770 3.0571790 3.2837483 2.7356860 2.7723170 2.7940587 2.8378836 3.0106796 2.8736912 2.8778630 2.5458886 2.4212823 2.4757494 2.4799503 3.1504216 3.1268638 3.3763710 3.3140064 2.5514146 2.0359798 3.0804081 2.8097631 2.3268791 2.6213124 3.0373051 4.0677869 3.3446360 2.6178539 2.7049481 3.0183648 3.7148054 3.4019888 3.3502620 2.8554387 3.4367060 0.2095668 0.0000000 0.3990043 0.3535397 0.5712240 0.5659216 0.6795495 0.7158940 0.6695263 1.1675905 3.4615538 3.5324011 3.0246165 5.2136860 2.8284085 5.5955444 
Mertsp_Mesp_sb579078                                   2.7689309 2.3614867 1.9862662 2.3207704 2.3228455 2.1085472 2.2776718 2.1671241 2.2058046 2.3653931 2.1194651 2.8973148 3.0984118 2.5948893 2.4689412 2.4737363 2.4510413 2.5402326 2.4879791 2.4879791 2.3017913 2.3831116 2.4283251 2.3399240 3.0839969 3.0277257 2.9425481 2.9262788 2.3236386 2.1647042 2.7611415 2.7060498 2.4286999 2.5347483 2.9928375 3.7631861 2.8853213 2.1257546 2.3533050 2.8981736 3.2447141 2.9357446 2.8660273 2.5851907 3.1580170 0.5276439 0.3990043 0.0000000 0.3694149 0.5052744 0.5026004 0.5267052 0.5487865 0.5326595 0.9284501 2.8631103 2.8888007 2.4794752 4.6935159 3.4989979 5.8474841 
Beraby_Baby_sb332005                                   2.8442177 2.6727111 2.0190929 2.6067517 2.5138590 2.3096616 2.5217616 2.3304219 2.3610138 2.6511489 2.4120146 2.8880618 3.0848204 2.5902249 2.6497598 2.6730072 2.6366849 2.7092816 2.6122350 2.6015999 2.4833805 2.5766383 2.5264643 2.4024985 2.9775654 2.8926455 2.8826151 2.7407487 2.4021058 2.1596256 3.0698987 2.8581695 2.5766123 2.7036189 3.0216741 4.1462637 3.2321196 2.4437954 2.5346113 2.9308356 3.3488183 3.0878944 3.1686141 2.7341443 3.6747195 0.5010154 0.3535397 0.3694149 0.0000000 0.4823174 0.4852007 0.6115901 0.5957932 0.7054537 1.1416012 3.1514293 2.9226232 2.7365287 5.2853091 3.3116862 5.2482557 
Pbac_sb2667692                                         3.2685583 3.1240721 2.3435809 3.2207662 2.7839692 2.5808020 2.7737068 2.5782234 2.5933720 3.0029942 2.5803140 3.4484727 3.6280888 2.9170499 2.8644386 2.8577735 3.0185760 3.1022461 3.0575200 3.0469032 2.6309234 2.5647343 2.5441808 2.5090752 3.1565898 3.3730339 3.3064274 3.1612150 2.8634171 2.2344314 3.3648495 3.3360304 2.5174287 2.9984161 3.6337732 4.6495288 3.5328376 2.6254112 2.7533321 3.2677854 3.9794415 3.6759669 3.4908504 3.1009413 4.7469432 0.7456181 0.5712240 0.5052744 0.4823174 0.0000000 0.0224245 0.8212728 0.7811108 0.7969174 1.2060435 3.7423176 4.0872424 3.3145329 5.5124329 3.1991617 6.0339362 
Horcal_Hcv1.av93.c7.g251.i1                            3.2095315 3.0507109 2.3435809 3.1185317 2.7113522 2.4906988 2.6054198 2.4448745 2.4836310 2.8986353 2.5861903 3.2673489 3.4636020 2.8255979 2.8056870 2.7994526 2.9087530 3.0187876 2.9645022 2.9380766 2.6293695 2.5501462 2.5187170 2.4981075 3.1565898 3.2628919 3.2129937 3.0464371 2.7726857 2.2309095 3.3571752 3.2228683 2.5174287 2.8531692 3.5310268 4.5049184 3.4789311 2.5609064 2.6788867 3.3127234 3.8098331 3.4758734 3.4113003 2.9819466 3.8393892 0.7309266 0.5659216 0.5026004 0.4852007 0.0224245 0.0000000 0.8183819 0.7704377 0.7559747 1.1963909 3.5442763 3.7800025 3.1704983 5.0833058 3.1719811 5.8215399 
Vmul_Simscaffold15854_01                               2.9582688 2.8291016 1.9923520 2.8156716 2.6334045 2.5872643 2.6591611 2.6416584 2.6420610 2.7524507 2.5170870 3.2325497 3.4301726 2.7530525 2.7983609 2.8008988 2.8557758 2.9446435 2.8733801 2.8568852 2.6036398 2.4086042 2.4368888 2.4565040 2.9265844 3.0033912 3.2775847 3.1848596 2.6077750 2.1007515 2.9122851 2.8970077 2.1444722 2.7731494 2.9949326 3.7695143 3.4773034 2.5546798 2.6537092 2.8341854 3.5480113 3.3620202 3.2388423 2.9967954 4.1801279 0.8868771 0.6795495 0.5267052 0.6115901 0.8212728 0.8183819 0.0000000 0.4996090 0.7156207 1.0316682 3.1833324 3.3764554 3.0260118 5.2270605 2.8657289 5.9288380 
Coemet_Cmet_scaffold21081_01                           3.1835288 2.8022624 2.5072309 2.9487755 2.7076859 2.5031932 2.5640291 2.5691627 2.6050441 2.8823966 2.5057996 3.0887636 3.3123490 2.6778425 2.8206357 2.8135795 2.7667921 2.9123413 2.8359810 2.8232252 2.4255223 2.5113900 2.3878886 2.4740604 3.5844175 3.0934217 3.1950220 3.0976232 2.6150600 2.1851511 3.0006870 3.0814182 2.5668282 2.7897862 3.3431738 3.9009093 3.3639877 2.3781681 2.4572774 2.6399968 3.6063402 3.4770933 3.5716058 2.8009987 4.1344829 0.9015476 0.7158940 0.5487865 0.5957932 0.7811108 0.7704377 0.4996090 0.0000000 0.7419565 0.8614078 2.9967252 3.3810315 2.8871301 4.9420358 2.4164503 5.7961628 
Lampan_Lpan_14994_01                                   3.0734548 2.6037060 0.9892789 2.8799920 2.5921325 2.3978663 2.5278835 2.5027440 2.5852354 2.8369594 2.5557245 2.9476931 3.0904481 2.8226577 2.6468499 2.6389487 2.6326458 2.6667927 2.6176039 2.5846752 2.4864504 1.9710785 2.4080446 2.3515602 3.4726415 3.0984899 3.1157254 2.9537738 2.7142792 1.7945327 3.2970795 3.0796348 1.7543831 2.7963702 3.1066625 4.0572004 3.3841074 2.5472412 2.6407348 2.8002078 3.4221273 3.2023091 3.3924211 3.1779192 4.2688620 0.8422118 0.6695263 0.5326595 0.7054537 0.7969174 0.7559747 0.7156207 0.7419565 0.0000000 1.0020704 3.5615651 3.2460676 2.6198826 4.5681842 2.7037217 4.9164498 
Eupdun_Edun_sb10626725                                 3.9700111 3.1450019 0.0000010 3.2466157 3.4674218 3.0514381 3.0825109 3.5447696 3.4916663 3.0129207 3.1768588 3.9931094 3.5604517 3.3071124 3.3418489 3.3554380 3.1418603 3.2601369 3.1790783 3.1790783 3.0917554 3.6084958 3.4062351 3.3226182 6.3787833 4.0079205 4.4155249 4.0947446 3.1991865 2.8944002 3.6756138 3.7585070 2.7501648 3.9448997 3.3363490 3.9851073 4.3571157 3.0783196 3.5123584 3.6473452 3.9473005 3.7738907 3.3740993 2.9768757 3.6885326 1.0882812 1.1675905 0.9284501 1.1416012 1.2060435 1.1963909 1.0316682 0.8614078 1.0020704 0.0000000 3.8027113 3.3314202 3.1155154 5.4201824 2.8675715 6.2815789 
Bralan_BLAG04000159_1                                  1.6425555 1.1165703 0.5833736 1.7435339 1.5051903 1.3898586 1.4787088 1.3725586 1.4195127 1.5839669 1.5656133 1.7407688 1.5537735 2.2268166 1.6420633 1.6441098 1.7083829 1.7828640 1.7676181 1.7715368 1.6388680 1.9113819 1.9258408 2.0199056 2.0077141 2.6900367 2.7546481 2.5774613 1.9539414 0.9971369 2.2521757 2.6729028 0.9204618 2.1534758 2.5248910 3.0306310 1.8238555 1.9454609 2.0138701 2.0894478 3.0351868 2.8027281 2.5075216 2.6397719 2.3665183 4.2069227 3.4615538 2.8631103 3.1514293 3.7423176 3.5442763 3.1833324 2.9967252 3.5615651 3.8027113 0.0000000 2.2364179 2.1790171 1.9315640 5.7480444 4.3496443 
Tcas_TC009573_001                                      2.4190141 1.9566433 0.0000010 2.6409380 2.3648277 2.1128651 2.1368222 2.1121963 2.1579756 2.2850908 2.5487863 2.7988851 2.5071763 2.6236155 2.6651366 2.6679720 2.6320020 2.7889300 2.7500616 2.7458095 2.5172293 2.7533593 2.0916783 2.9291406 3.4017582 3.4709843 3.7697372 3.6919744 2.8968800 1.5166205 2.8488961 3.0632378 1.5940839 2.5681606 3.2674659 2.9936306 2.6244305 2.5658782 2.7914485 2.6485092 3.3629249 3.3099287 2.0975410 2.9282608 2.4859137 3.6639064 3.5324011 2.8888007 2.9226232 4.0872424 3.7800025 3.3764554 3.3810315 3.2460676 3.3314202 2.2364179 0.0000000 2.1575212 3.1789069 5.2595708 4.3241102 
Cscu_XM_023372818.1                                    1.9910554 1.8250360 2.0574868 1.9919749 2.1036847 2.0889039 2.0672342 2.1382249 2.1789417 1.9212259 2.1998370 2.4657712 2.9097111 2.4889350 2.3415628 2.3439036 2.4215108 2.4127130 2.3758137 2.3805551 1.9669510 1.8393673 2.1127796 2.3738063 2.8590996 3.1183729 3.0664882 3.0787426 2.5371624 1.3573602 2.5389933 2.7801599 1.5023748 2.6465595 2.9957659 5.6152747 2.3861074 2.6566820 2.8116678 2.3692187 3.3012383 2.7333597 2.5201040 2.5665944 4.1403748 4.0178651 3.0246165 2.4794752 2.7365287 3.3145329 3.1704983 3.0260118 2.8871301 2.6198826 3.1155154 2.1790171 2.1575212 0.0000000 4.1184158 5.1436618 5.8642179 
Acagra_model.g2640.t1                                  2.9514019 2.0945144 4.0059582 2.7170413 2.7313264 2.6895802 2.7246543 2.7080639 2.6789638 2.5803098 3.1355870 3.1626390 3.0605925 3.1099325 3.2124689 3.1711096 3.2835881 3.5595808 3.5981957 3.5575887 3.5959936 5.6350821 4.1684731 4.4445440 3.8590352 3.5769464 3.7491567 3.6288973 3.4111583 4.2559280 3.7493484 4.0488110 4.4468615 3.3280185 3.9057761 3.2076102 3.2300958 3.0715771 3.3483887 3.8694397 4.2083239 3.6619149 3.9891477 3.7501563 3.0675278 4.7107527 5.2136860 4.6935159 5.2853091 5.5124329 5.0833058 5.2270605 4.9420358 4.5681842 5.4201824 1.9315640 3.1789069 4.1184158 0.0000000 6.0129993 5.4349713 
Coeast_Cast_sb818407                                   5.4650767 4.5185694 4.0437447 5.4032091 4.8900311 4.7454061 4.8716267 4.8095252 4.8835493 4.9382589 5.2276217 5.8963416 5.4238591 4.8109941 4.6279119 4.5357242 4.7107497 4.8203386 4.7154742 4.7103666 4.6885802 6.4093734 4.7449280 5.1457453 4.9658780 5.0409897 5.6911246 5.0349413 5.0081436 6.6124107 6.6189761 6.2420740 6.4555269 6.1308424 6.3303480 4.8041477 5.0186665 4.3445790 4.8674083 6.2212075 5.5852112 4.9032852 5.4296168 4.4337608 4.0820989 2.3246400 2.8284085 3.4989979 3.3116862 3.1991617 3.1719811 2.8657289 2.4164503 2.7037217 2.8675715 5.7480444 5.2595708 5.1436618 6.0129993 0.0000000 7.0307567 
