58
Hsap_ENST00000319080                                   0.0000000 1.4327604 0.7890975 2.1520834 2.0794603 2.1736628 2.1307318 1.9697019 2.4122557 1.0456190 1.5260865 1.1240063 1.4809100 1.6573162 2.5060137 2.5887794 2.4186668 2.7733011 2.5264119 1.2556992 2.4401588 2.3403435 2.3785077 2.3745616 2.3785539 1.1894277 1.7746684 1.3699599 1.0106041 1.8813167 2.0588393 2.0818127 2.6276407 2.4311036 2.3340753 3.0893118 2.1753369 2.5857291 3.2755838 2.5083364 2.9871912 2.8999566 2.8526763 2.7923434 2.6547097 2.0308234 3.1344373 4.4386559 3.7093061 3.7273710 3.8011186 3.8481757 4.0997240 5.9569890 4.8907897 4.1559477 1.1948589 2.8689851 
Bralan_BLAG01001304_3                                  1.4327604 0.0000000 0.6434445 1.8968503 1.8380256 1.8807421 1.8920850 1.7345520 1.9862333 0.8647142 1.2977424 0.8466730 1.4546184 1.4819919 2.2828848 2.4656742 2.2844476 2.1035663 2.3242788 1.1932281 2.4841764 2.3766644 2.3843011 2.4067055 2.4080189 1.1374946 1.5864962 1.1245728 0.8348377 1.9180224 1.9029804 1.9738253 2.6224840 2.1927517 2.1397597 2.5753273 1.5890649 2.3635242 2.1260637 2.3961927 2.6295190 2.2593680 2.7230837 2.7137074 2.3513740 1.7294709 3.0498179 4.1897137 3.4911707 3.7885903 3.7528209 3.8262049 3.2851584 8.2503274 5.1625934 4.0935196 1.1725652 2.6968778 
Nvec_v1g26800                                          0.7890975 0.6434445 0.0000000 0.4135128 0.3895175 0.4139100 0.4167853 0.4301751 0.4028017 1.1031912 0.7580063 0.9722501 0.7713622 0.7476846 0.6869353 0.7806494 1.0191314 0.9964575 0.7879346 0.9670576 0.8808696 0.8754341 0.8608566 0.9005497 0.9005497 0.9400679 0.8252491 0.7120423 0.7691166 0.8517169 0.7979087 0.8134394 1.0527436 1.0588901 1.0013458 1.0084319 1.0924979 0.8671053 0.4923666 0.9024439 2.2234153 1.2947746 1.2837242 1.3418000 1.1090659 1.7687135 1.6799456 2.7893806 2.9808407 2.7608224 2.2924925 2.2874300 2.8734538 0.0000010 3.4997384 3.1674702 1.2233560 1.8143041 
Fspp_ffun1.m4.32877.m1                                 2.1520834 1.8968503 0.4135128 0.0000000 0.1877981 0.2978089 0.2914621 0.2840946 0.4161335 1.0780167 1.7148004 1.0676354 1.9648643 1.7873315 1.9300612 1.9689890 2.1115905 1.7366883 1.8805730 1.2659644 2.3342999 2.2476516 2.2042353 2.2369769 2.2426485 1.2364203 2.6155580 0.9715654 0.8695528 1.9810070 1.9934767 2.0750928 2.3521011 2.5951188 2.4449753 3.1173447 2.0449857 2.7170536 2.3911224 2.7371820 2.3292840 2.0955542 2.4075146 2.6452646 2.3141537 1.8496667 2.9519323 3.5796841 3.1403539 3.5244501 3.2055024 3.2021316 3.6796226 4.7636642 4.5628335 3.7198709 1.4915853 3.5286510 
Gasp_gasp1.m3.9632.m1                                  2.0794603 1.8380256 0.3895175 0.1877981 0.0000000 0.2737057 0.2642499 0.2700160 0.3729566 1.0759069 1.7126667 1.0220159 1.9113325 1.6908616 1.7816575 1.7407994 2.1425153 1.6106149 1.7247343 1.1573107 2.1956395 2.0928357 2.1141426 2.1509536 2.1564733 1.1474661 2.4979851 0.9495632 0.7961834 1.8706839 1.7131825 1.9365072 2.3454545 2.4413409 2.3312505 2.9437100 1.9435767 2.5984796 2.3519512 2.6340462 2.1660629 1.9866073 2.2939744 2.4093898 2.2804450 1.8434927 2.7617756 3.7785972 3.3296179 3.6897426 3.4282684 3.3864939 3.8629297 4.8075893 4.7015392 4.0755782 1.3756409 3.1896441 
Spis_XP_022800525_1                                    2.1736628 1.8807421 0.4139100 0.2978089 0.2737057 0.0000000 0.0679606 0.3441348 0.4460526 1.0862197 1.7462450 1.0307498 1.9692501 1.7523567 1.9165966 1.9370081 2.0418130 1.5930866 1.8193116 1.2260293 2.1629515 2.1132447 2.1328746 2.1158508 2.1243618 1.2201301 2.4427903 1.0244243 0.8867496 2.0181466 1.8207501 2.0538816 2.3879041 2.4684159 2.3095416 2.9614262 2.0887643 2.5396077 2.1741897 2.6916579 2.2062804 2.1809590 2.5017198 2.6180170 2.1666525 1.8465207 2.8341975 3.8461583 3.3247249 3.9263951 3.2494959 3.2471483 3.4306735 4.7379446 4.6756525 3.6799304 1.4849489 3.3324384 
Pocdam_XM_027185526.1                                  2.1307318 1.8920850 0.4167853 0.2914621 0.2642499 0.0679606 0.0000000 0.3475766 0.4496665 1.1125010 1.7148872 1.0184051 1.9606061 1.7594085 1.8708197 1.8789235 2.1175739 1.6107462 1.8643838 1.2473053 2.2117457 2.1569019 2.1756821 2.1627822 2.1710821 1.2402965 2.4147557 1.0174813 0.8935408 1.9773289 1.8490314 2.0374917 2.2781477 2.5194870 2.3785355 3.1526231 2.1594492 2.6644243 2.3832976 2.6464862 2.2113599 2.1503024 2.3822887 2.5230959 2.1714587 1.8384593 2.7125751 3.8348831 3.2978512 3.8965946 3.3095323 3.3536540 3.4285201 4.4961033 4.6169641 3.7626330 1.5151891 3.3337223 
Gfas_gfas1.m1.17113.m1                                 1.9697019 1.7345520 0.4301751 0.2840946 0.2700160 0.3441348 0.3475766 0.0000000 0.2503783 1.1122496 1.5855504 1.1176375 1.8707754 1.5548804 1.7854741 1.7622728 2.1751700 1.3816299 1.7820301 1.3010204 2.1666965 2.1260373 2.1361695 2.2039320 2.2095067 1.2314074 2.3222045 0.9545269 0.9660731 1.9284442 1.7925900 1.9919738 2.1833899 2.2977953 2.2382043 3.0486764 2.0043764 2.5115235 2.0478140 2.5992498 2.2356644 1.9707084 2.3189092 2.3010583 2.1124875 1.9245814 2.6632798 3.5172327 3.0820773 3.6329842 3.2452942 3.3137268 3.4672923 5.2147666 4.6242162 3.7832781 1.5913765 3.0759780 
Amil_Amillepora24959-RA                                2.4122557 1.9862333 0.4028017 0.4161335 0.3729566 0.4460526 0.4496665 0.2503783 0.0000000 1.1815367 1.9376061 1.0287547 2.1951051 1.8552500 2.0265630 2.1428578 2.4469695 1.6581598 2.0312330 1.7057858 2.5384018 2.5005991 2.4924231 2.5713990 2.5842459 1.4802471 2.7811466 1.1853134 1.1238254 2.2713167 2.0341199 2.4225467 2.3676781 2.7013056 2.5422148 3.3758382 2.5333803 3.0759151 2.0713818 2.7734369 2.1039335 2.1087102 2.4549247 2.5324607 2.4774532 1.6669730 2.6930406 3.7877548 3.2022542 3.9515024 3.4280673 3.5889235 3.4914220 4.2532248 4.8040642 3.4376626 2.3023587 3.1625531 
Tcas_TC034695_001                                      1.0456190 0.8647142 1.1031912 1.0780167 1.0759069 1.0862197 1.1125010 1.1122496 1.1815367 0.0000000 0.7964056 0.8290719 0.8947018 0.8705741 1.4424179 1.4362968 0.9072715 1.6509125 1.2053688 1.5319801 1.4499884 1.4159274 1.4221701 1.4037595 1.4037595 1.5013436 1.0280673 1.5021016 1.2726318 1.3094550 1.1193373 1.1950288 1.2956555 1.4997947 1.3243579 1.5012492 1.4636308 1.2836468 0.6191663 1.2636268 3.0173646 2.0360488 1.9107023 1.8580928 1.5691454 2.3954254 1.9823791 3.4495822 3.3153257 3.1248887 2.9472052 2.9709031 3.1716007 0.0000010 3.9623911 4.5260745 1.5129020 1.9570094 
Acagra_model.g14228.t1_model.g14229.t1                 1.5260865 1.2977424 0.7580063 1.7148004 1.7126667 1.7462450 1.7148872 1.5855504 1.9376061 0.7964056 0.0000000 0.8987342 0.9240791 1.2729161 2.3247907 2.4416890 2.1217959 1.6943642 2.2314885 1.0962391 2.2625937 2.2348300 2.2215398 2.1877204 2.1831627 1.0349012 1.7515957 1.1960246 0.7948383 1.9037179 1.8724361 1.9105548 2.6317199 2.4919262 2.2722230 3.0386660 1.9044516 2.5424568 2.9796710 2.4708935 2.6203354 2.3739372 2.7319867 2.7541550 2.4548694 1.8437208 3.2172477 4.6029580 3.1770056 3.3851430 3.9040491 3.9157710 3.4243659 7.5831121 4.8840973 3.7467565 1.2401091 2.7665681 
Dpul_mRNA22861                                         1.1240063 0.8466730 0.9722501 1.0676354 1.0220159 1.0307498 1.0184051 1.1176375 1.0287547 0.8290719 0.8987342 0.0000000 0.8350648 0.8931601 1.2906298 1.3770749 0.7004001 1.3061330 1.2536164 1.3211460 1.3164655 1.3134767 1.2865494 1.3012918 1.3012918 1.3465447 1.0219354 1.5260491 1.1228083 1.2062444 1.2452826 1.1557615 1.4951368 1.2561942 1.2331320 1.3912098 1.5308828 1.3503904 0.9736412 1.1983315 2.6400873 1.7342098 1.7602692 1.5670454 1.8910562 2.1710786 1.9775733 3.2994571 3.6378457 3.3496782 2.7795014 2.8722745 3.3812820 0.0000010 4.1174076 3.2037702 1.9237400 1.8757235 
Cgig_XM_034443429.1                                    1.4809100 1.4546184 0.7713622 1.9648643 1.9113325 1.9692501 1.9606061 1.8707754 2.1951051 0.8947018 0.9240791 0.8350648 0.0000000 1.3300997 2.5101677 2.4928374 1.9176920 1.6447172 2.2731965 1.0220050 2.2852916 2.1976606 2.1800219 2.0841488 2.0841488 1.1526951 1.7055675 1.2176559 0.7289536 1.8897587 1.7574081 1.9576248 2.5519270 2.3238921 2.3550260 2.9026008 2.0717685 2.3331848 2.6931825 2.6381692 2.3998794 2.5138370 2.7225747 2.8081288 2.3370428 1.7840088 3.0903143 4.2186662 3.2906997 3.6294708 3.4490671 3.3866346 3.4110938 5.7121533 4.3000757 4.4838770 1.2256523 2.7184921 
Ctel_gnl_WGS_AMQN_CAPTEDRAFT_mRNA219042                1.6573162 1.4819919 0.7476846 1.7873315 1.6908616 1.7523567 1.7594085 1.5548804 1.8552500 0.8705741 1.2729161 0.8931601 1.3300997 0.0000000 2.4773776 2.4046718 1.9914369 1.5703010 2.0780522 1.0732655 2.2224175 2.0901927 2.1432423 2.1156815 2.1308835 1.1130311 1.5304607 1.2873915 0.7631275 1.9688765 1.8157007 1.8391754 2.4822734 2.1961472 2.1337326 2.7158001 1.8393569 2.4182580 2.4876725 2.5841859 2.4673793 2.4780876 2.9417775 3.0102363 2.3879903 1.9695199 3.1498059 4.0775270 2.9739659 3.5996871 3.7828454 3.9407220 3.4776064 6.5938898 4.9782281 4.0690282 1.2804779 2.6407794 
Dgig_XM_028540938.1                                    2.5060137 2.2828848 0.6869353 1.9300612 1.7816575 1.9165966 1.8708197 1.7854741 2.0265630 1.4424179 2.3247907 1.2906298 2.5101677 2.4773776 0.0000000 0.5252553 3.1828808 1.8683379 2.7562090 1.5810513 2.5280057 2.5307880 2.5111510 2.6461767 2.6408131 1.4665093 2.9096306 1.3372494 1.1126660 2.5209504 2.4780341 2.3983521 2.7447423 2.8992362 2.8527224 3.6011471 2.5199888 3.3379960 2.9697115 2.9622008 2.6601638 2.3947613 2.5272075 2.6411744 2.6037389 2.1646713 3.0313271 3.8206147 3.5438636 3.9658888 3.6425354 3.6230545 4.0612384 6.1646558 5.1319984 4.8510393 1.8804130 3.3900772 
Xesp_005051-T1                                         2.5887794 2.4656742 0.7806494 1.9689890 1.7407994 1.9370081 1.8789235 1.7622728 2.1428578 1.4362968 2.4416890 1.3770749 2.4928374 2.4046718 0.5252553 0.0000000 3.1018400 2.0277159 2.7632046 1.6673407 2.4748138 2.4889244 2.5058440 2.6477403 2.6414597 1.4259694 2.9787898 1.2786013 1.2811920 2.5821770 2.5432737 2.5794792 2.8265837 3.3850485 3.2456670 3.6429118 2.7842637 3.1147278 2.9757238 3.1222105 2.4437027 2.3582670 2.7685045 2.8105551 2.7663603 2.1336452 3.6089205 4.2428951 3.5289865 4.0418052 3.7273920 3.7251809 3.9420379 6.6528311 5.1241533 4.7696725 1.9022323 3.6727527 
Cscu_XM_023384836.1                                    2.4186668 2.2844476 1.0191314 2.1115905 2.1425153 2.0418130 2.1175739 2.1751700 2.4469695 0.9072715 2.1217959 0.7004001 1.9176920 1.9914369 3.1828808 3.1018400 0.0000000 1.7676648 2.3942084 1.5420639 3.0096024 2.8246557 2.9292528 2.8599382 2.8608915 1.5203673 2.7002742 1.5007038 0.9639432 2.5298523 2.4894612 2.5833151 3.3254580 2.9255659 2.8219344 3.0694991 1.8661032 2.9823089 1.9733166 3.3058577 2.6291781 2.3202354 3.6377711 4.1924351 2.9409308 2.0321105 3.6955565 5.0158483 3.3774748 3.8356596 4.1993237 4.1027584 3.4139346 7.0535440 4.7001593 3.8450865 1.5537214 3.6009501 
Ocar_g8493                                             2.7733011 2.1035663 0.9964575 1.7366883 1.6106149 1.5930866 1.6107462 1.3816299 1.6581598 1.6509125 1.6943642 1.3061330 1.6447172 1.5703010 1.8683379 2.0277159 1.7676648 0.0000000 0.0507572 2.1711839 2.2131367 2.1044776 2.1548454 2.1477738 2.1477738 2.6129910 2.8537251 2.5554584 2.8769196 1.8417844 1.7561068 1.7289702 2.7151619 1.9675020 2.2309621 1.9254921 1.9877213 1.9171370 1.8883892 1.2448495 1.8078207 2.6478127 2.6833971 2.7347235 2.3345738 1.8694316 3.1225805 3.9064172 2.9386562 3.9018849 2.9204271 2.9308597 3.1625094 0.0000010 3.6488643 3.7522812 8.9999981 3.1720438 
Opea_EP00118_Oscarella_pearsei_P005609                 2.5264119 2.3242788 0.7879346 1.8805730 1.7247343 1.8193116 1.8643838 1.7820301 2.0312330 1.2053688 2.2314885 1.2536164 2.2731965 2.0780522 2.7562090 2.7632046 2.3942084 0.0507572 0.0000000 1.3560865 2.5971514 2.6035651 2.6053459 2.6130757 2.6014483 1.2856825 2.9356790 1.4817428 0.9214866 2.3771730 2.1439840 2.1980463 2.9531179 2.7807294 2.8143690 2.9384414 2.0979419 2.7377005 2.5539085 2.3676337 2.3623441 2.3413853 3.2498064 3.2530593 2.6880637 1.8058237 3.5323641 4.3541083 2.5413115 3.6720321 3.4547129 3.4917626 3.2505513 7.4429470 4.2669024 3.9308853 1.2239990 3.3854069 
Tadh_TriadT28773                                       1.2556992 1.1932281 0.9670576 1.2659644 1.1573107 1.2260293 1.2473053 1.3010204 1.7057858 1.5319801 1.0962391 1.3211460 1.0220050 1.0732655 1.5810513 1.6673407 1.5420639 2.1711839 1.3560865 0.0000000 0.0274606 0.1554921 0.1747332 0.1587159 0.1587159 0.1448745 1.2540926 1.7391001 1.1113758 1.3328808 1.2500766 1.2651300 1.9548668 1.7803658 1.6752307 1.4771739 1.3946084 1.4855616 0.0000010 1.5620873 3.2682398 1.8174642 1.9232185 1.7476582 2.0131970 2.5623563 2.4961083 2.9763477 3.0570107 3.1501332 2.9296633 3.0777062 3.1955473 9.0000000 4.2692863 4.9542534 1.6036102 2.1802028 
TrH2_TrispH2_005936-RA                                 2.4401588 2.4841764 0.8808696 2.3342999 2.1956395 2.1629515 2.2117457 2.1666965 2.5384018 1.4499884 2.2625937 1.3164655 2.2852916 2.2224175 2.5280057 2.4748138 3.0096024 2.2131367 2.5971514 0.0274606 0.0000000 0.3962885 0.4073719 0.3774903 0.3765258 0.2160262 2.7068797 1.7391001 1.1113758 2.4180728 2.1505563 2.4478239 2.9230050 2.7652081 2.9619530 3.8875725 2.1956960 2.9541376 3.0093686 2.8365655 2.4277618 2.5763136 2.9545872 2.7794458 2.6491827 2.1038473 3.2785525 3.6114709 3.3524735 3.9582987 3.5145583 3.6017704 3.8601964 6.3885882 4.8854817 3.8739944 1.6036102 4.0742426 
HoiH06_mRNA7919                                        2.3403435 2.3766644 0.8754341 2.2476516 2.0928357 2.1132447 2.1569019 2.1260373 2.5005991 1.4159274 2.2348300 1.3134767 2.1976606 2.0901927 2.5307880 2.4889244 2.8246557 2.1044776 2.6035651 0.1554921 0.3962885 0.0000000 0.0755727 0.1300795 0.1288510 0.1298052 2.4956879 1.7075429 1.0578908 2.3877692 2.1345498 2.3642215 2.9157223 2.7342965 2.7923957 3.5944404 1.9135755 2.8032387 2.1749243 2.7092771 2.3598024 2.1826261 2.8004567 2.6413781 2.7357050 2.0107130 3.0321429 3.8356092 3.2103648 3.8860875 3.5968876 3.5862580 3.7600983 5.7900558 4.8194286 3.9116903 1.5571250 3.2282828 
HoiH23_PlH23_000690-RA                                 2.3785077 2.3843011 0.8608566 2.2042353 2.1141426 2.1328746 2.1756821 2.1361695 2.4924231 1.4221701 2.2215398 1.2865494 2.1800219 2.1432423 2.5111510 2.5058440 2.9292528 2.1548454 2.6053459 0.1747332 0.4073719 0.0755727 0.0000000 0.1341576 0.1330057 0.1277380 2.5420548 1.7005075 1.0604372 2.4097586 2.1845301 2.4411295 2.9247464 2.7111284 2.8305855 3.8368665 1.9361693 3.0503592 2.1276308 2.7139492 2.4710935 2.2448146 2.8258529 2.6701443 2.6593409 2.0229666 2.9932425 3.7891552 3.2600546 3.9752855 3.6116749 3.6074151 3.7041630 6.1812144 4.8777697 3.9353617 1.5951209 3.4592309 
Hhon_g02672.t1                                         2.3745616 2.4067055 0.9005497 2.2369769 2.1509536 2.1158508 2.1627822 2.2039320 2.5713990 1.4037595 2.1877204 1.3012918 2.0841488 2.1156815 2.6461767 2.6477403 2.8599382 2.1477738 2.6130757 0.1587159 0.3774903 0.1300795 0.1341576 0.0000000 0.0027251 0.1341820 2.4472276 1.7284978 1.0976037 2.3821086 2.1756416 2.3714044 2.9796971 2.7169667 2.8053084 3.8410114 1.9765998 2.9746921 2.2236204 2.5728652 2.4369478 2.1876215 2.8085622 2.6745371 2.7033281 2.0096344 3.1056870 3.6908617 3.3502974 4.0506345 3.4439103 3.5047804 3.8204894 5.9144853 4.8599096 3.9179932 1.6243426 3.4727771 
HoiH04_mRNA3243                                        2.3785539 2.4080189 0.9005497 2.2426485 2.1564733 2.1243618 2.1710821 2.2095067 2.5842459 1.4037595 2.1831627 1.3012918 2.0841488 2.1308835 2.6408131 2.6414597 2.8608915 2.1477738 2.6014483 0.1587159 0.3765258 0.1288510 0.1330057 0.0027251 0.0000000 0.1341820 2.4476045 1.7284978 1.0976037 2.3821086 2.1756416 2.3714044 2.9919900 2.7337095 2.8210883 3.8726798 1.9765998 2.9654272 2.2236204 2.5885525 2.4369478 2.1876215 2.8075876 2.6823389 2.7033281 2.0096344 3.1056870 3.6908617 3.3502974 4.0506345 3.4439103 3.5047804 3.8204894 5.9144853 4.8599096 3.9179932 1.6243426 3.4770655 
HoiH11_mRNA7984                                        1.1894277 1.1374946 0.9400679 1.2364203 1.1474661 1.2201301 1.2402965 1.2314074 1.4802471 1.5013436 1.0349012 1.3465447 1.1526951 1.1130311 1.4665093 1.4259694 1.5203673 2.6129910 1.2856825 0.1448745 0.2160262 0.1298052 0.1277380 0.1341820 0.1341820 0.0000000 1.2625876 1.6627907 1.0851122 1.2110277 1.1966510 1.1796665 1.7356822 1.4511441 1.3676281 1.3728404 1.3472638 1.4190989 0.0000010 1.5168970 3.4024403 1.6865656 1.7478842 1.7065290 1.8086598 2.4821390 2.3949519 2.9342666 3.1080974 3.2015639 2.8255858 2.8900154 3.0960680 0.9941727 3.9245265 4.6737917 1.5700390 1.9602109 
Spur_XM_030991625.1                                    1.7746684 1.5864962 0.8252491 2.6155580 2.4979851 2.4427903 2.4147557 2.3222045 2.7811466 1.0280673 1.7515957 1.0219354 1.7055675 1.5304607 2.9096306 2.9787898 2.7002742 2.8537251 2.9356790 1.2540926 2.7068797 2.4956879 2.5420548 2.4472276 2.4476045 1.2625876 0.0000000 1.2647726 0.9652450 2.0951154 2.1083950 2.3113341 2.6155770 2.7596901 2.6290674 3.1748478 2.1250716 2.8424744 2.5837538 2.9519353 2.5206449 2.6134335 3.1718875 2.9178397 2.6228706 2.0632810 3.2757429 4.5446777 3.0989291 4.0735296 4.0394765 4.0738245 4.3155803 8.0011797 5.1141897 4.8121141 1.5102467 2.8651863 
Exapal_XM_021053942.1                                  1.3699599 1.1245728 0.7120423 0.9715654 0.9495632 1.0244243 1.0174813 0.9545269 1.1853134 1.5021016 1.1960246 1.5260491 1.2176559 1.2873915 1.3372494 1.2786013 1.5007038 2.5554584 1.4817428 1.7391001 1.7391001 1.7075429 1.7005075 1.7284978 1.7284978 1.6627907 1.2647726 0.0000000 1.3687543 1.2460540 1.3243784 1.3112500 1.6237014 1.3447053 1.2562845 1.2284769 1.4285605 1.3763301 0.0000010 1.8149036 3.8119061 1.9683365 1.9438734 2.0218705 1.5963931 2.6287335 2.7017368 4.3107669 4.4125822 4.2123933 3.4928040 3.6580038 4.1665068 0.0000010 4.9712084 8.0266662 1.6678151 2.3799309 
Scil_scict007582.1                                     1.0106041 0.8348377 0.7691166 0.8695528 0.7961834 0.8867496 0.8935408 0.9660731 1.1238254 1.2726318 0.7948383 1.1228083 0.7289536 0.7631275 1.1126660 1.2811920 0.9639432 2.8769196 0.9214866 1.1113758 1.1113758 1.0578908 1.0604372 1.0976037 1.0976037 1.0851122 0.9652450 1.3687543 0.0000000 0.2637224 0.1984648 0.2732487 1.0221943 1.0915820 0.8399985 1.0117116 1.1829001 1.1971576 0.0000010 2.9198528 4.9447928 1.5100009 1.4068460 1.5974153 1.3894930 1.6903912 1.6036004 2.8036864 2.6765059 3.0453466 2.2961482 2.2925371 3.0363309 0.0000010 3.5302967 0.0000010 1.1689336 1.8363486 
Gracom_Gcom_scaffold3391_01                            1.8813167 1.9180224 0.8517169 1.9810070 1.8706839 2.0181466 1.9773289 1.9284442 2.2713167 1.3094550 1.9037179 1.2062444 1.8897587 1.9688765 2.5209504 2.5821770 2.5298523 1.8417844 2.3771730 1.3328808 2.4180728 2.3877692 2.4097586 2.3821086 2.3821086 1.2110277 2.0951154 1.2460540 0.2637224 0.0000000 0.5627431 0.6539024 2.3963292 2.1701547 2.2195659 3.0004382 1.9938546 2.4700841 2.3367359 2.1908318 2.5641208 2.1720058 2.6072328 2.4946407 2.3125967 1.6509256 2.6429991 4.2227247 3.8412958 3.6812044 3.4442236 3.3879830 3.4069768 5.2559299 3.9920829 3.8274376 1.3326944 2.7894624 
Leuniv_Lniv_scaffold22178_01                           2.0588393 1.9029804 0.7979087 1.9934767 1.7131825 1.8207501 1.8490314 1.7925900 2.0341199 1.1193373 1.8724361 1.2452826 1.7574081 1.8157007 2.4780341 2.5432737 2.4894612 1.7561068 2.1439840 1.2500766 2.1505563 2.1345498 2.1845301 2.1756416 2.1756416 1.1966510 2.1083950 1.3243784 0.1984648 0.5627431 0.0000000 0.5201644 2.4447161 2.1227791 1.9667290 2.6413926 1.8308448 2.2164182 2.2920916 2.2571189 2.3368819 1.9861765 2.4845559 2.6969563 2.2586700 1.6844441 2.6448625 4.0738047 3.6745947 3.6556788 3.3625496 3.2641802 3.5643562 7.6784173 4.5476612 4.1987340 1.0859200 2.5553005 
Lcom_lcpid52409                                        2.0818127 1.9738253 0.8134394 2.0750928 1.9365072 2.0538816 2.0374917 1.9919738 2.4225467 1.1950288 1.9105548 1.1557615 1.9576248 1.8391754 2.3983521 2.5794792 2.5833151 1.7289702 2.1980463 1.2651300 2.4478239 2.3642215 2.4411295 2.3714044 2.3714044 1.1796665 2.3113341 1.3112500 0.2732487 0.6539024 0.5201644 0.0000000 2.3209956 2.2257723 2.0050098 2.8566083 1.9738405 2.4985157 2.5889062 2.3708594 2.6614664 2.4168683 2.5078886 2.7308406 2.4286570 1.8433277 2.7953697 4.3680427 4.0395989 4.3632191 3.8962500 3.8657826 4.2971105 6.6449125 4.8690025 4.6931683 1.1116313 3.1227468 
Morvir_scaffold103.g70.t1                              2.6276407 2.6224840 1.0527436 2.3521011 2.3454545 2.3879041 2.2781477 2.1833899 2.3676781 1.2956555 2.6317199 1.4951368 2.5519270 2.4822734 2.7447423 2.8265837 3.3254580 2.7151619 2.9531179 1.9548668 2.9230050 2.9157223 2.9247464 2.9796971 2.9919900 1.7356822 2.6155770 1.6237014 1.0221943 2.3963292 2.4447161 2.3209956 0.0000000 2.9286315 2.7166186 3.2017063 2.4394967 3.0771612 2.6886170 3.0439376 2.3537726 2.0500203 1.9075451 1.8894432 2.4255006 1.4508166 2.1219493 4.3447830 2.8716097 3.7619667 3.7530582 3.7620015 3.5063831 8.0197369 5.1818617 3.7213409 1.6190149 3.7544387 
Aque_Aqu2.1.39736_001                                  2.4311036 2.1927517 1.0588901 2.5951188 2.4413409 2.4684159 2.5194870 2.2977953 2.7013056 1.4997947 2.4919262 1.2561942 2.3238921 2.1961472 2.8992362 3.3850485 2.9255659 1.9675020 2.7807294 1.7803658 2.7652081 2.7342965 2.7111284 2.7169667 2.7337095 1.4511441 2.7596901 1.3447053 1.0915820 2.1701547 2.1227791 2.2257723 2.9286315 0.0000000 0.6177969 1.8757101 1.0341486 1.7282180 1.1982686 2.4858483 2.4822030 2.3373142 2.9120046 3.0744573 2.0202850 2.2196538 3.2713631 5.0402413 3.4545596 4.0471464 4.1663400 4.3473873 4.0673019 7.2849773 5.1510788 4.6659309 1.7552473 3.3283601 
Halamb_c40966_g1_i1mm.874                              2.3340753 2.1397597 1.0013458 2.4449753 2.3312505 2.3095416 2.3785355 2.2382043 2.5422148 1.3243579 2.2722230 1.2331320 2.3550260 2.1337326 2.8527224 3.2456670 2.8219344 2.2309621 2.8143690 1.6752307 2.9619530 2.7923957 2.8305855 2.8053084 2.8210883 1.3676281 2.6290674 1.2562845 0.8399985 2.2195659 1.9667290 2.0050098 2.7166186 0.6177969 0.0000000 1.7430554 0.9641685 1.6069738 1.1048291 2.4430460 2.5288055 2.3680788 2.8480053 2.9714673 1.8043177 1.9483195 3.3237389 4.8461934 3.4421416 3.8891853 3.9255562 4.0380404 3.5743717 6.8589205 4.5250892 4.4481462 1.4781336 3.4869663 
Emue_Em0015g325a.t1                                    3.0893118 2.5753273 1.0084319 3.1173447 2.9437100 2.9614262 3.1526231 3.0486764 3.3758382 1.5012492 3.0386660 1.3912098 2.9026008 2.7158001 3.6011471 3.6429118 3.0694991 1.9254921 2.9384414 1.4771739 3.8875725 3.5944404 3.8368665 3.8410114 3.8726798 1.3728404 3.1748478 1.2284769 1.0117116 3.0004382 2.6413926 2.8566083 3.2017063 1.8757101 1.7430554 0.0000000 0.1940412 1.6185214 0.9351480 3.5624661 2.4840023 2.4863193 3.8557415 3.8108057 2.6046629 2.0327802 3.9767626 6.1190386 3.4800221 3.9754631 5.3064080 5.3598152 3.8583685 8.9999988 5.6921455 5.7264112 1.4371992 4.2180393 
Spolac_c100295_g1_i2_m.22036c100295-g1                 2.1753369 1.5890649 1.0924979 2.0449857 1.9435767 2.0887643 2.1594492 2.0043764 2.5333803 1.4636308 1.9044516 1.5308828 2.0717685 1.8393569 2.5199888 2.7842637 1.8661032 1.9877213 2.0979419 1.3946084 2.1956960 1.9135755 1.9361693 1.9765998 1.9765998 1.3472638 2.1250716 1.4285605 1.1829001 1.9938546 1.8308448 1.9738405 2.4394967 1.0341486 0.9641685 0.1940412 0.0000000 0.9458918 0.9879096 2.6451102 2.4474685 2.4859095 2.8582562 2.7840339 1.8080728 2.1317220 3.0761653 4.5352133 3.2087949 4.0697419 3.1570490 3.2205775 3.8795944 1.4775135 4.2561845 5.6796435 1.6643795 2.9002378 
Tetwil_g9632.t2                                        2.5857291 2.3635242 0.8671053 2.7170536 2.5984796 2.5396077 2.6644243 2.5115235 3.0759151 1.2836468 2.5424568 1.3503904 2.3331848 2.4182580 3.3379960 3.1147278 2.9823089 1.9171370 2.7377005 1.4855616 2.9541376 2.8032387 3.0503592 2.9746921 2.9654272 1.4190989 2.8424744 1.3763301 1.1971576 2.4700841 2.2164182 2.4985157 3.0771612 1.7282180 1.6069738 1.6185214 0.9458918 0.0000000 0.8026682 2.9062178 2.1647094 2.4473047 3.5117830 3.6522177 2.3617092 2.0883224 3.5906517 4.9453101 3.3676871 3.6639405 4.2990254 4.3433092 3.9274311 8.9999982 4.8905933 4.5476253 1.5546399 3.6152489 
Stycar_maker-SC_scaffold10098-augustus-gene-0.2-mRNA-1 3.2755838 2.1260637 0.4923666 2.3911224 2.3519512 2.1741897 2.3832976 2.0478140 2.0713818 0.6191663 2.9796710 0.9736412 2.6931825 2.4876725 2.9697115 2.9757238 1.9733166 1.8883892 2.5539085 0.0000010 3.0093686 2.1749243 2.1276308 2.2236204 2.2236204 0.0000010 2.5837538 0.0000010 0.0000010 2.3367359 2.2920916 2.5889062 2.6886170 1.1982686 1.1048291 0.9351480 0.9879096 0.8026682 0.0000000 2.2807875 1.3628119 2.7295944 2.7099769 2.7529489 1.9289202 1.2503334 2.8692068 6.3647355 4.1366473 4.3935256 3.3783077 3.5681267 4.9216582 0.0000010 5.3875216 5.1084968 0.0000010 3.2098219 
Plajan_Pjan_scaffold10597_01                           2.5083364 2.3961927 0.9024439 2.7371820 2.6340462 2.6916579 2.6464862 2.5992498 2.7734369 1.2636268 2.4708935 1.1983315 2.6381692 2.5841859 2.9622008 3.1222105 3.3058577 1.2448495 2.3676337 1.5620873 2.8365655 2.7092771 2.7139492 2.5728652 2.5885525 1.5168970 2.9519353 1.8149036 2.9198528 2.1908318 2.2571189 2.3708594 3.0439376 2.4858483 2.4430460 3.5624661 2.6451102 2.9062178 2.2807875 0.0000000 1.9940333 2.8242647 3.4059806 3.1684446 2.7098102 2.0230006 3.3573076 4.1310291 3.3013411 5.1389838 3.9759918 3.8819385 4.1851738 5.9486462 4.6668406 3.7748411 3.0044470 3.5973821 
Aaur_scaffold69.g21.t1                                 2.9871912 2.6295190 2.2234153 2.3292840 2.1660629 2.2062804 2.2113599 2.2356644 2.1039335 3.0173646 2.6203354 2.6400873 2.3998794 2.4673793 2.6601638 2.4437027 2.6291781 1.8078207 2.3623441 3.2682398 2.4277618 2.3598024 2.4710935 2.4369478 2.4369478 3.4024403 2.5206449 3.8119061 4.9447928 2.5641208 2.3368819 2.6614664 2.3537726 2.4822030 2.5288055 2.4840023 2.4474685 2.1647094 1.3628119 1.9940333 0.0000000 1.0792871 1.0814979 1.3248547 2.2818821 2.8477616 2.7268095 4.9334447 4.7570359 5.9857347 4.5712405 4.7291479 5.5900569 9.0000000 5.7635920 4.2757488 5.0144270 3.5768997 
Nemnom_g19694.t1                                       2.8999566 2.2593680 1.2947746 2.0955542 1.9866073 2.1809590 2.1503024 1.9707084 2.1087102 2.0360488 2.3739372 1.7342098 2.5138370 2.4780876 2.3947613 2.3582670 2.3202354 2.6478127 2.3413853 1.8174642 2.5763136 2.1826261 2.2448146 2.1876215 2.1876215 1.6865656 2.6134335 1.9683365 1.5100009 2.1720058 1.9861765 2.4168683 2.0500203 2.3373142 2.3680788 2.4863193 2.4859095 2.4473047 2.7295944 2.8242647 1.0792871 0.0000000 0.3011568 1.2763573 2.5961615 1.9243004 2.2397787 5.0422552 4.4913127 4.8563504 3.4213520 3.4647730 4.6003236 0.0000010 4.9397154 5.0258655 1.8769826 3.3782250 
Rhoesc_Res_006462-T1                                   2.8526763 2.7230837 1.2837242 2.4075146 2.2939744 2.5017198 2.3822887 2.3189092 2.4549247 1.9107023 2.7319867 1.7602692 2.7225747 2.9417775 2.5272075 2.7685045 3.6377711 2.6833971 3.2498064 1.9232185 2.9545872 2.8004567 2.8258529 2.8085622 2.8075876 1.7478842 3.1718875 1.9438734 1.4068460 2.6072328 2.4845559 2.5078886 1.9075451 2.9120046 2.8480053 3.8557415 2.8582562 3.5117830 2.7099769 3.4059806 1.0814979 0.3011568 0.0000000 1.0437794 2.7786591 1.8200081 1.9890237 4.7793138 4.7055951 5.5112276 3.9419450 3.8881308 4.9882058 6.8700160 5.6169380 4.7538792 1.8353002 3.7415279 
Sanmal_Sma_019180-T1                                   2.7923434 2.7137074 1.3418000 2.6452646 2.4093898 2.6180170 2.5230959 2.3010583 2.5324607 1.8580928 2.7541550 1.5670454 2.8081288 3.0102363 2.6411744 2.8105551 4.1924351 2.7347235 3.2530593 1.7476582 2.7794458 2.6413781 2.6701443 2.6745371 2.6823389 1.7065290 2.9178397 2.0218705 1.5974153 2.4946407 2.6969563 2.7308406 1.8894432 3.0744573 2.9714673 3.8108057 2.7840339 3.6522177 2.7529489 3.1684446 1.3248547 1.2763573 1.0437794 0.0000000 2.8303871 1.9525340 1.9083764 4.7166244 4.4599530 5.4006316 3.8958176 3.7872183 4.3514141 5.8580090 5.5747909 4.8642898 2.1182413 3.4514338 
Plespi_Pspi_C612496_01                                 2.6547097 2.3513740 1.1090659 2.3141537 2.2804450 2.1666525 2.1714587 2.1124875 2.4774532 1.5691454 2.4548694 1.8910562 2.3370428 2.3879903 2.6037389 2.7663603 2.9409308 2.3345738 2.6880637 2.0131970 2.6491827 2.7357050 2.6593409 2.7033281 2.7033281 1.8086598 2.6228706 1.5963931 1.3894930 2.3125967 2.2586700 2.4286570 2.4255006 2.0202850 1.8043177 2.6046629 1.8080728 2.3617092 1.9289202 2.7098102 2.2818821 2.5961615 2.7786591 2.8303871 0.0000000 2.2697275 3.1174278 4.2375036 3.3226736 3.6174074 3.9208242 4.1964567 3.7800313 6.1335211 4.6397269 4.3939993 1.7843342 3.5845868 
Hvul_g23599_1                                          2.0308234 1.7294709 1.7687135 1.8496667 1.8434927 1.8465207 1.8384593 1.9245814 1.6669730 2.3954254 1.8437208 2.1710786 1.7840088 1.9695199 2.1646713 2.1336452 2.0321105 1.8694316 1.8058237 2.5623563 2.1038473 2.0107130 2.0229666 2.0096344 2.0096344 2.4821390 2.0632810 2.6287335 1.6903912 1.6509256 1.6844441 1.8433277 1.4508166 2.2196538 1.9483195 2.0327802 2.1317220 2.0883224 1.2503334 2.0230006 2.8477616 1.9243004 1.8200081 1.9525340 2.2697275 0.0000000 1.0922662 3.0147070 3.0035575 2.9433271 2.4318476 2.4839018 2.8786189 9.0000000 3.4449904 2.8870356 2.2729153 2.7187524 
Chem_TCONS_00058323                                    3.1344373 3.0498179 1.6799456 2.9519323 2.7617756 2.8341975 2.7125751 2.6632798 2.6930406 1.9823791 3.2172477 1.9775733 3.0903143 3.1498059 3.0313271 3.6089205 3.6955565 3.1225805 3.5323641 2.4961083 3.2785525 3.0321429 2.9932425 3.1056870 3.1056870 2.3949519 3.2757429 2.7017368 1.6036004 2.6429991 2.6448625 2.7953697 2.1219493 3.2713631 3.3237389 3.9767626 3.0761653 3.5906517 2.8692068 3.3573076 2.7268095 2.2397787 1.9890237 1.9083764 3.1174278 1.0922662 0.0000000 4.4600789 3.6370642 4.5621205 4.2035737 4.0858039 4.2572823 5.5471610 5.0552580 3.9050278 2.5262307 3.3462201 
Mlei_ML0708.g11.i1                                     4.4386559 4.1897137 2.7893806 3.5796841 3.7785972 3.8461583 3.8348831 3.5172327 3.7877548 3.4495822 4.6029580 3.2994571 4.2186662 4.0775270 3.8206147 4.2428951 5.0158483 3.9064172 4.3541083 2.9763477 3.6114709 3.8356092 3.7891552 3.6908617 3.6908617 2.9342666 4.5446777 4.3107669 2.8036864 4.2227247 4.0738047 4.3680427 4.3447830 5.0402413 4.8461934 6.1190386 4.5352133 4.9453101 6.3647355 4.1310291 4.9334447 5.0422552 4.7793138 4.7166244 4.2375036 3.0147070 4.4600789 0.0000000 0.4653446 0.9361849 1.0595767 1.0311870 1.3863755 2.2509198 1.6239056 1.0754735 2.9038272 5.0739679 
Beraby_Baby_sb335574                                   3.7093061 3.4911707 2.9808407 3.1403539 3.3296179 3.3247249 3.2978512 3.0820773 3.2022542 3.3153257 3.1770056 3.6378457 3.2906997 2.9739659 3.5438636 3.5289865 3.3774748 2.9386562 2.5413115 3.0570107 3.3524735 3.2103648 3.2600546 3.3502974 3.3502974 3.1080974 3.0989291 4.4125822 2.6765059 3.8412958 3.6745947 4.0395989 2.8716097 3.4545596 3.4421416 3.4800221 3.2087949 3.3676871 4.1366473 3.3013411 4.7570359 4.4913127 4.7055951 4.4599530 3.3226736 3.0035575 3.6370642 0.4653446 0.0000000 0.5963952 0.9961958 0.9750538 1.0083803 0.0000010 1.0616724 0.9143533 2.7919365 3.9989042 
Drygla_Dgla_sb294497                                   3.7273710 3.7885903 2.7608224 3.5244501 3.6897426 3.9263951 3.8965946 3.6329842 3.9515024 3.1248887 3.3851430 3.3496782 3.6294708 3.5996871 3.9658888 4.0418052 3.8356596 3.9018849 3.6720321 3.1501332 3.9582987 3.8860875 3.9752855 4.0506345 4.0506345 3.2015639 4.0735296 4.2123933 3.0453466 3.6812044 3.6556788 4.3632191 3.7619667 4.0471464 3.8891853 3.9754631 4.0697419 3.6639405 4.3935256 5.1389838 5.9857347 4.8563504 5.5112276 5.4006316 3.6174074 2.9433271 4.5621205 0.9361849 0.5963952 0.0000000 1.3624618 1.4300747 1.5664063 3.3678846 1.8340145 1.0902589 2.8245385 5.1226523 
Pbac_sb2665253                                         3.8011186 3.7528209 2.2924925 3.2055024 3.4282684 3.2494959 3.3095323 3.2452942 3.4280673 2.9472052 3.9040491 2.7795014 3.4490671 3.7828454 3.6425354 3.7273920 4.1993237 2.9204271 3.4547129 2.9296633 3.5145583 3.5968876 3.6116749 3.4439103 3.4439103 2.8255858 4.0394765 3.4928040 2.2961482 3.4442236 3.3625496 3.8962500 3.7530582 4.1663400 3.9255562 5.3064080 3.1570490 4.2990254 3.3783077 3.9759918 4.5712405 3.4213520 3.9419450 3.8958176 3.9208242 2.4318476 4.2035737 1.0595767 0.9961958 1.3624618 0.0000000 0.0727165 1.3093410 2.2791847 1.6656727 1.1059464 3.0007526 3.9645508 
Horcal_Hcv1.av93.c3.g1349.i1                           3.8481757 3.8262049 2.2874300 3.2021316 3.3864939 3.2471483 3.3536540 3.3137268 3.5889235 2.9709031 3.9157710 2.8722745 3.3866346 3.9407220 3.6230545 3.7251809 4.1027584 2.9308597 3.4917626 3.0777062 3.6017704 3.5862580 3.6074151 3.5047804 3.5047804 2.8900154 4.0738245 3.6580038 2.2925371 3.3879830 3.2641802 3.8657826 3.7620015 4.3473873 4.0380404 5.3598152 3.2205775 4.3433092 3.5681267 3.8819385 4.7291479 3.4647730 3.8881308 3.7872183 4.1964567 2.4839018 4.0858039 1.0311870 0.9750538 1.4300747 0.0727165 0.0000000 1.1994411 2.2927494 1.6674602 1.1213266 3.0909025 4.1244367 
Vmul_Simscaffold13534_01                               4.0997240 3.2851584 2.8734538 3.6796226 3.8629297 3.4306735 3.4285201 3.4672923 3.4914220 3.1716007 3.4243659 3.3812820 3.4110938 3.4776064 4.0612384 3.9420379 3.4139346 3.1625094 3.2505513 3.1955473 3.8601964 3.7600983 3.7041630 3.8204894 3.8204894 3.0960680 4.3155803 4.1665068 3.0363309 3.4069768 3.5643562 4.2971105 3.5063831 4.0673019 3.5743717 3.8583685 3.8795944 3.9274311 4.9216582 4.1851738 5.5900569 4.6003236 4.9882058 4.3514141 3.7800313 2.8786189 4.2572823 1.3863755 1.0083803 1.5664063 1.3093410 1.1994411 0.0000000 0.3904612 0.9408115 1.2712871 3.3482562 5.0772280 
Coeast_Cast_sb765582                                   5.9569890 8.2503274 0.0000010 4.7636642 4.8075893 4.7379446 4.4961033 5.2147666 4.2532248 0.0000010 7.5831121 0.0000010 5.7121533 6.5938898 6.1646558 6.6528311 7.0535440 0.0000010 7.4429470 9.0000000 6.3885882 5.7900558 6.1812144 5.9144853 5.9144853 0.9941727 8.0011797 0.0000010 0.0000010 5.2559299 7.6784173 6.6449125 8.0197369 7.2849773 6.8589205 8.9999988 1.4775135 8.9999982 0.0000010 5.9486462 9.0000000 0.0000010 6.8700160 5.8580090 6.1335211 9.0000000 5.5471610 2.2509198 0.0000010 3.3678846 2.2791847 2.2927494 0.3904612 0.0000000 0.0613212 2.5518898 0.0000010 6.2330269 
Coemet_Cmet_scaffold20210_01                           4.8907897 5.1625934 3.4997384 4.5628335 4.7015392 4.6756525 4.6169641 4.6242162 4.8040642 3.9623911 4.8840973 4.1174076 4.3000757 4.9782281 5.1319984 5.1241533 4.7001593 3.6488643 4.2669024 4.2692863 4.8854817 4.8194286 4.8777697 4.8599096 4.8599096 3.9245265 5.1141897 4.9712084 3.5302967 3.9920829 4.5476612 4.8690025 5.1818617 5.1510788 4.5250892 5.6921455 4.2561845 4.8905933 5.3875216 4.6668406 5.7635920 4.9397154 5.6169380 5.5747909 4.6397269 3.4449904 5.0552580 1.6239056 1.0616724 1.8340145 1.6656727 1.6674602 0.9408115 0.0613212 0.0000000 1.4603860 4.4312815 4.9639728 
Lampan_Lpan_C388943_01                                 4.1559477 4.0935196 3.1674702 3.7198709 4.0755782 3.6799304 3.7626330 3.7832781 3.4376626 4.5260745 3.7467565 3.2037702 4.4838770 4.0690282 4.8510393 4.7696725 3.8450865 3.7522812 3.9308853 4.9542534 3.8739944 3.9116903 3.9353617 3.9179932 3.9179932 4.6737917 4.8121141 8.0266662 0.0000010 3.8274376 4.1987340 4.6931683 3.7213409 4.6659309 4.4481462 5.7264112 5.6796435 4.5476253 5.1084968 3.7748411 4.2757488 5.0258655 4.7538792 4.8642898 4.3939993 2.8870356 3.9050278 1.0754735 0.9143533 1.0902589 1.1059464 1.1213266 1.2712871 2.5518898 1.4603860 0.0000000 9.0000000 4.9661500 
Clacor_Ccor_scaffold14038_01                           1.1948589 1.1725652 1.2233560 1.4915853 1.3756409 1.4849489 1.5151891 1.5913765 2.3023587 1.5129020 1.2401091 1.9237400 1.2256523 1.2804779 1.8804130 1.9022323 1.5537214 8.9999981 1.2239990 1.6036102 1.6036102 1.5571250 1.5951209 1.6243426 1.6243426 1.5700390 1.5102467 1.6678151 1.1689336 1.3326944 1.0859200 1.1116313 1.6190149 1.7552473 1.4781336 1.4371992 1.6643795 1.5546399 0.0000010 3.0044470 5.0144270 1.8769826 1.8353002 2.1182413 1.7843342 2.2729153 2.5262307 2.9038272 2.7919365 2.8245385 3.0007526 3.0909025 3.3482562 0.0000010 4.4312815 9.0000000 0.0000000 2.4803690 
Skow_XM_006815495.1                                    2.8689851 2.6968778 1.8143041 3.5286510 3.1896441 3.3324384 3.3337223 3.0759780 3.1625531 1.9570094 2.7665681 1.8757235 2.7184921 2.6407794 3.3900772 3.6727527 3.6009501 3.1720438 3.3854069 2.1802028 4.0742426 3.2282828 3.4592309 3.4727771 3.4770655 1.9602109 2.8651863 2.3799309 1.8363486 2.7894624 2.5553005 3.1227468 3.7544387 3.3283601 3.4869663 4.2180393 2.9002378 3.6152489 3.2098219 3.5973821 3.5768997 3.3782250 3.7415279 3.4514338 3.5845868 2.7187524 3.3462201 5.0739679 3.9989042 5.1226523 3.9645508 4.1244367 5.0772280 6.2330269 4.9639728 4.9661500 2.4803690 0.0000000 
