61
Hsap_ENST00000268206                                         0.0000000 1.7927984 0.8829303 1.4382022 1.4237262 1.5480270 2.6328483 2.4990284 0.8050519 1.0595119 1.0609950 0.7062175 1.2361718 1.2351934 1.1526879 1.2180464 1.2087884 1.2127124 1.0313961 1.4704330 1.3487532 1.1724091 1.0785305 1.1466431 1.3118103 1.2976658 1.2387645 1.2297216 1.3718212 1.2087392 1.2283144 1.2896267 1.4892593 1.5144068 1.4951650 1.5042837 1.4776609 1.4688624 1.4866904 1.2727905 1.5109347 1.2193562 1.6604302 2.2528364 1.7252960 1.6942028 1.6092648 1.6304884 0.9984871 2.2084708 1.5535734 1.4516813 1.2603427 1.6345917 1.3084369 1.5277144 1.4174729 1.6915898 1.4796182 3.4858390 2.5671232 
Emue_Em0009g1034a.t1                                         1.7927984 0.0000000 0.1656095 1.1124431 1.2182072 1.6745359 2.1652105 1.9333335 0.7475814 1.5843841 1.8096314 0.0000010 1.9346638 1.7184205 1.6898236 1.7392772 1.7761767 1.7443736 1.0101641 1.8135981 1.9161890 1.9450296 1.4952497 1.6750188 2.1145896 1.7655177 1.8426439 1.8363457 2.0748443 1.7846915 1.9111106 1.8298537 2.3820874 2.3145737 2.2292569 2.2719602 2.3185405 2.3204824 2.1663982 2.2096400 1.8201768 1.8620520 2.4509240 2.7226882 2.2465544 2.4931333 2.5203835 2.5903499 0.0000010 2.5481510 1.5503167 2.5765995 2.4954220 2.3784466 1.9919424 2.1050132 2.1892008 2.4777905 1.8740132 2.9577682 3.8978890 
Spolac_c91979_g1_i1_m.7401c46168-g1                          0.8829303 0.1656095 0.0000000 0.5144700 0.6075633 0.8114199 0.9013743 0.8724923 0.7042495 0.9831318 1.0841892 0.0000010 0.8951880 0.9265345 0.8550326 0.9027875 0.8762968 0.8343276 0.9159764 1.0951176 1.3771152 1.1026140 0.0000010 1.0998097 1.3307682 1.0033680 0.9943364 0.8743550 1.5073133 0.9990703 1.1247094 1.1027299 1.0266509 1.0266509 1.1157520 1.1609125 1.1704134 1.1704134 1.0593187 1.1427082 1.2383302 0.0000010 1.2404777 1.3762211 1.3730016 1.2254238 1.3408164 1.3464773 0.0000010 1.3277688 1.2221843 1.6727619 2.4522004 0.0000010 1.3829619 1.5466767 1.5109659 0.0000010 1.4440852 0.0000010 2.8863669 
Stycar_maker-SC_scaffold7218-snap-gene-0.22-mRNA-1           1.4382022 1.1124431 0.5144700 0.0000000 0.7243272 1.4784735 1.8399395 1.8982094 0.7372674 1.3287058 1.5041979 3.6916326 1.4613898 1.3991517 1.3130009 1.3891680 1.4766441 1.4386133 0.9074910 1.5329898 1.5584696 1.5131544 1.2272387 1.2152323 1.6906402 1.6321286 1.6161190 1.5499333 1.6951204 1.5240575 1.6221183 1.5122101 1.8866469 1.8866335 1.7176087 1.7091384 1.7414057 1.7350094 1.7701826 1.7766058 1.6060359 1.5276525 1.9774977 2.2315589 1.8568177 1.9300169 1.9721579 2.0211828 0.0000010 2.0727383 1.3545781 1.8476830 1.6275775 1.5064909 1.6699039 1.1227964 1.8315876 2.3596886 1.5659447 2.5058678 3.2363023 
Tetwil_g25809.t1                                             1.4237262 1.2182072 0.6075633 0.7243272 0.0000000 1.3746506 1.5050383 1.5628461 0.7676815 1.2899368 1.3747687 0.0000010 1.2931894 1.4685015 1.3439923 1.5327340 1.5115300 1.5441334 1.0757458 1.5857599 1.6065845 1.5547744 0.8993051 1.2979122 1.5831063 1.7981786 1.7219020 1.5333474 1.6669852 1.3859731 1.5906313 1.4897584 1.8097365 1.8083116 1.7818708 1.8113917 1.8578797 1.8622006 1.8131515 1.5706500 1.0763351 0.0000010 1.7734042 2.1522734 1.7593991 1.8533541 1.7486827 1.9069556 0.0000010 2.0953382 1.4412087 1.8365723 1.6619062 1.6128919 1.7457681 1.2316547 1.6880383 1.2372702 1.8569509 1.8094029 2.6843468 
Plajan_Pjan_scaffold23719_01                                 1.5480270 1.6745359 0.8114199 1.4784735 1.3746506 0.0000000 2.1444900 2.1448302 0.8849062 1.4193170 1.6228140 0.0000010 1.1232168 1.4689670 1.4910498 1.5977246 1.5747640 1.5331684 1.0440593 1.5480055 1.7379954 1.5021622 1.6408661 1.5586040 1.7860385 1.7419336 1.7784054 1.7011806 1.8489709 1.6369835 1.6664646 1.7449802 2.2292658 2.2003070 2.1707711 2.2281321 2.2008750 2.1704349 2.1844458 1.7116901 1.7027467 1.7173887 2.1654141 2.1092539 1.8297045 2.1519035 2.0374580 2.3116098 0.0000010 2.3748916 1.3757193 1.9802650 2.2930067 2.3928672 1.7983530 1.8483278 2.0619366 2.8015172 1.7711578 2.8940541 3.2373108 
Scil_scict019347.1                                           2.6328483 2.1652105 0.9013743 1.8399395 1.5050383 2.1444900 0.0000000 0.8377154 0.6992260 2.3395679 2.7447274 8.9999982 2.2664186 2.6144218 2.6096319 2.7838847 2.7440085 2.7466703 2.0567974 2.7330772 2.9473370 2.6604994 2.9601596 2.4733070 3.0964178 2.7746579 2.9934434 2.7165041 2.9689076 2.6891614 2.5255987 2.4839914 2.9682538 3.0257710 2.8618645 2.7888287 2.8366257 2.8317303 2.8689560 2.7104082 2.4204979 7.3125856 2.8329367 2.4628708 2.3811207 2.7763153 2.8505656 3.0406669 8.2570034 2.3931477 1.6168860 3.0030636 4.6520022 3.9349701 2.7178297 3.1209564 2.5042242 1.8389109 2.0891325 0.7640226 4.0465342 
Lcom_lcpid47945                                              2.4990284 1.9333335 0.8724923 1.8982094 1.5628461 2.1448302 0.8377154 0.0000000 0.5599374 1.9273547 2.3174785 1.0537474 1.7644069 2.2729391 2.1901823 2.3148344 2.3910722 2.3091586 1.5658077 2.4393499 2.6947723 2.4434237 2.1625914 2.2835644 2.7837044 2.6578097 2.8590268 2.5916714 2.6349520 2.3225146 2.1814614 2.2736983 2.3951266 2.3993513 2.4773765 2.4294314 2.4015016 2.4083729 2.4161350 2.4462573 1.9846499 9.0000000 2.5075242 2.4671531 2.4660283 2.5662562 2.4873738 2.6883966 3.8688094 2.3804001 1.5772195 2.9566531 1.8224180 3.3253724 2.2964536 2.7818681 2.3073231 0.4435676 2.1762220 0.6943249 3.6759738 
Clacor_Ccor_scaffold12991_01                                 0.8050519 0.7475814 0.7042495 0.7372674 0.7676815 0.8849062 0.6992260 0.5599374 0.0000000 0.7956700 1.0145921 0.0000010 0.8901939 0.8282858 0.8303918 0.8373491 0.8148371 0.8140995 0.7771193 0.9084770 1.1277616 0.9545603 2.6064897 0.8569202 1.7492373 0.9411620 0.8851394 0.8703408 1.4748102 1.0853623 1.0195161 1.2562416 1.1604683 1.1604683 1.2433601 1.2600209 1.2680766 1.2680766 1.1793443 0.9937089 1.2987891 2.0069623 1.1889717 1.0383902 1.1691032 1.1978362 1.1474728 1.3803187 0.0000010 1.1079048 0.9661758 1.5347856 1.7828792 1.5511705 1.0379518 2.4643664 1.1435624 1.2087976 1.1680483 2.0072997 2.8879909 
Bralan_BLAG02001467_1                                        1.0595119 1.5843841 0.9831318 1.3287058 1.2899368 1.4193170 2.3395679 1.9273547 0.7956700 0.0000000 1.0539078 0.5827194 1.1600163 1.1480362 1.0821345 1.1316328 1.1449072 1.1663499 1.0547894 1.2935976 1.3402120 1.2296172 1.0424435 1.1515320 1.4175403 1.4075214 1.3574894 1.3205920 1.3160115 1.1475544 1.1681044 1.1334577 1.4819775 1.5215079 1.4968953 1.4810710 1.4663230 1.4718876 1.5368302 1.3691421 1.6625507 1.3618213 1.7613905 2.4631358 1.9689770 1.7756043 1.7673816 1.8060814 1.2757912 2.2978935 1.4048504 1.6258551 1.3578847 1.7302863 1.1703382 1.4252994 1.4160118 1.4090665 1.3540296 2.6454480 2.3648384 
Spur_XM_030976715.1                                          1.0609950 1.8096314 1.0841892 1.5041979 1.3747687 1.6228140 2.7447274 2.3174785 1.0145921 1.0539078 0.0000000 0.5782976 1.1858416 1.1945300 1.0786623 1.1318852 1.1917634 1.2056699 1.0056262 1.3158670 1.2631559 1.1784986 1.0672167 1.1249229 1.2937299 1.3063654 1.3101378 1.3160664 1.2867185 1.0814640 1.2275308 1.0266514 1.4719713 1.5105669 1.4513206 1.4554580 1.4623005 1.4463923 1.4775318 1.3121239 1.5835882 1.4783703 1.7541482 2.5426689 1.9408435 1.8256660 1.8078126 1.8847595 1.0230279 2.5413349 1.5777511 1.4059880 1.2330632 1.6280721 1.1333277 1.4010719 1.4030886 1.5697348 1.4998535 3.3120176 2.5862737 
Ocar_g8192                                                   0.7062175 0.0000010 0.0000010 3.6916326 0.0000010 0.0000010 8.9999982 1.0537474 0.0000010 0.5827194 0.5782976 0.0000000 0.0063426 0.6525791 0.6285524 0.5812184 0.6996085 0.7031236 0.8586402 1.0183306 0.5878710 0.7888796 0.5860388 0.6869876 1.0694347 0.6258897 0.6471029 0.7005176 0.7423314 0.7376771 0.7197103 0.7246786 0.8279716 0.8315462 0.8368025 0.8194021 0.8029452 0.8029452 0.7991796 0.8210914 1.1464693 1.1034009 1.2117643 0.0000010 0.0000010 1.1488870 1.1288681 1.0669416 1.2656487 1.0024045 0.0000010 0.6446690 0.8283158 0.8736578 0.7132196 0.8986205 0.7270234 0.8880564 2.0072076 3.9562517 1.8939269 
Opea_EP00118_Oscarella_pearsei_P010018                       1.2361718 1.9346638 0.8951880 1.4613898 1.2931894 1.1232168 2.2664186 1.7644069 0.8901939 1.1600163 1.1858416 0.0063426 0.0000000 1.2121254 1.1619179 1.2219710 1.3235775 1.3337021 0.9990315 1.4602166 1.4162610 1.3062451 1.0381344 1.1723289 1.5552076 1.3476543 1.2868323 1.3535289 1.4493052 1.2930114 1.3429070 1.2764424 1.6081704 1.6527735 1.5759810 1.5908982 1.5883643 1.6060816 1.6177247 1.4458118 1.5921768 1.5749889 1.8025061 2.3123148 1.9374864 1.8375416 1.7311988 1.8294563 1.3391774 2.3452293 1.3357776 1.5016998 1.2896763 1.6367887 1.3245981 1.5512135 1.5448521 1.4385432 1.7511849 2.5537507 2.7083796 
Gfas_gfas1.m1.2793.m1                                        1.2351934 1.7184205 0.9265345 1.3991517 1.4685015 1.4689670 2.6144218 2.2729391 0.8282858 1.1480362 1.1945300 0.6525791 1.2121254 0.0000000 0.2075212 0.2465507 0.2928381 0.2884435 0.3572442 0.2918869 1.0268962 0.6678151 1.0872919 0.7643473 1.1814702 1.1737752 1.1983465 1.1938101 1.0944918 1.1304257 1.2957668 1.2241567 1.5059039 1.5511463 1.4902529 1.4966214 1.4543933 1.4543171 1.5327928 1.1848306 1.5295157 1.3231512 1.7532315 2.2100343 1.8349684 1.7700951 1.7316396 1.7774969 1.3413132 2.5124338 1.3836497 1.3184283 1.4074214 1.6569065 1.1731349 1.4657190 1.3431145 1.5206358 1.6174843 3.0082814 2.7770244 
Fspp_ffun1.m4.15349.m1                                       1.1526879 1.6898236 0.8550326 1.3130009 1.3439923 1.4910498 2.6096319 2.1901823 0.8303918 1.0821345 1.0786623 0.6285524 1.1619179 0.2075212 0.0000000 0.1126832 0.2250666 0.2159991 0.3177764 0.2720250 1.0154930 0.6211436 1.1068570 0.7104690 1.1561247 1.1317206 1.1435665 1.1469894 1.0841177 1.1109041 1.2241431 1.1690270 1.4580499 1.4967571 1.4384305 1.4407949 1.4625439 1.4613796 1.5036243 1.2214372 1.4373138 1.2572052 1.7052685 2.2740000 1.8538721 1.7768029 1.7313481 1.7476229 1.4277319 2.5045977 1.3910385 1.2975215 1.3724078 1.7113284 1.1102602 1.5930317 1.3015730 1.4190941 1.4071583 2.8974655 2.5712503 
Gasp_gasp1.m3.1497.m1                                        1.2180464 1.7392772 0.9027875 1.3891680 1.5327340 1.5977246 2.7838847 2.3148344 0.8373491 1.1316328 1.1318852 0.5812184 1.2219710 0.2465507 0.1126832 0.0000000 0.2604513 0.2486516 0.3765864 0.3126328 1.0204195 0.6570090 1.0519220 0.7492513 1.1794942 1.1653016 1.1622088 1.2384298 1.1089131 1.1375440 1.3009412 1.2243787 1.4786533 1.5231869 1.4934408 1.4825921 1.4744392 1.4826861 1.5027073 1.2259801 1.4176591 1.2163502 1.7284995 2.3522256 1.8939204 1.7790561 1.7308509 1.7488947 1.4049317 2.5811914 1.4327242 1.3298656 1.3474284 1.7010837 1.1345702 1.5435597 1.2892708 1.3995751 1.5516704 2.8642847 2.6290718 
Spis_XP_022803767_1                                          1.2087884 1.7761767 0.8762968 1.4766441 1.5115300 1.5747640 2.7440085 2.3910722 0.8148371 1.1449072 1.1917634 0.6996085 1.3235775 0.2928381 0.2250666 0.2604513 0.0000000 0.0877207 0.4378174 0.3521763 1.0817834 0.7095967 1.1812761 0.7970843 1.1611598 1.1983815 1.2272439 1.1858355 1.1535052 1.1396369 1.2734230 1.2600919 1.5357538 1.5721878 1.5469993 1.5535587 1.5121663 1.5177275 1.5568622 1.2466527 1.5245436 1.4244034 1.8301140 2.2578436 1.9001835 1.8337446 1.8700843 1.8692181 1.4072096 2.5882598 1.2966597 1.3776399 1.4284691 1.7322182 1.2088384 1.6449592 1.3828273 1.4270721 1.4685080 2.9601565 2.7241973 
Pocdam_XM_027186201.1                                        1.2127124 1.7443736 0.8343276 1.4386133 1.5441334 1.5331684 2.7466703 2.3091586 0.8140995 1.1663499 1.2056699 0.7031236 1.3337021 0.2884435 0.2159991 0.2486516 0.0877207 0.0000000 0.3698764 0.3144749 1.0765253 0.7003495 1.2253421 0.7675337 1.1452172 1.2549453 1.2407709 1.1999415 1.1669882 1.1502824 1.2589228 1.2546526 1.5584639 1.5970186 1.5525517 1.5503332 1.5263109 1.5341571 1.6012661 1.3121929 1.4622853 1.4361263 1.8813604 2.3089155 1.9143229 1.8894473 1.8906794 1.9106694 1.3576742 2.6946892 1.3942090 1.3901068 1.4089801 1.7729437 1.2584074 1.6745528 1.3974665 1.5322327 1.4036558 2.8388558 2.7919861 
Adig_XM_015915365.1                                          1.0313961 1.0101641 0.9159764 0.9074910 1.0757458 1.0440593 2.0567974 1.5658077 0.7771193 1.0547894 1.0056262 0.8586402 0.9990315 0.3572442 0.3177764 0.3765864 0.4378174 0.3698764 0.0000000 0.0423103 0.9977730 0.6198799 0.9335793 0.7171559 0.9766039 1.1264769 0.9858575 1.1338535 1.0229473 1.0277594 1.1915820 1.1681314 1.3009717 1.3810304 1.2681970 1.3085909 1.3017326 1.3134390 1.2486529 1.0738720 1.5432939 1.2585118 1.5043483 1.3015869 1.3955717 1.5494058 1.5029934 1.6104883 1.8033413 1.6392608 1.1865194 1.2431314 1.4313591 1.5239025 1.0713748 1.2482418 1.2302827 1.3418914 1.3611893 3.5945208 3.0839971 
Amil_Amillepora16372-RA                                      1.4704330 1.8135981 1.0951176 1.5329898 1.5857599 1.5480055 2.7330772 2.4393499 0.9084770 1.2935976 1.3158670 1.0183306 1.4602166 0.2918869 0.2720250 0.3126328 0.3521763 0.3144749 0.0423103 0.0000000 1.1845517 0.7372719 1.2787853 0.8454356 1.2507014 1.4118313 1.3648375 1.3374335 1.2660942 1.2838698 1.4527928 1.3389592 1.7121498 1.7011105 1.7282680 1.7510136 1.7345410 1.7459421 1.7684771 1.4428082 1.7288030 1.3474406 1.9847621 2.9048843 2.1799340 2.0572559 2.0036622 2.0816176 1.5652167 3.0985589 1.7550329 1.4872097 1.9122828 2.0861531 1.3446981 1.7468600 1.4678476 1.8973207 1.6410750 2.6289334 2.7103487 
Dgig_XM_028551231.1                                          1.3487532 1.9161890 1.3771152 1.5584696 1.6065845 1.7379954 2.9473370 2.6947723 1.1277616 1.3402120 1.2631559 0.5878710 1.4162610 1.0268962 1.0154930 1.0204195 1.0817834 1.0765253 0.9977730 1.1845517 0.0000000 1.0720204 1.1394871 1.1243885 1.3048196 1.3754626 1.3515788 1.3146771 0.5355249 1.3630854 1.4045418 1.3571617 1.5896639 1.6098979 1.6142333 1.5717856 1.5667611 1.5666096 1.5375545 1.3334953 1.5241772 1.2545642 1.9123274 2.4570148 2.0798989 1.7914225 1.8238699 1.8536979 0.9868834 2.7605551 1.7319919 1.4847711 1.4597766 1.8641549 1.3535427 1.5417687 1.4791448 1.4835855 1.8499969 3.3672335 2.6882001 
Exapal_XM_021047473.1                                        1.1724091 1.9450296 1.1026140 1.5131544 1.5547744 1.5021622 2.6604994 2.4434237 0.9545603 1.2296172 1.1784986 0.7888796 1.3062451 0.6678151 0.6211436 0.6570090 0.7095967 0.7003495 0.6198799 0.7372719 1.0720204 0.0000000 1.1838828 0.6532978 1.2552134 1.1733224 1.1616155 1.2022032 1.0825507 1.1755173 1.2843656 1.2803346 1.4587476 1.4706770 1.4125794 1.4353144 1.4158209 1.4247139 1.4054367 1.1826439 1.6389204 1.2589442 1.7018689 2.1494906 1.8990025 1.7159246 1.7252064 1.8253502 1.1929417 2.1603570 1.6302871 1.2820562 1.4656198 1.6826351 1.2299542 1.4558615 1.4027739 1.5109084 1.3611563 3.0899000 2.6151367 
Plespi_Pspi_scaffold20454_01                                 1.0785305 1.4952497 0.0000010 1.2272387 0.8993051 1.6408661 2.9601596 2.1625914 2.6064897 1.0424435 1.0672167 0.5860388 1.0381344 1.0872919 1.1068570 1.0519220 1.1812761 1.2253421 0.9335793 1.2787853 1.1394871 1.1838828 0.0000000 1.0877183 1.1915649 1.2078991 1.1019912 1.1984709 1.1444155 1.1157702 1.1572134 1.2272638 1.4531730 1.4968380 1.3166617 1.3410424 1.3426932 1.3727334 1.2690311 1.2126148 1.6907187 1.4279994 1.8444110 9.0000000 1.9821406 1.7260451 1.6944007 1.6633491 1.0470025 6.7359455 9.0000000 1.2658806 1.0181161 1.2222687 1.1793322 1.1539416 1.3188456 1.4325413 2.0014697 2.6504652 2.7374215 
Nvec_v1g242394                                               1.1466431 1.6750188 1.0998097 1.2152323 1.2979122 1.5586040 2.4733070 2.2835644 0.8569202 1.1515320 1.1249229 0.6869876 1.1723289 0.7643473 0.7104690 0.7492513 0.7970843 0.7675337 0.7171559 0.8454356 1.1243885 0.6532978 1.0877183 0.0000000 1.2351026 1.2641921 1.2389586 1.2318007 1.1019573 1.2136925 1.3120131 1.1457712 1.4126298 1.4266979 1.3579828 1.3667010 1.3528772 1.3563101 1.3749469 1.2591930 1.5068001 1.3620497 1.7792301 2.5037231 2.0004658 1.7598131 1.7146630 1.7727372 1.1098795 2.8418640 1.7519557 1.3667206 1.4667382 1.5645973 1.2283348 1.3604522 1.4771354 1.5455878 1.6661855 2.5671537 2.8039817 
Aaur_scaffold754.g6.t1                                       1.3118103 2.1145896 1.3307682 1.6906402 1.5831063 1.7860385 3.0964178 2.7837044 1.7492373 1.4175403 1.2937299 1.0694347 1.5552076 1.1814702 1.1561247 1.1794942 1.1611598 1.1452172 0.9766039 1.2507014 1.3048196 1.2552134 1.1915649 1.2351026 0.0000000 0.5279736 0.4757887 0.5403922 1.4003275 1.3725920 1.3652389 1.3458984 1.9526828 2.0713271 1.8344001 1.8599549 1.8128615 1.8173336 1.7414266 1.1957174 1.8725779 1.4175818 2.2654101 4.9799098 2.5083589 2.2881695 2.2273381 2.2107240 1.6681598 4.5519223 2.3516208 1.2430126 1.4864096 1.9223680 1.4866037 1.8995503 1.4507157 2.0664084 2.1859361 3.2693391 3.1953763 
Nemnom_g3574.t1                                              1.2976658 1.7655177 1.0033680 1.6321286 1.7981786 1.7419336 2.7746579 2.6578097 0.9411620 1.4075214 1.3063654 0.6258897 1.3476543 1.1737752 1.1317206 1.1653016 1.1983815 1.2549453 1.1264769 1.4118313 1.3754626 1.1733224 1.2078991 1.2641921 0.5279736 0.0000000 0.2973074 0.6209601 1.4774649 1.3964843 1.4099898 1.3027949 1.6728074 1.7285392 1.6178073 1.6351173 1.6543355 1.6652844 1.6523855 1.0630057 1.5468622 1.5545811 1.8940620 2.7054990 2.1429383 1.9182607 1.9353823 1.8370902 1.1854222 2.8268374 1.6590740 1.2789276 1.2902553 1.7395543 1.2510334 1.6452426 1.4764116 1.5292012 1.8867172 3.2726771 2.6857582 
Rhoesc_Res_009465-T1                                         1.2387645 1.8426439 0.9943364 1.6161190 1.7219020 1.7784054 2.9934434 2.8590268 0.8851394 1.3574894 1.3101378 0.6471029 1.2868323 1.1983465 1.1435665 1.1622088 1.2272439 1.2407709 0.9858575 1.3648375 1.3515788 1.1616155 1.1019912 1.2389586 0.4757887 0.2973074 0.0000000 0.5785832 1.4675965 1.3679679 1.4795282 1.2757934 1.6781378 1.7352705 1.6150070 1.6174912 1.6346763 1.6508172 1.6618845 1.0707206 1.5365463 1.3308366 1.8264107 2.5393173 2.0731553 1.8767657 1.8433092 1.8298787 1.2093515 2.7272443 1.6356791 1.2181280 1.2935803 1.7360697 1.2675233 1.6832959 1.4710615 1.7073805 1.8479453 3.4419294 2.6024218 
Sanmal_Sma_013543-T1                                         1.2297216 1.8363457 0.8743550 1.5499333 1.5333474 1.7011806 2.7165041 2.5916714 0.8703408 1.3205920 1.3160664 0.7005176 1.3535289 1.1938101 1.1469894 1.2384298 1.1858355 1.1999415 1.1338535 1.3374335 1.3146771 1.2022032 1.1984709 1.2318007 0.5403922 0.6209601 0.5785832 0.0000000 1.4367875 1.3727899 1.3877992 1.3683709 1.5337199 1.5782639 1.5473956 1.5539945 1.5631318 1.5642534 1.5481694 1.0452972 1.5985310 1.4806878 1.8387726 2.3029324 1.9230804 1.8299594 1.8921037 1.8269831 1.3162102 2.4769875 1.5829311 1.1663809 1.2118860 1.7120125 1.3707057 1.7317772 1.4423098 1.6680892 1.8469056 3.3200797 2.6793879 
Xesp_003039-T1                                               1.3718212 2.0748443 1.5073133 1.6951204 1.6669852 1.8489709 2.9689076 2.6349520 1.4748102 1.3160115 1.2867185 0.7423314 1.4493052 1.0944918 1.0841177 1.1089131 1.1535052 1.1669882 1.0229473 1.2660942 0.5355249 1.0825507 1.1444155 1.1019573 1.4003275 1.4774649 1.4675965 1.4367875 0.0000000 1.4205166 1.4680553 1.4951651 1.6993361 1.7318178 1.7111079 1.6758476 1.6771176 1.6855224 1.6775977 1.4038574 1.5968219 1.2446120 1.7800789 2.2688689 1.9807364 1.8327982 1.7958147 1.8104735 1.0566691 2.6836112 1.9198967 1.5221781 1.4769191 1.7363943 1.4352525 1.5057384 1.5916350 1.5945648 1.7745694 3.2824573 2.7913751 
Cgig_XM_011446359.3                                          1.2087392 1.7846915 0.9990703 1.5240575 1.3859731 1.6369835 2.6891614 2.3225146 1.0853623 1.1475544 1.0814640 0.7376771 1.2930114 1.1304257 1.1109041 1.1375440 1.1396369 1.1502824 1.0277594 1.2838698 1.3630854 1.1755173 1.1157702 1.2136925 1.3725920 1.3964843 1.3679679 1.3727899 1.4205166 0.0000000 1.1899948 0.8855985 1.5040075 1.5782996 1.5116140 1.5241926 1.5479667 1.5381519 1.4910380 1.3207891 1.7811058 1.5326937 1.9432790 2.6747144 2.1071078 2.0066864 1.9351029 2.0287439 1.4414315 2.8948898 1.5417583 1.4703358 1.4671799 1.7390479 1.0325597 1.5902847 1.2846069 1.5519849 1.5796936 2.7088709 2.3629217 
Cscu_XM_023371673.1                                          1.2283144 1.9111106 1.1247094 1.6221183 1.5906313 1.6664646 2.5255987 2.1814614 1.0195161 1.1681044 1.2275308 0.7197103 1.3429070 1.2957668 1.2241431 1.3009412 1.2734230 1.2589228 1.1915820 1.4527928 1.4045418 1.2843656 1.1572134 1.3120131 1.3652389 1.4099898 1.4795282 1.3877992 1.4680553 1.1899948 0.0000000 1.1642531 1.6241720 1.6918696 1.5076030 1.5673391 1.5962038 1.6015324 1.5743144 1.4275526 1.5397135 1.2048063 1.7631073 2.4497230 1.8914477 1.7287739 1.6949671 1.7795484 1.2672185 2.5330732 1.5491795 1.5314492 1.3081254 1.5946791 1.1625265 1.4670182 1.2276119 1.6007772 1.6796125 2.5739639 2.3907498 
Acagra_model.g9597.t1                                        1.2896267 1.8298537 1.1027299 1.5122101 1.4897584 1.7449802 2.4839914 2.2736983 1.2562416 1.1334577 1.0266514 0.7246786 1.2764424 1.2241567 1.1690270 1.2243787 1.2600919 1.2546526 1.1681314 1.3389592 1.3571617 1.2803346 1.2272638 1.1457712 1.3458984 1.3027949 1.2757934 1.3683709 1.4951651 0.8855985 1.1642531 0.0000000 1.4560893 1.4874383 1.4972039 1.5077550 1.4774671 1.4806706 1.4707643 1.4245495 1.7132609 1.4090862 1.9086516 3.0016753 2.2152300 1.9903143 1.9260707 1.9807801 1.5190067 2.7606541 1.7398481 1.5764339 1.5550036 1.7664307 1.1576377 1.7084115 1.3374515 1.5164645 1.6459852 3.0873871 2.5027090 
Tadh_TriadT30782                                             1.4892593 2.3820874 1.0266509 1.8866469 1.8097365 2.2292658 2.9682538 2.3951266 1.1604683 1.4819775 1.4719713 0.8279716 1.6081704 1.5059039 1.4580499 1.4786533 1.5357538 1.5584639 1.3009717 1.7121498 1.5896639 1.4587476 1.4531730 1.4126298 1.9526828 1.6728074 1.6781378 1.5337199 1.6993361 1.5040075 1.6241720 1.4560893 0.0000000 0.0086280 0.3320033 0.3250405 0.3314388 0.3286474 0.3225609 1.6957574 1.9294793 1.7645795 2.1280843 2.5446361 2.2996078 2.0861873 2.0631551 2.1374898 1.0713087 2.7824281 1.8791389 1.8269130 1.6360476 1.8973340 1.6381439 1.8465349 1.6179093 1.7237880 2.2931819 3.4061059 2.8826247 
TrH2_TrispH2_009263-RA                                       1.5144068 2.3145737 1.0266509 1.8866335 1.8083116 2.2003070 3.0257710 2.3993513 1.1604683 1.5215079 1.5105669 0.8315462 1.6527735 1.5511463 1.4967571 1.5231869 1.5721878 1.5970186 1.3810304 1.7011105 1.6098979 1.4706770 1.4968380 1.4266979 2.0713271 1.7285392 1.7352705 1.5782639 1.7318178 1.5782996 1.6918696 1.4874383 0.0086280 0.0000000 0.3397406 0.3365796 0.3408516 0.3379083 0.3286301 1.7119592 1.9656035 1.9257276 2.1601726 2.5609127 2.3101533 2.1371291 2.1232556 2.1996609 1.0938242 2.7501824 1.8867979 1.8849388 1.7081408 1.9912634 1.6427767 1.8789428 1.6129812 1.7727308 2.2346816 3.3696706 2.9460157 
HoiH06_mRNA4717                                              1.4951650 2.2292569 1.1157520 1.7176087 1.7818708 2.1707711 2.8618645 2.4773765 1.2433601 1.4968953 1.4513206 0.8368025 1.5759810 1.4902529 1.4384305 1.4934408 1.5469993 1.5525517 1.2681970 1.7282680 1.6142333 1.4125794 1.3166617 1.3579828 1.8344001 1.6178073 1.6150070 1.5473956 1.7111079 1.5116140 1.5076030 1.4972039 0.3320033 0.3397406 0.0000000 0.0518306 0.1154175 0.1141193 0.2076275 1.5643787 1.8713653 1.6549931 1.9784504 2.2829109 2.1058029 1.9877988 1.9790561 2.0065796 1.0923345 2.4598235 2.0699484 1.8303361 1.5758871 1.8456942 1.5816215 1.7326323 1.5734429 1.8642397 2.1205134 3.2208804 2.7788864 
HoiH23_PlH23_005998-RA                                       1.5042837 2.2719602 1.1609125 1.7091384 1.8113917 2.2281321 2.7888287 2.4294314 1.2600209 1.4810710 1.4554580 0.8194021 1.5908982 1.4966214 1.4407949 1.4825921 1.5535587 1.5503332 1.3085909 1.7510136 1.5717856 1.4353144 1.3410424 1.3667010 1.8599549 1.6351173 1.6174912 1.5539945 1.6758476 1.5241926 1.5673391 1.5077550 0.3250405 0.3365796 0.0518306 0.0000000 0.1262965 0.1243389 0.2191319 1.5878789 1.8682543 1.6654826 1.9935996 2.3290324 2.1193614 1.9948080 2.0214059 2.0359217 1.0761999 2.5093114 2.0512440 1.7943861 1.6327918 1.8680963 1.5817665 1.7561587 1.5896577 1.8472652 2.1660770 3.1337602 2.7368247 
Hhon_g10931.t1                                               1.4776609 2.3185405 1.1704134 1.7414057 1.8578797 2.2008750 2.8366257 2.4015016 1.2680766 1.4663230 1.4623005 0.8029452 1.5883643 1.4543933 1.4625439 1.4744392 1.5121663 1.5263109 1.3017326 1.7345410 1.5667611 1.4158209 1.3426932 1.3528772 1.8128615 1.6543355 1.6346763 1.5631318 1.6771176 1.5479667 1.5962038 1.4774671 0.3314388 0.3408516 0.1154175 0.1262965 0.0000000 0.0093447 0.2135225 1.5745199 1.9365314 1.5896550 2.0151361 2.3791899 2.1896445 2.0324128 2.0762214 2.0678908 1.1340501 2.5179939 2.1994885 1.7847731 1.5621415 1.8543734 1.5978977 1.7652689 1.6053936 1.7578018 1.9900298 3.2810597 2.8676080 
HoiH04_mRNA5711                                              1.4688624 2.3204824 1.1704134 1.7350094 1.8622006 2.1704349 2.8317303 2.4083729 1.2680766 1.4718876 1.4463923 0.8029452 1.6060816 1.4543171 1.4613796 1.4826861 1.5177275 1.5341571 1.3134390 1.7459421 1.5666096 1.4247139 1.3727334 1.3563101 1.8173336 1.6652844 1.6508172 1.5642534 1.6855224 1.5381519 1.6015324 1.4806706 0.3286474 0.3379083 0.1141193 0.1243389 0.0093447 0.0000000 0.2152750 1.5690193 1.9325412 1.6341237 1.9985954 2.3690783 2.1831456 2.0260773 2.0665612 2.0581147 1.1345066 2.5014910 2.1994885 1.7934871 1.5641375 1.8378627 1.6148860 1.7633988 1.6153302 1.7866942 1.9704096 3.2893277 2.8331885 
HoiH11_mRNA5517                                              1.4866904 2.1663982 1.0593187 1.7701826 1.8131515 2.1844458 2.8689560 2.4161350 1.1793443 1.5368302 1.4775318 0.7991796 1.6177247 1.5327928 1.5036243 1.5027073 1.5568622 1.6012661 1.2486529 1.7684771 1.5375545 1.4054367 1.2690311 1.3749469 1.7414266 1.6523855 1.6618845 1.5481694 1.6775977 1.4910380 1.5743144 1.4707643 0.3225609 0.3286301 0.2076275 0.2191319 0.2135225 0.2152750 0.0000000 1.6713315 1.7793722 1.5450081 1.9504204 2.3341043 2.1181416 1.9323022 2.0143056 2.0137418 1.1638785 2.6819565 2.0353189 1.8511288 1.5001285 1.8263035 1.5904025 1.8220797 1.5876767 1.7175069 2.1985477 3.1660345 2.9314099 
Chem_TCONS_00007203                                          1.2727905 2.2096400 1.1427082 1.7766058 1.5706500 1.7116901 2.7104082 2.4462573 0.9937089 1.3691421 1.3121239 0.8210914 1.4458118 1.1848306 1.2214372 1.2259801 1.2466527 1.3121929 1.0738720 1.4428082 1.3334953 1.1826439 1.2126148 1.2591930 1.1957174 1.0630057 1.0707206 1.0452972 1.4038574 1.3207891 1.4275526 1.4245495 1.6957574 1.7119592 1.5643787 1.5878789 1.5745199 1.5690193 1.6713315 0.0000000 1.7011069 1.4377188 1.9546540 2.9048339 2.2946876 1.9688405 1.9335788 2.0050179 1.1111262 2.9326734 1.9650575 1.2570592 1.2774488 1.7458337 1.4729858 1.7495446 1.5450099 1.5065257 1.7148686 3.0336882 2.6151775 
Mlei_ML0463.g36.i1                                           1.5109347 1.8201768 1.2383302 1.6060359 1.0763351 1.7027467 2.4204979 1.9846499 1.2987891 1.6625507 1.5835882 1.1464693 1.5921768 1.5295157 1.4373138 1.4176591 1.5245436 1.4622853 1.5432939 1.7288030 1.5241772 1.6389204 1.6907187 1.5068001 1.8725779 1.5468622 1.5365463 1.5985310 1.5968219 1.7811058 1.5397135 1.7132609 1.9294793 1.9656035 1.8713653 1.8682543 1.9365314 1.9325412 1.7793722 1.7011069 0.0000000 0.2732888 0.3483157 0.2096837 0.1282822 0.2448261 0.3694955 0.3423156 0.4474485 0.4013363 0.3487648 1.8163391 1.9684446 1.9465215 1.7142887 1.8788393 1.8212175 2.3207034 1.5073090 3.4997417 2.7296436 
Drygla_Dgla_sb311240                                         1.2193562 1.8620520 0.0000010 1.5276525 0.0000010 1.7173887 7.3125856 9.0000000 2.0069623 1.3618213 1.4783703 1.1034009 1.5749889 1.3231512 1.2572052 1.2163502 1.4244034 1.4361263 1.2585118 1.3474406 1.2545642 1.2589442 1.4279994 1.3620497 1.4175818 1.5545811 1.3308366 1.4806878 1.2446120 1.5326937 1.2048063 1.4090862 1.7645795 1.9257276 1.6549931 1.6654826 1.5896550 1.6341237 1.5450081 1.4377188 0.2732888 0.0000000 0.3337069 0.0000010 0.0000010 0.2809699 0.3903792 0.3369799 0.5980303 2.0561191 0.0000010 1.6066357 1.7142576 1.8421132 1.4622761 1.8007410 2.1999223 1.5438427 0.9590333 5.4183154 3.7551679 
Horcal_Hcv1.av93.c5.g1063.i1                                 1.6604302 2.4509240 1.2404777 1.9774977 1.7734042 2.1654141 2.8329367 2.5075242 1.1889717 1.7613905 1.7541482 1.2117643 1.8025061 1.7532315 1.7052685 1.7284995 1.8301140 1.8813604 1.5043483 1.9847621 1.9123274 1.7018689 1.8444110 1.7792301 2.2654101 1.8940620 1.8264107 1.8387726 1.7800789 1.9432790 1.7631073 1.9086516 2.1280843 2.1601726 1.9784504 1.9935996 2.0151361 1.9985954 1.9504204 1.9546540 0.3483157 0.3337069 0.0000000 0.4299832 0.3113881 0.3157571 0.3966348 0.3873328 0.5160535 0.0601141 0.4338921 2.0307835 1.9656842 2.2544068 1.8587530 2.1058119 2.0259704 1.9878105 2.2084714 3.7721388 2.9380013 
Bolinf_Binf_sb1190731                                        2.2528364 2.7226882 1.3762211 2.2315589 2.1522734 2.1092539 2.4628708 2.4671531 1.0383902 2.4631358 2.5426689 0.0000010 2.3123148 2.2100343 2.2740000 2.3522256 2.2578436 2.3089155 1.3015869 2.9048843 2.4570148 2.1494906 9.0000000 2.5037231 4.9799098 2.7054990 2.5393173 2.3029324 2.2688689 2.6747144 2.4497230 3.0016753 2.5446361 2.5609127 2.2829109 2.3290324 2.3791899 2.3690783 2.3341043 2.9048339 0.2096837 0.0000010 0.4299832 0.0000000 0.0000010 0.2856077 0.3080764 0.3601264 0.0000010 0.3995702 0.3696479 2.9904681 2.2120432 8.9999981 2.8450888 4.1773790 2.9186479 0.0000010 2.3707230 8.9999990 5.0171426 
Mertsp_Mesp_sb565767                                         1.7252960 2.2465544 1.3730016 1.8568177 1.7593991 1.8297045 2.3811207 2.4660283 1.1691032 1.9689770 1.9408435 0.0000010 1.9374864 1.8349684 1.8538721 1.8939204 1.9001835 1.9143229 1.3955717 2.1799340 2.0798989 1.8990025 1.9821406 2.0004658 2.5083589 2.1429383 2.0731553 1.9230804 1.9807364 2.1071078 1.8914477 2.2152300 2.2996078 2.3101533 2.1058029 2.1193614 2.1896445 2.1831456 2.1181416 2.2946876 0.1282822 0.0000010 0.3113881 0.0000010 0.0000000 0.2043433 0.2278345 0.2572998 0.0000010 0.3936725 0.3679902 2.5073415 2.2120432 3.0859730 2.3094446 2.3623688 2.2230019 2.4628153 2.4397023 4.2437707 3.1305312 
Beraby_Baby_sb346930                                         1.6942028 2.4931333 1.2254238 1.9300169 1.8533541 2.1519035 2.7763153 2.5662562 1.1978362 1.7756043 1.8256660 1.1488870 1.8375416 1.7700951 1.7768029 1.7790561 1.8337446 1.8894473 1.5494058 2.0572559 1.7914225 1.7159246 1.7260451 1.7598131 2.2881695 1.9182607 1.8767657 1.8299594 1.8327982 2.0066864 1.7287739 1.9903143 2.0861873 2.1371291 1.9877988 1.9948080 2.0324128 2.0260773 1.9323022 1.9688405 0.2448261 0.2809699 0.3157571 0.2856077 0.2043433 0.0000000 0.3509071 0.3010125 0.4615022 0.4889983 0.4487317 2.0622904 1.8336721 2.2329750 1.8253678 2.0496508 2.1188778 2.0607223 2.4442726 4.1395569 3.0824543 
Coemet_Cmet_scaffold21169_01                                 1.6092648 2.5203835 1.3408164 1.9721579 1.7486827 2.0374580 2.8505656 2.4873738 1.1474728 1.7673816 1.8078126 1.1288681 1.7311988 1.7316396 1.7313481 1.7308509 1.8700843 1.8906794 1.5029934 2.0036622 1.8238699 1.7252064 1.6944007 1.7146630 2.2273381 1.9353823 1.8433092 1.8921037 1.7958147 1.9351029 1.6949671 1.9260707 2.0631551 2.1232556 1.9790561 2.0214059 2.0762214 2.0665612 2.0143056 1.9335788 0.3694955 0.3903792 0.3966348 0.3080764 0.2278345 0.3509071 0.0000000 0.2884931 0.2401024 0.5477041 0.4154404 2.0413893 1.8163578 2.0992585 1.8429318 2.0190433 2.1247013 2.0179021 2.2663665 4.1748300 3.1113627 
Lampan_Lpan_13476_01                                         1.6304884 2.5903499 1.3464773 2.0211828 1.9069556 2.3116098 3.0406669 2.6883966 1.3803187 1.8060814 1.8847595 1.0669416 1.8294563 1.7774969 1.7476229 1.7488947 1.8692181 1.9106694 1.6104883 2.0816176 1.8536979 1.8253502 1.6633491 1.7727372 2.2107240 1.8370902 1.8298787 1.8269831 1.8104735 2.0287439 1.7795484 1.9807801 2.1374898 2.1996609 2.0065796 2.0359217 2.0678908 2.0581147 2.0137418 2.0050179 0.3423156 0.3369799 0.3873328 0.3601264 0.2572998 0.3010125 0.2884931 0.0000000 0.3243388 0.5596801 0.4618951 2.1141993 1.8476462 2.0782336 1.9363134 1.9476235 2.0697203 1.9261388 2.5660320 4.0663480 3.2118584 
Vmul_sbMO431226                                              0.9984871 0.0000010 0.0000010 0.0000010 0.0000010 0.0000010 8.2570034 3.8688094 0.0000010 1.2757912 1.0230279 1.2656487 1.3391774 1.3413132 1.4277319 1.4049317 1.4072096 1.3576742 1.8033413 1.5652167 0.9868834 1.1929417 1.0470025 1.1098795 1.6681598 1.1854222 1.2093515 1.3162102 1.0566691 1.4414315 1.2672185 1.5190067 1.0713087 1.0938242 1.0923345 1.0761999 1.1340501 1.1345066 1.1638785 1.1111262 0.4474485 0.5980303 0.5160535 0.0000010 0.0000010 0.4615022 0.2401024 0.3243388 0.0000000 0.0000010 0.0000010 1.0541854 1.3302336 1.3053101 1.0048592 1.2155315 1.3026294 1.3810107 1.5976278 6.8346456 2.1418648 
Pbac_sb2656733                                               2.2084708 2.5481510 1.3277688 2.0727383 2.0953382 2.3748916 2.3931477 2.3804001 1.1079048 2.2978935 2.5413349 1.0024045 2.3452293 2.5124338 2.5045977 2.5811914 2.5882598 2.6946892 1.6392608 3.0985589 2.7605551 2.1603570 6.7359455 2.8418640 4.5519223 2.8268374 2.7272443 2.4769875 2.6836112 2.8948898 2.5330732 2.7606541 2.7824281 2.7501824 2.4598235 2.5093114 2.5179939 2.5014910 2.6819565 2.9326734 0.4013363 2.0561191 0.0601141 0.3995702 0.3936725 0.4889983 0.5477041 0.5596801 0.0000010 0.0000000 0.4811308 3.3000027 3.9207818 8.3312080 2.5681178 4.0462600 2.8782005 2.9856183 2.3632820 8.9999989 4.7132621 
Eupdun_Edun_sb10635137                                       1.5535734 1.5503167 1.2221843 1.3545781 1.4412087 1.3757193 1.6168860 1.5772195 0.9661758 1.4048504 1.5777511 0.0000010 1.3357776 1.3836497 1.3910385 1.4327242 1.2966597 1.3942090 1.1865194 1.7550329 1.7319919 1.6302871 9.0000000 1.7519557 2.3516208 1.6590740 1.6356791 1.5829311 1.9198967 1.5417583 1.5491795 1.7398481 1.8791389 1.8867979 2.0699484 2.0512440 2.1994885 2.1994885 2.0353189 1.9650575 0.3487648 0.0000010 0.4338921 0.3696479 0.3679902 0.4487317 0.4154404 0.4618951 0.0000010 0.4811308 0.0000000 2.0878171 2.2120432 0.0000010 1.7210812 2.9635391 1.8832148 0.0000010 1.7603897 9.0000000 3.2389386 
Morvir_scaffold22.g96.t2                                     1.4516813 2.5765995 1.6727619 1.8476830 1.8365723 1.9802650 3.0030636 2.9566531 1.5347856 1.6258551 1.4059880 0.6446690 1.5016998 1.3184283 1.2975215 1.3298656 1.3776399 1.3901068 1.2431314 1.4872097 1.4847711 1.2820562 1.2658806 1.3667206 1.2430126 1.2789276 1.2181280 1.1663809 1.5221781 1.4703358 1.5314492 1.5764339 1.8269130 1.8849388 1.8303361 1.7943861 1.7847731 1.7934871 1.8511288 1.2570592 1.8163391 1.6066357 2.0307835 2.9904681 2.5073415 2.0622904 2.0413893 2.1141993 1.0541854 3.3000027 2.0878171 0.0000000 1.4805851 1.7401338 1.6391742 1.6460619 1.7675374 1.7311495 1.8094487 3.2574256 2.8945230 
Aque_Aqu2.1.29015_001                                        1.2603427 2.4954220 2.4522004 1.6275775 1.6619062 2.2930067 4.6520022 1.8224180 1.7828792 1.3578847 1.2330632 0.8283158 1.2896763 1.4074214 1.3724078 1.3474284 1.4284691 1.4089801 1.4313591 1.9122828 1.4597766 1.4656198 1.0181161 1.4667382 1.4864096 1.2902553 1.2935803 1.2118860 1.4769191 1.4671799 1.3081254 1.5550036 1.6360476 1.7081408 1.5758871 1.6327918 1.5621415 1.5641375 1.5001285 1.2774488 1.9684446 1.7142576 1.9656842 2.2120432 2.2120432 1.8336721 1.8163578 1.8476462 1.3302336 3.9207818 2.2120432 1.4805851 0.0000000 0.5033978 1.2123548 0.8378854 1.5361912 1.7646393 1.6364238 2.8681588 2.7860956 
Halamb_c45308_g1_i1m.18755                                   1.6345917 2.3784466 0.0000010 1.5064909 1.6128919 2.3928672 3.9349701 3.3253724 1.5511705 1.7302863 1.6280721 0.8736578 1.6367887 1.6569065 1.7113284 1.7010837 1.7322182 1.7729437 1.5239025 2.0861531 1.8641549 1.6826351 1.2222687 1.5645973 1.9223680 1.7395543 1.7360697 1.7120125 1.7363943 1.7390479 1.5946791 1.7664307 1.8973340 1.9912634 1.8456942 1.8680963 1.8543734 1.8378627 1.8263035 1.7458337 1.9465215 1.8421132 2.2544068 8.9999981 3.0859730 2.2329750 2.0992585 2.0782336 1.3053101 8.3312080 0.0000010 1.7401338 0.5033978 0.0000000 1.7148022 0.9296352 1.7793385 1.8333111 3.5611409 3.0343837 2.8854255 
Ctel_gnl_WGS_AMQN_CAPTEDRAFT_mRNA117244                      1.3084369 1.9919424 1.3829619 1.6699039 1.7457681 1.7983530 2.7178297 2.2964536 1.0379518 1.1703382 1.1333277 0.7132196 1.3245981 1.1731349 1.1102602 1.1345702 1.2088384 1.2584074 1.0713748 1.3446981 1.3535427 1.2299542 1.1793322 1.2283348 1.4866037 1.2510334 1.2675233 1.3707057 1.4352525 1.0325597 1.1625265 1.1576377 1.6381439 1.6427767 1.5816215 1.5817665 1.5978977 1.6148860 1.5904025 1.4729858 1.7142887 1.4622761 1.8587530 2.8450888 2.3094446 1.8253678 1.8429318 1.9363134 1.0048592 2.5681178 1.7210812 1.6391742 1.2123548 1.7148022 0.0000000 1.6353427 1.3153914 1.3336025 1.9699886 3.1263127 2.4852746 
Xestes_snap_masked-XT_scaffold5497-processed-gene-0.6-mRNA-1 1.5277144 2.1050132 1.5466767 1.1227964 1.2316547 1.8483278 3.1209564 2.7818681 2.4643664 1.4252994 1.4010719 0.8986205 1.5512135 1.4657190 1.5930317 1.5435597 1.6449592 1.6745528 1.2482418 1.7468600 1.5417687 1.4558615 1.1539416 1.3604522 1.8995503 1.6452426 1.6832959 1.7317772 1.5057384 1.5902847 1.4670182 1.7084115 1.8465349 1.8789428 1.7326323 1.7561587 1.7652689 1.7633988 1.8220797 1.7495446 1.8788393 1.8007410 2.1058119 4.1773790 2.3623688 2.0496508 2.0190433 1.9476235 1.2155315 4.0462600 2.9635391 1.6460619 0.8378854 0.9296352 1.6353427 0.0000000 1.8194257 1.7622074 1.5556817 3.0744840 2.8168661 
Dpul_mRNA15668                                               1.4174729 2.1892008 1.5109659 1.8315876 1.6880383 2.0619366 2.5042242 2.3073231 1.1435624 1.4160118 1.4030886 0.7270234 1.5448521 1.3431145 1.3015730 1.2892708 1.3828273 1.3974665 1.2302827 1.4678476 1.4791448 1.4027739 1.3188456 1.4771354 1.4507157 1.4764116 1.4710615 1.4423098 1.5916350 1.2846069 1.2276119 1.3374515 1.6179093 1.6129812 1.5734429 1.5896577 1.6053936 1.6153302 1.5876767 1.5450099 1.8212175 2.1999223 2.0259704 2.9186479 2.2230019 2.1188778 2.1247013 2.0697203 1.3026294 2.8782005 1.8832148 1.7675374 1.5361912 1.7793385 1.3153914 1.8194257 0.0000000 1.8159686 2.1480996 2.4468726 2.3092187 
Gracom_Gcom_C549856_01                                       1.6915898 2.4777905 0.0000010 2.3596886 1.2372702 2.8015172 1.8389109 0.4435676 1.2087976 1.4090665 1.5697348 0.8880564 1.4385432 1.5206358 1.4190941 1.3995751 1.4270721 1.5322327 1.3418914 1.8973207 1.4835855 1.5109084 1.4325413 1.5455878 2.0664084 1.5292012 1.7073805 1.6680892 1.5945648 1.5519849 1.6007772 1.5164645 1.7237880 1.7727308 1.8642397 1.8472652 1.7578018 1.7866942 1.7175069 1.5065257 2.3207034 1.5438427 1.9878105 0.0000010 2.4628153 2.0607223 2.0179021 1.9261388 1.3810107 2.9856183 0.0000010 1.7311495 1.7646393 1.8333111 1.3336025 1.7622074 1.8159686 0.0000000 1.1534434 0.7976386 2.9408259 
Skow_XM_006814441.1                                          1.4796182 1.8740132 1.4440852 1.5659447 1.8569509 1.7711578 2.0891325 2.1762220 1.1680483 1.3540296 1.4998535 2.0072076 1.7511849 1.6174843 1.4071583 1.5516704 1.4685080 1.4036558 1.3611893 1.6410750 1.8499969 1.3611563 2.0014697 1.6661855 2.1859361 1.8867172 1.8479453 1.8469056 1.7745694 1.5796936 1.6796125 1.6459852 2.2931819 2.2346816 2.1205134 2.1660770 1.9900298 1.9704096 2.1985477 1.7148686 1.5073090 0.9590333 2.2084714 2.3707230 2.4397023 2.4442726 2.2663665 2.5660320 1.5976278 2.3632820 1.7603897 1.8094487 1.6364238 3.5611409 1.9699886 1.5556817 2.1480996 1.1534434 0.0000000 3.3317201 3.4113171 
