26
Bralan_BLAG08000074_1       0.0000000 3.0098191 2.5010277 3.3559966 4.2308514 4.1548835 3.9366596 3.7288125 3.5541474 3.7982952 3.8304088 3.3268686 4.3039114 3.5282712 3.5572955 4.0414794 3.5069335 3.9853284 3.5926561 3.2899592 2.9160434 5.2214599 4.9486037 4.2725706 3.0470428 4.6887386 
Cgig_XM_011449657.3         3.0098191 0.0000000 2.5009825 2.9679652 3.4353156 3.5283253 3.9479813 3.7548875 3.5556527 3.7394046 3.4861384 3.5614396 5.6773097 3.6906177 3.8069756 4.8064429 4.3579108 4.9866166 4.4786870 4.0447184 2.5541431 3.3129746 3.7218347 3.3484631 4.0413412 3.7515998 
Dgig_XM_028550296.1         2.5010277 2.5009825 0.0000000 1.8913662 3.2845366 3.1359937 4.1834064 3.5866431 2.9839134 3.1622231 3.9776334 4.3373952 3.8318673 3.4606284 3.6019024 3.3091344 3.0492134 3.9588458 3.2582300 3.6233031 3.2771104 3.4793463 4.2478730 2.9619011 3.1975368 3.6098605 
Xesp_002504-T1              3.3559966 2.9679652 1.8913662 0.0000000 3.9374690 3.9152423 4.7641474 4.4463665 4.1330152 4.4564059 4.8924104 3.9153452 4.5656295 3.8213597 3.7109193 3.7399482 3.4075047 4.2254969 3.6336383 3.6961955 3.3076043 3.7194099 3.8397510 3.4233348 4.3447065 3.7200789 
Tadh_TriadT58386            4.2308514 3.4353156 3.2845366 3.9374690 0.0000000 0.0168181 1.5665227 1.3015387 1.3245465 1.2782995 4.6753628 4.1800151 5.2724162 5.1908346 4.8182021 5.6397781 5.5918784 6.4242992 5.1745347 5.4262920 4.1407699 3.8559546 4.9220348 4.2754637 4.5259591 5.5260949 
TrH2_TrispH2_002909-RA      4.1548835 3.5283253 3.1359937 3.9152423 0.0168181 0.0000000 1.5691872 1.2998122 1.2697809 1.2724052 4.6187339 4.2170355 5.5768988 5.2240060 4.8349485 5.6113541 5.5429008 6.4796233 5.1491869 5.3993315 4.2317598 3.8531522 5.2649725 4.2009963 4.6040229 5.4800317 
HoiH06_mRNA6108             3.9366596 3.9479813 4.1834064 4.7641474 1.5665227 1.5691872 0.0000000 0.1887024 0.5317287 0.5329643 4.8529436 3.0919111 5.2041259 5.3888936 5.0203036 5.4544837 5.4529153 4.0394509 3.5952487 5.8174396 3.7702286 4.3498079 5.0814519 4.7021555 4.0265703 5.3128997 
HoiH23_PlH23_007194-RA      3.7288125 3.7548875 3.5866431 4.4463665 1.3015387 1.2998122 0.1887024 0.0000000 0.3801462 0.3799586 4.6255447 3.5238754 4.5285205 5.1368286 4.8857848 6.4362058 5.1344715 5.4761087 4.2746735 5.0261313 3.6614384 4.1956462 5.3864665 4.6521406 3.9559003 5.1323529 
Hhon_g06678.t1              3.5541474 3.5556527 2.9839134 4.1330152 1.3245465 1.2697809 0.5317287 0.3801462 0.0000000 0.0210484 5.0472677 3.5813918 4.5688016 4.1956682 4.0889275 6.0498218 5.1501394 6.1015873 5.1195094 5.1712525 3.8726548 4.2502279 5.3054454 4.6318063 3.3440927 4.6492070 
HoiH04_mRNA16695            3.7982952 3.7394046 3.1622231 4.4564059 1.2782995 1.2724052 0.5329643 0.3799586 0.0210484 0.0000000 5.3906290 3.7710241 4.4335951 4.5165297 4.3974493 6.2638073 5.1892420 6.4670268 5.2537272 5.5330995 4.1999130 4.4836143 5.8968951 4.8418922 3.5868303 4.9187170 
Lcom_lcpid60448             3.8304088 3.4861384 3.9776334 4.8924104 4.6753628 4.6187339 4.8529436 4.6255447 5.0472677 5.3906290 0.0000000 3.0940983 2.5616903 4.5565146 4.3671244 4.9731180 4.7156189 4.8511988 4.4167874 2.8163373 3.2951447 4.8894021 5.1104752 5.2929886 3.7425157 4.8190399 
Gracom_Gcom_scaffold6726_01 3.3268686 3.5614396 4.3373952 3.9153452 4.1800151 4.2170355 3.0919111 3.5238754 3.5813918 3.7710241 3.0940983 0.0000000 2.4360016 3.3849439 3.5758874 8.3103284 4.7768416 6.7052986 4.7295972 2.8036579 4.2275245 2.7513885 4.2801765 3.5533442 4.9338918 4.5970810 
Leuniv_Lniv_C789342_01      4.3039114 5.6773097 3.8318673 4.5656295 5.2724162 5.5768988 5.2041259 4.5285205 4.5688016 4.4335951 2.5616903 2.4360016 0.0000000 3.2425144 3.4500177 5.1335794 4.2153943 6.2439568 5.1167654 3.5745373 3.6828757 4.3729167 5.4779825 5.6098776 5.1177160 5.8021928 
Adig_XM_015924703.1         3.5282712 3.6906177 3.4606284 3.8213597 5.1908346 5.2240060 5.3888936 5.1368286 4.1956682 4.5165297 4.5565146 3.3849439 3.2425144 0.0000000 0.0774398 2.8934379 2.3236560 2.4965550 2.2382771 4.4120127 2.9448858 3.8161036 4.4269039 3.5966048 5.0264276 4.2165344 
Amil_Amillepora14604-RA     3.5572955 3.8069756 3.6019024 3.7109193 4.8182021 4.8349485 5.0203036 4.8857848 4.0889275 4.3974493 4.3671244 3.5758874 3.4500177 0.0774398 0.0000000 2.9948955 2.3907935 2.6723345 2.4570032 4.3548608 2.9876776 3.6690213 4.4165862 3.5467907 4.7854508 4.2480068 
Fspp_ffun1.m4.10950.m1      4.0414794 4.8064429 3.3091344 3.7399482 5.6397781 5.6113541 5.4544837 6.4362058 6.0498218 6.2638073 4.9731180 8.3103284 5.1335794 2.8934379 2.9948955 0.0000000 0.8806992 1.2686325 1.2190359 4.4552817 3.3606162 4.8192177 4.9278440 3.7888459 4.7284162 4.9444438 
Gasp_gasp1.m3.8327.m1       3.5069335 4.3579108 3.0492134 3.4075047 5.5918784 5.5429008 5.4529153 5.1344715 5.1501394 5.1892420 4.7156189 4.7768416 4.2153943 2.3236560 2.3907935 0.8806992 0.0000000 1.3325055 1.3581247 3.9927791 3.4604647 3.9418706 4.8396596 3.9568429 4.5670952 4.7302053 
Spis_XP_022800663_1         3.9853284 4.9866166 3.9588458 4.2254969 6.4242992 6.4796233 4.0394509 5.4761087 6.1015873 6.4670268 4.8511988 6.7052986 6.2439568 2.4965550 2.6723345 1.2686325 1.3325055 0.0000000 0.4281343 4.3122947 3.6446838 5.4229801 4.8389020 5.1582735 5.1031074 5.0869980 
Pocdam_XM_027185898.1       3.5926561 4.4786870 3.2582300 3.6336383 5.1745347 5.1491869 3.5952487 4.2746735 5.1195094 5.2537272 4.4167874 4.7295972 5.1167654 2.2382771 2.4570032 1.2190359 1.3581247 0.4281343 0.0000000 4.0202314 2.5193499 4.7133363 5.0171717 3.6954608 4.8065793 5.3051137 
Clacor_Ccor_C529309_01      3.2899592 4.0447184 3.6233031 3.6961955 5.4262920 5.3993315 5.8174396 5.0261313 5.1712525 5.5330995 2.8163373 2.8036579 3.5745373 4.4120127 4.3548608 4.4552817 3.9927791 4.3122947 4.0202314 0.0000000 4.0363315 3.6989243 4.4089163 3.4628129 4.9629718 4.7342620 
Acagra_model.g29785.t1      2.9160434 2.5541431 3.2771104 3.3076043 4.1407699 4.2317598 3.7702286 3.6614384 3.8726548 4.1999130 3.2951447 4.2275245 3.6828757 2.9448858 2.9876776 3.3606162 3.4604647 3.6446838 2.5193499 4.0363315 0.0000000 3.3400330 3.0791226 3.1583718 3.1159329 3.5050505 
Aaur_scaffold4.g48.t1       5.2214599 3.3129746 3.4793463 3.7194099 3.8559546 3.8531522 4.3498079 4.1956462 4.2502279 4.4836143 4.8894021 2.7513885 4.3729167 3.8161036 3.6690213 4.8192177 3.9418706 5.4229801 4.7133363 3.6989243 3.3400330 0.0000000 2.0610458 1.6661534 4.9843843 3.9442376 
Nemnom_g10506.t1            4.9486037 3.7218347 4.2478730 3.8397510 4.9220348 5.2649725 5.0814519 5.3864665 5.3054454 5.8968951 5.1104752 4.2801765 5.4779825 4.4269039 4.4165862 4.9278440 4.8396596 4.8389020 5.0171717 4.4089163 3.0791226 2.0610458 0.0000000 1.2659536 6.9898285 4.1967047 
Rhoesc_Res_015091-T1        4.2725706 3.3484631 2.9619011 3.4233348 4.2754637 4.2009963 4.7021555 4.6521406 4.6318063 4.8418922 5.2929886 3.5533442 5.6098776 3.5966048 3.5467907 3.7888459 3.9568429 5.1582735 3.6954608 3.4628129 3.1583718 1.6661534 1.2659536 0.0000000 5.1168770 4.2976947 
Skow_XM_002731776.2         3.0470428 4.0413412 3.1975368 4.3447065 4.5259591 4.6040229 4.0265703 3.9559003 3.3440927 3.5868303 3.7425157 4.9338918 5.1177160 5.0264276 4.7854508 4.7284162 4.5670952 5.1031074 4.8065793 4.9629718 3.1159329 4.9843843 6.9898285 5.1168770 0.0000000 5.0051202 
Morvir_scaffold270.g5.t1    4.6887386 3.7515998 3.6098605 3.7200789 5.5260949 5.4800317 5.3128997 5.1323529 4.6492070 4.9187170 4.8190399 4.5970810 5.8021928 4.2165344 4.2480068 4.9444438 4.7302053 5.0869980 5.3051137 4.7342620 3.5050505 3.9442376 4.1967047 4.2976947 5.0051202 0.0000000 
