26
Hsap_ENST00000355497                    0.0000000 1.5212394 1.7960460 1.3009883 1.5033172 1.5988652 1.4911035 2.2486954 1.3240965 1.9482442 1.7739661 1.8322748 1.9413607 1.9415215 2.0680690 2.5695464 2.3850330 2.2511505 1.8641696 1.5119448 1.4829576 2.5231333 2.7693395 2.0913950 2.5876185 3.1653088 
Skow_XM_002738592.2                     1.5212394 0.0000000 1.6409995 1.1976613 1.3212611 1.3656606 1.2202433 1.6989145 1.0556624 1.6703470 1.4317546 1.4574869 1.5290482 1.5762717 1.6536508 2.1008221 1.9320439 1.8068367 1.4193497 1.3469001 1.1876060 2.2384063 2.6688155 2.1115445 2.3950662 3.3349333 
Tcas_TC001291_001                       1.7960460 1.6409995 0.0000000 0.6137709 1.2758890 1.4434776 1.3610098 2.1393052 1.0834123 2.3263285 2.1819721 2.1132565 2.2897098 2.2927837 2.4172984 2.9141638 2.0820766 1.9822314 1.7365294 1.5201196 1.5701169 2.1102450 2.5822967 2.2080580 2.1170092 3.3435679 
Dpul_mRNA4645                           1.3009883 1.1976613 0.6137709 0.0000000 0.9877723 1.0746823 1.1024443 1.3118380 1.1595550 1.4098729 1.3974607 1.3550344 1.3399117 1.3841669 1.4716546 1.9270806 1.2577526 1.3107852 1.5096989 1.4386194 0.9159784 1.5055350 1.8298008 2.0016487 1.8777974 2.5145861 
Cscu_XM_023378028.1                     1.5033172 1.3212611 1.2758890 0.9877723 0.0000000 1.3548527 1.1914632 1.9487110 1.0384795 1.9770447 1.8009116 1.7383124 1.9444864 1.9361209 2.0455473 2.2947741 1.9395943 1.9170980 1.6297710 1.6342674 1.5900677 1.7972305 3.0857886 1.9454705 2.1126922 3.3025723 
Ctel_gnl_WGS_AMQN_CAPTEDRAFT_mRNA167213 1.5988652 1.3656606 1.4434776 1.0746823 1.3548527 0.0000000 1.1236988 1.6638928 1.0892254 1.6299038 1.5966189 1.6047496 1.6483364 1.6134827 1.7238085 2.0944785 1.8334542 1.6783877 1.2881450 1.4171266 1.5803771 1.8473295 2.5317655 1.8965936 1.9218901 2.9431276 
Acagra_model.g25007.t1                  1.4911035 1.2202433 1.3610098 1.1024443 1.1914632 1.1236988 0.0000000 1.6318888 0.9310506 1.6718710 1.5431743 1.5349177 1.6140460 1.6604731 1.7461709 2.1261640 1.7080102 1.7004130 1.0676743 1.3806009 1.5278454 1.5207620 2.4989446 2.1160758 2.1494760 3.0490661 
Exapal_XM_021060209.2                   2.2486954 1.6989145 2.1393052 1.3118380 1.9487110 1.6638928 1.6318888 0.0000000 0.2936223 0.5488199 0.4389447 0.3431888 0.5126154 0.4740808 0.4611354 0.7702849 0.9771308 0.9393120 1.9264413 1.8820805 2.0964527 2.7135584 2.9252704 1.8854243 2.2869481 3.1143010 
Nvec_v1g95727                           1.3240965 1.0556624 1.0834123 1.1595550 1.0384795 1.0892254 0.9310506 0.2936223 0.0000000 0.4295388 0.4295388 0.3761661 0.3777273 0.4039886 0.4666619 1.0091745 0.5619225 0.6034554 1.1892960 0.9673155 1.0382678 1.2205994 1.2240232 1.4718362 1.6084118 2.2334412 
Adig_XM_015909325.1                     1.9482442 1.6703470 2.3263285 1.4098729 1.9770447 1.6299038 1.6718710 0.5488199 0.4295388 0.0000000 0.0223189 0.1422779 0.2142314 0.1801668 0.1857166 0.4453960 0.9760624 0.9325253 1.8160271 1.7839482 2.0789316 2.0975911 2.5141000 1.8708795 2.3101337 3.2865000 
Amil_Amillepora01157-RA                 1.7739661 1.4317546 2.1819721 1.3974607 1.8009116 1.5966189 1.5431743 0.4389447 0.4295388 0.0223189 0.0000000 0.1754574 0.1592777 0.1347125 0.1802785 0.4625859 0.9249806 0.9313537 1.8114228 1.6548467 2.1094078 1.3506853 2.3358754 1.8620214 2.3872462 3.5234242 
Gfas_gfas1.m1.7720.m1                   1.8322748 1.4574869 2.1132565 1.3550344 1.7383124 1.6047496 1.5349177 0.3431888 0.3761661 0.1422779 0.1754574 0.0000000 0.1292632 0.1225583 0.1150241 0.3802443 0.7991643 0.8446121 1.7180601 1.5714203 2.1467023 1.3070297 2.4146858 1.9621992 2.1791841 3.1624136 
Gasp_gasp1.m3.30384.m1                  1.9413607 1.5290482 2.2897098 1.3399117 1.9444864 1.6483364 1.6140460 0.5126154 0.3777273 0.2142314 0.1592777 0.1292632 0.0000000 0.0876079 0.1128144 0.3217160 0.9910518 1.0069933 1.8984791 1.7970978 2.1822535 1.8060099 2.5205692 1.8731326 2.5945698 3.3433816 
Spis_XP_022794392_1                     1.9415215 1.5762717 2.2927837 1.3841669 1.9361209 1.6134827 1.6604731 0.4740808 0.4039886 0.1801668 0.1347125 0.1225583 0.0876079 0.0000000 0.0480004 0.3295258 0.9584311 0.9517736 1.8532954 1.7975874 2.1422557 2.0324741 2.5057613 1.8440849 2.5189729 3.4057702 
Pocdam_XM_027201130.1                   2.0680690 1.6536508 2.4172984 1.4716546 2.0455473 1.7238085 1.7461709 0.4611354 0.4666619 0.1857166 0.1802785 0.1150241 0.1128144 0.0480004 0.0000000 0.2938871 0.9384340 0.9083487 1.9102832 1.8625826 2.1936506 2.0693455 2.6651570 1.9818025 2.4811584 3.2594835 
Fspp_ffun1.m4.7518.m1                   2.5695464 2.1008221 2.9141638 1.9270806 2.2947741 2.0944785 2.1261640 0.7702849 1.0091745 0.4453960 0.4625859 0.3802443 0.3217160 0.3295258 0.2938871 0.0000000 1.3998447 1.3990592 2.4869085 2.3970812 3.3155638 1.7459289 3.2251985 2.5634260 2.9152216 4.1779856 
Dgig_XM_028538903.1                     2.3850330 1.9320439 2.0820766 1.2577526 1.9395943 1.8334542 1.7080102 0.9771308 0.5619225 0.9760624 0.9249806 0.7991643 0.9910518 0.9584311 0.9384340 1.3998447 0.0000000 0.3165587 1.9536356 1.9406607 2.3285815 2.2369026 3.3390617 1.8701996 2.2835714 2.9372389 
Xesp_007902-T1                          2.2511505 1.8068367 1.9822314 1.3107852 1.9170980 1.6783877 1.7004130 0.9393120 0.6034554 0.9325253 0.9313537 0.8446121 1.0069933 0.9517736 0.9083487 1.3990592 0.3165587 0.0000000 1.8880565 1.7543536 2.3580843 1.9174971 3.0946878 1.8494266 2.1898746 3.0834138 
Cgig_XM_011447863.3                     1.8641696 1.4193497 1.7365294 1.5096989 1.6297710 1.2881450 1.0676743 1.9264413 1.1892960 1.8160271 1.8114228 1.7180601 1.8984791 1.8532954 1.9102832 2.4869085 1.9536356 1.8880565 0.0000000 1.6255018 1.9921611 1.8477479 2.4848677 2.1722438 2.2678384 3.4587342 
Bralan_BLAG08000094_1                   1.5119448 1.3469001 1.5201196 1.4386194 1.6342674 1.4171266 1.3806009 1.8820805 0.9673155 1.7839482 1.6548467 1.5714203 1.7970978 1.7975874 1.8625826 2.3970812 1.9406607 1.7543536 1.6255018 0.0000000 1.7072965 2.7726394 2.7383655 2.0019490 1.8286715 2.7524598 
Spur_XM_030997944.1                     1.4829576 1.1876060 1.5701169 0.9159784 1.5900677 1.5803771 1.5278454 2.0964527 1.0382678 2.0789316 2.1094078 2.1467023 2.1822535 2.1422557 2.1936506 3.3155638 2.3285815 2.3580843 1.9921611 1.7072965 0.0000000 0.0000010 2.8640994 2.0100895 2.1535560 3.2171111 
Mlei_ML3270.g1.i1                       2.5231333 2.2384063 2.1102450 1.5055350 1.7972305 1.8473295 1.5207620 2.7135584 1.2205994 2.0975911 1.3506853 1.3070297 1.8060099 2.0324741 2.0693455 1.7459289 2.2369026 1.9174971 1.8477479 2.7726394 0.0000010 0.0000000 0.3491767 1.0246767 2.0953255 3.0703554 
Pbac_sb2656042                          2.7693395 2.6688155 2.5822967 1.8298008 3.0857886 2.5317655 2.4989446 2.9252704 1.2240232 2.5141000 2.3358754 2.4146858 2.5205692 2.5057613 2.6651570 3.2251985 3.3390617 3.0946878 2.4848677 2.7383655 2.8640994 0.3491767 0.0000000 1.1669928 2.7212251 3.4600113 
Lampan_Lpan_C386325_01                  2.0913950 2.1115445 2.2080580 2.0016487 1.9454705 1.8965936 2.1160758 1.8854243 1.4718362 1.8708795 1.8620214 1.9621992 1.8731326 1.8440849 1.9818025 2.5634260 1.8701996 1.8494266 2.1722438 2.0019490 2.0100895 1.0246767 1.1669928 0.0000000 2.2167425 2.6968919 
Opea_EP00118_Oscarella_pearsei_P015054  2.5876185 2.3950662 2.1170092 1.8777974 2.1126922 1.9218901 2.1494760 2.2869481 1.6084118 2.3101337 2.3872462 2.1791841 2.5945698 2.5189729 2.4811584 2.9152216 2.2835714 2.1898746 2.2678384 1.8286715 2.1535560 2.0953255 2.7212251 2.2167425 0.0000000 1.3881300 
Plajan_Pjan_C557793_01                  3.1653088 3.3349333 3.3435679 2.5145861 3.3025723 2.9431276 3.0490661 3.1143010 2.2334412 3.2865000 3.5234242 3.1624136 3.3433816 3.4057702 3.2594835 4.1779856 2.9372389 3.0834138 3.4587342 2.7524598 3.2171111 3.0703554 3.4600113 2.6968919 1.3881300 0.0000000 
