63
Hsap_ENST00000409031                                  0.0000000 1.6783785 1.7373518 2.1765836 1.9854384 2.1518418 2.1537375 2.3527782 2.4469249 2.4622546 2.2249389 2.0323897 2.1860893 2.1378699 2.9657208 2.2968919 2.3482636 3.1733356 3.1850455 3.1495572 2.8125374 3.8443367 3.5078287 4.0489347 3.4773379 3.1682881 3.2442198 3.5139408 3.8687952 2.7034584 2.4743352 3.1520553 2.5373382 2.7119278 2.9303022 2.6004294 3.3987394 2.0129508 2.4901692 2.3605498 2.6830690 2.8963259 2.5378193 2.8945489 2.6310539 2.6421120 2.8081526 2.3348017 2.4966581 2.7911288 3.0621822 3.0398773 3.0469242 2.6729751 2.3452142 2.5260754 2.5289608 2.5344922 2.5310377 2.5044168 2.5063145 2.4670607 3.0058824 
Bralan_BLAG16000187_1                                 1.6783785 0.0000000 1.1544335 1.7722725 1.6873847 1.7479324 1.8184137 2.0707369 2.0556496 2.0453685 1.8546602 1.7633199 2.0221060 1.9282908 2.6467807 2.1457575 1.8360118 2.6578546 2.6548151 2.5733579 2.3225090 3.5308134 2.9801454 3.6897562 2.8172983 2.6521164 2.5936871 2.8797659 3.4159317 2.3365853 2.2693740 2.7790227 2.3770633 2.2823819 2.7851567 2.2507222 2.2035134 1.5885552 2.2025884 2.1883363 2.5214577 2.7429056 2.4875651 2.6854000 2.4422178 2.3220531 2.4641013 2.4436227 2.2068582 2.4505904 2.7604247 2.5144126 2.7755818 2.4222995 2.1236480 2.4036086 2.3760342 2.4381753 2.4072199 2.4629772 2.5007908 2.4417315 2.8396276 
Skow_XM_006821040.1                                   1.7373518 1.1544335 0.0000000 1.5352329 1.5250655 1.6308611 1.7963596 1.8121737 1.9650171 2.0701428 1.7909464 1.5814083 1.7827526 1.7158227 2.1322205 2.0616182 1.7232623 2.4329731 2.7836320 2.7763058 2.2363804 3.3732784 3.0038184 3.6750077 2.6580246 2.6320362 2.6487159 2.9169131 3.3597071 2.2449228 2.1681571 2.7693571 2.3725908 2.0848092 2.6669861 2.4430236 2.1604935 1.5518799 2.3289615 2.2084989 2.6703821 2.7909900 2.6217771 2.7082445 2.1043602 2.1405307 2.4327195 2.4929520 2.1957161 2.3319244 2.6852929 2.3340109 2.7102036 2.2421015 2.0356458 2.3550349 2.3089921 2.3196127 2.3051574 2.3318808 2.3941576 2.4067611 2.6967047 
Spur_XM_030992340.1                                   2.1765836 1.7722725 1.5352329 0.0000000 1.8049763 1.9494530 2.1905457 2.2271721 2.4086403 2.3895014 2.2737010 2.0013643 2.3498496 2.2049333 2.9254587 2.4321674 2.2275009 3.1428016 3.2373532 3.2144395 2.8479228 4.1302262 3.2601844 4.2463668 3.1089349 3.1319765 3.1798499 3.4418584 4.1826174 2.7156105 2.7035202 3.1435125 2.8078385 2.7146493 3.1575685 2.9529797 2.7324062 1.9654955 2.6431963 2.5789570 2.7300004 2.9577061 2.8601988 2.9031108 2.6960307 2.7499013 2.6445674 2.6526346 2.6286839 2.7842935 2.9918937 2.8627500 2.9182913 2.8975858 2.4989633 2.8335355 2.8333076 2.8864965 2.8028320 2.8881926 2.8907779 2.8385260 3.5556908 
Cgig_XM_034480732.1                                   1.9854384 1.6873847 1.5250655 1.8049763 0.0000000 1.2098432 2.0541889 2.1229733 2.2702369 2.1970553 2.1768083 2.0224303 2.1494012 2.1018508 2.6770364 2.1891358 1.9726720 3.1569556 3.4676008 3.4163664 2.8213180 4.4555001 3.7530538 4.5700195 3.4908964 3.2518810 3.1563781 3.3624945 4.6151601 2.6990181 2.6934464 2.6590421 2.5859421 2.1917885 2.7629649 2.5985032 2.7261794 1.6496019 2.4412707 2.4817533 2.9849262 2.9773160 2.8075229 3.0314326 2.7500223 2.7351177 2.5067792 2.4245271 2.6062993 2.5822047 2.8683604 2.7418472 2.9706899 2.6003767 2.4474061 2.6100983 2.5905430 2.6244974 2.5489292 2.5514971 2.5938590 2.5964318 3.1297595 
Acagra_model.g13997.t1_model.g13998.t1                2.1518418 1.7479324 1.6308611 1.9494530 1.2098432 0.0000000 2.0817767 2.3528586 2.4456881 2.5212395 2.3788293 2.1173841 2.3650052 2.3290011 2.9805342 2.3866145 1.9920808 3.2546505 3.5620601 3.4719293 2.9904585 4.3975046 3.8513739 4.6525064 3.5130876 3.4678572 3.2120903 3.4806903 4.7556580 2.7025928 2.9617240 3.4783565 2.7353522 2.6802598 3.1216783 2.7986170 2.8247994 1.8014835 2.8096006 2.6669382 3.1821388 3.0725586 2.8647750 3.2721416 2.8926604 2.9372051 2.8003255 2.6205155 2.8470293 2.8607579 3.0343304 2.8967222 2.8953466 2.7367906 2.4544853 2.7659787 2.6744091 2.7526200 2.6639490 2.6822564 2.7392977 2.6795703 3.3601835 
Exapal_XM_021057573.2                                 2.1537375 1.8184137 1.7963596 2.1905457 2.0541889 2.0817767 0.0000000 1.0298294 1.5224614 1.5921781 1.3911316 1.3205510 1.3858950 1.3750129 1.7376249 2.5601305 2.3048885 2.9530774 2.8944043 2.7827070 2.6918548 3.2452500 2.9105630 3.5768387 2.9215293 2.7982850 3.0274269 2.9853247 3.3776066 2.4994979 2.2457360 2.5242190 2.3092593 2.4360758 2.3387648 2.2084383 2.2990078 2.0310812 2.1209335 2.0547581 2.6342674 2.8746518 2.5869166 2.8152631 2.5673809 2.4444986 2.5698273 2.6431374 2.3537018 2.6374125 2.8161864 2.6865291 3.0110823 2.3537081 2.1717447 2.4537969 2.4384005 2.4405554 2.3696048 2.4410246 2.4445039 2.4634993 2.5274046 
Nvec_v1g243970                                        2.3527782 2.0707369 1.8121737 2.2271721 2.1229733 2.3528586 1.0298294 0.0000000 1.5547239 1.6912892 1.3916615 1.3041712 1.4936246 1.4616805 1.7016379 2.4414295 2.3690678 2.9153391 2.9466307 2.8951230 2.4857077 4.1715304 3.3699224 4.0380715 3.0561172 2.9914433 2.9592957 3.2029127 3.7576495 2.5588237 2.4695862 2.6296653 2.4112978 2.2519107 2.5180977 2.3872550 2.0712722 2.0260963 2.1170383 2.1619864 2.7317963 2.7603795 2.5843458 2.8415610 2.8356645 2.5508540 2.5904628 2.8229046 2.3652942 2.4921777 2.7138239 2.5619318 2.8537985 2.5716154 2.1347001 2.7652773 2.6957412 2.7404294 2.6246395 2.7757011 2.8188706 2.7591503 2.6808986 
Adig_XM_015899403.1                                   2.4469249 2.0556496 1.9650171 2.4086403 2.2702369 2.4456881 1.5224614 1.5547239 0.0000000 0.0837242 0.4843628 0.6113905 0.7680996 0.6963096 0.7856521 2.9647905 2.3907081 3.0171267 3.0668129 2.9094747 2.4458672 3.9390326 3.2695704 3.9892422 3.2941069 2.9083463 2.8127548 3.2939456 4.2054466 2.6144244 2.6775686 3.1931394 2.5820016 2.8100363 2.8857416 2.5788654 2.0763563 2.1673600 2.2337084 2.1288205 2.9328269 3.0406805 3.0666230 2.9038696 2.9817709 2.7654191 2.6196443 2.7501590 2.4797272 2.8321853 3.1591171 2.7894379 3.4285851 2.6615966 2.3273161 2.6577387 2.5834046 2.6899802 2.6612878 2.6906643 2.7332152 2.7253641 3.2505591 
Amil_Amillepora21910-RA                               2.4622546 2.0453685 2.0701428 2.3895014 2.1970553 2.5212395 1.5921781 1.6912892 0.0837242 0.0000000 0.5441211 0.6733359 0.7982041 0.7521895 0.8413538 2.8057787 2.4902204 3.1553875 3.0952401 2.9527596 2.6102359 3.8724843 3.4076442 4.6290097 3.5229352 3.0414916 3.0680376 3.4144366 4.1519637 2.7320934 2.7176034 3.0892444 2.7652667 2.7994290 3.3617219 2.7911100 2.1399227 2.2017649 2.1122063 2.1568885 2.8210164 2.9882362 2.9217879 2.9431136 3.1659590 2.8235731 2.5292623 2.7591041 2.3646851 2.4606121 3.0167283 2.6806752 3.1495819 2.6152934 2.2073202 2.5087048 2.5241361 2.6002183 2.5682710 2.6112127 2.6531298 2.6379728 2.9735341 
Gfas_gfas1.m1.1803.m1                                 2.2249389 1.8546602 1.7909464 2.2737010 2.1768083 2.3788293 1.3911316 1.3916615 0.4843628 0.5441211 0.0000000 0.5421130 0.7134632 0.5958396 0.9178866 2.6614890 2.0608466 2.9185160 2.9683087 2.8765980 2.4050722 3.9895906 3.0526615 3.7508379 3.1921670 2.7105562 2.8071516 3.1610344 3.8847109 2.7259998 2.5629134 3.0290364 2.4827576 2.4272735 3.0573563 2.5152646 1.9824413 2.1181622 2.0265598 2.1596324 2.5272686 2.7253625 2.7694402 3.0634843 2.4392976 2.5956461 2.4951444 2.6718104 2.4827623 2.3904653 2.9745018 2.5799679 2.9597144 2.3871340 1.9195629 2.5253795 2.4605146 2.6096085 2.5404745 2.5870667 2.6068532 2.5229129 2.9234898 
Gasp_gasp1.m3.14150.m1                                2.0323897 1.7633199 1.5814083 2.0013643 2.0224303 2.1173841 1.3205510 1.3041712 0.6113905 0.6733359 0.5421130 0.0000000 0.5456206 0.4855383 0.3158003 2.4661688 2.1869201 2.6341361 2.8489999 2.7102275 2.4499403 3.4145924 2.8408653 3.3181305 2.6473261 2.4964216 2.6738562 2.6815352 4.3962768 2.3213228 2.2980566 2.9852236 2.3601732 2.5862564 2.6122502 2.4295177 2.3578146 1.8460039 1.9803154 2.0842486 2.5498395 2.5424660 2.5821657 2.7648179 2.5357270 2.6549493 2.3889106 2.6152317 2.1360084 2.4069035 2.7010215 2.5051362 2.9140841 2.3543168 2.0251728 2.1583257 2.1809726 2.1493170 2.1508941 2.1760529 2.1951227 2.2503202 2.5697339 
Spis_XP_022790636_1                                   2.1860893 2.0221060 1.7827526 2.3498496 2.1494012 2.3650052 1.3858950 1.4936246 0.7680996 0.7982041 0.7134632 0.5456206 0.0000000 0.2115665 0.7262389 2.6123750 2.3576782 2.5078437 2.7529091 2.6762044 2.3806202 3.5421671 3.0553943 3.3820892 2.7994136 2.6287822 2.7035621 2.9504358 4.2322789 2.4964479 2.3818189 2.8297371 2.4973821 2.7419160 2.8252098 2.5170817 2.3254029 2.0170999 2.0556020 2.1544027 2.5554863 2.7005795 2.6625420 2.7456203 2.8031268 2.5941578 2.5006702 2.5242543 2.2808583 2.4642321 2.7674682 2.5822174 3.0040095 2.3517058 1.9849737 2.3052117 2.2960028 2.3276101 2.3326079 2.4046287 2.4368459 2.4046404 2.9677386 
Pocdam_XM_027198032.1                                 2.1378699 1.9282908 1.7158227 2.2049333 2.1018508 2.3290011 1.3750129 1.4616805 0.6963096 0.7521895 0.5958396 0.4855383 0.2115665 0.0000000 0.5821453 2.6260014 2.2739766 2.5313981 2.7879891 2.6881468 2.3010871 3.8615882 3.1637328 3.3942859 2.8140598 2.6458775 2.6309035 2.9104507 4.1628078 2.4223479 2.3269131 2.7258801 2.4941776 2.6905152 2.7243421 2.5419498 2.2415562 2.0369018 2.0726250 2.1114652 2.4752278 2.6710016 2.6666329 2.7291730 2.6776074 2.5462106 2.4801773 2.5490849 2.2937129 2.3389885 2.7765992 2.5128330 2.9065163 2.3046052 1.9992565 2.2719202 2.2607131 2.2937880 2.2894012 2.2859762 2.3121329 2.3203289 2.9723110 
Fspp_ffun1.m4.24315.m1                                2.9657208 2.6467807 2.1322205 2.9254587 2.6770364 2.9805342 1.7376249 1.7016379 0.7856521 0.8413538 0.9178866 0.3158003 0.7262389 0.5821453 0.0000000 3.8902656 3.0095818 4.8249723 3.6599921 3.6736744 0.0000010 3.5985156 3.5985156 3.7640819 4.0433782 3.5977459 4.2290592 3.9041670 4.1525563 2.7701933 2.7082217 2.9650323 3.1492777 3.0247170 3.2778256 3.1110189 0.0000010 2.6865994 2.7340689 2.5495757 3.0802968 3.4116958 3.0474312 3.3611487 4.0314854 3.6732100 5.2442104 3.7644063 3.0781218 7.7596850 4.2463275 4.3109635 4.5747354 3.4836417 2.2495275 2.8260659 2.7817155 2.8136218 2.6814123 3.0130605 3.0713664 2.8078736 4.0397911 
Dpul_mRNA812                                          2.2968919 2.1457575 2.0616182 2.4321674 2.1891358 2.3866145 2.5601305 2.4414295 2.9647905 2.8057787 2.6614890 2.4661688 2.6123750 2.6260014 3.8902656 0.0000000 1.8741006 3.1917442 3.1919596 3.0885459 2.9053921 3.7027475 3.5050943 3.6891005 3.1245195 3.1802279 3.1648525 3.1642413 3.6525363 3.1799142 3.1044037 3.3337734 2.9932097 3.2785013 3.0481698 2.9842002 3.9099203 2.2004884 2.7207656 2.8203787 3.0955186 3.3634757 2.9770206 3.3821849 2.7446967 2.8305619 2.7330599 2.2603178 2.8337569 2.6509602 3.0532153 2.8166637 2.6903871 2.8063244 2.5101794 2.8305840 2.8183590 2.6896361 2.6682401 2.7669601 2.7580856 2.7890896 3.1494863 
Cscu_XM_023375004.1                                   2.3482636 1.8360118 1.7232623 2.2275009 1.9726720 1.9920808 2.3048885 2.3690678 2.3907081 2.4902204 2.0608466 2.1869201 2.3576782 2.2739766 3.0095818 1.8741006 0.0000000 2.9489432 3.2607581 3.2322965 3.2456159 3.9344631 3.3794399 3.6940985 3.2756849 3.1138125 2.9526158 3.3358798 3.6783075 3.0155410 2.6500306 2.8949204 2.8926225 2.6336219 3.1928940 2.8067571 2.8007614 1.8668345 2.5759582 2.6178021 2.8837640 2.9798287 2.7991065 3.1365440 2.6996408 2.8263289 2.8538038 2.2889297 2.7204140 2.7787213 2.9462664 2.8417491 2.7489969 2.8408828 2.6676159 2.5565759 2.6132932 2.7447528 2.6701743 2.7271099 2.7928550 2.7643816 3.3120234 
Mlei_ML0737.g1.i1                                     3.1733356 2.6578546 2.4329731 3.1428016 3.1569556 3.2546505 2.9530774 2.9153391 3.0171267 3.1553875 2.9185160 2.6341361 2.5078437 2.5313981 4.8249723 3.1917442 2.9489432 0.0000000 0.5412690 0.5241097 0.4950106 0.4148599 0.3089362 0.4078265 0.4232067 0.4651951 0.5493161 0.6001227 0.9631837 2.8567576 3.0465626 2.4597609 2.9808482 3.7699707 3.0718127 2.6939585 2.8434294 2.8215648 3.1240599 3.1482888 2.8139071 3.1481592 3.2956540 3.4586619 2.5282717 2.4824029 2.7929386 3.1997324 3.2084924 2.5218492 2.8158485 2.7045074 2.9719192 2.7988132 2.7630691 2.8889714 2.8507687 2.7973141 2.7670281 2.8331669 2.8308802 2.9969172 2.9067118 
Pbac_sb2641282                                        3.1850455 2.6548151 2.7836320 3.2373532 3.4676008 3.5620601 2.8944043 2.9466307 3.0668129 3.0952401 2.9683087 2.8489999 2.7529091 2.7879891 3.6599921 3.1919596 3.2607581 0.5412690 0.0000000 0.0340093 0.4913684 0.6095443 0.5118354 0.6048061 0.5489210 0.5256560 0.6334002 0.6802351 0.8591871 3.0776942 3.0539370 2.7896540 3.2303250 2.7629340 3.1296817 2.9694173 3.0876708 3.0349547 3.2418881 3.3625685 3.0360497 3.4357516 3.4534519 3.5148126 3.0423494 2.9857538 3.2694737 3.6457240 3.2653157 2.7385373 2.9133829 2.8807150 2.9148665 3.1735929 2.8826007 3.1645477 3.0940997 3.1500029 3.0713378 3.0144740 3.0206074 3.1695016 3.8145522 
Horcal_Hcv1.av93.c6.g1180.i1                          3.1495572 2.5733579 2.7763058 3.2144395 3.4163664 3.4719293 2.7827070 2.8951230 2.9094747 2.9527596 2.8765980 2.7102275 2.6762044 2.6881468 3.6736744 3.0885459 3.2322965 0.5241097 0.0340093 0.0000000 0.4046137 0.6155342 0.5093580 0.6114614 0.5469572 0.5004855 0.5730684 0.6935045 0.8820906 3.0630277 2.9951299 2.7357308 3.1694182 2.8673214 3.1020517 2.8786353 2.8325195 2.9457099 3.2150294 3.1899693 3.0389940 3.4274077 3.3962821 3.5764965 3.0079615 2.8150021 3.1621693 3.5630065 3.3139381 2.6048446 2.8506435 2.7931850 2.8372353 3.0995209 2.7695220 3.0994424 3.0369326 3.1092908 3.0142412 2.9679526 2.9572824 3.1116765 3.8447011 
Eupdun_Edun_sb10686281                                2.8125374 2.3225090 2.2363804 2.8479228 2.8213180 2.9904585 2.6918548 2.4857077 2.4458672 2.6102359 2.4050722 2.4499403 2.3806202 2.3010871 0.0000010 2.9053921 3.2456159 0.4950106 0.4913684 0.4046137 0.0000000 0.0000010 0.3620846 0.0000010 0.5089355 0.3915419 0.6047130 0.5552076 1.1333739 2.8456277 3.2585384 2.2346215 2.9149518 1.2893008 2.5652826 2.4392412 3.0008575 2.3636857 2.9536428 2.6016099 2.6429874 2.9005749 2.9464213 2.6064247 1.8070904 2.3525986 2.5930756 3.4200804 2.7389841 2.2837308 2.4719057 2.6366528 2.8071285 2.5366763 2.9052769 2.7171883 2.7561146 2.7349216 2.8190343 2.7894486 2.7127971 2.8841265 1.6690708 
Bolinf_Binf_sb1194340                                 3.8443367 3.5308134 3.3732784 4.1302262 4.4555001 4.3975046 3.2452500 4.1715304 3.9390326 3.8724843 3.9895906 3.4145924 3.5421671 3.8615882 3.5985156 3.7027475 3.9344631 0.4148599 0.6095443 0.6155342 0.0000010 0.0000000 0.0034557 0.3523302 0.4116964 0.4556250 0.6191091 0.6969831 0.6789052 3.4004806 3.4349931 2.7056500 3.5403383 2.9556969 3.8446728 3.8697062 0.0000010 3.7512454 3.8778137 4.4848398 4.0218609 4.6086145 3.9185537 4.8485064 3.8691904 3.6401645 4.5800324 4.1176974 3.8209654 4.5062317 4.2771997 3.8398077 3.5343649 3.9447002 4.7968392 3.8680028 3.8811124 3.8321164 3.8435679 3.9516974 3.9216601 4.0740204 4.4779022 
Mertsp_Mesp_sb571700                                  3.5078287 2.9801454 3.0038184 3.2601844 3.7530538 3.8513739 2.9105630 3.3699224 3.2695704 3.4076442 3.0526615 2.8408653 3.0553943 3.1637328 3.5985156 3.5050943 3.3794399 0.3089362 0.5118354 0.5093580 0.3620846 0.0034557 0.0000000 0.3589652 0.3911435 0.4113968 0.5271870 0.5705419 0.6789052 3.1461031 3.0820692 2.7056500 3.2648653 2.7151492 3.5775137 3.2877749 3.5987479 3.1532942 3.2843960 3.6600361 2.8894762 3.5501037 3.4516934 4.0838869 2.8367588 2.7921264 3.0932688 3.8224053 3.1780279 3.1312088 3.5022582 3.0586708 2.8099633 3.2487909 2.7878940 3.2386595 3.1446292 3.1540005 3.1617299 3.2193176 3.2052587 3.2391694 3.5860598 
Beraby_Baby_sb336347                                  4.0489347 3.6897562 3.6750077 4.2463668 4.5700195 4.6525064 3.5768387 4.0380715 3.9892422 4.6290097 3.7508379 3.3181305 3.3820892 3.3942859 3.7640819 3.6891005 3.6940985 0.4078265 0.6048061 0.6114614 0.0000010 0.3523302 0.3589652 0.0000000 0.4204429 0.5264468 0.5992179 0.6722587 0.7283754 3.4370194 3.6350359 2.9692866 3.8060216 2.8361804 3.7072641 4.1584980 0.0000010 4.1533170 4.3195382 4.5890707 3.5010986 4.4236592 3.9446624 4.7933242 3.4977772 3.3517227 4.9758455 4.3141881 4.0660065 5.1756463 4.6776481 4.2922339 3.8671452 4.1566269 3.4279907 3.6230441 3.5937302 3.4067649 3.4892432 3.5749718 3.5516035 3.7392667 4.2469269 
Drygla_Dgla_sb295691                                  3.4773379 2.8172983 2.6580246 3.1089349 3.4908964 3.5130876 2.9215293 3.0561172 3.2941069 3.5229352 3.1921670 2.6473261 2.7994136 2.8140598 4.0433782 3.1245195 3.2756849 0.4232067 0.5489210 0.5469572 0.5089355 0.4116964 0.3911435 0.4204429 0.0000000 0.5359919 0.6296692 0.6811498 0.7742245 2.8601728 2.9799513 2.7599343 3.0726079 3.0404514 3.0782553 2.9851172 3.2039323 3.1885954 3.2259004 3.3440990 2.8592498 3.2432491 3.0860456 3.7483178 2.7838444 2.8882639 3.4160706 3.4737180 3.1381926 2.9831273 3.3116865 2.9329582 2.7093950 3.1693103 2.7968100 3.0342655 2.9038336 2.7884750 2.7482131 2.8004537 2.7902335 2.9732122 3.6433330 
Lampan_Lpan_2302_01                                   3.1682881 2.6521164 2.6320362 3.1319765 3.2518810 3.4678572 2.7982850 2.9914433 2.9083463 3.0414916 2.7105562 2.4964216 2.6287822 2.6458775 3.5977459 3.1802279 3.1138125 0.4651951 0.5256560 0.5004855 0.3915419 0.4556250 0.4113968 0.5264468 0.5359919 0.0000000 0.4349016 0.5696388 0.5848448 2.7809127 2.9956866 2.5757987 3.0729115 2.6934977 3.1710784 2.7970899 2.8618837 2.8976028 2.9017690 2.9633832 2.8364970 3.2645195 3.2834451 3.5806371 2.9113929 2.7559176 3.0126708 3.3752090 3.1366991 2.7939563 3.0848258 2.9507918 3.2018864 2.9679460 2.8776762 2.9660597 2.9530772 3.0045274 2.9916927 2.9942409 2.9912853 3.1011805 3.1508153 
Coemet_Cmet_scaffold3627_01                           3.2442198 2.5936871 2.6487159 3.1798499 3.1563781 3.2120903 3.0274269 2.9592957 2.8127548 3.0680376 2.8071516 2.6738562 2.7035621 2.6309035 4.2290592 3.1648525 2.9526158 0.5493161 0.6334002 0.5730684 0.6047130 0.6191091 0.5271870 0.5992179 0.6296692 0.4349016 0.0000000 0.3997964 0.0175403 2.9528638 3.1287744 3.5800095 2.9476760 2.3615580 2.8648288 2.6382640 3.0870538 2.7219997 3.0318919 3.0078003 3.0383625 3.2607056 3.2875892 3.4759488 2.4113795 2.5329055 2.9175497 3.2261410 3.3116989 2.7296087 2.8828664 3.0994515 3.2966383 2.8856512 3.0529899 3.0757255 3.0128601 2.9055424 2.9640467 3.0721733 3.0321703 3.0482655 3.2448451 
Vmul_Simscaffold3828_01                               3.5139408 2.8797659 2.9169131 3.4418584 3.3624945 3.4806903 2.9853247 3.2029127 3.2939456 3.4144366 3.1610344 2.6815352 2.9504358 2.9104507 3.9041670 3.1642413 3.3358798 0.6001227 0.6802351 0.6935045 0.5552076 0.6969831 0.5705419 0.6722587 0.6811498 0.5696388 0.3997964 0.0000000 0.5300856 2.9078409 2.9306530 3.0588894 3.0586540 2.8441510 3.2766448 3.1178210 4.0641814 3.3147437 3.1912717 3.4236706 3.0664552 3.3592344 3.3848660 3.9046583 2.8048323 2.8627211 3.4551824 3.2958871 2.9717203 3.0181226 3.5098999 3.2781294 2.9811603 3.2539239 2.9642563 3.0541550 3.0190311 3.0622383 2.9591090 2.9749185 2.9643737 3.1241473 3.4821117 
Coeast_Cast_sb777799                                  3.8687952 3.4159317 3.3597071 4.1826174 4.6151601 4.7556580 3.3776066 3.7576495 4.2054466 4.1519637 3.8847109 4.3962768 4.2322789 4.1628078 4.1525563 3.6525363 3.6783075 0.9631837 0.8591871 0.8820906 1.1333739 0.6789052 0.6789052 0.7283754 0.7742245 0.5848448 0.0175403 0.5300856 0.0000000 3.1297026 3.3000789 3.2036731 3.2856713 2.7151713 3.0439768 3.2106734 2.9832341 4.5167021 4.2769813 4.4787035 5.5564880 4.4287856 3.5502248 5.3247502 4.0278002 3.9322607 6.3513276 3.3339418 4.1167446 3.7717140 4.3745836 5.1725960 3.8991139 4.0334037 2.6889321 3.7092684 3.7220159 3.5618039 3.4305213 3.7923422 3.6999661 3.9417237 4.6825173 
Aque_Aqu2.1.36236_001                                 2.7034584 2.3365853 2.2449228 2.7156105 2.6990181 2.7025928 2.4994979 2.5588237 2.6144244 2.7320934 2.7259998 2.3213228 2.4964479 2.4223479 2.7701933 3.1799142 3.0155410 2.8567576 3.0776942 3.0630277 2.8456277 3.4004806 3.1461031 3.4370194 2.8601728 2.7809127 2.9528638 2.9078409 3.1297026 0.0000000 0.8214033 1.1357248 1.7512898 1.8013651 2.3921138 1.9637953 2.7652859 2.5765839 2.9602523 3.1002107 3.3002803 3.2845594 3.2151526 3.1369934 2.7265855 2.6762800 2.8630945 3.3895178 2.8304382 2.2693559 2.7888674 2.7494522 3.1156959 2.9125477 2.8872819 3.2001299 3.1902376 3.1007717 3.0306914 3.0938305 3.1238781 3.2343476 3.0574931 
Halamb_c41501_g1_i2m.13838                            2.4743352 2.2693740 2.1681571 2.7035202 2.6934464 2.9617240 2.2457360 2.4695862 2.6775686 2.7176034 2.5629134 2.2980566 2.3818189 2.3269131 2.7082217 3.1044037 2.6500306 3.0465626 3.0539370 2.9951299 3.2585384 3.4349931 3.0820692 3.6350359 2.9799513 2.9956866 3.1287744 2.9306530 3.3000789 0.8214033 0.0000000 0.8202160 1.5374458 1.8222718 1.9720388 1.5334271 3.3082695 2.3752910 2.6943124 2.9401439 3.2752082 3.1597380 2.8312330 3.2959576 2.7734804 2.5154884 2.9999185 3.0206682 2.7500981 2.9103729 3.2312327 3.1889744 3.0517296 2.7854506 2.0943992 2.7545071 2.7396111 2.6710451 2.6058987 2.7227529 2.7264695 2.7562841 3.1100280 
Xestes_maker-XT_scaffold5212-augustus-gene-0.5-mRNA-1 3.1520553 2.7790227 2.7693571 3.1435125 2.6590421 3.4783565 2.5242190 2.6296653 3.1931394 3.0892444 3.0290364 2.9852236 2.8297371 2.7258801 2.9650323 3.3337734 2.8949204 2.4597609 2.7896540 2.7357308 2.2346215 2.7056500 2.7056500 2.9692866 2.7599343 2.5757987 3.5800095 3.0588894 3.2036731 1.1357248 0.8202160 0.0000000 1.4605692 1.8357931 1.7098241 1.7251991 4.5910853 2.7531513 3.3490492 3.5256833 4.1813625 3.9240484 3.2970896 3.7667258 3.8795117 3.3308996 5.0320802 3.4015760 3.0120544 4.2307319 3.9258618 4.1264229 3.6634223 3.3689166 2.8911760 3.5942928 3.5991795 3.5056465 3.4686421 3.6716887 3.6526412 3.6642627 3.9245123 
Tetwil_g2387.t1                                       2.5373382 2.3770633 2.3725908 2.8078385 2.5859421 2.7353522 2.3092593 2.4112978 2.5820016 2.7652667 2.4827576 2.3601732 2.4973821 2.4941776 3.1492777 2.9932097 2.8926225 2.9808482 3.2303250 3.1694182 2.9149518 3.5403383 3.2648653 3.8060216 3.0726079 3.0729115 2.9476760 3.0586540 3.2856713 1.7512898 1.5374458 1.4605692 0.0000000 1.3719065 1.6018930 1.4816554 2.7274487 2.5837007 2.8237739 2.9609520 3.3395564 3.2596490 3.0210500 3.6656511 2.8810641 2.8711833 3.1825977 3.2674216 2.8012573 2.6170825 2.9377452 2.9505008 3.1383341 3.1330507 2.5633795 3.0178264 2.8717773 2.9845941 3.0141186 3.1160671 3.1346822 3.1227822 2.9624453 
Stycar_maker-SC_scaffold5081-snap-gene-0.24-mRNA-1    2.7119278 2.2823819 2.0848092 2.7146493 2.1917885 2.6802598 2.4360758 2.2519107 2.8100363 2.7994290 2.4272735 2.5862564 2.7419160 2.6905152 3.0247170 3.2785013 2.6336219 3.7699707 2.7629340 2.8673214 1.2893008 2.9556969 2.7151492 2.8361804 3.0404514 2.6934977 2.3615580 2.8441510 2.7151713 1.8013651 1.8222718 1.8357931 1.3719065 0.0000000 2.1568477 1.9900456 2.0392453 2.0844751 2.6034599 2.9570352 3.0783636 2.5906968 2.5048051 3.0210482 3.0354127 2.9528312 3.8689912 3.1788601 2.1530012 2.3649044 3.3234372 3.2606027 3.4309262 2.4243815 1.3558425 3.0510374 3.0510374 2.9568505 2.9085930 3.2010429 3.1336369 2.7828707 2.7907153 
Emue_Em0023g292a.t1                                   2.9303022 2.7851567 2.6669861 3.1575685 2.7629649 3.1216783 2.3387648 2.5180977 2.8857416 3.3617219 3.0573563 2.6122502 2.8252098 2.7243421 3.2778256 3.0481698 3.1928940 3.0718127 3.1296817 3.1020517 2.5652826 3.8446728 3.5775137 3.7072641 3.0782553 3.1710784 2.8648288 3.2766448 3.0439768 2.3921138 1.9720388 1.7098241 1.6018930 2.1568477 0.0000000 0.3343803 4.8262904 2.7621196 2.9897097 3.2587526 4.2102701 3.8343441 3.3062942 3.9198389 3.2086176 3.2137270 3.6798092 3.3217281 3.1867665 3.3508628 3.5653549 3.4337384 3.3464511 3.2548521 2.7449748 3.3422368 3.1722703 3.2631018 3.2849416 3.2812026 3.3057906 3.4703363 3.7319381 
Spolac_c100877_g1_i2_m.23798c100877-g1                2.6004294 2.2507222 2.4430236 2.9529797 2.5985032 2.7986170 2.2084383 2.3872550 2.5788654 2.7911100 2.5152646 2.4295177 2.5170817 2.5419498 3.1110189 2.9842002 2.8067571 2.6939585 2.9694173 2.8786353 2.4392412 3.8697062 3.2877749 4.1584980 2.9851172 2.7970899 2.6382640 3.1178210 3.2106734 1.9637953 1.5334271 1.7251991 1.4816554 1.9900456 0.3343803 0.0000000 2.4578932 2.5526273 2.8262571 2.9342170 3.3172110 3.4532313 3.0706696 3.7160254 2.9135123 2.7348661 2.6431418 3.0292062 2.8447472 2.6314549 2.8549321 2.8303413 3.1977398 2.8933147 2.6240368 3.0830436 2.9764670 3.0897086 3.1026008 3.1499046 3.1640387 3.1395051 2.9439642 
Plespi_Pspi_scaffold11882_01                          3.3987394 2.2035134 2.1604935 2.7324062 2.7261794 2.8247994 2.2990078 2.0712722 2.0763563 2.1399227 1.9824413 2.3578146 2.3254029 2.2415562 0.0000010 3.9099203 2.8007614 2.8434294 3.0876708 2.8325195 3.0008575 0.0000010 3.5987479 0.0000010 3.2039323 2.8618837 3.0870538 4.0641814 2.9832341 2.7652859 3.3082695 4.5910853 2.7274487 2.0392453 4.8262904 2.4578932 0.0000000 2.6655569 2.8796296 2.7149595 4.2600469 3.4662364 3.9814246 3.3357761 4.1722271 2.6984045 2.5735949 2.8908672 2.9578111 2.3760862 2.8277483 2.7304374 5.0922709 3.5202671 2.9331566 3.2965967 3.1403111 3.0115324 3.1302994 3.0241690 2.8995797 3.2101968 0.0000010 
Ctel_gnl_WGS_AMQN_CAPTEDRAFT_mRNA226293               2.0129508 1.5885552 1.5518799 1.9654955 1.6496019 1.8014835 2.0310812 2.0260963 2.1673600 2.2017649 2.1181622 1.8460039 2.0170999 2.0369018 2.6865994 2.2004884 1.8668345 2.8215648 3.0349547 2.9457099 2.3636857 3.7512454 3.1532942 4.1533170 3.1885954 2.8976028 2.7219997 3.3147437 4.5167021 2.5765839 2.3752910 2.7531513 2.5837007 2.0844751 2.7621196 2.5526273 2.6655569 0.0000000 2.4213610 2.4572933 2.6752945 2.8485707 2.8426633 2.8147909 2.4424336 2.6434492 2.6239270 2.4615916 2.5235105 2.7427605 2.7954018 2.6735574 2.6158199 2.4756494 2.3193069 2.4600820 2.4367860 2.4105661 2.4020765 2.5375734 2.5037952 2.4778510 2.9639729 
Dgig_XM_028540675.1                                   2.4901692 2.2025884 2.3289615 2.6431963 2.4412707 2.8096006 2.1209335 2.1170383 2.2337084 2.1122063 2.0265598 1.9803154 2.0556020 2.0726250 2.7340689 2.7207656 2.5759582 3.1240599 3.2418881 3.2150294 2.9536428 3.8778137 3.2843960 4.3195382 3.2259004 2.9017690 3.0318919 3.1912717 4.2769813 2.9602523 2.6943124 3.3490492 2.8237739 2.6034599 2.9897097 2.8262571 2.8796296 2.4213610 0.0000000 0.8190473 2.9465032 2.9963324 2.9219447 3.0250993 2.6015419 2.6823659 2.8107965 2.9474409 2.6858556 3.0135646 3.0385233 3.0827289 3.3922459 2.4541163 2.2946089 2.7220319 2.7233479 2.7841704 2.7277131 2.8087911 2.8285295 2.8404154 3.0014371 
Xesp_004907-T1                                        2.3605498 2.1883363 2.2084989 2.5789570 2.4817533 2.6669382 2.0547581 2.1619864 2.1288205 2.1568885 2.1596324 2.0842486 2.1544027 2.1114652 2.5495757 2.8203787 2.6178021 3.1482888 3.3625685 3.1899693 2.6016099 4.4848398 3.6600361 4.5890707 3.3440990 2.9633832 3.0078003 3.4236706 4.4787035 3.1002107 2.9401439 3.5256833 2.9609520 2.9570352 3.2587526 2.9342170 2.7149595 2.4572933 0.8190473 0.0000000 2.8427788 3.0967513 2.8479303 2.9860075 2.8825369 2.8422878 2.8559553 2.9202219 2.6773319 2.9785099 3.0296804 2.9960852 3.5047544 2.3956148 2.4697507 2.6794650 2.6501070 2.8071286 2.7151628 2.7426331 2.7652582 2.7827768 3.0410661 
Aaur_scaffold363.g23.t1                               2.6830690 2.5214577 2.6703821 2.7300004 2.9849262 3.1821388 2.6342674 2.7317963 2.9328269 2.8210164 2.5272686 2.5498395 2.5554863 2.4752278 3.0802968 3.0955186 2.8837640 2.8139071 3.0360497 3.0389940 2.6429874 4.0218609 2.8894762 3.5010986 2.8592498 2.8364970 3.0383625 3.0664552 5.5564880 3.3002803 3.2752082 4.1813625 3.3395564 3.0783636 4.2102701 3.3172110 4.2600469 2.6752945 2.9465032 2.8427788 0.0000000 1.2142092 1.0776659 1.1731294 2.9774549 3.3558619 2.7413648 3.0950769 2.1906913 3.1171351 3.2746259 2.8940972 3.4830123 2.4857763 2.2861239 2.5853874 2.7210323 2.7483958 2.7584858 2.8444503 2.8532065 2.8718014 3.0653835 
Nemnom_g14779.t1                                      2.8963259 2.7429056 2.7909900 2.9577061 2.9773160 3.0725586 2.8746518 2.7603795 3.0406805 2.9882362 2.7253625 2.5424660 2.7005795 2.6710016 3.4116958 3.3634757 2.9798287 3.1481592 3.4357516 3.4274077 2.9005749 4.6086145 3.5501037 4.4236592 3.2432491 3.2645195 3.2607056 3.3592344 4.4287856 3.2845594 3.1597380 3.9240484 3.2596490 2.5906968 3.8343441 3.4532313 3.4662364 2.8485707 2.9963324 3.0967513 1.2142092 0.0000000 0.4863387 1.6108080 3.0917890 3.5457549 3.1847251 3.3706145 2.4854969 3.0111263 3.5620249 2.9406759 3.1522782 2.4140292 2.0505374 3.0905546 3.0678745 2.9809143 2.9269145 2.9634680 3.0169257 3.0390135 3.4472431 
Rhoesc_Res_006495-T1                                  2.5378193 2.4875651 2.6217771 2.8601988 2.8075229 2.8647750 2.5869166 2.5843458 3.0666230 2.9217879 2.7694402 2.5821657 2.6625420 2.6666329 3.0474312 2.9770206 2.7991065 3.2956540 3.4534519 3.3962821 2.9464213 3.9185537 3.4516934 3.9446624 3.0860456 3.2834451 3.2875892 3.3848660 3.5502248 3.2151526 2.8312330 3.2970896 3.0210500 2.5048051 3.3062942 3.0706696 3.9814246 2.8426633 2.9219447 2.8479303 1.0776659 0.4863387 0.0000000 1.3493485 2.7991130 3.0909967 3.0754137 3.0808035 2.0993855 2.9051343 3.3234755 2.8289777 3.0638899 2.4517431 1.9905091 2.8858485 2.9777912 2.8697001 2.8314991 2.8242419 2.8622744 2.9644893 3.4258403 
Sanmal_Sma_019208-T1                                  2.8945489 2.6854000 2.7082445 2.9031108 3.0314326 3.2721416 2.8152631 2.8415610 2.9038696 2.9431136 3.0634843 2.7648179 2.7456203 2.7291730 3.3611487 3.3821849 3.1365440 3.4586619 3.5148126 3.5764965 2.6064247 4.8485064 4.0838869 4.7933242 3.7483178 3.5806371 3.4759488 3.9046583 5.3247502 3.1369934 3.2959576 3.7667258 3.6656511 3.0210482 3.9198389 3.7160254 3.3357761 2.8147909 3.0250993 2.9860075 1.1731294 1.6108080 1.3493485 0.0000000 3.7860054 3.2940360 3.1991258 3.2733183 1.9674018 3.4308273 3.5889594 3.2357580 3.9125586 2.2875418 2.0120499 3.0631539 3.0962844 3.0378756 2.9834699 2.9763906 3.0291351 3.0161025 4.1886528 
Ocar_g8564                                            2.6310539 2.4422178 2.1043602 2.6960307 2.7500223 2.8926604 2.5673809 2.8356645 2.9817709 3.1659590 2.4392976 2.5357270 2.8031268 2.6776074 4.0314854 2.7446967 2.6996408 2.5282717 3.0423494 3.0079615 1.8070904 3.8691904 2.8367588 3.4977772 2.7838444 2.9113929 2.4113795 2.8048323 4.0278002 2.7265855 2.7734804 3.8795117 2.8810641 3.0354127 3.2086176 2.9135123 4.1722271 2.4424336 2.6015419 2.8825369 2.9774549 3.0917890 2.7991130 3.7860054 0.0000000 0.0424536 1.6123840 3.2916224 2.8171459 2.6589572 3.4623704 3.1067378 3.0640457 2.6747604 1.6246247 2.4236514 2.4105736 2.4529546 2.4180277 2.5796443 2.5780678 2.4594012 2.4542815 
Opea_EP00118_Oscarella_pearsei_P018560                2.6421120 2.3220531 2.1405307 2.7499013 2.7351177 2.9372051 2.4444986 2.5508540 2.7654191 2.8235731 2.5956461 2.6549493 2.5941578 2.5462106 3.6732100 2.8305619 2.8263289 2.4824029 2.9857538 2.8150021 2.3525986 3.6401645 2.7921264 3.3517227 2.8882639 2.7559176 2.5329055 2.8627211 3.9322607 2.6762800 2.5154884 3.3308996 2.8711833 2.9528312 3.2137270 2.7348661 2.6984045 2.6434492 2.6823659 2.8422878 3.3558619 3.5457549 3.0909967 3.2940360 0.0424536 0.0000000 1.5118775 3.1257749 2.8309726 2.4302627 2.9349042 2.7033950 3.2646662 2.7493479 2.2666944 2.8249469 2.7602328 2.7538579 2.7439994 2.9002199 2.8706041 2.8362145 2.4708698 
Plajan_Pjan_scaffold23226_01                          2.8081526 2.4641013 2.4327195 2.6445674 2.5067792 2.8003255 2.5698273 2.5904628 2.6196443 2.5292623 2.4951444 2.3889106 2.5006702 2.4801773 5.2442104 2.7330599 2.8538038 2.7929386 3.2694737 3.1621693 2.5930756 4.5800324 3.0932688 4.9758455 3.4160706 3.0126708 2.9175497 3.4551824 6.3513276 2.8630945 2.9999185 5.0320802 3.1825977 3.8689912 3.6798092 2.6431418 2.5735949 2.6239270 2.8107965 2.8559553 2.7413648 3.1847251 3.0754137 3.1991258 1.6123840 1.5118775 0.0000000 2.7406119 2.9543082 2.0049017 2.4080053 2.5967028 2.8609211 2.6857620 2.3085928 2.9197515 2.8692389 2.9020160 2.9800801 2.8569110 2.8473228 2.8920337 3.2308801 
Tcas_TC012509_001                                     2.3348017 2.4436227 2.4929520 2.6526346 2.4245271 2.6205155 2.6431374 2.8229046 2.7501590 2.7591041 2.6718104 2.6152317 2.5242543 2.5490849 3.7644063 2.2603178 2.2889297 3.1997324 3.6457240 3.5630065 3.4200804 4.1176974 3.8224053 4.3141881 3.4737180 3.3752090 3.2261410 3.2958871 3.3339418 3.3895178 3.0206682 3.4015760 3.2674216 3.1788601 3.3217281 3.0292062 2.8908672 2.4615916 2.9474409 2.9202219 3.0950769 3.3706145 3.0808035 3.2733183 3.2916224 3.1257749 2.7406119 0.0000000 2.7553921 3.0652940 3.4671283 3.2470653 3.6239997 2.8811005 2.7055593 2.9105873 2.8310504 2.9274573 2.9023024 3.0032122 3.0180516 2.8473490 3.5971642 
Morvir_scaffold101.g12.t1                             2.4966581 2.2068582 2.1957161 2.6286839 2.6062993 2.8470293 2.3537018 2.3652942 2.4797272 2.3646851 2.4827623 2.1360084 2.2808583 2.2937129 3.0781218 2.8337569 2.7204140 3.2084924 3.2653157 3.3139381 2.7389841 3.8209654 3.1780279 4.0660065 3.1381926 3.1366991 3.3116989 2.9717203 4.1167446 2.8304382 2.7500981 3.0120544 2.8012573 2.1530012 3.1867665 2.8447472 2.9578111 2.5235105 2.6858556 2.6773319 2.1906913 2.4854969 2.0993855 1.9674018 2.8171459 2.8309726 2.9543082 2.7553921 0.0000000 2.8469023 3.0849078 2.8951136 3.2311716 2.6158666 2.2424444 2.9869722 2.9810789 2.9640830 2.9777884 2.9018512 2.9023855 3.0471307 3.0424479 
Scil_scict014563.4                                    2.7911288 2.4505904 2.3319244 2.7842935 2.5822047 2.8607579 2.6374125 2.4921777 2.8321853 2.4606121 2.3904653 2.4069035 2.4642321 2.3389885 7.7596850 2.6509602 2.7787213 2.5218492 2.7385373 2.6048446 2.2837308 4.5062317 3.1312088 5.1756463 2.9831273 2.7939563 2.7296087 3.0181226 3.7717140 2.2693559 2.9103729 4.2307319 2.6170825 2.3649044 3.3508628 2.6314549 2.3760862 2.7427605 3.0135646 2.9785099 3.1171351 3.0111263 2.9051343 3.4308273 2.6589572 2.4302627 2.0049017 3.0652940 2.8469023 0.0000000 0.6764682 1.0438878 1.1224117 2.6613468 2.4092958 3.0114268 3.0072109 2.9555952 2.8979902 2.9999494 3.0480891 3.0040424 2.3216356 
Gracom_Gcom_scaffold17317_01                          3.0621822 2.7604247 2.6852929 2.9918937 2.8683604 3.0343304 2.8161864 2.7138239 3.1591171 3.0167283 2.9745018 2.7010215 2.7674682 2.7765992 4.2463275 3.0532153 2.9462664 2.8158485 2.9133829 2.8506435 2.4719057 4.2771997 3.5022582 4.6776481 3.3116865 3.0848258 2.8828664 3.5098999 4.3745836 2.7888674 3.2312327 3.9258618 2.9377452 3.3234372 3.5653549 2.8549321 2.8277483 2.7954018 3.0385233 3.0296804 3.2746259 3.5620249 3.3234755 3.5889594 3.4623704 2.9349042 2.4080053 3.4671283 3.0849078 0.6764682 0.0000000 1.2878371 1.2002461 3.0668144 2.6765686 3.2819140 3.1754817 3.2587142 3.1398070 3.2707917 3.2985571 3.2456105 3.0357700 
Lcom_lcpid43902                                       3.0398773 2.5144126 2.3340109 2.8627500 2.7418472 2.8967222 2.6865291 2.5619318 2.7894379 2.6806752 2.5799679 2.5051362 2.5822174 2.5128330 4.3109635 2.8166637 2.8417491 2.7045074 2.8807150 2.7931850 2.6366528 3.8398077 3.0586708 4.2922339 2.9329582 2.9507918 3.0994515 3.2781294 5.1725960 2.7494522 3.1889744 4.1264229 2.9505008 3.2606027 3.4337384 2.8303413 2.7304374 2.6735574 3.0827289 2.9960852 2.8940972 2.9406759 2.8289777 3.2357580 3.1067378 2.7033950 2.5967028 3.2470653 2.8951136 1.0438878 1.2878371 0.0000000 1.4842930 2.8414432 2.8927039 3.0902086 3.0635017 3.1348079 3.0515660 3.1495198 3.1996276 3.1215460 2.9396367 
Leuniv_Lniv_scaffold19206_01                          3.0469242 2.7755818 2.7102036 2.9182913 2.9706899 2.8953466 3.0110823 2.8537985 3.4285851 3.1495819 2.9597144 2.9140841 3.0040095 2.9065163 4.5747354 2.6903871 2.7489969 2.9719192 2.9148665 2.8372353 2.8071285 3.5343649 2.8099633 3.8671452 2.7093950 3.2018864 3.2966383 2.9811603 3.8991139 3.1156959 3.0517296 3.6634223 3.1383341 3.4309262 3.3464511 3.1977398 5.0922709 2.6158199 3.3922459 3.5047544 3.4830123 3.1522782 3.0638899 3.9125586 3.0640457 3.2646662 2.8609211 3.6239997 3.2311716 1.1224117 1.2002461 1.4842930 0.0000000 3.0577691 2.6938861 3.4357012 3.4338381 3.4844247 3.4675449 3.5022607 3.5013269 3.4221797 2.6108458 
Hvul_g18732_1                                         2.6729751 2.4222995 2.2421015 2.8975858 2.6003767 2.7367906 2.3537081 2.5716154 2.6615966 2.6152934 2.3871340 2.3543168 2.3517058 2.3046052 3.4836417 2.8063244 2.8408828 2.7988132 3.1735929 3.0995209 2.5366763 3.9447002 3.2487909 4.1566269 3.1693103 2.9679460 2.8856512 3.2539239 4.0334037 2.9125477 2.7854506 3.3689166 3.1330507 2.4243815 3.2548521 2.8933147 3.5202671 2.4756494 2.4541163 2.3956148 2.4857763 2.4140292 2.4517431 2.2875418 2.6747604 2.7493479 2.6857620 2.8811005 2.6158666 2.6613468 3.0668144 2.8414432 3.0577691 0.0000000 1.3393253 2.5597718 2.5489738 2.4966455 2.4859748 2.5025726 2.4801071 2.5494081 3.1537596 
Chem_TCONS_00052515                                   2.3452142 2.1236480 2.0356458 2.4989633 2.4474061 2.4544853 2.1717447 2.1347001 2.3273161 2.2073202 1.9195629 2.0251728 1.9849737 1.9992565 2.2495275 2.5101794 2.6676159 2.7630691 2.8826007 2.7695220 2.9052769 4.7968392 2.7878940 3.4279907 2.7968100 2.8776762 3.0529899 2.9642563 2.6889321 2.8872819 2.0943992 2.8911760 2.5633795 1.3558425 2.7449748 2.6240368 2.9331566 2.3193069 2.2946089 2.4697507 2.2861239 2.0505374 1.9905091 2.0120499 1.6246247 2.2666944 2.3085928 2.7055593 2.2424444 2.4092958 2.6765686 2.8927039 2.6938861 1.3393253 0.0000000 2.3150441 2.4625544 2.4042371 2.4608402 2.4259343 2.4163790 2.6155471 1.7691483 
Tadh_TriadT62319                                      2.5260754 2.4036086 2.3550349 2.8335355 2.6100983 2.7659787 2.4537969 2.7652773 2.6577387 2.5087048 2.5253795 2.1583257 2.3052117 2.2719202 2.8260659 2.8305840 2.5565759 2.8889714 3.1645477 3.0994424 2.7171883 3.8680028 3.2386595 3.6230441 3.0342655 2.9660597 3.0757255 3.0541550 3.7092684 3.2001299 2.7545071 3.5942928 3.0178264 3.0510374 3.3422368 3.0830436 3.2965967 2.4600820 2.7220319 2.6794650 2.5853874 3.0905546 2.8858485 3.0631539 2.4236514 2.8249469 2.9197515 2.9105873 2.9869722 3.0114268 3.2819140 3.0902086 3.4357012 2.5597718 2.3150441 0.0000000 0.0047152 0.2886655 0.2881558 0.2865421 0.2989199 0.2907606 3.3666035 
TrH2_TrispH2_008606-RA                                2.5289608 2.3760342 2.3089921 2.8333076 2.5905430 2.6744091 2.4384005 2.6957412 2.5834046 2.5241361 2.4605146 2.1809726 2.2960028 2.2607131 2.7817155 2.8183590 2.6132932 2.8507687 3.0940997 3.0369326 2.7561146 3.8811124 3.1446292 3.5937302 2.9038336 2.9530772 3.0128601 3.0190311 3.7220159 3.1902376 2.7396111 3.5991795 2.8717773 3.0510374 3.1722703 2.9764670 3.1403111 2.4367860 2.7233479 2.6501070 2.7210323 3.0678745 2.9777912 3.0962844 2.4105736 2.7602328 2.8692389 2.8310504 2.9810789 3.0072109 3.1754817 3.0635017 3.4338381 2.5489738 2.4625544 0.0047152 0.0000000 0.2826387 0.2831792 0.2934099 0.3031027 0.2746682 3.3471531 
HoiH06_mRNA6894                                       2.5344922 2.4381753 2.3196127 2.8864965 2.6244974 2.7526200 2.4405554 2.7404294 2.6899802 2.6002183 2.6096085 2.1493170 2.3276101 2.2937880 2.8136218 2.6896361 2.7447528 2.7973141 3.1500029 3.1092908 2.7349216 3.8321164 3.1540005 3.4067649 2.7884750 3.0045274 2.9055424 3.0622383 3.5618039 3.1007717 2.6710451 3.5056465 2.9845941 2.9568505 3.2631018 3.0897086 3.0115324 2.4105661 2.7841704 2.8071286 2.7483958 2.9809143 2.8697001 3.0378756 2.4529546 2.7538579 2.9020160 2.9274573 2.9640830 2.9555952 3.2587142 3.1348079 3.4844247 2.4966455 2.4042371 0.2886655 0.2826387 0.0000000 0.0827421 0.1853958 0.1837865 0.1993325 3.3847351 
