55
Hsap_ENST00000282541                                           0.0000000 0.7510428 0.8452188 0.8177007 0.7488483 0.8778830 0.9577350 1.0783267 0.7888929 0.9135017 0.8728270 1.2545455 1.2260682 1.2105918 1.1326667 1.0790911 1.0157607 1.0963429 1.0368449 1.0986425 1.0832835 1.0653024 0.8961252 0.9466824 0.8971611 0.9517470 0.8744884 1.1047531 1.0163068 0.9978088 1.0422169 1.0318627 1.0332830 1.0576482 0.9777924 1.0682692 1.0960654 1.1274953 0.9469351 1.1352236 1.0744582 1.0633414 1.1940098 1.1012024 1.1147163 1.0787399 0.9976042 1.0289667 1.0897826 1.2742298 1.0075320 1.5155898 0.9659889 1.9602314 1.1805476 
Bralan_BLAG12000751_1                                          0.7510428 0.0000000 0.6797845 0.6916480 0.6494916 0.7568184 0.7886768 0.8906761 0.7627416 0.9846772 0.9146789 1.0777797 1.0108689 0.9994450 1.0541649 1.0569213 1.0115992 1.1094766 1.0933246 1.1267547 1.1029076 1.0953540 0.9368442 0.9389183 0.9371895 0.8729761 0.8797707 0.8974919 0.9732611 0.8430093 0.8856707 0.8618047 0.9596021 0.9686277 0.8905739 0.9407077 1.0509506 1.1307699 0.9764511 0.9902835 0.9944046 1.0754366 1.0091288 1.0695638 1.0795712 1.1506624 1.0843758 1.1705374 1.2443737 1.2677783 1.1568644 1.4278138 1.2336988 1.7580332 1.0326738 
Tcas_TC000688_003                                              0.8452188 0.6797845 0.0000000 0.4771352 0.5652053 0.6819483 1.0683478 1.2060276 0.7718788 1.0959936 1.0722926 1.1698243 1.1223985 1.1260066 1.1878933 1.1371411 1.0787465 1.2298259 1.1105355 1.2697062 1.1083593 1.1429185 1.0271250 0.9733428 0.9259511 1.0396275 0.9700028 0.8636072 1.0426433 1.0064800 1.0287049 0.9195969 0.9936927 1.0182352 1.0328215 1.0611542 1.0164481 1.1853228 1.0508184 1.1199203 1.0768219 1.1006128 0.9393392 1.0530224 1.0660874 1.0216893 0.9546627 1.0157180 1.0825583 1.4301619 1.0445045 1.6429738 1.1130927 1.9169597 0.7621347 
Dpul_mRNA13722                                                 0.8177007 0.6916480 0.4771352 0.0000000 0.6053173 0.7513233 1.0868199 1.1806696 0.8576163 0.9985594 0.9754192 1.1303016 1.0291830 1.2853930 1.1547349 1.2048498 1.1579185 1.2689110 1.1670156 1.3011696 1.1836978 1.1710209 1.0250080 1.0787294 1.0248828 1.0486398 0.8957390 0.9103565 1.0526532 1.0440048 1.1339751 1.0285278 1.1268759 1.1374477 1.1274985 1.1281248 1.2045614 1.2461822 1.0036959 1.1272201 1.1588673 1.0909715 1.1072690 1.0726830 1.0828366 1.1536389 1.0766252 1.1328853 1.1898125 1.4471717 1.0123290 1.6720377 1.2223555 2.1666723 0.9466823 
Acagra_model.g5962.t1.1.5d3b8485                               0.7488483 0.6494916 0.5652053 0.6053173 0.0000000 0.5770308 1.0157214 1.0549186 0.8294797 0.9137876 0.8729493 1.2505722 1.1054172 1.1486096 1.1980657 1.2142800 1.1413660 1.1892370 1.2273646 1.2436244 1.3057864 1.2531592 1.0412004 1.0553256 1.0500550 0.9304282 0.8939744 0.8393825 0.9898982 0.8829795 0.9069609 0.8922667 0.9830475 0.9740945 0.9491293 0.9553989 1.0177772 1.1237493 0.9662352 1.0229718 0.9730754 0.9901993 0.9420062 1.0614658 1.0713489 1.1062838 1.0402972 1.0888467 1.1649963 1.4187232 1.0288600 1.6288218 1.2521552 2.2413964 1.1140300 
Ctel_gnl_WGS_AMQN_CAPTEDRAFT_mRNA220756                        0.8778830 0.7568184 0.6819483 0.7513233 0.5770308 0.0000000 1.0340370 1.1858111 0.8866735 0.9896045 0.9684469 1.2885308 1.2539476 1.0019434 1.1839999 1.2514716 1.1625274 1.2854906 1.1186069 1.2029298 1.3283584 1.2006728 1.0166353 1.0402184 0.9841519 0.9713784 0.9751341 0.7813155 0.9861817 0.9725809 1.0354222 0.9582498 1.0121605 1.0140022 0.9912319 1.0615712 1.1398425 1.2028804 0.9575183 1.1947955 1.1530935 1.1321537 1.0093669 0.9962207 1.0057444 1.1308123 1.0374663 1.0794757 1.1690781 1.3644654 1.1350073 1.5094444 1.4291830 1.5911229 0.8744109 
Aque_Aqu2.1.21076_001                                          0.9577350 0.7886768 1.0683478 1.0868199 1.0157214 1.0340370 0.0000000 0.2171520 1.0905410 1.0927070 1.0774587 0.8161650 0.8162105 0.9681734 1.2361607 1.2681091 1.1630075 1.2312121 1.1392130 1.2087397 1.1541215 1.3016608 1.0655048 1.0613369 1.1017833 1.0344908 1.0558810 1.3692585 1.0268455 1.0487857 1.1089038 1.0957561 1.0609273 1.0775026 1.0785462 1.1410800 1.3269646 1.3721450 1.0776364 1.2650081 1.2379535 1.2713487 1.2503691 1.1831676 1.1942807 1.2850606 1.1945782 1.2579869 1.3706894 1.4398767 1.4812992 0.8840694 0.9185836 1.9651620 0.6955594 
Halamb_c39919_g1_i1m.12210                                     1.0783267 0.8906761 1.2060276 1.1806696 1.0549186 1.1858111 0.2171520 0.0000000 1.2273604 1.1186833 1.0893532 0.8642302 0.8745563 0.9814733 1.2357710 1.3627698 1.2609727 1.1841889 1.2276631 1.3300412 1.1785138 1.2009323 1.1412569 1.0588607 1.1338902 0.9966600 0.9228429 1.4415216 1.1363591 1.2385095 1.3093223 1.2541115 1.2770718 1.3109010 1.3070419 1.3534814 1.4798388 1.5215854 1.2486228 1.3048408 1.3596528 1.4305774 1.4908848 1.2344258 1.3594885 1.2799479 1.2201580 1.2801738 1.3846274 1.5773165 1.5624295 0.9216462 0.9767930 2.1690790 1.1660823 
Spur_XM_030972062.1                                            0.7888929 0.7627416 0.7718788 0.8576163 0.8294797 0.8866735 1.0905410 1.2273604 0.0000000 0.8486849 0.9003137 1.2363849 1.2418632 1.2265529 1.1149091 1.2207051 1.1405673 1.0997107 1.1768862 1.2322634 1.0619809 1.2802357 1.1150611 0.9551775 1.0501600 1.0647561 0.8463973 1.1194590 1.0499108 1.0340398 1.1177260 1.1711789 1.1533082 1.2031187 1.1020742 1.1578021 1.1503246 1.0799621 0.9853431 0.9494160 1.0013240 1.0944580 1.2312982 1.1488353 1.2296619 1.2156640 1.1528783 1.1546185 1.2400808 1.5752452 1.3215882 1.4564872 1.2287726 1.9726790 1.3419276 
Ocar_g944                                                      0.9135017 0.9846772 1.0959936 0.9985594 0.9137876 0.9896045 1.0927070 1.1186833 0.8486849 0.0000000 0.0000010 1.1499381 1.1804763 1.0615551 1.0598163 0.9870392 0.9477056 1.0842999 1.0831197 1.0142131 1.1403483 1.0956372 0.9357917 0.8894885 0.9560227 0.9190253 0.7938051 1.2279372 1.0159372 1.0993536 1.1899197 1.0351300 1.1735407 1.1539861 1.1333999 1.2270704 1.1450224 1.1806050 1.0304882 1.0144047 1.0385272 1.1599552 0.9190049 1.2510395 1.2785609 1.2126635 1.1716417 1.2305661 1.3004520 1.3600103 1.2115537 1.2715026 0.9857634 1.7544750 1.1573471 
Opea_EP00118_Oscarella_pearsei_P003408                         0.8728270 0.9146789 1.0722926 0.9754192 0.8729493 0.9684469 1.0774587 1.0893532 0.9003137 0.0000010 0.0000000 1.2017045 1.1540998 1.0310393 1.0753449 1.0042164 0.9564693 1.0949395 1.0422806 1.0231716 1.0908402 1.0475640 0.9098822 0.8932717 0.9159460 0.8890884 0.7938051 1.1691300 0.9827865 1.0628902 1.1272297 0.9907570 1.1216032 1.1055520 1.0749345 1.1749809 1.0884358 1.1434471 1.0179996 0.9582012 0.9802890 1.1013864 0.8864892 1.1704182 1.1952203 1.1508752 1.1224926 1.1775578 1.2400859 1.2532354 1.1335500 1.3127237 0.9857634 1.9263266 1.0251893 
Emue_Em0010g809a.t1                                            1.2545455 1.0777797 1.1698243 1.1303016 1.2505722 1.2885308 0.8161650 0.8642302 1.2363849 1.1499381 1.2017045 0.0000000 0.1012458 1.4365319 1.2676549 1.2412056 1.2412056 1.3617635 1.1865706 1.1873624 1.3666256 1.3063385 1.3098485 1.2740881 1.2374172 1.2201145 1.1333322 1.4106446 1.1437279 1.2414929 1.3319064 1.1204551 1.2376208 1.2652586 1.2097416 1.3179397 1.1806566 1.4273138 1.1990815 1.2728196 1.2701154 1.2778258 1.4430021 1.5863857 1.6041324 1.4711245 1.4205422 1.4783098 1.4817779 1.4960900 1.4138528 1.0944954 0.8625843 1.4313605 1.9694799 
Spolac_c99632_g1_i1_m.20171c99632-g1                           1.2260682 1.0108689 1.1223985 1.0291830 1.1054172 1.2539476 0.8162105 0.8745563 1.2418632 1.1804763 1.1540998 0.1012458 0.0000000 1.3027148 1.2208100 1.2519667 1.1852511 1.3196536 1.2117843 1.2376163 1.3355834 1.3217276 1.2842667 1.1918723 1.2025074 1.2309648 1.1357492 1.3322162 1.0819598 1.1637354 1.2445424 1.0533695 1.2192207 1.2106543 1.1876857 1.2851420 1.1673143 1.3822838 1.1034152 1.2152359 1.1768366 1.2048833 1.3427620 1.4386304 1.4715391 1.2859568 1.2360463 1.2977773 1.3641946 1.5402882 1.4111502 1.3021927 0.8498414 2.0053526 1.1222760 
Horcal_Hcv1.av93.c3.g1294.i1                                   1.2105918 0.9994450 1.1260066 1.2853930 1.1486096 1.0019434 0.9681734 0.9814733 1.2265529 1.0615551 1.0310393 1.4365319 1.3027148 0.0000000 0.3068321 0.3075399 0.2787273 0.4074966 0.4054329 0.4840001 0.4728160 0.5701510 1.0284690 0.9154669 0.9869769 0.9603779 0.7656282 1.1170692 1.0539379 1.1059930 1.2142389 1.0714303 1.1105795 1.1452457 1.0069270 1.2914588 1.2364807 1.2740679 1.1928339 1.0903635 1.0507062 1.1553932 1.0115705 1.0736489 1.0904187 1.1654054 1.1049493 1.1882242 1.2680020 1.3336510 1.6320463 1.2548280 1.2233577 1.7252635 0.1187351 
Drygla_Dgla_sb294801                                           1.1326667 1.0541649 1.1878933 1.1547349 1.1980657 1.1839999 1.2361607 1.2357710 1.1149091 1.0598163 1.0753449 1.2676549 1.2208100 0.3068321 0.0000000 0.3159513 0.3013640 0.4100590 0.4452320 0.4928928 0.5228948 0.5145394 0.9843305 0.8879690 0.9071209 1.0044485 0.8723614 1.1932340 1.0731970 1.0998191 1.1422929 1.0548303 1.0530258 1.0895929 1.0772235 1.2342544 1.3158663 1.2725045 1.0441802 1.0793568 1.0882966 1.2345110 1.0511088 1.1933570 1.2489404 1.1513633 1.1041671 1.2112221 1.3039732 1.4950385 1.5708669 1.5230998 1.1549966 1.7848914 0.7037760 
Bolinf_Binf_sb1254965                                          1.0790911 1.0569213 1.1371411 1.2048498 1.2142800 1.2514716 1.2681091 1.3627698 1.2207051 0.9870392 1.0042164 1.2412056 1.2519667 0.3075399 0.3159513 0.0000000 0.0200334 0.3485648 0.3829803 0.3641613 0.5320312 0.5740592 0.9100753 0.8572678 0.8009685 0.9668194 0.9119488 1.3390718 1.1641283 1.2020667 1.2983589 1.0832821 1.1944344 1.2102123 1.1747408 1.2964383 1.3005026 1.3107842 1.0750276 1.1272828 1.1316229 1.2179202 1.0704869 1.3341784 1.3487467 1.3169890 1.2924545 1.3921506 1.3969714 1.5562616 1.5174237 1.4890189 0.9947401 1.3281242 0.9051690 
Mertsp_Mesp_sb581666                                           1.0157607 1.0115992 1.0787465 1.1579185 1.1413660 1.1625274 1.1630075 1.2609727 1.1405673 0.9477056 0.9564693 1.2412056 1.1852511 0.2787273 0.3013640 0.0200334 0.0000000 0.3275962 0.3598497 0.3976594 0.4941850 0.5493980 0.8565762 0.8082730 0.7592646 0.9079987 0.9119488 1.2720406 1.0849312 1.1631269 1.2594525 1.0310514 1.1534777 1.1622368 1.1219911 1.2481908 1.2084990 1.2175046 1.0155445 1.0682388 1.0747080 1.1644652 0.9996607 1.2369623 1.2500372 1.2301729 1.2161853 1.2874281 1.2918533 1.4746069 1.4411116 1.5474234 0.9947401 1.4861126 0.5582630 
Lampan_Lpan_940_01                                             1.0963429 1.1094766 1.2298259 1.2689110 1.1892370 1.2854906 1.2312121 1.1841889 1.0997107 1.0842999 1.0949395 1.3617635 1.3196536 0.4074966 0.4100590 0.3485648 0.3275962 0.0000000 0.4929229 0.5887135 0.6066752 0.6613284 0.9857179 0.8938791 0.9214705 1.0201311 0.7983492 1.2796753 1.0945987 1.1583587 1.2166741 1.1139446 1.1782631 1.1958104 1.1334250 1.2996972 1.3065953 1.1714794 1.0933474 1.1716377 1.1807434 1.1619641 1.1478183 1.3890828 1.4022796 1.2963224 1.2634408 1.3023939 1.3550029 1.4864676 1.5436617 1.5293437 1.1210630 1.9400268 0.5542280 
Beraby_Baby_sb340428                                           1.0368449 1.0933246 1.1105355 1.1670156 1.2273646 1.1186069 1.1392130 1.2276631 1.1768862 1.0831197 1.0422806 1.1865706 1.2117843 0.4054329 0.4452320 0.3829803 0.3598497 0.4929229 0.0000000 0.4868601 0.5396671 0.6008378 1.0007876 0.9619725 0.8710172 0.9838976 0.8780318 1.2141783 1.0904801 1.1461944 1.2201636 1.1796964 1.1994089 1.2061067 1.1979386 1.2645290 1.2565053 1.2990775 1.0537912 1.1688582 1.2068322 1.1957102 1.0858051 1.1894929 1.2040945 1.2189942 1.1600810 1.2326498 1.2945668 1.4772746 1.5424654 1.5301487 1.1195809 1.5738746 0.6159700 
Eupdun_Edun_sb10630432                                         1.0986425 1.1267547 1.2697062 1.3011696 1.2436244 1.2029298 1.2087397 1.3300412 1.2322634 1.0142131 1.0231716 1.1873624 1.2376163 0.4840001 0.4928928 0.3641613 0.3976594 0.5887135 0.4868601 0.0000000 0.5866244 0.6363967 0.9857294 0.9267446 0.9297716 1.0125950 1.0424061 1.3798995 1.2013013 1.2274250 1.3172265 1.1666051 1.2209481 1.2154455 1.1822352 1.3207556 1.2906259 1.2639681 1.0754945 1.1234874 1.1642632 1.2853357 1.1468529 1.4002124 1.4149982 1.2893247 1.2794619 1.4009921 1.4056866 1.5799102 1.4738094 1.4940277 1.1088217 1.2271711 0.9155910 
Vmul_Simscaffold15243_01                                       1.0832835 1.1029076 1.1083593 1.1836978 1.3057864 1.3283584 1.1541215 1.1785138 1.0619809 1.1403483 1.0908402 1.3666256 1.3355834 0.4728160 0.5228948 0.5320312 0.4941850 0.6066752 0.5396671 0.5866244 0.0000000 0.4791680 1.0072460 0.9596126 1.0204499 1.0730868 0.8822245 1.2495995 1.1561503 1.1006686 1.1617525 1.0837768 1.1211122 1.1196004 1.1093873 1.1942011 1.3907599 1.2597944 1.0628517 1.0969247 1.0622350 1.2091694 1.0121104 1.2558477 1.2676910 1.2859743 1.2213839 1.3060662 1.3728174 1.4354343 1.4617472 1.5247193 1.2623803 1.6706938 0.7036046 
Coemet_Cmet_scaffold12829_01                                   1.0653024 1.0953540 1.1429185 1.1710209 1.2531592 1.2006728 1.3016608 1.2009323 1.2802357 1.0956372 1.0475640 1.3063385 1.3217276 0.5701510 0.5145394 0.5740592 0.5493980 0.6613284 0.6008378 0.6363967 0.4791680 0.0000000 0.9692841 1.0019111 0.9667523 0.9952932 0.8908684 1.2104992 1.1493218 1.1855652 1.2599355 1.1292695 1.1854775 1.2219420 1.1610613 1.2953534 1.3585241 1.3925185 1.0343505 1.1383903 1.1175300 1.1864404 1.1360214 1.2848563 1.2971341 1.2077496 1.1340530 1.2379950 1.3065484 1.4431800 1.3790897 1.5424792 1.0902086 1.7940233 0.7355201 
Scil_scict010364.1                                             0.8961252 0.9368442 1.0271250 1.0250080 1.0412004 1.0166353 1.0655048 1.1412569 1.1150611 0.9357917 0.9098822 1.3098485 1.2842667 1.0284690 0.9843305 0.9100753 0.8565762 0.9857179 1.0007876 0.9857294 1.0072460 0.9692841 0.0000000 0.1351252 0.1354816 0.1785844 0.2579003 1.2350728 1.0462687 1.0844838 1.1389950 1.1044962 1.1748260 1.1621471 1.1293237 1.1688469 1.3067917 1.2274815 0.9214249 1.1907923 1.1959327 1.2202099 1.2367452 1.1750350 1.2574232 1.1561050 1.1268453 1.1728032 1.2195373 1.5489370 1.3982738 1.9018335 1.2113274 2.0331603 1.1989883 
Lcom_lcpid54300                                                0.9466824 0.9389183 0.9733428 1.0787294 1.0553256 1.0402184 1.0613369 1.0588607 0.9551775 0.8894885 0.8932717 1.2740881 1.1918723 0.9154669 0.8879690 0.8572678 0.8082730 0.8938791 0.9619725 0.9267446 0.9596126 1.0019111 0.1351252 0.0000000 0.1445013 0.2282232 0.2720767 1.2368366 1.1049669 1.0591600 1.0968532 1.0183070 1.1686021 1.1426678 1.0728001 1.1512492 1.2974902 1.3204343 0.9767255 1.2811964 1.2326945 1.2786299 1.2225244 1.2328299 1.2472429 1.1742006 1.1655694 1.1768775 1.2099263 1.5240317 1.3722492 1.6986765 1.1342107 1.9769937 0.8498201 
Leuniv_Lniv_scaffold15126_01                                   0.8971611 0.9371895 0.9259511 1.0248828 1.0500550 0.9841519 1.1017833 1.1338902 1.0501600 0.9560227 0.9159460 1.2374172 1.2025074 0.9869769 0.9071209 0.8009685 0.7592646 0.9214705 0.8710172 0.9297716 1.0204499 0.9667523 0.1354816 0.1445013 0.0000000 0.1988133 0.2736638 1.1756181 1.1084422 1.0808658 1.0961560 1.0192561 1.1795769 1.1621642 1.0641967 1.1730493 1.1962458 1.2727193 0.9537405 1.2058698 1.1743032 1.2256543 1.1587238 1.1945676 1.2089289 1.1677002 1.1048987 1.1632221 1.2149375 1.4944559 1.3146576 1.9758499 1.1338919 1.9941157 1.0172006 
Gracom_Gcom_scaffold17599_01                                   0.9517470 0.8729761 1.0396275 1.0486398 0.9304282 0.9713784 1.0344908 0.9966600 1.0647561 0.9190253 0.8890884 1.2201145 1.2309648 0.9603779 1.0044485 0.9668194 0.9079987 1.0201311 0.9838976 1.0125950 1.0730868 0.9952932 0.1785844 0.2282232 0.1988133 0.0000000 0.2537761 1.1718263 1.0568426 1.0331694 1.0501257 0.9836908 1.1170412 1.1041584 0.9977372 1.1083398 1.2171397 1.2642957 0.9832005 1.1694621 1.0992529 1.1650936 1.0816981 1.1943729 1.2087894 1.2120847 1.1937024 1.2502794 1.3003953 1.4801253 1.2748078 1.8453642 1.1847558 1.9734371 1.0197745 
Clacor_Ccor_scaffold8156_01                                    0.8744884 0.8797707 0.9700028 0.8957390 0.8939744 0.9751341 1.0558810 0.9228429 0.8463973 0.7938051 0.7938051 1.1333322 1.1357492 0.7656282 0.8723614 0.9119488 0.9119488 0.7983492 0.8780318 1.0424061 0.8822245 0.8908684 0.2579003 0.2720767 0.2736638 0.2537761 0.0000000 1.0669048 1.0737101 1.0097010 1.0355021 0.8969839 1.0653525 1.0286829 1.0074436 1.0435554 1.2853228 1.2265383 0.8224273 0.9387430 0.9631076 1.0507761 0.7270645 1.1498807 1.1498807 1.0004172 0.9603675 0.9897217 1.0028027 1.6218668 1.0523209 1.4430140 1.0188843 1.0600288 0.0000010 
Cgig_XM_011419437.3                                            1.1047531 0.8974919 0.8636072 0.9103565 0.8393825 0.7813155 1.3692585 1.4415216 1.1194590 1.2279372 1.1691300 1.4106446 1.3322162 1.1170692 1.1932340 1.3390718 1.2720406 1.2796753 1.2141783 1.3798995 1.2495995 1.2104992 1.2350728 1.2368366 1.1756181 1.1718263 1.0669048 0.0000000 1.0765588 1.2401402 1.2874149 1.2089675 1.2692415 1.3102377 1.2874675 1.3340376 1.2021835 1.2388224 1.1140060 1.2739837 1.3085504 1.2190507 1.1958460 1.2566809 1.3388101 1.2508615 1.2241885 1.3340523 1.3950962 1.4976056 1.3262069 1.6833755 1.6085254 2.0169630 1.4350532 
Exapal_XM_021061280.2                                          1.0163068 0.9732611 1.0426433 1.0526532 0.9898982 0.9861817 1.0268455 1.1363591 1.0499108 1.0159372 0.9827865 1.1437279 1.0819598 1.0539379 1.0731970 1.1641283 1.0849312 1.0945987 1.0904801 1.2013013 1.1561503 1.1493218 1.0462687 1.1049669 1.1084422 1.0568426 1.0737101 1.0765588 0.0000000 0.4598797 0.4652822 0.4263264 0.4719141 0.4580715 0.4351565 0.5168606 0.9122172 1.0269289 1.0566699 0.9392170 0.9090300 1.0044556 0.7776302 1.3116756 1.3134006 1.2475090 1.1956641 1.2331698 1.3137996 1.1173738 1.3390721 1.6994540 1.2680864 1.8725505 0.9629104 
Adig_XM_015916781.1                                            0.9978088 0.8430093 1.0064800 1.0440048 0.8829795 0.9725809 1.0487857 1.2385095 1.0340398 1.0993536 1.0628902 1.2414929 1.1637354 1.1059930 1.0998191 1.2020667 1.1631269 1.1583587 1.1461944 1.2274250 1.1006686 1.1855652 1.0844838 1.0591600 1.0808658 1.0331694 1.0097010 1.2401402 0.4598797 0.0000000 0.1075186 0.2004569 0.2020659 0.2120254 0.1968602 0.0618518 0.9637762 1.0228517 0.9251028 1.0224452 1.0868020 0.9425341 1.0671480 1.2526460 1.3615706 1.2011256 1.0874847 1.2180382 1.3091469 0.9560501 1.2844042 1.7017623 1.2159029 1.8347416 1.5229494 
Gfas_gfas1.m1.4968.m1                                          1.0422169 0.8856707 1.0287049 1.1339751 0.9069609 1.0354222 1.1089038 1.3093223 1.1177260 1.1899197 1.1272297 1.3319064 1.2445424 1.2142389 1.1422929 1.2983589 1.2594525 1.2166741 1.2201636 1.3172265 1.1617525 1.2599355 1.1389950 1.0968532 1.0961560 1.0501257 1.0355021 1.2874149 0.4652822 0.1075186 0.0000000 0.2050178 0.2055675 0.2132993 0.1889549 0.1675805 1.0075998 1.0251185 0.9554376 1.0615362 1.0995299 0.9330536 1.0180183 1.3086069 1.4228090 1.2467177 1.1632962 1.2457084 1.3487857 0.9692723 1.3466019 1.9194860 1.2622829 1.8883420 1.5241340 
Fspp_ffun1.m4.19254.m1                                         1.0318627 0.8618047 0.9195969 1.0285278 0.8922667 0.9582498 1.0957561 1.2541115 1.1711789 1.0351300 0.9907570 1.1204551 1.0533695 1.0714303 1.0548303 1.0832821 1.0310514 1.1139446 1.1796964 1.1666051 1.0837768 1.1292695 1.1044962 1.0183070 1.0192561 0.9836908 0.8969839 1.2089675 0.4263264 0.2004569 0.2050178 0.0000000 0.1256681 0.1234208 0.1072043 0.2877285 0.9767619 1.0486195 0.9739825 0.9923215 1.0614696 0.9153571 1.0102343 1.2298253 1.3470082 1.1234104 1.0443132 1.0896683 1.1946812 0.9268206 1.3409628 1.4531588 1.1739868 1.7837745 1.3093147 
Spis_XP_022782546_1                                            1.0332830 0.9596021 0.9936927 1.1268759 0.9830475 1.0121605 1.0609273 1.2770718 1.1533082 1.1735407 1.1216032 1.2376208 1.2192207 1.1105795 1.0530258 1.1944344 1.1534777 1.1782631 1.1994089 1.2209481 1.1211122 1.1854775 1.1748260 1.1686021 1.1795769 1.1170412 1.0653525 1.2692415 0.4719141 0.2020659 0.2055675 0.1256681 0.0000000 0.0528633 0.1522703 0.2686195 0.9376575 1.0354755 0.9427475 1.0473874 1.0882834 0.9352160 1.0044077 1.2994668 1.4078139 1.2311507 1.1564634 1.2138187 1.3126850 0.9978567 1.3906118 1.7105855 1.2917672 1.8080000 1.2035733 
Pocdam_XM_027192597.1                                          1.0576482 0.9686277 1.0182352 1.1374477 0.9740945 1.0140022 1.0775026 1.3109010 1.2031187 1.1539861 1.1055520 1.2652586 1.2106543 1.1452457 1.0895929 1.2102123 1.1622368 1.1958104 1.2061067 1.2154455 1.1196004 1.2219420 1.1621471 1.1426678 1.1621642 1.1041584 1.0286829 1.3102377 0.4580715 0.2120254 0.2132993 0.1234208 0.0528633 0.0000000 0.1553214 0.2632058 0.9498470 1.0459555 0.9520518 1.0654792 1.1113241 0.9371993 0.9830407 1.2865803 1.4125842 1.2362709 1.1611621 1.2144730 1.3117113 1.0114064 1.4401419 1.7328393 1.2759152 1.7692900 1.2684558 
Gasp_gasp1.m3.22695.m1                                         0.9777924 0.8905739 1.0328215 1.1274985 0.9491293 0.9912319 1.0785462 1.3070419 1.1020742 1.1333999 1.0749345 1.2097416 1.1876857 1.0069270 1.0772235 1.1747408 1.1219911 1.1334250 1.1979386 1.1822352 1.1093873 1.1610613 1.1293237 1.0728001 1.0641967 0.9977372 1.0074436 1.2874675 0.4351565 0.1968602 0.1889549 0.1072043 0.1522703 0.1553214 0.0000000 0.2514636 0.9868986 1.0155835 0.9421670 1.0500730 1.0745198 0.9256131 1.0459325 1.2929382 1.4222301 1.2337138 1.1591474 1.2269145 1.3274552 1.0121529 1.3487709 1.7320424 1.2136512 1.6478754 1.2491612 
Amil_Amillepora08527-RA                                        1.0682692 0.9407077 1.0611542 1.1281248 0.9553989 1.0615712 1.1410800 1.3534814 1.1578021 1.2270704 1.1749809 1.3179397 1.2851420 1.2914588 1.2342544 1.2964383 1.2481908 1.2996972 1.2645290 1.3207556 1.1942011 1.2953534 1.1688469 1.1512492 1.1730493 1.1083398 1.0435554 1.3340376 0.5168606 0.0618518 0.1675805 0.2877285 0.2686195 0.2632058 0.2514636 0.0000000 1.0090094 1.1124505 0.9952765 1.1177748 1.1913274 0.9876927 1.1945544 1.3845187 1.4749173 1.2588766 1.1993244 1.3491324 1.3791929 1.0242772 1.4263712 1.8612247 1.2715419 2.0443637 1.6688360 
Dgig_XM_028553639.1                                            1.0960654 1.0509506 1.0164481 1.2045614 1.0177772 1.1398425 1.3269646 1.4798388 1.1503246 1.1450224 1.0884358 1.1806566 1.1673143 1.2364807 1.3158663 1.3005026 1.2084990 1.3065953 1.2565053 1.2906259 1.3907599 1.3585241 1.3067917 1.2974902 1.1962458 1.2171397 1.2853228 1.2021835 0.9122172 0.9637762 1.0075998 0.9767619 0.9376575 0.9498470 0.9868986 1.0090094 0.0000000 0.3356648 1.0095034 1.0868290 1.1802665 1.1377572 1.2067801 1.3667799 1.4645893 1.3629392 1.3404750 1.4466921 1.4822250 1.5415619 1.5655549 1.7242573 1.1604728 2.0000726 1.6145952 
Xesp_001299-T1                                                 1.1274953 1.1307699 1.1853228 1.2461822 1.1237493 1.2028804 1.3721450 1.5215854 1.0799621 1.1806050 1.1434471 1.4273138 1.3822838 1.2740679 1.2725045 1.3107842 1.2175046 1.1714794 1.2990775 1.2639681 1.2597944 1.3925185 1.2274815 1.3204343 1.2727193 1.2642957 1.2265383 1.2388224 1.0269289 1.0228517 1.0251185 1.0486195 1.0354755 1.0459555 1.0155835 1.1124505 0.3356648 0.0000000 0.8834009 1.0148782 1.0668721 1.0995705 1.0924957 1.3705145 1.3858210 1.4285812 1.4299244 1.5102044 1.5667332 1.3208919 1.4416648 1.8179693 1.3680426 1.8622265 1.3018539 
Chem_TCONS_00005053                                            0.9469351 0.9764511 1.0508184 1.0036959 0.9662352 0.9575183 1.0776364 1.2486228 0.9853431 1.0304882 1.0179996 1.1990815 1.1034152 1.1928339 1.0441802 1.0750276 1.0155445 1.0933474 1.0537912 1.0754945 1.0628517 1.0343505 0.9214249 0.9767255 0.9537405 0.9832005 0.8224273 1.1140060 1.0566699 0.9251028 0.9554376 0.9739825 0.9427475 0.9520518 0.9421670 0.9952765 1.0095034 0.8834009 0.0000000 0.7199134 0.6983263 0.7215346 0.8452322 0.9964819 1.0062140 1.1694329 1.0670777 1.0991915 1.1884421 1.4008858 1.3412000 1.4926095 1.1593154 1.1254094 0.9759506 
Nemnom_g19580.t1                                               1.1352236 0.9902835 1.1199203 1.1272201 1.0229718 1.1947955 1.2650081 1.3048408 0.9494160 1.0144047 0.9582012 1.2728196 1.2152359 1.0903635 1.0793568 1.1272828 1.0682388 1.1716377 1.1688582 1.1234874 1.0969247 1.1383903 1.1907923 1.2811964 1.2058698 1.1694621 0.9387430 1.2739837 0.9392170 1.0224452 1.0615362 0.9923215 1.0473874 1.0654792 1.0500730 1.1177748 1.0868290 1.0148782 0.7199134 0.0000000 0.0832927 0.8198423 0.5776810 1.2732405 1.2991929 1.2440661 1.2079441 1.2563058 1.3306238 1.3090610 1.2722315 1.4355543 1.4286492 1.5524780 1.0614473 
Rhoesc_Res_005645-T1                                           1.0744582 0.9944046 1.0768219 1.1588673 0.9730754 1.1530935 1.2379535 1.3596528 1.0013240 1.0385272 0.9802890 1.2701154 1.1768366 1.0507062 1.0882966 1.1316229 1.0747080 1.1807434 1.2068322 1.1642632 1.0622350 1.1175300 1.1959327 1.2326945 1.1743032 1.0992529 0.9631076 1.3085504 0.9090300 1.0868020 1.0995299 1.0614696 1.0882834 1.1113241 1.0745198 1.1913274 1.1802665 1.0668721 0.6983263 0.0832927 0.0000000 0.8077714 0.5850962 1.2448374 1.3426070 1.2236731 1.1929588 1.2251029 1.2971913 1.3820103 1.3594401 1.4803489 1.4694976 1.5084735 1.1940047 
Morvir_scaffold7.g114.t1                                       1.0633414 1.0754366 1.1006128 1.0909715 0.9901993 1.1321537 1.2713487 1.4305774 1.0944580 1.1599552 1.1013864 1.2778258 1.2048833 1.1553932 1.2345110 1.2179202 1.1644652 1.1619641 1.1957102 1.2853357 1.2091694 1.1864404 1.2202099 1.2786299 1.2256543 1.1650936 1.0507761 1.2190507 1.0044556 0.9425341 0.9330536 0.9153571 0.9352160 0.9371993 0.9256131 0.9876927 1.1377572 1.0995705 0.7215346 0.8198423 0.8077714 0.0000000 0.8874944 1.1936771 1.2049279 1.3052437 1.2291191 1.2333292 1.2922045 1.2874629 1.3412910 1.5741744 1.3320154 1.5388413 1.0969863 
Sanmal_Sma_006257-T1                                           1.1940098 1.0091288 0.9393392 1.1072690 0.9420062 1.0093669 1.2503691 1.4908848 1.2312982 0.9190049 0.8864892 1.4430021 1.3427620 1.0115705 1.0511088 1.0704869 0.9996607 1.1478183 1.0858051 1.1468529 1.0121104 1.1360214 1.2367452 1.2225244 1.1587238 1.0816981 0.7270645 1.1958460 0.7776302 1.0671480 1.0180183 1.0102343 1.0044077 0.9830407 1.0459325 1.1945544 1.2067801 1.0924957 0.8452322 0.5776810 0.5850962 0.8874944 0.0000000 1.0796705 1.2435910 1.1205575 1.0547492 1.1709646 1.2727882 1.2200620 1.4330005 1.5097424 1.1426607 1.3836168 1.5865306 
Tadh_TriadT38307                                               1.1012024 1.0695638 1.0530224 1.0726830 1.0614658 0.9962207 1.1831676 1.2344258 1.1488353 1.2510395 1.1704182 1.5863857 1.4386304 1.0736489 1.1933570 1.3341784 1.2369623 1.3890828 1.1894929 1.4002124 1.2558477 1.2848563 1.1750350 1.2328299 1.1945676 1.1943729 1.1498807 1.2566809 1.3116756 1.2526460 1.3086069 1.2298253 1.2994668 1.2865803 1.2929382 1.3845187 1.3667799 1.3705145 0.9964819 1.2732405 1.2448374 1.1936771 1.0796705 0.0000000 0.0031092 0.3544545 0.3390084 0.3268484 0.3843768 1.7280506 1.5439843 1.5078464 1.3923697 1.9669846 0.9396039 
TrH2_TrispH2_009654-RA                                         1.1147163 1.0795712 1.0660874 1.0828366 1.0713489 1.0057444 1.1942807 1.3594885 1.2296619 1.2785609 1.1952203 1.6041324 1.4715391 1.0904187 1.2489404 1.3487467 1.2500372 1.4022796 1.2040945 1.4149982 1.2676910 1.2971341 1.2574232 1.2472429 1.2089289 1.2087894 1.1498807 1.3388101 1.3134006 1.3615706 1.4228090 1.3470082 1.4078139 1.4125842 1.4222301 1.4749173 1.4645893 1.3858210 1.0062140 1.2991929 1.3426070 1.2049279 1.2435910 0.0031092 0.0000000 0.3539584 0.3385314 0.3263804 0.3838976 1.7888099 1.7015170 1.5078464 1.3923697 2.0003065 1.2496363 
HoiH06_mRNA10541                                               1.0787399 1.1506624 1.0216893 1.1536389 1.1062838 1.1308123 1.2850606 1.2799479 1.2156640 1.2126635 1.1508752 1.4711245 1.2859568 1.1654054 1.1513633 1.3169890 1.2301729 1.2963224 1.2189942 1.2893247 1.2859743 1.2077496 1.1561050 1.1742006 1.1677002 1.2120847 1.0004172 1.2508615 1.2475090 1.2011256 1.2467177 1.1234104 1.2311507 1.2362709 1.2337138 1.2588766 1.3629392 1.4285812 1.1694329 1.2440661 1.2236731 1.3052437 1.1205575 0.3544545 0.3539584 0.0000000 0.0670516 0.1734858 0.1794122 1.7059284 1.6313927 1.5865720 1.0619649 2.0761974 1.2320896 
HoiH23_PlH23_004521-RA                                         0.9976042 1.0843758 0.9546627 1.0766252 1.0402972 1.0374663 1.1945782 1.2201580 1.1528783 1.1716417 1.1224926 1.4205422 1.2360463 1.1049493 1.1041671 1.2924545 1.2161853 1.2634408 1.1600810 1.2794619 1.2213839 1.1340530 1.1268453 1.1655694 1.1048987 1.1937024 0.9603675 1.2241885 1.1956641 1.0874847 1.1632962 1.0443132 1.1564634 1.1611621 1.1591474 1.1993244 1.3404750 1.4299244 1.0670777 1.2079441 1.1929588 1.2291191 1.0547492 0.3390084 0.3385314 0.0670516 0.0000000 0.1661708 0.2155129 1.6950169 1.6297283 1.5447226 1.0484157 1.9567184 1.2141016 
Hhon_g08652.t1                                                 1.0289667 1.1705374 1.0157180 1.1328853 1.0888467 1.0794757 1.2579869 1.2801738 1.1546185 1.2305661 1.1775578 1.4783098 1.2977773 1.1882242 1.2112221 1.3921506 1.2874281 1.3023939 1.2326498 1.4009921 1.3060662 1.2379950 1.1728032 1.1768775 1.1632221 1.2502794 0.9897217 1.3340523 1.2331698 1.2180382 1.2457084 1.0896683 1.2138187 1.2144730 1.2269145 1.3491324 1.4466921 1.5102044 1.0991915 1.2563058 1.2251029 1.2333292 1.1709646 0.3268484 0.3263804 0.1734858 0.1661708 0.0000000 0.0338750 1.7401365 1.6708340 1.6001162 1.1843770 2.1425971 1.1325597 
HoiH04_mRNA3790                                                1.0897826 1.2443737 1.0825583 1.1898125 1.1649963 1.1690781 1.3706894 1.3846274 1.2400808 1.3004520 1.2400859 1.4817779 1.3641946 1.2680020 1.3039732 1.3969714 1.2918533 1.3550029 1.2945668 1.4056866 1.3728174 1.3065484 1.2195373 1.2099263 1.2149375 1.3003953 1.0028027 1.3950962 1.3137996 1.3091469 1.3487857 1.1946812 1.3126850 1.3117113 1.3274552 1.3791929 1.4822250 1.5667332 1.1884421 1.3306238 1.2971913 1.2922045 1.2727882 0.3843768 0.3838976 0.1794122 0.2155129 0.0338750 0.0000000 1.7906866 1.6713851 1.6188800 1.1902962 2.1425971 1.4167623 
Nvec_v1g240847                                                 1.2742298 1.2677783 1.4301619 1.4471717 1.4187232 1.3644654 1.4398767 1.5773165 1.5752452 1.3600103 1.2532354 1.4960900 1.5402882 1.3336510 1.4950385 1.5562616 1.4746069 1.4864676 1.4772746 1.5799102 1.4354343 1.4431800 1.5489370 1.5240317 1.4944559 1.4801253 1.6218668 1.4976056 1.1173738 0.9560501 0.9692723 0.9268206 0.9978567 1.0114064 1.0121529 1.0242772 1.5415619 1.3208919 1.4008858 1.3090610 1.3820103 1.2874629 1.2200620 1.7280506 1.7888099 1.7059284 1.6950169 1.7401365 1.7906866 0.0000000 1.7060400 1.9910498 1.6917547 2.2970754 1.1713104 
Cscu_XM_023366666.1                                            1.0075320 1.1568644 1.0445045 1.0123290 1.0288600 1.1350073 1.4812992 1.5624295 1.3215882 1.2115537 1.1335500 1.4138528 1.4111502 1.6320463 1.5708669 1.5174237 1.4411116 1.5436617 1.5424654 1.4738094 1.4617472 1.3790897 1.3982738 1.3722492 1.3146576 1.2748078 1.0523209 1.3262069 1.3390721 1.2844042 1.3466019 1.3409628 1.3906118 1.4401419 1.3487709 1.4263712 1.5655549 1.4416648 1.3412000 1.2722315 1.3594401 1.3412910 1.4330005 1.5439843 1.7015170 1.6313927 1.6297283 1.6708340 1.6713851 1.7060400 0.0000000 1.8472430 1.2325630 2.0701171 1.9666581 
Stycar_snap_masked-SC_scaffold113946-processed-gene-0.5-mRNA-1 1.5155898 1.4278138 1.6429738 1.6720377 1.6288218 1.5094444 0.8840694 0.9216462 1.4564872 1.2715026 1.3127237 1.0944954 1.3021927 1.2548280 1.5230998 1.4890189 1.5474234 1.5293437 1.5301487 1.4940277 1.5247193 1.5424792 1.9018335 1.6986765 1.9758499 1.8453642 1.4430140 1.6833755 1.6994540 1.7017623 1.9194860 1.4531588 1.7105855 1.7328393 1.7320424 1.8612247 1.7242573 1.8179693 1.4926095 1.4355543 1.4803489 1.5741744 1.5097424 1.5078464 1.5078464 1.5865720 1.5447226 1.6001162 1.6188800 1.9910498 1.8472430 0.0000000 1.3619658 1.5772300 1.2514276 
Tetwil_g16080.t2                                               0.9659889 1.2336988 1.1130927 1.2223555 1.2521552 1.4291830 0.9185836 0.9767930 1.2287726 0.9857634 0.9857634 0.8625843 0.8498414 1.2233577 1.1549966 0.9947401 0.9947401 1.1210630 1.1195809 1.1088217 1.2623803 1.0902086 1.2113274 1.1342107 1.1338919 1.1847558 1.0188843 1.6085254 1.2680864 1.2159029 1.2622829 1.1739868 1.2917672 1.2759152 1.2136512 1.2715419 1.1604728 1.3680426 1.1593154 1.4286492 1.4694976 1.3320154 1.1426607 1.3923697 1.3923697 1.0619649 1.0484157 1.1843770 1.1902962 1.6917547 1.2325630 1.3619658 0.0000000 1.3907870 0.0000010 
Hvul_g31369_1                                                  1.9602314 1.7580332 1.9169597 2.1666723 2.2413964 1.5911229 1.9651620 2.1690790 1.9726790 1.7544750 1.9263266 1.4313605 2.0053526 1.7252635 1.7848914 1.3281242 1.4861126 1.9400268 1.5738746 1.2271711 1.6706938 1.7940233 2.0331603 1.9769937 1.9941157 1.9734371 1.0600288 2.0169630 1.8725505 1.8347416 1.8883420 1.7837745 1.8080000 1.7692900 1.6478754 2.0443637 2.0000726 1.8622265 1.1254094 1.5524780 1.5084735 1.5388413 1.3836168 1.9669846 2.0003065 2.0761974 1.9567184 2.1425971 2.1425971 2.2970754 2.0701171 1.5772300 1.3907870 0.0000000 3.4466949 
Pbac_sb2642952                                                 1.1805476 1.0326738 0.7621347 0.9466823 1.1140300 0.8744109 0.6955594 1.1660823 1.3419276 1.1573471 1.0251893 1.9694799 1.1222760 0.1187351 0.7037760 0.9051690 0.5582630 0.5542280 0.6159700 0.9155910 0.7036046 0.7355201 1.1989883 0.8498201 1.0172006 1.0197745 0.0000010 1.4350532 0.9629104 1.5229494 1.5241340 1.3093147 1.2035733 1.2684558 1.2491612 1.6688360 1.6145952 1.3018539 0.9759506 1.0614473 1.1940047 1.0969863 1.5865306 0.9396039 1.2496363 1.2320896 1.2141016 1.1325597 1.4167623 1.1713104 1.9666581 1.2514276 0.0000010 3.4466949 0.0000000 
