56
Hsap_ENST00000373079                                  0.0000000 2.7221019 2.2738172 1.8767698 1.9223923 2.0658398 2.2819529 2.2843577 1.9466778 2.0741143 2.0188932 1.9450142 1.8961878 1.9381131 1.9854115 1.9736509 2.1471087 2.0172766 2.2416523 2.1338764 2.2324449 2.4351181 2.5985615 2.5517560 2.1107780 2.4485194 3.0446856 2.2471675 2.7357124 2.6967976 2.6819673 2.5307712 2.3145236 2.6631197 2.9418278 2.6469004 2.6543197 2.3562449 2.6624439 2.2563854 2.3973179 2.3624034 2.1703717 2.9078643 2.9246420 2.9813490 3.0488270 2.7913086 2.7155635 2.6846538 2.8167510 2.6281395 3.9141246 2.5258595 2.4925135 2.3166143 
Bralan_BLAG03000561_1                                 2.7221019 0.0000000 1.0650482 0.7822460 0.8806912 0.9774090 1.0117231 1.0443889 1.2309463 1.3599570 1.2197745 1.2197745 1.2492761 1.1086506 1.2368037 1.3049661 2.3111276 0.9245939 1.3335639 1.6021419 1.6123300 1.5510710 1.5714623 1.8436156 2.0087244 1.6314975 2.2580015 1.5537258 1.5135026 1.6145475 1.7013973 1.5906941 0.0000010 1.5828157 1.4985937 1.2607164 1.2901951 0.9872201 1.1985251 1.6735544 1.4591646 1.4591646 1.0065892 2.0881488 2.8822200 2.0082389 3.0354039 2.3849795 1.9456909 2.3930982 2.4449984 3.1581183 1.8899741 1.6960399 1.6328672 0.9696558 
Spur_XM_030989312.1                                   2.2738172 1.0650482 0.0000000 0.5311160 0.7869886 0.7874274 0.8682489 0.9695153 0.9502033 0.9449199 0.9863510 1.0018107 0.9622965 0.8908987 0.8833917 0.8629483 0.9643735 1.0117559 0.9581771 1.0240984 1.2126953 1.2809054 1.4939239 1.6307686 1.2915656 1.5047619 1.7518058 1.2719502 1.5023515 1.4667470 1.4184422 1.4303841 1.0856765 1.4754697 1.4811645 1.4042268 1.3958993 1.2774169 1.2609275 1.2676103 1.4828924 1.4212486 1.3326910 1.4767376 1.4921303 1.5302361 1.6947920 1.7112112 1.6186128 1.6160014 1.6212185 1.4985820 2.3390565 2.1004209 2.1694616 1.1449438 
Skow_XM_006811118.1                                   1.8767698 0.7822460 0.5311160 0.0000000 0.5482051 0.6816142 0.7471621 0.8686380 0.8660597 0.8301934 0.8239778 0.8387932 0.8410658 0.8254936 0.8141053 0.8166350 0.8932421 0.8053485 0.8328522 0.7995003 1.0111329 1.0561772 1.1565646 1.5453437 1.2633912 1.4470856 1.6804423 1.1680341 1.4110413 1.4015106 1.4005427 1.3001403 1.0906381 1.3366180 1.4001070 1.4122801 1.4107059 1.1493370 1.2514218 1.1045155 1.3282433 1.2978462 1.1046069 1.4228240 1.3708048 1.5036715 1.5738920 1.3782258 1.3859443 1.2772826 1.3177572 1.3617049 2.1475013 1.5225159 1.6608529 0.9323610 
Cgig_XM_034466420.1                                   1.9223923 0.8806912 0.7869886 0.5482051 0.0000000 0.5697757 0.5806889 0.7167818 0.8379753 0.8314431 0.8990073 0.8984743 0.8871314 0.9076803 0.8216540 0.8593977 0.9328925 0.8986970 0.9411776 0.9628321 0.9825834 1.1125994 1.2247244 1.5192303 1.2714077 1.5346001 1.7548443 1.1994189 1.3929533 1.3510231 1.3610593 1.3245924 1.0850993 1.2905317 1.3289245 1.2663454 1.2753151 1.1474725 1.1694022 0.9793403 1.2023323 1.1411956 1.1244020 1.3077142 1.2965570 1.3871928 1.4908393 1.3534158 1.3538140 1.3035141 1.3511851 1.3765153 2.1617794 1.7712041 1.5934561 0.9522039 
Ctel_gnl_WGS_AMQN_CAPTEDRAFT_mRNA163453               2.0658398 0.9774090 0.7874274 0.6816142 0.5697757 0.0000000 0.6502356 0.7424833 0.9636390 0.8580946 0.9270281 0.9529476 0.9877437 0.9968420 0.8894222 0.9375251 1.0046117 0.9160950 0.9845138 0.9847519 1.0682976 1.1427961 1.2749348 1.5045520 1.1882908 1.5915656 1.8300371 1.1854352 1.4970159 1.4677910 1.4336243 1.4359358 1.3358428 1.4230474 1.4329716 1.4877619 1.4872281 1.3665183 1.3188088 1.0565436 1.2753511 1.2069224 1.2160738 1.3761255 1.3690849 1.4692157 1.5989017 1.4033796 1.4023664 1.3122825 1.3869064 1.3923405 2.3848407 2.0735975 1.8957111 0.9750515 
Acagra_model.g384.t1                                  2.2819529 1.0117231 0.8682489 0.7471621 0.5806889 0.6502356 0.0000000 0.8651818 1.0448667 1.0241815 1.1184441 1.1369303 1.0910758 1.0554175 1.0104193 1.0343250 1.1105827 1.0461329 1.0765024 1.1513342 1.2139107 1.3373030 1.3857743 1.6469070 1.2159060 1.4925188 1.7683144 1.4347328 1.3329954 1.3655878 1.3152673 1.2541663 1.2245153 1.2972146 1.2636347 1.3288098 1.3278498 1.1890947 1.2591123 0.9772927 1.3899894 1.3111824 1.2539285 1.1993780 1.3894169 1.5155259 1.7388927 1.6177621 1.5563033 1.5218722 1.6113996 1.3799958 2.3407457 1.7827979 1.9827880 1.0420713 
Dpul_mRNA319                                          2.2843577 1.0443889 0.9695153 0.8686380 0.7167818 0.7424833 0.8651818 0.0000000 1.0529512 0.9622868 0.9692487 0.9612457 0.9982196 0.9903265 0.9871745 0.9842079 1.0469943 0.9441253 1.0581064 1.1027331 1.0779291 1.2202765 1.2058018 1.5998523 1.3520650 1.5860036 1.9371699 1.3492401 1.3894015 1.4375327 1.3945972 1.4449250 1.3372098 1.3639220 1.4868026 1.4248337 1.4258862 1.2638864 1.2316234 1.1243142 1.2280993 1.1789560 1.3322093 1.5817890 1.4933255 1.5629581 1.6958782 1.5289028 1.5026296 1.4600804 1.5305772 1.4620860 2.0005937 1.8418734 2.0470399 0.9801610 
Exapal_XM_021043858.2                                 1.9466778 1.2309463 0.9502033 0.8660597 0.8379753 0.9636390 1.0448667 1.0529512 0.0000000 0.3391100 0.5130828 0.4928176 0.4119612 0.4721702 0.4346715 0.4280580 0.5567678 0.6161273 0.6972148 0.7926144 0.8480239 0.8534601 1.0208520 1.6217126 1.0440165 1.5705069 1.9464298 1.0616534 1.4834074 1.4745917 1.4511109 1.4000623 1.0852482 1.4418629 1.4552956 1.4078051 1.4089655 1.3168283 1.4250068 1.3807809 1.1439009 1.0888251 1.1557435 1.2833336 1.3118838 1.4557062 1.4628419 1.4655696 1.3829747 1.3700810 1.5246853 1.4452505 2.4999340 1.1949432 1.3739997 1.2379086 
Nvec_v1g236778                                        2.0741143 1.3599570 0.9449199 0.8301934 0.8314431 0.8580946 1.0241815 0.9622868 0.3391100 0.0000000 0.4187752 0.4110440 0.3592799 0.3797220 0.3420876 0.3349531 0.4732322 0.6234177 0.6700117 0.6795746 0.8140672 0.8854424 0.9874928 1.5759041 1.1287409 1.6438064 1.8780751 1.0173425 1.4237031 1.3703295 1.3809800 1.2936224 1.0176848 1.3519365 1.4067383 1.4053505 1.4065029 1.1622152 1.3362541 1.2636810 1.0886626 1.0385035 1.1231300 1.2087619 1.2272324 1.5084835 1.4533078 1.3746530 1.3688983 1.2056846 1.4623025 1.4143664 2.3536289 1.2213883 1.3436749 1.1586879 
Adig_XM_015899812.1                                   2.0188932 1.2197745 0.9863510 0.8239778 0.8990073 0.9270281 1.1184441 0.9692487 0.5130828 0.4187752 0.0000000 0.0098397 0.2631228 0.3025099 0.2949899 0.2786674 0.3347634 0.7268590 0.7775959 0.9196372 1.0038371 1.0326522 1.2630618 1.9421879 1.1960341 1.8104284 1.7623590 1.0629390 1.5632393 1.5357617 1.5274578 1.4631444 1.2147119 1.5121085 1.6471235 1.4486592 1.4501282 1.3391890 1.3745908 1.3080715 1.2860500 1.2340130 1.2337390 1.3148307 1.3801106 1.6904236 1.7100235 1.4670394 1.5106743 1.4013786 1.4937647 1.5728688 2.3837300 1.2766433 1.4778789 1.2805298 
Amil_Amillepora13110-RA                               1.9450142 1.2197745 1.0018107 0.8387932 0.8984743 0.9529476 1.1369303 0.9612457 0.4928176 0.4110440 0.0098397 0.0000000 0.2555780 0.3008766 0.2877575 0.2759633 0.3274932 0.7176496 0.7838688 0.9123414 0.9636652 0.9963058 1.2409386 1.8571059 1.1091515 1.7718944 1.7426829 1.0298667 1.4727854 1.4377417 1.4011094 1.3483204 0.9914349 1.4264361 1.5106696 1.3417315 1.3428256 1.3089054 1.3410012 1.3164329 1.2621587 1.2121946 1.2306123 1.2884613 1.3584583 1.5526539 1.6748926 1.4414147 1.4893024 1.4026045 1.4905067 1.6001019 2.4434222 1.2821575 1.4711741 1.2447632 
Fspp_ffun1.m4.3660.m1                                 1.8961878 1.2492761 0.9622965 0.8410658 0.8871314 0.9877437 1.0910758 0.9982196 0.4119612 0.3592799 0.2631228 0.2555780 0.0000000 0.1319208 0.1338814 0.1240043 0.2453403 0.6534333 0.7493012 0.8445192 0.9826726 0.9610021 1.0651860 1.7739378 1.0811796 1.6883263 2.1056324 1.2285341 1.5059556 1.4837384 1.4298694 1.3625521 0.9584282 1.4722057 1.5065825 1.3286276 1.3295910 1.2433640 1.4959926 1.2699997 1.2034856 1.1720713 1.3057435 1.3877327 1.3752736 1.3676689 1.5387707 1.5430858 1.5220149 1.4780617 1.5856544 1.5287118 2.5751935 1.3827133 1.5551807 1.1343671 
Gasp_gasp1.m3.6274.m1                                 1.9381131 1.1086506 0.8908987 0.8254936 0.9076803 0.9968420 1.0554175 0.9903265 0.4721702 0.3797220 0.3025099 0.3008766 0.1319208 0.0000000 0.1614094 0.1391717 0.3090593 0.6637255 0.7901929 0.8942366 0.9893843 0.9962023 1.0768910 1.6771831 0.9904552 1.5364057 1.8671989 1.2576188 1.4363303 1.4445724 1.3915861 1.3239900 1.0429682 1.4304815 1.4843072 1.4015169 1.4026757 1.2079269 1.3783949 1.3020522 1.2371256 1.1984577 1.2515946 1.2480151 1.3264376 1.4029603 1.5544992 1.5349667 1.5409546 1.4894283 1.5752298 1.4772784 2.6167593 1.3025714 1.4858556 1.1357726 
Spis_XP_022790444_1                                   1.9854115 1.2368037 0.8833917 0.8141053 0.8216540 0.8894222 1.0104193 0.9871745 0.4346715 0.3420876 0.2949899 0.2877575 0.1338814 0.1614094 0.0000000 0.0459935 0.2864211 0.6680816 0.7386089 0.8560178 0.9083323 0.9354356 1.0635156 1.7034144 1.0252631 1.6078449 1.8374116 1.1417941 1.4177139 1.4071890 1.3636626 1.2509903 0.9095565 1.4061144 1.4090595 1.2770093 1.2777915 1.1849725 1.4050988 1.2327461 1.1148566 1.0700198 1.2601351 1.1940856 1.2945880 1.3965771 1.4439520 1.4384497 1.4676419 1.3263926 1.4869650 1.4997993 2.6409785 1.3023964 1.5126852 1.1778676 
Pocdam_XM_027189456.1                                 1.9736509 1.3049661 0.8629483 0.8166350 0.8593977 0.9375251 1.0343250 0.9842079 0.4280580 0.3349531 0.2786674 0.2759633 0.1240043 0.1391717 0.0459935 0.0000000 0.2771941 0.6637873 0.7587782 0.8443371 0.9139985 0.9854262 1.0888486 1.6975224 0.9902549 1.6263841 1.8764028 1.1660914 1.4446443 1.4355302 1.3764764 1.3099983 0.9290650 1.4063496 1.4810547 1.3361063 1.3370725 1.2080978 1.4452766 1.2823330 1.1367386 1.0899342 1.2779422 1.1999339 1.2961205 1.4031462 1.4606541 1.5055277 1.5183927 1.3567211 1.5275725 1.5312280 2.6432811 1.3742570 1.4789794 1.2221128 
Gfas_gfas1.m1.13403.m1                                2.1471087 2.3111276 0.9643735 0.8932421 0.9328925 1.0046117 1.1105827 1.0469943 0.5567678 0.4732322 0.3347634 0.3274932 0.2453403 0.3090593 0.2864211 0.2771941 0.0000000 0.7771030 0.7936087 0.9008147 1.0738731 1.1500630 1.0965443 1.8119660 1.1360112 1.6684579 2.1335240 1.3904816 1.5649168 1.5471406 1.4408374 1.3986633 0.9882673 1.5072082 1.5916114 1.3872919 1.3885281 1.2222202 1.5305195 1.3676352 1.3544871 1.3033835 1.3290647 1.1931030 1.4123390 1.5166788 1.6285378 1.5413341 1.6046194 1.4827094 1.6683883 1.4398240 3.6923544 2.4494946 2.4871808 1.5749560 
Dgig_XM_028550689.1                                   2.0172766 0.9245939 1.0117559 0.8053485 0.8986970 0.9160950 1.0461329 0.9441253 0.6161273 0.6234177 0.7268590 0.7176496 0.6534333 0.6637255 0.6680816 0.6637873 0.7771030 0.0000000 0.9011280 0.9371710 0.9562156 1.0245945 0.5631770 1.5082530 1.1436499 1.4649796 1.9544937 1.1345495 1.5372901 1.5138821 1.5472045 1.4612790 1.2896234 1.5025564 1.5250475 1.5852151 1.5994768 1.3646748 1.4434280 1.3650650 1.0467505 1.0114225 1.0400220 1.4743420 1.3854162 1.8210199 1.6770738 1.3790796 1.5519356 1.4255468 1.4793230 1.4014102 2.2993143 1.3940550 1.4065033 1.1197176 
Hvul_g17707_1                                         2.2416523 1.3335639 0.9581771 0.8328522 0.9411776 0.9845138 1.0765024 1.0581064 0.6972148 0.6700117 0.7775959 0.7838688 0.7493012 0.7901929 0.7386089 0.7587782 0.7936087 0.9011280 0.0000000 0.3894977 0.6483226 0.7326164 1.2417050 1.5456998 1.0101101 1.3423322 1.9779895 0.9167097 1.5286926 1.4630101 1.4048599 1.3855233 1.0275306 1.4009478 1.5049839 1.4983406 1.4998255 1.3329042 1.3186442 1.3096221 1.0414027 1.0037295 1.1763720 1.4395177 1.3912278 1.5822989 1.5777311 1.3413322 1.2322959 1.2434627 1.3966864 1.2605257 2.1060003 1.0847799 1.1552141 1.3158201 
Chem_TCONS_00018570                                   2.1338764 1.6021419 1.0240984 0.7995003 0.9628321 0.9847519 1.1513342 1.1027331 0.7926144 0.6795746 0.9196372 0.9123414 0.8445192 0.8942366 0.8560178 0.8443371 0.9008147 0.9371710 0.3894977 0.0000000 0.7590728 0.7958323 1.2957704 1.4283314 1.0029921 1.3549849 1.9909891 1.0255185 1.6008660 1.5563304 1.4892279 1.5346834 1.0846255 1.4487016 1.5838894 1.5051918 1.5046941 1.2915798 1.5054778 1.3807650 1.1360470 1.0807700 1.2135369 1.4627625 1.4292815 1.6946449 1.6441683 1.4547759 1.3546061 1.3206406 1.5114538 1.3509742 2.3919775 1.4461535 1.4051669 1.2573647 
Rhoesc_Res_017236-T1                                  2.2324449 1.6123300 1.2126953 1.0111329 0.9825834 1.0682976 1.2139107 1.0779291 0.8480239 0.8140672 1.0038371 0.9636652 0.9826726 0.9893843 0.9083323 0.9139985 1.0738731 0.9562156 0.6483226 0.7590728 0.0000000 0.5386844 1.2356847 1.5261537 1.0649089 1.4322630 1.7988486 0.9555649 1.8056630 1.7680553 1.7138209 1.6780164 1.3239103 1.6907437 1.6984567 1.7877408 1.8034968 1.4210351 1.5958083 1.4119163 1.1975111 1.1499065 1.2072654 1.4149979 1.4473406 1.6066301 1.6184613 1.4633184 1.3842830 1.3360763 1.5695289 1.4239320 2.4215327 0.4644186 0.4642210 1.3433033 
Sanmal_Sma_024313-T1                                  2.4351181 1.5510710 1.2809054 1.0561772 1.1125994 1.1427961 1.3373030 1.2202765 0.8534601 0.8854424 1.0326522 0.9963058 0.9610021 0.9962023 0.9354356 0.9854262 1.1500630 1.0245945 0.7326164 0.7958323 0.5386844 0.0000000 1.3390340 1.5683390 1.0246395 1.5170978 1.8717952 0.9383518 1.7070989 1.6669779 1.5843973 1.5674040 1.1787880 1.5674111 1.6063439 1.6699845 1.6708647 1.4055858 1.6889874 1.4804639 1.1827401 1.1485244 1.2183820 1.4686480 1.4104439 1.6704626 1.5562854 1.5963820 1.4799019 1.5263780 1.6378026 1.5038886 3.0429020 0.5181400 0.8446151 1.8358831 
Xesp_019880-T1                                        2.5985615 1.5714623 1.4939239 1.1565646 1.2247244 1.2749348 1.3857743 1.2058018 1.0208520 0.9874928 1.2630618 1.2409386 1.0651860 1.0768910 1.0635156 1.0888486 1.0965443 0.5631770 1.2417050 1.2957704 1.2356847 1.3390340 0.0000000 1.8419898 1.2606391 1.8939003 2.3593659 1.4355180 1.9674837 1.9342944 1.9278080 1.8976342 1.3764440 1.9174367 1.9134998 1.9674361 1.9691485 1.7337691 2.0054497 1.6365045 1.4345317 1.3750011 1.4952503 1.8484239 1.9775121 2.3239202 2.2247747 1.9392151 2.0297105 1.9236016 1.9709992 1.4817039 3.6642284 2.2949575 2.6843784 1.7767008 
Aque_Aqu2.1.35105_001                                 2.5517560 1.8436156 1.6307686 1.5453437 1.5192303 1.5045520 1.6469070 1.5998523 1.6217126 1.5759041 1.9421879 1.8571059 1.7739378 1.6771831 1.7034144 1.6975224 1.8119660 1.5082530 1.5456998 1.4283314 1.5261537 1.5683390 1.8419898 0.0000000 0.5063477 0.6978559 1.6497527 1.7216195 2.0390603 2.0331437 1.9444977 1.9283660 1.8947690 1.9931509 2.0866873 2.2084456 2.2140249 1.7938050 1.7710096 1.6150688 1.6228796 1.5791459 1.5202226 1.9355893 1.9688501 2.2230584 2.0892258 1.7441410 1.9046063 1.7458586 1.8254561 1.9917112 1.4570689 2.3920830 2.7657530 1.9552989 
Halamb_c65260_g1_i1m.46201                            2.1107780 2.0087244 1.2915656 1.2633912 1.2714077 1.1882908 1.2159060 1.3520650 1.0440165 1.1287409 1.1960341 1.1091515 1.0811796 0.9904552 1.0252631 0.9902549 1.1360112 1.1436499 1.0101101 1.0029921 1.0649089 1.0246395 1.2606391 0.5063477 0.0000000 0.5016255 0.9008973 1.1011634 1.6767652 1.6767652 1.6965710 1.7494554 1.4565769 1.7364823 1.7868423 1.6858360 1.6444705 1.5248738 1.8631426 1.4701346 1.2811450 1.2552321 1.2811209 1.4209746 1.4324441 1.6009535 1.6916286 1.5442152 1.6909984 1.4671326 1.6367880 1.2712513 9.0000000 2.0337181 3.1243946 2.3732042 
Xestes_maker-XT_scaffold462-augustus-gene-0.35-mRNA-1 2.4485194 1.6314975 1.5047619 1.4470856 1.5346001 1.5915656 1.4925188 1.5860036 1.5705069 1.6438064 1.8104284 1.7718944 1.6883263 1.5364057 1.6078449 1.6263841 1.6684579 1.4649796 1.3423322 1.3549849 1.4322630 1.5170978 1.8939003 0.6978559 0.5016255 0.0000000 1.7149490 1.6399422 2.1589145 2.1408961 2.1060088 2.0674634 1.8607072 2.0873595 2.2108267 2.1912734 2.1966895 1.9272198 1.9958201 1.9257816 1.5615840 1.5539022 1.5090641 1.8095468 1.9282110 2.1222988 2.1441964 1.7643951 1.8509964 1.8128087 1.9589016 1.9389549 1.6584618 1.7205384 2.3046080 2.0872308 
Tetwil_g7773.t1                                       3.0446856 2.2580015 1.7518058 1.6804423 1.7548443 1.8300371 1.7683144 1.9371699 1.9464298 1.8780751 1.7623590 1.7426829 2.1056324 1.8671989 1.8374116 1.8764028 2.1335240 1.9544937 1.9779895 1.9909891 1.7988486 1.8717952 2.3593659 1.6497527 0.9008973 1.7149490 0.0000000 2.0458414 2.4453595 2.3185933 2.3813375 2.2176380 2.2192237 2.3488259 2.3616074 2.3242570 2.3238326 1.8790289 2.0431178 1.8147806 1.7904892 1.8073260 2.0523292 1.9274202 2.2025597 2.3416979 2.4685758 1.9480262 2.0632041 2.0695522 2.1555898 1.8093909 2.1431808 2.3270263 2.3389203 2.2757619 
Morvir_scaffold107.g50.t1                             2.2471675 1.5537258 1.2719502 1.1680341 1.1994189 1.1854352 1.4347328 1.3492401 1.0616534 1.0173425 1.0629390 1.0298667 1.2285341 1.2576188 1.1417941 1.1660914 1.3904816 1.1345495 0.9167097 1.0255185 0.9555649 0.9383518 1.4355180 1.7216195 1.1011634 1.6399422 2.0458414 0.0000000 1.9955076 1.9473896 1.9511911 1.8630195 1.4717534 1.8855872 1.8821929 2.0087781 2.0092706 1.4427958 1.4352804 1.4900704 1.3295866 1.2769692 1.3986912 1.6327555 1.6956122 1.9533514 1.9235112 1.7652311 1.7453495 1.5850935 1.8091906 1.6570040 3.2024100 1.0120506 1.2089646 1.6341662 
Mlei_ML1500.g9.i1                                     2.7357124 1.5135026 1.5023515 1.4110413 1.3929533 1.4970159 1.3329954 1.3894015 1.4834074 1.4237031 1.5632393 1.4727854 1.5059556 1.4363303 1.4177139 1.4446443 1.5649168 1.5372901 1.5286926 1.6008660 1.8056630 1.7070989 1.9674837 2.0390603 1.6767652 2.1589145 2.4453595 1.9955076 0.0000000 0.0285706 0.1539965 0.1784730 0.2260429 0.1597462 0.2663078 0.4988231 0.4976576 0.5184765 0.3090936 1.5325559 2.1368694 2.0170601 1.9823322 1.7833127 1.9550913 1.8964026 2.0060687 2.0259780 1.9198746 2.0631414 2.0952557 1.5723349 2.2046372 2.5526548 2.5478108 1.5291590 
Vmul_sbMO433246                                       2.6967976 1.6145475 1.4667470 1.4015106 1.3510231 1.4677910 1.3655878 1.4375327 1.4745917 1.3703295 1.5357617 1.4377417 1.4837384 1.4445724 1.4071890 1.4355302 1.5471406 1.5138821 1.4630101 1.5563304 1.7680553 1.6669779 1.9342944 2.0331437 1.6767652 2.1408961 2.3185933 1.9473896 0.0285706 0.0000000 0.1051021 0.1443569 0.1522154 0.1243949 0.2198682 0.4317239 0.4262654 0.4653761 0.3203538 1.5613358 2.1339854 2.0264756 1.8971799 1.7500551 1.9576065 1.8457951 1.9526071 1.9933445 1.8636363 2.0786347 2.0885900 1.6270036 2.3503298 2.7169996 2.6763163 1.5961854 
Bolinf_Binf_sb1237243                                 2.6819673 1.7013973 1.4184422 1.4005427 1.3610593 1.4336243 1.3152673 1.3945972 1.4511109 1.3809800 1.5274578 1.4011094 1.4298694 1.3915861 1.3636626 1.3764764 1.4408374 1.5472045 1.4048599 1.4892279 1.7138209 1.5843973 1.9278080 1.9444977 1.6965710 2.1060088 2.3813375 1.9511911 0.1539965 0.1051021 0.0000000 0.1605377 0.1385012 0.1422365 0.2161086 0.4362119 0.4291388 0.5074585 0.3904153 1.5199708 2.1434905 2.0278583 1.8233152 1.6795279 1.8909179 1.7442326 1.8511252 2.0546712 1.8776111 2.1007870 2.1668866 1.6255554 2.3189152 2.5483012 2.7807061 1.6087679 
Mertsp_Mesp_sb562103                                  2.5307712 1.5906941 1.4303841 1.3001403 1.3245924 1.4359358 1.2541663 1.4449250 1.4000623 1.2936224 1.4631444 1.3483204 1.3625521 1.3239900 1.2509903 1.3099983 1.3986633 1.4612790 1.3855233 1.5346834 1.6780164 1.5674040 1.8976342 1.9283660 1.7494554 2.0674634 2.2176380 1.8630195 0.1784730 0.1443569 0.1605377 0.0000000 0.1619294 0.1600038 0.2604914 0.4160666 0.4146688 0.4250895 0.2969471 1.5614033 2.1102117 2.0179657 1.8263673 1.6654225 1.8071787 1.7733203 1.8432116 1.9660757 1.8278869 2.0592007 1.9750021 1.5903481 2.1618637 2.4677226 2.4451392 1.4953357 
Lampan_Lpan_14088_01                                  2.3145236 0.0000010 1.0856765 1.0906381 1.0850993 1.3358428 1.2245153 1.3372098 1.0852482 1.0176848 1.2147119 0.9914349 0.9584282 1.0429682 0.9095565 0.9290650 0.9882673 1.2896234 1.0275306 1.0846255 1.3239103 1.1787880 1.3764440 1.8947690 1.4565769 1.8607072 2.2192237 1.4717534 0.2260429 0.1522154 0.1385012 0.1619294 0.0000000 0.1501084 0.2287738 0.2811635 0.2811635 0.3168112 0.4329422 1.2927813 1.6181491 1.5212334 1.5406867 1.5196267 1.5554867 1.4759280 1.6355053 1.6759549 1.5476280 1.6509627 1.5954321 1.4622139 1.9987222 0.0000010 3.4669752 0.1846538 
Beraby_Baby_sb338123                                  2.6631197 1.5828157 1.4754697 1.3366180 1.2905317 1.4230474 1.2972146 1.3639220 1.4418629 1.3519365 1.5121085 1.4264361 1.4722057 1.4304815 1.4061144 1.4063496 1.5072082 1.5025564 1.4009478 1.4487016 1.6907437 1.5674111 1.9174367 1.9931509 1.7364823 2.0873595 2.3488259 1.8855872 0.1597462 0.1243949 0.1422365 0.1600038 0.1501084 0.0000000 0.2320093 0.4706802 0.4722451 0.4423166 0.3992301 1.5494538 2.0393593 1.9366948 1.8359081 1.7638644 1.9372298 1.8716898 1.9658609 1.9933416 1.8436058 2.0422450 1.9807808 1.6090636 2.1875743 2.6011505 2.4809588 1.5699522 
Drygla_Dgla_sb302865                                  2.9418278 1.4985937 1.4811645 1.4001070 1.3289245 1.4329716 1.2636347 1.4868026 1.4552956 1.4067383 1.6471235 1.5106696 1.5065825 1.4843072 1.4090595 1.4810547 1.5916114 1.5250475 1.5049839 1.5838894 1.6984567 1.6063439 1.9134998 2.0866873 1.7868423 2.2108267 2.3616074 1.8821929 0.2663078 0.2198682 0.2161086 0.2604914 0.2287738 0.2320093 0.0000000 0.4698607 0.4627429 0.5198059 0.3896930 1.6085928 2.1528978 2.0557624 1.8773343 1.6808294 1.9115620 1.7974470 2.0058773 2.0061724 1.9870581 2.1271839 2.2161899 1.6981830 2.6488702 2.5474526 2.6636507 1.4801509 
Coeast_Cast_sb793733                                  2.6469004 1.2607164 1.4042268 1.4122801 1.2663454 1.4877619 1.3288098 1.4248337 1.4078051 1.4053505 1.4486592 1.3417315 1.3286276 1.4015169 1.2770093 1.3361063 1.3872919 1.5852151 1.4983406 1.5051918 1.7877408 1.6699845 1.9674361 2.2084456 1.6858360 2.1912734 2.3242570 2.0087781 0.4988231 0.4317239 0.4362119 0.4160666 0.2811635 0.4706802 0.4698607 0.0000000 0.0030446 0.6609919 0.5669241 1.4287079 1.9783076 1.9317055 1.7907638 1.9388042 2.0254744 2.0073532 2.1320089 2.0556273 1.9405923 2.0813844 2.1486968 1.7464924 2.5794999 2.4960151 2.5563915 1.5549060 
Coemet_Cmet_C602497_01                                2.6543197 1.2901951 1.3958993 1.4107059 1.2753151 1.4872281 1.3278498 1.4258862 1.4089655 1.4065029 1.4501282 1.3428256 1.3295910 1.4026757 1.2777915 1.3370725 1.3885281 1.5994768 1.4998255 1.5046941 1.8034968 1.6708647 1.9691485 2.2140249 1.6444705 2.1966895 2.3238326 2.0092706 0.4976576 0.4262654 0.4291388 0.4146688 0.2811635 0.4722451 0.4627429 0.0030446 0.0000000 0.6534610 0.5657229 1.4399149 1.9813563 1.9344773 1.7919546 1.9421537 2.0246469 2.0106052 2.1313351 2.0587776 1.9452266 2.0806517 2.1507692 1.7415882 2.5913217 2.5195095 2.6046440 1.5625408 
Eupdun_Edun_sb10640149                                2.3562449 0.9872201 1.2774169 1.1493370 1.1474725 1.3665183 1.1890947 1.2638864 1.3168283 1.1622152 1.3391890 1.3089054 1.2433640 1.2079269 1.1849725 1.2080978 1.2222202 1.3646748 1.3329042 1.2915798 1.4210351 1.4055858 1.7337691 1.7938050 1.5248738 1.9272198 1.8790289 1.4427958 0.5184765 0.4653761 0.5074585 0.4250895 0.3168112 0.4423166 0.5198059 0.6609919 0.6534610 0.0000000 0.6359094 1.2521084 1.5728424 1.5157065 1.6501548 1.8323052 1.6372497 1.9361756 1.9229454 1.7039522 1.8831794 1.8089145 1.8495389 1.6700079 2.1448085 1.5201308 1.7876070 1.5071405 
Pbac_sb2638818                                        2.6624439 1.1985251 1.2609275 1.2514218 1.1694022 1.3188088 1.2591123 1.2316234 1.4250068 1.3362541 1.3745908 1.3410012 1.4959926 1.3783949 1.4050988 1.4452766 1.5305195 1.4434280 1.3186442 1.5054778 1.5958083 1.6889874 2.0054497 1.7710096 1.8631426 1.9958201 2.0431178 1.4352804 0.3090936 0.3203538 0.3904153 0.2969471 0.4329422 0.3992301 0.3896930 0.5669241 0.5657229 0.6359094 0.0000000 1.5158085 2.0584876 1.8925136 1.6310528 1.7622866 1.9216917 1.9175983 2.0777282 2.1695925 2.1733424 2.2975085 2.2243271 1.3978052 1.9612567 2.1966391 2.2839190 1.4438046 
Tcas_TC032798_001                                     2.2563854 1.6735544 1.2676103 1.1045155 0.9793403 1.0565436 0.9772927 1.1243142 1.3807809 1.2636810 1.3080715 1.3164329 1.2699997 1.3020522 1.2327461 1.2823330 1.3676352 1.3650650 1.3096221 1.3807650 1.4119163 1.4804639 1.6365045 1.6150688 1.4701346 1.9257816 1.8147806 1.4900704 1.5325559 1.5613358 1.5199708 1.5614033 1.2927813 1.5494538 1.6085928 1.4287079 1.4399149 1.2521084 1.5158085 0.0000000 1.5809018 1.5419114 1.6479940 1.6019082 1.6400794 1.8459050 1.9323921 1.8191746 1.7751157 1.7743629 1.7502120 1.8058964 2.7612325 1.9291675 2.2789867 1.4179664 
Ocar_g10128                                           2.3973179 1.4591646 1.4828924 1.3282433 1.2023323 1.2753511 1.3899894 1.2280993 1.1439009 1.0886626 1.2860500 1.2621587 1.2034856 1.2371256 1.1148566 1.1367386 1.3544871 1.0467505 1.0414027 1.1360470 1.1975111 1.1827401 1.4345317 1.6228796 1.2811450 1.5615840 1.7904892 1.3295866 2.1368694 2.1339854 2.1434905 2.1102117 1.6181491 2.0393593 2.1528978 1.9783076 1.9813563 1.5728424 2.0584876 1.5809018 0.0000000 0.0092550 0.8591419 1.5390145 1.6999437 2.0415133 1.9806321 1.4495623 1.4432393 1.3749603 1.4835758 1.5338641 2.0994141 1.3405355 1.4719279 1.5866218 
Opea_EP00118_Oscarella_pearsei_P000325                2.3624034 1.4591646 1.4212486 1.2978462 1.1411956 1.2069224 1.3111824 1.1789560 1.0888251 1.0385035 1.2340130 1.2121946 1.1720713 1.1984577 1.0700198 1.0899342 1.3033835 1.0114225 1.0037295 1.0807700 1.1499065 1.1485244 1.3750011 1.5791459 1.2552321 1.5539022 1.8073260 1.2769692 2.0170601 2.0264756 2.0278583 2.0179657 1.5212334 1.9366948 2.0557624 1.9317055 1.9344773 1.5157065 1.8925136 1.5419114 0.0092550 0.0000000 0.8044965 1.4357836 1.5901712 1.9061199 1.8720854 1.4143205 1.4021349 1.3345648 1.4388920 1.4343403 2.0994141 1.3405355 1.5565779 1.5866218 
Plajan_Pjan_C558265_01                                2.1703717 1.0065892 1.3326910 1.1046069 1.1244020 1.2160738 1.2539285 1.3322093 1.1557435 1.1231300 1.2337390 1.2306123 1.3057435 1.2515946 1.2601351 1.2779422 1.3290647 1.0400220 1.1763720 1.2135369 1.2072654 1.2183820 1.4952503 1.5202226 1.2811209 1.5090641 2.0523292 1.3986912 1.9823322 1.8971799 1.8233152 1.8263673 1.5406867 1.8359081 1.8773343 1.7907638 1.7919546 1.6501548 1.6310528 1.6479940 0.8591419 0.8044965 0.0000000 1.5104677 1.5692166 1.7671895 1.6960725 1.6797434 1.5176749 1.4450194 1.6755736 1.4162498 2.5706687 1.3839382 1.8330874 1.4395102 
Tadh_TriadT32481                                      2.9078643 2.0881488 1.4767376 1.4228240 1.3077142 1.3761255 1.1993780 1.5817890 1.2833336 1.2087619 1.3148307 1.2884613 1.3877327 1.2480151 1.1940856 1.1999339 1.1931030 1.4743420 1.4395177 1.4627625 1.4149979 1.4686480 1.8484239 1.9355893 1.4209746 1.8095468 1.9274202 1.6327555 1.7833127 1.7500551 1.6795279 1.6654225 1.5196267 1.7638644 1.6808294 1.9388042 1.9421537 1.8323052 1.7622866 1.6019082 1.5390145 1.4357836 1.5104677 0.0000000 0.1753375 0.5561481 0.5418333 1.7489599 2.0197575 1.8363990 1.9654345 1.7933545 2.8409089 1.8590829 2.9655863 2.0953543 
TrH2_TrispH2_006061-RA                                2.9246420 2.8822200 1.4921303 1.3708048 1.2965570 1.3690849 1.3894169 1.4933255 1.3118838 1.2272324 1.3801106 1.3584583 1.3752736 1.3264376 1.2945880 1.2961205 1.4123390 1.3854162 1.3912278 1.4292815 1.4473406 1.4104439 1.9775121 1.9688501 1.4324441 1.9282110 2.2025597 1.6956122 1.9550913 1.9576065 1.8909179 1.8071787 1.5554867 1.9372298 1.9115620 2.0254744 2.0246469 1.6372497 1.9216917 1.6400794 1.6999437 1.5901712 1.5692166 0.1753375 0.0000000 0.4669108 0.3440940 1.5304593 1.8009039 1.6470419 1.7651698 1.7185077 4.2365059 2.2452010 2.4947714 1.8384525 
HoiH06_mRNA13521                                      2.9813490 2.0082389 1.5302361 1.5036715 1.3871928 1.4692157 1.5155259 1.5629581 1.4557062 1.5084835 1.6904236 1.5526539 1.3676689 1.4029603 1.3965771 1.4031462 1.5166788 1.8210199 1.5822989 1.6946449 1.6066301 1.6704626 2.3239202 2.2230584 1.6009535 2.1222988 2.3416979 1.9533514 1.8964026 1.8457951 1.7442326 1.7733203 1.4759280 1.8716898 1.7974470 2.0073532 2.0106052 1.9361756 1.9175983 1.8459050 2.0415133 1.9061199 1.7671895 0.5561481 0.4669108 0.0000000 0.1230494 1.6857664 1.9729612 1.7493365 2.0522913 2.0217981 3.4964403 2.6183493 2.6654035 1.7630928 
HoiH23_PlH23_008609-RA                                3.0488270 3.0354039 1.6947920 1.5738920 1.4908393 1.5989017 1.7388927 1.6958782 1.4628419 1.4533078 1.7100235 1.6748926 1.5387707 1.5544992 1.4439520 1.4606541 1.6285378 1.6770738 1.5777311 1.6441683 1.6184613 1.5562854 2.2247747 2.0892258 1.6916286 2.1441964 2.4685758 1.9235112 2.0060687 1.9526071 1.8511252 1.8432116 1.6355053 1.9658609 2.0058773 2.1320089 2.1313351 1.9229454 2.0777282 1.9323921 1.9806321 1.8720854 1.6960725 0.5418333 0.3440940 0.1230494 0.0000000 1.6348255 1.9193639 1.7069349 1.9796404 2.0028696 4.4562946 2.7448232 2.7473440 1.9302446 
Scil_scict007561.1                                    2.7913086 2.3849795 1.7112112 1.3782258 1.3534158 1.4033796 1.6177621 1.5289028 1.4655696 1.3746530 1.4670394 1.4414147 1.5430858 1.5349667 1.4384497 1.5055277 1.5413341 1.3790796 1.3413322 1.4547759 1.4633184 1.5963820 1.9392151 1.7441410 1.5442152 1.7643951 1.9480262 1.7652311 2.0259780 1.9933445 2.0546712 1.9660757 1.6759549 1.9933416 2.0061724 2.0556273 2.0587776 1.7039522 2.1695925 1.8191746 1.4495623 1.4143205 1.6797434 1.7489599 1.5304593 1.6857664 1.6348255 0.0000000 0.4207815 0.4082882 0.5064857 1.4023999 3.5528497 2.2811877 2.4104621 1.9265546 
Lcom_lcpid69213                                       2.7155635 1.9456909 1.6186128 1.3859443 1.3538140 1.4023664 1.5563033 1.5026296 1.3829747 1.3688983 1.5106743 1.4893024 1.5220149 1.5409546 1.4676419 1.5183927 1.6046194 1.5519356 1.2322959 1.3546061 1.3842830 1.4799019 2.0297105 1.9046063 1.6909984 1.8509964 2.0632041 1.7453495 1.9198746 1.8636363 1.8776111 1.8278869 1.5476280 1.8436058 1.9870581 1.9405923 1.9452266 1.8831794 2.1733424 1.7751157 1.4432393 1.4021349 1.5176749 2.0197575 1.8009039 1.9729612 1.9193639 0.4207815 0.0000000 0.4327847 0.5552374 1.3901646 3.6143314 1.9095790 2.3101787 1.9286350 
Gracom_Gcom_C554982_01                                2.6846538 2.3930982 1.6160014 1.2772826 1.3035141 1.3122825 1.5218722 1.4600804 1.3700810 1.2056846 1.4013786 1.4026045 1.4780617 1.4894283 1.3263926 1.3567211 1.4827094 1.4255468 1.2434627 1.3206406 1.3360763 1.5263780 1.9236016 1.7458586 1.4671326 1.8128087 2.0695522 1.5850935 2.0631414 2.0786347 2.1007870 2.0592007 1.6509627 2.0422450 2.1271839 2.0813844 2.0806517 1.8089145 2.2975085 1.7743629 1.3749603 1.3345648 1.4450194 1.8363990 1.6470419 1.7493365 1.7069349 0.4082882 0.4327847 0.0000000 0.5442895 1.4783651 3.3571583 1.7780413 1.9529010 2.0088144 
Leuniv_Lniv_scaffold8198_01                           2.8167510 2.4449984 1.6212185 1.3177572 1.3511851 1.3869064 1.6113996 1.5305772 1.5246853 1.4623025 1.4937647 1.4905067 1.5856544 1.5752298 1.4869650 1.5275725 1.6683883 1.4793230 1.3966864 1.5114538 1.5695289 1.6378026 1.9709992 1.8254561 1.6367880 1.9589016 2.1555898 1.8091906 2.0952557 2.0885900 2.1668866 1.9750021 1.5954321 1.9807808 2.2161899 2.1486968 2.1507692 1.8495389 2.2243271 1.7502120 1.4835758 1.4388920 1.6755736 1.9654345 1.7651698 2.0522913 1.9796404 0.5064857 0.5552374 0.5442895 0.0000000 1.3109537 3.3499604 2.0418638 2.2177467 1.9645311 
Clacor_Ccor_scaffold3803_01                           2.6281395 3.1581183 1.4985820 1.3617049 1.3765153 1.3923405 1.3799958 1.4620860 1.4452505 1.4143664 1.5728688 1.6001019 1.5287118 1.4772784 1.4997993 1.5312280 1.4398240 1.4014102 1.2605257 1.3509742 1.4239320 1.5038886 1.4817039 1.9917112 1.2712513 1.9389549 1.8093909 1.6570040 1.5723349 1.6270036 1.6255554 1.5903481 1.4622139 1.6090636 1.6981830 1.7464924 1.7415882 1.6700079 1.3978052 1.8058964 1.5338641 1.4343403 1.4162498 1.7933545 1.7185077 2.0217981 2.0028696 1.4023999 1.3901646 1.4783651 1.3109537 0.0000000 2.0250784 3.6330638 2.7714378 2.7078018 
Stycar_maker-SC_scaffold6685-augustus-gene-0.7-mRNA-1 3.9141246 1.8899741 2.3390565 2.1475013 2.1617794 2.3848407 2.3407457 2.0005937 2.4999340 2.3536289 2.3837300 2.4434222 2.5751935 2.6167593 2.6409785 2.6432811 3.6923544 2.2993143 2.1060003 2.3919775 2.4215327 3.0429020 3.6642284 1.4570689 9.0000000 1.6584618 2.1431808 3.2024100 2.2046372 2.3503298 2.3189152 2.1618637 1.9987222 2.1875743 2.6488702 2.5794999 2.5913217 2.1448085 1.9612567 2.7612325 2.0994141 2.0994141 2.5706687 2.8409089 4.2365059 3.4964403 4.4562946 3.5528497 3.6143314 3.3571583 3.3499604 2.0250784 0.0000000 2.9726546 2.6010052 2.3197334 
Aaur_scaffold24.g1.t3                                 2.5258595 1.6960399 2.1004209 1.5225159 1.7712041 2.0735975 1.7827979 1.8418734 1.1949432 1.2213883 1.2766433 1.2821575 1.3827133 1.3025714 1.3023964 1.3742570 2.4494946 1.3940550 1.0847799 1.4461535 0.4644186 0.5181400 2.2949575 2.3920830 2.0337181 1.7205384 2.3270263 1.0120506 2.5526548 2.7169996 2.5483012 2.4677226 0.0000010 2.6011505 2.5474526 2.4960151 2.5195095 1.5201308 2.1966391 1.9291675 1.3405355 1.3405355 1.3839382 1.8590829 2.2452010 2.6183493 2.7448232 2.2811877 1.9095790 1.7780413 2.0418638 3.6330638 2.9726546 0.0000000 0.3653947 1.6983302 
Nemnom_g19336.t1                                      2.4925135 1.6328672 2.1694616 1.6608529 1.5934561 1.8957111 1.9827880 2.0470399 1.3739997 1.3436749 1.4778789 1.4711741 1.5551807 1.4858556 1.5126852 1.4789794 2.4871808 1.4065033 1.1552141 1.4051669 0.4642210 0.8446151 2.6843784 2.7657530 3.1243946 2.3046080 2.3389203 1.2089646 2.5478108 2.6763163 2.7807061 2.4451392 3.4669752 2.4809588 2.6636507 2.5563915 2.6046440 1.7876070 2.2839190 2.2789867 1.4719279 1.5565779 1.8330874 2.9655863 2.4947714 2.6654035 2.7473440 2.4104621 2.3101787 1.9529010 2.2177467 2.7714378 2.6010052 0.3653947 0.0000000 1.6857751 
Cscu_XM_023363532.1                                   2.3166143 0.9696558 1.1449438 0.9323610 0.9522039 0.9750515 1.0420713 0.9801610 1.2379086 1.1586879 1.2805298 1.2447632 1.1343671 1.1357726 1.1778676 1.2221128 1.5749560 1.1197176 1.3158201 1.2573647 1.3433033 1.8358831 1.7767008 1.9552989 2.3732042 2.0872308 2.2757619 1.6341662 1.5291590 1.5961854 1.6087679 1.4953357 0.1846538 1.5699522 1.4801509 1.5549060 1.5625408 1.5071405 1.4438046 1.4179664 1.5866218 1.5866218 1.4395102 2.0953543 1.8384525 1.7630928 1.9302446 1.9265546 1.9286350 2.0088144 1.9645311 2.7078018 2.3197334 1.6983302 1.6857751 0.0000000 
