52
Bralan_BLAG16101166_2                                  0.0000000 1.5685323 2.2603924 2.7910169 2.5568809 2.4062475 2.2465684 0.8415654 1.9874838 2.9188702 2.2760844 2.2023996 2.1078110 2.6092975 2.4790145 2.6777930 2.3255364 2.3740596 2.4087845 2.6493895 2.3754914 2.8863188 1.8439999 2.8795196 2.5377844 2.6873681 4.1926705 3.5163546 4.8898877 5.8029023 1.9619241 4.0639518 4.2833501 2.7745702 3.8595761 4.2548434 2.5594009 2.8966999 2.8794469 3.2072105 3.1575690 2.7884156 2.7824075 4.3770938 3.1227214 4.0493348 4.2702242 3.9614351 4.6470658 5.1919324 2.9315670 5.3028859 
Ctel_gnl_WGS_AMQN_CAPTEDRAFT_mRNA170265                1.5685323 0.0000000 1.3193968 1.5102049 1.3491308 1.8897415 1.7768383 1.3647880 1.8933160 2.7139047 1.8529235 1.6661232 1.5947037 2.9874518 2.2196619 1.9792728 2.0948202 2.1500222 2.0708611 1.8041056 1.8028932 2.6726750 1.7027959 2.5552015 2.2518049 2.0622303 2.6339605 2.9895492 3.3397334 3.4517893 1.7917464 2.3858638 2.5400581 2.3784414 3.3928328 3.3914191 2.3347103 2.3864005 2.3755083 2.6786027 2.5706128 2.3563157 2.3414902 2.7388950 2.6720855 3.1016270 2.8809129 2.7334853 3.3860920 3.8306762 2.7166632 5.5836712 
Cgig_XM_034472444.1                                    2.2603924 1.3193968 0.0000000 2.0318739 2.5153946 2.6618660 2.8157342 1.4102700 2.4299859 3.2896512 2.6358412 2.5228980 2.5944249 3.3149584 3.1147195 3.0604480 2.6958044 2.6048846 2.7380769 2.9228133 2.8684738 3.6370008 2.0263093 3.7714277 2.8099946 2.7002152 3.7148318 3.7453393 4.3586435 4.8422997 1.9130390 3.8379750 3.3649370 2.7699669 3.6791303 4.4728732 2.6612117 3.6460380 3.5943327 4.1162017 3.9724523 3.5626315 3.5551625 4.0829069 2.6896933 4.1248288 4.1838885 4.4634858 4.3032023 4.2122769 2.7236831 6.6941325 
Acagra_model.g18834.t1                                 2.7910169 1.5102049 2.0318739 0.0000000 2.9427497 3.4427782 3.7593544 1.3038650 3.1435178 3.5969856 3.3759848 3.1350581 3.0760853 4.2570753 3.9057972 4.0175647 3.6393414 3.6203083 3.4388371 3.7793518 3.4977224 4.5504320 1.8467903 4.1874528 2.8324446 3.4956847 4.4086123 3.9272370 4.6179830 4.5893389 2.2166873 4.2147844 3.9807063 2.9172436 4.0020128 3.4605764 3.1418211 4.3289959 4.3068067 4.5493590 4.4596344 4.1108193 4.1426498 4.8771357 2.7609792 3.8611739 5.1127343 4.2279344 4.6572657 4.8174420 3.3217763 6.6637131 
Skow_XM_002736659.2                                    2.5568809 1.3491308 2.5153946 2.9427497 0.0000000 2.3099943 2.7509155 1.4839092 2.3823953 2.8940019 2.3538917 2.5527723 2.4274521 3.2170950 3.2262913 3.3037421 2.8932771 2.8176710 2.7932971 3.0956275 2.9647111 3.6952439 1.8475183 3.2623724 2.1424328 2.9603168 4.0204608 3.0243816 4.1317090 4.8598637 1.7918845 3.6730394 3.7511259 2.7449732 3.8935296 4.0545590 2.7364094 3.4406351 3.4277952 3.5756184 3.4465123 3.2420156 3.2845479 4.7100430 2.8994853 4.2632661 4.5530125 4.6662707 5.1826372 5.5334806 2.6609242 6.3474052 
Spur_XM_011663746.2                                    2.4062475 1.8897415 2.6618660 3.4427782 2.3099943 0.0000000 2.9979585 1.6805571 2.4170173 3.1419700 2.5951172 2.5160467 2.5190212 3.3486353 3.3489711 3.4479425 2.8462730 2.8811956 2.9951380 3.3886863 3.2691280 3.6000890 2.0469779 3.4477344 2.4618871 2.7948682 4.5025103 3.9310421 5.6253846 5.6147410 1.8626391 4.4046532 4.2968652 2.9806623 4.3200945 3.8419572 2.8667583 3.4640362 3.4729331 3.8169283 3.7270457 3.3002642 3.3655926 4.9284462 3.4411670 3.8107332 4.4867525 4.7834039 4.7998532 6.1115105 3.3821760 6.6861947 
Exapal_XM_021039824.2                                  2.2465684 1.7768383 2.8157342 3.7593544 2.7509155 2.9979585 0.0000000 0.0771313 0.8423856 0.9984484 0.9581047 0.8850873 0.7933769 0.9472875 1.2723675 1.5821727 1.7365604 1.8060819 1.6949752 1.9987246 1.7188547 2.1106249 1.7221109 2.6834067 2.2965052 2.2104875 3.6370282 2.2664458 3.5249430 4.2962267 1.6831871 3.2690436 3.3286907 2.2271244 2.6630502 2.5465029 2.3328675 2.6409602 2.6175330 2.8972115 2.9207864 2.7624134 2.7679255 4.4052381 2.7247747 3.5151966 3.9426431 3.6816508 4.9559029 4.9670153 3.2922622 4.6105834 
Nvec_v1g127019                                         0.8415654 1.3647880 1.4102700 1.3038650 1.4839092 1.6805571 0.0771313 0.0000000 0.0438055 0.0447704 0.0447704 0.0904658 0.0919196 0.0576992 0.1822153 0.2417773 0.4476721 0.4454032 0.4933743 0.5284040 0.6785297 0.4565924 0.9747341 0.9866811 1.0580464 0.5174902 0.9452992 0.9948612 0.9443575 1.0200551 2.2575260 0.9666420 1.0020119 1.1218776 1.1512019 0.4972933 2.5102322 0.8568837 0.8568837 0.9992662 0.9466152 0.8444953 0.8661185 2.0550294 1.9477987 2.0112986 1.6490923 1.6444504 2.0888012 1.9742882 2.0848871 8.0193940 
Fspp_ffun1.m4.28970.m1                                 1.9874838 1.8933160 2.4299859 3.1435178 2.3823953 2.4170173 0.8423856 0.0438055 0.0000000 0.5417634 0.4855522 0.3746066 0.3772417 0.2697336 1.1740771 1.1901279 1.4508549 1.5035586 1.5060121 1.7348666 1.5575384 1.7794298 1.6007743 2.2875262 2.1724634 1.5943163 3.4613293 2.4827452 3.2835695 4.1138400 2.0613210 3.0400440 3.1955732 2.5229678 3.1314001 2.5910069 2.5873888 2.3026140 2.2952309 2.4166235 2.4629177 2.3275568 2.3369160 4.1898608 2.8774816 3.3502478 3.5688972 3.7094004 4.2264743 4.8948444 3.2356777 4.2309167 
Adig_XM_015898050.1                                    2.9188702 2.7139047 3.2896512 3.5969856 2.8940019 3.1419700 0.9984484 0.0447704 0.5417634 0.0000000 0.0440988 0.5711780 0.4971126 0.6276610 1.6189102 1.5618887 1.9248851 2.0610312 2.0197152 2.0559782 2.1218081 2.1732771 0.9843999 2.9511019 2.8482834 1.9207029 3.6141165 2.3143900 3.4950845 3.8021638 8.9999987 3.4615406 3.2814051 3.3852000 3.1621192 3.1612064 4.1051571 3.4933251 3.4802887 3.2473955 3.3287372 3.2770681 3.3184355 4.4628869 2.7710255 3.8493047 3.7645074 3.3839712 5.4363108 4.3766090 3.8174680 6.8972989 
Amil_Amillepora21380-RA                                2.2760844 1.8529235 2.6358412 3.3759848 2.3538917 2.5951172 0.9581047 0.0447704 0.4855522 0.0440988 0.0000000 0.5251504 0.5091528 0.5586698 1.3006325 1.3727919 1.6735776 1.7593013 1.7309795 2.0658943 1.7456308 2.1042602 1.5951580 2.4528060 2.1852854 2.0090632 3.9635091 2.5434999 3.8463391 4.8699969 2.0560310 3.5091298 3.5962914 2.7145764 3.3172587 3.0052667 2.4863380 2.4457238 2.4383362 2.7003784 2.6867633 2.5924350 2.6143599 4.3029791 2.9323324 3.7150463 3.7740474 3.9928446 4.6692402 4.9936496 3.2529153 4.7400908 
Spis_XP_022806255_1                                    2.2023996 1.6661232 2.5228980 3.1350581 2.5527723 2.5160467 0.8850873 0.0904658 0.3746066 0.5711780 0.5251504 0.0000000 0.1684385 0.4838996 1.1982423 1.3324869 1.6680236 1.6606560 1.7277279 1.9464743 1.6320063 2.0561118 1.6185017 2.3115083 2.2526569 1.8180378 3.6879743 2.5024186 3.6216667 4.7807011 1.9933261 3.1912987 3.3997504 2.3781169 2.9008864 2.3974564 2.5851860 2.4735225 2.4661167 2.6991023 2.7275692 2.5536864 2.5701208 4.3128094 2.9431710 3.5798030 3.7713084 3.5890682 4.2121236 4.9828633 3.3181509 3.8406545 
Pocdam_XM_027196443.1                                  2.1078110 1.5947037 2.5944249 3.0760853 2.4274521 2.5190212 0.7933769 0.0919196 0.3772417 0.4971126 0.5091528 0.1684385 0.0000000 0.4790559 1.1019995 1.2204154 1.6606351 1.6215429 1.7163269 1.8294377 1.5924405 1.8905603 1.6529464 2.3041848 2.1144121 1.6957701 3.5177023 2.5457833 3.3147458 4.7271736 2.0200165 3.0706367 3.2438367 2.3218202 3.0502298 2.7351196 2.6797149 2.4237644 2.4047677 2.6339691 2.6109430 2.4266962 2.4336627 4.2685706 2.9681916 3.4055238 3.7719416 3.3979492 4.0136344 4.9797003 3.3066819 4.0531247 
Gasp_gasp1.m3.31086.m1                                 2.6092975 2.9874518 3.3149584 4.2570753 3.2170950 3.3486353 0.9472875 0.0576992 0.2697336 0.6276610 0.5586698 0.4838996 0.4790559 0.0000000 1.3446823 1.4094891 1.7896056 1.8327805 1.8977045 2.0948599 1.9379536 1.8946186 1.0696988 2.3817875 2.9235391 2.1630148 4.2373295 2.6076846 3.6100361 4.7655560 5.8933671 3.8569815 4.1191049 3.1720787 2.9753214 2.9204414 4.4824772 2.6234086 2.6134754 2.6665996 2.6560288 2.6539150 2.6623305 4.6909823 3.7000461 4.1803550 4.6491713 3.6805579 4.9484224 4.8058851 4.3895322 4.1846912 
Dgig_XM_028550310.1                                    2.4790145 2.2196619 3.1147195 3.9057972 3.2262913 3.3489711 1.2723675 0.1822153 1.1740771 1.6189102 1.3006325 1.1982423 1.1019995 1.3446823 0.0000000 0.8231051 1.8540227 1.8675896 1.8209330 2.0715970 2.0233939 2.3070533 1.6863459 3.0296968 2.2397340 2.2734507 4.0291796 2.8266455 4.1472568 5.1731714 2.4071313 3.8351584 4.2950271 2.5486098 3.0322546 3.2017929 2.8777333 3.0723806 3.0556685 3.2815547 3.2297098 3.0039229 3.0110470 5.0799805 2.8869046 3.9484344 4.3984496 3.8233024 5.0798128 5.3763293 3.2909275 4.6765485 
Xesp_002389-T1                                         2.6777930 1.9792728 3.0604480 4.0175647 3.3037421 3.4479425 1.5821727 0.2417773 1.1901279 1.5618887 1.3727919 1.3324869 1.2204154 1.4094891 0.8231051 0.0000000 1.9046169 1.9755739 1.9643974 2.2045090 2.0329114 2.4429940 1.6786495 2.9930978 2.3061132 2.0993042 4.3442365 2.9041933 4.3463136 5.1623225 2.3099548 4.0699533 4.2740421 2.6286347 3.1280451 3.3908245 2.9364601 3.2593222 3.2441002 3.5430171 3.4460462 3.1260233 3.1632697 5.2639977 2.9587423 4.1465004 4.8101803 4.4759105 5.4777624 5.3741400 3.4685232 5.3454650 
Nemnom_g13843.t1                                       2.3255364 2.0948202 2.6958044 3.6393414 2.8932771 2.8462730 1.7365604 0.4476721 1.4508549 1.9248851 1.6735776 1.6680236 1.6606351 1.7896056 1.8540227 1.9046169 0.0000000 0.4759978 1.0959448 1.7939302 1.6990848 1.3662311 1.8094117 2.7917796 2.2594736 1.9006093 4.0886046 2.7091259 3.5391124 4.4023585 2.2446076 3.8322695 3.8709641 2.6689938 2.9517488 2.8845328 3.0363514 2.7307376 2.7149736 3.0205386 2.9626196 2.7299328 2.7363987 4.3821526 3.1675443 3.9585274 4.1008072 4.4291803 4.9743051 5.2188805 3.2742618 4.9978813 
Rhoesc_Res_012359-T1                                   2.3740596 2.1500222 2.6048846 3.6203083 2.8176710 2.8811956 1.8060819 0.4454032 1.5035586 2.0610312 1.7593013 1.6606560 1.6215429 1.8327805 1.8675896 1.9755739 0.4759978 0.0000000 1.1233925 1.8961470 1.7910868 1.3902891 1.7830170 2.7834600 2.3506161 2.0284889 4.1033915 2.6257556 3.7890135 4.3429022 2.1643912 3.7289548 3.8068392 2.7268068 3.1709591 3.2713625 3.0002964 2.7472200 2.7324884 2.9132018 2.8374589 2.7237155 2.7434210 4.1904388 3.0844698 3.8959481 3.9810546 3.8988978 5.1837625 5.2614532 3.2746359 5.0833771 
Sanmal_Sma_016761-T1                                   2.4087845 2.0708611 2.7380769 3.4388371 2.7932971 2.9951380 1.6949752 0.4933743 1.5060121 2.0197152 1.7309795 1.7277279 1.7163269 1.8977045 1.8209330 1.9643974 1.0959448 1.1233925 0.0000000 1.9174387 1.7300978 1.2861273 1.7038307 2.7571675 2.2350121 1.9157969 4.3635844 2.6739493 4.0361825 4.5560634 2.2590801 4.1367403 4.1680902 2.7149349 3.1409172 3.2911237 2.7861766 2.7616913 2.7464694 3.1473804 2.9729471 2.8606495 2.8788527 4.2928737 2.9403187 3.5761527 3.8831491 4.0297526 4.6565696 5.5653708 3.3908102 4.8139990 
Chem_TCONS_00049595                                    2.6493895 1.8041056 2.9228133 3.7793518 3.0956275 3.3886863 1.9987246 0.5284040 1.7348666 2.0559782 2.0658943 1.9464743 1.8294377 2.0948599 2.0715970 2.2045090 1.7939302 1.8961470 1.9174387 0.0000000 1.8978654 2.3184711 1.6985065 2.9674025 2.0531043 1.5356361 3.6452514 2.6259834 3.8355849 4.0970670 2.0092524 3.5666177 3.6258864 2.1656674 2.6442396 2.8640700 2.7821294 3.3197898 3.2991730 3.4047105 3.5757359 3.2133868 3.2300897 4.7501102 2.6538188 3.5395413 4.0917119 4.4425904 5.0363083 4.7250974 3.1510873 4.8924060 
Morvir_scaffold50.g54.t1                               2.3754914 1.8028932 2.8684738 3.4977224 2.9647111 3.2691280 1.7188547 0.6785297 1.5575384 2.1218081 1.7456308 1.6320063 1.5924405 1.9379536 2.0233939 2.0329114 1.6990848 1.7910868 1.7300978 1.8978654 0.0000000 1.9960781 1.8787269 2.7559587 2.3576483 2.1714625 3.7609688 2.6078052 4.1360535 4.2726686 2.2864970 3.8740257 3.6888480 2.5152969 3.0144589 2.6598431 2.8506880 2.8267411 2.8034964 3.0748116 3.0191222 2.7523552 2.7426004 4.3623358 2.9448753 3.7413525 4.2870059 3.9312318 5.0560982 5.1293825 3.0797997 4.8049257 
Aaur_scaffold1015.g2.t3                                2.8863188 2.6726750 3.6370008 4.5504320 3.6952439 3.6000890 2.1106249 0.4565924 1.7794298 2.1732771 2.1042602 2.0561118 1.8905603 1.8946186 2.3070533 2.4429940 1.3662311 1.3902891 1.2861273 2.3184711 1.9960781 0.0000000 1.2073593 3.2982092 2.6952929 2.7173540 4.4342483 2.5141946 3.8833516 4.0430782 4.9978941 4.6496884 4.7346808 3.3666330 3.1534134 3.0686702 4.0278276 3.2510346 3.1947465 3.3205743 3.2140785 3.1451413 3.1805440 5.4007270 3.3288197 4.4231642 4.9086028 3.9483901 6.1664228 5.1597925 3.3168306 4.6464370 
Ocar_g7599                                             1.8439999 1.7027959 2.0263093 1.8467903 1.8475183 2.0469779 1.7221109 0.9747341 1.6007743 0.9843999 1.5951580 1.6185017 1.6529464 1.0696988 1.6863459 1.6786495 1.8094117 1.7830170 1.7038307 1.6985065 1.8787269 1.2073593 0.0000000 0.2057883 1.0585312 1.7634643 1.7857051 1.2197741 1.2897190 1.6775294 2.2982668 1.7340138 1.6975650 1.7968023 1.9767643 0.6317325 2.8191738 1.9648140 1.9648140 1.8908389 1.8186138 1.9813374 1.9837226 2.6735872 2.5145624 2.5651457 2.2650592 1.5456371 2.4615176 2.2140348 2.3696264 7.1966512 
Opea_EP00118_Oscarella_pearsei_P014870                 2.8795196 2.5552015 3.7714277 4.1874528 3.2623724 3.4477344 2.6834067 0.9866811 2.2875262 2.9511019 2.4528060 2.3115083 2.3041848 2.3817875 3.0296968 2.9930978 2.7917796 2.7834600 2.7571675 2.9674025 2.7559587 3.2982092 0.2057883 0.0000000 1.4082203 3.0734381 3.8095380 2.5197757 4.0978678 4.4745695 1.8778519 4.0564785 3.9043740 2.5542600 3.1752983 3.1362081 2.7042658 3.5141581 3.4903911 3.6213147 3.5754033 3.5428853 3.5297220 5.1447355 2.6513320 3.5346592 4.4998848 3.8375636 4.8330620 4.4320424 3.2162755 5.3478439 
Plajan_Pjan_C563774_01                                 2.5377844 2.2518049 2.8099946 2.8324446 2.1424328 2.4618871 2.2965052 1.0580464 2.1724634 2.8482834 2.1852854 2.2526569 2.1144121 2.9235391 2.2397340 2.3061132 2.2594736 2.3506161 2.2350121 2.0531043 2.3576483 2.6952929 1.0585312 1.4082203 0.0000000 2.1084643 2.7238901 2.6058610 3.0864850 3.6229105 1.8709114 2.8123261 2.5955624 2.7514983 3.5998946 4.1444229 2.5600308 2.9782199 2.9659242 3.2739566 3.1258465 2.8258201 2.7891573 3.4215307 2.5692590 3.6271033 3.0388987 2.6598962 3.3207922 3.9155903 3.1625321 7.7328471 
Hvul_g24321_1                                          2.6873681 2.0622303 2.7002152 3.4956847 2.9603168 2.7948682 2.2104875 0.5174902 1.5943163 1.9207029 2.0090632 1.8180378 1.6957701 2.1630148 2.2734507 2.0993042 1.9006093 2.0284889 1.9157969 1.5356361 2.1714625 2.7173540 1.7634643 3.0734381 2.1084643 0.0000000 3.5624615 2.6215415 3.5542949 3.9338674 2.7087260 3.5800313 3.2556507 2.5831130 2.9364084 2.9238783 2.9688808 2.9557421 2.9360623 3.1931530 3.0920748 2.6574598 2.7182805 4.4902709 2.7274529 3.4402904 4.0802376 3.6517571 4.7011644 4.3753661 2.4704454 6.2633786 
Mlei_ML0649.g14.i1                                     4.1926705 2.6339605 3.7148318 4.4086123 4.0204608 4.5025103 3.6370282 0.9452992 3.4613293 3.6141165 3.9635091 3.6879743 3.5177023 4.2373295 4.0291796 4.3442365 4.0886046 4.1033915 4.3635844 3.6452514 3.7609688 4.4342483 1.7857051 3.8095380 2.7238901 3.5624615 0.0000000 0.4584828 0.8111350 1.0162369 0.3265693 0.7712235 1.0029035 0.6368727 0.9265380 0.7412649 0.9743620 4.6923317 4.6672616 5.0415965 4.6429487 4.2747239 4.2580729 4.2818137 2.4651409 3.2853565 4.7197496 3.7160061 5.1985367 4.2463224 4.2471837 8.4039461 
Bolinf_Binf_sb1286186                                  3.5163546 2.9895492 3.7453393 3.9272370 3.0243816 3.9310421 2.2664458 0.9948612 2.4827452 2.3143900 2.5434999 2.5024186 2.5457833 2.6076846 2.8266455 2.9041933 2.7091259 2.6257556 2.6739493 2.6259834 2.6078052 2.5141946 1.2197741 2.5197757 2.6058610 2.6215415 0.4584828 0.0000000 0.4996212 0.4138114 1.3906667 0.5988601 0.5738190 0.6907019 0.6587933 0.0199047 1.8436899 2.7331278 2.7428276 2.8803994 2.6948163 2.8523342 2.8092063 3.3665671 2.4997597 2.8173659 3.4532529 2.2322532 3.7372093 3.0830621 4.3453648 6.5220908 
Drygla_Dgla_sb299636                                   4.8898877 3.3397334 4.3586435 4.6179830 4.1317090 5.6253846 3.5249430 0.9443575 3.2835695 3.4950845 3.8463391 3.6216667 3.3147458 3.6100361 4.1472568 4.3463136 3.5391124 3.7890135 4.0361825 3.8355849 4.1360535 3.8833516 1.2897190 4.0978678 3.0864850 3.5542949 0.8111350 0.4996212 0.0000000 0.9561665 1.1465262 1.0342532 1.2048252 0.8812352 0.8909716 0.8126963 2.0226670 4.6588369 4.6143639 4.7937390 4.4804320 4.3471230 4.3195710 4.6309760 2.4535185 3.3269068 5.0462161 3.4492307 5.2259876 3.5990433 4.3934300 7.7211479 
Lampan_Lpan_8438_01                                    5.8029023 3.4517893 4.8422997 4.5893389 4.8598637 5.6147410 4.2962267 1.0200551 4.1138400 3.8021638 4.8699969 4.7807011 4.7271736 4.7655560 5.1731714 5.1623225 4.4023585 4.3429022 4.5560634 4.0970670 4.2726686 4.0430782 1.6775294 4.4745695 3.6229105 3.9338674 1.0162369 0.4138114 0.9561665 0.0000000 1.9864638 1.1812590 1.3061824 1.0047458 0.9875149 0.6757264 3.1386623 5.3026103 5.2666360 5.3917943 4.9777990 5.0511389 5.0889789 5.9993521 3.5167358 4.5048083 5.7797981 3.3042393 5.4808695 4.0381166 4.8729856 8.3132722 
Eupdun_Edun_sb10631276                                 1.9619241 1.7917464 1.9130390 2.2166873 1.7918845 1.8626391 1.6831871 2.2575260 2.0613210 8.9999987 2.0560310 1.9933261 2.0200165 5.8933671 2.4071313 2.3099548 2.2446076 2.1643912 2.2590801 2.0092524 2.2864970 4.9978941 2.2982668 1.8778519 1.8709114 2.7087260 0.3265693 1.3906667 1.1465262 1.9864638 0.0000000 0.4459124 0.4628635 0.3838560 1.0881784 0.0000010 0.4268107 2.5290961 2.5236425 2.9736081 2.9650672 2.4911222 2.5223190 1.7671264 2.3641498 2.2136259 2.2020387 0.0000010 3.5029854 7.4154937 3.1384256 4.0435971 
Beraby_Baby_sb350752                                   4.0639518 2.3858638 3.8379750 4.2147844 3.6730394 4.4046532 3.2690436 0.9666420 3.0400440 3.4615406 3.5091298 3.1912987 3.0706367 3.8569815 3.8351584 4.0699533 3.8322695 3.7289548 4.1367403 3.5666177 3.8740257 4.6496884 1.7340138 4.0564785 2.8123261 3.5800313 0.7712235 0.5988601 1.0342532 1.1812590 0.4459124 0.0000000 1.0621581 0.7686265 1.1150871 0.9829198 0.9653251 4.8276392 4.8188764 4.7305917 4.5694175 4.2370038 4.2448354 4.5278002 2.5007586 3.3749477 4.5048206 3.6169683 5.2364844 4.4431948 4.1785818 7.7933384 
Horcal_Hcv1.av93.c11.g243.i3                           4.2833501 2.5400581 3.3649370 3.9807063 3.7511259 4.2968652 3.3286907 1.0020119 3.1955732 3.2814051 3.5962914 3.3997504 3.2438367 4.1191049 4.2950271 4.2740421 3.8709641 3.8068392 4.1680902 3.6258864 3.6888480 4.7346808 1.6975650 3.9043740 2.5955624 3.2556507 1.0029035 0.5738190 1.2048252 1.3061824 0.4628635 1.0621581 0.0000000 0.7611793 1.1116433 1.1445737 0.5816741 4.1504602 4.1021619 4.4462644 4.3938708 3.9640316 3.9336731 4.6249022 2.4775162 3.3661315 4.7414080 3.4338882 4.7121316 3.6697659 3.6576235 7.8192649 
Coeast_Cast_sb799834                                   2.7745702 2.3784414 2.7699669 2.9172436 2.7449732 2.9806623 2.2271244 1.1218776 2.5229678 3.3852000 2.7145764 2.3781169 2.3218202 3.1720787 2.5486098 2.6286347 2.6689938 2.7268068 2.7149349 2.1656674 2.5152969 3.3666330 1.7968023 2.5542600 2.7514983 2.5831130 0.6368727 0.6907019 0.8812352 1.0047458 0.3838560 0.7686265 0.7611793 0.0000000 0.1040919 1.1189730 0.8956800 3.1009588 3.0887999 3.3077518 3.1459517 3.0216805 2.9492765 3.2783211 2.3530221 3.2769959 3.2981777 2.5123417 3.5711046 3.6089896 3.3361169 5.8927138 
Coemet_Cmet_scaffold2912_01                            3.8595761 3.3928328 3.6791303 4.0020128 3.8935296 4.3200945 2.6630502 1.1512019 3.1314001 3.1621192 3.3172587 2.9008864 3.0502298 2.9753214 3.0322546 3.1280451 2.9517488 3.1709591 3.1409172 2.6442396 3.0144589 3.1534134 1.9767643 3.1752983 3.5998946 2.9364084 0.9265380 0.6587933 0.8909716 0.9875149 1.0881784 1.1150871 1.1116433 0.1040919 0.0000000 1.1024915 2.2744984 3.4720114 3.4496316 3.6298650 3.5024998 3.3971617 3.4458185 3.9068166 2.8153288 3.8868993 4.0191899 2.4195695 4.3258476 3.3412665 4.0702513 6.3843281 
Mertsp_Mesp_sb589218                                   4.2548434 3.3914191 4.4728732 3.4605764 4.0545590 3.8419572 2.5465029 0.4972933 2.5910069 3.1612064 3.0052667 2.3974564 2.7351196 2.9204414 3.2017929 3.3908245 2.8845328 3.2713625 3.2911237 2.8640700 2.6598431 3.0686702 0.6317325 3.1362081 4.1444229 2.9238783 0.7412649 0.0199047 0.8126963 0.6757264 0.0000010 0.9829198 1.1445737 1.1189730 1.1024915 0.0000000 2.3546384 3.3148519 3.2157784 3.3129491 3.2088788 3.4445285 3.4445285 3.6124198 1.7557555 3.2436140 5.6017450 3.5678126 5.5900864 4.1809217 4.8436957 6.1825187 
Pbac_sb2647678                                         2.5594009 2.3347103 2.6612117 3.1418211 2.7364094 2.8667583 2.3328675 2.5102322 2.5873888 4.1051571 2.4863380 2.5851860 2.6797149 4.4824772 2.8777333 2.9364601 3.0363514 3.0002964 2.7861766 2.7821294 2.8506880 4.0278276 2.8191738 2.7042658 2.5600308 2.9688808 0.9743620 1.8436899 2.0226670 3.1386623 0.4268107 0.9653251 0.5816741 0.8956800 2.2744984 2.3546384 0.0000000 3.0887662 3.0887662 3.2481894 3.3051257 2.8651925 2.7796443 2.9853490 2.9020413 3.1446849 3.1423186 3.8773029 3.9283717 4.0789511 3.9441820 7.1694893 
Tadh_wf_g7054.t1                                       2.8966999 2.3864005 3.6460380 4.3289959 3.4406351 3.4640362 2.6409602 0.8568837 2.3026140 3.4933251 2.4457238 2.4735225 2.4237644 2.6234086 3.0723806 3.2593222 2.7307376 2.7472200 2.7616913 3.3197898 2.8267411 3.2510346 1.9648140 3.5141581 2.9782199 2.9557421 4.6923317 2.7331278 4.6588369 5.3026103 2.5290961 4.8276392 4.1504602 3.1009588 3.4720114 3.3148519 3.0887662 0.0000000 0.0081561 0.8406007 0.7925452 0.7149542 0.7323645 4.3945994 3.0784459 3.4598451 4.6703629 3.5079279 4.4332772 5.3896108 3.6028979 5.3232832 
TrH2_TrispH2_000649-RA                                 2.8794469 2.3755083 3.5943327 4.3068067 3.4277952 3.4729331 2.6175330 0.8568837 2.2952309 3.4802887 2.4383362 2.4661167 2.4047677 2.6134754 3.0556685 3.2441002 2.7149736 2.7324884 2.7464694 3.2991730 2.8034964 3.1947465 1.9648140 3.4903911 2.9659242 2.9360623 4.6672616 2.7428276 4.6143639 5.2666360 2.5236425 4.8188764 4.1021619 3.0887999 3.4496316 3.2157784 3.0887662 0.0081561 0.0000000 0.8420406 0.7930137 0.7193100 0.7367874 4.3748898 3.0725271 3.4556613 4.6679471 3.5094383 4.4340559 5.3405995 3.5965190 5.2581658 
HoiH06_mRNA4977                                        3.2072105 2.6786027 4.1162017 4.5493590 3.5756184 3.8169283 2.8972115 0.9992662 2.4166235 3.2473955 2.7003784 2.6991023 2.6339691 2.6665996 3.2815547 3.5430171 3.0205386 2.9132018 3.1473804 3.4047105 3.0748116 3.3205743 1.8908389 3.6213147 3.2739566 3.1931530 5.0415965 2.8803994 4.7937390 5.3917943 2.9736081 4.7305917 4.4462644 3.3077518 3.6298650 3.3129491 3.2481894 0.8406007 0.8420406 0.0000000 0.1769795 0.3840427 0.3813086 4.7070599 3.4002272 3.6691930 4.9087355 3.5213191 4.9625822 5.6231115 4.0163327 5.0152519 
HoiH23_PlH23_009597-RA                                 3.1575690 2.5706128 3.9724523 4.4596344 3.4465123 3.7270457 2.9207864 0.9466152 2.4629177 3.3287372 2.6867633 2.7275692 2.6109430 2.6560288 3.2297098 3.4460462 2.9626196 2.8374589 2.9729471 3.5757359 3.0191222 3.2140785 1.8186138 3.5754033 3.1258465 3.0920748 4.6429487 2.6948163 4.4804320 4.9777990 2.9650672 4.5694175 4.3938708 3.1459517 3.5024998 3.2088788 3.3051257 0.7925452 0.7930137 0.1769795 0.0000000 0.3328739 0.3349199 4.6109766 3.4159286 3.7528433 4.5752393 3.5686430 4.8030214 5.4165941 3.7604535 5.1997899 
Hhon_g00042.t1                                         2.7884156 2.3563157 3.5626315 4.1108193 3.2420156 3.3002642 2.7624134 0.8444953 2.3275568 3.2770681 2.5924350 2.5536864 2.4266962 2.6539150 3.0039229 3.1260233 2.7299328 2.7237155 2.8606495 3.2133868 2.7523552 3.1451413 1.9813374 3.5428853 2.8258201 2.6574598 4.2747239 2.8523342 4.3471230 5.0511389 2.4911222 4.2370038 3.9640316 3.0216805 3.3971617 3.4445285 2.8651925 0.7149542 0.7193100 0.3840427 0.3328739 0.0000000 0.0132242 4.3175430 3.1890110 3.5917191 4.5224425 3.3865481 4.5564099 4.8890988 3.4442399 4.9562481 
HoiH04_mRNA17904                                       2.7824075 2.3414902 3.5551625 4.1426498 3.2845479 3.3655926 2.7679255 0.8661185 2.3369160 3.3184355 2.6143599 2.5701208 2.4336627 2.6623305 3.0110470 3.1632697 2.7363987 2.7434210 2.8788527 3.2300897 2.7426004 3.1805440 1.9837226 3.5297220 2.7891573 2.7182805 4.2580729 2.8092063 4.3195710 5.0889789 2.5223190 4.2448354 3.9336731 2.9492765 3.4458185 3.4445285 2.7796443 0.7323645 0.7367874 0.3813086 0.3349199 0.0132242 0.0000000 4.2511665 3.1672618 3.5290708 4.4820122 3.3847281 4.4986687 4.8816267 3.4381175 4.9749204 
Aque_Aqu2.1.36100_001                                  4.3770938 2.7388950 4.0829069 4.8771357 4.7100430 4.9284462 4.4052381 2.0550294 4.1898608 4.4628869 4.3029791 4.3128094 4.2685706 4.6909823 5.0799805 5.2639977 4.3821526 4.1904388 4.2928737 4.7501102 4.3623358 5.4007270 2.6735872 5.1447355 3.4215307 4.4902709 4.2818137 3.3665671 4.6309760 5.9993521 1.7671264 4.5278002 4.6249022 3.2783211 3.9068166 3.6124198 2.9853490 4.3945994 4.3748898 4.7070599 4.6109766 4.3175430 4.2511665 0.0000000 0.7649558 0.9622430 3.7447333 4.4640302 4.5522219 4.0619168 4.2911806 6.4136626 
Xestes_maker-XT_scaffold34486-augustus-gene-0.3-mRNA-1 3.1227214 2.6720855 2.6896933 2.7609792 2.8994853 3.4411670 2.7247747 1.9477987 2.8774816 2.7710255 2.9323324 2.9431710 2.9681916 3.7000461 2.8869046 2.9587423 3.1675443 3.0844698 2.9403187 2.6538188 2.9448753 3.3288197 2.5145624 2.6513320 2.5692590 2.7274529 2.4651409 2.4997597 2.4535185 3.5167358 2.3641498 2.5007586 2.4775162 2.3530221 2.8153288 1.7557555 2.9020413 3.0784459 3.0725271 3.4002272 3.4159286 3.1890110 3.1672618 0.7649558 0.0000000 0.7864334 1.6740294 1.4941056 1.9264842 2.1116651 3.1207213 6.6428959 
Halamb_c40533_g2_i1mm.825                              4.0493348 3.1016270 4.1248288 3.8611739 4.2632661 3.8107332 3.5151966 2.0112986 3.3502478 3.8493047 3.7150463 3.5798030 3.4055238 4.1803550 3.9484344 4.1465004 3.9585274 3.8959481 3.5761527 3.5395413 3.7413525 4.4231642 2.5651457 3.5346592 3.6271033 3.4402904 3.2853565 2.8173659 3.3269068 4.5048083 2.2136259 3.3749477 3.3661315 3.2769959 3.8868993 3.2436140 3.1446849 3.4598451 3.4556613 3.6691930 3.7528433 3.5917191 3.5290708 0.9622430 0.7864334 0.0000000 2.5889250 2.9840285 3.0141386 2.7926283 3.6515845 7.5994971 
Tetwil_g7475.t2                                        4.2702242 2.8809129 4.1838885 5.1127343 4.5530125 4.4867525 3.9426431 1.6490923 3.5688972 3.7645074 3.7740474 3.7713084 3.7719416 4.6491713 4.3984496 4.8101803 4.1008072 3.9810546 3.8831491 4.0917119 4.2870059 4.9086028 2.2650592 4.4998848 3.0388987 4.0802376 4.7197496 3.4532529 5.0462161 5.7797981 2.2020387 4.5048206 4.7414080 3.2981777 4.0191899 5.6017450 3.1423186 4.6703629 4.6679471 4.9087355 4.5752393 4.5224425 4.4820122 3.7447333 1.6740294 2.5889250 0.0000000 2.1835043 3.7223617 3.4922864 3.4820137 6.2623317 
Stycar_maker-SC_scaffold5837-augustus-gene-0.4-mRNA-1  3.9614351 2.7334853 4.4634858 4.2279344 4.6662707 4.7834039 3.6816508 1.6444504 3.7094004 3.3839712 3.9928446 3.5890682 3.3979492 3.6805579 3.8233024 4.4759105 4.4291803 3.8988978 4.0297526 4.4425904 3.9312318 3.9483901 1.5456371 3.8375636 2.6598962 3.6517571 3.7160061 2.2322532 3.4492307 3.3042393 0.0000010 3.6169683 3.4338882 2.5123417 2.4195695 3.5678126 3.8773029 3.5079279 3.5094383 3.5213191 3.5686430 3.3865481 3.3847281 4.4640302 1.4941056 2.9840285 2.1835043 0.0000000 3.4806279 2.6335925 3.1130276 6.5580919 
Emue_Em0005g1240a.t1                                   4.6470658 3.3860920 4.3032023 4.6572657 5.1826372 4.7998532 4.9559029 2.0888012 4.2264743 5.4363108 4.6692402 4.2121236 4.0136344 4.9484224 5.0798128 5.4777624 4.9743051 5.1837625 4.6565696 5.0363083 5.0560982 6.1664228 2.4615176 4.8330620 3.3207922 4.7011644 5.1985367 3.7372093 5.2259876 5.4808695 3.5029854 5.2364844 4.7121316 3.5711046 4.3258476 5.5900864 3.9283717 4.4332772 4.4340559 4.9625822 4.8030214 4.5564099 4.4986687 4.5522219 1.9264842 3.0141386 3.7223617 3.4806279 0.0000000 1.0509658 4.3155852 6.5197371 
Spolac_c97485_g1_i1_m.15122c82895-g1                   5.1919324 3.8306762 4.2122769 4.8174420 5.5334806 6.1115105 4.9670153 1.9742882 4.8948444 4.3766090 4.9936496 4.9828633 4.9797003 4.8058851 5.3763293 5.3741400 5.2188805 5.2614532 5.5653708 4.7250974 5.1293825 5.1597925 2.2140348 4.4320424 3.9155903 4.3753661 4.2463224 3.0830621 3.5990433 4.0381166 7.4154937 4.4431948 3.6697659 3.6089896 3.3412665 4.1809217 4.0789511 5.3896108 5.3405995 5.6231115 5.4165941 4.8890988 4.8816267 4.0619168 2.1116651 2.7926283 3.4922864 2.6335925 1.0509658 0.0000000 3.7172314 8.9999985 
Cscu_XM_023368666.1                                    2.9315670 2.7166632 2.7236831 3.3217763 2.6609242 3.3821760 3.2922622 2.0848871 3.2356777 3.8174680 3.2529153 3.3181509 3.3066819 4.3895322 3.2909275 3.4685232 3.2742618 3.2746359 3.3908102 3.1510873 3.0797997 3.3168306 2.3696264 3.2162755 3.1625321 2.4704454 4.2471837 4.3453648 4.3934300 4.8729856 3.1384256 4.1785818 3.6576235 3.3361169 4.0702513 4.8436957 3.9441820 3.6028979 3.5965190 4.0163327 3.7604535 3.4442399 3.4381175 4.2911806 3.1207213 3.6515845 3.4820137 3.1130276 4.3155852 3.7172314 0.0000000 8.8646626 
Leuniv_Lniv_scaffold15461_01                           5.3028859 5.5836712 6.6941325 6.6637131 6.3474052 6.6861947 4.6105834 8.0193940 4.2309167 6.8972989 4.7400908 3.8406545 4.0531247 4.1846912 4.6765485 5.3454650 4.9978813 5.0833771 4.8139990 4.8924060 4.8049257 4.6464370 7.1966512 5.3478439 7.7328471 6.2633786 8.4039461 6.5220908 7.7211479 8.3132722 4.0435971 7.7933384 7.8192649 5.8927138 6.3843281 6.1825187 7.1694893 5.3232832 5.2581658 5.0152519 5.1997899 4.9562481 4.9749204 6.4136626 6.6428959 7.5994971 6.2623317 6.5580919 6.5197371 8.9999985 8.8646626 0.0000000 
