54
Hsap_ENST00000361847                                   0.0000000 1.0585276 1.0933662 1.2837619 1.2843362 0.5163384 1.2890720 1.1218163 1.1406474 1.2208913 1.0413700 1.0746863 1.1009006 1.0504419 1.1030826 1.0643213 0.7350077 1.1230732 1.1189763 1.4440670 0.4573102 1.3514000 1.1124779 1.0863470 1.3058228 0.5085900 1.1938294 1.4330463 0.8638006 1.3440854 1.3398142 1.4393378 1.3530921 1.8217621 1.6150684 1.4174584 0.9973488 1.1622000 0.6108671 1.4605915 1.3482452 1.3557607 1.4487531 1.0445636 0.8902517 1.8544764 1.4359584 2.3101345 2.2486163 1.6072823 2.1591107 2.9566509 3.0264015 3.1228707 
Bralan_BLAG04001248_1                                  1.0585276 0.0000000 0.4829358 0.9376603 0.9379240 0.4090231 0.9350543 0.5450521 0.7191095 0.8467053 0.6060508 0.7196427 0.7445685 0.6758737 0.6826701 0.6768412 0.4382572 0.7631126 0.6916288 1.2483088 0.4071304 1.2881716 1.0622512 1.0468796 1.0746349 0.5222450 0.6729129 1.1089202 0.5930647 0.9732639 0.9873711 0.9836527 1.0549264 1.2660014 1.0952760 0.9566769 0.7256081 0.8759862 0.4675947 1.0799600 0.9833365 0.9388986 1.0471104 0.9940595 0.7894603 1.8273896 1.5054806 1.9340268 2.1337420 1.3824053 2.3175847 2.7076153 2.7435818 1.9527012 
Skow_XM_006824778.1                                    1.0933662 0.4829358 0.0000000 0.8215710 0.8217612 0.3516290 0.8256399 0.5228053 0.6348956 0.7910161 0.4962294 0.6321888 0.6645510 0.5789565 0.5950304 0.5901760 0.4488576 0.6658113 0.6019496 1.1240241 0.4054151 1.0579688 0.9706299 0.9582884 0.9806653 0.5086716 0.6680284 1.0196567 0.6035475 0.8295729 0.8302734 0.9332463 1.0277197 1.2768824 1.0821517 0.9209773 0.7019320 0.8127878 0.4192477 0.9419741 0.9645253 0.7894689 1.0742514 1.0288006 0.8382051 1.8745624 1.4314961 1.6847936 1.8984334 1.3348147 2.1302785 2.3797645 2.6333024 1.7905713 
Hhon_g08033.t1                                         1.2837619 0.9376603 0.8215710 0.0000000 0.0050196 0.0473043 0.0472319 0.9000931 0.9186742 1.1024035 0.8664695 1.0035553 0.9895811 0.9936389 1.0484607 1.0390140 0.6586716 1.0058988 1.0197571 1.6489735 0.5164196 1.5152771 1.5805470 1.5158601 1.4142217 0.5808840 1.0255998 1.3650659 0.9509346 1.2644235 1.3145488 1.3593483 1.2574831 1.8814661 1.6288240 1.3307358 1.1533700 1.2464530 0.5123368 1.2924578 1.3383476 1.4080918 1.1745679 1.0818426 0.9182620 1.9389058 1.6701794 2.3352592 2.4908418 1.7743668 1.4700644 1.9521088 3.1336659 2.6093923 
HoiH04_mRNA11468                                       1.2843362 0.9379240 0.8217612 0.0050196 0.0000000 0.0365410 0.0418687 0.9003370 0.9189326 1.1028511 0.8666871 1.0038773 0.9899151 0.9939483 1.0559113 1.0393628 0.6588180 1.0062244 1.0200868 1.6498507 0.5165095 1.5160462 1.5814258 1.5166718 1.4149043 0.5810461 1.0259367 1.3656947 0.9512706 1.2649747 1.3151448 1.3599981 1.2580378 1.8814661 1.6171910 1.3289367 1.1514078 1.2445466 0.5095673 1.2907806 1.3363323 1.4246626 1.1886225 1.0825329 0.9187166 1.9401512 1.6599077 2.3611227 2.5183815 1.7758680 1.4490150 1.9369481 3.1197602 2.6257317 
HoiH11_mRNA2289                                        0.5163384 0.4090231 0.3516290 0.0473043 0.0365410 0.0000000 0.0258581 0.3503214 0.4215122 0.4262130 0.4009881 0.4086326 0.4549227 0.3989229 0.4055995 0.4166730 0.4980028 0.4264084 0.4237223 0.5853127 0.5093580 0.5695311 0.6632026 0.6501876 0.5186481 0.6054038 0.3991011 0.5538439 0.5399334 0.5754446 0.5808613 0.5738013 0.5614075 0.5123640 0.5619203 0.5618403 0.5863289 0.5907360 0.5150609 0.5212624 0.5436563 0.4724420 0.5985896 1.0979288 0.9133178 0.9627106 1.6902354 1.2730919 0.8837710 0.7841729 1.3025607 1.2976802 1.3136833 2.7792582 
HoiH23_PlH23_009422-RA                                 1.2890720 0.9350543 0.8256399 0.0472319 0.0418687 0.0258581 0.0000000 0.8931199 0.9143453 1.0991514 0.8737342 0.9919606 0.9810600 0.9852759 1.0233630 1.0111825 0.6460266 0.9917861 1.0114737 1.6117250 0.4960538 1.4974146 1.5100784 1.4630530 1.4307810 0.5710931 1.0066558 1.3753229 0.9338176 1.2625399 1.2911864 1.3503870 1.2903385 1.9521605 1.6795094 1.3563827 1.1620055 1.2550840 0.5018055 1.3165079 1.3236206 1.4394579 1.1762068 1.1015412 0.9296929 1.9816151 1.5525289 2.3900754 2.5634110 1.7811287 1.4818284 1.9583607 3.0914130 2.7435309 
Cgig_XM_011454165.3                                    1.1218163 0.5450521 0.5228053 0.9000931 0.9003370 0.3503214 0.8931199 0.0000000 0.7319422 0.8938626 0.6301346 0.7306194 0.7487633 0.7064402 0.7220204 0.7272512 0.4621232 0.6917689 0.4760912 1.1476300 0.4333300 1.1202397 0.9524945 0.9252827 1.0517044 0.5284034 0.7114990 1.1283075 0.6836256 0.9745410 0.9865475 1.0065408 1.0588359 1.2249886 1.1232752 0.9151826 0.6575964 0.8212934 0.4605919 0.9976199 0.9221954 0.7442973 1.0852677 1.1285553 0.9409586 1.7691558 1.4344514 1.7824633 1.8254314 1.2444491 2.0777182 2.6735378 2.4168516 2.0242996 
Dgig_XM_028562052.1                                    1.1406474 0.7191095 0.6348956 0.9186742 0.9189326 0.4215122 0.9143453 0.7319422 0.0000000 0.2085688 0.4800010 0.5478450 0.5700162 0.4993069 0.5478842 0.5245918 0.3689541 0.6393251 0.6957231 1.2375324 0.4684641 1.2314598 1.0917566 1.0501926 1.0881394 0.5654542 0.7874852 1.0133963 0.5882045 0.8182760 0.7979755 0.7884850 0.9926878 1.3647576 1.2938620 1.0198556 0.7933019 0.8895418 0.4076999 1.0742294 1.0409327 0.9879751 1.0740879 0.9933903 0.8959493 1.8620353 1.3343852 1.8878839 1.8898594 1.5223777 2.2667894 2.6299323 2.4835185 1.5394398 
Xesp_011857-T1                                         1.2208913 0.8467053 0.7910161 1.1024035 1.1028511 0.4262130 1.0991514 0.8938626 0.2085688 0.0000000 0.6493444 0.7257714 0.7798825 0.6712305 0.7072802 0.6856663 0.4214560 0.7826836 0.8368147 1.3733698 0.4531877 1.4124391 1.0903669 1.0512450 1.1833791 0.5363293 0.8961329 1.2578166 0.6932478 0.9519063 0.9768416 0.9328232 1.1739111 1.3173480 1.2749559 1.0715592 0.7733533 0.8703811 0.4204556 1.1411915 1.0247169 1.0866093 1.1633148 0.8836792 0.8189181 2.0584482 1.3876832 2.0257703 1.7797861 1.5036659 2.0366609 2.5592544 2.3970701 1.8553522 
Exapal_XM_021044505.2                                  1.0413700 0.6060508 0.4962294 0.8664695 0.8666871 0.4009881 0.8737342 0.6301346 0.4800010 0.6493444 0.0000000 0.4628144 0.4479981 0.3725199 0.4084147 0.3913967 0.2815087 0.4328703 0.7563796 1.2112940 0.4007115 1.1465073 1.0743242 1.0593884 1.0531207 0.5453985 0.7032562 0.9003549 0.5415615 0.8034064 0.7858560 0.8034490 0.8319338 1.3601692 1.2388657 1.0171278 0.8205863 0.9046974 0.3876903 1.0637889 0.9821107 0.9651011 1.0306286 1.0964676 0.8867295 1.8441968 1.3507530 2.0350646 2.0172583 1.4257537 2.3798958 2.5936992 2.6169850 1.3283697 
Adig_XM_015899856.1                                    1.0746863 0.7196427 0.6321888 1.0035553 1.0038773 0.4086326 0.9919606 0.7306194 0.5478450 0.7257714 0.4628144 0.0000000 0.0056425 0.2512383 0.2306124 0.2254966 0.1922614 0.6311542 0.8525387 1.2448889 0.3984387 1.2315350 1.1266298 1.0967807 1.1422875 0.4758776 0.7822714 0.8770275 0.6277153 0.9237498 0.9015970 0.9116817 0.8531270 1.4517594 1.3636656 1.1130990 0.8904160 0.9725133 0.3713286 1.0894527 1.0883881 1.1369585 1.0708755 1.0161199 0.8990913 1.8667877 1.2867643 2.0496856 1.9955321 1.4312571 2.2512964 2.7929878 2.5445648 1.0867008 
Amil_Amillepora07341-RA                                1.1009006 0.7445685 0.6645510 0.9895811 0.9899151 0.4549227 0.9810600 0.7487633 0.5700162 0.7798825 0.4479981 0.0056425 0.0000000 0.2551036 0.2318205 0.2224813 0.1965622 0.6485328 0.8057522 1.2613233 0.4550963 1.2190995 1.1242500 1.0889637 1.1666353 0.5244690 0.8232044 0.8555941 0.6199917 0.9161463 0.9046847 0.9175797 0.8980561 1.4698534 1.3370828 1.0895060 0.8610488 0.9521720 0.3963943 1.0744644 1.1073543 1.1214723 1.1408810 1.1138923 0.9620820 1.9224728 1.1563914 2.1330252 2.0149575 1.4872151 2.2692487 2.7388177 2.6897726 0.9937351 
Fspp_ffun1.m4.27980.m1                                 1.0504419 0.6758737 0.5789565 0.9936389 0.9939483 0.3989229 0.9852759 0.7064402 0.4993069 0.6712305 0.3725199 0.2512383 0.2551036 0.0000000 0.1053729 0.0944661 0.2045889 0.4980221 0.7624547 1.3724126 0.4090102 1.2526271 1.1173915 1.1123606 1.1834684 0.5272919 0.7738492 0.8357470 0.6053829 0.8238193 0.8173363 0.8164579 0.8160874 1.4190942 1.2634294 1.0124499 0.8311414 0.9192188 0.3209384 1.0391931 1.0249232 1.0789294 1.0497211 1.0211565 0.8776433 1.8318332 1.2361112 2.0776949 2.0068332 1.4202563 2.2720949 2.7943180 2.4461391 0.4509632 
Spis_XP_022790934_1                                    1.1030826 0.6826701 0.5950304 1.0484607 1.0559113 0.4055995 1.0233630 0.7220204 0.5478842 0.7072802 0.4084147 0.2306124 0.2318205 0.1053729 0.0000000 0.0481925 0.2320949 0.5628531 0.8224761 1.3686194 0.4104761 1.2914994 1.1403724 1.1228568 1.1655157 0.5044541 0.7910723 0.8468128 0.6091485 0.8277191 0.8317474 0.8560427 0.8067990 1.4610792 1.2734732 1.0430877 0.8554456 0.9429125 0.3414873 1.0666679 1.0743506 1.1359143 1.0227519 0.9883339 0.8191351 1.9150281 1.3454850 2.0339352 2.0604531 1.4709807 2.2533977 2.8607231 2.4115183 0.6571268 
Pocdam_XM_027183035.1                                  1.0643213 0.6768412 0.5901760 1.0390140 1.0393628 0.4166730 1.0111825 0.7272512 0.5245918 0.6856663 0.3913967 0.2254966 0.2224813 0.0944661 0.0481925 0.0000000 0.2268747 0.5302815 0.8051108 1.3315261 0.4082108 1.2977625 1.1115239 1.1166971 1.1528233 0.5054938 0.7645777 0.7992542 0.5834519 0.8240631 0.8224913 0.8362651 0.7870810 1.4454936 1.2760608 1.0524380 0.8537380 0.9438310 0.3425582 1.0616843 1.0722656 1.1411648 1.0451835 0.9730224 0.8063163 1.8517029 1.2793191 2.0347357 2.0418847 1.3951633 2.1736375 2.7355833 2.4875183 0.6231751 
Gfas_gfas1.m1.15141.m1                                 0.7350077 0.4382572 0.4488576 0.6586716 0.6588180 0.4980028 0.6460266 0.4621232 0.3689541 0.4214560 0.2815087 0.1922614 0.1965622 0.2045889 0.2320949 0.2268747 0.0000000 0.3956112 0.5244100 0.7420860 0.4966871 0.7500638 0.7228255 0.7113288 0.7532289 0.7318006 0.5169054 0.7406309 0.5736286 0.6356492 0.6549302 0.6060173 0.6814050 0.8307526 0.7247855 0.6753370 0.6017480 0.5961611 0.4799698 0.6470569 0.6477379 0.6309729 0.8567898 1.2354572 1.0382899 1.3422743 1.3832709 1.6192639 1.1720379 0.7427704 2.1116992 2.1648618 1.8766964 1.1588920 
Nvec_v1g108108                                         1.1230732 0.7631126 0.6658113 1.0058988 1.0062244 0.4264084 0.9917861 0.6917689 0.6393251 0.7826836 0.4328703 0.6311542 0.6485328 0.4980221 0.5628531 0.5302815 0.3956112 0.0000000 0.8709095 1.3968438 0.4921825 1.3237828 1.1427661 1.1371411 1.1158429 0.5832859 0.7517870 0.9307700 0.5612635 0.8897859 0.8940735 0.8684452 0.8057782 1.4310593 1.3091018 1.0575016 0.8952447 0.9725566 0.4367048 1.1551126 1.0932103 1.0004085 1.1810035 1.1026178 0.9306007 1.9893316 1.3330622 2.1094289 2.1616915 1.4913316 2.1920764 2.5283941 2.4328613 1.4711524 
Acagra_model.g17585.t1                                 1.1189763 0.6916288 0.6019496 1.0197571 1.0200868 0.4237223 1.0114737 0.4760912 0.6957231 0.8368147 0.7563796 0.8525387 0.8057522 0.7624547 0.8224761 0.8051108 0.5244100 0.8709095 0.0000000 1.3854019 0.4107467 1.3234338 1.1188073 1.0983071 1.2232322 0.4833990 0.7700393 1.1567149 0.7359691 1.0566923 1.0579672 1.0642750 1.0945417 1.4851211 1.3482264 1.1582518 0.8408848 0.9584674 0.4339086 1.1143346 1.1255359 0.9201768 0.9867157 1.0252896 0.8503226 1.8775831 1.5322794 2.0658242 1.9919024 1.4950819 2.2592492 2.6836619 2.7200656 2.4574703 
Aque_Aqu2.1.24895_001                                  1.4440670 1.2483088 1.1240241 1.6489735 1.6498507 0.5853127 1.6117250 1.1476300 1.2375324 1.3733698 1.2112940 1.2448889 1.2613233 1.3724126 1.3686194 1.3315261 0.7420860 1.3968438 1.3854019 0.0000000 0.1589731 0.3284603 0.7138021 0.7892625 1.0182943 0.4707081 1.1744269 1.6044343 1.0317824 1.5694431 1.5483445 1.5711002 1.5948316 2.0695344 1.7745297 1.5555071 1.1056376 1.2569583 0.6781525 1.6469991 1.3991383 1.8830375 1.4662924 1.0331579 0.8481209 1.9466318 1.6064530 2.2857187 2.8732686 1.4552149 2.4028538 3.2325382 3.6495383 3.6596183 
Xestes_maker-XT_scaffold1082-augustus-gene-0.24-mRNA-1 0.4573102 0.4071304 0.4054151 0.5164196 0.5165095 0.5093580 0.4960538 0.4333300 0.4684641 0.4531877 0.4007115 0.3984387 0.4550963 0.4090102 0.4104761 0.4082108 0.4966871 0.4921825 0.4107467 0.1589731 0.0000000 0.1431939 0.2724443 0.2609877 0.2067356 0.3718892 0.4492776 0.5128695 0.5550709 0.6204976 0.6127340 0.5849099 0.5820846 0.5460469 0.5270531 0.5229593 0.5222102 0.5611177 0.5131778 0.5129385 0.4935897 0.4919793 0.6273222 0.9550394 0.7268340 0.7965208 1.3604550 0.9754586 0.9179637 0.3552893 2.1169929 2.1167697 1.0826278 3.4056439 
Halamb_c53248_g1_i3mm.5069                             1.3514000 1.2881716 1.0579688 1.5152771 1.5160462 0.5695311 1.4974146 1.1202397 1.2314598 1.4124391 1.1465073 1.2315350 1.2190995 1.2526271 1.2914994 1.2977625 0.7500638 1.3237828 1.3234338 0.3284603 0.1431939 0.0000000 0.7249825 0.7446708 0.9414399 0.4203457 1.2185381 1.5779386 0.9914289 1.5679887 1.5543781 1.5397973 1.7021741 2.0715578 1.7148186 1.4952965 1.0901248 1.2083667 0.6716677 1.6122793 1.3806989 1.7854143 1.5110421 1.0568334 0.8601724 1.8908364 1.5544847 2.1444034 2.8624565 1.2416390 2.4831040 3.4434720 3.2423568 3.2903533 
Emue_Em0019g698a.t1                                    1.1124779 1.0622512 0.9706299 1.5805470 1.5814258 0.6632026 1.5100784 0.9524945 1.0917566 1.0903669 1.0743242 1.1266298 1.1242500 1.1173915 1.1403724 1.1115239 0.7228255 1.1427661 1.1188073 0.7138021 0.2724443 0.7249825 0.0000000 0.1076920 0.7107635 0.4070546 1.0738993 1.3885547 0.9184788 1.3653670 1.2947137 1.4294906 1.3859281 1.7160342 1.4419463 1.2048371 0.8760493 1.0026628 0.5573126 1.3228569 1.1979487 1.5292855 1.1993612 1.0357803 0.8540485 1.7398816 1.5553236 1.8994701 2.1208925 1.0334666 2.5801209 3.0013591 3.2456758 2.9504607 
Spolac_c97917_g1_i2_m.16015c97917-g1                   1.0863470 1.0468796 0.9582884 1.5158601 1.5166718 0.6501876 1.4630530 0.9252827 1.0501926 1.0512450 1.0593884 1.0967807 1.0889637 1.1123606 1.1228568 1.1166971 0.7113288 1.1371411 1.0983071 0.7892625 0.2609877 0.7446708 0.1076920 0.0000000 0.7010085 0.3831841 1.0686497 1.3672605 0.8803435 1.3426062 1.2868882 1.4290365 1.3043375 1.6561243 1.4428556 1.2321892 0.8923132 1.0069940 0.5403373 1.2591712 1.1826898 1.5461297 1.1982852 1.0281313 0.9016855 1.7957353 1.4793613 1.9119560 2.1720601 1.1182708 2.5573828 3.0523140 3.1774827 2.9199103 
Tetwil_g22888.t2                                       1.3058228 1.0746349 0.9806653 1.4142217 1.4149043 0.5186481 1.4307810 1.0517044 1.0881394 1.1833791 1.0531207 1.1422875 1.1666353 1.1834684 1.1655157 1.1528233 0.7532289 1.1158429 1.2232322 1.0182943 0.2067356 0.9414399 0.7107635 0.7010085 0.0000000 0.4003743 1.2621182 1.4715566 0.8043496 1.3354822 1.3266662 1.3237195 1.2779046 1.8458997 1.5527394 1.2924139 0.9659628 1.1191362 0.5575767 1.4768939 1.2182202 1.6130491 1.4003244 1.1140203 0.8760430 1.8360902 1.4733914 1.9126848 2.6765558 0.7944163 2.2573255 3.1678174 3.3426338 3.7143588 
Plespi_Pspi_scaffold9520_01                            0.5085900 0.5222450 0.5086716 0.5808840 0.5810461 0.6054038 0.5710931 0.5284034 0.5654542 0.5363293 0.5453985 0.4758776 0.5244690 0.5272919 0.5044541 0.5054938 0.7318006 0.5832859 0.4833990 0.4707081 0.3718892 0.4203457 0.4070546 0.3831841 0.4003743 0.0000000 0.5285960 0.4951207 0.7051178 0.7234860 0.7047112 0.7102325 0.6960515 0.6263674 0.6425256 0.8034697 0.6702661 0.7425306 0.6958776 0.7041477 0.6599234 0.7070628 0.7721067 1.1224497 0.8386896 1.0443810 1.3017276 1.2474169 1.2676725 0.6811272 2.6747827 2.6786725 1.7679317 6.6423664 
Spur_XM_780985.5                                       1.1938294 0.6729129 0.6680284 1.0255998 1.0259367 0.3991011 1.0066558 0.7114990 0.7874852 0.8961329 0.7032562 0.7822714 0.8232044 0.7738492 0.7910723 0.7645777 0.5169054 0.7517870 0.7700393 1.1744269 0.4492776 1.2185381 1.0738993 1.0686497 1.2621182 0.5285960 0.0000000 1.0485598 0.7025957 1.0310189 1.0262681 1.0879098 1.0666762 1.4645563 1.3376570 1.0153885 0.7896653 0.9174143 0.4435154 1.0813086 1.0746715 0.9768237 1.1372548 0.9317348 0.7804512 1.6606782 1.5128293 1.7693653 1.9165230 1.4872072 2.1992368 2.6710674 2.6125439 2.3060449 
Chem_TCONS_00047622                                    1.4330463 1.1089202 1.0196567 1.3650659 1.3656947 0.5538439 1.3753229 1.1283075 1.0133963 1.2578166 0.9003549 0.8770275 0.8555941 0.8357470 0.8468128 0.7992542 0.7406309 0.9307700 1.1567149 1.6044343 0.5128695 1.5779386 1.3885547 1.3672605 1.4715566 0.4951207 1.0485598 0.0000000 0.6380320 0.8504136 0.8405679 0.9383233 0.8198576 2.0586053 1.8198191 1.3448589 1.1687358 1.3004409 0.5503843 1.4193851 1.4378230 1.5780659 1.2410670 1.0946518 0.9766496 1.7231796 1.0610738 2.2290573 2.3956328 1.7835930 2.1402543 3.0659533 3.2181523 2.1160116 
Aaur_scaffold2191.g2.t1                                0.8638006 0.5930647 0.6035475 0.9509346 0.9512706 0.5399334 0.9338176 0.6836256 0.5882045 0.6932478 0.5415615 0.6277153 0.6199917 0.6053829 0.6091485 0.5834519 0.5736286 0.5612635 0.7359691 1.0317824 0.5550709 0.9914289 0.9184788 0.8803435 0.8043496 0.7051178 0.7025957 0.6380320 0.0000000 0.1958977 0.1857985 0.2877875 0.4981421 1.1156993 0.9279161 0.9042445 0.8847732 0.9261087 0.5551376 0.8846442 0.9360910 0.9363722 0.9544408 1.0934854 0.9884417 1.5804758 1.2873287 1.3888637 1.3842877 1.0260419 2.0613446 2.3863681 2.0601331 1.9240025 
Nemnom_g18385.t1                                       1.3440854 0.9732639 0.8295729 1.2644235 1.2649747 0.5754446 1.2625399 0.9745410 0.8182760 0.9519063 0.8034064 0.9237498 0.9161463 0.8238193 0.8277191 0.8240631 0.6356492 0.8897859 1.0566923 1.5694431 0.6204976 1.5679887 1.3653670 1.3426062 1.3354822 0.7234860 1.0310189 0.8504136 0.1958977 0.0000000 0.1131563 0.3857390 0.6488216 1.6570663 1.3374189 1.1935240 0.9957461 1.1290139 0.5299143 1.2218684 1.1936155 1.4540870 1.2145190 1.1248233 1.0444271 2.0275970 1.4148981 2.0141731 2.1493440 1.6446832 2.0331449 2.5871347 2.9504309 2.2031846 
Rhoesc_Res_001147-T1                                   1.3398142 0.9873711 0.8302734 1.3145488 1.3151448 0.5808613 1.2911864 0.9865475 0.7979755 0.9768416 0.7858560 0.9015970 0.9046847 0.8173363 0.8317474 0.8224913 0.6549302 0.8940735 1.0579672 1.5483445 0.6127340 1.5543781 1.2947137 1.2868882 1.3266662 0.7047112 1.0262681 0.8405679 0.1857985 0.1131563 0.0000000 0.3954987 0.6721516 1.6329242 1.3821922 1.1838192 0.9654244 1.1082050 0.5641505 1.2321959 1.1579856 1.4341478 1.2248216 1.2147532 1.0564354 2.0180547 1.3382709 1.9372157 2.1053032 1.6126171 2.0980234 2.5707181 2.9127794 2.2532690 
Sanmal_Sma_027288-T1                                   1.4393378 0.9836527 0.9332463 1.3593483 1.3599981 0.5738013 1.3503870 1.0065408 0.7884850 0.9328232 0.8034490 0.9116817 0.9175797 0.8164579 0.8560427 0.8362651 0.6060173 0.8684452 1.0642750 1.5711002 0.5849099 1.5397973 1.4294906 1.4290365 1.3237195 0.7102325 1.0879098 0.9383233 0.2877875 0.3857390 0.3954987 0.0000000 0.7445574 1.7335085 1.5457609 1.1382799 0.9636645 1.0853355 0.5186597 1.2059306 1.1051173 1.4228892 1.3772665 1.1461320 1.0301724 2.0482362 1.2577607 1.9099926 2.0834880 1.5302189 2.1590555 2.9152946 3.2269523 2.0743868 
Morvir_scaffold167.g38.t1                              1.3530921 1.0549264 1.0277197 1.2574831 1.2580378 0.5614075 1.2903385 1.0588359 0.9926878 1.1739111 0.8319338 0.8531270 0.8980561 0.8160874 0.8067990 0.7870810 0.6814050 0.8057782 1.0945417 1.5948316 0.5820846 1.7021741 1.3859281 1.3043375 1.2779046 0.6960515 1.0666762 0.8198576 0.4981421 0.6488216 0.6721516 0.7445574 0.0000000 1.7572996 1.4713377 1.1024672 0.9340775 1.0346768 0.4418535 1.1909320 1.1427974 1.3719588 1.3356058 1.0013391 0.8962787 1.8032266 1.2659911 2.1639312 2.0122658 1.7059688 2.3410105 3.0092921 2.7313962 2.1269470 
Mlei_ML0161.g3.i1                                      1.8217621 1.2660014 1.2768824 1.8814661 1.8814661 0.5123640 1.9521605 1.2249886 1.3647576 1.3173480 1.3601692 1.4517594 1.4698534 1.4190942 1.4610792 1.4454936 0.8307526 1.4310593 1.4851211 2.0695344 0.5460469 2.0715578 1.7160342 1.6561243 1.8458997 0.6263674 1.4645563 2.0586053 1.1156993 1.6570663 1.6329242 1.7335085 1.7572996 0.0000000 0.1841724 0.2546068 0.1306738 0.1634671 0.0553833 0.2769478 0.2590240 1.9125388 1.6240081 0.8989188 0.9180231 2.0978834 3.4133214 2.5903582 3.1479403 1.6818438 2.0757868 2.9634490 2.3327822 2.7753529 
Beraby_Baby_sb347940                                   1.6150684 1.0952760 1.0821517 1.6288240 1.6171910 0.5619203 1.6795094 1.1232752 1.2938620 1.2749559 1.2388657 1.3636656 1.3370828 1.2634294 1.2734732 1.2760608 0.7247855 1.3091018 1.3482264 1.7745297 0.5270531 1.7148186 1.4419463 1.4428556 1.5527394 0.6425256 1.3376570 1.8198191 0.9279161 1.3374189 1.3821922 1.5457609 1.4713377 0.1841724 0.0000000 0.2674451 0.1240779 0.1630282 0.0828251 0.2883501 0.2802690 1.6283203 1.5655217 0.9479537 0.8564788 2.0113044 1.8857039 2.3825711 2.6927199 1.4014825 2.2586566 2.9711899 2.0000549 3.0514976 
Horcal_Hcv1.av93.c7.g911.i2                            1.4174584 0.9566769 0.9209773 1.3307358 1.3289367 0.5618403 1.3563827 0.9151826 1.0198556 1.0715592 1.0171278 1.1130990 1.0895060 1.0124499 1.0430877 1.0524380 0.6753370 1.0575016 1.1582518 1.5555071 0.5229593 1.4952965 1.2048371 1.2321892 1.2924139 0.8034697 1.0153885 1.3448589 0.9042445 1.1935240 1.1838192 1.1382799 1.1024672 0.2546068 0.2674451 0.0000000 0.1629369 0.1901177 0.0830641 0.2269162 0.2220328 1.3567959 1.2117906 1.1504258 0.9727002 1.7761916 1.7101249 2.1461005 2.4742790 1.5092121 2.3121460 3.0890817 2.2542861 2.8449379 
Bolinf_Binf_sb1231792                                  0.9973488 0.7256081 0.7019320 1.1533700 1.1514078 0.5863289 1.1620055 0.6575964 0.7933019 0.7733533 0.8205863 0.8904160 0.8610488 0.8311414 0.8554456 0.8537380 0.6017480 0.8952447 0.8408848 1.1056376 0.5222102 1.0901248 0.8760493 0.8923132 0.9659628 0.6702661 0.7896653 1.1687358 0.8847732 0.9957461 0.9654244 0.9636645 0.9340775 0.1306738 0.1240779 0.1629369 0.0000000 0.0000010 0.0283939 0.1197390 0.1530682 1.0192550 1.1943984 1.0877845 0.9449528 1.5838198 1.5793937 1.9350062 1.6432151 0.9620686 2.1544946 2.4516945 1.5895195 2.4377630 
Mertsp_Mesp_sb566526                                   1.1622000 0.8759862 0.8127878 1.2464530 1.2445466 0.5907360 1.2550840 0.8212934 0.8895418 0.8703811 0.9046974 0.9725133 0.9521720 0.9192188 0.9429125 0.9438310 0.5961611 0.9725566 0.9584674 1.2569583 0.5611177 1.2083667 1.0026628 1.0069940 1.1191362 0.7425306 0.9174143 1.3004409 0.9261087 1.1290139 1.1082050 1.0853355 1.0346768 0.1634671 0.1630282 0.1901177 0.0000010 0.0000000 0.0259156 0.1330612 0.1830266 1.2319379 1.2147991 1.1401261 0.9639823 1.6629875 1.6411414 2.2030703 2.0266660 1.1439041 2.1038214 2.6005629 1.7142498 2.7289902 
Drygla_Dgla_sb277128                                   0.6108671 0.4675947 0.4192477 0.5123368 0.5095673 0.5150609 0.5018055 0.4605919 0.4076999 0.4204556 0.3876903 0.3713286 0.3963943 0.3209384 0.3414873 0.3425582 0.4799698 0.4367048 0.4339086 0.6781525 0.5131778 0.6716677 0.5573126 0.5403373 0.5575767 0.6958776 0.4435154 0.5503843 0.5551376 0.5299143 0.5641505 0.5186597 0.4418535 0.0553833 0.0828251 0.0830641 0.0283939 0.0259156 0.0000000 0.0452512 0.0560728 0.5258698 0.6307384 1.1009160 0.9700849 1.0505637 1.5343550 1.0796630 1.0160186 0.6763692 2.2047107 2.3073021 0.5946138 4.9117394 
Lampan_Lpan_4198_01                                    1.4605915 1.0799600 0.9419741 1.2924578 1.2907806 0.5212624 1.3165079 0.9976199 1.0742294 1.1411915 1.0637889 1.0894527 1.0744644 1.0391931 1.0666679 1.0616843 0.6470569 1.1551126 1.1143346 1.6469991 0.5129385 1.6122793 1.3228569 1.2591712 1.4768939 0.7041477 1.0813086 1.4193851 0.8846442 1.2218684 1.2321959 1.2059306 1.1909320 0.2769478 0.2883501 0.2269162 0.1197390 0.1330612 0.0452512 0.0000000 0.1729161 1.3663175 1.2962449 1.1352970 1.0005643 1.8985033 1.5176101 2.3431090 2.6542245 1.7171772 2.1872882 2.7803744 2.4241792 2.9670068 
Eupdun_Edun_sb10648862                                 1.3482452 0.9833365 0.9645253 1.3383476 1.3363323 0.5436563 1.3236206 0.9221954 1.0409327 1.0247169 0.9821107 1.0883881 1.1073543 1.0249232 1.0743506 1.0722656 0.6477379 1.0932103 1.1255359 1.3991383 0.4935897 1.3806989 1.1979487 1.1826898 1.2182202 0.6599234 1.0746715 1.4378230 0.9360910 1.1936155 1.1579856 1.1051173 1.1427974 0.2590240 0.2802690 0.2220328 0.1530682 0.1830266 0.0560728 0.1729161 0.0000000 1.2848556 1.4203582 1.0863243 0.9319015 1.7400575 1.5991731 2.2996058 2.2376080 1.3306593 1.9813974 2.7634168 2.1399053 2.9126791 
Ctel_gnl_WGS_AMQN_CAPTEDRAFT_mRNA192643                1.3557607 0.9388986 0.7894689 1.4080918 1.4246626 0.4724420 1.4394579 0.7442973 0.9879751 1.0866093 0.9651011 1.1369585 1.1214723 1.0789294 1.1359143 1.1411648 0.6309729 1.0004085 0.9201768 1.8830375 0.4919793 1.7854143 1.5292855 1.5461297 1.6130491 0.7070628 0.9768237 1.5780659 0.9363722 1.4540870 1.4341478 1.4228892 1.3719588 1.9125388 1.6283203 1.3567959 1.0192550 1.2319379 0.5258698 1.3663175 1.2848556 0.0000000 1.3344711 1.1492679 0.9472069 2.3081226 1.6839387 2.1694124 2.2826097 1.9827289 2.6337936 3.0892214 3.2577563 3.5123006 
Opea_EP00118_Oscarella_pearsei_P028961                 1.4487531 1.0471104 1.0742514 1.1745679 1.1886225 0.5985896 1.1762068 1.0852677 1.0740879 1.1633148 1.0306286 1.0708755 1.1408810 1.0497211 1.0227519 1.0451835 0.8567898 1.1810035 0.9867157 1.4662924 0.6273222 1.5110421 1.1993612 1.1982852 1.4003244 0.7721067 1.1372548 1.2410670 0.9544408 1.2145190 1.2248216 1.3772665 1.3356058 1.6240081 1.5655217 1.2117906 1.1943984 1.2147991 0.6307384 1.2962449 1.4203582 1.3344711 0.0000000 1.1075047 0.9151274 1.8657271 1.7719955 2.0514289 0.9153255 1.6724289 2.5324351 3.0492525 3.1514272 2.7557682 
Scil_scict006483.1                                     1.0445636 0.9940595 1.0288006 1.0818426 1.0825329 1.0979288 1.1015412 1.1285553 0.9933903 0.8836792 1.0964676 1.0161199 1.1138923 1.0211565 0.9883339 0.9730224 1.2354572 1.1026178 1.0252896 1.0331579 0.9550394 1.0568334 1.0357803 1.0281313 1.1140203 1.1224497 0.9317348 1.0946518 1.0934854 1.1248233 1.2147532 1.1461320 1.0013391 0.8989188 0.9479537 1.1504258 1.0877845 1.1401261 1.1009160 1.1352970 1.0863243 1.1492679 1.1075047 0.0000000 0.5485639 0.7186125 1.8474792 1.0112010 1.5297232 1.1929107 2.5476374 2.6489464 2.0324089 3.5659142 
Leuniv_Lniv_scaffold25607_01                           0.8902517 0.7894603 0.8382051 0.9182620 0.9187166 0.9133178 0.9296929 0.9409586 0.8959493 0.8189181 0.8867295 0.8990913 0.9620820 0.8776433 0.8191351 0.8063163 1.0382899 0.9306007 0.8503226 0.8481209 0.7268340 0.8601724 0.8540485 0.9016855 0.8760430 0.8386896 0.7804512 0.9766496 0.9884417 1.0444271 1.0564354 1.0301724 0.8962787 0.9180231 0.8564788 0.9727002 0.9449528 0.9639823 0.9700849 1.0005643 0.9319015 0.9472069 0.9151274 0.5485639 0.0000000 0.5878775 1.7094075 0.8283918 1.2809413 1.0634213 2.3842417 2.5112252 1.9243382 3.6820509 
Gracom_Gcom_C559214_01                                 1.8544764 1.8273896 1.8745624 1.9389058 1.9401512 0.9627106 1.9816151 1.7691558 1.8620353 2.0584482 1.8441968 1.8667877 1.9224728 1.8318332 1.9150281 1.8517029 1.3422743 1.9893316 1.8775831 1.9466318 0.7965208 1.8908364 1.7398816 1.7957353 1.8360902 1.0443810 1.6606782 1.7231796 1.5804758 2.0275970 2.0180547 2.0482362 1.8032266 2.0978834 2.0113044 1.7761916 1.5838198 1.6629875 1.0505637 1.8985033 1.7400575 2.3081226 1.8657271 0.7186125 0.5878775 0.0000000 1.4742043 1.7104107 2.4975844 1.9512450 2.4517672 3.3346779 3.9120688 4.2807758 
Hvul_g27554_1                                          1.4359584 1.5054806 1.4314961 1.6701794 1.6599077 1.6902354 1.5525289 1.4344514 1.3343852 1.3876832 1.3507530 1.2867643 1.1563914 1.2361112 1.3454850 1.2793191 1.3832709 1.3330622 1.5322794 1.6064530 1.3604550 1.5544847 1.5553236 1.4793613 1.4733914 1.3017276 1.5128293 1.0610738 1.2873287 1.4148981 1.3382709 1.2577607 1.2659911 3.4133214 1.8857039 1.7101249 1.5793937 1.6411414 1.5343550 1.5176101 1.5991731 1.6839387 1.7719955 1.8474792 1.7094075 1.4742043 0.0000000 2.1394532 1.8649359 1.9714574 3.2742822 3.2787254 4.9786136 8.9999990 
Lcom_lcpid36951                                        2.3101345 1.9340268 1.6847936 2.3352592 2.3611227 1.2730919 2.3900754 1.7824633 1.8878839 2.0257703 2.0350646 2.0496856 2.1330252 2.0776949 2.0339352 2.0347357 1.6192639 2.1094289 2.0658242 2.2857187 0.9754586 2.1444034 1.8994701 1.9119560 1.9126848 1.2474169 1.7693653 2.2290573 1.3888637 2.0141731 1.9372157 1.9099926 2.1639312 2.5903582 2.3825711 2.1461005 1.9350062 2.2030703 1.0796630 2.3431090 2.2996058 2.1694124 2.0514289 1.0112010 0.8283918 1.7104107 2.1394532 0.0000000 3.2104523 2.5083862 3.5624972 4.6110039 4.0863545 4.6104094 
Ocar_g5083                                             2.2486163 2.1337420 1.8984334 2.4908418 2.5183815 0.8837710 2.5634110 1.8254314 1.8898594 1.7797861 2.0172583 1.9955321 2.0149575 2.0068332 2.0604531 2.0418847 1.1720379 2.1616915 1.9919024 2.8732686 0.9179637 2.8624565 2.1208925 2.1720601 2.6765558 1.2676725 1.9165230 2.3956328 1.3842877 2.1493440 2.1053032 2.0834880 2.0122658 3.1479403 2.6927199 2.4742790 1.6432151 2.0266660 1.0160186 2.6542245 2.2376080 2.2826097 0.9153255 1.5297232 1.2809413 2.4975844 1.8649359 3.2104523 0.0000000 2.3818926 3.1382566 4.9771947 3.7620214 5.9384713 
Stycar_maker-SC_scaffold144383-snap-gene-0.38-mRNA-1   1.6072823 1.3824053 1.3348147 1.7743668 1.7758680 0.7841729 1.7811287 1.2444491 1.5223777 1.5036659 1.4257537 1.4312571 1.4872151 1.4202563 1.4709807 1.3951633 0.7427704 1.4913316 1.4950819 1.4552149 0.3552893 1.2416390 1.0334666 1.1182708 0.7944163 0.6811272 1.4872072 1.7835930 1.0260419 1.6446832 1.6126171 1.5302189 1.7059688 1.6818438 1.4014825 1.5092121 0.9620686 1.1439041 0.6763692 1.7171772 1.3306593 1.9827289 1.6724289 1.1929107 1.0634213 1.9512450 1.9714574 2.5083862 2.3818926 0.0000000 2.4475915 3.6246986 2.8289134 4.6499647 
Tadh_TriadT32222                                       2.1591107 2.3175847 2.1302785 1.4700644 1.4490150 1.3025607 1.4818284 2.0777182 2.2667894 2.0366609 2.3798958 2.2512964 2.2692487 2.2720949 2.2533977 2.1736375 2.1116992 2.1920764 2.2592492 2.4028538 2.1169929 2.4831040 2.5801209 2.5573828 2.2573255 2.6747827 2.1992368 2.1402543 2.0613446 2.0331449 2.0980234 2.1590555 2.3410105 2.0757868 2.2586566 2.3121460 2.1544946 2.1038214 2.2047107 2.1872882 1.9813974 2.6337936 2.5324351 2.5476374 2.3842417 2.4517672 3.2742822 3.5624972 3.1382566 2.4475915 0.0000000 0.0586174 3.4269017 6.1385433 
TrH2_TrispH2_005570-RA                                 2.9566509 2.7076153 2.3797645 1.9521088 1.9369481 1.2976802 1.9583607 2.6735378 2.6299323 2.5592544 2.5936992 2.7929878 2.7388177 2.7943180 2.8607231 2.7355833 2.1648618 2.5283941 2.6836619 3.2325382 2.1167697 3.4434720 3.0013591 3.0523140 3.1678174 2.6786725 2.6710674 3.0659533 2.3863681 2.5871347 2.5707181 2.9152946 3.0092921 2.9634490 2.9711899 3.0890817 2.4516945 2.6005629 2.3073021 2.7803744 2.7634168 3.0892214 3.0492525 2.6489464 2.5112252 3.3346779 3.2787254 4.6110039 4.9771947 3.6246986 0.0586174 0.0000000 4.6800107 4.7299290 
Pbac_sb2667268                                         3.0264015 2.7435818 2.6333024 3.1336659 3.1197602 1.3136833 3.0914130 2.4168516 2.4835185 2.3970701 2.6169850 2.5445648 2.6897726 2.4461391 2.4115183 2.4875183 1.8766964 2.4328613 2.7200656 3.6495383 1.0826278 3.2423568 3.2456758 3.1774827 3.3426338 1.7679317 2.6125439 3.2181523 2.0601331 2.9504309 2.9127794 3.2269523 2.7313962 2.3327822 2.0000549 2.2542861 1.5895195 1.7142498 0.5946138 2.4241792 2.1399053 3.2577563 3.1514272 2.0324089 1.9243382 3.9120688 4.9786136 4.0863545 3.7620214 2.8289134 3.4269017 4.6800107 0.0000000 4.9168979 
Gasp_gasp1.m3.10612.m1                                 3.1228707 1.9527012 1.7905713 2.6093923 2.6257317 2.7792582 2.7435309 2.0242996 1.5394398 1.8553522 1.3283697 1.0867008 0.9937351 0.4509632 0.6571268 0.6231751 1.1588920 1.4711524 2.4574703 3.6596183 3.4056439 3.2903533 2.9504607 2.9199103 3.7143588 6.6423664 2.3060449 2.1160116 1.9240025 2.2031846 2.2532690 2.0743868 2.1269470 2.7753529 3.0514976 2.8449379 2.4377630 2.7289902 4.9117394 2.9670068 2.9126791 3.5123006 2.7557682 3.5659142 3.6820509 4.2807758 8.9999990 4.6104094 5.9384713 4.6499647 6.1385433 4.7299290 4.9168979 0.0000000 
