51
Bralan_BLAG04000863_1                                           0.0000000 0.7982428 0.7775436 0.9289828 0.8699327 0.9295242 1.1887603 1.2375270 1.2456264 1.2456264 1.2542948 2.4270815 0.7293053 1.7709235 1.6559735 1.6412885 2.2476428 0.9722131 0.9364227 0.9711775 0.8991938 0.8757664 0.9529605 0.8904430 1.1130042 1.0297284 1.0085186 0.9969510 1.1187451 1.0859384 1.1394725 1.2256482 1.6466849 1.3751397 1.4528454 1.1492121 2.4794340 2.5706695 2.3797750 2.6493586 1.7413908 2.0255267 1.7780839 1.6525445 1.5821810 1.5893933 1.7229188 1.6990241 2.5541186 2.0493373 2.5070933 
Spur_XM_030978192.1                                             0.7982428 0.0000000 0.8170875 1.0177287 1.0018188 0.9677851 1.1678415 1.1952360 1.1908742 1.1908742 1.1929315 2.4953749 0.7497655 1.6683017 1.7960397 1.5135428 2.1129050 1.0094376 1.0053887 1.0962489 0.9833896 0.9714017 1.0538185 1.0233884 1.1776246 1.1187407 1.1259033 1.1031622 1.1398145 1.1442296 1.2593140 1.3308021 1.8178047 1.3764578 1.4147663 1.2132873 2.6164456 2.7503977 2.5792633 2.9001672 1.7324774 1.8277943 1.6905762 1.5096539 1.6218533 1.5600522 1.6012423 1.7517568 2.4936035 2.0952350 2.8209936 
Skow_XM_006812499.1                                             0.7775436 0.8170875 0.0000000 0.9823049 0.7675347 0.8636143 1.3726809 1.3212820 1.3335891 1.3335891 1.3393065 2.8796977 0.0000010 1.8931288 1.4280910 1.5995098 2.1704954 1.0232645 1.0356242 0.9973031 0.9822132 0.9554496 1.0010075 0.9757539 1.2820654 1.1828675 1.1940160 1.1199714 1.4349261 1.2380332 1.2640990 1.3399279 1.5409020 1.5046759 1.5522792 1.2381884 2.4919426 2.4923581 2.3201042 2.5579628 1.8135749 2.1628273 1.7679405 1.5425150 1.5889723 1.5299206 1.6991154 1.7442803 2.3996910 2.2223126 2.6393237 
Ctel_gnl_WGS_AMQN_CAPTEDRAFT_mRNA187404                         0.9289828 1.0177287 0.9823049 0.0000000 0.6366621 0.6926494 1.2880260 1.2737965 1.2536134 1.2536134 1.2785896 2.6080309 0.6624519 1.7564345 1.7634353 1.5631697 2.1434261 1.0287522 1.0072719 1.0566018 0.9859091 0.9773214 1.0069590 0.9507874 1.1660149 1.1100875 1.0715075 1.1067330 1.2270275 1.2611252 1.3187961 1.3391758 1.6934179 1.4440314 1.4767826 1.2734911 2.3459685 2.3598084 2.2331653 2.4450402 1.7893992 1.8105459 1.7011170 1.5407102 1.6685334 1.6530541 1.6877241 1.6962600 2.2451532 2.2230994 2.9944333 
Cgig_XM_011438873.3                                             0.8699327 1.0018188 0.7675347 0.6366621 0.0000000 0.4825974 1.3075779 1.3035939 1.2902454 1.2902454 1.3069378 3.1522693 0.8024844 1.8697559 1.6600284 1.7232920 2.2867108 1.0616679 1.0273386 1.0911748 1.0150320 1.0180429 1.0334915 1.0341308 1.0825929 1.0761232 1.0381010 1.1735627 1.2126644 1.2463492 1.3539599 1.3278226 1.7071021 1.3857719 1.4670731 1.2643603 2.6682012 2.6158835 2.6453564 2.6969417 1.7153585 1.7966726 1.7222963 1.6339107 1.7086759 1.6679459 1.7142928 1.6963779 2.2349793 2.2631321 3.2699640 
Acagra_model.g9224.t1_model.g9226.t1                            0.9295242 0.9677851 0.8636143 0.6926494 0.4825974 0.0000000 1.3353393 1.3370737 1.3126674 1.3126674 1.3379535 2.7669654 0.5624464 1.8569637 1.6070882 1.6904022 2.2075135 1.1075526 1.0365837 1.1294184 1.0608688 1.0688303 1.0695925 1.0378773 1.2368526 1.1944249 1.1269038 1.2187938 1.2146659 1.2526474 1.3389236 1.3143162 1.7798074 1.4441261 1.5323011 1.2716385 2.4657297 2.5756297 2.4487837 2.6262343 1.8018768 1.6712876 1.6864179 1.6880397 1.7295539 1.6809254 1.7501659 1.8226858 2.0686628 2.3704006 2.7428880 
Tadh_TriadT51347                                                1.1887603 1.1678415 1.3726809 1.2880260 1.3075779 1.3353393 0.0000000 0.0030511 0.1490629 0.1490629 0.1464704 2.8294497 0.8231050 1.9616023 2.1850821 1.6208095 2.4095563 1.2248493 1.1144108 1.1320037 1.1429715 1.1043322 1.1156817 1.0658674 1.2330325 1.2822393 1.2761971 1.2859681 1.4464114 1.2475346 1.3331570 1.3764415 1.9144675 1.5504541 1.5531908 1.1573707 2.5476722 2.6952046 2.6124698 2.7230812 2.1237141 2.2938746 1.8919592 1.8731041 1.7757021 1.7688759 1.8408858 1.9961748 2.5830892 2.2708924 3.8330398 
TrH2_TrispH2_007174-RA                                          1.2375270 1.1952360 1.3212820 1.2737965 1.3035939 1.3370737 0.0030511 0.0000000 0.1417580 0.1417580 0.1431535 2.9666396 0.8231050 2.0254854 2.1037036 1.6547640 2.4883543 1.2158386 1.1574951 1.2223372 1.1524347 1.1122287 1.1717964 1.1216367 1.2931951 1.3115948 1.2926283 1.3174795 1.4697181 1.2655769 1.3793691 1.4053870 1.9735749 1.5950122 1.6409549 1.2172266 2.6453441 2.7679162 2.7126571 2.8305207 2.0638966 2.1223020 1.9467357 2.0997284 1.7903793 1.8196911 1.9006124 1.9626784 2.6786932 2.2609133 3.0929927 
Hhon_g06823.t1                                                  1.2456264 1.1908742 1.3335891 1.2536134 1.2902454 1.3126674 0.1490629 0.1417580 0.0000000 0.0000010 0.0436307 2.8444618 0.7741906 1.9655339 2.0464723 1.6088515 2.4521666 1.2008014 1.1480668 1.2230954 1.1487823 1.0993327 1.1377552 1.0828403 1.2619109 1.2987184 1.2877344 1.3205929 1.4093077 1.2921602 1.3948841 1.4067460 1.8788372 1.5431915 1.5877923 1.1501374 2.5996001 2.7893869 2.6244440 2.7824351 2.0920879 2.0386502 1.9193010 2.1428053 1.7352115 1.7748762 1.8389053 1.8735605 2.5564928 2.2055066 2.8466228 
HoiH04_mRNA13496                                                1.2456264 1.1908742 1.3335891 1.2536134 1.2902454 1.3126674 0.1490629 0.1417580 0.0000010 0.0000000 0.0436307 2.8444618 0.7741906 1.9655339 2.0464723 1.6088515 2.4521666 1.2008014 1.1480668 1.2230954 1.1487823 1.0993327 1.1377552 1.0828403 1.2619109 1.2987184 1.2877344 1.3205929 1.4093077 1.2921602 1.3948841 1.4067460 1.8788372 1.5431915 1.5877923 1.1501374 2.5996001 2.7893869 2.6244440 2.7824351 2.0920879 2.0386502 1.9193010 2.1428053 1.7352115 1.7748762 1.8389053 1.8735605 2.5564928 2.2055066 2.8466228 
HoiH23_PlH23_003964-RA                                          1.2542948 1.1929315 1.3393065 1.2785896 1.3069378 1.3379535 0.1464704 0.1431535 0.0436307 0.0436307 0.0000000 2.9465734 0.7741906 1.9940532 2.1182273 1.6133587 2.4695903 1.2265553 1.1651276 1.2357941 1.1733162 1.1172741 1.1555776 1.1194624 1.2847449 1.3162922 1.2887263 1.3264544 1.4430101 1.2817831 1.3956452 1.4196192 1.8552502 1.5486033 1.6062949 1.1429908 2.5885202 2.7212690 2.5689097 2.7770417 2.0906910 2.0807070 1.9412798 2.1138794 1.7758064 1.7971176 1.8694583 1.9134343 2.5644596 2.2785407 2.9592501 
Aque_Aqu2.1.33724_001                                           2.4270815 2.4953749 2.8796977 2.6080309 3.1522693 2.7669654 2.8294497 2.9666396 2.8444618 2.8444618 2.9465734 0.0000000 0.0000010 2.0120484 2.1396451 1.7787417 0.5297084 2.6090216 2.3424755 2.8414262 2.7760210 2.6797111 2.7402569 2.7037365 2.8376901 2.6555111 2.6551461 2.7300127 3.1277695 2.7690215 3.0814103 2.7412548 3.3024552 2.6242201 2.8355680 2.9547391 3.3667119 3.7295043 3.5274983 3.0101544 6.7628505 3.7640946 3.1679285 0.0000010 2.9207290 2.9207290 3.2235227 2.9323455 2.8008940 1.8266092 1.9409163 
Emue_Em1356g1a.t1                                               0.7293053 0.7497655 0.0000010 0.6624519 0.8024844 0.5624464 0.8231050 0.8231050 0.7741906 0.7741906 0.7741906 0.0000010 0.0000000 0.1882445 0.6100153 0.7188522 0.9160999 1.0458703 1.0458703 1.1437744 1.1437744 1.0458703 1.2823358 1.1437744 1.2043053 1.0536409 0.9576171 0.9769024 1.0935887 0.7634630 1.0192220 1.0623259 0.0000010 1.0120092 1.1797723 0.0000010 1.5169106 1.6347469 2.3798968 1.6785062 1.1875407 3.2663883 1.2404231 0.0000010 1.2404231 1.2404231 1.1151175 0.0000010 0.0000010 0.0000010 0.0000010 
Spolac_c101400_g1_i1_m.25509c101400-g1                          1.7709235 1.6683017 1.8931288 1.7564345 1.8697559 1.8569637 1.9616023 2.0254854 1.9655339 1.9655339 1.9940532 2.0120484 0.1882445 0.0000000 1.7078536 1.3165558 1.6812340 1.8448240 1.7687861 1.9096476 1.8852115 1.8050047 1.8390836 1.8176715 2.1025200 1.9723968 1.9838542 2.0062714 2.0539789 1.8654047 1.9053339 2.0514328 1.9244921 1.6876954 1.8269589 1.9622253 2.4445005 2.5720043 2.3976699 2.4223502 2.5560478 2.6724053 2.3237396 2.0025720 2.1445466 2.1156147 2.2677325 2.4238063 2.6444613 1.2653995 1.6581730 
Xestes_augustus_masked-XT_scaffold437-processed-gene-0.3-mRNA-1 1.6559735 1.7960397 1.4280910 1.7634353 1.6600284 1.6070882 2.1850821 2.1037036 2.0464723 2.0464723 2.1182273 2.1396451 0.6100153 1.7078536 0.0000000 1.4564885 0.8208108 2.0688056 1.9181350 1.9494581 2.1885273 2.1278528 2.0461109 2.0482600 1.8039191 1.8581138 1.8494489 1.9998693 1.5213954 1.7860181 1.9068653 1.7856789 2.2205385 1.8970538 2.1334769 2.1445159 2.6408494 2.4576475 3.0483303 2.8559366 2.2294698 2.3694690 2.0540877 9.0000000 1.9229812 1.9229812 2.0446056 2.1641275 3.1349100 1.3056364 1.2315790 
Plespi_Pspi_scaffold17809_01                                    1.6412885 1.5135428 1.5995098 1.5631697 1.7232920 1.6904022 1.6208095 1.6547640 1.6088515 1.6088515 1.6133587 1.7787417 0.7188522 1.3165558 1.4564885 0.0000000 1.6258503 1.7579595 1.6401273 1.6840072 1.6798561 1.6646286 1.6275843 1.6096489 1.6428242 1.6922508 1.6883426 1.6709570 1.7669105 1.6808835 1.7688535 1.7271499 2.0133353 1.6416141 1.8131170 1.5958249 2.4238542 2.7043456 2.4843099 2.5220270 2.7445443 2.3798188 2.0482097 1.6152709 2.0030515 1.9345930 1.9490007 2.0710046 2.4380399 1.3253932 1.3004083 
Halamb_c52358_g3_i7mm.4503                                      2.2476428 2.1129050 2.1704954 2.1434261 2.2867108 2.2075135 2.4095563 2.4883543 2.4521666 2.4521666 2.4695903 0.5297084 0.9160999 1.6812340 0.8208108 1.6258503 0.0000000 2.3684514 2.2551637 2.2401492 2.3217560 2.2689205 2.2614969 2.2057523 2.3978921 2.2696696 2.3340285 2.4583530 2.5834461 2.4083631 2.4242288 2.4227071 2.5215012 2.3018330 2.4318863 2.3176326 3.2003482 3.1138172 2.9224434 3.0165897 3.1567395 2.8265525 2.4495711 2.3964526 2.4093401 2.4865778 2.4174267 2.7477960 2.2154902 1.7073445 1.6481503 
Adig_XM_015900251.1                                             0.9722131 1.0094376 1.0232645 1.0287522 1.0616679 1.1075526 1.2248493 1.2158386 1.2008014 1.2008014 1.2265553 2.6090216 1.0458703 1.8448240 2.0688056 1.7579595 2.3684514 0.0000000 0.0126262 0.2044623 0.2120758 0.2290854 0.2558539 0.2278039 0.8344158 0.7458165 0.7451877 0.7362722 0.8756749 0.8126833 0.9119926 0.9600230 1.5358453 1.6014237 1.5230923 0.4535595 2.4876428 2.5974462 2.4324290 2.5688025 1.0144872 2.4149572 1.7207423 1.5564257 1.6718980 1.5881235 1.7474344 1.7761323 2.3325654 2.0642670 2.6667556 
Amil_Amillepora29535-RA                                         0.9364227 1.0053887 1.0356242 1.0072719 1.0273386 1.0365837 1.1144108 1.1574951 1.1480668 1.1480668 1.1651276 2.3424755 1.0458703 1.7687861 1.9181350 1.6401273 2.2551637 0.0126262 0.0000000 0.2156968 0.2004576 0.2121685 0.2405452 0.2181211 0.7711741 0.6972486 0.6890719 0.7166508 0.8195862 0.7459425 0.8776500 0.9228318 1.6996869 1.4418910 1.4516269 0.4360262 2.3762390 2.4602782 2.3323446 2.4664898 1.0293141 2.0177920 1.5438423 1.5707571 1.4830088 1.4595273 1.5983717 1.6323884 2.3515821 2.0207762 2.8017240 
Gfas_gfas1.m1.15097.m1                                          0.9711775 1.0962489 0.9973031 1.0566018 1.0911748 1.1294184 1.1320037 1.2223372 1.2230954 1.2230954 1.2357941 2.8414262 1.1437744 1.9096476 1.9494581 1.6840072 2.2401492 0.2044623 0.2156968 0.0000000 0.1125956 0.1350481 0.1642946 0.1385111 0.8402499 0.7364382 0.7379483 0.7677197 0.8390232 0.7705690 0.9308288 0.9882067 1.6648142 1.4575344 1.4551507 0.4913001 2.3125557 2.5084160 2.5134190 2.3684233 1.0567671 1.9352035 1.6364026 1.6262344 1.5423531 1.5127875 1.6223090 1.7557726 2.5565255 2.0652356 2.6985239 
Fspp_ffun1.m4.27642.m1                                          0.8991938 0.9833896 0.9822132 0.9859091 1.0150320 1.0608688 1.1429715 1.1524347 1.1487823 1.1487823 1.1733162 2.7760210 1.1437744 1.8852115 2.1885273 1.6798561 2.3217560 0.2120758 0.2004576 0.1125956 0.0000000 0.0859411 0.1258782 0.0938478 0.7685184 0.7060489 0.7046313 0.6758772 0.8187893 0.7339994 0.8388259 0.9039065 1.7056740 1.5124475 1.4515927 0.3797634 2.4155737 2.5532891 2.4549731 2.3513082 0.9831883 1.9619052 1.5872565 1.5829138 1.4746052 1.4610390 1.6723953 1.7088290 2.4330787 2.0997563 2.6674010 
Gasp_gasp1.m3.12962.m1                                          0.8757664 0.9714017 0.9554496 0.9773214 1.0180429 1.0688303 1.1043322 1.1122287 1.0993327 1.0993327 1.1172741 2.6797111 1.0458703 1.8050047 2.1278528 1.6646286 2.2689205 0.2290854 0.2121685 0.1350481 0.0859411 0.0000000 0.1426218 0.1111969 0.7346159 0.7117911 0.7167053 0.7076527 0.8017447 0.7174498 0.8291200 0.8849584 1.5181022 1.4971757 1.4520654 0.3469213 2.2345981 2.4006962 2.3196514 2.3311938 1.0652590 1.8871982 1.5920060 1.6004646 1.4972837 1.4921685 1.7023195 1.6423080 2.4101687 2.0146464 2.5514355 
Spis_XP_022788669_1                                             0.9529605 1.0538185 1.0010075 1.0069590 1.0334915 1.0695925 1.1156817 1.1717964 1.1377552 1.1377552 1.1555776 2.7402569 1.2823358 1.8390836 2.0461109 1.6275843 2.2614969 0.2558539 0.2405452 0.1642946 0.1258782 0.1426218 0.0000000 0.0692904 0.7895377 0.7151633 0.7083240 0.7427934 0.8582214 0.7300987 0.8896805 0.9445927 1.7729675 1.4601918 1.4338790 0.4059830 2.2269283 2.3227534 2.2872091 2.3057866 1.0641039 1.8980465 1.6277582 1.6269895 1.5305885 1.5293727 1.7074651 1.6813044 2.3792035 2.1230270 2.7042997 
Pocdam_XM_027203908.1                                           0.8904430 1.0233884 0.9757539 0.9507874 1.0341308 1.0378773 1.0658674 1.1216367 1.0828403 1.0828403 1.1194624 2.7037365 1.1437744 1.8176715 2.0482600 1.6096489 2.2057523 0.2278039 0.2181211 0.1385111 0.0938478 0.1111969 0.0692904 0.0000000 0.7633571 0.6943414 0.6823937 0.7044605 0.8325275 0.7160495 0.8840055 0.9102516 1.7245973 1.3750199 1.4253279 0.4123601 2.2316216 2.3686036 2.3025944 2.2338343 1.1221545 1.9320705 1.5809041 1.6666592 1.4903044 1.4992323 1.6518963 1.6378141 2.3924247 2.0670375 2.6944349 
Aaur_scaffold195.g19.t1                                         1.1130042 1.1776246 1.2820654 1.1660149 1.0825929 1.2368526 1.2330325 1.2931951 1.2619109 1.2619109 1.2847449 2.8376901 1.2043053 2.1025200 1.8039191 1.6428242 2.3978921 0.8344158 0.7711741 0.8402499 0.7685184 0.7346159 0.7895377 0.7633571 0.0000000 0.3281886 0.3151533 0.6708544 0.5357607 1.0550728 1.1710067 0.9424702 2.1507493 1.6475953 1.5866820 0.8103110 2.5349651 2.7043075 2.4174454 2.6304146 1.7048828 1.8674765 1.7547427 1.9312812 1.5628290 1.5677765 1.6783033 1.6550484 2.4366789 2.3747904 2.4924394 
Nemnom_g18013.t1                                                1.0297284 1.1187407 1.1828675 1.1100875 1.0761232 1.1944249 1.2822393 1.3115948 1.2987184 1.2987184 1.3162922 2.6555111 1.0536409 1.9723968 1.8581138 1.6922508 2.2696696 0.7458165 0.6972486 0.7364382 0.7060489 0.7117911 0.7151633 0.6943414 0.3281886 0.0000000 0.0907991 0.5759403 0.3860121 0.9290985 1.0272913 0.8341996 1.9996454 1.5595512 1.5352118 0.7558670 2.5144513 2.7106515 2.4387961 2.4881537 1.5008883 1.9120381 1.6686899 1.4748371 1.5662141 1.5018267 1.6516464 1.6827777 2.3645739 2.2445194 2.4664215 
Rhoesc_Res_007700-T1                                            1.0085186 1.1259033 1.1940160 1.0715075 1.0381010 1.1269038 1.2761971 1.2926283 1.2877344 1.2877344 1.2887263 2.6551461 0.9576171 1.9838542 1.8494489 1.6883426 2.3340285 0.7451877 0.6890719 0.7379483 0.7046313 0.7167053 0.7083240 0.6823937 0.3151533 0.0907991 0.0000000 0.5809813 0.3807954 0.9105549 1.0150059 0.8075919 1.8900212 1.5253009 1.5397926 0.7657189 2.4947585 2.6313074 2.3930956 2.4523044 1.5131609 1.8624686 1.6313969 1.4519561 1.5334093 1.4710614 1.6591815 1.6819990 2.3593723 2.2080928 2.3896539 
Morvir_scaffold9.g7.t1                                          0.9969510 1.1031622 1.1199714 1.1067330 1.1735627 1.2187938 1.2859681 1.3174795 1.3205929 1.3205929 1.3264544 2.7300127 0.9769024 2.0062714 1.9998693 1.6709570 2.4583530 0.7362722 0.7166508 0.7677197 0.6758772 0.7076527 0.7427934 0.7044605 0.6708544 0.5759403 0.5809813 0.0000000 0.6013848 0.8870897 1.0418598 0.8313848 1.8662296 1.5263178 1.5640453 0.8031214 2.4137019 2.6645064 2.5072979 2.5451438 1.5733918 1.8898160 1.6067553 1.3641374 1.5253942 1.4537803 1.6018103 1.7209815 2.4914662 2.4282225 2.8621828 
Sanmal_Sma_015610-T1                                            1.1187451 1.1398145 1.4349261 1.2270275 1.2126644 1.2146659 1.4464114 1.4697181 1.4093077 1.4093077 1.4430101 3.1277695 1.0935887 2.0539789 1.5213954 1.7669105 2.5834461 0.8756749 0.8195862 0.8390232 0.8187893 0.8017447 0.8582214 0.8325275 0.5357607 0.3860121 0.3807954 0.6013848 0.0000000 1.0473120 1.1310828 0.8684289 2.3598966 1.8037687 1.8408090 1.1297971 2.5084737 2.7429904 2.4614681 2.6924610 1.1200117 1.8475747 1.5652205 1.3638355 1.5334880 1.4426173 1.5383947 1.7070537 2.9769223 2.4794001 2.6128839 
Dgig_XM_028553487.1                                             1.0859384 1.1442296 1.2380332 1.2611252 1.2463492 1.2526474 1.2475346 1.2655769 1.2921602 1.2921602 1.2817831 2.7690215 0.7634630 1.8654047 1.7860181 1.6808835 2.4083631 0.8126833 0.7459425 0.7705690 0.7339994 0.7174498 0.7300987 0.7160495 1.0550728 0.9290985 0.9105549 0.8870897 1.0473120 0.0000000 0.2693301 0.9610137 1.8447003 1.5430748 1.6478660 0.8834852 2.6037457 2.6107476 2.4997134 2.4664690 1.4991601 2.0243527 1.6581592 1.7158374 1.6058803 1.5927554 1.6705513 1.7876668 2.5703328 2.4225317 2.8831284 
Xesp_014931-T1                                                  1.1394725 1.2593140 1.2640990 1.3187961 1.3539599 1.3389236 1.3331570 1.3793691 1.3948841 1.3948841 1.3956452 3.0814103 1.0192220 1.9053339 1.9068653 1.7688535 2.4242288 0.9119926 0.8776500 0.9308288 0.8388259 0.8291200 0.8896805 0.8840055 1.1710067 1.0272913 1.0150059 1.0418598 1.1310828 0.2693301 0.0000000 1.0906324 2.0821736 1.6064287 1.6773454 1.1241315 2.5523837 2.6334066 2.5240332 2.5946264 1.6238508 2.0016191 1.6950017 1.6419636 1.6898660 1.6321818 1.7777240 1.9644185 2.7905562 2.3651850 2.8127816 
Chem_TCONS_00072637                                             1.2256482 1.3308021 1.3399279 1.3391758 1.3278226 1.3143162 1.3764415 1.4053870 1.4067460 1.4067460 1.4196192 2.7412548 1.0623259 2.0514328 1.7856789 1.7271499 2.4227071 0.9600230 0.9228318 0.9882067 0.9039065 0.8849584 0.9445927 0.9102516 0.9424702 0.8341996 0.8075919 0.8313848 0.8684289 0.9610137 1.0906324 0.0000000 2.0439824 1.7482519 1.7622558 0.9345923 2.5572190 2.5463644 2.5061886 2.4977948 1.7755948 2.0895327 1.7491791 1.6761429 1.6259332 1.5704388 1.7286195 1.7733489 2.4621660 2.2842608 2.8648584 
Ocar_g3464                                                      1.6466849 1.8178047 1.5409020 1.6934179 1.7071021 1.7798074 1.9144675 1.9735749 1.8788372 1.8788372 1.8552502 3.3024552 0.0000010 1.9244921 2.2205385 2.0133353 2.5215012 1.5358453 1.6996869 1.6648142 1.7056740 1.5181022 1.7729675 1.7245973 2.1507493 1.9996454 1.8900212 1.8662296 2.3598966 1.8447003 2.0821736 2.0439824 0.0000000 0.0858888 1.1919354 2.1541012 2.6556532 2.8832456 2.6120045 2.7343000 3.6765493 2.0290477 2.1998411 0.0000010 1.8568406 1.8568406 2.0748878 2.1147438 2.7202701 2.4476486 3.2756012 
Opea_EP00118_Oscarella_pearsei_P008591                          1.3751397 1.3764578 1.5046759 1.4440314 1.3857719 1.4441261 1.5504541 1.5950122 1.5431915 1.5431915 1.5486033 2.6242201 1.0120092 1.6876954 1.8970538 1.6416141 2.3018330 1.6014237 1.4418910 1.4575344 1.5124475 1.4971757 1.4601918 1.3750199 1.6475953 1.5595512 1.5253009 1.5263178 1.8037687 1.5430748 1.6064287 1.7482519 0.0858888 0.0000000 0.8523980 1.5410178 2.4263607 2.5019929 2.1557794 2.3404269 2.3242444 1.9419160 1.6910154 1.6853691 1.5290556 1.5131333 1.7132497 1.6703997 2.3937673 2.1785896 2.7803006 
Plajan_Pjan_scaffold3871_01                                     1.4528454 1.4147663 1.5522792 1.4767826 1.4670731 1.5323011 1.5531908 1.6409549 1.5877923 1.5877923 1.6062949 2.8355680 1.1797723 1.8269589 2.1334769 1.8131170 2.4318863 1.5230923 1.4516269 1.4551507 1.4515927 1.4520654 1.4338790 1.4253279 1.5866820 1.5352118 1.5397926 1.5640453 1.8408090 1.6478660 1.6773454 1.7622558 1.1919354 0.8523980 0.0000000 1.4541802 2.1950504 2.4469713 2.1527269 2.2700073 2.4375172 2.1015054 1.8207320 1.4528434 1.6901350 1.6341410 1.7597412 1.9095782 2.4742687 2.0560043 3.2787864 
Nvec_v1g214207                                                  1.1492121 1.2132873 1.2381884 1.2734911 1.2643603 1.2716385 1.1573707 1.2172266 1.1501374 1.1501374 1.1429908 2.9547391 0.0000010 1.9622253 2.1445159 1.5958249 2.3176326 0.4535595 0.4360262 0.4913001 0.3797634 0.3469213 0.4059830 0.4123601 0.8103110 0.7558670 0.7657189 0.8031214 1.1297971 0.8834852 1.1241315 0.9345923 2.1541012 1.5410178 1.4541802 0.0000000 2.5573887 2.5699708 2.6136868 2.4249430 4.6429231 2.8078114 2.0384743 0.4597015 1.7128345 1.6977170 1.7480988 1.8722865 2.4622990 2.7309906 4.6841822 
Scil_scict014894.1                                              2.4794340 2.6164456 2.4919426 2.3459685 2.6682012 2.4657297 2.5476722 2.6453441 2.5996001 2.5996001 2.5885202 3.3667119 1.5169106 2.4445005 2.6408494 2.4238542 3.2003482 2.4876428 2.3762390 2.3125557 2.4155737 2.2345981 2.2269283 2.2316216 2.5349651 2.5144513 2.4947585 2.4137019 2.5084737 2.6037457 2.5523837 2.5572190 2.6556532 2.4263607 2.1950504 2.5573887 0.0000000 0.5637493 0.6817245 0.8343972 3.0247330 3.3147450 2.7688981 2.1600031 2.5763999 2.5514017 2.6721471 2.7256241 2.2988750 2.8661616 3.6488403 
Gracom_Gcom_scaffold18037_01                                    2.5706695 2.7503977 2.4923581 2.3598084 2.6158835 2.5756297 2.6952046 2.7679162 2.7893869 2.7893869 2.7212690 3.7295043 1.6347469 2.5720043 2.4576475 2.7043456 3.1138172 2.5974462 2.4602782 2.5084160 2.5532891 2.4006962 2.3227534 2.3686036 2.7043075 2.7106515 2.6313074 2.6645064 2.7429904 2.6107476 2.6334066 2.5463644 2.8832456 2.5019929 2.4469713 2.5699708 0.5637493 0.0000000 0.7445205 0.8745355 3.1366483 3.3070774 2.7956072 2.4321646 2.5678240 2.4883324 2.7736291 2.6226754 2.2230181 3.1215321 3.1348105 
Leuniv_Lniv_scaffold23940_01                                    2.3797750 2.5792633 2.3201042 2.2331653 2.6453564 2.4487837 2.6124698 2.7126571 2.6244440 2.6244440 2.5689097 3.5274983 2.3798968 2.3976699 3.0483303 2.4843099 2.9224434 2.4324290 2.3323446 2.5134190 2.4549731 2.3196514 2.2872091 2.3025944 2.4174454 2.4387961 2.3930956 2.5072979 2.4614681 2.4997134 2.5240332 2.5061886 2.6120045 2.1557794 2.1527269 2.6136868 0.6817245 0.7445205 0.0000000 0.7541999 3.1523093 3.0988826 2.6042388 1.9966813 2.4187189 2.3612337 2.6426496 2.5200502 2.0556404 2.6979058 3.3079496 
Lcom_lcpid5188                                                  2.6493586 2.9001672 2.5579628 2.4450402 2.6969417 2.6262343 2.7230812 2.8305207 2.7824351 2.7824351 2.7770417 3.0101544 1.6785062 2.4223502 2.8559366 2.5220270 3.0165897 2.5688025 2.4664898 2.3684233 2.3513082 2.3311938 2.3057866 2.2338343 2.6304146 2.4881537 2.4523044 2.5451438 2.6924610 2.4664690 2.5946264 2.4977948 2.7343000 2.3404269 2.2700073 2.4249430 0.8343972 0.8745355 0.7541999 0.0000000 3.5123106 3.3685909 2.7281927 2.3047135 2.6048433 2.5792083 2.6898577 2.4927064 1.9391469 2.8223872 3.0174902 
Exapal_XM_021046875.2                                           1.7413908 1.7324774 1.8135749 1.7893992 1.7153585 1.8018768 2.1237141 2.0638966 2.0920879 2.0920879 2.0906910 6.7628505 1.1875407 2.5560478 2.2294698 2.7445443 3.1567395 1.0144872 1.0293141 1.0567671 0.9831883 1.0652590 1.0641039 1.1221545 1.7048828 1.5008883 1.5131609 1.5733918 1.1200117 1.4991601 1.6238508 1.7755948 3.6765493 2.3242444 2.4375172 4.6429231 3.0247330 3.1366483 3.1523093 3.5123106 0.0000000 3.1720841 2.6421557 1.6734533 3.1143051 2.6147385 3.1111201 4.2805711 6.0539107 3.4779486 2.8449962 
Pbac_sb2661472                                                  2.0255267 1.8277943 2.1628273 1.8105459 1.7966726 1.6712876 2.2938746 2.1223020 2.0386502 2.0386502 2.0807070 3.7640946 3.2663883 2.6724053 2.3694690 2.3798188 2.8265525 2.4149572 2.0177920 1.9352035 1.9619052 1.8871982 1.8980465 1.9320705 1.8674765 1.9120381 1.8624686 1.8898160 1.8475747 2.0243527 2.0016191 2.0895327 2.0290477 1.9419160 2.1015054 2.8078114 3.3147450 3.3070774 3.0988826 3.3685909 3.1720841 0.0000000 0.0661444 0.0000010 0.7129297 0.7129297 0.9040882 1.0836039 2.9967400 2.9529059 3.2989142 
Horcal_Hcv1.av93.c12.g522.i1                                    1.7780839 1.6905762 1.7679405 1.7011170 1.7222963 1.6864179 1.8919592 1.9467357 1.9193010 1.9193010 1.9412798 3.1679285 1.2404231 2.3237396 2.0540877 2.0482097 2.4495711 1.7207423 1.5438423 1.6364026 1.5872565 1.5920060 1.6277582 1.5809041 1.7547427 1.6686899 1.6313969 1.6067553 1.5652205 1.6581592 1.6950017 1.7491791 2.1998411 1.6910154 1.8207320 2.0384743 2.7688981 2.7956072 2.6042388 2.7281927 2.6421557 0.0661444 0.0000000 0.3525411 0.6403060 0.5640004 0.6665869 0.9734686 2.7257490 2.5159624 2.7858431 
Lampan_Lpan_752_01                                              1.6525445 1.5096539 1.5425150 1.5407102 1.6339107 1.6880397 1.8731041 2.0997284 2.1428053 2.1428053 2.1138794 0.0000010 0.0000010 2.0025720 9.0000000 1.6152709 2.3964526 1.5564257 1.5707571 1.6262344 1.5829138 1.6004646 1.6269895 1.6666592 1.9312812 1.4748371 1.4519561 1.3641374 1.3638355 1.7158374 1.6419636 1.6761429 0.0000010 1.6853691 1.4528434 0.4597015 2.1600031 2.4321646 1.9966813 2.3047135 1.6734533 0.0000010 0.3525411 0.0000000 9.0000000 0.2325754 0.2753519 0.0000010 0.0000010 1.9514868 2.9464283 
Bolinf_Binf_sb1222788                                           1.5821810 1.6218533 1.5889723 1.6685334 1.7086759 1.7295539 1.7757021 1.7903793 1.7352115 1.7352115 1.7758064 2.9207290 1.2404231 2.1445466 1.9229812 2.0030515 2.4093401 1.6718980 1.4830088 1.5423531 1.4746052 1.4972837 1.5305885 1.4903044 1.5628290 1.5662141 1.5334093 1.5253942 1.5334880 1.6058803 1.6898660 1.6259332 1.8568406 1.5290556 1.6901350 1.7128345 2.5763999 2.5678240 2.4187189 2.6048433 3.1143051 0.7129297 0.6403060 9.0000000 0.0000000 0.0000010 0.4258754 0.6207512 2.5227876 2.5095272 2.9283843 
Mertsp_Mesp_sb604007                                            1.5893933 1.5600522 1.5299206 1.6530541 1.6679459 1.6809254 1.7688759 1.8196911 1.7748762 1.7748762 1.7971176 2.9207290 1.2404231 2.1156147 1.9229812 1.9345930 2.4865778 1.5881235 1.4595273 1.5127875 1.4610390 1.4921685 1.5293727 1.4992323 1.5677765 1.5018267 1.4710614 1.4537803 1.4426173 1.5927554 1.6321818 1.5704388 1.8568406 1.5131333 1.6341410 1.6977170 2.5514017 2.4883324 2.3612337 2.5792083 2.6147385 0.7129297 0.5640004 0.2325754 0.0000010 0.0000000 0.4014941 0.6207512 2.5227876 2.3849820 2.8595215 
Beraby_Baby_sb329822                                            1.7229188 1.6012423 1.6991154 1.6877241 1.7142928 1.7501659 1.8408858 1.9006124 1.8389053 1.8389053 1.8694583 3.2235227 1.1151175 2.2677325 2.0446056 1.9490007 2.4174267 1.7474344 1.5983717 1.6223090 1.6723953 1.7023195 1.7074651 1.6518963 1.6783033 1.6516464 1.6591815 1.6018103 1.5383947 1.6705513 1.7777240 1.7286195 2.0748878 1.7132497 1.7597412 1.7480988 2.6721471 2.7736291 2.6426496 2.6898577 3.1111201 0.9040882 0.6665869 0.2753519 0.4258754 0.4014941 0.0000000 0.6616632 2.6279508 2.7199782 2.9448602 
Drygla_Dgla_sb291460                                            1.6990241 1.7517568 1.7442803 1.6962600 1.6963779 1.8226858 1.9961748 1.9626784 1.8735605 1.8735605 1.9134343 2.9323455 0.0000010 2.4238063 2.1641275 2.0710046 2.7477960 1.7761323 1.6323884 1.7557726 1.7088290 1.6423080 1.6813044 1.6378141 1.6550484 1.6827777 1.6819990 1.7209815 1.7070537 1.7876668 1.9644185 1.7733489 2.1147438 1.6703997 1.9095782 1.8722865 2.7256241 2.6226754 2.5200502 2.4927064 4.2805711 1.0836039 0.9734686 0.0000010 0.6207512 0.6207512 0.6616632 0.0000000 2.7090724 2.7682602 2.8579816 
Clacor_Ccor_scaffold12519_01                                    2.5541186 2.4936035 2.3996910 2.2451532 2.2349793 2.0686628 2.5830892 2.6786932 2.5564928 2.5564928 2.5644596 2.8008940 0.0000010 2.6444613 3.1349100 2.4380399 2.2154902 2.3325654 2.3515821 2.5565255 2.4330787 2.4101687 2.3792035 2.3924247 2.4366789 2.3645739 2.3593723 2.4914662 2.9769223 2.5703328 2.7905562 2.4621660 2.7202701 2.3937673 2.4742687 2.4622990 2.2988750 2.2230181 2.0556404 1.9391469 6.0539107 2.9967400 2.7257490 0.0000010 2.5227876 2.5227876 2.6279508 2.7090724 0.0000000 2.5701624 3.0839335 
Tetwil_g23669.t1                                                2.0493373 2.0952350 2.2223126 2.2230994 2.2631321 2.3704006 2.2708924 2.2609133 2.2055066 2.2055066 2.2785407 1.8266092 0.0000010 1.2653995 1.3056364 1.3253932 1.7073445 2.0642670 2.0207762 2.0652356 2.0997563 2.0146464 2.1230270 2.0670375 2.3747904 2.2445194 2.2080928 2.4282225 2.4794001 2.4225317 2.3651850 2.2842608 2.4476486 2.1785896 2.0560043 2.7309906 2.8661616 3.1215321 2.6979058 2.8223872 3.4779486 2.9529059 2.5159624 1.9514868 2.5095272 2.3849820 2.7199782 2.7682602 2.5701624 0.0000000 1.2837763 
Stycar_maker-SC_scaffold2974-snap-gene-0.6-mRNA-1               2.5070933 2.8209936 2.6393237 2.9944333 3.2699640 2.7428880 3.8330398 3.0929927 2.8466228 2.8466228 2.9592501 1.9409163 0.0000010 1.6581730 1.2315790 1.3004083 1.6481503 2.6667556 2.8017240 2.6985239 2.6674010 2.5514355 2.7042997 2.6944349 2.4924394 2.4664215 2.3896539 2.8621828 2.6128839 2.8831284 2.8127816 2.8648584 3.2756012 2.7803006 3.2787864 4.6841822 3.6488403 3.1348105 3.3079496 3.0174902 2.8449962 3.2989142 2.7858431 2.9464283 2.9283843 2.8595215 2.9448602 2.8579816 3.0839335 1.2837763 0.0000000 
