48
Hsap_ENST00000611123                    0.0000000 1.2368887 1.2485264 1.3782391 1.9515362 1.8344602 1.8309133 1.9322403 1.9322403 1.8152407 1.4405189 1.5625262 1.6058414 1.5051328 1.8146164 1.8423134 1.6021711 1.9664925 1.9016560 1.2685398 1.1397368 1.6636422 1.6341964 1.6321874 1.4627970 1.2977872 1.5221153 1.5180664 1.2147843 1.9733595 1.4343306 1.6095596 3.7626181 2.1274576 1.9527923 2.1351353 1.8666309 1.9143405 2.2452366 1.8806327 2.4139058 2.0324263 2.1287405 2.2531992 1.8837150 1.6336851 2.3553870 2.5535174 
Spur_XM_030987000.1                     1.2368887 0.0000000 0.9765252 1.1703321 1.6295677 1.6247919 1.6341229 1.6773781 1.6773781 1.6159145 1.3877471 1.2694493 1.3713204 1.4390849 1.5041845 1.7546374 1.6257405 2.2108340 1.9058562 1.3842512 1.3309202 1.6694784 1.7034957 1.6792277 1.5078938 1.5575126 1.6406774 1.6021133 1.5395158 1.9854163 1.5282771 1.4859051 3.2860766 2.0062860 1.9705855 2.1734006 2.1879195 2.1458617 2.0930134 1.8592955 2.3858402 1.9872232 1.8957064 1.9695186 1.6569251 1.4175021 2.6509402 2.3230129 
Skow_XM_006820485.1                     1.2485264 0.9765252 0.0000000 1.1172588 1.6027654 1.6079020 1.6071794 1.6294027 1.6294027 1.5915018 1.3744289 1.4882051 1.4424130 1.4092002 1.5744625 1.7122737 1.6547900 2.2637739 1.9822581 1.4557499 1.3646840 1.8715690 1.8005161 1.7904602 1.4100148 1.4100625 1.6344692 1.6706106 1.2278028 1.9621583 1.4792613 1.5092966 3.3114850 1.9962973 1.7777477 1.8820384 1.9989670 1.9989948 2.0724810 1.8458779 2.3269943 1.9793215 1.8194718 2.0471018 1.8091175 1.4398114 2.5349048 2.4311580 
Tadh_TriadT3406                         1.3782391 1.1703321 1.1172588 0.0000000 0.0000010 0.0955258 0.0948706 0.1088729 0.1088729 0.0829588 1.4108604 1.4402100 1.4745508 1.5756467 1.7324416 1.2983334 1.3230020 1.6942856 1.5775103 1.3794335 1.3148195 1.4238797 1.3703972 1.3473287 1.4346699 1.3042500 1.5656577 1.4942572 1.2678090 1.6241431 1.3193863 1.5291684 2.9120316 1.4585845 1.4666030 1.5634830 1.7253179 1.7160674 1.5425861 1.6912111 1.8138335 1.5441128 1.7158620 1.7189616 1.7570825 1.4271682 1.8202749 2.1374478 
TrH2_TrispH2_005421-RA                  1.9515362 1.6295677 1.6027654 0.0000010 0.0000000 0.1267265 0.1238031 0.1395805 0.1395805 0.1086497 1.8466778 2.0619474 2.1089028 1.7737888 2.0361512 1.6132534 1.7377624 2.1533526 2.0666529 1.4481464 1.4095436 1.8254463 1.7825745 1.7507828 1.6715070 1.3680204 1.7616445 1.6664836 1.3595238 2.2507467 1.7031158 1.7830327 3.3642424 1.9847630 2.0775262 2.1688704 2.3330175 2.3495307 2.1856548 2.4433662 2.7410334 2.0131316 2.1231675 2.0414870 1.9719512 2.1803562 2.9334354 2.7607965 
HoiH06_mRNA12894                        1.8344602 1.6247919 1.6079020 0.0955258 0.1267265 0.0000000 0.0207598 0.0552621 0.0552621 0.0698341 1.7995776 2.0328713 2.0011380 1.7953484 1.9461571 1.6442818 1.7378331 2.0412254 2.0007055 1.4173901 1.4893311 1.7632218 1.7666876 1.7351159 1.6516281 1.3990397 1.7308749 1.6230995 1.3587250 2.1638020 1.5864753 1.7465262 3.4344036 1.8379929 1.9815025 2.0663352 2.1561970 2.1040473 2.0392472 2.4182645 2.6125811 1.9036179 2.0807107 2.1002663 1.9826131 2.1441029 2.4756334 2.8483823 
HoiH23_PlH23_008622-RA                  1.8309133 1.6341229 1.6071794 0.0948706 0.1238031 0.0207598 0.0000000 0.0428523 0.0428523 0.0631860 1.8263865 2.0490220 2.0508776 1.8134865 1.9739605 1.6452127 1.7354648 2.0632109 2.0162071 1.4307910 1.4797657 1.7726681 1.7760241 1.7444464 1.6710980 1.4186263 1.7422280 1.6488435 1.3852372 2.1865130 1.6275848 1.7365843 3.4536774 1.8253308 1.9761785 2.1233734 2.1351421 2.0812332 2.0886634 2.4355638 2.6297627 1.9102688 2.1174032 2.0672699 1.9594399 2.1453780 2.5076265 2.7681704 
Hhon_g05081.t1                          1.9322403 1.6773781 1.6294027 0.1088729 0.1395805 0.0552621 0.0428523 0.0000000 0.0000010 0.0833852 1.8033055 2.0838065 2.0774656 1.8254264 1.9511388 1.7281555 1.7480770 2.1538013 2.1135861 1.4856567 1.5202023 1.8615036 1.8617524 1.8273004 1.6815753 1.4721604 1.7504198 1.6721406 1.3842878 2.2446766 1.6774944 1.7416763 3.5552294 1.8689235 2.0434772 2.1544821 2.1832527 2.1197570 2.1361912 2.5512186 2.7048154 1.9316938 2.1410044 2.0658416 1.9294820 2.1860009 2.6237499 2.9316975 
HoiH04_mRNA2445                         1.9322403 1.6773781 1.6294027 0.1088729 0.1395805 0.0552621 0.0428523 0.0000010 0.0000000 0.0833852 1.8033055 2.0838065 2.0774656 1.8254264 1.9511388 1.7281555 1.7480770 2.1538013 2.1135861 1.4856567 1.5202023 1.8615036 1.8617524 1.8273004 1.6815753 1.4721604 1.7504198 1.6721406 1.3842878 2.2446766 1.6774944 1.7416763 3.5552294 1.8689235 2.0434772 2.1544821 2.1832527 2.1197570 2.1361912 2.5512186 2.7048154 1.9316938 2.1410044 2.0658416 1.9294820 2.1860009 2.6237499 2.9316975 
HoiH11_mRNA8853                         1.8152407 1.6159145 1.5915018 0.0829588 0.1086497 0.0698341 0.0631860 0.0833852 0.0833852 0.0000000 1.7975233 2.0320181 2.0014486 1.8285757 1.9238232 1.6262404 1.7584376 2.1058355 2.0370353 1.4631027 1.4474454 1.8201474 1.8207385 1.7895090 1.6560926 1.4105252 1.7389748 1.6157829 1.3722369 2.1613742 1.6069284 1.7240306 3.3168952 1.9148387 1.9902255 2.0636237 2.2431386 2.1797484 2.1110483 2.4602411 2.6320675 1.9279479 2.0171193 2.0880015 1.9345975 2.1560694 2.7194215 2.7422649 
Tcas_TC033135_001                       1.4405189 1.3877471 1.3744289 1.4108604 1.8466778 1.7995776 1.8263865 1.8033055 1.8033055 1.7975233 0.0000000 0.8440521 0.9448719 1.0951438 1.1770996 1.8056166 1.7188455 2.0868246 1.9692841 1.5948755 1.4393303 1.9206525 1.8014854 1.8283388 1.6883898 1.6095799 1.6857764 1.7297961 1.3944771 1.9371650 1.7395983 1.6512729 3.1368676 2.1583678 2.0533719 2.0227638 1.9935203 1.9116273 2.1871144 1.3912928 2.0423541 1.8975418 1.8143391 2.0548071 1.8203122 1.5749569 2.6061453 2.4269006 
Cgig_XM_011437917.3                     1.5625262 1.2694493 1.4882051 1.4402100 2.0619474 2.0328713 2.0490220 2.0838065 2.0838065 2.0320181 0.8440521 0.0000000 0.6008487 0.9066431 1.0935386 1.8591109 1.6310117 2.2465005 2.1090209 1.5975022 1.3535615 1.8789524 1.9977453 1.9428520 1.7388202 1.5819362 1.6845696 1.6941979 1.5646937 2.3611123 1.8460039 1.7486872 3.7027153 2.3388558 2.1055729 2.2494781 2.4002249 2.2129141 2.3925633 1.4757357 2.5051121 2.1014453 2.0512173 2.2041989 1.9667837 1.7918204 2.4905706 2.6983821 
Acagra_model.g30946.t1.1.5d3b8d30       1.6058414 1.3713204 1.4424130 1.4745508 2.1089028 2.0011380 2.0508776 2.0774656 2.0774656 2.0014486 0.9448719 0.6008487 0.0000000 0.9642730 1.2334119 2.0413153 1.6827366 2.3674761 2.2807088 1.5985741 1.6058228 2.0126329 1.9049674 1.9448706 1.6893002 1.5876303 1.6143349 1.6852974 1.4817045 2.1358956 1.8999900 1.7279358 3.5100726 2.2371931 2.3467295 2.2389922 2.4619461 2.3221711 2.5237673 1.5688529 2.8165703 2.2711428 2.2376023 2.5548235 2.0791711 1.8468303 2.5644687 3.0704575 
Ctel_gnl_WGS_AMQN_CAPTEDRAFT_mRNA156207 1.5051328 1.4390849 1.4092002 1.5756467 1.7737888 1.7953484 1.8134865 1.8254264 1.8254264 1.8285757 1.0951438 0.9066431 0.9642730 0.0000000 1.4717212 2.0961474 1.8655776 1.9730227 1.9473884 1.6988029 1.4443387 1.8325580 1.7573990 1.6970083 1.7363508 1.5723431 1.6870854 1.5859163 1.5397072 1.9210963 1.7730001 1.9516862 3.1587866 2.1565293 1.9243192 1.9614360 1.9480191 1.9873314 1.8839880 1.4078076 2.1469312 2.1084298 2.0754138 2.2226050 2.0516222 1.5957437 1.7771281 2.4153445 
Dpul_mRNA15385                          1.8146164 1.5041845 1.5744625 1.7324416 2.0361512 1.9461571 1.9739605 1.9511388 1.9511388 1.9238232 1.1770996 1.0935386 1.2334119 1.4717212 0.0000000 1.8946208 1.9325998 2.2316351 2.0059875 1.7665265 1.3992173 1.8644044 1.8415088 1.8723138 1.9089402 1.8252198 2.0249851 2.1167883 1.8519385 2.3944019 1.7168179 2.1303972 3.7971310 2.1021609 2.2554440 2.2181074 2.1772233 2.2155947 2.3340747 1.4338223 2.4430869 2.1362537 2.6268370 2.5625266 2.1924745 1.7394970 2.4346401 2.8565017 
Exapal_XM_021045291.2                   1.8423134 1.7546374 1.7122737 1.2983334 1.6132534 1.6442818 1.6452127 1.7281555 1.7281555 1.6262404 1.8056166 1.8591109 2.0413153 2.0961474 1.8946208 0.0000000 0.6264664 0.9519420 0.8461820 0.6955310 0.7195567 0.8269630 0.7846363 0.7767474 1.8830136 1.7752600 2.0715035 2.0542436 1.5217525 2.3866747 1.6475232 1.8053330 3.7450082 1.3286949 1.4833008 1.7081145 1.7766674 1.7006575 1.5014956 2.1006112 1.4372147 2.0335795 2.1122484 2.1901855 2.4164901 1.9288779 2.1168952 2.5824710 
Nvec_v1g169723                          1.6021711 1.6257405 1.6547900 1.3230020 1.7377624 1.7378331 1.7354648 1.7480770 1.7480770 1.7584376 1.7188455 1.6310117 1.6827366 1.8655776 1.9325998 0.6264664 0.0000000 0.9661005 0.9414883 0.6588485 0.7711132 0.8253257 0.8108953 0.7950569 1.6019520 1.4714475 1.7119502 1.7210794 1.2006608 2.0828901 1.4174249 1.5628174 3.6634203 1.3903999 1.3655479 1.4204322 1.6172588 1.6108581 1.4890668 1.9692178 1.4513243 2.1115553 2.0718485 2.0388080 2.1039854 1.9112388 1.9731350 2.3766309 
Adig_XM_015900699.1                     1.9664925 2.2108340 2.2637739 1.6942856 2.1533526 2.0412254 2.0632109 2.1538013 2.1538013 2.1058355 2.0868246 2.2465005 2.3674761 1.9730227 2.2316351 0.9519420 0.9661005 0.0000000 0.0610322 0.1849507 0.3849080 0.2793192 0.2911719 0.2983042 1.9526170 1.7938373 1.9224347 1.9633411 1.5614843 2.1630805 1.6689909 1.9940672 4.1801558 1.5784462 1.7090600 1.8684602 1.9378754 1.9491564 1.7563329 2.7121299 1.7083997 2.2513685 2.2930931 2.3112746 2.5424969 2.5354417 1.7542872 2.6429195 
Amil_Amillepora19375-RA                 1.9016560 1.9058562 1.9822581 1.5775103 2.0666529 2.0007055 2.0162071 2.1135861 2.1135861 2.0370353 1.9692841 2.1090209 2.2807088 1.9473884 2.0059875 0.8461820 0.9414883 0.0610322 0.0000000 0.1477438 0.2548658 0.2344124 0.2441568 0.2520187 1.9718962 1.6806661 1.9998362 2.0728389 1.4588694 2.2263710 1.5334887 1.9280707 3.3506102 1.5512088 1.5863039 1.8059881 1.7862683 1.7452241 1.6452820 2.4647133 1.6641507 2.2094231 2.1976197 2.3946903 2.4819723 2.1171258 2.3012611 3.6537682 
Gfas_gfas1.m1.9718.m1                   1.2685398 1.3842512 1.4557499 1.3794335 1.4481464 1.4173901 1.4307910 1.4856567 1.4856567 1.4631027 1.5948755 1.5975022 1.5985741 1.6988029 1.7665265 0.6955310 0.6588485 0.1849507 0.1477438 0.0000000 0.2310587 0.1802174 0.1909432 0.2021356 1.6963749 1.5155606 1.7283301 1.7383097 1.4361120 1.7819340 1.3248633 1.5166832 3.5250976 1.0929082 1.2029734 1.3129946 1.2969440 1.3043647 1.1759769 1.7887182 1.1932760 1.6457415 1.7273258 1.7447415 1.9284025 1.6681504 1.2882499 2.1398336 
Fspp_ffun1.m4.30854.m1                  1.1397368 1.3309202 1.3646840 1.3148195 1.4095436 1.4893311 1.4797657 1.5202023 1.5202023 1.4474454 1.4393303 1.3535615 1.6058228 1.4443387 1.3992173 0.7195567 0.7711132 0.3849080 0.2548658 0.2310587 0.0000000 0.1096689 0.1490965 0.1815679 1.3617035 1.2524726 1.2776705 1.3999193 1.3403019 1.4073829 0.9092577 1.0273404 2.2046959 1.1366508 1.1830703 1.3785724 1.1104247 1.1340325 1.0383954 1.6562950 1.0986835 1.2734721 1.2244909 1.1631345 1.5207772 1.2376252 1.0855503 0.5019241 
Gasp_gasp1.m3.1323.m1                   1.6636422 1.6694784 1.8715690 1.4238797 1.8254463 1.7632218 1.7726681 1.8615036 1.8615036 1.8201474 1.9206525 1.8789524 2.0126329 1.8325580 1.8644044 0.8269630 0.8253257 0.2793192 0.2344124 0.1802174 0.1096689 0.0000000 0.1518513 0.1531169 1.8306044 1.5887022 1.7228344 1.8366751 1.4279788 2.1137313 1.3844095 1.5879855 3.6616915 1.3353959 1.5133831 1.5648854 1.4739662 1.4936445 1.2918085 2.3170587 1.3873457 1.6444355 1.8096204 1.7272883 1.9318634 2.1203707 1.4587809 2.3355219 
Spis_XP_022789798_1                     1.6341964 1.7034957 1.8005161 1.3703972 1.7825745 1.7666876 1.7760241 1.8617524 1.8617524 1.8207385 1.8014854 1.9977453 1.9049674 1.7573990 1.8415088 0.7846363 0.8108953 0.2911719 0.2441568 0.1909432 0.1490965 0.1518513 0.0000000 0.0483620 1.8020777 1.5591674 1.7311298 1.7950519 1.4170401 2.1020005 1.3889339 1.5541773 3.8455194 1.3988477 1.4328907 1.5325359 1.4817493 1.4327104 1.3104719 2.1924855 1.3905698 1.7287962 1.7968273 1.7886717 1.9854041 1.9343643 1.6675051 2.3642439 
Pocdam_XM_027188526.1                   1.6321874 1.6792277 1.7904602 1.3473287 1.7507828 1.7351159 1.7444464 1.8273004 1.8273004 1.7895090 1.8283388 1.9428520 1.9448706 1.6970083 1.8723138 0.7767474 0.7950569 0.2983042 0.2520187 0.2021356 0.1815679 0.1531169 0.0483620 0.0000000 1.7904699 1.5497868 1.7034296 1.7800943 1.4145707 2.0395225 1.3676719 1.6027385 3.8338959 1.3796972 1.4350712 1.5398449 1.4918759 1.4706195 1.3024590 2.1594267 1.4414179 1.7061936 1.8303159 1.7589309 1.9906535 1.9107088 1.6271085 2.3940020 
Mlei_ML2825.g37.i1                      1.4627970 1.5078938 1.4100148 1.4346699 1.6715070 1.6516281 1.6710980 1.6815753 1.6815753 1.6560926 1.6883898 1.7388202 1.6893002 1.7363508 1.9089402 1.8830136 1.6019520 1.9526170 1.9718962 1.6963749 1.3617035 1.8306044 1.8020777 1.7904699 0.0000000 0.3618372 0.4321794 0.4080583 0.3378520 0.4322046 1.2058647 1.4158344 1.5787242 1.8307253 1.6854062 1.7843629 1.8009609 1.9029786 1.9836246 1.7543514 1.9468902 1.7354095 1.8172354 1.8976146 1.9033571 1.3992505 1.8930966 2.4782600 
Beraby_Baby_sb354976                    1.2977872 1.5575126 1.4100625 1.3042500 1.3680204 1.3990397 1.4186263 1.4721604 1.4721604 1.4105252 1.6095799 1.5819362 1.5876303 1.5723431 1.8252198 1.7752600 1.4714475 1.7938373 1.6806661 1.5155606 1.2524726 1.5887022 1.5591674 1.5497868 0.3618372 0.0000000 0.5475048 0.4732495 0.4606868 0.5070077 1.1604173 1.2709276 1.7272845 1.8241990 1.7054134 1.7361104 1.7689801 1.8089988 1.7850576 1.7247360 1.8606029 1.7406302 1.7824265 1.8006419 1.5831423 1.3698389 1.6146396 2.0563127 
Vmul_Simscaffold15572_01                1.5221153 1.6406774 1.6344692 1.5656577 1.7616445 1.7308749 1.7422280 1.7504198 1.7504198 1.7389748 1.6857764 1.6845696 1.6143349 1.6870854 2.0249851 2.0715035 1.7119502 1.9224347 1.9998362 1.7283301 1.2776705 1.7228344 1.7311298 1.7034296 0.4321794 0.5475048 0.0000000 0.3107441 0.5867331 0.6274445 1.3894965 1.6074429 2.0402510 2.0545038 2.0228858 1.9259690 2.0775161 2.0077971 2.0754726 1.9458036 2.2052131 1.8480023 2.0410461 1.8463553 1.8065565 1.6360982 1.9059399 2.2322406 
Coemet_Cmet_scaffold2627_01             1.5180664 1.6021133 1.6706106 1.4942572 1.6664836 1.6230995 1.6488435 1.6721406 1.6721406 1.6157829 1.7297961 1.6941979 1.6852974 1.5859163 2.1167883 2.0542436 1.7210794 1.9633411 2.0728389 1.7383097 1.3999193 1.8366751 1.7950519 1.7800943 0.4080583 0.4732495 0.3107441 0.0000000 0.4529589 0.5852241 1.3687422 1.5087876 1.7975388 1.9885586 1.9453614 1.8781762 2.1268485 2.0141713 2.0642334 1.9015537 2.0988929 1.7536626 1.9404777 1.8720539 1.8219681 1.4782343 2.1071765 2.7114700 
Drygla_Dgla_sb291128                    1.2147843 1.5395158 1.2278028 1.2678090 1.3595238 1.3587250 1.3852372 1.3842878 1.3842878 1.3722369 1.3944771 1.5646937 1.4817045 1.5397072 1.8519385 1.5217525 1.2006608 1.5614843 1.4588694 1.4361120 1.3403019 1.4279788 1.4170401 1.4145707 0.3378520 0.4606868 0.5867331 0.4529589 0.0000000 0.4541574 1.1140477 1.0981018 1.0914618 1.6542844 1.3027038 1.4068153 1.6627945 1.6542395 1.6268745 1.6832107 1.6531546 1.3597292 1.3775302 1.5419447 1.5412485 1.1595287 1.1793676 1.0953656 
Horcal_Hcv1.av93.c11.g507.i1            1.9733595 1.9854163 1.9621583 1.6241431 2.2507467 2.1638020 2.1865130 2.2446766 2.2446766 2.1613742 1.9371650 2.3611123 2.1358956 1.9210963 2.3944019 2.3866747 2.0828901 2.1630805 2.2263710 1.7819340 1.4073829 2.1137313 2.1020005 2.0395225 0.4322046 0.5070077 0.6274445 0.5852241 0.4541574 0.0000000 1.5797857 1.7145263 1.5867409 2.3885503 2.6051067 2.5879459 2.3508442 2.3216570 2.4173998 2.3854072 2.6261699 2.1783722 2.0218243 2.3202864 2.1506368 2.0032517 2.8042918 3.1773513 
Opea_EP00118_Oscarella_pearsei_P004631  1.4343306 1.5282771 1.4792613 1.3193863 1.7031158 1.5864753 1.6275848 1.6774944 1.6774944 1.6069284 1.7395983 1.8460039 1.8999900 1.7730001 1.7168179 1.6475232 1.4174249 1.6689909 1.5334887 1.3248633 0.9092577 1.3844095 1.3889339 1.3676719 1.2058647 1.1604173 1.3894965 1.3687422 1.1140477 1.5797857 0.0000000 1.0432485 3.3177452 1.9623842 1.4807333 1.6207385 1.6391335 1.7634839 1.8814136 1.9926397 2.0688190 1.5769192 1.8378566 1.6721537 1.8178136 1.6590619 2.9122282 2.5710995 
Plajan_Pjan_scaffold8921_01             1.6095596 1.4859051 1.5092966 1.5291684 1.7830327 1.7465262 1.7365843 1.7416763 1.7416763 1.7240306 1.6512729 1.7486872 1.7279358 1.9516862 2.1303972 1.8053330 1.5628174 1.9940672 1.9280707 1.5166832 1.0273404 1.5879855 1.5541773 1.6027385 1.4158344 1.2709276 1.6074429 1.5087876 1.0981018 1.7145263 1.0432485 0.0000000 2.7044192 2.0761881 1.5917160 1.7739726 1.7926622 1.7522786 2.0838133 1.9567166 2.1464507 1.5608510 1.6448410 1.6272911 1.7022048 1.7894549 2.3957096 2.2836473 
Pbac_sb2663402                          3.7626181 3.2860766 3.3114850 2.9120316 3.3642424 3.4344036 3.4536774 3.5552294 3.5552294 3.3168952 3.1368676 3.7027153 3.5100726 3.1587866 3.7971310 3.7450082 3.6634203 4.1801558 3.3506102 3.5250976 2.2046959 3.6616915 3.8455194 3.8338959 1.5787242 1.7272845 2.0402510 1.7975388 1.0914618 1.5867409 3.3177452 2.7044192 0.0000000 4.1615223 3.8083480 4.1397862 3.6752647 3.8337455 3.9581380 4.4116036 4.1309939 3.6394777 4.0292021 3.9442410 3.4335271 3.9257856 6.5010605 8.1779680 
Morvir_scaffold30.g57.t2                2.1274576 2.0062860 1.9962973 1.4585845 1.9847630 1.8379929 1.8253308 1.8689235 1.8689235 1.9148387 2.1583678 2.3388558 2.2371931 2.1565293 2.1021609 1.3286949 1.3903999 1.5784462 1.5512088 1.0929082 1.1366508 1.3353959 1.3988477 1.3796972 1.8307253 1.8241990 2.0545038 1.9885586 1.6542844 2.3885503 1.9623842 2.0761881 4.1615223 0.0000000 1.5010920 1.6870320 1.2157982 1.2155720 1.3262206 2.9665377 1.4190201 2.2265413 2.3111533 2.2458784 2.4145283 2.5081378 1.3971825 3.3175026 
Dgig_XM_028537970.1                     1.9527923 1.9705855 1.7777477 1.4666030 2.0775262 1.9815025 1.9761785 2.0434772 2.0434772 1.9902255 2.0533719 2.1055729 2.3467295 1.9243192 2.2554440 1.4833008 1.3655479 1.7090600 1.5863039 1.2029734 1.1830703 1.5133831 1.4328907 1.4350712 1.6854062 1.7054134 2.0228858 1.9453614 1.3027038 2.6051067 1.4807333 1.5917160 3.8083480 1.5010920 0.0000000 0.5537018 1.9057068 1.8613270 1.8049742 2.1509040 1.9834749 2.1636859 2.2664540 2.3109111 2.4391289 1.8192025 1.9531657 2.1190566 
Xesp_012842-T1                          2.1351353 2.1734006 1.8820384 1.5634830 2.1688704 2.0663352 2.1233734 2.1544821 2.1544821 2.0636237 2.0227638 2.2494781 2.2389922 1.9614360 2.2181074 1.7081145 1.4204322 1.8684602 1.8059881 1.3129946 1.3785724 1.5648854 1.5325359 1.5398449 1.7843629 1.7361104 1.9259690 1.8781762 1.4068153 2.5879459 1.6207385 1.7739726 4.1397862 1.6870320 0.5537018 0.0000000 1.7925798 1.7384580 1.8484636 2.3219576 1.8925102 2.2739850 2.4080288 2.3082212 2.5708407 2.1808978 1.8645550 2.0840227 
Nemnom_g4061.t1                         1.8666309 2.1879195 1.9989670 1.7253179 2.3330175 2.1561970 2.1351421 2.1832527 2.1832527 2.2431386 1.9935203 2.4002249 2.4619461 1.9480191 2.1772233 1.7766674 1.6172588 1.9378754 1.7862683 1.2969440 1.1104247 1.4739662 1.4817493 1.4918759 1.8009609 1.7689801 2.0775161 2.1268485 1.6627945 2.3508442 1.6391335 1.7926622 3.6752647 1.2157982 1.9057068 1.7925798 0.0000000 0.2072750 1.3861512 2.8476096 1.6528952 1.9720062 2.1186988 1.9766713 2.3002883 2.2306631 1.1664211 3.6038859 
Rhoesc_Res_010017-T1                    1.9143405 2.1458617 1.9989948 1.7160674 2.3495307 2.1040473 2.0812332 2.1197570 2.1197570 2.1797484 1.9116273 2.2129141 2.3221711 1.9873314 2.2155947 1.7006575 1.6108581 1.9491564 1.7452241 1.3043647 1.1340325 1.4936445 1.4327104 1.4706195 1.9029786 1.8089988 2.0077971 2.0141713 1.6542395 2.3216570 1.7634839 1.7522786 3.8337455 1.2155720 1.8613270 1.7384580 0.2072750 0.0000000 1.3567910 2.9947897 1.5813056 2.0679409 2.0317385 1.9695203 2.3200224 2.1945845 1.1475416 3.1108942 
Chem_TCONS_00000443                     2.2452366 2.0930134 2.0724810 1.5425861 2.1856548 2.0392472 2.0886634 2.1361912 2.1361912 2.1110483 2.1871144 2.3925633 2.5237673 1.8839880 2.3340747 1.5014956 1.4890668 1.7563329 1.6452820 1.1759769 1.0383954 1.2918085 1.3104719 1.3024590 1.9836246 1.7850576 2.0754726 2.0642334 1.6268745 2.4173998 1.8814136 2.0838133 3.9581380 1.3262206 1.8049742 1.8484636 1.3861512 1.3567910 0.0000000 2.8942798 0.9084588 2.0704295 2.1498617 2.2345800 2.3005788 2.0424585 1.2865493 2.9082972 
Cscu_XM_023368813.1                     1.8806327 1.8592955 1.8458779 1.6912111 2.4433662 2.4182645 2.4355638 2.5512186 2.5512186 2.4602411 1.3912928 1.4757357 1.5688529 1.4078076 1.4338223 2.1006112 1.9692178 2.7121299 2.4647133 1.7887182 1.6562950 2.3170587 2.1924855 2.1594267 1.7543514 1.7247360 1.9458036 1.9015537 1.6832107 2.3854072 1.9926397 1.9567166 4.4116036 2.9665377 2.1509040 2.3219576 2.8476096 2.9947897 2.8942798 0.0000000 2.8500815 2.9177218 2.8604893 2.9766343 2.8975906 2.0445016 3.1486902 3.3392643 
Hvul_g10806_1                           2.4139058 2.3858402 2.3269943 1.8138335 2.7410334 2.6125811 2.6297627 2.7048154 2.7048154 2.6320675 2.0423541 2.5051121 2.8165703 2.1469312 2.4430869 1.4372147 1.4513243 1.7083997 1.6641507 1.1932760 1.0986835 1.3873457 1.3905698 1.4414179 1.9468902 1.8606029 2.2052131 2.0988929 1.6531546 2.6261699 2.0688190 2.1464507 4.1309939 1.4190201 1.9834749 1.8925102 1.6528952 1.5813056 0.9084588 2.8500815 0.0000000 2.2982607 2.1531899 2.1937160 2.4217377 2.4980219 1.6204391 2.7902274 
Scil_scict013260.1                      2.0324263 1.9872232 1.9793215 1.5441128 2.0131316 1.9036179 1.9102688 1.9316938 1.9316938 1.9279479 1.8975418 2.1014453 2.2711428 2.1084298 2.1362537 2.0335795 2.1115553 2.2513685 2.2094231 1.6457415 1.2734721 1.6444355 1.7287962 1.7061936 1.7354095 1.7406302 1.8480023 1.7536626 1.3597292 2.1783722 1.5769192 1.5608510 3.6394777 2.2265413 2.1636859 2.2739850 1.9720062 2.0679409 2.0704295 2.9177218 2.2982607 0.0000000 0.7268566 0.6531473 0.8093369 2.4208586 2.3776599 2.1014264 
Lcom_lcpid43401                         2.1287405 1.8957064 1.8194718 1.7158620 2.1231675 2.0807107 2.1174032 2.1410044 2.1410044 2.0171193 1.8143391 2.0512173 2.2376023 2.0754138 2.6268370 2.1122484 2.0718485 2.2930931 2.1976197 1.7273258 1.2244909 1.8096204 1.7968273 1.8303159 1.8172354 1.7824265 2.0410461 1.9404777 1.3775302 2.0218243 1.8378566 1.6448410 4.0292021 2.3111533 2.2664540 2.4080288 2.1186988 2.0317385 2.1498617 2.8604893 2.1531899 0.7268566 0.0000000 0.6662008 1.0460902 2.1512879 2.3316779 2.0104154 
Leuniv_Lniv_C810496_01                  2.2531992 1.9695186 2.0471018 1.7189616 2.0414870 2.1002663 2.0672699 2.0658416 2.0658416 2.0880015 2.0548071 2.2041989 2.5548235 2.2226050 2.5625266 2.1901855 2.0388080 2.3112746 2.3946903 1.7447415 1.1631345 1.7272883 1.7886717 1.7589309 1.8976146 1.8006419 1.8463553 1.8720539 1.5419447 2.3202864 1.6721537 1.6272911 3.9442410 2.2458784 2.3109111 2.3082212 1.9766713 1.9695203 2.2345800 2.9766343 2.1937160 0.6531473 0.6662008 0.0000000 1.0258299 2.4009163 2.5294684 2.1887282 
Gracom_Gcom_scaffold8720_01             1.8837150 1.6569251 1.8091175 1.7570825 1.9719512 1.9826131 1.9594399 1.9294820 1.9294820 1.9345975 1.8203122 1.9667837 2.0791711 2.0516222 2.1924745 2.4164901 2.1039854 2.5424969 2.4819723 1.9284025 1.5207772 1.9318634 1.9854041 1.9906535 1.9033571 1.5831423 1.8065565 1.8219681 1.5412485 2.1506368 1.8178136 1.7022048 3.4335271 2.4145283 2.4391289 2.5708407 2.3002883 2.3200224 2.3005788 2.8975906 2.4217377 0.8093369 1.0460902 1.0258299 0.0000000 2.0925075 2.3188661 1.8702925 
Bralan_BLAG11000393_1                   1.6336851 1.4175021 1.4398114 1.4271682 2.1803562 2.1441029 2.1453780 2.1860009 2.1860009 2.1560694 1.5749569 1.7918204 1.8468303 1.5957437 1.7394970 1.9288779 1.9112388 2.5354417 2.1171258 1.6681504 1.2376252 2.1203707 1.9343643 1.9107088 1.3992505 1.3698389 1.6360982 1.4782343 1.1595287 2.0032517 1.6590619 1.7894549 3.9257856 2.5081378 1.8192025 2.1808978 2.2306631 2.1945845 2.0424585 2.0445016 2.4980219 2.4208586 2.1512879 2.4009163 2.0925075 0.0000000 3.0281851 3.5706684 
Sanmal_Sma_020084-T1                    2.3553870 2.6509402 2.5349048 1.8202749 2.9334354 2.4756334 2.5076265 2.6237499 2.6237499 2.7194215 2.6061453 2.4905706 2.5644687 1.7771281 2.4346401 2.1168952 1.9731350 1.7542872 2.3012611 1.2882499 1.0855503 1.4587809 1.6675051 1.6271085 1.8930966 1.6146396 1.9059399 2.1071765 1.1793676 2.8042918 2.9122282 2.3957096 6.5010605 1.3971825 1.9531657 1.8645550 1.1664211 1.1475416 1.2865493 3.1486902 1.6204391 2.3776599 2.3316779 2.5294684 2.3188661 3.0281851 0.0000000 3.6732900 
Clacor_Ccor_scaffold7696_01             2.5535174 2.3230129 2.4311580 2.1374478 2.7607965 2.8483823 2.7681704 2.9316975 2.9316975 2.7422649 2.4269006 2.6983821 3.0704575 2.4153445 2.8565017 2.5824710 2.3766309 2.6429195 3.6537682 2.1398336 0.5019241 2.3355219 2.3642439 2.3940020 2.4782600 2.0563127 2.2322406 2.7114700 1.0953656 3.1773513 2.5710995 2.2836473 8.1779680 3.3175026 2.1190566 2.0840227 3.6038859 3.1108942 2.9082972 3.3392643 2.7902274 2.1014264 2.0104154 2.1887282 1.8702925 3.5706684 3.6732900 0.0000000 
