41
Hsap_ENST00000393381                                   0.0000000 1.1306079 1.3439900 1.3597723 1.3856279 1.2951424 1.4556065 1.2710030 1.3215433 1.2758170 1.3230567 1.3769569 1.6215718 1.9051576 1.8362816 1.9365881 1.3972757 1.3336365 1.9329354 2.0160750 1.8631374 1.8631374 1.9826842 2.0246172 2.0569892 1.9246103 2.2217661 2.1648440 2.2713752 1.8420768 1.5585193 2.3555624 1.9564090 2.2988220 2.2277339 2.0871083 2.3548693 3.0911686 3.7310757 3.1564464 4.2379149 
Bralan_BLAG06000565_2                                  1.1306079 0.0000000 1.2489277 1.4849070 1.5138657 1.3678030 1.4756369 1.2887315 1.2317227 1.1478890 1.2717498 1.2450563 1.6645988 1.8431496 1.8511775 1.8283455 1.5054156 1.5389225 1.7431296 1.6394908 1.9817268 1.9817268 1.9841017 1.9544248 2.0623526 1.8921417 2.0120080 2.1023827 2.1554322 1.9693402 1.8221136 2.2227636 1.7383613 2.1680912 2.2766938 2.1739459 2.3844826 3.1442905 3.6970333 2.9673039 4.3492341 
Spur_XM_784534.5                                       1.3439900 1.2489277 0.0000000 1.2855689 1.5948703 1.1410687 1.3891890 1.2841129 1.2567703 1.2311568 1.2443080 1.2512756 1.6898778 1.7498395 1.6992683 1.7527816 1.4678672 1.5257278 1.6847233 1.7327573 2.0101477 2.0101477 1.8788175 1.8774525 1.8802604 1.7963171 2.0035911 1.9728915 2.0166173 1.8150998 1.6139166 2.4611764 1.9111246 2.0950208 2.0045085 2.3141120 2.1866810 3.0736594 3.6954822 3.0694218 3.7640669 
Exapal_XM_021061873.2                                  1.3597723 1.4849070 1.2855689 0.0000000 0.9071453 0.7551207 1.0038210 0.9419558 0.9255016 0.9702229 0.9500565 0.9389503 1.2848166 1.5662324 1.4255353 1.4082314 1.4129044 1.5347601 1.4567694 1.6567741 1.5048514 1.5048514 1.6990279 1.6932534 1.5817800 1.5978407 1.7614131 1.9277671 1.6937738 1.5522555 1.3895153 1.4240842 1.6321157 2.4913542 1.9257158 2.2884874 1.7138092 2.7818683 2.7540580 2.7258188 3.4724094 
Nvec_v1g201271                                         1.3856279 1.5138657 1.5948703 0.9071453 0.0000000 0.7456676 1.0232944 0.8815418 0.8112780 0.9139675 0.9491974 0.9595769 1.3084639 1.7074846 1.6634350 1.2905871 1.4687394 1.5714377 1.4790428 1.4388591 1.6592563 1.6592563 1.6516517 1.6710201 1.6679287 1.6425416 1.8318891 1.9764291 1.8579459 1.8836057 1.4895289 1.9479670 1.5182208 2.2022128 2.1044512 2.2175055 1.7134222 2.4937783 3.3637562 2.4043504 3.5045381 
Adig_XM_015908013.1                                    1.2951424 1.3678030 1.1410687 0.7551207 0.7456676 0.0000000 0.0199144 0.2146826 0.3130815 0.3252197 0.2807623 0.3054264 1.1273625 1.2262357 1.2164578 1.3466123 1.5552258 1.4806075 1.4596962 1.4820062 1.4167535 1.4167535 1.6087654 1.6179561 1.5227154 1.5197143 1.6492399 1.8673026 1.7951144 1.6847927 1.2222454 1.6722107 1.5201038 1.7215695 1.7459613 1.7288763 1.6357784 2.5437154 3.1183665 2.6571967 3.1431272 
Amil_Amillepora07225-RA                                1.4556065 1.4756369 1.3891890 1.0038210 1.0232944 0.0199144 0.0000000 0.3588394 0.4965343 0.5062176 0.4392847 0.4814225 1.3515307 1.5935936 1.5530721 1.6296419 1.6283630 1.7460632 1.5676331 1.4405283 1.4720348 1.4720348 1.6430279 1.6065238 1.6096385 1.6272799 1.9289160 2.3118652 1.9416037 1.7737594 1.6963305 1.9075174 1.6022883 2.2666730 2.1050591 2.3826921 1.5534435 2.8743946 3.5179094 2.9153949 3.5785114 
Gfas_gfas1.m1.4544.m1                                  1.2710030 1.2887315 1.2841129 0.9419558 0.8815418 0.2146826 0.3588394 0.0000000 0.3385124 0.3882020 0.3549192 0.3787756 1.2053673 1.5422676 1.3590025 1.3856475 1.4956846 1.5557591 1.3194782 1.3281801 1.4871362 1.4871362 1.5349494 1.4620382 1.4804325 1.4804529 1.7248174 1.9204270 1.8658746 1.7224683 1.5750627 1.9086242 1.4845438 2.1573869 2.0084373 2.1984074 1.3967784 2.6769145 3.0755029 2.6148685 3.3538300 
Fspp_ffun1.m4.12111.m1                                 1.3215433 1.2317227 1.2567703 0.9255016 0.8112780 0.3130815 0.4965343 0.3385124 0.0000000 0.2518339 0.3033312 0.2864344 1.1760733 1.3958693 1.3180610 1.2842846 1.3823304 1.4053704 1.1190196 1.1678735 1.4551749 1.4551749 1.5233978 1.4647626 1.4735042 1.4755668 1.7052086 1.9658061 1.8280628 1.7498904 1.5514210 1.9117104 1.4940318 2.0468231 2.0057351 2.1195881 1.4266377 3.0110435 3.1935058 2.8690371 3.3036461 
Gasp_gasp1.m3.27867.m1                                 1.2758170 1.1478890 1.2311568 0.9702229 0.9139675 0.3252197 0.5062176 0.3882020 0.2518339 0.0000000 0.3111736 0.3123663 1.1938946 1.3890373 1.3433289 1.3790751 1.4136431 1.5550941 1.3326288 1.3335040 1.4966544 1.4966544 1.4835139 1.4376096 1.4531066 1.4533843 1.6114610 1.8941536 1.8711490 1.7626554 1.6005356 1.8765686 1.4563302 1.9562982 2.0183442 2.1440123 1.6117548 2.8226491 2.9948771 2.7200324 3.2648889 
Spis_XP_022801029_1                                    1.3230567 1.2717498 1.2443080 0.9500565 0.9491974 0.2807623 0.4392847 0.3549192 0.3033312 0.3111736 0.0000000 0.1340888 1.2709166 1.4823532 1.3746415 1.4469515 1.5481186 1.5492080 1.4507047 1.3776541 1.4674254 1.4674254 1.5424686 1.5006046 1.5123258 1.5126435 1.7783139 2.0226183 1.8373152 1.8355640 1.5258471 1.9679361 1.4631334 2.0998394 2.0151611 2.1192034 1.4929428 2.8445494 3.0694213 2.6181000 3.2691326 
Pocdam_XM_027186872.1                                  1.3769569 1.2450563 1.2512756 0.9389503 0.9595769 0.3054264 0.4814225 0.3787756 0.2864344 0.3123663 0.1340888 0.0000000 1.2324879 1.4494722 1.3519267 1.3714853 1.5830689 1.4744037 1.3915341 1.3642153 1.4558950 1.4558950 1.5181020 1.4740303 1.4838496 1.4839017 1.6327775 1.9673520 1.8177984 1.7796596 1.5277637 1.8652026 1.3748444 1.9286194 2.0210849 2.0894464 1.6084212 2.8972477 2.9716817 2.6910406 3.4976373 
Aaur_scaffold622.g9.t1                                 1.6215718 1.6645988 1.6898778 1.2848166 1.3084639 1.1273625 1.3515307 1.2053673 1.1760733 1.1938946 1.2709166 1.2324879 0.0000000 1.0756877 0.9709562 1.1657698 1.8912655 1.7792067 1.7811399 1.6967131 1.6201130 1.6201130 1.5727985 1.5745054 1.7125688 1.6594700 2.1835210 2.3124860 2.2372183 2.0028207 1.7577554 2.1264821 1.5224779 2.2702546 2.4287783 2.0490346 2.0252472 2.8278227 2.9005175 2.4011201 3.6220885 
Nemnom_g8173.t1                                        1.9051576 1.8431496 1.7498395 1.5662324 1.7074846 1.2262357 1.5935936 1.5422676 1.3958693 1.3890373 1.4823532 1.4494722 1.0756877 0.0000000 0.4685555 1.5071845 2.0752158 1.9734922 2.0463481 1.8668490 1.8771572 1.8771572 1.8227896 1.8587805 1.9664237 1.9126474 2.1383524 2.5340148 2.4516599 2.3293922 1.9599788 2.1212867 1.7198050 2.2427500 2.3148386 2.2920061 1.8677939 2.9667793 2.6972398 2.4402168 3.5721265 
Rhoesc_Res_000958-T2                                   1.8362816 1.8511775 1.6992683 1.4255353 1.6634350 1.2164578 1.5530721 1.3590025 1.3180610 1.3433289 1.3746415 1.3519267 0.9709562 0.4685555 0.0000000 1.4708958 2.1551861 1.9369480 1.9506757 1.8770023 1.7249045 1.7249045 1.8184946 1.8532890 1.8282665 1.8218096 2.0823826 2.3027789 2.3611367 2.3997956 1.8800171 2.0327067 1.5017762 2.0272582 2.2069922 2.2266205 2.0954127 2.7906212 2.6752697 2.6697456 3.6798920 
Sanmal_Sma_010954-T1                                   1.9365881 1.8283455 1.7527816 1.4082314 1.2905871 1.3466123 1.6296419 1.3856475 1.2842846 1.3790751 1.4469515 1.3714853 1.1657698 1.5071845 1.4708958 0.0000000 1.9031063 1.9175144 1.6511786 1.5267517 1.9192151 1.9192151 1.9418943 1.9169677 1.9581791 1.9505209 2.1279055 2.5808812 2.3369229 2.0721637 1.6655907 2.1017563 1.7659521 2.1474759 2.2186133 2.0471871 1.9001361 2.8836677 2.8859938 2.5441407 3.6865359 
Ctel_gnl_WGS_AMQN_CAPTEDRAFT_mRNA108777                1.3972757 1.5054156 1.4678672 1.4129044 1.4687394 1.5552258 1.6283630 1.4956846 1.3823304 1.4136431 1.5481186 1.5830689 1.8912655 2.0752158 2.1551861 1.9031063 0.0000000 1.1523653 1.7722962 1.8160307 1.8799104 1.8799104 2.0562873 2.0454068 2.1053836 1.9883568 2.1337052 2.2342235 2.2972612 2.0546104 1.7173350 2.5077295 2.0498926 2.3330113 2.2718547 2.1887543 2.0381688 3.3719477 4.1400755 3.2261226 3.9750738 
Cgig_XM_011415747.3                                    1.3336365 1.5389225 1.5257278 1.5347601 1.5714377 1.4806075 1.7460632 1.5557591 1.4053704 1.5550941 1.5492080 1.4744037 1.7792067 1.9734922 1.9369480 1.9175144 1.1523653 0.0000000 1.9048529 1.8675577 1.9845170 1.9845170 1.9249649 1.7747087 2.0101508 1.8936714 1.7545075 1.9293109 1.9411452 1.7337500 1.5326021 2.3589079 1.8182674 2.1473050 2.3077566 2.1186080 2.0227904 3.1415782 3.2446950 3.1737585 3.9244491 
Dgig_XM_028550804.1                                    1.9329354 1.7431296 1.6847233 1.4567694 1.4790428 1.4596962 1.5676331 1.3194782 1.1190196 1.3326288 1.4507047 1.3915341 1.7811399 2.0463481 1.9506757 1.6511786 1.7722962 1.9048529 0.0000000 0.6024842 1.8735114 1.8735114 1.8349846 1.7955921 1.9155902 1.8043011 1.9718108 1.9493696 2.2812094 1.9874556 1.5122591 2.0158025 1.8216511 2.1839893 2.0820362 2.1202542 2.0370058 2.7669294 3.4469826 3.0397620 3.8013930 
Xesp_015651-T1                                         2.0160750 1.6394908 1.7327573 1.6567741 1.4388591 1.4820062 1.4405283 1.3281801 1.1678735 1.3335040 1.3776541 1.3642153 1.6967131 1.8668490 1.8770023 1.5267517 1.8160307 1.8675577 0.6024842 0.0000000 1.9479517 1.9479517 2.0055214 1.9624943 1.8944323 1.9250837 1.9463253 2.2660663 2.2778720 1.9702815 1.5177042 1.9570418 1.6685607 2.5497915 2.2864506 2.1159049 1.8320942 3.4377492 3.4273409 3.0250136 4.8690569 
Tadh_TriadT58020                                       1.8631374 1.9817268 2.0101477 1.5048514 1.6592563 1.4167535 1.4720348 1.4871362 1.4551749 1.4966544 1.4674254 1.4558950 1.6201130 1.8771572 1.7249045 1.9192151 1.8799104 1.9845170 1.8735114 1.9479517 0.0000000 0.0000010 0.3768331 0.3777399 0.3786609 0.3678510 2.0365390 1.9516616 2.2002156 2.0004313 1.6565424 2.1155817 1.8932515 2.0829803 1.9825818 2.3205525 1.7482891 3.1291630 3.2644345 2.6221978 3.4071739 
TrH2_TrispH2_000489-RA                                 1.8631374 1.9817268 2.0101477 1.5048514 1.6592563 1.4167535 1.4720348 1.4871362 1.4551749 1.4966544 1.4674254 1.4558950 1.6201130 1.8771572 1.7249045 1.9192151 1.8799104 1.9845170 1.8735114 1.9479517 0.0000010 0.0000000 0.3768331 0.3777399 0.3786609 0.3678510 2.0365390 1.9516616 2.2002156 2.0004313 1.6565424 2.1155817 1.8932515 2.0829803 1.9825818 2.3205525 1.7482891 3.1291630 3.2644345 2.6221978 3.4071739 
HoiH06_mRNA12073                                       1.9826842 1.9841017 1.8788175 1.6990279 1.6516517 1.6087654 1.6430279 1.5349494 1.5233978 1.4835139 1.5424686 1.5181020 1.5727985 1.8227896 1.8184946 1.9418943 2.0562873 1.9249649 1.8349846 2.0055214 0.3768331 0.3768331 0.0000000 0.0717485 0.1334979 0.1355121 2.1217050 2.0452077 2.1389382 2.0035240 1.8013537 2.2937896 1.9679341 2.4277581 2.1499450 2.5000396 1.8167534 3.1412054 3.4979186 2.8608587 3.4204050 
HoiH23_PlH23_003167-RA                                 2.0246172 1.9544248 1.8774525 1.6932534 1.6710201 1.6179561 1.6065238 1.4620382 1.4647626 1.4376096 1.5006046 1.4740303 1.5745054 1.8587805 1.8532890 1.9169677 2.0454068 1.7747087 1.7955921 1.9624943 0.3777399 0.3777399 0.0717485 0.0000000 0.1499387 0.1426075 2.0166252 2.0648904 2.0709734 1.9479865 1.7732732 2.2157588 1.9810755 2.4369391 2.1001502 2.5496194 1.7788867 3.1171324 3.4031663 2.7638088 3.3976660 
Hhon_g00195.t1                                         2.0569892 2.0623526 1.8802604 1.5817800 1.6679287 1.5227154 1.6096385 1.4804325 1.4735042 1.4531066 1.5123258 1.4838496 1.7125688 1.9664237 1.8282665 1.9581791 2.1053836 2.0101508 1.9155902 1.8944323 0.3786609 0.3786609 0.1334979 0.1499387 0.0000000 0.0124382 2.2294570 2.1365798 2.2129088 2.2260397 1.8230809 2.4593817 1.9325086 2.4108280 2.1612134 2.4920164 1.9534457 2.9771053 3.3639312 2.7139625 3.3079972 
HoiH04_mRNA11854                                       1.9246103 1.8921417 1.7963171 1.5978407 1.6425416 1.5197143 1.6272799 1.4804529 1.4755668 1.4533843 1.5126435 1.4839017 1.6594700 1.9126474 1.8218096 1.9505209 1.9883568 1.8936714 1.8043011 1.9250837 0.3678510 0.3678510 0.1355121 0.1426075 0.0124382 0.0000000 2.0605290 1.9510221 2.1392162 2.0384222 1.7777682 2.2056098 1.9621935 2.2911300 1.9899351 2.3139770 1.7261583 3.0588767 3.4512536 2.7894112 3.3297570 
Aque_Aqu2.1.44301_001                                  2.2217661 2.0120080 2.0035911 1.7614131 1.8318891 1.6492399 1.9289160 1.7248174 1.7052086 1.6114610 1.7783139 1.6327775 2.1835210 2.1383524 2.0823826 2.1279055 2.1337052 1.7545075 1.9718108 1.9463253 2.0365390 2.0365390 2.1217050 2.0166252 2.2294570 2.0605290 0.0000000 1.2028804 1.5887483 1.4202343 1.3960936 1.8500511 1.9500192 2.2255603 2.0307360 2.2916019 2.0165185 3.1692486 4.1250454 3.3100576 4.2657628 
Xestes_maker-XT_scaffold2211-augustus-gene-0.13-mRNA-1 2.1648440 2.1023827 1.9728915 1.9277671 1.9764291 1.8673026 2.3118652 1.9204270 1.9658061 1.8941536 2.0226183 1.9673520 2.3124860 2.5340148 2.3027789 2.5808812 2.2342235 1.9293109 1.9493696 2.2660663 1.9516616 1.9516616 2.0452077 2.0648904 2.1365798 1.9510221 1.2028804 0.0000000 1.4910777 1.3162840 1.5205561 1.7814290 2.0687968 2.2923738 2.3526206 2.4887272 1.9638128 3.3855725 4.0472666 3.3169535 3.9984265 
Tetwil_g7277.t2                                        2.2713752 2.1554322 2.0166173 1.6937738 1.8579459 1.7951144 1.9416037 1.8658746 1.8280628 1.8711490 1.8373152 1.8177984 2.2372183 2.4516599 2.3611367 2.3369229 2.2972612 1.9411452 2.2812094 2.2778720 2.2002156 2.2002156 2.1389382 2.0709734 2.2129088 2.1392162 1.5887483 1.4910777 0.0000000 1.0720202 1.2296654 1.5304402 1.9015244 2.4242335 2.1708565 2.7007778 2.0525654 3.5017846 4.1548771 2.8003500 4.2811885 
Stycar_maker-SC_scaffold6361-augustus-gene-0.20-mRNA-1 1.8420768 1.9693402 1.8150998 1.5522555 1.8836057 1.6847927 1.7737594 1.7224683 1.7498904 1.7626554 1.8355640 1.7796596 2.0028207 2.3293922 2.3997956 2.0721637 2.0546104 1.7337500 1.9874556 1.9702815 2.0004313 2.0004313 2.0035240 1.9479865 2.2260397 2.0384222 1.4202343 1.3162840 1.0720202 0.0000000 1.1305586 1.2952272 1.8068776 2.0104918 1.8998683 2.2424197 1.6869864 3.5586153 3.5140434 3.0479088 4.0823678 
Plespi_Pspi_scaffold9029_01                            1.5585193 1.8221136 1.6139166 1.3895153 1.4895289 1.2222454 1.6963305 1.5750627 1.5514210 1.6005356 1.5258471 1.5277637 1.7577554 1.9599788 1.8800171 1.6655907 1.7173350 1.5326021 1.5122591 1.5177042 1.6565424 1.6565424 1.8013537 1.7732732 1.8230809 1.7777682 1.3960936 1.5205561 1.2296654 1.1305586 0.0000000 1.6353217 1.5699542 1.6467780 1.6466143 1.7504437 1.6567087 2.7681165 2.4465737 2.2273038 3.8422330 
Emue_Em0022g739a.t1                                    2.3555624 2.2227636 2.4611764 1.4240842 1.9479670 1.6722107 1.9075174 1.9086242 1.9117104 1.8765686 1.9679361 1.8652026 2.1264821 2.1212867 2.0327067 2.1017563 2.5077295 2.3589079 2.0158025 1.9570418 2.1155817 2.1155817 2.2937896 2.2157588 2.4593817 2.2056098 1.8500511 1.7814290 1.5304402 1.2952272 1.6353217 0.0000000 1.8317510 2.5139789 2.2619894 2.8065833 2.1397573 3.5358632 3.4884969 3.2112918 4.8322060 
Morvir_scaffold189.g36.t1                              1.9564090 1.7383613 1.9111246 1.6321157 1.5182208 1.5201038 1.6022883 1.4845438 1.4940318 1.4563302 1.4631334 1.3748444 1.5224779 1.7198050 1.5017762 1.7659521 2.0498926 1.8182674 1.8216511 1.6685607 1.8932515 1.8932515 1.9679341 1.9810755 1.9325086 1.9621935 1.9500192 2.0687968 1.9015244 1.8068776 1.5699542 1.8317510 0.0000000 2.1465423 1.8762176 2.1514267 2.1019097 3.1489431 3.4676725 2.6004876 3.9558315 
Scil_scict024409.1                                     2.2988220 2.1680912 2.0950208 2.4913542 2.2022128 1.7215695 2.2666730 2.1573869 2.0468231 1.9562982 2.0998394 1.9286194 2.2702546 2.2427500 2.0272582 2.1474759 2.3330113 2.1473050 2.1839893 2.5497915 2.0829803 2.0829803 2.4277581 2.4369391 2.4108280 2.2911300 2.2255603 2.2923738 2.4242335 2.0104918 1.6467780 2.5139789 2.1465423 0.0000000 1.0215229 0.9466893 1.7190849 3.2276744 4.2665772 2.9178466 4.2490504 
Lcom_lcpid80493                                        2.2277339 2.2766938 2.0045085 1.9257158 2.1044512 1.7459613 2.1050591 2.0084373 2.0057351 2.0183442 2.0151611 2.0210849 2.4287783 2.3148386 2.2069922 2.2186133 2.2718547 2.3077566 2.0820362 2.2864506 1.9825818 1.9825818 2.1499450 2.1001502 2.1612134 1.9899351 2.0307360 2.3526206 2.1708565 1.8998683 1.6466143 2.2619894 1.8762176 1.0215229 0.0000000 1.2810336 1.4553109 3.1986882 4.0134523 2.9109985 4.0957843 
Gracom_Gcom_scaffold19084_01                           2.0871083 2.1739459 2.3141120 2.2884874 2.2175055 1.7288763 2.3826921 2.1984074 2.1195881 2.1440123 2.1192034 2.0894464 2.0490346 2.2920061 2.2266205 2.0471871 2.1887543 2.1186080 2.1202542 2.1159049 2.3205525 2.3205525 2.5000396 2.5496194 2.4920164 2.3139770 2.2916019 2.4887272 2.7007778 2.2424197 1.7504437 2.8065833 2.1514267 0.9466893 1.2810336 0.0000000 1.6814953 2.9674702 3.7311783 2.7508857 3.6347503 
Clacor_Ccor_C528779_01                                 2.3548693 2.3844826 2.1866810 1.7138092 1.7134222 1.6357784 1.5534435 1.3967784 1.4266377 1.6117548 1.4929428 1.6084212 2.0252472 1.8677939 2.0954127 1.9001361 2.0381688 2.0227904 2.0370058 1.8320942 1.7482891 1.7482891 1.8167534 1.7788867 1.9534457 1.7261583 2.0165185 1.9638128 2.0525654 1.6869864 1.6567087 2.1397573 2.1019097 1.7190849 1.4553109 1.6814953 0.0000000 2.4003834 2.8908698 2.0521629 4.1638070 
Drygla_Dgla_sb306991                                   3.0911686 3.1442905 3.0736594 2.7818683 2.4937783 2.5437154 2.8743946 2.6769145 3.0110435 2.8226491 2.8445494 2.8972477 2.8278227 2.9667793 2.7906212 2.8836677 3.3719477 3.1415782 2.7669294 3.4377492 3.1291630 3.1291630 3.1412054 3.1171324 2.9771053 3.0588767 3.1692486 3.3855725 3.5017846 3.5586153 2.7681165 3.5358632 3.1489431 3.2276744 3.1986882 2.9674702 2.4003834 0.0000000 0.7675208 0.8193404 1.0861602 
Mertsp_Mesp_sb615606                                   3.7310757 3.6970333 3.6954822 2.7540580 3.3637562 3.1183665 3.5179094 3.0755029 3.1935058 2.9948771 3.0694213 2.9716817 2.9005175 2.6972398 2.6752697 2.8859938 4.1400755 3.2446950 3.4469826 3.4273409 3.2644345 3.2644345 3.4979186 3.4031663 3.3639312 3.4512536 4.1250454 4.0472666 4.1548771 3.5140434 2.4465737 3.4884969 3.4676725 4.2665772 4.0134523 3.7311783 2.8908698 0.7675208 0.0000000 1.0899510 1.0087458 
Lampan_Lpan_6750_01                                    3.1564464 2.9673039 3.0694218 2.7258188 2.4043504 2.6571967 2.9153949 2.6148685 2.8690371 2.7200324 2.6181000 2.6910406 2.4011201 2.4402168 2.6697456 2.5441407 3.2261226 3.1737585 3.0397620 3.0250136 2.6221978 2.6221978 2.8608587 2.7638088 2.7139625 2.7894112 3.3100576 3.3169535 2.8003500 3.0479088 2.2273038 3.2112918 2.6004876 2.9178466 2.9109985 2.7508857 2.0521629 0.8193404 1.0899510 0.0000000 1.0722305 
Beraby_Baby_sb326893                                   4.2379149 4.3492341 3.7640669 3.4724094 3.5045381 3.1431272 3.5785114 3.3538300 3.3036461 3.2648889 3.2691326 3.4976373 3.6220885 3.5721265 3.6798920 3.6865359 3.9750738 3.9244491 3.8013930 4.8690569 3.4071739 3.4071739 3.4204050 3.3976660 3.3079972 3.3297570 4.2657628 3.9984265 4.2811885 4.0823678 3.8422330 4.8322060 3.9558315 4.2490504 4.0957843 3.6347503 4.1638070 1.0861602 1.0087458 1.0722305 0.0000000 
