53
Hsap_ENST00000389297                                0.0000000 1.1719458 1.1291909 1.2466037 1.2177189 1.2097074 1.2440740 1.6540159 1.4537548 1.5503663 1.6167692 1.3920600 1.5726182 1.5105602 1.5912480 1.8257922 1.7872938 2.4269691 1.8859953 1.8302103 1.7490004 1.8193259 2.0711742 2.0665172 2.0188860 1.9244927 2.4270800 1.7956991 2.0192570 1.6128492 1.9956201 1.7251392 1.8663431 1.9256951 1.8988580 1.8585869 2.0420931 2.5205514 2.3637991 2.1858963 1.9013348 2.1778633 2.2678435 2.1190545 2.1222378 1.9974639 2.0768347 2.0864148 3.0187550 2.3716496 2.4082653 4.4549242 2.8228523 
Bralan_BLAG02000965_1                               1.1719458 0.0000000 0.5588995 0.7324537 0.7062272 0.7639451 0.8198424 1.1378958 0.9043606 0.9575433 0.9910557 0.8263941 1.0354281 0.9589470 1.0191093 1.2275165 1.1948606 1.4474724 1.3053230 1.2806538 1.3296539 1.3032617 1.5279435 1.8801446 1.7386848 1.5674888 2.0396889 1.5226208 1.7959266 1.1672142 1.6415142 1.3487133 1.5690669 1.6051044 1.5912643 1.5387074 1.7973048 2.2628297 1.9844809 1.8810479 1.6718065 1.8743204 1.9427401 1.8619647 1.8607099 1.8850464 1.9735262 2.0279846 2.6644780 1.6197795 1.7659875 3.7876589 2.6618751 
Skow_XM_006825719.1                                 1.1291909 0.5588995 0.0000000 0.7259510 0.6344272 0.6508966 0.6518487 1.0314995 0.9504626 0.9056198 0.9193691 0.8960295 0.9612708 0.9162768 1.0093783 1.1958813 1.2266107 1.5847597 1.3155430 1.2890322 1.3272572 1.2903666 1.4204119 1.7778725 1.6564873 1.6177795 2.1287536 1.4282573 1.8231700 1.1580008 1.6322349 1.4021337 1.5766597 1.5982025 1.5710361 1.4964328 1.8189720 2.4107481 1.9905597 1.8004544 1.6709084 1.8989675 1.9141222 1.7880590 1.8032204 1.8116121 1.8354025 1.8024578 2.6534539 1.5718677 1.6879680 3.9938649 2.5564383 
Ctel_gnl_WGS_AMQN_CAPTEDRAFT_mRNA176397             1.2466037 0.7324537 0.7259510 0.0000000 0.5958310 0.6106750 0.8680830 1.2227565 1.1263537 1.0814891 1.1048960 0.9979381 1.1705726 1.1249232 1.1790981 1.3024930 1.3394826 1.6796589 1.4323805 1.4309413 1.4089909 1.4114806 1.2295920 1.7684007 1.7203037 1.6550577 2.3080839 1.5552401 1.8671872 1.1740152 1.5960131 1.4005703 1.5573646 1.5600118 1.5836923 1.5470065 1.9260772 2.4100063 2.0672839 1.8028772 1.7996931 1.9576895 1.9694973 1.8910632 1.9188615 1.9753705 1.9227050 1.9464874 2.5331328 1.8314851 1.8596404 3.8501012 2.4044745 
Cgig_XM_020064236.2                                 1.2177189 0.7062272 0.6344272 0.5958310 0.0000000 0.4724893 0.7817667 1.1715331 1.0226141 1.0020056 1.0483559 0.9315683 1.1150343 1.0194852 1.1122362 1.2267246 1.2628700 1.9387181 1.3648225 1.3685266 1.3337212 1.3119107 1.3051985 1.7352524 1.7016603 1.6505087 2.2685841 1.4810386 1.7760542 1.1740310 1.5380614 1.2806606 1.4713042 1.5182949 1.4931724 1.4119487 1.7653494 2.5141055 2.1591143 1.8976309 1.7271200 2.0138178 2.0705284 1.8951568 1.9378065 1.9590546 1.9000076 2.0525989 2.8659348 1.7326409 1.8231005 3.7884210 2.4641446 
Acagra_model.g22448.t1.1.5d3b8a8e                   1.2097074 0.7639451 0.6508966 0.6106750 0.4724893 0.0000000 0.8516411 1.2051907 1.0145225 1.0004275 1.0431554 0.9220820 1.0825756 1.0089976 1.0789331 1.2119509 1.2815867 1.6686495 1.3680088 1.3700708 1.3340715 1.3981870 1.1829453 1.8828860 1.8087144 1.6455384 2.4213445 1.6047786 1.8841971 1.1383901 1.5977908 1.3218863 1.5139726 1.5378141 1.5303859 1.5258086 1.8202680 2.2960066 2.1140754 1.9673339 1.7241851 1.9662621 1.9773036 1.8410387 1.9695653 2.0298842 1.8921165 1.8636086 2.8039833 1.7579355 1.8188207 3.9897396 2.5927784 
Spur_XM_030993505.1                                 1.2440740 0.8198424 0.6518487 0.8680830 0.7817667 0.8516411 0.0000000 1.1942631 1.0562279 1.1058138 1.1575933 1.0637948 1.1795938 1.1379176 1.2026871 1.3772116 1.3625701 1.6976211 1.4071169 1.4331530 1.4298988 1.4393838 1.6405886 1.7507406 1.7474458 1.7619119 2.3448404 1.5411242 1.7876347 1.2487254 1.6732187 1.3667536 1.5725483 1.5972320 1.5825363 1.5694292 1.8360250 2.4919680 2.1299399 2.0102845 1.7579732 1.9683897 2.0055112 1.9246558 1.8890949 1.9813296 1.9976403 1.9659193 2.9290743 1.8580480 2.0096107 4.0242739 2.7733259 
Exapal_XM_028662373.1                               1.6540159 1.1378958 1.0314995 1.2227565 1.1715331 1.2051907 1.1942631 0.0000000 0.4748643 0.6409135 0.7058464 0.4951318 0.6428270 0.6125148 0.6887566 1.0706656 1.1071544 1.7154517 1.2298642 1.2199420 1.1589864 1.1417636 1.7614015 1.9114010 1.7398593 1.7305331 2.0882232 1.6417899 1.7673039 1.2213412 1.6464966 1.3573508 1.6442302 1.6547880 1.6336833 1.5649414 1.6059608 2.4654175 2.0372078 1.9559684 1.7757907 1.9972191 2.0478731 1.8371996 1.8695968 2.0026911 1.9204998 2.1415045 2.8148219 1.9486652 1.9443213 4.4665515 2.3875967 
Nvec_v1g240826                                      1.4537548 0.9043606 0.9504626 1.1263537 1.0226141 1.0145225 1.0562279 0.4748643 0.0000000 0.5585721 0.5827482 0.4849270 0.5468363 0.5163008 0.5776203 0.9253533 1.0197175 1.3903640 1.0638980 1.0480783 1.0551232 1.0920331 1.6113356 1.8686542 1.6729779 1.6199623 1.9975330 1.5116825 1.8014431 1.1209269 1.5642592 1.3497417 1.5353553 1.5333350 1.5297880 1.6158367 1.5619820 2.3080609 1.9282364 1.8097620 1.6540552 1.8374564 1.8792501 1.7412896 1.8004766 1.9325287 1.9452657 1.9892895 2.6531465 1.7982691 1.8076758 4.3420541 2.0264162 
Adig_XM_015916740.1                                 1.5503663 0.9575433 0.9056198 1.0814891 1.0020056 1.0004275 1.1058138 0.6409135 0.5585721 0.0000000 0.0236154 0.2239125 0.3145030 0.3009194 0.3079244 1.0007220 1.0933980 1.0510897 1.1276648 1.0826613 1.1012888 1.1545618 1.5619510 1.8944011 1.7729205 1.6981673 1.9268076 1.5065960 1.6870600 1.2208496 1.5746660 1.3205525 1.5527621 1.5427065 1.5271058 1.5489803 1.6482493 2.4205924 2.1072055 2.0144329 1.7149758 1.9906709 2.0648657 1.8677925 1.9111471 1.9576471 2.0153953 1.9392860 2.8908476 1.8605286 1.9033838 4.0510312 2.3975980 
Amil_Amillepora08510-RA                             1.6167692 0.9910557 0.9193691 1.1048960 1.0483559 1.0431554 1.1575933 0.7058464 0.5827482 0.0236154 0.0000000 0.2171431 0.3095171 0.3020015 0.3086175 0.9737353 1.1057887 1.2276502 1.1057549 1.0578196 1.0668865 1.1360482 1.4676860 1.8433897 1.7252538 1.6827071 2.0677120 1.4690730 1.7781481 1.2442373 1.5282370 1.4201579 1.5206299 1.5228052 1.5230585 1.4530109 1.6684943 2.4535590 2.0740179 1.9727306 1.7452464 1.9780473 2.0623932 1.9159271 1.9311481 2.0724906 2.0690592 2.1537043 2.9837622 1.8742965 1.9071178 3.8719494 2.3066907 
Gfas_gfas1.m1.15598.m1                              1.3920600 0.8263941 0.8960295 0.9979381 0.9315683 0.9220820 1.0637948 0.4951318 0.4849270 0.2239125 0.2171431 0.0000000 0.1708096 0.1397655 0.1753854 0.8598557 0.8690076 0.8427726 1.1260076 1.0980143 1.0848176 1.0593282 1.5764477 1.7286471 1.4985839 1.4925078 1.8613581 1.3517692 1.7651956 1.1272768 1.5127946 1.1883603 1.4812702 1.4604853 1.4434208 1.4449863 1.5417052 2.0268044 1.7893895 1.8473421 1.4193990 1.7129304 1.7814914 1.5365864 1.6625680 1.6745667 1.6657283 1.5300797 2.5450061 1.4806957 1.5119160 3.9535175 2.5027065 
Spis_XP_022782599_1                                 1.5726182 1.0354281 0.9612708 1.1705726 1.1150343 1.0825756 1.1795938 0.6428270 0.5468363 0.3145030 0.3095171 0.1708096 0.0000000 0.1656056 0.1831408 0.9797251 1.0319121 1.2731861 1.1753323 1.1384088 1.0842118 1.0646497 1.5594803 1.8975840 1.7405093 1.6462794 1.9140116 1.4697740 1.7725890 1.2380666 1.6456031 1.4037631 1.6142747 1.6054420 1.6027855 1.5560084 1.7222137 2.4598732 2.0015380 1.9975385 1.7495530 2.0001777 2.0386460 1.8469374 1.9142397 2.0404646 1.9555320 1.9479325 2.8518897 1.9483297 1.9251300 4.1024887 2.5360930 
Fspp_ffun1.m4.15450.m1                              1.5105602 0.9589470 0.9162768 1.1249232 1.0194852 1.0089976 1.1379176 0.6125148 0.5163008 0.3009194 0.3020015 0.1397655 0.1656056 0.0000000 0.1355473 0.9239865 0.9426235 1.3332132 1.0914603 1.0680131 1.0599278 1.0067907 1.5486514 1.8373724 1.6717794 1.5765958 1.9314598 1.4161670 1.6906883 1.2084299 1.5263392 1.3351636 1.4883067 1.5074784 1.4996281 1.4566619 1.5561099 2.2490105 1.8896209 1.8506344 1.6928195 1.8701580 1.9244862 1.7754626 1.8332373 2.0095761 1.8539891 1.9060388 2.6020391 1.8672753 1.8066799 3.9370205 2.2452922 
Gasp_gasp1.m3.2574.m1                               1.5912480 1.0191093 1.0093783 1.1790981 1.1122362 1.0789331 1.2026871 0.6887566 0.5776203 0.3079244 0.3086175 0.1753854 0.1831408 0.1355473 0.0000000 1.0156137 1.0372789 1.3336704 1.1655731 1.1215771 1.0904627 1.1186283 1.5570522 1.9456317 1.7881434 1.7280195 1.8484819 1.5398132 1.7130509 1.2969015 1.6177478 1.4333051 1.5856793 1.6097060 1.5951387 1.5433830 1.6855083 2.4895931 2.0929422 2.0668340 1.8189994 2.0093243 2.1075260 1.9705147 2.0255618 2.2439021 2.0791349 2.2177136 2.8051598 2.0229859 1.9712975 4.3191678 2.4106492 
Dgig_XM_028536794.1                                 1.8257922 1.2275165 1.1958813 1.3024930 1.2267246 1.2119509 1.3772116 1.0706656 0.9253533 1.0007220 0.9737353 0.8598557 0.9797251 0.9239865 1.0156137 0.0000000 0.3371253 1.5461504 1.3205906 1.3285639 1.2445650 1.2782721 1.6306151 1.9699024 1.8935189 1.7318913 2.0622401 1.7317295 2.0357309 1.3762130 1.7583275 1.4626232 1.6960361 1.7228461 1.7091024 1.6821868 1.7783220 2.3350949 2.1375305 1.9779450 1.8319700 2.0704912 2.0456220 1.8739645 1.9948370 2.1582245 2.0941778 2.1268566 2.7622452 1.8810583 1.9541767 4.0736061 2.1906167 
Xesp_009359-T1                                      1.7872938 1.1948606 1.2266107 1.3394826 1.2628700 1.2815867 1.3625701 1.1071544 1.0197175 1.0933980 1.1057887 0.8690076 1.0319121 0.9426235 1.0372789 0.3371253 0.0000000 1.6455770 1.3282812 1.3282509 1.2831999 1.2841021 1.5266214 1.9773763 1.8845739 1.6711579 1.8742966 1.7303844 2.0097586 1.4404677 1.8294232 1.5798060 1.7861283 1.8005668 1.7969609 1.8490112 1.8537693 2.4123557 2.3034447 2.0149268 1.8609023 2.1238024 2.1708721 1.9998428 2.0247971 2.1838751 2.2019115 2.2484100 2.8201750 1.9935487 2.0262993 4.4821935 2.1439617 
Aaur_scaffold755.g11.t1                             2.4269691 1.4474724 1.5847597 1.6796589 1.9387181 1.6686495 1.6976211 1.7154517 1.3903640 1.0510897 1.2276502 0.8427726 1.2731861 1.3332132 1.3336704 1.5461504 1.6455770 0.0000000 0.3412184 0.3513080 0.5136077 0.8461570 1.8407612 2.3308049 2.0950302 2.0237822 0.0000010 2.1047489 1.9027780 1.5927004 2.1355503 2.0697309 2.0342704 2.0829643 2.2109902 1.7396636 1.7155526 2.7341140 2.6164206 2.3648218 2.6014650 2.6014650 2.7001031 2.5465027 2.5314763 3.1454535 2.6501309 3.2060640 5.8419474 2.5484149 2.5064969 4.4236234 5.0891382 
Nemnom_g13003.t1                                    1.8859953 1.3053230 1.3155430 1.4323805 1.3648225 1.3680088 1.4071169 1.2298642 1.0638980 1.1276648 1.1057549 1.1260076 1.1753323 1.0914603 1.1655731 1.3205906 1.3282812 0.3412184 0.0000000 0.1661763 0.6312810 0.9499235 1.7256510 1.9796322 1.8641220 1.8979351 2.6882227 1.7849532 1.9830387 1.3516089 1.8304697 1.4622992 1.7134865 1.7406967 1.7305279 1.6553457 1.4337611 2.6879892 2.3638177 2.2129671 1.9084740 2.2249159 2.2732950 2.0001951 2.1453870 2.1610764 2.0845449 2.4513630 2.9912498 1.6581979 1.8021482 4.2358634 1.9368641 
Rhoesc_Res_005707-T2                                1.8302103 1.2806538 1.2890322 1.4309413 1.3685266 1.3700708 1.4331530 1.2199420 1.0480783 1.0826613 1.0578196 1.0980143 1.1384088 1.0680131 1.1215771 1.3285639 1.3282509 0.3513080 0.1661763 0.0000000 0.6263207 0.9029873 1.5433870 1.9550568 1.8812774 1.8504821 2.5771484 1.7462115 1.9520654 1.2984961 1.8243639 1.5098457 1.7134317 1.7537537 1.7380489 1.6861339 1.3547331 2.6385244 2.3058731 2.1649153 1.9330278 2.1830071 2.2689470 2.0140267 2.1030890 2.1622485 2.1184820 2.4117742 2.9192546 1.7040148 1.8222754 4.1735055 1.9223494 
Sanmal_Sma_005996-T1                                1.7490004 1.3296539 1.3272572 1.4089909 1.3337212 1.3340715 1.4298988 1.1589864 1.0551232 1.1012888 1.0668865 1.0848176 1.0842118 1.0599278 1.0904627 1.2445650 1.2831999 0.5136077 0.6312810 0.6263207 0.0000000 0.8907286 1.7075018 1.8239134 1.7877370 1.8620441 2.4863868 1.6851206 1.9199465 1.3585684 1.8785432 1.4238749 1.7477065 1.7427994 1.7240465 1.7547525 1.3678261 2.3797141 2.1896082 2.0968131 1.7350338 2.0113751 2.0582944 1.8471033 2.0258236 1.9032958 1.9676486 1.9946460 2.8294138 1.7846271 1.9143952 4.1885100 1.8656899 
Morvir_scaffold334.g21.t2                           1.8193259 1.3032617 1.2903666 1.4114806 1.3119107 1.3981870 1.4393838 1.1417636 1.0920331 1.1545618 1.1360482 1.0593282 1.0646497 1.0067907 1.1186283 1.2782721 1.2841021 0.8461570 0.9499235 0.9029873 0.8907286 0.0000000 1.8517723 2.0663112 1.9417738 1.9376438 2.7420723 1.8085323 2.1463540 1.4487354 1.7880039 1.4300932 1.6942910 1.6988801 1.6716569 1.7280178 1.3974697 2.6009209 2.2890077 2.1376214 1.7862978 2.0919461 2.1767459 2.0258480 2.1893993 1.8913019 2.1014504 2.1384566 2.9789599 2.0217338 2.1321410 4.5065001 2.2476186 
Lcom_lcpid181186                                    2.0711742 1.5279435 1.4204119 1.2295920 1.3051985 1.1829453 1.6405886 1.7614015 1.6113356 1.5619510 1.4676860 1.5764477 1.5594803 1.5486514 1.5570522 1.6306151 1.5266214 1.8407612 1.7256510 1.5433870 1.7075018 1.8517723 0.0000000 2.2126794 2.1022205 2.0980913 2.4565481 1.8712208 2.1603702 1.6128886 1.9063384 1.7847334 1.9307288 1.8529052 1.8416387 2.0169122 1.8626050 2.3391476 2.0967338 2.1528222 2.3637483 2.4090871 2.6549768 2.3599670 2.2945158 2.5413994 2.6788466 2.6454460 7.4621434 2.6361127 2.5698705 4.4167029 4.0697324 
Aque_Aqu2.1.29544_001                               2.0665172 1.8801446 1.7778725 1.7684007 1.7352524 1.8828860 1.7507406 1.9114010 1.8686542 1.8944011 1.8433897 1.7286471 1.8975840 1.8373724 1.9456317 1.9699024 1.9773763 2.3308049 1.9796322 1.9550568 1.8239134 2.0663112 2.2126794 0.0000000 0.5037544 1.2505594 1.4274969 1.1506975 1.3764113 1.1911289 2.0129959 1.7858300 1.9555834 1.9605773 1.9486448 1.9402735 2.3903633 2.6498569 2.4079061 2.2347366 2.0414615 2.2931579 2.3025245 2.1651150 2.3254259 2.2756450 2.4119982 2.3449346 3.3020855 2.1201389 2.2345626 4.1829658 2.4295002 
Halamb_c54428_g1_i1m.38264                          2.0188860 1.7386848 1.6564873 1.7203037 1.7016603 1.8087144 1.7474458 1.7398593 1.6729779 1.7729205 1.7252538 1.4985839 1.7405093 1.6717794 1.7881434 1.8935189 1.8845739 2.0950302 1.8641220 1.8812774 1.7877370 1.9417738 2.1022205 0.5037544 0.0000000 1.1459202 1.3151786 0.9496265 1.2788901 1.0680544 2.0167764 1.8143100 1.9507254 1.9923798 1.9820593 1.9405035 2.1961658 2.6207637 2.3683614 2.1592808 2.0201462 2.2472097 2.2379680 2.0765290 2.1792175 2.1781264 2.3427651 2.4312602 3.3360568 2.1010357 2.1739790 3.9661950 2.6314378 
Emue_Em0019g1180a.t1                                1.9244927 1.5674888 1.6177795 1.6550577 1.6505087 1.6455384 1.7619119 1.7305331 1.6199623 1.6981673 1.6827071 1.4925078 1.6462794 1.5765958 1.7280195 1.7318913 1.6711579 2.0237822 1.8979351 1.8504821 1.8620441 1.9376438 2.0980913 1.2505594 1.1459202 0.0000000 0.3463753 0.8592116 1.2354722 0.9369646 1.9762628 1.6952775 1.8710965 1.8926970 1.8840606 1.9487946 2.1017232 2.2631482 2.2033332 2.0806219 1.8793353 2.0915293 2.0806887 1.9057420 2.0644769 2.0169232 2.2719359 2.0314735 3.0937569 1.9030566 2.0647638 4.1477774 2.9395246 
Spolac_c95257_g2_i1_m.11224c103745-g1               2.4270800 2.0396889 2.1287536 2.3080839 2.2685841 2.4213445 2.3448404 2.0882232 1.9975330 1.9268076 2.0677120 1.8613581 1.9140116 1.9314598 1.8484819 2.0622401 1.8742966 0.0000010 2.6882227 2.5771484 2.4863868 2.7420723 2.4565481 1.4274969 1.3151786 0.3463753 0.0000000 1.1073629 0.7884918 0.0000010 2.7443561 0.0000010 2.5591544 2.6454662 2.6454662 2.5287317 2.5240461 2.8171053 2.5524670 2.4769646 0.0000010 2.9640844 2.9551470 2.9185462 2.7853488 0.0000010 7.3640789 0.0000010 2.8793067 0.0000010 2.7779436 3.6466837 3.7548760 
Tetwil_g10940.t2                                    1.7956991 1.5226208 1.4282573 1.5552401 1.4810386 1.6047786 1.5411242 1.6417899 1.5116825 1.5065960 1.4690730 1.3517692 1.4697740 1.4161670 1.5398132 1.7317295 1.7303844 2.1047489 1.7849532 1.7462115 1.6851206 1.8085323 1.8712208 1.1506975 0.9496265 0.8592116 1.1073629 0.0000000 0.8284021 0.9293921 1.8627281 1.6056520 1.8128858 1.8416000 1.8184613 1.7891949 2.0187881 2.3644096 2.2111788 2.0567865 1.9838843 2.1451885 2.1791570 2.0414425 2.1008664 2.0677183 2.2250298 2.2140730 2.9964498 1.8425836 1.9571361 3.8766396 2.7933709 
Stycar_maker-SC_scaffold2110-snap-gene-0.124-mRNA-1 2.0192570 1.7959266 1.8231700 1.8671872 1.7760542 1.8841971 1.7876347 1.7673039 1.8014431 1.6870600 1.7781481 1.7651956 1.7725890 1.6906883 1.7130509 2.0357309 2.0097586 1.9027780 1.9830387 1.9520654 1.9199465 2.1463540 2.1603702 1.3764113 1.2788901 1.2354722 0.7884918 0.8284021 0.0000000 1.5540385 2.1852586 2.1255009 2.1712500 2.2214455 2.2054327 2.1429807 2.2830286 2.7787433 2.9491940 2.5315097 2.3621467 2.4804572 2.6306980 2.4636939 2.5601613 2.2568470 2.7798686 2.9730112 3.4317596 2.5724723 2.7536068 4.5261640 2.7914194 
Plespi_Pspi_scaffold1984_01                         1.6128492 1.1672142 1.1580008 1.1740152 1.1740310 1.1383901 1.2487254 1.2213412 1.1209269 1.2208496 1.2442373 1.1272768 1.2380666 1.2084299 1.2969015 1.3762130 1.4404677 1.5927004 1.3516089 1.2984961 1.3585684 1.4487354 1.6128886 1.1911289 1.0680544 0.9369646 0.0000010 0.9293921 1.5540385 0.0000000 1.3881726 1.3455858 1.3300338 1.3651768 1.3642350 1.3576236 1.7056888 1.7692559 1.6231218 1.5590164 1.5799592 1.5799592 1.6354142 1.5836133 1.5120792 1.8381852 1.7643981 1.7679428 3.0674760 1.6135110 1.6206662 4.2778749 1.6262598 
TrH2_TrispH2_008541-RA                              1.9956201 1.6415142 1.6322349 1.5960131 1.5380614 1.5977908 1.6732187 1.6464966 1.5642592 1.5746660 1.5282370 1.5127946 1.6456031 1.5263392 1.6177478 1.7583275 1.8294232 2.1355503 1.8304697 1.8243639 1.8785432 1.7880039 1.9063384 2.0129959 2.0167764 1.9762628 2.7443561 1.8627281 2.1852586 1.3881726 0.0000000 0.1846952 0.2037516 0.2009654 0.1939298 0.2018062 2.1036841 2.7854528 2.5368516 2.3313506 2.0610081 2.4334224 2.4116664 2.1706166 2.4166651 1.9030789 2.1159263 1.9995734 4.1631896 2.1174767 2.2257518 4.1476767 3.2202433 
HoiH06_mRNA6945                                     1.7251392 1.3487133 1.4021337 1.4005703 1.2806606 1.3218863 1.3667536 1.3573508 1.3497417 1.3205525 1.4201579 1.1883603 1.4037631 1.3351636 1.4333051 1.4626232 1.5798060 2.0697309 1.4622992 1.5098457 1.4238749 1.4300932 1.7847334 1.7858300 1.8143100 1.6952775 0.0000010 1.6056520 2.1255009 1.3455858 0.1846952 0.0000000 0.0308260 0.0783550 0.0808192 0.1837444 1.7429654 2.1142931 2.0213568 1.8108925 1.9986801 1.9986801 2.0350612 1.9851577 1.9607996 1.9097824 2.0497439 1.9731428 4.3143261 2.0418739 2.0374543 3.9430306 1.6842725 
HoiH23_PlH23_003004-RA                              1.8663431 1.5690669 1.5766597 1.5573646 1.4713042 1.5139726 1.5725483 1.6442302 1.5353553 1.5527621 1.5206299 1.4812702 1.6142747 1.4883067 1.5856793 1.6960361 1.7861283 2.0342704 1.7134865 1.7134317 1.7477065 1.6942910 1.9307288 1.9555834 1.9507254 1.8710965 2.5591544 1.8128858 2.1712500 1.3300338 0.2037516 0.0308260 0.0000000 0.0932926 0.0937514 0.1886502 1.9895765 2.7902860 2.4542605 2.3075369 2.0462251 2.3848061 2.3915605 2.1475488 2.3296532 1.8812423 2.1675681 1.9624102 3.7637379 2.0313500 2.1778367 4.0138381 3.1502428 
Hhon_g10415.t1                                      1.9256951 1.6051044 1.5982025 1.5600118 1.5182949 1.5378141 1.5972320 1.6547880 1.5333350 1.5427065 1.5228052 1.4604853 1.6054420 1.5074784 1.6097060 1.7228461 1.8005668 2.0829643 1.7406967 1.7537537 1.7427994 1.6988801 1.8529052 1.9605773 1.9923798 1.8926970 2.6454662 1.8416000 2.2214455 1.3651768 0.2009654 0.0783550 0.0932926 0.0000000 0.0150313 0.1723314 2.0281654 2.7106097 2.4593257 2.2568775 2.0036505 2.3826322 2.3688524 2.1011434 2.3145698 1.9461587 2.0980476 2.0033970 3.8552525 2.0558731 2.1823551 4.1035381 2.9604508 
HoiH04_mRNA10225                                    1.8988580 1.5912643 1.5710361 1.5836923 1.4931724 1.5303859 1.5825363 1.6336833 1.5297880 1.5271058 1.5230585 1.4434208 1.6027855 1.4996281 1.5951387 1.7091024 1.7969609 2.2109902 1.7305279 1.7380489 1.7240465 1.6716569 1.8416387 1.9486448 1.9820593 1.8840606 2.6454662 1.8184613 2.2054327 1.3642350 0.1939298 0.0808192 0.0937514 0.0150313 0.0000000 0.1724051 2.0036056 2.7452425 2.4647444 2.2148761 2.0320229 2.4086257 2.3942940 2.1213398 2.3149083 1.9400537 2.0966812 2.0007576 3.7770968 2.0628896 2.1878140 4.1283843 2.8607515 
HoiH11_mRNA4422                                     1.8585869 1.5387074 1.4964328 1.5470065 1.4119487 1.5258086 1.5694292 1.5649414 1.6158367 1.5489803 1.4530109 1.4449863 1.5560084 1.4566619 1.5433830 1.6821868 1.8490112 1.7396636 1.6553457 1.6861339 1.7547525 1.7280178 2.0169122 1.9402735 1.9405035 1.9487946 2.5287317 1.7891949 2.1429807 1.3576236 0.2018062 0.1837444 0.1886502 0.1723314 0.1724051 0.0000000 1.9780804 2.7709633 2.4682039 2.2463372 1.9938874 2.3791928 2.4726209 2.1332215 2.3174021 1.8720477 2.2225741 2.0050701 4.0575806 1.9349196 2.0870440 4.2003223 2.8004472 
Chem_TCONS_00002614                                 2.0420931 1.7973048 1.8189720 1.9260772 1.7653494 1.8202680 1.8360250 1.6059608 1.5619820 1.6482493 1.6684943 1.5417052 1.7222137 1.5561099 1.6855083 1.7783220 1.8537693 1.7155526 1.4337611 1.3547331 1.3678261 1.3974697 1.8626050 2.3903633 2.1961658 2.1017232 2.5240461 2.0187881 2.2830286 1.7056888 2.1036841 1.7429654 1.9895765 2.0281654 2.0036056 1.9780804 0.0000000 2.5266059 2.5334855 2.3087713 2.0745736 2.2521386 2.4388945 2.2323730 2.3804552 2.0704905 2.3289152 2.3295032 2.8261014 2.3527341 2.3140125 4.2970006 1.9497162 
Mlei_ML0968.g17.i1                                  2.5205514 2.2628297 2.4107481 2.4100063 2.5141055 2.2960066 2.4919680 2.4654175 2.3080609 2.4205924 2.4535590 2.0268044 2.4598732 2.2490105 2.4895931 2.3350949 2.4123557 2.7341140 2.6879892 2.6385244 2.3797141 2.6009209 2.3391476 2.6498569 2.6207637 2.2631482 2.8171053 2.3644096 2.7787433 1.7692559 2.7854528 2.1142931 2.7902860 2.7106097 2.7452425 2.7709633 2.5266059 0.0000000 0.4307931 0.4043809 0.2296108 0.2673028 0.3206940 0.3222883 0.4396911 0.8104882 0.9368450 0.6957944 0.6612398 2.5896485 2.8882693 4.7731918 3.5316994 
Pbac_sb2641128                                      2.3637991 1.9844809 1.9905597 2.0672839 2.1591143 2.1140754 2.1299399 2.0372078 1.9282364 2.1072055 2.0740179 1.7893895 2.0015380 1.8896209 2.0929422 2.1375305 2.3034447 2.6164206 2.3638177 2.3058731 2.1896082 2.2890077 2.0967338 2.4079061 2.3683614 2.2033332 2.5524670 2.2111788 2.9491940 1.6231218 2.5368516 2.0213568 2.4542605 2.4593257 2.4647444 2.4682039 2.5334855 0.4307931 0.0000000 0.0000010 0.2866494 0.3059237 0.3457122 0.3101611 0.4696558 0.8515671 0.7717984 0.6870058 0.6457600 2.1711021 2.3689900 3.9302378 3.4863337 
Horcal_Hcv1.av93.c1.g1444.i3                        2.1858963 1.8810479 1.8004544 1.8028772 1.8976309 1.9673339 2.0102845 1.9559684 1.8097620 2.0144329 1.9727306 1.8473421 1.9975385 1.8506344 2.0668340 1.9779450 2.0149268 2.3648218 2.2129671 2.1649153 2.0968131 2.1376214 2.1528222 2.2347366 2.1592808 2.0806219 2.4769646 2.0567865 2.5315097 1.5590164 2.3313506 1.8108925 2.3075369 2.2568775 2.2148761 2.2463372 2.3087713 0.4043809 0.0000010 0.0000000 0.2679877 0.3017865 0.3485446 0.2897342 0.4576147 0.8218423 0.7593296 0.6868518 0.5850204 2.0816662 2.3224900 4.0165329 3.0244168 
Bolinf_Binf_sb1243346                               1.9013348 1.6718065 1.6709084 1.7996931 1.7271200 1.7241851 1.7579732 1.7757907 1.6540552 1.7149758 1.7452464 1.4193990 1.7495530 1.6928195 1.8189994 1.8319700 1.8609023 2.6014650 1.9084740 1.9330278 1.7350338 1.7862978 2.3637483 2.0414615 2.0201462 1.8793353 0.0000010 1.9838843 2.3621467 1.5799592 2.0610081 1.9986801 2.0462251 2.0036505 2.0320229 1.9938874 2.0745736 0.2296108 0.2866494 0.2679877 0.0000000 0.0000010 0.2255468 0.2369311 0.2962753 0.8150713 0.7430342 0.6881677 0.5062687 2.1363269 2.1808544 3.9994339 2.3705291 
Mertsp_Mesp_sb586163                                2.1778633 1.8743204 1.8989675 1.9576895 2.0138178 1.9662621 1.9683897 1.9972191 1.8374564 1.9906709 1.9780473 1.7129304 2.0001777 1.8701580 2.0093243 2.0704912 2.1238024 2.6014650 2.2249159 2.1830071 2.0113751 2.0919461 2.4090871 2.2931579 2.2472097 2.0915293 2.9640844 2.1451885 2.4804572 1.5799592 2.4334224 1.9986801 2.3848061 2.3826322 2.4086257 2.3791928 2.2521386 0.2673028 0.3059237 0.3017865 0.0000010 0.0000000 0.2427584 0.2318551 0.3266513 0.8150713 0.7366076 0.6881677 0.3897535 2.1363269 2.2585904 4.2173432 3.1773575 
Beraby_Baby_sb350067                                2.2678435 1.9427401 1.9141222 1.9694973 2.0705284 1.9773036 2.0055112 2.0478731 1.8792501 2.0648657 2.0623932 1.7814914 2.0386460 1.9244862 2.1075260 2.0456220 2.1708721 2.7001031 2.2732950 2.2689470 2.0582944 2.1767459 2.6549768 2.3025245 2.2379680 2.0806887 2.9551470 2.1791570 2.6306980 1.6354142 2.4116664 2.0350612 2.3915605 2.3688524 2.3942940 2.4726209 2.4388945 0.3206940 0.3457122 0.3485446 0.2255468 0.2427584 0.0000000 0.2350250 0.4184230 0.8016817 0.7826492 0.7334955 0.4928789 2.1894457 2.3093087 3.9957723 3.0198968 
Drygla_Dgla_sb289001                                2.1190545 1.8619647 1.7880590 1.8910632 1.8951568 1.8410387 1.9246558 1.8371996 1.7412896 1.8677925 1.9159271 1.5365864 1.8469374 1.7754626 1.9705147 1.8739645 1.9998428 2.5465027 2.0001951 2.0140267 1.8471033 2.0258480 2.3599670 2.1651150 2.0765290 1.9057420 2.9185462 2.0414425 2.4636939 1.5836133 2.1706166 1.9851577 2.1475488 2.1011434 2.1213398 2.1332215 2.2323730 0.3222883 0.3101611 0.2897342 0.2369311 0.2318551 0.2350250 0.0000000 0.3573115 0.8278617 0.7831913 0.7256412 0.5003831 2.2497966 2.3973885 4.1769670 2.8387721 
Eupdun_Edun_sb10646312                              2.1222378 1.8607099 1.8032204 1.9188615 1.9378065 1.9695653 1.8890949 1.8695968 1.8004766 1.9111471 1.9311481 1.6625680 1.9142397 1.8332373 2.0255618 1.9948370 2.0247971 2.5314763 2.1453870 2.1030890 2.0258236 2.1893993 2.2945158 2.3254259 2.1792175 2.0644769 2.7853488 2.1008664 2.5601613 1.5120792 2.4166651 1.9607996 2.3296532 2.3145698 2.3149083 2.3174021 2.3804552 0.4396911 0.4696558 0.4576147 0.2962753 0.3266513 0.4184230 0.3573115 0.0000000 0.8130113 0.7501621 0.7193544 0.5235079 2.1197974 2.2766871 4.2150017 3.0025254 
Vmul_sbMO423510                                     1.9974639 1.8850464 1.8116121 1.9753705 1.9590546 2.0298842 1.9813296 2.0026911 1.9325287 1.9576471 2.0724906 1.6745667 2.0404646 2.0095761 2.2439021 2.1582245 2.1838751 3.1454535 2.1610764 2.1622485 1.9032958 1.8913019 2.5413994 2.2756450 2.1781264 2.0169232 0.0000010 2.0677183 2.2568470 1.8381852 1.9030789 1.9097824 1.8812423 1.9461587 1.9400537 1.8720477 2.0704905 0.8104882 0.8515671 0.8218423 0.8150713 0.8150713 0.8016817 0.8278617 0.8130113 0.0000000 0.6157468 0.6583067 2.7736392 2.5541748 2.5330532 4.2029766 1.4242729 
Coeast_Cast_sb784857                                2.0768347 1.9735262 1.8354025 1.9227050 1.9000076 1.8921165 1.9976403 1.9204998 1.9452657 2.0153953 2.0690592 1.6657283 1.9555320 1.8539891 2.0791349 2.0941778 2.2019115 2.6501309 2.0845449 2.1184820 1.9676486 2.1014504 2.6788466 2.4119982 2.3427651 2.2719359 7.3640789 2.2250298 2.7798686 1.7643981 2.1159263 2.0497439 2.1675681 2.0980476 2.0966812 2.2225741 2.3289152 0.9368450 0.7717984 0.7593296 0.7430342 0.7366076 0.7826492 0.7831913 0.7501621 0.6157468 0.0000000 0.0701305 1.0666507 2.3875228 2.5747140 4.2157124 2.4134001 
Coemet_Cmet_scaffold3389_01                         2.0864148 2.0279846 1.8024578 1.9464874 2.0525989 1.8636086 1.9659193 2.1415045 1.9892895 1.9392860 2.1537043 1.5300797 1.9479325 1.9060388 2.2177136 2.1268566 2.2484100 3.2060640 2.4513630 2.4117742 1.9946460 2.1384566 2.6454460 2.3449346 2.4312602 2.0314735 0.0000010 2.2140730 2.9730112 1.7679428 1.9995734 1.9731428 1.9624102 2.0033970 2.0007576 2.0050701 2.3295032 0.6957944 0.6870058 0.6868518 0.6881677 0.6881677 0.7334955 0.7256412 0.7193544 0.6583067 0.0701305 0.0000000 2.5425948 2.4620104 2.4328033 3.6766286 2.2953242 
Lampan_Lpan_10348_01                                3.0187550 2.6644780 2.6534539 2.5331328 2.8659348 2.8039833 2.9290743 2.8148219 2.6531465 2.8908476 2.9837622 2.5450061 2.8518897 2.6020391 2.8051598 2.7622452 2.8201750 5.8419474 2.9912498 2.9192546 2.8294138 2.9789599 7.4621434 3.3020855 3.3360568 3.0937569 2.8793067 2.9964498 3.4317596 3.0674760 4.1631896 4.3143261 3.7637379 3.8552525 3.7770968 4.0575806 2.8261014 0.6612398 0.6457600 0.5850204 0.5062687 0.3897535 0.4928789 0.5003831 0.5235079 2.7736392 1.0666507 2.5425948 0.0000000 4.0202356 3.1532762 4.9390580 3.6558408 
Ocar_g10023                                         2.3716496 1.6197795 1.5718677 1.8314851 1.7326409 1.7579355 1.8580480 1.9486652 1.7982691 1.8605286 1.8742965 1.4806957 1.9483297 1.8672753 2.0229859 1.8810583 1.9935487 2.5484149 1.6581979 1.7040148 1.7846271 2.0217338 2.6361127 2.1201389 2.1010357 1.9030566 0.0000010 1.8425836 2.5724723 1.6135110 2.1174767 2.0418739 2.0313500 2.0558731 2.0628896 1.9349196 2.3527341 2.5896485 2.1711021 2.0816662 2.1363269 2.1363269 2.1894457 2.2497966 2.1197974 2.5541748 2.3875228 2.4620104 4.0202356 0.0000000 0.0000010 4.2977064 1.9360007 
Opea_EP00118_Oscarella_pearsei_P022729              2.4082653 1.7659875 1.6879680 1.8596404 1.8231005 1.8188207 2.0096107 1.9443213 1.8076758 1.9033838 1.9071178 1.5119160 1.9251300 1.8066799 1.9712975 1.9541767 2.0262993 2.5064969 1.8021482 1.8222754 1.9143952 2.1321410 2.5698705 2.2345626 2.1739790 2.0647638 2.7779436 1.9571361 2.7536068 1.6206662 2.2257518 2.0374543 2.1778367 2.1823551 2.1878140 2.0870440 2.3140125 2.8882693 2.3689900 2.3224900 2.1808544 2.2585904 2.3093087 2.3973885 2.2766871 2.5330532 2.5747140 2.4328033 3.1532762 0.0000010 0.0000000 4.3095896 2.6343093 
Tcas_TC013877_001                                   4.4549242 3.7876589 3.9938649 3.8501012 3.7884210 3.9897396 4.0242739 4.4665515 4.3420541 4.0510312 3.8719494 3.9535175 4.1024887 3.9370205 4.3191678 4.0736061 4.4821935 4.4236234 4.2358634 4.1735055 4.1885100 4.5065001 4.4167029 4.1829658 3.9661950 4.1477774 3.6466837 3.8766396 4.5261640 4.2778749 4.1476767 3.9430306 4.0138381 4.1035381 4.1283843 4.2003223 4.2970006 4.7731918 3.9302378 4.0165329 3.9994339 4.2173432 3.9957723 4.1769670 4.2150017 4.2029766 4.2157124 3.6766286 4.9390580 4.2977064 4.3095896 0.0000000 5.5946720 
Hvul_g18253_1                                       2.8228523 2.6618751 2.5564383 2.4044745 2.4641446 2.5927784 2.7733259 2.3875967 2.0264162 2.3975980 2.3066907 2.5027065 2.5360930 2.2452922 2.4106492 2.1906167 2.1439617 5.0891382 1.9368641 1.9223494 1.8656899 2.2476186 4.0697324 2.4295002 2.6314378 2.9395246 3.7548760 2.7933709 2.7914194 1.6262598 3.2202433 1.6842725 3.1502428 2.9604508 2.8607515 2.8004472 1.9497162 3.5316994 3.4863337 3.0244168 2.3705291 3.1773575 3.0198968 2.8387721 3.0025254 1.4242729 2.4134001 2.2953242 3.6558408 1.9360007 2.6343093 5.5946720 0.0000000 
