57
Hsap_ENST00000237853                                   0.0000000 1.5642113 1.5872175 1.8963983 1.8191504 1.6695956 1.8185366 1.7715964 1.4950505 1.9454796 1.8653784 1.7949713 1.9268844 1.9792787 1.9136542 2.0217262 2.0009403 2.0744513 2.1549964 2.3157908 2.0711517 2.3063086 1.9116485 1.7729810 2.1400382 2.0500387 2.2372078 2.6182480 2.7859879 2.6538215 2.7236833 2.5047289 2.5026095 2.9386017 2.5266419 2.7263924 2.9219737 2.3794701 2.4684277 2.4984086 3.0571780 2.5648248 3.2511487 4.7280591 2.9413125 3.0317858 3.1877755 3.5756755 3.4212200 3.6879341 3.6806692 3.3849749 4.1624549 3.4919188 3.1756836 3.2938290 2.9358362 
Skow_XM_006811156.1                                    1.5642113 0.0000000 1.5462092 1.8358511 1.7660087 1.6628079 1.7385862 1.5917108 1.3357997 1.9730545 1.6501009 1.8064216 1.7877751 2.0299311 2.1474343 1.8817274 1.9990138 2.0640645 2.1061499 2.0687726 2.0091937 2.1360899 1.9326777 1.8221620 1.9812118 2.0146565 2.0574475 2.3165657 2.4445011 2.4176717 2.4974918 2.4288454 2.4024395 2.9919619 2.9069251 2.7861884 2.7244528 2.7495933 2.4984451 2.4691675 2.9531158 2.8589775 3.3303686 4.3817728 3.0725118 2.6870249 3.2515394 3.1263674 3.0223440 3.0462768 2.9885969 2.9705697 2.9862690 3.4420734 3.1493454 3.6724600 2.8462322 
Bralan_BLAG02000440_2                                  1.5872175 1.5462092 0.0000000 1.7897076 1.4568934 1.3946200 1.5683398 1.5190253 1.3119151 1.9748524 1.7531364 1.6039961 1.7221363 1.9601183 1.9096760 1.8621140 1.9727529 1.9314305 2.1005300 2.0322973 1.8372346 2.1528506 1.8576629 1.9008180 1.8894075 1.9412271 1.9598227 2.4579314 2.6348019 2.3968267 2.3895646 2.3313254 2.3508367 2.4142065 2.3170635 2.4559337 2.4040474 2.1354059 1.9668662 2.2291628 2.8432757 2.4282451 3.1697586 4.9944480 3.0805583 2.7985379 3.3080629 3.3493136 3.1718731 3.4374854 3.6993842 3.4322272 3.5774220 3.0898467 3.0554235 3.1294145 3.0430950 
Tcas_TC002072_001                                      1.8963983 1.8358511 1.7897076 0.0000000 1.1038282 1.2424080 1.7054628 1.5610307 1.5546441 2.1149236 2.2330542 1.8318377 2.0561490 2.1369754 2.1154416 2.1122518 2.1725115 2.2662940 2.2092069 2.3628807 2.0913781 2.1336826 2.1105586 2.1662260 2.0737287 2.0966609 2.0848435 2.6607713 2.8311982 2.6960821 2.7864462 2.7611497 2.7366727 2.7267483 2.8066209 2.7193598 3.0827137 2.6021692 2.5123619 2.4464743 3.1559689 2.4671981 3.2043562 4.4100312 3.2262087 2.8993524 3.1214734 3.3473737 3.2172665 3.2714737 3.3447573 3.1565733 3.6873105 3.3933383 3.0013631 3.3105045 2.6173342 
Dpul_mRNA11369                                         1.8191504 1.7660087 1.4568934 1.1038282 0.0000000 0.9735299 1.2186672 1.6375093 1.4040276 1.5507812 1.6802679 1.5994096 1.5644926 1.5795756 1.5246589 1.6337737 1.5480648 1.9961860 1.7503303 1.8371847 1.8591883 1.8952512 1.8281584 1.9606340 1.8696335 1.7883960 2.0198957 2.1458760 2.1458760 2.1372004 2.1419351 2.1862373 2.1843218 2.2155932 2.2815742 1.8484901 2.5784430 2.4066184 2.1688126 2.1388996 3.2143752 2.3344035 2.5506826 3.9600692 2.3496169 2.1265798 2.4961818 2.4412291 2.4490454 2.3570519 2.5995747 2.4077348 2.0710081 2.9960663 3.0285813 2.5705422 1.7628819 
Cscu_XM_023358879.1                                    1.6695956 1.6628079 1.3946200 1.2424080 0.9735299 0.0000000 1.3779800 1.5188728 1.3033150 1.8508873 1.8173188 1.6731655 1.7503458 1.9780801 1.9357069 1.7881186 1.9631656 1.8809372 2.2696987 2.1727755 1.9592566 1.9873245 1.7711787 1.5983718 1.8809100 1.9298383 1.8341769 2.3886915 2.5626992 2.3779139 2.3910023 2.4297443 2.4144261 2.6274336 2.6448657 2.2996796 2.8019163 2.4025008 2.2286627 2.2302297 2.9108858 2.5727701 3.3471361 4.3153538 3.0364809 3.0865750 3.1682440 3.2124823 3.1305360 3.4485893 3.6233433 3.3843590 3.5695722 3.2943693 3.2590632 3.2526593 2.6491268 
Ctel_gnl_WGS_AMQN_CAPTEDRAFT_mRNA226667                1.8185366 1.7385862 1.5683398 1.7054628 1.2186672 1.3779800 0.0000000 1.5167655 1.2203914 2.0563871 1.8342735 1.6885799 1.7508000 1.9033131 1.9481824 1.8772434 2.0464693 2.1331061 2.2725670 2.2375356 2.2758250 2.2233720 2.1181373 2.0350797 2.1659592 2.0909481 2.2824576 2.5265878 2.7213927 2.5462382 2.6538484 2.6003235 2.5987630 2.4633289 2.7591322 2.7867914 2.3565686 2.0755769 2.1261578 2.2740387 3.1016520 2.4914519 3.3132599 4.6144428 2.9869448 2.9542323 3.7940581 3.3018198 3.2117299 3.6477749 3.7056349 3.3855474 3.9941590 3.1749082 3.2156489 3.2021225 2.6835041 
Cgig_XM_011432056.3                                    1.7715964 1.5917108 1.5190253 1.5610307 1.6375093 1.5188728 1.5167655 0.0000000 1.0537214 1.9677130 1.8066550 1.9711674 1.9908516 1.9129152 1.9030458 1.9025644 2.2310591 2.2453595 2.2145070 2.1110754 1.9689792 1.9566232 1.8102331 2.1010878 1.9584953 1.9214987 2.0277129 2.4824026 2.6989763 2.6781634 2.6841672 2.5117028 2.5012115 2.6573795 2.5970639 2.8152320 2.4711162 2.2497344 2.1206018 2.1309109 2.9567958 2.3075723 3.2281092 4.0950334 3.1213062 2.8885901 3.4765658 3.3757313 3.0745426 2.9871085 3.2508820 3.0540581 2.8301032 3.0605227 3.0642907 3.0210457 2.8490071 
Acagra_model.g9445.t1                                  1.4950505 1.3357997 1.3119151 1.5546441 1.4040276 1.3033150 1.2203914 1.0537214 0.0000000 1.7274504 1.6104279 1.5628982 1.5840118 1.8092076 1.7666592 1.7442689 1.9549217 1.9626511 1.8743883 1.8812844 1.6547453 1.7449149 1.8107413 1.6092034 1.7986744 1.7421567 1.7916779 2.1885847 2.3916256 2.4746849 2.5276918 2.4217081 2.4177805 2.4552169 2.3730662 2.6474584 2.5467097 2.2190618 2.0424018 2.2554040 2.5622501 2.1903638 3.0820486 4.8859744 3.0746276 2.7954485 3.2434176 3.1736344 2.9453112 3.1041048 3.3183137 3.1952306 3.2064023 3.0582756 2.9628355 3.1496513 2.3445205 
Exapal_XM_021049166.2                                  1.9454796 1.9730545 1.9748524 2.1149236 1.5507812 1.8508873 2.0563871 1.9677130 1.7274504 0.0000000 0.8568288 1.0316443 1.1502595 1.3849691 1.3406342 1.3308187 1.3692885 1.4177754 1.8670098 1.7540751 1.9916755 1.9439027 1.7876078 1.5325383 2.0204341 2.0146509 1.8389377 2.0726920 2.2091857 2.2412097 2.2219872 2.2716211 2.2400148 2.4723280 2.5309488 3.1868371 2.8281271 2.0407899 2.1635630 2.4343863 2.9382057 2.3545237 2.8702222 3.7536175 2.8380570 2.6386058 2.9581103 2.7713429 2.5626429 3.2705148 3.0505451 2.8556945 3.3833624 2.8420683 2.5861471 2.6355994 2.6270288 
Nvec_v1g219570                                         1.8653784 1.6501009 1.7531364 2.2330542 1.6802679 1.8173188 1.8342735 1.8066550 1.6104279 0.8568288 0.0000000 0.9430164 0.9417944 1.1866157 1.1165621 0.9765089 1.2858560 1.2708651 1.7234706 1.5585114 1.7743045 1.8210179 1.7961692 1.5270208 1.8144074 1.8175651 1.7533487 2.0646454 2.1157195 2.2018378 2.2046361 2.1688026 2.1371150 2.2221040 2.1791932 2.8038207 2.5644535 1.7770608 2.0350413 1.9318780 2.6854415 2.4623715 2.6669073 4.5113456 2.5315981 2.3737631 2.7659301 2.5923633 2.5833813 2.9672709 3.0270833 2.7571885 4.0897219 3.0086536 2.6200582 2.7069370 2.7326784 
Adig_XM_015895931.1                                    1.7949713 1.8064216 1.6039961 1.8318377 1.5994096 1.6731655 1.6885799 1.9711674 1.5628982 1.0316443 0.9430164 0.0000000 0.2586562 0.3088708 0.2691959 0.3326704 0.0507141 0.6048352 1.4158242 1.3952363 1.4815475 1.5456798 1.6398444 1.6038470 1.5319770 1.5127149 1.4642820 1.9334851 1.9402543 1.8427250 1.8734586 1.9275625 1.8972078 2.2788626 2.2120173 2.0643283 2.2453583 1.8436143 2.2553384 2.0799662 2.7285308 2.1736441 2.2930792 6.6397631 2.2139295 2.2090339 2.4554422 2.1050241 2.0977621 2.4861521 2.6012529 2.3474673 4.3795106 2.9902389 2.4616213 2.3205172 1.8136395 
Gfas_gfas1.m1.21009.m1                                 1.9268844 1.7877751 1.7221363 2.0561490 1.5644926 1.7503458 1.7508000 1.9908516 1.5840118 1.1502595 0.9417944 0.2586562 0.0000000 0.4175384 0.3736280 0.3248555 0.3541756 0.5229826 1.6574057 1.6522429 1.6442339 1.6793882 1.7419580 1.5097743 1.7060461 1.6524528 1.6041327 1.8983148 1.9628813 1.9857556 2.0350167 2.0448164 2.0235732 2.3647977 2.2212527 2.2832678 2.5488472 1.9452326 2.3090165 2.4751800 2.8789267 2.3880114 2.3525231 5.9806383 2.5180422 2.3199845 2.6955486 2.4975944 2.5009709 2.5902898 2.9047406 2.6055409 5.3094374 2.9784515 2.7782810 2.8391370 2.2345989 
Spis_XP_022780449_1                                    1.9792787 2.0299311 1.9601183 2.1369754 1.5795756 1.9780801 1.9033131 1.9129152 1.8092076 1.3849691 1.1866157 0.3088708 0.4175384 0.0000000 0.1111890 0.4317607 0.6718814 0.5980509 1.8806652 1.8613565 1.8239032 1.8696826 1.8356196 1.6459291 1.8910337 1.9437304 1.7759631 2.2774553 2.4766858 2.4704160 2.4690230 2.5852281 2.5612142 2.5353507 2.4036446 2.9149984 2.6615713 1.9199396 2.4143977 2.3250253 2.7886310 2.4218079 2.8842779 4.3526422 2.8566026 2.5788772 3.2265356 2.8032532 2.6886158 3.1860229 3.1579922 2.9191973 4.0233077 2.9823759 2.6707069 2.8377049 2.5960048 
Pocdam_XM_027198706.1                                  1.9136542 2.1474343 1.9096760 2.1154416 1.5246589 1.9357069 1.9481824 1.9030458 1.7666592 1.3406342 1.1165621 0.2691959 0.3736280 0.1111890 0.0000000 0.4185898 0.6414540 0.5966577 1.8588453 1.8184264 1.7728705 1.8737064 1.7969677 1.6772071 1.9116062 1.9565175 1.7969883 2.2523109 2.4607394 2.4340167 2.4091996 2.4636595 2.4490779 2.5767382 2.3837875 2.8968064 2.6903156 1.9683851 2.3544871 2.4066543 2.6321644 2.3003489 2.8014627 4.3524362 2.8119333 2.5438974 3.2888803 2.8624364 2.7435243 3.1380937 3.1482773 2.9024265 3.9865246 2.9581844 2.5812121 2.7382128 2.6894752 
Fspp_ffun1.m4.7430.m1                                  2.0217262 1.8817274 1.8621140 2.1122518 1.6337737 1.7881186 1.8772434 1.9025644 1.7442689 1.3308187 0.9765089 0.3326704 0.3248555 0.4317607 0.4185898 0.0000000 0.5682664 0.4455376 1.7123243 1.7515147 1.6159901 1.7350878 1.6582710 1.4928700 1.6959900 1.6737858 1.5639780 2.0883226 2.2274442 2.2691704 2.2715792 2.2879642 2.2781762 2.4952894 2.2598238 2.5364659 2.6263953 1.8921312 2.1475068 2.1532744 2.7606803 2.3239581 2.4451341 3.4697402 2.4914810 2.4151261 2.8357603 2.4659072 2.3799627 2.7661151 2.6803208 2.5196808 3.2052090 2.9089780 2.6840060 2.6767470 2.3907260 
Amil_Amillepora02911-RA                                2.0009403 1.9990138 1.9727529 2.1725115 1.5480648 1.9631656 2.0464693 2.2310591 1.9549217 1.3692885 1.2858560 0.0507141 0.3541756 0.6718814 0.6414540 0.5682664 0.0000000 0.5898696 1.8356715 1.8424578 1.7146441 1.6791260 1.5974907 1.4743537 1.7044420 1.6453094 1.6764350 2.1213132 2.3146438 2.2723183 2.2712476 2.2990348 2.2900212 2.6469010 2.5006604 2.7493371 2.7035534 1.7909255 2.2191035 2.0915702 2.1098801 2.2338077 2.5452905 3.6008878 2.7433488 2.7460168 2.8787396 2.6516769 2.5204550 3.0234481 2.8052374 2.7850230 4.3352906 3.2458608 2.7577064 2.7178544 2.4911969 
Gasp_gasp1.m3.13242.m1                                 2.0744513 2.0640645 1.9314305 2.2662940 1.9961860 1.8809372 2.1331061 2.2453595 1.9626511 1.4177754 1.2708651 0.6048352 0.5229826 0.5980509 0.5966577 0.4455376 0.5898696 0.0000000 1.9479073 1.9553056 1.7000127 1.7946253 1.7746120 1.6915583 1.7956201 1.8260612 1.7455800 2.4408512 2.6271034 2.6060928 2.6100957 2.6732993 2.6389197 2.5730928 2.3600959 2.3040793 2.4120863 2.1367398 2.6365597 2.3331994 3.2044754 2.7487315 2.8113497 3.5244573 2.7183621 2.6684568 2.8639644 2.6998430 2.5316541 2.9433889 2.8737250 2.9310044 3.0862378 3.1253397 3.1677756 2.8017922 2.6160210 
Dgig_XM_028555455.1                                    2.1549964 2.1061499 2.1005300 2.2092069 1.7503303 2.2696987 2.2725670 2.2145070 1.8743883 1.8670098 1.7234706 1.4158242 1.6574057 1.8806652 1.8588453 1.7123243 1.8356715 1.9479073 0.0000000 0.4599395 2.0484420 2.2672140 1.9590614 1.8448940 1.9297339 1.8930204 1.9415998 2.3826343 2.5091488 2.5004047 2.4560475 2.3677764 2.4116930 2.7272416 2.8383235 2.8908841 2.8707207 2.4327844 2.4657210 2.3063641 3.0400926 2.6631756 2.6967497 3.6338048 2.7625770 2.6080926 2.8304165 2.7162829 2.5366650 2.8572163 2.9389737 2.7736580 3.4905113 3.3066623 2.9860847 3.2534722 2.5739571 
Xesp_002050-T1                                         2.3157908 2.0687726 2.0322973 2.3628807 1.8371847 2.1727755 2.2375356 2.1110754 1.8812844 1.7540751 1.5585114 1.3952363 1.6522429 1.8613565 1.8184264 1.7515147 1.8424578 1.9553056 0.4599395 0.0000000 1.9207051 2.2776704 2.0057987 1.8724923 2.0614757 2.0008243 1.9383367 2.2030557 2.3364486 2.4622864 2.4636678 2.3514724 2.3575959 2.5934677 2.9682728 3.1036912 2.8528659 2.3425837 2.4745290 2.2476764 2.9264315 2.4929909 2.7420356 3.9415847 2.8259121 2.5694031 2.8055546 2.8643372 2.6851702 2.7368717 2.8650654 2.7461726 3.8108932 3.3091164 3.0176067 2.9865418 2.4636545 
Hvul_g10014_1                                          2.0711517 2.0091937 1.8372346 2.0913781 1.8591883 1.9592566 2.2758250 1.9689792 1.6547453 1.9916755 1.7743045 1.4815475 1.6442339 1.8239032 1.7728705 1.6159901 1.7146441 1.7000127 2.0484420 1.9207051 0.0000000 1.1592380 1.3594957 1.1838458 1.3887700 1.3528716 1.2930575 2.2997298 2.5175351 2.5854499 2.6182241 2.5687135 2.5766182 2.6311628 2.5353112 2.5172417 2.5185923 1.9588050 2.1419688 2.0825980 2.6745986 2.3695656 2.8697335 4.2513445 2.8254687 2.7484515 3.1934405 3.3182224 3.1644405 3.1528726 3.3668562 3.0193096 3.8788057 3.2097528 3.0599819 3.2507095 2.4296399 
Chem_TCONS_00012042                                    2.3063086 2.1360899 2.1528506 2.1336826 1.8952512 1.9873245 2.2233720 1.9566232 1.7449149 1.9439027 1.8210179 1.5456798 1.6793882 1.8696826 1.8737064 1.7350878 1.6791260 1.7946253 2.2672140 2.2776704 1.1592380 0.0000000 1.5523509 1.2470969 1.6540253 1.5621451 1.5150754 2.3647537 2.5355287 2.5526532 2.6084022 2.4978225 2.4809690 2.6830211 2.4299696 2.4855798 2.5196394 2.0624520 2.1924086 2.2758378 2.9207512 2.4521992 2.6401679 4.1048428 2.7473127 2.5589204 2.7872539 3.0005516 2.8648616 2.8432307 2.9150157 2.7555578 3.4734294 3.4146746 3.1833487 3.2413298 2.3486115 
Aaur_scaffold336.g6.t1                                 1.9116485 1.9326777 1.8576629 2.1105586 1.8281584 1.7711787 2.1181373 1.8102331 1.8107413 1.7876078 1.7961692 1.6398444 1.7419580 1.8356196 1.7969677 1.6582710 1.5974907 1.7746120 1.9590614 2.0057987 1.3594957 1.5523509 0.0000000 0.5152750 0.5948636 0.4762610 1.2847685 2.3650220 2.5757557 2.5024713 2.4514312 2.5020827 2.5034234 2.6739748 2.6473966 2.6418048 2.5840756 2.1176551 2.2765692 2.2674260 2.7556707 2.4791024 3.0978088 4.0754421 2.9511652 2.8022461 3.0601985 3.2273231 3.1137133 3.0675282 3.4769651 3.1618205 3.6552672 3.4801711 2.9112035 2.9625831 2.7929897 
Sanmal_Sma_013839-T1                                   1.7729810 1.8221620 1.9008180 2.1662260 1.9606340 1.5983718 2.0350797 2.1010878 1.6092034 1.5325383 1.5270208 1.6038470 1.5097743 1.6459291 1.6772071 1.4928700 1.4743537 1.6915583 1.8448940 1.8724923 1.1838458 1.2470969 0.5152750 0.0000000 0.6259904 0.5503895 1.1054907 1.7806272 1.7646110 1.7357166 1.7616695 1.7542543 1.7503659 2.0776475 2.0566071 1.7775498 2.1979215 2.1347527 2.2459078 2.4801637 3.1881581 2.6177994 2.7253461 5.5096255 2.4287176 2.5481559 2.6768887 2.9481869 2.8986003 2.7433454 3.5193592 2.9330255 4.5294043 3.8725935 3.1981944 3.2404248 2.0643334 
Nemnom_g19171.t1                                       2.1400382 1.9812118 1.8894075 2.0737287 1.8696335 1.8809100 2.1659592 1.9584953 1.7986744 2.0204341 1.8144074 1.5319770 1.7060461 1.8910337 1.9116062 1.6959900 1.7044420 1.7956201 1.9297339 2.0614757 1.3887700 1.6540253 0.5948636 0.6259904 0.0000000 0.2105132 1.2940961 2.3973362 2.5680744 2.4768488 2.4434145 2.4392567 2.3843860 2.5510288 2.5833148 2.4464186 2.7106897 2.2069853 2.2650569 2.2927795 2.5297986 2.3873908 3.1102894 4.4345715 3.0454476 2.8903903 3.1808690 3.2076955 3.1762758 3.0170076 3.3292981 3.0626699 3.7972384 3.3255423 3.1285598 3.2166589 2.5446512 
Rhoesc_Res_009433-T1                                   2.0500387 2.0146565 1.9412271 2.0966609 1.7883960 1.9298383 2.0909481 1.9214987 1.7421567 2.0146509 1.8175651 1.5127149 1.6524528 1.9437304 1.9565175 1.6737858 1.6453094 1.8260612 1.8930204 2.0008243 1.3528716 1.5621451 0.4762610 0.5503895 0.2105132 0.0000000 1.2130039 2.2804092 2.4828402 2.3471027 2.2869515 2.3406781 2.3105306 2.4167960 2.5055502 2.5245438 2.5725766 2.2461843 2.3554479 2.2545138 2.6377433 2.4255649 3.2223724 4.4664513 3.0860542 2.8772527 3.2587346 3.2876243 3.1934547 3.0852143 3.5501372 3.2191308 3.9143229 3.3816771 3.1975537 3.2353332 2.7182378 
Morvir_scaffold153.g8.t1                               2.2372078 2.0574475 1.9598227 2.0848435 2.0198957 1.8341769 2.2824576 2.0277129 1.7916779 1.8389377 1.7533487 1.4642820 1.6041327 1.7759631 1.7969883 1.5639780 1.6764350 1.7455800 1.9415998 1.9383367 1.2930575 1.5150754 1.2847685 1.1054907 1.2940961 1.2130039 0.0000000 2.3651394 2.5629882 2.4946015 2.4733144 2.5036553 2.5412411 2.2892178 2.5261365 2.5872680 2.3824492 1.9823250 2.0353713 2.0921215 2.5179830 2.2825269 3.0273250 4.3800903 3.0678121 2.5847329 3.1273816 2.9626957 2.8899986 2.9327970 2.7785965 2.5817014 3.6923802 2.9625069 2.8249844 2.8396854 2.3738421 
Tadh_TriadT60487                                       2.6182480 2.3165657 2.4579314 2.6607713 2.1458760 2.3886915 2.5265878 2.4824026 2.1885847 2.0726920 2.0646454 1.9334851 1.8983148 2.2774553 2.2523109 2.0883226 2.1213132 2.4408512 2.3826343 2.2030557 2.2997298 2.3647537 2.3650220 1.7806272 2.3973362 2.2804092 2.3651394 0.0000000 0.0050601 0.5233731 0.5003420 0.5741060 0.5571512 2.8784308 2.8230190 3.1026090 2.7552439 2.3508539 2.5781655 2.6713587 3.7684004 3.1360302 3.2423154 5.1622467 3.2193318 3.2674903 3.6409520 3.6965737 3.7428919 3.0846825 2.9319030 2.8969753 5.1575952 3.9557546 3.1344581 3.6537197 2.7624089 
TrH2_TrispH2_011683-RA                                 2.7859879 2.4445011 2.6348019 2.8311982 2.1458760 2.5626992 2.7213927 2.6989763 2.3916256 2.2091857 2.1157195 1.9402543 1.9628813 2.4766858 2.4607394 2.2274442 2.3146438 2.6271034 2.5091488 2.3364486 2.5175351 2.5355287 2.5757557 1.7646110 2.5680744 2.4828402 2.5629882 0.0050601 0.0000000 0.5201118 0.5031889 0.5647635 0.5491175 2.9729290 2.8716166 3.3641478 2.8687483 2.3258734 2.7447160 2.7770956 4.0156243 3.2328479 3.4389235 5.4483670 3.4221222 3.3849146 3.9337478 3.6794332 3.7543362 3.1548211 3.1187630 3.0664584 5.2445141 4.0374537 3.3120563 3.9336311 3.0314221 
HoiH06_mRNA10389                                       2.6538215 2.4176717 2.3968267 2.6960821 2.1372004 2.3779139 2.5462382 2.6781634 2.4746849 2.2412097 2.2018378 1.8427250 1.9857556 2.4704160 2.4340167 2.2691704 2.2723183 2.6060928 2.5004047 2.4622864 2.5854499 2.5526532 2.5024713 1.7357166 2.4768488 2.3471027 2.4946015 0.5233731 0.5201118 0.0000000 0.0736229 0.1883485 0.1929937 2.6908984 2.7989243 2.7527942 3.0313217 2.4832045 2.6957166 2.5963469 3.5052817 3.0314072 3.1228353 4.3095082 3.0840097 3.2089234 3.3407799 3.2275283 3.1143950 3.1694103 3.3328185 3.1963438 4.8962893 3.9294429 3.1796441 3.4124922 3.1449020 
HoiH23_PlH23_004892-RA                                 2.7236833 2.4974918 2.3895646 2.7864462 2.1419351 2.3910023 2.6538484 2.6841672 2.5276918 2.2219872 2.2046361 1.8734586 2.0350167 2.4690230 2.4091996 2.2715792 2.2712476 2.6100957 2.4560475 2.4636678 2.6182241 2.6084022 2.4514312 1.7616695 2.4434145 2.2869515 2.4733144 0.5003420 0.5031889 0.0736229 0.0000000 0.2077986 0.2045744 2.7492409 2.7890291 2.8288929 3.0189569 2.5009898 2.6641463 2.6032388 3.5533610 3.0567425 3.2171137 4.4333780 3.1853774 3.3828142 3.5148130 3.3626837 3.2190659 3.2408614 3.4150669 3.2615706 5.2142862 3.9531611 3.2906259 3.4843858 3.2624045 
Hhon_g03904.t1                                         2.5047289 2.4288454 2.3313254 2.7611497 2.1862373 2.4297443 2.6003235 2.5117028 2.4217081 2.2716211 2.1688026 1.9275625 2.0448164 2.5852281 2.4636595 2.2879642 2.2990348 2.6732993 2.3677764 2.3514724 2.5687135 2.4978225 2.5020827 1.7542543 2.4392567 2.3406781 2.5036553 0.5741060 0.5647635 0.1883485 0.2077986 0.0000000 0.0263929 2.6949928 2.7461631 2.6767034 3.1949717 2.4973117 2.6770119 2.6209872 3.6045733 3.0125672 3.3993156 4.7646133 3.2949597 3.3449668 3.5408365 3.3324003 3.2181859 3.2274428 3.5344733 3.3662943 5.4711018 3.8486232 3.1649097 3.5215760 3.0056403 
HoiH04_mRNA21                                          2.5026095 2.4024395 2.3508367 2.7366727 2.1843218 2.4144261 2.5987630 2.5012115 2.4177805 2.2400148 2.1371150 1.8972078 2.0235732 2.5612142 2.4490779 2.2781762 2.2900212 2.6389197 2.4116930 2.3575959 2.5766182 2.4809690 2.5034234 1.7503659 2.3843860 2.3105306 2.5412411 0.5571512 0.5491175 0.1929937 0.2045744 0.0263929 0.0000000 2.6908042 2.7531127 2.6419333 3.1527414 2.4827565 2.6581629 2.6146119 3.5664202 2.9856302 3.3634238 4.6630352 3.2269914 3.2759623 3.4191084 3.3040704 3.1916130 3.1652292 3.4098001 3.2711618 5.2962497 3.8132321 3.1757778 3.4934150 2.9762830 
Aque_Aqu2.1.31154_001                                  2.9386017 2.9919619 2.4142065 2.7267483 2.2155932 2.6274336 2.4633289 2.6573795 2.4552169 2.4723280 2.2221040 2.2788626 2.3647977 2.5353507 2.5767382 2.4952894 2.6469010 2.5730928 2.7272416 2.5934677 2.6311628 2.6830211 2.6739748 2.0776475 2.5510288 2.4167960 2.2892178 2.8784308 2.9729290 2.6908984 2.7492409 2.6949928 2.6908042 0.0000000 0.7911020 0.9364383 1.7848954 1.2313883 1.4402673 1.9892613 3.0168337 2.6586325 3.6892821 4.9033627 3.7340764 2.9512490 3.6272488 3.6055916 3.4125804 3.3803729 3.9260103 3.8147309 5.1971812 3.7558038 3.3695249 3.7861929 2.7321780 
Xestes_maker-XT_scaffold2163-augustus-gene-0.19-mRNA-1 2.5266419 2.9069251 2.3170635 2.8066209 2.2815742 2.6448657 2.7591322 2.5970639 2.3730662 2.5309488 2.1791932 2.2120173 2.2212527 2.4036446 2.3837875 2.2598238 2.5006604 2.3600959 2.8383235 2.9682728 2.5353112 2.4299696 2.6473966 2.0566071 2.5833148 2.5055502 2.5261365 2.8230190 2.8716166 2.7989243 2.7890291 2.7461631 2.7531127 0.7911020 0.0000000 1.0602791 1.8623627 1.2774163 1.5098713 1.9770593 3.4385588 2.8287958 3.3450635 4.8218150 3.6960018 2.9357956 3.5424519 3.3227298 3.2932669 3.3500886 3.4742297 3.4204239 4.0126434 3.3057328 3.2425740 3.6459830 2.7909609 
Halamb_c47824_g4_i1m.23054                             2.7263924 2.7861884 2.4559337 2.7193598 1.8484901 2.2996796 2.7867914 2.8152320 2.6474584 3.1868371 2.8038207 2.0643283 2.2832678 2.9149984 2.8968064 2.5364659 2.7493371 2.3040793 2.8908841 3.1036912 2.5172417 2.4855798 2.6418048 1.7775498 2.4464186 2.5245438 2.5872680 3.1026090 3.3641478 2.7527942 2.8288929 2.6767034 2.6419333 0.9364383 1.0602791 0.0000000 1.5919864 1.0559493 1.5010055 2.0125188 2.7751948 2.5169974 3.0096418 3.9752844 3.3432803 2.8666808 3.0002543 2.9361019 2.7521320 2.8839917 3.0826287 2.9964889 4.3537119 3.1204893 3.0451849 3.1579894 2.8342830 
Emue_Em0009g1194a.t1                                   2.9219737 2.7244528 2.4040474 3.0827137 2.5784430 2.8019163 2.3565686 2.4711162 2.5467097 2.8281271 2.5644535 2.2453583 2.5488472 2.6615713 2.6903156 2.6263953 2.7035534 2.4120863 2.8707207 2.8528659 2.5185923 2.5196394 2.5840756 2.1979215 2.7106897 2.5725766 2.3824492 2.7552439 2.8687483 3.0313217 3.0189569 3.1949717 3.1527414 1.7848954 1.8623627 1.5919864 0.0000000 0.3308287 1.5910490 2.0948248 2.7189990 2.7972756 3.1067548 3.5801246 3.3053918 3.0017754 3.3926391 2.5794672 2.6041373 2.9397639 3.0653580 2.9849868 4.4190053 3.0193436 3.1364911 2.8816046 3.0552418 
Spolac_c94217_g1_i1_m.9771c94217-g1                    2.3794701 2.7495933 2.1354059 2.6021692 2.4066184 2.4025008 2.0755769 2.2497344 2.2190618 2.0407899 1.7770608 1.8436143 1.9452326 1.9199396 1.9683851 1.8921312 1.7909255 2.1367398 2.4327844 2.3425837 1.9588050 2.0624520 2.1176551 2.1347527 2.2069853 2.2461843 1.9823250 2.3508539 2.3258734 2.4832045 2.5009898 2.4973117 2.4827565 1.2313883 1.2774163 1.0559493 0.3308287 0.0000000 1.2459833 1.6927926 2.7568355 2.2990542 2.9670976 3.9831477 3.0811938 2.7780713 3.1032163 2.8011481 2.8626968 2.8085479 2.8312272 2.8341188 1.8736970 2.8079517 2.6208680 2.4508862 1.9756155 
Tetwil_g5699.t1                                        2.4684277 2.4984451 1.9668662 2.5123619 2.1688126 2.2286627 2.1261578 2.1206018 2.0424018 2.1635630 2.0350413 2.2553384 2.3090165 2.4143977 2.3544871 2.1475068 2.2191035 2.6365597 2.4657210 2.4745290 2.1419688 2.1924086 2.2765692 2.2459078 2.2650569 2.3554479 2.0353713 2.5781655 2.7447160 2.6957166 2.6641463 2.6770119 2.6581629 1.4402673 1.5098713 1.5010055 1.5910490 1.2459833 0.0000000 1.7002063 2.9441038 2.4829370 3.1154321 4.1282000 3.2086084 3.0806532 3.3039890 3.1045855 2.9090015 3.0264741 3.2168146 3.1695810 4.0534269 2.6547155 2.8742753 2.8882041 2.5652107 
Plespi_Pspi_scaffold12054_01                           2.4984086 2.4691675 2.2291628 2.4464743 2.1388996 2.2302297 2.2740387 2.1309109 2.2554040 2.4343863 1.9318780 2.0799662 2.4751800 2.3250253 2.4066543 2.1532744 2.0915702 2.3331994 2.3063641 2.2476764 2.0825980 2.2758378 2.2674260 2.4801637 2.2927795 2.2545138 2.0921215 2.6713587 2.7770956 2.5963469 2.6032388 2.6209872 2.6146119 1.9892613 1.9770593 2.0125188 2.0948248 1.6927926 1.7002063 0.0000000 2.6560530 2.3174691 2.5904526 3.4534321 2.6897676 2.4059604 2.6806955 2.9351006 2.7944193 3.0005977 2.4469813 2.4881349 3.1959694 3.0501440 3.3725735 3.2496332 2.6081868 
Ocar_g1874                                             3.0571780 2.9531158 2.8432757 3.1559689 3.2143752 2.9108858 3.1016520 2.9567958 2.5622501 2.9382057 2.6854415 2.7285308 2.8789267 2.7886310 2.6321644 2.7606803 2.1098801 3.2044754 3.0400926 2.9264315 2.6745986 2.9207512 2.7556707 3.1881581 2.5297986 2.6377433 2.5179830 3.7684004 4.0156243 3.5052817 3.5533610 3.6045733 3.5664202 3.0168337 3.4385588 2.7751948 2.7189990 2.7568355 2.9441038 2.6560530 0.0000000 0.0739572 4.2128267 6.1125537 4.4168322 3.7615585 3.3990347 4.1214392 4.0283377 4.1316791 3.8648485 4.1125804 5.6078347 3.3006767 3.3255698 3.2155919 2.1752035 
Opea_EP00118_Oscarella_pearsei_P015025                 2.5648248 2.8589775 2.4282451 2.4671981 2.3344035 2.5727701 2.4914519 2.3075723 2.1903638 2.3545237 2.4623715 2.1736441 2.3880114 2.4218079 2.3003489 2.3239581 2.2338077 2.7487315 2.6631756 2.4929909 2.3695656 2.4521992 2.4791024 2.6177994 2.3873908 2.4255649 2.2825269 3.1360302 3.2328479 3.0314072 3.0567425 3.0125672 2.9856302 2.6586325 2.8287958 2.5169974 2.7972756 2.2990542 2.4829370 2.3174691 0.0739572 0.0000000 3.5156777 4.6982834 3.7162486 3.2434709 3.2862044 3.4223329 3.3901769 3.5064777 3.6788714 3.4349083 3.9199197 2.9119021 2.9761254 2.9722157 2.0814020 
Mlei_ML1904.g12.i1                                     3.2511487 3.3303686 3.1697586 3.2043562 2.5506826 3.3471361 3.3132599 3.2281092 3.0820486 2.8702222 2.6669073 2.2930792 2.3525231 2.8842779 2.8014627 2.4451341 2.5452905 2.8113497 2.6967497 2.7420356 2.8697335 2.6401679 3.0978088 2.7253461 3.1102894 3.2223724 3.0273250 3.2423154 3.4389235 3.1228353 3.2171137 3.3993156 3.3634238 3.6892821 3.3450635 3.0096418 3.1067548 2.9670976 3.1154321 2.5904526 4.2128267 3.5156777 0.0000000 0.5993830 0.5196131 0.7394689 0.6926552 1.0722348 0.9650295 1.1744149 1.0813457 1.0076892 2.5212718 3.3871170 3.2339062 3.4159715 3.5170026 
Bolinf_Binf_sb1233244                                  4.7280591 4.3817728 4.9944480 4.4100312 3.9600692 4.3153538 4.6144428 4.0950334 4.8859744 3.7536175 4.5113456 6.6397631 5.9806383 4.3526422 4.3524362 3.4697402 3.6008878 3.5244573 3.6338048 3.9415847 4.2513445 4.1048428 4.0754421 5.5096255 4.4345715 4.4664513 4.3800903 5.1622467 5.4483670 4.3095082 4.4333780 4.7646133 4.6630352 4.9033627 4.8218150 3.9752844 3.5801246 3.9831477 4.1282000 3.4534321 6.1125537 4.6982834 0.5993830 0.0000000 0.9112325 1.0273646 0.9115476 1.8000317 1.4259756 2.0514246 1.4050174 1.4570927 2.5531604 4.0311713 4.0372615 3.7864509 4.8118264 
Beraby_Baby_sb335325                                   2.9413125 3.0725118 3.0805583 3.2262087 2.3496169 3.0364809 2.9869448 3.1213062 3.0746276 2.8380570 2.5315981 2.2139295 2.5180422 2.8566026 2.8119333 2.4914810 2.7433488 2.7183621 2.7625770 2.8259121 2.8254687 2.7473127 2.9511652 2.4287176 3.0454476 3.0860542 3.0678121 3.2193318 3.4221222 3.0840097 3.1853774 3.2949597 3.2269914 3.7340764 3.6960018 3.3432803 3.3053918 3.0811938 3.2086084 2.6897676 4.4168322 3.7162486 0.5196131 0.9112325 0.0000000 0.7851180 0.8565526 1.1820416 1.0714161 1.2600762 1.1998101 1.1148226 2.6067326 3.5448081 3.1599424 3.4342124 3.7954288 
Lampan_Lpan_8653_01                                    3.0317858 2.6870249 2.7985379 2.8993524 2.1265798 3.0865750 2.9542323 2.8885901 2.7954485 2.6386058 2.3737631 2.2090339 2.3199845 2.5788772 2.5438974 2.4151261 2.7460168 2.6684568 2.6080926 2.5694031 2.7484515 2.5589204 2.8022461 2.5481559 2.8903903 2.8772527 2.5847329 3.2674903 3.3849146 3.2089234 3.3828142 3.3449668 3.2759623 2.9512490 2.9357956 2.8666808 3.0017754 2.7780713 3.0806532 2.4059604 3.7615585 3.2434709 0.7394689 1.0273646 0.7851180 0.0000000 0.8062164 1.1528491 1.0584684 1.1089038 1.0526734 0.9630759 2.1127014 3.2592388 3.1399009 3.3617526 3.2439890 
Mertsp_Mesp_sb528233                                   3.1877755 3.2515394 3.3080629 3.1214734 2.4961818 3.1682440 3.7940581 3.4765658 3.2434176 2.9581103 2.7659301 2.4554422 2.6955486 3.2265356 3.2888803 2.8357603 2.8787396 2.8639644 2.8304165 2.8055546 3.1934405 2.7872539 3.0601985 2.6768887 3.1808690 3.2587346 3.1273816 3.6409520 3.9337478 3.3407799 3.5148130 3.5408365 3.4191084 3.6272488 3.5424519 3.0002543 3.3926391 3.1032163 3.3039890 2.6806955 3.3990347 3.2862044 0.6926552 0.9115476 0.8565526 0.8062164 0.0000000 1.2789554 1.1226576 1.2459814 1.1532184 1.1512310 2.3389124 3.4635203 3.5666637 3.5499529 3.5220561 
Pbac_sb2656007                                         3.5756755 3.1263674 3.3493136 3.3473737 2.4412291 3.2124823 3.3018198 3.3757313 3.1736344 2.7713429 2.5923633 2.1050241 2.4975944 2.8032532 2.8624364 2.4659072 2.6516769 2.6998430 2.7162829 2.8643372 3.3182224 3.0005516 3.2273231 2.9481869 3.2076955 3.2876243 2.9626957 3.6965737 3.6794332 3.2275283 3.3626837 3.3324003 3.3040704 3.6055916 3.3227298 2.9361019 2.5794672 2.8011481 3.1045855 2.9351006 4.1214392 3.4223329 1.0722348 1.8000317 1.1820416 1.1528491 1.2789554 0.0000000 0.0713957 1.5319914 1.5311796 1.3865353 3.3108494 3.5093552 3.3359421 3.5296917 3.3680456 
Horcal_Hcv1.av93.c8.g151.i1                            3.4212200 3.0223440 3.1718731 3.2172665 2.4490454 3.1305360 3.2117299 3.0745426 2.9453112 2.5626429 2.5833813 2.0977621 2.5009709 2.6886158 2.7435243 2.3799627 2.5204550 2.5316541 2.5366650 2.6851702 3.1644405 2.8648616 3.1137133 2.8986003 3.1762758 3.1934547 2.8899986 3.7428919 3.7543362 3.1143950 3.2190659 3.2181859 3.1916130 3.4125804 3.2932669 2.7521320 2.6041373 2.8626968 2.9090015 2.7944193 4.0283377 3.3901769 0.9650295 1.4259756 1.0714161 1.0584684 1.1226576 0.0713957 0.0000000 1.3903842 1.3979095 1.2756625 2.7436863 3.2981788 3.2216973 3.1861482 3.1405775 
Vmul_Simscaffold14129_01                               3.6879341 3.0462768 3.4374854 3.2714737 2.3570519 3.4485893 3.6477749 2.9871085 3.1041048 3.2705148 2.9672709 2.4861521 2.5902898 3.1860229 3.1380937 2.7661151 3.0234481 2.9433889 2.8572163 2.7368717 3.1528726 2.8432307 3.0675282 2.7433454 3.0170076 3.0852143 2.9327970 3.0846825 3.1548211 3.1694103 3.2408614 3.2274428 3.1652292 3.3803729 3.3500886 2.8839917 2.9397639 2.8085479 3.0264741 3.0005977 4.1316791 3.5064777 1.1744149 2.0514246 1.2600762 1.1089038 1.2459814 1.5319914 1.3903842 0.0000000 0.7793739 0.7322990 2.7146306 3.4540775 3.3598826 3.1987711 3.1638015 
Coeast_Cast_sb804693                                   3.6806692 2.9885969 3.6993842 3.3447573 2.5995747 3.6233433 3.7056349 3.2508820 3.3183137 3.0505451 3.0270833 2.6012529 2.9047406 3.1579922 3.1482773 2.6803208 2.8052374 2.8737250 2.9389737 2.8650654 3.3668562 2.9150157 3.4769651 3.5193592 3.3292981 3.5501372 2.7785965 2.9319030 3.1187630 3.3328185 3.4150669 3.5344733 3.4098001 3.9260103 3.4742297 3.0826287 3.0653580 2.8312272 3.2168146 2.4469813 3.8648485 3.6788714 1.0813457 1.4050174 1.1998101 1.0526734 1.1532184 1.5311796 1.3979095 0.7793739 0.0000000 0.0459881 2.5037667 3.6388225 3.6926936 3.4727003 3.4381440 
Coemet_Cmet_C600377_01                                 3.3849749 2.9705697 3.4322272 3.1565733 2.4077348 3.3843590 3.3855474 3.0540581 3.1952306 2.8556945 2.7571885 2.3474673 2.6055409 2.9191973 2.9024265 2.5196808 2.7850230 2.9310044 2.7736580 2.7461726 3.0193096 2.7555578 3.1618205 2.9330255 3.0626699 3.2191308 2.5817014 2.8969753 3.0664584 3.1963438 3.2615706 3.3662943 3.2711618 3.8147309 3.4204239 2.9964889 2.9849868 2.8341188 3.1695810 2.4881349 4.1125804 3.4349083 1.0076892 1.4570927 1.1148226 0.9630759 1.1512310 1.3865353 1.2756625 0.7322990 0.0459881 0.0000000 2.4074770 3.4134654 3.4266386 3.3147090 3.3388839 
Eupdun_Edun_sb10631737                                 4.1624549 2.9862690 3.5774220 3.6873105 2.0710081 3.5695722 3.9941590 2.8301032 3.2064023 3.3833624 4.0897219 4.3795106 5.3094374 4.0233077 3.9865246 3.2052090 4.3352906 3.0862378 3.4905113 3.8108932 3.8788057 3.4734294 3.6552672 4.5294043 3.7972384 3.9143229 3.6923802 5.1575952 5.2445141 4.8962893 5.2142862 5.4711018 5.2962497 5.1971812 4.0126434 4.3537119 4.4190053 1.8736970 4.0534269 3.1959694 5.6078347 3.9199197 2.5212718 2.5531604 2.6067326 2.1127014 2.3389124 3.3108494 2.7436863 2.7146306 2.5037667 2.4074770 0.0000000 4.2732994 3.8297855 5.0230163 3.7511533 
Lcom_lcpid98886                                        3.4919188 3.4420734 3.0898467 3.3933383 2.9960663 3.2943693 3.1749082 3.0605227 3.0582756 2.8420683 3.0086536 2.9902389 2.9784515 2.9823759 2.9581844 2.9089780 3.2458608 3.1253397 3.3066623 3.3091164 3.2097528 3.4146746 3.4801711 3.8725935 3.3255423 3.3816771 2.9625069 3.9557546 4.0374537 3.9294429 3.9531611 3.8486232 3.8132321 3.7558038 3.3057328 3.1204893 3.0193436 2.8079517 2.6547155 3.0501440 3.3006767 2.9119021 3.3871170 4.0311713 3.5448081 3.2592388 3.4635203 3.5093552 3.2981788 3.4540775 3.6388225 3.4134654 4.2732994 0.0000000 1.1115094 0.9657798 3.3902024 
Gracom_Gcom_C559134_01                                 3.1756836 3.1493454 3.0554235 3.0013631 3.0285813 3.2590632 3.2156489 3.0642907 2.9628355 2.5861471 2.6200582 2.4616213 2.7782810 2.6707069 2.5812121 2.6840060 2.7577064 3.1677756 2.9860847 3.0176067 3.0599819 3.1833487 2.9112035 3.1981944 3.1285598 3.1975537 2.8249844 3.1344581 3.3120563 3.1796441 3.2906259 3.1649097 3.1757778 3.3695249 3.2425740 3.0451849 3.1364911 2.6208680 2.8742753 3.3725735 3.3255698 2.9761254 3.2339062 4.0372615 3.1599424 3.1399009 3.5666637 3.3359421 3.2216973 3.3598826 3.6926936 3.4266386 3.8297855 1.1115094 0.0000000 0.9349609 3.4774012 
Leuniv_Lniv_scaffold20704_01                           3.2938290 3.6724600 3.1294145 3.3105045 2.5705422 3.2526593 3.2021225 3.0210457 3.1496513 2.6355994 2.7069370 2.3205172 2.8391370 2.8377049 2.7382128 2.6767470 2.7178544 2.8017922 3.2534722 2.9865418 3.2507095 3.2413298 2.9625831 3.2404248 3.2166589 3.2353332 2.8396854 3.6537197 3.9336311 3.4124922 3.4843858 3.5215760 3.4934150 3.7861929 3.6459830 3.1579894 2.8816046 2.4508862 2.8882041 3.2496332 3.2155919 2.9722157 3.4159715 3.7864509 3.4342124 3.3617526 3.5499529 3.5296917 3.1861482 3.1987711 3.4727003 3.3147090 5.0230163 0.9657798 0.9349609 0.0000000 2.9183153 
Plajan_Pjan_scaffold23416_01                           2.9358362 2.8462322 3.0430950 2.6173342 1.7628819 2.6491268 2.6835041 2.8490071 2.3445205 2.6270288 2.7326784 1.8136395 2.2345989 2.5960048 2.6894752 2.3907260 2.4911969 2.6160210 2.5739571 2.4636545 2.4296399 2.3486115 2.7929897 2.0643334 2.5446512 2.7182378 2.3738421 2.7624089 3.0314221 3.1449020 3.2624045 3.0056403 2.9762830 2.7321780 2.7909609 2.8342830 3.0552418 1.9756155 2.5652107 2.6081868 2.1752035 2.0814020 3.5170026 4.8118264 3.7954288 3.2439890 3.5220561 3.3680456 3.1405775 3.1638015 3.4381440 3.3388839 3.7511533 3.3902024 3.4774012 2.9183153 0.0000000 
