38
Hsap_ENST00000287706                    0.0000000 1.3583952 1.3350685 1.5537964 1.6124116 1.7004596 1.4367862 1.5225047 1.8974946 1.7673399 1.6323511 1.7404416 1.7799987 1.7733147 1.6116145 1.6969317 1.6420591 1.9534006 2.0775222 2.0448012 2.0402437 2.2077780 2.3935027 2.2176816 2.5170553 2.8615699 2.4570028 2.4767959 2.3776937 2.3888166 3.1209821 3.9303994 3.7984791 3.5153742 3.4021972 3.4805662 3.4980876 3.3602743 
Bralan_BLAG09000246_1                   1.3583952 0.0000000 1.1145140 1.4042550 1.4760618 1.5953148 1.3517084 1.5562247 1.7089876 1.5461945 1.5868079 1.4755032 1.6387842 1.6776250 1.4039333 1.4565731 1.5151593 1.5771499 1.9723551 1.8910702 1.8867444 1.7578137 2.2255666 1.9291992 1.9625964 2.4534844 2.2985287 1.9875416 2.2993784 2.1831346 2.6083370 3.2774643 3.5490770 3.4349154 3.7721030 3.6471340 3.4284327 2.7853540 
Skow_XM_006823662.1                     1.3350685 1.1145140 0.0000000 1.1177053 1.4045637 1.4939997 1.2189906 1.4479811 1.6157447 1.5161017 1.4054354 1.2973627 1.3674871 1.3938185 1.3245207 1.3907019 1.3702672 1.6814852 1.9784573 2.0923598 2.0917490 1.8587448 2.3854689 1.9311245 2.2111437 2.6202652 2.5010822 2.3898918 2.2244349 2.2058368 3.0312511 3.2335212 3.2287070 3.3742731 3.7080173 3.7161206 3.2408732 3.1770405 
Spur_XM_011677176.2                     1.5537964 1.4042550 1.1177053 0.0000000 1.5062278 1.5384529 1.4050026 1.5411208 1.8451638 1.6898750 1.8026223 1.7059851 1.7640277 1.6913223 1.4958412 1.4814359 1.5907379 1.9887366 2.1285638 1.9295098 1.9229546 2.2201368 2.5493231 2.0179521 2.3728592 2.9713342 2.5824377 2.5238496 2.5453034 2.3316432 2.7326928 3.2925704 3.1498127 3.7830100 3.8781138 3.8039666 3.4902037 3.5347254 
Tcas_TC003666_001                       1.6124116 1.4760618 1.4045637 1.5062278 0.0000000 0.6720167 0.6479745 1.6286263 2.0257961 1.8078572 1.9563243 1.8647361 1.9238082 2.0293809 1.6234329 1.4698375 1.7290938 1.7746945 2.3262895 2.3497072 2.3447005 2.3219595 2.7581414 2.2154427 2.3206468 3.0208328 2.9185493 2.8332750 2.6806139 2.5240849 3.3709109 3.9344288 3.6984432 3.9831766 4.0867869 4.0889357 3.5240812 3.5329957 
Dpul_mRNA14446                          1.7004596 1.5953148 1.4939997 1.5384529 0.6720167 0.0000000 0.7493246 1.9773903 2.2269585 1.9952827 2.0705552 1.9075406 1.9364854 2.0596582 1.6374127 1.5715242 1.7711339 2.0836331 2.3175223 2.4088340 2.4038226 2.5931413 2.7314882 2.2345125 2.6830816 3.3311864 2.8283213 2.6579555 2.8317814 2.8881118 3.4622011 3.9274091 3.7196591 4.2582704 3.9676072 3.9804578 3.9816812 3.8466632 
Cscu_XM_023375023.1                     1.4367862 1.3517084 1.2189906 1.4050026 0.6479745 0.7493246 0.0000000 1.6778678 2.0067027 1.7732909 1.8746152 1.8079630 1.7381046 1.8373799 1.4234188 1.5727096 1.6237557 1.7549383 2.1371530 2.1186900 2.1174974 2.2035338 2.6175484 2.1491940 2.4786154 2.8315773 2.6585794 2.6205852 2.6137281 2.5004050 3.1581511 3.6517940 3.4222367 4.0974954 3.8210574 3.7424018 3.2197435 3.5593607 
Exapal_XM_021045810.2                   1.5225047 1.5562247 1.4479811 1.5411208 1.6286263 1.9773903 1.6778678 0.0000000 1.4143299 1.2674432 1.5116393 1.4723097 1.5041682 1.4361877 1.6937883 1.8511506 1.6402175 1.8045276 1.4207597 2.0007222 1.9970628 2.1735951 2.4380496 2.1819899 1.8692891 2.2650291 2.1020422 1.9919003 2.1514602 2.4942642 2.7729700 3.2637188 3.2068111 2.8818822 2.9447235 2.8199679 3.1044898 2.9381942 
Adig_XM_015906909.1                     1.8974946 1.7089876 1.6157447 1.8451638 2.0257961 2.2269585 2.0067027 1.4143299 0.0000000 0.0914758 0.7303968 0.7631634 0.9606738 0.9700945 1.8369604 2.0047013 1.9622375 2.0102956 1.8715815 2.0646326 2.0594073 2.1671411 2.3521774 2.0863251 2.1772605 2.6794986 2.5903071 2.4463630 1.9892510 2.5235323 2.9092054 3.6357012 3.7911301 3.3888934 4.0088265 3.8986208 3.7707496 3.1342677 
Amil_Amillepora14337-RA                 1.7673399 1.5461945 1.5161017 1.6898750 1.8078572 1.9952827 1.7732909 1.2674432 0.0914758 0.0000000 0.6633310 0.6788156 0.8841950 0.8715016 1.6317607 2.0302796 1.8795507 2.0840265 1.8412370 1.7850139 1.7792179 2.0810864 1.8992406 1.8463113 2.1173986 2.4362452 2.3143395 2.2230103 1.6858582 2.2765595 2.8303951 3.6944882 3.9336238 3.2529039 3.7957164 3.7015339 3.5040521 2.8816115 
Gfas_gfas1.m1.16952.m1                  1.6323511 1.5868079 1.4054354 1.8026223 1.9563243 2.0705552 1.8746152 1.5116393 0.7303968 0.6633310 0.0000000 0.6759794 0.8888605 0.8845201 1.8094811 2.0614584 1.8843318 1.9158442 2.0070631 2.1615681 2.1569025 2.2345405 2.5173322 2.1859375 2.1477396 2.3589320 2.5503843 2.5129724 2.0823624 2.3537602 3.0046086 3.5195513 3.6164728 4.1955670 3.7367632 3.7802665 3.6924387 3.4942732 
Fspp_ffun1.m4.27098.m1                  1.7404416 1.4755032 1.2973627 1.7059851 1.8647361 1.9075406 1.8079630 1.4723097 0.7631634 0.6788156 0.6759794 0.0000000 0.5841357 0.5707265 1.6775535 1.8483999 1.9460393 2.1028257 1.9984647 2.0515347 2.0495347 2.1707880 2.5280560 2.2271789 2.1514143 2.5284374 2.5056909 2.4992492 2.1416539 2.6719506 3.0356067 3.6749204 3.7449865 3.9125312 3.8249751 3.8151656 3.5539354 3.1017194 
Spis_XP_022778472_1                     1.7799987 1.6387842 1.3674871 1.7640277 1.9238082 1.9364854 1.7381046 1.5041682 0.9606738 0.8841950 0.8888605 0.5841357 0.0000000 0.2000272 1.6519169 1.9961658 1.7960989 2.0057513 2.1005291 1.9951982 1.9895122 2.1338583 2.4123765 2.1782393 2.0545762 2.2691125 2.6074683 2.3492164 2.1173674 2.3547463 2.8719658 2.9395398 3.1054821 3.6238031 3.4534828 3.4177575 3.6229859 2.7320169 
Pocdam_XM_027193795.1                   1.7733147 1.6776250 1.3938185 1.6913223 2.0293809 2.0596582 1.8373799 1.4361877 0.9700945 0.8715016 0.8845201 0.5707265 0.2000272 0.0000000 1.6330036 1.8690103 1.8104716 2.1271761 2.0627342 2.0092635 2.0036135 2.0716172 2.4030094 2.2488000 2.0174099 2.3423316 2.6399633 2.4538188 2.1539860 2.4244012 2.8621542 2.8310372 2.8888366 3.5620791 3.6975482 3.6524786 3.4867760 2.9503061 
Cgig_XM_011439866.3                     1.6116145 1.4039333 1.3245207 1.4958412 1.6234329 1.6374127 1.4234188 1.6937883 1.8369604 1.6317607 1.8094811 1.6775535 1.6519169 1.6330036 0.0000000 1.0429666 1.5173474 1.9744955 2.3348333 2.3002381 2.2954244 2.4216284 2.7122665 2.4508195 2.5786143 2.9048283 2.5608146 2.4967763 2.6393499 2.6955741 2.7977882 3.4380017 3.2631721 3.2681624 3.5002838 3.4891895 3.4999943 3.4074317 
Acagra_model.g4649.t1                   1.6969317 1.4565731 1.3907019 1.4814359 1.4698375 1.5715242 1.5727096 1.8511506 2.0047013 2.0302796 2.0614584 1.8483999 1.9961658 1.8690103 1.0429666 0.0000000 1.5870360 1.8260887 1.8515920 2.6476957 2.6417846 3.1028717 3.3760629 2.6488190 2.5062290 2.9296660 2.9580380 2.6247858 2.8510483 3.0360076 3.1644279 3.4512987 3.6418515 3.4569869 3.8782875 3.9310595 3.4668083 3.6346492 
Ctel_gnl_WGS_AMQN_CAPTEDRAFT_mRNA142681 1.6420591 1.5151593 1.3702672 1.5907379 1.7290938 1.7711339 1.6237557 1.6402175 1.9622375 1.8795507 1.8843318 1.9460393 1.7960989 1.8104716 1.5173474 1.5870360 0.0000000 2.1234344 1.7596862 2.1977968 2.1924699 2.2675007 2.4194159 2.0994833 2.2804983 2.5611871 2.6791132 2.4758545 2.5109506 2.6768073 2.7431998 3.2194922 3.3003115 3.7450450 3.5774676 3.5075111 3.1680939 3.1873741 
Clacor_Ccor_scaffold3856_01             1.9534006 1.5771499 1.6814852 1.9887366 1.7746945 2.0836331 1.7549383 1.8045276 2.0102956 2.0840265 1.9158442 2.1028257 2.0057513 2.1271761 1.9744955 1.8260887 2.1234344 0.0000000 2.1835467 2.4399779 2.4461811 2.1827541 2.1953658 2.3698142 2.5954968 3.1992726 2.3885503 2.6210507 2.2943775 2.6838049 3.6885805 4.0124688 4.0627705 3.7691550 4.8654000 4.6760197 3.7559461 4.6076337 
Nvec_v1g210181                          2.0775222 1.9723551 1.9784573 2.1285638 2.3262895 2.3175223 2.1371530 1.4207597 1.8715815 1.8412370 2.0070631 1.9984647 2.1005291 2.0627342 2.3348333 1.8515920 1.7596862 2.1835467 0.0000000 2.5555837 2.5403972 3.2282222 3.7161084 2.5990209 2.6008414 3.0801349 3.2110024 3.1374645 2.5559513 3.3025815 3.4072912 4.9902177 5.2252133 4.3083585 4.7836994 4.6741977 3.8511286 3.7061452 
Tadh_TriadT52945                        2.0448012 1.8910702 2.0923598 1.9295098 2.3497072 2.4088340 2.1186900 2.0007222 2.0646326 1.7850139 2.1615681 2.0515347 1.9951982 2.0092635 2.3002381 2.6476957 2.1977968 2.4399779 2.5555837 0.0000000 0.0033541 0.7380724 0.9088641 0.6846072 1.8779131 2.3697633 2.5252943 2.5917302 2.4376660 2.8810374 2.7369448 3.4461169 3.3275036 3.9531052 3.6716585 3.8166026 3.3055088 2.9820882 
TrH2_TrispH2_010457-RA                  2.0402437 1.8867444 2.0917490 1.9229546 2.3447005 2.4038226 2.1174974 1.9970628 2.0594073 1.7792179 2.1569025 2.0495347 1.9895122 2.0036135 2.2954244 2.6417846 2.1924699 2.4461811 2.5403972 0.0033541 0.0000000 0.7411252 0.9116213 0.6863687 1.8810676 2.3681515 2.5263069 2.5927731 2.4353942 2.8752289 2.7381034 3.4525266 3.3336982 3.9689736 3.6682393 3.8130508 3.3154430 2.9747590 
HoiH06_mRNA8551                         2.2077780 1.7578137 1.8587448 2.2201368 2.3219595 2.5931413 2.2035338 2.1735951 2.1671411 2.0810864 2.2345405 2.1707880 2.1338583 2.0716172 2.4216284 3.1028717 2.2675007 2.1827541 3.2282222 0.7380724 0.7411252 0.0000000 0.1560077 0.4637983 2.1241989 2.7522517 2.6795419 2.7361224 2.4187031 3.2798848 2.7111124 3.8292501 3.6710139 4.3075119 4.7366619 4.7604202 3.3693778 4.6932690 
HoiH23_PlH23_009052-RA                  2.3935027 2.2255666 2.3854689 2.5493231 2.7581414 2.7314882 2.6175484 2.4380496 2.3521774 1.8992406 2.5173322 2.5280560 2.4123765 2.4030094 2.7122665 3.3760629 2.4194159 2.1953658 3.7161084 0.9088641 0.9116213 0.1560077 0.0000000 0.4853801 2.1120952 2.9018728 2.7784127 2.8921017 2.8650344 3.3383123 2.9858919 3.9704121 4.0004049 5.0404880 4.3918735 4.2028278 3.9081886 4.4630216 
Hhon_g07774.t1                          2.2176816 1.9291992 1.9311245 2.0179521 2.2154427 2.2345125 2.1491940 2.1819899 2.0863251 1.8463113 2.1859375 2.2271789 2.1782393 2.2488000 2.4508195 2.6488190 2.0994833 2.3698142 2.5990209 0.6846072 0.6863687 0.4637983 0.4853801 0.0000000 2.0018833 2.7007858 2.5279542 2.6379905 2.4853721 2.7781417 2.8105711 3.4192484 3.4021585 4.3052511 3.9302330 3.9629707 3.4483740 3.0472998 
Dgig_XM_028539320.1                     2.5170553 1.9625964 2.2111437 2.3728592 2.3206468 2.6830816 2.4786154 1.8692891 2.1772605 2.1173986 2.1477396 2.1514143 2.0545762 2.0174099 2.5786143 2.5062290 2.2804983 2.5954968 2.6008414 1.8779131 1.8810676 2.1241989 2.1120952 2.0018833 0.0000000 1.1474245 2.6192998 2.3949015 2.1910272 2.6661117 2.7056884 3.6130106 3.5835411 4.2229411 3.7077952 3.6362161 3.7287119 2.7463053 
Xesp_018266-T1                          2.8615699 2.4534844 2.6202652 2.9713342 3.0208328 3.3311864 2.8315773 2.2650291 2.6794986 2.4362452 2.3589320 2.5284374 2.2691125 2.3423316 2.9048283 2.9296660 2.5611871 3.1992726 3.0801349 2.3697633 2.3681515 2.7522517 2.9018728 2.7007858 1.1474245 0.0000000 2.7317596 2.5905526 2.8092291 2.7171720 3.0276659 3.5477032 3.6132308 4.2620095 4.4089526 4.2984821 3.9189009 3.2405633 
Nemnom_g15870.t1                        2.4570028 2.2985287 2.5010822 2.5824377 2.9185493 2.8283213 2.6585794 2.1020422 2.5903071 2.3143395 2.5503843 2.5056909 2.6074683 2.6399633 2.5608146 2.9580380 2.6791132 2.3885503 3.2110024 2.5252943 2.5263069 2.6795419 2.7784127 2.5279542 2.6192998 2.7317596 0.0000000 0.6535202 1.8845434 2.0483891 2.6392062 3.3185426 3.4736812 3.9151574 2.8113149 2.7038400 2.8014230 3.0322970 
Rhoesc_Res_001324-T1                    2.4767959 1.9875416 2.3898918 2.5238496 2.8332750 2.6579555 2.6205852 1.9919003 2.4463630 2.2230103 2.5129724 2.4992492 2.3492164 2.4538188 2.4967763 2.6247858 2.4758545 2.6210507 3.1374645 2.5917302 2.5927731 2.7361224 2.8921017 2.6379905 2.3949015 2.5905526 0.6535202 0.0000000 1.6718312 1.9743411 2.8538867 2.9421519 2.9784759 4.1517404 3.1655060 3.1043364 2.8037084 2.7968100 
Sanmal_Sma_026734-T1                    2.3776937 2.2993784 2.2244349 2.5453034 2.6806139 2.8317814 2.6137281 2.1514602 1.9892510 1.6858582 2.0823624 2.1416539 2.1173674 2.1539860 2.6393499 2.8510483 2.5109506 2.2943775 2.5559513 2.4376660 2.4353942 2.4187031 2.8650344 2.4853721 2.1910272 2.8092291 1.8845434 1.6718312 0.0000000 2.1467497 2.8725334 2.9951043 3.1003839 4.0583308 3.3606649 3.3417886 3.3508445 2.9727828 
Morvir_scaffold66.g2.t1                 2.3888166 2.1831346 2.2058368 2.3316432 2.5240849 2.8881118 2.5004050 2.4942642 2.5235323 2.2765595 2.3537602 2.6719506 2.3547463 2.4244012 2.6955741 3.0360076 2.6768073 2.6838049 3.3025815 2.8810374 2.8752289 3.2798848 3.3383123 2.7781417 2.6661117 2.7171720 2.0483891 1.9743411 2.1467497 0.0000000 2.6881227 3.3785678 3.2390409 4.1359500 3.4692623 3.4972267 4.0986040 2.6577885 
Chem_TCONS_00023076                     3.1209821 2.6083370 3.0312511 2.7326928 3.3709109 3.4622011 3.1581511 2.7729700 2.9092054 2.8303951 3.0046086 3.0356067 2.8719658 2.8621542 2.7977882 3.1644279 2.7431998 3.6885805 3.4072912 2.7369448 2.7381034 2.7111124 2.9858919 2.8105711 2.7056884 3.0276659 2.6392062 2.8538867 2.8725334 2.6881227 0.0000000 3.7699884 3.6187004 3.7850643 3.7568895 3.8848284 3.5730985 2.6909286 
Pbac_sb2655713                          3.9303994 3.2774643 3.2335212 3.2925704 3.9344288 3.9274091 3.6517940 3.2637188 3.6357012 3.6944882 3.5195513 3.6749204 2.9395398 2.8310372 3.4380017 3.4512987 3.2194922 4.0124688 4.9902177 3.4461169 3.4525266 3.8292501 3.9704121 3.4192484 3.6130106 3.5477032 3.3185426 2.9421519 2.9951043 3.3785678 3.7699884 0.0000000 0.1525314 1.8496452 2.4697975 2.4939128 2.0829581 3.7727337 
Horcal_Hcv1.av93.c2.g520.i1             3.7984791 3.5490770 3.2287070 3.1498127 3.6984432 3.7196591 3.4222367 3.2068111 3.7911301 3.9336238 3.6164728 3.7449865 3.1054821 2.8888366 3.2631721 3.6418515 3.3003115 4.0627705 5.2252133 3.3275036 3.3336982 3.6710139 4.0004049 3.4021585 3.5835411 3.6132308 3.4736812 2.9784759 3.1003839 3.2390409 3.6187004 0.1525314 0.0000000 2.0056371 2.4909332 2.4927940 2.0539066 3.7667191 
Eupdun_Edun_sb10602508                  3.5153742 3.4349154 3.3742731 3.7830100 3.9831766 4.2582704 4.0974954 2.8818822 3.3888934 3.2529039 4.1955670 3.9125312 3.6238031 3.5620791 3.2681624 3.4569869 3.7450450 3.7691550 4.3083585 3.9531052 3.9689736 4.3075119 5.0404880 4.3052511 4.2229411 4.2620095 3.9151574 4.1517404 4.0583308 4.1359500 3.7850643 1.8496452 2.0056371 0.0000000 2.2406624 2.0637542 2.0215659 4.4425767 
Coeast_Cast_sb772578                    3.4021972 3.7721030 3.7080173 3.8781138 4.0867869 3.9676072 3.8210574 2.9447235 4.0088265 3.7957164 3.7367632 3.8249751 3.4534828 3.6975482 3.5002838 3.8782875 3.5774676 4.8654000 4.7836994 3.6716585 3.6682393 4.7366619 4.3918735 3.9302330 3.7077952 4.4089526 2.8113149 3.1655060 3.3606649 3.4692623 3.7568895 2.4697975 2.4909332 2.2406624 0.0000000 0.1530736 1.5256648 3.6779263 
Coemet_Cmet_C594379_01                  3.4805662 3.6471340 3.7161206 3.8039666 4.0889357 3.9804578 3.7424018 2.8199679 3.8986208 3.7015339 3.7802665 3.8151656 3.4177575 3.6524786 3.4891895 3.9310595 3.5075111 4.6760197 4.6741977 3.8166026 3.8130508 4.7604202 4.2028278 3.9629707 3.6362161 4.2984821 2.7038400 3.1043364 3.3417886 3.4972267 3.8848284 2.4939128 2.4927940 2.0637542 0.1530736 0.0000000 1.5695580 3.8727395 
Lampan_Lpan_C404467_01                  3.4980876 3.4284327 3.2408732 3.4902037 3.5240812 3.9816812 3.2197435 3.1044898 3.7707496 3.5040521 3.6924387 3.5539354 3.6229859 3.4867760 3.4999943 3.4668083 3.1680939 3.7559461 3.8511286 3.3055088 3.3154430 3.3693778 3.9081886 3.4483740 3.7287119 3.9189009 2.8014230 2.8037084 3.3508445 4.0986040 3.5730985 2.0829581 2.0539066 2.0215659 1.5256648 1.5695580 0.0000000 3.9989533 
Hvul_g27255_1                           3.3602743 2.7853540 3.1770405 3.5347254 3.5329957 3.8466632 3.5593607 2.9381942 3.1342677 2.8816115 3.4942732 3.1017194 2.7320169 2.9503061 3.4074317 3.6346492 3.1873741 4.6076337 3.7061452 2.9820882 2.9747590 4.6932690 4.4630216 3.0472998 2.7463053 3.2405633 3.0322970 2.7968100 2.9727828 2.6577885 2.6909286 3.7727337 3.7667191 4.4425767 3.6779263 3.8727395 3.9989533 0.0000000 
