56
Hsap_ENST00000394859                                   0.0000000 1.0545054 0.9117070 1.0147350 1.0140095 1.0071449 1.1330495 1.0787414 1.2436548 1.2636412 1.4039896 1.5156171 1.8336520 1.5934026 1.6680855 1.5802279 1.5721028 1.5862926 1.2228744 1.8546183 1.8740683 1.7461699 1.6998616 1.6369742 1.7229893 1.6692925 1.7206795 1.8340893 1.7520740 3.7511284 1.9398610 1.9226351 1.6437703 1.5596735 1.5486429 2.0347466 2.2504683 1.9418767 1.9231335 1.9225253 1.9076502 2.0474719 2.9449828 1.9823844 1.9152812 1.9452524 1.9356236 1.9226499 1.9328513 1.9036381 1.9797577 1.8918413 2.1105518 1.6335759 2.0146765 1.8431151 
Bralan_BLAG01001735_1                                  1.0545054 0.0000000 0.8754191 0.9676704 0.8565734 1.0141397 1.0171957 1.0132810 1.1152774 1.1424401 1.2966279 1.4865840 1.6938640 1.3885407 1.5266196 1.4672216 1.4739776 1.4931701 1.0918275 1.5836001 1.5955307 1.7430918 1.5331432 1.4349093 1.4223784 1.4261541 1.6108933 1.7710554 1.7846052 3.5047427 1.7469386 1.7188240 2.0153147 1.8836837 1.7104204 1.9918015 2.3117022 1.8609545 1.9385802 1.9265532 1.8234395 1.9985316 2.7374130 1.7499418 1.6897474 1.7808110 1.7710671 1.7216759 1.7397371 1.7687678 2.0105887 2.1030820 2.0472599 1.6947260 2.1800387 1.8545746 
Skow_XM_006818031.1                                    0.9117070 0.8754191 0.0000000 0.8315423 0.8177068 0.8728918 0.9336070 0.8199584 0.9086604 0.9131764 1.2025831 1.2824788 1.5109113 1.3307832 1.3556941 1.2881322 1.2529429 1.2871864 0.9263571 1.5763914 1.4800029 1.5014602 1.6607014 1.2674000 1.3190722 1.3878439 1.4775194 1.7570604 1.6266123 3.2359440 1.7700035 1.7520609 1.8271527 1.7532261 1.5884469 1.7714187 2.0160158 1.8200889 1.6566153 1.6138571 1.7068877 1.8684232 2.5333971 1.7241238 1.6748122 1.6947976 1.7477476 1.6936197 1.7031924 1.7346230 2.1412486 2.1081142 2.3231802 1.5652386 2.0257180 1.7366751 
Ctel_gnl_WGS_AMQN_CAPTEDRAFT_mRNA220273                1.0147350 0.9676704 0.8315423 0.0000000 0.7039642 0.7801707 0.8858390 0.9858814 0.8443522 0.9777336 1.2082703 1.4166180 1.7033989 1.4636394 1.5196502 1.4710654 1.4310250 1.4386473 1.2146748 1.6189861 1.5929586 1.6576246 1.5647379 1.3885349 1.3846889 1.5769694 1.5219628 1.7425550 1.7086578 3.5509870 1.8044186 1.6917217 1.7468713 1.6731639 1.6363294 1.8518269 2.1213767 1.9691583 2.0283269 1.9272240 1.7792603 2.0037874 2.6989754 1.8484525 1.8027892 1.7796790 1.8049301 1.8241191 1.8382108 1.8384662 1.9262022 2.0513622 2.3059837 1.5817869 1.7237636 1.7630755 
Cgig_XM_034482985.1                                    1.0140095 0.8565734 0.8177068 0.7039642 0.0000000 0.7228726 0.9566627 0.9175233 0.9321715 1.0442415 1.3381832 1.4562675 1.5454540 1.2847428 1.3622166 1.3018941 1.2467275 1.2990840 0.9858534 1.6579435 1.6836253 1.7157027 1.4750753 1.3419936 1.3483103 1.4298530 1.3860303 1.5491102 1.3632945 3.3881152 1.5412709 1.5407286 1.5562726 1.4418047 1.4402172 1.8921816 2.5148031 1.8711504 1.8686764 1.8119179 1.4957261 1.9375342 2.9181409 1.7084657 1.6575292 1.7391832 1.7374435 1.7506258 1.7705711 1.7398069 1.9493675 2.1220420 1.9774364 1.6541642 1.9235438 1.6518452 
Acagra_model.g14627.t1.1.5d3b87c6                      1.0071449 1.0141397 0.8728918 0.7801707 0.7228726 0.0000000 1.0242394 1.1177578 0.8796797 1.1208162 1.4242768 1.7962167 1.8517161 1.5523795 1.6341276 1.6334600 1.5670879 1.5811585 1.5703483 1.8628150 1.8749700 2.1765553 1.7781939 1.6012532 1.6455503 1.6910467 1.8319161 1.8702276 1.6813006 3.4517163 1.7456304 1.7321340 1.9725249 1.8881201 1.7545693 2.0335793 2.8719469 1.9566325 1.9614596 1.9255952 1.7007972 2.0656551 2.1236331 1.9450991 1.9450991 1.8475496 1.8428778 1.8627103 1.8745724 1.9280048 2.1365408 2.3001231 2.0934605 1.7694111 1.9834833 2.8743090 
Tcas_TC006628_001                                      1.1330495 1.0171957 0.9336070 0.8858390 0.9566627 1.0242394 0.0000000 0.6837890 0.7376226 1.1241832 1.2992017 1.4084756 1.5182686 1.3491461 1.4514604 1.3493849 1.3510187 1.3733045 0.9167865 1.6574991 1.5887120 1.7450879 1.6890019 1.4872861 1.4983446 1.5624037 1.6537995 1.6854804 1.5198506 3.1525909 1.7900802 1.7071912 1.8562805 1.7685602 1.5553251 1.7409983 2.1242049 1.8785745 1.8469834 1.8754430 1.8159017 1.9723566 2.7468030 1.8223392 1.7684693 1.7626129 1.7613984 1.7768138 1.7654988 1.8081466 1.9591091 2.0531844 2.0371162 1.7292172 2.2009690 1.4691570 
Dpul_mRNA4735                                          1.0787414 1.0132810 0.8199584 0.9858814 0.9175233 1.1177578 0.6837890 0.0000000 0.7930176 1.0679109 1.2545754 1.4961105 1.4526493 1.2557615 1.3185392 1.2690546 1.2371625 1.2856397 1.0860162 1.5432022 1.5065841 1.6603819 1.6140276 1.2845013 1.3364087 1.3469124 1.3700292 1.8090780 1.4937499 2.7308054 1.7541739 1.6335481 1.6732911 1.5341933 1.5118180 1.7490627 1.8952583 1.7875464 1.8077922 1.8043924 1.5322382 1.9237676 2.8630218 1.8730711 1.8013809 1.8387670 1.8355968 1.8838289 1.8923224 1.8238404 1.8716656 2.1847999 2.0401791 1.6202560 1.8935308 1.7833278 
Cscu_XM_023384676.1                                    1.2436548 1.1152774 0.9086604 0.8443522 0.9321715 0.8796797 0.7376226 0.7930176 0.0000000 1.1863038 1.2718959 1.8257947 1.5614119 1.4388506 1.5202657 1.5214224 1.4225776 1.4435690 1.2857042 1.7622401 1.7284482 2.0683417 1.7015426 1.6352224 1.7525185 1.7305476 1.6305371 1.8995528 1.6778532 2.5964510 1.9329734 1.9358192 1.8920290 1.8868936 1.6768931 2.0360329 2.5767821 1.8516006 1.9690524 1.9172231 1.6635570 2.0104149 2.1183883 1.7257972 1.7257972 1.7588598 1.7754989 1.8039109 1.7930562 1.7441779 2.1789916 2.3826159 2.0364117 1.6083465 1.9207298 3.9733514 
Spur_XM_030991765.1                                    1.2636412 1.1424401 0.9131764 0.9777336 1.0442415 1.1208162 1.1241832 1.0679109 1.1863038 0.0000000 1.3200360 1.4798043 1.6650810 1.4886042 1.5904831 1.5210135 1.5415154 1.5209803 1.0287236 1.7491326 1.7540475 1.7586012 1.6558150 1.5249162 1.5308946 1.5547237 1.7462066 1.8241745 2.1959016 3.6911008 1.8828920 1.7546908 1.8735215 1.7584186 1.7258777 1.8781299 2.0064911 1.9503464 1.7958801 1.8978678 1.6289858 1.9509325 2.8511249 1.8364991 1.7894320 1.7691552 1.7974545 1.7826063 1.7957543 1.8496373 2.0424061 2.2335449 2.3286560 1.8035962 2.3797903 1.6756757 
Exapal_XM_021038119.1                                  1.4039896 1.2966279 1.2025831 1.2082703 1.3381832 1.4242768 1.2992017 1.2545754 1.2718959 1.3200360 0.0000000 0.4895069 0.8420701 0.6935158 0.7536521 0.7356715 0.7097758 0.7067110 0.4948720 1.2608313 1.1772633 1.4168668 1.4033853 1.4168991 1.3652359 1.3307909 1.3922621 1.8519545 1.9741605 3.2586585 1.8754016 1.8351016 1.9169296 1.8564815 1.6810967 2.1821021 2.0550482 2.1616562 1.9505796 1.9030877 2.0432020 2.0949922 2.8896749 1.7139565 1.6704947 1.7778577 1.7223015 1.7193470 1.7139638 1.7242984 2.0430492 2.0878698 2.3892900 1.5912353 2.0981037 1.6269642 
Nvec_v1g11085                                          1.5156171 1.4865840 1.2824788 1.4166180 1.4562675 1.7962167 1.4084756 1.4961105 1.8257947 1.4798043 0.4895069 0.0000000 0.8046846 0.7470832 0.7376927 0.7050253 0.6421381 0.6435083 0.4802988 1.3157519 1.2777074 1.6268986 1.6242206 1.5143364 1.5058467 1.5372325 1.5549902 1.9599471 2.1266925 4.3635889 1.9766053 1.9546924 2.1871809 2.0293446 1.9422533 2.2414191 1.6548598 2.2690840 2.2243617 2.1242797 4.0507254 2.3994938 4.1190821 2.0052873 1.9069499 1.9200855 1.8324999 1.8686065 1.8742382 1.7997809 2.1488083 2.3621264 3.6077173 2.0700978 4.1839472 1.5884692 
Adig_XM_015919098.1                                    1.8336520 1.6938640 1.5109113 1.7033989 1.5454540 1.8517161 1.5182686 1.4526493 1.5614119 1.6650810 0.8420701 0.8046846 0.0000000 0.0715103 0.3898314 0.3702488 0.3997485 0.3948124 0.3539751 1.4494675 1.5155644 1.6974242 1.6334318 1.6255620 1.5623912 1.5919579 1.5208694 2.1523344 1.6955987 3.6440048 2.2606037 2.1233287 2.0932028 1.9552002 1.8717061 2.2892642 2.2662111 2.3867045 2.1784821 2.1923819 2.2184014 2.4438569 3.3857262 1.9624530 1.8912222 1.9300136 1.8925650 1.8857455 1.8741623 1.8941376 2.0729561 2.3752890 2.4143769 2.0879530 2.6622326 1.9429975 
Amil_Amillepora29999-RA                                1.5934026 1.3885407 1.3307832 1.4636394 1.2847428 1.5523795 1.3491461 1.2557615 1.4388506 1.4886042 0.6935158 0.7470832 0.0715103 0.0000000 0.2483053 0.2437433 0.2850529 0.2696677 0.1971209 1.3192007 1.3499954 1.6255978 1.4783930 1.5513142 1.4685610 1.4499787 1.3566831 1.8787162 1.9482240 3.4707519 1.9529625 1.8395037 1.7480905 1.7036942 1.5552142 2.2786117 2.2458961 2.2064736 2.1272740 1.9675915 1.9994247 2.3531522 3.1679859 1.7417956 1.6732714 1.7326079 1.6826217 1.6709725 1.6601096 1.6834732 1.8710233 2.1703799 2.1598722 1.8363797 2.1992098 1.6794120 
Gfas_gfas1.m1.261.m1                                   1.6680855 1.5266196 1.3556941 1.5196502 1.3622166 1.6341276 1.4514604 1.3185392 1.5202657 1.5904831 0.7536521 0.7376927 0.3898314 0.2483053 0.0000000 0.2098511 0.2625140 0.2565643 0.1514834 1.3769486 1.3269801 1.6000020 1.4987443 1.5679236 1.4716750 1.4948990 1.4138698 1.9751166 1.9409512 3.7281108 2.0022127 1.9343609 1.8573965 1.8071410 1.6349577 2.2736009 2.3319032 2.1415323 2.0192069 1.8614317 1.8415543 2.3535483 3.0813661 1.8706430 1.7977492 1.8730938 1.8301975 1.8625479 1.8592817 1.8346052 1.9116067 2.1714784 2.1978843 1.7625283 2.4219019 1.9571189 
Gasp_gasp1.m3.8724.m1                                  1.5802279 1.4672216 1.2881322 1.4710654 1.3018941 1.6334600 1.3493849 1.2690546 1.5214224 1.5210135 0.7356715 0.7050253 0.3702488 0.2437433 0.2098511 0.0000000 0.1907994 0.1751381 0.1157438 1.3274286 1.3138808 1.5847244 1.3978377 1.4935435 1.4106355 1.4493084 1.4537200 1.9355435 1.8907038 3.4743168 1.8788369 1.8519574 1.8015237 1.7142188 1.5188894 2.1754259 2.0867919 2.0442123 1.9955617 1.8738366 1.8629959 2.2639574 3.0869201 1.7648536 1.7030364 1.7950316 1.7643131 1.7661786 1.7578236 1.7466089 1.8549887 2.2325895 2.1684553 1.7449403 2.4339045 1.6289422 
Spis_XP_022798393_1                                    1.5721028 1.4739776 1.2529429 1.4310250 1.2467275 1.5670879 1.3510187 1.2371625 1.4225776 1.5415154 0.7097758 0.6421381 0.3997485 0.2850529 0.2625140 0.1907994 0.0000000 0.0591523 0.1320184 1.3506337 1.3266344 1.5241205 1.4411490 1.4335187 1.4018190 1.4318581 1.4143909 1.9658518 2.1307753 3.7050763 2.0280052 1.9948215 1.9115624 1.7633524 1.5201404 2.1619081 2.0496867 2.0949083 2.0438507 1.9310347 1.8059335 2.2698292 3.1602943 1.7553081 1.6949765 1.8321119 1.7884184 1.7661258 1.7676727 1.7908070 1.9524645 2.1854394 2.2025338 1.7374303 2.6255801 1.6457749 
Pocdam_XM_027203580.1                                  1.5862926 1.4931701 1.2871864 1.4386473 1.2990840 1.5811585 1.3733045 1.2856397 1.4435690 1.5209803 0.7067110 0.6435083 0.3948124 0.2696677 0.2565643 0.1751381 0.0591523 0.0000000 0.1153995 1.3345872 1.3358734 1.5420448 1.4448375 1.4857386 1.4144035 1.4410508 1.3883058 1.9631513 2.0677602 3.7104273 1.9897629 1.9754843 1.8837673 1.7380274 1.5203938 2.1565233 2.0033380 2.1108540 2.0358783 1.8996527 1.7721125 2.2379575 3.1274436 1.7566966 1.6960090 1.8208568 1.7678128 1.7818393 1.7681833 1.7844815 1.9545247 2.1465628 2.2149384 1.7620286 2.4817278 1.6677341 
Fspp_ffun1.m4.11797.m1                                 1.2228744 1.0918275 0.9263571 1.2146748 0.9858534 1.5703483 0.9167865 1.0860162 1.2857042 1.0287236 0.4948720 0.4802988 0.3539751 0.1971209 0.1514834 0.1157438 0.1320184 0.1153995 0.0000000 0.7278674 0.7031377 1.1195636 1.1102632 1.0204501 1.0621821 0.9895651 1.1118129 1.6090151 1.2989997 3.5701446 1.6401325 1.6597777 2.0087021 1.6289095 1.3523383 1.7632247 1.5298311 1.6328986 1.5308406 1.4245729 2.6700875 1.8306214 3.3761365 1.4581414 1.3367078 1.3961002 1.3202939 1.3645294 1.3720597 1.3167037 1.5303248 1.7238314 1.6919070 1.3299135 1.7146807 1.8576498 
Dgig_XM_028544550.1                                    1.8546183 1.5836001 1.5763914 1.6189861 1.6579435 1.8628150 1.6574991 1.5432022 1.7622401 1.7491326 1.2608313 1.3157519 1.4494675 1.3192007 1.3769486 1.3274286 1.3506337 1.3345872 0.7278674 0.0000000 0.3789606 1.5419453 1.5983800 1.6375951 1.5939602 1.6769531 1.7705314 2.1178298 2.2949149 3.6701993 2.0227283 2.0618799 2.1563632 2.0464988 2.0422642 2.2869914 2.2344918 2.2419934 2.1410007 2.1289634 2.2337260 2.2583987 3.1384500 2.0624945 2.0073570 2.1050383 2.0216848 2.1050395 2.0986072 2.0404176 2.1785492 2.2093382 2.4994038 1.7996777 2.4986101 1.7148743 
Xesp_004537-T1                                         1.8740683 1.5955307 1.4800029 1.5929586 1.6836253 1.8749700 1.5887120 1.5065841 1.7284482 1.7540475 1.1772633 1.2777074 1.5155644 1.3499954 1.3269801 1.3138808 1.3266344 1.3358734 0.7031377 0.3789606 0.0000000 1.4704159 1.5343754 1.5970373 1.5436698 1.5299969 1.7018290 2.0081686 2.0689851 3.6108879 1.9764030 1.9402086 2.1850276 2.0654429 1.9607221 2.2139742 2.1891168 2.1465792 1.9987180 2.0351185 2.1425818 2.1308910 2.8154340 2.0136426 1.9600401 2.0244994 1.9335343 1.9833311 1.9715280 1.9364622 2.1742602 2.2241307 2.4867151 1.7243239 2.4605822 1.7821940 
Hvul_g23566_1                                          1.7461699 1.7430918 1.5014602 1.6576246 1.7157027 2.1765553 1.7450879 1.6603819 2.0683417 1.7586012 1.4168668 1.6268986 1.6974242 1.6255978 1.6000020 1.5847244 1.5241205 1.5420448 1.1195636 1.5419453 1.4704159 0.0000000 0.7558050 0.9576745 0.9503962 1.0255802 1.1266289 2.2208086 2.6048226 3.4159063 2.4038290 2.2737715 2.3173353 2.1226767 1.9756851 2.1619297 2.1682905 2.1327167 2.0628900 2.0372388 2.1874595 2.1284639 3.0200737 2.1562110 2.1212091 2.1219130 2.1661608 2.1324349 2.1604527 2.1389999 2.4664963 2.3562824 2.4964960 1.8884095 3.0817219 1.7982883 
Chem_TCONS_00048392                                    1.6998616 1.5331432 1.6607014 1.5647379 1.4750753 1.7781939 1.6890019 1.6140276 1.7015426 1.6558150 1.4033853 1.6242206 1.6334318 1.4783930 1.4987443 1.3978377 1.4411490 1.4448375 1.1102632 1.5983800 1.5343754 0.7558050 0.0000000 0.9951745 1.0245623 0.9771343 1.0177228 1.9996060 2.2763786 3.5791669 2.0905418 2.1176596 2.1285049 2.0377560 1.8802728 2.3461749 2.2335739 2.1804874 2.0679995 2.1714802 2.1212572 2.0961997 3.0452394 2.1527183 2.0676447 2.1360498 2.1341447 2.0639741 2.0656204 2.0454892 2.3242161 2.3388823 2.4360515 1.7367627 2.6017011 1.7651037 
Nemnom_g10740.t1                                       1.6369742 1.4349093 1.2674000 1.3885349 1.3419936 1.6012532 1.4872861 1.2845013 1.6352224 1.5249162 1.4168991 1.5143364 1.6255620 1.5513142 1.5679236 1.4935435 1.4335187 1.4857386 1.0204501 1.6375951 1.5970373 0.9576745 0.9951745 0.0000000 0.1387226 0.3727779 0.7848591 1.9863741 2.1460784 3.5312824 2.1250743 2.0482655 2.2100793 1.9906104 1.8779040 2.1072585 2.0779337 2.1180476 2.1892546 1.9600069 1.8670559 1.9170103 2.7716893 1.9805655 1.9236318 1.9467772 1.9416758 1.9899287 2.0012046 1.9831464 2.2485911 2.2071916 2.4873393 1.8291759 2.7615409 1.9641208 
Rhoesc_Res_006134-T1                                   1.7229893 1.4223784 1.3190722 1.3846889 1.3483103 1.6455503 1.4983446 1.3364087 1.7525185 1.5308946 1.3652359 1.5058467 1.5623912 1.4685610 1.4716750 1.4106355 1.4018190 1.4144035 1.0621821 1.5939602 1.5436698 0.9503962 1.0245623 0.1387226 0.0000000 0.3408401 0.7730041 2.0346719 2.1489954 3.6714767 2.0813539 1.9998531 2.1487891 1.9748483 1.9705466 2.1606500 2.2093736 2.1271031 2.1502477 2.0056470 1.8953352 1.9223142 2.7905858 1.9709859 1.9208616 1.9304324 1.8902745 1.9725471 1.9836803 1.9506373 2.2763657 2.3239689 2.5139149 1.8854074 2.8686507 2.0331884 
Sanmal_Sma_018718-T1                                   1.6692925 1.4261541 1.3878439 1.5769694 1.4298530 1.6910467 1.5624037 1.3469124 1.7305476 1.5547237 1.3307909 1.5372325 1.5919579 1.4499787 1.4948990 1.4493084 1.4318581 1.4410508 0.9895651 1.6769531 1.5299969 1.0255802 0.9771343 0.3727779 0.3408401 0.0000000 0.7438087 1.9489203 2.1506091 3.5983131 2.0317370 1.9677744 2.1291108 1.9458729 1.8764332 2.1342071 2.2602675 2.1366090 2.1515936 1.9370309 1.8975096 2.0071479 2.8870547 1.8621500 1.7974175 1.8805895 1.9153971 1.8879034 1.8942465 1.9563601 2.1593027 2.2473902 2.4157100 1.8774061 2.8526423 1.9366077 
Morvir_scaffold41.g34.t1                               1.7206795 1.6108933 1.4775194 1.5219628 1.3860303 1.8319161 1.6537995 1.3700292 1.6305371 1.7462066 1.3922621 1.5549902 1.5208694 1.3566831 1.4138698 1.4537200 1.4143909 1.3883058 1.1118129 1.7705314 1.7018290 1.1266289 1.0177228 0.7848591 0.7730041 0.7438087 0.0000000 2.0456848 2.1890962 3.4822979 2.0496513 1.9827025 2.1851429 2.0380947 1.6690741 2.2748857 2.4901208 2.2799630 2.1374048 2.2013658 2.0248323 2.0813438 3.1229024 2.0426387 1.9780410 2.0240334 2.0054657 1.9892291 1.9902276 2.0960803 2.2308002 2.3791569 2.6093114 1.8657176 2.4211454 1.9550402 
Aque_Aqu2.1.29858_001                                  1.8340893 1.7710554 1.7570604 1.7425550 1.5491102 1.8702276 1.6854804 1.8090780 1.8995528 1.8241745 1.8519545 1.9599471 2.1523344 1.8787162 1.9751166 1.9355435 1.9658518 1.9631513 1.6090151 2.1178298 2.0081686 2.2208086 1.9996060 1.9863741 2.0346719 1.9489203 2.0456848 0.0000000 1.4193396 2.6678043 1.3428594 1.3033992 2.0341835 1.8715193 1.8053287 2.4669744 3.3103323 2.3884483 2.3761016 2.1976916 2.1389673 2.2684221 3.0493003 2.2094775 2.1156368 2.0304324 2.0646683 2.0648217 2.0337222 2.0592884 2.1447002 2.1255155 2.2712844 1.7755945 1.4710173 0.5356380 
Plespi_Pspi_scaffold13005_01                           1.7520740 1.7846052 1.6266123 1.7086578 1.3632945 1.6813006 1.5198506 1.4937499 1.6778532 2.1959016 1.9741605 2.1266925 1.6955987 1.9482240 1.9409512 1.8907038 2.1307753 2.0677602 1.2989997 2.2949149 2.0689851 2.6048226 2.2763786 2.1460784 2.1489954 2.1506091 2.1890962 1.4193396 0.0000000 1.7533915 1.7049315 1.7219217 1.9916722 1.9035619 2.1615798 2.3720154 3.5665826 2.3146671 1.8748052 2.4319183 2.5988998 2.4580481 2.2969528 1.9138446 1.9138446 2.1049249 2.1496771 2.1934468 2.1754775 2.0729630 2.3146745 2.2732477 2.2454181 2.0109167 1.4646415 1.2130453 
Tetwil_g6873.t2                                        3.7511284 3.5047427 3.2359440 3.5509870 3.3881152 3.4517163 3.1525909 2.7308054 2.5964510 3.6911008 3.2586585 4.3635889 3.6440048 3.4707519 3.7281108 3.4743168 3.7050763 3.7104273 3.5701446 3.6701993 3.6108879 3.4159063 3.5791669 3.5312824 3.6714767 3.5983131 3.4822979 2.6678043 1.7533915 0.0000000 2.8796918 2.8985684 3.8799326 3.8482406 3.0822937 4.4368941 5.6388448 4.4767669 4.1418584 3.8592623 2.9225813 4.1346139 5.0611770 3.5815331 3.5713880 3.4497187 3.4860364 3.5017274 3.4397405 3.5860486 4.1072685 3.8572274 2.7846091 2.9617280 1.4802289 6.6271842 
Emue_Em0015g1246a.t1                                   1.9398610 1.7469386 1.7700035 1.8044186 1.5412709 1.7456304 1.7900802 1.7541739 1.9329734 1.8828920 1.8754016 1.9766053 2.2606037 1.9529625 2.0022127 1.8788369 2.0280052 1.9897629 1.6401325 2.0227283 1.9764030 2.4038290 2.0905418 2.1250743 2.0813539 2.0317370 2.0496513 1.3428594 1.7049315 2.8796918 0.0000000 0.2980432 2.1839856 2.0521655 2.0486150 2.2895985 2.6133560 2.2173452 2.2461054 2.2370309 2.1042144 2.2662923 3.2875834 2.5204983 2.4528974 2.2550009 2.2757399 2.2774309 2.2602390 2.2220877 2.2382956 2.1892289 2.2566796 2.0708777 1.2827391 0.9720222 
Spolac_c103447_g3_i1_m.34291c103447-g3                 1.9226351 1.7188240 1.7520609 1.6917217 1.5407286 1.7321340 1.7071912 1.6335481 1.9358192 1.7546908 1.8351016 1.9546924 2.1233287 1.8395037 1.9343609 1.8519574 1.9948215 1.9754843 1.6597777 2.0618799 1.9402086 2.2737715 2.1176596 2.0482655 1.9998531 1.9677744 1.9827025 1.3033992 1.7219217 2.8985684 0.2980432 0.0000000 2.1916987 2.0673239 2.1137584 2.3414548 2.8128799 2.3873335 2.3789776 2.2915593 2.3593243 2.3225164 3.4147870 2.3839987 2.3381887 2.1454329 2.1293356 2.1863257 2.1590105 2.2009529 2.0899459 2.2267448 2.1065416 2.0840596 1.3855503 0.9627308 
Ocar_g1677                                             1.6437703 2.0153147 1.8271527 1.7468713 1.5562726 1.9725249 1.8562805 1.6732911 1.8920290 1.8735215 1.9169296 2.1871809 2.0932028 1.7480905 1.8573965 1.8015237 1.9115624 1.8837673 2.0087021 2.1563632 2.1850276 2.3173353 2.1285049 2.2100793 2.1487891 2.1291108 2.1851429 2.0341835 1.9916722 3.8799326 2.1839856 2.1916987 0.0000000 0.0189639 1.1817465 2.7957670 3.7817814 2.8198177 2.5860636 2.7391102 2.4353047 2.8177457 3.6793473 2.3774601 2.2942876 2.3501445 2.2980138 2.4168807 2.4186480 2.3774273 2.3772886 2.3235860 2.5355945 2.1613079 2.4952903 2.0633750 
Opea_EP00118_Oscarella_pearsei_P018118                 1.5596735 1.8836837 1.7532261 1.6731639 1.4418047 1.8881201 1.7685602 1.5341933 1.8868936 1.7584186 1.8564815 2.0293446 1.9552002 1.7036942 1.8071410 1.7142188 1.7633524 1.7380274 1.6289095 2.0464988 2.0654429 2.1226767 2.0377560 1.9906104 1.9748483 1.9458729 2.0380947 1.8715193 1.9035619 3.8482406 2.0521655 2.0673239 0.0189639 0.0000000 1.0854972 2.6554164 3.0725214 2.6792269 2.4332128 2.5452844 2.4174531 2.6914152 3.5722702 2.2820497 2.2131595 2.2633802 2.2275343 2.3356293 2.3372232 2.2841582 2.2458832 2.1981916 2.5247240 1.9402298 2.4952903 1.7556126 
Plajan_Pjan_scaffold18581_01                           1.5486429 1.7104204 1.5884469 1.6363294 1.4402172 1.7545693 1.5553251 1.5118180 1.6768931 1.7258777 1.6810967 1.9422533 1.8717061 1.5552142 1.6349577 1.5188894 1.5201404 1.5203938 1.3523383 2.0422642 1.9607221 1.9756851 1.8802728 1.8779040 1.9705466 1.8764332 1.6690741 1.8053287 2.1615798 3.0822937 2.0486150 2.1137584 1.1817465 1.0854972 0.0000000 2.3496568 2.7561542 2.1608529 2.1293903 2.2025447 2.0065225 2.4411524 3.0385042 2.3259698 2.2330674 2.2876731 2.2507084 2.3184470 2.3075313 2.2546796 2.2417631 2.3525029 2.4090119 1.9458901 2.4258833 1.4535094 
Mlei_ML0615.g19.i1                                     2.0347466 1.9918015 1.7714187 1.8518269 1.8921816 2.0335793 1.7409983 1.7490627 2.0360329 1.8781299 2.1821021 2.2414191 2.2892642 2.2786117 2.2736009 2.1754259 2.1619081 2.1565233 1.7632247 2.2869914 2.2139742 2.1619297 2.3461749 2.1072585 2.1606500 2.1342071 2.2748857 2.4669744 2.3720154 4.4368941 2.2895985 2.3414548 2.7957670 2.6554164 2.3496568 0.0000000 0.3433107 0.6601151 0.5326186 0.6290047 0.6573639 0.6749419 1.0892615 2.4968959 2.4276894 2.5147024 2.4554466 2.5501076 2.5368227 2.4434818 2.6035445 2.5217880 2.3381792 2.2314289 2.5860799 2.7782837 
Drygla_Dgla_sb315393                                   2.2504683 2.3117022 2.0160158 2.1213767 2.5148031 2.8719469 2.1242049 1.8952583 2.5767821 2.0064911 2.0550482 1.6548598 2.2662111 2.2458961 2.3319032 2.0867919 2.0496867 2.0033380 1.5298311 2.2344918 2.1891168 2.1682905 2.2335739 2.0779337 2.2093736 2.2602675 2.4901208 3.3103323 3.5665826 5.6388448 2.6133560 2.8128799 3.7817814 3.0725214 2.7561542 0.3433107 0.0000000 0.6735770 0.5937773 0.6121869 0.9369152 0.7569456 1.1098703 2.5518310 2.5518310 2.7074869 2.5000218 2.6373394 2.6027928 2.7049278 3.1719452 3.3724771 3.2342243 2.5061157 3.8327977 2.5996485 
Vmul_SimC404076                                        1.9418767 1.8609545 1.8200889 1.9691583 1.8711504 1.9566325 1.8785745 1.7875464 1.8516006 1.9503464 2.1616562 2.2690840 2.3867045 2.2064736 2.1415323 2.0442123 2.0949083 2.1108540 1.6328986 2.2419934 2.1465792 2.1327167 2.1804874 2.1180476 2.1271031 2.1366090 2.2799630 2.3884483 2.3146671 4.4767669 2.2173452 2.3873335 2.8198177 2.6792269 2.1608529 0.6601151 0.6735770 0.0000000 0.3218906 0.3247940 0.7555235 0.9286531 1.4393070 2.5865063 2.5282004 2.4586695 2.4524699 2.5242833 2.5054966 2.4958540 2.6128740 2.5503905 2.5675223 2.2814304 2.6328531 2.2922577 
Coemet_Cmet_C597207_01                                 1.9231335 1.9385802 1.6566153 2.0283269 1.8686764 1.9614596 1.8469834 1.8077922 1.9690524 1.7958801 1.9505796 2.2243617 2.1784821 2.1272740 2.0192069 1.9955617 2.0438507 2.0358783 1.5308406 2.1410007 1.9987180 2.0628900 2.0679995 2.1892546 2.1502477 2.1515936 2.1374048 2.3761016 1.8748052 4.1418584 2.2461054 2.3789776 2.5860636 2.4332128 2.1293903 0.5326186 0.5937773 0.3218906 0.0000000 0.0419032 0.5089591 0.8082964 1.3913771 2.3046717 2.2472262 2.2697367 2.2303493 2.2888898 2.2718000 2.3402737 2.7272136 2.8265127 2.9353212 2.3055756 2.4887701 2.3670486 
Coeast_Cast_sb786837                                   1.9225253 1.9265532 1.6138571 1.9272240 1.8119179 1.9255952 1.8754430 1.8043924 1.9172231 1.8978678 1.9030877 2.1242797 2.1923819 1.9675915 1.8614317 1.8738366 1.9310347 1.8996527 1.4245729 2.1289634 2.0351185 2.0372388 2.1714802 1.9600069 2.0056470 1.9370309 2.2013658 2.1976916 2.4319183 3.8592623 2.2370309 2.2915593 2.7391102 2.5452844 2.2025447 0.6290047 0.6121869 0.3247940 0.0419032 0.0000000 0.7607620 0.8483193 1.1133280 2.2310418 2.1759037 2.2431867 2.1972912 2.2325809 2.2095491 2.2792860 2.6460828 2.7177626 2.7913063 2.4138098 2.6602074 2.0123124 
Lampan_Lpan_10680_01                                   1.9076502 1.8234395 1.7068877 1.7792603 1.4957261 1.7007972 1.8159017 1.5322382 1.6635570 1.6289858 2.0432020 4.0507254 2.2184014 1.9994247 1.8415543 1.8629959 1.8059335 1.7721125 2.6700875 2.2337260 2.1425818 2.1874595 2.1212572 1.8670559 1.8953352 1.8975096 2.0248323 2.1389673 2.5988998 2.9225813 2.1042144 2.3593243 2.4353047 2.4174531 2.0065225 0.6573639 0.9369152 0.7555235 0.5089591 0.7607620 0.0000000 0.8277931 0.8174417 2.1664079 2.1664079 2.1634041 2.1054406 2.1595755 2.1073250 2.1090162 2.4551980 2.5349391 2.5604392 2.0959325 2.1699482 2.6612927 
Horcal_Hcv1.av93.c9.g781.i1                            2.0474719 1.9985316 1.8684232 2.0037874 1.9375342 2.0656551 1.9723566 1.9237676 2.0104149 1.9509325 2.0949922 2.3994938 2.4438569 2.3531522 2.3535483 2.2639574 2.2698292 2.2379575 1.8306214 2.2583987 2.1308910 2.1284639 2.0961997 1.9170103 1.9223142 2.0071479 2.0813438 2.2684221 2.4580481 4.1346139 2.2662923 2.3225164 2.8177457 2.6914152 2.4411524 0.6749419 0.7569456 0.9286531 0.8082964 0.8483193 0.8277931 0.0000000 0.4451575 2.6950678 2.6508898 2.6313069 2.5714947 2.5998869 2.5762486 2.6867189 2.2948892 2.6013904 2.1989983 2.2371240 2.3125687 2.5110851 
Pbac_sb2664623                                         2.9449828 2.7374130 2.5333971 2.6989754 2.9181409 2.1236331 2.7468030 2.8630218 2.1183883 2.8511249 2.8896749 4.1190821 3.3857262 3.1679859 3.0813661 3.0869201 3.1602943 3.1274436 3.3761365 3.1384500 2.8154340 3.0200737 3.0452394 2.7716893 2.7905858 2.8870547 3.1229024 3.0493003 2.2969528 5.0611770 3.2875834 3.4147870 3.6793473 3.5722702 3.0385042 1.0892615 1.1098703 1.4393070 1.3913771 1.1133280 0.8174417 0.4451575 0.0000000 3.0230725 3.0006025 3.1199413 3.0998148 3.0657214 3.0515425 3.1761652 3.1359377 3.5645546 2.4376086 2.6043351 2.4320792 4.5387245 
Tadh_TriadT59062                                       1.9823844 1.7499418 1.7241238 1.8484525 1.7084657 1.9450991 1.8223392 1.8730711 1.7257972 1.8364991 1.7139565 2.0052873 1.9624530 1.7417956 1.8706430 1.7648536 1.7553081 1.7566966 1.4581414 2.0624945 2.0136426 2.1562110 2.1527183 1.9805655 1.9709859 1.8621500 2.0426387 2.2094775 1.9138446 3.5815331 2.5204983 2.3839987 2.3774601 2.2820497 2.3259698 2.4968959 2.5518310 2.5865063 2.3046717 2.2310418 2.1664079 2.6950678 3.0230725 0.0000000 0.0088030 0.3461986 0.3646824 0.3573391 0.3556299 0.3299027 2.6244816 2.6014957 2.7533708 2.0992488 2.7060221 2.4154686 
TrH2_TrispH2_005948-RA                                 1.9152812 1.6897474 1.6748122 1.8027892 1.6575292 1.9450991 1.7684693 1.8013809 1.7257972 1.7894320 1.6704947 1.9069499 1.8912222 1.6732714 1.7977492 1.7030364 1.6949765 1.6960090 1.3367078 2.0073570 1.9600401 2.1212091 2.0676447 1.9236318 1.9208616 1.7974175 1.9780410 2.1156368 1.9138446 3.5713880 2.4528974 2.3381887 2.2942876 2.2131595 2.2330674 2.4276894 2.5518310 2.5282004 2.2472262 2.1759037 2.1664079 2.6508898 3.0006025 0.0088030 0.0000000 0.3271095 0.3448163 0.3378771 0.3362694 0.3132492 2.5499662 2.5282906 2.7533708 2.0992488 2.7060221 2.2125531 
HoiH06_mRNA4484                                        1.9452524 1.7808110 1.6947976 1.7796790 1.7391832 1.8475496 1.7626129 1.8387670 1.7588598 1.7691552 1.7778577 1.9200855 1.9300136 1.7326079 1.8730938 1.7950316 1.8321119 1.8208568 1.3961002 2.1050383 2.0244994 2.1219130 2.1360498 1.9467772 1.9304324 1.8805895 2.0240334 2.0304324 2.1049249 3.4497187 2.2550009 2.1454329 2.3501445 2.2633802 2.2876731 2.5147024 2.7074869 2.4586695 2.2697367 2.2431867 2.1634041 2.6313069 3.1199413 0.3461986 0.3271095 0.0000000 0.0710654 0.1242164 0.1285974 0.1899091 2.5493715 2.5066124 2.7959340 2.1775010 2.8386593 2.2506627 
HoiH23_PlH23_000678-RA                                 1.9356236 1.7710671 1.7477476 1.8049301 1.7374435 1.8428778 1.7613984 1.8355968 1.7754989 1.7974545 1.7223015 1.8324999 1.8925650 1.6826217 1.8301975 1.7643131 1.7884184 1.7678128 1.3202939 2.0216848 1.9335343 2.1661608 2.1341447 1.9416758 1.8902745 1.9153971 2.0054657 2.0646683 2.1496771 3.4860364 2.2757399 2.1293356 2.2980138 2.2275343 2.2507084 2.4554466 2.5000218 2.4524699 2.2303493 2.1972912 2.1054406 2.5714947 3.0998148 0.3646824 0.3448163 0.0710654 0.0000000 0.1243857 0.1246130 0.1936088 2.5374810 2.4791144 2.6769949 2.1741204 2.8448653 2.2437626 
Hhon_g02660.t1                                         1.9226499 1.7216759 1.6936197 1.8241191 1.7506258 1.8627103 1.7768138 1.8838289 1.8039109 1.7826063 1.7193470 1.8686065 1.8857455 1.6709725 1.8625479 1.7661786 1.7661258 1.7818393 1.3645294 2.1050395 1.9833311 2.1324349 2.0639741 1.9899287 1.9725471 1.8879034 1.9892291 2.0648217 2.1934468 3.5017274 2.2774309 2.1863257 2.4168807 2.3356293 2.3184470 2.5501076 2.6373394 2.5242833 2.2888898 2.2325809 2.1595755 2.5998869 3.0657214 0.3573391 0.3378771 0.1242164 0.1243857 0.0000000 0.0137752 0.2045748 2.6109649 2.6305314 2.6690619 2.1779492 2.9267200 2.2780395 
HoiH04_mRNA13252                                       1.9328513 1.7397371 1.7031924 1.8382108 1.7705711 1.8745724 1.7654988 1.8923224 1.7930562 1.7957543 1.7139638 1.8742382 1.8741623 1.6601096 1.8592817 1.7578236 1.7676727 1.7681833 1.3720597 2.0986072 1.9715280 2.1604527 2.0656204 2.0012046 1.9836803 1.8942465 1.9902276 2.0337222 2.1754775 3.4397405 2.2602390 2.1590105 2.4186480 2.3372232 2.3075313 2.5368227 2.6027928 2.5054966 2.2718000 2.2095491 2.1073250 2.5762486 3.0515425 0.3556299 0.3362694 0.1285974 0.1246130 0.0137752 0.0000000 0.2091007 2.5994183 2.6370928 2.6510095 2.1732080 2.8700229 2.2727971 
HoiH11_mRNA5844                                        1.9036381 1.7687678 1.7346230 1.8384662 1.7398069 1.9280048 1.8081466 1.8238404 1.7441779 1.8496373 1.7242984 1.7997809 1.8941376 1.6834732 1.8346052 1.7466089 1.7908070 1.7844815 1.3167037 2.0404176 1.9364622 2.1389999 2.0454892 1.9831464 1.9506373 1.9563601 2.0960803 2.0592884 2.0729630 3.5860486 2.2220877 2.2009529 2.3774273 2.2841582 2.2546796 2.4434818 2.7049278 2.4958540 2.3402737 2.2792860 2.1090162 2.6867189 3.1761652 0.3299027 0.3132492 0.1899091 0.1936088 0.2045748 0.2091007 0.0000000 2.6385937 2.5002228 2.7350986 2.1264378 2.8857338 2.0329716 
Lcom_lcpid45591                                        1.9797577 2.0105887 2.1412486 1.9262022 1.9493675 2.1365408 1.9591091 1.8716656 2.1789916 2.0424061 2.0430492 2.1488083 2.0729561 1.8710233 1.9116067 1.8549887 1.9524645 1.9545247 1.5303248 2.1785492 2.1742602 2.4664963 2.3242161 2.2485911 2.2763657 2.1593027 2.2308002 2.1447002 2.3146745 4.1072685 2.2382956 2.0899459 2.3772886 2.2458832 2.2417631 2.6035445 3.1719452 2.6128740 2.7272136 2.6460828 2.4551980 2.2948892 3.1359377 2.6244816 2.5499662 2.5493715 2.5374810 2.6109649 2.5994183 2.6385937 0.0000000 0.8030923 0.7497599 1.4467387 2.7829474 1.9892468 
Gracom_Gcom_scaffold14770_01                           1.8918413 2.1030820 2.1081142 2.0513622 2.1220420 2.3001231 2.0531844 2.1847999 2.3826159 2.2335449 2.0878698 2.3621264 2.3752890 2.1703799 2.1714784 2.2325895 2.1854394 2.1465628 1.7238314 2.2093382 2.2241307 2.3562824 2.3388823 2.2071916 2.3239689 2.2473902 2.3791569 2.1255155 2.2732477 3.8572274 2.1892289 2.2267448 2.3235860 2.1981916 2.3525029 2.5217880 3.3724771 2.5503905 2.8265127 2.7177626 2.5349391 2.6013904 3.5645546 2.6014957 2.5282906 2.5066124 2.4791144 2.6305314 2.6370928 2.5002228 0.8030923 0.0000000 0.8446572 1.3588948 2.6167148 1.9728469 
Leuniv_Lniv_scaffold13730_01                           2.1105518 2.0472599 2.3231802 2.3059837 1.9774364 2.0934605 2.0371162 2.0401791 2.0364117 2.3286560 2.3892900 3.6077173 2.4143769 2.1598722 2.1978843 2.1684553 2.2025338 2.2149384 1.6919070 2.4994038 2.4867151 2.4964960 2.4360515 2.4873393 2.5139149 2.4157100 2.6093114 2.2712844 2.2454181 2.7846091 2.2566796 2.1065416 2.5355945 2.5247240 2.4090119 2.3381792 3.2342243 2.5675223 2.9353212 2.7913063 2.5604392 2.1989983 2.4376086 2.7533708 2.7533708 2.7959340 2.6769949 2.6690619 2.6510095 2.7350986 0.7497599 0.8446572 0.0000000 1.5995322 2.5975777 0.0000010 
Clacor_Ccor_scaffold13423_01                           1.6335759 1.6947260 1.5652386 1.5817869 1.6541642 1.7694111 1.7292172 1.6202560 1.6083465 1.8035962 1.5912353 2.0700978 2.0879530 1.8363797 1.7625283 1.7449403 1.7374303 1.7620286 1.3299135 1.7996777 1.7243239 1.8884095 1.7367627 1.8291759 1.8854074 1.8774061 1.8657176 1.7755945 2.0109167 2.9617280 2.0708777 2.0840596 2.1613079 1.9402298 1.9458901 2.2314289 2.5061157 2.2814304 2.3055756 2.4138098 2.0959325 2.2371240 2.6043351 2.0992488 2.0992488 2.1775010 2.1741204 2.1779492 2.1732080 2.1264378 1.4467387 1.3588948 1.5995322 0.0000000 2.1922362 1.8652375 
Stycar_maker-SC_scaffold6519-augustus-gene-0.70-mRNA-1 2.0146765 2.1800387 2.0257180 1.7237636 1.9235438 1.9834833 2.2009690 1.8935308 1.9207298 2.3797903 2.0981037 4.1839472 2.6622326 2.1992098 2.4219019 2.4339045 2.6255801 2.4817278 1.7146807 2.4986101 2.4605822 3.0817219 2.6017011 2.7615409 2.8686507 2.8526423 2.4211454 1.4710173 1.4646415 1.4802289 1.2827391 1.3855503 2.4952903 2.4952903 2.4258833 2.5860799 3.8327977 2.6328531 2.4887701 2.6602074 2.1699482 2.3125687 2.4320792 2.7060221 2.7060221 2.8386593 2.8448653 2.9267200 2.8700229 2.8857338 2.7829474 2.6167148 2.5975777 2.1922362 0.0000000 0.0000010 
Xestes_maker-XT_scaffold2270-augustus-gene-0.7-mRNA-1  1.8431151 1.8545746 1.7366751 1.7630755 1.6518452 2.8743090 1.4691570 1.7833278 3.9733514 1.6756757 1.6269642 1.5884692 1.9429975 1.6794120 1.9571189 1.6289422 1.6457749 1.6677341 1.8576498 1.7148743 1.7821940 1.7982883 1.7651037 1.9641208 2.0331884 1.9366077 1.9550402 0.5356380 1.2130453 6.6271842 0.9720222 0.9627308 2.0633750 1.7556126 1.4535094 2.7782837 2.5996485 2.2922577 2.3670486 2.0123124 2.6612927 2.5110851 4.5387245 2.4154686 2.2125531 2.2506627 2.2437626 2.2780395 2.2727971 2.0329716 1.9892468 1.9728469 0.0000010 1.8652375 0.0000010 0.0000000 
