54
Bralan_BLAG06000823_1                                 0.0000000 1.1376427 1.1690403 1.1967410 1.5261229 1.2807080 1.2619602 1.0138295 0.9673806 1.1613199 1.0999089 1.1965741 1.4500041 1.4914979 2.3444286 1.3818011 1.2373840 0.9432971 2.3713761 1.1088502 2.4528173 1.5514391 1.0449301 1.5058525 1.2529144 1.1779669 1.4088372 1.6166202 1.3538452 1.2887349 1.4831067 1.4618589 1.6450313 1.5363426 1.5411949 1.3764456 1.3808130 1.8859430 1.9793754 1.4104098 1.5218350 1.5034592 1.4994562 1.6260702 1.5894971 1.5696943 1.2985318 0.9941321 1.4758198 2.6180456 2.2363463 2.3083461 2.4688854 6.3040683 
Exapal_XM_021058372.2                                 1.1376427 0.0000000 0.8116659 0.7667279 0.8988467 0.8321638 0.8613296 1.0252627 0.9779034 1.0594986 1.0621383 1.2358698 1.2759034 1.2550871 2.2135799 1.3550016 1.1193145 0.9059653 2.0977166 1.2331479 2.3185217 1.3116180 0.8556358 1.3452289 1.1321127 1.1423554 1.4808354 1.4526346 1.3271074 1.2529034 1.5049134 1.4199506 1.5360689 1.7221517 1.4198443 1.4411991 1.4206315 1.5955132 1.6379778 1.3372577 1.3680664 1.4912330 1.3700460 1.4509410 1.1104587 1.0596113 0.8248698 1.0477893 1.5181632 2.4603499 2.0870457 2.3222892 2.3623275 5.7542072 
Gfas_gfas1.m1.13253.m1                                1.1690403 0.8116659 0.0000000 0.4576121 0.5710984 0.5155465 0.5173755 0.9539015 0.8954173 1.1336547 1.0067973 1.1767999 1.3083949 1.3150156 2.2816216 1.5180688 1.3766216 0.9495792 2.3011049 1.3249737 2.3814722 1.3125282 1.0376041 1.3718636 1.3229896 1.1173121 1.4416864 1.2890474 1.1977543 1.1879474 1.4199723 1.3774378 1.6691258 1.4730286 1.4398929 1.2811200 1.2764694 1.6080330 1.5973923 1.3146907 1.3159681 1.4613839 1.3776486 1.3778539 0.7842146 0.6901653 0.9502896 0.9384521 1.4971774 2.5292231 2.3471552 2.4481021 2.3451650 5.5473504 
Fspp_ffun1.m4.7069.m1                                 1.1967410 0.7667279 0.4576121 0.0000000 0.3219413 0.4075795 0.4219138 0.9794537 0.9137328 1.1151621 1.0359405 1.1870319 1.3030055 1.3542733 2.2604346 1.6308511 1.1793467 0.8767595 2.3071275 1.2903963 2.4935042 1.3939977 0.9340878 1.3461236 1.1953945 1.1099955 1.4405290 1.3835374 1.2041988 1.2142833 1.3762026 1.4095539 1.6454901 1.4401955 1.4370614 1.3191601 1.3225015 1.6293298 1.7691686 1.3513356 1.3872637 1.4874332 1.3432352 1.4119502 0.8464956 0.7815679 0.9332233 0.9640731 1.5423880 2.5604912 2.2592269 2.2358678 2.3963994 5.5068666 
Gasp_gasp1.m3.451.m1                                  1.5261229 0.8988467 0.5710984 0.3219413 0.0000000 0.5648661 0.5244961 1.0404354 0.9685993 1.2161473 1.2637450 1.1953291 1.4652000 1.4376383 2.0654269 1.4352428 1.1129431 0.9220062 2.3050078 1.3367455 2.4205116 1.4180570 0.9400667 1.6075491 1.4665428 1.1587021 1.7261974 1.4147243 1.3548931 1.2563910 1.2766265 1.5031103 1.7809789 1.5198728 1.6694357 1.5034124 1.4647239 1.5557102 1.6481567 1.4095090 1.4773273 1.7355990 1.4795628 1.7820381 1.0538508 0.8511726 1.1593106 0.8593673 1.9271055 2.6627084 2.9013479 2.3442215 2.3862680 5.3062111 
Spis_XP_022804304_1                                   1.2807080 0.8321638 0.5155465 0.4075795 0.5648661 0.0000000 0.1433434 1.0412329 0.9833967 1.1424968 1.0810340 1.2682606 1.3266118 1.3405263 2.3147614 1.5936054 1.1759169 0.8664150 2.3945216 1.2555184 2.5132691 1.5119200 1.0372963 1.4392990 1.2659779 1.1352164 1.4975188 1.5424443 1.2576888 1.2669942 1.4342199 1.4337224 1.7036972 1.5311186 1.4339752 1.3514672 1.3554694 1.7023707 1.8284290 1.4122375 1.4333510 1.5367377 1.3582181 1.4808536 0.9549047 0.8770478 1.0190746 0.9655689 1.5795490 2.6122821 2.3843700 2.3340553 2.5575236 5.9909477 
Pocdam_XM_027199662.1                                 1.2619602 0.8613296 0.5173755 0.4219138 0.5244961 0.1433434 0.0000000 1.0661367 0.9955523 1.1461768 1.0840104 1.2572396 1.3491850 1.3630546 2.3188400 1.5776917 1.2582335 0.9912992 2.3904819 1.4263562 2.5460298 1.6167262 1.1562494 1.4585053 1.2726259 1.1164950 1.5702339 1.5810761 1.2609631 1.2854520 1.4978113 1.4738073 1.7401270 1.6400137 1.4575491 1.3603284 1.3602844 1.7482225 1.8517051 1.3865816 1.3991202 1.5000320 1.3628519 1.4885593 0.9797182 0.8771210 0.9685761 0.9488074 1.5860590 2.6345807 2.3953059 2.4077683 2.5704768 5.7212048 
Ocar_g4146                                            1.0138295 1.0252627 0.9539015 0.9794537 1.0404354 1.0412329 1.0661367 0.0000000 0.0000010 0.7113989 1.1244486 1.1898722 1.2637147 1.1842873 1.9893782 1.6558364 1.2198017 1.0163725 2.2523633 1.2148499 2.2560416 1.1996216 0.9888972 1.1757872 1.0620588 1.0589689 1.1619780 1.2789895 1.4254787 1.4128744 1.4220301 1.2776921 1.5018992 1.3726895 1.2334290 1.4359139 1.4299838 1.1939769 1.4621884 1.3475999 1.3836191 1.5450446 1.4277799 1.4395385 1.2271314 1.1055167 1.2077072 0.9588938 1.2335298 2.4075678 2.0845134 2.0249913 2.5915341 5.3658294 
Opea_EP00118_Oscarella_pearsei_P017421                0.9673806 0.9779034 0.8954173 0.9137328 0.9685993 0.9833967 0.9955523 0.0000010 0.0000000 0.6803564 1.0388335 1.1321199 1.1883667 1.2250196 1.9496655 1.7879522 1.2686237 1.0163725 2.1231883 1.2148499 2.1359104 1.1488906 0.9888972 1.1620337 1.0171463 1.0813109 1.0891944 1.2763214 1.3659705 1.3303392 1.4867384 1.2101737 1.4039839 1.5119383 1.1897876 1.2476989 1.2609365 1.2187755 1.4310304 1.2256955 1.2978920 1.3476027 1.3240503 1.4108621 1.2074835 1.2065302 1.0616772 1.0060747 1.1970327 2.2505291 1.8636600 1.9494862 2.3741650 5.5674015 
Plajan_Pjan_scaffold18870_01                          1.1613199 1.0594986 1.1336547 1.1151621 1.2161473 1.1424968 1.1461768 0.7113989 0.6803564 0.0000000 1.1140011 1.1584811 1.3355863 1.3239745 2.1620032 1.8067865 1.3706976 0.9587488 2.3188507 1.3320267 2.2228227 1.3290883 0.9920730 1.3811525 1.1889935 1.2809616 1.3212190 1.4411078 1.4174881 1.3223219 1.6023956 1.2789384 1.5039718 1.4928457 1.5188843 1.2690958 1.2831675 1.4952087 1.6573583 1.2752665 1.3709836 1.4453796 1.4216375 1.4838542 1.5799712 1.5424337 1.2028772 1.0350329 1.4378812 2.3806264 2.1142521 2.2797482 2.1768106 6.0469721 
Skow_XM_006814908.1                                   1.0999089 1.0621383 1.0067973 1.0359405 1.2637450 1.0810340 1.0840104 1.1244486 1.0388335 1.1140011 0.0000000 1.2246964 1.3503910 1.3636731 2.1882266 1.2993257 1.2801174 0.7951251 2.3065008 1.2813632 2.4577304 1.4489347 0.8424094 1.3864583 1.1110532 1.2955471 1.2898202 1.7015965 1.4269581 1.3770321 1.5895409 1.3968251 1.5668864 1.6547616 1.5221139 1.3909835 1.3655564 1.7568579 1.7855992 1.3237310 1.3718630 1.5492866 1.5155211 1.4898817 1.5478877 1.4196615 1.1864148 1.0294198 1.4247643 2.5994791 2.1609522 2.4641572 2.1564304 6.2829947 
Ctel_gnl_WGS_AMQN_CAPTEDRAFT_mRNA90010                1.1965741 1.2358698 1.1767999 1.1870319 1.1953291 1.2682606 1.2572396 1.1898722 1.1321199 1.1584811 1.2246964 0.0000000 1.4476265 1.3604904 2.1019307 1.2968516 1.1497842 1.0009357 2.0436913 1.1927397 2.1453869 1.5229461 0.8995202 1.4337722 1.2346036 1.2860598 1.3096766 1.5431791 1.4716118 1.4287159 1.5609231 1.4678113 1.6032126 1.7891923 1.2045857 1.5349654 1.4932783 1.7810374 1.9580195 1.4846207 1.3831836 1.8138739 1.3758689 1.6412441 1.4064720 1.1644910 1.3000301 1.0044189 1.2454841 2.1797064 2.0840324 2.0438596 2.5965345 5.6907163 
Nemnom_g1711.t1                                       1.4500041 1.2759034 1.3083949 1.3030055 1.4652000 1.3266118 1.3491850 1.2637147 1.1883667 1.3355863 1.3503910 1.4476265 0.0000000 0.2708177 2.5737351 1.7182759 1.5052987 1.1513827 2.6058288 1.2762402 2.7032922 1.7042966 1.2118540 0.8495405 1.6784884 1.4503292 1.6360010 1.5334477 1.5301887 1.5529039 1.5821045 1.5832003 2.0116895 1.9742730 1.7039056 1.5269250 1.5519322 1.8837040 2.1033059 1.6222234 1.6120136 1.7418524 1.2889120 0.7319981 1.6400562 1.6072167 1.4364976 0.8998771 1.6232865 2.6360811 2.6409718 2.7025041 2.5675157 6.6249966 
Rhoesc_Res_000423-T1                                  1.4914979 1.2550871 1.3150156 1.3542733 1.4376383 1.3405263 1.3630546 1.1842873 1.2250196 1.3239745 1.3636731 1.3604904 0.2708177 0.0000000 2.5421120 1.8322093 1.4403554 0.9257417 2.5332393 1.1370194 2.6225318 1.6252423 1.0551236 0.9198728 1.7156073 1.3484630 1.7904689 1.6480360 1.5655877 1.5655948 1.6583645 1.5940442 2.0210630 1.9945384 1.8007599 1.5950772 1.6095981 1.7550430 1.9979744 1.6410561 1.6378173 1.7547734 1.3352914 0.7375948 1.5900443 1.5658591 1.4711983 0.9862140 1.7033431 2.6230780 2.7056999 2.6244006 2.5703652 6.4335879 
Horcal_Hcv1.av93.c6.g1098.i1                          2.3444286 2.2135799 2.2816216 2.2604346 2.0654269 2.3147614 2.3188400 1.9893782 1.9496655 2.1620032 2.1882266 2.1019307 2.5737351 2.5421120 0.0000000 0.6992290 0.6567591 0.5102190 0.8158100 0.7853747 1.0037666 2.2722057 0.7944604 2.7106798 2.2723004 2.0456093 2.6276224 2.2178345 2.4849118 2.2815487 2.6005384 2.2947530 2.4623051 1.8078640 2.5569934 2.5481570 2.5947443 2.0394060 2.0937037 2.5017544 2.3120290 2.8700093 2.3267371 2.7902632 2.7885121 2.6785966 2.5315729 2.8113508 2.6338620 0.9239238 3.3658690 3.2638263 3.4608097 6.4779357 
Bolinf_Binf_sb1168263                                 1.3818011 1.3550016 1.5180688 1.6308511 1.4352428 1.5936054 1.5776917 1.6558364 1.7879522 1.8067865 1.2993257 1.2968516 1.7182759 1.8322093 0.6992290 0.0000000 0.4475809 0.2078631 0.5316269 0.7045008 1.2102306 1.0707469 0.3309730 1.4745514 1.2059329 1.5602082 1.3933452 1.1812047 1.4144406 1.4186413 1.3295862 1.5629789 1.8047042 1.3774207 1.6425803 1.9714505 1.9714505 1.7429040 1.7375368 2.0812216 2.0138741 2.3974684 2.0072058 1.6659582 1.9003825 1.5329684 2.0986049 6.6030234 1.4741408 0.7315180 2.4140957 2.6950857 5.9029689 7.5469246 
Drygla_Dgla_sb277446                                  1.2373840 1.1193145 1.3766216 1.1793467 1.1129431 1.1759169 1.2582335 1.2198017 1.2686237 1.3706976 1.2801174 1.1497842 1.5052987 1.4403554 0.6567591 0.4475809 0.0000000 0.3333015 0.4904727 0.7089322 0.9807512 1.0534562 0.7315321 1.2706232 1.1832276 1.1722506 1.4081759 1.4074487 1.4060042 1.5006994 1.3845759 1.4380226 1.6921066 1.4854600 1.3868031 1.5796891 1.5497541 1.3200937 1.3673050 1.4755219 1.5502374 1.7544179 1.5281142 1.6560921 1.4249216 1.2780536 1.6573096 3.2004985 1.4802230 0.6931114 2.6948231 2.4766618 4.6571339 7.2124872 
Lampan_Lpan_13455_01                                  0.9432971 0.9059653 0.9495792 0.8767595 0.9220062 0.8664150 0.9912992 1.0163725 1.0163725 0.9587488 0.7951251 1.0009357 1.1513827 0.9257417 0.5102190 0.2078631 0.3333015 0.0000000 0.3811787 0.8558691 0.8435901 0.8423564 0.6950759 1.1306231 0.9086655 0.9057601 1.2054805 1.0986120 1.2655612 1.1607402 1.0496148 1.0282751 1.2066452 1.0451580 1.0746724 1.0257535 0.9998131 1.0263416 1.0589188 0.9845315 0.9738939 1.2094403 1.1074938 1.3225444 0.9833900 0.8270307 1.2645065 0.0000010 1.2103412 0.4997395 2.3116662 2.2797251 4.1084629 6.1012859 
Beraby_Baby_sb338499                                  2.3713761 2.0977166 2.3011049 2.3071275 2.3050078 2.3945216 2.3904819 2.2523633 2.1231883 2.3188507 2.3065008 2.0436913 2.6058288 2.5332393 0.8158100 0.5316269 0.4904727 0.3811787 0.0000000 0.7557661 0.9230550 2.3241399 0.6317752 2.6025276 2.5469776 2.1012785 2.5915361 1.9849406 2.2160527 2.1791463 2.5804635 2.4168181 2.5207426 1.8479333 2.5448330 2.5263087 2.5805958 2.0212259 2.2193530 2.4174973 2.3235078 2.6187114 2.3034021 2.9333040 2.7530764 2.6713474 2.5393556 2.8427891 2.5536207 0.6419855 3.3153280 3.2405068 3.5641985 6.8268699 
Coeast_Cast_sb817134                                  1.1088502 1.2331479 1.3249737 1.2903963 1.3367455 1.2555184 1.4263562 1.2148499 1.2148499 1.3320267 1.2813632 1.1927397 1.2762402 1.1370194 0.7853747 0.7045008 0.7089322 0.8558691 0.7557661 0.0000000 0.0188446 1.0906724 1.0668076 1.2135704 1.1520897 1.1462318 1.4955928 1.3127221 1.2573763 1.1447626 1.2031223 1.2625888 1.2934628 1.2297833 1.3962302 1.5203537 1.4869341 1.4313176 1.4216930 1.3707378 1.1482583 1.6791661 1.4030213 1.6320057 1.6483057 1.3505207 1.8196157 0.0000010 1.5651998 0.8992335 2.6773282 2.1141960 5.8506136 7.9066309 
Coemet_Cmet_scaffold6799_01                           2.4528173 2.3185217 2.3814722 2.4935042 2.4205116 2.5132691 2.5460298 2.2560416 2.1359104 2.2228227 2.4577304 2.1453869 2.7032922 2.6225318 1.0037666 1.2102306 0.9807512 0.8435901 0.9230550 0.0188446 0.0000000 2.3138171 1.0552784 2.6272010 2.4536028 2.1769978 2.7773666 2.2712336 2.2425446 2.2400180 2.4497028 2.4748250 2.4922536 2.2225719 2.5660662 2.5945650 2.5962890 2.4031059 2.4522455 2.5416655 2.3212596 2.8093004 2.3516017 3.0078565 2.9984612 2.8287635 2.6753355 2.5663678 2.8620881 1.0349531 3.4932670 3.1426919 3.5949074 7.6571214 
Stycar_maker-SC_scaffold140518-snap-gene-0.138-mRNA-1 1.5514391 1.3116180 1.3125282 1.3939977 1.4180570 1.5119200 1.6167262 1.1996216 1.1488906 1.3290883 1.4489347 1.5229461 1.7042966 1.6252423 2.2722057 1.0707469 1.0534562 0.8423564 2.3241399 1.0906724 2.3138171 0.0000000 0.7436153 1.6738080 1.4497549 0.7930141 1.8735821 1.3793166 1.0932946 1.0295308 0.9190112 1.7699453 2.0731980 1.6780589 1.8656903 1.6956571 1.6420264 1.5407202 1.6945691 1.5384735 1.6088016 1.7998692 1.6315872 2.0947196 1.7856080 1.5384235 1.5929272 1.2215635 1.7966161 2.7401403 3.1031509 2.5655203 3.4544501 6.1804328 
Eupdun_Edun_sb10628999                                1.0449301 0.8556358 1.0376041 0.9340878 0.9400667 1.0372963 1.1562494 0.9888972 0.9888972 0.9920730 0.8424094 0.8995202 1.2118540 1.0551236 0.7944604 0.3309730 0.7315321 0.6950759 0.6317752 1.0668076 1.0552784 0.7436153 0.0000000 0.9649966 0.8598125 0.8375706 1.2432243 1.0783293 0.9873196 0.9585756 1.1655640 1.0331801 1.2609179 0.9789152 1.2734461 1.1932721 1.2029507 1.1056657 1.1409437 1.1134562 1.0241638 1.4304129 1.2187589 1.3008188 0.9837734 0.9681764 1.3437380 0.0000010 1.5582625 0.7662250 2.6680901 2.8179593 4.6706525 6.7032213 
Sanmal_Sma_010685-T1                                  1.5058525 1.3452289 1.3718636 1.3461236 1.6075491 1.4392990 1.4585053 1.1757872 1.1620337 1.3811525 1.3864583 1.4337722 0.8495405 0.9198728 2.7106798 1.4745514 1.2706232 1.1306231 2.6025276 1.2135704 2.6272010 1.6738080 0.9649966 0.0000000 1.7260298 1.4623696 1.7431627 1.5163321 1.5671706 1.5771490 1.6654466 1.6643536 1.9688690 1.8302941 1.7428215 1.6432687 1.6221856 1.6475321 1.8062805 1.6250985 1.5644390 1.7366641 1.3916363 1.0061080 1.8092426 1.6354780 1.3751631 0.8876582 1.8634986 2.8027553 2.5937859 2.5653166 2.9413926 6.7060691 
Spur_XM_030985072.1                                   1.2529144 1.1321127 1.3229896 1.1953945 1.4665428 1.2659779 1.2726259 1.0620588 1.0171463 1.1889935 1.1110532 1.2346036 1.6784884 1.7156073 2.2723004 1.2059329 1.1832276 0.9086655 2.5469776 1.1520897 2.4536028 1.4497549 0.8598125 1.7260298 0.0000000 1.2381743 1.4684518 1.5799585 1.3034781 1.3425561 1.5598490 1.4905195 1.6597403 1.5812145 1.4789102 1.4084285 1.4067059 1.9575899 2.0178888 1.4552140 1.5090539 1.6891970 1.5981556 1.8552599 1.6436552 1.5851105 1.1992955 1.0589948 1.4898781 2.8002240 2.2036092 2.2066365 2.4617516 6.5154545 
Tetwil_g8643.t2                                       1.1779669 1.1423554 1.1173121 1.1099955 1.1587021 1.1352164 1.1164950 1.0589689 1.0813109 1.2809616 1.2955471 1.2860598 1.4503292 1.3484630 2.0456093 1.5602082 1.1722506 0.9057601 2.1012785 1.1462318 2.1769978 0.7930141 0.8375706 1.4623696 1.2381743 0.0000000 1.4409694 1.2442279 1.1232003 1.0674034 1.0978472 1.4790211 1.5956111 1.4551818 1.6814365 1.4464616 1.4453765 1.3763144 1.5796918 1.4124314 1.4548541 1.5684701 1.4835750 1.6299004 1.4079956 1.4310446 1.2576775 1.2955122 1.4893800 2.2797709 2.2385248 2.1577607 2.8823115 6.1540952 
Cscu_XM_023378069.1                                   1.4088372 1.4808354 1.4416864 1.4405290 1.7261974 1.4975188 1.5702339 1.1619780 1.0891944 1.3212190 1.2898202 1.3096766 1.6360010 1.7904689 2.6276224 1.3933452 1.4081759 1.2054805 2.5915361 1.4955928 2.7773666 1.8735821 1.2432243 1.7431627 1.4684518 1.4409694 0.0000000 1.7276723 1.4790348 1.5009499 1.6138508 1.6971194 1.8485937 2.0117201 1.6067110 1.6463479 1.6568600 2.0966664 2.0099776 1.6322029 1.7079258 1.8935806 1.7452047 1.9094650 1.8333533 1.8848519 1.4990376 1.0195762 1.6423283 2.9820588 2.1994805 2.0891083 2.4740380 6.0227077 
Plespi_Pspi_scaffold14398_01                          1.6166202 1.4526346 1.2890474 1.3835374 1.4147243 1.5424443 1.5810761 1.2789895 1.2763214 1.4411078 1.7015965 1.5431791 1.5334477 1.6480360 2.2178345 1.1812047 1.4074487 1.0986120 1.9849406 1.3127221 2.2712336 1.3793166 1.0783293 1.5163321 1.5799585 1.2442279 1.7276723 0.0000000 1.4314415 1.3757715 1.3932912 1.6131011 1.9122187 1.6758723 1.7910277 2.0043590 1.9663701 1.6478262 1.8283519 1.9571114 1.9982510 2.1555728 1.7653167 2.0233507 1.6838188 1.3560860 1.7928976 1.9987869 1.9758375 2.4069750 2.4904786 2.7488865 4.0035648 7.6329708 
Aque_Aqu2.1.25599_001                                 1.3538452 1.3271074 1.1977543 1.2041988 1.3548931 1.2576888 1.2609631 1.4254787 1.3659705 1.4174881 1.4269581 1.4716118 1.5301887 1.5655877 2.4849118 1.4144406 1.4060042 1.2655612 2.2160527 1.2573763 2.2425446 1.0932946 0.9873196 1.5671706 1.3034781 1.1232003 1.4790348 1.4314415 0.0000000 0.4804481 0.7542470 1.6231409 1.7521286 2.0827069 1.6064834 1.4435124 1.5162303 1.5043175 1.6517431 1.5008882 1.5984304 1.5913995 1.5932679 1.6982149 1.3966738 1.5307931 1.3909991 1.4751111 1.5400408 2.3105167 1.9694576 2.4486173 3.4192424 5.3259845 
Halamb_c46907_g2_i3m.21423                            1.2887349 1.2529034 1.1879474 1.2142833 1.2563910 1.2669942 1.2854520 1.4128744 1.3303392 1.3223219 1.3770321 1.4287159 1.5529039 1.5655948 2.2815487 1.4186413 1.5006994 1.1607402 2.1791463 1.1447626 2.2400180 1.0295308 0.9585756 1.5771490 1.3425561 1.0674034 1.5009499 1.3757715 0.4804481 0.0000000 0.6890428 1.6632013 1.7805275 2.0857564 1.5955306 1.3286989 1.3862102 1.3506579 1.5254426 1.3889500 1.4492228 1.5172248 1.5967652 1.6529960 1.4877099 1.4861041 1.2998448 1.4326277 1.5652876 2.1980046 2.0680650 2.2514354 3.3069850 5.5411404 
Xestes_maker-XT_scaffold2761-augustus-gene-0.7-mRNA-1 1.4831067 1.5049134 1.4199723 1.3762026 1.2766265 1.4342199 1.4978113 1.4220301 1.4867384 1.6023956 1.5895409 1.5609231 1.5821045 1.6583645 2.6005384 1.3295862 1.3845759 1.0496148 2.5804635 1.2031223 2.4497028 0.9190112 1.1655640 1.6654466 1.5598490 1.0978472 1.6138508 1.3932912 0.7542470 0.6890428 0.0000000 1.8690978 1.8773250 2.0270580 1.8429144 1.6693535 1.7357005 1.2325944 1.4278784 1.7250703 1.4697997 2.0017890 1.7106097 1.7868733 1.4169835 1.6786233 1.4131713 1.9272907 1.9199563 2.5308252 2.3112020 2.3526681 3.3702261 6.3526242 
Lcom_lcpid31246                                       1.4618589 1.4199506 1.3774378 1.4095539 1.5031103 1.4337224 1.4738073 1.2776921 1.2101737 1.2789384 1.3968251 1.4678113 1.5832003 1.5940442 2.2947530 1.5629789 1.4380226 1.0282751 2.4168181 1.2625888 2.4748250 1.7699453 1.0331801 1.6643536 1.4905195 1.4790211 1.6971194 1.6131011 1.6231409 1.6632013 1.8690978 0.0000000 0.7850174 0.9823269 1.7803310 1.6980983 1.7280079 2.3240549 2.3932329 1.8098826 1.9436894 1.8981812 1.6666375 1.8237045 1.8118253 1.8383270 1.5211136 1.3261264 1.9468216 2.5019567 2.2699216 2.9284896 1.9548627 6.7171556 
Gracom_Gcom_scaffold7301_01                           1.6450313 1.5360689 1.6691258 1.6454901 1.7809789 1.7036972 1.7401270 1.5018992 1.4039839 1.5039718 1.5668864 1.6032126 2.0116895 2.0210630 2.4623051 1.8047042 1.6921066 1.2066452 2.5207426 1.2934628 2.4922536 2.0731980 1.2609179 1.9688690 1.6597403 1.5956111 1.8485937 1.9122187 1.7521286 1.7805275 1.8773250 0.7850174 0.0000000 1.1305038 1.9675183 1.7640105 1.7552685 1.9735860 2.1730919 1.7216289 1.8274935 1.9073001 1.8046815 2.0981048 2.2451325 2.3181274 1.7838381 1.5336555 2.2197432 2.5121163 2.5527710 2.9368290 2.1008687 7.0418631 
Leuniv_Lniv_scaffold9024_01                           1.5363426 1.7221517 1.4730286 1.4401955 1.5198728 1.5311186 1.6400137 1.3726895 1.5119383 1.4928457 1.6547616 1.7891923 1.9742730 1.9945384 1.8078640 1.3774207 1.4854600 1.0451580 1.8479333 1.2297833 2.2225719 1.6780589 0.9789152 1.8302941 1.5812145 1.4551818 2.0117201 1.6758723 2.0827069 2.0857564 2.0270580 0.9823269 1.1305038 0.0000000 2.0246973 1.9371435 1.9818486 1.7939936 2.0793441 2.0968605 2.2043347 2.2524925 2.2145408 2.0362086 2.0489630 1.8869784 2.0442718 3.4940518 2.1510273 2.2054550 3.2213501 2.8545798 6.7663143 8.8220384 
Cgig_XM_011439868.3                                   1.5411949 1.4198443 1.4398929 1.4370614 1.6694357 1.4339752 1.4575491 1.2334290 1.1897876 1.5188843 1.5221139 1.2045857 1.7039056 1.8007599 2.5569934 1.6425803 1.3868031 1.0746724 2.5448330 1.3962302 2.5660662 1.8656903 1.2734461 1.7428215 1.4789102 1.6814365 1.6067110 1.7910277 1.6064834 1.5955306 1.8429144 1.7803310 1.9675183 2.0246973 0.0000000 1.7200125 1.7705134 2.0098563 2.2565529 1.7289164 1.7898128 1.8347590 1.6230792 1.8931933 1.7776792 1.7748608 1.3546984 1.1951379 1.3523102 2.8055713 2.4151544 2.5986636 2.7017165 6.8291529 
Tadh_TriadT59846                                      1.3764456 1.4411991 1.2811200 1.3191601 1.5034124 1.3514672 1.3603284 1.4359139 1.2476989 1.2690958 1.3909835 1.5349654 1.5269250 1.5950772 2.5481570 1.9714505 1.5796891 1.0257535 2.5263087 1.5203537 2.5945650 1.6956571 1.1932721 1.6432687 1.4084285 1.4464616 1.6463479 2.0043590 1.4435124 1.3286989 1.6693535 1.6980983 1.7640105 1.9371435 1.7200125 0.0000000 0.0042188 0.5612332 0.5433501 0.3552127 0.3842366 0.3474616 1.6232190 1.6722376 1.6086529 1.6743304 1.2660664 1.3199227 1.7296102 2.6363790 2.4217492 2.5543130 2.8721949 6.1641887 
TrH2_TrispH2_000431-RA                                1.3808130 1.4206315 1.2764694 1.3225015 1.4647239 1.3554694 1.3602844 1.4299838 1.2609365 1.2831675 1.3655564 1.4932783 1.5519322 1.6095981 2.5947443 1.9714505 1.5497541 0.9998131 2.5805958 1.4869341 2.5962890 1.6420264 1.2029507 1.6221856 1.4067059 1.4453765 1.6568600 1.9663701 1.5162303 1.3862102 1.7357005 1.7280079 1.7552685 1.9818486 1.7705134 0.0042188 0.0000000 0.5686824 0.5540686 0.3483143 0.3668638 0.3891499 1.6172878 1.6886872 1.6524337 1.6278120 1.2642258 1.3777180 1.7126276 2.6586745 2.3285279 2.3955616 2.8567057 5.9359079 
HoiH06_mRNA208                                        1.8859430 1.5955132 1.6080330 1.6293298 1.5557102 1.7023707 1.7482225 1.1939769 1.2187755 1.4952087 1.7568579 1.7810374 1.8837040 1.7550430 2.0394060 1.7429040 1.3200937 1.0263416 2.0212259 1.4313176 2.4031059 1.5407202 1.1056657 1.6475321 1.9575899 1.3763144 2.0966664 1.6478262 1.5043175 1.3506579 1.2325944 2.3240549 1.9735860 1.7939936 2.0098563 0.5612332 0.5686824 0.0000000 0.0818454 0.2206335 0.2514408 0.2654208 1.8713779 1.9064711 2.1832043 1.9377700 1.9057059 0.0000010 2.1899266 2.2339802 3.6620033 3.0784515 4.0876386 6.7498901 
HoiH23_PlH23_008310-RA                                1.9793754 1.6379778 1.5973923 1.7691686 1.6481567 1.8284290 1.8517051 1.4621884 1.4310304 1.6573583 1.7855992 1.9580195 2.1033059 1.9979744 2.0937037 1.7375368 1.3673050 1.0589188 2.2193530 1.4216930 2.4522455 1.6945691 1.1409437 1.8062805 2.0178888 1.5796918 2.0099776 1.8283519 1.6517431 1.5254426 1.4278784 2.3932329 2.1730919 2.0793441 2.2565529 0.5433501 0.5540686 0.0818454 0.0000000 0.2073099 0.2337832 0.3186663 1.9536512 2.1453156 2.3758548 1.8694222 2.0633534 1.8538207 2.2749857 2.3320425 3.5065837 3.0024805 4.0238169 6.8320309 
Hhon_g09378.t1                                        1.4104098 1.3372577 1.3146907 1.3513356 1.4095090 1.4122375 1.3865816 1.3475999 1.2256955 1.2752665 1.3237310 1.4846207 1.6222234 1.6410561 2.5017544 2.0812216 1.4755219 0.9845315 2.4174973 1.3707378 2.5416655 1.5384735 1.1134562 1.6250985 1.4552140 1.4124314 1.6322029 1.9571114 1.5008882 1.3889500 1.7250703 1.8098826 1.7216289 2.0968605 1.7289164 0.3552127 0.3483143 0.2206335 0.2073099 0.0000000 0.0149158 0.2397114 1.4947087 1.7254682 1.7353138 1.6791890 1.3716716 1.3261772 1.6961944 2.5482951 2.3378698 2.4167959 2.4704199 6.0752510 
HoiH04_mRNA14425                                      1.5218350 1.3680664 1.3159681 1.3872637 1.4773273 1.4333510 1.3991202 1.3836191 1.2978920 1.3709836 1.3718630 1.3831836 1.6120136 1.6378173 2.3120290 2.0138741 1.5502374 0.9738939 2.3235078 1.1482583 2.3212596 1.6088016 1.0241638 1.5644390 1.5090539 1.4548541 1.7079258 1.9982510 1.5984304 1.4492228 1.4697997 1.9436894 1.8274935 2.2043347 1.7898128 0.3842366 0.3668638 0.2514408 0.2337832 0.0149158 0.0000000 0.2752445 1.4591223 1.7673686 1.7600055 1.4788071 1.5413501 1.1672852 1.7159386 2.4190658 2.3855012 2.4381314 2.4025947 6.4685054 
HoiH11_mRNA1006                                       1.5034592 1.4912330 1.4613839 1.4874332 1.7355990 1.5367377 1.5000320 1.5450446 1.3476027 1.4453796 1.5492866 1.8138739 1.7418524 1.7547734 2.8700093 2.3974684 1.7544179 1.2094403 2.6187114 1.6791661 2.8093004 1.7998692 1.4304129 1.7366641 1.6891970 1.5684701 1.8935806 2.1555728 1.5913995 1.5172248 2.0017890 1.8981812 1.9073001 2.2524925 1.8347590 0.3474616 0.3891499 0.2654208 0.3186663 0.2397114 0.2752445 0.0000000 1.8079009 1.8418478 1.8366722 1.9710407 1.3996054 1.4011273 1.8669206 2.8975601 2.5872355 2.9774687 2.8461163 6.5041008 
Chem_TCONS_00067450                                   1.4994562 1.3700460 1.3776486 1.3432352 1.4795628 1.3582181 1.3628519 1.4277799 1.3240503 1.4216375 1.5155211 1.3758689 1.2889120 1.3352914 2.3267371 2.0072058 1.5281142 1.1074938 2.3034021 1.4030213 2.3516017 1.6315872 1.2187589 1.3916363 1.5981556 1.4835750 1.7452047 1.7653167 1.5932679 1.5967652 1.7106097 1.6666375 1.8046815 2.2145408 1.6230792 1.6232190 1.6172878 1.8713779 1.9536512 1.4947087 1.4591223 1.8079009 0.0000000 1.4047352 1.8379839 1.8167655 1.4512124 0.9475076 1.7754291 2.2444412 2.3486259 2.4525935 2.6739592 6.9482882 
Aaur_scaffold901.g6.t1                                1.6260702 1.4509410 1.3778539 1.4119502 1.7820381 1.4808536 1.4885593 1.4395385 1.4108621 1.4838542 1.4898817 1.6412441 0.7319981 0.7375948 2.7902632 1.6659582 1.6560921 1.3225444 2.9333040 1.6320057 3.0078565 2.0947196 1.3008188 1.0061080 1.8552599 1.6299004 1.9094650 2.0233507 1.6982149 1.6529960 1.7868733 1.8237045 2.0981048 2.0362086 1.8931933 1.6722376 1.6886872 1.9064711 2.1453156 1.7254682 1.7673686 1.8418478 1.4047352 0.0000000 1.9532666 1.8897307 1.5443585 0.8379129 1.8178474 2.9234445 2.7306672 3.0435921 2.7664599 6.7205211 
Adig_XM_015912434.1                                   1.5894971 1.1104587 0.7842146 0.8464956 1.0538508 0.9549047 0.9797182 1.2271314 1.2074835 1.5799712 1.5478877 1.4064720 1.6400562 1.5900443 2.7885121 1.9003825 1.4249216 0.9833900 2.7530764 1.6483057 2.9984612 1.7856080 0.9837734 1.8092426 1.6436552 1.4079956 1.8333533 1.6838188 1.3966738 1.4877099 1.4169835 1.8118253 2.2451325 2.0489630 1.7776792 1.6086529 1.6524337 2.1832043 2.3758548 1.7353138 1.7600055 1.8366722 1.8379839 1.9532666 0.0000000 0.0668744 1.3064533 1.0648002 1.8750815 3.0935147 2.8693440 2.9918529 2.5829020 7.1300523 
Amil_Amillepora07772-RA                               1.5696943 1.0596113 0.6901653 0.7815679 0.8511726 0.8770478 0.8771210 1.1055167 1.2065302 1.5424337 1.4196615 1.1644910 1.6072167 1.5658591 2.6785966 1.5329684 1.2780536 0.8270307 2.6713474 1.3505207 2.8287635 1.5384235 0.9681764 1.6354780 1.5851105 1.4310446 1.8848519 1.3560860 1.5307931 1.4861041 1.6786233 1.8383270 2.3181274 1.8869784 1.7748608 1.6743304 1.6278120 1.9377700 1.8694222 1.6791890 1.4788071 1.9710407 1.8167655 1.8897307 0.0668744 0.0000000 1.2263485 1.1932139 1.9239388 3.1129025 2.8947749 2.5357269 2.4995080 6.5366603 
Nvec_v1g60019                                         1.2985318 0.8248698 0.9502896 0.9332233 1.1593106 1.0190746 0.9685761 1.2077072 1.0616772 1.2028772 1.1864148 1.3000301 1.4364976 1.4711983 2.5315729 2.0986049 1.6573096 1.2645065 2.5393556 1.8196157 2.6753355 1.5929272 1.3437380 1.3751631 1.1992955 1.2576775 1.4990376 1.7928976 1.3909991 1.2998448 1.4131713 1.5211136 1.7838381 2.0442718 1.3546984 1.2660664 1.2642258 1.9057059 2.0633534 1.3716716 1.5413501 1.3996054 1.4512124 1.5443585 1.3064533 1.2263485 0.0000000 0.7928290 1.5887084 2.6231857 2.2039868 2.5293238 2.5625337 5.4991296 
Morvir_scaffold81.g52.t2                              0.9941321 1.0477893 0.9384521 0.9640731 0.8593673 0.9655689 0.9488074 0.9588938 1.0060747 1.0350329 1.0294198 1.0044189 0.8998771 0.9862140 2.8113508 6.6030234 3.2004985 0.0000010 2.8427891 0.0000010 2.5663678 1.2215635 0.0000010 0.8876582 1.0589948 1.2955122 1.0195762 1.9987869 1.4751111 1.4326277 1.9272907 1.3261264 1.5336555 3.4940518 1.1951379 1.3199227 1.3777180 0.0000010 1.8538207 1.3261772 1.1672852 1.4011273 0.9475076 0.8379129 1.0648002 1.1932139 0.7928290 0.0000000 1.1175081 2.7507713 1.6656430 1.9663075 1.8936858 5.3996175 
Acagra_model.g24664.t1                                1.4758198 1.5181632 1.4971774 1.5423880 1.9271055 1.5795490 1.5860590 1.2335298 1.1970327 1.4378812 1.4247643 1.2454841 1.6232865 1.7033431 2.6338620 1.4741408 1.4802230 1.2103412 2.5536207 1.5651998 2.8620881 1.7966161 1.5582625 1.8634986 1.4898781 1.4893800 1.6423283 1.9758375 1.5400408 1.5652876 1.9199563 1.9468216 2.2197432 2.1510273 1.3523102 1.7296102 1.7126276 2.1899266 2.2749857 1.6961944 1.7159386 1.8669206 1.7754291 1.8178474 1.8750815 1.9239388 1.5887084 1.1175081 0.0000000 2.8616948 2.5688627 2.7534341 2.8281354 6.7303666 
Mlei_ML3763.g2.i1                                     2.6180456 2.4603499 2.5292231 2.5604912 2.6627084 2.6122821 2.6345807 2.4075678 2.2505291 2.3806264 2.5994791 2.1797064 2.6360811 2.6230780 0.9239238 0.7315180 0.6931114 0.4997395 0.6419855 0.8992335 1.0349531 2.7401403 0.7662250 2.8027553 2.8002240 2.2797709 2.9820588 2.4069750 2.3105167 2.1980046 2.5308252 2.5019567 2.5121163 2.2054550 2.8055713 2.6363790 2.6586745 2.2339802 2.3320425 2.5482951 2.4190658 2.8975601 2.2444412 2.9234445 3.0935147 3.1129025 2.6231857 2.7507713 2.8616948 0.0000000 3.3134080 3.0089311 3.5582614 5.8705725 
Tcas_TC008410_001                                     2.2363463 2.0870457 2.3471552 2.2592269 2.9013479 2.3843700 2.3953059 2.0845134 1.8636600 2.1142521 2.1609522 2.0840324 2.6409718 2.7056999 3.3658690 2.4140957 2.6948231 2.3116662 3.3153280 2.6773282 3.4932670 3.1031509 2.6680901 2.5937859 2.2036092 2.2385248 2.1994805 2.4904786 1.9694576 2.0680650 2.3112020 2.2699216 2.5527710 3.2213501 2.4151544 2.4217492 2.3285279 3.6620033 3.5065837 2.3378698 2.3855012 2.5872355 2.3486259 2.7306672 2.8693440 2.8947749 2.2039868 1.6656430 2.5688627 3.3134080 0.0000000 2.5612113 3.2431614 6.7464914 
Dpul_mRNA17425                                        2.3083461 2.3222892 2.4481021 2.2358678 2.3442215 2.3340553 2.4077683 2.0249913 1.9494862 2.2797482 2.4641572 2.0438596 2.7025041 2.6244006 3.2638263 2.6950857 2.4766618 2.2797251 3.2405068 2.1141960 3.1426919 2.5655203 2.8179593 2.5653166 2.2066365 2.1577607 2.0891083 2.7488865 2.4486173 2.2514354 2.3526681 2.9284896 2.9368290 2.8545798 2.5986636 2.5543130 2.3955616 3.0784515 3.0024805 2.4167959 2.4381314 2.9774687 2.4525935 3.0435921 2.9918529 2.5357269 2.5293238 1.9663075 2.7534341 3.0089311 2.5612113 0.0000000 3.9163628 7.3517014 
Clacor_Ccor_scaffold2429_01                           2.4688854 2.3623275 2.3451650 2.3963994 2.3862680 2.5575236 2.5704768 2.5915341 2.3741650 2.1768106 2.1564304 2.5965345 2.5675157 2.5703652 3.4608097 5.9029689 4.6571339 4.1084629 3.5641985 5.8506136 3.5949074 3.4544501 4.6706525 2.9413926 2.4617516 2.8823115 2.4740380 4.0035648 3.4192424 3.3069850 3.3702261 1.9548627 2.1008687 6.7663143 2.7017165 2.8721949 2.8567057 4.0876386 4.0238169 2.4704199 2.4025947 2.8461163 2.6739592 2.7664599 2.5829020 2.4995080 2.5625337 1.8936858 2.8281354 3.5582614 3.2431614 3.9163628 0.0000000 7.1221485 
Pbac_sb2663965                                        6.3040683 5.7542072 5.5473504 5.5068666 5.3062111 5.9909477 5.7212048 5.3658294 5.5674015 6.0469721 6.2829947 5.6907163 6.6249966 6.4335879 6.4779357 7.5469246 7.2124872 6.1012859 6.8268699 7.9066309 7.6571214 6.1804328 6.7032213 6.7060691 6.5154545 6.1540952 6.0227077 7.6329708 5.3259845 5.5411404 6.3526242 6.7171556 7.0418631 8.8220384 6.8291529 6.1641887 5.9359079 6.7498901 6.8320309 6.0752510 6.4685054 6.5041008 6.9482882 6.7205211 7.1300523 6.5366603 5.4991296 5.3996175 6.7303666 5.8705725 6.7464914 7.3517014 7.1221485 0.0000000 
