58
Hsap_ENST00000261884                                   0.0000000 1.3515275 1.4140194 1.2723426 1.2062461 1.5184559 1.9672299 1.4900180 2.1096848 1.9186345 1.3083158 1.7203379 1.7982027 1.5733108 1.5718741 1.6524586 1.6505422 1.5395153 1.9139785 2.0763913 2.1135330 1.6492073 1.5346724 1.9005422 1.3974915 2.1397062 1.5518206 1.8922757 1.9674833 1.9906092 1.6082501 2.3443246 2.1304188 2.0502418 2.1391272 2.1341749 2.0865727 2.0770460 2.0196126 2.0198047 2.0714653 2.5295749 2.3501944 2.4778944 2.2279898 2.6278547 2.3480524 2.3965245 1.8824349 2.6187411 2.6090934 1.9946584 1.8487024 1.8884283 3.0051327 1.9085374 2.9095957 2.2813626 
Bralan_BLAG02001515_1                                  1.3515275 0.0000000 1.0991812 1.0204257 1.0812851 1.2024950 1.7502458 1.1600657 1.8515273 1.5712810 1.3926263 1.6354086 1.5662839 1.4349086 1.4575245 1.4179133 1.4254871 1.1342107 1.8164283 1.9063893 1.7164475 1.4171434 1.4935689 1.8151780 1.0659949 1.6119714 1.4853477 1.7792174 1.7348368 1.7688409 1.4185802 2.2687962 2.1214088 1.8461048 2.0989707 2.1050240 2.1288004 2.1112408 1.9945809 1.9868648 2.0037598 2.3071717 2.1283912 2.4114707 2.0267179 2.3318778 2.2608621 2.2567146 1.9991085 2.6439345 2.6085232 1.7672644 1.7715272 1.8060793 2.8895722 1.8143808 2.4504120 2.0583612 
Skow_XM_002731317.2                                    1.4140194 1.0991812 0.0000000 1.0458825 1.0275319 1.1906037 1.7934876 1.2582558 1.7954453 1.7079812 1.1898790 1.4038389 1.3974286 1.2169138 1.1611110 1.2499265 1.2337383 1.0466072 1.6316345 1.7545602 1.7635578 1.2885068 1.3429827 1.6224795 1.3264890 1.6218074 1.4984781 1.6783754 1.8121491 1.8930812 1.4545035 2.2720646 1.9623443 2.0320793 2.0630725 2.0795494 2.1032635 2.0676804 1.9936233 1.9835528 2.0821097 2.4931148 2.2411316 2.6291537 2.2802126 2.6115124 2.5090961 2.5257064 2.0018906 2.7469208 2.6426221 1.7165239 1.6671598 1.6996218 2.6656864 2.1257922 2.8380451 1.9881796 
Cgig_XM_011450651.3                                    1.2723426 1.0204257 1.0458825 0.0000000 0.8729929 0.8045051 1.4598194 1.2396374 1.6629697 1.5641368 1.1463354 1.5942988 1.4558535 1.4470750 1.3874229 1.4970859 1.4650179 1.2001682 1.4902415 1.7759305 1.6189645 1.2618638 1.3231020 1.5750250 0.9564911 1.5071073 1.3845291 1.6006927 1.6880238 1.7460839 1.2745089 1.9518199 1.8362797 1.7804339 1.8382962 1.8425928 1.8475446 1.8523249 1.7181404 1.7181526 1.7691787 2.5432313 2.1804663 2.2517064 2.1525621 2.4002963 2.4436185 2.4795024 1.6798768 2.3675262 2.2511503 1.7700259 1.5560096 1.5900660 2.7088502 1.5788801 2.0422014 1.6967149 
Clacor_Ccor_C519899_01                                 1.2062461 1.0812851 1.0275319 0.8729929 0.0000000 1.0697318 1.0038130 0.7847717 1.2358142 0.9890362 0.9128094 0.9644980 1.0236959 0.9437174 0.9611354 1.0340558 1.0122636 1.1137290 1.1577850 1.4609210 1.3554468 1.1548567 1.0965656 1.2103053 1.1920951 1.2372550 1.0230697 2.3977803 1.0767830 1.2740397 1.3635400 1.7712590 1.5649260 1.4486041 1.3557259 1.3593127 1.3547451 1.3995576 1.4179768 1.4179768 1.5031748 2.7723600 3.4157519 2.5654318 2.5654318 2.4797702 2.3605125 2.3957098 4.3640628 2.8933768 2.3486851 2.3612794 1.7355044 1.5713040 1.8529875 1.7701760 2.5672323 3.7264579 
Acagra_model.g13086.t1                                 1.5184559 1.2024950 1.1906037 0.8045051 1.0697318 0.0000000 1.6669126 1.2366828 1.6731179 1.6569512 1.1599138 1.6628714 1.6723559 1.5745297 1.5130671 1.5820171 1.5787516 1.2471488 1.6404733 1.9320754 1.6860082 1.5033546 1.4763584 1.4983413 1.0708517 1.6744989 1.5150525 1.8618598 1.7480721 2.0764218 1.4092642 2.2678352 2.0372217 1.9639168 1.8051826 1.8006731 1.8736057 1.8419531 1.7928815 1.7962038 1.8697609 2.6503152 2.4685799 2.5370989 2.3130587 2.8077354 2.6230665 2.6431671 1.9610577 2.6731167 2.4849145 1.9072749 1.6636348 1.4317861 2.6582962 1.8750280 2.3318810 1.9049381 
Scil_scict001861.1                                     1.9672299 1.7502458 1.7934876 1.4598194 1.0038130 1.6669126 0.0000000 0.4759100 0.7965169 1.7378376 1.5154612 1.9853330 1.9458003 1.7785938 1.8385858 1.7587117 1.7681300 1.7077305 1.8004833 1.5603625 1.8604406 1.8092059 1.8654421 1.6797455 1.6622454 2.0739887 1.6665265 1.9796396 1.8671197 1.8062475 1.6984892 2.5795039 2.5731513 2.2844011 2.1710527 2.1874694 2.1522611 2.1970087 2.0734493 2.0693185 2.2252401 2.8262182 2.7456483 2.7812728 2.4473593 3.0665707 2.5311959 2.6244170 1.9964406 2.9419273 2.7981218 1.8884053 2.2992421 1.8709615 2.4719800 2.3831551 2.2835257 0.9818958 
Leuniv_Lniv_C801158_01                                 1.4900180 1.1600657 1.2582558 1.2396374 0.7847717 1.2366828 0.4759100 0.0000000 0.6489485 1.1888793 1.2068698 1.3627725 1.4334327 1.3478365 1.3144172 1.4044417 1.3316592 1.1390190 1.2467889 1.5353852 1.5614171 1.4602335 1.3216575 1.4652181 1.2389611 1.3364476 1.3472964 1.8825049 1.4244172 1.6304381 1.4989508 2.2083522 2.0901876 1.6835415 1.7022430 1.7098254 1.6403578 1.6369508 1.6029181 1.6029181 1.7506809 2.1965954 2.3615028 2.0924068 2.0924068 2.3149453 2.0119046 2.0389594 1.4169590 2.2892748 2.1985240 1.8122936 1.8504095 1.8308895 1.9175225 1.6385883 7.5028992 1.1049410 
Lcom_lcpid54151                                        2.1096848 1.8515273 1.7954453 1.6629697 1.2358142 1.6731179 0.7965169 0.6489485 0.0000000 1.7598429 1.5490558 2.2189576 2.1321281 1.8963907 1.9831443 2.0435658 1.9868288 1.5355199 1.7878704 2.0303004 2.0223652 1.9395081 1.8639349 1.7299800 1.6922370 2.1739342 1.7465941 2.2805784 1.9669787 2.2674876 1.8236770 2.5570808 2.5263613 2.2247538 2.1916349 2.1865842 2.2978737 2.2465675 2.2045698 2.2075515 2.2804367 3.0847932 3.0008679 3.0206643 2.6947081 3.0231866 2.6455056 2.6987878 2.1535202 3.0961091 2.4573174 2.2494857 2.4352552 2.1312067 2.6484759 2.1441777 2.2116323 1.0254413 
Tetwil_g18623.t1                                       1.9186345 1.5712810 1.7079812 1.5641368 0.9890362 1.6569512 1.7378376 1.1888793 1.7598429 0.0000000 0.9048898 1.8929085 1.8824348 1.7570933 1.7642384 1.6823693 1.6856873 1.7906975 1.7484260 1.2861543 1.1849090 1.7087132 1.7558333 1.8971567 1.6952626 1.8298212 1.4325043 1.9675685 1.3513985 1.6975340 1.5930329 2.3753109 2.3423010 2.0163655 2.3014318 2.3109898 2.4597611 2.4242987 2.2693092 2.2792449 2.4441741 2.7035517 2.4778715 2.6704421 2.2853555 2.6230337 2.7233182 2.7673648 1.9354043 2.8645092 2.7152864 1.9133783 2.0403497 1.7564262 2.6834300 1.9560890 1.8063266 2.0686490 
Stycar_maker-SC_scaffold26625-augustus-gene-0.8-mRNA-1 1.3083158 1.3926263 1.1898790 1.1463354 0.9128094 1.1599138 1.5154612 1.2068698 1.5490558 0.9048898 0.0000000 1.2411063 1.1985430 1.1137897 1.2242117 1.1248025 1.1024744 1.2678617 1.2911497 1.1391484 1.1971642 1.4456956 1.3465269 1.5264704 1.3216385 1.1279509 1.1626361 3.7598740 1.4386458 1.1012789 1.6369629 1.9586019 1.7959999 1.5187149 1.5947655 1.5832704 1.5397711 1.6295532 1.5206225 1.5206225 1.5289229 3.1044640 9.0000000 2.8445397 2.8445397 2.6770959 2.4724798 2.5975053 3.3090587 2.7963812 2.7883965 2.0174385 1.6229570 1.5762512 1.4685471 1.4756936 3.9939672 4.2662842 
Adig_XM_015911434.1                                    1.7203379 1.6354086 1.4038389 1.5942988 0.9644980 1.6628714 1.9853330 1.3627725 2.2189576 1.8929085 1.2411063 0.0000000 0.4135140 0.4984686 0.4760523 0.5911897 0.5581558 1.5034183 1.8407798 1.6137318 1.7239944 1.2709556 1.2322126 1.6970453 1.6268628 1.6681669 1.4005012 1.8458457 1.8458001 1.9811068 1.6257676 1.9856736 1.8418043 1.8716236 2.0008085 1.9829626 2.0218010 1.9916620 1.9251276 1.9130059 2.1062073 2.5231514 2.1677798 2.3690081 2.0521753 2.5596071 2.3199347 2.3415022 1.9242075 2.5620505 2.6434679 1.7064178 2.0623936 1.7285397 2.8266833 1.6031396 3.0422717 2.5900449 
Gfas_gfas1.m1.14132.m1                                 1.7982027 1.5662839 1.3974286 1.4558535 1.0236959 1.6723559 1.9458003 1.4334327 2.1321281 1.8824348 1.1985430 0.4135140 0.0000000 0.3851080 0.3977780 0.4732889 0.4803163 1.4673497 1.8223572 1.5976295 1.7502327 1.3518410 1.0469343 1.7150794 1.6061032 1.7639970 1.4941938 1.8692949 1.8215416 2.0659672 1.6033578 2.0188722 1.8319388 1.9219515 1.9430784 1.9257204 2.0028055 2.0596049 1.9112271 1.9030760 2.0600878 2.5356634 2.3616974 2.4493921 2.1962147 2.5307906 2.2428033 2.2534450 2.0769884 2.7255364 2.5749545 1.7062403 2.0211903 1.7698558 2.7686188 1.6193264 2.9335417 2.6078199 
Fspp_ffun1.m4.1675.m1                                  1.5733108 1.4349086 1.2169138 1.4470750 0.9437174 1.5745297 1.7785938 1.3478365 1.8963907 1.7570933 1.1137897 0.4984686 0.3851080 0.0000000 0.2339136 0.3390599 0.3523431 1.3644284 1.8385435 1.5680912 1.6578680 1.2403648 1.0467393 1.6987406 1.5516800 1.6545318 1.3973988 1.7156201 1.6744917 2.1027619 1.5973862 2.0822465 1.8570698 1.9585959 1.9486201 1.9370842 1.9663477 1.9937770 1.8495865 1.8378896 2.0315775 2.5799506 2.4786001 2.4990064 2.1673669 2.5515948 2.3023703 2.3380627 1.6885057 2.5807796 2.5819686 1.7494246 1.9114198 1.7892950 2.5557419 1.6616337 2.5700426 2.2069351 
Gasp_gasp1.m3.8798.m1                                  1.5718741 1.4575245 1.1611110 1.3874229 0.9611354 1.5130671 1.8385858 1.3144172 1.9831443 1.7642384 1.2242117 0.4760523 0.3977780 0.2339136 0.0000000 0.3203244 0.3228703 1.2703726 1.8306884 1.5343460 1.6091175 1.2140364 1.0296787 1.5448321 1.5311521 1.5820993 1.3625460 1.6334859 1.6139124 2.0875572 1.4129679 1.9177542 1.7702095 1.8367518 1.8557117 1.8553153 1.9226509 1.9446608 1.8561893 1.8562864 1.9926722 2.3822140 2.2537145 2.2481319 1.9698326 2.4215834 2.1469310 2.1717960 1.6974801 2.4459595 2.4229055 1.5943830 1.7092925 1.7529998 2.7034199 1.4806104 2.5289203 2.1840151 
Spis_XP_022802177_1                                    1.6524586 1.4179133 1.2499265 1.4970859 1.0340558 1.5820171 1.7587117 1.4044417 2.0435658 1.6823693 1.1248025 0.5911897 0.4732889 0.3390599 0.3203244 0.0000000 0.1312094 1.3086588 1.9274406 1.5643025 1.5544189 1.2856845 1.1402773 1.5781228 1.5479348 1.6391351 1.3507553 1.6831256 1.6416327 2.1920614 1.5806520 1.9572685 1.7192851 1.8279613 2.0347628 2.0450690 2.0012519 2.0775494 1.9843578 1.9845366 2.0948031 2.4312296 2.3557003 2.3844818 2.0668088 2.4143737 2.2187899 2.2278909 1.7110476 2.5310068 2.5503811 1.7088814 1.7065477 1.7543590 2.7234445 1.5674964 2.4843688 2.2168690 
Pocdam_XM_027187492.1                                  1.6505422 1.4254871 1.2337383 1.4650179 1.0122636 1.5787516 1.7681300 1.3316592 1.9868288 1.6856873 1.1024744 0.5581558 0.4803163 0.3523431 0.3228703 0.1312094 0.0000000 1.2743983 1.8667725 1.6005741 1.5446265 1.3153547 1.1671915 1.5473674 1.5740996 1.6930782 1.3902117 1.7502885 1.6477034 2.1381085 1.6060350 2.0637664 1.8049526 1.8563936 1.9480114 1.9577958 1.9137058 1.9740832 1.8358115 1.8358944 1.9782165 2.4536670 2.3190438 2.4059989 2.0636986 2.4908964 2.1742702 2.2041680 1.6803480 2.5846172 2.6239891 1.7150201 1.7012304 1.8057275 2.7137349 1.5295337 2.4876655 2.2095852 
Spur_XM_030976745.1                                    1.5395153 1.1342107 1.0466072 1.2001682 1.1137290 1.2471488 1.7077305 1.1390190 1.5355199 1.7906975 1.2678617 1.5034183 1.4673497 1.3644284 1.2703726 1.3086588 1.2743983 0.0000000 1.7156238 1.7661630 1.8282949 1.4263034 1.3636091 1.6577169 1.2019102 1.5634308 1.3825816 1.7909196 1.7634343 2.1493571 1.5659392 2.1817759 1.9874426 1.8531464 1.8658353 1.8742556 1.9185473 1.8942915 1.8034789 1.8223325 1.9125887 2.1719528 1.8274100 2.2870843 1.9636253 2.2815007 2.1404111 2.1553647 2.0712458 2.5833678 2.4509309 1.7104177 1.8042342 1.7116992 2.6519952 1.7130120 2.4435882 1.9074633 
Plajan_Pjan_scaffold924_01                             1.9139785 1.8164283 1.6316345 1.4902415 1.1577850 1.6404733 1.8004833 1.2467889 1.7878704 1.7484260 1.2911497 1.8407798 1.8223572 1.8385435 1.8306884 1.9274406 1.8667725 1.7156238 0.0000000 1.8202667 1.9048689 1.7334046 1.8929656 1.2340243 1.7106796 1.9597369 1.6716441 2.2752010 1.8800498 2.0923982 1.7291597 2.3747610 2.3698325 2.1812682 2.3139013 2.3171508 2.2952866 2.2990825 2.2740550 2.2872032 2.3858146 2.7720075 3.0208771 2.6260222 2.4345574 2.7541980 2.5016785 2.5115983 1.9285175 2.6897437 2.5164617 1.8807720 2.1081131 1.6914978 2.7923938 2.3271269 2.4847887 2.3537817 
Emue_Em0009g899a.t1                                    2.0763913 1.9063893 1.7545602 1.7759305 1.4609210 1.9320754 1.5603625 1.5353852 2.0303004 1.2861543 1.1391484 1.6137318 1.5976295 1.5680912 1.5343460 1.5643025 1.6005741 1.7661630 1.8202667 0.0000000 0.4188343 1.6668227 1.8481593 1.7994576 1.7956247 1.9255031 1.5332239 4.3417635 1.5445572 1.5142326 1.7851476 2.7923713 2.4550421 2.0318102 1.9396997 1.9471118 1.9328846 2.0120095 1.9208001 1.9208001 2.1370210 2.9551249 6.0320961 3.3489791 3.1171025 2.9750804 2.5712704 2.6742051 8.1677170 3.0900523 2.7858500 2.0654419 2.1498528 2.1146974 2.6866030 1.7378285 3.0125045 3.6709830 
Spolac_c99366_g1_i1_m.19502c99366-g1                   2.1135330 1.7164475 1.7635578 1.6189645 1.3554468 1.6860082 1.8604406 1.5614171 2.0223652 1.1849090 1.1971642 1.7239944 1.7502327 1.6578680 1.6091175 1.5544189 1.5446265 1.8282949 1.9048689 0.4188343 0.0000000 1.7303799 1.8006829 1.8132343 1.7344131 1.8452185 1.5369919 2.0508511 1.4547332 1.8979841 1.8501466 2.5933466 2.5296712 1.9473983 2.2958152 2.3016068 2.3341823 2.3021490 2.2222771 2.2291545 2.3534386 2.8405466 2.7303586 2.7044070 2.4450488 2.8883803 2.7005414 2.7699656 2.2164570 2.9714658 2.6249199 1.8589336 2.1809008 1.8568284 2.7269353 1.9794245 1.6830655 2.2148932 
Exapal_XM_021059944.2                                  1.6492073 1.4171434 1.2885068 1.2618638 1.1548567 1.5033546 1.8092059 1.4602335 1.9395081 1.7087132 1.4456956 1.2709556 1.3518410 1.2403648 1.2140364 1.2856845 1.3153547 1.4263034 1.7334046 1.6668227 1.7303799 0.0000000 0.8548378 1.6676294 1.4942441 1.8109487 1.4546398 1.6060474 1.6503270 1.8027888 1.5390684 2.0154308 1.8592477 1.6134255 1.9896371 1.9844971 1.9414183 1.9127636 1.9556651 1.9675844 2.0042842 2.1429762 2.2109289 2.2485727 1.9169686 2.2976712 2.1351241 2.1670272 1.7575975 2.5054027 2.2084498 1.7658995 1.7906143 1.5577524 2.8881584 1.8018820 2.1866170 1.9567699 
Nvec_v1g180626                                         1.5346724 1.4935689 1.3429827 1.3231020 1.0965656 1.4763584 1.8654421 1.3216575 1.8639349 1.7558333 1.3465269 1.2322126 1.0469343 1.0467393 1.0296787 1.1402773 1.1671915 1.3636091 1.8929656 1.8481593 1.8006829 0.8548378 0.0000000 1.7922013 1.4680926 1.8896795 1.3755720 1.7784557 1.6753984 2.0145440 1.6041547 2.0479213 1.8337704 1.8899126 2.0118145 2.0068063 2.0696890 2.0336414 1.9805970 1.9717672 2.0781400 2.5283346 2.4631274 2.4481690 2.1680073 2.5430641 2.2986331 2.3214613 1.8446091 2.5226766 2.4252117 1.7631765 1.6644763 1.7708862 2.8436598 1.6612583 2.5040506 2.2781815 
Opea_EP00118_Oscarella_pearsei_P004566                 1.9005422 1.8151780 1.6224795 1.5750250 1.2103053 1.4983413 1.6797455 1.4652181 1.7299800 1.8971567 1.5264704 1.6970453 1.7150794 1.6987406 1.5448321 1.5781228 1.5473674 1.6577169 1.2340243 1.7994576 1.8132343 1.6676294 1.7922013 0.0000000 1.3752275 1.8701029 1.8088227 2.3164510 1.9920315 2.3364548 1.7324966 2.3439354 2.2480888 2.0277212 1.9620492 1.9521194 2.1008301 2.1346008 2.0149845 2.0151794 2.1390960 2.6714195 2.4990772 2.4256531 2.2391659 2.7083834 2.5714863 2.5954773 2.0404541 2.8380790 2.6490050 1.7025538 1.9144827 1.5682268 2.8273768 2.1480409 2.3219959 1.9946136 
Ctel_gnl_WGS_AMQN_CAPTEDRAFT_mRNA221890                1.3974915 1.0659949 1.3264890 0.9564911 1.1920951 1.0708517 1.6622454 1.2389611 1.6922370 1.6952626 1.3216385 1.6268628 1.6061032 1.5516800 1.5311521 1.5479348 1.5740996 1.2019102 1.7106796 1.7956247 1.7344131 1.4942441 1.4680926 1.3752275 0.0000000 1.4905085 1.6127895 2.0579066 1.7684714 1.9432192 1.4739061 2.1527915 1.9265699 1.7332134 1.8653671 1.8667580 2.0704495 2.0350755 1.9786407 1.9788116 1.9368718 2.4300927 2.2989256 2.5451154 2.2245909 2.5589499 2.3534427 2.3697291 2.3827918 2.7559209 2.3836248 1.6273105 1.7325899 1.7380768 2.6693156 1.8293676 2.2409148 1.8376781 
Dpul_mRNA7557                                          2.1397062 1.6119714 1.6218074 1.5071073 1.2372550 1.6744989 2.0739887 1.3364476 2.1739342 1.8298212 1.1279509 1.6681669 1.7639970 1.6545318 1.5820993 1.6391351 1.6930782 1.5634308 1.9597369 1.9255031 1.8452185 1.8109487 1.8896795 1.8701029 1.4905085 0.0000000 1.6168562 2.2728862 1.6381763 1.8584384 2.2631608 2.3961057 2.2438561 1.7147031 2.2542264 2.2519219 2.3423411 2.3508045 2.2849326 2.2988898 2.3939176 2.5389920 2.3167229 2.4622905 2.1622412 2.7095804 2.6053294 2.6264660 2.2292649 2.7497117 2.6065554 2.0933015 1.9601772 1.8961772 2.4912122 1.9582327 2.8592651 2.3622888 
Dgig_XM_028561160.1                                    1.5518206 1.4853477 1.4984781 1.3845291 1.0230697 1.5150525 1.6665265 1.3472964 1.7465941 1.4325043 1.1626361 1.4005012 1.4941938 1.3973988 1.3625460 1.3507553 1.3902117 1.3825816 1.6716441 1.5332239 1.5369919 1.4546398 1.3755720 1.8088227 1.6127895 1.6168562 0.0000000 0.5748579 1.4914441 1.6632750 1.3814208 2.0112788 1.7895413 1.8805988 1.9288029 1.9325156 1.9482017 1.9329487 1.9247625 1.9326727 1.9924785 2.2879969 2.0880845 2.2018093 1.9601670 2.4608255 2.2659908 2.3004483 1.9524781 2.3997874 2.1912620 1.5282933 1.9242288 1.6008973 2.6980871 1.6892002 2.0090030 2.0851025 
Xesp_001769-T1                                         1.8922757 1.7792174 1.6783754 1.6006927 2.3977803 1.8618598 1.9796396 1.8825049 2.2805784 1.9675685 3.7598740 1.8458457 1.8692949 1.7156201 1.6334859 1.6831256 1.7502885 1.7909196 2.2752010 4.3417635 2.0508511 1.6060474 1.7784557 2.3164510 2.0579066 2.2728862 0.5748579 0.0000000 1.8681230 2.6552699 1.6044170 2.1817284 2.0473560 2.2026721 2.4301547 2.4307474 2.4039156 2.3106528 2.3939266 2.4038931 2.3794213 2.5722272 2.3842568 2.7536971 2.4008952 2.6982567 2.6263168 2.6442588 2.1852647 3.0226730 2.3423228 1.4026785 2.1869899 2.0821883 3.6563111 1.8210173 2.0229487 1.8178758 
Xestes_maker-XT_scaffold2528-snap-gene-0.63-mRNA-1     1.9674833 1.7348368 1.8121491 1.6880238 1.0767830 1.7480721 1.8671197 1.4244172 1.9669787 1.3513985 1.4386458 1.8458001 1.8215416 1.6744917 1.6139124 1.6416327 1.6477034 1.7634343 1.8800498 1.5445572 1.4547332 1.6503270 1.6753984 1.9920315 1.7684714 1.6381763 1.4914441 1.8681230 0.0000000 1.3346061 1.7001488 2.3038313 2.3182081 1.8735883 2.1886394 2.1835014 2.2215380 2.2062254 2.1061880 2.1193275 2.2190034 2.6205683 2.4078216 2.5960325 2.3377532 2.7991610 2.4944718 2.5338371 1.7792330 2.6036383 2.4197475 1.9372218 2.0640614 1.8810413 2.7411299 1.7977382 1.8334180 2.1289527 
Aque_Aqu2.1.20097_001                                  1.9906092 1.7688409 1.8930812 1.7460839 1.2740397 2.0764218 1.8062475 1.6304381 2.2674876 1.6975340 1.1012789 1.9811068 2.0659672 2.1027619 2.0875572 2.1920614 2.1381085 2.1493571 2.0923982 1.5142326 1.8979841 1.8027888 2.0145440 2.3364548 1.9432192 1.8584384 1.6632750 2.6552699 1.3346061 0.0000000 1.8248263 2.5567061 2.3979302 2.0486590 2.1060920 2.1337483 2.2349098 2.2410437 2.1959537 2.1959537 2.3518582 3.1107797 3.2402236 2.9859587 2.9859587 3.2348771 3.1506658 3.1590751 1.6704111 3.1270323 3.2622758 2.3913429 2.7347756 1.9955090 2.4527377 2.0321403 2.8122712 2.5310760 
Morvir_scaffold215.g19.t1                              1.6082501 1.4185802 1.4545035 1.2745089 1.3635400 1.4092642 1.6984892 1.4989508 1.8236770 1.5930329 1.6369629 1.6257676 1.6033578 1.5973862 1.4129679 1.5806520 1.6060350 1.5659392 1.7291597 1.7851476 1.8501466 1.5390684 1.6041547 1.7324966 1.4739061 2.2631608 1.3814208 1.6044170 1.7001488 1.8248263 0.0000000 1.5688733 1.4571894 1.5335745 2.1918435 2.2012768 2.1195589 2.0769132 2.0574444 2.0657567 2.1276163 2.4221696 2.4055027 2.2518393 2.0890253 2.5041239 2.3821909 2.3758174 2.0039238 2.4950158 2.3765884 1.9439152 2.0271838 1.5719708 2.9612928 1.4492375 1.7965744 1.8325667 
Nemnom_g17105.t1                                       2.3443246 2.2687962 2.2720646 1.9518199 1.7712590 2.2678352 2.5795039 2.2083522 2.5570808 2.3753109 1.9586019 1.9856736 2.0188722 2.0822465 1.9177542 1.9572685 2.0637664 2.1817759 2.3747610 2.7923713 2.5933466 2.0154308 2.0479213 2.3439354 2.1527915 2.3961057 2.0112788 2.1817284 2.3038313 2.5567061 1.5688733 0.0000000 0.3170265 1.1942264 2.6069178 2.6286018 2.5826396 2.5213452 2.4018133 2.4088506 2.5367066 3.0885859 2.7257585 2.7509377 2.3826958 2.9710833 3.0355156 3.0873988 2.5481367 3.5625875 3.0030753 2.1488984 2.0372156 1.9825651 3.4987234 2.0480093 3.0439499 2.5152547 
Rhoesc_Res_013596-T1                                   2.1304188 2.1214088 1.9623443 1.8362797 1.5649260 2.0372217 2.5731513 2.0901876 2.5263613 2.3423010 1.7959999 1.8418043 1.8319388 1.8570698 1.7702095 1.7192851 1.8049526 1.9874426 2.3698325 2.4550421 2.5296712 1.8592477 1.8337704 2.2480888 1.9265699 2.2438561 1.7895413 2.0473560 2.3182081 2.3979302 1.4571894 0.3170265 0.0000000 1.1018100 2.4498366 2.4693987 2.4770317 2.4708546 2.3378880 2.3446371 2.3946950 3.0367055 2.6685237 2.6206256 2.2877863 2.9007055 2.9263618 2.9459246 2.5092067 3.1878167 3.1203058 1.9639077 2.0200632 1.8827526 3.1001229 1.8848966 3.2482737 2.4389880 
Sanmal_Sma_009187-T1                                   2.0502418 1.8461048 2.0320793 1.7804339 1.4486041 1.9639168 2.2844011 1.6835415 2.2247538 2.0163655 1.5187149 1.8716236 1.9219515 1.9585959 1.8367518 1.8279613 1.8563936 1.8531464 2.1812682 2.0318102 1.9473983 1.6134255 1.8899126 2.0277212 1.7332134 1.7147031 1.8805988 2.2026721 1.8735883 2.0486590 1.5335745 1.1942264 1.1018100 0.0000000 2.3365592 2.3496335 2.3972109 2.3543135 2.4550912 2.4599434 2.3564200 2.8896484 2.8048869 2.7456794 2.4076522 2.9175552 2.6431253 2.6719333 2.4765080 3.1043032 2.6977616 2.1228624 1.8938101 1.8535527 3.0611495 1.7089422 2.5754827 2.5655254 
Tadh_TriadT58126                                       2.1391272 2.0989707 2.0630725 1.8382962 1.3557259 1.8051826 2.1710527 1.7022430 2.1916349 2.3014318 1.5947655 2.0008085 1.9430784 1.9486201 1.8557117 2.0347628 1.9480114 1.8658353 2.3139013 1.9396997 2.2958152 1.9896371 2.0118145 1.9620492 1.8653671 2.2542264 1.9288029 2.4301547 2.1886394 2.1060920 2.1918435 2.6069178 2.4498366 2.3365592 0.0000000 0.0040796 0.3310260 0.3253047 0.3203932 0.3158091 0.2858016 2.7484622 2.9187204 2.7043667 2.4572410 2.7153870 2.6225439 2.6257859 1.8850124 2.7327775 2.5734470 2.1703488 2.1724943 2.1713092 2.9054118 2.1116008 2.6985029 2.6229932 
TrH2_TrispH2_000594-RA                                 2.1341749 2.1050240 2.0795494 1.8425928 1.3593127 1.8006731 2.1874694 1.7098254 2.1865842 2.3109898 1.5832704 1.9829626 1.9257204 1.9370842 1.8553153 2.0450690 1.9577958 1.8742556 2.3171508 1.9471118 2.3016068 1.9844971 2.0068063 1.9521194 1.8667580 2.2519219 1.9325156 2.4307474 2.1835014 2.1337483 2.2012768 2.6286018 2.4693987 2.3496335 0.0040796 0.0000000 0.3243479 0.3186745 0.3138051 0.3092696 0.2858112 2.7433998 2.9187204 2.6973019 2.4495142 2.7168392 2.6070274 2.6103002 1.8850124 2.7109499 2.5746588 2.1697268 2.1586304 2.1704602 2.8922965 2.0987683 2.6985029 2.6229932 
HoiH06_mRNA9252                                        2.0865727 2.1288004 2.1032635 1.8475446 1.3547451 1.8736057 2.1522611 1.6403578 2.2978737 2.4597611 1.5397711 2.0218010 2.0028055 1.9663477 1.9226509 2.0012519 1.9137058 1.9185473 2.2952866 1.9328846 2.3341823 1.9414183 2.0696890 2.1008301 2.0704495 2.3423411 1.9482017 2.4039156 2.2215380 2.2349098 2.1195589 2.5826396 2.4770317 2.3972109 0.3310260 0.3243479 0.0000000 0.0666815 0.1355051 0.1384234 0.2042808 2.8371077 3.1063009 2.8011322 2.5318305 2.7960540 2.5991483 2.6470065 1.9922904 2.7961575 2.5854460 2.2693098 2.2044152 2.2576012 2.8962125 2.1156624 2.7993397 2.7405243 
HoiH23_PlH23_002816-RA                                 2.0770460 2.1112408 2.0676804 1.8523249 1.3995576 1.8419531 2.1970087 1.6369508 2.2465675 2.4242987 1.6295532 1.9916620 2.0596049 1.9937770 1.9446608 2.0775494 1.9740832 1.8942915 2.2990825 2.0120095 2.3021490 1.9127636 2.0336414 2.1346008 2.0350755 2.3508045 1.9329487 2.3106528 2.2062254 2.2410437 2.0769132 2.5213452 2.4708546 2.3543135 0.3253047 0.3186745 0.0666815 0.0000000 0.1394330 0.1424036 0.1887480 2.8243574 3.1510213 2.8433182 2.5496545 2.7945914 2.6270243 2.6804084 2.0323489 2.8135813 2.5632487 2.2512022 2.2192242 2.1537112 2.8586387 2.1747324 2.7823416 2.6974831 
Hhon_g00094.t1                                         2.0196126 1.9945809 1.9936233 1.7181404 1.4179768 1.7928815 2.0734493 1.6029181 2.2045698 2.2693092 1.5206225 1.9251276 1.9112271 1.8495865 1.8561893 1.9843578 1.8358115 1.8034789 2.2740550 1.9208001 2.2222771 1.9556651 1.9805970 2.0149845 1.9786407 2.2849326 1.9247625 2.3939266 2.1061880 2.1959537 2.0574444 2.4018133 2.3378880 2.4550912 0.3203932 0.3138051 0.1355051 0.1394330 0.0000000 0.0039371 0.1821166 2.8329023 2.9773022 2.7665783 2.4160203 2.8346961 2.6177525 2.6803757 1.9521597 2.7085063 2.7233545 2.1111096 2.1001132 2.1622707 2.7555591 2.0734667 2.7664074 2.6366673 
HoiH04_mRNA16913                                       2.0198047 1.9868648 1.9835528 1.7181526 1.4179768 1.7962038 2.0693185 1.6029181 2.2075515 2.2792449 1.5206225 1.9130059 1.9030760 1.8378896 1.8562864 1.9845366 1.8358944 1.8223325 2.2872032 1.9208001 2.2291545 1.9675844 1.9717672 2.0151794 1.9788116 2.2988898 1.9326727 2.4038931 2.1193275 2.1959537 2.0657567 2.4088506 2.3446371 2.4599434 0.3158091 0.3092696 0.1384234 0.1424036 0.0039371 0.0000000 0.1786674 2.8744800 2.9773022 2.8082218 2.4160203 2.8560456 2.6265962 2.6894191 1.9521597 2.7497538 2.7026731 2.1111096 2.1161046 2.1622707 2.7683881 2.0924173 2.8191398 2.6507478 
HoiH11_mRNA8731                                        2.0714653 2.0037598 2.0821097 1.7691787 1.5031748 1.8697609 2.2252401 1.7506809 2.2804367 2.4441741 1.5289229 2.1062073 2.0600878 2.0315775 1.9926722 2.0948031 1.9782165 1.9125887 2.3858146 2.1370210 2.3534386 2.0042842 2.0781400 2.1390960 1.9368718 2.3939176 1.9924785 2.3794213 2.2190034 2.3518582 2.1276163 2.5367066 2.3946950 2.3564200 0.2858016 0.2858112 0.2042808 0.1887480 0.1821166 0.1786674 0.0000000 2.9109253 3.0961990 2.7799336 2.4775190 2.8211702 2.6315113 2.6741405 1.9932258 2.7370476 2.6283350 2.3092845 2.1934997 2.2849572 2.9064558 2.1627428 3.1393721 2.7404036 
Mlei_ML0120.g4.i1                                      2.5295749 2.3071717 2.4931148 2.5432313 2.7723600 2.6503152 2.8262182 2.1965954 3.0847932 2.7035517 3.1044640 2.5231514 2.5356634 2.5799506 2.3822140 2.4312296 2.4536670 2.1719528 2.7720075 2.9551249 2.8405466 2.1429762 2.5283346 2.6714195 2.4300927 2.5389920 2.2879969 2.5722272 2.6205683 3.1107797 2.4221696 3.0885859 3.0367055 2.8896484 2.7484622 2.7433998 2.8371077 2.8243574 2.8329023 2.8744800 2.9109253 0.0000000 0.0297929 0.4791091 0.3985691 0.4912647 0.8344048 0.8447279 0.8556280 1.1122983 1.0370185 1.1256168 2.8772685 2.7110173 4.0384133 2.7654867 3.4212636 2.9998750 
Vmul_sbMO360883                                        2.3501944 2.1283912 2.2411316 2.1804663 3.4157519 2.4685799 2.7456483 2.3615028 3.0008679 2.4778715 9.0000000 2.1677798 2.3616974 2.4786001 2.2537145 2.3557003 2.3190438 1.8274100 3.0208771 6.0320961 2.7303586 2.2109289 2.4631274 2.4990772 2.2989256 2.3167229 2.0880845 2.3842568 2.4078216 3.2402236 2.4055027 2.7257585 2.6685237 2.8048869 2.9187204 2.9187204 3.1063009 3.1510213 2.9773022 2.9773022 3.0961990 0.0297929 0.0000000 0.4843865 0.4341267 0.6227133 0.9524101 0.9524101 0.9679530 1.3615928 0.9941772 0.9582816 2.9149410 2.6867422 4.4082484 2.2386573 3.1413686 2.4144813 
Bolinf_Binf_sb1213304                                  2.4778944 2.4114707 2.6291537 2.2517064 2.5654318 2.5370989 2.7812728 2.0924068 3.0206643 2.6704421 2.8445397 2.3690081 2.4493921 2.4990064 2.2481319 2.3844818 2.4059989 2.2870843 2.6260222 3.3489791 2.7044070 2.2485727 2.4481690 2.4256531 2.5451154 2.4622905 2.2018093 2.7536971 2.5960325 2.9859587 2.2518393 2.7509377 2.6206256 2.7456794 2.7043667 2.6973019 2.8011322 2.8433182 2.7665783 2.8082218 2.7799336 0.4791091 0.4843865 0.0000000 0.0000010 0.5019735 0.8834541 0.8742403 0.9394669 1.1369525 0.9604421 1.1113158 2.4713590 2.5890868 3.8016348 2.5790669 3.2334172 2.7618376 
Mertsp_Mesp_sb566877                                   2.2279898 2.0267179 2.2802126 2.1525621 2.5654318 2.3130587 2.4473593 2.0924068 2.6947081 2.2853555 2.8445397 2.0521753 2.1962147 2.1673669 1.9698326 2.0668088 2.0636986 1.9636253 2.4345574 3.1171025 2.4450488 1.9169686 2.1680073 2.2391659 2.2245909 2.1622412 1.9601670 2.4008952 2.3377532 2.9859587 2.0890253 2.3826958 2.2877863 2.4076522 2.4572410 2.4495142 2.5318305 2.5496545 2.4160203 2.4160203 2.4775190 0.3985691 0.4341267 0.0000010 0.0000000 0.4145302 0.8225437 0.8159606 0.9394669 0.9708343 0.7998424 1.1113158 2.5259996 2.5890868 3.3409912 2.0545987 2.6600194 2.3410900 
Beraby_Baby_sb342792                                   2.6278547 2.3318778 2.6115124 2.4002963 2.4797702 2.8077354 3.0665707 2.3149453 3.0231866 2.6230337 2.6770959 2.5596071 2.5307906 2.5515948 2.4215834 2.4143737 2.4908964 2.2815007 2.7541980 2.9750804 2.8883803 2.2976712 2.5430641 2.7083834 2.5589499 2.7095804 2.4608255 2.6982567 2.7991610 3.2348771 2.5041239 2.9710833 2.9007055 2.9175552 2.7153870 2.7168392 2.7960540 2.7945914 2.8346961 2.8560456 2.8211702 0.4912647 0.6227133 0.5019735 0.4145302 0.0000000 0.9172880 0.9082687 0.9904221 1.1726001 0.9127230 1.0723672 2.9358265 2.4313257 3.9041141 2.8135816 3.1761166 2.8988083 
Pbac_sb2656048                                         2.3480524 2.2608621 2.5090961 2.4436185 2.3605125 2.6230665 2.5311959 2.0119046 2.6455056 2.7233182 2.4724798 2.3199347 2.2428033 2.3023703 2.1469310 2.2187899 2.1742702 2.1404111 2.5016785 2.5712704 2.7005414 2.1351241 2.2986331 2.5714863 2.3534427 2.6053294 2.2659908 2.6263168 2.4944718 3.1506658 2.3821909 3.0355156 2.9263618 2.6431253 2.6225439 2.6070274 2.5991483 2.6270243 2.6177525 2.6265962 2.6315113 0.8344048 0.9524101 0.8834541 0.8225437 0.9172880 0.0000000 0.0193783 0.8745710 1.2629347 1.1380827 1.0513897 2.5995292 2.6380841 3.7032099 2.8350057 3.2660657 2.8051399 
Horcal_Hcv1.av93.c13.g509.i1                           2.3965245 2.2567146 2.5257064 2.4795024 2.3957098 2.6431671 2.6244170 2.0389594 2.6987878 2.7673648 2.5975053 2.3415022 2.2534450 2.3380627 2.1717960 2.2278909 2.2041680 2.1553647 2.5115983 2.6742051 2.7699656 2.1670272 2.3214613 2.5954773 2.3697291 2.6264660 2.3004483 2.6442588 2.5338371 3.1590751 2.3758174 3.0873988 2.9459246 2.6719333 2.6257859 2.6103002 2.6470065 2.6804084 2.6803757 2.6894191 2.6741405 0.8447279 0.9524101 0.8742403 0.8159606 0.9082687 0.0193783 0.0000000 0.8745710 1.2578513 1.1367871 1.0481819 2.6181357 2.6705616 3.7159514 2.8706992 3.2368182 2.8614611 
Coeast_Cast_sb758304                                   1.8824349 1.9991085 2.0018906 1.6798768 4.3640628 1.9610577 1.9964406 1.4169590 2.1535202 1.9354043 3.3090587 1.9242075 2.0769884 1.6885057 1.6974801 1.7110476 1.6803480 2.0712458 1.9285175 8.1677170 2.2164570 1.7575975 1.8446091 2.0404541 2.3827918 2.2292649 1.9524781 2.1852647 1.7792330 1.6704111 2.0039238 2.5481367 2.5092067 2.4765080 1.8850124 1.8850124 1.9922904 2.0323489 1.9521597 1.9521597 1.9932258 0.8556280 0.9679530 0.9394669 0.9394669 0.9904221 0.8745710 0.8745710 0.0000000 0.0795915 0.8521799 1.0187564 2.6414557 2.2780075 3.1279754 2.4418330 2.4738777 2.2438691 
Coemet_Cmet_C604570_01                                 2.6187411 2.6439345 2.7469208 2.3675262 2.8933768 2.6731167 2.9419273 2.2892748 3.0961091 2.8645092 2.7963812 2.5620505 2.7255364 2.5807796 2.4459595 2.5310068 2.5846172 2.5833678 2.6897437 3.0900523 2.9714658 2.5054027 2.5226766 2.8380790 2.7559209 2.7497117 2.3997874 3.0226730 2.6036383 3.1270323 2.4950158 3.5625875 3.1878167 3.1043032 2.7327775 2.7109499 2.7961575 2.8135813 2.7085063 2.7497538 2.7370476 1.1122983 1.3615928 1.1369525 0.9708343 1.1726001 1.2629347 1.2578513 0.0795915 0.0000000 1.2583725 1.2901084 2.7920603 2.7304479 3.7130032 2.9152886 3.0171095 2.9475001 
Lampan_Lpan_C418331_01                                 2.6090934 2.6085232 2.6426221 2.2511503 2.3486851 2.4849145 2.7981218 2.1985240 2.4573174 2.7152864 2.7883965 2.6434679 2.5749545 2.5819686 2.4229055 2.5503811 2.6239891 2.4509309 2.5164617 2.7858500 2.6249199 2.2084498 2.4252117 2.6490050 2.3836248 2.6065554 2.1912620 2.3423228 2.4197475 3.2622758 2.3765884 3.0030753 3.1203058 2.6977616 2.5734470 2.5746588 2.5854460 2.5632487 2.7233545 2.7026731 2.6283350 1.0370185 0.9941772 0.9604421 0.7998424 0.9127230 1.1380827 1.1367871 0.8521799 1.2583725 0.0000000 1.3353493 2.9881595 2.4400352 3.6223114 2.7119651 2.8024442 2.6589084 
Eupdun_Edun_sb10625985                                 1.9946584 1.7672644 1.7165239 1.7700259 2.3612794 1.9072749 1.8884053 1.8122936 2.2494857 1.9133783 2.0174385 1.7064178 1.7062403 1.7494246 1.5943830 1.7088814 1.7150201 1.7104177 1.8807720 2.0654419 1.8589336 1.7658995 1.7631765 1.7025538 1.6273105 2.0933015 1.5282933 1.4026785 1.9372218 2.3913429 1.9439152 2.1488984 1.9639077 2.1228624 2.1703488 2.1697268 2.2693098 2.2512022 2.1111096 2.1111096 2.3092845 1.1256168 0.9582816 1.1113158 1.1113158 1.0723672 1.0513897 1.0481819 1.0187564 1.2901084 1.3353493 0.0000000 1.8705442 2.2664340 2.6303957 1.9422605 1.7576332 1.7535574 
Cscu_XM_023366411.1                                    1.8487024 1.7715272 1.6671598 1.5560096 1.7355044 1.6636348 2.2992421 1.8504095 2.4352552 2.0403497 1.6229570 2.0623936 2.0211903 1.9114198 1.7092925 1.7065477 1.7012304 1.8042342 2.1081131 2.1498528 2.1809008 1.7906143 1.6644763 1.9144827 1.7325899 1.9601772 1.9242288 2.1869899 2.0640614 2.7347756 2.0271838 2.0372156 2.0200632 1.8938101 2.1724943 2.1586304 2.2044152 2.2192242 2.1001132 2.1161046 2.1934997 2.8772685 2.9149410 2.4713590 2.5259996 2.9358265 2.5995292 2.6181357 2.6414557 2.7920603 2.9881595 1.8705442 0.0000000 2.0448031 3.0103010 1.8994665 2.9179704 2.0656591 
Chem_TCONS_00017788                                    1.8884283 1.8060793 1.6996218 1.5900660 1.5713040 1.4317861 1.8709615 1.8308895 2.1312067 1.7564262 1.5762512 1.7285397 1.7698558 1.7892950 1.7529998 1.7543590 1.8057275 1.7116992 1.6914978 2.1146974 1.8568284 1.5577524 1.7708862 1.5682268 1.7380768 1.8961772 1.6008973 2.0821883 1.8810413 1.9955090 1.5719708 1.9825651 1.8827526 1.8535527 2.1713092 2.1704602 2.2576012 2.1537112 2.1622707 2.1622707 2.2849572 2.7110173 2.6867422 2.5890868 2.5890868 2.4313257 2.6380841 2.6705616 2.2780075 2.7304479 2.4400352 2.2664340 2.0448031 0.0000000 2.9521936 1.4417257 2.5320705 2.2675185 
Tcas_TC009787_001                                      3.0051327 2.8895722 2.6656864 2.7088502 1.8529875 2.6582962 2.4719800 1.9175225 2.6484759 2.6834300 1.4685471 2.8266833 2.7686188 2.5557419 2.7034199 2.7234445 2.7137349 2.6519952 2.7923938 2.6866030 2.7269353 2.8881584 2.8436598 2.8273768 2.6693156 2.4912122 2.6980871 3.6563111 2.7411299 2.4527377 2.9612928 3.4987234 3.1001229 3.0611495 2.9054118 2.8922965 2.8962125 2.8586387 2.7555591 2.7683881 2.9064558 4.0384133 4.4082484 3.8016348 3.3409912 3.9041141 3.7032099 3.7159514 3.1279754 3.7130032 3.6223114 2.6303957 3.0103010 2.9521936 0.0000000 2.8750356 3.5082150 3.4765430 
Hvul_g1193_1                                           1.9085374 1.8143808 2.1257922 1.5788801 1.7701760 1.8750280 2.3831551 1.6385883 2.1441777 1.9560890 1.4756936 1.6031396 1.6193264 1.6616337 1.4806104 1.5674964 1.5295337 1.7130120 2.3271269 1.7378285 1.9794245 1.8018820 1.6612583 2.1480409 1.8293676 1.9582327 1.6892002 1.8210173 1.7977382 2.0321403 1.4492375 2.0480093 1.8848966 1.7089422 2.1116008 2.0987683 2.1156624 2.1747324 2.0734667 2.0924173 2.1627428 2.7654867 2.2386573 2.5790669 2.0545987 2.8135816 2.8350057 2.8706992 2.4418330 2.9152886 2.7119651 1.9422605 1.8994665 1.4417257 2.8750356 0.0000000 2.5796192 2.8361179 
Plespi_Pspi_scaffold17964_01                           2.9095957 2.4504120 2.8380451 2.0422014 2.5672323 2.3318810 2.2835257 7.5028992 2.2116323 1.8063266 3.9939672 3.0422717 2.9335417 2.5700426 2.5289203 2.4843688 2.4876655 2.4435882 2.4847887 3.0125045 1.6830655 2.1866170 2.5040506 2.3219959 2.2409148 2.8592651 2.0090030 2.0229487 1.8334180 2.8122712 1.7965744 3.0439499 3.2482737 2.5754827 2.6985029 2.6985029 2.7993397 2.7823416 2.7664074 2.8191398 3.1393721 3.4212636 3.1413686 3.2334172 2.6600194 3.1761166 3.2660657 3.2368182 2.4738777 3.0171095 2.8024442 1.7576332 2.9179704 2.5320705 3.5082150 2.5796192 0.0000000 2.2900890 
Gracom_Gcom_scaffold15203_01                           2.2813626 2.0583612 1.9881796 1.6967149 3.7264579 1.9049381 0.9818958 1.1049410 1.0254413 2.0686490 4.2662842 2.5900449 2.6078199 2.2069351 2.1840151 2.2168690 2.2095852 1.9074633 2.3537817 3.6709830 2.2148932 1.9567699 2.2781815 1.9946136 1.8376781 2.3622888 2.0851025 1.8178758 2.1289527 2.5310760 1.8325667 2.5152547 2.4389880 2.5655254 2.6229932 2.6229932 2.7405243 2.6974831 2.6366673 2.6507478 2.7404036 2.9998750 2.4144813 2.7618376 2.3410900 2.8988083 2.8051399 2.8614611 2.2438691 2.9475001 2.6589084 1.7535574 2.0656591 2.2675185 3.4765430 2.8361179 2.2900890 0.0000000 
