50
Dpul_mRNA19294                                                    0.0000000 0.6661723 1.0282645 0.4715161 0.9435892 0.9439898 0.6100598 0.9471232 0.8528307 1.0033880 1.0165387 1.0650442 1.1391396 1.2350548 1.1356736 0.5714967 0.8853324 0.8623810 1.2176444 0.7558403 1.0789261 1.1040217 0.7499616 1.0237624 0.9758843 0.9829241 1.0793935 1.0582722 0.9720604 1.1223206 1.0801780 1.0784706 1.0882867 1.0950862 0.9416612 1.1180257 1.2930122 1.0872638 1.4080109 1.1984149 1.2337691 1.4743486 1.6083516 1.4981553 1.0936327 1.0932531 1.5823967 1.7903356 1.2859677 2.4754407 
Cscu_XM_023384846.1                                               0.6661723 0.0000000 0.7858313 0.3317117 0.6974907 0.6891221 0.5111774 0.8076199 0.6855444 0.8662919 0.7602784 0.7488448 0.9192448 0.9974773 0.8681656 0.5359157 0.7454946 0.7365083 0.9538263 0.7072236 0.8929108 0.9222020 0.6159912 0.8725397 0.9079307 0.8972062 0.8619814 0.8834050 0.8336647 0.9131707 0.9971887 0.9328694 0.8974579 0.8902542 0.7525496 0.9019448 1.0712906 0.9964508 1.0813241 1.0215583 1.0704491 1.2976612 1.3662786 1.1149205 0.8266358 0.9450137 1.4085692 1.2431933 1.0339916 1.4849830 
Exapal_XM_021047569.2                                             1.0282645 0.7858313 0.0000000 0.2896957 0.7925719 0.7938216 0.6089368 0.8139523 0.7282949 0.8325727 0.7926106 1.0492666 1.1084096 1.2013582 1.0211999 0.7214330 0.9916544 0.7268834 0.8537312 0.7617696 1.0290326 1.0554036 0.7315222 1.0015838 1.0141823 1.0179194 1.0177494 0.9990923 0.8969315 0.9690032 0.9772944 0.9407257 0.9543271 0.9461306 1.0119458 0.9636764 1.1518755 1.0165601 1.2138034 0.9406489 0.9268632 1.1939863 1.3114017 1.0907040 0.8591339 0.8622697 1.1217987 1.2339552 1.0848289 1.4456226 
Nvec_v1g154243                                                    0.4715161 0.3317117 0.2896957 0.0000000 0.3286847 0.2855988 0.2464394 0.2711008 0.3000023 0.4640377 0.4486928 0.4651748 0.5086837 0.7532643 0.5762354 0.4917332 0.4833155 0.4623715 0.4623715 0.5891885 0.5728388 0.5728388 0.5643014 0.5585969 0.5187835 0.5187835 0.5251255 0.5647327 0.7277213 0.5939652 0.5890608 0.7095777 0.5130406 0.4825106 0.3536182 0.6335693 0.8275434 0.5892294 0.6122327 0.6712377 0.7366145 0.6686434 0.7631875 0.7096267 0.6835103 0.6372056 0.6121266 0.7883724 0.7377454 1.1525453 
Gfas_gfas1.m1.9111.m1                                             0.9435892 0.6974907 0.7925719 0.3286847 0.0000000 0.2503654 0.2484778 0.2746275 0.2580532 0.8995659 0.8293926 0.8554140 0.8977564 0.9694532 0.8949782 0.5869809 0.7391057 0.7008121 0.8629176 0.7251930 0.9750748 1.0148529 0.6791321 0.9335106 0.9725892 0.9760275 0.9867373 0.9982915 0.8861384 1.0034267 0.9093993 0.9420409 0.9274596 0.9042697 0.6945267 0.9170336 1.0416885 0.9476274 1.2924123 0.9237054 0.8878658 1.1991080 1.2560333 1.1314323 0.7749599 0.7467944 1.1573260 1.3454658 0.9509929 1.7616075 
Fspp_ffun1.m4.4196.m1                                             0.9439898 0.6891221 0.7938216 0.2855988 0.2503654 0.0000000 0.0934365 0.2626047 0.2290133 0.8302639 0.7700173 0.8041509 1.0034247 1.0705217 1.0038379 0.5905195 0.7459644 0.7172934 0.8957510 0.7016389 1.0129255 1.0534068 0.7139871 0.9939636 0.9995527 0.9940648 1.0377540 0.9617941 0.8533732 0.9645938 0.8934636 0.9867314 0.8955072 0.8959021 0.8070955 0.9146913 1.1467977 0.9937080 1.4751032 0.8966066 0.8731810 1.1492644 1.2619331 1.1104116 0.8060102 0.8171263 1.1306422 1.2277395 1.0241480 1.5867156 
Gasp_gasp1.m3.13672.m1                                            0.6100598 0.5111774 0.6089368 0.2464394 0.2484778 0.0934365 0.0000000 0.2584130 0.2082176 0.7083257 0.6526014 0.6465440 0.7989935 0.8596294 0.8119738 0.5966263 0.6396975 0.6485920 0.6553508 0.7260346 0.7700239 0.7700239 0.6609430 0.7096409 0.7195942 0.7195942 0.7551465 0.7141654 0.7304952 0.8486018 0.7276018 0.7223565 0.7534907 0.7240561 0.7876831 0.7432582 0.9765481 0.7559356 0.9103062 0.8694430 0.8862574 0.9512760 1.0605760 0.9949742 0.8036852 0.8236673 0.9732238 1.1036724 1.0525687 1.0916729 
Spis_XP_022786164_1                                               0.9471232 0.8076199 0.8139523 0.2711008 0.2746275 0.2626047 0.2584130 0.0000000 0.1231902 0.8864521 0.8616857 0.8713666 0.9847368 1.1415882 0.9480536 0.5897969 0.9148179 0.7357636 0.9160218 0.7107934 1.0641202 1.0923258 0.7868299 1.0008714 0.9727141 0.9762360 1.0845195 1.0144687 0.9314317 0.9930534 0.9434014 0.9924640 1.0077805 0.9705058 0.9139323 1.0223429 1.1815638 1.0257684 1.3283854 1.0190026 1.0506060 1.2964979 1.3170727 1.1886985 0.8027891 0.8474445 1.2595865 1.4775860 1.1001219 1.5436446 
Pocdam_XM_027193058.1                                             0.8528307 0.6855444 0.7282949 0.3000023 0.2580532 0.2290133 0.2082176 0.1231902 0.0000000 0.8792046 0.8228699 0.8150046 0.9449371 1.0647731 0.9858789 0.5395496 0.8110475 0.7005100 0.9222710 0.7041363 0.9519305 1.0057920 0.6797586 0.9560971 0.9253386 0.9286064 0.9803239 0.9526604 0.8664157 1.0122963 0.8497461 0.9704018 0.9126428 0.8544586 0.7622187 0.9321905 1.1327081 0.9746591 1.3068612 0.9226807 0.9013162 1.1602653 1.2304109 1.0449101 0.7716988 0.8327122 1.1582660 1.3374419 1.0837128 1.6434348 
Emue_Em0004g1356a.t1                                              1.0033880 0.8662919 0.8325727 0.4640377 0.8995659 0.8302639 0.7083257 0.8864521 0.8792046 0.0000000 0.2217181 0.7865801 0.9664658 1.0918480 0.9639757 0.7015132 1.0838495 0.9488851 0.9815300 0.4774783 1.0439619 1.0918508 0.8257946 1.0353405 1.0090411 1.0127761 1.0870446 0.7871256 0.7052894 0.7846663 0.8188105 1.0774228 0.9622131 0.9570388 0.9535028 0.8086776 1.2125764 1.1375755 1.2522834 1.1079315 1.0723270 1.3770599 1.4748432 1.3879292 1.0472509 1.0604320 1.2715188 1.3758137 1.2401187 1.8990830 
Spolac_c100692_g1_i2_m.23246c100692-g1                            1.0165387 0.7602784 0.7926106 0.4486928 0.8293926 0.7700173 0.6526014 0.8616857 0.8228699 0.2217181 0.0000000 0.7657334 0.9944492 1.0840811 0.8903152 0.6563392 0.9554986 0.8837973 0.9219896 0.4859432 1.0220440 1.0629765 0.7502449 0.9944541 0.9565819 0.9578514 0.9903838 0.6993728 0.6517045 0.6847958 0.7730218 1.0222106 0.9568894 0.9521895 0.8056823 0.7292009 1.2140186 1.1200762 1.2786785 1.0616161 0.9717658 1.3128806 1.4138510 1.3360271 1.0350241 1.0255884 1.2285032 1.3088622 1.2071032 2.0725612 
Acagra_model.g6624.t1.1.5d3b8527                                  1.0650442 0.7488448 1.0492666 0.4651748 0.8554140 0.8041509 0.6465440 0.8713666 0.8150046 0.7865801 0.7657334 0.0000000 1.0039224 1.1153224 1.0909854 0.6624826 0.7145080 0.8842044 1.0417322 0.7597358 0.9503692 0.9777868 0.6929157 0.9462780 0.9552742 0.9499381 0.9665375 0.9825150 0.9748234 0.9909432 0.8742613 1.1094085 0.9132304 0.8898983 0.7431962 0.9788047 1.1892418 1.1215795 1.4461330 1.0645193 1.0362132 1.2643998 1.4727612 1.2750416 1.0831885 1.1488038 1.4167714 1.2307206 1.3384994 1.9089351 
Scil_scict009459.1                                                1.1391396 0.9192448 1.1084096 0.5086837 0.8977564 1.0034247 0.7989935 0.9847368 0.9449371 0.9664658 0.9944492 1.0039224 0.0000000 0.3444463 0.2768064 0.4979235 1.0036099 0.9328687 1.1040535 0.9677928 1.1927669 1.2363150 0.9206689 1.1558961 1.1030621 1.1073360 1.1363373 1.0036537 0.9062029 0.9920288 0.9882506 1.2580454 1.1398038 1.1311106 0.8194313 1.1272596 0.5935775 1.2245253 1.4949738 1.2113027 1.0733502 1.3750067 1.4999780 1.4691003 1.2010206 1.1574619 1.2540202 1.5806529 1.3470341 1.6800897 
Gracom_Gcom_scaffold17570_01                                      1.2350548 0.9974773 1.2013582 0.7532643 0.9694532 1.0705217 0.8596294 1.1415882 1.0647731 1.0918480 1.0840811 1.1153224 0.3444463 0.0000000 0.2301854 0.5260130 1.0884938 0.9954885 1.0916219 1.0268821 1.2052627 1.2572192 0.9924643 1.3068831 1.2690919 1.2742239 1.2331532 1.0844382 0.9638904 1.0856519 1.0365850 1.3276618 1.2984672 1.2257229 0.8184101 1.2422342 0.6274259 1.3529180 1.5788579 1.2300597 1.0646437 1.4209266 1.5525993 1.4813835 1.3306715 1.3568266 1.4360892 1.6527408 1.5082252 1.8900958 
Leuniv_Lniv_C783797_01                                            1.1356736 0.8681656 1.0211999 0.5762354 0.8949782 1.0038379 0.8119738 0.9480536 0.9858789 0.9639757 0.8903152 1.0909854 0.2768064 0.2301854 0.0000000 0.4726252 0.8773947 0.7897116 0.9101805 0.9358371 1.1806734 1.1968538 0.9005641 1.1381188 1.1271913 1.1330905 1.0711355 1.0073759 0.9397598 1.0226234 0.9592856 1.2135382 1.2392986 1.1533174 0.6314754 1.1159620 0.5745105 1.2517393 1.4534503 1.2038956 0.9875594 1.3019491 1.3162498 1.3084656 1.1841627 1.2460269 1.4017791 1.4355126 1.2307428 1.5594510 
Clacor_Ccor_C535521_01                                            0.5714967 0.5359157 0.7214330 0.4917332 0.5869809 0.5905195 0.5966263 0.5897969 0.5395496 0.7015132 0.6563392 0.6624826 0.4979235 0.5260130 0.4726252 0.0000000 0.6233325 0.9020995 0.7738338 0.8107813 0.7974650 0.7974650 0.7432229 0.7471156 0.7151716 0.7151716 0.7643382 0.7522842 0.6770760 0.8306929 0.7139163 0.7527730 0.7996472 0.7413335 0.7452049 0.6652917 0.6082552 0.7573854 0.7567843 0.9980397 0.9682484 1.0915835 1.0280056 0.9702786 1.0095965 0.9470381 0.9871702 1.0695407 1.2583975 0.8432622 
Cgig_XM_034477776.1                                               0.8853324 0.7454946 0.9916544 0.4833155 0.7391057 0.7459644 0.6396975 0.9148179 0.8110475 1.0838495 0.9554986 0.7145080 1.0036099 1.0884938 0.8773947 0.6233325 0.0000000 1.0164040 1.1005758 0.8110781 1.0874971 1.1092266 0.7779650 1.0916853 1.0800194 1.0670987 1.0692333 0.9140213 0.9037824 1.0258301 1.0299010 1.1187625 1.1042723 1.0221703 1.0374392 0.9674473 0.9730824 1.1848569 1.5125409 1.1484429 1.1803441 1.4191958 1.5422021 1.3547430 1.0023173 1.0287969 1.3927647 1.3921834 1.2975889 1.8603886 
Ocar_g947                                                         0.8623810 0.7365083 0.7268834 0.4623715 0.7008121 0.7172934 0.6485920 0.7357636 0.7005100 0.9488851 0.8837973 0.8842044 0.9328687 0.9954885 0.7897116 0.9020995 1.0164040 0.0000000 0.0742008 0.8899575 0.9342209 0.9419196 0.8605180 0.9344149 0.8887552 0.8887552 0.9393332 0.7916063 0.7914498 0.9140994 0.9042629 0.6297597 1.1175061 1.0674713 1.0325190 0.9788805 1.1590207 1.0528227 1.1584314 1.2841420 1.3060287 1.2077115 1.4553380 1.4173111 1.2400403 1.1769747 1.3820663 1.5428327 1.3527640 1.0934938 
Opea_EP00118_Oscarella_pearsei_P004810                            1.2176444 0.9538263 0.8537312 0.4623715 0.8629176 0.8957510 0.6553508 0.9160218 0.9222710 0.9815300 0.9219896 1.0417322 1.1040535 1.0916219 0.9101805 0.7738338 1.1005758 0.0742008 0.0000000 0.7508006 1.0021134 1.0190911 0.7248203 1.0389833 0.9650861 0.9687144 0.9766457 0.8719788 0.8083975 0.9394516 1.0213253 0.6594362 1.1671693 1.1431104 0.8152621 1.0464500 1.2008540 1.2754810 1.5945856 1.1261604 1.1875341 1.3119822 1.5630627 1.4141643 1.0992699 1.0371891 1.3744148 1.6402228 1.2918849 1.6449310 
Stycar_augustus_masked-SC_scaffold4391-processed-gene-0.20-mRNA-1 0.7558403 0.7072236 0.7617696 0.5891885 0.7251930 0.7016389 0.7260346 0.7107934 0.7041363 0.4774783 0.4859432 0.7597358 0.9677928 1.0268821 0.9358371 0.8107813 0.8110781 0.8899575 0.7508006 0.0000000 0.9924254 0.9924254 0.9351974 0.9372050 0.9079707 0.9079707 0.9274347 0.6334517 0.6578619 0.5954712 0.5833067 0.6661366 0.8410248 0.8145831 0.8598451 0.7915964 1.0306851 0.9993819 1.0408866 1.0047540 1.0514666 1.0320228 1.0847284 1.0184812 0.8902183 0.9562000 0.9933455 1.1091717 1.1234153 2.7516984 
Tadh_TriadT33057                                                  1.0789261 0.8929108 1.0290326 0.5728388 0.9750748 1.0129255 0.7700239 1.0641202 0.9519305 1.0439619 1.0220440 0.9503692 1.1927669 1.2052627 1.1806734 0.7974650 1.0874971 0.9342209 1.0021134 0.9924254 0.0000000 0.0055867 0.0955891 0.1534659 0.1662899 0.1619556 0.1860320 0.9440908 0.9323873 1.1899792 1.0565711 1.2828404 1.1226468 1.0549307 0.7794019 1.1686850 1.3073935 1.2731838 1.6707710 1.0508441 0.9616944 1.3007139 1.5921802 1.5042361 0.9954848 1.0313094 1.3617183 1.5484599 1.2789533 1.7819743 
TrH2_TrispH2_005557-RA                                            1.1040217 0.9222020 1.0554036 0.5728388 1.0148529 1.0534068 0.7700239 1.0923258 1.0057920 1.0918508 1.0629765 0.9777868 1.2363150 1.2572192 1.1968538 0.7974650 1.1092266 0.9419196 1.0190911 0.9924254 0.0055867 0.0000000 0.0955891 0.1536054 0.1666493 0.1623885 0.1823374 0.9797300 0.9360047 1.1867443 1.0629863 1.2438345 1.1140015 1.0565323 0.7794019 1.1984750 1.3220804 1.3004277 1.6899260 1.0571974 0.9616944 1.3219530 1.6303562 1.4956134 0.9954848 1.0313094 1.3619404 1.6035058 1.2789533 1.7844673 
HoiH06_mRNA11902                                                  0.7499616 0.6159912 0.7315222 0.5643014 0.6791321 0.7139871 0.6609430 0.7868299 0.6797586 0.8257946 0.7502449 0.6929157 0.9206689 0.9924643 0.9005641 0.7432229 0.7779650 0.8605180 0.7248203 0.9351974 0.0955891 0.0955891 0.0000000 0.0274641 0.0601390 0.0562143 0.0760134 0.6949708 0.6873099 0.8342978 0.7870692 0.9120747 0.7942909 0.7484472 0.7219218 0.9010093 0.9457936 0.8459031 1.0389012 1.0103506 0.9635893 0.9877094 1.1225229 1.1097475 0.9803366 0.9894571 1.0515239 1.1626235 1.2535975 0.9898698 
HoiH23_PlH23_007423-RA                                            1.0237624 0.8725397 1.0015838 0.5585969 0.9335106 0.9939636 0.7096409 1.0008714 0.9560971 1.0353405 0.9944541 0.9462780 1.1558961 1.3068831 1.1381188 0.7471156 1.0916853 0.9344149 1.0389833 0.9372050 0.1534659 0.1536054 0.0274641 0.0000000 0.0878196 0.0843159 0.1959737 0.9596993 0.8977070 1.1058135 1.1620684 1.2146429 1.0934168 1.0185895 0.7825880 1.1635665 1.2837944 1.1503860 1.5777845 1.0473840 0.9446047 1.2895961 1.6153326 1.4499579 0.9942643 0.9655148 1.2228349 1.5784076 1.2400900 2.0925130 
Hhon_g03409.t1                                                    0.9758843 0.9079307 1.0141823 0.5187835 0.9725892 0.9995527 0.7195942 0.9727141 0.9253386 1.0090411 0.9565819 0.9552742 1.1030621 1.2690919 1.1271913 0.7151716 1.0800194 0.8887552 0.9650861 0.9079707 0.1662899 0.1666493 0.0601390 0.0878196 0.0000000 0.0027810 0.2084534 0.9717197 0.8667494 1.1067309 1.0961427 1.1545872 1.1408603 1.0615248 0.7232753 1.1911242 1.2451688 1.1136315 1.6323111 1.0633104 0.9628965 1.3074286 1.5816227 1.4286607 1.0023794 0.9787034 1.2520015 1.5743630 1.2524711 2.0963189 
HoiH04_mRNA795                                                    0.9829241 0.8972062 1.0179194 0.5187835 0.9760275 0.9940648 0.7195942 0.9762360 0.9286064 1.0127761 0.9578514 0.9499381 1.1073360 1.2742239 1.1330905 0.7151716 1.0670987 0.8887552 0.9687144 0.9079707 0.1619556 0.1623885 0.0562143 0.0843159 0.0027810 0.0000000 0.2036407 0.9598004 0.8556035 1.0934966 1.1003935 1.1590460 1.1267869 1.0485788 0.7232753 1.1770007 1.2501255 1.1002115 1.6076842 1.0485136 0.9628965 1.2916084 1.5886594 1.4347877 1.0023794 0.9787034 1.2367636 1.5555159 1.2524711 2.0235510 
HoiH11_mRNA1616                                                   1.0793935 0.8619814 1.0177494 0.5251255 0.9867373 1.0377540 0.7551465 1.0845195 0.9803239 1.0870446 0.9903838 0.9665375 1.1363373 1.2331532 1.0711355 0.7643382 1.0692333 0.9393332 0.9766457 0.9274347 0.1860320 0.1823374 0.0760134 0.1959737 0.2084534 0.2036407 0.0000000 0.9336455 0.9212647 1.0516698 1.0611563 1.2075591 1.1054520 1.0060442 0.7619938 1.1787592 1.2434975 1.1932893 1.6303074 1.0328990 0.9730373 1.1786575 1.4555729 1.3831995 0.9237068 0.9745218 1.2750363 1.5484383 1.2199150 1.8241548 
Aque_Aqu2.1.41307_001                                             1.0582722 0.8834050 0.9990923 0.5647327 0.9982915 0.9617941 0.7141654 1.0144687 0.9526604 0.7871256 0.6993728 0.9825150 1.0036537 1.0844382 1.0073759 0.7522842 0.9140213 0.7916063 0.8719788 0.6334517 0.9440908 0.9797300 0.6949708 0.9596993 0.9717197 0.9598004 0.9336455 0.0000000 0.2662213 0.3743031 0.7292182 0.7983419 0.9979425 1.0300255 0.7943072 0.7408162 1.2415312 1.2056344 1.6883972 0.9156019 0.8658139 1.1936634 1.2464749 1.2290320 0.8763983 0.9090733 1.1744915 1.3669055 1.0822610 1.9557783 
Halamb_c51580_g1_i2m.30899                                        0.9720604 0.8336647 0.8969315 0.7277213 0.8861384 0.8533732 0.7304952 0.9314317 0.8664157 0.7052894 0.6517045 0.9748234 0.9062029 0.9638904 0.9397598 0.6770760 0.9037824 0.7914498 0.8083975 0.6578619 0.9323873 0.9360047 0.6873099 0.8977070 0.8667494 0.8556035 0.9212647 0.2662213 0.0000000 0.3258418 0.7270463 0.8028585 0.9034757 0.8887782 0.7491490 0.7253705 1.1548851 1.0866283 1.5952962 0.8632286 0.8635678 1.0721850 1.1691969 1.1273373 0.8558626 0.8676495 1.0660118 1.3647842 0.9874295 1.4626426 
Xestes_maker-XT_scaffold5337-augustus-gene-0.13-mRNA-1            1.1223206 0.9131707 0.9690032 0.5939652 1.0034267 0.9645938 0.8486018 0.9930534 1.0122963 0.7846663 0.6847958 0.9909432 0.9920288 1.0856519 1.0226234 0.8306929 1.0258301 0.9140994 0.9394516 0.5954712 1.1899792 1.1867443 0.8342978 1.1058135 1.1067309 1.0934966 1.0516698 0.3743031 0.3258418 0.0000000 0.7681760 0.8762329 1.1128650 1.0566345 1.0147397 0.8641538 1.1854721 1.3140592 1.6700588 1.0338962 1.0660714 1.3057963 1.4167733 1.2315032 0.8983968 0.9966788 1.2512044 1.3606447 1.2485439 1.3903482 
Tetwil_g5866.t1                                                   1.0801780 0.9971887 0.9772944 0.5890608 0.9093993 0.8934636 0.7276018 0.9434014 0.8497461 0.8188105 0.7730218 0.8742613 0.9882506 1.0365850 0.9592856 0.7139163 1.0299010 0.9042629 1.0213253 0.5833067 1.0565711 1.0629863 0.7870692 1.1620684 1.0961427 1.1003935 1.0611563 0.7292182 0.7270463 0.7681760 0.0000000 0.9800460 1.0184360 1.0014071 0.8152815 0.9864744 1.0290770 1.1454185 1.2849582 1.1272963 1.0792168 1.2866845 1.4450626 1.2865945 1.0575434 1.0971268 1.4204249 1.3734717 1.4472672 1.6582983 
Plajan_Pjan_C559117_01                                            1.0784706 0.9328694 0.9407257 0.7095777 0.9420409 0.9867314 0.7223565 0.9924640 0.9704018 1.0774228 1.0222106 1.1094085 1.2580454 1.3276618 1.2135382 0.7527730 1.1187625 0.6297597 0.6594362 0.6661366 1.2828404 1.2438345 0.9120747 1.2146429 1.1545872 1.1590460 1.2075591 0.7983419 0.8028585 0.8762329 0.9800460 0.0000000 1.2045666 1.1940614 1.0832550 1.0473042 1.3772341 1.2162541 1.6234587 1.0476677 1.0351352 1.4631415 1.5350970 1.4272849 1.0067368 0.9086109 1.3607910 1.5656124 1.1203506 2.0239645 
Nemnom_g14114.t1                                                  1.0882867 0.8974579 0.9543271 0.5130406 0.9274596 0.8955072 0.7534907 1.0077805 0.9126428 0.9622131 0.9568894 0.9132304 1.1398038 1.2984672 1.2392986 0.7996472 1.1042723 1.1175061 1.1671693 0.8410248 1.1226468 1.1140015 0.7942909 1.0934168 1.1408603 1.1267869 1.1054520 0.9979425 0.9034757 1.1128650 1.0184360 1.2045666 0.0000000 0.1112977 0.5971553 1.0376826 1.3421746 0.8847947 1.0189938 0.8687409 0.9468342 1.0533592 1.3120699 1.2622909 1.0332517 0.9586429 1.1351241 1.2759282 1.0779019 0.8144065 
Rhoesc_Res_002599-T1                                              1.0950862 0.8902542 0.9461306 0.4825106 0.9042697 0.8959021 0.7240561 0.9705058 0.8544586 0.9570388 0.9521895 0.8898983 1.1311106 1.2257229 1.1533174 0.7413335 1.0221703 1.0674713 1.1431104 0.8145831 1.0549307 1.0565323 0.7484472 1.0185895 1.0615248 1.0485788 1.0060442 1.0300255 0.8887782 1.0566345 1.0014071 1.1940614 0.1112977 0.0000000 0.5915686 0.9794538 1.2429546 0.8414168 1.0364236 0.8344107 0.8788666 1.0136305 1.2694995 1.2114044 0.9873261 0.9250891 1.0992670 1.2845826 1.0774791 0.8346927 
Morvir_scaffold266.g26.t1                                         0.9416612 0.7525496 1.0119458 0.3536182 0.6945267 0.8070955 0.7876831 0.9139323 0.7622187 0.9535028 0.8056823 0.7431962 0.8194313 0.8184101 0.6314754 0.7452049 1.0374392 1.0325190 0.8152621 0.8598451 0.7794019 0.7794019 0.7219218 0.7825880 0.7232753 0.7232753 0.7619938 0.7943072 0.7491490 1.0147397 0.8152815 1.0832550 0.5971553 0.5915686 0.0000000 0.8212601 1.1702849 0.6012080 0.9047400 1.3021909 1.2711654 1.2094224 1.4226232 1.3995282 1.1846944 1.1963344 1.4070988 1.5867706 1.5127378 3.2977421 
Plespi_Pspi_C604990_01                                            1.1180257 0.9019448 0.9636764 0.6335693 0.9170336 0.9146913 0.7432582 1.0223429 0.9321905 0.8086776 0.7292009 0.9788047 1.1272596 1.2422342 1.1159620 0.6652917 0.9674473 0.9788805 1.0464500 0.7915964 1.1686850 1.1984750 0.9010093 1.1635665 1.1911242 1.1770007 1.1787592 0.7408162 0.7253705 0.8641538 0.9864744 1.0473042 1.0376826 0.9794538 0.8212601 0.0000000 1.2191049 1.1821659 1.5097712 1.0599906 0.9633675 1.3695709 1.3885423 1.2974489 0.9567254 1.0091107 1.2926869 1.5318997 1.1973147 2.1740356 
Lcom_lcpid54437                                                   1.2930122 1.0712906 1.1518755 0.8275434 1.0416885 1.1467977 0.9765481 1.1815638 1.1327081 1.2125764 1.2140186 1.1892418 0.5935775 0.6274259 0.5745105 0.6082552 0.9730824 1.1590207 1.2008540 1.0306851 1.3073935 1.3220804 0.9457936 1.2837944 1.2451688 1.2501255 1.2434975 1.2415312 1.1548851 1.1854721 1.0290770 1.3772341 1.3421746 1.2429546 1.1702849 1.2191049 0.0000000 1.3578764 1.6925450 1.3067958 1.1516945 1.4796531 1.6881010 1.5404009 1.2830377 1.2534944 1.5578966 1.6959967 1.6561389 1.9260731 
Chem_TCONS_00066066                                               1.0872638 0.9964508 1.0165601 0.5892294 0.9476274 0.9937080 0.7559356 1.0257684 0.9746591 1.1375755 1.1200762 1.1215795 1.2245253 1.3529180 1.2517393 0.7573854 1.1848569 1.0528227 1.2754810 0.9993819 1.2731838 1.3004277 0.8459031 1.1503860 1.1136315 1.1002115 1.1932893 1.2056344 1.0866283 1.3140592 1.1454185 1.2162541 0.8847947 0.8414168 0.6012080 1.1821659 1.3578764 0.0000000 0.8295341 1.0881567 0.9759625 1.3136785 1.5694907 1.3485010 0.9527003 1.0986759 1.3891056 1.6242287 1.2941802 1.6457755 
Hvul_g4485_1                                                      1.4080109 1.0813241 1.2138034 0.6122327 1.2924123 1.4751032 0.9103062 1.3283854 1.3068612 1.2522834 1.2786785 1.4461330 1.4949738 1.5788579 1.4534503 0.7567843 1.5125409 1.1584314 1.5945856 1.0408866 1.6707710 1.6899260 1.0389012 1.5777845 1.6323111 1.6076842 1.6303074 1.6883972 1.5952962 1.6700588 1.2849582 1.6234587 1.0189938 1.0364236 0.9047400 1.5097712 1.6925450 0.8295341 0.0000000 1.4459885 1.1731420 1.7672642 2.0397534 1.8397548 1.1923549 1.3801191 2.0208670 2.0272058 1.2993517 1.9453908 
Mlei_ML0312.g8.i1                                                 1.1984149 1.0215583 0.9406489 0.6712377 0.9237054 0.8966066 0.8694430 1.0190026 0.9226807 1.1079315 1.0616161 1.0645193 1.2113027 1.2300597 1.2038956 0.9980397 1.1484429 1.2841420 1.1261604 1.0047540 1.0508441 1.0571974 1.0103506 1.0473840 1.0633104 1.0485136 1.0328990 0.9156019 0.8632286 1.0338962 1.1272963 1.0476677 0.8687409 0.8344107 1.3021909 1.0599906 1.3067958 1.0881567 1.4459885 0.0000000 0.0648648 0.2482082 0.2701385 0.2763586 0.2565297 0.2974901 0.2959170 0.3641823 0.3490988 1.2917384 
Bolinf_Binf_sb1250629                                             1.2337691 1.0704491 0.9268632 0.7366145 0.8878658 0.8731810 0.8862574 1.0506060 0.9013162 1.0723270 0.9717658 1.0362132 1.0733502 1.0646437 0.9875594 0.9682484 1.1803441 1.3060287 1.1875341 1.0514666 0.9616944 0.9616944 0.9635893 0.9446047 0.9628965 0.9628965 0.9730373 0.8658139 0.8635678 1.0660714 1.0792168 1.0351352 0.9468342 0.8788666 1.2711654 0.9633675 1.1516945 0.9759625 1.1731420 0.0648648 0.0000000 0.2571446 0.2714577 0.2599358 0.2368097 0.3385971 0.3014270 0.3426521 0.3781418 2.3877579 
Beraby_Baby_sb342360                                              1.4743486 1.2976612 1.1939863 0.6686434 1.1991080 1.1492644 0.9512760 1.2964979 1.1602653 1.3770599 1.3128806 1.2643998 1.3750067 1.4209266 1.3019491 1.0915835 1.4191958 1.2077115 1.3119822 1.0320228 1.3007139 1.3219530 0.9877094 1.2895961 1.3074286 1.2916084 1.1786575 1.1936634 1.0721850 1.3057963 1.2866845 1.4631415 1.0533592 1.0136305 1.2094224 1.3695709 1.4796531 1.3136785 1.7672642 0.2482082 0.2571446 0.0000000 0.4885978 0.4856520 0.3677983 0.3285693 0.4174082 0.5228711 0.4580347 1.4850574 
Vmul_Simscaffold1981_01                                           1.6083516 1.3662786 1.3114017 0.7631875 1.2560333 1.2619331 1.0605760 1.3170727 1.2304109 1.4748432 1.4138510 1.4727612 1.4999780 1.5525993 1.3162498 1.0280056 1.5422021 1.4553380 1.5630627 1.0847284 1.5921802 1.6303562 1.1225229 1.6153326 1.5816227 1.5886594 1.4555729 1.2464749 1.1691969 1.4167733 1.4450626 1.5350970 1.3120699 1.2694995 1.4226232 1.3885423 1.6881010 1.5694907 2.0397534 0.2701385 0.2714577 0.4885978 0.0000000 0.2397772 0.2059581 0.4369156 0.5421280 0.5335834 0.3913980 2.1111258 
Coeast_Cast_sb779329                                              1.4981553 1.1149205 1.0907040 0.7096267 1.1314323 1.1104116 0.9949742 1.1886985 1.0449101 1.3879292 1.3360271 1.2750416 1.4691003 1.4813835 1.3084656 0.9702786 1.3547430 1.4173111 1.4141643 1.0184812 1.5042361 1.4956134 1.1097475 1.4499579 1.4286607 1.4347877 1.3831995 1.2290320 1.1273373 1.2315032 1.2865945 1.4272849 1.2622909 1.2114044 1.3995282 1.2974489 1.5404009 1.3485010 1.8397548 0.2763586 0.2599358 0.4856520 0.2397772 0.0000000 0.0314677 0.4337962 0.5664086 0.4639901 0.4052923 2.1171677 
Coemet_Cmet_scaffold8581_01                                       1.0936327 0.8266358 0.8591339 0.6835103 0.7749599 0.8060102 0.8036852 0.8027891 0.7716988 1.0472509 1.0350241 1.0831885 1.2010206 1.3306715 1.1841627 1.0095965 1.0023173 1.2400403 1.0992699 0.8902183 0.9954848 0.9954848 0.9803366 0.9942643 1.0023794 1.0023794 0.9237068 0.8763983 0.8558626 0.8983968 1.0575434 1.0067368 1.0332517 0.9873261 1.1846944 0.9567254 1.2830377 0.9527003 1.1923549 0.2565297 0.2368097 0.3677983 0.2059581 0.0314677 0.0000000 0.4142384 0.4263545 0.3498718 0.2985396 2.0284716 
Pbac_sb2666693                                                    1.0932531 0.9450137 0.8622697 0.6372056 0.7467944 0.8171263 0.8236673 0.8474445 0.8327122 1.0604320 1.0255884 1.1488038 1.1574619 1.3568266 1.2460269 0.9470381 1.0287969 1.1769747 1.0371891 0.9562000 1.0313094 1.0313094 0.9894571 0.9655148 0.9787034 0.9787034 0.9745218 0.9090733 0.8676495 0.9966788 1.0971268 0.9086109 0.9586429 0.9250891 1.1963344 1.0091107 1.2534944 1.0986759 1.3801191 0.2974901 0.3385971 0.3285693 0.4369156 0.4337962 0.4142384 0.0000000 0.0045733 0.4533629 0.4724308 1.1216337 
Horcal_Hcv1.av93.c12.g415.i1                                      1.5823967 1.4085692 1.1217987 0.6121266 1.1573260 1.1306422 0.9732238 1.2595865 1.1582660 1.2715188 1.2285032 1.4167714 1.2540202 1.4360892 1.4017791 0.9871702 1.3927647 1.3820663 1.3744148 0.9933455 1.3617183 1.3619404 1.0515239 1.2228349 1.2520015 1.2367636 1.2750363 1.1744915 1.0660118 1.2512044 1.4204249 1.3607910 1.1351241 1.0992670 1.4070988 1.2926869 1.5578966 1.3891056 2.0208670 0.2959170 0.3014270 0.4174082 0.5421280 0.5664086 0.4263545 0.0045733 0.0000000 0.5942547 0.5698093 1.6840810 
Lampan_Lpan_7384_01                                               1.7903356 1.2431933 1.2339552 0.7883724 1.3454658 1.2277395 1.1036724 1.4775860 1.3374419 1.3758137 1.3088622 1.2307206 1.5806529 1.6527408 1.4355126 1.0695407 1.3921834 1.5428327 1.6402228 1.1091717 1.5484599 1.6035058 1.1626235 1.5784076 1.5743630 1.5555159 1.5484383 1.3669055 1.3647842 1.3606447 1.3734717 1.5656124 1.2759282 1.2845826 1.5867706 1.5318997 1.6959967 1.6242287 2.0272058 0.3641823 0.3426521 0.5228711 0.5335834 0.4639901 0.3498718 0.4533629 0.5942547 0.0000000 0.5852619 2.1462504 
Eupdun_Edun_sb10611053                                            1.2859677 1.0339916 1.0848289 0.7377454 0.9509929 1.0241480 1.0525687 1.1001219 1.0837128 1.2401187 1.2071032 1.3384994 1.3470341 1.5082252 1.2307428 1.2583975 1.2975889 1.3527640 1.2918849 1.1234153 1.2789533 1.2789533 1.2535975 1.2400900 1.2524711 1.2524711 1.2199150 1.0822610 0.9874295 1.2485439 1.4472672 1.1203506 1.0779019 1.0774791 1.5127378 1.1973147 1.6561389 1.2941802 1.2993517 0.3490988 0.3781418 0.4580347 0.3913980 0.4052923 0.2985396 0.4724308 0.5698093 0.5852619 0.0000000 1.6477383 
Aaur_scaffold92.g10.t1                                            2.4754407 1.4849830 1.4456226 1.1525453 1.7616075 1.5867156 1.0916729 1.5436446 1.6434348 1.8990830 2.0725612 1.9089351 1.6800897 1.8900958 1.5594510 0.8432622 1.8603886 1.0934938 1.6449310 2.7516984 1.7819743 1.7844673 0.9898698 2.0925130 2.0963189 2.0235510 1.8241548 1.9557783 1.4626426 1.3903482 1.6582983 2.0239645 0.8144065 0.8346927 3.2977421 2.1740356 1.9260731 1.6457755 1.9453908 1.2917384 2.3877579 1.4850574 2.1111258 2.1171677 2.0284716 1.1216337 1.6840810 2.1462504 1.6477383 0.0000000 
