41
Bralan_BLAG13001054_1                                0.0000000 1.7127328 1.5841313 1.4946142 2.2219608 2.0832432 2.6128074 2.1763515 3.8410784 1.6848482 2.2006151 2.2431130 2.2254984 2.1045621 2.1782698 2.4315418 2.7164077 1.6911056 2.5241016 2.3255358 2.7550303 2.4852008 3.7370037 6.5243533 3.2592929 2.8281678 2.9682514 2.1828026 2.9325948 3.7552487 3.4534064 4.7493563 3.5746005 3.6596516 3.6535997 4.8698495 3.8126943 2.9402756 1.9073093 3.3923779 3.0234340 
Spur_XM_003724274.3                                  1.7127328 0.0000000 1.7485865 1.7910086 2.4650247 2.2815768 3.1673261 2.3071931 3.5782152 1.7785964 2.4072391 2.6070300 2.4562518 2.3398336 2.2985053 2.5884440 2.4784209 1.9134940 2.6814880 2.4604695 3.0484583 2.7932687 4.3831418 6.8484125 3.8701394 3.3194408 3.1738951 2.4501020 3.0789229 3.9811157 3.4766864 4.7627510 3.4823200 3.4357460 3.4086149 4.5290422 3.8232285 2.9553598 2.2413208 3.3524341 3.1083694 
Skow_XM_006822245.1                                  1.5841313 1.7485865 0.0000000 1.2844566 2.7809560 2.4210163 2.9696336 2.1266770 3.8121931 1.2194294 2.0757561 2.3804921 2.7262198 2.3241780 1.9225036 2.7528479 2.4873267 2.0473814 2.1275770 1.9406706 2.4738299 2.3806594 3.2999750 2.8545876 2.7777140 2.4145843 3.2728169 2.0653193 2.8804124 3.8452184 2.9123208 5.2986213 3.2018397 3.1418451 3.1455554 5.9869576 5.5821330 2.6553422 1.5749275 3.0919451 3.1046950 
Cgig_XM_034455057.1                                  1.4946142 1.7910086 1.2844566 0.0000000 2.3772897 2.0360839 2.6548810 2.0947490 3.6685694 1.5443987 2.1368994 2.2502511 2.0953412 2.0395604 2.2013372 2.3836107 2.3618519 1.3165410 2.6626758 2.2703032 2.9959587 2.5891073 3.9617087 5.9406019 3.4795051 3.0097542 3.0026805 2.2735134 2.9265867 3.6034032 3.2760851 4.7542205 3.2615291 3.3112670 3.2969577 3.9855892 3.5468303 2.7563734 1.7954351 3.3349610 2.8668947 
Aque_Aqu2.1.20673_001                                2.2219608 2.4650247 2.7809560 2.3772897 0.0000000 0.5786529 0.8652057 2.6976082 3.6202634 2.0347914 2.5285187 2.8763910 2.7598347 2.3929233 2.3889004 2.4299296 2.2389692 2.2832542 2.6040495 2.5071468 2.6476463 2.7968107 3.2313555 0.0000010 2.7854009 2.6625281 2.8425377 2.1980965 2.6639633 4.1959397 3.5455618 4.9854449 3.6241146 3.5910657 3.5901324 3.4552232 3.6356091 2.6965097 1.2903957 3.1767381 2.8466948 
Halamb_c55960_g1_i3mm.6882                           2.0832432 2.2815768 2.4210163 2.0360839 0.5786529 0.0000000 0.7278569 2.3419412 3.9295751 1.8456751 2.2637984 2.4698015 2.7050965 2.2358651 2.1766451 2.3195916 2.1522758 2.3182987 2.3508981 2.2485295 2.3145169 2.3751936 3.0810761 0.0000010 2.9307434 2.5389173 2.9277208 2.3015448 2.5962961 3.9738278 3.0557565 4.9817063 3.2362119 3.1977933 3.2043502 5.5405544 3.9532008 2.2900761 1.1039622 2.9092324 2.5694478 
Xestes_maker-XT_scaffold521-augustus-gene-0.4-mRNA-1 2.6128074 3.1673261 2.9696336 2.6548810 0.8652057 0.7278569 0.0000000 3.4090762 3.3975658 2.5173665 2.7737574 2.8174456 2.5628261 2.5991499 2.6724223 2.2951564 2.6448694 2.8090802 2.9891942 2.9145174 2.9888704 2.9969037 2.7693725 0.0000010 3.0633769 2.7936012 2.7113873 2.4834195 2.6258985 4.2545796 4.2428757 4.8587504 4.3935358 4.3309942 4.3117427 6.1272655 3.5806073 2.5711787 1.2765456 3.8849634 3.1603856 
Ctel_gnl_WGS_AMQN_CAPTEDRAFT_mRNA188526              2.1763515 2.3071931 2.1266770 2.0947490 2.6976082 2.3419412 3.4090762 0.0000000 3.7630500 1.8849385 2.6218437 2.6821091 2.8942570 2.3419712 2.6772601 2.8883442 2.8693488 2.1059487 2.8554312 2.5021409 3.2224980 2.8025122 4.4303637 6.8267896 3.3968330 2.9141380 3.2656999 2.3375505 3.0808666 4.0870100 3.5911358 5.0760224 3.6112770 3.5854281 3.5695854 5.4839416 4.5774151 3.0081615 2.2042047 3.4124394 3.0598042 
Exapal_XM_028659200.1                                3.8410784 3.5782152 3.8121931 3.6685694 3.6202634 3.9295751 3.3975658 3.7630500 0.0000000 1.1118360 1.6234264 1.6087047 1.5470644 1.4308085 1.5815017 1.4186683 4.0212367 3.1987944 2.6900830 3.6069380 5.3790107 4.5359948 4.8281624 8.0723568 3.9372841 3.9931190 4.6143081 3.2941803 4.6294510 5.2576274 5.1757611 5.8717262 5.2079891 5.3043000 5.2745840 3.8188219 3.4178913 3.4448228 2.2056351 3.6730877 4.0507270 
Nvec_v1g218109                                       1.6848482 1.7785964 1.2194294 1.5443987 2.0347914 1.8456751 2.5173665 1.8849385 1.1118360 0.0000000 0.8379485 0.8971601 0.7032104 0.6599670 0.7213629 0.8309558 1.9156837 1.8535230 1.6723489 2.2728030 2.4507800 2.4144844 2.6664662 5.0149649 2.5430903 2.1854242 2.4032355 2.1454875 2.1920485 3.7612886 2.9326867 4.3676973 2.7923207 2.8171539 2.8171539 3.2258605 2.8377607 2.3779323 1.7866773 2.2779431 2.2971646 
Adig_XM_015914337.1                                  2.2006151 2.4072391 2.0757561 2.1368994 2.5285187 2.2637984 2.7737574 2.6218437 1.6234264 0.8379485 0.0000000 0.0635415 0.5286737 0.5655330 0.6755966 0.6911425 2.6053768 2.3117684 2.0668403 2.5012209 3.1639572 2.7088884 3.8993298 8.7993675 3.4065663 2.9257302 3.1300382 2.4153794 3.0288709 4.0992153 3.3316796 4.7809473 3.3078090 3.2398158 3.2359108 4.1784765 4.3145267 3.0876083 2.0287501 3.0549869 2.9390603 
Amil_Amillepora26103-RA                              2.2431130 2.6070300 2.3804921 2.2502511 2.8763910 2.4698015 2.8174456 2.6821091 1.6087047 0.8971601 0.0635415 0.0000000 0.5208871 0.6626457 0.7372411 0.6941131 2.6432157 2.5677850 2.0893090 2.6033960 3.2871163 2.8947303 3.8912662 8.1105699 3.6236468 3.0335392 3.4509636 2.6278177 3.0971428 4.2898038 3.4145363 4.7388928 3.4703803 3.4126146 3.4052174 4.5344292 4.2886226 3.1867623 2.2683796 3.0654090 2.9904467 
Gfas_gfas1.m1.21307.m1                               2.2254984 2.4562518 2.7262198 2.0953412 2.7598347 2.7050965 2.5628261 2.8942570 1.5470644 0.7032104 0.5286737 0.5208871 0.0000000 0.4171639 0.5201364 0.3845268 2.8118324 2.3976789 2.0788011 2.9065750 3.0511202 3.0679825 2.9741656 0.0000010 2.9063487 2.9220097 3.0731500 2.4273388 3.0126822 4.1331044 3.9213429 3.9124159 3.8383178 3.8685863 3.8685863 2.9854764 3.4688217 3.1529875 2.8087926 3.0687278 3.2818978 
Gasp_gasp1.m3.13849.m1                               2.1045621 2.3398336 2.3241780 2.0395604 2.3929233 2.2358651 2.5991499 2.3419712 1.4308085 0.6599670 0.5655330 0.6626457 0.4171639 0.0000000 0.4090839 0.3388335 2.5481890 2.0811864 1.9357018 2.6051142 3.1486071 2.5711261 3.3491006 5.8955688 2.9039488 2.6087180 2.8911406 2.1549136 2.6634802 3.9411954 3.3290173 4.7044665 3.4830727 3.3338011 3.3365561 3.7715983 3.8411878 2.7647670 1.8909256 3.1921820 3.0387184 
Spis_XP_022800859_1                                  2.1782698 2.2985053 1.9225036 2.2013372 2.3889004 2.1766451 2.6724223 2.6772601 1.5815017 0.7213629 0.6755966 0.7372411 0.5201364 0.4090839 0.0000000 0.5284115 2.6156019 2.0882853 1.9656159 2.6361468 3.2436672 2.7469505 3.8859464 7.1132256 3.3167453 2.8479389 3.1226156 2.2603287 2.9198515 4.2461780 3.4334253 5.3290259 3.4460717 3.4021856 3.4150336 3.6995511 4.0144416 2.8483310 1.8539454 3.0826402 2.9637638 
Fspp_ffun1.m4.10247.m1                               2.4315418 2.5884440 2.7528479 2.3836107 2.4299296 2.3195916 2.2951564 2.8883442 1.4186683 0.8309558 0.6911425 0.6941131 0.3845268 0.3388335 0.5284115 0.0000000 3.0448063 2.4095774 2.3368998 2.6084963 3.3263535 2.9246012 3.4765619 4.7609510 3.0256869 2.9375085 2.9715877 2.2987664 3.0791470 4.4056175 4.2926662 4.3342951 4.1952249 4.2493910 4.2361354 2.4743794 2.8091822 3.5132431 2.1457727 3.4800090 3.6755865 
Plajan_Pjan_C570324_01                               2.7164077 2.4784209 2.4873267 2.3618519 2.2389692 2.1522758 2.6448694 2.8693488 4.0212367 1.9156837 2.6053768 2.6432157 2.8118324 2.5481890 2.6156019 3.0448063 0.0000000 2.6328159 2.5589539 2.4486829 2.8651091 2.4386083 3.7386634 6.6185523 3.2654759 2.8105889 3.0029142 2.4373856 2.7677477 3.7673393 3.2759336 4.7728835 3.2884845 3.2284964 3.2078380 2.4157057 2.0307745 2.5868105 1.7518682 3.1116321 3.0334461 
Acagra_model.g24323.t1                               1.6911056 1.9134940 2.0473814 1.3165410 2.2832542 2.3182987 2.8090802 2.1059487 3.1987944 1.8535230 2.3117684 2.5677850 2.3976789 2.0811864 2.0882853 2.4095774 2.6328159 0.0000000 2.4578394 2.6688612 3.0244450 2.7868664 3.3255861 2.8089171 2.9271776 2.7911591 2.8870831 2.4406809 2.8417264 3.9153597 3.2939299 4.7879927 3.4067608 3.3729957 3.3709597 5.1276594 3.9381181 2.6370062 2.0896784 3.4098703 2.6770002 
Dgig_XM_028557675.1                                  2.5241016 2.6814880 2.1275770 2.6626758 2.6040495 2.3508981 2.9891942 2.8554312 2.6900830 1.6723489 2.0668403 2.0893090 2.0788011 1.9357018 1.9656159 2.3368998 2.5589539 2.4578394 0.0000000 2.3951572 3.0144498 2.4253077 3.7755401 8.9999988 3.4202499 2.9316418 3.1902975 2.4728042 2.9794555 4.3744460 3.6798618 4.7880342 3.3062016 3.3181205 3.2968661 7.1075795 4.9767206 2.6050620 2.0065238 3.3242185 3.0917102 
Lcom_lcpid58867                                      2.3255358 2.4604695 1.9406706 2.2703032 2.5071468 2.2485295 2.9145174 2.5021409 3.6069380 2.2728030 2.5012209 2.6033960 2.9065750 2.6051142 2.6361468 2.6084963 2.4486829 2.6688612 2.3951572 0.0000000 0.4931680 0.5986985 3.2903667 9.0000000 3.0275785 2.5470865 3.1334369 2.6744880 2.5807511 3.6910528 3.1502156 4.4644038 3.1413418 3.1469078 3.1388130 3.9520928 3.4747433 2.4886943 2.2140971 3.3807810 3.0237871 
Leuniv_Lniv_scaffold23067_01                         2.7550303 3.0484583 2.4738299 2.9959587 2.6476463 2.3145169 2.9888704 3.2224980 5.3790107 2.4507800 3.1639572 3.2871163 3.0511202 3.1486071 3.2436672 3.3263535 2.8651091 3.0244450 3.0144498 0.4931680 0.0000000 0.5226277 4.4684441 6.9477158 3.6954185 3.2192994 3.6429242 2.8403149 3.3578606 4.6270908 3.9880624 5.7790993 4.0881737 4.2653741 4.2188744 6.5860805 5.1742623 2.8976834 2.2359084 3.3974046 3.5884212 
Gracom_Gcom_scaffold16915_01                         2.4852008 2.7932687 2.3806594 2.5891073 2.7968107 2.3751936 2.9969037 2.8025122 4.5359948 2.4144844 2.7088884 2.8947303 3.0679825 2.5711261 2.7469505 2.9246012 2.4386083 2.7868664 2.4253077 0.5986985 0.5226277 0.0000000 3.9543355 0.0000010 3.0854551 2.7022434 3.2923524 2.7600514 2.9179371 4.1528797 3.4652315 4.8405620 3.4118937 3.5036260 3.4950073 7.5074956 4.3839916 2.7330416 2.1462253 3.3001500 3.2003622 
Mlei_ML0671.g9.i1                                    3.7370037 4.3831418 3.2999750 3.9617087 3.2313555 3.0810761 2.7693725 4.4303637 4.8281624 2.6664662 3.8993298 3.8912662 2.9741656 3.3491006 3.8859464 3.4765619 3.7386634 3.3255861 3.7755401 3.2903667 4.4684441 3.9543355 0.0000000 0.3896680 0.8600067 0.8012437 1.1379007 1.2420112 0.9850071 4.2868016 4.7506389 5.7939353 5.0031431 5.0641049 5.1261655 4.5237986 4.3806412 3.3064936 2.5656454 4.1163658 3.5488569 
Bolinf_Binf_sb1175367                                6.5243533 6.8484125 2.8545876 5.9406019 0.0000010 0.0000010 0.0000010 6.8267896 8.0723568 5.0149649 8.7993675 8.1105699 0.0000010 5.8955688 7.1132256 4.7609510 6.6185523 2.8089171 8.9999988 9.0000000 6.9477158 0.0000010 0.3896680 0.0000000 1.3172123 1.3022492 8.9999984 9.0000000 2.8109592 5.1476178 7.0085830 8.0733647 8.1572033 8.9999990 8.9999987 6.6422423 7.6258884 5.8281185 2.6724512 8.9999980 8.9999986 
Pbac_sb2642060                                       3.2592929 3.8701394 2.7777140 3.4795051 2.7854009 2.9307434 3.0633769 3.3968330 3.9372841 2.5430903 3.4065663 3.6236468 2.9063487 2.9039488 3.3167453 3.0256869 3.2654759 2.9271776 3.4202499 3.0275785 3.6954185 3.0854551 0.8600067 1.3172123 0.0000000 0.1166512 1.0851244 1.1867476 0.9899374 4.8569579 4.8187919 5.6319983 5.0279752 5.0627491 5.1106097 4.7577418 4.3954160 3.3755203 2.8591473 3.9027367 3.6087854 
Horcal_Hcv1.av93.c2.g1284.i1                         2.8281678 3.3194408 2.4145843 3.0097542 2.6625281 2.5389173 2.7936012 2.9141380 3.9931190 2.1854242 2.9257302 3.0335392 2.9220097 2.6087180 2.8479389 2.9375085 2.8105889 2.7911591 2.9316418 2.5470865 3.2192994 2.7022434 0.8012437 1.3022492 0.1166512 0.0000000 1.0510617 0.8563790 0.7616281 4.7340726 3.9678172 5.5843923 4.0341668 4.0739891 4.1056858 5.3829679 4.6316243 2.9164086 2.3503346 3.4128524 3.1901127 
Coeast_Cast_sb788543                                 2.9682514 3.1738951 3.2728169 3.0026805 2.8425377 2.9277208 2.7113873 3.2656999 4.6143081 2.4032355 3.1300382 3.4509636 3.0731500 2.8911406 3.1226156 2.9715877 3.0029142 2.8870831 3.1902975 3.1334369 3.6429242 3.2923524 1.1379007 8.9999984 1.0851244 1.0510617 0.0000000 0.1041714 0.8361336 4.3586067 4.2506350 4.8705819 4.4212725 4.3011646 4.3718195 7.1200593 5.2704067 3.1798041 2.4261110 3.7681509 3.3307693 
Coemet_Cmet_scaffold21931_01                         2.1828026 2.4501020 2.0653193 2.2735134 2.1980965 2.3015448 2.4834195 2.3375505 3.2941803 2.1454875 2.4153794 2.6278177 2.4273388 2.1549136 2.2603287 2.2987664 2.4373856 2.4406809 2.4728042 2.6744880 2.8403149 2.7600514 1.2420112 9.0000000 1.1867476 0.8563790 0.1041714 0.0000000 0.7682741 4.2953007 3.2819005 4.8013240 3.4311241 3.3617120 3.3617120 1.3995867 4.1322167 2.6819690 2.3266534 2.9308851 2.7718908 
Lampan_Lpan_9610_01                                  2.9325948 3.0789229 2.8804124 2.9265867 2.6639633 2.5962961 2.6258985 3.0808666 4.6294510 2.1920485 3.0288709 3.0971428 3.0126822 2.6634802 2.9198515 3.0791470 2.7677477 2.8417264 2.9794555 2.5807511 3.3578606 2.9179371 0.9850071 2.8109592 0.9899374 0.7616281 0.8361336 0.7682741 0.0000000 4.5082126 3.8141823 5.6954740 4.0353550 3.8906853 3.8858713 8.4868031 5.3360053 2.8428722 2.4179946 3.6676923 3.2630521 
Tadh_TriadT57848                                     3.7552487 3.9811157 3.8452184 3.6034032 4.1959397 3.9738278 4.2545796 4.0870100 5.2576274 3.7612886 4.0992153 4.2898038 4.1331044 3.9411954 4.2461780 4.4056175 3.7673393 3.9153597 4.3744460 3.6910528 4.6270908 4.1528797 4.2868016 5.1476178 4.8569579 4.7340726 4.3586067 4.2953007 4.5082126 0.0000000 0.0407022 0.6162568 0.4888219 0.5042156 0.5057007 7.3122727 4.5174098 3.6738916 3.7004044 4.7544785 4.4215961 
TrH2_TrispH2_001394-RA                               3.4534064 3.4766864 2.9123208 3.2760851 3.5455618 3.0557565 4.2428757 3.5911358 5.1757611 2.9326867 3.3316796 3.4145363 3.9213429 3.3290173 3.4334253 4.2926662 3.2759336 3.2939299 3.6798618 3.1502156 3.9880624 3.4652315 4.7506389 7.0085830 4.8187919 3.9678172 4.2506350 3.2819005 3.8141823 0.0407022 0.0000000 0.6187747 0.4417161 0.4583297 0.4580677 6.3907110 4.6312450 3.3366609 2.8128111 4.0317492 3.6849430 
HoiH06_mRNA7759                                      4.7493563 4.7627510 5.2986213 4.7542205 4.9854449 4.9817063 4.8587504 5.0760224 5.8717262 4.3676973 4.7809473 4.7388928 3.9124159 4.7044665 5.3290259 4.3342951 4.7728835 4.7879927 4.7880342 4.4644038 5.7790993 4.8405620 5.7939353 8.0733647 5.6319983 5.5843923 4.8705819 4.8013240 5.6954740 0.6162568 0.6187747 0.0000000 0.0961493 0.2191107 0.2154684 7.2672152 4.8253222 4.6369062 5.4966295 5.5381860 5.7748993 
HoiH23_PlH23_001531-RA                               3.5746005 3.4823200 3.2018397 3.2615291 3.6241146 3.2362119 4.3935358 3.6112770 5.2079891 2.7923207 3.3078090 3.4703803 3.8383178 3.4830727 3.4460717 4.1952249 3.2884845 3.4067608 3.3062016 3.1413418 4.0881737 3.4118937 5.0031431 8.1572033 5.0279752 4.0341668 4.4212725 3.4311241 4.0353550 0.4888219 0.4417161 0.0961493 0.0000000 0.1370303 0.1349580 7.0515775 4.8514846 3.2537677 2.8654630 4.3288594 3.7008523 
Hhon_g03495.t1                                       3.6596516 3.4357460 3.1418451 3.3112670 3.5910657 3.1977933 4.3309942 3.5854281 5.3043000 2.8171539 3.2398158 3.4126146 3.8685863 3.3338011 3.4021856 4.2493910 3.2284964 3.3729957 3.3181205 3.1469078 4.2653741 3.5036260 5.0641049 8.9999990 5.0627491 4.0739891 4.3011646 3.3617120 3.8906853 0.5042156 0.4583297 0.2191107 0.1370303 0.0000000 0.0034821 6.1707585 4.6797730 3.3491804 2.8278700 4.3977351 3.6844993 
HoiH04_mRNA7373                                      3.6535997 3.4086149 3.1455554 3.2969577 3.5901324 3.2043502 4.3117427 3.5695854 5.2745840 2.8171539 3.2359108 3.4052174 3.8685863 3.3365561 3.4150336 4.2361354 3.2078380 3.3709597 3.2968661 3.1388130 4.2188744 3.4950073 5.1261655 8.9999987 5.1106097 4.1056858 4.3718195 3.3617120 3.8858713 0.5057007 0.4580677 0.2154684 0.1349580 0.0034821 0.0000000 6.2195080 4.6363227 3.3350735 2.8278700 4.4153662 3.6678133 
Ocar_g3006                                           4.8698495 4.5290422 5.9869576 3.9855892 3.4552232 5.5405544 6.1272655 5.4839416 3.8188219 3.2258605 4.1784765 4.5344292 2.9854764 3.7715983 3.6995511 2.4743794 2.4157057 5.1276594 7.1075795 3.9520928 6.5860805 7.5074956 4.5237986 6.6422423 4.7577418 5.3829679 7.1200593 1.3995867 8.4868031 7.3122727 6.3907110 7.2672152 7.0515775 6.1707585 6.2195080 0.0000000 0.0307287 4.3143199 3.9976320 3.7836600 7.7967257 
Opea_EP00118_Oscarella_pearsei_P015734               3.8126943 3.8232285 5.5821330 3.5468303 3.6356091 3.9532008 3.5806073 4.5774151 3.4178913 2.8377607 4.3145267 4.2886226 3.4688217 3.8411878 4.0144416 2.8091822 2.0307745 3.9381181 4.9767206 3.4747433 5.1742623 4.3839916 4.3806412 7.6258884 4.3954160 4.6316243 5.2704067 4.1322167 5.3360053 4.5174098 4.6312450 4.8253222 4.8514846 4.6797730 4.6363227 0.0307287 0.0000000 4.1123946 5.5300469 3.7152699 4.2769909 
Plespi_Pspi_scaffold7388_01                          2.9402756 2.9553598 2.6553422 2.7563734 2.6965097 2.2900761 2.5711787 3.0081615 3.4448228 2.3779323 3.0876083 3.1867623 3.1529875 2.7647670 2.8483310 3.5132431 2.5868105 2.6370062 2.6050620 2.4886943 2.8976834 2.7330416 3.3064936 5.8281185 3.3755203 2.9164086 3.1798041 2.6819690 2.8428722 3.6738916 3.3366609 4.6369062 3.2537677 3.3491804 3.3350735 4.3143199 4.1123946 0.0000000 1.8536137 3.3695499 2.9413606 
Tetwil_g18997.t1                                     1.9073093 2.2413208 1.5749275 1.7954351 1.2903957 1.1039622 1.2765456 2.2042047 2.2056351 1.7866773 2.0287501 2.2683796 2.8087926 1.8909256 1.8539454 2.1457727 1.7518682 2.0896784 2.0065238 2.2140971 2.2359084 2.1462253 2.5656454 2.6724512 2.8591473 2.3503346 2.4261110 2.3266534 2.4179946 3.7004044 2.8128111 5.4966295 2.8654630 2.8278700 2.8278700 3.9976320 5.5300469 1.8536137 0.0000000 3.2462382 2.9133250 
Rhoesc_Res_015686-T1                                 3.3923779 3.3524341 3.0919451 3.3349610 3.1767381 2.9092324 3.8849634 3.4124394 3.6730877 2.2779431 3.0549869 3.0654090 3.0687278 3.1921820 3.0826402 3.4800090 3.1116321 3.4098703 3.3242185 3.3807810 3.3974046 3.3001500 4.1163658 8.9999980 3.9027367 3.4128524 3.7681509 2.9308851 3.6676923 4.7544785 4.0317492 5.5381860 4.3288594 4.3977351 4.4153662 3.7836600 3.7152699 3.3695499 3.2462382 0.0000000 1.7317394 
Sanmal_Sma_014072-T1                                 3.0234340 3.1083694 3.1046950 2.8668947 2.8466948 2.5694478 3.1603856 3.0598042 4.0507270 2.2971646 2.9390603 2.9904467 3.2818978 3.0387184 2.9637638 3.6755865 3.0334461 2.6770002 3.0917102 3.0237871 3.5884212 3.2003622 3.5488569 8.9999986 3.6087854 3.1901127 3.3307693 2.7718908 3.2630521 4.4215961 3.6849430 5.7748993 3.7008523 3.6844993 3.6678133 7.7967257 4.2769909 2.9413606 2.9133250 1.7317394 0.0000000 
