52
Hsap_ENST00000377387                                             0.0000000 0.6734827 1.0765290 1.1571550 0.7765791 1.1881564 1.1902936 1.3648872 1.2690214 1.2197391 0.7680616 1.5698435 1.3598254 1.3746362 0.9356209 0.9129890 0.9472196 0.9127336 0.9779979 1.1987104 1.0724898 3.1064613 1.3211595 1.3551447 1.3070391 1.3543996 1.3520298 1.2799086 1.3380411 1.3459220 1.5066000 1.2268489 1.3835237 1.3904306 0.9681869 1.6707093 1.4401537 1.5024551 1.6059853 1.3225357 1.7355231 1.7115273 1.4678820 1.7802726 1.2434037 1.6955198 1.7697316 1.6455997 3.5945987 1.5137108 1.7233111 2.4071390 
Bralan_BLAG16000381_1                                            0.6734827 0.0000000 1.0050935 0.9593694 0.5973358 0.9372276 0.9155573 1.0687471 1.0768933 1.1087793 0.6575670 1.4461899 1.2741528 1.2174603 0.6369579 0.9696437 0.7469623 0.8159291 0.9913801 1.0156825 0.8487721 3.3336255 1.4410308 1.3204106 1.2999219 1.3455327 1.3433010 1.1509043 1.2558412 1.2431346 1.4040113 1.0930312 1.4751897 1.2896616 0.8418662 1.6869744 1.4683829 1.5083386 1.8586453 1.1800173 1.6762057 1.5818638 1.4356568 1.7373877 1.1151854 1.4144961 1.3909509 1.3403520 3.1821428 1.1285829 1.9654705 1.8006735 
Exapal_XM_021039759.2                                            1.0765290 1.0050935 0.0000000 0.4525099 0.4066606 0.5855056 0.5729581 0.7023985 0.9780170 0.9999394 0.8789787 1.3905720 1.2562568 1.2853216 1.1532582 1.2558151 1.1236010 1.1670841 1.2039734 1.2244724 1.1529803 2.5967753 1.1641903 1.2759488 1.2633040 1.2579297 1.2557151 1.1026709 1.4739846 1.3936195 1.5510381 1.4459015 1.7230293 1.4388230 1.1889337 1.5037838 1.3416958 1.5287744 1.7849460 1.1986121 1.6678272 1.5428495 1.4267417 1.7553098 1.0244941 1.3169137 1.3964142 1.3624771 2.0209626 1.6886733 2.1544262 2.1021515 
Nvec_v1g162319                                                   1.1571550 0.9593694 0.4525099 0.0000000 0.4404787 0.6140031 0.6066619 0.6674210 1.0488313 0.9924275 0.8895409 1.3474189 1.1985957 1.2400656 1.1695130 1.3430840 1.2140366 1.3021978 1.2305797 1.3140673 1.2845436 2.6337163 1.1852304 1.2652428 1.2467933 1.2868069 1.2846760 1.1989320 1.4091863 1.4079470 1.5128627 1.3342338 1.7372599 1.4686100 1.2050648 1.5418174 1.2630887 1.4641343 1.6918593 1.3583448 1.7870190 1.6556467 1.3894272 1.8464082 1.0635137 1.2106204 1.3267490 1.3522642 2.5195464 1.6868581 2.0985825 2.0276352 
Adig_XM_015901831.1                                              0.7765791 0.5973358 0.4066606 0.4404787 0.0000000 0.1272496 0.1275885 0.0945915 0.6073606 0.5530210 0.7456648 0.9614302 0.8414623 0.8195022 0.8553106 0.8513869 0.6240383 0.5694186 0.7770548 1.0152478 0.9155841 8.9237894 0.7036093 0.6869715 0.6933252 0.6940198 0.6940198 0.6897452 0.9034021 0.8610984 0.8475181 1.0090842 1.1490057 0.8098821 0.8415701 0.9397466 0.9659495 1.1065086 0.4800513 0.8943526 1.1408276 1.1354579 0.7431176 1.0750407 0.4703723 0.9034787 0.8535534 0.4967999 2.0834037 0.7685874 3.5519632 3.5353827 
Spis_XP_022786335_1                                              1.1881564 0.9372276 0.5855056 0.6140031 0.1272496 0.0000000 0.0377878 0.2882232 0.9941706 0.9787397 0.9072906 1.5576999 1.3443280 1.4178872 1.1247599 1.3755981 1.1487736 1.2208732 1.1207640 1.3133001 1.2459337 2.9379085 1.2957767 1.4428286 1.3991098 1.4041071 1.4041071 1.2813422 1.5285152 1.4032837 1.6224699 1.5352548 1.8713432 1.5283729 1.2442957 1.5809437 1.3856422 1.5969227 1.8700887 1.2606769 1.7288734 1.5859706 1.3825898 1.7513059 1.1221307 1.3351635 1.4558694 1.4295821 2.9646921 1.7858080 2.3070405 1.8693769 
Pocdam_XM_027188317.1                                            1.1902936 0.9155573 0.5729581 0.6066619 0.1275885 0.0377878 0.0000000 0.2941957 0.9805675 0.9780121 0.8830565 1.5117337 1.3064812 1.3761762 1.1233299 1.3698517 1.1724277 1.2455567 1.1228723 1.2953836 1.2597584 2.9275407 1.2800483 1.4246294 1.3821097 1.4048002 1.4048002 1.2692422 1.4881009 1.3873946 1.6326458 1.5204941 1.9088038 1.5201032 1.2283799 1.5600914 1.3511593 1.5832955 1.9014088 1.2668420 1.7104960 1.5699079 1.3845894 1.7474174 1.1481264 1.3243016 1.4373115 1.4172161 2.9274764 1.6823096 2.2873596 1.8460255 
Amil_Amillepora20435-RA                                          1.3648872 1.0687471 0.7023985 0.6674210 0.0945915 0.2882232 0.2941957 0.0000000 1.0722707 1.0097216 1.0462078 1.4646623 1.3529211 1.4675690 1.2295976 1.4930308 1.3633112 1.5223508 1.3301403 1.4310086 1.4294863 3.3127534 1.4840826 1.5735565 1.5504773 1.5534225 1.5508106 1.3552719 1.7278594 1.5861071 1.7769235 1.5471911 1.8823322 1.7362442 1.3807035 1.7853881 1.5495583 1.8763695 2.1800190 1.4707488 1.9978705 1.8114864 1.6840931 2.0743559 1.2709427 1.4904793 1.5655421 1.6034591 3.0749961 1.9676473 2.2478485 1.8514757 
Dgig_XM_028550040.1                                              1.2690214 1.0768933 0.9780170 1.0488313 0.6073606 0.9941706 0.9805675 1.0722707 0.0000000 0.3146628 0.9973787 1.4323268 1.3261573 1.1978306 1.1992966 1.5585100 1.3279173 1.4886685 1.0076091 1.1531366 1.2691628 3.2003561 1.4347605 1.5706756 1.5445412 1.5720969 1.5696210 1.5484484 1.5352247 1.5218443 1.7803244 1.3169972 1.5920628 1.3801191 1.3314906 1.5489078 1.3375098 1.6698251 1.9385369 1.3288260 1.8167606 1.7004964 1.4954648 2.0538200 1.0387036 1.4901057 1.5545219 1.6687699 3.1363466 1.7780024 2.4983209 1.9228884 
Xesp_002368-T1                                                   1.2197391 1.1087793 0.9999394 0.9924275 0.5530210 0.9787397 0.9780121 1.0097216 0.3146628 0.0000000 1.0329103 1.2955454 1.1629739 1.1675982 1.2156299 1.4545095 1.3907352 1.4264482 1.1037725 1.2263164 1.3310190 3.4136081 1.5001803 1.6196398 1.5892359 1.5874387 1.5848556 1.5358013 1.5382375 1.5534213 1.8000001 1.3536182 1.6256947 1.4453467 1.3285401 1.4786216 1.3913691 1.5739604 1.7485238 1.4072316 1.7269731 1.6271083 1.3942606 1.7691595 0.9938184 1.5601466 1.6002755 1.6224499 3.4093522 1.7232500 2.0621161 1.8751742 
Dpul_mRNA13393                                                   0.7680616 0.6575670 0.8789787 0.8895409 0.7456648 0.9072906 0.8830565 1.0462078 0.9973787 1.0329103 0.0000000 1.0628073 0.9998440 1.0509082 0.7600685 0.8692221 0.6846445 0.6935659 0.9330211 1.0986345 0.8703469 1.9967424 0.9861318 0.9679111 0.9849875 0.9759521 0.9759521 0.9923791 1.1585189 1.1918525 1.2037552 1.4489677 1.3124692 1.2203395 0.6463290 1.1192388 1.0932598 1.3646676 1.3402806 1.1678102 1.4016160 1.3857198 1.1421016 1.2412783 0.8206822 1.1578431 1.1857079 0.9353945 1.1195556 0.4859914 1.5647957 2.3308349 
Nemnom_g13820.t1                                                 1.5698435 1.4461899 1.3905720 1.3474189 0.9614302 1.5576999 1.5117337 1.4646623 1.4323268 1.2955454 1.0628073 0.0000000 0.1532529 0.5233908 1.3585921 1.7047262 1.5647840 1.6402489 1.2662283 1.3978004 1.5898592 3.0538320 1.5453054 1.5752599 1.5674892 1.5491805 1.5491805 1.4530311 1.7212457 1.7663974 1.8879845 1.7375588 1.9106073 1.6719297 1.5551623 1.1308665 1.0299826 1.8264848 1.9391622 1.3574510 2.1325584 1.9473459 1.8374164 1.9859111 0.8417764 1.6186610 2.0469385 1.8736110 3.2382774 1.6792839 2.2598987 2.1862589 
Rhoesc_Res_012437-T1                                             1.3598254 1.2741528 1.2562568 1.1985957 0.8414623 1.3443280 1.3064812 1.3529211 1.3261573 1.1629739 0.9998440 0.1532529 0.0000000 0.5212976 1.2001734 1.4529815 1.4186633 1.3992502 1.1530618 1.3034815 1.3891382 3.3140764 1.4646559 1.4941372 1.4556176 1.4518001 1.4518001 1.3505692 1.6120485 1.5978922 1.7788873 1.6151628 1.7103070 1.5600170 1.3149927 1.0609241 0.9927112 1.6252370 1.8157634 1.3274389 1.8463446 1.7234528 1.5857877 1.8828113 0.7502054 1.4882550 1.6907878 1.5929403 2.6505789 1.5734655 2.1080158 2.2931640 
Sanmal_Sma_016900-T1                                             1.3746362 1.2174603 1.2853216 1.2400656 0.8195022 1.4178872 1.3761762 1.4675690 1.1978306 1.1675982 1.0509082 0.5233908 0.5212976 0.0000000 1.2566229 1.4660720 1.3530020 1.2780327 1.1400244 1.3637943 1.4334943 2.8455518 1.3871978 1.3966708 1.3875686 1.4101285 1.4077888 1.4594408 1.5301192 1.4960505 1.8094460 1.5580370 1.6443990 1.4339766 1.2547639 1.0541567 1.0676462 1.3982480 1.5250045 1.1698589 1.8958049 1.7505970 1.3025452 1.7786150 0.6586596 1.5242611 1.7659870 1.7364856 2.7139100 1.8552304 2.1350189 2.1116023 
Skow_XM_006818925.1                                              0.9356209 0.6369579 1.1532582 1.1695130 0.8553106 1.1247599 1.1233299 1.2295976 1.1992966 1.2156299 0.7600685 1.3585921 1.2001734 1.2566229 0.0000000 1.0220679 0.8475061 0.8751258 1.1733604 1.1724352 0.7431066 2.8202817 1.4188343 1.4649626 1.4364328 1.5242543 1.5217879 1.2903596 1.4371126 1.3379060 1.4550481 1.2788540 1.5784904 1.5350718 1.0365590 1.5640677 1.4357324 1.6064903 1.7553619 1.2253782 1.9997649 1.8902390 1.5103494 1.9073947 1.1565444 1.2542153 1.4316986 1.3451320 2.9821789 1.0413894 2.0876660 2.0307955 
Ctel_gnl_WGS_AMQN_CAPTEDRAFT_mRNA219446                          0.9129890 0.9696437 1.2558151 1.3430840 0.8513869 1.3755981 1.3698517 1.4930308 1.5585100 1.4545095 0.8692221 1.7047262 1.4529815 1.4660720 1.0220679 0.0000000 0.5601751 0.5417077 1.0956301 1.1123326 1.0181617 4.2836251 1.6991407 1.5297743 1.5712014 1.6458149 1.6458149 1.5080080 1.6050386 1.5042478 1.6131693 1.5163318 1.5007226 1.3828533 0.7688301 1.6377879 1.6725073 1.6526526 1.8272811 1.3887436 1.7075010 1.6642976 1.4595691 1.6511769 1.2479057 1.5886040 1.8085305 1.6008147 2.9865477 1.1735498 1.7765326 2.0987573 
Cgig_XM_034458357.1                                              0.9472196 0.7469623 1.1236010 1.2140366 0.6240383 1.1487736 1.1724277 1.3633112 1.3279173 1.3907352 0.6846445 1.5647840 1.4186633 1.3530020 0.8475061 0.5601751 0.0000000 0.4434966 0.9462178 0.9283995 0.9377413 3.6851158 1.4217645 1.4211237 1.4517894 1.4966979 1.4941685 1.3747300 1.4216908 1.4139137 1.5546290 1.2728611 1.5041402 1.3774180 0.7491716 1.4527754 1.4822813 1.7988699 2.2071487 1.4167195 1.9779421 1.8967366 1.5378975 1.9490867 1.2600281 1.4511972 1.6382489 1.5832713 3.2632558 1.1887024 1.7527884 2.0731776 
Acagra_model.g4557.t1                                            0.9127336 0.8159291 1.1670841 1.3021978 0.5694186 1.2208732 1.2455567 1.5223508 1.4886685 1.4264482 0.6935659 1.6402489 1.3992502 1.2780327 0.8751258 0.5417077 0.4434966 0.0000000 0.9751346 0.9982815 0.9322482 3.6728010 1.5059113 1.6037917 1.5987235 1.5980315 1.6002189 1.5042484 1.4924945 1.4710958 1.5699096 1.2390899 1.5924604 1.4633199 0.7904573 1.4429015 1.4510159 1.6970265 2.2083750 1.5011291 1.9271843 1.8538314 1.4823017 2.1545061 1.2145078 1.4244518 1.5617038 1.5394877 3.1514512 1.1870967 1.8851913 1.9161044 
Ocar_g4917                                                       0.9779979 0.9913801 1.2039734 1.2305797 0.7770548 1.1207640 1.1228723 1.3301403 1.0076091 1.1037725 0.9330211 1.2662283 1.1530618 1.1400244 1.1733604 1.0956301 0.9462178 0.9751346 0.0000000 0.1249493 1.1270464 4.8196688 1.2324235 1.2976231 1.3003301 1.3127820 1.3127820 1.3243907 1.2618024 1.1986647 1.3067486 1.2468849 1.3065376 1.1900225 1.0157725 1.3508882 1.2725613 1.4935456 1.8813333 1.3257782 1.5321723 1.5321723 1.3781075 1.5656373 0.9535402 1.5865505 1.4433344 1.5404317 9.0000000 1.1542392 1.2760181 2.7712005 
Opea_EP00118_Oscarella_pearsei_P011533                           1.1987104 1.0156825 1.2244724 1.3140673 1.0152478 1.3133001 1.2953836 1.4310086 1.1531366 1.2263164 1.0986345 1.3978004 1.3034815 1.3637943 1.1724352 1.1123326 0.9283995 0.9982815 0.1249493 0.0000000 1.2519015 2.1568422 1.2654402 1.2992389 1.2879000 1.2999768 1.2999768 1.2697090 1.2482413 1.2622448 1.2112916 1.1760455 1.3585842 1.2132802 1.2113520 1.4256264 1.3374961 1.6261600 1.6765160 1.3420755 1.5937887 1.5997488 1.4071085 1.6831677 1.0607031 1.6076428 1.4585437 1.6423333 2.9830456 1.2357319 0.6461609 2.3024945 
Spur_XM_030973852.1                                              1.0724898 0.8487721 1.1529803 1.2845436 0.9155841 1.2459337 1.2597584 1.4294863 1.2691628 1.3310190 0.8703469 1.5898592 1.3891382 1.4334943 0.7431066 1.0181617 0.9377413 0.9322482 1.1270464 1.2519015 0.0000000 2.9920817 1.5020021 1.5814611 1.4804260 1.5494161 1.5469998 1.4753455 1.5037760 1.4616602 1.4331300 1.4803515 1.5846183 1.5560534 1.0380201 1.6071007 1.4521075 1.8408628 1.8808613 1.2717982 2.2440527 2.1230801 1.6039727 1.9019409 1.1584053 1.4678967 1.6584310 1.5742608 2.9884104 1.2586428 2.1040202 2.0199771 
Tadh_TriadT61140                                                 3.1064613 3.3336255 2.5967753 2.6337163 8.9237894 2.9379085 2.9275407 3.3127534 3.2003561 3.4136081 1.9967424 3.0538320 3.3140764 2.8455518 2.8202817 4.2836251 3.6851158 3.6728010 4.8196688 2.1568422 2.9920817 0.0000000 0.0093825 0.3658026 0.3274801 0.3741234 0.3659424 0.4629606 3.2617475 3.8281413 3.2909529 2.5166911 3.3522261 3.4769158 2.2708563 3.9426354 2.2887589 3.2308609 3.7182202 2.5936032 5.8174820 4.5964122 3.7191767 4.1207164 3.6143398 3.2471672 3.8017356 3.2856426 3.3218106 4.4225313 2.8735873 0.8188652 
TrH2_TrispH2_007947-RA                                           1.3211595 1.4410308 1.1641903 1.1852304 0.7036093 1.2957767 1.2800483 1.4840826 1.4347605 1.5001803 0.9861318 1.5453054 1.4646559 1.3871978 1.4188343 1.6991407 1.4217645 1.5059113 1.2324235 1.2654402 1.5020021 0.0093825 0.0000000 0.2068774 0.1987419 0.2174772 0.2142482 0.2274664 1.4461626 1.5100875 1.7286237 1.3288129 1.7744403 1.5238260 1.1973326 1.8315673 1.4380385 1.7526385 2.2919557 1.4705156 2.2937193 2.0607316 1.7160093 2.2610017 1.4576445 1.5314733 1.5798401 1.5309412 2.6694727 2.4280672 2.0783717 1.7840141 
HoiH06_mRNA11866                                                 1.3551447 1.3204106 1.2759488 1.2652428 0.6869715 1.4428286 1.4246294 1.5735565 1.5706756 1.6196398 0.9679111 1.5752599 1.4941372 1.3966708 1.4649626 1.5297743 1.4211237 1.6037917 1.2976231 1.2992389 1.5814611 0.3658026 0.2068774 0.0000000 0.0597671 0.1137723 0.1136933 0.1578174 1.4776136 1.4850665 1.7168244 1.2313995 1.7258421 1.5049821 1.2174717 1.6834281 1.5180603 1.8138640 2.3941651 1.5656039 2.2690368 2.2003946 1.6803666 2.2007025 1.4257567 1.5654528 1.5119977 1.4860101 2.4333922 2.1969503 2.2048590 1.6237681 
HoiH23_PlH23_009798-RA                                           1.3070391 1.2999219 1.2633040 1.2467933 0.6933252 1.3991098 1.3821097 1.5504773 1.5445412 1.5892359 0.9849875 1.5674892 1.4556176 1.3875686 1.4364328 1.5712014 1.4517894 1.5987235 1.3003301 1.2879000 1.4804260 0.3274801 0.1987419 0.0597671 0.0000000 0.0927176 0.0926559 0.1374826 1.4638441 1.4870813 1.7094066 1.2532671 1.7349592 1.5217127 1.2149394 1.6975958 1.5018092 1.7704555 2.3224180 1.5362448 2.3935216 2.2163298 1.7181509 2.2077690 1.3454159 1.5541249 1.5057052 1.4833274 2.5200340 2.2342257 2.0168041 1.6004941 
Hhon_g01137.t1                                                   1.3543996 1.3455327 1.2579297 1.2868069 0.6940198 1.4041071 1.4048002 1.5534225 1.5720969 1.5874387 0.9759521 1.5491805 1.4518001 1.4101285 1.5242543 1.6458149 1.4966979 1.5980315 1.3127820 1.2999768 1.5494161 0.3741234 0.2174772 0.1137723 0.0927176 0.0000000 0.0020536 0.1544790 1.4953641 1.5381018 1.7322650 1.3153948 1.8107053 1.5503770 1.2630809 1.6845580 1.5523592 1.8184485 2.3963384 1.4958547 2.3856390 2.1727779 1.7512606 2.2789659 1.3631594 1.6115711 1.5790523 1.5585373 2.7665822 2.4364477 2.3966521 1.6272396 
HoiH04_mRNA340                                                   1.3520298 1.3433010 1.2557151 1.2846760 0.6940198 1.4041071 1.4048002 1.5508106 1.5696210 1.5848556 0.9759521 1.5491805 1.4518001 1.4077888 1.5217879 1.6458149 1.4941685 1.6002189 1.3127820 1.2999768 1.5469998 0.3659424 0.2142482 0.1136933 0.0926559 0.0020536 0.0000000 0.1559588 1.4953641 1.5381018 1.7322650 1.3153948 1.8125751 1.5517151 1.2630809 1.6814709 1.5497256 1.8154154 2.3900344 1.4958547 2.3868852 2.1739200 1.7512606 2.2805960 1.3742223 1.6087559 1.5790523 1.5547887 2.7233922 2.4099837 2.3966521 1.6272396 
HoiH11_mRNA126                                                   1.2799086 1.1509043 1.1026709 1.1989320 0.6897452 1.2813422 1.2692422 1.3552719 1.5484484 1.5358013 0.9923791 1.4530311 1.3505692 1.4594408 1.2903596 1.5080080 1.3747300 1.5042484 1.3243907 1.2697090 1.4753455 0.4629606 0.2274664 0.1578174 0.1374826 0.1544790 0.1559588 0.0000000 1.3561662 1.3328170 1.5934863 1.3085061 1.5849690 1.3930790 1.1834064 1.5093660 1.3669875 1.6370498 2.1876639 1.6136356 2.1026904 2.0527013 1.5518980 2.1593798 1.3637706 1.5541895 1.5332480 1.5569364 3.0730384 2.0833637 1.8786500 1.5802629 
Aque_Aqu2.1.23310_001                                            1.3380411 1.2558412 1.4739846 1.4091863 0.9034021 1.5285152 1.4881009 1.7278594 1.5352247 1.5382375 1.1585189 1.7212457 1.6120485 1.5301192 1.4371126 1.6050386 1.4216908 1.4924945 1.2618024 1.2482413 1.5037760 3.2617475 1.4461626 1.4776136 1.4638441 1.4953641 1.4953641 1.3561662 0.0000000 0.2457188 0.4841505 0.7600952 0.9477298 0.8058110 1.4909587 1.6946365 1.5208081 1.7105195 2.0666362 1.3143293 1.8291719 1.7564782 1.5899753 1.9547365 1.3826406 1.7136726 1.6044064 1.7824272 2.8764105 2.2802186 1.7675382 1.5392441 
Halamb_c49411_g5_i2mm.3065                                       1.3459220 1.2431346 1.3936195 1.4079470 0.8610984 1.4032837 1.3873946 1.5861071 1.5218443 1.5534213 1.1918525 1.7663974 1.5978922 1.4960505 1.3379060 1.5042478 1.4139137 1.4710958 1.1986647 1.2622448 1.4616602 3.8281413 1.5100875 1.4850665 1.4870813 1.5381018 1.5381018 1.3328170 0.2457188 0.0000000 0.4807808 0.7233320 0.9190333 0.8007773 1.4359340 1.7596187 1.5463131 1.6193516 1.9260728 1.3103485 1.7777918 1.7041400 1.4993473 1.9032206 1.3325474 1.5889640 1.6019441 1.7395407 2.7437269 2.2956935 1.9193766 1.4627639 
Xestes_augustus_masked-XT_scaffold3677-processed-gene-0.1-mRNA-1 1.5066000 1.4040113 1.5510381 1.5128627 0.8475181 1.6224699 1.6326458 1.7769235 1.7803244 1.8000001 1.2037552 1.8879845 1.7788873 1.8094460 1.4550481 1.6131693 1.5546290 1.5699096 1.3067486 1.2112916 1.4331300 3.2909529 1.7286237 1.7168244 1.7094066 1.7322650 1.7322650 1.5934863 0.4841505 0.4807808 0.0000000 0.6231434 0.8190715 0.8078324 1.4316677 1.7193808 1.7181688 1.8023579 2.0971186 1.2856187 1.9899142 1.9844403 1.7410651 2.0388503 1.6016168 1.7187893 1.8210442 1.9701539 3.2296909 2.0363035 1.7412487 0.6125362 
Plespi_Pspi_scaffold2657_01                                      1.2268489 1.0930312 1.4459015 1.3342338 1.0090842 1.5352548 1.5204941 1.5471911 1.3169972 1.3536182 1.4489677 1.7375588 1.6151628 1.5580370 1.2788540 1.5163318 1.2728611 1.2390899 1.2468849 1.1760455 1.4803515 2.5166911 1.3288129 1.2313995 1.2532671 1.3153948 1.3153948 1.3085061 0.7600952 0.7233320 0.6231434 0.0000000 0.9865382 0.8218640 1.3797460 1.4989181 1.6119836 1.5049768 1.5797880 1.4307546 1.6715587 1.6854223 1.3804471 1.7452181 1.2981293 1.5525789 1.3977227 1.7537671 2.6818121 1.8646645 1.3985033 1.8726930 
Emue_Em0005g947a.t1                                              1.3835237 1.4751897 1.7230293 1.7372599 1.1490057 1.8713432 1.9088038 1.8823322 1.5920628 1.6256947 1.3124692 1.9106073 1.7103070 1.6443990 1.5784904 1.5007226 1.5041402 1.5924604 1.3065376 1.3585842 1.5846183 3.3522261 1.7744403 1.7258421 1.7349592 1.8107053 1.8125751 1.5849690 0.9477298 0.9190333 0.8190715 0.9865382 0.0000000 0.1834191 1.3848647 1.7616605 1.7715083 1.6374138 1.7083664 1.3285087 1.9677087 1.9235636 1.6646620 1.8613715 1.4338772 1.8029333 1.9229926 1.7804324 3.7915407 1.9606854 2.0765741 0.7920263 
Spolac_c104539_g1_i8_m.41282c104539-g1                           1.3904306 1.2896616 1.4388230 1.4686100 0.8098821 1.5283729 1.5201032 1.7362442 1.3801191 1.4453467 1.2203395 1.6719297 1.5600170 1.4339766 1.5350718 1.3828533 1.3774180 1.4633199 1.1900225 1.2132802 1.5560534 3.4769158 1.5238260 1.5049821 1.5217127 1.5503770 1.5517151 1.3930790 0.8058110 0.8007773 0.8078324 0.8218640 0.1834191 0.0000000 1.3560624 1.5880821 1.5834169 1.5728407 1.8013341 1.3641440 1.8651737 1.7893297 1.4913193 1.8418092 1.3096058 1.6125960 1.6470554 1.8180282 3.9208704 2.0033181 2.1488060 1.2155332 
Tcas_TC011081_001                                                0.9681869 0.8418662 1.1889337 1.2050648 0.8415701 1.2442957 1.2283799 1.3807035 1.3314906 1.3285401 0.6463290 1.5551623 1.3149927 1.2547639 1.0365590 0.7688301 0.7491716 0.7904573 1.0157725 1.2113520 1.0380201 2.2708563 1.1973326 1.2174717 1.2149394 1.2630809 1.2630809 1.1834064 1.4909587 1.4359340 1.4316677 1.3797460 1.3848647 1.3560624 0.0000000 1.7107128 1.4999527 1.7618806 1.9150107 1.4039960 1.9582669 1.9040002 1.4114952 1.6978683 1.2760720 1.6130265 1.5909421 1.2872715 2.1522386 0.7891406 1.5471135 2.3877965 
Hvul_g8157_1                                                     1.6707093 1.6869744 1.5037838 1.5418174 0.9397466 1.5809437 1.5600914 1.7853881 1.5489078 1.4786216 1.1192388 1.1308665 1.0609241 1.0541567 1.5640677 1.6377879 1.4527754 1.4429015 1.3508882 1.4256264 1.6071007 3.9426354 1.8315673 1.6834281 1.6975958 1.6845580 1.6814709 1.5093660 1.6946365 1.7596187 1.7193808 1.4989181 1.7616605 1.5880821 1.7107128 0.0000000 0.5730597 1.6818429 2.0817146 1.1702858 1.9906092 1.8806615 1.5288274 1.9755465 1.1786539 2.0439279 2.1874336 2.2643226 3.8677119 2.2813127 1.8334717 2.6324702 
Chem_TCONS_00025957                                              1.4401537 1.4683829 1.3416958 1.2630887 0.9659495 1.3856422 1.3511593 1.5495583 1.3375098 1.3913691 1.0932598 1.0299826 0.9927112 1.0676462 1.4357324 1.6725073 1.4822813 1.4510159 1.2725613 1.3374961 1.4521075 2.2887589 1.4380385 1.5180603 1.5018092 1.5523592 1.5497256 1.3669875 1.5208081 1.5463131 1.7181688 1.6119836 1.7715083 1.5834169 1.4999527 0.5730597 0.0000000 1.5215488 1.7847159 1.1740783 1.8769586 1.7913568 1.4718164 1.8402730 0.9760108 1.8829932 1.7927622 1.8366421 3.4593671 2.1484341 1.7267268 2.2975755 
Mlei_ML0953.g6.i1                                                1.5024551 1.5083386 1.5287744 1.4641343 1.1065086 1.5969227 1.5832955 1.8763695 1.6698251 1.5739604 1.3646676 1.8264848 1.6252370 1.3982480 1.6064903 1.6526526 1.7988699 1.6970265 1.4935456 1.6261600 1.8408628 3.2308609 1.7526385 1.8138640 1.7704555 1.8184485 1.8154154 1.6370498 1.7105195 1.6193516 1.8023579 1.5049768 1.6374138 1.5728407 1.7618806 1.6818429 1.5215488 0.0000000 0.0528989 0.2905116 0.4351600 0.3776406 0.2281050 0.3421555 1.2613130 1.7721786 1.9374684 2.0158150 3.7020382 2.3632593 2.0524960 2.2572388 
Bolinf_Binf_sb1238208                                            1.6059853 1.8586453 1.7849460 1.6918593 0.4800513 1.8700887 1.9014088 2.1800190 1.9385369 1.7485238 1.3402806 1.9391622 1.8157634 1.5250045 1.7553619 1.8272811 2.2071487 2.2083750 1.8813333 1.6765160 1.8808613 3.7182202 2.2919557 2.3941651 2.3224180 2.3963384 2.3900344 2.1876639 2.0666362 1.9260728 2.0971186 1.5797880 1.7083664 1.8013341 1.9150107 2.0817146 1.7847159 0.0528989 0.0000000 0.3440555 0.6123753 0.5087013 0.3211609 0.4156913 1.6028630 2.0269049 2.4873131 2.2175718 3.6692144 2.4402250 1.9687120 0.8834678 
Eupdun_Edun_sb10630351                                           1.3225357 1.1800173 1.1986121 1.3583448 0.8943526 1.2606769 1.2668420 1.4707488 1.3288260 1.4072316 1.1678102 1.3574510 1.3274389 1.1698589 1.2253782 1.3887436 1.4167195 1.5011291 1.3257782 1.3420755 1.2717982 2.5936032 1.4705156 1.5656039 1.5362448 1.4958547 1.4958547 1.6136356 1.3143293 1.3103485 1.2856187 1.4307546 1.3285087 1.3641440 1.4039960 1.1702858 1.1740783 0.2905116 0.3440555 0.0000000 0.4622358 0.4508705 0.2842316 0.3105712 1.1012730 1.6611763 1.6992766 1.7838724 2.8813599 1.4911054 1.8853252 1.1724206 
Pbac_sb2647064                                                   1.7355231 1.6762057 1.6678272 1.7870190 1.1408276 1.7288734 1.7104960 1.9978705 1.8167606 1.7269731 1.4016160 2.1325584 1.8463446 1.8958049 1.9997649 1.7075010 1.9779421 1.9271843 1.5321723 1.5937887 2.2440527 5.8174820 2.2937193 2.2690368 2.3935216 2.3856390 2.3868852 2.1026904 1.8291719 1.7777918 1.9899142 1.6715587 1.9677087 1.8651737 1.9582669 1.9906092 1.8769586 0.4351600 0.6123753 0.4622358 0.0000000 0.0549113 0.5043020 0.5606936 1.6488402 1.9823095 2.0240928 2.1694898 3.7109637 2.4868235 2.1918721 2.3033142 
Horcal_Hcv1.av93.c11.g881.i1                                     1.7115273 1.5818638 1.5428495 1.6556467 1.1354579 1.5859706 1.5699079 1.8114864 1.7004964 1.6271083 1.3857198 1.9473459 1.7234528 1.7505970 1.8902390 1.6642976 1.8967366 1.8538314 1.5321723 1.5997488 2.1230801 4.5964122 2.0607316 2.2003946 2.2163298 2.1727779 2.1739200 2.0527013 1.7564782 1.7041400 1.9844403 1.6854223 1.9235636 1.7893297 1.9040002 1.8806615 1.7913568 0.3776406 0.5087013 0.4508705 0.0549113 0.0000000 0.4426196 0.5026721 1.4952190 1.8561095 1.9822023 2.1273496 3.8181211 2.3302929 2.0506373 2.3142284 
Lampan_Lpan_14302_01                                             1.4678820 1.4356568 1.4267417 1.3894272 0.7431176 1.3825898 1.3845894 1.6840931 1.4954648 1.3942606 1.1421016 1.8374164 1.5857877 1.3025452 1.5103494 1.4595691 1.5378975 1.4823017 1.3781075 1.4071085 1.6039727 3.7191767 1.7160093 1.6803666 1.7181509 1.7512606 1.7512606 1.5518980 1.5899753 1.4993473 1.7410651 1.3804471 1.6646620 1.4913193 1.4114952 1.5288274 1.4718164 0.2281050 0.3211609 0.2842316 0.5043020 0.4426196 0.0000000 0.3420868 1.1237914 1.7259296 1.7562280 1.9576469 3.1601230 2.2586517 2.1077854 1.5388614 
Coemet_Cmet_scaffold16762_01                                     1.7802726 1.7373877 1.7553098 1.8464082 1.0750407 1.7513059 1.7474174 2.0743559 2.0538200 1.7691595 1.2412783 1.9859111 1.8828113 1.7786150 1.9073947 1.6511769 1.9490867 2.1545061 1.5656373 1.6831677 1.9019409 4.1207164 2.2610017 2.2007025 2.2077690 2.2789659 2.2805960 2.1593798 1.9547365 1.9032206 2.0388503 1.7452181 1.8613715 1.8418092 1.6978683 1.9755465 1.8402730 0.3421555 0.4156913 0.3105712 0.5606936 0.5026721 0.3420868 0.0000000 1.5483697 2.1544098 2.1024873 2.1702407 3.8335785 2.3811686 2.1895324 1.1567001 
Morvir_scaffold118.g32.t1                                        1.2434037 1.1151854 1.0244941 1.0635137 0.4703723 1.1221307 1.1481264 1.2709427 1.0387036 0.9938184 0.8206822 0.8417764 0.7502054 0.6586596 1.1565444 1.2479057 1.2600281 1.2145078 0.9535402 1.0607031 1.1584053 3.6143398 1.4576445 1.4257567 1.3454159 1.3631594 1.3742223 1.3637706 1.3826406 1.3325474 1.6016168 1.2981293 1.4338772 1.3096058 1.2760720 1.1786539 0.9760108 1.2613130 1.6028630 1.1012730 1.6488402 1.4952190 1.1237914 1.5483697 0.0000000 1.3331521 1.3966386 1.4502428 3.0112243 1.6664248 1.7390944 1.4705273 
Lcom_lcpid48568                                                  1.6955198 1.4144961 1.3169137 1.2106204 0.9034787 1.3351635 1.3243016 1.4904793 1.4901057 1.5601466 1.1578431 1.6186610 1.4882550 1.5242611 1.2542153 1.5886040 1.4511972 1.4244518 1.5865505 1.6076428 1.4678967 3.2471672 1.5314733 1.5654528 1.5541249 1.6115711 1.6087559 1.5541895 1.7136726 1.5889640 1.7187893 1.5525789 1.8029333 1.6125960 1.6130265 2.0439279 1.8829932 1.7721786 2.0269049 1.6611763 1.9823095 1.8561095 1.7259296 2.1544098 1.3331521 0.0000000 0.3172732 0.2609536 1.0623407 1.9194979 2.3728681 2.2621831 
Gracom_Gcom_scaffold18542_01                                     1.7697316 1.3909509 1.3964142 1.3267490 0.8535534 1.4558694 1.4373115 1.5655421 1.5545219 1.6002755 1.1857079 2.0469385 1.6907878 1.7659870 1.4316986 1.8085305 1.6382489 1.5617038 1.4433344 1.4585437 1.6584310 3.8017356 1.5798401 1.5119977 1.5057052 1.5790523 1.5790523 1.5332480 1.6044064 1.6019441 1.8210442 1.3977227 1.9229926 1.6470554 1.5909421 2.1874336 1.7927622 1.9374684 2.4873131 1.6992766 2.0240928 1.9822023 1.7562280 2.1024873 1.3966386 0.3172732 0.0000000 0.2583210 1.1970524 2.0632438 2.5925395 2.3039542 
Leuniv_Lniv_scaffold12598_01                                     1.6455997 1.3403520 1.3624771 1.3522642 0.4967999 1.4295821 1.4172161 1.6034591 1.6687699 1.6224499 0.9353945 1.8736110 1.5929403 1.7364856 1.3451320 1.6008147 1.5832713 1.5394877 1.5404317 1.6423333 1.5742608 3.2856426 1.5309412 1.4860101 1.4833274 1.5585373 1.5547887 1.5569364 1.7824272 1.7395407 1.9701539 1.7537671 1.7804324 1.8180282 1.2872715 2.2643226 1.8366421 2.0158150 2.2175718 1.7838724 2.1694898 2.1273496 1.9576469 2.1702407 1.4502428 0.2609536 0.2583210 0.0000000 1.0363264 1.7808233 2.3767767 1.0635295 
Clacor_Ccor_scaffold14653_01                                     3.5945987 3.1821428 2.0209626 2.5195464 2.0834037 2.9646921 2.9274764 3.0749961 3.1363466 3.4093522 1.1195556 3.2382774 2.6505789 2.7139100 2.9821789 2.9865477 3.2632558 3.1514512 9.0000000 2.9830456 2.9884104 3.3218106 2.6694727 2.4333922 2.5200340 2.7665822 2.7233922 3.0730384 2.8764105 2.7437269 3.2296909 2.6818121 3.7915407 3.9208704 2.1522386 3.8677119 3.4593671 3.7020382 3.6692144 2.8813599 3.7109637 3.8181211 3.1601230 3.8335785 3.0112243 1.0623407 1.1970524 1.0363264 0.0000000 2.7332758 3.0056292 1.1566832 
Cscu_XM_023374855.1                                              1.5137108 1.1285829 1.6886733 1.6868581 0.7685874 1.7858080 1.6823096 1.9676473 1.7780024 1.7232500 0.4859914 1.6792839 1.5734655 1.8552304 1.0413894 1.1735498 1.1887024 1.1870967 1.1542392 1.2357319 1.2586428 4.4225313 2.4280672 2.1969503 2.2342257 2.4364477 2.4099837 2.0833637 2.2802186 2.2956935 2.0363035 1.8646645 1.9606854 2.0033181 0.7891406 2.2813127 2.1484341 2.3632593 2.4402250 1.4911054 2.4868235 2.3302929 2.2586517 2.3811686 1.6664248 1.9194979 2.0632438 1.7808233 2.7332758 0.0000000 1.8008211 1.0379096 
Plajan_Pjan_scaffold2956_01                                      1.7233111 1.9654705 2.1544262 2.0985825 3.5519632 2.3070405 2.2873596 2.2478485 2.4983209 2.0621161 1.5647957 2.2598987 2.1080158 2.1350189 2.0876660 1.7765326 1.7527884 1.8851913 1.2760181 0.6461609 2.1040202 2.8735873 2.0783717 2.2048590 2.0168041 2.3966521 2.3966521 1.8786500 1.7675382 1.9193766 1.7412487 1.3985033 2.0765741 2.1488060 1.5471135 1.8334717 1.7267268 2.0524960 1.9687120 1.8853252 2.1918721 2.0506373 2.1077854 2.1895324 1.7390944 2.3728681 2.5925395 2.3767767 3.0056292 1.8008211 0.0000000 1.1164756 
Stycar_snap_masked-SC_scaffold1162-processed-gene-0.57-mRNA-1    2.4071390 1.8006735 2.1021515 2.0276352 3.5353827 1.8693769 1.8460255 1.8514757 1.9228884 1.8751742 2.3308349 2.1862589 2.2931640 2.1116023 2.0307955 2.0987573 2.0731776 1.9161044 2.7712005 2.3024945 2.0199771 0.8188652 1.7840141 1.6237681 1.6004941 1.6272396 1.6272396 1.5802629 1.5392441 1.4627639 0.6125362 1.8726930 0.7920263 1.2155332 2.3877965 2.6324702 2.2975755 2.2572388 0.8834678 1.1724206 2.3033142 2.3142284 1.5388614 1.1567001 1.4705273 2.2621831 2.3039542 1.0635295 1.1566832 1.0379096 1.1164756 0.0000000 
