53
Hsap_ENST00000397871                   0.0000000 0.9801395 1.1322253 1.3628884 1.4214800 2.1129864 1.4132317 1.3150369 1.3657077 1.3852486 1.4097643 1.1044702 1.1492401 1.2039984 1.8522901 1.8692657 1.2793831 1.3453448 1.7702073 1.6848224 1.7401010 1.3863280 2.1733755 2.0949169 1.9420597 1.8587973 1.8428242 3.1255163 2.9207330 2.7996707 3.0551982 2.8043056 2.8226029 2.9534535 2.4856703 2.8640321 2.4525918 1.9450249 2.4650445 2.0679646 2.8377074 2.8265984 2.8108594 2.6238467 2.2235678 2.3759570 2.3850398 2.3125890 2.3548177 2.4394213 2.4408057 2.3974090 1.9128094 
Bralan_BLAG01001404_1                  0.9801395 0.0000000 0.9112656 1.3189729 1.3870030 1.7820949 1.4592489 1.2311521 1.2853029 1.2809483 1.3184731 1.0855943 1.1447980 1.0820720 1.7513162 1.7858482 1.2631204 1.2491846 1.8750522 1.8628074 1.8035297 1.4099761 2.1512938 2.0461220 1.8111991 1.7625661 1.7933176 2.4122845 2.3542424 2.3524454 2.6957067 2.4610242 2.3865330 2.6610620 2.4593841 2.5809929 2.0990004 1.7839360 2.2499503 1.9400356 2.5772269 2.6635873 2.5845445 2.5063941 2.0961416 2.2642421 2.2675143 2.2282441 2.2750063 2.3522153 2.3507349 2.2381960 2.0526209 
Skow_XM_006818028.1                    1.1322253 0.9112656 0.0000000 1.3434683 1.3440263 2.1899274 1.3887125 1.4049881 1.3422222 1.3337861 1.3651798 1.1684781 1.2190326 1.1975074 1.7447664 1.7893964 1.2498902 1.4028007 1.7542482 1.7320876 1.7919147 1.4129258 2.1066745 1.9498127 1.9578895 1.8395809 1.9160618 2.8659812 2.8613231 2.7400620 3.3614528 2.9171676 2.9999377 3.0029233 2.9103393 2.7664301 2.2663125 1.7775324 2.1987057 2.1830848 2.6738543 2.8014632 2.6492249 2.4300373 2.4116178 2.1873837 2.1940045 2.0344116 2.0954549 2.1507144 2.1506419 2.0562849 1.9951456 
Exapal_XM_028657275.1                  1.3628884 1.3189729 1.3434683 0.0000000 0.7352774 1.7339177 0.9133561 0.9083732 0.8540960 0.8531784 0.9110580 0.6994581 1.4144952 1.4082732 1.4079531 1.4703829 1.5220451 1.5939445 1.5197204 1.5283929 1.4661318 1.7667817 2.0371000 1.9481897 2.0583560 1.9298206 1.8245847 2.8373568 2.6809736 2.5573143 3.0649577 2.6834326 2.8051271 2.9928374 2.6706734 2.9029021 1.9392579 2.0064890 2.0465494 1.9888680 2.4361790 2.5269228 2.4556840 2.2073043 2.0906385 2.3132541 2.3237948 2.3499316 2.3971296 2.4677387 2.4735429 2.4589480 2.1727253 
Nvec_v1g167837                         1.4214800 1.3870030 1.3440263 0.7352774 0.0000000 1.3839791 0.8962445 0.7868833 0.8253703 0.8033905 0.8284897 0.6893185 1.5004794 1.5054343 1.3853231 1.5001090 1.6214114 1.7209324 1.6238746 1.5839305 1.4700800 1.8851556 2.0336642 1.8561537 1.9943937 1.8788171 1.8223691 2.7223355 2.5931334 2.5173316 3.2734103 2.6091788 2.8326050 2.8724650 2.3791730 2.7912590 1.8495545 2.1712526 2.0746039 1.9267784 2.6122071 2.5540536 2.4919705 2.3254540 2.2604688 2.3489480 2.3459827 2.2301857 2.2821975 2.3440167 2.3387560 2.3022386 2.1790818 
Adig_XM_015891908.1                    2.1129864 1.7820949 2.1899274 1.7339177 1.3839791 0.0000000 0.2197706 0.4223385 0.4090875 0.4059961 0.4965494 1.3043056 2.3102152 2.2691434 1.6707398 1.6951568 2.5141083 2.4010132 2.9687846 2.9310181 2.1516615 2.6067470 2.6216475 2.4399086 2.0573270 2.0477319 2.4079721 3.0365414 3.0315899 3.1058827 3.1911791 3.1330953 3.0304729 3.1989235 1.3019683 8.9999983 4.0859794 3.2783079 2.9687983 3.0669368 2.4513348 2.2895298 2.4396314 2.7238332 0.0000010 2.5996803 2.5996803 2.4219716 2.4033558 2.6342362 2.6876928 2.4458773 2.9841537 
Amil_Amillepora33061-RA                1.4132317 1.4592489 1.3887125 0.9133561 0.8962445 0.2197706 0.0000000 0.2273998 0.3145720 0.2981494 0.2942384 0.3527659 1.5312179 1.5861576 1.5203558 1.5924467 1.6820450 1.6354022 1.5989198 1.4817562 1.4879897 1.8939871 2.0969627 1.9145215 1.9612629 1.8381355 1.9910256 2.8313232 2.5200580 2.4824277 2.9635444 2.7135327 2.9452495 2.9606784 2.5190515 2.9093616 1.9410067 2.1143506 2.1289717 1.9639645 2.5308322 2.4924867 2.4097082 2.3813260 2.4784451 2.3934304 2.4058817 2.3604884 2.4010231 2.4873660 2.5046937 2.3306262 2.2456030 
Gfas_gfas1.m1.19139.m1                 1.3150369 1.2311521 1.4049881 0.9083732 0.7868833 0.4223385 0.2273998 0.0000000 0.2239992 0.2119510 0.2241368 0.1585606 1.3399319 1.4826509 1.3049398 1.4404787 1.4771271 1.5959321 1.6085994 1.5462297 1.5067496 1.6567260 1.8368908 1.6958498 1.8494449 1.7094572 1.7996277 2.7868510 2.5031749 2.4202634 2.9908628 2.5783064 2.9209076 2.7817554 2.3324066 2.5796609 1.9800195 2.0950754 2.1629688 1.9830802 2.1424387 2.1895393 2.1579430 2.1979080 2.1877898 2.3396777 2.3483473 2.3408687 2.4014471 2.4755722 2.5170541 2.3200034 2.1353031 
Spis_XP_022807852_1                    1.3657077 1.2853029 1.3422222 0.8540960 0.8253703 0.4090875 0.3145720 0.2239992 0.0000000 0.0629593 0.1820736 0.2282371 1.4065015 1.4820992 1.3703960 1.5212918 1.4491902 1.6135953 1.5536782 1.5209214 1.4401302 1.7412943 1.9035473 1.7132276 1.9349146 1.8082607 1.9032282 2.7510614 2.5806763 2.5124438 3.1102343 2.7027515 2.8834661 2.9476829 2.5495289 2.7990913 1.9061396 2.1352844 2.0958466 1.9595112 2.4411168 2.4743167 2.3082466 2.4362418 2.2032029 2.4481306 2.4558515 2.3488154 2.4033796 2.4988392 2.5211335 2.4282490 2.2259470 
Pocdam_XM_027202454.1                  1.3852486 1.2809483 1.3337861 0.8531784 0.8033905 0.4059961 0.2981494 0.2119510 0.0629593 0.0000000 0.1782529 0.2241207 1.4278843 1.4775522 1.3666349 1.4869396 1.4597099 1.6069239 1.5261809 1.4585929 1.4261865 1.7577280 1.8955232 1.7095802 1.9271642 1.8014901 1.8909122 2.6977220 2.5242220 2.4938776 3.1109452 2.7263199 2.8549702 2.9075010 2.5558061 2.8040591 1.9142023 2.1737040 2.1015685 1.9496139 2.3330499 2.3731023 2.1999295 2.3639708 2.1587410 2.3941752 2.4021231 2.3270468 2.3775715 2.4442651 2.4660794 2.3702772 2.1891001 
Gasp_gasp1.m3.10205.m1                 1.4097643 1.3184731 1.3651798 0.9110580 0.8284897 0.4965494 0.2942384 0.2241368 0.1820736 0.1782529 0.0000000 0.1961705 1.4592166 1.5718396 1.3635505 1.5465235 1.4784205 1.6608857 1.6172916 1.5691084 1.5747514 1.6735720 2.0421812 1.7942650 2.0471633 1.8904807 1.9012403 2.7223026 2.5113172 2.4188535 3.0773931 2.7639328 2.9146594 2.8618104 2.3146343 2.7702846 1.9368866 2.2046720 2.2102347 1.9899718 2.4481225 2.4554580 2.2770647 2.3947412 2.0697346 2.4439404 2.4552694 2.4212960 2.4745926 2.5029889 2.5087564 2.4092748 2.1467197 
Fspp_ffun1.m4.26518.m1                 1.1044702 1.0855943 1.1684781 0.6994581 0.6893185 1.3043056 0.3527659 0.1585606 0.2282371 0.2241207 0.1961705 0.0000000 1.0485076 1.3691666 1.1401878 1.3426866 1.2127124 1.1393457 1.2834942 1.1757860 1.2175518 1.5535903 1.4749877 1.5574762 1.9256291 1.6926545 1.5820080 2.6478303 2.2648808 2.0186565 3.0535921 2.4109432 2.5744965 2.6448904 2.3685444 2.5189742 1.9587235 1.6606268 1.7623936 1.5677218 2.2301724 2.0411939 1.9842194 2.1026904 2.2787406 2.1454997 2.1685233 2.2122486 2.1806954 2.2410028 2.2410028 2.1117918 2.1042076 
Cgig_XM_034467453.1                    1.1492401 1.1447980 1.2190326 1.4144952 1.5004794 2.3102152 1.5312179 1.3399319 1.4065015 1.4278843 1.4592166 1.0485076 0.0000000 0.9165499 1.8875407 2.0470709 1.3463926 1.2668709 1.9476048 1.9075399 1.7829213 1.4363661 2.0233837 1.7949090 1.8913247 1.8623861 1.7636038 2.8477301 2.6026042 2.7107095 3.2915995 2.7481658 2.6445443 2.7890803 2.3670473 2.5280565 2.0306671 1.8858842 2.2253382 2.1296595 2.6828730 3.0161875 2.8757294 2.7097868 1.9745252 2.4314214 2.4440773 2.4003621 2.4249764 2.5076624 2.5147314 2.3681315 2.0253397 
Acagra_model.g14994.t1                 1.2039984 1.0820720 1.1975074 1.4082732 1.5054343 2.2691434 1.5861576 1.4826509 1.4820992 1.4775522 1.5718396 1.3691666 0.9165499 0.0000000 2.0015376 2.0244426 1.3812156 1.2432087 1.9568194 1.8769008 1.9176957 1.4237249 2.0996880 1.9593064 2.0717172 2.0117128 1.8707573 2.7206042 2.6184049 2.6762037 3.4169343 2.7579578 2.7149394 2.8425140 2.3598060 2.5812006 1.8763837 1.8744927 2.4931140 2.0737976 2.7504594 2.9498075 2.9534047 2.7064779 2.4381141 2.5756525 2.5891225 2.4515922 2.5497350 2.6089928 2.6091649 2.4871796 2.1478830 
Dgig_XM_028553293.1                    1.8522901 1.7513162 1.7447664 1.4079531 1.3853231 1.6707398 1.5203558 1.3049398 1.3703960 1.3666349 1.3635505 1.1401878 1.8875407 2.0015376 0.0000000 0.5071210 2.1191109 2.2322999 2.1148978 2.0577086 2.0428574 2.2403453 2.5622498 2.3062819 2.2499617 2.0813035 2.1421787 3.0714465 2.8949564 2.6008902 3.5622063 2.9204624 2.9626331 3.0008265 2.5107994 2.8199502 2.1912509 2.5449900 2.6675898 2.2119563 2.7890648 2.7178984 2.8341875 2.5526455 2.4167682 2.5258102 2.5425915 2.4456053 2.5111474 2.4941352 2.5171424 2.4490603 2.5289135 
Xesp_022035-T1                         1.8692657 1.7858482 1.7893964 1.4703829 1.5001090 1.6951568 1.5924467 1.4404787 1.5212918 1.4869396 1.5465235 1.3426866 2.0470709 2.0244426 0.5071210 0.0000000 1.9937464 2.2162761 2.2037794 2.0900829 2.1343601 2.2365739 2.8897942 2.3644042 2.3707300 2.2222016 2.2233860 3.1745468 2.9461655 2.6452898 4.2771899 3.2182301 2.8849639 2.9373592 2.4018861 2.7049842 2.2985397 2.6551313 2.6929020 2.3077029 2.8237649 2.7899085 2.8932073 2.5200590 2.7476537 2.6183490 2.6356517 2.4277597 2.5024700 2.4227644 2.4237213 2.3917873 2.6960624 
Spur_XM_030992298.1                    1.2793831 1.2631204 1.2498902 1.5220451 1.6214114 2.5141083 1.6820450 1.4771271 1.4491902 1.4597099 1.4784205 1.2127124 1.3463926 1.3812156 2.1191109 1.9937464 0.0000000 1.4379893 1.9172289 1.8319534 1.9021074 1.5730099 2.0417832 2.0342737 1.9035963 1.8304420 1.7323358 3.0072911 2.8071056 2.8080211 3.3546715 2.9977940 2.9070861 2.9751888 2.6106987 2.7826195 2.0348976 1.7752805 2.3716642 2.2133222 2.6017538 2.7498957 2.8053924 2.5907859 2.2095040 2.4426408 2.4665948 2.3531563 2.4171689 2.4605402 2.4651699 2.4274182 1.8403956 
Ctel_gnl_WGS_AMQN_CAPTEDRAFT_mRNA18172 1.3453448 1.2491846 1.4028007 1.5939445 1.7209324 2.4010132 1.6354022 1.5959321 1.6135953 1.6069239 1.6608857 1.1393457 1.2668709 1.2432087 2.2322999 2.2162761 1.4379893 0.0000000 2.1149974 2.0394394 2.0723992 1.6025676 2.2084768 2.1761905 2.3145669 2.1711236 2.1512957 3.0843552 2.8453304 2.7671630 3.5595290 3.0089666 3.0695638 3.2670937 2.5837626 2.7613993 2.1683598 2.1909915 2.7780564 2.4100300 2.9465853 2.9735291 2.9720340 2.9321316 2.4560813 2.5888188 2.6015874 2.4800731 2.5443649 2.5466426 2.5512349 2.5472554 2.1605987 
Nemnom_g11829.t1                       1.7702073 1.8750522 1.7542482 1.5197204 1.6238746 2.9687846 1.5989198 1.6085994 1.5536782 1.5261809 1.6172916 1.2834942 1.9476048 1.9568194 2.1148978 2.2037794 1.9172289 2.1149974 0.0000000 0.2443151 0.9636017 2.0042025 1.7171758 1.7385315 2.0992489 2.0258126 2.2002526 2.9049415 3.0280083 3.0679730 3.2165160 2.9678159 3.0995440 3.1551151 3.1325797 3.0298188 2.5497271 2.2047167 2.3199061 1.8379345 2.8363494 3.0015666 3.0154199 2.8481708 2.4804478 2.7763723 2.7899774 2.7889165 2.8234541 2.7436745 2.7486875 2.7634106 2.0104399 
Rhoesc_Res_006547-T1                   1.6848224 1.8628074 1.7320876 1.5283929 1.5839305 2.9310181 1.4817562 1.5462297 1.5209214 1.4585929 1.5691084 1.1757860 1.9075399 1.8769008 2.0577086 2.0900829 1.8319534 2.0394394 0.2443151 0.0000000 0.9257482 1.9850614 1.7340748 1.6627619 2.2180385 2.1326952 2.1580847 2.7709540 2.8362044 2.9017075 3.1741520 2.8860473 2.8801539 3.0192558 2.9620031 2.8671886 2.4548348 2.1632664 2.2774682 1.6781399 2.8531958 2.9696542 2.9417177 2.7469378 2.4188395 2.7612100 2.7734915 2.6866117 2.7700990 2.7190809 2.7255812 2.6751277 1.9625175 
Sanmal_Sma_019075-T1                   1.7401010 1.8035297 1.7919147 1.4661318 1.4700800 2.1516615 1.4879897 1.5067496 1.4401302 1.4261865 1.5747514 1.2175518 1.7829213 1.9176957 2.0428574 2.1343601 1.9021074 2.0723992 0.9636017 0.9257482 0.0000000 1.9707892 1.5949806 1.7552904 2.2096036 2.1239437 2.1418383 3.0236791 3.0270790 3.1224781 3.2062161 3.0262564 3.0905825 3.1993831 3.2524354 3.1275713 2.7152789 2.1166157 2.4488112 1.7968974 2.8735716 3.0102896 3.0846499 2.7423640 3.0660055 2.6633122 2.6650675 2.5776879 2.7178887 2.8478814 2.8317834 2.6836914 2.0590473 
Cscu_XM_023382591.1                    1.3863280 1.4099761 1.4129258 1.7667817 1.8851556 2.6067470 1.8939871 1.6567260 1.7412943 1.7577280 1.6735720 1.5535903 1.4363661 1.4237249 2.2403453 2.2365739 1.5730099 1.6025676 2.0042025 1.9850614 1.9707892 0.0000000 2.3516420 2.2352391 2.0771601 2.1160618 2.0427480 3.3552092 2.9886304 2.9975434 3.8815852 3.0189331 2.7795442 3.0062696 2.4507833 2.6992910 1.8920095 1.8328121 2.5864105 2.2683087 3.3690362 3.1695406 3.3097553 3.2696806 2.9207525 2.5121873 2.5175937 2.5044779 2.6182662 2.6789442 2.6800345 2.5078201 2.0942326 
Hvul_g20572_1                          2.1733755 2.1512938 2.1066745 2.0371000 2.0336642 2.6216475 2.0969627 1.8368908 1.9035473 1.8955232 2.0421812 1.4749877 2.0233837 2.0996880 2.5622498 2.8897942 2.0417832 2.2084768 1.7171758 1.7340748 1.5949806 2.3516420 0.0000000 1.3680314 2.4005368 2.3612490 2.3924709 3.5775568 3.4669081 3.5408287 3.6193410 3.3459964 3.4628437 3.7926340 3.5600434 3.7499070 2.2411109 2.6199174 2.8849120 1.8877432 3.2299347 3.3371597 3.4397515 3.2795475 2.6593781 2.4881273 2.5035102 2.4263523 2.5064601 2.6288992 2.6200033 2.3945408 2.3521936 
Chem_TCONS_00026371                    2.0949169 2.0461220 1.9498127 1.9481897 1.8561537 2.4399086 1.9145215 1.6958498 1.7132276 1.7095802 1.7942650 1.5574762 1.7949090 1.9593064 2.3062819 2.3644042 2.0342737 2.1761905 1.7385315 1.6627619 1.7552904 2.2352391 1.3680314 0.0000000 2.4260552 2.3173876 2.0371605 3.5960358 3.4842441 3.2906522 3.8064147 3.3841982 3.6778759 3.5632458 3.3382859 3.5263259 2.5219824 2.3317860 2.5094770 2.0018245 2.9138812 3.0032097 3.2910240 3.0695809 2.5002743 2.5246511 2.5409882 2.4914544 2.4173988 2.5296969 2.5225182 2.2497544 2.5347250 
Ocar_g10066                            1.9420597 1.8111991 1.9578895 2.0583560 1.9943937 2.0573270 1.9612629 1.8494449 1.9349146 1.9271642 2.0471633 1.9256291 1.8913247 2.0717172 2.2499617 2.3707300 1.9035963 2.3145669 2.0992489 2.2180385 2.2096036 2.0771601 2.4005368 2.4260552 0.0000000 0.0071800 1.3218370 3.0947977 2.7963163 2.7789074 2.8390381 2.8941202 2.8507720 3.0011945 2.9329535 3.2234957 2.3518068 2.6686971 2.5907922 2.3490110 2.8727402 3.0962690 3.2206245 2.8226982 2.8023711 2.6986228 2.6997245 2.6892604 2.7621366 2.7027538 2.7091630 2.6060668 2.4569915 
Opea_EP00118_Oscarella_pearsei_P007950 1.8587973 1.7625661 1.8395809 1.9298206 1.8788171 2.0477319 1.8381355 1.7094572 1.8082607 1.8014901 1.8904807 1.6926545 1.8623861 2.0117128 2.0813035 2.2222016 1.8304420 2.1711236 2.0258126 2.1326952 2.1239437 2.1160618 2.3612490 2.3173876 0.0071800 0.0000000 1.2546399 3.0428999 2.8279631 2.7844379 2.8390381 2.8360492 2.8732008 2.9666703 2.8927886 3.1469457 2.3188310 2.5648127 2.4420433 2.4082767 2.7045168 2.9340706 2.9724642 2.6984365 2.2345490 2.5847240 2.5856871 2.5822833 2.6525645 2.5968918 2.6023639 2.5003434 2.4081424 
Plajan_Pjan_C567478_01                 1.8428242 1.7933176 1.9160618 1.8245847 1.8223691 2.4079721 1.9910256 1.7996277 1.9032282 1.8909122 1.9012403 1.5820080 1.7636038 1.8707573 2.1421787 2.2233860 1.7323358 2.1512957 2.2002526 2.1580847 2.1418383 2.0427480 2.3924709 2.0371605 1.3218370 1.2546399 0.0000000 2.8708430 2.8042054 2.9070226 3.6231589 2.9486237 2.8543954 2.7643470 2.5260225 2.9845132 2.0325190 2.4079147 2.2891905 2.2177469 2.6460300 2.8512092 2.7351427 2.6568766 2.0457744 2.5261832 2.5478869 2.4513310 2.4886948 2.5854768 2.5850313 2.5481691 2.5256506 
Mlei_ML1324.g3.i1                      3.1255163 2.4122845 2.8659812 2.8373568 2.7223355 3.0365414 2.8313232 2.7868510 2.7510614 2.6977220 2.7223026 2.6478303 2.8477301 2.7206042 3.0714465 3.1745468 3.0072911 3.0843552 2.9049415 2.7709540 3.0236791 3.3552092 3.5775568 3.5960358 3.0947977 3.0428999 2.8708430 0.0000000 0.3955436 0.4561549 0.6353413 0.5520336 0.7731586 0.7130642 1.1435885 0.4583510 1.5164404 3.4843638 3.3214794 3.4060666 3.4080600 3.3890341 3.6801994 3.1494379 3.2691850 4.1640518 4.1637826 3.9796560 4.0435070 4.2335853 4.2004485 4.0785263 3.0407158 
Beraby_Baby_sb341900                   2.9207330 2.3542424 2.8613231 2.6809736 2.5931334 3.0315899 2.5200580 2.5031749 2.5806763 2.5242220 2.5113172 2.2648808 2.6026042 2.6184049 2.8949564 2.9461655 2.8071056 2.8453304 3.0280083 2.8362044 3.0270790 2.9886304 3.4669081 3.4842441 2.7963163 2.8279631 2.8042054 0.3955436 0.0000000 0.4623487 0.6917404 0.6070971 0.7647102 0.7625082 1.0442878 0.6109565 0.9031031 3.3439929 3.1595827 3.2039596 3.3138566 3.2212310 3.5278268 3.1853477 3.4666492 3.7638844 3.7875891 3.7860227 3.8690819 3.9683889 3.9457126 3.8055905 3.0656761 
Drygla_Dgla_sb298157                   2.7996707 2.3524454 2.7400620 2.5573143 2.5173316 3.1058827 2.4824277 2.4202634 2.5124438 2.4938776 2.4188535 2.0186565 2.7107095 2.6762037 2.6008902 2.6452898 2.8080211 2.7671630 3.0679730 2.9017075 3.1224781 2.9975434 3.5408287 3.2906522 2.7789074 2.7844379 2.9070226 0.4561549 0.4623487 0.0000000 0.6050577 0.5588635 0.7063141 0.6782273 0.8828533 0.5269433 0.9888293 3.3089980 2.9443485 3.1203591 3.3135496 3.2982245 3.4584563 3.0476438 3.4446778 3.6185374 3.6392993 3.5036793 3.6975273 3.7502768 3.7286077 3.5423535 2.8564902 
Pbac_sb2658356                         3.0551982 2.6957067 3.3614528 3.0649577 3.2734103 3.1911791 2.9635444 2.9908628 3.1102343 3.1109452 3.0773931 3.0535921 3.2915995 3.4169343 3.5622063 4.2771899 3.3546715 3.5595290 3.2165160 3.1741520 3.2062161 3.8815852 3.6193410 3.8064147 2.8390381 2.8390381 3.6231589 0.6353413 0.6917404 0.6050577 0.0000000 0.0351884 0.8643398 0.8845716 0.6281217 0.3023871 1.8594310 4.0238959 4.3793143 3.4814842 3.9545371 4.0831902 4.1831114 3.5125487 3.3655138 4.5271136 4.5271136 4.6259236 4.7545633 4.6213092 4.5588972 4.6691099 3.2628195 
Horcal_Hcv1.av93.c11.g102.i1           2.8043056 2.4610242 2.9171676 2.6834326 2.6091788 3.1330953 2.7135327 2.5783064 2.7027515 2.7263199 2.7639328 2.4109432 2.7481658 2.7579578 2.9204624 3.2182301 2.9977940 3.0089666 2.9678159 2.8860473 3.0262564 3.0189331 3.3459964 3.3841982 2.8941202 2.8360492 2.9486237 0.5520336 0.6070971 0.5588635 0.0351884 0.0000000 0.7807290 0.8477741 0.9657151 0.5726741 0.8383814 3.4221098 3.3393012 2.8982669 3.4747425 3.4016040 3.5137106 3.2161771 3.5387132 4.0248780 4.0459556 3.8808883 3.9807422 4.1559641 4.1310509 3.9059794 3.0855165 
Vmul_Simscaffold14389_01               2.8226029 2.3865330 2.9999377 2.8051271 2.8326050 3.0304729 2.9452495 2.9209076 2.8834661 2.8549702 2.9146594 2.5744965 2.6445443 2.7149394 2.9626331 2.8849639 2.9070861 3.0695638 3.0995440 2.8801539 3.0905825 2.7795442 3.4628437 3.6778759 2.8507720 2.8732008 2.8543954 0.7731586 0.7647102 0.7063141 0.8643398 0.7807290 0.0000000 0.4984294 0.4506680 0.7155313 0.9885155 3.3796442 3.2360037 3.2121531 3.5499996 3.3595819 3.4134709 3.3191958 3.6210404 3.8919535 3.9148535 3.7090016 3.8108245 3.9471842 3.9501425 3.7687451 3.1086408 
Coeast_Cast_sb795262                   2.9534535 2.6610620 3.0029233 2.9928374 2.8724650 3.1989235 2.9606784 2.7817554 2.9476829 2.9075010 2.8618104 2.6448904 2.7890803 2.8425140 3.0008265 2.9373592 2.9751888 3.2670937 3.1551151 3.0192558 3.1993831 3.0062696 3.7926340 3.5632458 3.0011945 2.9666703 2.7643470 0.7130642 0.7625082 0.6782273 0.8845716 0.8477741 0.4984294 0.0000000 0.0449829 0.7177409 0.9622468 3.4659941 3.0448385 3.3766610 3.4621530 3.5419630 3.5949450 3.4701664 3.7718235 3.7637887 3.7860736 3.5914681 3.7762504 3.7960940 3.7754874 3.5864625 3.1688727 
Coemet_Cmet_scaffold20982_01           2.4856703 2.4593841 2.9103393 2.6706734 2.3791730 1.3019683 2.5190515 2.3324066 2.5495289 2.5558061 2.3146343 2.3685444 2.3670473 2.3598060 2.5107994 2.4018861 2.6106987 2.5837626 3.1325797 2.9620031 3.2524354 2.4507833 3.5600434 3.3382859 2.9329535 2.8927886 2.5260225 1.1435885 1.0442878 0.8828533 0.6281217 0.9657151 0.4506680 0.0449829 0.0000000 0.9315932 0.9404970 2.6683257 2.4604641 2.7051665 2.9369739 2.9230362 2.9383761 3.0781825 3.4690489 3.1684089 3.2223189 2.9479912 3.0808055 3.0497313 3.0497313 2.8435028 3.2782693 
Lampan_Lpan_14860_01                   2.8640321 2.5809929 2.7664301 2.9029021 2.7912590 8.9999983 2.9093616 2.5796609 2.7990913 2.8040591 2.7702846 2.5189742 2.5280565 2.5812006 2.8199502 2.7049842 2.7826195 2.7613993 3.0298188 2.8671886 3.1275713 2.6992910 3.7499070 3.5263259 3.2234957 3.1469457 2.9845132 0.4583510 0.6109565 0.5269433 0.3023871 0.5726741 0.7155313 0.7177409 0.9315932 0.0000000 0.8072711 3.3276206 3.2621296 2.8796790 3.3687286 3.2506479 3.5700136 3.1680984 3.6046134 3.5832374 3.6156978 3.4457166 3.5251737 3.7379110 3.7636708 3.5830702 3.0380236 
Eupdun_Edun_sb10606525                 2.4525918 2.0990004 2.2663125 1.9392579 1.8495545 4.0859794 1.9410067 1.9800195 1.9061396 1.9142023 1.9368866 1.9587235 2.0306671 1.8763837 2.1912509 2.2985397 2.0348976 2.1683598 2.5497271 2.4548348 2.7152789 1.8920095 2.2411109 2.5219824 2.3518068 2.3188310 2.0325190 1.5164404 0.9031031 0.9888293 1.8594310 0.8383814 0.9885155 0.9622468 0.9404970 0.8072711 0.0000000 2.3694842 2.1057768 2.3760467 2.6108160 2.6762870 2.5552704 2.3471334 2.7005623 2.9520408 3.0179137 3.0993925 3.0990298 3.1466505 3.1466505 2.8426313 2.8266443 
Dpul_mRNA2484                          1.9450249 1.7839360 1.7775324 2.0064890 2.1712526 3.2783079 2.1143506 2.0950754 2.1352844 2.1737040 2.2046720 1.6606268 1.8858842 1.8744927 2.5449900 2.6551313 1.7752805 2.1909915 2.2047167 2.1632664 2.1166157 1.8328121 2.6199174 2.3317860 2.6686971 2.5648127 2.4079147 3.4843638 3.3439929 3.3089980 4.0238959 3.4221098 3.3796442 3.4659941 2.6683257 3.3276206 2.3694842 0.0000000 2.5069866 2.6355607 3.0701177 3.1755015 3.1582975 2.9256558 2.6937472 2.7349574 2.7496947 2.7029964 2.7802083 2.7936583 2.7747525 2.7568686 2.1949053 
Plespi_Pspi_C612280_01                 2.4650445 2.2499503 2.1987057 2.0465494 2.0746039 2.9687983 2.1289717 2.1629688 2.0958466 2.1015685 2.2102347 1.7623936 2.2253382 2.4931140 2.6675898 2.6929020 2.3716642 2.7780564 2.3199061 2.2774682 2.4488112 2.5864105 2.8849120 2.5094770 2.5907922 2.4420433 2.2891905 3.3214794 3.1595827 2.9443485 4.3793143 3.3393012 3.2360037 3.0448385 2.4604641 3.2621296 2.1057768 2.5069866 0.0000000 2.6391739 3.0916624 3.2323456 3.2647466 3.1205749 2.7945112 2.9581941 2.9664545 2.6918388 2.8619627 2.9172730 2.9092129 2.7784107 2.6851100 
Morvir_scaffold60.g45.t1               2.0679646 1.9400356 2.1830848 1.9888680 1.9267784 3.0669368 1.9639645 1.9830802 1.9595112 1.9496139 1.9899718 1.5677218 2.1296595 2.0737976 2.2119563 2.3077029 2.2133222 2.4100300 1.8379345 1.6781399 1.7968974 2.2683087 1.8877432 2.0018245 2.3490110 2.4082767 2.2177469 3.4060666 3.2039596 3.1203591 3.4814842 2.8982669 3.2121531 3.3766610 2.7051665 2.8796790 2.3760467 2.6355607 2.6391739 0.0000000 2.9891497 2.9282709 3.0347478 2.9436199 2.9275397 2.8976548 2.8930781 2.6960754 2.7796526 2.8946774 2.8861676 2.7189521 2.7114680 
Scil_scict017164.1                     2.8377074 2.5772269 2.6738543 2.4361790 2.6122071 2.4513348 2.5308322 2.1424387 2.4411168 2.3330499 2.4481225 2.2301724 2.6828730 2.7504594 2.7890648 2.8237649 2.6017538 2.9465853 2.8363494 2.8531958 2.8735716 3.3690362 3.2299347 2.9138812 2.8727402 2.7045168 2.6460300 3.4080600 3.3138566 3.3135496 3.9545371 3.4747425 3.5499996 3.4621530 2.9369739 3.3687286 2.6108160 3.0701177 3.0916624 2.9891497 0.0000000 0.5579336 0.5761965 0.6819046 1.2021675 3.0213187 3.0439611 2.9887916 2.9776977 3.0385293 3.0500559 2.9737781 3.4146599 
Leuniv_Lniv_scaffold25951_01           2.8265984 2.6635873 2.8014632 2.5269228 2.5540536 2.2895298 2.4924867 2.1895393 2.4743167 2.3731023 2.4554580 2.0411939 3.0161875 2.9498075 2.7178984 2.7899085 2.7498957 2.9735291 3.0015666 2.9696542 3.0102896 3.1695406 3.3371597 3.0032097 3.0962690 2.9340706 2.8512092 3.3890341 3.2212310 3.2982245 4.0831902 3.4016040 3.3595819 3.5419630 2.9230362 3.2506479 2.6762870 3.1755015 3.2323456 2.9282709 0.5579336 0.0000000 0.5697887 0.6221148 1.2174822 3.0550079 3.0605059 2.8958904 2.9945065 3.0210788 3.0328883 2.9070475 3.3687291 
Gracom_Gcom_scaffold18580_01           2.8108594 2.5845445 2.6492249 2.4556840 2.4919705 2.4396314 2.4097082 2.1579430 2.3082466 2.1999295 2.2770647 1.9842194 2.8757294 2.9534047 2.8341875 2.8932073 2.8053924 2.9720340 3.0154199 2.9417177 3.0846499 3.3097553 3.4397515 3.2910240 3.2206245 2.9724642 2.7351427 3.6801994 3.5278268 3.4584563 4.1831114 3.5137106 3.4134709 3.5949450 2.9383761 3.5700136 2.5552704 3.1582975 3.2647466 3.0347478 0.5761965 0.5697887 0.0000000 0.7606387 1.2048224 3.3062425 3.3197319 3.1808152 3.1858836 3.0842361 3.0797229 3.0739954 3.6041895 
Lcom_lcpid58007                        2.6238467 2.5063941 2.4300373 2.2073043 2.3254540 2.7238332 2.3813260 2.1979080 2.4362418 2.3639708 2.3947412 2.1026904 2.7097868 2.7064779 2.5526455 2.5200590 2.5907859 2.9321316 2.8481708 2.7469378 2.7423640 3.2696806 3.2795475 3.0695809 2.8226982 2.6984365 2.6568766 3.1494379 3.1853477 3.0476438 3.5125487 3.2161771 3.3191958 3.4701664 3.0781825 3.1680984 2.3471334 2.9256558 3.1205749 2.9436199 0.6819046 0.6221148 0.7606387 0.0000000 1.3224710 3.1426959 3.1553368 3.1804365 3.1088723 3.0615998 3.0735139 3.0209850 3.3702174 
Clacor_Ccor_C517191_01                 2.2235678 2.0961416 2.4116178 2.0906385 2.2604688 0.0000010 2.4784451 2.1877898 2.2032029 2.1587410 2.0697346 2.2787406 1.9745252 2.4381141 2.4167682 2.7476537 2.2095040 2.4560813 2.4804478 2.4188395 3.0660055 2.9207525 2.6593781 2.5002743 2.8023711 2.2345490 2.0457744 3.2691850 3.4666492 3.4446778 3.3655138 3.5387132 3.6210404 3.7718235 3.4690489 3.6046134 2.7005623 2.6937472 2.7945112 2.9275397 1.2021675 1.2174822 1.2048224 1.3224710 0.0000000 2.9025571 2.9026678 2.8952608 2.8901411 2.7884027 2.7884027 2.5784353 3.3743951 
Tadh_TriadT59730                       2.3759570 2.2642421 2.1873837 2.3132541 2.3489480 2.5996803 2.3934304 2.3396777 2.4481306 2.3941752 2.4439404 2.1454997 2.4314214 2.5756525 2.5258102 2.6183490 2.4426408 2.5888188 2.7763723 2.7612100 2.6633122 2.5121873 2.4881273 2.5246511 2.6986228 2.5847240 2.5261832 4.1640518 3.7638844 3.6185374 4.5271136 4.0248780 3.8919535 3.7637887 3.1684089 3.5832374 2.9520408 2.7349574 2.9581941 2.8976548 3.0213187 3.0550079 3.3062425 3.1426959 2.9025571 0.0000000 0.0078237 0.2779482 0.2895015 0.3137177 0.3095377 0.2996608 2.8213121 
TrH2_TrispH2_000311-RA                 2.3850398 2.2675143 2.1940045 2.3237948 2.3459827 2.5996803 2.4058817 2.3483473 2.4558515 2.4021231 2.4552694 2.1685233 2.4440773 2.5891225 2.5425915 2.6356517 2.4665948 2.6015874 2.7899774 2.7734915 2.6650675 2.5175937 2.5035102 2.5409882 2.6997245 2.5856871 2.5478869 4.1637826 3.7875891 3.6392993 4.5271136 4.0459556 3.9148535 3.7860736 3.2223189 3.6156978 3.0179137 2.7496947 2.9664545 2.8930781 3.0439611 3.0605059 3.3197319 3.1553368 2.9026678 0.0078237 0.0000000 0.2799504 0.2914858 0.3144948 0.3103024 0.2997162 2.8292730 
HoiH06_mRNA7662                        2.3125890 2.2282441 2.0344116 2.3499316 2.2301857 2.4219716 2.3604884 2.3408687 2.3488154 2.3270468 2.4212960 2.2122486 2.4003621 2.4515922 2.4456053 2.4277597 2.3531563 2.4800731 2.7889165 2.6866117 2.5776879 2.5044779 2.4263523 2.4914544 2.6892604 2.5822833 2.4513310 3.9796560 3.7860227 3.5036793 4.6259236 3.8808883 3.7090016 3.5914681 2.9479912 3.4457166 3.0993925 2.7029964 2.6918388 2.6960754 2.9887916 2.8958904 3.1808152 3.1804365 2.8952608 0.2779482 0.2799504 0.0000000 0.0446939 0.1306496 0.1283888 0.2035807 2.7878595 
HoiH23_PlH23_000366-RA                 2.3548177 2.2750063 2.0954549 2.3971296 2.2821975 2.4033558 2.4010231 2.4014471 2.4033796 2.3775715 2.4745926 2.1806954 2.4249764 2.5497350 2.5111474 2.5024700 2.4171689 2.5443649 2.8234541 2.7700990 2.7178887 2.6182662 2.5064601 2.4173988 2.7621366 2.6525645 2.4886948 4.0435070 3.8690819 3.6975273 4.7545633 3.9807422 3.8108245 3.7762504 3.0808055 3.5251737 3.0990298 2.7802083 2.8619627 2.7796526 2.9776977 2.9945065 3.1858836 3.1088723 2.8901411 0.2895015 0.2914858 0.0446939 0.0000000 0.1397084 0.1374964 0.2124482 2.8207704 
Hhon_g06993.t1                         2.4394213 2.3522153 2.1507144 2.4677387 2.3440167 2.6342362 2.4873660 2.4755722 2.4988392 2.4442651 2.5029889 2.2410028 2.5076624 2.6089928 2.4941352 2.4227644 2.4605402 2.5466426 2.7436745 2.7190809 2.8478814 2.6789442 2.6288992 2.5296969 2.7027538 2.5968918 2.5854768 4.2335853 3.9683889 3.7502768 4.6213092 4.1559641 3.9471842 3.7960940 3.0497313 3.7379110 3.1466505 2.7936583 2.9172730 2.8946774 3.0385293 3.0210788 3.0842361 3.0615998 2.7884027 0.3137177 0.3144948 0.1306496 0.1397084 0.0000000 0.0047003 0.2111044 2.8903786 
HoiH04_mRNA11742                       2.4408057 2.3507349 2.1506419 2.4735429 2.3387560 2.6876928 2.5046937 2.5170541 2.5211335 2.4660794 2.5087564 2.2410028 2.5147314 2.6091649 2.5171424 2.4237213 2.4651699 2.5512349 2.7486875 2.7255812 2.8317834 2.6800345 2.6200033 2.5225182 2.7091630 2.6023639 2.5850313 4.2004485 3.9457126 3.7286077 4.5588972 4.1310509 3.9501425 3.7754874 3.0497313 3.7636708 3.1466505 2.7747525 2.9092129 2.8861676 3.0500559 3.0328883 3.0797229 3.0735139 2.7884027 0.3095377 0.3103024 0.1283888 0.1374964 0.0047003 0.0000000 0.2085123 2.8994369 
HoiH11_mRNA2261                        2.3974090 2.2381960 2.0562849 2.4589480 2.3022386 2.4458773 2.3306262 2.3200034 2.4282490 2.3702772 2.4092748 2.1117918 2.3681315 2.4871796 2.4490603 2.3917873 2.4274182 2.5472554 2.7634106 2.6751277 2.6836914 2.5078201 2.3945408 2.2497544 2.6060668 2.5003434 2.5481691 4.0785263 3.8055905 3.5423535 4.6691099 3.9059794 3.7687451 3.5864625 2.8435028 3.5830702 2.8426313 2.7568686 2.7784107 2.7189521 2.9737781 2.9070475 3.0739954 3.0209850 2.5784353 0.2996608 0.2997162 0.2035807 0.2124482 0.2111044 0.2085123 0.0000000 2.7812537 
Tcas_TC005538_001                      1.9128094 2.0526209 1.9951456 2.1727253 2.1790818 2.9841537 2.2456030 2.1353031 2.2259470 2.1891001 2.1467197 2.1042076 2.0253397 2.1478830 2.5289135 2.6960624 1.8403956 2.1605987 2.0104399 1.9625175 2.0590473 2.0942326 2.3521936 2.5347250 2.4569915 2.4081424 2.5256506 3.0407158 3.0656761 2.8564902 3.2628195 3.0855165 3.1086408 3.1688727 3.2782693 3.0380236 2.8266443 2.1949053 2.6851100 2.7114680 3.4146599 3.3687291 3.6041895 3.3702174 3.3743951 2.8213121 2.8292730 2.7878595 2.8207704 2.8903786 2.8994369 2.7812537 0.0000000 
