58
Hsap_ENST00000303575                                   0.0000000 0.6039882 1.2019539 0.3537173 1.1771944 0.9937819 0.7500698 0.9868842 0.9718109 1.0191509 0.8829570 0.9491886 0.9583307 0.9926916 1.1128698 1.0985396 1.0032047 0.9664223 0.9689758 0.9030136 0.8737739 1.0732608 0.8299216 0.8163323 0.9210267 1.0820820 1.0777130 1.2800533 1.1354505 1.2601101 1.0666052 0.7944837 1.1697324 1.5086402 1.4021728 1.5740389 1.4514646 1.7856750 1.6373222 1.3071977 1.6123356 1.5754948 1.4611247 3.3780529 1.6839950 1.9051068 1.4386991 1.5000583 1.7811754 2.0854467 2.1896453 2.1351102 2.1095951 2.1277208 1.6376451 1.4782388 1.1906396 1.5777906 
Bralan_BLAG04001331_1                                  0.6039882 0.0000000 1.0265999 0.3109973 0.7341616 0.8194984 0.4880711 0.6987274 0.7779470 0.7184596 0.6817876 0.6792737 0.7665453 0.7004256 0.7981292 0.7729753 0.6989527 0.7164363 0.7332435 0.6897496 0.6650202 0.6993161 0.5465155 0.5519754 0.5935795 0.8116145 0.8522832 0.7868708 0.8503058 1.0313588 0.8735070 0.7121825 0.9227552 1.3815099 1.2038939 1.2688108 1.3255420 1.3931460 1.3748329 1.1261017 1.4151765 1.3621410 1.2631647 2.2181887 1.2402889 1.3838516 1.2572807 1.4754393 1.4597325 1.7245480 1.6310983 1.5869728 1.6042724 1.5890392 1.3543993 0.8923340 0.9125928 1.3636425 
Aque_Aqu2.1.17720_001                                  1.2019539 1.0265999 0.0000000 0.2227991 0.8661555 0.3726220 1.0328644 1.0845606 1.0580763 1.2515735 1.2346911 1.0639859 1.2914411 1.3213071 1.5304890 1.5214690 1.3512089 1.3700933 1.2899227 1.3201700 1.3500261 1.3057091 1.3626285 1.1146481 1.2748120 1.2695323 1.3310349 1.2755276 1.3173237 1.2587288 1.0274325 1.0782257 1.3747247 1.3963727 1.3652452 1.5450001 1.5219695 1.5874295 1.4023055 1.3448263 1.5223978 1.5368984 1.6200826 2.8075320 1.4968091 1.6915945 1.4835567 1.3665365 1.5181565 1.8919147 1.8731154 1.8032510 1.8159453 1.8323047 1.5759658 1.3331742 1.0729153 1.6962954 
Emue_Em0019g1096a.t1                                   0.3537173 0.3109973 0.2227991 0.0000000 0.0573708 0.2434357 0.3160914 0.5025890 0.3870398 0.3717706 0.4024730 0.4195764 0.4069456 0.4137257 0.4457191 0.4457191 0.3975733 0.3571221 0.3765223 0.4186626 0.4084382 0.4542178 0.5960525 0.4818457 0.4844919 0.5591243 0.5104694 0.6281649 0.6632406 0.8893215 0.5469874 0.4849166 0.5828149 0.6428172 0.6374508 0.6374508 0.6391917 0.7612312 0.6467514 0.6681324 0.7358854 0.7358854 0.6087922 1.8560209 0.6036615 0.8228632 0.6297808 0.8923549 0.8258120 0.8258120 0.7928122 0.7736643 0.8189300 0.8189300 0.8355038 0.7727257 0.5676406 1.5896540 
Spolac_c92962_g1_i1_m.8369c92962-g1                    1.1771944 0.7341616 0.8661555 0.0573708 0.0000000 0.7287950 0.8561093 1.1662801 1.0471697 1.0666931 1.1875363 1.1059575 1.1308734 1.1182126 1.2355406 1.2151183 1.1528577 1.1796486 1.1869427 1.0960460 1.1075717 1.1370404 1.0715138 1.0052784 1.2309757 1.1406214 1.1983905 1.1605700 1.2337332 1.2437511 1.0213195 0.9566900 1.2979916 1.3375851 1.2844134 1.4396252 1.4774425 1.6295472 1.6028357 1.2041504 1.4958164 1.4812024 1.4459162 2.4910818 1.4871335 1.6318660 1.3980787 1.4168357 1.6894469 2.0595973 2.1137650 2.0339594 2.0272771 2.0451745 1.4972418 1.4534446 1.0712700 1.7982928 
Xestes_maker-XT_scaffold1970-augustus-gene-0.20-mRNA-1 0.9937819 0.8194984 0.3726220 0.2434357 0.7287950 0.0000000 0.8376618 1.1462768 1.1389126 1.1148614 1.1484141 1.0572599 1.0618189 1.0070485 1.2033668 1.1712738 1.1052569 1.1613479 1.0888789 1.1294871 1.0753525 1.0906733 1.1440458 0.9536159 1.1057797 1.0345820 1.0612720 1.0573075 1.1622238 1.3602646 1.1363160 0.9465976 1.2603896 1.4831719 1.3631030 1.4823572 1.4341721 1.6009608 1.4233153 1.3301343 1.5780113 1.5932426 1.5432548 2.9290287 1.6517641 1.8230328 1.4578286 1.5652261 1.5659343 1.6686520 1.7302096 1.6718026 1.6530830 1.6688036 1.5237815 1.2770653 0.8532955 1.9089881 
Skow_XM_006823680.1                                    0.7500698 0.4880711 1.0328644 0.3160914 0.8561093 0.8376618 0.0000000 0.8160906 0.7996017 0.7798187 0.8035290 0.7327846 0.8511940 0.7817144 0.9099624 0.9100537 0.7952308 0.7986660 0.7847045 0.7580599 0.7551063 0.6800742 0.5682706 0.6078155 0.6931627 0.8218468 0.9040112 0.8390706 1.0407791 1.1824486 0.9499812 0.7759023 0.9244122 1.3538787 1.3251820 1.4426139 1.4067319 1.5178761 1.5580058 1.2365485 1.6680429 1.6857946 1.5917262 2.6467223 1.4893141 1.6051232 1.4529105 1.3730511 1.5709848 1.8598210 1.8357925 1.7800799 1.7646530 1.7813447 1.4409151 1.1369608 0.9282690 1.2077790 
Chem_TCONS_00001592                                    0.9868842 0.6987274 1.0845606 0.5025890 1.1662801 1.1462768 0.8160906 0.0000000 0.2828853 0.3605327 0.3166792 0.3316290 0.6427593 0.6585987 0.7136965 0.6997828 0.6375476 0.6820100 0.6674760 0.5904771 0.6026172 1.0019445 0.9559475 1.0415561 1.0237187 0.7162171 0.8168207 1.2482439 1.1855035 1.1614694 0.9350735 0.8921281 0.4847871 1.4152878 1.3198045 1.4457293 1.3585260 1.4799425 1.3494614 1.1894447 1.4804050 1.4826058 1.4211034 2.1588124 1.3692372 1.7222448 1.6064083 1.5927831 1.5347385 1.6992125 1.5997364 1.5423615 1.5355015 1.5507539 1.4456684 1.6144469 1.0926510 0.4794793 
Aaur_scaffold2029.g3.t2                                0.9718109 0.7779470 1.0580763 0.3870398 1.0471697 1.1389126 0.7996017 0.2828853 0.0000000 0.1623312 0.2414910 0.2206560 0.5977100 0.6753811 0.7102381 0.6665101 0.6342463 0.6141342 0.5602341 0.5455005 0.6129678 1.0273936 0.9357694 1.0248140 0.9527590 0.6418604 0.8048336 1.2351569 1.1609583 1.1044664 0.9313513 0.8023692 0.2777408 1.3951156 1.3713285 1.4613709 1.3553126 1.4861702 1.3950546 1.2718026 1.5095722 1.5097325 1.5128538 2.7294699 1.5112349 1.8890111 1.7054588 1.6250547 1.3498394 1.5703087 1.5962562 1.5469721 1.5165154 1.5316520 1.3121171 1.4248410 1.0474003 0.3291259 
Nemnom_g2159.t1                                        1.0191509 0.7184596 1.2515735 0.3717706 1.0666931 1.1148614 0.7798187 0.3605327 0.1623312 0.0000000 0.2315619 0.2224991 0.5273028 0.6752230 0.6636741 0.6517421 0.6103346 0.5687337 0.5775941 0.5771960 0.5886467 1.0096213 0.9334474 1.0544545 0.9654678 0.7225515 0.8824691 1.1958789 1.2625687 1.1008842 0.9385426 0.8507351 0.2313864 1.5461381 1.4118612 1.5768831 1.3711620 1.5039529 1.4985075 1.2430810 1.4473570 1.4477323 1.4641529 3.0617365 1.5587611 1.8225265 1.6757318 1.6671515 1.4213315 1.5705289 1.7262900 1.6741826 1.6332358 1.6485705 1.3627216 1.4187299 1.1700653 0.4645315 
Morvir_scaffold2.g46.t1                                0.8829570 0.6817876 1.2346911 0.4024730 1.1875363 1.1484141 0.8035290 0.3166792 0.2414910 0.2315619 0.0000000 0.2759435 0.5867740 0.7043211 0.7344538 0.7196488 0.6602504 0.6144713 0.5654726 0.5840399 0.5940449 1.1097174 0.9716601 0.9813031 0.9427337 0.8065921 0.8651858 1.1583419 1.1601284 1.1581579 0.9736709 0.8544516 0.3775072 1.5065854 1.4376904 1.5545830 1.3522907 1.5979823 1.5959809 1.3094175 1.5947144 1.5945668 1.5542911 3.2898531 1.7127437 2.1065642 1.8694922 1.9431509 1.5255453 1.6160534 1.7768733 1.6963390 1.6356902 1.6512473 1.4390545 1.5659049 1.0934696 0.4067776 
Sanmal_Sma_026775-T1                                   0.9491886 0.6792737 1.0639859 0.4195764 1.1059575 1.0572599 0.7327846 0.3316290 0.2206560 0.2224991 0.2759435 0.0000000 0.6246303 0.7448940 0.6409318 0.6415498 0.5777306 0.6109854 0.5462188 0.4988782 0.4908779 1.0541065 0.9776975 1.0531399 0.9249342 0.6813418 0.7993836 1.1330613 1.1376314 1.2029036 1.0305627 0.9128043 0.3832514 1.4588160 1.4053638 1.5391869 1.2365389 1.3983836 1.4539025 1.2647112 1.3989823 1.4364691 1.4186692 2.9743477 1.5971020 1.7693844 1.5827035 1.6010099 1.4687489 1.5788476 1.6025837 1.5361293 1.4602572 1.4747561 1.3367998 1.4653461 1.0773934 0.5323275 
Exapal_XM_021039305.2                                  0.9583307 0.7665453 1.2914411 0.4069456 1.1308734 1.0618189 0.8511940 0.6427593 0.5977100 0.5273028 0.5867740 0.6246303 0.0000000 0.2966323 0.4262675 0.4202465 0.3753127 0.3710283 0.3872939 0.4433261 0.3766715 1.0003983 0.9800226 0.9912689 1.0803421 0.6968816 0.6756796 1.1687195 1.2108358 0.9889899 0.8463049 0.8467231 0.6949560 1.6098728 1.6254721 1.8786933 1.4423566 1.5414395 1.5424061 1.3302587 1.6278986 1.6384306 1.4386330 2.9073711 1.4782318 1.7171731 1.5219645 1.3499812 1.4835393 1.6545475 1.6818866 1.6376418 1.6438966 1.6595741 1.3589857 1.3204674 1.0614913 0.8846354 
Nvec_v1g185723                                         0.9926916 0.7004256 1.3213071 0.4137257 1.1182126 1.0070485 0.7817144 0.6585987 0.6753811 0.6752230 0.7043211 0.7448940 0.2966323 0.0000000 0.4588280 0.4339085 0.4136647 0.3889161 0.4250531 0.4355127 0.3880638 0.8826598 0.8300649 0.8401028 0.9413008 0.6334888 0.6096470 1.0999736 1.1410042 1.0647458 0.9223710 0.8218895 0.7812078 1.5268927 1.3826301 1.5883607 1.4265255 1.4333162 1.3315374 1.2262412 1.6385821 1.6492436 1.3517146 2.6439861 1.4782248 1.6797106 1.5757929 1.4066332 1.4144415 1.5292124 1.5809447 1.5402370 1.5022060 1.5170595 1.2471498 1.2238091 1.1246446 1.0613057 
Adig_XM_015913043.1                                    1.1128698 0.7981292 1.5304890 0.4457191 1.2355406 1.2033668 0.9099624 0.7136965 0.7102381 0.6636741 0.7344538 0.6409318 0.4262675 0.4588280 0.0000000 0.0178304 0.1371716 0.1351468 0.1473459 0.3073761 0.2504516 1.2228431 1.0296751 1.0731640 1.0252673 0.7106052 0.7622197 1.2840939 1.3026097 1.2909355 1.1176196 1.0518829 0.9042046 1.7057933 1.5657703 1.8110873 1.5948308 1.7841926 1.8261564 1.4635487 1.5986820 1.5920687 1.6500811 2.7645546 1.8517922 1.7988062 1.8621852 1.7495037 1.8179652 2.0244867 1.9654298 1.8954227 1.8839478 1.9010203 1.6508801 1.5160761 1.3063989 1.0690875 
Amil_Amillepora15763-RA                                1.0985396 0.7729753 1.5214690 0.4457191 1.2151183 1.1712738 0.9100537 0.6997828 0.6665101 0.6517421 0.7196488 0.6415498 0.4202465 0.4339085 0.0178304 0.0000000 0.1442255 0.1268429 0.1380391 0.3081792 0.2512098 1.2060944 0.9910223 1.0720257 1.0124186 0.6779435 0.7409934 1.2829188 1.2724241 1.2621464 1.0920618 1.0326179 0.8674176 1.6501546 1.5355153 1.7642201 1.5511212 1.7372911 1.7786352 1.4635487 1.5722037 1.5657328 1.5880253 2.7404436 1.7944901 1.7853361 1.8553642 1.7108557 1.7721607 1.9755788 1.9173472 1.8491520 1.8379206 1.8547390 1.6074073 1.5098684 1.2669785 1.0182721 
Gfas_gfas1.m1.21640.m1                                 1.0032047 0.6989527 1.3512089 0.3975733 1.1528577 1.1052569 0.7952308 0.6375476 0.6342463 0.6103346 0.6602504 0.5777306 0.3753127 0.4136647 0.1371716 0.1442255 0.0000000 0.1000915 0.1136108 0.2390012 0.2112246 1.0238740 0.9239051 0.8953340 0.9858932 0.6343165 0.6860181 1.1307263 1.2536513 1.1565330 0.9979196 0.9156110 0.8115059 1.5717597 1.4983889 1.6428328 1.5603173 1.6643064 1.6863143 1.3456821 1.4274739 1.4218282 1.5399574 2.6266062 1.6353539 1.5046888 1.6598701 1.5554019 1.6608282 1.8660861 1.7135455 1.6535773 1.6710767 1.6868071 1.4393374 1.3554058 1.2558831 1.0680952 
Fspp_ffun1.m4.18133.m1                                 0.9664223 0.7164363 1.3700933 0.3571221 1.1796486 1.1613479 0.7986660 0.6820100 0.6141342 0.5687337 0.6144713 0.6109854 0.3710283 0.3889161 0.1351468 0.1268429 0.1000915 0.0000000 0.0758202 0.2201729 0.1942373 1.0177798 0.9356045 0.9517493 0.9475349 0.6411964 0.6706839 1.1556862 1.2715559 1.2072866 1.0424742 0.9187437 0.7141522 1.5741933 1.4909051 1.6934010 1.5009498 1.7574737 1.7608600 1.3517509 1.4863196 1.4802451 1.5500442 2.7483417 1.7092028 1.6731094 1.6831659 1.6449898 1.7299711 1.8644380 1.9269538 1.8585857 1.8462525 1.8631066 1.5405305 1.3845927 1.2249409 0.9620764 
Gasp_gasp1.m3.9476.m1                                  0.9689758 0.7332435 1.2899227 0.3765223 1.1869427 1.0888789 0.7847045 0.6674760 0.5602341 0.5775941 0.5654726 0.5462188 0.3872939 0.4250531 0.1473459 0.1380391 0.1136108 0.0758202 0.0000000 0.2085934 0.2088848 1.1227035 0.9216145 0.9937719 0.9896200 0.6194430 0.6487202 1.2295176 1.2463937 1.3217896 1.1440061 0.9570710 0.7617375 1.6389775 1.5740312 1.7467191 1.5501379 1.7177910 1.7821388 1.3865701 1.5884587 1.5818493 1.6480341 2.8395930 1.7064564 1.7482499 1.6985213 1.6676148 1.6534963 1.7757487 1.8357704 1.7458513 1.7291751 1.7454590 1.5365200 1.4352671 1.2138308 0.8983224 
Spis_XP_022807688_1                                    0.9030136 0.6897496 1.3201700 0.4186626 1.0960460 1.1294871 0.7580599 0.5904771 0.5455005 0.5771960 0.5840399 0.4988782 0.4433261 0.4355127 0.3073761 0.3081792 0.2390012 0.2201729 0.2085934 0.0000000 0.0944874 1.1990310 0.9981812 0.9364682 1.0507896 0.6242729 0.6408768 1.2668843 1.1805292 1.2880778 1.1079075 0.9144329 0.7332933 1.6356081 1.5967269 1.7051762 1.5444969 1.7554626 1.7934608 1.4649257 1.7580928 1.7573508 1.6419603 2.6599914 1.7336641 1.9204065 1.6302145 1.6400650 1.6634541 1.9715388 1.9006390 1.8921990 1.8789946 1.8961133 1.4812861 1.2903865 1.2073050 0.8423912 
Pocdam_XM_027199841.1                                  0.8737739 0.6650202 1.3500261 0.4084382 1.1075717 1.0753525 0.7551063 0.6026172 0.6129678 0.5886467 0.5940449 0.4908779 0.3766715 0.3880638 0.2504516 0.2512098 0.2112246 0.1942373 0.2088848 0.0944874 0.0000000 1.1110286 0.9856223 0.9446849 1.0175890 0.6969994 0.6727354 1.2194644 1.1820059 1.3293727 1.1447736 0.9661359 0.7937632 1.6332931 1.6338079 1.8379110 1.5212528 1.7438946 1.8818711 1.4171433 1.6649868 1.6645915 1.5262924 2.9641428 1.7471912 1.9096462 1.7355563 1.6614887 1.7356009 1.9913509 1.9939793 1.9227956 1.9108272 1.9280405 1.4622018 1.3078692 1.1929074 0.9189386 
Spur_XM_003729297.3                                    1.0732608 0.6993161 1.3057091 0.4542178 1.1370404 1.0906733 0.6800742 1.0019445 1.0273936 1.0096213 1.1097174 1.0541065 1.0003983 0.8826598 1.2228431 1.2060944 1.0238740 1.0177798 1.1227035 1.1990310 1.1110286 0.0000000 0.8422125 0.7901568 0.9471967 1.0065635 1.1242161 0.8296519 1.0248350 1.2933016 1.0424268 0.9776442 1.1205837 1.5589142 1.4309840 1.5966080 1.5098207 1.7577618 1.5748981 1.3749895 1.5370377 1.5751041 1.6546517 3.1184009 1.4706255 1.6556516 1.5183326 1.6392106 1.5700661 1.7759515 1.8227511 1.7502524 1.7465594 1.7303927 1.5342403 1.0919507 1.2648872 1.9002772 
Cgig_XM_011441296.3                                    0.8299216 0.5465155 1.3626285 0.5960525 1.0715138 1.1440458 0.5682706 0.9559475 0.9357694 0.9334474 0.9716601 0.9776975 0.9800226 0.8300649 1.0296751 0.9910223 0.9239051 0.9356045 0.9216145 0.9981812 0.9856223 0.8422125 0.0000000 0.4837087 0.6340318 0.8463482 0.9375196 0.8756782 1.1571422 1.2234420 1.0508381 0.9075710 1.1018389 1.2977770 1.3839784 1.4792346 1.3205105 1.4175633 1.3664740 1.0885681 1.3582020 1.3267241 1.3752353 2.4960948 1.5080837 1.5760743 1.3975288 1.3441316 1.5518408 1.7745994 1.9093202 1.8672722 1.8689373 1.8858910 1.5073867 1.1447977 1.0996995 1.3418520 
Acagra_model.g17980.t1                                 0.8163323 0.5519754 1.1146481 0.4818457 1.0052784 0.9536159 0.6078155 1.0415561 1.0248140 1.0544545 0.9813031 1.0531399 0.9912689 0.8401028 1.0731640 1.0720257 0.8953340 0.9517493 0.9937719 0.9364682 0.9446849 0.7901568 0.4837087 0.0000000 0.6205459 0.9401365 1.0575982 0.8773693 1.0361804 1.0985730 0.8953531 0.8541631 1.1116925 1.4952246 1.4269100 1.5210453 1.4606252 1.5734222 1.4489975 1.1773456 1.6521561 1.6668004 1.4301886 2.3414536 1.3809652 1.3939904 1.2277142 1.4596358 1.5350040 1.7306077 1.6359301 1.5932004 1.6096447 1.6251839 1.2896161 1.0653093 1.1081402 1.5041366 
Ctel_gnl_WGS_AMQN_CAPTEDRAFT_mRNA227555                0.9210267 0.5935795 1.2748120 0.4844919 1.2309757 1.1057797 0.6931627 1.0237187 0.9527590 0.9654678 0.9427337 0.9249342 1.0803421 0.9413008 1.0252673 1.0124186 0.9858932 0.9475349 0.9896200 1.0507896 1.0175890 0.9471967 0.6340318 0.6205459 0.0000000 0.9247306 1.0828722 0.9063330 1.0574562 1.2258108 1.0514819 1.1061398 1.0555096 1.6177298 1.5194247 1.6160307 1.3814306 1.6121320 1.5340088 1.2837804 1.3972802 1.3880424 1.6909370 2.4033941 1.4156792 1.5332792 1.3335985 1.4760215 1.7223751 2.0145090 1.8239887 1.7842764 1.7556629 1.7719210 1.5769161 0.9948049 1.2290381 1.6605710 
Dgig_XM_028553816.1                                    1.0820820 0.8116145 1.2695323 0.5591243 1.1406214 1.0345820 0.8218468 0.7162171 0.6418604 0.7225515 0.8065921 0.6813418 0.6968816 0.6334888 0.7106052 0.6779435 0.6343165 0.6411964 0.6194430 0.6242729 0.6969994 1.0065635 0.8463482 0.9401365 0.9247306 0.0000000 0.1700709 0.9266311 1.0758361 1.2558230 1.0616312 0.9762016 0.8985482 1.5560491 1.4356557 1.5966260 1.3990165 1.6045874 1.5898165 1.4262913 1.5762066 1.6002571 1.8087461 2.5209448 1.3292677 1.6592934 1.4384276 1.4116297 1.6232495 1.8953539 1.8629401 1.8252033 1.7173352 1.7014526 1.4151335 1.1310264 1.2040699 1.1314885 
Xesp_012184-T1                                         1.0777130 0.8522832 1.3310349 0.5104694 1.1983905 1.0612720 0.9040112 0.8168207 0.8048336 0.8824691 0.8651858 0.7993836 0.6756796 0.6096470 0.7622197 0.7409934 0.6860181 0.6706839 0.6487202 0.6408768 0.6727354 1.1242161 0.9375196 1.0575982 1.0828722 0.1700709 0.0000000 0.9630481 1.2134108 1.3588139 1.1607239 0.9416504 1.1143454 1.7598398 1.5075628 1.7479366 1.6075581 1.7773597 1.7192072 1.5493380 1.8313229 1.8568851 1.8283527 2.7995140 1.4751669 1.7333804 1.5043650 1.5979960 1.5777585 1.7200408 1.8319122 1.8356279 1.7697788 1.7537563 1.5015134 1.2736556 1.2840165 1.3922585 
Cscu_XM_023380933.1                                    1.2800533 0.7868708 1.2755276 0.6281649 1.1605700 1.0573075 0.8390706 1.2482439 1.2351569 1.1958789 1.1583419 1.1330613 1.1687195 1.0999736 1.2840939 1.2829188 1.1307263 1.1556862 1.2295176 1.2668843 1.2194644 0.8296519 0.8756782 0.8773693 0.9063330 0.9266311 0.9630481 0.0000000 0.7309921 1.3965032 1.1883648 1.0636677 1.4191936 1.6453271 1.7898917 1.9560572 1.5023010 1.8644549 1.5772841 1.4892917 1.8196952 1.8445703 1.8395108 2.4537802 1.4240875 1.5258252 1.4525318 1.3097261 1.5456780 1.7637693 1.7752748 1.6771462 1.6794060 1.6633158 1.5236414 0.9201481 1.4197442 2.0331805 
Dpul_mRNA2436                                          1.1354505 0.8503058 1.3173237 0.6632406 1.2337332 1.1622238 1.0407791 1.1855035 1.1609583 1.2625687 1.1601284 1.1376314 1.2108358 1.1410042 1.3026097 1.2724241 1.2536513 1.2715559 1.2463937 1.1805292 1.1820059 1.0248350 1.1571422 1.0361804 1.0574562 1.0758361 1.2134108 0.7309921 0.0000000 1.5116296 1.3234091 1.1488145 1.4617512 1.7005189 1.6117842 1.6756102 1.6472370 1.5357082 1.6601184 1.5050704 1.8438072 1.9103716 1.7943444 3.5668478 1.7692973 2.0617285 1.8841003 1.7313588 1.6590263 1.9621093 2.0080447 1.9057178 1.9301576 1.9129785 1.6417954 0.8796008 1.3301662 2.2906005 
Ocar_g1676                                             1.2601101 1.0313588 1.2587288 0.8893215 1.2437511 1.3602646 1.1824486 1.1614694 1.1044664 1.1008842 1.1581579 1.2029036 0.9889899 1.0647458 1.2909355 1.2621464 1.1565330 1.2072866 1.3217896 1.2880778 1.3293727 1.2933016 1.2234420 1.0985730 1.2258108 1.2558230 1.3588139 1.3965032 1.5116296 0.0000000 0.0977003 0.6396570 1.0733215 1.7212639 1.6639433 1.7243363 1.6458081 1.7804698 1.6158209 1.5505450 1.9534140 2.0011721 1.6065485 2.8745111 1.7754659 1.8664995 1.9322864 1.4831070 1.8775214 2.1259563 2.1271347 2.0811002 2.0369338 2.0557486 1.8762434 1.7254090 1.3619724 1.4822591 
Opea_EP00118_Oscarella_pearsei_P024966                 1.0666052 0.8735070 1.0274325 0.5469874 1.0213195 1.1363160 0.9499812 0.9350735 0.9313513 0.9385426 0.9736709 1.0305627 0.8463049 0.9223710 1.1176196 1.0920618 0.9979196 1.0424742 1.1440061 1.1079075 1.1447736 1.0424268 1.0508381 0.8953531 1.0514819 1.0616312 1.1607239 1.1883648 1.3234091 0.0977003 0.0000000 0.5021592 0.9881432 1.3696489 1.3252391 1.3773973 1.3065018 1.4208894 1.2936158 1.2043193 1.5505219 1.5901731 1.2801961 2.8745111 1.4802236 1.7576099 1.6030593 1.2944607 1.5589278 1.7803457 1.7726420 1.7355007 1.6991606 1.7157755 1.5378140 1.4330862 1.3403744 1.4045301 
Plajan_Pjan_C544860_01                                 0.7944837 0.7121825 1.0782257 0.4849166 0.9566900 0.9465976 0.7759023 0.8921281 0.8023692 0.8507351 0.8544516 0.9128043 0.8467231 0.8218895 1.0518829 1.0326179 0.9156110 0.9187437 0.9570710 0.9144329 0.9661359 0.9776442 0.9075710 0.8541631 1.1061398 0.9762016 0.9416504 1.0636677 1.1488145 0.6396570 0.5021592 0.0000000 0.9273744 1.2142477 1.1221723 1.1681905 1.3342159 1.4972557 1.4248683 1.1864324 1.4646144 1.4727572 1.3271194 2.5646427 1.5879702 1.7514170 1.5432000 1.4837380 1.3888388 1.5381494 1.6810278 1.6099282 1.5428686 1.5585849 1.3611923 1.2813761 1.1097410 1.3373650 
Rhoesc_Res_001016-T1                                   1.1697324 0.9227552 1.3747247 0.5828149 1.2979916 1.2603896 0.9244122 0.4847871 0.2777408 0.2313864 0.3775072 0.3832514 0.6949560 0.7812078 0.9042046 0.8674176 0.8115059 0.7141522 0.7617375 0.7332933 0.7937632 1.1205837 1.1018389 1.1116925 1.0555096 0.8985482 1.1143454 1.4191936 1.4617512 1.0733215 0.9881432 0.9273744 0.0000000 1.7429868 1.7247368 1.9058764 1.5756255 1.8471230 1.7507348 1.4985415 1.6326197 1.6323350 1.6861534 3.4005347 1.8275207 2.0678778 2.0152993 1.8708685 1.4546573 1.6000353 1.7458248 1.6944273 1.6324338 1.6478594 1.3850041 1.5185439 1.2016704 0.4337263 
Mlei_ML0405.g5.i1                                      1.5086402 1.3815099 1.3963727 0.6428172 1.3375851 1.4831719 1.3538787 1.4152878 1.3951156 1.5461381 1.5065854 1.4588160 1.6098728 1.5268927 1.7057933 1.6501546 1.5717597 1.5741933 1.6389775 1.6356081 1.6332931 1.5589142 1.2977770 1.4952246 1.6177298 1.5560491 1.7598398 1.6453271 1.7005189 1.7212639 1.3696489 1.2142477 1.7429868 0.0000000 0.2527269 0.2673493 0.3417098 0.3981319 0.4506376 0.2928363 0.5551305 0.5600705 0.3590883 3.9616745 1.9992834 2.1075919 1.8862658 1.8873117 2.0170587 2.3522151 2.1573473 2.1480497 2.2025299 2.1829613 2.0293623 2.1657396 1.6322641 2.6847729 
Bolinf_Binf_sb1270958                                  1.4021728 1.2038939 1.3652452 0.6374508 1.2844134 1.3631030 1.3251820 1.3198045 1.3713285 1.4118612 1.4376904 1.4053638 1.6254721 1.3826301 1.5657703 1.5355153 1.4983889 1.4909051 1.5740312 1.5967269 1.6338079 1.4309840 1.3839784 1.4269100 1.5194247 1.4356557 1.5075628 1.7898917 1.6117842 1.6639433 1.3252391 1.1221723 1.7247368 0.2527269 0.0000000 0.0058880 0.2689248 0.3009903 0.3643737 0.2647082 0.4339970 0.4493193 0.4029606 3.2541027 1.7821082 2.0275632 1.6766610 2.0008268 1.8568183 1.9893237 1.9248081 1.9162489 1.9192012 1.9018271 1.9207976 2.1519988 1.5885221 2.5061166 
Mertsp_Mesp_sb587874                                   1.5740389 1.2688108 1.5450001 0.6374508 1.4396252 1.4823572 1.4426139 1.4457293 1.4613709 1.5768831 1.5545830 1.5391869 1.8786933 1.5883607 1.8110873 1.7642201 1.6428328 1.6934010 1.7467191 1.7051762 1.8379110 1.5966080 1.4792346 1.5210453 1.6160307 1.5966260 1.7479366 1.9560572 1.6756102 1.7243363 1.3773973 1.1681905 1.9058764 0.2673493 0.0058880 0.0000000 0.2984560 0.3647874 0.4199751 0.2647082 0.4554864 0.4715428 0.4460689 3.3426029 2.0017939 2.2982212 1.8639528 2.1513025 1.8568183 2.2096806 2.0652561 2.0566303 2.1018780 2.0839328 1.9207976 2.2387558 1.7970918 2.5593307 
Lampan_Lpan_2704_01                                    1.4514646 1.3255420 1.5219695 0.6391917 1.4774425 1.4341721 1.4067319 1.3585260 1.3553126 1.3711620 1.3522907 1.2365389 1.4423566 1.4265255 1.5948308 1.5511212 1.5603173 1.5009498 1.5501379 1.5444969 1.5212528 1.5098207 1.3205105 1.4606252 1.3814306 1.3990165 1.6075581 1.5023010 1.6472370 1.6458081 1.3065018 1.3342159 1.5756255 0.3417098 0.2689248 0.2984560 0.0000000 0.3049338 0.2701765 0.3488372 0.4738996 0.4909087 0.5282827 3.6739899 1.8208394 2.2772736 1.7738159 1.7513769 2.0146696 2.2370348 2.0688408 1.9792866 1.9840087 1.9661563 1.9899007 2.1511708 1.6042051 2.6127677 
Vmul_Simscaffold10164_01                               1.7856750 1.3931460 1.5874295 0.7612312 1.6295472 1.6009608 1.5178761 1.4799425 1.4861702 1.5039529 1.5979823 1.3983836 1.5414395 1.4333162 1.7841926 1.7372911 1.6643064 1.7574737 1.7177910 1.7554626 1.7438946 1.7577618 1.4175633 1.5734222 1.6121320 1.6045874 1.7773597 1.8644549 1.5357082 1.7804698 1.4208894 1.4972557 1.8471230 0.3981319 0.3009903 0.3647874 0.3049338 0.0000000 0.2376563 0.3957489 0.4525250 0.4749151 0.4436015 3.1508449 1.8102115 2.0434412 1.7044409 1.7742828 2.0171971 2.3291521 2.0856516 2.0397524 2.0002928 1.9828702 1.8429269 1.9609222 1.5179459 2.6366465 
Coemet_Cmet_scaffold19400_01                           1.6373222 1.3748329 1.4023055 0.6467514 1.6028357 1.4233153 1.5580058 1.3494614 1.3950546 1.4985075 1.5959809 1.4539025 1.5424061 1.3315374 1.8261564 1.7786352 1.6863143 1.7608600 1.7821388 1.7934608 1.8818711 1.5748981 1.3664740 1.4489975 1.5340088 1.5898165 1.7192072 1.5772841 1.6601184 1.6158209 1.2936158 1.4248683 1.7507348 0.4506376 0.3643737 0.4199751 0.2701765 0.2376563 0.0000000 0.3312446 0.5340412 0.5432547 0.5262852 3.1991332 1.6900431 2.0709681 1.6484035 1.6241229 1.8988242 2.1015005 1.8650065 1.8082179 1.8216966 1.8052908 1.7445227 1.9518876 1.6055997 2.4938575 
Drygla_Dgla_sb283043                                   1.3071977 1.1261017 1.3448263 0.6681324 1.2041504 1.3301343 1.2365485 1.1894447 1.2718026 1.2430810 1.3094175 1.2647112 1.3302587 1.2262412 1.4635487 1.4635487 1.3456821 1.3517509 1.3865701 1.4649257 1.4171433 1.3749895 1.0885681 1.1773456 1.2837804 1.4262913 1.5493380 1.4892917 1.5050704 1.5505450 1.2043193 1.1864324 1.4985415 0.2928363 0.2647082 0.2647082 0.3488372 0.3957489 0.3312446 0.0000000 0.4651695 0.4589974 0.3761465 3.4270627 1.7739406 2.1395462 1.6990821 1.8362343 1.7704557 1.9213298 1.9464370 1.8895379 1.8621886 1.8433108 2.0003354 1.8836605 1.5123699 2.1716565 
Pbac_sb2642842                                         1.6123356 1.4151765 1.5223978 0.7358854 1.4958164 1.5780113 1.6680429 1.4804050 1.5095722 1.4473570 1.5947144 1.3989823 1.6278986 1.6385821 1.5986820 1.5722037 1.4274739 1.4863196 1.5884587 1.7580928 1.6649868 1.5370377 1.3582020 1.6521561 1.3972802 1.5762066 1.8313229 1.8196952 1.8438072 1.9534140 1.5505219 1.4646144 1.6326197 0.5551305 0.4339970 0.4554864 0.4738996 0.4525250 0.5340412 0.4651695 0.0000000 0.0180188 0.6156495 3.1660641 1.7605628 1.9784686 1.7308335 1.9029734 2.1212954 2.2822003 2.2851389 2.2187910 2.1837187 2.2033409 2.0466868 2.0614902 1.5020031 2.8563740 
Horcal_Hcv1.av93.c12.g559.i1                           1.5754948 1.3621410 1.5368984 0.7358854 1.4812024 1.5932426 1.6857946 1.4826058 1.5097325 1.4477323 1.5945668 1.4364691 1.6384306 1.6492436 1.5920687 1.5657328 1.4218282 1.4802451 1.5818493 1.7573508 1.6645915 1.5751041 1.3267241 1.6668004 1.3880424 1.6002571 1.8568851 1.8445703 1.9103716 2.0011721 1.5901731 1.4727572 1.6323350 0.5600705 0.4493193 0.4715428 0.4909087 0.4749151 0.5432547 0.4589974 0.0180188 0.0000000 0.6075850 3.1705422 1.7559864 1.9655762 1.7264461 1.8356359 2.1351251 2.2962405 2.2505383 2.1852700 2.1972178 2.2169034 2.0604876 2.0618792 1.5302499 2.8493485 
Beraby_Baby_sb343100                                   1.4611247 1.2631647 1.6200826 0.6087922 1.4459162 1.5432548 1.5917262 1.4211034 1.5128538 1.4641529 1.5542911 1.4186692 1.4386330 1.3517146 1.6500811 1.5880253 1.5399574 1.5500442 1.6480341 1.6419603 1.5262924 1.6546517 1.3752353 1.4301886 1.6909370 1.8087461 1.8283527 1.8395108 1.7943444 1.6065485 1.2801961 1.3271194 1.6861534 0.3590883 0.4029606 0.4460689 0.5282827 0.4436015 0.5262852 0.3761465 0.6156495 0.6075850 0.0000000 4.0125157 1.8725114 2.1094980 1.9115731 2.0129707 1.9948396 2.2399948 2.2159691 2.1343210 2.1777565 2.1586662 1.9535645 2.2119142 1.8179245 2.9156229 
Scil_scict005969.1                                     3.3780529 2.2181887 2.8075320 1.8560209 2.4910818 2.9290287 2.6467223 2.1588124 2.7294699 3.0617365 3.2898531 2.9743477 2.9073711 2.6439861 2.7645546 2.7404436 2.6266062 2.7483417 2.8395930 2.6599914 2.9641428 3.1184009 2.4960948 2.3414536 2.4033941 2.5209448 2.7995140 2.4537802 3.5668478 2.8745111 2.8745111 2.5646427 3.4005347 3.9616745 3.2541027 3.3426029 3.6739899 3.1508449 3.1991332 3.4270627 3.1660641 3.1705422 4.0125157 0.0000000 0.5193411 0.3737377 0.2718341 1.5892094 3.4064733 4.4294856 3.8211322 3.7731644 3.6287785 3.5857680 3.1992728 4.3624248 2.4537022 2.5924815 
Lcom_lcpid79609                                        1.6839950 1.2402889 1.4968091 0.6036615 1.4871335 1.6517641 1.4893141 1.3692372 1.5112349 1.5587611 1.7127437 1.5971020 1.4782318 1.4782248 1.8517922 1.7944901 1.6353539 1.7092028 1.7064564 1.7336641 1.7471912 1.4706255 1.5080837 1.3809652 1.4156792 1.3292677 1.4751669 1.4240875 1.7692973 1.7754659 1.4802236 1.5879702 1.8275207 1.9992834 1.7821082 2.0017939 1.8208394 1.8102115 1.6900431 1.7739406 1.7605628 1.7559864 1.8725114 0.5193411 0.0000000 0.4175442 0.3011456 0.8887586 1.8835667 2.1269717 2.0477633 2.0439496 2.0356345 2.0176310 1.7972932 1.9781880 1.5563461 2.5127584 
Gracom_Gcom_C549180_01                                 1.9051068 1.3838516 1.6915945 0.8228632 1.6318660 1.8230328 1.6051232 1.7222448 1.8890111 1.8225265 2.1065642 1.7693844 1.7171731 1.6797106 1.7988062 1.7853361 1.5046888 1.6731094 1.7482499 1.9204065 1.9096462 1.6556516 1.5760743 1.3939904 1.5332792 1.6592934 1.7333804 1.5258252 2.0617285 1.8664995 1.7576099 1.7514170 2.0678778 2.1075919 2.0275632 2.2982212 2.2772736 2.0434412 2.0709681 2.1395462 1.9784686 1.9655762 2.1094980 0.3737377 0.4175442 0.0000000 0.2751620 0.8951665 1.9412887 2.2902680 2.2375432 2.1892056 2.1718894 2.1529091 1.9151444 2.0508147 1.8385391 2.6490610 
Leuniv_Lniv_C806642_01                                 1.4386991 1.2572807 1.4835567 0.6297808 1.3980787 1.4578286 1.4529105 1.6064083 1.7054588 1.6757318 1.8694922 1.5827035 1.5219645 1.5757929 1.8621852 1.8553642 1.6598701 1.6831659 1.6985213 1.6302145 1.7355563 1.5183326 1.3975288 1.2277142 1.3335985 1.4384276 1.5043650 1.4525318 1.8841003 1.9322864 1.6030593 1.5432000 2.0152993 1.8862658 1.6766610 1.8639528 1.7738159 1.7044409 1.6484035 1.6990821 1.7308335 1.7264461 1.9115731 0.2718341 0.3011456 0.2751620 0.0000000 0.8167076 1.8195877 2.0981828 1.8870109 1.8776389 1.7917364 1.7753231 1.5958796 1.9706343 1.5853887 2.6348198 
Clacor_Ccor_C529693_01                                 1.5000583 1.4754393 1.3665365 0.8923549 1.4168357 1.5652261 1.3730511 1.5927831 1.6250547 1.6671515 1.9431509 1.6010099 1.3499812 1.4066332 1.7495037 1.7108557 1.5554019 1.6449898 1.6676148 1.6400650 1.6614887 1.6392106 1.3441316 1.4596358 1.4760215 1.4116297 1.5979960 1.3097261 1.7313588 1.4831070 1.2944607 1.4837380 1.8708685 1.8873117 2.0008268 2.1513025 1.7513769 1.7742828 1.6241229 1.8362343 1.9029734 1.8356359 2.0129707 1.5892094 0.8887586 0.8951665 0.8167076 0.0000000 1.9639567 2.2434556 2.0561935 2.0287743 2.0343490 2.0526076 1.8264871 1.7574267 1.7805661 2.7653986 
Tadh_TriadT6732                                        1.7811754 1.4597325 1.5181565 0.8258120 1.6894469 1.5659343 1.5709848 1.5347385 1.3498394 1.4213315 1.5255453 1.4687489 1.4835393 1.4144415 1.8179652 1.7721607 1.6608282 1.7299711 1.6534963 1.6634541 1.7356009 1.5700661 1.5518408 1.5350040 1.7223751 1.6232495 1.5777585 1.5456780 1.6590263 1.8775214 1.5589278 1.3888388 1.4546573 2.0170587 1.8568183 1.8568183 2.0146696 2.0171971 1.8988242 1.7704557 2.1212954 2.1351251 1.9948396 3.4064733 1.8835667 1.9412887 1.8195877 1.9639567 0.0000000 0.0000010 0.1414678 0.1343463 0.1325722 0.1395440 0.1137438 1.7598591 2.0078330 2.1656925 
TrH2_TrispH2_000353-RA                                 2.0854467 1.7245480 1.8919147 0.8258120 2.0595973 1.6686520 1.8598210 1.6992125 1.5703087 1.5705289 1.6160534 1.5788476 1.6545475 1.5292124 2.0244867 1.9755788 1.8660861 1.8644380 1.7757487 1.9715388 1.9913509 1.7759515 1.7745994 1.7306077 2.0145090 1.8953539 1.7200408 1.7637693 1.9621093 2.1259563 1.7803457 1.5381494 1.6000353 2.3522151 1.9893237 2.2096806 2.2370348 2.3291521 2.1015005 1.9213298 2.2822003 2.2962405 2.2399948 4.4294856 2.1269717 2.2902680 2.0981828 2.2434556 0.0000010 0.0000000 0.1843960 0.1776065 0.1677916 0.1744750 0.1164071 2.1270418 2.1825302 2.5103813 
HoiH06_mRNA7695                                        2.1896453 1.6310983 1.8731154 0.7928122 2.1137650 1.7302096 1.8357925 1.5997364 1.5962562 1.7262900 1.7768733 1.6025837 1.6818866 1.5809447 1.9654298 1.9173472 1.7135455 1.9269538 1.8357704 1.9006390 1.9939793 1.8227511 1.9093202 1.6359301 1.8239887 1.8629401 1.8319122 1.7752748 2.0080447 2.1271347 1.7726420 1.6810278 1.7458248 2.1573473 1.9248081 2.0652561 2.0688408 2.0856516 1.8650065 1.9464370 2.2851389 2.2505383 2.2159691 3.8211322 2.0477633 2.2375432 1.8870109 2.0561935 0.1414678 0.1843960 0.0000000 0.0231949 0.0539960 0.0600472 0.0480951 1.9342963 2.3359925 2.7149055 
HoiH23_PlH23_000406-RA                                 2.1351102 1.5869728 1.8032510 0.7736643 2.0339594 1.6718026 1.7800799 1.5423615 1.5469721 1.6741826 1.6963390 1.5361293 1.6376418 1.5402370 1.8954227 1.8491520 1.6535773 1.8585857 1.7458513 1.8921990 1.9227956 1.7502524 1.8672722 1.5932004 1.7842764 1.8252033 1.8356279 1.6771462 1.9057178 2.0811002 1.7355007 1.6099282 1.6944273 2.1480497 1.9162489 2.0566303 1.9792866 2.0397524 1.8082179 1.8895379 2.2187910 2.1852700 2.1343210 3.7731644 2.0439496 2.1892056 1.8776389 2.0287743 0.1343463 0.1776065 0.0231949 0.0000000 0.0603072 0.0663965 0.0629046 1.8869466 2.2382958 2.5742417 
Hhon_g06949.t1                                         2.1095951 1.6042724 1.8159453 0.8189300 2.0272771 1.6530830 1.7646530 1.5355015 1.5165154 1.6332358 1.6356902 1.4602572 1.6438966 1.5022060 1.8839478 1.8379206 1.6710767 1.8462525 1.7291751 1.8789946 1.9108272 1.7465594 1.8689373 1.6096447 1.7556629 1.7173352 1.7697788 1.6794060 1.9301576 2.0369338 1.6991606 1.5428686 1.6324338 2.2025299 1.9192012 2.1018780 1.9840087 2.0002928 1.8216966 1.8621886 2.1837187 2.1972178 2.1777565 3.6287785 2.0356345 2.1718894 1.7917364 2.0343490 0.1325722 0.1677916 0.0539960 0.0603072 0.0000000 0.0056520 0.0346533 1.8904470 2.1905259 2.5354542 
HoiH04_mRNA6155                                        2.1277208 1.5890392 1.8323047 0.8189300 2.0451745 1.6688036 1.7813447 1.5507539 1.5316520 1.6485705 1.6512473 1.4747561 1.6595741 1.5170595 1.9010203 1.8547390 1.6868071 1.8631066 1.7454590 1.8961133 1.9280405 1.7303927 1.8858910 1.6251839 1.7719210 1.7014526 1.7537563 1.6633158 1.9129785 2.0557486 1.7157755 1.5585849 1.6478594 2.1829613 1.9018271 2.0839328 1.9661563 1.9828702 1.8052908 1.8433108 2.2033409 2.2169034 2.1586662 3.5857680 2.0176310 2.1529091 1.7753231 2.0526076 0.1395440 0.1744750 0.0600472 0.0663965 0.0056520 0.0000000 0.0416217 1.8729843 2.2130373 2.5658436 
HoiH11_mRNA760                                         1.6376451 1.3543993 1.5759658 0.8355038 1.4972418 1.5237815 1.4409151 1.4456684 1.3121171 1.3627216 1.4390545 1.3367998 1.3589857 1.2471498 1.6508801 1.6074073 1.4393374 1.5405305 1.5365200 1.4812861 1.4622018 1.5342403 1.5073867 1.2896161 1.5769161 1.4151335 1.5015134 1.5236414 1.6417954 1.8762434 1.5378140 1.3611923 1.3850041 2.0293623 1.9207976 1.9207976 1.9899007 1.8429269 1.7445227 2.0003354 2.0466868 2.0604876 1.9535645 3.1992728 1.7972932 1.9151444 1.5958796 1.8264871 0.1137438 0.1164071 0.0480951 0.0629046 0.0346533 0.0416217 0.0000000 1.4771173 2.0540399 2.2659515 
Tcas_TC016304_001                                      1.4782388 0.8923340 1.3331742 0.7727257 1.4534446 1.2770653 1.1369608 1.6144469 1.4248410 1.4187299 1.5659049 1.4653461 1.3204674 1.2238091 1.5160761 1.5098684 1.3554058 1.3845927 1.4352671 1.2903865 1.3078692 1.0919507 1.1447977 1.0653093 0.9948049 1.1310264 1.2736556 0.9201481 0.8796008 1.7254090 1.4330862 1.2813761 1.5185439 2.1657396 2.1519988 2.2387558 2.1511708 1.9609222 1.9518876 1.8836605 2.0614902 2.0618792 2.2119142 4.3624248 1.9781880 2.0508147 1.9706343 1.7574267 1.7598591 2.1270418 1.9342963 1.8869466 1.8904470 1.8729843 1.4771173 0.0000000 1.7555036 2.3060320 
Tetwil_g19273.t1                                       1.1906396 0.9125928 1.0729153 0.5676406 1.0712700 0.8532955 0.9282690 1.0926510 1.0474003 1.1700653 1.0934696 1.0773934 1.0614913 1.1246446 1.3063989 1.2669785 1.2558831 1.2249409 1.2138308 1.2073050 1.1929074 1.2648872 1.0996995 1.1081402 1.2290381 1.2040699 1.2840165 1.4197442 1.3301662 1.3619724 1.3403744 1.1097410 1.2016704 1.6322641 1.5885221 1.7970918 1.6042051 1.5179459 1.6055997 1.5123699 1.5020031 1.5302499 1.8179245 2.4537022 1.5563461 1.8385391 1.5853887 1.7805661 2.0078330 2.1825302 2.3359925 2.2382958 2.1905259 2.2130373 2.0540399 1.7555036 0.0000000 1.3275906 
Hvul_g23730_1                                          1.5777906 1.3636425 1.6962954 1.5896540 1.7982928 1.9089881 1.2077790 0.4794793 0.3291259 0.4645315 0.4067776 0.5323275 0.8846354 1.0613057 1.0690875 1.0182721 1.0680952 0.9620764 0.8983224 0.8423912 0.9189386 1.9002772 1.3418520 1.5041366 1.6605710 1.1314885 1.3922585 2.0331805 2.2906005 1.4822591 1.4045301 1.3373650 0.4337263 2.6847729 2.5061166 2.5593307 2.6127677 2.6366465 2.4938575 2.1716565 2.8563740 2.8493485 2.9156229 2.5924815 2.5127584 2.6490610 2.6348198 2.7653986 2.1656925 2.5103813 2.7149055 2.5742417 2.5354542 2.5658436 2.2659515 2.3060320 1.3275906 0.0000000 
