58
Hsap_ENST00000333861                               0.0000000 2.7275756 2.7338271 2.9561396 3.1822835 2.6412104 2.7439177 2.8240845 3.2219419 3.2990634 3.2757164 3.2143352 3.3335151 3.1390251 3.5795402 2.6652924 3.3670168 3.7269125 2.9881943 3.0432612 3.0648314 4.9548548 2.7066928 3.5703604 4.4891336 3.8122279 2.9209901 2.6535697 2.7556590 2.7938880 3.8954337 2.5122117 3.8454996 3.8773564 3.4748222 3.1572331 4.0644977 3.7312833 3.1872187 2.4762913 2.2767253 3.3018457 3.3013807 3.2291893 3.1744502 3.1328281 3.1236353 3.1483877 4.1240938 3.0481146 3.6591741 3.5574217 3.2842079 4.1343756 5.0751732 5.2367753 5.4049339 4.8857520 
Bralan_BLAG02001430_1                              2.7275756 0.0000000 1.1401821 1.5078429 1.8332223 1.4176521 1.7724082 1.7499966 2.0187312 1.7312578 1.8157879 1.9764852 1.9092198 1.9233219 2.3017385 1.6995791 2.1643160 2.1659359 1.5146222 1.4405168 1.5912739 2.6251801 1.9316210 2.3115710 2.5561811 2.6962674 2.4157263 2.1445230 2.0237668 2.5120405 2.6706287 1.6909691 2.5621529 2.4730694 2.5666294 2.2492525 2.9117279 2.2222214 2.1742979 1.6888370 1.8833700 2.1455791 2.1969135 2.3164017 2.2061422 2.1120115 2.0806869 2.1839491 2.8517991 2.2682773 2.5054838 2.5286565 2.4752161 4.2063863 4.7620169 4.9950494 4.3361968 3.0695068 
Skow_XM_006814137.1                                2.7338271 1.1401821 0.0000000 1.1435523 2.0256808 1.3966154 1.8759684 1.8106489 1.9317604 1.7271051 1.7096297 1.8195621 1.8078056 1.9778830 2.1603448 1.8793984 2.2177798 2.2021805 1.4583097 1.3536015 1.5540455 2.8248240 2.0813747 2.4871376 2.5657559 2.6944073 2.0920714 1.9123445 2.0859186 2.4690246 2.7154010 1.5750000 2.4696030 2.4429467 2.5547342 2.2732627 2.6896867 2.3625147 2.1038962 1.6509983 1.8573003 2.0583290 2.0973940 2.1777180 2.0732985 2.0880975 2.0449468 2.1961201 2.7666021 2.4466198 2.4540271 2.5128413 2.5923953 3.8547135 4.6913134 4.9179435 4.8840087 3.3296640 
Spur_XM_030976783.1                                2.9561396 1.5078429 1.1435523 0.0000000 1.9487055 1.6376819 2.0147301 1.9450968 2.3378930 1.9365680 2.0081735 2.1387716 2.0260851 2.1912148 2.3574360 1.9026436 2.3161799 2.1923987 1.6773424 1.6596675 1.7765498 2.9800136 2.0657229 2.4470980 2.6016956 2.6110267 2.1821560 2.0121791 2.0807093 2.4476840 2.5672294 1.7030322 2.4443513 2.4802958 2.6201036 2.1561108 2.6044970 2.4851413 2.1204131 1.7313285 1.9618946 2.2775906 2.3335489 2.4290885 2.2606689 2.3224572 2.2671874 2.3399276 2.8325885 2.4557271 2.4371312 2.5688031 2.4187527 4.0502663 4.9014769 4.7933594 4.4975729 3.1356240 
Exapal_XM_021041765.2                              3.1822835 1.8332223 2.0256808 1.9487055 0.0000000 0.6286306 1.0889788 0.9807428 1.0395392 0.8664516 0.9034006 0.9106912 0.9049924 1.4611521 1.8646231 1.8546735 2.2386431 2.1631439 1.9955663 2.1008934 2.1892195 2.9599994 1.6123074 1.8745452 2.3775997 2.6588374 2.3592112 2.1501327 2.2011094 2.3886757 2.5782092 1.8857549 2.3688017 2.3997906 2.6321012 2.5516290 2.8892349 2.6674758 2.0430162 1.7852952 2.1272742 1.9835756 2.0043425 2.1001073 2.0574190 2.0493572 2.0305620 2.0260107 3.1107659 2.3433683 2.2722006 2.5424999 2.4103730 4.2473807 5.0968664 4.7626661 4.2831406 3.2652514 
Nvec_v1g240102                                     2.6412104 1.4176521 1.3966154 1.6376819 0.6286306 0.0000000 0.7235115 0.6246471 0.6470164 0.6252180 0.6149117 0.6611302 0.6642545 0.9877191 1.3544204 1.9211668 1.8068468 1.7992588 1.6457188 1.5420127 1.9532892 2.5449996 1.4853594 1.4637733 1.6854582 2.1860575 2.2966603 2.0542519 2.1162605 2.3289868 2.0748060 1.8422461 1.9194772 1.8978074 2.4288981 2.2619613 2.3140049 2.3881405 2.2229084 1.8545245 2.3600819 1.7279591 1.8265148 1.9302832 1.8383393 1.8212258 1.8039779 1.9995328 2.4439830 2.2832169 1.7019402 2.0227270 2.4375876 4.3240893 4.2795624 4.0644293 4.1049073 3.5536431 
Adig_XM_015916805.1                                2.7439177 1.7724082 1.8759684 2.0147301 1.0889788 0.7235115 0.0000000 0.0886968 0.4969595 0.5314755 0.5320127 0.5023085 0.5668070 1.3597190 1.6156383 1.9940574 2.0156767 1.9096919 1.8972902 2.0857279 2.3696362 3.1989702 1.6178451 1.7242286 1.9302122 2.3690202 2.5862873 2.3074893 2.0523690 2.4714506 2.3590362 2.0213956 1.9680191 1.9577283 2.5915078 2.1959936 2.3710952 2.5537813 2.2182485 1.8404851 2.4153157 1.7075375 1.7607692 1.8358827 1.8697306 1.8638747 1.8488903 1.8709434 3.0197533 2.5440785 2.0405307 2.3451731 2.7747105 3.8491854 4.0034454 4.0245665 4.1086493 3.4233786 
Amil_Amillepora01807-RA                            2.8240845 1.7499966 1.8106489 1.9450968 0.9807428 0.6246471 0.0886968 0.0000000 0.4800939 0.5258484 0.5164727 0.5823065 0.5655203 1.3285966 1.6933239 1.8032828 2.0855540 2.0448812 1.9325755 1.8898360 2.2212766 4.0322466 1.4530134 1.7781820 1.9020424 2.3507743 2.3278943 2.0968993 1.8633087 2.3544489 2.1963210 1.8474800 1.9209662 1.9250207 2.4842120 1.9663545 2.2988765 2.4347437 1.7991501 1.6957124 2.3273703 1.7211441 1.7730886 1.8591332 1.8275239 1.8299905 1.8121179 1.8698475 2.7796542 2.1644645 2.0899816 2.3917603 2.6002456 4.2532704 4.5305808 4.5464960 4.5300959 3.6022553 
Gfas_gfas1.m1.4365.m1                              3.2219419 2.0187312 1.9317604 2.3378930 1.0395392 0.6470164 0.4969595 0.4800939 0.0000000 0.3488038 0.3536809 0.4395161 0.4327317 1.5162118 1.8445011 1.9402132 2.2858131 2.0453221 2.2057515 2.2554807 2.4350903 3.7376319 1.5556439 2.0339070 2.1639601 2.7339556 2.3264011 2.1115001 2.1638311 2.3970238 2.5190152 1.9105113 2.3710800 2.3343656 2.6538378 2.3151014 2.8100580 2.7740562 2.1025331 1.7592689 2.2640266 2.0148433 2.0705284 2.1771596 2.1766962 2.1203562 2.1282080 2.1868251 3.1444919 2.3353864 2.3433562 2.6830731 2.7765816 4.2436921 4.5632158 4.7323618 4.1348322 4.1526073 
Fspp_ffun1.m4.1018.m1                              3.2990634 1.7312578 1.7271051 1.9365680 0.8664516 0.6252180 0.5314755 0.5258484 0.3488038 0.0000000 0.1447511 0.2847442 0.2920131 1.4816698 1.9135831 1.7869571 2.1931076 2.1027043 1.9849469 2.0146103 2.0969462 2.8027769 1.6458614 1.9756113 2.3200651 2.5976255 2.3532696 2.1146973 2.1533247 2.4257498 2.5325577 1.9788002 2.4524111 2.4019869 2.6400228 2.1816900 2.6776725 2.6139477 2.0506001 1.7175859 2.2620018 1.8418521 1.8769305 1.9527556 1.9572032 1.9004733 1.8893993 1.9651389 3.0674167 2.4997284 2.3046199 2.4044402 2.6606957 4.3280696 4.6732162 4.6520571 4.5679379 2.7704291 
Gasp_gasp1.m3.10314.m1                             3.2757164 1.8157879 1.7096297 2.0081735 0.9034006 0.6149117 0.5320127 0.5164727 0.3536809 0.1447511 0.0000000 0.2932543 0.2966097 1.4544924 1.8793000 1.8200090 2.2484759 2.1072747 2.0008055 2.0795944 2.1084331 2.9950761 1.6357638 1.8918660 2.2089736 2.5564043 2.1875173 1.9811656 2.1849847 2.3417396 2.5223603 1.8622380 2.3744035 2.3164046 2.6142274 2.2074767 2.6905133 2.7368349 2.1481277 1.6592497 2.2309538 1.9435368 1.9956871 2.0543229 2.0443399 1.9582782 1.9493875 2.0609869 3.0690398 2.6120395 2.3025895 2.4568430 2.5751591 4.2230615 4.8153436 4.6296849 4.4565174 3.0483904 
Spis_XP_022779732_1                                3.2143352 1.9764852 1.8195621 2.1387716 0.9106912 0.6611302 0.5023085 0.5823065 0.4395161 0.2847442 0.2932543 0.0000000 0.1042093 1.5620791 1.9837742 1.9935443 2.3329633 2.2144209 2.0844763 2.1551132 2.2409419 2.8391687 1.7371422 1.9951673 2.4429485 2.6438382 2.4249979 2.1375730 2.1811241 2.5210286 2.6418855 2.1164010 2.6857809 2.6694373 2.9056863 2.3116391 2.8656269 2.8925931 2.2357465 1.7464836 2.3251488 2.1113522 2.1722653 2.1707810 2.1985626 2.1186838 2.1198399 2.2518379 3.2131849 2.4444960 2.3623625 2.6409776 2.7375829 3.8559418 4.6979698 4.7761648 4.4383398 2.8502777 
Pocdam_XM_027184387.1                              3.3335151 1.9092198 1.8078056 2.0260851 0.9049924 0.6642545 0.5668070 0.5655203 0.4327317 0.2920131 0.2966097 0.1042093 0.0000000 1.4658611 1.9263778 1.8353327 2.2317966 2.1143874 2.0248798 2.0941366 2.1666940 2.7587673 1.6838665 1.9416423 2.4138301 2.6238529 2.3316870 2.0834914 2.1541440 2.4078975 2.5945499 2.0143938 2.5856692 2.5708014 2.7180522 2.2426776 2.7937493 2.7154397 2.1589845 1.6849619 2.2592978 2.0233877 2.0710015 2.0988153 2.1012421 2.0437015 2.0357919 2.1239613 3.0834084 2.5259679 2.2528075 2.5676165 2.7433003 4.0723403 4.8624587 4.8170704 4.4765965 2.8541841 
Dgig_XM_028551265.1                                3.1390251 1.9233219 1.9778830 2.1912148 1.4611521 0.9877191 1.3597190 1.3285966 1.5162118 1.4816698 1.4544924 1.5620791 1.4658611 0.0000000 1.0028961 1.8561994 2.3430773 2.4389659 2.2976370 2.2445297 2.5891451 2.9194596 1.5408501 2.0561083 2.5031360 2.6625850 2.2077208 1.9977126 1.9937222 2.3722588 2.6925540 1.5373714 2.5932662 2.5814951 2.4101958 2.3004486 2.9080738 2.7540146 2.1676561 1.6614862 2.2824005 2.1472397 2.1940058 2.2739844 2.2559874 2.2541981 2.1981860 2.2701622 3.0986132 2.5939885 2.3734173 2.5787938 2.5535820 3.9830158 4.6419329 4.6568502 4.8383890 3.5057918 
Xesp_003068-T1                                     3.5795402 2.3017385 2.1603448 2.3574360 1.8646231 1.3544204 1.6156383 1.6933239 1.8445011 1.9135831 1.8793000 1.9837742 1.9263778 1.0028961 0.0000000 2.0135755 2.6361328 2.5165544 2.5070019 2.4544973 2.7113434 3.8345713 1.7710499 2.4413606 2.5866125 2.9482765 2.3345339 2.1477439 2.1155160 2.5334176 3.0131404 1.7197436 2.8325621 2.8237289 2.5102241 2.3564084 3.1223075 2.9208947 2.3471260 1.7826269 2.2690918 2.4037774 2.4554396 2.5104989 2.5135961 2.5123013 2.4446194 2.5345014 3.3853244 2.7063435 2.6015520 3.0081595 2.7623640 4.0245900 5.5401175 5.3101701 5.3605462 4.3211440 
Ocar_g43                                           2.6652924 1.6995791 1.8793984 1.9026436 1.8546735 1.9211668 1.9940574 1.8032828 1.9402132 1.7869571 1.8200090 1.9935443 1.8353327 1.8561994 2.0135755 0.0000000 0.0069695 0.8605723 2.1858391 2.0642506 2.0500276 2.5768811 2.0278950 2.0680648 1.9601853 2.0086162 2.0391501 1.9255634 1.9748847 1.9075623 1.9090404 1.9771673 2.0548268 1.9417146 2.5243787 2.2255837 2.1976850 2.0271275 2.0079336 1.6983202 1.9047607 1.8408611 1.8623851 1.8491576 1.9169193 1.8599897 1.8601750 1.9095060 2.0670639 3.0277218 2.4384206 2.5123641 2.5669214 4.1216574 3.9279126 3.9826960 4.2194690 4.7719191 
Opea_EP00118_Oscarella_pearsei_P015112             3.3670168 2.1643160 2.2177798 2.3161799 2.2386431 1.8068468 2.0156767 2.0855540 2.2858131 2.1931076 2.2484759 2.3329633 2.2317966 2.3430773 2.6361328 0.0069695 0.0000000 1.2646635 2.5441613 2.3802027 2.5808460 3.1880593 2.2643498 2.5700933 2.9099398 2.3835325 1.9161591 1.7993044 1.9433235 2.0369639 2.3339765 1.8802419 2.5337338 2.4691762 2.6178577 2.3136900 2.8012905 2.5114049 2.0424566 1.6987380 2.0603015 2.2963688 2.2962986 2.3211562 2.3192397 2.2947462 2.2889736 2.2697926 2.7161478 2.1987022 2.8661683 3.0358032 2.9061638 4.4911287 4.6757132 5.3939778 4.5062243 3.6539373 
Plajan_Pjan_C569654_01                             3.7269125 2.1659359 2.2021805 2.1923987 2.1631439 1.7992588 1.9096919 2.0448812 2.0453221 2.1027043 2.1072747 2.2144209 2.1143874 2.4389659 2.5165544 0.8605723 1.2646635 0.0000000 2.3874654 2.3380663 2.6023729 3.5454046 2.1731449 2.5483699 2.9728159 2.6549235 1.9475739 1.8193419 2.2290076 2.4742751 2.6409172 1.6451971 2.6307390 2.5713337 2.9133678 2.4083181 2.9383201 2.4866312 1.9382097 1.5687210 2.0617995 2.4541933 2.4654516 2.4881347 2.5081607 2.5126847 2.5048512 2.4767374 2.8648528 2.2996909 2.8451707 2.8776499 2.8868068 3.9437649 4.7042337 4.9962376 4.7410065 3.3378160 
Ctel_gnl_WGS_AMQN_CAPTEDRAFT_mRNA206716            2.9881943 1.5146222 1.4583097 1.6773424 1.9955663 1.6457188 1.8972902 1.9325755 2.2057515 1.9849469 2.0008055 2.0844763 2.0248798 2.2976370 2.5070019 2.1858391 2.5441613 2.3874654 0.0000000 1.3175879 1.4236773 2.9103223 1.9943409 2.4505029 2.6714972 2.8569875 2.5088579 2.2764385 2.4653026 2.7645701 2.8146512 2.2588280 2.6502263 2.6227311 2.9116493 2.6471267 2.8899531 2.5729035 2.4078431 1.8838804 2.2998223 2.2239664 2.2777717 2.2737883 2.2211680 2.1884779 2.1487192 2.3497457 2.9490096 2.5243999 2.6436446 2.9300051 2.7294232 4.3966318 4.9583045 4.7060995 4.6638698 3.3242915 
Cgig_XM_011444013.3                                3.0432612 1.4405168 1.3536015 1.6596675 2.1008934 1.5420127 2.0857279 1.8898360 2.2554807 2.0146103 2.0795944 2.1551132 2.0941366 2.2445297 2.4544973 2.0642506 2.3802027 2.3380663 1.3175879 0.0000000 1.2317032 2.6341498 2.1174162 2.4704928 2.8064715 2.8873037 2.4380360 2.1666357 2.4309614 2.5579522 2.8819573 2.0579512 2.6236073 2.6010381 2.7172519 2.3298823 2.8362435 2.4860011 2.1585602 1.6201422 2.1349940 2.2768540 2.2780108 2.4372639 2.3266308 2.3061351 2.2457405 2.3454019 2.9584100 2.1327882 2.5674284 2.6859488 2.5905036 4.2301945 4.5959171 4.6853263 4.4939505 3.5678460 
Acagra_model.g9930.t1                              3.0648314 1.5912739 1.5540455 1.7765498 2.1892195 1.9532892 2.3696362 2.2212766 2.4350903 2.0969462 2.1084331 2.2409419 2.1666940 2.5891451 2.7113434 2.0500276 2.5808460 2.6023729 1.4236773 1.2317032 0.0000000 2.8358623 2.4140091 2.6647747 3.0331493 3.1427347 2.9019772 2.6462677 2.7233095 2.9119829 3.0883704 2.3325378 2.7974077 2.8312660 3.1077723 2.8011322 3.1699429 2.7173532 2.6506760 2.0884038 2.3460887 2.4753941 2.4882556 2.5947563 2.5244114 2.4592682 2.4280845 2.5368466 3.3156182 2.9309699 2.8234762 2.8385754 3.0318020 4.2741655 5.1049575 5.0537881 4.5213456 3.5862097 
Aaur_scaffold16.g17.t3                             4.9548548 2.6251801 2.8248240 2.9800136 2.9599994 2.5449996 3.1989702 4.0322466 3.7376319 2.8027769 2.9950761 2.8391687 2.7587673 2.9194596 3.8345713 2.5768811 3.1880593 3.5454046 2.9103223 2.6341498 2.8358623 0.0000000 2.5965157 1.1987026 6.1484325 4.2698357 3.0982839 2.8838477 2.8740237 2.5853263 4.0839931 2.6780188 4.3423860 4.3242146 4.7789485 3.7825572 4.6998117 3.5129195 3.7954857 3.1260333 4.9945220 3.2496849 3.2469802 3.2947493 3.0659848 3.0647446 3.0538790 3.2355151 4.7270017 3.6832391 2.9398162 3.1015810 6.5473507 7.7680834 5.7640659 7.0196554 5.2629745 3.1437644 
Nemnom_g12200.t1                                   2.7066928 1.9316210 2.0813747 2.0657229 1.6123074 1.4853594 1.6178451 1.4530134 1.5556439 1.6458614 1.6357638 1.7371422 1.6838665 1.5408501 1.7710499 2.0278950 2.2643498 2.1731449 1.9943409 2.1174162 2.4140091 2.5965157 0.0000000 0.3101061 1.1018018 2.3055622 2.0168165 1.8807080 2.2158163 2.4617190 2.3331593 1.3898574 2.3423324 2.2788070 2.8327932 2.6159027 2.7656838 2.8690876 2.7302667 1.6419312 1.9232749 1.8214318 1.9421949 2.2436997 2.1952586 2.1441737 2.1392593 2.1930576 3.0300149 3.7387108 1.9177939 2.2445974 2.7698407 4.4461876 4.3837963 4.0559042 4.6782664 4.3083587 
Rhoesc_Res_009212-T1                               3.5703604 2.3115710 2.4871376 2.4470980 1.8745452 1.4637733 1.7242286 1.7781820 2.0339070 1.9756113 1.8918660 1.9951673 1.9416423 2.0561083 2.4413606 2.0680648 2.5700933 2.5483699 2.4505029 2.4704928 2.6647747 1.1987026 0.3101061 0.0000000 1.8471775 2.8748748 1.9464827 1.8050551 2.1610516 2.3316796 2.9192751 1.4453878 2.7094752 2.6706451 3.0125707 2.3972844 3.0028668 3.0020424 2.6053319 1.6513777 2.1042382 2.5300146 2.5923482 2.6771792 2.6013901 2.5478602 2.5109349 2.6609205 3.7215496 3.4727550 2.3314960 2.5128442 2.7898804 4.5568976 5.3697751 5.0655631 4.6211728 3.6677591 
Sanmal_Sma_018566-T1                               4.4891336 2.5561811 2.5657559 2.6016956 2.3775997 1.6854582 1.9302122 1.9020424 2.1639601 2.3200651 2.2089736 2.4429485 2.4138301 2.5031360 2.5866125 1.9601853 2.9099398 2.9728159 2.6714972 2.8064715 3.0331493 6.1484325 1.1018018 1.8471775 0.0000000 3.2186984 2.2423244 2.1390260 2.2406007 2.4253420 3.1917517 1.7025331 3.1005459 2.9771608 2.9368184 2.5253868 3.3334926 3.2458040 2.8189166 1.9576782 2.3149260 2.9699603 3.0233559 3.0013835 2.9106148 2.9303368 2.8937769 2.9502009 3.7174261 3.6193982 2.9894488 3.0196996 2.9755974 4.2341043 5.1860571 5.0126289 5.0457355 5.2750004 
Mlei_ML0901.g16.i1                                 3.8122279 2.6962674 2.6944073 2.6110267 2.6588374 2.1860575 2.3690202 2.3507743 2.7339556 2.5976255 2.5564043 2.6438382 2.6238529 2.6625850 2.9482765 2.0086162 2.3835325 2.6549235 2.8569875 2.8873037 3.1427347 4.2698357 2.3055622 2.8748748 3.2186984 0.0000000 0.1622270 0.1617883 0.3796709 0.4950366 0.5823447 0.6967135 0.8473482 0.8214127 1.5485979 1.1226460 1.3059020 2.8496288 2.5502506 2.0060476 2.0121776 2.7353858 2.8021860 2.9661761 2.8582133 2.8505645 2.8411384 2.8874726 3.3406805 3.5218537 3.2290164 3.3180795 3.3472586 4.7192882 5.5687686 5.1748315 5.5307668 3.6209286 
Bolinf_Binf_sb1253061                              2.9209901 2.4157263 2.0920714 2.1821560 2.3592112 2.2966603 2.5862873 2.3278943 2.3264011 2.3532696 2.1875173 2.4249979 2.3316870 2.2077208 2.3345339 2.0391501 1.9161591 1.9475739 2.5088579 2.4380360 2.9019772 3.0982839 2.0168165 1.9464827 2.2423244 0.1622270 0.0000000 0.0000010 0.4074161 0.4626309 0.6648983 0.7567183 1.0487293 0.9677617 1.4860770 1.1621737 1.2045235 2.0723843 2.2378534 2.3442237 1.8937396 2.2273663 2.3785531 2.5678270 2.5455342 2.5229195 2.5229195 2.5486919 2.4100145 8.9999988 2.5203889 2.3174616 3.1753915 5.4676993 4.8018658 4.1184965 5.4946007 4.7399202 
Mertsp_Mesp_sb569521                               2.6535697 2.1445230 1.9123445 2.0121791 2.1501327 2.0542519 2.3074893 2.0968993 2.1115001 2.1146973 1.9811656 2.1375730 2.0834914 1.9977126 2.1477439 1.9255634 1.7993044 1.8193419 2.2764385 2.1666357 2.6462677 2.8838477 1.8807080 1.8050551 2.1390260 0.1617883 0.0000010 0.0000000 0.3903170 0.4355122 0.6452014 0.7567183 0.9482225 0.8819733 1.3995386 1.1004153 1.1483004 1.9202801 2.0754464 2.1135509 1.8937396 2.0217062 2.1530140 2.3741563 2.3036310 2.2882597 2.2882597 2.3058041 2.2912633 3.4038030 2.3328121 2.2391816 2.9614553 4.7705232 4.0502424 3.4920378 4.8963306 4.1708565 
Beraby_Baby_sb335065                               2.7556590 2.0237668 2.0859186 2.0807093 2.2011094 2.1162605 2.0523690 1.8633087 2.1638311 2.1533247 2.1849847 2.1811241 2.1541440 1.9937222 2.1155160 1.9748847 1.9433235 2.2290076 2.4653026 2.4309614 2.7233095 2.8740237 2.2158163 2.1610516 2.2406007 0.3796709 0.4074161 0.3903170 0.0000000 0.6074710 0.5882230 0.8005022 0.7391833 0.7222153 1.3340270 1.1858447 1.2209308 2.3642363 2.4477095 1.9462736 1.9986039 2.1131788 2.2022481 2.2364419 2.2144369 2.1704121 2.1650709 2.2394972 2.6361915 3.3071218 2.5028190 2.5223458 3.1439713 4.5365982 4.4033041 3.8898909 4.4169201 4.4762440 
Drygla_Dgla_sb288525                               2.7938880 2.5120405 2.4690246 2.4476840 2.3886757 2.3289868 2.4714506 2.3544489 2.3970238 2.4257498 2.3417396 2.5210286 2.4078975 2.3722588 2.5334176 1.9075623 2.0369639 2.4742751 2.7645701 2.5579522 2.9119829 2.5853263 2.4617190 2.3316796 2.4253420 0.4950366 0.4626309 0.4355122 0.6074710 0.0000000 0.8009221 0.9091988 0.9335546 0.8855182 1.6170855 1.3635684 1.3935121 2.5141941 2.5030480 1.9758141 2.0602783 2.3916020 2.5445987 2.6508881 2.5508061 2.5195309 2.5377303 2.5904737 2.7313304 4.0762959 2.6846911 2.5877281 3.1445291 4.7656061 4.4914289 3.8741233 5.2448368 5.4309173 
Lampan_Lpan_C419871_01                             3.8954337 2.6706287 2.7154010 2.5672294 2.5782092 2.0748060 2.3590362 2.1963210 2.5190152 2.5325577 2.5223603 2.6418855 2.5945499 2.6925540 3.0131404 1.9090404 2.3339765 2.6409172 2.8146512 2.8819573 3.0883704 4.0839931 2.3331593 2.9192751 3.1917517 0.5823447 0.6648983 0.6452014 0.5882230 0.8009221 0.0000000 0.7427695 0.9544753 0.9295904 1.3370587 1.0845496 1.2746347 2.7261770 2.5381238 1.9005410 1.9691211 2.7068155 2.7553911 2.8971327 2.8367902 2.8574984 2.8500582 2.8987282 3.2966038 3.2633477 3.0800511 3.3060116 3.0939639 4.9891854 5.6809476 5.1966946 5.6825186 3.7983779 
Eupdun_Edun_sb10645395                             2.5122117 1.6909691 1.5750000 1.7030322 1.8857549 1.8422461 2.0213956 1.8474800 1.9105113 1.9788002 1.8622380 2.1164010 2.0143938 1.5373714 1.7197436 1.9771673 1.8802419 1.6451971 2.2588280 2.0579512 2.3325378 2.6780188 1.3898574 1.4453878 1.7025331 0.6967135 0.7567183 0.7567183 0.8005022 0.9091988 0.7427695 0.0000000 0.9692475 0.9323793 1.4037047 1.1070149 1.1031257 1.9120780 1.8737909 1.9759409 1.8211556 1.8037072 1.8401163 1.8626335 1.9563239 1.8408570 1.8716388 1.9841988 1.9825890 0.0000010 1.6102371 2.3138909 2.0480132 4.6735571 3.6720952 3.2948534 4.6114885 4.5676005 
Pbac_sb2647928                                     3.8454996 2.5621529 2.4696030 2.4443513 2.3688017 1.9194772 1.9680191 1.9209662 2.3710800 2.4524111 2.3744035 2.6857809 2.5856692 2.5932662 2.8325621 2.0548268 2.5337338 2.6307390 2.6502263 2.6236073 2.7974077 4.3423860 2.3423324 2.7094752 3.1005459 0.8473482 1.0487293 0.9482225 0.7391833 0.9335546 0.9544753 0.9692475 0.0000000 0.0241472 1.4970887 1.2138114 1.4132462 2.5603834 2.6497984 2.0166634 2.3020841 2.5890084 2.6563979 2.7488812 2.7432785 2.6773724 2.5983104 2.6712905 3.4072409 3.3329150 2.9586025 3.0988445 3.3018934 4.3487291 5.5503037 4.8664828 4.7398912 3.8399749 
Horcal_Hcv1.av93.c5.g908.i1                        3.8773564 2.4730694 2.4429467 2.4802958 2.3997906 1.8978074 1.9577283 1.9250207 2.3343656 2.4019869 2.3164046 2.6694373 2.5708014 2.5814951 2.8237289 1.9417146 2.4691762 2.5713337 2.6227311 2.6010381 2.8312660 4.3242146 2.2788070 2.6706451 2.9771608 0.8214127 0.9677617 0.8819733 0.7222153 0.8855182 0.9295904 0.9323793 0.0241472 0.0000000 1.5048479 1.1985260 1.3755747 2.5650500 2.5983142 1.9319819 2.2838436 2.5657164 2.6324324 2.7086158 2.7022698 2.6583745 2.5801475 2.5917971 3.2828590 3.0895294 2.9445892 3.0107127 3.2632508 4.3236174 5.4340456 4.8455744 4.6891184 3.7911694 
Vmul_sbMO442386                                    3.4748222 2.5666294 2.5547342 2.6201036 2.6321012 2.4288981 2.5915078 2.4842120 2.6538378 2.6400228 2.6142274 2.9056863 2.7180522 2.4101958 2.5102241 2.5243787 2.6178577 2.9133678 2.9116493 2.7172519 3.1077723 4.7789485 2.8327932 3.0125707 2.9368184 1.5485979 1.4860770 1.3995386 1.3340270 1.6170855 1.3370587 1.4037047 1.4970887 1.5048479 0.0000000 0.9423517 0.9808499 2.7822574 2.7608496 2.1734297 2.6260175 2.7453853 2.8180932 2.7896683 2.7766392 2.7488052 2.7417835 2.8278754 2.9511607 3.1179229 2.8649778 2.8530677 3.5905156 4.8893699 4.6979505 4.1601856 5.0477681 5.4392176 
Coeast_Cast_sb792625                               3.1572331 2.2492525 2.2732627 2.1561108 2.5516290 2.2619613 2.1959936 1.9663545 2.3151014 2.1816900 2.2074767 2.3116391 2.2426776 2.3004486 2.3564084 2.2255837 2.3136900 2.4083181 2.6471267 2.3298823 2.8011322 3.7825572 2.6159027 2.3972844 2.5253868 1.1226460 1.1621737 1.1004153 1.1858447 1.3635684 1.0845496 1.1070149 1.2138114 1.1985260 0.9423517 0.0000000 0.0656868 2.5107529 2.7187100 2.2044857 2.5282286 2.2152974 2.2513606 2.3281183 2.3128728 2.2793502 2.2608222 2.3596195 2.9701857 3.4939764 2.7846939 2.7215126 3.4519154 5.2054939 4.6959075 4.0138523 4.8812186 5.1371081 
Coemet_Cmet_scaffold22602_01                       4.0644977 2.9117279 2.6896867 2.6044970 2.8892349 2.3140049 2.3710952 2.2988765 2.8100580 2.6776725 2.6905133 2.8656269 2.7937493 2.9080738 3.1223075 2.1976850 2.8012905 2.9383201 2.8899531 2.8362435 3.1699429 4.6998117 2.7656838 3.0028668 3.3334926 1.3059020 1.2045235 1.1483004 1.2209308 1.3935121 1.2746347 1.1031257 1.4132462 1.3755747 0.9808499 0.0656868 0.0000000 2.8347018 2.6754056 2.1299174 2.4387518 2.7877266 2.8037355 2.6958368 2.6473372 2.7121337 2.6792068 2.7075574 3.7887695 3.4713686 3.3301618 3.2848630 3.3727714 4.9920983 5.7641739 5.0260077 5.1448747 4.3890188 
Emue_Em0009g1304a.t1                               3.7312833 2.2222214 2.3625147 2.4851413 2.6674758 2.3881405 2.5537813 2.4347437 2.7740562 2.6139477 2.7368349 2.8925931 2.7154397 2.7540146 2.9208947 2.0271275 2.5114049 2.4866312 2.5729035 2.4860011 2.7173532 3.5129195 2.8690876 3.0020424 3.2458040 2.8496288 2.0723843 1.9202801 2.3642363 2.5141941 2.7261770 1.9120780 2.5603834 2.5650500 2.7822574 2.5107529 2.8347018 0.0000000 0.2592756 1.0147633 1.8335678 2.7376722 2.7199060 2.8381250 2.7849168 2.7484148 2.7553925 2.7197153 2.1864962 1.8147095 3.3327991 3.1463991 3.2263909 4.7144233 5.2818180 5.3723762 4.6046915 2.9274163 
Spolac_c96252_g1_i1_m.12811c105766-g1              3.1872187 2.1742979 2.1038962 2.1204131 2.0430162 2.2229084 2.2182485 1.7991501 2.1025331 2.0506001 2.1481277 2.2357465 2.1589845 2.1676561 2.3471260 2.0079336 2.0424566 1.9382097 2.4078431 2.1585602 2.6506760 3.7954857 2.7302667 2.6053319 2.8189166 2.5502506 2.2378534 2.0754464 2.4477095 2.5030480 2.5381238 1.8737909 2.6497984 2.5983142 2.7608496 2.7187100 2.6754056 0.2592756 0.0000000 0.9237758 1.7978348 2.2996906 2.3124776 2.1545588 2.3063846 2.2575988 2.2541605 2.2986073 1.6162808 1.9101787 2.8811210 2.5387694 3.2022050 4.9404651 4.1917782 4.2683146 4.7804712 4.4927148 
Stycar_maker-SC_scaffold5849-snap-gene-0.35-mRNA-1 2.4762913 1.6888370 1.6509983 1.7313285 1.7852952 1.8545245 1.8404851 1.6957124 1.7592689 1.7175859 1.6592497 1.7464836 1.6849619 1.6614862 1.7826269 1.6983202 1.6987380 1.5687210 1.8838804 1.6201422 2.0884038 3.1260333 1.6419312 1.6513777 1.9576782 2.0060476 2.3442237 2.1135509 1.9462736 1.9758141 1.9005410 1.9759409 2.0166634 1.9319819 2.1734297 2.2044857 2.1299174 1.0147633 0.9237758 0.0000000 1.6264818 2.0777915 2.0597723 2.2174733 2.2339350 2.2092662 2.2066689 2.1798446 1.3197338 1.1630341 1.8392387 2.3374559 2.8839289 3.5931439 3.9533282 3.2315104 4.0172193 3.8000353 
Plespi_Pspi_scaffold16668_01                       2.2767253 1.8833700 1.8573003 1.9618946 2.1272742 2.3600819 2.4153157 2.3273703 2.2640266 2.2620018 2.2309538 2.3251488 2.2592978 2.2824005 2.2690918 1.9047607 2.0603015 2.0617995 2.2998223 2.1349940 2.3460887 4.9945220 1.9232749 2.1042382 2.3149260 2.0121776 1.8937396 1.8937396 1.9986039 2.0602783 1.9691211 1.8211556 2.3020841 2.2838436 2.6260175 2.5282286 2.4387518 1.8335678 1.7978348 1.6264818 0.0000000 2.2406229 2.3469727 2.4461280 2.4695473 2.4154925 2.4077524 2.4411808 1.9899001 8.9999988 2.2923559 2.2545813 3.0349276 5.1014860 4.8105035 4.3984755 4.8721305 5.1384116 
Tadh_TriadT60484                                   3.3018457 2.1455791 2.0583290 2.2775906 1.9835756 1.7279591 1.7075375 1.7211441 2.0148433 1.8418521 1.9435368 2.1113522 2.0233877 2.1472397 2.4037774 1.8408611 2.2963688 2.4541933 2.2239664 2.2768540 2.4753941 3.2496849 1.8214318 2.5300146 2.9699603 2.7353858 2.2273663 2.0217062 2.1131788 2.3916020 2.7068155 1.8037072 2.5890084 2.5657164 2.7453853 2.2152974 2.7877266 2.7376722 2.2996906 2.0777915 2.2406229 0.0000000 0.0034235 0.3126843 0.3135727 0.3140805 0.3244376 0.2926320 3.1443248 2.9186864 2.5740331 2.7442703 2.6651027 4.3142573 4.7161950 4.5974225 4.7136881 3.3094105 
TrH2_TrispH2_002995-RA                             3.3013807 2.1969135 2.0973940 2.3335489 2.0043425 1.8265148 1.7607692 1.7730886 2.0705284 1.8769305 1.9956871 2.1722653 2.0710015 2.1940058 2.4554396 1.8623851 2.2962986 2.4654516 2.2777717 2.2780108 2.4882556 3.2469802 1.9421949 2.5923482 3.0233559 2.8021860 2.3785531 2.1530140 2.2022481 2.5445987 2.7553911 1.8401163 2.6563979 2.6324324 2.8180932 2.2513606 2.8037355 2.7199060 2.3124776 2.0597723 2.3469727 0.0034235 0.0000000 0.3183932 0.3188491 0.3176634 0.3288699 0.2994878 3.1459863 2.9186864 2.5866738 2.7646528 2.7192428 4.4525600 4.6940714 4.5759019 4.7997407 3.3064919 
HoiH06_mRNA1257                                    3.2291893 2.3164017 2.1777180 2.4290885 2.1001073 1.9302832 1.8358827 1.8591332 2.1771596 1.9527556 2.0543229 2.1707810 2.0988153 2.2739844 2.5104989 1.8491576 2.3211562 2.4881347 2.2737883 2.4372639 2.5947563 3.2947493 2.2436997 2.6771792 3.0013835 2.9661761 2.5678270 2.3741563 2.2364419 2.6508881 2.8971327 1.8626335 2.7488812 2.7086158 2.7896683 2.3281183 2.6958368 2.8381250 2.1545588 2.2174733 2.4461280 0.3126843 0.3183932 0.0000000 0.0560188 0.1461736 0.1473162 0.2079900 3.1153351 2.8969508 2.6678565 2.9857276 2.9314769 4.6226871 4.7303926 4.6750944 5.2725350 3.0863599 
HoiH23_PlH23_004886-RA                             3.1744502 2.2061422 2.0732985 2.2606689 2.0574190 1.8383393 1.8697306 1.8275239 2.1766962 1.9572032 2.0443399 2.1985626 2.1012421 2.2559874 2.5135961 1.9169193 2.3192397 2.5081607 2.2211680 2.3266308 2.5244114 3.0659848 2.1952586 2.6013901 2.9106148 2.8582133 2.5455342 2.3036310 2.2144369 2.5508061 2.8367902 1.9563239 2.7432785 2.7022698 2.7766392 2.3128728 2.6473372 2.7849168 2.3063846 2.2339350 2.4695473 0.3135727 0.3188491 0.0560188 0.0000000 0.1400406 0.1407307 0.2000111 3.0947489 3.0558657 2.5690469 2.8771565 2.9173533 4.4698771 4.6521003 4.5639494 4.9314834 3.2266018 
Hhon_g03901.t1                                     3.1328281 2.1120115 2.0880975 2.3224572 2.0493572 1.8212258 1.8638747 1.8299905 2.1203562 1.9004733 1.9582782 2.1186838 2.0437015 2.2541981 2.5123013 1.8599897 2.2947462 2.5126847 2.1884779 2.3061351 2.4592682 3.0647446 2.1441737 2.5478602 2.9303368 2.8505645 2.5229195 2.2882597 2.1704121 2.5195309 2.8574984 1.8408570 2.6773724 2.6583745 2.7488052 2.2793502 2.7121337 2.7484148 2.2575988 2.2092662 2.4154925 0.3140805 0.3176634 0.1461736 0.1400406 0.0000000 0.0103796 0.2117899 3.0926831 3.1884729 2.5891058 2.7699595 2.8795768 4.5529912 4.6574497 4.6030066 4.9467442 3.2321921 
HoiH04_mRNA24                                      3.1236353 2.0806869 2.0449468 2.2671874 2.0305620 1.8039779 1.8488903 1.8121179 2.1282080 1.8893993 1.9493875 2.1198399 2.0357919 2.1981860 2.4446194 1.8601750 2.2889736 2.5048512 2.1487192 2.2457405 2.4280845 3.0538790 2.1392593 2.5109349 2.8937769 2.8411384 2.5229195 2.2882597 2.1650709 2.5377303 2.8500582 1.8716388 2.5983104 2.5801475 2.7417835 2.2608222 2.6792068 2.7553925 2.2541605 2.2066689 2.4077524 0.3244376 0.3288699 0.1473162 0.1407307 0.0103796 0.0000000 0.2201646 3.0625017 3.1720700 2.5393808 2.7345564 2.8695617 4.5434580 4.6231912 4.5512141 4.9429773 3.2228622 
HoiH11_mRNA2067                                    3.1483877 2.1839491 2.1961201 2.3399276 2.0260107 1.9995328 1.8709434 1.8698475 2.1868251 1.9651389 2.0609869 2.2518379 2.1239613 2.2701622 2.5345014 1.9095060 2.2697926 2.4767374 2.3497457 2.3454019 2.5368466 3.2355151 2.1930576 2.6609205 2.9502009 2.8874726 2.5486919 2.3058041 2.2394972 2.5904737 2.8987282 1.9841988 2.6712905 2.5917971 2.8278754 2.3596195 2.7075574 2.7197153 2.2986073 2.1798446 2.4411808 0.2926320 0.2994878 0.2079900 0.2000111 0.2117899 0.2201646 0.0000000 3.1426932 3.2310224 2.5546022 2.8163710 2.9637372 4.6759240 4.5019986 4.4345047 4.9369576 3.2114955 
Aque_Aqu2.1.44672_001                              4.1240938 2.8517991 2.7666021 2.8325885 3.1107659 2.4439830 3.0197533 2.7796542 3.1444919 3.0674167 3.0690398 3.2131849 3.0834084 3.0986132 3.3853244 2.0670639 2.7161478 2.8648528 2.9490096 2.9584100 3.3156182 4.7270017 3.0300149 3.7215496 3.7174261 3.3406805 2.4100145 2.2912633 2.6361915 2.7313304 3.2966038 1.9825890 3.4072409 3.2828590 2.9511607 2.9701857 3.7887695 2.1864962 1.6162808 1.3197338 1.9899001 3.1443248 3.1459863 3.1153351 3.0947489 3.0926831 3.0625017 3.1426932 0.0000000 0.5317619 3.5578045 3.5220736 3.0286514 4.5305841 5.5394648 5.3722710 5.4323397 3.4749502 
Halamb_c56864_g1_i1m.44504                         3.0481146 2.2682773 2.4466198 2.4557271 2.3433683 2.2832169 2.5440785 2.1644645 2.3353864 2.4997284 2.6120395 2.4444960 2.5259679 2.5939885 2.7063435 3.0277218 2.1987022 2.2996909 2.5243999 2.1327882 2.9309699 3.6832391 3.7387108 3.4727550 3.6193982 3.5218537 8.9999988 3.4038030 3.3071218 4.0762959 3.2633477 0.0000010 3.3329150 3.0895294 3.1179229 3.4939764 3.4713686 1.8147095 1.9101787 1.1630341 8.9999988 2.9186864 2.9186864 2.8969508 3.0558657 3.1884729 3.1720700 3.2310224 0.5317619 0.0000000 2.9261556 3.3933541 3.1165289 4.8751123 4.6529491 4.1404511 4.8910130 5.4112288 
Chem_TCONS_00056972                                3.6591741 2.5054838 2.4540271 2.4371312 2.2722006 1.7019402 2.0405307 2.0899816 2.3433562 2.3046199 2.3025895 2.3623625 2.2528075 2.3734173 2.6015520 2.4384206 2.8661683 2.8451707 2.6436446 2.5674284 2.8234762 2.9398162 1.9177939 2.3314960 2.9894488 3.2290164 2.5203889 2.3328121 2.5028190 2.6846911 3.0800511 1.6102371 2.9586025 2.9445892 2.8649778 2.7846939 3.3301618 3.3327991 2.8811210 1.8392387 2.2923559 2.5740331 2.5866738 2.6678565 2.5690469 2.5891058 2.5393808 2.5546022 3.5578045 2.9261556 0.0000000 2.6959055 2.1596699 4.3610601 5.0767115 5.1556799 5.1949648 4.2295344 
Morvir_scaffold102.g37.t1                          3.5574217 2.5286565 2.5128413 2.5688031 2.5424999 2.0227270 2.3451731 2.3917603 2.6830731 2.4044402 2.4568430 2.6409776 2.5676165 2.5787938 3.0081595 2.5123641 3.0358032 2.8776499 2.9300051 2.6859488 2.8385754 3.1015810 2.2445974 2.5128442 3.0196996 3.3180795 2.3174616 2.2391816 2.5223458 2.5877281 3.3060116 2.3138909 3.0988445 3.0107127 2.8530677 2.7215126 3.2848630 3.1463991 2.5387694 2.3374559 2.2545813 2.7442703 2.7646528 2.9857276 2.8771565 2.7699595 2.7345564 2.8163710 3.5220736 3.3933541 2.6959055 0.0000000 2.7319248 5.1537954 5.8720646 5.4827655 5.2758324 3.8419151 
Hvul_g4963_1                                       3.2842079 2.4752161 2.5923953 2.4187527 2.4103730 2.4375876 2.7747105 2.6002456 2.7765816 2.6606957 2.5751591 2.7375829 2.7433003 2.5535820 2.7623640 2.5669214 2.9061638 2.8868068 2.7294232 2.5905036 3.0318020 6.5473507 2.7698407 2.7898804 2.9755974 3.3472586 3.1753915 2.9614553 3.1439713 3.1445291 3.0939639 2.0480132 3.3018934 3.2632508 3.5905156 3.4519154 3.3727714 3.2263909 3.2022050 2.8839289 3.0349276 2.6651027 2.7192428 2.9314769 2.9173533 2.8795768 2.8695617 2.9637372 3.0286514 3.1165289 2.1596699 2.7319248 0.0000000 5.0240733 4.8190286 4.4889284 4.3934906 5.4532068 
Scil_scict018557.1                                 4.1343756 4.2063863 3.8547135 4.0502663 4.2473807 4.3240893 3.8491854 4.2532704 4.2436921 4.3280696 4.2230615 3.8559418 4.0723403 3.9830158 4.0245900 4.1216574 4.4911287 3.9437649 4.3966318 4.2301945 4.2741655 7.7680834 4.4461876 4.5568976 4.2341043 4.7192882 5.4676993 4.7705232 4.5365982 4.7656061 4.9891854 4.6735571 4.3487291 4.3236174 4.8893699 5.2054939 4.9920983 4.7144233 4.9404651 3.5931439 5.1014860 4.3142573 4.4525600 4.6226871 4.4698771 4.5529912 4.5434580 4.6759240 4.5305841 4.8751123 4.3610601 5.1537954 5.0240733 0.0000000 1.3932305 1.6916528 1.6390000 6.9827386 
Gracom_Gcom_scaffold14775_01                       5.0751732 4.7620169 4.6913134 4.9014769 5.0968664 4.2795624 4.0034454 4.5305808 4.5632158 4.6732162 4.8153436 4.6979698 4.8624587 4.6419329 5.5401175 3.9279126 4.6757132 4.7042337 4.9583045 4.5959171 5.1049575 5.7640659 4.3837963 5.3697751 5.1860571 5.5687686 4.8018658 4.0502424 4.4033041 4.4914289 5.6809476 3.6720952 5.5503037 5.4340456 4.6979505 4.6959075 5.7641739 5.2818180 4.1917782 3.9533282 4.8105035 4.7161950 4.6940714 4.7303926 4.6521003 4.6574497 4.6231912 4.5019986 5.5394648 4.6529491 5.0767115 5.8720646 4.8190286 1.3932305 0.0000000 2.0089056 2.0309947 6.7872377 
Lcom_lcpid16396                                    5.2367753 4.9950494 4.9179435 4.7933594 4.7626661 4.0644293 4.0245665 4.5464960 4.7323618 4.6520571 4.6296849 4.7761648 4.8170704 4.6568502 5.3101701 3.9826960 5.3939778 4.9962376 4.7060995 4.6853263 5.0537881 7.0196554 4.0559042 5.0655631 5.0126289 5.1748315 4.1184965 3.4920378 3.8898909 3.8741233 5.1966946 3.2948534 4.8664828 4.8455744 4.1601856 4.0138523 5.0260077 5.3723762 4.2683146 3.2315104 4.3984755 4.5974225 4.5759019 4.6750944 4.5639494 4.6030066 4.5512141 4.4345047 5.3722710 4.1404511 5.1556799 5.4827655 4.4889284 1.6916528 2.0089056 0.0000000 2.4566488 6.1707621 
Leuniv_Lniv_C814354_01                             5.4049339 4.3361968 4.8840087 4.4975729 4.2831406 4.1049073 4.1086493 4.5300959 4.1348322 4.5679379 4.4565174 4.4383398 4.4765965 4.8383890 5.3605462 4.2194690 4.5062243 4.7410065 4.6638698 4.4939505 4.5213456 5.2629745 4.6782664 4.6211728 5.0457355 5.5307668 5.4946007 4.8963306 4.4169201 5.2448368 5.6825186 4.6114885 4.7398912 4.6891184 5.0477681 4.8812186 5.1448747 4.6046915 4.7804712 4.0172193 4.8721305 4.7136881 4.7997407 5.2725350 4.9314834 4.9467442 4.9429773 4.9369576 5.4323397 4.8910130 5.1949648 5.2758324 4.3934906 1.6390000 2.0309947 2.4566488 0.0000000 5.9161905 
Tetwil_g25333.t2                                   4.8857520 3.0695068 3.3296640 3.1356240 3.2652514 3.5536431 3.4233786 3.6022553 4.1526073 2.7704291 3.0483904 2.8502777 2.8541841 3.5057918 4.3211440 4.7719191 3.6539373 3.3378160 3.3242915 3.5678460 3.5862097 3.1437644 4.3083587 3.6677591 5.2750004 3.6209286 4.7399202 4.1708565 4.4762440 5.4309173 3.7983779 4.5676005 3.8399749 3.7911694 5.4392176 5.1371081 4.3890188 2.9274163 4.4927148 3.8000353 5.1384116 3.3094105 3.3064919 3.0863599 3.2266018 3.2321921 3.2228622 3.2114955 3.4749502 5.4112288 4.2295344 3.8419151 5.4532068 6.9827386 6.7872377 6.1707621 5.9161905 0.0000000 
