30
Bralan_BLAG01000604_1                   0.0000000 1.6361366 1.8423895 2.3290082 2.3360103 3.0622838 2.7152285 2.0359776 2.5766056 2.3917350 2.5283209 1.9828560 2.4017111 1.6732105 3.1025893 3.2707059 2.7838209 2.9165674 2.6391677 2.6423773 2.6084656 2.0245478 2.2330131 2.6684660 2.5631418 2.3903287 2.4839270 2.5681358 2.5806256 2.3435563 
Spur_XM_030984109.1                     1.6361366 0.0000000 1.6171409 2.3375851 2.0469193 2.7048279 2.3193732 1.8895886 1.7520613 1.9200989 1.8040079 1.9622466 1.8690456 1.2357887 2.6326696 3.3951736 2.7860292 2.7193395 2.5286682 2.7412650 2.3893236 1.6673032 1.7216411 2.4931204 2.3463233 2.4951183 2.4918997 2.5596327 2.5672941 2.9010763 
Tetwil_g19045.t1                        1.8423895 1.6171409 0.0000000 0.8017135 0.9942114 1.4805310 1.0361364 1.5102851 1.3644608 1.5524929 1.6438099 1.1645253 1.9044054 1.2583552 2.6135418 4.5714560 2.6788914 2.3091854 2.4851070 2.2280578 2.1235746 1.8747015 1.6128437 2.3150606 2.1849825 1.7716793 2.0269209 2.1756782 2.1756782 1.7651175 
Spolac_c103836_g2_i3_m.36458c103836-g2  2.3290082 2.3375851 0.8017135 0.0000000 1.4516357 1.9793386 1.9301465 2.1816312 2.1324028 2.5659356 2.3028483 1.4226412 2.5996706 2.0515220 3.0165335 3.3381243 2.9447584 2.8127236 2.8140390 2.8529705 2.6457026 2.4238873 2.3251043 2.9036384 2.7411387 2.5723024 2.6755105 2.7580435 2.7380532 2.4773735 
Plespi_Pspi_scaffold20096_01            2.3360103 2.0469193 0.9942114 1.4516357 0.0000000 2.7152547 2.3389380 1.9173743 2.2297130 2.4338905 2.1073981 1.8601349 2.6991539 2.1438933 2.9236003 2.8484583 2.6078376 2.6528591 2.6406659 2.5726029 2.2565247 2.3974762 1.9619617 2.7850025 2.6648318 2.4574760 2.6212086 2.7164373 2.6912543 3.0523443 
Aque_Aqu2.1.23914_001                   3.0622838 2.7048279 1.4805310 1.9793386 2.7152547 0.0000000 0.6996307 1.8370525 2.7225713 2.8612332 2.8355595 1.7089991 3.0656918 2.6143636 3.4647331 4.5939806 3.6438666 3.4756110 3.2998820 3.6110207 3.4270574 2.8877415 2.3238901 3.2069462 2.9871907 2.9380918 2.9874101 3.0270284 3.0427493 4.2874591 
Halamb_c46594_g4_i2mm.1998              2.7152285 2.3193732 1.0361364 1.9301465 2.3389380 0.6996307 0.0000000 1.8681943 2.2169486 2.4474974 2.5326958 1.7269381 3.0706554 2.3324173 2.9167736 4.0016522 2.9232576 2.9300278 2.7261192 3.2803115 3.0457311 2.6757881 2.3243546 2.9706920 2.8550324 2.8808658 2.9359476 2.9069256 2.9224834 3.8921221 
Scil_scict008601.1                      2.0359776 1.8895886 1.5102851 2.1816312 1.9173743 1.8370525 1.8681943 0.0000000 0.5429890 0.4992342 0.4504681 0.8544149 2.1496518 1.7863941 2.7422970 2.1165892 2.5937917 2.6175396 2.3755635 2.5794121 2.2487859 2.2211223 2.1543533 2.7802541 2.6343337 2.2621228 2.4752748 2.4231476 2.4433950 4.2043000 
Lcom_lcpid70026                         2.5766056 1.7520613 1.3644608 2.1324028 2.2297130 2.7225713 2.2169486 0.5429890 0.0000000 0.5386643 0.5931041 0.9560115 2.1312858 1.9065691 2.9160955 2.9737696 2.7964625 2.9283478 2.7766714 2.6808141 2.4079626 1.9350533 2.4280205 2.7462773 2.7025010 2.4260530 2.5186720 2.6860815 2.6907132 2.6103599 
Leuniv_Lniv_scaffold25629_01            2.3917350 1.9200989 1.5524929 2.5659356 2.4338905 2.8612332 2.4474974 0.4992342 0.5386643 0.0000000 0.5162316 1.1069412 2.2922676 2.1035927 2.8855502 3.0858571 2.8207317 3.0364684 2.7411316 2.8499572 2.4586360 2.1639186 2.5352765 2.6612537 2.5101050 2.4656611 2.6377768 2.7451170 2.7556039 2.6354508 
Gracom_Gcom_scaffold1113_01             2.5283209 1.8040079 1.6438099 2.3028483 2.1073981 2.8355595 2.5326958 0.4504681 0.5931041 0.5162316 0.0000000 1.1540848 2.4523107 1.9772025 2.7941628 2.9049038 2.7609671 2.8646328 2.5831427 2.7437502 2.4103004 2.1130634 2.4500674 2.8886266 2.6945545 2.6461493 2.8207487 2.9110588 2.9257967 2.8072899 
Clacor_Ccor_scaffold13632_01            1.9828560 1.9622466 1.1645253 1.4226412 1.8601349 1.7089991 1.7269381 0.8544149 0.9560115 1.1069412 1.1540848 0.0000000 2.2991077 1.4993814 2.6959625 2.7797289 2.5011452 2.5799165 2.2743776 2.4093822 2.1016885 2.0868638 1.9402478 2.4939285 2.4991235 1.9035955 2.1373972 2.2916735 2.3081507 2.8606395 
Cgig_XM_011453604.3                     2.4017111 1.8690456 1.9044054 2.5996706 2.6991539 3.0656918 3.0706554 2.1496518 2.1312858 2.2922676 2.4523107 2.2991077 0.0000000 2.1989171 3.2026362 3.3831860 3.0627794 2.9893453 3.1437124 2.8148033 2.8700672 1.8830699 2.1266327 3.2766506 3.0853122 3.1510761 3.2017801 3.2359755 3.2400444 3.4717917 
Skow_XM_006817048.1                     1.6732105 1.2357887 1.2583552 2.0515220 2.1438933 2.6143636 2.3324173 1.7863941 1.9065691 2.1035927 1.9772025 1.4993814 2.1989171 0.0000000 2.8023719 3.6165278 2.6918463 2.7069826 2.5226998 2.5603353 2.5079111 1.6923952 1.7066177 2.8230658 2.5306352 2.5133981 2.5900772 2.6778220 2.6778220 3.2685041 
Mlei_ML0441.g17.i1                      3.1025893 2.6326696 2.6135418 3.0165335 2.9236003 3.4647331 2.9167736 2.7422970 2.9160955 2.8855502 2.7941628 2.6959625 3.2026362 2.8023719 0.0000000 0.6314455 0.4068123 0.3785537 0.4951066 0.7172148 1.0741796 3.0514812 3.0688952 3.4346135 3.2048321 3.1255691 3.3208373 3.1577534 3.1928243 4.1253202 
Bolinf_Binf_sb1303252                   3.2707059 3.3951736 4.5714560 3.3381243 2.8484583 4.5939806 4.0016522 2.1165892 2.9737696 3.0858571 2.9049038 2.7797289 3.3831860 3.6165278 0.6314455 0.0000000 0.0000010 0.5766930 0.6459054 0.9382763 1.0283082 3.5469902 2.9640816 3.5024727 2.9217005 3.3606158 3.2124144 3.2399895 3.2399895 4.1679995 
Mertsp_Mesp_sb529643                    2.7838209 2.7860292 2.6788914 2.9447584 2.6078376 3.6438666 2.9232576 2.5937917 2.7964625 2.8207317 2.7609671 2.5011452 3.0627794 2.6918463 0.4068123 0.0000010 0.0000000 0.3768573 0.5022049 0.7007115 0.8758395 3.0005901 2.8273841 3.3057459 2.9891694 2.8844008 3.0806842 3.0627858 3.0593802 5.0221114 
Beraby_Baby_sb324907                    2.9165674 2.7193395 2.3091854 2.8127236 2.6528591 3.4756110 2.9300278 2.6175396 2.9283478 3.0364684 2.8646328 2.5799165 2.9893453 2.7069826 0.3785537 0.5766930 0.3768573 0.0000000 0.5401189 0.7263311 0.9503009 3.0354861 2.6661960 3.3212768 3.0314833 2.9688720 3.1084245 3.0247295 3.0283902 4.2861956 
Drygla_Dgla_sb286010                    2.6391677 2.5286682 2.4851070 2.8140390 2.6406659 3.2998820 2.7261192 2.3755635 2.7766714 2.7411316 2.5831427 2.2743776 3.1437124 2.5226998 0.4951066 0.6459054 0.5022049 0.5401189 0.0000000 0.7691566 0.9562463 2.7211554 2.7709374 3.2839805 3.0374009 2.8448986 3.1533327 3.0735275 3.0915103 4.5324934 
Horcal_Hcv1.av93.c2.g1109.i1            2.6423773 2.7412650 2.2280578 2.8529705 2.5726029 3.6110207 3.2803115 2.5794121 2.6808141 2.8499572 2.7437502 2.4093822 2.8148033 2.5603353 0.7172148 0.9382763 0.7007115 0.7263311 0.7691566 0.0000000 0.9821371 2.9144388 2.9603703 3.0094535 2.8320716 2.5710895 2.8129857 2.8271870 2.8260880 3.2060516 
Lampan_Lpan_4751_01                     2.6084656 2.3893236 2.1235746 2.6457026 2.2565247 3.4270574 3.0457311 2.2487859 2.4079626 2.4586360 2.4103004 2.1016885 2.8700672 2.5079111 1.0741796 1.0283082 0.8758395 0.9503009 0.9562463 0.9821371 0.0000000 2.8486908 2.8151668 2.7739451 2.5025539 2.1476445 2.3216439 2.4883985 2.4917817 3.1443029 
Acagra_model.g25473.t1                  2.0245478 1.6673032 1.8747015 2.4238873 2.3974762 2.8877415 2.6757881 2.2211223 1.9350533 2.1639186 2.1130634 2.0868638 1.8830699 1.6923952 3.0514812 3.5469902 3.0005901 3.0354861 2.7211554 2.9144388 2.8486908 0.0000000 2.2010647 2.7621170 2.6681231 2.6959115 2.7795562 2.7363481 2.7438821 2.5312913 
Ctel_gnl_WGS_AMQN_CAPTEDRAFT_mRNA218782 2.2330131 1.7216411 1.6128437 2.3251043 1.9619617 2.3238901 2.3243546 2.1543533 2.4280205 2.5352765 2.4500674 1.9402478 2.1266327 1.7066177 3.0688952 2.9640816 2.8273841 2.6661960 2.7709374 2.9603703 2.8151668 2.2010647 0.0000000 2.9417612 2.6357869 2.4713347 2.4394582 2.7442685 2.7542908 3.8941507 
Tadh_TriadT60529                        2.6684660 2.4931204 2.3150606 2.9036384 2.7850025 3.2069462 2.9706920 2.7802541 2.7462773 2.6612537 2.8886266 2.4939285 3.2766506 2.8230658 3.4346135 3.5024727 3.3057459 3.3212768 3.2839805 3.0094535 2.7739451 2.7621170 2.9417612 0.0000000 0.0724206 0.5318033 0.5636787 0.6006509 0.6028576 0.4253342 
TrH2_TrispH2_006182-RA                  2.5631418 2.3463233 2.1849825 2.7411387 2.6648318 2.9871907 2.8550324 2.6343337 2.7025010 2.5101050 2.6945545 2.4991235 3.0853122 2.5306352 3.2048321 2.9217005 2.9891694 3.0314833 3.0374009 2.8320716 2.5025539 2.6681231 2.6357869 0.0724206 0.0000000 0.4056758 0.4447545 0.4851436 0.4869424 0.4457586 
HoiH06_mRNA993                          2.3903287 2.4951183 1.7716793 2.5723024 2.4574760 2.9380918 2.8808658 2.2621228 2.4260530 2.4656611 2.6461493 1.9035955 3.1510761 2.5133981 3.1255691 3.3606158 2.8844008 2.9688720 2.8448986 2.5710895 2.1476445 2.6959115 2.4713347 0.5318033 0.4056758 0.0000000 0.0962648 0.2422869 0.2473524 0.2885073 
HoiH23_PlH23_007207-RA                  2.4839270 2.4918997 2.0269209 2.6755105 2.6212086 2.9874101 2.9359476 2.4752748 2.5186720 2.6377768 2.8207487 2.1373972 3.2017801 2.5900772 3.3208373 3.2124144 3.0806842 3.1084245 3.1533327 2.8129857 2.3216439 2.7795562 2.4394582 0.5636787 0.4447545 0.0962648 0.0000000 0.2380988 0.2381368 0.2999417 
Hhon_g10575.t1                          2.5681358 2.5596327 2.1756782 2.7580435 2.7164373 3.0270284 2.9069256 2.4231476 2.6860815 2.7451170 2.9110588 2.2916735 3.2359755 2.6778220 3.1577534 3.2399895 3.0627858 3.0247295 3.0735275 2.8271870 2.4883985 2.7363481 2.7442685 0.6006509 0.4851436 0.2422869 0.2380988 0.0000000 0.0061157 0.2705566 
HoiH04_mRNA63                           2.5806256 2.5672941 2.1756782 2.7380532 2.6912543 3.0427493 2.9224834 2.4433950 2.6907132 2.7556039 2.9257967 2.3081507 3.2400444 2.6778220 3.1928243 3.2399895 3.0593802 3.0283902 3.0915103 2.8260880 2.4917817 2.7438821 2.7542908 0.6028576 0.4869424 0.2473524 0.2381368 0.0061157 0.0000000 0.2705566 
HoiH11_mRNA5231                         2.3435563 2.9010763 1.7651175 2.4773735 3.0523443 4.2874591 3.8921221 4.2043000 2.6103599 2.6354508 2.8072899 2.8606395 3.4717917 3.2685041 4.1253202 4.1679995 5.0221114 4.2861956 4.5324934 3.2060516 3.1443029 2.5312913 3.8941507 0.4253342 0.4457586 0.2885073 0.2999417 0.2705566 0.2705566 0.0000000 
