55
Hsap_ENST00000537686                                   0.0000000 1.1813770 1.1919683 1.2679730 1.1339938 1.3008023 1.3528769 1.6268525 1.8131251 1.8979476 1.7725549 1.8577501 1.7240737 1.9389841 1.6589571 1.9113074 1.8972831 1.8741046 1.7946919 1.7505744 1.9421013 2.3144498 1.9305942 2.1557285 2.6367090 2.1560387 2.4044385 2.2994821 2.3265320 2.5685443 1.8270449 1.9656991 1.9294746 2.2037774 2.0467705 2.0101591 1.9663434 2.2864741 2.2864741 2.2288832 2.2436811 2.1828949 2.2479865 2.2477601 1.9241345 2.1191013 3.1270871 2.2406922 2.8689531 2.9370198 3.2521544 3.2640333 2.9606641 3.6372796 3.5407284 
Bralan_BLAG09001094_1                                  1.1813770 0.0000000 0.9279113 1.2157455 1.0608535 1.1904103 1.2474194 1.5532723 1.7646083 1.7195415 1.8941365 1.9362029 1.7563332 1.7918036 1.6550031 1.8128782 1.7855415 1.7169022 1.7046009 1.8425910 1.9787219 2.3685842 1.8045907 1.9233329 2.1312778 1.9329422 2.0591320 2.0040121 2.1135538 2.6254779 1.8009373 2.1280140 2.1642190 2.1700861 2.3215418 1.8888054 1.9460876 2.3424185 2.3367619 2.2271979 2.2807952 2.2102353 2.4126294 2.3224539 1.8440039 1.9922207 3.4542690 2.4277871 3.0103668 3.3329943 3.3176623 3.3384423 3.1961926 3.7445055 3.5975071 
Skow_XM_006824365.1                                    1.1919683 0.9279113 0.0000000 1.1720337 1.0256473 1.2209612 1.0943659 1.5834972 1.8369289 1.6463379 1.7193824 1.8090106 1.5742234 1.6724348 1.5680350 1.6408229 2.0004965 1.6943214 1.6629663 1.7887107 1.9403005 2.3778159 1.9710582 1.9522645 2.4816217 2.0164009 2.1765001 2.3352768 2.0596671 2.4672307 1.5187836 1.8967408 1.8539908 2.1507941 2.1489573 1.8499843 1.8359624 2.2822691 2.2897975 2.2518067 2.2781848 2.2569805 2.3648104 2.3345604 2.0509769 2.0393051 2.8838970 2.4027032 2.5329785 2.7254609 3.0657402 3.0437045 3.2771995 3.8576948 3.7731246 
Cgig_XM_034458115.1                                    1.2679730 1.2157455 1.1720337 0.0000000 0.7556043 0.9280258 1.1776162 1.3347334 1.7243881 1.7511587 1.7798056 1.8287672 1.6482137 1.7187537 1.5661534 1.7423225 1.7476010 1.7920923 1.7256565 1.8358047 1.8805942 2.1258407 1.8130228 1.7899328 2.4745581 1.9343182 2.2102249 2.1679488 2.2533229 2.2242347 1.7982020 1.9640054 1.8908993 2.0683490 2.0861872 1.9093704 2.0507118 2.1767769 2.1900844 2.1381407 2.1339566 2.1544250 2.2191831 2.1582321 1.7409871 1.8763153 3.3170507 2.2576272 2.6847814 3.1460677 3.4644026 3.4927890 3.3151973 3.6406287 3.1774182 
Acagra_model.g5140.t1                                  1.1339938 1.0608535 1.0256473 0.7556043 0.0000000 0.9901999 1.1316063 1.4284229 1.6953819 1.5963086 1.6717647 1.7342547 1.6098680 1.6227857 1.5707842 1.5608614 1.8541104 1.8377927 1.7823604 1.6446320 1.8581017 2.2581241 1.7734061 1.5778403 2.2134879 1.8988699 2.0610060 2.0878709 2.3176154 2.5811732 1.4102922 1.8544960 1.9819771 2.1241369 2.0003261 1.8655939 2.0134103 2.0108966 2.0263261 2.0117052 2.0570236 2.0152801 2.0609821 2.1117389 1.7166460 1.9462361 3.0420510 2.2503374 2.5450889 3.0346792 3.1134513 3.0665867 2.9645355 3.2801779 3.3206992 
Ctel_gnl_WGS_AMQN_CAPTEDRAFT_mRNA52512                 1.3008023 1.1904103 1.2209612 0.9280258 0.9901999 0.0000000 1.2841994 1.4906045 1.7918006 1.9349346 1.7504030 1.9233506 1.8340120 1.9154442 1.7881407 1.9178552 1.9833408 1.9195954 1.7969205 1.9657469 2.1457236 2.6807050 2.1577764 2.0030249 2.3797659 1.7900098 2.1287306 2.1300419 2.5597116 2.4116763 1.8839328 2.0234136 2.0109089 2.1324656 2.1044869 2.0762801 1.9974499 2.2659389 2.2594020 2.2119705 2.2737631 2.3497220 2.5363720 2.2414507 1.8162411 1.9984918 3.3513526 2.6206245 2.7989936 3.0987231 3.5811831 3.6145126 3.3188431 3.6477482 3.6593768 
Spur_XM_030983953.1                                    1.3528769 1.2474194 1.0943659 1.1776162 1.1316063 1.2841994 0.0000000 1.6119532 1.8430148 1.8210117 1.6618610 1.7434907 1.7002321 1.6566362 1.5231071 1.6510154 1.8365544 1.7861455 1.8288110 1.8496584 1.8744399 2.2554470 1.8878618 2.0883566 2.5259188 1.9890142 2.2563775 2.0527247 2.1138328 2.4261618 1.8273623 1.9719741 2.0064192 2.1643154 2.1371600 2.0049853 2.0824259 2.2264509 2.2341948 2.1856181 2.2204126 2.2707746 2.4103606 2.3502797 1.9095844 2.1713993 3.5008546 2.4879582 2.6786779 3.3264951 3.5246789 3.5422642 3.9333461 4.0996364 3.5018150 
Cscu_XM_023371765.1                                    1.6268525 1.5532723 1.5834972 1.3347334 1.4284229 1.4906045 1.6119532 0.0000000 2.0806788 1.9863772 2.1026236 2.1380650 1.9974582 1.9635721 2.0350546 1.9998952 2.0894729 1.8751778 2.0559254 2.0177709 2.1460998 2.4673053 1.9724834 2.1604065 2.7833477 2.1269567 2.6057504 2.6096197 2.1700973 2.5302969 1.9304476 2.1657984 2.2433967 2.3095543 2.2641950 2.0053157 2.2231376 2.4509215 2.4506203 2.3401179 2.3498016 2.4521493 2.4182333 2.5254916 1.7251981 1.9704413 3.5512594 2.8194447 2.8232833 3.3208000 3.8136727 3.7533526 4.2556576 4.6327720 3.7985526 
Exapal_XM_021058612.2                                  1.8131251 1.7646083 1.8369289 1.7243881 1.6953819 1.7918006 1.8430148 2.0806788 0.0000000 0.7296010 1.0657446 1.1048563 1.0073637 0.9592580 0.9732698 1.0083539 2.2554412 2.1812365 2.1201143 2.3609484 2.2135999 2.3821697 2.0315532 2.1404022 2.5962953 2.1987048 2.4216212 2.2195183 2.5138675 2.3741289 2.0134329 2.1964611 2.1248570 1.9856461 2.1636505 2.2678043 2.3678731 2.5276369 2.5208368 2.3744874 2.3911449 2.4223544 2.3709989 2.3657970 2.2100591 2.5815547 3.8378125 2.9874359 3.1225474 3.5678026 3.6474657 3.5959520 3.8942895 3.7952007 3.5107024 
Nvec_v1g240781                                         1.8979476 1.7195415 1.6463379 1.7511587 1.5963086 1.9349346 1.8210117 1.9863772 0.7296010 0.0000000 1.0602152 1.0966304 1.0021386 1.0503059 0.9817567 1.0643592 1.9656164 1.9137327 1.8264543 2.4166393 2.2791653 2.5450791 2.1262407 1.8175282 2.4379131 2.0036058 2.3862338 2.2428868 2.3390120 2.4229028 1.7898767 2.0392277 2.1523167 2.0895526 2.0497909 2.2994805 2.0037246 2.4822903 2.4900604 2.3913983 2.4089847 2.5116805 2.4715070 2.4245497 2.3734951 2.4140133 3.7427319 2.7455461 3.0663263 3.7261055 3.6091501 3.5419226 4.3024464 4.1084861 3.4827354 
Adig_XM_015925160.1                                    1.7725549 1.8941365 1.7193824 1.7798056 1.6717647 1.7504030 1.6618610 2.1026236 1.0657446 1.0602152 0.0000000 0.0193539 0.2994294 0.3911618 0.3616289 0.4157635 1.9503073 1.8900178 1.8724558 2.1400306 1.9861322 1.9170278 1.9239606 1.5232743 2.2961480 1.6623945 2.1132333 2.0059511 2.1416070 2.5426516 1.6556173 2.1060115 2.0417879 2.0760614 2.0849689 2.1813461 1.9502486 2.1936845 2.2076686 2.1909730 2.1660344 2.1836204 2.1576212 2.1731582 2.1335343 2.3975099 3.7012834 2.6083689 3.0419037 3.8308563 3.5467087 3.4779250 4.1354731 4.2514700 3.4924879 
Amil_Amillepora14202-RA                                1.8577501 1.9362029 1.8090106 1.8287672 1.7342547 1.9233506 1.7434907 2.1380650 1.1048563 1.0966304 0.0193539 0.0000000 0.3232728 0.4325019 0.4025255 0.4503576 2.0350565 2.0146208 1.9802546 2.1097161 2.1565716 2.2985081 2.0508332 1.9237720 2.3840830 1.9350063 2.3221595 2.1536381 2.3299282 2.5868715 1.7618816 2.1850732 2.1158564 2.1248585 2.2782378 2.1853867 2.0746627 2.3451542 2.3589290 2.3828975 2.3743992 2.3381895 2.3650118 2.3633862 2.2484850 2.3151662 3.8518769 2.6550687 2.9107131 3.7671984 3.5747117 3.4894851 4.4886264 4.2060389 3.7740370 
Gfas_gfas1.m1.20306.m1                                 1.7240737 1.7563332 1.5742234 1.6482137 1.6098680 1.8340120 1.7002321 1.9974582 1.0073637 1.0021386 0.2994294 0.3232728 0.0000000 0.3313884 0.3174272 0.4037063 1.9937975 1.8830834 1.9617315 1.9775876 2.1078827 2.2393522 2.0131367 1.6435068 2.6165070 2.0071764 2.2701981 2.2077933 2.1030066 2.3816701 1.7622620 1.9660227 1.9493531 2.0139617 2.0983441 2.0520038 1.9269915 2.4306607 2.4415056 2.2692750 2.2373828 2.3159543 2.2993616 2.3904775 1.9895627 2.1865975 3.5245297 2.9810368 3.1648721 3.7935436 3.4281430 3.3945150 4.3067014 3.8273747 3.1547297 
Fspp_ffun1.m4.25424.m1                                 1.9389841 1.7918036 1.6724348 1.7187537 1.6227857 1.9154442 1.6566362 1.9635721 0.9592580 1.0503059 0.3911618 0.4325019 0.3313884 0.0000000 0.1825307 0.2611561 2.1654469 1.9452849 1.9777005 2.0270788 2.0326937 2.1342103 1.8835334 1.6590206 2.4761401 1.9500498 2.2261479 2.0990750 2.0708674 2.5413527 1.9346235 2.1337362 2.0092297 2.1708469 1.8314517 1.9526623 1.9105979 2.2101745 2.2224516 2.1786716 2.1481814 2.1788484 2.1667168 2.1471781 2.0154827 2.4634160 4.0239676 4.1779698 3.2959084 3.9408500 3.8198459 3.7344194 3.8442510 3.7868017 3.0351522 
Gasp_gasp1.m3.14016.m1                                 1.6589571 1.6550031 1.5680350 1.5661534 1.5707842 1.7881407 1.5231071 2.0350546 0.9732698 0.9817567 0.3616289 0.4025255 0.3174272 0.1825307 0.0000000 0.2906958 2.0221819 1.9024667 1.8758528 1.9271507 1.9293214 2.1288866 1.8519080 1.6981942 2.4141714 1.9367476 2.1490605 2.0441687 2.0761203 2.3278092 1.7066535 1.9816438 1.8748899 2.0203115 2.0623365 1.9962383 1.8877541 2.3494463 2.3593618 2.2174516 2.2041039 2.2721131 2.2581309 2.2271763 2.0606535 2.3365670 3.8584043 3.0069022 3.2047729 3.6767642 3.3162611 3.3096002 4.3142023 3.5905963 3.3095940 
Spis_XP_022806075_1                                    1.9113074 1.8128782 1.6408229 1.7423225 1.5608614 1.9178552 1.6510154 1.9998952 1.0083539 1.0643592 0.4157635 0.4503576 0.4037063 0.2611561 0.2906958 0.0000000 2.0253046 1.9355929 1.9350158 2.0211571 2.1156548 2.1807171 1.9890595 1.6919236 2.6085392 1.9625778 2.3037866 2.2684293 2.1814346 2.3928625 1.8567554 2.1472809 2.0322835 2.0804749 2.0620862 2.1756887 2.0018811 2.3773049 2.3903605 2.2880082 2.2719672 2.3764154 2.2658688 2.3909083 2.1042266 2.4965890 3.9582094 3.0769220 3.2714483 3.9482386 3.8534577 3.7151931 4.2248842 3.9405242 3.6101753 
Aque_Aqu2.1.43505_001                                  1.8972831 1.7855415 2.0004965 1.7476010 1.8541104 1.9833408 1.8365544 2.0894729 2.2554412 1.9656164 1.9503073 2.0350565 1.9937975 2.1654469 2.0221819 2.0253046 0.0000000 0.4180801 0.5201682 1.1044630 1.3798377 1.8318930 0.9311415 1.5804859 2.5001331 2.1119953 2.3446183 2.2174026 2.2786858 2.8496894 2.3444130 2.2357279 2.1721406 2.3033898 2.5353633 1.9280188 2.0433694 2.4951255 2.5021172 2.4279449 2.4671112 2.4853099 2.8053858 2.5084516 2.3023450 2.5723445 3.5926321 2.7871031 3.1540794 3.5221742 3.3687165 3.2064755 3.7156840 4.2693626 3.5942085 
Halamb_c46621_g1_i1m.20927                             1.8741046 1.7169022 1.6943214 1.7920923 1.8377927 1.9195954 1.7861455 1.8751778 2.1812365 1.9137327 1.8900178 2.0146208 1.8830834 1.9452849 1.9024667 1.9355929 0.4180801 0.0000000 0.4295093 1.1073593 1.2951940 1.6252262 0.8996956 1.4010871 2.3985674 2.0815816 2.2409831 2.1382948 2.3272401 2.7897472 2.3026361 2.1711352 2.1027531 2.3565510 2.5336229 1.9143988 2.0854611 2.3292028 2.3359283 2.3428301 2.3836803 2.2897946 2.5623758 2.3417825 2.2639904 2.5346450 3.3584411 2.7275759 3.0824542 3.3855305 3.3340984 3.2046195 4.0923457 4.1556493 3.6993939 
Xestes_maker-XT_scaffold1768-snap-gene-0.4-mRNA-1      1.7946919 1.7046009 1.6629663 1.7256565 1.7823604 1.7969205 1.8288110 2.0559254 2.1201143 1.8264543 1.8724558 1.9802546 1.9617315 1.9777005 1.8758528 1.9350158 0.5201682 0.4295093 0.0000000 1.2376618 1.1056581 1.5044520 1.0046047 1.2344621 2.3988536 1.9420822 2.2762175 2.2466989 2.2402362 2.3996312 2.0804151 2.0159062 1.9958805 2.1084356 2.3231468 1.8000203 1.8804882 2.2903920 2.2903920 2.2315082 2.2630633 2.2019716 2.4131547 2.1963597 2.1878842 2.3805268 3.6038828 2.3893091 2.7980158 3.3269489 3.3336775 3.2202163 3.7859655 3.8932481 3.0517952 
Plespi_Pspi_scaffold18498_01                           1.7505744 1.8425910 1.7887107 1.8358047 1.6446320 1.9657469 1.8496584 2.0177709 2.3609484 2.4166393 2.1400306 2.1097161 1.9775876 2.0270788 1.9271507 2.0211571 1.1044630 1.1073593 1.2376618 0.0000000 1.2617523 1.7279254 1.1756814 1.8207276 2.8730763 2.1646512 2.4252174 2.1742964 2.6158408 2.7750200 2.3987367 2.3483616 2.1965260 2.4930626 2.8411014 2.1247317 2.2460942 2.6792882 2.6792882 2.5065180 2.5270582 2.5659634 2.7734187 2.6203274 2.2245553 2.5874995 3.7502722 3.1306500 3.6947983 3.3130814 3.2940657 3.2868617 3.9623205 3.8342014 4.1912405 
Emue_Em0020g883a.t1                                    1.9421013 1.9787219 1.9403005 1.8805942 1.8581017 2.1457236 1.8744399 2.1460998 2.2135999 2.2791653 1.9861322 2.1565716 2.1078827 2.0326937 1.9293214 2.1156548 1.3798377 1.2951940 1.1056581 1.2617523 0.0000000 0.3235461 1.1604144 1.3771566 2.5854875 2.0831597 2.3973144 2.3562331 2.4076310 2.9007036 2.2642813 2.4096115 2.2491010 2.4054278 2.5971852 1.8947006 2.1701500 2.7105246 2.7078174 2.6059822 2.6655671 2.7545585 3.1219762 2.5774293 2.2763208 2.7438454 3.6778780 2.5885351 3.2533547 3.4480296 3.4239482 3.4832550 4.2941041 3.9550227 3.7452070 
Spolac_c102161_g1_i1_m.28178c102161-g1                 2.3144498 2.3685842 2.3778159 2.1258407 2.2581241 2.6807050 2.2554470 2.4673053 2.3821697 2.5450791 1.9170278 2.2985081 2.2393522 2.1342103 2.1288866 2.1807171 1.8318930 1.6252262 1.5044520 1.7279254 0.3235461 0.0000000 1.3289412 1.3076004 3.9481083 3.1539924 2.9712152 2.8157971 2.7378741 3.3707981 3.4137780 2.9804712 2.7260262 2.8888350 3.0747679 2.2335909 2.4752822 3.2250330 3.2141757 2.9557716 3.0592080 3.0892278 3.0588984 3.1568042 2.7017805 3.4348669 4.3218051 0.0000010 3.7264572 3.8555879 3.5410783 3.6259058 3.7840636 3.9390011 3.2964791 
Tetwil_g9037.t2                                        1.9305942 1.8045907 1.9710582 1.8130228 1.7734061 2.1577764 1.8878618 1.9724834 2.0315532 2.1262407 1.9239606 2.0508332 2.0131367 1.8835334 1.8519080 1.9890595 0.9311415 0.8996956 1.0046047 1.1756814 1.1604144 1.3289412 0.0000000 1.0828241 2.8326261 2.2191271 2.4061349 2.5604037 2.2048903 2.7775179 2.5580099 2.3004778 2.2006621 2.6540318 2.6144344 1.8970858 2.0373687 2.5722639 2.5791858 2.5947657 2.6225338 2.5027181 2.7150329 2.6092768 2.1233719 2.4726468 3.7579152 3.5538087 3.2553137 3.1829910 3.3804905 3.3751464 3.7429975 4.1221505 3.9434031 
Stycar_maker-SC_scaffold68916-augustus-gene-0.3-mRNA-1 2.1557285 1.9233329 1.9522645 1.7899328 1.5778403 2.0030249 2.0883566 2.1604065 2.1404022 1.8175282 1.5232743 1.9237720 1.6435068 1.6590206 1.6981942 1.6919236 1.5804859 1.4010871 1.2344621 1.8207276 1.3771566 1.3076004 1.0828241 0.0000000 3.2258168 3.8468893 2.7542095 2.8377802 2.2013205 2.5707017 5.3461100 2.3226355 2.3691738 2.4160985 2.4389306 1.7438867 2.0026815 2.0784687 2.0784687 1.9782361 1.9888912 2.0230983 1.8768057 1.9001126 2.3707511 2.9002815 3.6954709 2.9637984 4.1817545 3.1797725 3.9701484 3.7814834 3.9081757 3.8893156 2.8015058 
Scil_scict022823.1                                     2.6367090 2.1312778 2.4816217 2.4745581 2.2134879 2.3797659 2.5259188 2.7833477 2.5962953 2.4379131 2.2961480 2.3840830 2.6165070 2.4761401 2.4141714 2.6085392 2.5001331 2.3985674 2.3988536 2.8730763 2.5854875 3.9481083 2.8326261 3.2258168 0.0000000 0.3094630 0.3698242 0.4988011 1.7985041 3.0568611 2.3102906 2.6906551 2.6839961 2.7096337 3.0564547 2.4194619 2.2057238 2.4597786 2.4410161 2.4581592 2.5544165 2.6167458 2.8884836 2.6190601 2.3968777 2.3942272 2.9021832 2.3226244 2.6095417 3.0788388 2.9848748 2.8547025 5.5271505 4.4989045 4.5108451 
Gracom_Gcom_scaffold10024_01                           2.1560387 1.9329422 2.0164009 1.9343182 1.8988699 1.7900098 1.9890142 2.1269567 2.1987048 2.0036058 1.6623945 1.9350063 2.0071764 1.9500498 1.9367476 1.9625778 2.1119953 2.0815816 1.9420822 2.1646512 2.0831597 3.1539924 2.2191271 3.8468893 0.3094630 0.0000000 0.3247586 0.3922693 1.3581197 2.4737923 2.1326058 2.0766482 2.1795520 2.1165818 2.3475443 1.8581878 1.8043629 2.2101423 2.2101423 2.1216929 2.2151548 2.1784762 2.3958732 2.2904907 2.3313647 2.1680611 2.5397911 2.2883026 2.7171876 2.8993187 2.7504983 2.6459092 5.3067166 5.3002361 4.5852768 
Leuniv_Lniv_scaffold22689_01                           2.4044385 2.0591320 2.1765001 2.2102249 2.0610060 2.1287306 2.2563775 2.6057504 2.4216212 2.3862338 2.1132333 2.3221595 2.2701981 2.2261479 2.1490605 2.3037866 2.3446183 2.2409831 2.2762175 2.4252174 2.3973144 2.9712152 2.4061349 2.7542095 0.3698242 0.3247586 0.0000000 0.4056375 1.3129758 2.7043836 2.3152444 2.3732077 2.5141763 2.3818764 2.5544115 2.2915668 2.0715446 2.2024041 2.1903623 2.1370508 2.1850215 2.1253880 2.1652090 2.2473480 2.3633936 2.5229325 3.2441851 2.3463690 2.9520974 3.4653855 3.0061489 3.0055056 3.5609413 4.5766055 3.6544886 
Lcom_lcpid56949                                        2.2994821 2.0040121 2.3352768 2.1679488 2.0878709 2.1300419 2.0527247 2.6096197 2.2195183 2.2428868 2.0059511 2.1536381 2.2077933 2.0990750 2.0441687 2.2684293 2.2174026 2.1382948 2.2466989 2.1742964 2.3562331 2.8157971 2.5604037 2.8377802 0.4988011 0.3922693 0.4056375 0.0000000 1.4534875 2.9121549 2.4909215 2.6294573 2.6104837 2.5146404 2.5905880 2.1633512 2.1211757 2.1738386 2.1802399 2.1780034 2.2231309 2.2146254 2.2740793 2.3403674 2.3293155 2.5911648 2.9450567 2.2936637 2.7647421 3.1850185 3.0461386 2.9685785 4.1278878 4.2781253 3.6341101 
Clacor_Ccor_scaffold13241_01                           2.3265320 2.1135538 2.0596671 2.2533229 2.3176154 2.5597116 2.1138328 2.1700973 2.5138675 2.3390120 2.1416070 2.3299282 2.1030066 2.0708674 2.0761203 2.1814346 2.2786858 2.3272401 2.2402362 2.6158408 2.4076310 2.7378741 2.2048903 2.2013205 1.7985041 1.3581197 1.3129758 1.4534875 0.0000000 2.4300052 2.8192478 2.4975842 2.5372006 2.2697127 2.5508198 1.8455829 1.6951907 2.5221286 2.5221286 2.3984342 2.4765536 2.3175543 2.2988742 2.3362006 2.4141632 2.6131118 3.8434571 3.6684837 3.8058159 3.6360934 3.7026664 3.6236056 3.6787021 4.1399648 3.1685052 
Hvul_g19936_1                                          2.5685443 2.6254779 2.4672307 2.2242347 2.5811732 2.4116763 2.4261618 2.5302969 2.3741289 2.4229028 2.5426516 2.5868715 2.3816701 2.5413527 2.3278092 2.3928625 2.8496894 2.7897472 2.3996312 2.7750200 2.9007036 3.3707981 2.7775179 2.5707017 3.0568611 2.4737923 2.7043836 2.9121549 2.4300052 0.0000000 1.3077154 1.7214482 1.7323894 1.3862100 2.0979600 2.9609817 2.7125265 3.0808031 3.1056570 2.8340563 2.8830016 2.9270390 2.7085336 2.8168388 2.7264362 2.9799318 4.3503333 3.4855697 3.5362643 4.0478865 4.6667583 4.6803643 5.8723276 4.7109682 2.8617509 
Aaur_scaffold5.g53.t1                                  1.8270449 1.8009373 1.5187836 1.7982020 1.4102922 1.8839328 1.8273623 1.9304476 2.0134329 1.7898767 1.6556173 1.7618816 1.7622620 1.9346235 1.7066535 1.8567554 2.3444130 2.3026361 2.0804151 2.3987367 2.2642813 3.4137780 2.5580099 5.3461100 2.3102906 2.1326058 2.3152444 2.4909215 2.8192478 1.3077154 0.0000000 0.6591991 0.6446775 1.1797911 1.3403188 2.3424721 2.1484503 2.5601847 2.5601847 2.3290407 2.4140383 2.2746963 2.4742914 2.3629404 2.1314461 2.0553800 2.8916092 2.5327737 3.0531949 3.2401920 3.0989393 3.1284765 4.6143295 3.7770569 3.0615658 
Nemnom_g9287.t1                                        1.9656991 2.1280140 1.8967408 1.9640054 1.8544960 2.0234136 1.9719741 2.1657984 2.1964611 2.0392277 2.1060115 2.1850732 1.9660227 2.1337362 1.9816438 2.1472809 2.2357279 2.1711352 2.0159062 2.3483616 2.4096115 2.9804712 2.3004778 2.3226355 2.6906551 2.0766482 2.3732077 2.6294573 2.4975842 1.7214482 0.6591991 0.0000000 0.2619205 1.5228921 1.5036816 2.3235553 2.2635493 2.8194617 2.8338945 2.4911691 2.5287032 2.5798122 2.6484327 2.5387852 2.1965944 2.5551221 3.5049798 2.2641045 2.9535213 3.5534112 3.8061497 3.7312532 4.1608730 3.9461048 2.1548579 
Rhoesc_Res_014494-T1                                   1.9294746 2.1642190 1.8539908 1.8908993 1.9819771 2.0109089 2.0064192 2.2433967 2.1248570 2.1523167 2.0417879 2.1158564 1.9493531 2.0092297 1.8748899 2.0322835 2.1721406 2.1027531 1.9958805 2.1965260 2.2491010 2.7260262 2.2006621 2.3691738 2.6839961 2.1795520 2.5141763 2.6104837 2.5372006 1.7323894 0.6446775 0.2619205 0.0000000 1.4293455 1.5355026 2.3295692 2.3550830 2.6037093 2.6197009 2.4217939 2.4690763 2.5173187 2.5700350 2.4693855 2.1272452 2.4388659 3.5016397 2.4392047 3.0502374 3.7717546 3.7715533 3.7527622 4.3275468 4.1035813 2.1096058 
Chem_TCONS_00027659                                    2.2037774 2.1700861 2.1507941 2.0683490 2.1241369 2.1324656 2.1643154 2.3095543 1.9856461 2.0895526 2.0760614 2.1248585 2.0139617 2.1708469 2.0203115 2.0804749 2.3033898 2.3565510 2.1084356 2.4930626 2.4054278 2.8888350 2.6540318 2.4160985 2.7096337 2.1165818 2.3818764 2.5146404 2.2697127 1.3862100 1.1797911 1.5228921 1.4293455 0.0000000 1.6800112 2.6111497 2.5253961 2.6090047 2.6144978 2.4477331 2.4806953 2.4546570 2.4742499 2.4429403 2.4573714 2.5719065 3.3967313 2.8755370 2.8922485 3.4133589 3.5030323 3.3729541 4.2110378 3.9717527 2.6413607 
Morvir_scaffold433.g9.t1                               2.0467705 2.3215418 2.1489573 2.0861872 2.0003261 2.1044869 2.1371600 2.2641950 2.1636505 2.0497909 2.0849689 2.2782378 2.0983441 1.8314517 2.0623365 2.0620862 2.5353633 2.5336229 2.3231468 2.8411014 2.5971852 3.0747679 2.6144344 2.4389306 3.0564547 2.3475443 2.5544115 2.5905880 2.5508198 2.0979600 1.3403188 1.5036816 1.5355026 1.6800112 0.0000000 2.4114821 2.5500549 2.5687407 2.5657472 2.4862995 2.5544724 2.5916594 2.5010656 2.5158518 2.6677168 2.7904456 3.7573365 2.8568702 3.1831467 3.6107156 3.9908936 3.9867515 4.1458829 4.0235127 2.9795051 
Opea_EP00118_Oscarella_pearsei_P008481                 2.0101591 1.8888054 1.8499843 1.9093704 1.8655939 2.0762801 2.0049853 2.0053157 2.2678043 2.2994805 2.1813461 2.1853867 2.0520038 1.9526623 1.9962383 2.1756887 1.9280188 1.9143988 1.8000203 2.1247317 1.8947006 2.2335909 1.8970858 1.7438867 2.4194619 1.8581878 2.2915668 2.1633512 1.8455829 2.9609817 2.3424721 2.3235553 2.3295692 2.6111497 2.4114821 0.0000000 1.0654555 2.1255894 2.1295971 2.0858392 2.0922833 2.1050999 2.1999991 2.1798666 2.2076755 2.2878482 3.5779522 2.6099948 3.1150888 3.2951109 3.1084759 3.0381641 3.9258571 3.7327816 3.8666850 
Plajan_Pjan_C567234_01                                 1.9663434 1.9460876 1.8359624 2.0507118 2.0134103 1.9974499 2.0824259 2.2231376 2.3678731 2.0037246 1.9502486 2.0746627 1.9269915 1.9105979 1.8877541 2.0018811 2.0433694 2.0854611 1.8804882 2.2460942 2.1701500 2.4752822 2.0373687 2.0026815 2.2057238 1.8043629 2.0715446 2.1211757 1.6951907 2.7125265 2.1484503 2.2635493 2.3550830 2.5253961 2.5500549 1.0654555 0.0000000 2.1654563 2.1689989 2.1269022 2.0422898 2.0588866 2.2083531 2.0815280 2.2762769 2.4574965 3.4807785 2.3879127 2.7966327 2.9312045 3.0785243 3.0737296 4.4523836 3.4585663 3.6366847 
Tadh_TriadT52898                                       2.2864741 2.3424185 2.2822691 2.1767769 2.0108966 2.2659389 2.2264509 2.4509215 2.5276369 2.4822903 2.1936845 2.3451542 2.4306607 2.2101745 2.3494463 2.3773049 2.4951255 2.3292028 2.2903920 2.6792882 2.7105246 3.2250330 2.5722639 2.0784687 2.4597786 2.2101423 2.2024041 2.1738386 2.5221286 3.0808031 2.5601847 2.8194617 2.6037093 2.6090047 2.5687407 2.1255894 2.1654563 0.0000000 0.0031490 0.2459270 0.2600777 0.2626705 0.3141113 0.2905730 2.3809980 3.0839282 3.5517465 2.7649067 2.7674662 3.4123479 3.7006681 3.7131475 4.5499211 4.5214430 3.8681958 
TrH2_TrispH2_004210-RA                                 2.2864741 2.3367619 2.2897975 2.1900844 2.0263261 2.2594020 2.2341948 2.4506203 2.5208368 2.4900604 2.2076686 2.3589290 2.4415056 2.2224516 2.3593618 2.3903605 2.5021172 2.3359283 2.2903920 2.6792882 2.7078174 3.2141757 2.5791858 2.0784687 2.4410161 2.2101423 2.1903623 2.1802399 2.5221286 3.1056570 2.5601847 2.8338945 2.6197009 2.6144978 2.5657472 2.1295971 2.1689989 0.0031490 0.0000000 0.2483309 0.2614341 0.2640392 0.3160808 0.2920486 2.3930557 3.0875867 3.5563092 2.7649067 2.7674662 3.4266071 3.7184833 3.7311351 4.5499211 4.5214430 3.8762813 
HoiH06_mRNA9979                                        2.2288832 2.2271979 2.2518067 2.1381407 2.0117052 2.2119705 2.1856181 2.3401179 2.3744874 2.3913983 2.1909730 2.3828975 2.2692750 2.1786716 2.2174516 2.2880082 2.4279449 2.3428301 2.2315082 2.5065180 2.6059822 2.9557716 2.5947657 1.9782361 2.4581592 2.1216929 2.1370508 2.1780034 2.3984342 2.8340563 2.3290407 2.4911691 2.4217939 2.4477331 2.4862995 2.0858392 2.1269022 0.2459270 0.2483309 0.0000000 0.0599134 0.1480743 0.1818233 0.1756878 2.3430661 2.9765638 3.4565883 2.6158827 2.7618161 3.2075346 3.6994374 3.5202382 4.5038449 4.1076346 3.5322978 
HoiH23_PlH23_002880-RA                                 2.2436811 2.2807952 2.2781848 2.1339566 2.0570236 2.2737631 2.2204126 2.3498016 2.3911449 2.4089847 2.1660344 2.3743992 2.2373828 2.1481814 2.2041039 2.2719672 2.4671112 2.3836803 2.2630633 2.5270582 2.6655671 3.0592080 2.6225338 1.9888912 2.5544165 2.2151548 2.1850215 2.2231309 2.4765536 2.8830016 2.4140383 2.5287032 2.4690763 2.4806953 2.5544724 2.0922833 2.0422898 0.2600777 0.2614341 0.0599134 0.0000000 0.1561190 0.1928737 0.1838643 2.3708642 3.0246913 3.4420058 2.6434178 2.6793179 3.3326186 3.7011446 3.6096536 4.7794469 4.1680535 3.7333162 
Hhon_g03465.t1                                         2.1828949 2.2102353 2.2569805 2.1544250 2.0152801 2.3497220 2.2707746 2.4521493 2.4223544 2.5116805 2.1836204 2.3381895 2.3159543 2.1788484 2.2721131 2.3764154 2.4853099 2.2897946 2.2019716 2.5659634 2.7545585 3.0892278 2.5027181 2.0230983 2.6167458 2.1784762 2.1253880 2.2146254 2.3175543 2.9270390 2.2746963 2.5798122 2.5173187 2.4546570 2.5916594 2.1050999 2.0588866 0.2626705 0.2640392 0.1480743 0.1561190 0.0000000 0.0142535 0.2197929 2.3626025 2.9933202 3.5498953 2.5975330 2.7728383 3.2621011 3.6606140 3.5381437 4.2506769 4.1508557 3.5387614 
HoiH04_mRNA17448                                       2.2479865 2.4126294 2.3648104 2.2191831 2.0609821 2.5363720 2.4103606 2.4182333 2.3709989 2.4715070 2.1576212 2.3650118 2.2993616 2.1667168 2.2581309 2.2658688 2.8053858 2.5623758 2.4131547 2.7734187 3.1219762 3.0588984 2.7150329 1.8768057 2.8884836 2.3958732 2.1652090 2.2740793 2.2988742 2.7085336 2.4742914 2.6484327 2.5700350 2.4742499 2.5010656 2.1999991 2.2083531 0.3141113 0.3160808 0.1818233 0.1928737 0.0142535 0.0000000 0.2254888 2.6585023 3.3547869 4.3844729 5.6926668 3.1854661 3.6665744 4.5336874 4.2649079 4.0069034 4.3548905 3.0690568 
HoiH11_mRNA7124                                        2.2477601 2.3224539 2.3345604 2.1582321 2.1117389 2.2414507 2.3502797 2.5254916 2.3657970 2.4245497 2.1731582 2.3633862 2.3904775 2.1471781 2.2271763 2.3909083 2.5084516 2.3417825 2.1963597 2.6203274 2.5774293 3.1568042 2.6092768 1.9001126 2.6190601 2.2904907 2.2473480 2.3403674 2.3362006 2.8168388 2.3629404 2.5387852 2.4693855 2.4429403 2.5158518 2.1798666 2.0815280 0.2905730 0.2920486 0.1756878 0.1838643 0.2197929 0.2254888 0.0000000 2.5154158 3.1551520 3.5229487 2.5302179 2.8584299 3.2834643 3.5925651 3.5198309 4.5970234 4.1741501 3.8303786 
Tcas_TC012299_001                                      1.9241345 1.8440039 2.0509769 1.7409871 1.7166460 1.8162411 1.9095844 1.7251981 2.2100591 2.3734951 2.1335343 2.2484850 1.9895627 2.0154827 2.0606535 2.1042266 2.3023450 2.2639904 2.1878842 2.2245553 2.2763208 2.7017805 2.1233719 2.3707511 2.3968777 2.3313647 2.3633936 2.3293155 2.4141632 2.7264362 2.1314461 2.1965944 2.1272452 2.4573714 2.6677168 2.2076755 2.2762769 2.3809980 2.3930557 2.3430661 2.3708642 2.3626025 2.6585023 2.5154158 0.0000000 1.7500288 3.1523116 2.6617863 2.6654709 3.1401555 3.4348268 3.4408682 3.6303299 3.8735548 3.7695089 
Dpul_mRNA341                                           2.1191013 1.9922207 2.0393051 1.8763153 1.9462361 1.9984918 2.1713993 1.9704413 2.5815547 2.4140133 2.3975099 2.3151662 2.1865975 2.4634160 2.3365670 2.4965890 2.5723445 2.5346450 2.3805268 2.5874995 2.7438454 3.4348669 2.4726468 2.9002815 2.3942272 2.1680611 2.5229325 2.5911648 2.6131118 2.9799318 2.0553800 2.5551221 2.4388659 2.5719065 2.7904456 2.2878482 2.4574965 3.0839282 3.0875867 2.9765638 3.0246913 2.9933202 3.3547869 3.1551520 1.7500288 0.0000000 3.1754198 2.3710651 2.8127271 3.3436992 3.2628524 3.2816981 3.6648004 3.3708972 3.8088891 
Mlei_ML1391.g10.i1                                     3.1270871 3.4542690 2.8838970 3.3170507 3.0420510 3.3513526 3.5008546 3.5512594 3.8378125 3.7427319 3.7012834 3.8518769 3.5245297 4.0239676 3.8584043 3.9582094 3.5926321 3.3584411 3.6038828 3.7502722 3.6778780 4.3218051 3.7579152 3.6954709 2.9021832 2.5397911 3.2441851 2.9450567 3.8434571 4.3503333 2.8916092 3.5049798 3.5016397 3.3967313 3.7573365 3.5779522 3.4807785 3.5517465 3.5563092 3.4565883 3.4420058 3.5498953 4.3844729 3.5229487 3.1523116 3.1754198 0.0000000 0.1444569 0.5101802 0.6080220 0.6301711 0.6317626 1.4890360 2.5042018 4.9598277 
Beraby_Baby_sb333042                                   2.2406922 2.4277871 2.4027032 2.2576272 2.2503374 2.6206245 2.4879582 2.8194447 2.9874359 2.7455461 2.6083689 2.6550687 2.9810368 4.1779698 3.0069022 3.0769220 2.7871031 2.7275759 2.3893091 3.1306500 2.5885351 0.0000010 3.5538087 2.9637984 2.3226244 2.2883026 2.3463690 2.2936637 3.6684837 3.4855697 2.5327737 2.2641045 2.4392047 2.8755370 2.8568702 2.6099948 2.3879127 2.7649067 2.7649067 2.6158827 2.6434178 2.5975330 5.6926668 2.5302179 2.6617863 2.3710651 0.1444569 0.0000000 0.2620838 0.2816125 0.2559835 0.2559835 8.6481160 3.8151363 4.0518358 
Coemet_Cmet_scaffold22642_01                           2.8689531 3.0103668 2.5329785 2.6847814 2.5450889 2.7989936 2.6786779 2.8232833 3.1225474 3.0663263 3.0419037 2.9107131 3.1648721 3.2959084 3.2047729 3.2714483 3.1540794 3.0824542 2.7980158 3.6947983 3.2533547 3.7264572 3.2553137 4.1817545 2.6095417 2.7171876 2.9520974 2.7647421 3.8058159 3.5362643 3.0531949 2.9535213 3.0502374 2.8922485 3.1831467 3.1150888 2.7966327 2.7674662 2.7674662 2.7618161 2.6793179 2.7728383 3.1854661 2.8584299 2.6654709 2.8127271 0.5101802 0.2620838 0.0000000 0.4468804 0.4823318 0.4593503 3.4286978 5.2368862 4.4772529 
Lampan_Lpan_12889_01                                   2.9370198 3.3329943 2.7254609 3.1460677 3.0346792 3.0987231 3.3264951 3.3208000 3.5678026 3.7261055 3.8308563 3.7671984 3.7935436 3.9408500 3.6767642 3.9482386 3.5221742 3.3855305 3.3269489 3.3130814 3.4480296 3.8555879 3.1829910 3.1797725 3.0788388 2.8993187 3.4653855 3.1850185 3.6360934 4.0478865 3.2401920 3.5534112 3.7717546 3.4133589 3.6107156 3.2951109 2.9312045 3.4123479 3.4266071 3.2075346 3.3326186 3.2621011 3.6665744 3.2834643 3.1401555 3.3436992 0.6080220 0.2816125 0.4468804 0.0000000 0.6549183 0.6370371 1.7630717 2.2780262 4.8952222 
Pbac_sb2663648                                         3.2521544 3.3176623 3.0657402 3.4644026 3.1134513 3.5811831 3.5246789 3.8136727 3.6474657 3.6091501 3.5467087 3.5747117 3.4281430 3.8198459 3.3162611 3.8534577 3.3687165 3.3340984 3.3336775 3.2940657 3.4239482 3.5410783 3.3804905 3.9701484 2.9848748 2.7504983 3.0061489 3.0461386 3.7026664 4.6667583 3.0989393 3.8061497 3.7715533 3.5030323 3.9908936 3.1084759 3.0785243 3.7006681 3.7184833 3.6994374 3.7011446 3.6606140 4.5336874 3.5925651 3.4348268 3.2628524 0.6301711 0.2559835 0.4823318 0.6549183 0.0000000 0.0487426 1.7650561 2.4129593 4.7528270 
Horcal_Hcv1.av93.c1.g236.i1                            3.2640333 3.3384423 3.0437045 3.4927890 3.0665867 3.6145126 3.5422642 3.7533526 3.5959520 3.5419226 3.4779250 3.4894851 3.3945150 3.7344194 3.3096002 3.7151931 3.2064755 3.2046195 3.2202163 3.2868617 3.4832550 3.6259058 3.3751464 3.7814834 2.8547025 2.6459092 3.0055056 2.9685785 3.6236056 4.6803643 3.1284765 3.7312532 3.7527622 3.3729541 3.9867515 3.0381641 3.0737296 3.7131475 3.7311351 3.5202382 3.6096536 3.5381437 4.2649079 3.5198309 3.4408682 3.2816981 0.6317626 0.2559835 0.4593503 0.6370371 0.0487426 0.0000000 1.7453179 2.4534535 4.5023097 
Drygla_Dgla_sb303785                                   2.9606641 3.1961926 3.2771995 3.3151973 2.9645355 3.3188431 3.9333461 4.2556576 3.8942895 4.3024464 4.1354731 4.4886264 4.3067014 3.8442510 4.3142023 4.2248842 3.7156840 4.0923457 3.7859655 3.9623205 4.2941041 3.7840636 3.7429975 3.9081757 5.5271505 5.3067166 3.5609413 4.1278878 3.6787021 5.8723276 4.6143295 4.1608730 4.3275468 4.2110378 4.1458829 3.9258571 4.4523836 4.5499211 4.5499211 4.5038449 4.7794469 4.2506769 4.0069034 4.5970234 3.6303299 3.6648004 1.4890360 8.6481160 3.4286978 1.7630717 1.7650561 1.7453179 0.0000000 2.2184227 5.7401144 
Eupdun_Edun_sb10627352                                 3.6372796 3.7445055 3.8576948 3.6406287 3.2801779 3.6477482 4.0996364 4.6327720 3.7952007 4.1084861 4.2514700 4.2060389 3.8273747 3.7868017 3.5905963 3.9405242 4.2693626 4.1556493 3.8932481 3.8342014 3.9550227 3.9390011 4.1221505 3.8893156 4.4989045 5.3002361 4.5766055 4.2781253 4.1399648 4.7109682 3.7770569 3.9461048 4.1035813 3.9717527 4.0235127 3.7327816 3.4585663 4.5214430 4.5214430 4.1076346 4.1680535 4.1508557 4.3548905 4.1741501 3.8735548 3.3708972 2.5042018 3.8151363 5.2368862 2.2780262 2.4129593 2.4534535 2.2184227 0.0000000 4.8773656 
Sanmal_Sma_012674-T1                                   3.5407284 3.5975071 3.7731246 3.1774182 3.3206992 3.6593768 3.5018150 3.7985526 3.5107024 3.4827354 3.4924879 3.7740370 3.1547297 3.0351522 3.3095940 3.6101753 3.5942085 3.6993939 3.0517952 4.1912405 3.7452070 3.2964791 3.9434031 2.8015058 4.5108451 4.5852768 3.6544886 3.6341101 3.1685052 2.8617509 3.0615658 2.1548579 2.1096058 2.6413607 2.9795051 3.8666850 3.6366847 3.8681958 3.8762813 3.5322978 3.7333162 3.5387614 3.0690568 3.8303786 3.7695089 3.8088891 4.9598277 4.0518358 4.4772529 4.8952222 4.7528270 4.5023097 5.7401144 4.8773656 0.0000000 
