30
Hsap_ENST00000278025                                   0.0000000 0.5660074 0.9941781 0.9453258 0.9660387 1.2921807 1.0459430 0.8596394 0.9281426 0.8967629 0.7938762 0.8108144 0.8412104 0.8667605 1.0891508 0.8956304 1.0717598 0.8786537 0.7388359 1.0031041 0.9550453 0.8261317 1.2296888 0.9753441 0.8562281 0.8608945 0.9835364 1.2959463 1.0195340 1.2088948 
Bralan_BLAG03001087_1                                  0.5660074 0.0000000 0.6594882 0.6350455 0.6196428 0.8941813 0.6015911 0.6906342 0.7118811 0.7964291 0.4049584 0.5213671 0.5200291 0.5542591 0.7471603 0.6163951 0.6916466 0.7628868 0.7582437 0.9514111 1.0232495 0.8310314 0.9202401 0.8601445 0.8736385 0.8865092 0.8557516 1.1367810 1.0063391 1.0223882 
Aaur_scaffold297.g15.t1                                0.9941781 0.6594882 0.0000000 0.1263983 0.1270605 0.3628871 0.2462171 0.4407249 0.5000137 0.5536636 0.5481772 0.5370371 0.4474993 0.4297562 0.4461011 0.3737255 0.3906720 0.9273342 0.7496101 1.0420847 1.0799809 0.9588313 1.0809738 0.9635874 0.8999581 0.9134046 0.7947141 1.0523515 1.0039548 0.9240277 
Nemnom_g14742.t1                                       0.9453258 0.6350455 0.1263983 0.0000000 0.0256073 0.4010458 0.2756708 0.4298403 0.5035882 0.5711292 0.5203554 0.4981416 0.4375410 0.4468026 0.4773377 0.3990065 0.3363359 0.9707219 0.8068557 0.9527600 1.2433406 1.0758039 1.1326996 0.9847160 0.9187853 0.9334701 0.6856694 1.0416150 0.9514211 0.8656829 
Rhoesc_Res_005084-T1                                   0.9660387 0.6196428 0.1270605 0.0256073 0.0000000 0.4353365 0.2749376 0.4439771 0.5243710 0.5893247 0.5338763 0.4963561 0.4360732 0.4206980 0.4963989 0.4154086 0.3496054 0.9653654 0.8235667 0.9607522 1.2297864 1.0656850 1.1206403 0.9764925 0.9112997 0.9257045 0.6931216 1.0390217 0.9698408 0.8526414 
Stycar_maker-SC_scaffold94186-augustus-gene-0.3-mRNA-1 1.2921807 0.8941813 0.3628871 0.4010458 0.4353365 0.0000000 0.6437559 0.5013810 0.5388594 0.4883768 0.8901991 0.8434087 0.7080250 0.6033419 1.0150108 0.6351170 0.4937688 1.2868739 1.0341402 1.7923262 1.9699692 1.3827403 1.5815019 1.6098718 1.5176791 1.5800754 1.2638170 4.5989287 1.1541482 1.6959236 
Sanmal_Sma_006221-T1                                   1.0459430 0.6015911 0.2462171 0.2756708 0.2749376 0.6437559 0.0000000 0.5252754 0.7587545 0.7428274 0.6228218 0.6180592 0.5496334 0.5617769 0.5968509 0.5504790 0.4924716 0.8967027 0.7716766 1.1148494 1.3466934 1.2086981 1.4449349 1.2481852 1.1138545 1.1325838 0.7913372 1.0934979 1.1074697 1.0173515 
Plespi_Pspi_scaffold7750_01                            0.8596394 0.6906342 0.4407249 0.4298403 0.4439771 0.5013810 0.5252754 0.0000000 0.4579811 0.5087824 0.6444279 0.6214587 0.6371657 0.5921665 0.6445710 0.5291833 0.5122204 0.8026568 0.6360205 0.9390851 1.0925392 0.9713969 1.0666524 0.9393245 0.9044428 0.9216492 0.7523766 0.8437641 1.1310917 1.2469543 
Emue_Em0013g812a.t1                                    0.9281426 0.7118811 0.5000137 0.5035882 0.5243710 0.5388594 0.7587545 0.4579811 0.0000000 0.1985652 0.7184594 0.7385158 0.6921925 0.7043134 0.8819097 0.7099530 0.5720796 0.9634106 0.8325804 1.1983966 1.2351855 1.0934851 1.3462462 1.2594969 1.2021954 1.2278372 0.8979662 1.2119936 1.0267404 1.1528483 
Spolac_c91694_g1_i1_m.7140c91694-g1                    0.8967629 0.7964291 0.5536636 0.5711292 0.5893247 0.4883768 0.7428274 0.5087824 0.1985652 0.0000000 0.8042787 0.8016043 0.8218247 0.7135440 0.9265944 0.7712230 0.6303701 1.0407698 0.7729542 1.1174319 1.2616359 1.1305493 1.2354828 1.1029861 1.0733296 1.0913345 0.7739635 1.1235178 1.0686414 1.2222279 
Scil_scict005291.1                                     0.7938762 0.4049584 0.5481772 0.5203554 0.5338763 0.8901991 0.6228218 0.6444279 0.7184594 0.8042787 0.0000000 0.1116675 0.1343484 0.3335142 0.7621665 0.6167777 0.6874310 0.7026619 0.7335269 1.0111631 1.1941525 1.0042866 1.3398097 1.1867517 1.0900892 1.1093285 0.9757463 1.0133101 0.9126867 1.1329384 
Leuniv_Lniv_scaffold17977_01                           0.8108144 0.5213671 0.5370371 0.4981416 0.4963561 0.8434087 0.6180592 0.6214587 0.7385158 0.8016043 0.1116675 0.0000000 0.1096266 0.3693222 0.7827759 0.6362019 0.6835735 0.7217104 0.7105447 1.0064952 1.1790341 0.9947419 1.3837680 1.1845419 1.0937873 1.1129937 0.8562253 1.0143925 0.9321762 1.0732873 
Lcom_lcpid98923                                        0.8412104 0.5200291 0.4474993 0.4375410 0.4360732 0.7080250 0.5496334 0.6371657 0.6921925 0.8218247 0.1343484 0.1096266 0.0000000 0.3459150 0.7857249 0.6358585 0.6659418 0.7745888 0.7671433 1.0256428 1.2319050 1.0402842 1.3568268 1.1778925 1.0918117 1.1107756 0.9344508 1.1291419 0.8482671 1.0986394 
Clacor_Ccor_C512259_01                                 0.8667605 0.5542591 0.4297562 0.4468026 0.4206980 0.6033419 0.5617769 0.5921665 0.7043134 0.7135440 0.3335142 0.3693222 0.3459150 0.0000000 0.7125168 0.5815091 0.7076418 0.8110205 0.8761462 1.2169079 1.1058712 0.9543981 1.2802031 1.1478890 1.0510795 1.0682330 0.9065690 0.8877697 0.9124547 1.0920243 
Ocar_g4554                                             1.0891508 0.7471603 0.4461011 0.4773377 0.4963989 1.0150108 0.5968509 0.6445710 0.8819097 0.9265944 0.7621665 0.7827759 0.7857249 0.7125168 0.0000000 0.0286244 0.5963503 0.8079858 1.0121092 1.2653110 1.1905937 1.1721201 1.2564689 1.1253357 1.0280811 1.0500802 0.9152668 1.0547565 1.3668847 1.3655498 
Opea_EP00118_Oscarella_pearsei_P028995                 0.8956304 0.6163951 0.3737255 0.3990065 0.4154086 0.6351170 0.5504790 0.5291833 0.7099530 0.7712230 0.6167777 0.6362019 0.6358585 0.5815091 0.0286244 0.0000000 0.5366824 0.7703921 0.8451075 1.0398918 1.1675120 0.9871598 1.0729839 0.9948937 0.9149933 0.9321685 0.7400977 1.0547565 1.2011444 1.2331938 
Tetwil_g10546.t1                                       1.0717598 0.6916466 0.3906720 0.3363359 0.3496054 0.4937688 0.4924716 0.5122204 0.5720796 0.6303701 0.6874310 0.6835735 0.6659418 0.7076418 0.5963503 0.5366824 0.0000000 0.9027863 0.8044697 1.1126162 1.0727136 1.0353341 1.1497271 0.9621775 0.9117119 0.9257665 0.8151374 0.9498341 1.2752551 1.2783417 
Skow_XM_002740531.2                                    0.8786537 0.7628868 0.9273342 0.9707219 0.9653654 1.2868739 0.8967027 0.8026568 0.9634106 1.0407698 0.7026619 0.7217104 0.7745888 0.8110205 0.8079858 0.7703921 0.9027863 0.0000000 0.7800278 1.0402734 1.3898232 1.2227479 1.5313468 1.3397731 1.2157845 1.2376897 1.0597836 1.0353585 0.8712403 1.0103803 
Dgig_XM_028546913.1                                    0.7388359 0.7582437 0.7496101 0.8068557 0.8235667 1.0341402 0.7716766 0.6360205 0.8325804 0.7729542 0.7335269 0.7105447 0.7671433 0.8761462 1.0121092 0.8451075 0.8044697 0.7800278 0.0000000 0.3893049 1.3462974 1.1639533 1.4570366 1.2291251 1.1353889 1.1545008 0.9595621 1.3708222 1.0798994 1.3643012 
Xesp_020906-T1                                         1.0031041 0.9514111 1.0420847 0.9527600 0.9607522 1.7923262 1.1148494 0.9390851 1.1983966 1.1174319 1.0111631 1.0064952 1.0256428 1.2169079 1.2653110 1.0398918 1.1126162 1.0402734 0.3893049 0.0000000 1.4389714 1.2083242 1.8025902 1.4152027 1.3766272 1.4011567 1.2343221 1.8153185 1.2356825 1.3727930 
Tadh_TriadT31261                                       0.9550453 1.0232495 1.0799809 1.2433406 1.2297864 1.9699692 1.3466934 1.0925392 1.2351855 1.2616359 1.1941525 1.1790341 1.2319050 1.1058712 1.1905937 1.1675120 1.0727136 1.3898232 1.3462974 1.4389714 0.0000000 0.0365706 0.4924413 0.4390938 0.3788081 0.3944860 1.3780777 1.6097608 1.7166315 1.5407632 
TrH2_TrispH2_005006-RA                                 0.8261317 0.8310314 0.9588313 1.0758039 1.0656850 1.3827403 1.2086981 0.9713969 1.0934851 1.1305493 1.0042866 0.9947419 1.0402842 0.9543981 1.1721201 0.9871598 1.0353341 1.2227479 1.1639533 1.2083242 0.0365706 0.0000000 0.4309523 0.3952867 0.3431463 0.3571034 1.2102653 1.6097608 1.4777018 1.4192908 
HoiH06_mRNA9910                                        1.2296888 0.9202401 1.0809738 1.1326996 1.1206403 1.5815019 1.4449349 1.0666524 1.3462462 1.2354828 1.3398097 1.3837680 1.3568268 1.2802031 1.2564689 1.0729839 1.1497271 1.5313468 1.4570366 1.8025902 0.4924413 0.4309523 0.0000000 0.0098385 0.0978041 0.1096677 1.0201639 1.8899948 1.7887421 1.8317914 
HoiH23_PlH23_004929-RA                                 0.9753441 0.8601445 0.9635874 0.9847160 0.9764925 1.6098718 1.2481852 0.9393245 1.2594969 1.1029861 1.1867517 1.1845419 1.1778925 1.1478890 1.1253357 0.9948937 0.9621775 1.3397731 1.2291251 1.4152027 0.4390938 0.3952867 0.0098385 0.0000000 0.0890403 0.0986915 0.8772357 1.5484041 1.8027921 1.6632211 
Hhon_g07168.t1                                         0.8562281 0.8736385 0.8999581 0.9187853 0.9112997 1.5176791 1.1138545 0.9044428 1.2021954 1.0733296 1.0900892 1.0937873 1.0918117 1.0510795 1.0280811 0.9149933 0.9117119 1.2157845 1.1353889 1.3766272 0.3788081 0.3431463 0.0978041 0.0890403 0.0000000 0.0081063 0.9448179 1.5105594 1.6218740 1.5444054 
HoiH04_mRNA5827                                        0.8608945 0.8865092 0.9134046 0.9334701 0.9257045 1.5800754 1.1325838 0.9216492 1.2278372 1.0913345 1.1093285 1.1129937 1.1107756 1.0682330 1.0500802 0.9321685 0.9257665 1.2376897 1.1545008 1.4011567 0.3944860 0.3571034 0.1096677 0.0986915 0.0081063 0.0000000 0.9622359 1.5429228 1.6548701 1.5745043 
Hvul_g7199_1                                           0.9835364 0.8557516 0.7947141 0.6856694 0.6931216 1.2638170 0.7913372 0.7523766 0.8979662 0.7739635 0.9757463 0.8562253 0.9344508 0.9065690 0.9152668 0.7400977 0.8151374 1.0597836 0.9595621 1.2343221 1.3780777 1.2102653 1.0201639 0.8772357 0.9448179 0.9622359 0.0000000 1.3385854 1.0852392 1.2620579 
Aque_Aqu2.1.35530_001                                  1.2959463 1.1367810 1.0523515 1.0416150 1.0390217 4.5989287 1.0934979 0.8437641 1.2119936 1.1235178 1.0133101 1.0143925 1.1291419 0.8877697 1.0547565 1.0547565 0.9498341 1.0353585 1.3708222 1.8153185 1.6097608 1.6097608 1.8899948 1.5484041 1.5105594 1.5429228 1.3385854 0.0000000 2.0015718 1.7865155 
Ctel_gnl_WGS_AMQN_CAPTEDRAFT_mRNA178290                1.0195340 1.0063391 1.0039548 0.9514211 0.9698408 1.1541482 1.1074697 1.1310917 1.0267404 1.0686414 0.9126867 0.9321762 0.8482671 0.9124547 1.3668847 1.2011444 1.2752551 0.8712403 1.0798994 1.2356825 1.7166315 1.4777018 1.7887421 1.8027921 1.6218740 1.6548701 1.0852392 2.0015718 0.0000000 0.9914114 
Cgig_XM_011450241.3                                    1.2088948 1.0223882 0.9240277 0.8656829 0.8526414 1.6959236 1.0173515 1.2469543 1.1528483 1.2222279 1.1329384 1.0732873 1.0986394 1.0920243 1.3655498 1.2331938 1.2783417 1.0103803 1.3643012 1.3727930 1.5407632 1.4192908 1.8317914 1.6632211 1.5444054 1.5745043 1.2620579 1.7865155 0.9914114 0.0000000 
