60
Hsap_ENST00000324862                                    0.0000000 0.7868003 1.1041827 0.8046190 1.2182938 1.1822356 0.9137841 0.8424563 1.0911427 1.2841567 1.2852073 1.2941415 1.3683202 1.0442513 1.0579498 1.0352827 1.0200776 0.8288907 1.0248095 0.9953568 1.0046540 0.9945661 1.2985632 1.2990994 1.2063693 0.8038776 1.4472494 1.3705484 1.3972391 1.6412101 1.5326193 1.2554845 1.6760337 1.5760625 1.1424833 1.1304482 1.2554677 1.1029789 1.2491531 1.3430189 1.2692923 1.2919010 1.2919010 1.2961195 0.9175114 1.6013432 1.9347388 1.9194114 2.4697992 2.6189715 2.0172072 2.0780228 1.9360358 1.8628437 2.0269822 1.9820812 1.7323367 1.3802470 1.1801709 1.5206095 
Bralan_BLAG19000683_1                                   0.7868003 0.0000000 1.2958191 0.7826112 1.3519897 1.3335305 1.0046921 1.0283863 0.9658237 1.3830362 1.3840741 1.3773401 1.2879703 1.0848044 1.1489317 1.1913707 1.1448159 0.9419467 1.0675080 1.1026995 1.0940907 1.0731565 1.3165130 1.2660346 1.3155735 0.8390661 1.5575487 1.5166446 1.5238967 1.8126544 1.6472006 1.4341449 1.8198062 1.8094859 1.2370943 1.2401305 1.1947300 1.1734183 1.2407341 1.3516646 1.2787822 1.2917852 1.2917852 1.4020126 0.9760297 1.5542340 1.7814415 1.9049221 2.2474339 2.2613825 2.0189912 1.8789510 1.8907870 1.8180955 2.1054642 1.9737012 1.8066072 1.7775330 1.2766714 1.6285434 
Tetwil_g8325.t2                                         1.1041827 1.2958191 0.0000000 0.7683997 1.1162983 1.1397434 1.4826154 1.4691233 1.1965453 1.3734349 1.5121675 1.5218628 1.4486078 1.1688057 1.1821536 1.2327993 1.2101106 1.0606832 1.1897765 1.1726529 1.1756376 1.1477522 1.4826607 1.4659312 1.6133639 1.2448404 1.0320732 0.9779751 0.8763593 0.9660578 1.5061466 1.2755473 1.5672027 1.4602977 1.1826395 1.6743955 1.6132800 1.2511539 1.4173633 1.4575664 1.3957277 1.3678896 1.3678896 1.4593651 1.3921724 1.6767721 2.0547647 2.0307116 2.4971225 2.6773271 1.9509173 2.0488093 1.9124223 1.8686076 2.0941915 2.1950149 1.7410257 0.9435501 1.8637268 1.2080720 
Ocar_g7989                                              0.8046190 0.7826112 0.7683997 0.0000000 0.1645563 0.6563694 0.8855918 0.6852478 0.7493791 0.5253539 0.7962037 0.8314074 0.8325001 0.9824408 0.6761216 1.0317344 1.0317344 1.0517964 1.0835106 1.1543770 1.1519216 1.0632590 1.1700467 1.1746505 1.1282881 0.9264488 0.8742194 0.8691021 0.6814353 0.0000010 1.2608212 1.1986700 1.3413684 1.2831841 1.2097017 0.9068008 0.9534583 1.2215234 1.2215234 1.2381232 1.2113305 1.1737639 1.1737639 1.1754645 1.1348010 1.1218112 0.0000010 1.0557721 0.0000010 0.0000010 1.1622338 0.8790893 1.1307545 1.0721466 1.3486804 1.1940632 0.9923548 0.7852652 0.0000010 4.4454093 
Opea_EP00118_Oscarella_pearsei_P020614                  1.2182938 1.3519897 1.1162983 0.1645563 0.0000000 0.6529568 1.3629067 1.3001782 0.9151728 1.3740433 1.3028266 1.3133621 1.2407563 1.0534735 1.0565324 1.1248611 1.0928394 0.8981572 1.0829732 1.0913037 1.0825596 1.0858244 1.2300302 1.2515704 1.4771009 1.3047362 1.3734757 1.3382575 1.1066496 1.3868061 1.4521772 1.1438234 1.5568214 1.5017032 1.1167654 1.5095118 1.2770276 1.1163059 1.3085713 1.3068369 1.2622077 1.2235488 1.2235488 1.3492763 1.4082172 1.5593617 1.8238691 1.7067425 2.2820507 2.2790898 1.7177811 1.6984085 1.6919619 1.6727822 1.8776488 2.0048145 1.5262275 1.5435654 1.8063452 1.4100691 
Plajan_Pjan_C566458_01                                  1.1822356 1.3335305 1.1397434 0.6563694 0.6529568 0.0000000 1.3886141 1.2831407 0.9600447 1.3593243 1.3091269 1.2890966 1.2386843 0.9827882 0.9542584 1.0645702 1.0382961 0.8077505 0.9889796 1.0050482 1.0124997 1.0211557 1.1959882 1.1483863 1.3875734 1.2364170 1.4190692 1.3626286 1.1486853 1.3244854 1.3828689 1.1246877 1.4859116 1.3849756 0.9827006 1.5472925 1.4456192 1.1615840 1.4036838 1.4170178 1.3608332 1.3973867 1.3973867 1.4239470 1.2947014 1.5381274 1.9341920 1.8187408 2.0571893 2.1017336 1.7553816 1.8225220 1.7664608 1.6346810 1.7463812 1.9012004 1.5299690 1.5244436 1.6550267 1.4935018 
Cgig_XM_034450662.1                                     0.9137841 1.0046921 1.4826154 0.8855918 1.3629067 1.3886141 0.0000000 0.5278731 1.1288452 1.3177769 1.3246384 1.3739817 1.2557871 1.0967703 1.1565392 1.2440627 1.2191006 0.9726676 1.1082309 1.0916368 1.1111107 1.1494787 1.3469209 1.4105436 1.0622115 0.8442995 1.7442761 1.6344266 1.4239179 1.7171732 1.5702419 1.2622359 1.6410181 1.6115933 1.3086552 0.8268774 1.1514688 1.2609347 1.3930890 1.5176284 1.4324263 1.4594937 1.4594937 1.4718636 0.9914230 1.6447414 1.9104019 2.0493839 2.2606740 2.2724335 2.0138209 1.9515692 1.9812121 1.8770456 2.0732567 2.0830669 1.6606346 1.6367270 1.0730983 1.7262217 
Acagra_model.g11110.t1.1.5d3b8645                       0.8424563 1.0283863 1.4691233 0.6852478 1.3001782 1.2831407 0.5278731 0.0000000 1.1900950 1.3848191 1.3801930 1.4005958 1.3156372 1.1223488 1.1465757 1.1399234 1.0997130 0.8812834 1.0444079 1.0772705 1.0377186 1.0512201 1.3099163 1.3300371 1.0499098 0.8907213 1.7039096 1.6235003 1.4763304 1.7616074 1.5653435 1.2873240 1.6089203 1.5922833 1.2215335 0.8848483 1.1776888 1.2943530 1.4952243 1.5512857 1.4990015 1.5107807 1.5107807 1.4909327 1.0049847 1.7163533 1.8593154 2.1886518 2.4340013 2.4185952 2.0791957 2.0534417 1.9784055 1.9574011 2.0930570 2.1206895 1.6883991 1.6581774 0.9287293 1.9077345 
Aaur_scaffold11.g49.t1                                  1.0911427 0.9658237 1.1965453 0.7493791 0.9151728 0.9600447 1.1288452 1.1900950 0.0000000 0.2004674 0.2547879 0.4140398 0.6674820 0.9350300 0.8389100 0.8785724 0.8785724 0.8558027 0.9058248 0.8601876 0.8752974 0.8448785 1.0547230 1.0439699 1.2651031 1.2958722 1.2048994 1.2462665 1.1606851 1.2946143 1.2938784 1.3643483 1.4366305 1.4245091 1.3834584 1.1828511 1.2105125 1.2142366 1.2034307 1.0660888 1.0758507 1.0470194 1.0470194 1.1408010 1.3075612 1.1043284 1.5219784 1.4121318 2.0832052 2.0832052 1.6101399 1.5044222 1.4508882 1.3773239 1.5999117 1.4464080 1.3701571 1.5075744 1.5951488 1.7607234 
Nemnom_g13735.t1                                        1.2841567 1.3830362 1.3734349 0.5253539 1.3740433 1.3593243 1.3177769 1.3848191 0.2004674 0.0000000 0.0728538 0.3974419 0.6055719 0.9821832 0.9978646 1.0115675 1.0271594 0.8430159 0.9890824 0.9845866 0.9748729 1.0053977 1.1238161 1.0911676 1.5572173 1.3502019 1.7069560 1.6923804 1.3804757 1.5367181 1.6083395 1.1084191 1.5305868 1.6451186 1.3173125 1.6065157 1.5704498 1.3832911 1.5644959 1.6118910 1.5113939 1.5297190 1.5297190 1.5584765 1.3862451 1.0468349 1.1012715 1.9542185 2.2119639 2.2040137 1.9117595 1.9593823 1.8544929 1.9681726 1.9394550 1.9969551 1.6393617 1.4105558 1.8331515 1.4936238 
Rhoesc_Res_011270-T1                                    1.2852073 1.3840741 1.5121675 0.7962037 1.3028266 1.3091269 1.3246384 1.3801930 0.2547879 0.0728538 0.0000000 0.4439610 0.6449523 0.9998386 0.9777446 1.0569430 1.0586922 0.9256337 1.0296318 1.0135844 1.0155950 1.0457578 1.1992251 1.1874037 1.5264719 1.3864238 1.6830775 1.6888023 1.4056916 1.5727486 1.5979676 1.3058729 1.5392629 1.6549069 1.2942927 1.5657135 1.5119304 1.3378236 1.4653409 1.5107321 1.4246097 1.4367987 1.4367987 1.4889991 1.3942246 1.1436826 1.1106845 1.9512999 2.2126974 2.2048918 1.9350726 1.9868398 1.8709609 1.9382289 1.9372890 2.0092519 1.6455392 1.5442160 1.7709122 1.6366662 
Sanmal_Sma_025118-T1                                    1.2941415 1.3773401 1.5218628 0.8314074 1.3133621 1.2890966 1.3739817 1.4005958 0.4140398 0.3974419 0.4439610 0.0000000 0.6412233 1.0747741 0.9825131 1.0817982 1.0580160 0.9257287 1.0145099 1.0129948 1.0169481 1.0110446 1.1437331 1.1590892 1.5901704 1.4241254 1.7088935 1.7038561 1.4418428 1.5976703 1.5379693 1.2719589 1.5075900 1.5921848 1.2587587 1.5851350 1.4884397 1.2713452 1.4593296 1.4922567 1.4149152 1.3899638 1.3899638 1.4963566 1.3648230 1.0891964 1.0527486 1.9061490 2.1921795 2.1828398 1.8827578 1.9267380 1.8736042 1.8875469 1.8854253 2.0064854 1.6463311 1.6131357 1.7779036 1.6718350 
Morvir_scaffold10.g128.t1                               1.3683202 1.2879703 1.4486078 0.8325001 1.2407563 1.2386843 1.2557871 1.3156372 0.6674820 0.6055719 0.6449523 0.6412233 0.0000000 0.9689038 0.9375835 0.9461415 0.9364978 0.8174708 0.9545039 0.9579777 0.9614941 0.9652870 1.1136220 1.1283614 1.5228858 1.4112165 1.5455184 1.5892632 1.3920056 1.6499951 1.5897933 1.2490246 1.5488269 1.5818171 1.2264802 1.5259974 1.4316718 1.1182978 1.3270411 1.3611939 1.3078252 1.3165376 1.3165376 1.3492836 1.3204861 1.0018877 1.0929046 1.7865329 1.9492594 1.9796656 1.7240646 1.7412576 1.7262058 1.7147496 1.7635057 1.7008313 1.4845699 1.6845828 1.7897901 1.6646980 
Exapal_XM_021044352.2                                   1.0442513 1.0848044 1.1688057 0.9824408 1.0534735 0.9827882 1.0967703 1.1223488 0.9350300 0.9821832 0.9998386 1.0747741 0.9689038 0.0000000 0.3492307 0.5607913 0.5488091 0.4530419 0.5317874 0.5534335 0.5288324 0.5274695 0.7720042 0.7294837 1.2573983 1.1086454 1.5460564 1.4978396 1.3154219 1.5164726 1.2398134 1.0000938 1.2795544 1.3037456 0.8381035 1.3784171 1.2757259 1.0687100 1.1721514 1.2318730 1.1446108 1.2372487 1.2372487 1.2495951 1.2243565 1.3057744 1.6054723 1.9327588 2.0973424 2.1537462 1.8913294 1.8887054 1.8658232 1.8329574 1.9019389 1.9692284 1.6172735 1.4652640 1.3486426 1.4917243 
Nvec_v1g235197                                          1.0579498 1.1489317 1.1821536 0.6761216 1.0565324 0.9542584 1.1565392 1.1465757 0.8389100 0.9978646 0.9777446 0.9825131 0.9375835 0.3492307 0.0000000 0.5302457 0.5203541 0.4813293 0.4690015 0.5031050 0.4906709 0.4933005 0.7126138 0.7038021 1.2063465 1.1135051 1.6883440 1.6234721 1.2994030 1.4036375 1.1346448 0.8489974 1.2541414 1.2688494 0.8475827 1.3454810 1.2743057 1.0258998 1.1902992 1.2572329 1.1455484 1.2321238 1.2321238 1.2717392 1.2973002 1.1556431 1.5025161 1.9056591 2.0600826 2.1094622 1.7378898 1.8369969 1.7658374 1.7298923 1.9102280 1.8966618 1.5553871 1.4491668 1.3710238 1.4224700 
Adig_XM_015919041.1                                     1.0352827 1.1913707 1.2327993 1.0317344 1.1248611 1.0645702 1.2440627 1.1399234 0.8785724 1.0115675 1.0569430 1.0817982 0.9461415 0.5607913 0.5302457 0.0000000 0.0000010 0.1126281 0.2329463 0.2597576 0.2514042 0.2322024 0.7712751 0.8065635 1.3399335 1.1825023 1.6689914 1.5687276 1.3753306 1.5225930 1.3199870 1.0741035 1.4179575 1.4008008 0.9517077 1.4221437 1.3359950 1.0694883 1.2298515 1.2937670 1.2441649 1.2299122 1.2299122 1.3012354 1.2879970 1.1678398 1.4058062 1.9638467 2.1655902 2.1639574 1.8639327 1.8482290 1.8023434 1.7694658 1.9339095 1.9269026 1.5141127 1.3804710 1.3732680 1.4583431 
Amil_Amillepora27543-RA                                 1.0200776 1.1448159 1.2101106 1.0317344 1.0928394 1.0382961 1.2191006 1.0997130 0.8785724 1.0271594 1.0586922 1.0580160 0.9364978 0.5488091 0.5203541 0.0000010 0.0000000 0.1155215 0.2247033 0.2574748 0.2468779 0.2218713 0.7766699 0.8032104 1.3648841 1.1556121 1.6130764 1.5356369 1.3587469 1.4831391 1.3278010 1.0853351 1.4649904 1.4649312 0.9951428 1.4837269 1.3798373 1.0553865 1.2038831 1.2792306 1.2297735 1.2239425 1.2239425 1.2893531 1.2955854 1.2060725 1.4276027 1.9972348 2.1733638 2.1726985 1.9099319 1.8961858 1.8400191 1.8049802 2.0125013 2.0028876 1.5958333 1.4553685 1.4397481 1.4189095 
Gfas_gfas1.m1.20985.m1                                  0.8288907 0.9419467 1.0606832 1.0517964 0.8981572 0.8077505 0.9726676 0.8812834 0.8558027 0.8430159 0.9256337 0.9257287 0.8174708 0.4530419 0.4813293 0.1126281 0.1155215 0.0000000 0.1301626 0.1533651 0.1464002 0.1616434 0.6769151 0.6904473 1.0292751 0.9655474 1.3295402 1.1678813 1.1337197 1.2391413 1.0641564 1.0095521 1.0608090 1.0755948 0.9233226 1.1342293 1.2098776 0.9903267 1.0659679 1.0189170 1.0489128 1.0452895 1.0452895 1.0175779 1.0862177 1.0995525 1.3033880 1.4913116 1.4999213 1.4999213 1.5106139 1.4204335 1.4671841 1.3682746 1.5542785 1.4009172 1.3890667 1.2611384 0.9101782 1.2236358 
Gasp_gasp1.m3.30628.m1                                  1.0248095 1.0675080 1.1897765 1.0835106 1.0829732 0.9889796 1.1082309 1.0444079 0.9058248 0.9890824 1.0296318 1.0145099 0.9545039 0.5317874 0.4690015 0.2329463 0.2247033 0.1301626 0.0000000 0.1584508 0.1519003 0.1421761 0.7548638 0.7763341 1.3363406 1.1049050 1.5159688 1.4647946 1.3104166 1.4277171 1.2764023 1.0494902 1.3496658 1.3916349 0.9825530 1.4184397 1.3593590 1.0284826 1.1780434 1.2792039 1.1763174 1.2310674 1.2310674 1.2841679 1.1954699 1.1876684 1.4136645 1.8293613 1.9401210 1.9510266 1.8950821 1.8468021 1.7882287 1.7108885 1.9465721 1.8854044 1.5904826 1.4042091 1.3142117 1.4158601 
Spis_XP_022801980_1                                     0.9953568 1.1026995 1.1726529 1.1543770 1.0913037 1.0050482 1.0916368 1.0772705 0.8601876 0.9845866 1.0135844 1.0129948 0.9579777 0.5534335 0.5031050 0.2597576 0.2574748 0.1533651 0.1584508 0.0000000 0.0440089 0.1982277 0.7763755 0.8019663 1.2943037 1.0868954 1.5713825 1.4770791 1.2592018 1.4208770 1.3499459 1.0903074 1.3897544 1.4632949 1.0452702 1.4195312 1.3661072 1.0384283 1.1830330 1.2171430 1.1599954 1.2134068 1.2134068 1.2413230 1.1903053 1.1421743 1.3876578 1.9285842 2.0689232 2.0924785 1.8849603 1.8329046 1.7775207 1.6935669 1.9659608 1.9790325 1.5876953 1.4040829 1.2985051 1.3648964 
Pocdam_XM_027191757.1                                   1.0046540 1.0940907 1.1756376 1.1519216 1.0825596 1.0124997 1.1111107 1.0377186 0.8752974 0.9748729 1.0155950 1.0169481 0.9614941 0.5288324 0.4906709 0.2514042 0.2468779 0.1464002 0.1519003 0.0440089 0.0000000 0.1854703 0.7563711 0.7853912 1.2722854 1.1130732 1.5202893 1.4633551 1.2528541 1.4332797 1.3421093 1.0757925 1.3883762 1.4549000 1.0302597 1.4130323 1.3826932 1.0118716 1.1564920 1.1710687 1.1292872 1.1766325 1.1766325 1.2166100 1.2019151 1.1611257 1.3661623 1.9324407 2.0338313 2.0261302 1.8589292 1.8020881 1.7660886 1.7019717 1.9447604 1.9796007 1.5459270 1.3844463 1.2935464 1.3728837 
Fspp_ffun1.m4.8882.m1                                   0.9945661 1.0731565 1.1477522 1.0632590 1.0858244 1.0211557 1.1494787 1.0512201 0.8448785 1.0053977 1.0457578 1.0110446 0.9652870 0.5274695 0.4933005 0.2322024 0.2218713 0.1616434 0.1421761 0.1982277 0.1854703 0.0000000 0.7673579 0.7814574 1.3693899 1.1107714 1.5702694 1.4405159 1.3220757 1.4225522 1.3028570 1.0358433 1.3595859 1.4220736 0.9982304 1.4365690 1.3579386 1.0230982 1.1664096 1.2665449 1.1583741 1.1840420 1.1840420 1.2447785 1.1882771 1.1595752 1.3528524 1.9273927 2.0591775 2.0483804 1.9175711 1.8911884 1.8205834 1.7564984 1.9590876 1.9497097 1.6595899 1.3885664 1.2608190 1.3779404 
Dgig_XM_028536191.1                                     1.2985632 1.3165130 1.4826607 1.1700467 1.2300302 1.1959882 1.3469209 1.3099163 1.0547230 1.1238161 1.1992251 1.1437331 1.1136220 0.7720042 0.7126138 0.7712751 0.7766699 0.6769151 0.7548638 0.7763755 0.7563711 0.7673579 0.0000000 0.1812591 1.4896606 1.2796729 1.8447887 1.8127771 1.4508681 1.6137556 1.4285531 1.2547952 1.4860505 1.5242204 1.0586941 1.4546482 1.4807101 1.2621138 1.4168243 1.4637261 1.3656363 1.3903197 1.3903197 1.4772454 1.3543727 1.4093824 1.3972432 1.9689134 2.2306951 2.3208342 1.9987065 2.1610121 2.0152547 1.8544146 1.9485310 1.9579136 1.6733131 1.5633316 1.6894215 1.7631589 
Xesp_005673-T1                                          1.2990994 1.2660346 1.4659312 1.1746505 1.2515704 1.1483863 1.4105436 1.3300371 1.0439699 1.0911676 1.1874037 1.1590892 1.1283614 0.7294837 0.7038021 0.8065635 0.8032104 0.6904473 0.7763341 0.8019663 0.7853912 0.7814574 0.1812591 0.0000000 1.5120756 1.3011173 1.8329781 1.8114214 1.4358593 1.5543667 1.3825946 1.2099522 1.4581381 1.5352730 1.0099315 1.6021378 1.4526211 1.2340923 1.4049513 1.4420145 1.3353842 1.3914043 1.3914043 1.4810899 1.3857952 1.4306030 1.4774121 2.0168652 2.1945516 2.2516372 1.9506738 2.0573528 1.9662277 1.8661236 1.9430734 2.0163447 1.7038086 1.5541212 1.6561270 1.7721403 
Tcas_TC000245_001                                       1.2063693 1.3155735 1.6133639 1.1282881 1.4771009 1.3875734 1.0622115 1.0499098 1.2651031 1.5572173 1.5264719 1.5901704 1.5228858 1.2573983 1.2063465 1.3399335 1.3648841 1.0292751 1.3363406 1.2943037 1.2722854 1.3693899 1.4896606 1.5120756 0.0000000 1.1709787 1.7318645 1.7073468 1.6091761 1.8407026 1.6724118 1.4611545 1.6958519 1.6608470 1.3709825 1.1836856 1.0133487 1.3738954 1.6010404 1.6798222 1.6363997 1.6660926 1.6660926 1.7613034 1.3587739 1.5282647 1.9663883 2.3646283 2.8708678 2.9079728 2.4133203 2.3888919 2.3360302 2.2181096 2.4548713 2.5215801 1.9505702 1.7606404 1.2735064 1.8111421 
Skow_XM_002731079.2                                     0.8038776 0.8390661 1.2448404 0.9264488 1.3047362 1.2364170 0.8442995 0.8907213 1.2958722 1.3502019 1.3864238 1.4241254 1.4112165 1.1086454 1.1135051 1.1825023 1.1556121 0.9655474 1.1049050 1.0868954 1.1130732 1.1107714 1.2796729 1.3011173 1.1709787 0.0000000 1.4636442 1.4282111 1.3092165 1.5511716 1.5695360 1.2846112 1.6727403 1.6107796 1.2572266 1.1068824 1.1873147 1.1598635 1.3389903 1.4762810 1.3893807 1.4695286 1.4695286 1.4609816 0.8349900 1.5496655 1.6268092 2.0021622 2.1501299 2.2718393 2.0169275 1.9552233 1.9677477 1.8511025 2.0064447 1.9831865 1.7015552 1.4657528 1.0820382 1.4727451 
Aque_Aqu2.1.43516_001                                   1.4472494 1.5575487 1.0320732 0.8742194 1.3734757 1.4190692 1.7442761 1.7039096 1.2048994 1.7069560 1.6830775 1.7088935 1.5455184 1.5460564 1.6883440 1.6689914 1.6130764 1.3295402 1.5159688 1.5713825 1.5202893 1.5702694 1.8447887 1.8329781 1.7318645 1.4636442 0.0000000 0.1887878 0.9051315 1.0183493 1.8133575 1.5835912 1.9084308 1.8566517 1.4359131 1.8917715 1.6707590 1.4356102 1.6070601 1.7008035 1.6762716 1.6036144 1.6036144 1.6721751 1.6395062 2.0454775 2.4375184 2.2765406 2.7832117 2.9604384 2.3381193 2.4689770 2.2270612 2.1237552 2.3455628 2.4216864 1.9630149 1.2196920 2.2972403 1.3977318 
Halamb_c44705_g1_i1mm.1512                              1.3705484 1.5166446 0.9779751 0.8691021 1.3382575 1.3626286 1.6344266 1.6235003 1.2462665 1.6923804 1.6888023 1.7038561 1.5892632 1.4978396 1.6234721 1.5687276 1.5356369 1.1678813 1.4647946 1.4770791 1.4633551 1.4405159 1.8127771 1.8114214 1.7073468 1.4282111 0.1887878 0.0000000 0.9142566 1.0076221 1.7952111 1.5268238 1.8881639 1.8894858 1.3412474 1.9456386 1.6731117 1.4324075 1.6398748 1.7441105 1.7152359 1.6726281 1.6726281 1.7286557 1.6507957 2.0708870 2.5582358 2.1546763 2.6059762 2.7337305 2.2187562 2.3300147 2.1053293 2.0752309 2.3068302 2.4416626 1.8976361 1.1630095 2.2280696 1.3650889 
Emue_Em0010g905a.t1                                     1.3972391 1.5238967 0.8763593 0.6814353 1.1066496 1.1486853 1.4239179 1.4763304 1.1606851 1.3804757 1.4056916 1.4418428 1.3920056 1.3154219 1.2994030 1.3753306 1.3587469 1.1337197 1.3104166 1.2592018 1.2528541 1.3220757 1.4508681 1.4358593 1.6091761 1.3092165 0.9051315 0.9142566 0.0000000 0.1088688 1.5671454 1.3089131 1.5139524 1.4787621 1.2907637 1.7699288 1.4707415 1.3547991 1.6152865 1.6014671 1.5492196 1.5422173 1.5422173 1.6547097 1.5106446 1.8000720 1.8334480 2.0805531 2.4401862 2.6443844 1.9054940 2.1016439 1.8877727 1.9046385 2.1027694 2.1667952 1.7558244 0.9373720 2.0605178 1.2251872 
Spolac_c101671_g1_i1_m.26369c101671-g1                  1.6412101 1.8126544 0.9660578 0.0000010 1.3868061 1.3244854 1.7171732 1.7616074 1.2946143 1.5367181 1.5727486 1.5976703 1.6499951 1.5164726 1.4036375 1.5225930 1.4831391 1.2391413 1.4277171 1.4208770 1.4332797 1.4225522 1.6137556 1.5543667 1.8407026 1.5511716 1.0183493 1.0076221 0.1088688 0.0000000 1.7795617 1.1616574 1.7199003 1.5539165 1.3343166 2.2698845 1.6604564 1.4855260 1.9282917 1.9651610 1.8179789 1.7945927 1.7945927 2.0324711 1.5699495 1.9939523 1.8630539 2.5015970 2.5116848 2.6979349 2.2959473 2.1761554 2.2187379 2.4157887 2.5033686 2.8366683 2.2324479 0.9757372 2.0078570 1.0928361 
Scil_scict012801.1                                      1.5326193 1.6472006 1.5061466 1.2608212 1.4521772 1.3828689 1.5702419 1.5653435 1.2938784 1.6083395 1.5979676 1.5379693 1.5897933 1.2398134 1.1346448 1.3199870 1.3278010 1.0641564 1.2764023 1.3499459 1.3421093 1.3028570 1.4285531 1.3825946 1.6724118 1.5695360 1.8133575 1.7952111 1.5671454 1.7795617 0.0000000 0.3913860 0.3544359 0.3913184 0.6521321 1.6346254 1.6865852 1.3324478 1.4617800 1.5120523 1.4214297 1.4378066 1.4378066 1.5753303 1.5090795 1.7527013 2.0936496 2.2168410 2.4977743 2.6037750 2.1291878 2.3447879 2.1459009 2.0029527 2.2359403 2.0273553 1.7794071 1.7520822 1.6392029 1.8397147 
Leuniv_Lniv_scaffold20316_01                            1.2554845 1.4341449 1.2755473 1.1986700 1.1438234 1.1246877 1.2622359 1.2873240 1.3643483 1.1084191 1.3058729 1.2719589 1.2490246 1.0000938 0.8489974 1.0741035 1.0853351 1.0095521 1.0494902 1.0903074 1.0757925 1.0358433 1.2547952 1.2099522 1.4611545 1.2846112 1.5835912 1.5268238 1.3089131 1.1616574 0.3913860 0.0000000 0.4668983 0.3921356 0.8114811 1.3324088 1.4413249 1.3516450 1.3793320 1.2454449 1.2692750 1.2661486 1.2661486 1.3012785 1.4111668 1.6617731 1.5295154 1.7232746 1.6112736 1.6112736 1.6853693 1.5893891 1.6117702 1.5959944 1.7199078 1.6177346 1.5536582 1.3700632 1.2991963 1.2339460 
Gracom_Gcom_C555820_01                                  1.6760337 1.8198062 1.5672027 1.3413684 1.5568214 1.4859116 1.6410181 1.6089203 1.4366305 1.5305868 1.5392629 1.5075900 1.5488269 1.2795544 1.2541414 1.4179575 1.4649904 1.0608090 1.3496658 1.3897544 1.3883762 1.3595859 1.4860505 1.4581381 1.6958519 1.6727403 1.9084308 1.8881639 1.5139524 1.7199003 0.3544359 0.4668983 0.0000000 0.4497048 0.7053130 1.6742810 1.6104997 1.4519353 1.6238006 1.5619835 1.4804718 1.5291175 1.5291175 1.6138522 1.5625202 1.8791090 1.9999084 2.0384171 2.4340554 2.5370439 2.0972740 2.2688182 2.0845191 1.9903222 2.0957827 2.1249989 1.6363263 1.8041077 1.7812268 1.9209521 
Lcom_lcpid13262                                         1.5760625 1.8094859 1.4602977 1.2831841 1.5017032 1.3849756 1.6115933 1.5922833 1.4245091 1.6451186 1.6549069 1.5921848 1.5818171 1.3037456 1.2688494 1.4008008 1.4649312 1.0755948 1.3916349 1.4632949 1.4549000 1.4220736 1.5242204 1.5352730 1.6608470 1.6107796 1.8566517 1.8894858 1.4787621 1.5539165 0.3913184 0.3921356 0.4497048 0.0000000 0.7240878 1.7021811 1.6335643 1.3896481 1.6215715 1.5920856 1.5351036 1.4837379 1.4837379 1.6162713 1.6326155 1.8898537 2.1099311 2.1999213 2.4031951 2.5200725 2.1569239 2.1801901 2.0590782 1.9841198 2.1371691 2.0781897 1.6770808 1.6383584 1.7913704 1.8697498 
Clacor_Ccor_C538109_01                                  1.1424833 1.2370943 1.1826395 1.2097017 1.1167654 0.9827006 1.3086552 1.2215335 1.3834584 1.3173125 1.2942927 1.2587587 1.2264802 0.8381035 0.8475827 0.9517077 0.9951428 0.9233226 0.9825530 1.0452702 1.0302597 0.9982304 1.0586941 1.0099315 1.3709825 1.2572266 1.4359131 1.3412474 1.2907637 1.3343166 0.6521321 0.8114811 0.7053130 0.7240878 0.0000000 1.2036767 1.5106462 1.2229416 1.2427703 1.2027401 1.2078530 1.2238310 1.2238310 1.2311980 1.3145156 1.4025889 1.6602648 1.8504274 1.9695462 1.9695462 1.6548455 1.7152247 1.6977658 1.5808384 1.7503131 1.7729879 1.6412511 1.4564204 1.4074933 1.3440029 
Ctel_gnl_WGS_AMQN_CAPTEDRAFT_mRNA19567                  1.1304482 1.2401305 1.6743955 0.9068008 1.5095118 1.5472925 0.8268774 0.8848483 1.1828511 1.6065157 1.5657135 1.5851350 1.5259974 1.3784171 1.3454810 1.4221437 1.4837269 1.1342293 1.4184397 1.4195312 1.4130323 1.4365690 1.4546482 1.6021378 1.1836856 1.1068824 1.8917715 1.9456386 1.7699288 2.2698845 1.6346254 1.3324088 1.6742810 1.7021811 1.2036767 0.0000000 1.2568543 1.3862867 1.5664333 1.7179224 1.6491822 1.7218304 1.7218304 1.6821468 1.1122917 1.7355061 2.2189392 2.2405055 3.0921983 3.1527463 2.2977609 2.3559643 2.2275198 2.1298169 2.2168117 2.2766879 1.8461510 1.9052924 1.2778710 1.9999197 
Dpul_mRNA28602                                          1.2554677 1.1947300 1.6132800 0.9534583 1.2770276 1.4456192 1.1514688 1.1776888 1.2105125 1.5704498 1.5119304 1.4884397 1.4316718 1.2757259 1.2743057 1.3359950 1.3798373 1.2098776 1.3593590 1.3661072 1.3826932 1.3579386 1.4807101 1.4526211 1.0133487 1.1873147 1.6707590 1.6731117 1.4707415 1.6604564 1.6865852 1.4413249 1.6104997 1.6335643 1.5106462 1.2568543 0.0000000 1.4349563 1.5687322 1.5111362 1.4900820 1.4849576 1.4849576 1.5543923 1.1764899 1.7832696 2.0845310 2.2624371 2.6306396 2.6306396 2.1409562 2.0909876 2.0701629 2.1687801 2.2761868 2.4381094 1.9293111 1.8283088 1.3099850 1.8472270 
Tadh_TriadT37477                                        1.1029789 1.1734183 1.2511539 1.2215234 1.1163059 1.1615840 1.2609347 1.2943530 1.2142366 1.3832911 1.3378236 1.2713452 1.1182978 1.0687100 1.0258998 1.0694883 1.0553865 0.9903267 1.0284826 1.0384283 1.0118716 1.0230982 1.2621138 1.2340923 1.3738954 1.1598635 1.4356102 1.4324075 1.3547991 1.4855260 1.3324478 1.3516450 1.4519353 1.3896481 1.2229416 1.3862867 1.4349563 0.0000000 0.0249738 0.2209487 0.2228894 0.2304343 0.2304343 0.2288831 1.2193905 1.5363120 1.5618080 1.8776019 2.1263942 2.1263942 1.9149312 1.9277077 1.8245597 1.7735416 1.9536583 1.9504879 1.6801935 1.6191799 1.5665674 1.4854140 
TrH2_TrispH2_010253-RA                                  1.2491531 1.2407341 1.4173633 1.2215234 1.3085713 1.4036838 1.3930890 1.4952243 1.2034307 1.5644959 1.4653409 1.4593296 1.3270411 1.1721514 1.1902992 1.2298515 1.2038831 1.0659679 1.1780434 1.1830330 1.1564920 1.1664096 1.4168243 1.4049513 1.6010404 1.3389903 1.6070601 1.6398748 1.6152865 1.9282917 1.4617800 1.3793320 1.6238006 1.6215715 1.2427703 1.5664333 1.5687322 0.0249738 0.0000000 0.2761570 0.2258866 0.2469340 0.2469340 0.2756382 1.3299238 1.7895721 1.9798380 2.0544590 2.3424812 2.3424812 2.0404378 2.0281963 1.9808303 1.9469208 2.0552278 2.1583389 1.8228168 1.8705086 1.7887708 1.7582570 
HoiH06_mRNA9686                                         1.3430189 1.3516646 1.4575664 1.2381232 1.3068369 1.4170178 1.5176284 1.5512857 1.0660888 1.6118910 1.5107321 1.4922567 1.3611939 1.2318730 1.2572329 1.2937670 1.2792306 1.0189170 1.2792039 1.2171430 1.1710687 1.2665449 1.4637261 1.4420145 1.6798222 1.4762810 1.7008035 1.7441105 1.6014671 1.9651610 1.5120523 1.2454449 1.5619835 1.5920856 1.2027401 1.7179224 1.5111362 0.2209487 0.2761570 0.0000000 0.0807881 0.1372781 0.1372781 0.2197869 1.4550945 1.8120235 1.9975386 2.0907370 2.3659726 2.3659726 2.0260904 2.0540158 1.9917465 1.9837366 2.0938960 2.2385974 1.8136907 1.8866859 1.9844970 1.7467296 
HoiH23_PlH23_004396-RA                                  1.2692923 1.2787822 1.3957277 1.2113305 1.2622077 1.3608332 1.4324263 1.4990015 1.0758507 1.5113939 1.4246097 1.4149152 1.3078252 1.1446108 1.1455484 1.2441649 1.2297735 1.0489128 1.1763174 1.1599954 1.1292872 1.1583741 1.3656363 1.3353842 1.6363997 1.3893807 1.6762716 1.7152359 1.5492196 1.8179789 1.4214297 1.2692750 1.4804718 1.5351036 1.2078530 1.6491822 1.4900820 0.2228894 0.2258866 0.0807881 0.0000000 0.1078445 0.1078445 0.2070070 1.3696179 1.7108098 1.9104734 1.9779264 2.2085707 2.2085707 1.9318562 1.9515368 1.8918240 1.8585788 2.0218566 2.0968619 1.7877192 1.8254216 1.8504555 1.6880051 
Hhon_g07194.t1                                          1.2919010 1.2917852 1.3678896 1.1737639 1.2235488 1.3973867 1.4594937 1.5107807 1.0470194 1.5297190 1.4367987 1.3899638 1.3165376 1.2372487 1.2321238 1.2299122 1.2239425 1.0452895 1.2310674 1.2134068 1.1766325 1.1840420 1.3903197 1.3914043 1.6660926 1.4695286 1.6036144 1.6726281 1.5422173 1.7945927 1.4378066 1.2661486 1.5291175 1.4837379 1.2238310 1.7218304 1.4849576 0.2304343 0.2469340 0.1372781 0.1078445 0.0000000 0.0000010 0.2210778 1.3677440 1.7641980 1.9655931 1.9294175 2.1456099 2.1456099 1.9196814 1.9466699 1.8983283 1.8725172 1.9571350 2.0868048 1.7203056 1.7842921 1.9361003 1.5912765 
HoiH04_mRNA4698                                         1.2919010 1.2917852 1.3678896 1.1737639 1.2235488 1.3973867 1.4594937 1.5107807 1.0470194 1.5297190 1.4367987 1.3899638 1.3165376 1.2372487 1.2321238 1.2299122 1.2239425 1.0452895 1.2310674 1.2134068 1.1766325 1.1840420 1.3903197 1.3914043 1.6660926 1.4695286 1.6036144 1.6726281 1.5422173 1.7945927 1.4378066 1.2661486 1.5291175 1.4837379 1.2238310 1.7218304 1.4849576 0.2304343 0.2469340 0.1372781 0.1078445 0.0000010 0.0000000 0.2210778 1.3677440 1.7641980 1.9655931 1.9294175 2.1456099 2.1456099 1.9196814 1.9466699 1.8983283 1.8725172 1.9571350 2.0868048 1.7203056 1.7842921 1.9361003 1.5912765 
HoiH11_mRNA4708                                         1.2961195 1.4020126 1.4593651 1.1754645 1.3492763 1.4239470 1.4718636 1.4909327 1.1408010 1.5584765 1.4889991 1.4963566 1.3492836 1.2495951 1.2717392 1.3012354 1.2893531 1.0175779 1.2841679 1.2413230 1.2166100 1.2447785 1.4772454 1.4810899 1.7613034 1.4609816 1.6721751 1.7286557 1.6547097 2.0324711 1.5753303 1.3012785 1.6138522 1.6162713 1.2311980 1.6821468 1.5543923 0.2288831 0.2756382 0.2197869 0.2070070 0.2210778 0.2210778 0.0000000 1.5135498 1.8034058 1.9824197 2.1018166 2.4961438 2.4961438 2.0389379 2.0536599 2.0408268 2.0504728 2.0687519 2.1762711 1.8314784 1.8754221 1.9410974 1.8189721 
Spur_XM_030985619.1                                     0.9175114 0.9760297 1.3921724 1.1348010 1.4082172 1.2947014 0.9914230 1.0049847 1.3075612 1.3862451 1.3942246 1.3648230 1.3204861 1.2243565 1.2973002 1.2879970 1.2955854 1.0862177 1.1954699 1.1903053 1.2019151 1.1882771 1.3543727 1.3857952 1.3587739 0.8349900 1.6395062 1.6507957 1.5106446 1.5699495 1.5090795 1.4111668 1.5625202 1.6326155 1.3145156 1.1122917 1.1764899 1.2193905 1.3299238 1.4550945 1.3696179 1.3677440 1.3677440 1.5135498 0.0000000 1.6333824 1.7293942 1.9993228 2.2070950 2.3061112 2.0090922 1.9221823 1.9429578 1.8861813 2.0209245 2.0978779 1.6914161 1.8203888 1.3216028 1.6634684 
Hvul_g31740_1                                           1.6013432 1.5542340 1.6767721 1.1218112 1.5593617 1.5381274 1.6447414 1.7163533 1.1043284 1.0468349 1.1436826 1.0891964 1.0018877 1.3057744 1.1556431 1.1678398 1.2060725 1.0995525 1.1876684 1.1421743 1.1611257 1.1595752 1.4093824 1.4306030 1.5282647 1.5496655 2.0454775 2.0708870 1.8000720 1.9939523 1.7527013 1.6617731 1.8791090 1.8898537 1.4025889 1.7355061 1.7832696 1.5363120 1.7895721 1.8120235 1.7108098 1.7641980 1.7641980 1.8034058 1.6333824 0.0000000 0.6713859 2.1585941 2.8060832 2.8227357 2.1267082 2.1811297 2.0808419 1.9598652 2.1672734 2.2460294 1.8592639 1.8832553 2.0044473 1.9566630 
Chem_TCONS_00019057                                     1.9347388 1.7814415 2.0547647 0.0000010 1.8238691 1.9341920 1.9104019 1.8593154 1.5219784 1.1012715 1.1106845 1.0527486 1.0929046 1.6054723 1.5025161 1.4058062 1.4276027 1.3033880 1.4136645 1.3876578 1.3661623 1.3528524 1.3972432 1.4774121 1.9663883 1.6268092 2.4375184 2.5582358 1.8334480 1.8630539 2.0936496 1.5295154 1.9999084 2.1099311 1.6602648 2.2189392 2.0845310 1.5618080 1.9798380 1.9975386 1.9104734 1.9655931 1.9655931 1.9824197 1.7293942 0.6713859 0.0000000 2.7916434 2.7060224 2.8178472 2.5390949 2.5206372 2.5760806 2.7429623 2.5563353 2.8881811 2.2904269 1.9408455 2.1159977 1.8087944 
Horcal_Hcv1.av93.c2.g750.i1                             1.9194114 1.9049221 2.0307116 1.0557721 1.7067425 1.8187408 2.0493839 2.1886518 1.4121318 1.9542185 1.9512999 1.9061490 1.7865329 1.9327588 1.9056591 1.9638467 1.9972348 1.4913116 1.8293613 1.9285842 1.9324407 1.9273927 1.9689134 2.0168652 2.3646283 2.0021622 2.2765406 2.1546763 2.0805531 2.5015970 2.2168410 1.7232746 2.0384171 2.1999213 1.8504274 2.2405055 2.2624371 1.8776019 2.0544590 2.0907370 1.9779264 1.9294175 1.9294175 2.1018166 1.9993228 2.1585941 2.7916434 0.0000000 0.7034141 0.6876920 0.7102504 0.7184374 0.6701427 0.6920301 0.5930112 0.6409671 0.7129023 2.0679134 2.6874136 2.3308834 
Bolinf_Binf_sb1209292                                   2.4697992 2.2474339 2.4971225 0.0000010 2.2820507 2.0571893 2.2606740 2.4340013 2.0832052 2.2119639 2.2126974 2.1921795 1.9492594 2.0973424 2.0600826 2.1655902 2.1733638 1.4999213 1.9401210 2.0689232 2.0338313 2.0591775 2.2306951 2.1945516 2.8708678 2.1501299 2.7832117 2.6059762 2.4401862 2.5116848 2.4977743 1.6112736 2.4340554 2.4031951 1.9695462 3.0921983 2.6306396 2.1263942 2.3424812 2.3659726 2.2085707 2.1456099 2.1456099 2.4961438 2.2070950 2.8060832 2.7060224 0.7034141 0.0000000 0.0000010 0.5244448 0.5167473 0.5180495 0.4717076 0.4152654 0.3870028 0.6602708 2.1443320 2.4723615 2.1042906 
Mertsp_Mesp_sb562641                                    2.6189715 2.2613825 2.6773271 0.0000010 2.2790898 2.1017336 2.2724335 2.4185952 2.0832052 2.2040137 2.2048918 2.1828398 1.9796656 2.1537462 2.1094622 2.1639574 2.1726985 1.4999213 1.9510266 2.0924785 2.0261302 2.0483804 2.3208342 2.2516372 2.9079728 2.2718393 2.9604384 2.7337305 2.6443844 2.6979349 2.6037750 1.6112736 2.5370439 2.5200725 1.9695462 3.1527463 2.6306396 2.1263942 2.3424812 2.3659726 2.2085707 2.1456099 2.1456099 2.4961438 2.3061112 2.8227357 2.8178472 0.6876920 0.0000010 0.0000000 0.5288959 0.5239458 0.5263673 0.4812419 0.4029878 0.3826502 0.6663508 2.3787527 2.6282359 2.3062040 
Vmul_SimC402890                                         2.0172072 2.0189912 1.9509173 1.1622338 1.7177811 1.7553816 2.0138209 2.0791957 1.6101399 1.9117595 1.9350726 1.8827578 1.7240646 1.8913294 1.7378898 1.8639327 1.9099319 1.5106139 1.8950821 1.8849603 1.8589292 1.9175711 1.9987065 1.9506738 2.4133203 2.0169275 2.3381193 2.2187562 1.9054940 2.2959473 2.1291878 1.6853693 2.0972740 2.1569239 1.6548455 2.2977609 2.1409562 1.9149312 2.0404378 2.0260904 1.9318562 1.9196814 1.9196814 2.0389379 2.0090922 2.1267082 2.5390949 0.7102504 0.5244448 0.5288959 0.0000000 0.1882996 0.1918420 0.4589186 0.5659509 0.6167777 0.6622266 2.0800846 2.4069056 2.2329336 
Coeast_Cast_sb771721                                    2.0780228 1.8789510 2.0488093 0.8790893 1.6984085 1.8225220 1.9515692 2.0534417 1.5044222 1.9593823 1.9868398 1.9267380 1.7412576 1.8887054 1.8369969 1.8482290 1.8961858 1.4204335 1.8468021 1.8329046 1.8020881 1.8911884 2.1610121 2.0573528 2.3888919 1.9552233 2.4689770 2.3300147 2.1016439 2.1761554 2.3447879 1.5893891 2.2688182 2.1801901 1.7152247 2.3559643 2.0909876 1.9277077 2.0281963 2.0540158 1.9515368 1.9466699 1.9466699 2.0536599 1.9221823 2.1811297 2.5206372 0.7184374 0.5167473 0.5239458 0.1882996 0.0000000 0.0279198 0.4383446 0.5508522 0.6133971 0.6212448 2.0764420 2.3898072 2.0249795 
Coemet_Cmet_C606604_01                                  1.9360358 1.8907870 1.9124223 1.1307545 1.6919619 1.7664608 1.9812121 1.9784055 1.4508882 1.8544929 1.8709609 1.8736042 1.7262058 1.8658232 1.7658374 1.8023434 1.8400191 1.4671841 1.7882287 1.7775207 1.7660886 1.8205834 2.0152547 1.9662277 2.3360302 1.9677477 2.2270612 2.1053293 1.8877727 2.2187379 2.1459009 1.6117702 2.0845191 2.0590782 1.6977658 2.2275198 2.0701629 1.8245597 1.9808303 1.9917465 1.8918240 1.8983283 1.8983283 2.0408268 1.9429578 2.0808419 2.5760806 0.6701427 0.5180495 0.5263673 0.1918420 0.0279198 0.0000000 0.4284826 0.5787223 0.6107600 0.6240513 2.1183582 2.4301482 2.1926733 
Lampan_Lpan_C418975_01                                  1.8628437 1.8180955 1.8686076 1.0721466 1.6727822 1.6346810 1.8770456 1.9574011 1.3773239 1.9681726 1.9382289 1.8875469 1.7147496 1.8329574 1.7298923 1.7694658 1.8049802 1.3682746 1.7108885 1.6935669 1.7019717 1.7564984 1.8544146 1.8661236 2.2181096 1.8511025 2.1237552 2.0752309 1.9046385 2.4157887 2.0029527 1.5959944 1.9903222 1.9841198 1.5808384 2.1298169 2.1687801 1.7735416 1.9469208 1.9837366 1.8585788 1.8725172 1.8725172 2.0504728 1.8861813 1.9598652 2.7429623 0.6920301 0.4717076 0.4812419 0.4589186 0.4383446 0.4284826 0.0000000 0.5077117 0.4802990 0.5745281 2.0731168 2.4827451 2.0617210 
Drygla_Dgla_sb303620                                    2.0269822 2.1054642 2.0941915 1.3486804 1.8776488 1.7463812 2.0732567 2.0930570 1.5999117 1.9394550 1.9372890 1.8854253 1.7635057 1.9019389 1.9102280 1.9339095 2.0125013 1.5542785 1.9465721 1.9659608 1.9447604 1.9590876 1.9485310 1.9430734 2.4548713 2.0064447 2.3455628 2.3068302 2.1027694 2.5033686 2.2359403 1.7199078 2.0957827 2.1371691 1.7503131 2.2168117 2.2761868 1.9536583 2.0552278 2.0938960 2.0218566 1.9571350 1.9571350 2.0687519 2.0209245 2.1672734 2.5563353 0.5930112 0.4152654 0.4029878 0.5659509 0.5508522 0.5787223 0.5077117 0.0000000 0.3641180 0.6576367 2.2538704 2.5363402 2.2734860 
Beraby_Baby_sb348750                                    1.9820812 1.9737012 2.1950149 1.1940632 2.0048145 1.9012004 2.0830669 2.1206895 1.4464080 1.9969551 2.0092519 2.0064854 1.7008313 1.9692284 1.8966618 1.9269026 2.0028876 1.4009172 1.8854044 1.9790325 1.9796007 1.9497097 1.9579136 2.0163447 2.5215801 1.9831865 2.4216864 2.4416626 2.1667952 2.8366683 2.0273553 1.6177346 2.1249989 2.0781897 1.7729879 2.2766879 2.4381094 1.9504879 2.1583389 2.2385974 2.0968619 2.0868048 2.0868048 2.1762711 2.0978779 2.2460294 2.8881811 0.6409671 0.3870028 0.3826502 0.6167777 0.6133971 0.6107600 0.4802990 0.3641180 0.0000000 0.6688382 2.2482186 2.6373114 2.3585267 
Eupdun_Edun_sb10671981                                  1.7323367 1.8066072 1.7410257 0.9923548 1.5262275 1.5299690 1.6606346 1.6883991 1.3701571 1.6393617 1.6455392 1.6463311 1.4845699 1.6172735 1.5553871 1.5141127 1.5958333 1.3890667 1.5904826 1.5876953 1.5459270 1.6595899 1.6733131 1.7038086 1.9505702 1.7015552 1.9630149 1.8976361 1.7558244 2.2324479 1.7794071 1.5536582 1.6363263 1.6770808 1.6412511 1.8461510 1.9293111 1.6801935 1.8228168 1.8136907 1.7877192 1.7203056 1.7203056 1.8314784 1.6914161 1.8592639 2.2904269 0.7129023 0.6602708 0.6663508 0.6622266 0.6212448 0.6240513 0.5745281 0.6576367 0.6688382 0.0000000 2.0276618 2.3667825 1.9704509 
Stycar_maker-SC_scaffold2125-augustus-gene-0.128-mRNA-1 1.3802470 1.7775330 0.9435501 0.7852652 1.5435654 1.5244436 1.6367270 1.6581774 1.5075744 1.4105558 1.5442160 1.6131357 1.6845828 1.4652640 1.4491668 1.3804710 1.4553685 1.2611384 1.4042091 1.4040829 1.3844463 1.3885664 1.5633316 1.5541212 1.7606404 1.4657528 1.2196920 1.1630095 0.9373720 0.9757372 1.7520822 1.3700632 1.8041077 1.6383584 1.4564204 1.9052924 1.8283088 1.6191799 1.8705086 1.8866859 1.8254216 1.7842921 1.7842921 1.8754221 1.8203888 1.8832553 1.9408455 2.0679134 2.1443320 2.3787527 2.0800846 2.0764420 2.1183582 2.0731168 2.2538704 2.2482186 2.0276618 0.0000000 1.9367557 1.4500330 
Cscu_XM_023362479.1                                     1.1801709 1.2766714 1.8637268 0.0000010 1.8063452 1.6550267 1.0730983 0.9287293 1.5951488 1.8331515 1.7709122 1.7779036 1.7897901 1.3486426 1.3710238 1.3732680 1.4397481 0.9101782 1.3142117 1.2985051 1.2935464 1.2608190 1.6894215 1.6561270 1.2735064 1.0820382 2.2972403 2.2280696 2.0605178 2.0078570 1.6392029 1.2991963 1.7812268 1.7913704 1.4074933 1.2778710 1.3099850 1.5665674 1.7887708 1.9844970 1.8504555 1.9361003 1.9361003 1.9410974 1.3216028 2.0044473 2.1159977 2.6874136 2.4723615 2.6282359 2.4069056 2.3898072 2.4301482 2.4827451 2.5363402 2.6373114 2.3667825 1.9367557 0.0000000 1.8539850 
Plespi_Pspi_scaffold1075_01                             1.5206095 1.6285434 1.2080720 4.4454093 1.4100691 1.4935018 1.7262217 1.9077345 1.7607234 1.4936238 1.6366662 1.6718350 1.6646980 1.4917243 1.4224700 1.4583431 1.4189095 1.2236358 1.4158601 1.3648964 1.3728837 1.3779404 1.7631589 1.7721403 1.8111421 1.4727451 1.3977318 1.3650889 1.2251872 1.0928361 1.8397147 1.2339460 1.9209521 1.8697498 1.3440029 1.9999197 1.8472270 1.4854140 1.7582570 1.7467296 1.6880051 1.5912765 1.5912765 1.8189721 1.6634684 1.9566630 1.8087944 2.3308834 2.1042906 2.3062040 2.2329336 2.0249795 2.1926733 2.0617210 2.2734860 2.3585267 1.9704509 1.4500330 1.8539850 0.0000000 
