56
Hsap_ENST00000225983                                  0.0000000 1.0942089 1.2668878 0.8888155 0.8151365 1.1787697 1.2341059 1.1152463 1.6288507 1.4819507 1.6220043 1.6476666 1.6925143 1.3711423 0.7721144 1.6553421 1.6381600 0.8744529 1.6494126 1.6712112 1.7478626 1.8221183 1.6972523 2.1089734 1.9957957 1.3318580 1.2575657 2.1023022 1.4159697 1.5203556 2.0088199 2.0557545 2.0549829 1.9008529 1.1310610 2.0543039 2.3434796 1.3272256 2.0390291 1.7450697 2.0495652 2.0293272 2.0331995 1.9145961 2.5834457 2.7389772 2.6306047 2.5880822 1.8064277 1.7442470 2.6262575 1.6747543 2.8394691 2.0695416 2.5260994 2.5961158 
Bralan_BLAG10000854_12                                1.0942089 0.0000000 1.2222073 0.8729083 0.6956314 1.1299923 1.1201816 1.1622917 1.5874507 1.4026798 1.4652158 1.4803918 1.5642620 1.2892160 0.7958051 1.5248709 1.4815156 0.8872204 1.4788986 1.4842471 1.5084499 1.5625958 1.5454201 1.9936204 1.9782855 1.2513729 1.2626365 1.8326959 1.2912208 1.3102599 1.6989466 1.8432977 1.6148896 1.7973556 1.0653273 1.8957807 2.3007461 1.3002584 2.0783810 1.6509020 2.0327274 2.0694868 2.0874412 1.9167663 2.3597219 2.4999989 2.3519870 1.9177106 1.5051097 1.6117145 2.3510934 1.5340908 2.4917452 1.9466207 2.4166638 2.4864726 
Spur_XM_011662236.2                                   1.2668878 1.2222073 0.0000000 0.8010756 0.6770907 1.3014302 1.2114396 1.2330667 1.7575867 1.6377978 1.7431734 1.7440226 1.8595813 1.5006460 0.9013094 1.7137087 1.6837942 1.0031319 1.8272837 1.7973438 1.7274484 1.8468587 1.5852494 2.1765294 2.1524450 1.2811121 1.2699231 2.0743340 1.4699647 1.5955731 1.9961332 2.0982218 2.0087382 2.0022729 1.0853272 1.9778106 2.4475640 1.4035799 1.9722163 1.6063885 1.9486831 1.9278886 1.9460790 1.8539163 2.4553512 2.5957864 2.4769083 2.5000193 1.7794411 1.6905887 2.3426013 1.5349237 2.5440199 2.1095061 2.4501698 2.6065576 
Dpul_mRNA27605                                        0.8888155 0.8729083 0.8010756 0.0000000 0.6988309 0.7027290 0.7465036 0.6998771 0.9546157 0.8290118 0.9459663 0.9249691 0.9622258 0.9256854 0.9099522 0.9288710 0.9317813 0.8921858 0.8763940 0.8342108 0.9190285 0.8812988 0.8820888 0.9240445 1.2081873 1.0289155 1.2388997 1.1501288 1.0876893 1.1787348 1.1527381 1.5943434 1.1848772 1.3403508 0.3953583 1.2742406 1.2861360 1.2783008 1.2419177 1.1531898 1.2101241 1.1513426 1.1513426 1.2234919 1.4625053 1.6007004 1.5647987 2.3760369 1.5991450 1.6404297 1.6732414 1.5480939 1.5885268 1.0386612 1.3742264 0.9093327 
Ctel_gnl_WGS_AMQN_CAPTEDRAFT_mRNA43373                0.8151365 0.6956314 0.6770907 0.6988309 0.0000000 0.5829841 0.6762855 0.7721244 0.9320791 0.8700207 0.9376813 0.8767783 0.8877627 0.8656178 0.8471543 0.8753018 0.8629129 0.7653704 0.7481936 0.7618570 0.8371575 0.8658102 0.8532843 0.8425340 1.0617646 1.0922552 1.0450895 1.1716868 1.0645760 0.9470566 0.9632355 1.2015256 0.9405536 1.4192830 0.6466450 1.0067483 1.1056793 1.2203189 1.2203189 1.1706716 1.1797919 1.1783874 1.1783874 1.2083107 1.2913662 1.3538114 1.3412237 1.5476766 1.3276618 1.3615126 1.3274625 1.1077146 1.3726516 0.8810907 1.1074878 0.9987356 
Acagra_model.g19516.t1_model.g19515.t1                1.1787697 1.1299923 1.3014302 0.7027290 0.5829841 0.0000000 0.6506996 0.9623627 1.6569507 1.5591539 1.5459096 1.5132068 1.6476627 1.3116626 0.8348566 1.5743071 1.5675502 0.8768461 1.4540086 1.4676951 1.4862897 1.5233511 1.5588539 2.0649542 1.9223780 1.0214098 1.2124393 2.0096314 1.3714965 1.5432867 1.9006254 1.9000375 1.8500139 1.8450985 0.7475390 1.8991631 2.2495529 1.2615269 1.9306895 1.6082275 1.8806159 1.8939196 1.9002344 1.8097823 2.3143073 2.5918940 2.4268597 2.3516156 1.6486086 1.6265107 2.3946162 1.4769645 2.4168543 2.0861924 2.2530579 2.3314630 
Cgig_XM_011449954.3                                   1.2341059 1.1201816 1.2114396 0.7465036 0.6762855 0.6506996 0.0000000 1.0864070 1.6498424 1.5387095 1.6335809 1.6294353 1.5830792 1.2486477 0.8655501 1.5457042 1.5188346 0.9649840 1.5000287 1.5162745 1.4996477 1.5835478 1.5081127 1.8525767 2.0866093 1.2237549 1.2766818 2.1825157 1.3652226 1.5288718 1.9256327 1.8788056 1.8392837 2.1475485 0.8977974 1.7520169 1.9654146 1.2116542 1.9935425 1.5589250 1.9080329 1.9319326 1.9406199 1.7919314 2.2078485 2.5140286 2.3288289 1.8483809 1.4574432 1.4056207 2.0944425 1.2263588 2.3249032 1.9863196 2.3815549 2.4438042 
Tcas_TC014342_001                                     1.1152463 1.1622917 1.2330667 0.6998771 0.7721244 0.9623627 1.0864070 0.0000000 1.3788306 1.3309061 1.4314072 1.4074405 1.4891052 1.2785912 0.9736672 1.3991778 1.3945134 0.9840088 1.3351881 1.3315948 1.3884254 1.5325984 1.4578255 1.6729138 1.7208445 1.0355753 1.1652538 1.9181817 1.2852734 1.3643154 1.7677267 1.8919886 1.8008458 1.7655178 0.7274562 1.8218013 1.9613575 1.3701239 1.9149953 1.6996665 1.9076665 1.8688309 1.8730636 1.8271278 1.9674621 2.0998395 1.9985564 2.2085984 1.6000686 1.5700171 2.0943467 1.4682392 2.2282074 1.8464051 2.0164176 2.3416258 
Exapal_XM_021061636.2                                 1.6288507 1.5874507 1.7575867 0.9546157 0.9320791 1.6569507 1.6498424 1.3788306 0.0000000 0.5027600 0.7515174 0.7552699 0.7544925 0.5847718 0.2902528 0.7501554 0.7446403 0.6359341 1.4071486 1.4148768 1.3382638 1.3965576 0.9665073 1.7768190 1.8862722 0.9213535 1.0192086 1.7974186 1.2507321 1.3909606 1.8690379 1.8544317 1.8313835 1.6120673 1.4616174 1.9547610 2.2878971 1.1229041 1.8055053 1.4833598 1.8301374 1.8922014 1.9146103 1.7428662 2.3941347 2.5378568 2.4068514 1.6111516 1.3807468 1.3660169 2.3097026 1.2916681 2.4174043 1.8355950 2.4757225 2.6820461 
Nvec_v1g190860                                        1.4819507 1.4026798 1.6377978 0.8290118 0.8700207 1.5591539 1.5387095 1.3309061 0.5027600 0.0000000 0.6187002 0.6004081 0.6532099 0.4987562 0.2789000 0.6368285 0.6240529 0.5338807 1.2136992 1.2224387 1.2072917 1.1442405 0.8817907 1.6451564 1.7141391 0.9084609 0.9515568 1.8896781 1.1579103 1.3135717 1.7873707 1.8479929 1.7841255 1.5882321 1.3423575 1.8014145 1.9437773 1.1291280 1.8518939 1.4735241 1.8412828 1.8955489 1.9160813 1.6901467 2.2438370 2.4078553 2.2637972 1.5923115 1.3587547 1.3670900 2.2220667 1.1796978 2.2978788 1.6850531 2.2592953 2.2934453 
Adig_XM_015903336.1                                   1.6220043 1.4652158 1.7431734 0.9459663 0.9376813 1.5459096 1.6335809 1.4314072 0.7515174 0.6187002 0.0000000 0.0172711 0.1998723 0.1987668 0.1323416 0.2618019 0.2564377 0.6338040 1.2917390 1.2701787 1.1918553 1.2341638 1.0178699 1.6612754 1.8345712 0.9442403 0.9741456 1.7843217 1.0965190 1.3293860 1.7905890 1.8585072 1.7491242 1.4134712 1.3691109 1.9564429 2.0460871 1.2467221 2.0152561 1.6904216 2.0090552 2.0587691 2.0747977 1.8560048 2.5145837 2.6500068 2.5384431 1.7282679 1.4732035 1.4590193 2.5812140 1.3549377 2.6598688 1.7223417 2.4154977 2.3424784 
Amil_Amillepora11099-RA                               1.6476666 1.4803918 1.7440226 0.9249691 0.8767783 1.5132068 1.6294353 1.4074405 0.7552699 0.6004081 0.0172711 0.0000000 0.1956796 0.1935826 0.1172603 0.2532791 0.2473127 0.6050896 1.2723019 1.2478975 1.1773441 1.2269784 1.0289150 1.7191707 1.9204390 0.9442403 1.0329950 1.8199708 1.1742938 1.3748777 1.8480642 1.9526860 1.8149404 1.5068789 1.3647380 2.0117471 2.0785395 1.2397193 2.0625923 1.7014610 2.0357934 2.0934280 2.1050944 1.8829897 2.6538443 2.7330549 2.6102615 1.8241453 1.5119302 1.4902876 2.6610935 1.3178533 2.7938370 1.6927203 2.5051373 2.4731591 
Gfas_gfas1.m1.18753.m1                                1.6925143 1.5642620 1.8595813 0.9622258 0.8877627 1.6476627 1.5830792 1.4891052 0.7544925 0.6532099 0.1998723 0.1956796 0.0000000 0.1710508 0.0811457 0.2623148 0.2589972 0.5670989 1.3233368 1.3321186 1.1861671 1.2820509 1.0253864 1.7779665 1.8691038 1.0911245 1.0525256 1.7870020 1.1103026 1.3640708 1.7691254 1.9544196 1.8275831 1.6351550 1.4751066 1.9444456 2.0980481 1.2297988 2.0994857 1.6847637 2.1456585 2.1758851 2.1845279 1.9599101 2.5272135 2.6941659 2.5406632 1.7647488 1.4491195 1.4323122 2.5751667 1.2611139 2.7461858 1.6466723 2.4866611 2.4211852 
Fspp_ffun1.m4.24507.m1                                1.3711423 1.2892160 1.5006460 0.9256854 0.8656178 1.3116626 1.2486477 1.2785912 0.5847718 0.4987562 0.1987668 0.1935826 0.1710508 0.0000000 0.0439876 0.1545182 0.1562208 0.5615602 1.0493724 1.0448613 1.0024125 1.0301037 0.7925345 1.1624573 1.6036099 0.8927281 0.9739705 1.5667976 1.0083237 1.2397944 1.6371246 1.6726282 1.5198976 1.3251801 1.1753244 1.7834115 1.7435328 1.2471139 1.8395193 1.6187550 1.8349554 1.8072578 1.8084489 1.7904521 1.9324606 2.1564506 2.0127950 1.9045876 1.4468708 1.3911317 2.0232153 1.2696359 2.1007564 1.4104531 1.9447202 1.9121749 
Gasp_gasp1.m3.16817.m1                                0.7721144 0.7958051 0.9013094 0.9099522 0.8471543 0.8348566 0.8655501 0.9736672 0.2902528 0.2789000 0.1323416 0.1172603 0.0811457 0.0439876 0.0000000 0.0668625 0.0697003 0.5878372 0.5378824 0.5210933 0.5429548 0.5069191 0.4406955 0.5675782 0.9617324 0.9352425 0.9911139 0.9008676 0.8777901 1.0181886 1.0230888 1.3306884 1.0513622 0.8937532 0.6395590 1.2402436 1.1206590 1.2168916 1.1910758 1.1881114 1.1841638 1.1638975 1.1638975 1.2175719 1.1784946 1.5002138 1.3426933 1.8487002 1.3079288 1.3880498 1.3807575 1.2726569 1.3348885 0.6487698 1.3104167 0.7470770 
Pocdam_XM_027185701.1                                 1.6553421 1.5248709 1.7137087 0.9288710 0.8753018 1.5743071 1.5457042 1.3991778 0.7501554 0.6368285 0.2618019 0.2532791 0.2623148 0.1545182 0.0668625 0.0000000 0.0593897 0.5818141 1.3063303 1.2960167 1.2357372 1.2497801 1.0053237 1.6391730 1.8375134 0.9950791 0.9881859 1.8118091 1.0954950 1.2555603 1.8399714 1.8372684 1.7920533 1.4373634 1.4144073 1.9344472 2.0527685 1.2474445 2.0830272 1.6704836 2.0506676 2.0773219 2.0898459 1.8884621 2.5008576 2.6432394 2.5141843 1.9122300 1.4398738 1.3871436 2.4789144 1.2954593 2.6287291 1.6541407 2.4335929 2.3747114 
Spis_XP_022788688_1                                   1.6381600 1.4815156 1.6837942 0.9317813 0.8629129 1.5675502 1.5188346 1.3945134 0.7446403 0.6240529 0.2564377 0.2473127 0.2589972 0.1562208 0.0697003 0.0593897 0.0000000 0.5707520 1.2863121 1.2746845 1.2076700 1.2358951 0.9809345 1.6871043 1.8158447 0.9950791 0.9896645 1.7802903 1.0847650 1.2485273 1.8349477 1.8069528 1.7706160 1.4816138 1.4059471 1.9139982 2.0293185 1.2401172 2.0616456 1.6552961 2.0078664 2.0323635 2.0477597 1.8664445 2.4662656 2.5722901 2.4558195 1.8799304 1.4245077 1.3789782 2.4500978 1.2639978 2.5987056 1.6573902 2.4179405 2.3638021 
Aaur_scaffold22.g39.t1                                0.8744529 0.8872204 1.0031319 0.8921858 0.7653704 0.8768461 0.9649840 0.9840088 0.6359341 0.5338807 0.6338040 0.6050896 0.5670989 0.5615602 0.5878372 0.5818141 0.5707520 0.0000000 0.1543682 0.1424235 0.2387161 0.4254143 0.5822791 0.5796007 1.0908306 0.8743433 1.1753115 1.0968335 1.0138910 1.0726585 1.1221632 1.5684144 1.0219412 1.2844773 0.6548872 1.2991024 1.2226280 1.2796988 1.2499106 1.1717156 1.1882465 1.1847488 1.1847488 1.2151651 1.3825443 1.6690254 1.4565433 1.9567658 1.4610324 1.4718500 1.5201796 1.3253741 1.5080573 0.6528106 1.0710344 0.7390351 
Nemnom_g13938.t1                                      1.6494126 1.4788986 1.8272837 0.8763940 0.7481936 1.4540086 1.5000287 1.3351881 1.4071486 1.2136992 1.2917390 1.2723019 1.3233368 1.0493724 0.5378824 1.3063303 1.2863121 0.1543682 0.0000000 0.0794408 0.3273262 0.7423104 1.2415144 1.5322668 2.0214785 0.9461675 1.0814130 2.2163413 1.2572549 1.3359489 2.0698517 2.2593463 2.1317935 1.6528250 1.4510527 2.0655977 2.2153323 1.2306613 1.9232791 1.5870197 1.9237143 1.9220874 1.9334503 1.8391072 2.6560416 2.8121240 2.6879378 1.9085750 1.5667212 1.4208005 2.5821949 1.2925669 2.8633990 1.4050343 2.3137520 2.6048309 
Rhoesc_Res_005054-T1                                  1.6712112 1.4842471 1.7973438 0.8342108 0.7618570 1.4676951 1.5162745 1.3315948 1.4148768 1.2224387 1.2701787 1.2478975 1.3321186 1.0448613 0.5210933 1.2960167 1.2746845 0.1424235 0.0794408 0.0000000 0.3510055 0.7493272 1.2513575 1.5193851 2.0439291 0.9327166 1.0547935 2.1563622 1.2394249 1.3613828 1.9887402 2.2025656 2.0593840 1.6456632 1.4733422 2.0079608 2.2045143 1.2402015 1.9240233 1.6058698 1.9449832 1.9432834 1.9532269 1.8460044 2.6077882 2.6946698 2.6066777 1.8485457 1.5414575 1.3582127 2.5151642 1.2453810 2.7788603 1.4338454 2.2837294 2.6227820 
Sanmal_Sma_005958-T1                                  1.7478626 1.5084499 1.7274484 0.9190285 0.8371575 1.4862897 1.4996477 1.3884254 1.3382638 1.2072917 1.1918553 1.1773441 1.1861671 1.0024125 0.5429548 1.2357372 1.2076700 0.2387161 0.3273262 0.3510055 0.0000000 0.7682019 1.2083930 1.4798724 1.9615403 0.9588955 1.1002336 2.1362885 1.3295469 1.3684504 2.0668785 2.1825376 1.9917680 1.5386693 1.4246178 2.0375780 2.2185084 1.2491573 1.8778615 1.6606917 1.9206621 1.8986878 1.9053522 1.8968300 2.4438479 2.6075325 2.5085573 1.7323614 1.5228705 1.3560336 2.4557268 1.2668475 2.6191526 1.4032673 2.2624642 2.4905856 
Morvir_scaffold26.g8.t2                               1.8221183 1.5625958 1.8468587 0.8812988 0.8658102 1.5233511 1.5835478 1.5325984 1.3965576 1.1442405 1.2341638 1.2269784 1.2820509 1.0301037 0.5069191 1.2497801 1.2358951 0.4254143 0.7423104 0.7493272 0.7682019 0.0000000 1.2720636 1.6184096 2.0008683 1.0336297 1.1204852 2.1219687 1.2207490 1.4373677 2.1897327 2.2608322 2.0774897 1.5137302 1.5336109 2.1503505 2.4421524 1.2988373 2.1232082 1.7510539 2.1241568 2.0589334 2.0561824 1.9959054 2.6339810 2.7589435 2.6279353 2.0066293 1.5858571 1.4989134 2.6665430 1.4097106 2.7648506 1.4878536 2.3173180 2.6598951 
Dgig_XM_028545256.1                                   1.6972523 1.5454201 1.5852494 0.8820888 0.8532843 1.5588539 1.5081127 1.4578255 0.9665073 0.8817907 1.0178699 1.0289150 1.0253864 0.7925345 0.4406955 1.0053237 0.9809345 0.5822791 1.2415144 1.2513575 1.2083930 1.2720636 0.0000000 1.7690856 1.8757152 1.0112249 0.9868190 2.0401182 1.0743759 1.3318672 1.8585184 1.9505847 1.9659658 1.5186750 1.4281404 1.9766238 2.0609100 1.2358265 2.1340473 1.6546799 2.1467108 2.1413369 2.1506348 1.9468069 2.4106195 2.5603000 2.4452574 2.0099024 1.4643928 1.4515241 2.4401603 1.3028718 2.5125877 1.6101683 2.3946908 2.2684195 
Chem_TCONS_00061628                                   2.1089734 1.9936204 2.1765294 0.9240445 0.8425340 2.0649542 1.8525767 1.6729138 1.7768190 1.6451564 1.6612754 1.7191707 1.7779665 1.1624573 0.5675782 1.6391730 1.6871043 0.5796007 1.5322668 1.5193851 1.4798724 1.6184096 1.7690856 0.0000000 2.1264968 1.0125360 1.1613601 2.2629188 1.3990992 1.5361133 2.2875668 2.0310951 2.0039324 1.8487200 1.9408063 1.9797427 2.2744190 1.2091040 2.2977514 1.7232704 2.3833186 2.3573015 2.4062539 1.9538224 2.7125838 2.6849117 2.5284072 2.3366346 1.6514091 1.4835878 2.5331181 1.5335291 2.6716468 1.0289160 2.4315326 2.4916672 
Aque_Aqu2.1.43718_001                                 1.9957957 1.9782855 2.1524450 1.2081873 1.0617646 1.9223780 2.0866093 1.7208445 1.8862722 1.7141391 1.8345712 1.9204390 1.8691038 1.6036099 0.9617324 1.8375134 1.8158447 1.0908306 2.0214785 2.0439291 1.9615403 2.0008683 1.8757152 2.1264968 0.0000000 0.2051549 0.1908993 0.9343869 0.6608420 1.0427044 2.0103947 1.9849910 1.8212180 1.1942079 2.0267129 2.1591768 2.2609932 1.4873865 2.1172592 1.7975510 2.0865597 2.0984524 2.1110106 1.9751959 2.3927458 2.6671555 2.5641641 2.1059416 1.5014519 1.4810511 2.3763960 1.4183141 2.4817326 2.5884167 2.3678540 2.3085753 
Xestes_maker-XT_scaffold3027-augustus-gene-0.3-mRNA-1 1.3318580 1.2513729 1.2811121 1.0289155 1.0922552 1.0214098 1.2237549 1.0355753 0.9213535 0.9084609 0.9442403 0.9442403 1.0911245 0.8927281 0.9352425 0.9950791 0.9950791 0.8743433 0.9461675 0.9327166 0.9588955 1.0336297 1.0112249 1.0125360 0.2051549 0.0000000 0.1789055 0.4403495 0.4472020 0.5373847 1.0499115 1.2648438 0.8105466 0.6945690 0.9801756 1.0193460 1.0426301 1.5139860 1.5233222 1.3143657 1.3135316 1.2359659 1.2359659 1.3300411 1.1455566 1.4702820 1.4015899 1.1592731 1.1761880 1.2683293 1.3620779 0.7661618 1.2868530 1.1105283 1.2286852 0.7985521 
Halamb_c46370_g2_i1m.20495                            1.2575657 1.2626365 1.2699231 1.2388997 1.0450895 1.2124393 1.2766818 1.1652538 1.0192086 0.9515568 0.9741456 1.0329950 1.0525256 0.9739705 0.9911139 0.9881859 0.9896645 1.1753115 1.0814130 1.0547935 1.1002336 1.1204852 0.9868190 1.1613601 0.1908993 0.1789055 0.0000000 0.5178874 0.4863667 0.6644351 1.1774041 1.4898529 1.1155734 0.5436185 0.9444438 1.3496085 1.2290070 1.4394316 1.4314799 1.3426242 1.3684740 1.3231756 1.3231756 1.4430770 1.3135899 1.5307693 1.4342845 2.2949306 1.4138635 1.5533611 1.5117285 1.4307158 1.4660399 1.3163145 1.3725943 0.7774137 
Emue_Em0004g1658a.t1                                  2.1023022 1.8326959 2.0743340 1.1501288 1.1716868 2.0096314 2.1825157 1.9181817 1.7974186 1.8896781 1.7843217 1.8199708 1.7870020 1.5667976 0.9008676 1.8118091 1.7802903 1.0968335 2.2163413 2.1563622 2.1362885 2.1219687 2.0401182 2.2629188 0.9343869 0.4403495 0.5178874 0.0000000 0.2228605 1.1447244 1.7876715 1.9470883 1.7266737 1.0093546 2.0504108 2.2588799 2.3336163 1.5714506 2.3249154 2.0015240 2.2847413 2.3135250 2.3105451 2.2234429 2.3668575 2.7305509 2.6738379 1.6010320 1.4652855 1.3204096 2.3691378 1.1887364 2.4711806 2.7321688 2.4885652 2.5733961 
Spolac_c101463_g2_i2_m.25687c101463-g1                1.4159697 1.2912208 1.4699647 1.0876893 1.0645760 1.3714965 1.3652226 1.2852734 1.2507321 1.1579103 1.0965190 1.1742938 1.1103026 1.0083237 0.8777901 1.0954950 1.0847650 1.0138910 1.2572549 1.2394249 1.3295469 1.2207490 1.0743759 1.3990992 0.6608420 0.4472020 0.4863667 0.2228605 0.0000000 0.8492146 1.1973736 1.6055068 1.2546460 0.7244704 1.3247224 1.5119197 1.6115586 1.4300584 1.4999224 1.4147961 1.4384194 1.4033099 1.4033099 1.4591670 1.6749002 1.9117896 1.7945284 2.0106945 1.4759074 1.4390656 1.7725634 1.2418229 1.7339950 1.5552710 1.7265440 1.4433242 
Plespi_Pspi_scaffold15510_01                          1.5203556 1.3102599 1.5955731 1.1787348 0.9470566 1.5432867 1.5288718 1.3643154 1.3909606 1.3135717 1.3293860 1.3748777 1.3640708 1.2397944 1.0181886 1.2555603 1.2485273 1.0726585 1.3359489 1.3613828 1.3684504 1.4373677 1.3318672 1.5361133 1.0427044 0.5373847 0.6644351 1.1447244 0.8492146 0.0000000 1.5459434 1.8569090 1.4798256 1.0181085 1.3401069 1.6406002 1.6720457 1.4980976 1.9197019 1.5222548 1.8402274 1.8506506 1.8450993 1.6820746 1.8449544 1.9587346 1.8542009 2.3709728 1.6980250 1.5029027 1.9509400 1.4804416 1.8799997 1.7631175 1.7201591 1.4564399 
Plajan_Pjan_C570526_01                                2.0088199 1.6989466 1.9961332 1.1527381 0.9632355 1.9006254 1.9256327 1.7677267 1.8690379 1.7873707 1.7905890 1.8480642 1.7691254 1.6371246 1.0230888 1.8399714 1.8349477 1.1221632 2.0698517 1.9887402 2.0668785 2.1897327 1.8585184 2.2875668 2.0103947 1.0499115 1.1774041 1.7876715 1.1973736 1.5459434 0.0000000 1.2385057 1.0033745 2.0351789 1.8851600 1.9845846 2.1199888 1.5621318 2.2936479 1.8956527 2.3153120 2.3101266 2.3483240 2.2051944 2.2885555 2.4013536 2.3586235 2.2788020 1.6009143 1.6426543 2.3598180 1.6051074 2.5406197 2.4939871 2.1851929 2.6616114 
Ocar_g3215                                            2.0557545 1.8432977 2.0982218 1.5943434 1.2015256 1.9000375 1.8788056 1.8919886 1.8544317 1.8479929 1.8585072 1.9526860 1.9544196 1.6726282 1.3306884 1.8372684 1.8069528 1.5684144 2.2593463 2.2025656 2.1825376 2.2608322 1.9505847 2.0310951 1.9849910 1.2648438 1.4898529 1.9470883 1.6055068 1.8569090 1.2385057 0.0000000 0.2075115 1.6407570 1.6647718 2.0599056 2.1980886 1.7515483 2.2038816 1.9204758 2.2132413 2.1923118 2.2050309 2.2395355 2.3321597 2.3985816 2.3750797 4.3645232 2.0723669 2.0932799 2.4126985 2.2712264 2.3730697 2.5700040 2.4744299 2.4544514 
Opea_EP00118_Oscarella_pearsei_P005462                2.0549829 1.6148896 2.0087382 1.1848772 0.9405536 1.8500139 1.8392837 1.8008458 1.8313835 1.7841255 1.7491242 1.8149404 1.8275831 1.5198976 1.0513622 1.7920533 1.7706160 1.0219412 2.1317935 2.0593840 1.9917680 2.0774897 1.9659658 2.0039324 1.8212180 0.8105466 1.1155734 1.7266737 1.2546460 1.4798256 1.0033745 0.2075115 0.0000000 2.0891692 1.8067805 1.6921605 1.9996723 1.4009104 2.0982893 1.6667933 2.0873019 2.0457980 2.0654267 1.9278148 2.3853029 2.4119625 2.3840529 2.2677230 1.6468895 1.6913064 2.3970433 1.5318759 2.4271972 2.1846108 2.2235264 2.2896364 
Tetwil_g15931.t2                                      1.9008529 1.7973556 2.0022729 1.3403508 1.4192830 1.8450985 2.1475485 1.7655178 1.6120673 1.5882321 1.4134712 1.5068789 1.6351550 1.3251801 0.8937532 1.4373634 1.4816138 1.2844773 1.6528250 1.6456632 1.5386693 1.5137302 1.5186750 1.8487200 1.1942079 0.6945690 0.5436185 1.0093546 0.7244704 1.0181085 2.0351789 1.6407570 2.0891692 0.0000000 1.7445507 1.6435536 1.7357027 2.0611392 3.0139618 2.2261174 2.8187354 2.8771352 2.8771352 2.6022934 1.9170300 2.0843149 2.0855500 0.0000010 1.7598164 1.6516313 2.2184105 0.0000010 2.1924953 1.8745669 2.3151486 1.6136773 
Cscu_XM_023370090.1                                   1.1310610 1.0653273 1.0853272 0.3953583 0.6466450 0.7475390 0.8977974 0.7274562 1.4616174 1.3423575 1.3691109 1.3647380 1.4751066 1.1753244 0.6395590 1.4144073 1.4059471 0.6548872 1.4510527 1.4733422 1.4246178 1.5336109 1.4281404 1.9408063 2.0267129 0.9801756 0.9444438 2.0504108 1.3247224 1.3401069 1.8851600 1.6647718 1.8067805 1.7445507 0.0000000 1.9041459 2.0551386 1.1660951 1.9936080 1.6661985 1.9772878 1.9585802 1.9624904 1.9280154 2.1840524 2.2246258 2.2181940 1.1858738 1.5367667 1.3536241 2.1811176 0.9517032 2.3800394 1.9830674 2.2262432 2.4055094 
Lcom_lcpid45229                                       2.0543039 1.8957807 1.9778106 1.2742406 1.0067483 1.8991631 1.7520169 1.8218013 1.9547610 1.8014145 1.9564429 2.0117471 1.9444456 1.7834115 1.2402436 1.9344472 1.9139982 1.2991024 2.0655977 2.0079608 2.0375780 2.1503505 1.9766238 1.9797427 2.1591768 1.0193460 1.3496085 2.2588799 1.5119197 1.6406002 1.9845846 2.0599056 1.6921605 1.6435536 1.9041459 0.0000000 0.8778247 1.5348541 2.2317131 1.8357106 2.1323905 2.1076575 2.1161049 2.0874264 2.5367891 2.7051551 2.6608319 2.4981451 1.8462226 1.7104336 2.5969012 1.7171581 2.5422332 2.3545979 1.1249569 1.6339636 
Leuniv_Lniv_scaffold25969_01                          2.3434796 2.3007461 2.4475640 1.2861360 1.1056793 2.2495529 1.9654146 1.9613575 2.2878971 1.9437773 2.0460871 2.0785395 2.0980481 1.7435328 1.1206590 2.0527685 2.0293185 1.2226280 2.2153323 2.2045143 2.2185084 2.4421524 2.0609100 2.2744190 2.2609932 1.0426301 1.2290070 2.3336163 1.6115586 1.6720457 2.1199888 2.1980886 1.9996723 1.7357027 2.0551386 0.8778247 0.0000000 1.5386422 2.4321461 1.9030402 2.2658179 2.2651457 2.2716805 2.2104134 2.9210286 3.0732595 3.0047248 2.8183317 1.8597327 1.7990787 2.8714554 1.6997584 2.8086636 2.4692396 1.0673551 1.7327542 
Tadh_TriadT23354                                      1.3272256 1.3002584 1.4035799 1.2783008 1.2203189 1.2615269 1.2116542 1.3701239 1.1229041 1.1291280 1.2467221 1.2397193 1.2297988 1.2471139 1.2168916 1.2474445 1.2401172 1.2796988 1.2306613 1.2402015 1.2491573 1.2988373 1.2358265 1.2091040 1.4873865 1.5139860 1.4394316 1.5714506 1.4300584 1.4980976 1.5621318 1.7515483 1.4009104 2.0611392 1.1660951 1.5348541 1.5386422 0.0000000 0.0207266 0.0738663 0.0902442 0.0838788 0.0838788 0.0852621 1.4845700 1.8019483 1.6113535 2.4108760 1.4925928 1.6358986 1.5193947 1.5237597 1.5071789 1.3052612 1.4322321 1.2524809 
TrH2_TrispH2_005725-RA                                2.0390291 2.0783810 1.9722163 1.2419177 1.2203189 1.9306895 1.9935425 1.9149953 1.8055053 1.8518939 2.0152561 2.0625923 2.0994857 1.8395193 1.1910758 2.0830272 2.0616456 1.2499106 1.9232791 1.9240233 1.8778615 2.1232082 2.1340473 2.2977514 2.1172592 1.5233222 1.4314799 2.3249154 1.4999224 1.9197019 2.2936479 2.2038816 2.0982893 3.0139618 1.9936080 2.2317131 2.4321461 0.0207266 0.0000000 0.1071148 0.1168963 0.1309536 0.1328809 0.1130130 2.4194877 2.7211859 2.5358879 2.4457580 1.6325107 1.6555061 2.2991336 1.5458510 2.4581879 2.0588557 2.3495976 2.6277881 
HoiH06_mRNA13936                                      1.7450697 1.6509020 1.6063885 1.1531898 1.1706716 1.6082275 1.5589250 1.6996665 1.4833598 1.4735241 1.6904216 1.7014610 1.6847637 1.6187550 1.1881114 1.6704836 1.6552961 1.1717156 1.5870197 1.6058698 1.6606917 1.7510539 1.6546799 1.7232704 1.7975510 1.3143657 1.3426242 2.0015240 1.4147961 1.5222548 1.8956527 1.9204758 1.6667933 2.2261174 1.6661985 1.8357106 1.9030402 0.0738663 0.1071148 0.0000000 0.0316850 0.0656176 0.0675862 0.0919296 2.0700543 2.3278215 2.1721882 2.1796357 1.5314459 1.5263216 1.9291720 1.3830623 2.1045440 1.7715510 1.8699276 1.8666858 
HoiH23_PlH23_002460-RA                                2.0495652 2.0327274 1.9486831 1.2101241 1.1797919 1.8806159 1.9080329 1.9076665 1.8301374 1.8412828 2.0090552 2.0357934 2.1456585 1.8349554 1.1841638 2.0506676 2.0078664 1.1882465 1.9237143 1.9449832 1.9206621 2.1241568 2.1467108 2.3833186 2.0865597 1.3135316 1.3684740 2.2847413 1.4384194 1.8402274 2.3153120 2.2132413 2.0873019 2.8187354 1.9772878 2.1323905 2.2658179 0.0902442 0.1168963 0.0316850 0.0000000 0.0529310 0.0554584 0.0766762 2.4156669 2.7133738 2.5645827 2.3511159 1.5826599 1.5824668 2.2678616 1.4536660 2.4818060 2.0333979 2.2735774 2.6776764 
Hhon_g06280.t1                                        2.0293272 2.0694868 1.9278886 1.1513426 1.1783874 1.8939196 1.9319326 1.8688309 1.8922014 1.8955489 2.0587691 2.0934280 2.1758851 1.8072578 1.1638975 2.0773219 2.0323635 1.1847488 1.9220874 1.9432834 1.8986878 2.0589334 2.1413369 2.3573015 2.0984524 1.2359659 1.3231756 2.3135250 1.4033099 1.8506506 2.3101266 2.1923118 2.0457980 2.8771352 1.9585802 2.1076575 2.2651457 0.0838788 0.1309536 0.0656176 0.0529310 0.0000000 0.0098648 0.0889249 2.4362558 2.6484291 2.5012501 2.0567857 1.5265089 1.4988189 2.2230637 1.3671137 2.4899321 2.0352795 2.2946449 2.7184954 
HoiH04_mRNA5303                                       2.0331995 2.0874412 1.9460790 1.1513426 1.1783874 1.9002344 1.9406199 1.8730636 1.9146103 1.9160813 2.0747977 2.1050944 2.1845279 1.8084489 1.1638975 2.0898459 2.0477597 1.1847488 1.9334503 1.9532269 1.9053522 2.0561824 2.1506348 2.4062539 2.1110106 1.2359659 1.3231756 2.3105451 1.4033099 1.8450993 2.3483240 2.2050309 2.0654267 2.8771352 1.9624904 2.1161049 2.2716805 0.0838788 0.1328809 0.0675862 0.0554584 0.0098648 0.0000000 0.0920382 2.4547385 2.6507473 2.5034071 2.0567857 1.5265089 1.4988189 2.2359611 1.3671137 2.4900547 2.0282946 2.3228900 2.7375857 
HoiH11_mRNA5503                                       1.9145961 1.9167663 1.8539163 1.2234919 1.2083107 1.8097823 1.7919314 1.8271278 1.7428662 1.6901467 1.8560048 1.8829897 1.9599101 1.7904521 1.2175719 1.8884621 1.8664445 1.2151651 1.8391072 1.8460044 1.8968300 1.9959054 1.9468069 1.9538224 1.9751959 1.3300411 1.4430770 2.2234429 1.4591670 1.6820746 2.2051944 2.2395355 1.9278148 2.6022934 1.9280154 2.0874264 2.2104134 0.0852621 0.1130130 0.0919296 0.0766762 0.0889249 0.0920382 0.0000000 2.1022523 2.4207671 2.3000488 2.4748297 1.6017723 1.6103948 2.0325338 1.4753898 2.1462989 1.8745075 2.1932040 2.1991936 
Mlei_ML0244.g2.i1                                     2.5834457 2.3597219 2.4553512 1.4625053 1.2913662 2.3143073 2.2078485 1.9674621 2.3941347 2.2438370 2.5145837 2.6538443 2.5272135 1.9324606 1.1784946 2.5008576 2.4662656 1.3825443 2.6560416 2.6077882 2.4438479 2.6339810 2.4106195 2.7125838 2.3927458 1.1455566 1.3135899 2.3668575 1.6749002 1.8449544 2.2885555 2.3321597 2.3853029 1.9170300 2.1840524 2.5367891 2.9210286 1.4845700 2.4194877 2.0700543 2.4156669 2.4362558 2.4547385 2.1022523 0.0000000 0.5178766 0.5024407 0.1075435 0.1751767 0.2567887 0.3426694 0.2423445 0.4380788 2.4990212 3.0570808 3.0912370 
Pbac_sb2647320                                        2.7389772 2.4999989 2.5957864 1.6007004 1.3538114 2.5918940 2.5140286 2.0998395 2.5378568 2.4078553 2.6500068 2.7330549 2.6941659 2.1564506 1.5002138 2.6432394 2.5722901 1.6690254 2.8121240 2.6946698 2.6075325 2.7589435 2.5603000 2.6849117 2.6671555 1.4702820 1.5307693 2.7305509 1.9117896 1.9587346 2.4013536 2.3985816 2.4119625 2.0843149 2.2246258 2.7051551 3.0732595 1.8019483 2.7211859 2.3278215 2.7133738 2.6484291 2.6507473 2.4207671 0.5178766 0.0000000 0.0588319 0.7402309 0.5225721 0.5046630 0.5997131 0.5581591 0.5973065 2.7236115 3.1269449 3.0088700 
Horcal_Hcv1.av93.c1.g265.i1                           2.6306047 2.3519870 2.4769083 1.5647987 1.3412237 2.4268597 2.3288289 1.9985564 2.4068514 2.2637972 2.5384431 2.6102615 2.5406632 2.0127950 1.3426933 2.5141843 2.4558195 1.4565433 2.6879378 2.6066777 2.5085573 2.6279353 2.4452574 2.5284072 2.5641641 1.4015899 1.4342845 2.6738379 1.7945284 1.8542009 2.3586235 2.3750797 2.3840529 2.0855500 2.2181940 2.6608319 3.0047248 1.6113535 2.5358879 2.1721882 2.5645827 2.5012501 2.5034071 2.3000488 0.5024407 0.0588319 0.0000000 0.3231870 0.4079746 0.3661082 0.5247748 0.3720067 0.5994227 2.5357686 3.0495365 2.9436621 
Bolinf_Binf_sb1314001                                 2.5880822 1.9177106 2.5000193 2.3760369 1.5476766 2.3516156 1.8483809 2.2085984 1.6111516 1.5923115 1.7282679 1.8241453 1.7647488 1.9045876 1.8487002 1.9122300 1.8799304 1.9567658 1.9085750 1.8485457 1.7323614 2.0066293 2.0099024 2.3366346 2.1059416 1.1592731 2.2949306 1.6010320 2.0106945 2.3709728 2.2788020 4.3645232 2.2677230 0.0000010 1.1858738 2.4981451 2.8183317 2.4108760 2.4457580 2.1796357 2.3511159 2.0567857 2.0567857 2.4748297 0.1075435 0.7402309 0.3231870 0.0000000 0.2060672 0.3296724 0.2610654 0.3559978 0.3093762 2.0121338 2.7478855 0.0000010 
Beraby_Baby_sb344428                                  1.8064277 1.5051097 1.7794411 1.5991450 1.3276618 1.6486086 1.4574432 1.6000686 1.3807468 1.3587547 1.4732035 1.5119302 1.4491195 1.4468708 1.3079288 1.4398738 1.4245077 1.4610324 1.5667212 1.5414575 1.5228705 1.5858571 1.4643928 1.6514091 1.5014519 1.1761880 1.4138635 1.4652855 1.4759074 1.6980250 1.6009143 2.0723669 1.6468895 1.7598164 1.5367667 1.8462226 1.8597327 1.4925928 1.6325107 1.5314459 1.5826599 1.5265089 1.5265089 1.6017723 0.1751767 0.5225721 0.4079746 0.2060672 0.0000000 0.3128456 0.2467561 0.2836681 0.2787870 1.7971834 1.9387741 1.5087299 
Vmul_sbMO450249                                       1.7442470 1.6117145 1.6905887 1.6404297 1.3615126 1.6265107 1.4056207 1.5700171 1.3660169 1.3670900 1.4590193 1.4902876 1.4323122 1.3911317 1.3880498 1.3871436 1.3789782 1.4718500 1.4208005 1.3582127 1.3560336 1.4989134 1.4515241 1.4835878 1.4810511 1.2683293 1.5533611 1.3204096 1.4390656 1.5029027 1.6426543 2.0932799 1.6913064 1.6516313 1.3536241 1.7104336 1.7990787 1.6358986 1.6555061 1.5263216 1.5824668 1.4988189 1.4988189 1.6103948 0.2567887 0.5046630 0.3661082 0.3296724 0.3128456 0.0000000 0.2605653 0.3118789 0.1837070 1.5017794 1.7570516 1.3352049 
Lampan_Lpan_16030_01                                  2.6262575 2.3510934 2.3426013 1.6732414 1.3274625 2.3946162 2.0944425 2.0943467 2.3097026 2.2220667 2.5812140 2.6610935 2.5751667 2.0232153 1.3807575 2.4789144 2.4500978 1.5201796 2.5821949 2.5151642 2.4557268 2.6665430 2.4401603 2.5331181 2.3763960 1.3620779 1.5117285 2.3691378 1.7725634 1.9509400 2.3598180 2.4126985 2.3970433 2.2184105 2.1811176 2.5969012 2.8714554 1.5193947 2.2991336 1.9291720 2.2678616 2.2230637 2.2359611 2.0325338 0.3426694 0.5997131 0.5247748 0.2610654 0.2467561 0.2605653 0.0000000 0.2787951 0.4078657 2.3895681 3.1756864 2.9149760 
Eupdun_Edun_sb10637599                                1.6747543 1.5340908 1.5349237 1.5480939 1.1077146 1.4769645 1.2263588 1.4682392 1.2916681 1.1796978 1.3549377 1.3178533 1.2611139 1.2696359 1.2726569 1.2954593 1.2639978 1.3253741 1.2925669 1.2453810 1.2668475 1.4097106 1.3028718 1.5335291 1.4183141 0.7661618 1.4307158 1.1887364 1.2418229 1.4804416 1.6051074 2.2712264 1.5318759 0.0000010 0.9517032 1.7171581 1.6997584 1.5237597 1.5458510 1.3830623 1.4536660 1.3671137 1.3671137 1.4753898 0.2423445 0.5581591 0.3720067 0.3559978 0.2836681 0.3118789 0.2787951 0.0000000 0.3049296 1.3538224 1.6969495 0.8810399 
Coemet_Cmet_scaffold15569_01                          2.8394691 2.4917452 2.5440199 1.5885268 1.3726516 2.4168543 2.3249032 2.2282074 2.4174043 2.2978788 2.6598688 2.7938370 2.7461858 2.1007564 1.3348885 2.6287291 2.5987056 1.5080573 2.8633990 2.7788603 2.6191526 2.7648506 2.5125877 2.6716468 2.4817326 1.2868530 1.4660399 2.4711806 1.7339950 1.8799997 2.5406197 2.3730697 2.4271972 2.1924953 2.3800394 2.5422332 2.8086636 1.5071789 2.4581879 2.1045440 2.4818060 2.4899321 2.4900547 2.1462989 0.4380788 0.5973065 0.5994227 0.3093762 0.2787870 0.1837070 0.4078657 0.3049296 0.0000000 2.6282272 2.9641708 3.0966240 
Hvul_g22963_1                                         2.0695416 1.9466207 2.1095061 1.0386612 0.8810907 2.0861924 1.9863196 1.8464051 1.8355950 1.6850531 1.7223417 1.6927203 1.6466723 1.4104531 0.6487698 1.6541407 1.6573902 0.6528106 1.4050343 1.4338454 1.4032673 1.4878536 1.6101683 1.0289160 2.5884167 1.1105283 1.3163145 2.7321688 1.5552710 1.7631175 2.4939871 2.5700040 2.1846108 1.8745669 1.9830674 2.3545979 2.4692396 1.3052612 2.0588557 1.7715510 2.0333979 2.0352795 2.0282946 1.8745075 2.4990212 2.7236115 2.5357686 2.0121338 1.7971834 1.5017794 2.3895681 1.3538224 2.6282272 0.0000000 2.5812031 2.4816007 
Gracom_Gcom_scaffold1419_01                           2.5260994 2.4166638 2.4501698 1.3742264 1.1074878 2.2530579 2.3815549 2.0164176 2.4757225 2.2592953 2.4154977 2.5051373 2.4866611 1.9447202 1.3104167 2.4335929 2.4179405 1.0710344 2.3137520 2.2837294 2.2624642 2.3173180 2.3946908 2.4315326 2.3678540 1.2286852 1.3725943 2.4885652 1.7265440 1.7201591 2.1851929 2.4744299 2.2235264 2.3151486 2.2262432 1.1249569 1.0673551 1.4322321 2.3495976 1.8699276 2.2735774 2.2946449 2.3228900 2.1932040 3.0570808 3.1269449 3.0495365 2.7478855 1.9387741 1.7570516 3.1756864 1.6969495 2.9641708 2.5812031 0.0000000 1.8382469 
Clacor_Ccor_scaffold3491_01                           2.5961158 2.4864726 2.6065576 0.9093327 0.9987356 2.3314630 2.4438042 2.3416258 2.6820461 2.2934453 2.3424784 2.4731591 2.4211852 1.9121749 0.7470770 2.3747114 2.3638021 0.7390351 2.6048309 2.6227820 2.4905856 2.6598951 2.2684195 2.4916672 2.3085753 0.7985521 0.7774137 2.5733961 1.4433242 1.4564399 2.6616114 2.4544514 2.2896364 1.6136773 2.4055094 1.6339636 1.7327542 1.2524809 2.6277881 1.8666858 2.6776764 2.7184954 2.7375857 2.1991936 3.0912370 3.0088700 2.9436621 0.0000010 1.5087299 1.3352049 2.9149760 0.8810399 3.0966240 2.4816007 1.8382469 0.0000000 
