59
Hsap_ENST00000521022                                   0.0000000 0.6874468 0.8046564 0.7291430 0.8459078 1.0222954 1.0098762 0.9022014 1.0164183 1.1205741 0.9951395 1.0141656 1.0131797 0.9832145 0.9989721 1.0055506 1.0054645 1.7963567 1.2631805 1.2058064 1.2871693 1.0817720 1.2233126 1.5486339 0.9449246 1.0483677 1.0080249 1.0009758 1.1308917 1.1249254 1.2268801 1.2448479 1.3641686 1.3774068 1.2004093 1.1385542 1.0560326 1.1533078 1.0745042 1.4347674 1.7097214 1.3317515 1.5484585 2.2195649 2.2641388 2.9898449 1.9633553 2.2741917 2.4528387 2.0140706 2.3801153 2.4844294 2.6165771 2.4815730 1.3605780 1.3119089 1.9523083 1.9036429 1.7147039 
Bralan_BLAG18000790_2                                  0.6874468 0.0000000 0.7387418 0.6294045 0.8418522 0.9991102 1.1452222 0.9214385 1.0263560 1.1688226 1.0148573 1.0087959 1.0178643 0.9835178 1.0541478 1.0422006 1.0436432 1.5396078 1.2103323 1.1438947 1.0924584 1.0295327 1.2831591 1.6912726 1.0324194 0.9661234 0.9350145 1.1157456 1.2203735 1.1855203 1.3219743 1.3287793 1.4644033 1.4451185 1.3375261 1.3407542 1.1225342 1.2793623 1.2012014 1.4587789 1.6637314 1.3920887 1.4841114 2.3217983 2.2901494 2.8889684 2.0232531 2.2674302 2.4177364 1.9723692 2.2670632 2.3799784 2.5230884 2.3431904 1.3348007 1.3193501 2.0203360 1.8905504 1.7587670 
Spur_XM_030974941.1                                    0.8046564 0.7387418 0.0000000 0.5645438 1.0092250 0.9974995 1.1293301 0.8684006 0.9827182 1.1925187 1.0171888 0.9582093 0.9619479 0.9300192 0.9806133 0.9621277 1.0199966 1.3364165 1.2467922 1.1885242 1.2895183 1.1309999 1.3052472 1.5780222 1.0735917 0.9762949 0.8954042 1.1168031 1.1938920 1.1831617 1.2929814 1.2918661 1.5538419 1.5255416 1.3694698 1.4627298 1.2007033 1.3846193 1.3117236 1.4708745 1.6246421 1.2873222 1.4039984 2.0681397 2.0362419 2.4315927 1.7389303 1.9426202 2.1179298 1.6420697 2.0365880 2.1718862 2.4296912 2.2734227 1.2928599 1.3881579 2.1631964 1.9508792 1.8371670 
Skow_XM_006820016.1                                    0.7291430 0.6294045 0.5645438 0.0000000 0.8547290 0.9793529 1.1475213 0.8617088 0.9837214 1.0040155 0.8932562 0.9677933 0.9370176 0.8907655 0.9292520 0.9067327 0.9571187 1.4246000 1.2551300 1.2046461 1.2942554 1.0636233 1.2445088 1.4629838 0.9891792 0.9292632 0.9000470 1.1843532 1.2870512 1.2782279 1.3781430 1.3881516 1.3669100 1.4263352 1.2610301 1.1273049 1.0811317 1.3583408 1.1760140 1.4463274 1.6866565 1.2924248 1.5525746 2.0599754 2.1033914 2.6320725 1.8131540 1.9992148 2.2956905 1.7969750 2.0651811 2.1617030 2.3621180 2.2163637 1.3983477 1.4868455 2.1404935 1.9532653 1.7754409 
Cscu_XM_023379282.1                                    0.8459078 0.8418522 1.0092250 0.8547290 0.0000000 0.8502997 0.8644433 1.0847600 1.2193143 1.3681460 1.1476012 1.1834966 1.1796995 1.1115453 1.1701350 1.1724647 1.2222074 1.7268411 1.4166689 1.2999271 1.4158481 1.2867370 1.4227327 1.4115822 0.9193840 0.9806202 0.9463669 1.3260633 1.4323560 1.4021586 1.5432374 1.5549472 1.5567310 1.5199325 1.3722472 1.2970156 1.2712654 1.4887427 1.3043561 1.4939766 1.7887127 1.5490010 1.9132318 2.4677738 2.4263508 3.3410821 1.7381289 2.4245154 2.5653252 1.9305582 2.4051855 2.5513000 2.7657606 2.5482739 1.5948065 1.6538268 2.2417733 2.0877984 1.9956142 
Dpul_mRNA13190                                         1.0222954 0.9991102 0.9974995 0.9793529 0.8502997 0.0000000 0.8720838 1.1497429 1.2549881 1.3398745 1.1587126 1.1258589 1.1328489 1.0906001 1.1302387 1.1246694 1.2894209 2.0986184 1.5184470 1.4431621 1.4544519 1.2021539 1.4938288 1.3868511 0.9484239 0.9876183 0.9934629 1.4171527 1.5049692 1.4367802 1.5952274 1.6283219 1.7224055 1.7692518 1.5933465 1.5704739 1.2403165 1.5648125 1.4147616 1.5955473 1.8417637 1.5558499 1.7066455 2.0714973 2.0890261 2.6843085 1.7657087 2.1198098 2.1344846 1.8486333 2.2041714 2.3230357 2.3959696 2.1968942 1.4442139 1.6130771 2.1204131 1.9625888 1.8528927 
Tcas_TC006621_001                                      1.0098762 1.1452222 1.1293301 1.1475213 0.8644433 0.8720838 0.0000000 1.2238501 1.2373325 1.4781820 1.2415848 1.2261386 1.2791174 1.2383111 1.2366857 1.2702751 1.3732436 2.1359070 1.6030720 1.4864445 1.5872212 1.2916517 1.5315726 1.7007467 1.1380380 1.1531042 1.1230956 1.4207041 1.5065871 1.4524837 1.5794778 1.5763600 1.7732305 1.7229848 1.6421282 1.3553330 1.3990677 1.5659942 1.4608012 1.7285438 1.8567814 1.5479298 1.8050718 2.2136735 2.1396903 2.7252567 1.9583863 2.2592571 2.3408558 1.7699860 2.1835205 2.3400023 2.6373120 2.4629306 1.5858176 1.7222239 2.1816339 1.9190835 1.9518393 
Exapal_XM_021054047.1                                  0.9022014 0.9214385 0.8684006 0.8617088 1.0847600 1.1497429 1.2238501 0.0000000 0.3979568 0.6081721 0.4202994 0.4212948 0.4217043 0.4102320 0.4329286 0.4318229 0.6243352 0.9422710 0.9480113 0.9292578 0.9421991 0.7876437 1.1227173 1.1168463 1.0896091 1.0628391 1.1741673 1.0738822 1.1415232 1.0984948 1.2418870 1.2506693 1.4655522 1.4428993 1.3406701 1.4807071 1.1316877 1.3292736 1.1390945 1.3340867 1.7200758 1.3007779 1.3567761 2.1499905 2.1946443 2.8602332 1.5642084 2.0624202 2.2632979 1.6723912 2.0706001 2.1560918 2.4490134 2.2340913 0.9457256 1.2939905 1.9061958 1.8269276 1.6970647 
Nvec_v1g168629                                         1.0164183 1.0263560 0.9827182 0.9837214 1.2193143 1.2549881 1.2373325 0.3979568 0.0000000 0.6899077 0.5270797 0.5240257 0.5092436 0.4662539 0.5005525 0.4918305 0.7023230 0.9248415 1.0277323 0.9828234 1.0648808 0.9096357 1.1842698 1.2164461 1.1974210 1.2299805 1.1851470 1.0781212 1.1578352 1.0942144 1.2211691 1.2439869 1.3933896 1.3903731 1.3487642 1.4599213 1.1267517 1.2925001 1.1661413 1.4517477 1.6682283 1.2876104 1.3163761 2.1799978 2.1386165 2.6697293 1.7235681 2.0686207 2.2135368 1.8436850 2.1642143 2.1936672 2.3929622 2.2053459 1.0538571 1.4276524 1.9523348 1.7931698 1.7039856 
Adig_XM_015895592.1                                    1.1205741 1.1688226 1.1925187 1.0040155 1.3681460 1.3398745 1.4781820 0.6081721 0.6899077 0.0000000 0.1610951 0.3448254 0.3251678 0.3344336 0.3645094 0.3679697 0.8427596 1.0055302 1.0450854 1.0954441 1.0002390 0.9892400 1.2720810 0.7920012 1.2452273 1.2601298 1.2746384 1.3645556 1.3905461 1.3377161 1.4147535 1.4468200 1.5877647 1.5112165 1.5081645 1.9496209 1.3752428 1.4289719 1.5035845 1.6121229 1.8578993 1.4879016 0.9820480 2.3260461 2.1721790 2.4446774 1.8975200 2.2334021 2.4052919 1.9095367 2.2766345 2.3984416 2.5230786 2.5321844 0.9172595 1.1889839 2.0845939 1.8965735 1.9991995 
Amil_Amillepora16107-RA                                0.9951395 1.0148573 1.0171888 0.8932562 1.1476012 1.1587126 1.2415848 0.4202994 0.5270797 0.1610951 0.0000000 0.1705174 0.2208493 0.2009349 0.2180280 0.2282469 0.6592856 1.0919998 0.9517572 0.9143590 0.8944851 0.8433181 1.0856051 0.9076878 1.1443061 1.0948473 1.1822989 1.1035941 1.1515999 1.1134167 1.2235233 1.2582814 1.4179124 1.3730718 1.2596768 1.4098553 1.0318985 1.2245676 1.1316091 1.4027988 1.7500785 1.2891345 1.2963813 2.1757560 2.1193694 2.7138099 1.5903975 2.0050725 2.1661559 1.6977196 2.0695068 2.1552954 2.4818412 2.3180341 1.0354876 1.3492258 1.8555489 1.7439510 1.6599499 
Gfas_gfas1.m1.8589.m1                                  1.0141656 1.0087959 0.9582093 0.9677933 1.1834966 1.1258589 1.2261386 0.4212948 0.5240257 0.3448254 0.1705174 0.0000000 0.1925822 0.1712883 0.1905830 0.1949764 0.6863238 1.0478425 0.9814355 0.9404016 0.9200594 0.8816422 1.1189115 0.9949472 1.1645246 1.1591187 1.2207165 1.0752620 1.1574653 1.1078738 1.2354040 1.2694288 1.5042278 1.4545219 1.3491025 1.3911811 1.0737668 1.3069832 1.1743299 1.4457849 1.7619784 1.3329696 1.3703098 2.2653917 2.2258933 3.3719908 1.5070416 2.1062395 2.2518950 1.7197202 2.1202675 2.1981013 2.5494232 2.3264608 1.0441575 1.4138340 1.9759772 1.8346157 1.6198011 
Fspp_ffun1.m4.3765.m1                                  1.0131797 1.0178643 0.9619479 0.9370176 1.1796995 1.1328489 1.2791174 0.4217043 0.5092436 0.3251678 0.2208493 0.1925822 0.0000000 0.1031534 0.1855934 0.1847673 0.6816922 0.8839535 0.8662726 0.8744065 0.8877947 0.8623056 1.1634107 1.0271208 1.1624282 1.1367427 1.1424509 1.0893988 1.1848744 1.1453883 1.2282199 1.2548319 1.3821485 1.3520203 1.2691076 3.8619895 1.0310774 1.2484979 1.0778445 1.3205582 1.8281596 1.2856793 1.2877506 2.2830867 2.2365779 2.9372981 1.5791701 2.1134520 2.2536343 1.6849592 2.2024271 2.2181503 2.4741571 2.3344721 0.9854185 1.3354729 1.9223089 1.6969773 1.5557306 
Gasp_gasp1.m3.21335.m1                                 0.9832145 0.9835178 0.9300192 0.8907655 1.1115453 1.0906001 1.2383111 0.4102320 0.4662539 0.3344336 0.2009349 0.1712883 0.1031534 0.0000000 0.1479331 0.1407239 0.6870655 1.0234802 0.9385125 0.9020850 0.9127572 0.8444992 1.1323203 1.0139904 1.0827058 1.1071380 1.1163805 1.0785558 1.1750669 1.1239592 1.2479699 1.2916597 1.4152001 1.3542256 1.2634338 1.3667708 1.0365385 1.2653077 1.1631836 1.3472754 1.6879202 1.2678843 1.3308983 2.2720113 2.2587299 3.0091795 1.6157149 2.1481910 2.2416881 1.6849051 2.1572275 2.2028968 2.4666518 2.2892017 1.0101339 1.3298215 1.9421476 1.7310274 1.6563295 
Spis_XP_022781258_1                                    0.9989721 1.0541478 0.9806133 0.9292520 1.1701350 1.1302387 1.2366857 0.4329286 0.5005525 0.3645094 0.2180280 0.1905830 0.1855934 0.1479331 0.0000000 0.0604446 0.7050331 1.1977754 0.9829594 0.9487208 0.9952973 0.9160414 1.1165164 1.0668105 1.1358572 1.1994498 1.1872672 1.0910890 1.1817527 1.1757445 1.2889728 1.3113689 1.4814074 1.4219268 1.3178312 1.3874435 1.0507996 1.3043470 1.1759735 1.3151143 1.7444392 1.3082767 1.4342328 2.2489527 2.2252264 3.0236115 1.5455403 2.1250380 2.2632032 1.7056638 2.1712619 2.2265124 2.5428804 2.3496554 1.0475932 1.3468983 1.9755449 1.7649245 1.6967619 
Pocdam_XM_027198151.1                                  1.0055506 1.0422006 0.9621277 0.9067327 1.1724647 1.1246694 1.2702751 0.4318229 0.4918305 0.3679697 0.2282469 0.1949764 0.1847673 0.1407239 0.0604446 0.0000000 0.7102570 1.2461013 0.9711692 0.9143281 0.9593630 0.9055333 1.1148934 1.0486514 1.0939622 1.1836989 1.1555820 1.0931103 1.1898485 1.1471206 1.2555342 1.2814203 1.4706139 1.4199147 1.2925646 1.4178097 1.0591224 1.2956751 1.1781376 1.3615096 1.6769344 1.2705549 1.3644834 2.1882109 2.1987940 2.8287439 1.5532301 2.0673074 2.1852665 1.7015008 2.1694459 2.1857521 2.4470740 2.2476544 1.0824752 1.3086449 1.9412915 1.7491414 1.6886992 
Dgig_XM_028542051.1                                    1.0054645 1.0436432 1.0199966 0.9571187 1.2222074 1.2894209 1.3732436 0.6243352 0.7023230 0.8427596 0.6592856 0.6863238 0.6816922 0.6870655 0.7050331 0.7102570 0.0000000 0.2751602 1.0599254 1.0640905 1.0580005 0.8666399 1.1538336 1.0628240 1.1653942 1.2333578 1.2284088 1.1688432 1.1922455 1.1335917 1.2511266 1.2686238 1.5434016 1.5076514 1.4379031 1.9424526 1.2864181 1.4508049 1.2738020 1.4397512 1.6880161 1.4104175 1.3715049 2.2634020 2.1066785 2.5491897 1.6254753 2.0008373 2.3015356 1.7341520 2.0973371 2.2872618 2.4922346 2.3049266 1.0618118 1.3837442 1.8971237 1.8739894 1.7706648 
Xesp_016187-T1                                         1.7963567 1.5396078 1.3364165 1.4246000 1.7268411 2.0986184 2.1359070 0.9422710 0.9248415 1.0055302 1.0919998 1.0478425 0.8839535 1.0234802 1.1977754 1.2461013 0.2751602 0.0000000 1.7644495 1.7717299 2.3724375 1.6286351 1.8000458 3.3132146 1.8398007 1.6317196 1.9252492 1.7710017 1.4413909 1.3106031 1.6670599 1.7528043 3.0421312 3.0525014 2.2625449 0.0000010 0.0000010 2.7528685 8.9999987 3.8091397 4.7645686 2.1211136 2.1614392 2.8812773 2.7353614 2.7353614 0.0000010 2.5494498 2.7229588 2.4017946 2.4796720 2.3375213 3.2847639 2.2281862 1.5708091 2.3627118 2.4811597 3.4262990 2.0161104 
Nemnom_g7960.t1                                        1.2631805 1.2103323 1.2467922 1.2551300 1.4166689 1.5184470 1.6030720 0.9480113 1.0277323 1.0450854 0.9517572 0.9814355 0.8662726 0.9385125 0.9829594 0.9711692 1.0599254 1.7644495 0.0000000 0.1901715 0.3962123 0.5733763 1.0387200 0.9228780 1.3728392 1.4774074 1.4657349 1.2210986 1.3410055 1.3276866 1.3909133 1.3999232 1.5495333 1.4758033 1.4395174 5.0535130 1.2620765 1.4617790 1.2681153 1.3068142 2.1160415 1.6510830 1.3862796 2.1439756 1.9836621 2.3174213 1.8140610 2.0152113 2.1515684 1.7410550 2.0941774 2.2090391 2.6157216 2.4502645 1.0180835 1.5598371 2.1390502 1.8813215 1.8642567 
Rhoesc_Res_000760-T1                                   1.2058064 1.1438947 1.1885242 1.2046461 1.2999271 1.4431621 1.4864445 0.9292578 0.9828234 1.0954441 0.9143590 0.9404016 0.8744065 0.9020850 0.9487208 0.9143281 1.0640905 1.7717299 0.1901715 0.0000000 0.3957650 0.6278514 0.9692709 0.9219675 1.2907439 1.3795994 1.3065610 1.1725942 1.2764386 1.2844846 1.3839191 1.3551737 1.5518119 1.4450731 1.3888763 1.9587389 1.3669829 1.3883945 1.2112371 1.3485280 1.8376144 1.4961454 1.3523783 2.0587426 1.9755734 2.2124731 1.6469728 1.8770179 2.1651377 1.6611147 2.0934477 2.2123770 2.4565285 2.2916660 1.0810016 1.5407364 2.1265339 1.9055852 1.8790129 
Sanmal_Sma_011036-T1                                   1.2871693 1.0924584 1.2895183 1.2942554 1.4158481 1.4544519 1.5872212 0.9421991 1.0648808 1.0002390 0.8944851 0.9200594 0.8877947 0.9127572 0.9952973 0.9593630 1.0580005 2.3724375 0.3962123 0.3957650 0.0000000 0.6347387 0.9406912 1.0836105 1.3932159 1.3979910 1.4172181 1.2191489 1.3790474 1.3886738 1.4508359 1.4585889 1.3722801 1.3464165 1.3230568 9.0000000 1.0709784 1.4357167 1.0654998 1.2865102 2.0622665 1.4919926 1.4918656 2.1038643 2.0861103 2.5871820 1.8330298 2.0401298 2.0910105 1.6906871 2.1608338 2.1155343 2.4044397 2.3041027 1.1171007 1.6364734 2.0596215 1.8068937 1.5387628 
Morvir_scaffold449.g10.t1                              1.0817720 1.0295327 1.1309999 1.0636233 1.2867370 1.2021539 1.2916517 0.7876437 0.9096357 0.9892400 0.8433181 0.8816422 0.8623056 0.8444992 0.9160414 0.9055333 0.8666399 1.6286351 0.5733763 0.6278514 0.6347387 0.0000000 0.8132165 1.0515165 1.1582229 1.1631264 1.1722185 1.0927751 1.2005876 1.2030413 1.2522400 1.2716644 1.4605701 1.4243700 1.4817621 0.7920006 1.1547091 1.4099819 1.1669656 1.4867093 1.9923005 1.4721172 1.3858069 2.0706525 2.0352335 2.3978991 1.5950821 2.0582570 2.0034024 1.7670656 2.1361420 2.0866916 2.4255580 2.2325655 0.8382619 1.4712997 1.8711854 1.8786490 1.6378942 
Chem_TCONS_00066432                                    1.2233126 1.2831591 1.3052472 1.2445088 1.4227327 1.4938288 1.5315726 1.1227173 1.1842698 1.2720810 1.0856051 1.1189115 1.1634107 1.1323203 1.1165164 1.1148934 1.1538336 1.8000458 1.0387200 0.9692709 0.9406912 0.8132165 0.0000000 1.5865212 1.3923086 1.4987343 1.4237497 1.2939033 1.3931108 1.4226235 1.5248688 1.5155268 1.7494138 1.7063045 1.6174613 1.8773351 1.5696438 1.6118417 1.4644164 1.5427041 2.0438023 1.6589868 1.6151374 2.1859994 2.1216645 2.4791805 1.6465015 2.1345830 2.2857488 1.8036393 2.2806287 2.3187782 2.5175794 2.3585522 0.6679932 1.6091032 2.1666639 2.0841001 1.9866119 
Aaur_scaffold4881.g1.t1                                1.5486339 1.6912726 1.5780222 1.4629838 1.4115822 1.3868511 1.7007467 1.1168463 1.2164461 0.7920012 0.9076878 0.9949472 1.0271208 1.0139904 1.0668105 1.0486514 1.0628240 3.3132146 0.9228780 0.9219675 1.0836105 1.0515165 1.5865212 0.0000000 1.5019493 1.5476320 1.5524433 1.5639247 1.7902763 1.7900969 1.8744688 1.7188101 1.5740602 1.7766365 1.5156258 0.0000010 0.8981607 1.6972455 1.3181762 1.2482032 1.8646171 1.7850466 1.8652695 2.2569284 2.2045034 5.0961996 1.3218609 2.1797588 2.0792103 1.5353469 2.1570399 2.0456982 2.4988557 2.3200480 1.6920597 1.8820606 2.2009295 1.9942513 1.2995770 
Ctel_gnl_WGS_AMQN_CAPTEDRAFT_mRNA153905                0.9449246 1.0324194 1.0735917 0.9891792 0.9193840 0.9484239 1.1380380 1.0896091 1.1974210 1.2452273 1.1443061 1.1645246 1.1624282 1.0827058 1.1358572 1.0939622 1.1653942 1.8398007 1.3728392 1.2907439 1.3932159 1.1582229 1.3923086 1.5019493 0.0000000 0.9027735 0.9286470 1.4535942 1.5643299 1.4839486 1.6288359 1.6563940 1.6452225 1.5971249 1.4577801 1.3863648 1.2623158 1.3976215 1.2904030 1.4815056 1.9978392 1.5403010 1.6208448 2.2127613 2.1408311 2.8635899 1.8199830 2.1159647 2.3726673 1.8762517 2.2233036 2.3519347 2.5709566 2.4083044 1.4122547 1.5331814 2.0860807 1.9725765 1.9855022 
Cgig_XM_011425585.3                                    1.0483677 0.9661234 0.9762949 0.9292632 0.9806202 0.9876183 1.1531042 1.0628391 1.2299805 1.2601298 1.0948473 1.1591187 1.1367427 1.1071380 1.1994498 1.1836989 1.2333578 1.6317196 1.4774074 1.3795994 1.3979910 1.1631264 1.4987343 1.5476320 0.9027735 0.0000000 0.7552303 1.3200054 1.4460917 1.3983307 1.5398668 1.5229579 1.7213204 1.7468774 1.5637944 2.1484690 1.5088987 1.5254832 1.4013377 1.6893447 1.8229818 1.4921370 1.6467484 2.2781832 2.3236886 2.9017094 1.9341453 2.1807960 2.3367045 1.9428352 2.2828842 2.3427045 2.5402331 2.4207148 1.4320021 1.5837468 2.2282752 2.0562483 1.9583790 
Acagra_model.g21202.t1                                 1.0080249 0.9350145 0.8954042 0.9000470 0.9463669 0.9934629 1.1230956 1.1741673 1.1851470 1.2746384 1.1822989 1.2207165 1.1424509 1.1163805 1.1872672 1.1555820 1.2284088 1.9252492 1.4657349 1.3065610 1.4172181 1.1722185 1.4237497 1.5524433 0.9286470 0.7552303 0.0000000 1.3271602 1.5081807 1.4479730 1.5387078 1.5554816 1.7272278 1.6491768 1.5349576 1.8043353 1.3576014 1.5614969 1.4429146 1.5015366 1.6361276 1.5223151 1.5049661 2.2059458 2.1986856 2.3857111 1.9148517 2.1178947 2.2118759 1.9833957 2.3337458 2.4172612 2.4874002 2.3924497 1.4881787 1.6181487 2.1324083 1.9495646 1.7994926 
Tadh_TriadT32062                                       1.0009758 1.1157456 1.1168031 1.1843532 1.3260633 1.4171527 1.4207041 1.0738822 1.0781212 1.3645556 1.1035941 1.0752620 1.0893988 1.0785558 1.0910890 1.0931103 1.1688432 1.7710017 1.2210986 1.1725942 1.2191489 1.0927751 1.2939033 1.5639247 1.4535942 1.3200054 1.3271602 0.0000000 0.0039343 0.1436406 0.1939463 0.1590559 1.4571089 1.4700373 1.4461811 1.5172607 1.2580257 1.3636643 1.3227299 1.5258554 1.6135551 1.4138176 1.2182320 2.0864100 2.0404184 2.9545699 1.6381192 2.0355544 2.2051446 1.8019024 2.0131768 2.2731783 2.3985811 2.4478321 1.3334148 1.3475449 1.7682785 1.7544167 1.8025166 
TrH2_TrispH2_010584-RA                                 1.1308917 1.2203735 1.1938920 1.2870512 1.4323560 1.5049692 1.5065871 1.1415232 1.1578352 1.3905461 1.1515999 1.1574653 1.1848744 1.1750669 1.1817527 1.1898485 1.1922455 1.4413909 1.3410055 1.2764386 1.3790474 1.2005876 1.3931108 1.7902763 1.5643299 1.4460917 1.5081807 0.0039343 0.0000000 0.1520664 0.2171892 0.1827969 1.7116554 1.7169780 1.5840041 1.5285682 1.2626239 1.5854927 1.3382052 1.5546572 1.9811583 1.5023387 1.5226559 2.2324391 2.1701123 3.0010309 1.6381192 2.1862765 2.3659977 1.8479797 2.2266809 2.3968775 2.6597829 2.5403748 1.5522709 1.5340454 1.9173398 1.9712573 1.8255593 
Hhon_g06633.t1                                         1.1249254 1.1855203 1.1831617 1.2782279 1.4021586 1.4367802 1.4524837 1.0984948 1.0942144 1.3377161 1.1134167 1.1078738 1.1453883 1.1239592 1.1757445 1.1471206 1.1335917 1.3106031 1.3276866 1.2844846 1.3886738 1.2030413 1.4226235 1.7900969 1.4839486 1.3983307 1.4479730 0.1436406 0.1520664 0.0000000 0.0713537 0.1459872 1.6402174 1.6597413 1.5201925 1.5768197 1.1916756 1.5266589 1.2476955 1.4606873 1.9574615 1.4876279 1.5319244 2.1878889 2.1201623 3.0271022 1.6252799 2.1454919 2.3452993 1.8329226 2.2426884 2.3514428 2.5637335 2.4836634 1.5560619 1.5407975 1.9035602 1.9404751 1.7242992 
HoiH04_mRNA8410                                        1.2268801 1.3219743 1.2929814 1.3781430 1.5432374 1.5952274 1.5794778 1.2418870 1.2211691 1.4147535 1.2235233 1.2354040 1.2282199 1.2479699 1.2889728 1.2555342 1.2511266 1.6670599 1.3909133 1.3839191 1.4508359 1.2522400 1.5248688 1.8744688 1.6288359 1.5398668 1.5387078 0.1939463 0.2171892 0.0713537 0.0000000 0.0779802 1.7443336 1.8156192 1.5459898 2.4065499 1.3484493 1.7260795 1.3625319 1.4964877 1.9730951 1.6183430 1.5495157 2.2842269 2.1829203 3.1829845 1.6392648 2.2001784 2.4237293 1.8261979 2.2553332 2.4889056 2.7021645 2.6315978 1.6851601 1.5867917 1.9594529 1.9967414 1.7061531 
HoiH23_PlH23_007464-RA                                 1.2448479 1.3287793 1.2918661 1.3881516 1.5549472 1.6283219 1.5763600 1.2506693 1.2439869 1.4468200 1.2582814 1.2694288 1.2548319 1.2916597 1.3113689 1.2814203 1.2686238 1.7528043 1.3999232 1.3551737 1.4585889 1.2716644 1.5155268 1.7188101 1.6563940 1.5229579 1.5554816 0.1590559 0.1827969 0.1459872 0.0779802 0.0000000 1.7397112 1.8300571 1.5786234 2.3874187 1.3639446 1.7666129 1.3506375 1.5179709 1.9948101 1.6259302 1.5537913 2.3296663 2.2446755 3.2893693 1.6375625 2.2464860 2.4117227 1.8587400 2.2787470 2.4639990 2.6727531 2.5813611 1.6575916 1.5712123 1.9788101 2.0894675 1.7409255 
Aque_Aqu2.1.36123_001                                  1.3641686 1.4644033 1.5538419 1.3669100 1.5567310 1.7224055 1.7732305 1.4655522 1.3933896 1.5877647 1.4179124 1.5042278 1.3821485 1.4152001 1.4814074 1.4706139 1.5434016 3.0421312 1.5495333 1.5518119 1.3722801 1.4605701 1.7494138 1.5740602 1.6452225 1.7213204 1.7272278 1.4571089 1.7116554 1.6402174 1.7443336 1.7397112 0.0000000 0.2635931 0.3614994 0.9082799 0.6591809 0.7090490 0.6941330 1.2443292 1.9933420 1.5983996 1.5667068 2.5118625 2.3725961 3.5042254 1.8647225 2.3893491 2.4967819 2.1331359 2.4854320 2.5629765 2.6984492 2.5859121 2.0065644 1.5944035 2.1403933 2.0708917 1.8449433 
Halamb_c43804_g1_i6mm.1345                             1.3774068 1.4451185 1.5255416 1.4263352 1.5199325 1.7692518 1.7229848 1.4428993 1.3903731 1.5112165 1.3730718 1.4545219 1.3520203 1.3542256 1.4219268 1.4199147 1.5076514 3.0525014 1.4758033 1.4450731 1.3464165 1.4243700 1.7063045 1.7766365 1.5971249 1.7468774 1.6491768 1.4700373 1.7169780 1.6597413 1.8156192 1.8300571 0.2635931 0.0000000 0.3523446 0.7347001 0.6749405 0.6629830 0.6637384 1.1456820 2.0450653 1.6507701 1.5827236 2.4017991 2.3469506 3.2898624 1.8463181 2.1865368 2.3666273 2.0195331 2.4079793 2.5580668 2.5654292 2.4864420 2.0043400 1.5775553 2.0732906 2.0003436 1.8175225 
Xestes_maker-XT_scaffold3834-augustus-gene-0.20-mRNA-1 1.2004093 1.3375261 1.3694698 1.2610301 1.3722472 1.5933465 1.6421282 1.3406701 1.3487642 1.5081645 1.2596768 1.3491025 1.2691076 1.2634338 1.3178312 1.2925646 1.4379031 2.2625449 1.4395174 1.3888763 1.3230568 1.4817621 1.6174613 1.5156258 1.4577801 1.5637944 1.5349576 1.4461811 1.5840041 1.5201925 1.5459898 1.5786234 0.3614994 0.3523446 0.0000000 0.6423039 0.5347424 0.5614922 0.5946683 1.1180255 1.8005823 1.5510612 1.3879848 2.4240887 2.3335420 3.4906445 1.7812015 2.3069439 2.4682179 1.9586255 2.3824702 2.4923771 2.3239563 2.3820495 1.8254530 1.5711585 1.9338502 1.9285585 1.6993536 
Emue_Em0005g1479a.t1                                   1.1385542 1.3407542 1.4627298 1.1273049 1.2970156 1.5704739 1.3553330 1.4807071 1.4599213 1.9496209 1.4098553 1.3911811 3.8619895 1.3667708 1.3874435 1.4178097 1.9424526 0.0000010 5.0535130 1.9587389 9.0000000 0.7920006 1.8773351 0.0000010 1.3863648 2.1484690 1.8043353 1.5172607 1.5285682 1.5768197 2.4065499 2.3874187 0.9082799 0.7347001 0.6423039 0.0000000 0.0907841 0.4286771 0.4072810 0.0000010 1.8125709 1.7082286 0.0000010 2.1984044 1.9670215 0.0000010 0.0000010 1.9609230 3.1067102 0.0000010 1.3038469 2.5288601 2.4321103 2.1905484 0.0000010 0.0000010 2.3640711 3.1179377 2.9998870 
Spolac_c87513_g1_i1_m.4265c87513-g1                    1.0560326 1.1225342 1.2007033 1.0811317 1.2712654 1.2403165 1.3990677 1.1316877 1.1267517 1.3752428 1.0318985 1.0737668 1.0310774 1.0365385 1.0507996 1.0591224 1.2864181 0.0000010 1.2620765 1.3669829 1.0709784 1.1547091 1.5696438 0.8981607 1.2623158 1.5088987 1.3576014 1.2580257 1.2626239 1.1916756 1.3484493 1.3639446 0.6591809 0.6749405 0.5347424 0.0907841 0.0000000 0.3864042 0.4195060 1.0628304 1.4904644 1.3636481 0.9167805 2.0535380 2.0200371 0.0000010 1.7866749 1.9422691 2.2844817 1.6302349 2.0014736 2.2176946 2.1728768 2.1742595 1.1090850 1.1714885 1.8129771 1.8700405 1.8880433 
Stycar_maker-SC_scaffold3189-snap-gene-0.16-mRNA-1     1.1533078 1.2793623 1.3846193 1.3583408 1.4887427 1.5648125 1.5659942 1.3292736 1.2925001 1.4289719 1.2245676 1.3069832 1.2484979 1.2653077 1.3043470 1.2956751 1.4508049 2.7528685 1.4617790 1.3883945 1.4357167 1.4099819 1.6118417 1.6972455 1.3976215 1.5254832 1.5614969 1.3636643 1.5854927 1.5266589 1.7260795 1.7666129 0.7090490 0.6629830 0.5614922 0.4286771 0.3864042 0.0000000 0.3425726 1.1338957 1.9238616 1.4586037 1.4248435 2.2141400 2.2062735 3.1684881 1.6788365 2.1851949 2.2390547 1.8480057 2.2305309 2.3083319 2.4302366 2.3697922 1.7479410 1.3974546 1.9192646 1.9371195 1.7691594 
Tetwil_g18130.t1                                       1.0745042 1.2012014 1.3117236 1.1760140 1.3043561 1.4147616 1.4608012 1.1390945 1.1661413 1.5035845 1.1316091 1.1743299 1.0778445 1.1631836 1.1759735 1.1781376 1.2738020 8.9999987 1.2681153 1.2112371 1.0654998 1.1669656 1.4644164 1.3181762 1.2904030 1.4013377 1.4429146 1.3227299 1.3382052 1.2476955 1.3625319 1.3506375 0.6941330 0.6637384 0.5946683 0.4072810 0.4195060 0.3425726 0.0000000 1.0175035 1.3005764 1.1791392 0.9469631 1.8570659 1.8195306 1.9216427 1.5594367 1.7992229 2.0756051 1.4186997 1.7993369 2.0135177 1.9711149 2.0021712 1.4594841 1.2296426 1.6383976 1.7459841 1.8027458 
Plespi_Pspi_scaffold16713_01                           1.4347674 1.4587789 1.4708745 1.4463274 1.4939766 1.5955473 1.7285438 1.3340867 1.4517477 1.6121229 1.4027988 1.4457849 1.3205582 1.3472754 1.3151143 1.3615096 1.4397512 3.8091397 1.3068142 1.3485280 1.2865102 1.4867093 1.5427041 1.2482032 1.4815056 1.6893447 1.5015366 1.5258554 1.5546572 1.4606873 1.4964877 1.5179709 1.2443292 1.1456820 1.1180255 0.0000010 1.0628304 1.1338957 1.0175035 0.0000000 1.9515519 1.5052375 1.4351893 2.1386766 2.1109041 3.5419704 1.7410019 2.1788396 2.1793995 2.0079656 2.3454344 2.3302726 2.2179286 2.3304520 1.4791571 1.6107941 2.0421244 1.8565541 1.7994038 
Ocar_g3040                                             1.7097214 1.6637314 1.6246421 1.6866565 1.7887127 1.8417637 1.8567814 1.7200758 1.6682283 1.8578993 1.7500785 1.7619784 1.8281596 1.6879202 1.7444392 1.6769344 1.6880161 4.7645686 2.1160415 1.8376144 2.0622665 1.9923005 2.0438023 1.8646171 1.9978392 1.8229818 1.6361276 1.6135551 1.9811583 1.9574615 1.9730951 1.9948101 1.9933420 2.0450653 1.8005823 1.8125709 1.4904644 1.9238616 1.3005764 1.9515519 0.0000000 0.3510405 1.5232391 2.6076124 2.7620582 5.2286411 1.7712519 2.6626975 2.6639680 1.9658969 2.6166194 2.6188802 2.9371725 2.8895346 2.5853548 1.8773193 2.6780071 2.2319958 1.8032151 
Opea_EP00118_Oscarella_pearsei_P013710                 1.3317515 1.3920887 1.2873222 1.2924248 1.5490010 1.5558499 1.5479298 1.3007779 1.2876104 1.4879016 1.2891345 1.3329696 1.2856793 1.2678843 1.3082767 1.2705549 1.4104175 2.1211136 1.6510830 1.4961454 1.4919926 1.4721172 1.6589868 1.7850466 1.5403010 1.4921370 1.5223151 1.4138176 1.5023387 1.4876279 1.6183430 1.6259302 1.5983996 1.6507701 1.5510612 1.7082286 1.3636481 1.4586037 1.1791392 1.5052375 0.3510405 0.0000000 0.9250956 2.1240059 2.1359887 3.0134783 1.5871774 2.1436673 2.2155333 1.8304632 2.2018678 2.2846772 2.5450795 2.3213503 1.6938494 1.4065168 1.9866886 1.8051351 1.8563674 
Plajan_Pjan_C554293_01                                 1.5484585 1.4841114 1.4039984 1.5525746 1.9132318 1.7066455 1.8050718 1.3567761 1.3163761 0.9820480 1.2963813 1.3703098 1.2877506 1.3308983 1.4342328 1.3644834 1.3715049 2.1614392 1.3862796 1.3523783 1.4918656 1.3858069 1.6151374 1.8652695 1.6208448 1.6467484 1.5049661 1.2182320 1.5226559 1.5319244 1.5495157 1.5537913 1.5667068 1.5827236 1.3879848 0.0000010 0.9167805 1.4248435 0.9469631 1.4351893 1.5232391 0.9250956 0.0000000 2.0402098 2.1013667 3.0643213 1.2751207 1.8761671 1.9849190 1.5770209 1.9932818 2.0024031 2.3388508 2.1061234 1.7584148 1.3452015 1.8925524 1.6389928 1.2807210 
Mlei_ML0295.g18.i1                                     2.2195649 2.3217983 2.0681397 2.0599754 2.4677738 2.0714973 2.2136735 2.1499905 2.1799978 2.3260461 2.1757560 2.2653917 2.2830867 2.2720113 2.2489527 2.1882109 2.2634020 2.8812773 2.1439756 2.0587426 2.1038643 2.0706525 2.1859994 2.2569284 2.2127613 2.2781832 2.2059458 2.0864100 2.2324391 2.1878889 2.2842269 2.3296663 2.5118625 2.4017991 2.4240887 2.1984044 2.0535380 2.2141400 1.8570659 2.1386766 2.6076124 2.1240059 2.0402098 0.0000000 0.0857661 0.1280528 0.2447623 0.2196164 0.3634959 0.4318926 0.5041533 0.5294833 0.6366913 0.5741638 1.9576937 2.1919764 2.5551332 2.5489522 2.2330521 
Bolinf_Binf_sb1241464                                  2.2641388 2.2901494 2.0362419 2.1033914 2.4263508 2.0890261 2.1396903 2.1946443 2.1386165 2.1721790 2.1193694 2.2258933 2.2365779 2.2587299 2.2252264 2.1987940 2.1066785 2.7353614 1.9836621 1.9755734 2.0861103 2.0352335 2.1216645 2.2045034 2.1408311 2.3236886 2.1986856 2.0404184 2.1701123 2.1201623 2.1829203 2.2446755 2.3725961 2.3469506 2.3335420 1.9670215 2.0200371 2.2062735 1.8195306 2.1109041 2.7620582 2.1359887 2.1013667 0.0857661 0.0000000 0.0000010 0.2730817 0.2234927 0.3778364 0.4203884 0.5267745 0.5233340 0.6310665 0.5771483 1.9552590 2.1521437 2.4631157 2.4349963 2.1335791 
Mertsp_Mesp_sb611547                                   2.9898449 2.8889684 2.4315927 2.6320725 3.3410821 2.6843085 2.7252567 2.8602332 2.6697293 2.4446774 2.7138099 3.3719908 2.9372981 3.0091795 3.0236115 2.8287439 2.5491897 2.7353614 2.3174213 2.2124731 2.5871820 2.3978991 2.4791805 5.0961996 2.8635899 2.9017094 2.3857111 2.9545699 3.0010309 3.0271022 3.1829845 3.2893693 3.5042254 3.2898624 3.4906445 0.0000010 0.0000010 3.1684881 1.9216427 3.5419704 5.2286411 3.0134783 3.0643213 0.1280528 0.0000010 0.0000000 0.8146350 0.2862586 0.5222797 0.7392947 0.9167750 0.8973210 1.3041311 1.0750136 2.3183105 3.5630047 3.6138750 3.0870572 4.2452950 
Lampan_Lpan_13845_01                                   1.9633553 2.0232531 1.7389303 1.8131540 1.7381289 1.7657087 1.9583863 1.5642084 1.7235681 1.8975200 1.5903975 1.5070416 1.5791701 1.6157149 1.5455403 1.5532301 1.6254753 0.0000010 1.8140610 1.6469728 1.8330298 1.5950821 1.6465015 1.3218609 1.8199830 1.9341453 1.9148517 1.6381192 1.6381192 1.6252799 1.6392648 1.6375625 1.8647225 1.8463181 1.7812015 0.0000010 1.7866749 1.6788365 1.5594367 1.7410019 1.7712519 1.5871774 1.2751207 0.2447623 0.2730817 0.8146350 0.0000000 0.2278615 0.2496985 0.2703465 0.2885160 0.2885160 0.3307900 0.3391151 1.3124849 1.6907991 1.8882834 1.9191536 2.0431921 
Beraby_Baby_sb333258                                   2.2741917 2.2674302 1.9426202 1.9992148 2.4245154 2.1198098 2.2592571 2.0624202 2.0686207 2.2334021 2.0050725 2.1062395 2.1134520 2.1481910 2.1250380 2.0673074 2.0008373 2.5494498 2.0152113 1.8770179 2.0401298 2.0582570 2.1345830 2.1797588 2.1159647 2.1807960 2.1178947 2.0355544 2.1862765 2.1454919 2.2001784 2.2464860 2.3893491 2.1865368 2.3069439 1.9609230 1.9422691 2.1851949 1.7992229 2.1788396 2.6626975 2.1436673 1.8761671 0.2196164 0.2234927 0.2862586 0.2278615 0.0000000 0.3417711 0.3776811 0.4776284 0.4772315 0.6496749 0.5782070 1.9639956 2.1173987 2.5355327 2.3599865 2.2040632 
Drygla_Dgla_sb299695                                   2.4528387 2.4177364 2.1179298 2.2956905 2.5653252 2.1344846 2.3408558 2.2632979 2.2135368 2.4052919 2.1661559 2.2518950 2.2536343 2.2416881 2.2632032 2.1852665 2.3015356 2.7229588 2.1515684 2.1651377 2.0910105 2.0034024 2.2857488 2.0792103 2.3726673 2.3367045 2.2118759 2.2051446 2.3659977 2.3452993 2.4237293 2.4117227 2.4967819 2.3666273 2.4682179 3.1067102 2.2844817 2.2390547 2.0756051 2.1793995 2.6639680 2.2155333 1.9849190 0.3634959 0.3778364 0.5222797 0.2496985 0.3417711 0.0000000 0.4729976 0.5895858 0.6201620 0.7174055 0.6586340 2.0827210 2.2952987 2.7036859 2.5204192 2.4147879 
Vmul_sbMO416743                                        2.0140706 1.9723692 1.6420697 1.7969750 1.9305582 1.8486333 1.7699860 1.6723912 1.8436850 1.9095367 1.6977196 1.7197202 1.6849592 1.6849051 1.7056638 1.7015008 1.7341520 2.4017946 1.7410550 1.6611147 1.6906871 1.7670656 1.8036393 1.5353469 1.8762517 1.9428352 1.9833957 1.8019024 1.8479797 1.8329226 1.8261979 1.8587400 2.1331359 2.0195331 1.9586255 0.0000010 1.6302349 1.8480057 1.4186997 2.0079656 1.9658969 1.8304632 1.5770209 0.4318926 0.4203884 0.7392947 0.2703465 0.3776811 0.4729976 0.0000000 0.1711699 0.1756729 0.4733473 0.4813972 1.7374521 2.1556286 2.1178944 1.9016127 2.0619771 
Coeast_Cast_sb779249                                   2.3801153 2.2670632 2.0365880 2.0651811 2.4051855 2.2041714 2.1835205 2.0706001 2.1642143 2.2766345 2.0695068 2.1202675 2.2024271 2.1572275 2.1712619 2.1694459 2.0973371 2.4796720 2.0941774 2.0934477 2.1608338 2.1361420 2.2806287 2.1570399 2.2233036 2.2828842 2.3337458 2.0131768 2.2266809 2.2426884 2.2553332 2.2787470 2.4854320 2.4079793 2.3824702 1.3038469 2.0014736 2.2305309 1.7993369 2.3454344 2.6166194 2.2018678 1.9932818 0.5041533 0.5267745 0.9167750 0.2885160 0.4776284 0.5895858 0.1711699 0.0000000 0.0182387 0.7386779 0.6816715 2.0316349 2.3682102 2.6361037 2.4662821 2.3243946 
Coemet_Cmet_C602799_01                                 2.4844294 2.3799784 2.1718862 2.1617030 2.5513000 2.3230357 2.3400023 2.1560918 2.1936672 2.3984416 2.1552954 2.1981013 2.2181503 2.2028968 2.2265124 2.1857521 2.2872618 2.3375213 2.2090391 2.2123770 2.1155343 2.0866916 2.3187782 2.0456982 2.3519347 2.3427045 2.4172612 2.2731783 2.3968775 2.3514428 2.4889056 2.4639990 2.5629765 2.5580668 2.4923771 2.5288601 2.2176946 2.3083319 2.0135177 2.3302726 2.6188802 2.2846772 2.0024031 0.5294833 0.5233340 0.8973210 0.2885160 0.4772315 0.6201620 0.1756729 0.0182387 0.0000000 0.7369437 0.6777254 1.9194338 2.3265194 2.6396690 2.7115253 2.5542898 
Pbac_sb2661325                                         2.6165771 2.5230884 2.4296912 2.3621180 2.7657606 2.3959696 2.6373120 2.4490134 2.3929622 2.5230786 2.4818412 2.5494232 2.4741571 2.4666518 2.5428804 2.4470740 2.4922346 3.2847639 2.6157216 2.4565285 2.4044397 2.4255580 2.5175794 2.4988557 2.5709566 2.5402331 2.4874002 2.3985811 2.6597829 2.5637335 2.7021645 2.6727531 2.6984492 2.5654292 2.3239563 2.4321103 2.1728768 2.4302366 1.9711149 2.2179286 2.9371725 2.5450795 2.3388508 0.6366913 0.6310665 1.3041311 0.3307900 0.6496749 0.7174055 0.4733473 0.7386779 0.7369437 0.0000000 0.0586234 2.3713967 2.3874552 2.7855120 2.8322660 2.5077601 
Horcal_Hcv1.av93.c2.g1584.i1                           2.4815730 2.3431904 2.2734227 2.2163637 2.5482739 2.1968942 2.4629306 2.2340913 2.2053459 2.5321844 2.3180341 2.3264608 2.3344721 2.2892017 2.3496554 2.2476544 2.3049266 2.2281862 2.4502645 2.2916660 2.3041027 2.2325655 2.3585522 2.3200480 2.4083044 2.4207148 2.3924497 2.4478321 2.5403748 2.4836634 2.6315978 2.5813611 2.5859121 2.4864420 2.3820495 2.1905484 2.1742595 2.3697922 2.0021712 2.3304520 2.8895346 2.3213503 2.1061234 0.5741638 0.5771483 1.0750136 0.3391151 0.5782070 0.6586340 0.4813972 0.6816715 0.6777254 0.0586234 0.0000000 2.0840588 2.3975810 2.5765981 2.6571234 2.3783355 
Hvul_g10050_1                                          1.3605780 1.3348007 1.2928599 1.3983477 1.5948065 1.4442139 1.5858176 0.9457256 1.0538571 0.9172595 1.0354876 1.0441575 0.9854185 1.0101339 1.0475932 1.0824752 1.0618118 1.5708091 1.0180835 1.0810016 1.1171007 0.8382619 0.6679932 1.6920597 1.4122547 1.4320021 1.4881787 1.3334148 1.5522709 1.5560619 1.6851601 1.6575916 2.0065644 2.0043400 1.8254530 0.0000010 1.1090850 1.7479410 1.4594841 1.4791571 2.5853548 1.6938494 1.7584148 1.9576937 1.9552590 2.3183105 1.3124849 1.9639956 2.0827210 1.7374521 2.0316349 1.9194338 2.3713967 2.0840588 0.0000000 1.6733984 2.0968075 1.9517203 1.5270961 
Clacor_Ccor_scaffold13154_01                           1.3119089 1.3193501 1.3881579 1.4868455 1.6538268 1.6130771 1.7222239 1.2939905 1.4276524 1.1889839 1.3492258 1.4138340 1.3354729 1.3298215 1.3468983 1.3086449 1.3837442 2.3627118 1.5598371 1.5407364 1.6364734 1.4712997 1.6091032 1.8820606 1.5331814 1.5837468 1.6181487 1.3475449 1.5340454 1.5407975 1.5867917 1.5712123 1.5944035 1.5775553 1.5711585 0.0000010 1.1714885 1.3974546 1.2296426 1.6107941 1.8773193 1.4065168 1.3452015 2.1919764 2.1521437 3.5630047 1.6907991 2.1173987 2.2952987 2.1556286 2.3682102 2.3265194 2.3874552 2.3975810 1.6733984 0.0000000 1.4510510 1.3443587 1.1203541 
Lcom_lcpid56889                                        1.9523083 2.0203360 2.1631964 2.1404935 2.2417733 2.1204131 2.1816339 1.9061958 1.9523348 2.0845939 1.8555489 1.9759772 1.9223089 1.9421476 1.9755449 1.9412915 1.8971237 2.4811597 2.1390502 2.1265339 2.0596215 1.8711854 2.1666639 2.2009295 2.0860807 2.2282752 2.1324083 1.7682785 1.9173398 1.9035602 1.9594529 1.9788101 2.1403933 2.0732906 1.9338502 2.3640711 1.8129771 1.9192646 1.6383976 2.0421244 2.6780071 1.9866886 1.8925524 2.5551332 2.4631157 3.6138750 1.8882834 2.5355327 2.7036859 2.1178944 2.6361037 2.6396690 2.7855120 2.5765981 2.0968075 1.4510510 0.0000000 0.9279619 0.7891611 
Gracom_Gcom_scaffold15569_01                           1.9036429 1.8905504 1.9508792 1.9532653 2.0877984 1.9625888 1.9190835 1.8269276 1.7931698 1.8965735 1.7439510 1.8346157 1.6969773 1.7310274 1.7649245 1.7491414 1.8739894 3.4262990 1.8813215 1.9055852 1.8068937 1.8786490 2.0841001 1.9942513 1.9725765 2.0562483 1.9495646 1.7544167 1.9712573 1.9404751 1.9967414 2.0894675 2.0708917 2.0003436 1.9285585 3.1179377 1.8700405 1.9371195 1.7459841 1.8565541 2.2319958 1.8051351 1.6389928 2.5489522 2.4349963 3.0870572 1.9191536 2.3599865 2.5204192 1.9016127 2.4662821 2.7115253 2.8322660 2.6571234 1.9517203 1.3443587 0.9279619 0.0000000 0.6415658 
Leuniv_Lniv_scaffold19641_01                           1.7147039 1.7587670 1.8371670 1.7754409 1.9956142 1.8528927 1.9518393 1.6970647 1.7039856 1.9991995 1.6599499 1.6198011 1.5557306 1.6563295 1.6967619 1.6886992 1.7706648 2.0161104 1.8642567 1.8790129 1.5387628 1.6378942 1.9866119 1.2995770 1.9855022 1.9583790 1.7994926 1.8025166 1.8255593 1.7242992 1.7061531 1.7409255 1.8449433 1.8175225 1.6993536 2.9998870 1.8880433 1.7691594 1.8027458 1.7994038 1.8032151 1.8563674 1.2807210 2.2330521 2.1335791 4.2452950 2.0431921 2.2040632 2.4147879 2.0619771 2.3243946 2.5542898 2.5077601 2.3783355 1.5270961 1.1203541 0.7891611 0.6415658 0.0000000 
