56
Hsap_ENST00000328195                                             0.0000000 1.1434692 1.1537665 1.3007399 1.2223967 1.3703670 1.3749740 1.0823002 1.7161532 1.2986334 1.3853787 1.3656444 1.6174590 1.4771823 1.2581998 1.4115065 1.2759859 1.4888591 1.3711636 1.2294274 1.2595938 1.4017997 1.3959872 1.4046846 1.3912927 1.2884324 1.3178928 1.3639520 1.8031693 1.3975581 1.5726670 1.5280433 1.3972554 1.4827416 1.5218430 1.6199733 1.2690538 1.5569967 1.7124439 1.6727317 2.2364483 1.7894008 1.7622191 1.9756976 1.4550537 1.8502082 2.0514913 2.0850049 1.8763078 1.7650759 1.7390676 1.9133589 0.9983510 1.8638257 2.0199407 2.8105207 
Bralan_BLAG03000952_1                                            1.1434692 0.0000000 1.0892885 1.2916399 1.1119424 1.2653372 1.1761437 1.1015978 1.5742340 1.1799896 1.1713635 1.2571535 1.6425572 1.3141017 1.8219476 1.6978616 1.2746380 1.6295371 1.6058092 1.1035381 1.1310453 1.4318994 1.4339786 1.3601881 1.3716293 1.3840562 1.4154064 1.4967661 1.5230625 1.2838105 1.4925721 1.5776304 1.2576421 1.2877287 1.4096022 1.7277027 1.2682408 1.4431280 1.9692250 1.9548514 2.1726291 1.8420789 1.8573846 2.0593584 1.4356100 1.9184475 2.1337662 2.1892899 1.7531230 1.8811839 1.6368024 2.0354344 1.0534552 1.8375782 2.2885113 3.0702764 
Cscu_XM_023372034.1                                              1.1537665 1.0892885 0.0000000 1.1327633 1.0858597 1.1229089 1.4841629 1.3442487 1.3335862 1.3730691 1.4068057 1.4242708 1.6279969 1.7517654 1.3433381 1.5186361 1.4806321 1.5724609 1.3829325 1.0659001 1.1607987 1.4254852 1.4276418 1.4801656 1.4851905 1.3869383 1.4195431 1.5136518 1.6275832 1.4335765 1.5562094 1.2474663 1.3526394 1.2324252 1.6837014 1.7324692 1.2016100 1.8041966 1.5595840 1.6535364 1.9241441 1.7720307 1.7238123 1.9761629 1.5182842 1.7876544 1.9033001 1.9556410 1.8981792 1.6635640 1.8069810 1.7757757 0.8905253 1.4991738 1.7379416 2.3153165 
Spur_XM_003730245.3                                              1.3007399 1.2916399 1.1327633 0.0000000 1.2015525 1.4627504 1.5359253 1.5048648 1.6657893 1.4582315 1.3931094 1.4759782 1.6553758 1.8043327 1.7075909 1.5934834 1.3875359 1.4686187 1.3501360 1.4055436 1.3744235 1.4030544 1.3935928 1.4329129 1.4467637 1.4025527 1.4343446 1.4190479 1.8852637 1.5002188 1.5943538 1.5542910 1.3202684 1.3190767 1.6465441 1.9025298 1.1017655 1.4934357 1.8392680 1.8618727 2.1612547 1.8338550 2.0565369 1.9289258 1.6925770 1.8378935 2.3440606 2.3938478 1.8838575 1.6823571 1.8226987 2.3057668 1.2021382 1.5597036 1.6798895 2.7131418 
Tcas_TC011768_001                                                1.2223967 1.1119424 1.0858597 1.2015525 0.0000000 1.1585809 1.2512376 1.4679478 1.3039678 1.2184274 1.2526667 1.3655950 1.5814050 1.8500990 1.5621158 1.5987430 1.6554188 1.6415623 1.5427745 1.3857325 1.3844500 1.3767114 1.3712323 1.4027466 1.4563352 1.3332411 1.3648706 1.3912163 1.7962915 1.4241263 1.6184607 1.8204208 1.5510811 1.3551738 1.5894226 1.9816063 1.5538650 1.7060736 1.7632965 1.9094508 1.7641747 1.7029247 1.7919284 1.9212717 1.4881698 1.6745352 1.9359431 1.9521832 1.6911387 1.7970748 1.6801300 1.9675610 1.0356960 1.2096335 1.8959800 3.1840844 
Ctel_gnl_WGS_AMQN_CAPTEDRAFT_mRNA138840                          1.3703670 1.2653372 1.1229089 1.4627504 1.1585809 0.0000000 1.5466817 1.5461745 1.4303016 1.6445666 1.5028645 1.5945467 1.8089564 1.7530746 2.0789761 1.9639010 1.4234733 2.0040867 1.5708390 1.6881264 1.3949547 1.7205462 1.7230284 1.7122046 1.7385018 1.7007794 1.7269761 1.6251443 1.8207473 1.6070844 1.7237195 1.8331848 1.6508659 1.5753459 1.7141715 2.0189025 1.1723883 1.7500916 1.7182463 2.0223192 2.0560845 1.8911244 2.0044436 2.1792226 1.6968020 1.8857833 2.0662794 2.1288790 2.0335942 1.8564322 1.9523274 2.0797879 1.2611687 1.4739038 2.2646886 3.1770929 
Exapal_XM_021044328.2                                            1.3749740 1.1761437 1.4841629 1.5359253 1.2512376 1.5466817 0.0000000 0.9486903 0.9875635 0.8047839 0.9166169 0.9786121 1.0459813 1.0945034 1.4426331 1.3734764 1.1675347 1.4913901 1.5569739 1.2516904 1.1926307 1.2885885 1.2926272 1.2568071 1.3004737 1.2798000 1.2947614 1.2798287 1.5553606 1.3726419 1.7773148 1.6501496 1.3412021 1.1996783 1.3734774 1.5358768 1.4059682 1.4682569 1.6724260 1.4838439 2.1759816 1.7033837 1.7440259 1.9604848 1.6188491 1.6105951 1.9694633 1.9947524 1.8037535 1.8985939 1.8730016 1.7693865 1.2318383 1.0334697 1.9039556 3.3425456 
Adig_XM_015916500.1                                              1.0823002 1.1015978 1.3442487 1.5048648 1.4679478 1.5461745 0.9486903 0.0000000 0.5764131 0.4739594 0.5265853 0.5822651 0.7406205 0.3640017 1.3357605 1.3984136 1.1164991 1.5219203 1.4424304 1.0843227 0.9605470 1.1951477 1.2107963 1.2574619 1.1762162 1.1812351 1.2101183 1.1109079 1.8574995 1.2838032 1.5708637 1.3782530 1.5001232 1.2331675 1.5540021 1.7385079 1.2226664 1.5215810 1.4240736 1.6603043 1.7521778 1.7784661 1.8283773 1.6561560 1.4243925 1.7152401 1.8312609 1.8787799 1.6366741 1.6343326 1.5755891 1.6996018 0.8517661 1.2106329 1.8394344 5.3445863 
Fspp_ffun1.m4.15961.m1                                           1.7161532 1.5742340 1.3335862 1.6657893 1.3039678 1.4303016 0.9875635 0.5764131 0.0000000 0.1821009 0.2540733 0.3557897 0.3010680 0.5917420 1.1108454 1.1087836 0.9385572 1.3084129 1.2531854 1.1495284 1.2259747 1.2829848 1.3021061 1.2467080 1.3029040 1.2024905 1.2568301 1.2351155 1.9419631 1.1878283 1.8674427 1.3476519 1.1099446 1.1239723 1.4074766 1.2461672 1.4654661 1.4448243 1.7234667 1.1742440 1.9642808 1.3060180 1.5631503 1.5239101 1.3958709 1.2682147 1.5617638 1.5811535 1.9352895 1.5429894 2.1860436 1.7479132 1.3666961 1.1355843 2.3691941 1.9972902 
Gasp_gasp1.m3.30479.m1                                           1.2986334 1.1799896 1.3730691 1.4582315 1.2184274 1.6445666 0.8047839 0.4739594 0.1821009 0.0000000 0.2812707 0.3060066 0.4225861 0.5351632 0.9939656 1.1642028 1.0144812 1.3477492 1.1792040 1.1332236 1.0105162 1.2342805 1.2439879 1.3146572 1.3498986 1.3128987 1.3439812 1.1555873 1.8267810 1.3105609 1.6809524 1.4018533 1.2121572 1.2111674 1.3359536 1.3377765 1.2561882 1.2881176 1.5721960 1.3667957 1.8035285 1.5751067 1.8492748 1.7719847 1.3437880 1.5682919 1.7966118 1.8282958 1.8601881 1.8611726 1.7463300 1.8872892 1.1202352 1.0080784 2.0373504 2.6200405 
Spis_XP_022783733_1                                              1.3853787 1.1713635 1.4068057 1.3931094 1.2526667 1.5028645 0.9166169 0.5265853 0.2540733 0.2812707 0.0000000 0.1275584 0.5062516 0.5896398 1.0402486 1.1681754 1.1240394 1.4295250 1.1559276 1.1160241 1.0900020 1.2115707 1.2155145 1.2313526 1.2449129 1.2217723 1.2518153 1.1602118 1.9310714 1.2782704 1.7629867 1.5210012 1.3307993 1.2247799 1.3580636 1.3151854 1.2981839 1.4565341 1.5341079 1.3647599 1.8703780 1.6193208 1.7992408 1.7190674 1.3411956 1.5170052 1.7337002 1.7664219 1.8430333 1.9295243 1.6901932 1.7405311 1.1606183 1.0808803 2.0515681 2.6174785 
Pocdam_XM_027183286.1                                            1.3656444 1.2571535 1.4242708 1.4759782 1.3655950 1.5945467 0.9786121 0.5822651 0.3557897 0.3060066 0.1275584 0.0000000 0.5414559 0.5444524 1.0288995 1.1216320 1.0914350 1.4325562 1.1975756 1.2035430 1.1566854 1.3236082 1.3276116 1.3198719 1.3184714 1.3209313 1.3517382 1.2830643 1.9899310 1.3465290 1.7336140 1.5924494 1.3845605 1.2594699 1.3893474 1.3863063 1.3062867 1.4618096 1.6054896 1.4215168 2.0479865 1.7839711 1.9403886 1.8194083 1.4649133 1.6326077 1.8241081 1.8480417 1.9077101 2.0603684 1.7871525 1.7771672 1.2451181 1.0846536 1.9664631 2.5846393 
Gfas_gfas1.m1.15696.m1                                           1.6174590 1.6425572 1.6279969 1.6553758 1.5814050 1.8089564 1.0459813 0.7406205 0.3010680 0.4225861 0.5062516 0.5414559 0.0000000 0.6876010 1.2114370 1.3195562 1.1527859 1.2689230 1.2235809 1.1769210 1.1602075 1.5962402 1.5993325 1.5562934 1.6064273 1.5034778 1.5512175 1.3060462 1.9501431 1.2209931 1.7859005 1.4757736 1.2371445 1.2347928 1.4648470 1.2151876 1.4883862 1.7284104 1.5368564 1.3679773 2.0814287 1.5724342 1.7990180 1.5512273 1.4406287 1.4926878 1.7466076 1.7718564 1.9377539 1.8016867 2.1691407 1.8652757 1.1836380 1.2986477 2.5516169 2.7878878 
Amil_Amillepora03257-RA                                          1.4771823 1.3141017 1.7517654 1.8043327 1.8500990 1.7530746 1.0945034 0.3640017 0.5917420 0.5351632 0.5896398 0.5444524 0.6876010 0.0000000 1.4395903 1.6504054 1.4257857 1.8695279 1.6222033 1.3298678 1.4197974 1.6192646 1.6335876 1.5605972 1.5586604 1.5208546 1.5655373 1.4541309 2.1726028 1.5531709 2.1694684 1.8391116 1.5587971 1.4932146 1.7949479 1.7262693 1.4761894 1.9192417 1.8026897 1.8616562 2.2267175 2.2350988 2.4884498 2.3222276 2.1003093 2.3041286 2.4036190 2.4223699 2.1889398 2.4849543 2.0628473 2.0980962 1.2532822 1.2460189 2.3278899 3.1661522 
Ocar_g9677                                                       1.2581998 1.8219476 1.3433381 1.7075909 1.5621158 2.0789761 1.4426331 1.3357605 1.1108454 0.9939656 1.0402486 1.0288995 1.2114370 1.4395903 0.0000000 0.0080317 0.9410501 1.3213518 1.2149697 1.5625605 1.5151783 1.3585199 1.3625617 1.4737391 1.4208848 1.4140104 1.4791885 1.3486082 1.6835353 1.1901735 1.5719841 1.3428407 1.3337940 1.3677354 1.3000317 1.4840962 1.7235847 1.6121809 1.8038471 1.6183210 2.2264997 1.9414938 1.9627662 1.8394369 1.7187594 1.7376187 2.0808499 2.1216076 1.9353805 1.8944319 2.9012981 1.5788132 1.4484936 1.6668249 2.2053799 2.0807038 
Opea_EP00118_Oscarella_pearsei_P010712                           1.4115065 1.6978616 1.5186361 1.5934834 1.5987430 1.9639010 1.3734764 1.3984136 1.1087836 1.1642028 1.1681754 1.1216320 1.3195562 1.6504054 0.0080317 0.0000000 0.9466515 1.5906541 1.4236657 1.5256556 1.5470798 1.6359589 1.6384530 1.6682971 1.6271954 1.6520015 1.6935779 1.5177321 1.9857577 1.4635854 1.7425087 1.6474043 1.5366027 1.5822049 1.1957783 1.5769897 1.6381856 1.5029407 1.7715557 1.7384936 2.2498951 2.0634478 2.0837116 2.0243606 1.6841590 2.0067262 2.2337226 2.2804911 1.8608020 2.0861174 2.2861045 1.6987396 1.4606780 1.7288804 1.7903883 2.8629753 
Plajan_Pjan_C548201_01                                           1.2759859 1.2746380 1.4806321 1.3875359 1.6554188 1.4234733 1.1675347 1.1164991 0.9385572 1.0144812 1.1240394 1.0914350 1.1527859 1.4257857 0.9410501 0.9466515 0.0000000 1.4599361 1.2861506 1.4049501 1.3289139 1.3129164 1.3149561 1.3325583 1.3124152 1.3080752 1.3215942 1.2130854 1.7460605 1.4556508 1.4438694 1.3510231 1.3688261 1.3922774 1.1403076 1.6053292 1.3869248 1.2176179 1.5996738 1.7281513 1.6322001 1.5814334 1.6305660 1.7058670 1.1635400 1.5221187 1.7943294 1.8443605 1.6078976 1.6985548 1.8368754 1.7932094 0.9753893 1.1932461 1.6192872 1.9991842 
Hvul_g30229_1                                                    1.4888591 1.6295371 1.5724609 1.4686187 1.6415623 2.0040867 1.4913901 1.5219203 1.3084129 1.3477492 1.4295250 1.4325562 1.2689230 1.8695279 1.3213518 1.5906541 1.4599361 0.0000000 1.0267621 1.5681182 1.6140806 1.9395162 1.9422675 1.8836574 1.8670003 1.8943281 1.9430094 1.6793304 2.2610211 1.8166122 1.8363028 1.5440278 1.5680560 1.2574506 1.5780249 1.8090823 1.6815846 1.9576659 1.6048911 1.8066950 1.9389216 1.9220913 1.9443956 1.9004670 1.3944787 1.6259772 1.8267452 1.8738441 1.8001005 1.7571490 1.8771835 1.5799660 1.3379196 1.7315344 2.1872655 2.9145823 
Chem_TCONS_00008790                                              1.3711636 1.6058092 1.3829325 1.3501360 1.5427745 1.5708390 1.5569739 1.4424304 1.2531854 1.1792040 1.1559276 1.1975756 1.2235809 1.6222033 1.2149697 1.4236657 1.2861506 1.0267621 0.0000000 1.5357118 1.5193819 2.1018766 2.1052870 2.0972203 2.1134712 2.0389239 2.1010380 2.1242163 1.4860002 1.5456103 1.4378290 1.1318922 1.1382362 1.1836431 1.4732252 1.2890270 1.5867275 1.6831953 1.2476094 1.3385703 1.8745180 1.8050584 2.0039845 1.9624127 1.8451960 1.7657325 1.9373520 1.9808307 1.7140090 1.7119481 2.2518106 1.2444802 1.5710172 1.8077930 2.3095656 2.7579271 
Dgig_XM_028535473.1                                              1.2294274 1.1035381 1.0659001 1.4055436 1.3857325 1.6881264 1.2516904 1.0843227 1.1495284 1.1332236 1.1160241 1.2035430 1.1769210 1.3298678 1.5625605 1.5256556 1.4049501 1.5681182 1.5357118 0.0000000 0.5173636 1.3268413 1.3288616 1.3271013 1.3444234 1.2287178 1.2576720 1.2901759 1.6724953 1.2220201 1.5629285 1.6819703 1.3417897 1.3880397 1.5309016 1.5243960 1.3901094 1.3755745 1.5022362 1.5938175 1.8005366 1.6180124 2.0978457 1.8501879 1.5698069 1.9291239 2.2296321 2.2901716 1.9163162 1.5343468 1.7006821 1.8914437 1.1239664 1.7760282 1.6856570 2.5871535 
Xesp_013087-T1                                                   1.2595938 1.1310453 1.1607987 1.3744235 1.3844500 1.3949547 1.1926307 0.9605470 1.2259747 1.0105162 1.0900020 1.1566854 1.1602075 1.4197974 1.5151783 1.5470798 1.3289139 1.6140806 1.5193819 0.5173636 0.0000000 1.2344630 1.2364297 1.3437048 1.3877233 1.2336949 1.2633373 1.2815485 1.8143189 1.2655853 1.5575913 1.3916326 1.2823093 1.4172936 1.5523900 1.6321342 1.2882389 1.2615464 1.2864285 1.4929826 1.7338629 1.6625830 2.0590737 1.8811638 1.4117263 1.8918525 2.1882867 2.2592985 1.8037190 1.5694300 1.6522940 1.6734576 1.1173340 1.9327274 1.4738844 2.3246275 
Tadh_TriadT61518                                                 1.4017997 1.4318994 1.4254852 1.4030544 1.3767114 1.7205462 1.2885885 1.1951477 1.2829848 1.2342805 1.2115707 1.3236082 1.5962402 1.6192646 1.3585199 1.6359589 1.3129164 1.9395162 2.1018766 1.3268413 1.2344630 0.0000000 0.0043455 0.1686763 0.1843816 0.1613738 0.1679855 0.2793049 2.3072678 1.5892435 1.9812195 1.8720063 1.8533269 1.7281920 1.7845114 2.0352458 1.5621156 1.5697736 1.8830588 2.1888802 1.9949362 1.9949816 2.1429235 2.4420205 1.7750906 1.9445636 2.3360395 2.3745250 2.2637135 2.1693697 2.1338471 2.0547683 1.2784111 1.7426953 1.6901800 2.5123660 
TrH2_TrispH2_003617-RA                                           1.3959872 1.4339786 1.4276418 1.3935928 1.3712323 1.7230284 1.2926272 1.2107963 1.3021061 1.2439879 1.2155145 1.3276116 1.5993325 1.6335876 1.3625617 1.6384530 1.3149561 1.9422675 2.1052870 1.3288616 1.2364297 0.0043455 0.0000000 0.1755680 0.1914683 0.1681199 0.1748646 0.2896956 2.3132665 1.5940479 1.9866961 1.8687085 1.8593587 1.7405329 1.8094221 2.0638055 1.5829852 1.5808399 1.8856009 2.2033261 1.9978256 1.9977592 2.1458162 2.4451668 1.7783817 1.9472641 2.3390829 2.3266677 2.2665418 2.1733260 2.1382120 2.0575168 1.2908262 1.7660092 1.6951099 2.5168637 
HoiH06_mRNA2972                                                  1.4046846 1.3601881 1.4801656 1.4329129 1.4027466 1.7122046 1.2568071 1.2574619 1.2467080 1.3146572 1.2313526 1.3198719 1.5562934 1.5605972 1.4737391 1.6682971 1.3325583 1.8836574 2.0972203 1.3271013 1.3437048 0.1686763 0.1755680 0.0000000 0.0445603 0.0507873 0.0558722 0.1804672 2.2266942 1.6469849 2.1264391 1.8624686 1.8611871 1.6822438 1.7867291 2.1181559 1.5472062 1.5659792 1.8758693 2.1117413 2.0966425 2.0946273 2.2985840 2.3864211 1.7244356 2.0189376 2.2971297 2.3352332 2.2227767 2.1739289 2.1663767 2.0106823 1.4025189 1.6190941 1.5978732 2.3112925 
HoiH23_PlH23_009022-RA                                           1.3912927 1.3716293 1.4851905 1.4467637 1.4563352 1.7385018 1.3004737 1.1762162 1.3029040 1.3498986 1.2449129 1.3184714 1.6064273 1.5586604 1.4208848 1.6271954 1.3124152 1.8670003 2.1134712 1.3444234 1.3877233 0.1843816 0.1914683 0.0445603 0.0000000 0.0646253 0.0698368 0.1827032 2.2041104 1.6535640 2.1343059 1.8546000 1.8818079 1.6350515 1.8463776 2.0871800 1.5331671 1.5763890 1.8241716 2.0775902 2.0737122 2.0725840 2.2260201 2.2498307 1.7209346 1.9306181 2.2766127 2.3145553 2.2179266 2.2054894 2.0734963 1.9703629 1.3793282 1.5405783 1.5981454 2.2182322 
Hhon_g09248.t1                                                   1.2884324 1.3840562 1.3869383 1.4025527 1.3332411 1.7007794 1.2798000 1.1812351 1.2024905 1.3128987 1.2217723 1.3209313 1.5034778 1.5208546 1.4140104 1.6520015 1.3080752 1.8943281 2.0389239 1.2287178 1.2336949 0.1613738 0.1681199 0.0507873 0.0646253 0.0000000 0.0043095 0.2079525 2.1770969 1.5934413 2.0305186 1.8048735 1.7432954 1.5274677 1.8176227 1.9916010 1.5353882 1.5163786 1.7657535 1.9484271 2.0419687 2.0145266 2.2567167 2.2759534 1.6796674 1.8691244 2.2699602 2.3079542 2.1745820 2.1064354 2.0841721 1.9882281 1.3222170 1.5931866 1.5432237 2.2970758 
HoiH04_mRNA7443                                                  1.3178928 1.4154064 1.4195431 1.4343446 1.3648706 1.7269761 1.2947614 1.2101183 1.2568301 1.3439812 1.2518153 1.3517382 1.5512175 1.5655373 1.4791885 1.6935779 1.3215942 1.9430094 2.1010380 1.2576720 1.2633373 0.1679855 0.1748646 0.0558722 0.0698368 0.0043095 0.0000000 0.2170742 2.2303944 1.6188049 2.0804517 1.8493274 1.7706638 1.5644476 1.8622722 2.0411371 1.5717580 1.5518777 1.8076530 1.9951479 2.0960377 2.0656390 2.2818027 2.3010623 1.7029059 1.8894084 2.2953932 2.3338657 2.2271789 2.1064354 2.0841721 2.0369937 1.3614232 1.6639448 1.5614271 2.3800569 
HoiH11_mRNA816                                                   1.3639520 1.4967661 1.5136518 1.4190479 1.3912163 1.6251443 1.2798287 1.1109079 1.2351155 1.1555873 1.1602118 1.2830643 1.3060462 1.4541309 1.3486082 1.5177321 1.2130854 1.6793304 2.1242163 1.2901759 1.2815485 0.2793049 0.2896956 0.1804672 0.1827032 0.2079525 0.2170742 0.0000000 1.8115401 1.5698237 1.8179695 1.7245624 1.7725748 1.5955958 1.6334087 2.1320250 1.6298008 1.5697892 1.8063775 1.8478094 1.8253948 1.7992217 2.0948429 2.0514072 1.7595715 1.6976728 2.0858798 2.1259114 2.0874359 1.6249882 1.8213017 1.7673983 1.3603214 1.6823202 1.7159104 2.0217277 
Aque_Aqu2.1.44153_001                                            1.8031693 1.5230625 1.6275832 1.8852637 1.7962915 1.8207473 1.5553606 1.8574995 1.9419631 1.8267810 1.9310714 1.9899310 1.9501431 2.1726028 1.6835353 1.9857577 1.7460605 2.2610211 1.4860002 1.6724953 1.8143189 2.3072678 2.3132665 2.2266942 2.2041104 2.1770969 2.2303944 1.8115401 0.0000000 0.8455851 0.8662001 1.6494306 1.2762227 1.3727808 1.5597692 1.7557839 1.6741465 2.3083739 1.9275860 2.1707486 2.5081858 2.5628742 2.7271405 2.8717554 2.2033511 2.8452348 3.0737040 3.1330226 2.2035203 2.5390289 2.3486931 1.9668636 1.6034713 1.9062838 2.2500338 2.9147979 
Xestes_augustus_masked-XT_scaffold3488-processed-gene-0.3-mRNA-1 1.3975581 1.2838105 1.4335765 1.5002188 1.4241263 1.6070844 1.3726419 1.2838032 1.1878283 1.3105609 1.2782704 1.3465290 1.2209931 1.5531709 1.1901735 1.4635854 1.4556508 1.8166122 1.5456103 1.2220201 1.2655853 1.5892435 1.5940479 1.6469849 1.6535640 1.5934413 1.6188049 1.5698237 0.8455851 0.0000000 0.7351089 1.2150408 0.9705509 1.0280062 1.1604671 1.5120653 1.3871274 1.5716216 1.6120410 1.6399445 1.9105824 1.8037844 1.8815234 1.8975174 1.7026526 1.9143018 2.3283391 2.3715607 1.8034066 1.7336696 1.7538641 1.8383468 1.2549945 1.4693088 1.8682020 2.3861093 
Halamb_c43390_g1_i1m.16118                                       1.5726670 1.4925721 1.5562094 1.5943538 1.6184607 1.7237195 1.7773148 1.5708637 1.8674427 1.6809524 1.7629867 1.7336140 1.7859005 2.1694684 1.5719841 1.7425087 1.4438694 1.8363028 1.4378290 1.5629285 1.5575913 1.9812195 1.9866961 2.1264391 2.1343059 2.0305186 2.0804517 1.8179695 0.8662001 0.7351089 0.0000000 1.4794203 1.1180651 1.4191099 1.5406580 1.7738730 1.7204402 1.8211339 1.8337096 1.8616004 2.1100190 2.1632025 2.4814408 2.4854775 1.8946275 2.3524452 2.7577432 2.8039296 1.9569036 2.0290236 1.9985855 1.6945051 1.4336946 1.7526169 1.8605907 2.5626794 
Emue_Em0018g568a.t1                                              1.5280433 1.5776304 1.2474663 1.5542910 1.8204208 1.8331848 1.6501496 1.3782530 1.3476519 1.4018533 1.5210012 1.5924494 1.4757736 1.8391116 1.3428407 1.6474043 1.3510231 1.5440278 1.1318922 1.6819703 1.3916326 1.8720063 1.8687085 1.8624686 1.8546000 1.8048735 1.8493274 1.7245624 1.6494306 1.2150408 1.4794203 0.0000000 0.4057187 0.9542746 1.3189121 1.3436931 1.5170634 1.6017727 1.8276399 1.7266582 1.6941398 1.8131302 2.0844381 2.1959476 1.4261657 1.9757700 2.1600114 2.1975169 1.7720911 1.6145814 1.7128964 1.5951273 1.3506978 1.8821709 2.1143897 2.3625575 
Spolac_c89193_g1_i1_m.5470c89193-g1                              1.3972554 1.2576421 1.3526394 1.3202684 1.5510811 1.6508659 1.3412021 1.5001232 1.1099446 1.2121572 1.3307993 1.3845605 1.2371445 1.5587971 1.3337940 1.5366027 1.3688261 1.5680560 1.1382362 1.3417897 1.2823093 1.8533269 1.8593587 1.8611871 1.8818079 1.7432954 1.7706638 1.7725748 1.2762227 0.9705509 1.1180651 0.4057187 0.0000000 0.7218414 1.1955470 1.4008862 1.3742918 1.6035107 1.6661079 1.7812666 1.6017768 1.6427565 1.8629796 1.9808494 1.4609938 1.9351520 1.9479609 1.9720061 1.6216966 1.7095291 1.8601314 1.6587846 1.2253938 1.7562904 1.7563094 2.0953252 
Tetwil_g23407.t1                                                 1.4827416 1.2877287 1.2324252 1.3190767 1.3551738 1.5753459 1.1996783 1.2331675 1.1239723 1.2111674 1.2247799 1.2594699 1.2347928 1.4932146 1.3677354 1.5822049 1.3922774 1.2574506 1.1836431 1.3880397 1.4172936 1.7281920 1.7405329 1.6822438 1.6350515 1.5274677 1.5644476 1.5955958 1.3727808 1.0280062 1.4191099 0.9542746 0.7218414 0.0000000 1.2367466 1.2917578 1.4839020 1.4407154 1.3846950 1.5005995 1.7938383 1.6925855 1.8072174 1.9112329 1.5916860 1.8350016 1.9424575 1.9867341 1.7185697 1.7421438 1.8378796 1.4756152 1.3489787 1.4217970 1.8392565 2.4862521 
Plespi_Pspi_scaffold20225_01                                     1.5218430 1.4096022 1.6837014 1.6465441 1.5894226 1.7141715 1.3734774 1.5540021 1.4074766 1.3359536 1.3580636 1.3893474 1.4648470 1.7949479 1.3000317 1.1957783 1.1403076 1.5780249 1.4732252 1.5309016 1.5523900 1.7845114 1.8094221 1.7867291 1.8463776 1.8176227 1.8622722 1.6334087 1.5597692 1.1604671 1.5406580 1.3189121 1.1955470 1.2367466 0.0000000 1.4175357 1.6717584 1.4387249 1.5433186 1.8824851 1.7226027 1.7649435 1.9772231 2.1222529 1.4324774 2.1431545 2.1851184 2.2414398 1.6242193 1.8969443 1.4853882 1.5546953 1.4840021 1.7649457 2.0476442 3.0884762 
Sanmal_Sma_008782-T1                                             1.6199733 1.7277027 1.7324692 1.9025298 1.9816063 2.0189025 1.5358768 1.7385079 1.2461672 1.3377765 1.3151854 1.3863063 1.2151876 1.7262693 1.4840962 1.5769897 1.6053292 1.8090823 1.2890270 1.5243960 1.6321342 2.0352458 2.0638055 2.1181559 2.0871800 1.9916010 2.0411371 2.1320250 1.7557839 1.5120653 1.7738730 1.3436931 1.4008862 1.2917578 1.4175357 0.0000000 1.7777578 1.8675110 1.1609706 0.9781247 2.1815503 1.7787665 1.8648955 1.9992899 1.5753548 1.8067323 1.9045349 1.9483242 1.8987574 1.5830997 1.5382923 1.5946837 1.3886392 1.6881830 2.4432727 2.9609057 
Skow_XM_006820656.1                                              1.2690538 1.2682408 1.2016100 1.1017655 1.5538650 1.1723883 1.4059682 1.2226664 1.4654661 1.2561882 1.2981839 1.3062867 1.4883862 1.4761894 1.7235847 1.6381856 1.3869248 1.6815846 1.5867275 1.3901094 1.2882389 1.5621156 1.5829852 1.5472062 1.5331671 1.5353882 1.5717580 1.6298008 1.6741465 1.3871274 1.7204402 1.5170634 1.3742918 1.4839020 1.6717584 1.7777578 0.0000000 1.7489020 2.0517194 2.0361909 2.3422643 2.0770753 2.3528121 2.2935772 1.8300387 2.3209982 2.6256354 2.7111558 2.0940877 2.1721177 2.3548404 2.0142870 1.3030874 1.8564351 1.9296352 3.1969826 
Scil_scict018282.1                                               1.5569967 1.4431280 1.8041966 1.4934357 1.7060736 1.7500916 1.4682569 1.5215810 1.4448243 1.2881176 1.4565341 1.4618096 1.7284104 1.9192417 1.6121809 1.5029407 1.2176179 1.9576659 1.6831953 1.3755745 1.2615464 1.5697736 1.5808399 1.5659792 1.5763890 1.5163786 1.5518777 1.5697892 2.3083739 1.5716216 1.8211339 1.6017727 1.6035107 1.4407154 1.4387249 1.8675110 1.7489020 0.0000000 1.7198028 1.8145710 2.0480119 1.9711643 2.1163637 2.3167989 1.7422256 2.0660064 2.6088939 2.6496744 1.9233693 2.1979804 1.7547862 2.4224545 1.4701994 1.9071767 1.7667316 2.2348837 
Nemnom_g8727.t1                                                  1.7124439 1.9692250 1.5595840 1.8392680 1.7632965 1.7182463 1.6724260 1.4240736 1.7234667 1.5721960 1.5341079 1.6054896 1.5368564 1.8026897 1.8038471 1.7715557 1.5996738 1.6048911 1.2476094 1.5022362 1.2864285 1.8830588 1.8856009 1.8758693 1.8241716 1.7657535 1.8076530 1.8063775 1.9275860 1.6120410 1.8337096 1.8276399 1.6661079 1.3846950 1.5433186 1.1609706 2.0517194 1.7198028 0.0000000 0.4559104 2.3304908 1.9894244 1.8867154 2.0242515 1.5822540 1.8940834 2.1712854 2.2403599 2.2662792 1.7625306 1.7357983 2.0492930 1.8027206 2.2874163 2.1169238 3.1400162 
Rhoesc_Res_002987-T1                                             1.6727317 1.9548514 1.6535364 1.8618727 1.9094508 2.0223192 1.4838439 1.6603043 1.1742440 1.3667957 1.3647599 1.4215168 1.3679773 1.8616562 1.6183210 1.7384936 1.7281513 1.8066950 1.3385703 1.5938175 1.4929826 2.1888802 2.2033261 2.1117413 2.0775902 1.9484271 1.9951479 1.8478094 2.1707486 1.6399445 1.8616004 1.7266582 1.7812666 1.5005995 1.8824851 0.9781247 2.0361909 1.8145710 0.4559104 0.0000000 1.8853036 1.7968990 1.8870791 2.0370838 1.5614759 1.8536276 2.1741636 2.2320637 2.2654553 1.6401468 1.8087889 1.8383973 1.5187148 1.7075146 2.1464757 2.6833070 
Pbac_sb2642782                                                   2.2364483 2.1726291 1.9241441 2.1612547 1.7641747 2.0560845 2.1759816 1.7521778 1.9642808 1.8035285 1.8703780 2.0479865 2.0814287 2.2267175 2.2264997 2.2498951 1.6322001 1.9389216 1.8745180 1.8005366 1.7338629 1.9949362 1.9978256 2.0966425 2.0737122 2.0419687 2.0960377 1.8253948 2.5081858 1.9105824 2.1100190 1.6941398 1.6017768 1.7938383 1.7226027 2.1815503 2.3422643 2.0480119 2.3304908 1.8853036 0.0000000 0.0583399 0.5415705 0.4746674 0.5792219 0.7013747 0.5920019 0.6166321 0.7367742 0.5038196 0.8234052 2.2320300 1.9645384 1.9386077 2.6253243 3.5562951 
Horcal_Hcv1.av93.c6.g530.i1                                      1.7894008 1.8420789 1.7720307 1.8338550 1.7029247 1.8911244 1.7033837 1.7784661 1.3060180 1.5751067 1.6193208 1.7839711 1.5724342 2.2350988 1.9414938 2.0634478 1.5814334 1.9220913 1.8050584 1.6180124 1.6625830 1.9949816 1.9977592 2.0946273 2.0725840 2.0145266 2.0656390 1.7992217 2.5628742 1.8037844 2.1632025 1.8131302 1.6427565 1.6925855 1.7649435 1.7787665 2.0770753 1.9711643 1.9894244 1.7968990 0.0583399 0.0000000 0.4635077 0.4460356 0.4731121 0.6856027 0.5970137 0.6210269 0.6574700 0.5513397 0.8547452 2.0876929 1.5384738 1.5441123 2.0162852 2.6614535 
Drygla_Dgla_sb295307                                             1.7622191 1.8573846 1.7238123 2.0565369 1.7919284 2.0044436 1.7440259 1.8283773 1.5631503 1.8492748 1.7992408 1.9403886 1.7990180 2.4884498 1.9627662 2.0837116 1.6305660 1.9443956 2.0039845 2.0978457 2.0590737 2.1429235 2.1458162 2.2985840 2.2260201 2.2567167 2.2818027 2.0948429 2.7271405 1.8815234 2.4814408 2.0844381 1.8629796 1.8072174 1.9772231 1.8648955 2.3528121 2.1163637 1.8867154 1.8870791 0.5415705 0.4635077 0.0000000 0.3820283 0.4981122 0.4859059 0.4853273 0.5032493 0.7368137 0.6680765 0.7997529 2.3123537 1.4827516 1.5598723 2.4614115 3.5024673 
Beraby_Baby_sb335808                                             1.9756976 2.0593584 1.9761629 1.9289258 1.9212717 2.1792226 1.9604848 1.6561560 1.5239101 1.7719847 1.7190674 1.8194083 1.5512273 2.3222276 1.8394369 2.0243606 1.7058670 1.9004670 1.9624127 1.8501879 1.8811638 2.4420205 2.4451668 2.3864211 2.2498307 2.2759534 2.3010623 2.0514072 2.8717554 1.8975174 2.4854775 2.1959476 1.9808494 1.9112329 2.1222529 1.9992899 2.2935772 2.3167989 2.0242515 2.0370838 0.4746674 0.4460356 0.3820283 0.0000000 0.4838560 0.6030705 0.4966355 0.5264100 0.6658642 0.7065427 0.8699516 2.3701266 1.5157502 1.6253703 2.2960088 3.4911831 
Coeast_Cast_sb753207                                             1.4550537 1.4356100 1.5182842 1.6925770 1.4881698 1.6968020 1.6188491 1.4243925 1.3958709 1.3437880 1.3411956 1.4649133 1.4406287 2.1003093 1.7187594 1.6841590 1.1635400 1.3944787 1.8451960 1.5698069 1.4117263 1.7750906 1.7783817 1.7244356 1.7209346 1.6796674 1.7029059 1.7595715 2.2033511 1.7026526 1.8946275 1.4261657 1.4609938 1.5916860 1.4324774 1.5753548 1.8300387 1.7422256 1.5822540 1.5614759 0.5792219 0.4731121 0.4981122 0.4838560 0.0000000 0.4456708 0.4849651 0.5005345 0.6299191 0.0526110 0.5464280 1.7051435 1.4958511 1.6854958 2.2293088 2.7979158 
Lampan_Lpan_C406023_01                                           1.8502082 1.9184475 1.7876544 1.8378935 1.6745352 1.8857833 1.6105951 1.7152401 1.2682147 1.5682919 1.5170052 1.6326077 1.4926878 2.3041286 1.7376187 2.0067262 1.5221187 1.6259772 1.7657325 1.9291239 1.8918525 1.9445636 1.9472641 2.0189376 1.9306181 1.8691244 1.8894084 1.6976728 2.8452348 1.9143018 2.3524452 1.9757700 1.9351520 1.8350016 2.1431545 1.8067323 2.3209982 2.0660064 1.8940834 1.8536276 0.7013747 0.6856027 0.4859059 0.6030705 0.4456708 0.0000000 0.5785737 0.6101611 0.8439884 0.7403060 0.9190518 2.4202127 1.6356037 1.3130836 2.2253559 3.3198675 
Bolinf_Binf_sb1208345                                            2.0514913 2.1337662 1.9033001 2.3440606 1.9359431 2.0662794 1.9694633 1.8312609 1.5617638 1.7966118 1.7337002 1.8241081 1.7466076 2.4036190 2.0808499 2.2337226 1.7943294 1.8267452 1.9373520 2.2296321 2.1882867 2.3360395 2.3390829 2.2971297 2.2766127 2.2699602 2.2953932 2.0858798 3.0737040 2.3283391 2.7577432 2.1600114 1.9479609 1.9424575 2.1851184 1.9045349 2.6256354 2.6088939 2.1712854 2.1741636 0.5920019 0.5970137 0.4853273 0.4966355 0.4849651 0.5785737 0.0000000 0.0135480 0.7485102 0.6893146 0.8643449 2.1991730 1.5806002 1.5573969 2.6128945 3.5417354 
Mertsp_Mesp_sb554767                                             2.0850049 2.1892899 1.9556410 2.3938478 1.9521832 2.1288790 1.9947524 1.8787799 1.5811535 1.8282958 1.7664219 1.8480417 1.7718564 2.4223699 2.1216076 2.2804911 1.8443605 1.8738441 1.9808307 2.2901716 2.2592985 2.3745250 2.3266677 2.3352332 2.3145553 2.3079542 2.3338657 2.1259114 3.1330226 2.3715607 2.8039296 2.1975169 1.9720061 1.9867341 2.2414398 1.9483242 2.7111558 2.6496744 2.2403599 2.2320637 0.6166321 0.6210269 0.5032493 0.5264100 0.5005345 0.6101611 0.0135480 0.0000000 0.7642017 0.7265369 0.9018846 2.2613542 1.6039313 1.5762960 2.6665110 3.6249928 
Vmul_sbMO396808                                                  1.8763078 1.7531230 1.8981792 1.8838575 1.6911387 2.0335942 1.8037535 1.6366741 1.9352895 1.8601881 1.8430333 1.9077101 1.9377539 2.1889398 1.9353805 1.8608020 1.6078976 1.8001005 1.7140090 1.9163162 1.8037190 2.2637135 2.2665418 2.2227767 2.2179266 2.1745820 2.2271789 2.0874359 2.2035203 1.8034066 1.9569036 1.7720911 1.6216966 1.7185697 1.6242193 1.8987574 2.0940877 1.9233693 2.2662792 2.2654553 0.7367742 0.6574700 0.7368137 0.6658642 0.6299191 0.8439884 0.7485102 0.7642017 0.0000000 0.6765066 0.6496222 2.3431285 1.4913964 1.5220620 2.4328326 3.2923625 
Coemet_Cmet_scaffold3677_01                                      1.7650759 1.8811839 1.6635640 1.6823571 1.7970748 1.8564322 1.8985939 1.6343326 1.5429894 1.8611726 1.9295243 2.0603684 1.8016867 2.4849543 1.8944319 2.0861174 1.6985548 1.7571490 1.7119481 1.5343468 1.5694300 2.1693697 2.1733260 2.1739289 2.2054894 2.1064354 2.1064354 1.6249882 2.5390289 1.7336696 2.0290236 1.6145814 1.7095291 1.7421438 1.8969443 1.5830997 2.1721177 2.1979804 1.7625306 1.6401468 0.5038196 0.5513397 0.6680765 0.7065427 0.0526110 0.7403060 0.6893146 0.7265369 0.6765066 0.0000000 0.5663519 2.4089452 1.4605229 1.4551545 2.0613265 3.0532821 
Eupdun_Edun_sb10600806                                           1.7390676 1.6368024 1.8069810 1.8226987 1.6801300 1.9523274 1.8730016 1.5755891 2.1860436 1.7463300 1.6901932 1.7871525 2.1691407 2.0628473 2.9012981 2.2861045 1.8368754 1.8771835 2.2518106 1.7006821 1.6522940 2.1338471 2.1382120 2.1663767 2.0734963 2.0841721 2.0841721 1.8213017 2.3486931 1.7538641 1.9985855 1.7128964 1.8601314 1.8378796 1.4853882 1.5382923 2.3548404 1.7547862 1.7357983 1.8087889 0.8234052 0.8547452 0.7997529 0.8699516 0.5464280 0.9190518 0.8643449 0.9018846 0.6496222 0.5663519 0.0000000 1.9867725 1.7141519 1.6014157 2.3698347 2.8585210 
Morvir_scaffold195.g18.t1                                        1.9133589 2.0354344 1.7757757 2.3057668 1.9675610 2.0797879 1.7693865 1.6996018 1.7479132 1.8872892 1.7405311 1.7771672 1.8652757 2.0980962 1.5788132 1.6987396 1.7932094 1.5799660 1.2444802 1.8914437 1.6734576 2.0547683 2.0575168 2.0106823 1.9703629 1.9882281 2.0369937 1.7673983 1.9668636 1.8383468 1.6945051 1.5951273 1.6587846 1.4756152 1.5546953 1.5946837 2.0142870 2.4224545 2.0492930 1.8383973 2.2320300 2.0876929 2.3123537 2.3701266 1.7051435 2.4202127 2.1991730 2.2613542 2.3431285 2.4089452 1.9867725 0.0000000 1.5247212 2.2706366 2.3616973 3.0133696 
Acagra_model.g1780.t1.1.5d400725                                 0.9983510 1.0534552 0.8905253 1.2021382 1.0356960 1.2611687 1.2318383 0.8517661 1.3666961 1.1202352 1.1606183 1.2451181 1.1836380 1.2532822 1.4484936 1.4606780 0.9753893 1.3379196 1.5710172 1.1239664 1.1173340 1.2784111 1.2908262 1.4025189 1.3793282 1.3222170 1.3614232 1.3603214 1.6034713 1.2549945 1.4336946 1.3506978 1.2253938 1.3489787 1.4840021 1.3886392 1.3030874 1.4701994 1.8027206 1.5187148 1.9645384 1.5384738 1.4827516 1.5157502 1.4958511 1.6356037 1.5806002 1.6039313 1.4913964 1.4605229 1.7141519 1.5247212 0.0000000 1.5649315 2.3568808 2.1913404 
Nvec_v1g178404                                                   1.8638257 1.8375782 1.4991738 1.5597036 1.2096335 1.4739038 1.0334697 1.2106329 1.1355843 1.0080784 1.0808803 1.0846536 1.2986477 1.2460189 1.6668249 1.7288804 1.1932461 1.7315344 1.8077930 1.7760282 1.9327274 1.7426953 1.7660092 1.6190941 1.5405783 1.5931866 1.6639448 1.6823202 1.9062838 1.4693088 1.7526169 1.8821709 1.7562904 1.4217970 1.7649457 1.6881830 1.8564351 1.9071767 2.2874163 1.7075146 1.9386077 1.5441123 1.5598723 1.6253703 1.6854958 1.3130836 1.5573969 1.5762960 1.5220620 1.4551545 1.6014157 2.2706366 1.5649315 0.0000000 2.3853529 2.5871380 
Lcom_lcpid78362                                                  2.0199407 2.2885113 1.7379416 1.6798895 1.8959800 2.2646886 1.9039556 1.8394344 2.3691941 2.0373504 2.0515681 1.9664631 2.5516169 2.3278899 2.2053799 1.7903883 1.6192872 2.1872655 2.3095656 1.6856570 1.4738844 1.6901800 1.6951099 1.5978732 1.5981454 1.5432237 1.5614271 1.7159104 2.2500338 1.8682020 1.8605907 2.1143897 1.7563094 1.8392565 2.0476442 2.4432727 1.9296352 1.7667316 2.1169238 2.1464757 2.6253243 2.0162852 2.4614115 2.2960088 2.2293088 2.2253559 2.6128945 2.6665110 2.4328326 2.0613265 2.3698347 2.3616973 2.3568808 2.3853529 0.0000000 1.5833041 
Gracom_Gcom_scaffold14644_01                                     2.8105207 3.0702764 2.3153165 2.7131418 3.1840844 3.1770929 3.3425456 5.3445863 1.9972902 2.6200405 2.6174785 2.5846393 2.7878878 3.1661522 2.0807038 2.8629753 1.9991842 2.9145823 2.7579271 2.5871535 2.3246275 2.5123660 2.5168637 2.3112925 2.2182322 2.2970758 2.3800569 2.0217277 2.9147979 2.3861093 2.5626794 2.3625575 2.0953252 2.4862521 3.0884762 2.9609057 3.1969826 2.2348837 3.1400162 2.6833070 3.5562951 2.6614535 3.5024673 3.4911831 2.7979158 3.3198675 3.5417354 3.6249928 3.2923625 3.0532821 2.8585210 3.0133696 2.1913404 2.5871380 1.5833041 0.0000000 
