58
Hsap_ENST00000326266                                              0.0000000 0.9283939 1.1117674 1.2614492 1.2866658 1.2101803 1.2960983 1.1452609 1.2177337 1.0417985 1.2253126 1.0796868 1.1561450 1.1083796 1.1857308 1.2871597 1.3111885 1.5920603 1.5184383 2.0762223 1.4997328 1.5111993 1.2848362 1.5704843 1.4978390 2.0610124 2.1551147 2.1351954 1.8752118 1.8796031 1.7520036 1.8037085 1.9826030 1.9394685 1.9274707 1.8648994 1.9817745 1.8119312 1.9274545 2.0496889 2.0144371 2.1431050 3.7417729 2.2300889 3.2352236 3.2964428 4.0430876 3.5951286 3.0529446 3.7864631 1.8928873 3.3704295 2.3582987 2.5932750 2.6095974 2.4049783 2.0339955 2.1847712 
Bralan_BLAG01001865_1                                             0.9283939 0.0000000 0.6534588 0.9325929 0.9500497 0.8808478 0.9612520 1.0593524 0.9915127 0.8821459 1.0134790 0.9488254 0.9545859 0.9326104 1.0325817 1.1372220 1.1642508 1.1073797 1.1655286 1.6826639 1.3086632 1.1719811 0.8448761 1.2362022 1.1688420 1.6387541 1.7678172 1.8755569 1.6909360 1.6883831 1.4451536 1.3192347 1.6049835 1.5669228 1.4632949 1.7854001 1.9106556 1.7104211 1.8826614 1.9535666 1.9206432 1.7084428 3.2421334 1.9729937 2.9504522 2.9074975 3.5500420 3.1690826 2.8125851 3.5403493 1.8513614 3.1818858 1.9362613 2.0327504 2.0687812 2.3306344 1.8011099 1.9356377 
Skow_XM_002739395.2                                               1.1117674 0.6534588 0.0000000 0.8190388 1.0028965 0.8732093 0.9650045 1.0415095 1.0698325 0.8978767 1.0631621 0.9260430 0.9484386 0.9480712 1.0086500 1.1396980 1.2238636 1.2075706 1.1827727 1.6882692 1.3501658 1.3361690 0.9031880 1.3882409 1.1872776 1.8206967 1.9635430 2.1946168 1.8189188 1.7580575 1.5966066 1.2251841 1.6364414 1.6828746 1.5970039 1.5799062 1.7100896 1.5363797 1.7382792 1.7747884 1.7508738 1.7793124 3.7295451 2.3558270 3.3962966 3.4343019 3.6888628 3.4440072 3.1544523 3.5831598 1.9230338 3.7492280 1.9454438 2.1746049 2.1215609 2.2326081 1.7966484 1.8404622 
Spur_XM_011680239.2                                               1.2614492 0.9325929 0.8190388 0.0000000 1.0818823 1.0218616 1.0506735 1.1578901 1.1219385 1.0340609 1.1717754 1.0066141 1.0873165 1.0612451 1.0719689 1.2654005 1.3515473 1.1679208 1.1614986 1.6507762 1.4947880 1.5028717 1.1223398 1.3378435 1.3567302 1.9787462 1.9109651 2.1904505 1.8914838 1.9293557 1.4863186 1.4158080 1.7758772 1.6845241 1.6296280 1.8646236 1.9090563 1.6823616 1.8601758 1.8881224 1.9100446 1.8997147 3.3412494 2.3343935 3.1672529 3.1722509 3.6702158 3.4769543 2.9726902 3.3926204 1.9979164 3.5827432 1.9885598 2.1468638 2.2397778 2.2892297 1.7639614 1.9838881 
Cgig_XM_011455433.3                                               1.2866658 0.9500497 1.0028965 1.0818823 0.0000000 0.8556430 1.1077476 1.0076586 1.1430437 0.9696269 1.1269654 1.0338920 1.1172661 1.0910959 1.0936066 1.2504107 1.2150286 1.2902571 1.3969913 1.8556484 1.4108900 1.3159857 0.9496461 1.4293518 1.2801686 1.7545108 1.8305298 1.8706264 1.9403078 1.9118539 1.4785237 1.3003551 1.6583821 1.7028480 1.5092620 1.7808444 1.9255417 1.8084575 2.0839933 2.1930358 2.1714694 1.7064018 3.4905813 2.0672709 2.9421487 3.4227344 3.9555157 3.5078684 3.0032535 3.6321369 1.8271844 3.4234545 2.3260308 2.4589635 2.5409949 2.5932731 1.9920760 1.8155141 
Acagra_model.g14754.t1                                            1.2101803 0.8808478 0.8732093 1.0218616 0.8556430 0.0000000 1.0617773 1.0075858 1.0117619 0.9483730 1.0086877 0.9686592 1.0311111 1.0084752 1.0308871 1.3206216 1.4705780 1.2022040 1.2574964 1.8172385 1.3617926 1.3154115 0.9438472 1.3468608 1.0762684 1.8876149 1.7585622 2.1018659 1.8077607 1.7589584 1.5976218 1.3001600 1.8555093 1.5938406 1.5827100 1.7525934 1.9463214 1.7628524 1.9934404 1.9983085 1.9556422 1.6993153 3.3803981 2.2669402 3.0709350 3.4486710 3.6309677 3.3516655 2.9594262 3.8265131 2.0014584 3.6553997 2.1568287 2.3119009 2.3618591 2.5868190 1.8751136 2.0127450 
Exapal_XM_021043527.2                                             1.2960983 0.9612520 0.9650045 1.0506735 1.1077476 1.0617773 0.0000000 0.5011080 0.7204644 0.6263188 0.7042404 0.6292716 0.6617829 0.6470114 0.7076457 0.8117368 0.9336482 1.0226484 1.0341139 1.5841085 1.3997794 1.3255825 1.0654688 1.1338649 1.3864594 1.7464193 1.9330316 1.8543694 1.6442271 1.5638209 1.5952933 1.4314123 1.6080852 1.4775295 1.7093510 1.5000296 1.5193896 1.3270487 1.5103372 1.5182706 1.5045364 1.9238661 3.3832268 2.2023792 3.1896874 3.2675231 3.6341273 3.2030745 2.9312478 3.8814715 2.0206670 3.5993445 2.0947312 2.1779863 2.1479558 2.1907124 1.7584739 1.8499017 
Nvec_v1g135342                                                    1.1452609 1.0593524 1.0415095 1.1578901 1.0076586 1.0075858 0.5011080 0.0000000 0.6066191 0.5439884 0.5943541 0.5498041 0.5280507 0.5068594 0.5507907 0.9309892 1.0143677 0.9928963 0.9869784 0.9473755 1.2396041 1.1030861 1.1427121 1.2477551 1.4812609 1.5988441 1.8235721 1.9427899 1.5188690 1.5285897 1.3331699 1.2579391 1.6293999 1.4483696 1.5032587 1.5517810 1.5825522 1.4364696 1.4566272 1.4948209 1.4829565 1.7963652 2.5415131 2.1351448 2.4855199 2.5135206 3.0721713 2.4730926 2.5731569 2.7796517 1.9917168 2.9298640 2.1996018 2.3123103 2.3417342 2.0911290 1.7633596 1.7711348 
Adig_XM_015921488.1                                               1.2177337 0.9915127 1.0698325 1.1219385 1.1430437 1.0117619 0.7204644 0.6066191 0.0000000 0.0210795 0.2687519 0.2994883 0.2788808 0.2690533 0.4063288 0.8875433 1.0884595 0.9313039 0.9101591 1.3020037 1.2254168 1.1133592 1.2067101 1.2291217 1.7296972 1.9570200 2.0114495 2.0768121 1.4362951 1.4691369 1.4119614 1.2891969 1.8435807 1.7027764 1.7244146 1.6873370 1.7660687 1.5401010 1.7032318 1.7654718 1.7548349 2.0889141 2.9671816 2.0021373 2.7903371 3.0190716 3.0622450 2.8304795 2.7456659 3.4455366 1.9235521 3.5005305 2.1735824 2.3692421 2.2854597 2.4591470 1.8349219 2.0912365 
Amil_Amillepora14467-RA                                           1.0417985 0.8821459 0.8978767 1.0340609 0.9696269 0.9483730 0.6263188 0.5439884 0.0210795 0.0000000 0.2348646 0.2471103 0.2401805 0.2349555 0.3699150 0.7364744 0.9084382 0.9323739 0.9218786 1.3999151 1.1589672 1.0037655 1.0789759 1.0484929 1.1606870 1.6856181 1.7059164 1.7927940 1.3509274 1.3845297 1.3914352 1.1864258 1.5979000 1.4156669 1.5100895 1.5632424 1.5494449 1.4581452 1.5414191 1.5996542 1.6035218 1.8993951 3.1825515 1.9878793 3.0013591 3.1551474 3.3420511 3.0806895 2.7664796 3.3549719 1.7817565 3.4868759 1.8741516 2.0021725 2.0252467 2.0616119 1.6518539 1.7783450 
Gfas_gfas1.m1.7512.m1                                             1.2253126 1.0134790 1.0631621 1.1717754 1.1269654 1.0086877 0.7042404 0.5943541 0.2687519 0.2348646 0.0000000 0.2257711 0.2281996 0.2219619 0.3343324 0.9172157 1.1018774 0.9266070 0.9316201 1.2239176 1.2664801 1.1501593 1.0791425 1.1126549 1.6309264 2.0172590 2.0839494 2.0723594 1.5232258 1.5330420 1.5492390 1.2835581 1.7076801 1.5918071 1.7590928 1.6688064 1.7904787 1.5840231 1.7220374 1.7701720 1.7596342 1.9337306 3.3174860 2.3879348 2.9880829 3.5811637 3.3307203 3.0944422 2.8841033 3.8071487 2.2157894 4.1707044 2.2131307 2.4089592 2.3776351 2.3245222 1.9314489 1.9695051 
Fspp_ffun1.m4.25384.m1                                            1.0796868 0.9488254 0.9260430 1.0066141 1.0338920 0.9686592 0.6292716 0.5498041 0.2994883 0.2471103 0.2257711 0.0000000 0.1813879 0.1791133 0.2213805 0.7702018 0.9353068 0.8164696 0.8683507 1.3432030 1.1508767 1.0390409 1.0180767 0.9848305 1.3998409 1.8650723 1.8469558 1.9923458 1.5427418 1.5501463 1.5476721 1.3242712 1.6024026 1.4624139 1.6509550 1.6287516 1.7079512 1.5173533 1.5933049 1.6257120 1.6266507 1.8611092 3.3808404 2.1650067 3.0766196 3.4681474 3.6066173 3.2009180 2.7923270 3.8075435 1.9650722 3.8348749 1.9340883 2.0788507 2.0618147 2.1114467 1.7955009 1.8810519 
Spis_XP_022780267_1                                               1.1561450 0.9545859 0.9484386 1.0873165 1.1172661 1.0311111 0.6617829 0.5280507 0.2788808 0.2401805 0.2281996 0.1813879 0.0000000 0.0511752 0.2584560 0.8319459 1.0616500 0.8764426 0.8749101 1.3712973 1.2242754 1.0865840 1.1815388 1.0864325 1.4034031 1.9843818 1.9873209 2.1385950 1.5745166 1.6079714 1.5318309 1.4031604 1.6690270 1.5650137 1.8088763 1.6322366 1.7378491 1.6151132 1.6339003 1.7390423 1.7150485 1.9279618 3.5739540 2.4783160 3.2856883 3.7154557 3.7305246 3.3676950 2.9597600 3.7643964 2.0862322 3.7982174 2.0901831 2.2444026 2.1667098 2.1683835 1.8249772 1.9550619 
Pocdam_XM_027197480.1                                             1.1083796 0.9326104 0.9480712 1.0612451 1.0910959 1.0084752 0.6470114 0.5068594 0.2690533 0.2349555 0.2219619 0.1791133 0.0511752 0.0000000 0.2615338 0.7961030 1.0367170 0.8397305 0.8349741 1.3620413 1.2180881 1.0562506 1.1739324 1.0617670 1.3918790 1.9357554 1.9503112 2.1100275 1.5043536 1.5450864 1.5067984 1.3306866 1.6225031 1.5103970 1.7639010 1.6083709 1.7075534 1.5637438 1.6170690 1.6855143 1.6717608 1.8684638 3.4664649 2.3601051 3.1528692 3.5742956 3.5620859 3.2250807 2.8388271 3.6473957 2.0015646 3.6125829 2.0169458 2.1520512 2.0811665 2.0620348 1.7740672 1.9090080 
Gasp_gasp1.m3.21261.m1                                            1.1857308 1.0325817 1.0086500 1.0719689 1.0936066 1.0308871 0.7076457 0.5507907 0.4063288 0.3699150 0.3343324 0.2213805 0.2584560 0.2615338 0.0000000 0.9129343 1.0435665 0.9374238 0.9787841 1.1890645 1.2765123 1.1212915 0.9891316 1.1598432 1.5595567 1.9325131 1.9078084 2.2419645 1.7363248 1.7897293 1.6027285 1.2701076 1.7109613 1.4249332 1.6841254 1.7543250 1.8523210 1.4861642 1.6680179 1.6954399 1.6767579 1.9660595 3.3683952 2.1071447 3.0896640 3.3001426 3.6115142 3.2370364 2.9259766 3.7475019 1.9597119 3.7038941 2.0709071 2.1655015 2.1669703 2.2377033 2.0564949 1.8784582 
Dgig_XM_028539447.1                                               1.2871597 1.1372220 1.1396980 1.2654005 1.2504107 1.3206216 0.8117368 0.9309892 0.8875433 0.7364744 0.9172157 0.7702018 0.8319459 0.7961030 0.9129343 0.0000000 0.3963710 1.1240928 1.1794425 1.6460744 1.3753919 1.3775226 1.2272322 1.3563658 1.4841708 2.0494089 1.9672889 1.9609715 1.6368390 1.6064534 1.5190921 1.4895134 1.7762224 1.6814562 1.6822017 1.9624338 1.9822000 1.8735974 1.8876837 1.8802217 1.8828084 1.8665143 3.6409668 2.2311405 3.4758228 3.7145286 3.9330331 3.5096900 3.3142855 4.2523779 2.0287554 3.4808992 2.1713976 2.2422088 2.2711523 2.2849039 2.1400216 1.9965924 
Xesp_018347-T1                                                    1.3111885 1.1642508 1.2238636 1.3515473 1.2150286 1.4705780 0.9336482 1.0143677 1.0884595 0.9084382 1.1018774 0.9353068 1.0616500 1.0367170 1.0435665 0.3963710 0.0000000 1.3746817 1.3659636 1.8721731 1.4651262 1.6123517 1.2212856 1.5528760 1.5271809 2.0598958 2.0914602 2.1796454 2.0395477 1.9940780 1.6865671 1.5644759 1.6714445 1.6869917 1.6963257 1.7842838 1.8907914 1.6811903 1.8021487 1.8736178 1.8685827 1.9759095 3.4612443 2.2290661 3.2494373 3.3924903 3.9523341 3.4125283 3.1791537 4.3317750 1.9965962 3.6939576 2.0693181 2.2981906 2.2026665 2.2443434 2.2403170 2.0035598 
Aaur_scaffold5.g60.t3                                             1.5920603 1.1073797 1.2075706 1.1679208 1.2902571 1.2022040 1.0226484 0.9928963 0.9313039 0.9323739 0.9266070 0.8164696 0.8764426 0.8397305 0.9374238 1.1240928 1.3746817 0.0000000 0.4548065 0.9343667 1.2658510 1.0767589 1.2765552 1.0658320 1.4064429 2.1717609 2.2497800 2.2772546 1.8231846 1.9128825 1.7780051 1.4577410 1.7091211 1.7599937 1.7880331 1.9539092 2.0571438 1.9021729 1.9333314 1.9051384 1.8543210 1.9000576 3.6217967 2.5601556 3.3189534 3.6582376 3.6268558 3.7302925 3.1141617 3.3573910 2.4171919 3.6601152 2.0865351 2.1959143 2.1914837 2.2254833 2.0399169 1.9959315 
Rhoesc_Res_014488-T1                                              1.5184383 1.1655286 1.1827727 1.1614986 1.3969913 1.2574964 1.0341139 0.9869784 0.9101591 0.9218786 0.9316201 0.8683507 0.8749101 0.8349741 0.9787841 1.1794425 1.3659636 0.4548065 0.0000000 0.5806796 1.2127877 1.0595264 1.1499173 1.1027979 1.6223678 2.0793425 2.1598634 2.3313525 1.7329591 1.7678484 1.7598729 1.6231000 1.7241321 1.6893902 1.7989700 1.7315851 1.9173319 1.8181970 1.8325013 1.8847746 1.8613807 1.7579248 3.4566019 2.4479533 3.5077837 3.6194917 3.9045707 3.7459057 3.1990811 3.5942300 2.4143133 3.5642378 2.1140212 2.1417724 2.1739403 2.1752917 1.9895860 2.0264032 
Nemnom_g9294.t1                                                   2.0762223 1.6826639 1.6882692 1.6507762 1.8556484 1.8172385 1.5841085 0.9473755 1.3020037 1.3999151 1.2239176 1.3432030 1.3712973 1.3620413 1.1890645 1.6460744 1.8721731 0.9343667 0.5806796 0.0000000 1.7645918 1.6790323 1.3516232 1.6426047 4.3847908 2.6958680 2.8899619 3.4359582 2.3212307 2.4336786 2.4069065 1.6213961 2.2244983 2.2947401 2.4563238 2.3451522 2.5450045 1.7602503 2.3170788 2.3944059 2.4324897 2.6575764 3.3823285 2.3475767 3.4804993 3.5320848 3.7906263 3.5682896 3.4898145 3.7680211 2.3398743 3.4194803 2.7928697 2.7964652 2.7667708 3.2709598 2.2619481 2.4826460 
Hvul_g11157_1                                                     1.4997328 1.3086632 1.3501658 1.4947880 1.4108900 1.3617926 1.3997794 1.2396041 1.2254168 1.1589672 1.2664801 1.1508767 1.2242754 1.2180881 1.2765123 1.3753919 1.4651262 1.2658510 1.2127877 1.7645918 0.0000000 0.7171279 1.3875199 1.4385457 1.4226201 2.1767455 1.9680432 2.2598733 1.9452280 1.8468439 1.7132614 1.6323346 2.2071042 1.7752414 1.7778192 2.0800594 2.1076162 2.2600070 2.1912175 2.1629169 2.1976048 1.7946158 3.7322498 2.4816209 3.3895603 3.7895621 3.5606713 3.4890811 3.4144287 3.6675820 2.4469380 3.6325352 2.0894135 2.4225675 2.4651863 2.3464079 2.0382318 2.1949501 
Chem_TCONS_00026697                                               1.5111993 1.1719811 1.3361690 1.5028717 1.3159857 1.3154115 1.3255825 1.1030861 1.1133592 1.0037655 1.1501593 1.0390409 1.0865840 1.0562506 1.1212915 1.3775226 1.6123517 1.0767589 1.0595264 1.6790323 0.7171279 0.0000000 1.4016082 1.3557784 1.3249215 2.2069049 2.0927893 2.4303104 2.0621514 2.0284191 1.8399810 1.6916539 2.2102901 1.9624461 1.6493392 1.9309123 2.0370468 1.9726174 2.0921111 2.0626871 2.0576964 1.8523411 3.3817201 2.1597724 3.0936290 3.6216744 3.6146925 3.4850755 3.0300877 3.3492433 2.2289495 3.3310401 2.4150245 2.6966198 2.5775881 2.6922025 2.3537113 2.2161675 
Ctel_gnl_WGS_AMQN_CAPTEDRAFT_mRNA224884                           1.2848362 0.8448761 0.9031880 1.1223398 0.9496461 0.9438472 1.0654688 1.1427121 1.2067101 1.0789759 1.0791425 1.0180767 1.1815388 1.1739324 0.9891316 1.2272322 1.2212856 1.2765552 1.1499173 1.3516232 1.3875199 1.4016082 0.0000000 1.3533826 1.2890092 1.9030772 1.7898756 2.1534462 1.7864107 1.7687165 1.5555442 1.4512723 1.4567125 1.3992365 1.5349289 1.7242191 1.7880180 1.7391488 1.6496569 1.7212800 1.6949649 1.6664028 2.8672776 2.0418792 2.5295942 2.5629459 3.0273975 2.7846288 2.5013678 2.5094555 1.7859513 2.8439326 1.8390698 1.8343572 1.8569972 2.1362475 1.7242855 1.7696428 
Morvir_scaffold192.g4.t1                                          1.5704843 1.2362022 1.3882409 1.3378435 1.4293518 1.3468608 1.1338649 1.2477551 1.2291217 1.0484929 1.1126549 0.9848305 1.0864325 1.0617670 1.1598432 1.3563658 1.5528760 1.0658320 1.1027979 1.6426047 1.4385457 1.3557784 1.3533826 0.0000000 1.4545190 2.2851163 2.1335668 2.4706036 2.1077645 2.1745483 1.8617757 1.6266798 1.8442052 1.6793525 1.8475221 1.8966123 1.9483850 2.0972324 1.8716947 2.0631521 2.0917954 1.9706339 4.1077753 2.7585737 3.6713840 3.8061728 4.0051487 4.0558476 3.4741551 4.2006875 2.4492087 4.2075486 2.4824156 2.5171885 2.6735666 2.7540463 2.3235411 2.0969359 
Cscu_XM_023382248.1                                               1.4978390 1.1688420 1.1872776 1.3567302 1.2801686 1.0762684 1.3864594 1.4812609 1.7296972 1.1606870 1.6309264 1.3998409 1.4034031 1.3918790 1.5595567 1.4841708 1.5271809 1.4064429 1.6223678 4.3847908 1.4226201 1.3249215 1.2890092 1.4545190 0.0000000 2.1812986 2.3724562 1.7740569 2.3905409 2.0798497 2.2267224 1.0952757 2.2941301 2.0774213 1.6747819 1.8314183 2.0314378 1.7897691 1.7926317 1.7934011 1.7934011 1.6761822 7.6564022 3.1698366 6.1055152 6.6600792 6.1696194 6.3130967 4.8738827 7.2240945 9.0000000 7.1177400 2.2424894 3.0242894 2.9606337 2.9902560 2.5563984 2.0941779 
Aque_Aqu2.1.20326_001                                             2.0610124 1.6387541 1.8206967 1.9787462 1.7545108 1.8876149 1.7464193 1.5988441 1.9570200 1.6856181 2.0172590 1.8650723 1.9843818 1.9357554 1.9325131 2.0494089 2.0598958 2.1717609 2.0793425 2.6958680 2.1767455 2.2069049 1.9030772 2.2851163 2.1812986 0.0000000 0.6405258 0.8361332 1.4624659 1.4458155 1.3378745 1.0999350 2.0907105 1.9956435 1.4852874 2.5010943 2.5470464 2.6331424 2.5666429 2.6385201 2.6222110 2.7286510 4.0896656 2.8873330 3.9007767 4.2086969 4.6587553 4.1477174 3.8720973 4.6749255 2.8447446 4.3215175 2.5671657 2.8123692 2.5840005 2.6963594 2.5386532 2.8442270 
Halamb_c48047_g1_i2mm.2485                                        2.1551147 1.7678172 1.9635430 1.9109651 1.8305298 1.7585622 1.9330316 1.8235721 2.0114495 1.7059164 2.0839494 1.8469558 1.9873209 1.9503112 1.9078084 1.9672889 2.0914602 2.2497800 2.1598634 2.8899619 1.9680432 2.0927893 1.7898756 2.1335668 2.3724562 0.6405258 0.0000000 0.7390761 1.3606504 1.3651472 1.3884000 1.1104348 2.1380223 1.8824618 1.6076685 2.3940400 2.5085647 2.5080132 2.5601916 2.6282509 2.6118947 2.6886796 4.1864393 2.9721060 3.8984581 3.9609767 4.5118389 4.0677364 3.6703939 6.0714166 2.5991192 4.7913573 2.3997443 2.5561510 2.3884089 2.7548684 2.6133000 2.8137331 
Xestes_augustus_masked-XT_scaffold5837-processed-gene-0.10-mRNA-1 2.1351954 1.8755569 2.1946168 2.1904505 1.8706264 2.1018659 1.8543694 1.9427899 2.0768121 1.7927940 2.0723594 1.9923458 2.1385950 2.1100275 2.2419645 1.9609715 2.1796454 2.2772546 2.3313525 3.4359582 2.2598733 2.4303104 2.1534462 2.4706036 1.7740569 0.8361332 0.7390761 0.0000000 1.6608116 1.5643155 1.6777009 1.2283940 2.5581628 2.1167293 1.7074686 2.5215409 2.6828505 2.9754614 2.7892860 2.7093028 2.7093028 2.7581107 5.3334419 4.0662734 5.0834773 5.3790401 5.3700900 5.2621857 4.3828774 6.5365293 3.7719986 4.8231576 2.5639319 2.7464955 2.8237925 2.6119594 2.8782399 2.7040685 
Emue_Em0015g472a.t1                                               1.8752118 1.6909360 1.8189188 1.8914838 1.9403078 1.8077607 1.6442271 1.5188690 1.4362951 1.3509274 1.5232258 1.5427418 1.5745166 1.5043536 1.7363248 1.6368390 2.0395477 1.8231846 1.7329591 2.3212307 1.9452280 2.0621514 1.7864107 2.1077645 2.3905409 1.4624659 1.3606504 1.6608116 0.0000000 0.1596567 0.9831461 0.6621550 2.1569944 1.9279253 1.3642190 2.2763875 2.2393872 2.2768055 2.3387608 2.3805135 2.3662071 2.5642384 3.8110466 3.0493027 3.8060618 3.9751710 4.3162194 4.0315035 3.4154932 3.9718352 2.8054064 3.9721861 2.4542484 2.5260504 2.3179074 2.5661900 2.0627396 2.7380682 
Spolac_c100465_g1_i1_m.22516c100465-g1                            1.8796031 1.6883831 1.7580575 1.9293557 1.9118539 1.7589584 1.5638209 1.5285897 1.4691369 1.3845297 1.5330420 1.5501463 1.6079714 1.5450864 1.7897293 1.6064534 1.9940780 1.9128825 1.7678484 2.4336786 1.8468439 2.0284191 1.7687165 2.1745483 2.0798497 1.4458155 1.3651472 1.5643155 0.1596567 0.0000000 0.9750863 0.6534029 2.1783942 1.8984024 1.3418383 2.2288449 2.2088793 2.2737357 2.3275117 2.2675344 2.2539318 2.4782899 3.7763797 3.1735767 3.8882360 4.0348168 4.4836458 4.1797049 3.4909650 4.2735908 2.8204610 4.0680694 2.3599918 2.4903513 2.3612184 2.6045989 2.1116910 2.7762130 
Tetwil_g26786.t1                                                  1.7520036 1.4451536 1.5966066 1.4863186 1.4785237 1.5976218 1.5952933 1.3331699 1.4119614 1.3914352 1.5492390 1.5476721 1.5318309 1.5067984 1.6027285 1.5190921 1.6865671 1.7780051 1.7598729 2.4069065 1.7132614 1.8399810 1.5555442 1.8617757 2.2267224 1.3378745 1.3884000 1.6777009 0.9831461 0.9750863 0.0000000 0.4341247 1.8761495 1.7612294 1.1730304 2.1949310 2.1827568 2.1814081 2.4138482 2.4945721 2.4803244 2.4639510 3.1267920 2.2946332 3.0728676 3.1943787 3.6890513 3.2135221 2.9266881 3.8368352 2.1137611 3.2940670 2.2660220 2.0674458 2.5558916 2.2215458 1.8632841 2.4111049 
Stycar_maker-SC_scaffold3217-snap-gene-0.3-mRNA-1                 1.8037085 1.3192347 1.2251841 1.4158080 1.3003551 1.3001600 1.4314123 1.2579391 1.2891969 1.1864258 1.2835581 1.3242712 1.4031604 1.3306866 1.2701076 1.4895134 1.5644759 1.4577410 1.6231000 1.6213961 1.6323346 1.6916539 1.4512723 1.6266798 1.0952757 1.0999350 1.1104348 1.2283940 0.6621550 0.6534029 0.4341247 0.0000000 1.8923604 1.5697725 1.0503247 1.9131555 1.9241011 2.2612202 2.2781547 2.2156199 2.2156199 2.1114569 2.7278949 2.7252774 2.6465219 2.3949132 2.8668371 2.7853760 2.8633795 2.6719987 2.7533937 2.8346290 2.1531678 1.9988603 2.0275757 2.0303353 1.8317304 1.7597294 
Opea_EP00118_Oscarella_pearsei_P010919                            1.9826030 1.6049835 1.6364414 1.7758772 1.6583821 1.8555093 1.6080852 1.6293999 1.8435807 1.5979000 1.7076801 1.6024026 1.6690270 1.6225031 1.7109613 1.7762224 1.6714445 1.7091211 1.7241321 2.2244983 2.2071042 2.2102901 1.4567125 1.8442052 2.2941301 2.0907105 2.1380223 2.5581628 2.1569944 2.1783942 1.8761495 1.8923604 0.0000000 1.2154368 1.8323446 2.0994236 2.1611351 1.9872289 2.0696783 2.1676451 2.1485181 2.3258746 3.3695904 2.7132771 3.2230322 3.2485637 3.7622931 3.4466348 3.0598921 3.5600326 2.3127192 3.7349455 2.1856347 2.2349066 2.2668537 2.3382082 2.0298413 2.3912504 
Plajan_Pjan_C552041_01                                            1.9394685 1.5669228 1.6828746 1.6845241 1.7028480 1.5938406 1.4775295 1.4483696 1.7027764 1.4156669 1.5918071 1.4624139 1.5650137 1.5103970 1.4249332 1.6814562 1.6869917 1.7599937 1.6893902 2.2947401 1.7752414 1.9624461 1.3992365 1.6793525 2.0774213 1.9956435 1.8824618 2.1167293 1.9279253 1.8984024 1.7612294 1.5697725 1.2154368 0.0000000 1.7953500 1.9258004 2.0149077 1.9125891 2.0163172 2.0346324 2.0562432 2.2626529 3.3197026 2.4367207 3.2025627 3.3895603 3.6920081 3.3424159 3.0065051 3.7051556 2.2686822 4.2297828 2.0808906 2.0964647 2.2306709 2.2393539 1.9261852 2.1747855 
Plespi_Pspi_scaffold17521_01                                      1.9274707 1.4632949 1.5970039 1.6296280 1.5092620 1.5827100 1.7093510 1.5032587 1.7244146 1.5100895 1.7590928 1.6509550 1.8088763 1.7639010 1.6841254 1.6822017 1.6963257 1.7880331 1.7989700 2.4563238 1.7778192 1.6493392 1.5349289 1.8475221 1.6747819 1.4852874 1.6076685 1.7074686 1.3642190 1.3418383 1.1730304 1.0503247 1.8323446 1.7953500 0.0000000 1.9213386 2.0156484 1.9715326 2.0992397 2.1551574 2.1364477 2.3545773 3.7914648 2.6201054 3.7269065 3.5564206 4.4505572 4.0257288 2.8726901 4.1154547 2.3794596 3.4483184 2.3304585 2.2878624 2.4576479 2.2772125 1.9448095 2.3430800 
Tadh_TriadT59146                                                  1.8648994 1.7854001 1.5799062 1.8646236 1.7808444 1.7525934 1.5000296 1.5517810 1.6873370 1.5632424 1.6688064 1.6287516 1.6322366 1.6083709 1.7543250 1.9624338 1.7842838 1.9539092 1.7315851 2.3451522 2.0800594 1.9309123 1.7242191 1.8966123 1.8314183 2.5010943 2.3940400 2.5215409 2.2763875 2.2288449 2.1949310 1.9131555 2.0994236 1.9258004 1.9213386 0.0000000 0.0548899 0.3459633 0.4241316 0.4103097 0.4109699 2.6166788 4.4426397 3.5864586 4.0054452 4.3456192 4.9234610 4.7648884 3.8784311 4.4731519 2.6638423 4.6819808 2.4133880 2.4929894 2.6582800 2.3515768 2.4372838 2.3173586 
TrH2_TrispH2_009463-RA                                            1.9817745 1.9106556 1.7100896 1.9090563 1.9255417 1.9463214 1.5193896 1.5825522 1.7660687 1.5494449 1.7904787 1.7079512 1.7378491 1.7075534 1.8523210 1.9822000 1.8907914 2.0571438 1.9173319 2.5450045 2.1076162 2.0370468 1.7880180 1.9483850 2.0314378 2.5470464 2.5085647 2.6828505 2.2393872 2.2088793 2.1827568 1.9241011 2.1611351 2.0149077 2.0156484 0.0548899 0.0000000 0.3450765 0.3581402 0.3495057 0.3659860 2.5415538 4.4901361 3.5840737 4.1455861 4.2914250 4.8644453 4.5501801 3.5790787 4.4127746 2.6615684 4.3360115 2.5994302 2.6030935 2.7064442 2.4472301 2.4415031 2.3863775 
HoiH06_mRNA1186                                                   1.8119312 1.7104211 1.5363797 1.6823616 1.8084575 1.7628524 1.3270487 1.4364696 1.5401010 1.4581452 1.5840231 1.5173533 1.6151132 1.5637438 1.4861642 1.8735974 1.6811903 1.9021729 1.8181970 1.7602503 2.2600070 1.9726174 1.7391488 2.0972324 1.7897691 2.6331424 2.5080132 2.9754614 2.2768055 2.2737357 2.1814081 2.2612202 1.9872289 1.9125891 1.9715326 0.3459633 0.3450765 0.0000000 0.0403277 0.1987327 0.1928558 2.5992772 3.5554095 3.3413731 3.3988148 3.3487447 3.9861600 3.5110930 3.2641795 3.4073834 2.6551415 3.9826673 2.7483966 2.6991999 2.8867058 2.7459028 2.4591641 2.3364651 
HoiH23_PlH23_000596-RA                                            1.9274545 1.8826614 1.7382792 1.8601758 2.0839933 1.9934404 1.5103372 1.4566272 1.7032318 1.5414191 1.7220374 1.5933049 1.6339003 1.6170690 1.6680179 1.8876837 1.8021487 1.9333314 1.8325013 2.3170788 2.1912175 2.0921111 1.6496569 1.8716947 1.7926317 2.5666429 2.5601916 2.7892860 2.3387608 2.3275117 2.4138482 2.2781547 2.0696783 2.0163172 2.0992397 0.4241316 0.3581402 0.0403277 0.0000000 0.1839497 0.1800947 2.5850244 4.1220798 3.4085881 3.8694618 4.0564504 4.6566393 4.2415243 3.3530019 4.0863668 2.7379245 4.3413757 2.5765203 2.6052878 2.7350016 2.3952070 2.5627831 2.3764156 
Hhon_g09896.t1                                                    2.0496889 1.9535666 1.7747884 1.8881224 2.1930358 1.9983085 1.5182706 1.4948209 1.7654718 1.5996542 1.7701720 1.6257120 1.7390423 1.6855143 1.6954399 1.8802217 1.8736178 1.9051384 1.8847746 2.3944059 2.1629169 2.0626871 1.7212800 2.0631521 1.7934011 2.6385201 2.6282509 2.7093028 2.3805135 2.2675344 2.4945721 2.2156199 2.1676451 2.0346324 2.1551574 0.4103097 0.3495057 0.1987327 0.1839497 0.0000000 0.0122380 2.4937295 3.9611405 3.0521805 3.8092520 3.9960288 4.3083647 3.8602588 3.1457148 3.8870561 2.5465424 4.1570040 2.4815506 2.5433651 2.7064286 2.3716728 2.5639343 2.2567731 
HoiH04_mRNA2108                                                   2.0144371 1.9206432 1.7508738 1.9100446 2.1714694 1.9556422 1.5045364 1.4829565 1.7548349 1.6035218 1.7596342 1.6266507 1.7150485 1.6717608 1.6767579 1.8828084 1.8685827 1.8543210 1.8613807 2.4324897 2.1976048 2.0576964 1.6949649 2.0917954 1.7934011 2.6222110 2.6118947 2.7093028 2.3662071 2.2539318 2.4803244 2.2156199 2.1485181 2.0562432 2.1364477 0.4109699 0.3659860 0.1928558 0.1800947 0.0122380 0.0000000 2.4871343 3.9083852 3.0177725 3.6805342 3.9831854 4.2782261 3.8344409 3.1250230 3.8870561 2.5158709 4.1570040 2.4747071 2.5413913 2.7021816 2.3738015 2.5260181 2.2566674 
Tcas_TC011605_001                                                 2.1431050 1.7084428 1.7793124 1.8997147 1.7064018 1.6993153 1.9238661 1.7963652 2.0889141 1.8993951 1.9337306 1.8611092 1.9279618 1.8684638 1.9660595 1.8665143 1.9759095 1.9000576 1.7579248 2.6575764 1.7946158 1.8523411 1.6664028 1.9706339 1.6761822 2.7286510 2.6886796 2.7581107 2.5642384 2.4782899 2.4639510 2.1114569 2.3258746 2.2626529 2.3545773 2.6166788 2.5415538 2.5992772 2.5850244 2.4937295 2.4871343 0.0000000 4.3820939 3.1862941 4.1094157 4.2365388 4.1247016 3.9039837 3.4975658 3.9312738 2.5107808 4.2569560 2.5837462 2.7562924 2.7737692 2.6952170 2.7809140 1.9975951 
Mlei_ML0891.g5.i1                                                 3.7417729 3.2421334 3.7295451 3.3412494 3.4905813 3.3803981 3.3832268 2.5415131 2.9671816 3.1825515 3.3174860 3.3808404 3.5739540 3.4664649 3.3683952 3.6409668 3.4612443 3.6217967 3.4566019 3.3823285 3.7322498 3.3817201 2.8672776 4.1077753 7.6564022 4.0896656 4.1864393 5.3334419 3.8110466 3.7763797 3.1267920 2.7278949 3.3695904 3.3197026 3.7914648 4.4426397 4.4901361 3.5554095 4.1220798 3.9611405 3.9083852 4.3820939 0.0000000 0.1715613 0.4542200 0.6900602 0.9497699 0.7305425 0.9670103 0.4772367 0.7968306 0.9794449 4.0771225 4.1327218 4.0252078 4.4249388 3.6805179 3.9040992 
Bolinf_Binf_sb1210658                                             2.2300889 1.9729937 2.3558270 2.3343935 2.0672709 2.2669402 2.2023792 2.1351448 2.0021373 1.9878793 2.3879348 2.1650067 2.4783160 2.3601051 2.1071447 2.2311405 2.2290661 2.5601556 2.4479533 2.3475767 2.4816209 2.1597724 2.0418792 2.7585737 3.1698366 2.8873330 2.9721060 4.0662734 3.0493027 3.1735767 2.2946332 2.7252774 2.7132771 2.4367207 2.6201054 3.5864586 3.5840737 3.3413731 3.4085881 3.0521805 3.0177725 3.1862941 0.1715613 0.0000000 0.2112212 0.3977819 0.9086886 0.5121796 0.5554567 0.1895622 0.7999401 0.6484328 3.2648659 3.3917774 3.2849700 3.7561442 2.9501666 2.9720999 
Beraby_Baby_sb343976                                              3.2352236 2.9504522 3.3962966 3.1672529 2.9421487 3.0709350 3.1896874 2.4855199 2.7903371 3.0013591 2.9880829 3.0766196 3.2856883 3.1528692 3.0896640 3.4758228 3.2494373 3.3189534 3.5077837 3.4804993 3.3895603 3.0936290 2.5295942 3.6713840 6.1055152 3.9007767 3.8984581 5.0834773 3.8060618 3.8882360 3.0728676 2.6465219 3.2230322 3.2025627 3.7269065 4.0054452 4.1455861 3.3988148 3.8694618 3.8092520 3.6805342 4.1094157 0.4542200 0.2112212 0.0000000 0.7335550 1.0445872 0.7973258 0.9676529 0.5884502 0.7659968 0.9318593 3.6115217 3.9291994 3.8475136 4.2897326 3.5910186 3.5295861 
Lampan_Lpan_C403987_01                                            3.2964428 2.9074975 3.4343019 3.1722509 3.4227344 3.4486710 3.2675231 2.5135206 3.0190716 3.1551474 3.5811637 3.4681474 3.7154557 3.5742956 3.3001426 3.7145286 3.3924903 3.6582376 3.6194917 3.5320848 3.7895621 3.6216744 2.5629459 3.8061728 6.6600792 4.2086969 3.9609767 5.3790401 3.9751710 4.0348168 3.1943787 2.3949132 3.2485637 3.3895603 3.5564206 4.3456192 4.2914250 3.3487447 4.0564504 3.9960288 3.9831854 4.2365388 0.6900602 0.3977819 0.7335550 0.0000000 1.1180007 0.8870255 0.8283728 0.9196560 0.7636670 1.1803723 3.7991689 4.0871668 4.0720236 4.4374869 3.2867985 3.4459593 
Pbac_sb2660940                                                    4.0430876 3.5500420 3.6888628 3.6702158 3.9555157 3.6309677 3.6341273 3.0721713 3.0622450 3.3420511 3.3307203 3.6066173 3.7305246 3.5620859 3.6115142 3.9330331 3.9523341 3.6268558 3.9045707 3.7906263 3.5606713 3.6146925 3.0273975 4.0051487 6.1696194 4.6587553 4.5118389 5.3700900 4.3162194 4.4836458 3.6890513 2.8668371 3.7622931 3.6920081 4.4505572 4.9234610 4.8644453 3.9861600 4.6566393 4.3083647 4.2782261 4.1247016 0.9497699 0.9086886 1.0445872 1.1180007 0.0000000 0.1789429 1.2686111 0.8099432 1.2320543 1.1980960 3.7829549 4.0095164 4.1201182 4.3867878 3.6991567 3.9370606 
Horcal_Hcv1.av93.c11.g619.i1                                      3.5951286 3.1690826 3.4440072 3.4769543 3.5078684 3.3516655 3.2030745 2.4730926 2.8304795 3.0806895 3.0944422 3.2009180 3.3676950 3.2250807 3.2370364 3.5096900 3.4125283 3.7302925 3.7459057 3.5682896 3.4890811 3.4850755 2.7846288 4.0558476 6.3130967 4.1477174 4.0677364 5.2621857 4.0315035 4.1797049 3.2135221 2.7853760 3.4466348 3.3424159 4.0257288 4.7648884 4.5501801 3.5110930 4.2415243 3.8602588 3.8344409 3.9039837 0.7305425 0.5121796 0.7973258 0.8870255 0.1789429 0.0000000 0.9894117 0.8226188 0.8408676 1.1803500 3.8371806 3.8859323 4.1272673 4.4796361 3.2794882 3.6683329 
Vmul_sbMO427443                                                   3.0529446 2.8125851 3.1544523 2.9726902 3.0032535 2.9594262 2.9312478 2.5731569 2.7456659 2.7664796 2.8841033 2.7923270 2.9597600 2.8388271 2.9259766 3.3142855 3.1791537 3.1141617 3.1990811 3.4898145 3.4144287 3.0300877 2.5013678 3.4741551 4.8738827 3.8720973 3.6703939 4.3828774 3.4154932 3.4909650 2.9266881 2.8633795 3.0598921 3.0065051 2.8726901 3.8784311 3.5790787 3.2641795 3.3530019 3.1457148 3.1250230 3.4975658 0.9670103 0.5554567 0.9676529 0.8283728 1.2686111 0.9894117 0.0000000 1.0684488 0.8738225 1.3877581 3.3317530 3.4749055 3.5453762 3.9059905 2.7816632 3.3300015 
Mertsp_Mesp_sb537362                                              3.7864631 3.5403493 3.5831598 3.3926204 3.6321369 3.8265131 3.8814715 2.7796517 3.4455366 3.3549719 3.8071487 3.8075435 3.7643964 3.6473957 3.7475019 4.2523779 4.3317750 3.3573910 3.5942300 3.7680211 3.6675820 3.3492433 2.5094555 4.2006875 7.2240945 4.6749255 6.0714166 6.5365293 3.9718352 4.2735908 3.8368352 2.6719987 3.5600326 3.7051556 4.1154547 4.4731519 4.4127746 3.4073834 4.0863668 3.8870561 3.8870561 3.9312738 0.4772367 0.1895622 0.5884502 0.9196560 0.8099432 0.8226188 1.0684488 0.0000000 0.6642317 0.9447744 4.0115386 4.3213947 3.9002761 3.9763068 3.6427807 3.8467919 
Eupdun_Edun_sb10622189                                            1.8928873 1.8513614 1.9230338 1.9979164 1.8271844 2.0014584 2.0206670 1.9917168 1.9235521 1.7817565 2.2157894 1.9650722 2.0862322 2.0015646 1.9597119 2.0287554 1.9965962 2.4171919 2.4143133 2.3398743 2.4469380 2.2289495 1.7859513 2.4492087 9.0000000 2.8447446 2.5991192 3.7719986 2.8054064 2.8204610 2.1137611 2.7533937 2.3127192 2.2686822 2.3794596 2.6638423 2.6615684 2.6551415 2.7379245 2.5465424 2.5158709 2.5107808 0.7968306 0.7999401 0.7659968 0.7636670 1.2320543 0.8408676 0.8738225 0.6642317 0.0000000 0.9402668 2.6782292 2.6756698 2.8182809 2.3770126 2.4538977 2.3946630 
Drygla_Dgla_sb296799                                              3.3704295 3.1818858 3.7492280 3.5827432 3.4234545 3.6553997 3.5993445 2.9298640 3.5005305 3.4868759 4.1707044 3.8348749 3.7982174 3.6125829 3.7038941 3.4808992 3.6939576 3.6601152 3.5642378 3.4194803 3.6325352 3.3310401 2.8439326 4.2075486 7.1177400 4.3215175 4.7913573 4.8231576 3.9721861 4.0680694 3.2940670 2.8346290 3.7349455 4.2297828 3.4483184 4.6819808 4.3360115 3.9826673 4.3413757 4.1570040 4.1570040 4.2569560 0.9794449 0.6484328 0.9318593 1.1803723 1.1980960 1.1803500 1.3877581 0.9447744 0.9402668 0.0000000 3.6065989 3.5484171 3.7285499 3.7214985 3.6850635 4.1247464 
Scil_scict009191.1                                                2.3582987 1.9362613 1.9454438 1.9885598 2.3260308 2.1568287 2.0947312 2.1996018 2.1735824 1.8741516 2.2131307 1.9340883 2.0901831 2.0169458 2.0709071 2.1713976 2.0693181 2.0865351 2.1140212 2.7928697 2.0894135 2.4150245 1.8390698 2.4824156 2.2424894 2.5671657 2.3997443 2.5639319 2.4542484 2.3599918 2.2660220 2.1531678 2.1856347 2.0808906 2.3304585 2.4133880 2.5994302 2.7483966 2.5765203 2.4815506 2.4747071 2.5837462 4.0771225 3.2648659 3.6115217 3.7991689 3.7829549 3.8371806 3.3317530 4.0115386 2.6782292 3.6065989 0.0000000 0.4952493 0.6068537 0.5227450 1.5615565 2.6566378 
Gracom_Gcom_scaffold10192_01                                      2.5932750 2.0327504 2.1746049 2.1468638 2.4589635 2.3119009 2.1779863 2.3123103 2.3692421 2.0021725 2.4089592 2.0788507 2.2444026 2.1520512 2.1655015 2.2422088 2.2981906 2.1959143 2.1417724 2.7964652 2.4225675 2.6966198 1.8343572 2.5171885 3.0242894 2.8123692 2.5561510 2.7464955 2.5260504 2.4903513 2.0674458 1.9988603 2.2349066 2.0964647 2.2878624 2.4929894 2.6030935 2.6991999 2.6052878 2.5433651 2.5413913 2.7562924 4.1327218 3.3917774 3.9291994 4.0871668 4.0095164 3.8859323 3.4749055 4.3213947 2.6756698 3.5484171 0.4952493 0.0000000 0.6906777 0.6152836 1.6520851 2.8271755 
Lcom_lcpid60055                                                   2.6095974 2.0687812 2.1215609 2.2397778 2.5409949 2.3618591 2.1479558 2.3417342 2.2854597 2.0252467 2.3776351 2.0618147 2.1667098 2.0811665 2.1669703 2.2711523 2.2026665 2.1914837 2.1739403 2.7667708 2.4651863 2.5775881 1.8569972 2.6735666 2.9606337 2.5840005 2.3884089 2.8237925 2.3179074 2.3612184 2.5558916 2.0275757 2.2668537 2.2306709 2.4576479 2.6582800 2.7064442 2.8867058 2.7350016 2.7064286 2.7021816 2.7737692 4.0252078 3.2849700 3.8475136 4.0720236 4.1201182 4.1272673 3.5453762 3.9002761 2.8182809 3.7285499 0.6068537 0.6906777 0.0000000 0.7073105 1.4857680 2.9542935 
Leuniv_Lniv_scaffold23968_01                                      2.4049783 2.3306344 2.2326081 2.2892297 2.5932731 2.5868190 2.1907124 2.0911290 2.4591470 2.0616119 2.3245222 2.1114467 2.1683835 2.0620348 2.2377033 2.2849039 2.2443434 2.2254833 2.1752917 3.2709598 2.3464079 2.6922025 2.1362475 2.7540463 2.9902560 2.6963594 2.7548684 2.6119594 2.5661900 2.6045989 2.2215458 2.0303353 2.3382082 2.2393539 2.2772125 2.3515768 2.4472301 2.7459028 2.3952070 2.3716728 2.3738015 2.6952170 4.4249388 3.7561442 4.2897326 4.4374869 4.3867878 4.4796361 3.9059905 3.9763068 2.3770126 3.7214985 0.5227450 0.6152836 0.7073105 0.0000000 1.6899639 2.7129550 
Clacor_Ccor_scaffold11151_01                                      2.0339955 1.8011099 1.7966484 1.7639614 1.9920760 1.8751136 1.7584739 1.7633596 1.8349219 1.6518539 1.9314489 1.7955009 1.8249772 1.7740672 2.0564949 2.1400216 2.2403170 2.0399169 1.9895860 2.2619481 2.0382318 2.3537113 1.7242855 2.3235411 2.5563984 2.5386532 2.6133000 2.8782399 2.0627396 2.1116910 1.8632841 1.8317304 2.0298413 1.9261852 1.9448095 2.4372838 2.4415031 2.4591641 2.5627831 2.5639343 2.5260181 2.7809140 3.6805179 2.9501666 3.5910186 3.2867985 3.6991567 3.2794882 2.7816632 3.6427807 2.4538977 3.6850635 1.5615565 1.6520851 1.4857680 1.6899639 0.0000000 3.1070076 
Dpul_mRNA1116                                                     2.1847712 1.9356377 1.8404622 1.9838881 1.8155141 2.0127450 1.8499017 1.7711348 2.0912365 1.7783450 1.9695051 1.8810519 1.9550619 1.9090080 1.8784582 1.9965924 2.0035598 1.9959315 2.0264032 2.4826460 2.1949501 2.2161675 1.7696428 2.0969359 2.0941779 2.8442270 2.8137331 2.7040685 2.7380682 2.7762130 2.4111049 1.7597294 2.3912504 2.1747855 2.3430800 2.3173586 2.3863775 2.3364651 2.3764156 2.2567731 2.2566674 1.9975951 3.9040992 2.9720999 3.5295861 3.4459593 3.9370606 3.6683329 3.3300015 3.8467919 2.3946630 4.1247464 2.6566378 2.8271755 2.9542935 2.7129550 3.1070076 0.0000000 
