54
Bralan_BLAG09000167_1                                  0.0000000 1.2975302 1.0152345 1.5988962 1.5893000 1.6436921 1.9214757 1.7858356 2.1027644 1.7039597 1.9654746 1.6832763 1.8357189 1.8358529 2.0600143 2.1108614 2.1287529 1.9644513 2.1454997 2.1750216 2.2040479 1.9470937 2.0071522 1.9033428 1.9532074 1.9836656 2.0229328 1.9738607 1.9458886 2.2477352 3.2781956 2.6226735 3.3393587 2.6213646 2.3889528 2.9136538 3.5981910 2.4369293 3.1558281 2.6555056 3.0167492 2.9450988 3.1564540 3.0850696 3.0922820 3.1156087 3.1598845 3.1569553 2.5768775 3.5324183 3.2449680 2.7271037 3.0110785 3.4091219 
Spur_XM_030983944.1                                    1.2975302 0.0000000 0.8780228 1.6977392 1.5937264 1.6226359 1.8432486 1.7510956 2.0680582 1.7761430 1.9338726 1.6208640 1.8688420 1.8071588 2.0665950 2.0422573 2.0056146 2.0430096 2.1852995 2.1834641 2.5572632 2.0684384 2.1451645 1.8245288 1.8489003 1.8150900 1.7883335 1.7578527 1.7667064 2.1687075 3.3611201 2.8567791 3.7626469 2.6910162 2.3737180 2.5046502 3.8708908 2.4929542 3.0040146 2.5993162 2.9246727 2.9157756 3.1400644 3.0146326 2.7772068 2.7754306 3.0232068 3.2581674 2.7916821 3.5797225 3.3761036 2.6515821 2.8283599 3.7754372 
Skow_XM_002733295.1                                    1.0152345 0.8780228 0.0000000 1.1941437 1.1774628 1.1855571 1.7859597 1.6365078 1.7125608 1.7436638 1.7197278 1.4899159 1.6449912 1.6253032 1.7433618 1.8152903 1.8520092 1.7560468 1.7824958 1.8329734 1.6488910 1.7269402 1.6939774 1.4744418 1.6224663 1.5546018 1.5594477 1.4411567 1.3977934 1.9241337 3.4452708 3.1195280 4.6706338 2.1092238 1.8221104 2.3119594 3.1784627 2.1556186 2.6305769 2.0076581 2.5600250 2.3815374 2.6108936 2.5763319 2.5875131 2.5862417 2.9847538 2.9911606 2.4302099 2.8343113 2.9223923 2.6389745 1.6841962 3.3023788 
Cgig_XM_020072160.2                                    1.5988962 1.6977392 1.1941437 0.0000000 1.0009392 1.3222252 2.1423607 2.1024566 2.2992967 2.1957011 2.3223831 2.2922854 2.1163265 2.1341192 2.4833895 2.2945522 2.3219889 2.1629225 2.2900011 2.1640551 2.6635761 2.2422089 2.1787436 1.8901149 1.9344840 2.0558929 2.0544582 2.0728541 2.0408506 2.2996433 3.6360810 2.7173689 3.5599179 2.9931031 2.3160763 2.7536680 4.4513728 2.8702679 3.3226620 2.7620005 3.1759665 3.2841083 3.1672876 3.1292560 2.9932199 2.9848637 3.3983373 3.5695701 3.1139342 3.7185958 3.8229782 3.1776525 3.1695623 3.6003236 
Acagra_model.g4132.t1.1.5d3b8310                       1.5893000 1.5937264 1.1774628 1.0009392 0.0000000 1.3578228 1.9964236 1.9539726 2.0654282 1.8627226 2.0857225 1.7885139 1.9054214 1.8742392 2.1054174 2.0484228 2.0207293 1.9014507 2.0618160 2.0497424 2.4141335 2.0807191 2.2854954 1.8722263 1.9522127 2.0415337 2.0112781 2.0185977 1.9380004 2.0970493 3.4562101 2.7738723 3.6367027 2.9249615 2.4039096 2.6429675 3.7754273 2.7558236 3.1756542 2.6541064 3.0001407 3.1490650 3.0138015 2.8787786 2.8814728 2.8569226 3.2784704 3.3610132 3.0486684 4.0276291 3.5813176 2.9443240 2.9974842 3.4991702 
Ctel_gnl_WGS_AMQN_CAPTEDRAFT_mRNA211485                1.6436921 1.6226359 1.1855571 1.3222252 1.3578228 0.0000000 2.0603291 1.9575578 2.2711755 1.8816775 2.2145450 1.9048619 1.9815226 1.9970860 2.0379579 2.2455165 2.1870191 1.9956438 2.2604031 2.0960145 3.1549422 2.5759369 2.2974371 2.1081919 2.2028350 2.2757952 2.3834564 2.3140957 2.2800416 2.8359031 3.3169008 2.9277375 4.0373788 3.4279537 2.6388850 2.9314078 4.1223237 2.6834628 3.3828422 3.0340667 3.3741610 3.2576424 3.3188345 3.1123752 3.3128947 3.3157216 3.7928908 3.6617490 3.3081408 3.9964130 3.4608412 3.4271129 3.4789107 3.3170072 
Exapal_XM_021049312.2                                  1.9214757 1.8432486 1.7859597 2.1423607 1.9964236 2.0603291 0.0000000 0.5833903 1.0314668 0.7824965 0.9538086 0.7926597 0.8163567 0.8071332 0.9462985 1.9207772 1.8702174 1.6425941 1.6481877 1.7935164 2.0908936 2.0474674 2.1590393 1.8351750 1.8904956 1.9347688 1.9751221 1.9199182 1.8764911 2.0408813 2.9355631 2.2885798 3.1420136 2.9647343 2.0803478 2.3823270 3.7947941 2.5279222 2.7986702 2.5051368 2.7797775 2.7959714 3.0928832 2.8711278 2.8941299 2.9022829 3.0527069 3.2232464 3.0092454 3.4617753 3.4560826 2.7823774 2.9323608 3.3599117 
Nvec_v1g85011                                          1.7858356 1.7510956 1.6365078 2.1024566 1.9539726 1.9575578 0.5833903 0.0000000 1.0216373 0.7084156 0.8523301 0.7179889 0.7433199 0.7302623 0.8878743 1.8732684 1.7892422 1.6509258 1.6679504 1.7904825 1.9154636 2.0466310 2.0045015 1.7771638 1.8300441 1.8423074 1.8760215 1.8200716 1.8132941 1.9753828 3.0265716 2.6976139 2.9414122 2.8139553 2.0229277 2.2714323 3.6226945 2.4182037 2.7460753 2.4706114 2.7856046 2.6232825 3.0173183 2.7397918 2.8396301 2.8468695 3.1758816 3.3054058 2.7305813 3.3023023 3.2527494 2.6200287 2.9756049 3.3876902 
Adig_XM_015898238.1                                    2.1027644 2.0680582 1.7125608 2.2992967 2.0654282 2.2711755 1.0314668 1.0216373 0.0000000 0.1872610 0.3370479 0.5991069 0.4742043 0.4579224 0.5811101 1.9133905 1.7952766 1.7989476 1.6738403 1.6656091 1.9468950 2.2369772 2.2566773 2.1209347 2.1240601 2.0231735 2.1487467 2.0839820 2.1025362 2.5279624 3.4212234 3.0782198 3.3685909 2.8423693 2.1617614 2.1471148 3.8503450 2.4119024 2.5075357 2.2773057 2.5168901 2.5654460 2.4907718 2.4934212 2.6071038 2.5932256 2.5698384 2.8557915 2.3765759 3.5426148 3.2800023 2.8766827 3.2960497 3.5575274 
Amil_Amillepora14858-RA                                1.7039597 1.7761430 1.7436638 2.1957011 1.8627226 1.8816775 0.7824965 0.7084156 0.1872610 0.0000000 0.2539104 0.3032409 0.2841430 0.2690937 0.3256170 1.6461196 1.5249493 1.4818000 1.5482812 1.5618909 1.6479918 2.0374510 1.9643938 1.8613568 1.8604554 1.8437646 1.9039916 1.8061512 1.7997397 1.9669108 3.5137397 3.1047915 3.3657604 2.6182321 1.9048557 2.2953478 3.1596007 2.4464455 2.3163833 2.1493949 2.4419931 2.3501031 2.5258384 2.3653353 2.4902988 2.4850528 2.6137581 2.6274092 2.2521841 3.2349544 2.9526703 2.5104521 2.2406778 3.5499777 
Gfas_gfas1.m1.18616.m1                                 1.9654746 1.9338726 1.7197278 2.3223831 2.0857225 2.2145450 0.9538086 0.8523301 0.3370479 0.2539104 0.0000000 0.3169382 0.3448932 0.3316885 0.3962142 1.8661523 1.7616050 1.7166045 1.7174974 1.7540645 1.9039789 2.0231879 1.9459880 1.9009270 1.9189066 1.8852586 1.9898564 1.9222238 1.8940644 2.2571524 2.9557557 1.9975846 3.3867843 2.5860198 1.9516861 1.9787559 3.4472630 2.2887660 2.5110884 2.4756265 2.6743900 2.5298360 2.8008257 2.6164517 2.5718793 2.5555584 2.9306808 3.1078507 2.6144777 3.2590464 3.1381930 2.8161405 2.9157439 3.8313959 
Fspp_ffun1.m4.20146.m1                                 1.6832763 1.6208640 1.4899159 2.2922854 1.7885139 1.9048619 0.7926597 0.7179889 0.5991069 0.3032409 0.3169382 0.0000000 0.2454707 0.2250842 0.2365934 1.5641392 1.4843191 1.5127477 1.6344376 1.6180531 1.7890771 1.8803867 2.0773178 1.8717088 1.9023748 1.8134224 2.0040445 1.9436419 1.9183944 2.1146130 3.1929701 2.9519737 3.2850738 2.5796434 1.7571032 2.1279794 2.9984653 2.3751642 2.3623109 2.4114013 2.5271023 2.3745215 2.6420946 2.5691482 2.4714933 2.4642633 2.5884533 2.7285594 2.4376953 3.0626171 2.8020137 2.5548050 2.4322981 2.9436314 
Spis_XP_022801969_1                                    1.8357189 1.8688420 1.6449912 2.1163265 1.9054214 1.9815226 0.8163567 0.7433199 0.4742043 0.2841430 0.3448932 0.2454707 0.0000000 0.0596098 0.2484747 1.7651674 1.6956130 1.6472596 1.5211470 1.5838273 2.0303307 2.0187253 2.0714799 1.9331898 1.9269635 1.8908193 1.9921500 1.9519459 1.9478736 2.1975253 2.9206046 2.7581574 3.3577516 2.8891365 1.9962653 2.1808542 3.2730101 2.3352167 2.5705120 2.5141670 2.6940639 2.5037937 2.7538454 2.6352895 2.5957108 2.5927792 2.8964820 3.1353632 2.6704076 3.4729254 3.1050817 2.8957548 2.7079476 3.7767819 
Pocdam_XM_027185102.1                                  1.8358529 1.8071588 1.6253032 2.1341192 1.8742392 1.9970860 0.8071332 0.7302623 0.4579224 0.2690937 0.3316885 0.2250842 0.0596098 0.0000000 0.2355035 1.7152528 1.6408868 1.6108487 1.5397379 1.6310865 2.0679076 2.0255519 2.0886592 1.9430689 1.9445635 1.8936054 2.0146431 1.9736299 1.9626587 2.1632793 2.9720072 2.7446352 3.3286644 2.9383290 2.0001153 2.1636598 3.3389078 2.3505124 2.5249447 2.4356584 2.6160520 2.4833137 2.7294828 2.5270911 2.5064214 2.5073653 2.8046658 3.1017790 2.5511509 3.5071781 3.1435881 2.7542788 2.7377073 3.7968907 
Gasp_gasp1.m3.2729.m1                                  2.0600143 2.0665950 1.7433618 2.4833895 2.1054174 2.0379579 0.9462985 0.8878743 0.5811101 0.3256170 0.3962142 0.2365934 0.2484747 0.2355035 0.0000000 1.8042061 1.8360896 1.8014657 1.8548211 1.8631381 2.0442218 2.2950145 2.3488678 2.0865878 2.0879091 2.0806992 2.1939693 2.2005010 2.1481854 2.6217272 4.1132305 4.0224586 4.1939727 3.1388103 2.2940754 2.3978027 3.5109390 2.5719595 2.8047728 2.7854752 2.9156629 2.7118242 3.0838919 2.8564382 2.8678174 2.8651415 3.0119193 3.4696595 2.8943285 3.4441359 3.3883063 3.1685413 3.1629198 3.8168616 
Nemnom_g4991.t1                                        2.1108614 2.0422573 1.8152903 2.2945522 2.0484228 2.2455165 1.9207772 1.8732684 1.9133905 1.6461196 1.8661523 1.5641392 1.7651674 1.7152528 1.8042061 0.0000000 0.2213527 0.9344517 1.9567739 2.0224580 2.2466166 2.3799639 2.3504521 2.1104895 2.1853643 2.1902053 2.2620200 2.1583075 1.9588772 2.3647702 4.0715821 3.5917000 3.7202815 3.1266680 1.8369667 1.9802018 3.5569186 2.7982202 3.0585909 2.7092513 3.0178118 3.0008372 3.1577313 3.1652451 3.1234523 3.0964300 2.9986092 3.2812523 2.7511244 3.7167022 3.5282290 2.7912213 3.5149625 3.9462593 
Rhoesc_Res_014311-T1                                   2.1287529 2.0056146 1.8520092 2.3219889 2.0207293 2.1870191 1.8702174 1.7892422 1.7952766 1.5249493 1.7616050 1.4843191 1.6956130 1.6408868 1.8360896 0.2213527 0.0000000 0.9346932 2.0064386 2.0293397 2.1365795 2.2890282 2.2543132 2.1445308 2.2619614 2.1798748 2.2709517 2.2051826 2.0607931 2.4108093 3.0680174 2.8286055 3.3459419 2.9206721 1.8037122 2.0781098 3.5128491 2.8158874 2.9122284 2.5976818 2.8590474 2.8604217 3.0407533 3.0915319 2.9633570 2.9949225 3.0629814 3.4131105 2.7592029 3.8320913 3.5757339 2.7581358 3.2387441 3.9522010 
Sanmal_Sma_012874-T1                                   1.9644513 2.0430096 1.7560468 2.1629225 1.9014507 1.9956438 1.6425941 1.6509258 1.7989476 1.4818000 1.7166045 1.5127477 1.6472596 1.6108487 1.8014657 0.9344517 0.9346932 0.0000000 1.7656330 1.8164643 2.1480861 2.1013549 2.2308137 1.8564151 1.9253376 1.9999096 2.0894892 2.0249694 1.9164524 2.2806308 4.1807675 3.7466942 3.3439526 2.7163212 1.7703745 1.8889178 3.5417298 2.5426658 2.8214464 2.6054919 2.9729613 3.1428444 3.0734795 2.9810217 2.9531746 2.9449577 3.1211689 3.4306474 3.0312729 3.9667916 3.8570245 2.6265805 3.1659382 3.7950295 
Dgig_XM_028557391.1                                    2.1454997 2.1852995 1.7824958 2.2900011 2.0618160 2.2604031 1.6481877 1.6679504 1.6738403 1.5482812 1.7174974 1.6344376 1.5211470 1.5397379 1.8548211 1.9567739 2.0064386 1.7656330 0.0000000 0.6826392 2.4136828 2.1696907 2.1300468 2.0266370 2.0504453 1.9653902 2.0558814 1.9828515 1.9587954 2.1896107 2.8088688 2.6721910 3.0194674 2.8917045 2.0240343 2.1307505 3.4083907 2.3543476 2.9161054 2.5439793 2.8767159 3.0141286 2.8769491 2.8899267 2.9477316 2.9338076 2.9871523 3.1702502 2.8291845 3.4981443 3.5417367 2.9139269 3.4419979 3.3212965 
Xesp_016406-T1                                         2.1750216 2.1834641 1.8329734 2.1640551 2.0497424 2.0960145 1.7935164 1.7904825 1.6656091 1.5618909 1.7540645 1.6180531 1.5838273 1.6310865 1.8631381 2.0224580 2.0293397 1.8164643 0.6826392 0.0000000 2.6381971 2.2648002 2.1653958 2.1750503 2.2040540 2.0899796 2.2138328 2.1325960 2.0995561 2.4438324 3.0720472 2.3443568 3.0617521 2.9477028 2.0433070 2.3619766 3.7400689 2.4845018 2.8141593 2.6475251 2.9359849 2.7939427 2.8865052 2.8025823 2.7873607 2.7784285 3.1698972 3.3085925 3.0730034 3.4500827 3.8456986 2.8423789 3.2452855 3.0200605 
Ocar_g2652                                             2.2040479 2.5572632 1.6488910 2.6635761 2.4141335 3.1549422 2.0908936 1.9154636 1.9468950 1.6479918 1.9039789 1.7890771 2.0303307 2.0679076 2.0442218 2.2466166 2.1365795 2.1480861 2.4136828 2.6381971 0.0000000 0.0050710 0.9877716 2.3256937 2.3484685 2.3543162 2.4730484 2.3026469 2.4141160 2.2878870 5.3248630 0.0000010 5.8301780 2.3059300 2.4333684 1.8955152 2.4142416 2.1939314 2.7098966 2.2556896 2.5028027 2.6935416 2.8313712 2.7168513 2.6575824 2.6342456 2.6270735 3.3044598 2.9493459 2.1453321 2.6852684 2.1541481 2.5407112 2.5653256 
Opea_EP00118_Oscarella_pearsei_P011902                 1.9470937 2.0684384 1.7269402 2.2422089 2.0807191 2.5759369 2.0474674 2.0466310 2.2369772 2.0374510 2.0231879 1.8803867 2.0187253 2.0255519 2.2950145 2.3799639 2.2890282 2.1013549 2.1696907 2.2648002 0.0050710 0.0000000 0.9464581 2.0496251 2.1074729 2.2037265 2.2581004 2.1908567 2.0747234 2.2571917 3.2261558 2.8531931 3.0155679 2.3467461 2.3674975 2.6447704 3.1304540 2.2640156 2.9978151 2.4734485 2.8469984 2.8727058 2.9450745 2.9899616 2.9410036 2.9370131 3.2166888 3.4526296 2.8540892 3.1032250 3.1476322 2.6964494 2.5654576 3.4969724 
Plajan_Pjan_scaffold11374_01                           2.0071522 2.1451645 1.6939774 2.1787436 2.2854954 2.2974371 2.1590393 2.0045015 2.2566773 1.9643938 1.9459880 2.0773178 2.0714799 2.0886592 2.3488678 2.3504521 2.2543132 2.2308137 2.1300468 2.1653958 0.9877716 0.9464581 0.0000000 2.2342384 2.2494951 2.2880649 2.3617001 2.3097959 2.2871071 2.5702770 3.6546255 3.3087053 3.0681660 2.4489172 2.4979611 2.6165509 3.3529865 2.1881748 2.5569860 2.3835778 2.4634690 2.6393284 2.6736021 2.7210510 2.7109667 2.7148252 2.7548598 2.8769773 2.7394865 3.0867561 3.1317424 2.8251572 2.7669098 2.8712654 
Tadh_TriadT53657                                       1.9033428 1.8245288 1.4744418 1.8901149 1.8722263 2.1081919 1.8351750 1.7771638 2.1209347 1.8613568 1.9009270 1.8717088 1.9331898 1.9430689 2.0865878 2.1104895 2.1445308 1.8564151 2.0266370 2.1750503 2.3256937 2.0496251 2.2342384 0.0000000 0.0040308 0.2166335 0.2164474 0.2130413 0.1965618 0.2569621 4.0661846 3.2417838 3.3576580 2.5500711 2.4622254 2.8633343 3.7324942 2.4520395 2.7116331 2.6818817 2.8588237 2.7936981 2.8525098 2.7331065 2.8998714 2.8932591 3.0313720 2.8995409 2.7221255 3.3169701 3.4435235 2.8071568 2.8093355 4.2133384 
TrH2_TrispH2_005967-RA                                 1.9532074 1.8489003 1.6224663 1.9344840 1.9522127 2.2028350 1.8904956 1.8300441 2.1240601 1.8604554 1.9189066 1.9023748 1.9269635 1.9445635 2.0879091 2.1853643 2.2619614 1.9253376 2.0504453 2.2040540 2.3484685 2.1074729 2.2494951 0.0040308 0.0000000 0.2506176 0.2303954 0.2432938 0.2022971 0.2584795 3.9598120 3.2106877 3.3199012 2.5348187 2.4560623 2.8952073 3.9729200 2.5940910 2.9007500 2.6948592 3.0455009 3.0128982 3.0454861 2.9142278 3.1654664 3.1504075 3.3857566 3.1410750 2.8626541 3.5144377 3.7219702 2.8667684 2.8233056 4.6932047 
HoiH06_mRNA7141                                        1.9836656 1.8150900 1.5546018 2.0558929 2.0415337 2.2757952 1.9347688 1.8423074 2.0231735 1.8437646 1.8852586 1.8134224 1.8908193 1.8936054 2.0806992 2.1902053 2.1798748 1.9999096 1.9653902 2.0899796 2.3543162 2.2037265 2.2880649 0.2166335 0.2506176 0.0000000 0.1284096 0.1188458 0.0533239 0.2151700 3.9619393 3.4029704 3.4794850 2.5943082 2.3738549 2.6679655 3.9707800 2.5618550 2.8578446 2.5904417 2.9213709 2.7775547 2.9267266 2.9414421 3.0349156 3.0429155 3.4118062 2.9885525 2.8818589 3.7044322 3.8186780 2.9508846 2.8594884 4.5151430 
Hhon_g01477.t1                                         2.0229328 1.7883335 1.5594477 2.0544582 2.0112781 2.3834564 1.9751221 1.8760215 2.1487467 1.9039916 1.9898564 2.0040445 1.9921500 2.0146431 2.1939693 2.2620200 2.2709517 2.0894892 2.0558814 2.2138328 2.4730484 2.2581004 2.3617001 0.2164474 0.2303954 0.1284096 0.0000000 0.0255537 0.0951506 0.2097693 4.1091473 3.3897767 3.4285256 2.7507383 2.4920258 2.7781373 3.9508011 2.5657311 2.9392307 2.7132458 3.0181644 2.9248241 3.0723863 2.9976054 3.1319434 3.1409760 3.4783993 3.2110026 2.8730320 3.5989388 3.7240605 2.8420893 2.8283519 4.5332441 
HoiH04_mRNA5694                                        1.9738607 1.7578527 1.4411567 2.0728541 2.0185977 2.3140957 1.9199182 1.8200716 2.0839820 1.8061512 1.9222238 1.9436419 1.9519459 1.9736299 2.2005010 2.1583075 2.2051826 2.0249694 1.9828515 2.1325960 2.3026469 2.1908567 2.3097959 0.2130413 0.2432938 0.1188458 0.0255537 0.0000000 0.0961197 0.2088564 4.2011275 3.4270936 3.4106803 2.6821008 2.4601328 2.6091094 3.9900483 2.4885153 2.8647139 2.6485904 2.9702418 2.8445615 3.0159822 2.9164878 3.0589031 3.0660965 3.2997909 3.0876345 2.8495499 3.5464896 3.7839762 2.8469256 2.7772943 4.5574869 
HoiH23_PlH23_001969-RA                                 1.9458886 1.7667064 1.3977934 2.0408506 1.9380004 2.2800416 1.8764911 1.8132941 2.1025362 1.7997397 1.8940644 1.9183944 1.9478736 1.9626587 2.1481854 1.9588772 2.0607931 1.9164524 1.9587954 2.0995561 2.4141160 2.0747234 2.2871071 0.1965618 0.2022971 0.0533239 0.0951506 0.0961197 0.0000000 0.2201576 4.0370685 3.4850715 3.4171644 2.6917213 2.4005867 2.5302217 3.6854131 2.3966351 2.7495494 2.6795335 2.8207847 2.7653334 2.8780158 2.8508588 2.8605169 2.8778197 3.0258324 2.8366398 2.7404048 3.5278956 3.4424453 2.7869108 2.8894147 3.8326134 
HoiH11_mRNA3301                                        2.2477352 2.1687075 1.9241337 2.2996433 2.0970493 2.8359031 2.0408813 1.9753828 2.5279624 1.9669108 2.2571524 2.1146130 2.1975253 2.1632793 2.6217272 2.3647702 2.4108093 2.2806308 2.1896107 2.4438324 2.2878870 2.2571917 2.5702770 0.2569621 0.2584795 0.2151700 0.2097693 0.2088564 0.2201576 0.0000000 3.6316978 3.2751997 3.1587735 3.0840990 2.7993376 3.0026182 4.0827955 2.8391032 2.5336591 2.6520269 2.6536175 2.5945549 2.6846481 2.5541653 2.8002043 2.8142779 2.3320368 2.7333196 2.8644170 4.4816266 3.8063406 3.0852717 2.8179264 4.8883017 
Emue_Em0020g40a.t1                                     3.2781956 3.3611201 3.4452708 3.6360810 3.4562101 3.3169008 2.9355631 3.0265716 3.4212234 3.5137397 2.9557557 3.1929701 2.9206046 2.9720072 4.1132305 4.0715821 3.0680174 4.1807675 2.8088688 3.0720472 5.3248630 3.2261558 3.6546255 4.0661846 3.9598120 3.9619393 4.1091473 4.2011275 4.0370685 3.6316978 0.0000000 0.4317591 1.7130882 2.4046901 3.3523656 4.2656442 4.6439907 2.2117878 3.7442911 3.5617613 3.6609602 3.6142866 3.4712816 3.3213913 3.6678633 3.6678633 5.3395864 4.5697421 3.7065202 5.6438604 3.5630825 2.6224686 3.5772748 3.5973202 
Spolac_c104143_g3_i1_m.38434c104143-g3                 2.6226735 2.8567791 3.1195280 2.7173689 2.7738723 2.9277375 2.2885798 2.6976139 3.0782198 3.1047915 1.9975846 2.9519737 2.7581574 2.7446352 4.0224586 3.5917000 2.8286055 3.7466942 2.6721910 2.3443568 0.0000010 2.8531931 3.3087053 3.2417838 3.2106877 3.4029704 3.3897767 3.4270936 3.4850715 3.2751997 0.4317591 0.0000000 1.1799513 1.5060301 3.1300567 5.4012205 5.1552460 1.7972272 3.3707125 3.2254406 3.2831680 3.2033168 3.1528871 2.8513081 3.3696570 3.3923236 0.0000010 4.8225334 3.5262410 7.7654521 3.2132881 2.6068686 3.4142000 4.4138896 
Stycar_maker-SC_scaffold38609-augustus-gene-0.9-mRNA-1 3.3393587 3.7626469 4.6706338 3.5599179 3.6367027 4.0373788 3.1420136 2.9414122 3.3685909 3.3657604 3.3867843 3.2850738 3.3577516 3.3286644 4.1939727 3.7202815 3.3459419 3.3439526 3.0194674 3.0617521 5.8301780 3.0155679 3.0681660 3.3576580 3.3199012 3.4794850 3.4285256 3.4106803 3.4171644 3.1587735 1.7130882 1.1799513 0.0000000 2.0027746 3.5574262 4.2157510 4.6908816 2.2380104 3.4685208 3.2177228 3.1207487 3.0872054 3.2421567 3.3599814 3.5099035 3.5196926 4.1980342 3.6346549 3.6870715 5.4673231 4.0722686 2.8927373 3.7129242 4.1245565 
Tetwil_g12117.t1                                       2.6213646 2.6910162 2.1092238 2.9931031 2.9249615 3.4279537 2.9647343 2.8139553 2.8423693 2.6182321 2.5860198 2.5796434 2.8891365 2.9383290 3.1388103 3.1266680 2.9206721 2.7163212 2.8917045 2.9477028 2.3059300 2.3467461 2.4489172 2.5500711 2.5348187 2.5943082 2.7507383 2.6821008 2.6917213 3.0840990 2.4046901 1.5060301 2.0027746 0.0000000 2.7764501 3.1512927 3.6309520 2.0461346 3.1369253 2.8764870 3.0632764 2.9561273 3.1699325 3.1871191 3.0093093 3.0098038 2.9188741 2.9711345 2.6051335 3.3176640 3.3801614 2.0912128 3.4164368 3.0972280 
Chem_TCONS_00067799                                    2.3889528 2.3737180 1.8221104 2.3160763 2.4039096 2.6388850 2.0803478 2.0229277 2.1617614 1.9048557 1.9516861 1.7571032 1.9962653 2.0001153 2.2940754 1.8369667 1.8037122 1.7703745 2.0240343 2.0433070 2.4333684 2.3674975 2.4979611 2.4622254 2.4560623 2.3738549 2.4920258 2.4601328 2.4005867 2.7993376 3.3523656 3.1300567 3.5574262 2.7764501 0.0000000 2.1845387 4.0532469 2.5738156 3.1731045 2.8731974 3.0428512 3.1732973 3.3128244 3.1570729 2.9962874 2.9919703 2.9305400 3.2986358 3.2315857 3.8151977 3.9005042 3.0590908 2.9422510 4.0982211 
Morvir_scaffold13.g119.t1                              2.9136538 2.5046502 2.3119594 2.7536680 2.6429675 2.9314078 2.3823270 2.2714323 2.1471148 2.2953478 1.9787559 2.1279794 2.1808542 2.1636598 2.3978027 1.9802018 2.0781098 1.8889178 2.1307505 2.3619766 1.8955152 2.6447704 2.6165509 2.8633343 2.8952073 2.6679655 2.7781373 2.6091094 2.5302217 3.0026182 4.2656442 5.4012205 4.2157510 3.1512927 2.1845387 0.0000000 4.2227422 2.9343035 3.3963324 3.2217800 3.3912588 3.5487043 3.5489037 3.6298525 3.7768443 3.7684428 3.4326509 3.8112456 3.3548556 3.7106512 4.5376136 3.4249237 3.7285855 4.5163656 
Gracom_Gcom_C559560_01                                 3.5981910 3.8708908 3.1784627 4.4513728 3.7754273 4.1223237 3.7947941 3.6226945 3.8503450 3.1596007 3.4472630 2.9984653 3.2730101 3.3389078 3.5109390 3.5569186 3.5128491 3.5417298 3.4083907 3.7400689 2.4142416 3.1304540 3.3529865 3.7324942 3.9729200 3.9707800 3.9508011 3.9900483 3.6854131 4.0827955 4.6439907 5.1552460 4.6908816 3.6309520 4.0532469 4.2227422 0.0000000 3.4229842 4.1040191 3.4317367 3.7793968 3.8674751 3.6093453 3.9363225 4.0729057 4.0792670 3.6264753 4.3190995 4.0083156 2.4770532 2.1342253 3.3967128 2.6807385 2.3051956 
Plespi_Pspi_scaffold20771_01                           2.4369293 2.4929542 2.1556186 2.8702679 2.7558236 2.6834628 2.5279222 2.4182037 2.4119024 2.4464455 2.2887660 2.3751642 2.3352167 2.3505124 2.5719595 2.7982202 2.8158874 2.5426658 2.3543476 2.4845018 2.1939314 2.2640156 2.1881748 2.4520395 2.5940910 2.5618550 2.5657311 2.4885153 2.3966351 2.8391032 2.2117878 1.7972272 2.2380104 2.0461346 2.5738156 2.9343035 3.4229842 0.0000000 2.6997438 2.4763618 2.5674826 2.5139056 2.6832725 2.6066008 2.6785581 2.6380047 2.9479230 2.9941033 2.5342372 2.9941922 3.2757552 2.1103089 3.4898478 3.0791920 
Mlei_ML1381.g3.i1                                      3.1558281 3.0040146 2.6305769 3.3226620 3.1756542 3.3828422 2.7986702 2.7460753 2.5075357 2.3163833 2.5110884 2.3623109 2.5705120 2.5249447 2.8047728 3.0585909 2.9122284 2.8214464 2.9161054 2.8141593 2.7098966 2.9978151 2.5569860 2.7116331 2.9007500 2.8578446 2.9392307 2.8647139 2.7495494 2.5336591 3.7442911 3.3707125 3.4685208 3.1369253 3.1731045 3.3963324 4.1040191 2.6997438 0.0000000 0.3139889 0.2807123 0.3668954 0.3603287 0.4078151 0.4995894 0.4926214 0.7235259 0.9971842 1.1629419 3.7536925 4.0414162 3.2213334 2.9558407 4.0348631 
Bolinf_Binf_sb1223237                                  2.6555056 2.5993162 2.0076581 2.7620005 2.6541064 3.0340667 2.5051368 2.4706114 2.2773057 2.1493949 2.4756265 2.4114013 2.5141670 2.4356584 2.7854752 2.7092513 2.5976818 2.6054919 2.5439793 2.6475251 2.2556896 2.4734485 2.3835778 2.6818817 2.6948592 2.5904417 2.7132458 2.6485904 2.6795335 2.6520269 3.5617613 3.2254406 3.2177228 2.8764870 2.8731974 3.2217800 3.4317367 2.4763618 0.3139889 0.0000000 0.0000010 0.4404826 0.3826860 0.3585000 0.5077222 0.5020604 0.7657275 1.1308032 1.1358156 3.0105844 3.1265773 2.5997621 3.0232873 2.5385120 
Mertsp_Mesp_sb563711                                   3.0167492 2.9246727 2.5600250 3.1759665 3.0001407 3.3741610 2.7797775 2.7856046 2.5168901 2.4419931 2.6743900 2.5271023 2.6940639 2.6160520 2.9156629 3.0178118 2.8590474 2.9729613 2.8767159 2.9359849 2.5028027 2.8469984 2.4634690 2.8588237 3.0455009 2.9213709 3.0181644 2.9702418 2.8207847 2.6536175 3.6609602 3.2831680 3.1207487 3.0632764 3.0428512 3.3912588 3.7793968 2.5674826 0.2807123 0.0000010 0.0000000 0.4009537 0.3750874 0.3496494 0.5160742 0.5101410 0.8188812 1.0553728 1.1756142 3.5975175 3.4631615 2.9252102 3.0232873 3.8228843 
Drygla_Dgla_sb298461                                   2.9450988 2.9157756 2.3815374 3.2841083 3.1490650 3.2576424 2.7959714 2.6232825 2.5654460 2.3501031 2.5298360 2.3745215 2.5037937 2.4833137 2.7118242 3.0008372 2.8604217 3.1428444 3.0141286 2.7939427 2.6935416 2.8727058 2.6393284 2.7936981 3.0128982 2.7775547 2.9248241 2.8445615 2.7653334 2.5945549 3.6142866 3.2033168 3.0872054 2.9561273 3.1732973 3.5487043 3.8674751 2.5139056 0.3668954 0.4404826 0.4009537 0.0000000 0.4243974 0.4615304 0.5941920 0.5874542 0.8758730 0.9857859 1.2634857 3.3313030 3.8217458 3.1492683 3.1782792 3.8495080 
Beraby_Baby_sb345680                                   3.1564540 3.1400644 2.6108936 3.1672876 3.0138015 3.3188345 3.0928832 3.0173183 2.4907718 2.5258384 2.8008257 2.6420946 2.7538454 2.7294828 3.0838919 3.1577313 3.0407533 3.0734795 2.8769491 2.8865052 2.8313712 2.9450745 2.6736021 2.8525098 3.0454861 2.9267266 3.0723863 3.0159822 2.8780158 2.6846481 3.4712816 3.1528871 3.2421567 3.1699325 3.3128244 3.5489037 3.6093453 2.6832725 0.3603287 0.3826860 0.3750874 0.4243974 0.0000000 0.4790128 0.5361108 0.5317138 0.8118257 1.0328524 1.3503379 3.6653959 3.9246191 3.0547370 3.4149026 3.9227583 
Lampan_Lpan_9758_01                                    3.0850696 3.0146326 2.5763319 3.1292560 2.8787786 3.1123752 2.8711278 2.7397918 2.4934212 2.3653353 2.6164517 2.5691482 2.6352895 2.5270911 2.8564382 3.1652451 3.0915319 2.9810217 2.8899267 2.8025823 2.7168513 2.9899616 2.7210510 2.7331065 2.9142278 2.9414421 2.9976054 2.9164878 2.8508588 2.5541653 3.3213913 2.8513081 3.3599814 3.1871191 3.1570729 3.6298525 3.9363225 2.6066008 0.4078151 0.3585000 0.3496494 0.4615304 0.4790128 0.0000000 0.5529392 0.5510635 0.9099349 1.0330116 1.1302889 3.7347805 3.7553362 2.8979201 3.1709063 3.8585052 
Pbac_sb2638090                                         3.0922820 2.7772068 2.5875131 2.9932199 2.8814728 3.3128947 2.8941299 2.8396301 2.6071038 2.4902988 2.5718793 2.4714933 2.5957108 2.5064214 2.8678174 3.1234523 2.9633570 2.9531746 2.9477316 2.7873607 2.6575824 2.9410036 2.7109667 2.8998714 3.1654664 3.0349156 3.1319434 3.0589031 2.8605169 2.8002043 3.6678633 3.3696570 3.5099035 3.0093093 2.9962874 3.7768443 4.0729057 2.6785581 0.4995894 0.5077222 0.5160742 0.5941920 0.5361108 0.5529392 0.0000000 0.0078661 0.8807495 1.1380160 1.2180855 3.6829084 3.9719855 3.2050757 3.1771039 3.7895039 
Horcal_Hcv1.av93.c6.g704.i1                            3.1156087 2.7754306 2.5862417 2.9848637 2.8569226 3.3157216 2.9022829 2.8468695 2.5932256 2.4850528 2.5555584 2.4642633 2.5927792 2.5073653 2.8651415 3.0964300 2.9949225 2.9449577 2.9338076 2.7784285 2.6342456 2.9370131 2.7148252 2.8932591 3.1504075 3.0429155 3.1409760 3.0660965 2.8778197 2.8142779 3.6678633 3.3923236 3.5196926 3.0098038 2.9919703 3.7684428 4.0792670 2.6380047 0.4926214 0.5020604 0.5101410 0.5874542 0.5317138 0.5510635 0.0078661 0.0000000 0.8754074 1.1345023 1.2236276 3.7175749 3.9861042 3.2301825 3.1756350 3.8212228 
Coeast_Cast_sb794814                                   3.1598845 3.0232068 2.9847538 3.3983373 3.2784704 3.7928908 3.0527069 3.1758816 2.5698384 2.6137581 2.9306808 2.5884533 2.8964820 2.8046658 3.0119193 2.9986092 3.0629814 3.1211689 2.9871523 3.1698972 2.6270735 3.2166888 2.7548598 3.0313720 3.3857566 3.4118062 3.4783993 3.2997909 3.0258324 2.3320368 5.3395864 0.0000010 4.1980342 2.9188741 2.9305400 3.4326509 3.6264753 2.9479230 0.7235259 0.7657275 0.8188812 0.8758730 0.8118257 0.9099349 0.8807495 0.8754074 0.0000000 0.0738353 0.7501892 3.7051568 3.6349648 3.5040323 1.9469896 4.2204956 
Coemet_Cmet_scaffold20671_01                           3.1569553 3.2581674 2.9911606 3.5695701 3.3610132 3.6617490 3.2232464 3.3054058 2.8557915 2.6274092 3.1078507 2.7285594 3.1353632 3.1017790 3.4696595 3.2812523 3.4131105 3.4306474 3.1702502 3.3085925 3.3044598 3.4526296 2.8769773 2.8995409 3.1410750 2.9885525 3.2110026 3.0876345 2.8366398 2.7333196 4.5697421 4.8225334 3.6346549 2.9711345 3.2986358 3.8112456 4.3190995 2.9941033 0.9971842 1.1308032 1.0553728 0.9857859 1.0328524 1.0330116 1.1380160 1.1345023 0.0738353 0.0000000 0.8147785 3.8757152 4.0153523 3.4274737 3.2064076 3.9732084 
Vmul_sbMO454918                                        2.5768775 2.7916821 2.4302099 3.1139342 3.0486684 3.3081408 3.0092454 2.7305813 2.3765759 2.2521841 2.6144777 2.4376953 2.6704076 2.5511509 2.8943285 2.7511244 2.7592029 3.0312729 2.8291845 3.0730034 2.9493459 2.8540892 2.7394865 2.7221255 2.8626541 2.8818589 2.8730320 2.8495499 2.7404048 2.8644170 3.7065202 3.5262410 3.6870715 2.6051335 3.2315857 3.3548556 4.0083156 2.5342372 1.1629419 1.1358156 1.1756142 1.2634857 1.3503379 1.1302889 1.2180855 1.2236276 0.7501892 0.8147785 0.0000000 3.3845287 3.5415589 3.0487635 3.3610395 3.1876341 
Scil_scict001293.1                                     3.5324183 3.5797225 2.8343113 3.7185958 4.0276291 3.9964130 3.4617753 3.3023023 3.5426148 3.2349544 3.2590464 3.0626171 3.4729254 3.5071781 3.4441359 3.7167022 3.8320913 3.9667916 3.4981443 3.4500827 2.1453321 3.1032250 3.0867561 3.3169701 3.5144377 3.7044322 3.5989388 3.5464896 3.5278956 4.4816266 5.6438604 7.7654521 5.4673231 3.3176640 3.8151977 3.7106512 2.4770532 2.9941922 3.7536925 3.0105844 3.5975175 3.3313030 3.6653959 3.7347805 3.6829084 3.7175749 3.7051568 3.8757152 3.3845287 0.0000000 2.5585381 3.5264280 3.5109679 2.8294129 
Lcom_lcpid43641                                        3.2449680 3.3761036 2.9223923 3.8229782 3.5813176 3.4608412 3.4560826 3.2527494 3.2800023 2.9526703 3.1381930 2.8020137 3.1050817 3.1435881 3.3883063 3.5282290 3.5757339 3.8570245 3.5417367 3.8456986 2.6852684 3.1476322 3.1317424 3.4435235 3.7219702 3.8186780 3.7240605 3.7839762 3.4424453 3.8063406 3.5630825 3.2132881 4.0722686 3.3801614 3.9005042 4.5376136 2.1342253 3.2757552 4.0414162 3.1265773 3.4631615 3.8217458 3.9246191 3.7553362 3.9719855 3.9861042 3.6349648 4.0153523 3.5415589 2.5585381 0.0000000 3.1901081 2.5540578 3.0509626 
Aque_Aqu2.1.35794_001                                  2.7271037 2.6515821 2.6389745 3.1776525 2.9443240 3.4271129 2.7823774 2.6200287 2.8766827 2.5104521 2.8161405 2.5548050 2.8957548 2.7542788 3.1685413 2.7912213 2.7581358 2.6265805 2.9139269 2.8423789 2.1541481 2.6964494 2.8251572 2.8071568 2.8667684 2.9508846 2.8420893 2.8469256 2.7869108 3.0852717 2.6224686 2.6068686 2.8927373 2.0912128 3.0590908 3.4249237 3.3967128 2.1103089 3.2213334 2.5997621 2.9252102 3.1492683 3.0547370 2.8979201 3.2050757 3.2301825 3.5040323 3.4274737 3.0487635 3.5264280 3.1901081 0.0000000 3.2085020 4.0288562 
Clacor_Ccor_scaffold14810_01                           3.0110785 2.8283599 1.6841962 3.1695623 2.9974842 3.4789107 2.9323608 2.9756049 3.2960497 2.2406778 2.9157439 2.4322981 2.7079476 2.7377073 3.1629198 3.5149625 3.2387441 3.1659382 3.4419979 3.2452855 2.5407112 2.5654576 2.7669098 2.8093355 2.8233056 2.8594884 2.8283519 2.7772943 2.8894147 2.8179264 3.5772748 3.4142000 3.7129242 3.4164368 2.9422510 3.7285855 2.6807385 3.4898478 2.9558407 3.0232873 3.0232873 3.1782792 3.4149026 3.1709063 3.1771039 3.1756350 1.9469896 3.2064076 3.3610395 3.5109679 2.5540578 3.2085020 0.0000000 3.0148760 
Leuniv_Lniv_scaffold11757_01                           3.4091219 3.7754372 3.3023788 3.6003236 3.4991702 3.3170072 3.3599117 3.3876902 3.5575274 3.5499777 3.8313959 2.9436314 3.7767819 3.7968907 3.8168616 3.9462593 3.9522010 3.7950295 3.3212965 3.0200605 2.5653256 3.4969724 2.8712654 4.2133384 4.6932047 4.5151430 4.5332441 4.5574869 3.8326134 4.8883017 3.5973202 4.4138896 4.1245565 3.0972280 4.0982211 4.5163656 2.3051956 3.0791920 4.0348631 2.5385120 3.8228843 3.8495080 3.9227583 3.8585052 3.7895039 3.8212228 4.2204956 3.9732084 3.1876341 2.8294129 3.0509626 4.0288562 3.0148760 0.0000000 
