38
Bralan_BLAG03000783_1                                  0.0000000 1.2632275 1.1602516 1.4701755 1.4666173 1.3111314 1.9709541 1.9954695 2.0612044 2.1938140 1.7975366 1.7006062 1.3595255 1.5016248 1.7888902 1.6721165 1.6765701 1.6889746 1.6905083 1.6860235 2.4487092 1.9283128 2.1940809 1.8195401 1.6943552 1.7259343 1.6092948 1.3386190 2.5775245 2.4157426 2.2916598 2.2980678 2.6445816 2.2268834 3.5921548 1.8709106 1.9003732 4.2402818 
Spur_XM_783829.5                                       1.2632275 0.0000000 0.9613387 1.3241195 1.5191294 1.5201678 1.7964432 1.8314226 2.0782962 1.8885479 1.7079172 1.7589609 1.3665320 1.2912303 1.6127342 1.6480274 1.6268938 1.6535593 1.6310625 1.6167758 2.1762782 1.4996088 1.9938186 1.7067168 1.8280770 1.6920735 1.6989991 1.4028830 2.5556104 2.2371145 2.2479813 2.3880112 2.1543058 2.2865086 2.9797195 1.8278619 2.1229364 4.4069869 
Skow_XM_006820478.1                                    1.1602516 0.9613387 0.0000000 1.0706568 1.1151967 1.4423966 1.7098661 1.7513189 1.7551383 1.8302927 1.6159421 1.6632940 1.0817190 1.1499483 1.5051839 1.4856640 1.4567329 1.4760465 1.4585518 1.4452963 2.1865683 1.4209088 1.8287677 1.7494895 1.6412402 1.7437194 1.5766466 1.1833016 2.1752635 1.9539521 1.8912376 1.9841714 2.8646436 1.9885097 2.3825067 1.6519618 1.7606513 5.1368389 
Cgig_XM_011422356.3                                    1.4701755 1.3241195 1.0706568 0.0000000 1.0789248 1.4434133 1.8287087 1.8204251 2.1741637 2.2504386 1.9773920 1.9038202 1.2883355 1.5862395 1.8458987 1.7596318 1.7675790 1.7973229 1.7895180 1.7635943 2.1902470 1.5517123 1.9600251 1.9362914 1.7266516 1.9172699 1.8010432 1.4096479 2.7195495 2.2293608 2.0787971 2.0707848 2.3611730 2.0228364 2.4517038 1.9442333 2.0971728 5.4786581 
Acagra_model.g2076.t1_model.g2078.t1                   1.4666173 1.5191294 1.1151967 1.0789248 0.0000000 1.6849421 1.9808211 1.9847456 2.5950374 2.2118712 1.8920089 1.9165461 1.3628352 1.8022744 2.1464081 2.0633299 2.0852419 2.0776982 2.0681440 2.0443066 2.5213571 1.8081212 2.0788203 1.8465984 1.8660004 2.1210893 2.0021881 1.6052162 2.9305754 2.4768727 2.7170805 2.4755354 2.5346649 2.4112879 3.3854412 2.0645849 2.0083992 5.2754186 
Cscu_XM_023378063.1                                    1.3111314 1.5201678 1.4423966 1.4434133 1.6849421 0.0000000 2.0491642 2.0281123 1.8472518 2.1954725 1.9412960 1.9544022 1.5260573 1.6202956 1.9762596 1.8560801 1.8616302 1.8775703 1.8809634 1.8532393 2.2402080 1.9030193 2.0767286 1.9092277 1.7721201 1.8051452 1.7739915 1.5964122 2.4088077 2.3061130 2.4866222 2.4457731 2.8385268 2.2932487 3.5062830 1.8207210 1.8347970 3.8486797 
Emue_Em0003g1408a.t1                                   1.9709541 1.7964432 1.7098661 1.8287087 1.9808211 2.0491642 0.0000000 0.2672356 1.1919523 2.1747998 1.7902820 1.8669235 1.9846847 1.8634022 2.2257591 2.1981117 2.1844362 2.1897788 2.1858634 2.2149118 1.7663750 1.2325496 1.4714810 2.0954834 2.2333536 2.1937996 2.1883787 1.6394151 2.7511018 2.7252322 2.4850745 2.5519587 2.4133227 2.3250607 3.4394042 2.2189789 2.3833781 1.7763673 
Spolac_c102049_g1_i2_m.27759c102049-g1                 1.9954695 1.8314226 1.7513189 1.8204251 1.9847456 2.0281123 0.2672356 0.0000000 1.0685012 2.1414016 1.7659153 1.8795302 2.0173207 1.8933373 2.2501879 2.1821643 2.1871404 2.2199593 2.2166120 2.1617420 1.7074139 1.2098824 1.4470606 1.9875376 2.2278304 2.0969019 2.2653431 1.6543795 2.8233292 2.7026636 2.6731515 2.5783058 2.4253693 2.4240524 3.3070116 2.2247104 2.3935173 2.0073382 
Tetwil_g27066.t1                                       2.0612044 2.0782962 1.7551383 2.1741637 2.5950374 1.8472518 1.1919523 1.0685012 0.0000000 2.4794707 2.4794707 1.9659834 1.8292756 2.5930621 2.5786296 2.5387729 2.5387729 2.4957579 2.4957579 2.4572669 2.4139365 2.4593379 2.1650224 2.3108462 2.1401488 2.1854311 2.0052794 0.0000010 1.8316918 1.9142325 2.4390718 2.2795709 1.5400305 2.1605267 2.2785639 2.4899366 2.4853973 0.0000010 
Ocar_g2064                                             2.1938140 1.8885479 1.8302927 2.2504386 2.2118712 2.1954725 2.1747998 2.1414016 2.4794707 0.0000000 0.0199753 1.0964942 2.0765381 1.8525157 2.3284367 2.2072677 2.2385707 2.2835853 2.2697850 2.1397406 2.5063594 1.8367652 2.4059120 2.2193211 1.9673594 2.0939418 1.9952420 1.5010024 3.1952779 3.0753046 3.2090311 3.1132158 3.4913101 3.0022749 3.8415677 2.5649386 2.2258689 6.8879398 
Opea_EP00118_Oscarella_pearsei_P025351                 1.7975366 1.7079172 1.6159421 1.9773920 1.8920089 1.9412960 1.7902820 1.7659153 2.4794707 0.0199753 0.0000000 0.9338746 1.8811391 1.7471442 2.0518218 2.0214753 2.0442858 2.0686955 2.0705504 1.9660342 2.0280108 1.5860558 1.8827236 1.9388331 1.8080881 1.8608363 1.8569948 1.3749812 2.7961836 2.7150423 2.8068900 2.5599787 3.2434091 2.5662045 3.6969881 2.3281585 2.1691144 6.8879398 
Plajan_Pjan_C567252_01                                 1.7006062 1.7589609 1.6632940 1.9038202 1.9165461 1.9544022 1.8669235 1.8795302 1.9659834 1.0964942 0.9338746 0.0000000 1.7502269 1.7620511 2.0377384 2.0374258 2.0552075 2.1230632 2.1561931 2.1323359 2.1092595 1.7093225 1.9635611 2.0182744 1.8880921 1.8400888 1.9328972 1.3715399 2.8558306 2.6108826 2.6885384 2.5915424 3.0210576 2.5799821 3.5933513 2.2745749 2.3991341 4.3254656 
Ctel_gnl_WGS_AMQN_CAPTEDRAFT_mRNA172625                1.3595255 1.3665320 1.0817190 1.2883355 1.3628352 1.5260573 1.9846847 2.0173207 1.8292756 2.0765381 1.8811391 1.7502269 0.0000000 1.5572082 1.9052862 1.8104037 1.8057304 1.8374452 1.8261943 1.8149866 2.5173227 1.7271466 2.2035578 1.8806298 1.7702645 1.8072524 1.5922186 1.6122677 2.8449534 2.5227783 2.4093865 2.2607808 2.6424642 2.2564781 3.1410876 2.2157669 2.1854988 5.4585553 
Tadh_TriadT18249                                       1.5016248 1.2912303 1.1499483 1.5862395 1.8022744 1.6202956 1.8634022 1.8933373 2.5930621 1.8525157 1.7471442 1.7620511 1.5572082 0.0000000 0.0167088 0.2825043 0.2772116 0.2885644 0.2850700 0.2821261 2.3373428 2.1569631 2.1733145 1.8440032 1.8412213 1.7968502 1.7063992 1.6157296 3.1691713 2.6142538 2.2563888 2.2268793 1.2999158 2.1466356 3.0499375 1.7196781 2.1637566 0.0000010 
TrH2_TrispH2_000899-RA                                 1.7888902 1.6127342 1.5051839 1.8458987 2.1464081 1.9762596 2.2257591 2.2501879 2.5786296 2.3284367 2.0518218 2.0377384 1.9052862 0.0167088 0.0000000 0.2816589 0.2737092 0.2771083 0.2791475 0.2808920 2.8518277 2.2122411 2.5335696 2.1457960 2.1503738 2.0674170 1.9390994 1.6018545 3.5431675 3.0853208 2.7180053 2.6719555 2.7425679 2.4786772 3.4959213 2.0512793 2.6370528 5.0323677 
HoiH06_mRNA1127                                        1.6721165 1.6480274 1.4856640 1.7596318 2.0633299 1.8560801 2.1981117 2.1821643 2.5387729 2.2072677 2.0214753 2.0374258 1.8104037 0.2825043 0.2816589 0.0000000 0.0242791 0.1097918 0.1193567 0.2017310 2.6957174 2.0437093 2.3381124 2.0757637 2.0019713 1.9842640 1.9145813 1.5923623 3.4511709 2.9552450 2.6394274 2.5934909 2.6544691 2.4310803 3.2933160 2.0492009 2.5859023 5.2740107 
HoiH23_PlH23_005418-RA                                 1.6765701 1.6268938 1.4567329 1.7675790 2.0852419 1.8616302 2.1844362 2.1871404 2.5387729 2.2385707 2.0442858 2.0552075 1.8057304 0.2772116 0.2737092 0.0242791 0.0000000 0.0987008 0.1081560 0.1868232 2.7095426 2.0839492 2.3576219 2.0978758 2.0158143 1.9952211 1.9228778 1.6127056 3.5020327 2.9730334 2.6726973 2.6170624 2.6908700 2.4574823 3.4294534 2.0330018 2.5818290 5.2096766 
Hhon_g03136.t1                                         1.6889746 1.6535593 1.4760465 1.7973229 2.0776982 1.8775703 2.1897788 2.2199593 2.4957579 2.2835853 2.0686955 2.1230632 1.8374452 0.2885644 0.2771083 0.1097918 0.0987008 0.0000000 0.0085258 0.2021583 2.7394382 2.1144791 2.3583458 2.1734843 2.1157279 2.0516769 1.9619740 1.5847889 3.2724106 2.8939417 2.6696084 2.6260775 2.7392313 2.3974279 3.3326655 2.0373662 2.6571779 4.9035631 
HoiH04_mRNA12392                                       1.6905083 1.6310625 1.4585518 1.7895180 2.0681440 1.8809634 2.1858634 2.2166120 2.4957579 2.2697850 2.0705504 2.1561931 1.8261943 0.2850700 0.2791475 0.1193567 0.1081560 0.0085258 0.0000000 0.2142193 2.7254766 2.0975380 2.3719018 2.1453052 2.1021021 2.0226382 1.9341779 1.6156997 3.4051712 2.9591816 2.7042801 2.6463541 2.7392313 2.4477085 3.3326655 2.0218769 2.6548049 4.9035631 
HoiH11_mRNA3992                                        1.6860235 1.6167758 1.4452963 1.7635943 2.0443066 1.8532393 2.2149118 2.1617420 2.4572669 2.1397406 1.9660342 2.1323359 1.8149866 0.2821261 0.2808920 0.2017310 0.1868232 0.2021583 0.2142193 0.0000000 2.6350207 2.1333642 2.4287063 2.1277892 1.9891827 2.0297388 1.9594660 1.5991970 3.5258984 2.9750737 2.7002050 2.6653491 2.6598764 2.4180307 3.6015118 2.1029963 2.4201810 5.1286552 
Aque_Aqu2.1.21164_001                                  2.4487092 2.1762782 2.1865683 2.1902470 2.5213571 2.2402080 1.7663750 1.7074139 2.4139365 2.5063594 2.0280108 2.1092595 2.5173227 2.3373428 2.8518277 2.6957174 2.7095426 2.7394382 2.7254766 2.6350207 0.0000000 0.8214494 1.0701983 2.4750527 2.2549396 2.5182235 2.5504895 1.8518881 2.7806434 2.8350546 2.9113008 2.7458698 3.8810396 2.7058735 3.6893237 2.4395511 2.6199070 6.3544903 
Xestes_maker-XT_scaffold5134-augustus-gene-0.50-mRNA-1 1.9283128 1.4996088 1.4209088 1.5517123 1.8081212 1.9030193 1.2325496 1.2098824 2.4593379 1.8367652 1.5860558 1.7093225 1.7271466 2.1569631 2.2122411 2.0437093 2.0839492 2.1144791 2.0975380 2.1333642 0.8214494 0.0000000 0.5019590 1.8415351 1.8237837 1.7534200 1.8679716 1.8411843 2.7526381 2.3875987 2.2760486 2.2758586 1.5415807 2.0600139 3.0638252 1.8828898 2.2890526 0.0000010 
Halamb_c52194_g1_i1mm.4384                             2.1940809 1.9938186 1.8287677 1.9600251 2.0788203 2.0767286 1.4714810 1.4470606 2.1650224 2.4059120 1.8827236 1.9635611 2.2035578 2.1733145 2.5335696 2.3381124 2.3576219 2.3583458 2.3719018 2.4287063 1.0701983 0.5019590 0.0000000 2.0641515 2.1076823 2.1498357 2.1810555 1.8107875 2.9347334 2.7003052 2.4565967 2.4762059 2.7839312 2.3440236 3.3137905 2.1688291 2.5119863 3.2431610 
Scil_scict018690.1                                     1.8195401 1.7067168 1.7494895 1.9362914 1.8465984 1.9092277 2.0954834 1.9875376 2.3108462 2.2193211 1.9388331 2.0182744 1.8806298 1.8440032 2.1457960 2.0757637 2.0978758 2.1734843 2.1453052 2.1277892 2.4750527 1.8415351 2.0641515 0.0000000 0.6813480 0.6798307 0.6169316 1.1199469 3.0253158 2.6827978 2.4609890 2.4492496 2.4511422 2.5016869 3.1645796 2.0266787 2.2768810 3.1750222 
Lcom_lcpid51714                                        1.6943552 1.8280770 1.6412402 1.7266516 1.8660004 1.7721201 2.2333536 2.2278304 2.1401488 1.9673594 1.8080881 1.8880921 1.7702645 1.8412213 2.1503738 2.0019713 2.0158143 2.1157279 2.1021021 1.9891827 2.2549396 1.8237837 2.1076823 0.6813480 0.0000000 0.6589327 0.5912202 1.1034653 2.7632073 2.4720900 2.4620791 2.4465840 2.2324737 2.4789015 2.8683474 2.0185953 2.3259886 4.9783504 
Gracom_Gcom_scaffold15234_01                           1.7259343 1.6920735 1.7437194 1.9172699 2.1210893 1.8051452 2.1937996 2.0969019 2.1854311 2.0939418 1.8608363 1.8400888 1.8072524 1.7968502 2.0674170 1.9842640 1.9952211 2.0516769 2.0226382 2.0297388 2.5182235 1.7534200 2.1498357 0.6798307 0.6589327 0.0000000 0.4805759 1.1107271 2.9462680 2.7349261 2.5616364 2.6487232 2.8177615 2.5508620 3.4607598 2.1261754 2.3777704 5.0969010 
Leuniv_Lniv_C812544_01                                 1.6092948 1.6989991 1.5766466 1.8010432 2.0021881 1.7739915 2.1883787 2.2653431 2.0052794 1.9952420 1.8569948 1.9328972 1.5922186 1.7063992 1.9390994 1.9145813 1.9228778 1.9619740 1.9341779 1.9594660 2.5504895 1.8679716 2.1810555 0.6169316 0.5912202 0.4805759 0.0000000 0.9950037 3.1463317 2.8503354 2.6228484 2.5451839 2.8413832 2.4819281 3.5252708 1.9564254 2.3131567 4.2636701 
Clacor_Ccor_C532589_01                                 1.3386190 1.4028830 1.1833016 1.4096479 1.6052162 1.5964122 1.6394151 1.6543795 0.0000010 1.5010024 1.3749812 1.3715399 1.6122677 1.6157296 1.6018545 1.5923623 1.6127056 1.5847889 1.6156997 1.5991970 1.8518881 1.8411843 1.8107875 1.1199469 1.1034653 1.1107271 0.9950037 0.0000000 2.8226754 2.7144061 2.4204471 2.2742276 0.3623525 2.3630115 4.2325428 1.4910686 1.6879870 0.0000010 
Pbac_sb2652445                                         2.5775245 2.5556104 2.1752635 2.7195495 2.9305754 2.4088077 2.7511018 2.8233292 1.8316918 3.1952779 2.7961836 2.8558306 2.8449534 3.1691713 3.5431675 3.4511709 3.5020327 3.2724106 3.4051712 3.5258984 2.7806434 2.7526381 2.9347334 3.0253158 2.7632073 2.9462680 3.1463317 2.8226754 0.0000000 0.2984582 1.3129423 1.3008773 3.9979785 1.2228069 2.1151151 2.7004011 3.3809306 5.8959688 
Horcal_Hcv1.av93.c5.g1229.i1                           2.4157426 2.2371145 1.9539521 2.2293608 2.4768727 2.3061130 2.7252322 2.7026636 1.9142325 3.0753046 2.7150423 2.6108826 2.5227783 2.6142538 3.0853208 2.9552450 2.9730334 2.8939417 2.9591816 2.9750737 2.8350546 2.3875987 2.7003052 2.6827978 2.4720900 2.7349261 2.8503354 2.7144061 0.2984582 0.0000000 0.9245424 0.9005231 0.8262895 0.8216817 1.1600712 2.5082367 2.8591559 6.3418259 
Vmul_SimC403514                                        2.2916598 2.2479813 1.8912376 2.0787971 2.7170805 2.4866222 2.4850745 2.6731515 2.4390718 3.2090311 2.8068900 2.6885384 2.4093865 2.2563888 2.7180053 2.6394274 2.6726973 2.6696084 2.7042801 2.7002050 2.9113008 2.2760486 2.4565967 2.4609890 2.4620791 2.5616364 2.6228484 2.4204471 1.3129423 0.9245424 0.0000000 0.5927690 0.9074217 0.8027006 1.3748553 2.4349484 2.9125245 5.2538768 
Coemet_Cmet_scaffold22158_01                           2.2980678 2.3880112 1.9841714 2.0707848 2.4755354 2.4457731 2.5519587 2.5783058 2.2795709 3.1132158 2.5599787 2.5915424 2.2607808 2.2268793 2.6719555 2.5934909 2.6170624 2.6260775 2.6463541 2.6653491 2.7458698 2.2758586 2.4762059 2.4492496 2.4465840 2.6487232 2.5451839 2.2742276 1.3008773 0.9005231 0.5927690 0.0000000 0.8681320 0.6604358 1.1712837 2.5052192 2.9863148 6.8039181 
Drygla_Dgla_sb291142                                   2.6445816 2.1543058 2.8646436 2.3611730 2.5346649 2.8385268 2.4133227 2.4253693 1.5400305 3.4913101 3.2434091 3.0210576 2.6424642 1.2999158 2.7425679 2.6544691 2.6908700 2.7392313 2.7392313 2.6598764 3.8810396 1.5415807 2.7839312 2.4511422 2.2324737 2.8177615 2.8413832 0.3623525 3.9979785 0.8262895 0.9074217 0.8681320 0.0000000 0.7893063 0.7980512 2.6179153 2.6073932 4.1524126 
Lampan_Lpan_11703_01                                   2.2268834 2.2865086 1.9885097 2.0228364 2.4112879 2.2932487 2.3250607 2.4240524 2.1605267 3.0022749 2.5662045 2.5799821 2.2564781 2.1466356 2.4786772 2.4310803 2.4574823 2.3974279 2.4477085 2.4180307 2.7058735 2.0600139 2.3440236 2.5016869 2.4789015 2.5508620 2.4819281 2.3630115 1.2228069 0.8216817 0.8027006 0.6604358 0.7893063 0.0000000 0.9795175 2.3894297 2.6251830 4.8051414 
Eupdun_Edun_sb10665839                                 3.5921548 2.9797195 2.3825067 2.4517038 3.3854412 3.5062830 3.4394042 3.3070116 2.2785639 3.8415677 3.6969881 3.5933513 3.1410876 3.0499375 3.4959213 3.2933160 3.4294534 3.3326655 3.3326655 3.6015118 3.6893237 3.0638252 3.3137905 3.1645796 2.8683474 3.4607598 3.5252708 4.2325428 2.1151151 1.1600712 1.3748553 1.1712837 0.7980512 0.9795175 0.0000000 3.0193163 3.2738787 4.7466784 
Dpul_mRNA5962                                          1.8709106 1.8278619 1.6519618 1.9442333 2.0645849 1.8207210 2.2189789 2.2247104 2.4899366 2.5649386 2.3281585 2.2745749 2.2157669 1.7196781 2.0512793 2.0492009 2.0330018 2.0373662 2.0218769 2.1029963 2.4395511 1.8828898 2.1688291 2.0266787 2.0185953 2.1261754 1.9564254 1.4910686 2.7004011 2.5082367 2.4349484 2.5052192 2.6179153 2.3894297 3.0193163 0.0000000 2.0112327 4.3711431 
Tcas_TC004404_001                                      1.9003732 2.1229364 1.7606513 2.0971728 2.0083992 1.8347970 2.3833781 2.3935173 2.4853973 2.2258689 2.1691144 2.3991341 2.1854988 2.1637566 2.6370528 2.5859023 2.5818290 2.6571779 2.6548049 2.4201810 2.6199070 2.2890526 2.5119863 2.2768810 2.3259886 2.3777704 2.3131567 1.6879870 3.3809306 2.8591559 2.9125245 2.9863148 2.6073932 2.6251830 3.2738787 2.0112327 0.0000000 4.6137453 
Stycar_maker-SC_scaffold2522-augustus-gene-0.3-mRNA-1  4.2402818 4.4069869 5.1368389 5.4786581 5.2754186 3.8486797 1.7763673 2.0073382 0.0000010 6.8879398 6.8879398 4.3254656 5.4585553 0.0000010 5.0323677 5.2740107 5.2096766 4.9035631 4.9035631 5.1286552 6.3544903 0.0000010 3.2431610 3.1750222 4.9783504 5.0969010 4.2636701 0.0000010 5.8959688 6.3418259 5.2538768 6.8039181 4.1524126 4.8051414 4.7466784 4.3711431 4.6137453 0.0000000 
