58
Hsap_ENST00000565975                                 0.0000000 1.2687138 1.2429525 1.2713966 1.2835847 1.6316843 1.3501196 1.3067730 1.4398921 1.3903728 1.6847338 1.3830396 1.3582145 1.4766153 1.2678663 1.7799402 1.4641428 1.5808784 1.5484130 1.6539486 1.9536166 1.4883913 1.2643275 1.4971161 1.4197611 1.6963434 1.7034687 2.8268527 1.6485208 1.6766196 1.6702725 1.2249082 1.8017948 1.8378637 1.8264974 2.1568268 2.0598786 1.7648155 1.5548234 2.2623243 2.0789846 1.9227355 2.1543558 2.0696034 1.9794630 2.1187887 2.0889198 2.6590792 2.7030386 2.8268512 2.6863357 2.7797329 2.3944477 2.6038702 2.5389549 2.6585566 2.9587256 2.0243714 
Bralan_BLAG01001806_2                                1.2687138 0.0000000 0.9873681 1.0351638 1.3539452 1.4705583 1.2772087 1.1587634 1.2145299 1.1839315 1.5664443 1.3482126 1.2507390 1.5611881 1.2763560 1.5899409 1.5192610 1.5696983 1.4757258 1.4314940 1.7196200 1.3120175 1.2019280 1.1918321 1.5346024 1.7845285 1.5953320 2.5205515 1.6436661 1.5709703 1.5022904 1.2363784 1.7241662 1.6630190 1.6883287 2.0434261 1.9108975 1.8476342 1.7350110 2.3898450 1.8712989 1.6759414 1.9663798 1.8504651 1.8457893 2.0503753 2.0192187 2.3417739 2.3970191 2.5035995 2.4419568 2.5738478 2.6094462 2.4757938 2.5273667 2.4720540 2.6272164 2.1521085 
Cgig_XM_034443091.1                                  1.2429525 0.9873681 0.0000000 0.8898844 1.1786873 1.3060461 1.0936968 1.2664879 1.2194628 1.2020472 1.6763001 1.3579913 1.3505683 1.4303943 0.9314449 1.4545161 1.5573866 1.4867487 1.4702493 1.3002376 1.7284734 1.2117256 1.0977468 1.2499953 1.3075529 1.7651853 1.7104457 2.3617714 1.4865511 1.5762139 1.5275699 1.2076291 1.6156883 1.6046964 1.7672765 2.0399214 1.7933626 1.7889149 1.6691251 2.1837058 1.9945081 1.8091201 1.9711201 1.8503335 2.0774990 2.0408100 2.0921282 2.5287720 2.5845348 2.6431216 2.4887663 2.4590323 2.5046412 2.4865386 2.5099353 2.3690288 3.6988515 2.0843447 
Acagra_model.g14125.t1.1.5d3b8787                    1.2713966 1.0351638 0.8898844 0.0000000 1.1473964 1.4320173 1.2496815 1.3400078 1.3157914 1.4018304 1.7416909 1.4614787 1.3927343 1.6052950 1.0567269 1.6711709 1.5935032 1.7207610 1.7332752 1.5325935 2.0604898 1.3351102 1.1941236 1.1775569 1.4486701 1.8217835 1.6738881 2.5855868 1.5751098 1.5367256 1.6306306 1.1963663 1.7472818 1.6739640 1.7635824 2.0210363 2.0098251 1.9274508 1.5505237 2.1248662 2.0370879 1.8426415 2.1724218 2.0024605 2.0869273 2.1553391 2.0112664 2.3639770 2.4400948 2.5472725 2.4137497 2.4904763 2.3139522 2.3266452 2.3343383 2.4556194 3.0072903 2.5154798 
Skow_XM_006818987.1                                  1.2835847 1.3539452 1.1786873 1.1473964 0.0000000 1.5444083 1.3920869 1.2697189 1.4236017 1.2830866 1.7604045 1.4752409 1.3480024 1.4441879 1.0178402 1.6031304 1.5865683 1.5308659 1.4759262 1.4813076 1.7922855 1.3137004 1.2528853 1.4491090 1.3548460 1.7325912 1.7107018 2.5948572 1.6101290 1.5871937 1.5561255 1.2167274 1.6161702 1.6032092 1.6733522 1.9702355 1.7843551 1.7376593 1.6485286 2.2045027 1.9644195 1.7993850 2.0409338 1.9439572 2.1592768 2.0746553 2.1355725 2.4551114 2.3787124 2.7206845 2.4983780 2.4023726 2.2946373 2.3118200 2.2772641 2.3664165 2.0182055 2.2431935 
Tcas_TC015223_001                                    1.6316843 1.4705583 1.3060461 1.4320173 1.5444083 0.0000000 1.4919298 1.4581432 1.4101744 1.5013439 1.8789931 1.5387951 1.5407825 1.5449776 1.0323776 1.5821705 1.7792526 1.7194978 1.6900729 1.6315081 1.7114228 1.1734294 1.3309970 1.3585930 1.6605134 1.8223999 1.8208221 2.5518392 1.8495926 1.7220651 1.6580113 1.4800155 2.0102356 1.9175187 1.8996210 2.1874120 1.9227532 1.9217706 1.0038926 2.6311020 2.2949694 2.0572525 2.3258252 2.1949687 2.3742977 2.3046456 2.1495315 2.7006444 2.6266125 2.6157852 2.4832679 2.5697365 2.2918178 2.3665211 2.3749079 2.4457142 3.3927556 2.4104508 
Exapal_XM_021038931.2                                1.3501196 1.2772087 1.0936968 1.2496815 1.3920869 1.4919298 0.0000000 0.6206712 0.7378503 0.8032151 0.8288008 0.6721369 0.6142259 1.3522315 1.0428782 1.4355171 1.5131287 1.3418443 1.3255158 1.2367322 1.4982681 0.6256290 1.5145279 1.3562546 1.5967720 1.8081245 1.8154238 2.5271421 1.7070941 1.6458951 1.8045142 1.2211669 1.6121853 1.6313018 1.8077335 1.8358554 1.9609084 1.5765962 1.7461137 1.7348577 2.0622463 1.8830397 2.1456024 2.0643672 2.0085848 2.3855533 2.0108839 2.5848739 2.6415340 2.7611846 2.6123252 2.9040355 2.5263047 2.6209450 2.5989895 2.5607133 2.9867722 2.1713098 
Nvec_v1g243901                                       1.3067730 1.1587634 1.2664879 1.3400078 1.2697189 1.4581432 0.6206712 0.0000000 0.6549609 0.7473759 0.7563433 0.6386015 0.6164331 1.3846854 0.9967109 1.4050685 1.6685550 1.1793866 1.1614442 1.1087525 1.3292555 0.6014747 1.4193329 1.4877907 1.6418670 1.7510793 1.6838572 2.2740676 1.7354221 1.7562893 1.6958760 1.4173721 1.8227859 1.7958704 1.7867613 1.7890412 1.8113966 1.4233927 1.6427080 2.0903787 2.0759220 1.9377898 2.2081959 2.1235426 2.0562939 2.2779895 1.9990743 2.3550698 2.5138256 2.8433414 2.6392197 2.6767863 2.3772434 2.5276240 2.6154364 2.3740269 2.6431964 2.3607891 
Adig_XM_015905693.1                                  1.4398921 1.2145299 1.2194628 1.3157914 1.4236017 1.4101744 0.7378503 0.6549609 0.0000000 0.0250125 0.5277212 0.4319581 0.4044613 1.0601082 0.7293637 1.4993728 1.6935117 1.0658264 1.1565290 1.1970154 1.2619877 0.3309800 1.5195717 1.2713250 1.4397798 1.5036628 1.5173643 3.4849955 1.1349018 1.4072650 1.4254103 0.9657208 1.7388931 1.6824753 1.4281780 1.7096163 1.5330075 1.4066744 1.5930005 1.7333260 1.5130872 1.5189487 1.5053857 1.4349048 1.5797506 1.8680728 1.5520655 1.9480349 2.0916580 2.3516688 2.1793291 2.3975407 2.0729514 2.2340309 2.3241400 2.1656081 2.0308048 1.7971050 
Amil_Amillepora22214-RA                              1.3903728 1.1839315 1.2020472 1.4018304 1.2830866 1.5013439 0.8032151 0.7473759 0.0250125 0.0000000 0.4154522 0.3995126 0.3981250 1.2061948 0.8096361 1.5837802 1.6202656 1.2116319 1.2165159 1.2213951 1.3180984 0.3119545 1.6248603 1.4128389 1.5045946 1.8704471 1.7307928 2.7210402 1.5568771 1.5743199 1.6955823 1.2839144 1.6103100 1.6033595 1.5691810 1.7294113 1.7589758 1.4589405 1.7307737 2.2883469 1.7304325 1.6581310 1.8628745 1.7745892 1.7699435 1.9594602 1.7375214 2.2580959 2.5024006 2.6423523 2.5125675 2.6892755 2.6717919 2.7565106 2.8175964 2.4781560 2.6710014 2.2057509 
Fspp_ffun1.m4.16199.m1                               1.6847338 1.5664443 1.6763001 1.7416909 1.7604045 1.8789931 0.8288008 0.7563433 0.5277212 0.4154522 0.0000000 0.3549328 0.3917983 1.6670032 1.1064551 1.8473670 1.8507908 1.4280599 1.3984086 1.3519578 1.5029262 0.3612748 2.0217483 1.7772157 1.9143773 2.1204079 2.0160297 3.1363194 2.2069033 1.9041264 2.0681798 1.5815290 1.9928718 1.9466989 1.9335052 2.3214738 2.1499509 1.8685031 2.2422781 2.5537319 2.1547538 1.9133842 2.3413379 2.1991869 2.4598016 2.3541296 2.2431037 2.4310630 2.6810138 2.9449648 2.8565144 2.9761655 2.8346630 2.7839042 2.8202182 2.8645191 3.1446496 2.7391737 
Gasp_gasp1.m3.112.m1                                 1.3830396 1.3482126 1.3579913 1.4614787 1.4752409 1.5387951 0.6721369 0.6386015 0.4319581 0.3995126 0.3549328 0.0000000 0.3206543 1.3424420 0.9460254 1.5805335 1.5914011 1.1893110 1.2342595 1.1973963 1.3600363 0.4495276 1.5734487 1.5231749 1.6460964 1.8269114 1.7770548 2.6511962 1.7627083 1.6569110 1.8391604 1.3579654 1.5714598 1.5935904 1.7104186 1.8261276 1.8144678 1.5722636 1.9296801 1.9313454 2.0268298 1.8389896 2.2010974 2.1080802 2.1857940 2.3034189 1.8991298 2.2061858 2.3148052 2.5709364 2.4911732 2.5517011 2.5024747 2.4215418 2.4385195 2.4469892 2.2810417 2.2582986 
Spis_XP_022807905_1                                  1.3582145 1.2507390 1.3505683 1.3927343 1.3480024 1.5407825 0.6142259 0.6164331 0.4044613 0.3981250 0.3917983 0.3206543 0.0000000 1.3511477 0.9287546 1.5440450 1.4854745 1.2052186 1.2509867 1.1392068 1.2908985 0.3428113 1.6185106 1.4029411 1.5957477 1.8277315 1.7107717 2.6202448 1.6834993 1.6040099 1.8744732 1.2788197 1.6177758 1.5544317 1.7203067 1.8831359 1.8316749 1.5861758 1.8626585 2.1636951 1.8830474 1.7536855 2.0235146 1.9759431 2.0655212 2.1451981 1.8292509 2.2851965 2.4021908 2.7113122 2.5764751 2.7557811 2.4997760 2.4911033 2.5447989 2.4594337 2.8529149 2.2746806 
Dgig_XM_028544577.1                                  1.4766153 1.5611881 1.4303943 1.6052950 1.4441879 1.5449776 1.3522315 1.3846854 1.0601082 1.2061948 1.6670032 1.3424420 1.3511477 0.0000000 0.3943682 1.5509808 1.7230643 1.4441600 1.4300897 1.5415329 1.8377101 1.1188460 1.6393902 1.6309834 1.6335403 2.0464765 2.0226924 3.1003986 1.7628837 1.7658758 1.9953349 1.5774010 1.7910035 1.7102326 1.8794753 2.0344175 1.9936771 2.0243598 1.8912012 2.6870433 2.2541653 2.1232339 2.3253403 2.2194885 2.1736183 2.3068302 2.2094550 2.4725148 2.6851336 2.8577923 2.6532535 2.5560600 2.4933759 2.6667707 2.6746242 2.5245139 2.9258087 2.3166545 
Xesp_004638-T1                                       1.2678663 1.2763560 0.9314449 1.0567269 1.0178402 1.0323776 1.0428782 0.9967109 0.7293637 0.8096361 1.1064551 0.9460254 0.9287546 0.3943682 0.0000000 0.9721607 1.3914777 1.0033812 1.0467552 1.1647637 1.2483387 0.9627774 1.1837725 1.3571770 1.1902181 1.6826066 1.7408148 3.2450888 1.7262112 1.5193750 1.5506107 1.5932910 1.3715218 1.5860431 1.2775899 1.3939847 1.2968251 1.5461354 1.0071261 3.9200270 1.7760321 1.5909265 1.9538500 1.7994132 1.7201295 1.8963754 1.8112424 1.9660201 2.1797787 2.2404585 1.8706138 1.9194658 1.7661343 2.0089172 2.0200094 2.0788669 0.0000010 2.5356527 
Chem_TCONS_00023419                                  1.7799402 1.5899409 1.4545161 1.6711709 1.6031304 1.5821705 1.4355171 1.4050685 1.4993728 1.5837802 1.8473670 1.5805335 1.5440450 1.5509808 0.9721607 0.0000000 0.9336227 1.1360877 1.1741742 1.1690420 1.2554784 1.2270519 1.5876890 1.6977845 1.9276677 1.8569170 1.8913870 2.8560647 1.8744867 1.8697329 2.1034212 1.5861202 1.9054034 1.8559036 1.8929556 2.2060856 2.0562869 1.9125606 2.2621776 2.6373269 2.2801468 2.0426291 2.3512735 2.2118463 2.2315640 2.3787603 2.2464727 2.6975535 2.5497830 2.8597795 2.6236694 2.6461814 2.7438196 2.9315678 2.8807147 2.5455216 3.7547979 3.1209108 
Hvul_g2498_1                                         1.4641428 1.5192610 1.5573866 1.5935032 1.5865683 1.7792526 1.5131287 1.6685550 1.6935117 1.6202656 1.8507908 1.5914011 1.4854745 1.7230643 1.3914777 0.9336227 0.0000000 1.1757381 1.1305710 1.0563815 1.3053426 1.0211569 1.5388234 1.7723433 1.8253555 2.1025085 2.1146278 3.1143323 2.0002379 2.0412733 2.1668737 1.8697527 2.1504685 2.0928061 2.3450429 2.3328712 2.2583394 2.1110087 2.0464291 2.3645213 2.5731586 2.5000711 2.6495348 2.5431728 2.5765493 2.4675615 2.6074104 2.8349904 2.7997071 2.7100378 2.7222270 2.8268745 2.8432791 2.7238926 2.6139320 2.8056007 3.1514383 2.6494044 
Nemnom_g5232.t1                                      1.5808784 1.5696983 1.4867487 1.7207610 1.5308659 1.7194978 1.3418443 1.1793866 1.0658264 1.2116319 1.4280599 1.1893110 1.2052186 1.4441600 1.0033812 1.1360877 1.1757381 0.0000000 0.2872957 0.8157010 0.7091302 1.1228326 1.6729134 1.6041276 1.8361543 2.0253623 1.8589767 2.6927129 1.7770342 1.7682703 1.7880678 1.3865016 1.7712470 1.6145374 1.7216680 1.8382510 1.8601826 1.5624976 1.9817456 2.0322370 2.0614371 1.9277301 2.2095990 2.0565841 2.0987616 2.1762331 2.0290802 2.3578555 2.4117511 2.7234845 2.5211442 2.4665233 2.2794790 2.4847125 2.5099793 2.4724123 3.3421401 2.5402679 
Rhoesc_Res_006319-T1                                 1.5484130 1.4757258 1.4702493 1.7332752 1.4759262 1.6900729 1.3255158 1.1614442 1.1565290 1.2165159 1.3984086 1.2342595 1.2509867 1.4300897 1.0467552 1.1741742 1.1305710 0.2872957 0.0000000 0.8381417 0.7722434 1.2249361 1.6599869 1.6180771 1.7276017 2.0193483 1.8336003 2.4963109 1.8024139 1.8103544 1.7492730 1.3669936 1.7401936 1.6288503 1.7711487 1.8255352 1.7999345 1.4443473 1.9523457 2.1066442 2.0121417 1.8971458 2.1314566 1.9790603 2.0825570 2.0793456 1.9418490 2.3165460 2.3397853 2.6558709 2.4867083 2.3921184 2.3497581 2.5451345 2.5498272 2.3227583 3.3108512 2.5896861 
Morvir_scaffold62.g66.t1                             1.6539486 1.4314940 1.3002376 1.5325935 1.4813076 1.6315081 1.2367322 1.1087525 1.1970154 1.2213951 1.3519578 1.1973963 1.1392068 1.5415329 1.1647637 1.1690420 1.0563815 0.8157010 0.8381417 0.0000000 0.8987998 0.9881506 1.5032456 1.6525627 1.6641997 1.9270233 1.9207635 2.6535883 1.6911743 1.7138138 1.8188159 1.2861614 1.6674693 1.5643680 1.8398896 1.9818521 1.8798556 1.7164970 1.8124527 2.0637745 2.1611983 2.0145439 2.3002521 2.1390991 2.1990670 2.3695055 2.0599605 2.3636974 2.3189485 2.6187370 2.4498295 2.6664174 2.3858069 2.4264424 2.4787708 2.4306757 2.8165059 2.5470942 
Sanmal_Sma_018683-T1                                 1.9536166 1.7196200 1.7284734 2.0604898 1.7922855 1.7114228 1.4982681 1.3292555 1.2619877 1.3180984 1.5029262 1.3600363 1.2908985 1.8377101 1.2483387 1.2554784 1.3053426 0.7091302 0.7722434 0.8987998 0.0000000 1.1504648 1.9388344 2.0286233 1.9776567 1.9535856 1.8254446 2.6129302 1.8564330 1.7894914 2.1429380 1.4018199 1.8657959 1.7205440 1.7934142 1.9127793 1.8688767 1.7038172 2.3037103 2.3283023 2.1384725 2.0346510 2.1789717 2.0446282 2.0392187 2.3146286 2.1178656 2.4622440 2.4071058 2.6396636 2.4844178 2.5763648 2.2808206 2.4861751 2.4954791 2.4721029 2.9196707 2.6951894 
Gfas_gfas1.m1.18178.m1                               1.4883913 1.3120175 1.2117256 1.3351102 1.3137004 1.1734294 0.6256290 0.6014747 0.3309800 0.3119545 0.3612748 0.4495276 0.3428113 1.1188460 0.9627774 1.2270519 1.0211569 1.1228326 1.2249361 0.9881506 1.1504648 0.0000000 1.2723308 1.3766161 1.4850840 1.4897715 1.5590824 3.3697168 1.7904344 1.5221054 1.4582840 1.3921579 1.5308921 1.6719231 1.3019010 1.5080627 1.3968368 1.3602249 1.3219329 1.6696586 1.8410104 1.5889751 1.9648868 1.7827522 1.9170422 1.9787890 1.6941812 2.0313189 2.1280253 2.4107787 2.1497629 2.1555490 1.9857641 2.1239436 2.1281077 2.0426049 0.0000010 4.2581199 
Ctel_gnl_WGS_AMQN_CAPTEDRAFT_mRNA179917              1.2643275 1.2019280 1.0977468 1.1941236 1.2528853 1.3309970 1.5145279 1.4193329 1.5195717 1.6248603 2.0217483 1.5734487 1.6185106 1.6393902 1.1837725 1.5876890 1.5388234 1.6729134 1.6599869 1.5032456 1.9388344 1.2723308 0.0000000 1.3275213 1.3491132 1.8128356 1.7534887 2.4247882 1.5278115 1.5974927 1.7720708 1.1575903 1.8243109 1.7479532 1.8313227 2.1279343 1.9503710 1.8260521 1.5311391 2.5412777 1.9465539 1.6683234 2.0423960 1.9509090 1.8686563 1.9241062 1.9994662 2.3573466 2.2606232 2.3747752 2.2706961 2.3327903 2.2964716 2.3683714 2.3954832 2.0605366 3.0947320 2.6985047 
Cscu_XM_023359823.1                                  1.4971161 1.1918321 1.2499953 1.1775569 1.4491090 1.3585930 1.3562546 1.4877907 1.2713250 1.4128389 1.7772157 1.5231749 1.4029411 1.6309834 1.3571770 1.6977845 1.7723433 1.6041276 1.6180771 1.6525627 2.0286233 1.3766161 1.3275213 0.0000000 1.5788676 1.7312379 1.7242086 2.5266054 1.7780624 1.7261342 1.6446657 1.2643289 1.9408347 1.8242289 1.8750650 2.0940439 1.9638191 1.9040145 1.6397529 2.0241745 2.1912503 2.0462685 2.3649285 2.2812953 2.2143136 2.2975251 2.1817556 2.5467028 2.3513647 2.5099832 2.3951329 2.5412579 2.5102657 2.6466261 2.6339741 2.3855638 2.7729004 2.3112007 
Spur_XM_030991418.1                                  1.4197611 1.5346024 1.3075529 1.4486701 1.3548460 1.6605134 1.5967720 1.6418670 1.4397798 1.5045946 1.9143773 1.6460964 1.5957477 1.6335403 1.1902181 1.9276677 1.8253555 1.8361543 1.7276017 1.6641997 1.9776567 1.4850840 1.3491132 1.5788676 0.0000000 1.6617856 1.7462393 2.2901952 1.6164114 1.6849378 1.7028064 1.2375319 1.8944180 1.8934873 1.7178827 1.9241237 1.8782212 1.8632353 1.8864118 2.4520053 2.1477928 2.0378892 2.2253887 2.1175514 2.1647442 2.1457296 2.2205659 2.3612417 2.4590462 2.4761483 2.3535968 2.5973496 2.3041056 2.4211754 2.4824941 2.4707682 3.2474128 2.1220946 
Aque_Aqu2.1.39785_001                                1.6963434 1.7845285 1.7651853 1.8217835 1.7325912 1.8223999 1.8081245 1.7510793 1.5036628 1.8704471 2.1204079 1.8269114 1.8277315 2.0464765 1.6826066 1.8569170 2.1025085 2.0253623 2.0193483 1.9270233 1.9535856 1.4897715 1.8128356 1.7312379 1.6617856 0.0000000 0.3705826 0.8917707 1.2043579 1.0374943 1.1333628 0.7206391 1.5456093 1.5076025 1.5569075 1.6314341 1.7284740 1.7956643 2.0903020 1.9127384 2.1028916 1.9969966 2.2000209 2.1862460 2.2432421 2.1114060 2.3487366 2.1865983 2.3128808 2.2867828 2.1785216 2.3649642 2.1720238 2.2300978 2.2594125 2.1724949 3.0843291 1.6461668 
Halamb_c46883_g1_i1m.21370                           1.7034687 1.5953320 1.7104457 1.6738881 1.7107018 1.8208221 1.8154238 1.6838572 1.5173643 1.7307928 2.0160297 1.7770548 1.7107717 2.0226924 1.7408148 1.8913870 2.1146278 1.8589767 1.8336003 1.9207635 1.8254446 1.5590824 1.7534887 1.7242086 1.7462393 0.3705826 0.0000000 0.6063692 1.0921414 0.9901970 0.9691005 0.7019197 1.6169212 1.5969500 1.5008677 1.6926460 1.6820668 1.7141359 1.9685888 2.1280534 2.1123296 2.0495018 2.1632862 2.1606329 2.2100811 2.1540534 2.1908147 2.2280700 2.2226498 2.4225603 2.2605428 2.3139497 2.1025741 2.1686864 2.2320030 2.1752318 3.1050129 1.6993193 
Xestes_maker-XT_scaffold772-augustus-gene-0.4-mRNA-1 2.8268527 2.5205515 2.3617714 2.5855868 2.5948572 2.5518392 2.5271421 2.2740676 3.4849955 2.7210402 3.1363194 2.6511962 2.6202448 3.1003986 3.2450888 2.8560647 3.1143323 2.6927129 2.4963109 2.6535883 2.6129302 3.3697168 2.4247882 2.5266054 2.2901952 0.8917707 0.6063692 0.0000000 1.1696532 1.1730898 1.3144221 1.0117485 2.2152231 2.1903526 1.9068601 1.8247136 2.3356772 1.7666802 3.5830326 2.7460315 2.9348619 2.8627642 3.1471838 3.0308767 2.8653025 2.8786757 3.1291063 2.5123097 2.8243014 2.9025158 2.9420193 3.0192511 2.9677716 2.8683926 2.8540427 2.8951390 6.9052072 1.8111033 
Emue_Em0015g87a.t1                                   1.6485208 1.6436661 1.4865511 1.5751098 1.6101290 1.8495926 1.7070941 1.7354221 1.1349018 1.5568771 2.2069033 1.7627083 1.6834993 1.7628837 1.7262112 1.8744867 2.0002379 1.7770342 1.8024139 1.6911743 1.8564330 1.7904344 1.5278115 1.7780624 1.6164114 1.2043579 1.0921414 1.1696532 0.0000000 0.1533803 0.7221329 0.5832530 1.5982690 1.5613397 1.3577408 1.5550073 1.5164339 1.3807560 1.8114281 1.5590944 2.4083903 2.2106000 2.4528874 2.3385078 2.6236507 2.1966972 2.4815359 1.9684603 2.0263231 2.1354351 2.1599584 1.9374175 1.9136199 2.2190257 2.1750878 1.9474952 1.9739718 1.6688705 
Spolac_c103760_g1_i3_m.36031c103760-g1               1.6766196 1.5709703 1.5762139 1.5367256 1.5871937 1.7220651 1.6458951 1.7562893 1.4072650 1.5743199 1.9041264 1.6569110 1.6040099 1.7658758 1.5193750 1.8697329 2.0412733 1.7682703 1.8103544 1.7138138 1.7894914 1.5221054 1.5974927 1.7261342 1.6849378 1.0374943 0.9901970 1.1730898 0.1533803 0.0000000 0.7574278 0.4639220 1.6049292 1.4955824 1.3779406 1.6282517 1.4958281 1.5529900 1.9059748 1.6778670 2.2930623 2.1430092 2.2983499 2.1509171 2.2555773 2.3447326 2.3377823 2.0804179 2.1091837 2.1452236 2.1415729 2.0982491 2.0050562 2.1161392 2.1061394 2.1531180 2.8176075 1.7782348 
Tetwil_g9040.t2                                      1.6702725 1.5022904 1.5275699 1.6306306 1.5561255 1.6580113 1.8045142 1.6958760 1.4254103 1.6955823 2.0681798 1.8391604 1.8744732 1.9953349 1.5506107 2.1034212 2.1668737 1.7880678 1.7492730 1.8188159 2.1429380 1.4582840 1.7720708 1.6446657 1.7028064 1.1333628 0.9691005 1.3144221 0.7221329 0.7574278 0.0000000 0.3395752 1.6356752 1.5760123 1.4810403 1.6241587 1.7502440 1.5649417 1.9162139 2.1236073 2.2293316 2.0999815 2.3779062 2.2476356 2.2591351 2.2723601 2.3323926 2.0398862 2.3446666 2.2663245 2.2702511 2.2998850 2.0935718 2.2073881 2.2428380 2.1561713 2.6940814 1.5498190 
Stycar_maker-SC_scaffold2008-snap-gene-0.31-mRNA-1   1.2249082 1.2363784 1.2076291 1.1963663 1.2167274 1.4800155 1.2211669 1.4173721 0.9657208 1.2839144 1.5815290 1.3579654 1.2788197 1.5774010 1.5932910 1.5861202 1.8697527 1.3865016 1.3669936 1.2861614 1.4018199 1.3921579 1.1575903 1.2643289 1.2375319 0.7206391 0.7019197 1.0117485 0.5832530 0.4639220 0.3395752 0.0000000 1.1439792 1.0676217 1.0881447 1.2495893 1.1723032 1.1908628 1.4183605 1.3020334 1.9967719 1.9056237 1.9785144 1.9576346 2.2001508 1.8869124 1.9804427 1.4809251 1.5381459 1.5231363 1.5154292 1.6319220 1.4764906 1.5032536 1.4815731 1.5095031 0.9114456 1.3398159 
Ocar_g1548                                           1.8017948 1.7241662 1.6156883 1.7472818 1.6161702 2.0102356 1.6121853 1.8227859 1.7388931 1.6103100 1.9928718 1.5714598 1.6177758 1.7910035 1.3715218 1.9054034 2.1504685 1.7712470 1.7401936 1.6674693 1.8657959 1.5308921 1.8243109 1.9408347 1.8944180 1.5456093 1.6169212 2.2152231 1.5982690 1.6049292 1.6356752 1.1439792 0.0000000 0.0088656 1.5878465 1.6231722 1.6513845 1.5079793 2.1462042 1.4950307 2.7488975 2.5613735 2.6017431 2.6269022 2.6965339 2.5970622 2.5007255 2.1749634 2.2246782 2.3553073 2.3801504 2.3112269 2.3126015 2.3566743 2.3058965 2.4853566 2.6055361 2.1400789 
Opea_EP00118_Oscarella_pearsei_P017294               1.8378637 1.6630190 1.6046964 1.6739640 1.6032092 1.9175187 1.6313018 1.7958704 1.6824753 1.6033595 1.9466989 1.5935904 1.5544317 1.7102326 1.5860431 1.8559036 2.0928061 1.6145374 1.6288503 1.5643680 1.7205440 1.6719231 1.7479532 1.8242289 1.8934873 1.5076025 1.5969500 2.1903526 1.5613397 1.4955824 1.5760123 1.0676217 0.0088656 0.0000000 1.4873997 1.5751317 1.4154703 1.4825728 1.9810460 1.3932916 2.3714015 2.2409303 2.3154352 2.2025393 2.4463214 2.5024234 2.3630114 2.1285249 2.1656764 2.3129196 2.2300575 2.2703147 2.1891181 2.2611103 2.2394946 2.4057302 2.5987279 2.0682041 
Lcom_lcpid47366                                      1.8264974 1.6883287 1.7672765 1.7635824 1.6733522 1.8996210 1.8077335 1.7867613 1.4281780 1.5691810 1.9335052 1.7104186 1.7203067 1.8794753 1.2775899 1.8929556 2.3450429 1.7216680 1.7711487 1.8398896 1.7934142 1.3019010 1.8313227 1.8750650 1.7178827 1.5569075 1.5008677 1.9068601 1.3577408 1.3779406 1.4810403 1.0881447 1.5878465 1.4873997 0.0000000 0.3676625 0.4740939 0.8133492 2.1444896 2.5388122 2.3916071 2.2356578 2.7566854 2.4399660 2.5024057 2.5625370 2.4725315 2.2029490 2.2562600 2.4502477 2.3556427 2.3079149 2.0613637 2.2251155 2.2267947 2.1827177 3.0668595 1.9924531 
Leuniv_Lniv_scaffold23340_01                         2.1568268 2.0434261 2.0399214 2.0210363 1.9702355 2.1874120 1.8358554 1.7890412 1.7096163 1.7294113 2.3214738 1.8261276 1.8831359 2.0344175 1.3939847 2.2060856 2.3328712 1.8382510 1.8255352 1.9818521 1.9127793 1.5080627 2.1279343 2.0940439 1.9241237 1.6314341 1.6926460 1.8247136 1.5550073 1.6282517 1.6241587 1.2495893 1.6231722 1.5751317 0.3676625 0.0000000 0.4059879 0.8354061 2.2919582 2.3308149 2.4786293 2.3598742 2.6913322 2.6322247 2.7303038 2.5577975 2.4326117 2.5017738 2.4637415 2.6734306 2.7248563 2.6112590 2.4946830 2.4597506 2.4627360 2.3151576 2.6188714 2.1832873 
Gracom_Gcom_C557792_01                               2.0598786 1.9108975 1.7933626 2.0098251 1.7843551 1.9227532 1.9609084 1.8113966 1.5330075 1.7589758 2.1499509 1.8144678 1.8316749 1.9936771 1.2968251 2.0562869 2.2583394 1.8601826 1.7999345 1.8798556 1.8688767 1.3968368 1.9503710 1.9638191 1.8782212 1.7284740 1.6820668 2.3356772 1.5164339 1.4958281 1.7502440 1.1723032 1.6513845 1.4154703 0.4740939 0.4059879 0.0000000 0.9395984 2.2071618 2.7004430 2.5141735 2.3176848 2.7473410 2.5115056 2.3849623 2.6780875 2.5224396 2.3244226 2.4673961 2.5450857 2.4849859 2.4218409 2.2033953 2.3019923 2.3166864 2.0752826 3.1886489 2.1876599 
Clacor_Ccor_C532395_01                               1.7648155 1.8476342 1.7889149 1.9274508 1.7376593 1.9217706 1.5765962 1.4233927 1.4066744 1.4589405 1.8685031 1.5722636 1.5861758 2.0243598 1.5461354 1.9125606 2.1110087 1.5624976 1.4443473 1.7164970 1.7038172 1.3602249 1.8260521 1.9040145 1.8632353 1.7956643 1.7141359 1.7666802 1.3807560 1.5529900 1.5649417 1.1908628 1.5079793 1.4825728 0.8133492 0.8354061 0.9395984 0.0000000 2.2848894 2.2680781 2.5503141 2.3768660 2.8249835 2.6530143 2.6464730 2.5725275 2.4210138 2.4532653 2.2810383 2.5628315 2.5802708 2.4121201 2.6381346 2.6397560 2.5908629 2.4636333 2.6569041 1.7652420 
Dpul_mRNA9079                                        1.5548234 1.7350110 1.6691251 1.5505237 1.6485286 1.0038926 1.7461137 1.6427080 1.5930005 1.7307737 2.2422781 1.9296801 1.8626585 1.8912012 1.0071261 2.2621776 2.0464291 1.9817456 1.9523457 1.8124527 2.3037103 1.3219329 1.5311391 1.6397529 1.8864118 2.0903020 1.9685888 3.5830326 1.8114281 1.9059748 1.9162139 1.4183605 2.1462042 1.9810460 2.1444896 2.2919582 2.2071618 2.2848894 0.0000000 2.6826291 2.4150784 2.2706063 2.6251356 2.4685082 2.2636684 2.6512782 2.4200276 2.4742952 2.5145864 2.7211450 2.5951173 2.9410779 2.5356463 2.6271720 2.6942998 2.4470052 3.6883814 2.8676674 
Plajan_Pjan_scaffold21542_01                         2.2623243 2.3898450 2.1837058 2.1248662 2.2045027 2.6311020 1.7348577 2.0903787 1.7333260 2.2883469 2.5537319 1.9313454 2.1636951 2.6870433 3.9200270 2.6373269 2.3645213 2.0322370 2.1066442 2.0637745 2.3283023 1.6696586 2.5412777 2.0241745 2.4520053 1.9127384 2.1280534 2.7460315 1.5590944 1.6778670 2.1236073 1.3020334 1.4950307 1.3932916 2.5388122 2.3308149 2.7004430 2.2680781 2.6826291 0.0000000 2.7204204 2.7677362 2.6475279 2.5498385 3.9627545 2.6936951 2.1487508 3.2071904 3.3870804 2.8045670 2.8609084 3.5422918 3.1191745 3.1524394 3.0605340 3.3353108 2.4443828 2.2043249 
Tadh_TriadT18944                                     2.0789846 1.8712989 1.9945081 2.0370879 1.9644195 2.2949694 2.0622463 2.0759220 1.5130872 1.7304325 2.1547538 2.0268298 1.8830474 2.2541653 1.7760321 2.2801468 2.5731586 2.0614371 2.0121417 2.1611983 2.1384725 1.8410104 1.9465539 2.1912503 2.1477928 2.1028916 2.1123296 2.9348619 2.4083903 2.2930623 2.2293316 1.9967719 2.7488975 2.3714015 2.3916071 2.4786293 2.5141735 2.5503141 2.4150784 2.7204204 0.0000000 0.1877949 0.2880690 0.2450020 0.2689936 0.4016177 1.4113748 2.5220234 2.5458383 2.7448397 2.7118155 2.6288567 2.6408132 2.8853422 2.7893447 2.6193461 3.3063603 2.4336156 
TrH2_TrispH2_004056-RA                               1.9227355 1.6759414 1.8091201 1.8426415 1.7993850 2.0572525 1.8830397 1.9377898 1.5189487 1.6581310 1.9133842 1.8389896 1.7536855 2.1232339 1.5909265 2.0426291 2.5000711 1.9277301 1.8971458 2.0145439 2.0346510 1.5889751 1.6683234 2.0462685 2.0378892 1.9969966 2.0495018 2.8627642 2.2106000 2.1430092 2.0999815 1.9056237 2.5613735 2.2409303 2.2356578 2.3598742 2.3176848 2.3768660 2.2706063 2.7677362 0.1877949 0.0000000 0.3843214 0.3302843 0.3569336 0.3695159 1.3172419 2.3870546 2.4262409 2.4366884 2.3717761 2.4960094 2.3946029 2.5455441 2.5240696 2.3850041 3.1924166 2.3583555 
HoiH06_mRNA5365                                      2.1543558 1.9663798 1.9711201 2.1724218 2.0409338 2.3258252 2.1456024 2.2081959 1.5053857 1.8628745 2.3413379 2.2010974 2.0235146 2.3253403 1.9538500 2.3512735 2.6495348 2.2095990 2.1314566 2.3002521 2.1789717 1.9648868 2.0423960 2.3649285 2.2253887 2.2000209 2.1632862 3.1471838 2.4528874 2.2983499 2.3779062 1.9785144 2.6017431 2.3154352 2.7566854 2.6913322 2.7473410 2.8249835 2.6251356 2.6475279 0.2880690 0.3843214 0.0000000 0.0714765 0.1945328 0.3922567 1.5307091 2.3443343 2.5832631 2.5804715 2.5715193 2.7676635 2.5285965 2.7867456 2.7147743 2.5462113 3.4312623 2.5145116 
HoiH23_PlH23_007913-RA                               2.0696034 1.8504651 1.8503335 2.0024605 1.9439572 2.1949687 2.0643672 2.1235426 1.4349048 1.7745892 2.1991869 2.1080802 1.9759431 2.2194885 1.7994132 2.2118463 2.5431728 2.0565841 1.9790603 2.1390991 2.0446282 1.7827522 1.9509090 2.2812953 2.1175514 2.1862460 2.1606329 3.0308767 2.3385078 2.1509171 2.2476356 1.9576346 2.6269022 2.2025393 2.4399660 2.6322247 2.5115056 2.6530143 2.4685082 2.5498385 0.2450020 0.3302843 0.0714765 0.0000000 0.1826022 0.3421437 1.4584291 2.3292945 2.6099262 2.5356473 2.5014479 2.7524406 2.5303315 2.7979878 2.7093798 2.5515004 3.3588245 2.4745632 
HoiH11_mRNA3565                                      1.9794630 1.8457893 2.0774990 2.0869273 2.1592768 2.3742977 2.0085848 2.0562939 1.5797506 1.7699435 2.4598016 2.1857940 2.0655212 2.1736183 1.7201295 2.2315640 2.5765493 2.0987616 2.0825570 2.1990670 2.0392187 1.9170422 1.8686563 2.2143136 2.1647442 2.2432421 2.2100811 2.8653025 2.6236507 2.2555773 2.2591351 2.2001508 2.6965339 2.4463214 2.5024057 2.7303038 2.3849623 2.6464730 2.2636684 3.9627545 0.2689936 0.3569336 0.1945328 0.1826022 0.0000000 0.3463243 1.4194075 2.3494006 2.3970160 2.5068773 2.5516893 2.4824667 2.3895533 2.7104463 2.6520580 2.4750848 4.0016034 2.7409372 
HoiH04_mRNA1016                                      2.1187887 2.0503753 2.0408100 2.1553391 2.0746553 2.3046456 2.3855533 2.2779895 1.8680728 1.9594602 2.3541296 2.3034189 2.1451981 2.3068302 1.8963754 2.3787603 2.4675615 2.1762331 2.0793456 2.3695055 2.3146286 1.9787890 1.9241062 2.2975251 2.1457296 2.1114060 2.1540534 2.8786757 2.1966972 2.3447326 2.2723601 1.8869124 2.5970622 2.5024234 2.5625370 2.5577975 2.6780875 2.5725275 2.6512782 2.6936951 0.4016177 0.3695159 0.3922567 0.3421437 0.3463243 0.0000000 1.5475966 2.5134435 2.8897797 2.7881001 2.7715699 2.8907862 2.8188580 3.0076226 3.0277589 2.8354804 3.5748158 2.4612085 
Hhon_g03960.t1                                       2.0889198 2.0192187 2.0921282 2.0112664 2.1355725 2.1495315 2.0108839 1.9990743 1.5520655 1.7375214 2.2431037 1.8991298 1.8292509 2.2094550 1.8112424 2.2464727 2.6074104 2.0290802 1.9418490 2.0599605 2.1178656 1.6941812 1.9994662 2.1817556 2.2205659 2.3487366 2.1908147 3.1291063 2.4815359 2.3377823 2.3323926 1.9804427 2.5007255 2.3630114 2.4725315 2.4326117 2.5224396 2.4210138 2.4200276 2.1487508 1.4113748 1.3172419 1.5307091 1.4584291 1.4194075 1.5475966 0.0000000 2.7315314 2.6336396 2.6372849 2.6286315 2.8085456 2.8187424 2.7851824 2.7249204 2.6609817 2.7625212 3.0065013 
Mlei_ML2732.g18.i1                                   2.6590792 2.3417739 2.5287720 2.3639770 2.4551114 2.7006444 2.5848739 2.3550698 1.9480349 2.2580959 2.4310630 2.2061858 2.2851965 2.4725148 1.9660201 2.6975535 2.8349904 2.3578555 2.3165460 2.3636974 2.4622440 2.0313189 2.3573466 2.5467028 2.3612417 2.1865983 2.2280700 2.5123097 1.9684603 2.0804179 2.0398862 1.4809251 2.1749634 2.1285249 2.2029490 2.5017738 2.3244226 2.4532653 2.4742952 3.2071904 2.5220234 2.3870546 2.3443343 2.3292945 2.3494006 2.5134435 2.7315314 0.0000000 0.3822737 0.5068720 0.4619455 0.5410435 0.6875360 0.6711826 0.6826406 0.7209315 0.7580038 2.7872319 
Drygla_Dgla_sb295819                                 2.7030386 2.3970191 2.5845348 2.4400948 2.3787124 2.6266125 2.6415340 2.5138256 2.0916580 2.5024006 2.6810138 2.3148052 2.4021908 2.6851336 2.1797787 2.5497830 2.7997071 2.4117511 2.3397853 2.3189485 2.4071058 2.1280253 2.2606232 2.3513647 2.4590462 2.3128808 2.2226498 2.8243014 2.0263231 2.1091837 2.3446666 1.5381459 2.2246782 2.1656764 2.2562600 2.4637415 2.4673961 2.2810383 2.5145864 3.3870804 2.5458383 2.4262409 2.5832631 2.6099262 2.3970160 2.8897797 2.6336396 0.3822737 0.0000000 0.5198005 0.4517675 0.5591478 0.7664369 0.7295977 0.7052100 0.7167493 0.7374719 2.8204715 
Pbac_sb2653994                                       2.8268512 2.5035995 2.6431216 2.5472725 2.7206845 2.6157852 2.7611846 2.8433414 2.3516688 2.6423523 2.9449648 2.5709364 2.7113122 2.8577923 2.2404585 2.8597795 2.7100378 2.7234845 2.6558709 2.6187370 2.6396636 2.4107787 2.3747752 2.5099832 2.4761483 2.2867828 2.4225603 2.9025158 2.1354351 2.1452236 2.2663245 1.5231363 2.3553073 2.3129196 2.4502477 2.6734306 2.5450857 2.5628315 2.7211450 2.8045670 2.7448397 2.4366884 2.5804715 2.5356473 2.5068773 2.7881001 2.6372849 0.5068720 0.5198005 0.0000000 0.0522187 0.6326976 0.8897052 0.8825764 0.8522262 0.8576488 0.9015987 3.1033702 
Horcal_Hcv1.av93.c3.g721.i1                          2.6863357 2.4419568 2.4887663 2.4137497 2.4983780 2.4832679 2.6123252 2.6392197 2.1793291 2.5125675 2.8565144 2.4911732 2.5764751 2.6532535 1.8706138 2.6236694 2.7222270 2.5211442 2.4867083 2.4498295 2.4844178 2.1497629 2.2706961 2.3951329 2.3535968 2.1785216 2.2605428 2.9420193 2.1599584 2.1415729 2.2702511 1.5154292 2.3801504 2.2300575 2.3556427 2.7248563 2.4849859 2.5802708 2.5951173 2.8609084 2.7118155 2.3717761 2.5715193 2.5014479 2.5516893 2.7715699 2.6286315 0.4619455 0.4517675 0.0522187 0.0000000 0.5937010 0.8137673 0.7829033 0.7860424 0.7499528 0.9066870 3.1487986 
Beraby_Baby_sb342012                                 2.7797329 2.5738478 2.4590323 2.4904763 2.4023726 2.5697365 2.9040355 2.6767863 2.3975407 2.6892755 2.9761655 2.5517011 2.7557811 2.5560600 1.9194658 2.6461814 2.8268745 2.4665233 2.3921184 2.6664174 2.5763648 2.1555490 2.3327903 2.5412579 2.5973496 2.3649642 2.3139497 3.0192511 1.9374175 2.0982491 2.2998850 1.6319220 2.3112269 2.2703147 2.3079149 2.6112590 2.4218409 2.4121201 2.9410779 3.5422918 2.6288567 2.4960094 2.7676635 2.7524406 2.4824667 2.8907862 2.8085456 0.5410435 0.5591478 0.6326976 0.5937010 0.0000000 0.8254691 0.8754355 0.8600191 0.8066935 1.0629259 2.7163404 
Vmul_sbMO425581                                      2.3944477 2.6094462 2.5046412 2.3139522 2.2946373 2.2918178 2.5263047 2.3772434 2.0729514 2.6717919 2.8346630 2.5024747 2.4997760 2.4933759 1.7661343 2.7438196 2.8432791 2.2794790 2.3497581 2.3858069 2.2808206 1.9857641 2.2964716 2.5102657 2.3041056 2.1720238 2.1025741 2.9677716 1.9136199 2.0050562 2.0935718 1.4764906 2.3126015 2.1891181 2.0613637 2.4946830 2.2033953 2.6381346 2.5356463 3.1191745 2.6408132 2.3946029 2.5285965 2.5303315 2.3895533 2.8188580 2.8187424 0.6875360 0.7664369 0.8897052 0.8137673 0.8254691 0.0000000 0.3322617 0.3439883 0.7192663 0.8736889 3.0745865 
Coeast_Cast_sb798698                                 2.6038702 2.4757938 2.4865386 2.3266452 2.3118200 2.3665211 2.6209450 2.5276240 2.2340309 2.7565106 2.7839042 2.4215418 2.4911033 2.6667707 2.0089172 2.9315678 2.7238926 2.4847125 2.5451345 2.4264424 2.4861751 2.1239436 2.3683714 2.6466261 2.4211754 2.2300978 2.1686864 2.8683926 2.2190257 2.1161392 2.2073881 1.5032536 2.3566743 2.2611103 2.2251155 2.4597506 2.3019923 2.6397560 2.6271720 3.1524394 2.8853422 2.5455441 2.7867456 2.7979878 2.7104463 3.0076226 2.7851824 0.6711826 0.7295977 0.8825764 0.7829033 0.8754355 0.3322617 0.0000000 0.0523569 0.7234983 0.9086411 2.7171853 
Coemet_Cmet_scaffold19476_01                         2.5389549 2.5273667 2.5099353 2.3343383 2.2772641 2.3749079 2.5989895 2.6154364 2.3241400 2.8175964 2.8202182 2.4385195 2.5447989 2.6746242 2.0200094 2.8807147 2.6139320 2.5099793 2.5498272 2.4787708 2.4954791 2.1281077 2.3954832 2.6339741 2.4824941 2.2594125 2.2320030 2.8540427 2.1750878 2.1061394 2.2428380 1.4815731 2.3058965 2.2394946 2.2267947 2.4627360 2.3166864 2.5908629 2.6942998 3.0605340 2.7893447 2.5240696 2.7147743 2.7093798 2.6520580 3.0277589 2.7249204 0.6826406 0.7052100 0.8522262 0.7860424 0.8600191 0.3439883 0.0523569 0.0000000 0.7357141 0.9565201 2.6870426 
Lampan_Lpan_13218_01                                 2.6585566 2.4720540 2.3690288 2.4556194 2.3664165 2.4457142 2.5607133 2.3740269 2.1656081 2.4781560 2.8645191 2.4469892 2.4594337 2.5245139 2.0788669 2.5455216 2.8056007 2.4724123 2.3227583 2.4306757 2.4721029 2.0426049 2.0605366 2.3855638 2.4707682 2.1724949 2.1752318 2.8951390 1.9474952 2.1531180 2.1561713 1.5095031 2.4853566 2.4057302 2.1827177 2.3151576 2.0752826 2.4636333 2.4470052 3.3353108 2.6193461 2.3850041 2.5462113 2.5515004 2.4750848 2.8354804 2.6609817 0.7209315 0.7167493 0.8576488 0.7499528 0.8066935 0.7192663 0.7234983 0.7357141 0.0000000 0.9276651 2.6521096 
Eupdun_Edun_sb10626813                               2.9587256 2.6272164 3.6988515 3.0072903 2.0182055 3.3927556 2.9867722 2.6431964 2.0308048 2.6710014 3.1446496 2.2810417 2.8529149 2.9258087 0.0000010 3.7547979 3.1514383 3.3421401 3.3108512 2.8165059 2.9196707 0.0000010 3.0947320 2.7729004 3.2474128 3.0843291 3.1050129 6.9052072 1.9739718 2.8176075 2.6940814 0.9114456 2.6055361 2.5987279 3.0668595 2.6188714 3.1886489 2.6569041 3.6883814 2.4443828 3.3063603 3.1924166 3.4312623 3.3588245 4.0016034 3.5748158 2.7625212 0.7580038 0.7374719 0.9015987 0.9066870 1.0629259 0.8736889 0.9086411 0.9565201 0.9276651 0.0000000 3.0912241 
Plespi_Pspi_C595956_01                               2.0243714 2.1521085 2.0843447 2.5154798 2.2431935 2.4104508 2.1713098 2.3607891 1.7971050 2.2057509 2.7391737 2.2582986 2.2746806 2.3166545 2.5356527 3.1209108 2.6494044 2.5402679 2.5896861 2.5470942 2.6951894 4.2581199 2.6985047 2.3112007 2.1220946 1.6461668 1.6993193 1.8111033 1.6688705 1.7782348 1.5498190 1.3398159 2.1400789 2.0682041 1.9924531 2.1832873 2.1876599 1.7652420 2.8676674 2.2043249 2.4336156 2.3583555 2.5145116 2.4745632 2.7409372 2.4612085 3.0065013 2.7872319 2.8204715 3.1033702 3.1487986 2.7163404 3.0745865 2.7171853 2.6870426 2.6521096 3.0912241 0.0000000 
