60
Hsap_ENST00000353224                                  0.0000000 0.9151379 1.0513521 0.9875230 0.8208285 0.8912775 1.5397671 0.5654228 1.4604902 1.5456423 0.8950165 0.7162671 1.1700850 1.2129573 0.8061987 0.9158975 0.9719502 1.3589855 1.3511006 1.2507288 1.2318428 1.2807134 1.4492753 1.2395362 1.3342272 1.2715620 1.3364918 1.4291895 1.1973775 1.3639641 1.3836795 1.3784931 1.4594881 1.4536163 1.9753528 1.0802729 0.8704810 2.0591190 2.0907077 1.3939748 1.4402799 1.5508197 1.6297988 1.5689708 1.5761166 1.4816630 2.0638526 3.2002099 4.4837117 3.0695725 3.2248072 3.1117804 3.1117804 3.1132970 3.2354411 2.8352666 3.6405698 3.3541602 3.1360219 4.8844416 
Bralan_BLAG04000215_4                                 0.9151379 0.0000000 0.9830842 0.8658412 0.7493647 0.8858451 1.6469263 0.5768305 1.6134643 1.6276828 0.7307619 0.6814241 1.3464116 1.2663233 0.6606865 0.8684542 0.8404260 1.3297188 1.3211535 1.3374207 1.2883037 1.4133502 1.6182734 1.4375855 1.4057868 1.3530527 1.3886510 1.5365492 1.4488457 1.5221946 1.5238476 1.6084373 1.6268469 1.5992968 2.3189766 1.2145696 1.0151850 2.2364329 2.2917629 1.5113170 1.5881792 1.6316566 1.6449062 1.6905966 1.7199438 1.5629280 2.1254793 3.1504214 5.2970194 3.5786485 3.6576758 3.6101752 3.6101752 3.5304384 3.4908955 3.1363691 4.0984697 4.0122791 3.7978004 5.0492637 
Spur_XM_011667400.2                                   1.0513521 0.9830842 0.0000000 0.7294159 0.7404310 0.8740908 1.5323593 0.5039860 1.5329678 1.6084852 0.7644326 0.6825999 1.4276164 1.2389526 0.6329601 0.8654008 0.8881119 1.2154109 1.2155946 1.3403588 1.0479960 1.1976507 1.3539261 1.2274347 1.2039080 1.1768850 1.2648745 1.3304787 1.2179427 1.2961787 1.3476480 1.4683787 1.3650905 1.4560193 2.1275505 1.1152097 0.9496486 1.9427670 2.1257654 1.5411259 1.5592358 1.4914718 1.5256488 1.4544254 1.4804268 1.4125402 1.9820162 2.9744650 4.5790873 3.5071342 3.5251334 3.5266892 3.5400998 3.4415036 3.0859242 2.8481666 3.8698794 3.7319666 3.5667304 4.2572973 
Skow_XM_006816969.1                                   0.9875230 0.8658412 0.7294159 0.0000000 0.5753875 0.6868759 1.4059427 0.4815065 1.3729817 1.4270032 0.6641677 0.5720874 1.2437197 1.2200798 0.5067727 0.6863498 0.6199854 1.1680782 1.1571715 1.2602872 1.1138119 1.1773154 1.3684021 1.1698048 1.1732962 1.0956592 1.1665838 1.2539963 1.1299719 1.2242557 1.2339542 1.2642570 1.3300576 1.5352152 2.1298332 1.0672022 0.9191484 1.8531612 1.9381486 1.4498889 1.4894983 1.5350523 1.5811253 1.5381796 1.5675005 1.4940133 1.9195332 2.7998401 4.6688191 3.4884859 3.5979017 3.5614027 3.5614027 3.3817025 3.0387695 3.0173949 3.6603630 3.7689619 3.4872803 4.6601245 
Tcas_TC008012_001                                     0.8208285 0.7493647 0.7404310 0.5753875 0.0000000 0.3903661 1.2207775 0.4894387 1.0905069 1.1392982 0.5830467 0.6405637 1.0418615 1.0164424 0.5002673 0.6987386 0.4702918 1.0345926 1.1082310 1.1968109 1.0197577 1.0880093 1.2452246 1.0451205 1.0536987 1.0637178 1.1166761 1.1041657 1.0411887 1.0746783 1.1004781 1.2445739 1.3988692 1.4176524 1.8166211 1.0178859 0.9085870 1.6966760 1.7532326 1.1723704 1.2251030 1.3303697 1.3344527 1.3338502 1.3489571 1.2205369 1.7600856 2.1417247 3.9808694 3.0540661 3.3225267 2.9024642 2.9024642 2.8654660 2.9207378 2.5300970 3.5739517 3.1765998 3.0054939 4.6559138 
Dpul_mRNA22602                                        0.8912775 0.8858451 0.8740908 0.6868759 0.3903661 0.0000000 1.4242363 0.4611688 1.3498147 1.3411024 0.6013156 0.5614289 1.1213776 1.0538232 0.5985674 0.6468643 0.5962832 1.1593414 1.1922576 1.1968447 1.0998546 1.1602852 1.3176997 1.1322862 1.1501652 1.1293821 1.1977356 1.2281121 1.0976403 1.1698380 1.1984441 1.2589219 1.4426596 1.4795079 1.9291912 1.0900047 0.9370967 1.8959067 1.9311656 1.4354498 1.4793318 1.5241745 1.5389316 1.5127024 1.5324197 1.4577386 1.9191075 2.9826764 4.6374229 3.1411298 3.2842331 3.1812943 3.1812943 3.2269368 3.1201230 2.9564377 3.5555388 3.2741646 3.1955745 4.3815325 
Lcom_lcpid55353                                       1.5397671 1.6469263 1.5323593 1.4059427 1.2207775 1.4242363 0.0000000 0.3176512 0.3142278 0.3785237 1.4095391 1.0874776 1.1765713 1.1302501 1.2538251 1.3394192 1.3373257 1.4849340 1.4457784 1.5134815 1.4363743 1.3978960 1.5234470 1.3893650 1.4814250 1.4836369 1.5088949 1.6476099 1.5783363 1.6028975 1.5850589 1.7233822 1.6360468 1.6931695 1.8844828 1.2339572 1.2211071 1.7240085 1.6897939 1.6780302 1.6550926 1.6326213 1.6405246 1.5828595 1.6072376 1.5995590 1.9949616 0.8170632 4.8067125 2.8173252 3.0389811 2.9233044 2.9233044 2.9676292 2.8542801 2.7478434 3.1809637 2.9528941 2.9061011 6.5060564 
Clacor_Ccor_scaffold11200_01                          0.5654228 0.5768305 0.5039860 0.4815065 0.4894387 0.4611688 0.3176512 0.0000000 0.3038729 0.3519088 0.4970904 0.7107505 0.5796173 0.4789091 0.5053652 0.4720388 0.4749082 0.5830246 0.5622764 0.6265776 0.5955933 0.6288998 0.6739225 0.6141283 0.6360416 0.5767251 0.6266467 0.6406518 0.5693208 0.5726713 0.6392834 0.6252168 0.6668030 0.4932715 0.7591777 0.9568361 0.9642472 0.9199389 0.9048090 0.8829206 0.8665448 0.8570296 0.8717105 0.8660876 0.8747788 0.8376834 0.9604554 0.0000010 1.1081706 1.5156294 1.5103443 1.5682131 1.5682131 1.4125817 1.4991045 1.6127693 1.5846725 1.4985927 1.4804430 6.8867022 
Leuniv_Lniv_scaffold11057_01                          1.4604902 1.6134643 1.5329678 1.3729817 1.0905069 1.3498147 0.3142278 0.3038729 0.0000000 0.3610579 1.3864144 0.9176964 1.0931632 1.0954345 1.1076659 1.3322180 1.2503373 1.4298460 1.4284494 1.4463683 1.4266245 1.4735320 1.6125634 1.4650414 1.5311933 1.4857165 1.5279964 1.7459062 1.5178711 1.5278780 1.5602759 1.6028911 1.6878721 1.6874737 1.7909376 1.1375610 1.1346987 1.7607717 1.6798167 1.6593210 1.6402706 1.6250115 1.6192094 1.5601785 1.5871291 1.5749454 1.9320768 0.7206221 5.0083451 3.1110159 3.2864308 3.1479380 3.1479380 3.1666198 3.0152461 2.7659089 3.3290574 3.2803636 3.1699074 5.7167320 
Gracom_Gcom_C554222_01                                1.5456423 1.6276828 1.6084852 1.4270032 1.1392982 1.3411024 0.3785237 0.3519088 0.3610579 0.0000000 1.3943564 1.0353513 1.2014291 1.2326338 1.1508354 1.3044671 1.3520876 1.4814961 1.5492753 1.5378086 1.5387931 1.4650195 1.6013876 1.5088604 1.5220433 1.4940683 1.5713776 1.7874867 1.5820520 1.6645831 1.6262443 1.7374431 1.7380758 1.7756044 1.8174700 1.1775460 1.2081208 1.7725433 1.7510401 1.6707664 1.7052823 1.6714706 1.6747724 1.5867322 1.6105883 1.5362598 2.0675153 0.6929362 4.5214269 3.1697707 3.2277237 3.0613036 3.0613036 3.0929159 3.0832827 2.8437650 3.2497065 3.1010388 3.0026152 6.0712140 
Acagra_model.g17915.t1                                0.8950165 0.7307619 0.7644326 0.6641677 0.5830467 0.6013156 1.4095391 0.4970904 1.3864144 1.3943564 0.0000000 0.6165596 1.1039751 1.0534220 0.4511405 0.5908412 0.6139207 1.1114734 1.1144987 1.1757831 1.1172199 1.1576688 1.3229305 1.1714946 1.1688901 1.1495471 1.2170234 1.3165323 1.1279843 1.1890571 1.2469154 1.3287965 1.4019422 1.5204093 2.0554237 1.0510093 0.9148139 1.7603237 1.8823501 1.2872326 1.3573275 1.3885243 1.4273674 1.3314482 1.3710780 1.3059085 1.8587678 3.1499082 4.3669616 3.2225844 3.2221640 3.1598882 3.1163915 3.4442694 3.1408684 2.6729636 3.5550423 3.3143651 3.3389232 4.5514188 
Ocar_g4220                                            0.7162671 0.6814241 0.6825999 0.5720874 0.6405637 0.5614289 1.0874776 0.7107505 0.9176964 1.0353513 0.6165596 0.0000000 0.0000010 0.4646701 0.5990320 0.6369517 0.6130937 0.8044977 0.8138356 0.8536240 0.6828459 0.8295201 1.1300185 0.8304312 0.9184848 0.8818845 0.9245403 0.9070951 0.8154992 0.7969324 0.8769369 0.8127595 0.8619957 0.3951648 1.2050745 1.5026057 1.1893729 1.3205681 1.2828751 1.2215836 1.2414793 1.2325805 1.2602737 1.2738814 1.2738814 1.2478227 1.3018414 0.0000010 0.0000010 2.3310557 2.2952674 2.2773035 2.2773035 1.9959648 1.9569548 2.0492701 2.3501796 2.2232038 2.3016862 4.9222024 
Opea_EP00118_Oscarella_pearsei_P016750                1.1700850 1.3464116 1.4276164 1.2437197 1.0418615 1.1213776 1.1765713 0.5796173 1.0931632 1.2014291 1.1039751 0.0000010 0.0000000 0.5975684 1.0262446 1.1512350 0.9679874 1.1852503 1.3044404 1.3252215 1.2675802 1.3048630 1.4686465 1.3326457 1.3024123 1.3160819 1.3670496 1.4424316 1.2566946 1.2966324 1.3339674 1.4988521 1.3113679 1.4224892 1.9541116 1.2509628 1.1435313 1.8429458 1.9393488 1.2935933 1.4477432 1.4512098 1.4624510 1.4294230 1.4568013 1.3282173 1.8244720 1.8024658 4.8579275 2.5562929 3.0236529 2.9722403 2.9767076 2.7578449 2.9768633 2.5756135 3.3183538 2.9629810 2.9001071 6.4107341 
Plajan_Pjan_C563232_01                                1.2129573 1.2663233 1.2389526 1.2200798 1.0164424 1.0538232 1.1302501 0.4789091 1.0954345 1.2326338 1.0534220 0.4646701 0.5975684 0.0000000 0.9606716 1.1045715 0.9851262 1.1331817 1.1784706 1.4826200 1.3832823 1.2832513 1.4804069 1.3168296 1.3106654 1.2783736 1.3254588 1.4865462 1.2157059 1.2448564 1.2965779 1.4221832 1.4375188 1.4192845 1.7888717 1.2036843 1.1979114 1.6885403 1.6882142 1.2878791 1.4105831 1.4368550 1.4586422 1.4215384 1.4331887 1.2955173 1.7824613 2.2412003 4.0740645 2.7458588 3.1460636 2.8453328 2.8639409 2.7977172 2.6076534 2.4449954 3.1459298 3.0021743 2.7002718 5.6241318 
Ctel_gnl_WGS_AMQN_CAPTEDRAFT_mRNA222374               0.8061987 0.6606865 0.6329601 0.5067727 0.5002673 0.5985674 1.2538251 0.5053652 1.1076659 1.1508354 0.4511405 0.5990320 1.0262446 0.9606716 0.0000000 0.4389620 0.5153350 0.9326005 0.9450434 1.0181628 0.8819113 1.0450308 1.1938626 1.0079800 1.0725232 0.9807367 1.0349726 1.1466416 1.0223604 1.0914090 1.1259414 1.1384853 1.2190186 1.2359707 1.8040710 1.0068341 0.8952487 1.5728941 1.6474579 1.2441640 1.2722273 1.3122508 1.3410812 1.2954795 1.3309581 1.2525048 1.7730512 2.2175706 3.8727389 3.0846911 3.3119804 3.0791181 3.0791181 2.6920157 2.8983820 2.4580975 3.3472578 3.1884571 2.9208944 5.0147774 
Cgig_XM_020073009.2                                   0.9158975 0.8684542 0.8654008 0.6863498 0.6987386 0.6468643 1.3394192 0.4720388 1.3322180 1.3044671 0.5908412 0.6369517 1.1512350 1.1045715 0.4389620 0.0000000 0.6391407 1.0954343 1.1162769 1.2134022 1.0136745 1.1898781 1.3757054 1.1185270 1.1295823 1.1029892 1.1894834 1.2103938 1.2241108 1.2606266 1.3044053 1.3995922 1.4157404 1.4981138 1.9854146 0.9808994 0.9184823 1.7770106 1.8869987 1.2971104 1.3810833 1.3899017 1.4179314 1.4182580 1.4494961 1.2962817 1.8455639 2.5259672 4.3145240 2.9822808 3.1080176 3.1137610 3.1109985 3.0484462 2.8448856 2.5985089 3.2761192 3.2161637 3.1833405 4.8413803 
Cscu_XM_023363187.1                                   0.9719502 0.8404260 0.8881119 0.6199854 0.4702918 0.5962832 1.3373257 0.4749082 1.2503373 1.3520876 0.6139207 0.6130937 0.9679874 0.9851262 0.5153350 0.6391407 0.0000000 1.0594404 1.1107581 1.3361506 1.1902682 1.3223560 1.5371448 1.2470636 1.2157578 1.1662388 1.2695040 1.3801386 1.2402050 1.2323080 1.2380358 1.3515542 1.3065586 1.3949528 2.0273334 0.9691045 0.8662479 1.8952505 1.9902818 1.3009585 1.2953719 1.3587033 1.3673679 1.3865269 1.4383039 1.3066498 1.9447943 3.0789561 4.2748443 3.2112431 3.3254652 3.2184433 3.2184433 3.0078385 3.2300628 2.6083976 3.4390108 3.5838879 3.2804963 4.4663390 
Dgig_XM_028547204.1                                   1.3589855 1.3297188 1.2154109 1.1680782 1.0345926 1.1593414 1.4849340 0.5830246 1.4298460 1.4814961 1.1114734 0.8044977 1.1852503 1.1331817 0.9326005 1.0954343 1.0594404 0.0000000 0.2347725 1.0992632 0.8663080 0.8877957 0.9858974 0.8844846 0.8666281 0.8593472 0.9013459 0.8864443 1.2969266 1.3197015 1.3786617 1.4255913 1.2090258 1.3167095 1.9627370 1.1765594 1.0491224 1.7837335 1.8096753 1.5068780 1.5256301 1.4616483 1.4609518 1.4603513 1.4907996 1.4532059 2.1990536 2.6730043 3.9073446 3.0194133 3.1674958 2.8910956 2.8777250 3.0356780 2.9656860 2.5611276 3.2655708 3.1246977 3.0886173 3.9629780 
Xesp_021402-T1                                        1.3511006 1.3211535 1.2155946 1.1571715 1.1082310 1.1922576 1.4457784 0.5622764 1.4284494 1.5492753 1.1144987 0.8138356 1.3044404 1.1784706 0.9450434 1.1162769 1.1107581 0.2347725 0.0000000 1.0620709 0.8386628 0.8781964 0.9636067 0.8935056 0.8797669 0.8464307 0.8681501 0.9363515 1.2611919 1.3798704 1.4096997 1.5029598 1.3202070 1.3273113 1.8957491 1.2118557 1.0555271 1.8427305 1.8703604 1.5056700 1.5184094 1.4872109 1.4830128 1.4814250 1.5119933 1.4828498 2.1352259 2.7029241 4.3107872 3.0022609 3.1263561 2.9484446 2.9349219 2.9642531 2.8747595 2.4830950 3.2291179 3.0991266 3.1771127 4.1434141 
Exapal_XM_021060932.2                                 1.2507288 1.3374207 1.3403588 1.2602872 1.1968109 1.1968447 1.5134815 0.6265776 1.4463683 1.5378086 1.1757831 0.8536240 1.3252215 1.4826200 1.0181628 1.2134022 1.3361506 1.0992632 1.0620709 0.0000000 0.4723392 0.6538351 0.7249738 0.5479749 0.5797936 0.5975737 0.6220573 0.6004013 1.2305002 1.3220816 1.2751628 1.3307756 1.3966620 1.4435120 2.1196447 1.3706719 1.2047583 1.9546672 1.9557770 1.4568923 1.5685518 1.6206720 1.6545877 1.6068498 1.6417706 1.5044644 2.1237426 2.7309663 4.6584003 3.1509764 3.2778985 3.0934781 3.0792796 3.0987664 3.2743871 2.6005108 3.3868160 3.2551154 3.1606204 4.5753466 
Nvec_v1g91286                                         1.2318428 1.2883037 1.0479960 1.1138119 1.0197577 1.0998546 1.4363743 0.5955933 1.4266245 1.5387931 1.1172199 0.6828459 1.2675802 1.3832823 0.8819113 1.0136745 1.1902682 0.8663080 0.8386628 0.4723392 0.0000000 0.5533941 0.6127697 0.5091736 0.4954220 0.4875388 0.4807269 0.5014466 1.1000345 1.1765119 1.1748742 1.3052529 1.4102078 1.4104983 1.9494510 1.3273643 1.1303079 1.9311011 1.8908416 1.4953904 1.5158830 1.5233380 1.5482628 1.4986760 1.5146086 1.4737418 2.0576447 3.0084524 4.6327995 2.9544691 3.1145432 2.9994493 2.9856447 3.0023338 2.9910322 2.5401950 3.3998010 3.1094086 2.9854854 4.3510284 
Adig_XM_015906924.1                                   1.2807134 1.4133502 1.1976507 1.1773154 1.0880093 1.1602852 1.3978960 0.6288998 1.4735320 1.4650195 1.1576688 0.8295201 1.3048630 1.2832513 1.0450308 1.1898781 1.3223560 0.8877957 0.8781964 0.6538351 0.5533941 0.0000000 0.0094637 0.1776184 0.2559577 0.2607285 0.2638916 0.2396922 1.1541116 1.2607224 1.2712832 1.3699093 1.2592768 1.4464949 1.8933310 1.2515229 1.0799881 1.7433454 1.8269301 1.4728856 1.5318929 1.5318130 1.5552634 1.5309385 1.5355353 1.5193581 2.1153337 2.5534923 4.3521613 2.8453265 2.9981589 3.0024973 2.9888639 2.9122589 2.8528822 2.6629234 3.1475646 2.9467961 2.9488253 3.9646142 
Amil_Amillepora27073-RA                               1.4492753 1.6182734 1.3539261 1.3684021 1.2452246 1.3176997 1.5234470 0.6739225 1.6125634 1.6013876 1.3229305 1.1300185 1.4686465 1.4804069 1.1938626 1.3757054 1.5371448 0.9858974 0.9636067 0.7249738 0.6127697 0.0094637 0.0000000 0.1967508 0.2821403 0.2799587 0.2839230 0.2641087 1.3076425 1.4102840 1.3997413 1.5699237 1.4130650 1.6904649 2.2062141 1.4378233 1.2239895 1.9209322 2.0426167 1.7309674 1.7763270 1.7522893 1.7832299 1.7562368 1.7625827 1.7396832 2.4027961 2.5466496 4.3573086 3.2733114 3.4282355 3.4665431 3.4485241 3.3582337 3.3365295 3.1467583 3.6008660 3.3776996 3.4375382 3.9711990 
Gfas_gfas1.m1.1323.m1                                 1.2395362 1.4375855 1.2274347 1.1698048 1.0451205 1.1322862 1.3893650 0.6141283 1.4650414 1.5088604 1.1714946 0.8304312 1.3326457 1.3168296 1.0079800 1.1185270 1.2470636 0.8844846 0.8935056 0.5479749 0.5091736 0.1776184 0.1967508 0.0000000 0.1736386 0.1985224 0.1984713 0.1657714 1.1181091 1.2241486 1.2457012 1.3803325 1.2757850 1.4218376 1.9291516 1.2651723 1.0513801 1.7842797 1.8039158 1.4392457 1.5087016 1.5461076 1.5699901 1.5337556 1.5447439 1.4957050 2.0700521 2.7261121 4.5083272 2.8036779 2.8858038 2.8006384 2.7880543 2.7801090 2.7987143 2.5372370 3.0005518 3.0064947 2.8662730 3.9089084 
Fspp_ffun1.m4.6176.m1                                 1.3342272 1.4057868 1.2039080 1.1732962 1.0536987 1.1501652 1.4814250 0.6360416 1.5311933 1.5220433 1.1688901 0.9184848 1.3024123 1.3106654 1.0725232 1.1295823 1.2157578 0.8666281 0.8797669 0.5797936 0.4954220 0.2559577 0.2821403 0.1736386 0.0000000 0.1629244 0.1601570 0.0907697 1.1236028 1.2080250 1.2467934 1.3626552 1.3069823 1.3199522 1.9984665 1.3421421 1.1222833 1.7980244 1.9287568 1.5310439 1.5800676 1.6500194 1.6842148 1.6308781 1.6424155 1.6068923 2.0403607 2.5736199 4.5687803 2.9166096 3.0925769 3.0322277 3.0183977 2.8859905 2.9278812 2.6692762 3.2479353 3.1059864 2.9778144 3.6025050 
Spis_XP_022791256_1                                   1.2715620 1.3530527 1.1768850 1.0956592 1.0637178 1.1293821 1.4836369 0.5767251 1.4857165 1.4940683 1.1495471 0.8818845 1.3160819 1.2783736 0.9807367 1.1029892 1.1662388 0.8593472 0.8464307 0.5975737 0.4875388 0.2607285 0.2799587 0.1985224 0.1629244 0.0000000 0.0704086 0.1475159 1.1341865 1.2065456 1.2299521 1.3566923 1.2663296 1.2948418 1.8766745 1.2349908 1.0813224 1.6715750 1.7508564 1.4719118 1.5313881 1.5847332 1.5938291 1.5927070 1.6040992 1.5395974 2.0157228 2.5995390 4.7351716 2.8013974 2.9430746 2.8468581 2.8339459 2.7100320 2.6931393 2.5540888 3.0986149 3.0040553 2.9296080 3.7093012 
Pocdam_XM_027187282.1                                 1.3364918 1.3886510 1.2648745 1.1665838 1.1166761 1.1977356 1.5088949 0.6266467 1.5279964 1.5713776 1.2170234 0.9245403 1.3670496 1.3254588 1.0349726 1.1894834 1.2695040 0.9013459 0.8681501 0.6220573 0.4807269 0.2638916 0.2839230 0.1984713 0.1601570 0.0704086 0.0000000 0.1531828 1.1269407 1.2079590 1.2461352 1.3127449 1.2712013 1.3127398 2.0238899 1.3255909 1.1426602 1.7702294 1.8700636 1.4587293 1.5070865 1.5890248 1.5890517 1.5980550 1.6095193 1.5413062 2.0127353 2.7264719 4.6136249 2.9092146 3.0261261 2.9634209 2.9499252 2.8032128 2.8151571 2.6228368 3.2582070 3.0863284 2.9964391 3.6273103 
Gasp_gasp1.m3.18451.m1                                1.4291895 1.5365492 1.3304787 1.2539963 1.1041657 1.2281121 1.6476099 0.6406518 1.7459062 1.7874867 1.3165323 0.9070951 1.4424316 1.4865462 1.1466416 1.2103938 1.3801386 0.8864443 0.9363515 0.6004013 0.5014466 0.2396922 0.2641087 0.1657714 0.0907697 0.1475159 0.1531828 0.0000000 1.2095189 1.2647825 1.2734100 1.4324830 1.3842222 1.3766594 2.2105610 1.3597588 1.1073927 1.8334927 2.0637195 1.5721556 1.6403905 1.7178245 1.7397337 1.6926371 1.7064241 1.6890893 2.1375381 2.7302774 4.5733602 3.1077785 3.3032805 3.2767058 3.2590594 3.2778822 3.3017253 2.9628202 3.5666944 3.4582488 3.2988604 3.6808251 
Aaur_scaffold101.g10.t1                               1.1973775 1.4488457 1.2179427 1.1299719 1.0411887 1.0976403 1.5783363 0.5693208 1.5178711 1.5820520 1.1279843 0.8154992 1.2566946 1.2157059 1.0223604 1.2241108 1.2402050 1.2969266 1.2611919 1.2305002 1.1000345 1.1541116 1.3076425 1.1181091 1.1236028 1.1341865 1.1269407 1.2095189 0.0000000 0.2405850 0.2564558 0.2865944 0.8705087 0.7944081 2.0397361 1.2776903 0.9768777 1.8181503 1.7829509 1.5341224 1.6979375 1.7481065 1.7574679 1.7216353 1.7460270 1.6160900 1.8780312 3.2367619 4.3518902 2.5409275 2.9462938 3.0141868 3.0004929 2.9173035 2.7556186 2.1888611 3.2490090 3.0002015 2.9634237 2.6092411 
Nemnom_g18574.t1                                      1.3639641 1.5221946 1.2961787 1.2242557 1.0746783 1.1698380 1.6028975 0.5726713 1.5278780 1.6645831 1.1890571 0.7969324 1.2966324 1.2448564 1.0914090 1.2606266 1.2323080 1.3197015 1.3798704 1.3220816 1.1765119 1.2607224 1.4102840 1.2241486 1.2080250 1.2065456 1.2079590 1.2647825 0.2405850 0.0000000 0.1281702 0.3326129 0.9300249 0.8109721 2.0518701 1.3142172 1.0703848 1.9322258 1.8844845 1.5055720 1.6655885 1.6724318 1.6915573 1.6569370 1.6802583 1.5488131 2.0079940 3.1680362 4.4394684 2.5727253 3.0706599 3.2487293 3.2340528 3.0650398 2.9756566 2.3671216 3.4282776 3.2698919 3.2622629 2.7043380 
Rhoesc_Res_004822-T1                                  1.3836795 1.5238476 1.3476480 1.2339542 1.1004781 1.1984441 1.5850589 0.6392834 1.5602759 1.6262443 1.2469154 0.8769369 1.3339674 1.2965779 1.1259414 1.3044053 1.2380358 1.3786617 1.4096997 1.2751628 1.1748742 1.2712832 1.3997413 1.2457012 1.2467934 1.2299521 1.2461352 1.2734100 0.2564558 0.1281702 0.0000000 0.3316989 0.9761464 0.8295223 2.2631836 1.3381949 1.1315634 1.9764435 1.9142516 1.5006210 1.6540811 1.7137692 1.7357109 1.6798095 1.7034884 1.5755575 1.9882676 3.0029329 4.4885364 2.4638907 2.9177986 3.1280173 3.1138960 2.9709292 2.8930158 2.3907801 3.1922111 3.0227916 3.1760827 2.8158721 
Sanmal_Sma_023723-T1                                  1.3784931 1.6084373 1.4683787 1.2642570 1.2445739 1.2589219 1.7233822 0.6252168 1.6028911 1.7374431 1.3287965 0.8127595 1.4988521 1.4221832 1.1384853 1.3995922 1.3515542 1.4255913 1.5029598 1.3307756 1.3052529 1.3699093 1.5699237 1.3803325 1.3626552 1.3566923 1.3127449 1.4324830 0.2865944 0.3326129 0.3316989 0.0000000 1.0079100 0.8543580 2.2718057 1.3990268 1.0983141 2.0122503 1.9405601 1.5095781 1.6758159 1.7138494 1.7211744 1.7195378 1.7440220 1.5663655 2.1413779 3.4438526 4.4634668 2.6588950 2.9830713 3.0697448 3.0557048 3.0498875 2.9417864 2.2915829 3.3656435 3.0735566 2.8594370 2.5687096 
Hvul_g26615_1                                         1.4594881 1.6268469 1.3650905 1.3300576 1.3988692 1.4426596 1.6360468 0.6668030 1.6878721 1.7380758 1.4019422 0.8619957 1.3113679 1.4375188 1.2190186 1.4157404 1.3065586 1.2090258 1.3202070 1.3966620 1.4102078 1.2592768 1.4130650 1.2757850 1.3069823 1.2663296 1.2712013 1.3842222 0.8705087 0.9300249 0.9761464 1.0079100 0.0000000 0.5347596 2.4734938 1.5458518 1.2723150 2.0395564 2.0745290 1.5301734 1.6356353 1.6508217 1.6751622 1.6250142 1.6604635 1.6108584 2.1067607 2.6789204 4.5659601 3.1847884 3.4127787 3.2895485 3.2605974 3.6158048 3.4751782 2.5553558 3.3187828 3.1665601 3.3119773 2.6260299 
Chem_TCONS_00071641                                   1.4536163 1.5992968 1.4560193 1.5352152 1.4176524 1.4795079 1.6931695 0.4932715 1.6874737 1.7756044 1.5204093 0.3951648 1.4224892 1.4192845 1.2359707 1.4981138 1.3949528 1.3167095 1.3273113 1.4435120 1.4104983 1.4464949 1.6904649 1.4218376 1.3199522 1.2948418 1.3127398 1.3766594 0.7944081 0.8109721 0.8295223 0.8543580 0.5347596 0.0000000 2.3494712 1.1661083 1.0048294 1.9122360 1.8436306 1.3540726 1.5206176 1.4749425 1.5035531 1.4629204 1.4888173 1.4906853 2.0294034 3.1033034 4.5166673 3.1443688 3.5112089 3.1041427 3.0882598 3.2373340 3.2933208 2.2178905 3.5269727 3.4249968 3.5376865 2.1149576 
Aque_Aqu2.1.32868_001                                 1.9753528 2.3189766 2.1275505 2.1298332 1.8166211 1.9291912 1.8844828 0.7591777 1.7909376 1.8174700 2.0554237 1.2050745 1.9541116 1.7888717 1.8040710 1.9854146 2.0273334 1.9627370 1.8957491 2.1196447 1.9494510 1.8933310 2.2062141 1.9291516 1.9984665 1.8766745 2.0238899 2.2105610 2.0397361 2.0518701 2.2631836 2.2718057 2.4734938 2.3494712 0.0000000 0.2757062 0.3744213 1.1920180 1.2163004 2.0906310 2.2602510 2.1732990 2.2137107 2.0803054 2.1244576 2.0184277 1.9994359 3.5273735 6.0455032 3.4293152 3.6482626 3.5828310 3.5606314 3.4757563 3.5485149 2.8547046 3.9415238 3.7578285 3.4759206 7.0415288 
Halamb_c33460_g1_i1m.7665                             1.0802729 1.2145696 1.1152097 1.0672022 1.0178859 1.0900047 1.2339572 0.9568361 1.1375610 1.1775460 1.0510093 1.5026057 1.2509628 1.2036843 1.0068341 0.9808994 0.9691045 1.1765594 1.2118557 1.3706719 1.3273643 1.2515229 1.4378233 1.2651723 1.3421421 1.2349908 1.3255909 1.3597588 1.2776903 1.3142172 1.3381949 1.3990268 1.5458518 1.1661083 0.2757062 0.0000000 0.3233814 0.8500054 0.8670154 1.5307622 1.4951644 1.5461239 1.5711938 1.4893497 1.5342257 1.5327297 1.1859550 2.0563646 2.6322577 2.5560351 2.5279224 2.2817564 2.2817564 2.1783385 2.3492080 2.2875259 2.4059612 2.2222452 2.2768489 6.3296507 
Xestes_maker-XT_scaffold2273-augustus-gene-0.9-mRNA-1 0.8704810 1.0151850 0.9496486 0.9191484 0.9085870 0.9370967 1.2211071 0.9642472 1.1346987 1.2081208 0.9148139 1.1893729 1.1435313 1.1979114 0.8952487 0.9184823 0.8662479 1.0491224 1.0555271 1.2047583 1.1303079 1.0799881 1.2239895 1.0513801 1.1222833 1.0813224 1.1426602 1.1073927 0.9768777 1.0703848 1.1315634 1.0983141 1.2723150 1.0048294 0.3744213 0.3233814 0.0000000 0.7745000 0.7774906 1.2656329 1.2496518 1.2982090 1.3408389 1.2673973 1.2844170 1.2626018 1.0573288 1.7965429 2.1895414 2.2029939 2.1974293 2.0952310 2.0952310 1.8649038 2.2080092 2.0641572 2.1199873 2.0564636 1.9974313 4.8544176 
Emue_Em0028g32a.t1                                    2.0591190 2.2364329 1.9427670 1.8531612 1.6966760 1.8959067 1.7240085 0.9199389 1.7607717 1.7725433 1.7603237 1.3205681 1.8429458 1.6885403 1.5728941 1.7770106 1.8952505 1.7837335 1.8427305 1.9546672 1.9311011 1.7433454 1.9209322 1.7842797 1.7980244 1.6715750 1.7702294 1.8334927 1.8181503 1.9322258 1.9764435 2.0122503 2.0395564 1.9122360 1.1920180 0.8500054 0.7745000 0.0000000 0.2038429 2.0914228 2.1488469 2.1490684 2.1819751 2.0580445 2.1171056 2.0428564 1.8267675 3.1541031 5.1482062 3.5290905 3.6183992 3.4631074 3.4082248 3.3527181 3.4281004 3.0603656 3.9148984 3.8923903 3.3630223 4.1670406 
Spolac_c98399_g1_i1_m.17090c98399-g1                  2.0907077 2.2917629 2.1257654 1.9381486 1.7532326 1.9311656 1.6897939 0.9048090 1.6798167 1.7510401 1.8823501 1.2828751 1.9393488 1.6882142 1.6474579 1.8869987 1.9902818 1.8096753 1.8703604 1.9557770 1.8908416 1.8269301 2.0426167 1.8039158 1.9287568 1.7508564 1.8700636 2.0637195 1.7829509 1.8844845 1.9142516 1.9405601 2.0745290 1.8436306 1.2163004 0.8670154 0.7774906 0.2038429 0.0000000 2.1175738 2.1863736 2.2100693 2.2404768 2.1155461 2.1565395 2.1033883 1.7719390 3.0948211 5.6234937 3.5919510 3.6939040 3.5681536 3.5107966 3.3846764 3.5132509 2.9671344 3.8381316 3.8856001 3.4880949 4.5507737 
Tadh_TriadT20128                                      1.3939748 1.5113170 1.5411259 1.4498889 1.1723704 1.4354498 1.6780302 0.8829206 1.6593210 1.6707664 1.2872326 1.2215836 1.2935933 1.2878791 1.2441640 1.2971104 1.3009585 1.5068780 1.5056700 1.4568923 1.4953904 1.4728856 1.7309674 1.4392457 1.5310439 1.4719118 1.4587293 1.5721556 1.5341224 1.5055720 1.5006210 1.5095781 1.5301734 1.3540726 2.0906310 1.5307622 1.2656329 2.0914228 2.1175738 0.0000000 0.0048532 0.2757550 0.3003866 0.2681037 0.2792312 0.2683559 2.3094894 3.0145162 4.4770870 3.0638742 3.1404152 3.1136608 3.1136608 2.9736982 2.9430466 2.8186586 3.2146200 2.9268930 3.3404447 6.4213076 
TrH2_TrispH2_003136-RA                                1.4402799 1.5881792 1.5592358 1.4894983 1.2251030 1.4793318 1.6550926 0.8665448 1.6402706 1.7052823 1.3573275 1.2414793 1.4477432 1.4105831 1.2722273 1.3810833 1.2953719 1.5256301 1.5184094 1.5685518 1.5158830 1.5318929 1.7763270 1.5087016 1.5800676 1.5313881 1.5070865 1.6403905 1.6979375 1.6655885 1.6540811 1.6758159 1.6356353 1.5206176 2.2602510 1.4951644 1.2496518 2.1488469 2.1863736 0.0048532 0.0000000 0.2791919 0.3014136 0.2761187 0.2862272 0.2520289 2.3064847 2.8000805 4.8614685 3.2719180 3.4079672 3.5484805 3.4774542 3.3867805 3.3361618 2.8758935 3.4775152 3.2116384 3.5779087 5.5884277 
HoiH06_mRNA8378                                       1.5508197 1.6316566 1.4914718 1.5350523 1.3303697 1.5241745 1.6326213 0.8570296 1.6250115 1.6714706 1.3885243 1.2325805 1.4512098 1.4368550 1.3122508 1.3899017 1.3587033 1.4616483 1.4872109 1.6206720 1.5233380 1.5318130 1.7522893 1.5461076 1.6500194 1.5847332 1.5890248 1.7178245 1.7481065 1.6724318 1.7137692 1.7138494 1.6508217 1.4749425 2.1732990 1.5461239 1.2982090 2.1490684 2.2100693 0.2757550 0.2791919 0.0000000 0.0270698 0.1074485 0.1239079 0.1421309 2.3808034 3.0360426 4.6092560 3.1218263 3.2081326 3.4170999 3.3499442 3.1163406 3.2163740 2.8971489 3.3648686 2.9961524 3.6896133 6.1058535 
HoiH23_PlH23_008737-RA                                1.6297988 1.6449062 1.5256488 1.5811253 1.3344527 1.5389316 1.6405246 0.8717105 1.6192094 1.6747724 1.4273674 1.2602737 1.4624510 1.4586422 1.3410812 1.4179314 1.3673679 1.4609518 1.4830128 1.6545877 1.5482628 1.5552634 1.7832299 1.5699901 1.6842148 1.5938291 1.5890517 1.7397337 1.7574679 1.6915573 1.7357109 1.7211744 1.6751622 1.5035531 2.2137107 1.5711938 1.3408389 2.1819751 2.2404768 0.3003866 0.3014136 0.0270698 0.0000000 0.1242713 0.1393055 0.1545310 2.4095986 3.0230999 4.8149159 3.2334406 3.3135700 3.5135863 3.4437663 3.2139354 3.2700991 2.9448914 3.4784546 3.1138601 3.6806247 6.0530038 
Hhon_g03729.t1                                        1.5689708 1.6905966 1.4544254 1.5381796 1.3338502 1.5127024 1.5828595 0.8660876 1.5601785 1.5867322 1.3314482 1.2738814 1.4294230 1.4215384 1.2954795 1.4182580 1.3865269 1.4603513 1.4814250 1.6068498 1.4986760 1.5309385 1.7562368 1.5337556 1.6308781 1.5927070 1.5980550 1.6926371 1.7216353 1.6569370 1.6798095 1.7195378 1.6250142 1.4629204 2.0803054 1.4893497 1.2673973 2.0580445 2.1155461 0.2681037 0.2761187 0.1074485 0.1242713 0.0000000 0.0133896 0.1387335 2.3330276 2.9947768 4.5077187 3.1804857 3.2758310 3.5191267 3.4490026 3.2026480 3.4144085 2.8840012 3.5573722 3.0581937 3.6570386 5.8798723 
HoiH04_mRNA11008                                      1.5761166 1.7199438 1.4804268 1.5675005 1.3489571 1.5324197 1.6072376 0.8747788 1.5871291 1.6105883 1.3710780 1.2738814 1.4568013 1.4331887 1.3309581 1.4494961 1.4383039 1.4907996 1.5119933 1.6417706 1.5146086 1.5355353 1.7625827 1.5447439 1.6424155 1.6040992 1.6095193 1.7064241 1.7460270 1.6802583 1.7034884 1.7440220 1.6604635 1.4888173 2.1244576 1.5342257 1.2844170 2.1171056 2.1565395 0.2792312 0.2862272 0.1239079 0.1393055 0.0133896 0.0000000 0.1480924 2.3824263 3.1141251 4.5690263 3.1783434 3.2737475 3.5522859 3.4812319 3.2678798 3.4540914 2.9116880 3.5732363 3.1141259 3.7161350 5.8798723 
HoiH11_mRNA6251                                       1.4816630 1.5629280 1.4125402 1.4940133 1.2205369 1.4577386 1.5995590 0.8376834 1.5749454 1.5362598 1.3059085 1.2478227 1.3282173 1.2955173 1.2525048 1.2962817 1.3066498 1.4532059 1.4828498 1.5044644 1.4737418 1.5193581 1.7396832 1.4957050 1.6068923 1.5395974 1.5413062 1.6890893 1.6160900 1.5488131 1.5755575 1.5663655 1.6108584 1.4906853 2.0184277 1.5327297 1.2626018 2.0428564 2.1033883 0.2683559 0.2520289 0.1421309 0.1545310 0.1387335 0.1480924 0.0000000 2.2587379 2.9611771 5.0811018 3.3052070 3.3562256 3.2342732 3.2342732 3.0438834 3.3569370 2.8846582 3.5119281 3.1576756 3.6278584 6.2563805 
Plespi_Pspi_C610496_01                                2.0638526 2.1254793 1.9820162 1.9195332 1.7600856 1.9191075 1.9949616 0.9604554 1.9320768 2.0675153 1.8587678 1.3018414 1.8244720 1.7824613 1.7730512 1.8455639 1.9447943 2.1990536 2.1352259 2.1237426 2.0576447 2.1153337 2.4027961 2.0700521 2.0403607 2.0157228 2.0127353 2.1375381 1.8780312 2.0079940 1.9882676 2.1413779 2.1067607 2.0294034 1.9994359 1.1859550 1.0573288 1.8267675 1.7719390 2.3094894 2.3064847 2.3808034 2.4095986 2.3330276 2.3824263 2.2587379 0.0000000 3.6144640 5.0715687 3.0919929 3.2104849 3.3525803 3.3163618 3.1551831 3.4179456 2.5353165 3.5211957 3.5548668 3.3501187 5.9317304 
Scil_scict013807.1                                    3.2002099 3.1504214 2.9744650 2.7998401 2.1417247 2.9826764 0.8170632 0.0000010 0.7206221 0.6929362 3.1499082 0.0000010 1.8024658 2.2412003 2.2175706 2.5259672 3.0789561 2.6730043 2.7029241 2.7309663 3.0084524 2.5534923 2.5466496 2.7261121 2.5736199 2.5995390 2.7264719 2.7302774 3.2367619 3.1680362 3.0029329 3.4438526 2.6789204 3.1033034 3.5273735 2.0563646 1.7965429 3.1541031 3.0948211 3.0145162 2.8000805 3.0360426 3.0230999 2.9947768 3.1141251 2.9611771 3.6144640 0.0000000 8.7438297 7.9874148 8.9999989 8.0332368 8.0332368 6.8221525 7.1149356 6.1591707 7.9595179 7.6011334 8.5222583 6.1335013 
Mlei_ML0135.g14.i1                                    4.4837117 5.2970194 4.5790873 4.6688191 3.9808694 4.6374229 4.8067125 1.1081706 5.0083451 4.5214269 4.3669616 0.0000010 4.8579275 4.0740645 3.8727389 4.3145240 4.2748443 3.9073446 4.3107872 4.6584003 4.6327995 4.3521613 4.3573086 4.5083272 4.5687803 4.7351716 4.6136249 4.5733602 4.3518902 4.4394684 4.4885364 4.4634668 4.5659601 4.5166673 6.0455032 2.6322577 2.1895414 5.1482062 5.6234937 4.4770870 4.8614685 4.6092560 4.8149159 4.5077187 4.5690263 5.0811018 5.0715687 8.7438297 0.0000000 0.8039051 0.7067992 0.5005714 0.4839639 0.6387709 0.5852601 0.7555199 0.9765650 0.9185488 1.0452378 8.9999988 
Pbac_sb2658507                                        3.0695725 3.5786485 3.5071342 3.4884859 3.0540661 3.1411298 2.8173252 1.5156294 3.1110159 3.1697707 3.2225844 2.3310557 2.5562929 2.7458588 3.0846911 2.9822808 3.2112431 3.0194133 3.0022609 3.1509764 2.9544691 2.8453265 3.2733114 2.8036779 2.9166096 2.8013974 2.9092146 3.1077785 2.5409275 2.5727253 2.4638907 2.6588950 3.1847884 3.1443688 3.4293152 2.5560351 2.2029939 3.5290905 3.5919510 3.0638742 3.2719180 3.1218263 3.2334406 3.1804857 3.1783434 3.3052070 3.0919929 7.9874148 0.8039051 0.0000000 0.0408866 0.6004914 0.6004914 0.5725239 0.7150791 0.6202686 0.9334264 0.7952760 0.9471956 6.4233716 
Horcal_Hcv1.av93.c6.g1191.i2                          3.2248072 3.6576758 3.5251334 3.5979017 3.3225267 3.2842331 3.0389811 1.5103443 3.2864308 3.2277237 3.2221640 2.2952674 3.0236529 3.1460636 3.3119804 3.1080176 3.3254652 3.1674958 3.1263561 3.2778985 3.1145432 2.9981589 3.4282355 2.8858038 3.0925769 2.9430746 3.0261261 3.3032805 2.9462938 3.0706599 2.9177986 2.9830713 3.4127787 3.5112089 3.6482626 2.5279224 2.1974293 3.6183992 3.6939040 3.1404152 3.4079672 3.2081326 3.3135700 3.2758310 3.2737475 3.3562256 3.2104849 8.9999989 0.7067992 0.0408866 0.0000000 0.5947736 0.5832450 0.5701497 0.6252248 0.6875242 0.8320912 0.7191336 0.9051680 7.8185360 
Bolinf_Binf_sb1271469                                 3.1117804 3.6101752 3.5266892 3.5614027 2.9024642 3.1812943 2.9233044 1.5682131 3.1479380 3.0613036 3.1598882 2.2773035 2.9722403 2.8453328 3.0791181 3.1137610 3.2184433 2.8910956 2.9484446 3.0934781 2.9994493 3.0024973 3.4665431 2.8006384 3.0322277 2.8468581 2.9634209 3.2767058 3.0141868 3.2487293 3.1280173 3.0697448 3.2895485 3.1041427 3.5828310 2.2817564 2.0952310 3.4631074 3.5681536 3.1136608 3.5484805 3.4170999 3.5135863 3.5191267 3.5522859 3.2342732 3.3525803 8.0332368 0.5005714 0.6004914 0.5947736 0.0000000 0.0044743 0.5029366 0.4773974 0.6583622 0.8118632 0.7560902 0.8806443 8.9999990 
Mertsp_Mesp_sb581736                                  3.1117804 3.6101752 3.5400998 3.5614027 2.9024642 3.1812943 2.9233044 1.5682131 3.1479380 3.0613036 3.1163915 2.2773035 2.9767076 2.8639409 3.0791181 3.1109985 3.2184433 2.8777250 2.9349219 3.0792796 2.9856447 2.9888639 3.4485241 2.7880543 3.0183977 2.8339459 2.9499252 3.2590594 3.0004929 3.2340528 3.1138960 3.0557048 3.2605974 3.0882598 3.5606314 2.2817564 2.0952310 3.4082248 3.5107966 3.1136608 3.4774542 3.3499442 3.4437663 3.4490026 3.4812319 3.2342732 3.3163618 8.0332368 0.4839639 0.6004914 0.5832450 0.0044743 0.0000000 0.4968187 0.4677745 0.6583622 0.7975526 0.7426102 0.8715183 8.9999988 
Drygla_Dgla_sb301659                                  3.1132970 3.5304384 3.4415036 3.3817025 2.8654660 3.2269368 2.9676292 1.4125817 3.1666198 3.0929159 3.4442694 1.9959648 2.7578449 2.7977172 2.6920157 3.0484462 3.0078385 3.0356780 2.9642531 3.0987664 3.0023338 2.9122589 3.3582337 2.7801090 2.8859905 2.7100320 2.8032128 3.2778822 2.9173035 3.0650398 2.9709292 3.0498875 3.6158048 3.2373340 3.4757563 2.1783385 1.8649038 3.3527181 3.3846764 2.9736982 3.3867805 3.1163406 3.2139354 3.2026480 3.2678798 3.0438834 3.1551831 6.8221525 0.6387709 0.5725239 0.5701497 0.5029366 0.4968187 0.0000000 0.5649431 0.6127805 0.7511409 0.7467164 0.9445614 8.9999984 
Lampan_Lpan_C420075_01                                3.2354411 3.4908955 3.0859242 3.0387695 2.9207378 3.1201230 2.8542801 1.4991045 3.0152461 3.0832827 3.1408684 1.9569548 2.9768633 2.6076534 2.8983820 2.8448856 3.2300628 2.9656860 2.8747595 3.2743871 2.9910322 2.8528822 3.3365295 2.7987143 2.9278812 2.6931393 2.8151571 3.3017253 2.7556186 2.9756566 2.8930158 2.9417864 3.4751782 3.2933208 3.5485149 2.3492080 2.2080092 3.4281004 3.5132509 2.9430466 3.3361618 3.2163740 3.2700991 3.4144085 3.4540914 3.3569370 3.4179456 7.1149356 0.5852601 0.7150791 0.6252248 0.4773974 0.4677745 0.5649431 0.0000000 0.6015562 0.7537692 0.7272384 0.8730557 8.4004429 
Beraby_Baby_sb335115                                  2.8352666 3.1363691 2.8481666 3.0173949 2.5300970 2.9564377 2.7478434 1.6127693 2.7659089 2.8437650 2.6729636 2.0492701 2.5756135 2.4449954 2.4580975 2.5985089 2.6083976 2.5611276 2.4830950 2.6005108 2.5401950 2.6629234 3.1467583 2.5372370 2.6692762 2.5540888 2.6228368 2.9628202 2.1888611 2.3671216 2.3907801 2.2915829 2.5553558 2.2178905 2.8547046 2.2875259 2.0641572 3.0603656 2.9671344 2.8186586 2.8758935 2.8971489 2.9448914 2.8840012 2.9116880 2.8846582 2.5353165 6.1591707 0.7555199 0.6202686 0.6875242 0.6583622 0.6583622 0.6127805 0.6015562 0.0000000 0.8796455 0.7513214 1.0517157 6.8843503 
Vmul_SimC401714                                       3.6405698 4.0984697 3.8698794 3.6603630 3.5739517 3.5555388 3.1809637 1.5846725 3.3290574 3.2497065 3.5550423 2.3501796 3.3183538 3.1459298 3.3472578 3.2761192 3.4390108 3.2655708 3.2291179 3.3868160 3.3998010 3.1475646 3.6008660 3.0005518 3.2479353 3.0986149 3.2582070 3.5666944 3.2490090 3.4282776 3.1922111 3.3656435 3.3187828 3.5269727 3.9415238 2.4059612 2.1199873 3.9148984 3.8381316 3.2146200 3.4775152 3.3648686 3.4784546 3.5573722 3.5732363 3.5119281 3.5211957 7.9595179 0.9765650 0.9334264 0.8320912 0.8118632 0.7975526 0.7511409 0.7537692 0.8796455 0.0000000 0.4612848 1.0852741 8.9999983 
Coemet_Cmet_scaffold19331_01                          3.3541602 4.0122791 3.7319666 3.7689619 3.1765998 3.2741646 2.9528941 1.4985927 3.2803636 3.1010388 3.3143651 2.2232038 2.9629810 3.0021743 3.1884571 3.2161637 3.5838879 3.1246977 3.0991266 3.2551154 3.1094086 2.9467961 3.3776996 3.0064947 3.1059864 3.0040553 3.0863284 3.4582488 3.0002015 3.2698919 3.0227916 3.0735566 3.1665601 3.4249968 3.7578285 2.2222452 2.0564636 3.8923903 3.8856001 2.9268930 3.2116384 2.9961524 3.1138601 3.0581937 3.1141259 3.1576756 3.5548668 7.6011334 0.9185488 0.7952760 0.7191336 0.7560902 0.7426102 0.7467164 0.7272384 0.7513214 0.4612848 0.0000000 0.9129138 8.9999983 
Eupdun_Edun_sb10635582                                3.1360219 3.7978004 3.5667304 3.4872803 3.0054939 3.1955745 2.9061011 1.4804430 3.1699074 3.0026152 3.3389232 2.3016862 2.9001071 2.7002718 2.9208944 3.1833405 3.2804963 3.0886173 3.1771127 3.1606204 2.9854854 2.9488253 3.4375382 2.8662730 2.9778144 2.9296080 2.9964391 3.2988604 2.9634237 3.2622629 3.1760827 2.8594370 3.3119773 3.5376865 3.4759206 2.2768489 1.9974313 3.3630223 3.4880949 3.3404447 3.5779087 3.6896133 3.6806247 3.6570386 3.7161350 3.6278584 3.3501187 8.5222583 1.0452378 0.9471956 0.9051680 0.8806443 0.8715183 0.9445614 0.8730557 1.0517157 1.0852741 0.9129138 0.0000000 8.6135313 
Morvir_scaffold590.g3.t1                              4.8844416 5.0492637 4.2572973 4.6601245 4.6559138 4.3815325 6.5060564 6.8867022 5.7167320 6.0712140 4.5514188 4.9222024 6.4107341 5.6241318 5.0147774 4.8413803 4.4663390 3.9629780 4.1434141 4.5753466 4.3510284 3.9646142 3.9711990 3.9089084 3.6025050 3.7093012 3.6273103 3.6808251 2.6092411 2.7043380 2.8158721 2.5687096 2.6260299 2.1149576 7.0415288 6.3296507 4.8544176 4.1670406 4.5507737 6.4213076 5.5884277 6.1058535 6.0530038 5.8798723 5.8798723 6.2563805 5.9317304 6.1335013 8.9999988 6.4233716 7.8185360 8.9999990 8.9999988 8.9999984 8.4004429 6.8843503 8.9999983 8.9999983 8.6135313 0.0000000 
