54
Hsap_ENST00000379611                              0.0000000 1.3356404 1.4201868 1.6130509 1.4188680 1.3665283 1.5966778 1.6689985 1.7603418 1.4205302 1.4528300 1.4675191 1.7231891 1.7374977 1.7289443 1.8747806 1.8188054 1.6427684 1.7994328 2.0064380 2.0009788 2.0313794 1.9325908 1.8945020 1.8608308 1.7767771 1.6344913 2.1607757 2.0807083 1.9347010 1.6729062 1.9351236 1.8720346 1.8627884 1.9121555 1.9531489 1.9233491 1.9359546 2.3727776 2.1150977 1.7961085 2.3594935 2.4638741 2.8358029 3.2727270 2.9881416 3.1042086 2.7175408 2.7430257 2.7698106 2.5899894 2.6030904 2.5968656 2.7264904 
Bralan_BLAG02001391_1                             1.3356404 0.0000000 0.9973503 0.9893004 1.0679222 0.9553339 1.2102749 1.1419297 1.3351209 0.9795479 1.0191541 1.0000331 1.2917348 1.4075668 1.4279037 1.3960726 1.3279141 1.2053409 1.3465839 1.6538997 1.7191959 1.5951096 1.7057803 1.4517426 1.4571205 1.2892758 1.3164862 1.8913200 1.8465044 1.6555929 1.4538857 1.6599042 1.5350712 1.5591947 1.6118951 1.6340906 1.5872155 1.5713056 2.2552804 1.8960305 1.6053690 2.0802889 1.8945797 2.7803449 2.8091355 2.3953635 2.5629149 2.2970894 3.1074018 2.6708913 2.7988634 2.8887759 2.3261432 2.9867328 
Spur_XM_030977045.1                               1.4201868 0.9973503 0.0000000 0.8980612 1.1661700 1.1663037 1.3520483 1.2618441 1.4413420 1.1566079 1.1360843 1.1783058 1.2810073 1.3374707 1.3735584 1.3232835 1.5973664 1.3918355 1.5054168 1.7212774 1.7155734 1.7108209 1.7203766 1.6121206 1.6300747 1.4535489 1.4040936 1.6895869 1.7958539 1.7019088 1.4259644 1.5617364 1.5197768 1.5143238 1.6474788 1.6431491 1.5518007 1.5620559 2.3384457 1.9936830 1.6832831 2.2105105 2.0816416 2.8029543 2.9012258 2.6642278 2.7385597 2.6559742 2.8151922 2.7378309 2.9365011 2.9716268 2.7132143 3.0269534 
Skow_XM_002732573.2                               1.6130509 0.9893004 0.8980612 0.0000000 1.2717422 1.1862826 1.2326040 1.2324880 1.2869539 1.1654295 1.2456995 1.1646968 6.3002636 1.2073945 1.1652808 1.4079602 1.3588848 1.3588848 1.4392064 1.5851783 1.5945435 1.6384305 1.7217440 1.8756332 1.6520883 1.5820047 1.3350802 1.8186456 2.0713544 1.7771463 0.9677675 2.0230671 1.5962292 1.6077915 1.7220130 1.7555819 1.7213806 1.6880607 2.3106244 1.6996886 1.2007987 2.1434276 2.2988385 2.3878818 2.6303076 2.1056195 2.3638659 2.2115640 2.7228449 2.1550040 2.4272211 2.4074076 2.1425302 2.3727489 
Cgig_XM_034470382.1                               1.4188680 1.0679222 1.1661700 1.2717422 0.0000000 0.7700005 1.4319280 1.3837299 1.5445125 1.1834830 1.1833885 1.1306854 1.4353666 1.5425442 1.4647002 1.5170957 1.6527653 1.4454277 1.4032757 1.6051339 1.6922553 1.6256352 1.8447898 1.5175334 1.6396979 1.3797090 1.4043300 2.0790572 2.1812914 1.9471147 1.7727357 1.8655517 1.5868857 1.6076943 1.7177759 1.7528790 1.7309282 1.7272808 2.3342909 1.9229471 1.7107636 2.2756664 2.1895529 2.9293115 2.6592794 2.5197301 2.6852609 2.4052374 2.9877795 2.5786850 2.7264460 2.9449187 2.6774145 3.1878129 
Acagra_model.g9579.t1                             1.3665283 0.9553339 1.1663037 1.1862826 0.7700005 0.0000000 1.3654530 1.3932158 1.5891444 1.1861486 1.1715029 1.2078688 1.5404764 1.4598240 1.4656804 1.5650847 1.5821475 1.3758287 1.4885626 1.4741450 1.4530422 1.5323958 1.6740307 1.6642777 1.6434491 1.3284344 1.3998115 1.8327004 1.9029445 1.7411455 1.6198857 1.7561502 1.7080941 1.7056322 1.7844322 1.8146993 1.7441678 1.7567219 2.3540759 1.9466842 1.6470804 2.4577095 2.2824340 2.8822773 2.7718722 2.6473636 2.8457075 2.3761596 3.0997556 2.6517422 2.7970988 2.9286458 2.4520599 3.0348166 
Exapal_XM_021036434.2                             1.5966778 1.2102749 1.3520483 1.2326040 1.4319280 1.3654530 0.0000000 0.9658329 1.0638113 0.7577930 0.7460823 0.7116401 1.0568203 1.1359539 1.2737992 0.8789263 1.5382286 1.3773300 1.3552494 1.4738241 1.5839271 1.3890363 1.5648773 1.4053960 1.3546506 1.7469942 1.4824697 1.7931665 1.7408673 1.7382935 1.3679277 1.6498588 1.6974674 1.6656251 1.8111748 1.8084273 1.7486015 1.7792400 1.9213766 1.7174589 1.4564246 2.0894017 1.7558919 2.5882062 2.7316866 2.5897607 2.7019742 2.0999926 2.6279113 2.5134599 2.7141183 2.6314216 2.3503606 3.0005062 
Adig_XM_015903179.1                               1.6689985 1.1419297 1.2618441 1.2324880 1.3837299 1.3932158 0.9658329 0.0000000 0.0841545 0.3561767 0.4030164 0.3921134 0.5400884 0.9886800 1.1522153 0.7872415 1.4364596 1.2445541 1.2479746 1.3816637 1.4559107 1.3911253 1.4682293 1.4218570 1.3845695 1.6774707 1.2770638 1.8267000 1.7172981 1.5897722 1.3820907 1.4943344 1.5052027 1.5110665 1.6141472 1.6236488 1.6121634 1.5971277 2.0612234 1.7290320 1.4991950 2.0088416 1.9734517 2.5043013 2.8087766 2.4233180 2.5458135 2.0356123 2.5104263 2.3547853 2.5381691 2.4947912 2.3891506 2.8786486 
Amil_Amillepora00123-RA                           1.7603418 1.3351209 1.4413420 1.2869539 1.5445125 1.5891444 1.0638113 0.0841545 0.0000000 0.4569853 0.4900400 0.3653179 0.8425083 1.0740143 1.2583456 0.9179173 1.3867462 1.4459593 1.1861025 1.5606962 1.6450383 1.5689102 1.6431814 1.3203257 1.2786725 1.8196137 1.5987642 1.7522180 1.4478021 1.5625390 1.3629949 1.6525518 1.6739094 1.6686515 1.7607837 1.7763837 1.7473429 1.7373098 2.1612784 1.7895488 1.7852252 2.0379726 1.9688059 2.5242648 3.1060269 2.3854333 2.5245899 2.0523114 2.6602559 2.4075518 2.8122294 2.6863280 2.3451652 2.8954619 
Fspp_ffun1.m4.19201.m1                            1.4205302 0.9795479 1.1566079 1.1654295 1.1834830 1.1861486 0.7577930 0.3561767 0.4569853 0.0000000 0.1897577 0.1833798 0.3927295 0.9413901 1.0891127 0.8084252 1.3228771 1.1207373 1.1262973 1.2755139 1.3238626 1.1955711 1.3157519 1.2917233 1.2870116 1.5795501 1.2248757 1.6265839 1.6272120 1.6446795 1.2557293 1.4071623 1.3436182 1.3509840 1.5046732 1.5400575 1.4622706 1.4253541 2.0318157 1.5359511 1.2262200 1.8701682 1.7092599 2.2842823 2.5524293 2.0106417 2.1077260 1.7990171 2.2652795 2.0674664 2.3148283 2.2092934 2.1935391 2.7318984 
Spis_XP_022781830_1                               1.4528300 1.0191541 1.1360843 1.2456995 1.1833885 1.1715029 0.7460823 0.4030164 0.4900400 0.1897577 0.0000000 0.2006190 0.4468720 0.9335940 1.1228098 0.7505143 1.4037397 1.1939987 1.1393689 1.3372086 1.4263857 1.3174943 1.3611230 1.3875068 1.3520590 1.6507386 1.1994710 1.6249450 1.6136955 1.6443322 1.2852069 1.4547207 1.4326745 1.4297885 1.5588138 1.5825294 1.5365959 1.5418114 1.9707677 1.5969435 1.4184252 1.9571037 1.7711589 2.4924371 2.6930023 2.3687502 2.4716942 2.0172309 2.7553934 2.2080661 2.6326413 2.4929960 2.3860045 2.7659717 
Gasp_gasp1.m3.28255.m1                            1.4675191 1.0000331 1.1783058 1.1646968 1.1306854 1.2078688 0.7116401 0.3921134 0.3653179 0.1833798 0.2006190 0.0000000 0.4674096 0.8709120 1.0745200 0.6947277 1.3632928 1.2537314 1.1567420 1.2922678 1.3888192 1.2882027 1.3737757 1.3729425 1.3790208 1.6166180 1.2966003 1.5705523 1.6255949 1.5767896 1.2062132 1.5208672 1.4318710 1.4285229 1.5163844 1.5292069 1.4647298 1.4772559 1.9782566 1.5749879 1.3834581 1.8678366 1.6090496 2.4297116 2.5413919 2.3357702 2.4346569 2.0567034 2.4182581 2.2350983 2.4729807 2.3735901 2.2461987 2.7070330 
Gfas_gfas1.m1.4534.m1                             1.7231891 1.2917348 1.2810073 6.3002636 1.4353666 1.5404764 1.0568203 0.5400884 0.8425083 0.3927295 0.4468720 0.4674096 0.0000000 1.2051090 1.3429918 0.9108382 2.5447167 1.4732321 3.7359101 1.8533115 2.1368295 1.9713601 1.9815675 2.0292600 2.0309657 1.8906060 1.4193918 1.9801091 2.0962435 1.7715147 1.7459682 1.5136723 1.6860860 1.7069908 1.8404354 1.8438818 1.6794749 1.6172485 2.8247135 2.4764562 2.1957471 2.5849782 2.3848174 3.2655081 3.3787465 3.4476598 3.4476598 2.9780757 3.2751609 3.2360267 3.6653387 3.9554496 4.3467157 4.2894662 
Dgig_XM_028551237.1                               1.7374977 1.4075668 1.3374707 1.2073945 1.5425442 1.4598240 1.1359539 0.9886800 1.0740143 0.9413901 0.9335940 0.8709120 1.2051090 0.0000000 0.5378362 1.0904927 1.5821688 1.4234018 1.3724816 1.4249520 1.5576278 1.4965151 1.6026097 1.4159195 1.3127757 1.6937352 1.4675492 1.9165070 1.7231581 1.8029783 1.4067782 1.7118665 1.5389103 1.5513636 1.6575089 1.6063234 1.5480355 1.5256716 2.2797219 1.8047708 1.6066012 2.0320315 2.0845229 2.5149059 2.7478682 2.4379622 2.5438205 2.2095764 3.0733346 2.5896069 2.6092811 2.5723660 2.4601935 2.9298142 
Xesp_003097-T1                                    1.7289443 1.4279037 1.3735584 1.1652808 1.4647002 1.4656804 1.2737992 1.1522153 1.2583456 1.0891127 1.1228098 1.0745200 1.3429918 0.5378362 0.0000000 1.2305977 1.6996636 1.5104099 1.4361405 1.5226089 1.6685193 1.5840358 1.5458076 1.5775805 1.3850307 1.8134840 1.4849188 1.9257297 1.9232949 1.9131434 1.4097478 1.7285954 1.5542909 1.5535090 1.6859866 1.6204895 1.6233293 1.5997343 2.2443222 1.8775868 1.5839037 2.0204734 2.0230622 2.4086965 2.5769018 2.3011136 2.4286189 2.1941108 2.7231670 2.4677283 2.5240093 2.4868469 2.3903497 3.0021590 
Nvec_v1g212634                                    1.8747806 1.3960726 1.3232835 1.4079602 1.5170957 1.5650847 0.8789263 0.7872415 0.9179173 0.8084252 0.7505143 0.6947277 0.9108382 1.0904927 1.2305977 0.0000000 1.6448181 1.3614251 1.2568864 1.6637724 1.7272788 1.5996756 1.7890025 1.5939673 1.4146216 1.8528386 1.5227164 2.0046839 2.0191439 1.8095926 1.3927220 1.7114140 1.6347686 1.6538654 1.7985962 1.8038189 1.7312604 1.6673018 2.1579640 1.8734431 1.6894024 2.1650625 1.9462991 2.6764795 2.8121009 2.5049829 2.5049829 2.3594282 2.6754443 2.3877257 2.6135449 2.6971992 2.4737832 3.4715150 
Ocar_g5138                                        1.8188054 1.3279141 1.5973664 1.3588848 1.6527653 1.5821475 1.5382286 1.4364596 1.3867462 1.3228771 1.4037397 1.3632928 2.5447167 1.5821688 1.6996636 1.6448181 0.0000000 0.0318080 0.7573624 1.6905769 1.7605537 1.7545275 1.7501182 1.5398948 1.5648395 1.9882947 1.4950297 1.8831301 1.7321320 1.6558102 1.6016107 1.6895940 2.0390565 2.0095976 2.0563047 2.1389921 2.0596505 2.0882581 2.2809070 1.9478111 1.5973219 1.9243775 2.0912657 2.5013949 2.6484261 2.5375670 2.6576530 2.3741596 3.2100591 2.4937155 2.6942896 2.7684868 2.3811543 2.7677140 
Opea_EP00118_Oscarella_pearsei_P010810            1.6427684 1.2053409 1.3918355 1.3588848 1.4454277 1.3758287 1.3773300 1.2445541 1.4459593 1.1207373 1.1939987 1.2537314 1.4732321 1.4234018 1.5104099 1.3614251 0.0318080 0.0000000 0.7573624 1.5067185 1.5781324 1.5824078 1.5667220 1.4603301 1.4486258 1.7497371 1.3507854 1.8073744 1.7036006 1.5733938 1.5938862 1.4717816 1.7874646 1.7664174 1.7957624 1.8586985 1.7782822 1.7986354 2.1239174 1.9151997 1.4573683 2.0447052 2.0787126 2.6381974 2.6496822 2.3579412 2.4568099 2.2136740 3.0995635 2.5741260 2.6165937 2.7183327 2.3188270 2.9024875 
Plajan_Pjan_C565756_01                            1.7994328 1.3465839 1.5054168 1.4392064 1.4032757 1.4885626 1.3552494 1.2479746 1.1861025 1.1262973 1.1393689 1.1567420 3.7359101 1.3724816 1.4361405 1.2568864 0.7573624 0.7573624 0.0000000 1.3468940 1.5752317 1.4547481 1.4109016 1.5491427 1.4599741 1.7873690 1.3032263 1.6666280 1.6266246 1.5585479 1.1687132 1.5051830 1.7825270 1.7723906 1.8025511 1.8515733 1.8578972 1.8429296 1.9079095 1.5011541 1.1415773 1.9939036 1.7483625 2.5245597 2.7179635 2.2710390 2.3610476 2.1555699 2.9840518 2.3001142 2.2223779 2.3543979 2.4426674 2.7093095 
Aaur_scaffold52.g14.t1                            2.0064380 1.6538997 1.7212774 1.5851783 1.6051339 1.4741450 1.4738241 1.3816637 1.5606962 1.2755139 1.3372086 1.2922678 1.8533115 1.4249520 1.5226089 1.6637724 1.6905769 1.5067185 1.3468940 0.0000000 0.5567158 0.4978190 0.6726575 1.6658123 1.7489442 1.7844267 1.5896472 2.2299782 2.1430161 2.0270458 1.8384121 1.9449934 1.8107743 1.8074134 1.9079199 1.8881077 1.9224299 1.9444480 1.7627185 1.7413048 1.2388834 2.3122022 2.2031374 3.0057316 2.9494869 2.6058991 2.7777521 2.5553559 2.5591313 2.7306620 2.9861013 3.0450905 2.6851531 2.7119146 
Nemnom_g12327.t1                                  2.0009788 1.7191959 1.7155734 1.5945435 1.6922553 1.4530422 1.5839271 1.4559107 1.6450383 1.3238626 1.4263857 1.3888192 2.1368295 1.5576278 1.6685193 1.7272788 1.7605537 1.5781324 1.5752317 0.5567158 0.0000000 0.2370148 0.7925987 1.8751444 1.7650091 1.8835516 1.6269832 2.2360569 2.2620615 2.0245241 1.7747395 1.9919670 1.9971143 1.9588943 2.0828218 2.0913972 2.0679542 2.1282522 1.6780296 1.5836074 1.2271167 2.2536084 2.2534649 2.9135966 3.2887287 2.8461241 3.0186822 2.7857508 2.7994884 2.7560952 3.0725304 3.1109273 2.8153700 2.8031372 
Rhoesc_Res_009075-T1                              2.0313794 1.5951096 1.7108209 1.6384305 1.6256352 1.5323958 1.3890363 1.3911253 1.5689102 1.1955711 1.3174943 1.2882027 1.9713601 1.4965151 1.5840358 1.5996756 1.7545275 1.5824078 1.4547481 0.4978190 0.2370148 0.0000000 0.7320046 1.7485600 1.7604821 1.7532772 1.6302346 2.0269422 2.0897101 1.9029863 1.8604960 1.7840991 1.8976397 1.8622111 1.9507750 1.9370293 1.9361878 1.9567531 1.7062653 1.6227922 1.1469864 2.1646623 2.1130728 2.9192641 3.0636086 2.7692063 2.9494900 2.5006691 2.6617193 2.7389205 3.0466734 2.9708388 2.5198435 2.6749593 
Sanmal_Sma_014105-T1                              1.9325908 1.7057803 1.7203766 1.7217440 1.8447898 1.6740307 1.5648773 1.4682293 1.6431814 1.3157519 1.3611230 1.3737757 1.9815675 1.6026097 1.5458076 1.7890025 1.7501182 1.5667220 1.4109016 0.6726575 0.7925987 0.7320046 0.0000000 1.8104983 1.7869857 1.8821587 1.7718051 2.0779405 2.1499033 2.0751795 2.0259586 2.1673597 1.8980757 1.8597458 2.0836600 2.0479710 2.0520602 2.0692260 1.8567555 1.7717489 1.2469888 2.6096997 2.2704772 3.1288175 3.3111964 3.1941935 3.3878573 2.7066907 3.0050689 2.7928909 3.3189084 3.2792143 2.8676891 3.0961821 
Emue_Em0023g77a.t1                                1.8945020 1.4517426 1.6121206 1.8756332 1.5175334 1.6642777 1.4053960 1.4218570 1.3203257 1.2917233 1.3875068 1.3729425 2.0292600 1.4159195 1.5775805 1.5939673 1.5398948 1.4603301 1.5491427 1.6658123 1.8751444 1.7485600 1.8104983 0.0000000 0.3107690 1.7496670 1.2187503 2.2001553 1.9833419 1.8838356 1.5981350 1.8078104 1.7238036 1.7484795 1.8272697 1.8423743 1.8304369 1.8310425 1.9727302 1.7373791 1.4728719 1.8653645 1.6673050 2.4630966 2.5521438 2.4499750 2.4760883 2.4473078 2.7775937 2.7270038 2.4946700 2.7122761 2.3424921 2.8961503 
Spolac_c88383_g1_i1_m.4980c88383-g1               1.8608308 1.4571205 1.6300747 1.6520883 1.6396979 1.6434491 1.3546506 1.3845695 1.2786725 1.2870116 1.3520590 1.3790208 2.0309657 1.3127757 1.3850307 1.4146216 1.5648395 1.4486258 1.4599741 1.7489442 1.7650091 1.7604821 1.7869857 0.3107690 0.0000000 1.6746734 1.3245662 2.0345453 1.9013438 1.7823993 1.4868692 1.8645248 1.8046927 1.7877943 1.8953008 1.9232410 1.8797279 1.8873613 2.0633721 1.8316779 1.3509722 1.7508681 1.7673733 2.4980586 2.3828812 2.2625362 2.3083198 2.2983270 2.4858358 2.7323179 2.6976061 2.8750777 2.4896536 2.9490095 
Ctel_gnl_WGS_AMQN_CAPTEDRAFT_mRNA190988           1.7767771 1.2892758 1.4535489 1.5820047 1.3797090 1.3284344 1.7469942 1.6774707 1.8196137 1.5795501 1.6507386 1.6166180 1.8906060 1.6937352 1.8134840 1.8528386 1.9882947 1.7497371 1.7873690 1.7844267 1.8835516 1.7532772 1.8821587 1.7496670 1.6746734 0.0000000 1.8137741 2.1371456 1.9463176 1.8582184 1.9594671 1.8694525 1.7779556 1.7590575 1.7165225 1.7175220 1.6608499 1.6722910 2.4882071 2.2049056 1.8606281 2.2137536 2.2294616 2.9420521 2.9240975 2.3427694 2.4772897 2.3452266 2.7316506 2.6872353 2.9920120 3.1624933 2.8926952 2.9823742 
Stycar_maker-SC_scaffold3355-snap-gene-0.8-mRNA-1 1.6344913 1.3164862 1.4040936 1.3350802 1.4043300 1.3998115 1.4824697 1.2770638 1.5987642 1.2248757 1.1994710 1.2966003 1.4193918 1.4675492 1.4849188 1.5227164 1.4950297 1.3507854 1.3032263 1.5896472 1.6269832 1.6302346 1.7718051 1.2187503 1.3245662 1.8137741 0.0000000 2.0786379 1.8856512 1.7749263 1.5107205 1.3723509 1.5857702 1.5822033 1.7224499 1.7460933 1.6616469 1.6807784 2.0001473 1.9475279 1.7389375 2.2138732 1.8636876 2.7236894 2.7606469 2.4147305 2.4147305 2.6168674 2.8977810 2.6962442 2.9875974 3.1725026 2.5545523 2.9479270 
Scil_scict022347.1                                2.1607757 1.8913200 1.6895869 1.8186456 2.0790572 1.8327004 1.7931665 1.8267000 1.7522180 1.6265839 1.6249450 1.5705523 1.9801091 1.9165070 1.9257297 2.0046839 1.8831301 1.8073744 1.6666280 2.2299782 2.2360569 2.0269422 2.0779405 2.2001553 2.0345453 2.1371456 2.0786379 0.0000000 0.5974306 0.6544176 0.6907696 1.3120357 2.1259921 2.1442418 2.2657802 2.3324319 2.2628818 2.2495304 2.5345722 2.1399962 1.8412134 2.5204615 2.4860863 3.3259627 3.1950009 3.0152201 3.0718610 2.8787783 3.0031357 3.1627708 3.4452622 3.2639367 3.0493904 3.2107450 
Gracom_Gcom_scaffold2696_01                       2.0807083 1.8465044 1.7958539 2.0713544 2.1812914 1.9029445 1.7408673 1.7172981 1.4478021 1.6272120 1.6136955 1.6255949 2.0962435 1.7231581 1.9232949 2.0191439 1.7321320 1.7036006 1.6266246 2.1430161 2.2620615 2.0897101 2.1499033 1.9833419 1.9013438 1.9463176 1.8856512 0.5974306 0.0000000 0.6726002 0.6443111 1.2056212 2.1121291 2.1090999 2.0787582 2.1406661 2.0648595 2.0758384 2.4805686 2.3223100 1.6788488 2.4051774 2.4382163 3.3241588 3.2330358 3.2085761 3.4253941 3.0222138 3.1010446 3.0562447 3.3043778 3.1369994 2.8922308 2.9589976 
Lcom_lcpid57016                                   1.9347010 1.6555929 1.7019088 1.7771463 1.9471147 1.7411455 1.7382935 1.5897722 1.5625390 1.6446795 1.6443322 1.5767896 1.7715147 1.8029783 1.9131434 1.8095926 1.6558102 1.5733938 1.5585479 2.0270458 2.0245241 1.9029863 2.0751795 1.8838356 1.7823993 1.8582184 1.7749263 0.6544176 0.6726002 0.0000000 0.5079082 1.2655905 2.0489427 2.0612851 2.0657004 2.1124302 2.0859008 2.0922028 2.3267403 2.1684664 1.8261294 2.4279919 2.2978276 3.4793926 3.1047797 3.1774138 3.3691659 2.8486996 3.2036856 3.0329998 3.2036989 3.3863632 2.7914048 3.0664307 
Leuniv_Lniv_C783179_01                            1.6729062 1.4538857 1.4259644 0.9677675 1.7727357 1.6198857 1.3679277 1.3820907 1.3629949 1.2557293 1.2852069 1.2062132 1.7459682 1.4067782 1.4097478 1.3927220 1.6016107 1.5938862 1.1687132 1.8384121 1.7747395 1.8604960 2.0259586 1.5981350 1.4868692 1.9594671 1.5107205 0.6907696 0.6443111 0.5079082 0.0000000 1.2059856 1.6277747 1.6143803 1.6425980 1.6963316 1.6015949 1.6119163 2.1963633 2.1174761 1.8922662 2.4805670 2.1918282 3.1170346 3.1676740 2.9977763 2.9977763 2.8017905 2.9373133 3.1057866 2.8943733 3.0653708 2.5903631 3.0352686 
Clacor_Ccor_scaffold14998_01                      1.9351236 1.6599042 1.5617364 2.0230671 1.8655517 1.7561502 1.6498588 1.4943344 1.6525518 1.4071623 1.4547207 1.5208672 1.5136723 1.7118665 1.7285954 1.7114140 1.6895940 1.4717816 1.5051830 1.9449934 1.9919670 1.7840991 2.1673597 1.8078104 1.8645248 1.8694525 1.3723509 1.3120357 1.2056212 1.2655905 1.2059856 0.0000000 1.9332244 1.9483716 2.0259968 2.0442645 1.9639595 1.9545319 2.3640347 2.2684764 1.7257794 2.6192816 2.6131705 3.2166240 3.2961634 2.8275088 2.9068152 2.8964627 3.1794178 3.1379485 3.4281550 3.1490748 3.0258939 3.1823423 
Tadh_TriadT54601                                  1.8720346 1.5350712 1.5197768 1.5962292 1.5868857 1.7080941 1.6974674 1.5052027 1.6739094 1.3436182 1.4326745 1.4318710 1.6860860 1.5389103 1.5542909 1.6347686 2.0390565 1.7874646 1.7825270 1.8107743 1.9971143 1.8976397 1.8980757 1.7238036 1.8046927 1.7779556 1.5857702 2.1259921 2.1121291 2.0489427 1.6277747 1.9332244 0.0000000 0.0176222 0.3600736 0.3719260 0.3743574 0.3677288 2.1954088 2.0123372 1.9188107 2.2994268 2.0046058 2.8239405 3.2658583 3.1388890 3.3182096 2.8228782 2.9051126 2.7595755 3.1617461 3.1013634 2.8332846 3.2306787 
TrH2_TrispH2_001329-RA                            1.8627884 1.5591947 1.5143238 1.6077915 1.6076943 1.7056322 1.6656251 1.5110665 1.6686515 1.3509840 1.4297885 1.4285229 1.7069908 1.5513636 1.5535090 1.6538654 2.0095976 1.7664174 1.7723906 1.8074134 1.9588943 1.8622111 1.8597458 1.7484795 1.7877943 1.7590575 1.5822033 2.1442418 2.1090999 2.0612851 1.6143803 1.9483716 0.0176222 0.0000000 0.3513355 0.3478576 0.3467281 0.3667567 2.1019096 2.0013934 1.8490010 2.2559858 1.9938060 2.8262822 3.2558664 3.1663329 3.3480034 2.8277445 2.8849583 2.7733211 3.1819812 3.1160292 2.8892877 3.1895688 
HoiH06_mRNA13707                                  1.9121555 1.6118951 1.6474788 1.7220130 1.7177759 1.7844322 1.8111748 1.6141472 1.7607837 1.5046732 1.5588138 1.5163844 1.8404354 1.6575089 1.6859866 1.7985962 2.0563047 1.7957624 1.8025511 1.9079199 2.0828218 1.9507750 2.0836600 1.8272697 1.8953008 1.7165225 1.7224499 2.2657802 2.0787582 2.0657004 1.6425980 2.0259968 0.3600736 0.3513355 0.0000000 0.0632166 0.1238436 0.1273819 2.4432384 2.2066594 1.9196736 2.4677714 2.2032329 3.0184419 3.3272745 3.3920804 3.5893699 2.8141201 2.8838621 2.8693741 3.2199028 3.2227591 3.0313132 3.3151474 
HoiH23_PlH23_000524-RA                            1.9531489 1.6340906 1.6431491 1.7555819 1.7528790 1.8146993 1.8084273 1.6236488 1.7763837 1.5400575 1.5825294 1.5292069 1.8438818 1.6063234 1.6204895 1.8038189 2.1389921 1.8586985 1.8515733 1.8881077 2.0913972 1.9370293 2.0479710 1.8423743 1.9232410 1.7175220 1.7460933 2.3324319 2.1406661 2.1124302 1.6963316 2.0442645 0.3719260 0.3478576 0.0632166 0.0000000 0.1355070 0.1445586 2.3992088 2.2185623 1.8298796 2.4899743 2.3125352 3.0728839 3.3357626 3.3508390 3.5358076 2.8705357 2.7378948 2.8896471 3.1920356 3.1612941 3.1193001 3.3418423 
Hhon_g01229.t1                                    1.9233491 1.5872155 1.5518007 1.7213806 1.7309282 1.7441678 1.7486015 1.6121634 1.7473429 1.4622706 1.5365959 1.4647298 1.6794749 1.5480355 1.6233293 1.7312604 2.0596505 1.7782822 1.8578972 1.9224299 2.0679542 1.9361878 2.0520602 1.8304369 1.8797279 1.6608499 1.6616469 2.2628818 2.0648595 2.0859008 1.6015949 1.9639595 0.3743574 0.3467281 0.1238436 0.1355070 0.0000000 0.0282275 2.2637183 2.2027573 1.8528939 2.4124420 2.1738778 2.9623030 3.4194193 3.3159782 3.5053677 2.8936803 2.7581069 2.8695714 3.1293849 3.1053504 2.9687034 3.3053640 
HoiH04_mRNA1444                                   1.9359546 1.5713056 1.5620559 1.6880607 1.7272808 1.7567219 1.7792400 1.5971277 1.7373098 1.4253541 1.5418114 1.4772559 1.6172485 1.5256716 1.5997343 1.6673018 2.0882581 1.7986354 1.8429296 1.9444480 2.1282522 1.9567531 2.0692260 1.8310425 1.8873613 1.6722910 1.6807784 2.2495304 2.0758384 2.0922028 1.6119163 1.9545319 0.3677288 0.3667567 0.1273819 0.1445586 0.0282275 0.0000000 2.3526743 2.2098318 1.9098254 2.4300679 2.1846812 2.9675217 3.3913771 3.3504433 3.5436000 2.8615418 2.8146407 2.8352186 3.1399170 3.0848377 2.9766570 3.2952076 
Hvul_g20576_1                                     2.3727776 2.2552804 2.3384457 2.3106244 2.3342909 2.3540759 1.9213766 2.0612234 2.1612784 2.0318157 1.9707677 1.9782566 2.8247135 2.2797219 2.2443222 2.1579640 2.2809070 2.1239174 1.9079095 1.7627185 1.6780296 1.7062653 1.8567555 1.9727302 2.0633721 2.4882071 2.0001473 2.5345722 2.4805686 2.3267403 2.1963633 2.3640347 2.1954088 2.1019096 2.4432384 2.3992088 2.2637183 2.3526743 0.0000000 1.6149772 1.5975594 2.1240337 2.2445922 3.1124242 3.5263141 3.2038897 3.2038897 2.9748412 3.7380419 3.0863858 3.2263538 3.2323422 2.8542066 3.0321153 
Chem_TCONS_00007208                               2.1150977 1.8960305 1.9936830 1.6996886 1.9229471 1.9466842 1.7174589 1.7290320 1.7895488 1.5359511 1.5969435 1.5749879 2.4764562 1.8047708 1.8775868 1.8734431 1.9478111 1.9151997 1.5011541 1.7413048 1.5836074 1.6227922 1.7717489 1.7373791 1.8316779 2.2049056 1.9475279 2.1399962 2.3223100 2.1684664 2.1174761 2.2684764 2.0123372 2.0013934 2.2066594 2.2185623 2.2027573 2.2098318 1.6149772 0.0000000 1.7027993 2.3396785 2.3326639 2.5228148 2.9311078 2.6136703 2.7868650 2.1984917 2.7744646 2.7487606 2.9863291 2.9021185 2.4455353 3.3554362 
Morvir_scaffold153.g19.t1                         1.7961085 1.6053690 1.6832831 1.2007987 1.7107636 1.6470804 1.4564246 1.4991950 1.7852252 1.2262200 1.4184252 1.3834581 2.1957471 1.6066012 1.5839037 1.6894024 1.5973219 1.4573683 1.1415773 1.2388834 1.2271167 1.1469864 1.2469888 1.4728719 1.3509722 1.8606281 1.7389375 1.8412134 1.6788488 1.8261294 1.8922662 1.7257794 1.9188107 1.8490010 1.9196736 1.8298796 1.8528939 1.9098254 1.5975594 1.7027993 0.0000000 2.1750690 2.0832201 2.5912715 2.8740094 2.3079543 2.3079543 2.1715464 2.5686020 2.5694160 2.5789251 2.4822943 2.2261647 3.0748348 
Aque_Aqu2.1.25221_001                             2.3594935 2.0802889 2.2105105 2.1434276 2.2756664 2.4577095 2.0894017 2.0088416 2.0379726 1.8701682 1.9571037 1.8678366 2.5849782 2.0320315 2.0204734 2.1650625 1.9243775 2.0447052 1.9939036 2.3122022 2.2536084 2.1646623 2.6096997 1.8653645 1.7508681 2.2137536 2.2138732 2.5204615 2.4051774 2.4279919 2.4805670 2.6192816 2.2994268 2.2559858 2.4677714 2.4899743 2.4124420 2.4300679 2.1240337 2.3396785 2.1750690 0.0000000 1.0089880 3.2357537 3.0975224 2.8089168 2.9142030 2.9032576 3.2005642 3.2243049 3.5767825 3.7377097 2.8122817 3.5042612 
Halamb_c54292_g1_i5mm.5819                        2.4638741 1.8945797 2.0816416 2.2988385 2.1895529 2.2824340 1.7558919 1.9734517 1.9688059 1.7092599 1.7711589 1.6090496 2.3848174 2.0845229 2.0230622 1.9462991 2.0912657 2.0787126 1.7483625 2.2031374 2.2534649 2.1130728 2.2704772 1.6673050 1.7673733 2.2294616 1.8636876 2.4860863 2.4382163 2.2978276 2.1918282 2.6131705 2.0046058 1.9938060 2.2032329 2.3125352 2.1738778 2.1846812 2.2445922 2.3326639 2.0832201 1.0089880 0.0000000 3.1919158 3.0650174 2.9902487 2.9902487 2.8414503 3.2655887 3.1711969 3.9497751 4.1027741 2.8738625 3.2527472 
Mlei_ML2002.g34.i1                                2.8358029 2.7803449 2.8029543 2.3878818 2.9293115 2.8822773 2.5882062 2.5043013 2.5242648 2.2842823 2.4924371 2.4297116 3.2655081 2.5149059 2.4086965 2.6764795 2.5013949 2.6381974 2.5245597 3.0057316 2.9135966 2.9192641 3.1288175 2.4630966 2.4980586 2.9420521 2.7236894 3.3259627 3.3241588 3.4793926 3.1170346 3.2166240 2.8239405 2.8262822 3.0184419 3.0728839 2.9623030 2.9675217 3.1124242 2.5228148 2.5912715 3.2357537 3.1919158 0.0000000 1.1293254 0.8131668 0.8268458 1.0518538 0.9775072 1.4362550 1.4254288 1.3501562 1.2815815 3.4149674 
Pbac_sb2648542                                    3.2727270 2.8091355 2.9012258 2.6303076 2.6592794 2.7718722 2.7316866 2.8087766 3.1060269 2.5524293 2.6930023 2.5413919 3.3787465 2.7478682 2.5769018 2.8121009 2.6484261 2.6496822 2.7179635 2.9494869 3.2887287 3.0636086 3.3111964 2.5521438 2.3828812 2.9240975 2.7606469 3.1950009 3.2330358 3.1047797 3.1676740 3.2961634 3.2658583 3.2558664 3.3272745 3.3357626 3.4194193 3.3913771 3.5263141 2.9311078 2.8740094 3.0975224 3.0650174 1.1293254 0.0000000 0.7590652 0.7857977 0.9438780 1.0081639 1.6516122 1.4330557 1.4185886 1.3258775 3.6857276 
Bolinf_Binf_sb1194237                             2.9881416 2.3953635 2.6642278 2.1056195 2.5197301 2.6473636 2.5897607 2.4233180 2.3854333 2.0106417 2.3687502 2.3357702 3.4476598 2.4379622 2.3011136 2.5049829 2.5375670 2.3579412 2.2710390 2.6058991 2.8461241 2.7692063 3.1941935 2.4499750 2.2625362 2.3427694 2.4147305 3.0152201 3.2085761 3.1774138 2.9977763 2.8275088 3.1388890 3.1663329 3.3920804 3.3508390 3.3159782 3.3504433 3.2038897 2.6136703 2.3079543 2.8089168 2.9902487 0.8131668 0.7590652 0.0000000 0.0124842 0.9056176 0.6181449 1.4995361 1.2698129 1.3205218 1.4407288 3.3831544 
Mertsp_Mesp_sb557611                              3.1042086 2.5629149 2.7385597 2.3638659 2.6852609 2.8457075 2.7019742 2.5458135 2.5245899 2.1077260 2.4716942 2.4346569 3.4476598 2.5438205 2.4286189 2.5049829 2.6576530 2.4568099 2.3610476 2.7777521 3.0186822 2.9494900 3.3878573 2.4760883 2.3083198 2.4772897 2.4147305 3.0718610 3.4253941 3.3691659 2.9977763 2.9068152 3.3182096 3.3480034 3.5893699 3.5358076 3.5053677 3.5436000 3.2038897 2.7868650 2.3079543 2.9142030 2.9902487 0.8268458 0.7857977 0.0124842 0.0000000 0.8929814 0.6181449 1.5509108 1.2946304 1.3551850 1.4963866 3.3831544 
Lampan_Lpan_C408123_01                            2.7175408 2.2970894 2.6559742 2.2115640 2.4052374 2.3761596 2.0999926 2.0356123 2.0523114 1.7990171 2.0172309 2.0567034 2.9780757 2.2095764 2.1941108 2.3594282 2.3741596 2.2136740 2.1555699 2.5553559 2.7857508 2.5006691 2.7066907 2.4473078 2.2983270 2.3452266 2.6168674 2.8787783 3.0222138 2.8486996 2.8017905 2.8964627 2.8228782 2.8277445 2.8141201 2.8705357 2.8936803 2.8615418 2.9748412 2.1984917 2.1715464 2.9032576 2.8414503 1.0518538 0.9438780 0.9056176 0.8929814 0.0000000 1.1861818 1.1565956 1.1351672 0.9691259 1.1437573 3.2214228 
Beraby_Baby_sb352738                              2.7430257 3.1074018 2.8151922 2.7228449 2.9877795 3.0997556 2.6279113 2.5104263 2.6602559 2.2652795 2.7553934 2.4182581 3.2751609 3.0733346 2.7231670 2.6754443 3.2100591 3.0995635 2.9840518 2.5591313 2.7994884 2.6617193 3.0050689 2.7775937 2.4858358 2.7316506 2.8977810 3.0031357 3.1010446 3.2036856 2.9373133 3.1794178 2.9051126 2.8849583 2.8838621 2.7378948 2.7581069 2.8146407 3.7380419 2.7744646 2.5686020 3.2005642 3.2655887 0.9775072 1.0081639 0.6181449 0.6181449 1.1861818 0.0000000 1.6941898 1.4955357 1.6985804 1.6563374 3.6679590 
Vmul_sbMO438761                                   2.7698106 2.6708913 2.7378309 2.1550040 2.5786850 2.6517422 2.5134599 2.3547853 2.4075518 2.0674664 2.2080661 2.2350983 3.2360267 2.5896069 2.4677283 2.3877257 2.4937155 2.5741260 2.3001142 2.7306620 2.7560952 2.7389205 2.7928909 2.7270038 2.7323179 2.6872353 2.6962442 3.1627708 3.0562447 3.0329998 3.1057866 3.1379485 2.7595755 2.7733211 2.8693741 2.8896471 2.8695714 2.8352186 3.0863858 2.7487606 2.5694160 3.2243049 3.1711969 1.4362550 1.6516122 1.4995361 1.5509108 1.1565956 1.6941898 0.0000000 1.0177558 0.9317996 1.1974247 3.6836636 
Coeast_Cast_sb786761                              2.5899894 2.7988634 2.9365011 2.4272211 2.7264460 2.7970988 2.7141183 2.5381691 2.8122294 2.3148283 2.6326413 2.4729807 3.6653387 2.6092811 2.5240093 2.6135449 2.6942896 2.6165937 2.2223779 2.9861013 3.0725304 3.0466734 3.3189084 2.4946700 2.6976061 2.9920120 2.9875974 3.4452622 3.3043778 3.2036989 2.8943733 3.4281550 3.1617461 3.1819812 3.2199028 3.1920356 3.1293849 3.1399170 3.2263538 2.9863291 2.5789251 3.5767825 3.9497751 1.4254288 1.4330557 1.2698129 1.2946304 1.1351672 1.4955357 1.0177558 0.0000000 0.0778757 1.3183331 3.9465948 
Coemet_Cmet_C597909_01                            2.6030904 2.8887759 2.9716268 2.4074076 2.9449187 2.9286458 2.6314216 2.4947912 2.6863280 2.2092934 2.4929960 2.3735901 3.9554496 2.5723660 2.4868469 2.6971992 2.7684868 2.7183327 2.3543979 3.0450905 3.1109273 2.9708388 3.2792143 2.7122761 2.8750777 3.1624933 3.1725026 3.2639367 3.1369994 3.3863632 3.0653708 3.1490748 3.1013634 3.1160292 3.2227591 3.1612941 3.1053504 3.0848377 3.2323422 2.9021185 2.4822943 3.7377097 4.1027741 1.3501562 1.4185886 1.3205218 1.3551850 0.9691259 1.6985804 0.9317996 0.0778757 0.0000000 1.2020201 4.0933228 
Eupdun_Edun_sb10656718                            2.5968656 2.3261432 2.7132143 2.1425302 2.6774145 2.4520599 2.3503606 2.3891506 2.3451652 2.1935391 2.3860045 2.2461987 4.3467157 2.4601935 2.3903497 2.4737832 2.3811543 2.3188270 2.4426674 2.6851531 2.8153700 2.5198435 2.8676891 2.3424921 2.4896536 2.8926952 2.5545523 3.0493904 2.8922308 2.7914048 2.5903631 3.0258939 2.8332846 2.8892877 3.0313132 3.1193001 2.9687034 2.9766570 2.8542066 2.4455353 2.2261647 2.8122817 2.8738625 1.2815815 1.3258775 1.4407288 1.4963866 1.1437573 1.6563374 1.1974247 1.3183331 1.2020201 0.0000000 3.1158539 
Cscu_XM_023381705.1                               2.7264904 2.9867328 3.0269534 2.3727489 3.1878129 3.0348166 3.0005062 2.8786486 2.8954619 2.7318984 2.7659717 2.7070330 4.2894662 2.9298142 3.0021590 3.4715150 2.7677140 2.9024875 2.7093095 2.7119146 2.8031372 2.6749593 3.0961821 2.8961503 2.9490095 2.9823742 2.9479270 3.2107450 2.9589976 3.0664307 3.0352686 3.1823423 3.2306787 3.1895688 3.3151474 3.3418423 3.3053640 3.2952076 3.0321153 3.3554362 3.0748348 3.5042612 3.2527472 3.4149674 3.6857276 3.3831544 3.3831544 3.2214228 3.6679590 3.6836636 3.9465948 4.0933228 3.1158539 0.0000000 
