55
Hsap_ENST00000573584                                    0.0000000 1.4323466 1.4365273 2.0007762 2.1691234 2.1615845 1.9269814 1.9708047 1.9063235 1.9805781 1.9759278 1.8065216 1.7061045 1.7791717 2.0487364 2.0927559 2.0173126 2.7245327 2.7128567 2.7816746 2.6373053 2.3226604 1.9462690 1.7825837 1.5955130 2.7264741 2.8915404 2.5142063 3.5435904 2.7905332 2.7006937 2.9120918 3.0091651 3.4155000 3.0087284 2.6478126 2.5231211 2.6999258 2.7277693 2.5968319 2.8863741 2.8915358 2.8154882 2.6602629 2.6141570 3.4784599 3.3936332 2.9683290 2.7998854 2.8634906 3.0682997 3.1068645 3.0997518 3.0791083 2.9848495 
Bralan_BLAG01001277_1                                   1.4323466 0.0000000 0.9764714 1.5686435 1.7032684 1.7282840 1.4505744 1.5759750 1.5863368 1.6348965 1.5511611 1.4453676 1.3744089 1.3778161 1.6676717 1.7866499 1.6577577 2.4354842 2.2337996 2.3094452 2.0631680 1.8608680 1.5483327 1.6394884 1.2437839 2.6126709 2.3414283 1.9879715 2.5510042 2.3041738 2.1763855 2.2191273 2.4096676 2.4600938 2.2128157 1.8935716 1.9078351 2.0005402 2.2017326 2.0259157 2.2145406 2.2981033 2.2638656 2.3900213 2.2482014 3.1423718 2.8509050 2.4322701 2.2789107 2.5869295 2.5454679 2.6321614 2.6259135 2.7320772 2.5062900 
Skow_XM_002731738.2                                     1.4365273 0.9764714 0.0000000 1.5290475 1.7956162 1.8688026 1.4645879 1.5625879 1.6641552 1.6155245 1.6387555 1.4703857 1.3790466 1.4475354 1.6179291 1.7406566 1.7159293 2.2394018 2.2706216 2.2336223 2.2281965 1.8494447 1.7249806 1.6576774 1.2813573 2.6792838 2.5738124 2.0848578 2.7896287 2.4257737 2.3375524 2.5136718 2.2189714 2.6919160 2.4519212 2.2028261 2.0832148 2.1475932 2.3473587 2.2038123 2.3139279 2.3208311 2.2743110 2.4815181 2.2211939 2.9674379 2.8866229 2.4424078 2.3279442 2.7590153 2.6214636 2.6353255 2.6361266 2.7126587 2.7595181 
Stycar_maker-SC_scaffold6210-snap-gene-0.58-mRNA-1      2.0007762 1.5686435 1.5290475 0.0000000 1.7362487 1.8009842 1.6088615 1.5760653 1.7232403 1.7125261 1.7122104 2.1326606 1.7737001 1.9062358 1.6430278 1.7771629 1.9518304 2.0399818 2.1599904 1.9169042 1.6904481 1.3119397 1.9724113 2.0061976 2.0878869 1.6038422 2.3182568 2.1369321 2.5765785 2.2859374 2.0550244 2.0628605 2.2430142 2.6905368 2.6298363 3.1513231 2.3336744 2.2080722 1.9878436 6.1032331 2.4449432 2.3628100 2.3082240 1.9151085 1.3492076 2.2029664 2.2078391 2.2994563 2.3118412 2.5298956 2.5677347 2.3985461 2.3345421 2.3935406 2.3424376 
Adig_XM_015913702.1                                     2.1691234 1.7032684 1.7956162 1.7362487 0.0000000 0.1188477 0.5728318 0.6256932 0.7381500 0.8035462 0.7757433 1.4732708 2.0597532 2.2443669 1.7364501 1.7168500 1.5497860 2.9450922 2.9290785 2.8326658 2.6383126 2.2558551 2.3286488 2.3350502 1.8340438 2.9964165 2.9600620 2.5576693 3.1860722 2.5815799 2.6401642 2.5256348 2.6333312 2.9048598 2.8583539 2.8565679 2.6315386 2.6401514 2.6766374 4.4175281 2.9495628 2.9854931 2.7882794 2.6374347 2.4989628 3.3733521 3.0436455 2.9027603 3.0586546 2.9594572 2.7548225 2.8590025 2.8011676 2.9939995 3.1222566 
Amil_Amillepora24945-RA                                 2.1615845 1.7282840 1.8688026 1.8009842 0.1188477 0.0000000 0.5232394 0.5853741 0.6016321 0.7727787 0.7491692 1.4396606 1.9385075 2.2618502 1.7812812 1.8566133 1.4195584 3.0044349 3.0221327 2.9069988 2.6486009 2.2336533 2.4555749 2.3038012 1.9960419 3.1184345 2.5460557 2.3676175 2.5447567 2.5688946 2.5169862 2.3018033 2.4313773 3.0569686 2.7754230 2.3583202 2.3499725 2.4647622 2.5011616 3.1392049 2.7975603 2.6357126 2.2512184 3.0088066 2.7875723 3.6830511 3.3196897 2.8217375 2.9756820 2.9021958 2.9472729 3.0777323 3.0155587 3.2818636 2.9522002 
Gfas_gfas1.m1.16006.m1                                  1.9269814 1.4505744 1.4645879 1.6088615 0.5728318 0.5232394 0.0000000 0.3001905 0.3068681 0.4239174 0.4379521 1.1037508 1.6449786 2.1046885 1.5428038 1.6536604 1.1661119 2.6389760 2.4667558 2.4678455 2.3793167 2.0774668 1.9989568 2.2237955 1.5779201 2.5285571 1.9666288 2.1527404 2.7375649 2.4497493 2.4082186 2.0687377 2.0783752 2.5509822 2.3377881 1.9056918 1.8740986 2.0732657 2.1369312 1.9244062 2.2308530 2.3434079 2.0169687 2.5113330 2.3844290 3.2110984 2.8667378 2.6499250 2.8133591 2.6852489 2.4801701 2.5142600 2.4802149 2.5120559 2.5835874 
Fspp_ffun1.m4.9019.m1                                   1.9708047 1.5759750 1.5625879 1.5760653 0.6256932 0.5853741 0.3001905 0.0000000 0.2411244 0.3669624 0.3857444 1.1935031 1.7644186 1.9986266 1.6430750 1.6970096 1.2535412 2.8007806 2.6205639 2.6141456 2.3982922 2.2380259 2.0443023 2.2385459 1.6388431 2.8129817 2.5187049 2.2774081 2.6114063 2.5117573 2.4545593 2.2165568 2.3136489 2.7175705 2.4907582 2.1631489 2.2089684 2.2186477 2.3533584 2.2698666 2.4540710 2.4723208 2.0619266 2.5879478 2.4586976 3.2138960 2.7282289 2.6932064 2.6981322 2.7499829 2.5896788 2.6243291 2.5981465 2.7333707 2.7867279 
Gasp_gasp1.m3.29642.m1                                  1.9063235 1.5863368 1.6641552 1.7232403 0.7381500 0.6016321 0.3068681 0.2411244 0.0000000 0.4354132 0.4798254 1.2609196 1.6589428 2.2711686 1.7464473 1.9680103 1.3419945 2.7452400 2.6993207 2.6185548 2.4533991 2.2658904 2.2172611 2.0695984 1.7427065 2.9608348 2.6746555 2.2418346 2.7451997 2.3673625 2.2367536 2.0587946 2.0585319 2.5795951 2.3761260 2.2024443 2.2276827 2.1507951 2.3559127 2.3420872 2.4018021 2.3162388 2.1427281 2.8627260 2.7185373 3.5666394 3.2476760 2.9193892 2.6652915 2.8696836 2.8245914 2.8743097 2.8339386 3.0387400 2.9503434 
Spis_XP_022785774_1                                     1.9805781 1.6348965 1.6155245 1.7125261 0.8035462 0.7727787 0.4239174 0.3669624 0.4354132 0.0000000 0.1975751 1.2740782 1.8676976 2.1529928 1.7606929 1.7994571 1.4204240 2.8456739 2.6608497 2.5769178 2.4794124 2.2205953 2.0784557 2.2620015 1.6129296 2.9264708 2.4767078 2.3276170 2.7580147 2.5506946 2.4068926 2.1858808 2.3776165 2.5871496 2.4246240 2.1565598 2.1947190 2.2546695 2.3793513 2.2146110 2.5286144 2.5384965 2.3610408 2.6693652 2.5027069 3.1838249 2.8849353 2.8647567 2.8644838 2.8213406 2.7036189 2.7308663 2.6996783 2.7682923 2.8707667 
Pocdam_XM_027187161.1                                   1.9759278 1.5511611 1.6387555 1.7122104 0.7757433 0.7491692 0.4379521 0.3857444 0.4798254 0.1975751 0.0000000 1.2606327 1.8796807 2.0187669 1.6910846 1.8248952 1.3529980 2.7540738 2.6293633 2.5433771 2.4248581 2.2160203 1.9926415 2.2077877 1.6486896 2.9885778 2.7320724 2.3719340 2.9170837 2.4812036 2.3559169 2.1811937 2.3469198 2.6831157 2.5288605 2.2386019 2.2845457 2.3449033 2.4351646 2.2771745 2.6004691 2.6641052 2.4485863 2.6286209 2.4704345 3.1878769 2.8802513 2.7039594 2.7891410 2.9332251 2.7186891 2.8052153 2.7649374 2.8759261 2.9077237 
Exapal_XM_021037256.2                                   1.8065216 1.4453676 1.4703857 2.1326606 1.4732708 1.4396606 1.1037508 1.1935031 1.2609196 1.2740782 1.2606327 0.0000000 1.9041932 1.9241844 1.7393425 1.7876987 0.9032753 2.5234343 2.5811904 2.3919132 2.3728323 2.1156850 1.8726188 2.1347224 1.5873234 2.9214181 2.6980255 2.2132719 2.7119187 2.5422421 2.5037315 2.0108827 2.2917901 2.8662663 2.6339556 2.1424431 2.2963600 2.4965839 2.3878475 1.9511957 2.6991709 2.7928578 2.4636107 2.2286783 2.3013736 3.0853820 2.7211681 2.7374705 2.4779871 2.6885925 2.4399787 2.4646710 2.4458087 2.6911840 2.9058629 
Spur_XM_030991682.1                                     1.7061045 1.3744089 1.3790466 1.7737001 2.0597532 1.9385075 1.6449786 1.7644186 1.6589428 1.8676976 1.8796807 1.9041932 0.0000000 1.8286464 2.0222595 2.1126716 1.8883817 2.4435214 2.4348287 2.4077149 2.4033456 2.2925591 1.8474329 1.8883783 1.5339358 2.7656015 2.4230037 2.2495068 2.7688179 2.7491927 2.6363671 2.2633238 2.5582612 2.5307450 2.3609718 2.1497378 2.1436461 2.2884909 2.3407156 1.9008414 2.3710790 2.4115609 2.2518339 2.4862817 2.3341428 3.4757905 3.2530306 2.4935111 2.5922177 2.9190487 2.9460443 3.0242075 2.9862282 3.2193402 2.9186810 
Cgig_XM_011424071.3                                     1.7791717 1.3778161 1.4475354 1.9062358 2.2443669 2.2618502 2.1046885 1.9986266 2.2711686 2.1529928 2.0187669 1.9241844 1.8286464 0.0000000 1.9325056 2.1149338 2.0842765 2.9467863 2.8084324 2.9818439 2.5367615 2.4174797 1.7747438 1.6301194 1.1417548 3.0516391 2.6141796 2.4003916 2.8766994 2.7951797 2.6672819 2.3372593 2.8696808 2.7525682 2.6702854 2.6053082 2.6145686 2.6212391 2.7648879 1.9871317 2.7951194 2.8132144 2.8918192 2.7790653 2.6880888 3.8672569 3.4528139 2.5963921 2.3501749 3.0279439 2.9020238 3.0470009 2.9933017 3.0167302 3.2550471 
Dgig_XM_028541026.1                                     2.0487364 1.6676717 1.6179291 1.6430278 1.7364501 1.7812812 1.5428038 1.6430750 1.7464473 1.7606929 1.6910846 1.7393425 2.0222595 1.9325056 0.0000000 0.5574752 1.8700559 2.7628708 2.8417039 2.7074663 2.6541552 2.2883399 2.2176405 2.2629049 1.6397396 2.8818637 2.9084844 2.1999198 2.7106237 2.5812594 2.5422464 2.6700337 2.6251128 3.1222041 2.8155469 2.6176969 2.5339053 2.4941139 2.7515729 2.6902011 2.6652863 2.6706779 2.9036240 2.7705827 2.5198612 3.1682287 3.0346030 2.9612021 2.6022403 2.9083365 2.7359755 2.8659016 2.8427036 2.9418042 2.6943823 
Xesp_004873-T1                                          2.0927559 1.7866499 1.7406566 1.7771629 1.7168500 1.8566133 1.6536604 1.6970096 1.9680103 1.7994571 1.8248952 1.7876987 2.1126716 2.1149338 0.5574752 0.0000000 1.9586083 2.8437238 2.7305700 2.7266920 2.6820422 2.3416416 2.1565657 2.1644031 1.7576609 3.0626097 3.1778170 2.3431520 2.8511350 2.7425995 2.7323782 2.6459897 2.5982939 3.3659702 3.0071570 2.7489249 2.4920020 2.6112535 2.7064255 2.9099619 2.6301426 2.7138323 2.7863067 2.9070179 2.5959073 3.4683387 3.1489788 2.9208488 2.6649945 2.9472834 2.6946267 2.8139326 2.7346893 2.8714837 2.7686431 
Nvec_v1g110975                                          2.0173126 1.6577577 1.7159293 1.9518304 1.5497860 1.4195584 1.1661119 1.2535412 1.3419945 1.4204240 1.3529980 0.9032753 1.8883817 2.0842765 1.8700559 1.9586083 0.0000000 2.5905856 2.5647343 2.4230579 2.6325110 2.0095901 2.2325977 2.2353791 1.7470709 2.9571450 2.8301317 2.2679135 2.7275591 2.4490024 2.3509582 2.1840695 2.3927918 2.5182826 2.4856400 2.4232086 2.5022545 2.3925157 2.5049844 2.3128402 2.7272616 2.7051552 2.9413599 2.4068372 2.2741582 3.0336423 3.0389151 2.6708607 2.5319412 3.0518279 2.8234134 2.8963202 2.8931421 2.9270489 2.8291502 
Lcom_lcpid43911                                         2.7245327 2.4354842 2.2394018 2.0399818 2.9450922 3.0044349 2.6389760 2.8007806 2.7452400 2.8456739 2.7540738 2.5234343 2.4435214 2.9467863 2.7628708 2.8437238 2.5905856 0.0000000 0.7930865 0.6866256 2.9308252 2.6069946 2.9140726 2.7114489 2.4139783 3.0113069 3.7362045 2.8798834 3.8497594 3.3564106 3.2860238 2.9212954 3.1375671 2.9648371 2.8654755 2.9814555 2.9911797 2.7331827 2.8892949 3.2716661 2.8784841 2.9011685 2.7359854 2.8198905 2.4087851 3.2177656 3.2975621 3.4414869 3.4724445 3.2812251 3.0883251 3.1802804 3.1203352 3.3591829 3.4032377 
Gracom_Gcom_C556188_01                                  2.7128567 2.2337996 2.2706216 2.1599904 2.9290785 3.0221327 2.4667558 2.6205639 2.6993207 2.6608497 2.6293633 2.5811904 2.4348287 2.8084324 2.8417039 2.7305700 2.5647343 0.7930865 0.0000000 0.5993193 2.8522954 2.4949325 2.8388750 2.7383818 2.4553147 2.9469162 3.6991912 3.0087222 3.7278699 3.1947098 3.3738942 2.9827408 3.2358716 2.9956705 2.9687352 3.0018656 2.8157853 2.7835632 2.7535620 3.2952157 2.7737853 2.7080265 2.7473180 2.8418295 2.4883085 3.1336512 2.9410401 3.3319519 3.4565933 2.9989165 2.9235677 3.0183096 2.9958261 3.0969946 3.5092021 
Leuniv_Lniv_scaffold25022_01                            2.7816746 2.3094452 2.2336223 1.9169042 2.8326658 2.9069988 2.4678455 2.6141456 2.6185548 2.5769178 2.5433771 2.3919132 2.4077149 2.9818439 2.7074663 2.7266920 2.4230579 0.6866256 0.5993193 0.0000000 2.8154605 2.6545107 2.8315697 2.7389274 2.4759050 2.9289037 3.8976123 2.9697888 4.1934868 3.2651556 3.3035780 3.1452866 3.2628898 2.9972084 2.8876331 3.0136741 2.7872889 2.6282045 2.7178053 3.4302774 2.8059738 2.8070774 2.5768087 2.8432461 2.3934193 3.2911051 3.1730648 3.1661317 3.2568854 3.0426920 2.8790356 2.9460799 2.9153373 3.0281248 3.5900783 
Opea_EP00118_Oscarella_pearsei_P003713                  2.6373053 2.0631680 2.2281965 1.6904481 2.6383126 2.6486009 2.3793167 2.3982922 2.4533991 2.4794124 2.4248581 2.3728323 2.4033456 2.5367615 2.6541552 2.6820422 2.6325110 2.9308252 2.8522954 2.8154605 0.0000000 1.3205832 2.6744098 2.7390220 2.4312416 3.1936728 3.6104661 2.9987301 3.9145552 3.3500011 3.1399249 3.2020384 3.4319969 2.9999494 2.8053965 2.9921351 2.6087838 2.8200794 3.1683218 2.3346128 3.0159641 3.0013740 3.3621702 2.7953739 2.6822598 3.7250642 3.3218032 3.6088341 3.2644648 3.4242396 3.1754881 3.2673332 3.2070532 3.3939224 3.4357316 
Plajan_Pjan_C567648_01                                  2.3226604 1.8608680 1.8494447 1.3119397 2.2558551 2.2336533 2.0774668 2.2380259 2.2658904 2.2205953 2.2160203 2.1156850 2.2925591 2.4174797 2.2883399 2.3416416 2.0095901 2.6069946 2.4949325 2.6545107 1.3205832 0.0000000 2.5500141 2.2764700 2.0486577 2.6970714 2.6809279 2.4498208 3.2736505 2.8436500 2.7517741 2.7852003 2.9790933 2.9796560 2.7708772 2.5354415 2.4800727 2.4974574 2.5507531 2.2058800 2.7113100 2.7272026 2.9477464 2.6935543 2.5671634 3.3122871 3.3827717 3.1346629 2.9608070 2.9850725 2.8223726 2.8411962 2.7833536 2.9163195 2.7256925 
Cscu_XM_023388998.1                                     1.9462690 1.5483327 1.7249806 1.9724113 2.3286488 2.4555749 1.9989568 2.0443023 2.2172611 2.0784557 1.9926415 1.8726188 1.8474329 1.7747438 2.2176405 2.1565657 2.2325977 2.9140726 2.8388750 2.8315697 2.6744098 2.5500141 0.0000000 1.9265436 1.7918137 3.4079527 2.7993252 2.2462162 2.8774207 2.5854749 2.4576223 2.2702002 2.6128703 2.6621008 2.8095495 2.7025101 2.5670241 2.4875473 2.6500068 3.0754077 2.6937439 2.7117386 3.0598344 3.2138770 3.0706153 4.1533569 3.7264218 2.4442620 2.4481256 3.1221929 3.0306531 3.0477160 3.0506097 3.1561049 3.1594425 
Ctel_gnl_WGS_AMQN_CAPTEDRAFT_mRNA219050                 1.7825837 1.6394884 1.6576774 2.0061976 2.3350502 2.3038012 2.2237955 2.2385459 2.0695984 2.2620015 2.2077877 2.1347224 1.8883783 1.6301194 2.2629049 2.1644031 2.2353791 2.7114489 2.7383818 2.7389274 2.7390220 2.2764700 1.9265436 0.0000000 1.5309601 3.1401991 2.3791881 2.4592084 3.2740217 2.5958556 2.5510325 2.5489243 2.7942557 2.7658312 2.7282767 2.4351861 2.2769874 2.5320377 2.6326607 2.0275742 2.7214037 2.6478165 2.7916816 2.9777665 2.9029405 3.7185932 3.6515281 2.5826112 2.5897311 3.0494109 2.8856751 3.0204739 2.9667668 2.7960632 3.0943649 
Acagra_model.g24018.t1                                  1.5955130 1.2437839 1.2813573 2.0878869 1.8340438 1.9960419 1.5779201 1.6388431 1.7427065 1.6129296 1.6486896 1.5873234 1.5339358 1.1417548 1.6397396 1.7576609 1.7470709 2.4139783 2.4553147 2.4759050 2.4312416 2.0486577 1.7918137 1.5309601 0.0000000 2.6421878 2.4391817 2.1402910 2.7689645 2.5185493 2.4876143 2.2487374 2.4076311 2.2427293 2.2027907 2.1119782 2.1078547 2.1685234 2.2080370 1.7716309 2.4450720 2.4454044 2.3942964 2.5275422 2.3789117 3.4076800 3.2212105 2.4125335 2.2330042 2.5999939 2.4888240 2.6398283 2.5831270 2.6314232 2.8257383 
Tetwil_g13572.t1                                        2.7264741 2.6126709 2.6792838 1.6038422 2.9964165 3.1184345 2.5285571 2.8129817 2.9608348 2.9264708 2.9885778 2.9214181 2.7656015 3.0516391 2.8818637 3.0626097 2.9571450 3.0113069 2.9469162 2.9289037 3.1936728 2.6970714 3.4079527 3.1401991 2.6421878 0.0000000 3.4141201 3.1574223 3.4785856 3.6008986 3.4402805 3.3609929 3.4226816 3.3068157 3.2895442 3.3525354 3.1103715 3.2960778 3.2735156 3.2252130 3.4764772 3.3622439 3.3324111 2.0658902 1.7948832 2.8285266 2.5331919 3.5752707 3.6552273 3.6554535 3.4649787 3.4558844 3.4258377 3.9773854 3.1648212 
Hvul_g5752_1                                            2.8915404 2.3414283 2.5738124 2.3182568 2.9600620 2.5460557 1.9666288 2.5187049 2.6746555 2.4767078 2.7320724 2.6980255 2.4230037 2.6141796 2.9084844 3.1778170 2.8301317 3.7362045 3.6991912 3.8976123 3.6104661 2.6809279 2.7993252 2.3791881 2.4391817 3.4141201 0.0000000 1.2891352 2.4639923 2.1819724 2.0274310 1.7727133 2.1252323 3.5412256 3.2453829 3.2004617 3.2674506 3.1795794 2.9377803 2.7994034 3.4004979 3.3300056 3.3561785 3.6039208 3.1896455 3.8803395 3.1113383 3.3854752 2.7715765 3.7957201 3.6662793 3.8577257 3.8969495 4.0348982 3.9772625 
Chem_TCONS_00050324                                     2.5142063 1.9879715 2.0848578 2.1369321 2.5576693 2.3676175 2.1527404 2.2774081 2.2418346 2.3276170 2.3719340 2.2132719 2.2495068 2.4003916 2.1999198 2.3431520 2.2679135 2.8798834 3.0087222 2.9697888 2.9987301 2.4498208 2.2462162 2.4592084 2.1402910 3.1574223 1.2891352 0.0000000 2.2287446 2.0769551 2.0241763 1.9368143 2.1083376 2.9330420 2.6824112 2.5445519 2.5854244 2.5632584 2.5835559 2.7232406 2.6684872 2.7749654 3.0675526 3.0418115 2.9242727 3.5106082 3.4191346 2.7854678 2.9889091 3.1749957 3.2062713 3.2141811 3.1357649 3.2888894 3.2349354 
Aaur_scaffold3947.g2.t1                                 3.5435904 2.5510042 2.7896287 2.5765785 3.1860722 2.5447567 2.7375649 2.6114063 2.7451997 2.7580147 2.9170837 2.7119187 2.7688179 2.8766994 2.7106237 2.8511350 2.7275591 3.8497594 3.7278699 4.1934868 3.9145552 3.2736505 2.8774207 3.2740217 2.7689645 3.4785856 2.4639923 2.2287446 0.0000000 1.9988645 1.8087736 1.6285728 2.4287484 2.1001681 3.7821696 3.7282729 3.7023288 3.4585904 3.6557250 3.7717725 3.7622952 3.8242034 3.8620409 4.4132441 4.7969390 5.6684859 4.4555239 3.9583567 3.0454738 3.5348721 3.5091878 3.7673017 3.7673017 4.7871262 4.1621496 
Nemnom_g11828.t1                                        2.7905332 2.3041738 2.4257737 2.2859374 2.5815799 2.5688946 2.4497493 2.5117573 2.3673625 2.5506946 2.4812036 2.5422421 2.7491927 2.7951797 2.5812594 2.7425995 2.4490024 3.3564106 3.1947098 3.2651556 3.3500011 2.8436500 2.5854749 2.5958556 2.5185493 3.6008986 2.1819724 2.0769551 1.9988645 0.0000000 0.3504283 1.4584304 2.1963398 3.3304925 3.1506203 3.0465347 2.9677935 3.0217608 3.0230505 2.8829881 3.1028745 3.0487244 3.4190583 3.1527373 2.9383833 3.3354995 3.4513690 3.2130276 3.3393585 3.3335651 3.1851057 3.1825254 3.1389196 3.2961286 3.2868195 
Rhoesc_Res_006548-T1                                    2.7006937 2.1763855 2.3375524 2.0550244 2.6401642 2.5169862 2.4082186 2.4545593 2.2367536 2.4068926 2.3559169 2.5037315 2.6363671 2.6672819 2.5422464 2.7323782 2.3509582 3.2860238 3.3738942 3.3035780 3.1399249 2.7517741 2.4576223 2.5510325 2.4876143 3.4402805 2.0274310 2.0241763 1.8087736 0.3504283 0.0000000 1.4224093 2.1035444 3.3990300 3.2299793 2.7094019 2.8592781 2.8888619 2.8854850 3.0821248 3.0463640 3.0046246 3.3613858 2.8024913 2.7850413 3.3130312 3.3232491 3.0205883 3.0851744 3.2745124 3.1976564 3.2554063 3.1872839 3.3070210 3.0708799 
Sanmal_Sma_019070-T1                                    2.9120918 2.2191273 2.5136718 2.0628605 2.5256348 2.3018033 2.0687377 2.2165568 2.0587946 2.1858808 2.1811937 2.0108827 2.2633238 2.3372593 2.6700337 2.6459897 2.1840695 2.9212954 2.9827408 3.1452866 3.2020384 2.7852003 2.2702002 2.5489243 2.2487374 3.3609929 1.7727133 1.9368143 1.6285728 1.4584304 1.4224093 0.0000000 1.9065218 3.3829909 3.2393469 2.9450362 2.9757188 2.9707785 2.9179318 2.7826025 2.9945102 2.9517550 3.2134010 3.0117920 3.0953382 3.6222693 3.4828057 3.1775683 3.0273500 3.1361187 3.1256090 3.2180298 3.1834932 3.2059290 3.4203812 
Morvir_scaffold101.g14.t2                               3.0091651 2.4096676 2.2189714 2.2430142 2.6333312 2.4313773 2.0783752 2.3136489 2.0585319 2.3776165 2.3469198 2.2917901 2.5582612 2.8696808 2.6251128 2.5982939 2.3927918 3.1375671 3.2358716 3.2628898 3.4319969 2.9790933 2.6128703 2.7942557 2.4076311 3.4226816 2.1252323 2.1083376 2.4287484 2.1963398 2.1035444 1.9065218 0.0000000 3.0084250 2.8801035 2.7865890 2.8567284 2.8461731 2.7293162 2.9015108 3.0365176 3.1077975 3.2075717 2.9957410 2.8827080 3.6568861 4.0286139 3.3472350 3.0882094 3.3970289 3.4133696 3.4783605 3.4317133 3.6203364 3.4658666 
Pbac_sb2666913                                          3.4155000 2.4600938 2.6919160 2.6905368 2.9048598 3.0569686 2.5509822 2.7175705 2.5795951 2.5871496 2.6831157 2.8662663 2.5307450 2.7525682 3.1222041 3.3659702 2.5182826 2.9648371 2.9956705 2.9972084 2.9999494 2.9796560 2.6621008 2.7658312 2.2427293 3.3068157 3.5412256 2.9330420 2.1001681 3.3304925 3.3990300 3.3829909 3.0084250 0.0000000 0.0533624 0.9245499 0.9322807 0.8916795 1.0387526 1.1992613 1.2664360 1.2231066 1.9271450 3.2198241 3.4689469 3.4085136 3.5300595 3.5023154 3.9490070 3.0959544 3.1300812 3.1694236 3.0920637 2.9306679 3.2910750 
Horcal_Hcv1.av93.c5.g778.i1                             3.0087284 2.2128157 2.4519212 2.6298363 2.8583539 2.7754230 2.3377881 2.4907582 2.3761260 2.4246240 2.5288605 2.6339556 2.3609718 2.6702854 2.8155469 3.0071570 2.4856400 2.8654755 2.9687352 2.8876331 2.8053965 2.7708772 2.8095495 2.7282767 2.2027907 3.2895442 3.2453829 2.6824112 3.7821696 3.1506203 3.2299793 3.2393469 2.8801035 0.0533624 0.0000000 0.6672296 0.8003823 0.8191231 0.9068241 0.7989330 1.1225698 1.0908525 1.3664175 3.2413094 3.1674217 3.4098233 3.4361514 3.2755171 3.5438828 3.3138853 3.2263538 3.3149826 3.2781299 3.2262575 3.3450681 
Bolinf_Binf_sb1195227                                   2.6478126 1.8935716 2.2028261 3.1513231 2.8565679 2.3583202 1.9056918 2.1631489 2.2024443 2.1565598 2.2386019 2.1424431 2.1497378 2.6053082 2.6176969 2.7489249 2.4232086 2.9814555 3.0018656 3.0136741 2.9921351 2.5354415 2.7025101 2.4351861 2.1119782 3.3525354 3.2004617 2.5445519 3.7282729 3.0465347 2.7094019 2.9450362 2.7865890 0.9245499 0.6672296 0.0000000 0.3509941 0.3439798 0.5162098 0.7398573 0.7737469 0.8030705 1.2200554 3.3023077 3.4615027 3.9267115 4.5615042 3.2447778 3.3012066 3.6921581 3.6219067 3.6402217 3.5766038 3.7657123 3.4899346 
Mertsp_Mesp_sb567868                                    2.5231211 1.9078351 2.0832148 2.3336744 2.6315386 2.3499725 1.8740986 2.2089684 2.2276827 2.1947190 2.2845457 2.2963600 2.1436461 2.6145686 2.5339053 2.4920020 2.5022545 2.9911797 2.8157853 2.7872889 2.6087838 2.4800727 2.5670241 2.2769874 2.1078547 3.1103715 3.2674506 2.5854244 3.7023288 2.9677935 2.8592781 2.9757188 2.8567284 0.9322807 0.8003823 0.3509941 0.0000000 0.4725287 0.5654321 0.7784682 0.8633228 0.8855836 1.1149043 2.8512789 2.4390582 3.2586459 3.3836955 2.9669358 3.2347126 3.0754687 3.0308928 3.0278758 2.9966281 3.2136992 3.1773725 
Beraby_Baby_sb345838                                    2.6999258 2.0005402 2.1475932 2.2080722 2.6401514 2.4647622 2.0732657 2.2186477 2.1507951 2.2546695 2.3449033 2.4965839 2.2884909 2.6212391 2.4941139 2.6112535 2.3925157 2.7331827 2.7835632 2.6282045 2.8200794 2.4974574 2.4875473 2.5320377 2.1685234 3.2960778 3.1795794 2.5632584 3.4585904 3.0217608 2.8888619 2.9707785 2.8461731 0.8916795 0.8191231 0.3439798 0.4725287 0.0000000 0.6010691 0.7987045 0.8135954 0.8392618 1.1273911 2.9722999 2.9892020 3.2966413 3.1684704 2.8573397 3.2448743 3.4767797 3.2192867 3.1939490 3.1609383 3.2826845 3.2376860 
Lampan_Lpan_C417717_01                                  2.7277693 2.2017326 2.3473587 1.9878436 2.6766374 2.5011616 2.1369312 2.3533584 2.3559127 2.3793513 2.4351646 2.3878475 2.3407156 2.7648879 2.7515729 2.7064255 2.5049844 2.8892949 2.7535620 2.7178053 3.1683218 2.5507531 2.6500068 2.6326607 2.2080370 3.2735156 2.9377803 2.5835559 3.6557250 3.0230505 2.8854850 2.9179318 2.7293162 1.0387526 0.9068241 0.5162098 0.5654321 0.6010691 0.0000000 0.8226991 0.7651328 0.7461982 1.0644558 2.9776217 3.1756545 3.4483212 3.3853651 3.0770225 3.3659055 3.4623967 3.2713387 3.2144861 3.2004848 3.3512145 3.4499829 
Eupdun_Edun_sb10619665                                  2.5968319 2.0259157 2.2038123 6.1032331 4.4175281 3.1392049 1.9244062 2.2698666 2.3420872 2.2146110 2.2771745 1.9511957 1.9008414 1.9871317 2.6902011 2.9099619 2.3128402 3.2716661 3.2952157 3.4302774 2.3346128 2.2058800 3.0754077 2.0275742 1.7716309 3.2252130 2.7994034 2.7232406 3.7717725 2.8829881 3.0821248 2.7826025 2.9015108 1.1992613 0.7989330 0.7398573 0.7784682 0.7987045 0.8226991 0.0000000 1.0641213 1.0931886 1.2065555 3.1496765 2.9284443 4.0975046 3.9967042 3.0652847 2.9703143 3.4006712 3.3301582 3.5784480 3.5784480 3.4395105 3.1590296 
Coeast_Cast_sb806206                                    2.8863741 2.2145406 2.3139279 2.4449432 2.9495628 2.7975603 2.2308530 2.4540710 2.4018021 2.5286144 2.6004691 2.6991709 2.3710790 2.7951194 2.6652863 2.6301426 2.7272616 2.8784841 2.7737853 2.8059738 3.0159641 2.7113100 2.6937439 2.7214037 2.4450720 3.4764772 3.4004979 2.6684872 3.7622952 3.1028745 3.0463640 2.9945102 3.0365176 1.2664360 1.1225698 0.7737469 0.8633228 0.8135954 0.7651328 1.0641213 0.0000000 0.0594503 0.8574187 3.3120923 3.2902943 3.5043635 3.3618103 3.2559372 3.3461424 3.6638656 3.4087638 3.3652901 3.3573469 3.4202705 3.4172647 
Coemet_Cmet_scaffold7109_01                             2.8915358 2.2981033 2.3208311 2.3628100 2.9854931 2.6357126 2.3434079 2.4723208 2.3162388 2.5384965 2.6641052 2.7928578 2.4115609 2.8132144 2.6706779 2.7138323 2.7051552 2.9011685 2.7080265 2.8070774 3.0013740 2.7272026 2.7117386 2.6478165 2.4454044 3.3622439 3.3300056 2.7749654 3.8242034 3.0487244 3.0046246 2.9517550 3.1077975 1.2231066 1.0908525 0.8030705 0.8855836 0.8392618 0.7461982 1.0931886 0.0594503 0.0000000 0.8136600 3.3296630 3.2495009 3.3919253 3.3775817 3.3864687 3.5941426 3.6288165 3.3500603 3.3551554 3.3511726 3.3607828 3.2837359 
Vmul_sbMO424457                                         2.8154882 2.2638656 2.2743110 2.3082240 2.7882794 2.2512184 2.0169687 2.0619266 2.1427281 2.3610408 2.4485863 2.4636107 2.2518339 2.8918192 2.9036240 2.7863067 2.9413599 2.7359854 2.7473180 2.5768087 3.3621702 2.9477464 3.0598344 2.7916816 2.3942964 3.3324111 3.3561785 3.0675526 3.8620409 3.4190583 3.3613858 3.2134010 3.2075717 1.9271450 1.3664175 1.2200554 1.1149043 1.1273911 1.0644558 1.2065555 0.8574187 0.8136600 0.0000000 3.4919879 2.6756677 3.4783111 3.3169623 3.5165972 3.6297675 3.3782492 3.2776550 3.3994441 3.3994441 3.5797101 3.8526879 
Emue_Em0023g792a.t1                                     2.6602629 2.3900213 2.4815181 1.9151085 2.6374347 3.0088066 2.5113330 2.5879478 2.8627260 2.6693652 2.6286209 2.2286783 2.4862817 2.7790653 2.7705827 2.9070179 2.4068372 2.8198905 2.8418295 2.8432461 2.7953739 2.6935543 3.2138770 2.9777665 2.5275422 2.0658902 3.6039208 3.0418115 4.4132441 3.1527373 2.8024913 3.0117920 2.9957410 3.2198241 3.2413094 3.3023077 2.8512789 2.9722999 2.9776217 3.1496765 3.3120923 3.3296630 3.4919879 0.0000000 0.2109482 2.5378528 2.1990042 3.4374115 3.9167594 3.2890580 3.3780073 3.3071656 3.3027529 3.4786760 3.0518936 
Spolac_c97792_g1_i1_m.15797c97792-g1                    2.6141570 2.2482014 2.2211939 1.3492076 2.4989628 2.7875723 2.3844290 2.4586976 2.7185373 2.5027069 2.4704345 2.3013736 2.3341428 2.6880888 2.5198612 2.5959073 2.2741582 2.4087851 2.4883085 2.3934193 2.6822598 2.5671634 3.0706153 2.9029405 2.3789117 1.7948832 3.1896455 2.9242727 4.7969390 2.9383833 2.7850413 3.0953382 2.8827080 3.4689469 3.1674217 3.4615027 2.4390582 2.9892020 3.1756545 2.9284443 3.2902943 3.2495009 2.6756677 0.2109482 0.0000000 2.1885804 2.0031764 3.2909473 3.5356366 2.5633444 2.8786011 2.8068478 2.7661424 3.0433949 2.8790781 
Aque_Aqu2.1.28862_001                                   3.4784599 3.1423718 2.9674379 2.2029664 3.3733521 3.6830511 3.2110984 3.2138960 3.5666394 3.1838249 3.1878769 3.0853820 3.4757905 3.8672569 3.1682287 3.4683387 3.0336423 3.2177656 3.1336512 3.2911051 3.7250642 3.3122871 4.1533569 3.7185932 3.4076800 2.8285266 3.8803395 3.5106082 5.6684859 3.3354995 3.3130312 3.6222693 3.6568861 3.4085136 3.4098233 3.9267115 3.2586459 3.2966413 3.4483212 4.0975046 3.5043635 3.3919253 3.4783111 2.5378528 2.1885804 0.0000000 1.2362816 3.9902894 3.8222132 3.8562141 3.5917638 3.8161009 3.7714507 3.9501796 3.4671676 
Xestes_maker-XT_scaffold127246-augustus-gene-0.9-mRNA-1 3.3936332 2.8509050 2.8866229 2.2078391 3.0436455 3.3196897 2.8667378 2.7282289 3.2476760 2.8849353 2.8802513 2.7211681 3.2530306 3.4528139 3.0346030 3.1489788 3.0389151 3.2975621 2.9410401 3.1730648 3.3218032 3.3827717 3.7264218 3.6515281 3.2212105 2.5331919 3.1113383 3.4191346 4.4555239 3.4513690 3.3232491 3.4828057 4.0286139 3.5300595 3.4361514 4.5615042 3.3836955 3.1684704 3.3853651 3.9967042 3.3618103 3.3775817 3.3169623 2.1990042 2.0031764 1.2362816 0.0000000 3.9708744 3.8095088 3.6223512 3.6356889 3.6627942 3.5931439 4.0312708 3.2480461 
Dpul_mRNA21655                                          2.9683290 2.4322701 2.4424078 2.2994563 2.9027603 2.8217375 2.6499250 2.6932064 2.9193892 2.8647567 2.7039594 2.7374705 2.4935111 2.5963921 2.9612021 2.9208488 2.6708607 3.4414869 3.3319519 3.1661317 3.6088341 3.1346629 2.4442620 2.5826112 2.4125335 3.5752707 3.3854752 2.7854678 3.9583567 3.2130276 3.0205883 3.1775683 3.3472350 3.5023154 3.2755171 3.2447778 2.9669358 2.8573397 3.0770225 3.0652847 3.2559372 3.3864687 3.5165972 3.4374115 3.2909473 3.9902894 3.9708744 0.0000000 2.7955998 3.2136901 3.1947852 3.2671832 3.1897119 3.5920914 3.6332297 
Tcas_TC014994_001                                       2.7998854 2.2789107 2.3279442 2.3118412 3.0586546 2.9756820 2.8133591 2.6981322 2.6652915 2.8644838 2.7891410 2.4779871 2.5922177 2.3501749 2.6022403 2.6649945 2.5319412 3.4724445 3.4565933 3.2568854 3.2644648 2.9608070 2.4481256 2.5897311 2.2330042 3.6552273 2.7715765 2.9889091 3.0454738 3.3393585 3.0851744 3.0273500 3.0882094 3.9490070 3.5438828 3.3012066 3.2347126 3.2448743 3.3659055 2.9703143 3.3461424 3.5941426 3.6297675 3.9167594 3.5356366 3.8222132 3.8095088 2.7955998 0.0000000 3.4833443 3.3807048 3.4637481 3.3753815 3.3894678 3.9462989 
HoiH06_mRNA2052                                         2.8634906 2.5869295 2.7590153 2.5298956 2.9594572 2.9021958 2.6852489 2.7499829 2.8696836 2.8213406 2.9332251 2.6885925 2.9190487 3.0279439 2.9083365 2.9472834 3.0518279 3.2812251 2.9989165 3.0426920 3.4242396 2.9850725 3.1221929 3.0494109 2.5999939 3.6554535 3.7957201 3.1749957 3.5348721 3.3335651 3.2745124 3.1361187 3.3970289 3.0959544 3.3138853 3.6921581 3.0754687 3.4767797 3.4623967 3.4006712 3.6638656 3.6288165 3.3782492 3.2890580 2.5633444 3.8562141 3.6223512 3.2136901 3.4833443 0.0000000 0.0567303 0.1065954 0.1045274 0.1774392 3.0623044 
HoiH23_PlH23_003392-RA                                  3.0682997 2.5454679 2.6214636 2.5677347 2.7548225 2.9472729 2.4801701 2.5896788 2.8245914 2.7036189 2.7186891 2.4399787 2.9460443 2.9020238 2.7359755 2.6946267 2.8234134 3.0883251 2.9235677 2.8790356 3.1754881 2.8223726 3.0306531 2.8856751 2.4888240 3.4649787 3.6662793 3.2062713 3.5091878 3.1851057 3.1976564 3.1256090 3.4133696 3.1300812 3.2263538 3.6219067 3.0308928 3.2192867 3.2713387 3.3301582 3.4087638 3.3500603 3.2776550 3.3780073 2.8786011 3.5917638 3.6356889 3.1947852 3.3807048 0.0567303 0.0000000 0.1414644 0.1372126 0.2185836 3.0182363 
Hhon_g04558.t1                                          3.1068645 2.6321614 2.6353255 2.3985461 2.8590025 3.0777323 2.5142600 2.6243291 2.8743097 2.7308663 2.8052153 2.4646710 3.0242075 3.0470009 2.8659016 2.8139326 2.8963202 3.1802804 3.0183096 2.9460799 3.2673332 2.8411962 3.0477160 3.0204739 2.6398283 3.4558844 3.8577257 3.2141811 3.7673017 3.1825254 3.2554063 3.2180298 3.4783605 3.1694236 3.3149826 3.6402217 3.0278758 3.1939490 3.2144861 3.5784480 3.3652901 3.3551554 3.3994441 3.3071656 2.8068478 3.8161009 3.6627942 3.2671832 3.4637481 0.1065954 0.1414644 0.0000000 0.0146719 0.2256544 3.1166529 
HoiH04_mRNA1210                                         3.0997518 2.6259135 2.6361266 2.3345421 2.8011676 3.0155587 2.4802149 2.5981465 2.8339386 2.6996783 2.7649374 2.4458087 2.9862282 2.9933017 2.8427036 2.7346893 2.8931421 3.1203352 2.9958261 2.9153373 3.2070532 2.7833536 3.0506097 2.9667668 2.5831270 3.4258377 3.8969495 3.1357649 3.7673017 3.1389196 3.1872839 3.1834932 3.4317133 3.0920637 3.2781299 3.5766038 2.9966281 3.1609383 3.2004848 3.5784480 3.3573469 3.3511726 3.3994441 3.3027529 2.7661424 3.7714507 3.5931439 3.1897119 3.3753815 0.1045274 0.1372126 0.0146719 0.0000000 0.2272063 3.1655036 
HoiH11_mRNA2334                                         3.0791083 2.7320772 2.7126587 2.3935406 2.9939995 3.2818636 2.5120559 2.7333707 3.0387400 2.7682923 2.8759261 2.6911840 3.2193402 3.0167302 2.9418042 2.8714837 2.9270489 3.3591829 3.0969946 3.0281248 3.3939224 2.9163195 3.1561049 2.7960632 2.6314232 3.9773854 4.0348982 3.2888894 4.7871262 3.2961286 3.3070210 3.2059290 3.6203364 2.9306679 3.2262575 3.7657123 3.2136992 3.2826845 3.3512145 3.4395105 3.4202705 3.3607828 3.5797101 3.4786760 3.0433949 3.9501796 4.0312708 3.5920914 3.3894678 0.1774392 0.2185836 0.2256544 0.2272063 0.0000000 3.2553742 
Plespi_Pspi_scaffold10820_01                            2.9848495 2.5062900 2.7595181 2.3424376 3.1222566 2.9522002 2.5835874 2.7867279 2.9503434 2.8707667 2.9077237 2.9058629 2.9186810 3.2550471 2.6943823 2.7686431 2.8291502 3.4032377 3.5092021 3.5900783 3.4357316 2.7256925 3.1594425 3.0943649 2.8257383 3.1648212 3.9772625 3.2349354 4.1621496 3.2868195 3.0708799 3.4203812 3.4658666 3.2910750 3.3450681 3.4899346 3.1773725 3.2376860 3.4499829 3.1590296 3.4172647 3.2837359 3.8526879 3.0518936 2.8790781 3.4671676 3.2480461 3.6332297 3.9462989 3.0623044 3.0182363 3.1166529 3.1655036 3.2553742 0.0000000 
