46
Hsap_ENST00000366508                                   0.0000000 2.5809621 2.5888575 2.0055751 2.0322172 2.6171529 2.4754937 2.2107492 2.5397489 2.6826705 2.6204628 2.7971381 3.1766147 2.6945379 2.6849062 4.0388731 3.0622769 3.0014159 2.9917813 3.0918332 2.7724626 3.2048641 3.9289045 2.4353386 3.4053923 2.6759621 2.4615674 3.2266200 3.2451023 3.2657791 3.2289452 3.0432012 2.7107853 3.7885812 3.6292201 3.5352131 3.5047336 5.4238677 5.0743715 4.1495729 4.5471109 4.4059141 3.9392068 3.0606579 3.0987379 4.2628999 
Spur_XM_030987243.1                                    2.5809621 0.0000000 1.7963893 1.7015627 1.7509215 2.0892609 1.9522164 1.8003968 1.9911768 2.0916935 2.1132493 1.9300750 2.2367889 1.9991262 1.8089746 3.6069639 2.6794466 2.3903628 2.5999646 2.5404303 2.5348040 3.0361964 3.0856274 1.9971105 3.1315735 2.2243509 2.0377715 2.7314189 2.6227753 2.6016964 2.5228292 2.4083868 2.1757024 3.5228088 3.0093841 3.0664609 3.0510671 4.4077117 4.3493463 3.2584778 3.7009562 3.6470741 3.4892632 1.9170199 2.1081482 3.9580771 
Exapal_XM_021049749.2                                  2.5888575 1.7963893 0.0000000 2.6832021 1.0080625 1.2188136 1.2387360 1.0696241 1.2530487 1.2389904 1.1786645 1.7477474 1.9185721 2.3219391 2.1600078 3.4965901 2.7558945 2.3444404 2.5092200 2.5046410 2.1514347 3.4908702 3.3464357 1.5893560 3.3297541 2.2371134 2.4499763 3.2826418 3.1559141 2.9150412 2.9576898 2.7565294 2.3209768 3.0228152 3.2971752 3.2725256 3.4767632 4.1037363 4.7955304 6.6196693 3.6302325 3.6607871 3.5874318 2.0438322 1.8281569 2.8666380 
Nvec_v1g101077                                         2.0055751 1.7015627 2.6832021 0.0000000 0.8663547 1.0641316 0.8157695 0.8386260 0.8109995 0.7580088 0.0000010 1.2059188 0.0000010 1.7820616 1.8685263 4.0760163 1.9991824 1.6831690 1.8788722 1.8930417 0.0000010 2.4427542 2.3845237 0.6707765 2.2331269 2.0610022 0.0000010 1.9708490 2.0034879 1.9107077 1.9380896 1.9489215 1.9636533 0.0000010 1.8247217 1.9103176 2.0081089 3.2915172 3.6007678 3.3242570 3.2263089 3.2122912 3.0666658 0.0000010 0.0000010 4.4796183 
Adig_XM_015896385.1                                    2.0322172 1.7509215 1.0080625 0.8663547 0.0000000 0.0484723 0.3474654 0.4400426 0.4285632 0.2234308 0.5764111 1.2175613 1.7524641 1.7193168 1.9640335 3.4707125 2.2995534 1.8618350 2.2994133 2.1111284 2.5292662 2.3009058 2.8264601 0.0000010 2.6313122 2.0395567 1.9399559 2.0293873 1.9535634 1.9794797 1.9943553 1.9042784 1.8923999 3.4385644 2.7272066 2.7828313 2.7730871 3.8734321 3.6655596 3.4467270 3.9296831 3.5818529 3.6276630 1.5602352 0.9752652 3.7054133 
Amil_Amillepora19657-RA                                2.6171529 2.0892609 1.2188136 1.0641316 0.0484723 0.0000000 0.4802032 0.4634360 0.5783779 0.3817903 0.5686059 1.4008124 1.8248904 2.2693604 2.2301036 3.8982188 2.6850200 2.3206728 2.4586035 2.3670494 2.5125464 3.1294574 3.3045869 2.0035395 3.3757739 2.3612738 2.2395722 2.8157691 2.7128931 2.7247762 2.6847101 2.4911566 2.1525448 3.2402947 2.6497939 2.7007096 2.8882316 4.7369107 4.4857872 4.2115865 4.0426030 3.9827523 3.8594821 2.2573938 2.0338419 3.8600653 
Fspp_ffun1.m4.20033.m1                                 2.4754937 1.9522164 1.2387360 0.8157695 0.3474654 0.4802032 0.0000000 0.2875038 0.3860033 0.4092589 0.3650137 1.2886633 1.7708711 2.0554172 1.9626716 3.6965074 2.5784325 2.2134999 2.3752457 2.2712459 2.3367240 2.9387307 2.9857164 2.0560306 3.1084467 2.2228418 2.1986561 2.7296351 2.6894237 2.6686251 2.6517350 2.4447275 2.1684096 3.0104589 2.4532337 2.4415896 2.5017690 4.4361507 4.2253337 3.5871443 3.5744858 3.6406901 3.4515637 2.1257199 1.9712889 3.5202209 
Spis_XP_022794109_1                                    2.2107492 1.8003968 1.0696241 0.8386260 0.4400426 0.4634360 0.2875038 0.0000000 0.0880590 0.4009121 0.4035627 1.2310361 1.5985523 1.8293760 1.7505237 3.3249803 2.4055544 2.0650049 2.2004242 2.1835813 2.4281690 2.7675556 2.8343355 2.0609031 2.8827330 2.0185466 2.3614195 2.5097251 2.4841388 2.3909569 2.4157086 2.3738249 2.2012462 3.1442937 2.2818353 2.1947982 2.2528540 4.5132349 4.5699287 3.8373364 3.6795544 3.5421081 3.5836012 1.6263293 1.3863532 3.4393297 
Pocdam_XM_027202026.1                                  2.5397489 1.9911768 1.2530487 0.8109995 0.4285632 0.5783779 0.3860033 0.0880590 0.0000000 0.5050090 0.5590981 1.3654594 1.8251165 2.1302460 2.0396766 3.4530092 2.5390319 2.2277378 2.4054445 2.3410778 2.5050490 3.0448983 2.9869828 2.0153911 2.9886539 2.2149707 2.3050886 2.6430256 2.6071047 2.5640482 2.5327919 2.4638065 2.1932933 3.1960082 2.5012695 2.4662496 2.5323925 4.5393701 4.5787802 3.8463557 3.6767311 3.6904926 3.6048627 2.1153711 1.9595425 3.6105170 
Gfas_gfas1.m1.16211.m1                                 2.6826705 2.0916935 1.2389904 0.7580088 0.2234308 0.3817903 0.4092589 0.4009121 0.5050090 0.0000000 0.5791591 1.3603470 1.9798865 2.2146345 2.1244390 3.5282731 2.6040776 2.2400363 2.4519420 2.4166451 2.8365077 3.2249638 3.0167222 2.2472402 3.1572048 2.3556823 2.5144547 2.6632406 2.6430021 2.7035711 2.6235059 2.4712718 2.1550501 3.5035789 2.5127920 2.5209428 2.6533656 4.4061196 4.1983846 3.6414006 3.7342962 3.7350616 3.5063226 2.3660815 2.1507167 3.5382813 
Gasp_gasp1.m3.28655.m1                                 2.6204628 2.1132493 1.1786645 0.0000010 0.5764111 0.5686059 0.3650137 0.4035627 0.5590981 0.5791591 0.0000000 1.6667767 1.7888324 2.6022382 2.3302414 3.4544689 2.6935757 2.5597897 2.7409675 2.6132406 2.1953071 3.5100560 3.2580936 0.0000010 3.9496867 2.1876287 2.3868577 3.7494294 3.5466825 3.3604410 3.2959878 3.1191635 2.5524884 3.2491673 3.3174429 3.3122138 3.6807608 4.4782686 4.7038325 0.0000010 3.4724162 3.9693304 4.0130387 2.0039701 1.9069728 3.1108191 
Dgig_XM_028538229.1                                    2.7971381 1.9300750 1.7477474 1.2059188 1.2175613 1.4008124 1.2886633 1.2310361 1.3654594 1.3603470 1.6667767 0.0000000 0.6361227 2.2062886 2.3718084 3.7885035 2.6332109 2.3424082 2.3953720 2.2673540 2.5311419 3.0782674 3.1820696 2.0899840 2.9736001 2.3278641 2.2786628 2.5479882 2.6122910 2.5504385 2.5591147 2.4601537 2.1786331 3.0804227 2.7963753 2.7480451 2.6757256 4.2098529 4.3462394 3.3483480 3.8736637 3.9785310 3.4413044 2.3481636 2.1536075 3.6557972 
Xesp_013505-T1                                         3.1766147 2.2367889 1.9185721 0.0000010 1.7524641 1.8248904 1.7708711 1.5985523 1.8251165 1.9798865 1.7888324 0.6361227 0.0000000 2.8054607 2.6496902 4.2413248 3.0848895 2.7721008 2.8180899 2.5382614 2.5263326 3.5917815 3.8813613 1.3241511 4.2422137 2.5578752 2.2826791 3.1442949 3.1322548 3.0294998 3.1166172 2.9107915 2.3574667 3.5277214 3.4627979 3.3090047 3.4357697 4.4023414 4.6747195 2.9930724 4.2917631 4.6291293 3.8643670 2.7205718 2.2258079 3.4045092 
Cgig_XM_020074128.2                                    2.6945379 1.9991262 2.3219391 1.7820616 1.7193168 2.2693604 2.0554172 1.8293760 2.1302460 2.2146345 2.6022382 2.2062886 2.8054607 0.0000000 1.6689299 4.1048603 2.8270507 2.7672379 2.7532626 2.6881047 2.6098916 2.8859727 3.3312022 2.4369149 3.1277496 2.0617959 2.0465044 2.9319206 2.8865095 2.8282838 2.8024698 2.6228053 2.2947908 3.2995320 3.1428848 3.1153309 3.2346118 4.7098347 4.3338944 3.3025813 3.8986487 3.8899565 3.5019493 2.6592750 2.4008257 4.3015707 
Acagra_model.g30629.t1                                 2.6849062 1.8089746 2.1600078 1.8685263 1.9640335 2.2301036 1.9626716 1.7505237 2.0396766 2.1244390 2.3302414 2.3718084 2.6496902 1.6689299 0.0000000 3.6332245 2.8297650 2.5228875 2.6787290 2.6914630 2.3148170 2.9518820 3.1881141 2.2785437 3.2651884 2.0635275 2.2731075 3.0462277 2.9751389 2.8888755 2.8691626 2.7013689 2.3749127 3.0568296 3.2356358 3.1074459 3.1891731 4.4796536 4.4673290 3.3372405 3.9298569 3.9794727 3.5058779 2.3411960 2.2919155 3.9877650 
Ocar_g1144                                             4.0388731 3.6069639 3.4965901 4.0760163 3.4707125 3.8982188 3.6965074 3.3249803 3.4530092 3.5282731 3.4544689 3.7885035 4.2413248 4.1048603 3.6332245 0.0000000 0.1049663 2.2355624 3.7785040 3.8514875 3.2211416 5.0997749 4.7793155 0.0000010 6.0090115 3.8816942 3.4968505 4.2646344 4.3591415 4.1679602 4.1932252 3.7603621 3.1794264 5.2569113 5.2666160 5.0326832 4.4930258 6.2314855 5.6472776 9.0000000 4.2400868 5.6528331 5.0161472 4.2060991 3.8490373 4.8909972 
Opea_EP00118_Oscarella_pearsei_P011488                 3.0622769 2.6794466 2.7558945 1.9991824 2.2995534 2.6850200 2.5784325 2.4055544 2.5390319 2.6040776 2.6935757 2.6332109 3.0848895 2.8270507 2.8297650 0.1049663 0.0000000 1.6442873 2.7329255 2.7174176 2.4995559 3.7376703 3.5559839 2.7727062 3.3979589 2.7057348 2.8679003 3.1128643 3.1642784 3.1224116 3.1510285 2.9694283 2.6929406 3.8009911 3.6269019 3.5742056 3.5592675 4.7755208 4.7156261 4.1131537 3.5769477 3.5965886 3.5974945 3.1006366 3.0428824 4.1438063 
Plajan_Pjan_C572780_01                                 3.0014159 2.3903628 2.3444404 1.6831690 1.8618350 2.3206728 2.2134999 2.0650049 2.2277378 2.2400363 2.5597897 2.3424082 2.7721008 2.7672379 2.5228875 2.2355624 1.6442873 0.0000000 2.4795661 2.4329967 2.4189613 3.4603024 3.2800323 2.4824384 3.0531440 2.5175383 2.4340606 2.9843091 2.9981567 3.0267303 3.0308308 2.8108033 2.4607927 3.8088949 3.5208878 3.4377431 3.3399910 4.6927559 4.9484307 4.0455011 3.6777865 3.8357865 3.7683597 2.7985602 2.4178901 4.0587151 
Lcom_lcpid12547                                        2.9917813 2.5999646 2.5092200 1.8788722 2.2994133 2.4586035 2.3752457 2.2004242 2.4054445 2.4519420 2.7409675 2.3953720 2.8180899 2.7532626 2.6787290 3.7785040 2.7329255 2.4795661 0.0000000 0.5393452 0.4576344 3.4239432 3.3758959 2.4268000 3.3694340 2.8594262 2.4669488 2.9003502 2.8989144 2.9336599 2.9439175 2.7749113 2.5155641 3.9881898 3.3621181 3.3002679 3.2267278 4.6122621 4.1520655 3.9170909 3.9664183 3.8298776 3.8509692 2.8559963 2.9365685 4.2022909 
Gracom_Gcom_C561502_01                                 3.0918332 2.5404303 2.5046410 1.8930417 2.1111284 2.3670494 2.2712459 2.1835813 2.3410778 2.4166451 2.6132406 2.2673540 2.5382614 2.6881047 2.6914630 3.8514875 2.7174176 2.4329967 0.5393452 0.0000000 0.3682775 3.6380664 3.3457085 2.6100608 3.0712011 2.8769711 2.4939884 2.9302471 2.8981295 2.9391895 2.9326189 2.7718734 2.5747985 4.1097534 3.3593093 3.2702579 3.1767917 4.4050418 4.3468542 3.5265969 3.8270879 3.6771975 3.8161483 2.8799554 2.9171317 3.9003659 
Leuniv_Lniv_scaffold24549_01                           2.7724626 2.5348040 2.1514347 0.0000010 2.5292662 2.5125464 2.3367240 2.4281690 2.5050490 2.8365077 2.1953071 2.5311419 2.5263326 2.6098916 2.3148170 3.2211416 2.4995559 2.4189613 0.4576344 0.3682775 0.0000000 3.6702329 3.3470605 0.0000010 3.9749452 2.7496885 2.4369888 3.1544268 3.0440883 2.9495170 2.9501633 2.8185229 2.3200367 4.3830697 4.3588144 4.1872883 3.9448048 5.3127911 5.1524652 0.0000010 4.3536756 3.8669693 3.7667097 2.6375216 2.1322123 3.2568300 
Tcas_TC033213_001                                      3.2048641 3.0361964 3.4908702 2.4427542 2.3009058 3.1294574 2.9387307 2.7675556 3.0448983 3.2249638 3.5100560 3.0782674 3.5917815 2.8859727 2.9518820 5.0997749 3.7376703 3.4603024 3.4239432 3.6380664 3.6702329 0.0000000 3.9107381 3.3519773 4.0437736 2.5441971 2.3993240 3.4893595 3.4632981 3.3538881 3.4035929 3.2144093 2.8013351 3.9381476 3.7631899 3.6681498 3.7939261 5.1968838 4.7053787 4.2772690 4.3433505 4.6186962 4.7195875 3.8150614 3.7071930 4.6113205 
Emue_Em0008g1267a.t1                                   3.9289045 3.0856274 3.3464357 2.3845237 2.8264601 3.3045869 2.9857164 2.8343355 2.9869828 3.0167222 3.2580936 3.1820696 3.8813613 3.3312022 3.1881141 4.7793155 3.5559839 3.2800323 3.3758959 3.3457085 3.3470605 3.9107381 0.0000000 0.4423148 2.7620065 3.3448570 3.4613493 3.7028676 3.7494311 3.7531683 3.6915584 3.5110539 3.1961246 4.3811469 3.6257027 3.7457168 3.9120975 4.7118259 4.7683748 4.0899602 3.6546554 3.5400394 3.3222293 3.8100372 3.5998320 4.7020048 
Spolac_c91737_g2_i1_m.7182c33921-g1                    2.4353386 1.9971105 1.5893560 0.6707765 0.0000010 2.0035395 2.0560306 2.0609031 2.0153911 2.2472402 0.0000010 2.0899840 1.3241511 2.4369149 2.2785437 0.0000010 2.7727062 2.4824384 2.4268000 2.6100608 0.0000010 3.3519773 0.4423148 0.0000000 1.5507245 2.7571916 2.3579293 2.3758048 2.4156901 2.3821630 2.2794769 2.3675655 2.3402062 0.0000010 2.1572521 2.1868410 2.2564078 3.9008474 3.9765388 4.6355628 3.6595153 2.7715390 2.4151198 0.0000010 0.0000010 5.5592983 
Tetwil_g3565.t2                                        3.4053923 3.1315735 3.3297541 2.2331269 2.6313122 3.3757739 3.1084467 2.8827330 2.9886539 3.1572048 3.9496867 2.9736001 4.2422137 3.1277496 3.2651884 6.0090115 3.3979589 3.0531440 3.3694340 3.0712011 3.9749452 4.0437736 2.7620065 1.5507245 0.0000000 3.3961654 3.6680690 3.8153972 3.8801853 3.7994067 3.6090639 3.4230181 3.4108279 4.8553845 3.8606108 3.8047718 3.7495265 4.4507532 4.9438803 2.9165951 3.8025492 3.4828360 3.2340851 3.6146738 3.5929915 4.6294939 
Cscu_XM_023355969.1                                    2.6759621 2.2243509 2.2371134 2.0610022 2.0395567 2.3612738 2.2228418 2.0185466 2.2149707 2.3556823 2.1876287 2.3278641 2.5578752 2.0617959 2.0635275 3.8816942 2.7057348 2.5175383 2.8594262 2.8769711 2.7496885 2.5441971 3.3448570 2.7571916 3.3961654 0.0000000 2.0882907 2.8750081 2.8103746 2.8327888 2.7988227 2.6261111 2.3886678 3.2314620 2.9978160 2.9980782 3.0177884 4.3447101 4.4988451 3.4632041 3.7275338 3.9073002 3.5644520 2.4204835 2.2086066 3.7647679 
Dpul_mRNA4589                                          2.4615674 2.0377715 2.4499763 0.0000010 1.9399559 2.2395722 2.1986561 2.3614195 2.3050886 2.5144547 2.3868577 2.2786628 2.2826791 2.0465044 2.2731075 3.4968505 2.8679003 2.4340606 2.4669488 2.4939884 2.4369888 2.3993240 3.4613493 2.3579293 3.6680690 2.0882907 0.0000000 3.0795889 2.9250588 2.9567755 2.8631447 2.8174585 2.7950367 3.5470409 3.6084247 3.5669829 3.4683997 5.2222226 4.6065256 0.0000010 3.9226622 3.9409940 3.8988346 2.0836978 1.8933112 4.3313600 
Tadh_TriadT57661                                       3.2266200 2.7314189 3.2826418 1.9708490 2.0293873 2.8157691 2.7296351 2.5097251 2.6430256 2.6632406 3.7494294 2.5479882 3.1442949 2.9319206 3.0462277 4.2646344 3.1128643 2.9843091 2.9003502 2.9302471 3.1544268 3.4893595 3.7028676 2.3758048 3.8153972 2.8750081 3.0795889 0.0000000 0.0146229 0.4828668 0.4756950 0.4535538 0.3573314 3.8611113 3.3513614 3.3447436 3.1875086 5.0376139 4.9971657 4.1061362 3.8893530 3.8427603 3.7597355 4.2437487 4.5224032 4.5858597 
TrH2_TrispH2_004643-RA                                 3.2451023 2.6227753 3.1559141 2.0034879 1.9535634 2.7128931 2.6894237 2.4841388 2.6071047 2.6430021 3.5466825 2.6122910 3.1322548 2.8865095 2.9751389 4.3591415 3.1642784 2.9981567 2.8989144 2.8981295 3.0440883 3.4632981 3.7494311 2.4156901 3.8801853 2.8103746 2.9250588 0.0146229 0.0000000 0.4776746 0.4701487 0.4488690 0.3433508 3.9895232 3.4556238 3.4379564 3.2360156 4.8556456 4.8768456 4.1076542 4.0670824 4.0736595 3.9502975 3.8240689 4.0232338 4.4328149 
HoiH06_mRNA4270                                        3.2657791 2.6016964 2.9150412 1.9107077 1.9794797 2.7247762 2.6686251 2.3909569 2.5640482 2.7035711 3.3604410 2.5504385 3.0294998 2.8282838 2.8888755 4.1679602 3.1224116 3.0267303 2.9336599 2.9391895 2.9495170 3.3538881 3.7531683 2.3821630 3.7994067 2.8327888 2.9567755 0.4828668 0.4776746 0.0000000 0.0970464 0.1824685 0.1265082 3.8535369 3.4514832 3.4158802 3.3071226 5.1057698 5.0046653 3.8221119 4.2007418 4.3962168 4.3139823 3.7390343 3.7758154 4.3844834 
HoiH23_PlH23_009266-RA                                 3.2289452 2.5228292 2.9576898 1.9380896 1.9943553 2.6847101 2.6517350 2.4157086 2.5327919 2.6235059 3.2959878 2.5591147 3.1166172 2.8024698 2.8691626 4.1932252 3.1510285 3.0308308 2.9439175 2.9326189 2.9501633 3.4035929 3.6915584 2.2794769 3.6090639 2.7988227 2.8631447 0.4756950 0.4701487 0.0970464 0.0000000 0.1695868 0.1131677 3.8188904 3.3961094 3.3746524 3.2568900 4.9146437 4.8906411 3.9538403 4.1970090 4.3350160 4.1879885 3.4848825 3.6989228 4.4387344 
Hhon_g01815.t1                                         3.0432012 2.4083868 2.7565294 1.9489215 1.9042784 2.4911566 2.4447275 2.3738249 2.4638065 2.4712718 3.1191635 2.4601537 2.9107915 2.6228053 2.7013689 3.7603621 2.9694283 2.8108033 2.7749113 2.7718734 2.8185229 3.2144093 3.5110539 2.3675655 3.4230181 2.6261111 2.8174585 0.4535538 0.4488690 0.1824685 0.1695868 0.0000000 0.0039331 3.9528426 3.4960244 3.4806808 3.2523081 4.8159478 4.7560363 3.9762426 4.1039621 4.3291424 3.9642189 3.3852530 3.4145587 4.4433512 
HoiH04_mRNA9949                                        2.7107853 2.1757024 2.3209768 1.9636533 1.8923999 2.1525448 2.1684096 2.2012462 2.1932933 2.1550501 2.5524884 2.1786331 2.3574667 2.2947908 2.3749127 3.1794264 2.6929406 2.4607927 2.5155641 2.5747985 2.3200367 2.8013351 3.1961246 2.3402062 3.4108279 2.3886678 2.7950367 0.3573314 0.3433508 0.1265082 0.1131677 0.0039331 0.0000000 3.3747514 3.0006720 2.9737068 2.9012087 4.1652825 4.1136025 3.9432582 3.9309415 4.0908748 3.7311083 2.4217825 2.2721288 4.1990019 
Aaur_scaffold180.g3.t1                                 3.7885812 3.5228088 3.0228152 0.0000010 3.4385644 3.2402947 3.0104589 3.1442937 3.1960082 3.5035789 3.2491673 3.0804227 3.5277214 3.2995320 3.0568296 5.2569113 3.8009911 3.8088949 3.9881898 4.1097534 4.3830697 3.9381476 4.3811469 0.0000010 4.8553845 3.2314620 3.5470409 3.8611113 3.9895232 3.8535369 3.8188904 3.9528426 3.3747514 0.0000000 0.6569150 0.6272127 0.8223592 6.3096334 7.0219512 0.0000010 4.2142690 4.4705375 4.2667926 3.2850155 3.1819694 2.8160703 
Nemnom_g6240.t1                                        3.6292201 3.0093841 3.2971752 1.8247217 2.7272066 2.6497939 2.4532337 2.2818353 2.5012695 2.5127920 3.3174429 2.7963753 3.4627979 3.1428848 3.2356358 5.2666160 3.6269019 3.5208878 3.3621181 3.3593093 4.3588144 3.7631899 3.6257027 2.1572521 3.8606108 2.9978160 3.6084247 3.3513614 3.4556238 3.4514832 3.3961094 3.4960244 3.0006720 0.6569150 0.0000000 0.2867731 1.1193913 4.9797554 5.4441534 3.5804551 4.0973289 4.0288948 3.9987370 3.8399490 4.1698963 3.9724781 
Rhoesc_Res_010317-T1                                   3.5352131 3.0664609 3.2725256 1.9103176 2.7828313 2.7007096 2.4415896 2.1947982 2.4662496 2.5209428 3.3122138 2.7480451 3.3090047 3.1153309 3.1074459 5.0326832 3.5742056 3.4377431 3.3002679 3.2702579 4.1872883 3.6681498 3.7457168 2.1868410 3.8047718 2.9980782 3.5669829 3.3447436 3.4379564 3.4158802 3.3746524 3.4806808 2.9737068 0.6272127 0.2867731 0.0000000 1.0737673 4.9900242 5.1121134 3.8060601 4.0919650 4.0152835 3.9441150 4.0273038 3.9900029 4.0403804 
Sanmal_Sma_020270-T1                                   3.5047336 3.0510671 3.4767632 2.0081089 2.7730871 2.8882316 2.5017690 2.2528540 2.5323925 2.6533656 3.6807608 2.6757256 3.4357697 3.2346118 3.1891731 4.4930258 3.5592675 3.3399910 3.2267278 3.1767917 3.9448048 3.7939261 3.9120975 2.2564078 3.7495265 3.0177884 3.4683997 3.1875086 3.2360156 3.3071226 3.2568900 3.2523081 2.9012087 0.8223592 1.1193913 1.0737673 0.0000000 5.1420433 5.7549212 3.7607197 3.8746408 4.0664799 3.8243866 3.9790962 4.1593836 3.9580648 
Mlei_ML0011.g7.i1                                      5.4238677 4.4077117 4.1037363 3.2915172 3.8734321 4.7369107 4.4361507 4.5132349 4.5393701 4.4061196 4.4782686 4.2098529 4.4023414 4.7098347 4.4796536 6.2314855 4.7755208 4.6927559 4.6122621 4.4050418 5.3127911 5.1968838 4.7118259 3.9008474 4.4507532 4.3447101 5.2222226 5.0376139 4.8556456 5.1057698 4.9146437 4.8159478 4.1652825 6.3096334 4.9797554 4.9900242 5.1420433 0.0000000 1.2556847 0.8691294 4.6037155 4.9910559 5.0171660 5.5682288 5.1846040 5.8855319 
Horcal_Hcv1.av93.c4.g80.i1                             5.0743715 4.3493463 4.7955304 3.6007678 3.6655596 4.4857872 4.2253337 4.5699287 4.5787802 4.1983846 4.7038325 4.3462394 4.6747195 4.3338944 4.4673290 5.6472776 4.7156261 4.9484307 4.1520655 4.3468542 5.1524652 4.7053787 4.7683748 3.9765388 4.9438803 4.4988451 4.6065256 4.9971657 4.8768456 5.0046653 4.8906411 4.7560363 4.1136025 7.0219512 5.4441534 5.1121134 5.7549212 1.2556847 0.0000000 1.1016532 4.6106347 5.1488324 5.3105761 5.4318290 5.6465373 6.1754075 
Lampan_Lpan_C405363_01                                 4.1495729 3.2584778 6.6196693 3.3242570 3.4467270 4.2115865 3.5871443 3.8373364 3.8463557 3.6414006 0.0000010 3.3483480 2.9930724 3.3025813 3.3372405 9.0000000 4.1131537 4.0455011 3.9170909 3.5265969 0.0000010 4.2772690 4.0899602 4.6355628 2.9165951 3.4632041 0.0000010 4.1061362 4.1076542 3.8221119 3.9538403 3.9762426 3.9432582 0.0000010 3.5804551 3.8060601 3.7607197 0.8691294 1.1016532 0.0000000 3.0012426 3.4001657 3.3659894 0.0000010 0.0000010 7.2945974 
Aque_Aqu2.1.30298_001                                  4.5471109 3.7009562 3.6302325 3.2263089 3.9296831 4.0426030 3.5744858 3.6795544 3.6767311 3.7342962 3.4724162 3.8736637 4.2917631 3.8986487 3.9298569 4.2400868 3.5769477 3.6777865 3.9664183 3.8270879 4.3536756 4.3433505 3.6546554 3.6595153 3.8025492 3.7275338 3.9226622 3.8893530 4.0670824 4.2007418 4.1970090 4.1039621 3.9309415 4.2142690 4.0973289 4.0919650 3.8746408 4.6037155 4.6106347 3.0012426 0.0000000 1.1095947 1.4305223 3.6746478 4.1433450 5.4485929 
Halamb_c54821_g2_i2m.39277                             4.4059141 3.6470741 3.6607871 3.2122912 3.5818529 3.9827523 3.6406901 3.5421081 3.6904926 3.7350616 3.9693304 3.9785310 4.6291293 3.8899565 3.9794727 5.6528331 3.5965886 3.8357865 3.8298776 3.6771975 3.8669693 4.6186962 3.5400394 2.7715390 3.4828360 3.9073002 3.9409940 3.8427603 4.0736595 4.3962168 4.3350160 4.3291424 4.0908748 4.4705375 4.0288948 4.0152835 4.0664799 4.9910559 5.1488324 3.4001657 1.1095947 0.0000000 1.1534697 3.7088545 3.6865744 5.1268070 
Xestes_maker-XT_scaffold1501-augustus-gene-0.34-mRNA-1 3.9392068 3.4892632 3.5874318 3.0666658 3.6276630 3.8594821 3.4515637 3.5836012 3.6048627 3.5063226 4.0130387 3.4413044 3.8643670 3.5019493 3.5058779 5.0161472 3.5974945 3.7683597 3.8509692 3.8161483 3.7667097 4.7195875 3.3222293 2.4151198 3.2340851 3.5644520 3.8988346 3.7597355 3.9502975 4.3139823 4.1879885 3.9642189 3.7311083 4.2667926 3.9987370 3.9441150 3.8243866 5.0171660 5.3105761 3.3659894 1.4305223 1.1534697 0.0000000 4.1282971 3.7038147 5.1576923 
Bralan_BLAG11000056_1                                  3.0606579 1.9170199 2.0438322 0.0000010 1.5602352 2.2573938 2.1257199 1.6263293 2.1153711 2.3660815 2.0039701 2.3481636 2.7205718 2.6592750 2.3411960 4.2060991 3.1006366 2.7985602 2.8559963 2.8799554 2.6375216 3.8150614 3.8100372 0.0000010 3.6146738 2.4204835 2.0836978 4.2437487 3.8240689 3.7390343 3.4848825 3.3852530 2.4217825 3.2850155 3.8399490 4.0273038 3.9790962 5.5682288 5.4318290 0.0000010 3.6746478 3.7088545 4.1282971 0.0000000 1.8493797 4.0216136 
Skow_XM_006822500.1                                    3.0987379 2.1081482 1.8281569 0.0000010 0.9752652 2.0338419 1.9712889 1.3863532 1.9595425 2.1507167 1.9069728 2.1536075 2.2258079 2.4008257 2.2919155 3.8490373 3.0428824 2.4178901 2.9365685 2.9171317 2.1322123 3.7071930 3.5998320 0.0000010 3.5929915 2.2086066 1.8933112 4.5224032 4.0232338 3.7758154 3.6989228 3.4145587 2.2721288 3.1819694 4.1698963 3.9900029 4.1593836 5.1846040 5.6465373 0.0000010 4.1433450 3.6865744 3.7038147 1.8493797 0.0000000 3.2062974 
Morvir_scaffold255.g19.t1                              4.2628999 3.9580771 2.8666380 4.4796183 3.7054133 3.8600653 3.5202209 3.4393297 3.6105170 3.5382813 3.1108191 3.6557972 3.4045092 4.3015707 3.9877650 4.8909972 4.1438063 4.0587151 4.2022909 3.9003659 3.2568300 4.6113205 4.7020048 5.5592983 4.6294939 3.7647679 4.3313600 4.5858597 4.4328149 4.3844834 4.4387344 4.4433512 4.1990019 2.8160703 3.9724781 4.0403804 3.9580648 5.8855319 6.1754075 7.2945974 5.4485929 5.1268070 5.1576923 4.0216136 3.2062974 0.0000000 
