43
Hsap_ENST00000650990                                   0.0000000 1.1456721 1.1981526 1.2161605 1.2518986 1.2597037 1.1811164 1.2556271 1.2635834 1.2764893 1.3216476 1.2962175 1.3011106 1.2468774 1.7104975 1.6468128 2.3958450 2.5037456 2.1587260 2.6436203 1.7708842 1.7412543 1.6158327 1.5999858 1.8863058 2.0730488 2.1227546 2.5735096 3.0959844 1.7657404 1.9039447 2.0477562 1.8137989 2.0934818 2.0759698 2.3755434 2.7538646 2.4460241 2.1486969 2.5176702 2.3461182 2.3854695 1.1544473 
Cgig_XM_011439847.3                                    1.1456721 0.0000000 1.0389308 1.1363308 1.3196421 1.2625159 1.2807088 1.3461305 1.2819354 1.2584815 1.3041656 1.3072911 1.2957466 1.2441103 1.5198812 1.5501402 2.0894964 2.3142078 1.9297936 2.6561204 1.7437642 1.4677803 1.6441295 1.6372114 1.7752572 2.1286287 2.3559983 2.6144051 2.4432615 1.9658329 1.9204026 2.3613018 1.7418595 2.4296811 2.1448198 2.2106203 2.7978753 2.5875325 2.2223616 2.4846971 2.4501194 2.5013567 1.2031404 
Acagra_model.g3961.t1                                  1.1981526 1.0389308 0.0000000 1.2004032 1.2816496 1.3528179 1.2254397 1.3446808 1.4014987 1.3752511 1.3849518 1.3575670 1.3436425 1.3017726 1.8417575 1.9240525 2.1202455 2.4963811 2.2060867 2.6045350 1.8716161 1.7712968 1.6237232 1.6318526 2.3634586 2.1576168 2.3576060 2.5161057 3.0876296 1.9116605 1.9837871 2.4396082 1.8158311 2.2044782 2.2340710 2.4432314 2.7136657 2.4428744 2.1341173 2.5067358 2.4044175 2.4433225 1.1669155 
Bralan_BLAG09000819_1                                  1.2161605 1.1363308 1.2004032 0.0000000 1.4555579 1.4434561 1.3396243 1.4494434 1.4639663 1.4666241 1.5089894 1.5202263 1.5112205 1.3210062 1.8096041 1.7554881 2.2086678 2.5898546 1.8935094 2.4832783 1.8424524 1.6875964 1.6210671 1.6807151 2.2736716 2.3583402 2.3843045 2.5811818 2.9851858 2.2548885 2.1029157 2.7505614 1.8987058 2.3444827 2.4315589 2.5415135 2.8704402 2.5807758 2.4388029 2.5350432 2.5040882 2.5239838 1.0742956 
Exapal_XM_021038541.2                                  1.2518986 1.3196421 1.2816496 1.4555579 0.0000000 0.5131291 0.6539977 0.6850102 0.6351201 0.6040096 0.6365656 0.6295005 0.6509136 1.3720221 1.3554635 1.3734510 2.2352300 2.3048912 2.2705349 2.2057663 1.7927224 1.9314971 1.8352157 1.8757756 2.0972205 2.1942497 2.0599911 2.2285685 2.6659238 1.7564499 1.8028101 2.1259035 1.7770740 2.1666964 2.2360486 2.3361016 2.8016161 2.4566197 2.3354405 2.5104475 2.4573832 2.4912981 1.1957984 
Nvec_v1g205373                                         1.2597037 1.2625159 1.3528179 1.4434561 0.5131291 0.0000000 0.6984126 0.7089940 0.7290418 0.7071823 0.7586358 0.6934711 0.6756050 1.4083951 1.4617123 1.3778840 2.2068411 2.3030790 2.2744289 2.2372791 1.7545301 1.8250440 1.7981519 1.8734561 1.9584052 2.1795299 1.9715532 2.2485114 2.4388457 1.7782124 1.7637443 1.9662125 1.8058346 2.2232081 2.1595907 2.3335567 2.9185974 2.5731899 2.4203779 2.5633002 2.4454819 2.5008535 1.2538424 
Adig_XM_015921103.1                                    1.1811164 1.2807088 1.2254397 1.3396243 0.6539977 0.6984126 0.0000000 0.0098262 0.2379019 0.2611423 0.2885736 0.3011439 0.3226198 1.2376329 1.3930918 1.3384903 2.0463560 2.2972803 2.2826794 2.3222497 1.7440620 1.6536415 1.6976195 1.7344807 1.8733302 2.2453795 1.9938381 2.2198407 1.8305837 1.9589180 1.8373702 1.8000839 1.8278321 2.2009488 2.1866136 2.2491493 2.8301971 2.5218133 2.3642377 2.6250948 2.5274689 2.5561236 1.2808849 
Amil_Amillepora26312-RA                                1.2556271 1.3461305 1.3446808 1.4494434 0.6850102 0.7089940 0.0098262 0.0000000 0.2422659 0.2892579 0.3032114 0.3329303 0.3508649 1.3287687 1.3969679 1.3279422 2.0932605 2.4165311 2.2853931 2.2908440 1.8154829 1.7616650 1.7404429 1.8339032 1.8589425 2.2728470 2.0148226 2.2332360 2.6715215 2.0338960 1.9164643 2.1985035 1.8702564 2.2216405 2.1749468 2.2474474 2.9576839 2.6500198 2.3727452 2.6555450 2.5119130 2.5390477 1.2916869 
Gfas_gfas1.m1.18516.m1                                 1.2635834 1.2819354 1.4014987 1.4639663 0.6351201 0.7290418 0.2379019 0.2422659 0.0000000 0.2818642 0.2917602 0.3073922 0.3231084 1.3882419 1.4639350 1.3746303 2.1690109 2.4214514 2.3522782 2.4354939 1.8385687 1.7467556 1.7117956 1.8038149 1.7413039 2.2335712 2.1206896 2.3073527 2.7366400 1.9797091 1.9397382 2.5364624 1.8748724 2.3066258 2.1377423 2.2484719 2.8279511 2.5500671 2.4357837 2.5832352 2.4622053 2.4866451 1.2455038 
Fspp_ffun1.m4.31460.m1                                 1.2764893 1.2584815 1.3752511 1.4666241 0.6040096 0.7071823 0.2611423 0.2892579 0.2818642 0.0000000 0.1662176 0.2479681 0.2519785 1.5043803 1.4983651 1.3730682 2.2172843 2.3824412 2.3722224 2.3436183 1.8091479 1.7249993 1.8095295 1.8604354 1.8148892 2.2437149 2.0515387 2.2608208 2.5665071 1.8963377 1.8995396 2.2593985 1.8449567 2.1825584 2.1938722 2.3202627 2.9343269 2.6723961 2.4154587 2.6188119 2.5838365 2.5980869 1.2516135 
Gasp_gasp1.m3.6833.m1                                  1.3216476 1.3041656 1.3849518 1.5089894 0.6365656 0.7586358 0.2885736 0.3032114 0.2917602 0.1662176 0.0000000 0.2589502 0.2681018 1.4319912 1.3945841 1.3239976 2.1185790 2.3021360 2.4015154 2.2768822 1.8044039 1.7476964 1.7584661 1.8586756 1.7965669 2.2204468 1.9214042 2.2207734 2.4217213 1.8849402 1.8717848 2.1239819 1.8685852 2.0697703 2.1424522 2.2654420 2.8680764 2.5988997 2.4324225 2.6192322 2.6144781 2.6234960 1.2604470 
Spis_XP_022795851_1                                    1.2962175 1.3072911 1.3575670 1.5202263 0.6295005 0.6934711 0.3011439 0.3329303 0.3073922 0.2479681 0.2589502 0.0000000 0.1073745 1.4252426 1.4122431 1.3790581 2.2584578 2.4016535 2.4341678 2.2830030 1.9267863 1.7846600 1.7890138 1.9295470 1.8683163 2.2308591 2.0508355 2.2175827 2.7117616 1.9679036 1.9083713 2.2505885 1.8437471 2.1535713 2.1270177 2.1402233 3.0053239 2.7095515 2.5094236 2.6770988 2.7020220 2.7228266 1.3110169 
Pocdam_XM_027194135.1                                  1.3011106 1.2957466 1.3436425 1.5112205 0.6509136 0.6756050 0.3226198 0.3508649 0.3231084 0.2519785 0.2681018 0.1073745 0.0000000 1.4484566 1.4217729 1.3742412 2.1668342 2.3624200 2.4334998 2.2224715 1.9003297 1.7827045 1.7908595 1.9136263 2.0495791 2.2901986 2.0286900 2.2157657 2.6129036 1.9509432 1.9485051 2.1583877 1.9075690 2.1310161 2.0720597 2.1694911 3.0136438 2.7184653 2.5246898 2.7192014 2.7169488 2.7156076 1.2815342 
Spur_XM_030985117.1                                    1.2468774 1.2441103 1.3017726 1.3210062 1.3720221 1.4083951 1.2376329 1.3287687 1.3882419 1.5043803 1.4319912 1.4252426 1.4484566 0.0000000 1.7620815 1.7196265 2.1255932 2.3999804 2.1206739 2.5554538 1.8848635 1.8832141 1.7528167 1.6892213 2.3534048 2.5250048 2.5292315 2.4868331 3.1035583 2.0254530 2.0793669 2.7145881 2.0497688 2.4776319 2.2785671 2.3742989 2.6289703 2.3583781 2.3297189 2.4121048 2.2972581 2.3314024 1.2489982 
Dgig_XM_028537645.1                                    1.7104975 1.5198812 1.8417575 1.8096041 1.3554635 1.4617123 1.3930918 1.3969679 1.4639350 1.4983651 1.3945841 1.4122431 1.4217729 1.7620815 0.0000000 0.4685965 2.2020469 2.3649863 2.0881681 2.5643911 2.1909654 1.9647986 2.0907102 2.0743621 2.6851025 2.6858798 2.3671891 2.6104950 2.7772035 1.8225831 1.9764244 2.4501380 1.8019727 2.4286185 2.2622051 2.3906338 3.2279167 2.7790764 2.2583390 2.5796273 2.5177592 2.5509294 1.7168252 
Xesp_022234-T1                                         1.6468128 1.5501402 1.9240525 1.7554881 1.3734510 1.3778840 1.3384903 1.3279422 1.3746303 1.3730682 1.3239976 1.3790581 1.3742412 1.7196265 0.4685965 0.0000000 2.3700751 2.5170826 2.3265289 2.4379195 2.1652520 2.0107567 1.9986147 1.9986589 2.4818987 2.4794240 2.2927324 2.4997674 3.0790331 1.8106005 1.9868935 2.5115765 1.8932003 2.4539169 2.2763932 2.3211598 3.2290040 2.8172832 2.3915566 2.6421194 2.5464703 2.5451387 1.8272070 
Emue_Em0007g1443a.t1                                   2.3958450 2.0894964 2.1202455 2.2086678 2.2352300 2.2068411 2.0463560 2.0932605 2.1690109 2.2172843 2.1185790 2.2584578 2.1668342 2.1255932 2.2020469 2.3700751 0.0000000 0.4309701 1.1147501 2.2511368 2.1665749 2.4997223 2.1732498 2.2836714 2.3129181 2.6606414 2.6308400 2.8006243 3.7104872 2.7316178 2.8764375 3.4426908 2.9096826 2.8432449 3.1575842 3.1187578 3.3279039 2.9761436 3.2235803 3.3979993 2.8722677 2.9385593 2.3720718 
Spolac_c103081_g1_i2_m.32345c103081-g1                 2.5037456 2.3142078 2.4963811 2.5898546 2.3048912 2.3030790 2.2972803 2.4165311 2.4214514 2.3824412 2.3021360 2.4016535 2.3624200 2.3999804 2.3649863 2.5170826 0.4309701 0.0000000 1.2263455 2.2712690 2.3779363 2.6525654 2.3331939 2.5262045 2.0456746 2.6540852 2.8665003 2.8374574 4.6783772 2.8913986 2.9497577 3.7212814 3.1018875 3.1188803 3.1050950 3.1025924 3.5805596 3.1319722 3.1978745 3.4031108 3.0731466 3.1552530 2.5102289 
Stycar_maker-SC_scaffold6504-augustus-gene-0.10-mRNA-1 2.1587260 1.9297936 2.2060867 1.8935094 2.2705349 2.2744289 2.2826794 2.2853931 2.3522782 2.3722224 2.4015154 2.4341678 2.4334998 2.1206739 2.0881681 2.3265289 1.1147501 1.2263455 0.0000000 1.5702239 2.0495005 2.5211482 2.4596412 2.2374251 2.4316062 2.8190514 2.6820365 2.9455715 9.0000000 2.6569216 2.4189348 9.0000000 2.7998571 4.9671436 2.6725508 3.1787333 3.1551137 3.1434873 2.9527726 3.2607541 2.7623335 3.0446521 2.8146608 
Plespi_Pspi_scaffold14963_01                           2.6436203 2.6561204 2.6045350 2.4832783 2.2057663 2.2372791 2.3222497 2.2908440 2.4354939 2.3436183 2.2768822 2.2830030 2.2224715 2.5554538 2.5643911 2.4379195 2.2511368 2.2712690 1.5702239 0.0000000 2.7438013 2.8726252 2.6429222 2.7813210 2.6631674 3.2531001 2.8319137 3.3501332 3.3290483 2.4939308 2.6051235 3.5325246 3.2322257 3.3849499 3.1060087 3.0418187 4.0511687 3.6525661 3.2317467 3.5132005 3.3349585 3.3843443 2.9307497 
Dpul_mRNA8201                                          1.7708842 1.7437642 1.8716161 1.8424524 1.7927224 1.7545301 1.7440620 1.8154829 1.8385687 1.8091479 1.8044039 1.9267863 1.9003297 1.8848635 2.1909654 2.1652520 2.1665749 2.3779363 2.0495005 2.7438013 0.0000000 1.9742514 2.0977456 2.0859559 2.5029321 2.7160729 2.4634069 2.8733620 2.9453163 2.3351685 2.4770776 2.7013274 2.7216788 3.0416052 2.9216731 2.9306351 3.1451825 2.8509093 2.7635138 3.1080899 2.9447385 3.0225860 1.9858567 
Tcas_TC005425_001                                      1.7412543 1.4677803 1.7712968 1.6875964 1.9314971 1.8250440 1.6536415 1.7616650 1.7467556 1.7249993 1.7476964 1.7846600 1.7827045 1.8832141 1.9647986 2.0107567 2.4997223 2.6525654 2.5211482 2.8726252 1.9742514 0.0000000 1.9026573 2.0202012 2.5885878 2.8480447 2.7143427 2.8839020 2.6306134 2.3289025 2.3496702 3.1708237 2.5383983 2.7770584 2.3503068 2.7019818 2.8329158 2.7212319 2.4888510 2.6079208 2.5615099 2.6200914 1.8654594 
Ctel_gnl_WGS_AMQN_CAPTEDRAFT_mRNA177560                1.6158327 1.6441295 1.6237232 1.6210671 1.8352157 1.7981519 1.6976195 1.7404429 1.7117956 1.8095295 1.7584661 1.7890138 1.7908595 1.7528167 2.0907102 1.9986147 2.1732498 2.3331939 2.4596412 2.6429222 2.0977456 1.9026573 0.0000000 1.5063941 2.6705615 2.4707796 2.5256079 2.4849309 2.7868984 2.0081675 2.0329661 2.6524367 2.1409035 2.0277192 2.3865455 2.5609837 2.7184907 2.5524261 2.2097822 2.5679874 2.6418689 2.6080744 1.9153513 
Cscu_XM_023368543.1                                    1.5999858 1.6372114 1.6318526 1.6807151 1.8757756 1.8734561 1.7344807 1.8339032 1.8038149 1.8604354 1.8586756 1.9295470 1.9136263 1.6892213 2.0743621 1.9986589 2.2836714 2.5262045 2.2374251 2.7813210 2.0859559 2.0202012 1.5063941 0.0000000 2.2320657 2.4805137 2.3280321 2.7404936 3.2724904 1.9707463 1.9839698 2.8809388 2.2680053 2.6187796 2.2303687 2.5882511 2.9761687 2.8327617 2.3654596 2.5253626 2.5691713 2.5563390 1.5566124 
Scil_scict020308.1                                     1.8863058 1.7752572 2.3634586 2.2736716 2.0972205 1.9584052 1.8733302 1.8589425 1.7413039 1.8148892 1.7965669 1.8683163 2.0495791 2.3534048 2.6851025 2.4818987 2.3129181 2.0456746 2.4316062 2.6631674 2.5029321 2.5885878 2.6705615 2.2320657 0.0000000 0.6990145 0.7111483 1.1687695 0.0000010 2.6817280 2.4142545 9.0000000 2.2316753 1.5935005 2.1937896 2.2797820 3.9596748 3.7650754 5.2354817 4.1041062 3.6857306 3.9547584 2.7457851 
Leuniv_Lniv_scaffold20946_01                           2.0730488 2.1286287 2.1576168 2.3583402 2.1942497 2.1795299 2.2453795 2.2728470 2.2335712 2.2437149 2.2204468 2.2308591 2.2901986 2.5250048 2.6858798 2.4794240 2.6606414 2.6540852 2.8190514 3.2531001 2.7160729 2.8480447 2.4707796 2.4805137 0.6990145 0.0000000 0.9236976 1.2076918 3.8426568 2.4487267 2.5165628 3.0504181 2.5649588 1.8376854 2.6786824 2.6982408 3.4486090 3.1552240 3.1854599 3.3324392 3.2211671 3.2980776 2.1286017 
Gracom_Gcom_scaffold16160_01                           2.1227546 2.3559983 2.3576060 2.3843045 2.0599911 1.9715532 1.9938381 2.0148226 2.1206896 2.0515387 1.9214042 2.0508355 2.0286900 2.5292315 2.3671891 2.2927324 2.6308400 2.8665003 2.6820365 2.8319137 2.4634069 2.7143427 2.5256079 2.3280321 0.7111483 0.9236976 0.0000000 1.1770275 3.5734168 2.4877352 2.5778004 3.1604428 2.4272779 1.8918009 2.6558339 2.7227569 3.3747655 2.9986556 3.2073450 3.2652159 3.1253083 3.2146632 2.2925891 
Lcom_lcpid64524                                        2.5735096 2.6144051 2.5161057 2.5811818 2.2285685 2.2485114 2.2198407 2.2332360 2.3073527 2.2608208 2.2207734 2.2175827 2.2157657 2.4868331 2.6104950 2.4997674 2.8006243 2.8374574 2.9455715 3.3501332 2.8733620 2.8839020 2.4849309 2.7404936 1.1687695 1.2076918 1.1770275 0.0000000 3.9989551 2.8409149 2.8400165 3.6327001 2.4139712 2.0172726 2.6735918 2.9065354 3.3466154 3.0498820 3.1186190 3.2868321 3.4293316 3.5199208 2.4692177 
Aaur_scaffold314.g1.t1                                 3.0959844 2.4432615 3.0876296 2.9851858 2.6659238 2.4388457 1.8305837 2.6715215 2.7366400 2.5665071 2.4217213 2.7117616 2.6129036 3.1035583 2.7772035 3.0790331 3.7104872 4.6783772 9.0000000 3.3290483 2.9453163 2.6306134 2.7868984 3.2724904 0.0000010 3.8426568 3.5734168 3.9989551 0.0000000 2.0506552 1.8818990 1.8366748 3.0511212 3.4735735 3.9468382 3.3152708 6.3033240 4.9920825 4.0800036 4.5424380 4.6068049 4.5464338 2.4385001 
Nemnom_g10178.t1                                       1.7657404 1.9658329 1.9116605 2.2548885 1.7564499 1.7782124 1.9589180 2.0338960 1.9797091 1.8963377 1.8849402 1.9679036 1.9509432 2.0254530 1.8225831 1.8106005 2.7316178 2.8913986 2.6569216 2.4939308 2.3351685 2.3289025 2.0081675 1.9707463 2.6817280 2.4487267 2.4877352 2.8409149 2.0506552 0.0000000 0.4388562 1.4353520 1.7071552 2.5921503 2.1526734 2.3106118 2.8589188 2.6377930 2.4299449 2.7731642 2.6048460 2.6251362 2.0236195 
Rhoesc_Res_013913-T1                                   1.9039447 1.9204026 1.9837871 2.1029157 1.8028101 1.7637443 1.8373702 1.9164643 1.9397382 1.8995396 1.8717848 1.9083713 1.9485051 2.0793669 1.9764244 1.9868935 2.8764375 2.9497577 2.4189348 2.6051235 2.4770776 2.3496702 2.0329661 1.9839698 2.4142545 2.5165628 2.5778004 2.8400165 1.8818990 0.4388562 0.0000000 1.5067209 1.7122020 2.8356423 2.1020912 2.4725898 2.9661493 2.7099276 2.5172826 2.8380750 2.6850384 2.7508996 2.0966737 
Sanmal_Sma_012855-T1                                   2.0477562 2.3613018 2.4396082 2.7505614 2.1259035 1.9662125 1.8000839 2.1985035 2.5364624 2.2593985 2.1239819 2.2505885 2.1583877 2.7145881 2.4501380 2.5115765 3.4426908 3.7212814 9.0000000 3.5325246 2.7013274 3.1708237 2.6524367 2.8809388 9.0000000 3.0504181 3.1604428 3.6327001 1.8366748 1.4353520 1.5067209 0.0000000 1.9131427 2.7572602 2.7070697 3.2579605 4.1905684 3.5464516 3.0835556 3.2128379 3.2174443 3.1320740 1.8013498 
Morvir_scaffold219.g2.t1                               1.8137989 1.7418595 1.8158311 1.8987058 1.7770740 1.8058346 1.8278321 1.8702564 1.8748724 1.8449567 1.8685852 1.8437471 1.9075690 2.0497688 1.8019727 1.8932003 2.9096826 3.1018875 2.7998571 3.2322257 2.7216788 2.5383983 2.1409035 2.2680053 2.2316753 2.5649588 2.4272779 2.4139712 3.0511212 1.7071552 1.7122020 1.9131427 0.0000000 2.4310123 2.0769816 2.5222329 2.8051843 2.5675727 2.0335191 2.3574254 2.4364708 2.4412567 1.5159323 
Clacor_Ccor_C539799_01                                 2.0934818 2.4296811 2.2044782 2.3444827 2.1666964 2.2232081 2.2009488 2.2216405 2.3066258 2.1825584 2.0697703 2.1535713 2.1310161 2.4776319 2.4286185 2.4539169 2.8432449 3.1188803 4.9671436 3.3849499 3.0416052 2.7770584 2.0277192 2.6187796 1.5935005 1.8376854 1.8918009 2.0172726 3.4735735 2.5921503 2.8356423 2.7572602 2.4310123 0.0000000 2.6235590 2.5565522 3.4694306 3.4822906 3.2985003 3.4888323 3.4136716 3.3646403 2.1299271 
Hvul_g11734_1                                          2.0759698 2.1448198 2.2340710 2.4315589 2.2360486 2.1595907 2.1866136 2.1749468 2.1377423 2.1938722 2.1424522 2.1270177 2.0720597 2.2785671 2.2622051 2.2763932 3.1575842 3.1050950 2.6725508 3.1060087 2.9216731 2.3503068 2.3865455 2.2303687 2.1937896 2.6786824 2.6558339 2.6735918 3.9468382 2.1526734 2.1020912 2.7070697 2.0769816 2.6235590 0.0000000 1.5916280 3.2604498 3.1430898 2.9354432 2.9950951 2.8616733 2.9806112 2.4580312 
Chem_TCONS_00047017                                    2.3755434 2.2106203 2.4432314 2.5415135 2.3361016 2.3335567 2.2491493 2.2474474 2.2484719 2.3202627 2.2654420 2.1402233 2.1694911 2.3742989 2.3906338 2.3211598 3.1187578 3.1025924 3.1787333 3.0418187 2.9306351 2.7019818 2.5609837 2.5882511 2.2797820 2.6982408 2.7227569 2.9065354 3.3152708 2.3106118 2.4725898 3.2579605 2.5222329 2.5565522 1.5916280 0.0000000 3.4856238 3.2766508 3.2009240 3.1949510 3.2333589 3.2957042 2.4792305 
Tadh_TriadT52927                                       2.7538646 2.7978753 2.7136657 2.8704402 2.8016161 2.9185974 2.8301971 2.9576839 2.8279511 2.9343269 2.8680764 3.0053239 3.0136438 2.6289703 3.2279167 3.2290040 3.3279039 3.5805596 3.1551137 4.0511687 3.1451825 2.8329158 2.7184907 2.9761687 3.9596748 3.4486090 3.3747655 3.3466154 6.3033240 2.8589188 2.9661493 4.1905684 2.8051843 3.4694306 3.2604498 3.4856238 0.0000000 0.0156323 0.3964730 0.5124158 0.5705915 0.5596838 2.7845468 
TrH2_TrispH2_004234-RA                                 2.4460241 2.5875325 2.4428744 2.5807758 2.4566197 2.5731899 2.5218133 2.6500198 2.5500671 2.6723961 2.5988997 2.7095515 2.7184653 2.3583781 2.7790764 2.8172832 2.9761436 3.1319722 3.1434873 3.6525661 2.8509093 2.7212319 2.5524261 2.8327617 3.7650754 3.1552240 2.9986556 3.0498820 4.9920825 2.6377930 2.7099276 3.5464516 2.5675727 3.4822906 3.1430898 3.2766508 0.0156323 0.0000000 0.3842899 0.5168741 0.5506599 0.5749326 2.5627617 
HoiH06_mRNA2454                                        2.1486969 2.2223616 2.1341173 2.4388029 2.3354405 2.4203779 2.3642377 2.3727452 2.4357837 2.4154587 2.4324225 2.5094236 2.5246898 2.3297189 2.2583390 2.3915566 3.2235803 3.1978745 2.9527726 3.2317467 2.7635138 2.4888510 2.2097822 2.3654596 5.2354817 3.1854599 3.2073450 3.1186190 4.0800036 2.4299449 2.5172826 3.0835556 2.0335191 3.2985003 2.9354432 3.2009240 0.3964730 0.3842899 0.0000000 0.0449983 0.1972466 0.1982368 2.0995055 
HoiH23_PlH23_002857-RA                                 2.5176702 2.4846971 2.5067358 2.5350432 2.5104475 2.5633002 2.6250948 2.6555450 2.5832352 2.6188119 2.6192322 2.6770988 2.7192014 2.4121048 2.5796273 2.6421194 3.3979993 3.4031108 3.2607541 3.5132005 3.1080899 2.6079208 2.5679874 2.5253626 4.1041062 3.3324392 3.2652159 3.2868321 4.5424380 2.7731642 2.8380750 3.2128379 2.3574254 3.4888323 2.9950951 3.1949510 0.5124158 0.5168741 0.0449983 0.0000000 0.2382827 0.2374255 2.6127239 
Hhon_g03486.t1                                         2.3461182 2.4501194 2.4044175 2.5040882 2.4573832 2.4454819 2.5274689 2.5119130 2.4622053 2.5838365 2.6144781 2.7020220 2.7169488 2.2972581 2.5177592 2.5464703 2.8722677 3.0731466 2.7623335 3.3349585 2.9447385 2.5615099 2.6418689 2.5691713 3.6857306 3.2211671 3.1253083 3.4293316 4.6068049 2.6048460 2.6850384 3.2174443 2.4364708 3.4136716 2.8616733 3.2333589 0.5705915 0.5506599 0.1972466 0.2382827 0.0000000 0.0229471 2.5956063 
HoiH04_mRNA8314                                        2.3854695 2.5013567 2.4433225 2.5239838 2.4912981 2.5008535 2.5561236 2.5390477 2.4866451 2.5980869 2.6234960 2.7228266 2.7156076 2.3314024 2.5509294 2.5451387 2.9385593 3.1552530 3.0446521 3.3843443 3.0225860 2.6200914 2.6080744 2.5563390 3.9547584 3.2980776 3.2146632 3.5199208 4.5464338 2.6251362 2.7508996 3.1320740 2.4412567 3.3646403 2.9806112 3.2957042 0.5596838 0.5749326 0.1982368 0.2374255 0.0229471 0.0000000 2.5855610 
Skow_XM_006825190.1                                    1.1544473 1.2031404 1.1669155 1.0742956 1.1957984 1.2538424 1.2808849 1.2916869 1.2455038 1.2516135 1.2604470 1.3110169 1.2815342 1.2489982 1.7168252 1.8272070 2.3720718 2.5102289 2.8146608 2.9307497 1.9858567 1.8654594 1.9153513 1.5566124 2.7457851 2.1286017 2.2925891 2.4692177 2.4385001 2.0236195 2.0966737 1.8013498 1.5159323 2.1299271 2.4580312 2.4792305 2.7845468 2.5627617 2.0995055 2.6127239 2.5956063 2.5855610 0.0000000 
