in_gene	out_gene	branch_support	ev_type	sos
Didcos_EP00039_Didymoeca_costata_P019852	Bralan_BLAG09000289_1	1.0	S	0.0
Didcos_EP00039_Didymoeca_costata_P019852	Mertsp_Mesp_sb553837	1.0	S	0.0
Didcos_EP00039_Didymoeca_costata_P019852	HoiH06_mRNA10087	1.0	S	0.0
Didcos_EP00039_Didymoeca_costata_P019852	Spis_XP_022796248_1	1.0	S	0.0
Didcos_EP00039_Didymoeca_costata_P019852	Chofle_EP00730_Choanoeca_flexa_P006614	1.0	S	0.0
Didcos_EP00039_Didymoeca_costata_P019852	Coemet_Cmet_C579352_01	1.0	S	0.0
Didcos_EP00039_Didymoeca_costata_P019852	Beraby_Baby_sb331377	1.0	S	0.0
Didcos_EP00039_Didymoeca_costata_P019852	Saldol_EP00054_Salpingoeca_dolichothecata_P036249	1.0	S	0.0
Didcos_EP00039_Didymoeca_costata_P019852	Acagra_model.g26730.t1	1.0	S	0.0
Didcos_EP00039_Didymoeca_costata_P019852	Drygla_Dgla_sb276142	1.0	S	0.0
Didcos_EP00039_Didymoeca_costata_P019852	Codhol_EP00042_Codosiga_hollandica_P030220	1.0	S	0.0
Didcos_EP00039_Didymoeca_costata_P019852	Exapal_XM_021036546.2	1.0	S	0.0
Didcos_EP00039_Didymoeca_costata_P019852	HoiH23_PlH23_000735-RA	1.0	S	0.0
Didcos_EP00039_Didymoeca_costata_P019852	Rhoesc_Res_004980-T1	1.0	S	0.0
Didcos_EP00039_Didymoeca_costata_P019852	Gasp_gasp1.m3.16605.m1	1.0	S	0.0
Didcos_EP00039_Didymoeca_costata_P019852	Hhon_g04510.t1	1.0	S	0.0
Didcos_EP00039_Didymoeca_costata_P019852	Skow_XM_006813920.1	1.0	S	0.0
Didcos_EP00039_Didymoeca_costata_P019852	Xesp_000472-T1	1.0	S	0.0
Didcos_EP00039_Didymoeca_costata_P019852	Cgig_XM_034452714.1	1.0	S	0.0
Didcos_EP00039_Didymoeca_costata_P019852	Nemnom_g14616.t1	1.0	S	0.0
Didcos_EP00039_Didymoeca_costata_P019852	Fspp_ffun1.m4.16904.m1	1.0	S	0.0
Didcos_EP00039_Didymoeca_costata_P019852	Pbac_sb2645060	1.0	S	0.0
Didcos_EP00039_Didymoeca_costata_P019852	Spis_XP_022796250_1	1.0	S	0.0
Didcos_EP00039_Didymoeca_costata_P019852	Tcas_TC030670_002	1.0	S	0.0
Didcos_EP00039_Didymoeca_costata_P019852	Salinf_EP00049_Salpingoeca_infusionum_P007349	1.0	S	0.0
Didcos_EP00039_Didymoeca_costata_P019852	Leuniv_Lniv_C809604_01	1.0	S	0.0
Didcos_EP00039_Didymoeca_costata_P019852	Sanmal_Sma_005474-T1	1.0	S	0.0
Didcos_EP00039_Didymoeca_costata_P019852	Lampan_Lpan_C398731_01	1.0	S	0.0
Didcos_EP00039_Didymoeca_costata_P019852	Saldol_EP00054_Salpingoeca_dolichothecata_P036250	1.0	S	0.0
Didcos_EP00039_Didymoeca_costata_P019852	HoiH11_mRNA5250	1.0	S	0.0
Didcos_EP00039_Didymoeca_costata_P019852	Dpul_mRNA15494	1.0	S	0.0
Didcos_EP00039_Didymoeca_costata_P019852	Salpun_EP00053_Salpingoeca_punica_P004050	1.0	S	0.0
Didcos_EP00039_Didymoeca_costata_P019852	Salmac_EP00052_Salpingoeca_macrocollata_P026819	1.0	S	0.0
Didcos_EP00039_Didymoeca_costata_P019852	Vmul_SimC381352	1.0	S	0.0
Didcos_EP00039_Didymoeca_costata_P019852	TrH2_TrispH2_000218-RA	1.0	S	0.0
Didcos_EP00039_Didymoeca_costata_P019852	Aque_Aqu2.1.32225_001	1.0	S	0.0
Didcos_EP00039_Didymoeca_costata_P019852	Tadh_TriadT52561	1.0	S	0.0
Didcos_EP00039_Didymoeca_costata_P019852	Codhol_EP00042_Codosiga_hollandica_P024950	1.0	S	0.0
Didcos_EP00039_Didymoeca_costata_P019852	Mertsp_Mesp_sb553838	1.0	S	0.0
Didcos_EP00039_Didymoeca_costata_P019852	Drygla_Dgla_sb276143	1.0	S	0.0
Didcos_EP00039_Didymoeca_costata_P019852	Codhol_EP00042_Codosiga_hollandica_P024951	1.0	S	0.0
Didcos_EP00039_Didymoeca_costata_P019852	Microa_EP00043_Microstomoeca_roanoka_P007259	1.0	S	0.0
Didcos_EP00039_Didymoeca_costata_P019852	Gracom_Gcom_C539660_01	1.0	S	0.0
Didcos_EP00039_Didymoeca_costata_P019852	Dgig_XM_028557642.1	1.0	S	0.0
Didcos_EP00039_Didymoeca_costata_P019852	Mertsp_Mesp_sb553836	1.0	S	0.0
Didcos_EP00039_Didymoeca_costata_P019852	Salmac_EP00052_Salpingoeca_macrocollata_P026817	1.0	S	0.0
Didcos_EP00039_Didymoeca_costata_P019852	Spis_Spis_13417_1	1.0	S	0.0
Didcos_EP00039_Didymoeca_costata_P019852	Bolinf_Binf_sb1185909	1.0	S	0.0
Didcos_EP00039_Didymoeca_costata_P019852	HoiH04_mRNA602	1.0	S	0.0
Didcos_EP00039_Didymoeca_costata_P019852	Nvec_v1g210684	1.0	S	0.0
Didcos_EP00039_Didymoeca_costata_P019852	Scil_scict008928.1	1.0	S	0.0
Didcos_EP00039_Didymoeca_costata_P019852	Salurc_EP00051_Salpingoeca_urceolata_P028889	1.0	S	0.0
Didcos_EP00039_Didymoeca_costata_P019852	Ctel_gnl_WGS_AMQN_CAPTEDRAFT_mRNA223070	1.0	S	0.0
Didcos_EP00039_Didymoeca_costata_P019852	Adig_XM_015904385.1	1.0	S	0.0
Didcos_EP00039_Didymoeca_costata_P019852	Lcom_lcpid116789	1.0	S	0.0
Didcos_EP00039_Didymoeca_costata_P019852	Hvul_g19680_1	1.0	S	0.0
Didcos_EP00039_Didymoeca_costata_P019852	Spur_XM_030990278.1	1.0	S	0.0
Didcos_EP00039_Didymoeca_costata_P019852	Gfas_gfas1.m1.5881.m1	1.0	S	0.0
Didcos_EP00039_Didymoeca_costata_P019852	Morvir_scaffold48.g43.t1	1.0	S	0.0
Didcos_EP00039_Didymoeca_costata_P019852	Choper_EP00045_Choanoeca_perplexa_P001888	1.0	S	0.0
Didcos_EP00039_Didymoeca_costata_P019852	Sros_EGD76602	1.0	S	0.0
Didcos_EP00039_Didymoeca_costata_P019852	Lcom_lcpid84878	1.0	S	0.0
Didcos_EP00039_Didymoeca_costata_P019852	Amil_Amillepora19018-RA	1.0	S	0.0
Didcos_EP00039_Didymoeca_costata_P019852	Chofle_EP00730_Choanoeca_flexa_P006617	1.0	S	0.0
Didcos_EP00039_Didymoeca_costata_P019852	Mlei_ML0852.g6.i1	1.0	S	0.0
Didcos_EP00039_Didymoeca_costata_P019852	Opea_EP00118_Oscarella_pearsei_P005433	1.0	S	0.0
Didcos_EP00039_Didymoeca_costata_P019852	Pocdam_XM_027199738.1	1.0	S	0.0
Helnan_EP00037_Helgoeca_nana_P024546	Bralan_BLAG09000289_1	1.0	S	0.0
Helnan_EP00037_Helgoeca_nana_P024546	Mertsp_Mesp_sb553837	1.0	S	0.0
Helnan_EP00037_Helgoeca_nana_P024546	HoiH06_mRNA10087	1.0	S	0.0
Helnan_EP00037_Helgoeca_nana_P024546	Spis_XP_022796248_1	1.0	S	0.0
Helnan_EP00037_Helgoeca_nana_P024546	Chofle_EP00730_Choanoeca_flexa_P006614	1.0	S	0.0
Helnan_EP00037_Helgoeca_nana_P024546	Coemet_Cmet_C579352_01	1.0	S	0.0
Helnan_EP00037_Helgoeca_nana_P024546	Beraby_Baby_sb331377	1.0	S	0.0
Helnan_EP00037_Helgoeca_nana_P024546	Saldol_EP00054_Salpingoeca_dolichothecata_P036249	1.0	S	0.0
Helnan_EP00037_Helgoeca_nana_P024546	Acagra_model.g26730.t1	1.0	S	0.0
Helnan_EP00037_Helgoeca_nana_P024546	Drygla_Dgla_sb276142	1.0	S	0.0
Helnan_EP00037_Helgoeca_nana_P024546	Codhol_EP00042_Codosiga_hollandica_P030220	1.0	S	0.0
Helnan_EP00037_Helgoeca_nana_P024546	Exapal_XM_021036546.2	1.0	S	0.0
Helnan_EP00037_Helgoeca_nana_P024546	HoiH23_PlH23_000735-RA	1.0	S	0.0
Helnan_EP00037_Helgoeca_nana_P024546	Rhoesc_Res_004980-T1	1.0	S	0.0
Helnan_EP00037_Helgoeca_nana_P024546	Gasp_gasp1.m3.16605.m1	1.0	S	0.0
Helnan_EP00037_Helgoeca_nana_P024546	Hhon_g04510.t1	1.0	S	0.0
Helnan_EP00037_Helgoeca_nana_P024546	Skow_XM_006813920.1	1.0	S	0.0
Helnan_EP00037_Helgoeca_nana_P024546	Xesp_000472-T1	1.0	S	0.0
Helnan_EP00037_Helgoeca_nana_P024546	Cgig_XM_034452714.1	1.0	S	0.0
Helnan_EP00037_Helgoeca_nana_P024546	Nemnom_g14616.t1	1.0	S	0.0
Helnan_EP00037_Helgoeca_nana_P024546	Fspp_ffun1.m4.16904.m1	1.0	S	0.0
Helnan_EP00037_Helgoeca_nana_P024546	Pbac_sb2645060	1.0	S	0.0
Helnan_EP00037_Helgoeca_nana_P024546	Spis_XP_022796250_1	1.0	S	0.0
Helnan_EP00037_Helgoeca_nana_P024546	Tcas_TC030670_002	1.0	S	0.0
Helnan_EP00037_Helgoeca_nana_P024546	Salinf_EP00049_Salpingoeca_infusionum_P007349	1.0	S	0.0
Helnan_EP00037_Helgoeca_nana_P024546	Leuniv_Lniv_C809604_01	1.0	S	0.0
Helnan_EP00037_Helgoeca_nana_P024546	Sanmal_Sma_005474-T1	1.0	S	0.0
Helnan_EP00037_Helgoeca_nana_P024546	Lampan_Lpan_C398731_01	1.0	S	0.0
Helnan_EP00037_Helgoeca_nana_P024546	Saldol_EP00054_Salpingoeca_dolichothecata_P036250	1.0	S	0.0
Helnan_EP00037_Helgoeca_nana_P024546	HoiH11_mRNA5250	1.0	S	0.0
Helnan_EP00037_Helgoeca_nana_P024546	Dpul_mRNA15494	1.0	S	0.0
Helnan_EP00037_Helgoeca_nana_P024546	Salpun_EP00053_Salpingoeca_punica_P004050	1.0	S	0.0
Helnan_EP00037_Helgoeca_nana_P024546	Salmac_EP00052_Salpingoeca_macrocollata_P026819	1.0	S	0.0
Helnan_EP00037_Helgoeca_nana_P024546	Vmul_SimC381352	1.0	S	0.0
Helnan_EP00037_Helgoeca_nana_P024546	TrH2_TrispH2_000218-RA	1.0	S	0.0
Helnan_EP00037_Helgoeca_nana_P024546	Aque_Aqu2.1.32225_001	1.0	S	0.0
Helnan_EP00037_Helgoeca_nana_P024546	Tadh_TriadT52561	1.0	S	0.0
Helnan_EP00037_Helgoeca_nana_P024546	Codhol_EP00042_Codosiga_hollandica_P024950	1.0	S	0.0
Helnan_EP00037_Helgoeca_nana_P024546	Mertsp_Mesp_sb553838	1.0	S	0.0
Helnan_EP00037_Helgoeca_nana_P024546	Drygla_Dgla_sb276143	1.0	S	0.0
Helnan_EP00037_Helgoeca_nana_P024546	Codhol_EP00042_Codosiga_hollandica_P024951	1.0	S	0.0
Helnan_EP00037_Helgoeca_nana_P024546	Microa_EP00043_Microstomoeca_roanoka_P007259	1.0	S	0.0
Helnan_EP00037_Helgoeca_nana_P024546	Gracom_Gcom_C539660_01	1.0	S	0.0
Helnan_EP00037_Helgoeca_nana_P024546	Dgig_XM_028557642.1	1.0	S	0.0
Helnan_EP00037_Helgoeca_nana_P024546	Mertsp_Mesp_sb553836	1.0	S	0.0
Helnan_EP00037_Helgoeca_nana_P024546	Salmac_EP00052_Salpingoeca_macrocollata_P026817	1.0	S	0.0
Helnan_EP00037_Helgoeca_nana_P024546	Spis_Spis_13417_1	1.0	S	0.0
Helnan_EP00037_Helgoeca_nana_P024546	Bolinf_Binf_sb1185909	1.0	S	0.0
Helnan_EP00037_Helgoeca_nana_P024546	HoiH04_mRNA602	1.0	S	0.0
Helnan_EP00037_Helgoeca_nana_P024546	Nvec_v1g210684	1.0	S	0.0
Helnan_EP00037_Helgoeca_nana_P024546	Scil_scict008928.1	1.0	S	0.0
Helnan_EP00037_Helgoeca_nana_P024546	Salurc_EP00051_Salpingoeca_urceolata_P028889	1.0	S	0.0
Helnan_EP00037_Helgoeca_nana_P024546	Ctel_gnl_WGS_AMQN_CAPTEDRAFT_mRNA223070	1.0	S	0.0
Helnan_EP00037_Helgoeca_nana_P024546	Adig_XM_015904385.1	1.0	S	0.0
Helnan_EP00037_Helgoeca_nana_P024546	Lcom_lcpid116789	1.0	S	0.0
Helnan_EP00037_Helgoeca_nana_P024546	Hvul_g19680_1	1.0	S	0.0
Helnan_EP00037_Helgoeca_nana_P024546	Spur_XM_030990278.1	1.0	S	0.0
Helnan_EP00037_Helgoeca_nana_P024546	Gfas_gfas1.m1.5881.m1	1.0	S	0.0
Helnan_EP00037_Helgoeca_nana_P024546	Morvir_scaffold48.g43.t1	1.0	S	0.0
Helnan_EP00037_Helgoeca_nana_P024546	Choper_EP00045_Choanoeca_perplexa_P001888	1.0	S	0.0
Helnan_EP00037_Helgoeca_nana_P024546	Sros_EGD76602	1.0	S	0.0
Helnan_EP00037_Helgoeca_nana_P024546	Lcom_lcpid84878	1.0	S	0.0
Helnan_EP00037_Helgoeca_nana_P024546	Amil_Amillepora19018-RA	1.0	S	0.0
Helnan_EP00037_Helgoeca_nana_P024546	Chofle_EP00730_Choanoeca_flexa_P006617	1.0	S	0.0
Helnan_EP00037_Helgoeca_nana_P024546	Mlei_ML0852.g6.i1	1.0	S	0.0
Helnan_EP00037_Helgoeca_nana_P024546	Opea_EP00118_Oscarella_pearsei_P005433	1.0	S	0.0
Helnan_EP00037_Helgoeca_nana_P024546	Pocdam_XM_027199738.1	1.0	S	0.0
Diagra_EP00040_Diaphanoeca_grandis_P006162	Bralan_BLAG09000289_1	1.0	S	0.0
Diagra_EP00040_Diaphanoeca_grandis_P006162	Mertsp_Mesp_sb553837	1.0	S	0.0
Diagra_EP00040_Diaphanoeca_grandis_P006162	HoiH06_mRNA10087	1.0	S	0.0
Diagra_EP00040_Diaphanoeca_grandis_P006162	Spis_XP_022796248_1	1.0	S	0.0
Diagra_EP00040_Diaphanoeca_grandis_P006162	Chofle_EP00730_Choanoeca_flexa_P006614	1.0	S	0.0
Diagra_EP00040_Diaphanoeca_grandis_P006162	Coemet_Cmet_C579352_01	1.0	S	0.0
Diagra_EP00040_Diaphanoeca_grandis_P006162	Beraby_Baby_sb331377	1.0	S	0.0
Diagra_EP00040_Diaphanoeca_grandis_P006162	Saldol_EP00054_Salpingoeca_dolichothecata_P036249	1.0	S	0.0
Diagra_EP00040_Diaphanoeca_grandis_P006162	Acagra_model.g26730.t1	1.0	S	0.0
Diagra_EP00040_Diaphanoeca_grandis_P006162	Drygla_Dgla_sb276142	1.0	S	0.0
Diagra_EP00040_Diaphanoeca_grandis_P006162	Codhol_EP00042_Codosiga_hollandica_P030220	1.0	S	0.0
Diagra_EP00040_Diaphanoeca_grandis_P006162	Exapal_XM_021036546.2	1.0	S	0.0
Diagra_EP00040_Diaphanoeca_grandis_P006162	HoiH23_PlH23_000735-RA	1.0	S	0.0
Diagra_EP00040_Diaphanoeca_grandis_P006162	Rhoesc_Res_004980-T1	1.0	S	0.0
Diagra_EP00040_Diaphanoeca_grandis_P006162	Gasp_gasp1.m3.16605.m1	1.0	S	0.0
Diagra_EP00040_Diaphanoeca_grandis_P006162	Hhon_g04510.t1	1.0	S	0.0
Diagra_EP00040_Diaphanoeca_grandis_P006162	Skow_XM_006813920.1	1.0	S	0.0
Diagra_EP00040_Diaphanoeca_grandis_P006162	Xesp_000472-T1	1.0	S	0.0
Diagra_EP00040_Diaphanoeca_grandis_P006162	Cgig_XM_034452714.1	1.0	S	0.0
Diagra_EP00040_Diaphanoeca_grandis_P006162	Nemnom_g14616.t1	1.0	S	0.0
Diagra_EP00040_Diaphanoeca_grandis_P006162	Fspp_ffun1.m4.16904.m1	1.0	S	0.0
Diagra_EP00040_Diaphanoeca_grandis_P006162	Pbac_sb2645060	1.0	S	0.0
Diagra_EP00040_Diaphanoeca_grandis_P006162	Spis_XP_022796250_1	1.0	S	0.0
Diagra_EP00040_Diaphanoeca_grandis_P006162	Tcas_TC030670_002	1.0	S	0.0
Diagra_EP00040_Diaphanoeca_grandis_P006162	Salinf_EP00049_Salpingoeca_infusionum_P007349	1.0	S	0.0
Diagra_EP00040_Diaphanoeca_grandis_P006162	Leuniv_Lniv_C809604_01	1.0	S	0.0
Diagra_EP00040_Diaphanoeca_grandis_P006162	Sanmal_Sma_005474-T1	1.0	S	0.0
Diagra_EP00040_Diaphanoeca_grandis_P006162	Lampan_Lpan_C398731_01	1.0	S	0.0
Diagra_EP00040_Diaphanoeca_grandis_P006162	Saldol_EP00054_Salpingoeca_dolichothecata_P036250	1.0	S	0.0
Diagra_EP00040_Diaphanoeca_grandis_P006162	HoiH11_mRNA5250	1.0	S	0.0
Diagra_EP00040_Diaphanoeca_grandis_P006162	Dpul_mRNA15494	1.0	S	0.0
Diagra_EP00040_Diaphanoeca_grandis_P006162	Salpun_EP00053_Salpingoeca_punica_P004050	1.0	S	0.0
Diagra_EP00040_Diaphanoeca_grandis_P006162	Salmac_EP00052_Salpingoeca_macrocollata_P026819	1.0	S	0.0
Diagra_EP00040_Diaphanoeca_grandis_P006162	Vmul_SimC381352	1.0	S	0.0
Diagra_EP00040_Diaphanoeca_grandis_P006162	TrH2_TrispH2_000218-RA	1.0	S	0.0
Diagra_EP00040_Diaphanoeca_grandis_P006162	Aque_Aqu2.1.32225_001	1.0	S	0.0
Diagra_EP00040_Diaphanoeca_grandis_P006162	Tadh_TriadT52561	1.0	S	0.0
Diagra_EP00040_Diaphanoeca_grandis_P006162	Codhol_EP00042_Codosiga_hollandica_P024950	1.0	S	0.0
Diagra_EP00040_Diaphanoeca_grandis_P006162	Mertsp_Mesp_sb553838	1.0	S	0.0
Diagra_EP00040_Diaphanoeca_grandis_P006162	Drygla_Dgla_sb276143	1.0	S	0.0
Diagra_EP00040_Diaphanoeca_grandis_P006162	Codhol_EP00042_Codosiga_hollandica_P024951	1.0	S	0.0
Diagra_EP00040_Diaphanoeca_grandis_P006162	Microa_EP00043_Microstomoeca_roanoka_P007259	1.0	S	0.0
Diagra_EP00040_Diaphanoeca_grandis_P006162	Gracom_Gcom_C539660_01	1.0	S	0.0
Diagra_EP00040_Diaphanoeca_grandis_P006162	Dgig_XM_028557642.1	1.0	S	0.0
Diagra_EP00040_Diaphanoeca_grandis_P006162	Mertsp_Mesp_sb553836	1.0	S	0.0
Diagra_EP00040_Diaphanoeca_grandis_P006162	Salmac_EP00052_Salpingoeca_macrocollata_P026817	1.0	S	0.0
Diagra_EP00040_Diaphanoeca_grandis_P006162	Spis_Spis_13417_1	1.0	S	0.0
Diagra_EP00040_Diaphanoeca_grandis_P006162	Bolinf_Binf_sb1185909	1.0	S	0.0
Diagra_EP00040_Diaphanoeca_grandis_P006162	HoiH04_mRNA602	1.0	S	0.0
Diagra_EP00040_Diaphanoeca_grandis_P006162	Nvec_v1g210684	1.0	S	0.0
Diagra_EP00040_Diaphanoeca_grandis_P006162	Scil_scict008928.1	1.0	S	0.0
Diagra_EP00040_Diaphanoeca_grandis_P006162	Salurc_EP00051_Salpingoeca_urceolata_P028889	1.0	S	0.0
Diagra_EP00040_Diaphanoeca_grandis_P006162	Ctel_gnl_WGS_AMQN_CAPTEDRAFT_mRNA223070	1.0	S	0.0
Diagra_EP00040_Diaphanoeca_grandis_P006162	Adig_XM_015904385.1	1.0	S	0.0
Diagra_EP00040_Diaphanoeca_grandis_P006162	Lcom_lcpid116789	1.0	S	0.0
Diagra_EP00040_Diaphanoeca_grandis_P006162	Hvul_g19680_1	1.0	S	0.0
Diagra_EP00040_Diaphanoeca_grandis_P006162	Spur_XM_030990278.1	1.0	S	0.0
Diagra_EP00040_Diaphanoeca_grandis_P006162	Gfas_gfas1.m1.5881.m1	1.0	S	0.0
Diagra_EP00040_Diaphanoeca_grandis_P006162	Morvir_scaffold48.g43.t1	1.0	S	0.0
Diagra_EP00040_Diaphanoeca_grandis_P006162	Choper_EP00045_Choanoeca_perplexa_P001888	1.0	S	0.0
Diagra_EP00040_Diaphanoeca_grandis_P006162	Sros_EGD76602	1.0	S	0.0
Diagra_EP00040_Diaphanoeca_grandis_P006162	Lcom_lcpid84878	1.0	S	0.0
Diagra_EP00040_Diaphanoeca_grandis_P006162	Amil_Amillepora19018-RA	1.0	S	0.0
Diagra_EP00040_Diaphanoeca_grandis_P006162	Chofle_EP00730_Choanoeca_flexa_P006617	1.0	S	0.0
Diagra_EP00040_Diaphanoeca_grandis_P006162	Mlei_ML0852.g6.i1	1.0	S	0.0
Diagra_EP00040_Diaphanoeca_grandis_P006162	Opea_EP00118_Oscarella_pearsei_P005433	1.0	S	0.0
Diagra_EP00040_Diaphanoeca_grandis_P006162	Pocdam_XM_027199738.1	1.0	S	0.0
Acaspe_EP00035_Acanthoeca_spectabilis_P027577	Bralan_BLAG09000289_1	1.0	S	0.0
Acaspe_EP00035_Acanthoeca_spectabilis_P027577	Mertsp_Mesp_sb553837	1.0	S	0.0
Acaspe_EP00035_Acanthoeca_spectabilis_P027577	HoiH06_mRNA10087	1.0	S	0.0
Acaspe_EP00035_Acanthoeca_spectabilis_P027577	Spis_XP_022796248_1	1.0	S	0.0
Acaspe_EP00035_Acanthoeca_spectabilis_P027577	Chofle_EP00730_Choanoeca_flexa_P006614	1.0	S	0.0
Acaspe_EP00035_Acanthoeca_spectabilis_P027577	Coemet_Cmet_C579352_01	1.0	S	0.0
Acaspe_EP00035_Acanthoeca_spectabilis_P027577	Beraby_Baby_sb331377	1.0	S	0.0
Acaspe_EP00035_Acanthoeca_spectabilis_P027577	Saldol_EP00054_Salpingoeca_dolichothecata_P036249	1.0	S	0.0
Acaspe_EP00035_Acanthoeca_spectabilis_P027577	Acagra_model.g26730.t1	1.0	S	0.0
Acaspe_EP00035_Acanthoeca_spectabilis_P027577	Drygla_Dgla_sb276142	1.0	S	0.0
Acaspe_EP00035_Acanthoeca_spectabilis_P027577	Codhol_EP00042_Codosiga_hollandica_P030220	1.0	S	0.0
Acaspe_EP00035_Acanthoeca_spectabilis_P027577	Exapal_XM_021036546.2	1.0	S	0.0
Acaspe_EP00035_Acanthoeca_spectabilis_P027577	HoiH23_PlH23_000735-RA	1.0	S	0.0
Acaspe_EP00035_Acanthoeca_spectabilis_P027577	Rhoesc_Res_004980-T1	1.0	S	0.0
Acaspe_EP00035_Acanthoeca_spectabilis_P027577	Gasp_gasp1.m3.16605.m1	1.0	S	0.0
Acaspe_EP00035_Acanthoeca_spectabilis_P027577	Hhon_g04510.t1	1.0	S	0.0
Acaspe_EP00035_Acanthoeca_spectabilis_P027577	Skow_XM_006813920.1	1.0	S	0.0
Acaspe_EP00035_Acanthoeca_spectabilis_P027577	Xesp_000472-T1	1.0	S	0.0
Acaspe_EP00035_Acanthoeca_spectabilis_P027577	Cgig_XM_034452714.1	1.0	S	0.0
Acaspe_EP00035_Acanthoeca_spectabilis_P027577	Nemnom_g14616.t1	1.0	S	0.0
Acaspe_EP00035_Acanthoeca_spectabilis_P027577	Fspp_ffun1.m4.16904.m1	1.0	S	0.0
Acaspe_EP00035_Acanthoeca_spectabilis_P027577	Pbac_sb2645060	1.0	S	0.0
Acaspe_EP00035_Acanthoeca_spectabilis_P027577	Spis_XP_022796250_1	1.0	S	0.0
Acaspe_EP00035_Acanthoeca_spectabilis_P027577	Tcas_TC030670_002	1.0	S	0.0
Acaspe_EP00035_Acanthoeca_spectabilis_P027577	Salinf_EP00049_Salpingoeca_infusionum_P007349	1.0	S	0.0
Acaspe_EP00035_Acanthoeca_spectabilis_P027577	Leuniv_Lniv_C809604_01	1.0	S	0.0
Acaspe_EP00035_Acanthoeca_spectabilis_P027577	Sanmal_Sma_005474-T1	1.0	S	0.0
Acaspe_EP00035_Acanthoeca_spectabilis_P027577	Lampan_Lpan_C398731_01	1.0	S	0.0
Acaspe_EP00035_Acanthoeca_spectabilis_P027577	Saldol_EP00054_Salpingoeca_dolichothecata_P036250	1.0	S	0.0
Acaspe_EP00035_Acanthoeca_spectabilis_P027577	HoiH11_mRNA5250	1.0	S	0.0
Acaspe_EP00035_Acanthoeca_spectabilis_P027577	Dpul_mRNA15494	1.0	S	0.0
Acaspe_EP00035_Acanthoeca_spectabilis_P027577	Salpun_EP00053_Salpingoeca_punica_P004050	1.0	S	0.0
Acaspe_EP00035_Acanthoeca_spectabilis_P027577	Salmac_EP00052_Salpingoeca_macrocollata_P026819	1.0	S	0.0
Acaspe_EP00035_Acanthoeca_spectabilis_P027577	Vmul_SimC381352	1.0	S	0.0
Acaspe_EP00035_Acanthoeca_spectabilis_P027577	TrH2_TrispH2_000218-RA	1.0	S	0.0
Acaspe_EP00035_Acanthoeca_spectabilis_P027577	Aque_Aqu2.1.32225_001	1.0	S	0.0
Acaspe_EP00035_Acanthoeca_spectabilis_P027577	Tadh_TriadT52561	1.0	S	0.0
Acaspe_EP00035_Acanthoeca_spectabilis_P027577	Codhol_EP00042_Codosiga_hollandica_P024950	1.0	S	0.0
Acaspe_EP00035_Acanthoeca_spectabilis_P027577	Mertsp_Mesp_sb553838	1.0	S	0.0
Acaspe_EP00035_Acanthoeca_spectabilis_P027577	Drygla_Dgla_sb276143	1.0	S	0.0
Acaspe_EP00035_Acanthoeca_spectabilis_P027577	Codhol_EP00042_Codosiga_hollandica_P024951	1.0	S	0.0
Acaspe_EP00035_Acanthoeca_spectabilis_P027577	Microa_EP00043_Microstomoeca_roanoka_P007259	1.0	S	0.0
Acaspe_EP00035_Acanthoeca_spectabilis_P027577	Gracom_Gcom_C539660_01	1.0	S	0.0
Acaspe_EP00035_Acanthoeca_spectabilis_P027577	Dgig_XM_028557642.1	1.0	S	0.0
Acaspe_EP00035_Acanthoeca_spectabilis_P027577	Mertsp_Mesp_sb553836	1.0	S	0.0
Acaspe_EP00035_Acanthoeca_spectabilis_P027577	Salmac_EP00052_Salpingoeca_macrocollata_P026817	1.0	S	0.0
Acaspe_EP00035_Acanthoeca_spectabilis_P027577	Spis_Spis_13417_1	1.0	S	0.0
Acaspe_EP00035_Acanthoeca_spectabilis_P027577	Bolinf_Binf_sb1185909	1.0	S	0.0
Acaspe_EP00035_Acanthoeca_spectabilis_P027577	HoiH04_mRNA602	1.0	S	0.0
Acaspe_EP00035_Acanthoeca_spectabilis_P027577	Nvec_v1g210684	1.0	S	0.0
Acaspe_EP00035_Acanthoeca_spectabilis_P027577	Scil_scict008928.1	1.0	S	0.0
Acaspe_EP00035_Acanthoeca_spectabilis_P027577	Salurc_EP00051_Salpingoeca_urceolata_P028889	1.0	S	0.0
Acaspe_EP00035_Acanthoeca_spectabilis_P027577	Ctel_gnl_WGS_AMQN_CAPTEDRAFT_mRNA223070	1.0	S	0.0
Acaspe_EP00035_Acanthoeca_spectabilis_P027577	Adig_XM_015904385.1	1.0	S	0.0
Acaspe_EP00035_Acanthoeca_spectabilis_P027577	Lcom_lcpid116789	1.0	S	0.0
Acaspe_EP00035_Acanthoeca_spectabilis_P027577	Hvul_g19680_1	1.0	S	0.0
Acaspe_EP00035_Acanthoeca_spectabilis_P027577	Spur_XM_030990278.1	1.0	S	0.0
Acaspe_EP00035_Acanthoeca_spectabilis_P027577	Gfas_gfas1.m1.5881.m1	1.0	S	0.0
Acaspe_EP00035_Acanthoeca_spectabilis_P027577	Morvir_scaffold48.g43.t1	1.0	S	0.0
Acaspe_EP00035_Acanthoeca_spectabilis_P027577	Choper_EP00045_Choanoeca_perplexa_P001888	1.0	S	0.0
Acaspe_EP00035_Acanthoeca_spectabilis_P027577	Sros_EGD76602	1.0	S	0.0
Acaspe_EP00035_Acanthoeca_spectabilis_P027577	Lcom_lcpid84878	1.0	S	0.0
Acaspe_EP00035_Acanthoeca_spectabilis_P027577	Amil_Amillepora19018-RA	1.0	S	0.0
Acaspe_EP00035_Acanthoeca_spectabilis_P027577	Chofle_EP00730_Choanoeca_flexa_P006617	1.0	S	0.0
Acaspe_EP00035_Acanthoeca_spectabilis_P027577	Mlei_ML0852.g6.i1	1.0	S	0.0
Acaspe_EP00035_Acanthoeca_spectabilis_P027577	Opea_EP00118_Oscarella_pearsei_P005433	1.0	S	0.0
Acaspe_EP00035_Acanthoeca_spectabilis_P027577	Pocdam_XM_027199738.1	1.0	S	0.0
Hsap_ENST00000572195	Bralan_BLAG09000289_1	1.0	S	0.0
Hsap_ENST00000572195	Mertsp_Mesp_sb553837	1.0	S	0.0
Hsap_ENST00000572195	HoiH06_mRNA10087	1.0	S	0.0
Hsap_ENST00000572195	Spis_XP_022796248_1	1.0	S	0.0
Hsap_ENST00000572195	Chofle_EP00730_Choanoeca_flexa_P006614	1.0	S	0.0
Hsap_ENST00000572195	Coemet_Cmet_C579352_01	1.0	S	0.0
Hsap_ENST00000572195	Beraby_Baby_sb331377	1.0	S	0.0
Hsap_ENST00000572195	Saldol_EP00054_Salpingoeca_dolichothecata_P036249	1.0	S	0.0
Hsap_ENST00000572195	Acagra_model.g26730.t1	1.0	S	0.0
Hsap_ENST00000572195	Drygla_Dgla_sb276142	1.0	S	0.0
Hsap_ENST00000572195	Codhol_EP00042_Codosiga_hollandica_P030220	1.0	S	0.0
Hsap_ENST00000572195	Exapal_XM_021036546.2	1.0	S	0.0
Hsap_ENST00000572195	HoiH23_PlH23_000735-RA	1.0	S	0.0
Hsap_ENST00000572195	Rhoesc_Res_004980-T1	1.0	S	0.0
Hsap_ENST00000572195	Gasp_gasp1.m3.16605.m1	1.0	S	0.0
Hsap_ENST00000572195	Hhon_g04510.t1	1.0	S	0.0
Hsap_ENST00000572195	Skow_XM_006813920.1	1.0	S	0.0
Hsap_ENST00000572195	Xesp_000472-T1	1.0	S	0.0
Hsap_ENST00000572195	Cgig_XM_034452714.1	1.0	S	0.0
Hsap_ENST00000572195	Nemnom_g14616.t1	1.0	S	0.0
Hsap_ENST00000572195	Fspp_ffun1.m4.16904.m1	1.0	S	0.0
Hsap_ENST00000572195	Pbac_sb2645060	1.0	S	0.0
Hsap_ENST00000572195	Spis_XP_022796250_1	1.0	S	0.0
Hsap_ENST00000572195	Tcas_TC030670_002	1.0	S	0.0
Hsap_ENST00000572195	Salinf_EP00049_Salpingoeca_infusionum_P007349	1.0	S	0.0
Hsap_ENST00000572195	Leuniv_Lniv_C809604_01	1.0	S	0.0
Hsap_ENST00000572195	Sanmal_Sma_005474-T1	1.0	S	0.0
Hsap_ENST00000572195	Lampan_Lpan_C398731_01	1.0	S	0.0
Hsap_ENST00000572195	Saldol_EP00054_Salpingoeca_dolichothecata_P036250	1.0	S	0.0
Hsap_ENST00000572195	HoiH11_mRNA5250	1.0	S	0.0
Hsap_ENST00000572195	Dpul_mRNA15494	1.0	S	0.0
Hsap_ENST00000572195	Salpun_EP00053_Salpingoeca_punica_P004050	1.0	S	0.0
Hsap_ENST00000572195	Salmac_EP00052_Salpingoeca_macrocollata_P026819	1.0	S	0.0
Hsap_ENST00000572195	Vmul_SimC381352	1.0	S	0.0
Hsap_ENST00000572195	TrH2_TrispH2_000218-RA	1.0	S	0.0
Hsap_ENST00000572195	Aque_Aqu2.1.32225_001	1.0	S	0.0
Hsap_ENST00000572195	Tadh_TriadT52561	1.0	S	0.0
Hsap_ENST00000572195	Codhol_EP00042_Codosiga_hollandica_P024950	1.0	S	0.0
Hsap_ENST00000572195	Mertsp_Mesp_sb553838	1.0	S	0.0
Hsap_ENST00000572195	Drygla_Dgla_sb276143	1.0	S	0.0
Hsap_ENST00000572195	Codhol_EP00042_Codosiga_hollandica_P024951	1.0	S	0.0
Hsap_ENST00000572195	Microa_EP00043_Microstomoeca_roanoka_P007259	1.0	S	0.0
Hsap_ENST00000572195	Gracom_Gcom_C539660_01	1.0	S	0.0
Hsap_ENST00000572195	Dgig_XM_028557642.1	1.0	S	0.0
Hsap_ENST00000572195	Mertsp_Mesp_sb553836	1.0	S	0.0
Hsap_ENST00000572195	Salmac_EP00052_Salpingoeca_macrocollata_P026817	1.0	S	0.0
Hsap_ENST00000572195	Spis_Spis_13417_1	1.0	S	0.0
Hsap_ENST00000572195	Bolinf_Binf_sb1185909	1.0	S	0.0
Hsap_ENST00000572195	HoiH04_mRNA602	1.0	S	0.0
Hsap_ENST00000572195	Nvec_v1g210684	1.0	S	0.0
Hsap_ENST00000572195	Scil_scict008928.1	1.0	S	0.0
Hsap_ENST00000572195	Salurc_EP00051_Salpingoeca_urceolata_P028889	1.0	S	0.0
Hsap_ENST00000572195	Ctel_gnl_WGS_AMQN_CAPTEDRAFT_mRNA223070	1.0	S	0.0
Hsap_ENST00000572195	Adig_XM_015904385.1	1.0	S	0.0
Hsap_ENST00000572195	Lcom_lcpid116789	1.0	S	0.0
Hsap_ENST00000572195	Hvul_g19680_1	1.0	S	0.0
Hsap_ENST00000572195	Spur_XM_030990278.1	1.0	S	0.0
Hsap_ENST00000572195	Gfas_gfas1.m1.5881.m1	1.0	S	0.0
Hsap_ENST00000572195	Morvir_scaffold48.g43.t1	1.0	S	0.0
Hsap_ENST00000572195	Choper_EP00045_Choanoeca_perplexa_P001888	1.0	S	0.0
Hsap_ENST00000572195	Sros_EGD76602	1.0	S	0.0
Hsap_ENST00000572195	Lcom_lcpid84878	1.0	S	0.0
Hsap_ENST00000572195	Amil_Amillepora19018-RA	1.0	S	0.0
Hsap_ENST00000572195	Chofle_EP00730_Choanoeca_flexa_P006617	1.0	S	0.0
Hsap_ENST00000572195	Mlei_ML0852.g6.i1	1.0	S	0.0
Hsap_ENST00000572195	Opea_EP00118_Oscarella_pearsei_P005433	1.0	S	0.0
Hsap_ENST00000572195	Pocdam_XM_027199738.1	1.0	S	0.0
Cscu_XM_023367682.1	Bralan_BLAG09000289_1	1.0	S	0.0
Cscu_XM_023367682.1	Mertsp_Mesp_sb553837	1.0	S	0.0
Cscu_XM_023367682.1	HoiH06_mRNA10087	1.0	S	0.0
Cscu_XM_023367682.1	Spis_XP_022796248_1	1.0	S	0.0
Cscu_XM_023367682.1	Chofle_EP00730_Choanoeca_flexa_P006614	1.0	S	0.0
Cscu_XM_023367682.1	Coemet_Cmet_C579352_01	1.0	S	0.0
Cscu_XM_023367682.1	Beraby_Baby_sb331377	1.0	S	0.0
Cscu_XM_023367682.1	Saldol_EP00054_Salpingoeca_dolichothecata_P036249	1.0	S	0.0
Cscu_XM_023367682.1	Acagra_model.g26730.t1	1.0	S	0.0
Cscu_XM_023367682.1	Drygla_Dgla_sb276142	1.0	S	0.0
Cscu_XM_023367682.1	Codhol_EP00042_Codosiga_hollandica_P030220	1.0	S	0.0
Cscu_XM_023367682.1	Exapal_XM_021036546.2	1.0	S	0.0
Cscu_XM_023367682.1	HoiH23_PlH23_000735-RA	1.0	S	0.0
Cscu_XM_023367682.1	Rhoesc_Res_004980-T1	1.0	S	0.0
Cscu_XM_023367682.1	Gasp_gasp1.m3.16605.m1	1.0	S	0.0
Cscu_XM_023367682.1	Hhon_g04510.t1	1.0	S	0.0
Cscu_XM_023367682.1	Skow_XM_006813920.1	1.0	S	0.0
Cscu_XM_023367682.1	Xesp_000472-T1	1.0	S	0.0
Cscu_XM_023367682.1	Cgig_XM_034452714.1	1.0	S	0.0
Cscu_XM_023367682.1	Nemnom_g14616.t1	1.0	S	0.0
Cscu_XM_023367682.1	Fspp_ffun1.m4.16904.m1	1.0	S	0.0
Cscu_XM_023367682.1	Pbac_sb2645060	1.0	S	0.0
Cscu_XM_023367682.1	Spis_XP_022796250_1	1.0	S	0.0
Cscu_XM_023367682.1	Tcas_TC030670_002	1.0	S	0.0
Cscu_XM_023367682.1	Salinf_EP00049_Salpingoeca_infusionum_P007349	1.0	S	0.0
Cscu_XM_023367682.1	Leuniv_Lniv_C809604_01	1.0	S	0.0
Cscu_XM_023367682.1	Sanmal_Sma_005474-T1	1.0	S	0.0
Cscu_XM_023367682.1	Lampan_Lpan_C398731_01	1.0	S	0.0
Cscu_XM_023367682.1	Saldol_EP00054_Salpingoeca_dolichothecata_P036250	1.0	S	0.0
Cscu_XM_023367682.1	HoiH11_mRNA5250	1.0	S	0.0
Cscu_XM_023367682.1	Dpul_mRNA15494	1.0	S	0.0
Cscu_XM_023367682.1	Salpun_EP00053_Salpingoeca_punica_P004050	1.0	S	0.0
Cscu_XM_023367682.1	Salmac_EP00052_Salpingoeca_macrocollata_P026819	1.0	S	0.0
Cscu_XM_023367682.1	Vmul_SimC381352	1.0	S	0.0
Cscu_XM_023367682.1	TrH2_TrispH2_000218-RA	1.0	S	0.0
Cscu_XM_023367682.1	Aque_Aqu2.1.32225_001	1.0	S	0.0
Cscu_XM_023367682.1	Tadh_TriadT52561	1.0	S	0.0
Cscu_XM_023367682.1	Codhol_EP00042_Codosiga_hollandica_P024950	1.0	S	0.0
Cscu_XM_023367682.1	Mertsp_Mesp_sb553838	1.0	S	0.0
Cscu_XM_023367682.1	Drygla_Dgla_sb276143	1.0	S	0.0
Cscu_XM_023367682.1	Codhol_EP00042_Codosiga_hollandica_P024951	1.0	S	0.0
Cscu_XM_023367682.1	Microa_EP00043_Microstomoeca_roanoka_P007259	1.0	S	0.0
Cscu_XM_023367682.1	Gracom_Gcom_C539660_01	1.0	S	0.0
Cscu_XM_023367682.1	Dgig_XM_028557642.1	1.0	S	0.0
Cscu_XM_023367682.1	Mertsp_Mesp_sb553836	1.0	S	0.0
Cscu_XM_023367682.1	Salmac_EP00052_Salpingoeca_macrocollata_P026817	1.0	S	0.0
Cscu_XM_023367682.1	Spis_Spis_13417_1	1.0	S	0.0
Cscu_XM_023367682.1	Bolinf_Binf_sb1185909	1.0	S	0.0
Cscu_XM_023367682.1	HoiH04_mRNA602	1.0	S	0.0
Cscu_XM_023367682.1	Nvec_v1g210684	1.0	S	0.0
Cscu_XM_023367682.1	Scil_scict008928.1	1.0	S	0.0
Cscu_XM_023367682.1	Salurc_EP00051_Salpingoeca_urceolata_P028889	1.0	S	0.0
Cscu_XM_023367682.1	Ctel_gnl_WGS_AMQN_CAPTEDRAFT_mRNA223070	1.0	S	0.0
Cscu_XM_023367682.1	Adig_XM_015904385.1	1.0	S	0.0
Cscu_XM_023367682.1	Lcom_lcpid116789	1.0	S	0.0
Cscu_XM_023367682.1	Hvul_g19680_1	1.0	S	0.0
Cscu_XM_023367682.1	Spur_XM_030990278.1	1.0	S	0.0
Cscu_XM_023367682.1	Gfas_gfas1.m1.5881.m1	1.0	S	0.0
Cscu_XM_023367682.1	Morvir_scaffold48.g43.t1	1.0	S	0.0
Cscu_XM_023367682.1	Choper_EP00045_Choanoeca_perplexa_P001888	1.0	S	0.0
Cscu_XM_023367682.1	Sros_EGD76602	1.0	S	0.0
Cscu_XM_023367682.1	Lcom_lcpid84878	1.0	S	0.0
Cscu_XM_023367682.1	Amil_Amillepora19018-RA	1.0	S	0.0
Cscu_XM_023367682.1	Chofle_EP00730_Choanoeca_flexa_P006617	1.0	S	0.0
Cscu_XM_023367682.1	Mlei_ML0852.g6.i1	1.0	S	0.0
Cscu_XM_023367682.1	Opea_EP00118_Oscarella_pearsei_P005433	1.0	S	0.0
Cscu_XM_023367682.1	Pocdam_XM_027199738.1	1.0	S	0.0
Hsap_ENST00000572195	Didcos_EP00039_Didymoeca_costata_P019852	64.0	S	0.0
Hsap_ENST00000572195	Helnan_EP00037_Helgoeca_nana_P024546	64.0	S	0.0
Hsap_ENST00000572195	Acaspe_EP00035_Acanthoeca_spectabilis_P027577	64.0	S	0.0
Hsap_ENST00000572195	Diagra_EP00040_Diaphanoeca_grandis_P006162	64.0	S	0.0
Cscu_XM_023367682.1	Didcos_EP00039_Didymoeca_costata_P019852	64.0	S	0.0
Cscu_XM_023367682.1	Helnan_EP00037_Helgoeca_nana_P024546	64.0	S	0.0
Cscu_XM_023367682.1	Acaspe_EP00035_Acanthoeca_spectabilis_P027577	64.0	S	0.0
Cscu_XM_023367682.1	Diagra_EP00040_Diaphanoeca_grandis_P006162	64.0	S	0.0
Bralan_BLAG09000289_1	Mertsp_Mesp_sb553837	64.0	S	0.0
Bralan_BLAG09000289_1	Chofle_EP00730_Choanoeca_flexa_P006614	64.0	S	0.0
Bralan_BLAG09000289_1	Coemet_Cmet_C579352_01	64.0	S	0.0
Bralan_BLAG09000289_1	Beraby_Baby_sb331377	64.0	S	0.0
Bralan_BLAG09000289_1	Saldol_EP00054_Salpingoeca_dolichothecata_P036249	64.0	S	0.0
Bralan_BLAG09000289_1	Codhol_EP00042_Codosiga_hollandica_P030220	64.0	S	0.0
Bralan_BLAG09000289_1	Drygla_Dgla_sb276142	64.0	S	0.0
Bralan_BLAG09000289_1	Pbac_sb2645060	64.0	S	0.0
Bralan_BLAG09000289_1	Leuniv_Lniv_C809604_01	64.0	S	0.0
Bralan_BLAG09000289_1	Lampan_Lpan_C398731_01	64.0	S	0.0
Bralan_BLAG09000289_1	Saldol_EP00054_Salpingoeca_dolichothecata_P036250	64.0	S	0.0
Bralan_BLAG09000289_1	Salpun_EP00053_Salpingoeca_punica_P004050	64.0	S	0.0
Bralan_BLAG09000289_1	Salmac_EP00052_Salpingoeca_macrocollata_P026819	64.0	S	0.0
Bralan_BLAG09000289_1	Vmul_SimC381352	64.0	S	0.0
Bralan_BLAG09000289_1	Aque_Aqu2.1.32225_001	64.0	S	0.0
Bralan_BLAG09000289_1	Codhol_EP00042_Codosiga_hollandica_P024950	64.0	S	0.0
Bralan_BLAG09000289_1	Mertsp_Mesp_sb553838	64.0	S	0.0
Bralan_BLAG09000289_1	Drygla_Dgla_sb276143	64.0	S	0.0
Bralan_BLAG09000289_1	Codhol_EP00042_Codosiga_hollandica_P024951	64.0	S	0.0
Bralan_BLAG09000289_1	Microa_EP00043_Microstomoeca_roanoka_P007259	64.0	S	0.0
Bralan_BLAG09000289_1	Gracom_Gcom_C539660_01	64.0	S	0.0
Bralan_BLAG09000289_1	Mertsp_Mesp_sb553836	64.0	S	0.0
Bralan_BLAG09000289_1	Chofle_EP00730_Choanoeca_flexa_P006617	64.0	S	0.0
Bralan_BLAG09000289_1	Salmac_EP00052_Salpingoeca_macrocollata_P026817	64.0	S	0.0
Bralan_BLAG09000289_1	Bolinf_Binf_sb1185909	64.0	S	0.0
Bralan_BLAG09000289_1	Scil_scict008928.1	64.0	S	0.0
Bralan_BLAG09000289_1	Salurc_EP00051_Salpingoeca_urceolata_P028889	64.0	S	0.0
Bralan_BLAG09000289_1	Lcom_lcpid116789	64.0	S	0.0
Bralan_BLAG09000289_1	Choper_EP00045_Choanoeca_perplexa_P001888	64.0	S	0.0
Bralan_BLAG09000289_1	Sros_EGD76602	64.0	S	0.0
Bralan_BLAG09000289_1	Lcom_lcpid84878	64.0	S	0.0
Bralan_BLAG09000289_1	Salinf_EP00049_Salpingoeca_infusionum_P007349	64.0	S	0.0
Bralan_BLAG09000289_1	Mlei_ML0852.g6.i1	64.0	S	0.0
Bralan_BLAG09000289_1	Opea_EP00118_Oscarella_pearsei_P005433	64.0	S	0.0
HoiH06_mRNA10087	Mertsp_Mesp_sb553837	64.0	S	0.0
HoiH06_mRNA10087	Chofle_EP00730_Choanoeca_flexa_P006614	64.0	S	0.0
HoiH06_mRNA10087	Coemet_Cmet_C579352_01	64.0	S	0.0
HoiH06_mRNA10087	Beraby_Baby_sb331377	64.0	S	0.0
HoiH06_mRNA10087	Saldol_EP00054_Salpingoeca_dolichothecata_P036249	64.0	S	0.0
HoiH06_mRNA10087	Codhol_EP00042_Codosiga_hollandica_P030220	64.0	S	0.0
HoiH06_mRNA10087	Drygla_Dgla_sb276142	64.0	S	0.0
HoiH06_mRNA10087	Pbac_sb2645060	64.0	S	0.0
HoiH06_mRNA10087	Leuniv_Lniv_C809604_01	64.0	S	0.0
HoiH06_mRNA10087	Lampan_Lpan_C398731_01	64.0	S	0.0
HoiH06_mRNA10087	Saldol_EP00054_Salpingoeca_dolichothecata_P036250	64.0	S	0.0
HoiH06_mRNA10087	Salpun_EP00053_Salpingoeca_punica_P004050	64.0	S	0.0
HoiH06_mRNA10087	Salmac_EP00052_Salpingoeca_macrocollata_P026819	64.0	S	0.0
HoiH06_mRNA10087	Vmul_SimC381352	64.0	S	0.0
HoiH06_mRNA10087	Aque_Aqu2.1.32225_001	64.0	S	0.0
HoiH06_mRNA10087	Codhol_EP00042_Codosiga_hollandica_P024950	64.0	S	0.0
HoiH06_mRNA10087	Mertsp_Mesp_sb553838	64.0	S	0.0
HoiH06_mRNA10087	Drygla_Dgla_sb276143	64.0	S	0.0
HoiH06_mRNA10087	Codhol_EP00042_Codosiga_hollandica_P024951	64.0	S	0.0
HoiH06_mRNA10087	Microa_EP00043_Microstomoeca_roanoka_P007259	64.0	S	0.0
HoiH06_mRNA10087	Gracom_Gcom_C539660_01	64.0	S	0.0
HoiH06_mRNA10087	Mertsp_Mesp_sb553836	64.0	S	0.0
HoiH06_mRNA10087	Chofle_EP00730_Choanoeca_flexa_P006617	64.0	S	0.0
HoiH06_mRNA10087	Salmac_EP00052_Salpingoeca_macrocollata_P026817	64.0	S	0.0
HoiH06_mRNA10087	Bolinf_Binf_sb1185909	64.0	S	0.0
HoiH06_mRNA10087	Scil_scict008928.1	64.0	S	0.0
HoiH06_mRNA10087	Salurc_EP00051_Salpingoeca_urceolata_P028889	64.0	S	0.0
HoiH06_mRNA10087	Lcom_lcpid116789	64.0	S	0.0
HoiH06_mRNA10087	Choper_EP00045_Choanoeca_perplexa_P001888	64.0	S	0.0
HoiH06_mRNA10087	Sros_EGD76602	64.0	S	0.0
HoiH06_mRNA10087	Lcom_lcpid84878	64.0	S	0.0
HoiH06_mRNA10087	Salinf_EP00049_Salpingoeca_infusionum_P007349	64.0	S	0.0
HoiH06_mRNA10087	Mlei_ML0852.g6.i1	64.0	S	0.0
HoiH06_mRNA10087	Opea_EP00118_Oscarella_pearsei_P005433	64.0	S	0.0
Spis_XP_022796248_1	Mertsp_Mesp_sb553837	64.0	S	0.0
Spis_XP_022796248_1	Chofle_EP00730_Choanoeca_flexa_P006614	64.0	S	0.0
Spis_XP_022796248_1	Coemet_Cmet_C579352_01	64.0	S	0.0
Spis_XP_022796248_1	Beraby_Baby_sb331377	64.0	S	0.0
Spis_XP_022796248_1	Saldol_EP00054_Salpingoeca_dolichothecata_P036249	64.0	S	0.0
Spis_XP_022796248_1	Codhol_EP00042_Codosiga_hollandica_P030220	64.0	S	0.0
Spis_XP_022796248_1	Drygla_Dgla_sb276142	64.0	S	0.0
Spis_XP_022796248_1	Pbac_sb2645060	64.0	S	0.0
Spis_XP_022796248_1	Leuniv_Lniv_C809604_01	64.0	S	0.0
Spis_XP_022796248_1	Lampan_Lpan_C398731_01	64.0	S	0.0
Spis_XP_022796248_1	Saldol_EP00054_Salpingoeca_dolichothecata_P036250	64.0	S	0.0
Spis_XP_022796248_1	Salpun_EP00053_Salpingoeca_punica_P004050	64.0	S	0.0
Spis_XP_022796248_1	Salmac_EP00052_Salpingoeca_macrocollata_P026819	64.0	S	0.0
Spis_XP_022796248_1	Vmul_SimC381352	64.0	S	0.0
Spis_XP_022796248_1	Aque_Aqu2.1.32225_001	64.0	S	0.0
Spis_XP_022796248_1	Codhol_EP00042_Codosiga_hollandica_P024950	64.0	S	0.0
Spis_XP_022796248_1	Mertsp_Mesp_sb553838	64.0	S	0.0
Spis_XP_022796248_1	Drygla_Dgla_sb276143	64.0	S	0.0
Spis_XP_022796248_1	Codhol_EP00042_Codosiga_hollandica_P024951	64.0	S	0.0
Spis_XP_022796248_1	Microa_EP00043_Microstomoeca_roanoka_P007259	64.0	S	0.0
Spis_XP_022796248_1	Gracom_Gcom_C539660_01	64.0	S	0.0
Spis_XP_022796248_1	Mertsp_Mesp_sb553836	64.0	S	0.0
Spis_XP_022796248_1	Chofle_EP00730_Choanoeca_flexa_P006617	64.0	S	0.0
Spis_XP_022796248_1	Salmac_EP00052_Salpingoeca_macrocollata_P026817	64.0	S	0.0
Spis_XP_022796248_1	Bolinf_Binf_sb1185909	64.0	S	0.0
Spis_XP_022796248_1	Scil_scict008928.1	64.0	S	0.0
Spis_XP_022796248_1	Salurc_EP00051_Salpingoeca_urceolata_P028889	64.0	S	0.0
Spis_XP_022796248_1	Lcom_lcpid116789	64.0	S	0.0
Spis_XP_022796248_1	Choper_EP00045_Choanoeca_perplexa_P001888	64.0	S	0.0
Spis_XP_022796248_1	Sros_EGD76602	64.0	S	0.0
Spis_XP_022796248_1	Lcom_lcpid84878	64.0	S	0.0
Spis_XP_022796248_1	Salinf_EP00049_Salpingoeca_infusionum_P007349	64.0	S	0.0
Spis_XP_022796248_1	Mlei_ML0852.g6.i1	64.0	S	0.0
Spis_XP_022796248_1	Opea_EP00118_Oscarella_pearsei_P005433	64.0	S	0.0
Acagra_model.g26730.t1	Mertsp_Mesp_sb553837	64.0	S	0.0
Acagra_model.g26730.t1	Chofle_EP00730_Choanoeca_flexa_P006614	64.0	S	0.0
Acagra_model.g26730.t1	Coemet_Cmet_C579352_01	64.0	S	0.0
Acagra_model.g26730.t1	Beraby_Baby_sb331377	64.0	S	0.0
Acagra_model.g26730.t1	Saldol_EP00054_Salpingoeca_dolichothecata_P036249	64.0	S	0.0
Acagra_model.g26730.t1	Codhol_EP00042_Codosiga_hollandica_P030220	64.0	S	0.0
Acagra_model.g26730.t1	Drygla_Dgla_sb276142	64.0	S	0.0
Acagra_model.g26730.t1	Pbac_sb2645060	64.0	S	0.0
Acagra_model.g26730.t1	Leuniv_Lniv_C809604_01	64.0	S	0.0
Acagra_model.g26730.t1	Lampan_Lpan_C398731_01	64.0	S	0.0
Acagra_model.g26730.t1	Saldol_EP00054_Salpingoeca_dolichothecata_P036250	64.0	S	0.0
Acagra_model.g26730.t1	Salpun_EP00053_Salpingoeca_punica_P004050	64.0	S	0.0
Acagra_model.g26730.t1	Salmac_EP00052_Salpingoeca_macrocollata_P026819	64.0	S	0.0
Acagra_model.g26730.t1	Vmul_SimC381352	64.0	S	0.0
Acagra_model.g26730.t1	Aque_Aqu2.1.32225_001	64.0	S	0.0
Acagra_model.g26730.t1	Codhol_EP00042_Codosiga_hollandica_P024950	64.0	S	0.0
Acagra_model.g26730.t1	Mertsp_Mesp_sb553838	64.0	S	0.0
Acagra_model.g26730.t1	Drygla_Dgla_sb276143	64.0	S	0.0
Acagra_model.g26730.t1	Codhol_EP00042_Codosiga_hollandica_P024951	64.0	S	0.0
Acagra_model.g26730.t1	Microa_EP00043_Microstomoeca_roanoka_P007259	64.0	S	0.0
Acagra_model.g26730.t1	Gracom_Gcom_C539660_01	64.0	S	0.0
Acagra_model.g26730.t1	Mertsp_Mesp_sb553836	64.0	S	0.0
Acagra_model.g26730.t1	Chofle_EP00730_Choanoeca_flexa_P006617	64.0	S	0.0
Acagra_model.g26730.t1	Salmac_EP00052_Salpingoeca_macrocollata_P026817	64.0	S	0.0
Acagra_model.g26730.t1	Bolinf_Binf_sb1185909	64.0	S	0.0
Acagra_model.g26730.t1	Scil_scict008928.1	64.0	S	0.0
Acagra_model.g26730.t1	Salurc_EP00051_Salpingoeca_urceolata_P028889	64.0	S	0.0
Acagra_model.g26730.t1	Lcom_lcpid116789	64.0	S	0.0
Acagra_model.g26730.t1	Choper_EP00045_Choanoeca_perplexa_P001888	64.0	S	0.0
Acagra_model.g26730.t1	Sros_EGD76602	64.0	S	0.0
Acagra_model.g26730.t1	Lcom_lcpid84878	64.0	S	0.0
Acagra_model.g26730.t1	Salinf_EP00049_Salpingoeca_infusionum_P007349	64.0	S	0.0
Acagra_model.g26730.t1	Mlei_ML0852.g6.i1	64.0	S	0.0
Acagra_model.g26730.t1	Opea_EP00118_Oscarella_pearsei_P005433	64.0	S	0.0
Exapal_XM_021036546.2	Mertsp_Mesp_sb553837	64.0	S	0.0
Exapal_XM_021036546.2	Chofle_EP00730_Choanoeca_flexa_P006614	64.0	S	0.0
Exapal_XM_021036546.2	Coemet_Cmet_C579352_01	64.0	S	0.0
Exapal_XM_021036546.2	Beraby_Baby_sb331377	64.0	S	0.0
Exapal_XM_021036546.2	Saldol_EP00054_Salpingoeca_dolichothecata_P036249	64.0	S	0.0
Exapal_XM_021036546.2	Codhol_EP00042_Codosiga_hollandica_P030220	64.0	S	0.0
Exapal_XM_021036546.2	Drygla_Dgla_sb276142	64.0	S	0.0
Exapal_XM_021036546.2	Pbac_sb2645060	64.0	S	0.0
Exapal_XM_021036546.2	Leuniv_Lniv_C809604_01	64.0	S	0.0
Exapal_XM_021036546.2	Lampan_Lpan_C398731_01	64.0	S	0.0
Exapal_XM_021036546.2	Saldol_EP00054_Salpingoeca_dolichothecata_P036250	64.0	S	0.0
Exapal_XM_021036546.2	Salpun_EP00053_Salpingoeca_punica_P004050	64.0	S	0.0
Exapal_XM_021036546.2	Salmac_EP00052_Salpingoeca_macrocollata_P026819	64.0	S	0.0
Exapal_XM_021036546.2	Vmul_SimC381352	64.0	S	0.0
Exapal_XM_021036546.2	Aque_Aqu2.1.32225_001	64.0	S	0.0
Exapal_XM_021036546.2	Codhol_EP00042_Codosiga_hollandica_P024950	64.0	S	0.0
Exapal_XM_021036546.2	Mertsp_Mesp_sb553838	64.0	S	0.0
Exapal_XM_021036546.2	Drygla_Dgla_sb276143	64.0	S	0.0
Exapal_XM_021036546.2	Codhol_EP00042_Codosiga_hollandica_P024951	64.0	S	0.0
Exapal_XM_021036546.2	Microa_EP00043_Microstomoeca_roanoka_P007259	64.0	S	0.0
Exapal_XM_021036546.2	Gracom_Gcom_C539660_01	64.0	S	0.0
Exapal_XM_021036546.2	Mertsp_Mesp_sb553836	64.0	S	0.0
Exapal_XM_021036546.2	Chofle_EP00730_Choanoeca_flexa_P006617	64.0	S	0.0
Exapal_XM_021036546.2	Salmac_EP00052_Salpingoeca_macrocollata_P026817	64.0	S	0.0
Exapal_XM_021036546.2	Bolinf_Binf_sb1185909	64.0	S	0.0
Exapal_XM_021036546.2	Scil_scict008928.1	64.0	S	0.0
Exapal_XM_021036546.2	Salurc_EP00051_Salpingoeca_urceolata_P028889	64.0	S	0.0
Exapal_XM_021036546.2	Lcom_lcpid116789	64.0	S	0.0
Exapal_XM_021036546.2	Choper_EP00045_Choanoeca_perplexa_P001888	64.0	S	0.0
Exapal_XM_021036546.2	Sros_EGD76602	64.0	S	0.0
Exapal_XM_021036546.2	Lcom_lcpid84878	64.0	S	0.0
Exapal_XM_021036546.2	Salinf_EP00049_Salpingoeca_infusionum_P007349	64.0	S	0.0
Exapal_XM_021036546.2	Mlei_ML0852.g6.i1	64.0	S	0.0
Exapal_XM_021036546.2	Opea_EP00118_Oscarella_pearsei_P005433	64.0	S	0.0
HoiH23_PlH23_000735-RA	Mertsp_Mesp_sb553837	64.0	S	0.0
HoiH23_PlH23_000735-RA	Chofle_EP00730_Choanoeca_flexa_P006614	64.0	S	0.0
HoiH23_PlH23_000735-RA	Coemet_Cmet_C579352_01	64.0	S	0.0
HoiH23_PlH23_000735-RA	Beraby_Baby_sb331377	64.0	S	0.0
HoiH23_PlH23_000735-RA	Saldol_EP00054_Salpingoeca_dolichothecata_P036249	64.0	S	0.0
HoiH23_PlH23_000735-RA	Codhol_EP00042_Codosiga_hollandica_P030220	64.0	S	0.0
HoiH23_PlH23_000735-RA	Drygla_Dgla_sb276142	64.0	S	0.0
HoiH23_PlH23_000735-RA	Pbac_sb2645060	64.0	S	0.0
HoiH23_PlH23_000735-RA	Leuniv_Lniv_C809604_01	64.0	S	0.0
HoiH23_PlH23_000735-RA	Lampan_Lpan_C398731_01	64.0	S	0.0
HoiH23_PlH23_000735-RA	Saldol_EP00054_Salpingoeca_dolichothecata_P036250	64.0	S	0.0
HoiH23_PlH23_000735-RA	Salpun_EP00053_Salpingoeca_punica_P004050	64.0	S	0.0
HoiH23_PlH23_000735-RA	Salmac_EP00052_Salpingoeca_macrocollata_P026819	64.0	S	0.0
HoiH23_PlH23_000735-RA	Vmul_SimC381352	64.0	S	0.0
HoiH23_PlH23_000735-RA	Aque_Aqu2.1.32225_001	64.0	S	0.0
HoiH23_PlH23_000735-RA	Codhol_EP00042_Codosiga_hollandica_P024950	64.0	S	0.0
HoiH23_PlH23_000735-RA	Mertsp_Mesp_sb553838	64.0	S	0.0
HoiH23_PlH23_000735-RA	Drygla_Dgla_sb276143	64.0	S	0.0
HoiH23_PlH23_000735-RA	Codhol_EP00042_Codosiga_hollandica_P024951	64.0	S	0.0
HoiH23_PlH23_000735-RA	Microa_EP00043_Microstomoeca_roanoka_P007259	64.0	S	0.0
HoiH23_PlH23_000735-RA	Gracom_Gcom_C539660_01	64.0	S	0.0
HoiH23_PlH23_000735-RA	Mertsp_Mesp_sb553836	64.0	S	0.0
HoiH23_PlH23_000735-RA	Chofle_EP00730_Choanoeca_flexa_P006617	64.0	S	0.0
HoiH23_PlH23_000735-RA	Salmac_EP00052_Salpingoeca_macrocollata_P026817	64.0	S	0.0
HoiH23_PlH23_000735-RA	Bolinf_Binf_sb1185909	64.0	S	0.0
HoiH23_PlH23_000735-RA	Scil_scict008928.1	64.0	S	0.0
HoiH23_PlH23_000735-RA	Salurc_EP00051_Salpingoeca_urceolata_P028889	64.0	S	0.0
HoiH23_PlH23_000735-RA	Lcom_lcpid116789	64.0	S	0.0
HoiH23_PlH23_000735-RA	Choper_EP00045_Choanoeca_perplexa_P001888	64.0	S	0.0
HoiH23_PlH23_000735-RA	Sros_EGD76602	64.0	S	0.0
HoiH23_PlH23_000735-RA	Lcom_lcpid84878	64.0	S	0.0
HoiH23_PlH23_000735-RA	Salinf_EP00049_Salpingoeca_infusionum_P007349	64.0	S	0.0
HoiH23_PlH23_000735-RA	Mlei_ML0852.g6.i1	64.0	S	0.0
HoiH23_PlH23_000735-RA	Opea_EP00118_Oscarella_pearsei_P005433	64.0	S	0.0
Rhoesc_Res_004980-T1	Mertsp_Mesp_sb553837	64.0	S	0.0
Rhoesc_Res_004980-T1	Chofle_EP00730_Choanoeca_flexa_P006614	64.0	S	0.0
Rhoesc_Res_004980-T1	Coemet_Cmet_C579352_01	64.0	S	0.0
Rhoesc_Res_004980-T1	Beraby_Baby_sb331377	64.0	S	0.0
Rhoesc_Res_004980-T1	Saldol_EP00054_Salpingoeca_dolichothecata_P036249	64.0	S	0.0
Rhoesc_Res_004980-T1	Codhol_EP00042_Codosiga_hollandica_P030220	64.0	S	0.0
Rhoesc_Res_004980-T1	Drygla_Dgla_sb276142	64.0	S	0.0
Rhoesc_Res_004980-T1	Pbac_sb2645060	64.0	S	0.0
Rhoesc_Res_004980-T1	Leuniv_Lniv_C809604_01	64.0	S	0.0
Rhoesc_Res_004980-T1	Lampan_Lpan_C398731_01	64.0	S	0.0
Rhoesc_Res_004980-T1	Saldol_EP00054_Salpingoeca_dolichothecata_P036250	64.0	S	0.0
Rhoesc_Res_004980-T1	Salpun_EP00053_Salpingoeca_punica_P004050	64.0	S	0.0
Rhoesc_Res_004980-T1	Salmac_EP00052_Salpingoeca_macrocollata_P026819	64.0	S	0.0
Rhoesc_Res_004980-T1	Vmul_SimC381352	64.0	S	0.0
Rhoesc_Res_004980-T1	Aque_Aqu2.1.32225_001	64.0	S	0.0
Rhoesc_Res_004980-T1	Codhol_EP00042_Codosiga_hollandica_P024950	64.0	S	0.0
Rhoesc_Res_004980-T1	Mertsp_Mesp_sb553838	64.0	S	0.0
Rhoesc_Res_004980-T1	Drygla_Dgla_sb276143	64.0	S	0.0
Rhoesc_Res_004980-T1	Codhol_EP00042_Codosiga_hollandica_P024951	64.0	S	0.0
Rhoesc_Res_004980-T1	Microa_EP00043_Microstomoeca_roanoka_P007259	64.0	S	0.0
Rhoesc_Res_004980-T1	Gracom_Gcom_C539660_01	64.0	S	0.0
Rhoesc_Res_004980-T1	Mertsp_Mesp_sb553836	64.0	S	0.0
Rhoesc_Res_004980-T1	Chofle_EP00730_Choanoeca_flexa_P006617	64.0	S	0.0
Rhoesc_Res_004980-T1	Salmac_EP00052_Salpingoeca_macrocollata_P026817	64.0	S	0.0
Rhoesc_Res_004980-T1	Bolinf_Binf_sb1185909	64.0	S	0.0
Rhoesc_Res_004980-T1	Scil_scict008928.1	64.0	S	0.0
Rhoesc_Res_004980-T1	Salurc_EP00051_Salpingoeca_urceolata_P028889	64.0	S	0.0
Rhoesc_Res_004980-T1	Lcom_lcpid116789	64.0	S	0.0
Rhoesc_Res_004980-T1	Choper_EP00045_Choanoeca_perplexa_P001888	64.0	S	0.0
Rhoesc_Res_004980-T1	Sros_EGD76602	64.0	S	0.0
Rhoesc_Res_004980-T1	Lcom_lcpid84878	64.0	S	0.0
Rhoesc_Res_004980-T1	Salinf_EP00049_Salpingoeca_infusionum_P007349	64.0	S	0.0
Rhoesc_Res_004980-T1	Mlei_ML0852.g6.i1	64.0	S	0.0
Rhoesc_Res_004980-T1	Opea_EP00118_Oscarella_pearsei_P005433	64.0	S	0.0
Gasp_gasp1.m3.16605.m1	Mertsp_Mesp_sb553837	64.0	S	0.0
Gasp_gasp1.m3.16605.m1	Chofle_EP00730_Choanoeca_flexa_P006614	64.0	S	0.0
Gasp_gasp1.m3.16605.m1	Coemet_Cmet_C579352_01	64.0	S	0.0
Gasp_gasp1.m3.16605.m1	Beraby_Baby_sb331377	64.0	S	0.0
Gasp_gasp1.m3.16605.m1	Saldol_EP00054_Salpingoeca_dolichothecata_P036249	64.0	S	0.0
Gasp_gasp1.m3.16605.m1	Codhol_EP00042_Codosiga_hollandica_P030220	64.0	S	0.0
Gasp_gasp1.m3.16605.m1	Drygla_Dgla_sb276142	64.0	S	0.0
Gasp_gasp1.m3.16605.m1	Pbac_sb2645060	64.0	S	0.0
Gasp_gasp1.m3.16605.m1	Leuniv_Lniv_C809604_01	64.0	S	0.0
Gasp_gasp1.m3.16605.m1	Lampan_Lpan_C398731_01	64.0	S	0.0
Gasp_gasp1.m3.16605.m1	Saldol_EP00054_Salpingoeca_dolichothecata_P036250	64.0	S	0.0
Gasp_gasp1.m3.16605.m1	Salpun_EP00053_Salpingoeca_punica_P004050	64.0	S	0.0
Gasp_gasp1.m3.16605.m1	Salmac_EP00052_Salpingoeca_macrocollata_P026819	64.0	S	0.0
Gasp_gasp1.m3.16605.m1	Vmul_SimC381352	64.0	S	0.0
Gasp_gasp1.m3.16605.m1	Aque_Aqu2.1.32225_001	64.0	S	0.0
Gasp_gasp1.m3.16605.m1	Codhol_EP00042_Codosiga_hollandica_P024950	64.0	S	0.0
Gasp_gasp1.m3.16605.m1	Mertsp_Mesp_sb553838	64.0	S	0.0
Gasp_gasp1.m3.16605.m1	Drygla_Dgla_sb276143	64.0	S	0.0
Gasp_gasp1.m3.16605.m1	Codhol_EP00042_Codosiga_hollandica_P024951	64.0	S	0.0
Gasp_gasp1.m3.16605.m1	Microa_EP00043_Microstomoeca_roanoka_P007259	64.0	S	0.0
Gasp_gasp1.m3.16605.m1	Gracom_Gcom_C539660_01	64.0	S	0.0
Gasp_gasp1.m3.16605.m1	Mertsp_Mesp_sb553836	64.0	S	0.0
Gasp_gasp1.m3.16605.m1	Chofle_EP00730_Choanoeca_flexa_P006617	64.0	S	0.0
Gasp_gasp1.m3.16605.m1	Salmac_EP00052_Salpingoeca_macrocollata_P026817	64.0	S	0.0
Gasp_gasp1.m3.16605.m1	Bolinf_Binf_sb1185909	64.0	S	0.0
Gasp_gasp1.m3.16605.m1	Scil_scict008928.1	64.0	S	0.0
Gasp_gasp1.m3.16605.m1	Salurc_EP00051_Salpingoeca_urceolata_P028889	64.0	S	0.0
Gasp_gasp1.m3.16605.m1	Lcom_lcpid116789	64.0	S	0.0
Gasp_gasp1.m3.16605.m1	Choper_EP00045_Choanoeca_perplexa_P001888	64.0	S	0.0
Gasp_gasp1.m3.16605.m1	Sros_EGD76602	64.0	S	0.0
Gasp_gasp1.m3.16605.m1	Lcom_lcpid84878	64.0	S	0.0
Gasp_gasp1.m3.16605.m1	Salinf_EP00049_Salpingoeca_infusionum_P007349	64.0	S	0.0
Gasp_gasp1.m3.16605.m1	Mlei_ML0852.g6.i1	64.0	S	0.0
Gasp_gasp1.m3.16605.m1	Opea_EP00118_Oscarella_pearsei_P005433	64.0	S	0.0
Hhon_g04510.t1	Mertsp_Mesp_sb553837	64.0	S	0.0
Hhon_g04510.t1	Chofle_EP00730_Choanoeca_flexa_P006614	64.0	S	0.0
Hhon_g04510.t1	Coemet_Cmet_C579352_01	64.0	S	0.0
Hhon_g04510.t1	Beraby_Baby_sb331377	64.0	S	0.0
Hhon_g04510.t1	Saldol_EP00054_Salpingoeca_dolichothecata_P036249	64.0	S	0.0
Hhon_g04510.t1	Codhol_EP00042_Codosiga_hollandica_P030220	64.0	S	0.0
Hhon_g04510.t1	Drygla_Dgla_sb276142	64.0	S	0.0
Hhon_g04510.t1	Pbac_sb2645060	64.0	S	0.0
Hhon_g04510.t1	Leuniv_Lniv_C809604_01	64.0	S	0.0
Hhon_g04510.t1	Lampan_Lpan_C398731_01	64.0	S	0.0
Hhon_g04510.t1	Saldol_EP00054_Salpingoeca_dolichothecata_P036250	64.0	S	0.0
Hhon_g04510.t1	Salpun_EP00053_Salpingoeca_punica_P004050	64.0	S	0.0
Hhon_g04510.t1	Salmac_EP00052_Salpingoeca_macrocollata_P026819	64.0	S	0.0
Hhon_g04510.t1	Vmul_SimC381352	64.0	S	0.0
Hhon_g04510.t1	Aque_Aqu2.1.32225_001	64.0	S	0.0
Hhon_g04510.t1	Codhol_EP00042_Codosiga_hollandica_P024950	64.0	S	0.0
Hhon_g04510.t1	Mertsp_Mesp_sb553838	64.0	S	0.0
Hhon_g04510.t1	Drygla_Dgla_sb276143	64.0	S	0.0
Hhon_g04510.t1	Codhol_EP00042_Codosiga_hollandica_P024951	64.0	S	0.0
Hhon_g04510.t1	Microa_EP00043_Microstomoeca_roanoka_P007259	64.0	S	0.0
Hhon_g04510.t1	Gracom_Gcom_C539660_01	64.0	S	0.0
Hhon_g04510.t1	Mertsp_Mesp_sb553836	64.0	S	0.0
Hhon_g04510.t1	Chofle_EP00730_Choanoeca_flexa_P006617	64.0	S	0.0
Hhon_g04510.t1	Salmac_EP00052_Salpingoeca_macrocollata_P026817	64.0	S	0.0
Hhon_g04510.t1	Bolinf_Binf_sb1185909	64.0	S	0.0
Hhon_g04510.t1	Scil_scict008928.1	64.0	S	0.0
Hhon_g04510.t1	Salurc_EP00051_Salpingoeca_urceolata_P028889	64.0	S	0.0
Hhon_g04510.t1	Lcom_lcpid116789	64.0	S	0.0
Hhon_g04510.t1	Choper_EP00045_Choanoeca_perplexa_P001888	64.0	S	0.0
Hhon_g04510.t1	Sros_EGD76602	64.0	S	0.0
Hhon_g04510.t1	Lcom_lcpid84878	64.0	S	0.0
Hhon_g04510.t1	Salinf_EP00049_Salpingoeca_infusionum_P007349	64.0	S	0.0
Hhon_g04510.t1	Mlei_ML0852.g6.i1	64.0	S	0.0
Hhon_g04510.t1	Opea_EP00118_Oscarella_pearsei_P005433	64.0	S	0.0
Skow_XM_006813920.1	Mertsp_Mesp_sb553837	64.0	S	0.0
Skow_XM_006813920.1	Chofle_EP00730_Choanoeca_flexa_P006614	64.0	S	0.0
Skow_XM_006813920.1	Coemet_Cmet_C579352_01	64.0	S	0.0
Skow_XM_006813920.1	Beraby_Baby_sb331377	64.0	S	0.0
Skow_XM_006813920.1	Saldol_EP00054_Salpingoeca_dolichothecata_P036249	64.0	S	0.0
Skow_XM_006813920.1	Codhol_EP00042_Codosiga_hollandica_P030220	64.0	S	0.0
Skow_XM_006813920.1	Drygla_Dgla_sb276142	64.0	S	0.0
Skow_XM_006813920.1	Pbac_sb2645060	64.0	S	0.0
Skow_XM_006813920.1	Leuniv_Lniv_C809604_01	64.0	S	0.0
Skow_XM_006813920.1	Lampan_Lpan_C398731_01	64.0	S	0.0
Skow_XM_006813920.1	Saldol_EP00054_Salpingoeca_dolichothecata_P036250	64.0	S	0.0
Skow_XM_006813920.1	Salpun_EP00053_Salpingoeca_punica_P004050	64.0	S	0.0
Skow_XM_006813920.1	Salmac_EP00052_Salpingoeca_macrocollata_P026819	64.0	S	0.0
Skow_XM_006813920.1	Vmul_SimC381352	64.0	S	0.0
Skow_XM_006813920.1	Aque_Aqu2.1.32225_001	64.0	S	0.0
Skow_XM_006813920.1	Codhol_EP00042_Codosiga_hollandica_P024950	64.0	S	0.0
Skow_XM_006813920.1	Mertsp_Mesp_sb553838	64.0	S	0.0
Skow_XM_006813920.1	Drygla_Dgla_sb276143	64.0	S	0.0
Skow_XM_006813920.1	Codhol_EP00042_Codosiga_hollandica_P024951	64.0	S	0.0
Skow_XM_006813920.1	Microa_EP00043_Microstomoeca_roanoka_P007259	64.0	S	0.0
Skow_XM_006813920.1	Gracom_Gcom_C539660_01	64.0	S	0.0
Skow_XM_006813920.1	Mertsp_Mesp_sb553836	64.0	S	0.0
Skow_XM_006813920.1	Chofle_EP00730_Choanoeca_flexa_P006617	64.0	S	0.0
Skow_XM_006813920.1	Salmac_EP00052_Salpingoeca_macrocollata_P026817	64.0	S	0.0
Skow_XM_006813920.1	Bolinf_Binf_sb1185909	64.0	S	0.0
Skow_XM_006813920.1	Scil_scict008928.1	64.0	S	0.0
Skow_XM_006813920.1	Salurc_EP00051_Salpingoeca_urceolata_P028889	64.0	S	0.0
Skow_XM_006813920.1	Lcom_lcpid116789	64.0	S	0.0
Skow_XM_006813920.1	Choper_EP00045_Choanoeca_perplexa_P001888	64.0	S	0.0
Skow_XM_006813920.1	Sros_EGD76602	64.0	S	0.0
Skow_XM_006813920.1	Lcom_lcpid84878	64.0	S	0.0
Skow_XM_006813920.1	Salinf_EP00049_Salpingoeca_infusionum_P007349	64.0	S	0.0
Skow_XM_006813920.1	Mlei_ML0852.g6.i1	64.0	S	0.0
Skow_XM_006813920.1	Opea_EP00118_Oscarella_pearsei_P005433	64.0	S	0.0
Xesp_000472-T1	Mertsp_Mesp_sb553837	64.0	S	0.0
Xesp_000472-T1	Chofle_EP00730_Choanoeca_flexa_P006614	64.0	S	0.0
Xesp_000472-T1	Coemet_Cmet_C579352_01	64.0	S	0.0
Xesp_000472-T1	Beraby_Baby_sb331377	64.0	S	0.0
Xesp_000472-T1	Saldol_EP00054_Salpingoeca_dolichothecata_P036249	64.0	S	0.0
Xesp_000472-T1	Codhol_EP00042_Codosiga_hollandica_P030220	64.0	S	0.0
Xesp_000472-T1	Drygla_Dgla_sb276142	64.0	S	0.0
Xesp_000472-T1	Pbac_sb2645060	64.0	S	0.0
Xesp_000472-T1	Leuniv_Lniv_C809604_01	64.0	S	0.0
Xesp_000472-T1	Lampan_Lpan_C398731_01	64.0	S	0.0
Xesp_000472-T1	Saldol_EP00054_Salpingoeca_dolichothecata_P036250	64.0	S	0.0
Xesp_000472-T1	Salpun_EP00053_Salpingoeca_punica_P004050	64.0	S	0.0
Xesp_000472-T1	Salmac_EP00052_Salpingoeca_macrocollata_P026819	64.0	S	0.0
Xesp_000472-T1	Vmul_SimC381352	64.0	S	0.0
Xesp_000472-T1	Aque_Aqu2.1.32225_001	64.0	S	0.0
Xesp_000472-T1	Codhol_EP00042_Codosiga_hollandica_P024950	64.0	S	0.0
Xesp_000472-T1	Mertsp_Mesp_sb553838	64.0	S	0.0
Xesp_000472-T1	Drygla_Dgla_sb276143	64.0	S	0.0
Xesp_000472-T1	Codhol_EP00042_Codosiga_hollandica_P024951	64.0	S	0.0
Xesp_000472-T1	Microa_EP00043_Microstomoeca_roanoka_P007259	64.0	S	0.0
Xesp_000472-T1	Gracom_Gcom_C539660_01	64.0	S	0.0
Xesp_000472-T1	Mertsp_Mesp_sb553836	64.0	S	0.0
Xesp_000472-T1	Chofle_EP00730_Choanoeca_flexa_P006617	64.0	S	0.0
Xesp_000472-T1	Salmac_EP00052_Salpingoeca_macrocollata_P026817	64.0	S	0.0
Xesp_000472-T1	Bolinf_Binf_sb1185909	64.0	S	0.0
Xesp_000472-T1	Scil_scict008928.1	64.0	S	0.0
Xesp_000472-T1	Salurc_EP00051_Salpingoeca_urceolata_P028889	64.0	S	0.0
Xesp_000472-T1	Lcom_lcpid116789	64.0	S	0.0
Xesp_000472-T1	Choper_EP00045_Choanoeca_perplexa_P001888	64.0	S	0.0
Xesp_000472-T1	Sros_EGD76602	64.0	S	0.0
Xesp_000472-T1	Lcom_lcpid84878	64.0	S	0.0
Xesp_000472-T1	Salinf_EP00049_Salpingoeca_infusionum_P007349	64.0	S	0.0
Xesp_000472-T1	Mlei_ML0852.g6.i1	64.0	S	0.0
Xesp_000472-T1	Opea_EP00118_Oscarella_pearsei_P005433	64.0	S	0.0
Cgig_XM_034452714.1	Mertsp_Mesp_sb553837	64.0	S	0.0
Cgig_XM_034452714.1	Chofle_EP00730_Choanoeca_flexa_P006614	64.0	S	0.0
Cgig_XM_034452714.1	Coemet_Cmet_C579352_01	64.0	S	0.0
Cgig_XM_034452714.1	Beraby_Baby_sb331377	64.0	S	0.0
Cgig_XM_034452714.1	Saldol_EP00054_Salpingoeca_dolichothecata_P036249	64.0	S	0.0
Cgig_XM_034452714.1	Codhol_EP00042_Codosiga_hollandica_P030220	64.0	S	0.0
Cgig_XM_034452714.1	Drygla_Dgla_sb276142	64.0	S	0.0
Cgig_XM_034452714.1	Pbac_sb2645060	64.0	S	0.0
Cgig_XM_034452714.1	Leuniv_Lniv_C809604_01	64.0	S	0.0
Cgig_XM_034452714.1	Lampan_Lpan_C398731_01	64.0	S	0.0
Cgig_XM_034452714.1	Saldol_EP00054_Salpingoeca_dolichothecata_P036250	64.0	S	0.0
Cgig_XM_034452714.1	Salpun_EP00053_Salpingoeca_punica_P004050	64.0	S	0.0
Cgig_XM_034452714.1	Salmac_EP00052_Salpingoeca_macrocollata_P026819	64.0	S	0.0
Cgig_XM_034452714.1	Vmul_SimC381352	64.0	S	0.0
Cgig_XM_034452714.1	Aque_Aqu2.1.32225_001	64.0	S	0.0
Cgig_XM_034452714.1	Codhol_EP00042_Codosiga_hollandica_P024950	64.0	S	0.0
Cgig_XM_034452714.1	Mertsp_Mesp_sb553838	64.0	S	0.0
Cgig_XM_034452714.1	Drygla_Dgla_sb276143	64.0	S	0.0
Cgig_XM_034452714.1	Codhol_EP00042_Codosiga_hollandica_P024951	64.0	S	0.0
Cgig_XM_034452714.1	Microa_EP00043_Microstomoeca_roanoka_P007259	64.0	S	0.0
Cgig_XM_034452714.1	Gracom_Gcom_C539660_01	64.0	S	0.0
Cgig_XM_034452714.1	Mertsp_Mesp_sb553836	64.0	S	0.0
Cgig_XM_034452714.1	Chofle_EP00730_Choanoeca_flexa_P006617	64.0	S	0.0
Cgig_XM_034452714.1	Salmac_EP00052_Salpingoeca_macrocollata_P026817	64.0	S	0.0
Cgig_XM_034452714.1	Bolinf_Binf_sb1185909	64.0	S	0.0
Cgig_XM_034452714.1	Scil_scict008928.1	64.0	S	0.0
Cgig_XM_034452714.1	Salurc_EP00051_Salpingoeca_urceolata_P028889	64.0	S	0.0
Cgig_XM_034452714.1	Lcom_lcpid116789	64.0	S	0.0
Cgig_XM_034452714.1	Choper_EP00045_Choanoeca_perplexa_P001888	64.0	S	0.0
Cgig_XM_034452714.1	Sros_EGD76602	64.0	S	0.0
Cgig_XM_034452714.1	Lcom_lcpid84878	64.0	S	0.0
Cgig_XM_034452714.1	Salinf_EP00049_Salpingoeca_infusionum_P007349	64.0	S	0.0
Cgig_XM_034452714.1	Mlei_ML0852.g6.i1	64.0	S	0.0
Cgig_XM_034452714.1	Opea_EP00118_Oscarella_pearsei_P005433	64.0	S	0.0
Nemnom_g14616.t1	Mertsp_Mesp_sb553837	64.0	S	0.0
Nemnom_g14616.t1	Chofle_EP00730_Choanoeca_flexa_P006614	64.0	S	0.0
Nemnom_g14616.t1	Coemet_Cmet_C579352_01	64.0	S	0.0
Nemnom_g14616.t1	Beraby_Baby_sb331377	64.0	S	0.0
Nemnom_g14616.t1	Saldol_EP00054_Salpingoeca_dolichothecata_P036249	64.0	S	0.0
Nemnom_g14616.t1	Codhol_EP00042_Codosiga_hollandica_P030220	64.0	S	0.0
Nemnom_g14616.t1	Drygla_Dgla_sb276142	64.0	S	0.0
Nemnom_g14616.t1	Pbac_sb2645060	64.0	S	0.0
Nemnom_g14616.t1	Leuniv_Lniv_C809604_01	64.0	S	0.0
Nemnom_g14616.t1	Lampan_Lpan_C398731_01	64.0	S	0.0
Nemnom_g14616.t1	Saldol_EP00054_Salpingoeca_dolichothecata_P036250	64.0	S	0.0
Nemnom_g14616.t1	Salpun_EP00053_Salpingoeca_punica_P004050	64.0	S	0.0
Nemnom_g14616.t1	Salmac_EP00052_Salpingoeca_macrocollata_P026819	64.0	S	0.0
Nemnom_g14616.t1	Vmul_SimC381352	64.0	S	0.0
Nemnom_g14616.t1	Aque_Aqu2.1.32225_001	64.0	S	0.0
Nemnom_g14616.t1	Codhol_EP00042_Codosiga_hollandica_P024950	64.0	S	0.0
Nemnom_g14616.t1	Mertsp_Mesp_sb553838	64.0	S	0.0
Nemnom_g14616.t1	Drygla_Dgla_sb276143	64.0	S	0.0
Nemnom_g14616.t1	Codhol_EP00042_Codosiga_hollandica_P024951	64.0	S	0.0
Nemnom_g14616.t1	Microa_EP00043_Microstomoeca_roanoka_P007259	64.0	S	0.0
Nemnom_g14616.t1	Gracom_Gcom_C539660_01	64.0	S	0.0
Nemnom_g14616.t1	Mertsp_Mesp_sb553836	64.0	S	0.0
Nemnom_g14616.t1	Chofle_EP00730_Choanoeca_flexa_P006617	64.0	S	0.0
Nemnom_g14616.t1	Salmac_EP00052_Salpingoeca_macrocollata_P026817	64.0	S	0.0
Nemnom_g14616.t1	Bolinf_Binf_sb1185909	64.0	S	0.0
Nemnom_g14616.t1	Scil_scict008928.1	64.0	S	0.0
Nemnom_g14616.t1	Salurc_EP00051_Salpingoeca_urceolata_P028889	64.0	S	0.0
Nemnom_g14616.t1	Lcom_lcpid116789	64.0	S	0.0
Nemnom_g14616.t1	Choper_EP00045_Choanoeca_perplexa_P001888	64.0	S	0.0
Nemnom_g14616.t1	Sros_EGD76602	64.0	S	0.0
Nemnom_g14616.t1	Lcom_lcpid84878	64.0	S	0.0
Nemnom_g14616.t1	Salinf_EP00049_Salpingoeca_infusionum_P007349	64.0	S	0.0
Nemnom_g14616.t1	Mlei_ML0852.g6.i1	64.0	S	0.0
Nemnom_g14616.t1	Opea_EP00118_Oscarella_pearsei_P005433	64.0	S	0.0
Fspp_ffun1.m4.16904.m1	Mertsp_Mesp_sb553837	64.0	S	0.0
Fspp_ffun1.m4.16904.m1	Chofle_EP00730_Choanoeca_flexa_P006614	64.0	S	0.0
Fspp_ffun1.m4.16904.m1	Coemet_Cmet_C579352_01	64.0	S	0.0
Fspp_ffun1.m4.16904.m1	Beraby_Baby_sb331377	64.0	S	0.0
Fspp_ffun1.m4.16904.m1	Saldol_EP00054_Salpingoeca_dolichothecata_P036249	64.0	S	0.0
Fspp_ffun1.m4.16904.m1	Codhol_EP00042_Codosiga_hollandica_P030220	64.0	S	0.0
Fspp_ffun1.m4.16904.m1	Drygla_Dgla_sb276142	64.0	S	0.0
Fspp_ffun1.m4.16904.m1	Pbac_sb2645060	64.0	S	0.0
Fspp_ffun1.m4.16904.m1	Leuniv_Lniv_C809604_01	64.0	S	0.0
Fspp_ffun1.m4.16904.m1	Lampan_Lpan_C398731_01	64.0	S	0.0
Fspp_ffun1.m4.16904.m1	Saldol_EP00054_Salpingoeca_dolichothecata_P036250	64.0	S	0.0
Fspp_ffun1.m4.16904.m1	Salpun_EP00053_Salpingoeca_punica_P004050	64.0	S	0.0
Fspp_ffun1.m4.16904.m1	Salmac_EP00052_Salpingoeca_macrocollata_P026819	64.0	S	0.0
Fspp_ffun1.m4.16904.m1	Vmul_SimC381352	64.0	S	0.0
Fspp_ffun1.m4.16904.m1	Aque_Aqu2.1.32225_001	64.0	S	0.0
Fspp_ffun1.m4.16904.m1	Codhol_EP00042_Codosiga_hollandica_P024950	64.0	S	0.0
Fspp_ffun1.m4.16904.m1	Mertsp_Mesp_sb553838	64.0	S	0.0
Fspp_ffun1.m4.16904.m1	Drygla_Dgla_sb276143	64.0	S	0.0
Fspp_ffun1.m4.16904.m1	Codhol_EP00042_Codosiga_hollandica_P024951	64.0	S	0.0
Fspp_ffun1.m4.16904.m1	Microa_EP00043_Microstomoeca_roanoka_P007259	64.0	S	0.0
Fspp_ffun1.m4.16904.m1	Gracom_Gcom_C539660_01	64.0	S	0.0
Fspp_ffun1.m4.16904.m1	Mertsp_Mesp_sb553836	64.0	S	0.0
Fspp_ffun1.m4.16904.m1	Chofle_EP00730_Choanoeca_flexa_P006617	64.0	S	0.0
Fspp_ffun1.m4.16904.m1	Salmac_EP00052_Salpingoeca_macrocollata_P026817	64.0	S	0.0
Fspp_ffun1.m4.16904.m1	Bolinf_Binf_sb1185909	64.0	S	0.0
Fspp_ffun1.m4.16904.m1	Scil_scict008928.1	64.0	S	0.0
Fspp_ffun1.m4.16904.m1	Salurc_EP00051_Salpingoeca_urceolata_P028889	64.0	S	0.0
Fspp_ffun1.m4.16904.m1	Lcom_lcpid116789	64.0	S	0.0
Fspp_ffun1.m4.16904.m1	Choper_EP00045_Choanoeca_perplexa_P001888	64.0	S	0.0
Fspp_ffun1.m4.16904.m1	Sros_EGD76602	64.0	S	0.0
Fspp_ffun1.m4.16904.m1	Lcom_lcpid84878	64.0	S	0.0
Fspp_ffun1.m4.16904.m1	Salinf_EP00049_Salpingoeca_infusionum_P007349	64.0	S	0.0
Fspp_ffun1.m4.16904.m1	Mlei_ML0852.g6.i1	64.0	S	0.0
Fspp_ffun1.m4.16904.m1	Opea_EP00118_Oscarella_pearsei_P005433	64.0	S	0.0
Spis_XP_022796250_1	Mertsp_Mesp_sb553837	64.0	S	0.0
Spis_XP_022796250_1	Chofle_EP00730_Choanoeca_flexa_P006614	64.0	S	0.0
Spis_XP_022796250_1	Coemet_Cmet_C579352_01	64.0	S	0.0
Spis_XP_022796250_1	Beraby_Baby_sb331377	64.0	S	0.0
Spis_XP_022796250_1	Saldol_EP00054_Salpingoeca_dolichothecata_P036249	64.0	S	0.0
Spis_XP_022796250_1	Codhol_EP00042_Codosiga_hollandica_P030220	64.0	S	0.0
Spis_XP_022796250_1	Drygla_Dgla_sb276142	64.0	S	0.0
Spis_XP_022796250_1	Pbac_sb2645060	64.0	S	0.0
Spis_XP_022796250_1	Leuniv_Lniv_C809604_01	64.0	S	0.0
Spis_XP_022796250_1	Lampan_Lpan_C398731_01	64.0	S	0.0
Spis_XP_022796250_1	Saldol_EP00054_Salpingoeca_dolichothecata_P036250	64.0	S	0.0
Spis_XP_022796250_1	Salpun_EP00053_Salpingoeca_punica_P004050	64.0	S	0.0
Spis_XP_022796250_1	Salmac_EP00052_Salpingoeca_macrocollata_P026819	64.0	S	0.0
Spis_XP_022796250_1	Vmul_SimC381352	64.0	S	0.0
Spis_XP_022796250_1	Aque_Aqu2.1.32225_001	64.0	S	0.0
Spis_XP_022796250_1	Codhol_EP00042_Codosiga_hollandica_P024950	64.0	S	0.0
Spis_XP_022796250_1	Mertsp_Mesp_sb553838	64.0	S	0.0
Spis_XP_022796250_1	Drygla_Dgla_sb276143	64.0	S	0.0
Spis_XP_022796250_1	Codhol_EP00042_Codosiga_hollandica_P024951	64.0	S	0.0
Spis_XP_022796250_1	Microa_EP00043_Microstomoeca_roanoka_P007259	64.0	S	0.0
Spis_XP_022796250_1	Gracom_Gcom_C539660_01	64.0	S	0.0
Spis_XP_022796250_1	Mertsp_Mesp_sb553836	64.0	S	0.0
Spis_XP_022796250_1	Chofle_EP00730_Choanoeca_flexa_P006617	64.0	S	0.0
Spis_XP_022796250_1	Salmac_EP00052_Salpingoeca_macrocollata_P026817	64.0	S	0.0
Spis_XP_022796250_1	Bolinf_Binf_sb1185909	64.0	S	0.0
Spis_XP_022796250_1	Scil_scict008928.1	64.0	S	0.0
Spis_XP_022796250_1	Salurc_EP00051_Salpingoeca_urceolata_P028889	64.0	S	0.0
Spis_XP_022796250_1	Lcom_lcpid116789	64.0	S	0.0
Spis_XP_022796250_1	Choper_EP00045_Choanoeca_perplexa_P001888	64.0	S	0.0
Spis_XP_022796250_1	Sros_EGD76602	64.0	S	0.0
Spis_XP_022796250_1	Lcom_lcpid84878	64.0	S	0.0
Spis_XP_022796250_1	Salinf_EP00049_Salpingoeca_infusionum_P007349	64.0	S	0.0
Spis_XP_022796250_1	Mlei_ML0852.g6.i1	64.0	S	0.0
Spis_XP_022796250_1	Opea_EP00118_Oscarella_pearsei_P005433	64.0	S	0.0
Tcas_TC030670_002	Mertsp_Mesp_sb553837	64.0	S	0.0
Tcas_TC030670_002	Chofle_EP00730_Choanoeca_flexa_P006614	64.0	S	0.0
Tcas_TC030670_002	Coemet_Cmet_C579352_01	64.0	S	0.0
Tcas_TC030670_002	Beraby_Baby_sb331377	64.0	S	0.0
Tcas_TC030670_002	Saldol_EP00054_Salpingoeca_dolichothecata_P036249	64.0	S	0.0
Tcas_TC030670_002	Codhol_EP00042_Codosiga_hollandica_P030220	64.0	S	0.0
Tcas_TC030670_002	Drygla_Dgla_sb276142	64.0	S	0.0
Tcas_TC030670_002	Pbac_sb2645060	64.0	S	0.0
Tcas_TC030670_002	Leuniv_Lniv_C809604_01	64.0	S	0.0
Tcas_TC030670_002	Lampan_Lpan_C398731_01	64.0	S	0.0
Tcas_TC030670_002	Saldol_EP00054_Salpingoeca_dolichothecata_P036250	64.0	S	0.0
Tcas_TC030670_002	Salpun_EP00053_Salpingoeca_punica_P004050	64.0	S	0.0
Tcas_TC030670_002	Salmac_EP00052_Salpingoeca_macrocollata_P026819	64.0	S	0.0
Tcas_TC030670_002	Vmul_SimC381352	64.0	S	0.0
Tcas_TC030670_002	Aque_Aqu2.1.32225_001	64.0	S	0.0
Tcas_TC030670_002	Codhol_EP00042_Codosiga_hollandica_P024950	64.0	S	0.0
Tcas_TC030670_002	Mertsp_Mesp_sb553838	64.0	S	0.0
Tcas_TC030670_002	Drygla_Dgla_sb276143	64.0	S	0.0
Tcas_TC030670_002	Codhol_EP00042_Codosiga_hollandica_P024951	64.0	S	0.0
Tcas_TC030670_002	Microa_EP00043_Microstomoeca_roanoka_P007259	64.0	S	0.0
Tcas_TC030670_002	Gracom_Gcom_C539660_01	64.0	S	0.0
Tcas_TC030670_002	Mertsp_Mesp_sb553836	64.0	S	0.0
Tcas_TC030670_002	Chofle_EP00730_Choanoeca_flexa_P006617	64.0	S	0.0
Tcas_TC030670_002	Salmac_EP00052_Salpingoeca_macrocollata_P026817	64.0	S	0.0
Tcas_TC030670_002	Bolinf_Binf_sb1185909	64.0	S	0.0
Tcas_TC030670_002	Scil_scict008928.1	64.0	S	0.0
Tcas_TC030670_002	Salurc_EP00051_Salpingoeca_urceolata_P028889	64.0	S	0.0
Tcas_TC030670_002	Lcom_lcpid116789	64.0	S	0.0
Tcas_TC030670_002	Choper_EP00045_Choanoeca_perplexa_P001888	64.0	S	0.0
Tcas_TC030670_002	Sros_EGD76602	64.0	S	0.0
Tcas_TC030670_002	Lcom_lcpid84878	64.0	S	0.0
Tcas_TC030670_002	Salinf_EP00049_Salpingoeca_infusionum_P007349	64.0	S	0.0
Tcas_TC030670_002	Mlei_ML0852.g6.i1	64.0	S	0.0
Tcas_TC030670_002	Opea_EP00118_Oscarella_pearsei_P005433	64.0	S	0.0
Sanmal_Sma_005474-T1	Mertsp_Mesp_sb553837	64.0	S	0.0
Sanmal_Sma_005474-T1	Chofle_EP00730_Choanoeca_flexa_P006614	64.0	S	0.0
Sanmal_Sma_005474-T1	Coemet_Cmet_C579352_01	64.0	S	0.0
Sanmal_Sma_005474-T1	Beraby_Baby_sb331377	64.0	S	0.0
Sanmal_Sma_005474-T1	Saldol_EP00054_Salpingoeca_dolichothecata_P036249	64.0	S	0.0
Sanmal_Sma_005474-T1	Codhol_EP00042_Codosiga_hollandica_P030220	64.0	S	0.0
Sanmal_Sma_005474-T1	Drygla_Dgla_sb276142	64.0	S	0.0
Sanmal_Sma_005474-T1	Pbac_sb2645060	64.0	S	0.0
Sanmal_Sma_005474-T1	Leuniv_Lniv_C809604_01	64.0	S	0.0
Sanmal_Sma_005474-T1	Lampan_Lpan_C398731_01	64.0	S	0.0
Sanmal_Sma_005474-T1	Saldol_EP00054_Salpingoeca_dolichothecata_P036250	64.0	S	0.0
Sanmal_Sma_005474-T1	Salpun_EP00053_Salpingoeca_punica_P004050	64.0	S	0.0
Sanmal_Sma_005474-T1	Salmac_EP00052_Salpingoeca_macrocollata_P026819	64.0	S	0.0
Sanmal_Sma_005474-T1	Vmul_SimC381352	64.0	S	0.0
Sanmal_Sma_005474-T1	Aque_Aqu2.1.32225_001	64.0	S	0.0
Sanmal_Sma_005474-T1	Codhol_EP00042_Codosiga_hollandica_P024950	64.0	S	0.0
Sanmal_Sma_005474-T1	Mertsp_Mesp_sb553838	64.0	S	0.0
Sanmal_Sma_005474-T1	Drygla_Dgla_sb276143	64.0	S	0.0
Sanmal_Sma_005474-T1	Codhol_EP00042_Codosiga_hollandica_P024951	64.0	S	0.0
Sanmal_Sma_005474-T1	Microa_EP00043_Microstomoeca_roanoka_P007259	64.0	S	0.0
Sanmal_Sma_005474-T1	Gracom_Gcom_C539660_01	64.0	S	0.0
Sanmal_Sma_005474-T1	Mertsp_Mesp_sb553836	64.0	S	0.0
Sanmal_Sma_005474-T1	Chofle_EP00730_Choanoeca_flexa_P006617	64.0	S	0.0
Sanmal_Sma_005474-T1	Salmac_EP00052_Salpingoeca_macrocollata_P026817	64.0	S	0.0
Sanmal_Sma_005474-T1	Bolinf_Binf_sb1185909	64.0	S	0.0
Sanmal_Sma_005474-T1	Scil_scict008928.1	64.0	S	0.0
Sanmal_Sma_005474-T1	Salurc_EP00051_Salpingoeca_urceolata_P028889	64.0	S	0.0
Sanmal_Sma_005474-T1	Lcom_lcpid116789	64.0	S	0.0
Sanmal_Sma_005474-T1	Choper_EP00045_Choanoeca_perplexa_P001888	64.0	S	0.0
Sanmal_Sma_005474-T1	Sros_EGD76602	64.0	S	0.0
Sanmal_Sma_005474-T1	Lcom_lcpid84878	64.0	S	0.0
Sanmal_Sma_005474-T1	Salinf_EP00049_Salpingoeca_infusionum_P007349	64.0	S	0.0
Sanmal_Sma_005474-T1	Mlei_ML0852.g6.i1	64.0	S	0.0
Sanmal_Sma_005474-T1	Opea_EP00118_Oscarella_pearsei_P005433	64.0	S	0.0
HoiH11_mRNA5250	Mertsp_Mesp_sb553837	64.0	S	0.0
HoiH11_mRNA5250	Chofle_EP00730_Choanoeca_flexa_P006614	64.0	S	0.0
HoiH11_mRNA5250	Coemet_Cmet_C579352_01	64.0	S	0.0
HoiH11_mRNA5250	Beraby_Baby_sb331377	64.0	S	0.0
HoiH11_mRNA5250	Saldol_EP00054_Salpingoeca_dolichothecata_P036249	64.0	S	0.0
HoiH11_mRNA5250	Codhol_EP00042_Codosiga_hollandica_P030220	64.0	S	0.0
HoiH11_mRNA5250	Drygla_Dgla_sb276142	64.0	S	0.0
HoiH11_mRNA5250	Pbac_sb2645060	64.0	S	0.0
HoiH11_mRNA5250	Leuniv_Lniv_C809604_01	64.0	S	0.0
HoiH11_mRNA5250	Lampan_Lpan_C398731_01	64.0	S	0.0
HoiH11_mRNA5250	Saldol_EP00054_Salpingoeca_dolichothecata_P036250	64.0	S	0.0
HoiH11_mRNA5250	Salpun_EP00053_Salpingoeca_punica_P004050	64.0	S	0.0
HoiH11_mRNA5250	Salmac_EP00052_Salpingoeca_macrocollata_P026819	64.0	S	0.0
HoiH11_mRNA5250	Vmul_SimC381352	64.0	S	0.0
HoiH11_mRNA5250	Aque_Aqu2.1.32225_001	64.0	S	0.0
HoiH11_mRNA5250	Codhol_EP00042_Codosiga_hollandica_P024950	64.0	S	0.0
HoiH11_mRNA5250	Mertsp_Mesp_sb553838	64.0	S	0.0
HoiH11_mRNA5250	Drygla_Dgla_sb276143	64.0	S	0.0
HoiH11_mRNA5250	Codhol_EP00042_Codosiga_hollandica_P024951	64.0	S	0.0
HoiH11_mRNA5250	Microa_EP00043_Microstomoeca_roanoka_P007259	64.0	S	0.0
HoiH11_mRNA5250	Gracom_Gcom_C539660_01	64.0	S	0.0
HoiH11_mRNA5250	Mertsp_Mesp_sb553836	64.0	S	0.0
HoiH11_mRNA5250	Chofle_EP00730_Choanoeca_flexa_P006617	64.0	S	0.0
HoiH11_mRNA5250	Salmac_EP00052_Salpingoeca_macrocollata_P026817	64.0	S	0.0
HoiH11_mRNA5250	Bolinf_Binf_sb1185909	64.0	S	0.0
HoiH11_mRNA5250	Scil_scict008928.1	64.0	S	0.0
HoiH11_mRNA5250	Salurc_EP00051_Salpingoeca_urceolata_P028889	64.0	S	0.0
HoiH11_mRNA5250	Lcom_lcpid116789	64.0	S	0.0
HoiH11_mRNA5250	Choper_EP00045_Choanoeca_perplexa_P001888	64.0	S	0.0
HoiH11_mRNA5250	Sros_EGD76602	64.0	S	0.0
HoiH11_mRNA5250	Lcom_lcpid84878	64.0	S	0.0
HoiH11_mRNA5250	Salinf_EP00049_Salpingoeca_infusionum_P007349	64.0	S	0.0
HoiH11_mRNA5250	Mlei_ML0852.g6.i1	64.0	S	0.0
HoiH11_mRNA5250	Opea_EP00118_Oscarella_pearsei_P005433	64.0	S	0.0
Dpul_mRNA15494	Mertsp_Mesp_sb553837	64.0	S	0.0
Dpul_mRNA15494	Chofle_EP00730_Choanoeca_flexa_P006614	64.0	S	0.0
Dpul_mRNA15494	Coemet_Cmet_C579352_01	64.0	S	0.0
Dpul_mRNA15494	Beraby_Baby_sb331377	64.0	S	0.0
Dpul_mRNA15494	Saldol_EP00054_Salpingoeca_dolichothecata_P036249	64.0	S	0.0
Dpul_mRNA15494	Codhol_EP00042_Codosiga_hollandica_P030220	64.0	S	0.0
Dpul_mRNA15494	Drygla_Dgla_sb276142	64.0	S	0.0
Dpul_mRNA15494	Pbac_sb2645060	64.0	S	0.0
Dpul_mRNA15494	Leuniv_Lniv_C809604_01	64.0	S	0.0
Dpul_mRNA15494	Lampan_Lpan_C398731_01	64.0	S	0.0
Dpul_mRNA15494	Saldol_EP00054_Salpingoeca_dolichothecata_P036250	64.0	S	0.0
Dpul_mRNA15494	Salpun_EP00053_Salpingoeca_punica_P004050	64.0	S	0.0
Dpul_mRNA15494	Salmac_EP00052_Salpingoeca_macrocollata_P026819	64.0	S	0.0
Dpul_mRNA15494	Vmul_SimC381352	64.0	S	0.0
Dpul_mRNA15494	Aque_Aqu2.1.32225_001	64.0	S	0.0
Dpul_mRNA15494	Codhol_EP00042_Codosiga_hollandica_P024950	64.0	S	0.0
Dpul_mRNA15494	Mertsp_Mesp_sb553838	64.0	S	0.0
Dpul_mRNA15494	Drygla_Dgla_sb276143	64.0	S	0.0
Dpul_mRNA15494	Codhol_EP00042_Codosiga_hollandica_P024951	64.0	S	0.0
Dpul_mRNA15494	Microa_EP00043_Microstomoeca_roanoka_P007259	64.0	S	0.0
Dpul_mRNA15494	Gracom_Gcom_C539660_01	64.0	S	0.0
Dpul_mRNA15494	Mertsp_Mesp_sb553836	64.0	S	0.0
Dpul_mRNA15494	Chofle_EP00730_Choanoeca_flexa_P006617	64.0	S	0.0
Dpul_mRNA15494	Salmac_EP00052_Salpingoeca_macrocollata_P026817	64.0	S	0.0
Dpul_mRNA15494	Bolinf_Binf_sb1185909	64.0	S	0.0
Dpul_mRNA15494	Scil_scict008928.1	64.0	S	0.0
Dpul_mRNA15494	Salurc_EP00051_Salpingoeca_urceolata_P028889	64.0	S	0.0
Dpul_mRNA15494	Lcom_lcpid116789	64.0	S	0.0
Dpul_mRNA15494	Choper_EP00045_Choanoeca_perplexa_P001888	64.0	S	0.0
Dpul_mRNA15494	Sros_EGD76602	64.0	S	0.0
Dpul_mRNA15494	Lcom_lcpid84878	64.0	S	0.0
Dpul_mRNA15494	Salinf_EP00049_Salpingoeca_infusionum_P007349	64.0	S	0.0
Dpul_mRNA15494	Mlei_ML0852.g6.i1	64.0	S	0.0
Dpul_mRNA15494	Opea_EP00118_Oscarella_pearsei_P005433	64.0	S	0.0
TrH2_TrispH2_000218-RA	Mertsp_Mesp_sb553837	64.0	S	0.0
TrH2_TrispH2_000218-RA	Chofle_EP00730_Choanoeca_flexa_P006614	64.0	S	0.0
TrH2_TrispH2_000218-RA	Coemet_Cmet_C579352_01	64.0	S	0.0
TrH2_TrispH2_000218-RA	Beraby_Baby_sb331377	64.0	S	0.0
TrH2_TrispH2_000218-RA	Saldol_EP00054_Salpingoeca_dolichothecata_P036249	64.0	S	0.0
TrH2_TrispH2_000218-RA	Codhol_EP00042_Codosiga_hollandica_P030220	64.0	S	0.0
TrH2_TrispH2_000218-RA	Drygla_Dgla_sb276142	64.0	S	0.0
TrH2_TrispH2_000218-RA	Pbac_sb2645060	64.0	S	0.0
TrH2_TrispH2_000218-RA	Leuniv_Lniv_C809604_01	64.0	S	0.0
TrH2_TrispH2_000218-RA	Lampan_Lpan_C398731_01	64.0	S	0.0
TrH2_TrispH2_000218-RA	Saldol_EP00054_Salpingoeca_dolichothecata_P036250	64.0	S	0.0
TrH2_TrispH2_000218-RA	Salpun_EP00053_Salpingoeca_punica_P004050	64.0	S	0.0
TrH2_TrispH2_000218-RA	Salmac_EP00052_Salpingoeca_macrocollata_P026819	64.0	S	0.0
TrH2_TrispH2_000218-RA	Vmul_SimC381352	64.0	S	0.0
TrH2_TrispH2_000218-RA	Aque_Aqu2.1.32225_001	64.0	S	0.0
TrH2_TrispH2_000218-RA	Codhol_EP00042_Codosiga_hollandica_P024950	64.0	S	0.0
TrH2_TrispH2_000218-RA	Mertsp_Mesp_sb553838	64.0	S	0.0
TrH2_TrispH2_000218-RA	Drygla_Dgla_sb276143	64.0	S	0.0
TrH2_TrispH2_000218-RA	Codhol_EP00042_Codosiga_hollandica_P024951	64.0	S	0.0
TrH2_TrispH2_000218-RA	Microa_EP00043_Microstomoeca_roanoka_P007259	64.0	S	0.0
TrH2_TrispH2_000218-RA	Gracom_Gcom_C539660_01	64.0	S	0.0
TrH2_TrispH2_000218-RA	Mertsp_Mesp_sb553836	64.0	S	0.0
TrH2_TrispH2_000218-RA	Chofle_EP00730_Choanoeca_flexa_P006617	64.0	S	0.0
TrH2_TrispH2_000218-RA	Salmac_EP00052_Salpingoeca_macrocollata_P026817	64.0	S	0.0
TrH2_TrispH2_000218-RA	Bolinf_Binf_sb1185909	64.0	S	0.0
TrH2_TrispH2_000218-RA	Scil_scict008928.1	64.0	S	0.0
TrH2_TrispH2_000218-RA	Salurc_EP00051_Salpingoeca_urceolata_P028889	64.0	S	0.0
TrH2_TrispH2_000218-RA	Lcom_lcpid116789	64.0	S	0.0
TrH2_TrispH2_000218-RA	Choper_EP00045_Choanoeca_perplexa_P001888	64.0	S	0.0
TrH2_TrispH2_000218-RA	Sros_EGD76602	64.0	S	0.0
TrH2_TrispH2_000218-RA	Lcom_lcpid84878	64.0	S	0.0
TrH2_TrispH2_000218-RA	Salinf_EP00049_Salpingoeca_infusionum_P007349	64.0	S	0.0
TrH2_TrispH2_000218-RA	Mlei_ML0852.g6.i1	64.0	S	0.0
TrH2_TrispH2_000218-RA	Opea_EP00118_Oscarella_pearsei_P005433	64.0	S	0.0
Tadh_TriadT52561	Mertsp_Mesp_sb553837	64.0	S	0.0
Tadh_TriadT52561	Chofle_EP00730_Choanoeca_flexa_P006614	64.0	S	0.0
Tadh_TriadT52561	Coemet_Cmet_C579352_01	64.0	S	0.0
Tadh_TriadT52561	Beraby_Baby_sb331377	64.0	S	0.0
Tadh_TriadT52561	Saldol_EP00054_Salpingoeca_dolichothecata_P036249	64.0	S	0.0
Tadh_TriadT52561	Codhol_EP00042_Codosiga_hollandica_P030220	64.0	S	0.0
Tadh_TriadT52561	Drygla_Dgla_sb276142	64.0	S	0.0
Tadh_TriadT52561	Pbac_sb2645060	64.0	S	0.0
Tadh_TriadT52561	Leuniv_Lniv_C809604_01	64.0	S	0.0
Tadh_TriadT52561	Lampan_Lpan_C398731_01	64.0	S	0.0
Tadh_TriadT52561	Saldol_EP00054_Salpingoeca_dolichothecata_P036250	64.0	S	0.0
Tadh_TriadT52561	Salpun_EP00053_Salpingoeca_punica_P004050	64.0	S	0.0
Tadh_TriadT52561	Salmac_EP00052_Salpingoeca_macrocollata_P026819	64.0	S	0.0
Tadh_TriadT52561	Vmul_SimC381352	64.0	S	0.0
Tadh_TriadT52561	Aque_Aqu2.1.32225_001	64.0	S	0.0
Tadh_TriadT52561	Codhol_EP00042_Codosiga_hollandica_P024950	64.0	S	0.0
Tadh_TriadT52561	Mertsp_Mesp_sb553838	64.0	S	0.0
Tadh_TriadT52561	Drygla_Dgla_sb276143	64.0	S	0.0
Tadh_TriadT52561	Codhol_EP00042_Codosiga_hollandica_P024951	64.0	S	0.0
Tadh_TriadT52561	Microa_EP00043_Microstomoeca_roanoka_P007259	64.0	S	0.0
Tadh_TriadT52561	Gracom_Gcom_C539660_01	64.0	S	0.0
Tadh_TriadT52561	Mertsp_Mesp_sb553836	64.0	S	0.0
Tadh_TriadT52561	Chofle_EP00730_Choanoeca_flexa_P006617	64.0	S	0.0
Tadh_TriadT52561	Salmac_EP00052_Salpingoeca_macrocollata_P026817	64.0	S	0.0
Tadh_TriadT52561	Bolinf_Binf_sb1185909	64.0	S	0.0
Tadh_TriadT52561	Scil_scict008928.1	64.0	S	0.0
Tadh_TriadT52561	Salurc_EP00051_Salpingoeca_urceolata_P028889	64.0	S	0.0
Tadh_TriadT52561	Lcom_lcpid116789	64.0	S	0.0
Tadh_TriadT52561	Choper_EP00045_Choanoeca_perplexa_P001888	64.0	S	0.0
Tadh_TriadT52561	Sros_EGD76602	64.0	S	0.0
Tadh_TriadT52561	Lcom_lcpid84878	64.0	S	0.0
Tadh_TriadT52561	Salinf_EP00049_Salpingoeca_infusionum_P007349	64.0	S	0.0
Tadh_TriadT52561	Mlei_ML0852.g6.i1	64.0	S	0.0
Tadh_TriadT52561	Opea_EP00118_Oscarella_pearsei_P005433	64.0	S	0.0
Dgig_XM_028557642.1	Mertsp_Mesp_sb553837	64.0	S	0.0
Dgig_XM_028557642.1	Chofle_EP00730_Choanoeca_flexa_P006614	64.0	S	0.0
Dgig_XM_028557642.1	Coemet_Cmet_C579352_01	64.0	S	0.0
Dgig_XM_028557642.1	Beraby_Baby_sb331377	64.0	S	0.0
Dgig_XM_028557642.1	Saldol_EP00054_Salpingoeca_dolichothecata_P036249	64.0	S	0.0
Dgig_XM_028557642.1	Codhol_EP00042_Codosiga_hollandica_P030220	64.0	S	0.0
Dgig_XM_028557642.1	Drygla_Dgla_sb276142	64.0	S	0.0
Dgig_XM_028557642.1	Pbac_sb2645060	64.0	S	0.0
Dgig_XM_028557642.1	Leuniv_Lniv_C809604_01	64.0	S	0.0
Dgig_XM_028557642.1	Lampan_Lpan_C398731_01	64.0	S	0.0
Dgig_XM_028557642.1	Saldol_EP00054_Salpingoeca_dolichothecata_P036250	64.0	S	0.0
Dgig_XM_028557642.1	Salpun_EP00053_Salpingoeca_punica_P004050	64.0	S	0.0
Dgig_XM_028557642.1	Salmac_EP00052_Salpingoeca_macrocollata_P026819	64.0	S	0.0
Dgig_XM_028557642.1	Vmul_SimC381352	64.0	S	0.0
Dgig_XM_028557642.1	Aque_Aqu2.1.32225_001	64.0	S	0.0
Dgig_XM_028557642.1	Codhol_EP00042_Codosiga_hollandica_P024950	64.0	S	0.0
Dgig_XM_028557642.1	Mertsp_Mesp_sb553838	64.0	S	0.0
Dgig_XM_028557642.1	Drygla_Dgla_sb276143	64.0	S	0.0
Dgig_XM_028557642.1	Codhol_EP00042_Codosiga_hollandica_P024951	64.0	S	0.0
Dgig_XM_028557642.1	Microa_EP00043_Microstomoeca_roanoka_P007259	64.0	S	0.0
Dgig_XM_028557642.1	Gracom_Gcom_C539660_01	64.0	S	0.0
Dgig_XM_028557642.1	Mertsp_Mesp_sb553836	64.0	S	0.0
Dgig_XM_028557642.1	Chofle_EP00730_Choanoeca_flexa_P006617	64.0	S	0.0
Dgig_XM_028557642.1	Salmac_EP00052_Salpingoeca_macrocollata_P026817	64.0	S	0.0
Dgig_XM_028557642.1	Bolinf_Binf_sb1185909	64.0	S	0.0
Dgig_XM_028557642.1	Scil_scict008928.1	64.0	S	0.0
Dgig_XM_028557642.1	Salurc_EP00051_Salpingoeca_urceolata_P028889	64.0	S	0.0
Dgig_XM_028557642.1	Lcom_lcpid116789	64.0	S	0.0
Dgig_XM_028557642.1	Choper_EP00045_Choanoeca_perplexa_P001888	64.0	S	0.0
Dgig_XM_028557642.1	Sros_EGD76602	64.0	S	0.0
Dgig_XM_028557642.1	Lcom_lcpid84878	64.0	S	0.0
Dgig_XM_028557642.1	Salinf_EP00049_Salpingoeca_infusionum_P007349	64.0	S	0.0
Dgig_XM_028557642.1	Mlei_ML0852.g6.i1	64.0	S	0.0
Dgig_XM_028557642.1	Opea_EP00118_Oscarella_pearsei_P005433	64.0	S	0.0
Spis_Spis_13417_1	Mertsp_Mesp_sb553837	64.0	S	0.0
Spis_Spis_13417_1	Chofle_EP00730_Choanoeca_flexa_P006614	64.0	S	0.0
Spis_Spis_13417_1	Coemet_Cmet_C579352_01	64.0	S	0.0
Spis_Spis_13417_1	Beraby_Baby_sb331377	64.0	S	0.0
Spis_Spis_13417_1	Saldol_EP00054_Salpingoeca_dolichothecata_P036249	64.0	S	0.0
Spis_Spis_13417_1	Codhol_EP00042_Codosiga_hollandica_P030220	64.0	S	0.0
Spis_Spis_13417_1	Drygla_Dgla_sb276142	64.0	S	0.0
Spis_Spis_13417_1	Pbac_sb2645060	64.0	S	0.0
Spis_Spis_13417_1	Leuniv_Lniv_C809604_01	64.0	S	0.0
Spis_Spis_13417_1	Lampan_Lpan_C398731_01	64.0	S	0.0
Spis_Spis_13417_1	Saldol_EP00054_Salpingoeca_dolichothecata_P036250	64.0	S	0.0
Spis_Spis_13417_1	Salpun_EP00053_Salpingoeca_punica_P004050	64.0	S	0.0
Spis_Spis_13417_1	Salmac_EP00052_Salpingoeca_macrocollata_P026819	64.0	S	0.0
Spis_Spis_13417_1	Vmul_SimC381352	64.0	S	0.0
Spis_Spis_13417_1	Aque_Aqu2.1.32225_001	64.0	S	0.0
Spis_Spis_13417_1	Codhol_EP00042_Codosiga_hollandica_P024950	64.0	S	0.0
Spis_Spis_13417_1	Mertsp_Mesp_sb553838	64.0	S	0.0
Spis_Spis_13417_1	Drygla_Dgla_sb276143	64.0	S	0.0
Spis_Spis_13417_1	Codhol_EP00042_Codosiga_hollandica_P024951	64.0	S	0.0
Spis_Spis_13417_1	Microa_EP00043_Microstomoeca_roanoka_P007259	64.0	S	0.0
Spis_Spis_13417_1	Gracom_Gcom_C539660_01	64.0	S	0.0
Spis_Spis_13417_1	Mertsp_Mesp_sb553836	64.0	S	0.0
Spis_Spis_13417_1	Chofle_EP00730_Choanoeca_flexa_P006617	64.0	S	0.0
Spis_Spis_13417_1	Salmac_EP00052_Salpingoeca_macrocollata_P026817	64.0	S	0.0
Spis_Spis_13417_1	Bolinf_Binf_sb1185909	64.0	S	0.0
Spis_Spis_13417_1	Scil_scict008928.1	64.0	S	0.0
Spis_Spis_13417_1	Salurc_EP00051_Salpingoeca_urceolata_P028889	64.0	S	0.0
Spis_Spis_13417_1	Lcom_lcpid116789	64.0	S	0.0
Spis_Spis_13417_1	Choper_EP00045_Choanoeca_perplexa_P001888	64.0	S	0.0
Spis_Spis_13417_1	Sros_EGD76602	64.0	S	0.0
Spis_Spis_13417_1	Lcom_lcpid84878	64.0	S	0.0
Spis_Spis_13417_1	Salinf_EP00049_Salpingoeca_infusionum_P007349	64.0	S	0.0
Spis_Spis_13417_1	Mlei_ML0852.g6.i1	64.0	S	0.0
Spis_Spis_13417_1	Opea_EP00118_Oscarella_pearsei_P005433	64.0	S	0.0
HoiH04_mRNA602	Mertsp_Mesp_sb553837	64.0	S	0.0
HoiH04_mRNA602	Chofle_EP00730_Choanoeca_flexa_P006614	64.0	S	0.0
HoiH04_mRNA602	Coemet_Cmet_C579352_01	64.0	S	0.0
HoiH04_mRNA602	Beraby_Baby_sb331377	64.0	S	0.0
HoiH04_mRNA602	Saldol_EP00054_Salpingoeca_dolichothecata_P036249	64.0	S	0.0
HoiH04_mRNA602	Codhol_EP00042_Codosiga_hollandica_P030220	64.0	S	0.0
HoiH04_mRNA602	Drygla_Dgla_sb276142	64.0	S	0.0
HoiH04_mRNA602	Pbac_sb2645060	64.0	S	0.0
HoiH04_mRNA602	Leuniv_Lniv_C809604_01	64.0	S	0.0
HoiH04_mRNA602	Lampan_Lpan_C398731_01	64.0	S	0.0
HoiH04_mRNA602	Saldol_EP00054_Salpingoeca_dolichothecata_P036250	64.0	S	0.0
HoiH04_mRNA602	Salpun_EP00053_Salpingoeca_punica_P004050	64.0	S	0.0
HoiH04_mRNA602	Salmac_EP00052_Salpingoeca_macrocollata_P026819	64.0	S	0.0
HoiH04_mRNA602	Vmul_SimC381352	64.0	S	0.0
HoiH04_mRNA602	Aque_Aqu2.1.32225_001	64.0	S	0.0
HoiH04_mRNA602	Codhol_EP00042_Codosiga_hollandica_P024950	64.0	S	0.0
HoiH04_mRNA602	Mertsp_Mesp_sb553838	64.0	S	0.0
HoiH04_mRNA602	Drygla_Dgla_sb276143	64.0	S	0.0
HoiH04_mRNA602	Codhol_EP00042_Codosiga_hollandica_P024951	64.0	S	0.0
HoiH04_mRNA602	Microa_EP00043_Microstomoeca_roanoka_P007259	64.0	S	0.0
HoiH04_mRNA602	Gracom_Gcom_C539660_01	64.0	S	0.0
HoiH04_mRNA602	Mertsp_Mesp_sb553836	64.0	S	0.0
HoiH04_mRNA602	Chofle_EP00730_Choanoeca_flexa_P006617	64.0	S	0.0
HoiH04_mRNA602	Salmac_EP00052_Salpingoeca_macrocollata_P026817	64.0	S	0.0
HoiH04_mRNA602	Bolinf_Binf_sb1185909	64.0	S	0.0
HoiH04_mRNA602	Scil_scict008928.1	64.0	S	0.0
HoiH04_mRNA602	Salurc_EP00051_Salpingoeca_urceolata_P028889	64.0	S	0.0
HoiH04_mRNA602	Lcom_lcpid116789	64.0	S	0.0
HoiH04_mRNA602	Choper_EP00045_Choanoeca_perplexa_P001888	64.0	S	0.0
HoiH04_mRNA602	Sros_EGD76602	64.0	S	0.0
HoiH04_mRNA602	Lcom_lcpid84878	64.0	S	0.0
HoiH04_mRNA602	Salinf_EP00049_Salpingoeca_infusionum_P007349	64.0	S	0.0
HoiH04_mRNA602	Mlei_ML0852.g6.i1	64.0	S	0.0
HoiH04_mRNA602	Opea_EP00118_Oscarella_pearsei_P005433	64.0	S	0.0
Nvec_v1g210684	Mertsp_Mesp_sb553837	64.0	S	0.0
Nvec_v1g210684	Chofle_EP00730_Choanoeca_flexa_P006614	64.0	S	0.0
Nvec_v1g210684	Coemet_Cmet_C579352_01	64.0	S	0.0
Nvec_v1g210684	Beraby_Baby_sb331377	64.0	S	0.0
Nvec_v1g210684	Saldol_EP00054_Salpingoeca_dolichothecata_P036249	64.0	S	0.0
Nvec_v1g210684	Codhol_EP00042_Codosiga_hollandica_P030220	64.0	S	0.0
Nvec_v1g210684	Drygla_Dgla_sb276142	64.0	S	0.0
Nvec_v1g210684	Pbac_sb2645060	64.0	S	0.0
Nvec_v1g210684	Leuniv_Lniv_C809604_01	64.0	S	0.0
Nvec_v1g210684	Lampan_Lpan_C398731_01	64.0	S	0.0
Nvec_v1g210684	Saldol_EP00054_Salpingoeca_dolichothecata_P036250	64.0	S	0.0
Nvec_v1g210684	Salpun_EP00053_Salpingoeca_punica_P004050	64.0	S	0.0
Nvec_v1g210684	Salmac_EP00052_Salpingoeca_macrocollata_P026819	64.0	S	0.0
Nvec_v1g210684	Vmul_SimC381352	64.0	S	0.0
Nvec_v1g210684	Aque_Aqu2.1.32225_001	64.0	S	0.0
Nvec_v1g210684	Codhol_EP00042_Codosiga_hollandica_P024950	64.0	S	0.0
Nvec_v1g210684	Mertsp_Mesp_sb553838	64.0	S	0.0
Nvec_v1g210684	Drygla_Dgla_sb276143	64.0	S	0.0
Nvec_v1g210684	Codhol_EP00042_Codosiga_hollandica_P024951	64.0	S	0.0
Nvec_v1g210684	Microa_EP00043_Microstomoeca_roanoka_P007259	64.0	S	0.0
Nvec_v1g210684	Gracom_Gcom_C539660_01	64.0	S	0.0
Nvec_v1g210684	Mertsp_Mesp_sb553836	64.0	S	0.0
Nvec_v1g210684	Chofle_EP00730_Choanoeca_flexa_P006617	64.0	S	0.0
Nvec_v1g210684	Salmac_EP00052_Salpingoeca_macrocollata_P026817	64.0	S	0.0
Nvec_v1g210684	Bolinf_Binf_sb1185909	64.0	S	0.0
Nvec_v1g210684	Scil_scict008928.1	64.0	S	0.0
Nvec_v1g210684	Salurc_EP00051_Salpingoeca_urceolata_P028889	64.0	S	0.0
Nvec_v1g210684	Lcom_lcpid116789	64.0	S	0.0
Nvec_v1g210684	Choper_EP00045_Choanoeca_perplexa_P001888	64.0	S	0.0
Nvec_v1g210684	Sros_EGD76602	64.0	S	0.0
Nvec_v1g210684	Lcom_lcpid84878	64.0	S	0.0
Nvec_v1g210684	Salinf_EP00049_Salpingoeca_infusionum_P007349	64.0	S	0.0
Nvec_v1g210684	Mlei_ML0852.g6.i1	64.0	S	0.0
Nvec_v1g210684	Opea_EP00118_Oscarella_pearsei_P005433	64.0	S	0.0
Ctel_gnl_WGS_AMQN_CAPTEDRAFT_mRNA223070	Mertsp_Mesp_sb553837	64.0	S	0.0
Ctel_gnl_WGS_AMQN_CAPTEDRAFT_mRNA223070	Chofle_EP00730_Choanoeca_flexa_P006614	64.0	S	0.0
Ctel_gnl_WGS_AMQN_CAPTEDRAFT_mRNA223070	Coemet_Cmet_C579352_01	64.0	S	0.0
Ctel_gnl_WGS_AMQN_CAPTEDRAFT_mRNA223070	Beraby_Baby_sb331377	64.0	S	0.0
Ctel_gnl_WGS_AMQN_CAPTEDRAFT_mRNA223070	Saldol_EP00054_Salpingoeca_dolichothecata_P036249	64.0	S	0.0
Ctel_gnl_WGS_AMQN_CAPTEDRAFT_mRNA223070	Codhol_EP00042_Codosiga_hollandica_P030220	64.0	S	0.0
Ctel_gnl_WGS_AMQN_CAPTEDRAFT_mRNA223070	Drygla_Dgla_sb276142	64.0	S	0.0
Ctel_gnl_WGS_AMQN_CAPTEDRAFT_mRNA223070	Pbac_sb2645060	64.0	S	0.0
Ctel_gnl_WGS_AMQN_CAPTEDRAFT_mRNA223070	Leuniv_Lniv_C809604_01	64.0	S	0.0
Ctel_gnl_WGS_AMQN_CAPTEDRAFT_mRNA223070	Lampan_Lpan_C398731_01	64.0	S	0.0
Ctel_gnl_WGS_AMQN_CAPTEDRAFT_mRNA223070	Saldol_EP00054_Salpingoeca_dolichothecata_P036250	64.0	S	0.0
Ctel_gnl_WGS_AMQN_CAPTEDRAFT_mRNA223070	Salpun_EP00053_Salpingoeca_punica_P004050	64.0	S	0.0
Ctel_gnl_WGS_AMQN_CAPTEDRAFT_mRNA223070	Salmac_EP00052_Salpingoeca_macrocollata_P026819	64.0	S	0.0
Ctel_gnl_WGS_AMQN_CAPTEDRAFT_mRNA223070	Vmul_SimC381352	64.0	S	0.0
Ctel_gnl_WGS_AMQN_CAPTEDRAFT_mRNA223070	Aque_Aqu2.1.32225_001	64.0	S	0.0
Ctel_gnl_WGS_AMQN_CAPTEDRAFT_mRNA223070	Codhol_EP00042_Codosiga_hollandica_P024950	64.0	S	0.0
Ctel_gnl_WGS_AMQN_CAPTEDRAFT_mRNA223070	Mertsp_Mesp_sb553838	64.0	S	0.0
Ctel_gnl_WGS_AMQN_CAPTEDRAFT_mRNA223070	Drygla_Dgla_sb276143	64.0	S	0.0
Ctel_gnl_WGS_AMQN_CAPTEDRAFT_mRNA223070	Codhol_EP00042_Codosiga_hollandica_P024951	64.0	S	0.0
Ctel_gnl_WGS_AMQN_CAPTEDRAFT_mRNA223070	Microa_EP00043_Microstomoeca_roanoka_P007259	64.0	S	0.0
Ctel_gnl_WGS_AMQN_CAPTEDRAFT_mRNA223070	Gracom_Gcom_C539660_01	64.0	S	0.0
Ctel_gnl_WGS_AMQN_CAPTEDRAFT_mRNA223070	Mertsp_Mesp_sb553836	64.0	S	0.0
Ctel_gnl_WGS_AMQN_CAPTEDRAFT_mRNA223070	Chofle_EP00730_Choanoeca_flexa_P006617	64.0	S	0.0
Ctel_gnl_WGS_AMQN_CAPTEDRAFT_mRNA223070	Salmac_EP00052_Salpingoeca_macrocollata_P026817	64.0	S	0.0
Ctel_gnl_WGS_AMQN_CAPTEDRAFT_mRNA223070	Bolinf_Binf_sb1185909	64.0	S	0.0
Ctel_gnl_WGS_AMQN_CAPTEDRAFT_mRNA223070	Scil_scict008928.1	64.0	S	0.0
Ctel_gnl_WGS_AMQN_CAPTEDRAFT_mRNA223070	Salurc_EP00051_Salpingoeca_urceolata_P028889	64.0	S	0.0
Ctel_gnl_WGS_AMQN_CAPTEDRAFT_mRNA223070	Lcom_lcpid116789	64.0	S	0.0
Ctel_gnl_WGS_AMQN_CAPTEDRAFT_mRNA223070	Choper_EP00045_Choanoeca_perplexa_P001888	64.0	S	0.0
Ctel_gnl_WGS_AMQN_CAPTEDRAFT_mRNA223070	Sros_EGD76602	64.0	S	0.0
Ctel_gnl_WGS_AMQN_CAPTEDRAFT_mRNA223070	Lcom_lcpid84878	64.0	S	0.0
Ctel_gnl_WGS_AMQN_CAPTEDRAFT_mRNA223070	Salinf_EP00049_Salpingoeca_infusionum_P007349	64.0	S	0.0
Ctel_gnl_WGS_AMQN_CAPTEDRAFT_mRNA223070	Mlei_ML0852.g6.i1	64.0	S	0.0
Ctel_gnl_WGS_AMQN_CAPTEDRAFT_mRNA223070	Opea_EP00118_Oscarella_pearsei_P005433	64.0	S	0.0
Adig_XM_015904385.1	Mertsp_Mesp_sb553837	64.0	S	0.0
Adig_XM_015904385.1	Chofle_EP00730_Choanoeca_flexa_P006614	64.0	S	0.0
Adig_XM_015904385.1	Coemet_Cmet_C579352_01	64.0	S	0.0
Adig_XM_015904385.1	Beraby_Baby_sb331377	64.0	S	0.0
Adig_XM_015904385.1	Saldol_EP00054_Salpingoeca_dolichothecata_P036249	64.0	S	0.0
Adig_XM_015904385.1	Codhol_EP00042_Codosiga_hollandica_P030220	64.0	S	0.0
Adig_XM_015904385.1	Drygla_Dgla_sb276142	64.0	S	0.0
Adig_XM_015904385.1	Pbac_sb2645060	64.0	S	0.0
Adig_XM_015904385.1	Leuniv_Lniv_C809604_01	64.0	S	0.0
Adig_XM_015904385.1	Lampan_Lpan_C398731_01	64.0	S	0.0
Adig_XM_015904385.1	Saldol_EP00054_Salpingoeca_dolichothecata_P036250	64.0	S	0.0
Adig_XM_015904385.1	Salpun_EP00053_Salpingoeca_punica_P004050	64.0	S	0.0
Adig_XM_015904385.1	Salmac_EP00052_Salpingoeca_macrocollata_P026819	64.0	S	0.0
Adig_XM_015904385.1	Vmul_SimC381352	64.0	S	0.0
Adig_XM_015904385.1	Aque_Aqu2.1.32225_001	64.0	S	0.0
Adig_XM_015904385.1	Codhol_EP00042_Codosiga_hollandica_P024950	64.0	S	0.0
Adig_XM_015904385.1	Mertsp_Mesp_sb553838	64.0	S	0.0
Adig_XM_015904385.1	Drygla_Dgla_sb276143	64.0	S	0.0
Adig_XM_015904385.1	Codhol_EP00042_Codosiga_hollandica_P024951	64.0	S	0.0
Adig_XM_015904385.1	Microa_EP00043_Microstomoeca_roanoka_P007259	64.0	S	0.0
Adig_XM_015904385.1	Gracom_Gcom_C539660_01	64.0	S	0.0
Adig_XM_015904385.1	Mertsp_Mesp_sb553836	64.0	S	0.0
Adig_XM_015904385.1	Chofle_EP00730_Choanoeca_flexa_P006617	64.0	S	0.0
Adig_XM_015904385.1	Salmac_EP00052_Salpingoeca_macrocollata_P026817	64.0	S	0.0
Adig_XM_015904385.1	Bolinf_Binf_sb1185909	64.0	S	0.0
Adig_XM_015904385.1	Scil_scict008928.1	64.0	S	0.0
Adig_XM_015904385.1	Salurc_EP00051_Salpingoeca_urceolata_P028889	64.0	S	0.0
Adig_XM_015904385.1	Lcom_lcpid116789	64.0	S	0.0
Adig_XM_015904385.1	Choper_EP00045_Choanoeca_perplexa_P001888	64.0	S	0.0
Adig_XM_015904385.1	Sros_EGD76602	64.0	S	0.0
Adig_XM_015904385.1	Lcom_lcpid84878	64.0	S	0.0
Adig_XM_015904385.1	Salinf_EP00049_Salpingoeca_infusionum_P007349	64.0	S	0.0
Adig_XM_015904385.1	Mlei_ML0852.g6.i1	64.0	S	0.0
Adig_XM_015904385.1	Opea_EP00118_Oscarella_pearsei_P005433	64.0	S	0.0
Hvul_g19680_1	Mertsp_Mesp_sb553837	64.0	S	0.0
Hvul_g19680_1	Chofle_EP00730_Choanoeca_flexa_P006614	64.0	S	0.0
Hvul_g19680_1	Coemet_Cmet_C579352_01	64.0	S	0.0
Hvul_g19680_1	Beraby_Baby_sb331377	64.0	S	0.0
Hvul_g19680_1	Saldol_EP00054_Salpingoeca_dolichothecata_P036249	64.0	S	0.0
Hvul_g19680_1	Codhol_EP00042_Codosiga_hollandica_P030220	64.0	S	0.0
Hvul_g19680_1	Drygla_Dgla_sb276142	64.0	S	0.0
Hvul_g19680_1	Pbac_sb2645060	64.0	S	0.0
Hvul_g19680_1	Leuniv_Lniv_C809604_01	64.0	S	0.0
Hvul_g19680_1	Lampan_Lpan_C398731_01	64.0	S	0.0
Hvul_g19680_1	Saldol_EP00054_Salpingoeca_dolichothecata_P036250	64.0	S	0.0
Hvul_g19680_1	Salpun_EP00053_Salpingoeca_punica_P004050	64.0	S	0.0
Hvul_g19680_1	Salmac_EP00052_Salpingoeca_macrocollata_P026819	64.0	S	0.0
Hvul_g19680_1	Vmul_SimC381352	64.0	S	0.0
Hvul_g19680_1	Aque_Aqu2.1.32225_001	64.0	S	0.0
Hvul_g19680_1	Codhol_EP00042_Codosiga_hollandica_P024950	64.0	S	0.0
Hvul_g19680_1	Mertsp_Mesp_sb553838	64.0	S	0.0
Hvul_g19680_1	Drygla_Dgla_sb276143	64.0	S	0.0
Hvul_g19680_1	Codhol_EP00042_Codosiga_hollandica_P024951	64.0	S	0.0
Hvul_g19680_1	Microa_EP00043_Microstomoeca_roanoka_P007259	64.0	S	0.0
Hvul_g19680_1	Gracom_Gcom_C539660_01	64.0	S	0.0
Hvul_g19680_1	Mertsp_Mesp_sb553836	64.0	S	0.0
Hvul_g19680_1	Chofle_EP00730_Choanoeca_flexa_P006617	64.0	S	0.0
Hvul_g19680_1	Salmac_EP00052_Salpingoeca_macrocollata_P026817	64.0	S	0.0
Hvul_g19680_1	Bolinf_Binf_sb1185909	64.0	S	0.0
Hvul_g19680_1	Scil_scict008928.1	64.0	S	0.0
Hvul_g19680_1	Salurc_EP00051_Salpingoeca_urceolata_P028889	64.0	S	0.0
Hvul_g19680_1	Lcom_lcpid116789	64.0	S	0.0
Hvul_g19680_1	Choper_EP00045_Choanoeca_perplexa_P001888	64.0	S	0.0
Hvul_g19680_1	Sros_EGD76602	64.0	S	0.0
Hvul_g19680_1	Lcom_lcpid84878	64.0	S	0.0
Hvul_g19680_1	Salinf_EP00049_Salpingoeca_infusionum_P007349	64.0	S	0.0
Hvul_g19680_1	Mlei_ML0852.g6.i1	64.0	S	0.0
Hvul_g19680_1	Opea_EP00118_Oscarella_pearsei_P005433	64.0	S	0.0
Spur_XM_030990278.1	Mertsp_Mesp_sb553837	64.0	S	0.0
Spur_XM_030990278.1	Chofle_EP00730_Choanoeca_flexa_P006614	64.0	S	0.0
Spur_XM_030990278.1	Coemet_Cmet_C579352_01	64.0	S	0.0
Spur_XM_030990278.1	Beraby_Baby_sb331377	64.0	S	0.0
Spur_XM_030990278.1	Saldol_EP00054_Salpingoeca_dolichothecata_P036249	64.0	S	0.0
Spur_XM_030990278.1	Codhol_EP00042_Codosiga_hollandica_P030220	64.0	S	0.0
Spur_XM_030990278.1	Drygla_Dgla_sb276142	64.0	S	0.0
Spur_XM_030990278.1	Pbac_sb2645060	64.0	S	0.0
Spur_XM_030990278.1	Leuniv_Lniv_C809604_01	64.0	S	0.0
Spur_XM_030990278.1	Lampan_Lpan_C398731_01	64.0	S	0.0
Spur_XM_030990278.1	Saldol_EP00054_Salpingoeca_dolichothecata_P036250	64.0	S	0.0
Spur_XM_030990278.1	Salpun_EP00053_Salpingoeca_punica_P004050	64.0	S	0.0
Spur_XM_030990278.1	Salmac_EP00052_Salpingoeca_macrocollata_P026819	64.0	S	0.0
Spur_XM_030990278.1	Vmul_SimC381352	64.0	S	0.0
Spur_XM_030990278.1	Aque_Aqu2.1.32225_001	64.0	S	0.0
Spur_XM_030990278.1	Codhol_EP00042_Codosiga_hollandica_P024950	64.0	S	0.0
Spur_XM_030990278.1	Mertsp_Mesp_sb553838	64.0	S	0.0
Spur_XM_030990278.1	Drygla_Dgla_sb276143	64.0	S	0.0
Spur_XM_030990278.1	Codhol_EP00042_Codosiga_hollandica_P024951	64.0	S	0.0
Spur_XM_030990278.1	Microa_EP00043_Microstomoeca_roanoka_P007259	64.0	S	0.0
Spur_XM_030990278.1	Gracom_Gcom_C539660_01	64.0	S	0.0
Spur_XM_030990278.1	Mertsp_Mesp_sb553836	64.0	S	0.0
Spur_XM_030990278.1	Chofle_EP00730_Choanoeca_flexa_P006617	64.0	S	0.0
Spur_XM_030990278.1	Salmac_EP00052_Salpingoeca_macrocollata_P026817	64.0	S	0.0
Spur_XM_030990278.1	Bolinf_Binf_sb1185909	64.0	S	0.0
Spur_XM_030990278.1	Scil_scict008928.1	64.0	S	0.0
Spur_XM_030990278.1	Salurc_EP00051_Salpingoeca_urceolata_P028889	64.0	S	0.0
Spur_XM_030990278.1	Lcom_lcpid116789	64.0	S	0.0
Spur_XM_030990278.1	Choper_EP00045_Choanoeca_perplexa_P001888	64.0	S	0.0
Spur_XM_030990278.1	Sros_EGD76602	64.0	S	0.0
Spur_XM_030990278.1	Lcom_lcpid84878	64.0	S	0.0
Spur_XM_030990278.1	Salinf_EP00049_Salpingoeca_infusionum_P007349	64.0	S	0.0
Spur_XM_030990278.1	Mlei_ML0852.g6.i1	64.0	S	0.0
Spur_XM_030990278.1	Opea_EP00118_Oscarella_pearsei_P005433	64.0	S	0.0
Morvir_scaffold48.g43.t1	Mertsp_Mesp_sb553837	64.0	S	0.0
Morvir_scaffold48.g43.t1	Chofle_EP00730_Choanoeca_flexa_P006614	64.0	S	0.0
Morvir_scaffold48.g43.t1	Coemet_Cmet_C579352_01	64.0	S	0.0
Morvir_scaffold48.g43.t1	Beraby_Baby_sb331377	64.0	S	0.0
Morvir_scaffold48.g43.t1	Saldol_EP00054_Salpingoeca_dolichothecata_P036249	64.0	S	0.0
Morvir_scaffold48.g43.t1	Codhol_EP00042_Codosiga_hollandica_P030220	64.0	S	0.0
Morvir_scaffold48.g43.t1	Drygla_Dgla_sb276142	64.0	S	0.0
Morvir_scaffold48.g43.t1	Pbac_sb2645060	64.0	S	0.0
Morvir_scaffold48.g43.t1	Leuniv_Lniv_C809604_01	64.0	S	0.0
Morvir_scaffold48.g43.t1	Lampan_Lpan_C398731_01	64.0	S	0.0
Morvir_scaffold48.g43.t1	Saldol_EP00054_Salpingoeca_dolichothecata_P036250	64.0	S	0.0
Morvir_scaffold48.g43.t1	Salpun_EP00053_Salpingoeca_punica_P004050	64.0	S	0.0
Morvir_scaffold48.g43.t1	Salmac_EP00052_Salpingoeca_macrocollata_P026819	64.0	S	0.0
Morvir_scaffold48.g43.t1	Vmul_SimC381352	64.0	S	0.0
Morvir_scaffold48.g43.t1	Aque_Aqu2.1.32225_001	64.0	S	0.0
Morvir_scaffold48.g43.t1	Codhol_EP00042_Codosiga_hollandica_P024950	64.0	S	0.0
Morvir_scaffold48.g43.t1	Mertsp_Mesp_sb553838	64.0	S	0.0
Morvir_scaffold48.g43.t1	Drygla_Dgla_sb276143	64.0	S	0.0
Morvir_scaffold48.g43.t1	Codhol_EP00042_Codosiga_hollandica_P024951	64.0	S	0.0
Morvir_scaffold48.g43.t1	Microa_EP00043_Microstomoeca_roanoka_P007259	64.0	S	0.0
Morvir_scaffold48.g43.t1	Gracom_Gcom_C539660_01	64.0	S	0.0
Morvir_scaffold48.g43.t1	Mertsp_Mesp_sb553836	64.0	S	0.0
Morvir_scaffold48.g43.t1	Chofle_EP00730_Choanoeca_flexa_P006617	64.0	S	0.0
Morvir_scaffold48.g43.t1	Salmac_EP00052_Salpingoeca_macrocollata_P026817	64.0	S	0.0
Morvir_scaffold48.g43.t1	Bolinf_Binf_sb1185909	64.0	S	0.0
Morvir_scaffold48.g43.t1	Scil_scict008928.1	64.0	S	0.0
Morvir_scaffold48.g43.t1	Salurc_EP00051_Salpingoeca_urceolata_P028889	64.0	S	0.0
Morvir_scaffold48.g43.t1	Lcom_lcpid116789	64.0	S	0.0
Morvir_scaffold48.g43.t1	Choper_EP00045_Choanoeca_perplexa_P001888	64.0	S	0.0
Morvir_scaffold48.g43.t1	Sros_EGD76602	64.0	S	0.0
Morvir_scaffold48.g43.t1	Lcom_lcpid84878	64.0	S	0.0
Morvir_scaffold48.g43.t1	Salinf_EP00049_Salpingoeca_infusionum_P007349	64.0	S	0.0
Morvir_scaffold48.g43.t1	Mlei_ML0852.g6.i1	64.0	S	0.0
Morvir_scaffold48.g43.t1	Opea_EP00118_Oscarella_pearsei_P005433	64.0	S	0.0
Amil_Amillepora19018-RA	Mertsp_Mesp_sb553837	64.0	S	0.0
Amil_Amillepora19018-RA	Chofle_EP00730_Choanoeca_flexa_P006614	64.0	S	0.0
Amil_Amillepora19018-RA	Coemet_Cmet_C579352_01	64.0	S	0.0
Amil_Amillepora19018-RA	Beraby_Baby_sb331377	64.0	S	0.0
Amil_Amillepora19018-RA	Saldol_EP00054_Salpingoeca_dolichothecata_P036249	64.0	S	0.0
Amil_Amillepora19018-RA	Codhol_EP00042_Codosiga_hollandica_P030220	64.0	S	0.0
Amil_Amillepora19018-RA	Drygla_Dgla_sb276142	64.0	S	0.0
Amil_Amillepora19018-RA	Pbac_sb2645060	64.0	S	0.0
Amil_Amillepora19018-RA	Leuniv_Lniv_C809604_01	64.0	S	0.0
Amil_Amillepora19018-RA	Lampan_Lpan_C398731_01	64.0	S	0.0
Amil_Amillepora19018-RA	Saldol_EP00054_Salpingoeca_dolichothecata_P036250	64.0	S	0.0
Amil_Amillepora19018-RA	Salpun_EP00053_Salpingoeca_punica_P004050	64.0	S	0.0
Amil_Amillepora19018-RA	Salmac_EP00052_Salpingoeca_macrocollata_P026819	64.0	S	0.0
Amil_Amillepora19018-RA	Vmul_SimC381352	64.0	S	0.0
Amil_Amillepora19018-RA	Aque_Aqu2.1.32225_001	64.0	S	0.0
Amil_Amillepora19018-RA	Codhol_EP00042_Codosiga_hollandica_P024950	64.0	S	0.0
Amil_Amillepora19018-RA	Mertsp_Mesp_sb553838	64.0	S	0.0
Amil_Amillepora19018-RA	Drygla_Dgla_sb276143	64.0	S	0.0
Amil_Amillepora19018-RA	Codhol_EP00042_Codosiga_hollandica_P024951	64.0	S	0.0
Amil_Amillepora19018-RA	Microa_EP00043_Microstomoeca_roanoka_P007259	64.0	S	0.0
Amil_Amillepora19018-RA	Gracom_Gcom_C539660_01	64.0	S	0.0
Amil_Amillepora19018-RA	Mertsp_Mesp_sb553836	64.0	S	0.0
Amil_Amillepora19018-RA	Chofle_EP00730_Choanoeca_flexa_P006617	64.0	S	0.0
Amil_Amillepora19018-RA	Salmac_EP00052_Salpingoeca_macrocollata_P026817	64.0	S	0.0
Amil_Amillepora19018-RA	Bolinf_Binf_sb1185909	64.0	S	0.0
Amil_Amillepora19018-RA	Scil_scict008928.1	64.0	S	0.0
Amil_Amillepora19018-RA	Salurc_EP00051_Salpingoeca_urceolata_P028889	64.0	S	0.0
Amil_Amillepora19018-RA	Lcom_lcpid116789	64.0	S	0.0
Amil_Amillepora19018-RA	Choper_EP00045_Choanoeca_perplexa_P001888	64.0	S	0.0
Amil_Amillepora19018-RA	Sros_EGD76602	64.0	S	0.0
Amil_Amillepora19018-RA	Lcom_lcpid84878	64.0	S	0.0
Amil_Amillepora19018-RA	Salinf_EP00049_Salpingoeca_infusionum_P007349	64.0	S	0.0
Amil_Amillepora19018-RA	Mlei_ML0852.g6.i1	64.0	S	0.0
Amil_Amillepora19018-RA	Opea_EP00118_Oscarella_pearsei_P005433	64.0	S	0.0
Gfas_gfas1.m1.5881.m1	Mertsp_Mesp_sb553837	64.0	S	0.0
Gfas_gfas1.m1.5881.m1	Chofle_EP00730_Choanoeca_flexa_P006614	64.0	S	0.0
Gfas_gfas1.m1.5881.m1	Coemet_Cmet_C579352_01	64.0	S	0.0
Gfas_gfas1.m1.5881.m1	Beraby_Baby_sb331377	64.0	S	0.0
Gfas_gfas1.m1.5881.m1	Saldol_EP00054_Salpingoeca_dolichothecata_P036249	64.0	S	0.0
Gfas_gfas1.m1.5881.m1	Codhol_EP00042_Codosiga_hollandica_P030220	64.0	S	0.0
Gfas_gfas1.m1.5881.m1	Drygla_Dgla_sb276142	64.0	S	0.0
Gfas_gfas1.m1.5881.m1	Pbac_sb2645060	64.0	S	0.0
Gfas_gfas1.m1.5881.m1	Leuniv_Lniv_C809604_01	64.0	S	0.0
Gfas_gfas1.m1.5881.m1	Lampan_Lpan_C398731_01	64.0	S	0.0
Gfas_gfas1.m1.5881.m1	Saldol_EP00054_Salpingoeca_dolichothecata_P036250	64.0	S	0.0
Gfas_gfas1.m1.5881.m1	Salpun_EP00053_Salpingoeca_punica_P004050	64.0	S	0.0
Gfas_gfas1.m1.5881.m1	Salmac_EP00052_Salpingoeca_macrocollata_P026819	64.0	S	0.0
Gfas_gfas1.m1.5881.m1	Vmul_SimC381352	64.0	S	0.0
Gfas_gfas1.m1.5881.m1	Aque_Aqu2.1.32225_001	64.0	S	0.0
Gfas_gfas1.m1.5881.m1	Codhol_EP00042_Codosiga_hollandica_P024950	64.0	S	0.0
Gfas_gfas1.m1.5881.m1	Mertsp_Mesp_sb553838	64.0	S	0.0
Gfas_gfas1.m1.5881.m1	Drygla_Dgla_sb276143	64.0	S	0.0
Gfas_gfas1.m1.5881.m1	Codhol_EP00042_Codosiga_hollandica_P024951	64.0	S	0.0
Gfas_gfas1.m1.5881.m1	Microa_EP00043_Microstomoeca_roanoka_P007259	64.0	S	0.0
Gfas_gfas1.m1.5881.m1	Gracom_Gcom_C539660_01	64.0	S	0.0
Gfas_gfas1.m1.5881.m1	Mertsp_Mesp_sb553836	64.0	S	0.0
Gfas_gfas1.m1.5881.m1	Chofle_EP00730_Choanoeca_flexa_P006617	64.0	S	0.0
Gfas_gfas1.m1.5881.m1	Salmac_EP00052_Salpingoeca_macrocollata_P026817	64.0	S	0.0
Gfas_gfas1.m1.5881.m1	Bolinf_Binf_sb1185909	64.0	S	0.0
Gfas_gfas1.m1.5881.m1	Scil_scict008928.1	64.0	S	0.0
Gfas_gfas1.m1.5881.m1	Salurc_EP00051_Salpingoeca_urceolata_P028889	64.0	S	0.0
Gfas_gfas1.m1.5881.m1	Lcom_lcpid116789	64.0	S	0.0
Gfas_gfas1.m1.5881.m1	Choper_EP00045_Choanoeca_perplexa_P001888	64.0	S	0.0
Gfas_gfas1.m1.5881.m1	Sros_EGD76602	64.0	S	0.0
Gfas_gfas1.m1.5881.m1	Lcom_lcpid84878	64.0	S	0.0
Gfas_gfas1.m1.5881.m1	Salinf_EP00049_Salpingoeca_infusionum_P007349	64.0	S	0.0
Gfas_gfas1.m1.5881.m1	Mlei_ML0852.g6.i1	64.0	S	0.0
Gfas_gfas1.m1.5881.m1	Opea_EP00118_Oscarella_pearsei_P005433	64.0	S	0.0
Pocdam_XM_027199738.1	Mertsp_Mesp_sb553837	64.0	S	0.0
Pocdam_XM_027199738.1	Chofle_EP00730_Choanoeca_flexa_P006614	64.0	S	0.0
Pocdam_XM_027199738.1	Coemet_Cmet_C579352_01	64.0	S	0.0
Pocdam_XM_027199738.1	Beraby_Baby_sb331377	64.0	S	0.0
Pocdam_XM_027199738.1	Saldol_EP00054_Salpingoeca_dolichothecata_P036249	64.0	S	0.0
Pocdam_XM_027199738.1	Codhol_EP00042_Codosiga_hollandica_P030220	64.0	S	0.0
Pocdam_XM_027199738.1	Drygla_Dgla_sb276142	64.0	S	0.0
Pocdam_XM_027199738.1	Pbac_sb2645060	64.0	S	0.0
Pocdam_XM_027199738.1	Leuniv_Lniv_C809604_01	64.0	S	0.0
Pocdam_XM_027199738.1	Lampan_Lpan_C398731_01	64.0	S	0.0
Pocdam_XM_027199738.1	Saldol_EP00054_Salpingoeca_dolichothecata_P036250	64.0	S	0.0
Pocdam_XM_027199738.1	Salpun_EP00053_Salpingoeca_punica_P004050	64.0	S	0.0
Pocdam_XM_027199738.1	Salmac_EP00052_Salpingoeca_macrocollata_P026819	64.0	S	0.0
Pocdam_XM_027199738.1	Vmul_SimC381352	64.0	S	0.0
Pocdam_XM_027199738.1	Aque_Aqu2.1.32225_001	64.0	S	0.0
Pocdam_XM_027199738.1	Codhol_EP00042_Codosiga_hollandica_P024950	64.0	S	0.0
Pocdam_XM_027199738.1	Mertsp_Mesp_sb553838	64.0	S	0.0
Pocdam_XM_027199738.1	Drygla_Dgla_sb276143	64.0	S	0.0
Pocdam_XM_027199738.1	Codhol_EP00042_Codosiga_hollandica_P024951	64.0	S	0.0
Pocdam_XM_027199738.1	Microa_EP00043_Microstomoeca_roanoka_P007259	64.0	S	0.0
Pocdam_XM_027199738.1	Gracom_Gcom_C539660_01	64.0	S	0.0
Pocdam_XM_027199738.1	Mertsp_Mesp_sb553836	64.0	S	0.0
Pocdam_XM_027199738.1	Chofle_EP00730_Choanoeca_flexa_P006617	64.0	S	0.0
Pocdam_XM_027199738.1	Salmac_EP00052_Salpingoeca_macrocollata_P026817	64.0	S	0.0
Pocdam_XM_027199738.1	Bolinf_Binf_sb1185909	64.0	S	0.0
Pocdam_XM_027199738.1	Scil_scict008928.1	64.0	S	0.0
Pocdam_XM_027199738.1	Salurc_EP00051_Salpingoeca_urceolata_P028889	64.0	S	0.0
Pocdam_XM_027199738.1	Lcom_lcpid116789	64.0	S	0.0
Pocdam_XM_027199738.1	Choper_EP00045_Choanoeca_perplexa_P001888	64.0	S	0.0
Pocdam_XM_027199738.1	Sros_EGD76602	64.0	S	0.0
Pocdam_XM_027199738.1	Lcom_lcpid84878	64.0	S	0.0
Pocdam_XM_027199738.1	Salinf_EP00049_Salpingoeca_infusionum_P007349	64.0	S	0.0
Pocdam_XM_027199738.1	Mlei_ML0852.g6.i1	64.0	S	0.0
Pocdam_XM_027199738.1	Opea_EP00118_Oscarella_pearsei_P005433	64.0	S	0.0
Cscu_XM_023367682.1	Hsap_ENST00000572195	84.0	S	0.0
Helnan_EP00037_Helgoeca_nana_P024546	Didcos_EP00039_Didymoeca_costata_P019852	82.0	S	0.0
Helnan_EP00037_Helgoeca_nana_P024546	Diagra_EP00040_Diaphanoeca_grandis_P006162	82.0	S	0.0
Acaspe_EP00035_Acanthoeca_spectabilis_P027577	Didcos_EP00039_Didymoeca_costata_P019852	82.0	S	0.0
Acaspe_EP00035_Acanthoeca_spectabilis_P027577	Diagra_EP00040_Diaphanoeca_grandis_P006162	82.0	S	0.0
HoiH06_mRNA10087	Bralan_BLAG09000289_1	62.0	S	0.0
HoiH06_mRNA10087	Spis_XP_022796248_1	62.0	S	0.0
HoiH06_mRNA10087	Acagra_model.g26730.t1	62.0	S	0.0
HoiH06_mRNA10087	Exapal_XM_021036546.2	62.0	S	0.0
HoiH06_mRNA10087	Rhoesc_Res_004980-T1	62.0	S	0.0
HoiH06_mRNA10087	Gasp_gasp1.m3.16605.m1	62.0	S	0.0
HoiH06_mRNA10087	Skow_XM_006813920.1	62.0	S	0.0
HoiH06_mRNA10087	Xesp_000472-T1	62.0	S	0.0
HoiH06_mRNA10087	Cgig_XM_034452714.1	62.0	S	0.0
HoiH06_mRNA10087	Nemnom_g14616.t1	62.0	S	0.0
HoiH06_mRNA10087	Fspp_ffun1.m4.16904.m1	62.0	S	0.0
HoiH06_mRNA10087	Spis_XP_022796250_1	62.0	S	0.0
HoiH06_mRNA10087	Sanmal_Sma_005474-T1	62.0	S	0.0
HoiH06_mRNA10087	Dpul_mRNA15494	62.0	S	0.0
HoiH06_mRNA10087	Dgig_XM_028557642.1	62.0	S	0.0
HoiH06_mRNA10087	Spis_Spis_13417_1	62.0	S	0.0
HoiH06_mRNA10087	Nvec_v1g210684	62.0	S	0.0
HoiH06_mRNA10087	Ctel_gnl_WGS_AMQN_CAPTEDRAFT_mRNA223070	62.0	S	0.0
HoiH06_mRNA10087	Adig_XM_015904385.1	62.0	S	0.0
HoiH06_mRNA10087	Hvul_g19680_1	62.0	S	0.0
HoiH06_mRNA10087	Spur_XM_030990278.1	62.0	S	0.0
HoiH06_mRNA10087	Morvir_scaffold48.g43.t1	62.0	S	0.0
HoiH06_mRNA10087	Amil_Amillepora19018-RA	62.0	S	0.0
HoiH06_mRNA10087	Gfas_gfas1.m1.5881.m1	62.0	S	0.0
HoiH06_mRNA10087	Pocdam_XM_027199738.1	62.0	S	0.0
TrH2_TrispH2_000218-RA	Bralan_BLAG09000289_1	62.0	S	0.0
TrH2_TrispH2_000218-RA	Spis_XP_022796248_1	62.0	S	0.0
TrH2_TrispH2_000218-RA	Acagra_model.g26730.t1	62.0	S	0.0
TrH2_TrispH2_000218-RA	Exapal_XM_021036546.2	62.0	S	0.0
TrH2_TrispH2_000218-RA	Rhoesc_Res_004980-T1	62.0	S	0.0
TrH2_TrispH2_000218-RA	Gasp_gasp1.m3.16605.m1	62.0	S	0.0
TrH2_TrispH2_000218-RA	Skow_XM_006813920.1	62.0	S	0.0
TrH2_TrispH2_000218-RA	Xesp_000472-T1	62.0	S	0.0
TrH2_TrispH2_000218-RA	Cgig_XM_034452714.1	62.0	S	0.0
TrH2_TrispH2_000218-RA	Nemnom_g14616.t1	62.0	S	0.0
TrH2_TrispH2_000218-RA	Fspp_ffun1.m4.16904.m1	62.0	S	0.0
TrH2_TrispH2_000218-RA	Spis_XP_022796250_1	62.0	S	0.0
TrH2_TrispH2_000218-RA	Sanmal_Sma_005474-T1	62.0	S	0.0
TrH2_TrispH2_000218-RA	Dpul_mRNA15494	62.0	S	0.0
TrH2_TrispH2_000218-RA	Dgig_XM_028557642.1	62.0	S	0.0
TrH2_TrispH2_000218-RA	Spis_Spis_13417_1	62.0	S	0.0
TrH2_TrispH2_000218-RA	Nvec_v1g210684	62.0	S	0.0
TrH2_TrispH2_000218-RA	Ctel_gnl_WGS_AMQN_CAPTEDRAFT_mRNA223070	62.0	S	0.0
TrH2_TrispH2_000218-RA	Adig_XM_015904385.1	62.0	S	0.0
TrH2_TrispH2_000218-RA	Hvul_g19680_1	62.0	S	0.0
TrH2_TrispH2_000218-RA	Spur_XM_030990278.1	62.0	S	0.0
TrH2_TrispH2_000218-RA	Morvir_scaffold48.g43.t1	62.0	S	0.0
TrH2_TrispH2_000218-RA	Amil_Amillepora19018-RA	62.0	S	0.0
TrH2_TrispH2_000218-RA	Gfas_gfas1.m1.5881.m1	62.0	S	0.0
TrH2_TrispH2_000218-RA	Pocdam_XM_027199738.1	62.0	S	0.0
Tadh_TriadT52561	Bralan_BLAG09000289_1	62.0	S	0.0
Tadh_TriadT52561	Spis_XP_022796248_1	62.0	S	0.0
Tadh_TriadT52561	Acagra_model.g26730.t1	62.0	S	0.0
Tadh_TriadT52561	Exapal_XM_021036546.2	62.0	S	0.0
Tadh_TriadT52561	Rhoesc_Res_004980-T1	62.0	S	0.0
Tadh_TriadT52561	Gasp_gasp1.m3.16605.m1	62.0	S	0.0
Tadh_TriadT52561	Skow_XM_006813920.1	62.0	S	0.0
Tadh_TriadT52561	Xesp_000472-T1	62.0	S	0.0
Tadh_TriadT52561	Cgig_XM_034452714.1	62.0	S	0.0
Tadh_TriadT52561	Nemnom_g14616.t1	62.0	S	0.0
Tadh_TriadT52561	Fspp_ffun1.m4.16904.m1	62.0	S	0.0
Tadh_TriadT52561	Spis_XP_022796250_1	62.0	S	0.0
Tadh_TriadT52561	Sanmal_Sma_005474-T1	62.0	S	0.0
Tadh_TriadT52561	Dpul_mRNA15494	62.0	S	0.0
Tadh_TriadT52561	Dgig_XM_028557642.1	62.0	S	0.0
Tadh_TriadT52561	Spis_Spis_13417_1	62.0	S	0.0
Tadh_TriadT52561	Nvec_v1g210684	62.0	S	0.0
Tadh_TriadT52561	Ctel_gnl_WGS_AMQN_CAPTEDRAFT_mRNA223070	62.0	S	0.0
Tadh_TriadT52561	Adig_XM_015904385.1	62.0	S	0.0
Tadh_TriadT52561	Hvul_g19680_1	62.0	S	0.0
Tadh_TriadT52561	Spur_XM_030990278.1	62.0	S	0.0
Tadh_TriadT52561	Morvir_scaffold48.g43.t1	62.0	S	0.0
Tadh_TriadT52561	Amil_Amillepora19018-RA	62.0	S	0.0
Tadh_TriadT52561	Gfas_gfas1.m1.5881.m1	62.0	S	0.0
Tadh_TriadT52561	Pocdam_XM_027199738.1	62.0	S	0.0
Hhon_g04510.t1	Bralan_BLAG09000289_1	62.0	S	0.0
Hhon_g04510.t1	Spis_XP_022796248_1	62.0	S	0.0
Hhon_g04510.t1	Acagra_model.g26730.t1	62.0	S	0.0
Hhon_g04510.t1	Exapal_XM_021036546.2	62.0	S	0.0
Hhon_g04510.t1	Rhoesc_Res_004980-T1	62.0	S	0.0
Hhon_g04510.t1	Gasp_gasp1.m3.16605.m1	62.0	S	0.0
Hhon_g04510.t1	Skow_XM_006813920.1	62.0	S	0.0
Hhon_g04510.t1	Xesp_000472-T1	62.0	S	0.0
Hhon_g04510.t1	Cgig_XM_034452714.1	62.0	S	0.0
Hhon_g04510.t1	Nemnom_g14616.t1	62.0	S	0.0
Hhon_g04510.t1	Fspp_ffun1.m4.16904.m1	62.0	S	0.0
Hhon_g04510.t1	Spis_XP_022796250_1	62.0	S	0.0
Hhon_g04510.t1	Sanmal_Sma_005474-T1	62.0	S	0.0
Hhon_g04510.t1	Dpul_mRNA15494	62.0	S	0.0
Hhon_g04510.t1	Dgig_XM_028557642.1	62.0	S	0.0
Hhon_g04510.t1	Spis_Spis_13417_1	62.0	S	0.0
Hhon_g04510.t1	Nvec_v1g210684	62.0	S	0.0
Hhon_g04510.t1	Ctel_gnl_WGS_AMQN_CAPTEDRAFT_mRNA223070	62.0	S	0.0
Hhon_g04510.t1	Adig_XM_015904385.1	62.0	S	0.0
Hhon_g04510.t1	Hvul_g19680_1	62.0	S	0.0
Hhon_g04510.t1	Spur_XM_030990278.1	62.0	S	0.0
Hhon_g04510.t1	Morvir_scaffold48.g43.t1	62.0	S	0.0
Hhon_g04510.t1	Amil_Amillepora19018-RA	62.0	S	0.0
Hhon_g04510.t1	Gfas_gfas1.m1.5881.m1	62.0	S	0.0
Hhon_g04510.t1	Pocdam_XM_027199738.1	62.0	S	0.0
Tcas_TC030670_002	Bralan_BLAG09000289_1	62.0	S	0.0
Tcas_TC030670_002	Spis_XP_022796248_1	62.0	S	0.0
Tcas_TC030670_002	Acagra_model.g26730.t1	62.0	S	0.0
Tcas_TC030670_002	Exapal_XM_021036546.2	62.0	S	0.0
Tcas_TC030670_002	Rhoesc_Res_004980-T1	62.0	S	0.0
Tcas_TC030670_002	Gasp_gasp1.m3.16605.m1	62.0	S	0.0
Tcas_TC030670_002	Skow_XM_006813920.1	62.0	S	0.0
Tcas_TC030670_002	Xesp_000472-T1	62.0	S	0.0
Tcas_TC030670_002	Cgig_XM_034452714.1	62.0	S	0.0
Tcas_TC030670_002	Nemnom_g14616.t1	62.0	S	0.0
Tcas_TC030670_002	Fspp_ffun1.m4.16904.m1	62.0	S	0.0
Tcas_TC030670_002	Spis_XP_022796250_1	62.0	S	0.0
Tcas_TC030670_002	Sanmal_Sma_005474-T1	62.0	S	0.0
Tcas_TC030670_002	Dpul_mRNA15494	62.0	S	0.0
Tcas_TC030670_002	Dgig_XM_028557642.1	62.0	S	0.0
Tcas_TC030670_002	Spis_Spis_13417_1	62.0	S	0.0
Tcas_TC030670_002	Nvec_v1g210684	62.0	S	0.0
Tcas_TC030670_002	Ctel_gnl_WGS_AMQN_CAPTEDRAFT_mRNA223070	62.0	S	0.0
Tcas_TC030670_002	Adig_XM_015904385.1	62.0	S	0.0
Tcas_TC030670_002	Hvul_g19680_1	62.0	S	0.0
Tcas_TC030670_002	Spur_XM_030990278.1	62.0	S	0.0
Tcas_TC030670_002	Morvir_scaffold48.g43.t1	62.0	S	0.0
Tcas_TC030670_002	Amil_Amillepora19018-RA	62.0	S	0.0
Tcas_TC030670_002	Gfas_gfas1.m1.5881.m1	62.0	S	0.0
Tcas_TC030670_002	Pocdam_XM_027199738.1	62.0	S	0.0
HoiH23_PlH23_000735-RA	Bralan_BLAG09000289_1	62.0	S	0.0
HoiH23_PlH23_000735-RA	Spis_XP_022796248_1	62.0	S	0.0
HoiH23_PlH23_000735-RA	Acagra_model.g26730.t1	62.0	S	0.0
HoiH23_PlH23_000735-RA	Exapal_XM_021036546.2	62.0	S	0.0
HoiH23_PlH23_000735-RA	Rhoesc_Res_004980-T1	62.0	S	0.0
HoiH23_PlH23_000735-RA	Gasp_gasp1.m3.16605.m1	62.0	S	0.0
HoiH23_PlH23_000735-RA	Skow_XM_006813920.1	62.0	S	0.0
HoiH23_PlH23_000735-RA	Xesp_000472-T1	62.0	S	0.0
HoiH23_PlH23_000735-RA	Cgig_XM_034452714.1	62.0	S	0.0
HoiH23_PlH23_000735-RA	Nemnom_g14616.t1	62.0	S	0.0
HoiH23_PlH23_000735-RA	Fspp_ffun1.m4.16904.m1	62.0	S	0.0
HoiH23_PlH23_000735-RA	Spis_XP_022796250_1	62.0	S	0.0
HoiH23_PlH23_000735-RA	Sanmal_Sma_005474-T1	62.0	S	0.0
HoiH23_PlH23_000735-RA	Dpul_mRNA15494	62.0	S	0.0
HoiH23_PlH23_000735-RA	Dgig_XM_028557642.1	62.0	S	0.0
HoiH23_PlH23_000735-RA	Spis_Spis_13417_1	62.0	S	0.0
HoiH23_PlH23_000735-RA	Nvec_v1g210684	62.0	S	0.0
HoiH23_PlH23_000735-RA	Ctel_gnl_WGS_AMQN_CAPTEDRAFT_mRNA223070	62.0	S	0.0
HoiH23_PlH23_000735-RA	Adig_XM_015904385.1	62.0	S	0.0
HoiH23_PlH23_000735-RA	Hvul_g19680_1	62.0	S	0.0
HoiH23_PlH23_000735-RA	Spur_XM_030990278.1	62.0	S	0.0
HoiH23_PlH23_000735-RA	Morvir_scaffold48.g43.t1	62.0	S	0.0
HoiH23_PlH23_000735-RA	Amil_Amillepora19018-RA	62.0	S	0.0
HoiH23_PlH23_000735-RA	Gfas_gfas1.m1.5881.m1	62.0	S	0.0
HoiH23_PlH23_000735-RA	Pocdam_XM_027199738.1	62.0	S	0.0
HoiH11_mRNA5250	Bralan_BLAG09000289_1	62.0	S	0.0
HoiH11_mRNA5250	Spis_XP_022796248_1	62.0	S	0.0
HoiH11_mRNA5250	Acagra_model.g26730.t1	62.0	S	0.0
HoiH11_mRNA5250	Exapal_XM_021036546.2	62.0	S	0.0
HoiH11_mRNA5250	Rhoesc_Res_004980-T1	62.0	S	0.0
HoiH11_mRNA5250	Gasp_gasp1.m3.16605.m1	62.0	S	0.0
HoiH11_mRNA5250	Skow_XM_006813920.1	62.0	S	0.0
HoiH11_mRNA5250	Xesp_000472-T1	62.0	S	0.0
HoiH11_mRNA5250	Cgig_XM_034452714.1	62.0	S	0.0
HoiH11_mRNA5250	Nemnom_g14616.t1	62.0	S	0.0
HoiH11_mRNA5250	Fspp_ffun1.m4.16904.m1	62.0	S	0.0
HoiH11_mRNA5250	Spis_XP_022796250_1	62.0	S	0.0
HoiH11_mRNA5250	Sanmal_Sma_005474-T1	62.0	S	0.0
HoiH11_mRNA5250	Dpul_mRNA15494	62.0	S	0.0
HoiH11_mRNA5250	Dgig_XM_028557642.1	62.0	S	0.0
HoiH11_mRNA5250	Spis_Spis_13417_1	62.0	S	0.0
HoiH11_mRNA5250	Nvec_v1g210684	62.0	S	0.0
HoiH11_mRNA5250	Ctel_gnl_WGS_AMQN_CAPTEDRAFT_mRNA223070	62.0	S	0.0
HoiH11_mRNA5250	Adig_XM_015904385.1	62.0	S	0.0
HoiH11_mRNA5250	Hvul_g19680_1	62.0	S	0.0
HoiH11_mRNA5250	Spur_XM_030990278.1	62.0	S	0.0
HoiH11_mRNA5250	Morvir_scaffold48.g43.t1	62.0	S	0.0
HoiH11_mRNA5250	Amil_Amillepora19018-RA	62.0	S	0.0
HoiH11_mRNA5250	Gfas_gfas1.m1.5881.m1	62.0	S	0.0
HoiH11_mRNA5250	Pocdam_XM_027199738.1	62.0	S	0.0
HoiH04_mRNA602	Bralan_BLAG09000289_1	62.0	S	0.0
HoiH04_mRNA602	Spis_XP_022796248_1	62.0	S	0.0
HoiH04_mRNA602	Acagra_model.g26730.t1	62.0	S	0.0
HoiH04_mRNA602	Exapal_XM_021036546.2	62.0	S	0.0
HoiH04_mRNA602	Rhoesc_Res_004980-T1	62.0	S	0.0
HoiH04_mRNA602	Gasp_gasp1.m3.16605.m1	62.0	S	0.0
HoiH04_mRNA602	Skow_XM_006813920.1	62.0	S	0.0
HoiH04_mRNA602	Xesp_000472-T1	62.0	S	0.0
HoiH04_mRNA602	Cgig_XM_034452714.1	62.0	S	0.0
HoiH04_mRNA602	Nemnom_g14616.t1	62.0	S	0.0
HoiH04_mRNA602	Fspp_ffun1.m4.16904.m1	62.0	S	0.0
HoiH04_mRNA602	Spis_XP_022796250_1	62.0	S	0.0
HoiH04_mRNA602	Sanmal_Sma_005474-T1	62.0	S	0.0
HoiH04_mRNA602	Dpul_mRNA15494	62.0	S	0.0
HoiH04_mRNA602	Dgig_XM_028557642.1	62.0	S	0.0
HoiH04_mRNA602	Spis_Spis_13417_1	62.0	S	0.0
HoiH04_mRNA602	Nvec_v1g210684	62.0	S	0.0
HoiH04_mRNA602	Ctel_gnl_WGS_AMQN_CAPTEDRAFT_mRNA223070	62.0	S	0.0
HoiH04_mRNA602	Adig_XM_015904385.1	62.0	S	0.0
HoiH04_mRNA602	Hvul_g19680_1	62.0	S	0.0
HoiH04_mRNA602	Spur_XM_030990278.1	62.0	S	0.0
HoiH04_mRNA602	Morvir_scaffold48.g43.t1	62.0	S	0.0
HoiH04_mRNA602	Amil_Amillepora19018-RA	62.0	S	0.0
HoiH04_mRNA602	Gfas_gfas1.m1.5881.m1	62.0	S	0.0
HoiH04_mRNA602	Pocdam_XM_027199738.1	62.0	S	0.0
Acaspe_EP00035_Acanthoeca_spectabilis_P027577	Helnan_EP00037_Helgoeca_nana_P024546	100.0	S	0.0
Diagra_EP00040_Diaphanoeca_grandis_P006162	Didcos_EP00039_Didymoeca_costata_P019852	100.0	S	0.0
Tcas_TC030670_002	HoiH06_mRNA10087	92.0	S	0.0
Tcas_TC030670_002	TrH2_TrispH2_000218-RA	92.0	S	0.0
Tcas_TC030670_002	Tadh_TriadT52561	92.0	S	0.0
Tcas_TC030670_002	Hhon_g04510.t1	92.0	S	0.0
Tcas_TC030670_002	HoiH23_PlH23_000735-RA	92.0	S	0.0
Tcas_TC030670_002	HoiH11_mRNA5250	92.0	S	0.0
Tcas_TC030670_002	HoiH04_mRNA602	92.0	S	0.0
Hvul_g19680_1	Bralan_BLAG09000289_1	72.0	S	0.0
Hvul_g19680_1	Ctel_gnl_WGS_AMQN_CAPTEDRAFT_mRNA223070	72.0	S	0.0
Hvul_g19680_1	Adig_XM_015904385.1	72.0	S	0.0
Hvul_g19680_1	Xesp_000472-T1	72.0	S	0.0
Hvul_g19680_1	Gasp_gasp1.m3.16605.m1	72.0	S	0.0
Hvul_g19680_1	Cgig_XM_034452714.1	72.0	S	0.0
Hvul_g19680_1	Spis_XP_022796248_1	72.0	S	0.0
Hvul_g19680_1	Fspp_ffun1.m4.16904.m1	72.0	S	0.0
Hvul_g19680_1	Spis_XP_022796250_1	72.0	S	0.0
Hvul_g19680_1	Acagra_model.g26730.t1	72.0	S	0.0
Hvul_g19680_1	Amil_Amillepora19018-RA	72.0	S	0.0
Hvul_g19680_1	Dgig_XM_028557642.1	72.0	S	0.0
Hvul_g19680_1	Exapal_XM_021036546.2	72.0	S	0.0
Hvul_g19680_1	Gfas_gfas1.m1.5881.m1	72.0	S	0.0
Hvul_g19680_1	Spis_Spis_13417_1	72.0	S	0.0
Hvul_g19680_1	Pocdam_XM_027199738.1	72.0	S	0.0
Hvul_g19680_1	Nvec_v1g210684	72.0	S	0.0
Hvul_g19680_1	Skow_XM_006813920.1	72.0	S	0.0
Spur_XM_030990278.1	Bralan_BLAG09000289_1	72.0	S	0.0
Spur_XM_030990278.1	Ctel_gnl_WGS_AMQN_CAPTEDRAFT_mRNA223070	72.0	S	0.0
Spur_XM_030990278.1	Adig_XM_015904385.1	72.0	S	0.0
Spur_XM_030990278.1	Xesp_000472-T1	72.0	S	0.0
Spur_XM_030990278.1	Gasp_gasp1.m3.16605.m1	72.0	S	0.0
Spur_XM_030990278.1	Cgig_XM_034452714.1	72.0	S	0.0
Spur_XM_030990278.1	Spis_XP_022796248_1	72.0	S	0.0
Spur_XM_030990278.1	Fspp_ffun1.m4.16904.m1	72.0	S	0.0
Spur_XM_030990278.1	Spis_XP_022796250_1	72.0	S	0.0
Spur_XM_030990278.1	Acagra_model.g26730.t1	72.0	S	0.0
Spur_XM_030990278.1	Amil_Amillepora19018-RA	72.0	S	0.0
Spur_XM_030990278.1	Dgig_XM_028557642.1	72.0	S	0.0
Spur_XM_030990278.1	Exapal_XM_021036546.2	72.0	S	0.0
Spur_XM_030990278.1	Gfas_gfas1.m1.5881.m1	72.0	S	0.0
Spur_XM_030990278.1	Spis_Spis_13417_1	72.0	S	0.0
Spur_XM_030990278.1	Pocdam_XM_027199738.1	72.0	S	0.0
Spur_XM_030990278.1	Nvec_v1g210684	72.0	S	0.0
Spur_XM_030990278.1	Skow_XM_006813920.1	72.0	S	0.0
Nemnom_g14616.t1	Bralan_BLAG09000289_1	72.0	S	0.0
Nemnom_g14616.t1	Ctel_gnl_WGS_AMQN_CAPTEDRAFT_mRNA223070	72.0	S	0.0
Nemnom_g14616.t1	Adig_XM_015904385.1	72.0	S	0.0
Nemnom_g14616.t1	Xesp_000472-T1	72.0	S	0.0
Nemnom_g14616.t1	Gasp_gasp1.m3.16605.m1	72.0	S	0.0
Nemnom_g14616.t1	Cgig_XM_034452714.1	72.0	S	0.0
Nemnom_g14616.t1	Spis_XP_022796248_1	72.0	S	0.0
Nemnom_g14616.t1	Fspp_ffun1.m4.16904.m1	72.0	S	0.0
Nemnom_g14616.t1	Spis_XP_022796250_1	72.0	S	0.0
Nemnom_g14616.t1	Acagra_model.g26730.t1	72.0	S	0.0
Nemnom_g14616.t1	Amil_Amillepora19018-RA	72.0	S	0.0
Nemnom_g14616.t1	Dgig_XM_028557642.1	72.0	S	0.0
Nemnom_g14616.t1	Exapal_XM_021036546.2	72.0	S	0.0
Nemnom_g14616.t1	Gfas_gfas1.m1.5881.m1	72.0	S	0.0
Nemnom_g14616.t1	Spis_Spis_13417_1	72.0	S	0.0
Nemnom_g14616.t1	Pocdam_XM_027199738.1	72.0	S	0.0
Nemnom_g14616.t1	Nvec_v1g210684	72.0	S	0.0
Nemnom_g14616.t1	Skow_XM_006813920.1	72.0	S	0.0
Morvir_scaffold48.g43.t1	Bralan_BLAG09000289_1	72.0	S	0.0
Morvir_scaffold48.g43.t1	Ctel_gnl_WGS_AMQN_CAPTEDRAFT_mRNA223070	72.0	S	0.0
Morvir_scaffold48.g43.t1	Adig_XM_015904385.1	72.0	S	0.0
Morvir_scaffold48.g43.t1	Xesp_000472-T1	72.0	S	0.0
Morvir_scaffold48.g43.t1	Gasp_gasp1.m3.16605.m1	72.0	S	0.0
Morvir_scaffold48.g43.t1	Cgig_XM_034452714.1	72.0	S	0.0
Morvir_scaffold48.g43.t1	Spis_XP_022796248_1	72.0	S	0.0
Morvir_scaffold48.g43.t1	Fspp_ffun1.m4.16904.m1	72.0	S	0.0
Morvir_scaffold48.g43.t1	Spis_XP_022796250_1	72.0	S	0.0
Morvir_scaffold48.g43.t1	Acagra_model.g26730.t1	72.0	S	0.0
Morvir_scaffold48.g43.t1	Amil_Amillepora19018-RA	72.0	S	0.0
Morvir_scaffold48.g43.t1	Dgig_XM_028557642.1	72.0	S	0.0
Morvir_scaffold48.g43.t1	Exapal_XM_021036546.2	72.0	S	0.0
Morvir_scaffold48.g43.t1	Gfas_gfas1.m1.5881.m1	72.0	S	0.0
Morvir_scaffold48.g43.t1	Spis_Spis_13417_1	72.0	S	0.0
Morvir_scaffold48.g43.t1	Pocdam_XM_027199738.1	72.0	S	0.0
Morvir_scaffold48.g43.t1	Nvec_v1g210684	72.0	S	0.0
Morvir_scaffold48.g43.t1	Skow_XM_006813920.1	72.0	S	0.0
Sanmal_Sma_005474-T1	Bralan_BLAG09000289_1	72.0	S	0.0
Sanmal_Sma_005474-T1	Ctel_gnl_WGS_AMQN_CAPTEDRAFT_mRNA223070	72.0	S	0.0
Sanmal_Sma_005474-T1	Adig_XM_015904385.1	72.0	S	0.0
Sanmal_Sma_005474-T1	Xesp_000472-T1	72.0	S	0.0
Sanmal_Sma_005474-T1	Gasp_gasp1.m3.16605.m1	72.0	S	0.0
Sanmal_Sma_005474-T1	Cgig_XM_034452714.1	72.0	S	0.0
Sanmal_Sma_005474-T1	Spis_XP_022796248_1	72.0	S	0.0
Sanmal_Sma_005474-T1	Fspp_ffun1.m4.16904.m1	72.0	S	0.0
Sanmal_Sma_005474-T1	Spis_XP_022796250_1	72.0	S	0.0
Sanmal_Sma_005474-T1	Acagra_model.g26730.t1	72.0	S	0.0
Sanmal_Sma_005474-T1	Amil_Amillepora19018-RA	72.0	S	0.0
Sanmal_Sma_005474-T1	Dgig_XM_028557642.1	72.0	S	0.0
Sanmal_Sma_005474-T1	Exapal_XM_021036546.2	72.0	S	0.0
Sanmal_Sma_005474-T1	Gfas_gfas1.m1.5881.m1	72.0	S	0.0
Sanmal_Sma_005474-T1	Spis_Spis_13417_1	72.0	S	0.0
Sanmal_Sma_005474-T1	Pocdam_XM_027199738.1	72.0	S	0.0
Sanmal_Sma_005474-T1	Nvec_v1g210684	72.0	S	0.0
Sanmal_Sma_005474-T1	Skow_XM_006813920.1	72.0	S	0.0
Rhoesc_Res_004980-T1	Bralan_BLAG09000289_1	72.0	S	0.0
Rhoesc_Res_004980-T1	Ctel_gnl_WGS_AMQN_CAPTEDRAFT_mRNA223070	72.0	S	0.0
Rhoesc_Res_004980-T1	Adig_XM_015904385.1	72.0	S	0.0
Rhoesc_Res_004980-T1	Xesp_000472-T1	72.0	S	0.0
Rhoesc_Res_004980-T1	Gasp_gasp1.m3.16605.m1	72.0	S	0.0
Rhoesc_Res_004980-T1	Cgig_XM_034452714.1	72.0	S	0.0
Rhoesc_Res_004980-T1	Spis_XP_022796248_1	72.0	S	0.0
Rhoesc_Res_004980-T1	Fspp_ffun1.m4.16904.m1	72.0	S	0.0
Rhoesc_Res_004980-T1	Spis_XP_022796250_1	72.0	S	0.0
Rhoesc_Res_004980-T1	Acagra_model.g26730.t1	72.0	S	0.0
Rhoesc_Res_004980-T1	Amil_Amillepora19018-RA	72.0	S	0.0
Rhoesc_Res_004980-T1	Dgig_XM_028557642.1	72.0	S	0.0
Rhoesc_Res_004980-T1	Exapal_XM_021036546.2	72.0	S	0.0
Rhoesc_Res_004980-T1	Gfas_gfas1.m1.5881.m1	72.0	S	0.0
Rhoesc_Res_004980-T1	Spis_Spis_13417_1	72.0	S	0.0
Rhoesc_Res_004980-T1	Pocdam_XM_027199738.1	72.0	S	0.0
Rhoesc_Res_004980-T1	Nvec_v1g210684	72.0	S	0.0
Rhoesc_Res_004980-T1	Skow_XM_006813920.1	72.0	S	0.0
Dpul_mRNA15494	Bralan_BLAG09000289_1	72.0	S	0.0
Dpul_mRNA15494	Ctel_gnl_WGS_AMQN_CAPTEDRAFT_mRNA223070	72.0	S	0.0
Dpul_mRNA15494	Adig_XM_015904385.1	72.0	S	0.0
Dpul_mRNA15494	Xesp_000472-T1	72.0	S	0.0
Dpul_mRNA15494	Gasp_gasp1.m3.16605.m1	72.0	S	0.0
Dpul_mRNA15494	Cgig_XM_034452714.1	72.0	S	0.0
Dpul_mRNA15494	Spis_XP_022796248_1	72.0	S	0.0
Dpul_mRNA15494	Fspp_ffun1.m4.16904.m1	72.0	S	0.0
Dpul_mRNA15494	Spis_XP_022796250_1	72.0	S	0.0
Dpul_mRNA15494	Acagra_model.g26730.t1	72.0	S	0.0
Dpul_mRNA15494	Amil_Amillepora19018-RA	72.0	S	0.0
Dpul_mRNA15494	Dgig_XM_028557642.1	72.0	S	0.0
Dpul_mRNA15494	Exapal_XM_021036546.2	72.0	S	0.0
Dpul_mRNA15494	Gfas_gfas1.m1.5881.m1	72.0	S	0.0
Dpul_mRNA15494	Spis_Spis_13417_1	72.0	S	0.0
Dpul_mRNA15494	Pocdam_XM_027199738.1	72.0	S	0.0
Dpul_mRNA15494	Nvec_v1g210684	72.0	S	0.0
Dpul_mRNA15494	Skow_XM_006813920.1	72.0	S	0.0
Codhol_EP00042_Codosiga_hollandica_P030220	Salurc_EP00051_Salpingoeca_urceolata_P028889	67.0	S	0.0
Codhol_EP00042_Codosiga_hollandica_P030220	Chofle_EP00730_Choanoeca_flexa_P006614	67.0	S	0.0
Codhol_EP00042_Codosiga_hollandica_P030220	Salmac_EP00052_Salpingoeca_macrocollata_P026817	67.0	S	0.0
Codhol_EP00042_Codosiga_hollandica_P030220	Saldol_EP00054_Salpingoeca_dolichothecata_P036249	67.0	S	0.0
Codhol_EP00042_Codosiga_hollandica_P030220	Chofle_EP00730_Choanoeca_flexa_P006617	67.0	S	0.0
Codhol_EP00042_Codosiga_hollandica_P030220	Choper_EP00045_Choanoeca_perplexa_P001888	67.0	S	0.0
Codhol_EP00042_Codosiga_hollandica_P030220	Sros_EGD76602	67.0	S	0.0
Codhol_EP00042_Codosiga_hollandica_P030220	Microa_EP00043_Microstomoeca_roanoka_P007259	67.0	S	0.0
Codhol_EP00042_Codosiga_hollandica_P030220	Salinf_EP00049_Salpingoeca_infusionum_P007349	67.0	S	0.0
Codhol_EP00042_Codosiga_hollandica_P030220	Saldol_EP00054_Salpingoeca_dolichothecata_P036250	67.0	S	0.0
Codhol_EP00042_Codosiga_hollandica_P030220	Salpun_EP00053_Salpingoeca_punica_P004050	67.0	S	0.0
Codhol_EP00042_Codosiga_hollandica_P030220	Salmac_EP00052_Salpingoeca_macrocollata_P026819	67.0	S	0.0
Lcom_lcpid116789	Mertsp_Mesp_sb553837	16.0	S	0.0
Lcom_lcpid116789	Vmul_SimC381352	16.0	S	0.0
Lcom_lcpid116789	Aque_Aqu2.1.32225_001	16.0	S	0.0
Lcom_lcpid116789	Codhol_EP00042_Codosiga_hollandica_P024950	16.0	S	0.0
Lcom_lcpid116789	Coemet_Cmet_C579352_01	16.0	S	0.0
Lcom_lcpid116789	Beraby_Baby_sb331377	16.0	S	0.0
Lcom_lcpid116789	Drygla_Dgla_sb276143	16.0	S	0.0
Lcom_lcpid116789	Mertsp_Mesp_sb553838	16.0	S	0.0
Lcom_lcpid116789	Drygla_Dgla_sb276142	16.0	S	0.0
Lcom_lcpid116789	Pbac_sb2645060	16.0	S	0.0
Lcom_lcpid116789	Codhol_EP00042_Codosiga_hollandica_P024951	16.0	S	0.0
Lcom_lcpid116789	Mertsp_Mesp_sb553836	16.0	S	0.0
Lcom_lcpid116789	Mlei_ML0852.g6.i1	16.0	S	0.0
Lcom_lcpid116789	Opea_EP00118_Oscarella_pearsei_P005433	16.0	S	0.0
Lcom_lcpid116789	Bolinf_Binf_sb1185909	16.0	S	0.0
Lcom_lcpid116789	Lampan_Lpan_C398731_01	16.0	S	0.0
Lcom_lcpid84878	Mertsp_Mesp_sb553837	16.0	S	0.0
Lcom_lcpid84878	Vmul_SimC381352	16.0	S	0.0
Lcom_lcpid84878	Aque_Aqu2.1.32225_001	16.0	S	0.0
Lcom_lcpid84878	Codhol_EP00042_Codosiga_hollandica_P024950	16.0	S	0.0
Lcom_lcpid84878	Coemet_Cmet_C579352_01	16.0	S	0.0
Lcom_lcpid84878	Beraby_Baby_sb331377	16.0	S	0.0
Lcom_lcpid84878	Drygla_Dgla_sb276143	16.0	S	0.0
Lcom_lcpid84878	Mertsp_Mesp_sb553838	16.0	S	0.0
Lcom_lcpid84878	Drygla_Dgla_sb276142	16.0	S	0.0
Lcom_lcpid84878	Pbac_sb2645060	16.0	S	0.0
Lcom_lcpid84878	Codhol_EP00042_Codosiga_hollandica_P024951	16.0	S	0.0
Lcom_lcpid84878	Mertsp_Mesp_sb553836	16.0	S	0.0
Lcom_lcpid84878	Mlei_ML0852.g6.i1	16.0	S	0.0
Lcom_lcpid84878	Opea_EP00118_Oscarella_pearsei_P005433	16.0	S	0.0
Lcom_lcpid84878	Bolinf_Binf_sb1185909	16.0	S	0.0
Lcom_lcpid84878	Lampan_Lpan_C398731_01	16.0	S	0.0
Gracom_Gcom_C539660_01	Mertsp_Mesp_sb553837	16.0	S	0.0
Gracom_Gcom_C539660_01	Vmul_SimC381352	16.0	S	0.0
Gracom_Gcom_C539660_01	Aque_Aqu2.1.32225_001	16.0	S	0.0
Gracom_Gcom_C539660_01	Codhol_EP00042_Codosiga_hollandica_P024950	16.0	S	0.0
Gracom_Gcom_C539660_01	Coemet_Cmet_C579352_01	16.0	S	0.0
Gracom_Gcom_C539660_01	Beraby_Baby_sb331377	16.0	S	0.0
Gracom_Gcom_C539660_01	Drygla_Dgla_sb276143	16.0	S	0.0
Gracom_Gcom_C539660_01	Mertsp_Mesp_sb553838	16.0	S	0.0
Gracom_Gcom_C539660_01	Drygla_Dgla_sb276142	16.0	S	0.0
Gracom_Gcom_C539660_01	Pbac_sb2645060	16.0	S	0.0
Gracom_Gcom_C539660_01	Codhol_EP00042_Codosiga_hollandica_P024951	16.0	S	0.0
Gracom_Gcom_C539660_01	Mertsp_Mesp_sb553836	16.0	S	0.0
Gracom_Gcom_C539660_01	Mlei_ML0852.g6.i1	16.0	S	0.0
Gracom_Gcom_C539660_01	Opea_EP00118_Oscarella_pearsei_P005433	16.0	S	0.0
Gracom_Gcom_C539660_01	Bolinf_Binf_sb1185909	16.0	S	0.0
Gracom_Gcom_C539660_01	Lampan_Lpan_C398731_01	16.0	S	0.0
Leuniv_Lniv_C809604_01	Mertsp_Mesp_sb553837	16.0	S	0.0
Leuniv_Lniv_C809604_01	Vmul_SimC381352	16.0	S	0.0
Leuniv_Lniv_C809604_01	Aque_Aqu2.1.32225_001	16.0	S	0.0
Leuniv_Lniv_C809604_01	Codhol_EP00042_Codosiga_hollandica_P024950	16.0	S	0.0
Leuniv_Lniv_C809604_01	Coemet_Cmet_C579352_01	16.0	S	0.0
Leuniv_Lniv_C809604_01	Beraby_Baby_sb331377	16.0	S	0.0
Leuniv_Lniv_C809604_01	Drygla_Dgla_sb276143	16.0	S	0.0
Leuniv_Lniv_C809604_01	Mertsp_Mesp_sb553838	16.0	S	0.0
Leuniv_Lniv_C809604_01	Drygla_Dgla_sb276142	16.0	S	0.0
Leuniv_Lniv_C809604_01	Pbac_sb2645060	16.0	S	0.0
Leuniv_Lniv_C809604_01	Codhol_EP00042_Codosiga_hollandica_P024951	16.0	S	0.0
Leuniv_Lniv_C809604_01	Mertsp_Mesp_sb553836	16.0	S	0.0
Leuniv_Lniv_C809604_01	Mlei_ML0852.g6.i1	16.0	S	0.0
Leuniv_Lniv_C809604_01	Opea_EP00118_Oscarella_pearsei_P005433	16.0	S	0.0
Leuniv_Lniv_C809604_01	Bolinf_Binf_sb1185909	16.0	S	0.0
Leuniv_Lniv_C809604_01	Lampan_Lpan_C398731_01	16.0	S	0.0
Scil_scict008928.1	Mertsp_Mesp_sb553837	16.0	S	0.0
Scil_scict008928.1	Vmul_SimC381352	16.0	S	0.0
Scil_scict008928.1	Aque_Aqu2.1.32225_001	16.0	S	0.0
Scil_scict008928.1	Codhol_EP00042_Codosiga_hollandica_P024950	16.0	S	0.0
Scil_scict008928.1	Coemet_Cmet_C579352_01	16.0	S	0.0
Scil_scict008928.1	Beraby_Baby_sb331377	16.0	S	0.0
Scil_scict008928.1	Drygla_Dgla_sb276143	16.0	S	0.0
Scil_scict008928.1	Mertsp_Mesp_sb553838	16.0	S	0.0
Scil_scict008928.1	Drygla_Dgla_sb276142	16.0	S	0.0
Scil_scict008928.1	Pbac_sb2645060	16.0	S	0.0
Scil_scict008928.1	Codhol_EP00042_Codosiga_hollandica_P024951	16.0	S	0.0
Scil_scict008928.1	Mertsp_Mesp_sb553836	16.0	S	0.0
Scil_scict008928.1	Mlei_ML0852.g6.i1	16.0	S	0.0
Scil_scict008928.1	Opea_EP00118_Oscarella_pearsei_P005433	16.0	S	0.0
Scil_scict008928.1	Bolinf_Binf_sb1185909	16.0	S	0.0
Scil_scict008928.1	Lampan_Lpan_C398731_01	16.0	S	0.0
HoiH11_mRNA5250	HoiH06_mRNA10087	100.0	S	0.0
HoiH11_mRNA5250	TrH2_TrispH2_000218-RA	100.0	S	0.0
HoiH11_mRNA5250	Tadh_TriadT52561	100.0	S	0.0
HoiH11_mRNA5250	Hhon_g04510.t1	100.0	S	0.0
HoiH11_mRNA5250	HoiH23_PlH23_000735-RA	100.0	S	0.0
HoiH11_mRNA5250	HoiH04_mRNA602	100.0	S	0.0
Dpul_mRNA15494	Hvul_g19680_1	46.0	S	0.0
Dpul_mRNA15494	Nemnom_g14616.t1	46.0	S	0.0
Dpul_mRNA15494	Morvir_scaffold48.g43.t1	46.0	S	0.0
Dpul_mRNA15494	Sanmal_Sma_005474-T1	46.0	S	0.0
Dpul_mRNA15494	Rhoesc_Res_004980-T1	46.0	S	0.0
Spur_XM_030990278.1	Hvul_g19680_1	46.0	S	0.0
Spur_XM_030990278.1	Nemnom_g14616.t1	46.0	S	0.0
Spur_XM_030990278.1	Morvir_scaffold48.g43.t1	46.0	S	0.0
Spur_XM_030990278.1	Sanmal_Sma_005474-T1	46.0	S	0.0
Spur_XM_030990278.1	Rhoesc_Res_004980-T1	46.0	S	0.0
Bralan_BLAG09000289_1	Gasp_gasp1.m3.16605.m1	33.0	S	0.0
Bralan_BLAG09000289_1	Xesp_000472-T1	33.0	S	0.0
Bralan_BLAG09000289_1	Adig_XM_015904385.1	33.0	S	0.0
Bralan_BLAG09000289_1	Spis_XP_022796248_1	33.0	S	0.0
Bralan_BLAG09000289_1	Fspp_ffun1.m4.16904.m1	33.0	S	0.0
Bralan_BLAG09000289_1	Spis_XP_022796250_1	33.0	S	0.0
Bralan_BLAG09000289_1	Amil_Amillepora19018-RA	33.0	S	0.0
Bralan_BLAG09000289_1	Dgig_XM_028557642.1	33.0	S	0.0
Bralan_BLAG09000289_1	Exapal_XM_021036546.2	33.0	S	0.0
Bralan_BLAG09000289_1	Gfas_gfas1.m1.5881.m1	33.0	S	0.0
Bralan_BLAG09000289_1	Spis_Spis_13417_1	33.0	S	0.0
Bralan_BLAG09000289_1	Pocdam_XM_027199738.1	33.0	S	0.0
Bralan_BLAG09000289_1	Nvec_v1g210684	33.0	S	0.0
Ctel_gnl_WGS_AMQN_CAPTEDRAFT_mRNA223070	Gasp_gasp1.m3.16605.m1	33.0	S	0.0
Ctel_gnl_WGS_AMQN_CAPTEDRAFT_mRNA223070	Xesp_000472-T1	33.0	S	0.0
Ctel_gnl_WGS_AMQN_CAPTEDRAFT_mRNA223070	Adig_XM_015904385.1	33.0	S	0.0
Ctel_gnl_WGS_AMQN_CAPTEDRAFT_mRNA223070	Spis_XP_022796248_1	33.0	S	0.0
Ctel_gnl_WGS_AMQN_CAPTEDRAFT_mRNA223070	Fspp_ffun1.m4.16904.m1	33.0	S	0.0
Ctel_gnl_WGS_AMQN_CAPTEDRAFT_mRNA223070	Spis_XP_022796250_1	33.0	S	0.0
Ctel_gnl_WGS_AMQN_CAPTEDRAFT_mRNA223070	Amil_Amillepora19018-RA	33.0	S	0.0
Ctel_gnl_WGS_AMQN_CAPTEDRAFT_mRNA223070	Dgig_XM_028557642.1	33.0	S	0.0
Ctel_gnl_WGS_AMQN_CAPTEDRAFT_mRNA223070	Exapal_XM_021036546.2	33.0	S	0.0
Ctel_gnl_WGS_AMQN_CAPTEDRAFT_mRNA223070	Gfas_gfas1.m1.5881.m1	33.0	S	0.0
Ctel_gnl_WGS_AMQN_CAPTEDRAFT_mRNA223070	Spis_Spis_13417_1	33.0	S	0.0
Ctel_gnl_WGS_AMQN_CAPTEDRAFT_mRNA223070	Pocdam_XM_027199738.1	33.0	S	0.0
Ctel_gnl_WGS_AMQN_CAPTEDRAFT_mRNA223070	Nvec_v1g210684	33.0	S	0.0
Cgig_XM_034452714.1	Gasp_gasp1.m3.16605.m1	33.0	S	0.0
Cgig_XM_034452714.1	Xesp_000472-T1	33.0	S	0.0
Cgig_XM_034452714.1	Adig_XM_015904385.1	33.0	S	0.0
Cgig_XM_034452714.1	Spis_XP_022796248_1	33.0	S	0.0
Cgig_XM_034452714.1	Fspp_ffun1.m4.16904.m1	33.0	S	0.0
Cgig_XM_034452714.1	Spis_XP_022796250_1	33.0	S	0.0
Cgig_XM_034452714.1	Amil_Amillepora19018-RA	33.0	S	0.0
Cgig_XM_034452714.1	Dgig_XM_028557642.1	33.0	S	0.0
Cgig_XM_034452714.1	Exapal_XM_021036546.2	33.0	S	0.0
Cgig_XM_034452714.1	Gfas_gfas1.m1.5881.m1	33.0	S	0.0
Cgig_XM_034452714.1	Spis_Spis_13417_1	33.0	S	0.0
Cgig_XM_034452714.1	Pocdam_XM_027199738.1	33.0	S	0.0
Cgig_XM_034452714.1	Nvec_v1g210684	33.0	S	0.0
Acagra_model.g26730.t1	Gasp_gasp1.m3.16605.m1	33.0	S	0.0
Acagra_model.g26730.t1	Xesp_000472-T1	33.0	S	0.0
Acagra_model.g26730.t1	Adig_XM_015904385.1	33.0	S	0.0
Acagra_model.g26730.t1	Spis_XP_022796248_1	33.0	S	0.0
Acagra_model.g26730.t1	Fspp_ffun1.m4.16904.m1	33.0	S	0.0
Acagra_model.g26730.t1	Spis_XP_022796250_1	33.0	S	0.0
Acagra_model.g26730.t1	Amil_Amillepora19018-RA	33.0	S	0.0
Acagra_model.g26730.t1	Dgig_XM_028557642.1	33.0	S	0.0
Acagra_model.g26730.t1	Exapal_XM_021036546.2	33.0	S	0.0
Acagra_model.g26730.t1	Gfas_gfas1.m1.5881.m1	33.0	S	0.0
Acagra_model.g26730.t1	Spis_Spis_13417_1	33.0	S	0.0
Acagra_model.g26730.t1	Pocdam_XM_027199738.1	33.0	S	0.0
Acagra_model.g26730.t1	Nvec_v1g210684	33.0	S	0.0
Skow_XM_006813920.1	Gasp_gasp1.m3.16605.m1	33.0	S	0.0
Skow_XM_006813920.1	Xesp_000472-T1	33.0	S	0.0
Skow_XM_006813920.1	Adig_XM_015904385.1	33.0	S	0.0
Skow_XM_006813920.1	Spis_XP_022796248_1	33.0	S	0.0
Skow_XM_006813920.1	Fspp_ffun1.m4.16904.m1	33.0	S	0.0
Skow_XM_006813920.1	Spis_XP_022796250_1	33.0	S	0.0
Skow_XM_006813920.1	Amil_Amillepora19018-RA	33.0	S	0.0
Skow_XM_006813920.1	Dgig_XM_028557642.1	33.0	S	0.0
Skow_XM_006813920.1	Exapal_XM_021036546.2	33.0	S	0.0
Skow_XM_006813920.1	Gfas_gfas1.m1.5881.m1	33.0	S	0.0
Skow_XM_006813920.1	Spis_Spis_13417_1	33.0	S	0.0
Skow_XM_006813920.1	Pocdam_XM_027199738.1	33.0	S	0.0
Skow_XM_006813920.1	Nvec_v1g210684	33.0	S	0.0
Saldol_EP00054_Salpingoeca_dolichothecata_P036250	Salurc_EP00051_Salpingoeca_urceolata_P028889	41.0	S	0.0
Saldol_EP00054_Salpingoeca_dolichothecata_P036250	Chofle_EP00730_Choanoeca_flexa_P006614	41.0	S	0.0
Saldol_EP00054_Salpingoeca_dolichothecata_P036250	Salmac_EP00052_Salpingoeca_macrocollata_P026817	41.0	S	0.0
Saldol_EP00054_Salpingoeca_dolichothecata_P036250	Choper_EP00045_Choanoeca_perplexa_P001888	41.0	S	0.0
Saldol_EP00054_Salpingoeca_dolichothecata_P036250	Sros_EGD76602	41.0	S	0.0
Saldol_EP00054_Salpingoeca_dolichothecata_P036250	Salinf_EP00049_Salpingoeca_infusionum_P007349	41.0	S	0.0
Saldol_EP00054_Salpingoeca_dolichothecata_P036250	Microa_EP00043_Microstomoeca_roanoka_P007259	41.0	S	0.0
Saldol_EP00054_Salpingoeca_dolichothecata_P036250	Chofle_EP00730_Choanoeca_flexa_P006617	41.0	S	0.0
Saldol_EP00054_Salpingoeca_dolichothecata_P036250	Salpun_EP00053_Salpingoeca_punica_P004050	41.0	S	0.0
Saldol_EP00054_Salpingoeca_dolichothecata_P036250	Salmac_EP00052_Salpingoeca_macrocollata_P026819	41.0	S	0.0
Saldol_EP00054_Salpingoeca_dolichothecata_P036249	Salurc_EP00051_Salpingoeca_urceolata_P028889	41.0	S	0.0
Saldol_EP00054_Salpingoeca_dolichothecata_P036249	Chofle_EP00730_Choanoeca_flexa_P006614	41.0	S	0.0
Saldol_EP00054_Salpingoeca_dolichothecata_P036249	Salmac_EP00052_Salpingoeca_macrocollata_P026817	41.0	S	0.0
Saldol_EP00054_Salpingoeca_dolichothecata_P036249	Choper_EP00045_Choanoeca_perplexa_P001888	41.0	S	0.0
Saldol_EP00054_Salpingoeca_dolichothecata_P036249	Sros_EGD76602	41.0	S	0.0
Saldol_EP00054_Salpingoeca_dolichothecata_P036249	Salinf_EP00049_Salpingoeca_infusionum_P007349	41.0	S	0.0
Saldol_EP00054_Salpingoeca_dolichothecata_P036249	Microa_EP00043_Microstomoeca_roanoka_P007259	41.0	S	0.0
Saldol_EP00054_Salpingoeca_dolichothecata_P036249	Chofle_EP00730_Choanoeca_flexa_P006617	41.0	S	0.0
Saldol_EP00054_Salpingoeca_dolichothecata_P036249	Salpun_EP00053_Salpingoeca_punica_P004050	41.0	S	0.0
Saldol_EP00054_Salpingoeca_dolichothecata_P036249	Salmac_EP00052_Salpingoeca_macrocollata_P026819	41.0	S	0.0
Gracom_Gcom_C539660_01	Lcom_lcpid84878	100.0	S	0.0
Gracom_Gcom_C539660_01	Leuniv_Lniv_C809604_01	100.0	S	0.0
Gracom_Gcom_C539660_01	Lcom_lcpid116789	100.0	S	0.0
Gracom_Gcom_C539660_01	Scil_scict008928.1	100.0	S	0.0
Opea_EP00118_Oscarella_pearsei_P005433	Mertsp_Mesp_sb553837	32.0	S	0.0
Opea_EP00118_Oscarella_pearsei_P005433	Vmul_SimC381352	32.0	S	0.0
Opea_EP00118_Oscarella_pearsei_P005433	Aque_Aqu2.1.32225_001	32.0	S	0.0
Opea_EP00118_Oscarella_pearsei_P005433	Coemet_Cmet_C579352_01	32.0	S	0.0
Opea_EP00118_Oscarella_pearsei_P005433	Mertsp_Mesp_sb553838	32.0	S	0.0
Opea_EP00118_Oscarella_pearsei_P005433	Beraby_Baby_sb331377	32.0	S	0.0
Opea_EP00118_Oscarella_pearsei_P005433	Drygla_Dgla_sb276143	32.0	S	0.0
Opea_EP00118_Oscarella_pearsei_P005433	Drygla_Dgla_sb276142	32.0	S	0.0
Opea_EP00118_Oscarella_pearsei_P005433	Pbac_sb2645060	32.0	S	0.0
Opea_EP00118_Oscarella_pearsei_P005433	Mlei_ML0852.g6.i1	32.0	S	0.0
Opea_EP00118_Oscarella_pearsei_P005433	Mertsp_Mesp_sb553836	32.0	S	0.0
Opea_EP00118_Oscarella_pearsei_P005433	Lampan_Lpan_C398731_01	32.0	S	0.0
Opea_EP00118_Oscarella_pearsei_P005433	Bolinf_Binf_sb1185909	32.0	S	0.0
Codhol_EP00042_Codosiga_hollandica_P024951	Mertsp_Mesp_sb553837	32.0	S	0.0
Codhol_EP00042_Codosiga_hollandica_P024951	Vmul_SimC381352	32.0	S	0.0
Codhol_EP00042_Codosiga_hollandica_P024951	Aque_Aqu2.1.32225_001	32.0	S	0.0
Codhol_EP00042_Codosiga_hollandica_P024951	Coemet_Cmet_C579352_01	32.0	S	0.0
Codhol_EP00042_Codosiga_hollandica_P024951	Mertsp_Mesp_sb553838	32.0	S	0.0
Codhol_EP00042_Codosiga_hollandica_P024951	Beraby_Baby_sb331377	32.0	S	0.0
Codhol_EP00042_Codosiga_hollandica_P024951	Drygla_Dgla_sb276143	32.0	S	0.0
Codhol_EP00042_Codosiga_hollandica_P024951	Drygla_Dgla_sb276142	32.0	S	0.0
Codhol_EP00042_Codosiga_hollandica_P024951	Pbac_sb2645060	32.0	S	0.0
Codhol_EP00042_Codosiga_hollandica_P024951	Mlei_ML0852.g6.i1	32.0	S	0.0
Codhol_EP00042_Codosiga_hollandica_P024951	Mertsp_Mesp_sb553836	32.0	S	0.0
Codhol_EP00042_Codosiga_hollandica_P024951	Lampan_Lpan_C398731_01	32.0	S	0.0
Codhol_EP00042_Codosiga_hollandica_P024951	Bolinf_Binf_sb1185909	32.0	S	0.0
Codhol_EP00042_Codosiga_hollandica_P024950	Mertsp_Mesp_sb553837	32.0	S	0.0
Codhol_EP00042_Codosiga_hollandica_P024950	Vmul_SimC381352	32.0	S	0.0
Codhol_EP00042_Codosiga_hollandica_P024950	Aque_Aqu2.1.32225_001	32.0	S	0.0
Codhol_EP00042_Codosiga_hollandica_P024950	Coemet_Cmet_C579352_01	32.0	S	0.0
Codhol_EP00042_Codosiga_hollandica_P024950	Mertsp_Mesp_sb553838	32.0	S	0.0
Codhol_EP00042_Codosiga_hollandica_P024950	Beraby_Baby_sb331377	32.0	S	0.0
Codhol_EP00042_Codosiga_hollandica_P024950	Drygla_Dgla_sb276143	32.0	S	0.0
Codhol_EP00042_Codosiga_hollandica_P024950	Drygla_Dgla_sb276142	32.0	S	0.0
Codhol_EP00042_Codosiga_hollandica_P024950	Pbac_sb2645060	32.0	S	0.0
Codhol_EP00042_Codosiga_hollandica_P024950	Mlei_ML0852.g6.i1	32.0	S	0.0
Codhol_EP00042_Codosiga_hollandica_P024950	Mertsp_Mesp_sb553836	32.0	S	0.0
Codhol_EP00042_Codosiga_hollandica_P024950	Lampan_Lpan_C398731_01	32.0	S	0.0
Codhol_EP00042_Codosiga_hollandica_P024950	Bolinf_Binf_sb1185909	32.0	S	0.0
TrH2_TrispH2_000218-RA	HoiH23_PlH23_000735-RA	98.0	S	0.0
TrH2_TrispH2_000218-RA	Hhon_g04510.t1	98.0	S	0.0
TrH2_TrispH2_000218-RA	HoiH04_mRNA602	98.0	S	0.0
TrH2_TrispH2_000218-RA	HoiH06_mRNA10087	98.0	S	0.0
Tadh_TriadT52561	HoiH23_PlH23_000735-RA	98.0	S	0.0
Tadh_TriadT52561	Hhon_g04510.t1	98.0	S	0.0
Tadh_TriadT52561	HoiH04_mRNA602	98.0	S	0.0
Tadh_TriadT52561	HoiH06_mRNA10087	98.0	S	0.0
Spur_XM_030990278.1	Dpul_mRNA15494	86.0	S	0.0
Hvul_g19680_1	Nemnom_g14616.t1	100.0	S	0.0
Hvul_g19680_1	Rhoesc_Res_004980-T1	100.0	S	0.0
Hvul_g19680_1	Morvir_scaffold48.g43.t1	100.0	S	0.0
Hvul_g19680_1	Sanmal_Sma_005474-T1	100.0	S	0.0
Acagra_model.g26730.t1	Bralan_BLAG09000289_1	73.0	S	0.0
Acagra_model.g26730.t1	Ctel_gnl_WGS_AMQN_CAPTEDRAFT_mRNA223070	73.0	S	0.0
Acagra_model.g26730.t1	Cgig_XM_034452714.1	73.0	S	0.0
Skow_XM_006813920.1	Bralan_BLAG09000289_1	73.0	S	0.0
Skow_XM_006813920.1	Ctel_gnl_WGS_AMQN_CAPTEDRAFT_mRNA223070	73.0	S	0.0
Skow_XM_006813920.1	Cgig_XM_034452714.1	73.0	S	0.0
Xesp_000472-T1	Gasp_gasp1.m3.16605.m1	90.0	S	0.0
Xesp_000472-T1	Adig_XM_015904385.1	90.0	S	0.0
Xesp_000472-T1	Spis_XP_022796248_1	90.0	S	0.0
Xesp_000472-T1	Fspp_ffun1.m4.16904.m1	90.0	S	0.0
Xesp_000472-T1	Spis_XP_022796250_1	90.0	S	0.0
Xesp_000472-T1	Amil_Amillepora19018-RA	90.0	S	0.0
Xesp_000472-T1	Exapal_XM_021036546.2	90.0	S	0.0
Xesp_000472-T1	Gfas_gfas1.m1.5881.m1	90.0	S	0.0
Xesp_000472-T1	Spis_Spis_13417_1	90.0	S	0.0
Xesp_000472-T1	Pocdam_XM_027199738.1	90.0	S	0.0
Xesp_000472-T1	Nvec_v1g210684	90.0	S	0.0
Dgig_XM_028557642.1	Gasp_gasp1.m3.16605.m1	90.0	S	0.0
Dgig_XM_028557642.1	Adig_XM_015904385.1	90.0	S	0.0
Dgig_XM_028557642.1	Spis_XP_022796248_1	90.0	S	0.0
Dgig_XM_028557642.1	Fspp_ffun1.m4.16904.m1	90.0	S	0.0
Dgig_XM_028557642.1	Spis_XP_022796250_1	90.0	S	0.0
Dgig_XM_028557642.1	Amil_Amillepora19018-RA	90.0	S	0.0
Dgig_XM_028557642.1	Exapal_XM_021036546.2	90.0	S	0.0
Dgig_XM_028557642.1	Gfas_gfas1.m1.5881.m1	90.0	S	0.0
Dgig_XM_028557642.1	Spis_Spis_13417_1	90.0	S	0.0
Dgig_XM_028557642.1	Pocdam_XM_027199738.1	90.0	S	0.0
Dgig_XM_028557642.1	Nvec_v1g210684	90.0	S	0.0
Saldol_EP00054_Salpingoeca_dolichothecata_P036250	Saldol_EP00054_Salpingoeca_dolichothecata_P036249	100.0	D	1.0
Salpun_EP00053_Salpingoeca_punica_P004050	Chofle_EP00730_Choanoeca_flexa_P006614	43.0	S	0.0
Salpun_EP00053_Salpingoeca_punica_P004050	Choper_EP00045_Choanoeca_perplexa_P001888	43.0	S	0.0
Salpun_EP00053_Salpingoeca_punica_P004050	Sros_EGD76602	43.0	S	0.0
Salpun_EP00053_Salpingoeca_punica_P004050	Salinf_EP00049_Salpingoeca_infusionum_P007349	43.0	S	0.0
Salpun_EP00053_Salpingoeca_punica_P004050	Microa_EP00043_Microstomoeca_roanoka_P007259	43.0	S	0.0
Salpun_EP00053_Salpingoeca_punica_P004050	Chofle_EP00730_Choanoeca_flexa_P006617	43.0	S	0.0
Salurc_EP00051_Salpingoeca_urceolata_P028889	Chofle_EP00730_Choanoeca_flexa_P006614	43.0	S	0.0
Salurc_EP00051_Salpingoeca_urceolata_P028889	Choper_EP00045_Choanoeca_perplexa_P001888	43.0	S	0.0
Salurc_EP00051_Salpingoeca_urceolata_P028889	Sros_EGD76602	43.0	S	0.0
Salurc_EP00051_Salpingoeca_urceolata_P028889	Salinf_EP00049_Salpingoeca_infusionum_P007349	43.0	S	0.0
Salurc_EP00051_Salpingoeca_urceolata_P028889	Microa_EP00043_Microstomoeca_roanoka_P007259	43.0	S	0.0
Salurc_EP00051_Salpingoeca_urceolata_P028889	Chofle_EP00730_Choanoeca_flexa_P006617	43.0	S	0.0
Salmac_EP00052_Salpingoeca_macrocollata_P026819	Chofle_EP00730_Choanoeca_flexa_P006614	43.0	S	0.0
Salmac_EP00052_Salpingoeca_macrocollata_P026819	Choper_EP00045_Choanoeca_perplexa_P001888	43.0	S	0.0
Salmac_EP00052_Salpingoeca_macrocollata_P026819	Sros_EGD76602	43.0	S	0.0
Salmac_EP00052_Salpingoeca_macrocollata_P026819	Salinf_EP00049_Salpingoeca_infusionum_P007349	43.0	S	0.0
Salmac_EP00052_Salpingoeca_macrocollata_P026819	Microa_EP00043_Microstomoeca_roanoka_P007259	43.0	S	0.0
Salmac_EP00052_Salpingoeca_macrocollata_P026819	Chofle_EP00730_Choanoeca_flexa_P006617	43.0	S	0.0
Salmac_EP00052_Salpingoeca_macrocollata_P026817	Chofle_EP00730_Choanoeca_flexa_P006614	43.0	S	0.0
Salmac_EP00052_Salpingoeca_macrocollata_P026817	Choper_EP00045_Choanoeca_perplexa_P001888	43.0	S	0.0
Salmac_EP00052_Salpingoeca_macrocollata_P026817	Sros_EGD76602	43.0	S	0.0
Salmac_EP00052_Salpingoeca_macrocollata_P026817	Salinf_EP00049_Salpingoeca_infusionum_P007349	43.0	S	0.0
Salmac_EP00052_Salpingoeca_macrocollata_P026817	Microa_EP00043_Microstomoeca_roanoka_P007259	43.0	S	0.0
Salmac_EP00052_Salpingoeca_macrocollata_P026817	Chofle_EP00730_Choanoeca_flexa_P006617	43.0	S	0.0
Scil_scict008928.1	Lcom_lcpid84878	93.0	S	0.0
Scil_scict008928.1	Leuniv_Lniv_C809604_01	93.0	S	0.0
Scil_scict008928.1	Lcom_lcpid116789	93.0	S	0.0
Opea_EP00118_Oscarella_pearsei_P005433	Codhol_EP00042_Codosiga_hollandica_P024951	26.0	S	0.0
Opea_EP00118_Oscarella_pearsei_P005433	Codhol_EP00042_Codosiga_hollandica_P024950	26.0	S	0.0
Aque_Aqu2.1.32225_001	Mertsp_Mesp_sb553837	56.0	S	0.0
Aque_Aqu2.1.32225_001	Vmul_SimC381352	56.0	S	0.0
Aque_Aqu2.1.32225_001	Coemet_Cmet_C579352_01	56.0	S	0.0
Aque_Aqu2.1.32225_001	Mertsp_Mesp_sb553838	56.0	S	0.0
Aque_Aqu2.1.32225_001	Beraby_Baby_sb331377	56.0	S	0.0
Aque_Aqu2.1.32225_001	Drygla_Dgla_sb276143	56.0	S	0.0
Aque_Aqu2.1.32225_001	Drygla_Dgla_sb276142	56.0	S	0.0
Aque_Aqu2.1.32225_001	Pbac_sb2645060	56.0	S	0.0
Aque_Aqu2.1.32225_001	Mlei_ML0852.g6.i1	56.0	S	0.0
Aque_Aqu2.1.32225_001	Mertsp_Mesp_sb553836	56.0	S	0.0
Aque_Aqu2.1.32225_001	Lampan_Lpan_C398731_01	56.0	S	0.0
Aque_Aqu2.1.32225_001	Bolinf_Binf_sb1185909	56.0	S	0.0
TrH2_TrispH2_000218-RA	Tadh_TriadT52561	100.0	S	0.0
HoiH23_PlH23_000735-RA	Hhon_g04510.t1	98.0	S	0.0
HoiH23_PlH23_000735-RA	HoiH04_mRNA602	98.0	S	0.0
HoiH06_mRNA10087	Hhon_g04510.t1	98.0	S	0.0
HoiH06_mRNA10087	HoiH04_mRNA602	98.0	S	0.0
Morvir_scaffold48.g43.t1	Nemnom_g14616.t1	100.0	S	0.0
Morvir_scaffold48.g43.t1	Rhoesc_Res_004980-T1	100.0	S	0.0
Morvir_scaffold48.g43.t1	Sanmal_Sma_005474-T1	100.0	S	0.0
Skow_XM_006813920.1	Acagra_model.g26730.t1	82.0	S	0.0
Cgig_XM_034452714.1	Bralan_BLAG09000289_1	80.0	S	0.0
Cgig_XM_034452714.1	Ctel_gnl_WGS_AMQN_CAPTEDRAFT_mRNA223070	80.0	S	0.0
Dgig_XM_028557642.1	Xesp_000472-T1	100.0	S	0.0
Nvec_v1g210684	Gasp_gasp1.m3.16605.m1	98.0	S	0.0
Nvec_v1g210684	Adig_XM_015904385.1	98.0	S	0.0
Nvec_v1g210684	Spis_XP_022796248_1	98.0	S	0.0
Nvec_v1g210684	Fspp_ffun1.m4.16904.m1	98.0	S	0.0
Nvec_v1g210684	Spis_XP_022796250_1	98.0	S	0.0
Nvec_v1g210684	Amil_Amillepora19018-RA	98.0	S	0.0
Nvec_v1g210684	Gfas_gfas1.m1.5881.m1	98.0	S	0.0
Nvec_v1g210684	Spis_Spis_13417_1	98.0	S	0.0
Nvec_v1g210684	Pocdam_XM_027199738.1	98.0	S	0.0
Exapal_XM_021036546.2	Gasp_gasp1.m3.16605.m1	98.0	S	0.0
Exapal_XM_021036546.2	Adig_XM_015904385.1	98.0	S	0.0
Exapal_XM_021036546.2	Spis_XP_022796248_1	98.0	S	0.0
Exapal_XM_021036546.2	Fspp_ffun1.m4.16904.m1	98.0	S	0.0
Exapal_XM_021036546.2	Spis_XP_022796250_1	98.0	S	0.0
Exapal_XM_021036546.2	Amil_Amillepora19018-RA	98.0	S	0.0
Exapal_XM_021036546.2	Gfas_gfas1.m1.5881.m1	98.0	S	0.0
Exapal_XM_021036546.2	Spis_Spis_13417_1	98.0	S	0.0
Exapal_XM_021036546.2	Pocdam_XM_027199738.1	98.0	S	0.0
Salurc_EP00051_Salpingoeca_urceolata_P028889	Salpun_EP00053_Salpingoeca_punica_P004050	63.0	S	0.0
Salurc_EP00051_Salpingoeca_urceolata_P028889	Salmac_EP00052_Salpingoeca_macrocollata_P026819	63.0	S	0.0
Salurc_EP00051_Salpingoeca_urceolata_P028889	Salmac_EP00052_Salpingoeca_macrocollata_P026817	63.0	S	0.0
Sros_EGD76602	Choper_EP00045_Choanoeca_perplexa_P001888	95.0	S	0.0
Sros_EGD76602	Chofle_EP00730_Choanoeca_flexa_P006614	95.0	S	0.0
Sros_EGD76602	Chofle_EP00730_Choanoeca_flexa_P006617	95.0	S	0.0
Microa_EP00043_Microstomoeca_roanoka_P007259	Choper_EP00045_Choanoeca_perplexa_P001888	95.0	S	0.0
Microa_EP00043_Microstomoeca_roanoka_P007259	Chofle_EP00730_Choanoeca_flexa_P006614	95.0	S	0.0
Microa_EP00043_Microstomoeca_roanoka_P007259	Chofle_EP00730_Choanoeca_flexa_P006617	95.0	S	0.0
Salinf_EP00049_Salpingoeca_infusionum_P007349	Choper_EP00045_Choanoeca_perplexa_P001888	95.0	S	0.0
Salinf_EP00049_Salpingoeca_infusionum_P007349	Chofle_EP00730_Choanoeca_flexa_P006614	95.0	S	0.0
Salinf_EP00049_Salpingoeca_infusionum_P007349	Chofle_EP00730_Choanoeca_flexa_P006617	95.0	S	0.0
Leuniv_Lniv_C809604_01	Lcom_lcpid84878	99.0	S	0.0
Leuniv_Lniv_C809604_01	Lcom_lcpid116789	99.0	S	0.0
Codhol_EP00042_Codosiga_hollandica_P024950	Codhol_EP00042_Codosiga_hollandica_P024951	100.0	D	1.0
Coemet_Cmet_C579352_01	Mertsp_Mesp_sb553837	98.0	S	0.0
Coemet_Cmet_C579352_01	Mertsp_Mesp_sb553838	98.0	S	0.0
Coemet_Cmet_C579352_01	Beraby_Baby_sb331377	98.0	S	0.0
Coemet_Cmet_C579352_01	Drygla_Dgla_sb276143	98.0	S	0.0
Coemet_Cmet_C579352_01	Drygla_Dgla_sb276142	98.0	S	0.0
Coemet_Cmet_C579352_01	Pbac_sb2645060	98.0	S	0.0
Coemet_Cmet_C579352_01	Mlei_ML0852.g6.i1	98.0	S	0.0
Coemet_Cmet_C579352_01	Mertsp_Mesp_sb553836	98.0	S	0.0
Coemet_Cmet_C579352_01	Lampan_Lpan_C398731_01	98.0	S	0.0
Coemet_Cmet_C579352_01	Bolinf_Binf_sb1185909	98.0	S	0.0
Vmul_SimC381352	Mertsp_Mesp_sb553837	98.0	S	0.0
Vmul_SimC381352	Mertsp_Mesp_sb553838	98.0	S	0.0
Vmul_SimC381352	Beraby_Baby_sb331377	98.0	S	0.0
Vmul_SimC381352	Drygla_Dgla_sb276143	98.0	S	0.0
Vmul_SimC381352	Drygla_Dgla_sb276142	98.0	S	0.0
Vmul_SimC381352	Pbac_sb2645060	98.0	S	0.0
Vmul_SimC381352	Mlei_ML0852.g6.i1	98.0	S	0.0
Vmul_SimC381352	Mertsp_Mesp_sb553836	98.0	S	0.0
Vmul_SimC381352	Lampan_Lpan_C398731_01	98.0	S	0.0
Vmul_SimC381352	Bolinf_Binf_sb1185909	98.0	S	0.0
HoiH23_PlH23_000735-RA	HoiH06_mRNA10087	98.0	S	0.0
Hhon_g04510.t1	HoiH04_mRNA602	100.0	S	0.0
Sanmal_Sma_005474-T1	Nemnom_g14616.t1	100.0	S	0.0
Sanmal_Sma_005474-T1	Rhoesc_Res_004980-T1	100.0	S	0.0
Bralan_BLAG09000289_1	Ctel_gnl_WGS_AMQN_CAPTEDRAFT_mRNA223070	97.0	S	0.0
Exapal_XM_021036546.2	Nvec_v1g210684	89.0	S	0.0
Spis_XP_022796248_1	Adig_XM_015904385.1	100.0	S	0.0
Spis_XP_022796248_1	Fspp_ffun1.m4.16904.m1	100.0	S	0.0
Spis_XP_022796248_1	Amil_Amillepora19018-RA	100.0	S	0.0
Spis_XP_022796248_1	Gfas_gfas1.m1.5881.m1	100.0	S	0.0
Spis_XP_022796248_1	Gasp_gasp1.m3.16605.m1	100.0	S	0.0
Spis_Spis_13417_1	Adig_XM_015904385.1	100.0	S	0.0
Spis_Spis_13417_1	Fspp_ffun1.m4.16904.m1	100.0	S	0.0
Spis_Spis_13417_1	Amil_Amillepora19018-RA	100.0	S	0.0
Spis_Spis_13417_1	Gfas_gfas1.m1.5881.m1	100.0	S	0.0
Spis_Spis_13417_1	Gasp_gasp1.m3.16605.m1	100.0	S	0.0
Pocdam_XM_027199738.1	Adig_XM_015904385.1	100.0	S	0.0
Pocdam_XM_027199738.1	Fspp_ffun1.m4.16904.m1	100.0	S	0.0
Pocdam_XM_027199738.1	Amil_Amillepora19018-RA	100.0	S	0.0
Pocdam_XM_027199738.1	Gfas_gfas1.m1.5881.m1	100.0	S	0.0
Pocdam_XM_027199738.1	Gasp_gasp1.m3.16605.m1	100.0	S	0.0
Spis_XP_022796250_1	Adig_XM_015904385.1	100.0	S	0.0
Spis_XP_022796250_1	Fspp_ffun1.m4.16904.m1	100.0	S	0.0
Spis_XP_022796250_1	Amil_Amillepora19018-RA	100.0	S	0.0
Spis_XP_022796250_1	Gfas_gfas1.m1.5881.m1	100.0	S	0.0
Spis_XP_022796250_1	Gasp_gasp1.m3.16605.m1	100.0	S	0.0
Salpun_EP00053_Salpingoeca_punica_P004050	Salmac_EP00052_Salpingoeca_macrocollata_P026819	93.0	S	0.0
Salpun_EP00053_Salpingoeca_punica_P004050	Salmac_EP00052_Salpingoeca_macrocollata_P026817	93.0	S	0.0
Salinf_EP00049_Salpingoeca_infusionum_P007349	Sros_EGD76602	98.0	S	0.0
Salinf_EP00049_Salpingoeca_infusionum_P007349	Microa_EP00043_Microstomoeca_roanoka_P007259	98.0	S	0.0
Choper_EP00045_Choanoeca_perplexa_P001888	Chofle_EP00730_Choanoeca_flexa_P006614	100.0	S	0.0
Choper_EP00045_Choanoeca_perplexa_P001888	Chofle_EP00730_Choanoeca_flexa_P006617	100.0	S	0.0
Lcom_lcpid116789	Lcom_lcpid84878	100.0	D	1.0
Coemet_Cmet_C579352_01	Vmul_SimC381352	99.0	S	0.0
Bolinf_Binf_sb1185909	Beraby_Baby_sb331377	59.0	S	0.0
Bolinf_Binf_sb1185909	Pbac_sb2645060	59.0	S	0.0
Bolinf_Binf_sb1185909	Drygla_Dgla_sb276143	59.0	S	0.0
Bolinf_Binf_sb1185909	Drygla_Dgla_sb276142	59.0	S	0.0
Bolinf_Binf_sb1185909	Mlei_ML0852.g6.i1	59.0	S	0.0
Bolinf_Binf_sb1185909	Lampan_Lpan_C398731_01	59.0	S	0.0
Mertsp_Mesp_sb553838	Beraby_Baby_sb331377	59.0	S	0.0
Mertsp_Mesp_sb553838	Pbac_sb2645060	59.0	S	0.0
Mertsp_Mesp_sb553838	Drygla_Dgla_sb276143	59.0	S	0.0
Mertsp_Mesp_sb553838	Drygla_Dgla_sb276142	59.0	S	0.0
Mertsp_Mesp_sb553838	Mlei_ML0852.g6.i1	59.0	S	0.0
Mertsp_Mesp_sb553838	Lampan_Lpan_C398731_01	59.0	S	0.0
Mertsp_Mesp_sb553837	Beraby_Baby_sb331377	59.0	S	0.0
Mertsp_Mesp_sb553837	Pbac_sb2645060	59.0	S	0.0
Mertsp_Mesp_sb553837	Drygla_Dgla_sb276143	59.0	S	0.0
Mertsp_Mesp_sb553837	Drygla_Dgla_sb276142	59.0	S	0.0
Mertsp_Mesp_sb553837	Mlei_ML0852.g6.i1	59.0	S	0.0
Mertsp_Mesp_sb553837	Lampan_Lpan_C398731_01	59.0	S	0.0
Mertsp_Mesp_sb553836	Beraby_Baby_sb331377	59.0	S	0.0
Mertsp_Mesp_sb553836	Pbac_sb2645060	59.0	S	0.0
Mertsp_Mesp_sb553836	Drygla_Dgla_sb276143	59.0	S	0.0
Mertsp_Mesp_sb553836	Drygla_Dgla_sb276142	59.0	S	0.0
Mertsp_Mesp_sb553836	Mlei_ML0852.g6.i1	59.0	S	0.0
Mertsp_Mesp_sb553836	Lampan_Lpan_C398731_01	59.0	S	0.0
Rhoesc_Res_004980-T1	Nemnom_g14616.t1	100.0	S	0.0
Fspp_ffun1.m4.16904.m1	Gfas_gfas1.m1.5881.m1	80.0	S	0.0
Fspp_ffun1.m4.16904.m1	Amil_Amillepora19018-RA	80.0	S	0.0
Fspp_ffun1.m4.16904.m1	Adig_XM_015904385.1	80.0	S	0.0
Gasp_gasp1.m3.16605.m1	Gfas_gfas1.m1.5881.m1	80.0	S	0.0
Gasp_gasp1.m3.16605.m1	Amil_Amillepora19018-RA	80.0	S	0.0
Gasp_gasp1.m3.16605.m1	Adig_XM_015904385.1	80.0	S	0.0
Salmac_EP00052_Salpingoeca_macrocollata_P026819	Salmac_EP00052_Salpingoeca_macrocollata_P026817	100.0	D	1.0
Microa_EP00043_Microstomoeca_roanoka_P007259	Sros_EGD76602	100.0	S	0.0
Chofle_EP00730_Choanoeca_flexa_P006614	Chofle_EP00730_Choanoeca_flexa_P006617	100.0	D	1.0
Bolinf_Binf_sb1185909	Mertsp_Mesp_sb553838	100.0	S	0.0
Bolinf_Binf_sb1185909	Mertsp_Mesp_sb553837	100.0	S	0.0
Bolinf_Binf_sb1185909	Mertsp_Mesp_sb553836	100.0	S	0.0
Lampan_Lpan_C398731_01	Beraby_Baby_sb331377	57.0	S	0.0
Lampan_Lpan_C398731_01	Pbac_sb2645060	57.0	S	0.0
Lampan_Lpan_C398731_01	Drygla_Dgla_sb276143	57.0	S	0.0
Lampan_Lpan_C398731_01	Drygla_Dgla_sb276142	57.0	S	0.0
Lampan_Lpan_C398731_01	Mlei_ML0852.g6.i1	57.0	S	0.0
Spis_XP_022796248_1	Spis_XP_022796250_1	98.0	D	1.0
Pocdam_XM_027199738.1	Spis_Spis_13417_1	99.0	S	0.0
Gasp_gasp1.m3.16605.m1	Fspp_ffun1.m4.16904.m1	80.0	S	0.0
Gfas_gfas1.m1.5881.m1	Amil_Amillepora19018-RA	95.0	S	0.0
Gfas_gfas1.m1.5881.m1	Adig_XM_015904385.1	95.0	S	0.0
Mertsp_Mesp_sb553837	Mertsp_Mesp_sb553838	81.0	D	1.0
Mertsp_Mesp_sb553837	Mertsp_Mesp_sb553836	81.0	D	1.0
Mlei_ML0852.g6.i1	Drygla_Dgla_sb276142	27.0	S	0.0
Mlei_ML0852.g6.i1	Beraby_Baby_sb331377	27.0	S	0.0
Mlei_ML0852.g6.i1	Drygla_Dgla_sb276143	27.0	S	0.0
Pbac_sb2645060	Drygla_Dgla_sb276142	27.0	S	0.0
Pbac_sb2645060	Beraby_Baby_sb331377	27.0	S	0.0
Pbac_sb2645060	Drygla_Dgla_sb276143	27.0	S	0.0
Amil_Amillepora19018-RA	Adig_XM_015904385.1	100.0	S	0.0
Mertsp_Mesp_sb553836	Mertsp_Mesp_sb553838	1.0	D	1.0
Pbac_sb2645060	Mlei_ML0852.g6.i1	19.0	S	0.0
Beraby_Baby_sb331377	Drygla_Dgla_sb276142	27.0	S	0.0
Beraby_Baby_sb331377	Drygla_Dgla_sb276143	27.0	S	0.0
Drygla_Dgla_sb276142	Drygla_Dgla_sb276143	100.0	D	1.0
