in_gene	out_gene	branch_support	ev_type	sos
HoiH11_mRNA3501	Gfas_gfas1.m1.18734.m1	1.0	S	0.0
HoiH11_mRNA3501	Codhol_EP00042_Codosiga_hollandica_P021798	1.0	S	0.0
HoiH11_mRNA3501	Pbac_sb2658559	1.0	S	0.0
HoiH11_mRNA3501	Scil_scict022109.1	1.0	S	0.0
HoiH11_mRNA3501	Drygla_Dgla_sb282048	1.0	S	0.0
HoiH11_mRNA3501	Salinf_EP00049_Salpingoeca_infusionum_P000938	1.0	S	0.0
HoiH11_mRNA3501	Lcom_lcpid90325	1.0	S	0.0
HoiH11_mRNA3501	Acaspe_EP00035_Acanthoeca_spectabilis_P022790	1.0	S	0.0
HoiH11_mRNA3501	Pbac_sb2648503	1.0	S	0.0
HoiH11_mRNA3501	Codhol_EP00042_Codosiga_hollandica_P021796	1.0	S	0.0
HoiH11_mRNA3501	Cgig_XM_011428661.3	1.0	S	0.0
HoiH11_mRNA3501	Plespi_Pspi_scaffold15648_01	1.0	S	0.0
HoiH11_mRNA3501	Hvul_g22248_1	1.0	S	0.0
HoiH11_mRNA3501	Bolinf_Binf_sb1233277	1.0	S	0.0
HoiH11_mRNA3501	Spis_XP_022800649_1	1.0	S	0.0
HoiH11_mRNA3501	Nemnom_g15092.t1	1.0	S	0.0
HoiH11_mRNA3501	Didcos_EP00039_Didymoeca_costata_P007325	1.0	S	0.0
HoiH11_mRNA3501	Salmac_EP00052_Salpingoeca_macrocollata_P020403	1.0	S	0.0
HoiH11_mRNA3501	Acagra_model.g13545.t1	1.0	S	0.0
HoiH11_mRNA3501	Mylflu_EP00047_Mylnosiga_fluctuans_P017086	1.0	S	0.0
HoiH11_mRNA3501	Mlei_ML0823.g8.i1	1.0	S	0.0
HoiH11_mRNA3501	Dpul_mRNA23949	1.0	S	0.0
HoiH11_mRNA3501	Adig_XM_015892856.1	1.0	S	0.0
HoiH11_mRNA3501	Fspp_ffun1.m4.13777.m1	1.0	S	0.0
HoiH11_mRNA3501	Mertsp_Mesp_sb586645	1.0	S	0.0
HoiH11_mRNA3501	Exapal_XM_021049598.2	1.0	S	0.0
HoiH11_mRNA3501	Coemet_Cmet_scaffold13957_01	1.0	S	0.0
HoiH11_mRNA3501	Microa_EP00043_Microstomoeca_roanoka_P000973	1.0	S	0.0
HoiH11_mRNA3501	Bolinf_Binf_sb1218927	1.0	S	0.0
HoiH11_mRNA3501	Fspp_ffun1.m4.13773.m1	1.0	S	0.0
HoiH11_mRNA3501	Horcal_Hcv1.av93.c2.g1198.i1	1.0	S	0.0
HoiH11_mRNA3501	Drygla_Dgla_sb282047	1.0	S	0.0
HoiH11_mRNA3501	Nemnom_g2507.t1	1.0	S	0.0
HoiH11_mRNA3501	Clacor_Ccor_scaffold8255_01	1.0	S	0.0
HoiH11_mRNA3501	Ctel_gnl_WGS_AMQN_CAPTEDRAFT_mRNA148077	1.0	S	0.0
HoiH11_mRNA3501	Chofle_EP00730_Choanoeca_flexa_P014618	1.0	S	0.0
HoiH11_mRNA3501	Pocdam_XM_027185939.1	1.0	S	0.0
HoiH11_mRNA3501	Mbre_EDQ91693	1.0	S	0.0
HoiH11_mRNA3501	Opea_EP00118_Oscarella_pearsei_P002113	1.0	S	0.0
HoiH11_mRNA3501	Bolinf_Binf_sb1233276	1.0	S	0.0
HoiH11_mRNA3501	Gasp_gasp1.m3.3291.m1	1.0	S	0.0
HoiH11_mRNA3501	Chem_TCONS_00001155	1.0	S	0.0
HoiH11_mRNA3501	Tcas_TC001757_001	1.0	S	0.0
HoiH11_mRNA3501	Diagra_EP00040_Diaphanoeca_grandis_P020099	1.0	S	0.0
HoiH11_mRNA3501	Skow_XM_006819199.1	1.0	S	0.0
HoiH11_mRNA3501	Rhoesc_Res_000489-T1	1.0	S	0.0
HoiH11_mRNA3501	Sros_EGD73119	1.0	S	0.0
HoiH11_mRNA3501	Stedip_EP00041_Stephanoeca_diplocostata_P003953	1.0	S	0.0
HoiH11_mRNA3501	Saldol_EP00054_Salpingoeca_dolichothecata_P036703	1.0	S	0.0
HoiH11_mRNA3501	Aaur_scaffold394.g16.t1	1.0	S	0.0
HoiH11_mRNA3501	Sanmal_Sma_010795-T1	1.0	S	0.0
HoiH11_mRNA3501	Eupdun_Edun_sb10633258	1.0	S	0.0
HoiH11_mRNA3501	Lampan_Lpan_C406885_01	1.0	S	0.0
HoiH11_mRNA3501	Amil_Amillepora07242-RA	1.0	S	0.0
HoiH11_mRNA3501	Morvir_scaffold308.g8.t1	1.0	S	0.0
HoiH11_mRNA3501	Codhol_EP00042_Codosiga_hollandica_P021794	1.0	S	0.0
HoiH11_mRNA3501	Salpun_EP00053_Salpingoeca_punica_P003696	1.0	S	0.0
HoiH11_mRNA3501	Cscu_XM_023387139.1	1.0	S	0.0
HoiH11_mRNA3501	Bralan_BLAG06000878_2	1.0	S	0.0
HoiH11_mRNA3501	Nvec_v1g232331	1.0	S	0.0
HoiH11_mRNA3501	Dgig_XM_028541822.1	1.0	S	0.0
HoiH11_mRNA3501	Mertsp_Mesp_sb586646	1.0	S	0.0
HoiH11_mRNA3501	Spur_XM_030981064.1	1.0	S	0.0
HoiH11_mRNA3501	Lcom_lcpid106448	1.0	S	0.0
HoiH11_mRNA3501	Salurc_EP00051_Salpingoeca_urceolata_P031812	1.0	S	0.0
HoiH11_mRNA3501	Choper_EP00045_Choanoeca_perplexa_P001581	1.0	S	0.0
HoiH11_mRNA3501	Salkve_EP00050_Salpingoeca_kvevrii_P010472	1.0	S	0.0
HoiH11_mRNA3501	Eupdun_Edun_sb10633259	1.0	S	0.0
HoiH11_mRNA3501	Leuniv_Lniv_scaffold19177_01	1.0	S	0.0
HoiH11_mRNA3501	Lcom_lcpid96903	1.0	S	0.0
HoiH11_mRNA3501	Xesp_016009-T1	1.0	S	0.0
HoiH11_mRNA3501	Cscu_XM_023358199.1	1.0	S	0.0
HoiH11_mRNA3501	Ocar_g10025	1.0	S	0.0
HoiH11_mRNA3501	Hsap_ENST00000409347	1.0	S	0.0
HoiH11_mRNA3501	Helnan_EP00037_Helgoeca_nana_P015185	1.0	S	0.0
HoiH23_PlH23_000191-RA	Gfas_gfas1.m1.18734.m1	1.0	S	0.0
HoiH23_PlH23_000191-RA	Codhol_EP00042_Codosiga_hollandica_P021798	1.0	S	0.0
HoiH23_PlH23_000191-RA	Pbac_sb2658559	1.0	S	0.0
HoiH23_PlH23_000191-RA	Scil_scict022109.1	1.0	S	0.0
HoiH23_PlH23_000191-RA	Drygla_Dgla_sb282048	1.0	S	0.0
HoiH23_PlH23_000191-RA	Salinf_EP00049_Salpingoeca_infusionum_P000938	1.0	S	0.0
HoiH23_PlH23_000191-RA	Lcom_lcpid90325	1.0	S	0.0
HoiH23_PlH23_000191-RA	Acaspe_EP00035_Acanthoeca_spectabilis_P022790	1.0	S	0.0
HoiH23_PlH23_000191-RA	Pbac_sb2648503	1.0	S	0.0
HoiH23_PlH23_000191-RA	Codhol_EP00042_Codosiga_hollandica_P021796	1.0	S	0.0
HoiH23_PlH23_000191-RA	Cgig_XM_011428661.3	1.0	S	0.0
HoiH23_PlH23_000191-RA	Plespi_Pspi_scaffold15648_01	1.0	S	0.0
HoiH23_PlH23_000191-RA	Hvul_g22248_1	1.0	S	0.0
HoiH23_PlH23_000191-RA	Bolinf_Binf_sb1233277	1.0	S	0.0
HoiH23_PlH23_000191-RA	Spis_XP_022800649_1	1.0	S	0.0
HoiH23_PlH23_000191-RA	Nemnom_g15092.t1	1.0	S	0.0
HoiH23_PlH23_000191-RA	Didcos_EP00039_Didymoeca_costata_P007325	1.0	S	0.0
HoiH23_PlH23_000191-RA	Salmac_EP00052_Salpingoeca_macrocollata_P020403	1.0	S	0.0
HoiH23_PlH23_000191-RA	Acagra_model.g13545.t1	1.0	S	0.0
HoiH23_PlH23_000191-RA	Mylflu_EP00047_Mylnosiga_fluctuans_P017086	1.0	S	0.0
HoiH23_PlH23_000191-RA	Mlei_ML0823.g8.i1	1.0	S	0.0
HoiH23_PlH23_000191-RA	Dpul_mRNA23949	1.0	S	0.0
HoiH23_PlH23_000191-RA	Adig_XM_015892856.1	1.0	S	0.0
HoiH23_PlH23_000191-RA	Fspp_ffun1.m4.13777.m1	1.0	S	0.0
HoiH23_PlH23_000191-RA	Mertsp_Mesp_sb586645	1.0	S	0.0
HoiH23_PlH23_000191-RA	Exapal_XM_021049598.2	1.0	S	0.0
HoiH23_PlH23_000191-RA	Coemet_Cmet_scaffold13957_01	1.0	S	0.0
HoiH23_PlH23_000191-RA	Microa_EP00043_Microstomoeca_roanoka_P000973	1.0	S	0.0
HoiH23_PlH23_000191-RA	Bolinf_Binf_sb1218927	1.0	S	0.0
HoiH23_PlH23_000191-RA	Fspp_ffun1.m4.13773.m1	1.0	S	0.0
HoiH23_PlH23_000191-RA	Horcal_Hcv1.av93.c2.g1198.i1	1.0	S	0.0
HoiH23_PlH23_000191-RA	Drygla_Dgla_sb282047	1.0	S	0.0
HoiH23_PlH23_000191-RA	Nemnom_g2507.t1	1.0	S	0.0
HoiH23_PlH23_000191-RA	Clacor_Ccor_scaffold8255_01	1.0	S	0.0
HoiH23_PlH23_000191-RA	Ctel_gnl_WGS_AMQN_CAPTEDRAFT_mRNA148077	1.0	S	0.0
HoiH23_PlH23_000191-RA	Chofle_EP00730_Choanoeca_flexa_P014618	1.0	S	0.0
HoiH23_PlH23_000191-RA	Pocdam_XM_027185939.1	1.0	S	0.0
HoiH23_PlH23_000191-RA	Mbre_EDQ91693	1.0	S	0.0
HoiH23_PlH23_000191-RA	Opea_EP00118_Oscarella_pearsei_P002113	1.0	S	0.0
HoiH23_PlH23_000191-RA	Bolinf_Binf_sb1233276	1.0	S	0.0
HoiH23_PlH23_000191-RA	Gasp_gasp1.m3.3291.m1	1.0	S	0.0
HoiH23_PlH23_000191-RA	Chem_TCONS_00001155	1.0	S	0.0
HoiH23_PlH23_000191-RA	Tcas_TC001757_001	1.0	S	0.0
HoiH23_PlH23_000191-RA	Diagra_EP00040_Diaphanoeca_grandis_P020099	1.0	S	0.0
HoiH23_PlH23_000191-RA	Skow_XM_006819199.1	1.0	S	0.0
HoiH23_PlH23_000191-RA	Rhoesc_Res_000489-T1	1.0	S	0.0
HoiH23_PlH23_000191-RA	Sros_EGD73119	1.0	S	0.0
HoiH23_PlH23_000191-RA	Stedip_EP00041_Stephanoeca_diplocostata_P003953	1.0	S	0.0
HoiH23_PlH23_000191-RA	Saldol_EP00054_Salpingoeca_dolichothecata_P036703	1.0	S	0.0
HoiH23_PlH23_000191-RA	Aaur_scaffold394.g16.t1	1.0	S	0.0
HoiH23_PlH23_000191-RA	Sanmal_Sma_010795-T1	1.0	S	0.0
HoiH23_PlH23_000191-RA	Eupdun_Edun_sb10633258	1.0	S	0.0
HoiH23_PlH23_000191-RA	Lampan_Lpan_C406885_01	1.0	S	0.0
HoiH23_PlH23_000191-RA	Amil_Amillepora07242-RA	1.0	S	0.0
HoiH23_PlH23_000191-RA	Morvir_scaffold308.g8.t1	1.0	S	0.0
HoiH23_PlH23_000191-RA	Codhol_EP00042_Codosiga_hollandica_P021794	1.0	S	0.0
HoiH23_PlH23_000191-RA	Salpun_EP00053_Salpingoeca_punica_P003696	1.0	S	0.0
HoiH23_PlH23_000191-RA	Cscu_XM_023387139.1	1.0	S	0.0
HoiH23_PlH23_000191-RA	Bralan_BLAG06000878_2	1.0	S	0.0
HoiH23_PlH23_000191-RA	Nvec_v1g232331	1.0	S	0.0
HoiH23_PlH23_000191-RA	Dgig_XM_028541822.1	1.0	S	0.0
HoiH23_PlH23_000191-RA	Mertsp_Mesp_sb586646	1.0	S	0.0
HoiH23_PlH23_000191-RA	Spur_XM_030981064.1	1.0	S	0.0
HoiH23_PlH23_000191-RA	Lcom_lcpid106448	1.0	S	0.0
HoiH23_PlH23_000191-RA	Salurc_EP00051_Salpingoeca_urceolata_P031812	1.0	S	0.0
HoiH23_PlH23_000191-RA	Choper_EP00045_Choanoeca_perplexa_P001581	1.0	S	0.0
HoiH23_PlH23_000191-RA	Salkve_EP00050_Salpingoeca_kvevrii_P010472	1.0	S	0.0
HoiH23_PlH23_000191-RA	Eupdun_Edun_sb10633259	1.0	S	0.0
HoiH23_PlH23_000191-RA	Leuniv_Lniv_scaffold19177_01	1.0	S	0.0
HoiH23_PlH23_000191-RA	Lcom_lcpid96903	1.0	S	0.0
HoiH23_PlH23_000191-RA	Xesp_016009-T1	1.0	S	0.0
HoiH23_PlH23_000191-RA	Cscu_XM_023358199.1	1.0	S	0.0
HoiH23_PlH23_000191-RA	Ocar_g10025	1.0	S	0.0
HoiH23_PlH23_000191-RA	Hsap_ENST00000409347	1.0	S	0.0
HoiH23_PlH23_000191-RA	Helnan_EP00037_Helgoeca_nana_P015185	1.0	S	0.0
Tetwil_g3503.t1	Gfas_gfas1.m1.18734.m1	1.0	S	0.0
Tetwil_g3503.t1	Codhol_EP00042_Codosiga_hollandica_P021798	1.0	S	0.0
Tetwil_g3503.t1	Pbac_sb2658559	1.0	S	0.0
Tetwil_g3503.t1	Scil_scict022109.1	1.0	S	0.0
Tetwil_g3503.t1	Drygla_Dgla_sb282048	1.0	S	0.0
Tetwil_g3503.t1	Salinf_EP00049_Salpingoeca_infusionum_P000938	1.0	S	0.0
Tetwil_g3503.t1	Lcom_lcpid90325	1.0	S	0.0
Tetwil_g3503.t1	Acaspe_EP00035_Acanthoeca_spectabilis_P022790	1.0	S	0.0
Tetwil_g3503.t1	Pbac_sb2648503	1.0	S	0.0
Tetwil_g3503.t1	Codhol_EP00042_Codosiga_hollandica_P021796	1.0	S	0.0
Tetwil_g3503.t1	Cgig_XM_011428661.3	1.0	S	0.0
Tetwil_g3503.t1	Plespi_Pspi_scaffold15648_01	1.0	S	0.0
Tetwil_g3503.t1	Hvul_g22248_1	1.0	S	0.0
Tetwil_g3503.t1	Bolinf_Binf_sb1233277	1.0	S	0.0
Tetwil_g3503.t1	Spis_XP_022800649_1	1.0	S	0.0
Tetwil_g3503.t1	Nemnom_g15092.t1	1.0	S	0.0
Tetwil_g3503.t1	Didcos_EP00039_Didymoeca_costata_P007325	1.0	S	0.0
Tetwil_g3503.t1	Salmac_EP00052_Salpingoeca_macrocollata_P020403	1.0	S	0.0
Tetwil_g3503.t1	Acagra_model.g13545.t1	1.0	S	0.0
Tetwil_g3503.t1	Mylflu_EP00047_Mylnosiga_fluctuans_P017086	1.0	S	0.0
Tetwil_g3503.t1	Mlei_ML0823.g8.i1	1.0	S	0.0
Tetwil_g3503.t1	Dpul_mRNA23949	1.0	S	0.0
Tetwil_g3503.t1	Adig_XM_015892856.1	1.0	S	0.0
Tetwil_g3503.t1	Fspp_ffun1.m4.13777.m1	1.0	S	0.0
Tetwil_g3503.t1	Mertsp_Mesp_sb586645	1.0	S	0.0
Tetwil_g3503.t1	Exapal_XM_021049598.2	1.0	S	0.0
Tetwil_g3503.t1	Coemet_Cmet_scaffold13957_01	1.0	S	0.0
Tetwil_g3503.t1	Microa_EP00043_Microstomoeca_roanoka_P000973	1.0	S	0.0
Tetwil_g3503.t1	Bolinf_Binf_sb1218927	1.0	S	0.0
Tetwil_g3503.t1	Fspp_ffun1.m4.13773.m1	1.0	S	0.0
Tetwil_g3503.t1	Horcal_Hcv1.av93.c2.g1198.i1	1.0	S	0.0
Tetwil_g3503.t1	Drygla_Dgla_sb282047	1.0	S	0.0
Tetwil_g3503.t1	Nemnom_g2507.t1	1.0	S	0.0
Tetwil_g3503.t1	Clacor_Ccor_scaffold8255_01	1.0	S	0.0
Tetwil_g3503.t1	Ctel_gnl_WGS_AMQN_CAPTEDRAFT_mRNA148077	1.0	S	0.0
Tetwil_g3503.t1	Chofle_EP00730_Choanoeca_flexa_P014618	1.0	S	0.0
Tetwil_g3503.t1	Pocdam_XM_027185939.1	1.0	S	0.0
Tetwil_g3503.t1	Mbre_EDQ91693	1.0	S	0.0
Tetwil_g3503.t1	Opea_EP00118_Oscarella_pearsei_P002113	1.0	S	0.0
Tetwil_g3503.t1	Bolinf_Binf_sb1233276	1.0	S	0.0
Tetwil_g3503.t1	Gasp_gasp1.m3.3291.m1	1.0	S	0.0
Tetwil_g3503.t1	Chem_TCONS_00001155	1.0	S	0.0
Tetwil_g3503.t1	Tcas_TC001757_001	1.0	S	0.0
Tetwil_g3503.t1	Diagra_EP00040_Diaphanoeca_grandis_P020099	1.0	S	0.0
Tetwil_g3503.t1	Skow_XM_006819199.1	1.0	S	0.0
Tetwil_g3503.t1	Rhoesc_Res_000489-T1	1.0	S	0.0
Tetwil_g3503.t1	Sros_EGD73119	1.0	S	0.0
Tetwil_g3503.t1	Stedip_EP00041_Stephanoeca_diplocostata_P003953	1.0	S	0.0
Tetwil_g3503.t1	Saldol_EP00054_Salpingoeca_dolichothecata_P036703	1.0	S	0.0
Tetwil_g3503.t1	Aaur_scaffold394.g16.t1	1.0	S	0.0
Tetwil_g3503.t1	Sanmal_Sma_010795-T1	1.0	S	0.0
Tetwil_g3503.t1	Eupdun_Edun_sb10633258	1.0	S	0.0
Tetwil_g3503.t1	Lampan_Lpan_C406885_01	1.0	S	0.0
Tetwil_g3503.t1	Amil_Amillepora07242-RA	1.0	S	0.0
Tetwil_g3503.t1	Morvir_scaffold308.g8.t1	1.0	S	0.0
Tetwil_g3503.t1	Codhol_EP00042_Codosiga_hollandica_P021794	1.0	S	0.0
Tetwil_g3503.t1	Salpun_EP00053_Salpingoeca_punica_P003696	1.0	S	0.0
Tetwil_g3503.t1	Cscu_XM_023387139.1	1.0	S	0.0
Tetwil_g3503.t1	Bralan_BLAG06000878_2	1.0	S	0.0
Tetwil_g3503.t1	Nvec_v1g232331	1.0	S	0.0
Tetwil_g3503.t1	Dgig_XM_028541822.1	1.0	S	0.0
Tetwil_g3503.t1	Mertsp_Mesp_sb586646	1.0	S	0.0
Tetwil_g3503.t1	Spur_XM_030981064.1	1.0	S	0.0
Tetwil_g3503.t1	Lcom_lcpid106448	1.0	S	0.0
Tetwil_g3503.t1	Salurc_EP00051_Salpingoeca_urceolata_P031812	1.0	S	0.0
Tetwil_g3503.t1	Choper_EP00045_Choanoeca_perplexa_P001581	1.0	S	0.0
Tetwil_g3503.t1	Salkve_EP00050_Salpingoeca_kvevrii_P010472	1.0	S	0.0
Tetwil_g3503.t1	Eupdun_Edun_sb10633259	1.0	S	0.0
Tetwil_g3503.t1	Leuniv_Lniv_scaffold19177_01	1.0	S	0.0
Tetwil_g3503.t1	Lcom_lcpid96903	1.0	S	0.0
Tetwil_g3503.t1	Xesp_016009-T1	1.0	S	0.0
Tetwil_g3503.t1	Cscu_XM_023358199.1	1.0	S	0.0
Tetwil_g3503.t1	Ocar_g10025	1.0	S	0.0
Tetwil_g3503.t1	Hsap_ENST00000409347	1.0	S	0.0
Tetwil_g3503.t1	Helnan_EP00037_Helgoeca_nana_P015185	1.0	S	0.0
HoiH04_mRNA10879	Gfas_gfas1.m1.18734.m1	1.0	S	0.0
HoiH04_mRNA10879	Codhol_EP00042_Codosiga_hollandica_P021798	1.0	S	0.0
HoiH04_mRNA10879	Pbac_sb2658559	1.0	S	0.0
HoiH04_mRNA10879	Scil_scict022109.1	1.0	S	0.0
HoiH04_mRNA10879	Drygla_Dgla_sb282048	1.0	S	0.0
HoiH04_mRNA10879	Salinf_EP00049_Salpingoeca_infusionum_P000938	1.0	S	0.0
HoiH04_mRNA10879	Lcom_lcpid90325	1.0	S	0.0
HoiH04_mRNA10879	Acaspe_EP00035_Acanthoeca_spectabilis_P022790	1.0	S	0.0
HoiH04_mRNA10879	Pbac_sb2648503	1.0	S	0.0
HoiH04_mRNA10879	Codhol_EP00042_Codosiga_hollandica_P021796	1.0	S	0.0
HoiH04_mRNA10879	Cgig_XM_011428661.3	1.0	S	0.0
HoiH04_mRNA10879	Plespi_Pspi_scaffold15648_01	1.0	S	0.0
HoiH04_mRNA10879	Hvul_g22248_1	1.0	S	0.0
HoiH04_mRNA10879	Bolinf_Binf_sb1233277	1.0	S	0.0
HoiH04_mRNA10879	Spis_XP_022800649_1	1.0	S	0.0
HoiH04_mRNA10879	Nemnom_g15092.t1	1.0	S	0.0
HoiH04_mRNA10879	Didcos_EP00039_Didymoeca_costata_P007325	1.0	S	0.0
HoiH04_mRNA10879	Salmac_EP00052_Salpingoeca_macrocollata_P020403	1.0	S	0.0
HoiH04_mRNA10879	Acagra_model.g13545.t1	1.0	S	0.0
HoiH04_mRNA10879	Mylflu_EP00047_Mylnosiga_fluctuans_P017086	1.0	S	0.0
HoiH04_mRNA10879	Mlei_ML0823.g8.i1	1.0	S	0.0
HoiH04_mRNA10879	Dpul_mRNA23949	1.0	S	0.0
HoiH04_mRNA10879	Adig_XM_015892856.1	1.0	S	0.0
HoiH04_mRNA10879	Fspp_ffun1.m4.13777.m1	1.0	S	0.0
HoiH04_mRNA10879	Mertsp_Mesp_sb586645	1.0	S	0.0
HoiH04_mRNA10879	Exapal_XM_021049598.2	1.0	S	0.0
HoiH04_mRNA10879	Coemet_Cmet_scaffold13957_01	1.0	S	0.0
HoiH04_mRNA10879	Microa_EP00043_Microstomoeca_roanoka_P000973	1.0	S	0.0
HoiH04_mRNA10879	Bolinf_Binf_sb1218927	1.0	S	0.0
HoiH04_mRNA10879	Fspp_ffun1.m4.13773.m1	1.0	S	0.0
HoiH04_mRNA10879	Horcal_Hcv1.av93.c2.g1198.i1	1.0	S	0.0
HoiH04_mRNA10879	Drygla_Dgla_sb282047	1.0	S	0.0
HoiH04_mRNA10879	Nemnom_g2507.t1	1.0	S	0.0
HoiH04_mRNA10879	Clacor_Ccor_scaffold8255_01	1.0	S	0.0
HoiH04_mRNA10879	Ctel_gnl_WGS_AMQN_CAPTEDRAFT_mRNA148077	1.0	S	0.0
HoiH04_mRNA10879	Chofle_EP00730_Choanoeca_flexa_P014618	1.0	S	0.0
HoiH04_mRNA10879	Pocdam_XM_027185939.1	1.0	S	0.0
HoiH04_mRNA10879	Mbre_EDQ91693	1.0	S	0.0
HoiH04_mRNA10879	Opea_EP00118_Oscarella_pearsei_P002113	1.0	S	0.0
HoiH04_mRNA10879	Bolinf_Binf_sb1233276	1.0	S	0.0
HoiH04_mRNA10879	Gasp_gasp1.m3.3291.m1	1.0	S	0.0
HoiH04_mRNA10879	Chem_TCONS_00001155	1.0	S	0.0
HoiH04_mRNA10879	Tcas_TC001757_001	1.0	S	0.0
HoiH04_mRNA10879	Diagra_EP00040_Diaphanoeca_grandis_P020099	1.0	S	0.0
HoiH04_mRNA10879	Skow_XM_006819199.1	1.0	S	0.0
HoiH04_mRNA10879	Rhoesc_Res_000489-T1	1.0	S	0.0
HoiH04_mRNA10879	Sros_EGD73119	1.0	S	0.0
HoiH04_mRNA10879	Stedip_EP00041_Stephanoeca_diplocostata_P003953	1.0	S	0.0
HoiH04_mRNA10879	Saldol_EP00054_Salpingoeca_dolichothecata_P036703	1.0	S	0.0
HoiH04_mRNA10879	Aaur_scaffold394.g16.t1	1.0	S	0.0
HoiH04_mRNA10879	Sanmal_Sma_010795-T1	1.0	S	0.0
HoiH04_mRNA10879	Eupdun_Edun_sb10633258	1.0	S	0.0
HoiH04_mRNA10879	Lampan_Lpan_C406885_01	1.0	S	0.0
HoiH04_mRNA10879	Amil_Amillepora07242-RA	1.0	S	0.0
HoiH04_mRNA10879	Morvir_scaffold308.g8.t1	1.0	S	0.0
HoiH04_mRNA10879	Codhol_EP00042_Codosiga_hollandica_P021794	1.0	S	0.0
HoiH04_mRNA10879	Salpun_EP00053_Salpingoeca_punica_P003696	1.0	S	0.0
HoiH04_mRNA10879	Cscu_XM_023387139.1	1.0	S	0.0
HoiH04_mRNA10879	Bralan_BLAG06000878_2	1.0	S	0.0
HoiH04_mRNA10879	Nvec_v1g232331	1.0	S	0.0
HoiH04_mRNA10879	Dgig_XM_028541822.1	1.0	S	0.0
HoiH04_mRNA10879	Mertsp_Mesp_sb586646	1.0	S	0.0
HoiH04_mRNA10879	Spur_XM_030981064.1	1.0	S	0.0
HoiH04_mRNA10879	Lcom_lcpid106448	1.0	S	0.0
HoiH04_mRNA10879	Salurc_EP00051_Salpingoeca_urceolata_P031812	1.0	S	0.0
HoiH04_mRNA10879	Choper_EP00045_Choanoeca_perplexa_P001581	1.0	S	0.0
HoiH04_mRNA10879	Salkve_EP00050_Salpingoeca_kvevrii_P010472	1.0	S	0.0
HoiH04_mRNA10879	Eupdun_Edun_sb10633259	1.0	S	0.0
HoiH04_mRNA10879	Leuniv_Lniv_scaffold19177_01	1.0	S	0.0
HoiH04_mRNA10879	Lcom_lcpid96903	1.0	S	0.0
HoiH04_mRNA10879	Xesp_016009-T1	1.0	S	0.0
HoiH04_mRNA10879	Cscu_XM_023358199.1	1.0	S	0.0
HoiH04_mRNA10879	Ocar_g10025	1.0	S	0.0
HoiH04_mRNA10879	Hsap_ENST00000409347	1.0	S	0.0
HoiH04_mRNA10879	Helnan_EP00037_Helgoeca_nana_P015185	1.0	S	0.0
Stycar_maker-SC_scaffold6476-snap-gene-0.15-mRNA-1	Gfas_gfas1.m1.18734.m1	1.0	S	0.0
Stycar_maker-SC_scaffold6476-snap-gene-0.15-mRNA-1	Codhol_EP00042_Codosiga_hollandica_P021798	1.0	S	0.0
Stycar_maker-SC_scaffold6476-snap-gene-0.15-mRNA-1	Pbac_sb2658559	1.0	S	0.0
Stycar_maker-SC_scaffold6476-snap-gene-0.15-mRNA-1	Scil_scict022109.1	1.0	S	0.0
Stycar_maker-SC_scaffold6476-snap-gene-0.15-mRNA-1	Drygla_Dgla_sb282048	1.0	S	0.0
Stycar_maker-SC_scaffold6476-snap-gene-0.15-mRNA-1	Salinf_EP00049_Salpingoeca_infusionum_P000938	1.0	S	0.0
Stycar_maker-SC_scaffold6476-snap-gene-0.15-mRNA-1	Lcom_lcpid90325	1.0	S	0.0
Stycar_maker-SC_scaffold6476-snap-gene-0.15-mRNA-1	Acaspe_EP00035_Acanthoeca_spectabilis_P022790	1.0	S	0.0
Stycar_maker-SC_scaffold6476-snap-gene-0.15-mRNA-1	Pbac_sb2648503	1.0	S	0.0
Stycar_maker-SC_scaffold6476-snap-gene-0.15-mRNA-1	Codhol_EP00042_Codosiga_hollandica_P021796	1.0	S	0.0
Stycar_maker-SC_scaffold6476-snap-gene-0.15-mRNA-1	Cgig_XM_011428661.3	1.0	S	0.0
Stycar_maker-SC_scaffold6476-snap-gene-0.15-mRNA-1	Plespi_Pspi_scaffold15648_01	1.0	S	0.0
Stycar_maker-SC_scaffold6476-snap-gene-0.15-mRNA-1	Hvul_g22248_1	1.0	S	0.0
Stycar_maker-SC_scaffold6476-snap-gene-0.15-mRNA-1	Bolinf_Binf_sb1233277	1.0	S	0.0
Stycar_maker-SC_scaffold6476-snap-gene-0.15-mRNA-1	Spis_XP_022800649_1	1.0	S	0.0
Stycar_maker-SC_scaffold6476-snap-gene-0.15-mRNA-1	Nemnom_g15092.t1	1.0	S	0.0
Stycar_maker-SC_scaffold6476-snap-gene-0.15-mRNA-1	Didcos_EP00039_Didymoeca_costata_P007325	1.0	S	0.0
Stycar_maker-SC_scaffold6476-snap-gene-0.15-mRNA-1	Salmac_EP00052_Salpingoeca_macrocollata_P020403	1.0	S	0.0
Stycar_maker-SC_scaffold6476-snap-gene-0.15-mRNA-1	Acagra_model.g13545.t1	1.0	S	0.0
Stycar_maker-SC_scaffold6476-snap-gene-0.15-mRNA-1	Mylflu_EP00047_Mylnosiga_fluctuans_P017086	1.0	S	0.0
Stycar_maker-SC_scaffold6476-snap-gene-0.15-mRNA-1	Mlei_ML0823.g8.i1	1.0	S	0.0
Stycar_maker-SC_scaffold6476-snap-gene-0.15-mRNA-1	Dpul_mRNA23949	1.0	S	0.0
Stycar_maker-SC_scaffold6476-snap-gene-0.15-mRNA-1	Adig_XM_015892856.1	1.0	S	0.0
Stycar_maker-SC_scaffold6476-snap-gene-0.15-mRNA-1	Fspp_ffun1.m4.13777.m1	1.0	S	0.0
Stycar_maker-SC_scaffold6476-snap-gene-0.15-mRNA-1	Mertsp_Mesp_sb586645	1.0	S	0.0
Stycar_maker-SC_scaffold6476-snap-gene-0.15-mRNA-1	Exapal_XM_021049598.2	1.0	S	0.0
Stycar_maker-SC_scaffold6476-snap-gene-0.15-mRNA-1	Coemet_Cmet_scaffold13957_01	1.0	S	0.0
Stycar_maker-SC_scaffold6476-snap-gene-0.15-mRNA-1	Microa_EP00043_Microstomoeca_roanoka_P000973	1.0	S	0.0
Stycar_maker-SC_scaffold6476-snap-gene-0.15-mRNA-1	Bolinf_Binf_sb1218927	1.0	S	0.0
Stycar_maker-SC_scaffold6476-snap-gene-0.15-mRNA-1	Fspp_ffun1.m4.13773.m1	1.0	S	0.0
Stycar_maker-SC_scaffold6476-snap-gene-0.15-mRNA-1	Horcal_Hcv1.av93.c2.g1198.i1	1.0	S	0.0
Stycar_maker-SC_scaffold6476-snap-gene-0.15-mRNA-1	Drygla_Dgla_sb282047	1.0	S	0.0
Stycar_maker-SC_scaffold6476-snap-gene-0.15-mRNA-1	Nemnom_g2507.t1	1.0	S	0.0
Stycar_maker-SC_scaffold6476-snap-gene-0.15-mRNA-1	Clacor_Ccor_scaffold8255_01	1.0	S	0.0
Stycar_maker-SC_scaffold6476-snap-gene-0.15-mRNA-1	Ctel_gnl_WGS_AMQN_CAPTEDRAFT_mRNA148077	1.0	S	0.0
Stycar_maker-SC_scaffold6476-snap-gene-0.15-mRNA-1	Chofle_EP00730_Choanoeca_flexa_P014618	1.0	S	0.0
Stycar_maker-SC_scaffold6476-snap-gene-0.15-mRNA-1	Pocdam_XM_027185939.1	1.0	S	0.0
Stycar_maker-SC_scaffold6476-snap-gene-0.15-mRNA-1	Mbre_EDQ91693	1.0	S	0.0
Stycar_maker-SC_scaffold6476-snap-gene-0.15-mRNA-1	Opea_EP00118_Oscarella_pearsei_P002113	1.0	S	0.0
Stycar_maker-SC_scaffold6476-snap-gene-0.15-mRNA-1	Bolinf_Binf_sb1233276	1.0	S	0.0
Stycar_maker-SC_scaffold6476-snap-gene-0.15-mRNA-1	Gasp_gasp1.m3.3291.m1	1.0	S	0.0
Stycar_maker-SC_scaffold6476-snap-gene-0.15-mRNA-1	Chem_TCONS_00001155	1.0	S	0.0
Stycar_maker-SC_scaffold6476-snap-gene-0.15-mRNA-1	Tcas_TC001757_001	1.0	S	0.0
Stycar_maker-SC_scaffold6476-snap-gene-0.15-mRNA-1	Diagra_EP00040_Diaphanoeca_grandis_P020099	1.0	S	0.0
Stycar_maker-SC_scaffold6476-snap-gene-0.15-mRNA-1	Skow_XM_006819199.1	1.0	S	0.0
Stycar_maker-SC_scaffold6476-snap-gene-0.15-mRNA-1	Rhoesc_Res_000489-T1	1.0	S	0.0
Stycar_maker-SC_scaffold6476-snap-gene-0.15-mRNA-1	Sros_EGD73119	1.0	S	0.0
Stycar_maker-SC_scaffold6476-snap-gene-0.15-mRNA-1	Stedip_EP00041_Stephanoeca_diplocostata_P003953	1.0	S	0.0
Stycar_maker-SC_scaffold6476-snap-gene-0.15-mRNA-1	Saldol_EP00054_Salpingoeca_dolichothecata_P036703	1.0	S	0.0
Stycar_maker-SC_scaffold6476-snap-gene-0.15-mRNA-1	Aaur_scaffold394.g16.t1	1.0	S	0.0
Stycar_maker-SC_scaffold6476-snap-gene-0.15-mRNA-1	Sanmal_Sma_010795-T1	1.0	S	0.0
Stycar_maker-SC_scaffold6476-snap-gene-0.15-mRNA-1	Eupdun_Edun_sb10633258	1.0	S	0.0
Stycar_maker-SC_scaffold6476-snap-gene-0.15-mRNA-1	Lampan_Lpan_C406885_01	1.0	S	0.0
Stycar_maker-SC_scaffold6476-snap-gene-0.15-mRNA-1	Amil_Amillepora07242-RA	1.0	S	0.0
Stycar_maker-SC_scaffold6476-snap-gene-0.15-mRNA-1	Morvir_scaffold308.g8.t1	1.0	S	0.0
Stycar_maker-SC_scaffold6476-snap-gene-0.15-mRNA-1	Codhol_EP00042_Codosiga_hollandica_P021794	1.0	S	0.0
Stycar_maker-SC_scaffold6476-snap-gene-0.15-mRNA-1	Salpun_EP00053_Salpingoeca_punica_P003696	1.0	S	0.0
Stycar_maker-SC_scaffold6476-snap-gene-0.15-mRNA-1	Cscu_XM_023387139.1	1.0	S	0.0
Stycar_maker-SC_scaffold6476-snap-gene-0.15-mRNA-1	Bralan_BLAG06000878_2	1.0	S	0.0
Stycar_maker-SC_scaffold6476-snap-gene-0.15-mRNA-1	Nvec_v1g232331	1.0	S	0.0
Stycar_maker-SC_scaffold6476-snap-gene-0.15-mRNA-1	Dgig_XM_028541822.1	1.0	S	0.0
Stycar_maker-SC_scaffold6476-snap-gene-0.15-mRNA-1	Mertsp_Mesp_sb586646	1.0	S	0.0
Stycar_maker-SC_scaffold6476-snap-gene-0.15-mRNA-1	Spur_XM_030981064.1	1.0	S	0.0
Stycar_maker-SC_scaffold6476-snap-gene-0.15-mRNA-1	Lcom_lcpid106448	1.0	S	0.0
Stycar_maker-SC_scaffold6476-snap-gene-0.15-mRNA-1	Salurc_EP00051_Salpingoeca_urceolata_P031812	1.0	S	0.0
Stycar_maker-SC_scaffold6476-snap-gene-0.15-mRNA-1	Choper_EP00045_Choanoeca_perplexa_P001581	1.0	S	0.0
Stycar_maker-SC_scaffold6476-snap-gene-0.15-mRNA-1	Salkve_EP00050_Salpingoeca_kvevrii_P010472	1.0	S	0.0
Stycar_maker-SC_scaffold6476-snap-gene-0.15-mRNA-1	Eupdun_Edun_sb10633259	1.0	S	0.0
Stycar_maker-SC_scaffold6476-snap-gene-0.15-mRNA-1	Leuniv_Lniv_scaffold19177_01	1.0	S	0.0
Stycar_maker-SC_scaffold6476-snap-gene-0.15-mRNA-1	Lcom_lcpid96903	1.0	S	0.0
Stycar_maker-SC_scaffold6476-snap-gene-0.15-mRNA-1	Xesp_016009-T1	1.0	S	0.0
Stycar_maker-SC_scaffold6476-snap-gene-0.15-mRNA-1	Cscu_XM_023358199.1	1.0	S	0.0
Stycar_maker-SC_scaffold6476-snap-gene-0.15-mRNA-1	Ocar_g10025	1.0	S	0.0
Stycar_maker-SC_scaffold6476-snap-gene-0.15-mRNA-1	Hsap_ENST00000409347	1.0	S	0.0
Stycar_maker-SC_scaffold6476-snap-gene-0.15-mRNA-1	Helnan_EP00037_Helgoeca_nana_P015185	1.0	S	0.0
Tadh_TriadT24802	Gfas_gfas1.m1.18734.m1	1.0	S	0.0
Tadh_TriadT24802	Codhol_EP00042_Codosiga_hollandica_P021798	1.0	S	0.0
Tadh_TriadT24802	Pbac_sb2658559	1.0	S	0.0
Tadh_TriadT24802	Scil_scict022109.1	1.0	S	0.0
Tadh_TriadT24802	Drygla_Dgla_sb282048	1.0	S	0.0
Tadh_TriadT24802	Salinf_EP00049_Salpingoeca_infusionum_P000938	1.0	S	0.0
Tadh_TriadT24802	Lcom_lcpid90325	1.0	S	0.0
Tadh_TriadT24802	Acaspe_EP00035_Acanthoeca_spectabilis_P022790	1.0	S	0.0
Tadh_TriadT24802	Pbac_sb2648503	1.0	S	0.0
Tadh_TriadT24802	Codhol_EP00042_Codosiga_hollandica_P021796	1.0	S	0.0
Tadh_TriadT24802	Cgig_XM_011428661.3	1.0	S	0.0
Tadh_TriadT24802	Plespi_Pspi_scaffold15648_01	1.0	S	0.0
Tadh_TriadT24802	Hvul_g22248_1	1.0	S	0.0
Tadh_TriadT24802	Bolinf_Binf_sb1233277	1.0	S	0.0
Tadh_TriadT24802	Spis_XP_022800649_1	1.0	S	0.0
Tadh_TriadT24802	Nemnom_g15092.t1	1.0	S	0.0
Tadh_TriadT24802	Didcos_EP00039_Didymoeca_costata_P007325	1.0	S	0.0
Tadh_TriadT24802	Salmac_EP00052_Salpingoeca_macrocollata_P020403	1.0	S	0.0
Tadh_TriadT24802	Acagra_model.g13545.t1	1.0	S	0.0
Tadh_TriadT24802	Mylflu_EP00047_Mylnosiga_fluctuans_P017086	1.0	S	0.0
Tadh_TriadT24802	Mlei_ML0823.g8.i1	1.0	S	0.0
Tadh_TriadT24802	Dpul_mRNA23949	1.0	S	0.0
Tadh_TriadT24802	Adig_XM_015892856.1	1.0	S	0.0
Tadh_TriadT24802	Fspp_ffun1.m4.13777.m1	1.0	S	0.0
Tadh_TriadT24802	Mertsp_Mesp_sb586645	1.0	S	0.0
Tadh_TriadT24802	Exapal_XM_021049598.2	1.0	S	0.0
Tadh_TriadT24802	Coemet_Cmet_scaffold13957_01	1.0	S	0.0
Tadh_TriadT24802	Microa_EP00043_Microstomoeca_roanoka_P000973	1.0	S	0.0
Tadh_TriadT24802	Bolinf_Binf_sb1218927	1.0	S	0.0
Tadh_TriadT24802	Fspp_ffun1.m4.13773.m1	1.0	S	0.0
Tadh_TriadT24802	Horcal_Hcv1.av93.c2.g1198.i1	1.0	S	0.0
Tadh_TriadT24802	Drygla_Dgla_sb282047	1.0	S	0.0
Tadh_TriadT24802	Nemnom_g2507.t1	1.0	S	0.0
Tadh_TriadT24802	Clacor_Ccor_scaffold8255_01	1.0	S	0.0
Tadh_TriadT24802	Ctel_gnl_WGS_AMQN_CAPTEDRAFT_mRNA148077	1.0	S	0.0
Tadh_TriadT24802	Chofle_EP00730_Choanoeca_flexa_P014618	1.0	S	0.0
Tadh_TriadT24802	Pocdam_XM_027185939.1	1.0	S	0.0
Tadh_TriadT24802	Mbre_EDQ91693	1.0	S	0.0
Tadh_TriadT24802	Opea_EP00118_Oscarella_pearsei_P002113	1.0	S	0.0
Tadh_TriadT24802	Bolinf_Binf_sb1233276	1.0	S	0.0
Tadh_TriadT24802	Gasp_gasp1.m3.3291.m1	1.0	S	0.0
Tadh_TriadT24802	Chem_TCONS_00001155	1.0	S	0.0
Tadh_TriadT24802	Tcas_TC001757_001	1.0	S	0.0
Tadh_TriadT24802	Diagra_EP00040_Diaphanoeca_grandis_P020099	1.0	S	0.0
Tadh_TriadT24802	Skow_XM_006819199.1	1.0	S	0.0
Tadh_TriadT24802	Rhoesc_Res_000489-T1	1.0	S	0.0
Tadh_TriadT24802	Sros_EGD73119	1.0	S	0.0
Tadh_TriadT24802	Stedip_EP00041_Stephanoeca_diplocostata_P003953	1.0	S	0.0
Tadh_TriadT24802	Saldol_EP00054_Salpingoeca_dolichothecata_P036703	1.0	S	0.0
Tadh_TriadT24802	Aaur_scaffold394.g16.t1	1.0	S	0.0
Tadh_TriadT24802	Sanmal_Sma_010795-T1	1.0	S	0.0
Tadh_TriadT24802	Eupdun_Edun_sb10633258	1.0	S	0.0
Tadh_TriadT24802	Lampan_Lpan_C406885_01	1.0	S	0.0
Tadh_TriadT24802	Amil_Amillepora07242-RA	1.0	S	0.0
Tadh_TriadT24802	Morvir_scaffold308.g8.t1	1.0	S	0.0
Tadh_TriadT24802	Codhol_EP00042_Codosiga_hollandica_P021794	1.0	S	0.0
Tadh_TriadT24802	Salpun_EP00053_Salpingoeca_punica_P003696	1.0	S	0.0
Tadh_TriadT24802	Cscu_XM_023387139.1	1.0	S	0.0
Tadh_TriadT24802	Bralan_BLAG06000878_2	1.0	S	0.0
Tadh_TriadT24802	Nvec_v1g232331	1.0	S	0.0
Tadh_TriadT24802	Dgig_XM_028541822.1	1.0	S	0.0
Tadh_TriadT24802	Mertsp_Mesp_sb586646	1.0	S	0.0
Tadh_TriadT24802	Spur_XM_030981064.1	1.0	S	0.0
Tadh_TriadT24802	Lcom_lcpid106448	1.0	S	0.0
Tadh_TriadT24802	Salurc_EP00051_Salpingoeca_urceolata_P031812	1.0	S	0.0
Tadh_TriadT24802	Choper_EP00045_Choanoeca_perplexa_P001581	1.0	S	0.0
Tadh_TriadT24802	Salkve_EP00050_Salpingoeca_kvevrii_P010472	1.0	S	0.0
Tadh_TriadT24802	Eupdun_Edun_sb10633259	1.0	S	0.0
Tadh_TriadT24802	Leuniv_Lniv_scaffold19177_01	1.0	S	0.0
Tadh_TriadT24802	Lcom_lcpid96903	1.0	S	0.0
Tadh_TriadT24802	Xesp_016009-T1	1.0	S	0.0
Tadh_TriadT24802	Cscu_XM_023358199.1	1.0	S	0.0
Tadh_TriadT24802	Ocar_g10025	1.0	S	0.0
Tadh_TriadT24802	Hsap_ENST00000409347	1.0	S	0.0
Tadh_TriadT24802	Helnan_EP00037_Helgoeca_nana_P015185	1.0	S	0.0
Aque_Aqu2.1.41309_001	Gfas_gfas1.m1.18734.m1	1.0	S	0.0
Aque_Aqu2.1.41309_001	Codhol_EP00042_Codosiga_hollandica_P021798	1.0	S	0.0
Aque_Aqu2.1.41309_001	Pbac_sb2658559	1.0	S	0.0
Aque_Aqu2.1.41309_001	Scil_scict022109.1	1.0	S	0.0
Aque_Aqu2.1.41309_001	Drygla_Dgla_sb282048	1.0	S	0.0
Aque_Aqu2.1.41309_001	Salinf_EP00049_Salpingoeca_infusionum_P000938	1.0	S	0.0
Aque_Aqu2.1.41309_001	Lcom_lcpid90325	1.0	S	0.0
Aque_Aqu2.1.41309_001	Acaspe_EP00035_Acanthoeca_spectabilis_P022790	1.0	S	0.0
Aque_Aqu2.1.41309_001	Pbac_sb2648503	1.0	S	0.0
Aque_Aqu2.1.41309_001	Codhol_EP00042_Codosiga_hollandica_P021796	1.0	S	0.0
Aque_Aqu2.1.41309_001	Cgig_XM_011428661.3	1.0	S	0.0
Aque_Aqu2.1.41309_001	Plespi_Pspi_scaffold15648_01	1.0	S	0.0
Aque_Aqu2.1.41309_001	Hvul_g22248_1	1.0	S	0.0
Aque_Aqu2.1.41309_001	Bolinf_Binf_sb1233277	1.0	S	0.0
Aque_Aqu2.1.41309_001	Spis_XP_022800649_1	1.0	S	0.0
Aque_Aqu2.1.41309_001	Nemnom_g15092.t1	1.0	S	0.0
Aque_Aqu2.1.41309_001	Didcos_EP00039_Didymoeca_costata_P007325	1.0	S	0.0
Aque_Aqu2.1.41309_001	Salmac_EP00052_Salpingoeca_macrocollata_P020403	1.0	S	0.0
Aque_Aqu2.1.41309_001	Acagra_model.g13545.t1	1.0	S	0.0
Aque_Aqu2.1.41309_001	Mylflu_EP00047_Mylnosiga_fluctuans_P017086	1.0	S	0.0
Aque_Aqu2.1.41309_001	Mlei_ML0823.g8.i1	1.0	S	0.0
Aque_Aqu2.1.41309_001	Dpul_mRNA23949	1.0	S	0.0
Aque_Aqu2.1.41309_001	Adig_XM_015892856.1	1.0	S	0.0
Aque_Aqu2.1.41309_001	Fspp_ffun1.m4.13777.m1	1.0	S	0.0
Aque_Aqu2.1.41309_001	Mertsp_Mesp_sb586645	1.0	S	0.0
Aque_Aqu2.1.41309_001	Exapal_XM_021049598.2	1.0	S	0.0
Aque_Aqu2.1.41309_001	Coemet_Cmet_scaffold13957_01	1.0	S	0.0
Aque_Aqu2.1.41309_001	Microa_EP00043_Microstomoeca_roanoka_P000973	1.0	S	0.0
Aque_Aqu2.1.41309_001	Bolinf_Binf_sb1218927	1.0	S	0.0
Aque_Aqu2.1.41309_001	Fspp_ffun1.m4.13773.m1	1.0	S	0.0
Aque_Aqu2.1.41309_001	Horcal_Hcv1.av93.c2.g1198.i1	1.0	S	0.0
Aque_Aqu2.1.41309_001	Drygla_Dgla_sb282047	1.0	S	0.0
Aque_Aqu2.1.41309_001	Nemnom_g2507.t1	1.0	S	0.0
Aque_Aqu2.1.41309_001	Clacor_Ccor_scaffold8255_01	1.0	S	0.0
Aque_Aqu2.1.41309_001	Ctel_gnl_WGS_AMQN_CAPTEDRAFT_mRNA148077	1.0	S	0.0
Aque_Aqu2.1.41309_001	Chofle_EP00730_Choanoeca_flexa_P014618	1.0	S	0.0
Aque_Aqu2.1.41309_001	Pocdam_XM_027185939.1	1.0	S	0.0
Aque_Aqu2.1.41309_001	Mbre_EDQ91693	1.0	S	0.0
Aque_Aqu2.1.41309_001	Opea_EP00118_Oscarella_pearsei_P002113	1.0	S	0.0
Aque_Aqu2.1.41309_001	Bolinf_Binf_sb1233276	1.0	S	0.0
Aque_Aqu2.1.41309_001	Gasp_gasp1.m3.3291.m1	1.0	S	0.0
Aque_Aqu2.1.41309_001	Chem_TCONS_00001155	1.0	S	0.0
Aque_Aqu2.1.41309_001	Tcas_TC001757_001	1.0	S	0.0
Aque_Aqu2.1.41309_001	Diagra_EP00040_Diaphanoeca_grandis_P020099	1.0	S	0.0
Aque_Aqu2.1.41309_001	Skow_XM_006819199.1	1.0	S	0.0
Aque_Aqu2.1.41309_001	Rhoesc_Res_000489-T1	1.0	S	0.0
Aque_Aqu2.1.41309_001	Sros_EGD73119	1.0	S	0.0
Aque_Aqu2.1.41309_001	Stedip_EP00041_Stephanoeca_diplocostata_P003953	1.0	S	0.0
Aque_Aqu2.1.41309_001	Saldol_EP00054_Salpingoeca_dolichothecata_P036703	1.0	S	0.0
Aque_Aqu2.1.41309_001	Aaur_scaffold394.g16.t1	1.0	S	0.0
Aque_Aqu2.1.41309_001	Sanmal_Sma_010795-T1	1.0	S	0.0
Aque_Aqu2.1.41309_001	Eupdun_Edun_sb10633258	1.0	S	0.0
Aque_Aqu2.1.41309_001	Lampan_Lpan_C406885_01	1.0	S	0.0
Aque_Aqu2.1.41309_001	Amil_Amillepora07242-RA	1.0	S	0.0
Aque_Aqu2.1.41309_001	Morvir_scaffold308.g8.t1	1.0	S	0.0
Aque_Aqu2.1.41309_001	Codhol_EP00042_Codosiga_hollandica_P021794	1.0	S	0.0
Aque_Aqu2.1.41309_001	Salpun_EP00053_Salpingoeca_punica_P003696	1.0	S	0.0
Aque_Aqu2.1.41309_001	Cscu_XM_023387139.1	1.0	S	0.0
Aque_Aqu2.1.41309_001	Bralan_BLAG06000878_2	1.0	S	0.0
Aque_Aqu2.1.41309_001	Nvec_v1g232331	1.0	S	0.0
Aque_Aqu2.1.41309_001	Dgig_XM_028541822.1	1.0	S	0.0
Aque_Aqu2.1.41309_001	Mertsp_Mesp_sb586646	1.0	S	0.0
Aque_Aqu2.1.41309_001	Spur_XM_030981064.1	1.0	S	0.0
Aque_Aqu2.1.41309_001	Lcom_lcpid106448	1.0	S	0.0
Aque_Aqu2.1.41309_001	Salurc_EP00051_Salpingoeca_urceolata_P031812	1.0	S	0.0
Aque_Aqu2.1.41309_001	Choper_EP00045_Choanoeca_perplexa_P001581	1.0	S	0.0
Aque_Aqu2.1.41309_001	Salkve_EP00050_Salpingoeca_kvevrii_P010472	1.0	S	0.0
Aque_Aqu2.1.41309_001	Eupdun_Edun_sb10633259	1.0	S	0.0
Aque_Aqu2.1.41309_001	Leuniv_Lniv_scaffold19177_01	1.0	S	0.0
Aque_Aqu2.1.41309_001	Lcom_lcpid96903	1.0	S	0.0
Aque_Aqu2.1.41309_001	Xesp_016009-T1	1.0	S	0.0
Aque_Aqu2.1.41309_001	Cscu_XM_023358199.1	1.0	S	0.0
Aque_Aqu2.1.41309_001	Ocar_g10025	1.0	S	0.0
Aque_Aqu2.1.41309_001	Hsap_ENST00000409347	1.0	S	0.0
Aque_Aqu2.1.41309_001	Helnan_EP00037_Helgoeca_nana_P015185	1.0	S	0.0
Spolac_c94000_g1_i1_m.9522c94000-g1	Gfas_gfas1.m1.18734.m1	1.0	S	0.0
Spolac_c94000_g1_i1_m.9522c94000-g1	Codhol_EP00042_Codosiga_hollandica_P021798	1.0	S	0.0
Spolac_c94000_g1_i1_m.9522c94000-g1	Pbac_sb2658559	1.0	S	0.0
Spolac_c94000_g1_i1_m.9522c94000-g1	Scil_scict022109.1	1.0	S	0.0
Spolac_c94000_g1_i1_m.9522c94000-g1	Drygla_Dgla_sb282048	1.0	S	0.0
Spolac_c94000_g1_i1_m.9522c94000-g1	Salinf_EP00049_Salpingoeca_infusionum_P000938	1.0	S	0.0
Spolac_c94000_g1_i1_m.9522c94000-g1	Lcom_lcpid90325	1.0	S	0.0
Spolac_c94000_g1_i1_m.9522c94000-g1	Acaspe_EP00035_Acanthoeca_spectabilis_P022790	1.0	S	0.0
Spolac_c94000_g1_i1_m.9522c94000-g1	Pbac_sb2648503	1.0	S	0.0
Spolac_c94000_g1_i1_m.9522c94000-g1	Codhol_EP00042_Codosiga_hollandica_P021796	1.0	S	0.0
Spolac_c94000_g1_i1_m.9522c94000-g1	Cgig_XM_011428661.3	1.0	S	0.0
Spolac_c94000_g1_i1_m.9522c94000-g1	Plespi_Pspi_scaffold15648_01	1.0	S	0.0
Spolac_c94000_g1_i1_m.9522c94000-g1	Hvul_g22248_1	1.0	S	0.0
Spolac_c94000_g1_i1_m.9522c94000-g1	Bolinf_Binf_sb1233277	1.0	S	0.0
Spolac_c94000_g1_i1_m.9522c94000-g1	Spis_XP_022800649_1	1.0	S	0.0
Spolac_c94000_g1_i1_m.9522c94000-g1	Nemnom_g15092.t1	1.0	S	0.0
Spolac_c94000_g1_i1_m.9522c94000-g1	Didcos_EP00039_Didymoeca_costata_P007325	1.0	S	0.0
Spolac_c94000_g1_i1_m.9522c94000-g1	Salmac_EP00052_Salpingoeca_macrocollata_P020403	1.0	S	0.0
Spolac_c94000_g1_i1_m.9522c94000-g1	Acagra_model.g13545.t1	1.0	S	0.0
Spolac_c94000_g1_i1_m.9522c94000-g1	Mylflu_EP00047_Mylnosiga_fluctuans_P017086	1.0	S	0.0
Spolac_c94000_g1_i1_m.9522c94000-g1	Mlei_ML0823.g8.i1	1.0	S	0.0
Spolac_c94000_g1_i1_m.9522c94000-g1	Dpul_mRNA23949	1.0	S	0.0
Spolac_c94000_g1_i1_m.9522c94000-g1	Adig_XM_015892856.1	1.0	S	0.0
Spolac_c94000_g1_i1_m.9522c94000-g1	Fspp_ffun1.m4.13777.m1	1.0	S	0.0
Spolac_c94000_g1_i1_m.9522c94000-g1	Mertsp_Mesp_sb586645	1.0	S	0.0
Spolac_c94000_g1_i1_m.9522c94000-g1	Exapal_XM_021049598.2	1.0	S	0.0
Spolac_c94000_g1_i1_m.9522c94000-g1	Coemet_Cmet_scaffold13957_01	1.0	S	0.0
Spolac_c94000_g1_i1_m.9522c94000-g1	Microa_EP00043_Microstomoeca_roanoka_P000973	1.0	S	0.0
Spolac_c94000_g1_i1_m.9522c94000-g1	Bolinf_Binf_sb1218927	1.0	S	0.0
Spolac_c94000_g1_i1_m.9522c94000-g1	Fspp_ffun1.m4.13773.m1	1.0	S	0.0
Spolac_c94000_g1_i1_m.9522c94000-g1	Horcal_Hcv1.av93.c2.g1198.i1	1.0	S	0.0
Spolac_c94000_g1_i1_m.9522c94000-g1	Drygla_Dgla_sb282047	1.0	S	0.0
Spolac_c94000_g1_i1_m.9522c94000-g1	Nemnom_g2507.t1	1.0	S	0.0
Spolac_c94000_g1_i1_m.9522c94000-g1	Clacor_Ccor_scaffold8255_01	1.0	S	0.0
Spolac_c94000_g1_i1_m.9522c94000-g1	Ctel_gnl_WGS_AMQN_CAPTEDRAFT_mRNA148077	1.0	S	0.0
Spolac_c94000_g1_i1_m.9522c94000-g1	Chofle_EP00730_Choanoeca_flexa_P014618	1.0	S	0.0
Spolac_c94000_g1_i1_m.9522c94000-g1	Pocdam_XM_027185939.1	1.0	S	0.0
Spolac_c94000_g1_i1_m.9522c94000-g1	Mbre_EDQ91693	1.0	S	0.0
Spolac_c94000_g1_i1_m.9522c94000-g1	Opea_EP00118_Oscarella_pearsei_P002113	1.0	S	0.0
Spolac_c94000_g1_i1_m.9522c94000-g1	Bolinf_Binf_sb1233276	1.0	S	0.0
Spolac_c94000_g1_i1_m.9522c94000-g1	Gasp_gasp1.m3.3291.m1	1.0	S	0.0
Spolac_c94000_g1_i1_m.9522c94000-g1	Chem_TCONS_00001155	1.0	S	0.0
Spolac_c94000_g1_i1_m.9522c94000-g1	Tcas_TC001757_001	1.0	S	0.0
Spolac_c94000_g1_i1_m.9522c94000-g1	Diagra_EP00040_Diaphanoeca_grandis_P020099	1.0	S	0.0
Spolac_c94000_g1_i1_m.9522c94000-g1	Skow_XM_006819199.1	1.0	S	0.0
Spolac_c94000_g1_i1_m.9522c94000-g1	Rhoesc_Res_000489-T1	1.0	S	0.0
Spolac_c94000_g1_i1_m.9522c94000-g1	Sros_EGD73119	1.0	S	0.0
Spolac_c94000_g1_i1_m.9522c94000-g1	Stedip_EP00041_Stephanoeca_diplocostata_P003953	1.0	S	0.0
Spolac_c94000_g1_i1_m.9522c94000-g1	Saldol_EP00054_Salpingoeca_dolichothecata_P036703	1.0	S	0.0
Spolac_c94000_g1_i1_m.9522c94000-g1	Aaur_scaffold394.g16.t1	1.0	S	0.0
Spolac_c94000_g1_i1_m.9522c94000-g1	Sanmal_Sma_010795-T1	1.0	S	0.0
Spolac_c94000_g1_i1_m.9522c94000-g1	Eupdun_Edun_sb10633258	1.0	S	0.0
Spolac_c94000_g1_i1_m.9522c94000-g1	Lampan_Lpan_C406885_01	1.0	S	0.0
Spolac_c94000_g1_i1_m.9522c94000-g1	Amil_Amillepora07242-RA	1.0	S	0.0
Spolac_c94000_g1_i1_m.9522c94000-g1	Morvir_scaffold308.g8.t1	1.0	S	0.0
Spolac_c94000_g1_i1_m.9522c94000-g1	Codhol_EP00042_Codosiga_hollandica_P021794	1.0	S	0.0
Spolac_c94000_g1_i1_m.9522c94000-g1	Salpun_EP00053_Salpingoeca_punica_P003696	1.0	S	0.0
Spolac_c94000_g1_i1_m.9522c94000-g1	Cscu_XM_023387139.1	1.0	S	0.0
Spolac_c94000_g1_i1_m.9522c94000-g1	Bralan_BLAG06000878_2	1.0	S	0.0
Spolac_c94000_g1_i1_m.9522c94000-g1	Nvec_v1g232331	1.0	S	0.0
Spolac_c94000_g1_i1_m.9522c94000-g1	Dgig_XM_028541822.1	1.0	S	0.0
Spolac_c94000_g1_i1_m.9522c94000-g1	Mertsp_Mesp_sb586646	1.0	S	0.0
Spolac_c94000_g1_i1_m.9522c94000-g1	Spur_XM_030981064.1	1.0	S	0.0
Spolac_c94000_g1_i1_m.9522c94000-g1	Lcom_lcpid106448	1.0	S	0.0
Spolac_c94000_g1_i1_m.9522c94000-g1	Salurc_EP00051_Salpingoeca_urceolata_P031812	1.0	S	0.0
Spolac_c94000_g1_i1_m.9522c94000-g1	Choper_EP00045_Choanoeca_perplexa_P001581	1.0	S	0.0
Spolac_c94000_g1_i1_m.9522c94000-g1	Salkve_EP00050_Salpingoeca_kvevrii_P010472	1.0	S	0.0
Spolac_c94000_g1_i1_m.9522c94000-g1	Eupdun_Edun_sb10633259	1.0	S	0.0
Spolac_c94000_g1_i1_m.9522c94000-g1	Leuniv_Lniv_scaffold19177_01	1.0	S	0.0
Spolac_c94000_g1_i1_m.9522c94000-g1	Lcom_lcpid96903	1.0	S	0.0
Spolac_c94000_g1_i1_m.9522c94000-g1	Xesp_016009-T1	1.0	S	0.0
Spolac_c94000_g1_i1_m.9522c94000-g1	Cscu_XM_023358199.1	1.0	S	0.0
Spolac_c94000_g1_i1_m.9522c94000-g1	Ocar_g10025	1.0	S	0.0
Spolac_c94000_g1_i1_m.9522c94000-g1	Hsap_ENST00000409347	1.0	S	0.0
Spolac_c94000_g1_i1_m.9522c94000-g1	Helnan_EP00037_Helgoeca_nana_P015185	1.0	S	0.0
HoiH06_mRNA14191	Gfas_gfas1.m1.18734.m1	1.0	S	0.0
HoiH06_mRNA14191	Codhol_EP00042_Codosiga_hollandica_P021798	1.0	S	0.0
HoiH06_mRNA14191	Pbac_sb2658559	1.0	S	0.0
HoiH06_mRNA14191	Scil_scict022109.1	1.0	S	0.0
HoiH06_mRNA14191	Drygla_Dgla_sb282048	1.0	S	0.0
HoiH06_mRNA14191	Salinf_EP00049_Salpingoeca_infusionum_P000938	1.0	S	0.0
HoiH06_mRNA14191	Lcom_lcpid90325	1.0	S	0.0
HoiH06_mRNA14191	Acaspe_EP00035_Acanthoeca_spectabilis_P022790	1.0	S	0.0
HoiH06_mRNA14191	Pbac_sb2648503	1.0	S	0.0
HoiH06_mRNA14191	Codhol_EP00042_Codosiga_hollandica_P021796	1.0	S	0.0
HoiH06_mRNA14191	Cgig_XM_011428661.3	1.0	S	0.0
HoiH06_mRNA14191	Plespi_Pspi_scaffold15648_01	1.0	S	0.0
HoiH06_mRNA14191	Hvul_g22248_1	1.0	S	0.0
HoiH06_mRNA14191	Bolinf_Binf_sb1233277	1.0	S	0.0
HoiH06_mRNA14191	Spis_XP_022800649_1	1.0	S	0.0
HoiH06_mRNA14191	Nemnom_g15092.t1	1.0	S	0.0
HoiH06_mRNA14191	Didcos_EP00039_Didymoeca_costata_P007325	1.0	S	0.0
HoiH06_mRNA14191	Salmac_EP00052_Salpingoeca_macrocollata_P020403	1.0	S	0.0
HoiH06_mRNA14191	Acagra_model.g13545.t1	1.0	S	0.0
HoiH06_mRNA14191	Mylflu_EP00047_Mylnosiga_fluctuans_P017086	1.0	S	0.0
HoiH06_mRNA14191	Mlei_ML0823.g8.i1	1.0	S	0.0
HoiH06_mRNA14191	Dpul_mRNA23949	1.0	S	0.0
HoiH06_mRNA14191	Adig_XM_015892856.1	1.0	S	0.0
HoiH06_mRNA14191	Fspp_ffun1.m4.13777.m1	1.0	S	0.0
HoiH06_mRNA14191	Mertsp_Mesp_sb586645	1.0	S	0.0
HoiH06_mRNA14191	Exapal_XM_021049598.2	1.0	S	0.0
HoiH06_mRNA14191	Coemet_Cmet_scaffold13957_01	1.0	S	0.0
HoiH06_mRNA14191	Microa_EP00043_Microstomoeca_roanoka_P000973	1.0	S	0.0
HoiH06_mRNA14191	Bolinf_Binf_sb1218927	1.0	S	0.0
HoiH06_mRNA14191	Fspp_ffun1.m4.13773.m1	1.0	S	0.0
HoiH06_mRNA14191	Horcal_Hcv1.av93.c2.g1198.i1	1.0	S	0.0
HoiH06_mRNA14191	Drygla_Dgla_sb282047	1.0	S	0.0
HoiH06_mRNA14191	Nemnom_g2507.t1	1.0	S	0.0
HoiH06_mRNA14191	Clacor_Ccor_scaffold8255_01	1.0	S	0.0
HoiH06_mRNA14191	Ctel_gnl_WGS_AMQN_CAPTEDRAFT_mRNA148077	1.0	S	0.0
HoiH06_mRNA14191	Chofle_EP00730_Choanoeca_flexa_P014618	1.0	S	0.0
HoiH06_mRNA14191	Pocdam_XM_027185939.1	1.0	S	0.0
HoiH06_mRNA14191	Mbre_EDQ91693	1.0	S	0.0
HoiH06_mRNA14191	Opea_EP00118_Oscarella_pearsei_P002113	1.0	S	0.0
HoiH06_mRNA14191	Bolinf_Binf_sb1233276	1.0	S	0.0
HoiH06_mRNA14191	Gasp_gasp1.m3.3291.m1	1.0	S	0.0
HoiH06_mRNA14191	Chem_TCONS_00001155	1.0	S	0.0
HoiH06_mRNA14191	Tcas_TC001757_001	1.0	S	0.0
HoiH06_mRNA14191	Diagra_EP00040_Diaphanoeca_grandis_P020099	1.0	S	0.0
HoiH06_mRNA14191	Skow_XM_006819199.1	1.0	S	0.0
HoiH06_mRNA14191	Rhoesc_Res_000489-T1	1.0	S	0.0
HoiH06_mRNA14191	Sros_EGD73119	1.0	S	0.0
HoiH06_mRNA14191	Stedip_EP00041_Stephanoeca_diplocostata_P003953	1.0	S	0.0
HoiH06_mRNA14191	Saldol_EP00054_Salpingoeca_dolichothecata_P036703	1.0	S	0.0
HoiH06_mRNA14191	Aaur_scaffold394.g16.t1	1.0	S	0.0
HoiH06_mRNA14191	Sanmal_Sma_010795-T1	1.0	S	0.0
HoiH06_mRNA14191	Eupdun_Edun_sb10633258	1.0	S	0.0
HoiH06_mRNA14191	Lampan_Lpan_C406885_01	1.0	S	0.0
HoiH06_mRNA14191	Amil_Amillepora07242-RA	1.0	S	0.0
HoiH06_mRNA14191	Morvir_scaffold308.g8.t1	1.0	S	0.0
HoiH06_mRNA14191	Codhol_EP00042_Codosiga_hollandica_P021794	1.0	S	0.0
HoiH06_mRNA14191	Salpun_EP00053_Salpingoeca_punica_P003696	1.0	S	0.0
HoiH06_mRNA14191	Cscu_XM_023387139.1	1.0	S	0.0
HoiH06_mRNA14191	Bralan_BLAG06000878_2	1.0	S	0.0
HoiH06_mRNA14191	Nvec_v1g232331	1.0	S	0.0
HoiH06_mRNA14191	Dgig_XM_028541822.1	1.0	S	0.0
HoiH06_mRNA14191	Mertsp_Mesp_sb586646	1.0	S	0.0
HoiH06_mRNA14191	Spur_XM_030981064.1	1.0	S	0.0
HoiH06_mRNA14191	Lcom_lcpid106448	1.0	S	0.0
HoiH06_mRNA14191	Salurc_EP00051_Salpingoeca_urceolata_P031812	1.0	S	0.0
HoiH06_mRNA14191	Choper_EP00045_Choanoeca_perplexa_P001581	1.0	S	0.0
HoiH06_mRNA14191	Salkve_EP00050_Salpingoeca_kvevrii_P010472	1.0	S	0.0
HoiH06_mRNA14191	Eupdun_Edun_sb10633259	1.0	S	0.0
HoiH06_mRNA14191	Leuniv_Lniv_scaffold19177_01	1.0	S	0.0
HoiH06_mRNA14191	Lcom_lcpid96903	1.0	S	0.0
HoiH06_mRNA14191	Xesp_016009-T1	1.0	S	0.0
HoiH06_mRNA14191	Cscu_XM_023358199.1	1.0	S	0.0
HoiH06_mRNA14191	Ocar_g10025	1.0	S	0.0
HoiH06_mRNA14191	Hsap_ENST00000409347	1.0	S	0.0
HoiH06_mRNA14191	Helnan_EP00037_Helgoeca_nana_P015185	1.0	S	0.0
TrH2_TrispH2_001120-RA	Gfas_gfas1.m1.18734.m1	1.0	S	0.0
TrH2_TrispH2_001120-RA	Codhol_EP00042_Codosiga_hollandica_P021798	1.0	S	0.0
TrH2_TrispH2_001120-RA	Pbac_sb2658559	1.0	S	0.0
TrH2_TrispH2_001120-RA	Scil_scict022109.1	1.0	S	0.0
TrH2_TrispH2_001120-RA	Drygla_Dgla_sb282048	1.0	S	0.0
TrH2_TrispH2_001120-RA	Salinf_EP00049_Salpingoeca_infusionum_P000938	1.0	S	0.0
TrH2_TrispH2_001120-RA	Lcom_lcpid90325	1.0	S	0.0
TrH2_TrispH2_001120-RA	Acaspe_EP00035_Acanthoeca_spectabilis_P022790	1.0	S	0.0
TrH2_TrispH2_001120-RA	Pbac_sb2648503	1.0	S	0.0
TrH2_TrispH2_001120-RA	Codhol_EP00042_Codosiga_hollandica_P021796	1.0	S	0.0
TrH2_TrispH2_001120-RA	Cgig_XM_011428661.3	1.0	S	0.0
TrH2_TrispH2_001120-RA	Plespi_Pspi_scaffold15648_01	1.0	S	0.0
TrH2_TrispH2_001120-RA	Hvul_g22248_1	1.0	S	0.0
TrH2_TrispH2_001120-RA	Bolinf_Binf_sb1233277	1.0	S	0.0
TrH2_TrispH2_001120-RA	Spis_XP_022800649_1	1.0	S	0.0
TrH2_TrispH2_001120-RA	Nemnom_g15092.t1	1.0	S	0.0
TrH2_TrispH2_001120-RA	Didcos_EP00039_Didymoeca_costata_P007325	1.0	S	0.0
TrH2_TrispH2_001120-RA	Salmac_EP00052_Salpingoeca_macrocollata_P020403	1.0	S	0.0
TrH2_TrispH2_001120-RA	Acagra_model.g13545.t1	1.0	S	0.0
TrH2_TrispH2_001120-RA	Mylflu_EP00047_Mylnosiga_fluctuans_P017086	1.0	S	0.0
TrH2_TrispH2_001120-RA	Mlei_ML0823.g8.i1	1.0	S	0.0
TrH2_TrispH2_001120-RA	Dpul_mRNA23949	1.0	S	0.0
TrH2_TrispH2_001120-RA	Adig_XM_015892856.1	1.0	S	0.0
TrH2_TrispH2_001120-RA	Fspp_ffun1.m4.13777.m1	1.0	S	0.0
TrH2_TrispH2_001120-RA	Mertsp_Mesp_sb586645	1.0	S	0.0
TrH2_TrispH2_001120-RA	Exapal_XM_021049598.2	1.0	S	0.0
TrH2_TrispH2_001120-RA	Coemet_Cmet_scaffold13957_01	1.0	S	0.0
TrH2_TrispH2_001120-RA	Microa_EP00043_Microstomoeca_roanoka_P000973	1.0	S	0.0
TrH2_TrispH2_001120-RA	Bolinf_Binf_sb1218927	1.0	S	0.0
TrH2_TrispH2_001120-RA	Fspp_ffun1.m4.13773.m1	1.0	S	0.0
TrH2_TrispH2_001120-RA	Horcal_Hcv1.av93.c2.g1198.i1	1.0	S	0.0
TrH2_TrispH2_001120-RA	Drygla_Dgla_sb282047	1.0	S	0.0
TrH2_TrispH2_001120-RA	Nemnom_g2507.t1	1.0	S	0.0
TrH2_TrispH2_001120-RA	Clacor_Ccor_scaffold8255_01	1.0	S	0.0
TrH2_TrispH2_001120-RA	Ctel_gnl_WGS_AMQN_CAPTEDRAFT_mRNA148077	1.0	S	0.0
TrH2_TrispH2_001120-RA	Chofle_EP00730_Choanoeca_flexa_P014618	1.0	S	0.0
TrH2_TrispH2_001120-RA	Pocdam_XM_027185939.1	1.0	S	0.0
TrH2_TrispH2_001120-RA	Mbre_EDQ91693	1.0	S	0.0
TrH2_TrispH2_001120-RA	Opea_EP00118_Oscarella_pearsei_P002113	1.0	S	0.0
TrH2_TrispH2_001120-RA	Bolinf_Binf_sb1233276	1.0	S	0.0
TrH2_TrispH2_001120-RA	Gasp_gasp1.m3.3291.m1	1.0	S	0.0
TrH2_TrispH2_001120-RA	Chem_TCONS_00001155	1.0	S	0.0
TrH2_TrispH2_001120-RA	Tcas_TC001757_001	1.0	S	0.0
TrH2_TrispH2_001120-RA	Diagra_EP00040_Diaphanoeca_grandis_P020099	1.0	S	0.0
TrH2_TrispH2_001120-RA	Skow_XM_006819199.1	1.0	S	0.0
TrH2_TrispH2_001120-RA	Rhoesc_Res_000489-T1	1.0	S	0.0
TrH2_TrispH2_001120-RA	Sros_EGD73119	1.0	S	0.0
TrH2_TrispH2_001120-RA	Stedip_EP00041_Stephanoeca_diplocostata_P003953	1.0	S	0.0
TrH2_TrispH2_001120-RA	Saldol_EP00054_Salpingoeca_dolichothecata_P036703	1.0	S	0.0
TrH2_TrispH2_001120-RA	Aaur_scaffold394.g16.t1	1.0	S	0.0
TrH2_TrispH2_001120-RA	Sanmal_Sma_010795-T1	1.0	S	0.0
TrH2_TrispH2_001120-RA	Eupdun_Edun_sb10633258	1.0	S	0.0
TrH2_TrispH2_001120-RA	Lampan_Lpan_C406885_01	1.0	S	0.0
TrH2_TrispH2_001120-RA	Amil_Amillepora07242-RA	1.0	S	0.0
TrH2_TrispH2_001120-RA	Morvir_scaffold308.g8.t1	1.0	S	0.0
TrH2_TrispH2_001120-RA	Codhol_EP00042_Codosiga_hollandica_P021794	1.0	S	0.0
TrH2_TrispH2_001120-RA	Salpun_EP00053_Salpingoeca_punica_P003696	1.0	S	0.0
TrH2_TrispH2_001120-RA	Cscu_XM_023387139.1	1.0	S	0.0
TrH2_TrispH2_001120-RA	Bralan_BLAG06000878_2	1.0	S	0.0
TrH2_TrispH2_001120-RA	Nvec_v1g232331	1.0	S	0.0
TrH2_TrispH2_001120-RA	Dgig_XM_028541822.1	1.0	S	0.0
TrH2_TrispH2_001120-RA	Mertsp_Mesp_sb586646	1.0	S	0.0
TrH2_TrispH2_001120-RA	Spur_XM_030981064.1	1.0	S	0.0
TrH2_TrispH2_001120-RA	Lcom_lcpid106448	1.0	S	0.0
TrH2_TrispH2_001120-RA	Salurc_EP00051_Salpingoeca_urceolata_P031812	1.0	S	0.0
TrH2_TrispH2_001120-RA	Choper_EP00045_Choanoeca_perplexa_P001581	1.0	S	0.0
TrH2_TrispH2_001120-RA	Salkve_EP00050_Salpingoeca_kvevrii_P010472	1.0	S	0.0
TrH2_TrispH2_001120-RA	Eupdun_Edun_sb10633259	1.0	S	0.0
TrH2_TrispH2_001120-RA	Leuniv_Lniv_scaffold19177_01	1.0	S	0.0
TrH2_TrispH2_001120-RA	Lcom_lcpid96903	1.0	S	0.0
TrH2_TrispH2_001120-RA	Xesp_016009-T1	1.0	S	0.0
TrH2_TrispH2_001120-RA	Cscu_XM_023358199.1	1.0	S	0.0
TrH2_TrispH2_001120-RA	Ocar_g10025	1.0	S	0.0
TrH2_TrispH2_001120-RA	Hsap_ENST00000409347	1.0	S	0.0
TrH2_TrispH2_001120-RA	Helnan_EP00037_Helgoeca_nana_P015185	1.0	S	0.0
Hhon_g04319.t1	Gfas_gfas1.m1.18734.m1	1.0	S	0.0
Hhon_g04319.t1	Codhol_EP00042_Codosiga_hollandica_P021798	1.0	S	0.0
Hhon_g04319.t1	Pbac_sb2658559	1.0	S	0.0
Hhon_g04319.t1	Scil_scict022109.1	1.0	S	0.0
Hhon_g04319.t1	Drygla_Dgla_sb282048	1.0	S	0.0
Hhon_g04319.t1	Salinf_EP00049_Salpingoeca_infusionum_P000938	1.0	S	0.0
Hhon_g04319.t1	Lcom_lcpid90325	1.0	S	0.0
Hhon_g04319.t1	Acaspe_EP00035_Acanthoeca_spectabilis_P022790	1.0	S	0.0
Hhon_g04319.t1	Pbac_sb2648503	1.0	S	0.0
Hhon_g04319.t1	Codhol_EP00042_Codosiga_hollandica_P021796	1.0	S	0.0
Hhon_g04319.t1	Cgig_XM_011428661.3	1.0	S	0.0
Hhon_g04319.t1	Plespi_Pspi_scaffold15648_01	1.0	S	0.0
Hhon_g04319.t1	Hvul_g22248_1	1.0	S	0.0
Hhon_g04319.t1	Bolinf_Binf_sb1233277	1.0	S	0.0
Hhon_g04319.t1	Spis_XP_022800649_1	1.0	S	0.0
Hhon_g04319.t1	Nemnom_g15092.t1	1.0	S	0.0
Hhon_g04319.t1	Didcos_EP00039_Didymoeca_costata_P007325	1.0	S	0.0
Hhon_g04319.t1	Salmac_EP00052_Salpingoeca_macrocollata_P020403	1.0	S	0.0
Hhon_g04319.t1	Acagra_model.g13545.t1	1.0	S	0.0
Hhon_g04319.t1	Mylflu_EP00047_Mylnosiga_fluctuans_P017086	1.0	S	0.0
Hhon_g04319.t1	Mlei_ML0823.g8.i1	1.0	S	0.0
Hhon_g04319.t1	Dpul_mRNA23949	1.0	S	0.0
Hhon_g04319.t1	Adig_XM_015892856.1	1.0	S	0.0
Hhon_g04319.t1	Fspp_ffun1.m4.13777.m1	1.0	S	0.0
Hhon_g04319.t1	Mertsp_Mesp_sb586645	1.0	S	0.0
Hhon_g04319.t1	Exapal_XM_021049598.2	1.0	S	0.0
Hhon_g04319.t1	Coemet_Cmet_scaffold13957_01	1.0	S	0.0
Hhon_g04319.t1	Microa_EP00043_Microstomoeca_roanoka_P000973	1.0	S	0.0
Hhon_g04319.t1	Bolinf_Binf_sb1218927	1.0	S	0.0
Hhon_g04319.t1	Fspp_ffun1.m4.13773.m1	1.0	S	0.0
Hhon_g04319.t1	Horcal_Hcv1.av93.c2.g1198.i1	1.0	S	0.0
Hhon_g04319.t1	Drygla_Dgla_sb282047	1.0	S	0.0
Hhon_g04319.t1	Nemnom_g2507.t1	1.0	S	0.0
Hhon_g04319.t1	Clacor_Ccor_scaffold8255_01	1.0	S	0.0
Hhon_g04319.t1	Ctel_gnl_WGS_AMQN_CAPTEDRAFT_mRNA148077	1.0	S	0.0
Hhon_g04319.t1	Chofle_EP00730_Choanoeca_flexa_P014618	1.0	S	0.0
Hhon_g04319.t1	Pocdam_XM_027185939.1	1.0	S	0.0
Hhon_g04319.t1	Mbre_EDQ91693	1.0	S	0.0
Hhon_g04319.t1	Opea_EP00118_Oscarella_pearsei_P002113	1.0	S	0.0
Hhon_g04319.t1	Bolinf_Binf_sb1233276	1.0	S	0.0
Hhon_g04319.t1	Gasp_gasp1.m3.3291.m1	1.0	S	0.0
Hhon_g04319.t1	Chem_TCONS_00001155	1.0	S	0.0
Hhon_g04319.t1	Tcas_TC001757_001	1.0	S	0.0
Hhon_g04319.t1	Diagra_EP00040_Diaphanoeca_grandis_P020099	1.0	S	0.0
Hhon_g04319.t1	Skow_XM_006819199.1	1.0	S	0.0
Hhon_g04319.t1	Rhoesc_Res_000489-T1	1.0	S	0.0
Hhon_g04319.t1	Sros_EGD73119	1.0	S	0.0
Hhon_g04319.t1	Stedip_EP00041_Stephanoeca_diplocostata_P003953	1.0	S	0.0
Hhon_g04319.t1	Saldol_EP00054_Salpingoeca_dolichothecata_P036703	1.0	S	0.0
Hhon_g04319.t1	Aaur_scaffold394.g16.t1	1.0	S	0.0
Hhon_g04319.t1	Sanmal_Sma_010795-T1	1.0	S	0.0
Hhon_g04319.t1	Eupdun_Edun_sb10633258	1.0	S	0.0
Hhon_g04319.t1	Lampan_Lpan_C406885_01	1.0	S	0.0
Hhon_g04319.t1	Amil_Amillepora07242-RA	1.0	S	0.0
Hhon_g04319.t1	Morvir_scaffold308.g8.t1	1.0	S	0.0
Hhon_g04319.t1	Codhol_EP00042_Codosiga_hollandica_P021794	1.0	S	0.0
Hhon_g04319.t1	Salpun_EP00053_Salpingoeca_punica_P003696	1.0	S	0.0
Hhon_g04319.t1	Cscu_XM_023387139.1	1.0	S	0.0
Hhon_g04319.t1	Bralan_BLAG06000878_2	1.0	S	0.0
Hhon_g04319.t1	Nvec_v1g232331	1.0	S	0.0
Hhon_g04319.t1	Dgig_XM_028541822.1	1.0	S	0.0
Hhon_g04319.t1	Mertsp_Mesp_sb586646	1.0	S	0.0
Hhon_g04319.t1	Spur_XM_030981064.1	1.0	S	0.0
Hhon_g04319.t1	Lcom_lcpid106448	1.0	S	0.0
Hhon_g04319.t1	Salurc_EP00051_Salpingoeca_urceolata_P031812	1.0	S	0.0
Hhon_g04319.t1	Choper_EP00045_Choanoeca_perplexa_P001581	1.0	S	0.0
Hhon_g04319.t1	Salkve_EP00050_Salpingoeca_kvevrii_P010472	1.0	S	0.0
Hhon_g04319.t1	Eupdun_Edun_sb10633259	1.0	S	0.0
Hhon_g04319.t1	Leuniv_Lniv_scaffold19177_01	1.0	S	0.0
Hhon_g04319.t1	Lcom_lcpid96903	1.0	S	0.0
Hhon_g04319.t1	Xesp_016009-T1	1.0	S	0.0
Hhon_g04319.t1	Cscu_XM_023358199.1	1.0	S	0.0
Hhon_g04319.t1	Ocar_g10025	1.0	S	0.0
Hhon_g04319.t1	Hsap_ENST00000409347	1.0	S	0.0
Hhon_g04319.t1	Helnan_EP00037_Helgoeca_nana_P015185	1.0	S	0.0
Stycar_maker-SC_scaffold6476-snap-gene-0.15-mRNA-1	HoiH11_mRNA3501	62.0	S	0.0
Stycar_maker-SC_scaffold6476-snap-gene-0.15-mRNA-1	HoiH23_PlH23_000191-RA	62.0	S	0.0
Stycar_maker-SC_scaffold6476-snap-gene-0.15-mRNA-1	HoiH04_mRNA10879	62.0	S	0.0
Stycar_maker-SC_scaffold6476-snap-gene-0.15-mRNA-1	TrH2_TrispH2_001120-RA	62.0	S	0.0
Stycar_maker-SC_scaffold6476-snap-gene-0.15-mRNA-1	Tadh_TriadT24802	62.0	S	0.0
Stycar_maker-SC_scaffold6476-snap-gene-0.15-mRNA-1	HoiH06_mRNA14191	62.0	S	0.0
Stycar_maker-SC_scaffold6476-snap-gene-0.15-mRNA-1	Hhon_g04319.t1	62.0	S	0.0
Tetwil_g3503.t1	HoiH11_mRNA3501	62.0	S	0.0
Tetwil_g3503.t1	HoiH23_PlH23_000191-RA	62.0	S	0.0
Tetwil_g3503.t1	HoiH04_mRNA10879	62.0	S	0.0
Tetwil_g3503.t1	TrH2_TrispH2_001120-RA	62.0	S	0.0
Tetwil_g3503.t1	Tadh_TriadT24802	62.0	S	0.0
Tetwil_g3503.t1	HoiH06_mRNA14191	62.0	S	0.0
Tetwil_g3503.t1	Hhon_g04319.t1	62.0	S	0.0
Aque_Aqu2.1.41309_001	HoiH11_mRNA3501	62.0	S	0.0
Aque_Aqu2.1.41309_001	HoiH23_PlH23_000191-RA	62.0	S	0.0
Aque_Aqu2.1.41309_001	HoiH04_mRNA10879	62.0	S	0.0
Aque_Aqu2.1.41309_001	TrH2_TrispH2_001120-RA	62.0	S	0.0
Aque_Aqu2.1.41309_001	Tadh_TriadT24802	62.0	S	0.0
Aque_Aqu2.1.41309_001	HoiH06_mRNA14191	62.0	S	0.0
Aque_Aqu2.1.41309_001	Hhon_g04319.t1	62.0	S	0.0
Spolac_c94000_g1_i1_m.9522c94000-g1	HoiH11_mRNA3501	62.0	S	0.0
Spolac_c94000_g1_i1_m.9522c94000-g1	HoiH23_PlH23_000191-RA	62.0	S	0.0
Spolac_c94000_g1_i1_m.9522c94000-g1	HoiH04_mRNA10879	62.0	S	0.0
Spolac_c94000_g1_i1_m.9522c94000-g1	TrH2_TrispH2_001120-RA	62.0	S	0.0
Spolac_c94000_g1_i1_m.9522c94000-g1	Tadh_TriadT24802	62.0	S	0.0
Spolac_c94000_g1_i1_m.9522c94000-g1	HoiH06_mRNA14191	62.0	S	0.0
Spolac_c94000_g1_i1_m.9522c94000-g1	Hhon_g04319.t1	62.0	S	0.0
Gfas_gfas1.m1.18734.m1	Codhol_EP00042_Codosiga_hollandica_P021798	62.0	S	0.0
Gfas_gfas1.m1.18734.m1	Pbac_sb2658559	62.0	S	0.0
Gfas_gfas1.m1.18734.m1	Scil_scict022109.1	62.0	S	0.0
Gfas_gfas1.m1.18734.m1	Drygla_Dgla_sb282048	62.0	S	0.0
Gfas_gfas1.m1.18734.m1	Salinf_EP00049_Salpingoeca_infusionum_P000938	62.0	S	0.0
Gfas_gfas1.m1.18734.m1	Lcom_lcpid90325	62.0	S	0.0
Gfas_gfas1.m1.18734.m1	Acaspe_EP00035_Acanthoeca_spectabilis_P022790	62.0	S	0.0
Gfas_gfas1.m1.18734.m1	Pbac_sb2648503	62.0	S	0.0
Gfas_gfas1.m1.18734.m1	Codhol_EP00042_Codosiga_hollandica_P021796	62.0	S	0.0
Gfas_gfas1.m1.18734.m1	Cgig_XM_011428661.3	62.0	S	0.0
Gfas_gfas1.m1.18734.m1	Plespi_Pspi_scaffold15648_01	62.0	S	0.0
Gfas_gfas1.m1.18734.m1	Hvul_g22248_1	62.0	S	0.0
Gfas_gfas1.m1.18734.m1	Bolinf_Binf_sb1233277	62.0	S	0.0
Gfas_gfas1.m1.18734.m1	Nemnom_g15092.t1	62.0	S	0.0
Gfas_gfas1.m1.18734.m1	Didcos_EP00039_Didymoeca_costata_P007325	62.0	S	0.0
Gfas_gfas1.m1.18734.m1	Salmac_EP00052_Salpingoeca_macrocollata_P020403	62.0	S	0.0
Gfas_gfas1.m1.18734.m1	Mlei_ML0823.g8.i1	62.0	S	0.0
Gfas_gfas1.m1.18734.m1	Acagra_model.g13545.t1	62.0	S	0.0
Gfas_gfas1.m1.18734.m1	Mylflu_EP00047_Mylnosiga_fluctuans_P017086	62.0	S	0.0
Gfas_gfas1.m1.18734.m1	Dpul_mRNA23949	62.0	S	0.0
Gfas_gfas1.m1.18734.m1	Mertsp_Mesp_sb586645	62.0	S	0.0
Gfas_gfas1.m1.18734.m1	Coemet_Cmet_scaffold13957_01	62.0	S	0.0
Gfas_gfas1.m1.18734.m1	Microa_EP00043_Microstomoeca_roanoka_P000973	62.0	S	0.0
Gfas_gfas1.m1.18734.m1	Bolinf_Binf_sb1218927	62.0	S	0.0
Gfas_gfas1.m1.18734.m1	Horcal_Hcv1.av93.c2.g1198.i1	62.0	S	0.0
Gfas_gfas1.m1.18734.m1	Drygla_Dgla_sb282047	62.0	S	0.0
Gfas_gfas1.m1.18734.m1	Nemnom_g2507.t1	62.0	S	0.0
Gfas_gfas1.m1.18734.m1	Clacor_Ccor_scaffold8255_01	62.0	S	0.0
Gfas_gfas1.m1.18734.m1	Ctel_gnl_WGS_AMQN_CAPTEDRAFT_mRNA148077	62.0	S	0.0
Gfas_gfas1.m1.18734.m1	Chofle_EP00730_Choanoeca_flexa_P014618	62.0	S	0.0
Gfas_gfas1.m1.18734.m1	Mbre_EDQ91693	62.0	S	0.0
Gfas_gfas1.m1.18734.m1	Opea_EP00118_Oscarella_pearsei_P002113	62.0	S	0.0
Gfas_gfas1.m1.18734.m1	Bolinf_Binf_sb1233276	62.0	S	0.0
Gfas_gfas1.m1.18734.m1	Chem_TCONS_00001155	62.0	S	0.0
Gfas_gfas1.m1.18734.m1	Tcas_TC001757_001	62.0	S	0.0
Gfas_gfas1.m1.18734.m1	Diagra_EP00040_Diaphanoeca_grandis_P020099	62.0	S	0.0
Gfas_gfas1.m1.18734.m1	Skow_XM_006819199.1	62.0	S	0.0
Gfas_gfas1.m1.18734.m1	Rhoesc_Res_000489-T1	62.0	S	0.0
Gfas_gfas1.m1.18734.m1	Sros_EGD73119	62.0	S	0.0
Gfas_gfas1.m1.18734.m1	Stedip_EP00041_Stephanoeca_diplocostata_P003953	62.0	S	0.0
Gfas_gfas1.m1.18734.m1	Saldol_EP00054_Salpingoeca_dolichothecata_P036703	62.0	S	0.0
Gfas_gfas1.m1.18734.m1	Aaur_scaffold394.g16.t1	62.0	S	0.0
Gfas_gfas1.m1.18734.m1	Sanmal_Sma_010795-T1	62.0	S	0.0
Gfas_gfas1.m1.18734.m1	Eupdun_Edun_sb10633258	62.0	S	0.0
Gfas_gfas1.m1.18734.m1	Lampan_Lpan_C406885_01	62.0	S	0.0
Gfas_gfas1.m1.18734.m1	Morvir_scaffold308.g8.t1	62.0	S	0.0
Gfas_gfas1.m1.18734.m1	Codhol_EP00042_Codosiga_hollandica_P021794	62.0	S	0.0
Gfas_gfas1.m1.18734.m1	Salpun_EP00053_Salpingoeca_punica_P003696	62.0	S	0.0
Gfas_gfas1.m1.18734.m1	Cscu_XM_023387139.1	62.0	S	0.0
Gfas_gfas1.m1.18734.m1	Bralan_BLAG06000878_2	62.0	S	0.0
Gfas_gfas1.m1.18734.m1	Nvec_v1g232331	62.0	S	0.0
Gfas_gfas1.m1.18734.m1	Dgig_XM_028541822.1	62.0	S	0.0
Gfas_gfas1.m1.18734.m1	Mertsp_Mesp_sb586646	62.0	S	0.0
Gfas_gfas1.m1.18734.m1	Spur_XM_030981064.1	62.0	S	0.0
Gfas_gfas1.m1.18734.m1	Lcom_lcpid106448	62.0	S	0.0
Gfas_gfas1.m1.18734.m1	Salurc_EP00051_Salpingoeca_urceolata_P031812	62.0	S	0.0
Gfas_gfas1.m1.18734.m1	Choper_EP00045_Choanoeca_perplexa_P001581	62.0	S	0.0
Gfas_gfas1.m1.18734.m1	Salkve_EP00050_Salpingoeca_kvevrii_P010472	62.0	S	0.0
Gfas_gfas1.m1.18734.m1	Eupdun_Edun_sb10633259	62.0	S	0.0
Gfas_gfas1.m1.18734.m1	Leuniv_Lniv_scaffold19177_01	62.0	S	0.0
Gfas_gfas1.m1.18734.m1	Lcom_lcpid96903	62.0	S	0.0
Gfas_gfas1.m1.18734.m1	Xesp_016009-T1	62.0	S	0.0
Gfas_gfas1.m1.18734.m1	Cscu_XM_023358199.1	62.0	S	0.0
Gfas_gfas1.m1.18734.m1	Ocar_g10025	62.0	S	0.0
Gfas_gfas1.m1.18734.m1	Hsap_ENST00000409347	62.0	S	0.0
Gfas_gfas1.m1.18734.m1	Helnan_EP00037_Helgoeca_nana_P015185	62.0	S	0.0
Fspp_ffun1.m4.13773.m1	Codhol_EP00042_Codosiga_hollandica_P021798	62.0	S	0.0
Fspp_ffun1.m4.13773.m1	Pbac_sb2658559	62.0	S	0.0
Fspp_ffun1.m4.13773.m1	Scil_scict022109.1	62.0	S	0.0
Fspp_ffun1.m4.13773.m1	Drygla_Dgla_sb282048	62.0	S	0.0
Fspp_ffun1.m4.13773.m1	Salinf_EP00049_Salpingoeca_infusionum_P000938	62.0	S	0.0
Fspp_ffun1.m4.13773.m1	Lcom_lcpid90325	62.0	S	0.0
Fspp_ffun1.m4.13773.m1	Acaspe_EP00035_Acanthoeca_spectabilis_P022790	62.0	S	0.0
Fspp_ffun1.m4.13773.m1	Pbac_sb2648503	62.0	S	0.0
Fspp_ffun1.m4.13773.m1	Codhol_EP00042_Codosiga_hollandica_P021796	62.0	S	0.0
Fspp_ffun1.m4.13773.m1	Cgig_XM_011428661.3	62.0	S	0.0
Fspp_ffun1.m4.13773.m1	Plespi_Pspi_scaffold15648_01	62.0	S	0.0
Fspp_ffun1.m4.13773.m1	Hvul_g22248_1	62.0	S	0.0
Fspp_ffun1.m4.13773.m1	Bolinf_Binf_sb1233277	62.0	S	0.0
Fspp_ffun1.m4.13773.m1	Nemnom_g15092.t1	62.0	S	0.0
Fspp_ffun1.m4.13773.m1	Didcos_EP00039_Didymoeca_costata_P007325	62.0	S	0.0
Fspp_ffun1.m4.13773.m1	Salmac_EP00052_Salpingoeca_macrocollata_P020403	62.0	S	0.0
Fspp_ffun1.m4.13773.m1	Mlei_ML0823.g8.i1	62.0	S	0.0
Fspp_ffun1.m4.13773.m1	Acagra_model.g13545.t1	62.0	S	0.0
Fspp_ffun1.m4.13773.m1	Mylflu_EP00047_Mylnosiga_fluctuans_P017086	62.0	S	0.0
Fspp_ffun1.m4.13773.m1	Dpul_mRNA23949	62.0	S	0.0
Fspp_ffun1.m4.13773.m1	Mertsp_Mesp_sb586645	62.0	S	0.0
Fspp_ffun1.m4.13773.m1	Coemet_Cmet_scaffold13957_01	62.0	S	0.0
Fspp_ffun1.m4.13773.m1	Microa_EP00043_Microstomoeca_roanoka_P000973	62.0	S	0.0
Fspp_ffun1.m4.13773.m1	Bolinf_Binf_sb1218927	62.0	S	0.0
Fspp_ffun1.m4.13773.m1	Horcal_Hcv1.av93.c2.g1198.i1	62.0	S	0.0
Fspp_ffun1.m4.13773.m1	Drygla_Dgla_sb282047	62.0	S	0.0
Fspp_ffun1.m4.13773.m1	Nemnom_g2507.t1	62.0	S	0.0
Fspp_ffun1.m4.13773.m1	Clacor_Ccor_scaffold8255_01	62.0	S	0.0
Fspp_ffun1.m4.13773.m1	Ctel_gnl_WGS_AMQN_CAPTEDRAFT_mRNA148077	62.0	S	0.0
Fspp_ffun1.m4.13773.m1	Chofle_EP00730_Choanoeca_flexa_P014618	62.0	S	0.0
Fspp_ffun1.m4.13773.m1	Mbre_EDQ91693	62.0	S	0.0
Fspp_ffun1.m4.13773.m1	Opea_EP00118_Oscarella_pearsei_P002113	62.0	S	0.0
Fspp_ffun1.m4.13773.m1	Bolinf_Binf_sb1233276	62.0	S	0.0
Fspp_ffun1.m4.13773.m1	Chem_TCONS_00001155	62.0	S	0.0
Fspp_ffun1.m4.13773.m1	Tcas_TC001757_001	62.0	S	0.0
Fspp_ffun1.m4.13773.m1	Diagra_EP00040_Diaphanoeca_grandis_P020099	62.0	S	0.0
Fspp_ffun1.m4.13773.m1	Skow_XM_006819199.1	62.0	S	0.0
Fspp_ffun1.m4.13773.m1	Rhoesc_Res_000489-T1	62.0	S	0.0
Fspp_ffun1.m4.13773.m1	Sros_EGD73119	62.0	S	0.0
Fspp_ffun1.m4.13773.m1	Stedip_EP00041_Stephanoeca_diplocostata_P003953	62.0	S	0.0
Fspp_ffun1.m4.13773.m1	Saldol_EP00054_Salpingoeca_dolichothecata_P036703	62.0	S	0.0
Fspp_ffun1.m4.13773.m1	Aaur_scaffold394.g16.t1	62.0	S	0.0
Fspp_ffun1.m4.13773.m1	Sanmal_Sma_010795-T1	62.0	S	0.0
Fspp_ffun1.m4.13773.m1	Eupdun_Edun_sb10633258	62.0	S	0.0
Fspp_ffun1.m4.13773.m1	Lampan_Lpan_C406885_01	62.0	S	0.0
Fspp_ffun1.m4.13773.m1	Morvir_scaffold308.g8.t1	62.0	S	0.0
Fspp_ffun1.m4.13773.m1	Codhol_EP00042_Codosiga_hollandica_P021794	62.0	S	0.0
Fspp_ffun1.m4.13773.m1	Salpun_EP00053_Salpingoeca_punica_P003696	62.0	S	0.0
Fspp_ffun1.m4.13773.m1	Cscu_XM_023387139.1	62.0	S	0.0
Fspp_ffun1.m4.13773.m1	Bralan_BLAG06000878_2	62.0	S	0.0
Fspp_ffun1.m4.13773.m1	Nvec_v1g232331	62.0	S	0.0
Fspp_ffun1.m4.13773.m1	Dgig_XM_028541822.1	62.0	S	0.0
Fspp_ffun1.m4.13773.m1	Mertsp_Mesp_sb586646	62.0	S	0.0
Fspp_ffun1.m4.13773.m1	Spur_XM_030981064.1	62.0	S	0.0
Fspp_ffun1.m4.13773.m1	Lcom_lcpid106448	62.0	S	0.0
Fspp_ffun1.m4.13773.m1	Salurc_EP00051_Salpingoeca_urceolata_P031812	62.0	S	0.0
Fspp_ffun1.m4.13773.m1	Choper_EP00045_Choanoeca_perplexa_P001581	62.0	S	0.0
Fspp_ffun1.m4.13773.m1	Salkve_EP00050_Salpingoeca_kvevrii_P010472	62.0	S	0.0
Fspp_ffun1.m4.13773.m1	Eupdun_Edun_sb10633259	62.0	S	0.0
Fspp_ffun1.m4.13773.m1	Leuniv_Lniv_scaffold19177_01	62.0	S	0.0
Fspp_ffun1.m4.13773.m1	Lcom_lcpid96903	62.0	S	0.0
Fspp_ffun1.m4.13773.m1	Xesp_016009-T1	62.0	S	0.0
Fspp_ffun1.m4.13773.m1	Cscu_XM_023358199.1	62.0	S	0.0
Fspp_ffun1.m4.13773.m1	Ocar_g10025	62.0	S	0.0
Fspp_ffun1.m4.13773.m1	Hsap_ENST00000409347	62.0	S	0.0
Fspp_ffun1.m4.13773.m1	Helnan_EP00037_Helgoeca_nana_P015185	62.0	S	0.0
Spis_XP_022800649_1	Codhol_EP00042_Codosiga_hollandica_P021798	62.0	S	0.0
Spis_XP_022800649_1	Pbac_sb2658559	62.0	S	0.0
Spis_XP_022800649_1	Scil_scict022109.1	62.0	S	0.0
Spis_XP_022800649_1	Drygla_Dgla_sb282048	62.0	S	0.0
Spis_XP_022800649_1	Salinf_EP00049_Salpingoeca_infusionum_P000938	62.0	S	0.0
Spis_XP_022800649_1	Lcom_lcpid90325	62.0	S	0.0
Spis_XP_022800649_1	Acaspe_EP00035_Acanthoeca_spectabilis_P022790	62.0	S	0.0
Spis_XP_022800649_1	Pbac_sb2648503	62.0	S	0.0
Spis_XP_022800649_1	Codhol_EP00042_Codosiga_hollandica_P021796	62.0	S	0.0
Spis_XP_022800649_1	Cgig_XM_011428661.3	62.0	S	0.0
Spis_XP_022800649_1	Plespi_Pspi_scaffold15648_01	62.0	S	0.0
Spis_XP_022800649_1	Hvul_g22248_1	62.0	S	0.0
Spis_XP_022800649_1	Bolinf_Binf_sb1233277	62.0	S	0.0
Spis_XP_022800649_1	Nemnom_g15092.t1	62.0	S	0.0
Spis_XP_022800649_1	Didcos_EP00039_Didymoeca_costata_P007325	62.0	S	0.0
Spis_XP_022800649_1	Salmac_EP00052_Salpingoeca_macrocollata_P020403	62.0	S	0.0
Spis_XP_022800649_1	Mlei_ML0823.g8.i1	62.0	S	0.0
Spis_XP_022800649_1	Acagra_model.g13545.t1	62.0	S	0.0
Spis_XP_022800649_1	Mylflu_EP00047_Mylnosiga_fluctuans_P017086	62.0	S	0.0
Spis_XP_022800649_1	Dpul_mRNA23949	62.0	S	0.0
Spis_XP_022800649_1	Mertsp_Mesp_sb586645	62.0	S	0.0
Spis_XP_022800649_1	Coemet_Cmet_scaffold13957_01	62.0	S	0.0
Spis_XP_022800649_1	Microa_EP00043_Microstomoeca_roanoka_P000973	62.0	S	0.0
Spis_XP_022800649_1	Bolinf_Binf_sb1218927	62.0	S	0.0
Spis_XP_022800649_1	Horcal_Hcv1.av93.c2.g1198.i1	62.0	S	0.0
Spis_XP_022800649_1	Drygla_Dgla_sb282047	62.0	S	0.0
Spis_XP_022800649_1	Nemnom_g2507.t1	62.0	S	0.0
Spis_XP_022800649_1	Clacor_Ccor_scaffold8255_01	62.0	S	0.0
Spis_XP_022800649_1	Ctel_gnl_WGS_AMQN_CAPTEDRAFT_mRNA148077	62.0	S	0.0
Spis_XP_022800649_1	Chofle_EP00730_Choanoeca_flexa_P014618	62.0	S	0.0
Spis_XP_022800649_1	Mbre_EDQ91693	62.0	S	0.0
Spis_XP_022800649_1	Opea_EP00118_Oscarella_pearsei_P002113	62.0	S	0.0
Spis_XP_022800649_1	Bolinf_Binf_sb1233276	62.0	S	0.0
Spis_XP_022800649_1	Chem_TCONS_00001155	62.0	S	0.0
Spis_XP_022800649_1	Tcas_TC001757_001	62.0	S	0.0
Spis_XP_022800649_1	Diagra_EP00040_Diaphanoeca_grandis_P020099	62.0	S	0.0
Spis_XP_022800649_1	Skow_XM_006819199.1	62.0	S	0.0
Spis_XP_022800649_1	Rhoesc_Res_000489-T1	62.0	S	0.0
Spis_XP_022800649_1	Sros_EGD73119	62.0	S	0.0
Spis_XP_022800649_1	Stedip_EP00041_Stephanoeca_diplocostata_P003953	62.0	S	0.0
Spis_XP_022800649_1	Saldol_EP00054_Salpingoeca_dolichothecata_P036703	62.0	S	0.0
Spis_XP_022800649_1	Aaur_scaffold394.g16.t1	62.0	S	0.0
Spis_XP_022800649_1	Sanmal_Sma_010795-T1	62.0	S	0.0
Spis_XP_022800649_1	Eupdun_Edun_sb10633258	62.0	S	0.0
Spis_XP_022800649_1	Lampan_Lpan_C406885_01	62.0	S	0.0
Spis_XP_022800649_1	Morvir_scaffold308.g8.t1	62.0	S	0.0
Spis_XP_022800649_1	Codhol_EP00042_Codosiga_hollandica_P021794	62.0	S	0.0
Spis_XP_022800649_1	Salpun_EP00053_Salpingoeca_punica_P003696	62.0	S	0.0
Spis_XP_022800649_1	Cscu_XM_023387139.1	62.0	S	0.0
Spis_XP_022800649_1	Bralan_BLAG06000878_2	62.0	S	0.0
Spis_XP_022800649_1	Nvec_v1g232331	62.0	S	0.0
Spis_XP_022800649_1	Dgig_XM_028541822.1	62.0	S	0.0
Spis_XP_022800649_1	Mertsp_Mesp_sb586646	62.0	S	0.0
Spis_XP_022800649_1	Spur_XM_030981064.1	62.0	S	0.0
Spis_XP_022800649_1	Lcom_lcpid106448	62.0	S	0.0
Spis_XP_022800649_1	Salurc_EP00051_Salpingoeca_urceolata_P031812	62.0	S	0.0
Spis_XP_022800649_1	Choper_EP00045_Choanoeca_perplexa_P001581	62.0	S	0.0
Spis_XP_022800649_1	Salkve_EP00050_Salpingoeca_kvevrii_P010472	62.0	S	0.0
Spis_XP_022800649_1	Eupdun_Edun_sb10633259	62.0	S	0.0
Spis_XP_022800649_1	Leuniv_Lniv_scaffold19177_01	62.0	S	0.0
Spis_XP_022800649_1	Lcom_lcpid96903	62.0	S	0.0
Spis_XP_022800649_1	Xesp_016009-T1	62.0	S	0.0
Spis_XP_022800649_1	Cscu_XM_023358199.1	62.0	S	0.0
Spis_XP_022800649_1	Ocar_g10025	62.0	S	0.0
Spis_XP_022800649_1	Hsap_ENST00000409347	62.0	S	0.0
Spis_XP_022800649_1	Helnan_EP00037_Helgoeca_nana_P015185	62.0	S	0.0
Amil_Amillepora07242-RA	Codhol_EP00042_Codosiga_hollandica_P021798	62.0	S	0.0
Amil_Amillepora07242-RA	Pbac_sb2658559	62.0	S	0.0
Amil_Amillepora07242-RA	Scil_scict022109.1	62.0	S	0.0
Amil_Amillepora07242-RA	Drygla_Dgla_sb282048	62.0	S	0.0
Amil_Amillepora07242-RA	Salinf_EP00049_Salpingoeca_infusionum_P000938	62.0	S	0.0
Amil_Amillepora07242-RA	Lcom_lcpid90325	62.0	S	0.0
Amil_Amillepora07242-RA	Acaspe_EP00035_Acanthoeca_spectabilis_P022790	62.0	S	0.0
Amil_Amillepora07242-RA	Pbac_sb2648503	62.0	S	0.0
Amil_Amillepora07242-RA	Codhol_EP00042_Codosiga_hollandica_P021796	62.0	S	0.0
Amil_Amillepora07242-RA	Cgig_XM_011428661.3	62.0	S	0.0
Amil_Amillepora07242-RA	Plespi_Pspi_scaffold15648_01	62.0	S	0.0
Amil_Amillepora07242-RA	Hvul_g22248_1	62.0	S	0.0
Amil_Amillepora07242-RA	Bolinf_Binf_sb1233277	62.0	S	0.0
Amil_Amillepora07242-RA	Nemnom_g15092.t1	62.0	S	0.0
Amil_Amillepora07242-RA	Didcos_EP00039_Didymoeca_costata_P007325	62.0	S	0.0
Amil_Amillepora07242-RA	Salmac_EP00052_Salpingoeca_macrocollata_P020403	62.0	S	0.0
Amil_Amillepora07242-RA	Mlei_ML0823.g8.i1	62.0	S	0.0
Amil_Amillepora07242-RA	Acagra_model.g13545.t1	62.0	S	0.0
Amil_Amillepora07242-RA	Mylflu_EP00047_Mylnosiga_fluctuans_P017086	62.0	S	0.0
Amil_Amillepora07242-RA	Dpul_mRNA23949	62.0	S	0.0
Amil_Amillepora07242-RA	Mertsp_Mesp_sb586645	62.0	S	0.0
Amil_Amillepora07242-RA	Coemet_Cmet_scaffold13957_01	62.0	S	0.0
Amil_Amillepora07242-RA	Microa_EP00043_Microstomoeca_roanoka_P000973	62.0	S	0.0
Amil_Amillepora07242-RA	Bolinf_Binf_sb1218927	62.0	S	0.0
Amil_Amillepora07242-RA	Horcal_Hcv1.av93.c2.g1198.i1	62.0	S	0.0
Amil_Amillepora07242-RA	Drygla_Dgla_sb282047	62.0	S	0.0
Amil_Amillepora07242-RA	Nemnom_g2507.t1	62.0	S	0.0
Amil_Amillepora07242-RA	Clacor_Ccor_scaffold8255_01	62.0	S	0.0
Amil_Amillepora07242-RA	Ctel_gnl_WGS_AMQN_CAPTEDRAFT_mRNA148077	62.0	S	0.0
Amil_Amillepora07242-RA	Chofle_EP00730_Choanoeca_flexa_P014618	62.0	S	0.0
Amil_Amillepora07242-RA	Mbre_EDQ91693	62.0	S	0.0
Amil_Amillepora07242-RA	Opea_EP00118_Oscarella_pearsei_P002113	62.0	S	0.0
Amil_Amillepora07242-RA	Bolinf_Binf_sb1233276	62.0	S	0.0
Amil_Amillepora07242-RA	Chem_TCONS_00001155	62.0	S	0.0
Amil_Amillepora07242-RA	Tcas_TC001757_001	62.0	S	0.0
Amil_Amillepora07242-RA	Diagra_EP00040_Diaphanoeca_grandis_P020099	62.0	S	0.0
Amil_Amillepora07242-RA	Skow_XM_006819199.1	62.0	S	0.0
Amil_Amillepora07242-RA	Rhoesc_Res_000489-T1	62.0	S	0.0
Amil_Amillepora07242-RA	Sros_EGD73119	62.0	S	0.0
Amil_Amillepora07242-RA	Stedip_EP00041_Stephanoeca_diplocostata_P003953	62.0	S	0.0
Amil_Amillepora07242-RA	Saldol_EP00054_Salpingoeca_dolichothecata_P036703	62.0	S	0.0
Amil_Amillepora07242-RA	Aaur_scaffold394.g16.t1	62.0	S	0.0
Amil_Amillepora07242-RA	Sanmal_Sma_010795-T1	62.0	S	0.0
Amil_Amillepora07242-RA	Eupdun_Edun_sb10633258	62.0	S	0.0
Amil_Amillepora07242-RA	Lampan_Lpan_C406885_01	62.0	S	0.0
Amil_Amillepora07242-RA	Morvir_scaffold308.g8.t1	62.0	S	0.0
Amil_Amillepora07242-RA	Codhol_EP00042_Codosiga_hollandica_P021794	62.0	S	0.0
Amil_Amillepora07242-RA	Salpun_EP00053_Salpingoeca_punica_P003696	62.0	S	0.0
Amil_Amillepora07242-RA	Cscu_XM_023387139.1	62.0	S	0.0
Amil_Amillepora07242-RA	Bralan_BLAG06000878_2	62.0	S	0.0
Amil_Amillepora07242-RA	Nvec_v1g232331	62.0	S	0.0
Amil_Amillepora07242-RA	Dgig_XM_028541822.1	62.0	S	0.0
Amil_Amillepora07242-RA	Mertsp_Mesp_sb586646	62.0	S	0.0
Amil_Amillepora07242-RA	Spur_XM_030981064.1	62.0	S	0.0
Amil_Amillepora07242-RA	Lcom_lcpid106448	62.0	S	0.0
Amil_Amillepora07242-RA	Salurc_EP00051_Salpingoeca_urceolata_P031812	62.0	S	0.0
Amil_Amillepora07242-RA	Choper_EP00045_Choanoeca_perplexa_P001581	62.0	S	0.0
Amil_Amillepora07242-RA	Salkve_EP00050_Salpingoeca_kvevrii_P010472	62.0	S	0.0
Amil_Amillepora07242-RA	Eupdun_Edun_sb10633259	62.0	S	0.0
Amil_Amillepora07242-RA	Leuniv_Lniv_scaffold19177_01	62.0	S	0.0
Amil_Amillepora07242-RA	Lcom_lcpid96903	62.0	S	0.0
Amil_Amillepora07242-RA	Xesp_016009-T1	62.0	S	0.0
Amil_Amillepora07242-RA	Cscu_XM_023358199.1	62.0	S	0.0
Amil_Amillepora07242-RA	Ocar_g10025	62.0	S	0.0
Amil_Amillepora07242-RA	Hsap_ENST00000409347	62.0	S	0.0
Amil_Amillepora07242-RA	Helnan_EP00037_Helgoeca_nana_P015185	62.0	S	0.0
Pocdam_XM_027185939.1	Codhol_EP00042_Codosiga_hollandica_P021798	62.0	S	0.0
Pocdam_XM_027185939.1	Pbac_sb2658559	62.0	S	0.0
Pocdam_XM_027185939.1	Scil_scict022109.1	62.0	S	0.0
Pocdam_XM_027185939.1	Drygla_Dgla_sb282048	62.0	S	0.0
Pocdam_XM_027185939.1	Salinf_EP00049_Salpingoeca_infusionum_P000938	62.0	S	0.0
Pocdam_XM_027185939.1	Lcom_lcpid90325	62.0	S	0.0
Pocdam_XM_027185939.1	Acaspe_EP00035_Acanthoeca_spectabilis_P022790	62.0	S	0.0
Pocdam_XM_027185939.1	Pbac_sb2648503	62.0	S	0.0
Pocdam_XM_027185939.1	Codhol_EP00042_Codosiga_hollandica_P021796	62.0	S	0.0
Pocdam_XM_027185939.1	Cgig_XM_011428661.3	62.0	S	0.0
Pocdam_XM_027185939.1	Plespi_Pspi_scaffold15648_01	62.0	S	0.0
Pocdam_XM_027185939.1	Hvul_g22248_1	62.0	S	0.0
Pocdam_XM_027185939.1	Bolinf_Binf_sb1233277	62.0	S	0.0
Pocdam_XM_027185939.1	Nemnom_g15092.t1	62.0	S	0.0
Pocdam_XM_027185939.1	Didcos_EP00039_Didymoeca_costata_P007325	62.0	S	0.0
Pocdam_XM_027185939.1	Salmac_EP00052_Salpingoeca_macrocollata_P020403	62.0	S	0.0
Pocdam_XM_027185939.1	Mlei_ML0823.g8.i1	62.0	S	0.0
Pocdam_XM_027185939.1	Acagra_model.g13545.t1	62.0	S	0.0
Pocdam_XM_027185939.1	Mylflu_EP00047_Mylnosiga_fluctuans_P017086	62.0	S	0.0
Pocdam_XM_027185939.1	Dpul_mRNA23949	62.0	S	0.0
Pocdam_XM_027185939.1	Mertsp_Mesp_sb586645	62.0	S	0.0
Pocdam_XM_027185939.1	Coemet_Cmet_scaffold13957_01	62.0	S	0.0
Pocdam_XM_027185939.1	Microa_EP00043_Microstomoeca_roanoka_P000973	62.0	S	0.0
Pocdam_XM_027185939.1	Bolinf_Binf_sb1218927	62.0	S	0.0
Pocdam_XM_027185939.1	Horcal_Hcv1.av93.c2.g1198.i1	62.0	S	0.0
Pocdam_XM_027185939.1	Drygla_Dgla_sb282047	62.0	S	0.0
Pocdam_XM_027185939.1	Nemnom_g2507.t1	62.0	S	0.0
Pocdam_XM_027185939.1	Clacor_Ccor_scaffold8255_01	62.0	S	0.0
Pocdam_XM_027185939.1	Ctel_gnl_WGS_AMQN_CAPTEDRAFT_mRNA148077	62.0	S	0.0
Pocdam_XM_027185939.1	Chofle_EP00730_Choanoeca_flexa_P014618	62.0	S	0.0
Pocdam_XM_027185939.1	Mbre_EDQ91693	62.0	S	0.0
Pocdam_XM_027185939.1	Opea_EP00118_Oscarella_pearsei_P002113	62.0	S	0.0
Pocdam_XM_027185939.1	Bolinf_Binf_sb1233276	62.0	S	0.0
Pocdam_XM_027185939.1	Chem_TCONS_00001155	62.0	S	0.0
Pocdam_XM_027185939.1	Tcas_TC001757_001	62.0	S	0.0
Pocdam_XM_027185939.1	Diagra_EP00040_Diaphanoeca_grandis_P020099	62.0	S	0.0
Pocdam_XM_027185939.1	Skow_XM_006819199.1	62.0	S	0.0
Pocdam_XM_027185939.1	Rhoesc_Res_000489-T1	62.0	S	0.0
Pocdam_XM_027185939.1	Sros_EGD73119	62.0	S	0.0
Pocdam_XM_027185939.1	Stedip_EP00041_Stephanoeca_diplocostata_P003953	62.0	S	0.0
Pocdam_XM_027185939.1	Saldol_EP00054_Salpingoeca_dolichothecata_P036703	62.0	S	0.0
Pocdam_XM_027185939.1	Aaur_scaffold394.g16.t1	62.0	S	0.0
Pocdam_XM_027185939.1	Sanmal_Sma_010795-T1	62.0	S	0.0
Pocdam_XM_027185939.1	Eupdun_Edun_sb10633258	62.0	S	0.0
Pocdam_XM_027185939.1	Lampan_Lpan_C406885_01	62.0	S	0.0
Pocdam_XM_027185939.1	Morvir_scaffold308.g8.t1	62.0	S	0.0
Pocdam_XM_027185939.1	Codhol_EP00042_Codosiga_hollandica_P021794	62.0	S	0.0
Pocdam_XM_027185939.1	Salpun_EP00053_Salpingoeca_punica_P003696	62.0	S	0.0
Pocdam_XM_027185939.1	Cscu_XM_023387139.1	62.0	S	0.0
Pocdam_XM_027185939.1	Bralan_BLAG06000878_2	62.0	S	0.0
Pocdam_XM_027185939.1	Nvec_v1g232331	62.0	S	0.0
Pocdam_XM_027185939.1	Dgig_XM_028541822.1	62.0	S	0.0
Pocdam_XM_027185939.1	Mertsp_Mesp_sb586646	62.0	S	0.0
Pocdam_XM_027185939.1	Spur_XM_030981064.1	62.0	S	0.0
Pocdam_XM_027185939.1	Lcom_lcpid106448	62.0	S	0.0
Pocdam_XM_027185939.1	Salurc_EP00051_Salpingoeca_urceolata_P031812	62.0	S	0.0
Pocdam_XM_027185939.1	Choper_EP00045_Choanoeca_perplexa_P001581	62.0	S	0.0
Pocdam_XM_027185939.1	Salkve_EP00050_Salpingoeca_kvevrii_P010472	62.0	S	0.0
Pocdam_XM_027185939.1	Eupdun_Edun_sb10633259	62.0	S	0.0
Pocdam_XM_027185939.1	Leuniv_Lniv_scaffold19177_01	62.0	S	0.0
Pocdam_XM_027185939.1	Lcom_lcpid96903	62.0	S	0.0
Pocdam_XM_027185939.1	Xesp_016009-T1	62.0	S	0.0
Pocdam_XM_027185939.1	Cscu_XM_023358199.1	62.0	S	0.0
Pocdam_XM_027185939.1	Ocar_g10025	62.0	S	0.0
Pocdam_XM_027185939.1	Hsap_ENST00000409347	62.0	S	0.0
Pocdam_XM_027185939.1	Helnan_EP00037_Helgoeca_nana_P015185	62.0	S	0.0
Exapal_XM_021049598.2	Codhol_EP00042_Codosiga_hollandica_P021798	62.0	S	0.0
Exapal_XM_021049598.2	Pbac_sb2658559	62.0	S	0.0
Exapal_XM_021049598.2	Scil_scict022109.1	62.0	S	0.0
Exapal_XM_021049598.2	Drygla_Dgla_sb282048	62.0	S	0.0
Exapal_XM_021049598.2	Salinf_EP00049_Salpingoeca_infusionum_P000938	62.0	S	0.0
Exapal_XM_021049598.2	Lcom_lcpid90325	62.0	S	0.0
Exapal_XM_021049598.2	Acaspe_EP00035_Acanthoeca_spectabilis_P022790	62.0	S	0.0
Exapal_XM_021049598.2	Pbac_sb2648503	62.0	S	0.0
Exapal_XM_021049598.2	Codhol_EP00042_Codosiga_hollandica_P021796	62.0	S	0.0
Exapal_XM_021049598.2	Cgig_XM_011428661.3	62.0	S	0.0
Exapal_XM_021049598.2	Plespi_Pspi_scaffold15648_01	62.0	S	0.0
Exapal_XM_021049598.2	Hvul_g22248_1	62.0	S	0.0
Exapal_XM_021049598.2	Bolinf_Binf_sb1233277	62.0	S	0.0
Exapal_XM_021049598.2	Nemnom_g15092.t1	62.0	S	0.0
Exapal_XM_021049598.2	Didcos_EP00039_Didymoeca_costata_P007325	62.0	S	0.0
Exapal_XM_021049598.2	Salmac_EP00052_Salpingoeca_macrocollata_P020403	62.0	S	0.0
Exapal_XM_021049598.2	Mlei_ML0823.g8.i1	62.0	S	0.0
Exapal_XM_021049598.2	Acagra_model.g13545.t1	62.0	S	0.0
Exapal_XM_021049598.2	Mylflu_EP00047_Mylnosiga_fluctuans_P017086	62.0	S	0.0
Exapal_XM_021049598.2	Dpul_mRNA23949	62.0	S	0.0
Exapal_XM_021049598.2	Mertsp_Mesp_sb586645	62.0	S	0.0
Exapal_XM_021049598.2	Coemet_Cmet_scaffold13957_01	62.0	S	0.0
Exapal_XM_021049598.2	Microa_EP00043_Microstomoeca_roanoka_P000973	62.0	S	0.0
Exapal_XM_021049598.2	Bolinf_Binf_sb1218927	62.0	S	0.0
Exapal_XM_021049598.2	Horcal_Hcv1.av93.c2.g1198.i1	62.0	S	0.0
Exapal_XM_021049598.2	Drygla_Dgla_sb282047	62.0	S	0.0
Exapal_XM_021049598.2	Nemnom_g2507.t1	62.0	S	0.0
Exapal_XM_021049598.2	Clacor_Ccor_scaffold8255_01	62.0	S	0.0
Exapal_XM_021049598.2	Ctel_gnl_WGS_AMQN_CAPTEDRAFT_mRNA148077	62.0	S	0.0
Exapal_XM_021049598.2	Chofle_EP00730_Choanoeca_flexa_P014618	62.0	S	0.0
Exapal_XM_021049598.2	Mbre_EDQ91693	62.0	S	0.0
Exapal_XM_021049598.2	Opea_EP00118_Oscarella_pearsei_P002113	62.0	S	0.0
Exapal_XM_021049598.2	Bolinf_Binf_sb1233276	62.0	S	0.0
Exapal_XM_021049598.2	Chem_TCONS_00001155	62.0	S	0.0
Exapal_XM_021049598.2	Tcas_TC001757_001	62.0	S	0.0
Exapal_XM_021049598.2	Diagra_EP00040_Diaphanoeca_grandis_P020099	62.0	S	0.0
Exapal_XM_021049598.2	Skow_XM_006819199.1	62.0	S	0.0
Exapal_XM_021049598.2	Rhoesc_Res_000489-T1	62.0	S	0.0
Exapal_XM_021049598.2	Sros_EGD73119	62.0	S	0.0
Exapal_XM_021049598.2	Stedip_EP00041_Stephanoeca_diplocostata_P003953	62.0	S	0.0
Exapal_XM_021049598.2	Saldol_EP00054_Salpingoeca_dolichothecata_P036703	62.0	S	0.0
Exapal_XM_021049598.2	Aaur_scaffold394.g16.t1	62.0	S	0.0
Exapal_XM_021049598.2	Sanmal_Sma_010795-T1	62.0	S	0.0
Exapal_XM_021049598.2	Eupdun_Edun_sb10633258	62.0	S	0.0
Exapal_XM_021049598.2	Lampan_Lpan_C406885_01	62.0	S	0.0
Exapal_XM_021049598.2	Morvir_scaffold308.g8.t1	62.0	S	0.0
Exapal_XM_021049598.2	Codhol_EP00042_Codosiga_hollandica_P021794	62.0	S	0.0
Exapal_XM_021049598.2	Salpun_EP00053_Salpingoeca_punica_P003696	62.0	S	0.0
Exapal_XM_021049598.2	Cscu_XM_023387139.1	62.0	S	0.0
Exapal_XM_021049598.2	Bralan_BLAG06000878_2	62.0	S	0.0
Exapal_XM_021049598.2	Nvec_v1g232331	62.0	S	0.0
Exapal_XM_021049598.2	Dgig_XM_028541822.1	62.0	S	0.0
Exapal_XM_021049598.2	Mertsp_Mesp_sb586646	62.0	S	0.0
Exapal_XM_021049598.2	Spur_XM_030981064.1	62.0	S	0.0
Exapal_XM_021049598.2	Lcom_lcpid106448	62.0	S	0.0
Exapal_XM_021049598.2	Salurc_EP00051_Salpingoeca_urceolata_P031812	62.0	S	0.0
Exapal_XM_021049598.2	Choper_EP00045_Choanoeca_perplexa_P001581	62.0	S	0.0
Exapal_XM_021049598.2	Salkve_EP00050_Salpingoeca_kvevrii_P010472	62.0	S	0.0
Exapal_XM_021049598.2	Eupdun_Edun_sb10633259	62.0	S	0.0
Exapal_XM_021049598.2	Leuniv_Lniv_scaffold19177_01	62.0	S	0.0
Exapal_XM_021049598.2	Lcom_lcpid96903	62.0	S	0.0
Exapal_XM_021049598.2	Xesp_016009-T1	62.0	S	0.0
Exapal_XM_021049598.2	Cscu_XM_023358199.1	62.0	S	0.0
Exapal_XM_021049598.2	Ocar_g10025	62.0	S	0.0
Exapal_XM_021049598.2	Hsap_ENST00000409347	62.0	S	0.0
Exapal_XM_021049598.2	Helnan_EP00037_Helgoeca_nana_P015185	62.0	S	0.0
Gasp_gasp1.m3.3291.m1	Codhol_EP00042_Codosiga_hollandica_P021798	62.0	S	0.0
Gasp_gasp1.m3.3291.m1	Pbac_sb2658559	62.0	S	0.0
Gasp_gasp1.m3.3291.m1	Scil_scict022109.1	62.0	S	0.0
Gasp_gasp1.m3.3291.m1	Drygla_Dgla_sb282048	62.0	S	0.0
Gasp_gasp1.m3.3291.m1	Salinf_EP00049_Salpingoeca_infusionum_P000938	62.0	S	0.0
Gasp_gasp1.m3.3291.m1	Lcom_lcpid90325	62.0	S	0.0
Gasp_gasp1.m3.3291.m1	Acaspe_EP00035_Acanthoeca_spectabilis_P022790	62.0	S	0.0
Gasp_gasp1.m3.3291.m1	Pbac_sb2648503	62.0	S	0.0
Gasp_gasp1.m3.3291.m1	Codhol_EP00042_Codosiga_hollandica_P021796	62.0	S	0.0
Gasp_gasp1.m3.3291.m1	Cgig_XM_011428661.3	62.0	S	0.0
Gasp_gasp1.m3.3291.m1	Plespi_Pspi_scaffold15648_01	62.0	S	0.0
Gasp_gasp1.m3.3291.m1	Hvul_g22248_1	62.0	S	0.0
Gasp_gasp1.m3.3291.m1	Bolinf_Binf_sb1233277	62.0	S	0.0
Gasp_gasp1.m3.3291.m1	Nemnom_g15092.t1	62.0	S	0.0
Gasp_gasp1.m3.3291.m1	Didcos_EP00039_Didymoeca_costata_P007325	62.0	S	0.0
Gasp_gasp1.m3.3291.m1	Salmac_EP00052_Salpingoeca_macrocollata_P020403	62.0	S	0.0
Gasp_gasp1.m3.3291.m1	Mlei_ML0823.g8.i1	62.0	S	0.0
Gasp_gasp1.m3.3291.m1	Acagra_model.g13545.t1	62.0	S	0.0
Gasp_gasp1.m3.3291.m1	Mylflu_EP00047_Mylnosiga_fluctuans_P017086	62.0	S	0.0
Gasp_gasp1.m3.3291.m1	Dpul_mRNA23949	62.0	S	0.0
Gasp_gasp1.m3.3291.m1	Mertsp_Mesp_sb586645	62.0	S	0.0
Gasp_gasp1.m3.3291.m1	Coemet_Cmet_scaffold13957_01	62.0	S	0.0
Gasp_gasp1.m3.3291.m1	Microa_EP00043_Microstomoeca_roanoka_P000973	62.0	S	0.0
Gasp_gasp1.m3.3291.m1	Bolinf_Binf_sb1218927	62.0	S	0.0
Gasp_gasp1.m3.3291.m1	Horcal_Hcv1.av93.c2.g1198.i1	62.0	S	0.0
Gasp_gasp1.m3.3291.m1	Drygla_Dgla_sb282047	62.0	S	0.0
Gasp_gasp1.m3.3291.m1	Nemnom_g2507.t1	62.0	S	0.0
Gasp_gasp1.m3.3291.m1	Clacor_Ccor_scaffold8255_01	62.0	S	0.0
Gasp_gasp1.m3.3291.m1	Ctel_gnl_WGS_AMQN_CAPTEDRAFT_mRNA148077	62.0	S	0.0
Gasp_gasp1.m3.3291.m1	Chofle_EP00730_Choanoeca_flexa_P014618	62.0	S	0.0
Gasp_gasp1.m3.3291.m1	Mbre_EDQ91693	62.0	S	0.0
Gasp_gasp1.m3.3291.m1	Opea_EP00118_Oscarella_pearsei_P002113	62.0	S	0.0
Gasp_gasp1.m3.3291.m1	Bolinf_Binf_sb1233276	62.0	S	0.0
Gasp_gasp1.m3.3291.m1	Chem_TCONS_00001155	62.0	S	0.0
Gasp_gasp1.m3.3291.m1	Tcas_TC001757_001	62.0	S	0.0
Gasp_gasp1.m3.3291.m1	Diagra_EP00040_Diaphanoeca_grandis_P020099	62.0	S	0.0
Gasp_gasp1.m3.3291.m1	Skow_XM_006819199.1	62.0	S	0.0
Gasp_gasp1.m3.3291.m1	Rhoesc_Res_000489-T1	62.0	S	0.0
Gasp_gasp1.m3.3291.m1	Sros_EGD73119	62.0	S	0.0
Gasp_gasp1.m3.3291.m1	Stedip_EP00041_Stephanoeca_diplocostata_P003953	62.0	S	0.0
Gasp_gasp1.m3.3291.m1	Saldol_EP00054_Salpingoeca_dolichothecata_P036703	62.0	S	0.0
Gasp_gasp1.m3.3291.m1	Aaur_scaffold394.g16.t1	62.0	S	0.0
Gasp_gasp1.m3.3291.m1	Sanmal_Sma_010795-T1	62.0	S	0.0
Gasp_gasp1.m3.3291.m1	Eupdun_Edun_sb10633258	62.0	S	0.0
Gasp_gasp1.m3.3291.m1	Lampan_Lpan_C406885_01	62.0	S	0.0
Gasp_gasp1.m3.3291.m1	Morvir_scaffold308.g8.t1	62.0	S	0.0
Gasp_gasp1.m3.3291.m1	Codhol_EP00042_Codosiga_hollandica_P021794	62.0	S	0.0
Gasp_gasp1.m3.3291.m1	Salpun_EP00053_Salpingoeca_punica_P003696	62.0	S	0.0
Gasp_gasp1.m3.3291.m1	Cscu_XM_023387139.1	62.0	S	0.0
Gasp_gasp1.m3.3291.m1	Bralan_BLAG06000878_2	62.0	S	0.0
Gasp_gasp1.m3.3291.m1	Nvec_v1g232331	62.0	S	0.0
Gasp_gasp1.m3.3291.m1	Dgig_XM_028541822.1	62.0	S	0.0
Gasp_gasp1.m3.3291.m1	Mertsp_Mesp_sb586646	62.0	S	0.0
Gasp_gasp1.m3.3291.m1	Spur_XM_030981064.1	62.0	S	0.0
Gasp_gasp1.m3.3291.m1	Lcom_lcpid106448	62.0	S	0.0
Gasp_gasp1.m3.3291.m1	Salurc_EP00051_Salpingoeca_urceolata_P031812	62.0	S	0.0
Gasp_gasp1.m3.3291.m1	Choper_EP00045_Choanoeca_perplexa_P001581	62.0	S	0.0
Gasp_gasp1.m3.3291.m1	Salkve_EP00050_Salpingoeca_kvevrii_P010472	62.0	S	0.0
Gasp_gasp1.m3.3291.m1	Eupdun_Edun_sb10633259	62.0	S	0.0
Gasp_gasp1.m3.3291.m1	Leuniv_Lniv_scaffold19177_01	62.0	S	0.0
Gasp_gasp1.m3.3291.m1	Lcom_lcpid96903	62.0	S	0.0
Gasp_gasp1.m3.3291.m1	Xesp_016009-T1	62.0	S	0.0
Gasp_gasp1.m3.3291.m1	Cscu_XM_023358199.1	62.0	S	0.0
Gasp_gasp1.m3.3291.m1	Ocar_g10025	62.0	S	0.0
Gasp_gasp1.m3.3291.m1	Hsap_ENST00000409347	62.0	S	0.0
Gasp_gasp1.m3.3291.m1	Helnan_EP00037_Helgoeca_nana_P015185	62.0	S	0.0
Adig_XM_015892856.1	Codhol_EP00042_Codosiga_hollandica_P021798	62.0	S	0.0
Adig_XM_015892856.1	Pbac_sb2658559	62.0	S	0.0
Adig_XM_015892856.1	Scil_scict022109.1	62.0	S	0.0
Adig_XM_015892856.1	Drygla_Dgla_sb282048	62.0	S	0.0
Adig_XM_015892856.1	Salinf_EP00049_Salpingoeca_infusionum_P000938	62.0	S	0.0
Adig_XM_015892856.1	Lcom_lcpid90325	62.0	S	0.0
Adig_XM_015892856.1	Acaspe_EP00035_Acanthoeca_spectabilis_P022790	62.0	S	0.0
Adig_XM_015892856.1	Pbac_sb2648503	62.0	S	0.0
Adig_XM_015892856.1	Codhol_EP00042_Codosiga_hollandica_P021796	62.0	S	0.0
Adig_XM_015892856.1	Cgig_XM_011428661.3	62.0	S	0.0
Adig_XM_015892856.1	Plespi_Pspi_scaffold15648_01	62.0	S	0.0
Adig_XM_015892856.1	Hvul_g22248_1	62.0	S	0.0
Adig_XM_015892856.1	Bolinf_Binf_sb1233277	62.0	S	0.0
Adig_XM_015892856.1	Nemnom_g15092.t1	62.0	S	0.0
Adig_XM_015892856.1	Didcos_EP00039_Didymoeca_costata_P007325	62.0	S	0.0
Adig_XM_015892856.1	Salmac_EP00052_Salpingoeca_macrocollata_P020403	62.0	S	0.0
Adig_XM_015892856.1	Mlei_ML0823.g8.i1	62.0	S	0.0
Adig_XM_015892856.1	Acagra_model.g13545.t1	62.0	S	0.0
Adig_XM_015892856.1	Mylflu_EP00047_Mylnosiga_fluctuans_P017086	62.0	S	0.0
Adig_XM_015892856.1	Dpul_mRNA23949	62.0	S	0.0
Adig_XM_015892856.1	Mertsp_Mesp_sb586645	62.0	S	0.0
Adig_XM_015892856.1	Coemet_Cmet_scaffold13957_01	62.0	S	0.0
Adig_XM_015892856.1	Microa_EP00043_Microstomoeca_roanoka_P000973	62.0	S	0.0
Adig_XM_015892856.1	Bolinf_Binf_sb1218927	62.0	S	0.0
Adig_XM_015892856.1	Horcal_Hcv1.av93.c2.g1198.i1	62.0	S	0.0
Adig_XM_015892856.1	Drygla_Dgla_sb282047	62.0	S	0.0
Adig_XM_015892856.1	Nemnom_g2507.t1	62.0	S	0.0
Adig_XM_015892856.1	Clacor_Ccor_scaffold8255_01	62.0	S	0.0
Adig_XM_015892856.1	Ctel_gnl_WGS_AMQN_CAPTEDRAFT_mRNA148077	62.0	S	0.0
Adig_XM_015892856.1	Chofle_EP00730_Choanoeca_flexa_P014618	62.0	S	0.0
Adig_XM_015892856.1	Mbre_EDQ91693	62.0	S	0.0
Adig_XM_015892856.1	Opea_EP00118_Oscarella_pearsei_P002113	62.0	S	0.0
Adig_XM_015892856.1	Bolinf_Binf_sb1233276	62.0	S	0.0
Adig_XM_015892856.1	Chem_TCONS_00001155	62.0	S	0.0
Adig_XM_015892856.1	Tcas_TC001757_001	62.0	S	0.0
Adig_XM_015892856.1	Diagra_EP00040_Diaphanoeca_grandis_P020099	62.0	S	0.0
Adig_XM_015892856.1	Skow_XM_006819199.1	62.0	S	0.0
Adig_XM_015892856.1	Rhoesc_Res_000489-T1	62.0	S	0.0
Adig_XM_015892856.1	Sros_EGD73119	62.0	S	0.0
Adig_XM_015892856.1	Stedip_EP00041_Stephanoeca_diplocostata_P003953	62.0	S	0.0
Adig_XM_015892856.1	Saldol_EP00054_Salpingoeca_dolichothecata_P036703	62.0	S	0.0
Adig_XM_015892856.1	Aaur_scaffold394.g16.t1	62.0	S	0.0
Adig_XM_015892856.1	Sanmal_Sma_010795-T1	62.0	S	0.0
Adig_XM_015892856.1	Eupdun_Edun_sb10633258	62.0	S	0.0
Adig_XM_015892856.1	Lampan_Lpan_C406885_01	62.0	S	0.0
Adig_XM_015892856.1	Morvir_scaffold308.g8.t1	62.0	S	0.0
Adig_XM_015892856.1	Codhol_EP00042_Codosiga_hollandica_P021794	62.0	S	0.0
Adig_XM_015892856.1	Salpun_EP00053_Salpingoeca_punica_P003696	62.0	S	0.0
Adig_XM_015892856.1	Cscu_XM_023387139.1	62.0	S	0.0
Adig_XM_015892856.1	Bralan_BLAG06000878_2	62.0	S	0.0
Adig_XM_015892856.1	Nvec_v1g232331	62.0	S	0.0
Adig_XM_015892856.1	Dgig_XM_028541822.1	62.0	S	0.0
Adig_XM_015892856.1	Mertsp_Mesp_sb586646	62.0	S	0.0
Adig_XM_015892856.1	Spur_XM_030981064.1	62.0	S	0.0
Adig_XM_015892856.1	Lcom_lcpid106448	62.0	S	0.0
Adig_XM_015892856.1	Salurc_EP00051_Salpingoeca_urceolata_P031812	62.0	S	0.0
Adig_XM_015892856.1	Choper_EP00045_Choanoeca_perplexa_P001581	62.0	S	0.0
Adig_XM_015892856.1	Salkve_EP00050_Salpingoeca_kvevrii_P010472	62.0	S	0.0
Adig_XM_015892856.1	Eupdun_Edun_sb10633259	62.0	S	0.0
Adig_XM_015892856.1	Leuniv_Lniv_scaffold19177_01	62.0	S	0.0
Adig_XM_015892856.1	Lcom_lcpid96903	62.0	S	0.0
Adig_XM_015892856.1	Xesp_016009-T1	62.0	S	0.0
Adig_XM_015892856.1	Cscu_XM_023358199.1	62.0	S	0.0
Adig_XM_015892856.1	Ocar_g10025	62.0	S	0.0
Adig_XM_015892856.1	Hsap_ENST00000409347	62.0	S	0.0
Adig_XM_015892856.1	Helnan_EP00037_Helgoeca_nana_P015185	62.0	S	0.0
Fspp_ffun1.m4.13777.m1	Codhol_EP00042_Codosiga_hollandica_P021798	62.0	S	0.0
Fspp_ffun1.m4.13777.m1	Pbac_sb2658559	62.0	S	0.0
Fspp_ffun1.m4.13777.m1	Scil_scict022109.1	62.0	S	0.0
Fspp_ffun1.m4.13777.m1	Drygla_Dgla_sb282048	62.0	S	0.0
Fspp_ffun1.m4.13777.m1	Salinf_EP00049_Salpingoeca_infusionum_P000938	62.0	S	0.0
Fspp_ffun1.m4.13777.m1	Lcom_lcpid90325	62.0	S	0.0
Fspp_ffun1.m4.13777.m1	Acaspe_EP00035_Acanthoeca_spectabilis_P022790	62.0	S	0.0
Fspp_ffun1.m4.13777.m1	Pbac_sb2648503	62.0	S	0.0
Fspp_ffun1.m4.13777.m1	Codhol_EP00042_Codosiga_hollandica_P021796	62.0	S	0.0
Fspp_ffun1.m4.13777.m1	Cgig_XM_011428661.3	62.0	S	0.0
Fspp_ffun1.m4.13777.m1	Plespi_Pspi_scaffold15648_01	62.0	S	0.0
Fspp_ffun1.m4.13777.m1	Hvul_g22248_1	62.0	S	0.0
Fspp_ffun1.m4.13777.m1	Bolinf_Binf_sb1233277	62.0	S	0.0
Fspp_ffun1.m4.13777.m1	Nemnom_g15092.t1	62.0	S	0.0
Fspp_ffun1.m4.13777.m1	Didcos_EP00039_Didymoeca_costata_P007325	62.0	S	0.0
Fspp_ffun1.m4.13777.m1	Salmac_EP00052_Salpingoeca_macrocollata_P020403	62.0	S	0.0
Fspp_ffun1.m4.13777.m1	Mlei_ML0823.g8.i1	62.0	S	0.0
Fspp_ffun1.m4.13777.m1	Acagra_model.g13545.t1	62.0	S	0.0
Fspp_ffun1.m4.13777.m1	Mylflu_EP00047_Mylnosiga_fluctuans_P017086	62.0	S	0.0
Fspp_ffun1.m4.13777.m1	Dpul_mRNA23949	62.0	S	0.0
Fspp_ffun1.m4.13777.m1	Mertsp_Mesp_sb586645	62.0	S	0.0
Fspp_ffun1.m4.13777.m1	Coemet_Cmet_scaffold13957_01	62.0	S	0.0
Fspp_ffun1.m4.13777.m1	Microa_EP00043_Microstomoeca_roanoka_P000973	62.0	S	0.0
Fspp_ffun1.m4.13777.m1	Bolinf_Binf_sb1218927	62.0	S	0.0
Fspp_ffun1.m4.13777.m1	Horcal_Hcv1.av93.c2.g1198.i1	62.0	S	0.0
Fspp_ffun1.m4.13777.m1	Drygla_Dgla_sb282047	62.0	S	0.0
Fspp_ffun1.m4.13777.m1	Nemnom_g2507.t1	62.0	S	0.0
Fspp_ffun1.m4.13777.m1	Clacor_Ccor_scaffold8255_01	62.0	S	0.0
Fspp_ffun1.m4.13777.m1	Ctel_gnl_WGS_AMQN_CAPTEDRAFT_mRNA148077	62.0	S	0.0
Fspp_ffun1.m4.13777.m1	Chofle_EP00730_Choanoeca_flexa_P014618	62.0	S	0.0
Fspp_ffun1.m4.13777.m1	Mbre_EDQ91693	62.0	S	0.0
Fspp_ffun1.m4.13777.m1	Opea_EP00118_Oscarella_pearsei_P002113	62.0	S	0.0
Fspp_ffun1.m4.13777.m1	Bolinf_Binf_sb1233276	62.0	S	0.0
Fspp_ffun1.m4.13777.m1	Chem_TCONS_00001155	62.0	S	0.0
Fspp_ffun1.m4.13777.m1	Tcas_TC001757_001	62.0	S	0.0
Fspp_ffun1.m4.13777.m1	Diagra_EP00040_Diaphanoeca_grandis_P020099	62.0	S	0.0
Fspp_ffun1.m4.13777.m1	Skow_XM_006819199.1	62.0	S	0.0
Fspp_ffun1.m4.13777.m1	Rhoesc_Res_000489-T1	62.0	S	0.0
Fspp_ffun1.m4.13777.m1	Sros_EGD73119	62.0	S	0.0
Fspp_ffun1.m4.13777.m1	Stedip_EP00041_Stephanoeca_diplocostata_P003953	62.0	S	0.0
Fspp_ffun1.m4.13777.m1	Saldol_EP00054_Salpingoeca_dolichothecata_P036703	62.0	S	0.0
Fspp_ffun1.m4.13777.m1	Aaur_scaffold394.g16.t1	62.0	S	0.0
Fspp_ffun1.m4.13777.m1	Sanmal_Sma_010795-T1	62.0	S	0.0
Fspp_ffun1.m4.13777.m1	Eupdun_Edun_sb10633258	62.0	S	0.0
Fspp_ffun1.m4.13777.m1	Lampan_Lpan_C406885_01	62.0	S	0.0
Fspp_ffun1.m4.13777.m1	Morvir_scaffold308.g8.t1	62.0	S	0.0
Fspp_ffun1.m4.13777.m1	Codhol_EP00042_Codosiga_hollandica_P021794	62.0	S	0.0
Fspp_ffun1.m4.13777.m1	Salpun_EP00053_Salpingoeca_punica_P003696	62.0	S	0.0
Fspp_ffun1.m4.13777.m1	Cscu_XM_023387139.1	62.0	S	0.0
Fspp_ffun1.m4.13777.m1	Bralan_BLAG06000878_2	62.0	S	0.0
Fspp_ffun1.m4.13777.m1	Nvec_v1g232331	62.0	S	0.0
Fspp_ffun1.m4.13777.m1	Dgig_XM_028541822.1	62.0	S	0.0
Fspp_ffun1.m4.13777.m1	Mertsp_Mesp_sb586646	62.0	S	0.0
Fspp_ffun1.m4.13777.m1	Spur_XM_030981064.1	62.0	S	0.0
Fspp_ffun1.m4.13777.m1	Lcom_lcpid106448	62.0	S	0.0
Fspp_ffun1.m4.13777.m1	Salurc_EP00051_Salpingoeca_urceolata_P031812	62.0	S	0.0
Fspp_ffun1.m4.13777.m1	Choper_EP00045_Choanoeca_perplexa_P001581	62.0	S	0.0
Fspp_ffun1.m4.13777.m1	Salkve_EP00050_Salpingoeca_kvevrii_P010472	62.0	S	0.0
Fspp_ffun1.m4.13777.m1	Eupdun_Edun_sb10633259	62.0	S	0.0
Fspp_ffun1.m4.13777.m1	Leuniv_Lniv_scaffold19177_01	62.0	S	0.0
Fspp_ffun1.m4.13777.m1	Lcom_lcpid96903	62.0	S	0.0
Fspp_ffun1.m4.13777.m1	Xesp_016009-T1	62.0	S	0.0
Fspp_ffun1.m4.13777.m1	Cscu_XM_023358199.1	62.0	S	0.0
Fspp_ffun1.m4.13777.m1	Ocar_g10025	62.0	S	0.0
Fspp_ffun1.m4.13777.m1	Hsap_ENST00000409347	62.0	S	0.0
Fspp_ffun1.m4.13777.m1	Helnan_EP00037_Helgoeca_nana_P015185	62.0	S	0.0
Aque_Aqu2.1.41309_001	Stycar_maker-SC_scaffold6476-snap-gene-0.15-mRNA-1	100.0	S	0.0
Aque_Aqu2.1.41309_001	Tetwil_g3503.t1	100.0	S	0.0
Aque_Aqu2.1.41309_001	Spolac_c94000_g1_i1_m.9522c94000-g1	100.0	S	0.0
HoiH11_mRNA3501	HoiH23_PlH23_000191-RA	100.0	S	0.0
HoiH11_mRNA3501	HoiH04_mRNA10879	100.0	S	0.0
HoiH11_mRNA3501	TrH2_TrispH2_001120-RA	100.0	S	0.0
HoiH11_mRNA3501	Tadh_TriadT24802	100.0	S	0.0
HoiH11_mRNA3501	HoiH06_mRNA14191	100.0	S	0.0
HoiH11_mRNA3501	Hhon_g04319.t1	100.0	S	0.0
Exapal_XM_021049598.2	Gfas_gfas1.m1.18734.m1	96.0	S	0.0
Exapal_XM_021049598.2	Fspp_ffun1.m4.13773.m1	96.0	S	0.0
Exapal_XM_021049598.2	Spis_XP_022800649_1	96.0	S	0.0
Exapal_XM_021049598.2	Amil_Amillepora07242-RA	96.0	S	0.0
Exapal_XM_021049598.2	Pocdam_XM_027185939.1	96.0	S	0.0
Exapal_XM_021049598.2	Gasp_gasp1.m3.3291.m1	96.0	S	0.0
Exapal_XM_021049598.2	Adig_XM_015892856.1	96.0	S	0.0
Exapal_XM_021049598.2	Fspp_ffun1.m4.13777.m1	96.0	S	0.0
Nvec_v1g232331	Codhol_EP00042_Codosiga_hollandica_P021798	51.0	S	0.0
Nvec_v1g232331	Pbac_sb2658559	51.0	S	0.0
Nvec_v1g232331	Scil_scict022109.1	51.0	S	0.0
Nvec_v1g232331	Drygla_Dgla_sb282048	51.0	S	0.0
Nvec_v1g232331	Salinf_EP00049_Salpingoeca_infusionum_P000938	51.0	S	0.0
Nvec_v1g232331	Lcom_lcpid90325	51.0	S	0.0
Nvec_v1g232331	Acaspe_EP00035_Acanthoeca_spectabilis_P022790	51.0	S	0.0
Nvec_v1g232331	Pbac_sb2648503	51.0	S	0.0
Nvec_v1g232331	Codhol_EP00042_Codosiga_hollandica_P021796	51.0	S	0.0
Nvec_v1g232331	Cgig_XM_011428661.3	51.0	S	0.0
Nvec_v1g232331	Plespi_Pspi_scaffold15648_01	51.0	S	0.0
Nvec_v1g232331	Hvul_g22248_1	51.0	S	0.0
Nvec_v1g232331	Bolinf_Binf_sb1233277	51.0	S	0.0
Nvec_v1g232331	Nemnom_g15092.t1	51.0	S	0.0
Nvec_v1g232331	Didcos_EP00039_Didymoeca_costata_P007325	51.0	S	0.0
Nvec_v1g232331	Salmac_EP00052_Salpingoeca_macrocollata_P020403	51.0	S	0.0
Nvec_v1g232331	Mlei_ML0823.g8.i1	51.0	S	0.0
Nvec_v1g232331	Acagra_model.g13545.t1	51.0	S	0.0
Nvec_v1g232331	Mylflu_EP00047_Mylnosiga_fluctuans_P017086	51.0	S	0.0
Nvec_v1g232331	Dpul_mRNA23949	51.0	S	0.0
Nvec_v1g232331	Mertsp_Mesp_sb586645	51.0	S	0.0
Nvec_v1g232331	Coemet_Cmet_scaffold13957_01	51.0	S	0.0
Nvec_v1g232331	Microa_EP00043_Microstomoeca_roanoka_P000973	51.0	S	0.0
Nvec_v1g232331	Bolinf_Binf_sb1218927	51.0	S	0.0
Nvec_v1g232331	Horcal_Hcv1.av93.c2.g1198.i1	51.0	S	0.0
Nvec_v1g232331	Drygla_Dgla_sb282047	51.0	S	0.0
Nvec_v1g232331	Nemnom_g2507.t1	51.0	S	0.0
Nvec_v1g232331	Clacor_Ccor_scaffold8255_01	51.0	S	0.0
Nvec_v1g232331	Ctel_gnl_WGS_AMQN_CAPTEDRAFT_mRNA148077	51.0	S	0.0
Nvec_v1g232331	Chofle_EP00730_Choanoeca_flexa_P014618	51.0	S	0.0
Nvec_v1g232331	Mbre_EDQ91693	51.0	S	0.0
Nvec_v1g232331	Opea_EP00118_Oscarella_pearsei_P002113	51.0	S	0.0
Nvec_v1g232331	Bolinf_Binf_sb1233276	51.0	S	0.0
Nvec_v1g232331	Chem_TCONS_00001155	51.0	S	0.0
Nvec_v1g232331	Tcas_TC001757_001	51.0	S	0.0
Nvec_v1g232331	Diagra_EP00040_Diaphanoeca_grandis_P020099	51.0	S	0.0
Nvec_v1g232331	Skow_XM_006819199.1	51.0	S	0.0
Nvec_v1g232331	Rhoesc_Res_000489-T1	51.0	S	0.0
Nvec_v1g232331	Sros_EGD73119	51.0	S	0.0
Nvec_v1g232331	Stedip_EP00041_Stephanoeca_diplocostata_P003953	51.0	S	0.0
Nvec_v1g232331	Saldol_EP00054_Salpingoeca_dolichothecata_P036703	51.0	S	0.0
Nvec_v1g232331	Aaur_scaffold394.g16.t1	51.0	S	0.0
Nvec_v1g232331	Sanmal_Sma_010795-T1	51.0	S	0.0
Nvec_v1g232331	Eupdun_Edun_sb10633258	51.0	S	0.0
Nvec_v1g232331	Lampan_Lpan_C406885_01	51.0	S	0.0
Nvec_v1g232331	Morvir_scaffold308.g8.t1	51.0	S	0.0
Nvec_v1g232331	Codhol_EP00042_Codosiga_hollandica_P021794	51.0	S	0.0
Nvec_v1g232331	Salpun_EP00053_Salpingoeca_punica_P003696	51.0	S	0.0
Nvec_v1g232331	Cscu_XM_023387139.1	51.0	S	0.0
Nvec_v1g232331	Bralan_BLAG06000878_2	51.0	S	0.0
Nvec_v1g232331	Dgig_XM_028541822.1	51.0	S	0.0
Nvec_v1g232331	Mertsp_Mesp_sb586646	51.0	S	0.0
Nvec_v1g232331	Spur_XM_030981064.1	51.0	S	0.0
Nvec_v1g232331	Lcom_lcpid106448	51.0	S	0.0
Nvec_v1g232331	Salurc_EP00051_Salpingoeca_urceolata_P031812	51.0	S	0.0
Nvec_v1g232331	Choper_EP00045_Choanoeca_perplexa_P001581	51.0	S	0.0
Nvec_v1g232331	Salkve_EP00050_Salpingoeca_kvevrii_P010472	51.0	S	0.0
Nvec_v1g232331	Eupdun_Edun_sb10633259	51.0	S	0.0
Nvec_v1g232331	Leuniv_Lniv_scaffold19177_01	51.0	S	0.0
Nvec_v1g232331	Lcom_lcpid96903	51.0	S	0.0
Nvec_v1g232331	Xesp_016009-T1	51.0	S	0.0
Nvec_v1g232331	Cscu_XM_023358199.1	51.0	S	0.0
Nvec_v1g232331	Ocar_g10025	51.0	S	0.0
Nvec_v1g232331	Hsap_ENST00000409347	51.0	S	0.0
Nvec_v1g232331	Helnan_EP00037_Helgoeca_nana_P015185	51.0	S	0.0
Spolac_c94000_g1_i1_m.9522c94000-g1	Stycar_maker-SC_scaffold6476-snap-gene-0.15-mRNA-1	99.0	S	0.0
Spolac_c94000_g1_i1_m.9522c94000-g1	Tetwil_g3503.t1	99.0	S	0.0
TrH2_TrispH2_001120-RA	HoiH04_mRNA10879	78.0	S	0.0
TrH2_TrispH2_001120-RA	HoiH23_PlH23_000191-RA	78.0	S	0.0
TrH2_TrispH2_001120-RA	HoiH06_mRNA14191	78.0	S	0.0
TrH2_TrispH2_001120-RA	Hhon_g04319.t1	78.0	S	0.0
Tadh_TriadT24802	HoiH04_mRNA10879	78.0	S	0.0
Tadh_TriadT24802	HoiH23_PlH23_000191-RA	78.0	S	0.0
Tadh_TriadT24802	HoiH06_mRNA14191	78.0	S	0.0
Tadh_TriadT24802	Hhon_g04319.t1	78.0	S	0.0
Amil_Amillepora07242-RA	Gfas_gfas1.m1.18734.m1	100.0	S	0.0
Amil_Amillepora07242-RA	Fspp_ffun1.m4.13773.m1	100.0	S	0.0
Amil_Amillepora07242-RA	Spis_XP_022800649_1	100.0	S	0.0
Amil_Amillepora07242-RA	Pocdam_XM_027185939.1	100.0	S	0.0
Amil_Amillepora07242-RA	Gasp_gasp1.m3.3291.m1	100.0	S	0.0
Amil_Amillepora07242-RA	Fspp_ffun1.m4.13777.m1	100.0	S	0.0
Adig_XM_015892856.1	Gfas_gfas1.m1.18734.m1	100.0	S	0.0
Adig_XM_015892856.1	Fspp_ffun1.m4.13773.m1	100.0	S	0.0
Adig_XM_015892856.1	Spis_XP_022800649_1	100.0	S	0.0
Adig_XM_015892856.1	Pocdam_XM_027185939.1	100.0	S	0.0
Adig_XM_015892856.1	Gasp_gasp1.m3.3291.m1	100.0	S	0.0
Adig_XM_015892856.1	Fspp_ffun1.m4.13777.m1	100.0	S	0.0
Chem_TCONS_00001155	Codhol_EP00042_Codosiga_hollandica_P021798	59.0	S	0.0
Chem_TCONS_00001155	Pbac_sb2658559	59.0	S	0.0
Chem_TCONS_00001155	Drygla_Dgla_sb282048	59.0	S	0.0
Chem_TCONS_00001155	Salinf_EP00049_Salpingoeca_infusionum_P000938	59.0	S	0.0
Chem_TCONS_00001155	Acaspe_EP00035_Acanthoeca_spectabilis_P022790	59.0	S	0.0
Chem_TCONS_00001155	Pbac_sb2648503	59.0	S	0.0
Chem_TCONS_00001155	Codhol_EP00042_Codosiga_hollandica_P021796	59.0	S	0.0
Chem_TCONS_00001155	Cgig_XM_011428661.3	59.0	S	0.0
Chem_TCONS_00001155	Plespi_Pspi_scaffold15648_01	59.0	S	0.0
Chem_TCONS_00001155	Bolinf_Binf_sb1233277	59.0	S	0.0
Chem_TCONS_00001155	Didcos_EP00039_Didymoeca_costata_P007325	59.0	S	0.0
Chem_TCONS_00001155	Mlei_ML0823.g8.i1	59.0	S	0.0
Chem_TCONS_00001155	Salmac_EP00052_Salpingoeca_macrocollata_P020403	59.0	S	0.0
Chem_TCONS_00001155	Acagra_model.g13545.t1	59.0	S	0.0
Chem_TCONS_00001155	Mylflu_EP00047_Mylnosiga_fluctuans_P017086	59.0	S	0.0
Chem_TCONS_00001155	Dpul_mRNA23949	59.0	S	0.0
Chem_TCONS_00001155	Mertsp_Mesp_sb586645	59.0	S	0.0
Chem_TCONS_00001155	Coemet_Cmet_scaffold13957_01	59.0	S	0.0
Chem_TCONS_00001155	Microa_EP00043_Microstomoeca_roanoka_P000973	59.0	S	0.0
Chem_TCONS_00001155	Bolinf_Binf_sb1218927	59.0	S	0.0
Chem_TCONS_00001155	Horcal_Hcv1.av93.c2.g1198.i1	59.0	S	0.0
Chem_TCONS_00001155	Drygla_Dgla_sb282047	59.0	S	0.0
Chem_TCONS_00001155	Ctel_gnl_WGS_AMQN_CAPTEDRAFT_mRNA148077	59.0	S	0.0
Chem_TCONS_00001155	Chofle_EP00730_Choanoeca_flexa_P014618	59.0	S	0.0
Chem_TCONS_00001155	Mbre_EDQ91693	59.0	S	0.0
Chem_TCONS_00001155	Bolinf_Binf_sb1233276	59.0	S	0.0
Chem_TCONS_00001155	Tcas_TC001757_001	59.0	S	0.0
Chem_TCONS_00001155	Diagra_EP00040_Diaphanoeca_grandis_P020099	59.0	S	0.0
Chem_TCONS_00001155	Skow_XM_006819199.1	59.0	S	0.0
Chem_TCONS_00001155	Stedip_EP00041_Stephanoeca_diplocostata_P003953	59.0	S	0.0
Chem_TCONS_00001155	Sros_EGD73119	59.0	S	0.0
Chem_TCONS_00001155	Saldol_EP00054_Salpingoeca_dolichothecata_P036703	59.0	S	0.0
Chem_TCONS_00001155	Eupdun_Edun_sb10633258	59.0	S	0.0
Chem_TCONS_00001155	Lampan_Lpan_C406885_01	59.0	S	0.0
Chem_TCONS_00001155	Codhol_EP00042_Codosiga_hollandica_P021794	59.0	S	0.0
Chem_TCONS_00001155	Salpun_EP00053_Salpingoeca_punica_P003696	59.0	S	0.0
Chem_TCONS_00001155	Cscu_XM_023387139.1	59.0	S	0.0
Chem_TCONS_00001155	Bralan_BLAG06000878_2	59.0	S	0.0
Chem_TCONS_00001155	Dgig_XM_028541822.1	59.0	S	0.0
Chem_TCONS_00001155	Mertsp_Mesp_sb586646	59.0	S	0.0
Chem_TCONS_00001155	Spur_XM_030981064.1	59.0	S	0.0
Chem_TCONS_00001155	Salurc_EP00051_Salpingoeca_urceolata_P031812	59.0	S	0.0
Chem_TCONS_00001155	Choper_EP00045_Choanoeca_perplexa_P001581	59.0	S	0.0
Chem_TCONS_00001155	Salkve_EP00050_Salpingoeca_kvevrii_P010472	59.0	S	0.0
Chem_TCONS_00001155	Eupdun_Edun_sb10633259	59.0	S	0.0
Chem_TCONS_00001155	Xesp_016009-T1	59.0	S	0.0
Chem_TCONS_00001155	Cscu_XM_023358199.1	59.0	S	0.0
Chem_TCONS_00001155	Hsap_ENST00000409347	59.0	S	0.0
Chem_TCONS_00001155	Helnan_EP00037_Helgoeca_nana_P015185	59.0	S	0.0
Scil_scict022109.1	Codhol_EP00042_Codosiga_hollandica_P021798	59.0	S	0.0
Scil_scict022109.1	Pbac_sb2658559	59.0	S	0.0
Scil_scict022109.1	Drygla_Dgla_sb282048	59.0	S	0.0
Scil_scict022109.1	Salinf_EP00049_Salpingoeca_infusionum_P000938	59.0	S	0.0
Scil_scict022109.1	Acaspe_EP00035_Acanthoeca_spectabilis_P022790	59.0	S	0.0
Scil_scict022109.1	Pbac_sb2648503	59.0	S	0.0
Scil_scict022109.1	Codhol_EP00042_Codosiga_hollandica_P021796	59.0	S	0.0
Scil_scict022109.1	Cgig_XM_011428661.3	59.0	S	0.0
Scil_scict022109.1	Plespi_Pspi_scaffold15648_01	59.0	S	0.0
Scil_scict022109.1	Bolinf_Binf_sb1233277	59.0	S	0.0
Scil_scict022109.1	Didcos_EP00039_Didymoeca_costata_P007325	59.0	S	0.0
Scil_scict022109.1	Mlei_ML0823.g8.i1	59.0	S	0.0
Scil_scict022109.1	Salmac_EP00052_Salpingoeca_macrocollata_P020403	59.0	S	0.0
Scil_scict022109.1	Acagra_model.g13545.t1	59.0	S	0.0
Scil_scict022109.1	Mylflu_EP00047_Mylnosiga_fluctuans_P017086	59.0	S	0.0
Scil_scict022109.1	Dpul_mRNA23949	59.0	S	0.0
Scil_scict022109.1	Mertsp_Mesp_sb586645	59.0	S	0.0
Scil_scict022109.1	Coemet_Cmet_scaffold13957_01	59.0	S	0.0
Scil_scict022109.1	Microa_EP00043_Microstomoeca_roanoka_P000973	59.0	S	0.0
Scil_scict022109.1	Bolinf_Binf_sb1218927	59.0	S	0.0
Scil_scict022109.1	Horcal_Hcv1.av93.c2.g1198.i1	59.0	S	0.0
Scil_scict022109.1	Drygla_Dgla_sb282047	59.0	S	0.0
Scil_scict022109.1	Ctel_gnl_WGS_AMQN_CAPTEDRAFT_mRNA148077	59.0	S	0.0
Scil_scict022109.1	Chofle_EP00730_Choanoeca_flexa_P014618	59.0	S	0.0
Scil_scict022109.1	Mbre_EDQ91693	59.0	S	0.0
Scil_scict022109.1	Bolinf_Binf_sb1233276	59.0	S	0.0
Scil_scict022109.1	Tcas_TC001757_001	59.0	S	0.0
Scil_scict022109.1	Diagra_EP00040_Diaphanoeca_grandis_P020099	59.0	S	0.0
Scil_scict022109.1	Skow_XM_006819199.1	59.0	S	0.0
Scil_scict022109.1	Stedip_EP00041_Stephanoeca_diplocostata_P003953	59.0	S	0.0
Scil_scict022109.1	Sros_EGD73119	59.0	S	0.0
Scil_scict022109.1	Saldol_EP00054_Salpingoeca_dolichothecata_P036703	59.0	S	0.0
Scil_scict022109.1	Eupdun_Edun_sb10633258	59.0	S	0.0
Scil_scict022109.1	Lampan_Lpan_C406885_01	59.0	S	0.0
Scil_scict022109.1	Codhol_EP00042_Codosiga_hollandica_P021794	59.0	S	0.0
Scil_scict022109.1	Salpun_EP00053_Salpingoeca_punica_P003696	59.0	S	0.0
Scil_scict022109.1	Cscu_XM_023387139.1	59.0	S	0.0
Scil_scict022109.1	Bralan_BLAG06000878_2	59.0	S	0.0
Scil_scict022109.1	Dgig_XM_028541822.1	59.0	S	0.0
Scil_scict022109.1	Mertsp_Mesp_sb586646	59.0	S	0.0
Scil_scict022109.1	Spur_XM_030981064.1	59.0	S	0.0
Scil_scict022109.1	Salurc_EP00051_Salpingoeca_urceolata_P031812	59.0	S	0.0
Scil_scict022109.1	Choper_EP00045_Choanoeca_perplexa_P001581	59.0	S	0.0
Scil_scict022109.1	Salkve_EP00050_Salpingoeca_kvevrii_P010472	59.0	S	0.0
Scil_scict022109.1	Eupdun_Edun_sb10633259	59.0	S	0.0
Scil_scict022109.1	Xesp_016009-T1	59.0	S	0.0
Scil_scict022109.1	Cscu_XM_023358199.1	59.0	S	0.0
Scil_scict022109.1	Hsap_ENST00000409347	59.0	S	0.0
Scil_scict022109.1	Helnan_EP00037_Helgoeca_nana_P015185	59.0	S	0.0
Rhoesc_Res_000489-T1	Codhol_EP00042_Codosiga_hollandica_P021798	59.0	S	0.0
Rhoesc_Res_000489-T1	Pbac_sb2658559	59.0	S	0.0
Rhoesc_Res_000489-T1	Drygla_Dgla_sb282048	59.0	S	0.0
Rhoesc_Res_000489-T1	Salinf_EP00049_Salpingoeca_infusionum_P000938	59.0	S	0.0
Rhoesc_Res_000489-T1	Acaspe_EP00035_Acanthoeca_spectabilis_P022790	59.0	S	0.0
Rhoesc_Res_000489-T1	Pbac_sb2648503	59.0	S	0.0
Rhoesc_Res_000489-T1	Codhol_EP00042_Codosiga_hollandica_P021796	59.0	S	0.0
Rhoesc_Res_000489-T1	Cgig_XM_011428661.3	59.0	S	0.0
Rhoesc_Res_000489-T1	Plespi_Pspi_scaffold15648_01	59.0	S	0.0
Rhoesc_Res_000489-T1	Bolinf_Binf_sb1233277	59.0	S	0.0
Rhoesc_Res_000489-T1	Didcos_EP00039_Didymoeca_costata_P007325	59.0	S	0.0
Rhoesc_Res_000489-T1	Mlei_ML0823.g8.i1	59.0	S	0.0
Rhoesc_Res_000489-T1	Salmac_EP00052_Salpingoeca_macrocollata_P020403	59.0	S	0.0
Rhoesc_Res_000489-T1	Acagra_model.g13545.t1	59.0	S	0.0
Rhoesc_Res_000489-T1	Mylflu_EP00047_Mylnosiga_fluctuans_P017086	59.0	S	0.0
Rhoesc_Res_000489-T1	Dpul_mRNA23949	59.0	S	0.0
Rhoesc_Res_000489-T1	Mertsp_Mesp_sb586645	59.0	S	0.0
Rhoesc_Res_000489-T1	Coemet_Cmet_scaffold13957_01	59.0	S	0.0
Rhoesc_Res_000489-T1	Microa_EP00043_Microstomoeca_roanoka_P000973	59.0	S	0.0
Rhoesc_Res_000489-T1	Bolinf_Binf_sb1218927	59.0	S	0.0
Rhoesc_Res_000489-T1	Horcal_Hcv1.av93.c2.g1198.i1	59.0	S	0.0
Rhoesc_Res_000489-T1	Drygla_Dgla_sb282047	59.0	S	0.0
Rhoesc_Res_000489-T1	Ctel_gnl_WGS_AMQN_CAPTEDRAFT_mRNA148077	59.0	S	0.0
Rhoesc_Res_000489-T1	Chofle_EP00730_Choanoeca_flexa_P014618	59.0	S	0.0
Rhoesc_Res_000489-T1	Mbre_EDQ91693	59.0	S	0.0
Rhoesc_Res_000489-T1	Bolinf_Binf_sb1233276	59.0	S	0.0
Rhoesc_Res_000489-T1	Tcas_TC001757_001	59.0	S	0.0
Rhoesc_Res_000489-T1	Diagra_EP00040_Diaphanoeca_grandis_P020099	59.0	S	0.0
Rhoesc_Res_000489-T1	Skow_XM_006819199.1	59.0	S	0.0
Rhoesc_Res_000489-T1	Stedip_EP00041_Stephanoeca_diplocostata_P003953	59.0	S	0.0
Rhoesc_Res_000489-T1	Sros_EGD73119	59.0	S	0.0
Rhoesc_Res_000489-T1	Saldol_EP00054_Salpingoeca_dolichothecata_P036703	59.0	S	0.0
Rhoesc_Res_000489-T1	Eupdun_Edun_sb10633258	59.0	S	0.0
Rhoesc_Res_000489-T1	Lampan_Lpan_C406885_01	59.0	S	0.0
Rhoesc_Res_000489-T1	Codhol_EP00042_Codosiga_hollandica_P021794	59.0	S	0.0
Rhoesc_Res_000489-T1	Salpun_EP00053_Salpingoeca_punica_P003696	59.0	S	0.0
Rhoesc_Res_000489-T1	Cscu_XM_023387139.1	59.0	S	0.0
Rhoesc_Res_000489-T1	Bralan_BLAG06000878_2	59.0	S	0.0
Rhoesc_Res_000489-T1	Dgig_XM_028541822.1	59.0	S	0.0
Rhoesc_Res_000489-T1	Mertsp_Mesp_sb586646	59.0	S	0.0
Rhoesc_Res_000489-T1	Spur_XM_030981064.1	59.0	S	0.0
Rhoesc_Res_000489-T1	Salurc_EP00051_Salpingoeca_urceolata_P031812	59.0	S	0.0
Rhoesc_Res_000489-T1	Choper_EP00045_Choanoeca_perplexa_P001581	59.0	S	0.0
Rhoesc_Res_000489-T1	Salkve_EP00050_Salpingoeca_kvevrii_P010472	59.0	S	0.0
Rhoesc_Res_000489-T1	Eupdun_Edun_sb10633259	59.0	S	0.0
Rhoesc_Res_000489-T1	Xesp_016009-T1	59.0	S	0.0
Rhoesc_Res_000489-T1	Cscu_XM_023358199.1	59.0	S	0.0
Rhoesc_Res_000489-T1	Hsap_ENST00000409347	59.0	S	0.0
Rhoesc_Res_000489-T1	Helnan_EP00037_Helgoeca_nana_P015185	59.0	S	0.0
Nemnom_g2507.t1	Codhol_EP00042_Codosiga_hollandica_P021798	59.0	S	0.0
Nemnom_g2507.t1	Pbac_sb2658559	59.0	S	0.0
Nemnom_g2507.t1	Drygla_Dgla_sb282048	59.0	S	0.0
Nemnom_g2507.t1	Salinf_EP00049_Salpingoeca_infusionum_P000938	59.0	S	0.0
Nemnom_g2507.t1	Acaspe_EP00035_Acanthoeca_spectabilis_P022790	59.0	S	0.0
Nemnom_g2507.t1	Pbac_sb2648503	59.0	S	0.0
Nemnom_g2507.t1	Codhol_EP00042_Codosiga_hollandica_P021796	59.0	S	0.0
Nemnom_g2507.t1	Cgig_XM_011428661.3	59.0	S	0.0
Nemnom_g2507.t1	Plespi_Pspi_scaffold15648_01	59.0	S	0.0
Nemnom_g2507.t1	Bolinf_Binf_sb1233277	59.0	S	0.0
Nemnom_g2507.t1	Didcos_EP00039_Didymoeca_costata_P007325	59.0	S	0.0
Nemnom_g2507.t1	Mlei_ML0823.g8.i1	59.0	S	0.0
Nemnom_g2507.t1	Salmac_EP00052_Salpingoeca_macrocollata_P020403	59.0	S	0.0
Nemnom_g2507.t1	Acagra_model.g13545.t1	59.0	S	0.0
Nemnom_g2507.t1	Mylflu_EP00047_Mylnosiga_fluctuans_P017086	59.0	S	0.0
Nemnom_g2507.t1	Dpul_mRNA23949	59.0	S	0.0
Nemnom_g2507.t1	Mertsp_Mesp_sb586645	59.0	S	0.0
Nemnom_g2507.t1	Coemet_Cmet_scaffold13957_01	59.0	S	0.0
Nemnom_g2507.t1	Microa_EP00043_Microstomoeca_roanoka_P000973	59.0	S	0.0
Nemnom_g2507.t1	Bolinf_Binf_sb1218927	59.0	S	0.0
Nemnom_g2507.t1	Horcal_Hcv1.av93.c2.g1198.i1	59.0	S	0.0
Nemnom_g2507.t1	Drygla_Dgla_sb282047	59.0	S	0.0
Nemnom_g2507.t1	Ctel_gnl_WGS_AMQN_CAPTEDRAFT_mRNA148077	59.0	S	0.0
Nemnom_g2507.t1	Chofle_EP00730_Choanoeca_flexa_P014618	59.0	S	0.0
Nemnom_g2507.t1	Mbre_EDQ91693	59.0	S	0.0
Nemnom_g2507.t1	Bolinf_Binf_sb1233276	59.0	S	0.0
Nemnom_g2507.t1	Tcas_TC001757_001	59.0	S	0.0
Nemnom_g2507.t1	Diagra_EP00040_Diaphanoeca_grandis_P020099	59.0	S	0.0
Nemnom_g2507.t1	Skow_XM_006819199.1	59.0	S	0.0
Nemnom_g2507.t1	Stedip_EP00041_Stephanoeca_diplocostata_P003953	59.0	S	0.0
Nemnom_g2507.t1	Sros_EGD73119	59.0	S	0.0
Nemnom_g2507.t1	Saldol_EP00054_Salpingoeca_dolichothecata_P036703	59.0	S	0.0
Nemnom_g2507.t1	Eupdun_Edun_sb10633258	59.0	S	0.0
Nemnom_g2507.t1	Lampan_Lpan_C406885_01	59.0	S	0.0
Nemnom_g2507.t1	Codhol_EP00042_Codosiga_hollandica_P021794	59.0	S	0.0
Nemnom_g2507.t1	Salpun_EP00053_Salpingoeca_punica_P003696	59.0	S	0.0
Nemnom_g2507.t1	Cscu_XM_023387139.1	59.0	S	0.0
Nemnom_g2507.t1	Bralan_BLAG06000878_2	59.0	S	0.0
Nemnom_g2507.t1	Dgig_XM_028541822.1	59.0	S	0.0
Nemnom_g2507.t1	Mertsp_Mesp_sb586646	59.0	S	0.0
Nemnom_g2507.t1	Spur_XM_030981064.1	59.0	S	0.0
Nemnom_g2507.t1	Salurc_EP00051_Salpingoeca_urceolata_P031812	59.0	S	0.0
Nemnom_g2507.t1	Choper_EP00045_Choanoeca_perplexa_P001581	59.0	S	0.0
Nemnom_g2507.t1	Salkve_EP00050_Salpingoeca_kvevrii_P010472	59.0	S	0.0
Nemnom_g2507.t1	Eupdun_Edun_sb10633259	59.0	S	0.0
Nemnom_g2507.t1	Xesp_016009-T1	59.0	S	0.0
Nemnom_g2507.t1	Cscu_XM_023358199.1	59.0	S	0.0
Nemnom_g2507.t1	Hsap_ENST00000409347	59.0	S	0.0
Nemnom_g2507.t1	Helnan_EP00037_Helgoeca_nana_P015185	59.0	S	0.0
Lcom_lcpid90325	Codhol_EP00042_Codosiga_hollandica_P021798	59.0	S	0.0
Lcom_lcpid90325	Pbac_sb2658559	59.0	S	0.0
Lcom_lcpid90325	Drygla_Dgla_sb282048	59.0	S	0.0
Lcom_lcpid90325	Salinf_EP00049_Salpingoeca_infusionum_P000938	59.0	S	0.0
Lcom_lcpid90325	Acaspe_EP00035_Acanthoeca_spectabilis_P022790	59.0	S	0.0
Lcom_lcpid90325	Pbac_sb2648503	59.0	S	0.0
Lcom_lcpid90325	Codhol_EP00042_Codosiga_hollandica_P021796	59.0	S	0.0
Lcom_lcpid90325	Cgig_XM_011428661.3	59.0	S	0.0
Lcom_lcpid90325	Plespi_Pspi_scaffold15648_01	59.0	S	0.0
Lcom_lcpid90325	Bolinf_Binf_sb1233277	59.0	S	0.0
Lcom_lcpid90325	Didcos_EP00039_Didymoeca_costata_P007325	59.0	S	0.0
Lcom_lcpid90325	Mlei_ML0823.g8.i1	59.0	S	0.0
Lcom_lcpid90325	Salmac_EP00052_Salpingoeca_macrocollata_P020403	59.0	S	0.0
Lcom_lcpid90325	Acagra_model.g13545.t1	59.0	S	0.0
Lcom_lcpid90325	Mylflu_EP00047_Mylnosiga_fluctuans_P017086	59.0	S	0.0
Lcom_lcpid90325	Dpul_mRNA23949	59.0	S	0.0
Lcom_lcpid90325	Mertsp_Mesp_sb586645	59.0	S	0.0
Lcom_lcpid90325	Coemet_Cmet_scaffold13957_01	59.0	S	0.0
Lcom_lcpid90325	Microa_EP00043_Microstomoeca_roanoka_P000973	59.0	S	0.0
Lcom_lcpid90325	Bolinf_Binf_sb1218927	59.0	S	0.0
Lcom_lcpid90325	Horcal_Hcv1.av93.c2.g1198.i1	59.0	S	0.0
Lcom_lcpid90325	Drygla_Dgla_sb282047	59.0	S	0.0
Lcom_lcpid90325	Ctel_gnl_WGS_AMQN_CAPTEDRAFT_mRNA148077	59.0	S	0.0
Lcom_lcpid90325	Chofle_EP00730_Choanoeca_flexa_P014618	59.0	S	0.0
Lcom_lcpid90325	Mbre_EDQ91693	59.0	S	0.0
Lcom_lcpid90325	Bolinf_Binf_sb1233276	59.0	S	0.0
Lcom_lcpid90325	Tcas_TC001757_001	59.0	S	0.0
Lcom_lcpid90325	Diagra_EP00040_Diaphanoeca_grandis_P020099	59.0	S	0.0
Lcom_lcpid90325	Skow_XM_006819199.1	59.0	S	0.0
Lcom_lcpid90325	Stedip_EP00041_Stephanoeca_diplocostata_P003953	59.0	S	0.0
Lcom_lcpid90325	Sros_EGD73119	59.0	S	0.0
Lcom_lcpid90325	Saldol_EP00054_Salpingoeca_dolichothecata_P036703	59.0	S	0.0
Lcom_lcpid90325	Eupdun_Edun_sb10633258	59.0	S	0.0
Lcom_lcpid90325	Lampan_Lpan_C406885_01	59.0	S	0.0
Lcom_lcpid90325	Codhol_EP00042_Codosiga_hollandica_P021794	59.0	S	0.0
Lcom_lcpid90325	Salpun_EP00053_Salpingoeca_punica_P003696	59.0	S	0.0
Lcom_lcpid90325	Cscu_XM_023387139.1	59.0	S	0.0
Lcom_lcpid90325	Bralan_BLAG06000878_2	59.0	S	0.0
Lcom_lcpid90325	Dgig_XM_028541822.1	59.0	S	0.0
Lcom_lcpid90325	Mertsp_Mesp_sb586646	59.0	S	0.0
Lcom_lcpid90325	Spur_XM_030981064.1	59.0	S	0.0
Lcom_lcpid90325	Salurc_EP00051_Salpingoeca_urceolata_P031812	59.0	S	0.0
Lcom_lcpid90325	Choper_EP00045_Choanoeca_perplexa_P001581	59.0	S	0.0
Lcom_lcpid90325	Salkve_EP00050_Salpingoeca_kvevrii_P010472	59.0	S	0.0
Lcom_lcpid90325	Eupdun_Edun_sb10633259	59.0	S	0.0
Lcom_lcpid90325	Xesp_016009-T1	59.0	S	0.0
Lcom_lcpid90325	Cscu_XM_023358199.1	59.0	S	0.0
Lcom_lcpid90325	Hsap_ENST00000409347	59.0	S	0.0
Lcom_lcpid90325	Helnan_EP00037_Helgoeca_nana_P015185	59.0	S	0.0
Lcom_lcpid106448	Codhol_EP00042_Codosiga_hollandica_P021798	59.0	S	0.0
Lcom_lcpid106448	Pbac_sb2658559	59.0	S	0.0
Lcom_lcpid106448	Drygla_Dgla_sb282048	59.0	S	0.0
Lcom_lcpid106448	Salinf_EP00049_Salpingoeca_infusionum_P000938	59.0	S	0.0
Lcom_lcpid106448	Acaspe_EP00035_Acanthoeca_spectabilis_P022790	59.0	S	0.0
Lcom_lcpid106448	Pbac_sb2648503	59.0	S	0.0
Lcom_lcpid106448	Codhol_EP00042_Codosiga_hollandica_P021796	59.0	S	0.0
Lcom_lcpid106448	Cgig_XM_011428661.3	59.0	S	0.0
Lcom_lcpid106448	Plespi_Pspi_scaffold15648_01	59.0	S	0.0
Lcom_lcpid106448	Bolinf_Binf_sb1233277	59.0	S	0.0
Lcom_lcpid106448	Didcos_EP00039_Didymoeca_costata_P007325	59.0	S	0.0
Lcom_lcpid106448	Mlei_ML0823.g8.i1	59.0	S	0.0
Lcom_lcpid106448	Salmac_EP00052_Salpingoeca_macrocollata_P020403	59.0	S	0.0
Lcom_lcpid106448	Acagra_model.g13545.t1	59.0	S	0.0
Lcom_lcpid106448	Mylflu_EP00047_Mylnosiga_fluctuans_P017086	59.0	S	0.0
Lcom_lcpid106448	Dpul_mRNA23949	59.0	S	0.0
Lcom_lcpid106448	Mertsp_Mesp_sb586645	59.0	S	0.0
Lcom_lcpid106448	Coemet_Cmet_scaffold13957_01	59.0	S	0.0
Lcom_lcpid106448	Microa_EP00043_Microstomoeca_roanoka_P000973	59.0	S	0.0
Lcom_lcpid106448	Bolinf_Binf_sb1218927	59.0	S	0.0
Lcom_lcpid106448	Horcal_Hcv1.av93.c2.g1198.i1	59.0	S	0.0
Lcom_lcpid106448	Drygla_Dgla_sb282047	59.0	S	0.0
Lcom_lcpid106448	Ctel_gnl_WGS_AMQN_CAPTEDRAFT_mRNA148077	59.0	S	0.0
Lcom_lcpid106448	Chofle_EP00730_Choanoeca_flexa_P014618	59.0	S	0.0
Lcom_lcpid106448	Mbre_EDQ91693	59.0	S	0.0
Lcom_lcpid106448	Bolinf_Binf_sb1233276	59.0	S	0.0
Lcom_lcpid106448	Tcas_TC001757_001	59.0	S	0.0
Lcom_lcpid106448	Diagra_EP00040_Diaphanoeca_grandis_P020099	59.0	S	0.0
Lcom_lcpid106448	Skow_XM_006819199.1	59.0	S	0.0
Lcom_lcpid106448	Stedip_EP00041_Stephanoeca_diplocostata_P003953	59.0	S	0.0
Lcom_lcpid106448	Sros_EGD73119	59.0	S	0.0
Lcom_lcpid106448	Saldol_EP00054_Salpingoeca_dolichothecata_P036703	59.0	S	0.0
Lcom_lcpid106448	Eupdun_Edun_sb10633258	59.0	S	0.0
Lcom_lcpid106448	Lampan_Lpan_C406885_01	59.0	S	0.0
Lcom_lcpid106448	Codhol_EP00042_Codosiga_hollandica_P021794	59.0	S	0.0
Lcom_lcpid106448	Salpun_EP00053_Salpingoeca_punica_P003696	59.0	S	0.0
Lcom_lcpid106448	Cscu_XM_023387139.1	59.0	S	0.0
Lcom_lcpid106448	Bralan_BLAG06000878_2	59.0	S	0.0
Lcom_lcpid106448	Dgig_XM_028541822.1	59.0	S	0.0
Lcom_lcpid106448	Mertsp_Mesp_sb586646	59.0	S	0.0
Lcom_lcpid106448	Spur_XM_030981064.1	59.0	S	0.0
Lcom_lcpid106448	Salurc_EP00051_Salpingoeca_urceolata_P031812	59.0	S	0.0
Lcom_lcpid106448	Choper_EP00045_Choanoeca_perplexa_P001581	59.0	S	0.0
Lcom_lcpid106448	Salkve_EP00050_Salpingoeca_kvevrii_P010472	59.0	S	0.0
Lcom_lcpid106448	Eupdun_Edun_sb10633259	59.0	S	0.0
Lcom_lcpid106448	Xesp_016009-T1	59.0	S	0.0
Lcom_lcpid106448	Cscu_XM_023358199.1	59.0	S	0.0
Lcom_lcpid106448	Hsap_ENST00000409347	59.0	S	0.0
Lcom_lcpid106448	Helnan_EP00037_Helgoeca_nana_P015185	59.0	S	0.0
Clacor_Ccor_scaffold8255_01	Codhol_EP00042_Codosiga_hollandica_P021798	59.0	S	0.0
Clacor_Ccor_scaffold8255_01	Pbac_sb2658559	59.0	S	0.0
Clacor_Ccor_scaffold8255_01	Drygla_Dgla_sb282048	59.0	S	0.0
Clacor_Ccor_scaffold8255_01	Salinf_EP00049_Salpingoeca_infusionum_P000938	59.0	S	0.0
Clacor_Ccor_scaffold8255_01	Acaspe_EP00035_Acanthoeca_spectabilis_P022790	59.0	S	0.0
Clacor_Ccor_scaffold8255_01	Pbac_sb2648503	59.0	S	0.0
Clacor_Ccor_scaffold8255_01	Codhol_EP00042_Codosiga_hollandica_P021796	59.0	S	0.0
Clacor_Ccor_scaffold8255_01	Cgig_XM_011428661.3	59.0	S	0.0
Clacor_Ccor_scaffold8255_01	Plespi_Pspi_scaffold15648_01	59.0	S	0.0
Clacor_Ccor_scaffold8255_01	Bolinf_Binf_sb1233277	59.0	S	0.0
Clacor_Ccor_scaffold8255_01	Didcos_EP00039_Didymoeca_costata_P007325	59.0	S	0.0
Clacor_Ccor_scaffold8255_01	Mlei_ML0823.g8.i1	59.0	S	0.0
Clacor_Ccor_scaffold8255_01	Salmac_EP00052_Salpingoeca_macrocollata_P020403	59.0	S	0.0
Clacor_Ccor_scaffold8255_01	Acagra_model.g13545.t1	59.0	S	0.0
Clacor_Ccor_scaffold8255_01	Mylflu_EP00047_Mylnosiga_fluctuans_P017086	59.0	S	0.0
Clacor_Ccor_scaffold8255_01	Dpul_mRNA23949	59.0	S	0.0
Clacor_Ccor_scaffold8255_01	Mertsp_Mesp_sb586645	59.0	S	0.0
Clacor_Ccor_scaffold8255_01	Coemet_Cmet_scaffold13957_01	59.0	S	0.0
Clacor_Ccor_scaffold8255_01	Microa_EP00043_Microstomoeca_roanoka_P000973	59.0	S	0.0
Clacor_Ccor_scaffold8255_01	Bolinf_Binf_sb1218927	59.0	S	0.0
Clacor_Ccor_scaffold8255_01	Horcal_Hcv1.av93.c2.g1198.i1	59.0	S	0.0
Clacor_Ccor_scaffold8255_01	Drygla_Dgla_sb282047	59.0	S	0.0
Clacor_Ccor_scaffold8255_01	Ctel_gnl_WGS_AMQN_CAPTEDRAFT_mRNA148077	59.0	S	0.0
Clacor_Ccor_scaffold8255_01	Chofle_EP00730_Choanoeca_flexa_P014618	59.0	S	0.0
Clacor_Ccor_scaffold8255_01	Mbre_EDQ91693	59.0	S	0.0
Clacor_Ccor_scaffold8255_01	Bolinf_Binf_sb1233276	59.0	S	0.0
Clacor_Ccor_scaffold8255_01	Tcas_TC001757_001	59.0	S	0.0
Clacor_Ccor_scaffold8255_01	Diagra_EP00040_Diaphanoeca_grandis_P020099	59.0	S	0.0
Clacor_Ccor_scaffold8255_01	Skow_XM_006819199.1	59.0	S	0.0
Clacor_Ccor_scaffold8255_01	Stedip_EP00041_Stephanoeca_diplocostata_P003953	59.0	S	0.0
Clacor_Ccor_scaffold8255_01	Sros_EGD73119	59.0	S	0.0
Clacor_Ccor_scaffold8255_01	Saldol_EP00054_Salpingoeca_dolichothecata_P036703	59.0	S	0.0
Clacor_Ccor_scaffold8255_01	Eupdun_Edun_sb10633258	59.0	S	0.0
Clacor_Ccor_scaffold8255_01	Lampan_Lpan_C406885_01	59.0	S	0.0
Clacor_Ccor_scaffold8255_01	Codhol_EP00042_Codosiga_hollandica_P021794	59.0	S	0.0
Clacor_Ccor_scaffold8255_01	Salpun_EP00053_Salpingoeca_punica_P003696	59.0	S	0.0
Clacor_Ccor_scaffold8255_01	Cscu_XM_023387139.1	59.0	S	0.0
Clacor_Ccor_scaffold8255_01	Bralan_BLAG06000878_2	59.0	S	0.0
Clacor_Ccor_scaffold8255_01	Dgig_XM_028541822.1	59.0	S	0.0
Clacor_Ccor_scaffold8255_01	Mertsp_Mesp_sb586646	59.0	S	0.0
Clacor_Ccor_scaffold8255_01	Spur_XM_030981064.1	59.0	S	0.0
Clacor_Ccor_scaffold8255_01	Salurc_EP00051_Salpingoeca_urceolata_P031812	59.0	S	0.0
Clacor_Ccor_scaffold8255_01	Choper_EP00045_Choanoeca_perplexa_P001581	59.0	S	0.0
Clacor_Ccor_scaffold8255_01	Salkve_EP00050_Salpingoeca_kvevrii_P010472	59.0	S	0.0
Clacor_Ccor_scaffold8255_01	Eupdun_Edun_sb10633259	59.0	S	0.0
Clacor_Ccor_scaffold8255_01	Xesp_016009-T1	59.0	S	0.0
Clacor_Ccor_scaffold8255_01	Cscu_XM_023358199.1	59.0	S	0.0
Clacor_Ccor_scaffold8255_01	Hsap_ENST00000409347	59.0	S	0.0
Clacor_Ccor_scaffold8255_01	Helnan_EP00037_Helgoeca_nana_P015185	59.0	S	0.0
Aaur_scaffold394.g16.t1	Codhol_EP00042_Codosiga_hollandica_P021798	59.0	S	0.0
Aaur_scaffold394.g16.t1	Pbac_sb2658559	59.0	S	0.0
Aaur_scaffold394.g16.t1	Drygla_Dgla_sb282048	59.0	S	0.0
Aaur_scaffold394.g16.t1	Salinf_EP00049_Salpingoeca_infusionum_P000938	59.0	S	0.0
Aaur_scaffold394.g16.t1	Acaspe_EP00035_Acanthoeca_spectabilis_P022790	59.0	S	0.0
Aaur_scaffold394.g16.t1	Pbac_sb2648503	59.0	S	0.0
Aaur_scaffold394.g16.t1	Codhol_EP00042_Codosiga_hollandica_P021796	59.0	S	0.0
Aaur_scaffold394.g16.t1	Cgig_XM_011428661.3	59.0	S	0.0
Aaur_scaffold394.g16.t1	Plespi_Pspi_scaffold15648_01	59.0	S	0.0
Aaur_scaffold394.g16.t1	Bolinf_Binf_sb1233277	59.0	S	0.0
Aaur_scaffold394.g16.t1	Didcos_EP00039_Didymoeca_costata_P007325	59.0	S	0.0
Aaur_scaffold394.g16.t1	Mlei_ML0823.g8.i1	59.0	S	0.0
Aaur_scaffold394.g16.t1	Salmac_EP00052_Salpingoeca_macrocollata_P020403	59.0	S	0.0
Aaur_scaffold394.g16.t1	Acagra_model.g13545.t1	59.0	S	0.0
Aaur_scaffold394.g16.t1	Mylflu_EP00047_Mylnosiga_fluctuans_P017086	59.0	S	0.0
Aaur_scaffold394.g16.t1	Dpul_mRNA23949	59.0	S	0.0
Aaur_scaffold394.g16.t1	Mertsp_Mesp_sb586645	59.0	S	0.0
Aaur_scaffold394.g16.t1	Coemet_Cmet_scaffold13957_01	59.0	S	0.0
Aaur_scaffold394.g16.t1	Microa_EP00043_Microstomoeca_roanoka_P000973	59.0	S	0.0
Aaur_scaffold394.g16.t1	Bolinf_Binf_sb1218927	59.0	S	0.0
Aaur_scaffold394.g16.t1	Horcal_Hcv1.av93.c2.g1198.i1	59.0	S	0.0
Aaur_scaffold394.g16.t1	Drygla_Dgla_sb282047	59.0	S	0.0
Aaur_scaffold394.g16.t1	Ctel_gnl_WGS_AMQN_CAPTEDRAFT_mRNA148077	59.0	S	0.0
Aaur_scaffold394.g16.t1	Chofle_EP00730_Choanoeca_flexa_P014618	59.0	S	0.0
Aaur_scaffold394.g16.t1	Mbre_EDQ91693	59.0	S	0.0
Aaur_scaffold394.g16.t1	Bolinf_Binf_sb1233276	59.0	S	0.0
Aaur_scaffold394.g16.t1	Tcas_TC001757_001	59.0	S	0.0
Aaur_scaffold394.g16.t1	Diagra_EP00040_Diaphanoeca_grandis_P020099	59.0	S	0.0
Aaur_scaffold394.g16.t1	Skow_XM_006819199.1	59.0	S	0.0
Aaur_scaffold394.g16.t1	Stedip_EP00041_Stephanoeca_diplocostata_P003953	59.0	S	0.0
Aaur_scaffold394.g16.t1	Sros_EGD73119	59.0	S	0.0
Aaur_scaffold394.g16.t1	Saldol_EP00054_Salpingoeca_dolichothecata_P036703	59.0	S	0.0
Aaur_scaffold394.g16.t1	Eupdun_Edun_sb10633258	59.0	S	0.0
Aaur_scaffold394.g16.t1	Lampan_Lpan_C406885_01	59.0	S	0.0
Aaur_scaffold394.g16.t1	Codhol_EP00042_Codosiga_hollandica_P021794	59.0	S	0.0
Aaur_scaffold394.g16.t1	Salpun_EP00053_Salpingoeca_punica_P003696	59.0	S	0.0
Aaur_scaffold394.g16.t1	Cscu_XM_023387139.1	59.0	S	0.0
Aaur_scaffold394.g16.t1	Bralan_BLAG06000878_2	59.0	S	0.0
Aaur_scaffold394.g16.t1	Dgig_XM_028541822.1	59.0	S	0.0
Aaur_scaffold394.g16.t1	Mertsp_Mesp_sb586646	59.0	S	0.0
Aaur_scaffold394.g16.t1	Spur_XM_030981064.1	59.0	S	0.0
Aaur_scaffold394.g16.t1	Salurc_EP00051_Salpingoeca_urceolata_P031812	59.0	S	0.0
Aaur_scaffold394.g16.t1	Choper_EP00045_Choanoeca_perplexa_P001581	59.0	S	0.0
Aaur_scaffold394.g16.t1	Salkve_EP00050_Salpingoeca_kvevrii_P010472	59.0	S	0.0
Aaur_scaffold394.g16.t1	Eupdun_Edun_sb10633259	59.0	S	0.0
Aaur_scaffold394.g16.t1	Xesp_016009-T1	59.0	S	0.0
Aaur_scaffold394.g16.t1	Cscu_XM_023358199.1	59.0	S	0.0
Aaur_scaffold394.g16.t1	Hsap_ENST00000409347	59.0	S	0.0
Aaur_scaffold394.g16.t1	Helnan_EP00037_Helgoeca_nana_P015185	59.0	S	0.0
Sanmal_Sma_010795-T1	Codhol_EP00042_Codosiga_hollandica_P021798	59.0	S	0.0
Sanmal_Sma_010795-T1	Pbac_sb2658559	59.0	S	0.0
Sanmal_Sma_010795-T1	Drygla_Dgla_sb282048	59.0	S	0.0
Sanmal_Sma_010795-T1	Salinf_EP00049_Salpingoeca_infusionum_P000938	59.0	S	0.0
Sanmal_Sma_010795-T1	Acaspe_EP00035_Acanthoeca_spectabilis_P022790	59.0	S	0.0
Sanmal_Sma_010795-T1	Pbac_sb2648503	59.0	S	0.0
Sanmal_Sma_010795-T1	Codhol_EP00042_Codosiga_hollandica_P021796	59.0	S	0.0
Sanmal_Sma_010795-T1	Cgig_XM_011428661.3	59.0	S	0.0
Sanmal_Sma_010795-T1	Plespi_Pspi_scaffold15648_01	59.0	S	0.0
Sanmal_Sma_010795-T1	Bolinf_Binf_sb1233277	59.0	S	0.0
Sanmal_Sma_010795-T1	Didcos_EP00039_Didymoeca_costata_P007325	59.0	S	0.0
Sanmal_Sma_010795-T1	Mlei_ML0823.g8.i1	59.0	S	0.0
Sanmal_Sma_010795-T1	Salmac_EP00052_Salpingoeca_macrocollata_P020403	59.0	S	0.0
Sanmal_Sma_010795-T1	Acagra_model.g13545.t1	59.0	S	0.0
Sanmal_Sma_010795-T1	Mylflu_EP00047_Mylnosiga_fluctuans_P017086	59.0	S	0.0
Sanmal_Sma_010795-T1	Dpul_mRNA23949	59.0	S	0.0
Sanmal_Sma_010795-T1	Mertsp_Mesp_sb586645	59.0	S	0.0
Sanmal_Sma_010795-T1	Coemet_Cmet_scaffold13957_01	59.0	S	0.0
Sanmal_Sma_010795-T1	Microa_EP00043_Microstomoeca_roanoka_P000973	59.0	S	0.0
Sanmal_Sma_010795-T1	Bolinf_Binf_sb1218927	59.0	S	0.0
Sanmal_Sma_010795-T1	Horcal_Hcv1.av93.c2.g1198.i1	59.0	S	0.0
Sanmal_Sma_010795-T1	Drygla_Dgla_sb282047	59.0	S	0.0
Sanmal_Sma_010795-T1	Ctel_gnl_WGS_AMQN_CAPTEDRAFT_mRNA148077	59.0	S	0.0
Sanmal_Sma_010795-T1	Chofle_EP00730_Choanoeca_flexa_P014618	59.0	S	0.0
Sanmal_Sma_010795-T1	Mbre_EDQ91693	59.0	S	0.0
Sanmal_Sma_010795-T1	Bolinf_Binf_sb1233276	59.0	S	0.0
Sanmal_Sma_010795-T1	Tcas_TC001757_001	59.0	S	0.0
Sanmal_Sma_010795-T1	Diagra_EP00040_Diaphanoeca_grandis_P020099	59.0	S	0.0
Sanmal_Sma_010795-T1	Skow_XM_006819199.1	59.0	S	0.0
Sanmal_Sma_010795-T1	Stedip_EP00041_Stephanoeca_diplocostata_P003953	59.0	S	0.0
Sanmal_Sma_010795-T1	Sros_EGD73119	59.0	S	0.0
Sanmal_Sma_010795-T1	Saldol_EP00054_Salpingoeca_dolichothecata_P036703	59.0	S	0.0
Sanmal_Sma_010795-T1	Eupdun_Edun_sb10633258	59.0	S	0.0
Sanmal_Sma_010795-T1	Lampan_Lpan_C406885_01	59.0	S	0.0
Sanmal_Sma_010795-T1	Codhol_EP00042_Codosiga_hollandica_P021794	59.0	S	0.0
Sanmal_Sma_010795-T1	Salpun_EP00053_Salpingoeca_punica_P003696	59.0	S	0.0
Sanmal_Sma_010795-T1	Cscu_XM_023387139.1	59.0	S	0.0
Sanmal_Sma_010795-T1	Bralan_BLAG06000878_2	59.0	S	0.0
Sanmal_Sma_010795-T1	Dgig_XM_028541822.1	59.0	S	0.0
Sanmal_Sma_010795-T1	Mertsp_Mesp_sb586646	59.0	S	0.0
Sanmal_Sma_010795-T1	Spur_XM_030981064.1	59.0	S	0.0
Sanmal_Sma_010795-T1	Salurc_EP00051_Salpingoeca_urceolata_P031812	59.0	S	0.0
Sanmal_Sma_010795-T1	Choper_EP00045_Choanoeca_perplexa_P001581	59.0	S	0.0
Sanmal_Sma_010795-T1	Salkve_EP00050_Salpingoeca_kvevrii_P010472	59.0	S	0.0
Sanmal_Sma_010795-T1	Eupdun_Edun_sb10633259	59.0	S	0.0
Sanmal_Sma_010795-T1	Xesp_016009-T1	59.0	S	0.0
Sanmal_Sma_010795-T1	Cscu_XM_023358199.1	59.0	S	0.0
Sanmal_Sma_010795-T1	Hsap_ENST00000409347	59.0	S	0.0
Sanmal_Sma_010795-T1	Helnan_EP00037_Helgoeca_nana_P015185	59.0	S	0.0
Hvul_g22248_1	Codhol_EP00042_Codosiga_hollandica_P021798	59.0	S	0.0
Hvul_g22248_1	Pbac_sb2658559	59.0	S	0.0
Hvul_g22248_1	Drygla_Dgla_sb282048	59.0	S	0.0
Hvul_g22248_1	Salinf_EP00049_Salpingoeca_infusionum_P000938	59.0	S	0.0
Hvul_g22248_1	Acaspe_EP00035_Acanthoeca_spectabilis_P022790	59.0	S	0.0
Hvul_g22248_1	Pbac_sb2648503	59.0	S	0.0
Hvul_g22248_1	Codhol_EP00042_Codosiga_hollandica_P021796	59.0	S	0.0
Hvul_g22248_1	Cgig_XM_011428661.3	59.0	S	0.0
Hvul_g22248_1	Plespi_Pspi_scaffold15648_01	59.0	S	0.0
Hvul_g22248_1	Bolinf_Binf_sb1233277	59.0	S	0.0
Hvul_g22248_1	Didcos_EP00039_Didymoeca_costata_P007325	59.0	S	0.0
Hvul_g22248_1	Mlei_ML0823.g8.i1	59.0	S	0.0
Hvul_g22248_1	Salmac_EP00052_Salpingoeca_macrocollata_P020403	59.0	S	0.0
Hvul_g22248_1	Acagra_model.g13545.t1	59.0	S	0.0
Hvul_g22248_1	Mylflu_EP00047_Mylnosiga_fluctuans_P017086	59.0	S	0.0
Hvul_g22248_1	Dpul_mRNA23949	59.0	S	0.0
Hvul_g22248_1	Mertsp_Mesp_sb586645	59.0	S	0.0
Hvul_g22248_1	Coemet_Cmet_scaffold13957_01	59.0	S	0.0
Hvul_g22248_1	Microa_EP00043_Microstomoeca_roanoka_P000973	59.0	S	0.0
Hvul_g22248_1	Bolinf_Binf_sb1218927	59.0	S	0.0
Hvul_g22248_1	Horcal_Hcv1.av93.c2.g1198.i1	59.0	S	0.0
Hvul_g22248_1	Drygla_Dgla_sb282047	59.0	S	0.0
Hvul_g22248_1	Ctel_gnl_WGS_AMQN_CAPTEDRAFT_mRNA148077	59.0	S	0.0
Hvul_g22248_1	Chofle_EP00730_Choanoeca_flexa_P014618	59.0	S	0.0
Hvul_g22248_1	Mbre_EDQ91693	59.0	S	0.0
Hvul_g22248_1	Bolinf_Binf_sb1233276	59.0	S	0.0
Hvul_g22248_1	Tcas_TC001757_001	59.0	S	0.0
Hvul_g22248_1	Diagra_EP00040_Diaphanoeca_grandis_P020099	59.0	S	0.0
Hvul_g22248_1	Skow_XM_006819199.1	59.0	S	0.0
Hvul_g22248_1	Stedip_EP00041_Stephanoeca_diplocostata_P003953	59.0	S	0.0
Hvul_g22248_1	Sros_EGD73119	59.0	S	0.0
Hvul_g22248_1	Saldol_EP00054_Salpingoeca_dolichothecata_P036703	59.0	S	0.0
Hvul_g22248_1	Eupdun_Edun_sb10633258	59.0	S	0.0
Hvul_g22248_1	Lampan_Lpan_C406885_01	59.0	S	0.0
Hvul_g22248_1	Codhol_EP00042_Codosiga_hollandica_P021794	59.0	S	0.0
Hvul_g22248_1	Salpun_EP00053_Salpingoeca_punica_P003696	59.0	S	0.0
Hvul_g22248_1	Cscu_XM_023387139.1	59.0	S	0.0
Hvul_g22248_1	Bralan_BLAG06000878_2	59.0	S	0.0
Hvul_g22248_1	Dgig_XM_028541822.1	59.0	S	0.0
Hvul_g22248_1	Mertsp_Mesp_sb586646	59.0	S	0.0
Hvul_g22248_1	Spur_XM_030981064.1	59.0	S	0.0
Hvul_g22248_1	Salurc_EP00051_Salpingoeca_urceolata_P031812	59.0	S	0.0
Hvul_g22248_1	Choper_EP00045_Choanoeca_perplexa_P001581	59.0	S	0.0
Hvul_g22248_1	Salkve_EP00050_Salpingoeca_kvevrii_P010472	59.0	S	0.0
Hvul_g22248_1	Eupdun_Edun_sb10633259	59.0	S	0.0
Hvul_g22248_1	Xesp_016009-T1	59.0	S	0.0
Hvul_g22248_1	Cscu_XM_023358199.1	59.0	S	0.0
Hvul_g22248_1	Hsap_ENST00000409347	59.0	S	0.0
Hvul_g22248_1	Helnan_EP00037_Helgoeca_nana_P015185	59.0	S	0.0
Nemnom_g15092.t1	Codhol_EP00042_Codosiga_hollandica_P021798	59.0	S	0.0
Nemnom_g15092.t1	Pbac_sb2658559	59.0	S	0.0
Nemnom_g15092.t1	Drygla_Dgla_sb282048	59.0	S	0.0
Nemnom_g15092.t1	Salinf_EP00049_Salpingoeca_infusionum_P000938	59.0	S	0.0
Nemnom_g15092.t1	Acaspe_EP00035_Acanthoeca_spectabilis_P022790	59.0	S	0.0
Nemnom_g15092.t1	Pbac_sb2648503	59.0	S	0.0
Nemnom_g15092.t1	Codhol_EP00042_Codosiga_hollandica_P021796	59.0	S	0.0
Nemnom_g15092.t1	Cgig_XM_011428661.3	59.0	S	0.0
Nemnom_g15092.t1	Plespi_Pspi_scaffold15648_01	59.0	S	0.0
Nemnom_g15092.t1	Bolinf_Binf_sb1233277	59.0	S	0.0
Nemnom_g15092.t1	Didcos_EP00039_Didymoeca_costata_P007325	59.0	S	0.0
Nemnom_g15092.t1	Mlei_ML0823.g8.i1	59.0	S	0.0
Nemnom_g15092.t1	Salmac_EP00052_Salpingoeca_macrocollata_P020403	59.0	S	0.0
Nemnom_g15092.t1	Acagra_model.g13545.t1	59.0	S	0.0
Nemnom_g15092.t1	Mylflu_EP00047_Mylnosiga_fluctuans_P017086	59.0	S	0.0
Nemnom_g15092.t1	Dpul_mRNA23949	59.0	S	0.0
Nemnom_g15092.t1	Mertsp_Mesp_sb586645	59.0	S	0.0
Nemnom_g15092.t1	Coemet_Cmet_scaffold13957_01	59.0	S	0.0
Nemnom_g15092.t1	Microa_EP00043_Microstomoeca_roanoka_P000973	59.0	S	0.0
Nemnom_g15092.t1	Bolinf_Binf_sb1218927	59.0	S	0.0
Nemnom_g15092.t1	Horcal_Hcv1.av93.c2.g1198.i1	59.0	S	0.0
Nemnom_g15092.t1	Drygla_Dgla_sb282047	59.0	S	0.0
Nemnom_g15092.t1	Ctel_gnl_WGS_AMQN_CAPTEDRAFT_mRNA148077	59.0	S	0.0
Nemnom_g15092.t1	Chofle_EP00730_Choanoeca_flexa_P014618	59.0	S	0.0
Nemnom_g15092.t1	Mbre_EDQ91693	59.0	S	0.0
Nemnom_g15092.t1	Bolinf_Binf_sb1233276	59.0	S	0.0
Nemnom_g15092.t1	Tcas_TC001757_001	59.0	S	0.0
Nemnom_g15092.t1	Diagra_EP00040_Diaphanoeca_grandis_P020099	59.0	S	0.0
Nemnom_g15092.t1	Skow_XM_006819199.1	59.0	S	0.0
Nemnom_g15092.t1	Stedip_EP00041_Stephanoeca_diplocostata_P003953	59.0	S	0.0
Nemnom_g15092.t1	Sros_EGD73119	59.0	S	0.0
Nemnom_g15092.t1	Saldol_EP00054_Salpingoeca_dolichothecata_P036703	59.0	S	0.0
Nemnom_g15092.t1	Eupdun_Edun_sb10633258	59.0	S	0.0
Nemnom_g15092.t1	Lampan_Lpan_C406885_01	59.0	S	0.0
Nemnom_g15092.t1	Codhol_EP00042_Codosiga_hollandica_P021794	59.0	S	0.0
Nemnom_g15092.t1	Salpun_EP00053_Salpingoeca_punica_P003696	59.0	S	0.0
Nemnom_g15092.t1	Cscu_XM_023387139.1	59.0	S	0.0
Nemnom_g15092.t1	Bralan_BLAG06000878_2	59.0	S	0.0
Nemnom_g15092.t1	Dgig_XM_028541822.1	59.0	S	0.0
Nemnom_g15092.t1	Mertsp_Mesp_sb586646	59.0	S	0.0
Nemnom_g15092.t1	Spur_XM_030981064.1	59.0	S	0.0
Nemnom_g15092.t1	Salurc_EP00051_Salpingoeca_urceolata_P031812	59.0	S	0.0
Nemnom_g15092.t1	Choper_EP00045_Choanoeca_perplexa_P001581	59.0	S	0.0
Nemnom_g15092.t1	Salkve_EP00050_Salpingoeca_kvevrii_P010472	59.0	S	0.0
Nemnom_g15092.t1	Eupdun_Edun_sb10633259	59.0	S	0.0
Nemnom_g15092.t1	Xesp_016009-T1	59.0	S	0.0
Nemnom_g15092.t1	Cscu_XM_023358199.1	59.0	S	0.0
Nemnom_g15092.t1	Hsap_ENST00000409347	59.0	S	0.0
Nemnom_g15092.t1	Helnan_EP00037_Helgoeca_nana_P015185	59.0	S	0.0
Leuniv_Lniv_scaffold19177_01	Codhol_EP00042_Codosiga_hollandica_P021798	59.0	S	0.0
Leuniv_Lniv_scaffold19177_01	Pbac_sb2658559	59.0	S	0.0
Leuniv_Lniv_scaffold19177_01	Drygla_Dgla_sb282048	59.0	S	0.0
Leuniv_Lniv_scaffold19177_01	Salinf_EP00049_Salpingoeca_infusionum_P000938	59.0	S	0.0
Leuniv_Lniv_scaffold19177_01	Acaspe_EP00035_Acanthoeca_spectabilis_P022790	59.0	S	0.0
Leuniv_Lniv_scaffold19177_01	Pbac_sb2648503	59.0	S	0.0
Leuniv_Lniv_scaffold19177_01	Codhol_EP00042_Codosiga_hollandica_P021796	59.0	S	0.0
Leuniv_Lniv_scaffold19177_01	Cgig_XM_011428661.3	59.0	S	0.0
Leuniv_Lniv_scaffold19177_01	Plespi_Pspi_scaffold15648_01	59.0	S	0.0
Leuniv_Lniv_scaffold19177_01	Bolinf_Binf_sb1233277	59.0	S	0.0
Leuniv_Lniv_scaffold19177_01	Didcos_EP00039_Didymoeca_costata_P007325	59.0	S	0.0
Leuniv_Lniv_scaffold19177_01	Mlei_ML0823.g8.i1	59.0	S	0.0
Leuniv_Lniv_scaffold19177_01	Salmac_EP00052_Salpingoeca_macrocollata_P020403	59.0	S	0.0
Leuniv_Lniv_scaffold19177_01	Acagra_model.g13545.t1	59.0	S	0.0
Leuniv_Lniv_scaffold19177_01	Mylflu_EP00047_Mylnosiga_fluctuans_P017086	59.0	S	0.0
Leuniv_Lniv_scaffold19177_01	Dpul_mRNA23949	59.0	S	0.0
Leuniv_Lniv_scaffold19177_01	Mertsp_Mesp_sb586645	59.0	S	0.0
Leuniv_Lniv_scaffold19177_01	Coemet_Cmet_scaffold13957_01	59.0	S	0.0
Leuniv_Lniv_scaffold19177_01	Microa_EP00043_Microstomoeca_roanoka_P000973	59.0	S	0.0
Leuniv_Lniv_scaffold19177_01	Bolinf_Binf_sb1218927	59.0	S	0.0
Leuniv_Lniv_scaffold19177_01	Horcal_Hcv1.av93.c2.g1198.i1	59.0	S	0.0
Leuniv_Lniv_scaffold19177_01	Drygla_Dgla_sb282047	59.0	S	0.0
Leuniv_Lniv_scaffold19177_01	Ctel_gnl_WGS_AMQN_CAPTEDRAFT_mRNA148077	59.0	S	0.0
Leuniv_Lniv_scaffold19177_01	Chofle_EP00730_Choanoeca_flexa_P014618	59.0	S	0.0
Leuniv_Lniv_scaffold19177_01	Mbre_EDQ91693	59.0	S	0.0
Leuniv_Lniv_scaffold19177_01	Bolinf_Binf_sb1233276	59.0	S	0.0
Leuniv_Lniv_scaffold19177_01	Tcas_TC001757_001	59.0	S	0.0
Leuniv_Lniv_scaffold19177_01	Diagra_EP00040_Diaphanoeca_grandis_P020099	59.0	S	0.0
Leuniv_Lniv_scaffold19177_01	Skow_XM_006819199.1	59.0	S	0.0
Leuniv_Lniv_scaffold19177_01	Stedip_EP00041_Stephanoeca_diplocostata_P003953	59.0	S	0.0
Leuniv_Lniv_scaffold19177_01	Sros_EGD73119	59.0	S	0.0
Leuniv_Lniv_scaffold19177_01	Saldol_EP00054_Salpingoeca_dolichothecata_P036703	59.0	S	0.0
Leuniv_Lniv_scaffold19177_01	Eupdun_Edun_sb10633258	59.0	S	0.0
Leuniv_Lniv_scaffold19177_01	Lampan_Lpan_C406885_01	59.0	S	0.0
Leuniv_Lniv_scaffold19177_01	Codhol_EP00042_Codosiga_hollandica_P021794	59.0	S	0.0
Leuniv_Lniv_scaffold19177_01	Salpun_EP00053_Salpingoeca_punica_P003696	59.0	S	0.0
Leuniv_Lniv_scaffold19177_01	Cscu_XM_023387139.1	59.0	S	0.0
Leuniv_Lniv_scaffold19177_01	Bralan_BLAG06000878_2	59.0	S	0.0
Leuniv_Lniv_scaffold19177_01	Dgig_XM_028541822.1	59.0	S	0.0
Leuniv_Lniv_scaffold19177_01	Mertsp_Mesp_sb586646	59.0	S	0.0
Leuniv_Lniv_scaffold19177_01	Spur_XM_030981064.1	59.0	S	0.0
Leuniv_Lniv_scaffold19177_01	Salurc_EP00051_Salpingoeca_urceolata_P031812	59.0	S	0.0
Leuniv_Lniv_scaffold19177_01	Choper_EP00045_Choanoeca_perplexa_P001581	59.0	S	0.0
Leuniv_Lniv_scaffold19177_01	Salkve_EP00050_Salpingoeca_kvevrii_P010472	59.0	S	0.0
Leuniv_Lniv_scaffold19177_01	Eupdun_Edun_sb10633259	59.0	S	0.0
Leuniv_Lniv_scaffold19177_01	Xesp_016009-T1	59.0	S	0.0
Leuniv_Lniv_scaffold19177_01	Cscu_XM_023358199.1	59.0	S	0.0
Leuniv_Lniv_scaffold19177_01	Hsap_ENST00000409347	59.0	S	0.0
Leuniv_Lniv_scaffold19177_01	Helnan_EP00037_Helgoeca_nana_P015185	59.0	S	0.0
Lcom_lcpid96903	Codhol_EP00042_Codosiga_hollandica_P021798	59.0	S	0.0
Lcom_lcpid96903	Pbac_sb2658559	59.0	S	0.0
Lcom_lcpid96903	Drygla_Dgla_sb282048	59.0	S	0.0
Lcom_lcpid96903	Salinf_EP00049_Salpingoeca_infusionum_P000938	59.0	S	0.0
Lcom_lcpid96903	Acaspe_EP00035_Acanthoeca_spectabilis_P022790	59.0	S	0.0
Lcom_lcpid96903	Pbac_sb2648503	59.0	S	0.0
Lcom_lcpid96903	Codhol_EP00042_Codosiga_hollandica_P021796	59.0	S	0.0
Lcom_lcpid96903	Cgig_XM_011428661.3	59.0	S	0.0
Lcom_lcpid96903	Plespi_Pspi_scaffold15648_01	59.0	S	0.0
Lcom_lcpid96903	Bolinf_Binf_sb1233277	59.0	S	0.0
Lcom_lcpid96903	Didcos_EP00039_Didymoeca_costata_P007325	59.0	S	0.0
Lcom_lcpid96903	Mlei_ML0823.g8.i1	59.0	S	0.0
Lcom_lcpid96903	Salmac_EP00052_Salpingoeca_macrocollata_P020403	59.0	S	0.0
Lcom_lcpid96903	Acagra_model.g13545.t1	59.0	S	0.0
Lcom_lcpid96903	Mylflu_EP00047_Mylnosiga_fluctuans_P017086	59.0	S	0.0
Lcom_lcpid96903	Dpul_mRNA23949	59.0	S	0.0
Lcom_lcpid96903	Mertsp_Mesp_sb586645	59.0	S	0.0
Lcom_lcpid96903	Coemet_Cmet_scaffold13957_01	59.0	S	0.0
Lcom_lcpid96903	Microa_EP00043_Microstomoeca_roanoka_P000973	59.0	S	0.0
Lcom_lcpid96903	Bolinf_Binf_sb1218927	59.0	S	0.0
Lcom_lcpid96903	Horcal_Hcv1.av93.c2.g1198.i1	59.0	S	0.0
Lcom_lcpid96903	Drygla_Dgla_sb282047	59.0	S	0.0
Lcom_lcpid96903	Ctel_gnl_WGS_AMQN_CAPTEDRAFT_mRNA148077	59.0	S	0.0
Lcom_lcpid96903	Chofle_EP00730_Choanoeca_flexa_P014618	59.0	S	0.0
Lcom_lcpid96903	Mbre_EDQ91693	59.0	S	0.0
Lcom_lcpid96903	Bolinf_Binf_sb1233276	59.0	S	0.0
Lcom_lcpid96903	Tcas_TC001757_001	59.0	S	0.0
Lcom_lcpid96903	Diagra_EP00040_Diaphanoeca_grandis_P020099	59.0	S	0.0
Lcom_lcpid96903	Skow_XM_006819199.1	59.0	S	0.0
Lcom_lcpid96903	Stedip_EP00041_Stephanoeca_diplocostata_P003953	59.0	S	0.0
Lcom_lcpid96903	Sros_EGD73119	59.0	S	0.0
Lcom_lcpid96903	Saldol_EP00054_Salpingoeca_dolichothecata_P036703	59.0	S	0.0
Lcom_lcpid96903	Eupdun_Edun_sb10633258	59.0	S	0.0
Lcom_lcpid96903	Lampan_Lpan_C406885_01	59.0	S	0.0
Lcom_lcpid96903	Codhol_EP00042_Codosiga_hollandica_P021794	59.0	S	0.0
Lcom_lcpid96903	Salpun_EP00053_Salpingoeca_punica_P003696	59.0	S	0.0
Lcom_lcpid96903	Cscu_XM_023387139.1	59.0	S	0.0
Lcom_lcpid96903	Bralan_BLAG06000878_2	59.0	S	0.0
Lcom_lcpid96903	Dgig_XM_028541822.1	59.0	S	0.0
Lcom_lcpid96903	Mertsp_Mesp_sb586646	59.0	S	0.0
Lcom_lcpid96903	Spur_XM_030981064.1	59.0	S	0.0
Lcom_lcpid96903	Salurc_EP00051_Salpingoeca_urceolata_P031812	59.0	S	0.0
Lcom_lcpid96903	Choper_EP00045_Choanoeca_perplexa_P001581	59.0	S	0.0
Lcom_lcpid96903	Salkve_EP00050_Salpingoeca_kvevrii_P010472	59.0	S	0.0
Lcom_lcpid96903	Eupdun_Edun_sb10633259	59.0	S	0.0
Lcom_lcpid96903	Xesp_016009-T1	59.0	S	0.0
Lcom_lcpid96903	Cscu_XM_023358199.1	59.0	S	0.0
Lcom_lcpid96903	Hsap_ENST00000409347	59.0	S	0.0
Lcom_lcpid96903	Helnan_EP00037_Helgoeca_nana_P015185	59.0	S	0.0
Morvir_scaffold308.g8.t1	Codhol_EP00042_Codosiga_hollandica_P021798	59.0	S	0.0
Morvir_scaffold308.g8.t1	Pbac_sb2658559	59.0	S	0.0
Morvir_scaffold308.g8.t1	Drygla_Dgla_sb282048	59.0	S	0.0
Morvir_scaffold308.g8.t1	Salinf_EP00049_Salpingoeca_infusionum_P000938	59.0	S	0.0
Morvir_scaffold308.g8.t1	Acaspe_EP00035_Acanthoeca_spectabilis_P022790	59.0	S	0.0
Morvir_scaffold308.g8.t1	Pbac_sb2648503	59.0	S	0.0
Morvir_scaffold308.g8.t1	Codhol_EP00042_Codosiga_hollandica_P021796	59.0	S	0.0
Morvir_scaffold308.g8.t1	Cgig_XM_011428661.3	59.0	S	0.0
Morvir_scaffold308.g8.t1	Plespi_Pspi_scaffold15648_01	59.0	S	0.0
Morvir_scaffold308.g8.t1	Bolinf_Binf_sb1233277	59.0	S	0.0
Morvir_scaffold308.g8.t1	Didcos_EP00039_Didymoeca_costata_P007325	59.0	S	0.0
Morvir_scaffold308.g8.t1	Mlei_ML0823.g8.i1	59.0	S	0.0
Morvir_scaffold308.g8.t1	Salmac_EP00052_Salpingoeca_macrocollata_P020403	59.0	S	0.0
Morvir_scaffold308.g8.t1	Acagra_model.g13545.t1	59.0	S	0.0
Morvir_scaffold308.g8.t1	Mylflu_EP00047_Mylnosiga_fluctuans_P017086	59.0	S	0.0
Morvir_scaffold308.g8.t1	Dpul_mRNA23949	59.0	S	0.0
Morvir_scaffold308.g8.t1	Mertsp_Mesp_sb586645	59.0	S	0.0
Morvir_scaffold308.g8.t1	Coemet_Cmet_scaffold13957_01	59.0	S	0.0
Morvir_scaffold308.g8.t1	Microa_EP00043_Microstomoeca_roanoka_P000973	59.0	S	0.0
Morvir_scaffold308.g8.t1	Bolinf_Binf_sb1218927	59.0	S	0.0
Morvir_scaffold308.g8.t1	Horcal_Hcv1.av93.c2.g1198.i1	59.0	S	0.0
Morvir_scaffold308.g8.t1	Drygla_Dgla_sb282047	59.0	S	0.0
Morvir_scaffold308.g8.t1	Ctel_gnl_WGS_AMQN_CAPTEDRAFT_mRNA148077	59.0	S	0.0
Morvir_scaffold308.g8.t1	Chofle_EP00730_Choanoeca_flexa_P014618	59.0	S	0.0
Morvir_scaffold308.g8.t1	Mbre_EDQ91693	59.0	S	0.0
Morvir_scaffold308.g8.t1	Bolinf_Binf_sb1233276	59.0	S	0.0
Morvir_scaffold308.g8.t1	Tcas_TC001757_001	59.0	S	0.0
Morvir_scaffold308.g8.t1	Diagra_EP00040_Diaphanoeca_grandis_P020099	59.0	S	0.0
Morvir_scaffold308.g8.t1	Skow_XM_006819199.1	59.0	S	0.0
Morvir_scaffold308.g8.t1	Stedip_EP00041_Stephanoeca_diplocostata_P003953	59.0	S	0.0
Morvir_scaffold308.g8.t1	Sros_EGD73119	59.0	S	0.0
Morvir_scaffold308.g8.t1	Saldol_EP00054_Salpingoeca_dolichothecata_P036703	59.0	S	0.0
Morvir_scaffold308.g8.t1	Eupdun_Edun_sb10633258	59.0	S	0.0
Morvir_scaffold308.g8.t1	Lampan_Lpan_C406885_01	59.0	S	0.0
Morvir_scaffold308.g8.t1	Codhol_EP00042_Codosiga_hollandica_P021794	59.0	S	0.0
Morvir_scaffold308.g8.t1	Salpun_EP00053_Salpingoeca_punica_P003696	59.0	S	0.0
Morvir_scaffold308.g8.t1	Cscu_XM_023387139.1	59.0	S	0.0
Morvir_scaffold308.g8.t1	Bralan_BLAG06000878_2	59.0	S	0.0
Morvir_scaffold308.g8.t1	Dgig_XM_028541822.1	59.0	S	0.0
Morvir_scaffold308.g8.t1	Mertsp_Mesp_sb586646	59.0	S	0.0
Morvir_scaffold308.g8.t1	Spur_XM_030981064.1	59.0	S	0.0
Morvir_scaffold308.g8.t1	Salurc_EP00051_Salpingoeca_urceolata_P031812	59.0	S	0.0
Morvir_scaffold308.g8.t1	Choper_EP00045_Choanoeca_perplexa_P001581	59.0	S	0.0
Morvir_scaffold308.g8.t1	Salkve_EP00050_Salpingoeca_kvevrii_P010472	59.0	S	0.0
Morvir_scaffold308.g8.t1	Eupdun_Edun_sb10633259	59.0	S	0.0
Morvir_scaffold308.g8.t1	Xesp_016009-T1	59.0	S	0.0
Morvir_scaffold308.g8.t1	Cscu_XM_023358199.1	59.0	S	0.0
Morvir_scaffold308.g8.t1	Hsap_ENST00000409347	59.0	S	0.0
Morvir_scaffold308.g8.t1	Helnan_EP00037_Helgoeca_nana_P015185	59.0	S	0.0
Opea_EP00118_Oscarella_pearsei_P002113	Codhol_EP00042_Codosiga_hollandica_P021798	59.0	S	0.0
Opea_EP00118_Oscarella_pearsei_P002113	Pbac_sb2658559	59.0	S	0.0
Opea_EP00118_Oscarella_pearsei_P002113	Drygla_Dgla_sb282048	59.0	S	0.0
Opea_EP00118_Oscarella_pearsei_P002113	Salinf_EP00049_Salpingoeca_infusionum_P000938	59.0	S	0.0
Opea_EP00118_Oscarella_pearsei_P002113	Acaspe_EP00035_Acanthoeca_spectabilis_P022790	59.0	S	0.0
Opea_EP00118_Oscarella_pearsei_P002113	Pbac_sb2648503	59.0	S	0.0
Opea_EP00118_Oscarella_pearsei_P002113	Codhol_EP00042_Codosiga_hollandica_P021796	59.0	S	0.0
Opea_EP00118_Oscarella_pearsei_P002113	Cgig_XM_011428661.3	59.0	S	0.0
Opea_EP00118_Oscarella_pearsei_P002113	Plespi_Pspi_scaffold15648_01	59.0	S	0.0
Opea_EP00118_Oscarella_pearsei_P002113	Bolinf_Binf_sb1233277	59.0	S	0.0
Opea_EP00118_Oscarella_pearsei_P002113	Didcos_EP00039_Didymoeca_costata_P007325	59.0	S	0.0
Opea_EP00118_Oscarella_pearsei_P002113	Mlei_ML0823.g8.i1	59.0	S	0.0
Opea_EP00118_Oscarella_pearsei_P002113	Salmac_EP00052_Salpingoeca_macrocollata_P020403	59.0	S	0.0
Opea_EP00118_Oscarella_pearsei_P002113	Acagra_model.g13545.t1	59.0	S	0.0
Opea_EP00118_Oscarella_pearsei_P002113	Mylflu_EP00047_Mylnosiga_fluctuans_P017086	59.0	S	0.0
Opea_EP00118_Oscarella_pearsei_P002113	Dpul_mRNA23949	59.0	S	0.0
Opea_EP00118_Oscarella_pearsei_P002113	Mertsp_Mesp_sb586645	59.0	S	0.0
Opea_EP00118_Oscarella_pearsei_P002113	Coemet_Cmet_scaffold13957_01	59.0	S	0.0
Opea_EP00118_Oscarella_pearsei_P002113	Microa_EP00043_Microstomoeca_roanoka_P000973	59.0	S	0.0
Opea_EP00118_Oscarella_pearsei_P002113	Bolinf_Binf_sb1218927	59.0	S	0.0
Opea_EP00118_Oscarella_pearsei_P002113	Horcal_Hcv1.av93.c2.g1198.i1	59.0	S	0.0
Opea_EP00118_Oscarella_pearsei_P002113	Drygla_Dgla_sb282047	59.0	S	0.0
Opea_EP00118_Oscarella_pearsei_P002113	Ctel_gnl_WGS_AMQN_CAPTEDRAFT_mRNA148077	59.0	S	0.0
Opea_EP00118_Oscarella_pearsei_P002113	Chofle_EP00730_Choanoeca_flexa_P014618	59.0	S	0.0
Opea_EP00118_Oscarella_pearsei_P002113	Mbre_EDQ91693	59.0	S	0.0
Opea_EP00118_Oscarella_pearsei_P002113	Bolinf_Binf_sb1233276	59.0	S	0.0
Opea_EP00118_Oscarella_pearsei_P002113	Tcas_TC001757_001	59.0	S	0.0
Opea_EP00118_Oscarella_pearsei_P002113	Diagra_EP00040_Diaphanoeca_grandis_P020099	59.0	S	0.0
Opea_EP00118_Oscarella_pearsei_P002113	Skow_XM_006819199.1	59.0	S	0.0
Opea_EP00118_Oscarella_pearsei_P002113	Stedip_EP00041_Stephanoeca_diplocostata_P003953	59.0	S	0.0
Opea_EP00118_Oscarella_pearsei_P002113	Sros_EGD73119	59.0	S	0.0
Opea_EP00118_Oscarella_pearsei_P002113	Saldol_EP00054_Salpingoeca_dolichothecata_P036703	59.0	S	0.0
Opea_EP00118_Oscarella_pearsei_P002113	Eupdun_Edun_sb10633258	59.0	S	0.0
Opea_EP00118_Oscarella_pearsei_P002113	Lampan_Lpan_C406885_01	59.0	S	0.0
Opea_EP00118_Oscarella_pearsei_P002113	Codhol_EP00042_Codosiga_hollandica_P021794	59.0	S	0.0
Opea_EP00118_Oscarella_pearsei_P002113	Salpun_EP00053_Salpingoeca_punica_P003696	59.0	S	0.0
Opea_EP00118_Oscarella_pearsei_P002113	Cscu_XM_023387139.1	59.0	S	0.0
Opea_EP00118_Oscarella_pearsei_P002113	Bralan_BLAG06000878_2	59.0	S	0.0
Opea_EP00118_Oscarella_pearsei_P002113	Dgig_XM_028541822.1	59.0	S	0.0
Opea_EP00118_Oscarella_pearsei_P002113	Mertsp_Mesp_sb586646	59.0	S	0.0
Opea_EP00118_Oscarella_pearsei_P002113	Spur_XM_030981064.1	59.0	S	0.0
Opea_EP00118_Oscarella_pearsei_P002113	Salurc_EP00051_Salpingoeca_urceolata_P031812	59.0	S	0.0
Opea_EP00118_Oscarella_pearsei_P002113	Choper_EP00045_Choanoeca_perplexa_P001581	59.0	S	0.0
Opea_EP00118_Oscarella_pearsei_P002113	Salkve_EP00050_Salpingoeca_kvevrii_P010472	59.0	S	0.0
Opea_EP00118_Oscarella_pearsei_P002113	Eupdun_Edun_sb10633259	59.0	S	0.0
Opea_EP00118_Oscarella_pearsei_P002113	Xesp_016009-T1	59.0	S	0.0
Opea_EP00118_Oscarella_pearsei_P002113	Cscu_XM_023358199.1	59.0	S	0.0
Opea_EP00118_Oscarella_pearsei_P002113	Hsap_ENST00000409347	59.0	S	0.0
Opea_EP00118_Oscarella_pearsei_P002113	Helnan_EP00037_Helgoeca_nana_P015185	59.0	S	0.0
Ocar_g10025	Codhol_EP00042_Codosiga_hollandica_P021798	59.0	S	0.0
Ocar_g10025	Pbac_sb2658559	59.0	S	0.0
Ocar_g10025	Drygla_Dgla_sb282048	59.0	S	0.0
Ocar_g10025	Salinf_EP00049_Salpingoeca_infusionum_P000938	59.0	S	0.0
Ocar_g10025	Acaspe_EP00035_Acanthoeca_spectabilis_P022790	59.0	S	0.0
Ocar_g10025	Pbac_sb2648503	59.0	S	0.0
Ocar_g10025	Codhol_EP00042_Codosiga_hollandica_P021796	59.0	S	0.0
Ocar_g10025	Cgig_XM_011428661.3	59.0	S	0.0
Ocar_g10025	Plespi_Pspi_scaffold15648_01	59.0	S	0.0
Ocar_g10025	Bolinf_Binf_sb1233277	59.0	S	0.0
Ocar_g10025	Didcos_EP00039_Didymoeca_costata_P007325	59.0	S	0.0
Ocar_g10025	Mlei_ML0823.g8.i1	59.0	S	0.0
Ocar_g10025	Salmac_EP00052_Salpingoeca_macrocollata_P020403	59.0	S	0.0
Ocar_g10025	Acagra_model.g13545.t1	59.0	S	0.0
Ocar_g10025	Mylflu_EP00047_Mylnosiga_fluctuans_P017086	59.0	S	0.0
Ocar_g10025	Dpul_mRNA23949	59.0	S	0.0
Ocar_g10025	Mertsp_Mesp_sb586645	59.0	S	0.0
Ocar_g10025	Coemet_Cmet_scaffold13957_01	59.0	S	0.0
Ocar_g10025	Microa_EP00043_Microstomoeca_roanoka_P000973	59.0	S	0.0
Ocar_g10025	Bolinf_Binf_sb1218927	59.0	S	0.0
Ocar_g10025	Horcal_Hcv1.av93.c2.g1198.i1	59.0	S	0.0
Ocar_g10025	Drygla_Dgla_sb282047	59.0	S	0.0
Ocar_g10025	Ctel_gnl_WGS_AMQN_CAPTEDRAFT_mRNA148077	59.0	S	0.0
Ocar_g10025	Chofle_EP00730_Choanoeca_flexa_P014618	59.0	S	0.0
Ocar_g10025	Mbre_EDQ91693	59.0	S	0.0
Ocar_g10025	Bolinf_Binf_sb1233276	59.0	S	0.0
Ocar_g10025	Tcas_TC001757_001	59.0	S	0.0
Ocar_g10025	Diagra_EP00040_Diaphanoeca_grandis_P020099	59.0	S	0.0
Ocar_g10025	Skow_XM_006819199.1	59.0	S	0.0
Ocar_g10025	Stedip_EP00041_Stephanoeca_diplocostata_P003953	59.0	S	0.0
Ocar_g10025	Sros_EGD73119	59.0	S	0.0
Ocar_g10025	Saldol_EP00054_Salpingoeca_dolichothecata_P036703	59.0	S	0.0
Ocar_g10025	Eupdun_Edun_sb10633258	59.0	S	0.0
Ocar_g10025	Lampan_Lpan_C406885_01	59.0	S	0.0
Ocar_g10025	Codhol_EP00042_Codosiga_hollandica_P021794	59.0	S	0.0
Ocar_g10025	Salpun_EP00053_Salpingoeca_punica_P003696	59.0	S	0.0
Ocar_g10025	Cscu_XM_023387139.1	59.0	S	0.0
Ocar_g10025	Bralan_BLAG06000878_2	59.0	S	0.0
Ocar_g10025	Dgig_XM_028541822.1	59.0	S	0.0
Ocar_g10025	Mertsp_Mesp_sb586646	59.0	S	0.0
Ocar_g10025	Spur_XM_030981064.1	59.0	S	0.0
Ocar_g10025	Salurc_EP00051_Salpingoeca_urceolata_P031812	59.0	S	0.0
Ocar_g10025	Choper_EP00045_Choanoeca_perplexa_P001581	59.0	S	0.0
Ocar_g10025	Salkve_EP00050_Salpingoeca_kvevrii_P010472	59.0	S	0.0
Ocar_g10025	Eupdun_Edun_sb10633259	59.0	S	0.0
Ocar_g10025	Xesp_016009-T1	59.0	S	0.0
Ocar_g10025	Cscu_XM_023358199.1	59.0	S	0.0
Ocar_g10025	Hsap_ENST00000409347	59.0	S	0.0
Ocar_g10025	Helnan_EP00037_Helgoeca_nana_P015185	59.0	S	0.0
Tetwil_g3503.t1	Stycar_maker-SC_scaffold6476-snap-gene-0.15-mRNA-1	96.0	S	0.0
TrH2_TrispH2_001120-RA	Tadh_TriadT24802	100.0	S	0.0
HoiH23_PlH23_000191-RA	HoiH04_mRNA10879	88.0	S	0.0
HoiH23_PlH23_000191-RA	Hhon_g04319.t1	88.0	S	0.0
HoiH06_mRNA14191	HoiH04_mRNA10879	88.0	S	0.0
HoiH06_mRNA14191	Hhon_g04319.t1	88.0	S	0.0
Amil_Amillepora07242-RA	Adig_XM_015892856.1	99.0	S	0.0
Gasp_gasp1.m3.3291.m1	Gfas_gfas1.m1.18734.m1	74.0	S	0.0
Gasp_gasp1.m3.3291.m1	Fspp_ffun1.m4.13773.m1	74.0	S	0.0
Gasp_gasp1.m3.3291.m1	Spis_XP_022800649_1	74.0	S	0.0
Gasp_gasp1.m3.3291.m1	Pocdam_XM_027185939.1	74.0	S	0.0
Gasp_gasp1.m3.3291.m1	Fspp_ffun1.m4.13777.m1	74.0	S	0.0
Chem_TCONS_00001155	Scil_scict022109.1	81.0	S	0.0
Chem_TCONS_00001155	Lcom_lcpid90325	81.0	S	0.0
Chem_TCONS_00001155	Lcom_lcpid106448	81.0	S	0.0
Chem_TCONS_00001155	Clacor_Ccor_scaffold8255_01	81.0	S	0.0
Chem_TCONS_00001155	Leuniv_Lniv_scaffold19177_01	81.0	S	0.0
Chem_TCONS_00001155	Lcom_lcpid96903	81.0	S	0.0
Chem_TCONS_00001155	Opea_EP00118_Oscarella_pearsei_P002113	81.0	S	0.0
Chem_TCONS_00001155	Ocar_g10025	81.0	S	0.0
Rhoesc_Res_000489-T1	Scil_scict022109.1	81.0	S	0.0
Rhoesc_Res_000489-T1	Lcom_lcpid90325	81.0	S	0.0
Rhoesc_Res_000489-T1	Lcom_lcpid106448	81.0	S	0.0
Rhoesc_Res_000489-T1	Clacor_Ccor_scaffold8255_01	81.0	S	0.0
Rhoesc_Res_000489-T1	Leuniv_Lniv_scaffold19177_01	81.0	S	0.0
Rhoesc_Res_000489-T1	Lcom_lcpid96903	81.0	S	0.0
Rhoesc_Res_000489-T1	Opea_EP00118_Oscarella_pearsei_P002113	81.0	S	0.0
Rhoesc_Res_000489-T1	Ocar_g10025	81.0	S	0.0
Nemnom_g2507.t1	Scil_scict022109.1	81.0	S	0.0
Nemnom_g2507.t1	Lcom_lcpid90325	81.0	S	0.0
Nemnom_g2507.t1	Lcom_lcpid106448	81.0	S	0.0
Nemnom_g2507.t1	Clacor_Ccor_scaffold8255_01	81.0	S	0.0
Nemnom_g2507.t1	Leuniv_Lniv_scaffold19177_01	81.0	S	0.0
Nemnom_g2507.t1	Lcom_lcpid96903	81.0	S	0.0
Nemnom_g2507.t1	Opea_EP00118_Oscarella_pearsei_P002113	81.0	S	0.0
Nemnom_g2507.t1	Ocar_g10025	81.0	S	0.0
Aaur_scaffold394.g16.t1	Scil_scict022109.1	81.0	S	0.0
Aaur_scaffold394.g16.t1	Lcom_lcpid90325	81.0	S	0.0
Aaur_scaffold394.g16.t1	Lcom_lcpid106448	81.0	S	0.0
Aaur_scaffold394.g16.t1	Clacor_Ccor_scaffold8255_01	81.0	S	0.0
Aaur_scaffold394.g16.t1	Leuniv_Lniv_scaffold19177_01	81.0	S	0.0
Aaur_scaffold394.g16.t1	Lcom_lcpid96903	81.0	S	0.0
Aaur_scaffold394.g16.t1	Opea_EP00118_Oscarella_pearsei_P002113	81.0	S	0.0
Aaur_scaffold394.g16.t1	Ocar_g10025	81.0	S	0.0
Sanmal_Sma_010795-T1	Scil_scict022109.1	81.0	S	0.0
Sanmal_Sma_010795-T1	Lcom_lcpid90325	81.0	S	0.0
Sanmal_Sma_010795-T1	Lcom_lcpid106448	81.0	S	0.0
Sanmal_Sma_010795-T1	Clacor_Ccor_scaffold8255_01	81.0	S	0.0
Sanmal_Sma_010795-T1	Leuniv_Lniv_scaffold19177_01	81.0	S	0.0
Sanmal_Sma_010795-T1	Lcom_lcpid96903	81.0	S	0.0
Sanmal_Sma_010795-T1	Opea_EP00118_Oscarella_pearsei_P002113	81.0	S	0.0
Sanmal_Sma_010795-T1	Ocar_g10025	81.0	S	0.0
Hvul_g22248_1	Scil_scict022109.1	81.0	S	0.0
Hvul_g22248_1	Lcom_lcpid90325	81.0	S	0.0
Hvul_g22248_1	Lcom_lcpid106448	81.0	S	0.0
Hvul_g22248_1	Clacor_Ccor_scaffold8255_01	81.0	S	0.0
Hvul_g22248_1	Leuniv_Lniv_scaffold19177_01	81.0	S	0.0
Hvul_g22248_1	Lcom_lcpid96903	81.0	S	0.0
Hvul_g22248_1	Opea_EP00118_Oscarella_pearsei_P002113	81.0	S	0.0
Hvul_g22248_1	Ocar_g10025	81.0	S	0.0
Nemnom_g15092.t1	Scil_scict022109.1	81.0	S	0.0
Nemnom_g15092.t1	Lcom_lcpid90325	81.0	S	0.0
Nemnom_g15092.t1	Lcom_lcpid106448	81.0	S	0.0
Nemnom_g15092.t1	Clacor_Ccor_scaffold8255_01	81.0	S	0.0
Nemnom_g15092.t1	Leuniv_Lniv_scaffold19177_01	81.0	S	0.0
Nemnom_g15092.t1	Lcom_lcpid96903	81.0	S	0.0
Nemnom_g15092.t1	Opea_EP00118_Oscarella_pearsei_P002113	81.0	S	0.0
Nemnom_g15092.t1	Ocar_g10025	81.0	S	0.0
Morvir_scaffold308.g8.t1	Scil_scict022109.1	81.0	S	0.0
Morvir_scaffold308.g8.t1	Lcom_lcpid90325	81.0	S	0.0
Morvir_scaffold308.g8.t1	Lcom_lcpid106448	81.0	S	0.0
Morvir_scaffold308.g8.t1	Clacor_Ccor_scaffold8255_01	81.0	S	0.0
Morvir_scaffold308.g8.t1	Leuniv_Lniv_scaffold19177_01	81.0	S	0.0
Morvir_scaffold308.g8.t1	Lcom_lcpid96903	81.0	S	0.0
Morvir_scaffold308.g8.t1	Opea_EP00118_Oscarella_pearsei_P002113	81.0	S	0.0
Morvir_scaffold308.g8.t1	Ocar_g10025	81.0	S	0.0
Tcas_TC001757_001	Codhol_EP00042_Codosiga_hollandica_P021798	60.0	S	0.0
Tcas_TC001757_001	Pbac_sb2658559	60.0	S	0.0
Tcas_TC001757_001	Drygla_Dgla_sb282048	60.0	S	0.0
Tcas_TC001757_001	Salinf_EP00049_Salpingoeca_infusionum_P000938	60.0	S	0.0
Tcas_TC001757_001	Acaspe_EP00035_Acanthoeca_spectabilis_P022790	60.0	S	0.0
Tcas_TC001757_001	Pbac_sb2648503	60.0	S	0.0
Tcas_TC001757_001	Codhol_EP00042_Codosiga_hollandica_P021796	60.0	S	0.0
Tcas_TC001757_001	Bolinf_Binf_sb1233277	60.0	S	0.0
Tcas_TC001757_001	Plespi_Pspi_scaffold15648_01	60.0	S	0.0
Tcas_TC001757_001	Didcos_EP00039_Didymoeca_costata_P007325	60.0	S	0.0
Tcas_TC001757_001	Mlei_ML0823.g8.i1	60.0	S	0.0
Tcas_TC001757_001	Salmac_EP00052_Salpingoeca_macrocollata_P020403	60.0	S	0.0
Tcas_TC001757_001	Mylflu_EP00047_Mylnosiga_fluctuans_P017086	60.0	S	0.0
Tcas_TC001757_001	Mertsp_Mesp_sb586645	60.0	S	0.0
Tcas_TC001757_001	Coemet_Cmet_scaffold13957_01	60.0	S	0.0
Tcas_TC001757_001	Microa_EP00043_Microstomoeca_roanoka_P000973	60.0	S	0.0
Tcas_TC001757_001	Bolinf_Binf_sb1218927	60.0	S	0.0
Tcas_TC001757_001	Horcal_Hcv1.av93.c2.g1198.i1	60.0	S	0.0
Tcas_TC001757_001	Drygla_Dgla_sb282047	60.0	S	0.0
Tcas_TC001757_001	Chofle_EP00730_Choanoeca_flexa_P014618	60.0	S	0.0
Tcas_TC001757_001	Mbre_EDQ91693	60.0	S	0.0
Tcas_TC001757_001	Bolinf_Binf_sb1233276	60.0	S	0.0
Tcas_TC001757_001	Diagra_EP00040_Diaphanoeca_grandis_P020099	60.0	S	0.0
Tcas_TC001757_001	Stedip_EP00041_Stephanoeca_diplocostata_P003953	60.0	S	0.0
Tcas_TC001757_001	Sros_EGD73119	60.0	S	0.0
Tcas_TC001757_001	Saldol_EP00054_Salpingoeca_dolichothecata_P036703	60.0	S	0.0
Tcas_TC001757_001	Eupdun_Edun_sb10633258	60.0	S	0.0
Tcas_TC001757_001	Lampan_Lpan_C406885_01	60.0	S	0.0
Tcas_TC001757_001	Codhol_EP00042_Codosiga_hollandica_P021794	60.0	S	0.0
Tcas_TC001757_001	Salpun_EP00053_Salpingoeca_punica_P003696	60.0	S	0.0
Tcas_TC001757_001	Dgig_XM_028541822.1	60.0	S	0.0
Tcas_TC001757_001	Mertsp_Mesp_sb586646	60.0	S	0.0
Tcas_TC001757_001	Salurc_EP00051_Salpingoeca_urceolata_P031812	60.0	S	0.0
Tcas_TC001757_001	Choper_EP00045_Choanoeca_perplexa_P001581	60.0	S	0.0
Tcas_TC001757_001	Salkve_EP00050_Salpingoeca_kvevrii_P010472	60.0	S	0.0
Tcas_TC001757_001	Eupdun_Edun_sb10633259	60.0	S	0.0
Tcas_TC001757_001	Xesp_016009-T1	60.0	S	0.0
Tcas_TC001757_001	Helnan_EP00037_Helgoeca_nana_P015185	60.0	S	0.0
Skow_XM_006819199.1	Codhol_EP00042_Codosiga_hollandica_P021798	60.0	S	0.0
Skow_XM_006819199.1	Pbac_sb2658559	60.0	S	0.0
Skow_XM_006819199.1	Drygla_Dgla_sb282048	60.0	S	0.0
Skow_XM_006819199.1	Salinf_EP00049_Salpingoeca_infusionum_P000938	60.0	S	0.0
Skow_XM_006819199.1	Acaspe_EP00035_Acanthoeca_spectabilis_P022790	60.0	S	0.0
Skow_XM_006819199.1	Pbac_sb2648503	60.0	S	0.0
Skow_XM_006819199.1	Codhol_EP00042_Codosiga_hollandica_P021796	60.0	S	0.0
Skow_XM_006819199.1	Bolinf_Binf_sb1233277	60.0	S	0.0
Skow_XM_006819199.1	Plespi_Pspi_scaffold15648_01	60.0	S	0.0
Skow_XM_006819199.1	Didcos_EP00039_Didymoeca_costata_P007325	60.0	S	0.0
Skow_XM_006819199.1	Mlei_ML0823.g8.i1	60.0	S	0.0
Skow_XM_006819199.1	Salmac_EP00052_Salpingoeca_macrocollata_P020403	60.0	S	0.0
Skow_XM_006819199.1	Mylflu_EP00047_Mylnosiga_fluctuans_P017086	60.0	S	0.0
Skow_XM_006819199.1	Mertsp_Mesp_sb586645	60.0	S	0.0
Skow_XM_006819199.1	Coemet_Cmet_scaffold13957_01	60.0	S	0.0
Skow_XM_006819199.1	Microa_EP00043_Microstomoeca_roanoka_P000973	60.0	S	0.0
Skow_XM_006819199.1	Bolinf_Binf_sb1218927	60.0	S	0.0
Skow_XM_006819199.1	Horcal_Hcv1.av93.c2.g1198.i1	60.0	S	0.0
Skow_XM_006819199.1	Drygla_Dgla_sb282047	60.0	S	0.0
Skow_XM_006819199.1	Chofle_EP00730_Choanoeca_flexa_P014618	60.0	S	0.0
Skow_XM_006819199.1	Mbre_EDQ91693	60.0	S	0.0
Skow_XM_006819199.1	Bolinf_Binf_sb1233276	60.0	S	0.0
Skow_XM_006819199.1	Diagra_EP00040_Diaphanoeca_grandis_P020099	60.0	S	0.0
Skow_XM_006819199.1	Stedip_EP00041_Stephanoeca_diplocostata_P003953	60.0	S	0.0
Skow_XM_006819199.1	Sros_EGD73119	60.0	S	0.0
Skow_XM_006819199.1	Saldol_EP00054_Salpingoeca_dolichothecata_P036703	60.0	S	0.0
Skow_XM_006819199.1	Eupdun_Edun_sb10633258	60.0	S	0.0
Skow_XM_006819199.1	Lampan_Lpan_C406885_01	60.0	S	0.0
Skow_XM_006819199.1	Codhol_EP00042_Codosiga_hollandica_P021794	60.0	S	0.0
Skow_XM_006819199.1	Salpun_EP00053_Salpingoeca_punica_P003696	60.0	S	0.0
Skow_XM_006819199.1	Dgig_XM_028541822.1	60.0	S	0.0
Skow_XM_006819199.1	Mertsp_Mesp_sb586646	60.0	S	0.0
Skow_XM_006819199.1	Salurc_EP00051_Salpingoeca_urceolata_P031812	60.0	S	0.0
Skow_XM_006819199.1	Choper_EP00045_Choanoeca_perplexa_P001581	60.0	S	0.0
Skow_XM_006819199.1	Salkve_EP00050_Salpingoeca_kvevrii_P010472	60.0	S	0.0
Skow_XM_006819199.1	Eupdun_Edun_sb10633259	60.0	S	0.0
Skow_XM_006819199.1	Xesp_016009-T1	60.0	S	0.0
Skow_XM_006819199.1	Helnan_EP00037_Helgoeca_nana_P015185	60.0	S	0.0
Dpul_mRNA23949	Codhol_EP00042_Codosiga_hollandica_P021798	60.0	S	0.0
Dpul_mRNA23949	Pbac_sb2658559	60.0	S	0.0
Dpul_mRNA23949	Drygla_Dgla_sb282048	60.0	S	0.0
Dpul_mRNA23949	Salinf_EP00049_Salpingoeca_infusionum_P000938	60.0	S	0.0
Dpul_mRNA23949	Acaspe_EP00035_Acanthoeca_spectabilis_P022790	60.0	S	0.0
Dpul_mRNA23949	Pbac_sb2648503	60.0	S	0.0
Dpul_mRNA23949	Codhol_EP00042_Codosiga_hollandica_P021796	60.0	S	0.0
Dpul_mRNA23949	Bolinf_Binf_sb1233277	60.0	S	0.0
Dpul_mRNA23949	Plespi_Pspi_scaffold15648_01	60.0	S	0.0
Dpul_mRNA23949	Didcos_EP00039_Didymoeca_costata_P007325	60.0	S	0.0
Dpul_mRNA23949	Mlei_ML0823.g8.i1	60.0	S	0.0
Dpul_mRNA23949	Salmac_EP00052_Salpingoeca_macrocollata_P020403	60.0	S	0.0
Dpul_mRNA23949	Mylflu_EP00047_Mylnosiga_fluctuans_P017086	60.0	S	0.0
Dpul_mRNA23949	Mertsp_Mesp_sb586645	60.0	S	0.0
Dpul_mRNA23949	Coemet_Cmet_scaffold13957_01	60.0	S	0.0
Dpul_mRNA23949	Microa_EP00043_Microstomoeca_roanoka_P000973	60.0	S	0.0
Dpul_mRNA23949	Bolinf_Binf_sb1218927	60.0	S	0.0
Dpul_mRNA23949	Horcal_Hcv1.av93.c2.g1198.i1	60.0	S	0.0
Dpul_mRNA23949	Drygla_Dgla_sb282047	60.0	S	0.0
Dpul_mRNA23949	Chofle_EP00730_Choanoeca_flexa_P014618	60.0	S	0.0
Dpul_mRNA23949	Mbre_EDQ91693	60.0	S	0.0
Dpul_mRNA23949	Bolinf_Binf_sb1233276	60.0	S	0.0
Dpul_mRNA23949	Diagra_EP00040_Diaphanoeca_grandis_P020099	60.0	S	0.0
Dpul_mRNA23949	Stedip_EP00041_Stephanoeca_diplocostata_P003953	60.0	S	0.0
Dpul_mRNA23949	Sros_EGD73119	60.0	S	0.0
Dpul_mRNA23949	Saldol_EP00054_Salpingoeca_dolichothecata_P036703	60.0	S	0.0
Dpul_mRNA23949	Eupdun_Edun_sb10633258	60.0	S	0.0
Dpul_mRNA23949	Lampan_Lpan_C406885_01	60.0	S	0.0
Dpul_mRNA23949	Codhol_EP00042_Codosiga_hollandica_P021794	60.0	S	0.0
Dpul_mRNA23949	Salpun_EP00053_Salpingoeca_punica_P003696	60.0	S	0.0
Dpul_mRNA23949	Dgig_XM_028541822.1	60.0	S	0.0
Dpul_mRNA23949	Mertsp_Mesp_sb586646	60.0	S	0.0
Dpul_mRNA23949	Salurc_EP00051_Salpingoeca_urceolata_P031812	60.0	S	0.0
Dpul_mRNA23949	Choper_EP00045_Choanoeca_perplexa_P001581	60.0	S	0.0
Dpul_mRNA23949	Salkve_EP00050_Salpingoeca_kvevrii_P010472	60.0	S	0.0
Dpul_mRNA23949	Eupdun_Edun_sb10633259	60.0	S	0.0
Dpul_mRNA23949	Xesp_016009-T1	60.0	S	0.0
Dpul_mRNA23949	Helnan_EP00037_Helgoeca_nana_P015185	60.0	S	0.0
Spur_XM_030981064.1	Codhol_EP00042_Codosiga_hollandica_P021798	60.0	S	0.0
Spur_XM_030981064.1	Pbac_sb2658559	60.0	S	0.0
Spur_XM_030981064.1	Drygla_Dgla_sb282048	60.0	S	0.0
Spur_XM_030981064.1	Salinf_EP00049_Salpingoeca_infusionum_P000938	60.0	S	0.0
Spur_XM_030981064.1	Acaspe_EP00035_Acanthoeca_spectabilis_P022790	60.0	S	0.0
Spur_XM_030981064.1	Pbac_sb2648503	60.0	S	0.0
Spur_XM_030981064.1	Codhol_EP00042_Codosiga_hollandica_P021796	60.0	S	0.0
Spur_XM_030981064.1	Bolinf_Binf_sb1233277	60.0	S	0.0
Spur_XM_030981064.1	Plespi_Pspi_scaffold15648_01	60.0	S	0.0
Spur_XM_030981064.1	Didcos_EP00039_Didymoeca_costata_P007325	60.0	S	0.0
Spur_XM_030981064.1	Mlei_ML0823.g8.i1	60.0	S	0.0
Spur_XM_030981064.1	Salmac_EP00052_Salpingoeca_macrocollata_P020403	60.0	S	0.0
Spur_XM_030981064.1	Mylflu_EP00047_Mylnosiga_fluctuans_P017086	60.0	S	0.0
Spur_XM_030981064.1	Mertsp_Mesp_sb586645	60.0	S	0.0
Spur_XM_030981064.1	Coemet_Cmet_scaffold13957_01	60.0	S	0.0
Spur_XM_030981064.1	Microa_EP00043_Microstomoeca_roanoka_P000973	60.0	S	0.0
Spur_XM_030981064.1	Bolinf_Binf_sb1218927	60.0	S	0.0
Spur_XM_030981064.1	Horcal_Hcv1.av93.c2.g1198.i1	60.0	S	0.0
Spur_XM_030981064.1	Drygla_Dgla_sb282047	60.0	S	0.0
Spur_XM_030981064.1	Chofle_EP00730_Choanoeca_flexa_P014618	60.0	S	0.0
Spur_XM_030981064.1	Mbre_EDQ91693	60.0	S	0.0
Spur_XM_030981064.1	Bolinf_Binf_sb1233276	60.0	S	0.0
Spur_XM_030981064.1	Diagra_EP00040_Diaphanoeca_grandis_P020099	60.0	S	0.0
Spur_XM_030981064.1	Stedip_EP00041_Stephanoeca_diplocostata_P003953	60.0	S	0.0
Spur_XM_030981064.1	Sros_EGD73119	60.0	S	0.0
Spur_XM_030981064.1	Saldol_EP00054_Salpingoeca_dolichothecata_P036703	60.0	S	0.0
Spur_XM_030981064.1	Eupdun_Edun_sb10633258	60.0	S	0.0
Spur_XM_030981064.1	Lampan_Lpan_C406885_01	60.0	S	0.0
Spur_XM_030981064.1	Codhol_EP00042_Codosiga_hollandica_P021794	60.0	S	0.0
Spur_XM_030981064.1	Salpun_EP00053_Salpingoeca_punica_P003696	60.0	S	0.0
Spur_XM_030981064.1	Dgig_XM_028541822.1	60.0	S	0.0
Spur_XM_030981064.1	Mertsp_Mesp_sb586646	60.0	S	0.0
Spur_XM_030981064.1	Salurc_EP00051_Salpingoeca_urceolata_P031812	60.0	S	0.0
Spur_XM_030981064.1	Choper_EP00045_Choanoeca_perplexa_P001581	60.0	S	0.0
Spur_XM_030981064.1	Salkve_EP00050_Salpingoeca_kvevrii_P010472	60.0	S	0.0
Spur_XM_030981064.1	Eupdun_Edun_sb10633259	60.0	S	0.0
Spur_XM_030981064.1	Xesp_016009-T1	60.0	S	0.0
Spur_XM_030981064.1	Helnan_EP00037_Helgoeca_nana_P015185	60.0	S	0.0
Ctel_gnl_WGS_AMQN_CAPTEDRAFT_mRNA148077	Codhol_EP00042_Codosiga_hollandica_P021798	60.0	S	0.0
Ctel_gnl_WGS_AMQN_CAPTEDRAFT_mRNA148077	Pbac_sb2658559	60.0	S	0.0
Ctel_gnl_WGS_AMQN_CAPTEDRAFT_mRNA148077	Drygla_Dgla_sb282048	60.0	S	0.0
Ctel_gnl_WGS_AMQN_CAPTEDRAFT_mRNA148077	Salinf_EP00049_Salpingoeca_infusionum_P000938	60.0	S	0.0
Ctel_gnl_WGS_AMQN_CAPTEDRAFT_mRNA148077	Acaspe_EP00035_Acanthoeca_spectabilis_P022790	60.0	S	0.0
Ctel_gnl_WGS_AMQN_CAPTEDRAFT_mRNA148077	Pbac_sb2648503	60.0	S	0.0
Ctel_gnl_WGS_AMQN_CAPTEDRAFT_mRNA148077	Codhol_EP00042_Codosiga_hollandica_P021796	60.0	S	0.0
Ctel_gnl_WGS_AMQN_CAPTEDRAFT_mRNA148077	Bolinf_Binf_sb1233277	60.0	S	0.0
Ctel_gnl_WGS_AMQN_CAPTEDRAFT_mRNA148077	Plespi_Pspi_scaffold15648_01	60.0	S	0.0
Ctel_gnl_WGS_AMQN_CAPTEDRAFT_mRNA148077	Didcos_EP00039_Didymoeca_costata_P007325	60.0	S	0.0
Ctel_gnl_WGS_AMQN_CAPTEDRAFT_mRNA148077	Mlei_ML0823.g8.i1	60.0	S	0.0
Ctel_gnl_WGS_AMQN_CAPTEDRAFT_mRNA148077	Salmac_EP00052_Salpingoeca_macrocollata_P020403	60.0	S	0.0
Ctel_gnl_WGS_AMQN_CAPTEDRAFT_mRNA148077	Mylflu_EP00047_Mylnosiga_fluctuans_P017086	60.0	S	0.0
Ctel_gnl_WGS_AMQN_CAPTEDRAFT_mRNA148077	Mertsp_Mesp_sb586645	60.0	S	0.0
Ctel_gnl_WGS_AMQN_CAPTEDRAFT_mRNA148077	Coemet_Cmet_scaffold13957_01	60.0	S	0.0
Ctel_gnl_WGS_AMQN_CAPTEDRAFT_mRNA148077	Microa_EP00043_Microstomoeca_roanoka_P000973	60.0	S	0.0
Ctel_gnl_WGS_AMQN_CAPTEDRAFT_mRNA148077	Bolinf_Binf_sb1218927	60.0	S	0.0
Ctel_gnl_WGS_AMQN_CAPTEDRAFT_mRNA148077	Horcal_Hcv1.av93.c2.g1198.i1	60.0	S	0.0
Ctel_gnl_WGS_AMQN_CAPTEDRAFT_mRNA148077	Drygla_Dgla_sb282047	60.0	S	0.0
Ctel_gnl_WGS_AMQN_CAPTEDRAFT_mRNA148077	Chofle_EP00730_Choanoeca_flexa_P014618	60.0	S	0.0
Ctel_gnl_WGS_AMQN_CAPTEDRAFT_mRNA148077	Mbre_EDQ91693	60.0	S	0.0
Ctel_gnl_WGS_AMQN_CAPTEDRAFT_mRNA148077	Bolinf_Binf_sb1233276	60.0	S	0.0
Ctel_gnl_WGS_AMQN_CAPTEDRAFT_mRNA148077	Diagra_EP00040_Diaphanoeca_grandis_P020099	60.0	S	0.0
Ctel_gnl_WGS_AMQN_CAPTEDRAFT_mRNA148077	Stedip_EP00041_Stephanoeca_diplocostata_P003953	60.0	S	0.0
Ctel_gnl_WGS_AMQN_CAPTEDRAFT_mRNA148077	Sros_EGD73119	60.0	S	0.0
Ctel_gnl_WGS_AMQN_CAPTEDRAFT_mRNA148077	Saldol_EP00054_Salpingoeca_dolichothecata_P036703	60.0	S	0.0
Ctel_gnl_WGS_AMQN_CAPTEDRAFT_mRNA148077	Eupdun_Edun_sb10633258	60.0	S	0.0
Ctel_gnl_WGS_AMQN_CAPTEDRAFT_mRNA148077	Lampan_Lpan_C406885_01	60.0	S	0.0
Ctel_gnl_WGS_AMQN_CAPTEDRAFT_mRNA148077	Codhol_EP00042_Codosiga_hollandica_P021794	60.0	S	0.0
Ctel_gnl_WGS_AMQN_CAPTEDRAFT_mRNA148077	Salpun_EP00053_Salpingoeca_punica_P003696	60.0	S	0.0
Ctel_gnl_WGS_AMQN_CAPTEDRAFT_mRNA148077	Dgig_XM_028541822.1	60.0	S	0.0
Ctel_gnl_WGS_AMQN_CAPTEDRAFT_mRNA148077	Mertsp_Mesp_sb586646	60.0	S	0.0
Ctel_gnl_WGS_AMQN_CAPTEDRAFT_mRNA148077	Salurc_EP00051_Salpingoeca_urceolata_P031812	60.0	S	0.0
Ctel_gnl_WGS_AMQN_CAPTEDRAFT_mRNA148077	Choper_EP00045_Choanoeca_perplexa_P001581	60.0	S	0.0
Ctel_gnl_WGS_AMQN_CAPTEDRAFT_mRNA148077	Salkve_EP00050_Salpingoeca_kvevrii_P010472	60.0	S	0.0
Ctel_gnl_WGS_AMQN_CAPTEDRAFT_mRNA148077	Eupdun_Edun_sb10633259	60.0	S	0.0
Ctel_gnl_WGS_AMQN_CAPTEDRAFT_mRNA148077	Xesp_016009-T1	60.0	S	0.0
Ctel_gnl_WGS_AMQN_CAPTEDRAFT_mRNA148077	Helnan_EP00037_Helgoeca_nana_P015185	60.0	S	0.0
Hsap_ENST00000409347	Codhol_EP00042_Codosiga_hollandica_P021798	60.0	S	0.0
Hsap_ENST00000409347	Pbac_sb2658559	60.0	S	0.0
Hsap_ENST00000409347	Drygla_Dgla_sb282048	60.0	S	0.0
Hsap_ENST00000409347	Salinf_EP00049_Salpingoeca_infusionum_P000938	60.0	S	0.0
Hsap_ENST00000409347	Acaspe_EP00035_Acanthoeca_spectabilis_P022790	60.0	S	0.0
Hsap_ENST00000409347	Pbac_sb2648503	60.0	S	0.0
Hsap_ENST00000409347	Codhol_EP00042_Codosiga_hollandica_P021796	60.0	S	0.0
Hsap_ENST00000409347	Bolinf_Binf_sb1233277	60.0	S	0.0
Hsap_ENST00000409347	Plespi_Pspi_scaffold15648_01	60.0	S	0.0
Hsap_ENST00000409347	Didcos_EP00039_Didymoeca_costata_P007325	60.0	S	0.0
Hsap_ENST00000409347	Mlei_ML0823.g8.i1	60.0	S	0.0
Hsap_ENST00000409347	Salmac_EP00052_Salpingoeca_macrocollata_P020403	60.0	S	0.0
Hsap_ENST00000409347	Mylflu_EP00047_Mylnosiga_fluctuans_P017086	60.0	S	0.0
Hsap_ENST00000409347	Mertsp_Mesp_sb586645	60.0	S	0.0
Hsap_ENST00000409347	Coemet_Cmet_scaffold13957_01	60.0	S	0.0
Hsap_ENST00000409347	Microa_EP00043_Microstomoeca_roanoka_P000973	60.0	S	0.0
Hsap_ENST00000409347	Bolinf_Binf_sb1218927	60.0	S	0.0
Hsap_ENST00000409347	Horcal_Hcv1.av93.c2.g1198.i1	60.0	S	0.0
Hsap_ENST00000409347	Drygla_Dgla_sb282047	60.0	S	0.0
Hsap_ENST00000409347	Chofle_EP00730_Choanoeca_flexa_P014618	60.0	S	0.0
Hsap_ENST00000409347	Mbre_EDQ91693	60.0	S	0.0
Hsap_ENST00000409347	Bolinf_Binf_sb1233276	60.0	S	0.0
Hsap_ENST00000409347	Diagra_EP00040_Diaphanoeca_grandis_P020099	60.0	S	0.0
Hsap_ENST00000409347	Stedip_EP00041_Stephanoeca_diplocostata_P003953	60.0	S	0.0
Hsap_ENST00000409347	Sros_EGD73119	60.0	S	0.0
Hsap_ENST00000409347	Saldol_EP00054_Salpingoeca_dolichothecata_P036703	60.0	S	0.0
Hsap_ENST00000409347	Eupdun_Edun_sb10633258	60.0	S	0.0
Hsap_ENST00000409347	Lampan_Lpan_C406885_01	60.0	S	0.0
Hsap_ENST00000409347	Codhol_EP00042_Codosiga_hollandica_P021794	60.0	S	0.0
Hsap_ENST00000409347	Salpun_EP00053_Salpingoeca_punica_P003696	60.0	S	0.0
Hsap_ENST00000409347	Dgig_XM_028541822.1	60.0	S	0.0
Hsap_ENST00000409347	Mertsp_Mesp_sb586646	60.0	S	0.0
Hsap_ENST00000409347	Salurc_EP00051_Salpingoeca_urceolata_P031812	60.0	S	0.0
Hsap_ENST00000409347	Choper_EP00045_Choanoeca_perplexa_P001581	60.0	S	0.0
Hsap_ENST00000409347	Salkve_EP00050_Salpingoeca_kvevrii_P010472	60.0	S	0.0
Hsap_ENST00000409347	Eupdun_Edun_sb10633259	60.0	S	0.0
Hsap_ENST00000409347	Xesp_016009-T1	60.0	S	0.0
Hsap_ENST00000409347	Helnan_EP00037_Helgoeca_nana_P015185	60.0	S	0.0
Cgig_XM_011428661.3	Codhol_EP00042_Codosiga_hollandica_P021798	60.0	S	0.0
Cgig_XM_011428661.3	Pbac_sb2658559	60.0	S	0.0
Cgig_XM_011428661.3	Drygla_Dgla_sb282048	60.0	S	0.0
Cgig_XM_011428661.3	Salinf_EP00049_Salpingoeca_infusionum_P000938	60.0	S	0.0
Cgig_XM_011428661.3	Acaspe_EP00035_Acanthoeca_spectabilis_P022790	60.0	S	0.0
Cgig_XM_011428661.3	Pbac_sb2648503	60.0	S	0.0
Cgig_XM_011428661.3	Codhol_EP00042_Codosiga_hollandica_P021796	60.0	S	0.0
Cgig_XM_011428661.3	Bolinf_Binf_sb1233277	60.0	S	0.0
Cgig_XM_011428661.3	Plespi_Pspi_scaffold15648_01	60.0	S	0.0
Cgig_XM_011428661.3	Didcos_EP00039_Didymoeca_costata_P007325	60.0	S	0.0
Cgig_XM_011428661.3	Mlei_ML0823.g8.i1	60.0	S	0.0
Cgig_XM_011428661.3	Salmac_EP00052_Salpingoeca_macrocollata_P020403	60.0	S	0.0
Cgig_XM_011428661.3	Mylflu_EP00047_Mylnosiga_fluctuans_P017086	60.0	S	0.0
Cgig_XM_011428661.3	Mertsp_Mesp_sb586645	60.0	S	0.0
Cgig_XM_011428661.3	Coemet_Cmet_scaffold13957_01	60.0	S	0.0
Cgig_XM_011428661.3	Microa_EP00043_Microstomoeca_roanoka_P000973	60.0	S	0.0
Cgig_XM_011428661.3	Bolinf_Binf_sb1218927	60.0	S	0.0
Cgig_XM_011428661.3	Horcal_Hcv1.av93.c2.g1198.i1	60.0	S	0.0
Cgig_XM_011428661.3	Drygla_Dgla_sb282047	60.0	S	0.0
Cgig_XM_011428661.3	Chofle_EP00730_Choanoeca_flexa_P014618	60.0	S	0.0
Cgig_XM_011428661.3	Mbre_EDQ91693	60.0	S	0.0
Cgig_XM_011428661.3	Bolinf_Binf_sb1233276	60.0	S	0.0
Cgig_XM_011428661.3	Diagra_EP00040_Diaphanoeca_grandis_P020099	60.0	S	0.0
Cgig_XM_011428661.3	Stedip_EP00041_Stephanoeca_diplocostata_P003953	60.0	S	0.0
Cgig_XM_011428661.3	Sros_EGD73119	60.0	S	0.0
Cgig_XM_011428661.3	Saldol_EP00054_Salpingoeca_dolichothecata_P036703	60.0	S	0.0
Cgig_XM_011428661.3	Eupdun_Edun_sb10633258	60.0	S	0.0
Cgig_XM_011428661.3	Lampan_Lpan_C406885_01	60.0	S	0.0
Cgig_XM_011428661.3	Codhol_EP00042_Codosiga_hollandica_P021794	60.0	S	0.0
Cgig_XM_011428661.3	Salpun_EP00053_Salpingoeca_punica_P003696	60.0	S	0.0
Cgig_XM_011428661.3	Dgig_XM_028541822.1	60.0	S	0.0
Cgig_XM_011428661.3	Mertsp_Mesp_sb586646	60.0	S	0.0
Cgig_XM_011428661.3	Salurc_EP00051_Salpingoeca_urceolata_P031812	60.0	S	0.0
Cgig_XM_011428661.3	Choper_EP00045_Choanoeca_perplexa_P001581	60.0	S	0.0
Cgig_XM_011428661.3	Salkve_EP00050_Salpingoeca_kvevrii_P010472	60.0	S	0.0
Cgig_XM_011428661.3	Eupdun_Edun_sb10633259	60.0	S	0.0
Cgig_XM_011428661.3	Xesp_016009-T1	60.0	S	0.0
Cgig_XM_011428661.3	Helnan_EP00037_Helgoeca_nana_P015185	60.0	S	0.0
Acagra_model.g13545.t1	Codhol_EP00042_Codosiga_hollandica_P021798	60.0	S	0.0
Acagra_model.g13545.t1	Pbac_sb2658559	60.0	S	0.0
Acagra_model.g13545.t1	Drygla_Dgla_sb282048	60.0	S	0.0
Acagra_model.g13545.t1	Salinf_EP00049_Salpingoeca_infusionum_P000938	60.0	S	0.0
Acagra_model.g13545.t1	Acaspe_EP00035_Acanthoeca_spectabilis_P022790	60.0	S	0.0
Acagra_model.g13545.t1	Pbac_sb2648503	60.0	S	0.0
Acagra_model.g13545.t1	Codhol_EP00042_Codosiga_hollandica_P021796	60.0	S	0.0
Acagra_model.g13545.t1	Bolinf_Binf_sb1233277	60.0	S	0.0
Acagra_model.g13545.t1	Plespi_Pspi_scaffold15648_01	60.0	S	0.0
Acagra_model.g13545.t1	Didcos_EP00039_Didymoeca_costata_P007325	60.0	S	0.0
Acagra_model.g13545.t1	Mlei_ML0823.g8.i1	60.0	S	0.0
Acagra_model.g13545.t1	Salmac_EP00052_Salpingoeca_macrocollata_P020403	60.0	S	0.0
Acagra_model.g13545.t1	Mylflu_EP00047_Mylnosiga_fluctuans_P017086	60.0	S	0.0
Acagra_model.g13545.t1	Mertsp_Mesp_sb586645	60.0	S	0.0
Acagra_model.g13545.t1	Coemet_Cmet_scaffold13957_01	60.0	S	0.0
Acagra_model.g13545.t1	Microa_EP00043_Microstomoeca_roanoka_P000973	60.0	S	0.0
Acagra_model.g13545.t1	Bolinf_Binf_sb1218927	60.0	S	0.0
Acagra_model.g13545.t1	Horcal_Hcv1.av93.c2.g1198.i1	60.0	S	0.0
Acagra_model.g13545.t1	Drygla_Dgla_sb282047	60.0	S	0.0
Acagra_model.g13545.t1	Chofle_EP00730_Choanoeca_flexa_P014618	60.0	S	0.0
Acagra_model.g13545.t1	Mbre_EDQ91693	60.0	S	0.0
Acagra_model.g13545.t1	Bolinf_Binf_sb1233276	60.0	S	0.0
Acagra_model.g13545.t1	Diagra_EP00040_Diaphanoeca_grandis_P020099	60.0	S	0.0
Acagra_model.g13545.t1	Stedip_EP00041_Stephanoeca_diplocostata_P003953	60.0	S	0.0
Acagra_model.g13545.t1	Sros_EGD73119	60.0	S	0.0
Acagra_model.g13545.t1	Saldol_EP00054_Salpingoeca_dolichothecata_P036703	60.0	S	0.0
Acagra_model.g13545.t1	Eupdun_Edun_sb10633258	60.0	S	0.0
Acagra_model.g13545.t1	Lampan_Lpan_C406885_01	60.0	S	0.0
Acagra_model.g13545.t1	Codhol_EP00042_Codosiga_hollandica_P021794	60.0	S	0.0
Acagra_model.g13545.t1	Salpun_EP00053_Salpingoeca_punica_P003696	60.0	S	0.0
Acagra_model.g13545.t1	Dgig_XM_028541822.1	60.0	S	0.0
Acagra_model.g13545.t1	Mertsp_Mesp_sb586646	60.0	S	0.0
Acagra_model.g13545.t1	Salurc_EP00051_Salpingoeca_urceolata_P031812	60.0	S	0.0
Acagra_model.g13545.t1	Choper_EP00045_Choanoeca_perplexa_P001581	60.0	S	0.0
Acagra_model.g13545.t1	Salkve_EP00050_Salpingoeca_kvevrii_P010472	60.0	S	0.0
Acagra_model.g13545.t1	Eupdun_Edun_sb10633259	60.0	S	0.0
Acagra_model.g13545.t1	Xesp_016009-T1	60.0	S	0.0
Acagra_model.g13545.t1	Helnan_EP00037_Helgoeca_nana_P015185	60.0	S	0.0
Cscu_XM_023358199.1	Codhol_EP00042_Codosiga_hollandica_P021798	60.0	S	0.0
Cscu_XM_023358199.1	Pbac_sb2658559	60.0	S	0.0
Cscu_XM_023358199.1	Drygla_Dgla_sb282048	60.0	S	0.0
Cscu_XM_023358199.1	Salinf_EP00049_Salpingoeca_infusionum_P000938	60.0	S	0.0
Cscu_XM_023358199.1	Acaspe_EP00035_Acanthoeca_spectabilis_P022790	60.0	S	0.0
Cscu_XM_023358199.1	Pbac_sb2648503	60.0	S	0.0
Cscu_XM_023358199.1	Codhol_EP00042_Codosiga_hollandica_P021796	60.0	S	0.0
Cscu_XM_023358199.1	Bolinf_Binf_sb1233277	60.0	S	0.0
Cscu_XM_023358199.1	Plespi_Pspi_scaffold15648_01	60.0	S	0.0
Cscu_XM_023358199.1	Didcos_EP00039_Didymoeca_costata_P007325	60.0	S	0.0
Cscu_XM_023358199.1	Mlei_ML0823.g8.i1	60.0	S	0.0
Cscu_XM_023358199.1	Salmac_EP00052_Salpingoeca_macrocollata_P020403	60.0	S	0.0
Cscu_XM_023358199.1	Mylflu_EP00047_Mylnosiga_fluctuans_P017086	60.0	S	0.0
Cscu_XM_023358199.1	Mertsp_Mesp_sb586645	60.0	S	0.0
Cscu_XM_023358199.1	Coemet_Cmet_scaffold13957_01	60.0	S	0.0
Cscu_XM_023358199.1	Microa_EP00043_Microstomoeca_roanoka_P000973	60.0	S	0.0
Cscu_XM_023358199.1	Bolinf_Binf_sb1218927	60.0	S	0.0
Cscu_XM_023358199.1	Horcal_Hcv1.av93.c2.g1198.i1	60.0	S	0.0
Cscu_XM_023358199.1	Drygla_Dgla_sb282047	60.0	S	0.0
Cscu_XM_023358199.1	Chofle_EP00730_Choanoeca_flexa_P014618	60.0	S	0.0
Cscu_XM_023358199.1	Mbre_EDQ91693	60.0	S	0.0
Cscu_XM_023358199.1	Bolinf_Binf_sb1233276	60.0	S	0.0
Cscu_XM_023358199.1	Diagra_EP00040_Diaphanoeca_grandis_P020099	60.0	S	0.0
Cscu_XM_023358199.1	Stedip_EP00041_Stephanoeca_diplocostata_P003953	60.0	S	0.0
Cscu_XM_023358199.1	Sros_EGD73119	60.0	S	0.0
Cscu_XM_023358199.1	Saldol_EP00054_Salpingoeca_dolichothecata_P036703	60.0	S	0.0
Cscu_XM_023358199.1	Eupdun_Edun_sb10633258	60.0	S	0.0
Cscu_XM_023358199.1	Lampan_Lpan_C406885_01	60.0	S	0.0
Cscu_XM_023358199.1	Codhol_EP00042_Codosiga_hollandica_P021794	60.0	S	0.0
Cscu_XM_023358199.1	Salpun_EP00053_Salpingoeca_punica_P003696	60.0	S	0.0
Cscu_XM_023358199.1	Dgig_XM_028541822.1	60.0	S	0.0
Cscu_XM_023358199.1	Mertsp_Mesp_sb586646	60.0	S	0.0
Cscu_XM_023358199.1	Salurc_EP00051_Salpingoeca_urceolata_P031812	60.0	S	0.0
Cscu_XM_023358199.1	Choper_EP00045_Choanoeca_perplexa_P001581	60.0	S	0.0
Cscu_XM_023358199.1	Salkve_EP00050_Salpingoeca_kvevrii_P010472	60.0	S	0.0
Cscu_XM_023358199.1	Eupdun_Edun_sb10633259	60.0	S	0.0
Cscu_XM_023358199.1	Xesp_016009-T1	60.0	S	0.0
Cscu_XM_023358199.1	Helnan_EP00037_Helgoeca_nana_P015185	60.0	S	0.0
Cscu_XM_023387139.1	Codhol_EP00042_Codosiga_hollandica_P021798	60.0	S	0.0
Cscu_XM_023387139.1	Pbac_sb2658559	60.0	S	0.0
Cscu_XM_023387139.1	Drygla_Dgla_sb282048	60.0	S	0.0
Cscu_XM_023387139.1	Salinf_EP00049_Salpingoeca_infusionum_P000938	60.0	S	0.0
Cscu_XM_023387139.1	Acaspe_EP00035_Acanthoeca_spectabilis_P022790	60.0	S	0.0
Cscu_XM_023387139.1	Pbac_sb2648503	60.0	S	0.0
Cscu_XM_023387139.1	Codhol_EP00042_Codosiga_hollandica_P021796	60.0	S	0.0
Cscu_XM_023387139.1	Bolinf_Binf_sb1233277	60.0	S	0.0
Cscu_XM_023387139.1	Plespi_Pspi_scaffold15648_01	60.0	S	0.0
Cscu_XM_023387139.1	Didcos_EP00039_Didymoeca_costata_P007325	60.0	S	0.0
Cscu_XM_023387139.1	Mlei_ML0823.g8.i1	60.0	S	0.0
Cscu_XM_023387139.1	Salmac_EP00052_Salpingoeca_macrocollata_P020403	60.0	S	0.0
Cscu_XM_023387139.1	Mylflu_EP00047_Mylnosiga_fluctuans_P017086	60.0	S	0.0
Cscu_XM_023387139.1	Mertsp_Mesp_sb586645	60.0	S	0.0
Cscu_XM_023387139.1	Coemet_Cmet_scaffold13957_01	60.0	S	0.0
Cscu_XM_023387139.1	Microa_EP00043_Microstomoeca_roanoka_P000973	60.0	S	0.0
Cscu_XM_023387139.1	Bolinf_Binf_sb1218927	60.0	S	0.0
Cscu_XM_023387139.1	Horcal_Hcv1.av93.c2.g1198.i1	60.0	S	0.0
Cscu_XM_023387139.1	Drygla_Dgla_sb282047	60.0	S	0.0
Cscu_XM_023387139.1	Chofle_EP00730_Choanoeca_flexa_P014618	60.0	S	0.0
Cscu_XM_023387139.1	Mbre_EDQ91693	60.0	S	0.0
Cscu_XM_023387139.1	Bolinf_Binf_sb1233276	60.0	S	0.0
Cscu_XM_023387139.1	Diagra_EP00040_Diaphanoeca_grandis_P020099	60.0	S	0.0
Cscu_XM_023387139.1	Stedip_EP00041_Stephanoeca_diplocostata_P003953	60.0	S	0.0
Cscu_XM_023387139.1	Sros_EGD73119	60.0	S	0.0
Cscu_XM_023387139.1	Saldol_EP00054_Salpingoeca_dolichothecata_P036703	60.0	S	0.0
Cscu_XM_023387139.1	Eupdun_Edun_sb10633258	60.0	S	0.0
Cscu_XM_023387139.1	Lampan_Lpan_C406885_01	60.0	S	0.0
Cscu_XM_023387139.1	Codhol_EP00042_Codosiga_hollandica_P021794	60.0	S	0.0
Cscu_XM_023387139.1	Salpun_EP00053_Salpingoeca_punica_P003696	60.0	S	0.0
Cscu_XM_023387139.1	Dgig_XM_028541822.1	60.0	S	0.0
Cscu_XM_023387139.1	Mertsp_Mesp_sb586646	60.0	S	0.0
Cscu_XM_023387139.1	Salurc_EP00051_Salpingoeca_urceolata_P031812	60.0	S	0.0
Cscu_XM_023387139.1	Choper_EP00045_Choanoeca_perplexa_P001581	60.0	S	0.0
Cscu_XM_023387139.1	Salkve_EP00050_Salpingoeca_kvevrii_P010472	60.0	S	0.0
Cscu_XM_023387139.1	Eupdun_Edun_sb10633259	60.0	S	0.0
Cscu_XM_023387139.1	Xesp_016009-T1	60.0	S	0.0
Cscu_XM_023387139.1	Helnan_EP00037_Helgoeca_nana_P015185	60.0	S	0.0
Bralan_BLAG06000878_2	Codhol_EP00042_Codosiga_hollandica_P021798	60.0	S	0.0
Bralan_BLAG06000878_2	Pbac_sb2658559	60.0	S	0.0
Bralan_BLAG06000878_2	Drygla_Dgla_sb282048	60.0	S	0.0
Bralan_BLAG06000878_2	Salinf_EP00049_Salpingoeca_infusionum_P000938	60.0	S	0.0
Bralan_BLAG06000878_2	Acaspe_EP00035_Acanthoeca_spectabilis_P022790	60.0	S	0.0
Bralan_BLAG06000878_2	Pbac_sb2648503	60.0	S	0.0
Bralan_BLAG06000878_2	Codhol_EP00042_Codosiga_hollandica_P021796	60.0	S	0.0
Bralan_BLAG06000878_2	Bolinf_Binf_sb1233277	60.0	S	0.0
Bralan_BLAG06000878_2	Plespi_Pspi_scaffold15648_01	60.0	S	0.0
Bralan_BLAG06000878_2	Didcos_EP00039_Didymoeca_costata_P007325	60.0	S	0.0
Bralan_BLAG06000878_2	Mlei_ML0823.g8.i1	60.0	S	0.0
Bralan_BLAG06000878_2	Salmac_EP00052_Salpingoeca_macrocollata_P020403	60.0	S	0.0
Bralan_BLAG06000878_2	Mylflu_EP00047_Mylnosiga_fluctuans_P017086	60.0	S	0.0
Bralan_BLAG06000878_2	Mertsp_Mesp_sb586645	60.0	S	0.0
Bralan_BLAG06000878_2	Coemet_Cmet_scaffold13957_01	60.0	S	0.0
Bralan_BLAG06000878_2	Microa_EP00043_Microstomoeca_roanoka_P000973	60.0	S	0.0
Bralan_BLAG06000878_2	Bolinf_Binf_sb1218927	60.0	S	0.0
Bralan_BLAG06000878_2	Horcal_Hcv1.av93.c2.g1198.i1	60.0	S	0.0
Bralan_BLAG06000878_2	Drygla_Dgla_sb282047	60.0	S	0.0
Bralan_BLAG06000878_2	Chofle_EP00730_Choanoeca_flexa_P014618	60.0	S	0.0
Bralan_BLAG06000878_2	Mbre_EDQ91693	60.0	S	0.0
Bralan_BLAG06000878_2	Bolinf_Binf_sb1233276	60.0	S	0.0
Bralan_BLAG06000878_2	Diagra_EP00040_Diaphanoeca_grandis_P020099	60.0	S	0.0
Bralan_BLAG06000878_2	Stedip_EP00041_Stephanoeca_diplocostata_P003953	60.0	S	0.0
Bralan_BLAG06000878_2	Sros_EGD73119	60.0	S	0.0
Bralan_BLAG06000878_2	Saldol_EP00054_Salpingoeca_dolichothecata_P036703	60.0	S	0.0
Bralan_BLAG06000878_2	Eupdun_Edun_sb10633258	60.0	S	0.0
Bralan_BLAG06000878_2	Lampan_Lpan_C406885_01	60.0	S	0.0
Bralan_BLAG06000878_2	Codhol_EP00042_Codosiga_hollandica_P021794	60.0	S	0.0
Bralan_BLAG06000878_2	Salpun_EP00053_Salpingoeca_punica_P003696	60.0	S	0.0
Bralan_BLAG06000878_2	Dgig_XM_028541822.1	60.0	S	0.0
Bralan_BLAG06000878_2	Mertsp_Mesp_sb586646	60.0	S	0.0
Bralan_BLAG06000878_2	Salurc_EP00051_Salpingoeca_urceolata_P031812	60.0	S	0.0
Bralan_BLAG06000878_2	Choper_EP00045_Choanoeca_perplexa_P001581	60.0	S	0.0
Bralan_BLAG06000878_2	Salkve_EP00050_Salpingoeca_kvevrii_P010472	60.0	S	0.0
Bralan_BLAG06000878_2	Eupdun_Edun_sb10633259	60.0	S	0.0
Bralan_BLAG06000878_2	Xesp_016009-T1	60.0	S	0.0
Bralan_BLAG06000878_2	Helnan_EP00037_Helgoeca_nana_P015185	60.0	S	0.0
HoiH23_PlH23_000191-RA	HoiH06_mRNA14191	95.0	S	0.0
Hhon_g04319.t1	HoiH04_mRNA10879	97.0	S	0.0
Morvir_scaffold308.g8.t1	Chem_TCONS_00001155	100.0	S	0.0
Morvir_scaffold308.g8.t1	Rhoesc_Res_000489-T1	100.0	S	0.0
Morvir_scaffold308.g8.t1	Nemnom_g2507.t1	100.0	S	0.0
Morvir_scaffold308.g8.t1	Aaur_scaffold394.g16.t1	100.0	S	0.0
Morvir_scaffold308.g8.t1	Sanmal_Sma_010795-T1	100.0	S	0.0
Morvir_scaffold308.g8.t1	Hvul_g22248_1	100.0	S	0.0
Morvir_scaffold308.g8.t1	Nemnom_g15092.t1	100.0	S	0.0
Ocar_g10025	Scil_scict022109.1	97.0	S	0.0
Ocar_g10025	Lcom_lcpid90325	97.0	S	0.0
Ocar_g10025	Lcom_lcpid106448	97.0	S	0.0
Ocar_g10025	Clacor_Ccor_scaffold8255_01	97.0	S	0.0
Ocar_g10025	Leuniv_Lniv_scaffold19177_01	97.0	S	0.0
Ocar_g10025	Lcom_lcpid96903	97.0	S	0.0
Opea_EP00118_Oscarella_pearsei_P002113	Scil_scict022109.1	97.0	S	0.0
Opea_EP00118_Oscarella_pearsei_P002113	Lcom_lcpid90325	97.0	S	0.0
Opea_EP00118_Oscarella_pearsei_P002113	Lcom_lcpid106448	97.0	S	0.0
Opea_EP00118_Oscarella_pearsei_P002113	Clacor_Ccor_scaffold8255_01	97.0	S	0.0
Opea_EP00118_Oscarella_pearsei_P002113	Leuniv_Lniv_scaffold19177_01	97.0	S	0.0
Opea_EP00118_Oscarella_pearsei_P002113	Lcom_lcpid96903	97.0	S	0.0
Cscu_XM_023358199.1	Skow_XM_006819199.1	98.0	S	0.0
Cscu_XM_023358199.1	Spur_XM_030981064.1	98.0	S	0.0
Cscu_XM_023358199.1	Ctel_gnl_WGS_AMQN_CAPTEDRAFT_mRNA148077	98.0	S	0.0
Cscu_XM_023358199.1	Cgig_XM_011428661.3	98.0	S	0.0
Cscu_XM_023358199.1	Acagra_model.g13545.t1	98.0	S	0.0
Cscu_XM_023358199.1	Bralan_BLAG06000878_2	98.0	S	0.0
Cscu_XM_023358199.1	Hsap_ENST00000409347	98.0	S	0.0
Dpul_mRNA23949	Skow_XM_006819199.1	98.0	S	0.0
Dpul_mRNA23949	Spur_XM_030981064.1	98.0	S	0.0
Dpul_mRNA23949	Ctel_gnl_WGS_AMQN_CAPTEDRAFT_mRNA148077	98.0	S	0.0
Dpul_mRNA23949	Cgig_XM_011428661.3	98.0	S	0.0
Dpul_mRNA23949	Acagra_model.g13545.t1	98.0	S	0.0
Dpul_mRNA23949	Bralan_BLAG06000878_2	98.0	S	0.0
Dpul_mRNA23949	Hsap_ENST00000409347	98.0	S	0.0
Cscu_XM_023387139.1	Skow_XM_006819199.1	98.0	S	0.0
Cscu_XM_023387139.1	Spur_XM_030981064.1	98.0	S	0.0
Cscu_XM_023387139.1	Ctel_gnl_WGS_AMQN_CAPTEDRAFT_mRNA148077	98.0	S	0.0
Cscu_XM_023387139.1	Cgig_XM_011428661.3	98.0	S	0.0
Cscu_XM_023387139.1	Acagra_model.g13545.t1	98.0	S	0.0
Cscu_XM_023387139.1	Bralan_BLAG06000878_2	98.0	S	0.0
Cscu_XM_023387139.1	Hsap_ENST00000409347	98.0	S	0.0
Tcas_TC001757_001	Skow_XM_006819199.1	98.0	S	0.0
Tcas_TC001757_001	Spur_XM_030981064.1	98.0	S	0.0
Tcas_TC001757_001	Ctel_gnl_WGS_AMQN_CAPTEDRAFT_mRNA148077	98.0	S	0.0
Tcas_TC001757_001	Cgig_XM_011428661.3	98.0	S	0.0
Tcas_TC001757_001	Acagra_model.g13545.t1	98.0	S	0.0
Tcas_TC001757_001	Bralan_BLAG06000878_2	98.0	S	0.0
Tcas_TC001757_001	Hsap_ENST00000409347	98.0	S	0.0
Dgig_XM_028541822.1	Codhol_EP00042_Codosiga_hollandica_P021798	64.0	S	0.0
Dgig_XM_028541822.1	Pbac_sb2658559	64.0	S	0.0
Dgig_XM_028541822.1	Drygla_Dgla_sb282048	64.0	S	0.0
Dgig_XM_028541822.1	Salinf_EP00049_Salpingoeca_infusionum_P000938	64.0	S	0.0
Dgig_XM_028541822.1	Acaspe_EP00035_Acanthoeca_spectabilis_P022790	64.0	S	0.0
Dgig_XM_028541822.1	Pbac_sb2648503	64.0	S	0.0
Dgig_XM_028541822.1	Codhol_EP00042_Codosiga_hollandica_P021796	64.0	S	0.0
Dgig_XM_028541822.1	Bolinf_Binf_sb1233277	64.0	S	0.0
Dgig_XM_028541822.1	Didcos_EP00039_Didymoeca_costata_P007325	64.0	S	0.0
Dgig_XM_028541822.1	Mlei_ML0823.g8.i1	64.0	S	0.0
Dgig_XM_028541822.1	Salmac_EP00052_Salpingoeca_macrocollata_P020403	64.0	S	0.0
Dgig_XM_028541822.1	Mylflu_EP00047_Mylnosiga_fluctuans_P017086	64.0	S	0.0
Dgig_XM_028541822.1	Mertsp_Mesp_sb586645	64.0	S	0.0
Dgig_XM_028541822.1	Coemet_Cmet_scaffold13957_01	64.0	S	0.0
Dgig_XM_028541822.1	Microa_EP00043_Microstomoeca_roanoka_P000973	64.0	S	0.0
Dgig_XM_028541822.1	Bolinf_Binf_sb1218927	64.0	S	0.0
Dgig_XM_028541822.1	Horcal_Hcv1.av93.c2.g1198.i1	64.0	S	0.0
Dgig_XM_028541822.1	Drygla_Dgla_sb282047	64.0	S	0.0
Dgig_XM_028541822.1	Chofle_EP00730_Choanoeca_flexa_P014618	64.0	S	0.0
Dgig_XM_028541822.1	Mbre_EDQ91693	64.0	S	0.0
Dgig_XM_028541822.1	Bolinf_Binf_sb1233276	64.0	S	0.0
Dgig_XM_028541822.1	Diagra_EP00040_Diaphanoeca_grandis_P020099	64.0	S	0.0
Dgig_XM_028541822.1	Stedip_EP00041_Stephanoeca_diplocostata_P003953	64.0	S	0.0
Dgig_XM_028541822.1	Sros_EGD73119	64.0	S	0.0
Dgig_XM_028541822.1	Saldol_EP00054_Salpingoeca_dolichothecata_P036703	64.0	S	0.0
Dgig_XM_028541822.1	Eupdun_Edun_sb10633258	64.0	S	0.0
Dgig_XM_028541822.1	Lampan_Lpan_C406885_01	64.0	S	0.0
Dgig_XM_028541822.1	Codhol_EP00042_Codosiga_hollandica_P021794	64.0	S	0.0
Dgig_XM_028541822.1	Salpun_EP00053_Salpingoeca_punica_P003696	64.0	S	0.0
Dgig_XM_028541822.1	Mertsp_Mesp_sb586646	64.0	S	0.0
Dgig_XM_028541822.1	Salurc_EP00051_Salpingoeca_urceolata_P031812	64.0	S	0.0
Dgig_XM_028541822.1	Choper_EP00045_Choanoeca_perplexa_P001581	64.0	S	0.0
Dgig_XM_028541822.1	Salkve_EP00050_Salpingoeca_kvevrii_P010472	64.0	S	0.0
Dgig_XM_028541822.1	Eupdun_Edun_sb10633259	64.0	S	0.0
Dgig_XM_028541822.1	Helnan_EP00037_Helgoeca_nana_P015185	64.0	S	0.0
Xesp_016009-T1	Codhol_EP00042_Codosiga_hollandica_P021798	64.0	S	0.0
Xesp_016009-T1	Pbac_sb2658559	64.0	S	0.0
Xesp_016009-T1	Drygla_Dgla_sb282048	64.0	S	0.0
Xesp_016009-T1	Salinf_EP00049_Salpingoeca_infusionum_P000938	64.0	S	0.0
Xesp_016009-T1	Acaspe_EP00035_Acanthoeca_spectabilis_P022790	64.0	S	0.0
Xesp_016009-T1	Pbac_sb2648503	64.0	S	0.0
Xesp_016009-T1	Codhol_EP00042_Codosiga_hollandica_P021796	64.0	S	0.0
Xesp_016009-T1	Bolinf_Binf_sb1233277	64.0	S	0.0
Xesp_016009-T1	Didcos_EP00039_Didymoeca_costata_P007325	64.0	S	0.0
Xesp_016009-T1	Mlei_ML0823.g8.i1	64.0	S	0.0
Xesp_016009-T1	Salmac_EP00052_Salpingoeca_macrocollata_P020403	64.0	S	0.0
Xesp_016009-T1	Mylflu_EP00047_Mylnosiga_fluctuans_P017086	64.0	S	0.0
Xesp_016009-T1	Mertsp_Mesp_sb586645	64.0	S	0.0
Xesp_016009-T1	Coemet_Cmet_scaffold13957_01	64.0	S	0.0
Xesp_016009-T1	Microa_EP00043_Microstomoeca_roanoka_P000973	64.0	S	0.0
Xesp_016009-T1	Bolinf_Binf_sb1218927	64.0	S	0.0
Xesp_016009-T1	Horcal_Hcv1.av93.c2.g1198.i1	64.0	S	0.0
Xesp_016009-T1	Drygla_Dgla_sb282047	64.0	S	0.0
Xesp_016009-T1	Chofle_EP00730_Choanoeca_flexa_P014618	64.0	S	0.0
Xesp_016009-T1	Mbre_EDQ91693	64.0	S	0.0
Xesp_016009-T1	Bolinf_Binf_sb1233276	64.0	S	0.0
Xesp_016009-T1	Diagra_EP00040_Diaphanoeca_grandis_P020099	64.0	S	0.0
Xesp_016009-T1	Stedip_EP00041_Stephanoeca_diplocostata_P003953	64.0	S	0.0
Xesp_016009-T1	Sros_EGD73119	64.0	S	0.0
Xesp_016009-T1	Saldol_EP00054_Salpingoeca_dolichothecata_P036703	64.0	S	0.0
Xesp_016009-T1	Eupdun_Edun_sb10633258	64.0	S	0.0
Xesp_016009-T1	Lampan_Lpan_C406885_01	64.0	S	0.0
Xesp_016009-T1	Codhol_EP00042_Codosiga_hollandica_P021794	64.0	S	0.0
Xesp_016009-T1	Salpun_EP00053_Salpingoeca_punica_P003696	64.0	S	0.0
Xesp_016009-T1	Mertsp_Mesp_sb586646	64.0	S	0.0
Xesp_016009-T1	Salurc_EP00051_Salpingoeca_urceolata_P031812	64.0	S	0.0
Xesp_016009-T1	Choper_EP00045_Choanoeca_perplexa_P001581	64.0	S	0.0
Xesp_016009-T1	Salkve_EP00050_Salpingoeca_kvevrii_P010472	64.0	S	0.0
Xesp_016009-T1	Eupdun_Edun_sb10633259	64.0	S	0.0
Xesp_016009-T1	Helnan_EP00037_Helgoeca_nana_P015185	64.0	S	0.0
Plespi_Pspi_scaffold15648_01	Codhol_EP00042_Codosiga_hollandica_P021798	64.0	S	0.0
Plespi_Pspi_scaffold15648_01	Pbac_sb2658559	64.0	S	0.0
Plespi_Pspi_scaffold15648_01	Drygla_Dgla_sb282048	64.0	S	0.0
Plespi_Pspi_scaffold15648_01	Salinf_EP00049_Salpingoeca_infusionum_P000938	64.0	S	0.0
Plespi_Pspi_scaffold15648_01	Acaspe_EP00035_Acanthoeca_spectabilis_P022790	64.0	S	0.0
Plespi_Pspi_scaffold15648_01	Pbac_sb2648503	64.0	S	0.0
Plespi_Pspi_scaffold15648_01	Codhol_EP00042_Codosiga_hollandica_P021796	64.0	S	0.0
Plespi_Pspi_scaffold15648_01	Bolinf_Binf_sb1233277	64.0	S	0.0
Plespi_Pspi_scaffold15648_01	Didcos_EP00039_Didymoeca_costata_P007325	64.0	S	0.0
Plespi_Pspi_scaffold15648_01	Mlei_ML0823.g8.i1	64.0	S	0.0
Plespi_Pspi_scaffold15648_01	Salmac_EP00052_Salpingoeca_macrocollata_P020403	64.0	S	0.0
Plespi_Pspi_scaffold15648_01	Mylflu_EP00047_Mylnosiga_fluctuans_P017086	64.0	S	0.0
Plespi_Pspi_scaffold15648_01	Mertsp_Mesp_sb586645	64.0	S	0.0
Plespi_Pspi_scaffold15648_01	Coemet_Cmet_scaffold13957_01	64.0	S	0.0
Plespi_Pspi_scaffold15648_01	Microa_EP00043_Microstomoeca_roanoka_P000973	64.0	S	0.0
Plespi_Pspi_scaffold15648_01	Bolinf_Binf_sb1218927	64.0	S	0.0
Plespi_Pspi_scaffold15648_01	Horcal_Hcv1.av93.c2.g1198.i1	64.0	S	0.0
Plespi_Pspi_scaffold15648_01	Drygla_Dgla_sb282047	64.0	S	0.0
Plespi_Pspi_scaffold15648_01	Chofle_EP00730_Choanoeca_flexa_P014618	64.0	S	0.0
Plespi_Pspi_scaffold15648_01	Mbre_EDQ91693	64.0	S	0.0
Plespi_Pspi_scaffold15648_01	Bolinf_Binf_sb1233276	64.0	S	0.0
Plespi_Pspi_scaffold15648_01	Diagra_EP00040_Diaphanoeca_grandis_P020099	64.0	S	0.0
Plespi_Pspi_scaffold15648_01	Stedip_EP00041_Stephanoeca_diplocostata_P003953	64.0	S	0.0
Plespi_Pspi_scaffold15648_01	Sros_EGD73119	64.0	S	0.0
Plespi_Pspi_scaffold15648_01	Saldol_EP00054_Salpingoeca_dolichothecata_P036703	64.0	S	0.0
Plespi_Pspi_scaffold15648_01	Eupdun_Edun_sb10633258	64.0	S	0.0
Plespi_Pspi_scaffold15648_01	Lampan_Lpan_C406885_01	64.0	S	0.0
Plespi_Pspi_scaffold15648_01	Codhol_EP00042_Codosiga_hollandica_P021794	64.0	S	0.0
Plespi_Pspi_scaffold15648_01	Salpun_EP00053_Salpingoeca_punica_P003696	64.0	S	0.0
Plespi_Pspi_scaffold15648_01	Mertsp_Mesp_sb586646	64.0	S	0.0
Plespi_Pspi_scaffold15648_01	Salurc_EP00051_Salpingoeca_urceolata_P031812	64.0	S	0.0
Plespi_Pspi_scaffold15648_01	Choper_EP00045_Choanoeca_perplexa_P001581	64.0	S	0.0
Plespi_Pspi_scaffold15648_01	Salkve_EP00050_Salpingoeca_kvevrii_P010472	64.0	S	0.0
Plespi_Pspi_scaffold15648_01	Eupdun_Edun_sb10633259	64.0	S	0.0
Plespi_Pspi_scaffold15648_01	Helnan_EP00037_Helgoeca_nana_P015185	64.0	S	0.0
Pocdam_XM_027185939.1	Gfas_gfas1.m1.18734.m1	44.0	S	0.0
Pocdam_XM_027185939.1	Fspp_ffun1.m4.13777.m1	44.0	S	0.0
Spis_XP_022800649_1	Gfas_gfas1.m1.18734.m1	44.0	S	0.0
Spis_XP_022800649_1	Fspp_ffun1.m4.13777.m1	44.0	S	0.0
Chem_TCONS_00001155	Aaur_scaffold394.g16.t1	93.0	S	0.0
Chem_TCONS_00001155	Rhoesc_Res_000489-T1	93.0	S	0.0
Chem_TCONS_00001155	Nemnom_g2507.t1	93.0	S	0.0
Chem_TCONS_00001155	Sanmal_Sma_010795-T1	93.0	S	0.0
Chem_TCONS_00001155	Nemnom_g15092.t1	93.0	S	0.0
Hvul_g22248_1	Aaur_scaffold394.g16.t1	93.0	S	0.0
Hvul_g22248_1	Rhoesc_Res_000489-T1	93.0	S	0.0
Hvul_g22248_1	Nemnom_g2507.t1	93.0	S	0.0
Hvul_g22248_1	Sanmal_Sma_010795-T1	93.0	S	0.0
Hvul_g22248_1	Nemnom_g15092.t1	93.0	S	0.0
Opea_EP00118_Oscarella_pearsei_P002113	Ocar_g10025	100.0	S	0.0
Clacor_Ccor_scaffold8255_01	Scil_scict022109.1	100.0	S	0.0
Clacor_Ccor_scaffold8255_01	Lcom_lcpid90325	100.0	S	0.0
Clacor_Ccor_scaffold8255_01	Lcom_lcpid106448	100.0	S	0.0
Clacor_Ccor_scaffold8255_01	Leuniv_Lniv_scaffold19177_01	100.0	S	0.0
Clacor_Ccor_scaffold8255_01	Lcom_lcpid96903	100.0	S	0.0
Cscu_XM_023358199.1	Dpul_mRNA23949	96.0	S	0.0
Cscu_XM_023358199.1	Tcas_TC001757_001	96.0	S	0.0
Cscu_XM_023387139.1	Dpul_mRNA23949	96.0	S	0.0
Cscu_XM_023387139.1	Tcas_TC001757_001	96.0	S	0.0
Bralan_BLAG06000878_2	Skow_XM_006819199.1	55.0	S	0.0
Bralan_BLAG06000878_2	Spur_XM_030981064.1	55.0	S	0.0
Bralan_BLAG06000878_2	Ctel_gnl_WGS_AMQN_CAPTEDRAFT_mRNA148077	55.0	S	0.0
Bralan_BLAG06000878_2	Cgig_XM_011428661.3	55.0	S	0.0
Bralan_BLAG06000878_2	Acagra_model.g13545.t1	55.0	S	0.0
Hsap_ENST00000409347	Skow_XM_006819199.1	55.0	S	0.0
Hsap_ENST00000409347	Spur_XM_030981064.1	55.0	S	0.0
Hsap_ENST00000409347	Ctel_gnl_WGS_AMQN_CAPTEDRAFT_mRNA148077	55.0	S	0.0
Hsap_ENST00000409347	Cgig_XM_011428661.3	55.0	S	0.0
Hsap_ENST00000409347	Acagra_model.g13545.t1	55.0	S	0.0
Plespi_Pspi_scaffold15648_01	Dgig_XM_028541822.1	46.0	S	0.0
Plespi_Pspi_scaffold15648_01	Xesp_016009-T1	46.0	S	0.0
Coemet_Cmet_scaffold13957_01	Codhol_EP00042_Codosiga_hollandica_P021798	69.0	S	0.0
Coemet_Cmet_scaffold13957_01	Salinf_EP00049_Salpingoeca_infusionum_P000938	69.0	S	0.0
Coemet_Cmet_scaffold13957_01	Acaspe_EP00035_Acanthoeca_spectabilis_P022790	69.0	S	0.0
Coemet_Cmet_scaffold13957_01	Codhol_EP00042_Codosiga_hollandica_P021796	69.0	S	0.0
Coemet_Cmet_scaffold13957_01	Didcos_EP00039_Didymoeca_costata_P007325	69.0	S	0.0
Coemet_Cmet_scaffold13957_01	Salmac_EP00052_Salpingoeca_macrocollata_P020403	69.0	S	0.0
Coemet_Cmet_scaffold13957_01	Mylflu_EP00047_Mylnosiga_fluctuans_P017086	69.0	S	0.0
Coemet_Cmet_scaffold13957_01	Microa_EP00043_Microstomoeca_roanoka_P000973	69.0	S	0.0
Coemet_Cmet_scaffold13957_01	Chofle_EP00730_Choanoeca_flexa_P014618	69.0	S	0.0
Coemet_Cmet_scaffold13957_01	Mbre_EDQ91693	69.0	S	0.0
Coemet_Cmet_scaffold13957_01	Diagra_EP00040_Diaphanoeca_grandis_P020099	69.0	S	0.0
Coemet_Cmet_scaffold13957_01	Stedip_EP00041_Stephanoeca_diplocostata_P003953	69.0	S	0.0
Coemet_Cmet_scaffold13957_01	Sros_EGD73119	69.0	S	0.0
Coemet_Cmet_scaffold13957_01	Saldol_EP00054_Salpingoeca_dolichothecata_P036703	69.0	S	0.0
Coemet_Cmet_scaffold13957_01	Codhol_EP00042_Codosiga_hollandica_P021794	69.0	S	0.0
Coemet_Cmet_scaffold13957_01	Salpun_EP00053_Salpingoeca_punica_P003696	69.0	S	0.0
Coemet_Cmet_scaffold13957_01	Salurc_EP00051_Salpingoeca_urceolata_P031812	69.0	S	0.0
Coemet_Cmet_scaffold13957_01	Choper_EP00045_Choanoeca_perplexa_P001581	69.0	S	0.0
Coemet_Cmet_scaffold13957_01	Salkve_EP00050_Salpingoeca_kvevrii_P010472	69.0	S	0.0
Coemet_Cmet_scaffold13957_01	Helnan_EP00037_Helgoeca_nana_P015185	69.0	S	0.0
Bolinf_Binf_sb1218927	Codhol_EP00042_Codosiga_hollandica_P021798	69.0	S	0.0
Bolinf_Binf_sb1218927	Salinf_EP00049_Salpingoeca_infusionum_P000938	69.0	S	0.0
Bolinf_Binf_sb1218927	Acaspe_EP00035_Acanthoeca_spectabilis_P022790	69.0	S	0.0
Bolinf_Binf_sb1218927	Codhol_EP00042_Codosiga_hollandica_P021796	69.0	S	0.0
Bolinf_Binf_sb1218927	Didcos_EP00039_Didymoeca_costata_P007325	69.0	S	0.0
Bolinf_Binf_sb1218927	Salmac_EP00052_Salpingoeca_macrocollata_P020403	69.0	S	0.0
Bolinf_Binf_sb1218927	Mylflu_EP00047_Mylnosiga_fluctuans_P017086	69.0	S	0.0
Bolinf_Binf_sb1218927	Microa_EP00043_Microstomoeca_roanoka_P000973	69.0	S	0.0
Bolinf_Binf_sb1218927	Chofle_EP00730_Choanoeca_flexa_P014618	69.0	S	0.0
Bolinf_Binf_sb1218927	Mbre_EDQ91693	69.0	S	0.0
Bolinf_Binf_sb1218927	Diagra_EP00040_Diaphanoeca_grandis_P020099	69.0	S	0.0
Bolinf_Binf_sb1218927	Stedip_EP00041_Stephanoeca_diplocostata_P003953	69.0	S	0.0
Bolinf_Binf_sb1218927	Sros_EGD73119	69.0	S	0.0
Bolinf_Binf_sb1218927	Saldol_EP00054_Salpingoeca_dolichothecata_P036703	69.0	S	0.0
Bolinf_Binf_sb1218927	Codhol_EP00042_Codosiga_hollandica_P021794	69.0	S	0.0
Bolinf_Binf_sb1218927	Salpun_EP00053_Salpingoeca_punica_P003696	69.0	S	0.0
Bolinf_Binf_sb1218927	Salurc_EP00051_Salpingoeca_urceolata_P031812	69.0	S	0.0
Bolinf_Binf_sb1218927	Choper_EP00045_Choanoeca_perplexa_P001581	69.0	S	0.0
Bolinf_Binf_sb1218927	Salkve_EP00050_Salpingoeca_kvevrii_P010472	69.0	S	0.0
Bolinf_Binf_sb1218927	Helnan_EP00037_Helgoeca_nana_P015185	69.0	S	0.0
Horcal_Hcv1.av93.c2.g1198.i1	Codhol_EP00042_Codosiga_hollandica_P021798	69.0	S	0.0
Horcal_Hcv1.av93.c2.g1198.i1	Salinf_EP00049_Salpingoeca_infusionum_P000938	69.0	S	0.0
Horcal_Hcv1.av93.c2.g1198.i1	Acaspe_EP00035_Acanthoeca_spectabilis_P022790	69.0	S	0.0
Horcal_Hcv1.av93.c2.g1198.i1	Codhol_EP00042_Codosiga_hollandica_P021796	69.0	S	0.0
Horcal_Hcv1.av93.c2.g1198.i1	Didcos_EP00039_Didymoeca_costata_P007325	69.0	S	0.0
Horcal_Hcv1.av93.c2.g1198.i1	Salmac_EP00052_Salpingoeca_macrocollata_P020403	69.0	S	0.0
Horcal_Hcv1.av93.c2.g1198.i1	Mylflu_EP00047_Mylnosiga_fluctuans_P017086	69.0	S	0.0
Horcal_Hcv1.av93.c2.g1198.i1	Microa_EP00043_Microstomoeca_roanoka_P000973	69.0	S	0.0
Horcal_Hcv1.av93.c2.g1198.i1	Chofle_EP00730_Choanoeca_flexa_P014618	69.0	S	0.0
Horcal_Hcv1.av93.c2.g1198.i1	Mbre_EDQ91693	69.0	S	0.0
Horcal_Hcv1.av93.c2.g1198.i1	Diagra_EP00040_Diaphanoeca_grandis_P020099	69.0	S	0.0
Horcal_Hcv1.av93.c2.g1198.i1	Stedip_EP00041_Stephanoeca_diplocostata_P003953	69.0	S	0.0
Horcal_Hcv1.av93.c2.g1198.i1	Sros_EGD73119	69.0	S	0.0
Horcal_Hcv1.av93.c2.g1198.i1	Saldol_EP00054_Salpingoeca_dolichothecata_P036703	69.0	S	0.0
Horcal_Hcv1.av93.c2.g1198.i1	Codhol_EP00042_Codosiga_hollandica_P021794	69.0	S	0.0
Horcal_Hcv1.av93.c2.g1198.i1	Salpun_EP00053_Salpingoeca_punica_P003696	69.0	S	0.0
Horcal_Hcv1.av93.c2.g1198.i1	Salurc_EP00051_Salpingoeca_urceolata_P031812	69.0	S	0.0
Horcal_Hcv1.av93.c2.g1198.i1	Choper_EP00045_Choanoeca_perplexa_P001581	69.0	S	0.0
Horcal_Hcv1.av93.c2.g1198.i1	Salkve_EP00050_Salpingoeca_kvevrii_P010472	69.0	S	0.0
Horcal_Hcv1.av93.c2.g1198.i1	Helnan_EP00037_Helgoeca_nana_P015185	69.0	S	0.0
Pbac_sb2658559	Codhol_EP00042_Codosiga_hollandica_P021798	69.0	S	0.0
Pbac_sb2658559	Salinf_EP00049_Salpingoeca_infusionum_P000938	69.0	S	0.0
Pbac_sb2658559	Acaspe_EP00035_Acanthoeca_spectabilis_P022790	69.0	S	0.0
Pbac_sb2658559	Codhol_EP00042_Codosiga_hollandica_P021796	69.0	S	0.0
Pbac_sb2658559	Didcos_EP00039_Didymoeca_costata_P007325	69.0	S	0.0
Pbac_sb2658559	Salmac_EP00052_Salpingoeca_macrocollata_P020403	69.0	S	0.0
Pbac_sb2658559	Mylflu_EP00047_Mylnosiga_fluctuans_P017086	69.0	S	0.0
Pbac_sb2658559	Microa_EP00043_Microstomoeca_roanoka_P000973	69.0	S	0.0
Pbac_sb2658559	Chofle_EP00730_Choanoeca_flexa_P014618	69.0	S	0.0
Pbac_sb2658559	Mbre_EDQ91693	69.0	S	0.0
Pbac_sb2658559	Diagra_EP00040_Diaphanoeca_grandis_P020099	69.0	S	0.0
Pbac_sb2658559	Stedip_EP00041_Stephanoeca_diplocostata_P003953	69.0	S	0.0
Pbac_sb2658559	Sros_EGD73119	69.0	S	0.0
Pbac_sb2658559	Saldol_EP00054_Salpingoeca_dolichothecata_P036703	69.0	S	0.0
Pbac_sb2658559	Codhol_EP00042_Codosiga_hollandica_P021794	69.0	S	0.0
Pbac_sb2658559	Salpun_EP00053_Salpingoeca_punica_P003696	69.0	S	0.0
Pbac_sb2658559	Salurc_EP00051_Salpingoeca_urceolata_P031812	69.0	S	0.0
Pbac_sb2658559	Choper_EP00045_Choanoeca_perplexa_P001581	69.0	S	0.0
Pbac_sb2658559	Salkve_EP00050_Salpingoeca_kvevrii_P010472	69.0	S	0.0
Pbac_sb2658559	Helnan_EP00037_Helgoeca_nana_P015185	69.0	S	0.0
Drygla_Dgla_sb282048	Codhol_EP00042_Codosiga_hollandica_P021798	69.0	S	0.0
Drygla_Dgla_sb282048	Salinf_EP00049_Salpingoeca_infusionum_P000938	69.0	S	0.0
Drygla_Dgla_sb282048	Acaspe_EP00035_Acanthoeca_spectabilis_P022790	69.0	S	0.0
Drygla_Dgla_sb282048	Codhol_EP00042_Codosiga_hollandica_P021796	69.0	S	0.0
Drygla_Dgla_sb282048	Didcos_EP00039_Didymoeca_costata_P007325	69.0	S	0.0
Drygla_Dgla_sb282048	Salmac_EP00052_Salpingoeca_macrocollata_P020403	69.0	S	0.0
Drygla_Dgla_sb282048	Mylflu_EP00047_Mylnosiga_fluctuans_P017086	69.0	S	0.0
Drygla_Dgla_sb282048	Microa_EP00043_Microstomoeca_roanoka_P000973	69.0	S	0.0
Drygla_Dgla_sb282048	Chofle_EP00730_Choanoeca_flexa_P014618	69.0	S	0.0
Drygla_Dgla_sb282048	Mbre_EDQ91693	69.0	S	0.0
Drygla_Dgla_sb282048	Diagra_EP00040_Diaphanoeca_grandis_P020099	69.0	S	0.0
Drygla_Dgla_sb282048	Stedip_EP00041_Stephanoeca_diplocostata_P003953	69.0	S	0.0
Drygla_Dgla_sb282048	Sros_EGD73119	69.0	S	0.0
Drygla_Dgla_sb282048	Saldol_EP00054_Salpingoeca_dolichothecata_P036703	69.0	S	0.0
Drygla_Dgla_sb282048	Codhol_EP00042_Codosiga_hollandica_P021794	69.0	S	0.0
Drygla_Dgla_sb282048	Salpun_EP00053_Salpingoeca_punica_P003696	69.0	S	0.0
Drygla_Dgla_sb282048	Salurc_EP00051_Salpingoeca_urceolata_P031812	69.0	S	0.0
Drygla_Dgla_sb282048	Choper_EP00045_Choanoeca_perplexa_P001581	69.0	S	0.0
Drygla_Dgla_sb282048	Salkve_EP00050_Salpingoeca_kvevrii_P010472	69.0	S	0.0
Drygla_Dgla_sb282048	Helnan_EP00037_Helgoeca_nana_P015185	69.0	S	0.0
Drygla_Dgla_sb282047	Codhol_EP00042_Codosiga_hollandica_P021798	69.0	S	0.0
Drygla_Dgla_sb282047	Salinf_EP00049_Salpingoeca_infusionum_P000938	69.0	S	0.0
Drygla_Dgla_sb282047	Acaspe_EP00035_Acanthoeca_spectabilis_P022790	69.0	S	0.0
Drygla_Dgla_sb282047	Codhol_EP00042_Codosiga_hollandica_P021796	69.0	S	0.0
Drygla_Dgla_sb282047	Didcos_EP00039_Didymoeca_costata_P007325	69.0	S	0.0
Drygla_Dgla_sb282047	Salmac_EP00052_Salpingoeca_macrocollata_P020403	69.0	S	0.0
Drygla_Dgla_sb282047	Mylflu_EP00047_Mylnosiga_fluctuans_P017086	69.0	S	0.0
Drygla_Dgla_sb282047	Microa_EP00043_Microstomoeca_roanoka_P000973	69.0	S	0.0
Drygla_Dgla_sb282047	Chofle_EP00730_Choanoeca_flexa_P014618	69.0	S	0.0
Drygla_Dgla_sb282047	Mbre_EDQ91693	69.0	S	0.0
Drygla_Dgla_sb282047	Diagra_EP00040_Diaphanoeca_grandis_P020099	69.0	S	0.0
Drygla_Dgla_sb282047	Stedip_EP00041_Stephanoeca_diplocostata_P003953	69.0	S	0.0
Drygla_Dgla_sb282047	Sros_EGD73119	69.0	S	0.0
Drygla_Dgla_sb282047	Saldol_EP00054_Salpingoeca_dolichothecata_P036703	69.0	S	0.0
Drygla_Dgla_sb282047	Codhol_EP00042_Codosiga_hollandica_P021794	69.0	S	0.0
Drygla_Dgla_sb282047	Salpun_EP00053_Salpingoeca_punica_P003696	69.0	S	0.0
Drygla_Dgla_sb282047	Salurc_EP00051_Salpingoeca_urceolata_P031812	69.0	S	0.0
Drygla_Dgla_sb282047	Choper_EP00045_Choanoeca_perplexa_P001581	69.0	S	0.0
Drygla_Dgla_sb282047	Salkve_EP00050_Salpingoeca_kvevrii_P010472	69.0	S	0.0
Drygla_Dgla_sb282047	Helnan_EP00037_Helgoeca_nana_P015185	69.0	S	0.0
Mertsp_Mesp_sb586646	Codhol_EP00042_Codosiga_hollandica_P021798	69.0	S	0.0
Mertsp_Mesp_sb586646	Salinf_EP00049_Salpingoeca_infusionum_P000938	69.0	S	0.0
Mertsp_Mesp_sb586646	Acaspe_EP00035_Acanthoeca_spectabilis_P022790	69.0	S	0.0
Mertsp_Mesp_sb586646	Codhol_EP00042_Codosiga_hollandica_P021796	69.0	S	0.0
Mertsp_Mesp_sb586646	Didcos_EP00039_Didymoeca_costata_P007325	69.0	S	0.0
Mertsp_Mesp_sb586646	Salmac_EP00052_Salpingoeca_macrocollata_P020403	69.0	S	0.0
Mertsp_Mesp_sb586646	Mylflu_EP00047_Mylnosiga_fluctuans_P017086	69.0	S	0.0
Mertsp_Mesp_sb586646	Microa_EP00043_Microstomoeca_roanoka_P000973	69.0	S	0.0
Mertsp_Mesp_sb586646	Chofle_EP00730_Choanoeca_flexa_P014618	69.0	S	0.0
Mertsp_Mesp_sb586646	Mbre_EDQ91693	69.0	S	0.0
Mertsp_Mesp_sb586646	Diagra_EP00040_Diaphanoeca_grandis_P020099	69.0	S	0.0
Mertsp_Mesp_sb586646	Stedip_EP00041_Stephanoeca_diplocostata_P003953	69.0	S	0.0
Mertsp_Mesp_sb586646	Sros_EGD73119	69.0	S	0.0
Mertsp_Mesp_sb586646	Saldol_EP00054_Salpingoeca_dolichothecata_P036703	69.0	S	0.0
Mertsp_Mesp_sb586646	Codhol_EP00042_Codosiga_hollandica_P021794	69.0	S	0.0
Mertsp_Mesp_sb586646	Salpun_EP00053_Salpingoeca_punica_P003696	69.0	S	0.0
Mertsp_Mesp_sb586646	Salurc_EP00051_Salpingoeca_urceolata_P031812	69.0	S	0.0
Mertsp_Mesp_sb586646	Choper_EP00045_Choanoeca_perplexa_P001581	69.0	S	0.0
Mertsp_Mesp_sb586646	Salkve_EP00050_Salpingoeca_kvevrii_P010472	69.0	S	0.0
Mertsp_Mesp_sb586646	Helnan_EP00037_Helgoeca_nana_P015185	69.0	S	0.0
Pbac_sb2648503	Codhol_EP00042_Codosiga_hollandica_P021798	69.0	S	0.0
Pbac_sb2648503	Salinf_EP00049_Salpingoeca_infusionum_P000938	69.0	S	0.0
Pbac_sb2648503	Acaspe_EP00035_Acanthoeca_spectabilis_P022790	69.0	S	0.0
Pbac_sb2648503	Codhol_EP00042_Codosiga_hollandica_P021796	69.0	S	0.0
Pbac_sb2648503	Didcos_EP00039_Didymoeca_costata_P007325	69.0	S	0.0
Pbac_sb2648503	Salmac_EP00052_Salpingoeca_macrocollata_P020403	69.0	S	0.0
Pbac_sb2648503	Mylflu_EP00047_Mylnosiga_fluctuans_P017086	69.0	S	0.0
Pbac_sb2648503	Microa_EP00043_Microstomoeca_roanoka_P000973	69.0	S	0.0
Pbac_sb2648503	Chofle_EP00730_Choanoeca_flexa_P014618	69.0	S	0.0
Pbac_sb2648503	Mbre_EDQ91693	69.0	S	0.0
Pbac_sb2648503	Diagra_EP00040_Diaphanoeca_grandis_P020099	69.0	S	0.0
Pbac_sb2648503	Stedip_EP00041_Stephanoeca_diplocostata_P003953	69.0	S	0.0
Pbac_sb2648503	Sros_EGD73119	69.0	S	0.0
Pbac_sb2648503	Saldol_EP00054_Salpingoeca_dolichothecata_P036703	69.0	S	0.0
Pbac_sb2648503	Codhol_EP00042_Codosiga_hollandica_P021794	69.0	S	0.0
Pbac_sb2648503	Salpun_EP00053_Salpingoeca_punica_P003696	69.0	S	0.0
Pbac_sb2648503	Salurc_EP00051_Salpingoeca_urceolata_P031812	69.0	S	0.0
Pbac_sb2648503	Choper_EP00045_Choanoeca_perplexa_P001581	69.0	S	0.0
Pbac_sb2648503	Salkve_EP00050_Salpingoeca_kvevrii_P010472	69.0	S	0.0
Pbac_sb2648503	Helnan_EP00037_Helgoeca_nana_P015185	69.0	S	0.0
Bolinf_Binf_sb1233277	Codhol_EP00042_Codosiga_hollandica_P021798	69.0	S	0.0
Bolinf_Binf_sb1233277	Salinf_EP00049_Salpingoeca_infusionum_P000938	69.0	S	0.0
Bolinf_Binf_sb1233277	Acaspe_EP00035_Acanthoeca_spectabilis_P022790	69.0	S	0.0
Bolinf_Binf_sb1233277	Codhol_EP00042_Codosiga_hollandica_P021796	69.0	S	0.0
Bolinf_Binf_sb1233277	Didcos_EP00039_Didymoeca_costata_P007325	69.0	S	0.0
Bolinf_Binf_sb1233277	Salmac_EP00052_Salpingoeca_macrocollata_P020403	69.0	S	0.0
Bolinf_Binf_sb1233277	Mylflu_EP00047_Mylnosiga_fluctuans_P017086	69.0	S	0.0
Bolinf_Binf_sb1233277	Microa_EP00043_Microstomoeca_roanoka_P000973	69.0	S	0.0
Bolinf_Binf_sb1233277	Chofle_EP00730_Choanoeca_flexa_P014618	69.0	S	0.0
Bolinf_Binf_sb1233277	Mbre_EDQ91693	69.0	S	0.0
Bolinf_Binf_sb1233277	Diagra_EP00040_Diaphanoeca_grandis_P020099	69.0	S	0.0
Bolinf_Binf_sb1233277	Stedip_EP00041_Stephanoeca_diplocostata_P003953	69.0	S	0.0
Bolinf_Binf_sb1233277	Sros_EGD73119	69.0	S	0.0
Bolinf_Binf_sb1233277	Saldol_EP00054_Salpingoeca_dolichothecata_P036703	69.0	S	0.0
Bolinf_Binf_sb1233277	Codhol_EP00042_Codosiga_hollandica_P021794	69.0	S	0.0
Bolinf_Binf_sb1233277	Salpun_EP00053_Salpingoeca_punica_P003696	69.0	S	0.0
Bolinf_Binf_sb1233277	Salurc_EP00051_Salpingoeca_urceolata_P031812	69.0	S	0.0
Bolinf_Binf_sb1233277	Choper_EP00045_Choanoeca_perplexa_P001581	69.0	S	0.0
Bolinf_Binf_sb1233277	Salkve_EP00050_Salpingoeca_kvevrii_P010472	69.0	S	0.0
Bolinf_Binf_sb1233277	Helnan_EP00037_Helgoeca_nana_P015185	69.0	S	0.0
Eupdun_Edun_sb10633258	Codhol_EP00042_Codosiga_hollandica_P021798	69.0	S	0.0
Eupdun_Edun_sb10633258	Salinf_EP00049_Salpingoeca_infusionum_P000938	69.0	S	0.0
Eupdun_Edun_sb10633258	Acaspe_EP00035_Acanthoeca_spectabilis_P022790	69.0	S	0.0
Eupdun_Edun_sb10633258	Codhol_EP00042_Codosiga_hollandica_P021796	69.0	S	0.0
Eupdun_Edun_sb10633258	Didcos_EP00039_Didymoeca_costata_P007325	69.0	S	0.0
Eupdun_Edun_sb10633258	Salmac_EP00052_Salpingoeca_macrocollata_P020403	69.0	S	0.0
Eupdun_Edun_sb10633258	Mylflu_EP00047_Mylnosiga_fluctuans_P017086	69.0	S	0.0
Eupdun_Edun_sb10633258	Microa_EP00043_Microstomoeca_roanoka_P000973	69.0	S	0.0
Eupdun_Edun_sb10633258	Chofle_EP00730_Choanoeca_flexa_P014618	69.0	S	0.0
Eupdun_Edun_sb10633258	Mbre_EDQ91693	69.0	S	0.0
Eupdun_Edun_sb10633258	Diagra_EP00040_Diaphanoeca_grandis_P020099	69.0	S	0.0
Eupdun_Edun_sb10633258	Stedip_EP00041_Stephanoeca_diplocostata_P003953	69.0	S	0.0
Eupdun_Edun_sb10633258	Sros_EGD73119	69.0	S	0.0
Eupdun_Edun_sb10633258	Saldol_EP00054_Salpingoeca_dolichothecata_P036703	69.0	S	0.0
Eupdun_Edun_sb10633258	Codhol_EP00042_Codosiga_hollandica_P021794	69.0	S	0.0
Eupdun_Edun_sb10633258	Salpun_EP00053_Salpingoeca_punica_P003696	69.0	S	0.0
Eupdun_Edun_sb10633258	Salurc_EP00051_Salpingoeca_urceolata_P031812	69.0	S	0.0
Eupdun_Edun_sb10633258	Choper_EP00045_Choanoeca_perplexa_P001581	69.0	S	0.0
Eupdun_Edun_sb10633258	Salkve_EP00050_Salpingoeca_kvevrii_P010472	69.0	S	0.0
Eupdun_Edun_sb10633258	Helnan_EP00037_Helgoeca_nana_P015185	69.0	S	0.0
Mlei_ML0823.g8.i1	Codhol_EP00042_Codosiga_hollandica_P021798	69.0	S	0.0
Mlei_ML0823.g8.i1	Salinf_EP00049_Salpingoeca_infusionum_P000938	69.0	S	0.0
Mlei_ML0823.g8.i1	Acaspe_EP00035_Acanthoeca_spectabilis_P022790	69.0	S	0.0
Mlei_ML0823.g8.i1	Codhol_EP00042_Codosiga_hollandica_P021796	69.0	S	0.0
Mlei_ML0823.g8.i1	Didcos_EP00039_Didymoeca_costata_P007325	69.0	S	0.0
Mlei_ML0823.g8.i1	Salmac_EP00052_Salpingoeca_macrocollata_P020403	69.0	S	0.0
Mlei_ML0823.g8.i1	Mylflu_EP00047_Mylnosiga_fluctuans_P017086	69.0	S	0.0
Mlei_ML0823.g8.i1	Microa_EP00043_Microstomoeca_roanoka_P000973	69.0	S	0.0
Mlei_ML0823.g8.i1	Chofle_EP00730_Choanoeca_flexa_P014618	69.0	S	0.0
Mlei_ML0823.g8.i1	Mbre_EDQ91693	69.0	S	0.0
Mlei_ML0823.g8.i1	Diagra_EP00040_Diaphanoeca_grandis_P020099	69.0	S	0.0
Mlei_ML0823.g8.i1	Stedip_EP00041_Stephanoeca_diplocostata_P003953	69.0	S	0.0
Mlei_ML0823.g8.i1	Sros_EGD73119	69.0	S	0.0
Mlei_ML0823.g8.i1	Saldol_EP00054_Salpingoeca_dolichothecata_P036703	69.0	S	0.0
Mlei_ML0823.g8.i1	Codhol_EP00042_Codosiga_hollandica_P021794	69.0	S	0.0
Mlei_ML0823.g8.i1	Salpun_EP00053_Salpingoeca_punica_P003696	69.0	S	0.0
Mlei_ML0823.g8.i1	Salurc_EP00051_Salpingoeca_urceolata_P031812	69.0	S	0.0
Mlei_ML0823.g8.i1	Choper_EP00045_Choanoeca_perplexa_P001581	69.0	S	0.0
Mlei_ML0823.g8.i1	Salkve_EP00050_Salpingoeca_kvevrii_P010472	69.0	S	0.0
Mlei_ML0823.g8.i1	Helnan_EP00037_Helgoeca_nana_P015185	69.0	S	0.0
Lampan_Lpan_C406885_01	Codhol_EP00042_Codosiga_hollandica_P021798	69.0	S	0.0
Lampan_Lpan_C406885_01	Salinf_EP00049_Salpingoeca_infusionum_P000938	69.0	S	0.0
Lampan_Lpan_C406885_01	Acaspe_EP00035_Acanthoeca_spectabilis_P022790	69.0	S	0.0
Lampan_Lpan_C406885_01	Codhol_EP00042_Codosiga_hollandica_P021796	69.0	S	0.0
Lampan_Lpan_C406885_01	Didcos_EP00039_Didymoeca_costata_P007325	69.0	S	0.0
Lampan_Lpan_C406885_01	Salmac_EP00052_Salpingoeca_macrocollata_P020403	69.0	S	0.0
Lampan_Lpan_C406885_01	Mylflu_EP00047_Mylnosiga_fluctuans_P017086	69.0	S	0.0
Lampan_Lpan_C406885_01	Microa_EP00043_Microstomoeca_roanoka_P000973	69.0	S	0.0
Lampan_Lpan_C406885_01	Chofle_EP00730_Choanoeca_flexa_P014618	69.0	S	0.0
Lampan_Lpan_C406885_01	Mbre_EDQ91693	69.0	S	0.0
Lampan_Lpan_C406885_01	Diagra_EP00040_Diaphanoeca_grandis_P020099	69.0	S	0.0
Lampan_Lpan_C406885_01	Stedip_EP00041_Stephanoeca_diplocostata_P003953	69.0	S	0.0
Lampan_Lpan_C406885_01	Sros_EGD73119	69.0	S	0.0
Lampan_Lpan_C406885_01	Saldol_EP00054_Salpingoeca_dolichothecata_P036703	69.0	S	0.0
Lampan_Lpan_C406885_01	Codhol_EP00042_Codosiga_hollandica_P021794	69.0	S	0.0
Lampan_Lpan_C406885_01	Salpun_EP00053_Salpingoeca_punica_P003696	69.0	S	0.0
Lampan_Lpan_C406885_01	Salurc_EP00051_Salpingoeca_urceolata_P031812	69.0	S	0.0
Lampan_Lpan_C406885_01	Choper_EP00045_Choanoeca_perplexa_P001581	69.0	S	0.0
Lampan_Lpan_C406885_01	Salkve_EP00050_Salpingoeca_kvevrii_P010472	69.0	S	0.0
Lampan_Lpan_C406885_01	Helnan_EP00037_Helgoeca_nana_P015185	69.0	S	0.0
Eupdun_Edun_sb10633259	Codhol_EP00042_Codosiga_hollandica_P021798	69.0	S	0.0
Eupdun_Edun_sb10633259	Salinf_EP00049_Salpingoeca_infusionum_P000938	69.0	S	0.0
Eupdun_Edun_sb10633259	Acaspe_EP00035_Acanthoeca_spectabilis_P022790	69.0	S	0.0
Eupdun_Edun_sb10633259	Codhol_EP00042_Codosiga_hollandica_P021796	69.0	S	0.0
Eupdun_Edun_sb10633259	Didcos_EP00039_Didymoeca_costata_P007325	69.0	S	0.0
Eupdun_Edun_sb10633259	Salmac_EP00052_Salpingoeca_macrocollata_P020403	69.0	S	0.0
Eupdun_Edun_sb10633259	Mylflu_EP00047_Mylnosiga_fluctuans_P017086	69.0	S	0.0
Eupdun_Edun_sb10633259	Microa_EP00043_Microstomoeca_roanoka_P000973	69.0	S	0.0
Eupdun_Edun_sb10633259	Chofle_EP00730_Choanoeca_flexa_P014618	69.0	S	0.0
Eupdun_Edun_sb10633259	Mbre_EDQ91693	69.0	S	0.0
Eupdun_Edun_sb10633259	Diagra_EP00040_Diaphanoeca_grandis_P020099	69.0	S	0.0
Eupdun_Edun_sb10633259	Stedip_EP00041_Stephanoeca_diplocostata_P003953	69.0	S	0.0
Eupdun_Edun_sb10633259	Sros_EGD73119	69.0	S	0.0
Eupdun_Edun_sb10633259	Saldol_EP00054_Salpingoeca_dolichothecata_P036703	69.0	S	0.0
Eupdun_Edun_sb10633259	Codhol_EP00042_Codosiga_hollandica_P021794	69.0	S	0.0
Eupdun_Edun_sb10633259	Salpun_EP00053_Salpingoeca_punica_P003696	69.0	S	0.0
Eupdun_Edun_sb10633259	Salurc_EP00051_Salpingoeca_urceolata_P031812	69.0	S	0.0
Eupdun_Edun_sb10633259	Choper_EP00045_Choanoeca_perplexa_P001581	69.0	S	0.0
Eupdun_Edun_sb10633259	Salkve_EP00050_Salpingoeca_kvevrii_P010472	69.0	S	0.0
Eupdun_Edun_sb10633259	Helnan_EP00037_Helgoeca_nana_P015185	69.0	S	0.0
Bolinf_Binf_sb1233276	Codhol_EP00042_Codosiga_hollandica_P021798	69.0	S	0.0
Bolinf_Binf_sb1233276	Salinf_EP00049_Salpingoeca_infusionum_P000938	69.0	S	0.0
Bolinf_Binf_sb1233276	Acaspe_EP00035_Acanthoeca_spectabilis_P022790	69.0	S	0.0
Bolinf_Binf_sb1233276	Codhol_EP00042_Codosiga_hollandica_P021796	69.0	S	0.0
Bolinf_Binf_sb1233276	Didcos_EP00039_Didymoeca_costata_P007325	69.0	S	0.0
Bolinf_Binf_sb1233276	Salmac_EP00052_Salpingoeca_macrocollata_P020403	69.0	S	0.0
Bolinf_Binf_sb1233276	Mylflu_EP00047_Mylnosiga_fluctuans_P017086	69.0	S	0.0
Bolinf_Binf_sb1233276	Microa_EP00043_Microstomoeca_roanoka_P000973	69.0	S	0.0
Bolinf_Binf_sb1233276	Chofle_EP00730_Choanoeca_flexa_P014618	69.0	S	0.0
Bolinf_Binf_sb1233276	Mbre_EDQ91693	69.0	S	0.0
Bolinf_Binf_sb1233276	Diagra_EP00040_Diaphanoeca_grandis_P020099	69.0	S	0.0
Bolinf_Binf_sb1233276	Stedip_EP00041_Stephanoeca_diplocostata_P003953	69.0	S	0.0
Bolinf_Binf_sb1233276	Sros_EGD73119	69.0	S	0.0
Bolinf_Binf_sb1233276	Saldol_EP00054_Salpingoeca_dolichothecata_P036703	69.0	S	0.0
Bolinf_Binf_sb1233276	Codhol_EP00042_Codosiga_hollandica_P021794	69.0	S	0.0
Bolinf_Binf_sb1233276	Salpun_EP00053_Salpingoeca_punica_P003696	69.0	S	0.0
Bolinf_Binf_sb1233276	Salurc_EP00051_Salpingoeca_urceolata_P031812	69.0	S	0.0
Bolinf_Binf_sb1233276	Choper_EP00045_Choanoeca_perplexa_P001581	69.0	S	0.0
Bolinf_Binf_sb1233276	Salkve_EP00050_Salpingoeca_kvevrii_P010472	69.0	S	0.0
Bolinf_Binf_sb1233276	Helnan_EP00037_Helgoeca_nana_P015185	69.0	S	0.0
Mertsp_Mesp_sb586645	Codhol_EP00042_Codosiga_hollandica_P021798	69.0	S	0.0
Mertsp_Mesp_sb586645	Salinf_EP00049_Salpingoeca_infusionum_P000938	69.0	S	0.0
Mertsp_Mesp_sb586645	Acaspe_EP00035_Acanthoeca_spectabilis_P022790	69.0	S	0.0
Mertsp_Mesp_sb586645	Codhol_EP00042_Codosiga_hollandica_P021796	69.0	S	0.0
Mertsp_Mesp_sb586645	Didcos_EP00039_Didymoeca_costata_P007325	69.0	S	0.0
Mertsp_Mesp_sb586645	Salmac_EP00052_Salpingoeca_macrocollata_P020403	69.0	S	0.0
Mertsp_Mesp_sb586645	Mylflu_EP00047_Mylnosiga_fluctuans_P017086	69.0	S	0.0
Mertsp_Mesp_sb586645	Microa_EP00043_Microstomoeca_roanoka_P000973	69.0	S	0.0
Mertsp_Mesp_sb586645	Chofle_EP00730_Choanoeca_flexa_P014618	69.0	S	0.0
Mertsp_Mesp_sb586645	Mbre_EDQ91693	69.0	S	0.0
Mertsp_Mesp_sb586645	Diagra_EP00040_Diaphanoeca_grandis_P020099	69.0	S	0.0
Mertsp_Mesp_sb586645	Stedip_EP00041_Stephanoeca_diplocostata_P003953	69.0	S	0.0
Mertsp_Mesp_sb586645	Sros_EGD73119	69.0	S	0.0
Mertsp_Mesp_sb586645	Saldol_EP00054_Salpingoeca_dolichothecata_P036703	69.0	S	0.0
Mertsp_Mesp_sb586645	Codhol_EP00042_Codosiga_hollandica_P021794	69.0	S	0.0
Mertsp_Mesp_sb586645	Salpun_EP00053_Salpingoeca_punica_P003696	69.0	S	0.0
Mertsp_Mesp_sb586645	Salurc_EP00051_Salpingoeca_urceolata_P031812	69.0	S	0.0
Mertsp_Mesp_sb586645	Choper_EP00045_Choanoeca_perplexa_P001581	69.0	S	0.0
Mertsp_Mesp_sb586645	Salkve_EP00050_Salpingoeca_kvevrii_P010472	69.0	S	0.0
Mertsp_Mesp_sb586645	Helnan_EP00037_Helgoeca_nana_P015185	69.0	S	0.0
Spis_XP_022800649_1	Pocdam_XM_027185939.1	99.0	S	0.0
Fspp_ffun1.m4.13777.m1	Gfas_gfas1.m1.18734.m1	50.0	S	0.0
Hvul_g22248_1	Chem_TCONS_00001155	100.0	S	0.0
Sanmal_Sma_010795-T1	Rhoesc_Res_000489-T1	100.0	S	0.0
Sanmal_Sma_010795-T1	Nemnom_g15092.t1	100.0	S	0.0
Sanmal_Sma_010795-T1	Aaur_scaffold394.g16.t1	100.0	S	0.0
Sanmal_Sma_010795-T1	Nemnom_g2507.t1	100.0	S	0.0
Leuniv_Lniv_scaffold19177_01	Lcom_lcpid106448	100.0	S	0.0
Leuniv_Lniv_scaffold19177_01	Lcom_lcpid96903	100.0	S	0.0
Leuniv_Lniv_scaffold19177_01	Lcom_lcpid90325	100.0	S	0.0
Scil_scict022109.1	Lcom_lcpid106448	100.0	S	0.0
Scil_scict022109.1	Lcom_lcpid96903	100.0	S	0.0
Scil_scict022109.1	Lcom_lcpid90325	100.0	S	0.0
Cscu_XM_023358199.1	Cscu_XM_023387139.1	100.0	D	1.0
Tcas_TC001757_001	Dpul_mRNA23949	99.0	S	0.0
Bralan_BLAG06000878_2	Hsap_ENST00000409347	67.0	S	0.0
Spur_XM_030981064.1	Ctel_gnl_WGS_AMQN_CAPTEDRAFT_mRNA148077	50.0	S	0.0
Spur_XM_030981064.1	Cgig_XM_011428661.3	50.0	S	0.0
Spur_XM_030981064.1	Acagra_model.g13545.t1	50.0	S	0.0
Skow_XM_006819199.1	Ctel_gnl_WGS_AMQN_CAPTEDRAFT_mRNA148077	50.0	S	0.0
Skow_XM_006819199.1	Cgig_XM_011428661.3	50.0	S	0.0
Skow_XM_006819199.1	Acagra_model.g13545.t1	50.0	S	0.0
Dgig_XM_028541822.1	Xesp_016009-T1	100.0	S	0.0
Eupdun_Edun_sb10633259	Coemet_Cmet_scaffold13957_01	100.0	S	0.0
Eupdun_Edun_sb10633259	Bolinf_Binf_sb1218927	100.0	S	0.0
Eupdun_Edun_sb10633259	Horcal_Hcv1.av93.c2.g1198.i1	100.0	S	0.0
Eupdun_Edun_sb10633259	Pbac_sb2658559	100.0	S	0.0
Eupdun_Edun_sb10633259	Drygla_Dgla_sb282048	100.0	S	0.0
Eupdun_Edun_sb10633259	Drygla_Dgla_sb282047	100.0	S	0.0
Eupdun_Edun_sb10633259	Mertsp_Mesp_sb586646	100.0	S	0.0
Eupdun_Edun_sb10633259	Pbac_sb2648503	100.0	S	0.0
Eupdun_Edun_sb10633259	Bolinf_Binf_sb1233277	100.0	S	0.0
Eupdun_Edun_sb10633259	Mlei_ML0823.g8.i1	100.0	S	0.0
Eupdun_Edun_sb10633259	Lampan_Lpan_C406885_01	100.0	S	0.0
Eupdun_Edun_sb10633259	Bolinf_Binf_sb1233276	100.0	S	0.0
Eupdun_Edun_sb10633259	Mertsp_Mesp_sb586645	100.0	S	0.0
Eupdun_Edun_sb10633258	Coemet_Cmet_scaffold13957_01	100.0	S	0.0
Eupdun_Edun_sb10633258	Bolinf_Binf_sb1218927	100.0	S	0.0
Eupdun_Edun_sb10633258	Horcal_Hcv1.av93.c2.g1198.i1	100.0	S	0.0
Eupdun_Edun_sb10633258	Pbac_sb2658559	100.0	S	0.0
Eupdun_Edun_sb10633258	Drygla_Dgla_sb282048	100.0	S	0.0
Eupdun_Edun_sb10633258	Drygla_Dgla_sb282047	100.0	S	0.0
Eupdun_Edun_sb10633258	Mertsp_Mesp_sb586646	100.0	S	0.0
Eupdun_Edun_sb10633258	Pbac_sb2648503	100.0	S	0.0
Eupdun_Edun_sb10633258	Bolinf_Binf_sb1233277	100.0	S	0.0
Eupdun_Edun_sb10633258	Mlei_ML0823.g8.i1	100.0	S	0.0
Eupdun_Edun_sb10633258	Lampan_Lpan_C406885_01	100.0	S	0.0
Eupdun_Edun_sb10633258	Bolinf_Binf_sb1233276	100.0	S	0.0
Eupdun_Edun_sb10633258	Mertsp_Mesp_sb586645	100.0	S	0.0
Saldol_EP00054_Salpingoeca_dolichothecata_P036703	Codhol_EP00042_Codosiga_hollandica_P021798	100.0	S	0.0
Saldol_EP00054_Salpingoeca_dolichothecata_P036703	Salinf_EP00049_Salpingoeca_infusionum_P000938	100.0	S	0.0
Saldol_EP00054_Salpingoeca_dolichothecata_P036703	Acaspe_EP00035_Acanthoeca_spectabilis_P022790	100.0	S	0.0
Saldol_EP00054_Salpingoeca_dolichothecata_P036703	Codhol_EP00042_Codosiga_hollandica_P021796	100.0	S	0.0
Saldol_EP00054_Salpingoeca_dolichothecata_P036703	Didcos_EP00039_Didymoeca_costata_P007325	100.0	S	0.0
Saldol_EP00054_Salpingoeca_dolichothecata_P036703	Salmac_EP00052_Salpingoeca_macrocollata_P020403	100.0	S	0.0
Saldol_EP00054_Salpingoeca_dolichothecata_P036703	Mylflu_EP00047_Mylnosiga_fluctuans_P017086	100.0	S	0.0
Saldol_EP00054_Salpingoeca_dolichothecata_P036703	Microa_EP00043_Microstomoeca_roanoka_P000973	100.0	S	0.0
Saldol_EP00054_Salpingoeca_dolichothecata_P036703	Chofle_EP00730_Choanoeca_flexa_P014618	100.0	S	0.0
Saldol_EP00054_Salpingoeca_dolichothecata_P036703	Mbre_EDQ91693	100.0	S	0.0
Saldol_EP00054_Salpingoeca_dolichothecata_P036703	Diagra_EP00040_Diaphanoeca_grandis_P020099	100.0	S	0.0
Saldol_EP00054_Salpingoeca_dolichothecata_P036703	Stedip_EP00041_Stephanoeca_diplocostata_P003953	100.0	S	0.0
Saldol_EP00054_Salpingoeca_dolichothecata_P036703	Sros_EGD73119	100.0	S	0.0
Saldol_EP00054_Salpingoeca_dolichothecata_P036703	Codhol_EP00042_Codosiga_hollandica_P021794	100.0	S	0.0
Saldol_EP00054_Salpingoeca_dolichothecata_P036703	Salpun_EP00053_Salpingoeca_punica_P003696	100.0	S	0.0
Saldol_EP00054_Salpingoeca_dolichothecata_P036703	Salurc_EP00051_Salpingoeca_urceolata_P031812	100.0	S	0.0
Saldol_EP00054_Salpingoeca_dolichothecata_P036703	Choper_EP00045_Choanoeca_perplexa_P001581	100.0	S	0.0
Saldol_EP00054_Salpingoeca_dolichothecata_P036703	Salkve_EP00050_Salpingoeca_kvevrii_P010472	100.0	S	0.0
Saldol_EP00054_Salpingoeca_dolichothecata_P036703	Helnan_EP00037_Helgoeca_nana_P015185	100.0	S	0.0
Aaur_scaffold394.g16.t1	Nemnom_g15092.t1	99.0	S	0.0
Aaur_scaffold394.g16.t1	Rhoesc_Res_000489-T1	99.0	S	0.0
Aaur_scaffold394.g16.t1	Nemnom_g2507.t1	99.0	S	0.0
Scil_scict022109.1	Leuniv_Lniv_scaffold19177_01	100.0	S	0.0
Lcom_lcpid90325	Lcom_lcpid106448	100.0	D	1.0
Lcom_lcpid90325	Lcom_lcpid96903	100.0	D	1.0
Skow_XM_006819199.1	Spur_XM_030981064.1	56.0	S	0.0
Ctel_gnl_WGS_AMQN_CAPTEDRAFT_mRNA148077	Cgig_XM_011428661.3	100.0	S	0.0
Ctel_gnl_WGS_AMQN_CAPTEDRAFT_mRNA148077	Acagra_model.g13545.t1	100.0	S	0.0
Eupdun_Edun_sb10633258	Eupdun_Edun_sb10633259	100.0	D	1.0
Coemet_Cmet_scaffold13957_01	Bolinf_Binf_sb1218927	98.0	S	0.0
Coemet_Cmet_scaffold13957_01	Horcal_Hcv1.av93.c2.g1198.i1	98.0	S	0.0
Coemet_Cmet_scaffold13957_01	Pbac_sb2658559	98.0	S	0.0
Coemet_Cmet_scaffold13957_01	Drygla_Dgla_sb282048	98.0	S	0.0
Coemet_Cmet_scaffold13957_01	Drygla_Dgla_sb282047	98.0	S	0.0
Coemet_Cmet_scaffold13957_01	Mertsp_Mesp_sb586646	98.0	S	0.0
Coemet_Cmet_scaffold13957_01	Pbac_sb2648503	98.0	S	0.0
Coemet_Cmet_scaffold13957_01	Bolinf_Binf_sb1233277	98.0	S	0.0
Coemet_Cmet_scaffold13957_01	Mlei_ML0823.g8.i1	98.0	S	0.0
Coemet_Cmet_scaffold13957_01	Lampan_Lpan_C406885_01	98.0	S	0.0
Coemet_Cmet_scaffold13957_01	Bolinf_Binf_sb1233276	98.0	S	0.0
Coemet_Cmet_scaffold13957_01	Mertsp_Mesp_sb586645	98.0	S	0.0
Diagra_EP00040_Diaphanoeca_grandis_P020099	Codhol_EP00042_Codosiga_hollandica_P021798	91.0	S	0.0
Diagra_EP00040_Diaphanoeca_grandis_P020099	Microa_EP00043_Microstomoeca_roanoka_P000973	91.0	S	0.0
Diagra_EP00040_Diaphanoeca_grandis_P020099	Sros_EGD73119	91.0	S	0.0
Diagra_EP00040_Diaphanoeca_grandis_P020099	Salinf_EP00049_Salpingoeca_infusionum_P000938	91.0	S	0.0
Diagra_EP00040_Diaphanoeca_grandis_P020099	Salurc_EP00051_Salpingoeca_urceolata_P031812	91.0	S	0.0
Diagra_EP00040_Diaphanoeca_grandis_P020099	Codhol_EP00042_Codosiga_hollandica_P021796	91.0	S	0.0
Diagra_EP00040_Diaphanoeca_grandis_P020099	Choper_EP00045_Choanoeca_perplexa_P001581	91.0	S	0.0
Diagra_EP00040_Diaphanoeca_grandis_P020099	Salkve_EP00050_Salpingoeca_kvevrii_P010472	91.0	S	0.0
Diagra_EP00040_Diaphanoeca_grandis_P020099	Chofle_EP00730_Choanoeca_flexa_P014618	91.0	S	0.0
Diagra_EP00040_Diaphanoeca_grandis_P020099	Mbre_EDQ91693	91.0	S	0.0
Diagra_EP00040_Diaphanoeca_grandis_P020099	Codhol_EP00042_Codosiga_hollandica_P021794	91.0	S	0.0
Stedip_EP00041_Stephanoeca_diplocostata_P003953	Codhol_EP00042_Codosiga_hollandica_P021798	91.0	S	0.0
Stedip_EP00041_Stephanoeca_diplocostata_P003953	Microa_EP00043_Microstomoeca_roanoka_P000973	91.0	S	0.0
Stedip_EP00041_Stephanoeca_diplocostata_P003953	Sros_EGD73119	91.0	S	0.0
Stedip_EP00041_Stephanoeca_diplocostata_P003953	Salinf_EP00049_Salpingoeca_infusionum_P000938	91.0	S	0.0
Stedip_EP00041_Stephanoeca_diplocostata_P003953	Salurc_EP00051_Salpingoeca_urceolata_P031812	91.0	S	0.0
Stedip_EP00041_Stephanoeca_diplocostata_P003953	Codhol_EP00042_Codosiga_hollandica_P021796	91.0	S	0.0
Stedip_EP00041_Stephanoeca_diplocostata_P003953	Choper_EP00045_Choanoeca_perplexa_P001581	91.0	S	0.0
Stedip_EP00041_Stephanoeca_diplocostata_P003953	Salkve_EP00050_Salpingoeca_kvevrii_P010472	91.0	S	0.0
Stedip_EP00041_Stephanoeca_diplocostata_P003953	Chofle_EP00730_Choanoeca_flexa_P014618	91.0	S	0.0
Stedip_EP00041_Stephanoeca_diplocostata_P003953	Mbre_EDQ91693	91.0	S	0.0
Stedip_EP00041_Stephanoeca_diplocostata_P003953	Codhol_EP00042_Codosiga_hollandica_P021794	91.0	S	0.0
Acaspe_EP00035_Acanthoeca_spectabilis_P022790	Codhol_EP00042_Codosiga_hollandica_P021798	91.0	S	0.0
Acaspe_EP00035_Acanthoeca_spectabilis_P022790	Microa_EP00043_Microstomoeca_roanoka_P000973	91.0	S	0.0
Acaspe_EP00035_Acanthoeca_spectabilis_P022790	Sros_EGD73119	91.0	S	0.0
Acaspe_EP00035_Acanthoeca_spectabilis_P022790	Salinf_EP00049_Salpingoeca_infusionum_P000938	91.0	S	0.0
Acaspe_EP00035_Acanthoeca_spectabilis_P022790	Salurc_EP00051_Salpingoeca_urceolata_P031812	91.0	S	0.0
Acaspe_EP00035_Acanthoeca_spectabilis_P022790	Codhol_EP00042_Codosiga_hollandica_P021796	91.0	S	0.0
Acaspe_EP00035_Acanthoeca_spectabilis_P022790	Choper_EP00045_Choanoeca_perplexa_P001581	91.0	S	0.0
Acaspe_EP00035_Acanthoeca_spectabilis_P022790	Salkve_EP00050_Salpingoeca_kvevrii_P010472	91.0	S	0.0
Acaspe_EP00035_Acanthoeca_spectabilis_P022790	Chofle_EP00730_Choanoeca_flexa_P014618	91.0	S	0.0
Acaspe_EP00035_Acanthoeca_spectabilis_P022790	Mbre_EDQ91693	91.0	S	0.0
Acaspe_EP00035_Acanthoeca_spectabilis_P022790	Codhol_EP00042_Codosiga_hollandica_P021794	91.0	S	0.0
Didcos_EP00039_Didymoeca_costata_P007325	Codhol_EP00042_Codosiga_hollandica_P021798	91.0	S	0.0
Didcos_EP00039_Didymoeca_costata_P007325	Microa_EP00043_Microstomoeca_roanoka_P000973	91.0	S	0.0
Didcos_EP00039_Didymoeca_costata_P007325	Sros_EGD73119	91.0	S	0.0
Didcos_EP00039_Didymoeca_costata_P007325	Salinf_EP00049_Salpingoeca_infusionum_P000938	91.0	S	0.0
Didcos_EP00039_Didymoeca_costata_P007325	Salurc_EP00051_Salpingoeca_urceolata_P031812	91.0	S	0.0
Didcos_EP00039_Didymoeca_costata_P007325	Codhol_EP00042_Codosiga_hollandica_P021796	91.0	S	0.0
Didcos_EP00039_Didymoeca_costata_P007325	Choper_EP00045_Choanoeca_perplexa_P001581	91.0	S	0.0
Didcos_EP00039_Didymoeca_costata_P007325	Salkve_EP00050_Salpingoeca_kvevrii_P010472	91.0	S	0.0
Didcos_EP00039_Didymoeca_costata_P007325	Chofle_EP00730_Choanoeca_flexa_P014618	91.0	S	0.0
Didcos_EP00039_Didymoeca_costata_P007325	Mbre_EDQ91693	91.0	S	0.0
Didcos_EP00039_Didymoeca_costata_P007325	Codhol_EP00042_Codosiga_hollandica_P021794	91.0	S	0.0
Salmac_EP00052_Salpingoeca_macrocollata_P020403	Codhol_EP00042_Codosiga_hollandica_P021798	91.0	S	0.0
Salmac_EP00052_Salpingoeca_macrocollata_P020403	Microa_EP00043_Microstomoeca_roanoka_P000973	91.0	S	0.0
Salmac_EP00052_Salpingoeca_macrocollata_P020403	Sros_EGD73119	91.0	S	0.0
Salmac_EP00052_Salpingoeca_macrocollata_P020403	Salinf_EP00049_Salpingoeca_infusionum_P000938	91.0	S	0.0
Salmac_EP00052_Salpingoeca_macrocollata_P020403	Salurc_EP00051_Salpingoeca_urceolata_P031812	91.0	S	0.0
Salmac_EP00052_Salpingoeca_macrocollata_P020403	Codhol_EP00042_Codosiga_hollandica_P021796	91.0	S	0.0
Salmac_EP00052_Salpingoeca_macrocollata_P020403	Choper_EP00045_Choanoeca_perplexa_P001581	91.0	S	0.0
Salmac_EP00052_Salpingoeca_macrocollata_P020403	Salkve_EP00050_Salpingoeca_kvevrii_P010472	91.0	S	0.0
Salmac_EP00052_Salpingoeca_macrocollata_P020403	Chofle_EP00730_Choanoeca_flexa_P014618	91.0	S	0.0
Salmac_EP00052_Salpingoeca_macrocollata_P020403	Mbre_EDQ91693	91.0	S	0.0
Salmac_EP00052_Salpingoeca_macrocollata_P020403	Codhol_EP00042_Codosiga_hollandica_P021794	91.0	S	0.0
Mylflu_EP00047_Mylnosiga_fluctuans_P017086	Codhol_EP00042_Codosiga_hollandica_P021798	91.0	S	0.0
Mylflu_EP00047_Mylnosiga_fluctuans_P017086	Microa_EP00043_Microstomoeca_roanoka_P000973	91.0	S	0.0
Mylflu_EP00047_Mylnosiga_fluctuans_P017086	Sros_EGD73119	91.0	S	0.0
Mylflu_EP00047_Mylnosiga_fluctuans_P017086	Salinf_EP00049_Salpingoeca_infusionum_P000938	91.0	S	0.0
Mylflu_EP00047_Mylnosiga_fluctuans_P017086	Salurc_EP00051_Salpingoeca_urceolata_P031812	91.0	S	0.0
Mylflu_EP00047_Mylnosiga_fluctuans_P017086	Codhol_EP00042_Codosiga_hollandica_P021796	91.0	S	0.0
Mylflu_EP00047_Mylnosiga_fluctuans_P017086	Choper_EP00045_Choanoeca_perplexa_P001581	91.0	S	0.0
Mylflu_EP00047_Mylnosiga_fluctuans_P017086	Salkve_EP00050_Salpingoeca_kvevrii_P010472	91.0	S	0.0
Mylflu_EP00047_Mylnosiga_fluctuans_P017086	Chofle_EP00730_Choanoeca_flexa_P014618	91.0	S	0.0
Mylflu_EP00047_Mylnosiga_fluctuans_P017086	Mbre_EDQ91693	91.0	S	0.0
Mylflu_EP00047_Mylnosiga_fluctuans_P017086	Codhol_EP00042_Codosiga_hollandica_P021794	91.0	S	0.0
Salpun_EP00053_Salpingoeca_punica_P003696	Codhol_EP00042_Codosiga_hollandica_P021798	91.0	S	0.0
Salpun_EP00053_Salpingoeca_punica_P003696	Microa_EP00043_Microstomoeca_roanoka_P000973	91.0	S	0.0
Salpun_EP00053_Salpingoeca_punica_P003696	Sros_EGD73119	91.0	S	0.0
Salpun_EP00053_Salpingoeca_punica_P003696	Salinf_EP00049_Salpingoeca_infusionum_P000938	91.0	S	0.0
Salpun_EP00053_Salpingoeca_punica_P003696	Salurc_EP00051_Salpingoeca_urceolata_P031812	91.0	S	0.0
Salpun_EP00053_Salpingoeca_punica_P003696	Codhol_EP00042_Codosiga_hollandica_P021796	91.0	S	0.0
Salpun_EP00053_Salpingoeca_punica_P003696	Choper_EP00045_Choanoeca_perplexa_P001581	91.0	S	0.0
Salpun_EP00053_Salpingoeca_punica_P003696	Salkve_EP00050_Salpingoeca_kvevrii_P010472	91.0	S	0.0
Salpun_EP00053_Salpingoeca_punica_P003696	Chofle_EP00730_Choanoeca_flexa_P014618	91.0	S	0.0
Salpun_EP00053_Salpingoeca_punica_P003696	Mbre_EDQ91693	91.0	S	0.0
Salpun_EP00053_Salpingoeca_punica_P003696	Codhol_EP00042_Codosiga_hollandica_P021794	91.0	S	0.0
Helnan_EP00037_Helgoeca_nana_P015185	Codhol_EP00042_Codosiga_hollandica_P021798	91.0	S	0.0
Helnan_EP00037_Helgoeca_nana_P015185	Microa_EP00043_Microstomoeca_roanoka_P000973	91.0	S	0.0
Helnan_EP00037_Helgoeca_nana_P015185	Sros_EGD73119	91.0	S	0.0
Helnan_EP00037_Helgoeca_nana_P015185	Salinf_EP00049_Salpingoeca_infusionum_P000938	91.0	S	0.0
Helnan_EP00037_Helgoeca_nana_P015185	Salurc_EP00051_Salpingoeca_urceolata_P031812	91.0	S	0.0
Helnan_EP00037_Helgoeca_nana_P015185	Codhol_EP00042_Codosiga_hollandica_P021796	91.0	S	0.0
Helnan_EP00037_Helgoeca_nana_P015185	Choper_EP00045_Choanoeca_perplexa_P001581	91.0	S	0.0
Helnan_EP00037_Helgoeca_nana_P015185	Salkve_EP00050_Salpingoeca_kvevrii_P010472	91.0	S	0.0
Helnan_EP00037_Helgoeca_nana_P015185	Chofle_EP00730_Choanoeca_flexa_P014618	91.0	S	0.0
Helnan_EP00037_Helgoeca_nana_P015185	Mbre_EDQ91693	91.0	S	0.0
Helnan_EP00037_Helgoeca_nana_P015185	Codhol_EP00042_Codosiga_hollandica_P021794	91.0	S	0.0
Rhoesc_Res_000489-T1	Nemnom_g15092.t1	100.0	S	0.0
Rhoesc_Res_000489-T1	Nemnom_g2507.t1	100.0	S	0.0
Lcom_lcpid96903	Lcom_lcpid106448	99.0	D	1.0
Acagra_model.g13545.t1	Cgig_XM_011428661.3	100.0	S	0.0
Lampan_Lpan_C406885_01	Bolinf_Binf_sb1218927	91.0	S	0.0
Lampan_Lpan_C406885_01	Horcal_Hcv1.av93.c2.g1198.i1	91.0	S	0.0
Lampan_Lpan_C406885_01	Pbac_sb2658559	91.0	S	0.0
Lampan_Lpan_C406885_01	Drygla_Dgla_sb282048	91.0	S	0.0
Lampan_Lpan_C406885_01	Drygla_Dgla_sb282047	91.0	S	0.0
Lampan_Lpan_C406885_01	Mertsp_Mesp_sb586646	91.0	S	0.0
Lampan_Lpan_C406885_01	Pbac_sb2648503	91.0	S	0.0
Lampan_Lpan_C406885_01	Bolinf_Binf_sb1233277	91.0	S	0.0
Lampan_Lpan_C406885_01	Mlei_ML0823.g8.i1	91.0	S	0.0
Lampan_Lpan_C406885_01	Bolinf_Binf_sb1233276	91.0	S	0.0
Lampan_Lpan_C406885_01	Mertsp_Mesp_sb586645	91.0	S	0.0
Salpun_EP00053_Salpingoeca_punica_P003696	Diagra_EP00040_Diaphanoeca_grandis_P020099	78.0	S	0.0
Salpun_EP00053_Salpingoeca_punica_P003696	Stedip_EP00041_Stephanoeca_diplocostata_P003953	78.0	S	0.0
Salpun_EP00053_Salpingoeca_punica_P003696	Acaspe_EP00035_Acanthoeca_spectabilis_P022790	78.0	S	0.0
Salpun_EP00053_Salpingoeca_punica_P003696	Didcos_EP00039_Didymoeca_costata_P007325	78.0	S	0.0
Salpun_EP00053_Salpingoeca_punica_P003696	Helnan_EP00037_Helgoeca_nana_P015185	78.0	S	0.0
Salmac_EP00052_Salpingoeca_macrocollata_P020403	Diagra_EP00040_Diaphanoeca_grandis_P020099	78.0	S	0.0
Salmac_EP00052_Salpingoeca_macrocollata_P020403	Stedip_EP00041_Stephanoeca_diplocostata_P003953	78.0	S	0.0
Salmac_EP00052_Salpingoeca_macrocollata_P020403	Acaspe_EP00035_Acanthoeca_spectabilis_P022790	78.0	S	0.0
Salmac_EP00052_Salpingoeca_macrocollata_P020403	Didcos_EP00039_Didymoeca_costata_P007325	78.0	S	0.0
Salmac_EP00052_Salpingoeca_macrocollata_P020403	Helnan_EP00037_Helgoeca_nana_P015185	78.0	S	0.0
Mylflu_EP00047_Mylnosiga_fluctuans_P017086	Diagra_EP00040_Diaphanoeca_grandis_P020099	78.0	S	0.0
Mylflu_EP00047_Mylnosiga_fluctuans_P017086	Stedip_EP00041_Stephanoeca_diplocostata_P003953	78.0	S	0.0
Mylflu_EP00047_Mylnosiga_fluctuans_P017086	Acaspe_EP00035_Acanthoeca_spectabilis_P022790	78.0	S	0.0
Mylflu_EP00047_Mylnosiga_fluctuans_P017086	Didcos_EP00039_Didymoeca_costata_P007325	78.0	S	0.0
Mylflu_EP00047_Mylnosiga_fluctuans_P017086	Helnan_EP00037_Helgoeca_nana_P015185	78.0	S	0.0
Codhol_EP00042_Codosiga_hollandica_P021798	Microa_EP00043_Microstomoeca_roanoka_P000973	73.0	S	0.0
Codhol_EP00042_Codosiga_hollandica_P021798	Sros_EGD73119	73.0	S	0.0
Codhol_EP00042_Codosiga_hollandica_P021798	Salinf_EP00049_Salpingoeca_infusionum_P000938	73.0	S	0.0
Codhol_EP00042_Codosiga_hollandica_P021798	Salurc_EP00051_Salpingoeca_urceolata_P031812	73.0	S	0.0
Codhol_EP00042_Codosiga_hollandica_P021798	Choper_EP00045_Choanoeca_perplexa_P001581	73.0	S	0.0
Codhol_EP00042_Codosiga_hollandica_P021798	Salkve_EP00050_Salpingoeca_kvevrii_P010472	73.0	S	0.0
Codhol_EP00042_Codosiga_hollandica_P021798	Chofle_EP00730_Choanoeca_flexa_P014618	73.0	S	0.0
Codhol_EP00042_Codosiga_hollandica_P021798	Mbre_EDQ91693	73.0	S	0.0
Codhol_EP00042_Codosiga_hollandica_P021796	Microa_EP00043_Microstomoeca_roanoka_P000973	73.0	S	0.0
Codhol_EP00042_Codosiga_hollandica_P021796	Sros_EGD73119	73.0	S	0.0
Codhol_EP00042_Codosiga_hollandica_P021796	Salinf_EP00049_Salpingoeca_infusionum_P000938	73.0	S	0.0
Codhol_EP00042_Codosiga_hollandica_P021796	Salurc_EP00051_Salpingoeca_urceolata_P031812	73.0	S	0.0
Codhol_EP00042_Codosiga_hollandica_P021796	Choper_EP00045_Choanoeca_perplexa_P001581	73.0	S	0.0
Codhol_EP00042_Codosiga_hollandica_P021796	Salkve_EP00050_Salpingoeca_kvevrii_P010472	73.0	S	0.0
Codhol_EP00042_Codosiga_hollandica_P021796	Chofle_EP00730_Choanoeca_flexa_P014618	73.0	S	0.0
Codhol_EP00042_Codosiga_hollandica_P021796	Mbre_EDQ91693	73.0	S	0.0
Codhol_EP00042_Codosiga_hollandica_P021794	Microa_EP00043_Microstomoeca_roanoka_P000973	73.0	S	0.0
Codhol_EP00042_Codosiga_hollandica_P021794	Sros_EGD73119	73.0	S	0.0
Codhol_EP00042_Codosiga_hollandica_P021794	Salinf_EP00049_Salpingoeca_infusionum_P000938	73.0	S	0.0
Codhol_EP00042_Codosiga_hollandica_P021794	Salurc_EP00051_Salpingoeca_urceolata_P031812	73.0	S	0.0
Codhol_EP00042_Codosiga_hollandica_P021794	Choper_EP00045_Choanoeca_perplexa_P001581	73.0	S	0.0
Codhol_EP00042_Codosiga_hollandica_P021794	Salkve_EP00050_Salpingoeca_kvevrii_P010472	73.0	S	0.0
Codhol_EP00042_Codosiga_hollandica_P021794	Chofle_EP00730_Choanoeca_flexa_P014618	73.0	S	0.0
Codhol_EP00042_Codosiga_hollandica_P021794	Mbre_EDQ91693	73.0	S	0.0
Nemnom_g15092.t1	Nemnom_g2507.t1	100.0	D	1.0
Mylflu_EP00047_Mylnosiga_fluctuans_P017086	Salpun_EP00053_Salpingoeca_punica_P003696	100.0	S	0.0
Mylflu_EP00047_Mylnosiga_fluctuans_P017086	Salmac_EP00052_Salpingoeca_macrocollata_P020403	100.0	S	0.0
Didcos_EP00039_Didymoeca_costata_P007325	Acaspe_EP00035_Acanthoeca_spectabilis_P022790	100.0	S	0.0
Didcos_EP00039_Didymoeca_costata_P007325	Diagra_EP00040_Diaphanoeca_grandis_P020099	100.0	S	0.0
Didcos_EP00039_Didymoeca_costata_P007325	Stedip_EP00041_Stephanoeca_diplocostata_P003953	100.0	S	0.0
Didcos_EP00039_Didymoeca_costata_P007325	Helnan_EP00037_Helgoeca_nana_P015185	100.0	S	0.0
Codhol_EP00042_Codosiga_hollandica_P021794	Codhol_EP00042_Codosiga_hollandica_P021798	100.0	D	1.0
Codhol_EP00042_Codosiga_hollandica_P021794	Codhol_EP00042_Codosiga_hollandica_P021796	100.0	D	1.0
Salurc_EP00051_Salpingoeca_urceolata_P031812	Microa_EP00043_Microstomoeca_roanoka_P000973	82.0	S	0.0
Salurc_EP00051_Salpingoeca_urceolata_P031812	Sros_EGD73119	82.0	S	0.0
Salurc_EP00051_Salpingoeca_urceolata_P031812	Salinf_EP00049_Salpingoeca_infusionum_P000938	82.0	S	0.0
Salurc_EP00051_Salpingoeca_urceolata_P031812	Choper_EP00045_Choanoeca_perplexa_P001581	82.0	S	0.0
Salurc_EP00051_Salpingoeca_urceolata_P031812	Salkve_EP00050_Salpingoeca_kvevrii_P010472	82.0	S	0.0
Salurc_EP00051_Salpingoeca_urceolata_P031812	Chofle_EP00730_Choanoeca_flexa_P014618	82.0	S	0.0
Salurc_EP00051_Salpingoeca_urceolata_P031812	Mbre_EDQ91693	82.0	S	0.0
Bolinf_Binf_sb1218927	Mlei_ML0823.g8.i1	91.0	S	0.0
Mertsp_Mesp_sb586646	Pbac_sb2658559	76.0	S	0.0
Mertsp_Mesp_sb586646	Horcal_Hcv1.av93.c2.g1198.i1	76.0	S	0.0
Mertsp_Mesp_sb586646	Drygla_Dgla_sb282048	76.0	S	0.0
Mertsp_Mesp_sb586646	Drygla_Dgla_sb282047	76.0	S	0.0
Mertsp_Mesp_sb586646	Pbac_sb2648503	76.0	S	0.0
Bolinf_Binf_sb1233276	Pbac_sb2658559	76.0	S	0.0
Bolinf_Binf_sb1233276	Horcal_Hcv1.av93.c2.g1198.i1	76.0	S	0.0
Bolinf_Binf_sb1233276	Drygla_Dgla_sb282048	76.0	S	0.0
Bolinf_Binf_sb1233276	Drygla_Dgla_sb282047	76.0	S	0.0
Bolinf_Binf_sb1233276	Pbac_sb2648503	76.0	S	0.0
Bolinf_Binf_sb1233277	Pbac_sb2658559	76.0	S	0.0
Bolinf_Binf_sb1233277	Horcal_Hcv1.av93.c2.g1198.i1	76.0	S	0.0
Bolinf_Binf_sb1233277	Drygla_Dgla_sb282048	76.0	S	0.0
Bolinf_Binf_sb1233277	Drygla_Dgla_sb282047	76.0	S	0.0
Bolinf_Binf_sb1233277	Pbac_sb2648503	76.0	S	0.0
Mertsp_Mesp_sb586645	Pbac_sb2658559	76.0	S	0.0
Mertsp_Mesp_sb586645	Horcal_Hcv1.av93.c2.g1198.i1	76.0	S	0.0
Mertsp_Mesp_sb586645	Drygla_Dgla_sb282048	76.0	S	0.0
Mertsp_Mesp_sb586645	Drygla_Dgla_sb282047	76.0	S	0.0
Mertsp_Mesp_sb586645	Pbac_sb2648503	76.0	S	0.0
Salmac_EP00052_Salpingoeca_macrocollata_P020403	Salpun_EP00053_Salpingoeca_punica_P003696	100.0	S	0.0
Diagra_EP00040_Diaphanoeca_grandis_P020099	Acaspe_EP00035_Acanthoeca_spectabilis_P022790	100.0	S	0.0
Diagra_EP00040_Diaphanoeca_grandis_P020099	Stedip_EP00041_Stephanoeca_diplocostata_P003953	100.0	S	0.0
Diagra_EP00040_Diaphanoeca_grandis_P020099	Helnan_EP00037_Helgoeca_nana_P015185	100.0	S	0.0
Codhol_EP00042_Codosiga_hollandica_P021796	Codhol_EP00042_Codosiga_hollandica_P021798	97.0	D	1.0
Salkve_EP00050_Salpingoeca_kvevrii_P010472	Microa_EP00043_Microstomoeca_roanoka_P000973	92.0	S	0.0
Salkve_EP00050_Salpingoeca_kvevrii_P010472	Sros_EGD73119	92.0	S	0.0
Salkve_EP00050_Salpingoeca_kvevrii_P010472	Salinf_EP00049_Salpingoeca_infusionum_P000938	92.0	S	0.0
Salkve_EP00050_Salpingoeca_kvevrii_P010472	Choper_EP00045_Choanoeca_perplexa_P001581	92.0	S	0.0
Salkve_EP00050_Salpingoeca_kvevrii_P010472	Chofle_EP00730_Choanoeca_flexa_P014618	92.0	S	0.0
Salkve_EP00050_Salpingoeca_kvevrii_P010472	Mbre_EDQ91693	92.0	S	0.0
Drygla_Dgla_sb282048	Pbac_sb2658559	86.0	S	0.0
Drygla_Dgla_sb282048	Pbac_sb2648503	86.0	S	0.0
Drygla_Dgla_sb282048	Horcal_Hcv1.av93.c2.g1198.i1	86.0	S	0.0
Drygla_Dgla_sb282047	Pbac_sb2658559	86.0	S	0.0
Drygla_Dgla_sb282047	Pbac_sb2648503	86.0	S	0.0
Drygla_Dgla_sb282047	Horcal_Hcv1.av93.c2.g1198.i1	86.0	S	0.0
Stedip_EP00041_Stephanoeca_diplocostata_P003953	Acaspe_EP00035_Acanthoeca_spectabilis_P022790	100.0	S	0.0
Stedip_EP00041_Stephanoeca_diplocostata_P003953	Helnan_EP00037_Helgoeca_nana_P015185	100.0	S	0.0
Salinf_EP00049_Salpingoeca_infusionum_P000938	Choper_EP00045_Choanoeca_perplexa_P001581	59.0	S	0.0
Salinf_EP00049_Salpingoeca_infusionum_P000938	Chofle_EP00730_Choanoeca_flexa_P014618	59.0	S	0.0
Salinf_EP00049_Salpingoeca_infusionum_P000938	Mbre_EDQ91693	59.0	S	0.0
Microa_EP00043_Microstomoeca_roanoka_P000973	Choper_EP00045_Choanoeca_perplexa_P001581	59.0	S	0.0
Microa_EP00043_Microstomoeca_roanoka_P000973	Chofle_EP00730_Choanoeca_flexa_P014618	59.0	S	0.0
Microa_EP00043_Microstomoeca_roanoka_P000973	Mbre_EDQ91693	59.0	S	0.0
Sros_EGD73119	Choper_EP00045_Choanoeca_perplexa_P001581	59.0	S	0.0
Sros_EGD73119	Chofle_EP00730_Choanoeca_flexa_P014618	59.0	S	0.0
Sros_EGD73119	Mbre_EDQ91693	59.0	S	0.0
Bolinf_Binf_sb1233277	Mertsp_Mesp_sb586646	39.0	S	0.0
Bolinf_Binf_sb1233277	Mertsp_Mesp_sb586645	39.0	S	0.0
Drygla_Dgla_sb282047	Drygla_Dgla_sb282048	100.0	D	1.0
Acaspe_EP00035_Acanthoeca_spectabilis_P022790	Helnan_EP00037_Helgoeca_nana_P015185	100.0	S	0.0
Salinf_EP00049_Salpingoeca_infusionum_P000938	Microa_EP00043_Microstomoeca_roanoka_P000973	56.0	S	0.0
Salinf_EP00049_Salpingoeca_infusionum_P000938	Sros_EGD73119	56.0	S	0.0
Mbre_EDQ91693	Choper_EP00045_Choanoeca_perplexa_P001581	100.0	S	0.0
Mbre_EDQ91693	Chofle_EP00730_Choanoeca_flexa_P014618	100.0	S	0.0
Mertsp_Mesp_sb586645	Mertsp_Mesp_sb586646	58.0	D	1.0
Horcal_Hcv1.av93.c2.g1198.i1	Pbac_sb2658559	100.0	S	0.0
Microa_EP00043_Microstomoeca_roanoka_P000973	Sros_EGD73119	100.0	S	0.0
Chofle_EP00730_Choanoeca_flexa_P014618	Choper_EP00045_Choanoeca_perplexa_P001581	100.0	S	0.0
