in_gene	out_gene	branch_support	ev_type	sos
Acaspe_EP00035_Acanthoeca_spectabilis_P013058	Plajan_Pjan_C560135_01	1.0	S	0.0
Acaspe_EP00035_Acanthoeca_spectabilis_P013058	Bralan_BLAG13000622_1	1.0	S	0.0
Acaspe_EP00035_Acanthoeca_spectabilis_P013058	Gasp_gasp1.m3.7264.m1	1.0	S	0.0
Acaspe_EP00035_Acanthoeca_spectabilis_P013058	Xestes_maker-XT_scaffold128004-snap-gene-0.2-mRNA-1	1.0	S	0.0
Acaspe_EP00035_Acanthoeca_spectabilis_P013058	Hsap_ENST00000614443	1.0	S	0.0
Acaspe_EP00035_Acanthoeca_spectabilis_P013058	HoiH23_PlH23_004365-RA	1.0	S	0.0
Acaspe_EP00035_Acanthoeca_spectabilis_P013058	Plespi_Pspi_C612352_01	1.0	S	0.0
Acaspe_EP00035_Acanthoeca_spectabilis_P013058	TrH2_TrispH2_005317-RA	1.0	S	0.0
Acaspe_EP00035_Acanthoeca_spectabilis_P013058	Spolac_c91573_g2_i1_m.7024c91573-g1	1.0	S	0.0
Acaspe_EP00035_Acanthoeca_spectabilis_P013058	Bolinf_Binf_sb1220299	1.0	S	0.0
Acaspe_EP00035_Acanthoeca_spectabilis_P013058	Beraby_Baby_sb324206	1.0	S	0.0
Acaspe_EP00035_Acanthoeca_spectabilis_P013058	Morvir_scaffold414.g8.t1	1.0	S	0.0
Acaspe_EP00035_Acanthoeca_spectabilis_P013058	Tetwil_g25780.t1	1.0	S	0.0
Acaspe_EP00035_Acanthoeca_spectabilis_P013058	Bolinf_Binf_sb1216733	1.0	S	0.0
Acaspe_EP00035_Acanthoeca_spectabilis_P013058	Spur_XM_030996286.1	1.0	S	0.0
Acaspe_EP00035_Acanthoeca_spectabilis_P013058	HoiH04_mRNA11870	1.0	S	0.0
Acaspe_EP00035_Acanthoeca_spectabilis_P013058	Chem_TCONS_00014455	1.0	S	0.0
Acaspe_EP00035_Acanthoeca_spectabilis_P013058	Aaur_scaffold168.g1.t1	1.0	S	0.0
Acaspe_EP00035_Acanthoeca_spectabilis_P013058	Gfas_gfas1.m1.6571.m1	1.0	S	0.0
Acaspe_EP00035_Acanthoeca_spectabilis_P013058	Stycar_maker-SC_scaffold84839-augustus-gene-0.9-mRNA-1	1.0	S	0.0
Acaspe_EP00035_Acanthoeca_spectabilis_P013058	Mertsp_Mesp_sb549529	1.0	S	0.0
Acaspe_EP00035_Acanthoeca_spectabilis_P013058	Nemnom_g12041.t1	1.0	S	0.0
Acaspe_EP00035_Acanthoeca_spectabilis_P013058	Ctel_gnl_WGS_AMQN_CAPTEDRAFT_mRNA138269	1.0	S	0.0
Acaspe_EP00035_Acanthoeca_spectabilis_P013058	Clacor_Ccor_scaffold7108_01	1.0	S	0.0
Acaspe_EP00035_Acanthoeca_spectabilis_P013058	Opea_EP00118_Oscarella_pearsei_P011784	1.0	S	0.0
Acaspe_EP00035_Acanthoeca_spectabilis_P013058	Mlei_ML0084.g1.i1	1.0	S	0.0
Acaspe_EP00035_Acanthoeca_spectabilis_P013058	Rhoesc_Res_016409-T1	1.0	S	0.0
Acaspe_EP00035_Acanthoeca_spectabilis_P013058	Tcas_TC014480_001	1.0	S	0.0
Acaspe_EP00035_Acanthoeca_spectabilis_P013058	Vmul_SimC371547	1.0	S	0.0
Acaspe_EP00035_Acanthoeca_spectabilis_P013058	Pocdam_XM_027203830.1	1.0	S	0.0
Acaspe_EP00035_Acanthoeca_spectabilis_P013058	Spis_XP_022803145_1	1.0	S	0.0
Acaspe_EP00035_Acanthoeca_spectabilis_P013058	Ocar_g9664	1.0	S	0.0
Acaspe_EP00035_Acanthoeca_spectabilis_P013058	Nvec_v1g209576	1.0	S	0.0
Acaspe_EP00035_Acanthoeca_spectabilis_P013058	Hvul_g29898_1	1.0	S	0.0
Acaspe_EP00035_Acanthoeca_spectabilis_P013058	Halamb_c53629_g2_i2m.36059	1.0	S	0.0
Acaspe_EP00035_Acanthoeca_spectabilis_P013058	Fspp_ffun1.m4.12692.m1	1.0	S	0.0
Acaspe_EP00035_Acanthoeca_spectabilis_P013058	Sanmal_Sma_011645-T1	1.0	S	0.0
Acaspe_EP00035_Acanthoeca_spectabilis_P013058	Tadh_TriadT28955	1.0	S	0.0
Acaspe_EP00035_Acanthoeca_spectabilis_P013058	Dpul_mRNA2261	1.0	S	0.0
Acaspe_EP00035_Acanthoeca_spectabilis_P013058	Acagra_model.g2031.t1.1.5d3b8378	1.0	S	0.0
Acaspe_EP00035_Acanthoeca_spectabilis_P013058	Lampan_Lpan_C415091_01	1.0	S	0.0
Acaspe_EP00035_Acanthoeca_spectabilis_P013058	HoiH11_mRNA3955	1.0	S	0.0
Acaspe_EP00035_Acanthoeca_spectabilis_P013058	Pbac_sb2664413	1.0	S	0.0
Acaspe_EP00035_Acanthoeca_spectabilis_P013058	Adig_XM_015904181.1	1.0	S	0.0
Acaspe_EP00035_Acanthoeca_spectabilis_P013058	Stycar_snap_masked-SC_scaffold36053-processed-gene-0.1-mRNA-1	1.0	S	0.0
Acaspe_EP00035_Acanthoeca_spectabilis_P013058	Horcal_Hcv1.av93.c13.g336.i1	1.0	S	0.0
Acaspe_EP00035_Acanthoeca_spectabilis_P013058	Hhon_g06887.t1	1.0	S	0.0
Acaspe_EP00035_Acanthoeca_spectabilis_P013058	Cscu_XM_023371756.1	1.0	S	0.0
Acaspe_EP00035_Acanthoeca_spectabilis_P013058	Bolinf_Binf_sb1220300	1.0	S	0.0
Acaspe_EP00035_Acanthoeca_spectabilis_P013058	Lcom_lcpid34176	1.0	S	0.0
Acaspe_EP00035_Acanthoeca_spectabilis_P013058	Mlei_ML0021.g5.i1	1.0	S	0.0
Acaspe_EP00035_Acanthoeca_spectabilis_P013058	Scil_scict014551.1	1.0	S	0.0
Acaspe_EP00035_Acanthoeca_spectabilis_P013058	Spur_XM_786416.5	1.0	S	0.0
Acaspe_EP00035_Acanthoeca_spectabilis_P013058	Exapal_XM_021037786.2	1.0	S	0.0
Acaspe_EP00035_Acanthoeca_spectabilis_P013058	Emue_Em0011g49a.t1	1.0	S	0.0
Acaspe_EP00035_Acanthoeca_spectabilis_P013058	Coemet_Cmet_scaffold16074_01	1.0	S	0.0
Acaspe_EP00035_Acanthoeca_spectabilis_P013058	Pbac_sb2666617	1.0	S	0.0
Acaspe_EP00035_Acanthoeca_spectabilis_P013058	Skow_XM_006816532.1	1.0	S	0.0
Acaspe_EP00035_Acanthoeca_spectabilis_P013058	Horcal_Hcv1.av93.c10.g582.i1	1.0	S	0.0
Acaspe_EP00035_Acanthoeca_spectabilis_P013058	Stycar_maker-SC_scaffold138306-augustus-gene-0.4-mRNA-1	1.0	S	0.0
Acaspe_EP00035_Acanthoeca_spectabilis_P013058	Pbac_sb2652734	1.0	S	0.0
Acaspe_EP00035_Acanthoeca_spectabilis_P013058	Cgig_XM_034456211.1	1.0	S	0.0
Acaspe_EP00035_Acanthoeca_spectabilis_P013058	Vmul_Simscaffold13461_01	1.0	S	0.0
Acaspe_EP00035_Acanthoeca_spectabilis_P013058	Dgig_XM_028548763.1	1.0	S	0.0
Acaspe_EP00035_Acanthoeca_spectabilis_P013058	Mertsp_Mesp_sb549530	1.0	S	0.0
Acaspe_EP00035_Acanthoeca_spectabilis_P013058	Leuniv_Lniv_scaffold25744_01	1.0	S	0.0
Acaspe_EP00035_Acanthoeca_spectabilis_P013058	Spolac_c91573_g1_i1_m.7023c91573-g1	1.0	S	0.0
Acaspe_EP00035_Acanthoeca_spectabilis_P013058	Pbac_sb2660011	1.0	S	0.0
Salpun_EP00053_Salpingoeca_punica_P007860	Plajan_Pjan_C560135_01	1.0	S	0.0
Salpun_EP00053_Salpingoeca_punica_P007860	Bralan_BLAG13000622_1	1.0	S	0.0
Salpun_EP00053_Salpingoeca_punica_P007860	Gasp_gasp1.m3.7264.m1	1.0	S	0.0
Salpun_EP00053_Salpingoeca_punica_P007860	Xestes_maker-XT_scaffold128004-snap-gene-0.2-mRNA-1	1.0	S	0.0
Salpun_EP00053_Salpingoeca_punica_P007860	Hsap_ENST00000614443	1.0	S	0.0
Salpun_EP00053_Salpingoeca_punica_P007860	HoiH23_PlH23_004365-RA	1.0	S	0.0
Salpun_EP00053_Salpingoeca_punica_P007860	Plespi_Pspi_C612352_01	1.0	S	0.0
Salpun_EP00053_Salpingoeca_punica_P007860	TrH2_TrispH2_005317-RA	1.0	S	0.0
Salpun_EP00053_Salpingoeca_punica_P007860	Spolac_c91573_g2_i1_m.7024c91573-g1	1.0	S	0.0
Salpun_EP00053_Salpingoeca_punica_P007860	Bolinf_Binf_sb1220299	1.0	S	0.0
Salpun_EP00053_Salpingoeca_punica_P007860	Beraby_Baby_sb324206	1.0	S	0.0
Salpun_EP00053_Salpingoeca_punica_P007860	Morvir_scaffold414.g8.t1	1.0	S	0.0
Salpun_EP00053_Salpingoeca_punica_P007860	Tetwil_g25780.t1	1.0	S	0.0
Salpun_EP00053_Salpingoeca_punica_P007860	Bolinf_Binf_sb1216733	1.0	S	0.0
Salpun_EP00053_Salpingoeca_punica_P007860	Spur_XM_030996286.1	1.0	S	0.0
Salpun_EP00053_Salpingoeca_punica_P007860	HoiH04_mRNA11870	1.0	S	0.0
Salpun_EP00053_Salpingoeca_punica_P007860	Chem_TCONS_00014455	1.0	S	0.0
Salpun_EP00053_Salpingoeca_punica_P007860	Aaur_scaffold168.g1.t1	1.0	S	0.0
Salpun_EP00053_Salpingoeca_punica_P007860	Gfas_gfas1.m1.6571.m1	1.0	S	0.0
Salpun_EP00053_Salpingoeca_punica_P007860	Stycar_maker-SC_scaffold84839-augustus-gene-0.9-mRNA-1	1.0	S	0.0
Salpun_EP00053_Salpingoeca_punica_P007860	Mertsp_Mesp_sb549529	1.0	S	0.0
Salpun_EP00053_Salpingoeca_punica_P007860	Nemnom_g12041.t1	1.0	S	0.0
Salpun_EP00053_Salpingoeca_punica_P007860	Ctel_gnl_WGS_AMQN_CAPTEDRAFT_mRNA138269	1.0	S	0.0
Salpun_EP00053_Salpingoeca_punica_P007860	Clacor_Ccor_scaffold7108_01	1.0	S	0.0
Salpun_EP00053_Salpingoeca_punica_P007860	Opea_EP00118_Oscarella_pearsei_P011784	1.0	S	0.0
Salpun_EP00053_Salpingoeca_punica_P007860	Mlei_ML0084.g1.i1	1.0	S	0.0
Salpun_EP00053_Salpingoeca_punica_P007860	Rhoesc_Res_016409-T1	1.0	S	0.0
Salpun_EP00053_Salpingoeca_punica_P007860	Tcas_TC014480_001	1.0	S	0.0
Salpun_EP00053_Salpingoeca_punica_P007860	Vmul_SimC371547	1.0	S	0.0
Salpun_EP00053_Salpingoeca_punica_P007860	Pocdam_XM_027203830.1	1.0	S	0.0
Salpun_EP00053_Salpingoeca_punica_P007860	Spis_XP_022803145_1	1.0	S	0.0
Salpun_EP00053_Salpingoeca_punica_P007860	Ocar_g9664	1.0	S	0.0
Salpun_EP00053_Salpingoeca_punica_P007860	Nvec_v1g209576	1.0	S	0.0
Salpun_EP00053_Salpingoeca_punica_P007860	Hvul_g29898_1	1.0	S	0.0
Salpun_EP00053_Salpingoeca_punica_P007860	Halamb_c53629_g2_i2m.36059	1.0	S	0.0
Salpun_EP00053_Salpingoeca_punica_P007860	Fspp_ffun1.m4.12692.m1	1.0	S	0.0
Salpun_EP00053_Salpingoeca_punica_P007860	Sanmal_Sma_011645-T1	1.0	S	0.0
Salpun_EP00053_Salpingoeca_punica_P007860	Tadh_TriadT28955	1.0	S	0.0
Salpun_EP00053_Salpingoeca_punica_P007860	Dpul_mRNA2261	1.0	S	0.0
Salpun_EP00053_Salpingoeca_punica_P007860	Acagra_model.g2031.t1.1.5d3b8378	1.0	S	0.0
Salpun_EP00053_Salpingoeca_punica_P007860	Lampan_Lpan_C415091_01	1.0	S	0.0
Salpun_EP00053_Salpingoeca_punica_P007860	HoiH11_mRNA3955	1.0	S	0.0
Salpun_EP00053_Salpingoeca_punica_P007860	Pbac_sb2664413	1.0	S	0.0
Salpun_EP00053_Salpingoeca_punica_P007860	Adig_XM_015904181.1	1.0	S	0.0
Salpun_EP00053_Salpingoeca_punica_P007860	Stycar_snap_masked-SC_scaffold36053-processed-gene-0.1-mRNA-1	1.0	S	0.0
Salpun_EP00053_Salpingoeca_punica_P007860	Horcal_Hcv1.av93.c13.g336.i1	1.0	S	0.0
Salpun_EP00053_Salpingoeca_punica_P007860	Hhon_g06887.t1	1.0	S	0.0
Salpun_EP00053_Salpingoeca_punica_P007860	Cscu_XM_023371756.1	1.0	S	0.0
Salpun_EP00053_Salpingoeca_punica_P007860	Bolinf_Binf_sb1220300	1.0	S	0.0
Salpun_EP00053_Salpingoeca_punica_P007860	Lcom_lcpid34176	1.0	S	0.0
Salpun_EP00053_Salpingoeca_punica_P007860	Mlei_ML0021.g5.i1	1.0	S	0.0
Salpun_EP00053_Salpingoeca_punica_P007860	Scil_scict014551.1	1.0	S	0.0
Salpun_EP00053_Salpingoeca_punica_P007860	Spur_XM_786416.5	1.0	S	0.0
Salpun_EP00053_Salpingoeca_punica_P007860	Exapal_XM_021037786.2	1.0	S	0.0
Salpun_EP00053_Salpingoeca_punica_P007860	Emue_Em0011g49a.t1	1.0	S	0.0
Salpun_EP00053_Salpingoeca_punica_P007860	Coemet_Cmet_scaffold16074_01	1.0	S	0.0
Salpun_EP00053_Salpingoeca_punica_P007860	Pbac_sb2666617	1.0	S	0.0
Salpun_EP00053_Salpingoeca_punica_P007860	Skow_XM_006816532.1	1.0	S	0.0
Salpun_EP00053_Salpingoeca_punica_P007860	Horcal_Hcv1.av93.c10.g582.i1	1.0	S	0.0
Salpun_EP00053_Salpingoeca_punica_P007860	Stycar_maker-SC_scaffold138306-augustus-gene-0.4-mRNA-1	1.0	S	0.0
Salpun_EP00053_Salpingoeca_punica_P007860	Pbac_sb2652734	1.0	S	0.0
Salpun_EP00053_Salpingoeca_punica_P007860	Cgig_XM_034456211.1	1.0	S	0.0
Salpun_EP00053_Salpingoeca_punica_P007860	Vmul_Simscaffold13461_01	1.0	S	0.0
Salpun_EP00053_Salpingoeca_punica_P007860	Dgig_XM_028548763.1	1.0	S	0.0
Salpun_EP00053_Salpingoeca_punica_P007860	Mertsp_Mesp_sb549530	1.0	S	0.0
Salpun_EP00053_Salpingoeca_punica_P007860	Leuniv_Lniv_scaffold25744_01	1.0	S	0.0
Salpun_EP00053_Salpingoeca_punica_P007860	Spolac_c91573_g1_i1_m.7023c91573-g1	1.0	S	0.0
Salpun_EP00053_Salpingoeca_punica_P007860	Pbac_sb2660011	1.0	S	0.0
Salkve_EP00050_Salpingoeca_kvevrii_P009216	Plajan_Pjan_C560135_01	1.0	S	0.0
Salkve_EP00050_Salpingoeca_kvevrii_P009216	Bralan_BLAG13000622_1	1.0	S	0.0
Salkve_EP00050_Salpingoeca_kvevrii_P009216	Gasp_gasp1.m3.7264.m1	1.0	S	0.0
Salkve_EP00050_Salpingoeca_kvevrii_P009216	Xestes_maker-XT_scaffold128004-snap-gene-0.2-mRNA-1	1.0	S	0.0
Salkve_EP00050_Salpingoeca_kvevrii_P009216	Hsap_ENST00000614443	1.0	S	0.0
Salkve_EP00050_Salpingoeca_kvevrii_P009216	HoiH23_PlH23_004365-RA	1.0	S	0.0
Salkve_EP00050_Salpingoeca_kvevrii_P009216	Plespi_Pspi_C612352_01	1.0	S	0.0
Salkve_EP00050_Salpingoeca_kvevrii_P009216	TrH2_TrispH2_005317-RA	1.0	S	0.0
Salkve_EP00050_Salpingoeca_kvevrii_P009216	Spolac_c91573_g2_i1_m.7024c91573-g1	1.0	S	0.0
Salkve_EP00050_Salpingoeca_kvevrii_P009216	Bolinf_Binf_sb1220299	1.0	S	0.0
Salkve_EP00050_Salpingoeca_kvevrii_P009216	Beraby_Baby_sb324206	1.0	S	0.0
Salkve_EP00050_Salpingoeca_kvevrii_P009216	Morvir_scaffold414.g8.t1	1.0	S	0.0
Salkve_EP00050_Salpingoeca_kvevrii_P009216	Tetwil_g25780.t1	1.0	S	0.0
Salkve_EP00050_Salpingoeca_kvevrii_P009216	Bolinf_Binf_sb1216733	1.0	S	0.0
Salkve_EP00050_Salpingoeca_kvevrii_P009216	Spur_XM_030996286.1	1.0	S	0.0
Salkve_EP00050_Salpingoeca_kvevrii_P009216	HoiH04_mRNA11870	1.0	S	0.0
Salkve_EP00050_Salpingoeca_kvevrii_P009216	Chem_TCONS_00014455	1.0	S	0.0
Salkve_EP00050_Salpingoeca_kvevrii_P009216	Aaur_scaffold168.g1.t1	1.0	S	0.0
Salkve_EP00050_Salpingoeca_kvevrii_P009216	Gfas_gfas1.m1.6571.m1	1.0	S	0.0
Salkve_EP00050_Salpingoeca_kvevrii_P009216	Stycar_maker-SC_scaffold84839-augustus-gene-0.9-mRNA-1	1.0	S	0.0
Salkve_EP00050_Salpingoeca_kvevrii_P009216	Mertsp_Mesp_sb549529	1.0	S	0.0
Salkve_EP00050_Salpingoeca_kvevrii_P009216	Nemnom_g12041.t1	1.0	S	0.0
Salkve_EP00050_Salpingoeca_kvevrii_P009216	Ctel_gnl_WGS_AMQN_CAPTEDRAFT_mRNA138269	1.0	S	0.0
Salkve_EP00050_Salpingoeca_kvevrii_P009216	Clacor_Ccor_scaffold7108_01	1.0	S	0.0
Salkve_EP00050_Salpingoeca_kvevrii_P009216	Opea_EP00118_Oscarella_pearsei_P011784	1.0	S	0.0
Salkve_EP00050_Salpingoeca_kvevrii_P009216	Mlei_ML0084.g1.i1	1.0	S	0.0
Salkve_EP00050_Salpingoeca_kvevrii_P009216	Rhoesc_Res_016409-T1	1.0	S	0.0
Salkve_EP00050_Salpingoeca_kvevrii_P009216	Tcas_TC014480_001	1.0	S	0.0
Salkve_EP00050_Salpingoeca_kvevrii_P009216	Vmul_SimC371547	1.0	S	0.0
Salkve_EP00050_Salpingoeca_kvevrii_P009216	Pocdam_XM_027203830.1	1.0	S	0.0
Salkve_EP00050_Salpingoeca_kvevrii_P009216	Spis_XP_022803145_1	1.0	S	0.0
Salkve_EP00050_Salpingoeca_kvevrii_P009216	Ocar_g9664	1.0	S	0.0
Salkve_EP00050_Salpingoeca_kvevrii_P009216	Nvec_v1g209576	1.0	S	0.0
Salkve_EP00050_Salpingoeca_kvevrii_P009216	Hvul_g29898_1	1.0	S	0.0
Salkve_EP00050_Salpingoeca_kvevrii_P009216	Halamb_c53629_g2_i2m.36059	1.0	S	0.0
Salkve_EP00050_Salpingoeca_kvevrii_P009216	Fspp_ffun1.m4.12692.m1	1.0	S	0.0
Salkve_EP00050_Salpingoeca_kvevrii_P009216	Sanmal_Sma_011645-T1	1.0	S	0.0
Salkve_EP00050_Salpingoeca_kvevrii_P009216	Tadh_TriadT28955	1.0	S	0.0
Salkve_EP00050_Salpingoeca_kvevrii_P009216	Dpul_mRNA2261	1.0	S	0.0
Salkve_EP00050_Salpingoeca_kvevrii_P009216	Acagra_model.g2031.t1.1.5d3b8378	1.0	S	0.0
Salkve_EP00050_Salpingoeca_kvevrii_P009216	Lampan_Lpan_C415091_01	1.0	S	0.0
Salkve_EP00050_Salpingoeca_kvevrii_P009216	HoiH11_mRNA3955	1.0	S	0.0
Salkve_EP00050_Salpingoeca_kvevrii_P009216	Pbac_sb2664413	1.0	S	0.0
Salkve_EP00050_Salpingoeca_kvevrii_P009216	Adig_XM_015904181.1	1.0	S	0.0
Salkve_EP00050_Salpingoeca_kvevrii_P009216	Stycar_snap_masked-SC_scaffold36053-processed-gene-0.1-mRNA-1	1.0	S	0.0
Salkve_EP00050_Salpingoeca_kvevrii_P009216	Horcal_Hcv1.av93.c13.g336.i1	1.0	S	0.0
Salkve_EP00050_Salpingoeca_kvevrii_P009216	Hhon_g06887.t1	1.0	S	0.0
Salkve_EP00050_Salpingoeca_kvevrii_P009216	Cscu_XM_023371756.1	1.0	S	0.0
Salkve_EP00050_Salpingoeca_kvevrii_P009216	Bolinf_Binf_sb1220300	1.0	S	0.0
Salkve_EP00050_Salpingoeca_kvevrii_P009216	Lcom_lcpid34176	1.0	S	0.0
Salkve_EP00050_Salpingoeca_kvevrii_P009216	Mlei_ML0021.g5.i1	1.0	S	0.0
Salkve_EP00050_Salpingoeca_kvevrii_P009216	Scil_scict014551.1	1.0	S	0.0
Salkve_EP00050_Salpingoeca_kvevrii_P009216	Spur_XM_786416.5	1.0	S	0.0
Salkve_EP00050_Salpingoeca_kvevrii_P009216	Exapal_XM_021037786.2	1.0	S	0.0
Salkve_EP00050_Salpingoeca_kvevrii_P009216	Emue_Em0011g49a.t1	1.0	S	0.0
Salkve_EP00050_Salpingoeca_kvevrii_P009216	Coemet_Cmet_scaffold16074_01	1.0	S	0.0
Salkve_EP00050_Salpingoeca_kvevrii_P009216	Pbac_sb2666617	1.0	S	0.0
Salkve_EP00050_Salpingoeca_kvevrii_P009216	Skow_XM_006816532.1	1.0	S	0.0
Salkve_EP00050_Salpingoeca_kvevrii_P009216	Horcal_Hcv1.av93.c10.g582.i1	1.0	S	0.0
Salkve_EP00050_Salpingoeca_kvevrii_P009216	Stycar_maker-SC_scaffold138306-augustus-gene-0.4-mRNA-1	1.0	S	0.0
Salkve_EP00050_Salpingoeca_kvevrii_P009216	Pbac_sb2652734	1.0	S	0.0
Salkve_EP00050_Salpingoeca_kvevrii_P009216	Cgig_XM_034456211.1	1.0	S	0.0
Salkve_EP00050_Salpingoeca_kvevrii_P009216	Vmul_Simscaffold13461_01	1.0	S	0.0
Salkve_EP00050_Salpingoeca_kvevrii_P009216	Dgig_XM_028548763.1	1.0	S	0.0
Salkve_EP00050_Salpingoeca_kvevrii_P009216	Mertsp_Mesp_sb549530	1.0	S	0.0
Salkve_EP00050_Salpingoeca_kvevrii_P009216	Leuniv_Lniv_scaffold25744_01	1.0	S	0.0
Salkve_EP00050_Salpingoeca_kvevrii_P009216	Spolac_c91573_g1_i1_m.7023c91573-g1	1.0	S	0.0
Salkve_EP00050_Salpingoeca_kvevrii_P009216	Pbac_sb2660011	1.0	S	0.0
Acaspe_EP00035_Acanthoeca_spectabilis_P013064	Plajan_Pjan_C560135_01	1.0	S	0.0
Acaspe_EP00035_Acanthoeca_spectabilis_P013064	Bralan_BLAG13000622_1	1.0	S	0.0
Acaspe_EP00035_Acanthoeca_spectabilis_P013064	Gasp_gasp1.m3.7264.m1	1.0	S	0.0
Acaspe_EP00035_Acanthoeca_spectabilis_P013064	Xestes_maker-XT_scaffold128004-snap-gene-0.2-mRNA-1	1.0	S	0.0
Acaspe_EP00035_Acanthoeca_spectabilis_P013064	Hsap_ENST00000614443	1.0	S	0.0
Acaspe_EP00035_Acanthoeca_spectabilis_P013064	HoiH23_PlH23_004365-RA	1.0	S	0.0
Acaspe_EP00035_Acanthoeca_spectabilis_P013064	Plespi_Pspi_C612352_01	1.0	S	0.0
Acaspe_EP00035_Acanthoeca_spectabilis_P013064	TrH2_TrispH2_005317-RA	1.0	S	0.0
Acaspe_EP00035_Acanthoeca_spectabilis_P013064	Spolac_c91573_g2_i1_m.7024c91573-g1	1.0	S	0.0
Acaspe_EP00035_Acanthoeca_spectabilis_P013064	Bolinf_Binf_sb1220299	1.0	S	0.0
Acaspe_EP00035_Acanthoeca_spectabilis_P013064	Beraby_Baby_sb324206	1.0	S	0.0
Acaspe_EP00035_Acanthoeca_spectabilis_P013064	Morvir_scaffold414.g8.t1	1.0	S	0.0
Acaspe_EP00035_Acanthoeca_spectabilis_P013064	Tetwil_g25780.t1	1.0	S	0.0
Acaspe_EP00035_Acanthoeca_spectabilis_P013064	Bolinf_Binf_sb1216733	1.0	S	0.0
Acaspe_EP00035_Acanthoeca_spectabilis_P013064	Spur_XM_030996286.1	1.0	S	0.0
Acaspe_EP00035_Acanthoeca_spectabilis_P013064	HoiH04_mRNA11870	1.0	S	0.0
Acaspe_EP00035_Acanthoeca_spectabilis_P013064	Chem_TCONS_00014455	1.0	S	0.0
Acaspe_EP00035_Acanthoeca_spectabilis_P013064	Aaur_scaffold168.g1.t1	1.0	S	0.0
Acaspe_EP00035_Acanthoeca_spectabilis_P013064	Gfas_gfas1.m1.6571.m1	1.0	S	0.0
Acaspe_EP00035_Acanthoeca_spectabilis_P013064	Stycar_maker-SC_scaffold84839-augustus-gene-0.9-mRNA-1	1.0	S	0.0
Acaspe_EP00035_Acanthoeca_spectabilis_P013064	Mertsp_Mesp_sb549529	1.0	S	0.0
Acaspe_EP00035_Acanthoeca_spectabilis_P013064	Nemnom_g12041.t1	1.0	S	0.0
Acaspe_EP00035_Acanthoeca_spectabilis_P013064	Ctel_gnl_WGS_AMQN_CAPTEDRAFT_mRNA138269	1.0	S	0.0
Acaspe_EP00035_Acanthoeca_spectabilis_P013064	Clacor_Ccor_scaffold7108_01	1.0	S	0.0
Acaspe_EP00035_Acanthoeca_spectabilis_P013064	Opea_EP00118_Oscarella_pearsei_P011784	1.0	S	0.0
Acaspe_EP00035_Acanthoeca_spectabilis_P013064	Mlei_ML0084.g1.i1	1.0	S	0.0
Acaspe_EP00035_Acanthoeca_spectabilis_P013064	Rhoesc_Res_016409-T1	1.0	S	0.0
Acaspe_EP00035_Acanthoeca_spectabilis_P013064	Tcas_TC014480_001	1.0	S	0.0
Acaspe_EP00035_Acanthoeca_spectabilis_P013064	Vmul_SimC371547	1.0	S	0.0
Acaspe_EP00035_Acanthoeca_spectabilis_P013064	Pocdam_XM_027203830.1	1.0	S	0.0
Acaspe_EP00035_Acanthoeca_spectabilis_P013064	Spis_XP_022803145_1	1.0	S	0.0
Acaspe_EP00035_Acanthoeca_spectabilis_P013064	Ocar_g9664	1.0	S	0.0
Acaspe_EP00035_Acanthoeca_spectabilis_P013064	Nvec_v1g209576	1.0	S	0.0
Acaspe_EP00035_Acanthoeca_spectabilis_P013064	Hvul_g29898_1	1.0	S	0.0
Acaspe_EP00035_Acanthoeca_spectabilis_P013064	Halamb_c53629_g2_i2m.36059	1.0	S	0.0
Acaspe_EP00035_Acanthoeca_spectabilis_P013064	Fspp_ffun1.m4.12692.m1	1.0	S	0.0
Acaspe_EP00035_Acanthoeca_spectabilis_P013064	Sanmal_Sma_011645-T1	1.0	S	0.0
Acaspe_EP00035_Acanthoeca_spectabilis_P013064	Tadh_TriadT28955	1.0	S	0.0
Acaspe_EP00035_Acanthoeca_spectabilis_P013064	Dpul_mRNA2261	1.0	S	0.0
Acaspe_EP00035_Acanthoeca_spectabilis_P013064	Acagra_model.g2031.t1.1.5d3b8378	1.0	S	0.0
Acaspe_EP00035_Acanthoeca_spectabilis_P013064	Lampan_Lpan_C415091_01	1.0	S	0.0
Acaspe_EP00035_Acanthoeca_spectabilis_P013064	HoiH11_mRNA3955	1.0	S	0.0
Acaspe_EP00035_Acanthoeca_spectabilis_P013064	Pbac_sb2664413	1.0	S	0.0
Acaspe_EP00035_Acanthoeca_spectabilis_P013064	Adig_XM_015904181.1	1.0	S	0.0
Acaspe_EP00035_Acanthoeca_spectabilis_P013064	Stycar_snap_masked-SC_scaffold36053-processed-gene-0.1-mRNA-1	1.0	S	0.0
Acaspe_EP00035_Acanthoeca_spectabilis_P013064	Horcal_Hcv1.av93.c13.g336.i1	1.0	S	0.0
Acaspe_EP00035_Acanthoeca_spectabilis_P013064	Hhon_g06887.t1	1.0	S	0.0
Acaspe_EP00035_Acanthoeca_spectabilis_P013064	Cscu_XM_023371756.1	1.0	S	0.0
Acaspe_EP00035_Acanthoeca_spectabilis_P013064	Bolinf_Binf_sb1220300	1.0	S	0.0
Acaspe_EP00035_Acanthoeca_spectabilis_P013064	Lcom_lcpid34176	1.0	S	0.0
Acaspe_EP00035_Acanthoeca_spectabilis_P013064	Mlei_ML0021.g5.i1	1.0	S	0.0
Acaspe_EP00035_Acanthoeca_spectabilis_P013064	Scil_scict014551.1	1.0	S	0.0
Acaspe_EP00035_Acanthoeca_spectabilis_P013064	Spur_XM_786416.5	1.0	S	0.0
Acaspe_EP00035_Acanthoeca_spectabilis_P013064	Exapal_XM_021037786.2	1.0	S	0.0
Acaspe_EP00035_Acanthoeca_spectabilis_P013064	Emue_Em0011g49a.t1	1.0	S	0.0
Acaspe_EP00035_Acanthoeca_spectabilis_P013064	Coemet_Cmet_scaffold16074_01	1.0	S	0.0
Acaspe_EP00035_Acanthoeca_spectabilis_P013064	Pbac_sb2666617	1.0	S	0.0
Acaspe_EP00035_Acanthoeca_spectabilis_P013064	Skow_XM_006816532.1	1.0	S	0.0
Acaspe_EP00035_Acanthoeca_spectabilis_P013064	Horcal_Hcv1.av93.c10.g582.i1	1.0	S	0.0
Acaspe_EP00035_Acanthoeca_spectabilis_P013064	Stycar_maker-SC_scaffold138306-augustus-gene-0.4-mRNA-1	1.0	S	0.0
Acaspe_EP00035_Acanthoeca_spectabilis_P013064	Pbac_sb2652734	1.0	S	0.0
Acaspe_EP00035_Acanthoeca_spectabilis_P013064	Cgig_XM_034456211.1	1.0	S	0.0
Acaspe_EP00035_Acanthoeca_spectabilis_P013064	Vmul_Simscaffold13461_01	1.0	S	0.0
Acaspe_EP00035_Acanthoeca_spectabilis_P013064	Dgig_XM_028548763.1	1.0	S	0.0
Acaspe_EP00035_Acanthoeca_spectabilis_P013064	Mertsp_Mesp_sb549530	1.0	S	0.0
Acaspe_EP00035_Acanthoeca_spectabilis_P013064	Leuniv_Lniv_scaffold25744_01	1.0	S	0.0
Acaspe_EP00035_Acanthoeca_spectabilis_P013064	Spolac_c91573_g1_i1_m.7023c91573-g1	1.0	S	0.0
Acaspe_EP00035_Acanthoeca_spectabilis_P013064	Pbac_sb2660011	1.0	S	0.0
Choper_EP00045_Choanoeca_perplexa_P004381	Plajan_Pjan_C560135_01	1.0	S	0.0
Choper_EP00045_Choanoeca_perplexa_P004381	Bralan_BLAG13000622_1	1.0	S	0.0
Choper_EP00045_Choanoeca_perplexa_P004381	Gasp_gasp1.m3.7264.m1	1.0	S	0.0
Choper_EP00045_Choanoeca_perplexa_P004381	Xestes_maker-XT_scaffold128004-snap-gene-0.2-mRNA-1	1.0	S	0.0
Choper_EP00045_Choanoeca_perplexa_P004381	Hsap_ENST00000614443	1.0	S	0.0
Choper_EP00045_Choanoeca_perplexa_P004381	HoiH23_PlH23_004365-RA	1.0	S	0.0
Choper_EP00045_Choanoeca_perplexa_P004381	Plespi_Pspi_C612352_01	1.0	S	0.0
Choper_EP00045_Choanoeca_perplexa_P004381	TrH2_TrispH2_005317-RA	1.0	S	0.0
Choper_EP00045_Choanoeca_perplexa_P004381	Spolac_c91573_g2_i1_m.7024c91573-g1	1.0	S	0.0
Choper_EP00045_Choanoeca_perplexa_P004381	Bolinf_Binf_sb1220299	1.0	S	0.0
Choper_EP00045_Choanoeca_perplexa_P004381	Beraby_Baby_sb324206	1.0	S	0.0
Choper_EP00045_Choanoeca_perplexa_P004381	Morvir_scaffold414.g8.t1	1.0	S	0.0
Choper_EP00045_Choanoeca_perplexa_P004381	Tetwil_g25780.t1	1.0	S	0.0
Choper_EP00045_Choanoeca_perplexa_P004381	Bolinf_Binf_sb1216733	1.0	S	0.0
Choper_EP00045_Choanoeca_perplexa_P004381	Spur_XM_030996286.1	1.0	S	0.0
Choper_EP00045_Choanoeca_perplexa_P004381	HoiH04_mRNA11870	1.0	S	0.0
Choper_EP00045_Choanoeca_perplexa_P004381	Chem_TCONS_00014455	1.0	S	0.0
Choper_EP00045_Choanoeca_perplexa_P004381	Aaur_scaffold168.g1.t1	1.0	S	0.0
Choper_EP00045_Choanoeca_perplexa_P004381	Gfas_gfas1.m1.6571.m1	1.0	S	0.0
Choper_EP00045_Choanoeca_perplexa_P004381	Stycar_maker-SC_scaffold84839-augustus-gene-0.9-mRNA-1	1.0	S	0.0
Choper_EP00045_Choanoeca_perplexa_P004381	Mertsp_Mesp_sb549529	1.0	S	0.0
Choper_EP00045_Choanoeca_perplexa_P004381	Nemnom_g12041.t1	1.0	S	0.0
Choper_EP00045_Choanoeca_perplexa_P004381	Ctel_gnl_WGS_AMQN_CAPTEDRAFT_mRNA138269	1.0	S	0.0
Choper_EP00045_Choanoeca_perplexa_P004381	Clacor_Ccor_scaffold7108_01	1.0	S	0.0
Choper_EP00045_Choanoeca_perplexa_P004381	Opea_EP00118_Oscarella_pearsei_P011784	1.0	S	0.0
Choper_EP00045_Choanoeca_perplexa_P004381	Mlei_ML0084.g1.i1	1.0	S	0.0
Choper_EP00045_Choanoeca_perplexa_P004381	Rhoesc_Res_016409-T1	1.0	S	0.0
Choper_EP00045_Choanoeca_perplexa_P004381	Tcas_TC014480_001	1.0	S	0.0
Choper_EP00045_Choanoeca_perplexa_P004381	Vmul_SimC371547	1.0	S	0.0
Choper_EP00045_Choanoeca_perplexa_P004381	Pocdam_XM_027203830.1	1.0	S	0.0
Choper_EP00045_Choanoeca_perplexa_P004381	Spis_XP_022803145_1	1.0	S	0.0
Choper_EP00045_Choanoeca_perplexa_P004381	Ocar_g9664	1.0	S	0.0
Choper_EP00045_Choanoeca_perplexa_P004381	Nvec_v1g209576	1.0	S	0.0
Choper_EP00045_Choanoeca_perplexa_P004381	Hvul_g29898_1	1.0	S	0.0
Choper_EP00045_Choanoeca_perplexa_P004381	Halamb_c53629_g2_i2m.36059	1.0	S	0.0
Choper_EP00045_Choanoeca_perplexa_P004381	Fspp_ffun1.m4.12692.m1	1.0	S	0.0
Choper_EP00045_Choanoeca_perplexa_P004381	Sanmal_Sma_011645-T1	1.0	S	0.0
Choper_EP00045_Choanoeca_perplexa_P004381	Tadh_TriadT28955	1.0	S	0.0
Choper_EP00045_Choanoeca_perplexa_P004381	Dpul_mRNA2261	1.0	S	0.0
Choper_EP00045_Choanoeca_perplexa_P004381	Acagra_model.g2031.t1.1.5d3b8378	1.0	S	0.0
Choper_EP00045_Choanoeca_perplexa_P004381	Lampan_Lpan_C415091_01	1.0	S	0.0
Choper_EP00045_Choanoeca_perplexa_P004381	HoiH11_mRNA3955	1.0	S	0.0
Choper_EP00045_Choanoeca_perplexa_P004381	Pbac_sb2664413	1.0	S	0.0
Choper_EP00045_Choanoeca_perplexa_P004381	Adig_XM_015904181.1	1.0	S	0.0
Choper_EP00045_Choanoeca_perplexa_P004381	Stycar_snap_masked-SC_scaffold36053-processed-gene-0.1-mRNA-1	1.0	S	0.0
Choper_EP00045_Choanoeca_perplexa_P004381	Horcal_Hcv1.av93.c13.g336.i1	1.0	S	0.0
Choper_EP00045_Choanoeca_perplexa_P004381	Hhon_g06887.t1	1.0	S	0.0
Choper_EP00045_Choanoeca_perplexa_P004381	Cscu_XM_023371756.1	1.0	S	0.0
Choper_EP00045_Choanoeca_perplexa_P004381	Bolinf_Binf_sb1220300	1.0	S	0.0
Choper_EP00045_Choanoeca_perplexa_P004381	Lcom_lcpid34176	1.0	S	0.0
Choper_EP00045_Choanoeca_perplexa_P004381	Mlei_ML0021.g5.i1	1.0	S	0.0
Choper_EP00045_Choanoeca_perplexa_P004381	Scil_scict014551.1	1.0	S	0.0
Choper_EP00045_Choanoeca_perplexa_P004381	Spur_XM_786416.5	1.0	S	0.0
Choper_EP00045_Choanoeca_perplexa_P004381	Exapal_XM_021037786.2	1.0	S	0.0
Choper_EP00045_Choanoeca_perplexa_P004381	Emue_Em0011g49a.t1	1.0	S	0.0
Choper_EP00045_Choanoeca_perplexa_P004381	Coemet_Cmet_scaffold16074_01	1.0	S	0.0
Choper_EP00045_Choanoeca_perplexa_P004381	Pbac_sb2666617	1.0	S	0.0
Choper_EP00045_Choanoeca_perplexa_P004381	Skow_XM_006816532.1	1.0	S	0.0
Choper_EP00045_Choanoeca_perplexa_P004381	Horcal_Hcv1.av93.c10.g582.i1	1.0	S	0.0
Choper_EP00045_Choanoeca_perplexa_P004381	Stycar_maker-SC_scaffold138306-augustus-gene-0.4-mRNA-1	1.0	S	0.0
Choper_EP00045_Choanoeca_perplexa_P004381	Pbac_sb2652734	1.0	S	0.0
Choper_EP00045_Choanoeca_perplexa_P004381	Cgig_XM_034456211.1	1.0	S	0.0
Choper_EP00045_Choanoeca_perplexa_P004381	Vmul_Simscaffold13461_01	1.0	S	0.0
Choper_EP00045_Choanoeca_perplexa_P004381	Dgig_XM_028548763.1	1.0	S	0.0
Choper_EP00045_Choanoeca_perplexa_P004381	Mertsp_Mesp_sb549530	1.0	S	0.0
Choper_EP00045_Choanoeca_perplexa_P004381	Leuniv_Lniv_scaffold25744_01	1.0	S	0.0
Choper_EP00045_Choanoeca_perplexa_P004381	Spolac_c91573_g1_i1_m.7023c91573-g1	1.0	S	0.0
Choper_EP00045_Choanoeca_perplexa_P004381	Pbac_sb2660011	1.0	S	0.0
Salinf_EP00049_Salpingoeca_infusionum_P028096	Plajan_Pjan_C560135_01	1.0	S	0.0
Salinf_EP00049_Salpingoeca_infusionum_P028096	Bralan_BLAG13000622_1	1.0	S	0.0
Salinf_EP00049_Salpingoeca_infusionum_P028096	Gasp_gasp1.m3.7264.m1	1.0	S	0.0
Salinf_EP00049_Salpingoeca_infusionum_P028096	Xestes_maker-XT_scaffold128004-snap-gene-0.2-mRNA-1	1.0	S	0.0
Salinf_EP00049_Salpingoeca_infusionum_P028096	Hsap_ENST00000614443	1.0	S	0.0
Salinf_EP00049_Salpingoeca_infusionum_P028096	HoiH23_PlH23_004365-RA	1.0	S	0.0
Salinf_EP00049_Salpingoeca_infusionum_P028096	Plespi_Pspi_C612352_01	1.0	S	0.0
Salinf_EP00049_Salpingoeca_infusionum_P028096	TrH2_TrispH2_005317-RA	1.0	S	0.0
Salinf_EP00049_Salpingoeca_infusionum_P028096	Spolac_c91573_g2_i1_m.7024c91573-g1	1.0	S	0.0
Salinf_EP00049_Salpingoeca_infusionum_P028096	Bolinf_Binf_sb1220299	1.0	S	0.0
Salinf_EP00049_Salpingoeca_infusionum_P028096	Beraby_Baby_sb324206	1.0	S	0.0
Salinf_EP00049_Salpingoeca_infusionum_P028096	Morvir_scaffold414.g8.t1	1.0	S	0.0
Salinf_EP00049_Salpingoeca_infusionum_P028096	Tetwil_g25780.t1	1.0	S	0.0
Salinf_EP00049_Salpingoeca_infusionum_P028096	Bolinf_Binf_sb1216733	1.0	S	0.0
Salinf_EP00049_Salpingoeca_infusionum_P028096	Spur_XM_030996286.1	1.0	S	0.0
Salinf_EP00049_Salpingoeca_infusionum_P028096	HoiH04_mRNA11870	1.0	S	0.0
Salinf_EP00049_Salpingoeca_infusionum_P028096	Chem_TCONS_00014455	1.0	S	0.0
Salinf_EP00049_Salpingoeca_infusionum_P028096	Aaur_scaffold168.g1.t1	1.0	S	0.0
Salinf_EP00049_Salpingoeca_infusionum_P028096	Gfas_gfas1.m1.6571.m1	1.0	S	0.0
Salinf_EP00049_Salpingoeca_infusionum_P028096	Stycar_maker-SC_scaffold84839-augustus-gene-0.9-mRNA-1	1.0	S	0.0
Salinf_EP00049_Salpingoeca_infusionum_P028096	Mertsp_Mesp_sb549529	1.0	S	0.0
Salinf_EP00049_Salpingoeca_infusionum_P028096	Nemnom_g12041.t1	1.0	S	0.0
Salinf_EP00049_Salpingoeca_infusionum_P028096	Ctel_gnl_WGS_AMQN_CAPTEDRAFT_mRNA138269	1.0	S	0.0
Salinf_EP00049_Salpingoeca_infusionum_P028096	Clacor_Ccor_scaffold7108_01	1.0	S	0.0
Salinf_EP00049_Salpingoeca_infusionum_P028096	Opea_EP00118_Oscarella_pearsei_P011784	1.0	S	0.0
Salinf_EP00049_Salpingoeca_infusionum_P028096	Mlei_ML0084.g1.i1	1.0	S	0.0
Salinf_EP00049_Salpingoeca_infusionum_P028096	Rhoesc_Res_016409-T1	1.0	S	0.0
Salinf_EP00049_Salpingoeca_infusionum_P028096	Tcas_TC014480_001	1.0	S	0.0
Salinf_EP00049_Salpingoeca_infusionum_P028096	Vmul_SimC371547	1.0	S	0.0
Salinf_EP00049_Salpingoeca_infusionum_P028096	Pocdam_XM_027203830.1	1.0	S	0.0
Salinf_EP00049_Salpingoeca_infusionum_P028096	Spis_XP_022803145_1	1.0	S	0.0
Salinf_EP00049_Salpingoeca_infusionum_P028096	Ocar_g9664	1.0	S	0.0
Salinf_EP00049_Salpingoeca_infusionum_P028096	Nvec_v1g209576	1.0	S	0.0
Salinf_EP00049_Salpingoeca_infusionum_P028096	Hvul_g29898_1	1.0	S	0.0
Salinf_EP00049_Salpingoeca_infusionum_P028096	Halamb_c53629_g2_i2m.36059	1.0	S	0.0
Salinf_EP00049_Salpingoeca_infusionum_P028096	Fspp_ffun1.m4.12692.m1	1.0	S	0.0
Salinf_EP00049_Salpingoeca_infusionum_P028096	Sanmal_Sma_011645-T1	1.0	S	0.0
Salinf_EP00049_Salpingoeca_infusionum_P028096	Tadh_TriadT28955	1.0	S	0.0
Salinf_EP00049_Salpingoeca_infusionum_P028096	Dpul_mRNA2261	1.0	S	0.0
Salinf_EP00049_Salpingoeca_infusionum_P028096	Acagra_model.g2031.t1.1.5d3b8378	1.0	S	0.0
Salinf_EP00049_Salpingoeca_infusionum_P028096	Lampan_Lpan_C415091_01	1.0	S	0.0
Salinf_EP00049_Salpingoeca_infusionum_P028096	HoiH11_mRNA3955	1.0	S	0.0
Salinf_EP00049_Salpingoeca_infusionum_P028096	Pbac_sb2664413	1.0	S	0.0
Salinf_EP00049_Salpingoeca_infusionum_P028096	Adig_XM_015904181.1	1.0	S	0.0
Salinf_EP00049_Salpingoeca_infusionum_P028096	Stycar_snap_masked-SC_scaffold36053-processed-gene-0.1-mRNA-1	1.0	S	0.0
Salinf_EP00049_Salpingoeca_infusionum_P028096	Horcal_Hcv1.av93.c13.g336.i1	1.0	S	0.0
Salinf_EP00049_Salpingoeca_infusionum_P028096	Hhon_g06887.t1	1.0	S	0.0
Salinf_EP00049_Salpingoeca_infusionum_P028096	Cscu_XM_023371756.1	1.0	S	0.0
Salinf_EP00049_Salpingoeca_infusionum_P028096	Bolinf_Binf_sb1220300	1.0	S	0.0
Salinf_EP00049_Salpingoeca_infusionum_P028096	Lcom_lcpid34176	1.0	S	0.0
Salinf_EP00049_Salpingoeca_infusionum_P028096	Mlei_ML0021.g5.i1	1.0	S	0.0
Salinf_EP00049_Salpingoeca_infusionum_P028096	Scil_scict014551.1	1.0	S	0.0
Salinf_EP00049_Salpingoeca_infusionum_P028096	Spur_XM_786416.5	1.0	S	0.0
Salinf_EP00049_Salpingoeca_infusionum_P028096	Exapal_XM_021037786.2	1.0	S	0.0
Salinf_EP00049_Salpingoeca_infusionum_P028096	Emue_Em0011g49a.t1	1.0	S	0.0
Salinf_EP00049_Salpingoeca_infusionum_P028096	Coemet_Cmet_scaffold16074_01	1.0	S	0.0
Salinf_EP00049_Salpingoeca_infusionum_P028096	Pbac_sb2666617	1.0	S	0.0
Salinf_EP00049_Salpingoeca_infusionum_P028096	Skow_XM_006816532.1	1.0	S	0.0
Salinf_EP00049_Salpingoeca_infusionum_P028096	Horcal_Hcv1.av93.c10.g582.i1	1.0	S	0.0
Salinf_EP00049_Salpingoeca_infusionum_P028096	Stycar_maker-SC_scaffold138306-augustus-gene-0.4-mRNA-1	1.0	S	0.0
Salinf_EP00049_Salpingoeca_infusionum_P028096	Pbac_sb2652734	1.0	S	0.0
Salinf_EP00049_Salpingoeca_infusionum_P028096	Cgig_XM_034456211.1	1.0	S	0.0
Salinf_EP00049_Salpingoeca_infusionum_P028096	Vmul_Simscaffold13461_01	1.0	S	0.0
Salinf_EP00049_Salpingoeca_infusionum_P028096	Dgig_XM_028548763.1	1.0	S	0.0
Salinf_EP00049_Salpingoeca_infusionum_P028096	Mertsp_Mesp_sb549530	1.0	S	0.0
Salinf_EP00049_Salpingoeca_infusionum_P028096	Leuniv_Lniv_scaffold25744_01	1.0	S	0.0
Salinf_EP00049_Salpingoeca_infusionum_P028096	Spolac_c91573_g1_i1_m.7023c91573-g1	1.0	S	0.0
Salinf_EP00049_Salpingoeca_infusionum_P028096	Pbac_sb2660011	1.0	S	0.0
Saldol_EP00054_Salpingoeca_dolichothecata_P024193	Plajan_Pjan_C560135_01	1.0	S	0.0
Saldol_EP00054_Salpingoeca_dolichothecata_P024193	Bralan_BLAG13000622_1	1.0	S	0.0
Saldol_EP00054_Salpingoeca_dolichothecata_P024193	Gasp_gasp1.m3.7264.m1	1.0	S	0.0
Saldol_EP00054_Salpingoeca_dolichothecata_P024193	Xestes_maker-XT_scaffold128004-snap-gene-0.2-mRNA-1	1.0	S	0.0
Saldol_EP00054_Salpingoeca_dolichothecata_P024193	Hsap_ENST00000614443	1.0	S	0.0
Saldol_EP00054_Salpingoeca_dolichothecata_P024193	HoiH23_PlH23_004365-RA	1.0	S	0.0
Saldol_EP00054_Salpingoeca_dolichothecata_P024193	Plespi_Pspi_C612352_01	1.0	S	0.0
Saldol_EP00054_Salpingoeca_dolichothecata_P024193	TrH2_TrispH2_005317-RA	1.0	S	0.0
Saldol_EP00054_Salpingoeca_dolichothecata_P024193	Spolac_c91573_g2_i1_m.7024c91573-g1	1.0	S	0.0
Saldol_EP00054_Salpingoeca_dolichothecata_P024193	Bolinf_Binf_sb1220299	1.0	S	0.0
Saldol_EP00054_Salpingoeca_dolichothecata_P024193	Beraby_Baby_sb324206	1.0	S	0.0
Saldol_EP00054_Salpingoeca_dolichothecata_P024193	Morvir_scaffold414.g8.t1	1.0	S	0.0
Saldol_EP00054_Salpingoeca_dolichothecata_P024193	Tetwil_g25780.t1	1.0	S	0.0
Saldol_EP00054_Salpingoeca_dolichothecata_P024193	Bolinf_Binf_sb1216733	1.0	S	0.0
Saldol_EP00054_Salpingoeca_dolichothecata_P024193	Spur_XM_030996286.1	1.0	S	0.0
Saldol_EP00054_Salpingoeca_dolichothecata_P024193	HoiH04_mRNA11870	1.0	S	0.0
Saldol_EP00054_Salpingoeca_dolichothecata_P024193	Chem_TCONS_00014455	1.0	S	0.0
Saldol_EP00054_Salpingoeca_dolichothecata_P024193	Aaur_scaffold168.g1.t1	1.0	S	0.0
Saldol_EP00054_Salpingoeca_dolichothecata_P024193	Gfas_gfas1.m1.6571.m1	1.0	S	0.0
Saldol_EP00054_Salpingoeca_dolichothecata_P024193	Stycar_maker-SC_scaffold84839-augustus-gene-0.9-mRNA-1	1.0	S	0.0
Saldol_EP00054_Salpingoeca_dolichothecata_P024193	Mertsp_Mesp_sb549529	1.0	S	0.0
Saldol_EP00054_Salpingoeca_dolichothecata_P024193	Nemnom_g12041.t1	1.0	S	0.0
Saldol_EP00054_Salpingoeca_dolichothecata_P024193	Ctel_gnl_WGS_AMQN_CAPTEDRAFT_mRNA138269	1.0	S	0.0
Saldol_EP00054_Salpingoeca_dolichothecata_P024193	Clacor_Ccor_scaffold7108_01	1.0	S	0.0
Saldol_EP00054_Salpingoeca_dolichothecata_P024193	Opea_EP00118_Oscarella_pearsei_P011784	1.0	S	0.0
Saldol_EP00054_Salpingoeca_dolichothecata_P024193	Mlei_ML0084.g1.i1	1.0	S	0.0
Saldol_EP00054_Salpingoeca_dolichothecata_P024193	Rhoesc_Res_016409-T1	1.0	S	0.0
Saldol_EP00054_Salpingoeca_dolichothecata_P024193	Tcas_TC014480_001	1.0	S	0.0
Saldol_EP00054_Salpingoeca_dolichothecata_P024193	Vmul_SimC371547	1.0	S	0.0
Saldol_EP00054_Salpingoeca_dolichothecata_P024193	Pocdam_XM_027203830.1	1.0	S	0.0
Saldol_EP00054_Salpingoeca_dolichothecata_P024193	Spis_XP_022803145_1	1.0	S	0.0
Saldol_EP00054_Salpingoeca_dolichothecata_P024193	Ocar_g9664	1.0	S	0.0
Saldol_EP00054_Salpingoeca_dolichothecata_P024193	Nvec_v1g209576	1.0	S	0.0
Saldol_EP00054_Salpingoeca_dolichothecata_P024193	Hvul_g29898_1	1.0	S	0.0
Saldol_EP00054_Salpingoeca_dolichothecata_P024193	Halamb_c53629_g2_i2m.36059	1.0	S	0.0
Saldol_EP00054_Salpingoeca_dolichothecata_P024193	Fspp_ffun1.m4.12692.m1	1.0	S	0.0
Saldol_EP00054_Salpingoeca_dolichothecata_P024193	Sanmal_Sma_011645-T1	1.0	S	0.0
Saldol_EP00054_Salpingoeca_dolichothecata_P024193	Tadh_TriadT28955	1.0	S	0.0
Saldol_EP00054_Salpingoeca_dolichothecata_P024193	Dpul_mRNA2261	1.0	S	0.0
Saldol_EP00054_Salpingoeca_dolichothecata_P024193	Acagra_model.g2031.t1.1.5d3b8378	1.0	S	0.0
Saldol_EP00054_Salpingoeca_dolichothecata_P024193	Lampan_Lpan_C415091_01	1.0	S	0.0
Saldol_EP00054_Salpingoeca_dolichothecata_P024193	HoiH11_mRNA3955	1.0	S	0.0
Saldol_EP00054_Salpingoeca_dolichothecata_P024193	Pbac_sb2664413	1.0	S	0.0
Saldol_EP00054_Salpingoeca_dolichothecata_P024193	Adig_XM_015904181.1	1.0	S	0.0
Saldol_EP00054_Salpingoeca_dolichothecata_P024193	Stycar_snap_masked-SC_scaffold36053-processed-gene-0.1-mRNA-1	1.0	S	0.0
Saldol_EP00054_Salpingoeca_dolichothecata_P024193	Horcal_Hcv1.av93.c13.g336.i1	1.0	S	0.0
Saldol_EP00054_Salpingoeca_dolichothecata_P024193	Hhon_g06887.t1	1.0	S	0.0
Saldol_EP00054_Salpingoeca_dolichothecata_P024193	Cscu_XM_023371756.1	1.0	S	0.0
Saldol_EP00054_Salpingoeca_dolichothecata_P024193	Bolinf_Binf_sb1220300	1.0	S	0.0
Saldol_EP00054_Salpingoeca_dolichothecata_P024193	Lcom_lcpid34176	1.0	S	0.0
Saldol_EP00054_Salpingoeca_dolichothecata_P024193	Mlei_ML0021.g5.i1	1.0	S	0.0
Saldol_EP00054_Salpingoeca_dolichothecata_P024193	Scil_scict014551.1	1.0	S	0.0
Saldol_EP00054_Salpingoeca_dolichothecata_P024193	Spur_XM_786416.5	1.0	S	0.0
Saldol_EP00054_Salpingoeca_dolichothecata_P024193	Exapal_XM_021037786.2	1.0	S	0.0
Saldol_EP00054_Salpingoeca_dolichothecata_P024193	Emue_Em0011g49a.t1	1.0	S	0.0
Saldol_EP00054_Salpingoeca_dolichothecata_P024193	Coemet_Cmet_scaffold16074_01	1.0	S	0.0
Saldol_EP00054_Salpingoeca_dolichothecata_P024193	Pbac_sb2666617	1.0	S	0.0
Saldol_EP00054_Salpingoeca_dolichothecata_P024193	Skow_XM_006816532.1	1.0	S	0.0
Saldol_EP00054_Salpingoeca_dolichothecata_P024193	Horcal_Hcv1.av93.c10.g582.i1	1.0	S	0.0
Saldol_EP00054_Salpingoeca_dolichothecata_P024193	Stycar_maker-SC_scaffold138306-augustus-gene-0.4-mRNA-1	1.0	S	0.0
Saldol_EP00054_Salpingoeca_dolichothecata_P024193	Pbac_sb2652734	1.0	S	0.0
Saldol_EP00054_Salpingoeca_dolichothecata_P024193	Cgig_XM_034456211.1	1.0	S	0.0
Saldol_EP00054_Salpingoeca_dolichothecata_P024193	Vmul_Simscaffold13461_01	1.0	S	0.0
Saldol_EP00054_Salpingoeca_dolichothecata_P024193	Dgig_XM_028548763.1	1.0	S	0.0
Saldol_EP00054_Salpingoeca_dolichothecata_P024193	Mertsp_Mesp_sb549530	1.0	S	0.0
Saldol_EP00054_Salpingoeca_dolichothecata_P024193	Leuniv_Lniv_scaffold25744_01	1.0	S	0.0
Saldol_EP00054_Salpingoeca_dolichothecata_P024193	Spolac_c91573_g1_i1_m.7023c91573-g1	1.0	S	0.0
Saldol_EP00054_Salpingoeca_dolichothecata_P024193	Pbac_sb2660011	1.0	S	0.0
Sros_EGD73059	Plajan_Pjan_C560135_01	1.0	S	0.0
Sros_EGD73059	Bralan_BLAG13000622_1	1.0	S	0.0
Sros_EGD73059	Gasp_gasp1.m3.7264.m1	1.0	S	0.0
Sros_EGD73059	Xestes_maker-XT_scaffold128004-snap-gene-0.2-mRNA-1	1.0	S	0.0
Sros_EGD73059	Hsap_ENST00000614443	1.0	S	0.0
Sros_EGD73059	HoiH23_PlH23_004365-RA	1.0	S	0.0
Sros_EGD73059	Plespi_Pspi_C612352_01	1.0	S	0.0
Sros_EGD73059	TrH2_TrispH2_005317-RA	1.0	S	0.0
Sros_EGD73059	Spolac_c91573_g2_i1_m.7024c91573-g1	1.0	S	0.0
Sros_EGD73059	Bolinf_Binf_sb1220299	1.0	S	0.0
Sros_EGD73059	Beraby_Baby_sb324206	1.0	S	0.0
Sros_EGD73059	Morvir_scaffold414.g8.t1	1.0	S	0.0
Sros_EGD73059	Tetwil_g25780.t1	1.0	S	0.0
Sros_EGD73059	Bolinf_Binf_sb1216733	1.0	S	0.0
Sros_EGD73059	Spur_XM_030996286.1	1.0	S	0.0
Sros_EGD73059	HoiH04_mRNA11870	1.0	S	0.0
Sros_EGD73059	Chem_TCONS_00014455	1.0	S	0.0
Sros_EGD73059	Aaur_scaffold168.g1.t1	1.0	S	0.0
Sros_EGD73059	Gfas_gfas1.m1.6571.m1	1.0	S	0.0
Sros_EGD73059	Stycar_maker-SC_scaffold84839-augustus-gene-0.9-mRNA-1	1.0	S	0.0
Sros_EGD73059	Mertsp_Mesp_sb549529	1.0	S	0.0
Sros_EGD73059	Nemnom_g12041.t1	1.0	S	0.0
Sros_EGD73059	Ctel_gnl_WGS_AMQN_CAPTEDRAFT_mRNA138269	1.0	S	0.0
Sros_EGD73059	Clacor_Ccor_scaffold7108_01	1.0	S	0.0
Sros_EGD73059	Opea_EP00118_Oscarella_pearsei_P011784	1.0	S	0.0
Sros_EGD73059	Mlei_ML0084.g1.i1	1.0	S	0.0
Sros_EGD73059	Rhoesc_Res_016409-T1	1.0	S	0.0
Sros_EGD73059	Tcas_TC014480_001	1.0	S	0.0
Sros_EGD73059	Vmul_SimC371547	1.0	S	0.0
Sros_EGD73059	Pocdam_XM_027203830.1	1.0	S	0.0
Sros_EGD73059	Spis_XP_022803145_1	1.0	S	0.0
Sros_EGD73059	Ocar_g9664	1.0	S	0.0
Sros_EGD73059	Nvec_v1g209576	1.0	S	0.0
Sros_EGD73059	Hvul_g29898_1	1.0	S	0.0
Sros_EGD73059	Halamb_c53629_g2_i2m.36059	1.0	S	0.0
Sros_EGD73059	Fspp_ffun1.m4.12692.m1	1.0	S	0.0
Sros_EGD73059	Sanmal_Sma_011645-T1	1.0	S	0.0
Sros_EGD73059	Tadh_TriadT28955	1.0	S	0.0
Sros_EGD73059	Dpul_mRNA2261	1.0	S	0.0
Sros_EGD73059	Acagra_model.g2031.t1.1.5d3b8378	1.0	S	0.0
Sros_EGD73059	Lampan_Lpan_C415091_01	1.0	S	0.0
Sros_EGD73059	HoiH11_mRNA3955	1.0	S	0.0
Sros_EGD73059	Pbac_sb2664413	1.0	S	0.0
Sros_EGD73059	Adig_XM_015904181.1	1.0	S	0.0
Sros_EGD73059	Stycar_snap_masked-SC_scaffold36053-processed-gene-0.1-mRNA-1	1.0	S	0.0
Sros_EGD73059	Horcal_Hcv1.av93.c13.g336.i1	1.0	S	0.0
Sros_EGD73059	Hhon_g06887.t1	1.0	S	0.0
Sros_EGD73059	Cscu_XM_023371756.1	1.0	S	0.0
Sros_EGD73059	Bolinf_Binf_sb1220300	1.0	S	0.0
Sros_EGD73059	Lcom_lcpid34176	1.0	S	0.0
Sros_EGD73059	Mlei_ML0021.g5.i1	1.0	S	0.0
Sros_EGD73059	Scil_scict014551.1	1.0	S	0.0
Sros_EGD73059	Spur_XM_786416.5	1.0	S	0.0
Sros_EGD73059	Exapal_XM_021037786.2	1.0	S	0.0
Sros_EGD73059	Emue_Em0011g49a.t1	1.0	S	0.0
Sros_EGD73059	Coemet_Cmet_scaffold16074_01	1.0	S	0.0
Sros_EGD73059	Pbac_sb2666617	1.0	S	0.0
Sros_EGD73059	Skow_XM_006816532.1	1.0	S	0.0
Sros_EGD73059	Horcal_Hcv1.av93.c10.g582.i1	1.0	S	0.0
Sros_EGD73059	Stycar_maker-SC_scaffold138306-augustus-gene-0.4-mRNA-1	1.0	S	0.0
Sros_EGD73059	Pbac_sb2652734	1.0	S	0.0
Sros_EGD73059	Cgig_XM_034456211.1	1.0	S	0.0
Sros_EGD73059	Vmul_Simscaffold13461_01	1.0	S	0.0
Sros_EGD73059	Dgig_XM_028548763.1	1.0	S	0.0
Sros_EGD73059	Mertsp_Mesp_sb549530	1.0	S	0.0
Sros_EGD73059	Leuniv_Lniv_scaffold25744_01	1.0	S	0.0
Sros_EGD73059	Spolac_c91573_g1_i1_m.7023c91573-g1	1.0	S	0.0
Sros_EGD73059	Pbac_sb2660011	1.0	S	0.0
Salmac_EP00052_Salpingoeca_macrocollata_P010086	Plajan_Pjan_C560135_01	1.0	S	0.0
Salmac_EP00052_Salpingoeca_macrocollata_P010086	Bralan_BLAG13000622_1	1.0	S	0.0
Salmac_EP00052_Salpingoeca_macrocollata_P010086	Gasp_gasp1.m3.7264.m1	1.0	S	0.0
Salmac_EP00052_Salpingoeca_macrocollata_P010086	Xestes_maker-XT_scaffold128004-snap-gene-0.2-mRNA-1	1.0	S	0.0
Salmac_EP00052_Salpingoeca_macrocollata_P010086	Hsap_ENST00000614443	1.0	S	0.0
Salmac_EP00052_Salpingoeca_macrocollata_P010086	HoiH23_PlH23_004365-RA	1.0	S	0.0
Salmac_EP00052_Salpingoeca_macrocollata_P010086	Plespi_Pspi_C612352_01	1.0	S	0.0
Salmac_EP00052_Salpingoeca_macrocollata_P010086	TrH2_TrispH2_005317-RA	1.0	S	0.0
Salmac_EP00052_Salpingoeca_macrocollata_P010086	Spolac_c91573_g2_i1_m.7024c91573-g1	1.0	S	0.0
Salmac_EP00052_Salpingoeca_macrocollata_P010086	Bolinf_Binf_sb1220299	1.0	S	0.0
Salmac_EP00052_Salpingoeca_macrocollata_P010086	Beraby_Baby_sb324206	1.0	S	0.0
Salmac_EP00052_Salpingoeca_macrocollata_P010086	Morvir_scaffold414.g8.t1	1.0	S	0.0
Salmac_EP00052_Salpingoeca_macrocollata_P010086	Tetwil_g25780.t1	1.0	S	0.0
Salmac_EP00052_Salpingoeca_macrocollata_P010086	Bolinf_Binf_sb1216733	1.0	S	0.0
Salmac_EP00052_Salpingoeca_macrocollata_P010086	Spur_XM_030996286.1	1.0	S	0.0
Salmac_EP00052_Salpingoeca_macrocollata_P010086	HoiH04_mRNA11870	1.0	S	0.0
Salmac_EP00052_Salpingoeca_macrocollata_P010086	Chem_TCONS_00014455	1.0	S	0.0
Salmac_EP00052_Salpingoeca_macrocollata_P010086	Aaur_scaffold168.g1.t1	1.0	S	0.0
Salmac_EP00052_Salpingoeca_macrocollata_P010086	Gfas_gfas1.m1.6571.m1	1.0	S	0.0
Salmac_EP00052_Salpingoeca_macrocollata_P010086	Stycar_maker-SC_scaffold84839-augustus-gene-0.9-mRNA-1	1.0	S	0.0
Salmac_EP00052_Salpingoeca_macrocollata_P010086	Mertsp_Mesp_sb549529	1.0	S	0.0
Salmac_EP00052_Salpingoeca_macrocollata_P010086	Nemnom_g12041.t1	1.0	S	0.0
Salmac_EP00052_Salpingoeca_macrocollata_P010086	Ctel_gnl_WGS_AMQN_CAPTEDRAFT_mRNA138269	1.0	S	0.0
Salmac_EP00052_Salpingoeca_macrocollata_P010086	Clacor_Ccor_scaffold7108_01	1.0	S	0.0
Salmac_EP00052_Salpingoeca_macrocollata_P010086	Opea_EP00118_Oscarella_pearsei_P011784	1.0	S	0.0
Salmac_EP00052_Salpingoeca_macrocollata_P010086	Mlei_ML0084.g1.i1	1.0	S	0.0
Salmac_EP00052_Salpingoeca_macrocollata_P010086	Rhoesc_Res_016409-T1	1.0	S	0.0
Salmac_EP00052_Salpingoeca_macrocollata_P010086	Tcas_TC014480_001	1.0	S	0.0
Salmac_EP00052_Salpingoeca_macrocollata_P010086	Vmul_SimC371547	1.0	S	0.0
Salmac_EP00052_Salpingoeca_macrocollata_P010086	Pocdam_XM_027203830.1	1.0	S	0.0
Salmac_EP00052_Salpingoeca_macrocollata_P010086	Spis_XP_022803145_1	1.0	S	0.0
Salmac_EP00052_Salpingoeca_macrocollata_P010086	Ocar_g9664	1.0	S	0.0
Salmac_EP00052_Salpingoeca_macrocollata_P010086	Nvec_v1g209576	1.0	S	0.0
Salmac_EP00052_Salpingoeca_macrocollata_P010086	Hvul_g29898_1	1.0	S	0.0
Salmac_EP00052_Salpingoeca_macrocollata_P010086	Halamb_c53629_g2_i2m.36059	1.0	S	0.0
Salmac_EP00052_Salpingoeca_macrocollata_P010086	Fspp_ffun1.m4.12692.m1	1.0	S	0.0
Salmac_EP00052_Salpingoeca_macrocollata_P010086	Sanmal_Sma_011645-T1	1.0	S	0.0
Salmac_EP00052_Salpingoeca_macrocollata_P010086	Tadh_TriadT28955	1.0	S	0.0
Salmac_EP00052_Salpingoeca_macrocollata_P010086	Dpul_mRNA2261	1.0	S	0.0
Salmac_EP00052_Salpingoeca_macrocollata_P010086	Acagra_model.g2031.t1.1.5d3b8378	1.0	S	0.0
Salmac_EP00052_Salpingoeca_macrocollata_P010086	Lampan_Lpan_C415091_01	1.0	S	0.0
Salmac_EP00052_Salpingoeca_macrocollata_P010086	HoiH11_mRNA3955	1.0	S	0.0
Salmac_EP00052_Salpingoeca_macrocollata_P010086	Pbac_sb2664413	1.0	S	0.0
Salmac_EP00052_Salpingoeca_macrocollata_P010086	Adig_XM_015904181.1	1.0	S	0.0
Salmac_EP00052_Salpingoeca_macrocollata_P010086	Stycar_snap_masked-SC_scaffold36053-processed-gene-0.1-mRNA-1	1.0	S	0.0
Salmac_EP00052_Salpingoeca_macrocollata_P010086	Horcal_Hcv1.av93.c13.g336.i1	1.0	S	0.0
Salmac_EP00052_Salpingoeca_macrocollata_P010086	Hhon_g06887.t1	1.0	S	0.0
Salmac_EP00052_Salpingoeca_macrocollata_P010086	Cscu_XM_023371756.1	1.0	S	0.0
Salmac_EP00052_Salpingoeca_macrocollata_P010086	Bolinf_Binf_sb1220300	1.0	S	0.0
Salmac_EP00052_Salpingoeca_macrocollata_P010086	Lcom_lcpid34176	1.0	S	0.0
Salmac_EP00052_Salpingoeca_macrocollata_P010086	Mlei_ML0021.g5.i1	1.0	S	0.0
Salmac_EP00052_Salpingoeca_macrocollata_P010086	Scil_scict014551.1	1.0	S	0.0
Salmac_EP00052_Salpingoeca_macrocollata_P010086	Spur_XM_786416.5	1.0	S	0.0
Salmac_EP00052_Salpingoeca_macrocollata_P010086	Exapal_XM_021037786.2	1.0	S	0.0
Salmac_EP00052_Salpingoeca_macrocollata_P010086	Emue_Em0011g49a.t1	1.0	S	0.0
Salmac_EP00052_Salpingoeca_macrocollata_P010086	Coemet_Cmet_scaffold16074_01	1.0	S	0.0
Salmac_EP00052_Salpingoeca_macrocollata_P010086	Pbac_sb2666617	1.0	S	0.0
Salmac_EP00052_Salpingoeca_macrocollata_P010086	Skow_XM_006816532.1	1.0	S	0.0
Salmac_EP00052_Salpingoeca_macrocollata_P010086	Horcal_Hcv1.av93.c10.g582.i1	1.0	S	0.0
Salmac_EP00052_Salpingoeca_macrocollata_P010086	Stycar_maker-SC_scaffold138306-augustus-gene-0.4-mRNA-1	1.0	S	0.0
Salmac_EP00052_Salpingoeca_macrocollata_P010086	Pbac_sb2652734	1.0	S	0.0
Salmac_EP00052_Salpingoeca_macrocollata_P010086	Cgig_XM_034456211.1	1.0	S	0.0
Salmac_EP00052_Salpingoeca_macrocollata_P010086	Vmul_Simscaffold13461_01	1.0	S	0.0
Salmac_EP00052_Salpingoeca_macrocollata_P010086	Dgig_XM_028548763.1	1.0	S	0.0
Salmac_EP00052_Salpingoeca_macrocollata_P010086	Mertsp_Mesp_sb549530	1.0	S	0.0
Salmac_EP00052_Salpingoeca_macrocollata_P010086	Leuniv_Lniv_scaffold25744_01	1.0	S	0.0
Salmac_EP00052_Salpingoeca_macrocollata_P010086	Spolac_c91573_g1_i1_m.7023c91573-g1	1.0	S	0.0
Salmac_EP00052_Salpingoeca_macrocollata_P010086	Pbac_sb2660011	1.0	S	0.0
Chofle_EP00730_Choanoeca_flexa_P009736	Plajan_Pjan_C560135_01	1.0	S	0.0
Chofle_EP00730_Choanoeca_flexa_P009736	Bralan_BLAG13000622_1	1.0	S	0.0
Chofle_EP00730_Choanoeca_flexa_P009736	Gasp_gasp1.m3.7264.m1	1.0	S	0.0
Chofle_EP00730_Choanoeca_flexa_P009736	Xestes_maker-XT_scaffold128004-snap-gene-0.2-mRNA-1	1.0	S	0.0
Chofle_EP00730_Choanoeca_flexa_P009736	Hsap_ENST00000614443	1.0	S	0.0
Chofle_EP00730_Choanoeca_flexa_P009736	HoiH23_PlH23_004365-RA	1.0	S	0.0
Chofle_EP00730_Choanoeca_flexa_P009736	Plespi_Pspi_C612352_01	1.0	S	0.0
Chofle_EP00730_Choanoeca_flexa_P009736	TrH2_TrispH2_005317-RA	1.0	S	0.0
Chofle_EP00730_Choanoeca_flexa_P009736	Spolac_c91573_g2_i1_m.7024c91573-g1	1.0	S	0.0
Chofle_EP00730_Choanoeca_flexa_P009736	Bolinf_Binf_sb1220299	1.0	S	0.0
Chofle_EP00730_Choanoeca_flexa_P009736	Beraby_Baby_sb324206	1.0	S	0.0
Chofle_EP00730_Choanoeca_flexa_P009736	Morvir_scaffold414.g8.t1	1.0	S	0.0
Chofle_EP00730_Choanoeca_flexa_P009736	Tetwil_g25780.t1	1.0	S	0.0
Chofle_EP00730_Choanoeca_flexa_P009736	Bolinf_Binf_sb1216733	1.0	S	0.0
Chofle_EP00730_Choanoeca_flexa_P009736	Spur_XM_030996286.1	1.0	S	0.0
Chofle_EP00730_Choanoeca_flexa_P009736	HoiH04_mRNA11870	1.0	S	0.0
Chofle_EP00730_Choanoeca_flexa_P009736	Chem_TCONS_00014455	1.0	S	0.0
Chofle_EP00730_Choanoeca_flexa_P009736	Aaur_scaffold168.g1.t1	1.0	S	0.0
Chofle_EP00730_Choanoeca_flexa_P009736	Gfas_gfas1.m1.6571.m1	1.0	S	0.0
Chofle_EP00730_Choanoeca_flexa_P009736	Stycar_maker-SC_scaffold84839-augustus-gene-0.9-mRNA-1	1.0	S	0.0
Chofle_EP00730_Choanoeca_flexa_P009736	Mertsp_Mesp_sb549529	1.0	S	0.0
Chofle_EP00730_Choanoeca_flexa_P009736	Nemnom_g12041.t1	1.0	S	0.0
Chofle_EP00730_Choanoeca_flexa_P009736	Ctel_gnl_WGS_AMQN_CAPTEDRAFT_mRNA138269	1.0	S	0.0
Chofle_EP00730_Choanoeca_flexa_P009736	Clacor_Ccor_scaffold7108_01	1.0	S	0.0
Chofle_EP00730_Choanoeca_flexa_P009736	Opea_EP00118_Oscarella_pearsei_P011784	1.0	S	0.0
Chofle_EP00730_Choanoeca_flexa_P009736	Mlei_ML0084.g1.i1	1.0	S	0.0
Chofle_EP00730_Choanoeca_flexa_P009736	Rhoesc_Res_016409-T1	1.0	S	0.0
Chofle_EP00730_Choanoeca_flexa_P009736	Tcas_TC014480_001	1.0	S	0.0
Chofle_EP00730_Choanoeca_flexa_P009736	Vmul_SimC371547	1.0	S	0.0
Chofle_EP00730_Choanoeca_flexa_P009736	Pocdam_XM_027203830.1	1.0	S	0.0
Chofle_EP00730_Choanoeca_flexa_P009736	Spis_XP_022803145_1	1.0	S	0.0
Chofle_EP00730_Choanoeca_flexa_P009736	Ocar_g9664	1.0	S	0.0
Chofle_EP00730_Choanoeca_flexa_P009736	Nvec_v1g209576	1.0	S	0.0
Chofle_EP00730_Choanoeca_flexa_P009736	Hvul_g29898_1	1.0	S	0.0
Chofle_EP00730_Choanoeca_flexa_P009736	Halamb_c53629_g2_i2m.36059	1.0	S	0.0
Chofle_EP00730_Choanoeca_flexa_P009736	Fspp_ffun1.m4.12692.m1	1.0	S	0.0
Chofle_EP00730_Choanoeca_flexa_P009736	Sanmal_Sma_011645-T1	1.0	S	0.0
Chofle_EP00730_Choanoeca_flexa_P009736	Tadh_TriadT28955	1.0	S	0.0
Chofle_EP00730_Choanoeca_flexa_P009736	Dpul_mRNA2261	1.0	S	0.0
Chofle_EP00730_Choanoeca_flexa_P009736	Acagra_model.g2031.t1.1.5d3b8378	1.0	S	0.0
Chofle_EP00730_Choanoeca_flexa_P009736	Lampan_Lpan_C415091_01	1.0	S	0.0
Chofle_EP00730_Choanoeca_flexa_P009736	HoiH11_mRNA3955	1.0	S	0.0
Chofle_EP00730_Choanoeca_flexa_P009736	Pbac_sb2664413	1.0	S	0.0
Chofle_EP00730_Choanoeca_flexa_P009736	Adig_XM_015904181.1	1.0	S	0.0
Chofle_EP00730_Choanoeca_flexa_P009736	Stycar_snap_masked-SC_scaffold36053-processed-gene-0.1-mRNA-1	1.0	S	0.0
Chofle_EP00730_Choanoeca_flexa_P009736	Horcal_Hcv1.av93.c13.g336.i1	1.0	S	0.0
Chofle_EP00730_Choanoeca_flexa_P009736	Hhon_g06887.t1	1.0	S	0.0
Chofle_EP00730_Choanoeca_flexa_P009736	Cscu_XM_023371756.1	1.0	S	0.0
Chofle_EP00730_Choanoeca_flexa_P009736	Bolinf_Binf_sb1220300	1.0	S	0.0
Chofle_EP00730_Choanoeca_flexa_P009736	Lcom_lcpid34176	1.0	S	0.0
Chofle_EP00730_Choanoeca_flexa_P009736	Mlei_ML0021.g5.i1	1.0	S	0.0
Chofle_EP00730_Choanoeca_flexa_P009736	Scil_scict014551.1	1.0	S	0.0
Chofle_EP00730_Choanoeca_flexa_P009736	Spur_XM_786416.5	1.0	S	0.0
Chofle_EP00730_Choanoeca_flexa_P009736	Exapal_XM_021037786.2	1.0	S	0.0
Chofle_EP00730_Choanoeca_flexa_P009736	Emue_Em0011g49a.t1	1.0	S	0.0
Chofle_EP00730_Choanoeca_flexa_P009736	Coemet_Cmet_scaffold16074_01	1.0	S	0.0
Chofle_EP00730_Choanoeca_flexa_P009736	Pbac_sb2666617	1.0	S	0.0
Chofle_EP00730_Choanoeca_flexa_P009736	Skow_XM_006816532.1	1.0	S	0.0
Chofle_EP00730_Choanoeca_flexa_P009736	Horcal_Hcv1.av93.c10.g582.i1	1.0	S	0.0
Chofle_EP00730_Choanoeca_flexa_P009736	Stycar_maker-SC_scaffold138306-augustus-gene-0.4-mRNA-1	1.0	S	0.0
Chofle_EP00730_Choanoeca_flexa_P009736	Pbac_sb2652734	1.0	S	0.0
Chofle_EP00730_Choanoeca_flexa_P009736	Cgig_XM_034456211.1	1.0	S	0.0
Chofle_EP00730_Choanoeca_flexa_P009736	Vmul_Simscaffold13461_01	1.0	S	0.0
Chofle_EP00730_Choanoeca_flexa_P009736	Dgig_XM_028548763.1	1.0	S	0.0
Chofle_EP00730_Choanoeca_flexa_P009736	Mertsp_Mesp_sb549530	1.0	S	0.0
Chofle_EP00730_Choanoeca_flexa_P009736	Leuniv_Lniv_scaffold25744_01	1.0	S	0.0
Chofle_EP00730_Choanoeca_flexa_P009736	Spolac_c91573_g1_i1_m.7023c91573-g1	1.0	S	0.0
Chofle_EP00730_Choanoeca_flexa_P009736	Pbac_sb2660011	1.0	S	0.0
Microa_EP00043_Microstomoeca_roanoka_P016252	Plajan_Pjan_C560135_01	1.0	S	0.0
Microa_EP00043_Microstomoeca_roanoka_P016252	Bralan_BLAG13000622_1	1.0	S	0.0
Microa_EP00043_Microstomoeca_roanoka_P016252	Gasp_gasp1.m3.7264.m1	1.0	S	0.0
Microa_EP00043_Microstomoeca_roanoka_P016252	Xestes_maker-XT_scaffold128004-snap-gene-0.2-mRNA-1	1.0	S	0.0
Microa_EP00043_Microstomoeca_roanoka_P016252	Hsap_ENST00000614443	1.0	S	0.0
Microa_EP00043_Microstomoeca_roanoka_P016252	HoiH23_PlH23_004365-RA	1.0	S	0.0
Microa_EP00043_Microstomoeca_roanoka_P016252	Plespi_Pspi_C612352_01	1.0	S	0.0
Microa_EP00043_Microstomoeca_roanoka_P016252	TrH2_TrispH2_005317-RA	1.0	S	0.0
Microa_EP00043_Microstomoeca_roanoka_P016252	Spolac_c91573_g2_i1_m.7024c91573-g1	1.0	S	0.0
Microa_EP00043_Microstomoeca_roanoka_P016252	Bolinf_Binf_sb1220299	1.0	S	0.0
Microa_EP00043_Microstomoeca_roanoka_P016252	Beraby_Baby_sb324206	1.0	S	0.0
Microa_EP00043_Microstomoeca_roanoka_P016252	Morvir_scaffold414.g8.t1	1.0	S	0.0
Microa_EP00043_Microstomoeca_roanoka_P016252	Tetwil_g25780.t1	1.0	S	0.0
Microa_EP00043_Microstomoeca_roanoka_P016252	Bolinf_Binf_sb1216733	1.0	S	0.0
Microa_EP00043_Microstomoeca_roanoka_P016252	Spur_XM_030996286.1	1.0	S	0.0
Microa_EP00043_Microstomoeca_roanoka_P016252	HoiH04_mRNA11870	1.0	S	0.0
Microa_EP00043_Microstomoeca_roanoka_P016252	Chem_TCONS_00014455	1.0	S	0.0
Microa_EP00043_Microstomoeca_roanoka_P016252	Aaur_scaffold168.g1.t1	1.0	S	0.0
Microa_EP00043_Microstomoeca_roanoka_P016252	Gfas_gfas1.m1.6571.m1	1.0	S	0.0
Microa_EP00043_Microstomoeca_roanoka_P016252	Stycar_maker-SC_scaffold84839-augustus-gene-0.9-mRNA-1	1.0	S	0.0
Microa_EP00043_Microstomoeca_roanoka_P016252	Mertsp_Mesp_sb549529	1.0	S	0.0
Microa_EP00043_Microstomoeca_roanoka_P016252	Nemnom_g12041.t1	1.0	S	0.0
Microa_EP00043_Microstomoeca_roanoka_P016252	Ctel_gnl_WGS_AMQN_CAPTEDRAFT_mRNA138269	1.0	S	0.0
Microa_EP00043_Microstomoeca_roanoka_P016252	Clacor_Ccor_scaffold7108_01	1.0	S	0.0
Microa_EP00043_Microstomoeca_roanoka_P016252	Opea_EP00118_Oscarella_pearsei_P011784	1.0	S	0.0
Microa_EP00043_Microstomoeca_roanoka_P016252	Mlei_ML0084.g1.i1	1.0	S	0.0
Microa_EP00043_Microstomoeca_roanoka_P016252	Rhoesc_Res_016409-T1	1.0	S	0.0
Microa_EP00043_Microstomoeca_roanoka_P016252	Tcas_TC014480_001	1.0	S	0.0
Microa_EP00043_Microstomoeca_roanoka_P016252	Vmul_SimC371547	1.0	S	0.0
Microa_EP00043_Microstomoeca_roanoka_P016252	Pocdam_XM_027203830.1	1.0	S	0.0
Microa_EP00043_Microstomoeca_roanoka_P016252	Spis_XP_022803145_1	1.0	S	0.0
Microa_EP00043_Microstomoeca_roanoka_P016252	Ocar_g9664	1.0	S	0.0
Microa_EP00043_Microstomoeca_roanoka_P016252	Nvec_v1g209576	1.0	S	0.0
Microa_EP00043_Microstomoeca_roanoka_P016252	Hvul_g29898_1	1.0	S	0.0
Microa_EP00043_Microstomoeca_roanoka_P016252	Halamb_c53629_g2_i2m.36059	1.0	S	0.0
Microa_EP00043_Microstomoeca_roanoka_P016252	Fspp_ffun1.m4.12692.m1	1.0	S	0.0
Microa_EP00043_Microstomoeca_roanoka_P016252	Sanmal_Sma_011645-T1	1.0	S	0.0
Microa_EP00043_Microstomoeca_roanoka_P016252	Tadh_TriadT28955	1.0	S	0.0
Microa_EP00043_Microstomoeca_roanoka_P016252	Dpul_mRNA2261	1.0	S	0.0
Microa_EP00043_Microstomoeca_roanoka_P016252	Acagra_model.g2031.t1.1.5d3b8378	1.0	S	0.0
Microa_EP00043_Microstomoeca_roanoka_P016252	Lampan_Lpan_C415091_01	1.0	S	0.0
Microa_EP00043_Microstomoeca_roanoka_P016252	HoiH11_mRNA3955	1.0	S	0.0
Microa_EP00043_Microstomoeca_roanoka_P016252	Pbac_sb2664413	1.0	S	0.0
Microa_EP00043_Microstomoeca_roanoka_P016252	Adig_XM_015904181.1	1.0	S	0.0
Microa_EP00043_Microstomoeca_roanoka_P016252	Stycar_snap_masked-SC_scaffold36053-processed-gene-0.1-mRNA-1	1.0	S	0.0
Microa_EP00043_Microstomoeca_roanoka_P016252	Horcal_Hcv1.av93.c13.g336.i1	1.0	S	0.0
Microa_EP00043_Microstomoeca_roanoka_P016252	Hhon_g06887.t1	1.0	S	0.0
Microa_EP00043_Microstomoeca_roanoka_P016252	Cscu_XM_023371756.1	1.0	S	0.0
Microa_EP00043_Microstomoeca_roanoka_P016252	Bolinf_Binf_sb1220300	1.0	S	0.0
Microa_EP00043_Microstomoeca_roanoka_P016252	Lcom_lcpid34176	1.0	S	0.0
Microa_EP00043_Microstomoeca_roanoka_P016252	Mlei_ML0021.g5.i1	1.0	S	0.0
Microa_EP00043_Microstomoeca_roanoka_P016252	Scil_scict014551.1	1.0	S	0.0
Microa_EP00043_Microstomoeca_roanoka_P016252	Spur_XM_786416.5	1.0	S	0.0
Microa_EP00043_Microstomoeca_roanoka_P016252	Exapal_XM_021037786.2	1.0	S	0.0
Microa_EP00043_Microstomoeca_roanoka_P016252	Emue_Em0011g49a.t1	1.0	S	0.0
Microa_EP00043_Microstomoeca_roanoka_P016252	Coemet_Cmet_scaffold16074_01	1.0	S	0.0
Microa_EP00043_Microstomoeca_roanoka_P016252	Pbac_sb2666617	1.0	S	0.0
Microa_EP00043_Microstomoeca_roanoka_P016252	Skow_XM_006816532.1	1.0	S	0.0
Microa_EP00043_Microstomoeca_roanoka_P016252	Horcal_Hcv1.av93.c10.g582.i1	1.0	S	0.0
Microa_EP00043_Microstomoeca_roanoka_P016252	Stycar_maker-SC_scaffold138306-augustus-gene-0.4-mRNA-1	1.0	S	0.0
Microa_EP00043_Microstomoeca_roanoka_P016252	Pbac_sb2652734	1.0	S	0.0
Microa_EP00043_Microstomoeca_roanoka_P016252	Cgig_XM_034456211.1	1.0	S	0.0
Microa_EP00043_Microstomoeca_roanoka_P016252	Vmul_Simscaffold13461_01	1.0	S	0.0
Microa_EP00043_Microstomoeca_roanoka_P016252	Dgig_XM_028548763.1	1.0	S	0.0
Microa_EP00043_Microstomoeca_roanoka_P016252	Mertsp_Mesp_sb549530	1.0	S	0.0
Microa_EP00043_Microstomoeca_roanoka_P016252	Leuniv_Lniv_scaffold25744_01	1.0	S	0.0
Microa_EP00043_Microstomoeca_roanoka_P016252	Spolac_c91573_g1_i1_m.7023c91573-g1	1.0	S	0.0
Microa_EP00043_Microstomoeca_roanoka_P016252	Pbac_sb2660011	1.0	S	0.0
Helnan_EP00037_Helgoeca_nana_P021043	Plajan_Pjan_C560135_01	1.0	S	0.0
Helnan_EP00037_Helgoeca_nana_P021043	Bralan_BLAG13000622_1	1.0	S	0.0
Helnan_EP00037_Helgoeca_nana_P021043	Gasp_gasp1.m3.7264.m1	1.0	S	0.0
Helnan_EP00037_Helgoeca_nana_P021043	Xestes_maker-XT_scaffold128004-snap-gene-0.2-mRNA-1	1.0	S	0.0
Helnan_EP00037_Helgoeca_nana_P021043	Hsap_ENST00000614443	1.0	S	0.0
Helnan_EP00037_Helgoeca_nana_P021043	HoiH23_PlH23_004365-RA	1.0	S	0.0
Helnan_EP00037_Helgoeca_nana_P021043	Plespi_Pspi_C612352_01	1.0	S	0.0
Helnan_EP00037_Helgoeca_nana_P021043	TrH2_TrispH2_005317-RA	1.0	S	0.0
Helnan_EP00037_Helgoeca_nana_P021043	Spolac_c91573_g2_i1_m.7024c91573-g1	1.0	S	0.0
Helnan_EP00037_Helgoeca_nana_P021043	Bolinf_Binf_sb1220299	1.0	S	0.0
Helnan_EP00037_Helgoeca_nana_P021043	Beraby_Baby_sb324206	1.0	S	0.0
Helnan_EP00037_Helgoeca_nana_P021043	Morvir_scaffold414.g8.t1	1.0	S	0.0
Helnan_EP00037_Helgoeca_nana_P021043	Tetwil_g25780.t1	1.0	S	0.0
Helnan_EP00037_Helgoeca_nana_P021043	Bolinf_Binf_sb1216733	1.0	S	0.0
Helnan_EP00037_Helgoeca_nana_P021043	Spur_XM_030996286.1	1.0	S	0.0
Helnan_EP00037_Helgoeca_nana_P021043	HoiH04_mRNA11870	1.0	S	0.0
Helnan_EP00037_Helgoeca_nana_P021043	Chem_TCONS_00014455	1.0	S	0.0
Helnan_EP00037_Helgoeca_nana_P021043	Aaur_scaffold168.g1.t1	1.0	S	0.0
Helnan_EP00037_Helgoeca_nana_P021043	Gfas_gfas1.m1.6571.m1	1.0	S	0.0
Helnan_EP00037_Helgoeca_nana_P021043	Stycar_maker-SC_scaffold84839-augustus-gene-0.9-mRNA-1	1.0	S	0.0
Helnan_EP00037_Helgoeca_nana_P021043	Mertsp_Mesp_sb549529	1.0	S	0.0
Helnan_EP00037_Helgoeca_nana_P021043	Nemnom_g12041.t1	1.0	S	0.0
Helnan_EP00037_Helgoeca_nana_P021043	Ctel_gnl_WGS_AMQN_CAPTEDRAFT_mRNA138269	1.0	S	0.0
Helnan_EP00037_Helgoeca_nana_P021043	Clacor_Ccor_scaffold7108_01	1.0	S	0.0
Helnan_EP00037_Helgoeca_nana_P021043	Opea_EP00118_Oscarella_pearsei_P011784	1.0	S	0.0
Helnan_EP00037_Helgoeca_nana_P021043	Mlei_ML0084.g1.i1	1.0	S	0.0
Helnan_EP00037_Helgoeca_nana_P021043	Rhoesc_Res_016409-T1	1.0	S	0.0
Helnan_EP00037_Helgoeca_nana_P021043	Tcas_TC014480_001	1.0	S	0.0
Helnan_EP00037_Helgoeca_nana_P021043	Vmul_SimC371547	1.0	S	0.0
Helnan_EP00037_Helgoeca_nana_P021043	Pocdam_XM_027203830.1	1.0	S	0.0
Helnan_EP00037_Helgoeca_nana_P021043	Spis_XP_022803145_1	1.0	S	0.0
Helnan_EP00037_Helgoeca_nana_P021043	Ocar_g9664	1.0	S	0.0
Helnan_EP00037_Helgoeca_nana_P021043	Nvec_v1g209576	1.0	S	0.0
Helnan_EP00037_Helgoeca_nana_P021043	Hvul_g29898_1	1.0	S	0.0
Helnan_EP00037_Helgoeca_nana_P021043	Halamb_c53629_g2_i2m.36059	1.0	S	0.0
Helnan_EP00037_Helgoeca_nana_P021043	Fspp_ffun1.m4.12692.m1	1.0	S	0.0
Helnan_EP00037_Helgoeca_nana_P021043	Sanmal_Sma_011645-T1	1.0	S	0.0
Helnan_EP00037_Helgoeca_nana_P021043	Tadh_TriadT28955	1.0	S	0.0
Helnan_EP00037_Helgoeca_nana_P021043	Dpul_mRNA2261	1.0	S	0.0
Helnan_EP00037_Helgoeca_nana_P021043	Acagra_model.g2031.t1.1.5d3b8378	1.0	S	0.0
Helnan_EP00037_Helgoeca_nana_P021043	Lampan_Lpan_C415091_01	1.0	S	0.0
Helnan_EP00037_Helgoeca_nana_P021043	HoiH11_mRNA3955	1.0	S	0.0
Helnan_EP00037_Helgoeca_nana_P021043	Pbac_sb2664413	1.0	S	0.0
Helnan_EP00037_Helgoeca_nana_P021043	Adig_XM_015904181.1	1.0	S	0.0
Helnan_EP00037_Helgoeca_nana_P021043	Stycar_snap_masked-SC_scaffold36053-processed-gene-0.1-mRNA-1	1.0	S	0.0
Helnan_EP00037_Helgoeca_nana_P021043	Horcal_Hcv1.av93.c13.g336.i1	1.0	S	0.0
Helnan_EP00037_Helgoeca_nana_P021043	Hhon_g06887.t1	1.0	S	0.0
Helnan_EP00037_Helgoeca_nana_P021043	Cscu_XM_023371756.1	1.0	S	0.0
Helnan_EP00037_Helgoeca_nana_P021043	Bolinf_Binf_sb1220300	1.0	S	0.0
Helnan_EP00037_Helgoeca_nana_P021043	Lcom_lcpid34176	1.0	S	0.0
Helnan_EP00037_Helgoeca_nana_P021043	Mlei_ML0021.g5.i1	1.0	S	0.0
Helnan_EP00037_Helgoeca_nana_P021043	Scil_scict014551.1	1.0	S	0.0
Helnan_EP00037_Helgoeca_nana_P021043	Spur_XM_786416.5	1.0	S	0.0
Helnan_EP00037_Helgoeca_nana_P021043	Exapal_XM_021037786.2	1.0	S	0.0
Helnan_EP00037_Helgoeca_nana_P021043	Emue_Em0011g49a.t1	1.0	S	0.0
Helnan_EP00037_Helgoeca_nana_P021043	Coemet_Cmet_scaffold16074_01	1.0	S	0.0
Helnan_EP00037_Helgoeca_nana_P021043	Pbac_sb2666617	1.0	S	0.0
Helnan_EP00037_Helgoeca_nana_P021043	Skow_XM_006816532.1	1.0	S	0.0
Helnan_EP00037_Helgoeca_nana_P021043	Horcal_Hcv1.av93.c10.g582.i1	1.0	S	0.0
Helnan_EP00037_Helgoeca_nana_P021043	Stycar_maker-SC_scaffold138306-augustus-gene-0.4-mRNA-1	1.0	S	0.0
Helnan_EP00037_Helgoeca_nana_P021043	Pbac_sb2652734	1.0	S	0.0
Helnan_EP00037_Helgoeca_nana_P021043	Cgig_XM_034456211.1	1.0	S	0.0
Helnan_EP00037_Helgoeca_nana_P021043	Vmul_Simscaffold13461_01	1.0	S	0.0
Helnan_EP00037_Helgoeca_nana_P021043	Dgig_XM_028548763.1	1.0	S	0.0
Helnan_EP00037_Helgoeca_nana_P021043	Mertsp_Mesp_sb549530	1.0	S	0.0
Helnan_EP00037_Helgoeca_nana_P021043	Leuniv_Lniv_scaffold25744_01	1.0	S	0.0
Helnan_EP00037_Helgoeca_nana_P021043	Spolac_c91573_g1_i1_m.7023c91573-g1	1.0	S	0.0
Helnan_EP00037_Helgoeca_nana_P021043	Pbac_sb2660011	1.0	S	0.0
Diagra_EP00040_Diaphanoeca_grandis_P018481	Plajan_Pjan_C560135_01	1.0	S	0.0
Diagra_EP00040_Diaphanoeca_grandis_P018481	Bralan_BLAG13000622_1	1.0	S	0.0
Diagra_EP00040_Diaphanoeca_grandis_P018481	Gasp_gasp1.m3.7264.m1	1.0	S	0.0
Diagra_EP00040_Diaphanoeca_grandis_P018481	Xestes_maker-XT_scaffold128004-snap-gene-0.2-mRNA-1	1.0	S	0.0
Diagra_EP00040_Diaphanoeca_grandis_P018481	Hsap_ENST00000614443	1.0	S	0.0
Diagra_EP00040_Diaphanoeca_grandis_P018481	HoiH23_PlH23_004365-RA	1.0	S	0.0
Diagra_EP00040_Diaphanoeca_grandis_P018481	Plespi_Pspi_C612352_01	1.0	S	0.0
Diagra_EP00040_Diaphanoeca_grandis_P018481	TrH2_TrispH2_005317-RA	1.0	S	0.0
Diagra_EP00040_Diaphanoeca_grandis_P018481	Spolac_c91573_g2_i1_m.7024c91573-g1	1.0	S	0.0
Diagra_EP00040_Diaphanoeca_grandis_P018481	Bolinf_Binf_sb1220299	1.0	S	0.0
Diagra_EP00040_Diaphanoeca_grandis_P018481	Beraby_Baby_sb324206	1.0	S	0.0
Diagra_EP00040_Diaphanoeca_grandis_P018481	Morvir_scaffold414.g8.t1	1.0	S	0.0
Diagra_EP00040_Diaphanoeca_grandis_P018481	Tetwil_g25780.t1	1.0	S	0.0
Diagra_EP00040_Diaphanoeca_grandis_P018481	Bolinf_Binf_sb1216733	1.0	S	0.0
Diagra_EP00040_Diaphanoeca_grandis_P018481	Spur_XM_030996286.1	1.0	S	0.0
Diagra_EP00040_Diaphanoeca_grandis_P018481	HoiH04_mRNA11870	1.0	S	0.0
Diagra_EP00040_Diaphanoeca_grandis_P018481	Chem_TCONS_00014455	1.0	S	0.0
Diagra_EP00040_Diaphanoeca_grandis_P018481	Aaur_scaffold168.g1.t1	1.0	S	0.0
Diagra_EP00040_Diaphanoeca_grandis_P018481	Gfas_gfas1.m1.6571.m1	1.0	S	0.0
Diagra_EP00040_Diaphanoeca_grandis_P018481	Stycar_maker-SC_scaffold84839-augustus-gene-0.9-mRNA-1	1.0	S	0.0
Diagra_EP00040_Diaphanoeca_grandis_P018481	Mertsp_Mesp_sb549529	1.0	S	0.0
Diagra_EP00040_Diaphanoeca_grandis_P018481	Nemnom_g12041.t1	1.0	S	0.0
Diagra_EP00040_Diaphanoeca_grandis_P018481	Ctel_gnl_WGS_AMQN_CAPTEDRAFT_mRNA138269	1.0	S	0.0
Diagra_EP00040_Diaphanoeca_grandis_P018481	Clacor_Ccor_scaffold7108_01	1.0	S	0.0
Diagra_EP00040_Diaphanoeca_grandis_P018481	Opea_EP00118_Oscarella_pearsei_P011784	1.0	S	0.0
Diagra_EP00040_Diaphanoeca_grandis_P018481	Mlei_ML0084.g1.i1	1.0	S	0.0
Diagra_EP00040_Diaphanoeca_grandis_P018481	Rhoesc_Res_016409-T1	1.0	S	0.0
Diagra_EP00040_Diaphanoeca_grandis_P018481	Tcas_TC014480_001	1.0	S	0.0
Diagra_EP00040_Diaphanoeca_grandis_P018481	Vmul_SimC371547	1.0	S	0.0
Diagra_EP00040_Diaphanoeca_grandis_P018481	Pocdam_XM_027203830.1	1.0	S	0.0
Diagra_EP00040_Diaphanoeca_grandis_P018481	Spis_XP_022803145_1	1.0	S	0.0
Diagra_EP00040_Diaphanoeca_grandis_P018481	Ocar_g9664	1.0	S	0.0
Diagra_EP00040_Diaphanoeca_grandis_P018481	Nvec_v1g209576	1.0	S	0.0
Diagra_EP00040_Diaphanoeca_grandis_P018481	Hvul_g29898_1	1.0	S	0.0
Diagra_EP00040_Diaphanoeca_grandis_P018481	Halamb_c53629_g2_i2m.36059	1.0	S	0.0
Diagra_EP00040_Diaphanoeca_grandis_P018481	Fspp_ffun1.m4.12692.m1	1.0	S	0.0
Diagra_EP00040_Diaphanoeca_grandis_P018481	Sanmal_Sma_011645-T1	1.0	S	0.0
Diagra_EP00040_Diaphanoeca_grandis_P018481	Tadh_TriadT28955	1.0	S	0.0
Diagra_EP00040_Diaphanoeca_grandis_P018481	Dpul_mRNA2261	1.0	S	0.0
Diagra_EP00040_Diaphanoeca_grandis_P018481	Acagra_model.g2031.t1.1.5d3b8378	1.0	S	0.0
Diagra_EP00040_Diaphanoeca_grandis_P018481	Lampan_Lpan_C415091_01	1.0	S	0.0
Diagra_EP00040_Diaphanoeca_grandis_P018481	HoiH11_mRNA3955	1.0	S	0.0
Diagra_EP00040_Diaphanoeca_grandis_P018481	Pbac_sb2664413	1.0	S	0.0
Diagra_EP00040_Diaphanoeca_grandis_P018481	Adig_XM_015904181.1	1.0	S	0.0
Diagra_EP00040_Diaphanoeca_grandis_P018481	Stycar_snap_masked-SC_scaffold36053-processed-gene-0.1-mRNA-1	1.0	S	0.0
Diagra_EP00040_Diaphanoeca_grandis_P018481	Horcal_Hcv1.av93.c13.g336.i1	1.0	S	0.0
Diagra_EP00040_Diaphanoeca_grandis_P018481	Hhon_g06887.t1	1.0	S	0.0
Diagra_EP00040_Diaphanoeca_grandis_P018481	Cscu_XM_023371756.1	1.0	S	0.0
Diagra_EP00040_Diaphanoeca_grandis_P018481	Bolinf_Binf_sb1220300	1.0	S	0.0
Diagra_EP00040_Diaphanoeca_grandis_P018481	Lcom_lcpid34176	1.0	S	0.0
Diagra_EP00040_Diaphanoeca_grandis_P018481	Mlei_ML0021.g5.i1	1.0	S	0.0
Diagra_EP00040_Diaphanoeca_grandis_P018481	Scil_scict014551.1	1.0	S	0.0
Diagra_EP00040_Diaphanoeca_grandis_P018481	Spur_XM_786416.5	1.0	S	0.0
Diagra_EP00040_Diaphanoeca_grandis_P018481	Exapal_XM_021037786.2	1.0	S	0.0
Diagra_EP00040_Diaphanoeca_grandis_P018481	Emue_Em0011g49a.t1	1.0	S	0.0
Diagra_EP00040_Diaphanoeca_grandis_P018481	Coemet_Cmet_scaffold16074_01	1.0	S	0.0
Diagra_EP00040_Diaphanoeca_grandis_P018481	Pbac_sb2666617	1.0	S	0.0
Diagra_EP00040_Diaphanoeca_grandis_P018481	Skow_XM_006816532.1	1.0	S	0.0
Diagra_EP00040_Diaphanoeca_grandis_P018481	Horcal_Hcv1.av93.c10.g582.i1	1.0	S	0.0
Diagra_EP00040_Diaphanoeca_grandis_P018481	Stycar_maker-SC_scaffold138306-augustus-gene-0.4-mRNA-1	1.0	S	0.0
Diagra_EP00040_Diaphanoeca_grandis_P018481	Pbac_sb2652734	1.0	S	0.0
Diagra_EP00040_Diaphanoeca_grandis_P018481	Cgig_XM_034456211.1	1.0	S	0.0
Diagra_EP00040_Diaphanoeca_grandis_P018481	Vmul_Simscaffold13461_01	1.0	S	0.0
Diagra_EP00040_Diaphanoeca_grandis_P018481	Dgig_XM_028548763.1	1.0	S	0.0
Diagra_EP00040_Diaphanoeca_grandis_P018481	Mertsp_Mesp_sb549530	1.0	S	0.0
Diagra_EP00040_Diaphanoeca_grandis_P018481	Leuniv_Lniv_scaffold25744_01	1.0	S	0.0
Diagra_EP00040_Diaphanoeca_grandis_P018481	Spolac_c91573_g1_i1_m.7023c91573-g1	1.0	S	0.0
Diagra_EP00040_Diaphanoeca_grandis_P018481	Pbac_sb2660011	1.0	S	0.0
Diagra_EP00040_Diaphanoeca_grandis_P018482	Plajan_Pjan_C560135_01	1.0	S	0.0
Diagra_EP00040_Diaphanoeca_grandis_P018482	Bralan_BLAG13000622_1	1.0	S	0.0
Diagra_EP00040_Diaphanoeca_grandis_P018482	Gasp_gasp1.m3.7264.m1	1.0	S	0.0
Diagra_EP00040_Diaphanoeca_grandis_P018482	Xestes_maker-XT_scaffold128004-snap-gene-0.2-mRNA-1	1.0	S	0.0
Diagra_EP00040_Diaphanoeca_grandis_P018482	Hsap_ENST00000614443	1.0	S	0.0
Diagra_EP00040_Diaphanoeca_grandis_P018482	HoiH23_PlH23_004365-RA	1.0	S	0.0
Diagra_EP00040_Diaphanoeca_grandis_P018482	Plespi_Pspi_C612352_01	1.0	S	0.0
Diagra_EP00040_Diaphanoeca_grandis_P018482	TrH2_TrispH2_005317-RA	1.0	S	0.0
Diagra_EP00040_Diaphanoeca_grandis_P018482	Spolac_c91573_g2_i1_m.7024c91573-g1	1.0	S	0.0
Diagra_EP00040_Diaphanoeca_grandis_P018482	Bolinf_Binf_sb1220299	1.0	S	0.0
Diagra_EP00040_Diaphanoeca_grandis_P018482	Beraby_Baby_sb324206	1.0	S	0.0
Diagra_EP00040_Diaphanoeca_grandis_P018482	Morvir_scaffold414.g8.t1	1.0	S	0.0
Diagra_EP00040_Diaphanoeca_grandis_P018482	Tetwil_g25780.t1	1.0	S	0.0
Diagra_EP00040_Diaphanoeca_grandis_P018482	Bolinf_Binf_sb1216733	1.0	S	0.0
Diagra_EP00040_Diaphanoeca_grandis_P018482	Spur_XM_030996286.1	1.0	S	0.0
Diagra_EP00040_Diaphanoeca_grandis_P018482	HoiH04_mRNA11870	1.0	S	0.0
Diagra_EP00040_Diaphanoeca_grandis_P018482	Chem_TCONS_00014455	1.0	S	0.0
Diagra_EP00040_Diaphanoeca_grandis_P018482	Aaur_scaffold168.g1.t1	1.0	S	0.0
Diagra_EP00040_Diaphanoeca_grandis_P018482	Gfas_gfas1.m1.6571.m1	1.0	S	0.0
Diagra_EP00040_Diaphanoeca_grandis_P018482	Stycar_maker-SC_scaffold84839-augustus-gene-0.9-mRNA-1	1.0	S	0.0
Diagra_EP00040_Diaphanoeca_grandis_P018482	Mertsp_Mesp_sb549529	1.0	S	0.0
Diagra_EP00040_Diaphanoeca_grandis_P018482	Nemnom_g12041.t1	1.0	S	0.0
Diagra_EP00040_Diaphanoeca_grandis_P018482	Ctel_gnl_WGS_AMQN_CAPTEDRAFT_mRNA138269	1.0	S	0.0
Diagra_EP00040_Diaphanoeca_grandis_P018482	Clacor_Ccor_scaffold7108_01	1.0	S	0.0
Diagra_EP00040_Diaphanoeca_grandis_P018482	Opea_EP00118_Oscarella_pearsei_P011784	1.0	S	0.0
Diagra_EP00040_Diaphanoeca_grandis_P018482	Mlei_ML0084.g1.i1	1.0	S	0.0
Diagra_EP00040_Diaphanoeca_grandis_P018482	Rhoesc_Res_016409-T1	1.0	S	0.0
Diagra_EP00040_Diaphanoeca_grandis_P018482	Tcas_TC014480_001	1.0	S	0.0
Diagra_EP00040_Diaphanoeca_grandis_P018482	Vmul_SimC371547	1.0	S	0.0
Diagra_EP00040_Diaphanoeca_grandis_P018482	Pocdam_XM_027203830.1	1.0	S	0.0
Diagra_EP00040_Diaphanoeca_grandis_P018482	Spis_XP_022803145_1	1.0	S	0.0
Diagra_EP00040_Diaphanoeca_grandis_P018482	Ocar_g9664	1.0	S	0.0
Diagra_EP00040_Diaphanoeca_grandis_P018482	Nvec_v1g209576	1.0	S	0.0
Diagra_EP00040_Diaphanoeca_grandis_P018482	Hvul_g29898_1	1.0	S	0.0
Diagra_EP00040_Diaphanoeca_grandis_P018482	Halamb_c53629_g2_i2m.36059	1.0	S	0.0
Diagra_EP00040_Diaphanoeca_grandis_P018482	Fspp_ffun1.m4.12692.m1	1.0	S	0.0
Diagra_EP00040_Diaphanoeca_grandis_P018482	Sanmal_Sma_011645-T1	1.0	S	0.0
Diagra_EP00040_Diaphanoeca_grandis_P018482	Tadh_TriadT28955	1.0	S	0.0
Diagra_EP00040_Diaphanoeca_grandis_P018482	Dpul_mRNA2261	1.0	S	0.0
Diagra_EP00040_Diaphanoeca_grandis_P018482	Acagra_model.g2031.t1.1.5d3b8378	1.0	S	0.0
Diagra_EP00040_Diaphanoeca_grandis_P018482	Lampan_Lpan_C415091_01	1.0	S	0.0
Diagra_EP00040_Diaphanoeca_grandis_P018482	HoiH11_mRNA3955	1.0	S	0.0
Diagra_EP00040_Diaphanoeca_grandis_P018482	Pbac_sb2664413	1.0	S	0.0
Diagra_EP00040_Diaphanoeca_grandis_P018482	Adig_XM_015904181.1	1.0	S	0.0
Diagra_EP00040_Diaphanoeca_grandis_P018482	Stycar_snap_masked-SC_scaffold36053-processed-gene-0.1-mRNA-1	1.0	S	0.0
Diagra_EP00040_Diaphanoeca_grandis_P018482	Horcal_Hcv1.av93.c13.g336.i1	1.0	S	0.0
Diagra_EP00040_Diaphanoeca_grandis_P018482	Hhon_g06887.t1	1.0	S	0.0
Diagra_EP00040_Diaphanoeca_grandis_P018482	Cscu_XM_023371756.1	1.0	S	0.0
Diagra_EP00040_Diaphanoeca_grandis_P018482	Bolinf_Binf_sb1220300	1.0	S	0.0
Diagra_EP00040_Diaphanoeca_grandis_P018482	Lcom_lcpid34176	1.0	S	0.0
Diagra_EP00040_Diaphanoeca_grandis_P018482	Mlei_ML0021.g5.i1	1.0	S	0.0
Diagra_EP00040_Diaphanoeca_grandis_P018482	Scil_scict014551.1	1.0	S	0.0
Diagra_EP00040_Diaphanoeca_grandis_P018482	Spur_XM_786416.5	1.0	S	0.0
Diagra_EP00040_Diaphanoeca_grandis_P018482	Exapal_XM_021037786.2	1.0	S	0.0
Diagra_EP00040_Diaphanoeca_grandis_P018482	Emue_Em0011g49a.t1	1.0	S	0.0
Diagra_EP00040_Diaphanoeca_grandis_P018482	Coemet_Cmet_scaffold16074_01	1.0	S	0.0
Diagra_EP00040_Diaphanoeca_grandis_P018482	Pbac_sb2666617	1.0	S	0.0
Diagra_EP00040_Diaphanoeca_grandis_P018482	Skow_XM_006816532.1	1.0	S	0.0
Diagra_EP00040_Diaphanoeca_grandis_P018482	Horcal_Hcv1.av93.c10.g582.i1	1.0	S	0.0
Diagra_EP00040_Diaphanoeca_grandis_P018482	Stycar_maker-SC_scaffold138306-augustus-gene-0.4-mRNA-1	1.0	S	0.0
Diagra_EP00040_Diaphanoeca_grandis_P018482	Pbac_sb2652734	1.0	S	0.0
Diagra_EP00040_Diaphanoeca_grandis_P018482	Cgig_XM_034456211.1	1.0	S	0.0
Diagra_EP00040_Diaphanoeca_grandis_P018482	Vmul_Simscaffold13461_01	1.0	S	0.0
Diagra_EP00040_Diaphanoeca_grandis_P018482	Dgig_XM_028548763.1	1.0	S	0.0
Diagra_EP00040_Diaphanoeca_grandis_P018482	Mertsp_Mesp_sb549530	1.0	S	0.0
Diagra_EP00040_Diaphanoeca_grandis_P018482	Leuniv_Lniv_scaffold25744_01	1.0	S	0.0
Diagra_EP00040_Diaphanoeca_grandis_P018482	Spolac_c91573_g1_i1_m.7023c91573-g1	1.0	S	0.0
Diagra_EP00040_Diaphanoeca_grandis_P018482	Pbac_sb2660011	1.0	S	0.0
Mylflu_EP00047_Mylnosiga_fluctuans_P007338	Plajan_Pjan_C560135_01	1.0	S	0.0
Mylflu_EP00047_Mylnosiga_fluctuans_P007338	Bralan_BLAG13000622_1	1.0	S	0.0
Mylflu_EP00047_Mylnosiga_fluctuans_P007338	Gasp_gasp1.m3.7264.m1	1.0	S	0.0
Mylflu_EP00047_Mylnosiga_fluctuans_P007338	Xestes_maker-XT_scaffold128004-snap-gene-0.2-mRNA-1	1.0	S	0.0
Mylflu_EP00047_Mylnosiga_fluctuans_P007338	Hsap_ENST00000614443	1.0	S	0.0
Mylflu_EP00047_Mylnosiga_fluctuans_P007338	HoiH23_PlH23_004365-RA	1.0	S	0.0
Mylflu_EP00047_Mylnosiga_fluctuans_P007338	Plespi_Pspi_C612352_01	1.0	S	0.0
Mylflu_EP00047_Mylnosiga_fluctuans_P007338	TrH2_TrispH2_005317-RA	1.0	S	0.0
Mylflu_EP00047_Mylnosiga_fluctuans_P007338	Spolac_c91573_g2_i1_m.7024c91573-g1	1.0	S	0.0
Mylflu_EP00047_Mylnosiga_fluctuans_P007338	Bolinf_Binf_sb1220299	1.0	S	0.0
Mylflu_EP00047_Mylnosiga_fluctuans_P007338	Beraby_Baby_sb324206	1.0	S	0.0
Mylflu_EP00047_Mylnosiga_fluctuans_P007338	Morvir_scaffold414.g8.t1	1.0	S	0.0
Mylflu_EP00047_Mylnosiga_fluctuans_P007338	Tetwil_g25780.t1	1.0	S	0.0
Mylflu_EP00047_Mylnosiga_fluctuans_P007338	Bolinf_Binf_sb1216733	1.0	S	0.0
Mylflu_EP00047_Mylnosiga_fluctuans_P007338	Spur_XM_030996286.1	1.0	S	0.0
Mylflu_EP00047_Mylnosiga_fluctuans_P007338	HoiH04_mRNA11870	1.0	S	0.0
Mylflu_EP00047_Mylnosiga_fluctuans_P007338	Chem_TCONS_00014455	1.0	S	0.0
Mylflu_EP00047_Mylnosiga_fluctuans_P007338	Aaur_scaffold168.g1.t1	1.0	S	0.0
Mylflu_EP00047_Mylnosiga_fluctuans_P007338	Gfas_gfas1.m1.6571.m1	1.0	S	0.0
Mylflu_EP00047_Mylnosiga_fluctuans_P007338	Stycar_maker-SC_scaffold84839-augustus-gene-0.9-mRNA-1	1.0	S	0.0
Mylflu_EP00047_Mylnosiga_fluctuans_P007338	Mertsp_Mesp_sb549529	1.0	S	0.0
Mylflu_EP00047_Mylnosiga_fluctuans_P007338	Nemnom_g12041.t1	1.0	S	0.0
Mylflu_EP00047_Mylnosiga_fluctuans_P007338	Ctel_gnl_WGS_AMQN_CAPTEDRAFT_mRNA138269	1.0	S	0.0
Mylflu_EP00047_Mylnosiga_fluctuans_P007338	Clacor_Ccor_scaffold7108_01	1.0	S	0.0
Mylflu_EP00047_Mylnosiga_fluctuans_P007338	Opea_EP00118_Oscarella_pearsei_P011784	1.0	S	0.0
Mylflu_EP00047_Mylnosiga_fluctuans_P007338	Mlei_ML0084.g1.i1	1.0	S	0.0
Mylflu_EP00047_Mylnosiga_fluctuans_P007338	Rhoesc_Res_016409-T1	1.0	S	0.0
Mylflu_EP00047_Mylnosiga_fluctuans_P007338	Tcas_TC014480_001	1.0	S	0.0
Mylflu_EP00047_Mylnosiga_fluctuans_P007338	Vmul_SimC371547	1.0	S	0.0
Mylflu_EP00047_Mylnosiga_fluctuans_P007338	Pocdam_XM_027203830.1	1.0	S	0.0
Mylflu_EP00047_Mylnosiga_fluctuans_P007338	Spis_XP_022803145_1	1.0	S	0.0
Mylflu_EP00047_Mylnosiga_fluctuans_P007338	Ocar_g9664	1.0	S	0.0
Mylflu_EP00047_Mylnosiga_fluctuans_P007338	Nvec_v1g209576	1.0	S	0.0
Mylflu_EP00047_Mylnosiga_fluctuans_P007338	Hvul_g29898_1	1.0	S	0.0
Mylflu_EP00047_Mylnosiga_fluctuans_P007338	Halamb_c53629_g2_i2m.36059	1.0	S	0.0
Mylflu_EP00047_Mylnosiga_fluctuans_P007338	Fspp_ffun1.m4.12692.m1	1.0	S	0.0
Mylflu_EP00047_Mylnosiga_fluctuans_P007338	Sanmal_Sma_011645-T1	1.0	S	0.0
Mylflu_EP00047_Mylnosiga_fluctuans_P007338	Tadh_TriadT28955	1.0	S	0.0
Mylflu_EP00047_Mylnosiga_fluctuans_P007338	Dpul_mRNA2261	1.0	S	0.0
Mylflu_EP00047_Mylnosiga_fluctuans_P007338	Acagra_model.g2031.t1.1.5d3b8378	1.0	S	0.0
Mylflu_EP00047_Mylnosiga_fluctuans_P007338	Lampan_Lpan_C415091_01	1.0	S	0.0
Mylflu_EP00047_Mylnosiga_fluctuans_P007338	HoiH11_mRNA3955	1.0	S	0.0
Mylflu_EP00047_Mylnosiga_fluctuans_P007338	Pbac_sb2664413	1.0	S	0.0
Mylflu_EP00047_Mylnosiga_fluctuans_P007338	Adig_XM_015904181.1	1.0	S	0.0
Mylflu_EP00047_Mylnosiga_fluctuans_P007338	Stycar_snap_masked-SC_scaffold36053-processed-gene-0.1-mRNA-1	1.0	S	0.0
Mylflu_EP00047_Mylnosiga_fluctuans_P007338	Horcal_Hcv1.av93.c13.g336.i1	1.0	S	0.0
Mylflu_EP00047_Mylnosiga_fluctuans_P007338	Hhon_g06887.t1	1.0	S	0.0
Mylflu_EP00047_Mylnosiga_fluctuans_P007338	Cscu_XM_023371756.1	1.0	S	0.0
Mylflu_EP00047_Mylnosiga_fluctuans_P007338	Bolinf_Binf_sb1220300	1.0	S	0.0
Mylflu_EP00047_Mylnosiga_fluctuans_P007338	Lcom_lcpid34176	1.0	S	0.0
Mylflu_EP00047_Mylnosiga_fluctuans_P007338	Mlei_ML0021.g5.i1	1.0	S	0.0
Mylflu_EP00047_Mylnosiga_fluctuans_P007338	Scil_scict014551.1	1.0	S	0.0
Mylflu_EP00047_Mylnosiga_fluctuans_P007338	Spur_XM_786416.5	1.0	S	0.0
Mylflu_EP00047_Mylnosiga_fluctuans_P007338	Exapal_XM_021037786.2	1.0	S	0.0
Mylflu_EP00047_Mylnosiga_fluctuans_P007338	Emue_Em0011g49a.t1	1.0	S	0.0
Mylflu_EP00047_Mylnosiga_fluctuans_P007338	Coemet_Cmet_scaffold16074_01	1.0	S	0.0
Mylflu_EP00047_Mylnosiga_fluctuans_P007338	Pbac_sb2666617	1.0	S	0.0
Mylflu_EP00047_Mylnosiga_fluctuans_P007338	Skow_XM_006816532.1	1.0	S	0.0
Mylflu_EP00047_Mylnosiga_fluctuans_P007338	Horcal_Hcv1.av93.c10.g582.i1	1.0	S	0.0
Mylflu_EP00047_Mylnosiga_fluctuans_P007338	Stycar_maker-SC_scaffold138306-augustus-gene-0.4-mRNA-1	1.0	S	0.0
Mylflu_EP00047_Mylnosiga_fluctuans_P007338	Pbac_sb2652734	1.0	S	0.0
Mylflu_EP00047_Mylnosiga_fluctuans_P007338	Cgig_XM_034456211.1	1.0	S	0.0
Mylflu_EP00047_Mylnosiga_fluctuans_P007338	Vmul_Simscaffold13461_01	1.0	S	0.0
Mylflu_EP00047_Mylnosiga_fluctuans_P007338	Dgig_XM_028548763.1	1.0	S	0.0
Mylflu_EP00047_Mylnosiga_fluctuans_P007338	Mertsp_Mesp_sb549530	1.0	S	0.0
Mylflu_EP00047_Mylnosiga_fluctuans_P007338	Leuniv_Lniv_scaffold25744_01	1.0	S	0.0
Mylflu_EP00047_Mylnosiga_fluctuans_P007338	Spolac_c91573_g1_i1_m.7023c91573-g1	1.0	S	0.0
Mylflu_EP00047_Mylnosiga_fluctuans_P007338	Pbac_sb2660011	1.0	S	0.0
Didcos_EP00039_Didymoeca_costata_P030854	Plajan_Pjan_C560135_01	1.0	S	0.0
Didcos_EP00039_Didymoeca_costata_P030854	Bralan_BLAG13000622_1	1.0	S	0.0
Didcos_EP00039_Didymoeca_costata_P030854	Gasp_gasp1.m3.7264.m1	1.0	S	0.0
Didcos_EP00039_Didymoeca_costata_P030854	Xestes_maker-XT_scaffold128004-snap-gene-0.2-mRNA-1	1.0	S	0.0
Didcos_EP00039_Didymoeca_costata_P030854	Hsap_ENST00000614443	1.0	S	0.0
Didcos_EP00039_Didymoeca_costata_P030854	HoiH23_PlH23_004365-RA	1.0	S	0.0
Didcos_EP00039_Didymoeca_costata_P030854	Plespi_Pspi_C612352_01	1.0	S	0.0
Didcos_EP00039_Didymoeca_costata_P030854	TrH2_TrispH2_005317-RA	1.0	S	0.0
Didcos_EP00039_Didymoeca_costata_P030854	Spolac_c91573_g2_i1_m.7024c91573-g1	1.0	S	0.0
Didcos_EP00039_Didymoeca_costata_P030854	Bolinf_Binf_sb1220299	1.0	S	0.0
Didcos_EP00039_Didymoeca_costata_P030854	Beraby_Baby_sb324206	1.0	S	0.0
Didcos_EP00039_Didymoeca_costata_P030854	Morvir_scaffold414.g8.t1	1.0	S	0.0
Didcos_EP00039_Didymoeca_costata_P030854	Tetwil_g25780.t1	1.0	S	0.0
Didcos_EP00039_Didymoeca_costata_P030854	Bolinf_Binf_sb1216733	1.0	S	0.0
Didcos_EP00039_Didymoeca_costata_P030854	Spur_XM_030996286.1	1.0	S	0.0
Didcos_EP00039_Didymoeca_costata_P030854	HoiH04_mRNA11870	1.0	S	0.0
Didcos_EP00039_Didymoeca_costata_P030854	Chem_TCONS_00014455	1.0	S	0.0
Didcos_EP00039_Didymoeca_costata_P030854	Aaur_scaffold168.g1.t1	1.0	S	0.0
Didcos_EP00039_Didymoeca_costata_P030854	Gfas_gfas1.m1.6571.m1	1.0	S	0.0
Didcos_EP00039_Didymoeca_costata_P030854	Stycar_maker-SC_scaffold84839-augustus-gene-0.9-mRNA-1	1.0	S	0.0
Didcos_EP00039_Didymoeca_costata_P030854	Mertsp_Mesp_sb549529	1.0	S	0.0
Didcos_EP00039_Didymoeca_costata_P030854	Nemnom_g12041.t1	1.0	S	0.0
Didcos_EP00039_Didymoeca_costata_P030854	Ctel_gnl_WGS_AMQN_CAPTEDRAFT_mRNA138269	1.0	S	0.0
Didcos_EP00039_Didymoeca_costata_P030854	Clacor_Ccor_scaffold7108_01	1.0	S	0.0
Didcos_EP00039_Didymoeca_costata_P030854	Opea_EP00118_Oscarella_pearsei_P011784	1.0	S	0.0
Didcos_EP00039_Didymoeca_costata_P030854	Mlei_ML0084.g1.i1	1.0	S	0.0
Didcos_EP00039_Didymoeca_costata_P030854	Rhoesc_Res_016409-T1	1.0	S	0.0
Didcos_EP00039_Didymoeca_costata_P030854	Tcas_TC014480_001	1.0	S	0.0
Didcos_EP00039_Didymoeca_costata_P030854	Vmul_SimC371547	1.0	S	0.0
Didcos_EP00039_Didymoeca_costata_P030854	Pocdam_XM_027203830.1	1.0	S	0.0
Didcos_EP00039_Didymoeca_costata_P030854	Spis_XP_022803145_1	1.0	S	0.0
Didcos_EP00039_Didymoeca_costata_P030854	Ocar_g9664	1.0	S	0.0
Didcos_EP00039_Didymoeca_costata_P030854	Nvec_v1g209576	1.0	S	0.0
Didcos_EP00039_Didymoeca_costata_P030854	Hvul_g29898_1	1.0	S	0.0
Didcos_EP00039_Didymoeca_costata_P030854	Halamb_c53629_g2_i2m.36059	1.0	S	0.0
Didcos_EP00039_Didymoeca_costata_P030854	Fspp_ffun1.m4.12692.m1	1.0	S	0.0
Didcos_EP00039_Didymoeca_costata_P030854	Sanmal_Sma_011645-T1	1.0	S	0.0
Didcos_EP00039_Didymoeca_costata_P030854	Tadh_TriadT28955	1.0	S	0.0
Didcos_EP00039_Didymoeca_costata_P030854	Dpul_mRNA2261	1.0	S	0.0
Didcos_EP00039_Didymoeca_costata_P030854	Acagra_model.g2031.t1.1.5d3b8378	1.0	S	0.0
Didcos_EP00039_Didymoeca_costata_P030854	Lampan_Lpan_C415091_01	1.0	S	0.0
Didcos_EP00039_Didymoeca_costata_P030854	HoiH11_mRNA3955	1.0	S	0.0
Didcos_EP00039_Didymoeca_costata_P030854	Pbac_sb2664413	1.0	S	0.0
Didcos_EP00039_Didymoeca_costata_P030854	Adig_XM_015904181.1	1.0	S	0.0
Didcos_EP00039_Didymoeca_costata_P030854	Stycar_snap_masked-SC_scaffold36053-processed-gene-0.1-mRNA-1	1.0	S	0.0
Didcos_EP00039_Didymoeca_costata_P030854	Horcal_Hcv1.av93.c13.g336.i1	1.0	S	0.0
Didcos_EP00039_Didymoeca_costata_P030854	Hhon_g06887.t1	1.0	S	0.0
Didcos_EP00039_Didymoeca_costata_P030854	Cscu_XM_023371756.1	1.0	S	0.0
Didcos_EP00039_Didymoeca_costata_P030854	Bolinf_Binf_sb1220300	1.0	S	0.0
Didcos_EP00039_Didymoeca_costata_P030854	Lcom_lcpid34176	1.0	S	0.0
Didcos_EP00039_Didymoeca_costata_P030854	Mlei_ML0021.g5.i1	1.0	S	0.0
Didcos_EP00039_Didymoeca_costata_P030854	Scil_scict014551.1	1.0	S	0.0
Didcos_EP00039_Didymoeca_costata_P030854	Spur_XM_786416.5	1.0	S	0.0
Didcos_EP00039_Didymoeca_costata_P030854	Exapal_XM_021037786.2	1.0	S	0.0
Didcos_EP00039_Didymoeca_costata_P030854	Emue_Em0011g49a.t1	1.0	S	0.0
Didcos_EP00039_Didymoeca_costata_P030854	Coemet_Cmet_scaffold16074_01	1.0	S	0.0
Didcos_EP00039_Didymoeca_costata_P030854	Pbac_sb2666617	1.0	S	0.0
Didcos_EP00039_Didymoeca_costata_P030854	Skow_XM_006816532.1	1.0	S	0.0
Didcos_EP00039_Didymoeca_costata_P030854	Horcal_Hcv1.av93.c10.g582.i1	1.0	S	0.0
Didcos_EP00039_Didymoeca_costata_P030854	Stycar_maker-SC_scaffold138306-augustus-gene-0.4-mRNA-1	1.0	S	0.0
Didcos_EP00039_Didymoeca_costata_P030854	Pbac_sb2652734	1.0	S	0.0
Didcos_EP00039_Didymoeca_costata_P030854	Cgig_XM_034456211.1	1.0	S	0.0
Didcos_EP00039_Didymoeca_costata_P030854	Vmul_Simscaffold13461_01	1.0	S	0.0
Didcos_EP00039_Didymoeca_costata_P030854	Dgig_XM_028548763.1	1.0	S	0.0
Didcos_EP00039_Didymoeca_costata_P030854	Mertsp_Mesp_sb549530	1.0	S	0.0
Didcos_EP00039_Didymoeca_costata_P030854	Leuniv_Lniv_scaffold25744_01	1.0	S	0.0
Didcos_EP00039_Didymoeca_costata_P030854	Spolac_c91573_g1_i1_m.7023c91573-g1	1.0	S	0.0
Didcos_EP00039_Didymoeca_costata_P030854	Pbac_sb2660011	1.0	S	0.0
Salpun_EP00053_Salpingoeca_punica_P007858	Plajan_Pjan_C560135_01	1.0	S	0.0
Salpun_EP00053_Salpingoeca_punica_P007858	Bralan_BLAG13000622_1	1.0	S	0.0
Salpun_EP00053_Salpingoeca_punica_P007858	Gasp_gasp1.m3.7264.m1	1.0	S	0.0
Salpun_EP00053_Salpingoeca_punica_P007858	Xestes_maker-XT_scaffold128004-snap-gene-0.2-mRNA-1	1.0	S	0.0
Salpun_EP00053_Salpingoeca_punica_P007858	Hsap_ENST00000614443	1.0	S	0.0
Salpun_EP00053_Salpingoeca_punica_P007858	HoiH23_PlH23_004365-RA	1.0	S	0.0
Salpun_EP00053_Salpingoeca_punica_P007858	Plespi_Pspi_C612352_01	1.0	S	0.0
Salpun_EP00053_Salpingoeca_punica_P007858	TrH2_TrispH2_005317-RA	1.0	S	0.0
Salpun_EP00053_Salpingoeca_punica_P007858	Spolac_c91573_g2_i1_m.7024c91573-g1	1.0	S	0.0
Salpun_EP00053_Salpingoeca_punica_P007858	Bolinf_Binf_sb1220299	1.0	S	0.0
Salpun_EP00053_Salpingoeca_punica_P007858	Beraby_Baby_sb324206	1.0	S	0.0
Salpun_EP00053_Salpingoeca_punica_P007858	Morvir_scaffold414.g8.t1	1.0	S	0.0
Salpun_EP00053_Salpingoeca_punica_P007858	Tetwil_g25780.t1	1.0	S	0.0
Salpun_EP00053_Salpingoeca_punica_P007858	Bolinf_Binf_sb1216733	1.0	S	0.0
Salpun_EP00053_Salpingoeca_punica_P007858	Spur_XM_030996286.1	1.0	S	0.0
Salpun_EP00053_Salpingoeca_punica_P007858	HoiH04_mRNA11870	1.0	S	0.0
Salpun_EP00053_Salpingoeca_punica_P007858	Chem_TCONS_00014455	1.0	S	0.0
Salpun_EP00053_Salpingoeca_punica_P007858	Aaur_scaffold168.g1.t1	1.0	S	0.0
Salpun_EP00053_Salpingoeca_punica_P007858	Gfas_gfas1.m1.6571.m1	1.0	S	0.0
Salpun_EP00053_Salpingoeca_punica_P007858	Stycar_maker-SC_scaffold84839-augustus-gene-0.9-mRNA-1	1.0	S	0.0
Salpun_EP00053_Salpingoeca_punica_P007858	Mertsp_Mesp_sb549529	1.0	S	0.0
Salpun_EP00053_Salpingoeca_punica_P007858	Nemnom_g12041.t1	1.0	S	0.0
Salpun_EP00053_Salpingoeca_punica_P007858	Ctel_gnl_WGS_AMQN_CAPTEDRAFT_mRNA138269	1.0	S	0.0
Salpun_EP00053_Salpingoeca_punica_P007858	Clacor_Ccor_scaffold7108_01	1.0	S	0.0
Salpun_EP00053_Salpingoeca_punica_P007858	Opea_EP00118_Oscarella_pearsei_P011784	1.0	S	0.0
Salpun_EP00053_Salpingoeca_punica_P007858	Mlei_ML0084.g1.i1	1.0	S	0.0
Salpun_EP00053_Salpingoeca_punica_P007858	Rhoesc_Res_016409-T1	1.0	S	0.0
Salpun_EP00053_Salpingoeca_punica_P007858	Tcas_TC014480_001	1.0	S	0.0
Salpun_EP00053_Salpingoeca_punica_P007858	Vmul_SimC371547	1.0	S	0.0
Salpun_EP00053_Salpingoeca_punica_P007858	Pocdam_XM_027203830.1	1.0	S	0.0
Salpun_EP00053_Salpingoeca_punica_P007858	Spis_XP_022803145_1	1.0	S	0.0
Salpun_EP00053_Salpingoeca_punica_P007858	Ocar_g9664	1.0	S	0.0
Salpun_EP00053_Salpingoeca_punica_P007858	Nvec_v1g209576	1.0	S	0.0
Salpun_EP00053_Salpingoeca_punica_P007858	Hvul_g29898_1	1.0	S	0.0
Salpun_EP00053_Salpingoeca_punica_P007858	Halamb_c53629_g2_i2m.36059	1.0	S	0.0
Salpun_EP00053_Salpingoeca_punica_P007858	Fspp_ffun1.m4.12692.m1	1.0	S	0.0
Salpun_EP00053_Salpingoeca_punica_P007858	Sanmal_Sma_011645-T1	1.0	S	0.0
Salpun_EP00053_Salpingoeca_punica_P007858	Tadh_TriadT28955	1.0	S	0.0
Salpun_EP00053_Salpingoeca_punica_P007858	Dpul_mRNA2261	1.0	S	0.0
Salpun_EP00053_Salpingoeca_punica_P007858	Acagra_model.g2031.t1.1.5d3b8378	1.0	S	0.0
Salpun_EP00053_Salpingoeca_punica_P007858	Lampan_Lpan_C415091_01	1.0	S	0.0
Salpun_EP00053_Salpingoeca_punica_P007858	HoiH11_mRNA3955	1.0	S	0.0
Salpun_EP00053_Salpingoeca_punica_P007858	Pbac_sb2664413	1.0	S	0.0
Salpun_EP00053_Salpingoeca_punica_P007858	Adig_XM_015904181.1	1.0	S	0.0
Salpun_EP00053_Salpingoeca_punica_P007858	Stycar_snap_masked-SC_scaffold36053-processed-gene-0.1-mRNA-1	1.0	S	0.0
Salpun_EP00053_Salpingoeca_punica_P007858	Horcal_Hcv1.av93.c13.g336.i1	1.0	S	0.0
Salpun_EP00053_Salpingoeca_punica_P007858	Hhon_g06887.t1	1.0	S	0.0
Salpun_EP00053_Salpingoeca_punica_P007858	Cscu_XM_023371756.1	1.0	S	0.0
Salpun_EP00053_Salpingoeca_punica_P007858	Bolinf_Binf_sb1220300	1.0	S	0.0
Salpun_EP00053_Salpingoeca_punica_P007858	Lcom_lcpid34176	1.0	S	0.0
Salpun_EP00053_Salpingoeca_punica_P007858	Mlei_ML0021.g5.i1	1.0	S	0.0
Salpun_EP00053_Salpingoeca_punica_P007858	Scil_scict014551.1	1.0	S	0.0
Salpun_EP00053_Salpingoeca_punica_P007858	Spur_XM_786416.5	1.0	S	0.0
Salpun_EP00053_Salpingoeca_punica_P007858	Exapal_XM_021037786.2	1.0	S	0.0
Salpun_EP00053_Salpingoeca_punica_P007858	Emue_Em0011g49a.t1	1.0	S	0.0
Salpun_EP00053_Salpingoeca_punica_P007858	Coemet_Cmet_scaffold16074_01	1.0	S	0.0
Salpun_EP00053_Salpingoeca_punica_P007858	Pbac_sb2666617	1.0	S	0.0
Salpun_EP00053_Salpingoeca_punica_P007858	Skow_XM_006816532.1	1.0	S	0.0
Salpun_EP00053_Salpingoeca_punica_P007858	Horcal_Hcv1.av93.c10.g582.i1	1.0	S	0.0
Salpun_EP00053_Salpingoeca_punica_P007858	Stycar_maker-SC_scaffold138306-augustus-gene-0.4-mRNA-1	1.0	S	0.0
Salpun_EP00053_Salpingoeca_punica_P007858	Pbac_sb2652734	1.0	S	0.0
Salpun_EP00053_Salpingoeca_punica_P007858	Cgig_XM_034456211.1	1.0	S	0.0
Salpun_EP00053_Salpingoeca_punica_P007858	Vmul_Simscaffold13461_01	1.0	S	0.0
Salpun_EP00053_Salpingoeca_punica_P007858	Dgig_XM_028548763.1	1.0	S	0.0
Salpun_EP00053_Salpingoeca_punica_P007858	Mertsp_Mesp_sb549530	1.0	S	0.0
Salpun_EP00053_Salpingoeca_punica_P007858	Leuniv_Lniv_scaffold25744_01	1.0	S	0.0
Salpun_EP00053_Salpingoeca_punica_P007858	Spolac_c91573_g1_i1_m.7023c91573-g1	1.0	S	0.0
Salpun_EP00053_Salpingoeca_punica_P007858	Pbac_sb2660011	1.0	S	0.0
Stedip_EP00041_Stephanoeca_diplocostata_P016569	Plajan_Pjan_C560135_01	1.0	S	0.0
Stedip_EP00041_Stephanoeca_diplocostata_P016569	Bralan_BLAG13000622_1	1.0	S	0.0
Stedip_EP00041_Stephanoeca_diplocostata_P016569	Gasp_gasp1.m3.7264.m1	1.0	S	0.0
Stedip_EP00041_Stephanoeca_diplocostata_P016569	Xestes_maker-XT_scaffold128004-snap-gene-0.2-mRNA-1	1.0	S	0.0
Stedip_EP00041_Stephanoeca_diplocostata_P016569	Hsap_ENST00000614443	1.0	S	0.0
Stedip_EP00041_Stephanoeca_diplocostata_P016569	HoiH23_PlH23_004365-RA	1.0	S	0.0
Stedip_EP00041_Stephanoeca_diplocostata_P016569	Plespi_Pspi_C612352_01	1.0	S	0.0
Stedip_EP00041_Stephanoeca_diplocostata_P016569	TrH2_TrispH2_005317-RA	1.0	S	0.0
Stedip_EP00041_Stephanoeca_diplocostata_P016569	Spolac_c91573_g2_i1_m.7024c91573-g1	1.0	S	0.0
Stedip_EP00041_Stephanoeca_diplocostata_P016569	Bolinf_Binf_sb1220299	1.0	S	0.0
Stedip_EP00041_Stephanoeca_diplocostata_P016569	Beraby_Baby_sb324206	1.0	S	0.0
Stedip_EP00041_Stephanoeca_diplocostata_P016569	Morvir_scaffold414.g8.t1	1.0	S	0.0
Stedip_EP00041_Stephanoeca_diplocostata_P016569	Tetwil_g25780.t1	1.0	S	0.0
Stedip_EP00041_Stephanoeca_diplocostata_P016569	Bolinf_Binf_sb1216733	1.0	S	0.0
Stedip_EP00041_Stephanoeca_diplocostata_P016569	Spur_XM_030996286.1	1.0	S	0.0
Stedip_EP00041_Stephanoeca_diplocostata_P016569	HoiH04_mRNA11870	1.0	S	0.0
Stedip_EP00041_Stephanoeca_diplocostata_P016569	Chem_TCONS_00014455	1.0	S	0.0
Stedip_EP00041_Stephanoeca_diplocostata_P016569	Aaur_scaffold168.g1.t1	1.0	S	0.0
Stedip_EP00041_Stephanoeca_diplocostata_P016569	Gfas_gfas1.m1.6571.m1	1.0	S	0.0
Stedip_EP00041_Stephanoeca_diplocostata_P016569	Stycar_maker-SC_scaffold84839-augustus-gene-0.9-mRNA-1	1.0	S	0.0
Stedip_EP00041_Stephanoeca_diplocostata_P016569	Mertsp_Mesp_sb549529	1.0	S	0.0
Stedip_EP00041_Stephanoeca_diplocostata_P016569	Nemnom_g12041.t1	1.0	S	0.0
Stedip_EP00041_Stephanoeca_diplocostata_P016569	Ctel_gnl_WGS_AMQN_CAPTEDRAFT_mRNA138269	1.0	S	0.0
Stedip_EP00041_Stephanoeca_diplocostata_P016569	Clacor_Ccor_scaffold7108_01	1.0	S	0.0
Stedip_EP00041_Stephanoeca_diplocostata_P016569	Opea_EP00118_Oscarella_pearsei_P011784	1.0	S	0.0
Stedip_EP00041_Stephanoeca_diplocostata_P016569	Mlei_ML0084.g1.i1	1.0	S	0.0
Stedip_EP00041_Stephanoeca_diplocostata_P016569	Rhoesc_Res_016409-T1	1.0	S	0.0
Stedip_EP00041_Stephanoeca_diplocostata_P016569	Tcas_TC014480_001	1.0	S	0.0
Stedip_EP00041_Stephanoeca_diplocostata_P016569	Vmul_SimC371547	1.0	S	0.0
Stedip_EP00041_Stephanoeca_diplocostata_P016569	Pocdam_XM_027203830.1	1.0	S	0.0
Stedip_EP00041_Stephanoeca_diplocostata_P016569	Spis_XP_022803145_1	1.0	S	0.0
Stedip_EP00041_Stephanoeca_diplocostata_P016569	Ocar_g9664	1.0	S	0.0
Stedip_EP00041_Stephanoeca_diplocostata_P016569	Nvec_v1g209576	1.0	S	0.0
Stedip_EP00041_Stephanoeca_diplocostata_P016569	Hvul_g29898_1	1.0	S	0.0
Stedip_EP00041_Stephanoeca_diplocostata_P016569	Halamb_c53629_g2_i2m.36059	1.0	S	0.0
Stedip_EP00041_Stephanoeca_diplocostata_P016569	Fspp_ffun1.m4.12692.m1	1.0	S	0.0
Stedip_EP00041_Stephanoeca_diplocostata_P016569	Sanmal_Sma_011645-T1	1.0	S	0.0
Stedip_EP00041_Stephanoeca_diplocostata_P016569	Tadh_TriadT28955	1.0	S	0.0
Stedip_EP00041_Stephanoeca_diplocostata_P016569	Dpul_mRNA2261	1.0	S	0.0
Stedip_EP00041_Stephanoeca_diplocostata_P016569	Acagra_model.g2031.t1.1.5d3b8378	1.0	S	0.0
Stedip_EP00041_Stephanoeca_diplocostata_P016569	Lampan_Lpan_C415091_01	1.0	S	0.0
Stedip_EP00041_Stephanoeca_diplocostata_P016569	HoiH11_mRNA3955	1.0	S	0.0
Stedip_EP00041_Stephanoeca_diplocostata_P016569	Pbac_sb2664413	1.0	S	0.0
Stedip_EP00041_Stephanoeca_diplocostata_P016569	Adig_XM_015904181.1	1.0	S	0.0
Stedip_EP00041_Stephanoeca_diplocostata_P016569	Stycar_snap_masked-SC_scaffold36053-processed-gene-0.1-mRNA-1	1.0	S	0.0
Stedip_EP00041_Stephanoeca_diplocostata_P016569	Horcal_Hcv1.av93.c13.g336.i1	1.0	S	0.0
Stedip_EP00041_Stephanoeca_diplocostata_P016569	Hhon_g06887.t1	1.0	S	0.0
Stedip_EP00041_Stephanoeca_diplocostata_P016569	Cscu_XM_023371756.1	1.0	S	0.0
Stedip_EP00041_Stephanoeca_diplocostata_P016569	Bolinf_Binf_sb1220300	1.0	S	0.0
Stedip_EP00041_Stephanoeca_diplocostata_P016569	Lcom_lcpid34176	1.0	S	0.0
Stedip_EP00041_Stephanoeca_diplocostata_P016569	Mlei_ML0021.g5.i1	1.0	S	0.0
Stedip_EP00041_Stephanoeca_diplocostata_P016569	Scil_scict014551.1	1.0	S	0.0
Stedip_EP00041_Stephanoeca_diplocostata_P016569	Spur_XM_786416.5	1.0	S	0.0
Stedip_EP00041_Stephanoeca_diplocostata_P016569	Exapal_XM_021037786.2	1.0	S	0.0
Stedip_EP00041_Stephanoeca_diplocostata_P016569	Emue_Em0011g49a.t1	1.0	S	0.0
Stedip_EP00041_Stephanoeca_diplocostata_P016569	Coemet_Cmet_scaffold16074_01	1.0	S	0.0
Stedip_EP00041_Stephanoeca_diplocostata_P016569	Pbac_sb2666617	1.0	S	0.0
Stedip_EP00041_Stephanoeca_diplocostata_P016569	Skow_XM_006816532.1	1.0	S	0.0
Stedip_EP00041_Stephanoeca_diplocostata_P016569	Horcal_Hcv1.av93.c10.g582.i1	1.0	S	0.0
Stedip_EP00041_Stephanoeca_diplocostata_P016569	Stycar_maker-SC_scaffold138306-augustus-gene-0.4-mRNA-1	1.0	S	0.0
Stedip_EP00041_Stephanoeca_diplocostata_P016569	Pbac_sb2652734	1.0	S	0.0
Stedip_EP00041_Stephanoeca_diplocostata_P016569	Cgig_XM_034456211.1	1.0	S	0.0
Stedip_EP00041_Stephanoeca_diplocostata_P016569	Vmul_Simscaffold13461_01	1.0	S	0.0
Stedip_EP00041_Stephanoeca_diplocostata_P016569	Dgig_XM_028548763.1	1.0	S	0.0
Stedip_EP00041_Stephanoeca_diplocostata_P016569	Mertsp_Mesp_sb549530	1.0	S	0.0
Stedip_EP00041_Stephanoeca_diplocostata_P016569	Leuniv_Lniv_scaffold25744_01	1.0	S	0.0
Stedip_EP00041_Stephanoeca_diplocostata_P016569	Spolac_c91573_g1_i1_m.7023c91573-g1	1.0	S	0.0
Stedip_EP00041_Stephanoeca_diplocostata_P016569	Pbac_sb2660011	1.0	S	0.0
Stedip_EP00041_Stephanoeca_diplocostata_P016567	Plajan_Pjan_C560135_01	1.0	S	0.0
Stedip_EP00041_Stephanoeca_diplocostata_P016567	Bralan_BLAG13000622_1	1.0	S	0.0
Stedip_EP00041_Stephanoeca_diplocostata_P016567	Gasp_gasp1.m3.7264.m1	1.0	S	0.0
Stedip_EP00041_Stephanoeca_diplocostata_P016567	Xestes_maker-XT_scaffold128004-snap-gene-0.2-mRNA-1	1.0	S	0.0
Stedip_EP00041_Stephanoeca_diplocostata_P016567	Hsap_ENST00000614443	1.0	S	0.0
Stedip_EP00041_Stephanoeca_diplocostata_P016567	HoiH23_PlH23_004365-RA	1.0	S	0.0
Stedip_EP00041_Stephanoeca_diplocostata_P016567	Plespi_Pspi_C612352_01	1.0	S	0.0
Stedip_EP00041_Stephanoeca_diplocostata_P016567	TrH2_TrispH2_005317-RA	1.0	S	0.0
Stedip_EP00041_Stephanoeca_diplocostata_P016567	Spolac_c91573_g2_i1_m.7024c91573-g1	1.0	S	0.0
Stedip_EP00041_Stephanoeca_diplocostata_P016567	Bolinf_Binf_sb1220299	1.0	S	0.0
Stedip_EP00041_Stephanoeca_diplocostata_P016567	Beraby_Baby_sb324206	1.0	S	0.0
Stedip_EP00041_Stephanoeca_diplocostata_P016567	Morvir_scaffold414.g8.t1	1.0	S	0.0
Stedip_EP00041_Stephanoeca_diplocostata_P016567	Tetwil_g25780.t1	1.0	S	0.0
Stedip_EP00041_Stephanoeca_diplocostata_P016567	Bolinf_Binf_sb1216733	1.0	S	0.0
Stedip_EP00041_Stephanoeca_diplocostata_P016567	Spur_XM_030996286.1	1.0	S	0.0
Stedip_EP00041_Stephanoeca_diplocostata_P016567	HoiH04_mRNA11870	1.0	S	0.0
Stedip_EP00041_Stephanoeca_diplocostata_P016567	Chem_TCONS_00014455	1.0	S	0.0
Stedip_EP00041_Stephanoeca_diplocostata_P016567	Aaur_scaffold168.g1.t1	1.0	S	0.0
Stedip_EP00041_Stephanoeca_diplocostata_P016567	Gfas_gfas1.m1.6571.m1	1.0	S	0.0
Stedip_EP00041_Stephanoeca_diplocostata_P016567	Stycar_maker-SC_scaffold84839-augustus-gene-0.9-mRNA-1	1.0	S	0.0
Stedip_EP00041_Stephanoeca_diplocostata_P016567	Mertsp_Mesp_sb549529	1.0	S	0.0
Stedip_EP00041_Stephanoeca_diplocostata_P016567	Nemnom_g12041.t1	1.0	S	0.0
Stedip_EP00041_Stephanoeca_diplocostata_P016567	Ctel_gnl_WGS_AMQN_CAPTEDRAFT_mRNA138269	1.0	S	0.0
Stedip_EP00041_Stephanoeca_diplocostata_P016567	Clacor_Ccor_scaffold7108_01	1.0	S	0.0
Stedip_EP00041_Stephanoeca_diplocostata_P016567	Opea_EP00118_Oscarella_pearsei_P011784	1.0	S	0.0
Stedip_EP00041_Stephanoeca_diplocostata_P016567	Mlei_ML0084.g1.i1	1.0	S	0.0
Stedip_EP00041_Stephanoeca_diplocostata_P016567	Rhoesc_Res_016409-T1	1.0	S	0.0
Stedip_EP00041_Stephanoeca_diplocostata_P016567	Tcas_TC014480_001	1.0	S	0.0
Stedip_EP00041_Stephanoeca_diplocostata_P016567	Vmul_SimC371547	1.0	S	0.0
Stedip_EP00041_Stephanoeca_diplocostata_P016567	Pocdam_XM_027203830.1	1.0	S	0.0
Stedip_EP00041_Stephanoeca_diplocostata_P016567	Spis_XP_022803145_1	1.0	S	0.0
Stedip_EP00041_Stephanoeca_diplocostata_P016567	Ocar_g9664	1.0	S	0.0
Stedip_EP00041_Stephanoeca_diplocostata_P016567	Nvec_v1g209576	1.0	S	0.0
Stedip_EP00041_Stephanoeca_diplocostata_P016567	Hvul_g29898_1	1.0	S	0.0
Stedip_EP00041_Stephanoeca_diplocostata_P016567	Halamb_c53629_g2_i2m.36059	1.0	S	0.0
Stedip_EP00041_Stephanoeca_diplocostata_P016567	Fspp_ffun1.m4.12692.m1	1.0	S	0.0
Stedip_EP00041_Stephanoeca_diplocostata_P016567	Sanmal_Sma_011645-T1	1.0	S	0.0
Stedip_EP00041_Stephanoeca_diplocostata_P016567	Tadh_TriadT28955	1.0	S	0.0
Stedip_EP00041_Stephanoeca_diplocostata_P016567	Dpul_mRNA2261	1.0	S	0.0
Stedip_EP00041_Stephanoeca_diplocostata_P016567	Acagra_model.g2031.t1.1.5d3b8378	1.0	S	0.0
Stedip_EP00041_Stephanoeca_diplocostata_P016567	Lampan_Lpan_C415091_01	1.0	S	0.0
Stedip_EP00041_Stephanoeca_diplocostata_P016567	HoiH11_mRNA3955	1.0	S	0.0
Stedip_EP00041_Stephanoeca_diplocostata_P016567	Pbac_sb2664413	1.0	S	0.0
Stedip_EP00041_Stephanoeca_diplocostata_P016567	Adig_XM_015904181.1	1.0	S	0.0
Stedip_EP00041_Stephanoeca_diplocostata_P016567	Stycar_snap_masked-SC_scaffold36053-processed-gene-0.1-mRNA-1	1.0	S	0.0
Stedip_EP00041_Stephanoeca_diplocostata_P016567	Horcal_Hcv1.av93.c13.g336.i1	1.0	S	0.0
Stedip_EP00041_Stephanoeca_diplocostata_P016567	Hhon_g06887.t1	1.0	S	0.0
Stedip_EP00041_Stephanoeca_diplocostata_P016567	Cscu_XM_023371756.1	1.0	S	0.0
Stedip_EP00041_Stephanoeca_diplocostata_P016567	Bolinf_Binf_sb1220300	1.0	S	0.0
Stedip_EP00041_Stephanoeca_diplocostata_P016567	Lcom_lcpid34176	1.0	S	0.0
Stedip_EP00041_Stephanoeca_diplocostata_P016567	Mlei_ML0021.g5.i1	1.0	S	0.0
Stedip_EP00041_Stephanoeca_diplocostata_P016567	Scil_scict014551.1	1.0	S	0.0
Stedip_EP00041_Stephanoeca_diplocostata_P016567	Spur_XM_786416.5	1.0	S	0.0
Stedip_EP00041_Stephanoeca_diplocostata_P016567	Exapal_XM_021037786.2	1.0	S	0.0
Stedip_EP00041_Stephanoeca_diplocostata_P016567	Emue_Em0011g49a.t1	1.0	S	0.0
Stedip_EP00041_Stephanoeca_diplocostata_P016567	Coemet_Cmet_scaffold16074_01	1.0	S	0.0
Stedip_EP00041_Stephanoeca_diplocostata_P016567	Pbac_sb2666617	1.0	S	0.0
Stedip_EP00041_Stephanoeca_diplocostata_P016567	Skow_XM_006816532.1	1.0	S	0.0
Stedip_EP00041_Stephanoeca_diplocostata_P016567	Horcal_Hcv1.av93.c10.g582.i1	1.0	S	0.0
Stedip_EP00041_Stephanoeca_diplocostata_P016567	Stycar_maker-SC_scaffold138306-augustus-gene-0.4-mRNA-1	1.0	S	0.0
Stedip_EP00041_Stephanoeca_diplocostata_P016567	Pbac_sb2652734	1.0	S	0.0
Stedip_EP00041_Stephanoeca_diplocostata_P016567	Cgig_XM_034456211.1	1.0	S	0.0
Stedip_EP00041_Stephanoeca_diplocostata_P016567	Vmul_Simscaffold13461_01	1.0	S	0.0
Stedip_EP00041_Stephanoeca_diplocostata_P016567	Dgig_XM_028548763.1	1.0	S	0.0
Stedip_EP00041_Stephanoeca_diplocostata_P016567	Mertsp_Mesp_sb549530	1.0	S	0.0
Stedip_EP00041_Stephanoeca_diplocostata_P016567	Leuniv_Lniv_scaffold25744_01	1.0	S	0.0
Stedip_EP00041_Stephanoeca_diplocostata_P016567	Spolac_c91573_g1_i1_m.7023c91573-g1	1.0	S	0.0
Stedip_EP00041_Stephanoeca_diplocostata_P016567	Pbac_sb2660011	1.0	S	0.0
Salurc_EP00051_Salpingoeca_urceolata_P017748	Plajan_Pjan_C560135_01	1.0	S	0.0
Salurc_EP00051_Salpingoeca_urceolata_P017748	Bralan_BLAG13000622_1	1.0	S	0.0
Salurc_EP00051_Salpingoeca_urceolata_P017748	Gasp_gasp1.m3.7264.m1	1.0	S	0.0
Salurc_EP00051_Salpingoeca_urceolata_P017748	Xestes_maker-XT_scaffold128004-snap-gene-0.2-mRNA-1	1.0	S	0.0
Salurc_EP00051_Salpingoeca_urceolata_P017748	Hsap_ENST00000614443	1.0	S	0.0
Salurc_EP00051_Salpingoeca_urceolata_P017748	HoiH23_PlH23_004365-RA	1.0	S	0.0
Salurc_EP00051_Salpingoeca_urceolata_P017748	Plespi_Pspi_C612352_01	1.0	S	0.0
Salurc_EP00051_Salpingoeca_urceolata_P017748	TrH2_TrispH2_005317-RA	1.0	S	0.0
Salurc_EP00051_Salpingoeca_urceolata_P017748	Spolac_c91573_g2_i1_m.7024c91573-g1	1.0	S	0.0
Salurc_EP00051_Salpingoeca_urceolata_P017748	Bolinf_Binf_sb1220299	1.0	S	0.0
Salurc_EP00051_Salpingoeca_urceolata_P017748	Beraby_Baby_sb324206	1.0	S	0.0
Salurc_EP00051_Salpingoeca_urceolata_P017748	Morvir_scaffold414.g8.t1	1.0	S	0.0
Salurc_EP00051_Salpingoeca_urceolata_P017748	Tetwil_g25780.t1	1.0	S	0.0
Salurc_EP00051_Salpingoeca_urceolata_P017748	Bolinf_Binf_sb1216733	1.0	S	0.0
Salurc_EP00051_Salpingoeca_urceolata_P017748	Spur_XM_030996286.1	1.0	S	0.0
Salurc_EP00051_Salpingoeca_urceolata_P017748	HoiH04_mRNA11870	1.0	S	0.0
Salurc_EP00051_Salpingoeca_urceolata_P017748	Chem_TCONS_00014455	1.0	S	0.0
Salurc_EP00051_Salpingoeca_urceolata_P017748	Aaur_scaffold168.g1.t1	1.0	S	0.0
Salurc_EP00051_Salpingoeca_urceolata_P017748	Gfas_gfas1.m1.6571.m1	1.0	S	0.0
Salurc_EP00051_Salpingoeca_urceolata_P017748	Stycar_maker-SC_scaffold84839-augustus-gene-0.9-mRNA-1	1.0	S	0.0
Salurc_EP00051_Salpingoeca_urceolata_P017748	Mertsp_Mesp_sb549529	1.0	S	0.0
Salurc_EP00051_Salpingoeca_urceolata_P017748	Nemnom_g12041.t1	1.0	S	0.0
Salurc_EP00051_Salpingoeca_urceolata_P017748	Ctel_gnl_WGS_AMQN_CAPTEDRAFT_mRNA138269	1.0	S	0.0
Salurc_EP00051_Salpingoeca_urceolata_P017748	Clacor_Ccor_scaffold7108_01	1.0	S	0.0
Salurc_EP00051_Salpingoeca_urceolata_P017748	Opea_EP00118_Oscarella_pearsei_P011784	1.0	S	0.0
Salurc_EP00051_Salpingoeca_urceolata_P017748	Mlei_ML0084.g1.i1	1.0	S	0.0
Salurc_EP00051_Salpingoeca_urceolata_P017748	Rhoesc_Res_016409-T1	1.0	S	0.0
Salurc_EP00051_Salpingoeca_urceolata_P017748	Tcas_TC014480_001	1.0	S	0.0
Salurc_EP00051_Salpingoeca_urceolata_P017748	Vmul_SimC371547	1.0	S	0.0
Salurc_EP00051_Salpingoeca_urceolata_P017748	Pocdam_XM_027203830.1	1.0	S	0.0
Salurc_EP00051_Salpingoeca_urceolata_P017748	Spis_XP_022803145_1	1.0	S	0.0
Salurc_EP00051_Salpingoeca_urceolata_P017748	Ocar_g9664	1.0	S	0.0
Salurc_EP00051_Salpingoeca_urceolata_P017748	Nvec_v1g209576	1.0	S	0.0
Salurc_EP00051_Salpingoeca_urceolata_P017748	Hvul_g29898_1	1.0	S	0.0
Salurc_EP00051_Salpingoeca_urceolata_P017748	Halamb_c53629_g2_i2m.36059	1.0	S	0.0
Salurc_EP00051_Salpingoeca_urceolata_P017748	Fspp_ffun1.m4.12692.m1	1.0	S	0.0
Salurc_EP00051_Salpingoeca_urceolata_P017748	Sanmal_Sma_011645-T1	1.0	S	0.0
Salurc_EP00051_Salpingoeca_urceolata_P017748	Tadh_TriadT28955	1.0	S	0.0
Salurc_EP00051_Salpingoeca_urceolata_P017748	Dpul_mRNA2261	1.0	S	0.0
Salurc_EP00051_Salpingoeca_urceolata_P017748	Acagra_model.g2031.t1.1.5d3b8378	1.0	S	0.0
Salurc_EP00051_Salpingoeca_urceolata_P017748	Lampan_Lpan_C415091_01	1.0	S	0.0
Salurc_EP00051_Salpingoeca_urceolata_P017748	HoiH11_mRNA3955	1.0	S	0.0
Salurc_EP00051_Salpingoeca_urceolata_P017748	Pbac_sb2664413	1.0	S	0.0
Salurc_EP00051_Salpingoeca_urceolata_P017748	Adig_XM_015904181.1	1.0	S	0.0
Salurc_EP00051_Salpingoeca_urceolata_P017748	Stycar_snap_masked-SC_scaffold36053-processed-gene-0.1-mRNA-1	1.0	S	0.0
Salurc_EP00051_Salpingoeca_urceolata_P017748	Horcal_Hcv1.av93.c13.g336.i1	1.0	S	0.0
Salurc_EP00051_Salpingoeca_urceolata_P017748	Hhon_g06887.t1	1.0	S	0.0
Salurc_EP00051_Salpingoeca_urceolata_P017748	Cscu_XM_023371756.1	1.0	S	0.0
Salurc_EP00051_Salpingoeca_urceolata_P017748	Bolinf_Binf_sb1220300	1.0	S	0.0
Salurc_EP00051_Salpingoeca_urceolata_P017748	Lcom_lcpid34176	1.0	S	0.0
Salurc_EP00051_Salpingoeca_urceolata_P017748	Mlei_ML0021.g5.i1	1.0	S	0.0
Salurc_EP00051_Salpingoeca_urceolata_P017748	Scil_scict014551.1	1.0	S	0.0
Salurc_EP00051_Salpingoeca_urceolata_P017748	Spur_XM_786416.5	1.0	S	0.0
Salurc_EP00051_Salpingoeca_urceolata_P017748	Exapal_XM_021037786.2	1.0	S	0.0
Salurc_EP00051_Salpingoeca_urceolata_P017748	Emue_Em0011g49a.t1	1.0	S	0.0
Salurc_EP00051_Salpingoeca_urceolata_P017748	Coemet_Cmet_scaffold16074_01	1.0	S	0.0
Salurc_EP00051_Salpingoeca_urceolata_P017748	Pbac_sb2666617	1.0	S	0.0
Salurc_EP00051_Salpingoeca_urceolata_P017748	Skow_XM_006816532.1	1.0	S	0.0
Salurc_EP00051_Salpingoeca_urceolata_P017748	Horcal_Hcv1.av93.c10.g582.i1	1.0	S	0.0
Salurc_EP00051_Salpingoeca_urceolata_P017748	Stycar_maker-SC_scaffold138306-augustus-gene-0.4-mRNA-1	1.0	S	0.0
Salurc_EP00051_Salpingoeca_urceolata_P017748	Pbac_sb2652734	1.0	S	0.0
Salurc_EP00051_Salpingoeca_urceolata_P017748	Cgig_XM_034456211.1	1.0	S	0.0
Salurc_EP00051_Salpingoeca_urceolata_P017748	Vmul_Simscaffold13461_01	1.0	S	0.0
Salurc_EP00051_Salpingoeca_urceolata_P017748	Dgig_XM_028548763.1	1.0	S	0.0
Salurc_EP00051_Salpingoeca_urceolata_P017748	Mertsp_Mesp_sb549530	1.0	S	0.0
Salurc_EP00051_Salpingoeca_urceolata_P017748	Leuniv_Lniv_scaffold25744_01	1.0	S	0.0
Salurc_EP00051_Salpingoeca_urceolata_P017748	Spolac_c91573_g1_i1_m.7023c91573-g1	1.0	S	0.0
Salurc_EP00051_Salpingoeca_urceolata_P017748	Pbac_sb2660011	1.0	S	0.0
Salpun_EP00053_Salpingoeca_punica_P007858	Helnan_EP00037_Helgoeca_nana_P021043	100.0	S	0.0
Salpun_EP00053_Salpingoeca_punica_P007858	Diagra_EP00040_Diaphanoeca_grandis_P018482	100.0	S	0.0
Salpun_EP00053_Salpingoeca_punica_P007858	Diagra_EP00040_Diaphanoeca_grandis_P018481	100.0	S	0.0
Salpun_EP00053_Salpingoeca_punica_P007858	Salinf_EP00049_Salpingoeca_infusionum_P028096	100.0	S	0.0
Salpun_EP00053_Salpingoeca_punica_P007858	Mylflu_EP00047_Mylnosiga_fluctuans_P007338	100.0	S	0.0
Salpun_EP00053_Salpingoeca_punica_P007858	Acaspe_EP00035_Acanthoeca_spectabilis_P013064	100.0	S	0.0
Salpun_EP00053_Salpingoeca_punica_P007858	Acaspe_EP00035_Acanthoeca_spectabilis_P013058	100.0	S	0.0
Salpun_EP00053_Salpingoeca_punica_P007858	Saldol_EP00054_Salpingoeca_dolichothecata_P024193	100.0	S	0.0
Salpun_EP00053_Salpingoeca_punica_P007858	Didcos_EP00039_Didymoeca_costata_P030854	100.0	S	0.0
Salpun_EP00053_Salpingoeca_punica_P007858	Salurc_EP00051_Salpingoeca_urceolata_P017748	100.0	S	0.0
Salpun_EP00053_Salpingoeca_punica_P007858	Salmac_EP00052_Salpingoeca_macrocollata_P010086	100.0	S	0.0
Salpun_EP00053_Salpingoeca_punica_P007858	Sros_EGD73059	100.0	S	0.0
Salpun_EP00053_Salpingoeca_punica_P007858	Stedip_EP00041_Stephanoeca_diplocostata_P016569	100.0	S	0.0
Salpun_EP00053_Salpingoeca_punica_P007858	Microa_EP00043_Microstomoeca_roanoka_P016252	100.0	S	0.0
Salpun_EP00053_Salpingoeca_punica_P007858	Stedip_EP00041_Stephanoeca_diplocostata_P016567	100.0	S	0.0
Salpun_EP00053_Salpingoeca_punica_P007858	Salkve_EP00050_Salpingoeca_kvevrii_P009216	100.0	S	0.0
Choper_EP00045_Choanoeca_perplexa_P004381	Helnan_EP00037_Helgoeca_nana_P021043	100.0	S	0.0
Choper_EP00045_Choanoeca_perplexa_P004381	Diagra_EP00040_Diaphanoeca_grandis_P018482	100.0	S	0.0
Choper_EP00045_Choanoeca_perplexa_P004381	Diagra_EP00040_Diaphanoeca_grandis_P018481	100.0	S	0.0
Choper_EP00045_Choanoeca_perplexa_P004381	Salinf_EP00049_Salpingoeca_infusionum_P028096	100.0	S	0.0
Choper_EP00045_Choanoeca_perplexa_P004381	Mylflu_EP00047_Mylnosiga_fluctuans_P007338	100.0	S	0.0
Choper_EP00045_Choanoeca_perplexa_P004381	Acaspe_EP00035_Acanthoeca_spectabilis_P013064	100.0	S	0.0
Choper_EP00045_Choanoeca_perplexa_P004381	Acaspe_EP00035_Acanthoeca_spectabilis_P013058	100.0	S	0.0
Choper_EP00045_Choanoeca_perplexa_P004381	Saldol_EP00054_Salpingoeca_dolichothecata_P024193	100.0	S	0.0
Choper_EP00045_Choanoeca_perplexa_P004381	Didcos_EP00039_Didymoeca_costata_P030854	100.0	S	0.0
Choper_EP00045_Choanoeca_perplexa_P004381	Salurc_EP00051_Salpingoeca_urceolata_P017748	100.0	S	0.0
Choper_EP00045_Choanoeca_perplexa_P004381	Salmac_EP00052_Salpingoeca_macrocollata_P010086	100.0	S	0.0
Choper_EP00045_Choanoeca_perplexa_P004381	Sros_EGD73059	100.0	S	0.0
Choper_EP00045_Choanoeca_perplexa_P004381	Stedip_EP00041_Stephanoeca_diplocostata_P016569	100.0	S	0.0
Choper_EP00045_Choanoeca_perplexa_P004381	Microa_EP00043_Microstomoeca_roanoka_P016252	100.0	S	0.0
Choper_EP00045_Choanoeca_perplexa_P004381	Stedip_EP00041_Stephanoeca_diplocostata_P016567	100.0	S	0.0
Choper_EP00045_Choanoeca_perplexa_P004381	Salkve_EP00050_Salpingoeca_kvevrii_P009216	100.0	S	0.0
Salpun_EP00053_Salpingoeca_punica_P007860	Helnan_EP00037_Helgoeca_nana_P021043	100.0	S	0.0
Salpun_EP00053_Salpingoeca_punica_P007860	Diagra_EP00040_Diaphanoeca_grandis_P018482	100.0	S	0.0
Salpun_EP00053_Salpingoeca_punica_P007860	Diagra_EP00040_Diaphanoeca_grandis_P018481	100.0	S	0.0
Salpun_EP00053_Salpingoeca_punica_P007860	Salinf_EP00049_Salpingoeca_infusionum_P028096	100.0	S	0.0
Salpun_EP00053_Salpingoeca_punica_P007860	Mylflu_EP00047_Mylnosiga_fluctuans_P007338	100.0	S	0.0
Salpun_EP00053_Salpingoeca_punica_P007860	Acaspe_EP00035_Acanthoeca_spectabilis_P013064	100.0	S	0.0
Salpun_EP00053_Salpingoeca_punica_P007860	Acaspe_EP00035_Acanthoeca_spectabilis_P013058	100.0	S	0.0
Salpun_EP00053_Salpingoeca_punica_P007860	Saldol_EP00054_Salpingoeca_dolichothecata_P024193	100.0	S	0.0
Salpun_EP00053_Salpingoeca_punica_P007860	Didcos_EP00039_Didymoeca_costata_P030854	100.0	S	0.0
Salpun_EP00053_Salpingoeca_punica_P007860	Salurc_EP00051_Salpingoeca_urceolata_P017748	100.0	S	0.0
Salpun_EP00053_Salpingoeca_punica_P007860	Salmac_EP00052_Salpingoeca_macrocollata_P010086	100.0	S	0.0
Salpun_EP00053_Salpingoeca_punica_P007860	Sros_EGD73059	100.0	S	0.0
Salpun_EP00053_Salpingoeca_punica_P007860	Stedip_EP00041_Stephanoeca_diplocostata_P016569	100.0	S	0.0
Salpun_EP00053_Salpingoeca_punica_P007860	Microa_EP00043_Microstomoeca_roanoka_P016252	100.0	S	0.0
Salpun_EP00053_Salpingoeca_punica_P007860	Stedip_EP00041_Stephanoeca_diplocostata_P016567	100.0	S	0.0
Salpun_EP00053_Salpingoeca_punica_P007860	Salkve_EP00050_Salpingoeca_kvevrii_P009216	100.0	S	0.0
Chofle_EP00730_Choanoeca_flexa_P009736	Helnan_EP00037_Helgoeca_nana_P021043	100.0	S	0.0
Chofle_EP00730_Choanoeca_flexa_P009736	Diagra_EP00040_Diaphanoeca_grandis_P018482	100.0	S	0.0
Chofle_EP00730_Choanoeca_flexa_P009736	Diagra_EP00040_Diaphanoeca_grandis_P018481	100.0	S	0.0
Chofle_EP00730_Choanoeca_flexa_P009736	Salinf_EP00049_Salpingoeca_infusionum_P028096	100.0	S	0.0
Chofle_EP00730_Choanoeca_flexa_P009736	Mylflu_EP00047_Mylnosiga_fluctuans_P007338	100.0	S	0.0
Chofle_EP00730_Choanoeca_flexa_P009736	Acaspe_EP00035_Acanthoeca_spectabilis_P013064	100.0	S	0.0
Chofle_EP00730_Choanoeca_flexa_P009736	Acaspe_EP00035_Acanthoeca_spectabilis_P013058	100.0	S	0.0
Chofle_EP00730_Choanoeca_flexa_P009736	Saldol_EP00054_Salpingoeca_dolichothecata_P024193	100.0	S	0.0
Chofle_EP00730_Choanoeca_flexa_P009736	Didcos_EP00039_Didymoeca_costata_P030854	100.0	S	0.0
Chofle_EP00730_Choanoeca_flexa_P009736	Salurc_EP00051_Salpingoeca_urceolata_P017748	100.0	S	0.0
Chofle_EP00730_Choanoeca_flexa_P009736	Salmac_EP00052_Salpingoeca_macrocollata_P010086	100.0	S	0.0
Chofle_EP00730_Choanoeca_flexa_P009736	Sros_EGD73059	100.0	S	0.0
Chofle_EP00730_Choanoeca_flexa_P009736	Stedip_EP00041_Stephanoeca_diplocostata_P016569	100.0	S	0.0
Chofle_EP00730_Choanoeca_flexa_P009736	Microa_EP00043_Microstomoeca_roanoka_P016252	100.0	S	0.0
Chofle_EP00730_Choanoeca_flexa_P009736	Stedip_EP00041_Stephanoeca_diplocostata_P016567	100.0	S	0.0
Chofle_EP00730_Choanoeca_flexa_P009736	Salkve_EP00050_Salpingoeca_kvevrii_P009216	100.0	S	0.0
Morvir_scaffold414.g8.t1	Plajan_Pjan_C560135_01	100.0	S	0.0
Morvir_scaffold414.g8.t1	Bralan_BLAG13000622_1	100.0	S	0.0
Morvir_scaffold414.g8.t1	Gasp_gasp1.m3.7264.m1	100.0	S	0.0
Morvir_scaffold414.g8.t1	Xestes_maker-XT_scaffold128004-snap-gene-0.2-mRNA-1	100.0	S	0.0
Morvir_scaffold414.g8.t1	Hsap_ENST00000614443	100.0	S	0.0
Morvir_scaffold414.g8.t1	HoiH23_PlH23_004365-RA	100.0	S	0.0
Morvir_scaffold414.g8.t1	Plespi_Pspi_C612352_01	100.0	S	0.0
Morvir_scaffold414.g8.t1	TrH2_TrispH2_005317-RA	100.0	S	0.0
Morvir_scaffold414.g8.t1	Spolac_c91573_g2_i1_m.7024c91573-g1	100.0	S	0.0
Morvir_scaffold414.g8.t1	Bolinf_Binf_sb1220299	100.0	S	0.0
Morvir_scaffold414.g8.t1	Beraby_Baby_sb324206	100.0	S	0.0
Morvir_scaffold414.g8.t1	Tetwil_g25780.t1	100.0	S	0.0
Morvir_scaffold414.g8.t1	Bolinf_Binf_sb1216733	100.0	S	0.0
Morvir_scaffold414.g8.t1	Spur_XM_030996286.1	100.0	S	0.0
Morvir_scaffold414.g8.t1	HoiH04_mRNA11870	100.0	S	0.0
Morvir_scaffold414.g8.t1	Chem_TCONS_00014455	100.0	S	0.0
Morvir_scaffold414.g8.t1	Aaur_scaffold168.g1.t1	100.0	S	0.0
Morvir_scaffold414.g8.t1	Gfas_gfas1.m1.6571.m1	100.0	S	0.0
Morvir_scaffold414.g8.t1	Stycar_maker-SC_scaffold84839-augustus-gene-0.9-mRNA-1	100.0	S	0.0
Morvir_scaffold414.g8.t1	Mertsp_Mesp_sb549529	100.0	S	0.0
Morvir_scaffold414.g8.t1	Nemnom_g12041.t1	100.0	S	0.0
Morvir_scaffold414.g8.t1	Ctel_gnl_WGS_AMQN_CAPTEDRAFT_mRNA138269	100.0	S	0.0
Morvir_scaffold414.g8.t1	Clacor_Ccor_scaffold7108_01	100.0	S	0.0
Morvir_scaffold414.g8.t1	Opea_EP00118_Oscarella_pearsei_P011784	100.0	S	0.0
Morvir_scaffold414.g8.t1	Mlei_ML0084.g1.i1	100.0	S	0.0
Morvir_scaffold414.g8.t1	Rhoesc_Res_016409-T1	100.0	S	0.0
Morvir_scaffold414.g8.t1	Tcas_TC014480_001	100.0	S	0.0
Morvir_scaffold414.g8.t1	Vmul_SimC371547	100.0	S	0.0
Morvir_scaffold414.g8.t1	Pocdam_XM_027203830.1	100.0	S	0.0
Morvir_scaffold414.g8.t1	Spis_XP_022803145_1	100.0	S	0.0
Morvir_scaffold414.g8.t1	Ocar_g9664	100.0	S	0.0
Morvir_scaffold414.g8.t1	Nvec_v1g209576	100.0	S	0.0
Morvir_scaffold414.g8.t1	Hvul_g29898_1	100.0	S	0.0
Morvir_scaffold414.g8.t1	Halamb_c53629_g2_i2m.36059	100.0	S	0.0
Morvir_scaffold414.g8.t1	Fspp_ffun1.m4.12692.m1	100.0	S	0.0
Morvir_scaffold414.g8.t1	Sanmal_Sma_011645-T1	100.0	S	0.0
Morvir_scaffold414.g8.t1	Tadh_TriadT28955	100.0	S	0.0
Morvir_scaffold414.g8.t1	Dpul_mRNA2261	100.0	S	0.0
Morvir_scaffold414.g8.t1	Acagra_model.g2031.t1.1.5d3b8378	100.0	S	0.0
Morvir_scaffold414.g8.t1	Lampan_Lpan_C415091_01	100.0	S	0.0
Morvir_scaffold414.g8.t1	HoiH11_mRNA3955	100.0	S	0.0
Morvir_scaffold414.g8.t1	Pbac_sb2664413	100.0	S	0.0
Morvir_scaffold414.g8.t1	Adig_XM_015904181.1	100.0	S	0.0
Morvir_scaffold414.g8.t1	Stycar_snap_masked-SC_scaffold36053-processed-gene-0.1-mRNA-1	100.0	S	0.0
Morvir_scaffold414.g8.t1	Horcal_Hcv1.av93.c13.g336.i1	100.0	S	0.0
Morvir_scaffold414.g8.t1	Hhon_g06887.t1	100.0	S	0.0
Morvir_scaffold414.g8.t1	Cscu_XM_023371756.1	100.0	S	0.0
Morvir_scaffold414.g8.t1	Bolinf_Binf_sb1220300	100.0	S	0.0
Morvir_scaffold414.g8.t1	Lcom_lcpid34176	100.0	S	0.0
Morvir_scaffold414.g8.t1	Mlei_ML0021.g5.i1	100.0	S	0.0
Morvir_scaffold414.g8.t1	Scil_scict014551.1	100.0	S	0.0
Morvir_scaffold414.g8.t1	Spur_XM_786416.5	100.0	S	0.0
Morvir_scaffold414.g8.t1	Exapal_XM_021037786.2	100.0	S	0.0
Morvir_scaffold414.g8.t1	Emue_Em0011g49a.t1	100.0	S	0.0
Morvir_scaffold414.g8.t1	Coemet_Cmet_scaffold16074_01	100.0	S	0.0
Morvir_scaffold414.g8.t1	Pbac_sb2666617	100.0	S	0.0
Morvir_scaffold414.g8.t1	Skow_XM_006816532.1	100.0	S	0.0
Morvir_scaffold414.g8.t1	Horcal_Hcv1.av93.c10.g582.i1	100.0	S	0.0
Morvir_scaffold414.g8.t1	Stycar_maker-SC_scaffold138306-augustus-gene-0.4-mRNA-1	100.0	S	0.0
Morvir_scaffold414.g8.t1	Pbac_sb2652734	100.0	S	0.0
Morvir_scaffold414.g8.t1	Cgig_XM_034456211.1	100.0	S	0.0
Morvir_scaffold414.g8.t1	Vmul_Simscaffold13461_01	100.0	S	0.0
Morvir_scaffold414.g8.t1	Dgig_XM_028548763.1	100.0	S	0.0
Morvir_scaffold414.g8.t1	Mertsp_Mesp_sb549530	100.0	S	0.0
Morvir_scaffold414.g8.t1	Leuniv_Lniv_scaffold25744_01	100.0	S	0.0
Morvir_scaffold414.g8.t1	Spolac_c91573_g1_i1_m.7023c91573-g1	100.0	S	0.0
Morvir_scaffold414.g8.t1	Pbac_sb2660011	100.0	S	0.0
Salpun_EP00053_Salpingoeca_punica_P007860	Choper_EP00045_Choanoeca_perplexa_P004381	69.0	S	0.0
Salpun_EP00053_Salpingoeca_punica_P007860	Chofle_EP00730_Choanoeca_flexa_P009736	69.0	S	0.0
Salpun_EP00053_Salpingoeca_punica_P007858	Choper_EP00045_Choanoeca_perplexa_P004381	69.0	S	0.0
Salpun_EP00053_Salpingoeca_punica_P007858	Chofle_EP00730_Choanoeca_flexa_P009736	69.0	S	0.0
Salmac_EP00052_Salpingoeca_macrocollata_P010086	Helnan_EP00037_Helgoeca_nana_P021043	66.0	S	0.0
Salmac_EP00052_Salpingoeca_macrocollata_P010086	Diagra_EP00040_Diaphanoeca_grandis_P018482	66.0	S	0.0
Salmac_EP00052_Salpingoeca_macrocollata_P010086	Diagra_EP00040_Diaphanoeca_grandis_P018481	66.0	S	0.0
Salmac_EP00052_Salpingoeca_macrocollata_P010086	Salinf_EP00049_Salpingoeca_infusionum_P028096	66.0	S	0.0
Salmac_EP00052_Salpingoeca_macrocollata_P010086	Acaspe_EP00035_Acanthoeca_spectabilis_P013064	66.0	S	0.0
Salmac_EP00052_Salpingoeca_macrocollata_P010086	Acaspe_EP00035_Acanthoeca_spectabilis_P013058	66.0	S	0.0
Salmac_EP00052_Salpingoeca_macrocollata_P010086	Saldol_EP00054_Salpingoeca_dolichothecata_P024193	66.0	S	0.0
Salmac_EP00052_Salpingoeca_macrocollata_P010086	Didcos_EP00039_Didymoeca_costata_P030854	66.0	S	0.0
Salmac_EP00052_Salpingoeca_macrocollata_P010086	Sros_EGD73059	66.0	S	0.0
Salmac_EP00052_Salpingoeca_macrocollata_P010086	Stedip_EP00041_Stephanoeca_diplocostata_P016569	66.0	S	0.0
Salmac_EP00052_Salpingoeca_macrocollata_P010086	Microa_EP00043_Microstomoeca_roanoka_P016252	66.0	S	0.0
Salmac_EP00052_Salpingoeca_macrocollata_P010086	Stedip_EP00041_Stephanoeca_diplocostata_P016567	66.0	S	0.0
Salmac_EP00052_Salpingoeca_macrocollata_P010086	Salurc_EP00051_Salpingoeca_urceolata_P017748	66.0	S	0.0
Mylflu_EP00047_Mylnosiga_fluctuans_P007338	Helnan_EP00037_Helgoeca_nana_P021043	66.0	S	0.0
Mylflu_EP00047_Mylnosiga_fluctuans_P007338	Diagra_EP00040_Diaphanoeca_grandis_P018482	66.0	S	0.0
Mylflu_EP00047_Mylnosiga_fluctuans_P007338	Diagra_EP00040_Diaphanoeca_grandis_P018481	66.0	S	0.0
Mylflu_EP00047_Mylnosiga_fluctuans_P007338	Salinf_EP00049_Salpingoeca_infusionum_P028096	66.0	S	0.0
Mylflu_EP00047_Mylnosiga_fluctuans_P007338	Acaspe_EP00035_Acanthoeca_spectabilis_P013064	66.0	S	0.0
Mylflu_EP00047_Mylnosiga_fluctuans_P007338	Acaspe_EP00035_Acanthoeca_spectabilis_P013058	66.0	S	0.0
Mylflu_EP00047_Mylnosiga_fluctuans_P007338	Saldol_EP00054_Salpingoeca_dolichothecata_P024193	66.0	S	0.0
Mylflu_EP00047_Mylnosiga_fluctuans_P007338	Didcos_EP00039_Didymoeca_costata_P030854	66.0	S	0.0
Mylflu_EP00047_Mylnosiga_fluctuans_P007338	Sros_EGD73059	66.0	S	0.0
Mylflu_EP00047_Mylnosiga_fluctuans_P007338	Stedip_EP00041_Stephanoeca_diplocostata_P016569	66.0	S	0.0
Mylflu_EP00047_Mylnosiga_fluctuans_P007338	Microa_EP00043_Microstomoeca_roanoka_P016252	66.0	S	0.0
Mylflu_EP00047_Mylnosiga_fluctuans_P007338	Stedip_EP00041_Stephanoeca_diplocostata_P016567	66.0	S	0.0
Mylflu_EP00047_Mylnosiga_fluctuans_P007338	Salurc_EP00051_Salpingoeca_urceolata_P017748	66.0	S	0.0
Salkve_EP00050_Salpingoeca_kvevrii_P009216	Helnan_EP00037_Helgoeca_nana_P021043	66.0	S	0.0
Salkve_EP00050_Salpingoeca_kvevrii_P009216	Diagra_EP00040_Diaphanoeca_grandis_P018482	66.0	S	0.0
Salkve_EP00050_Salpingoeca_kvevrii_P009216	Diagra_EP00040_Diaphanoeca_grandis_P018481	66.0	S	0.0
Salkve_EP00050_Salpingoeca_kvevrii_P009216	Salinf_EP00049_Salpingoeca_infusionum_P028096	66.0	S	0.0
Salkve_EP00050_Salpingoeca_kvevrii_P009216	Acaspe_EP00035_Acanthoeca_spectabilis_P013064	66.0	S	0.0
Salkve_EP00050_Salpingoeca_kvevrii_P009216	Acaspe_EP00035_Acanthoeca_spectabilis_P013058	66.0	S	0.0
Salkve_EP00050_Salpingoeca_kvevrii_P009216	Saldol_EP00054_Salpingoeca_dolichothecata_P024193	66.0	S	0.0
Salkve_EP00050_Salpingoeca_kvevrii_P009216	Didcos_EP00039_Didymoeca_costata_P030854	66.0	S	0.0
Salkve_EP00050_Salpingoeca_kvevrii_P009216	Sros_EGD73059	66.0	S	0.0
Salkve_EP00050_Salpingoeca_kvevrii_P009216	Stedip_EP00041_Stephanoeca_diplocostata_P016569	66.0	S	0.0
Salkve_EP00050_Salpingoeca_kvevrii_P009216	Microa_EP00043_Microstomoeca_roanoka_P016252	66.0	S	0.0
Salkve_EP00050_Salpingoeca_kvevrii_P009216	Stedip_EP00041_Stephanoeca_diplocostata_P016567	66.0	S	0.0
Salkve_EP00050_Salpingoeca_kvevrii_P009216	Salurc_EP00051_Salpingoeca_urceolata_P017748	66.0	S	0.0
Tcas_TC014480_001	Plajan_Pjan_C560135_01	60.0	S	0.0
Tcas_TC014480_001	Bralan_BLAG13000622_1	60.0	S	0.0
Tcas_TC014480_001	Gasp_gasp1.m3.7264.m1	60.0	S	0.0
Tcas_TC014480_001	Xestes_maker-XT_scaffold128004-snap-gene-0.2-mRNA-1	60.0	S	0.0
Tcas_TC014480_001	Hsap_ENST00000614443	60.0	S	0.0
Tcas_TC014480_001	HoiH23_PlH23_004365-RA	60.0	S	0.0
Tcas_TC014480_001	Plespi_Pspi_C612352_01	60.0	S	0.0
Tcas_TC014480_001	TrH2_TrispH2_005317-RA	60.0	S	0.0
Tcas_TC014480_001	Spolac_c91573_g2_i1_m.7024c91573-g1	60.0	S	0.0
Tcas_TC014480_001	Bolinf_Binf_sb1220299	60.0	S	0.0
Tcas_TC014480_001	Beraby_Baby_sb324206	60.0	S	0.0
Tcas_TC014480_001	Tetwil_g25780.t1	60.0	S	0.0
Tcas_TC014480_001	Bolinf_Binf_sb1216733	60.0	S	0.0
Tcas_TC014480_001	Spur_XM_030996286.1	60.0	S	0.0
Tcas_TC014480_001	HoiH04_mRNA11870	60.0	S	0.0
Tcas_TC014480_001	Chem_TCONS_00014455	60.0	S	0.0
Tcas_TC014480_001	Aaur_scaffold168.g1.t1	60.0	S	0.0
Tcas_TC014480_001	Gfas_gfas1.m1.6571.m1	60.0	S	0.0
Tcas_TC014480_001	Stycar_maker-SC_scaffold84839-augustus-gene-0.9-mRNA-1	60.0	S	0.0
Tcas_TC014480_001	Mertsp_Mesp_sb549529	60.0	S	0.0
Tcas_TC014480_001	Nemnom_g12041.t1	60.0	S	0.0
Tcas_TC014480_001	Ctel_gnl_WGS_AMQN_CAPTEDRAFT_mRNA138269	60.0	S	0.0
Tcas_TC014480_001	Clacor_Ccor_scaffold7108_01	60.0	S	0.0
Tcas_TC014480_001	Opea_EP00118_Oscarella_pearsei_P011784	60.0	S	0.0
Tcas_TC014480_001	Mlei_ML0084.g1.i1	60.0	S	0.0
Tcas_TC014480_001	Rhoesc_Res_016409-T1	60.0	S	0.0
Tcas_TC014480_001	Hvul_g29898_1	60.0	S	0.0
Tcas_TC014480_001	Vmul_SimC371547	60.0	S	0.0
Tcas_TC014480_001	Pocdam_XM_027203830.1	60.0	S	0.0
Tcas_TC014480_001	Spis_XP_022803145_1	60.0	S	0.0
Tcas_TC014480_001	Ocar_g9664	60.0	S	0.0
Tcas_TC014480_001	Nvec_v1g209576	60.0	S	0.0
Tcas_TC014480_001	Halamb_c53629_g2_i2m.36059	60.0	S	0.0
Tcas_TC014480_001	Fspp_ffun1.m4.12692.m1	60.0	S	0.0
Tcas_TC014480_001	Sanmal_Sma_011645-T1	60.0	S	0.0
Tcas_TC014480_001	Tadh_TriadT28955	60.0	S	0.0
Tcas_TC014480_001	Acagra_model.g2031.t1.1.5d3b8378	60.0	S	0.0
Tcas_TC014480_001	Lampan_Lpan_C415091_01	60.0	S	0.0
Tcas_TC014480_001	HoiH11_mRNA3955	60.0	S	0.0
Tcas_TC014480_001	Pbac_sb2664413	60.0	S	0.0
Tcas_TC014480_001	Adig_XM_015904181.1	60.0	S	0.0
Tcas_TC014480_001	Stycar_snap_masked-SC_scaffold36053-processed-gene-0.1-mRNA-1	60.0	S	0.0
Tcas_TC014480_001	Horcal_Hcv1.av93.c13.g336.i1	60.0	S	0.0
Tcas_TC014480_001	Hhon_g06887.t1	60.0	S	0.0
Tcas_TC014480_001	Cscu_XM_023371756.1	60.0	S	0.0
Tcas_TC014480_001	Bolinf_Binf_sb1220300	60.0	S	0.0
Tcas_TC014480_001	Lcom_lcpid34176	60.0	S	0.0
Tcas_TC014480_001	Mlei_ML0021.g5.i1	60.0	S	0.0
Tcas_TC014480_001	Scil_scict014551.1	60.0	S	0.0
Tcas_TC014480_001	Spur_XM_786416.5	60.0	S	0.0
Tcas_TC014480_001	Exapal_XM_021037786.2	60.0	S	0.0
Tcas_TC014480_001	Emue_Em0011g49a.t1	60.0	S	0.0
Tcas_TC014480_001	Coemet_Cmet_scaffold16074_01	60.0	S	0.0
Tcas_TC014480_001	Pbac_sb2666617	60.0	S	0.0
Tcas_TC014480_001	Skow_XM_006816532.1	60.0	S	0.0
Tcas_TC014480_001	Horcal_Hcv1.av93.c10.g582.i1	60.0	S	0.0
Tcas_TC014480_001	Stycar_maker-SC_scaffold138306-augustus-gene-0.4-mRNA-1	60.0	S	0.0
Tcas_TC014480_001	Pbac_sb2652734	60.0	S	0.0
Tcas_TC014480_001	Cgig_XM_034456211.1	60.0	S	0.0
Tcas_TC014480_001	Vmul_Simscaffold13461_01	60.0	S	0.0
Tcas_TC014480_001	Dgig_XM_028548763.1	60.0	S	0.0
Tcas_TC014480_001	Mertsp_Mesp_sb549530	60.0	S	0.0
Tcas_TC014480_001	Leuniv_Lniv_scaffold25744_01	60.0	S	0.0
Tcas_TC014480_001	Spolac_c91573_g1_i1_m.7023c91573-g1	60.0	S	0.0
Tcas_TC014480_001	Pbac_sb2660011	60.0	S	0.0
Dpul_mRNA2261	Plajan_Pjan_C560135_01	60.0	S	0.0
Dpul_mRNA2261	Bralan_BLAG13000622_1	60.0	S	0.0
Dpul_mRNA2261	Gasp_gasp1.m3.7264.m1	60.0	S	0.0
Dpul_mRNA2261	Xestes_maker-XT_scaffold128004-snap-gene-0.2-mRNA-1	60.0	S	0.0
Dpul_mRNA2261	Hsap_ENST00000614443	60.0	S	0.0
Dpul_mRNA2261	HoiH23_PlH23_004365-RA	60.0	S	0.0
Dpul_mRNA2261	Plespi_Pspi_C612352_01	60.0	S	0.0
Dpul_mRNA2261	TrH2_TrispH2_005317-RA	60.0	S	0.0
Dpul_mRNA2261	Spolac_c91573_g2_i1_m.7024c91573-g1	60.0	S	0.0
Dpul_mRNA2261	Bolinf_Binf_sb1220299	60.0	S	0.0
Dpul_mRNA2261	Beraby_Baby_sb324206	60.0	S	0.0
Dpul_mRNA2261	Tetwil_g25780.t1	60.0	S	0.0
Dpul_mRNA2261	Bolinf_Binf_sb1216733	60.0	S	0.0
Dpul_mRNA2261	Spur_XM_030996286.1	60.0	S	0.0
Dpul_mRNA2261	HoiH04_mRNA11870	60.0	S	0.0
Dpul_mRNA2261	Chem_TCONS_00014455	60.0	S	0.0
Dpul_mRNA2261	Aaur_scaffold168.g1.t1	60.0	S	0.0
Dpul_mRNA2261	Gfas_gfas1.m1.6571.m1	60.0	S	0.0
Dpul_mRNA2261	Stycar_maker-SC_scaffold84839-augustus-gene-0.9-mRNA-1	60.0	S	0.0
Dpul_mRNA2261	Mertsp_Mesp_sb549529	60.0	S	0.0
Dpul_mRNA2261	Nemnom_g12041.t1	60.0	S	0.0
Dpul_mRNA2261	Ctel_gnl_WGS_AMQN_CAPTEDRAFT_mRNA138269	60.0	S	0.0
Dpul_mRNA2261	Clacor_Ccor_scaffold7108_01	60.0	S	0.0
Dpul_mRNA2261	Opea_EP00118_Oscarella_pearsei_P011784	60.0	S	0.0
Dpul_mRNA2261	Mlei_ML0084.g1.i1	60.0	S	0.0
Dpul_mRNA2261	Rhoesc_Res_016409-T1	60.0	S	0.0
Dpul_mRNA2261	Hvul_g29898_1	60.0	S	0.0
Dpul_mRNA2261	Vmul_SimC371547	60.0	S	0.0
Dpul_mRNA2261	Pocdam_XM_027203830.1	60.0	S	0.0
Dpul_mRNA2261	Spis_XP_022803145_1	60.0	S	0.0
Dpul_mRNA2261	Ocar_g9664	60.0	S	0.0
Dpul_mRNA2261	Nvec_v1g209576	60.0	S	0.0
Dpul_mRNA2261	Halamb_c53629_g2_i2m.36059	60.0	S	0.0
Dpul_mRNA2261	Fspp_ffun1.m4.12692.m1	60.0	S	0.0
Dpul_mRNA2261	Sanmal_Sma_011645-T1	60.0	S	0.0
Dpul_mRNA2261	Tadh_TriadT28955	60.0	S	0.0
Dpul_mRNA2261	Acagra_model.g2031.t1.1.5d3b8378	60.0	S	0.0
Dpul_mRNA2261	Lampan_Lpan_C415091_01	60.0	S	0.0
Dpul_mRNA2261	HoiH11_mRNA3955	60.0	S	0.0
Dpul_mRNA2261	Pbac_sb2664413	60.0	S	0.0
Dpul_mRNA2261	Adig_XM_015904181.1	60.0	S	0.0
Dpul_mRNA2261	Stycar_snap_masked-SC_scaffold36053-processed-gene-0.1-mRNA-1	60.0	S	0.0
Dpul_mRNA2261	Horcal_Hcv1.av93.c13.g336.i1	60.0	S	0.0
Dpul_mRNA2261	Hhon_g06887.t1	60.0	S	0.0
Dpul_mRNA2261	Cscu_XM_023371756.1	60.0	S	0.0
Dpul_mRNA2261	Bolinf_Binf_sb1220300	60.0	S	0.0
Dpul_mRNA2261	Lcom_lcpid34176	60.0	S	0.0
Dpul_mRNA2261	Mlei_ML0021.g5.i1	60.0	S	0.0
Dpul_mRNA2261	Scil_scict014551.1	60.0	S	0.0
Dpul_mRNA2261	Spur_XM_786416.5	60.0	S	0.0
Dpul_mRNA2261	Exapal_XM_021037786.2	60.0	S	0.0
Dpul_mRNA2261	Emue_Em0011g49a.t1	60.0	S	0.0
Dpul_mRNA2261	Coemet_Cmet_scaffold16074_01	60.0	S	0.0
Dpul_mRNA2261	Pbac_sb2666617	60.0	S	0.0
Dpul_mRNA2261	Skow_XM_006816532.1	60.0	S	0.0
Dpul_mRNA2261	Horcal_Hcv1.av93.c10.g582.i1	60.0	S	0.0
Dpul_mRNA2261	Stycar_maker-SC_scaffold138306-augustus-gene-0.4-mRNA-1	60.0	S	0.0
Dpul_mRNA2261	Pbac_sb2652734	60.0	S	0.0
Dpul_mRNA2261	Cgig_XM_034456211.1	60.0	S	0.0
Dpul_mRNA2261	Vmul_Simscaffold13461_01	60.0	S	0.0
Dpul_mRNA2261	Dgig_XM_028548763.1	60.0	S	0.0
Dpul_mRNA2261	Mertsp_Mesp_sb549530	60.0	S	0.0
Dpul_mRNA2261	Leuniv_Lniv_scaffold25744_01	60.0	S	0.0
Dpul_mRNA2261	Spolac_c91573_g1_i1_m.7023c91573-g1	60.0	S	0.0
Dpul_mRNA2261	Pbac_sb2660011	60.0	S	0.0
Salpun_EP00053_Salpingoeca_punica_P007858	Salpun_EP00053_Salpingoeca_punica_P007860	100.0	D	1.0
Chofle_EP00730_Choanoeca_flexa_P009736	Choper_EP00045_Choanoeca_perplexa_P004381	100.0	S	0.0
Salkve_EP00050_Salpingoeca_kvevrii_P009216	Salmac_EP00052_Salpingoeca_macrocollata_P010086	68.0	S	0.0
Salkve_EP00050_Salpingoeca_kvevrii_P009216	Mylflu_EP00047_Mylnosiga_fluctuans_P007338	68.0	S	0.0
Stedip_EP00041_Stephanoeca_diplocostata_P016569	Helnan_EP00037_Helgoeca_nana_P021043	85.0	S	0.0
Stedip_EP00041_Stephanoeca_diplocostata_P016569	Diagra_EP00040_Diaphanoeca_grandis_P018482	85.0	S	0.0
Stedip_EP00041_Stephanoeca_diplocostata_P016569	Diagra_EP00040_Diaphanoeca_grandis_P018481	85.0	S	0.0
Stedip_EP00041_Stephanoeca_diplocostata_P016569	Salinf_EP00049_Salpingoeca_infusionum_P028096	85.0	S	0.0
Stedip_EP00041_Stephanoeca_diplocostata_P016569	Acaspe_EP00035_Acanthoeca_spectabilis_P013064	85.0	S	0.0
Stedip_EP00041_Stephanoeca_diplocostata_P016569	Acaspe_EP00035_Acanthoeca_spectabilis_P013058	85.0	S	0.0
Stedip_EP00041_Stephanoeca_diplocostata_P016569	Saldol_EP00054_Salpingoeca_dolichothecata_P024193	85.0	S	0.0
Stedip_EP00041_Stephanoeca_diplocostata_P016569	Didcos_EP00039_Didymoeca_costata_P030854	85.0	S	0.0
Stedip_EP00041_Stephanoeca_diplocostata_P016569	Sros_EGD73059	85.0	S	0.0
Stedip_EP00041_Stephanoeca_diplocostata_P016569	Microa_EP00043_Microstomoeca_roanoka_P016252	85.0	S	0.0
Stedip_EP00041_Stephanoeca_diplocostata_P016569	Salurc_EP00051_Salpingoeca_urceolata_P017748	85.0	S	0.0
Stedip_EP00041_Stephanoeca_diplocostata_P016567	Helnan_EP00037_Helgoeca_nana_P021043	85.0	S	0.0
Stedip_EP00041_Stephanoeca_diplocostata_P016567	Diagra_EP00040_Diaphanoeca_grandis_P018482	85.0	S	0.0
Stedip_EP00041_Stephanoeca_diplocostata_P016567	Diagra_EP00040_Diaphanoeca_grandis_P018481	85.0	S	0.0
Stedip_EP00041_Stephanoeca_diplocostata_P016567	Salinf_EP00049_Salpingoeca_infusionum_P028096	85.0	S	0.0
Stedip_EP00041_Stephanoeca_diplocostata_P016567	Acaspe_EP00035_Acanthoeca_spectabilis_P013064	85.0	S	0.0
Stedip_EP00041_Stephanoeca_diplocostata_P016567	Acaspe_EP00035_Acanthoeca_spectabilis_P013058	85.0	S	0.0
Stedip_EP00041_Stephanoeca_diplocostata_P016567	Saldol_EP00054_Salpingoeca_dolichothecata_P024193	85.0	S	0.0
Stedip_EP00041_Stephanoeca_diplocostata_P016567	Didcos_EP00039_Didymoeca_costata_P030854	85.0	S	0.0
Stedip_EP00041_Stephanoeca_diplocostata_P016567	Sros_EGD73059	85.0	S	0.0
Stedip_EP00041_Stephanoeca_diplocostata_P016567	Microa_EP00043_Microstomoeca_roanoka_P016252	85.0	S	0.0
Stedip_EP00041_Stephanoeca_diplocostata_P016567	Salurc_EP00051_Salpingoeca_urceolata_P017748	85.0	S	0.0
Tcas_TC014480_001	Dpul_mRNA2261	97.0	S	0.0
Bolinf_Binf_sb1220299	Plajan_Pjan_C560135_01	57.0	S	0.0
Bolinf_Binf_sb1220299	Bralan_BLAG13000622_1	57.0	S	0.0
Bolinf_Binf_sb1220299	Gasp_gasp1.m3.7264.m1	57.0	S	0.0
Bolinf_Binf_sb1220299	Xestes_maker-XT_scaffold128004-snap-gene-0.2-mRNA-1	57.0	S	0.0
Bolinf_Binf_sb1220299	Hsap_ENST00000614443	57.0	S	0.0
Bolinf_Binf_sb1220299	HoiH23_PlH23_004365-RA	57.0	S	0.0
Bolinf_Binf_sb1220299	Plespi_Pspi_C612352_01	57.0	S	0.0
Bolinf_Binf_sb1220299	TrH2_TrispH2_005317-RA	57.0	S	0.0
Bolinf_Binf_sb1220299	Spolac_c91573_g2_i1_m.7024c91573-g1	57.0	S	0.0
Bolinf_Binf_sb1220299	Tetwil_g25780.t1	57.0	S	0.0
Bolinf_Binf_sb1220299	Spur_XM_030996286.1	57.0	S	0.0
Bolinf_Binf_sb1220299	HoiH04_mRNA11870	57.0	S	0.0
Bolinf_Binf_sb1220299	Chem_TCONS_00014455	57.0	S	0.0
Bolinf_Binf_sb1220299	Aaur_scaffold168.g1.t1	57.0	S	0.0
Bolinf_Binf_sb1220299	Gfas_gfas1.m1.6571.m1	57.0	S	0.0
Bolinf_Binf_sb1220299	Stycar_maker-SC_scaffold84839-augustus-gene-0.9-mRNA-1	57.0	S	0.0
Bolinf_Binf_sb1220299	Nemnom_g12041.t1	57.0	S	0.0
Bolinf_Binf_sb1220299	Ctel_gnl_WGS_AMQN_CAPTEDRAFT_mRNA138269	57.0	S	0.0
Bolinf_Binf_sb1220299	Clacor_Ccor_scaffold7108_01	57.0	S	0.0
Bolinf_Binf_sb1220299	Opea_EP00118_Oscarella_pearsei_P011784	57.0	S	0.0
Bolinf_Binf_sb1220299	Rhoesc_Res_016409-T1	57.0	S	0.0
Bolinf_Binf_sb1220299	Hvul_g29898_1	57.0	S	0.0
Bolinf_Binf_sb1220299	Ocar_g9664	57.0	S	0.0
Bolinf_Binf_sb1220299	Pocdam_XM_027203830.1	57.0	S	0.0
Bolinf_Binf_sb1220299	Spis_XP_022803145_1	57.0	S	0.0
Bolinf_Binf_sb1220299	Nvec_v1g209576	57.0	S	0.0
Bolinf_Binf_sb1220299	Halamb_c53629_g2_i2m.36059	57.0	S	0.0
Bolinf_Binf_sb1220299	Fspp_ffun1.m4.12692.m1	57.0	S	0.0
Bolinf_Binf_sb1220299	Sanmal_Sma_011645-T1	57.0	S	0.0
Bolinf_Binf_sb1220299	Tadh_TriadT28955	57.0	S	0.0
Bolinf_Binf_sb1220299	Acagra_model.g2031.t1.1.5d3b8378	57.0	S	0.0
Bolinf_Binf_sb1220299	HoiH11_mRNA3955	57.0	S	0.0
Bolinf_Binf_sb1220299	Adig_XM_015904181.1	57.0	S	0.0
Bolinf_Binf_sb1220299	Stycar_snap_masked-SC_scaffold36053-processed-gene-0.1-mRNA-1	57.0	S	0.0
Bolinf_Binf_sb1220299	Hhon_g06887.t1	57.0	S	0.0
Bolinf_Binf_sb1220299	Scil_scict014551.1	57.0	S	0.0
Bolinf_Binf_sb1220299	Lcom_lcpid34176	57.0	S	0.0
Bolinf_Binf_sb1220299	Spur_XM_786416.5	57.0	S	0.0
Bolinf_Binf_sb1220299	Exapal_XM_021037786.2	57.0	S	0.0
Bolinf_Binf_sb1220299	Emue_Em0011g49a.t1	57.0	S	0.0
Bolinf_Binf_sb1220299	Skow_XM_006816532.1	57.0	S	0.0
Bolinf_Binf_sb1220299	Stycar_maker-SC_scaffold138306-augustus-gene-0.4-mRNA-1	57.0	S	0.0
Bolinf_Binf_sb1220299	Cgig_XM_034456211.1	57.0	S	0.0
Bolinf_Binf_sb1220299	Dgig_XM_028548763.1	57.0	S	0.0
Bolinf_Binf_sb1220299	Leuniv_Lniv_scaffold25744_01	57.0	S	0.0
Bolinf_Binf_sb1220299	Spolac_c91573_g1_i1_m.7023c91573-g1	57.0	S	0.0
Beraby_Baby_sb324206	Plajan_Pjan_C560135_01	57.0	S	0.0
Beraby_Baby_sb324206	Bralan_BLAG13000622_1	57.0	S	0.0
Beraby_Baby_sb324206	Gasp_gasp1.m3.7264.m1	57.0	S	0.0
Beraby_Baby_sb324206	Xestes_maker-XT_scaffold128004-snap-gene-0.2-mRNA-1	57.0	S	0.0
Beraby_Baby_sb324206	Hsap_ENST00000614443	57.0	S	0.0
Beraby_Baby_sb324206	HoiH23_PlH23_004365-RA	57.0	S	0.0
Beraby_Baby_sb324206	Plespi_Pspi_C612352_01	57.0	S	0.0
Beraby_Baby_sb324206	TrH2_TrispH2_005317-RA	57.0	S	0.0
Beraby_Baby_sb324206	Spolac_c91573_g2_i1_m.7024c91573-g1	57.0	S	0.0
Beraby_Baby_sb324206	Tetwil_g25780.t1	57.0	S	0.0
Beraby_Baby_sb324206	Spur_XM_030996286.1	57.0	S	0.0
Beraby_Baby_sb324206	HoiH04_mRNA11870	57.0	S	0.0
Beraby_Baby_sb324206	Chem_TCONS_00014455	57.0	S	0.0
Beraby_Baby_sb324206	Aaur_scaffold168.g1.t1	57.0	S	0.0
Beraby_Baby_sb324206	Gfas_gfas1.m1.6571.m1	57.0	S	0.0
Beraby_Baby_sb324206	Stycar_maker-SC_scaffold84839-augustus-gene-0.9-mRNA-1	57.0	S	0.0
Beraby_Baby_sb324206	Nemnom_g12041.t1	57.0	S	0.0
Beraby_Baby_sb324206	Ctel_gnl_WGS_AMQN_CAPTEDRAFT_mRNA138269	57.0	S	0.0
Beraby_Baby_sb324206	Clacor_Ccor_scaffold7108_01	57.0	S	0.0
Beraby_Baby_sb324206	Opea_EP00118_Oscarella_pearsei_P011784	57.0	S	0.0
Beraby_Baby_sb324206	Rhoesc_Res_016409-T1	57.0	S	0.0
Beraby_Baby_sb324206	Hvul_g29898_1	57.0	S	0.0
Beraby_Baby_sb324206	Ocar_g9664	57.0	S	0.0
Beraby_Baby_sb324206	Pocdam_XM_027203830.1	57.0	S	0.0
Beraby_Baby_sb324206	Spis_XP_022803145_1	57.0	S	0.0
Beraby_Baby_sb324206	Nvec_v1g209576	57.0	S	0.0
Beraby_Baby_sb324206	Halamb_c53629_g2_i2m.36059	57.0	S	0.0
Beraby_Baby_sb324206	Fspp_ffun1.m4.12692.m1	57.0	S	0.0
Beraby_Baby_sb324206	Sanmal_Sma_011645-T1	57.0	S	0.0
Beraby_Baby_sb324206	Tadh_TriadT28955	57.0	S	0.0
Beraby_Baby_sb324206	Acagra_model.g2031.t1.1.5d3b8378	57.0	S	0.0
Beraby_Baby_sb324206	HoiH11_mRNA3955	57.0	S	0.0
Beraby_Baby_sb324206	Adig_XM_015904181.1	57.0	S	0.0
Beraby_Baby_sb324206	Stycar_snap_masked-SC_scaffold36053-processed-gene-0.1-mRNA-1	57.0	S	0.0
Beraby_Baby_sb324206	Hhon_g06887.t1	57.0	S	0.0
Beraby_Baby_sb324206	Scil_scict014551.1	57.0	S	0.0
Beraby_Baby_sb324206	Lcom_lcpid34176	57.0	S	0.0
Beraby_Baby_sb324206	Spur_XM_786416.5	57.0	S	0.0
Beraby_Baby_sb324206	Exapal_XM_021037786.2	57.0	S	0.0
Beraby_Baby_sb324206	Emue_Em0011g49a.t1	57.0	S	0.0
Beraby_Baby_sb324206	Skow_XM_006816532.1	57.0	S	0.0
Beraby_Baby_sb324206	Stycar_maker-SC_scaffold138306-augustus-gene-0.4-mRNA-1	57.0	S	0.0
Beraby_Baby_sb324206	Cgig_XM_034456211.1	57.0	S	0.0
Beraby_Baby_sb324206	Dgig_XM_028548763.1	57.0	S	0.0
Beraby_Baby_sb324206	Leuniv_Lniv_scaffold25744_01	57.0	S	0.0
Beraby_Baby_sb324206	Spolac_c91573_g1_i1_m.7023c91573-g1	57.0	S	0.0
Bolinf_Binf_sb1216733	Plajan_Pjan_C560135_01	57.0	S	0.0
Bolinf_Binf_sb1216733	Bralan_BLAG13000622_1	57.0	S	0.0
Bolinf_Binf_sb1216733	Gasp_gasp1.m3.7264.m1	57.0	S	0.0
Bolinf_Binf_sb1216733	Xestes_maker-XT_scaffold128004-snap-gene-0.2-mRNA-1	57.0	S	0.0
Bolinf_Binf_sb1216733	Hsap_ENST00000614443	57.0	S	0.0
Bolinf_Binf_sb1216733	HoiH23_PlH23_004365-RA	57.0	S	0.0
Bolinf_Binf_sb1216733	Plespi_Pspi_C612352_01	57.0	S	0.0
Bolinf_Binf_sb1216733	TrH2_TrispH2_005317-RA	57.0	S	0.0
Bolinf_Binf_sb1216733	Spolac_c91573_g2_i1_m.7024c91573-g1	57.0	S	0.0
Bolinf_Binf_sb1216733	Tetwil_g25780.t1	57.0	S	0.0
Bolinf_Binf_sb1216733	Spur_XM_030996286.1	57.0	S	0.0
Bolinf_Binf_sb1216733	HoiH04_mRNA11870	57.0	S	0.0
Bolinf_Binf_sb1216733	Chem_TCONS_00014455	57.0	S	0.0
Bolinf_Binf_sb1216733	Aaur_scaffold168.g1.t1	57.0	S	0.0
Bolinf_Binf_sb1216733	Gfas_gfas1.m1.6571.m1	57.0	S	0.0
Bolinf_Binf_sb1216733	Stycar_maker-SC_scaffold84839-augustus-gene-0.9-mRNA-1	57.0	S	0.0
Bolinf_Binf_sb1216733	Nemnom_g12041.t1	57.0	S	0.0
Bolinf_Binf_sb1216733	Ctel_gnl_WGS_AMQN_CAPTEDRAFT_mRNA138269	57.0	S	0.0
Bolinf_Binf_sb1216733	Clacor_Ccor_scaffold7108_01	57.0	S	0.0
Bolinf_Binf_sb1216733	Opea_EP00118_Oscarella_pearsei_P011784	57.0	S	0.0
Bolinf_Binf_sb1216733	Rhoesc_Res_016409-T1	57.0	S	0.0
Bolinf_Binf_sb1216733	Hvul_g29898_1	57.0	S	0.0
Bolinf_Binf_sb1216733	Ocar_g9664	57.0	S	0.0
Bolinf_Binf_sb1216733	Pocdam_XM_027203830.1	57.0	S	0.0
Bolinf_Binf_sb1216733	Spis_XP_022803145_1	57.0	S	0.0
Bolinf_Binf_sb1216733	Nvec_v1g209576	57.0	S	0.0
Bolinf_Binf_sb1216733	Halamb_c53629_g2_i2m.36059	57.0	S	0.0
Bolinf_Binf_sb1216733	Fspp_ffun1.m4.12692.m1	57.0	S	0.0
Bolinf_Binf_sb1216733	Sanmal_Sma_011645-T1	57.0	S	0.0
Bolinf_Binf_sb1216733	Tadh_TriadT28955	57.0	S	0.0
Bolinf_Binf_sb1216733	Acagra_model.g2031.t1.1.5d3b8378	57.0	S	0.0
Bolinf_Binf_sb1216733	HoiH11_mRNA3955	57.0	S	0.0
Bolinf_Binf_sb1216733	Adig_XM_015904181.1	57.0	S	0.0
Bolinf_Binf_sb1216733	Stycar_snap_masked-SC_scaffold36053-processed-gene-0.1-mRNA-1	57.0	S	0.0
Bolinf_Binf_sb1216733	Hhon_g06887.t1	57.0	S	0.0
Bolinf_Binf_sb1216733	Scil_scict014551.1	57.0	S	0.0
Bolinf_Binf_sb1216733	Lcom_lcpid34176	57.0	S	0.0
Bolinf_Binf_sb1216733	Spur_XM_786416.5	57.0	S	0.0
Bolinf_Binf_sb1216733	Exapal_XM_021037786.2	57.0	S	0.0
Bolinf_Binf_sb1216733	Emue_Em0011g49a.t1	57.0	S	0.0
Bolinf_Binf_sb1216733	Skow_XM_006816532.1	57.0	S	0.0
Bolinf_Binf_sb1216733	Stycar_maker-SC_scaffold138306-augustus-gene-0.4-mRNA-1	57.0	S	0.0
Bolinf_Binf_sb1216733	Cgig_XM_034456211.1	57.0	S	0.0
Bolinf_Binf_sb1216733	Dgig_XM_028548763.1	57.0	S	0.0
Bolinf_Binf_sb1216733	Leuniv_Lniv_scaffold25744_01	57.0	S	0.0
Bolinf_Binf_sb1216733	Spolac_c91573_g1_i1_m.7023c91573-g1	57.0	S	0.0
Mertsp_Mesp_sb549529	Plajan_Pjan_C560135_01	57.0	S	0.0
Mertsp_Mesp_sb549529	Bralan_BLAG13000622_1	57.0	S	0.0
Mertsp_Mesp_sb549529	Gasp_gasp1.m3.7264.m1	57.0	S	0.0
Mertsp_Mesp_sb549529	Xestes_maker-XT_scaffold128004-snap-gene-0.2-mRNA-1	57.0	S	0.0
Mertsp_Mesp_sb549529	Hsap_ENST00000614443	57.0	S	0.0
Mertsp_Mesp_sb549529	HoiH23_PlH23_004365-RA	57.0	S	0.0
Mertsp_Mesp_sb549529	Plespi_Pspi_C612352_01	57.0	S	0.0
Mertsp_Mesp_sb549529	TrH2_TrispH2_005317-RA	57.0	S	0.0
Mertsp_Mesp_sb549529	Spolac_c91573_g2_i1_m.7024c91573-g1	57.0	S	0.0
Mertsp_Mesp_sb549529	Tetwil_g25780.t1	57.0	S	0.0
Mertsp_Mesp_sb549529	Spur_XM_030996286.1	57.0	S	0.0
Mertsp_Mesp_sb549529	HoiH04_mRNA11870	57.0	S	0.0
Mertsp_Mesp_sb549529	Chem_TCONS_00014455	57.0	S	0.0
Mertsp_Mesp_sb549529	Aaur_scaffold168.g1.t1	57.0	S	0.0
Mertsp_Mesp_sb549529	Gfas_gfas1.m1.6571.m1	57.0	S	0.0
Mertsp_Mesp_sb549529	Stycar_maker-SC_scaffold84839-augustus-gene-0.9-mRNA-1	57.0	S	0.0
Mertsp_Mesp_sb549529	Nemnom_g12041.t1	57.0	S	0.0
Mertsp_Mesp_sb549529	Ctel_gnl_WGS_AMQN_CAPTEDRAFT_mRNA138269	57.0	S	0.0
Mertsp_Mesp_sb549529	Clacor_Ccor_scaffold7108_01	57.0	S	0.0
Mertsp_Mesp_sb549529	Opea_EP00118_Oscarella_pearsei_P011784	57.0	S	0.0
Mertsp_Mesp_sb549529	Rhoesc_Res_016409-T1	57.0	S	0.0
Mertsp_Mesp_sb549529	Hvul_g29898_1	57.0	S	0.0
Mertsp_Mesp_sb549529	Ocar_g9664	57.0	S	0.0
Mertsp_Mesp_sb549529	Pocdam_XM_027203830.1	57.0	S	0.0
Mertsp_Mesp_sb549529	Spis_XP_022803145_1	57.0	S	0.0
Mertsp_Mesp_sb549529	Nvec_v1g209576	57.0	S	0.0
Mertsp_Mesp_sb549529	Halamb_c53629_g2_i2m.36059	57.0	S	0.0
Mertsp_Mesp_sb549529	Fspp_ffun1.m4.12692.m1	57.0	S	0.0
Mertsp_Mesp_sb549529	Sanmal_Sma_011645-T1	57.0	S	0.0
Mertsp_Mesp_sb549529	Tadh_TriadT28955	57.0	S	0.0
Mertsp_Mesp_sb549529	Acagra_model.g2031.t1.1.5d3b8378	57.0	S	0.0
Mertsp_Mesp_sb549529	HoiH11_mRNA3955	57.0	S	0.0
Mertsp_Mesp_sb549529	Adig_XM_015904181.1	57.0	S	0.0
Mertsp_Mesp_sb549529	Stycar_snap_masked-SC_scaffold36053-processed-gene-0.1-mRNA-1	57.0	S	0.0
Mertsp_Mesp_sb549529	Hhon_g06887.t1	57.0	S	0.0
Mertsp_Mesp_sb549529	Scil_scict014551.1	57.0	S	0.0
Mertsp_Mesp_sb549529	Lcom_lcpid34176	57.0	S	0.0
Mertsp_Mesp_sb549529	Spur_XM_786416.5	57.0	S	0.0
Mertsp_Mesp_sb549529	Exapal_XM_021037786.2	57.0	S	0.0
Mertsp_Mesp_sb549529	Emue_Em0011g49a.t1	57.0	S	0.0
Mertsp_Mesp_sb549529	Skow_XM_006816532.1	57.0	S	0.0
Mertsp_Mesp_sb549529	Stycar_maker-SC_scaffold138306-augustus-gene-0.4-mRNA-1	57.0	S	0.0
Mertsp_Mesp_sb549529	Cgig_XM_034456211.1	57.0	S	0.0
Mertsp_Mesp_sb549529	Dgig_XM_028548763.1	57.0	S	0.0
Mertsp_Mesp_sb549529	Leuniv_Lniv_scaffold25744_01	57.0	S	0.0
Mertsp_Mesp_sb549529	Spolac_c91573_g1_i1_m.7023c91573-g1	57.0	S	0.0
Mlei_ML0084.g1.i1	Plajan_Pjan_C560135_01	57.0	S	0.0
Mlei_ML0084.g1.i1	Bralan_BLAG13000622_1	57.0	S	0.0
Mlei_ML0084.g1.i1	Gasp_gasp1.m3.7264.m1	57.0	S	0.0
Mlei_ML0084.g1.i1	Xestes_maker-XT_scaffold128004-snap-gene-0.2-mRNA-1	57.0	S	0.0
Mlei_ML0084.g1.i1	Hsap_ENST00000614443	57.0	S	0.0
Mlei_ML0084.g1.i1	HoiH23_PlH23_004365-RA	57.0	S	0.0
Mlei_ML0084.g1.i1	Plespi_Pspi_C612352_01	57.0	S	0.0
Mlei_ML0084.g1.i1	TrH2_TrispH2_005317-RA	57.0	S	0.0
Mlei_ML0084.g1.i1	Spolac_c91573_g2_i1_m.7024c91573-g1	57.0	S	0.0
Mlei_ML0084.g1.i1	Tetwil_g25780.t1	57.0	S	0.0
Mlei_ML0084.g1.i1	Spur_XM_030996286.1	57.0	S	0.0
Mlei_ML0084.g1.i1	HoiH04_mRNA11870	57.0	S	0.0
Mlei_ML0084.g1.i1	Chem_TCONS_00014455	57.0	S	0.0
Mlei_ML0084.g1.i1	Aaur_scaffold168.g1.t1	57.0	S	0.0
Mlei_ML0084.g1.i1	Gfas_gfas1.m1.6571.m1	57.0	S	0.0
Mlei_ML0084.g1.i1	Stycar_maker-SC_scaffold84839-augustus-gene-0.9-mRNA-1	57.0	S	0.0
Mlei_ML0084.g1.i1	Nemnom_g12041.t1	57.0	S	0.0
Mlei_ML0084.g1.i1	Ctel_gnl_WGS_AMQN_CAPTEDRAFT_mRNA138269	57.0	S	0.0
Mlei_ML0084.g1.i1	Clacor_Ccor_scaffold7108_01	57.0	S	0.0
Mlei_ML0084.g1.i1	Opea_EP00118_Oscarella_pearsei_P011784	57.0	S	0.0
Mlei_ML0084.g1.i1	Rhoesc_Res_016409-T1	57.0	S	0.0
Mlei_ML0084.g1.i1	Hvul_g29898_1	57.0	S	0.0
Mlei_ML0084.g1.i1	Ocar_g9664	57.0	S	0.0
Mlei_ML0084.g1.i1	Pocdam_XM_027203830.1	57.0	S	0.0
Mlei_ML0084.g1.i1	Spis_XP_022803145_1	57.0	S	0.0
Mlei_ML0084.g1.i1	Nvec_v1g209576	57.0	S	0.0
Mlei_ML0084.g1.i1	Halamb_c53629_g2_i2m.36059	57.0	S	0.0
Mlei_ML0084.g1.i1	Fspp_ffun1.m4.12692.m1	57.0	S	0.0
Mlei_ML0084.g1.i1	Sanmal_Sma_011645-T1	57.0	S	0.0
Mlei_ML0084.g1.i1	Tadh_TriadT28955	57.0	S	0.0
Mlei_ML0084.g1.i1	Acagra_model.g2031.t1.1.5d3b8378	57.0	S	0.0
Mlei_ML0084.g1.i1	HoiH11_mRNA3955	57.0	S	0.0
Mlei_ML0084.g1.i1	Adig_XM_015904181.1	57.0	S	0.0
Mlei_ML0084.g1.i1	Stycar_snap_masked-SC_scaffold36053-processed-gene-0.1-mRNA-1	57.0	S	0.0
Mlei_ML0084.g1.i1	Hhon_g06887.t1	57.0	S	0.0
Mlei_ML0084.g1.i1	Scil_scict014551.1	57.0	S	0.0
Mlei_ML0084.g1.i1	Lcom_lcpid34176	57.0	S	0.0
Mlei_ML0084.g1.i1	Spur_XM_786416.5	57.0	S	0.0
Mlei_ML0084.g1.i1	Exapal_XM_021037786.2	57.0	S	0.0
Mlei_ML0084.g1.i1	Emue_Em0011g49a.t1	57.0	S	0.0
Mlei_ML0084.g1.i1	Skow_XM_006816532.1	57.0	S	0.0
Mlei_ML0084.g1.i1	Stycar_maker-SC_scaffold138306-augustus-gene-0.4-mRNA-1	57.0	S	0.0
Mlei_ML0084.g1.i1	Cgig_XM_034456211.1	57.0	S	0.0
Mlei_ML0084.g1.i1	Dgig_XM_028548763.1	57.0	S	0.0
Mlei_ML0084.g1.i1	Leuniv_Lniv_scaffold25744_01	57.0	S	0.0
Mlei_ML0084.g1.i1	Spolac_c91573_g1_i1_m.7023c91573-g1	57.0	S	0.0
Vmul_SimC371547	Plajan_Pjan_C560135_01	57.0	S	0.0
Vmul_SimC371547	Bralan_BLAG13000622_1	57.0	S	0.0
Vmul_SimC371547	Gasp_gasp1.m3.7264.m1	57.0	S	0.0
Vmul_SimC371547	Xestes_maker-XT_scaffold128004-snap-gene-0.2-mRNA-1	57.0	S	0.0
Vmul_SimC371547	Hsap_ENST00000614443	57.0	S	0.0
Vmul_SimC371547	HoiH23_PlH23_004365-RA	57.0	S	0.0
Vmul_SimC371547	Plespi_Pspi_C612352_01	57.0	S	0.0
Vmul_SimC371547	TrH2_TrispH2_005317-RA	57.0	S	0.0
Vmul_SimC371547	Spolac_c91573_g2_i1_m.7024c91573-g1	57.0	S	0.0
Vmul_SimC371547	Tetwil_g25780.t1	57.0	S	0.0
Vmul_SimC371547	Spur_XM_030996286.1	57.0	S	0.0
Vmul_SimC371547	HoiH04_mRNA11870	57.0	S	0.0
Vmul_SimC371547	Chem_TCONS_00014455	57.0	S	0.0
Vmul_SimC371547	Aaur_scaffold168.g1.t1	57.0	S	0.0
Vmul_SimC371547	Gfas_gfas1.m1.6571.m1	57.0	S	0.0
Vmul_SimC371547	Stycar_maker-SC_scaffold84839-augustus-gene-0.9-mRNA-1	57.0	S	0.0
Vmul_SimC371547	Nemnom_g12041.t1	57.0	S	0.0
Vmul_SimC371547	Ctel_gnl_WGS_AMQN_CAPTEDRAFT_mRNA138269	57.0	S	0.0
Vmul_SimC371547	Clacor_Ccor_scaffold7108_01	57.0	S	0.0
Vmul_SimC371547	Opea_EP00118_Oscarella_pearsei_P011784	57.0	S	0.0
Vmul_SimC371547	Rhoesc_Res_016409-T1	57.0	S	0.0
Vmul_SimC371547	Hvul_g29898_1	57.0	S	0.0
Vmul_SimC371547	Ocar_g9664	57.0	S	0.0
Vmul_SimC371547	Pocdam_XM_027203830.1	57.0	S	0.0
Vmul_SimC371547	Spis_XP_022803145_1	57.0	S	0.0
Vmul_SimC371547	Nvec_v1g209576	57.0	S	0.0
Vmul_SimC371547	Halamb_c53629_g2_i2m.36059	57.0	S	0.0
Vmul_SimC371547	Fspp_ffun1.m4.12692.m1	57.0	S	0.0
Vmul_SimC371547	Sanmal_Sma_011645-T1	57.0	S	0.0
Vmul_SimC371547	Tadh_TriadT28955	57.0	S	0.0
Vmul_SimC371547	Acagra_model.g2031.t1.1.5d3b8378	57.0	S	0.0
Vmul_SimC371547	HoiH11_mRNA3955	57.0	S	0.0
Vmul_SimC371547	Adig_XM_015904181.1	57.0	S	0.0
Vmul_SimC371547	Stycar_snap_masked-SC_scaffold36053-processed-gene-0.1-mRNA-1	57.0	S	0.0
Vmul_SimC371547	Hhon_g06887.t1	57.0	S	0.0
Vmul_SimC371547	Scil_scict014551.1	57.0	S	0.0
Vmul_SimC371547	Lcom_lcpid34176	57.0	S	0.0
Vmul_SimC371547	Spur_XM_786416.5	57.0	S	0.0
Vmul_SimC371547	Exapal_XM_021037786.2	57.0	S	0.0
Vmul_SimC371547	Emue_Em0011g49a.t1	57.0	S	0.0
Vmul_SimC371547	Skow_XM_006816532.1	57.0	S	0.0
Vmul_SimC371547	Stycar_maker-SC_scaffold138306-augustus-gene-0.4-mRNA-1	57.0	S	0.0
Vmul_SimC371547	Cgig_XM_034456211.1	57.0	S	0.0
Vmul_SimC371547	Dgig_XM_028548763.1	57.0	S	0.0
Vmul_SimC371547	Leuniv_Lniv_scaffold25744_01	57.0	S	0.0
Vmul_SimC371547	Spolac_c91573_g1_i1_m.7023c91573-g1	57.0	S	0.0
Lampan_Lpan_C415091_01	Plajan_Pjan_C560135_01	57.0	S	0.0
Lampan_Lpan_C415091_01	Bralan_BLAG13000622_1	57.0	S	0.0
Lampan_Lpan_C415091_01	Gasp_gasp1.m3.7264.m1	57.0	S	0.0
Lampan_Lpan_C415091_01	Xestes_maker-XT_scaffold128004-snap-gene-0.2-mRNA-1	57.0	S	0.0
Lampan_Lpan_C415091_01	Hsap_ENST00000614443	57.0	S	0.0
Lampan_Lpan_C415091_01	HoiH23_PlH23_004365-RA	57.0	S	0.0
Lampan_Lpan_C415091_01	Plespi_Pspi_C612352_01	57.0	S	0.0
Lampan_Lpan_C415091_01	TrH2_TrispH2_005317-RA	57.0	S	0.0
Lampan_Lpan_C415091_01	Spolac_c91573_g2_i1_m.7024c91573-g1	57.0	S	0.0
Lampan_Lpan_C415091_01	Tetwil_g25780.t1	57.0	S	0.0
Lampan_Lpan_C415091_01	Spur_XM_030996286.1	57.0	S	0.0
Lampan_Lpan_C415091_01	HoiH04_mRNA11870	57.0	S	0.0
Lampan_Lpan_C415091_01	Chem_TCONS_00014455	57.0	S	0.0
Lampan_Lpan_C415091_01	Aaur_scaffold168.g1.t1	57.0	S	0.0
Lampan_Lpan_C415091_01	Gfas_gfas1.m1.6571.m1	57.0	S	0.0
Lampan_Lpan_C415091_01	Stycar_maker-SC_scaffold84839-augustus-gene-0.9-mRNA-1	57.0	S	0.0
Lampan_Lpan_C415091_01	Nemnom_g12041.t1	57.0	S	0.0
Lampan_Lpan_C415091_01	Ctel_gnl_WGS_AMQN_CAPTEDRAFT_mRNA138269	57.0	S	0.0
Lampan_Lpan_C415091_01	Clacor_Ccor_scaffold7108_01	57.0	S	0.0
Lampan_Lpan_C415091_01	Opea_EP00118_Oscarella_pearsei_P011784	57.0	S	0.0
Lampan_Lpan_C415091_01	Rhoesc_Res_016409-T1	57.0	S	0.0
Lampan_Lpan_C415091_01	Hvul_g29898_1	57.0	S	0.0
Lampan_Lpan_C415091_01	Ocar_g9664	57.0	S	0.0
Lampan_Lpan_C415091_01	Pocdam_XM_027203830.1	57.0	S	0.0
Lampan_Lpan_C415091_01	Spis_XP_022803145_1	57.0	S	0.0
Lampan_Lpan_C415091_01	Nvec_v1g209576	57.0	S	0.0
Lampan_Lpan_C415091_01	Halamb_c53629_g2_i2m.36059	57.0	S	0.0
Lampan_Lpan_C415091_01	Fspp_ffun1.m4.12692.m1	57.0	S	0.0
Lampan_Lpan_C415091_01	Sanmal_Sma_011645-T1	57.0	S	0.0
Lampan_Lpan_C415091_01	Tadh_TriadT28955	57.0	S	0.0
Lampan_Lpan_C415091_01	Acagra_model.g2031.t1.1.5d3b8378	57.0	S	0.0
Lampan_Lpan_C415091_01	HoiH11_mRNA3955	57.0	S	0.0
Lampan_Lpan_C415091_01	Adig_XM_015904181.1	57.0	S	0.0
Lampan_Lpan_C415091_01	Stycar_snap_masked-SC_scaffold36053-processed-gene-0.1-mRNA-1	57.0	S	0.0
Lampan_Lpan_C415091_01	Hhon_g06887.t1	57.0	S	0.0
Lampan_Lpan_C415091_01	Scil_scict014551.1	57.0	S	0.0
Lampan_Lpan_C415091_01	Lcom_lcpid34176	57.0	S	0.0
Lampan_Lpan_C415091_01	Spur_XM_786416.5	57.0	S	0.0
Lampan_Lpan_C415091_01	Exapal_XM_021037786.2	57.0	S	0.0
Lampan_Lpan_C415091_01	Emue_Em0011g49a.t1	57.0	S	0.0
Lampan_Lpan_C415091_01	Skow_XM_006816532.1	57.0	S	0.0
Lampan_Lpan_C415091_01	Stycar_maker-SC_scaffold138306-augustus-gene-0.4-mRNA-1	57.0	S	0.0
Lampan_Lpan_C415091_01	Cgig_XM_034456211.1	57.0	S	0.0
Lampan_Lpan_C415091_01	Dgig_XM_028548763.1	57.0	S	0.0
Lampan_Lpan_C415091_01	Leuniv_Lniv_scaffold25744_01	57.0	S	0.0
Lampan_Lpan_C415091_01	Spolac_c91573_g1_i1_m.7023c91573-g1	57.0	S	0.0
Pbac_sb2664413	Plajan_Pjan_C560135_01	57.0	S	0.0
Pbac_sb2664413	Bralan_BLAG13000622_1	57.0	S	0.0
Pbac_sb2664413	Gasp_gasp1.m3.7264.m1	57.0	S	0.0
Pbac_sb2664413	Xestes_maker-XT_scaffold128004-snap-gene-0.2-mRNA-1	57.0	S	0.0
Pbac_sb2664413	Hsap_ENST00000614443	57.0	S	0.0
Pbac_sb2664413	HoiH23_PlH23_004365-RA	57.0	S	0.0
Pbac_sb2664413	Plespi_Pspi_C612352_01	57.0	S	0.0
Pbac_sb2664413	TrH2_TrispH2_005317-RA	57.0	S	0.0
Pbac_sb2664413	Spolac_c91573_g2_i1_m.7024c91573-g1	57.0	S	0.0
Pbac_sb2664413	Tetwil_g25780.t1	57.0	S	0.0
Pbac_sb2664413	Spur_XM_030996286.1	57.0	S	0.0
Pbac_sb2664413	HoiH04_mRNA11870	57.0	S	0.0
Pbac_sb2664413	Chem_TCONS_00014455	57.0	S	0.0
Pbac_sb2664413	Aaur_scaffold168.g1.t1	57.0	S	0.0
Pbac_sb2664413	Gfas_gfas1.m1.6571.m1	57.0	S	0.0
Pbac_sb2664413	Stycar_maker-SC_scaffold84839-augustus-gene-0.9-mRNA-1	57.0	S	0.0
Pbac_sb2664413	Nemnom_g12041.t1	57.0	S	0.0
Pbac_sb2664413	Ctel_gnl_WGS_AMQN_CAPTEDRAFT_mRNA138269	57.0	S	0.0
Pbac_sb2664413	Clacor_Ccor_scaffold7108_01	57.0	S	0.0
Pbac_sb2664413	Opea_EP00118_Oscarella_pearsei_P011784	57.0	S	0.0
Pbac_sb2664413	Rhoesc_Res_016409-T1	57.0	S	0.0
Pbac_sb2664413	Hvul_g29898_1	57.0	S	0.0
Pbac_sb2664413	Ocar_g9664	57.0	S	0.0
Pbac_sb2664413	Pocdam_XM_027203830.1	57.0	S	0.0
Pbac_sb2664413	Spis_XP_022803145_1	57.0	S	0.0
Pbac_sb2664413	Nvec_v1g209576	57.0	S	0.0
Pbac_sb2664413	Halamb_c53629_g2_i2m.36059	57.0	S	0.0
Pbac_sb2664413	Fspp_ffun1.m4.12692.m1	57.0	S	0.0
Pbac_sb2664413	Sanmal_Sma_011645-T1	57.0	S	0.0
Pbac_sb2664413	Tadh_TriadT28955	57.0	S	0.0
Pbac_sb2664413	Acagra_model.g2031.t1.1.5d3b8378	57.0	S	0.0
Pbac_sb2664413	HoiH11_mRNA3955	57.0	S	0.0
Pbac_sb2664413	Adig_XM_015904181.1	57.0	S	0.0
Pbac_sb2664413	Stycar_snap_masked-SC_scaffold36053-processed-gene-0.1-mRNA-1	57.0	S	0.0
Pbac_sb2664413	Hhon_g06887.t1	57.0	S	0.0
Pbac_sb2664413	Scil_scict014551.1	57.0	S	0.0
Pbac_sb2664413	Lcom_lcpid34176	57.0	S	0.0
Pbac_sb2664413	Spur_XM_786416.5	57.0	S	0.0
Pbac_sb2664413	Exapal_XM_021037786.2	57.0	S	0.0
Pbac_sb2664413	Emue_Em0011g49a.t1	57.0	S	0.0
Pbac_sb2664413	Skow_XM_006816532.1	57.0	S	0.0
Pbac_sb2664413	Stycar_maker-SC_scaffold138306-augustus-gene-0.4-mRNA-1	57.0	S	0.0
Pbac_sb2664413	Cgig_XM_034456211.1	57.0	S	0.0
Pbac_sb2664413	Dgig_XM_028548763.1	57.0	S	0.0
Pbac_sb2664413	Leuniv_Lniv_scaffold25744_01	57.0	S	0.0
Pbac_sb2664413	Spolac_c91573_g1_i1_m.7023c91573-g1	57.0	S	0.0
Horcal_Hcv1.av93.c13.g336.i1	Plajan_Pjan_C560135_01	57.0	S	0.0
Horcal_Hcv1.av93.c13.g336.i1	Bralan_BLAG13000622_1	57.0	S	0.0
Horcal_Hcv1.av93.c13.g336.i1	Gasp_gasp1.m3.7264.m1	57.0	S	0.0
Horcal_Hcv1.av93.c13.g336.i1	Xestes_maker-XT_scaffold128004-snap-gene-0.2-mRNA-1	57.0	S	0.0
Horcal_Hcv1.av93.c13.g336.i1	Hsap_ENST00000614443	57.0	S	0.0
Horcal_Hcv1.av93.c13.g336.i1	HoiH23_PlH23_004365-RA	57.0	S	0.0
Horcal_Hcv1.av93.c13.g336.i1	Plespi_Pspi_C612352_01	57.0	S	0.0
Horcal_Hcv1.av93.c13.g336.i1	TrH2_TrispH2_005317-RA	57.0	S	0.0
Horcal_Hcv1.av93.c13.g336.i1	Spolac_c91573_g2_i1_m.7024c91573-g1	57.0	S	0.0
Horcal_Hcv1.av93.c13.g336.i1	Tetwil_g25780.t1	57.0	S	0.0
Horcal_Hcv1.av93.c13.g336.i1	Spur_XM_030996286.1	57.0	S	0.0
Horcal_Hcv1.av93.c13.g336.i1	HoiH04_mRNA11870	57.0	S	0.0
Horcal_Hcv1.av93.c13.g336.i1	Chem_TCONS_00014455	57.0	S	0.0
Horcal_Hcv1.av93.c13.g336.i1	Aaur_scaffold168.g1.t1	57.0	S	0.0
Horcal_Hcv1.av93.c13.g336.i1	Gfas_gfas1.m1.6571.m1	57.0	S	0.0
Horcal_Hcv1.av93.c13.g336.i1	Stycar_maker-SC_scaffold84839-augustus-gene-0.9-mRNA-1	57.0	S	0.0
Horcal_Hcv1.av93.c13.g336.i1	Nemnom_g12041.t1	57.0	S	0.0
Horcal_Hcv1.av93.c13.g336.i1	Ctel_gnl_WGS_AMQN_CAPTEDRAFT_mRNA138269	57.0	S	0.0
Horcal_Hcv1.av93.c13.g336.i1	Clacor_Ccor_scaffold7108_01	57.0	S	0.0
Horcal_Hcv1.av93.c13.g336.i1	Opea_EP00118_Oscarella_pearsei_P011784	57.0	S	0.0
Horcal_Hcv1.av93.c13.g336.i1	Rhoesc_Res_016409-T1	57.0	S	0.0
Horcal_Hcv1.av93.c13.g336.i1	Hvul_g29898_1	57.0	S	0.0
Horcal_Hcv1.av93.c13.g336.i1	Ocar_g9664	57.0	S	0.0
Horcal_Hcv1.av93.c13.g336.i1	Pocdam_XM_027203830.1	57.0	S	0.0
Horcal_Hcv1.av93.c13.g336.i1	Spis_XP_022803145_1	57.0	S	0.0
Horcal_Hcv1.av93.c13.g336.i1	Nvec_v1g209576	57.0	S	0.0
Horcal_Hcv1.av93.c13.g336.i1	Halamb_c53629_g2_i2m.36059	57.0	S	0.0
Horcal_Hcv1.av93.c13.g336.i1	Fspp_ffun1.m4.12692.m1	57.0	S	0.0
Horcal_Hcv1.av93.c13.g336.i1	Sanmal_Sma_011645-T1	57.0	S	0.0
Horcal_Hcv1.av93.c13.g336.i1	Tadh_TriadT28955	57.0	S	0.0
Horcal_Hcv1.av93.c13.g336.i1	Acagra_model.g2031.t1.1.5d3b8378	57.0	S	0.0
Horcal_Hcv1.av93.c13.g336.i1	HoiH11_mRNA3955	57.0	S	0.0
Horcal_Hcv1.av93.c13.g336.i1	Adig_XM_015904181.1	57.0	S	0.0
Horcal_Hcv1.av93.c13.g336.i1	Stycar_snap_masked-SC_scaffold36053-processed-gene-0.1-mRNA-1	57.0	S	0.0
Horcal_Hcv1.av93.c13.g336.i1	Hhon_g06887.t1	57.0	S	0.0
Horcal_Hcv1.av93.c13.g336.i1	Scil_scict014551.1	57.0	S	0.0
Horcal_Hcv1.av93.c13.g336.i1	Lcom_lcpid34176	57.0	S	0.0
Horcal_Hcv1.av93.c13.g336.i1	Spur_XM_786416.5	57.0	S	0.0
Horcal_Hcv1.av93.c13.g336.i1	Exapal_XM_021037786.2	57.0	S	0.0
Horcal_Hcv1.av93.c13.g336.i1	Emue_Em0011g49a.t1	57.0	S	0.0
Horcal_Hcv1.av93.c13.g336.i1	Skow_XM_006816532.1	57.0	S	0.0
Horcal_Hcv1.av93.c13.g336.i1	Stycar_maker-SC_scaffold138306-augustus-gene-0.4-mRNA-1	57.0	S	0.0
Horcal_Hcv1.av93.c13.g336.i1	Cgig_XM_034456211.1	57.0	S	0.0
Horcal_Hcv1.av93.c13.g336.i1	Dgig_XM_028548763.1	57.0	S	0.0
Horcal_Hcv1.av93.c13.g336.i1	Leuniv_Lniv_scaffold25744_01	57.0	S	0.0
Horcal_Hcv1.av93.c13.g336.i1	Spolac_c91573_g1_i1_m.7023c91573-g1	57.0	S	0.0
Cscu_XM_023371756.1	Plajan_Pjan_C560135_01	57.0	S	0.0
Cscu_XM_023371756.1	Bralan_BLAG13000622_1	57.0	S	0.0
Cscu_XM_023371756.1	Gasp_gasp1.m3.7264.m1	57.0	S	0.0
Cscu_XM_023371756.1	Xestes_maker-XT_scaffold128004-snap-gene-0.2-mRNA-1	57.0	S	0.0
Cscu_XM_023371756.1	Hsap_ENST00000614443	57.0	S	0.0
Cscu_XM_023371756.1	HoiH23_PlH23_004365-RA	57.0	S	0.0
Cscu_XM_023371756.1	Plespi_Pspi_C612352_01	57.0	S	0.0
Cscu_XM_023371756.1	TrH2_TrispH2_005317-RA	57.0	S	0.0
Cscu_XM_023371756.1	Spolac_c91573_g2_i1_m.7024c91573-g1	57.0	S	0.0
Cscu_XM_023371756.1	Tetwil_g25780.t1	57.0	S	0.0
Cscu_XM_023371756.1	Spur_XM_030996286.1	57.0	S	0.0
Cscu_XM_023371756.1	HoiH04_mRNA11870	57.0	S	0.0
Cscu_XM_023371756.1	Chem_TCONS_00014455	57.0	S	0.0
Cscu_XM_023371756.1	Aaur_scaffold168.g1.t1	57.0	S	0.0
Cscu_XM_023371756.1	Gfas_gfas1.m1.6571.m1	57.0	S	0.0
Cscu_XM_023371756.1	Stycar_maker-SC_scaffold84839-augustus-gene-0.9-mRNA-1	57.0	S	0.0
Cscu_XM_023371756.1	Nemnom_g12041.t1	57.0	S	0.0
Cscu_XM_023371756.1	Ctel_gnl_WGS_AMQN_CAPTEDRAFT_mRNA138269	57.0	S	0.0
Cscu_XM_023371756.1	Clacor_Ccor_scaffold7108_01	57.0	S	0.0
Cscu_XM_023371756.1	Opea_EP00118_Oscarella_pearsei_P011784	57.0	S	0.0
Cscu_XM_023371756.1	Rhoesc_Res_016409-T1	57.0	S	0.0
Cscu_XM_023371756.1	Hvul_g29898_1	57.0	S	0.0
Cscu_XM_023371756.1	Ocar_g9664	57.0	S	0.0
Cscu_XM_023371756.1	Pocdam_XM_027203830.1	57.0	S	0.0
Cscu_XM_023371756.1	Spis_XP_022803145_1	57.0	S	0.0
Cscu_XM_023371756.1	Nvec_v1g209576	57.0	S	0.0
Cscu_XM_023371756.1	Halamb_c53629_g2_i2m.36059	57.0	S	0.0
Cscu_XM_023371756.1	Fspp_ffun1.m4.12692.m1	57.0	S	0.0
Cscu_XM_023371756.1	Sanmal_Sma_011645-T1	57.0	S	0.0
Cscu_XM_023371756.1	Tadh_TriadT28955	57.0	S	0.0
Cscu_XM_023371756.1	Acagra_model.g2031.t1.1.5d3b8378	57.0	S	0.0
Cscu_XM_023371756.1	HoiH11_mRNA3955	57.0	S	0.0
Cscu_XM_023371756.1	Adig_XM_015904181.1	57.0	S	0.0
Cscu_XM_023371756.1	Stycar_snap_masked-SC_scaffold36053-processed-gene-0.1-mRNA-1	57.0	S	0.0
Cscu_XM_023371756.1	Hhon_g06887.t1	57.0	S	0.0
Cscu_XM_023371756.1	Scil_scict014551.1	57.0	S	0.0
Cscu_XM_023371756.1	Lcom_lcpid34176	57.0	S	0.0
Cscu_XM_023371756.1	Spur_XM_786416.5	57.0	S	0.0
Cscu_XM_023371756.1	Exapal_XM_021037786.2	57.0	S	0.0
Cscu_XM_023371756.1	Emue_Em0011g49a.t1	57.0	S	0.0
Cscu_XM_023371756.1	Skow_XM_006816532.1	57.0	S	0.0
Cscu_XM_023371756.1	Stycar_maker-SC_scaffold138306-augustus-gene-0.4-mRNA-1	57.0	S	0.0
Cscu_XM_023371756.1	Cgig_XM_034456211.1	57.0	S	0.0
Cscu_XM_023371756.1	Dgig_XM_028548763.1	57.0	S	0.0
Cscu_XM_023371756.1	Leuniv_Lniv_scaffold25744_01	57.0	S	0.0
Cscu_XM_023371756.1	Spolac_c91573_g1_i1_m.7023c91573-g1	57.0	S	0.0
Bolinf_Binf_sb1220300	Plajan_Pjan_C560135_01	57.0	S	0.0
Bolinf_Binf_sb1220300	Bralan_BLAG13000622_1	57.0	S	0.0
Bolinf_Binf_sb1220300	Gasp_gasp1.m3.7264.m1	57.0	S	0.0
Bolinf_Binf_sb1220300	Xestes_maker-XT_scaffold128004-snap-gene-0.2-mRNA-1	57.0	S	0.0
Bolinf_Binf_sb1220300	Hsap_ENST00000614443	57.0	S	0.0
Bolinf_Binf_sb1220300	HoiH23_PlH23_004365-RA	57.0	S	0.0
Bolinf_Binf_sb1220300	Plespi_Pspi_C612352_01	57.0	S	0.0
Bolinf_Binf_sb1220300	TrH2_TrispH2_005317-RA	57.0	S	0.0
Bolinf_Binf_sb1220300	Spolac_c91573_g2_i1_m.7024c91573-g1	57.0	S	0.0
Bolinf_Binf_sb1220300	Tetwil_g25780.t1	57.0	S	0.0
Bolinf_Binf_sb1220300	Spur_XM_030996286.1	57.0	S	0.0
Bolinf_Binf_sb1220300	HoiH04_mRNA11870	57.0	S	0.0
Bolinf_Binf_sb1220300	Chem_TCONS_00014455	57.0	S	0.0
Bolinf_Binf_sb1220300	Aaur_scaffold168.g1.t1	57.0	S	0.0
Bolinf_Binf_sb1220300	Gfas_gfas1.m1.6571.m1	57.0	S	0.0
Bolinf_Binf_sb1220300	Stycar_maker-SC_scaffold84839-augustus-gene-0.9-mRNA-1	57.0	S	0.0
Bolinf_Binf_sb1220300	Nemnom_g12041.t1	57.0	S	0.0
Bolinf_Binf_sb1220300	Ctel_gnl_WGS_AMQN_CAPTEDRAFT_mRNA138269	57.0	S	0.0
Bolinf_Binf_sb1220300	Clacor_Ccor_scaffold7108_01	57.0	S	0.0
Bolinf_Binf_sb1220300	Opea_EP00118_Oscarella_pearsei_P011784	57.0	S	0.0
Bolinf_Binf_sb1220300	Rhoesc_Res_016409-T1	57.0	S	0.0
Bolinf_Binf_sb1220300	Hvul_g29898_1	57.0	S	0.0
Bolinf_Binf_sb1220300	Ocar_g9664	57.0	S	0.0
Bolinf_Binf_sb1220300	Pocdam_XM_027203830.1	57.0	S	0.0
Bolinf_Binf_sb1220300	Spis_XP_022803145_1	57.0	S	0.0
Bolinf_Binf_sb1220300	Nvec_v1g209576	57.0	S	0.0
Bolinf_Binf_sb1220300	Halamb_c53629_g2_i2m.36059	57.0	S	0.0
Bolinf_Binf_sb1220300	Fspp_ffun1.m4.12692.m1	57.0	S	0.0
Bolinf_Binf_sb1220300	Sanmal_Sma_011645-T1	57.0	S	0.0
Bolinf_Binf_sb1220300	Tadh_TriadT28955	57.0	S	0.0
Bolinf_Binf_sb1220300	Acagra_model.g2031.t1.1.5d3b8378	57.0	S	0.0
Bolinf_Binf_sb1220300	HoiH11_mRNA3955	57.0	S	0.0
Bolinf_Binf_sb1220300	Adig_XM_015904181.1	57.0	S	0.0
Bolinf_Binf_sb1220300	Stycar_snap_masked-SC_scaffold36053-processed-gene-0.1-mRNA-1	57.0	S	0.0
Bolinf_Binf_sb1220300	Hhon_g06887.t1	57.0	S	0.0
Bolinf_Binf_sb1220300	Scil_scict014551.1	57.0	S	0.0
Bolinf_Binf_sb1220300	Lcom_lcpid34176	57.0	S	0.0
Bolinf_Binf_sb1220300	Spur_XM_786416.5	57.0	S	0.0
Bolinf_Binf_sb1220300	Exapal_XM_021037786.2	57.0	S	0.0
Bolinf_Binf_sb1220300	Emue_Em0011g49a.t1	57.0	S	0.0
Bolinf_Binf_sb1220300	Skow_XM_006816532.1	57.0	S	0.0
Bolinf_Binf_sb1220300	Stycar_maker-SC_scaffold138306-augustus-gene-0.4-mRNA-1	57.0	S	0.0
Bolinf_Binf_sb1220300	Cgig_XM_034456211.1	57.0	S	0.0
Bolinf_Binf_sb1220300	Dgig_XM_028548763.1	57.0	S	0.0
Bolinf_Binf_sb1220300	Leuniv_Lniv_scaffold25744_01	57.0	S	0.0
Bolinf_Binf_sb1220300	Spolac_c91573_g1_i1_m.7023c91573-g1	57.0	S	0.0
Mlei_ML0021.g5.i1	Plajan_Pjan_C560135_01	57.0	S	0.0
Mlei_ML0021.g5.i1	Bralan_BLAG13000622_1	57.0	S	0.0
Mlei_ML0021.g5.i1	Gasp_gasp1.m3.7264.m1	57.0	S	0.0
Mlei_ML0021.g5.i1	Xestes_maker-XT_scaffold128004-snap-gene-0.2-mRNA-1	57.0	S	0.0
Mlei_ML0021.g5.i1	Hsap_ENST00000614443	57.0	S	0.0
Mlei_ML0021.g5.i1	HoiH23_PlH23_004365-RA	57.0	S	0.0
Mlei_ML0021.g5.i1	Plespi_Pspi_C612352_01	57.0	S	0.0
Mlei_ML0021.g5.i1	TrH2_TrispH2_005317-RA	57.0	S	0.0
Mlei_ML0021.g5.i1	Spolac_c91573_g2_i1_m.7024c91573-g1	57.0	S	0.0
Mlei_ML0021.g5.i1	Tetwil_g25780.t1	57.0	S	0.0
Mlei_ML0021.g5.i1	Spur_XM_030996286.1	57.0	S	0.0
Mlei_ML0021.g5.i1	HoiH04_mRNA11870	57.0	S	0.0
Mlei_ML0021.g5.i1	Chem_TCONS_00014455	57.0	S	0.0
Mlei_ML0021.g5.i1	Aaur_scaffold168.g1.t1	57.0	S	0.0
Mlei_ML0021.g5.i1	Gfas_gfas1.m1.6571.m1	57.0	S	0.0
Mlei_ML0021.g5.i1	Stycar_maker-SC_scaffold84839-augustus-gene-0.9-mRNA-1	57.0	S	0.0
Mlei_ML0021.g5.i1	Nemnom_g12041.t1	57.0	S	0.0
Mlei_ML0021.g5.i1	Ctel_gnl_WGS_AMQN_CAPTEDRAFT_mRNA138269	57.0	S	0.0
Mlei_ML0021.g5.i1	Clacor_Ccor_scaffold7108_01	57.0	S	0.0
Mlei_ML0021.g5.i1	Opea_EP00118_Oscarella_pearsei_P011784	57.0	S	0.0
Mlei_ML0021.g5.i1	Rhoesc_Res_016409-T1	57.0	S	0.0
Mlei_ML0021.g5.i1	Hvul_g29898_1	57.0	S	0.0
Mlei_ML0021.g5.i1	Ocar_g9664	57.0	S	0.0
Mlei_ML0021.g5.i1	Pocdam_XM_027203830.1	57.0	S	0.0
Mlei_ML0021.g5.i1	Spis_XP_022803145_1	57.0	S	0.0
Mlei_ML0021.g5.i1	Nvec_v1g209576	57.0	S	0.0
Mlei_ML0021.g5.i1	Halamb_c53629_g2_i2m.36059	57.0	S	0.0
Mlei_ML0021.g5.i1	Fspp_ffun1.m4.12692.m1	57.0	S	0.0
Mlei_ML0021.g5.i1	Sanmal_Sma_011645-T1	57.0	S	0.0
Mlei_ML0021.g5.i1	Tadh_TriadT28955	57.0	S	0.0
Mlei_ML0021.g5.i1	Acagra_model.g2031.t1.1.5d3b8378	57.0	S	0.0
Mlei_ML0021.g5.i1	HoiH11_mRNA3955	57.0	S	0.0
Mlei_ML0021.g5.i1	Adig_XM_015904181.1	57.0	S	0.0
Mlei_ML0021.g5.i1	Stycar_snap_masked-SC_scaffold36053-processed-gene-0.1-mRNA-1	57.0	S	0.0
Mlei_ML0021.g5.i1	Hhon_g06887.t1	57.0	S	0.0
Mlei_ML0021.g5.i1	Scil_scict014551.1	57.0	S	0.0
Mlei_ML0021.g5.i1	Lcom_lcpid34176	57.0	S	0.0
Mlei_ML0021.g5.i1	Spur_XM_786416.5	57.0	S	0.0
Mlei_ML0021.g5.i1	Exapal_XM_021037786.2	57.0	S	0.0
Mlei_ML0021.g5.i1	Emue_Em0011g49a.t1	57.0	S	0.0
Mlei_ML0021.g5.i1	Skow_XM_006816532.1	57.0	S	0.0
Mlei_ML0021.g5.i1	Stycar_maker-SC_scaffold138306-augustus-gene-0.4-mRNA-1	57.0	S	0.0
Mlei_ML0021.g5.i1	Cgig_XM_034456211.1	57.0	S	0.0
Mlei_ML0021.g5.i1	Dgig_XM_028548763.1	57.0	S	0.0
Mlei_ML0021.g5.i1	Leuniv_Lniv_scaffold25744_01	57.0	S	0.0
Mlei_ML0021.g5.i1	Spolac_c91573_g1_i1_m.7023c91573-g1	57.0	S	0.0
Coemet_Cmet_scaffold16074_01	Plajan_Pjan_C560135_01	57.0	S	0.0
Coemet_Cmet_scaffold16074_01	Bralan_BLAG13000622_1	57.0	S	0.0
Coemet_Cmet_scaffold16074_01	Gasp_gasp1.m3.7264.m1	57.0	S	0.0
Coemet_Cmet_scaffold16074_01	Xestes_maker-XT_scaffold128004-snap-gene-0.2-mRNA-1	57.0	S	0.0
Coemet_Cmet_scaffold16074_01	Hsap_ENST00000614443	57.0	S	0.0
Coemet_Cmet_scaffold16074_01	HoiH23_PlH23_004365-RA	57.0	S	0.0
Coemet_Cmet_scaffold16074_01	Plespi_Pspi_C612352_01	57.0	S	0.0
Coemet_Cmet_scaffold16074_01	TrH2_TrispH2_005317-RA	57.0	S	0.0
Coemet_Cmet_scaffold16074_01	Spolac_c91573_g2_i1_m.7024c91573-g1	57.0	S	0.0
Coemet_Cmet_scaffold16074_01	Tetwil_g25780.t1	57.0	S	0.0
Coemet_Cmet_scaffold16074_01	Spur_XM_030996286.1	57.0	S	0.0
Coemet_Cmet_scaffold16074_01	HoiH04_mRNA11870	57.0	S	0.0
Coemet_Cmet_scaffold16074_01	Chem_TCONS_00014455	57.0	S	0.0
Coemet_Cmet_scaffold16074_01	Aaur_scaffold168.g1.t1	57.0	S	0.0
Coemet_Cmet_scaffold16074_01	Gfas_gfas1.m1.6571.m1	57.0	S	0.0
Coemet_Cmet_scaffold16074_01	Stycar_maker-SC_scaffold84839-augustus-gene-0.9-mRNA-1	57.0	S	0.0
Coemet_Cmet_scaffold16074_01	Nemnom_g12041.t1	57.0	S	0.0
Coemet_Cmet_scaffold16074_01	Ctel_gnl_WGS_AMQN_CAPTEDRAFT_mRNA138269	57.0	S	0.0
Coemet_Cmet_scaffold16074_01	Clacor_Ccor_scaffold7108_01	57.0	S	0.0
Coemet_Cmet_scaffold16074_01	Opea_EP00118_Oscarella_pearsei_P011784	57.0	S	0.0
Coemet_Cmet_scaffold16074_01	Rhoesc_Res_016409-T1	57.0	S	0.0
Coemet_Cmet_scaffold16074_01	Hvul_g29898_1	57.0	S	0.0
Coemet_Cmet_scaffold16074_01	Ocar_g9664	57.0	S	0.0
Coemet_Cmet_scaffold16074_01	Pocdam_XM_027203830.1	57.0	S	0.0
Coemet_Cmet_scaffold16074_01	Spis_XP_022803145_1	57.0	S	0.0
Coemet_Cmet_scaffold16074_01	Nvec_v1g209576	57.0	S	0.0
Coemet_Cmet_scaffold16074_01	Halamb_c53629_g2_i2m.36059	57.0	S	0.0
Coemet_Cmet_scaffold16074_01	Fspp_ffun1.m4.12692.m1	57.0	S	0.0
Coemet_Cmet_scaffold16074_01	Sanmal_Sma_011645-T1	57.0	S	0.0
Coemet_Cmet_scaffold16074_01	Tadh_TriadT28955	57.0	S	0.0
Coemet_Cmet_scaffold16074_01	Acagra_model.g2031.t1.1.5d3b8378	57.0	S	0.0
Coemet_Cmet_scaffold16074_01	HoiH11_mRNA3955	57.0	S	0.0
Coemet_Cmet_scaffold16074_01	Adig_XM_015904181.1	57.0	S	0.0
Coemet_Cmet_scaffold16074_01	Stycar_snap_masked-SC_scaffold36053-processed-gene-0.1-mRNA-1	57.0	S	0.0
Coemet_Cmet_scaffold16074_01	Hhon_g06887.t1	57.0	S	0.0
Coemet_Cmet_scaffold16074_01	Scil_scict014551.1	57.0	S	0.0
Coemet_Cmet_scaffold16074_01	Lcom_lcpid34176	57.0	S	0.0
Coemet_Cmet_scaffold16074_01	Spur_XM_786416.5	57.0	S	0.0
Coemet_Cmet_scaffold16074_01	Exapal_XM_021037786.2	57.0	S	0.0
Coemet_Cmet_scaffold16074_01	Emue_Em0011g49a.t1	57.0	S	0.0
Coemet_Cmet_scaffold16074_01	Skow_XM_006816532.1	57.0	S	0.0
Coemet_Cmet_scaffold16074_01	Stycar_maker-SC_scaffold138306-augustus-gene-0.4-mRNA-1	57.0	S	0.0
Coemet_Cmet_scaffold16074_01	Cgig_XM_034456211.1	57.0	S	0.0
Coemet_Cmet_scaffold16074_01	Dgig_XM_028548763.1	57.0	S	0.0
Coemet_Cmet_scaffold16074_01	Leuniv_Lniv_scaffold25744_01	57.0	S	0.0
Coemet_Cmet_scaffold16074_01	Spolac_c91573_g1_i1_m.7023c91573-g1	57.0	S	0.0
Pbac_sb2666617	Plajan_Pjan_C560135_01	57.0	S	0.0
Pbac_sb2666617	Bralan_BLAG13000622_1	57.0	S	0.0
Pbac_sb2666617	Gasp_gasp1.m3.7264.m1	57.0	S	0.0
Pbac_sb2666617	Xestes_maker-XT_scaffold128004-snap-gene-0.2-mRNA-1	57.0	S	0.0
Pbac_sb2666617	Hsap_ENST00000614443	57.0	S	0.0
Pbac_sb2666617	HoiH23_PlH23_004365-RA	57.0	S	0.0
Pbac_sb2666617	Plespi_Pspi_C612352_01	57.0	S	0.0
Pbac_sb2666617	TrH2_TrispH2_005317-RA	57.0	S	0.0
Pbac_sb2666617	Spolac_c91573_g2_i1_m.7024c91573-g1	57.0	S	0.0
Pbac_sb2666617	Tetwil_g25780.t1	57.0	S	0.0
Pbac_sb2666617	Spur_XM_030996286.1	57.0	S	0.0
Pbac_sb2666617	HoiH04_mRNA11870	57.0	S	0.0
Pbac_sb2666617	Chem_TCONS_00014455	57.0	S	0.0
Pbac_sb2666617	Aaur_scaffold168.g1.t1	57.0	S	0.0
Pbac_sb2666617	Gfas_gfas1.m1.6571.m1	57.0	S	0.0
Pbac_sb2666617	Stycar_maker-SC_scaffold84839-augustus-gene-0.9-mRNA-1	57.0	S	0.0
Pbac_sb2666617	Nemnom_g12041.t1	57.0	S	0.0
Pbac_sb2666617	Ctel_gnl_WGS_AMQN_CAPTEDRAFT_mRNA138269	57.0	S	0.0
Pbac_sb2666617	Clacor_Ccor_scaffold7108_01	57.0	S	0.0
Pbac_sb2666617	Opea_EP00118_Oscarella_pearsei_P011784	57.0	S	0.0
Pbac_sb2666617	Rhoesc_Res_016409-T1	57.0	S	0.0
Pbac_sb2666617	Hvul_g29898_1	57.0	S	0.0
Pbac_sb2666617	Ocar_g9664	57.0	S	0.0
Pbac_sb2666617	Pocdam_XM_027203830.1	57.0	S	0.0
Pbac_sb2666617	Spis_XP_022803145_1	57.0	S	0.0
Pbac_sb2666617	Nvec_v1g209576	57.0	S	0.0
Pbac_sb2666617	Halamb_c53629_g2_i2m.36059	57.0	S	0.0
Pbac_sb2666617	Fspp_ffun1.m4.12692.m1	57.0	S	0.0
Pbac_sb2666617	Sanmal_Sma_011645-T1	57.0	S	0.0
Pbac_sb2666617	Tadh_TriadT28955	57.0	S	0.0
Pbac_sb2666617	Acagra_model.g2031.t1.1.5d3b8378	57.0	S	0.0
Pbac_sb2666617	HoiH11_mRNA3955	57.0	S	0.0
Pbac_sb2666617	Adig_XM_015904181.1	57.0	S	0.0
Pbac_sb2666617	Stycar_snap_masked-SC_scaffold36053-processed-gene-0.1-mRNA-1	57.0	S	0.0
Pbac_sb2666617	Hhon_g06887.t1	57.0	S	0.0
Pbac_sb2666617	Scil_scict014551.1	57.0	S	0.0
Pbac_sb2666617	Lcom_lcpid34176	57.0	S	0.0
Pbac_sb2666617	Spur_XM_786416.5	57.0	S	0.0
Pbac_sb2666617	Exapal_XM_021037786.2	57.0	S	0.0
Pbac_sb2666617	Emue_Em0011g49a.t1	57.0	S	0.0
Pbac_sb2666617	Skow_XM_006816532.1	57.0	S	0.0
Pbac_sb2666617	Stycar_maker-SC_scaffold138306-augustus-gene-0.4-mRNA-1	57.0	S	0.0
Pbac_sb2666617	Cgig_XM_034456211.1	57.0	S	0.0
Pbac_sb2666617	Dgig_XM_028548763.1	57.0	S	0.0
Pbac_sb2666617	Leuniv_Lniv_scaffold25744_01	57.0	S	0.0
Pbac_sb2666617	Spolac_c91573_g1_i1_m.7023c91573-g1	57.0	S	0.0
Horcal_Hcv1.av93.c10.g582.i1	Plajan_Pjan_C560135_01	57.0	S	0.0
Horcal_Hcv1.av93.c10.g582.i1	Bralan_BLAG13000622_1	57.0	S	0.0
Horcal_Hcv1.av93.c10.g582.i1	Gasp_gasp1.m3.7264.m1	57.0	S	0.0
Horcal_Hcv1.av93.c10.g582.i1	Xestes_maker-XT_scaffold128004-snap-gene-0.2-mRNA-1	57.0	S	0.0
Horcal_Hcv1.av93.c10.g582.i1	Hsap_ENST00000614443	57.0	S	0.0
Horcal_Hcv1.av93.c10.g582.i1	HoiH23_PlH23_004365-RA	57.0	S	0.0
Horcal_Hcv1.av93.c10.g582.i1	Plespi_Pspi_C612352_01	57.0	S	0.0
Horcal_Hcv1.av93.c10.g582.i1	TrH2_TrispH2_005317-RA	57.0	S	0.0
Horcal_Hcv1.av93.c10.g582.i1	Spolac_c91573_g2_i1_m.7024c91573-g1	57.0	S	0.0
Horcal_Hcv1.av93.c10.g582.i1	Tetwil_g25780.t1	57.0	S	0.0
Horcal_Hcv1.av93.c10.g582.i1	Spur_XM_030996286.1	57.0	S	0.0
Horcal_Hcv1.av93.c10.g582.i1	HoiH04_mRNA11870	57.0	S	0.0
Horcal_Hcv1.av93.c10.g582.i1	Chem_TCONS_00014455	57.0	S	0.0
Horcal_Hcv1.av93.c10.g582.i1	Aaur_scaffold168.g1.t1	57.0	S	0.0
Horcal_Hcv1.av93.c10.g582.i1	Gfas_gfas1.m1.6571.m1	57.0	S	0.0
Horcal_Hcv1.av93.c10.g582.i1	Stycar_maker-SC_scaffold84839-augustus-gene-0.9-mRNA-1	57.0	S	0.0
Horcal_Hcv1.av93.c10.g582.i1	Nemnom_g12041.t1	57.0	S	0.0
Horcal_Hcv1.av93.c10.g582.i1	Ctel_gnl_WGS_AMQN_CAPTEDRAFT_mRNA138269	57.0	S	0.0
Horcal_Hcv1.av93.c10.g582.i1	Clacor_Ccor_scaffold7108_01	57.0	S	0.0
Horcal_Hcv1.av93.c10.g582.i1	Opea_EP00118_Oscarella_pearsei_P011784	57.0	S	0.0
Horcal_Hcv1.av93.c10.g582.i1	Rhoesc_Res_016409-T1	57.0	S	0.0
Horcal_Hcv1.av93.c10.g582.i1	Hvul_g29898_1	57.0	S	0.0
Horcal_Hcv1.av93.c10.g582.i1	Ocar_g9664	57.0	S	0.0
Horcal_Hcv1.av93.c10.g582.i1	Pocdam_XM_027203830.1	57.0	S	0.0
Horcal_Hcv1.av93.c10.g582.i1	Spis_XP_022803145_1	57.0	S	0.0
Horcal_Hcv1.av93.c10.g582.i1	Nvec_v1g209576	57.0	S	0.0
Horcal_Hcv1.av93.c10.g582.i1	Halamb_c53629_g2_i2m.36059	57.0	S	0.0
Horcal_Hcv1.av93.c10.g582.i1	Fspp_ffun1.m4.12692.m1	57.0	S	0.0
Horcal_Hcv1.av93.c10.g582.i1	Sanmal_Sma_011645-T1	57.0	S	0.0
Horcal_Hcv1.av93.c10.g582.i1	Tadh_TriadT28955	57.0	S	0.0
Horcal_Hcv1.av93.c10.g582.i1	Acagra_model.g2031.t1.1.5d3b8378	57.0	S	0.0
Horcal_Hcv1.av93.c10.g582.i1	HoiH11_mRNA3955	57.0	S	0.0
Horcal_Hcv1.av93.c10.g582.i1	Adig_XM_015904181.1	57.0	S	0.0
Horcal_Hcv1.av93.c10.g582.i1	Stycar_snap_masked-SC_scaffold36053-processed-gene-0.1-mRNA-1	57.0	S	0.0
Horcal_Hcv1.av93.c10.g582.i1	Hhon_g06887.t1	57.0	S	0.0
Horcal_Hcv1.av93.c10.g582.i1	Scil_scict014551.1	57.0	S	0.0
Horcal_Hcv1.av93.c10.g582.i1	Lcom_lcpid34176	57.0	S	0.0
Horcal_Hcv1.av93.c10.g582.i1	Spur_XM_786416.5	57.0	S	0.0
Horcal_Hcv1.av93.c10.g582.i1	Exapal_XM_021037786.2	57.0	S	0.0
Horcal_Hcv1.av93.c10.g582.i1	Emue_Em0011g49a.t1	57.0	S	0.0
Horcal_Hcv1.av93.c10.g582.i1	Skow_XM_006816532.1	57.0	S	0.0
Horcal_Hcv1.av93.c10.g582.i1	Stycar_maker-SC_scaffold138306-augustus-gene-0.4-mRNA-1	57.0	S	0.0
Horcal_Hcv1.av93.c10.g582.i1	Cgig_XM_034456211.1	57.0	S	0.0
Horcal_Hcv1.av93.c10.g582.i1	Dgig_XM_028548763.1	57.0	S	0.0
Horcal_Hcv1.av93.c10.g582.i1	Leuniv_Lniv_scaffold25744_01	57.0	S	0.0
Horcal_Hcv1.av93.c10.g582.i1	Spolac_c91573_g1_i1_m.7023c91573-g1	57.0	S	0.0
Pbac_sb2652734	Plajan_Pjan_C560135_01	57.0	S	0.0
Pbac_sb2652734	Bralan_BLAG13000622_1	57.0	S	0.0
Pbac_sb2652734	Gasp_gasp1.m3.7264.m1	57.0	S	0.0
Pbac_sb2652734	Xestes_maker-XT_scaffold128004-snap-gene-0.2-mRNA-1	57.0	S	0.0
Pbac_sb2652734	Hsap_ENST00000614443	57.0	S	0.0
Pbac_sb2652734	HoiH23_PlH23_004365-RA	57.0	S	0.0
Pbac_sb2652734	Plespi_Pspi_C612352_01	57.0	S	0.0
Pbac_sb2652734	TrH2_TrispH2_005317-RA	57.0	S	0.0
Pbac_sb2652734	Spolac_c91573_g2_i1_m.7024c91573-g1	57.0	S	0.0
Pbac_sb2652734	Tetwil_g25780.t1	57.0	S	0.0
Pbac_sb2652734	Spur_XM_030996286.1	57.0	S	0.0
Pbac_sb2652734	HoiH04_mRNA11870	57.0	S	0.0
Pbac_sb2652734	Chem_TCONS_00014455	57.0	S	0.0
Pbac_sb2652734	Aaur_scaffold168.g1.t1	57.0	S	0.0
Pbac_sb2652734	Gfas_gfas1.m1.6571.m1	57.0	S	0.0
Pbac_sb2652734	Stycar_maker-SC_scaffold84839-augustus-gene-0.9-mRNA-1	57.0	S	0.0
Pbac_sb2652734	Nemnom_g12041.t1	57.0	S	0.0
Pbac_sb2652734	Ctel_gnl_WGS_AMQN_CAPTEDRAFT_mRNA138269	57.0	S	0.0
Pbac_sb2652734	Clacor_Ccor_scaffold7108_01	57.0	S	0.0
Pbac_sb2652734	Opea_EP00118_Oscarella_pearsei_P011784	57.0	S	0.0
Pbac_sb2652734	Rhoesc_Res_016409-T1	57.0	S	0.0
Pbac_sb2652734	Hvul_g29898_1	57.0	S	0.0
Pbac_sb2652734	Ocar_g9664	57.0	S	0.0
Pbac_sb2652734	Pocdam_XM_027203830.1	57.0	S	0.0
Pbac_sb2652734	Spis_XP_022803145_1	57.0	S	0.0
Pbac_sb2652734	Nvec_v1g209576	57.0	S	0.0
Pbac_sb2652734	Halamb_c53629_g2_i2m.36059	57.0	S	0.0
Pbac_sb2652734	Fspp_ffun1.m4.12692.m1	57.0	S	0.0
Pbac_sb2652734	Sanmal_Sma_011645-T1	57.0	S	0.0
Pbac_sb2652734	Tadh_TriadT28955	57.0	S	0.0
Pbac_sb2652734	Acagra_model.g2031.t1.1.5d3b8378	57.0	S	0.0
Pbac_sb2652734	HoiH11_mRNA3955	57.0	S	0.0
Pbac_sb2652734	Adig_XM_015904181.1	57.0	S	0.0
Pbac_sb2652734	Stycar_snap_masked-SC_scaffold36053-processed-gene-0.1-mRNA-1	57.0	S	0.0
Pbac_sb2652734	Hhon_g06887.t1	57.0	S	0.0
Pbac_sb2652734	Scil_scict014551.1	57.0	S	0.0
Pbac_sb2652734	Lcom_lcpid34176	57.0	S	0.0
Pbac_sb2652734	Spur_XM_786416.5	57.0	S	0.0
Pbac_sb2652734	Exapal_XM_021037786.2	57.0	S	0.0
Pbac_sb2652734	Emue_Em0011g49a.t1	57.0	S	0.0
Pbac_sb2652734	Skow_XM_006816532.1	57.0	S	0.0
Pbac_sb2652734	Stycar_maker-SC_scaffold138306-augustus-gene-0.4-mRNA-1	57.0	S	0.0
Pbac_sb2652734	Cgig_XM_034456211.1	57.0	S	0.0
Pbac_sb2652734	Dgig_XM_028548763.1	57.0	S	0.0
Pbac_sb2652734	Leuniv_Lniv_scaffold25744_01	57.0	S	0.0
Pbac_sb2652734	Spolac_c91573_g1_i1_m.7023c91573-g1	57.0	S	0.0
Vmul_Simscaffold13461_01	Plajan_Pjan_C560135_01	57.0	S	0.0
Vmul_Simscaffold13461_01	Bralan_BLAG13000622_1	57.0	S	0.0
Vmul_Simscaffold13461_01	Gasp_gasp1.m3.7264.m1	57.0	S	0.0
Vmul_Simscaffold13461_01	Xestes_maker-XT_scaffold128004-snap-gene-0.2-mRNA-1	57.0	S	0.0
Vmul_Simscaffold13461_01	Hsap_ENST00000614443	57.0	S	0.0
Vmul_Simscaffold13461_01	HoiH23_PlH23_004365-RA	57.0	S	0.0
Vmul_Simscaffold13461_01	Plespi_Pspi_C612352_01	57.0	S	0.0
Vmul_Simscaffold13461_01	TrH2_TrispH2_005317-RA	57.0	S	0.0
Vmul_Simscaffold13461_01	Spolac_c91573_g2_i1_m.7024c91573-g1	57.0	S	0.0
Vmul_Simscaffold13461_01	Tetwil_g25780.t1	57.0	S	0.0
Vmul_Simscaffold13461_01	Spur_XM_030996286.1	57.0	S	0.0
Vmul_Simscaffold13461_01	HoiH04_mRNA11870	57.0	S	0.0
Vmul_Simscaffold13461_01	Chem_TCONS_00014455	57.0	S	0.0
Vmul_Simscaffold13461_01	Aaur_scaffold168.g1.t1	57.0	S	0.0
Vmul_Simscaffold13461_01	Gfas_gfas1.m1.6571.m1	57.0	S	0.0
Vmul_Simscaffold13461_01	Stycar_maker-SC_scaffold84839-augustus-gene-0.9-mRNA-1	57.0	S	0.0
Vmul_Simscaffold13461_01	Nemnom_g12041.t1	57.0	S	0.0
Vmul_Simscaffold13461_01	Ctel_gnl_WGS_AMQN_CAPTEDRAFT_mRNA138269	57.0	S	0.0
Vmul_Simscaffold13461_01	Clacor_Ccor_scaffold7108_01	57.0	S	0.0
Vmul_Simscaffold13461_01	Opea_EP00118_Oscarella_pearsei_P011784	57.0	S	0.0
Vmul_Simscaffold13461_01	Rhoesc_Res_016409-T1	57.0	S	0.0
Vmul_Simscaffold13461_01	Hvul_g29898_1	57.0	S	0.0
Vmul_Simscaffold13461_01	Ocar_g9664	57.0	S	0.0
Vmul_Simscaffold13461_01	Pocdam_XM_027203830.1	57.0	S	0.0
Vmul_Simscaffold13461_01	Spis_XP_022803145_1	57.0	S	0.0
Vmul_Simscaffold13461_01	Nvec_v1g209576	57.0	S	0.0
Vmul_Simscaffold13461_01	Halamb_c53629_g2_i2m.36059	57.0	S	0.0
Vmul_Simscaffold13461_01	Fspp_ffun1.m4.12692.m1	57.0	S	0.0
Vmul_Simscaffold13461_01	Sanmal_Sma_011645-T1	57.0	S	0.0
Vmul_Simscaffold13461_01	Tadh_TriadT28955	57.0	S	0.0
Vmul_Simscaffold13461_01	Acagra_model.g2031.t1.1.5d3b8378	57.0	S	0.0
Vmul_Simscaffold13461_01	HoiH11_mRNA3955	57.0	S	0.0
Vmul_Simscaffold13461_01	Adig_XM_015904181.1	57.0	S	0.0
Vmul_Simscaffold13461_01	Stycar_snap_masked-SC_scaffold36053-processed-gene-0.1-mRNA-1	57.0	S	0.0
Vmul_Simscaffold13461_01	Hhon_g06887.t1	57.0	S	0.0
Vmul_Simscaffold13461_01	Scil_scict014551.1	57.0	S	0.0
Vmul_Simscaffold13461_01	Lcom_lcpid34176	57.0	S	0.0
Vmul_Simscaffold13461_01	Spur_XM_786416.5	57.0	S	0.0
Vmul_Simscaffold13461_01	Exapal_XM_021037786.2	57.0	S	0.0
Vmul_Simscaffold13461_01	Emue_Em0011g49a.t1	57.0	S	0.0
Vmul_Simscaffold13461_01	Skow_XM_006816532.1	57.0	S	0.0
Vmul_Simscaffold13461_01	Stycar_maker-SC_scaffold138306-augustus-gene-0.4-mRNA-1	57.0	S	0.0
Vmul_Simscaffold13461_01	Cgig_XM_034456211.1	57.0	S	0.0
Vmul_Simscaffold13461_01	Dgig_XM_028548763.1	57.0	S	0.0
Vmul_Simscaffold13461_01	Leuniv_Lniv_scaffold25744_01	57.0	S	0.0
Vmul_Simscaffold13461_01	Spolac_c91573_g1_i1_m.7023c91573-g1	57.0	S	0.0
Mertsp_Mesp_sb549530	Plajan_Pjan_C560135_01	57.0	S	0.0
Mertsp_Mesp_sb549530	Bralan_BLAG13000622_1	57.0	S	0.0
Mertsp_Mesp_sb549530	Gasp_gasp1.m3.7264.m1	57.0	S	0.0
Mertsp_Mesp_sb549530	Xestes_maker-XT_scaffold128004-snap-gene-0.2-mRNA-1	57.0	S	0.0
Mertsp_Mesp_sb549530	Hsap_ENST00000614443	57.0	S	0.0
Mertsp_Mesp_sb549530	HoiH23_PlH23_004365-RA	57.0	S	0.0
Mertsp_Mesp_sb549530	Plespi_Pspi_C612352_01	57.0	S	0.0
Mertsp_Mesp_sb549530	TrH2_TrispH2_005317-RA	57.0	S	0.0
Mertsp_Mesp_sb549530	Spolac_c91573_g2_i1_m.7024c91573-g1	57.0	S	0.0
Mertsp_Mesp_sb549530	Tetwil_g25780.t1	57.0	S	0.0
Mertsp_Mesp_sb549530	Spur_XM_030996286.1	57.0	S	0.0
Mertsp_Mesp_sb549530	HoiH04_mRNA11870	57.0	S	0.0
Mertsp_Mesp_sb549530	Chem_TCONS_00014455	57.0	S	0.0
Mertsp_Mesp_sb549530	Aaur_scaffold168.g1.t1	57.0	S	0.0
Mertsp_Mesp_sb549530	Gfas_gfas1.m1.6571.m1	57.0	S	0.0
Mertsp_Mesp_sb549530	Stycar_maker-SC_scaffold84839-augustus-gene-0.9-mRNA-1	57.0	S	0.0
Mertsp_Mesp_sb549530	Nemnom_g12041.t1	57.0	S	0.0
Mertsp_Mesp_sb549530	Ctel_gnl_WGS_AMQN_CAPTEDRAFT_mRNA138269	57.0	S	0.0
Mertsp_Mesp_sb549530	Clacor_Ccor_scaffold7108_01	57.0	S	0.0
Mertsp_Mesp_sb549530	Opea_EP00118_Oscarella_pearsei_P011784	57.0	S	0.0
Mertsp_Mesp_sb549530	Rhoesc_Res_016409-T1	57.0	S	0.0
Mertsp_Mesp_sb549530	Hvul_g29898_1	57.0	S	0.0
Mertsp_Mesp_sb549530	Ocar_g9664	57.0	S	0.0
Mertsp_Mesp_sb549530	Pocdam_XM_027203830.1	57.0	S	0.0
Mertsp_Mesp_sb549530	Spis_XP_022803145_1	57.0	S	0.0
Mertsp_Mesp_sb549530	Nvec_v1g209576	57.0	S	0.0
Mertsp_Mesp_sb549530	Halamb_c53629_g2_i2m.36059	57.0	S	0.0
Mertsp_Mesp_sb549530	Fspp_ffun1.m4.12692.m1	57.0	S	0.0
Mertsp_Mesp_sb549530	Sanmal_Sma_011645-T1	57.0	S	0.0
Mertsp_Mesp_sb549530	Tadh_TriadT28955	57.0	S	0.0
Mertsp_Mesp_sb549530	Acagra_model.g2031.t1.1.5d3b8378	57.0	S	0.0
Mertsp_Mesp_sb549530	HoiH11_mRNA3955	57.0	S	0.0
Mertsp_Mesp_sb549530	Adig_XM_015904181.1	57.0	S	0.0
Mertsp_Mesp_sb549530	Stycar_snap_masked-SC_scaffold36053-processed-gene-0.1-mRNA-1	57.0	S	0.0
Mertsp_Mesp_sb549530	Hhon_g06887.t1	57.0	S	0.0
Mertsp_Mesp_sb549530	Scil_scict014551.1	57.0	S	0.0
Mertsp_Mesp_sb549530	Lcom_lcpid34176	57.0	S	0.0
Mertsp_Mesp_sb549530	Spur_XM_786416.5	57.0	S	0.0
Mertsp_Mesp_sb549530	Exapal_XM_021037786.2	57.0	S	0.0
Mertsp_Mesp_sb549530	Emue_Em0011g49a.t1	57.0	S	0.0
Mertsp_Mesp_sb549530	Skow_XM_006816532.1	57.0	S	0.0
Mertsp_Mesp_sb549530	Stycar_maker-SC_scaffold138306-augustus-gene-0.4-mRNA-1	57.0	S	0.0
Mertsp_Mesp_sb549530	Cgig_XM_034456211.1	57.0	S	0.0
Mertsp_Mesp_sb549530	Dgig_XM_028548763.1	57.0	S	0.0
Mertsp_Mesp_sb549530	Leuniv_Lniv_scaffold25744_01	57.0	S	0.0
Mertsp_Mesp_sb549530	Spolac_c91573_g1_i1_m.7023c91573-g1	57.0	S	0.0
Pbac_sb2660011	Plajan_Pjan_C560135_01	57.0	S	0.0
Pbac_sb2660011	Bralan_BLAG13000622_1	57.0	S	0.0
Pbac_sb2660011	Gasp_gasp1.m3.7264.m1	57.0	S	0.0
Pbac_sb2660011	Xestes_maker-XT_scaffold128004-snap-gene-0.2-mRNA-1	57.0	S	0.0
Pbac_sb2660011	Hsap_ENST00000614443	57.0	S	0.0
Pbac_sb2660011	HoiH23_PlH23_004365-RA	57.0	S	0.0
Pbac_sb2660011	Plespi_Pspi_C612352_01	57.0	S	0.0
Pbac_sb2660011	TrH2_TrispH2_005317-RA	57.0	S	0.0
Pbac_sb2660011	Spolac_c91573_g2_i1_m.7024c91573-g1	57.0	S	0.0
Pbac_sb2660011	Tetwil_g25780.t1	57.0	S	0.0
Pbac_sb2660011	Spur_XM_030996286.1	57.0	S	0.0
Pbac_sb2660011	HoiH04_mRNA11870	57.0	S	0.0
Pbac_sb2660011	Chem_TCONS_00014455	57.0	S	0.0
Pbac_sb2660011	Aaur_scaffold168.g1.t1	57.0	S	0.0
Pbac_sb2660011	Gfas_gfas1.m1.6571.m1	57.0	S	0.0
Pbac_sb2660011	Stycar_maker-SC_scaffold84839-augustus-gene-0.9-mRNA-1	57.0	S	0.0
Pbac_sb2660011	Nemnom_g12041.t1	57.0	S	0.0
Pbac_sb2660011	Ctel_gnl_WGS_AMQN_CAPTEDRAFT_mRNA138269	57.0	S	0.0
Pbac_sb2660011	Clacor_Ccor_scaffold7108_01	57.0	S	0.0
Pbac_sb2660011	Opea_EP00118_Oscarella_pearsei_P011784	57.0	S	0.0
Pbac_sb2660011	Rhoesc_Res_016409-T1	57.0	S	0.0
Pbac_sb2660011	Hvul_g29898_1	57.0	S	0.0
Pbac_sb2660011	Ocar_g9664	57.0	S	0.0
Pbac_sb2660011	Pocdam_XM_027203830.1	57.0	S	0.0
Pbac_sb2660011	Spis_XP_022803145_1	57.0	S	0.0
Pbac_sb2660011	Nvec_v1g209576	57.0	S	0.0
Pbac_sb2660011	Halamb_c53629_g2_i2m.36059	57.0	S	0.0
Pbac_sb2660011	Fspp_ffun1.m4.12692.m1	57.0	S	0.0
Pbac_sb2660011	Sanmal_Sma_011645-T1	57.0	S	0.0
Pbac_sb2660011	Tadh_TriadT28955	57.0	S	0.0
Pbac_sb2660011	Acagra_model.g2031.t1.1.5d3b8378	57.0	S	0.0
Pbac_sb2660011	HoiH11_mRNA3955	57.0	S	0.0
Pbac_sb2660011	Adig_XM_015904181.1	57.0	S	0.0
Pbac_sb2660011	Stycar_snap_masked-SC_scaffold36053-processed-gene-0.1-mRNA-1	57.0	S	0.0
Pbac_sb2660011	Hhon_g06887.t1	57.0	S	0.0
Pbac_sb2660011	Scil_scict014551.1	57.0	S	0.0
Pbac_sb2660011	Lcom_lcpid34176	57.0	S	0.0
Pbac_sb2660011	Spur_XM_786416.5	57.0	S	0.0
Pbac_sb2660011	Exapal_XM_021037786.2	57.0	S	0.0
Pbac_sb2660011	Emue_Em0011g49a.t1	57.0	S	0.0
Pbac_sb2660011	Skow_XM_006816532.1	57.0	S	0.0
Pbac_sb2660011	Stycar_maker-SC_scaffold138306-augustus-gene-0.4-mRNA-1	57.0	S	0.0
Pbac_sb2660011	Cgig_XM_034456211.1	57.0	S	0.0
Pbac_sb2660011	Dgig_XM_028548763.1	57.0	S	0.0
Pbac_sb2660011	Leuniv_Lniv_scaffold25744_01	57.0	S	0.0
Pbac_sb2660011	Spolac_c91573_g1_i1_m.7023c91573-g1	57.0	S	0.0
Salmac_EP00052_Salpingoeca_macrocollata_P010086	Mylflu_EP00047_Mylnosiga_fluctuans_P007338	96.0	S	0.0
Stedip_EP00041_Stephanoeca_diplocostata_P016567	Stedip_EP00041_Stephanoeca_diplocostata_P016569	100.0	D	1.0
Salinf_EP00049_Salpingoeca_infusionum_P028096	Helnan_EP00037_Helgoeca_nana_P021043	82.0	S	0.0
Salinf_EP00049_Salpingoeca_infusionum_P028096	Diagra_EP00040_Diaphanoeca_grandis_P018482	82.0	S	0.0
Salinf_EP00049_Salpingoeca_infusionum_P028096	Diagra_EP00040_Diaphanoeca_grandis_P018481	82.0	S	0.0
Salinf_EP00049_Salpingoeca_infusionum_P028096	Acaspe_EP00035_Acanthoeca_spectabilis_P013064	82.0	S	0.0
Salinf_EP00049_Salpingoeca_infusionum_P028096	Acaspe_EP00035_Acanthoeca_spectabilis_P013058	82.0	S	0.0
Salinf_EP00049_Salpingoeca_infusionum_P028096	Didcos_EP00039_Didymoeca_costata_P030854	82.0	S	0.0
Saldol_EP00054_Salpingoeca_dolichothecata_P024193	Helnan_EP00037_Helgoeca_nana_P021043	82.0	S	0.0
Saldol_EP00054_Salpingoeca_dolichothecata_P024193	Diagra_EP00040_Diaphanoeca_grandis_P018482	82.0	S	0.0
Saldol_EP00054_Salpingoeca_dolichothecata_P024193	Diagra_EP00040_Diaphanoeca_grandis_P018481	82.0	S	0.0
Saldol_EP00054_Salpingoeca_dolichothecata_P024193	Acaspe_EP00035_Acanthoeca_spectabilis_P013064	82.0	S	0.0
Saldol_EP00054_Salpingoeca_dolichothecata_P024193	Acaspe_EP00035_Acanthoeca_spectabilis_P013058	82.0	S	0.0
Saldol_EP00054_Salpingoeca_dolichothecata_P024193	Didcos_EP00039_Didymoeca_costata_P030854	82.0	S	0.0
Sros_EGD73059	Helnan_EP00037_Helgoeca_nana_P021043	82.0	S	0.0
Sros_EGD73059	Diagra_EP00040_Diaphanoeca_grandis_P018482	82.0	S	0.0
Sros_EGD73059	Diagra_EP00040_Diaphanoeca_grandis_P018481	82.0	S	0.0
Sros_EGD73059	Acaspe_EP00035_Acanthoeca_spectabilis_P013064	82.0	S	0.0
Sros_EGD73059	Acaspe_EP00035_Acanthoeca_spectabilis_P013058	82.0	S	0.0
Sros_EGD73059	Didcos_EP00039_Didymoeca_costata_P030854	82.0	S	0.0
Microa_EP00043_Microstomoeca_roanoka_P016252	Helnan_EP00037_Helgoeca_nana_P021043	82.0	S	0.0
Microa_EP00043_Microstomoeca_roanoka_P016252	Diagra_EP00040_Diaphanoeca_grandis_P018482	82.0	S	0.0
Microa_EP00043_Microstomoeca_roanoka_P016252	Diagra_EP00040_Diaphanoeca_grandis_P018481	82.0	S	0.0
Microa_EP00043_Microstomoeca_roanoka_P016252	Acaspe_EP00035_Acanthoeca_spectabilis_P013064	82.0	S	0.0
Microa_EP00043_Microstomoeca_roanoka_P016252	Acaspe_EP00035_Acanthoeca_spectabilis_P013058	82.0	S	0.0
Microa_EP00043_Microstomoeca_roanoka_P016252	Didcos_EP00039_Didymoeca_costata_P030854	82.0	S	0.0
Salurc_EP00051_Salpingoeca_urceolata_P017748	Helnan_EP00037_Helgoeca_nana_P021043	82.0	S	0.0
Salurc_EP00051_Salpingoeca_urceolata_P017748	Diagra_EP00040_Diaphanoeca_grandis_P018482	82.0	S	0.0
Salurc_EP00051_Salpingoeca_urceolata_P017748	Diagra_EP00040_Diaphanoeca_grandis_P018481	82.0	S	0.0
Salurc_EP00051_Salpingoeca_urceolata_P017748	Acaspe_EP00035_Acanthoeca_spectabilis_P013064	82.0	S	0.0
Salurc_EP00051_Salpingoeca_urceolata_P017748	Acaspe_EP00035_Acanthoeca_spectabilis_P013058	82.0	S	0.0
Salurc_EP00051_Salpingoeca_urceolata_P017748	Didcos_EP00039_Didymoeca_costata_P030854	82.0	S	0.0
Cscu_XM_023371756.1	Mertsp_Mesp_sb549529	73.0	S	0.0
Cscu_XM_023371756.1	Pbac_sb2664413	73.0	S	0.0
Cscu_XM_023371756.1	Coemet_Cmet_scaffold16074_01	73.0	S	0.0
Cscu_XM_023371756.1	Pbac_sb2666617	73.0	S	0.0
Cscu_XM_023371756.1	Horcal_Hcv1.av93.c10.g582.i1	73.0	S	0.0
Cscu_XM_023371756.1	Horcal_Hcv1.av93.c13.g336.i1	73.0	S	0.0
Cscu_XM_023371756.1	Mlei_ML0084.g1.i1	73.0	S	0.0
Cscu_XM_023371756.1	Pbac_sb2652734	73.0	S	0.0
Cscu_XM_023371756.1	Vmul_Simscaffold13461_01	73.0	S	0.0
Cscu_XM_023371756.1	Vmul_SimC371547	73.0	S	0.0
Cscu_XM_023371756.1	Bolinf_Binf_sb1220299	73.0	S	0.0
Cscu_XM_023371756.1	Mlei_ML0021.g5.i1	73.0	S	0.0
Cscu_XM_023371756.1	Mertsp_Mesp_sb549530	73.0	S	0.0
Cscu_XM_023371756.1	Bolinf_Binf_sb1216733	73.0	S	0.0
Cscu_XM_023371756.1	Bolinf_Binf_sb1220300	73.0	S	0.0
Cscu_XM_023371756.1	Beraby_Baby_sb324206	73.0	S	0.0
Cscu_XM_023371756.1	Pbac_sb2660011	73.0	S	0.0
Cscu_XM_023371756.1	Lampan_Lpan_C415091_01	73.0	S	0.0
Nemnom_g12041.t1	Plajan_Pjan_C560135_01	63.0	S	0.0
Nemnom_g12041.t1	Bralan_BLAG13000622_1	63.0	S	0.0
Nemnom_g12041.t1	Gasp_gasp1.m3.7264.m1	63.0	S	0.0
Nemnom_g12041.t1	Xestes_maker-XT_scaffold128004-snap-gene-0.2-mRNA-1	63.0	S	0.0
Nemnom_g12041.t1	Hsap_ENST00000614443	63.0	S	0.0
Nemnom_g12041.t1	HoiH23_PlH23_004365-RA	63.0	S	0.0
Nemnom_g12041.t1	Plespi_Pspi_C612352_01	63.0	S	0.0
Nemnom_g12041.t1	TrH2_TrispH2_005317-RA	63.0	S	0.0
Nemnom_g12041.t1	Spolac_c91573_g2_i1_m.7024c91573-g1	63.0	S	0.0
Nemnom_g12041.t1	Tetwil_g25780.t1	63.0	S	0.0
Nemnom_g12041.t1	Spur_XM_030996286.1	63.0	S	0.0
Nemnom_g12041.t1	HoiH04_mRNA11870	63.0	S	0.0
Nemnom_g12041.t1	Gfas_gfas1.m1.6571.m1	63.0	S	0.0
Nemnom_g12041.t1	Stycar_maker-SC_scaffold84839-augustus-gene-0.9-mRNA-1	63.0	S	0.0
Nemnom_g12041.t1	Ctel_gnl_WGS_AMQN_CAPTEDRAFT_mRNA138269	63.0	S	0.0
Nemnom_g12041.t1	Opea_EP00118_Oscarella_pearsei_P011784	63.0	S	0.0
Nemnom_g12041.t1	Ocar_g9664	63.0	S	0.0
Nemnom_g12041.t1	Pocdam_XM_027203830.1	63.0	S	0.0
Nemnom_g12041.t1	Spis_XP_022803145_1	63.0	S	0.0
Nemnom_g12041.t1	Nvec_v1g209576	63.0	S	0.0
Nemnom_g12041.t1	Halamb_c53629_g2_i2m.36059	63.0	S	0.0
Nemnom_g12041.t1	Fspp_ffun1.m4.12692.m1	63.0	S	0.0
Nemnom_g12041.t1	Tadh_TriadT28955	63.0	S	0.0
Nemnom_g12041.t1	Acagra_model.g2031.t1.1.5d3b8378	63.0	S	0.0
Nemnom_g12041.t1	HoiH11_mRNA3955	63.0	S	0.0
Nemnom_g12041.t1	Adig_XM_015904181.1	63.0	S	0.0
Nemnom_g12041.t1	Stycar_snap_masked-SC_scaffold36053-processed-gene-0.1-mRNA-1	63.0	S	0.0
Nemnom_g12041.t1	Hhon_g06887.t1	63.0	S	0.0
Nemnom_g12041.t1	Spur_XM_786416.5	63.0	S	0.0
Nemnom_g12041.t1	Exapal_XM_021037786.2	63.0	S	0.0
Nemnom_g12041.t1	Emue_Em0011g49a.t1	63.0	S	0.0
Nemnom_g12041.t1	Skow_XM_006816532.1	63.0	S	0.0
Nemnom_g12041.t1	Stycar_maker-SC_scaffold138306-augustus-gene-0.4-mRNA-1	63.0	S	0.0
Nemnom_g12041.t1	Cgig_XM_034456211.1	63.0	S	0.0
Nemnom_g12041.t1	Dgig_XM_028548763.1	63.0	S	0.0
Nemnom_g12041.t1	Spolac_c91573_g1_i1_m.7023c91573-g1	63.0	S	0.0
Lcom_lcpid34176	Plajan_Pjan_C560135_01	63.0	S	0.0
Lcom_lcpid34176	Bralan_BLAG13000622_1	63.0	S	0.0
Lcom_lcpid34176	Gasp_gasp1.m3.7264.m1	63.0	S	0.0
Lcom_lcpid34176	Xestes_maker-XT_scaffold128004-snap-gene-0.2-mRNA-1	63.0	S	0.0
Lcom_lcpid34176	Hsap_ENST00000614443	63.0	S	0.0
Lcom_lcpid34176	HoiH23_PlH23_004365-RA	63.0	S	0.0
Lcom_lcpid34176	Plespi_Pspi_C612352_01	63.0	S	0.0
Lcom_lcpid34176	TrH2_TrispH2_005317-RA	63.0	S	0.0
Lcom_lcpid34176	Spolac_c91573_g2_i1_m.7024c91573-g1	63.0	S	0.0
Lcom_lcpid34176	Tetwil_g25780.t1	63.0	S	0.0
Lcom_lcpid34176	Spur_XM_030996286.1	63.0	S	0.0
Lcom_lcpid34176	HoiH04_mRNA11870	63.0	S	0.0
Lcom_lcpid34176	Gfas_gfas1.m1.6571.m1	63.0	S	0.0
Lcom_lcpid34176	Stycar_maker-SC_scaffold84839-augustus-gene-0.9-mRNA-1	63.0	S	0.0
Lcom_lcpid34176	Ctel_gnl_WGS_AMQN_CAPTEDRAFT_mRNA138269	63.0	S	0.0
Lcom_lcpid34176	Opea_EP00118_Oscarella_pearsei_P011784	63.0	S	0.0
Lcom_lcpid34176	Ocar_g9664	63.0	S	0.0
Lcom_lcpid34176	Pocdam_XM_027203830.1	63.0	S	0.0
Lcom_lcpid34176	Spis_XP_022803145_1	63.0	S	0.0
Lcom_lcpid34176	Nvec_v1g209576	63.0	S	0.0
Lcom_lcpid34176	Halamb_c53629_g2_i2m.36059	63.0	S	0.0
Lcom_lcpid34176	Fspp_ffun1.m4.12692.m1	63.0	S	0.0
Lcom_lcpid34176	Tadh_TriadT28955	63.0	S	0.0
Lcom_lcpid34176	Acagra_model.g2031.t1.1.5d3b8378	63.0	S	0.0
Lcom_lcpid34176	HoiH11_mRNA3955	63.0	S	0.0
Lcom_lcpid34176	Adig_XM_015904181.1	63.0	S	0.0
Lcom_lcpid34176	Stycar_snap_masked-SC_scaffold36053-processed-gene-0.1-mRNA-1	63.0	S	0.0
Lcom_lcpid34176	Hhon_g06887.t1	63.0	S	0.0
Lcom_lcpid34176	Spur_XM_786416.5	63.0	S	0.0
Lcom_lcpid34176	Exapal_XM_021037786.2	63.0	S	0.0
Lcom_lcpid34176	Emue_Em0011g49a.t1	63.0	S	0.0
Lcom_lcpid34176	Skow_XM_006816532.1	63.0	S	0.0
Lcom_lcpid34176	Stycar_maker-SC_scaffold138306-augustus-gene-0.4-mRNA-1	63.0	S	0.0
Lcom_lcpid34176	Cgig_XM_034456211.1	63.0	S	0.0
Lcom_lcpid34176	Dgig_XM_028548763.1	63.0	S	0.0
Lcom_lcpid34176	Spolac_c91573_g1_i1_m.7023c91573-g1	63.0	S	0.0
Clacor_Ccor_scaffold7108_01	Plajan_Pjan_C560135_01	63.0	S	0.0
Clacor_Ccor_scaffold7108_01	Bralan_BLAG13000622_1	63.0	S	0.0
Clacor_Ccor_scaffold7108_01	Gasp_gasp1.m3.7264.m1	63.0	S	0.0
Clacor_Ccor_scaffold7108_01	Xestes_maker-XT_scaffold128004-snap-gene-0.2-mRNA-1	63.0	S	0.0
Clacor_Ccor_scaffold7108_01	Hsap_ENST00000614443	63.0	S	0.0
Clacor_Ccor_scaffold7108_01	HoiH23_PlH23_004365-RA	63.0	S	0.0
Clacor_Ccor_scaffold7108_01	Plespi_Pspi_C612352_01	63.0	S	0.0
Clacor_Ccor_scaffold7108_01	TrH2_TrispH2_005317-RA	63.0	S	0.0
Clacor_Ccor_scaffold7108_01	Spolac_c91573_g2_i1_m.7024c91573-g1	63.0	S	0.0
Clacor_Ccor_scaffold7108_01	Tetwil_g25780.t1	63.0	S	0.0
Clacor_Ccor_scaffold7108_01	Spur_XM_030996286.1	63.0	S	0.0
Clacor_Ccor_scaffold7108_01	HoiH04_mRNA11870	63.0	S	0.0
Clacor_Ccor_scaffold7108_01	Gfas_gfas1.m1.6571.m1	63.0	S	0.0
Clacor_Ccor_scaffold7108_01	Stycar_maker-SC_scaffold84839-augustus-gene-0.9-mRNA-1	63.0	S	0.0
Clacor_Ccor_scaffold7108_01	Ctel_gnl_WGS_AMQN_CAPTEDRAFT_mRNA138269	63.0	S	0.0
Clacor_Ccor_scaffold7108_01	Opea_EP00118_Oscarella_pearsei_P011784	63.0	S	0.0
Clacor_Ccor_scaffold7108_01	Ocar_g9664	63.0	S	0.0
Clacor_Ccor_scaffold7108_01	Pocdam_XM_027203830.1	63.0	S	0.0
Clacor_Ccor_scaffold7108_01	Spis_XP_022803145_1	63.0	S	0.0
Clacor_Ccor_scaffold7108_01	Nvec_v1g209576	63.0	S	0.0
Clacor_Ccor_scaffold7108_01	Halamb_c53629_g2_i2m.36059	63.0	S	0.0
Clacor_Ccor_scaffold7108_01	Fspp_ffun1.m4.12692.m1	63.0	S	0.0
Clacor_Ccor_scaffold7108_01	Tadh_TriadT28955	63.0	S	0.0
Clacor_Ccor_scaffold7108_01	Acagra_model.g2031.t1.1.5d3b8378	63.0	S	0.0
Clacor_Ccor_scaffold7108_01	HoiH11_mRNA3955	63.0	S	0.0
Clacor_Ccor_scaffold7108_01	Adig_XM_015904181.1	63.0	S	0.0
Clacor_Ccor_scaffold7108_01	Stycar_snap_masked-SC_scaffold36053-processed-gene-0.1-mRNA-1	63.0	S	0.0
Clacor_Ccor_scaffold7108_01	Hhon_g06887.t1	63.0	S	0.0
Clacor_Ccor_scaffold7108_01	Spur_XM_786416.5	63.0	S	0.0
Clacor_Ccor_scaffold7108_01	Exapal_XM_021037786.2	63.0	S	0.0
Clacor_Ccor_scaffold7108_01	Emue_Em0011g49a.t1	63.0	S	0.0
Clacor_Ccor_scaffold7108_01	Skow_XM_006816532.1	63.0	S	0.0
Clacor_Ccor_scaffold7108_01	Stycar_maker-SC_scaffold138306-augustus-gene-0.4-mRNA-1	63.0	S	0.0
Clacor_Ccor_scaffold7108_01	Cgig_XM_034456211.1	63.0	S	0.0
Clacor_Ccor_scaffold7108_01	Dgig_XM_028548763.1	63.0	S	0.0
Clacor_Ccor_scaffold7108_01	Spolac_c91573_g1_i1_m.7023c91573-g1	63.0	S	0.0
Rhoesc_Res_016409-T1	Plajan_Pjan_C560135_01	63.0	S	0.0
Rhoesc_Res_016409-T1	Bralan_BLAG13000622_1	63.0	S	0.0
Rhoesc_Res_016409-T1	Gasp_gasp1.m3.7264.m1	63.0	S	0.0
Rhoesc_Res_016409-T1	Xestes_maker-XT_scaffold128004-snap-gene-0.2-mRNA-1	63.0	S	0.0
Rhoesc_Res_016409-T1	Hsap_ENST00000614443	63.0	S	0.0
Rhoesc_Res_016409-T1	HoiH23_PlH23_004365-RA	63.0	S	0.0
Rhoesc_Res_016409-T1	Plespi_Pspi_C612352_01	63.0	S	0.0
Rhoesc_Res_016409-T1	TrH2_TrispH2_005317-RA	63.0	S	0.0
Rhoesc_Res_016409-T1	Spolac_c91573_g2_i1_m.7024c91573-g1	63.0	S	0.0
Rhoesc_Res_016409-T1	Tetwil_g25780.t1	63.0	S	0.0
Rhoesc_Res_016409-T1	Spur_XM_030996286.1	63.0	S	0.0
Rhoesc_Res_016409-T1	HoiH04_mRNA11870	63.0	S	0.0
Rhoesc_Res_016409-T1	Gfas_gfas1.m1.6571.m1	63.0	S	0.0
Rhoesc_Res_016409-T1	Stycar_maker-SC_scaffold84839-augustus-gene-0.9-mRNA-1	63.0	S	0.0
Rhoesc_Res_016409-T1	Ctel_gnl_WGS_AMQN_CAPTEDRAFT_mRNA138269	63.0	S	0.0
Rhoesc_Res_016409-T1	Opea_EP00118_Oscarella_pearsei_P011784	63.0	S	0.0
Rhoesc_Res_016409-T1	Ocar_g9664	63.0	S	0.0
Rhoesc_Res_016409-T1	Pocdam_XM_027203830.1	63.0	S	0.0
Rhoesc_Res_016409-T1	Spis_XP_022803145_1	63.0	S	0.0
Rhoesc_Res_016409-T1	Nvec_v1g209576	63.0	S	0.0
Rhoesc_Res_016409-T1	Halamb_c53629_g2_i2m.36059	63.0	S	0.0
Rhoesc_Res_016409-T1	Fspp_ffun1.m4.12692.m1	63.0	S	0.0
Rhoesc_Res_016409-T1	Tadh_TriadT28955	63.0	S	0.0
Rhoesc_Res_016409-T1	Acagra_model.g2031.t1.1.5d3b8378	63.0	S	0.0
Rhoesc_Res_016409-T1	HoiH11_mRNA3955	63.0	S	0.0
Rhoesc_Res_016409-T1	Adig_XM_015904181.1	63.0	S	0.0
Rhoesc_Res_016409-T1	Stycar_snap_masked-SC_scaffold36053-processed-gene-0.1-mRNA-1	63.0	S	0.0
Rhoesc_Res_016409-T1	Hhon_g06887.t1	63.0	S	0.0
Rhoesc_Res_016409-T1	Spur_XM_786416.5	63.0	S	0.0
Rhoesc_Res_016409-T1	Exapal_XM_021037786.2	63.0	S	0.0
Rhoesc_Res_016409-T1	Emue_Em0011g49a.t1	63.0	S	0.0
Rhoesc_Res_016409-T1	Skow_XM_006816532.1	63.0	S	0.0
Rhoesc_Res_016409-T1	Stycar_maker-SC_scaffold138306-augustus-gene-0.4-mRNA-1	63.0	S	0.0
Rhoesc_Res_016409-T1	Cgig_XM_034456211.1	63.0	S	0.0
Rhoesc_Res_016409-T1	Dgig_XM_028548763.1	63.0	S	0.0
Rhoesc_Res_016409-T1	Spolac_c91573_g1_i1_m.7023c91573-g1	63.0	S	0.0
Hvul_g29898_1	Plajan_Pjan_C560135_01	63.0	S	0.0
Hvul_g29898_1	Bralan_BLAG13000622_1	63.0	S	0.0
Hvul_g29898_1	Gasp_gasp1.m3.7264.m1	63.0	S	0.0
Hvul_g29898_1	Xestes_maker-XT_scaffold128004-snap-gene-0.2-mRNA-1	63.0	S	0.0
Hvul_g29898_1	Hsap_ENST00000614443	63.0	S	0.0
Hvul_g29898_1	HoiH23_PlH23_004365-RA	63.0	S	0.0
Hvul_g29898_1	Plespi_Pspi_C612352_01	63.0	S	0.0
Hvul_g29898_1	TrH2_TrispH2_005317-RA	63.0	S	0.0
Hvul_g29898_1	Spolac_c91573_g2_i1_m.7024c91573-g1	63.0	S	0.0
Hvul_g29898_1	Tetwil_g25780.t1	63.0	S	0.0
Hvul_g29898_1	Spur_XM_030996286.1	63.0	S	0.0
Hvul_g29898_1	HoiH04_mRNA11870	63.0	S	0.0
Hvul_g29898_1	Gfas_gfas1.m1.6571.m1	63.0	S	0.0
Hvul_g29898_1	Stycar_maker-SC_scaffold84839-augustus-gene-0.9-mRNA-1	63.0	S	0.0
Hvul_g29898_1	Ctel_gnl_WGS_AMQN_CAPTEDRAFT_mRNA138269	63.0	S	0.0
Hvul_g29898_1	Opea_EP00118_Oscarella_pearsei_P011784	63.0	S	0.0
Hvul_g29898_1	Ocar_g9664	63.0	S	0.0
Hvul_g29898_1	Pocdam_XM_027203830.1	63.0	S	0.0
Hvul_g29898_1	Spis_XP_022803145_1	63.0	S	0.0
Hvul_g29898_1	Nvec_v1g209576	63.0	S	0.0
Hvul_g29898_1	Halamb_c53629_g2_i2m.36059	63.0	S	0.0
Hvul_g29898_1	Fspp_ffun1.m4.12692.m1	63.0	S	0.0
Hvul_g29898_1	Tadh_TriadT28955	63.0	S	0.0
Hvul_g29898_1	Acagra_model.g2031.t1.1.5d3b8378	63.0	S	0.0
Hvul_g29898_1	HoiH11_mRNA3955	63.0	S	0.0
Hvul_g29898_1	Adig_XM_015904181.1	63.0	S	0.0
Hvul_g29898_1	Stycar_snap_masked-SC_scaffold36053-processed-gene-0.1-mRNA-1	63.0	S	0.0
Hvul_g29898_1	Hhon_g06887.t1	63.0	S	0.0
Hvul_g29898_1	Spur_XM_786416.5	63.0	S	0.0
Hvul_g29898_1	Exapal_XM_021037786.2	63.0	S	0.0
Hvul_g29898_1	Emue_Em0011g49a.t1	63.0	S	0.0
Hvul_g29898_1	Skow_XM_006816532.1	63.0	S	0.0
Hvul_g29898_1	Stycar_maker-SC_scaffold138306-augustus-gene-0.4-mRNA-1	63.0	S	0.0
Hvul_g29898_1	Cgig_XM_034456211.1	63.0	S	0.0
Hvul_g29898_1	Dgig_XM_028548763.1	63.0	S	0.0
Hvul_g29898_1	Spolac_c91573_g1_i1_m.7023c91573-g1	63.0	S	0.0
Scil_scict014551.1	Plajan_Pjan_C560135_01	63.0	S	0.0
Scil_scict014551.1	Bralan_BLAG13000622_1	63.0	S	0.0
Scil_scict014551.1	Gasp_gasp1.m3.7264.m1	63.0	S	0.0
Scil_scict014551.1	Xestes_maker-XT_scaffold128004-snap-gene-0.2-mRNA-1	63.0	S	0.0
Scil_scict014551.1	Hsap_ENST00000614443	63.0	S	0.0
Scil_scict014551.1	HoiH23_PlH23_004365-RA	63.0	S	0.0
Scil_scict014551.1	Plespi_Pspi_C612352_01	63.0	S	0.0
Scil_scict014551.1	TrH2_TrispH2_005317-RA	63.0	S	0.0
Scil_scict014551.1	Spolac_c91573_g2_i1_m.7024c91573-g1	63.0	S	0.0
Scil_scict014551.1	Tetwil_g25780.t1	63.0	S	0.0
Scil_scict014551.1	Spur_XM_030996286.1	63.0	S	0.0
Scil_scict014551.1	HoiH04_mRNA11870	63.0	S	0.0
Scil_scict014551.1	Gfas_gfas1.m1.6571.m1	63.0	S	0.0
Scil_scict014551.1	Stycar_maker-SC_scaffold84839-augustus-gene-0.9-mRNA-1	63.0	S	0.0
Scil_scict014551.1	Ctel_gnl_WGS_AMQN_CAPTEDRAFT_mRNA138269	63.0	S	0.0
Scil_scict014551.1	Opea_EP00118_Oscarella_pearsei_P011784	63.0	S	0.0
Scil_scict014551.1	Ocar_g9664	63.0	S	0.0
Scil_scict014551.1	Pocdam_XM_027203830.1	63.0	S	0.0
Scil_scict014551.1	Spis_XP_022803145_1	63.0	S	0.0
Scil_scict014551.1	Nvec_v1g209576	63.0	S	0.0
Scil_scict014551.1	Halamb_c53629_g2_i2m.36059	63.0	S	0.0
Scil_scict014551.1	Fspp_ffun1.m4.12692.m1	63.0	S	0.0
Scil_scict014551.1	Tadh_TriadT28955	63.0	S	0.0
Scil_scict014551.1	Acagra_model.g2031.t1.1.5d3b8378	63.0	S	0.0
Scil_scict014551.1	HoiH11_mRNA3955	63.0	S	0.0
Scil_scict014551.1	Adig_XM_015904181.1	63.0	S	0.0
Scil_scict014551.1	Stycar_snap_masked-SC_scaffold36053-processed-gene-0.1-mRNA-1	63.0	S	0.0
Scil_scict014551.1	Hhon_g06887.t1	63.0	S	0.0
Scil_scict014551.1	Spur_XM_786416.5	63.0	S	0.0
Scil_scict014551.1	Exapal_XM_021037786.2	63.0	S	0.0
Scil_scict014551.1	Emue_Em0011g49a.t1	63.0	S	0.0
Scil_scict014551.1	Skow_XM_006816532.1	63.0	S	0.0
Scil_scict014551.1	Stycar_maker-SC_scaffold138306-augustus-gene-0.4-mRNA-1	63.0	S	0.0
Scil_scict014551.1	Cgig_XM_034456211.1	63.0	S	0.0
Scil_scict014551.1	Dgig_XM_028548763.1	63.0	S	0.0
Scil_scict014551.1	Spolac_c91573_g1_i1_m.7023c91573-g1	63.0	S	0.0
Leuniv_Lniv_scaffold25744_01	Plajan_Pjan_C560135_01	63.0	S	0.0
Leuniv_Lniv_scaffold25744_01	Bralan_BLAG13000622_1	63.0	S	0.0
Leuniv_Lniv_scaffold25744_01	Gasp_gasp1.m3.7264.m1	63.0	S	0.0
Leuniv_Lniv_scaffold25744_01	Xestes_maker-XT_scaffold128004-snap-gene-0.2-mRNA-1	63.0	S	0.0
Leuniv_Lniv_scaffold25744_01	Hsap_ENST00000614443	63.0	S	0.0
Leuniv_Lniv_scaffold25744_01	HoiH23_PlH23_004365-RA	63.0	S	0.0
Leuniv_Lniv_scaffold25744_01	Plespi_Pspi_C612352_01	63.0	S	0.0
Leuniv_Lniv_scaffold25744_01	TrH2_TrispH2_005317-RA	63.0	S	0.0
Leuniv_Lniv_scaffold25744_01	Spolac_c91573_g2_i1_m.7024c91573-g1	63.0	S	0.0
Leuniv_Lniv_scaffold25744_01	Tetwil_g25780.t1	63.0	S	0.0
Leuniv_Lniv_scaffold25744_01	Spur_XM_030996286.1	63.0	S	0.0
Leuniv_Lniv_scaffold25744_01	HoiH04_mRNA11870	63.0	S	0.0
Leuniv_Lniv_scaffold25744_01	Gfas_gfas1.m1.6571.m1	63.0	S	0.0
Leuniv_Lniv_scaffold25744_01	Stycar_maker-SC_scaffold84839-augustus-gene-0.9-mRNA-1	63.0	S	0.0
Leuniv_Lniv_scaffold25744_01	Ctel_gnl_WGS_AMQN_CAPTEDRAFT_mRNA138269	63.0	S	0.0
Leuniv_Lniv_scaffold25744_01	Opea_EP00118_Oscarella_pearsei_P011784	63.0	S	0.0
Leuniv_Lniv_scaffold25744_01	Ocar_g9664	63.0	S	0.0
Leuniv_Lniv_scaffold25744_01	Pocdam_XM_027203830.1	63.0	S	0.0
Leuniv_Lniv_scaffold25744_01	Spis_XP_022803145_1	63.0	S	0.0
Leuniv_Lniv_scaffold25744_01	Nvec_v1g209576	63.0	S	0.0
Leuniv_Lniv_scaffold25744_01	Halamb_c53629_g2_i2m.36059	63.0	S	0.0
Leuniv_Lniv_scaffold25744_01	Fspp_ffun1.m4.12692.m1	63.0	S	0.0
Leuniv_Lniv_scaffold25744_01	Tadh_TriadT28955	63.0	S	0.0
Leuniv_Lniv_scaffold25744_01	Acagra_model.g2031.t1.1.5d3b8378	63.0	S	0.0
Leuniv_Lniv_scaffold25744_01	HoiH11_mRNA3955	63.0	S	0.0
Leuniv_Lniv_scaffold25744_01	Adig_XM_015904181.1	63.0	S	0.0
Leuniv_Lniv_scaffold25744_01	Stycar_snap_masked-SC_scaffold36053-processed-gene-0.1-mRNA-1	63.0	S	0.0
Leuniv_Lniv_scaffold25744_01	Hhon_g06887.t1	63.0	S	0.0
Leuniv_Lniv_scaffold25744_01	Spur_XM_786416.5	63.0	S	0.0
Leuniv_Lniv_scaffold25744_01	Exapal_XM_021037786.2	63.0	S	0.0
Leuniv_Lniv_scaffold25744_01	Emue_Em0011g49a.t1	63.0	S	0.0
Leuniv_Lniv_scaffold25744_01	Skow_XM_006816532.1	63.0	S	0.0
Leuniv_Lniv_scaffold25744_01	Stycar_maker-SC_scaffold138306-augustus-gene-0.4-mRNA-1	63.0	S	0.0
Leuniv_Lniv_scaffold25744_01	Cgig_XM_034456211.1	63.0	S	0.0
Leuniv_Lniv_scaffold25744_01	Dgig_XM_028548763.1	63.0	S	0.0
Leuniv_Lniv_scaffold25744_01	Spolac_c91573_g1_i1_m.7023c91573-g1	63.0	S	0.0
Chem_TCONS_00014455	Plajan_Pjan_C560135_01	63.0	S	0.0
Chem_TCONS_00014455	Bralan_BLAG13000622_1	63.0	S	0.0
Chem_TCONS_00014455	Gasp_gasp1.m3.7264.m1	63.0	S	0.0
Chem_TCONS_00014455	Xestes_maker-XT_scaffold128004-snap-gene-0.2-mRNA-1	63.0	S	0.0
Chem_TCONS_00014455	Hsap_ENST00000614443	63.0	S	0.0
Chem_TCONS_00014455	HoiH23_PlH23_004365-RA	63.0	S	0.0
Chem_TCONS_00014455	Plespi_Pspi_C612352_01	63.0	S	0.0
Chem_TCONS_00014455	TrH2_TrispH2_005317-RA	63.0	S	0.0
Chem_TCONS_00014455	Spolac_c91573_g2_i1_m.7024c91573-g1	63.0	S	0.0
Chem_TCONS_00014455	Tetwil_g25780.t1	63.0	S	0.0
Chem_TCONS_00014455	Spur_XM_030996286.1	63.0	S	0.0
Chem_TCONS_00014455	HoiH04_mRNA11870	63.0	S	0.0
Chem_TCONS_00014455	Gfas_gfas1.m1.6571.m1	63.0	S	0.0
Chem_TCONS_00014455	Stycar_maker-SC_scaffold84839-augustus-gene-0.9-mRNA-1	63.0	S	0.0
Chem_TCONS_00014455	Ctel_gnl_WGS_AMQN_CAPTEDRAFT_mRNA138269	63.0	S	0.0
Chem_TCONS_00014455	Opea_EP00118_Oscarella_pearsei_P011784	63.0	S	0.0
Chem_TCONS_00014455	Ocar_g9664	63.0	S	0.0
Chem_TCONS_00014455	Pocdam_XM_027203830.1	63.0	S	0.0
Chem_TCONS_00014455	Spis_XP_022803145_1	63.0	S	0.0
Chem_TCONS_00014455	Nvec_v1g209576	63.0	S	0.0
Chem_TCONS_00014455	Halamb_c53629_g2_i2m.36059	63.0	S	0.0
Chem_TCONS_00014455	Fspp_ffun1.m4.12692.m1	63.0	S	0.0
Chem_TCONS_00014455	Tadh_TriadT28955	63.0	S	0.0
Chem_TCONS_00014455	Acagra_model.g2031.t1.1.5d3b8378	63.0	S	0.0
Chem_TCONS_00014455	HoiH11_mRNA3955	63.0	S	0.0
Chem_TCONS_00014455	Adig_XM_015904181.1	63.0	S	0.0
Chem_TCONS_00014455	Stycar_snap_masked-SC_scaffold36053-processed-gene-0.1-mRNA-1	63.0	S	0.0
Chem_TCONS_00014455	Hhon_g06887.t1	63.0	S	0.0
Chem_TCONS_00014455	Spur_XM_786416.5	63.0	S	0.0
Chem_TCONS_00014455	Exapal_XM_021037786.2	63.0	S	0.0
Chem_TCONS_00014455	Emue_Em0011g49a.t1	63.0	S	0.0
Chem_TCONS_00014455	Skow_XM_006816532.1	63.0	S	0.0
Chem_TCONS_00014455	Stycar_maker-SC_scaffold138306-augustus-gene-0.4-mRNA-1	63.0	S	0.0
Chem_TCONS_00014455	Cgig_XM_034456211.1	63.0	S	0.0
Chem_TCONS_00014455	Dgig_XM_028548763.1	63.0	S	0.0
Chem_TCONS_00014455	Spolac_c91573_g1_i1_m.7023c91573-g1	63.0	S	0.0
Sanmal_Sma_011645-T1	Plajan_Pjan_C560135_01	63.0	S	0.0
Sanmal_Sma_011645-T1	Bralan_BLAG13000622_1	63.0	S	0.0
Sanmal_Sma_011645-T1	Gasp_gasp1.m3.7264.m1	63.0	S	0.0
Sanmal_Sma_011645-T1	Xestes_maker-XT_scaffold128004-snap-gene-0.2-mRNA-1	63.0	S	0.0
Sanmal_Sma_011645-T1	Hsap_ENST00000614443	63.0	S	0.0
Sanmal_Sma_011645-T1	HoiH23_PlH23_004365-RA	63.0	S	0.0
Sanmal_Sma_011645-T1	Plespi_Pspi_C612352_01	63.0	S	0.0
Sanmal_Sma_011645-T1	TrH2_TrispH2_005317-RA	63.0	S	0.0
Sanmal_Sma_011645-T1	Spolac_c91573_g2_i1_m.7024c91573-g1	63.0	S	0.0
Sanmal_Sma_011645-T1	Tetwil_g25780.t1	63.0	S	0.0
Sanmal_Sma_011645-T1	Spur_XM_030996286.1	63.0	S	0.0
Sanmal_Sma_011645-T1	HoiH04_mRNA11870	63.0	S	0.0
Sanmal_Sma_011645-T1	Gfas_gfas1.m1.6571.m1	63.0	S	0.0
Sanmal_Sma_011645-T1	Stycar_maker-SC_scaffold84839-augustus-gene-0.9-mRNA-1	63.0	S	0.0
Sanmal_Sma_011645-T1	Ctel_gnl_WGS_AMQN_CAPTEDRAFT_mRNA138269	63.0	S	0.0
Sanmal_Sma_011645-T1	Opea_EP00118_Oscarella_pearsei_P011784	63.0	S	0.0
Sanmal_Sma_011645-T1	Ocar_g9664	63.0	S	0.0
Sanmal_Sma_011645-T1	Pocdam_XM_027203830.1	63.0	S	0.0
Sanmal_Sma_011645-T1	Spis_XP_022803145_1	63.0	S	0.0
Sanmal_Sma_011645-T1	Nvec_v1g209576	63.0	S	0.0
Sanmal_Sma_011645-T1	Halamb_c53629_g2_i2m.36059	63.0	S	0.0
Sanmal_Sma_011645-T1	Fspp_ffun1.m4.12692.m1	63.0	S	0.0
Sanmal_Sma_011645-T1	Tadh_TriadT28955	63.0	S	0.0
Sanmal_Sma_011645-T1	Acagra_model.g2031.t1.1.5d3b8378	63.0	S	0.0
Sanmal_Sma_011645-T1	HoiH11_mRNA3955	63.0	S	0.0
Sanmal_Sma_011645-T1	Adig_XM_015904181.1	63.0	S	0.0
Sanmal_Sma_011645-T1	Stycar_snap_masked-SC_scaffold36053-processed-gene-0.1-mRNA-1	63.0	S	0.0
Sanmal_Sma_011645-T1	Hhon_g06887.t1	63.0	S	0.0
Sanmal_Sma_011645-T1	Spur_XM_786416.5	63.0	S	0.0
Sanmal_Sma_011645-T1	Exapal_XM_021037786.2	63.0	S	0.0
Sanmal_Sma_011645-T1	Emue_Em0011g49a.t1	63.0	S	0.0
Sanmal_Sma_011645-T1	Skow_XM_006816532.1	63.0	S	0.0
Sanmal_Sma_011645-T1	Stycar_maker-SC_scaffold138306-augustus-gene-0.4-mRNA-1	63.0	S	0.0
Sanmal_Sma_011645-T1	Cgig_XM_034456211.1	63.0	S	0.0
Sanmal_Sma_011645-T1	Dgig_XM_028548763.1	63.0	S	0.0
Sanmal_Sma_011645-T1	Spolac_c91573_g1_i1_m.7023c91573-g1	63.0	S	0.0
Aaur_scaffold168.g1.t1	Plajan_Pjan_C560135_01	63.0	S	0.0
Aaur_scaffold168.g1.t1	Bralan_BLAG13000622_1	63.0	S	0.0
Aaur_scaffold168.g1.t1	Gasp_gasp1.m3.7264.m1	63.0	S	0.0
Aaur_scaffold168.g1.t1	Xestes_maker-XT_scaffold128004-snap-gene-0.2-mRNA-1	63.0	S	0.0
Aaur_scaffold168.g1.t1	Hsap_ENST00000614443	63.0	S	0.0
Aaur_scaffold168.g1.t1	HoiH23_PlH23_004365-RA	63.0	S	0.0
Aaur_scaffold168.g1.t1	Plespi_Pspi_C612352_01	63.0	S	0.0
Aaur_scaffold168.g1.t1	TrH2_TrispH2_005317-RA	63.0	S	0.0
Aaur_scaffold168.g1.t1	Spolac_c91573_g2_i1_m.7024c91573-g1	63.0	S	0.0
Aaur_scaffold168.g1.t1	Tetwil_g25780.t1	63.0	S	0.0
Aaur_scaffold168.g1.t1	Spur_XM_030996286.1	63.0	S	0.0
Aaur_scaffold168.g1.t1	HoiH04_mRNA11870	63.0	S	0.0
Aaur_scaffold168.g1.t1	Gfas_gfas1.m1.6571.m1	63.0	S	0.0
Aaur_scaffold168.g1.t1	Stycar_maker-SC_scaffold84839-augustus-gene-0.9-mRNA-1	63.0	S	0.0
Aaur_scaffold168.g1.t1	Ctel_gnl_WGS_AMQN_CAPTEDRAFT_mRNA138269	63.0	S	0.0
Aaur_scaffold168.g1.t1	Opea_EP00118_Oscarella_pearsei_P011784	63.0	S	0.0
Aaur_scaffold168.g1.t1	Ocar_g9664	63.0	S	0.0
Aaur_scaffold168.g1.t1	Pocdam_XM_027203830.1	63.0	S	0.0
Aaur_scaffold168.g1.t1	Spis_XP_022803145_1	63.0	S	0.0
Aaur_scaffold168.g1.t1	Nvec_v1g209576	63.0	S	0.0
Aaur_scaffold168.g1.t1	Halamb_c53629_g2_i2m.36059	63.0	S	0.0
Aaur_scaffold168.g1.t1	Fspp_ffun1.m4.12692.m1	63.0	S	0.0
Aaur_scaffold168.g1.t1	Tadh_TriadT28955	63.0	S	0.0
Aaur_scaffold168.g1.t1	Acagra_model.g2031.t1.1.5d3b8378	63.0	S	0.0
Aaur_scaffold168.g1.t1	HoiH11_mRNA3955	63.0	S	0.0
Aaur_scaffold168.g1.t1	Adig_XM_015904181.1	63.0	S	0.0
Aaur_scaffold168.g1.t1	Stycar_snap_masked-SC_scaffold36053-processed-gene-0.1-mRNA-1	63.0	S	0.0
Aaur_scaffold168.g1.t1	Hhon_g06887.t1	63.0	S	0.0
Aaur_scaffold168.g1.t1	Spur_XM_786416.5	63.0	S	0.0
Aaur_scaffold168.g1.t1	Exapal_XM_021037786.2	63.0	S	0.0
Aaur_scaffold168.g1.t1	Emue_Em0011g49a.t1	63.0	S	0.0
Aaur_scaffold168.g1.t1	Skow_XM_006816532.1	63.0	S	0.0
Aaur_scaffold168.g1.t1	Stycar_maker-SC_scaffold138306-augustus-gene-0.4-mRNA-1	63.0	S	0.0
Aaur_scaffold168.g1.t1	Cgig_XM_034456211.1	63.0	S	0.0
Aaur_scaffold168.g1.t1	Dgig_XM_028548763.1	63.0	S	0.0
Aaur_scaffold168.g1.t1	Spolac_c91573_g1_i1_m.7023c91573-g1	63.0	S	0.0
Salurc_EP00051_Salpingoeca_urceolata_P017748	Saldol_EP00054_Salpingoeca_dolichothecata_P024193	78.0	S	0.0
Salurc_EP00051_Salpingoeca_urceolata_P017748	Microa_EP00043_Microstomoeca_roanoka_P016252	78.0	S	0.0
Salurc_EP00051_Salpingoeca_urceolata_P017748	Salinf_EP00049_Salpingoeca_infusionum_P028096	78.0	S	0.0
Salurc_EP00051_Salpingoeca_urceolata_P017748	Sros_EGD73059	78.0	S	0.0
Diagra_EP00040_Diaphanoeca_grandis_P018481	Helnan_EP00037_Helgoeca_nana_P021043	96.0	S	0.0
Diagra_EP00040_Diaphanoeca_grandis_P018481	Acaspe_EP00035_Acanthoeca_spectabilis_P013058	96.0	S	0.0
Diagra_EP00040_Diaphanoeca_grandis_P018481	Didcos_EP00039_Didymoeca_costata_P030854	96.0	S	0.0
Diagra_EP00040_Diaphanoeca_grandis_P018481	Acaspe_EP00035_Acanthoeca_spectabilis_P013064	96.0	S	0.0
Diagra_EP00040_Diaphanoeca_grandis_P018482	Helnan_EP00037_Helgoeca_nana_P021043	96.0	S	0.0
Diagra_EP00040_Diaphanoeca_grandis_P018482	Acaspe_EP00035_Acanthoeca_spectabilis_P013058	96.0	S	0.0
Diagra_EP00040_Diaphanoeca_grandis_P018482	Didcos_EP00039_Didymoeca_costata_P030854	96.0	S	0.0
Diagra_EP00040_Diaphanoeca_grandis_P018482	Acaspe_EP00035_Acanthoeca_spectabilis_P013064	96.0	S	0.0
Nemnom_g12041.t1	Scil_scict014551.1	60.0	S	0.0
Nemnom_g12041.t1	Hvul_g29898_1	60.0	S	0.0
Nemnom_g12041.t1	Lcom_lcpid34176	60.0	S	0.0
Nemnom_g12041.t1	Leuniv_Lniv_scaffold25744_01	60.0	S	0.0
Nemnom_g12041.t1	Chem_TCONS_00014455	60.0	S	0.0
Clacor_Ccor_scaffold7108_01	Scil_scict014551.1	60.0	S	0.0
Clacor_Ccor_scaffold7108_01	Hvul_g29898_1	60.0	S	0.0
Clacor_Ccor_scaffold7108_01	Lcom_lcpid34176	60.0	S	0.0
Clacor_Ccor_scaffold7108_01	Leuniv_Lniv_scaffold25744_01	60.0	S	0.0
Clacor_Ccor_scaffold7108_01	Chem_TCONS_00014455	60.0	S	0.0
Rhoesc_Res_016409-T1	Scil_scict014551.1	60.0	S	0.0
Rhoesc_Res_016409-T1	Hvul_g29898_1	60.0	S	0.0
Rhoesc_Res_016409-T1	Lcom_lcpid34176	60.0	S	0.0
Rhoesc_Res_016409-T1	Leuniv_Lniv_scaffold25744_01	60.0	S	0.0
Rhoesc_Res_016409-T1	Chem_TCONS_00014455	60.0	S	0.0
Sanmal_Sma_011645-T1	Scil_scict014551.1	60.0	S	0.0
Sanmal_Sma_011645-T1	Hvul_g29898_1	60.0	S	0.0
Sanmal_Sma_011645-T1	Lcom_lcpid34176	60.0	S	0.0
Sanmal_Sma_011645-T1	Leuniv_Lniv_scaffold25744_01	60.0	S	0.0
Sanmal_Sma_011645-T1	Chem_TCONS_00014455	60.0	S	0.0
Aaur_scaffold168.g1.t1	Scil_scict014551.1	60.0	S	0.0
Aaur_scaffold168.g1.t1	Hvul_g29898_1	60.0	S	0.0
Aaur_scaffold168.g1.t1	Lcom_lcpid34176	60.0	S	0.0
Aaur_scaffold168.g1.t1	Leuniv_Lniv_scaffold25744_01	60.0	S	0.0
Aaur_scaffold168.g1.t1	Chem_TCONS_00014455	60.0	S	0.0
Ocar_g9664	Bralan_BLAG13000622_1	40.0	S	0.0
Ocar_g9664	Gasp_gasp1.m3.7264.m1	40.0	S	0.0
Ocar_g9664	Xestes_maker-XT_scaffold128004-snap-gene-0.2-mRNA-1	40.0	S	0.0
Ocar_g9664	Hsap_ENST00000614443	40.0	S	0.0
Ocar_g9664	HoiH23_PlH23_004365-RA	40.0	S	0.0
Ocar_g9664	Plespi_Pspi_C612352_01	40.0	S	0.0
Ocar_g9664	TrH2_TrispH2_005317-RA	40.0	S	0.0
Ocar_g9664	Spolac_c91573_g2_i1_m.7024c91573-g1	40.0	S	0.0
Ocar_g9664	Tetwil_g25780.t1	40.0	S	0.0
Ocar_g9664	Spur_XM_030996286.1	40.0	S	0.0
Ocar_g9664	HoiH04_mRNA11870	40.0	S	0.0
Ocar_g9664	Gfas_gfas1.m1.6571.m1	40.0	S	0.0
Ocar_g9664	Stycar_maker-SC_scaffold84839-augustus-gene-0.9-mRNA-1	40.0	S	0.0
Ocar_g9664	Ctel_gnl_WGS_AMQN_CAPTEDRAFT_mRNA138269	40.0	S	0.0
Ocar_g9664	Nvec_v1g209576	40.0	S	0.0
Ocar_g9664	Pocdam_XM_027203830.1	40.0	S	0.0
Ocar_g9664	Spis_XP_022803145_1	40.0	S	0.0
Ocar_g9664	Halamb_c53629_g2_i2m.36059	40.0	S	0.0
Ocar_g9664	Fspp_ffun1.m4.12692.m1	40.0	S	0.0
Ocar_g9664	Tadh_TriadT28955	40.0	S	0.0
Ocar_g9664	Acagra_model.g2031.t1.1.5d3b8378	40.0	S	0.0
Ocar_g9664	HoiH11_mRNA3955	40.0	S	0.0
Ocar_g9664	Adig_XM_015904181.1	40.0	S	0.0
Ocar_g9664	Stycar_snap_masked-SC_scaffold36053-processed-gene-0.1-mRNA-1	40.0	S	0.0
Ocar_g9664	Hhon_g06887.t1	40.0	S	0.0
Ocar_g9664	Spur_XM_786416.5	40.0	S	0.0
Ocar_g9664	Exapal_XM_021037786.2	40.0	S	0.0
Ocar_g9664	Emue_Em0011g49a.t1	40.0	S	0.0
Ocar_g9664	Skow_XM_006816532.1	40.0	S	0.0
Ocar_g9664	Stycar_maker-SC_scaffold138306-augustus-gene-0.4-mRNA-1	40.0	S	0.0
Ocar_g9664	Cgig_XM_034456211.1	40.0	S	0.0
Ocar_g9664	Spolac_c91573_g1_i1_m.7023c91573-g1	40.0	S	0.0
Dgig_XM_028548763.1	Bralan_BLAG13000622_1	40.0	S	0.0
Dgig_XM_028548763.1	Gasp_gasp1.m3.7264.m1	40.0	S	0.0
Dgig_XM_028548763.1	Xestes_maker-XT_scaffold128004-snap-gene-0.2-mRNA-1	40.0	S	0.0
Dgig_XM_028548763.1	Hsap_ENST00000614443	40.0	S	0.0
Dgig_XM_028548763.1	HoiH23_PlH23_004365-RA	40.0	S	0.0
Dgig_XM_028548763.1	Plespi_Pspi_C612352_01	40.0	S	0.0
Dgig_XM_028548763.1	TrH2_TrispH2_005317-RA	40.0	S	0.0
Dgig_XM_028548763.1	Spolac_c91573_g2_i1_m.7024c91573-g1	40.0	S	0.0
Dgig_XM_028548763.1	Tetwil_g25780.t1	40.0	S	0.0
Dgig_XM_028548763.1	Spur_XM_030996286.1	40.0	S	0.0
Dgig_XM_028548763.1	HoiH04_mRNA11870	40.0	S	0.0
Dgig_XM_028548763.1	Gfas_gfas1.m1.6571.m1	40.0	S	0.0
Dgig_XM_028548763.1	Stycar_maker-SC_scaffold84839-augustus-gene-0.9-mRNA-1	40.0	S	0.0
Dgig_XM_028548763.1	Ctel_gnl_WGS_AMQN_CAPTEDRAFT_mRNA138269	40.0	S	0.0
Dgig_XM_028548763.1	Nvec_v1g209576	40.0	S	0.0
Dgig_XM_028548763.1	Pocdam_XM_027203830.1	40.0	S	0.0
Dgig_XM_028548763.1	Spis_XP_022803145_1	40.0	S	0.0
Dgig_XM_028548763.1	Halamb_c53629_g2_i2m.36059	40.0	S	0.0
Dgig_XM_028548763.1	Fspp_ffun1.m4.12692.m1	40.0	S	0.0
Dgig_XM_028548763.1	Tadh_TriadT28955	40.0	S	0.0
Dgig_XM_028548763.1	Acagra_model.g2031.t1.1.5d3b8378	40.0	S	0.0
Dgig_XM_028548763.1	HoiH11_mRNA3955	40.0	S	0.0
Dgig_XM_028548763.1	Adig_XM_015904181.1	40.0	S	0.0
Dgig_XM_028548763.1	Stycar_snap_masked-SC_scaffold36053-processed-gene-0.1-mRNA-1	40.0	S	0.0
Dgig_XM_028548763.1	Hhon_g06887.t1	40.0	S	0.0
Dgig_XM_028548763.1	Spur_XM_786416.5	40.0	S	0.0
Dgig_XM_028548763.1	Exapal_XM_021037786.2	40.0	S	0.0
Dgig_XM_028548763.1	Emue_Em0011g49a.t1	40.0	S	0.0
Dgig_XM_028548763.1	Skow_XM_006816532.1	40.0	S	0.0
Dgig_XM_028548763.1	Stycar_maker-SC_scaffold138306-augustus-gene-0.4-mRNA-1	40.0	S	0.0
Dgig_XM_028548763.1	Cgig_XM_034456211.1	40.0	S	0.0
Dgig_XM_028548763.1	Spolac_c91573_g1_i1_m.7023c91573-g1	40.0	S	0.0
Opea_EP00118_Oscarella_pearsei_P011784	Bralan_BLAG13000622_1	40.0	S	0.0
Opea_EP00118_Oscarella_pearsei_P011784	Gasp_gasp1.m3.7264.m1	40.0	S	0.0
Opea_EP00118_Oscarella_pearsei_P011784	Xestes_maker-XT_scaffold128004-snap-gene-0.2-mRNA-1	40.0	S	0.0
Opea_EP00118_Oscarella_pearsei_P011784	Hsap_ENST00000614443	40.0	S	0.0
Opea_EP00118_Oscarella_pearsei_P011784	HoiH23_PlH23_004365-RA	40.0	S	0.0
Opea_EP00118_Oscarella_pearsei_P011784	Plespi_Pspi_C612352_01	40.0	S	0.0
Opea_EP00118_Oscarella_pearsei_P011784	TrH2_TrispH2_005317-RA	40.0	S	0.0
Opea_EP00118_Oscarella_pearsei_P011784	Spolac_c91573_g2_i1_m.7024c91573-g1	40.0	S	0.0
Opea_EP00118_Oscarella_pearsei_P011784	Tetwil_g25780.t1	40.0	S	0.0
Opea_EP00118_Oscarella_pearsei_P011784	Spur_XM_030996286.1	40.0	S	0.0
Opea_EP00118_Oscarella_pearsei_P011784	HoiH04_mRNA11870	40.0	S	0.0
Opea_EP00118_Oscarella_pearsei_P011784	Gfas_gfas1.m1.6571.m1	40.0	S	0.0
Opea_EP00118_Oscarella_pearsei_P011784	Stycar_maker-SC_scaffold84839-augustus-gene-0.9-mRNA-1	40.0	S	0.0
Opea_EP00118_Oscarella_pearsei_P011784	Ctel_gnl_WGS_AMQN_CAPTEDRAFT_mRNA138269	40.0	S	0.0
Opea_EP00118_Oscarella_pearsei_P011784	Nvec_v1g209576	40.0	S	0.0
Opea_EP00118_Oscarella_pearsei_P011784	Pocdam_XM_027203830.1	40.0	S	0.0
Opea_EP00118_Oscarella_pearsei_P011784	Spis_XP_022803145_1	40.0	S	0.0
Opea_EP00118_Oscarella_pearsei_P011784	Halamb_c53629_g2_i2m.36059	40.0	S	0.0
Opea_EP00118_Oscarella_pearsei_P011784	Fspp_ffun1.m4.12692.m1	40.0	S	0.0
Opea_EP00118_Oscarella_pearsei_P011784	Tadh_TriadT28955	40.0	S	0.0
Opea_EP00118_Oscarella_pearsei_P011784	Acagra_model.g2031.t1.1.5d3b8378	40.0	S	0.0
Opea_EP00118_Oscarella_pearsei_P011784	HoiH11_mRNA3955	40.0	S	0.0
Opea_EP00118_Oscarella_pearsei_P011784	Adig_XM_015904181.1	40.0	S	0.0
Opea_EP00118_Oscarella_pearsei_P011784	Stycar_snap_masked-SC_scaffold36053-processed-gene-0.1-mRNA-1	40.0	S	0.0
Opea_EP00118_Oscarella_pearsei_P011784	Hhon_g06887.t1	40.0	S	0.0
Opea_EP00118_Oscarella_pearsei_P011784	Spur_XM_786416.5	40.0	S	0.0
Opea_EP00118_Oscarella_pearsei_P011784	Exapal_XM_021037786.2	40.0	S	0.0
Opea_EP00118_Oscarella_pearsei_P011784	Emue_Em0011g49a.t1	40.0	S	0.0
Opea_EP00118_Oscarella_pearsei_P011784	Skow_XM_006816532.1	40.0	S	0.0
Opea_EP00118_Oscarella_pearsei_P011784	Stycar_maker-SC_scaffold138306-augustus-gene-0.4-mRNA-1	40.0	S	0.0
Opea_EP00118_Oscarella_pearsei_P011784	Cgig_XM_034456211.1	40.0	S	0.0
Opea_EP00118_Oscarella_pearsei_P011784	Spolac_c91573_g1_i1_m.7023c91573-g1	40.0	S	0.0
Plajan_Pjan_C560135_01	Bralan_BLAG13000622_1	40.0	S	0.0
Plajan_Pjan_C560135_01	Gasp_gasp1.m3.7264.m1	40.0	S	0.0
Plajan_Pjan_C560135_01	Xestes_maker-XT_scaffold128004-snap-gene-0.2-mRNA-1	40.0	S	0.0
Plajan_Pjan_C560135_01	Hsap_ENST00000614443	40.0	S	0.0
Plajan_Pjan_C560135_01	HoiH23_PlH23_004365-RA	40.0	S	0.0
Plajan_Pjan_C560135_01	Plespi_Pspi_C612352_01	40.0	S	0.0
Plajan_Pjan_C560135_01	TrH2_TrispH2_005317-RA	40.0	S	0.0
Plajan_Pjan_C560135_01	Spolac_c91573_g2_i1_m.7024c91573-g1	40.0	S	0.0
Plajan_Pjan_C560135_01	Tetwil_g25780.t1	40.0	S	0.0
Plajan_Pjan_C560135_01	Spur_XM_030996286.1	40.0	S	0.0
Plajan_Pjan_C560135_01	HoiH04_mRNA11870	40.0	S	0.0
Plajan_Pjan_C560135_01	Gfas_gfas1.m1.6571.m1	40.0	S	0.0
Plajan_Pjan_C560135_01	Stycar_maker-SC_scaffold84839-augustus-gene-0.9-mRNA-1	40.0	S	0.0
Plajan_Pjan_C560135_01	Ctel_gnl_WGS_AMQN_CAPTEDRAFT_mRNA138269	40.0	S	0.0
Plajan_Pjan_C560135_01	Nvec_v1g209576	40.0	S	0.0
Plajan_Pjan_C560135_01	Pocdam_XM_027203830.1	40.0	S	0.0
Plajan_Pjan_C560135_01	Spis_XP_022803145_1	40.0	S	0.0
Plajan_Pjan_C560135_01	Halamb_c53629_g2_i2m.36059	40.0	S	0.0
Plajan_Pjan_C560135_01	Fspp_ffun1.m4.12692.m1	40.0	S	0.0
Plajan_Pjan_C560135_01	Tadh_TriadT28955	40.0	S	0.0
Plajan_Pjan_C560135_01	Acagra_model.g2031.t1.1.5d3b8378	40.0	S	0.0
Plajan_Pjan_C560135_01	HoiH11_mRNA3955	40.0	S	0.0
Plajan_Pjan_C560135_01	Adig_XM_015904181.1	40.0	S	0.0
Plajan_Pjan_C560135_01	Stycar_snap_masked-SC_scaffold36053-processed-gene-0.1-mRNA-1	40.0	S	0.0
Plajan_Pjan_C560135_01	Hhon_g06887.t1	40.0	S	0.0
Plajan_Pjan_C560135_01	Spur_XM_786416.5	40.0	S	0.0
Plajan_Pjan_C560135_01	Exapal_XM_021037786.2	40.0	S	0.0
Plajan_Pjan_C560135_01	Emue_Em0011g49a.t1	40.0	S	0.0
Plajan_Pjan_C560135_01	Skow_XM_006816532.1	40.0	S	0.0
Plajan_Pjan_C560135_01	Stycar_maker-SC_scaffold138306-augustus-gene-0.4-mRNA-1	40.0	S	0.0
Plajan_Pjan_C560135_01	Cgig_XM_034456211.1	40.0	S	0.0
Plajan_Pjan_C560135_01	Spolac_c91573_g1_i1_m.7023c91573-g1	40.0	S	0.0
Saldol_EP00054_Salpingoeca_dolichothecata_P024193	Microa_EP00043_Microstomoeca_roanoka_P016252	88.0	S	0.0
Saldol_EP00054_Salpingoeca_dolichothecata_P024193	Salinf_EP00049_Salpingoeca_infusionum_P028096	88.0	S	0.0
Saldol_EP00054_Salpingoeca_dolichothecata_P024193	Sros_EGD73059	88.0	S	0.0
Diagra_EP00040_Diaphanoeca_grandis_P018481	Diagra_EP00040_Diaphanoeca_grandis_P018482	100.0	D	1.0
Didcos_EP00039_Didymoeca_costata_P030854	Helnan_EP00037_Helgoeca_nana_P021043	97.0	S	0.0
Didcos_EP00039_Didymoeca_costata_P030854	Acaspe_EP00035_Acanthoeca_spectabilis_P013058	97.0	S	0.0
Didcos_EP00039_Didymoeca_costata_P030854	Acaspe_EP00035_Acanthoeca_spectabilis_P013064	97.0	S	0.0
Vmul_Simscaffold13461_01	Pbac_sb2664413	100.0	S	0.0
Vmul_Simscaffold13461_01	Pbac_sb2666617	100.0	S	0.0
Vmul_Simscaffold13461_01	Horcal_Hcv1.av93.c10.g582.i1	100.0	S	0.0
Vmul_Simscaffold13461_01	Mlei_ML0084.g1.i1	100.0	S	0.0
Vmul_Simscaffold13461_01	Bolinf_Binf_sb1216733	100.0	S	0.0
Vmul_SimC371547	Pbac_sb2664413	100.0	S	0.0
Vmul_SimC371547	Pbac_sb2666617	100.0	S	0.0
Vmul_SimC371547	Horcal_Hcv1.av93.c10.g582.i1	100.0	S	0.0
Vmul_SimC371547	Mlei_ML0084.g1.i1	100.0	S	0.0
Vmul_SimC371547	Bolinf_Binf_sb1216733	100.0	S	0.0
Coemet_Cmet_scaffold16074_01	Pbac_sb2664413	100.0	S	0.0
Coemet_Cmet_scaffold16074_01	Pbac_sb2666617	100.0	S	0.0
Coemet_Cmet_scaffold16074_01	Horcal_Hcv1.av93.c10.g582.i1	100.0	S	0.0
Coemet_Cmet_scaffold16074_01	Mlei_ML0084.g1.i1	100.0	S	0.0
Coemet_Cmet_scaffold16074_01	Bolinf_Binf_sb1216733	100.0	S	0.0
Pbac_sb2660011	Mertsp_Mesp_sb549529	100.0	S	0.0
Pbac_sb2660011	Bolinf_Binf_sb1220299	100.0	S	0.0
Pbac_sb2660011	Beraby_Baby_sb324206	100.0	S	0.0
Pbac_sb2660011	Bolinf_Binf_sb1220300	100.0	S	0.0
Pbac_sb2660011	Mertsp_Mesp_sb549530	100.0	S	0.0
Pbac_sb2660011	Mlei_ML0021.g5.i1	100.0	S	0.0
Pbac_sb2660011	Lampan_Lpan_C415091_01	100.0	S	0.0
Horcal_Hcv1.av93.c13.g336.i1	Mertsp_Mesp_sb549529	100.0	S	0.0
Horcal_Hcv1.av93.c13.g336.i1	Bolinf_Binf_sb1220299	100.0	S	0.0
Horcal_Hcv1.av93.c13.g336.i1	Beraby_Baby_sb324206	100.0	S	0.0
Horcal_Hcv1.av93.c13.g336.i1	Bolinf_Binf_sb1220300	100.0	S	0.0
Horcal_Hcv1.av93.c13.g336.i1	Mertsp_Mesp_sb549530	100.0	S	0.0
Horcal_Hcv1.av93.c13.g336.i1	Mlei_ML0021.g5.i1	100.0	S	0.0
Horcal_Hcv1.av93.c13.g336.i1	Lampan_Lpan_C415091_01	100.0	S	0.0
Pbac_sb2652734	Mertsp_Mesp_sb549529	100.0	S	0.0
Pbac_sb2652734	Bolinf_Binf_sb1220299	100.0	S	0.0
Pbac_sb2652734	Beraby_Baby_sb324206	100.0	S	0.0
Pbac_sb2652734	Bolinf_Binf_sb1220300	100.0	S	0.0
Pbac_sb2652734	Mertsp_Mesp_sb549530	100.0	S	0.0
Pbac_sb2652734	Mlei_ML0021.g5.i1	100.0	S	0.0
Pbac_sb2652734	Lampan_Lpan_C415091_01	100.0	S	0.0
Clacor_Ccor_scaffold7108_01	Rhoesc_Res_016409-T1	71.0	S	0.0
Clacor_Ccor_scaffold7108_01	Nemnom_g12041.t1	71.0	S	0.0
Clacor_Ccor_scaffold7108_01	Sanmal_Sma_011645-T1	71.0	S	0.0
Clacor_Ccor_scaffold7108_01	Aaur_scaffold168.g1.t1	71.0	S	0.0
Hvul_g29898_1	Leuniv_Lniv_scaffold25744_01	31.0	S	0.0
Hvul_g29898_1	Scil_scict014551.1	31.0	S	0.0
Hvul_g29898_1	Lcom_lcpid34176	31.0	S	0.0
Chem_TCONS_00014455	Leuniv_Lniv_scaffold25744_01	31.0	S	0.0
Chem_TCONS_00014455	Scil_scict014551.1	31.0	S	0.0
Chem_TCONS_00014455	Lcom_lcpid34176	31.0	S	0.0
Dgig_XM_028548763.1	Ocar_g9664	48.0	S	0.0
Dgig_XM_028548763.1	Opea_EP00118_Oscarella_pearsei_P011784	48.0	S	0.0
Dgig_XM_028548763.1	Plajan_Pjan_C560135_01	48.0	S	0.0
Stycar_maker-SC_scaffold84839-augustus-gene-0.9-mRNA-1	Bralan_BLAG13000622_1	10.0	S	0.0
Stycar_maker-SC_scaffold84839-augustus-gene-0.9-mRNA-1	Gasp_gasp1.m3.7264.m1	10.0	S	0.0
Stycar_maker-SC_scaffold84839-augustus-gene-0.9-mRNA-1	Hsap_ENST00000614443	10.0	S	0.0
Stycar_maker-SC_scaffold84839-augustus-gene-0.9-mRNA-1	HoiH23_PlH23_004365-RA	10.0	S	0.0
Stycar_maker-SC_scaffold84839-augustus-gene-0.9-mRNA-1	TrH2_TrispH2_005317-RA	10.0	S	0.0
Stycar_maker-SC_scaffold84839-augustus-gene-0.9-mRNA-1	Spur_XM_030996286.1	10.0	S	0.0
Stycar_maker-SC_scaffold84839-augustus-gene-0.9-mRNA-1	HoiH04_mRNA11870	10.0	S	0.0
Stycar_maker-SC_scaffold84839-augustus-gene-0.9-mRNA-1	Gfas_gfas1.m1.6571.m1	10.0	S	0.0
Stycar_maker-SC_scaffold84839-augustus-gene-0.9-mRNA-1	Ctel_gnl_WGS_AMQN_CAPTEDRAFT_mRNA138269	10.0	S	0.0
Stycar_maker-SC_scaffold84839-augustus-gene-0.9-mRNA-1	Nvec_v1g209576	10.0	S	0.0
Stycar_maker-SC_scaffold84839-augustus-gene-0.9-mRNA-1	Pocdam_XM_027203830.1	10.0	S	0.0
Stycar_maker-SC_scaffold84839-augustus-gene-0.9-mRNA-1	Spis_XP_022803145_1	10.0	S	0.0
Stycar_maker-SC_scaffold84839-augustus-gene-0.9-mRNA-1	Fspp_ffun1.m4.12692.m1	10.0	S	0.0
Stycar_maker-SC_scaffold84839-augustus-gene-0.9-mRNA-1	Tadh_TriadT28955	10.0	S	0.0
Stycar_maker-SC_scaffold84839-augustus-gene-0.9-mRNA-1	HoiH11_mRNA3955	10.0	S	0.0
Stycar_maker-SC_scaffold84839-augustus-gene-0.9-mRNA-1	Adig_XM_015904181.1	10.0	S	0.0
Stycar_maker-SC_scaffold84839-augustus-gene-0.9-mRNA-1	Hhon_g06887.t1	10.0	S	0.0
Stycar_maker-SC_scaffold84839-augustus-gene-0.9-mRNA-1	Spur_XM_786416.5	10.0	S	0.0
Stycar_maker-SC_scaffold84839-augustus-gene-0.9-mRNA-1	Exapal_XM_021037786.2	10.0	S	0.0
Stycar_maker-SC_scaffold84839-augustus-gene-0.9-mRNA-1	Skow_XM_006816532.1	10.0	S	0.0
Emue_Em0011g49a.t1	Bralan_BLAG13000622_1	10.0	S	0.0
Emue_Em0011g49a.t1	Gasp_gasp1.m3.7264.m1	10.0	S	0.0
Emue_Em0011g49a.t1	Hsap_ENST00000614443	10.0	S	0.0
Emue_Em0011g49a.t1	HoiH23_PlH23_004365-RA	10.0	S	0.0
Emue_Em0011g49a.t1	TrH2_TrispH2_005317-RA	10.0	S	0.0
Emue_Em0011g49a.t1	Spur_XM_030996286.1	10.0	S	0.0
Emue_Em0011g49a.t1	HoiH04_mRNA11870	10.0	S	0.0
Emue_Em0011g49a.t1	Gfas_gfas1.m1.6571.m1	10.0	S	0.0
Emue_Em0011g49a.t1	Ctel_gnl_WGS_AMQN_CAPTEDRAFT_mRNA138269	10.0	S	0.0
Emue_Em0011g49a.t1	Nvec_v1g209576	10.0	S	0.0
Emue_Em0011g49a.t1	Pocdam_XM_027203830.1	10.0	S	0.0
Emue_Em0011g49a.t1	Spis_XP_022803145_1	10.0	S	0.0
Emue_Em0011g49a.t1	Fspp_ffun1.m4.12692.m1	10.0	S	0.0
Emue_Em0011g49a.t1	Tadh_TriadT28955	10.0	S	0.0
Emue_Em0011g49a.t1	HoiH11_mRNA3955	10.0	S	0.0
Emue_Em0011g49a.t1	Adig_XM_015904181.1	10.0	S	0.0
Emue_Em0011g49a.t1	Hhon_g06887.t1	10.0	S	0.0
Emue_Em0011g49a.t1	Spur_XM_786416.5	10.0	S	0.0
Emue_Em0011g49a.t1	Exapal_XM_021037786.2	10.0	S	0.0
Emue_Em0011g49a.t1	Skow_XM_006816532.1	10.0	S	0.0
Stycar_snap_masked-SC_scaffold36053-processed-gene-0.1-mRNA-1	Bralan_BLAG13000622_1	10.0	S	0.0
Stycar_snap_masked-SC_scaffold36053-processed-gene-0.1-mRNA-1	Gasp_gasp1.m3.7264.m1	10.0	S	0.0
Stycar_snap_masked-SC_scaffold36053-processed-gene-0.1-mRNA-1	Hsap_ENST00000614443	10.0	S	0.0
Stycar_snap_masked-SC_scaffold36053-processed-gene-0.1-mRNA-1	HoiH23_PlH23_004365-RA	10.0	S	0.0
Stycar_snap_masked-SC_scaffold36053-processed-gene-0.1-mRNA-1	TrH2_TrispH2_005317-RA	10.0	S	0.0
Stycar_snap_masked-SC_scaffold36053-processed-gene-0.1-mRNA-1	Spur_XM_030996286.1	10.0	S	0.0
Stycar_snap_masked-SC_scaffold36053-processed-gene-0.1-mRNA-1	HoiH04_mRNA11870	10.0	S	0.0
Stycar_snap_masked-SC_scaffold36053-processed-gene-0.1-mRNA-1	Gfas_gfas1.m1.6571.m1	10.0	S	0.0
Stycar_snap_masked-SC_scaffold36053-processed-gene-0.1-mRNA-1	Ctel_gnl_WGS_AMQN_CAPTEDRAFT_mRNA138269	10.0	S	0.0
Stycar_snap_masked-SC_scaffold36053-processed-gene-0.1-mRNA-1	Nvec_v1g209576	10.0	S	0.0
Stycar_snap_masked-SC_scaffold36053-processed-gene-0.1-mRNA-1	Pocdam_XM_027203830.1	10.0	S	0.0
Stycar_snap_masked-SC_scaffold36053-processed-gene-0.1-mRNA-1	Spis_XP_022803145_1	10.0	S	0.0
Stycar_snap_masked-SC_scaffold36053-processed-gene-0.1-mRNA-1	Fspp_ffun1.m4.12692.m1	10.0	S	0.0
Stycar_snap_masked-SC_scaffold36053-processed-gene-0.1-mRNA-1	Tadh_TriadT28955	10.0	S	0.0
Stycar_snap_masked-SC_scaffold36053-processed-gene-0.1-mRNA-1	HoiH11_mRNA3955	10.0	S	0.0
Stycar_snap_masked-SC_scaffold36053-processed-gene-0.1-mRNA-1	Adig_XM_015904181.1	10.0	S	0.0
Stycar_snap_masked-SC_scaffold36053-processed-gene-0.1-mRNA-1	Hhon_g06887.t1	10.0	S	0.0
Stycar_snap_masked-SC_scaffold36053-processed-gene-0.1-mRNA-1	Spur_XM_786416.5	10.0	S	0.0
Stycar_snap_masked-SC_scaffold36053-processed-gene-0.1-mRNA-1	Exapal_XM_021037786.2	10.0	S	0.0
Stycar_snap_masked-SC_scaffold36053-processed-gene-0.1-mRNA-1	Skow_XM_006816532.1	10.0	S	0.0
Xestes_maker-XT_scaffold128004-snap-gene-0.2-mRNA-1	Bralan_BLAG13000622_1	10.0	S	0.0
Xestes_maker-XT_scaffold128004-snap-gene-0.2-mRNA-1	Gasp_gasp1.m3.7264.m1	10.0	S	0.0
Xestes_maker-XT_scaffold128004-snap-gene-0.2-mRNA-1	Hsap_ENST00000614443	10.0	S	0.0
Xestes_maker-XT_scaffold128004-snap-gene-0.2-mRNA-1	HoiH23_PlH23_004365-RA	10.0	S	0.0
Xestes_maker-XT_scaffold128004-snap-gene-0.2-mRNA-1	TrH2_TrispH2_005317-RA	10.0	S	0.0
Xestes_maker-XT_scaffold128004-snap-gene-0.2-mRNA-1	Spur_XM_030996286.1	10.0	S	0.0
Xestes_maker-XT_scaffold128004-snap-gene-0.2-mRNA-1	HoiH04_mRNA11870	10.0	S	0.0
Xestes_maker-XT_scaffold128004-snap-gene-0.2-mRNA-1	Gfas_gfas1.m1.6571.m1	10.0	S	0.0
Xestes_maker-XT_scaffold128004-snap-gene-0.2-mRNA-1	Ctel_gnl_WGS_AMQN_CAPTEDRAFT_mRNA138269	10.0	S	0.0
Xestes_maker-XT_scaffold128004-snap-gene-0.2-mRNA-1	Nvec_v1g209576	10.0	S	0.0
Xestes_maker-XT_scaffold128004-snap-gene-0.2-mRNA-1	Pocdam_XM_027203830.1	10.0	S	0.0
Xestes_maker-XT_scaffold128004-snap-gene-0.2-mRNA-1	Spis_XP_022803145_1	10.0	S	0.0
Xestes_maker-XT_scaffold128004-snap-gene-0.2-mRNA-1	Fspp_ffun1.m4.12692.m1	10.0	S	0.0
Xestes_maker-XT_scaffold128004-snap-gene-0.2-mRNA-1	Tadh_TriadT28955	10.0	S	0.0
Xestes_maker-XT_scaffold128004-snap-gene-0.2-mRNA-1	HoiH11_mRNA3955	10.0	S	0.0
Xestes_maker-XT_scaffold128004-snap-gene-0.2-mRNA-1	Adig_XM_015904181.1	10.0	S	0.0
Xestes_maker-XT_scaffold128004-snap-gene-0.2-mRNA-1	Hhon_g06887.t1	10.0	S	0.0
Xestes_maker-XT_scaffold128004-snap-gene-0.2-mRNA-1	Spur_XM_786416.5	10.0	S	0.0
Xestes_maker-XT_scaffold128004-snap-gene-0.2-mRNA-1	Exapal_XM_021037786.2	10.0	S	0.0
Xestes_maker-XT_scaffold128004-snap-gene-0.2-mRNA-1	Skow_XM_006816532.1	10.0	S	0.0
Plespi_Pspi_C612352_01	Bralan_BLAG13000622_1	10.0	S	0.0
Plespi_Pspi_C612352_01	Gasp_gasp1.m3.7264.m1	10.0	S	0.0
Plespi_Pspi_C612352_01	Hsap_ENST00000614443	10.0	S	0.0
Plespi_Pspi_C612352_01	HoiH23_PlH23_004365-RA	10.0	S	0.0
Plespi_Pspi_C612352_01	TrH2_TrispH2_005317-RA	10.0	S	0.0
Plespi_Pspi_C612352_01	Spur_XM_030996286.1	10.0	S	0.0
Plespi_Pspi_C612352_01	HoiH04_mRNA11870	10.0	S	0.0
Plespi_Pspi_C612352_01	Gfas_gfas1.m1.6571.m1	10.0	S	0.0
Plespi_Pspi_C612352_01	Ctel_gnl_WGS_AMQN_CAPTEDRAFT_mRNA138269	10.0	S	0.0
Plespi_Pspi_C612352_01	Nvec_v1g209576	10.0	S	0.0
Plespi_Pspi_C612352_01	Pocdam_XM_027203830.1	10.0	S	0.0
Plespi_Pspi_C612352_01	Spis_XP_022803145_1	10.0	S	0.0
Plespi_Pspi_C612352_01	Fspp_ffun1.m4.12692.m1	10.0	S	0.0
Plespi_Pspi_C612352_01	Tadh_TriadT28955	10.0	S	0.0
Plespi_Pspi_C612352_01	HoiH11_mRNA3955	10.0	S	0.0
Plespi_Pspi_C612352_01	Adig_XM_015904181.1	10.0	S	0.0
Plespi_Pspi_C612352_01	Hhon_g06887.t1	10.0	S	0.0
Plespi_Pspi_C612352_01	Spur_XM_786416.5	10.0	S	0.0
Plespi_Pspi_C612352_01	Exapal_XM_021037786.2	10.0	S	0.0
Plespi_Pspi_C612352_01	Skow_XM_006816532.1	10.0	S	0.0
Stycar_maker-SC_scaffold138306-augustus-gene-0.4-mRNA-1	Bralan_BLAG13000622_1	10.0	S	0.0
Stycar_maker-SC_scaffold138306-augustus-gene-0.4-mRNA-1	Gasp_gasp1.m3.7264.m1	10.0	S	0.0
Stycar_maker-SC_scaffold138306-augustus-gene-0.4-mRNA-1	Hsap_ENST00000614443	10.0	S	0.0
Stycar_maker-SC_scaffold138306-augustus-gene-0.4-mRNA-1	HoiH23_PlH23_004365-RA	10.0	S	0.0
Stycar_maker-SC_scaffold138306-augustus-gene-0.4-mRNA-1	TrH2_TrispH2_005317-RA	10.0	S	0.0
Stycar_maker-SC_scaffold138306-augustus-gene-0.4-mRNA-1	Spur_XM_030996286.1	10.0	S	0.0
Stycar_maker-SC_scaffold138306-augustus-gene-0.4-mRNA-1	HoiH04_mRNA11870	10.0	S	0.0
Stycar_maker-SC_scaffold138306-augustus-gene-0.4-mRNA-1	Gfas_gfas1.m1.6571.m1	10.0	S	0.0
Stycar_maker-SC_scaffold138306-augustus-gene-0.4-mRNA-1	Ctel_gnl_WGS_AMQN_CAPTEDRAFT_mRNA138269	10.0	S	0.0
Stycar_maker-SC_scaffold138306-augustus-gene-0.4-mRNA-1	Nvec_v1g209576	10.0	S	0.0
Stycar_maker-SC_scaffold138306-augustus-gene-0.4-mRNA-1	Pocdam_XM_027203830.1	10.0	S	0.0
Stycar_maker-SC_scaffold138306-augustus-gene-0.4-mRNA-1	Spis_XP_022803145_1	10.0	S	0.0
Stycar_maker-SC_scaffold138306-augustus-gene-0.4-mRNA-1	Fspp_ffun1.m4.12692.m1	10.0	S	0.0
Stycar_maker-SC_scaffold138306-augustus-gene-0.4-mRNA-1	Tadh_TriadT28955	10.0	S	0.0
Stycar_maker-SC_scaffold138306-augustus-gene-0.4-mRNA-1	HoiH11_mRNA3955	10.0	S	0.0
Stycar_maker-SC_scaffold138306-augustus-gene-0.4-mRNA-1	Adig_XM_015904181.1	10.0	S	0.0
Stycar_maker-SC_scaffold138306-augustus-gene-0.4-mRNA-1	Hhon_g06887.t1	10.0	S	0.0
Stycar_maker-SC_scaffold138306-augustus-gene-0.4-mRNA-1	Spur_XM_786416.5	10.0	S	0.0
Stycar_maker-SC_scaffold138306-augustus-gene-0.4-mRNA-1	Exapal_XM_021037786.2	10.0	S	0.0
Stycar_maker-SC_scaffold138306-augustus-gene-0.4-mRNA-1	Skow_XM_006816532.1	10.0	S	0.0
Spolac_c91573_g2_i1_m.7024c91573-g1	Bralan_BLAG13000622_1	10.0	S	0.0
Spolac_c91573_g2_i1_m.7024c91573-g1	Gasp_gasp1.m3.7264.m1	10.0	S	0.0
Spolac_c91573_g2_i1_m.7024c91573-g1	Hsap_ENST00000614443	10.0	S	0.0
Spolac_c91573_g2_i1_m.7024c91573-g1	HoiH23_PlH23_004365-RA	10.0	S	0.0
Spolac_c91573_g2_i1_m.7024c91573-g1	TrH2_TrispH2_005317-RA	10.0	S	0.0
Spolac_c91573_g2_i1_m.7024c91573-g1	Spur_XM_030996286.1	10.0	S	0.0
Spolac_c91573_g2_i1_m.7024c91573-g1	HoiH04_mRNA11870	10.0	S	0.0
Spolac_c91573_g2_i1_m.7024c91573-g1	Gfas_gfas1.m1.6571.m1	10.0	S	0.0
Spolac_c91573_g2_i1_m.7024c91573-g1	Ctel_gnl_WGS_AMQN_CAPTEDRAFT_mRNA138269	10.0	S	0.0
Spolac_c91573_g2_i1_m.7024c91573-g1	Nvec_v1g209576	10.0	S	0.0
Spolac_c91573_g2_i1_m.7024c91573-g1	Pocdam_XM_027203830.1	10.0	S	0.0
Spolac_c91573_g2_i1_m.7024c91573-g1	Spis_XP_022803145_1	10.0	S	0.0
Spolac_c91573_g2_i1_m.7024c91573-g1	Fspp_ffun1.m4.12692.m1	10.0	S	0.0
Spolac_c91573_g2_i1_m.7024c91573-g1	Tadh_TriadT28955	10.0	S	0.0
Spolac_c91573_g2_i1_m.7024c91573-g1	HoiH11_mRNA3955	10.0	S	0.0
Spolac_c91573_g2_i1_m.7024c91573-g1	Adig_XM_015904181.1	10.0	S	0.0
Spolac_c91573_g2_i1_m.7024c91573-g1	Hhon_g06887.t1	10.0	S	0.0
Spolac_c91573_g2_i1_m.7024c91573-g1	Spur_XM_786416.5	10.0	S	0.0
Spolac_c91573_g2_i1_m.7024c91573-g1	Exapal_XM_021037786.2	10.0	S	0.0
Spolac_c91573_g2_i1_m.7024c91573-g1	Skow_XM_006816532.1	10.0	S	0.0
Cgig_XM_034456211.1	Bralan_BLAG13000622_1	10.0	S	0.0
Cgig_XM_034456211.1	Gasp_gasp1.m3.7264.m1	10.0	S	0.0
Cgig_XM_034456211.1	Hsap_ENST00000614443	10.0	S	0.0
Cgig_XM_034456211.1	HoiH23_PlH23_004365-RA	10.0	S	0.0
Cgig_XM_034456211.1	TrH2_TrispH2_005317-RA	10.0	S	0.0
Cgig_XM_034456211.1	Spur_XM_030996286.1	10.0	S	0.0
Cgig_XM_034456211.1	HoiH04_mRNA11870	10.0	S	0.0
Cgig_XM_034456211.1	Gfas_gfas1.m1.6571.m1	10.0	S	0.0
Cgig_XM_034456211.1	Ctel_gnl_WGS_AMQN_CAPTEDRAFT_mRNA138269	10.0	S	0.0
Cgig_XM_034456211.1	Nvec_v1g209576	10.0	S	0.0
Cgig_XM_034456211.1	Pocdam_XM_027203830.1	10.0	S	0.0
Cgig_XM_034456211.1	Spis_XP_022803145_1	10.0	S	0.0
Cgig_XM_034456211.1	Fspp_ffun1.m4.12692.m1	10.0	S	0.0
Cgig_XM_034456211.1	Tadh_TriadT28955	10.0	S	0.0
Cgig_XM_034456211.1	HoiH11_mRNA3955	10.0	S	0.0
Cgig_XM_034456211.1	Adig_XM_015904181.1	10.0	S	0.0
Cgig_XM_034456211.1	Hhon_g06887.t1	10.0	S	0.0
Cgig_XM_034456211.1	Spur_XM_786416.5	10.0	S	0.0
Cgig_XM_034456211.1	Exapal_XM_021037786.2	10.0	S	0.0
Cgig_XM_034456211.1	Skow_XM_006816532.1	10.0	S	0.0
Tetwil_g25780.t1	Bralan_BLAG13000622_1	10.0	S	0.0
Tetwil_g25780.t1	Gasp_gasp1.m3.7264.m1	10.0	S	0.0
Tetwil_g25780.t1	Hsap_ENST00000614443	10.0	S	0.0
Tetwil_g25780.t1	HoiH23_PlH23_004365-RA	10.0	S	0.0
Tetwil_g25780.t1	TrH2_TrispH2_005317-RA	10.0	S	0.0
Tetwil_g25780.t1	Spur_XM_030996286.1	10.0	S	0.0
Tetwil_g25780.t1	HoiH04_mRNA11870	10.0	S	0.0
Tetwil_g25780.t1	Gfas_gfas1.m1.6571.m1	10.0	S	0.0
Tetwil_g25780.t1	Ctel_gnl_WGS_AMQN_CAPTEDRAFT_mRNA138269	10.0	S	0.0
Tetwil_g25780.t1	Nvec_v1g209576	10.0	S	0.0
Tetwil_g25780.t1	Pocdam_XM_027203830.1	10.0	S	0.0
Tetwil_g25780.t1	Spis_XP_022803145_1	10.0	S	0.0
Tetwil_g25780.t1	Fspp_ffun1.m4.12692.m1	10.0	S	0.0
Tetwil_g25780.t1	Tadh_TriadT28955	10.0	S	0.0
Tetwil_g25780.t1	HoiH11_mRNA3955	10.0	S	0.0
Tetwil_g25780.t1	Adig_XM_015904181.1	10.0	S	0.0
Tetwil_g25780.t1	Hhon_g06887.t1	10.0	S	0.0
Tetwil_g25780.t1	Spur_XM_786416.5	10.0	S	0.0
Tetwil_g25780.t1	Exapal_XM_021037786.2	10.0	S	0.0
Tetwil_g25780.t1	Skow_XM_006816532.1	10.0	S	0.0
Halamb_c53629_g2_i2m.36059	Bralan_BLAG13000622_1	10.0	S	0.0
Halamb_c53629_g2_i2m.36059	Gasp_gasp1.m3.7264.m1	10.0	S	0.0
Halamb_c53629_g2_i2m.36059	Hsap_ENST00000614443	10.0	S	0.0
Halamb_c53629_g2_i2m.36059	HoiH23_PlH23_004365-RA	10.0	S	0.0
Halamb_c53629_g2_i2m.36059	TrH2_TrispH2_005317-RA	10.0	S	0.0
Halamb_c53629_g2_i2m.36059	Spur_XM_030996286.1	10.0	S	0.0
Halamb_c53629_g2_i2m.36059	HoiH04_mRNA11870	10.0	S	0.0
Halamb_c53629_g2_i2m.36059	Gfas_gfas1.m1.6571.m1	10.0	S	0.0
Halamb_c53629_g2_i2m.36059	Ctel_gnl_WGS_AMQN_CAPTEDRAFT_mRNA138269	10.0	S	0.0
Halamb_c53629_g2_i2m.36059	Nvec_v1g209576	10.0	S	0.0
Halamb_c53629_g2_i2m.36059	Pocdam_XM_027203830.1	10.0	S	0.0
Halamb_c53629_g2_i2m.36059	Spis_XP_022803145_1	10.0	S	0.0
Halamb_c53629_g2_i2m.36059	Fspp_ffun1.m4.12692.m1	10.0	S	0.0
Halamb_c53629_g2_i2m.36059	Tadh_TriadT28955	10.0	S	0.0
Halamb_c53629_g2_i2m.36059	HoiH11_mRNA3955	10.0	S	0.0
Halamb_c53629_g2_i2m.36059	Adig_XM_015904181.1	10.0	S	0.0
Halamb_c53629_g2_i2m.36059	Hhon_g06887.t1	10.0	S	0.0
Halamb_c53629_g2_i2m.36059	Spur_XM_786416.5	10.0	S	0.0
Halamb_c53629_g2_i2m.36059	Exapal_XM_021037786.2	10.0	S	0.0
Halamb_c53629_g2_i2m.36059	Skow_XM_006816532.1	10.0	S	0.0
Spolac_c91573_g1_i1_m.7023c91573-g1	Bralan_BLAG13000622_1	10.0	S	0.0
Spolac_c91573_g1_i1_m.7023c91573-g1	Gasp_gasp1.m3.7264.m1	10.0	S	0.0
Spolac_c91573_g1_i1_m.7023c91573-g1	Hsap_ENST00000614443	10.0	S	0.0
Spolac_c91573_g1_i1_m.7023c91573-g1	HoiH23_PlH23_004365-RA	10.0	S	0.0
Spolac_c91573_g1_i1_m.7023c91573-g1	TrH2_TrispH2_005317-RA	10.0	S	0.0
Spolac_c91573_g1_i1_m.7023c91573-g1	Spur_XM_030996286.1	10.0	S	0.0
Spolac_c91573_g1_i1_m.7023c91573-g1	HoiH04_mRNA11870	10.0	S	0.0
Spolac_c91573_g1_i1_m.7023c91573-g1	Gfas_gfas1.m1.6571.m1	10.0	S	0.0
Spolac_c91573_g1_i1_m.7023c91573-g1	Ctel_gnl_WGS_AMQN_CAPTEDRAFT_mRNA138269	10.0	S	0.0
Spolac_c91573_g1_i1_m.7023c91573-g1	Nvec_v1g209576	10.0	S	0.0
Spolac_c91573_g1_i1_m.7023c91573-g1	Pocdam_XM_027203830.1	10.0	S	0.0
Spolac_c91573_g1_i1_m.7023c91573-g1	Spis_XP_022803145_1	10.0	S	0.0
Spolac_c91573_g1_i1_m.7023c91573-g1	Fspp_ffun1.m4.12692.m1	10.0	S	0.0
Spolac_c91573_g1_i1_m.7023c91573-g1	Tadh_TriadT28955	10.0	S	0.0
Spolac_c91573_g1_i1_m.7023c91573-g1	HoiH11_mRNA3955	10.0	S	0.0
Spolac_c91573_g1_i1_m.7023c91573-g1	Adig_XM_015904181.1	10.0	S	0.0
Spolac_c91573_g1_i1_m.7023c91573-g1	Hhon_g06887.t1	10.0	S	0.0
Spolac_c91573_g1_i1_m.7023c91573-g1	Spur_XM_786416.5	10.0	S	0.0
Spolac_c91573_g1_i1_m.7023c91573-g1	Exapal_XM_021037786.2	10.0	S	0.0
Spolac_c91573_g1_i1_m.7023c91573-g1	Skow_XM_006816532.1	10.0	S	0.0
Acagra_model.g2031.t1.1.5d3b8378	Bralan_BLAG13000622_1	10.0	S	0.0
Acagra_model.g2031.t1.1.5d3b8378	Gasp_gasp1.m3.7264.m1	10.0	S	0.0
Acagra_model.g2031.t1.1.5d3b8378	Hsap_ENST00000614443	10.0	S	0.0
Acagra_model.g2031.t1.1.5d3b8378	HoiH23_PlH23_004365-RA	10.0	S	0.0
Acagra_model.g2031.t1.1.5d3b8378	TrH2_TrispH2_005317-RA	10.0	S	0.0
Acagra_model.g2031.t1.1.5d3b8378	Spur_XM_030996286.1	10.0	S	0.0
Acagra_model.g2031.t1.1.5d3b8378	HoiH04_mRNA11870	10.0	S	0.0
Acagra_model.g2031.t1.1.5d3b8378	Gfas_gfas1.m1.6571.m1	10.0	S	0.0
Acagra_model.g2031.t1.1.5d3b8378	Ctel_gnl_WGS_AMQN_CAPTEDRAFT_mRNA138269	10.0	S	0.0
Acagra_model.g2031.t1.1.5d3b8378	Nvec_v1g209576	10.0	S	0.0
Acagra_model.g2031.t1.1.5d3b8378	Pocdam_XM_027203830.1	10.0	S	0.0
Acagra_model.g2031.t1.1.5d3b8378	Spis_XP_022803145_1	10.0	S	0.0
Acagra_model.g2031.t1.1.5d3b8378	Fspp_ffun1.m4.12692.m1	10.0	S	0.0
Acagra_model.g2031.t1.1.5d3b8378	Tadh_TriadT28955	10.0	S	0.0
Acagra_model.g2031.t1.1.5d3b8378	HoiH11_mRNA3955	10.0	S	0.0
Acagra_model.g2031.t1.1.5d3b8378	Adig_XM_015904181.1	10.0	S	0.0
Acagra_model.g2031.t1.1.5d3b8378	Hhon_g06887.t1	10.0	S	0.0
Acagra_model.g2031.t1.1.5d3b8378	Spur_XM_786416.5	10.0	S	0.0
Acagra_model.g2031.t1.1.5d3b8378	Exapal_XM_021037786.2	10.0	S	0.0
Acagra_model.g2031.t1.1.5d3b8378	Skow_XM_006816532.1	10.0	S	0.0
Salinf_EP00049_Salpingoeca_infusionum_P028096	Microa_EP00043_Microstomoeca_roanoka_P016252	82.0	S	0.0
Salinf_EP00049_Salpingoeca_infusionum_P028096	Sros_EGD73059	82.0	S	0.0
Helnan_EP00037_Helgoeca_nana_P021043	Acaspe_EP00035_Acanthoeca_spectabilis_P013058	100.0	S	0.0
Helnan_EP00037_Helgoeca_nana_P021043	Acaspe_EP00035_Acanthoeca_spectabilis_P013064	100.0	S	0.0
Coemet_Cmet_scaffold16074_01	Vmul_Simscaffold13461_01	71.0	S	0.0
Coemet_Cmet_scaffold16074_01	Vmul_SimC371547	71.0	S	0.0
Mlei_ML0084.g1.i1	Horcal_Hcv1.av93.c10.g582.i1	98.0	S	0.0
Mlei_ML0084.g1.i1	Pbac_sb2664413	98.0	S	0.0
Mlei_ML0084.g1.i1	Pbac_sb2666617	98.0	S	0.0
Bolinf_Binf_sb1216733	Horcal_Hcv1.av93.c10.g582.i1	98.0	S	0.0
Bolinf_Binf_sb1216733	Pbac_sb2664413	98.0	S	0.0
Bolinf_Binf_sb1216733	Pbac_sb2666617	98.0	S	0.0
Horcal_Hcv1.av93.c13.g336.i1	Pbac_sb2660011	100.0	S	0.0
Horcal_Hcv1.av93.c13.g336.i1	Pbac_sb2652734	100.0	S	0.0
Lampan_Lpan_C415091_01	Mertsp_Mesp_sb549529	100.0	S	0.0
Lampan_Lpan_C415091_01	Bolinf_Binf_sb1220299	100.0	S	0.0
Lampan_Lpan_C415091_01	Beraby_Baby_sb324206	100.0	S	0.0
Lampan_Lpan_C415091_01	Bolinf_Binf_sb1220300	100.0	S	0.0
Lampan_Lpan_C415091_01	Mertsp_Mesp_sb549530	100.0	S	0.0
Lampan_Lpan_C415091_01	Mlei_ML0021.g5.i1	100.0	S	0.0
Nemnom_g12041.t1	Sanmal_Sma_011645-T1	99.0	S	0.0
Nemnom_g12041.t1	Aaur_scaffold168.g1.t1	99.0	S	0.0
Rhoesc_Res_016409-T1	Sanmal_Sma_011645-T1	99.0	S	0.0
Rhoesc_Res_016409-T1	Aaur_scaffold168.g1.t1	99.0	S	0.0
Hvul_g29898_1	Chem_TCONS_00014455	99.0	S	0.0
Lcom_lcpid34176	Leuniv_Lniv_scaffold25744_01	100.0	S	0.0
Lcom_lcpid34176	Scil_scict014551.1	100.0	S	0.0
Plajan_Pjan_C560135_01	Ocar_g9664	99.0	S	0.0
Plajan_Pjan_C560135_01	Opea_EP00118_Oscarella_pearsei_P011784	99.0	S	0.0
Cgig_XM_034456211.1	Stycar_maker-SC_scaffold84839-augustus-gene-0.9-mRNA-1	31.0	S	0.0
Cgig_XM_034456211.1	Emue_Em0011g49a.t1	31.0	S	0.0
Cgig_XM_034456211.1	Stycar_snap_masked-SC_scaffold36053-processed-gene-0.1-mRNA-1	31.0	S	0.0
Cgig_XM_034456211.1	Xestes_maker-XT_scaffold128004-snap-gene-0.2-mRNA-1	31.0	S	0.0
Cgig_XM_034456211.1	Plespi_Pspi_C612352_01	31.0	S	0.0
Cgig_XM_034456211.1	Stycar_maker-SC_scaffold138306-augustus-gene-0.4-mRNA-1	31.0	S	0.0
Cgig_XM_034456211.1	Spolac_c91573_g2_i1_m.7024c91573-g1	31.0	S	0.0
Cgig_XM_034456211.1	Tetwil_g25780.t1	31.0	S	0.0
Cgig_XM_034456211.1	Halamb_c53629_g2_i2m.36059	31.0	S	0.0
Cgig_XM_034456211.1	Spolac_c91573_g1_i1_m.7023c91573-g1	31.0	S	0.0
Acagra_model.g2031.t1.1.5d3b8378	Stycar_maker-SC_scaffold84839-augustus-gene-0.9-mRNA-1	31.0	S	0.0
Acagra_model.g2031.t1.1.5d3b8378	Emue_Em0011g49a.t1	31.0	S	0.0
Acagra_model.g2031.t1.1.5d3b8378	Stycar_snap_masked-SC_scaffold36053-processed-gene-0.1-mRNA-1	31.0	S	0.0
Acagra_model.g2031.t1.1.5d3b8378	Xestes_maker-XT_scaffold128004-snap-gene-0.2-mRNA-1	31.0	S	0.0
Acagra_model.g2031.t1.1.5d3b8378	Plespi_Pspi_C612352_01	31.0	S	0.0
Acagra_model.g2031.t1.1.5d3b8378	Stycar_maker-SC_scaffold138306-augustus-gene-0.4-mRNA-1	31.0	S	0.0
Acagra_model.g2031.t1.1.5d3b8378	Spolac_c91573_g2_i1_m.7024c91573-g1	31.0	S	0.0
Acagra_model.g2031.t1.1.5d3b8378	Tetwil_g25780.t1	31.0	S	0.0
Acagra_model.g2031.t1.1.5d3b8378	Halamb_c53629_g2_i2m.36059	31.0	S	0.0
Acagra_model.g2031.t1.1.5d3b8378	Spolac_c91573_g1_i1_m.7023c91573-g1	31.0	S	0.0
HoiH11_mRNA3955	Adig_XM_015904181.1	43.0	S	0.0
HoiH11_mRNA3955	Ctel_gnl_WGS_AMQN_CAPTEDRAFT_mRNA138269	43.0	S	0.0
HoiH11_mRNA3955	Bralan_BLAG13000622_1	43.0	S	0.0
HoiH11_mRNA3955	Skow_XM_006816532.1	43.0	S	0.0
HoiH11_mRNA3955	Gasp_gasp1.m3.7264.m1	43.0	S	0.0
HoiH11_mRNA3955	Hsap_ENST00000614443	43.0	S	0.0
HoiH11_mRNA3955	Gfas_gfas1.m1.6571.m1	43.0	S	0.0
HoiH11_mRNA3955	Nvec_v1g209576	43.0	S	0.0
HoiH11_mRNA3955	Pocdam_XM_027203830.1	43.0	S	0.0
HoiH11_mRNA3955	Spis_XP_022803145_1	43.0	S	0.0
HoiH11_mRNA3955	Spur_XM_030996286.1	43.0	S	0.0
HoiH11_mRNA3955	Spur_XM_786416.5	43.0	S	0.0
HoiH11_mRNA3955	Fspp_ffun1.m4.12692.m1	43.0	S	0.0
HoiH11_mRNA3955	Exapal_XM_021037786.2	43.0	S	0.0
HoiH23_PlH23_004365-RA	Adig_XM_015904181.1	43.0	S	0.0
HoiH23_PlH23_004365-RA	Ctel_gnl_WGS_AMQN_CAPTEDRAFT_mRNA138269	43.0	S	0.0
HoiH23_PlH23_004365-RA	Bralan_BLAG13000622_1	43.0	S	0.0
HoiH23_PlH23_004365-RA	Skow_XM_006816532.1	43.0	S	0.0
HoiH23_PlH23_004365-RA	Gasp_gasp1.m3.7264.m1	43.0	S	0.0
HoiH23_PlH23_004365-RA	Hsap_ENST00000614443	43.0	S	0.0
HoiH23_PlH23_004365-RA	Gfas_gfas1.m1.6571.m1	43.0	S	0.0
HoiH23_PlH23_004365-RA	Nvec_v1g209576	43.0	S	0.0
HoiH23_PlH23_004365-RA	Pocdam_XM_027203830.1	43.0	S	0.0
HoiH23_PlH23_004365-RA	Spis_XP_022803145_1	43.0	S	0.0
HoiH23_PlH23_004365-RA	Spur_XM_030996286.1	43.0	S	0.0
HoiH23_PlH23_004365-RA	Spur_XM_786416.5	43.0	S	0.0
HoiH23_PlH23_004365-RA	Fspp_ffun1.m4.12692.m1	43.0	S	0.0
HoiH23_PlH23_004365-RA	Exapal_XM_021037786.2	43.0	S	0.0
TrH2_TrispH2_005317-RA	Adig_XM_015904181.1	43.0	S	0.0
TrH2_TrispH2_005317-RA	Ctel_gnl_WGS_AMQN_CAPTEDRAFT_mRNA138269	43.0	S	0.0
TrH2_TrispH2_005317-RA	Bralan_BLAG13000622_1	43.0	S	0.0
TrH2_TrispH2_005317-RA	Skow_XM_006816532.1	43.0	S	0.0
TrH2_TrispH2_005317-RA	Gasp_gasp1.m3.7264.m1	43.0	S	0.0
TrH2_TrispH2_005317-RA	Hsap_ENST00000614443	43.0	S	0.0
TrH2_TrispH2_005317-RA	Gfas_gfas1.m1.6571.m1	43.0	S	0.0
TrH2_TrispH2_005317-RA	Nvec_v1g209576	43.0	S	0.0
TrH2_TrispH2_005317-RA	Pocdam_XM_027203830.1	43.0	S	0.0
TrH2_TrispH2_005317-RA	Spis_XP_022803145_1	43.0	S	0.0
TrH2_TrispH2_005317-RA	Spur_XM_030996286.1	43.0	S	0.0
TrH2_TrispH2_005317-RA	Spur_XM_786416.5	43.0	S	0.0
TrH2_TrispH2_005317-RA	Fspp_ffun1.m4.12692.m1	43.0	S	0.0
TrH2_TrispH2_005317-RA	Exapal_XM_021037786.2	43.0	S	0.0
Hhon_g06887.t1	Adig_XM_015904181.1	43.0	S	0.0
Hhon_g06887.t1	Ctel_gnl_WGS_AMQN_CAPTEDRAFT_mRNA138269	43.0	S	0.0
Hhon_g06887.t1	Bralan_BLAG13000622_1	43.0	S	0.0
Hhon_g06887.t1	Skow_XM_006816532.1	43.0	S	0.0
Hhon_g06887.t1	Gasp_gasp1.m3.7264.m1	43.0	S	0.0
Hhon_g06887.t1	Hsap_ENST00000614443	43.0	S	0.0
Hhon_g06887.t1	Gfas_gfas1.m1.6571.m1	43.0	S	0.0
Hhon_g06887.t1	Nvec_v1g209576	43.0	S	0.0
Hhon_g06887.t1	Pocdam_XM_027203830.1	43.0	S	0.0
Hhon_g06887.t1	Spis_XP_022803145_1	43.0	S	0.0
Hhon_g06887.t1	Spur_XM_030996286.1	43.0	S	0.0
Hhon_g06887.t1	Spur_XM_786416.5	43.0	S	0.0
Hhon_g06887.t1	Fspp_ffun1.m4.12692.m1	43.0	S	0.0
Hhon_g06887.t1	Exapal_XM_021037786.2	43.0	S	0.0
HoiH04_mRNA11870	Adig_XM_015904181.1	43.0	S	0.0
HoiH04_mRNA11870	Ctel_gnl_WGS_AMQN_CAPTEDRAFT_mRNA138269	43.0	S	0.0
HoiH04_mRNA11870	Bralan_BLAG13000622_1	43.0	S	0.0
HoiH04_mRNA11870	Skow_XM_006816532.1	43.0	S	0.0
HoiH04_mRNA11870	Gasp_gasp1.m3.7264.m1	43.0	S	0.0
HoiH04_mRNA11870	Hsap_ENST00000614443	43.0	S	0.0
HoiH04_mRNA11870	Gfas_gfas1.m1.6571.m1	43.0	S	0.0
HoiH04_mRNA11870	Nvec_v1g209576	43.0	S	0.0
HoiH04_mRNA11870	Pocdam_XM_027203830.1	43.0	S	0.0
HoiH04_mRNA11870	Spis_XP_022803145_1	43.0	S	0.0
HoiH04_mRNA11870	Spur_XM_030996286.1	43.0	S	0.0
HoiH04_mRNA11870	Spur_XM_786416.5	43.0	S	0.0
HoiH04_mRNA11870	Fspp_ffun1.m4.12692.m1	43.0	S	0.0
HoiH04_mRNA11870	Exapal_XM_021037786.2	43.0	S	0.0
Tadh_TriadT28955	Adig_XM_015904181.1	43.0	S	0.0
Tadh_TriadT28955	Ctel_gnl_WGS_AMQN_CAPTEDRAFT_mRNA138269	43.0	S	0.0
Tadh_TriadT28955	Bralan_BLAG13000622_1	43.0	S	0.0
Tadh_TriadT28955	Skow_XM_006816532.1	43.0	S	0.0
Tadh_TriadT28955	Gasp_gasp1.m3.7264.m1	43.0	S	0.0
Tadh_TriadT28955	Hsap_ENST00000614443	43.0	S	0.0
Tadh_TriadT28955	Gfas_gfas1.m1.6571.m1	43.0	S	0.0
Tadh_TriadT28955	Nvec_v1g209576	43.0	S	0.0
Tadh_TriadT28955	Pocdam_XM_027203830.1	43.0	S	0.0
Tadh_TriadT28955	Spis_XP_022803145_1	43.0	S	0.0
Tadh_TriadT28955	Spur_XM_030996286.1	43.0	S	0.0
Tadh_TriadT28955	Spur_XM_786416.5	43.0	S	0.0
Tadh_TriadT28955	Fspp_ffun1.m4.12692.m1	43.0	S	0.0
Tadh_TriadT28955	Exapal_XM_021037786.2	43.0	S	0.0
Microa_EP00043_Microstomoeca_roanoka_P016252	Sros_EGD73059	100.0	S	0.0
Acaspe_EP00035_Acanthoeca_spectabilis_P013064	Acaspe_EP00035_Acanthoeca_spectabilis_P013058	100.0	D	1.0
Vmul_SimC371547	Vmul_Simscaffold13461_01	70.0	D	1.0
Bolinf_Binf_sb1216733	Mlei_ML0084.g1.i1	100.0	S	0.0
Pbac_sb2652734	Pbac_sb2660011	100.0	D	1.0
Mlei_ML0021.g5.i1	Bolinf_Binf_sb1220299	98.0	S	0.0
Mlei_ML0021.g5.i1	Mertsp_Mesp_sb549529	98.0	S	0.0
Mlei_ML0021.g5.i1	Bolinf_Binf_sb1220300	98.0	S	0.0
Mlei_ML0021.g5.i1	Mertsp_Mesp_sb549530	98.0	S	0.0
Beraby_Baby_sb324206	Bolinf_Binf_sb1220299	98.0	S	0.0
Beraby_Baby_sb324206	Mertsp_Mesp_sb549529	98.0	S	0.0
Beraby_Baby_sb324206	Bolinf_Binf_sb1220300	98.0	S	0.0
Beraby_Baby_sb324206	Mertsp_Mesp_sb549530	98.0	S	0.0
Nemnom_g12041.t1	Rhoesc_Res_016409-T1	100.0	S	0.0
Aaur_scaffold168.g1.t1	Sanmal_Sma_011645-T1	96.0	S	0.0
Scil_scict014551.1	Leuniv_Lniv_scaffold25744_01	99.0	S	0.0
Opea_EP00118_Oscarella_pearsei_P011784	Ocar_g9664	100.0	S	0.0
Cgig_XM_034456211.1	Acagra_model.g2031.t1.1.5d3b8378	95.0	S	0.0
Plespi_Pspi_C612352_01	Stycar_maker-SC_scaffold84839-augustus-gene-0.9-mRNA-1	61.0	S	0.0
Plespi_Pspi_C612352_01	Emue_Em0011g49a.t1	61.0	S	0.0
Plespi_Pspi_C612352_01	Stycar_snap_masked-SC_scaffold36053-processed-gene-0.1-mRNA-1	61.0	S	0.0
Plespi_Pspi_C612352_01	Xestes_maker-XT_scaffold128004-snap-gene-0.2-mRNA-1	61.0	S	0.0
Plespi_Pspi_C612352_01	Stycar_maker-SC_scaffold138306-augustus-gene-0.4-mRNA-1	61.0	S	0.0
Plespi_Pspi_C612352_01	Spolac_c91573_g2_i1_m.7024c91573-g1	61.0	S	0.0
Plespi_Pspi_C612352_01	Tetwil_g25780.t1	61.0	S	0.0
Plespi_Pspi_C612352_01	Halamb_c53629_g2_i2m.36059	61.0	S	0.0
Plespi_Pspi_C612352_01	Spolac_c91573_g1_i1_m.7023c91573-g1	61.0	S	0.0
TrH2_TrispH2_005317-RA	Hhon_g06887.t1	100.0	S	0.0
TrH2_TrispH2_005317-RA	HoiH23_PlH23_004365-RA	100.0	S	0.0
TrH2_TrispH2_005317-RA	HoiH04_mRNA11870	100.0	S	0.0
TrH2_TrispH2_005317-RA	HoiH11_mRNA3955	100.0	S	0.0
Tadh_TriadT28955	Hhon_g06887.t1	100.0	S	0.0
Tadh_TriadT28955	HoiH23_PlH23_004365-RA	100.0	S	0.0
Tadh_TriadT28955	HoiH04_mRNA11870	100.0	S	0.0
Tadh_TriadT28955	HoiH11_mRNA3955	100.0	S	0.0
Ctel_gnl_WGS_AMQN_CAPTEDRAFT_mRNA138269	Adig_XM_015904181.1	34.0	S	0.0
Ctel_gnl_WGS_AMQN_CAPTEDRAFT_mRNA138269	Gasp_gasp1.m3.7264.m1	34.0	S	0.0
Ctel_gnl_WGS_AMQN_CAPTEDRAFT_mRNA138269	Gfas_gfas1.m1.6571.m1	34.0	S	0.0
Ctel_gnl_WGS_AMQN_CAPTEDRAFT_mRNA138269	Nvec_v1g209576	34.0	S	0.0
Ctel_gnl_WGS_AMQN_CAPTEDRAFT_mRNA138269	Pocdam_XM_027203830.1	34.0	S	0.0
Ctel_gnl_WGS_AMQN_CAPTEDRAFT_mRNA138269	Spis_XP_022803145_1	34.0	S	0.0
Ctel_gnl_WGS_AMQN_CAPTEDRAFT_mRNA138269	Fspp_ffun1.m4.12692.m1	34.0	S	0.0
Ctel_gnl_WGS_AMQN_CAPTEDRAFT_mRNA138269	Exapal_XM_021037786.2	34.0	S	0.0
Bralan_BLAG13000622_1	Adig_XM_015904181.1	34.0	S	0.0
Bralan_BLAG13000622_1	Gasp_gasp1.m3.7264.m1	34.0	S	0.0
Bralan_BLAG13000622_1	Gfas_gfas1.m1.6571.m1	34.0	S	0.0
Bralan_BLAG13000622_1	Nvec_v1g209576	34.0	S	0.0
Bralan_BLAG13000622_1	Pocdam_XM_027203830.1	34.0	S	0.0
Bralan_BLAG13000622_1	Spis_XP_022803145_1	34.0	S	0.0
Bralan_BLAG13000622_1	Fspp_ffun1.m4.12692.m1	34.0	S	0.0
Bralan_BLAG13000622_1	Exapal_XM_021037786.2	34.0	S	0.0
Skow_XM_006816532.1	Adig_XM_015904181.1	34.0	S	0.0
Skow_XM_006816532.1	Gasp_gasp1.m3.7264.m1	34.0	S	0.0
Skow_XM_006816532.1	Gfas_gfas1.m1.6571.m1	34.0	S	0.0
Skow_XM_006816532.1	Nvec_v1g209576	34.0	S	0.0
Skow_XM_006816532.1	Pocdam_XM_027203830.1	34.0	S	0.0
Skow_XM_006816532.1	Spis_XP_022803145_1	34.0	S	0.0
Skow_XM_006816532.1	Fspp_ffun1.m4.12692.m1	34.0	S	0.0
Skow_XM_006816532.1	Exapal_XM_021037786.2	34.0	S	0.0
Hsap_ENST00000614443	Adig_XM_015904181.1	34.0	S	0.0
Hsap_ENST00000614443	Gasp_gasp1.m3.7264.m1	34.0	S	0.0
Hsap_ENST00000614443	Gfas_gfas1.m1.6571.m1	34.0	S	0.0
Hsap_ENST00000614443	Nvec_v1g209576	34.0	S	0.0
Hsap_ENST00000614443	Pocdam_XM_027203830.1	34.0	S	0.0
Hsap_ENST00000614443	Spis_XP_022803145_1	34.0	S	0.0
Hsap_ENST00000614443	Fspp_ffun1.m4.12692.m1	34.0	S	0.0
Hsap_ENST00000614443	Exapal_XM_021037786.2	34.0	S	0.0
Spur_XM_030996286.1	Adig_XM_015904181.1	34.0	S	0.0
Spur_XM_030996286.1	Gasp_gasp1.m3.7264.m1	34.0	S	0.0
Spur_XM_030996286.1	Gfas_gfas1.m1.6571.m1	34.0	S	0.0
Spur_XM_030996286.1	Nvec_v1g209576	34.0	S	0.0
Spur_XM_030996286.1	Pocdam_XM_027203830.1	34.0	S	0.0
Spur_XM_030996286.1	Spis_XP_022803145_1	34.0	S	0.0
Spur_XM_030996286.1	Fspp_ffun1.m4.12692.m1	34.0	S	0.0
Spur_XM_030996286.1	Exapal_XM_021037786.2	34.0	S	0.0
Spur_XM_786416.5	Adig_XM_015904181.1	34.0	S	0.0
Spur_XM_786416.5	Gasp_gasp1.m3.7264.m1	34.0	S	0.0
Spur_XM_786416.5	Gfas_gfas1.m1.6571.m1	34.0	S	0.0
Spur_XM_786416.5	Nvec_v1g209576	34.0	S	0.0
Spur_XM_786416.5	Pocdam_XM_027203830.1	34.0	S	0.0
Spur_XM_786416.5	Spis_XP_022803145_1	34.0	S	0.0
Spur_XM_786416.5	Fspp_ffun1.m4.12692.m1	34.0	S	0.0
Spur_XM_786416.5	Exapal_XM_021037786.2	34.0	S	0.0
Pbac_sb2664413	Horcal_Hcv1.av93.c10.g582.i1	87.0	S	0.0
Mlei_ML0021.g5.i1	Beraby_Baby_sb324206	96.0	S	0.0
Bolinf_Binf_sb1220299	Mertsp_Mesp_sb549529	100.0	S	0.0
Bolinf_Binf_sb1220299	Mertsp_Mesp_sb549530	100.0	S	0.0
Bolinf_Binf_sb1220300	Mertsp_Mesp_sb549529	100.0	S	0.0
Bolinf_Binf_sb1220300	Mertsp_Mesp_sb549530	100.0	S	0.0
TrH2_TrispH2_005317-RA	Tadh_TriadT28955	100.0	S	0.0
HoiH11_mRNA3955	Hhon_g06887.t1	99.0	S	0.0
HoiH11_mRNA3955	HoiH23_PlH23_004365-RA	99.0	S	0.0
HoiH11_mRNA3955	HoiH04_mRNA11870	99.0	S	0.0
Ctel_gnl_WGS_AMQN_CAPTEDRAFT_mRNA138269	Skow_XM_006816532.1	29.0	S	0.0
Ctel_gnl_WGS_AMQN_CAPTEDRAFT_mRNA138269	Spur_XM_030996286.1	29.0	S	0.0
Ctel_gnl_WGS_AMQN_CAPTEDRAFT_mRNA138269	Hsap_ENST00000614443	29.0	S	0.0
Ctel_gnl_WGS_AMQN_CAPTEDRAFT_mRNA138269	Spur_XM_786416.5	29.0	S	0.0
Bralan_BLAG13000622_1	Skow_XM_006816532.1	29.0	S	0.0
Bralan_BLAG13000622_1	Spur_XM_030996286.1	29.0	S	0.0
Bralan_BLAG13000622_1	Hsap_ENST00000614443	29.0	S	0.0
Bralan_BLAG13000622_1	Spur_XM_786416.5	29.0	S	0.0
Nvec_v1g209576	Adig_XM_015904181.1	100.0	S	0.0
Nvec_v1g209576	Gasp_gasp1.m3.7264.m1	100.0	S	0.0
Nvec_v1g209576	Pocdam_XM_027203830.1	100.0	S	0.0
Nvec_v1g209576	Spis_XP_022803145_1	100.0	S	0.0
Nvec_v1g209576	Fspp_ffun1.m4.12692.m1	100.0	S	0.0
Nvec_v1g209576	Gfas_gfas1.m1.6571.m1	100.0	S	0.0
Exapal_XM_021037786.2	Adig_XM_015904181.1	100.0	S	0.0
Exapal_XM_021037786.2	Gasp_gasp1.m3.7264.m1	100.0	S	0.0
Exapal_XM_021037786.2	Pocdam_XM_027203830.1	100.0	S	0.0
Exapal_XM_021037786.2	Spis_XP_022803145_1	100.0	S	0.0
Exapal_XM_021037786.2	Fspp_ffun1.m4.12692.m1	100.0	S	0.0
Exapal_XM_021037786.2	Gfas_gfas1.m1.6571.m1	100.0	S	0.0
Bolinf_Binf_sb1220299	Bolinf_Binf_sb1220300	84.0	D	1.0
Mertsp_Mesp_sb549529	Mertsp_Mesp_sb549530	48.0	D	1.0
Halamb_c53629_g2_i2m.36059	Stycar_maker-SC_scaffold84839-augustus-gene-0.9-mRNA-1	53.0	S	0.0
Halamb_c53629_g2_i2m.36059	Stycar_snap_masked-SC_scaffold36053-processed-gene-0.1-mRNA-1	53.0	S	0.0
Xestes_maker-XT_scaffold128004-snap-gene-0.2-mRNA-1	Stycar_maker-SC_scaffold84839-augustus-gene-0.9-mRNA-1	53.0	S	0.0
Xestes_maker-XT_scaffold128004-snap-gene-0.2-mRNA-1	Stycar_snap_masked-SC_scaffold36053-processed-gene-0.1-mRNA-1	53.0	S	0.0
Stycar_maker-SC_scaffold138306-augustus-gene-0.4-mRNA-1	Spolac_c91573_g2_i1_m.7024c91573-g1	99.0	S	0.0
Stycar_maker-SC_scaffold138306-augustus-gene-0.4-mRNA-1	Emue_Em0011g49a.t1	99.0	S	0.0
Stycar_maker-SC_scaffold138306-augustus-gene-0.4-mRNA-1	Spolac_c91573_g1_i1_m.7023c91573-g1	99.0	S	0.0
Tetwil_g25780.t1	Spolac_c91573_g2_i1_m.7024c91573-g1	99.0	S	0.0
Tetwil_g25780.t1	Emue_Em0011g49a.t1	99.0	S	0.0
Tetwil_g25780.t1	Spolac_c91573_g1_i1_m.7023c91573-g1	99.0	S	0.0
HoiH23_PlH23_004365-RA	Hhon_g06887.t1	100.0	S	0.0
HoiH23_PlH23_004365-RA	HoiH04_mRNA11870	100.0	S	0.0
Bralan_BLAG13000622_1	Ctel_gnl_WGS_AMQN_CAPTEDRAFT_mRNA138269	81.0	S	0.0
Hsap_ENST00000614443	Skow_XM_006816532.1	27.0	S	0.0
Hsap_ENST00000614443	Spur_XM_030996286.1	27.0	S	0.0
Hsap_ENST00000614443	Spur_XM_786416.5	27.0	S	0.0
Nvec_v1g209576	Exapal_XM_021037786.2	99.0	S	0.0
Adig_XM_015904181.1	Gasp_gasp1.m3.7264.m1	100.0	S	0.0
Adig_XM_015904181.1	Spis_XP_022803145_1	100.0	S	0.0
Adig_XM_015904181.1	Pocdam_XM_027203830.1	100.0	S	0.0
Adig_XM_015904181.1	Fspp_ffun1.m4.12692.m1	100.0	S	0.0
Gfas_gfas1.m1.6571.m1	Gasp_gasp1.m3.7264.m1	100.0	S	0.0
Gfas_gfas1.m1.6571.m1	Spis_XP_022803145_1	100.0	S	0.0
Gfas_gfas1.m1.6571.m1	Pocdam_XM_027203830.1	100.0	S	0.0
Gfas_gfas1.m1.6571.m1	Fspp_ffun1.m4.12692.m1	100.0	S	0.0
Halamb_c53629_g2_i2m.36059	Xestes_maker-XT_scaffold128004-snap-gene-0.2-mRNA-1	98.0	S	0.0
Stycar_maker-SC_scaffold84839-augustus-gene-0.9-mRNA-1	Stycar_snap_masked-SC_scaffold36053-processed-gene-0.1-mRNA-1	100.0	D	1.0
Stycar_maker-SC_scaffold138306-augustus-gene-0.4-mRNA-1	Tetwil_g25780.t1	98.0	S	0.0
Hhon_g06887.t1	HoiH04_mRNA11870	100.0	S	0.0
Skow_XM_006816532.1	Spur_XM_030996286.1	94.0	S	0.0
Skow_XM_006816532.1	Spur_XM_786416.5	94.0	S	0.0
Gfas_gfas1.m1.6571.m1	Adig_XM_015904181.1	92.0	S	0.0
Fspp_ffun1.m4.12692.m1	Gasp_gasp1.m3.7264.m1	100.0	S	0.0
Fspp_ffun1.m4.12692.m1	Pocdam_XM_027203830.1	100.0	S	0.0
Fspp_ffun1.m4.12692.m1	Spis_XP_022803145_1	100.0	S	0.0
Spolac_c91573_g2_i1_m.7024c91573-g1	Emue_Em0011g49a.t1	98.0	S	0.0
Spur_XM_030996286.1	Spur_XM_786416.5	100.0	D	1.0
Gasp_gasp1.m3.7264.m1	Pocdam_XM_027203830.1	98.0	S	0.0
Gasp_gasp1.m3.7264.m1	Spis_XP_022803145_1	98.0	S	0.0
Spis_XP_022803145_1	Pocdam_XM_027203830.1	100.0	S	0.0
