in_gene	out_gene	branch_support	ev_type	sos
Choper_EP00045_Choanoeca_perplexa_P015408	Beraby_Baby_sb342165	1.0	S	0.0
Choper_EP00045_Choanoeca_perplexa_P015408	Eupdun_Edun_sb10645053	1.0	S	0.0
Choper_EP00045_Choanoeca_perplexa_P015408	Dpul_mRNA30319	1.0	S	0.0
Choper_EP00045_Choanoeca_perplexa_P015408	Xesp_022341-T1	1.0	S	0.0
Choper_EP00045_Choanoeca_perplexa_P015408	Tetwil_g10236.t1	1.0	S	0.0
Choper_EP00045_Choanoeca_perplexa_P015408	HoiH06_mRNA8392	1.0	S	0.0
Choper_EP00045_Choanoeca_perplexa_P015408	Beraby_Baby_sb342166	1.0	S	0.0
Choper_EP00045_Choanoeca_perplexa_P015408	Spur_XM_003729814.3	1.0	S	0.0
Choper_EP00045_Choanoeca_perplexa_P015408	Coeast_Cast_sb804167	1.0	S	0.0
Choper_EP00045_Choanoeca_perplexa_P015408	Morvir_scaffold157.g18.t1	1.0	S	0.0
Choper_EP00045_Choanoeca_perplexa_P015408	Spolac_c95648_g1_i1_m.11806c95648-g1	1.0	S	0.0
Choper_EP00045_Choanoeca_perplexa_P015408	Aque_Aqu2.1.37973_001	1.0	S	0.0
Choper_EP00045_Choanoeca_perplexa_P015408	Spolac_c95648_g1_i2_m.11808c95648-g1	1.0	S	0.0
Choper_EP00045_Choanoeca_perplexa_P015408	Coeast_Cast_sb804166	1.0	S	0.0
Choper_EP00045_Choanoeca_perplexa_P015408	Mlei_ML2213.g16.i1	1.0	S	0.0
Choper_EP00045_Choanoeca_perplexa_P015408	HoiH11_mRNA3287	1.0	S	0.0
Choper_EP00045_Choanoeca_perplexa_P015408	Drygla_Dgla_sb293668	1.0	S	0.0
Choper_EP00045_Choanoeca_perplexa_P015408	Coemet_Cmet_scaffold22591_01	1.0	S	0.0
Choper_EP00045_Choanoeca_perplexa_P015408	Emue_Em0017g932a.t1	1.0	S	0.0
Choper_EP00045_Choanoeca_perplexa_P015408	Nvec_v1g914	1.0	S	0.0
Choper_EP00045_Choanoeca_perplexa_P015408	Hhon_g04564.t1	1.0	S	0.0
Choper_EP00045_Choanoeca_perplexa_P015408	Hvul_g12058_1	1.0	S	0.0
Choper_EP00045_Choanoeca_perplexa_P015408	Ctel_gnl_WGS_AMQN_CAPTEDRAFT_mRNA123077	1.0	S	0.0
Choper_EP00045_Choanoeca_perplexa_P015408	Fspp_ffun1.m4.30376.m1	1.0	S	0.0
Choper_EP00045_Choanoeca_perplexa_P015408	Lampan_Lpan_13909_01	1.0	S	0.0
Choper_EP00045_Choanoeca_perplexa_P015408	Tcas_TC006411_001	1.0	S	0.0
Choper_EP00045_Choanoeca_perplexa_P015408	Mertsp_Mesp_sb609140	1.0	S	0.0
Choper_EP00045_Choanoeca_perplexa_P015408	Spur_XM_030979846.1	1.0	S	0.0
Choper_EP00045_Choanoeca_perplexa_P015408	Acagra_model.g4018.t1	1.0	S	0.0
Choper_EP00045_Choanoeca_perplexa_P015408	TrH2_TrispH2_009559-RA	1.0	S	0.0
Choper_EP00045_Choanoeca_perplexa_P015408	Scil_scict000436.1	1.0	S	0.0
Choper_EP00045_Choanoeca_perplexa_P015408	Morvir_scaffold1035.g1.t1	1.0	S	0.0
Choper_EP00045_Choanoeca_perplexa_P015408	Amil_Amillepora10126-RA	1.0	S	0.0
Choper_EP00045_Choanoeca_perplexa_P015408	Eupdun_Edun_sb10645055	1.0	S	0.0
Choper_EP00045_Choanoeca_perplexa_P015408	Clacor_Ccor_C538091_01	1.0	S	0.0
Choper_EP00045_Choanoeca_perplexa_P015408	Dgig_XM_028543784.1	1.0	S	0.0
Choper_EP00045_Choanoeca_perplexa_P015408	Gasp_gasp1.m3.6150.m1	1.0	S	0.0
Choper_EP00045_Choanoeca_perplexa_P015408	Xestes_maker-XT_scaffold3006-snap-gene-0.27-mRNA-1	1.0	S	0.0
Choper_EP00045_Choanoeca_perplexa_P015408	HoiH04_mRNA2983	1.0	S	0.0
Choper_EP00045_Choanoeca_perplexa_P015408	Aaur_scaffold609.g1.t1	1.0	S	0.0
Choper_EP00045_Choanoeca_perplexa_P015408	Exapal_XM_021038793.2	1.0	S	0.0
Choper_EP00045_Choanoeca_perplexa_P015408	Plespi_Pspi_C602138_01	1.0	S	0.0
Choper_EP00045_Choanoeca_perplexa_P015408	Bralan_BLAG15000821_1	1.0	S	0.0
Choper_EP00045_Choanoeca_perplexa_P015408	Pbac_sb2643729	1.0	S	0.0
Choper_EP00045_Choanoeca_perplexa_P015408	Pocdam_XM_027181812.1	1.0	S	0.0
Choper_EP00045_Choanoeca_perplexa_P015408	Stycar_maker-SC_scaffold90983-snap-gene-0.9-mRNA-1	1.0	S	0.0
Choper_EP00045_Choanoeca_perplexa_P015408	Nvec_v1g225045	1.0	S	0.0
Choper_EP00045_Choanoeca_perplexa_P015408	Chem_TCONS_00050510	1.0	S	0.0
Choper_EP00045_Choanoeca_perplexa_P015408	Adig_XM_015919965.1	1.0	S	0.0
Choper_EP00045_Choanoeca_perplexa_P015408	Halamb_c6690_g1_i2mm.7363	1.0	S	0.0
Choper_EP00045_Choanoeca_perplexa_P015408	Eupdun_Edun_sb10645052	1.0	S	0.0
Choper_EP00045_Choanoeca_perplexa_P015408	Stycar_maker-SC_scaffold64473-snap-gene-0.12-mRNA-1	1.0	S	0.0
Choper_EP00045_Choanoeca_perplexa_P015408	Sanmal_Sma_008744-T1	1.0	S	0.0
Choper_EP00045_Choanoeca_perplexa_P015408	Vmul_SimC396500	1.0	S	0.0
Choper_EP00045_Choanoeca_perplexa_P015408	Skow_XM_002741382.2	1.0	S	0.0
Choper_EP00045_Choanoeca_perplexa_P015408	Sanmal_Sma_022765-T1	1.0	S	0.0
Choper_EP00045_Choanoeca_perplexa_P015408	Leuniv_Lniv_scaffold5766_01	1.0	S	0.0
Choper_EP00045_Choanoeca_perplexa_P015408	Gfas_gfas1.m1.1088.m1	1.0	S	0.0
Choper_EP00045_Choanoeca_perplexa_P015408	Spis_XP_022798685_1	1.0	S	0.0
Choper_EP00045_Choanoeca_perplexa_P015408	Horcal_Hcv1.av93.c3.g988.i1	1.0	S	0.0
Choper_EP00045_Choanoeca_perplexa_P015408	Hsap_ENST00000199814	1.0	S	0.0
Choper_EP00045_Choanoeca_perplexa_P015408	HoiH23_PlH23_003399-RA	1.0	S	0.0
Choper_EP00045_Choanoeca_perplexa_P015408	Eupdun_Edun_sb10645054	1.0	S	0.0
Choper_EP00045_Choanoeca_perplexa_P015408	Gracom_Gcom_scaffold16437_01	1.0	S	0.0
Choper_EP00045_Choanoeca_perplexa_P015408	Morvir_scaffold157.g19.t1	1.0	S	0.0
Choper_EP00045_Choanoeca_perplexa_P015408	Ocar_g9865	1.0	S	0.0
Choper_EP00045_Choanoeca_perplexa_P015408	Opea_EP00118_Oscarella_pearsei_P029005	1.0	S	0.0
Choper_EP00045_Choanoeca_perplexa_P015408	Cgig_XM_011455940.3	1.0	S	0.0
Choper_EP00045_Choanoeca_perplexa_P015408	Nemnom_g2814.t1	1.0	S	0.0
Choper_EP00045_Choanoeca_perplexa_P015408	Lcom_lcpid114428	1.0	S	0.0
Diagra_EP00040_Diaphanoeca_grandis_P017949	Beraby_Baby_sb342165	1.0	S	0.0
Diagra_EP00040_Diaphanoeca_grandis_P017949	Eupdun_Edun_sb10645053	1.0	S	0.0
Diagra_EP00040_Diaphanoeca_grandis_P017949	Dpul_mRNA30319	1.0	S	0.0
Diagra_EP00040_Diaphanoeca_grandis_P017949	Xesp_022341-T1	1.0	S	0.0
Diagra_EP00040_Diaphanoeca_grandis_P017949	Tetwil_g10236.t1	1.0	S	0.0
Diagra_EP00040_Diaphanoeca_grandis_P017949	HoiH06_mRNA8392	1.0	S	0.0
Diagra_EP00040_Diaphanoeca_grandis_P017949	Beraby_Baby_sb342166	1.0	S	0.0
Diagra_EP00040_Diaphanoeca_grandis_P017949	Spur_XM_003729814.3	1.0	S	0.0
Diagra_EP00040_Diaphanoeca_grandis_P017949	Coeast_Cast_sb804167	1.0	S	0.0
Diagra_EP00040_Diaphanoeca_grandis_P017949	Morvir_scaffold157.g18.t1	1.0	S	0.0
Diagra_EP00040_Diaphanoeca_grandis_P017949	Spolac_c95648_g1_i1_m.11806c95648-g1	1.0	S	0.0
Diagra_EP00040_Diaphanoeca_grandis_P017949	Aque_Aqu2.1.37973_001	1.0	S	0.0
Diagra_EP00040_Diaphanoeca_grandis_P017949	Spolac_c95648_g1_i2_m.11808c95648-g1	1.0	S	0.0
Diagra_EP00040_Diaphanoeca_grandis_P017949	Coeast_Cast_sb804166	1.0	S	0.0
Diagra_EP00040_Diaphanoeca_grandis_P017949	Mlei_ML2213.g16.i1	1.0	S	0.0
Diagra_EP00040_Diaphanoeca_grandis_P017949	HoiH11_mRNA3287	1.0	S	0.0
Diagra_EP00040_Diaphanoeca_grandis_P017949	Drygla_Dgla_sb293668	1.0	S	0.0
Diagra_EP00040_Diaphanoeca_grandis_P017949	Coemet_Cmet_scaffold22591_01	1.0	S	0.0
Diagra_EP00040_Diaphanoeca_grandis_P017949	Emue_Em0017g932a.t1	1.0	S	0.0
Diagra_EP00040_Diaphanoeca_grandis_P017949	Nvec_v1g914	1.0	S	0.0
Diagra_EP00040_Diaphanoeca_grandis_P017949	Hhon_g04564.t1	1.0	S	0.0
Diagra_EP00040_Diaphanoeca_grandis_P017949	Hvul_g12058_1	1.0	S	0.0
Diagra_EP00040_Diaphanoeca_grandis_P017949	Ctel_gnl_WGS_AMQN_CAPTEDRAFT_mRNA123077	1.0	S	0.0
Diagra_EP00040_Diaphanoeca_grandis_P017949	Fspp_ffun1.m4.30376.m1	1.0	S	0.0
Diagra_EP00040_Diaphanoeca_grandis_P017949	Lampan_Lpan_13909_01	1.0	S	0.0
Diagra_EP00040_Diaphanoeca_grandis_P017949	Tcas_TC006411_001	1.0	S	0.0
Diagra_EP00040_Diaphanoeca_grandis_P017949	Mertsp_Mesp_sb609140	1.0	S	0.0
Diagra_EP00040_Diaphanoeca_grandis_P017949	Spur_XM_030979846.1	1.0	S	0.0
Diagra_EP00040_Diaphanoeca_grandis_P017949	Acagra_model.g4018.t1	1.0	S	0.0
Diagra_EP00040_Diaphanoeca_grandis_P017949	TrH2_TrispH2_009559-RA	1.0	S	0.0
Diagra_EP00040_Diaphanoeca_grandis_P017949	Scil_scict000436.1	1.0	S	0.0
Diagra_EP00040_Diaphanoeca_grandis_P017949	Morvir_scaffold1035.g1.t1	1.0	S	0.0
Diagra_EP00040_Diaphanoeca_grandis_P017949	Amil_Amillepora10126-RA	1.0	S	0.0
Diagra_EP00040_Diaphanoeca_grandis_P017949	Eupdun_Edun_sb10645055	1.0	S	0.0
Diagra_EP00040_Diaphanoeca_grandis_P017949	Clacor_Ccor_C538091_01	1.0	S	0.0
Diagra_EP00040_Diaphanoeca_grandis_P017949	Dgig_XM_028543784.1	1.0	S	0.0
Diagra_EP00040_Diaphanoeca_grandis_P017949	Gasp_gasp1.m3.6150.m1	1.0	S	0.0
Diagra_EP00040_Diaphanoeca_grandis_P017949	Xestes_maker-XT_scaffold3006-snap-gene-0.27-mRNA-1	1.0	S	0.0
Diagra_EP00040_Diaphanoeca_grandis_P017949	HoiH04_mRNA2983	1.0	S	0.0
Diagra_EP00040_Diaphanoeca_grandis_P017949	Aaur_scaffold609.g1.t1	1.0	S	0.0
Diagra_EP00040_Diaphanoeca_grandis_P017949	Exapal_XM_021038793.2	1.0	S	0.0
Diagra_EP00040_Diaphanoeca_grandis_P017949	Plespi_Pspi_C602138_01	1.0	S	0.0
Diagra_EP00040_Diaphanoeca_grandis_P017949	Bralan_BLAG15000821_1	1.0	S	0.0
Diagra_EP00040_Diaphanoeca_grandis_P017949	Pbac_sb2643729	1.0	S	0.0
Diagra_EP00040_Diaphanoeca_grandis_P017949	Pocdam_XM_027181812.1	1.0	S	0.0
Diagra_EP00040_Diaphanoeca_grandis_P017949	Stycar_maker-SC_scaffold90983-snap-gene-0.9-mRNA-1	1.0	S	0.0
Diagra_EP00040_Diaphanoeca_grandis_P017949	Nvec_v1g225045	1.0	S	0.0
Diagra_EP00040_Diaphanoeca_grandis_P017949	Chem_TCONS_00050510	1.0	S	0.0
Diagra_EP00040_Diaphanoeca_grandis_P017949	Adig_XM_015919965.1	1.0	S	0.0
Diagra_EP00040_Diaphanoeca_grandis_P017949	Halamb_c6690_g1_i2mm.7363	1.0	S	0.0
Diagra_EP00040_Diaphanoeca_grandis_P017949	Eupdun_Edun_sb10645052	1.0	S	0.0
Diagra_EP00040_Diaphanoeca_grandis_P017949	Stycar_maker-SC_scaffold64473-snap-gene-0.12-mRNA-1	1.0	S	0.0
Diagra_EP00040_Diaphanoeca_grandis_P017949	Sanmal_Sma_008744-T1	1.0	S	0.0
Diagra_EP00040_Diaphanoeca_grandis_P017949	Vmul_SimC396500	1.0	S	0.0
Diagra_EP00040_Diaphanoeca_grandis_P017949	Skow_XM_002741382.2	1.0	S	0.0
Diagra_EP00040_Diaphanoeca_grandis_P017949	Sanmal_Sma_022765-T1	1.0	S	0.0
Diagra_EP00040_Diaphanoeca_grandis_P017949	Leuniv_Lniv_scaffold5766_01	1.0	S	0.0
Diagra_EP00040_Diaphanoeca_grandis_P017949	Gfas_gfas1.m1.1088.m1	1.0	S	0.0
Diagra_EP00040_Diaphanoeca_grandis_P017949	Spis_XP_022798685_1	1.0	S	0.0
Diagra_EP00040_Diaphanoeca_grandis_P017949	Horcal_Hcv1.av93.c3.g988.i1	1.0	S	0.0
Diagra_EP00040_Diaphanoeca_grandis_P017949	Hsap_ENST00000199814	1.0	S	0.0
Diagra_EP00040_Diaphanoeca_grandis_P017949	HoiH23_PlH23_003399-RA	1.0	S	0.0
Diagra_EP00040_Diaphanoeca_grandis_P017949	Eupdun_Edun_sb10645054	1.0	S	0.0
Diagra_EP00040_Diaphanoeca_grandis_P017949	Gracom_Gcom_scaffold16437_01	1.0	S	0.0
Diagra_EP00040_Diaphanoeca_grandis_P017949	Morvir_scaffold157.g19.t1	1.0	S	0.0
Diagra_EP00040_Diaphanoeca_grandis_P017949	Ocar_g9865	1.0	S	0.0
Diagra_EP00040_Diaphanoeca_grandis_P017949	Opea_EP00118_Oscarella_pearsei_P029005	1.0	S	0.0
Diagra_EP00040_Diaphanoeca_grandis_P017949	Cgig_XM_011455940.3	1.0	S	0.0
Diagra_EP00040_Diaphanoeca_grandis_P017949	Nemnom_g2814.t1	1.0	S	0.0
Diagra_EP00040_Diaphanoeca_grandis_P017949	Lcom_lcpid114428	1.0	S	0.0
Acaspe_EP00035_Acanthoeca_spectabilis_P023289	Beraby_Baby_sb342165	1.0	S	0.0
Acaspe_EP00035_Acanthoeca_spectabilis_P023289	Eupdun_Edun_sb10645053	1.0	S	0.0
Acaspe_EP00035_Acanthoeca_spectabilis_P023289	Dpul_mRNA30319	1.0	S	0.0
Acaspe_EP00035_Acanthoeca_spectabilis_P023289	Xesp_022341-T1	1.0	S	0.0
Acaspe_EP00035_Acanthoeca_spectabilis_P023289	Tetwil_g10236.t1	1.0	S	0.0
Acaspe_EP00035_Acanthoeca_spectabilis_P023289	HoiH06_mRNA8392	1.0	S	0.0
Acaspe_EP00035_Acanthoeca_spectabilis_P023289	Beraby_Baby_sb342166	1.0	S	0.0
Acaspe_EP00035_Acanthoeca_spectabilis_P023289	Spur_XM_003729814.3	1.0	S	0.0
Acaspe_EP00035_Acanthoeca_spectabilis_P023289	Coeast_Cast_sb804167	1.0	S	0.0
Acaspe_EP00035_Acanthoeca_spectabilis_P023289	Morvir_scaffold157.g18.t1	1.0	S	0.0
Acaspe_EP00035_Acanthoeca_spectabilis_P023289	Spolac_c95648_g1_i1_m.11806c95648-g1	1.0	S	0.0
Acaspe_EP00035_Acanthoeca_spectabilis_P023289	Aque_Aqu2.1.37973_001	1.0	S	0.0
Acaspe_EP00035_Acanthoeca_spectabilis_P023289	Spolac_c95648_g1_i2_m.11808c95648-g1	1.0	S	0.0
Acaspe_EP00035_Acanthoeca_spectabilis_P023289	Coeast_Cast_sb804166	1.0	S	0.0
Acaspe_EP00035_Acanthoeca_spectabilis_P023289	Mlei_ML2213.g16.i1	1.0	S	0.0
Acaspe_EP00035_Acanthoeca_spectabilis_P023289	HoiH11_mRNA3287	1.0	S	0.0
Acaspe_EP00035_Acanthoeca_spectabilis_P023289	Drygla_Dgla_sb293668	1.0	S	0.0
Acaspe_EP00035_Acanthoeca_spectabilis_P023289	Coemet_Cmet_scaffold22591_01	1.0	S	0.0
Acaspe_EP00035_Acanthoeca_spectabilis_P023289	Emue_Em0017g932a.t1	1.0	S	0.0
Acaspe_EP00035_Acanthoeca_spectabilis_P023289	Nvec_v1g914	1.0	S	0.0
Acaspe_EP00035_Acanthoeca_spectabilis_P023289	Hhon_g04564.t1	1.0	S	0.0
Acaspe_EP00035_Acanthoeca_spectabilis_P023289	Hvul_g12058_1	1.0	S	0.0
Acaspe_EP00035_Acanthoeca_spectabilis_P023289	Ctel_gnl_WGS_AMQN_CAPTEDRAFT_mRNA123077	1.0	S	0.0
Acaspe_EP00035_Acanthoeca_spectabilis_P023289	Fspp_ffun1.m4.30376.m1	1.0	S	0.0
Acaspe_EP00035_Acanthoeca_spectabilis_P023289	Lampan_Lpan_13909_01	1.0	S	0.0
Acaspe_EP00035_Acanthoeca_spectabilis_P023289	Tcas_TC006411_001	1.0	S	0.0
Acaspe_EP00035_Acanthoeca_spectabilis_P023289	Mertsp_Mesp_sb609140	1.0	S	0.0
Acaspe_EP00035_Acanthoeca_spectabilis_P023289	Spur_XM_030979846.1	1.0	S	0.0
Acaspe_EP00035_Acanthoeca_spectabilis_P023289	Acagra_model.g4018.t1	1.0	S	0.0
Acaspe_EP00035_Acanthoeca_spectabilis_P023289	TrH2_TrispH2_009559-RA	1.0	S	0.0
Acaspe_EP00035_Acanthoeca_spectabilis_P023289	Scil_scict000436.1	1.0	S	0.0
Acaspe_EP00035_Acanthoeca_spectabilis_P023289	Morvir_scaffold1035.g1.t1	1.0	S	0.0
Acaspe_EP00035_Acanthoeca_spectabilis_P023289	Amil_Amillepora10126-RA	1.0	S	0.0
Acaspe_EP00035_Acanthoeca_spectabilis_P023289	Eupdun_Edun_sb10645055	1.0	S	0.0
Acaspe_EP00035_Acanthoeca_spectabilis_P023289	Clacor_Ccor_C538091_01	1.0	S	0.0
Acaspe_EP00035_Acanthoeca_spectabilis_P023289	Dgig_XM_028543784.1	1.0	S	0.0
Acaspe_EP00035_Acanthoeca_spectabilis_P023289	Gasp_gasp1.m3.6150.m1	1.0	S	0.0
Acaspe_EP00035_Acanthoeca_spectabilis_P023289	Xestes_maker-XT_scaffold3006-snap-gene-0.27-mRNA-1	1.0	S	0.0
Acaspe_EP00035_Acanthoeca_spectabilis_P023289	HoiH04_mRNA2983	1.0	S	0.0
Acaspe_EP00035_Acanthoeca_spectabilis_P023289	Aaur_scaffold609.g1.t1	1.0	S	0.0
Acaspe_EP00035_Acanthoeca_spectabilis_P023289	Exapal_XM_021038793.2	1.0	S	0.0
Acaspe_EP00035_Acanthoeca_spectabilis_P023289	Plespi_Pspi_C602138_01	1.0	S	0.0
Acaspe_EP00035_Acanthoeca_spectabilis_P023289	Bralan_BLAG15000821_1	1.0	S	0.0
Acaspe_EP00035_Acanthoeca_spectabilis_P023289	Pbac_sb2643729	1.0	S	0.0
Acaspe_EP00035_Acanthoeca_spectabilis_P023289	Pocdam_XM_027181812.1	1.0	S	0.0
Acaspe_EP00035_Acanthoeca_spectabilis_P023289	Stycar_maker-SC_scaffold90983-snap-gene-0.9-mRNA-1	1.0	S	0.0
Acaspe_EP00035_Acanthoeca_spectabilis_P023289	Nvec_v1g225045	1.0	S	0.0
Acaspe_EP00035_Acanthoeca_spectabilis_P023289	Chem_TCONS_00050510	1.0	S	0.0
Acaspe_EP00035_Acanthoeca_spectabilis_P023289	Adig_XM_015919965.1	1.0	S	0.0
Acaspe_EP00035_Acanthoeca_spectabilis_P023289	Halamb_c6690_g1_i2mm.7363	1.0	S	0.0
Acaspe_EP00035_Acanthoeca_spectabilis_P023289	Eupdun_Edun_sb10645052	1.0	S	0.0
Acaspe_EP00035_Acanthoeca_spectabilis_P023289	Stycar_maker-SC_scaffold64473-snap-gene-0.12-mRNA-1	1.0	S	0.0
Acaspe_EP00035_Acanthoeca_spectabilis_P023289	Sanmal_Sma_008744-T1	1.0	S	0.0
Acaspe_EP00035_Acanthoeca_spectabilis_P023289	Vmul_SimC396500	1.0	S	0.0
Acaspe_EP00035_Acanthoeca_spectabilis_P023289	Skow_XM_002741382.2	1.0	S	0.0
Acaspe_EP00035_Acanthoeca_spectabilis_P023289	Sanmal_Sma_022765-T1	1.0	S	0.0
Acaspe_EP00035_Acanthoeca_spectabilis_P023289	Leuniv_Lniv_scaffold5766_01	1.0	S	0.0
Acaspe_EP00035_Acanthoeca_spectabilis_P023289	Gfas_gfas1.m1.1088.m1	1.0	S	0.0
Acaspe_EP00035_Acanthoeca_spectabilis_P023289	Spis_XP_022798685_1	1.0	S	0.0
Acaspe_EP00035_Acanthoeca_spectabilis_P023289	Horcal_Hcv1.av93.c3.g988.i1	1.0	S	0.0
Acaspe_EP00035_Acanthoeca_spectabilis_P023289	Hsap_ENST00000199814	1.0	S	0.0
Acaspe_EP00035_Acanthoeca_spectabilis_P023289	HoiH23_PlH23_003399-RA	1.0	S	0.0
Acaspe_EP00035_Acanthoeca_spectabilis_P023289	Eupdun_Edun_sb10645054	1.0	S	0.0
Acaspe_EP00035_Acanthoeca_spectabilis_P023289	Gracom_Gcom_scaffold16437_01	1.0	S	0.0
Acaspe_EP00035_Acanthoeca_spectabilis_P023289	Morvir_scaffold157.g19.t1	1.0	S	0.0
Acaspe_EP00035_Acanthoeca_spectabilis_P023289	Ocar_g9865	1.0	S	0.0
Acaspe_EP00035_Acanthoeca_spectabilis_P023289	Opea_EP00118_Oscarella_pearsei_P029005	1.0	S	0.0
Acaspe_EP00035_Acanthoeca_spectabilis_P023289	Cgig_XM_011455940.3	1.0	S	0.0
Acaspe_EP00035_Acanthoeca_spectabilis_P023289	Nemnom_g2814.t1	1.0	S	0.0
Acaspe_EP00035_Acanthoeca_spectabilis_P023289	Lcom_lcpid114428	1.0	S	0.0
Salmac_EP00052_Salpingoeca_macrocollata_P009868	Beraby_Baby_sb342165	1.0	S	0.0
Salmac_EP00052_Salpingoeca_macrocollata_P009868	Eupdun_Edun_sb10645053	1.0	S	0.0
Salmac_EP00052_Salpingoeca_macrocollata_P009868	Dpul_mRNA30319	1.0	S	0.0
Salmac_EP00052_Salpingoeca_macrocollata_P009868	Xesp_022341-T1	1.0	S	0.0
Salmac_EP00052_Salpingoeca_macrocollata_P009868	Tetwil_g10236.t1	1.0	S	0.0
Salmac_EP00052_Salpingoeca_macrocollata_P009868	HoiH06_mRNA8392	1.0	S	0.0
Salmac_EP00052_Salpingoeca_macrocollata_P009868	Beraby_Baby_sb342166	1.0	S	0.0
Salmac_EP00052_Salpingoeca_macrocollata_P009868	Spur_XM_003729814.3	1.0	S	0.0
Salmac_EP00052_Salpingoeca_macrocollata_P009868	Coeast_Cast_sb804167	1.0	S	0.0
Salmac_EP00052_Salpingoeca_macrocollata_P009868	Morvir_scaffold157.g18.t1	1.0	S	0.0
Salmac_EP00052_Salpingoeca_macrocollata_P009868	Spolac_c95648_g1_i1_m.11806c95648-g1	1.0	S	0.0
Salmac_EP00052_Salpingoeca_macrocollata_P009868	Aque_Aqu2.1.37973_001	1.0	S	0.0
Salmac_EP00052_Salpingoeca_macrocollata_P009868	Spolac_c95648_g1_i2_m.11808c95648-g1	1.0	S	0.0
Salmac_EP00052_Salpingoeca_macrocollata_P009868	Coeast_Cast_sb804166	1.0	S	0.0
Salmac_EP00052_Salpingoeca_macrocollata_P009868	Mlei_ML2213.g16.i1	1.0	S	0.0
Salmac_EP00052_Salpingoeca_macrocollata_P009868	HoiH11_mRNA3287	1.0	S	0.0
Salmac_EP00052_Salpingoeca_macrocollata_P009868	Drygla_Dgla_sb293668	1.0	S	0.0
Salmac_EP00052_Salpingoeca_macrocollata_P009868	Coemet_Cmet_scaffold22591_01	1.0	S	0.0
Salmac_EP00052_Salpingoeca_macrocollata_P009868	Emue_Em0017g932a.t1	1.0	S	0.0
Salmac_EP00052_Salpingoeca_macrocollata_P009868	Nvec_v1g914	1.0	S	0.0
Salmac_EP00052_Salpingoeca_macrocollata_P009868	Hhon_g04564.t1	1.0	S	0.0
Salmac_EP00052_Salpingoeca_macrocollata_P009868	Hvul_g12058_1	1.0	S	0.0
Salmac_EP00052_Salpingoeca_macrocollata_P009868	Ctel_gnl_WGS_AMQN_CAPTEDRAFT_mRNA123077	1.0	S	0.0
Salmac_EP00052_Salpingoeca_macrocollata_P009868	Fspp_ffun1.m4.30376.m1	1.0	S	0.0
Salmac_EP00052_Salpingoeca_macrocollata_P009868	Lampan_Lpan_13909_01	1.0	S	0.0
Salmac_EP00052_Salpingoeca_macrocollata_P009868	Tcas_TC006411_001	1.0	S	0.0
Salmac_EP00052_Salpingoeca_macrocollata_P009868	Mertsp_Mesp_sb609140	1.0	S	0.0
Salmac_EP00052_Salpingoeca_macrocollata_P009868	Spur_XM_030979846.1	1.0	S	0.0
Salmac_EP00052_Salpingoeca_macrocollata_P009868	Acagra_model.g4018.t1	1.0	S	0.0
Salmac_EP00052_Salpingoeca_macrocollata_P009868	TrH2_TrispH2_009559-RA	1.0	S	0.0
Salmac_EP00052_Salpingoeca_macrocollata_P009868	Scil_scict000436.1	1.0	S	0.0
Salmac_EP00052_Salpingoeca_macrocollata_P009868	Morvir_scaffold1035.g1.t1	1.0	S	0.0
Salmac_EP00052_Salpingoeca_macrocollata_P009868	Amil_Amillepora10126-RA	1.0	S	0.0
Salmac_EP00052_Salpingoeca_macrocollata_P009868	Eupdun_Edun_sb10645055	1.0	S	0.0
Salmac_EP00052_Salpingoeca_macrocollata_P009868	Clacor_Ccor_C538091_01	1.0	S	0.0
Salmac_EP00052_Salpingoeca_macrocollata_P009868	Dgig_XM_028543784.1	1.0	S	0.0
Salmac_EP00052_Salpingoeca_macrocollata_P009868	Gasp_gasp1.m3.6150.m1	1.0	S	0.0
Salmac_EP00052_Salpingoeca_macrocollata_P009868	Xestes_maker-XT_scaffold3006-snap-gene-0.27-mRNA-1	1.0	S	0.0
Salmac_EP00052_Salpingoeca_macrocollata_P009868	HoiH04_mRNA2983	1.0	S	0.0
Salmac_EP00052_Salpingoeca_macrocollata_P009868	Aaur_scaffold609.g1.t1	1.0	S	0.0
Salmac_EP00052_Salpingoeca_macrocollata_P009868	Exapal_XM_021038793.2	1.0	S	0.0
Salmac_EP00052_Salpingoeca_macrocollata_P009868	Plespi_Pspi_C602138_01	1.0	S	0.0
Salmac_EP00052_Salpingoeca_macrocollata_P009868	Bralan_BLAG15000821_1	1.0	S	0.0
Salmac_EP00052_Salpingoeca_macrocollata_P009868	Pbac_sb2643729	1.0	S	0.0
Salmac_EP00052_Salpingoeca_macrocollata_P009868	Pocdam_XM_027181812.1	1.0	S	0.0
Salmac_EP00052_Salpingoeca_macrocollata_P009868	Stycar_maker-SC_scaffold90983-snap-gene-0.9-mRNA-1	1.0	S	0.0
Salmac_EP00052_Salpingoeca_macrocollata_P009868	Nvec_v1g225045	1.0	S	0.0
Salmac_EP00052_Salpingoeca_macrocollata_P009868	Chem_TCONS_00050510	1.0	S	0.0
Salmac_EP00052_Salpingoeca_macrocollata_P009868	Adig_XM_015919965.1	1.0	S	0.0
Salmac_EP00052_Salpingoeca_macrocollata_P009868	Halamb_c6690_g1_i2mm.7363	1.0	S	0.0
Salmac_EP00052_Salpingoeca_macrocollata_P009868	Eupdun_Edun_sb10645052	1.0	S	0.0
Salmac_EP00052_Salpingoeca_macrocollata_P009868	Stycar_maker-SC_scaffold64473-snap-gene-0.12-mRNA-1	1.0	S	0.0
Salmac_EP00052_Salpingoeca_macrocollata_P009868	Sanmal_Sma_008744-T1	1.0	S	0.0
Salmac_EP00052_Salpingoeca_macrocollata_P009868	Vmul_SimC396500	1.0	S	0.0
Salmac_EP00052_Salpingoeca_macrocollata_P009868	Skow_XM_002741382.2	1.0	S	0.0
Salmac_EP00052_Salpingoeca_macrocollata_P009868	Sanmal_Sma_022765-T1	1.0	S	0.0
Salmac_EP00052_Salpingoeca_macrocollata_P009868	Leuniv_Lniv_scaffold5766_01	1.0	S	0.0
Salmac_EP00052_Salpingoeca_macrocollata_P009868	Gfas_gfas1.m1.1088.m1	1.0	S	0.0
Salmac_EP00052_Salpingoeca_macrocollata_P009868	Spis_XP_022798685_1	1.0	S	0.0
Salmac_EP00052_Salpingoeca_macrocollata_P009868	Horcal_Hcv1.av93.c3.g988.i1	1.0	S	0.0
Salmac_EP00052_Salpingoeca_macrocollata_P009868	Hsap_ENST00000199814	1.0	S	0.0
Salmac_EP00052_Salpingoeca_macrocollata_P009868	HoiH23_PlH23_003399-RA	1.0	S	0.0
Salmac_EP00052_Salpingoeca_macrocollata_P009868	Eupdun_Edun_sb10645054	1.0	S	0.0
Salmac_EP00052_Salpingoeca_macrocollata_P009868	Gracom_Gcom_scaffold16437_01	1.0	S	0.0
Salmac_EP00052_Salpingoeca_macrocollata_P009868	Morvir_scaffold157.g19.t1	1.0	S	0.0
Salmac_EP00052_Salpingoeca_macrocollata_P009868	Ocar_g9865	1.0	S	0.0
Salmac_EP00052_Salpingoeca_macrocollata_P009868	Opea_EP00118_Oscarella_pearsei_P029005	1.0	S	0.0
Salmac_EP00052_Salpingoeca_macrocollata_P009868	Cgig_XM_011455940.3	1.0	S	0.0
Salmac_EP00052_Salpingoeca_macrocollata_P009868	Nemnom_g2814.t1	1.0	S	0.0
Salmac_EP00052_Salpingoeca_macrocollata_P009868	Lcom_lcpid114428	1.0	S	0.0
Microa_EP00043_Microstomoeca_roanoka_P011476	Beraby_Baby_sb342165	1.0	S	0.0
Microa_EP00043_Microstomoeca_roanoka_P011476	Eupdun_Edun_sb10645053	1.0	S	0.0
Microa_EP00043_Microstomoeca_roanoka_P011476	Dpul_mRNA30319	1.0	S	0.0
Microa_EP00043_Microstomoeca_roanoka_P011476	Xesp_022341-T1	1.0	S	0.0
Microa_EP00043_Microstomoeca_roanoka_P011476	Tetwil_g10236.t1	1.0	S	0.0
Microa_EP00043_Microstomoeca_roanoka_P011476	HoiH06_mRNA8392	1.0	S	0.0
Microa_EP00043_Microstomoeca_roanoka_P011476	Beraby_Baby_sb342166	1.0	S	0.0
Microa_EP00043_Microstomoeca_roanoka_P011476	Spur_XM_003729814.3	1.0	S	0.0
Microa_EP00043_Microstomoeca_roanoka_P011476	Coeast_Cast_sb804167	1.0	S	0.0
Microa_EP00043_Microstomoeca_roanoka_P011476	Morvir_scaffold157.g18.t1	1.0	S	0.0
Microa_EP00043_Microstomoeca_roanoka_P011476	Spolac_c95648_g1_i1_m.11806c95648-g1	1.0	S	0.0
Microa_EP00043_Microstomoeca_roanoka_P011476	Aque_Aqu2.1.37973_001	1.0	S	0.0
Microa_EP00043_Microstomoeca_roanoka_P011476	Spolac_c95648_g1_i2_m.11808c95648-g1	1.0	S	0.0
Microa_EP00043_Microstomoeca_roanoka_P011476	Coeast_Cast_sb804166	1.0	S	0.0
Microa_EP00043_Microstomoeca_roanoka_P011476	Mlei_ML2213.g16.i1	1.0	S	0.0
Microa_EP00043_Microstomoeca_roanoka_P011476	HoiH11_mRNA3287	1.0	S	0.0
Microa_EP00043_Microstomoeca_roanoka_P011476	Drygla_Dgla_sb293668	1.0	S	0.0
Microa_EP00043_Microstomoeca_roanoka_P011476	Coemet_Cmet_scaffold22591_01	1.0	S	0.0
Microa_EP00043_Microstomoeca_roanoka_P011476	Emue_Em0017g932a.t1	1.0	S	0.0
Microa_EP00043_Microstomoeca_roanoka_P011476	Nvec_v1g914	1.0	S	0.0
Microa_EP00043_Microstomoeca_roanoka_P011476	Hhon_g04564.t1	1.0	S	0.0
Microa_EP00043_Microstomoeca_roanoka_P011476	Hvul_g12058_1	1.0	S	0.0
Microa_EP00043_Microstomoeca_roanoka_P011476	Ctel_gnl_WGS_AMQN_CAPTEDRAFT_mRNA123077	1.0	S	0.0
Microa_EP00043_Microstomoeca_roanoka_P011476	Fspp_ffun1.m4.30376.m1	1.0	S	0.0
Microa_EP00043_Microstomoeca_roanoka_P011476	Lampan_Lpan_13909_01	1.0	S	0.0
Microa_EP00043_Microstomoeca_roanoka_P011476	Tcas_TC006411_001	1.0	S	0.0
Microa_EP00043_Microstomoeca_roanoka_P011476	Mertsp_Mesp_sb609140	1.0	S	0.0
Microa_EP00043_Microstomoeca_roanoka_P011476	Spur_XM_030979846.1	1.0	S	0.0
Microa_EP00043_Microstomoeca_roanoka_P011476	Acagra_model.g4018.t1	1.0	S	0.0
Microa_EP00043_Microstomoeca_roanoka_P011476	TrH2_TrispH2_009559-RA	1.0	S	0.0
Microa_EP00043_Microstomoeca_roanoka_P011476	Scil_scict000436.1	1.0	S	0.0
Microa_EP00043_Microstomoeca_roanoka_P011476	Morvir_scaffold1035.g1.t1	1.0	S	0.0
Microa_EP00043_Microstomoeca_roanoka_P011476	Amil_Amillepora10126-RA	1.0	S	0.0
Microa_EP00043_Microstomoeca_roanoka_P011476	Eupdun_Edun_sb10645055	1.0	S	0.0
Microa_EP00043_Microstomoeca_roanoka_P011476	Clacor_Ccor_C538091_01	1.0	S	0.0
Microa_EP00043_Microstomoeca_roanoka_P011476	Dgig_XM_028543784.1	1.0	S	0.0
Microa_EP00043_Microstomoeca_roanoka_P011476	Gasp_gasp1.m3.6150.m1	1.0	S	0.0
Microa_EP00043_Microstomoeca_roanoka_P011476	Xestes_maker-XT_scaffold3006-snap-gene-0.27-mRNA-1	1.0	S	0.0
Microa_EP00043_Microstomoeca_roanoka_P011476	HoiH04_mRNA2983	1.0	S	0.0
Microa_EP00043_Microstomoeca_roanoka_P011476	Aaur_scaffold609.g1.t1	1.0	S	0.0
Microa_EP00043_Microstomoeca_roanoka_P011476	Exapal_XM_021038793.2	1.0	S	0.0
Microa_EP00043_Microstomoeca_roanoka_P011476	Plespi_Pspi_C602138_01	1.0	S	0.0
Microa_EP00043_Microstomoeca_roanoka_P011476	Bralan_BLAG15000821_1	1.0	S	0.0
Microa_EP00043_Microstomoeca_roanoka_P011476	Pbac_sb2643729	1.0	S	0.0
Microa_EP00043_Microstomoeca_roanoka_P011476	Pocdam_XM_027181812.1	1.0	S	0.0
Microa_EP00043_Microstomoeca_roanoka_P011476	Stycar_maker-SC_scaffold90983-snap-gene-0.9-mRNA-1	1.0	S	0.0
Microa_EP00043_Microstomoeca_roanoka_P011476	Nvec_v1g225045	1.0	S	0.0
Microa_EP00043_Microstomoeca_roanoka_P011476	Chem_TCONS_00050510	1.0	S	0.0
Microa_EP00043_Microstomoeca_roanoka_P011476	Adig_XM_015919965.1	1.0	S	0.0
Microa_EP00043_Microstomoeca_roanoka_P011476	Halamb_c6690_g1_i2mm.7363	1.0	S	0.0
Microa_EP00043_Microstomoeca_roanoka_P011476	Eupdun_Edun_sb10645052	1.0	S	0.0
Microa_EP00043_Microstomoeca_roanoka_P011476	Stycar_maker-SC_scaffold64473-snap-gene-0.12-mRNA-1	1.0	S	0.0
Microa_EP00043_Microstomoeca_roanoka_P011476	Sanmal_Sma_008744-T1	1.0	S	0.0
Microa_EP00043_Microstomoeca_roanoka_P011476	Vmul_SimC396500	1.0	S	0.0
Microa_EP00043_Microstomoeca_roanoka_P011476	Skow_XM_002741382.2	1.0	S	0.0
Microa_EP00043_Microstomoeca_roanoka_P011476	Sanmal_Sma_022765-T1	1.0	S	0.0
Microa_EP00043_Microstomoeca_roanoka_P011476	Leuniv_Lniv_scaffold5766_01	1.0	S	0.0
Microa_EP00043_Microstomoeca_roanoka_P011476	Gfas_gfas1.m1.1088.m1	1.0	S	0.0
Microa_EP00043_Microstomoeca_roanoka_P011476	Spis_XP_022798685_1	1.0	S	0.0
Microa_EP00043_Microstomoeca_roanoka_P011476	Horcal_Hcv1.av93.c3.g988.i1	1.0	S	0.0
Microa_EP00043_Microstomoeca_roanoka_P011476	Hsap_ENST00000199814	1.0	S	0.0
Microa_EP00043_Microstomoeca_roanoka_P011476	HoiH23_PlH23_003399-RA	1.0	S	0.0
Microa_EP00043_Microstomoeca_roanoka_P011476	Eupdun_Edun_sb10645054	1.0	S	0.0
Microa_EP00043_Microstomoeca_roanoka_P011476	Gracom_Gcom_scaffold16437_01	1.0	S	0.0
Microa_EP00043_Microstomoeca_roanoka_P011476	Morvir_scaffold157.g19.t1	1.0	S	0.0
Microa_EP00043_Microstomoeca_roanoka_P011476	Ocar_g9865	1.0	S	0.0
Microa_EP00043_Microstomoeca_roanoka_P011476	Opea_EP00118_Oscarella_pearsei_P029005	1.0	S	0.0
Microa_EP00043_Microstomoeca_roanoka_P011476	Cgig_XM_011455940.3	1.0	S	0.0
Microa_EP00043_Microstomoeca_roanoka_P011476	Nemnom_g2814.t1	1.0	S	0.0
Microa_EP00043_Microstomoeca_roanoka_P011476	Lcom_lcpid114428	1.0	S	0.0
Salpun_EP00053_Salpingoeca_punica_P011795	Beraby_Baby_sb342165	1.0	S	0.0
Salpun_EP00053_Salpingoeca_punica_P011795	Eupdun_Edun_sb10645053	1.0	S	0.0
Salpun_EP00053_Salpingoeca_punica_P011795	Dpul_mRNA30319	1.0	S	0.0
Salpun_EP00053_Salpingoeca_punica_P011795	Xesp_022341-T1	1.0	S	0.0
Salpun_EP00053_Salpingoeca_punica_P011795	Tetwil_g10236.t1	1.0	S	0.0
Salpun_EP00053_Salpingoeca_punica_P011795	HoiH06_mRNA8392	1.0	S	0.0
Salpun_EP00053_Salpingoeca_punica_P011795	Beraby_Baby_sb342166	1.0	S	0.0
Salpun_EP00053_Salpingoeca_punica_P011795	Spur_XM_003729814.3	1.0	S	0.0
Salpun_EP00053_Salpingoeca_punica_P011795	Coeast_Cast_sb804167	1.0	S	0.0
Salpun_EP00053_Salpingoeca_punica_P011795	Morvir_scaffold157.g18.t1	1.0	S	0.0
Salpun_EP00053_Salpingoeca_punica_P011795	Spolac_c95648_g1_i1_m.11806c95648-g1	1.0	S	0.0
Salpun_EP00053_Salpingoeca_punica_P011795	Aque_Aqu2.1.37973_001	1.0	S	0.0
Salpun_EP00053_Salpingoeca_punica_P011795	Spolac_c95648_g1_i2_m.11808c95648-g1	1.0	S	0.0
Salpun_EP00053_Salpingoeca_punica_P011795	Coeast_Cast_sb804166	1.0	S	0.0
Salpun_EP00053_Salpingoeca_punica_P011795	Mlei_ML2213.g16.i1	1.0	S	0.0
Salpun_EP00053_Salpingoeca_punica_P011795	HoiH11_mRNA3287	1.0	S	0.0
Salpun_EP00053_Salpingoeca_punica_P011795	Drygla_Dgla_sb293668	1.0	S	0.0
Salpun_EP00053_Salpingoeca_punica_P011795	Coemet_Cmet_scaffold22591_01	1.0	S	0.0
Salpun_EP00053_Salpingoeca_punica_P011795	Emue_Em0017g932a.t1	1.0	S	0.0
Salpun_EP00053_Salpingoeca_punica_P011795	Nvec_v1g914	1.0	S	0.0
Salpun_EP00053_Salpingoeca_punica_P011795	Hhon_g04564.t1	1.0	S	0.0
Salpun_EP00053_Salpingoeca_punica_P011795	Hvul_g12058_1	1.0	S	0.0
Salpun_EP00053_Salpingoeca_punica_P011795	Ctel_gnl_WGS_AMQN_CAPTEDRAFT_mRNA123077	1.0	S	0.0
Salpun_EP00053_Salpingoeca_punica_P011795	Fspp_ffun1.m4.30376.m1	1.0	S	0.0
Salpun_EP00053_Salpingoeca_punica_P011795	Lampan_Lpan_13909_01	1.0	S	0.0
Salpun_EP00053_Salpingoeca_punica_P011795	Tcas_TC006411_001	1.0	S	0.0
Salpun_EP00053_Salpingoeca_punica_P011795	Mertsp_Mesp_sb609140	1.0	S	0.0
Salpun_EP00053_Salpingoeca_punica_P011795	Spur_XM_030979846.1	1.0	S	0.0
Salpun_EP00053_Salpingoeca_punica_P011795	Acagra_model.g4018.t1	1.0	S	0.0
Salpun_EP00053_Salpingoeca_punica_P011795	TrH2_TrispH2_009559-RA	1.0	S	0.0
Salpun_EP00053_Salpingoeca_punica_P011795	Scil_scict000436.1	1.0	S	0.0
Salpun_EP00053_Salpingoeca_punica_P011795	Morvir_scaffold1035.g1.t1	1.0	S	0.0
Salpun_EP00053_Salpingoeca_punica_P011795	Amil_Amillepora10126-RA	1.0	S	0.0
Salpun_EP00053_Salpingoeca_punica_P011795	Eupdun_Edun_sb10645055	1.0	S	0.0
Salpun_EP00053_Salpingoeca_punica_P011795	Clacor_Ccor_C538091_01	1.0	S	0.0
Salpun_EP00053_Salpingoeca_punica_P011795	Dgig_XM_028543784.1	1.0	S	0.0
Salpun_EP00053_Salpingoeca_punica_P011795	Gasp_gasp1.m3.6150.m1	1.0	S	0.0
Salpun_EP00053_Salpingoeca_punica_P011795	Xestes_maker-XT_scaffold3006-snap-gene-0.27-mRNA-1	1.0	S	0.0
Salpun_EP00053_Salpingoeca_punica_P011795	HoiH04_mRNA2983	1.0	S	0.0
Salpun_EP00053_Salpingoeca_punica_P011795	Aaur_scaffold609.g1.t1	1.0	S	0.0
Salpun_EP00053_Salpingoeca_punica_P011795	Exapal_XM_021038793.2	1.0	S	0.0
Salpun_EP00053_Salpingoeca_punica_P011795	Plespi_Pspi_C602138_01	1.0	S	0.0
Salpun_EP00053_Salpingoeca_punica_P011795	Bralan_BLAG15000821_1	1.0	S	0.0
Salpun_EP00053_Salpingoeca_punica_P011795	Pbac_sb2643729	1.0	S	0.0
Salpun_EP00053_Salpingoeca_punica_P011795	Pocdam_XM_027181812.1	1.0	S	0.0
Salpun_EP00053_Salpingoeca_punica_P011795	Stycar_maker-SC_scaffold90983-snap-gene-0.9-mRNA-1	1.0	S	0.0
Salpun_EP00053_Salpingoeca_punica_P011795	Nvec_v1g225045	1.0	S	0.0
Salpun_EP00053_Salpingoeca_punica_P011795	Chem_TCONS_00050510	1.0	S	0.0
Salpun_EP00053_Salpingoeca_punica_P011795	Adig_XM_015919965.1	1.0	S	0.0
Salpun_EP00053_Salpingoeca_punica_P011795	Halamb_c6690_g1_i2mm.7363	1.0	S	0.0
Salpun_EP00053_Salpingoeca_punica_P011795	Eupdun_Edun_sb10645052	1.0	S	0.0
Salpun_EP00053_Salpingoeca_punica_P011795	Stycar_maker-SC_scaffold64473-snap-gene-0.12-mRNA-1	1.0	S	0.0
Salpun_EP00053_Salpingoeca_punica_P011795	Sanmal_Sma_008744-T1	1.0	S	0.0
Salpun_EP00053_Salpingoeca_punica_P011795	Vmul_SimC396500	1.0	S	0.0
Salpun_EP00053_Salpingoeca_punica_P011795	Skow_XM_002741382.2	1.0	S	0.0
Salpun_EP00053_Salpingoeca_punica_P011795	Sanmal_Sma_022765-T1	1.0	S	0.0
Salpun_EP00053_Salpingoeca_punica_P011795	Leuniv_Lniv_scaffold5766_01	1.0	S	0.0
Salpun_EP00053_Salpingoeca_punica_P011795	Gfas_gfas1.m1.1088.m1	1.0	S	0.0
Salpun_EP00053_Salpingoeca_punica_P011795	Spis_XP_022798685_1	1.0	S	0.0
Salpun_EP00053_Salpingoeca_punica_P011795	Horcal_Hcv1.av93.c3.g988.i1	1.0	S	0.0
Salpun_EP00053_Salpingoeca_punica_P011795	Hsap_ENST00000199814	1.0	S	0.0
Salpun_EP00053_Salpingoeca_punica_P011795	HoiH23_PlH23_003399-RA	1.0	S	0.0
Salpun_EP00053_Salpingoeca_punica_P011795	Eupdun_Edun_sb10645054	1.0	S	0.0
Salpun_EP00053_Salpingoeca_punica_P011795	Gracom_Gcom_scaffold16437_01	1.0	S	0.0
Salpun_EP00053_Salpingoeca_punica_P011795	Morvir_scaffold157.g19.t1	1.0	S	0.0
Salpun_EP00053_Salpingoeca_punica_P011795	Ocar_g9865	1.0	S	0.0
Salpun_EP00053_Salpingoeca_punica_P011795	Opea_EP00118_Oscarella_pearsei_P029005	1.0	S	0.0
Salpun_EP00053_Salpingoeca_punica_P011795	Cgig_XM_011455940.3	1.0	S	0.0
Salpun_EP00053_Salpingoeca_punica_P011795	Nemnom_g2814.t1	1.0	S	0.0
Salpun_EP00053_Salpingoeca_punica_P011795	Lcom_lcpid114428	1.0	S	0.0
Salkve_EP00050_Salpingoeca_kvevrii_P010940	Beraby_Baby_sb342165	1.0	S	0.0
Salkve_EP00050_Salpingoeca_kvevrii_P010940	Eupdun_Edun_sb10645053	1.0	S	0.0
Salkve_EP00050_Salpingoeca_kvevrii_P010940	Dpul_mRNA30319	1.0	S	0.0
Salkve_EP00050_Salpingoeca_kvevrii_P010940	Xesp_022341-T1	1.0	S	0.0
Salkve_EP00050_Salpingoeca_kvevrii_P010940	Tetwil_g10236.t1	1.0	S	0.0
Salkve_EP00050_Salpingoeca_kvevrii_P010940	HoiH06_mRNA8392	1.0	S	0.0
Salkve_EP00050_Salpingoeca_kvevrii_P010940	Beraby_Baby_sb342166	1.0	S	0.0
Salkve_EP00050_Salpingoeca_kvevrii_P010940	Spur_XM_003729814.3	1.0	S	0.0
Salkve_EP00050_Salpingoeca_kvevrii_P010940	Coeast_Cast_sb804167	1.0	S	0.0
Salkve_EP00050_Salpingoeca_kvevrii_P010940	Morvir_scaffold157.g18.t1	1.0	S	0.0
Salkve_EP00050_Salpingoeca_kvevrii_P010940	Spolac_c95648_g1_i1_m.11806c95648-g1	1.0	S	0.0
Salkve_EP00050_Salpingoeca_kvevrii_P010940	Aque_Aqu2.1.37973_001	1.0	S	0.0
Salkve_EP00050_Salpingoeca_kvevrii_P010940	Spolac_c95648_g1_i2_m.11808c95648-g1	1.0	S	0.0
Salkve_EP00050_Salpingoeca_kvevrii_P010940	Coeast_Cast_sb804166	1.0	S	0.0
Salkve_EP00050_Salpingoeca_kvevrii_P010940	Mlei_ML2213.g16.i1	1.0	S	0.0
Salkve_EP00050_Salpingoeca_kvevrii_P010940	HoiH11_mRNA3287	1.0	S	0.0
Salkve_EP00050_Salpingoeca_kvevrii_P010940	Drygla_Dgla_sb293668	1.0	S	0.0
Salkve_EP00050_Salpingoeca_kvevrii_P010940	Coemet_Cmet_scaffold22591_01	1.0	S	0.0
Salkve_EP00050_Salpingoeca_kvevrii_P010940	Emue_Em0017g932a.t1	1.0	S	0.0
Salkve_EP00050_Salpingoeca_kvevrii_P010940	Nvec_v1g914	1.0	S	0.0
Salkve_EP00050_Salpingoeca_kvevrii_P010940	Hhon_g04564.t1	1.0	S	0.0
Salkve_EP00050_Salpingoeca_kvevrii_P010940	Hvul_g12058_1	1.0	S	0.0
Salkve_EP00050_Salpingoeca_kvevrii_P010940	Ctel_gnl_WGS_AMQN_CAPTEDRAFT_mRNA123077	1.0	S	0.0
Salkve_EP00050_Salpingoeca_kvevrii_P010940	Fspp_ffun1.m4.30376.m1	1.0	S	0.0
Salkve_EP00050_Salpingoeca_kvevrii_P010940	Lampan_Lpan_13909_01	1.0	S	0.0
Salkve_EP00050_Salpingoeca_kvevrii_P010940	Tcas_TC006411_001	1.0	S	0.0
Salkve_EP00050_Salpingoeca_kvevrii_P010940	Mertsp_Mesp_sb609140	1.0	S	0.0
Salkve_EP00050_Salpingoeca_kvevrii_P010940	Spur_XM_030979846.1	1.0	S	0.0
Salkve_EP00050_Salpingoeca_kvevrii_P010940	Acagra_model.g4018.t1	1.0	S	0.0
Salkve_EP00050_Salpingoeca_kvevrii_P010940	TrH2_TrispH2_009559-RA	1.0	S	0.0
Salkve_EP00050_Salpingoeca_kvevrii_P010940	Scil_scict000436.1	1.0	S	0.0
Salkve_EP00050_Salpingoeca_kvevrii_P010940	Morvir_scaffold1035.g1.t1	1.0	S	0.0
Salkve_EP00050_Salpingoeca_kvevrii_P010940	Amil_Amillepora10126-RA	1.0	S	0.0
Salkve_EP00050_Salpingoeca_kvevrii_P010940	Eupdun_Edun_sb10645055	1.0	S	0.0
Salkve_EP00050_Salpingoeca_kvevrii_P010940	Clacor_Ccor_C538091_01	1.0	S	0.0
Salkve_EP00050_Salpingoeca_kvevrii_P010940	Dgig_XM_028543784.1	1.0	S	0.0
Salkve_EP00050_Salpingoeca_kvevrii_P010940	Gasp_gasp1.m3.6150.m1	1.0	S	0.0
Salkve_EP00050_Salpingoeca_kvevrii_P010940	Xestes_maker-XT_scaffold3006-snap-gene-0.27-mRNA-1	1.0	S	0.0
Salkve_EP00050_Salpingoeca_kvevrii_P010940	HoiH04_mRNA2983	1.0	S	0.0
Salkve_EP00050_Salpingoeca_kvevrii_P010940	Aaur_scaffold609.g1.t1	1.0	S	0.0
Salkve_EP00050_Salpingoeca_kvevrii_P010940	Exapal_XM_021038793.2	1.0	S	0.0
Salkve_EP00050_Salpingoeca_kvevrii_P010940	Plespi_Pspi_C602138_01	1.0	S	0.0
Salkve_EP00050_Salpingoeca_kvevrii_P010940	Bralan_BLAG15000821_1	1.0	S	0.0
Salkve_EP00050_Salpingoeca_kvevrii_P010940	Pbac_sb2643729	1.0	S	0.0
Salkve_EP00050_Salpingoeca_kvevrii_P010940	Pocdam_XM_027181812.1	1.0	S	0.0
Salkve_EP00050_Salpingoeca_kvevrii_P010940	Stycar_maker-SC_scaffold90983-snap-gene-0.9-mRNA-1	1.0	S	0.0
Salkve_EP00050_Salpingoeca_kvevrii_P010940	Nvec_v1g225045	1.0	S	0.0
Salkve_EP00050_Salpingoeca_kvevrii_P010940	Chem_TCONS_00050510	1.0	S	0.0
Salkve_EP00050_Salpingoeca_kvevrii_P010940	Adig_XM_015919965.1	1.0	S	0.0
Salkve_EP00050_Salpingoeca_kvevrii_P010940	Halamb_c6690_g1_i2mm.7363	1.0	S	0.0
Salkve_EP00050_Salpingoeca_kvevrii_P010940	Eupdun_Edun_sb10645052	1.0	S	0.0
Salkve_EP00050_Salpingoeca_kvevrii_P010940	Stycar_maker-SC_scaffold64473-snap-gene-0.12-mRNA-1	1.0	S	0.0
Salkve_EP00050_Salpingoeca_kvevrii_P010940	Sanmal_Sma_008744-T1	1.0	S	0.0
Salkve_EP00050_Salpingoeca_kvevrii_P010940	Vmul_SimC396500	1.0	S	0.0
Salkve_EP00050_Salpingoeca_kvevrii_P010940	Skow_XM_002741382.2	1.0	S	0.0
Salkve_EP00050_Salpingoeca_kvevrii_P010940	Sanmal_Sma_022765-T1	1.0	S	0.0
Salkve_EP00050_Salpingoeca_kvevrii_P010940	Leuniv_Lniv_scaffold5766_01	1.0	S	0.0
Salkve_EP00050_Salpingoeca_kvevrii_P010940	Gfas_gfas1.m1.1088.m1	1.0	S	0.0
Salkve_EP00050_Salpingoeca_kvevrii_P010940	Spis_XP_022798685_1	1.0	S	0.0
Salkve_EP00050_Salpingoeca_kvevrii_P010940	Horcal_Hcv1.av93.c3.g988.i1	1.0	S	0.0
Salkve_EP00050_Salpingoeca_kvevrii_P010940	Hsap_ENST00000199814	1.0	S	0.0
Salkve_EP00050_Salpingoeca_kvevrii_P010940	HoiH23_PlH23_003399-RA	1.0	S	0.0
Salkve_EP00050_Salpingoeca_kvevrii_P010940	Eupdun_Edun_sb10645054	1.0	S	0.0
Salkve_EP00050_Salpingoeca_kvevrii_P010940	Gracom_Gcom_scaffold16437_01	1.0	S	0.0
Salkve_EP00050_Salpingoeca_kvevrii_P010940	Morvir_scaffold157.g19.t1	1.0	S	0.0
Salkve_EP00050_Salpingoeca_kvevrii_P010940	Ocar_g9865	1.0	S	0.0
Salkve_EP00050_Salpingoeca_kvevrii_P010940	Opea_EP00118_Oscarella_pearsei_P029005	1.0	S	0.0
Salkve_EP00050_Salpingoeca_kvevrii_P010940	Cgig_XM_011455940.3	1.0	S	0.0
Salkve_EP00050_Salpingoeca_kvevrii_P010940	Nemnom_g2814.t1	1.0	S	0.0
Salkve_EP00050_Salpingoeca_kvevrii_P010940	Lcom_lcpid114428	1.0	S	0.0
Salurc_EP00051_Salpingoeca_urceolata_P027925	Beraby_Baby_sb342165	1.0	S	0.0
Salurc_EP00051_Salpingoeca_urceolata_P027925	Eupdun_Edun_sb10645053	1.0	S	0.0
Salurc_EP00051_Salpingoeca_urceolata_P027925	Dpul_mRNA30319	1.0	S	0.0
Salurc_EP00051_Salpingoeca_urceolata_P027925	Xesp_022341-T1	1.0	S	0.0
Salurc_EP00051_Salpingoeca_urceolata_P027925	Tetwil_g10236.t1	1.0	S	0.0
Salurc_EP00051_Salpingoeca_urceolata_P027925	HoiH06_mRNA8392	1.0	S	0.0
Salurc_EP00051_Salpingoeca_urceolata_P027925	Beraby_Baby_sb342166	1.0	S	0.0
Salurc_EP00051_Salpingoeca_urceolata_P027925	Spur_XM_003729814.3	1.0	S	0.0
Salurc_EP00051_Salpingoeca_urceolata_P027925	Coeast_Cast_sb804167	1.0	S	0.0
Salurc_EP00051_Salpingoeca_urceolata_P027925	Morvir_scaffold157.g18.t1	1.0	S	0.0
Salurc_EP00051_Salpingoeca_urceolata_P027925	Spolac_c95648_g1_i1_m.11806c95648-g1	1.0	S	0.0
Salurc_EP00051_Salpingoeca_urceolata_P027925	Aque_Aqu2.1.37973_001	1.0	S	0.0
Salurc_EP00051_Salpingoeca_urceolata_P027925	Spolac_c95648_g1_i2_m.11808c95648-g1	1.0	S	0.0
Salurc_EP00051_Salpingoeca_urceolata_P027925	Coeast_Cast_sb804166	1.0	S	0.0
Salurc_EP00051_Salpingoeca_urceolata_P027925	Mlei_ML2213.g16.i1	1.0	S	0.0
Salurc_EP00051_Salpingoeca_urceolata_P027925	HoiH11_mRNA3287	1.0	S	0.0
Salurc_EP00051_Salpingoeca_urceolata_P027925	Drygla_Dgla_sb293668	1.0	S	0.0
Salurc_EP00051_Salpingoeca_urceolata_P027925	Coemet_Cmet_scaffold22591_01	1.0	S	0.0
Salurc_EP00051_Salpingoeca_urceolata_P027925	Emue_Em0017g932a.t1	1.0	S	0.0
Salurc_EP00051_Salpingoeca_urceolata_P027925	Nvec_v1g914	1.0	S	0.0
Salurc_EP00051_Salpingoeca_urceolata_P027925	Hhon_g04564.t1	1.0	S	0.0
Salurc_EP00051_Salpingoeca_urceolata_P027925	Hvul_g12058_1	1.0	S	0.0
Salurc_EP00051_Salpingoeca_urceolata_P027925	Ctel_gnl_WGS_AMQN_CAPTEDRAFT_mRNA123077	1.0	S	0.0
Salurc_EP00051_Salpingoeca_urceolata_P027925	Fspp_ffun1.m4.30376.m1	1.0	S	0.0
Salurc_EP00051_Salpingoeca_urceolata_P027925	Lampan_Lpan_13909_01	1.0	S	0.0
Salurc_EP00051_Salpingoeca_urceolata_P027925	Tcas_TC006411_001	1.0	S	0.0
Salurc_EP00051_Salpingoeca_urceolata_P027925	Mertsp_Mesp_sb609140	1.0	S	0.0
Salurc_EP00051_Salpingoeca_urceolata_P027925	Spur_XM_030979846.1	1.0	S	0.0
Salurc_EP00051_Salpingoeca_urceolata_P027925	Acagra_model.g4018.t1	1.0	S	0.0
Salurc_EP00051_Salpingoeca_urceolata_P027925	TrH2_TrispH2_009559-RA	1.0	S	0.0
Salurc_EP00051_Salpingoeca_urceolata_P027925	Scil_scict000436.1	1.0	S	0.0
Salurc_EP00051_Salpingoeca_urceolata_P027925	Morvir_scaffold1035.g1.t1	1.0	S	0.0
Salurc_EP00051_Salpingoeca_urceolata_P027925	Amil_Amillepora10126-RA	1.0	S	0.0
Salurc_EP00051_Salpingoeca_urceolata_P027925	Eupdun_Edun_sb10645055	1.0	S	0.0
Salurc_EP00051_Salpingoeca_urceolata_P027925	Clacor_Ccor_C538091_01	1.0	S	0.0
Salurc_EP00051_Salpingoeca_urceolata_P027925	Dgig_XM_028543784.1	1.0	S	0.0
Salurc_EP00051_Salpingoeca_urceolata_P027925	Gasp_gasp1.m3.6150.m1	1.0	S	0.0
Salurc_EP00051_Salpingoeca_urceolata_P027925	Xestes_maker-XT_scaffold3006-snap-gene-0.27-mRNA-1	1.0	S	0.0
Salurc_EP00051_Salpingoeca_urceolata_P027925	HoiH04_mRNA2983	1.0	S	0.0
Salurc_EP00051_Salpingoeca_urceolata_P027925	Aaur_scaffold609.g1.t1	1.0	S	0.0
Salurc_EP00051_Salpingoeca_urceolata_P027925	Exapal_XM_021038793.2	1.0	S	0.0
Salurc_EP00051_Salpingoeca_urceolata_P027925	Plespi_Pspi_C602138_01	1.0	S	0.0
Salurc_EP00051_Salpingoeca_urceolata_P027925	Bralan_BLAG15000821_1	1.0	S	0.0
Salurc_EP00051_Salpingoeca_urceolata_P027925	Pbac_sb2643729	1.0	S	0.0
Salurc_EP00051_Salpingoeca_urceolata_P027925	Pocdam_XM_027181812.1	1.0	S	0.0
Salurc_EP00051_Salpingoeca_urceolata_P027925	Stycar_maker-SC_scaffold90983-snap-gene-0.9-mRNA-1	1.0	S	0.0
Salurc_EP00051_Salpingoeca_urceolata_P027925	Nvec_v1g225045	1.0	S	0.0
Salurc_EP00051_Salpingoeca_urceolata_P027925	Chem_TCONS_00050510	1.0	S	0.0
Salurc_EP00051_Salpingoeca_urceolata_P027925	Adig_XM_015919965.1	1.0	S	0.0
Salurc_EP00051_Salpingoeca_urceolata_P027925	Halamb_c6690_g1_i2mm.7363	1.0	S	0.0
Salurc_EP00051_Salpingoeca_urceolata_P027925	Eupdun_Edun_sb10645052	1.0	S	0.0
Salurc_EP00051_Salpingoeca_urceolata_P027925	Stycar_maker-SC_scaffold64473-snap-gene-0.12-mRNA-1	1.0	S	0.0
Salurc_EP00051_Salpingoeca_urceolata_P027925	Sanmal_Sma_008744-T1	1.0	S	0.0
Salurc_EP00051_Salpingoeca_urceolata_P027925	Vmul_SimC396500	1.0	S	0.0
Salurc_EP00051_Salpingoeca_urceolata_P027925	Skow_XM_002741382.2	1.0	S	0.0
Salurc_EP00051_Salpingoeca_urceolata_P027925	Sanmal_Sma_022765-T1	1.0	S	0.0
Salurc_EP00051_Salpingoeca_urceolata_P027925	Leuniv_Lniv_scaffold5766_01	1.0	S	0.0
Salurc_EP00051_Salpingoeca_urceolata_P027925	Gfas_gfas1.m1.1088.m1	1.0	S	0.0
Salurc_EP00051_Salpingoeca_urceolata_P027925	Spis_XP_022798685_1	1.0	S	0.0
Salurc_EP00051_Salpingoeca_urceolata_P027925	Horcal_Hcv1.av93.c3.g988.i1	1.0	S	0.0
Salurc_EP00051_Salpingoeca_urceolata_P027925	Hsap_ENST00000199814	1.0	S	0.0
Salurc_EP00051_Salpingoeca_urceolata_P027925	HoiH23_PlH23_003399-RA	1.0	S	0.0
Salurc_EP00051_Salpingoeca_urceolata_P027925	Eupdun_Edun_sb10645054	1.0	S	0.0
Salurc_EP00051_Salpingoeca_urceolata_P027925	Gracom_Gcom_scaffold16437_01	1.0	S	0.0
Salurc_EP00051_Salpingoeca_urceolata_P027925	Morvir_scaffold157.g19.t1	1.0	S	0.0
Salurc_EP00051_Salpingoeca_urceolata_P027925	Ocar_g9865	1.0	S	0.0
Salurc_EP00051_Salpingoeca_urceolata_P027925	Opea_EP00118_Oscarella_pearsei_P029005	1.0	S	0.0
Salurc_EP00051_Salpingoeca_urceolata_P027925	Cgig_XM_011455940.3	1.0	S	0.0
Salurc_EP00051_Salpingoeca_urceolata_P027925	Nemnom_g2814.t1	1.0	S	0.0
Salurc_EP00051_Salpingoeca_urceolata_P027925	Lcom_lcpid114428	1.0	S	0.0
Stedip_EP00041_Stephanoeca_diplocostata_P009149	Beraby_Baby_sb342165	1.0	S	0.0
Stedip_EP00041_Stephanoeca_diplocostata_P009149	Eupdun_Edun_sb10645053	1.0	S	0.0
Stedip_EP00041_Stephanoeca_diplocostata_P009149	Dpul_mRNA30319	1.0	S	0.0
Stedip_EP00041_Stephanoeca_diplocostata_P009149	Xesp_022341-T1	1.0	S	0.0
Stedip_EP00041_Stephanoeca_diplocostata_P009149	Tetwil_g10236.t1	1.0	S	0.0
Stedip_EP00041_Stephanoeca_diplocostata_P009149	HoiH06_mRNA8392	1.0	S	0.0
Stedip_EP00041_Stephanoeca_diplocostata_P009149	Beraby_Baby_sb342166	1.0	S	0.0
Stedip_EP00041_Stephanoeca_diplocostata_P009149	Spur_XM_003729814.3	1.0	S	0.0
Stedip_EP00041_Stephanoeca_diplocostata_P009149	Coeast_Cast_sb804167	1.0	S	0.0
Stedip_EP00041_Stephanoeca_diplocostata_P009149	Morvir_scaffold157.g18.t1	1.0	S	0.0
Stedip_EP00041_Stephanoeca_diplocostata_P009149	Spolac_c95648_g1_i1_m.11806c95648-g1	1.0	S	0.0
Stedip_EP00041_Stephanoeca_diplocostata_P009149	Aque_Aqu2.1.37973_001	1.0	S	0.0
Stedip_EP00041_Stephanoeca_diplocostata_P009149	Spolac_c95648_g1_i2_m.11808c95648-g1	1.0	S	0.0
Stedip_EP00041_Stephanoeca_diplocostata_P009149	Coeast_Cast_sb804166	1.0	S	0.0
Stedip_EP00041_Stephanoeca_diplocostata_P009149	Mlei_ML2213.g16.i1	1.0	S	0.0
Stedip_EP00041_Stephanoeca_diplocostata_P009149	HoiH11_mRNA3287	1.0	S	0.0
Stedip_EP00041_Stephanoeca_diplocostata_P009149	Drygla_Dgla_sb293668	1.0	S	0.0
Stedip_EP00041_Stephanoeca_diplocostata_P009149	Coemet_Cmet_scaffold22591_01	1.0	S	0.0
Stedip_EP00041_Stephanoeca_diplocostata_P009149	Emue_Em0017g932a.t1	1.0	S	0.0
Stedip_EP00041_Stephanoeca_diplocostata_P009149	Nvec_v1g914	1.0	S	0.0
Stedip_EP00041_Stephanoeca_diplocostata_P009149	Hhon_g04564.t1	1.0	S	0.0
Stedip_EP00041_Stephanoeca_diplocostata_P009149	Hvul_g12058_1	1.0	S	0.0
Stedip_EP00041_Stephanoeca_diplocostata_P009149	Ctel_gnl_WGS_AMQN_CAPTEDRAFT_mRNA123077	1.0	S	0.0
Stedip_EP00041_Stephanoeca_diplocostata_P009149	Fspp_ffun1.m4.30376.m1	1.0	S	0.0
Stedip_EP00041_Stephanoeca_diplocostata_P009149	Lampan_Lpan_13909_01	1.0	S	0.0
Stedip_EP00041_Stephanoeca_diplocostata_P009149	Tcas_TC006411_001	1.0	S	0.0
Stedip_EP00041_Stephanoeca_diplocostata_P009149	Mertsp_Mesp_sb609140	1.0	S	0.0
Stedip_EP00041_Stephanoeca_diplocostata_P009149	Spur_XM_030979846.1	1.0	S	0.0
Stedip_EP00041_Stephanoeca_diplocostata_P009149	Acagra_model.g4018.t1	1.0	S	0.0
Stedip_EP00041_Stephanoeca_diplocostata_P009149	TrH2_TrispH2_009559-RA	1.0	S	0.0
Stedip_EP00041_Stephanoeca_diplocostata_P009149	Scil_scict000436.1	1.0	S	0.0
Stedip_EP00041_Stephanoeca_diplocostata_P009149	Morvir_scaffold1035.g1.t1	1.0	S	0.0
Stedip_EP00041_Stephanoeca_diplocostata_P009149	Amil_Amillepora10126-RA	1.0	S	0.0
Stedip_EP00041_Stephanoeca_diplocostata_P009149	Eupdun_Edun_sb10645055	1.0	S	0.0
Stedip_EP00041_Stephanoeca_diplocostata_P009149	Clacor_Ccor_C538091_01	1.0	S	0.0
Stedip_EP00041_Stephanoeca_diplocostata_P009149	Dgig_XM_028543784.1	1.0	S	0.0
Stedip_EP00041_Stephanoeca_diplocostata_P009149	Gasp_gasp1.m3.6150.m1	1.0	S	0.0
Stedip_EP00041_Stephanoeca_diplocostata_P009149	Xestes_maker-XT_scaffold3006-snap-gene-0.27-mRNA-1	1.0	S	0.0
Stedip_EP00041_Stephanoeca_diplocostata_P009149	HoiH04_mRNA2983	1.0	S	0.0
Stedip_EP00041_Stephanoeca_diplocostata_P009149	Aaur_scaffold609.g1.t1	1.0	S	0.0
Stedip_EP00041_Stephanoeca_diplocostata_P009149	Exapal_XM_021038793.2	1.0	S	0.0
Stedip_EP00041_Stephanoeca_diplocostata_P009149	Plespi_Pspi_C602138_01	1.0	S	0.0
Stedip_EP00041_Stephanoeca_diplocostata_P009149	Bralan_BLAG15000821_1	1.0	S	0.0
Stedip_EP00041_Stephanoeca_diplocostata_P009149	Pbac_sb2643729	1.0	S	0.0
Stedip_EP00041_Stephanoeca_diplocostata_P009149	Pocdam_XM_027181812.1	1.0	S	0.0
Stedip_EP00041_Stephanoeca_diplocostata_P009149	Stycar_maker-SC_scaffold90983-snap-gene-0.9-mRNA-1	1.0	S	0.0
Stedip_EP00041_Stephanoeca_diplocostata_P009149	Nvec_v1g225045	1.0	S	0.0
Stedip_EP00041_Stephanoeca_diplocostata_P009149	Chem_TCONS_00050510	1.0	S	0.0
Stedip_EP00041_Stephanoeca_diplocostata_P009149	Adig_XM_015919965.1	1.0	S	0.0
Stedip_EP00041_Stephanoeca_diplocostata_P009149	Halamb_c6690_g1_i2mm.7363	1.0	S	0.0
Stedip_EP00041_Stephanoeca_diplocostata_P009149	Eupdun_Edun_sb10645052	1.0	S	0.0
Stedip_EP00041_Stephanoeca_diplocostata_P009149	Stycar_maker-SC_scaffold64473-snap-gene-0.12-mRNA-1	1.0	S	0.0
Stedip_EP00041_Stephanoeca_diplocostata_P009149	Sanmal_Sma_008744-T1	1.0	S	0.0
Stedip_EP00041_Stephanoeca_diplocostata_P009149	Vmul_SimC396500	1.0	S	0.0
Stedip_EP00041_Stephanoeca_diplocostata_P009149	Skow_XM_002741382.2	1.0	S	0.0
Stedip_EP00041_Stephanoeca_diplocostata_P009149	Sanmal_Sma_022765-T1	1.0	S	0.0
Stedip_EP00041_Stephanoeca_diplocostata_P009149	Leuniv_Lniv_scaffold5766_01	1.0	S	0.0
Stedip_EP00041_Stephanoeca_diplocostata_P009149	Gfas_gfas1.m1.1088.m1	1.0	S	0.0
Stedip_EP00041_Stephanoeca_diplocostata_P009149	Spis_XP_022798685_1	1.0	S	0.0
Stedip_EP00041_Stephanoeca_diplocostata_P009149	Horcal_Hcv1.av93.c3.g988.i1	1.0	S	0.0
Stedip_EP00041_Stephanoeca_diplocostata_P009149	Hsap_ENST00000199814	1.0	S	0.0
Stedip_EP00041_Stephanoeca_diplocostata_P009149	HoiH23_PlH23_003399-RA	1.0	S	0.0
Stedip_EP00041_Stephanoeca_diplocostata_P009149	Eupdun_Edun_sb10645054	1.0	S	0.0
Stedip_EP00041_Stephanoeca_diplocostata_P009149	Gracom_Gcom_scaffold16437_01	1.0	S	0.0
Stedip_EP00041_Stephanoeca_diplocostata_P009149	Morvir_scaffold157.g19.t1	1.0	S	0.0
Stedip_EP00041_Stephanoeca_diplocostata_P009149	Ocar_g9865	1.0	S	0.0
Stedip_EP00041_Stephanoeca_diplocostata_P009149	Opea_EP00118_Oscarella_pearsei_P029005	1.0	S	0.0
Stedip_EP00041_Stephanoeca_diplocostata_P009149	Cgig_XM_011455940.3	1.0	S	0.0
Stedip_EP00041_Stephanoeca_diplocostata_P009149	Nemnom_g2814.t1	1.0	S	0.0
Stedip_EP00041_Stephanoeca_diplocostata_P009149	Lcom_lcpid114428	1.0	S	0.0
Codhol_EP00042_Codosiga_hollandica_P028569	Beraby_Baby_sb342165	1.0	S	0.0
Codhol_EP00042_Codosiga_hollandica_P028569	Eupdun_Edun_sb10645053	1.0	S	0.0
Codhol_EP00042_Codosiga_hollandica_P028569	Dpul_mRNA30319	1.0	S	0.0
Codhol_EP00042_Codosiga_hollandica_P028569	Xesp_022341-T1	1.0	S	0.0
Codhol_EP00042_Codosiga_hollandica_P028569	Tetwil_g10236.t1	1.0	S	0.0
Codhol_EP00042_Codosiga_hollandica_P028569	HoiH06_mRNA8392	1.0	S	0.0
Codhol_EP00042_Codosiga_hollandica_P028569	Beraby_Baby_sb342166	1.0	S	0.0
Codhol_EP00042_Codosiga_hollandica_P028569	Spur_XM_003729814.3	1.0	S	0.0
Codhol_EP00042_Codosiga_hollandica_P028569	Coeast_Cast_sb804167	1.0	S	0.0
Codhol_EP00042_Codosiga_hollandica_P028569	Morvir_scaffold157.g18.t1	1.0	S	0.0
Codhol_EP00042_Codosiga_hollandica_P028569	Spolac_c95648_g1_i1_m.11806c95648-g1	1.0	S	0.0
Codhol_EP00042_Codosiga_hollandica_P028569	Aque_Aqu2.1.37973_001	1.0	S	0.0
Codhol_EP00042_Codosiga_hollandica_P028569	Spolac_c95648_g1_i2_m.11808c95648-g1	1.0	S	0.0
Codhol_EP00042_Codosiga_hollandica_P028569	Coeast_Cast_sb804166	1.0	S	0.0
Codhol_EP00042_Codosiga_hollandica_P028569	Mlei_ML2213.g16.i1	1.0	S	0.0
Codhol_EP00042_Codosiga_hollandica_P028569	HoiH11_mRNA3287	1.0	S	0.0
Codhol_EP00042_Codosiga_hollandica_P028569	Drygla_Dgla_sb293668	1.0	S	0.0
Codhol_EP00042_Codosiga_hollandica_P028569	Coemet_Cmet_scaffold22591_01	1.0	S	0.0
Codhol_EP00042_Codosiga_hollandica_P028569	Emue_Em0017g932a.t1	1.0	S	0.0
Codhol_EP00042_Codosiga_hollandica_P028569	Nvec_v1g914	1.0	S	0.0
Codhol_EP00042_Codosiga_hollandica_P028569	Hhon_g04564.t1	1.0	S	0.0
Codhol_EP00042_Codosiga_hollandica_P028569	Hvul_g12058_1	1.0	S	0.0
Codhol_EP00042_Codosiga_hollandica_P028569	Ctel_gnl_WGS_AMQN_CAPTEDRAFT_mRNA123077	1.0	S	0.0
Codhol_EP00042_Codosiga_hollandica_P028569	Fspp_ffun1.m4.30376.m1	1.0	S	0.0
Codhol_EP00042_Codosiga_hollandica_P028569	Lampan_Lpan_13909_01	1.0	S	0.0
Codhol_EP00042_Codosiga_hollandica_P028569	Tcas_TC006411_001	1.0	S	0.0
Codhol_EP00042_Codosiga_hollandica_P028569	Mertsp_Mesp_sb609140	1.0	S	0.0
Codhol_EP00042_Codosiga_hollandica_P028569	Spur_XM_030979846.1	1.0	S	0.0
Codhol_EP00042_Codosiga_hollandica_P028569	Acagra_model.g4018.t1	1.0	S	0.0
Codhol_EP00042_Codosiga_hollandica_P028569	TrH2_TrispH2_009559-RA	1.0	S	0.0
Codhol_EP00042_Codosiga_hollandica_P028569	Scil_scict000436.1	1.0	S	0.0
Codhol_EP00042_Codosiga_hollandica_P028569	Morvir_scaffold1035.g1.t1	1.0	S	0.0
Codhol_EP00042_Codosiga_hollandica_P028569	Amil_Amillepora10126-RA	1.0	S	0.0
Codhol_EP00042_Codosiga_hollandica_P028569	Eupdun_Edun_sb10645055	1.0	S	0.0
Codhol_EP00042_Codosiga_hollandica_P028569	Clacor_Ccor_C538091_01	1.0	S	0.0
Codhol_EP00042_Codosiga_hollandica_P028569	Dgig_XM_028543784.1	1.0	S	0.0
Codhol_EP00042_Codosiga_hollandica_P028569	Gasp_gasp1.m3.6150.m1	1.0	S	0.0
Codhol_EP00042_Codosiga_hollandica_P028569	Xestes_maker-XT_scaffold3006-snap-gene-0.27-mRNA-1	1.0	S	0.0
Codhol_EP00042_Codosiga_hollandica_P028569	HoiH04_mRNA2983	1.0	S	0.0
Codhol_EP00042_Codosiga_hollandica_P028569	Aaur_scaffold609.g1.t1	1.0	S	0.0
Codhol_EP00042_Codosiga_hollandica_P028569	Exapal_XM_021038793.2	1.0	S	0.0
Codhol_EP00042_Codosiga_hollandica_P028569	Plespi_Pspi_C602138_01	1.0	S	0.0
Codhol_EP00042_Codosiga_hollandica_P028569	Bralan_BLAG15000821_1	1.0	S	0.0
Codhol_EP00042_Codosiga_hollandica_P028569	Pbac_sb2643729	1.0	S	0.0
Codhol_EP00042_Codosiga_hollandica_P028569	Pocdam_XM_027181812.1	1.0	S	0.0
Codhol_EP00042_Codosiga_hollandica_P028569	Stycar_maker-SC_scaffold90983-snap-gene-0.9-mRNA-1	1.0	S	0.0
Codhol_EP00042_Codosiga_hollandica_P028569	Nvec_v1g225045	1.0	S	0.0
Codhol_EP00042_Codosiga_hollandica_P028569	Chem_TCONS_00050510	1.0	S	0.0
Codhol_EP00042_Codosiga_hollandica_P028569	Adig_XM_015919965.1	1.0	S	0.0
Codhol_EP00042_Codosiga_hollandica_P028569	Halamb_c6690_g1_i2mm.7363	1.0	S	0.0
Codhol_EP00042_Codosiga_hollandica_P028569	Eupdun_Edun_sb10645052	1.0	S	0.0
Codhol_EP00042_Codosiga_hollandica_P028569	Stycar_maker-SC_scaffold64473-snap-gene-0.12-mRNA-1	1.0	S	0.0
Codhol_EP00042_Codosiga_hollandica_P028569	Sanmal_Sma_008744-T1	1.0	S	0.0
Codhol_EP00042_Codosiga_hollandica_P028569	Vmul_SimC396500	1.0	S	0.0
Codhol_EP00042_Codosiga_hollandica_P028569	Skow_XM_002741382.2	1.0	S	0.0
Codhol_EP00042_Codosiga_hollandica_P028569	Sanmal_Sma_022765-T1	1.0	S	0.0
Codhol_EP00042_Codosiga_hollandica_P028569	Leuniv_Lniv_scaffold5766_01	1.0	S	0.0
Codhol_EP00042_Codosiga_hollandica_P028569	Gfas_gfas1.m1.1088.m1	1.0	S	0.0
Codhol_EP00042_Codosiga_hollandica_P028569	Spis_XP_022798685_1	1.0	S	0.0
Codhol_EP00042_Codosiga_hollandica_P028569	Horcal_Hcv1.av93.c3.g988.i1	1.0	S	0.0
Codhol_EP00042_Codosiga_hollandica_P028569	Hsap_ENST00000199814	1.0	S	0.0
Codhol_EP00042_Codosiga_hollandica_P028569	HoiH23_PlH23_003399-RA	1.0	S	0.0
Codhol_EP00042_Codosiga_hollandica_P028569	Eupdun_Edun_sb10645054	1.0	S	0.0
Codhol_EP00042_Codosiga_hollandica_P028569	Gracom_Gcom_scaffold16437_01	1.0	S	0.0
Codhol_EP00042_Codosiga_hollandica_P028569	Morvir_scaffold157.g19.t1	1.0	S	0.0
Codhol_EP00042_Codosiga_hollandica_P028569	Ocar_g9865	1.0	S	0.0
Codhol_EP00042_Codosiga_hollandica_P028569	Opea_EP00118_Oscarella_pearsei_P029005	1.0	S	0.0
Codhol_EP00042_Codosiga_hollandica_P028569	Cgig_XM_011455940.3	1.0	S	0.0
Codhol_EP00042_Codosiga_hollandica_P028569	Nemnom_g2814.t1	1.0	S	0.0
Codhol_EP00042_Codosiga_hollandica_P028569	Lcom_lcpid114428	1.0	S	0.0
Helnan_EP00037_Helgoeca_nana_P011942	Beraby_Baby_sb342165	1.0	S	0.0
Helnan_EP00037_Helgoeca_nana_P011942	Eupdun_Edun_sb10645053	1.0	S	0.0
Helnan_EP00037_Helgoeca_nana_P011942	Dpul_mRNA30319	1.0	S	0.0
Helnan_EP00037_Helgoeca_nana_P011942	Xesp_022341-T1	1.0	S	0.0
Helnan_EP00037_Helgoeca_nana_P011942	Tetwil_g10236.t1	1.0	S	0.0
Helnan_EP00037_Helgoeca_nana_P011942	HoiH06_mRNA8392	1.0	S	0.0
Helnan_EP00037_Helgoeca_nana_P011942	Beraby_Baby_sb342166	1.0	S	0.0
Helnan_EP00037_Helgoeca_nana_P011942	Spur_XM_003729814.3	1.0	S	0.0
Helnan_EP00037_Helgoeca_nana_P011942	Coeast_Cast_sb804167	1.0	S	0.0
Helnan_EP00037_Helgoeca_nana_P011942	Morvir_scaffold157.g18.t1	1.0	S	0.0
Helnan_EP00037_Helgoeca_nana_P011942	Spolac_c95648_g1_i1_m.11806c95648-g1	1.0	S	0.0
Helnan_EP00037_Helgoeca_nana_P011942	Aque_Aqu2.1.37973_001	1.0	S	0.0
Helnan_EP00037_Helgoeca_nana_P011942	Spolac_c95648_g1_i2_m.11808c95648-g1	1.0	S	0.0
Helnan_EP00037_Helgoeca_nana_P011942	Coeast_Cast_sb804166	1.0	S	0.0
Helnan_EP00037_Helgoeca_nana_P011942	Mlei_ML2213.g16.i1	1.0	S	0.0
Helnan_EP00037_Helgoeca_nana_P011942	HoiH11_mRNA3287	1.0	S	0.0
Helnan_EP00037_Helgoeca_nana_P011942	Drygla_Dgla_sb293668	1.0	S	0.0
Helnan_EP00037_Helgoeca_nana_P011942	Coemet_Cmet_scaffold22591_01	1.0	S	0.0
Helnan_EP00037_Helgoeca_nana_P011942	Emue_Em0017g932a.t1	1.0	S	0.0
Helnan_EP00037_Helgoeca_nana_P011942	Nvec_v1g914	1.0	S	0.0
Helnan_EP00037_Helgoeca_nana_P011942	Hhon_g04564.t1	1.0	S	0.0
Helnan_EP00037_Helgoeca_nana_P011942	Hvul_g12058_1	1.0	S	0.0
Helnan_EP00037_Helgoeca_nana_P011942	Ctel_gnl_WGS_AMQN_CAPTEDRAFT_mRNA123077	1.0	S	0.0
Helnan_EP00037_Helgoeca_nana_P011942	Fspp_ffun1.m4.30376.m1	1.0	S	0.0
Helnan_EP00037_Helgoeca_nana_P011942	Lampan_Lpan_13909_01	1.0	S	0.0
Helnan_EP00037_Helgoeca_nana_P011942	Tcas_TC006411_001	1.0	S	0.0
Helnan_EP00037_Helgoeca_nana_P011942	Mertsp_Mesp_sb609140	1.0	S	0.0
Helnan_EP00037_Helgoeca_nana_P011942	Spur_XM_030979846.1	1.0	S	0.0
Helnan_EP00037_Helgoeca_nana_P011942	Acagra_model.g4018.t1	1.0	S	0.0
Helnan_EP00037_Helgoeca_nana_P011942	TrH2_TrispH2_009559-RA	1.0	S	0.0
Helnan_EP00037_Helgoeca_nana_P011942	Scil_scict000436.1	1.0	S	0.0
Helnan_EP00037_Helgoeca_nana_P011942	Morvir_scaffold1035.g1.t1	1.0	S	0.0
Helnan_EP00037_Helgoeca_nana_P011942	Amil_Amillepora10126-RA	1.0	S	0.0
Helnan_EP00037_Helgoeca_nana_P011942	Eupdun_Edun_sb10645055	1.0	S	0.0
Helnan_EP00037_Helgoeca_nana_P011942	Clacor_Ccor_C538091_01	1.0	S	0.0
Helnan_EP00037_Helgoeca_nana_P011942	Dgig_XM_028543784.1	1.0	S	0.0
Helnan_EP00037_Helgoeca_nana_P011942	Gasp_gasp1.m3.6150.m1	1.0	S	0.0
Helnan_EP00037_Helgoeca_nana_P011942	Xestes_maker-XT_scaffold3006-snap-gene-0.27-mRNA-1	1.0	S	0.0
Helnan_EP00037_Helgoeca_nana_P011942	HoiH04_mRNA2983	1.0	S	0.0
Helnan_EP00037_Helgoeca_nana_P011942	Aaur_scaffold609.g1.t1	1.0	S	0.0
Helnan_EP00037_Helgoeca_nana_P011942	Exapal_XM_021038793.2	1.0	S	0.0
Helnan_EP00037_Helgoeca_nana_P011942	Plespi_Pspi_C602138_01	1.0	S	0.0
Helnan_EP00037_Helgoeca_nana_P011942	Bralan_BLAG15000821_1	1.0	S	0.0
Helnan_EP00037_Helgoeca_nana_P011942	Pbac_sb2643729	1.0	S	0.0
Helnan_EP00037_Helgoeca_nana_P011942	Pocdam_XM_027181812.1	1.0	S	0.0
Helnan_EP00037_Helgoeca_nana_P011942	Stycar_maker-SC_scaffold90983-snap-gene-0.9-mRNA-1	1.0	S	0.0
Helnan_EP00037_Helgoeca_nana_P011942	Nvec_v1g225045	1.0	S	0.0
Helnan_EP00037_Helgoeca_nana_P011942	Chem_TCONS_00050510	1.0	S	0.0
Helnan_EP00037_Helgoeca_nana_P011942	Adig_XM_015919965.1	1.0	S	0.0
Helnan_EP00037_Helgoeca_nana_P011942	Halamb_c6690_g1_i2mm.7363	1.0	S	0.0
Helnan_EP00037_Helgoeca_nana_P011942	Eupdun_Edun_sb10645052	1.0	S	0.0
Helnan_EP00037_Helgoeca_nana_P011942	Stycar_maker-SC_scaffold64473-snap-gene-0.12-mRNA-1	1.0	S	0.0
Helnan_EP00037_Helgoeca_nana_P011942	Sanmal_Sma_008744-T1	1.0	S	0.0
Helnan_EP00037_Helgoeca_nana_P011942	Vmul_SimC396500	1.0	S	0.0
Helnan_EP00037_Helgoeca_nana_P011942	Skow_XM_002741382.2	1.0	S	0.0
Helnan_EP00037_Helgoeca_nana_P011942	Sanmal_Sma_022765-T1	1.0	S	0.0
Helnan_EP00037_Helgoeca_nana_P011942	Leuniv_Lniv_scaffold5766_01	1.0	S	0.0
Helnan_EP00037_Helgoeca_nana_P011942	Gfas_gfas1.m1.1088.m1	1.0	S	0.0
Helnan_EP00037_Helgoeca_nana_P011942	Spis_XP_022798685_1	1.0	S	0.0
Helnan_EP00037_Helgoeca_nana_P011942	Horcal_Hcv1.av93.c3.g988.i1	1.0	S	0.0
Helnan_EP00037_Helgoeca_nana_P011942	Hsap_ENST00000199814	1.0	S	0.0
Helnan_EP00037_Helgoeca_nana_P011942	HoiH23_PlH23_003399-RA	1.0	S	0.0
Helnan_EP00037_Helgoeca_nana_P011942	Eupdun_Edun_sb10645054	1.0	S	0.0
Helnan_EP00037_Helgoeca_nana_P011942	Gracom_Gcom_scaffold16437_01	1.0	S	0.0
Helnan_EP00037_Helgoeca_nana_P011942	Morvir_scaffold157.g19.t1	1.0	S	0.0
Helnan_EP00037_Helgoeca_nana_P011942	Ocar_g9865	1.0	S	0.0
Helnan_EP00037_Helgoeca_nana_P011942	Opea_EP00118_Oscarella_pearsei_P029005	1.0	S	0.0
Helnan_EP00037_Helgoeca_nana_P011942	Cgig_XM_011455940.3	1.0	S	0.0
Helnan_EP00037_Helgoeca_nana_P011942	Nemnom_g2814.t1	1.0	S	0.0
Helnan_EP00037_Helgoeca_nana_P011942	Lcom_lcpid114428	1.0	S	0.0
Didcos_EP00039_Didymoeca_costata_P001193	Beraby_Baby_sb342165	1.0	S	0.0
Didcos_EP00039_Didymoeca_costata_P001193	Eupdun_Edun_sb10645053	1.0	S	0.0
Didcos_EP00039_Didymoeca_costata_P001193	Dpul_mRNA30319	1.0	S	0.0
Didcos_EP00039_Didymoeca_costata_P001193	Xesp_022341-T1	1.0	S	0.0
Didcos_EP00039_Didymoeca_costata_P001193	Tetwil_g10236.t1	1.0	S	0.0
Didcos_EP00039_Didymoeca_costata_P001193	HoiH06_mRNA8392	1.0	S	0.0
Didcos_EP00039_Didymoeca_costata_P001193	Beraby_Baby_sb342166	1.0	S	0.0
Didcos_EP00039_Didymoeca_costata_P001193	Spur_XM_003729814.3	1.0	S	0.0
Didcos_EP00039_Didymoeca_costata_P001193	Coeast_Cast_sb804167	1.0	S	0.0
Didcos_EP00039_Didymoeca_costata_P001193	Morvir_scaffold157.g18.t1	1.0	S	0.0
Didcos_EP00039_Didymoeca_costata_P001193	Spolac_c95648_g1_i1_m.11806c95648-g1	1.0	S	0.0
Didcos_EP00039_Didymoeca_costata_P001193	Aque_Aqu2.1.37973_001	1.0	S	0.0
Didcos_EP00039_Didymoeca_costata_P001193	Spolac_c95648_g1_i2_m.11808c95648-g1	1.0	S	0.0
Didcos_EP00039_Didymoeca_costata_P001193	Coeast_Cast_sb804166	1.0	S	0.0
Didcos_EP00039_Didymoeca_costata_P001193	Mlei_ML2213.g16.i1	1.0	S	0.0
Didcos_EP00039_Didymoeca_costata_P001193	HoiH11_mRNA3287	1.0	S	0.0
Didcos_EP00039_Didymoeca_costata_P001193	Drygla_Dgla_sb293668	1.0	S	0.0
Didcos_EP00039_Didymoeca_costata_P001193	Coemet_Cmet_scaffold22591_01	1.0	S	0.0
Didcos_EP00039_Didymoeca_costata_P001193	Emue_Em0017g932a.t1	1.0	S	0.0
Didcos_EP00039_Didymoeca_costata_P001193	Nvec_v1g914	1.0	S	0.0
Didcos_EP00039_Didymoeca_costata_P001193	Hhon_g04564.t1	1.0	S	0.0
Didcos_EP00039_Didymoeca_costata_P001193	Hvul_g12058_1	1.0	S	0.0
Didcos_EP00039_Didymoeca_costata_P001193	Ctel_gnl_WGS_AMQN_CAPTEDRAFT_mRNA123077	1.0	S	0.0
Didcos_EP00039_Didymoeca_costata_P001193	Fspp_ffun1.m4.30376.m1	1.0	S	0.0
Didcos_EP00039_Didymoeca_costata_P001193	Lampan_Lpan_13909_01	1.0	S	0.0
Didcos_EP00039_Didymoeca_costata_P001193	Tcas_TC006411_001	1.0	S	0.0
Didcos_EP00039_Didymoeca_costata_P001193	Mertsp_Mesp_sb609140	1.0	S	0.0
Didcos_EP00039_Didymoeca_costata_P001193	Spur_XM_030979846.1	1.0	S	0.0
Didcos_EP00039_Didymoeca_costata_P001193	Acagra_model.g4018.t1	1.0	S	0.0
Didcos_EP00039_Didymoeca_costata_P001193	TrH2_TrispH2_009559-RA	1.0	S	0.0
Didcos_EP00039_Didymoeca_costata_P001193	Scil_scict000436.1	1.0	S	0.0
Didcos_EP00039_Didymoeca_costata_P001193	Morvir_scaffold1035.g1.t1	1.0	S	0.0
Didcos_EP00039_Didymoeca_costata_P001193	Amil_Amillepora10126-RA	1.0	S	0.0
Didcos_EP00039_Didymoeca_costata_P001193	Eupdun_Edun_sb10645055	1.0	S	0.0
Didcos_EP00039_Didymoeca_costata_P001193	Clacor_Ccor_C538091_01	1.0	S	0.0
Didcos_EP00039_Didymoeca_costata_P001193	Dgig_XM_028543784.1	1.0	S	0.0
Didcos_EP00039_Didymoeca_costata_P001193	Gasp_gasp1.m3.6150.m1	1.0	S	0.0
Didcos_EP00039_Didymoeca_costata_P001193	Xestes_maker-XT_scaffold3006-snap-gene-0.27-mRNA-1	1.0	S	0.0
Didcos_EP00039_Didymoeca_costata_P001193	HoiH04_mRNA2983	1.0	S	0.0
Didcos_EP00039_Didymoeca_costata_P001193	Aaur_scaffold609.g1.t1	1.0	S	0.0
Didcos_EP00039_Didymoeca_costata_P001193	Exapal_XM_021038793.2	1.0	S	0.0
Didcos_EP00039_Didymoeca_costata_P001193	Plespi_Pspi_C602138_01	1.0	S	0.0
Didcos_EP00039_Didymoeca_costata_P001193	Bralan_BLAG15000821_1	1.0	S	0.0
Didcos_EP00039_Didymoeca_costata_P001193	Pbac_sb2643729	1.0	S	0.0
Didcos_EP00039_Didymoeca_costata_P001193	Pocdam_XM_027181812.1	1.0	S	0.0
Didcos_EP00039_Didymoeca_costata_P001193	Stycar_maker-SC_scaffold90983-snap-gene-0.9-mRNA-1	1.0	S	0.0
Didcos_EP00039_Didymoeca_costata_P001193	Nvec_v1g225045	1.0	S	0.0
Didcos_EP00039_Didymoeca_costata_P001193	Chem_TCONS_00050510	1.0	S	0.0
Didcos_EP00039_Didymoeca_costata_P001193	Adig_XM_015919965.1	1.0	S	0.0
Didcos_EP00039_Didymoeca_costata_P001193	Halamb_c6690_g1_i2mm.7363	1.0	S	0.0
Didcos_EP00039_Didymoeca_costata_P001193	Eupdun_Edun_sb10645052	1.0	S	0.0
Didcos_EP00039_Didymoeca_costata_P001193	Stycar_maker-SC_scaffold64473-snap-gene-0.12-mRNA-1	1.0	S	0.0
Didcos_EP00039_Didymoeca_costata_P001193	Sanmal_Sma_008744-T1	1.0	S	0.0
Didcos_EP00039_Didymoeca_costata_P001193	Vmul_SimC396500	1.0	S	0.0
Didcos_EP00039_Didymoeca_costata_P001193	Skow_XM_002741382.2	1.0	S	0.0
Didcos_EP00039_Didymoeca_costata_P001193	Sanmal_Sma_022765-T1	1.0	S	0.0
Didcos_EP00039_Didymoeca_costata_P001193	Leuniv_Lniv_scaffold5766_01	1.0	S	0.0
Didcos_EP00039_Didymoeca_costata_P001193	Gfas_gfas1.m1.1088.m1	1.0	S	0.0
Didcos_EP00039_Didymoeca_costata_P001193	Spis_XP_022798685_1	1.0	S	0.0
Didcos_EP00039_Didymoeca_costata_P001193	Horcal_Hcv1.av93.c3.g988.i1	1.0	S	0.0
Didcos_EP00039_Didymoeca_costata_P001193	Hsap_ENST00000199814	1.0	S	0.0
Didcos_EP00039_Didymoeca_costata_P001193	HoiH23_PlH23_003399-RA	1.0	S	0.0
Didcos_EP00039_Didymoeca_costata_P001193	Eupdun_Edun_sb10645054	1.0	S	0.0
Didcos_EP00039_Didymoeca_costata_P001193	Gracom_Gcom_scaffold16437_01	1.0	S	0.0
Didcos_EP00039_Didymoeca_costata_P001193	Morvir_scaffold157.g19.t1	1.0	S	0.0
Didcos_EP00039_Didymoeca_costata_P001193	Ocar_g9865	1.0	S	0.0
Didcos_EP00039_Didymoeca_costata_P001193	Opea_EP00118_Oscarella_pearsei_P029005	1.0	S	0.0
Didcos_EP00039_Didymoeca_costata_P001193	Cgig_XM_011455940.3	1.0	S	0.0
Didcos_EP00039_Didymoeca_costata_P001193	Nemnom_g2814.t1	1.0	S	0.0
Didcos_EP00039_Didymoeca_costata_P001193	Lcom_lcpid114428	1.0	S	0.0
Mbre_EDQ88082	Beraby_Baby_sb342165	1.0	S	0.0
Mbre_EDQ88082	Eupdun_Edun_sb10645053	1.0	S	0.0
Mbre_EDQ88082	Dpul_mRNA30319	1.0	S	0.0
Mbre_EDQ88082	Xesp_022341-T1	1.0	S	0.0
Mbre_EDQ88082	Tetwil_g10236.t1	1.0	S	0.0
Mbre_EDQ88082	HoiH06_mRNA8392	1.0	S	0.0
Mbre_EDQ88082	Beraby_Baby_sb342166	1.0	S	0.0
Mbre_EDQ88082	Spur_XM_003729814.3	1.0	S	0.0
Mbre_EDQ88082	Coeast_Cast_sb804167	1.0	S	0.0
Mbre_EDQ88082	Morvir_scaffold157.g18.t1	1.0	S	0.0
Mbre_EDQ88082	Spolac_c95648_g1_i1_m.11806c95648-g1	1.0	S	0.0
Mbre_EDQ88082	Aque_Aqu2.1.37973_001	1.0	S	0.0
Mbre_EDQ88082	Spolac_c95648_g1_i2_m.11808c95648-g1	1.0	S	0.0
Mbre_EDQ88082	Coeast_Cast_sb804166	1.0	S	0.0
Mbre_EDQ88082	Mlei_ML2213.g16.i1	1.0	S	0.0
Mbre_EDQ88082	HoiH11_mRNA3287	1.0	S	0.0
Mbre_EDQ88082	Drygla_Dgla_sb293668	1.0	S	0.0
Mbre_EDQ88082	Coemet_Cmet_scaffold22591_01	1.0	S	0.0
Mbre_EDQ88082	Emue_Em0017g932a.t1	1.0	S	0.0
Mbre_EDQ88082	Nvec_v1g914	1.0	S	0.0
Mbre_EDQ88082	Hhon_g04564.t1	1.0	S	0.0
Mbre_EDQ88082	Hvul_g12058_1	1.0	S	0.0
Mbre_EDQ88082	Ctel_gnl_WGS_AMQN_CAPTEDRAFT_mRNA123077	1.0	S	0.0
Mbre_EDQ88082	Fspp_ffun1.m4.30376.m1	1.0	S	0.0
Mbre_EDQ88082	Lampan_Lpan_13909_01	1.0	S	0.0
Mbre_EDQ88082	Tcas_TC006411_001	1.0	S	0.0
Mbre_EDQ88082	Mertsp_Mesp_sb609140	1.0	S	0.0
Mbre_EDQ88082	Spur_XM_030979846.1	1.0	S	0.0
Mbre_EDQ88082	Acagra_model.g4018.t1	1.0	S	0.0
Mbre_EDQ88082	TrH2_TrispH2_009559-RA	1.0	S	0.0
Mbre_EDQ88082	Scil_scict000436.1	1.0	S	0.0
Mbre_EDQ88082	Morvir_scaffold1035.g1.t1	1.0	S	0.0
Mbre_EDQ88082	Amil_Amillepora10126-RA	1.0	S	0.0
Mbre_EDQ88082	Eupdun_Edun_sb10645055	1.0	S	0.0
Mbre_EDQ88082	Clacor_Ccor_C538091_01	1.0	S	0.0
Mbre_EDQ88082	Dgig_XM_028543784.1	1.0	S	0.0
Mbre_EDQ88082	Gasp_gasp1.m3.6150.m1	1.0	S	0.0
Mbre_EDQ88082	Xestes_maker-XT_scaffold3006-snap-gene-0.27-mRNA-1	1.0	S	0.0
Mbre_EDQ88082	HoiH04_mRNA2983	1.0	S	0.0
Mbre_EDQ88082	Aaur_scaffold609.g1.t1	1.0	S	0.0
Mbre_EDQ88082	Exapal_XM_021038793.2	1.0	S	0.0
Mbre_EDQ88082	Plespi_Pspi_C602138_01	1.0	S	0.0
Mbre_EDQ88082	Bralan_BLAG15000821_1	1.0	S	0.0
Mbre_EDQ88082	Pbac_sb2643729	1.0	S	0.0
Mbre_EDQ88082	Pocdam_XM_027181812.1	1.0	S	0.0
Mbre_EDQ88082	Stycar_maker-SC_scaffold90983-snap-gene-0.9-mRNA-1	1.0	S	0.0
Mbre_EDQ88082	Nvec_v1g225045	1.0	S	0.0
Mbre_EDQ88082	Chem_TCONS_00050510	1.0	S	0.0
Mbre_EDQ88082	Adig_XM_015919965.1	1.0	S	0.0
Mbre_EDQ88082	Halamb_c6690_g1_i2mm.7363	1.0	S	0.0
Mbre_EDQ88082	Eupdun_Edun_sb10645052	1.0	S	0.0
Mbre_EDQ88082	Stycar_maker-SC_scaffold64473-snap-gene-0.12-mRNA-1	1.0	S	0.0
Mbre_EDQ88082	Sanmal_Sma_008744-T1	1.0	S	0.0
Mbre_EDQ88082	Vmul_SimC396500	1.0	S	0.0
Mbre_EDQ88082	Skow_XM_002741382.2	1.0	S	0.0
Mbre_EDQ88082	Sanmal_Sma_022765-T1	1.0	S	0.0
Mbre_EDQ88082	Leuniv_Lniv_scaffold5766_01	1.0	S	0.0
Mbre_EDQ88082	Gfas_gfas1.m1.1088.m1	1.0	S	0.0
Mbre_EDQ88082	Spis_XP_022798685_1	1.0	S	0.0
Mbre_EDQ88082	Horcal_Hcv1.av93.c3.g988.i1	1.0	S	0.0
Mbre_EDQ88082	Hsap_ENST00000199814	1.0	S	0.0
Mbre_EDQ88082	HoiH23_PlH23_003399-RA	1.0	S	0.0
Mbre_EDQ88082	Eupdun_Edun_sb10645054	1.0	S	0.0
Mbre_EDQ88082	Gracom_Gcom_scaffold16437_01	1.0	S	0.0
Mbre_EDQ88082	Morvir_scaffold157.g19.t1	1.0	S	0.0
Mbre_EDQ88082	Ocar_g9865	1.0	S	0.0
Mbre_EDQ88082	Opea_EP00118_Oscarella_pearsei_P029005	1.0	S	0.0
Mbre_EDQ88082	Cgig_XM_011455940.3	1.0	S	0.0
Mbre_EDQ88082	Nemnom_g2814.t1	1.0	S	0.0
Mbre_EDQ88082	Lcom_lcpid114428	1.0	S	0.0
Salinf_EP00049_Salpingoeca_infusionum_P026733	Beraby_Baby_sb342165	1.0	S	0.0
Salinf_EP00049_Salpingoeca_infusionum_P026733	Eupdun_Edun_sb10645053	1.0	S	0.0
Salinf_EP00049_Salpingoeca_infusionum_P026733	Dpul_mRNA30319	1.0	S	0.0
Salinf_EP00049_Salpingoeca_infusionum_P026733	Xesp_022341-T1	1.0	S	0.0
Salinf_EP00049_Salpingoeca_infusionum_P026733	Tetwil_g10236.t1	1.0	S	0.0
Salinf_EP00049_Salpingoeca_infusionum_P026733	HoiH06_mRNA8392	1.0	S	0.0
Salinf_EP00049_Salpingoeca_infusionum_P026733	Beraby_Baby_sb342166	1.0	S	0.0
Salinf_EP00049_Salpingoeca_infusionum_P026733	Spur_XM_003729814.3	1.0	S	0.0
Salinf_EP00049_Salpingoeca_infusionum_P026733	Coeast_Cast_sb804167	1.0	S	0.0
Salinf_EP00049_Salpingoeca_infusionum_P026733	Morvir_scaffold157.g18.t1	1.0	S	0.0
Salinf_EP00049_Salpingoeca_infusionum_P026733	Spolac_c95648_g1_i1_m.11806c95648-g1	1.0	S	0.0
Salinf_EP00049_Salpingoeca_infusionum_P026733	Aque_Aqu2.1.37973_001	1.0	S	0.0
Salinf_EP00049_Salpingoeca_infusionum_P026733	Spolac_c95648_g1_i2_m.11808c95648-g1	1.0	S	0.0
Salinf_EP00049_Salpingoeca_infusionum_P026733	Coeast_Cast_sb804166	1.0	S	0.0
Salinf_EP00049_Salpingoeca_infusionum_P026733	Mlei_ML2213.g16.i1	1.0	S	0.0
Salinf_EP00049_Salpingoeca_infusionum_P026733	HoiH11_mRNA3287	1.0	S	0.0
Salinf_EP00049_Salpingoeca_infusionum_P026733	Drygla_Dgla_sb293668	1.0	S	0.0
Salinf_EP00049_Salpingoeca_infusionum_P026733	Coemet_Cmet_scaffold22591_01	1.0	S	0.0
Salinf_EP00049_Salpingoeca_infusionum_P026733	Emue_Em0017g932a.t1	1.0	S	0.0
Salinf_EP00049_Salpingoeca_infusionum_P026733	Nvec_v1g914	1.0	S	0.0
Salinf_EP00049_Salpingoeca_infusionum_P026733	Hhon_g04564.t1	1.0	S	0.0
Salinf_EP00049_Salpingoeca_infusionum_P026733	Hvul_g12058_1	1.0	S	0.0
Salinf_EP00049_Salpingoeca_infusionum_P026733	Ctel_gnl_WGS_AMQN_CAPTEDRAFT_mRNA123077	1.0	S	0.0
Salinf_EP00049_Salpingoeca_infusionum_P026733	Fspp_ffun1.m4.30376.m1	1.0	S	0.0
Salinf_EP00049_Salpingoeca_infusionum_P026733	Lampan_Lpan_13909_01	1.0	S	0.0
Salinf_EP00049_Salpingoeca_infusionum_P026733	Tcas_TC006411_001	1.0	S	0.0
Salinf_EP00049_Salpingoeca_infusionum_P026733	Mertsp_Mesp_sb609140	1.0	S	0.0
Salinf_EP00049_Salpingoeca_infusionum_P026733	Spur_XM_030979846.1	1.0	S	0.0
Salinf_EP00049_Salpingoeca_infusionum_P026733	Acagra_model.g4018.t1	1.0	S	0.0
Salinf_EP00049_Salpingoeca_infusionum_P026733	TrH2_TrispH2_009559-RA	1.0	S	0.0
Salinf_EP00049_Salpingoeca_infusionum_P026733	Scil_scict000436.1	1.0	S	0.0
Salinf_EP00049_Salpingoeca_infusionum_P026733	Morvir_scaffold1035.g1.t1	1.0	S	0.0
Salinf_EP00049_Salpingoeca_infusionum_P026733	Amil_Amillepora10126-RA	1.0	S	0.0
Salinf_EP00049_Salpingoeca_infusionum_P026733	Eupdun_Edun_sb10645055	1.0	S	0.0
Salinf_EP00049_Salpingoeca_infusionum_P026733	Clacor_Ccor_C538091_01	1.0	S	0.0
Salinf_EP00049_Salpingoeca_infusionum_P026733	Dgig_XM_028543784.1	1.0	S	0.0
Salinf_EP00049_Salpingoeca_infusionum_P026733	Gasp_gasp1.m3.6150.m1	1.0	S	0.0
Salinf_EP00049_Salpingoeca_infusionum_P026733	Xestes_maker-XT_scaffold3006-snap-gene-0.27-mRNA-1	1.0	S	0.0
Salinf_EP00049_Salpingoeca_infusionum_P026733	HoiH04_mRNA2983	1.0	S	0.0
Salinf_EP00049_Salpingoeca_infusionum_P026733	Aaur_scaffold609.g1.t1	1.0	S	0.0
Salinf_EP00049_Salpingoeca_infusionum_P026733	Exapal_XM_021038793.2	1.0	S	0.0
Salinf_EP00049_Salpingoeca_infusionum_P026733	Plespi_Pspi_C602138_01	1.0	S	0.0
Salinf_EP00049_Salpingoeca_infusionum_P026733	Bralan_BLAG15000821_1	1.0	S	0.0
Salinf_EP00049_Salpingoeca_infusionum_P026733	Pbac_sb2643729	1.0	S	0.0
Salinf_EP00049_Salpingoeca_infusionum_P026733	Pocdam_XM_027181812.1	1.0	S	0.0
Salinf_EP00049_Salpingoeca_infusionum_P026733	Stycar_maker-SC_scaffold90983-snap-gene-0.9-mRNA-1	1.0	S	0.0
Salinf_EP00049_Salpingoeca_infusionum_P026733	Nvec_v1g225045	1.0	S	0.0
Salinf_EP00049_Salpingoeca_infusionum_P026733	Chem_TCONS_00050510	1.0	S	0.0
Salinf_EP00049_Salpingoeca_infusionum_P026733	Adig_XM_015919965.1	1.0	S	0.0
Salinf_EP00049_Salpingoeca_infusionum_P026733	Halamb_c6690_g1_i2mm.7363	1.0	S	0.0
Salinf_EP00049_Salpingoeca_infusionum_P026733	Eupdun_Edun_sb10645052	1.0	S	0.0
Salinf_EP00049_Salpingoeca_infusionum_P026733	Stycar_maker-SC_scaffold64473-snap-gene-0.12-mRNA-1	1.0	S	0.0
Salinf_EP00049_Salpingoeca_infusionum_P026733	Sanmal_Sma_008744-T1	1.0	S	0.0
Salinf_EP00049_Salpingoeca_infusionum_P026733	Vmul_SimC396500	1.0	S	0.0
Salinf_EP00049_Salpingoeca_infusionum_P026733	Skow_XM_002741382.2	1.0	S	0.0
Salinf_EP00049_Salpingoeca_infusionum_P026733	Sanmal_Sma_022765-T1	1.0	S	0.0
Salinf_EP00049_Salpingoeca_infusionum_P026733	Leuniv_Lniv_scaffold5766_01	1.0	S	0.0
Salinf_EP00049_Salpingoeca_infusionum_P026733	Gfas_gfas1.m1.1088.m1	1.0	S	0.0
Salinf_EP00049_Salpingoeca_infusionum_P026733	Spis_XP_022798685_1	1.0	S	0.0
Salinf_EP00049_Salpingoeca_infusionum_P026733	Horcal_Hcv1.av93.c3.g988.i1	1.0	S	0.0
Salinf_EP00049_Salpingoeca_infusionum_P026733	Hsap_ENST00000199814	1.0	S	0.0
Salinf_EP00049_Salpingoeca_infusionum_P026733	HoiH23_PlH23_003399-RA	1.0	S	0.0
Salinf_EP00049_Salpingoeca_infusionum_P026733	Eupdun_Edun_sb10645054	1.0	S	0.0
Salinf_EP00049_Salpingoeca_infusionum_P026733	Gracom_Gcom_scaffold16437_01	1.0	S	0.0
Salinf_EP00049_Salpingoeca_infusionum_P026733	Morvir_scaffold157.g19.t1	1.0	S	0.0
Salinf_EP00049_Salpingoeca_infusionum_P026733	Ocar_g9865	1.0	S	0.0
Salinf_EP00049_Salpingoeca_infusionum_P026733	Opea_EP00118_Oscarella_pearsei_P029005	1.0	S	0.0
Salinf_EP00049_Salpingoeca_infusionum_P026733	Cgig_XM_011455940.3	1.0	S	0.0
Salinf_EP00049_Salpingoeca_infusionum_P026733	Nemnom_g2814.t1	1.0	S	0.0
Salinf_EP00049_Salpingoeca_infusionum_P026733	Lcom_lcpid114428	1.0	S	0.0
Saldol_EP00054_Salpingoeca_dolichothecata_P024517	Beraby_Baby_sb342165	1.0	S	0.0
Saldol_EP00054_Salpingoeca_dolichothecata_P024517	Eupdun_Edun_sb10645053	1.0	S	0.0
Saldol_EP00054_Salpingoeca_dolichothecata_P024517	Dpul_mRNA30319	1.0	S	0.0
Saldol_EP00054_Salpingoeca_dolichothecata_P024517	Xesp_022341-T1	1.0	S	0.0
Saldol_EP00054_Salpingoeca_dolichothecata_P024517	Tetwil_g10236.t1	1.0	S	0.0
Saldol_EP00054_Salpingoeca_dolichothecata_P024517	HoiH06_mRNA8392	1.0	S	0.0
Saldol_EP00054_Salpingoeca_dolichothecata_P024517	Beraby_Baby_sb342166	1.0	S	0.0
Saldol_EP00054_Salpingoeca_dolichothecata_P024517	Spur_XM_003729814.3	1.0	S	0.0
Saldol_EP00054_Salpingoeca_dolichothecata_P024517	Coeast_Cast_sb804167	1.0	S	0.0
Saldol_EP00054_Salpingoeca_dolichothecata_P024517	Morvir_scaffold157.g18.t1	1.0	S	0.0
Saldol_EP00054_Salpingoeca_dolichothecata_P024517	Spolac_c95648_g1_i1_m.11806c95648-g1	1.0	S	0.0
Saldol_EP00054_Salpingoeca_dolichothecata_P024517	Aque_Aqu2.1.37973_001	1.0	S	0.0
Saldol_EP00054_Salpingoeca_dolichothecata_P024517	Spolac_c95648_g1_i2_m.11808c95648-g1	1.0	S	0.0
Saldol_EP00054_Salpingoeca_dolichothecata_P024517	Coeast_Cast_sb804166	1.0	S	0.0
Saldol_EP00054_Salpingoeca_dolichothecata_P024517	Mlei_ML2213.g16.i1	1.0	S	0.0
Saldol_EP00054_Salpingoeca_dolichothecata_P024517	HoiH11_mRNA3287	1.0	S	0.0
Saldol_EP00054_Salpingoeca_dolichothecata_P024517	Drygla_Dgla_sb293668	1.0	S	0.0
Saldol_EP00054_Salpingoeca_dolichothecata_P024517	Coemet_Cmet_scaffold22591_01	1.0	S	0.0
Saldol_EP00054_Salpingoeca_dolichothecata_P024517	Emue_Em0017g932a.t1	1.0	S	0.0
Saldol_EP00054_Salpingoeca_dolichothecata_P024517	Nvec_v1g914	1.0	S	0.0
Saldol_EP00054_Salpingoeca_dolichothecata_P024517	Hhon_g04564.t1	1.0	S	0.0
Saldol_EP00054_Salpingoeca_dolichothecata_P024517	Hvul_g12058_1	1.0	S	0.0
Saldol_EP00054_Salpingoeca_dolichothecata_P024517	Ctel_gnl_WGS_AMQN_CAPTEDRAFT_mRNA123077	1.0	S	0.0
Saldol_EP00054_Salpingoeca_dolichothecata_P024517	Fspp_ffun1.m4.30376.m1	1.0	S	0.0
Saldol_EP00054_Salpingoeca_dolichothecata_P024517	Lampan_Lpan_13909_01	1.0	S	0.0
Saldol_EP00054_Salpingoeca_dolichothecata_P024517	Tcas_TC006411_001	1.0	S	0.0
Saldol_EP00054_Salpingoeca_dolichothecata_P024517	Mertsp_Mesp_sb609140	1.0	S	0.0
Saldol_EP00054_Salpingoeca_dolichothecata_P024517	Spur_XM_030979846.1	1.0	S	0.0
Saldol_EP00054_Salpingoeca_dolichothecata_P024517	Acagra_model.g4018.t1	1.0	S	0.0
Saldol_EP00054_Salpingoeca_dolichothecata_P024517	TrH2_TrispH2_009559-RA	1.0	S	0.0
Saldol_EP00054_Salpingoeca_dolichothecata_P024517	Scil_scict000436.1	1.0	S	0.0
Saldol_EP00054_Salpingoeca_dolichothecata_P024517	Morvir_scaffold1035.g1.t1	1.0	S	0.0
Saldol_EP00054_Salpingoeca_dolichothecata_P024517	Amil_Amillepora10126-RA	1.0	S	0.0
Saldol_EP00054_Salpingoeca_dolichothecata_P024517	Eupdun_Edun_sb10645055	1.0	S	0.0
Saldol_EP00054_Salpingoeca_dolichothecata_P024517	Clacor_Ccor_C538091_01	1.0	S	0.0
Saldol_EP00054_Salpingoeca_dolichothecata_P024517	Dgig_XM_028543784.1	1.0	S	0.0
Saldol_EP00054_Salpingoeca_dolichothecata_P024517	Gasp_gasp1.m3.6150.m1	1.0	S	0.0
Saldol_EP00054_Salpingoeca_dolichothecata_P024517	Xestes_maker-XT_scaffold3006-snap-gene-0.27-mRNA-1	1.0	S	0.0
Saldol_EP00054_Salpingoeca_dolichothecata_P024517	HoiH04_mRNA2983	1.0	S	0.0
Saldol_EP00054_Salpingoeca_dolichothecata_P024517	Aaur_scaffold609.g1.t1	1.0	S	0.0
Saldol_EP00054_Salpingoeca_dolichothecata_P024517	Exapal_XM_021038793.2	1.0	S	0.0
Saldol_EP00054_Salpingoeca_dolichothecata_P024517	Plespi_Pspi_C602138_01	1.0	S	0.0
Saldol_EP00054_Salpingoeca_dolichothecata_P024517	Bralan_BLAG15000821_1	1.0	S	0.0
Saldol_EP00054_Salpingoeca_dolichothecata_P024517	Pbac_sb2643729	1.0	S	0.0
Saldol_EP00054_Salpingoeca_dolichothecata_P024517	Pocdam_XM_027181812.1	1.0	S	0.0
Saldol_EP00054_Salpingoeca_dolichothecata_P024517	Stycar_maker-SC_scaffold90983-snap-gene-0.9-mRNA-1	1.0	S	0.0
Saldol_EP00054_Salpingoeca_dolichothecata_P024517	Nvec_v1g225045	1.0	S	0.0
Saldol_EP00054_Salpingoeca_dolichothecata_P024517	Chem_TCONS_00050510	1.0	S	0.0
Saldol_EP00054_Salpingoeca_dolichothecata_P024517	Adig_XM_015919965.1	1.0	S	0.0
Saldol_EP00054_Salpingoeca_dolichothecata_P024517	Halamb_c6690_g1_i2mm.7363	1.0	S	0.0
Saldol_EP00054_Salpingoeca_dolichothecata_P024517	Eupdun_Edun_sb10645052	1.0	S	0.0
Saldol_EP00054_Salpingoeca_dolichothecata_P024517	Stycar_maker-SC_scaffold64473-snap-gene-0.12-mRNA-1	1.0	S	0.0
Saldol_EP00054_Salpingoeca_dolichothecata_P024517	Sanmal_Sma_008744-T1	1.0	S	0.0
Saldol_EP00054_Salpingoeca_dolichothecata_P024517	Vmul_SimC396500	1.0	S	0.0
Saldol_EP00054_Salpingoeca_dolichothecata_P024517	Skow_XM_002741382.2	1.0	S	0.0
Saldol_EP00054_Salpingoeca_dolichothecata_P024517	Sanmal_Sma_022765-T1	1.0	S	0.0
Saldol_EP00054_Salpingoeca_dolichothecata_P024517	Leuniv_Lniv_scaffold5766_01	1.0	S	0.0
Saldol_EP00054_Salpingoeca_dolichothecata_P024517	Gfas_gfas1.m1.1088.m1	1.0	S	0.0
Saldol_EP00054_Salpingoeca_dolichothecata_P024517	Spis_XP_022798685_1	1.0	S	0.0
Saldol_EP00054_Salpingoeca_dolichothecata_P024517	Horcal_Hcv1.av93.c3.g988.i1	1.0	S	0.0
Saldol_EP00054_Salpingoeca_dolichothecata_P024517	Hsap_ENST00000199814	1.0	S	0.0
Saldol_EP00054_Salpingoeca_dolichothecata_P024517	HoiH23_PlH23_003399-RA	1.0	S	0.0
Saldol_EP00054_Salpingoeca_dolichothecata_P024517	Eupdun_Edun_sb10645054	1.0	S	0.0
Saldol_EP00054_Salpingoeca_dolichothecata_P024517	Gracom_Gcom_scaffold16437_01	1.0	S	0.0
Saldol_EP00054_Salpingoeca_dolichothecata_P024517	Morvir_scaffold157.g19.t1	1.0	S	0.0
Saldol_EP00054_Salpingoeca_dolichothecata_P024517	Ocar_g9865	1.0	S	0.0
Saldol_EP00054_Salpingoeca_dolichothecata_P024517	Opea_EP00118_Oscarella_pearsei_P029005	1.0	S	0.0
Saldol_EP00054_Salpingoeca_dolichothecata_P024517	Cgig_XM_011455940.3	1.0	S	0.0
Saldol_EP00054_Salpingoeca_dolichothecata_P024517	Nemnom_g2814.t1	1.0	S	0.0
Saldol_EP00054_Salpingoeca_dolichothecata_P024517	Lcom_lcpid114428	1.0	S	0.0
Sros_EGD76810	Beraby_Baby_sb342165	1.0	S	0.0
Sros_EGD76810	Eupdun_Edun_sb10645053	1.0	S	0.0
Sros_EGD76810	Dpul_mRNA30319	1.0	S	0.0
Sros_EGD76810	Xesp_022341-T1	1.0	S	0.0
Sros_EGD76810	Tetwil_g10236.t1	1.0	S	0.0
Sros_EGD76810	HoiH06_mRNA8392	1.0	S	0.0
Sros_EGD76810	Beraby_Baby_sb342166	1.0	S	0.0
Sros_EGD76810	Spur_XM_003729814.3	1.0	S	0.0
Sros_EGD76810	Coeast_Cast_sb804167	1.0	S	0.0
Sros_EGD76810	Morvir_scaffold157.g18.t1	1.0	S	0.0
Sros_EGD76810	Spolac_c95648_g1_i1_m.11806c95648-g1	1.0	S	0.0
Sros_EGD76810	Aque_Aqu2.1.37973_001	1.0	S	0.0
Sros_EGD76810	Spolac_c95648_g1_i2_m.11808c95648-g1	1.0	S	0.0
Sros_EGD76810	Coeast_Cast_sb804166	1.0	S	0.0
Sros_EGD76810	Mlei_ML2213.g16.i1	1.0	S	0.0
Sros_EGD76810	HoiH11_mRNA3287	1.0	S	0.0
Sros_EGD76810	Drygla_Dgla_sb293668	1.0	S	0.0
Sros_EGD76810	Coemet_Cmet_scaffold22591_01	1.0	S	0.0
Sros_EGD76810	Emue_Em0017g932a.t1	1.0	S	0.0
Sros_EGD76810	Nvec_v1g914	1.0	S	0.0
Sros_EGD76810	Hhon_g04564.t1	1.0	S	0.0
Sros_EGD76810	Hvul_g12058_1	1.0	S	0.0
Sros_EGD76810	Ctel_gnl_WGS_AMQN_CAPTEDRAFT_mRNA123077	1.0	S	0.0
Sros_EGD76810	Fspp_ffun1.m4.30376.m1	1.0	S	0.0
Sros_EGD76810	Lampan_Lpan_13909_01	1.0	S	0.0
Sros_EGD76810	Tcas_TC006411_001	1.0	S	0.0
Sros_EGD76810	Mertsp_Mesp_sb609140	1.0	S	0.0
Sros_EGD76810	Spur_XM_030979846.1	1.0	S	0.0
Sros_EGD76810	Acagra_model.g4018.t1	1.0	S	0.0
Sros_EGD76810	TrH2_TrispH2_009559-RA	1.0	S	0.0
Sros_EGD76810	Scil_scict000436.1	1.0	S	0.0
Sros_EGD76810	Morvir_scaffold1035.g1.t1	1.0	S	0.0
Sros_EGD76810	Amil_Amillepora10126-RA	1.0	S	0.0
Sros_EGD76810	Eupdun_Edun_sb10645055	1.0	S	0.0
Sros_EGD76810	Clacor_Ccor_C538091_01	1.0	S	0.0
Sros_EGD76810	Dgig_XM_028543784.1	1.0	S	0.0
Sros_EGD76810	Gasp_gasp1.m3.6150.m1	1.0	S	0.0
Sros_EGD76810	Xestes_maker-XT_scaffold3006-snap-gene-0.27-mRNA-1	1.0	S	0.0
Sros_EGD76810	HoiH04_mRNA2983	1.0	S	0.0
Sros_EGD76810	Aaur_scaffold609.g1.t1	1.0	S	0.0
Sros_EGD76810	Exapal_XM_021038793.2	1.0	S	0.0
Sros_EGD76810	Plespi_Pspi_C602138_01	1.0	S	0.0
Sros_EGD76810	Bralan_BLAG15000821_1	1.0	S	0.0
Sros_EGD76810	Pbac_sb2643729	1.0	S	0.0
Sros_EGD76810	Pocdam_XM_027181812.1	1.0	S	0.0
Sros_EGD76810	Stycar_maker-SC_scaffold90983-snap-gene-0.9-mRNA-1	1.0	S	0.0
Sros_EGD76810	Nvec_v1g225045	1.0	S	0.0
Sros_EGD76810	Chem_TCONS_00050510	1.0	S	0.0
Sros_EGD76810	Adig_XM_015919965.1	1.0	S	0.0
Sros_EGD76810	Halamb_c6690_g1_i2mm.7363	1.0	S	0.0
Sros_EGD76810	Eupdun_Edun_sb10645052	1.0	S	0.0
Sros_EGD76810	Stycar_maker-SC_scaffold64473-snap-gene-0.12-mRNA-1	1.0	S	0.0
Sros_EGD76810	Sanmal_Sma_008744-T1	1.0	S	0.0
Sros_EGD76810	Vmul_SimC396500	1.0	S	0.0
Sros_EGD76810	Skow_XM_002741382.2	1.0	S	0.0
Sros_EGD76810	Sanmal_Sma_022765-T1	1.0	S	0.0
Sros_EGD76810	Leuniv_Lniv_scaffold5766_01	1.0	S	0.0
Sros_EGD76810	Gfas_gfas1.m1.1088.m1	1.0	S	0.0
Sros_EGD76810	Spis_XP_022798685_1	1.0	S	0.0
Sros_EGD76810	Horcal_Hcv1.av93.c3.g988.i1	1.0	S	0.0
Sros_EGD76810	Hsap_ENST00000199814	1.0	S	0.0
Sros_EGD76810	HoiH23_PlH23_003399-RA	1.0	S	0.0
Sros_EGD76810	Eupdun_Edun_sb10645054	1.0	S	0.0
Sros_EGD76810	Gracom_Gcom_scaffold16437_01	1.0	S	0.0
Sros_EGD76810	Morvir_scaffold157.g19.t1	1.0	S	0.0
Sros_EGD76810	Ocar_g9865	1.0	S	0.0
Sros_EGD76810	Opea_EP00118_Oscarella_pearsei_P029005	1.0	S	0.0
Sros_EGD76810	Cgig_XM_011455940.3	1.0	S	0.0
Sros_EGD76810	Nemnom_g2814.t1	1.0	S	0.0
Sros_EGD76810	Lcom_lcpid114428	1.0	S	0.0
Choper_EP00045_Choanoeca_perplexa_P015413	Beraby_Baby_sb342165	1.0	S	0.0
Choper_EP00045_Choanoeca_perplexa_P015413	Eupdun_Edun_sb10645053	1.0	S	0.0
Choper_EP00045_Choanoeca_perplexa_P015413	Dpul_mRNA30319	1.0	S	0.0
Choper_EP00045_Choanoeca_perplexa_P015413	Xesp_022341-T1	1.0	S	0.0
Choper_EP00045_Choanoeca_perplexa_P015413	Tetwil_g10236.t1	1.0	S	0.0
Choper_EP00045_Choanoeca_perplexa_P015413	HoiH06_mRNA8392	1.0	S	0.0
Choper_EP00045_Choanoeca_perplexa_P015413	Beraby_Baby_sb342166	1.0	S	0.0
Choper_EP00045_Choanoeca_perplexa_P015413	Spur_XM_003729814.3	1.0	S	0.0
Choper_EP00045_Choanoeca_perplexa_P015413	Coeast_Cast_sb804167	1.0	S	0.0
Choper_EP00045_Choanoeca_perplexa_P015413	Morvir_scaffold157.g18.t1	1.0	S	0.0
Choper_EP00045_Choanoeca_perplexa_P015413	Spolac_c95648_g1_i1_m.11806c95648-g1	1.0	S	0.0
Choper_EP00045_Choanoeca_perplexa_P015413	Aque_Aqu2.1.37973_001	1.0	S	0.0
Choper_EP00045_Choanoeca_perplexa_P015413	Spolac_c95648_g1_i2_m.11808c95648-g1	1.0	S	0.0
Choper_EP00045_Choanoeca_perplexa_P015413	Coeast_Cast_sb804166	1.0	S	0.0
Choper_EP00045_Choanoeca_perplexa_P015413	Mlei_ML2213.g16.i1	1.0	S	0.0
Choper_EP00045_Choanoeca_perplexa_P015413	HoiH11_mRNA3287	1.0	S	0.0
Choper_EP00045_Choanoeca_perplexa_P015413	Drygla_Dgla_sb293668	1.0	S	0.0
Choper_EP00045_Choanoeca_perplexa_P015413	Coemet_Cmet_scaffold22591_01	1.0	S	0.0
Choper_EP00045_Choanoeca_perplexa_P015413	Emue_Em0017g932a.t1	1.0	S	0.0
Choper_EP00045_Choanoeca_perplexa_P015413	Nvec_v1g914	1.0	S	0.0
Choper_EP00045_Choanoeca_perplexa_P015413	Hhon_g04564.t1	1.0	S	0.0
Choper_EP00045_Choanoeca_perplexa_P015413	Hvul_g12058_1	1.0	S	0.0
Choper_EP00045_Choanoeca_perplexa_P015413	Ctel_gnl_WGS_AMQN_CAPTEDRAFT_mRNA123077	1.0	S	0.0
Choper_EP00045_Choanoeca_perplexa_P015413	Fspp_ffun1.m4.30376.m1	1.0	S	0.0
Choper_EP00045_Choanoeca_perplexa_P015413	Lampan_Lpan_13909_01	1.0	S	0.0
Choper_EP00045_Choanoeca_perplexa_P015413	Tcas_TC006411_001	1.0	S	0.0
Choper_EP00045_Choanoeca_perplexa_P015413	Mertsp_Mesp_sb609140	1.0	S	0.0
Choper_EP00045_Choanoeca_perplexa_P015413	Spur_XM_030979846.1	1.0	S	0.0
Choper_EP00045_Choanoeca_perplexa_P015413	Acagra_model.g4018.t1	1.0	S	0.0
Choper_EP00045_Choanoeca_perplexa_P015413	TrH2_TrispH2_009559-RA	1.0	S	0.0
Choper_EP00045_Choanoeca_perplexa_P015413	Scil_scict000436.1	1.0	S	0.0
Choper_EP00045_Choanoeca_perplexa_P015413	Morvir_scaffold1035.g1.t1	1.0	S	0.0
Choper_EP00045_Choanoeca_perplexa_P015413	Amil_Amillepora10126-RA	1.0	S	0.0
Choper_EP00045_Choanoeca_perplexa_P015413	Eupdun_Edun_sb10645055	1.0	S	0.0
Choper_EP00045_Choanoeca_perplexa_P015413	Clacor_Ccor_C538091_01	1.0	S	0.0
Choper_EP00045_Choanoeca_perplexa_P015413	Dgig_XM_028543784.1	1.0	S	0.0
Choper_EP00045_Choanoeca_perplexa_P015413	Gasp_gasp1.m3.6150.m1	1.0	S	0.0
Choper_EP00045_Choanoeca_perplexa_P015413	Xestes_maker-XT_scaffold3006-snap-gene-0.27-mRNA-1	1.0	S	0.0
Choper_EP00045_Choanoeca_perplexa_P015413	HoiH04_mRNA2983	1.0	S	0.0
Choper_EP00045_Choanoeca_perplexa_P015413	Aaur_scaffold609.g1.t1	1.0	S	0.0
Choper_EP00045_Choanoeca_perplexa_P015413	Exapal_XM_021038793.2	1.0	S	0.0
Choper_EP00045_Choanoeca_perplexa_P015413	Plespi_Pspi_C602138_01	1.0	S	0.0
Choper_EP00045_Choanoeca_perplexa_P015413	Bralan_BLAG15000821_1	1.0	S	0.0
Choper_EP00045_Choanoeca_perplexa_P015413	Pbac_sb2643729	1.0	S	0.0
Choper_EP00045_Choanoeca_perplexa_P015413	Pocdam_XM_027181812.1	1.0	S	0.0
Choper_EP00045_Choanoeca_perplexa_P015413	Stycar_maker-SC_scaffold90983-snap-gene-0.9-mRNA-1	1.0	S	0.0
Choper_EP00045_Choanoeca_perplexa_P015413	Nvec_v1g225045	1.0	S	0.0
Choper_EP00045_Choanoeca_perplexa_P015413	Chem_TCONS_00050510	1.0	S	0.0
Choper_EP00045_Choanoeca_perplexa_P015413	Adig_XM_015919965.1	1.0	S	0.0
Choper_EP00045_Choanoeca_perplexa_P015413	Halamb_c6690_g1_i2mm.7363	1.0	S	0.0
Choper_EP00045_Choanoeca_perplexa_P015413	Eupdun_Edun_sb10645052	1.0	S	0.0
Choper_EP00045_Choanoeca_perplexa_P015413	Stycar_maker-SC_scaffold64473-snap-gene-0.12-mRNA-1	1.0	S	0.0
Choper_EP00045_Choanoeca_perplexa_P015413	Sanmal_Sma_008744-T1	1.0	S	0.0
Choper_EP00045_Choanoeca_perplexa_P015413	Vmul_SimC396500	1.0	S	0.0
Choper_EP00045_Choanoeca_perplexa_P015413	Skow_XM_002741382.2	1.0	S	0.0
Choper_EP00045_Choanoeca_perplexa_P015413	Sanmal_Sma_022765-T1	1.0	S	0.0
Choper_EP00045_Choanoeca_perplexa_P015413	Leuniv_Lniv_scaffold5766_01	1.0	S	0.0
Choper_EP00045_Choanoeca_perplexa_P015413	Gfas_gfas1.m1.1088.m1	1.0	S	0.0
Choper_EP00045_Choanoeca_perplexa_P015413	Spis_XP_022798685_1	1.0	S	0.0
Choper_EP00045_Choanoeca_perplexa_P015413	Horcal_Hcv1.av93.c3.g988.i1	1.0	S	0.0
Choper_EP00045_Choanoeca_perplexa_P015413	Hsap_ENST00000199814	1.0	S	0.0
Choper_EP00045_Choanoeca_perplexa_P015413	HoiH23_PlH23_003399-RA	1.0	S	0.0
Choper_EP00045_Choanoeca_perplexa_P015413	Eupdun_Edun_sb10645054	1.0	S	0.0
Choper_EP00045_Choanoeca_perplexa_P015413	Gracom_Gcom_scaffold16437_01	1.0	S	0.0
Choper_EP00045_Choanoeca_perplexa_P015413	Morvir_scaffold157.g19.t1	1.0	S	0.0
Choper_EP00045_Choanoeca_perplexa_P015413	Ocar_g9865	1.0	S	0.0
Choper_EP00045_Choanoeca_perplexa_P015413	Opea_EP00118_Oscarella_pearsei_P029005	1.0	S	0.0
Choper_EP00045_Choanoeca_perplexa_P015413	Cgig_XM_011455940.3	1.0	S	0.0
Choper_EP00045_Choanoeca_perplexa_P015413	Nemnom_g2814.t1	1.0	S	0.0
Choper_EP00045_Choanoeca_perplexa_P015413	Lcom_lcpid114428	1.0	S	0.0
Chofle_EP00730_Choanoeca_flexa_P008169	Beraby_Baby_sb342165	1.0	S	0.0
Chofle_EP00730_Choanoeca_flexa_P008169	Eupdun_Edun_sb10645053	1.0	S	0.0
Chofle_EP00730_Choanoeca_flexa_P008169	Dpul_mRNA30319	1.0	S	0.0
Chofle_EP00730_Choanoeca_flexa_P008169	Xesp_022341-T1	1.0	S	0.0
Chofle_EP00730_Choanoeca_flexa_P008169	Tetwil_g10236.t1	1.0	S	0.0
Chofle_EP00730_Choanoeca_flexa_P008169	HoiH06_mRNA8392	1.0	S	0.0
Chofle_EP00730_Choanoeca_flexa_P008169	Beraby_Baby_sb342166	1.0	S	0.0
Chofle_EP00730_Choanoeca_flexa_P008169	Spur_XM_003729814.3	1.0	S	0.0
Chofle_EP00730_Choanoeca_flexa_P008169	Coeast_Cast_sb804167	1.0	S	0.0
Chofle_EP00730_Choanoeca_flexa_P008169	Morvir_scaffold157.g18.t1	1.0	S	0.0
Chofle_EP00730_Choanoeca_flexa_P008169	Spolac_c95648_g1_i1_m.11806c95648-g1	1.0	S	0.0
Chofle_EP00730_Choanoeca_flexa_P008169	Aque_Aqu2.1.37973_001	1.0	S	0.0
Chofle_EP00730_Choanoeca_flexa_P008169	Spolac_c95648_g1_i2_m.11808c95648-g1	1.0	S	0.0
Chofle_EP00730_Choanoeca_flexa_P008169	Coeast_Cast_sb804166	1.0	S	0.0
Chofle_EP00730_Choanoeca_flexa_P008169	Mlei_ML2213.g16.i1	1.0	S	0.0
Chofle_EP00730_Choanoeca_flexa_P008169	HoiH11_mRNA3287	1.0	S	0.0
Chofle_EP00730_Choanoeca_flexa_P008169	Drygla_Dgla_sb293668	1.0	S	0.0
Chofle_EP00730_Choanoeca_flexa_P008169	Coemet_Cmet_scaffold22591_01	1.0	S	0.0
Chofle_EP00730_Choanoeca_flexa_P008169	Emue_Em0017g932a.t1	1.0	S	0.0
Chofle_EP00730_Choanoeca_flexa_P008169	Nvec_v1g914	1.0	S	0.0
Chofle_EP00730_Choanoeca_flexa_P008169	Hhon_g04564.t1	1.0	S	0.0
Chofle_EP00730_Choanoeca_flexa_P008169	Hvul_g12058_1	1.0	S	0.0
Chofle_EP00730_Choanoeca_flexa_P008169	Ctel_gnl_WGS_AMQN_CAPTEDRAFT_mRNA123077	1.0	S	0.0
Chofle_EP00730_Choanoeca_flexa_P008169	Fspp_ffun1.m4.30376.m1	1.0	S	0.0
Chofle_EP00730_Choanoeca_flexa_P008169	Lampan_Lpan_13909_01	1.0	S	0.0
Chofle_EP00730_Choanoeca_flexa_P008169	Tcas_TC006411_001	1.0	S	0.0
Chofle_EP00730_Choanoeca_flexa_P008169	Mertsp_Mesp_sb609140	1.0	S	0.0
Chofle_EP00730_Choanoeca_flexa_P008169	Spur_XM_030979846.1	1.0	S	0.0
Chofle_EP00730_Choanoeca_flexa_P008169	Acagra_model.g4018.t1	1.0	S	0.0
Chofle_EP00730_Choanoeca_flexa_P008169	TrH2_TrispH2_009559-RA	1.0	S	0.0
Chofle_EP00730_Choanoeca_flexa_P008169	Scil_scict000436.1	1.0	S	0.0
Chofle_EP00730_Choanoeca_flexa_P008169	Morvir_scaffold1035.g1.t1	1.0	S	0.0
Chofle_EP00730_Choanoeca_flexa_P008169	Amil_Amillepora10126-RA	1.0	S	0.0
Chofle_EP00730_Choanoeca_flexa_P008169	Eupdun_Edun_sb10645055	1.0	S	0.0
Chofle_EP00730_Choanoeca_flexa_P008169	Clacor_Ccor_C538091_01	1.0	S	0.0
Chofle_EP00730_Choanoeca_flexa_P008169	Dgig_XM_028543784.1	1.0	S	0.0
Chofle_EP00730_Choanoeca_flexa_P008169	Gasp_gasp1.m3.6150.m1	1.0	S	0.0
Chofle_EP00730_Choanoeca_flexa_P008169	Xestes_maker-XT_scaffold3006-snap-gene-0.27-mRNA-1	1.0	S	0.0
Chofle_EP00730_Choanoeca_flexa_P008169	HoiH04_mRNA2983	1.0	S	0.0
Chofle_EP00730_Choanoeca_flexa_P008169	Aaur_scaffold609.g1.t1	1.0	S	0.0
Chofle_EP00730_Choanoeca_flexa_P008169	Exapal_XM_021038793.2	1.0	S	0.0
Chofle_EP00730_Choanoeca_flexa_P008169	Plespi_Pspi_C602138_01	1.0	S	0.0
Chofle_EP00730_Choanoeca_flexa_P008169	Bralan_BLAG15000821_1	1.0	S	0.0
Chofle_EP00730_Choanoeca_flexa_P008169	Pbac_sb2643729	1.0	S	0.0
Chofle_EP00730_Choanoeca_flexa_P008169	Pocdam_XM_027181812.1	1.0	S	0.0
Chofle_EP00730_Choanoeca_flexa_P008169	Stycar_maker-SC_scaffold90983-snap-gene-0.9-mRNA-1	1.0	S	0.0
Chofle_EP00730_Choanoeca_flexa_P008169	Nvec_v1g225045	1.0	S	0.0
Chofle_EP00730_Choanoeca_flexa_P008169	Chem_TCONS_00050510	1.0	S	0.0
Chofle_EP00730_Choanoeca_flexa_P008169	Adig_XM_015919965.1	1.0	S	0.0
Chofle_EP00730_Choanoeca_flexa_P008169	Halamb_c6690_g1_i2mm.7363	1.0	S	0.0
Chofle_EP00730_Choanoeca_flexa_P008169	Eupdun_Edun_sb10645052	1.0	S	0.0
Chofle_EP00730_Choanoeca_flexa_P008169	Stycar_maker-SC_scaffold64473-snap-gene-0.12-mRNA-1	1.0	S	0.0
Chofle_EP00730_Choanoeca_flexa_P008169	Sanmal_Sma_008744-T1	1.0	S	0.0
Chofle_EP00730_Choanoeca_flexa_P008169	Vmul_SimC396500	1.0	S	0.0
Chofle_EP00730_Choanoeca_flexa_P008169	Skow_XM_002741382.2	1.0	S	0.0
Chofle_EP00730_Choanoeca_flexa_P008169	Sanmal_Sma_022765-T1	1.0	S	0.0
Chofle_EP00730_Choanoeca_flexa_P008169	Leuniv_Lniv_scaffold5766_01	1.0	S	0.0
Chofle_EP00730_Choanoeca_flexa_P008169	Gfas_gfas1.m1.1088.m1	1.0	S	0.0
Chofle_EP00730_Choanoeca_flexa_P008169	Spis_XP_022798685_1	1.0	S	0.0
Chofle_EP00730_Choanoeca_flexa_P008169	Horcal_Hcv1.av93.c3.g988.i1	1.0	S	0.0
Chofle_EP00730_Choanoeca_flexa_P008169	Hsap_ENST00000199814	1.0	S	0.0
Chofle_EP00730_Choanoeca_flexa_P008169	HoiH23_PlH23_003399-RA	1.0	S	0.0
Chofle_EP00730_Choanoeca_flexa_P008169	Eupdun_Edun_sb10645054	1.0	S	0.0
Chofle_EP00730_Choanoeca_flexa_P008169	Gracom_Gcom_scaffold16437_01	1.0	S	0.0
Chofle_EP00730_Choanoeca_flexa_P008169	Morvir_scaffold157.g19.t1	1.0	S	0.0
Chofle_EP00730_Choanoeca_flexa_P008169	Ocar_g9865	1.0	S	0.0
Chofle_EP00730_Choanoeca_flexa_P008169	Opea_EP00118_Oscarella_pearsei_P029005	1.0	S	0.0
Chofle_EP00730_Choanoeca_flexa_P008169	Cgig_XM_011455940.3	1.0	S	0.0
Chofle_EP00730_Choanoeca_flexa_P008169	Nemnom_g2814.t1	1.0	S	0.0
Chofle_EP00730_Choanoeca_flexa_P008169	Lcom_lcpid114428	1.0	S	0.0
Diagra_EP00040_Diaphanoeca_grandis_P017949	Choper_EP00045_Choanoeca_perplexa_P015408	100.0	S	0.0
Diagra_EP00040_Diaphanoeca_grandis_P017949	Salmac_EP00052_Salpingoeca_macrocollata_P009868	100.0	S	0.0
Diagra_EP00040_Diaphanoeca_grandis_P017949	Microa_EP00043_Microstomoeca_roanoka_P011476	100.0	S	0.0
Diagra_EP00040_Diaphanoeca_grandis_P017949	Salpun_EP00053_Salpingoeca_punica_P011795	100.0	S	0.0
Diagra_EP00040_Diaphanoeca_grandis_P017949	Salkve_EP00050_Salpingoeca_kvevrii_P010940	100.0	S	0.0
Diagra_EP00040_Diaphanoeca_grandis_P017949	Salurc_EP00051_Salpingoeca_urceolata_P027925	100.0	S	0.0
Diagra_EP00040_Diaphanoeca_grandis_P017949	Codhol_EP00042_Codosiga_hollandica_P028569	100.0	S	0.0
Diagra_EP00040_Diaphanoeca_grandis_P017949	Mbre_EDQ88082	100.0	S	0.0
Diagra_EP00040_Diaphanoeca_grandis_P017949	Salinf_EP00049_Salpingoeca_infusionum_P026733	100.0	S	0.0
Diagra_EP00040_Diaphanoeca_grandis_P017949	Saldol_EP00054_Salpingoeca_dolichothecata_P024517	100.0	S	0.0
Diagra_EP00040_Diaphanoeca_grandis_P017949	Sros_EGD76810	100.0	S	0.0
Diagra_EP00040_Diaphanoeca_grandis_P017949	Choper_EP00045_Choanoeca_perplexa_P015413	100.0	S	0.0
Diagra_EP00040_Diaphanoeca_grandis_P017949	Chofle_EP00730_Choanoeca_flexa_P008169	100.0	S	0.0
Acaspe_EP00035_Acanthoeca_spectabilis_P023289	Choper_EP00045_Choanoeca_perplexa_P015408	100.0	S	0.0
Acaspe_EP00035_Acanthoeca_spectabilis_P023289	Salmac_EP00052_Salpingoeca_macrocollata_P009868	100.0	S	0.0
Acaspe_EP00035_Acanthoeca_spectabilis_P023289	Microa_EP00043_Microstomoeca_roanoka_P011476	100.0	S	0.0
Acaspe_EP00035_Acanthoeca_spectabilis_P023289	Salpun_EP00053_Salpingoeca_punica_P011795	100.0	S	0.0
Acaspe_EP00035_Acanthoeca_spectabilis_P023289	Salkve_EP00050_Salpingoeca_kvevrii_P010940	100.0	S	0.0
Acaspe_EP00035_Acanthoeca_spectabilis_P023289	Salurc_EP00051_Salpingoeca_urceolata_P027925	100.0	S	0.0
Acaspe_EP00035_Acanthoeca_spectabilis_P023289	Codhol_EP00042_Codosiga_hollandica_P028569	100.0	S	0.0
Acaspe_EP00035_Acanthoeca_spectabilis_P023289	Mbre_EDQ88082	100.0	S	0.0
Acaspe_EP00035_Acanthoeca_spectabilis_P023289	Salinf_EP00049_Salpingoeca_infusionum_P026733	100.0	S	0.0
Acaspe_EP00035_Acanthoeca_spectabilis_P023289	Saldol_EP00054_Salpingoeca_dolichothecata_P024517	100.0	S	0.0
Acaspe_EP00035_Acanthoeca_spectabilis_P023289	Sros_EGD76810	100.0	S	0.0
Acaspe_EP00035_Acanthoeca_spectabilis_P023289	Choper_EP00045_Choanoeca_perplexa_P015413	100.0	S	0.0
Acaspe_EP00035_Acanthoeca_spectabilis_P023289	Chofle_EP00730_Choanoeca_flexa_P008169	100.0	S	0.0
Stedip_EP00041_Stephanoeca_diplocostata_P009149	Choper_EP00045_Choanoeca_perplexa_P015408	100.0	S	0.0
Stedip_EP00041_Stephanoeca_diplocostata_P009149	Salmac_EP00052_Salpingoeca_macrocollata_P009868	100.0	S	0.0
Stedip_EP00041_Stephanoeca_diplocostata_P009149	Microa_EP00043_Microstomoeca_roanoka_P011476	100.0	S	0.0
Stedip_EP00041_Stephanoeca_diplocostata_P009149	Salpun_EP00053_Salpingoeca_punica_P011795	100.0	S	0.0
Stedip_EP00041_Stephanoeca_diplocostata_P009149	Salkve_EP00050_Salpingoeca_kvevrii_P010940	100.0	S	0.0
Stedip_EP00041_Stephanoeca_diplocostata_P009149	Salurc_EP00051_Salpingoeca_urceolata_P027925	100.0	S	0.0
Stedip_EP00041_Stephanoeca_diplocostata_P009149	Codhol_EP00042_Codosiga_hollandica_P028569	100.0	S	0.0
Stedip_EP00041_Stephanoeca_diplocostata_P009149	Mbre_EDQ88082	100.0	S	0.0
Stedip_EP00041_Stephanoeca_diplocostata_P009149	Salinf_EP00049_Salpingoeca_infusionum_P026733	100.0	S	0.0
Stedip_EP00041_Stephanoeca_diplocostata_P009149	Saldol_EP00054_Salpingoeca_dolichothecata_P024517	100.0	S	0.0
Stedip_EP00041_Stephanoeca_diplocostata_P009149	Sros_EGD76810	100.0	S	0.0
Stedip_EP00041_Stephanoeca_diplocostata_P009149	Choper_EP00045_Choanoeca_perplexa_P015413	100.0	S	0.0
Stedip_EP00041_Stephanoeca_diplocostata_P009149	Chofle_EP00730_Choanoeca_flexa_P008169	100.0	S	0.0
Helnan_EP00037_Helgoeca_nana_P011942	Choper_EP00045_Choanoeca_perplexa_P015408	100.0	S	0.0
Helnan_EP00037_Helgoeca_nana_P011942	Salmac_EP00052_Salpingoeca_macrocollata_P009868	100.0	S	0.0
Helnan_EP00037_Helgoeca_nana_P011942	Microa_EP00043_Microstomoeca_roanoka_P011476	100.0	S	0.0
Helnan_EP00037_Helgoeca_nana_P011942	Salpun_EP00053_Salpingoeca_punica_P011795	100.0	S	0.0
Helnan_EP00037_Helgoeca_nana_P011942	Salkve_EP00050_Salpingoeca_kvevrii_P010940	100.0	S	0.0
Helnan_EP00037_Helgoeca_nana_P011942	Salurc_EP00051_Salpingoeca_urceolata_P027925	100.0	S	0.0
Helnan_EP00037_Helgoeca_nana_P011942	Codhol_EP00042_Codosiga_hollandica_P028569	100.0	S	0.0
Helnan_EP00037_Helgoeca_nana_P011942	Mbre_EDQ88082	100.0	S	0.0
Helnan_EP00037_Helgoeca_nana_P011942	Salinf_EP00049_Salpingoeca_infusionum_P026733	100.0	S	0.0
Helnan_EP00037_Helgoeca_nana_P011942	Saldol_EP00054_Salpingoeca_dolichothecata_P024517	100.0	S	0.0
Helnan_EP00037_Helgoeca_nana_P011942	Sros_EGD76810	100.0	S	0.0
Helnan_EP00037_Helgoeca_nana_P011942	Choper_EP00045_Choanoeca_perplexa_P015413	100.0	S	0.0
Helnan_EP00037_Helgoeca_nana_P011942	Chofle_EP00730_Choanoeca_flexa_P008169	100.0	S	0.0
Didcos_EP00039_Didymoeca_costata_P001193	Choper_EP00045_Choanoeca_perplexa_P015408	100.0	S	0.0
Didcos_EP00039_Didymoeca_costata_P001193	Salmac_EP00052_Salpingoeca_macrocollata_P009868	100.0	S	0.0
Didcos_EP00039_Didymoeca_costata_P001193	Microa_EP00043_Microstomoeca_roanoka_P011476	100.0	S	0.0
Didcos_EP00039_Didymoeca_costata_P001193	Salpun_EP00053_Salpingoeca_punica_P011795	100.0	S	0.0
Didcos_EP00039_Didymoeca_costata_P001193	Salkve_EP00050_Salpingoeca_kvevrii_P010940	100.0	S	0.0
Didcos_EP00039_Didymoeca_costata_P001193	Salurc_EP00051_Salpingoeca_urceolata_P027925	100.0	S	0.0
Didcos_EP00039_Didymoeca_costata_P001193	Codhol_EP00042_Codosiga_hollandica_P028569	100.0	S	0.0
Didcos_EP00039_Didymoeca_costata_P001193	Mbre_EDQ88082	100.0	S	0.0
Didcos_EP00039_Didymoeca_costata_P001193	Salinf_EP00049_Salpingoeca_infusionum_P026733	100.0	S	0.0
Didcos_EP00039_Didymoeca_costata_P001193	Saldol_EP00054_Salpingoeca_dolichothecata_P024517	100.0	S	0.0
Didcos_EP00039_Didymoeca_costata_P001193	Sros_EGD76810	100.0	S	0.0
Didcos_EP00039_Didymoeca_costata_P001193	Choper_EP00045_Choanoeca_perplexa_P015413	100.0	S	0.0
Didcos_EP00039_Didymoeca_costata_P001193	Chofle_EP00730_Choanoeca_flexa_P008169	100.0	S	0.0
HoiH04_mRNA2983	Beraby_Baby_sb342165	100.0	S	0.0
HoiH04_mRNA2983	Eupdun_Edun_sb10645053	100.0	S	0.0
HoiH04_mRNA2983	Dpul_mRNA30319	100.0	S	0.0
HoiH04_mRNA2983	Xesp_022341-T1	100.0	S	0.0
HoiH04_mRNA2983	Tetwil_g10236.t1	100.0	S	0.0
HoiH04_mRNA2983	Beraby_Baby_sb342166	100.0	S	0.0
HoiH04_mRNA2983	Mlei_ML2213.g16.i1	100.0	S	0.0
HoiH04_mRNA2983	Spur_XM_003729814.3	100.0	S	0.0
HoiH04_mRNA2983	Coeast_Cast_sb804167	100.0	S	0.0
HoiH04_mRNA2983	Morvir_scaffold157.g18.t1	100.0	S	0.0
HoiH04_mRNA2983	Spolac_c95648_g1_i1_m.11806c95648-g1	100.0	S	0.0
HoiH04_mRNA2983	Aque_Aqu2.1.37973_001	100.0	S	0.0
HoiH04_mRNA2983	Spolac_c95648_g1_i2_m.11808c95648-g1	100.0	S	0.0
HoiH04_mRNA2983	Coeast_Cast_sb804166	100.0	S	0.0
HoiH04_mRNA2983	Drygla_Dgla_sb293668	100.0	S	0.0
HoiH04_mRNA2983	Coemet_Cmet_scaffold22591_01	100.0	S	0.0
HoiH04_mRNA2983	Emue_Em0017g932a.t1	100.0	S	0.0
HoiH04_mRNA2983	Nvec_v1g914	100.0	S	0.0
HoiH04_mRNA2983	Hvul_g12058_1	100.0	S	0.0
HoiH04_mRNA2983	Ctel_gnl_WGS_AMQN_CAPTEDRAFT_mRNA123077	100.0	S	0.0
HoiH04_mRNA2983	Fspp_ffun1.m4.30376.m1	100.0	S	0.0
HoiH04_mRNA2983	Lampan_Lpan_13909_01	100.0	S	0.0
HoiH04_mRNA2983	Tcas_TC006411_001	100.0	S	0.0
HoiH04_mRNA2983	Mertsp_Mesp_sb609140	100.0	S	0.0
HoiH04_mRNA2983	Spur_XM_030979846.1	100.0	S	0.0
HoiH04_mRNA2983	Acagra_model.g4018.t1	100.0	S	0.0
HoiH04_mRNA2983	Scil_scict000436.1	100.0	S	0.0
HoiH04_mRNA2983	Morvir_scaffold1035.g1.t1	100.0	S	0.0
HoiH04_mRNA2983	Amil_Amillepora10126-RA	100.0	S	0.0
HoiH04_mRNA2983	Eupdun_Edun_sb10645055	100.0	S	0.0
HoiH04_mRNA2983	Dgig_XM_028543784.1	100.0	S	0.0
HoiH04_mRNA2983	Clacor_Ccor_C538091_01	100.0	S	0.0
HoiH04_mRNA2983	Gasp_gasp1.m3.6150.m1	100.0	S	0.0
HoiH04_mRNA2983	Xestes_maker-XT_scaffold3006-snap-gene-0.27-mRNA-1	100.0	S	0.0
HoiH04_mRNA2983	Aaur_scaffold609.g1.t1	100.0	S	0.0
HoiH04_mRNA2983	Exapal_XM_021038793.2	100.0	S	0.0
HoiH04_mRNA2983	Plespi_Pspi_C602138_01	100.0	S	0.0
HoiH04_mRNA2983	Bralan_BLAG15000821_1	100.0	S	0.0
HoiH04_mRNA2983	Pbac_sb2643729	100.0	S	0.0
HoiH04_mRNA2983	Pocdam_XM_027181812.1	100.0	S	0.0
HoiH04_mRNA2983	Stycar_maker-SC_scaffold90983-snap-gene-0.9-mRNA-1	100.0	S	0.0
HoiH04_mRNA2983	Nvec_v1g225045	100.0	S	0.0
HoiH04_mRNA2983	Chem_TCONS_00050510	100.0	S	0.0
HoiH04_mRNA2983	Adig_XM_015919965.1	100.0	S	0.0
HoiH04_mRNA2983	Halamb_c6690_g1_i2mm.7363	100.0	S	0.0
HoiH04_mRNA2983	Eupdun_Edun_sb10645052	100.0	S	0.0
HoiH04_mRNA2983	Stycar_maker-SC_scaffold64473-snap-gene-0.12-mRNA-1	100.0	S	0.0
HoiH04_mRNA2983	Sanmal_Sma_008744-T1	100.0	S	0.0
HoiH04_mRNA2983	Vmul_SimC396500	100.0	S	0.0
HoiH04_mRNA2983	Skow_XM_002741382.2	100.0	S	0.0
HoiH04_mRNA2983	Sanmal_Sma_022765-T1	100.0	S	0.0
HoiH04_mRNA2983	Leuniv_Lniv_scaffold5766_01	100.0	S	0.0
HoiH04_mRNA2983	Gfas_gfas1.m1.1088.m1	100.0	S	0.0
HoiH04_mRNA2983	Spis_XP_022798685_1	100.0	S	0.0
HoiH04_mRNA2983	Horcal_Hcv1.av93.c3.g988.i1	100.0	S	0.0
HoiH04_mRNA2983	Hsap_ENST00000199814	100.0	S	0.0
HoiH04_mRNA2983	Eupdun_Edun_sb10645054	100.0	S	0.0
HoiH04_mRNA2983	Gracom_Gcom_scaffold16437_01	100.0	S	0.0
HoiH04_mRNA2983	Morvir_scaffold157.g19.t1	100.0	S	0.0
HoiH04_mRNA2983	Ocar_g9865	100.0	S	0.0
HoiH04_mRNA2983	Opea_EP00118_Oscarella_pearsei_P029005	100.0	S	0.0
HoiH04_mRNA2983	Cgig_XM_011455940.3	100.0	S	0.0
HoiH04_mRNA2983	Nemnom_g2814.t1	100.0	S	0.0
HoiH04_mRNA2983	Lcom_lcpid114428	100.0	S	0.0
Hhon_g04564.t1	Beraby_Baby_sb342165	100.0	S	0.0
Hhon_g04564.t1	Eupdun_Edun_sb10645053	100.0	S	0.0
Hhon_g04564.t1	Dpul_mRNA30319	100.0	S	0.0
Hhon_g04564.t1	Xesp_022341-T1	100.0	S	0.0
Hhon_g04564.t1	Tetwil_g10236.t1	100.0	S	0.0
Hhon_g04564.t1	Beraby_Baby_sb342166	100.0	S	0.0
Hhon_g04564.t1	Mlei_ML2213.g16.i1	100.0	S	0.0
Hhon_g04564.t1	Spur_XM_003729814.3	100.0	S	0.0
Hhon_g04564.t1	Coeast_Cast_sb804167	100.0	S	0.0
Hhon_g04564.t1	Morvir_scaffold157.g18.t1	100.0	S	0.0
Hhon_g04564.t1	Spolac_c95648_g1_i1_m.11806c95648-g1	100.0	S	0.0
Hhon_g04564.t1	Aque_Aqu2.1.37973_001	100.0	S	0.0
Hhon_g04564.t1	Spolac_c95648_g1_i2_m.11808c95648-g1	100.0	S	0.0
Hhon_g04564.t1	Coeast_Cast_sb804166	100.0	S	0.0
Hhon_g04564.t1	Drygla_Dgla_sb293668	100.0	S	0.0
Hhon_g04564.t1	Coemet_Cmet_scaffold22591_01	100.0	S	0.0
Hhon_g04564.t1	Emue_Em0017g932a.t1	100.0	S	0.0
Hhon_g04564.t1	Nvec_v1g914	100.0	S	0.0
Hhon_g04564.t1	Hvul_g12058_1	100.0	S	0.0
Hhon_g04564.t1	Ctel_gnl_WGS_AMQN_CAPTEDRAFT_mRNA123077	100.0	S	0.0
Hhon_g04564.t1	Fspp_ffun1.m4.30376.m1	100.0	S	0.0
Hhon_g04564.t1	Lampan_Lpan_13909_01	100.0	S	0.0
Hhon_g04564.t1	Tcas_TC006411_001	100.0	S	0.0
Hhon_g04564.t1	Mertsp_Mesp_sb609140	100.0	S	0.0
Hhon_g04564.t1	Spur_XM_030979846.1	100.0	S	0.0
Hhon_g04564.t1	Acagra_model.g4018.t1	100.0	S	0.0
Hhon_g04564.t1	Scil_scict000436.1	100.0	S	0.0
Hhon_g04564.t1	Morvir_scaffold1035.g1.t1	100.0	S	0.0
Hhon_g04564.t1	Amil_Amillepora10126-RA	100.0	S	0.0
Hhon_g04564.t1	Eupdun_Edun_sb10645055	100.0	S	0.0
Hhon_g04564.t1	Dgig_XM_028543784.1	100.0	S	0.0
Hhon_g04564.t1	Clacor_Ccor_C538091_01	100.0	S	0.0
Hhon_g04564.t1	Gasp_gasp1.m3.6150.m1	100.0	S	0.0
Hhon_g04564.t1	Xestes_maker-XT_scaffold3006-snap-gene-0.27-mRNA-1	100.0	S	0.0
Hhon_g04564.t1	Aaur_scaffold609.g1.t1	100.0	S	0.0
Hhon_g04564.t1	Exapal_XM_021038793.2	100.0	S	0.0
Hhon_g04564.t1	Plespi_Pspi_C602138_01	100.0	S	0.0
Hhon_g04564.t1	Bralan_BLAG15000821_1	100.0	S	0.0
Hhon_g04564.t1	Pbac_sb2643729	100.0	S	0.0
Hhon_g04564.t1	Pocdam_XM_027181812.1	100.0	S	0.0
Hhon_g04564.t1	Stycar_maker-SC_scaffold90983-snap-gene-0.9-mRNA-1	100.0	S	0.0
Hhon_g04564.t1	Nvec_v1g225045	100.0	S	0.0
Hhon_g04564.t1	Chem_TCONS_00050510	100.0	S	0.0
Hhon_g04564.t1	Adig_XM_015919965.1	100.0	S	0.0
Hhon_g04564.t1	Halamb_c6690_g1_i2mm.7363	100.0	S	0.0
Hhon_g04564.t1	Eupdun_Edun_sb10645052	100.0	S	0.0
Hhon_g04564.t1	Stycar_maker-SC_scaffold64473-snap-gene-0.12-mRNA-1	100.0	S	0.0
Hhon_g04564.t1	Sanmal_Sma_008744-T1	100.0	S	0.0
Hhon_g04564.t1	Vmul_SimC396500	100.0	S	0.0
Hhon_g04564.t1	Skow_XM_002741382.2	100.0	S	0.0
Hhon_g04564.t1	Sanmal_Sma_022765-T1	100.0	S	0.0
Hhon_g04564.t1	Leuniv_Lniv_scaffold5766_01	100.0	S	0.0
Hhon_g04564.t1	Gfas_gfas1.m1.1088.m1	100.0	S	0.0
Hhon_g04564.t1	Spis_XP_022798685_1	100.0	S	0.0
Hhon_g04564.t1	Horcal_Hcv1.av93.c3.g988.i1	100.0	S	0.0
Hhon_g04564.t1	Hsap_ENST00000199814	100.0	S	0.0
Hhon_g04564.t1	Eupdun_Edun_sb10645054	100.0	S	0.0
Hhon_g04564.t1	Gracom_Gcom_scaffold16437_01	100.0	S	0.0
Hhon_g04564.t1	Morvir_scaffold157.g19.t1	100.0	S	0.0
Hhon_g04564.t1	Ocar_g9865	100.0	S	0.0
Hhon_g04564.t1	Opea_EP00118_Oscarella_pearsei_P029005	100.0	S	0.0
Hhon_g04564.t1	Cgig_XM_011455940.3	100.0	S	0.0
Hhon_g04564.t1	Nemnom_g2814.t1	100.0	S	0.0
Hhon_g04564.t1	Lcom_lcpid114428	100.0	S	0.0
HoiH06_mRNA8392	Beraby_Baby_sb342165	100.0	S	0.0
HoiH06_mRNA8392	Eupdun_Edun_sb10645053	100.0	S	0.0
HoiH06_mRNA8392	Dpul_mRNA30319	100.0	S	0.0
HoiH06_mRNA8392	Xesp_022341-T1	100.0	S	0.0
HoiH06_mRNA8392	Tetwil_g10236.t1	100.0	S	0.0
HoiH06_mRNA8392	Beraby_Baby_sb342166	100.0	S	0.0
HoiH06_mRNA8392	Mlei_ML2213.g16.i1	100.0	S	0.0
HoiH06_mRNA8392	Spur_XM_003729814.3	100.0	S	0.0
HoiH06_mRNA8392	Coeast_Cast_sb804167	100.0	S	0.0
HoiH06_mRNA8392	Morvir_scaffold157.g18.t1	100.0	S	0.0
HoiH06_mRNA8392	Spolac_c95648_g1_i1_m.11806c95648-g1	100.0	S	0.0
HoiH06_mRNA8392	Aque_Aqu2.1.37973_001	100.0	S	0.0
HoiH06_mRNA8392	Spolac_c95648_g1_i2_m.11808c95648-g1	100.0	S	0.0
HoiH06_mRNA8392	Coeast_Cast_sb804166	100.0	S	0.0
HoiH06_mRNA8392	Drygla_Dgla_sb293668	100.0	S	0.0
HoiH06_mRNA8392	Coemet_Cmet_scaffold22591_01	100.0	S	0.0
HoiH06_mRNA8392	Emue_Em0017g932a.t1	100.0	S	0.0
HoiH06_mRNA8392	Nvec_v1g914	100.0	S	0.0
HoiH06_mRNA8392	Hvul_g12058_1	100.0	S	0.0
HoiH06_mRNA8392	Ctel_gnl_WGS_AMQN_CAPTEDRAFT_mRNA123077	100.0	S	0.0
HoiH06_mRNA8392	Fspp_ffun1.m4.30376.m1	100.0	S	0.0
HoiH06_mRNA8392	Lampan_Lpan_13909_01	100.0	S	0.0
HoiH06_mRNA8392	Tcas_TC006411_001	100.0	S	0.0
HoiH06_mRNA8392	Mertsp_Mesp_sb609140	100.0	S	0.0
HoiH06_mRNA8392	Spur_XM_030979846.1	100.0	S	0.0
HoiH06_mRNA8392	Acagra_model.g4018.t1	100.0	S	0.0
HoiH06_mRNA8392	Scil_scict000436.1	100.0	S	0.0
HoiH06_mRNA8392	Morvir_scaffold1035.g1.t1	100.0	S	0.0
HoiH06_mRNA8392	Amil_Amillepora10126-RA	100.0	S	0.0
HoiH06_mRNA8392	Eupdun_Edun_sb10645055	100.0	S	0.0
HoiH06_mRNA8392	Dgig_XM_028543784.1	100.0	S	0.0
HoiH06_mRNA8392	Clacor_Ccor_C538091_01	100.0	S	0.0
HoiH06_mRNA8392	Gasp_gasp1.m3.6150.m1	100.0	S	0.0
HoiH06_mRNA8392	Xestes_maker-XT_scaffold3006-snap-gene-0.27-mRNA-1	100.0	S	0.0
HoiH06_mRNA8392	Aaur_scaffold609.g1.t1	100.0	S	0.0
HoiH06_mRNA8392	Exapal_XM_021038793.2	100.0	S	0.0
HoiH06_mRNA8392	Plespi_Pspi_C602138_01	100.0	S	0.0
HoiH06_mRNA8392	Bralan_BLAG15000821_1	100.0	S	0.0
HoiH06_mRNA8392	Pbac_sb2643729	100.0	S	0.0
HoiH06_mRNA8392	Pocdam_XM_027181812.1	100.0	S	0.0
HoiH06_mRNA8392	Stycar_maker-SC_scaffold90983-snap-gene-0.9-mRNA-1	100.0	S	0.0
HoiH06_mRNA8392	Nvec_v1g225045	100.0	S	0.0
HoiH06_mRNA8392	Chem_TCONS_00050510	100.0	S	0.0
HoiH06_mRNA8392	Adig_XM_015919965.1	100.0	S	0.0
HoiH06_mRNA8392	Halamb_c6690_g1_i2mm.7363	100.0	S	0.0
HoiH06_mRNA8392	Eupdun_Edun_sb10645052	100.0	S	0.0
HoiH06_mRNA8392	Stycar_maker-SC_scaffold64473-snap-gene-0.12-mRNA-1	100.0	S	0.0
HoiH06_mRNA8392	Sanmal_Sma_008744-T1	100.0	S	0.0
HoiH06_mRNA8392	Vmul_SimC396500	100.0	S	0.0
HoiH06_mRNA8392	Skow_XM_002741382.2	100.0	S	0.0
HoiH06_mRNA8392	Sanmal_Sma_022765-T1	100.0	S	0.0
HoiH06_mRNA8392	Leuniv_Lniv_scaffold5766_01	100.0	S	0.0
HoiH06_mRNA8392	Gfas_gfas1.m1.1088.m1	100.0	S	0.0
HoiH06_mRNA8392	Spis_XP_022798685_1	100.0	S	0.0
HoiH06_mRNA8392	Horcal_Hcv1.av93.c3.g988.i1	100.0	S	0.0
HoiH06_mRNA8392	Hsap_ENST00000199814	100.0	S	0.0
HoiH06_mRNA8392	Eupdun_Edun_sb10645054	100.0	S	0.0
HoiH06_mRNA8392	Gracom_Gcom_scaffold16437_01	100.0	S	0.0
HoiH06_mRNA8392	Morvir_scaffold157.g19.t1	100.0	S	0.0
HoiH06_mRNA8392	Ocar_g9865	100.0	S	0.0
HoiH06_mRNA8392	Opea_EP00118_Oscarella_pearsei_P029005	100.0	S	0.0
HoiH06_mRNA8392	Cgig_XM_011455940.3	100.0	S	0.0
HoiH06_mRNA8392	Nemnom_g2814.t1	100.0	S	0.0
HoiH06_mRNA8392	Lcom_lcpid114428	100.0	S	0.0
TrH2_TrispH2_009559-RA	Beraby_Baby_sb342165	100.0	S	0.0
TrH2_TrispH2_009559-RA	Eupdun_Edun_sb10645053	100.0	S	0.0
TrH2_TrispH2_009559-RA	Dpul_mRNA30319	100.0	S	0.0
TrH2_TrispH2_009559-RA	Xesp_022341-T1	100.0	S	0.0
TrH2_TrispH2_009559-RA	Tetwil_g10236.t1	100.0	S	0.0
TrH2_TrispH2_009559-RA	Beraby_Baby_sb342166	100.0	S	0.0
TrH2_TrispH2_009559-RA	Mlei_ML2213.g16.i1	100.0	S	0.0
TrH2_TrispH2_009559-RA	Spur_XM_003729814.3	100.0	S	0.0
TrH2_TrispH2_009559-RA	Coeast_Cast_sb804167	100.0	S	0.0
TrH2_TrispH2_009559-RA	Morvir_scaffold157.g18.t1	100.0	S	0.0
TrH2_TrispH2_009559-RA	Spolac_c95648_g1_i1_m.11806c95648-g1	100.0	S	0.0
TrH2_TrispH2_009559-RA	Aque_Aqu2.1.37973_001	100.0	S	0.0
TrH2_TrispH2_009559-RA	Spolac_c95648_g1_i2_m.11808c95648-g1	100.0	S	0.0
TrH2_TrispH2_009559-RA	Coeast_Cast_sb804166	100.0	S	0.0
TrH2_TrispH2_009559-RA	Drygla_Dgla_sb293668	100.0	S	0.0
TrH2_TrispH2_009559-RA	Coemet_Cmet_scaffold22591_01	100.0	S	0.0
TrH2_TrispH2_009559-RA	Emue_Em0017g932a.t1	100.0	S	0.0
TrH2_TrispH2_009559-RA	Nvec_v1g914	100.0	S	0.0
TrH2_TrispH2_009559-RA	Hvul_g12058_1	100.0	S	0.0
TrH2_TrispH2_009559-RA	Ctel_gnl_WGS_AMQN_CAPTEDRAFT_mRNA123077	100.0	S	0.0
TrH2_TrispH2_009559-RA	Fspp_ffun1.m4.30376.m1	100.0	S	0.0
TrH2_TrispH2_009559-RA	Lampan_Lpan_13909_01	100.0	S	0.0
TrH2_TrispH2_009559-RA	Tcas_TC006411_001	100.0	S	0.0
TrH2_TrispH2_009559-RA	Mertsp_Mesp_sb609140	100.0	S	0.0
TrH2_TrispH2_009559-RA	Spur_XM_030979846.1	100.0	S	0.0
TrH2_TrispH2_009559-RA	Acagra_model.g4018.t1	100.0	S	0.0
TrH2_TrispH2_009559-RA	Scil_scict000436.1	100.0	S	0.0
TrH2_TrispH2_009559-RA	Morvir_scaffold1035.g1.t1	100.0	S	0.0
TrH2_TrispH2_009559-RA	Amil_Amillepora10126-RA	100.0	S	0.0
TrH2_TrispH2_009559-RA	Eupdun_Edun_sb10645055	100.0	S	0.0
TrH2_TrispH2_009559-RA	Dgig_XM_028543784.1	100.0	S	0.0
TrH2_TrispH2_009559-RA	Clacor_Ccor_C538091_01	100.0	S	0.0
TrH2_TrispH2_009559-RA	Gasp_gasp1.m3.6150.m1	100.0	S	0.0
TrH2_TrispH2_009559-RA	Xestes_maker-XT_scaffold3006-snap-gene-0.27-mRNA-1	100.0	S	0.0
TrH2_TrispH2_009559-RA	Aaur_scaffold609.g1.t1	100.0	S	0.0
TrH2_TrispH2_009559-RA	Exapal_XM_021038793.2	100.0	S	0.0
TrH2_TrispH2_009559-RA	Plespi_Pspi_C602138_01	100.0	S	0.0
TrH2_TrispH2_009559-RA	Bralan_BLAG15000821_1	100.0	S	0.0
TrH2_TrispH2_009559-RA	Pbac_sb2643729	100.0	S	0.0
TrH2_TrispH2_009559-RA	Pocdam_XM_027181812.1	100.0	S	0.0
TrH2_TrispH2_009559-RA	Stycar_maker-SC_scaffold90983-snap-gene-0.9-mRNA-1	100.0	S	0.0
TrH2_TrispH2_009559-RA	Nvec_v1g225045	100.0	S	0.0
TrH2_TrispH2_009559-RA	Chem_TCONS_00050510	100.0	S	0.0
TrH2_TrispH2_009559-RA	Adig_XM_015919965.1	100.0	S	0.0
TrH2_TrispH2_009559-RA	Halamb_c6690_g1_i2mm.7363	100.0	S	0.0
TrH2_TrispH2_009559-RA	Eupdun_Edun_sb10645052	100.0	S	0.0
TrH2_TrispH2_009559-RA	Stycar_maker-SC_scaffold64473-snap-gene-0.12-mRNA-1	100.0	S	0.0
TrH2_TrispH2_009559-RA	Sanmal_Sma_008744-T1	100.0	S	0.0
TrH2_TrispH2_009559-RA	Vmul_SimC396500	100.0	S	0.0
TrH2_TrispH2_009559-RA	Skow_XM_002741382.2	100.0	S	0.0
TrH2_TrispH2_009559-RA	Sanmal_Sma_022765-T1	100.0	S	0.0
TrH2_TrispH2_009559-RA	Leuniv_Lniv_scaffold5766_01	100.0	S	0.0
TrH2_TrispH2_009559-RA	Gfas_gfas1.m1.1088.m1	100.0	S	0.0
TrH2_TrispH2_009559-RA	Spis_XP_022798685_1	100.0	S	0.0
TrH2_TrispH2_009559-RA	Horcal_Hcv1.av93.c3.g988.i1	100.0	S	0.0
TrH2_TrispH2_009559-RA	Hsap_ENST00000199814	100.0	S	0.0
TrH2_TrispH2_009559-RA	Eupdun_Edun_sb10645054	100.0	S	0.0
TrH2_TrispH2_009559-RA	Gracom_Gcom_scaffold16437_01	100.0	S	0.0
TrH2_TrispH2_009559-RA	Morvir_scaffold157.g19.t1	100.0	S	0.0
TrH2_TrispH2_009559-RA	Ocar_g9865	100.0	S	0.0
TrH2_TrispH2_009559-RA	Opea_EP00118_Oscarella_pearsei_P029005	100.0	S	0.0
TrH2_TrispH2_009559-RA	Cgig_XM_011455940.3	100.0	S	0.0
TrH2_TrispH2_009559-RA	Nemnom_g2814.t1	100.0	S	0.0
TrH2_TrispH2_009559-RA	Lcom_lcpid114428	100.0	S	0.0
HoiH23_PlH23_003399-RA	Beraby_Baby_sb342165	100.0	S	0.0
HoiH23_PlH23_003399-RA	Eupdun_Edun_sb10645053	100.0	S	0.0
HoiH23_PlH23_003399-RA	Dpul_mRNA30319	100.0	S	0.0
HoiH23_PlH23_003399-RA	Xesp_022341-T1	100.0	S	0.0
HoiH23_PlH23_003399-RA	Tetwil_g10236.t1	100.0	S	0.0
HoiH23_PlH23_003399-RA	Beraby_Baby_sb342166	100.0	S	0.0
HoiH23_PlH23_003399-RA	Mlei_ML2213.g16.i1	100.0	S	0.0
HoiH23_PlH23_003399-RA	Spur_XM_003729814.3	100.0	S	0.0
HoiH23_PlH23_003399-RA	Coeast_Cast_sb804167	100.0	S	0.0
HoiH23_PlH23_003399-RA	Morvir_scaffold157.g18.t1	100.0	S	0.0
HoiH23_PlH23_003399-RA	Spolac_c95648_g1_i1_m.11806c95648-g1	100.0	S	0.0
HoiH23_PlH23_003399-RA	Aque_Aqu2.1.37973_001	100.0	S	0.0
HoiH23_PlH23_003399-RA	Spolac_c95648_g1_i2_m.11808c95648-g1	100.0	S	0.0
HoiH23_PlH23_003399-RA	Coeast_Cast_sb804166	100.0	S	0.0
HoiH23_PlH23_003399-RA	Drygla_Dgla_sb293668	100.0	S	0.0
HoiH23_PlH23_003399-RA	Coemet_Cmet_scaffold22591_01	100.0	S	0.0
HoiH23_PlH23_003399-RA	Emue_Em0017g932a.t1	100.0	S	0.0
HoiH23_PlH23_003399-RA	Nvec_v1g914	100.0	S	0.0
HoiH23_PlH23_003399-RA	Hvul_g12058_1	100.0	S	0.0
HoiH23_PlH23_003399-RA	Ctel_gnl_WGS_AMQN_CAPTEDRAFT_mRNA123077	100.0	S	0.0
HoiH23_PlH23_003399-RA	Fspp_ffun1.m4.30376.m1	100.0	S	0.0
HoiH23_PlH23_003399-RA	Lampan_Lpan_13909_01	100.0	S	0.0
HoiH23_PlH23_003399-RA	Tcas_TC006411_001	100.0	S	0.0
HoiH23_PlH23_003399-RA	Mertsp_Mesp_sb609140	100.0	S	0.0
HoiH23_PlH23_003399-RA	Spur_XM_030979846.1	100.0	S	0.0
HoiH23_PlH23_003399-RA	Acagra_model.g4018.t1	100.0	S	0.0
HoiH23_PlH23_003399-RA	Scil_scict000436.1	100.0	S	0.0
HoiH23_PlH23_003399-RA	Morvir_scaffold1035.g1.t1	100.0	S	0.0
HoiH23_PlH23_003399-RA	Amil_Amillepora10126-RA	100.0	S	0.0
HoiH23_PlH23_003399-RA	Eupdun_Edun_sb10645055	100.0	S	0.0
HoiH23_PlH23_003399-RA	Dgig_XM_028543784.1	100.0	S	0.0
HoiH23_PlH23_003399-RA	Clacor_Ccor_C538091_01	100.0	S	0.0
HoiH23_PlH23_003399-RA	Gasp_gasp1.m3.6150.m1	100.0	S	0.0
HoiH23_PlH23_003399-RA	Xestes_maker-XT_scaffold3006-snap-gene-0.27-mRNA-1	100.0	S	0.0
HoiH23_PlH23_003399-RA	Aaur_scaffold609.g1.t1	100.0	S	0.0
HoiH23_PlH23_003399-RA	Exapal_XM_021038793.2	100.0	S	0.0
HoiH23_PlH23_003399-RA	Plespi_Pspi_C602138_01	100.0	S	0.0
HoiH23_PlH23_003399-RA	Bralan_BLAG15000821_1	100.0	S	0.0
HoiH23_PlH23_003399-RA	Pbac_sb2643729	100.0	S	0.0
HoiH23_PlH23_003399-RA	Pocdam_XM_027181812.1	100.0	S	0.0
HoiH23_PlH23_003399-RA	Stycar_maker-SC_scaffold90983-snap-gene-0.9-mRNA-1	100.0	S	0.0
HoiH23_PlH23_003399-RA	Nvec_v1g225045	100.0	S	0.0
HoiH23_PlH23_003399-RA	Chem_TCONS_00050510	100.0	S	0.0
HoiH23_PlH23_003399-RA	Adig_XM_015919965.1	100.0	S	0.0
HoiH23_PlH23_003399-RA	Halamb_c6690_g1_i2mm.7363	100.0	S	0.0
HoiH23_PlH23_003399-RA	Eupdun_Edun_sb10645052	100.0	S	0.0
HoiH23_PlH23_003399-RA	Stycar_maker-SC_scaffold64473-snap-gene-0.12-mRNA-1	100.0	S	0.0
HoiH23_PlH23_003399-RA	Sanmal_Sma_008744-T1	100.0	S	0.0
HoiH23_PlH23_003399-RA	Vmul_SimC396500	100.0	S	0.0
HoiH23_PlH23_003399-RA	Skow_XM_002741382.2	100.0	S	0.0
HoiH23_PlH23_003399-RA	Sanmal_Sma_022765-T1	100.0	S	0.0
HoiH23_PlH23_003399-RA	Leuniv_Lniv_scaffold5766_01	100.0	S	0.0
HoiH23_PlH23_003399-RA	Gfas_gfas1.m1.1088.m1	100.0	S	0.0
HoiH23_PlH23_003399-RA	Spis_XP_022798685_1	100.0	S	0.0
HoiH23_PlH23_003399-RA	Horcal_Hcv1.av93.c3.g988.i1	100.0	S	0.0
HoiH23_PlH23_003399-RA	Hsap_ENST00000199814	100.0	S	0.0
HoiH23_PlH23_003399-RA	Eupdun_Edun_sb10645054	100.0	S	0.0
HoiH23_PlH23_003399-RA	Gracom_Gcom_scaffold16437_01	100.0	S	0.0
HoiH23_PlH23_003399-RA	Morvir_scaffold157.g19.t1	100.0	S	0.0
HoiH23_PlH23_003399-RA	Ocar_g9865	100.0	S	0.0
HoiH23_PlH23_003399-RA	Opea_EP00118_Oscarella_pearsei_P029005	100.0	S	0.0
HoiH23_PlH23_003399-RA	Cgig_XM_011455940.3	100.0	S	0.0
HoiH23_PlH23_003399-RA	Nemnom_g2814.t1	100.0	S	0.0
HoiH23_PlH23_003399-RA	Lcom_lcpid114428	100.0	S	0.0
HoiH11_mRNA3287	Beraby_Baby_sb342165	100.0	S	0.0
HoiH11_mRNA3287	Eupdun_Edun_sb10645053	100.0	S	0.0
HoiH11_mRNA3287	Dpul_mRNA30319	100.0	S	0.0
HoiH11_mRNA3287	Xesp_022341-T1	100.0	S	0.0
HoiH11_mRNA3287	Tetwil_g10236.t1	100.0	S	0.0
HoiH11_mRNA3287	Beraby_Baby_sb342166	100.0	S	0.0
HoiH11_mRNA3287	Mlei_ML2213.g16.i1	100.0	S	0.0
HoiH11_mRNA3287	Spur_XM_003729814.3	100.0	S	0.0
HoiH11_mRNA3287	Coeast_Cast_sb804167	100.0	S	0.0
HoiH11_mRNA3287	Morvir_scaffold157.g18.t1	100.0	S	0.0
HoiH11_mRNA3287	Spolac_c95648_g1_i1_m.11806c95648-g1	100.0	S	0.0
HoiH11_mRNA3287	Aque_Aqu2.1.37973_001	100.0	S	0.0
HoiH11_mRNA3287	Spolac_c95648_g1_i2_m.11808c95648-g1	100.0	S	0.0
HoiH11_mRNA3287	Coeast_Cast_sb804166	100.0	S	0.0
HoiH11_mRNA3287	Drygla_Dgla_sb293668	100.0	S	0.0
HoiH11_mRNA3287	Coemet_Cmet_scaffold22591_01	100.0	S	0.0
HoiH11_mRNA3287	Emue_Em0017g932a.t1	100.0	S	0.0
HoiH11_mRNA3287	Nvec_v1g914	100.0	S	0.0
HoiH11_mRNA3287	Hvul_g12058_1	100.0	S	0.0
HoiH11_mRNA3287	Ctel_gnl_WGS_AMQN_CAPTEDRAFT_mRNA123077	100.0	S	0.0
HoiH11_mRNA3287	Fspp_ffun1.m4.30376.m1	100.0	S	0.0
HoiH11_mRNA3287	Lampan_Lpan_13909_01	100.0	S	0.0
HoiH11_mRNA3287	Tcas_TC006411_001	100.0	S	0.0
HoiH11_mRNA3287	Mertsp_Mesp_sb609140	100.0	S	0.0
HoiH11_mRNA3287	Spur_XM_030979846.1	100.0	S	0.0
HoiH11_mRNA3287	Acagra_model.g4018.t1	100.0	S	0.0
HoiH11_mRNA3287	Scil_scict000436.1	100.0	S	0.0
HoiH11_mRNA3287	Morvir_scaffold1035.g1.t1	100.0	S	0.0
HoiH11_mRNA3287	Amil_Amillepora10126-RA	100.0	S	0.0
HoiH11_mRNA3287	Eupdun_Edun_sb10645055	100.0	S	0.0
HoiH11_mRNA3287	Dgig_XM_028543784.1	100.0	S	0.0
HoiH11_mRNA3287	Clacor_Ccor_C538091_01	100.0	S	0.0
HoiH11_mRNA3287	Gasp_gasp1.m3.6150.m1	100.0	S	0.0
HoiH11_mRNA3287	Xestes_maker-XT_scaffold3006-snap-gene-0.27-mRNA-1	100.0	S	0.0
HoiH11_mRNA3287	Aaur_scaffold609.g1.t1	100.0	S	0.0
HoiH11_mRNA3287	Exapal_XM_021038793.2	100.0	S	0.0
HoiH11_mRNA3287	Plespi_Pspi_C602138_01	100.0	S	0.0
HoiH11_mRNA3287	Bralan_BLAG15000821_1	100.0	S	0.0
HoiH11_mRNA3287	Pbac_sb2643729	100.0	S	0.0
HoiH11_mRNA3287	Pocdam_XM_027181812.1	100.0	S	0.0
HoiH11_mRNA3287	Stycar_maker-SC_scaffold90983-snap-gene-0.9-mRNA-1	100.0	S	0.0
HoiH11_mRNA3287	Nvec_v1g225045	100.0	S	0.0
HoiH11_mRNA3287	Chem_TCONS_00050510	100.0	S	0.0
HoiH11_mRNA3287	Adig_XM_015919965.1	100.0	S	0.0
HoiH11_mRNA3287	Halamb_c6690_g1_i2mm.7363	100.0	S	0.0
HoiH11_mRNA3287	Eupdun_Edun_sb10645052	100.0	S	0.0
HoiH11_mRNA3287	Stycar_maker-SC_scaffold64473-snap-gene-0.12-mRNA-1	100.0	S	0.0
HoiH11_mRNA3287	Sanmal_Sma_008744-T1	100.0	S	0.0
HoiH11_mRNA3287	Vmul_SimC396500	100.0	S	0.0
HoiH11_mRNA3287	Skow_XM_002741382.2	100.0	S	0.0
HoiH11_mRNA3287	Sanmal_Sma_022765-T1	100.0	S	0.0
HoiH11_mRNA3287	Leuniv_Lniv_scaffold5766_01	100.0	S	0.0
HoiH11_mRNA3287	Gfas_gfas1.m1.1088.m1	100.0	S	0.0
HoiH11_mRNA3287	Spis_XP_022798685_1	100.0	S	0.0
HoiH11_mRNA3287	Horcal_Hcv1.av93.c3.g988.i1	100.0	S	0.0
HoiH11_mRNA3287	Hsap_ENST00000199814	100.0	S	0.0
HoiH11_mRNA3287	Eupdun_Edun_sb10645054	100.0	S	0.0
HoiH11_mRNA3287	Gracom_Gcom_scaffold16437_01	100.0	S	0.0
HoiH11_mRNA3287	Morvir_scaffold157.g19.t1	100.0	S	0.0
HoiH11_mRNA3287	Ocar_g9865	100.0	S	0.0
HoiH11_mRNA3287	Opea_EP00118_Oscarella_pearsei_P029005	100.0	S	0.0
HoiH11_mRNA3287	Cgig_XM_011455940.3	100.0	S	0.0
HoiH11_mRNA3287	Nemnom_g2814.t1	100.0	S	0.0
HoiH11_mRNA3287	Lcom_lcpid114428	100.0	S	0.0
Didcos_EP00039_Didymoeca_costata_P001193	Helnan_EP00037_Helgoeca_nana_P011942	100.0	S	0.0
Didcos_EP00039_Didymoeca_costata_P001193	Stedip_EP00041_Stephanoeca_diplocostata_P009149	100.0	S	0.0
Didcos_EP00039_Didymoeca_costata_P001193	Acaspe_EP00035_Acanthoeca_spectabilis_P023289	100.0	S	0.0
Didcos_EP00039_Didymoeca_costata_P001193	Diagra_EP00040_Diaphanoeca_grandis_P017949	100.0	S	0.0
Salurc_EP00051_Salpingoeca_urceolata_P027925	Choper_EP00045_Choanoeca_perplexa_P015408	81.0	S	0.0
Salurc_EP00051_Salpingoeca_urceolata_P027925	Microa_EP00043_Microstomoeca_roanoka_P011476	81.0	S	0.0
Salurc_EP00051_Salpingoeca_urceolata_P027925	Salmac_EP00052_Salpingoeca_macrocollata_P009868	81.0	S	0.0
Salurc_EP00051_Salpingoeca_urceolata_P027925	Salpun_EP00053_Salpingoeca_punica_P011795	81.0	S	0.0
Salurc_EP00051_Salpingoeca_urceolata_P027925	Salkve_EP00050_Salpingoeca_kvevrii_P010940	81.0	S	0.0
Salurc_EP00051_Salpingoeca_urceolata_P027925	Mbre_EDQ88082	81.0	S	0.0
Salurc_EP00051_Salpingoeca_urceolata_P027925	Salinf_EP00049_Salpingoeca_infusionum_P026733	81.0	S	0.0
Salurc_EP00051_Salpingoeca_urceolata_P027925	Saldol_EP00054_Salpingoeca_dolichothecata_P024517	81.0	S	0.0
Salurc_EP00051_Salpingoeca_urceolata_P027925	Sros_EGD76810	81.0	S	0.0
Salurc_EP00051_Salpingoeca_urceolata_P027925	Choper_EP00045_Choanoeca_perplexa_P015413	81.0	S	0.0
Salurc_EP00051_Salpingoeca_urceolata_P027925	Chofle_EP00730_Choanoeca_flexa_P008169	81.0	S	0.0
Codhol_EP00042_Codosiga_hollandica_P028569	Choper_EP00045_Choanoeca_perplexa_P015408	81.0	S	0.0
Codhol_EP00042_Codosiga_hollandica_P028569	Microa_EP00043_Microstomoeca_roanoka_P011476	81.0	S	0.0
Codhol_EP00042_Codosiga_hollandica_P028569	Salmac_EP00052_Salpingoeca_macrocollata_P009868	81.0	S	0.0
Codhol_EP00042_Codosiga_hollandica_P028569	Salpun_EP00053_Salpingoeca_punica_P011795	81.0	S	0.0
Codhol_EP00042_Codosiga_hollandica_P028569	Salkve_EP00050_Salpingoeca_kvevrii_P010940	81.0	S	0.0
Codhol_EP00042_Codosiga_hollandica_P028569	Mbre_EDQ88082	81.0	S	0.0
Codhol_EP00042_Codosiga_hollandica_P028569	Salinf_EP00049_Salpingoeca_infusionum_P026733	81.0	S	0.0
Codhol_EP00042_Codosiga_hollandica_P028569	Saldol_EP00054_Salpingoeca_dolichothecata_P024517	81.0	S	0.0
Codhol_EP00042_Codosiga_hollandica_P028569	Sros_EGD76810	81.0	S	0.0
Codhol_EP00042_Codosiga_hollandica_P028569	Choper_EP00045_Choanoeca_perplexa_P015413	81.0	S	0.0
Codhol_EP00042_Codosiga_hollandica_P028569	Chofle_EP00730_Choanoeca_flexa_P008169	81.0	S	0.0
TrH2_TrispH2_009559-RA	HoiH04_mRNA2983	100.0	S	0.0
TrH2_TrispH2_009559-RA	Hhon_g04564.t1	100.0	S	0.0
TrH2_TrispH2_009559-RA	HoiH06_mRNA8392	100.0	S	0.0
TrH2_TrispH2_009559-RA	HoiH23_PlH23_003399-RA	100.0	S	0.0
TrH2_TrispH2_009559-RA	HoiH11_mRNA3287	100.0	S	0.0
Dpul_mRNA30319	Beraby_Baby_sb342165	65.0	S	0.0
Dpul_mRNA30319	Eupdun_Edun_sb10645053	65.0	S	0.0
Dpul_mRNA30319	Tetwil_g10236.t1	65.0	S	0.0
Dpul_mRNA30319	Beraby_Baby_sb342166	65.0	S	0.0
Dpul_mRNA30319	Mlei_ML2213.g16.i1	65.0	S	0.0
Dpul_mRNA30319	Coeast_Cast_sb804167	65.0	S	0.0
Dpul_mRNA30319	Morvir_scaffold157.g18.t1	65.0	S	0.0
Dpul_mRNA30319	Spolac_c95648_g1_i1_m.11806c95648-g1	65.0	S	0.0
Dpul_mRNA30319	Aque_Aqu2.1.37973_001	65.0	S	0.0
Dpul_mRNA30319	Spolac_c95648_g1_i2_m.11808c95648-g1	65.0	S	0.0
Dpul_mRNA30319	Coeast_Cast_sb804166	65.0	S	0.0
Dpul_mRNA30319	Drygla_Dgla_sb293668	65.0	S	0.0
Dpul_mRNA30319	Coemet_Cmet_scaffold22591_01	65.0	S	0.0
Dpul_mRNA30319	Emue_Em0017g932a.t1	65.0	S	0.0
Dpul_mRNA30319	Hvul_g12058_1	65.0	S	0.0
Dpul_mRNA30319	Lampan_Lpan_13909_01	65.0	S	0.0
Dpul_mRNA30319	Mertsp_Mesp_sb609140	65.0	S	0.0
Dpul_mRNA30319	Scil_scict000436.1	65.0	S	0.0
Dpul_mRNA30319	Morvir_scaffold1035.g1.t1	65.0	S	0.0
Dpul_mRNA30319	Eupdun_Edun_sb10645055	65.0	S	0.0
Dpul_mRNA30319	Clacor_Ccor_C538091_01	65.0	S	0.0
Dpul_mRNA30319	Xestes_maker-XT_scaffold3006-snap-gene-0.27-mRNA-1	65.0	S	0.0
Dpul_mRNA30319	Aaur_scaffold609.g1.t1	65.0	S	0.0
Dpul_mRNA30319	Plespi_Pspi_C602138_01	65.0	S	0.0
Dpul_mRNA30319	Pbac_sb2643729	65.0	S	0.0
Dpul_mRNA30319	Stycar_maker-SC_scaffold90983-snap-gene-0.9-mRNA-1	65.0	S	0.0
Dpul_mRNA30319	Chem_TCONS_00050510	65.0	S	0.0
Dpul_mRNA30319	Halamb_c6690_g1_i2mm.7363	65.0	S	0.0
Dpul_mRNA30319	Eupdun_Edun_sb10645052	65.0	S	0.0
Dpul_mRNA30319	Stycar_maker-SC_scaffold64473-snap-gene-0.12-mRNA-1	65.0	S	0.0
Dpul_mRNA30319	Sanmal_Sma_008744-T1	65.0	S	0.0
Dpul_mRNA30319	Vmul_SimC396500	65.0	S	0.0
Dpul_mRNA30319	Sanmal_Sma_022765-T1	65.0	S	0.0
Dpul_mRNA30319	Leuniv_Lniv_scaffold5766_01	65.0	S	0.0
Dpul_mRNA30319	Horcal_Hcv1.av93.c3.g988.i1	65.0	S	0.0
Dpul_mRNA30319	Eupdun_Edun_sb10645054	65.0	S	0.0
Dpul_mRNA30319	Gracom_Gcom_scaffold16437_01	65.0	S	0.0
Dpul_mRNA30319	Morvir_scaffold157.g19.t1	65.0	S	0.0
Dpul_mRNA30319	Ocar_g9865	65.0	S	0.0
Dpul_mRNA30319	Opea_EP00118_Oscarella_pearsei_P029005	65.0	S	0.0
Dpul_mRNA30319	Nemnom_g2814.t1	65.0	S	0.0
Dpul_mRNA30319	Lcom_lcpid114428	65.0	S	0.0
Xesp_022341-T1	Beraby_Baby_sb342165	65.0	S	0.0
Xesp_022341-T1	Eupdun_Edun_sb10645053	65.0	S	0.0
Xesp_022341-T1	Tetwil_g10236.t1	65.0	S	0.0
Xesp_022341-T1	Beraby_Baby_sb342166	65.0	S	0.0
Xesp_022341-T1	Mlei_ML2213.g16.i1	65.0	S	0.0
Xesp_022341-T1	Coeast_Cast_sb804167	65.0	S	0.0
Xesp_022341-T1	Morvir_scaffold157.g18.t1	65.0	S	0.0
Xesp_022341-T1	Spolac_c95648_g1_i1_m.11806c95648-g1	65.0	S	0.0
Xesp_022341-T1	Aque_Aqu2.1.37973_001	65.0	S	0.0
Xesp_022341-T1	Spolac_c95648_g1_i2_m.11808c95648-g1	65.0	S	0.0
Xesp_022341-T1	Coeast_Cast_sb804166	65.0	S	0.0
Xesp_022341-T1	Drygla_Dgla_sb293668	65.0	S	0.0
Xesp_022341-T1	Coemet_Cmet_scaffold22591_01	65.0	S	0.0
Xesp_022341-T1	Emue_Em0017g932a.t1	65.0	S	0.0
Xesp_022341-T1	Hvul_g12058_1	65.0	S	0.0
Xesp_022341-T1	Lampan_Lpan_13909_01	65.0	S	0.0
Xesp_022341-T1	Mertsp_Mesp_sb609140	65.0	S	0.0
Xesp_022341-T1	Scil_scict000436.1	65.0	S	0.0
Xesp_022341-T1	Morvir_scaffold1035.g1.t1	65.0	S	0.0
Xesp_022341-T1	Eupdun_Edun_sb10645055	65.0	S	0.0
Xesp_022341-T1	Clacor_Ccor_C538091_01	65.0	S	0.0
Xesp_022341-T1	Xestes_maker-XT_scaffold3006-snap-gene-0.27-mRNA-1	65.0	S	0.0
Xesp_022341-T1	Aaur_scaffold609.g1.t1	65.0	S	0.0
Xesp_022341-T1	Plespi_Pspi_C602138_01	65.0	S	0.0
Xesp_022341-T1	Pbac_sb2643729	65.0	S	0.0
Xesp_022341-T1	Stycar_maker-SC_scaffold90983-snap-gene-0.9-mRNA-1	65.0	S	0.0
Xesp_022341-T1	Chem_TCONS_00050510	65.0	S	0.0
Xesp_022341-T1	Halamb_c6690_g1_i2mm.7363	65.0	S	0.0
Xesp_022341-T1	Eupdun_Edun_sb10645052	65.0	S	0.0
Xesp_022341-T1	Stycar_maker-SC_scaffold64473-snap-gene-0.12-mRNA-1	65.0	S	0.0
Xesp_022341-T1	Sanmal_Sma_008744-T1	65.0	S	0.0
Xesp_022341-T1	Vmul_SimC396500	65.0	S	0.0
Xesp_022341-T1	Sanmal_Sma_022765-T1	65.0	S	0.0
Xesp_022341-T1	Leuniv_Lniv_scaffold5766_01	65.0	S	0.0
Xesp_022341-T1	Horcal_Hcv1.av93.c3.g988.i1	65.0	S	0.0
Xesp_022341-T1	Eupdun_Edun_sb10645054	65.0	S	0.0
Xesp_022341-T1	Gracom_Gcom_scaffold16437_01	65.0	S	0.0
Xesp_022341-T1	Morvir_scaffold157.g19.t1	65.0	S	0.0
Xesp_022341-T1	Ocar_g9865	65.0	S	0.0
Xesp_022341-T1	Opea_EP00118_Oscarella_pearsei_P029005	65.0	S	0.0
Xesp_022341-T1	Nemnom_g2814.t1	65.0	S	0.0
Xesp_022341-T1	Lcom_lcpid114428	65.0	S	0.0
Spur_XM_003729814.3	Beraby_Baby_sb342165	65.0	S	0.0
Spur_XM_003729814.3	Eupdun_Edun_sb10645053	65.0	S	0.0
Spur_XM_003729814.3	Tetwil_g10236.t1	65.0	S	0.0
Spur_XM_003729814.3	Beraby_Baby_sb342166	65.0	S	0.0
Spur_XM_003729814.3	Mlei_ML2213.g16.i1	65.0	S	0.0
Spur_XM_003729814.3	Coeast_Cast_sb804167	65.0	S	0.0
Spur_XM_003729814.3	Morvir_scaffold157.g18.t1	65.0	S	0.0
Spur_XM_003729814.3	Spolac_c95648_g1_i1_m.11806c95648-g1	65.0	S	0.0
Spur_XM_003729814.3	Aque_Aqu2.1.37973_001	65.0	S	0.0
Spur_XM_003729814.3	Spolac_c95648_g1_i2_m.11808c95648-g1	65.0	S	0.0
Spur_XM_003729814.3	Coeast_Cast_sb804166	65.0	S	0.0
Spur_XM_003729814.3	Drygla_Dgla_sb293668	65.0	S	0.0
Spur_XM_003729814.3	Coemet_Cmet_scaffold22591_01	65.0	S	0.0
Spur_XM_003729814.3	Emue_Em0017g932a.t1	65.0	S	0.0
Spur_XM_003729814.3	Hvul_g12058_1	65.0	S	0.0
Spur_XM_003729814.3	Lampan_Lpan_13909_01	65.0	S	0.0
Spur_XM_003729814.3	Mertsp_Mesp_sb609140	65.0	S	0.0
Spur_XM_003729814.3	Scil_scict000436.1	65.0	S	0.0
Spur_XM_003729814.3	Morvir_scaffold1035.g1.t1	65.0	S	0.0
Spur_XM_003729814.3	Eupdun_Edun_sb10645055	65.0	S	0.0
Spur_XM_003729814.3	Clacor_Ccor_C538091_01	65.0	S	0.0
Spur_XM_003729814.3	Xestes_maker-XT_scaffold3006-snap-gene-0.27-mRNA-1	65.0	S	0.0
Spur_XM_003729814.3	Aaur_scaffold609.g1.t1	65.0	S	0.0
Spur_XM_003729814.3	Plespi_Pspi_C602138_01	65.0	S	0.0
Spur_XM_003729814.3	Pbac_sb2643729	65.0	S	0.0
Spur_XM_003729814.3	Stycar_maker-SC_scaffold90983-snap-gene-0.9-mRNA-1	65.0	S	0.0
Spur_XM_003729814.3	Chem_TCONS_00050510	65.0	S	0.0
Spur_XM_003729814.3	Halamb_c6690_g1_i2mm.7363	65.0	S	0.0
Spur_XM_003729814.3	Eupdun_Edun_sb10645052	65.0	S	0.0
Spur_XM_003729814.3	Stycar_maker-SC_scaffold64473-snap-gene-0.12-mRNA-1	65.0	S	0.0
Spur_XM_003729814.3	Sanmal_Sma_008744-T1	65.0	S	0.0
Spur_XM_003729814.3	Vmul_SimC396500	65.0	S	0.0
Spur_XM_003729814.3	Sanmal_Sma_022765-T1	65.0	S	0.0
Spur_XM_003729814.3	Leuniv_Lniv_scaffold5766_01	65.0	S	0.0
Spur_XM_003729814.3	Horcal_Hcv1.av93.c3.g988.i1	65.0	S	0.0
Spur_XM_003729814.3	Eupdun_Edun_sb10645054	65.0	S	0.0
Spur_XM_003729814.3	Gracom_Gcom_scaffold16437_01	65.0	S	0.0
Spur_XM_003729814.3	Morvir_scaffold157.g19.t1	65.0	S	0.0
Spur_XM_003729814.3	Ocar_g9865	65.0	S	0.0
Spur_XM_003729814.3	Opea_EP00118_Oscarella_pearsei_P029005	65.0	S	0.0
Spur_XM_003729814.3	Nemnom_g2814.t1	65.0	S	0.0
Spur_XM_003729814.3	Lcom_lcpid114428	65.0	S	0.0
Nvec_v1g914	Beraby_Baby_sb342165	65.0	S	0.0
Nvec_v1g914	Eupdun_Edun_sb10645053	65.0	S	0.0
Nvec_v1g914	Tetwil_g10236.t1	65.0	S	0.0
Nvec_v1g914	Beraby_Baby_sb342166	65.0	S	0.0
Nvec_v1g914	Mlei_ML2213.g16.i1	65.0	S	0.0
Nvec_v1g914	Coeast_Cast_sb804167	65.0	S	0.0
Nvec_v1g914	Morvir_scaffold157.g18.t1	65.0	S	0.0
Nvec_v1g914	Spolac_c95648_g1_i1_m.11806c95648-g1	65.0	S	0.0
Nvec_v1g914	Aque_Aqu2.1.37973_001	65.0	S	0.0
Nvec_v1g914	Spolac_c95648_g1_i2_m.11808c95648-g1	65.0	S	0.0
Nvec_v1g914	Coeast_Cast_sb804166	65.0	S	0.0
Nvec_v1g914	Drygla_Dgla_sb293668	65.0	S	0.0
Nvec_v1g914	Coemet_Cmet_scaffold22591_01	65.0	S	0.0
Nvec_v1g914	Emue_Em0017g932a.t1	65.0	S	0.0
Nvec_v1g914	Hvul_g12058_1	65.0	S	0.0
Nvec_v1g914	Lampan_Lpan_13909_01	65.0	S	0.0
Nvec_v1g914	Mertsp_Mesp_sb609140	65.0	S	0.0
Nvec_v1g914	Scil_scict000436.1	65.0	S	0.0
Nvec_v1g914	Morvir_scaffold1035.g1.t1	65.0	S	0.0
Nvec_v1g914	Eupdun_Edun_sb10645055	65.0	S	0.0
Nvec_v1g914	Clacor_Ccor_C538091_01	65.0	S	0.0
Nvec_v1g914	Xestes_maker-XT_scaffold3006-snap-gene-0.27-mRNA-1	65.0	S	0.0
Nvec_v1g914	Aaur_scaffold609.g1.t1	65.0	S	0.0
Nvec_v1g914	Plespi_Pspi_C602138_01	65.0	S	0.0
Nvec_v1g914	Pbac_sb2643729	65.0	S	0.0
Nvec_v1g914	Stycar_maker-SC_scaffold90983-snap-gene-0.9-mRNA-1	65.0	S	0.0
Nvec_v1g914	Chem_TCONS_00050510	65.0	S	0.0
Nvec_v1g914	Halamb_c6690_g1_i2mm.7363	65.0	S	0.0
Nvec_v1g914	Eupdun_Edun_sb10645052	65.0	S	0.0
Nvec_v1g914	Stycar_maker-SC_scaffold64473-snap-gene-0.12-mRNA-1	65.0	S	0.0
Nvec_v1g914	Sanmal_Sma_008744-T1	65.0	S	0.0
Nvec_v1g914	Vmul_SimC396500	65.0	S	0.0
Nvec_v1g914	Sanmal_Sma_022765-T1	65.0	S	0.0
Nvec_v1g914	Leuniv_Lniv_scaffold5766_01	65.0	S	0.0
Nvec_v1g914	Horcal_Hcv1.av93.c3.g988.i1	65.0	S	0.0
Nvec_v1g914	Eupdun_Edun_sb10645054	65.0	S	0.0
Nvec_v1g914	Gracom_Gcom_scaffold16437_01	65.0	S	0.0
Nvec_v1g914	Morvir_scaffold157.g19.t1	65.0	S	0.0
Nvec_v1g914	Ocar_g9865	65.0	S	0.0
Nvec_v1g914	Opea_EP00118_Oscarella_pearsei_P029005	65.0	S	0.0
Nvec_v1g914	Nemnom_g2814.t1	65.0	S	0.0
Nvec_v1g914	Lcom_lcpid114428	65.0	S	0.0
Spur_XM_030979846.1	Beraby_Baby_sb342165	65.0	S	0.0
Spur_XM_030979846.1	Eupdun_Edun_sb10645053	65.0	S	0.0
Spur_XM_030979846.1	Tetwil_g10236.t1	65.0	S	0.0
Spur_XM_030979846.1	Beraby_Baby_sb342166	65.0	S	0.0
Spur_XM_030979846.1	Mlei_ML2213.g16.i1	65.0	S	0.0
Spur_XM_030979846.1	Coeast_Cast_sb804167	65.0	S	0.0
Spur_XM_030979846.1	Morvir_scaffold157.g18.t1	65.0	S	0.0
Spur_XM_030979846.1	Spolac_c95648_g1_i1_m.11806c95648-g1	65.0	S	0.0
Spur_XM_030979846.1	Aque_Aqu2.1.37973_001	65.0	S	0.0
Spur_XM_030979846.1	Spolac_c95648_g1_i2_m.11808c95648-g1	65.0	S	0.0
Spur_XM_030979846.1	Coeast_Cast_sb804166	65.0	S	0.0
Spur_XM_030979846.1	Drygla_Dgla_sb293668	65.0	S	0.0
Spur_XM_030979846.1	Coemet_Cmet_scaffold22591_01	65.0	S	0.0
Spur_XM_030979846.1	Emue_Em0017g932a.t1	65.0	S	0.0
Spur_XM_030979846.1	Hvul_g12058_1	65.0	S	0.0
Spur_XM_030979846.1	Lampan_Lpan_13909_01	65.0	S	0.0
Spur_XM_030979846.1	Mertsp_Mesp_sb609140	65.0	S	0.0
Spur_XM_030979846.1	Scil_scict000436.1	65.0	S	0.0
Spur_XM_030979846.1	Morvir_scaffold1035.g1.t1	65.0	S	0.0
Spur_XM_030979846.1	Eupdun_Edun_sb10645055	65.0	S	0.0
Spur_XM_030979846.1	Clacor_Ccor_C538091_01	65.0	S	0.0
Spur_XM_030979846.1	Xestes_maker-XT_scaffold3006-snap-gene-0.27-mRNA-1	65.0	S	0.0
Spur_XM_030979846.1	Aaur_scaffold609.g1.t1	65.0	S	0.0
Spur_XM_030979846.1	Plespi_Pspi_C602138_01	65.0	S	0.0
Spur_XM_030979846.1	Pbac_sb2643729	65.0	S	0.0
Spur_XM_030979846.1	Stycar_maker-SC_scaffold90983-snap-gene-0.9-mRNA-1	65.0	S	0.0
Spur_XM_030979846.1	Chem_TCONS_00050510	65.0	S	0.0
Spur_XM_030979846.1	Halamb_c6690_g1_i2mm.7363	65.0	S	0.0
Spur_XM_030979846.1	Eupdun_Edun_sb10645052	65.0	S	0.0
Spur_XM_030979846.1	Stycar_maker-SC_scaffold64473-snap-gene-0.12-mRNA-1	65.0	S	0.0
Spur_XM_030979846.1	Sanmal_Sma_008744-T1	65.0	S	0.0
Spur_XM_030979846.1	Vmul_SimC396500	65.0	S	0.0
Spur_XM_030979846.1	Sanmal_Sma_022765-T1	65.0	S	0.0
Spur_XM_030979846.1	Leuniv_Lniv_scaffold5766_01	65.0	S	0.0
Spur_XM_030979846.1	Horcal_Hcv1.av93.c3.g988.i1	65.0	S	0.0
Spur_XM_030979846.1	Eupdun_Edun_sb10645054	65.0	S	0.0
Spur_XM_030979846.1	Gracom_Gcom_scaffold16437_01	65.0	S	0.0
Spur_XM_030979846.1	Morvir_scaffold157.g19.t1	65.0	S	0.0
Spur_XM_030979846.1	Ocar_g9865	65.0	S	0.0
Spur_XM_030979846.1	Opea_EP00118_Oscarella_pearsei_P029005	65.0	S	0.0
Spur_XM_030979846.1	Nemnom_g2814.t1	65.0	S	0.0
Spur_XM_030979846.1	Lcom_lcpid114428	65.0	S	0.0
Ctel_gnl_WGS_AMQN_CAPTEDRAFT_mRNA123077	Beraby_Baby_sb342165	65.0	S	0.0
Ctel_gnl_WGS_AMQN_CAPTEDRAFT_mRNA123077	Eupdun_Edun_sb10645053	65.0	S	0.0
Ctel_gnl_WGS_AMQN_CAPTEDRAFT_mRNA123077	Tetwil_g10236.t1	65.0	S	0.0
Ctel_gnl_WGS_AMQN_CAPTEDRAFT_mRNA123077	Beraby_Baby_sb342166	65.0	S	0.0
Ctel_gnl_WGS_AMQN_CAPTEDRAFT_mRNA123077	Mlei_ML2213.g16.i1	65.0	S	0.0
Ctel_gnl_WGS_AMQN_CAPTEDRAFT_mRNA123077	Coeast_Cast_sb804167	65.0	S	0.0
Ctel_gnl_WGS_AMQN_CAPTEDRAFT_mRNA123077	Morvir_scaffold157.g18.t1	65.0	S	0.0
Ctel_gnl_WGS_AMQN_CAPTEDRAFT_mRNA123077	Spolac_c95648_g1_i1_m.11806c95648-g1	65.0	S	0.0
Ctel_gnl_WGS_AMQN_CAPTEDRAFT_mRNA123077	Aque_Aqu2.1.37973_001	65.0	S	0.0
Ctel_gnl_WGS_AMQN_CAPTEDRAFT_mRNA123077	Spolac_c95648_g1_i2_m.11808c95648-g1	65.0	S	0.0
Ctel_gnl_WGS_AMQN_CAPTEDRAFT_mRNA123077	Coeast_Cast_sb804166	65.0	S	0.0
Ctel_gnl_WGS_AMQN_CAPTEDRAFT_mRNA123077	Drygla_Dgla_sb293668	65.0	S	0.0
Ctel_gnl_WGS_AMQN_CAPTEDRAFT_mRNA123077	Coemet_Cmet_scaffold22591_01	65.0	S	0.0
Ctel_gnl_WGS_AMQN_CAPTEDRAFT_mRNA123077	Emue_Em0017g932a.t1	65.0	S	0.0
Ctel_gnl_WGS_AMQN_CAPTEDRAFT_mRNA123077	Hvul_g12058_1	65.0	S	0.0
Ctel_gnl_WGS_AMQN_CAPTEDRAFT_mRNA123077	Lampan_Lpan_13909_01	65.0	S	0.0
Ctel_gnl_WGS_AMQN_CAPTEDRAFT_mRNA123077	Mertsp_Mesp_sb609140	65.0	S	0.0
Ctel_gnl_WGS_AMQN_CAPTEDRAFT_mRNA123077	Scil_scict000436.1	65.0	S	0.0
Ctel_gnl_WGS_AMQN_CAPTEDRAFT_mRNA123077	Morvir_scaffold1035.g1.t1	65.0	S	0.0
Ctel_gnl_WGS_AMQN_CAPTEDRAFT_mRNA123077	Eupdun_Edun_sb10645055	65.0	S	0.0
Ctel_gnl_WGS_AMQN_CAPTEDRAFT_mRNA123077	Clacor_Ccor_C538091_01	65.0	S	0.0
Ctel_gnl_WGS_AMQN_CAPTEDRAFT_mRNA123077	Xestes_maker-XT_scaffold3006-snap-gene-0.27-mRNA-1	65.0	S	0.0
Ctel_gnl_WGS_AMQN_CAPTEDRAFT_mRNA123077	Aaur_scaffold609.g1.t1	65.0	S	0.0
Ctel_gnl_WGS_AMQN_CAPTEDRAFT_mRNA123077	Plespi_Pspi_C602138_01	65.0	S	0.0
Ctel_gnl_WGS_AMQN_CAPTEDRAFT_mRNA123077	Pbac_sb2643729	65.0	S	0.0
Ctel_gnl_WGS_AMQN_CAPTEDRAFT_mRNA123077	Stycar_maker-SC_scaffold90983-snap-gene-0.9-mRNA-1	65.0	S	0.0
Ctel_gnl_WGS_AMQN_CAPTEDRAFT_mRNA123077	Chem_TCONS_00050510	65.0	S	0.0
Ctel_gnl_WGS_AMQN_CAPTEDRAFT_mRNA123077	Halamb_c6690_g1_i2mm.7363	65.0	S	0.0
Ctel_gnl_WGS_AMQN_CAPTEDRAFT_mRNA123077	Eupdun_Edun_sb10645052	65.0	S	0.0
Ctel_gnl_WGS_AMQN_CAPTEDRAFT_mRNA123077	Stycar_maker-SC_scaffold64473-snap-gene-0.12-mRNA-1	65.0	S	0.0
Ctel_gnl_WGS_AMQN_CAPTEDRAFT_mRNA123077	Sanmal_Sma_008744-T1	65.0	S	0.0
Ctel_gnl_WGS_AMQN_CAPTEDRAFT_mRNA123077	Vmul_SimC396500	65.0	S	0.0
Ctel_gnl_WGS_AMQN_CAPTEDRAFT_mRNA123077	Sanmal_Sma_022765-T1	65.0	S	0.0
Ctel_gnl_WGS_AMQN_CAPTEDRAFT_mRNA123077	Leuniv_Lniv_scaffold5766_01	65.0	S	0.0
Ctel_gnl_WGS_AMQN_CAPTEDRAFT_mRNA123077	Horcal_Hcv1.av93.c3.g988.i1	65.0	S	0.0
Ctel_gnl_WGS_AMQN_CAPTEDRAFT_mRNA123077	Eupdun_Edun_sb10645054	65.0	S	0.0
Ctel_gnl_WGS_AMQN_CAPTEDRAFT_mRNA123077	Gracom_Gcom_scaffold16437_01	65.0	S	0.0
Ctel_gnl_WGS_AMQN_CAPTEDRAFT_mRNA123077	Morvir_scaffold157.g19.t1	65.0	S	0.0
Ctel_gnl_WGS_AMQN_CAPTEDRAFT_mRNA123077	Ocar_g9865	65.0	S	0.0
Ctel_gnl_WGS_AMQN_CAPTEDRAFT_mRNA123077	Opea_EP00118_Oscarella_pearsei_P029005	65.0	S	0.0
Ctel_gnl_WGS_AMQN_CAPTEDRAFT_mRNA123077	Nemnom_g2814.t1	65.0	S	0.0
Ctel_gnl_WGS_AMQN_CAPTEDRAFT_mRNA123077	Lcom_lcpid114428	65.0	S	0.0
Fspp_ffun1.m4.30376.m1	Beraby_Baby_sb342165	65.0	S	0.0
Fspp_ffun1.m4.30376.m1	Eupdun_Edun_sb10645053	65.0	S	0.0
Fspp_ffun1.m4.30376.m1	Tetwil_g10236.t1	65.0	S	0.0
Fspp_ffun1.m4.30376.m1	Beraby_Baby_sb342166	65.0	S	0.0
Fspp_ffun1.m4.30376.m1	Mlei_ML2213.g16.i1	65.0	S	0.0
Fspp_ffun1.m4.30376.m1	Coeast_Cast_sb804167	65.0	S	0.0
Fspp_ffun1.m4.30376.m1	Morvir_scaffold157.g18.t1	65.0	S	0.0
Fspp_ffun1.m4.30376.m1	Spolac_c95648_g1_i1_m.11806c95648-g1	65.0	S	0.0
Fspp_ffun1.m4.30376.m1	Aque_Aqu2.1.37973_001	65.0	S	0.0
Fspp_ffun1.m4.30376.m1	Spolac_c95648_g1_i2_m.11808c95648-g1	65.0	S	0.0
Fspp_ffun1.m4.30376.m1	Coeast_Cast_sb804166	65.0	S	0.0
Fspp_ffun1.m4.30376.m1	Drygla_Dgla_sb293668	65.0	S	0.0
Fspp_ffun1.m4.30376.m1	Coemet_Cmet_scaffold22591_01	65.0	S	0.0
Fspp_ffun1.m4.30376.m1	Emue_Em0017g932a.t1	65.0	S	0.0
Fspp_ffun1.m4.30376.m1	Hvul_g12058_1	65.0	S	0.0
Fspp_ffun1.m4.30376.m1	Lampan_Lpan_13909_01	65.0	S	0.0
Fspp_ffun1.m4.30376.m1	Mertsp_Mesp_sb609140	65.0	S	0.0
Fspp_ffun1.m4.30376.m1	Scil_scict000436.1	65.0	S	0.0
Fspp_ffun1.m4.30376.m1	Morvir_scaffold1035.g1.t1	65.0	S	0.0
Fspp_ffun1.m4.30376.m1	Eupdun_Edun_sb10645055	65.0	S	0.0
Fspp_ffun1.m4.30376.m1	Clacor_Ccor_C538091_01	65.0	S	0.0
Fspp_ffun1.m4.30376.m1	Xestes_maker-XT_scaffold3006-snap-gene-0.27-mRNA-1	65.0	S	0.0
Fspp_ffun1.m4.30376.m1	Aaur_scaffold609.g1.t1	65.0	S	0.0
Fspp_ffun1.m4.30376.m1	Plespi_Pspi_C602138_01	65.0	S	0.0
Fspp_ffun1.m4.30376.m1	Pbac_sb2643729	65.0	S	0.0
Fspp_ffun1.m4.30376.m1	Stycar_maker-SC_scaffold90983-snap-gene-0.9-mRNA-1	65.0	S	0.0
Fspp_ffun1.m4.30376.m1	Chem_TCONS_00050510	65.0	S	0.0
Fspp_ffun1.m4.30376.m1	Halamb_c6690_g1_i2mm.7363	65.0	S	0.0
Fspp_ffun1.m4.30376.m1	Eupdun_Edun_sb10645052	65.0	S	0.0
Fspp_ffun1.m4.30376.m1	Stycar_maker-SC_scaffold64473-snap-gene-0.12-mRNA-1	65.0	S	0.0
Fspp_ffun1.m4.30376.m1	Sanmal_Sma_008744-T1	65.0	S	0.0
Fspp_ffun1.m4.30376.m1	Vmul_SimC396500	65.0	S	0.0
Fspp_ffun1.m4.30376.m1	Sanmal_Sma_022765-T1	65.0	S	0.0
Fspp_ffun1.m4.30376.m1	Leuniv_Lniv_scaffold5766_01	65.0	S	0.0
Fspp_ffun1.m4.30376.m1	Horcal_Hcv1.av93.c3.g988.i1	65.0	S	0.0
Fspp_ffun1.m4.30376.m1	Eupdun_Edun_sb10645054	65.0	S	0.0
Fspp_ffun1.m4.30376.m1	Gracom_Gcom_scaffold16437_01	65.0	S	0.0
Fspp_ffun1.m4.30376.m1	Morvir_scaffold157.g19.t1	65.0	S	0.0
Fspp_ffun1.m4.30376.m1	Ocar_g9865	65.0	S	0.0
Fspp_ffun1.m4.30376.m1	Opea_EP00118_Oscarella_pearsei_P029005	65.0	S	0.0
Fspp_ffun1.m4.30376.m1	Nemnom_g2814.t1	65.0	S	0.0
Fspp_ffun1.m4.30376.m1	Lcom_lcpid114428	65.0	S	0.0
Tcas_TC006411_001	Beraby_Baby_sb342165	65.0	S	0.0
Tcas_TC006411_001	Eupdun_Edun_sb10645053	65.0	S	0.0
Tcas_TC006411_001	Tetwil_g10236.t1	65.0	S	0.0
Tcas_TC006411_001	Beraby_Baby_sb342166	65.0	S	0.0
Tcas_TC006411_001	Mlei_ML2213.g16.i1	65.0	S	0.0
Tcas_TC006411_001	Coeast_Cast_sb804167	65.0	S	0.0
Tcas_TC006411_001	Morvir_scaffold157.g18.t1	65.0	S	0.0
Tcas_TC006411_001	Spolac_c95648_g1_i1_m.11806c95648-g1	65.0	S	0.0
Tcas_TC006411_001	Aque_Aqu2.1.37973_001	65.0	S	0.0
Tcas_TC006411_001	Spolac_c95648_g1_i2_m.11808c95648-g1	65.0	S	0.0
Tcas_TC006411_001	Coeast_Cast_sb804166	65.0	S	0.0
Tcas_TC006411_001	Drygla_Dgla_sb293668	65.0	S	0.0
Tcas_TC006411_001	Coemet_Cmet_scaffold22591_01	65.0	S	0.0
Tcas_TC006411_001	Emue_Em0017g932a.t1	65.0	S	0.0
Tcas_TC006411_001	Hvul_g12058_1	65.0	S	0.0
Tcas_TC006411_001	Lampan_Lpan_13909_01	65.0	S	0.0
Tcas_TC006411_001	Mertsp_Mesp_sb609140	65.0	S	0.0
Tcas_TC006411_001	Scil_scict000436.1	65.0	S	0.0
Tcas_TC006411_001	Morvir_scaffold1035.g1.t1	65.0	S	0.0
Tcas_TC006411_001	Eupdun_Edun_sb10645055	65.0	S	0.0
Tcas_TC006411_001	Clacor_Ccor_C538091_01	65.0	S	0.0
Tcas_TC006411_001	Xestes_maker-XT_scaffold3006-snap-gene-0.27-mRNA-1	65.0	S	0.0
Tcas_TC006411_001	Aaur_scaffold609.g1.t1	65.0	S	0.0
Tcas_TC006411_001	Plespi_Pspi_C602138_01	65.0	S	0.0
Tcas_TC006411_001	Pbac_sb2643729	65.0	S	0.0
Tcas_TC006411_001	Stycar_maker-SC_scaffold90983-snap-gene-0.9-mRNA-1	65.0	S	0.0
Tcas_TC006411_001	Chem_TCONS_00050510	65.0	S	0.0
Tcas_TC006411_001	Halamb_c6690_g1_i2mm.7363	65.0	S	0.0
Tcas_TC006411_001	Eupdun_Edun_sb10645052	65.0	S	0.0
Tcas_TC006411_001	Stycar_maker-SC_scaffold64473-snap-gene-0.12-mRNA-1	65.0	S	0.0
Tcas_TC006411_001	Sanmal_Sma_008744-T1	65.0	S	0.0
Tcas_TC006411_001	Vmul_SimC396500	65.0	S	0.0
Tcas_TC006411_001	Sanmal_Sma_022765-T1	65.0	S	0.0
Tcas_TC006411_001	Leuniv_Lniv_scaffold5766_01	65.0	S	0.0
Tcas_TC006411_001	Horcal_Hcv1.av93.c3.g988.i1	65.0	S	0.0
Tcas_TC006411_001	Eupdun_Edun_sb10645054	65.0	S	0.0
Tcas_TC006411_001	Gracom_Gcom_scaffold16437_01	65.0	S	0.0
Tcas_TC006411_001	Morvir_scaffold157.g19.t1	65.0	S	0.0
Tcas_TC006411_001	Ocar_g9865	65.0	S	0.0
Tcas_TC006411_001	Opea_EP00118_Oscarella_pearsei_P029005	65.0	S	0.0
Tcas_TC006411_001	Nemnom_g2814.t1	65.0	S	0.0
Tcas_TC006411_001	Lcom_lcpid114428	65.0	S	0.0
Acagra_model.g4018.t1	Beraby_Baby_sb342165	65.0	S	0.0
Acagra_model.g4018.t1	Eupdun_Edun_sb10645053	65.0	S	0.0
Acagra_model.g4018.t1	Tetwil_g10236.t1	65.0	S	0.0
Acagra_model.g4018.t1	Beraby_Baby_sb342166	65.0	S	0.0
Acagra_model.g4018.t1	Mlei_ML2213.g16.i1	65.0	S	0.0
Acagra_model.g4018.t1	Coeast_Cast_sb804167	65.0	S	0.0
Acagra_model.g4018.t1	Morvir_scaffold157.g18.t1	65.0	S	0.0
Acagra_model.g4018.t1	Spolac_c95648_g1_i1_m.11806c95648-g1	65.0	S	0.0
Acagra_model.g4018.t1	Aque_Aqu2.1.37973_001	65.0	S	0.0
Acagra_model.g4018.t1	Spolac_c95648_g1_i2_m.11808c95648-g1	65.0	S	0.0
Acagra_model.g4018.t1	Coeast_Cast_sb804166	65.0	S	0.0
Acagra_model.g4018.t1	Drygla_Dgla_sb293668	65.0	S	0.0
Acagra_model.g4018.t1	Coemet_Cmet_scaffold22591_01	65.0	S	0.0
Acagra_model.g4018.t1	Emue_Em0017g932a.t1	65.0	S	0.0
Acagra_model.g4018.t1	Hvul_g12058_1	65.0	S	0.0
Acagra_model.g4018.t1	Lampan_Lpan_13909_01	65.0	S	0.0
Acagra_model.g4018.t1	Mertsp_Mesp_sb609140	65.0	S	0.0
Acagra_model.g4018.t1	Scil_scict000436.1	65.0	S	0.0
Acagra_model.g4018.t1	Morvir_scaffold1035.g1.t1	65.0	S	0.0
Acagra_model.g4018.t1	Eupdun_Edun_sb10645055	65.0	S	0.0
Acagra_model.g4018.t1	Clacor_Ccor_C538091_01	65.0	S	0.0
Acagra_model.g4018.t1	Xestes_maker-XT_scaffold3006-snap-gene-0.27-mRNA-1	65.0	S	0.0
Acagra_model.g4018.t1	Aaur_scaffold609.g1.t1	65.0	S	0.0
Acagra_model.g4018.t1	Plespi_Pspi_C602138_01	65.0	S	0.0
Acagra_model.g4018.t1	Pbac_sb2643729	65.0	S	0.0
Acagra_model.g4018.t1	Stycar_maker-SC_scaffold90983-snap-gene-0.9-mRNA-1	65.0	S	0.0
Acagra_model.g4018.t1	Chem_TCONS_00050510	65.0	S	0.0
Acagra_model.g4018.t1	Halamb_c6690_g1_i2mm.7363	65.0	S	0.0
Acagra_model.g4018.t1	Eupdun_Edun_sb10645052	65.0	S	0.0
Acagra_model.g4018.t1	Stycar_maker-SC_scaffold64473-snap-gene-0.12-mRNA-1	65.0	S	0.0
Acagra_model.g4018.t1	Sanmal_Sma_008744-T1	65.0	S	0.0
Acagra_model.g4018.t1	Vmul_SimC396500	65.0	S	0.0
Acagra_model.g4018.t1	Sanmal_Sma_022765-T1	65.0	S	0.0
Acagra_model.g4018.t1	Leuniv_Lniv_scaffold5766_01	65.0	S	0.0
Acagra_model.g4018.t1	Horcal_Hcv1.av93.c3.g988.i1	65.0	S	0.0
Acagra_model.g4018.t1	Eupdun_Edun_sb10645054	65.0	S	0.0
Acagra_model.g4018.t1	Gracom_Gcom_scaffold16437_01	65.0	S	0.0
Acagra_model.g4018.t1	Morvir_scaffold157.g19.t1	65.0	S	0.0
Acagra_model.g4018.t1	Ocar_g9865	65.0	S	0.0
Acagra_model.g4018.t1	Opea_EP00118_Oscarella_pearsei_P029005	65.0	S	0.0
Acagra_model.g4018.t1	Nemnom_g2814.t1	65.0	S	0.0
Acagra_model.g4018.t1	Lcom_lcpid114428	65.0	S	0.0
Amil_Amillepora10126-RA	Beraby_Baby_sb342165	65.0	S	0.0
Amil_Amillepora10126-RA	Eupdun_Edun_sb10645053	65.0	S	0.0
Amil_Amillepora10126-RA	Tetwil_g10236.t1	65.0	S	0.0
Amil_Amillepora10126-RA	Beraby_Baby_sb342166	65.0	S	0.0
Amil_Amillepora10126-RA	Mlei_ML2213.g16.i1	65.0	S	0.0
Amil_Amillepora10126-RA	Coeast_Cast_sb804167	65.0	S	0.0
Amil_Amillepora10126-RA	Morvir_scaffold157.g18.t1	65.0	S	0.0
Amil_Amillepora10126-RA	Spolac_c95648_g1_i1_m.11806c95648-g1	65.0	S	0.0
Amil_Amillepora10126-RA	Aque_Aqu2.1.37973_001	65.0	S	0.0
Amil_Amillepora10126-RA	Spolac_c95648_g1_i2_m.11808c95648-g1	65.0	S	0.0
Amil_Amillepora10126-RA	Coeast_Cast_sb804166	65.0	S	0.0
Amil_Amillepora10126-RA	Drygla_Dgla_sb293668	65.0	S	0.0
Amil_Amillepora10126-RA	Coemet_Cmet_scaffold22591_01	65.0	S	0.0
Amil_Amillepora10126-RA	Emue_Em0017g932a.t1	65.0	S	0.0
Amil_Amillepora10126-RA	Hvul_g12058_1	65.0	S	0.0
Amil_Amillepora10126-RA	Lampan_Lpan_13909_01	65.0	S	0.0
Amil_Amillepora10126-RA	Mertsp_Mesp_sb609140	65.0	S	0.0
Amil_Amillepora10126-RA	Scil_scict000436.1	65.0	S	0.0
Amil_Amillepora10126-RA	Morvir_scaffold1035.g1.t1	65.0	S	0.0
Amil_Amillepora10126-RA	Eupdun_Edun_sb10645055	65.0	S	0.0
Amil_Amillepora10126-RA	Clacor_Ccor_C538091_01	65.0	S	0.0
Amil_Amillepora10126-RA	Xestes_maker-XT_scaffold3006-snap-gene-0.27-mRNA-1	65.0	S	0.0
Amil_Amillepora10126-RA	Aaur_scaffold609.g1.t1	65.0	S	0.0
Amil_Amillepora10126-RA	Plespi_Pspi_C602138_01	65.0	S	0.0
Amil_Amillepora10126-RA	Pbac_sb2643729	65.0	S	0.0
Amil_Amillepora10126-RA	Stycar_maker-SC_scaffold90983-snap-gene-0.9-mRNA-1	65.0	S	0.0
Amil_Amillepora10126-RA	Chem_TCONS_00050510	65.0	S	0.0
Amil_Amillepora10126-RA	Halamb_c6690_g1_i2mm.7363	65.0	S	0.0
Amil_Amillepora10126-RA	Eupdun_Edun_sb10645052	65.0	S	0.0
Amil_Amillepora10126-RA	Stycar_maker-SC_scaffold64473-snap-gene-0.12-mRNA-1	65.0	S	0.0
Amil_Amillepora10126-RA	Sanmal_Sma_008744-T1	65.0	S	0.0
Amil_Amillepora10126-RA	Vmul_SimC396500	65.0	S	0.0
Amil_Amillepora10126-RA	Sanmal_Sma_022765-T1	65.0	S	0.0
Amil_Amillepora10126-RA	Leuniv_Lniv_scaffold5766_01	65.0	S	0.0
Amil_Amillepora10126-RA	Horcal_Hcv1.av93.c3.g988.i1	65.0	S	0.0
Amil_Amillepora10126-RA	Eupdun_Edun_sb10645054	65.0	S	0.0
Amil_Amillepora10126-RA	Gracom_Gcom_scaffold16437_01	65.0	S	0.0
Amil_Amillepora10126-RA	Morvir_scaffold157.g19.t1	65.0	S	0.0
Amil_Amillepora10126-RA	Ocar_g9865	65.0	S	0.0
Amil_Amillepora10126-RA	Opea_EP00118_Oscarella_pearsei_P029005	65.0	S	0.0
Amil_Amillepora10126-RA	Nemnom_g2814.t1	65.0	S	0.0
Amil_Amillepora10126-RA	Lcom_lcpid114428	65.0	S	0.0
Dgig_XM_028543784.1	Beraby_Baby_sb342165	65.0	S	0.0
Dgig_XM_028543784.1	Eupdun_Edun_sb10645053	65.0	S	0.0
Dgig_XM_028543784.1	Tetwil_g10236.t1	65.0	S	0.0
Dgig_XM_028543784.1	Beraby_Baby_sb342166	65.0	S	0.0
Dgig_XM_028543784.1	Mlei_ML2213.g16.i1	65.0	S	0.0
Dgig_XM_028543784.1	Coeast_Cast_sb804167	65.0	S	0.0
Dgig_XM_028543784.1	Morvir_scaffold157.g18.t1	65.0	S	0.0
Dgig_XM_028543784.1	Spolac_c95648_g1_i1_m.11806c95648-g1	65.0	S	0.0
Dgig_XM_028543784.1	Aque_Aqu2.1.37973_001	65.0	S	0.0
Dgig_XM_028543784.1	Spolac_c95648_g1_i2_m.11808c95648-g1	65.0	S	0.0
Dgig_XM_028543784.1	Coeast_Cast_sb804166	65.0	S	0.0
Dgig_XM_028543784.1	Drygla_Dgla_sb293668	65.0	S	0.0
Dgig_XM_028543784.1	Coemet_Cmet_scaffold22591_01	65.0	S	0.0
Dgig_XM_028543784.1	Emue_Em0017g932a.t1	65.0	S	0.0
Dgig_XM_028543784.1	Hvul_g12058_1	65.0	S	0.0
Dgig_XM_028543784.1	Lampan_Lpan_13909_01	65.0	S	0.0
Dgig_XM_028543784.1	Mertsp_Mesp_sb609140	65.0	S	0.0
Dgig_XM_028543784.1	Scil_scict000436.1	65.0	S	0.0
Dgig_XM_028543784.1	Morvir_scaffold1035.g1.t1	65.0	S	0.0
Dgig_XM_028543784.1	Eupdun_Edun_sb10645055	65.0	S	0.0
Dgig_XM_028543784.1	Clacor_Ccor_C538091_01	65.0	S	0.0
Dgig_XM_028543784.1	Xestes_maker-XT_scaffold3006-snap-gene-0.27-mRNA-1	65.0	S	0.0
Dgig_XM_028543784.1	Aaur_scaffold609.g1.t1	65.0	S	0.0
Dgig_XM_028543784.1	Plespi_Pspi_C602138_01	65.0	S	0.0
Dgig_XM_028543784.1	Pbac_sb2643729	65.0	S	0.0
Dgig_XM_028543784.1	Stycar_maker-SC_scaffold90983-snap-gene-0.9-mRNA-1	65.0	S	0.0
Dgig_XM_028543784.1	Chem_TCONS_00050510	65.0	S	0.0
Dgig_XM_028543784.1	Halamb_c6690_g1_i2mm.7363	65.0	S	0.0
Dgig_XM_028543784.1	Eupdun_Edun_sb10645052	65.0	S	0.0
Dgig_XM_028543784.1	Stycar_maker-SC_scaffold64473-snap-gene-0.12-mRNA-1	65.0	S	0.0
Dgig_XM_028543784.1	Sanmal_Sma_008744-T1	65.0	S	0.0
Dgig_XM_028543784.1	Vmul_SimC396500	65.0	S	0.0
Dgig_XM_028543784.1	Sanmal_Sma_022765-T1	65.0	S	0.0
Dgig_XM_028543784.1	Leuniv_Lniv_scaffold5766_01	65.0	S	0.0
Dgig_XM_028543784.1	Horcal_Hcv1.av93.c3.g988.i1	65.0	S	0.0
Dgig_XM_028543784.1	Eupdun_Edun_sb10645054	65.0	S	0.0
Dgig_XM_028543784.1	Gracom_Gcom_scaffold16437_01	65.0	S	0.0
Dgig_XM_028543784.1	Morvir_scaffold157.g19.t1	65.0	S	0.0
Dgig_XM_028543784.1	Ocar_g9865	65.0	S	0.0
Dgig_XM_028543784.1	Opea_EP00118_Oscarella_pearsei_P029005	65.0	S	0.0
Dgig_XM_028543784.1	Nemnom_g2814.t1	65.0	S	0.0
Dgig_XM_028543784.1	Lcom_lcpid114428	65.0	S	0.0
Gasp_gasp1.m3.6150.m1	Beraby_Baby_sb342165	65.0	S	0.0
Gasp_gasp1.m3.6150.m1	Eupdun_Edun_sb10645053	65.0	S	0.0
Gasp_gasp1.m3.6150.m1	Tetwil_g10236.t1	65.0	S	0.0
Gasp_gasp1.m3.6150.m1	Beraby_Baby_sb342166	65.0	S	0.0
Gasp_gasp1.m3.6150.m1	Mlei_ML2213.g16.i1	65.0	S	0.0
Gasp_gasp1.m3.6150.m1	Coeast_Cast_sb804167	65.0	S	0.0
Gasp_gasp1.m3.6150.m1	Morvir_scaffold157.g18.t1	65.0	S	0.0
Gasp_gasp1.m3.6150.m1	Spolac_c95648_g1_i1_m.11806c95648-g1	65.0	S	0.0
Gasp_gasp1.m3.6150.m1	Aque_Aqu2.1.37973_001	65.0	S	0.0
Gasp_gasp1.m3.6150.m1	Spolac_c95648_g1_i2_m.11808c95648-g1	65.0	S	0.0
Gasp_gasp1.m3.6150.m1	Coeast_Cast_sb804166	65.0	S	0.0
Gasp_gasp1.m3.6150.m1	Drygla_Dgla_sb293668	65.0	S	0.0
Gasp_gasp1.m3.6150.m1	Coemet_Cmet_scaffold22591_01	65.0	S	0.0
Gasp_gasp1.m3.6150.m1	Emue_Em0017g932a.t1	65.0	S	0.0
Gasp_gasp1.m3.6150.m1	Hvul_g12058_1	65.0	S	0.0
Gasp_gasp1.m3.6150.m1	Lampan_Lpan_13909_01	65.0	S	0.0
Gasp_gasp1.m3.6150.m1	Mertsp_Mesp_sb609140	65.0	S	0.0
Gasp_gasp1.m3.6150.m1	Scil_scict000436.1	65.0	S	0.0
Gasp_gasp1.m3.6150.m1	Morvir_scaffold1035.g1.t1	65.0	S	0.0
Gasp_gasp1.m3.6150.m1	Eupdun_Edun_sb10645055	65.0	S	0.0
Gasp_gasp1.m3.6150.m1	Clacor_Ccor_C538091_01	65.0	S	0.0
Gasp_gasp1.m3.6150.m1	Xestes_maker-XT_scaffold3006-snap-gene-0.27-mRNA-1	65.0	S	0.0
Gasp_gasp1.m3.6150.m1	Aaur_scaffold609.g1.t1	65.0	S	0.0
Gasp_gasp1.m3.6150.m1	Plespi_Pspi_C602138_01	65.0	S	0.0
Gasp_gasp1.m3.6150.m1	Pbac_sb2643729	65.0	S	0.0
Gasp_gasp1.m3.6150.m1	Stycar_maker-SC_scaffold90983-snap-gene-0.9-mRNA-1	65.0	S	0.0
Gasp_gasp1.m3.6150.m1	Chem_TCONS_00050510	65.0	S	0.0
Gasp_gasp1.m3.6150.m1	Halamb_c6690_g1_i2mm.7363	65.0	S	0.0
Gasp_gasp1.m3.6150.m1	Eupdun_Edun_sb10645052	65.0	S	0.0
Gasp_gasp1.m3.6150.m1	Stycar_maker-SC_scaffold64473-snap-gene-0.12-mRNA-1	65.0	S	0.0
Gasp_gasp1.m3.6150.m1	Sanmal_Sma_008744-T1	65.0	S	0.0
Gasp_gasp1.m3.6150.m1	Vmul_SimC396500	65.0	S	0.0
Gasp_gasp1.m3.6150.m1	Sanmal_Sma_022765-T1	65.0	S	0.0
Gasp_gasp1.m3.6150.m1	Leuniv_Lniv_scaffold5766_01	65.0	S	0.0
Gasp_gasp1.m3.6150.m1	Horcal_Hcv1.av93.c3.g988.i1	65.0	S	0.0
Gasp_gasp1.m3.6150.m1	Eupdun_Edun_sb10645054	65.0	S	0.0
Gasp_gasp1.m3.6150.m1	Gracom_Gcom_scaffold16437_01	65.0	S	0.0
Gasp_gasp1.m3.6150.m1	Morvir_scaffold157.g19.t1	65.0	S	0.0
Gasp_gasp1.m3.6150.m1	Ocar_g9865	65.0	S	0.0
Gasp_gasp1.m3.6150.m1	Opea_EP00118_Oscarella_pearsei_P029005	65.0	S	0.0
Gasp_gasp1.m3.6150.m1	Nemnom_g2814.t1	65.0	S	0.0
Gasp_gasp1.m3.6150.m1	Lcom_lcpid114428	65.0	S	0.0
Exapal_XM_021038793.2	Beraby_Baby_sb342165	65.0	S	0.0
Exapal_XM_021038793.2	Eupdun_Edun_sb10645053	65.0	S	0.0
Exapal_XM_021038793.2	Tetwil_g10236.t1	65.0	S	0.0
Exapal_XM_021038793.2	Beraby_Baby_sb342166	65.0	S	0.0
Exapal_XM_021038793.2	Mlei_ML2213.g16.i1	65.0	S	0.0
Exapal_XM_021038793.2	Coeast_Cast_sb804167	65.0	S	0.0
Exapal_XM_021038793.2	Morvir_scaffold157.g18.t1	65.0	S	0.0
Exapal_XM_021038793.2	Spolac_c95648_g1_i1_m.11806c95648-g1	65.0	S	0.0
Exapal_XM_021038793.2	Aque_Aqu2.1.37973_001	65.0	S	0.0
Exapal_XM_021038793.2	Spolac_c95648_g1_i2_m.11808c95648-g1	65.0	S	0.0
Exapal_XM_021038793.2	Coeast_Cast_sb804166	65.0	S	0.0
Exapal_XM_021038793.2	Drygla_Dgla_sb293668	65.0	S	0.0
Exapal_XM_021038793.2	Coemet_Cmet_scaffold22591_01	65.0	S	0.0
Exapal_XM_021038793.2	Emue_Em0017g932a.t1	65.0	S	0.0
Exapal_XM_021038793.2	Hvul_g12058_1	65.0	S	0.0
Exapal_XM_021038793.2	Lampan_Lpan_13909_01	65.0	S	0.0
Exapal_XM_021038793.2	Mertsp_Mesp_sb609140	65.0	S	0.0
Exapal_XM_021038793.2	Scil_scict000436.1	65.0	S	0.0
Exapal_XM_021038793.2	Morvir_scaffold1035.g1.t1	65.0	S	0.0
Exapal_XM_021038793.2	Eupdun_Edun_sb10645055	65.0	S	0.0
Exapal_XM_021038793.2	Clacor_Ccor_C538091_01	65.0	S	0.0
Exapal_XM_021038793.2	Xestes_maker-XT_scaffold3006-snap-gene-0.27-mRNA-1	65.0	S	0.0
Exapal_XM_021038793.2	Aaur_scaffold609.g1.t1	65.0	S	0.0
Exapal_XM_021038793.2	Plespi_Pspi_C602138_01	65.0	S	0.0
Exapal_XM_021038793.2	Pbac_sb2643729	65.0	S	0.0
Exapal_XM_021038793.2	Stycar_maker-SC_scaffold90983-snap-gene-0.9-mRNA-1	65.0	S	0.0
Exapal_XM_021038793.2	Chem_TCONS_00050510	65.0	S	0.0
Exapal_XM_021038793.2	Halamb_c6690_g1_i2mm.7363	65.0	S	0.0
Exapal_XM_021038793.2	Eupdun_Edun_sb10645052	65.0	S	0.0
Exapal_XM_021038793.2	Stycar_maker-SC_scaffold64473-snap-gene-0.12-mRNA-1	65.0	S	0.0
Exapal_XM_021038793.2	Sanmal_Sma_008744-T1	65.0	S	0.0
Exapal_XM_021038793.2	Vmul_SimC396500	65.0	S	0.0
Exapal_XM_021038793.2	Sanmal_Sma_022765-T1	65.0	S	0.0
Exapal_XM_021038793.2	Leuniv_Lniv_scaffold5766_01	65.0	S	0.0
Exapal_XM_021038793.2	Horcal_Hcv1.av93.c3.g988.i1	65.0	S	0.0
Exapal_XM_021038793.2	Eupdun_Edun_sb10645054	65.0	S	0.0
Exapal_XM_021038793.2	Gracom_Gcom_scaffold16437_01	65.0	S	0.0
Exapal_XM_021038793.2	Morvir_scaffold157.g19.t1	65.0	S	0.0
Exapal_XM_021038793.2	Ocar_g9865	65.0	S	0.0
Exapal_XM_021038793.2	Opea_EP00118_Oscarella_pearsei_P029005	65.0	S	0.0
Exapal_XM_021038793.2	Nemnom_g2814.t1	65.0	S	0.0
Exapal_XM_021038793.2	Lcom_lcpid114428	65.0	S	0.0
Bralan_BLAG15000821_1	Beraby_Baby_sb342165	65.0	S	0.0
Bralan_BLAG15000821_1	Eupdun_Edun_sb10645053	65.0	S	0.0
Bralan_BLAG15000821_1	Tetwil_g10236.t1	65.0	S	0.0
Bralan_BLAG15000821_1	Beraby_Baby_sb342166	65.0	S	0.0
Bralan_BLAG15000821_1	Mlei_ML2213.g16.i1	65.0	S	0.0
Bralan_BLAG15000821_1	Coeast_Cast_sb804167	65.0	S	0.0
Bralan_BLAG15000821_1	Morvir_scaffold157.g18.t1	65.0	S	0.0
Bralan_BLAG15000821_1	Spolac_c95648_g1_i1_m.11806c95648-g1	65.0	S	0.0
Bralan_BLAG15000821_1	Aque_Aqu2.1.37973_001	65.0	S	0.0
Bralan_BLAG15000821_1	Spolac_c95648_g1_i2_m.11808c95648-g1	65.0	S	0.0
Bralan_BLAG15000821_1	Coeast_Cast_sb804166	65.0	S	0.0
Bralan_BLAG15000821_1	Drygla_Dgla_sb293668	65.0	S	0.0
Bralan_BLAG15000821_1	Coemet_Cmet_scaffold22591_01	65.0	S	0.0
Bralan_BLAG15000821_1	Emue_Em0017g932a.t1	65.0	S	0.0
Bralan_BLAG15000821_1	Hvul_g12058_1	65.0	S	0.0
Bralan_BLAG15000821_1	Lampan_Lpan_13909_01	65.0	S	0.0
Bralan_BLAG15000821_1	Mertsp_Mesp_sb609140	65.0	S	0.0
Bralan_BLAG15000821_1	Scil_scict000436.1	65.0	S	0.0
Bralan_BLAG15000821_1	Morvir_scaffold1035.g1.t1	65.0	S	0.0
Bralan_BLAG15000821_1	Eupdun_Edun_sb10645055	65.0	S	0.0
Bralan_BLAG15000821_1	Clacor_Ccor_C538091_01	65.0	S	0.0
Bralan_BLAG15000821_1	Xestes_maker-XT_scaffold3006-snap-gene-0.27-mRNA-1	65.0	S	0.0
Bralan_BLAG15000821_1	Aaur_scaffold609.g1.t1	65.0	S	0.0
Bralan_BLAG15000821_1	Plespi_Pspi_C602138_01	65.0	S	0.0
Bralan_BLAG15000821_1	Pbac_sb2643729	65.0	S	0.0
Bralan_BLAG15000821_1	Stycar_maker-SC_scaffold90983-snap-gene-0.9-mRNA-1	65.0	S	0.0
Bralan_BLAG15000821_1	Chem_TCONS_00050510	65.0	S	0.0
Bralan_BLAG15000821_1	Halamb_c6690_g1_i2mm.7363	65.0	S	0.0
Bralan_BLAG15000821_1	Eupdun_Edun_sb10645052	65.0	S	0.0
Bralan_BLAG15000821_1	Stycar_maker-SC_scaffold64473-snap-gene-0.12-mRNA-1	65.0	S	0.0
Bralan_BLAG15000821_1	Sanmal_Sma_008744-T1	65.0	S	0.0
Bralan_BLAG15000821_1	Vmul_SimC396500	65.0	S	0.0
Bralan_BLAG15000821_1	Sanmal_Sma_022765-T1	65.0	S	0.0
Bralan_BLAG15000821_1	Leuniv_Lniv_scaffold5766_01	65.0	S	0.0
Bralan_BLAG15000821_1	Horcal_Hcv1.av93.c3.g988.i1	65.0	S	0.0
Bralan_BLAG15000821_1	Eupdun_Edun_sb10645054	65.0	S	0.0
Bralan_BLAG15000821_1	Gracom_Gcom_scaffold16437_01	65.0	S	0.0
Bralan_BLAG15000821_1	Morvir_scaffold157.g19.t1	65.0	S	0.0
Bralan_BLAG15000821_1	Ocar_g9865	65.0	S	0.0
Bralan_BLAG15000821_1	Opea_EP00118_Oscarella_pearsei_P029005	65.0	S	0.0
Bralan_BLAG15000821_1	Nemnom_g2814.t1	65.0	S	0.0
Bralan_BLAG15000821_1	Lcom_lcpid114428	65.0	S	0.0
Pocdam_XM_027181812.1	Beraby_Baby_sb342165	65.0	S	0.0
Pocdam_XM_027181812.1	Eupdun_Edun_sb10645053	65.0	S	0.0
Pocdam_XM_027181812.1	Tetwil_g10236.t1	65.0	S	0.0
Pocdam_XM_027181812.1	Beraby_Baby_sb342166	65.0	S	0.0
Pocdam_XM_027181812.1	Mlei_ML2213.g16.i1	65.0	S	0.0
Pocdam_XM_027181812.1	Coeast_Cast_sb804167	65.0	S	0.0
Pocdam_XM_027181812.1	Morvir_scaffold157.g18.t1	65.0	S	0.0
Pocdam_XM_027181812.1	Spolac_c95648_g1_i1_m.11806c95648-g1	65.0	S	0.0
Pocdam_XM_027181812.1	Aque_Aqu2.1.37973_001	65.0	S	0.0
Pocdam_XM_027181812.1	Spolac_c95648_g1_i2_m.11808c95648-g1	65.0	S	0.0
Pocdam_XM_027181812.1	Coeast_Cast_sb804166	65.0	S	0.0
Pocdam_XM_027181812.1	Drygla_Dgla_sb293668	65.0	S	0.0
Pocdam_XM_027181812.1	Coemet_Cmet_scaffold22591_01	65.0	S	0.0
Pocdam_XM_027181812.1	Emue_Em0017g932a.t1	65.0	S	0.0
Pocdam_XM_027181812.1	Hvul_g12058_1	65.0	S	0.0
Pocdam_XM_027181812.1	Lampan_Lpan_13909_01	65.0	S	0.0
Pocdam_XM_027181812.1	Mertsp_Mesp_sb609140	65.0	S	0.0
Pocdam_XM_027181812.1	Scil_scict000436.1	65.0	S	0.0
Pocdam_XM_027181812.1	Morvir_scaffold1035.g1.t1	65.0	S	0.0
Pocdam_XM_027181812.1	Eupdun_Edun_sb10645055	65.0	S	0.0
Pocdam_XM_027181812.1	Clacor_Ccor_C538091_01	65.0	S	0.0
Pocdam_XM_027181812.1	Xestes_maker-XT_scaffold3006-snap-gene-0.27-mRNA-1	65.0	S	0.0
Pocdam_XM_027181812.1	Aaur_scaffold609.g1.t1	65.0	S	0.0
Pocdam_XM_027181812.1	Plespi_Pspi_C602138_01	65.0	S	0.0
Pocdam_XM_027181812.1	Pbac_sb2643729	65.0	S	0.0
Pocdam_XM_027181812.1	Stycar_maker-SC_scaffold90983-snap-gene-0.9-mRNA-1	65.0	S	0.0
Pocdam_XM_027181812.1	Chem_TCONS_00050510	65.0	S	0.0
Pocdam_XM_027181812.1	Halamb_c6690_g1_i2mm.7363	65.0	S	0.0
Pocdam_XM_027181812.1	Eupdun_Edun_sb10645052	65.0	S	0.0
Pocdam_XM_027181812.1	Stycar_maker-SC_scaffold64473-snap-gene-0.12-mRNA-1	65.0	S	0.0
Pocdam_XM_027181812.1	Sanmal_Sma_008744-T1	65.0	S	0.0
Pocdam_XM_027181812.1	Vmul_SimC396500	65.0	S	0.0
Pocdam_XM_027181812.1	Sanmal_Sma_022765-T1	65.0	S	0.0
Pocdam_XM_027181812.1	Leuniv_Lniv_scaffold5766_01	65.0	S	0.0
Pocdam_XM_027181812.1	Horcal_Hcv1.av93.c3.g988.i1	65.0	S	0.0
Pocdam_XM_027181812.1	Eupdun_Edun_sb10645054	65.0	S	0.0
Pocdam_XM_027181812.1	Gracom_Gcom_scaffold16437_01	65.0	S	0.0
Pocdam_XM_027181812.1	Morvir_scaffold157.g19.t1	65.0	S	0.0
Pocdam_XM_027181812.1	Ocar_g9865	65.0	S	0.0
Pocdam_XM_027181812.1	Opea_EP00118_Oscarella_pearsei_P029005	65.0	S	0.0
Pocdam_XM_027181812.1	Nemnom_g2814.t1	65.0	S	0.0
Pocdam_XM_027181812.1	Lcom_lcpid114428	65.0	S	0.0
Nvec_v1g225045	Beraby_Baby_sb342165	65.0	S	0.0
Nvec_v1g225045	Eupdun_Edun_sb10645053	65.0	S	0.0
Nvec_v1g225045	Tetwil_g10236.t1	65.0	S	0.0
Nvec_v1g225045	Beraby_Baby_sb342166	65.0	S	0.0
Nvec_v1g225045	Mlei_ML2213.g16.i1	65.0	S	0.0
Nvec_v1g225045	Coeast_Cast_sb804167	65.0	S	0.0
Nvec_v1g225045	Morvir_scaffold157.g18.t1	65.0	S	0.0
Nvec_v1g225045	Spolac_c95648_g1_i1_m.11806c95648-g1	65.0	S	0.0
Nvec_v1g225045	Aque_Aqu2.1.37973_001	65.0	S	0.0
Nvec_v1g225045	Spolac_c95648_g1_i2_m.11808c95648-g1	65.0	S	0.0
Nvec_v1g225045	Coeast_Cast_sb804166	65.0	S	0.0
Nvec_v1g225045	Drygla_Dgla_sb293668	65.0	S	0.0
Nvec_v1g225045	Coemet_Cmet_scaffold22591_01	65.0	S	0.0
Nvec_v1g225045	Emue_Em0017g932a.t1	65.0	S	0.0
Nvec_v1g225045	Hvul_g12058_1	65.0	S	0.0
Nvec_v1g225045	Lampan_Lpan_13909_01	65.0	S	0.0
Nvec_v1g225045	Mertsp_Mesp_sb609140	65.0	S	0.0
Nvec_v1g225045	Scil_scict000436.1	65.0	S	0.0
Nvec_v1g225045	Morvir_scaffold1035.g1.t1	65.0	S	0.0
Nvec_v1g225045	Eupdun_Edun_sb10645055	65.0	S	0.0
Nvec_v1g225045	Clacor_Ccor_C538091_01	65.0	S	0.0
Nvec_v1g225045	Xestes_maker-XT_scaffold3006-snap-gene-0.27-mRNA-1	65.0	S	0.0
Nvec_v1g225045	Aaur_scaffold609.g1.t1	65.0	S	0.0
Nvec_v1g225045	Plespi_Pspi_C602138_01	65.0	S	0.0
Nvec_v1g225045	Pbac_sb2643729	65.0	S	0.0
Nvec_v1g225045	Stycar_maker-SC_scaffold90983-snap-gene-0.9-mRNA-1	65.0	S	0.0
Nvec_v1g225045	Chem_TCONS_00050510	65.0	S	0.0
Nvec_v1g225045	Halamb_c6690_g1_i2mm.7363	65.0	S	0.0
Nvec_v1g225045	Eupdun_Edun_sb10645052	65.0	S	0.0
Nvec_v1g225045	Stycar_maker-SC_scaffold64473-snap-gene-0.12-mRNA-1	65.0	S	0.0
Nvec_v1g225045	Sanmal_Sma_008744-T1	65.0	S	0.0
Nvec_v1g225045	Vmul_SimC396500	65.0	S	0.0
Nvec_v1g225045	Sanmal_Sma_022765-T1	65.0	S	0.0
Nvec_v1g225045	Leuniv_Lniv_scaffold5766_01	65.0	S	0.0
Nvec_v1g225045	Horcal_Hcv1.av93.c3.g988.i1	65.0	S	0.0
Nvec_v1g225045	Eupdun_Edun_sb10645054	65.0	S	0.0
Nvec_v1g225045	Gracom_Gcom_scaffold16437_01	65.0	S	0.0
Nvec_v1g225045	Morvir_scaffold157.g19.t1	65.0	S	0.0
Nvec_v1g225045	Ocar_g9865	65.0	S	0.0
Nvec_v1g225045	Opea_EP00118_Oscarella_pearsei_P029005	65.0	S	0.0
Nvec_v1g225045	Nemnom_g2814.t1	65.0	S	0.0
Nvec_v1g225045	Lcom_lcpid114428	65.0	S	0.0
Adig_XM_015919965.1	Beraby_Baby_sb342165	65.0	S	0.0
Adig_XM_015919965.1	Eupdun_Edun_sb10645053	65.0	S	0.0
Adig_XM_015919965.1	Tetwil_g10236.t1	65.0	S	0.0
Adig_XM_015919965.1	Beraby_Baby_sb342166	65.0	S	0.0
Adig_XM_015919965.1	Mlei_ML2213.g16.i1	65.0	S	0.0
Adig_XM_015919965.1	Coeast_Cast_sb804167	65.0	S	0.0
Adig_XM_015919965.1	Morvir_scaffold157.g18.t1	65.0	S	0.0
Adig_XM_015919965.1	Spolac_c95648_g1_i1_m.11806c95648-g1	65.0	S	0.0
Adig_XM_015919965.1	Aque_Aqu2.1.37973_001	65.0	S	0.0
Adig_XM_015919965.1	Spolac_c95648_g1_i2_m.11808c95648-g1	65.0	S	0.0
Adig_XM_015919965.1	Coeast_Cast_sb804166	65.0	S	0.0
Adig_XM_015919965.1	Drygla_Dgla_sb293668	65.0	S	0.0
Adig_XM_015919965.1	Coemet_Cmet_scaffold22591_01	65.0	S	0.0
Adig_XM_015919965.1	Emue_Em0017g932a.t1	65.0	S	0.0
Adig_XM_015919965.1	Hvul_g12058_1	65.0	S	0.0
Adig_XM_015919965.1	Lampan_Lpan_13909_01	65.0	S	0.0
Adig_XM_015919965.1	Mertsp_Mesp_sb609140	65.0	S	0.0
Adig_XM_015919965.1	Scil_scict000436.1	65.0	S	0.0
Adig_XM_015919965.1	Morvir_scaffold1035.g1.t1	65.0	S	0.0
Adig_XM_015919965.1	Eupdun_Edun_sb10645055	65.0	S	0.0
Adig_XM_015919965.1	Clacor_Ccor_C538091_01	65.0	S	0.0
Adig_XM_015919965.1	Xestes_maker-XT_scaffold3006-snap-gene-0.27-mRNA-1	65.0	S	0.0
Adig_XM_015919965.1	Aaur_scaffold609.g1.t1	65.0	S	0.0
Adig_XM_015919965.1	Plespi_Pspi_C602138_01	65.0	S	0.0
Adig_XM_015919965.1	Pbac_sb2643729	65.0	S	0.0
Adig_XM_015919965.1	Stycar_maker-SC_scaffold90983-snap-gene-0.9-mRNA-1	65.0	S	0.0
Adig_XM_015919965.1	Chem_TCONS_00050510	65.0	S	0.0
Adig_XM_015919965.1	Halamb_c6690_g1_i2mm.7363	65.0	S	0.0
Adig_XM_015919965.1	Eupdun_Edun_sb10645052	65.0	S	0.0
Adig_XM_015919965.1	Stycar_maker-SC_scaffold64473-snap-gene-0.12-mRNA-1	65.0	S	0.0
Adig_XM_015919965.1	Sanmal_Sma_008744-T1	65.0	S	0.0
Adig_XM_015919965.1	Vmul_SimC396500	65.0	S	0.0
Adig_XM_015919965.1	Sanmal_Sma_022765-T1	65.0	S	0.0
Adig_XM_015919965.1	Leuniv_Lniv_scaffold5766_01	65.0	S	0.0
Adig_XM_015919965.1	Horcal_Hcv1.av93.c3.g988.i1	65.0	S	0.0
Adig_XM_015919965.1	Eupdun_Edun_sb10645054	65.0	S	0.0
Adig_XM_015919965.1	Gracom_Gcom_scaffold16437_01	65.0	S	0.0
Adig_XM_015919965.1	Morvir_scaffold157.g19.t1	65.0	S	0.0
Adig_XM_015919965.1	Ocar_g9865	65.0	S	0.0
Adig_XM_015919965.1	Opea_EP00118_Oscarella_pearsei_P029005	65.0	S	0.0
Adig_XM_015919965.1	Nemnom_g2814.t1	65.0	S	0.0
Adig_XM_015919965.1	Lcom_lcpid114428	65.0	S	0.0
Skow_XM_002741382.2	Beraby_Baby_sb342165	65.0	S	0.0
Skow_XM_002741382.2	Eupdun_Edun_sb10645053	65.0	S	0.0
Skow_XM_002741382.2	Tetwil_g10236.t1	65.0	S	0.0
Skow_XM_002741382.2	Beraby_Baby_sb342166	65.0	S	0.0
Skow_XM_002741382.2	Mlei_ML2213.g16.i1	65.0	S	0.0
Skow_XM_002741382.2	Coeast_Cast_sb804167	65.0	S	0.0
Skow_XM_002741382.2	Morvir_scaffold157.g18.t1	65.0	S	0.0
Skow_XM_002741382.2	Spolac_c95648_g1_i1_m.11806c95648-g1	65.0	S	0.0
Skow_XM_002741382.2	Aque_Aqu2.1.37973_001	65.0	S	0.0
Skow_XM_002741382.2	Spolac_c95648_g1_i2_m.11808c95648-g1	65.0	S	0.0
Skow_XM_002741382.2	Coeast_Cast_sb804166	65.0	S	0.0
Skow_XM_002741382.2	Drygla_Dgla_sb293668	65.0	S	0.0
Skow_XM_002741382.2	Coemet_Cmet_scaffold22591_01	65.0	S	0.0
Skow_XM_002741382.2	Emue_Em0017g932a.t1	65.0	S	0.0
Skow_XM_002741382.2	Hvul_g12058_1	65.0	S	0.0
Skow_XM_002741382.2	Lampan_Lpan_13909_01	65.0	S	0.0
Skow_XM_002741382.2	Mertsp_Mesp_sb609140	65.0	S	0.0
Skow_XM_002741382.2	Scil_scict000436.1	65.0	S	0.0
Skow_XM_002741382.2	Morvir_scaffold1035.g1.t1	65.0	S	0.0
Skow_XM_002741382.2	Eupdun_Edun_sb10645055	65.0	S	0.0
Skow_XM_002741382.2	Clacor_Ccor_C538091_01	65.0	S	0.0
Skow_XM_002741382.2	Xestes_maker-XT_scaffold3006-snap-gene-0.27-mRNA-1	65.0	S	0.0
Skow_XM_002741382.2	Aaur_scaffold609.g1.t1	65.0	S	0.0
Skow_XM_002741382.2	Plespi_Pspi_C602138_01	65.0	S	0.0
Skow_XM_002741382.2	Pbac_sb2643729	65.0	S	0.0
Skow_XM_002741382.2	Stycar_maker-SC_scaffold90983-snap-gene-0.9-mRNA-1	65.0	S	0.0
Skow_XM_002741382.2	Chem_TCONS_00050510	65.0	S	0.0
Skow_XM_002741382.2	Halamb_c6690_g1_i2mm.7363	65.0	S	0.0
Skow_XM_002741382.2	Eupdun_Edun_sb10645052	65.0	S	0.0
Skow_XM_002741382.2	Stycar_maker-SC_scaffold64473-snap-gene-0.12-mRNA-1	65.0	S	0.0
Skow_XM_002741382.2	Sanmal_Sma_008744-T1	65.0	S	0.0
Skow_XM_002741382.2	Vmul_SimC396500	65.0	S	0.0
Skow_XM_002741382.2	Sanmal_Sma_022765-T1	65.0	S	0.0
Skow_XM_002741382.2	Leuniv_Lniv_scaffold5766_01	65.0	S	0.0
Skow_XM_002741382.2	Horcal_Hcv1.av93.c3.g988.i1	65.0	S	0.0
Skow_XM_002741382.2	Eupdun_Edun_sb10645054	65.0	S	0.0
Skow_XM_002741382.2	Gracom_Gcom_scaffold16437_01	65.0	S	0.0
Skow_XM_002741382.2	Morvir_scaffold157.g19.t1	65.0	S	0.0
Skow_XM_002741382.2	Ocar_g9865	65.0	S	0.0
Skow_XM_002741382.2	Opea_EP00118_Oscarella_pearsei_P029005	65.0	S	0.0
Skow_XM_002741382.2	Nemnom_g2814.t1	65.0	S	0.0
Skow_XM_002741382.2	Lcom_lcpid114428	65.0	S	0.0
Gfas_gfas1.m1.1088.m1	Beraby_Baby_sb342165	65.0	S	0.0
Gfas_gfas1.m1.1088.m1	Eupdun_Edun_sb10645053	65.0	S	0.0
Gfas_gfas1.m1.1088.m1	Tetwil_g10236.t1	65.0	S	0.0
Gfas_gfas1.m1.1088.m1	Beraby_Baby_sb342166	65.0	S	0.0
Gfas_gfas1.m1.1088.m1	Mlei_ML2213.g16.i1	65.0	S	0.0
Gfas_gfas1.m1.1088.m1	Coeast_Cast_sb804167	65.0	S	0.0
Gfas_gfas1.m1.1088.m1	Morvir_scaffold157.g18.t1	65.0	S	0.0
Gfas_gfas1.m1.1088.m1	Spolac_c95648_g1_i1_m.11806c95648-g1	65.0	S	0.0
Gfas_gfas1.m1.1088.m1	Aque_Aqu2.1.37973_001	65.0	S	0.0
Gfas_gfas1.m1.1088.m1	Spolac_c95648_g1_i2_m.11808c95648-g1	65.0	S	0.0
Gfas_gfas1.m1.1088.m1	Coeast_Cast_sb804166	65.0	S	0.0
Gfas_gfas1.m1.1088.m1	Drygla_Dgla_sb293668	65.0	S	0.0
Gfas_gfas1.m1.1088.m1	Coemet_Cmet_scaffold22591_01	65.0	S	0.0
Gfas_gfas1.m1.1088.m1	Emue_Em0017g932a.t1	65.0	S	0.0
Gfas_gfas1.m1.1088.m1	Hvul_g12058_1	65.0	S	0.0
Gfas_gfas1.m1.1088.m1	Lampan_Lpan_13909_01	65.0	S	0.0
Gfas_gfas1.m1.1088.m1	Mertsp_Mesp_sb609140	65.0	S	0.0
Gfas_gfas1.m1.1088.m1	Scil_scict000436.1	65.0	S	0.0
Gfas_gfas1.m1.1088.m1	Morvir_scaffold1035.g1.t1	65.0	S	0.0
Gfas_gfas1.m1.1088.m1	Eupdun_Edun_sb10645055	65.0	S	0.0
Gfas_gfas1.m1.1088.m1	Clacor_Ccor_C538091_01	65.0	S	0.0
Gfas_gfas1.m1.1088.m1	Xestes_maker-XT_scaffold3006-snap-gene-0.27-mRNA-1	65.0	S	0.0
Gfas_gfas1.m1.1088.m1	Aaur_scaffold609.g1.t1	65.0	S	0.0
Gfas_gfas1.m1.1088.m1	Plespi_Pspi_C602138_01	65.0	S	0.0
Gfas_gfas1.m1.1088.m1	Pbac_sb2643729	65.0	S	0.0
Gfas_gfas1.m1.1088.m1	Stycar_maker-SC_scaffold90983-snap-gene-0.9-mRNA-1	65.0	S	0.0
Gfas_gfas1.m1.1088.m1	Chem_TCONS_00050510	65.0	S	0.0
Gfas_gfas1.m1.1088.m1	Halamb_c6690_g1_i2mm.7363	65.0	S	0.0
Gfas_gfas1.m1.1088.m1	Eupdun_Edun_sb10645052	65.0	S	0.0
Gfas_gfas1.m1.1088.m1	Stycar_maker-SC_scaffold64473-snap-gene-0.12-mRNA-1	65.0	S	0.0
Gfas_gfas1.m1.1088.m1	Sanmal_Sma_008744-T1	65.0	S	0.0
Gfas_gfas1.m1.1088.m1	Vmul_SimC396500	65.0	S	0.0
Gfas_gfas1.m1.1088.m1	Sanmal_Sma_022765-T1	65.0	S	0.0
Gfas_gfas1.m1.1088.m1	Leuniv_Lniv_scaffold5766_01	65.0	S	0.0
Gfas_gfas1.m1.1088.m1	Horcal_Hcv1.av93.c3.g988.i1	65.0	S	0.0
Gfas_gfas1.m1.1088.m1	Eupdun_Edun_sb10645054	65.0	S	0.0
Gfas_gfas1.m1.1088.m1	Gracom_Gcom_scaffold16437_01	65.0	S	0.0
Gfas_gfas1.m1.1088.m1	Morvir_scaffold157.g19.t1	65.0	S	0.0
Gfas_gfas1.m1.1088.m1	Ocar_g9865	65.0	S	0.0
Gfas_gfas1.m1.1088.m1	Opea_EP00118_Oscarella_pearsei_P029005	65.0	S	0.0
Gfas_gfas1.m1.1088.m1	Nemnom_g2814.t1	65.0	S	0.0
Gfas_gfas1.m1.1088.m1	Lcom_lcpid114428	65.0	S	0.0
Spis_XP_022798685_1	Beraby_Baby_sb342165	65.0	S	0.0
Spis_XP_022798685_1	Eupdun_Edun_sb10645053	65.0	S	0.0
Spis_XP_022798685_1	Tetwil_g10236.t1	65.0	S	0.0
Spis_XP_022798685_1	Beraby_Baby_sb342166	65.0	S	0.0
Spis_XP_022798685_1	Mlei_ML2213.g16.i1	65.0	S	0.0
Spis_XP_022798685_1	Coeast_Cast_sb804167	65.0	S	0.0
Spis_XP_022798685_1	Morvir_scaffold157.g18.t1	65.0	S	0.0
Spis_XP_022798685_1	Spolac_c95648_g1_i1_m.11806c95648-g1	65.0	S	0.0
Spis_XP_022798685_1	Aque_Aqu2.1.37973_001	65.0	S	0.0
Spis_XP_022798685_1	Spolac_c95648_g1_i2_m.11808c95648-g1	65.0	S	0.0
Spis_XP_022798685_1	Coeast_Cast_sb804166	65.0	S	0.0
Spis_XP_022798685_1	Drygla_Dgla_sb293668	65.0	S	0.0
Spis_XP_022798685_1	Coemet_Cmet_scaffold22591_01	65.0	S	0.0
Spis_XP_022798685_1	Emue_Em0017g932a.t1	65.0	S	0.0
Spis_XP_022798685_1	Hvul_g12058_1	65.0	S	0.0
Spis_XP_022798685_1	Lampan_Lpan_13909_01	65.0	S	0.0
Spis_XP_022798685_1	Mertsp_Mesp_sb609140	65.0	S	0.0
Spis_XP_022798685_1	Scil_scict000436.1	65.0	S	0.0
Spis_XP_022798685_1	Morvir_scaffold1035.g1.t1	65.0	S	0.0
Spis_XP_022798685_1	Eupdun_Edun_sb10645055	65.0	S	0.0
Spis_XP_022798685_1	Clacor_Ccor_C538091_01	65.0	S	0.0
Spis_XP_022798685_1	Xestes_maker-XT_scaffold3006-snap-gene-0.27-mRNA-1	65.0	S	0.0
Spis_XP_022798685_1	Aaur_scaffold609.g1.t1	65.0	S	0.0
Spis_XP_022798685_1	Plespi_Pspi_C602138_01	65.0	S	0.0
Spis_XP_022798685_1	Pbac_sb2643729	65.0	S	0.0
Spis_XP_022798685_1	Stycar_maker-SC_scaffold90983-snap-gene-0.9-mRNA-1	65.0	S	0.0
Spis_XP_022798685_1	Chem_TCONS_00050510	65.0	S	0.0
Spis_XP_022798685_1	Halamb_c6690_g1_i2mm.7363	65.0	S	0.0
Spis_XP_022798685_1	Eupdun_Edun_sb10645052	65.0	S	0.0
Spis_XP_022798685_1	Stycar_maker-SC_scaffold64473-snap-gene-0.12-mRNA-1	65.0	S	0.0
Spis_XP_022798685_1	Sanmal_Sma_008744-T1	65.0	S	0.0
Spis_XP_022798685_1	Vmul_SimC396500	65.0	S	0.0
Spis_XP_022798685_1	Sanmal_Sma_022765-T1	65.0	S	0.0
Spis_XP_022798685_1	Leuniv_Lniv_scaffold5766_01	65.0	S	0.0
Spis_XP_022798685_1	Horcal_Hcv1.av93.c3.g988.i1	65.0	S	0.0
Spis_XP_022798685_1	Eupdun_Edun_sb10645054	65.0	S	0.0
Spis_XP_022798685_1	Gracom_Gcom_scaffold16437_01	65.0	S	0.0
Spis_XP_022798685_1	Morvir_scaffold157.g19.t1	65.0	S	0.0
Spis_XP_022798685_1	Ocar_g9865	65.0	S	0.0
Spis_XP_022798685_1	Opea_EP00118_Oscarella_pearsei_P029005	65.0	S	0.0
Spis_XP_022798685_1	Nemnom_g2814.t1	65.0	S	0.0
Spis_XP_022798685_1	Lcom_lcpid114428	65.0	S	0.0
Hsap_ENST00000199814	Beraby_Baby_sb342165	65.0	S	0.0
Hsap_ENST00000199814	Eupdun_Edun_sb10645053	65.0	S	0.0
Hsap_ENST00000199814	Tetwil_g10236.t1	65.0	S	0.0
Hsap_ENST00000199814	Beraby_Baby_sb342166	65.0	S	0.0
Hsap_ENST00000199814	Mlei_ML2213.g16.i1	65.0	S	0.0
Hsap_ENST00000199814	Coeast_Cast_sb804167	65.0	S	0.0
Hsap_ENST00000199814	Morvir_scaffold157.g18.t1	65.0	S	0.0
Hsap_ENST00000199814	Spolac_c95648_g1_i1_m.11806c95648-g1	65.0	S	0.0
Hsap_ENST00000199814	Aque_Aqu2.1.37973_001	65.0	S	0.0
Hsap_ENST00000199814	Spolac_c95648_g1_i2_m.11808c95648-g1	65.0	S	0.0
Hsap_ENST00000199814	Coeast_Cast_sb804166	65.0	S	0.0
Hsap_ENST00000199814	Drygla_Dgla_sb293668	65.0	S	0.0
Hsap_ENST00000199814	Coemet_Cmet_scaffold22591_01	65.0	S	0.0
Hsap_ENST00000199814	Emue_Em0017g932a.t1	65.0	S	0.0
Hsap_ENST00000199814	Hvul_g12058_1	65.0	S	0.0
Hsap_ENST00000199814	Lampan_Lpan_13909_01	65.0	S	0.0
Hsap_ENST00000199814	Mertsp_Mesp_sb609140	65.0	S	0.0
Hsap_ENST00000199814	Scil_scict000436.1	65.0	S	0.0
Hsap_ENST00000199814	Morvir_scaffold1035.g1.t1	65.0	S	0.0
Hsap_ENST00000199814	Eupdun_Edun_sb10645055	65.0	S	0.0
Hsap_ENST00000199814	Clacor_Ccor_C538091_01	65.0	S	0.0
Hsap_ENST00000199814	Xestes_maker-XT_scaffold3006-snap-gene-0.27-mRNA-1	65.0	S	0.0
Hsap_ENST00000199814	Aaur_scaffold609.g1.t1	65.0	S	0.0
Hsap_ENST00000199814	Plespi_Pspi_C602138_01	65.0	S	0.0
Hsap_ENST00000199814	Pbac_sb2643729	65.0	S	0.0
Hsap_ENST00000199814	Stycar_maker-SC_scaffold90983-snap-gene-0.9-mRNA-1	65.0	S	0.0
Hsap_ENST00000199814	Chem_TCONS_00050510	65.0	S	0.0
Hsap_ENST00000199814	Halamb_c6690_g1_i2mm.7363	65.0	S	0.0
Hsap_ENST00000199814	Eupdun_Edun_sb10645052	65.0	S	0.0
Hsap_ENST00000199814	Stycar_maker-SC_scaffold64473-snap-gene-0.12-mRNA-1	65.0	S	0.0
Hsap_ENST00000199814	Sanmal_Sma_008744-T1	65.0	S	0.0
Hsap_ENST00000199814	Vmul_SimC396500	65.0	S	0.0
Hsap_ENST00000199814	Sanmal_Sma_022765-T1	65.0	S	0.0
Hsap_ENST00000199814	Leuniv_Lniv_scaffold5766_01	65.0	S	0.0
Hsap_ENST00000199814	Horcal_Hcv1.av93.c3.g988.i1	65.0	S	0.0
Hsap_ENST00000199814	Eupdun_Edun_sb10645054	65.0	S	0.0
Hsap_ENST00000199814	Gracom_Gcom_scaffold16437_01	65.0	S	0.0
Hsap_ENST00000199814	Morvir_scaffold157.g19.t1	65.0	S	0.0
Hsap_ENST00000199814	Ocar_g9865	65.0	S	0.0
Hsap_ENST00000199814	Opea_EP00118_Oscarella_pearsei_P029005	65.0	S	0.0
Hsap_ENST00000199814	Nemnom_g2814.t1	65.0	S	0.0
Hsap_ENST00000199814	Lcom_lcpid114428	65.0	S	0.0
Cgig_XM_011455940.3	Beraby_Baby_sb342165	65.0	S	0.0
Cgig_XM_011455940.3	Eupdun_Edun_sb10645053	65.0	S	0.0
Cgig_XM_011455940.3	Tetwil_g10236.t1	65.0	S	0.0
Cgig_XM_011455940.3	Beraby_Baby_sb342166	65.0	S	0.0
Cgig_XM_011455940.3	Mlei_ML2213.g16.i1	65.0	S	0.0
Cgig_XM_011455940.3	Coeast_Cast_sb804167	65.0	S	0.0
Cgig_XM_011455940.3	Morvir_scaffold157.g18.t1	65.0	S	0.0
Cgig_XM_011455940.3	Spolac_c95648_g1_i1_m.11806c95648-g1	65.0	S	0.0
Cgig_XM_011455940.3	Aque_Aqu2.1.37973_001	65.0	S	0.0
Cgig_XM_011455940.3	Spolac_c95648_g1_i2_m.11808c95648-g1	65.0	S	0.0
Cgig_XM_011455940.3	Coeast_Cast_sb804166	65.0	S	0.0
Cgig_XM_011455940.3	Drygla_Dgla_sb293668	65.0	S	0.0
Cgig_XM_011455940.3	Coemet_Cmet_scaffold22591_01	65.0	S	0.0
Cgig_XM_011455940.3	Emue_Em0017g932a.t1	65.0	S	0.0
Cgig_XM_011455940.3	Hvul_g12058_1	65.0	S	0.0
Cgig_XM_011455940.3	Lampan_Lpan_13909_01	65.0	S	0.0
Cgig_XM_011455940.3	Mertsp_Mesp_sb609140	65.0	S	0.0
Cgig_XM_011455940.3	Scil_scict000436.1	65.0	S	0.0
Cgig_XM_011455940.3	Morvir_scaffold1035.g1.t1	65.0	S	0.0
Cgig_XM_011455940.3	Eupdun_Edun_sb10645055	65.0	S	0.0
Cgig_XM_011455940.3	Clacor_Ccor_C538091_01	65.0	S	0.0
Cgig_XM_011455940.3	Xestes_maker-XT_scaffold3006-snap-gene-0.27-mRNA-1	65.0	S	0.0
Cgig_XM_011455940.3	Aaur_scaffold609.g1.t1	65.0	S	0.0
Cgig_XM_011455940.3	Plespi_Pspi_C602138_01	65.0	S	0.0
Cgig_XM_011455940.3	Pbac_sb2643729	65.0	S	0.0
Cgig_XM_011455940.3	Stycar_maker-SC_scaffold90983-snap-gene-0.9-mRNA-1	65.0	S	0.0
Cgig_XM_011455940.3	Chem_TCONS_00050510	65.0	S	0.0
Cgig_XM_011455940.3	Halamb_c6690_g1_i2mm.7363	65.0	S	0.0
Cgig_XM_011455940.3	Eupdun_Edun_sb10645052	65.0	S	0.0
Cgig_XM_011455940.3	Stycar_maker-SC_scaffold64473-snap-gene-0.12-mRNA-1	65.0	S	0.0
Cgig_XM_011455940.3	Sanmal_Sma_008744-T1	65.0	S	0.0
Cgig_XM_011455940.3	Vmul_SimC396500	65.0	S	0.0
Cgig_XM_011455940.3	Sanmal_Sma_022765-T1	65.0	S	0.0
Cgig_XM_011455940.3	Leuniv_Lniv_scaffold5766_01	65.0	S	0.0
Cgig_XM_011455940.3	Horcal_Hcv1.av93.c3.g988.i1	65.0	S	0.0
Cgig_XM_011455940.3	Eupdun_Edun_sb10645054	65.0	S	0.0
Cgig_XM_011455940.3	Gracom_Gcom_scaffold16437_01	65.0	S	0.0
Cgig_XM_011455940.3	Morvir_scaffold157.g19.t1	65.0	S	0.0
Cgig_XM_011455940.3	Ocar_g9865	65.0	S	0.0
Cgig_XM_011455940.3	Opea_EP00118_Oscarella_pearsei_P029005	65.0	S	0.0
Cgig_XM_011455940.3	Nemnom_g2814.t1	65.0	S	0.0
Cgig_XM_011455940.3	Lcom_lcpid114428	65.0	S	0.0
Diagra_EP00040_Diaphanoeca_grandis_P017949	Helnan_EP00037_Helgoeca_nana_P011942	100.0	S	0.0
Diagra_EP00040_Diaphanoeca_grandis_P017949	Stedip_EP00041_Stephanoeca_diplocostata_P009149	100.0	S	0.0
Diagra_EP00040_Diaphanoeca_grandis_P017949	Acaspe_EP00035_Acanthoeca_spectabilis_P023289	100.0	S	0.0
Codhol_EP00042_Codosiga_hollandica_P028569	Salurc_EP00051_Salpingoeca_urceolata_P027925	50.0	S	0.0
Saldol_EP00054_Salpingoeca_dolichothecata_P024517	Choper_EP00045_Choanoeca_perplexa_P015408	32.0	S	0.0
Saldol_EP00054_Salpingoeca_dolichothecata_P024517	Microa_EP00043_Microstomoeca_roanoka_P011476	32.0	S	0.0
Saldol_EP00054_Salpingoeca_dolichothecata_P024517	Salpun_EP00053_Salpingoeca_punica_P011795	32.0	S	0.0
Saldol_EP00054_Salpingoeca_dolichothecata_P024517	Salmac_EP00052_Salpingoeca_macrocollata_P009868	32.0	S	0.0
Saldol_EP00054_Salpingoeca_dolichothecata_P024517	Mbre_EDQ88082	32.0	S	0.0
Saldol_EP00054_Salpingoeca_dolichothecata_P024517	Salinf_EP00049_Salpingoeca_infusionum_P026733	32.0	S	0.0
Saldol_EP00054_Salpingoeca_dolichothecata_P024517	Sros_EGD76810	32.0	S	0.0
Saldol_EP00054_Salpingoeca_dolichothecata_P024517	Choper_EP00045_Choanoeca_perplexa_P015413	32.0	S	0.0
Saldol_EP00054_Salpingoeca_dolichothecata_P024517	Chofle_EP00730_Choanoeca_flexa_P008169	32.0	S	0.0
Salkve_EP00050_Salpingoeca_kvevrii_P010940	Choper_EP00045_Choanoeca_perplexa_P015408	32.0	S	0.0
Salkve_EP00050_Salpingoeca_kvevrii_P010940	Microa_EP00043_Microstomoeca_roanoka_P011476	32.0	S	0.0
Salkve_EP00050_Salpingoeca_kvevrii_P010940	Salpun_EP00053_Salpingoeca_punica_P011795	32.0	S	0.0
Salkve_EP00050_Salpingoeca_kvevrii_P010940	Salmac_EP00052_Salpingoeca_macrocollata_P009868	32.0	S	0.0
Salkve_EP00050_Salpingoeca_kvevrii_P010940	Mbre_EDQ88082	32.0	S	0.0
Salkve_EP00050_Salpingoeca_kvevrii_P010940	Salinf_EP00049_Salpingoeca_infusionum_P026733	32.0	S	0.0
Salkve_EP00050_Salpingoeca_kvevrii_P010940	Sros_EGD76810	32.0	S	0.0
Salkve_EP00050_Salpingoeca_kvevrii_P010940	Choper_EP00045_Choanoeca_perplexa_P015413	32.0	S	0.0
Salkve_EP00050_Salpingoeca_kvevrii_P010940	Chofle_EP00730_Choanoeca_flexa_P008169	32.0	S	0.0
HoiH11_mRNA3287	Hhon_g04564.t1	99.0	S	0.0
HoiH11_mRNA3287	HoiH04_mRNA2983	99.0	S	0.0
HoiH11_mRNA3287	HoiH23_PlH23_003399-RA	99.0	S	0.0
HoiH11_mRNA3287	HoiH06_mRNA8392	99.0	S	0.0
Spur_XM_030979846.1	Spis_XP_022798685_1	76.0	S	0.0
Spur_XM_030979846.1	Fspp_ffun1.m4.30376.m1	76.0	S	0.0
Spur_XM_030979846.1	Exapal_XM_021038793.2	76.0	S	0.0
Spur_XM_030979846.1	Xesp_022341-T1	76.0	S	0.0
Spur_XM_030979846.1	Pocdam_XM_027181812.1	76.0	S	0.0
Spur_XM_030979846.1	Nvec_v1g225045	76.0	S	0.0
Spur_XM_030979846.1	Adig_XM_015919965.1	76.0	S	0.0
Spur_XM_030979846.1	Amil_Amillepora10126-RA	76.0	S	0.0
Spur_XM_030979846.1	Dgig_XM_028543784.1	76.0	S	0.0
Spur_XM_030979846.1	Gasp_gasp1.m3.6150.m1	76.0	S	0.0
Spur_XM_030979846.1	Gfas_gfas1.m1.1088.m1	76.0	S	0.0
Spur_XM_030979846.1	Nvec_v1g914	76.0	S	0.0
Ctel_gnl_WGS_AMQN_CAPTEDRAFT_mRNA123077	Spis_XP_022798685_1	76.0	S	0.0
Ctel_gnl_WGS_AMQN_CAPTEDRAFT_mRNA123077	Fspp_ffun1.m4.30376.m1	76.0	S	0.0
Ctel_gnl_WGS_AMQN_CAPTEDRAFT_mRNA123077	Exapal_XM_021038793.2	76.0	S	0.0
Ctel_gnl_WGS_AMQN_CAPTEDRAFT_mRNA123077	Xesp_022341-T1	76.0	S	0.0
Ctel_gnl_WGS_AMQN_CAPTEDRAFT_mRNA123077	Pocdam_XM_027181812.1	76.0	S	0.0
Ctel_gnl_WGS_AMQN_CAPTEDRAFT_mRNA123077	Nvec_v1g225045	76.0	S	0.0
Ctel_gnl_WGS_AMQN_CAPTEDRAFT_mRNA123077	Adig_XM_015919965.1	76.0	S	0.0
Ctel_gnl_WGS_AMQN_CAPTEDRAFT_mRNA123077	Amil_Amillepora10126-RA	76.0	S	0.0
Ctel_gnl_WGS_AMQN_CAPTEDRAFT_mRNA123077	Dgig_XM_028543784.1	76.0	S	0.0
Ctel_gnl_WGS_AMQN_CAPTEDRAFT_mRNA123077	Gasp_gasp1.m3.6150.m1	76.0	S	0.0
Ctel_gnl_WGS_AMQN_CAPTEDRAFT_mRNA123077	Gfas_gfas1.m1.1088.m1	76.0	S	0.0
Ctel_gnl_WGS_AMQN_CAPTEDRAFT_mRNA123077	Nvec_v1g914	76.0	S	0.0
Tcas_TC006411_001	Spis_XP_022798685_1	76.0	S	0.0
Tcas_TC006411_001	Fspp_ffun1.m4.30376.m1	76.0	S	0.0
Tcas_TC006411_001	Exapal_XM_021038793.2	76.0	S	0.0
Tcas_TC006411_001	Xesp_022341-T1	76.0	S	0.0
Tcas_TC006411_001	Pocdam_XM_027181812.1	76.0	S	0.0
Tcas_TC006411_001	Nvec_v1g225045	76.0	S	0.0
Tcas_TC006411_001	Adig_XM_015919965.1	76.0	S	0.0
Tcas_TC006411_001	Amil_Amillepora10126-RA	76.0	S	0.0
Tcas_TC006411_001	Dgig_XM_028543784.1	76.0	S	0.0
Tcas_TC006411_001	Gasp_gasp1.m3.6150.m1	76.0	S	0.0
Tcas_TC006411_001	Gfas_gfas1.m1.1088.m1	76.0	S	0.0
Tcas_TC006411_001	Nvec_v1g914	76.0	S	0.0
Dpul_mRNA30319	Spis_XP_022798685_1	76.0	S	0.0
Dpul_mRNA30319	Fspp_ffun1.m4.30376.m1	76.0	S	0.0
Dpul_mRNA30319	Exapal_XM_021038793.2	76.0	S	0.0
Dpul_mRNA30319	Xesp_022341-T1	76.0	S	0.0
Dpul_mRNA30319	Pocdam_XM_027181812.1	76.0	S	0.0
Dpul_mRNA30319	Nvec_v1g225045	76.0	S	0.0
Dpul_mRNA30319	Adig_XM_015919965.1	76.0	S	0.0
Dpul_mRNA30319	Amil_Amillepora10126-RA	76.0	S	0.0
Dpul_mRNA30319	Dgig_XM_028543784.1	76.0	S	0.0
Dpul_mRNA30319	Gasp_gasp1.m3.6150.m1	76.0	S	0.0
Dpul_mRNA30319	Gfas_gfas1.m1.1088.m1	76.0	S	0.0
Dpul_mRNA30319	Nvec_v1g914	76.0	S	0.0
Hsap_ENST00000199814	Spis_XP_022798685_1	76.0	S	0.0
Hsap_ENST00000199814	Fspp_ffun1.m4.30376.m1	76.0	S	0.0
Hsap_ENST00000199814	Exapal_XM_021038793.2	76.0	S	0.0
Hsap_ENST00000199814	Xesp_022341-T1	76.0	S	0.0
Hsap_ENST00000199814	Pocdam_XM_027181812.1	76.0	S	0.0
Hsap_ENST00000199814	Nvec_v1g225045	76.0	S	0.0
Hsap_ENST00000199814	Adig_XM_015919965.1	76.0	S	0.0
Hsap_ENST00000199814	Amil_Amillepora10126-RA	76.0	S	0.0
Hsap_ENST00000199814	Dgig_XM_028543784.1	76.0	S	0.0
Hsap_ENST00000199814	Gasp_gasp1.m3.6150.m1	76.0	S	0.0
Hsap_ENST00000199814	Gfas_gfas1.m1.1088.m1	76.0	S	0.0
Hsap_ENST00000199814	Nvec_v1g914	76.0	S	0.0
Bralan_BLAG15000821_1	Spis_XP_022798685_1	76.0	S	0.0
Bralan_BLAG15000821_1	Fspp_ffun1.m4.30376.m1	76.0	S	0.0
Bralan_BLAG15000821_1	Exapal_XM_021038793.2	76.0	S	0.0
Bralan_BLAG15000821_1	Xesp_022341-T1	76.0	S	0.0
Bralan_BLAG15000821_1	Pocdam_XM_027181812.1	76.0	S	0.0
Bralan_BLAG15000821_1	Nvec_v1g225045	76.0	S	0.0
Bralan_BLAG15000821_1	Adig_XM_015919965.1	76.0	S	0.0
Bralan_BLAG15000821_1	Amil_Amillepora10126-RA	76.0	S	0.0
Bralan_BLAG15000821_1	Dgig_XM_028543784.1	76.0	S	0.0
Bralan_BLAG15000821_1	Gasp_gasp1.m3.6150.m1	76.0	S	0.0
Bralan_BLAG15000821_1	Gfas_gfas1.m1.1088.m1	76.0	S	0.0
Bralan_BLAG15000821_1	Nvec_v1g914	76.0	S	0.0
Spur_XM_003729814.3	Spis_XP_022798685_1	76.0	S	0.0
Spur_XM_003729814.3	Fspp_ffun1.m4.30376.m1	76.0	S	0.0
Spur_XM_003729814.3	Exapal_XM_021038793.2	76.0	S	0.0
Spur_XM_003729814.3	Xesp_022341-T1	76.0	S	0.0
Spur_XM_003729814.3	Pocdam_XM_027181812.1	76.0	S	0.0
Spur_XM_003729814.3	Nvec_v1g225045	76.0	S	0.0
Spur_XM_003729814.3	Adig_XM_015919965.1	76.0	S	0.0
Spur_XM_003729814.3	Amil_Amillepora10126-RA	76.0	S	0.0
Spur_XM_003729814.3	Dgig_XM_028543784.1	76.0	S	0.0
Spur_XM_003729814.3	Gasp_gasp1.m3.6150.m1	76.0	S	0.0
Spur_XM_003729814.3	Gfas_gfas1.m1.1088.m1	76.0	S	0.0
Spur_XM_003729814.3	Nvec_v1g914	76.0	S	0.0
Acagra_model.g4018.t1	Spis_XP_022798685_1	76.0	S	0.0
Acagra_model.g4018.t1	Fspp_ffun1.m4.30376.m1	76.0	S	0.0
Acagra_model.g4018.t1	Exapal_XM_021038793.2	76.0	S	0.0
Acagra_model.g4018.t1	Xesp_022341-T1	76.0	S	0.0
Acagra_model.g4018.t1	Pocdam_XM_027181812.1	76.0	S	0.0
Acagra_model.g4018.t1	Nvec_v1g225045	76.0	S	0.0
Acagra_model.g4018.t1	Adig_XM_015919965.1	76.0	S	0.0
Acagra_model.g4018.t1	Amil_Amillepora10126-RA	76.0	S	0.0
Acagra_model.g4018.t1	Dgig_XM_028543784.1	76.0	S	0.0
Acagra_model.g4018.t1	Gasp_gasp1.m3.6150.m1	76.0	S	0.0
Acagra_model.g4018.t1	Gfas_gfas1.m1.1088.m1	76.0	S	0.0
Acagra_model.g4018.t1	Nvec_v1g914	76.0	S	0.0
Skow_XM_002741382.2	Spis_XP_022798685_1	76.0	S	0.0
Skow_XM_002741382.2	Fspp_ffun1.m4.30376.m1	76.0	S	0.0
Skow_XM_002741382.2	Exapal_XM_021038793.2	76.0	S	0.0
Skow_XM_002741382.2	Xesp_022341-T1	76.0	S	0.0
Skow_XM_002741382.2	Pocdam_XM_027181812.1	76.0	S	0.0
Skow_XM_002741382.2	Nvec_v1g225045	76.0	S	0.0
Skow_XM_002741382.2	Adig_XM_015919965.1	76.0	S	0.0
Skow_XM_002741382.2	Amil_Amillepora10126-RA	76.0	S	0.0
Skow_XM_002741382.2	Dgig_XM_028543784.1	76.0	S	0.0
Skow_XM_002741382.2	Gasp_gasp1.m3.6150.m1	76.0	S	0.0
Skow_XM_002741382.2	Gfas_gfas1.m1.1088.m1	76.0	S	0.0
Skow_XM_002741382.2	Nvec_v1g914	76.0	S	0.0
Cgig_XM_011455940.3	Spis_XP_022798685_1	76.0	S	0.0
Cgig_XM_011455940.3	Fspp_ffun1.m4.30376.m1	76.0	S	0.0
Cgig_XM_011455940.3	Exapal_XM_021038793.2	76.0	S	0.0
Cgig_XM_011455940.3	Xesp_022341-T1	76.0	S	0.0
Cgig_XM_011455940.3	Pocdam_XM_027181812.1	76.0	S	0.0
Cgig_XM_011455940.3	Nvec_v1g225045	76.0	S	0.0
Cgig_XM_011455940.3	Adig_XM_015919965.1	76.0	S	0.0
Cgig_XM_011455940.3	Amil_Amillepora10126-RA	76.0	S	0.0
Cgig_XM_011455940.3	Dgig_XM_028543784.1	76.0	S	0.0
Cgig_XM_011455940.3	Gasp_gasp1.m3.6150.m1	76.0	S	0.0
Cgig_XM_011455940.3	Gfas_gfas1.m1.1088.m1	76.0	S	0.0
Cgig_XM_011455940.3	Nvec_v1g914	76.0	S	0.0
Scil_scict000436.1	Beraby_Baby_sb342165	47.0	S	0.0
Scil_scict000436.1	Tetwil_g10236.t1	47.0	S	0.0
Scil_scict000436.1	Beraby_Baby_sb342166	47.0	S	0.0
Scil_scict000436.1	Mlei_ML2213.g16.i1	47.0	S	0.0
Scil_scict000436.1	Coeast_Cast_sb804167	47.0	S	0.0
Scil_scict000436.1	Morvir_scaffold157.g18.t1	47.0	S	0.0
Scil_scict000436.1	Spolac_c95648_g1_i1_m.11806c95648-g1	47.0	S	0.0
Scil_scict000436.1	Aque_Aqu2.1.37973_001	47.0	S	0.0
Scil_scict000436.1	Spolac_c95648_g1_i2_m.11808c95648-g1	47.0	S	0.0
Scil_scict000436.1	Coeast_Cast_sb804166	47.0	S	0.0
Scil_scict000436.1	Drygla_Dgla_sb293668	47.0	S	0.0
Scil_scict000436.1	Coemet_Cmet_scaffold22591_01	47.0	S	0.0
Scil_scict000436.1	Emue_Em0017g932a.t1	47.0	S	0.0
Scil_scict000436.1	Hvul_g12058_1	47.0	S	0.0
Scil_scict000436.1	Lampan_Lpan_13909_01	47.0	S	0.0
Scil_scict000436.1	Mertsp_Mesp_sb609140	47.0	S	0.0
Scil_scict000436.1	Morvir_scaffold1035.g1.t1	47.0	S	0.0
Scil_scict000436.1	Eupdun_Edun_sb10645055	47.0	S	0.0
Scil_scict000436.1	Xestes_maker-XT_scaffold3006-snap-gene-0.27-mRNA-1	47.0	S	0.0
Scil_scict000436.1	Aaur_scaffold609.g1.t1	47.0	S	0.0
Scil_scict000436.1	Plespi_Pspi_C602138_01	47.0	S	0.0
Scil_scict000436.1	Pbac_sb2643729	47.0	S	0.0
Scil_scict000436.1	Stycar_maker-SC_scaffold90983-snap-gene-0.9-mRNA-1	47.0	S	0.0
Scil_scict000436.1	Chem_TCONS_00050510	47.0	S	0.0
Scil_scict000436.1	Halamb_c6690_g1_i2mm.7363	47.0	S	0.0
Scil_scict000436.1	Eupdun_Edun_sb10645052	47.0	S	0.0
Scil_scict000436.1	Stycar_maker-SC_scaffold64473-snap-gene-0.12-mRNA-1	47.0	S	0.0
Scil_scict000436.1	Sanmal_Sma_008744-T1	47.0	S	0.0
Scil_scict000436.1	Vmul_SimC396500	47.0	S	0.0
Scil_scict000436.1	Sanmal_Sma_022765-T1	47.0	S	0.0
Scil_scict000436.1	Horcal_Hcv1.av93.c3.g988.i1	47.0	S	0.0
Scil_scict000436.1	Eupdun_Edun_sb10645054	47.0	S	0.0
Scil_scict000436.1	Morvir_scaffold157.g19.t1	47.0	S	0.0
Scil_scict000436.1	Ocar_g9865	47.0	S	0.0
Scil_scict000436.1	Opea_EP00118_Oscarella_pearsei_P029005	47.0	S	0.0
Scil_scict000436.1	Nemnom_g2814.t1	47.0	S	0.0
Scil_scict000436.1	Eupdun_Edun_sb10645053	47.0	S	0.0
Gracom_Gcom_scaffold16437_01	Beraby_Baby_sb342165	47.0	S	0.0
Gracom_Gcom_scaffold16437_01	Tetwil_g10236.t1	47.0	S	0.0
Gracom_Gcom_scaffold16437_01	Beraby_Baby_sb342166	47.0	S	0.0
Gracom_Gcom_scaffold16437_01	Mlei_ML2213.g16.i1	47.0	S	0.0
Gracom_Gcom_scaffold16437_01	Coeast_Cast_sb804167	47.0	S	0.0
Gracom_Gcom_scaffold16437_01	Morvir_scaffold157.g18.t1	47.0	S	0.0
Gracom_Gcom_scaffold16437_01	Spolac_c95648_g1_i1_m.11806c95648-g1	47.0	S	0.0
Gracom_Gcom_scaffold16437_01	Aque_Aqu2.1.37973_001	47.0	S	0.0
Gracom_Gcom_scaffold16437_01	Spolac_c95648_g1_i2_m.11808c95648-g1	47.0	S	0.0
Gracom_Gcom_scaffold16437_01	Coeast_Cast_sb804166	47.0	S	0.0
Gracom_Gcom_scaffold16437_01	Drygla_Dgla_sb293668	47.0	S	0.0
Gracom_Gcom_scaffold16437_01	Coemet_Cmet_scaffold22591_01	47.0	S	0.0
Gracom_Gcom_scaffold16437_01	Emue_Em0017g932a.t1	47.0	S	0.0
Gracom_Gcom_scaffold16437_01	Hvul_g12058_1	47.0	S	0.0
Gracom_Gcom_scaffold16437_01	Lampan_Lpan_13909_01	47.0	S	0.0
Gracom_Gcom_scaffold16437_01	Mertsp_Mesp_sb609140	47.0	S	0.0
Gracom_Gcom_scaffold16437_01	Morvir_scaffold1035.g1.t1	47.0	S	0.0
Gracom_Gcom_scaffold16437_01	Eupdun_Edun_sb10645055	47.0	S	0.0
Gracom_Gcom_scaffold16437_01	Xestes_maker-XT_scaffold3006-snap-gene-0.27-mRNA-1	47.0	S	0.0
Gracom_Gcom_scaffold16437_01	Aaur_scaffold609.g1.t1	47.0	S	0.0
Gracom_Gcom_scaffold16437_01	Plespi_Pspi_C602138_01	47.0	S	0.0
Gracom_Gcom_scaffold16437_01	Pbac_sb2643729	47.0	S	0.0
Gracom_Gcom_scaffold16437_01	Stycar_maker-SC_scaffold90983-snap-gene-0.9-mRNA-1	47.0	S	0.0
Gracom_Gcom_scaffold16437_01	Chem_TCONS_00050510	47.0	S	0.0
Gracom_Gcom_scaffold16437_01	Halamb_c6690_g1_i2mm.7363	47.0	S	0.0
Gracom_Gcom_scaffold16437_01	Eupdun_Edun_sb10645052	47.0	S	0.0
Gracom_Gcom_scaffold16437_01	Stycar_maker-SC_scaffold64473-snap-gene-0.12-mRNA-1	47.0	S	0.0
Gracom_Gcom_scaffold16437_01	Sanmal_Sma_008744-T1	47.0	S	0.0
Gracom_Gcom_scaffold16437_01	Vmul_SimC396500	47.0	S	0.0
Gracom_Gcom_scaffold16437_01	Sanmal_Sma_022765-T1	47.0	S	0.0
Gracom_Gcom_scaffold16437_01	Horcal_Hcv1.av93.c3.g988.i1	47.0	S	0.0
Gracom_Gcom_scaffold16437_01	Eupdun_Edun_sb10645054	47.0	S	0.0
Gracom_Gcom_scaffold16437_01	Morvir_scaffold157.g19.t1	47.0	S	0.0
Gracom_Gcom_scaffold16437_01	Ocar_g9865	47.0	S	0.0
Gracom_Gcom_scaffold16437_01	Opea_EP00118_Oscarella_pearsei_P029005	47.0	S	0.0
Gracom_Gcom_scaffold16437_01	Nemnom_g2814.t1	47.0	S	0.0
Gracom_Gcom_scaffold16437_01	Eupdun_Edun_sb10645053	47.0	S	0.0
Clacor_Ccor_C538091_01	Beraby_Baby_sb342165	47.0	S	0.0
Clacor_Ccor_C538091_01	Tetwil_g10236.t1	47.0	S	0.0
Clacor_Ccor_C538091_01	Beraby_Baby_sb342166	47.0	S	0.0
Clacor_Ccor_C538091_01	Mlei_ML2213.g16.i1	47.0	S	0.0
Clacor_Ccor_C538091_01	Coeast_Cast_sb804167	47.0	S	0.0
Clacor_Ccor_C538091_01	Morvir_scaffold157.g18.t1	47.0	S	0.0
Clacor_Ccor_C538091_01	Spolac_c95648_g1_i1_m.11806c95648-g1	47.0	S	0.0
Clacor_Ccor_C538091_01	Aque_Aqu2.1.37973_001	47.0	S	0.0
Clacor_Ccor_C538091_01	Spolac_c95648_g1_i2_m.11808c95648-g1	47.0	S	0.0
Clacor_Ccor_C538091_01	Coeast_Cast_sb804166	47.0	S	0.0
Clacor_Ccor_C538091_01	Drygla_Dgla_sb293668	47.0	S	0.0
Clacor_Ccor_C538091_01	Coemet_Cmet_scaffold22591_01	47.0	S	0.0
Clacor_Ccor_C538091_01	Emue_Em0017g932a.t1	47.0	S	0.0
Clacor_Ccor_C538091_01	Hvul_g12058_1	47.0	S	0.0
Clacor_Ccor_C538091_01	Lampan_Lpan_13909_01	47.0	S	0.0
Clacor_Ccor_C538091_01	Mertsp_Mesp_sb609140	47.0	S	0.0
Clacor_Ccor_C538091_01	Morvir_scaffold1035.g1.t1	47.0	S	0.0
Clacor_Ccor_C538091_01	Eupdun_Edun_sb10645055	47.0	S	0.0
Clacor_Ccor_C538091_01	Xestes_maker-XT_scaffold3006-snap-gene-0.27-mRNA-1	47.0	S	0.0
Clacor_Ccor_C538091_01	Aaur_scaffold609.g1.t1	47.0	S	0.0
Clacor_Ccor_C538091_01	Plespi_Pspi_C602138_01	47.0	S	0.0
Clacor_Ccor_C538091_01	Pbac_sb2643729	47.0	S	0.0
Clacor_Ccor_C538091_01	Stycar_maker-SC_scaffold90983-snap-gene-0.9-mRNA-1	47.0	S	0.0
Clacor_Ccor_C538091_01	Chem_TCONS_00050510	47.0	S	0.0
Clacor_Ccor_C538091_01	Halamb_c6690_g1_i2mm.7363	47.0	S	0.0
Clacor_Ccor_C538091_01	Eupdun_Edun_sb10645052	47.0	S	0.0
Clacor_Ccor_C538091_01	Stycar_maker-SC_scaffold64473-snap-gene-0.12-mRNA-1	47.0	S	0.0
Clacor_Ccor_C538091_01	Sanmal_Sma_008744-T1	47.0	S	0.0
Clacor_Ccor_C538091_01	Vmul_SimC396500	47.0	S	0.0
Clacor_Ccor_C538091_01	Sanmal_Sma_022765-T1	47.0	S	0.0
Clacor_Ccor_C538091_01	Horcal_Hcv1.av93.c3.g988.i1	47.0	S	0.0
Clacor_Ccor_C538091_01	Eupdun_Edun_sb10645054	47.0	S	0.0
Clacor_Ccor_C538091_01	Morvir_scaffold157.g19.t1	47.0	S	0.0
Clacor_Ccor_C538091_01	Ocar_g9865	47.0	S	0.0
Clacor_Ccor_C538091_01	Opea_EP00118_Oscarella_pearsei_P029005	47.0	S	0.0
Clacor_Ccor_C538091_01	Nemnom_g2814.t1	47.0	S	0.0
Clacor_Ccor_C538091_01	Eupdun_Edun_sb10645053	47.0	S	0.0
Leuniv_Lniv_scaffold5766_01	Beraby_Baby_sb342165	47.0	S	0.0
Leuniv_Lniv_scaffold5766_01	Tetwil_g10236.t1	47.0	S	0.0
Leuniv_Lniv_scaffold5766_01	Beraby_Baby_sb342166	47.0	S	0.0
Leuniv_Lniv_scaffold5766_01	Mlei_ML2213.g16.i1	47.0	S	0.0
Leuniv_Lniv_scaffold5766_01	Coeast_Cast_sb804167	47.0	S	0.0
Leuniv_Lniv_scaffold5766_01	Morvir_scaffold157.g18.t1	47.0	S	0.0
Leuniv_Lniv_scaffold5766_01	Spolac_c95648_g1_i1_m.11806c95648-g1	47.0	S	0.0
Leuniv_Lniv_scaffold5766_01	Aque_Aqu2.1.37973_001	47.0	S	0.0
Leuniv_Lniv_scaffold5766_01	Spolac_c95648_g1_i2_m.11808c95648-g1	47.0	S	0.0
Leuniv_Lniv_scaffold5766_01	Coeast_Cast_sb804166	47.0	S	0.0
Leuniv_Lniv_scaffold5766_01	Drygla_Dgla_sb293668	47.0	S	0.0
Leuniv_Lniv_scaffold5766_01	Coemet_Cmet_scaffold22591_01	47.0	S	0.0
Leuniv_Lniv_scaffold5766_01	Emue_Em0017g932a.t1	47.0	S	0.0
Leuniv_Lniv_scaffold5766_01	Hvul_g12058_1	47.0	S	0.0
Leuniv_Lniv_scaffold5766_01	Lampan_Lpan_13909_01	47.0	S	0.0
Leuniv_Lniv_scaffold5766_01	Mertsp_Mesp_sb609140	47.0	S	0.0
Leuniv_Lniv_scaffold5766_01	Morvir_scaffold1035.g1.t1	47.0	S	0.0
Leuniv_Lniv_scaffold5766_01	Eupdun_Edun_sb10645055	47.0	S	0.0
Leuniv_Lniv_scaffold5766_01	Xestes_maker-XT_scaffold3006-snap-gene-0.27-mRNA-1	47.0	S	0.0
Leuniv_Lniv_scaffold5766_01	Aaur_scaffold609.g1.t1	47.0	S	0.0
Leuniv_Lniv_scaffold5766_01	Plespi_Pspi_C602138_01	47.0	S	0.0
Leuniv_Lniv_scaffold5766_01	Pbac_sb2643729	47.0	S	0.0
Leuniv_Lniv_scaffold5766_01	Stycar_maker-SC_scaffold90983-snap-gene-0.9-mRNA-1	47.0	S	0.0
Leuniv_Lniv_scaffold5766_01	Chem_TCONS_00050510	47.0	S	0.0
Leuniv_Lniv_scaffold5766_01	Halamb_c6690_g1_i2mm.7363	47.0	S	0.0
Leuniv_Lniv_scaffold5766_01	Eupdun_Edun_sb10645052	47.0	S	0.0
Leuniv_Lniv_scaffold5766_01	Stycar_maker-SC_scaffold64473-snap-gene-0.12-mRNA-1	47.0	S	0.0
Leuniv_Lniv_scaffold5766_01	Sanmal_Sma_008744-T1	47.0	S	0.0
Leuniv_Lniv_scaffold5766_01	Vmul_SimC396500	47.0	S	0.0
Leuniv_Lniv_scaffold5766_01	Sanmal_Sma_022765-T1	47.0	S	0.0
Leuniv_Lniv_scaffold5766_01	Horcal_Hcv1.av93.c3.g988.i1	47.0	S	0.0
Leuniv_Lniv_scaffold5766_01	Eupdun_Edun_sb10645054	47.0	S	0.0
Leuniv_Lniv_scaffold5766_01	Morvir_scaffold157.g19.t1	47.0	S	0.0
Leuniv_Lniv_scaffold5766_01	Ocar_g9865	47.0	S	0.0
Leuniv_Lniv_scaffold5766_01	Opea_EP00118_Oscarella_pearsei_P029005	47.0	S	0.0
Leuniv_Lniv_scaffold5766_01	Nemnom_g2814.t1	47.0	S	0.0
Leuniv_Lniv_scaffold5766_01	Eupdun_Edun_sb10645053	47.0	S	0.0
Lcom_lcpid114428	Beraby_Baby_sb342165	47.0	S	0.0
Lcom_lcpid114428	Tetwil_g10236.t1	47.0	S	0.0
Lcom_lcpid114428	Beraby_Baby_sb342166	47.0	S	0.0
Lcom_lcpid114428	Mlei_ML2213.g16.i1	47.0	S	0.0
Lcom_lcpid114428	Coeast_Cast_sb804167	47.0	S	0.0
Lcom_lcpid114428	Morvir_scaffold157.g18.t1	47.0	S	0.0
Lcom_lcpid114428	Spolac_c95648_g1_i1_m.11806c95648-g1	47.0	S	0.0
Lcom_lcpid114428	Aque_Aqu2.1.37973_001	47.0	S	0.0
Lcom_lcpid114428	Spolac_c95648_g1_i2_m.11808c95648-g1	47.0	S	0.0
Lcom_lcpid114428	Coeast_Cast_sb804166	47.0	S	0.0
Lcom_lcpid114428	Drygla_Dgla_sb293668	47.0	S	0.0
Lcom_lcpid114428	Coemet_Cmet_scaffold22591_01	47.0	S	0.0
Lcom_lcpid114428	Emue_Em0017g932a.t1	47.0	S	0.0
Lcom_lcpid114428	Hvul_g12058_1	47.0	S	0.0
Lcom_lcpid114428	Lampan_Lpan_13909_01	47.0	S	0.0
Lcom_lcpid114428	Mertsp_Mesp_sb609140	47.0	S	0.0
Lcom_lcpid114428	Morvir_scaffold1035.g1.t1	47.0	S	0.0
Lcom_lcpid114428	Eupdun_Edun_sb10645055	47.0	S	0.0
Lcom_lcpid114428	Xestes_maker-XT_scaffold3006-snap-gene-0.27-mRNA-1	47.0	S	0.0
Lcom_lcpid114428	Aaur_scaffold609.g1.t1	47.0	S	0.0
Lcom_lcpid114428	Plespi_Pspi_C602138_01	47.0	S	0.0
Lcom_lcpid114428	Pbac_sb2643729	47.0	S	0.0
Lcom_lcpid114428	Stycar_maker-SC_scaffold90983-snap-gene-0.9-mRNA-1	47.0	S	0.0
Lcom_lcpid114428	Chem_TCONS_00050510	47.0	S	0.0
Lcom_lcpid114428	Halamb_c6690_g1_i2mm.7363	47.0	S	0.0
Lcom_lcpid114428	Eupdun_Edun_sb10645052	47.0	S	0.0
Lcom_lcpid114428	Stycar_maker-SC_scaffold64473-snap-gene-0.12-mRNA-1	47.0	S	0.0
Lcom_lcpid114428	Sanmal_Sma_008744-T1	47.0	S	0.0
Lcom_lcpid114428	Vmul_SimC396500	47.0	S	0.0
Lcom_lcpid114428	Sanmal_Sma_022765-T1	47.0	S	0.0
Lcom_lcpid114428	Horcal_Hcv1.av93.c3.g988.i1	47.0	S	0.0
Lcom_lcpid114428	Eupdun_Edun_sb10645054	47.0	S	0.0
Lcom_lcpid114428	Morvir_scaffold157.g19.t1	47.0	S	0.0
Lcom_lcpid114428	Ocar_g9865	47.0	S	0.0
Lcom_lcpid114428	Opea_EP00118_Oscarella_pearsei_P029005	47.0	S	0.0
Lcom_lcpid114428	Nemnom_g2814.t1	47.0	S	0.0
Lcom_lcpid114428	Eupdun_Edun_sb10645053	47.0	S	0.0
Stedip_EP00041_Stephanoeca_diplocostata_P009149	Helnan_EP00037_Helgoeca_nana_P011942	100.0	S	0.0
Stedip_EP00041_Stephanoeca_diplocostata_P009149	Acaspe_EP00035_Acanthoeca_spectabilis_P023289	100.0	S	0.0
Salkve_EP00050_Salpingoeca_kvevrii_P010940	Saldol_EP00054_Salpingoeca_dolichothecata_P024517	92.0	S	0.0
Salmac_EP00052_Salpingoeca_macrocollata_P009868	Choper_EP00045_Choanoeca_perplexa_P015408	57.0	S	0.0
Salmac_EP00052_Salpingoeca_macrocollata_P009868	Microa_EP00043_Microstomoeca_roanoka_P011476	57.0	S	0.0
Salmac_EP00052_Salpingoeca_macrocollata_P009868	Mbre_EDQ88082	57.0	S	0.0
Salmac_EP00052_Salpingoeca_macrocollata_P009868	Salinf_EP00049_Salpingoeca_infusionum_P026733	57.0	S	0.0
Salmac_EP00052_Salpingoeca_macrocollata_P009868	Sros_EGD76810	57.0	S	0.0
Salmac_EP00052_Salpingoeca_macrocollata_P009868	Choper_EP00045_Choanoeca_perplexa_P015413	57.0	S	0.0
Salmac_EP00052_Salpingoeca_macrocollata_P009868	Chofle_EP00730_Choanoeca_flexa_P008169	57.0	S	0.0
Salpun_EP00053_Salpingoeca_punica_P011795	Choper_EP00045_Choanoeca_perplexa_P015408	57.0	S	0.0
Salpun_EP00053_Salpingoeca_punica_P011795	Microa_EP00043_Microstomoeca_roanoka_P011476	57.0	S	0.0
Salpun_EP00053_Salpingoeca_punica_P011795	Mbre_EDQ88082	57.0	S	0.0
Salpun_EP00053_Salpingoeca_punica_P011795	Salinf_EP00049_Salpingoeca_infusionum_P026733	57.0	S	0.0
Salpun_EP00053_Salpingoeca_punica_P011795	Sros_EGD76810	57.0	S	0.0
Salpun_EP00053_Salpingoeca_punica_P011795	Choper_EP00045_Choanoeca_perplexa_P015413	57.0	S	0.0
Salpun_EP00053_Salpingoeca_punica_P011795	Chofle_EP00730_Choanoeca_flexa_P008169	57.0	S	0.0
HoiH23_PlH23_003399-RA	Hhon_g04564.t1	98.0	S	0.0
HoiH23_PlH23_003399-RA	HoiH04_mRNA2983	98.0	S	0.0
HoiH23_PlH23_003399-RA	HoiH06_mRNA8392	98.0	S	0.0
Tcas_TC006411_001	Spur_XM_030979846.1	97.0	S	0.0
Tcas_TC006411_001	Ctel_gnl_WGS_AMQN_CAPTEDRAFT_mRNA123077	97.0	S	0.0
Tcas_TC006411_001	Hsap_ENST00000199814	97.0	S	0.0
Tcas_TC006411_001	Bralan_BLAG15000821_1	97.0	S	0.0
Tcas_TC006411_001	Spur_XM_003729814.3	97.0	S	0.0
Tcas_TC006411_001	Acagra_model.g4018.t1	97.0	S	0.0
Tcas_TC006411_001	Skow_XM_002741382.2	97.0	S	0.0
Tcas_TC006411_001	Cgig_XM_011455940.3	97.0	S	0.0
Dpul_mRNA30319	Spur_XM_030979846.1	97.0	S	0.0
Dpul_mRNA30319	Ctel_gnl_WGS_AMQN_CAPTEDRAFT_mRNA123077	97.0	S	0.0
Dpul_mRNA30319	Hsap_ENST00000199814	97.0	S	0.0
Dpul_mRNA30319	Bralan_BLAG15000821_1	97.0	S	0.0
Dpul_mRNA30319	Spur_XM_003729814.3	97.0	S	0.0
Dpul_mRNA30319	Acagra_model.g4018.t1	97.0	S	0.0
Dpul_mRNA30319	Skow_XM_002741382.2	97.0	S	0.0
Dpul_mRNA30319	Cgig_XM_011455940.3	97.0	S	0.0
Dgig_XM_028543784.1	Spis_XP_022798685_1	98.0	S	0.0
Dgig_XM_028543784.1	Fspp_ffun1.m4.30376.m1	98.0	S	0.0
Dgig_XM_028543784.1	Exapal_XM_021038793.2	98.0	S	0.0
Dgig_XM_028543784.1	Pocdam_XM_027181812.1	98.0	S	0.0
Dgig_XM_028543784.1	Nvec_v1g225045	98.0	S	0.0
Dgig_XM_028543784.1	Adig_XM_015919965.1	98.0	S	0.0
Dgig_XM_028543784.1	Amil_Amillepora10126-RA	98.0	S	0.0
Dgig_XM_028543784.1	Gasp_gasp1.m3.6150.m1	98.0	S	0.0
Dgig_XM_028543784.1	Gfas_gfas1.m1.1088.m1	98.0	S	0.0
Dgig_XM_028543784.1	Nvec_v1g914	98.0	S	0.0
Xesp_022341-T1	Spis_XP_022798685_1	98.0	S	0.0
Xesp_022341-T1	Fspp_ffun1.m4.30376.m1	98.0	S	0.0
Xesp_022341-T1	Exapal_XM_021038793.2	98.0	S	0.0
Xesp_022341-T1	Pocdam_XM_027181812.1	98.0	S	0.0
Xesp_022341-T1	Nvec_v1g225045	98.0	S	0.0
Xesp_022341-T1	Adig_XM_015919965.1	98.0	S	0.0
Xesp_022341-T1	Amil_Amillepora10126-RA	98.0	S	0.0
Xesp_022341-T1	Gasp_gasp1.m3.6150.m1	98.0	S	0.0
Xesp_022341-T1	Gfas_gfas1.m1.1088.m1	98.0	S	0.0
Xesp_022341-T1	Nvec_v1g914	98.0	S	0.0
Clacor_Ccor_C538091_01	Gracom_Gcom_scaffold16437_01	100.0	S	0.0
Clacor_Ccor_C538091_01	Scil_scict000436.1	100.0	S	0.0
Clacor_Ccor_C538091_01	Leuniv_Lniv_scaffold5766_01	100.0	S	0.0
Clacor_Ccor_C538091_01	Lcom_lcpid114428	100.0	S	0.0
Hvul_g12058_1	Tetwil_g10236.t1	64.0	S	0.0
Hvul_g12058_1	Beraby_Baby_sb342165	64.0	S	0.0
Hvul_g12058_1	Beraby_Baby_sb342166	64.0	S	0.0
Hvul_g12058_1	Mlei_ML2213.g16.i1	64.0	S	0.0
Hvul_g12058_1	Coeast_Cast_sb804167	64.0	S	0.0
Hvul_g12058_1	Spolac_c95648_g1_i1_m.11806c95648-g1	64.0	S	0.0
Hvul_g12058_1	Aque_Aqu2.1.37973_001	64.0	S	0.0
Hvul_g12058_1	Spolac_c95648_g1_i2_m.11808c95648-g1	64.0	S	0.0
Hvul_g12058_1	Coeast_Cast_sb804166	64.0	S	0.0
Hvul_g12058_1	Drygla_Dgla_sb293668	64.0	S	0.0
Hvul_g12058_1	Coemet_Cmet_scaffold22591_01	64.0	S	0.0
Hvul_g12058_1	Emue_Em0017g932a.t1	64.0	S	0.0
Hvul_g12058_1	Lampan_Lpan_13909_01	64.0	S	0.0
Hvul_g12058_1	Mertsp_Mesp_sb609140	64.0	S	0.0
Hvul_g12058_1	Eupdun_Edun_sb10645055	64.0	S	0.0
Hvul_g12058_1	Xestes_maker-XT_scaffold3006-snap-gene-0.27-mRNA-1	64.0	S	0.0
Hvul_g12058_1	Aaur_scaffold609.g1.t1	64.0	S	0.0
Hvul_g12058_1	Plespi_Pspi_C602138_01	64.0	S	0.0
Hvul_g12058_1	Pbac_sb2643729	64.0	S	0.0
Hvul_g12058_1	Stycar_maker-SC_scaffold90983-snap-gene-0.9-mRNA-1	64.0	S	0.0
Hvul_g12058_1	Halamb_c6690_g1_i2mm.7363	64.0	S	0.0
Hvul_g12058_1	Eupdun_Edun_sb10645052	64.0	S	0.0
Hvul_g12058_1	Stycar_maker-SC_scaffold64473-snap-gene-0.12-mRNA-1	64.0	S	0.0
Hvul_g12058_1	Vmul_SimC396500	64.0	S	0.0
Hvul_g12058_1	Horcal_Hcv1.av93.c3.g988.i1	64.0	S	0.0
Hvul_g12058_1	Eupdun_Edun_sb10645054	64.0	S	0.0
Hvul_g12058_1	Ocar_g9865	64.0	S	0.0
Hvul_g12058_1	Opea_EP00118_Oscarella_pearsei_P029005	64.0	S	0.0
Hvul_g12058_1	Eupdun_Edun_sb10645053	64.0	S	0.0
Morvir_scaffold157.g18.t1	Tetwil_g10236.t1	64.0	S	0.0
Morvir_scaffold157.g18.t1	Beraby_Baby_sb342165	64.0	S	0.0
Morvir_scaffold157.g18.t1	Beraby_Baby_sb342166	64.0	S	0.0
Morvir_scaffold157.g18.t1	Mlei_ML2213.g16.i1	64.0	S	0.0
Morvir_scaffold157.g18.t1	Coeast_Cast_sb804167	64.0	S	0.0
Morvir_scaffold157.g18.t1	Spolac_c95648_g1_i1_m.11806c95648-g1	64.0	S	0.0
Morvir_scaffold157.g18.t1	Aque_Aqu2.1.37973_001	64.0	S	0.0
Morvir_scaffold157.g18.t1	Spolac_c95648_g1_i2_m.11808c95648-g1	64.0	S	0.0
Morvir_scaffold157.g18.t1	Coeast_Cast_sb804166	64.0	S	0.0
Morvir_scaffold157.g18.t1	Drygla_Dgla_sb293668	64.0	S	0.0
Morvir_scaffold157.g18.t1	Coemet_Cmet_scaffold22591_01	64.0	S	0.0
Morvir_scaffold157.g18.t1	Emue_Em0017g932a.t1	64.0	S	0.0
Morvir_scaffold157.g18.t1	Lampan_Lpan_13909_01	64.0	S	0.0
Morvir_scaffold157.g18.t1	Mertsp_Mesp_sb609140	64.0	S	0.0
Morvir_scaffold157.g18.t1	Eupdun_Edun_sb10645055	64.0	S	0.0
Morvir_scaffold157.g18.t1	Xestes_maker-XT_scaffold3006-snap-gene-0.27-mRNA-1	64.0	S	0.0
Morvir_scaffold157.g18.t1	Aaur_scaffold609.g1.t1	64.0	S	0.0
Morvir_scaffold157.g18.t1	Plespi_Pspi_C602138_01	64.0	S	0.0
Morvir_scaffold157.g18.t1	Pbac_sb2643729	64.0	S	0.0
Morvir_scaffold157.g18.t1	Stycar_maker-SC_scaffold90983-snap-gene-0.9-mRNA-1	64.0	S	0.0
Morvir_scaffold157.g18.t1	Halamb_c6690_g1_i2mm.7363	64.0	S	0.0
Morvir_scaffold157.g18.t1	Eupdun_Edun_sb10645052	64.0	S	0.0
Morvir_scaffold157.g18.t1	Stycar_maker-SC_scaffold64473-snap-gene-0.12-mRNA-1	64.0	S	0.0
Morvir_scaffold157.g18.t1	Vmul_SimC396500	64.0	S	0.0
Morvir_scaffold157.g18.t1	Horcal_Hcv1.av93.c3.g988.i1	64.0	S	0.0
Morvir_scaffold157.g18.t1	Eupdun_Edun_sb10645054	64.0	S	0.0
Morvir_scaffold157.g18.t1	Ocar_g9865	64.0	S	0.0
Morvir_scaffold157.g18.t1	Opea_EP00118_Oscarella_pearsei_P029005	64.0	S	0.0
Morvir_scaffold157.g18.t1	Eupdun_Edun_sb10645053	64.0	S	0.0
Morvir_scaffold1035.g1.t1	Tetwil_g10236.t1	64.0	S	0.0
Morvir_scaffold1035.g1.t1	Beraby_Baby_sb342165	64.0	S	0.0
Morvir_scaffold1035.g1.t1	Beraby_Baby_sb342166	64.0	S	0.0
Morvir_scaffold1035.g1.t1	Mlei_ML2213.g16.i1	64.0	S	0.0
Morvir_scaffold1035.g1.t1	Coeast_Cast_sb804167	64.0	S	0.0
Morvir_scaffold1035.g1.t1	Spolac_c95648_g1_i1_m.11806c95648-g1	64.0	S	0.0
Morvir_scaffold1035.g1.t1	Aque_Aqu2.1.37973_001	64.0	S	0.0
Morvir_scaffold1035.g1.t1	Spolac_c95648_g1_i2_m.11808c95648-g1	64.0	S	0.0
Morvir_scaffold1035.g1.t1	Coeast_Cast_sb804166	64.0	S	0.0
Morvir_scaffold1035.g1.t1	Drygla_Dgla_sb293668	64.0	S	0.0
Morvir_scaffold1035.g1.t1	Coemet_Cmet_scaffold22591_01	64.0	S	0.0
Morvir_scaffold1035.g1.t1	Emue_Em0017g932a.t1	64.0	S	0.0
Morvir_scaffold1035.g1.t1	Lampan_Lpan_13909_01	64.0	S	0.0
Morvir_scaffold1035.g1.t1	Mertsp_Mesp_sb609140	64.0	S	0.0
Morvir_scaffold1035.g1.t1	Eupdun_Edun_sb10645055	64.0	S	0.0
Morvir_scaffold1035.g1.t1	Xestes_maker-XT_scaffold3006-snap-gene-0.27-mRNA-1	64.0	S	0.0
Morvir_scaffold1035.g1.t1	Aaur_scaffold609.g1.t1	64.0	S	0.0
Morvir_scaffold1035.g1.t1	Plespi_Pspi_C602138_01	64.0	S	0.0
Morvir_scaffold1035.g1.t1	Pbac_sb2643729	64.0	S	0.0
Morvir_scaffold1035.g1.t1	Stycar_maker-SC_scaffold90983-snap-gene-0.9-mRNA-1	64.0	S	0.0
Morvir_scaffold1035.g1.t1	Halamb_c6690_g1_i2mm.7363	64.0	S	0.0
Morvir_scaffold1035.g1.t1	Eupdun_Edun_sb10645052	64.0	S	0.0
Morvir_scaffold1035.g1.t1	Stycar_maker-SC_scaffold64473-snap-gene-0.12-mRNA-1	64.0	S	0.0
Morvir_scaffold1035.g1.t1	Vmul_SimC396500	64.0	S	0.0
Morvir_scaffold1035.g1.t1	Horcal_Hcv1.av93.c3.g988.i1	64.0	S	0.0
Morvir_scaffold1035.g1.t1	Eupdun_Edun_sb10645054	64.0	S	0.0
Morvir_scaffold1035.g1.t1	Ocar_g9865	64.0	S	0.0
Morvir_scaffold1035.g1.t1	Opea_EP00118_Oscarella_pearsei_P029005	64.0	S	0.0
Morvir_scaffold1035.g1.t1	Eupdun_Edun_sb10645053	64.0	S	0.0
Chem_TCONS_00050510	Tetwil_g10236.t1	64.0	S	0.0
Chem_TCONS_00050510	Beraby_Baby_sb342165	64.0	S	0.0
Chem_TCONS_00050510	Beraby_Baby_sb342166	64.0	S	0.0
Chem_TCONS_00050510	Mlei_ML2213.g16.i1	64.0	S	0.0
Chem_TCONS_00050510	Coeast_Cast_sb804167	64.0	S	0.0
Chem_TCONS_00050510	Spolac_c95648_g1_i1_m.11806c95648-g1	64.0	S	0.0
Chem_TCONS_00050510	Aque_Aqu2.1.37973_001	64.0	S	0.0
Chem_TCONS_00050510	Spolac_c95648_g1_i2_m.11808c95648-g1	64.0	S	0.0
Chem_TCONS_00050510	Coeast_Cast_sb804166	64.0	S	0.0
Chem_TCONS_00050510	Drygla_Dgla_sb293668	64.0	S	0.0
Chem_TCONS_00050510	Coemet_Cmet_scaffold22591_01	64.0	S	0.0
Chem_TCONS_00050510	Emue_Em0017g932a.t1	64.0	S	0.0
Chem_TCONS_00050510	Lampan_Lpan_13909_01	64.0	S	0.0
Chem_TCONS_00050510	Mertsp_Mesp_sb609140	64.0	S	0.0
Chem_TCONS_00050510	Eupdun_Edun_sb10645055	64.0	S	0.0
Chem_TCONS_00050510	Xestes_maker-XT_scaffold3006-snap-gene-0.27-mRNA-1	64.0	S	0.0
Chem_TCONS_00050510	Aaur_scaffold609.g1.t1	64.0	S	0.0
Chem_TCONS_00050510	Plespi_Pspi_C602138_01	64.0	S	0.0
Chem_TCONS_00050510	Pbac_sb2643729	64.0	S	0.0
Chem_TCONS_00050510	Stycar_maker-SC_scaffold90983-snap-gene-0.9-mRNA-1	64.0	S	0.0
Chem_TCONS_00050510	Halamb_c6690_g1_i2mm.7363	64.0	S	0.0
Chem_TCONS_00050510	Eupdun_Edun_sb10645052	64.0	S	0.0
Chem_TCONS_00050510	Stycar_maker-SC_scaffold64473-snap-gene-0.12-mRNA-1	64.0	S	0.0
Chem_TCONS_00050510	Vmul_SimC396500	64.0	S	0.0
Chem_TCONS_00050510	Horcal_Hcv1.av93.c3.g988.i1	64.0	S	0.0
Chem_TCONS_00050510	Eupdun_Edun_sb10645054	64.0	S	0.0
Chem_TCONS_00050510	Ocar_g9865	64.0	S	0.0
Chem_TCONS_00050510	Opea_EP00118_Oscarella_pearsei_P029005	64.0	S	0.0
Chem_TCONS_00050510	Eupdun_Edun_sb10645053	64.0	S	0.0
Morvir_scaffold157.g19.t1	Tetwil_g10236.t1	64.0	S	0.0
Morvir_scaffold157.g19.t1	Beraby_Baby_sb342165	64.0	S	0.0
Morvir_scaffold157.g19.t1	Beraby_Baby_sb342166	64.0	S	0.0
Morvir_scaffold157.g19.t1	Mlei_ML2213.g16.i1	64.0	S	0.0
Morvir_scaffold157.g19.t1	Coeast_Cast_sb804167	64.0	S	0.0
Morvir_scaffold157.g19.t1	Spolac_c95648_g1_i1_m.11806c95648-g1	64.0	S	0.0
Morvir_scaffold157.g19.t1	Aque_Aqu2.1.37973_001	64.0	S	0.0
Morvir_scaffold157.g19.t1	Spolac_c95648_g1_i2_m.11808c95648-g1	64.0	S	0.0
Morvir_scaffold157.g19.t1	Coeast_Cast_sb804166	64.0	S	0.0
Morvir_scaffold157.g19.t1	Drygla_Dgla_sb293668	64.0	S	0.0
Morvir_scaffold157.g19.t1	Coemet_Cmet_scaffold22591_01	64.0	S	0.0
Morvir_scaffold157.g19.t1	Emue_Em0017g932a.t1	64.0	S	0.0
Morvir_scaffold157.g19.t1	Lampan_Lpan_13909_01	64.0	S	0.0
Morvir_scaffold157.g19.t1	Mertsp_Mesp_sb609140	64.0	S	0.0
Morvir_scaffold157.g19.t1	Eupdun_Edun_sb10645055	64.0	S	0.0
Morvir_scaffold157.g19.t1	Xestes_maker-XT_scaffold3006-snap-gene-0.27-mRNA-1	64.0	S	0.0
Morvir_scaffold157.g19.t1	Aaur_scaffold609.g1.t1	64.0	S	0.0
Morvir_scaffold157.g19.t1	Plespi_Pspi_C602138_01	64.0	S	0.0
Morvir_scaffold157.g19.t1	Pbac_sb2643729	64.0	S	0.0
Morvir_scaffold157.g19.t1	Stycar_maker-SC_scaffold90983-snap-gene-0.9-mRNA-1	64.0	S	0.0
Morvir_scaffold157.g19.t1	Halamb_c6690_g1_i2mm.7363	64.0	S	0.0
Morvir_scaffold157.g19.t1	Eupdun_Edun_sb10645052	64.0	S	0.0
Morvir_scaffold157.g19.t1	Stycar_maker-SC_scaffold64473-snap-gene-0.12-mRNA-1	64.0	S	0.0
Morvir_scaffold157.g19.t1	Vmul_SimC396500	64.0	S	0.0
Morvir_scaffold157.g19.t1	Horcal_Hcv1.av93.c3.g988.i1	64.0	S	0.0
Morvir_scaffold157.g19.t1	Eupdun_Edun_sb10645054	64.0	S	0.0
Morvir_scaffold157.g19.t1	Ocar_g9865	64.0	S	0.0
Morvir_scaffold157.g19.t1	Opea_EP00118_Oscarella_pearsei_P029005	64.0	S	0.0
Morvir_scaffold157.g19.t1	Eupdun_Edun_sb10645053	64.0	S	0.0
Sanmal_Sma_008744-T1	Tetwil_g10236.t1	64.0	S	0.0
Sanmal_Sma_008744-T1	Beraby_Baby_sb342165	64.0	S	0.0
Sanmal_Sma_008744-T1	Beraby_Baby_sb342166	64.0	S	0.0
Sanmal_Sma_008744-T1	Mlei_ML2213.g16.i1	64.0	S	0.0
Sanmal_Sma_008744-T1	Coeast_Cast_sb804167	64.0	S	0.0
Sanmal_Sma_008744-T1	Spolac_c95648_g1_i1_m.11806c95648-g1	64.0	S	0.0
Sanmal_Sma_008744-T1	Aque_Aqu2.1.37973_001	64.0	S	0.0
Sanmal_Sma_008744-T1	Spolac_c95648_g1_i2_m.11808c95648-g1	64.0	S	0.0
Sanmal_Sma_008744-T1	Coeast_Cast_sb804166	64.0	S	0.0
Sanmal_Sma_008744-T1	Drygla_Dgla_sb293668	64.0	S	0.0
Sanmal_Sma_008744-T1	Coemet_Cmet_scaffold22591_01	64.0	S	0.0
Sanmal_Sma_008744-T1	Emue_Em0017g932a.t1	64.0	S	0.0
Sanmal_Sma_008744-T1	Lampan_Lpan_13909_01	64.0	S	0.0
Sanmal_Sma_008744-T1	Mertsp_Mesp_sb609140	64.0	S	0.0
Sanmal_Sma_008744-T1	Eupdun_Edun_sb10645055	64.0	S	0.0
Sanmal_Sma_008744-T1	Xestes_maker-XT_scaffold3006-snap-gene-0.27-mRNA-1	64.0	S	0.0
Sanmal_Sma_008744-T1	Aaur_scaffold609.g1.t1	64.0	S	0.0
Sanmal_Sma_008744-T1	Plespi_Pspi_C602138_01	64.0	S	0.0
Sanmal_Sma_008744-T1	Pbac_sb2643729	64.0	S	0.0
Sanmal_Sma_008744-T1	Stycar_maker-SC_scaffold90983-snap-gene-0.9-mRNA-1	64.0	S	0.0
Sanmal_Sma_008744-T1	Halamb_c6690_g1_i2mm.7363	64.0	S	0.0
Sanmal_Sma_008744-T1	Eupdun_Edun_sb10645052	64.0	S	0.0
Sanmal_Sma_008744-T1	Stycar_maker-SC_scaffold64473-snap-gene-0.12-mRNA-1	64.0	S	0.0
Sanmal_Sma_008744-T1	Vmul_SimC396500	64.0	S	0.0
Sanmal_Sma_008744-T1	Horcal_Hcv1.av93.c3.g988.i1	64.0	S	0.0
Sanmal_Sma_008744-T1	Eupdun_Edun_sb10645054	64.0	S	0.0
Sanmal_Sma_008744-T1	Ocar_g9865	64.0	S	0.0
Sanmal_Sma_008744-T1	Opea_EP00118_Oscarella_pearsei_P029005	64.0	S	0.0
Sanmal_Sma_008744-T1	Eupdun_Edun_sb10645053	64.0	S	0.0
Nemnom_g2814.t1	Tetwil_g10236.t1	64.0	S	0.0
Nemnom_g2814.t1	Beraby_Baby_sb342165	64.0	S	0.0
Nemnom_g2814.t1	Beraby_Baby_sb342166	64.0	S	0.0
Nemnom_g2814.t1	Mlei_ML2213.g16.i1	64.0	S	0.0
Nemnom_g2814.t1	Coeast_Cast_sb804167	64.0	S	0.0
Nemnom_g2814.t1	Spolac_c95648_g1_i1_m.11806c95648-g1	64.0	S	0.0
Nemnom_g2814.t1	Aque_Aqu2.1.37973_001	64.0	S	0.0
Nemnom_g2814.t1	Spolac_c95648_g1_i2_m.11808c95648-g1	64.0	S	0.0
Nemnom_g2814.t1	Coeast_Cast_sb804166	64.0	S	0.0
Nemnom_g2814.t1	Drygla_Dgla_sb293668	64.0	S	0.0
Nemnom_g2814.t1	Coemet_Cmet_scaffold22591_01	64.0	S	0.0
Nemnom_g2814.t1	Emue_Em0017g932a.t1	64.0	S	0.0
Nemnom_g2814.t1	Lampan_Lpan_13909_01	64.0	S	0.0
Nemnom_g2814.t1	Mertsp_Mesp_sb609140	64.0	S	0.0
Nemnom_g2814.t1	Eupdun_Edun_sb10645055	64.0	S	0.0
Nemnom_g2814.t1	Xestes_maker-XT_scaffold3006-snap-gene-0.27-mRNA-1	64.0	S	0.0
Nemnom_g2814.t1	Aaur_scaffold609.g1.t1	64.0	S	0.0
Nemnom_g2814.t1	Plespi_Pspi_C602138_01	64.0	S	0.0
Nemnom_g2814.t1	Pbac_sb2643729	64.0	S	0.0
Nemnom_g2814.t1	Stycar_maker-SC_scaffold90983-snap-gene-0.9-mRNA-1	64.0	S	0.0
Nemnom_g2814.t1	Halamb_c6690_g1_i2mm.7363	64.0	S	0.0
Nemnom_g2814.t1	Eupdun_Edun_sb10645052	64.0	S	0.0
Nemnom_g2814.t1	Stycar_maker-SC_scaffold64473-snap-gene-0.12-mRNA-1	64.0	S	0.0
Nemnom_g2814.t1	Vmul_SimC396500	64.0	S	0.0
Nemnom_g2814.t1	Horcal_Hcv1.av93.c3.g988.i1	64.0	S	0.0
Nemnom_g2814.t1	Eupdun_Edun_sb10645054	64.0	S	0.0
Nemnom_g2814.t1	Ocar_g9865	64.0	S	0.0
Nemnom_g2814.t1	Opea_EP00118_Oscarella_pearsei_P029005	64.0	S	0.0
Nemnom_g2814.t1	Eupdun_Edun_sb10645053	64.0	S	0.0
Sanmal_Sma_022765-T1	Tetwil_g10236.t1	64.0	S	0.0
Sanmal_Sma_022765-T1	Beraby_Baby_sb342165	64.0	S	0.0
Sanmal_Sma_022765-T1	Beraby_Baby_sb342166	64.0	S	0.0
Sanmal_Sma_022765-T1	Mlei_ML2213.g16.i1	64.0	S	0.0
Sanmal_Sma_022765-T1	Coeast_Cast_sb804167	64.0	S	0.0
Sanmal_Sma_022765-T1	Spolac_c95648_g1_i1_m.11806c95648-g1	64.0	S	0.0
Sanmal_Sma_022765-T1	Aque_Aqu2.1.37973_001	64.0	S	0.0
Sanmal_Sma_022765-T1	Spolac_c95648_g1_i2_m.11808c95648-g1	64.0	S	0.0
Sanmal_Sma_022765-T1	Coeast_Cast_sb804166	64.0	S	0.0
Sanmal_Sma_022765-T1	Drygla_Dgla_sb293668	64.0	S	0.0
Sanmal_Sma_022765-T1	Coemet_Cmet_scaffold22591_01	64.0	S	0.0
Sanmal_Sma_022765-T1	Emue_Em0017g932a.t1	64.0	S	0.0
Sanmal_Sma_022765-T1	Lampan_Lpan_13909_01	64.0	S	0.0
Sanmal_Sma_022765-T1	Mertsp_Mesp_sb609140	64.0	S	0.0
Sanmal_Sma_022765-T1	Eupdun_Edun_sb10645055	64.0	S	0.0
Sanmal_Sma_022765-T1	Xestes_maker-XT_scaffold3006-snap-gene-0.27-mRNA-1	64.0	S	0.0
Sanmal_Sma_022765-T1	Aaur_scaffold609.g1.t1	64.0	S	0.0
Sanmal_Sma_022765-T1	Plespi_Pspi_C602138_01	64.0	S	0.0
Sanmal_Sma_022765-T1	Pbac_sb2643729	64.0	S	0.0
Sanmal_Sma_022765-T1	Stycar_maker-SC_scaffold90983-snap-gene-0.9-mRNA-1	64.0	S	0.0
Sanmal_Sma_022765-T1	Halamb_c6690_g1_i2mm.7363	64.0	S	0.0
Sanmal_Sma_022765-T1	Eupdun_Edun_sb10645052	64.0	S	0.0
Sanmal_Sma_022765-T1	Stycar_maker-SC_scaffold64473-snap-gene-0.12-mRNA-1	64.0	S	0.0
Sanmal_Sma_022765-T1	Vmul_SimC396500	64.0	S	0.0
Sanmal_Sma_022765-T1	Horcal_Hcv1.av93.c3.g988.i1	64.0	S	0.0
Sanmal_Sma_022765-T1	Eupdun_Edun_sb10645054	64.0	S	0.0
Sanmal_Sma_022765-T1	Ocar_g9865	64.0	S	0.0
Sanmal_Sma_022765-T1	Opea_EP00118_Oscarella_pearsei_P029005	64.0	S	0.0
Sanmal_Sma_022765-T1	Eupdun_Edun_sb10645053	64.0	S	0.0
Acaspe_EP00035_Acanthoeca_spectabilis_P023289	Helnan_EP00037_Helgoeca_nana_P011942	100.0	S	0.0
Salmac_EP00052_Salpingoeca_macrocollata_P009868	Salpun_EP00053_Salpingoeca_punica_P011795	99.0	S	0.0
Sros_EGD76810	Choper_EP00045_Choanoeca_perplexa_P015408	100.0	S	0.0
Sros_EGD76810	Mbre_EDQ88082	100.0	S	0.0
Sros_EGD76810	Choper_EP00045_Choanoeca_perplexa_P015413	100.0	S	0.0
Sros_EGD76810	Chofle_EP00730_Choanoeca_flexa_P008169	100.0	S	0.0
Microa_EP00043_Microstomoeca_roanoka_P011476	Choper_EP00045_Choanoeca_perplexa_P015408	100.0	S	0.0
Microa_EP00043_Microstomoeca_roanoka_P011476	Mbre_EDQ88082	100.0	S	0.0
Microa_EP00043_Microstomoeca_roanoka_P011476	Choper_EP00045_Choanoeca_perplexa_P015413	100.0	S	0.0
Microa_EP00043_Microstomoeca_roanoka_P011476	Chofle_EP00730_Choanoeca_flexa_P008169	100.0	S	0.0
Salinf_EP00049_Salpingoeca_infusionum_P026733	Choper_EP00045_Choanoeca_perplexa_P015408	100.0	S	0.0
Salinf_EP00049_Salpingoeca_infusionum_P026733	Mbre_EDQ88082	100.0	S	0.0
Salinf_EP00049_Salpingoeca_infusionum_P026733	Choper_EP00045_Choanoeca_perplexa_P015413	100.0	S	0.0
Salinf_EP00049_Salpingoeca_infusionum_P026733	Chofle_EP00730_Choanoeca_flexa_P008169	100.0	S	0.0
HoiH06_mRNA8392	Hhon_g04564.t1	98.0	S	0.0
HoiH06_mRNA8392	HoiH04_mRNA2983	98.0	S	0.0
Tcas_TC006411_001	Dpul_mRNA30319	95.0	S	0.0
Spur_XM_003729814.3	Ctel_gnl_WGS_AMQN_CAPTEDRAFT_mRNA123077	47.0	S	0.0
Spur_XM_003729814.3	Hsap_ENST00000199814	47.0	S	0.0
Spur_XM_003729814.3	Bralan_BLAG15000821_1	47.0	S	0.0
Spur_XM_003729814.3	Acagra_model.g4018.t1	47.0	S	0.0
Spur_XM_003729814.3	Skow_XM_002741382.2	47.0	S	0.0
Spur_XM_003729814.3	Cgig_XM_011455940.3	47.0	S	0.0
Spur_XM_030979846.1	Ctel_gnl_WGS_AMQN_CAPTEDRAFT_mRNA123077	47.0	S	0.0
Spur_XM_030979846.1	Hsap_ENST00000199814	47.0	S	0.0
Spur_XM_030979846.1	Bralan_BLAG15000821_1	47.0	S	0.0
Spur_XM_030979846.1	Acagra_model.g4018.t1	47.0	S	0.0
Spur_XM_030979846.1	Skow_XM_002741382.2	47.0	S	0.0
Spur_XM_030979846.1	Cgig_XM_011455940.3	47.0	S	0.0
Xesp_022341-T1	Dgig_XM_028543784.1	100.0	S	0.0
Nvec_v1g225045	Spis_XP_022798685_1	100.0	S	0.0
Nvec_v1g225045	Fspp_ffun1.m4.30376.m1	100.0	S	0.0
Nvec_v1g225045	Pocdam_XM_027181812.1	100.0	S	0.0
Nvec_v1g225045	Adig_XM_015919965.1	100.0	S	0.0
Nvec_v1g225045	Amil_Amillepora10126-RA	100.0	S	0.0
Nvec_v1g225045	Gasp_gasp1.m3.6150.m1	100.0	S	0.0
Nvec_v1g225045	Gfas_gfas1.m1.1088.m1	100.0	S	0.0
Exapal_XM_021038793.2	Spis_XP_022798685_1	100.0	S	0.0
Exapal_XM_021038793.2	Fspp_ffun1.m4.30376.m1	100.0	S	0.0
Exapal_XM_021038793.2	Pocdam_XM_027181812.1	100.0	S	0.0
Exapal_XM_021038793.2	Adig_XM_015919965.1	100.0	S	0.0
Exapal_XM_021038793.2	Amil_Amillepora10126-RA	100.0	S	0.0
Exapal_XM_021038793.2	Gasp_gasp1.m3.6150.m1	100.0	S	0.0
Exapal_XM_021038793.2	Gfas_gfas1.m1.1088.m1	100.0	S	0.0
Nvec_v1g914	Spis_XP_022798685_1	100.0	S	0.0
Nvec_v1g914	Fspp_ffun1.m4.30376.m1	100.0	S	0.0
Nvec_v1g914	Pocdam_XM_027181812.1	100.0	S	0.0
Nvec_v1g914	Adig_XM_015919965.1	100.0	S	0.0
Nvec_v1g914	Amil_Amillepora10126-RA	100.0	S	0.0
Nvec_v1g914	Gasp_gasp1.m3.6150.m1	100.0	S	0.0
Nvec_v1g914	Gfas_gfas1.m1.1088.m1	100.0	S	0.0
Lcom_lcpid114428	Scil_scict000436.1	100.0	S	0.0
Lcom_lcpid114428	Leuniv_Lniv_scaffold5766_01	100.0	S	0.0
Lcom_lcpid114428	Gracom_Gcom_scaffold16437_01	100.0	S	0.0
Chem_TCONS_00050510	Morvir_scaffold157.g18.t1	44.0	S	0.0
Chem_TCONS_00050510	Morvir_scaffold1035.g1.t1	44.0	S	0.0
Chem_TCONS_00050510	Morvir_scaffold157.g19.t1	44.0	S	0.0
Chem_TCONS_00050510	Sanmal_Sma_008744-T1	44.0	S	0.0
Chem_TCONS_00050510	Nemnom_g2814.t1	44.0	S	0.0
Chem_TCONS_00050510	Sanmal_Sma_022765-T1	44.0	S	0.0
Hvul_g12058_1	Morvir_scaffold157.g18.t1	44.0	S	0.0
Hvul_g12058_1	Morvir_scaffold1035.g1.t1	44.0	S	0.0
Hvul_g12058_1	Morvir_scaffold157.g19.t1	44.0	S	0.0
Hvul_g12058_1	Sanmal_Sma_008744-T1	44.0	S	0.0
Hvul_g12058_1	Nemnom_g2814.t1	44.0	S	0.0
Hvul_g12058_1	Sanmal_Sma_022765-T1	44.0	S	0.0
Opea_EP00118_Oscarella_pearsei_P029005	Tetwil_g10236.t1	43.0	S	0.0
Opea_EP00118_Oscarella_pearsei_P029005	Beraby_Baby_sb342165	43.0	S	0.0
Opea_EP00118_Oscarella_pearsei_P029005	Beraby_Baby_sb342166	43.0	S	0.0
Opea_EP00118_Oscarella_pearsei_P029005	Mlei_ML2213.g16.i1	43.0	S	0.0
Opea_EP00118_Oscarella_pearsei_P029005	Coeast_Cast_sb804167	43.0	S	0.0
Opea_EP00118_Oscarella_pearsei_P029005	Spolac_c95648_g1_i1_m.11806c95648-g1	43.0	S	0.0
Opea_EP00118_Oscarella_pearsei_P029005	Aque_Aqu2.1.37973_001	43.0	S	0.0
Opea_EP00118_Oscarella_pearsei_P029005	Spolac_c95648_g1_i2_m.11808c95648-g1	43.0	S	0.0
Opea_EP00118_Oscarella_pearsei_P029005	Coeast_Cast_sb804166	43.0	S	0.0
Opea_EP00118_Oscarella_pearsei_P029005	Drygla_Dgla_sb293668	43.0	S	0.0
Opea_EP00118_Oscarella_pearsei_P029005	Coemet_Cmet_scaffold22591_01	43.0	S	0.0
Opea_EP00118_Oscarella_pearsei_P029005	Lampan_Lpan_13909_01	43.0	S	0.0
Opea_EP00118_Oscarella_pearsei_P029005	Mertsp_Mesp_sb609140	43.0	S	0.0
Opea_EP00118_Oscarella_pearsei_P029005	Eupdun_Edun_sb10645055	43.0	S	0.0
Opea_EP00118_Oscarella_pearsei_P029005	Xestes_maker-XT_scaffold3006-snap-gene-0.27-mRNA-1	43.0	S	0.0
Opea_EP00118_Oscarella_pearsei_P029005	Plespi_Pspi_C602138_01	43.0	S	0.0
Opea_EP00118_Oscarella_pearsei_P029005	Pbac_sb2643729	43.0	S	0.0
Opea_EP00118_Oscarella_pearsei_P029005	Stycar_maker-SC_scaffold90983-snap-gene-0.9-mRNA-1	43.0	S	0.0
Opea_EP00118_Oscarella_pearsei_P029005	Halamb_c6690_g1_i2mm.7363	43.0	S	0.0
Opea_EP00118_Oscarella_pearsei_P029005	Eupdun_Edun_sb10645052	43.0	S	0.0
Opea_EP00118_Oscarella_pearsei_P029005	Stycar_maker-SC_scaffold64473-snap-gene-0.12-mRNA-1	43.0	S	0.0
Opea_EP00118_Oscarella_pearsei_P029005	Vmul_SimC396500	43.0	S	0.0
Opea_EP00118_Oscarella_pearsei_P029005	Horcal_Hcv1.av93.c3.g988.i1	43.0	S	0.0
Opea_EP00118_Oscarella_pearsei_P029005	Eupdun_Edun_sb10645054	43.0	S	0.0
Opea_EP00118_Oscarella_pearsei_P029005	Emue_Em0017g932a.t1	43.0	S	0.0
Opea_EP00118_Oscarella_pearsei_P029005	Eupdun_Edun_sb10645053	43.0	S	0.0
Aaur_scaffold609.g1.t1	Tetwil_g10236.t1	43.0	S	0.0
Aaur_scaffold609.g1.t1	Beraby_Baby_sb342165	43.0	S	0.0
Aaur_scaffold609.g1.t1	Beraby_Baby_sb342166	43.0	S	0.0
Aaur_scaffold609.g1.t1	Mlei_ML2213.g16.i1	43.0	S	0.0
Aaur_scaffold609.g1.t1	Coeast_Cast_sb804167	43.0	S	0.0
Aaur_scaffold609.g1.t1	Spolac_c95648_g1_i1_m.11806c95648-g1	43.0	S	0.0
Aaur_scaffold609.g1.t1	Aque_Aqu2.1.37973_001	43.0	S	0.0
Aaur_scaffold609.g1.t1	Spolac_c95648_g1_i2_m.11808c95648-g1	43.0	S	0.0
Aaur_scaffold609.g1.t1	Coeast_Cast_sb804166	43.0	S	0.0
Aaur_scaffold609.g1.t1	Drygla_Dgla_sb293668	43.0	S	0.0
Aaur_scaffold609.g1.t1	Coemet_Cmet_scaffold22591_01	43.0	S	0.0
Aaur_scaffold609.g1.t1	Lampan_Lpan_13909_01	43.0	S	0.0
Aaur_scaffold609.g1.t1	Mertsp_Mesp_sb609140	43.0	S	0.0
Aaur_scaffold609.g1.t1	Eupdun_Edun_sb10645055	43.0	S	0.0
Aaur_scaffold609.g1.t1	Xestes_maker-XT_scaffold3006-snap-gene-0.27-mRNA-1	43.0	S	0.0
Aaur_scaffold609.g1.t1	Plespi_Pspi_C602138_01	43.0	S	0.0
Aaur_scaffold609.g1.t1	Pbac_sb2643729	43.0	S	0.0
Aaur_scaffold609.g1.t1	Stycar_maker-SC_scaffold90983-snap-gene-0.9-mRNA-1	43.0	S	0.0
Aaur_scaffold609.g1.t1	Halamb_c6690_g1_i2mm.7363	43.0	S	0.0
Aaur_scaffold609.g1.t1	Eupdun_Edun_sb10645052	43.0	S	0.0
Aaur_scaffold609.g1.t1	Stycar_maker-SC_scaffold64473-snap-gene-0.12-mRNA-1	43.0	S	0.0
Aaur_scaffold609.g1.t1	Vmul_SimC396500	43.0	S	0.0
Aaur_scaffold609.g1.t1	Horcal_Hcv1.av93.c3.g988.i1	43.0	S	0.0
Aaur_scaffold609.g1.t1	Eupdun_Edun_sb10645054	43.0	S	0.0
Aaur_scaffold609.g1.t1	Emue_Em0017g932a.t1	43.0	S	0.0
Aaur_scaffold609.g1.t1	Eupdun_Edun_sb10645053	43.0	S	0.0
Ocar_g9865	Tetwil_g10236.t1	43.0	S	0.0
Ocar_g9865	Beraby_Baby_sb342165	43.0	S	0.0
Ocar_g9865	Beraby_Baby_sb342166	43.0	S	0.0
Ocar_g9865	Mlei_ML2213.g16.i1	43.0	S	0.0
Ocar_g9865	Coeast_Cast_sb804167	43.0	S	0.0
Ocar_g9865	Spolac_c95648_g1_i1_m.11806c95648-g1	43.0	S	0.0
Ocar_g9865	Aque_Aqu2.1.37973_001	43.0	S	0.0
Ocar_g9865	Spolac_c95648_g1_i2_m.11808c95648-g1	43.0	S	0.0
Ocar_g9865	Coeast_Cast_sb804166	43.0	S	0.0
Ocar_g9865	Drygla_Dgla_sb293668	43.0	S	0.0
Ocar_g9865	Coemet_Cmet_scaffold22591_01	43.0	S	0.0
Ocar_g9865	Lampan_Lpan_13909_01	43.0	S	0.0
Ocar_g9865	Mertsp_Mesp_sb609140	43.0	S	0.0
Ocar_g9865	Eupdun_Edun_sb10645055	43.0	S	0.0
Ocar_g9865	Xestes_maker-XT_scaffold3006-snap-gene-0.27-mRNA-1	43.0	S	0.0
Ocar_g9865	Plespi_Pspi_C602138_01	43.0	S	0.0
Ocar_g9865	Pbac_sb2643729	43.0	S	0.0
Ocar_g9865	Stycar_maker-SC_scaffold90983-snap-gene-0.9-mRNA-1	43.0	S	0.0
Ocar_g9865	Halamb_c6690_g1_i2mm.7363	43.0	S	0.0
Ocar_g9865	Eupdun_Edun_sb10645052	43.0	S	0.0
Ocar_g9865	Stycar_maker-SC_scaffold64473-snap-gene-0.12-mRNA-1	43.0	S	0.0
Ocar_g9865	Vmul_SimC396500	43.0	S	0.0
Ocar_g9865	Horcal_Hcv1.av93.c3.g988.i1	43.0	S	0.0
Ocar_g9865	Eupdun_Edun_sb10645054	43.0	S	0.0
Ocar_g9865	Emue_Em0017g932a.t1	43.0	S	0.0
Ocar_g9865	Eupdun_Edun_sb10645053	43.0	S	0.0
Salinf_EP00049_Salpingoeca_infusionum_P026733	Sros_EGD76810	99.0	S	0.0
Salinf_EP00049_Salpingoeca_infusionum_P026733	Microa_EP00043_Microstomoeca_roanoka_P011476	99.0	S	0.0
Mbre_EDQ88082	Choper_EP00045_Choanoeca_perplexa_P015408	100.0	S	0.0
Mbre_EDQ88082	Choper_EP00045_Choanoeca_perplexa_P015413	100.0	S	0.0
Mbre_EDQ88082	Chofle_EP00730_Choanoeca_flexa_P008169	100.0	S	0.0
Hhon_g04564.t1	HoiH04_mRNA2983	100.0	S	0.0
Spur_XM_003729814.3	Spur_XM_030979846.1	100.0	D	1.0
Skow_XM_002741382.2	Ctel_gnl_WGS_AMQN_CAPTEDRAFT_mRNA123077	74.0	S	0.0
Skow_XM_002741382.2	Hsap_ENST00000199814	74.0	S	0.0
Skow_XM_002741382.2	Bralan_BLAG15000821_1	74.0	S	0.0
Skow_XM_002741382.2	Acagra_model.g4018.t1	74.0	S	0.0
Skow_XM_002741382.2	Cgig_XM_011455940.3	74.0	S	0.0
Exapal_XM_021038793.2	Nvec_v1g225045	100.0	S	0.0
Exapal_XM_021038793.2	Nvec_v1g914	100.0	S	0.0
Spis_XP_022798685_1	Fspp_ffun1.m4.30376.m1	100.0	S	0.0
Spis_XP_022798685_1	Adig_XM_015919965.1	100.0	S	0.0
Spis_XP_022798685_1	Amil_Amillepora10126-RA	100.0	S	0.0
Spis_XP_022798685_1	Gasp_gasp1.m3.6150.m1	100.0	S	0.0
Spis_XP_022798685_1	Gfas_gfas1.m1.1088.m1	100.0	S	0.0
Pocdam_XM_027181812.1	Fspp_ffun1.m4.30376.m1	100.0	S	0.0
Pocdam_XM_027181812.1	Adig_XM_015919965.1	100.0	S	0.0
Pocdam_XM_027181812.1	Amil_Amillepora10126-RA	100.0	S	0.0
Pocdam_XM_027181812.1	Gasp_gasp1.m3.6150.m1	100.0	S	0.0
Pocdam_XM_027181812.1	Gfas_gfas1.m1.1088.m1	100.0	S	0.0
Leuniv_Lniv_scaffold5766_01	Scil_scict000436.1	100.0	S	0.0
Leuniv_Lniv_scaffold5766_01	Gracom_Gcom_scaffold16437_01	100.0	S	0.0
Chem_TCONS_00050510	Hvul_g12058_1	100.0	S	0.0
Morvir_scaffold157.g19.t1	Nemnom_g2814.t1	46.0	S	0.0
Morvir_scaffold157.g19.t1	Sanmal_Sma_022765-T1	46.0	S	0.0
Morvir_scaffold157.g19.t1	Sanmal_Sma_008744-T1	46.0	S	0.0
Morvir_scaffold157.g18.t1	Nemnom_g2814.t1	46.0	S	0.0
Morvir_scaffold157.g18.t1	Sanmal_Sma_022765-T1	46.0	S	0.0
Morvir_scaffold157.g18.t1	Sanmal_Sma_008744-T1	46.0	S	0.0
Morvir_scaffold1035.g1.t1	Nemnom_g2814.t1	46.0	S	0.0
Morvir_scaffold1035.g1.t1	Sanmal_Sma_022765-T1	46.0	S	0.0
Morvir_scaffold1035.g1.t1	Sanmal_Sma_008744-T1	46.0	S	0.0
Aaur_scaffold609.g1.t1	Opea_EP00118_Oscarella_pearsei_P029005	23.0	S	0.0
Aaur_scaffold609.g1.t1	Ocar_g9865	23.0	S	0.0
Tetwil_g10236.t1	Beraby_Baby_sb342165	31.0	S	0.0
Tetwil_g10236.t1	Horcal_Hcv1.av93.c3.g988.i1	31.0	S	0.0
Tetwil_g10236.t1	Beraby_Baby_sb342166	31.0	S	0.0
Tetwil_g10236.t1	Mlei_ML2213.g16.i1	31.0	S	0.0
Tetwil_g10236.t1	Mertsp_Mesp_sb609140	31.0	S	0.0
Tetwil_g10236.t1	Lampan_Lpan_13909_01	31.0	S	0.0
Tetwil_g10236.t1	Plespi_Pspi_C602138_01	31.0	S	0.0
Tetwil_g10236.t1	Pbac_sb2643729	31.0	S	0.0
Tetwil_g10236.t1	Coeast_Cast_sb804167	31.0	S	0.0
Tetwil_g10236.t1	Coeast_Cast_sb804166	31.0	S	0.0
Tetwil_g10236.t1	Eupdun_Edun_sb10645054	31.0	S	0.0
Tetwil_g10236.t1	Drygla_Dgla_sb293668	31.0	S	0.0
Tetwil_g10236.t1	Coemet_Cmet_scaffold22591_01	31.0	S	0.0
Tetwil_g10236.t1	Eupdun_Edun_sb10645052	31.0	S	0.0
Tetwil_g10236.t1	Eupdun_Edun_sb10645055	31.0	S	0.0
Tetwil_g10236.t1	Vmul_SimC396500	31.0	S	0.0
Tetwil_g10236.t1	Eupdun_Edun_sb10645053	31.0	S	0.0
Spolac_c95648_g1_i1_m.11806c95648-g1	Beraby_Baby_sb342165	31.0	S	0.0
Spolac_c95648_g1_i1_m.11806c95648-g1	Horcal_Hcv1.av93.c3.g988.i1	31.0	S	0.0
Spolac_c95648_g1_i1_m.11806c95648-g1	Beraby_Baby_sb342166	31.0	S	0.0
Spolac_c95648_g1_i1_m.11806c95648-g1	Mlei_ML2213.g16.i1	31.0	S	0.0
Spolac_c95648_g1_i1_m.11806c95648-g1	Mertsp_Mesp_sb609140	31.0	S	0.0
Spolac_c95648_g1_i1_m.11806c95648-g1	Lampan_Lpan_13909_01	31.0	S	0.0
Spolac_c95648_g1_i1_m.11806c95648-g1	Plespi_Pspi_C602138_01	31.0	S	0.0
Spolac_c95648_g1_i1_m.11806c95648-g1	Pbac_sb2643729	31.0	S	0.0
Spolac_c95648_g1_i1_m.11806c95648-g1	Coeast_Cast_sb804167	31.0	S	0.0
Spolac_c95648_g1_i1_m.11806c95648-g1	Coeast_Cast_sb804166	31.0	S	0.0
Spolac_c95648_g1_i1_m.11806c95648-g1	Eupdun_Edun_sb10645054	31.0	S	0.0
Spolac_c95648_g1_i1_m.11806c95648-g1	Drygla_Dgla_sb293668	31.0	S	0.0
Spolac_c95648_g1_i1_m.11806c95648-g1	Coemet_Cmet_scaffold22591_01	31.0	S	0.0
Spolac_c95648_g1_i1_m.11806c95648-g1	Eupdun_Edun_sb10645052	31.0	S	0.0
Spolac_c95648_g1_i1_m.11806c95648-g1	Eupdun_Edun_sb10645055	31.0	S	0.0
Spolac_c95648_g1_i1_m.11806c95648-g1	Vmul_SimC396500	31.0	S	0.0
Spolac_c95648_g1_i1_m.11806c95648-g1	Eupdun_Edun_sb10645053	31.0	S	0.0
Aque_Aqu2.1.37973_001	Beraby_Baby_sb342165	31.0	S	0.0
Aque_Aqu2.1.37973_001	Horcal_Hcv1.av93.c3.g988.i1	31.0	S	0.0
Aque_Aqu2.1.37973_001	Beraby_Baby_sb342166	31.0	S	0.0
Aque_Aqu2.1.37973_001	Mlei_ML2213.g16.i1	31.0	S	0.0
Aque_Aqu2.1.37973_001	Mertsp_Mesp_sb609140	31.0	S	0.0
Aque_Aqu2.1.37973_001	Lampan_Lpan_13909_01	31.0	S	0.0
Aque_Aqu2.1.37973_001	Plespi_Pspi_C602138_01	31.0	S	0.0
Aque_Aqu2.1.37973_001	Pbac_sb2643729	31.0	S	0.0
Aque_Aqu2.1.37973_001	Coeast_Cast_sb804167	31.0	S	0.0
Aque_Aqu2.1.37973_001	Coeast_Cast_sb804166	31.0	S	0.0
Aque_Aqu2.1.37973_001	Eupdun_Edun_sb10645054	31.0	S	0.0
Aque_Aqu2.1.37973_001	Drygla_Dgla_sb293668	31.0	S	0.0
Aque_Aqu2.1.37973_001	Coemet_Cmet_scaffold22591_01	31.0	S	0.0
Aque_Aqu2.1.37973_001	Eupdun_Edun_sb10645052	31.0	S	0.0
Aque_Aqu2.1.37973_001	Eupdun_Edun_sb10645055	31.0	S	0.0
Aque_Aqu2.1.37973_001	Vmul_SimC396500	31.0	S	0.0
Aque_Aqu2.1.37973_001	Eupdun_Edun_sb10645053	31.0	S	0.0
Spolac_c95648_g1_i2_m.11808c95648-g1	Beraby_Baby_sb342165	31.0	S	0.0
Spolac_c95648_g1_i2_m.11808c95648-g1	Horcal_Hcv1.av93.c3.g988.i1	31.0	S	0.0
Spolac_c95648_g1_i2_m.11808c95648-g1	Beraby_Baby_sb342166	31.0	S	0.0
Spolac_c95648_g1_i2_m.11808c95648-g1	Mlei_ML2213.g16.i1	31.0	S	0.0
Spolac_c95648_g1_i2_m.11808c95648-g1	Mertsp_Mesp_sb609140	31.0	S	0.0
Spolac_c95648_g1_i2_m.11808c95648-g1	Lampan_Lpan_13909_01	31.0	S	0.0
Spolac_c95648_g1_i2_m.11808c95648-g1	Plespi_Pspi_C602138_01	31.0	S	0.0
Spolac_c95648_g1_i2_m.11808c95648-g1	Pbac_sb2643729	31.0	S	0.0
Spolac_c95648_g1_i2_m.11808c95648-g1	Coeast_Cast_sb804167	31.0	S	0.0
Spolac_c95648_g1_i2_m.11808c95648-g1	Coeast_Cast_sb804166	31.0	S	0.0
Spolac_c95648_g1_i2_m.11808c95648-g1	Eupdun_Edun_sb10645054	31.0	S	0.0
Spolac_c95648_g1_i2_m.11808c95648-g1	Drygla_Dgla_sb293668	31.0	S	0.0
Spolac_c95648_g1_i2_m.11808c95648-g1	Coemet_Cmet_scaffold22591_01	31.0	S	0.0
Spolac_c95648_g1_i2_m.11808c95648-g1	Eupdun_Edun_sb10645052	31.0	S	0.0
Spolac_c95648_g1_i2_m.11808c95648-g1	Eupdun_Edun_sb10645055	31.0	S	0.0
Spolac_c95648_g1_i2_m.11808c95648-g1	Vmul_SimC396500	31.0	S	0.0
Spolac_c95648_g1_i2_m.11808c95648-g1	Eupdun_Edun_sb10645053	31.0	S	0.0
Stycar_maker-SC_scaffold90983-snap-gene-0.9-mRNA-1	Beraby_Baby_sb342165	31.0	S	0.0
Stycar_maker-SC_scaffold90983-snap-gene-0.9-mRNA-1	Horcal_Hcv1.av93.c3.g988.i1	31.0	S	0.0
Stycar_maker-SC_scaffold90983-snap-gene-0.9-mRNA-1	Beraby_Baby_sb342166	31.0	S	0.0
Stycar_maker-SC_scaffold90983-snap-gene-0.9-mRNA-1	Mlei_ML2213.g16.i1	31.0	S	0.0
Stycar_maker-SC_scaffold90983-snap-gene-0.9-mRNA-1	Mertsp_Mesp_sb609140	31.0	S	0.0
Stycar_maker-SC_scaffold90983-snap-gene-0.9-mRNA-1	Lampan_Lpan_13909_01	31.0	S	0.0
Stycar_maker-SC_scaffold90983-snap-gene-0.9-mRNA-1	Plespi_Pspi_C602138_01	31.0	S	0.0
Stycar_maker-SC_scaffold90983-snap-gene-0.9-mRNA-1	Pbac_sb2643729	31.0	S	0.0
Stycar_maker-SC_scaffold90983-snap-gene-0.9-mRNA-1	Coeast_Cast_sb804167	31.0	S	0.0
Stycar_maker-SC_scaffold90983-snap-gene-0.9-mRNA-1	Coeast_Cast_sb804166	31.0	S	0.0
Stycar_maker-SC_scaffold90983-snap-gene-0.9-mRNA-1	Eupdun_Edun_sb10645054	31.0	S	0.0
Stycar_maker-SC_scaffold90983-snap-gene-0.9-mRNA-1	Drygla_Dgla_sb293668	31.0	S	0.0
Stycar_maker-SC_scaffold90983-snap-gene-0.9-mRNA-1	Coemet_Cmet_scaffold22591_01	31.0	S	0.0
Stycar_maker-SC_scaffold90983-snap-gene-0.9-mRNA-1	Eupdun_Edun_sb10645052	31.0	S	0.0
Stycar_maker-SC_scaffold90983-snap-gene-0.9-mRNA-1	Eupdun_Edun_sb10645055	31.0	S	0.0
Stycar_maker-SC_scaffold90983-snap-gene-0.9-mRNA-1	Vmul_SimC396500	31.0	S	0.0
Stycar_maker-SC_scaffold90983-snap-gene-0.9-mRNA-1	Eupdun_Edun_sb10645053	31.0	S	0.0
Halamb_c6690_g1_i2mm.7363	Beraby_Baby_sb342165	31.0	S	0.0
Halamb_c6690_g1_i2mm.7363	Horcal_Hcv1.av93.c3.g988.i1	31.0	S	0.0
Halamb_c6690_g1_i2mm.7363	Beraby_Baby_sb342166	31.0	S	0.0
Halamb_c6690_g1_i2mm.7363	Mlei_ML2213.g16.i1	31.0	S	0.0
Halamb_c6690_g1_i2mm.7363	Mertsp_Mesp_sb609140	31.0	S	0.0
Halamb_c6690_g1_i2mm.7363	Lampan_Lpan_13909_01	31.0	S	0.0
Halamb_c6690_g1_i2mm.7363	Plespi_Pspi_C602138_01	31.0	S	0.0
Halamb_c6690_g1_i2mm.7363	Pbac_sb2643729	31.0	S	0.0
Halamb_c6690_g1_i2mm.7363	Coeast_Cast_sb804167	31.0	S	0.0
Halamb_c6690_g1_i2mm.7363	Coeast_Cast_sb804166	31.0	S	0.0
Halamb_c6690_g1_i2mm.7363	Eupdun_Edun_sb10645054	31.0	S	0.0
Halamb_c6690_g1_i2mm.7363	Drygla_Dgla_sb293668	31.0	S	0.0
Halamb_c6690_g1_i2mm.7363	Coemet_Cmet_scaffold22591_01	31.0	S	0.0
Halamb_c6690_g1_i2mm.7363	Eupdun_Edun_sb10645052	31.0	S	0.0
Halamb_c6690_g1_i2mm.7363	Eupdun_Edun_sb10645055	31.0	S	0.0
Halamb_c6690_g1_i2mm.7363	Vmul_SimC396500	31.0	S	0.0
Halamb_c6690_g1_i2mm.7363	Eupdun_Edun_sb10645053	31.0	S	0.0
Stycar_maker-SC_scaffold64473-snap-gene-0.12-mRNA-1	Beraby_Baby_sb342165	31.0	S	0.0
Stycar_maker-SC_scaffold64473-snap-gene-0.12-mRNA-1	Horcal_Hcv1.av93.c3.g988.i1	31.0	S	0.0
Stycar_maker-SC_scaffold64473-snap-gene-0.12-mRNA-1	Beraby_Baby_sb342166	31.0	S	0.0
Stycar_maker-SC_scaffold64473-snap-gene-0.12-mRNA-1	Mlei_ML2213.g16.i1	31.0	S	0.0
Stycar_maker-SC_scaffold64473-snap-gene-0.12-mRNA-1	Mertsp_Mesp_sb609140	31.0	S	0.0
Stycar_maker-SC_scaffold64473-snap-gene-0.12-mRNA-1	Lampan_Lpan_13909_01	31.0	S	0.0
Stycar_maker-SC_scaffold64473-snap-gene-0.12-mRNA-1	Plespi_Pspi_C602138_01	31.0	S	0.0
Stycar_maker-SC_scaffold64473-snap-gene-0.12-mRNA-1	Pbac_sb2643729	31.0	S	0.0
Stycar_maker-SC_scaffold64473-snap-gene-0.12-mRNA-1	Coeast_Cast_sb804167	31.0	S	0.0
Stycar_maker-SC_scaffold64473-snap-gene-0.12-mRNA-1	Coeast_Cast_sb804166	31.0	S	0.0
Stycar_maker-SC_scaffold64473-snap-gene-0.12-mRNA-1	Eupdun_Edun_sb10645054	31.0	S	0.0
Stycar_maker-SC_scaffold64473-snap-gene-0.12-mRNA-1	Drygla_Dgla_sb293668	31.0	S	0.0
Stycar_maker-SC_scaffold64473-snap-gene-0.12-mRNA-1	Coemet_Cmet_scaffold22591_01	31.0	S	0.0
Stycar_maker-SC_scaffold64473-snap-gene-0.12-mRNA-1	Eupdun_Edun_sb10645052	31.0	S	0.0
Stycar_maker-SC_scaffold64473-snap-gene-0.12-mRNA-1	Eupdun_Edun_sb10645055	31.0	S	0.0
Stycar_maker-SC_scaffold64473-snap-gene-0.12-mRNA-1	Vmul_SimC396500	31.0	S	0.0
Stycar_maker-SC_scaffold64473-snap-gene-0.12-mRNA-1	Eupdun_Edun_sb10645053	31.0	S	0.0
Emue_Em0017g932a.t1	Beraby_Baby_sb342165	31.0	S	0.0
Emue_Em0017g932a.t1	Horcal_Hcv1.av93.c3.g988.i1	31.0	S	0.0
Emue_Em0017g932a.t1	Beraby_Baby_sb342166	31.0	S	0.0
Emue_Em0017g932a.t1	Mlei_ML2213.g16.i1	31.0	S	0.0
Emue_Em0017g932a.t1	Mertsp_Mesp_sb609140	31.0	S	0.0
Emue_Em0017g932a.t1	Lampan_Lpan_13909_01	31.0	S	0.0
Emue_Em0017g932a.t1	Plespi_Pspi_C602138_01	31.0	S	0.0
Emue_Em0017g932a.t1	Pbac_sb2643729	31.0	S	0.0
Emue_Em0017g932a.t1	Coeast_Cast_sb804167	31.0	S	0.0
Emue_Em0017g932a.t1	Coeast_Cast_sb804166	31.0	S	0.0
Emue_Em0017g932a.t1	Eupdun_Edun_sb10645054	31.0	S	0.0
Emue_Em0017g932a.t1	Drygla_Dgla_sb293668	31.0	S	0.0
Emue_Em0017g932a.t1	Coemet_Cmet_scaffold22591_01	31.0	S	0.0
Emue_Em0017g932a.t1	Eupdun_Edun_sb10645052	31.0	S	0.0
Emue_Em0017g932a.t1	Eupdun_Edun_sb10645055	31.0	S	0.0
Emue_Em0017g932a.t1	Vmul_SimC396500	31.0	S	0.0
Emue_Em0017g932a.t1	Eupdun_Edun_sb10645053	31.0	S	0.0
Xestes_maker-XT_scaffold3006-snap-gene-0.27-mRNA-1	Beraby_Baby_sb342165	31.0	S	0.0
Xestes_maker-XT_scaffold3006-snap-gene-0.27-mRNA-1	Horcal_Hcv1.av93.c3.g988.i1	31.0	S	0.0
Xestes_maker-XT_scaffold3006-snap-gene-0.27-mRNA-1	Beraby_Baby_sb342166	31.0	S	0.0
Xestes_maker-XT_scaffold3006-snap-gene-0.27-mRNA-1	Mlei_ML2213.g16.i1	31.0	S	0.0
Xestes_maker-XT_scaffold3006-snap-gene-0.27-mRNA-1	Mertsp_Mesp_sb609140	31.0	S	0.0
Xestes_maker-XT_scaffold3006-snap-gene-0.27-mRNA-1	Lampan_Lpan_13909_01	31.0	S	0.0
Xestes_maker-XT_scaffold3006-snap-gene-0.27-mRNA-1	Plespi_Pspi_C602138_01	31.0	S	0.0
Xestes_maker-XT_scaffold3006-snap-gene-0.27-mRNA-1	Pbac_sb2643729	31.0	S	0.0
Xestes_maker-XT_scaffold3006-snap-gene-0.27-mRNA-1	Coeast_Cast_sb804167	31.0	S	0.0
Xestes_maker-XT_scaffold3006-snap-gene-0.27-mRNA-1	Coeast_Cast_sb804166	31.0	S	0.0
Xestes_maker-XT_scaffold3006-snap-gene-0.27-mRNA-1	Eupdun_Edun_sb10645054	31.0	S	0.0
Xestes_maker-XT_scaffold3006-snap-gene-0.27-mRNA-1	Drygla_Dgla_sb293668	31.0	S	0.0
Xestes_maker-XT_scaffold3006-snap-gene-0.27-mRNA-1	Coemet_Cmet_scaffold22591_01	31.0	S	0.0
Xestes_maker-XT_scaffold3006-snap-gene-0.27-mRNA-1	Eupdun_Edun_sb10645052	31.0	S	0.0
Xestes_maker-XT_scaffold3006-snap-gene-0.27-mRNA-1	Eupdun_Edun_sb10645055	31.0	S	0.0
Xestes_maker-XT_scaffold3006-snap-gene-0.27-mRNA-1	Vmul_SimC396500	31.0	S	0.0
Xestes_maker-XT_scaffold3006-snap-gene-0.27-mRNA-1	Eupdun_Edun_sb10645053	31.0	S	0.0
Microa_EP00043_Microstomoeca_roanoka_P011476	Sros_EGD76810	100.0	S	0.0
Bralan_BLAG15000821_1	Acagra_model.g4018.t1	65.0	S	0.0
Bralan_BLAG15000821_1	Ctel_gnl_WGS_AMQN_CAPTEDRAFT_mRNA123077	65.0	S	0.0
Bralan_BLAG15000821_1	Cgig_XM_011455940.3	65.0	S	0.0
Hsap_ENST00000199814	Acagra_model.g4018.t1	65.0	S	0.0
Hsap_ENST00000199814	Ctel_gnl_WGS_AMQN_CAPTEDRAFT_mRNA123077	65.0	S	0.0
Hsap_ENST00000199814	Cgig_XM_011455940.3	65.0	S	0.0
Nvec_v1g914	Nvec_v1g225045	100.0	D	1.0
Spis_XP_022798685_1	Pocdam_XM_027181812.1	100.0	S	0.0
Fspp_ffun1.m4.30376.m1	Gasp_gasp1.m3.6150.m1	98.0	S	0.0
Fspp_ffun1.m4.30376.m1	Adig_XM_015919965.1	98.0	S	0.0
Fspp_ffun1.m4.30376.m1	Amil_Amillepora10126-RA	98.0	S	0.0
Fspp_ffun1.m4.30376.m1	Gfas_gfas1.m1.1088.m1	98.0	S	0.0
Scil_scict000436.1	Gracom_Gcom_scaffold16437_01	100.0	S	0.0
Morvir_scaffold1035.g1.t1	Morvir_scaffold157.g19.t1	100.0	D	1.0
Morvir_scaffold1035.g1.t1	Morvir_scaffold157.g18.t1	100.0	D	1.0
Nemnom_g2814.t1	Sanmal_Sma_022765-T1	88.0	S	0.0
Nemnom_g2814.t1	Sanmal_Sma_008744-T1	88.0	S	0.0
Opea_EP00118_Oscarella_pearsei_P029005	Ocar_g9865	100.0	S	0.0
Xestes_maker-XT_scaffold3006-snap-gene-0.27-mRNA-1	Tetwil_g10236.t1	100.0	S	0.0
Xestes_maker-XT_scaffold3006-snap-gene-0.27-mRNA-1	Spolac_c95648_g1_i1_m.11806c95648-g1	100.0	S	0.0
Xestes_maker-XT_scaffold3006-snap-gene-0.27-mRNA-1	Stycar_maker-SC_scaffold90983-snap-gene-0.9-mRNA-1	100.0	S	0.0
Xestes_maker-XT_scaffold3006-snap-gene-0.27-mRNA-1	Spolac_c95648_g1_i2_m.11808c95648-g1	100.0	S	0.0
Xestes_maker-XT_scaffold3006-snap-gene-0.27-mRNA-1	Stycar_maker-SC_scaffold64473-snap-gene-0.12-mRNA-1	100.0	S	0.0
Xestes_maker-XT_scaffold3006-snap-gene-0.27-mRNA-1	Emue_Em0017g932a.t1	100.0	S	0.0
Halamb_c6690_g1_i2mm.7363	Tetwil_g10236.t1	100.0	S	0.0
Halamb_c6690_g1_i2mm.7363	Spolac_c95648_g1_i1_m.11806c95648-g1	100.0	S	0.0
Halamb_c6690_g1_i2mm.7363	Stycar_maker-SC_scaffold90983-snap-gene-0.9-mRNA-1	100.0	S	0.0
Halamb_c6690_g1_i2mm.7363	Spolac_c95648_g1_i2_m.11808c95648-g1	100.0	S	0.0
Halamb_c6690_g1_i2mm.7363	Stycar_maker-SC_scaffold64473-snap-gene-0.12-mRNA-1	100.0	S	0.0
Halamb_c6690_g1_i2mm.7363	Emue_Em0017g932a.t1	100.0	S	0.0
Aque_Aqu2.1.37973_001	Tetwil_g10236.t1	100.0	S	0.0
Aque_Aqu2.1.37973_001	Spolac_c95648_g1_i1_m.11806c95648-g1	100.0	S	0.0
Aque_Aqu2.1.37973_001	Stycar_maker-SC_scaffold90983-snap-gene-0.9-mRNA-1	100.0	S	0.0
Aque_Aqu2.1.37973_001	Spolac_c95648_g1_i2_m.11808c95648-g1	100.0	S	0.0
Aque_Aqu2.1.37973_001	Stycar_maker-SC_scaffold64473-snap-gene-0.12-mRNA-1	100.0	S	0.0
Aque_Aqu2.1.37973_001	Emue_Em0017g932a.t1	100.0	S	0.0
Plespi_Pspi_C602138_01	Beraby_Baby_sb342165	39.0	S	0.0
Plespi_Pspi_C602138_01	Horcal_Hcv1.av93.c3.g988.i1	39.0	S	0.0
Plespi_Pspi_C602138_01	Beraby_Baby_sb342166	39.0	S	0.0
Plespi_Pspi_C602138_01	Mlei_ML2213.g16.i1	39.0	S	0.0
Plespi_Pspi_C602138_01	Mertsp_Mesp_sb609140	39.0	S	0.0
Plespi_Pspi_C602138_01	Lampan_Lpan_13909_01	39.0	S	0.0
Plespi_Pspi_C602138_01	Pbac_sb2643729	39.0	S	0.0
Plespi_Pspi_C602138_01	Coeast_Cast_sb804167	39.0	S	0.0
Plespi_Pspi_C602138_01	Coeast_Cast_sb804166	39.0	S	0.0
Plespi_Pspi_C602138_01	Eupdun_Edun_sb10645054	39.0	S	0.0
Plespi_Pspi_C602138_01	Drygla_Dgla_sb293668	39.0	S	0.0
Plespi_Pspi_C602138_01	Coemet_Cmet_scaffold22591_01	39.0	S	0.0
Plespi_Pspi_C602138_01	Eupdun_Edun_sb10645052	39.0	S	0.0
Plespi_Pspi_C602138_01	Eupdun_Edun_sb10645055	39.0	S	0.0
Plespi_Pspi_C602138_01	Vmul_SimC396500	39.0	S	0.0
Plespi_Pspi_C602138_01	Eupdun_Edun_sb10645053	39.0	S	0.0
Choper_EP00045_Choanoeca_perplexa_P015408	Chofle_EP00730_Choanoeca_flexa_P008169	73.0	S	0.0
Bralan_BLAG15000821_1	Hsap_ENST00000199814	89.0	S	0.0
Ctel_gnl_WGS_AMQN_CAPTEDRAFT_mRNA123077	Acagra_model.g4018.t1	92.0	S	0.0
Ctel_gnl_WGS_AMQN_CAPTEDRAFT_mRNA123077	Cgig_XM_011455940.3	92.0	S	0.0
Gasp_gasp1.m3.6150.m1	Adig_XM_015919965.1	89.0	S	0.0
Gasp_gasp1.m3.6150.m1	Amil_Amillepora10126-RA	89.0	S	0.0
Gasp_gasp1.m3.6150.m1	Gfas_gfas1.m1.1088.m1	89.0	S	0.0
Morvir_scaffold157.g18.t1	Morvir_scaffold157.g19.t1	66.0	D	1.0
Sanmal_Sma_022765-T1	Sanmal_Sma_008744-T1	99.0	D	1.0
Aque_Aqu2.1.37973_001	Xestes_maker-XT_scaffold3006-snap-gene-0.27-mRNA-1	100.0	S	0.0
Aque_Aqu2.1.37973_001	Halamb_c6690_g1_i2mm.7363	100.0	S	0.0
Tetwil_g10236.t1	Spolac_c95648_g1_i1_m.11806c95648-g1	100.0	S	0.0
Tetwil_g10236.t1	Stycar_maker-SC_scaffold90983-snap-gene-0.9-mRNA-1	100.0	S	0.0
Tetwil_g10236.t1	Spolac_c95648_g1_i2_m.11808c95648-g1	100.0	S	0.0
Tetwil_g10236.t1	Stycar_maker-SC_scaffold64473-snap-gene-0.12-mRNA-1	100.0	S	0.0
Tetwil_g10236.t1	Emue_Em0017g932a.t1	100.0	S	0.0
Eupdun_Edun_sb10645055	Beraby_Baby_sb342165	100.0	S	0.0
Eupdun_Edun_sb10645055	Horcal_Hcv1.av93.c3.g988.i1	100.0	S	0.0
Eupdun_Edun_sb10645055	Beraby_Baby_sb342166	100.0	S	0.0
Eupdun_Edun_sb10645055	Mlei_ML2213.g16.i1	100.0	S	0.0
Eupdun_Edun_sb10645055	Mertsp_Mesp_sb609140	100.0	S	0.0
Eupdun_Edun_sb10645055	Lampan_Lpan_13909_01	100.0	S	0.0
Eupdun_Edun_sb10645055	Coeast_Cast_sb804167	100.0	S	0.0
Eupdun_Edun_sb10645055	Pbac_sb2643729	100.0	S	0.0
Eupdun_Edun_sb10645055	Coeast_Cast_sb804166	100.0	S	0.0
Eupdun_Edun_sb10645055	Drygla_Dgla_sb293668	100.0	S	0.0
Eupdun_Edun_sb10645055	Coemet_Cmet_scaffold22591_01	100.0	S	0.0
Eupdun_Edun_sb10645055	Vmul_SimC396500	100.0	S	0.0
Eupdun_Edun_sb10645054	Beraby_Baby_sb342165	100.0	S	0.0
Eupdun_Edun_sb10645054	Horcal_Hcv1.av93.c3.g988.i1	100.0	S	0.0
Eupdun_Edun_sb10645054	Beraby_Baby_sb342166	100.0	S	0.0
Eupdun_Edun_sb10645054	Mlei_ML2213.g16.i1	100.0	S	0.0
Eupdun_Edun_sb10645054	Mertsp_Mesp_sb609140	100.0	S	0.0
Eupdun_Edun_sb10645054	Lampan_Lpan_13909_01	100.0	S	0.0
Eupdun_Edun_sb10645054	Coeast_Cast_sb804167	100.0	S	0.0
Eupdun_Edun_sb10645054	Pbac_sb2643729	100.0	S	0.0
Eupdun_Edun_sb10645054	Coeast_Cast_sb804166	100.0	S	0.0
Eupdun_Edun_sb10645054	Drygla_Dgla_sb293668	100.0	S	0.0
Eupdun_Edun_sb10645054	Coemet_Cmet_scaffold22591_01	100.0	S	0.0
Eupdun_Edun_sb10645054	Vmul_SimC396500	100.0	S	0.0
Eupdun_Edun_sb10645052	Beraby_Baby_sb342165	100.0	S	0.0
Eupdun_Edun_sb10645052	Horcal_Hcv1.av93.c3.g988.i1	100.0	S	0.0
Eupdun_Edun_sb10645052	Beraby_Baby_sb342166	100.0	S	0.0
Eupdun_Edun_sb10645052	Mlei_ML2213.g16.i1	100.0	S	0.0
Eupdun_Edun_sb10645052	Mertsp_Mesp_sb609140	100.0	S	0.0
Eupdun_Edun_sb10645052	Lampan_Lpan_13909_01	100.0	S	0.0
Eupdun_Edun_sb10645052	Coeast_Cast_sb804167	100.0	S	0.0
Eupdun_Edun_sb10645052	Pbac_sb2643729	100.0	S	0.0
Eupdun_Edun_sb10645052	Coeast_Cast_sb804166	100.0	S	0.0
Eupdun_Edun_sb10645052	Drygla_Dgla_sb293668	100.0	S	0.0
Eupdun_Edun_sb10645052	Coemet_Cmet_scaffold22591_01	100.0	S	0.0
Eupdun_Edun_sb10645052	Vmul_SimC396500	100.0	S	0.0
Eupdun_Edun_sb10645053	Beraby_Baby_sb342165	100.0	S	0.0
Eupdun_Edun_sb10645053	Horcal_Hcv1.av93.c3.g988.i1	100.0	S	0.0
Eupdun_Edun_sb10645053	Beraby_Baby_sb342166	100.0	S	0.0
Eupdun_Edun_sb10645053	Mlei_ML2213.g16.i1	100.0	S	0.0
Eupdun_Edun_sb10645053	Mertsp_Mesp_sb609140	100.0	S	0.0
Eupdun_Edun_sb10645053	Lampan_Lpan_13909_01	100.0	S	0.0
Eupdun_Edun_sb10645053	Coeast_Cast_sb804167	100.0	S	0.0
Eupdun_Edun_sb10645053	Pbac_sb2643729	100.0	S	0.0
Eupdun_Edun_sb10645053	Coeast_Cast_sb804166	100.0	S	0.0
Eupdun_Edun_sb10645053	Drygla_Dgla_sb293668	100.0	S	0.0
Eupdun_Edun_sb10645053	Coemet_Cmet_scaffold22591_01	100.0	S	0.0
Eupdun_Edun_sb10645053	Vmul_SimC396500	100.0	S	0.0
Cgig_XM_011455940.3	Acagra_model.g4018.t1	95.0	S	0.0
Gfas_gfas1.m1.1088.m1	Adig_XM_015919965.1	100.0	S	0.0
Gfas_gfas1.m1.1088.m1	Amil_Amillepora10126-RA	100.0	S	0.0
Halamb_c6690_g1_i2mm.7363	Xestes_maker-XT_scaffold3006-snap-gene-0.27-mRNA-1	96.0	S	0.0
Stycar_maker-SC_scaffold90983-snap-gene-0.9-mRNA-1	Emue_Em0017g932a.t1	98.0	S	0.0
Stycar_maker-SC_scaffold90983-snap-gene-0.9-mRNA-1	Spolac_c95648_g1_i1_m.11806c95648-g1	98.0	S	0.0
Stycar_maker-SC_scaffold90983-snap-gene-0.9-mRNA-1	Spolac_c95648_g1_i2_m.11808c95648-g1	98.0	S	0.0
Stycar_maker-SC_scaffold64473-snap-gene-0.12-mRNA-1	Emue_Em0017g932a.t1	98.0	S	0.0
Stycar_maker-SC_scaffold64473-snap-gene-0.12-mRNA-1	Spolac_c95648_g1_i1_m.11806c95648-g1	98.0	S	0.0
Stycar_maker-SC_scaffold64473-snap-gene-0.12-mRNA-1	Spolac_c95648_g1_i2_m.11808c95648-g1	98.0	S	0.0
Eupdun_Edun_sb10645054	Eupdun_Edun_sb10645055	100.0	D	1.0
Eupdun_Edun_sb10645054	Eupdun_Edun_sb10645053	100.0	D	1.0
Eupdun_Edun_sb10645052	Eupdun_Edun_sb10645055	100.0	D	1.0
Eupdun_Edun_sb10645052	Eupdun_Edun_sb10645053	100.0	D	1.0
Lampan_Lpan_13909_01	Beraby_Baby_sb342165	95.0	S	0.0
Lampan_Lpan_13909_01	Horcal_Hcv1.av93.c3.g988.i1	95.0	S	0.0
Lampan_Lpan_13909_01	Beraby_Baby_sb342166	95.0	S	0.0
Lampan_Lpan_13909_01	Mlei_ML2213.g16.i1	95.0	S	0.0
Lampan_Lpan_13909_01	Mertsp_Mesp_sb609140	95.0	S	0.0
Lampan_Lpan_13909_01	Pbac_sb2643729	95.0	S	0.0
Lampan_Lpan_13909_01	Coeast_Cast_sb804167	95.0	S	0.0
Lampan_Lpan_13909_01	Coeast_Cast_sb804166	95.0	S	0.0
Lampan_Lpan_13909_01	Drygla_Dgla_sb293668	95.0	S	0.0
Lampan_Lpan_13909_01	Coemet_Cmet_scaffold22591_01	95.0	S	0.0
Lampan_Lpan_13909_01	Vmul_SimC396500	95.0	S	0.0
Amil_Amillepora10126-RA	Adig_XM_015919965.1	100.0	S	0.0
Stycar_maker-SC_scaffold90983-snap-gene-0.9-mRNA-1	Stycar_maker-SC_scaffold64473-snap-gene-0.12-mRNA-1	100.0	D	1.0
Eupdun_Edun_sb10645052	Eupdun_Edun_sb10645054	47.0	D	1.0
Eupdun_Edun_sb10645053	Eupdun_Edun_sb10645055	69.0	D	1.0
Mlei_ML2213.g16.i1	Beraby_Baby_sb342165	92.0	S	0.0
Mlei_ML2213.g16.i1	Horcal_Hcv1.av93.c3.g988.i1	92.0	S	0.0
Mlei_ML2213.g16.i1	Beraby_Baby_sb342166	92.0	S	0.0
Mlei_ML2213.g16.i1	Mertsp_Mesp_sb609140	92.0	S	0.0
Mlei_ML2213.g16.i1	Pbac_sb2643729	92.0	S	0.0
Mlei_ML2213.g16.i1	Coeast_Cast_sb804167	92.0	S	0.0
Mlei_ML2213.g16.i1	Coeast_Cast_sb804166	92.0	S	0.0
Mlei_ML2213.g16.i1	Drygla_Dgla_sb293668	92.0	S	0.0
Mlei_ML2213.g16.i1	Coemet_Cmet_scaffold22591_01	92.0	S	0.0
Mlei_ML2213.g16.i1	Vmul_SimC396500	92.0	S	0.0
Spolac_c95648_g1_i2_m.11808c95648-g1	Emue_Em0017g932a.t1	97.0	S	0.0
Beraby_Baby_sb342165	Horcal_Hcv1.av93.c3.g988.i1	36.0	S	0.0
Beraby_Baby_sb342165	Mertsp_Mesp_sb609140	36.0	S	0.0
Beraby_Baby_sb342165	Pbac_sb2643729	36.0	S	0.0
Beraby_Baby_sb342165	Coeast_Cast_sb804167	36.0	S	0.0
Beraby_Baby_sb342165	Coeast_Cast_sb804166	36.0	S	0.0
Beraby_Baby_sb342165	Drygla_Dgla_sb293668	36.0	S	0.0
Beraby_Baby_sb342165	Coemet_Cmet_scaffold22591_01	36.0	S	0.0
Beraby_Baby_sb342165	Vmul_SimC396500	36.0	S	0.0
Beraby_Baby_sb342166	Horcal_Hcv1.av93.c3.g988.i1	36.0	S	0.0
Beraby_Baby_sb342166	Mertsp_Mesp_sb609140	36.0	S	0.0
Beraby_Baby_sb342166	Pbac_sb2643729	36.0	S	0.0
Beraby_Baby_sb342166	Coeast_Cast_sb804167	36.0	S	0.0
Beraby_Baby_sb342166	Coeast_Cast_sb804166	36.0	S	0.0
Beraby_Baby_sb342166	Drygla_Dgla_sb293668	36.0	S	0.0
Beraby_Baby_sb342166	Coemet_Cmet_scaffold22591_01	36.0	S	0.0
Beraby_Baby_sb342166	Vmul_SimC396500	36.0	S	0.0
Beraby_Baby_sb342165	Beraby_Baby_sb342166	100.0	D	1.0
Mertsp_Mesp_sb609140	Horcal_Hcv1.av93.c3.g988.i1	30.0	S	0.0
Mertsp_Mesp_sb609140	Coeast_Cast_sb804167	30.0	S	0.0
Mertsp_Mesp_sb609140	Pbac_sb2643729	30.0	S	0.0
Mertsp_Mesp_sb609140	Coeast_Cast_sb804166	30.0	S	0.0
Mertsp_Mesp_sb609140	Drygla_Dgla_sb293668	30.0	S	0.0
Mertsp_Mesp_sb609140	Coemet_Cmet_scaffold22591_01	30.0	S	0.0
Mertsp_Mesp_sb609140	Vmul_SimC396500	30.0	S	0.0
Pbac_sb2643729	Coeast_Cast_sb804167	47.0	S	0.0
Pbac_sb2643729	Coeast_Cast_sb804166	47.0	S	0.0
Pbac_sb2643729	Drygla_Dgla_sb293668	47.0	S	0.0
Pbac_sb2643729	Coemet_Cmet_scaffold22591_01	47.0	S	0.0
Pbac_sb2643729	Vmul_SimC396500	47.0	S	0.0
Horcal_Hcv1.av93.c3.g988.i1	Coeast_Cast_sb804167	47.0	S	0.0
Horcal_Hcv1.av93.c3.g988.i1	Coeast_Cast_sb804166	47.0	S	0.0
Horcal_Hcv1.av93.c3.g988.i1	Drygla_Dgla_sb293668	47.0	S	0.0
Horcal_Hcv1.av93.c3.g988.i1	Coemet_Cmet_scaffold22591_01	47.0	S	0.0
Horcal_Hcv1.av93.c3.g988.i1	Vmul_SimC396500	47.0	S	0.0
Horcal_Hcv1.av93.c3.g988.i1	Pbac_sb2643729	100.0	S	0.0
Drygla_Dgla_sb293668	Vmul_SimC396500	61.0	S	0.0
Drygla_Dgla_sb293668	Coeast_Cast_sb804167	61.0	S	0.0
Drygla_Dgla_sb293668	Coeast_Cast_sb804166	61.0	S	0.0
Drygla_Dgla_sb293668	Coemet_Cmet_scaffold22591_01	61.0	S	0.0
Vmul_SimC396500	Coeast_Cast_sb804167	100.0	S	0.0
Vmul_SimC396500	Coeast_Cast_sb804166	100.0	S	0.0
Vmul_SimC396500	Coemet_Cmet_scaffold22591_01	100.0	S	0.0
Coemet_Cmet_scaffold22591_01	Coeast_Cast_sb804167	100.0	S	0.0
Coemet_Cmet_scaffold22591_01	Coeast_Cast_sb804166	100.0	S	0.0
Coeast_Cast_sb804166	Coeast_Cast_sb804167	100.0	D	1.0
