in_gene	out_gene	branch_support	ev_type	sos
Saldol_EP00054_Salpingoeca_dolichothecata_P021433	Nvec_v1g176382	1.0	S	0.0
Saldol_EP00054_Salpingoeca_dolichothecata_P021433	Leuniv_Lniv_scaffold25658_01	1.0	S	0.0
Saldol_EP00054_Salpingoeca_dolichothecata_P021433	Mertsp_Mesp_sb576789	1.0	S	0.0
Saldol_EP00054_Salpingoeca_dolichothecata_P021433	Aaur_scaffold173.g1.t1	1.0	S	0.0
Saldol_EP00054_Salpingoeca_dolichothecata_P021433	Tcas_TC003474_001	1.0	S	0.0
Saldol_EP00054_Salpingoeca_dolichothecata_P021433	Drygla_Dgla_sb296842	1.0	S	0.0
Saldol_EP00054_Salpingoeca_dolichothecata_P021433	Gracom_Gcom_scaffold11592_01	1.0	S	0.0
Saldol_EP00054_Salpingoeca_dolichothecata_P021433	Spolac_c96288_g1_i2_m.12867c94764-g1	1.0	S	0.0
Saldol_EP00054_Salpingoeca_dolichothecata_P021433	Nemnom_g13465.t1	1.0	S	0.0
Saldol_EP00054_Salpingoeca_dolichothecata_P021433	Mertsp_Mesp_sb576784	1.0	S	0.0
Saldol_EP00054_Salpingoeca_dolichothecata_P021433	Pbac_sb2669541	1.0	S	0.0
Saldol_EP00054_Salpingoeca_dolichothecata_P021433	Aque_Aqu2.1.28599_001	1.0	S	0.0
Saldol_EP00054_Salpingoeca_dolichothecata_P021433	Pbac_sb2669544	1.0	S	0.0
Saldol_EP00054_Salpingoeca_dolichothecata_P021433	Stycar_maker-SC_scaffold4460-snap-gene-0.26-mRNA-1	1.0	S	0.0
Saldol_EP00054_Salpingoeca_dolichothecata_P021433	TrH2_TrispH2_003803-RA	1.0	S	0.0
Saldol_EP00054_Salpingoeca_dolichothecata_P021433	Opea_EP00118_Oscarella_pearsei_P013022	1.0	S	0.0
Saldol_EP00054_Salpingoeca_dolichothecata_P021433	Nvec_v1g199243	1.0	S	0.0
Saldol_EP00054_Salpingoeca_dolichothecata_P021433	Stycar_augustus_masked-SC_scaffold125987-processed-gene-0.0-mRNA-1	1.0	S	0.0
Saldol_EP00054_Salpingoeca_dolichothecata_P021433	Bolinf_Binf_sb1225476	1.0	S	0.0
Saldol_EP00054_Salpingoeca_dolichothecata_P021433	Plespi_Pspi_scaffold19735_01	1.0	S	0.0
Saldol_EP00054_Salpingoeca_dolichothecata_P021433	Adig_XM_015923890.1	1.0	S	0.0
Saldol_EP00054_Salpingoeca_dolichothecata_P021433	Emue_Em0018g793a.t1	1.0	S	0.0
Saldol_EP00054_Salpingoeca_dolichothecata_P021433	Hsap_ENST00000602795	1.0	S	0.0
Saldol_EP00054_Salpingoeca_dolichothecata_P021433	Chem_TCONS_00027827	1.0	S	0.0
Saldol_EP00054_Salpingoeca_dolichothecata_P021433	Stycar_snap_masked-SC_scaffold48179-processed-gene-0.2-mRNA-1	1.0	S	0.0
Saldol_EP00054_Salpingoeca_dolichothecata_P021433	Bolinf_Binf_sb1216478	1.0	S	0.0
Saldol_EP00054_Salpingoeca_dolichothecata_P021433	Bolinf_Binf_sb1216480	1.0	S	0.0
Saldol_EP00054_Salpingoeca_dolichothecata_P021433	Bolinf_Binf_sb1216481	1.0	S	0.0
Saldol_EP00054_Salpingoeca_dolichothecata_P021433	Scil_scict008773.1	1.0	S	0.0
Saldol_EP00054_Salpingoeca_dolichothecata_P021433	Stycar_snap_masked-SC_scaffold48179-processed-gene-0.3-mRNA-1	1.0	S	0.0
Saldol_EP00054_Salpingoeca_dolichothecata_P021433	Adig_XM_015919323.1	1.0	S	0.0
Saldol_EP00054_Salpingoeca_dolichothecata_P021433	Pbac_sb2669542	1.0	S	0.0
Saldol_EP00054_Salpingoeca_dolichothecata_P021433	Emue_Em0018g796a.t1	1.0	S	0.0
Saldol_EP00054_Salpingoeca_dolichothecata_P021433	Aque_Aqu2.1.02773_001	1.0	S	0.0
Saldol_EP00054_Salpingoeca_dolichothecata_P021433	Drygla_Dgla_sb296839	1.0	S	0.0
Saldol_EP00054_Salpingoeca_dolichothecata_P021433	Gasp_gasp1.m3.12480.m1	1.0	S	0.0
Saldol_EP00054_Salpingoeca_dolichothecata_P021433	Tadh_TriadT55545	1.0	S	0.0
Saldol_EP00054_Salpingoeca_dolichothecata_P021433	Dpul_mRNA925	1.0	S	0.0
Saldol_EP00054_Salpingoeca_dolichothecata_P021433	HoiH06_mRNA6953	1.0	S	0.0
Saldol_EP00054_Salpingoeca_dolichothecata_P021433	Spur_XM_030975295.1	1.0	S	0.0
Saldol_EP00054_Salpingoeca_dolichothecata_P021433	Mertsp_Mesp_sb576787	1.0	S	0.0
Saldol_EP00054_Salpingoeca_dolichothecata_P021433	Cgig_XM_034481919.1	1.0	S	0.0
Saldol_EP00054_Salpingoeca_dolichothecata_P021433	Exapal_XM_021042175.1	1.0	S	0.0
Saldol_EP00054_Salpingoeca_dolichothecata_P021433	Emue_Em0018g794a.t1	1.0	S	0.0
Saldol_EP00054_Salpingoeca_dolichothecata_P021433	Spolac_c94764_g1_i1_m.10520c94764-g1	1.0	S	0.0
Saldol_EP00054_Salpingoeca_dolichothecata_P021433	Pbac_sb2669546	1.0	S	0.0
Saldol_EP00054_Salpingoeca_dolichothecata_P021433	Spur_XM_030977921.1	1.0	S	0.0
Saldol_EP00054_Salpingoeca_dolichothecata_P021433	Bolinf_Binf_sb1216479	1.0	S	0.0
Saldol_EP00054_Salpingoeca_dolichothecata_P021433	Bralan_BLAG07000907_1	1.0	S	0.0
Saldol_EP00054_Salpingoeca_dolichothecata_P021433	Gfas_gfas1.m1.5290.m1	1.0	S	0.0
Saldol_EP00054_Salpingoeca_dolichothecata_P021433	Aque_Aqu2.1.14014_001	1.0	S	0.0
Saldol_EP00054_Salpingoeca_dolichothecata_P021433	HoiH04_mRNA458	1.0	S	0.0
Saldol_EP00054_Salpingoeca_dolichothecata_P021433	Drygla_Dgla_sb296841	1.0	S	0.0
Saldol_EP00054_Salpingoeca_dolichothecata_P021433	Mlei_ML0742.g4.i1	1.0	S	0.0
Saldol_EP00054_Salpingoeca_dolichothecata_P021433	Drygla_Dgla_sb296840	1.0	S	0.0
Saldol_EP00054_Salpingoeca_dolichothecata_P021433	Lcom_lcpid51879	1.0	S	0.0
Saldol_EP00054_Salpingoeca_dolichothecata_P021433	Dgig_XM_028535976.1	1.0	S	0.0
Saldol_EP00054_Salpingoeca_dolichothecata_P021433	Acagra_model.g26020.t1	1.0	S	0.0
Saldol_EP00054_Salpingoeca_dolichothecata_P021433	Sanmal_Sma_009024-T1	1.0	S	0.0
Saldol_EP00054_Salpingoeca_dolichothecata_P021433	Aque_Aqu2.1.03830_001	1.0	S	0.0
Saldol_EP00054_Salpingoeca_dolichothecata_P021433	HoiH11_mRNA2364	1.0	S	0.0
Saldol_EP00054_Salpingoeca_dolichothecata_P021433	Mertsp_Mesp_sb576788	1.0	S	0.0
Saldol_EP00054_Salpingoeca_dolichothecata_P021433	Plespi_Pspi_scaffold19736_01	1.0	S	0.0
Saldol_EP00054_Salpingoeca_dolichothecata_P021433	Pocdam_XM_027190439.1	1.0	S	0.0
Saldol_EP00054_Salpingoeca_dolichothecata_P021433	Opea_EP00118_Oscarella_pearsei_P013021	1.0	S	0.0
Saldol_EP00054_Salpingoeca_dolichothecata_P021433	Spolac_c96288_g1_i1_m.12866c94764-g1	1.0	S	0.0
Saldol_EP00054_Salpingoeca_dolichothecata_P021433	Cscu_XM_023364102.1	1.0	S	0.0
Saldol_EP00054_Salpingoeca_dolichothecata_P021433	Opea_EP00118_Oscarella_pearsei_P013023	1.0	S	0.0
Saldol_EP00054_Salpingoeca_dolichothecata_P021433	Acagra_model.g26020.t1.1.5d401061	1.0	S	0.0
Saldol_EP00054_Salpingoeca_dolichothecata_P021433	Mertsp_Mesp_sb576786	1.0	S	0.0
Saldol_EP00054_Salpingoeca_dolichothecata_P021433	Beraby_Baby_sb326426	1.0	S	0.0
Saldol_EP00054_Salpingoeca_dolichothecata_P021433	Exapal_XM_021037075.2	1.0	S	0.0
Saldol_EP00054_Salpingoeca_dolichothecata_P021433	Hvul_g12578_1	1.0	S	0.0
Saldol_EP00054_Salpingoeca_dolichothecata_P021433	Amil_Amillepora34070-RA	1.0	S	0.0
Saldol_EP00054_Salpingoeca_dolichothecata_P021433	Aque_Aqu2.1.04132_001	1.0	S	0.0
Saldol_EP00054_Salpingoeca_dolichothecata_P021433	Vmul_sbMO428230	1.0	S	0.0
Saldol_EP00054_Salpingoeca_dolichothecata_P021433	Fspp_ffun1.m4.20432.m1	1.0	S	0.0
Saldol_EP00054_Salpingoeca_dolichothecata_P021433	Tetwil_g3590.t2	1.0	S	0.0
Saldol_EP00054_Salpingoeca_dolichothecata_P021433	Aque_Aqu2.1.28600_001	1.0	S	0.0
Saldol_EP00054_Salpingoeca_dolichothecata_P021433	HoiH23_PlH23_001706-RA	1.0	S	0.0
Saldol_EP00054_Salpingoeca_dolichothecata_P021433	Mertsp_Mesp_sb576785	1.0	S	0.0
Saldol_EP00054_Salpingoeca_dolichothecata_P021433	Skow_XM_002739496.1	1.0	S	0.0
Saldol_EP00054_Salpingoeca_dolichothecata_P021433	Hhon_g09877.t1	1.0	S	0.0
Saldol_EP00054_Salpingoeca_dolichothecata_P021433	Lampan_Lpan_1881_01	1.0	S	0.0
Saldol_EP00054_Salpingoeca_dolichothecata_P021433	Horcal_Hcv1.av93.c7.g243.i1	1.0	S	0.0
Saldol_EP00054_Salpingoeca_dolichothecata_P021433	Ctel_gnl_WGS_AMQN_CAPTEDRAFT_mRNA160748	1.0	S	0.0
Saldol_EP00054_Salpingoeca_dolichothecata_P021433	Xestes_maker-XT_scaffold16220-snap-gene-0.26-mRNA-1	1.0	S	0.0
Saldol_EP00054_Salpingoeca_dolichothecata_P021433	Rhoesc_Res_003036-T1	1.0	S	0.0
Saldol_EP00054_Salpingoeca_dolichothecata_P021433	Coemet_Cmet_scaffold21533_01	1.0	S	0.0
Saldol_EP00054_Salpingoeca_dolichothecata_P021433	Spis_XP_022790036_1	1.0	S	0.0
Saldol_EP00054_Salpingoeca_dolichothecata_P021433	Clacor_Ccor_scaffold6935_01	1.0	S	0.0
Saldol_EP00054_Salpingoeca_dolichothecata_P021433	Morvir_scaffold71.g51.t1	1.0	S	0.0
Acaspe_EP00035_Acanthoeca_spectabilis_P022877	Nvec_v1g176382	1.0	S	0.0
Acaspe_EP00035_Acanthoeca_spectabilis_P022877	Leuniv_Lniv_scaffold25658_01	1.0	S	0.0
Acaspe_EP00035_Acanthoeca_spectabilis_P022877	Mertsp_Mesp_sb576789	1.0	S	0.0
Acaspe_EP00035_Acanthoeca_spectabilis_P022877	Aaur_scaffold173.g1.t1	1.0	S	0.0
Acaspe_EP00035_Acanthoeca_spectabilis_P022877	Tcas_TC003474_001	1.0	S	0.0
Acaspe_EP00035_Acanthoeca_spectabilis_P022877	Drygla_Dgla_sb296842	1.0	S	0.0
Acaspe_EP00035_Acanthoeca_spectabilis_P022877	Gracom_Gcom_scaffold11592_01	1.0	S	0.0
Acaspe_EP00035_Acanthoeca_spectabilis_P022877	Spolac_c96288_g1_i2_m.12867c94764-g1	1.0	S	0.0
Acaspe_EP00035_Acanthoeca_spectabilis_P022877	Nemnom_g13465.t1	1.0	S	0.0
Acaspe_EP00035_Acanthoeca_spectabilis_P022877	Mertsp_Mesp_sb576784	1.0	S	0.0
Acaspe_EP00035_Acanthoeca_spectabilis_P022877	Pbac_sb2669541	1.0	S	0.0
Acaspe_EP00035_Acanthoeca_spectabilis_P022877	Aque_Aqu2.1.28599_001	1.0	S	0.0
Acaspe_EP00035_Acanthoeca_spectabilis_P022877	Pbac_sb2669544	1.0	S	0.0
Acaspe_EP00035_Acanthoeca_spectabilis_P022877	Stycar_maker-SC_scaffold4460-snap-gene-0.26-mRNA-1	1.0	S	0.0
Acaspe_EP00035_Acanthoeca_spectabilis_P022877	TrH2_TrispH2_003803-RA	1.0	S	0.0
Acaspe_EP00035_Acanthoeca_spectabilis_P022877	Opea_EP00118_Oscarella_pearsei_P013022	1.0	S	0.0
Acaspe_EP00035_Acanthoeca_spectabilis_P022877	Nvec_v1g199243	1.0	S	0.0
Acaspe_EP00035_Acanthoeca_spectabilis_P022877	Stycar_augustus_masked-SC_scaffold125987-processed-gene-0.0-mRNA-1	1.0	S	0.0
Acaspe_EP00035_Acanthoeca_spectabilis_P022877	Bolinf_Binf_sb1225476	1.0	S	0.0
Acaspe_EP00035_Acanthoeca_spectabilis_P022877	Plespi_Pspi_scaffold19735_01	1.0	S	0.0
Acaspe_EP00035_Acanthoeca_spectabilis_P022877	Adig_XM_015923890.1	1.0	S	0.0
Acaspe_EP00035_Acanthoeca_spectabilis_P022877	Emue_Em0018g793a.t1	1.0	S	0.0
Acaspe_EP00035_Acanthoeca_spectabilis_P022877	Hsap_ENST00000602795	1.0	S	0.0
Acaspe_EP00035_Acanthoeca_spectabilis_P022877	Chem_TCONS_00027827	1.0	S	0.0
Acaspe_EP00035_Acanthoeca_spectabilis_P022877	Stycar_snap_masked-SC_scaffold48179-processed-gene-0.2-mRNA-1	1.0	S	0.0
Acaspe_EP00035_Acanthoeca_spectabilis_P022877	Bolinf_Binf_sb1216478	1.0	S	0.0
Acaspe_EP00035_Acanthoeca_spectabilis_P022877	Bolinf_Binf_sb1216480	1.0	S	0.0
Acaspe_EP00035_Acanthoeca_spectabilis_P022877	Bolinf_Binf_sb1216481	1.0	S	0.0
Acaspe_EP00035_Acanthoeca_spectabilis_P022877	Scil_scict008773.1	1.0	S	0.0
Acaspe_EP00035_Acanthoeca_spectabilis_P022877	Stycar_snap_masked-SC_scaffold48179-processed-gene-0.3-mRNA-1	1.0	S	0.0
Acaspe_EP00035_Acanthoeca_spectabilis_P022877	Adig_XM_015919323.1	1.0	S	0.0
Acaspe_EP00035_Acanthoeca_spectabilis_P022877	Pbac_sb2669542	1.0	S	0.0
Acaspe_EP00035_Acanthoeca_spectabilis_P022877	Emue_Em0018g796a.t1	1.0	S	0.0
Acaspe_EP00035_Acanthoeca_spectabilis_P022877	Aque_Aqu2.1.02773_001	1.0	S	0.0
Acaspe_EP00035_Acanthoeca_spectabilis_P022877	Drygla_Dgla_sb296839	1.0	S	0.0
Acaspe_EP00035_Acanthoeca_spectabilis_P022877	Gasp_gasp1.m3.12480.m1	1.0	S	0.0
Acaspe_EP00035_Acanthoeca_spectabilis_P022877	Tadh_TriadT55545	1.0	S	0.0
Acaspe_EP00035_Acanthoeca_spectabilis_P022877	Dpul_mRNA925	1.0	S	0.0
Acaspe_EP00035_Acanthoeca_spectabilis_P022877	HoiH06_mRNA6953	1.0	S	0.0
Acaspe_EP00035_Acanthoeca_spectabilis_P022877	Spur_XM_030975295.1	1.0	S	0.0
Acaspe_EP00035_Acanthoeca_spectabilis_P022877	Mertsp_Mesp_sb576787	1.0	S	0.0
Acaspe_EP00035_Acanthoeca_spectabilis_P022877	Cgig_XM_034481919.1	1.0	S	0.0
Acaspe_EP00035_Acanthoeca_spectabilis_P022877	Exapal_XM_021042175.1	1.0	S	0.0
Acaspe_EP00035_Acanthoeca_spectabilis_P022877	Emue_Em0018g794a.t1	1.0	S	0.0
Acaspe_EP00035_Acanthoeca_spectabilis_P022877	Spolac_c94764_g1_i1_m.10520c94764-g1	1.0	S	0.0
Acaspe_EP00035_Acanthoeca_spectabilis_P022877	Pbac_sb2669546	1.0	S	0.0
Acaspe_EP00035_Acanthoeca_spectabilis_P022877	Spur_XM_030977921.1	1.0	S	0.0
Acaspe_EP00035_Acanthoeca_spectabilis_P022877	Bolinf_Binf_sb1216479	1.0	S	0.0
Acaspe_EP00035_Acanthoeca_spectabilis_P022877	Bralan_BLAG07000907_1	1.0	S	0.0
Acaspe_EP00035_Acanthoeca_spectabilis_P022877	Gfas_gfas1.m1.5290.m1	1.0	S	0.0
Acaspe_EP00035_Acanthoeca_spectabilis_P022877	Aque_Aqu2.1.14014_001	1.0	S	0.0
Acaspe_EP00035_Acanthoeca_spectabilis_P022877	HoiH04_mRNA458	1.0	S	0.0
Acaspe_EP00035_Acanthoeca_spectabilis_P022877	Drygla_Dgla_sb296841	1.0	S	0.0
Acaspe_EP00035_Acanthoeca_spectabilis_P022877	Mlei_ML0742.g4.i1	1.0	S	0.0
Acaspe_EP00035_Acanthoeca_spectabilis_P022877	Drygla_Dgla_sb296840	1.0	S	0.0
Acaspe_EP00035_Acanthoeca_spectabilis_P022877	Lcom_lcpid51879	1.0	S	0.0
Acaspe_EP00035_Acanthoeca_spectabilis_P022877	Dgig_XM_028535976.1	1.0	S	0.0
Acaspe_EP00035_Acanthoeca_spectabilis_P022877	Acagra_model.g26020.t1	1.0	S	0.0
Acaspe_EP00035_Acanthoeca_spectabilis_P022877	Sanmal_Sma_009024-T1	1.0	S	0.0
Acaspe_EP00035_Acanthoeca_spectabilis_P022877	Aque_Aqu2.1.03830_001	1.0	S	0.0
Acaspe_EP00035_Acanthoeca_spectabilis_P022877	HoiH11_mRNA2364	1.0	S	0.0
Acaspe_EP00035_Acanthoeca_spectabilis_P022877	Mertsp_Mesp_sb576788	1.0	S	0.0
Acaspe_EP00035_Acanthoeca_spectabilis_P022877	Plespi_Pspi_scaffold19736_01	1.0	S	0.0
Acaspe_EP00035_Acanthoeca_spectabilis_P022877	Pocdam_XM_027190439.1	1.0	S	0.0
Acaspe_EP00035_Acanthoeca_spectabilis_P022877	Opea_EP00118_Oscarella_pearsei_P013021	1.0	S	0.0
Acaspe_EP00035_Acanthoeca_spectabilis_P022877	Spolac_c96288_g1_i1_m.12866c94764-g1	1.0	S	0.0
Acaspe_EP00035_Acanthoeca_spectabilis_P022877	Cscu_XM_023364102.1	1.0	S	0.0
Acaspe_EP00035_Acanthoeca_spectabilis_P022877	Opea_EP00118_Oscarella_pearsei_P013023	1.0	S	0.0
Acaspe_EP00035_Acanthoeca_spectabilis_P022877	Acagra_model.g26020.t1.1.5d401061	1.0	S	0.0
Acaspe_EP00035_Acanthoeca_spectabilis_P022877	Mertsp_Mesp_sb576786	1.0	S	0.0
Acaspe_EP00035_Acanthoeca_spectabilis_P022877	Beraby_Baby_sb326426	1.0	S	0.0
Acaspe_EP00035_Acanthoeca_spectabilis_P022877	Exapal_XM_021037075.2	1.0	S	0.0
Acaspe_EP00035_Acanthoeca_spectabilis_P022877	Hvul_g12578_1	1.0	S	0.0
Acaspe_EP00035_Acanthoeca_spectabilis_P022877	Amil_Amillepora34070-RA	1.0	S	0.0
Acaspe_EP00035_Acanthoeca_spectabilis_P022877	Aque_Aqu2.1.04132_001	1.0	S	0.0
Acaspe_EP00035_Acanthoeca_spectabilis_P022877	Vmul_sbMO428230	1.0	S	0.0
Acaspe_EP00035_Acanthoeca_spectabilis_P022877	Fspp_ffun1.m4.20432.m1	1.0	S	0.0
Acaspe_EP00035_Acanthoeca_spectabilis_P022877	Tetwil_g3590.t2	1.0	S	0.0
Acaspe_EP00035_Acanthoeca_spectabilis_P022877	Aque_Aqu2.1.28600_001	1.0	S	0.0
Acaspe_EP00035_Acanthoeca_spectabilis_P022877	HoiH23_PlH23_001706-RA	1.0	S	0.0
Acaspe_EP00035_Acanthoeca_spectabilis_P022877	Mertsp_Mesp_sb576785	1.0	S	0.0
Acaspe_EP00035_Acanthoeca_spectabilis_P022877	Skow_XM_002739496.1	1.0	S	0.0
Acaspe_EP00035_Acanthoeca_spectabilis_P022877	Hhon_g09877.t1	1.0	S	0.0
Acaspe_EP00035_Acanthoeca_spectabilis_P022877	Lampan_Lpan_1881_01	1.0	S	0.0
Acaspe_EP00035_Acanthoeca_spectabilis_P022877	Horcal_Hcv1.av93.c7.g243.i1	1.0	S	0.0
Acaspe_EP00035_Acanthoeca_spectabilis_P022877	Ctel_gnl_WGS_AMQN_CAPTEDRAFT_mRNA160748	1.0	S	0.0
Acaspe_EP00035_Acanthoeca_spectabilis_P022877	Xestes_maker-XT_scaffold16220-snap-gene-0.26-mRNA-1	1.0	S	0.0
Acaspe_EP00035_Acanthoeca_spectabilis_P022877	Rhoesc_Res_003036-T1	1.0	S	0.0
Acaspe_EP00035_Acanthoeca_spectabilis_P022877	Coemet_Cmet_scaffold21533_01	1.0	S	0.0
Acaspe_EP00035_Acanthoeca_spectabilis_P022877	Spis_XP_022790036_1	1.0	S	0.0
Acaspe_EP00035_Acanthoeca_spectabilis_P022877	Clacor_Ccor_scaffold6935_01	1.0	S	0.0
Acaspe_EP00035_Acanthoeca_spectabilis_P022877	Morvir_scaffold71.g51.t1	1.0	S	0.0
Codhol_EP00042_Codosiga_hollandica_P036992	Nvec_v1g176382	1.0	S	0.0
Codhol_EP00042_Codosiga_hollandica_P036992	Leuniv_Lniv_scaffold25658_01	1.0	S	0.0
Codhol_EP00042_Codosiga_hollandica_P036992	Mertsp_Mesp_sb576789	1.0	S	0.0
Codhol_EP00042_Codosiga_hollandica_P036992	Aaur_scaffold173.g1.t1	1.0	S	0.0
Codhol_EP00042_Codosiga_hollandica_P036992	Tcas_TC003474_001	1.0	S	0.0
Codhol_EP00042_Codosiga_hollandica_P036992	Drygla_Dgla_sb296842	1.0	S	0.0
Codhol_EP00042_Codosiga_hollandica_P036992	Gracom_Gcom_scaffold11592_01	1.0	S	0.0
Codhol_EP00042_Codosiga_hollandica_P036992	Spolac_c96288_g1_i2_m.12867c94764-g1	1.0	S	0.0
Codhol_EP00042_Codosiga_hollandica_P036992	Nemnom_g13465.t1	1.0	S	0.0
Codhol_EP00042_Codosiga_hollandica_P036992	Mertsp_Mesp_sb576784	1.0	S	0.0
Codhol_EP00042_Codosiga_hollandica_P036992	Pbac_sb2669541	1.0	S	0.0
Codhol_EP00042_Codosiga_hollandica_P036992	Aque_Aqu2.1.28599_001	1.0	S	0.0
Codhol_EP00042_Codosiga_hollandica_P036992	Pbac_sb2669544	1.0	S	0.0
Codhol_EP00042_Codosiga_hollandica_P036992	Stycar_maker-SC_scaffold4460-snap-gene-0.26-mRNA-1	1.0	S	0.0
Codhol_EP00042_Codosiga_hollandica_P036992	TrH2_TrispH2_003803-RA	1.0	S	0.0
Codhol_EP00042_Codosiga_hollandica_P036992	Opea_EP00118_Oscarella_pearsei_P013022	1.0	S	0.0
Codhol_EP00042_Codosiga_hollandica_P036992	Nvec_v1g199243	1.0	S	0.0
Codhol_EP00042_Codosiga_hollandica_P036992	Stycar_augustus_masked-SC_scaffold125987-processed-gene-0.0-mRNA-1	1.0	S	0.0
Codhol_EP00042_Codosiga_hollandica_P036992	Bolinf_Binf_sb1225476	1.0	S	0.0
Codhol_EP00042_Codosiga_hollandica_P036992	Plespi_Pspi_scaffold19735_01	1.0	S	0.0
Codhol_EP00042_Codosiga_hollandica_P036992	Adig_XM_015923890.1	1.0	S	0.0
Codhol_EP00042_Codosiga_hollandica_P036992	Emue_Em0018g793a.t1	1.0	S	0.0
Codhol_EP00042_Codosiga_hollandica_P036992	Hsap_ENST00000602795	1.0	S	0.0
Codhol_EP00042_Codosiga_hollandica_P036992	Chem_TCONS_00027827	1.0	S	0.0
Codhol_EP00042_Codosiga_hollandica_P036992	Stycar_snap_masked-SC_scaffold48179-processed-gene-0.2-mRNA-1	1.0	S	0.0
Codhol_EP00042_Codosiga_hollandica_P036992	Bolinf_Binf_sb1216478	1.0	S	0.0
Codhol_EP00042_Codosiga_hollandica_P036992	Bolinf_Binf_sb1216480	1.0	S	0.0
Codhol_EP00042_Codosiga_hollandica_P036992	Bolinf_Binf_sb1216481	1.0	S	0.0
Codhol_EP00042_Codosiga_hollandica_P036992	Scil_scict008773.1	1.0	S	0.0
Codhol_EP00042_Codosiga_hollandica_P036992	Stycar_snap_masked-SC_scaffold48179-processed-gene-0.3-mRNA-1	1.0	S	0.0
Codhol_EP00042_Codosiga_hollandica_P036992	Adig_XM_015919323.1	1.0	S	0.0
Codhol_EP00042_Codosiga_hollandica_P036992	Pbac_sb2669542	1.0	S	0.0
Codhol_EP00042_Codosiga_hollandica_P036992	Emue_Em0018g796a.t1	1.0	S	0.0
Codhol_EP00042_Codosiga_hollandica_P036992	Aque_Aqu2.1.02773_001	1.0	S	0.0
Codhol_EP00042_Codosiga_hollandica_P036992	Drygla_Dgla_sb296839	1.0	S	0.0
Codhol_EP00042_Codosiga_hollandica_P036992	Gasp_gasp1.m3.12480.m1	1.0	S	0.0
Codhol_EP00042_Codosiga_hollandica_P036992	Tadh_TriadT55545	1.0	S	0.0
Codhol_EP00042_Codosiga_hollandica_P036992	Dpul_mRNA925	1.0	S	0.0
Codhol_EP00042_Codosiga_hollandica_P036992	HoiH06_mRNA6953	1.0	S	0.0
Codhol_EP00042_Codosiga_hollandica_P036992	Spur_XM_030975295.1	1.0	S	0.0
Codhol_EP00042_Codosiga_hollandica_P036992	Mertsp_Mesp_sb576787	1.0	S	0.0
Codhol_EP00042_Codosiga_hollandica_P036992	Cgig_XM_034481919.1	1.0	S	0.0
Codhol_EP00042_Codosiga_hollandica_P036992	Exapal_XM_021042175.1	1.0	S	0.0
Codhol_EP00042_Codosiga_hollandica_P036992	Emue_Em0018g794a.t1	1.0	S	0.0
Codhol_EP00042_Codosiga_hollandica_P036992	Spolac_c94764_g1_i1_m.10520c94764-g1	1.0	S	0.0
Codhol_EP00042_Codosiga_hollandica_P036992	Pbac_sb2669546	1.0	S	0.0
Codhol_EP00042_Codosiga_hollandica_P036992	Spur_XM_030977921.1	1.0	S	0.0
Codhol_EP00042_Codosiga_hollandica_P036992	Bolinf_Binf_sb1216479	1.0	S	0.0
Codhol_EP00042_Codosiga_hollandica_P036992	Bralan_BLAG07000907_1	1.0	S	0.0
Codhol_EP00042_Codosiga_hollandica_P036992	Gfas_gfas1.m1.5290.m1	1.0	S	0.0
Codhol_EP00042_Codosiga_hollandica_P036992	Aque_Aqu2.1.14014_001	1.0	S	0.0
Codhol_EP00042_Codosiga_hollandica_P036992	HoiH04_mRNA458	1.0	S	0.0
Codhol_EP00042_Codosiga_hollandica_P036992	Drygla_Dgla_sb296841	1.0	S	0.0
Codhol_EP00042_Codosiga_hollandica_P036992	Mlei_ML0742.g4.i1	1.0	S	0.0
Codhol_EP00042_Codosiga_hollandica_P036992	Drygla_Dgla_sb296840	1.0	S	0.0
Codhol_EP00042_Codosiga_hollandica_P036992	Lcom_lcpid51879	1.0	S	0.0
Codhol_EP00042_Codosiga_hollandica_P036992	Dgig_XM_028535976.1	1.0	S	0.0
Codhol_EP00042_Codosiga_hollandica_P036992	Acagra_model.g26020.t1	1.0	S	0.0
Codhol_EP00042_Codosiga_hollandica_P036992	Sanmal_Sma_009024-T1	1.0	S	0.0
Codhol_EP00042_Codosiga_hollandica_P036992	Aque_Aqu2.1.03830_001	1.0	S	0.0
Codhol_EP00042_Codosiga_hollandica_P036992	HoiH11_mRNA2364	1.0	S	0.0
Codhol_EP00042_Codosiga_hollandica_P036992	Mertsp_Mesp_sb576788	1.0	S	0.0
Codhol_EP00042_Codosiga_hollandica_P036992	Plespi_Pspi_scaffold19736_01	1.0	S	0.0
Codhol_EP00042_Codosiga_hollandica_P036992	Pocdam_XM_027190439.1	1.0	S	0.0
Codhol_EP00042_Codosiga_hollandica_P036992	Opea_EP00118_Oscarella_pearsei_P013021	1.0	S	0.0
Codhol_EP00042_Codosiga_hollandica_P036992	Spolac_c96288_g1_i1_m.12866c94764-g1	1.0	S	0.0
Codhol_EP00042_Codosiga_hollandica_P036992	Cscu_XM_023364102.1	1.0	S	0.0
Codhol_EP00042_Codosiga_hollandica_P036992	Opea_EP00118_Oscarella_pearsei_P013023	1.0	S	0.0
Codhol_EP00042_Codosiga_hollandica_P036992	Acagra_model.g26020.t1.1.5d401061	1.0	S	0.0
Codhol_EP00042_Codosiga_hollandica_P036992	Mertsp_Mesp_sb576786	1.0	S	0.0
Codhol_EP00042_Codosiga_hollandica_P036992	Beraby_Baby_sb326426	1.0	S	0.0
Codhol_EP00042_Codosiga_hollandica_P036992	Exapal_XM_021037075.2	1.0	S	0.0
Codhol_EP00042_Codosiga_hollandica_P036992	Hvul_g12578_1	1.0	S	0.0
Codhol_EP00042_Codosiga_hollandica_P036992	Amil_Amillepora34070-RA	1.0	S	0.0
Codhol_EP00042_Codosiga_hollandica_P036992	Aque_Aqu2.1.04132_001	1.0	S	0.0
Codhol_EP00042_Codosiga_hollandica_P036992	Vmul_sbMO428230	1.0	S	0.0
Codhol_EP00042_Codosiga_hollandica_P036992	Fspp_ffun1.m4.20432.m1	1.0	S	0.0
Codhol_EP00042_Codosiga_hollandica_P036992	Tetwil_g3590.t2	1.0	S	0.0
Codhol_EP00042_Codosiga_hollandica_P036992	Aque_Aqu2.1.28600_001	1.0	S	0.0
Codhol_EP00042_Codosiga_hollandica_P036992	HoiH23_PlH23_001706-RA	1.0	S	0.0
Codhol_EP00042_Codosiga_hollandica_P036992	Mertsp_Mesp_sb576785	1.0	S	0.0
Codhol_EP00042_Codosiga_hollandica_P036992	Skow_XM_002739496.1	1.0	S	0.0
Codhol_EP00042_Codosiga_hollandica_P036992	Hhon_g09877.t1	1.0	S	0.0
Codhol_EP00042_Codosiga_hollandica_P036992	Lampan_Lpan_1881_01	1.0	S	0.0
Codhol_EP00042_Codosiga_hollandica_P036992	Horcal_Hcv1.av93.c7.g243.i1	1.0	S	0.0
Codhol_EP00042_Codosiga_hollandica_P036992	Ctel_gnl_WGS_AMQN_CAPTEDRAFT_mRNA160748	1.0	S	0.0
Codhol_EP00042_Codosiga_hollandica_P036992	Xestes_maker-XT_scaffold16220-snap-gene-0.26-mRNA-1	1.0	S	0.0
Codhol_EP00042_Codosiga_hollandica_P036992	Rhoesc_Res_003036-T1	1.0	S	0.0
Codhol_EP00042_Codosiga_hollandica_P036992	Coemet_Cmet_scaffold21533_01	1.0	S	0.0
Codhol_EP00042_Codosiga_hollandica_P036992	Spis_XP_022790036_1	1.0	S	0.0
Codhol_EP00042_Codosiga_hollandica_P036992	Clacor_Ccor_scaffold6935_01	1.0	S	0.0
Codhol_EP00042_Codosiga_hollandica_P036992	Morvir_scaffold71.g51.t1	1.0	S	0.0
Sros_EGD75386	Nvec_v1g176382	1.0	S	0.0
Sros_EGD75386	Leuniv_Lniv_scaffold25658_01	1.0	S	0.0
Sros_EGD75386	Mertsp_Mesp_sb576789	1.0	S	0.0
Sros_EGD75386	Aaur_scaffold173.g1.t1	1.0	S	0.0
Sros_EGD75386	Tcas_TC003474_001	1.0	S	0.0
Sros_EGD75386	Drygla_Dgla_sb296842	1.0	S	0.0
Sros_EGD75386	Gracom_Gcom_scaffold11592_01	1.0	S	0.0
Sros_EGD75386	Spolac_c96288_g1_i2_m.12867c94764-g1	1.0	S	0.0
Sros_EGD75386	Nemnom_g13465.t1	1.0	S	0.0
Sros_EGD75386	Mertsp_Mesp_sb576784	1.0	S	0.0
Sros_EGD75386	Pbac_sb2669541	1.0	S	0.0
Sros_EGD75386	Aque_Aqu2.1.28599_001	1.0	S	0.0
Sros_EGD75386	Pbac_sb2669544	1.0	S	0.0
Sros_EGD75386	Stycar_maker-SC_scaffold4460-snap-gene-0.26-mRNA-1	1.0	S	0.0
Sros_EGD75386	TrH2_TrispH2_003803-RA	1.0	S	0.0
Sros_EGD75386	Opea_EP00118_Oscarella_pearsei_P013022	1.0	S	0.0
Sros_EGD75386	Nvec_v1g199243	1.0	S	0.0
Sros_EGD75386	Stycar_augustus_masked-SC_scaffold125987-processed-gene-0.0-mRNA-1	1.0	S	0.0
Sros_EGD75386	Bolinf_Binf_sb1225476	1.0	S	0.0
Sros_EGD75386	Plespi_Pspi_scaffold19735_01	1.0	S	0.0
Sros_EGD75386	Adig_XM_015923890.1	1.0	S	0.0
Sros_EGD75386	Emue_Em0018g793a.t1	1.0	S	0.0
Sros_EGD75386	Hsap_ENST00000602795	1.0	S	0.0
Sros_EGD75386	Chem_TCONS_00027827	1.0	S	0.0
Sros_EGD75386	Stycar_snap_masked-SC_scaffold48179-processed-gene-0.2-mRNA-1	1.0	S	0.0
Sros_EGD75386	Bolinf_Binf_sb1216478	1.0	S	0.0
Sros_EGD75386	Bolinf_Binf_sb1216480	1.0	S	0.0
Sros_EGD75386	Bolinf_Binf_sb1216481	1.0	S	0.0
Sros_EGD75386	Scil_scict008773.1	1.0	S	0.0
Sros_EGD75386	Stycar_snap_masked-SC_scaffold48179-processed-gene-0.3-mRNA-1	1.0	S	0.0
Sros_EGD75386	Adig_XM_015919323.1	1.0	S	0.0
Sros_EGD75386	Pbac_sb2669542	1.0	S	0.0
Sros_EGD75386	Emue_Em0018g796a.t1	1.0	S	0.0
Sros_EGD75386	Aque_Aqu2.1.02773_001	1.0	S	0.0
Sros_EGD75386	Drygla_Dgla_sb296839	1.0	S	0.0
Sros_EGD75386	Gasp_gasp1.m3.12480.m1	1.0	S	0.0
Sros_EGD75386	Tadh_TriadT55545	1.0	S	0.0
Sros_EGD75386	Dpul_mRNA925	1.0	S	0.0
Sros_EGD75386	HoiH06_mRNA6953	1.0	S	0.0
Sros_EGD75386	Spur_XM_030975295.1	1.0	S	0.0
Sros_EGD75386	Mertsp_Mesp_sb576787	1.0	S	0.0
Sros_EGD75386	Cgig_XM_034481919.1	1.0	S	0.0
Sros_EGD75386	Exapal_XM_021042175.1	1.0	S	0.0
Sros_EGD75386	Emue_Em0018g794a.t1	1.0	S	0.0
Sros_EGD75386	Spolac_c94764_g1_i1_m.10520c94764-g1	1.0	S	0.0
Sros_EGD75386	Pbac_sb2669546	1.0	S	0.0
Sros_EGD75386	Spur_XM_030977921.1	1.0	S	0.0
Sros_EGD75386	Bolinf_Binf_sb1216479	1.0	S	0.0
Sros_EGD75386	Bralan_BLAG07000907_1	1.0	S	0.0
Sros_EGD75386	Gfas_gfas1.m1.5290.m1	1.0	S	0.0
Sros_EGD75386	Aque_Aqu2.1.14014_001	1.0	S	0.0
Sros_EGD75386	HoiH04_mRNA458	1.0	S	0.0
Sros_EGD75386	Drygla_Dgla_sb296841	1.0	S	0.0
Sros_EGD75386	Mlei_ML0742.g4.i1	1.0	S	0.0
Sros_EGD75386	Drygla_Dgla_sb296840	1.0	S	0.0
Sros_EGD75386	Lcom_lcpid51879	1.0	S	0.0
Sros_EGD75386	Dgig_XM_028535976.1	1.0	S	0.0
Sros_EGD75386	Acagra_model.g26020.t1	1.0	S	0.0
Sros_EGD75386	Sanmal_Sma_009024-T1	1.0	S	0.0
Sros_EGD75386	Aque_Aqu2.1.03830_001	1.0	S	0.0
Sros_EGD75386	HoiH11_mRNA2364	1.0	S	0.0
Sros_EGD75386	Mertsp_Mesp_sb576788	1.0	S	0.0
Sros_EGD75386	Plespi_Pspi_scaffold19736_01	1.0	S	0.0
Sros_EGD75386	Pocdam_XM_027190439.1	1.0	S	0.0
Sros_EGD75386	Opea_EP00118_Oscarella_pearsei_P013021	1.0	S	0.0
Sros_EGD75386	Spolac_c96288_g1_i1_m.12866c94764-g1	1.0	S	0.0
Sros_EGD75386	Cscu_XM_023364102.1	1.0	S	0.0
Sros_EGD75386	Opea_EP00118_Oscarella_pearsei_P013023	1.0	S	0.0
Sros_EGD75386	Acagra_model.g26020.t1.1.5d401061	1.0	S	0.0
Sros_EGD75386	Mertsp_Mesp_sb576786	1.0	S	0.0
Sros_EGD75386	Beraby_Baby_sb326426	1.0	S	0.0
Sros_EGD75386	Exapal_XM_021037075.2	1.0	S	0.0
Sros_EGD75386	Hvul_g12578_1	1.0	S	0.0
Sros_EGD75386	Amil_Amillepora34070-RA	1.0	S	0.0
Sros_EGD75386	Aque_Aqu2.1.04132_001	1.0	S	0.0
Sros_EGD75386	Vmul_sbMO428230	1.0	S	0.0
Sros_EGD75386	Fspp_ffun1.m4.20432.m1	1.0	S	0.0
Sros_EGD75386	Tetwil_g3590.t2	1.0	S	0.0
Sros_EGD75386	Aque_Aqu2.1.28600_001	1.0	S	0.0
Sros_EGD75386	HoiH23_PlH23_001706-RA	1.0	S	0.0
Sros_EGD75386	Mertsp_Mesp_sb576785	1.0	S	0.0
Sros_EGD75386	Skow_XM_002739496.1	1.0	S	0.0
Sros_EGD75386	Hhon_g09877.t1	1.0	S	0.0
Sros_EGD75386	Lampan_Lpan_1881_01	1.0	S	0.0
Sros_EGD75386	Horcal_Hcv1.av93.c7.g243.i1	1.0	S	0.0
Sros_EGD75386	Ctel_gnl_WGS_AMQN_CAPTEDRAFT_mRNA160748	1.0	S	0.0
Sros_EGD75386	Xestes_maker-XT_scaffold16220-snap-gene-0.26-mRNA-1	1.0	S	0.0
Sros_EGD75386	Rhoesc_Res_003036-T1	1.0	S	0.0
Sros_EGD75386	Coemet_Cmet_scaffold21533_01	1.0	S	0.0
Sros_EGD75386	Spis_XP_022790036_1	1.0	S	0.0
Sros_EGD75386	Clacor_Ccor_scaffold6935_01	1.0	S	0.0
Sros_EGD75386	Morvir_scaffold71.g51.t1	1.0	S	0.0
Chofle_EP00730_Choanoeca_flexa_P000627	Nvec_v1g176382	1.0	S	0.0
Chofle_EP00730_Choanoeca_flexa_P000627	Leuniv_Lniv_scaffold25658_01	1.0	S	0.0
Chofle_EP00730_Choanoeca_flexa_P000627	Mertsp_Mesp_sb576789	1.0	S	0.0
Chofle_EP00730_Choanoeca_flexa_P000627	Aaur_scaffold173.g1.t1	1.0	S	0.0
Chofle_EP00730_Choanoeca_flexa_P000627	Tcas_TC003474_001	1.0	S	0.0
Chofle_EP00730_Choanoeca_flexa_P000627	Drygla_Dgla_sb296842	1.0	S	0.0
Chofle_EP00730_Choanoeca_flexa_P000627	Gracom_Gcom_scaffold11592_01	1.0	S	0.0
Chofle_EP00730_Choanoeca_flexa_P000627	Spolac_c96288_g1_i2_m.12867c94764-g1	1.0	S	0.0
Chofle_EP00730_Choanoeca_flexa_P000627	Nemnom_g13465.t1	1.0	S	0.0
Chofle_EP00730_Choanoeca_flexa_P000627	Mertsp_Mesp_sb576784	1.0	S	0.0
Chofle_EP00730_Choanoeca_flexa_P000627	Pbac_sb2669541	1.0	S	0.0
Chofle_EP00730_Choanoeca_flexa_P000627	Aque_Aqu2.1.28599_001	1.0	S	0.0
Chofle_EP00730_Choanoeca_flexa_P000627	Pbac_sb2669544	1.0	S	0.0
Chofle_EP00730_Choanoeca_flexa_P000627	Stycar_maker-SC_scaffold4460-snap-gene-0.26-mRNA-1	1.0	S	0.0
Chofle_EP00730_Choanoeca_flexa_P000627	TrH2_TrispH2_003803-RA	1.0	S	0.0
Chofle_EP00730_Choanoeca_flexa_P000627	Opea_EP00118_Oscarella_pearsei_P013022	1.0	S	0.0
Chofle_EP00730_Choanoeca_flexa_P000627	Nvec_v1g199243	1.0	S	0.0
Chofle_EP00730_Choanoeca_flexa_P000627	Stycar_augustus_masked-SC_scaffold125987-processed-gene-0.0-mRNA-1	1.0	S	0.0
Chofle_EP00730_Choanoeca_flexa_P000627	Bolinf_Binf_sb1225476	1.0	S	0.0
Chofle_EP00730_Choanoeca_flexa_P000627	Plespi_Pspi_scaffold19735_01	1.0	S	0.0
Chofle_EP00730_Choanoeca_flexa_P000627	Adig_XM_015923890.1	1.0	S	0.0
Chofle_EP00730_Choanoeca_flexa_P000627	Emue_Em0018g793a.t1	1.0	S	0.0
Chofle_EP00730_Choanoeca_flexa_P000627	Hsap_ENST00000602795	1.0	S	0.0
Chofle_EP00730_Choanoeca_flexa_P000627	Chem_TCONS_00027827	1.0	S	0.0
Chofle_EP00730_Choanoeca_flexa_P000627	Stycar_snap_masked-SC_scaffold48179-processed-gene-0.2-mRNA-1	1.0	S	0.0
Chofle_EP00730_Choanoeca_flexa_P000627	Bolinf_Binf_sb1216478	1.0	S	0.0
Chofle_EP00730_Choanoeca_flexa_P000627	Bolinf_Binf_sb1216480	1.0	S	0.0
Chofle_EP00730_Choanoeca_flexa_P000627	Bolinf_Binf_sb1216481	1.0	S	0.0
Chofle_EP00730_Choanoeca_flexa_P000627	Scil_scict008773.1	1.0	S	0.0
Chofle_EP00730_Choanoeca_flexa_P000627	Stycar_snap_masked-SC_scaffold48179-processed-gene-0.3-mRNA-1	1.0	S	0.0
Chofle_EP00730_Choanoeca_flexa_P000627	Adig_XM_015919323.1	1.0	S	0.0
Chofle_EP00730_Choanoeca_flexa_P000627	Pbac_sb2669542	1.0	S	0.0
Chofle_EP00730_Choanoeca_flexa_P000627	Emue_Em0018g796a.t1	1.0	S	0.0
Chofle_EP00730_Choanoeca_flexa_P000627	Aque_Aqu2.1.02773_001	1.0	S	0.0
Chofle_EP00730_Choanoeca_flexa_P000627	Drygla_Dgla_sb296839	1.0	S	0.0
Chofle_EP00730_Choanoeca_flexa_P000627	Gasp_gasp1.m3.12480.m1	1.0	S	0.0
Chofle_EP00730_Choanoeca_flexa_P000627	Tadh_TriadT55545	1.0	S	0.0
Chofle_EP00730_Choanoeca_flexa_P000627	Dpul_mRNA925	1.0	S	0.0
Chofle_EP00730_Choanoeca_flexa_P000627	HoiH06_mRNA6953	1.0	S	0.0
Chofle_EP00730_Choanoeca_flexa_P000627	Spur_XM_030975295.1	1.0	S	0.0
Chofle_EP00730_Choanoeca_flexa_P000627	Mertsp_Mesp_sb576787	1.0	S	0.0
Chofle_EP00730_Choanoeca_flexa_P000627	Cgig_XM_034481919.1	1.0	S	0.0
Chofle_EP00730_Choanoeca_flexa_P000627	Exapal_XM_021042175.1	1.0	S	0.0
Chofle_EP00730_Choanoeca_flexa_P000627	Emue_Em0018g794a.t1	1.0	S	0.0
Chofle_EP00730_Choanoeca_flexa_P000627	Spolac_c94764_g1_i1_m.10520c94764-g1	1.0	S	0.0
Chofle_EP00730_Choanoeca_flexa_P000627	Pbac_sb2669546	1.0	S	0.0
Chofle_EP00730_Choanoeca_flexa_P000627	Spur_XM_030977921.1	1.0	S	0.0
Chofle_EP00730_Choanoeca_flexa_P000627	Bolinf_Binf_sb1216479	1.0	S	0.0
Chofle_EP00730_Choanoeca_flexa_P000627	Bralan_BLAG07000907_1	1.0	S	0.0
Chofle_EP00730_Choanoeca_flexa_P000627	Gfas_gfas1.m1.5290.m1	1.0	S	0.0
Chofle_EP00730_Choanoeca_flexa_P000627	Aque_Aqu2.1.14014_001	1.0	S	0.0
Chofle_EP00730_Choanoeca_flexa_P000627	HoiH04_mRNA458	1.0	S	0.0
Chofle_EP00730_Choanoeca_flexa_P000627	Drygla_Dgla_sb296841	1.0	S	0.0
Chofle_EP00730_Choanoeca_flexa_P000627	Mlei_ML0742.g4.i1	1.0	S	0.0
Chofle_EP00730_Choanoeca_flexa_P000627	Drygla_Dgla_sb296840	1.0	S	0.0
Chofle_EP00730_Choanoeca_flexa_P000627	Lcom_lcpid51879	1.0	S	0.0
Chofle_EP00730_Choanoeca_flexa_P000627	Dgig_XM_028535976.1	1.0	S	0.0
Chofle_EP00730_Choanoeca_flexa_P000627	Acagra_model.g26020.t1	1.0	S	0.0
Chofle_EP00730_Choanoeca_flexa_P000627	Sanmal_Sma_009024-T1	1.0	S	0.0
Chofle_EP00730_Choanoeca_flexa_P000627	Aque_Aqu2.1.03830_001	1.0	S	0.0
Chofle_EP00730_Choanoeca_flexa_P000627	HoiH11_mRNA2364	1.0	S	0.0
Chofle_EP00730_Choanoeca_flexa_P000627	Mertsp_Mesp_sb576788	1.0	S	0.0
Chofle_EP00730_Choanoeca_flexa_P000627	Plespi_Pspi_scaffold19736_01	1.0	S	0.0
Chofle_EP00730_Choanoeca_flexa_P000627	Pocdam_XM_027190439.1	1.0	S	0.0
Chofle_EP00730_Choanoeca_flexa_P000627	Opea_EP00118_Oscarella_pearsei_P013021	1.0	S	0.0
Chofle_EP00730_Choanoeca_flexa_P000627	Spolac_c96288_g1_i1_m.12866c94764-g1	1.0	S	0.0
Chofle_EP00730_Choanoeca_flexa_P000627	Cscu_XM_023364102.1	1.0	S	0.0
Chofle_EP00730_Choanoeca_flexa_P000627	Opea_EP00118_Oscarella_pearsei_P013023	1.0	S	0.0
Chofle_EP00730_Choanoeca_flexa_P000627	Acagra_model.g26020.t1.1.5d401061	1.0	S	0.0
Chofle_EP00730_Choanoeca_flexa_P000627	Mertsp_Mesp_sb576786	1.0	S	0.0
Chofle_EP00730_Choanoeca_flexa_P000627	Beraby_Baby_sb326426	1.0	S	0.0
Chofle_EP00730_Choanoeca_flexa_P000627	Exapal_XM_021037075.2	1.0	S	0.0
Chofle_EP00730_Choanoeca_flexa_P000627	Hvul_g12578_1	1.0	S	0.0
Chofle_EP00730_Choanoeca_flexa_P000627	Amil_Amillepora34070-RA	1.0	S	0.0
Chofle_EP00730_Choanoeca_flexa_P000627	Aque_Aqu2.1.04132_001	1.0	S	0.0
Chofle_EP00730_Choanoeca_flexa_P000627	Vmul_sbMO428230	1.0	S	0.0
Chofle_EP00730_Choanoeca_flexa_P000627	Fspp_ffun1.m4.20432.m1	1.0	S	0.0
Chofle_EP00730_Choanoeca_flexa_P000627	Tetwil_g3590.t2	1.0	S	0.0
Chofle_EP00730_Choanoeca_flexa_P000627	Aque_Aqu2.1.28600_001	1.0	S	0.0
Chofle_EP00730_Choanoeca_flexa_P000627	HoiH23_PlH23_001706-RA	1.0	S	0.0
Chofle_EP00730_Choanoeca_flexa_P000627	Mertsp_Mesp_sb576785	1.0	S	0.0
Chofle_EP00730_Choanoeca_flexa_P000627	Skow_XM_002739496.1	1.0	S	0.0
Chofle_EP00730_Choanoeca_flexa_P000627	Hhon_g09877.t1	1.0	S	0.0
Chofle_EP00730_Choanoeca_flexa_P000627	Lampan_Lpan_1881_01	1.0	S	0.0
Chofle_EP00730_Choanoeca_flexa_P000627	Horcal_Hcv1.av93.c7.g243.i1	1.0	S	0.0
Chofle_EP00730_Choanoeca_flexa_P000627	Ctel_gnl_WGS_AMQN_CAPTEDRAFT_mRNA160748	1.0	S	0.0
Chofle_EP00730_Choanoeca_flexa_P000627	Xestes_maker-XT_scaffold16220-snap-gene-0.26-mRNA-1	1.0	S	0.0
Chofle_EP00730_Choanoeca_flexa_P000627	Rhoesc_Res_003036-T1	1.0	S	0.0
Chofle_EP00730_Choanoeca_flexa_P000627	Coemet_Cmet_scaffold21533_01	1.0	S	0.0
Chofle_EP00730_Choanoeca_flexa_P000627	Spis_XP_022790036_1	1.0	S	0.0
Chofle_EP00730_Choanoeca_flexa_P000627	Clacor_Ccor_scaffold6935_01	1.0	S	0.0
Chofle_EP00730_Choanoeca_flexa_P000627	Morvir_scaffold71.g51.t1	1.0	S	0.0
Salinf_EP00049_Salpingoeca_infusionum_P008305	Nvec_v1g176382	1.0	S	0.0
Salinf_EP00049_Salpingoeca_infusionum_P008305	Leuniv_Lniv_scaffold25658_01	1.0	S	0.0
Salinf_EP00049_Salpingoeca_infusionum_P008305	Mertsp_Mesp_sb576789	1.0	S	0.0
Salinf_EP00049_Salpingoeca_infusionum_P008305	Aaur_scaffold173.g1.t1	1.0	S	0.0
Salinf_EP00049_Salpingoeca_infusionum_P008305	Tcas_TC003474_001	1.0	S	0.0
Salinf_EP00049_Salpingoeca_infusionum_P008305	Drygla_Dgla_sb296842	1.0	S	0.0
Salinf_EP00049_Salpingoeca_infusionum_P008305	Gracom_Gcom_scaffold11592_01	1.0	S	0.0
Salinf_EP00049_Salpingoeca_infusionum_P008305	Spolac_c96288_g1_i2_m.12867c94764-g1	1.0	S	0.0
Salinf_EP00049_Salpingoeca_infusionum_P008305	Nemnom_g13465.t1	1.0	S	0.0
Salinf_EP00049_Salpingoeca_infusionum_P008305	Mertsp_Mesp_sb576784	1.0	S	0.0
Salinf_EP00049_Salpingoeca_infusionum_P008305	Pbac_sb2669541	1.0	S	0.0
Salinf_EP00049_Salpingoeca_infusionum_P008305	Aque_Aqu2.1.28599_001	1.0	S	0.0
Salinf_EP00049_Salpingoeca_infusionum_P008305	Pbac_sb2669544	1.0	S	0.0
Salinf_EP00049_Salpingoeca_infusionum_P008305	Stycar_maker-SC_scaffold4460-snap-gene-0.26-mRNA-1	1.0	S	0.0
Salinf_EP00049_Salpingoeca_infusionum_P008305	TrH2_TrispH2_003803-RA	1.0	S	0.0
Salinf_EP00049_Salpingoeca_infusionum_P008305	Opea_EP00118_Oscarella_pearsei_P013022	1.0	S	0.0
Salinf_EP00049_Salpingoeca_infusionum_P008305	Nvec_v1g199243	1.0	S	0.0
Salinf_EP00049_Salpingoeca_infusionum_P008305	Stycar_augustus_masked-SC_scaffold125987-processed-gene-0.0-mRNA-1	1.0	S	0.0
Salinf_EP00049_Salpingoeca_infusionum_P008305	Bolinf_Binf_sb1225476	1.0	S	0.0
Salinf_EP00049_Salpingoeca_infusionum_P008305	Plespi_Pspi_scaffold19735_01	1.0	S	0.0
Salinf_EP00049_Salpingoeca_infusionum_P008305	Adig_XM_015923890.1	1.0	S	0.0
Salinf_EP00049_Salpingoeca_infusionum_P008305	Emue_Em0018g793a.t1	1.0	S	0.0
Salinf_EP00049_Salpingoeca_infusionum_P008305	Hsap_ENST00000602795	1.0	S	0.0
Salinf_EP00049_Salpingoeca_infusionum_P008305	Chem_TCONS_00027827	1.0	S	0.0
Salinf_EP00049_Salpingoeca_infusionum_P008305	Stycar_snap_masked-SC_scaffold48179-processed-gene-0.2-mRNA-1	1.0	S	0.0
Salinf_EP00049_Salpingoeca_infusionum_P008305	Bolinf_Binf_sb1216478	1.0	S	0.0
Salinf_EP00049_Salpingoeca_infusionum_P008305	Bolinf_Binf_sb1216480	1.0	S	0.0
Salinf_EP00049_Salpingoeca_infusionum_P008305	Bolinf_Binf_sb1216481	1.0	S	0.0
Salinf_EP00049_Salpingoeca_infusionum_P008305	Scil_scict008773.1	1.0	S	0.0
Salinf_EP00049_Salpingoeca_infusionum_P008305	Stycar_snap_masked-SC_scaffold48179-processed-gene-0.3-mRNA-1	1.0	S	0.0
Salinf_EP00049_Salpingoeca_infusionum_P008305	Adig_XM_015919323.1	1.0	S	0.0
Salinf_EP00049_Salpingoeca_infusionum_P008305	Pbac_sb2669542	1.0	S	0.0
Salinf_EP00049_Salpingoeca_infusionum_P008305	Emue_Em0018g796a.t1	1.0	S	0.0
Salinf_EP00049_Salpingoeca_infusionum_P008305	Aque_Aqu2.1.02773_001	1.0	S	0.0
Salinf_EP00049_Salpingoeca_infusionum_P008305	Drygla_Dgla_sb296839	1.0	S	0.0
Salinf_EP00049_Salpingoeca_infusionum_P008305	Gasp_gasp1.m3.12480.m1	1.0	S	0.0
Salinf_EP00049_Salpingoeca_infusionum_P008305	Tadh_TriadT55545	1.0	S	0.0
Salinf_EP00049_Salpingoeca_infusionum_P008305	Dpul_mRNA925	1.0	S	0.0
Salinf_EP00049_Salpingoeca_infusionum_P008305	HoiH06_mRNA6953	1.0	S	0.0
Salinf_EP00049_Salpingoeca_infusionum_P008305	Spur_XM_030975295.1	1.0	S	0.0
Salinf_EP00049_Salpingoeca_infusionum_P008305	Mertsp_Mesp_sb576787	1.0	S	0.0
Salinf_EP00049_Salpingoeca_infusionum_P008305	Cgig_XM_034481919.1	1.0	S	0.0
Salinf_EP00049_Salpingoeca_infusionum_P008305	Exapal_XM_021042175.1	1.0	S	0.0
Salinf_EP00049_Salpingoeca_infusionum_P008305	Emue_Em0018g794a.t1	1.0	S	0.0
Salinf_EP00049_Salpingoeca_infusionum_P008305	Spolac_c94764_g1_i1_m.10520c94764-g1	1.0	S	0.0
Salinf_EP00049_Salpingoeca_infusionum_P008305	Pbac_sb2669546	1.0	S	0.0
Salinf_EP00049_Salpingoeca_infusionum_P008305	Spur_XM_030977921.1	1.0	S	0.0
Salinf_EP00049_Salpingoeca_infusionum_P008305	Bolinf_Binf_sb1216479	1.0	S	0.0
Salinf_EP00049_Salpingoeca_infusionum_P008305	Bralan_BLAG07000907_1	1.0	S	0.0
Salinf_EP00049_Salpingoeca_infusionum_P008305	Gfas_gfas1.m1.5290.m1	1.0	S	0.0
Salinf_EP00049_Salpingoeca_infusionum_P008305	Aque_Aqu2.1.14014_001	1.0	S	0.0
Salinf_EP00049_Salpingoeca_infusionum_P008305	HoiH04_mRNA458	1.0	S	0.0
Salinf_EP00049_Salpingoeca_infusionum_P008305	Drygla_Dgla_sb296841	1.0	S	0.0
Salinf_EP00049_Salpingoeca_infusionum_P008305	Mlei_ML0742.g4.i1	1.0	S	0.0
Salinf_EP00049_Salpingoeca_infusionum_P008305	Drygla_Dgla_sb296840	1.0	S	0.0
Salinf_EP00049_Salpingoeca_infusionum_P008305	Lcom_lcpid51879	1.0	S	0.0
Salinf_EP00049_Salpingoeca_infusionum_P008305	Dgig_XM_028535976.1	1.0	S	0.0
Salinf_EP00049_Salpingoeca_infusionum_P008305	Acagra_model.g26020.t1	1.0	S	0.0
Salinf_EP00049_Salpingoeca_infusionum_P008305	Sanmal_Sma_009024-T1	1.0	S	0.0
Salinf_EP00049_Salpingoeca_infusionum_P008305	Aque_Aqu2.1.03830_001	1.0	S	0.0
Salinf_EP00049_Salpingoeca_infusionum_P008305	HoiH11_mRNA2364	1.0	S	0.0
Salinf_EP00049_Salpingoeca_infusionum_P008305	Mertsp_Mesp_sb576788	1.0	S	0.0
Salinf_EP00049_Salpingoeca_infusionum_P008305	Plespi_Pspi_scaffold19736_01	1.0	S	0.0
Salinf_EP00049_Salpingoeca_infusionum_P008305	Pocdam_XM_027190439.1	1.0	S	0.0
Salinf_EP00049_Salpingoeca_infusionum_P008305	Opea_EP00118_Oscarella_pearsei_P013021	1.0	S	0.0
Salinf_EP00049_Salpingoeca_infusionum_P008305	Spolac_c96288_g1_i1_m.12866c94764-g1	1.0	S	0.0
Salinf_EP00049_Salpingoeca_infusionum_P008305	Cscu_XM_023364102.1	1.0	S	0.0
Salinf_EP00049_Salpingoeca_infusionum_P008305	Opea_EP00118_Oscarella_pearsei_P013023	1.0	S	0.0
Salinf_EP00049_Salpingoeca_infusionum_P008305	Acagra_model.g26020.t1.1.5d401061	1.0	S	0.0
Salinf_EP00049_Salpingoeca_infusionum_P008305	Mertsp_Mesp_sb576786	1.0	S	0.0
Salinf_EP00049_Salpingoeca_infusionum_P008305	Beraby_Baby_sb326426	1.0	S	0.0
Salinf_EP00049_Salpingoeca_infusionum_P008305	Exapal_XM_021037075.2	1.0	S	0.0
Salinf_EP00049_Salpingoeca_infusionum_P008305	Hvul_g12578_1	1.0	S	0.0
Salinf_EP00049_Salpingoeca_infusionum_P008305	Amil_Amillepora34070-RA	1.0	S	0.0
Salinf_EP00049_Salpingoeca_infusionum_P008305	Aque_Aqu2.1.04132_001	1.0	S	0.0
Salinf_EP00049_Salpingoeca_infusionum_P008305	Vmul_sbMO428230	1.0	S	0.0
Salinf_EP00049_Salpingoeca_infusionum_P008305	Fspp_ffun1.m4.20432.m1	1.0	S	0.0
Salinf_EP00049_Salpingoeca_infusionum_P008305	Tetwil_g3590.t2	1.0	S	0.0
Salinf_EP00049_Salpingoeca_infusionum_P008305	Aque_Aqu2.1.28600_001	1.0	S	0.0
Salinf_EP00049_Salpingoeca_infusionum_P008305	HoiH23_PlH23_001706-RA	1.0	S	0.0
Salinf_EP00049_Salpingoeca_infusionum_P008305	Mertsp_Mesp_sb576785	1.0	S	0.0
Salinf_EP00049_Salpingoeca_infusionum_P008305	Skow_XM_002739496.1	1.0	S	0.0
Salinf_EP00049_Salpingoeca_infusionum_P008305	Hhon_g09877.t1	1.0	S	0.0
Salinf_EP00049_Salpingoeca_infusionum_P008305	Lampan_Lpan_1881_01	1.0	S	0.0
Salinf_EP00049_Salpingoeca_infusionum_P008305	Horcal_Hcv1.av93.c7.g243.i1	1.0	S	0.0
Salinf_EP00049_Salpingoeca_infusionum_P008305	Ctel_gnl_WGS_AMQN_CAPTEDRAFT_mRNA160748	1.0	S	0.0
Salinf_EP00049_Salpingoeca_infusionum_P008305	Xestes_maker-XT_scaffold16220-snap-gene-0.26-mRNA-1	1.0	S	0.0
Salinf_EP00049_Salpingoeca_infusionum_P008305	Rhoesc_Res_003036-T1	1.0	S	0.0
Salinf_EP00049_Salpingoeca_infusionum_P008305	Coemet_Cmet_scaffold21533_01	1.0	S	0.0
Salinf_EP00049_Salpingoeca_infusionum_P008305	Spis_XP_022790036_1	1.0	S	0.0
Salinf_EP00049_Salpingoeca_infusionum_P008305	Clacor_Ccor_scaffold6935_01	1.0	S	0.0
Salinf_EP00049_Salpingoeca_infusionum_P008305	Morvir_scaffold71.g51.t1	1.0	S	0.0
Microa_EP00043_Microstomoeca_roanoka_P005253	Nvec_v1g176382	1.0	S	0.0
Microa_EP00043_Microstomoeca_roanoka_P005253	Leuniv_Lniv_scaffold25658_01	1.0	S	0.0
Microa_EP00043_Microstomoeca_roanoka_P005253	Mertsp_Mesp_sb576789	1.0	S	0.0
Microa_EP00043_Microstomoeca_roanoka_P005253	Aaur_scaffold173.g1.t1	1.0	S	0.0
Microa_EP00043_Microstomoeca_roanoka_P005253	Tcas_TC003474_001	1.0	S	0.0
Microa_EP00043_Microstomoeca_roanoka_P005253	Drygla_Dgla_sb296842	1.0	S	0.0
Microa_EP00043_Microstomoeca_roanoka_P005253	Gracom_Gcom_scaffold11592_01	1.0	S	0.0
Microa_EP00043_Microstomoeca_roanoka_P005253	Spolac_c96288_g1_i2_m.12867c94764-g1	1.0	S	0.0
Microa_EP00043_Microstomoeca_roanoka_P005253	Nemnom_g13465.t1	1.0	S	0.0
Microa_EP00043_Microstomoeca_roanoka_P005253	Mertsp_Mesp_sb576784	1.0	S	0.0
Microa_EP00043_Microstomoeca_roanoka_P005253	Pbac_sb2669541	1.0	S	0.0
Microa_EP00043_Microstomoeca_roanoka_P005253	Aque_Aqu2.1.28599_001	1.0	S	0.0
Microa_EP00043_Microstomoeca_roanoka_P005253	Pbac_sb2669544	1.0	S	0.0
Microa_EP00043_Microstomoeca_roanoka_P005253	Stycar_maker-SC_scaffold4460-snap-gene-0.26-mRNA-1	1.0	S	0.0
Microa_EP00043_Microstomoeca_roanoka_P005253	TrH2_TrispH2_003803-RA	1.0	S	0.0
Microa_EP00043_Microstomoeca_roanoka_P005253	Opea_EP00118_Oscarella_pearsei_P013022	1.0	S	0.0
Microa_EP00043_Microstomoeca_roanoka_P005253	Nvec_v1g199243	1.0	S	0.0
Microa_EP00043_Microstomoeca_roanoka_P005253	Stycar_augustus_masked-SC_scaffold125987-processed-gene-0.0-mRNA-1	1.0	S	0.0
Microa_EP00043_Microstomoeca_roanoka_P005253	Bolinf_Binf_sb1225476	1.0	S	0.0
Microa_EP00043_Microstomoeca_roanoka_P005253	Plespi_Pspi_scaffold19735_01	1.0	S	0.0
Microa_EP00043_Microstomoeca_roanoka_P005253	Adig_XM_015923890.1	1.0	S	0.0
Microa_EP00043_Microstomoeca_roanoka_P005253	Emue_Em0018g793a.t1	1.0	S	0.0
Microa_EP00043_Microstomoeca_roanoka_P005253	Hsap_ENST00000602795	1.0	S	0.0
Microa_EP00043_Microstomoeca_roanoka_P005253	Chem_TCONS_00027827	1.0	S	0.0
Microa_EP00043_Microstomoeca_roanoka_P005253	Stycar_snap_masked-SC_scaffold48179-processed-gene-0.2-mRNA-1	1.0	S	0.0
Microa_EP00043_Microstomoeca_roanoka_P005253	Bolinf_Binf_sb1216478	1.0	S	0.0
Microa_EP00043_Microstomoeca_roanoka_P005253	Bolinf_Binf_sb1216480	1.0	S	0.0
Microa_EP00043_Microstomoeca_roanoka_P005253	Bolinf_Binf_sb1216481	1.0	S	0.0
Microa_EP00043_Microstomoeca_roanoka_P005253	Scil_scict008773.1	1.0	S	0.0
Microa_EP00043_Microstomoeca_roanoka_P005253	Stycar_snap_masked-SC_scaffold48179-processed-gene-0.3-mRNA-1	1.0	S	0.0
Microa_EP00043_Microstomoeca_roanoka_P005253	Adig_XM_015919323.1	1.0	S	0.0
Microa_EP00043_Microstomoeca_roanoka_P005253	Pbac_sb2669542	1.0	S	0.0
Microa_EP00043_Microstomoeca_roanoka_P005253	Emue_Em0018g796a.t1	1.0	S	0.0
Microa_EP00043_Microstomoeca_roanoka_P005253	Aque_Aqu2.1.02773_001	1.0	S	0.0
Microa_EP00043_Microstomoeca_roanoka_P005253	Drygla_Dgla_sb296839	1.0	S	0.0
Microa_EP00043_Microstomoeca_roanoka_P005253	Gasp_gasp1.m3.12480.m1	1.0	S	0.0
Microa_EP00043_Microstomoeca_roanoka_P005253	Tadh_TriadT55545	1.0	S	0.0
Microa_EP00043_Microstomoeca_roanoka_P005253	Dpul_mRNA925	1.0	S	0.0
Microa_EP00043_Microstomoeca_roanoka_P005253	HoiH06_mRNA6953	1.0	S	0.0
Microa_EP00043_Microstomoeca_roanoka_P005253	Spur_XM_030975295.1	1.0	S	0.0
Microa_EP00043_Microstomoeca_roanoka_P005253	Mertsp_Mesp_sb576787	1.0	S	0.0
Microa_EP00043_Microstomoeca_roanoka_P005253	Cgig_XM_034481919.1	1.0	S	0.0
Microa_EP00043_Microstomoeca_roanoka_P005253	Exapal_XM_021042175.1	1.0	S	0.0
Microa_EP00043_Microstomoeca_roanoka_P005253	Emue_Em0018g794a.t1	1.0	S	0.0
Microa_EP00043_Microstomoeca_roanoka_P005253	Spolac_c94764_g1_i1_m.10520c94764-g1	1.0	S	0.0
Microa_EP00043_Microstomoeca_roanoka_P005253	Pbac_sb2669546	1.0	S	0.0
Microa_EP00043_Microstomoeca_roanoka_P005253	Spur_XM_030977921.1	1.0	S	0.0
Microa_EP00043_Microstomoeca_roanoka_P005253	Bolinf_Binf_sb1216479	1.0	S	0.0
Microa_EP00043_Microstomoeca_roanoka_P005253	Bralan_BLAG07000907_1	1.0	S	0.0
Microa_EP00043_Microstomoeca_roanoka_P005253	Gfas_gfas1.m1.5290.m1	1.0	S	0.0
Microa_EP00043_Microstomoeca_roanoka_P005253	Aque_Aqu2.1.14014_001	1.0	S	0.0
Microa_EP00043_Microstomoeca_roanoka_P005253	HoiH04_mRNA458	1.0	S	0.0
Microa_EP00043_Microstomoeca_roanoka_P005253	Drygla_Dgla_sb296841	1.0	S	0.0
Microa_EP00043_Microstomoeca_roanoka_P005253	Mlei_ML0742.g4.i1	1.0	S	0.0
Microa_EP00043_Microstomoeca_roanoka_P005253	Drygla_Dgla_sb296840	1.0	S	0.0
Microa_EP00043_Microstomoeca_roanoka_P005253	Lcom_lcpid51879	1.0	S	0.0
Microa_EP00043_Microstomoeca_roanoka_P005253	Dgig_XM_028535976.1	1.0	S	0.0
Microa_EP00043_Microstomoeca_roanoka_P005253	Acagra_model.g26020.t1	1.0	S	0.0
Microa_EP00043_Microstomoeca_roanoka_P005253	Sanmal_Sma_009024-T1	1.0	S	0.0
Microa_EP00043_Microstomoeca_roanoka_P005253	Aque_Aqu2.1.03830_001	1.0	S	0.0
Microa_EP00043_Microstomoeca_roanoka_P005253	HoiH11_mRNA2364	1.0	S	0.0
Microa_EP00043_Microstomoeca_roanoka_P005253	Mertsp_Mesp_sb576788	1.0	S	0.0
Microa_EP00043_Microstomoeca_roanoka_P005253	Plespi_Pspi_scaffold19736_01	1.0	S	0.0
Microa_EP00043_Microstomoeca_roanoka_P005253	Pocdam_XM_027190439.1	1.0	S	0.0
Microa_EP00043_Microstomoeca_roanoka_P005253	Opea_EP00118_Oscarella_pearsei_P013021	1.0	S	0.0
Microa_EP00043_Microstomoeca_roanoka_P005253	Spolac_c96288_g1_i1_m.12866c94764-g1	1.0	S	0.0
Microa_EP00043_Microstomoeca_roanoka_P005253	Cscu_XM_023364102.1	1.0	S	0.0
Microa_EP00043_Microstomoeca_roanoka_P005253	Opea_EP00118_Oscarella_pearsei_P013023	1.0	S	0.0
Microa_EP00043_Microstomoeca_roanoka_P005253	Acagra_model.g26020.t1.1.5d401061	1.0	S	0.0
Microa_EP00043_Microstomoeca_roanoka_P005253	Mertsp_Mesp_sb576786	1.0	S	0.0
Microa_EP00043_Microstomoeca_roanoka_P005253	Beraby_Baby_sb326426	1.0	S	0.0
Microa_EP00043_Microstomoeca_roanoka_P005253	Exapal_XM_021037075.2	1.0	S	0.0
Microa_EP00043_Microstomoeca_roanoka_P005253	Hvul_g12578_1	1.0	S	0.0
Microa_EP00043_Microstomoeca_roanoka_P005253	Amil_Amillepora34070-RA	1.0	S	0.0
Microa_EP00043_Microstomoeca_roanoka_P005253	Aque_Aqu2.1.04132_001	1.0	S	0.0
Microa_EP00043_Microstomoeca_roanoka_P005253	Vmul_sbMO428230	1.0	S	0.0
Microa_EP00043_Microstomoeca_roanoka_P005253	Fspp_ffun1.m4.20432.m1	1.0	S	0.0
Microa_EP00043_Microstomoeca_roanoka_P005253	Tetwil_g3590.t2	1.0	S	0.0
Microa_EP00043_Microstomoeca_roanoka_P005253	Aque_Aqu2.1.28600_001	1.0	S	0.0
Microa_EP00043_Microstomoeca_roanoka_P005253	HoiH23_PlH23_001706-RA	1.0	S	0.0
Microa_EP00043_Microstomoeca_roanoka_P005253	Mertsp_Mesp_sb576785	1.0	S	0.0
Microa_EP00043_Microstomoeca_roanoka_P005253	Skow_XM_002739496.1	1.0	S	0.0
Microa_EP00043_Microstomoeca_roanoka_P005253	Hhon_g09877.t1	1.0	S	0.0
Microa_EP00043_Microstomoeca_roanoka_P005253	Lampan_Lpan_1881_01	1.0	S	0.0
Microa_EP00043_Microstomoeca_roanoka_P005253	Horcal_Hcv1.av93.c7.g243.i1	1.0	S	0.0
Microa_EP00043_Microstomoeca_roanoka_P005253	Ctel_gnl_WGS_AMQN_CAPTEDRAFT_mRNA160748	1.0	S	0.0
Microa_EP00043_Microstomoeca_roanoka_P005253	Xestes_maker-XT_scaffold16220-snap-gene-0.26-mRNA-1	1.0	S	0.0
Microa_EP00043_Microstomoeca_roanoka_P005253	Rhoesc_Res_003036-T1	1.0	S	0.0
Microa_EP00043_Microstomoeca_roanoka_P005253	Coemet_Cmet_scaffold21533_01	1.0	S	0.0
Microa_EP00043_Microstomoeca_roanoka_P005253	Spis_XP_022790036_1	1.0	S	0.0
Microa_EP00043_Microstomoeca_roanoka_P005253	Clacor_Ccor_scaffold6935_01	1.0	S	0.0
Microa_EP00043_Microstomoeca_roanoka_P005253	Morvir_scaffold71.g51.t1	1.0	S	0.0
Salpun_EP00053_Salpingoeca_punica_P008096	Nvec_v1g176382	1.0	S	0.0
Salpun_EP00053_Salpingoeca_punica_P008096	Leuniv_Lniv_scaffold25658_01	1.0	S	0.0
Salpun_EP00053_Salpingoeca_punica_P008096	Mertsp_Mesp_sb576789	1.0	S	0.0
Salpun_EP00053_Salpingoeca_punica_P008096	Aaur_scaffold173.g1.t1	1.0	S	0.0
Salpun_EP00053_Salpingoeca_punica_P008096	Tcas_TC003474_001	1.0	S	0.0
Salpun_EP00053_Salpingoeca_punica_P008096	Drygla_Dgla_sb296842	1.0	S	0.0
Salpun_EP00053_Salpingoeca_punica_P008096	Gracom_Gcom_scaffold11592_01	1.0	S	0.0
Salpun_EP00053_Salpingoeca_punica_P008096	Spolac_c96288_g1_i2_m.12867c94764-g1	1.0	S	0.0
Salpun_EP00053_Salpingoeca_punica_P008096	Nemnom_g13465.t1	1.0	S	0.0
Salpun_EP00053_Salpingoeca_punica_P008096	Mertsp_Mesp_sb576784	1.0	S	0.0
Salpun_EP00053_Salpingoeca_punica_P008096	Pbac_sb2669541	1.0	S	0.0
Salpun_EP00053_Salpingoeca_punica_P008096	Aque_Aqu2.1.28599_001	1.0	S	0.0
Salpun_EP00053_Salpingoeca_punica_P008096	Pbac_sb2669544	1.0	S	0.0
Salpun_EP00053_Salpingoeca_punica_P008096	Stycar_maker-SC_scaffold4460-snap-gene-0.26-mRNA-1	1.0	S	0.0
Salpun_EP00053_Salpingoeca_punica_P008096	TrH2_TrispH2_003803-RA	1.0	S	0.0
Salpun_EP00053_Salpingoeca_punica_P008096	Opea_EP00118_Oscarella_pearsei_P013022	1.0	S	0.0
Salpun_EP00053_Salpingoeca_punica_P008096	Nvec_v1g199243	1.0	S	0.0
Salpun_EP00053_Salpingoeca_punica_P008096	Stycar_augustus_masked-SC_scaffold125987-processed-gene-0.0-mRNA-1	1.0	S	0.0
Salpun_EP00053_Salpingoeca_punica_P008096	Bolinf_Binf_sb1225476	1.0	S	0.0
Salpun_EP00053_Salpingoeca_punica_P008096	Plespi_Pspi_scaffold19735_01	1.0	S	0.0
Salpun_EP00053_Salpingoeca_punica_P008096	Adig_XM_015923890.1	1.0	S	0.0
Salpun_EP00053_Salpingoeca_punica_P008096	Emue_Em0018g793a.t1	1.0	S	0.0
Salpun_EP00053_Salpingoeca_punica_P008096	Hsap_ENST00000602795	1.0	S	0.0
Salpun_EP00053_Salpingoeca_punica_P008096	Chem_TCONS_00027827	1.0	S	0.0
Salpun_EP00053_Salpingoeca_punica_P008096	Stycar_snap_masked-SC_scaffold48179-processed-gene-0.2-mRNA-1	1.0	S	0.0
Salpun_EP00053_Salpingoeca_punica_P008096	Bolinf_Binf_sb1216478	1.0	S	0.0
Salpun_EP00053_Salpingoeca_punica_P008096	Bolinf_Binf_sb1216480	1.0	S	0.0
Salpun_EP00053_Salpingoeca_punica_P008096	Bolinf_Binf_sb1216481	1.0	S	0.0
Salpun_EP00053_Salpingoeca_punica_P008096	Scil_scict008773.1	1.0	S	0.0
Salpun_EP00053_Salpingoeca_punica_P008096	Stycar_snap_masked-SC_scaffold48179-processed-gene-0.3-mRNA-1	1.0	S	0.0
Salpun_EP00053_Salpingoeca_punica_P008096	Adig_XM_015919323.1	1.0	S	0.0
Salpun_EP00053_Salpingoeca_punica_P008096	Pbac_sb2669542	1.0	S	0.0
Salpun_EP00053_Salpingoeca_punica_P008096	Emue_Em0018g796a.t1	1.0	S	0.0
Salpun_EP00053_Salpingoeca_punica_P008096	Aque_Aqu2.1.02773_001	1.0	S	0.0
Salpun_EP00053_Salpingoeca_punica_P008096	Drygla_Dgla_sb296839	1.0	S	0.0
Salpun_EP00053_Salpingoeca_punica_P008096	Gasp_gasp1.m3.12480.m1	1.0	S	0.0
Salpun_EP00053_Salpingoeca_punica_P008096	Tadh_TriadT55545	1.0	S	0.0
Salpun_EP00053_Salpingoeca_punica_P008096	Dpul_mRNA925	1.0	S	0.0
Salpun_EP00053_Salpingoeca_punica_P008096	HoiH06_mRNA6953	1.0	S	0.0
Salpun_EP00053_Salpingoeca_punica_P008096	Spur_XM_030975295.1	1.0	S	0.0
Salpun_EP00053_Salpingoeca_punica_P008096	Mertsp_Mesp_sb576787	1.0	S	0.0
Salpun_EP00053_Salpingoeca_punica_P008096	Cgig_XM_034481919.1	1.0	S	0.0
Salpun_EP00053_Salpingoeca_punica_P008096	Exapal_XM_021042175.1	1.0	S	0.0
Salpun_EP00053_Salpingoeca_punica_P008096	Emue_Em0018g794a.t1	1.0	S	0.0
Salpun_EP00053_Salpingoeca_punica_P008096	Spolac_c94764_g1_i1_m.10520c94764-g1	1.0	S	0.0
Salpun_EP00053_Salpingoeca_punica_P008096	Pbac_sb2669546	1.0	S	0.0
Salpun_EP00053_Salpingoeca_punica_P008096	Spur_XM_030977921.1	1.0	S	0.0
Salpun_EP00053_Salpingoeca_punica_P008096	Bolinf_Binf_sb1216479	1.0	S	0.0
Salpun_EP00053_Salpingoeca_punica_P008096	Bralan_BLAG07000907_1	1.0	S	0.0
Salpun_EP00053_Salpingoeca_punica_P008096	Gfas_gfas1.m1.5290.m1	1.0	S	0.0
Salpun_EP00053_Salpingoeca_punica_P008096	Aque_Aqu2.1.14014_001	1.0	S	0.0
Salpun_EP00053_Salpingoeca_punica_P008096	HoiH04_mRNA458	1.0	S	0.0
Salpun_EP00053_Salpingoeca_punica_P008096	Drygla_Dgla_sb296841	1.0	S	0.0
Salpun_EP00053_Salpingoeca_punica_P008096	Mlei_ML0742.g4.i1	1.0	S	0.0
Salpun_EP00053_Salpingoeca_punica_P008096	Drygla_Dgla_sb296840	1.0	S	0.0
Salpun_EP00053_Salpingoeca_punica_P008096	Lcom_lcpid51879	1.0	S	0.0
Salpun_EP00053_Salpingoeca_punica_P008096	Dgig_XM_028535976.1	1.0	S	0.0
Salpun_EP00053_Salpingoeca_punica_P008096	Acagra_model.g26020.t1	1.0	S	0.0
Salpun_EP00053_Salpingoeca_punica_P008096	Sanmal_Sma_009024-T1	1.0	S	0.0
Salpun_EP00053_Salpingoeca_punica_P008096	Aque_Aqu2.1.03830_001	1.0	S	0.0
Salpun_EP00053_Salpingoeca_punica_P008096	HoiH11_mRNA2364	1.0	S	0.0
Salpun_EP00053_Salpingoeca_punica_P008096	Mertsp_Mesp_sb576788	1.0	S	0.0
Salpun_EP00053_Salpingoeca_punica_P008096	Plespi_Pspi_scaffold19736_01	1.0	S	0.0
Salpun_EP00053_Salpingoeca_punica_P008096	Pocdam_XM_027190439.1	1.0	S	0.0
Salpun_EP00053_Salpingoeca_punica_P008096	Opea_EP00118_Oscarella_pearsei_P013021	1.0	S	0.0
Salpun_EP00053_Salpingoeca_punica_P008096	Spolac_c96288_g1_i1_m.12866c94764-g1	1.0	S	0.0
Salpun_EP00053_Salpingoeca_punica_P008096	Cscu_XM_023364102.1	1.0	S	0.0
Salpun_EP00053_Salpingoeca_punica_P008096	Opea_EP00118_Oscarella_pearsei_P013023	1.0	S	0.0
Salpun_EP00053_Salpingoeca_punica_P008096	Acagra_model.g26020.t1.1.5d401061	1.0	S	0.0
Salpun_EP00053_Salpingoeca_punica_P008096	Mertsp_Mesp_sb576786	1.0	S	0.0
Salpun_EP00053_Salpingoeca_punica_P008096	Beraby_Baby_sb326426	1.0	S	0.0
Salpun_EP00053_Salpingoeca_punica_P008096	Exapal_XM_021037075.2	1.0	S	0.0
Salpun_EP00053_Salpingoeca_punica_P008096	Hvul_g12578_1	1.0	S	0.0
Salpun_EP00053_Salpingoeca_punica_P008096	Amil_Amillepora34070-RA	1.0	S	0.0
Salpun_EP00053_Salpingoeca_punica_P008096	Aque_Aqu2.1.04132_001	1.0	S	0.0
Salpun_EP00053_Salpingoeca_punica_P008096	Vmul_sbMO428230	1.0	S	0.0
Salpun_EP00053_Salpingoeca_punica_P008096	Fspp_ffun1.m4.20432.m1	1.0	S	0.0
Salpun_EP00053_Salpingoeca_punica_P008096	Tetwil_g3590.t2	1.0	S	0.0
Salpun_EP00053_Salpingoeca_punica_P008096	Aque_Aqu2.1.28600_001	1.0	S	0.0
Salpun_EP00053_Salpingoeca_punica_P008096	HoiH23_PlH23_001706-RA	1.0	S	0.0
Salpun_EP00053_Salpingoeca_punica_P008096	Mertsp_Mesp_sb576785	1.0	S	0.0
Salpun_EP00053_Salpingoeca_punica_P008096	Skow_XM_002739496.1	1.0	S	0.0
Salpun_EP00053_Salpingoeca_punica_P008096	Hhon_g09877.t1	1.0	S	0.0
Salpun_EP00053_Salpingoeca_punica_P008096	Lampan_Lpan_1881_01	1.0	S	0.0
Salpun_EP00053_Salpingoeca_punica_P008096	Horcal_Hcv1.av93.c7.g243.i1	1.0	S	0.0
Salpun_EP00053_Salpingoeca_punica_P008096	Ctel_gnl_WGS_AMQN_CAPTEDRAFT_mRNA160748	1.0	S	0.0
Salpun_EP00053_Salpingoeca_punica_P008096	Xestes_maker-XT_scaffold16220-snap-gene-0.26-mRNA-1	1.0	S	0.0
Salpun_EP00053_Salpingoeca_punica_P008096	Rhoesc_Res_003036-T1	1.0	S	0.0
Salpun_EP00053_Salpingoeca_punica_P008096	Coemet_Cmet_scaffold21533_01	1.0	S	0.0
Salpun_EP00053_Salpingoeca_punica_P008096	Spis_XP_022790036_1	1.0	S	0.0
Salpun_EP00053_Salpingoeca_punica_P008096	Clacor_Ccor_scaffold6935_01	1.0	S	0.0
Salpun_EP00053_Salpingoeca_punica_P008096	Morvir_scaffold71.g51.t1	1.0	S	0.0
Salmac_EP00052_Salpingoeca_macrocollata_P006544	Nvec_v1g176382	1.0	S	0.0
Salmac_EP00052_Salpingoeca_macrocollata_P006544	Leuniv_Lniv_scaffold25658_01	1.0	S	0.0
Salmac_EP00052_Salpingoeca_macrocollata_P006544	Mertsp_Mesp_sb576789	1.0	S	0.0
Salmac_EP00052_Salpingoeca_macrocollata_P006544	Aaur_scaffold173.g1.t1	1.0	S	0.0
Salmac_EP00052_Salpingoeca_macrocollata_P006544	Tcas_TC003474_001	1.0	S	0.0
Salmac_EP00052_Salpingoeca_macrocollata_P006544	Drygla_Dgla_sb296842	1.0	S	0.0
Salmac_EP00052_Salpingoeca_macrocollata_P006544	Gracom_Gcom_scaffold11592_01	1.0	S	0.0
Salmac_EP00052_Salpingoeca_macrocollata_P006544	Spolac_c96288_g1_i2_m.12867c94764-g1	1.0	S	0.0
Salmac_EP00052_Salpingoeca_macrocollata_P006544	Nemnom_g13465.t1	1.0	S	0.0
Salmac_EP00052_Salpingoeca_macrocollata_P006544	Mertsp_Mesp_sb576784	1.0	S	0.0
Salmac_EP00052_Salpingoeca_macrocollata_P006544	Pbac_sb2669541	1.0	S	0.0
Salmac_EP00052_Salpingoeca_macrocollata_P006544	Aque_Aqu2.1.28599_001	1.0	S	0.0
Salmac_EP00052_Salpingoeca_macrocollata_P006544	Pbac_sb2669544	1.0	S	0.0
Salmac_EP00052_Salpingoeca_macrocollata_P006544	Stycar_maker-SC_scaffold4460-snap-gene-0.26-mRNA-1	1.0	S	0.0
Salmac_EP00052_Salpingoeca_macrocollata_P006544	TrH2_TrispH2_003803-RA	1.0	S	0.0
Salmac_EP00052_Salpingoeca_macrocollata_P006544	Opea_EP00118_Oscarella_pearsei_P013022	1.0	S	0.0
Salmac_EP00052_Salpingoeca_macrocollata_P006544	Nvec_v1g199243	1.0	S	0.0
Salmac_EP00052_Salpingoeca_macrocollata_P006544	Stycar_augustus_masked-SC_scaffold125987-processed-gene-0.0-mRNA-1	1.0	S	0.0
Salmac_EP00052_Salpingoeca_macrocollata_P006544	Bolinf_Binf_sb1225476	1.0	S	0.0
Salmac_EP00052_Salpingoeca_macrocollata_P006544	Plespi_Pspi_scaffold19735_01	1.0	S	0.0
Salmac_EP00052_Salpingoeca_macrocollata_P006544	Adig_XM_015923890.1	1.0	S	0.0
Salmac_EP00052_Salpingoeca_macrocollata_P006544	Emue_Em0018g793a.t1	1.0	S	0.0
Salmac_EP00052_Salpingoeca_macrocollata_P006544	Hsap_ENST00000602795	1.0	S	0.0
Salmac_EP00052_Salpingoeca_macrocollata_P006544	Chem_TCONS_00027827	1.0	S	0.0
Salmac_EP00052_Salpingoeca_macrocollata_P006544	Stycar_snap_masked-SC_scaffold48179-processed-gene-0.2-mRNA-1	1.0	S	0.0
Salmac_EP00052_Salpingoeca_macrocollata_P006544	Bolinf_Binf_sb1216478	1.0	S	0.0
Salmac_EP00052_Salpingoeca_macrocollata_P006544	Bolinf_Binf_sb1216480	1.0	S	0.0
Salmac_EP00052_Salpingoeca_macrocollata_P006544	Bolinf_Binf_sb1216481	1.0	S	0.0
Salmac_EP00052_Salpingoeca_macrocollata_P006544	Scil_scict008773.1	1.0	S	0.0
Salmac_EP00052_Salpingoeca_macrocollata_P006544	Stycar_snap_masked-SC_scaffold48179-processed-gene-0.3-mRNA-1	1.0	S	0.0
Salmac_EP00052_Salpingoeca_macrocollata_P006544	Adig_XM_015919323.1	1.0	S	0.0
Salmac_EP00052_Salpingoeca_macrocollata_P006544	Pbac_sb2669542	1.0	S	0.0
Salmac_EP00052_Salpingoeca_macrocollata_P006544	Emue_Em0018g796a.t1	1.0	S	0.0
Salmac_EP00052_Salpingoeca_macrocollata_P006544	Aque_Aqu2.1.02773_001	1.0	S	0.0
Salmac_EP00052_Salpingoeca_macrocollata_P006544	Drygla_Dgla_sb296839	1.0	S	0.0
Salmac_EP00052_Salpingoeca_macrocollata_P006544	Gasp_gasp1.m3.12480.m1	1.0	S	0.0
Salmac_EP00052_Salpingoeca_macrocollata_P006544	Tadh_TriadT55545	1.0	S	0.0
Salmac_EP00052_Salpingoeca_macrocollata_P006544	Dpul_mRNA925	1.0	S	0.0
Salmac_EP00052_Salpingoeca_macrocollata_P006544	HoiH06_mRNA6953	1.0	S	0.0
Salmac_EP00052_Salpingoeca_macrocollata_P006544	Spur_XM_030975295.1	1.0	S	0.0
Salmac_EP00052_Salpingoeca_macrocollata_P006544	Mertsp_Mesp_sb576787	1.0	S	0.0
Salmac_EP00052_Salpingoeca_macrocollata_P006544	Cgig_XM_034481919.1	1.0	S	0.0
Salmac_EP00052_Salpingoeca_macrocollata_P006544	Exapal_XM_021042175.1	1.0	S	0.0
Salmac_EP00052_Salpingoeca_macrocollata_P006544	Emue_Em0018g794a.t1	1.0	S	0.0
Salmac_EP00052_Salpingoeca_macrocollata_P006544	Spolac_c94764_g1_i1_m.10520c94764-g1	1.0	S	0.0
Salmac_EP00052_Salpingoeca_macrocollata_P006544	Pbac_sb2669546	1.0	S	0.0
Salmac_EP00052_Salpingoeca_macrocollata_P006544	Spur_XM_030977921.1	1.0	S	0.0
Salmac_EP00052_Salpingoeca_macrocollata_P006544	Bolinf_Binf_sb1216479	1.0	S	0.0
Salmac_EP00052_Salpingoeca_macrocollata_P006544	Bralan_BLAG07000907_1	1.0	S	0.0
Salmac_EP00052_Salpingoeca_macrocollata_P006544	Gfas_gfas1.m1.5290.m1	1.0	S	0.0
Salmac_EP00052_Salpingoeca_macrocollata_P006544	Aque_Aqu2.1.14014_001	1.0	S	0.0
Salmac_EP00052_Salpingoeca_macrocollata_P006544	HoiH04_mRNA458	1.0	S	0.0
Salmac_EP00052_Salpingoeca_macrocollata_P006544	Drygla_Dgla_sb296841	1.0	S	0.0
Salmac_EP00052_Salpingoeca_macrocollata_P006544	Mlei_ML0742.g4.i1	1.0	S	0.0
Salmac_EP00052_Salpingoeca_macrocollata_P006544	Drygla_Dgla_sb296840	1.0	S	0.0
Salmac_EP00052_Salpingoeca_macrocollata_P006544	Lcom_lcpid51879	1.0	S	0.0
Salmac_EP00052_Salpingoeca_macrocollata_P006544	Dgig_XM_028535976.1	1.0	S	0.0
Salmac_EP00052_Salpingoeca_macrocollata_P006544	Acagra_model.g26020.t1	1.0	S	0.0
Salmac_EP00052_Salpingoeca_macrocollata_P006544	Sanmal_Sma_009024-T1	1.0	S	0.0
Salmac_EP00052_Salpingoeca_macrocollata_P006544	Aque_Aqu2.1.03830_001	1.0	S	0.0
Salmac_EP00052_Salpingoeca_macrocollata_P006544	HoiH11_mRNA2364	1.0	S	0.0
Salmac_EP00052_Salpingoeca_macrocollata_P006544	Mertsp_Mesp_sb576788	1.0	S	0.0
Salmac_EP00052_Salpingoeca_macrocollata_P006544	Plespi_Pspi_scaffold19736_01	1.0	S	0.0
Salmac_EP00052_Salpingoeca_macrocollata_P006544	Pocdam_XM_027190439.1	1.0	S	0.0
Salmac_EP00052_Salpingoeca_macrocollata_P006544	Opea_EP00118_Oscarella_pearsei_P013021	1.0	S	0.0
Salmac_EP00052_Salpingoeca_macrocollata_P006544	Spolac_c96288_g1_i1_m.12866c94764-g1	1.0	S	0.0
Salmac_EP00052_Salpingoeca_macrocollata_P006544	Cscu_XM_023364102.1	1.0	S	0.0
Salmac_EP00052_Salpingoeca_macrocollata_P006544	Opea_EP00118_Oscarella_pearsei_P013023	1.0	S	0.0
Salmac_EP00052_Salpingoeca_macrocollata_P006544	Acagra_model.g26020.t1.1.5d401061	1.0	S	0.0
Salmac_EP00052_Salpingoeca_macrocollata_P006544	Mertsp_Mesp_sb576786	1.0	S	0.0
Salmac_EP00052_Salpingoeca_macrocollata_P006544	Beraby_Baby_sb326426	1.0	S	0.0
Salmac_EP00052_Salpingoeca_macrocollata_P006544	Exapal_XM_021037075.2	1.0	S	0.0
Salmac_EP00052_Salpingoeca_macrocollata_P006544	Hvul_g12578_1	1.0	S	0.0
Salmac_EP00052_Salpingoeca_macrocollata_P006544	Amil_Amillepora34070-RA	1.0	S	0.0
Salmac_EP00052_Salpingoeca_macrocollata_P006544	Aque_Aqu2.1.04132_001	1.0	S	0.0
Salmac_EP00052_Salpingoeca_macrocollata_P006544	Vmul_sbMO428230	1.0	S	0.0
Salmac_EP00052_Salpingoeca_macrocollata_P006544	Fspp_ffun1.m4.20432.m1	1.0	S	0.0
Salmac_EP00052_Salpingoeca_macrocollata_P006544	Tetwil_g3590.t2	1.0	S	0.0
Salmac_EP00052_Salpingoeca_macrocollata_P006544	Aque_Aqu2.1.28600_001	1.0	S	0.0
Salmac_EP00052_Salpingoeca_macrocollata_P006544	HoiH23_PlH23_001706-RA	1.0	S	0.0
Salmac_EP00052_Salpingoeca_macrocollata_P006544	Mertsp_Mesp_sb576785	1.0	S	0.0
Salmac_EP00052_Salpingoeca_macrocollata_P006544	Skow_XM_002739496.1	1.0	S	0.0
Salmac_EP00052_Salpingoeca_macrocollata_P006544	Hhon_g09877.t1	1.0	S	0.0
Salmac_EP00052_Salpingoeca_macrocollata_P006544	Lampan_Lpan_1881_01	1.0	S	0.0
Salmac_EP00052_Salpingoeca_macrocollata_P006544	Horcal_Hcv1.av93.c7.g243.i1	1.0	S	0.0
Salmac_EP00052_Salpingoeca_macrocollata_P006544	Ctel_gnl_WGS_AMQN_CAPTEDRAFT_mRNA160748	1.0	S	0.0
Salmac_EP00052_Salpingoeca_macrocollata_P006544	Xestes_maker-XT_scaffold16220-snap-gene-0.26-mRNA-1	1.0	S	0.0
Salmac_EP00052_Salpingoeca_macrocollata_P006544	Rhoesc_Res_003036-T1	1.0	S	0.0
Salmac_EP00052_Salpingoeca_macrocollata_P006544	Coemet_Cmet_scaffold21533_01	1.0	S	0.0
Salmac_EP00052_Salpingoeca_macrocollata_P006544	Spis_XP_022790036_1	1.0	S	0.0
Salmac_EP00052_Salpingoeca_macrocollata_P006544	Clacor_Ccor_scaffold6935_01	1.0	S	0.0
Salmac_EP00052_Salpingoeca_macrocollata_P006544	Morvir_scaffold71.g51.t1	1.0	S	0.0
Salurc_EP00051_Salpingoeca_urceolata_P009442	Nvec_v1g176382	1.0	S	0.0
Salurc_EP00051_Salpingoeca_urceolata_P009442	Leuniv_Lniv_scaffold25658_01	1.0	S	0.0
Salurc_EP00051_Salpingoeca_urceolata_P009442	Mertsp_Mesp_sb576789	1.0	S	0.0
Salurc_EP00051_Salpingoeca_urceolata_P009442	Aaur_scaffold173.g1.t1	1.0	S	0.0
Salurc_EP00051_Salpingoeca_urceolata_P009442	Tcas_TC003474_001	1.0	S	0.0
Salurc_EP00051_Salpingoeca_urceolata_P009442	Drygla_Dgla_sb296842	1.0	S	0.0
Salurc_EP00051_Salpingoeca_urceolata_P009442	Gracom_Gcom_scaffold11592_01	1.0	S	0.0
Salurc_EP00051_Salpingoeca_urceolata_P009442	Spolac_c96288_g1_i2_m.12867c94764-g1	1.0	S	0.0
Salurc_EP00051_Salpingoeca_urceolata_P009442	Nemnom_g13465.t1	1.0	S	0.0
Salurc_EP00051_Salpingoeca_urceolata_P009442	Mertsp_Mesp_sb576784	1.0	S	0.0
Salurc_EP00051_Salpingoeca_urceolata_P009442	Pbac_sb2669541	1.0	S	0.0
Salurc_EP00051_Salpingoeca_urceolata_P009442	Aque_Aqu2.1.28599_001	1.0	S	0.0
Salurc_EP00051_Salpingoeca_urceolata_P009442	Pbac_sb2669544	1.0	S	0.0
Salurc_EP00051_Salpingoeca_urceolata_P009442	Stycar_maker-SC_scaffold4460-snap-gene-0.26-mRNA-1	1.0	S	0.0
Salurc_EP00051_Salpingoeca_urceolata_P009442	TrH2_TrispH2_003803-RA	1.0	S	0.0
Salurc_EP00051_Salpingoeca_urceolata_P009442	Opea_EP00118_Oscarella_pearsei_P013022	1.0	S	0.0
Salurc_EP00051_Salpingoeca_urceolata_P009442	Nvec_v1g199243	1.0	S	0.0
Salurc_EP00051_Salpingoeca_urceolata_P009442	Stycar_augustus_masked-SC_scaffold125987-processed-gene-0.0-mRNA-1	1.0	S	0.0
Salurc_EP00051_Salpingoeca_urceolata_P009442	Bolinf_Binf_sb1225476	1.0	S	0.0
Salurc_EP00051_Salpingoeca_urceolata_P009442	Plespi_Pspi_scaffold19735_01	1.0	S	0.0
Salurc_EP00051_Salpingoeca_urceolata_P009442	Adig_XM_015923890.1	1.0	S	0.0
Salurc_EP00051_Salpingoeca_urceolata_P009442	Emue_Em0018g793a.t1	1.0	S	0.0
Salurc_EP00051_Salpingoeca_urceolata_P009442	Hsap_ENST00000602795	1.0	S	0.0
Salurc_EP00051_Salpingoeca_urceolata_P009442	Chem_TCONS_00027827	1.0	S	0.0
Salurc_EP00051_Salpingoeca_urceolata_P009442	Stycar_snap_masked-SC_scaffold48179-processed-gene-0.2-mRNA-1	1.0	S	0.0
Salurc_EP00051_Salpingoeca_urceolata_P009442	Bolinf_Binf_sb1216478	1.0	S	0.0
Salurc_EP00051_Salpingoeca_urceolata_P009442	Bolinf_Binf_sb1216480	1.0	S	0.0
Salurc_EP00051_Salpingoeca_urceolata_P009442	Bolinf_Binf_sb1216481	1.0	S	0.0
Salurc_EP00051_Salpingoeca_urceolata_P009442	Scil_scict008773.1	1.0	S	0.0
Salurc_EP00051_Salpingoeca_urceolata_P009442	Stycar_snap_masked-SC_scaffold48179-processed-gene-0.3-mRNA-1	1.0	S	0.0
Salurc_EP00051_Salpingoeca_urceolata_P009442	Adig_XM_015919323.1	1.0	S	0.0
Salurc_EP00051_Salpingoeca_urceolata_P009442	Pbac_sb2669542	1.0	S	0.0
Salurc_EP00051_Salpingoeca_urceolata_P009442	Emue_Em0018g796a.t1	1.0	S	0.0
Salurc_EP00051_Salpingoeca_urceolata_P009442	Aque_Aqu2.1.02773_001	1.0	S	0.0
Salurc_EP00051_Salpingoeca_urceolata_P009442	Drygla_Dgla_sb296839	1.0	S	0.0
Salurc_EP00051_Salpingoeca_urceolata_P009442	Gasp_gasp1.m3.12480.m1	1.0	S	0.0
Salurc_EP00051_Salpingoeca_urceolata_P009442	Tadh_TriadT55545	1.0	S	0.0
Salurc_EP00051_Salpingoeca_urceolata_P009442	Dpul_mRNA925	1.0	S	0.0
Salurc_EP00051_Salpingoeca_urceolata_P009442	HoiH06_mRNA6953	1.0	S	0.0
Salurc_EP00051_Salpingoeca_urceolata_P009442	Spur_XM_030975295.1	1.0	S	0.0
Salurc_EP00051_Salpingoeca_urceolata_P009442	Mertsp_Mesp_sb576787	1.0	S	0.0
Salurc_EP00051_Salpingoeca_urceolata_P009442	Cgig_XM_034481919.1	1.0	S	0.0
Salurc_EP00051_Salpingoeca_urceolata_P009442	Exapal_XM_021042175.1	1.0	S	0.0
Salurc_EP00051_Salpingoeca_urceolata_P009442	Emue_Em0018g794a.t1	1.0	S	0.0
Salurc_EP00051_Salpingoeca_urceolata_P009442	Spolac_c94764_g1_i1_m.10520c94764-g1	1.0	S	0.0
Salurc_EP00051_Salpingoeca_urceolata_P009442	Pbac_sb2669546	1.0	S	0.0
Salurc_EP00051_Salpingoeca_urceolata_P009442	Spur_XM_030977921.1	1.0	S	0.0
Salurc_EP00051_Salpingoeca_urceolata_P009442	Bolinf_Binf_sb1216479	1.0	S	0.0
Salurc_EP00051_Salpingoeca_urceolata_P009442	Bralan_BLAG07000907_1	1.0	S	0.0
Salurc_EP00051_Salpingoeca_urceolata_P009442	Gfas_gfas1.m1.5290.m1	1.0	S	0.0
Salurc_EP00051_Salpingoeca_urceolata_P009442	Aque_Aqu2.1.14014_001	1.0	S	0.0
Salurc_EP00051_Salpingoeca_urceolata_P009442	HoiH04_mRNA458	1.0	S	0.0
Salurc_EP00051_Salpingoeca_urceolata_P009442	Drygla_Dgla_sb296841	1.0	S	0.0
Salurc_EP00051_Salpingoeca_urceolata_P009442	Mlei_ML0742.g4.i1	1.0	S	0.0
Salurc_EP00051_Salpingoeca_urceolata_P009442	Drygla_Dgla_sb296840	1.0	S	0.0
Salurc_EP00051_Salpingoeca_urceolata_P009442	Lcom_lcpid51879	1.0	S	0.0
Salurc_EP00051_Salpingoeca_urceolata_P009442	Dgig_XM_028535976.1	1.0	S	0.0
Salurc_EP00051_Salpingoeca_urceolata_P009442	Acagra_model.g26020.t1	1.0	S	0.0
Salurc_EP00051_Salpingoeca_urceolata_P009442	Sanmal_Sma_009024-T1	1.0	S	0.0
Salurc_EP00051_Salpingoeca_urceolata_P009442	Aque_Aqu2.1.03830_001	1.0	S	0.0
Salurc_EP00051_Salpingoeca_urceolata_P009442	HoiH11_mRNA2364	1.0	S	0.0
Salurc_EP00051_Salpingoeca_urceolata_P009442	Mertsp_Mesp_sb576788	1.0	S	0.0
Salurc_EP00051_Salpingoeca_urceolata_P009442	Plespi_Pspi_scaffold19736_01	1.0	S	0.0
Salurc_EP00051_Salpingoeca_urceolata_P009442	Pocdam_XM_027190439.1	1.0	S	0.0
Salurc_EP00051_Salpingoeca_urceolata_P009442	Opea_EP00118_Oscarella_pearsei_P013021	1.0	S	0.0
Salurc_EP00051_Salpingoeca_urceolata_P009442	Spolac_c96288_g1_i1_m.12866c94764-g1	1.0	S	0.0
Salurc_EP00051_Salpingoeca_urceolata_P009442	Cscu_XM_023364102.1	1.0	S	0.0
Salurc_EP00051_Salpingoeca_urceolata_P009442	Opea_EP00118_Oscarella_pearsei_P013023	1.0	S	0.0
Salurc_EP00051_Salpingoeca_urceolata_P009442	Acagra_model.g26020.t1.1.5d401061	1.0	S	0.0
Salurc_EP00051_Salpingoeca_urceolata_P009442	Mertsp_Mesp_sb576786	1.0	S	0.0
Salurc_EP00051_Salpingoeca_urceolata_P009442	Beraby_Baby_sb326426	1.0	S	0.0
Salurc_EP00051_Salpingoeca_urceolata_P009442	Exapal_XM_021037075.2	1.0	S	0.0
Salurc_EP00051_Salpingoeca_urceolata_P009442	Hvul_g12578_1	1.0	S	0.0
Salurc_EP00051_Salpingoeca_urceolata_P009442	Amil_Amillepora34070-RA	1.0	S	0.0
Salurc_EP00051_Salpingoeca_urceolata_P009442	Aque_Aqu2.1.04132_001	1.0	S	0.0
Salurc_EP00051_Salpingoeca_urceolata_P009442	Vmul_sbMO428230	1.0	S	0.0
Salurc_EP00051_Salpingoeca_urceolata_P009442	Fspp_ffun1.m4.20432.m1	1.0	S	0.0
Salurc_EP00051_Salpingoeca_urceolata_P009442	Tetwil_g3590.t2	1.0	S	0.0
Salurc_EP00051_Salpingoeca_urceolata_P009442	Aque_Aqu2.1.28600_001	1.0	S	0.0
Salurc_EP00051_Salpingoeca_urceolata_P009442	HoiH23_PlH23_001706-RA	1.0	S	0.0
Salurc_EP00051_Salpingoeca_urceolata_P009442	Mertsp_Mesp_sb576785	1.0	S	0.0
Salurc_EP00051_Salpingoeca_urceolata_P009442	Skow_XM_002739496.1	1.0	S	0.0
Salurc_EP00051_Salpingoeca_urceolata_P009442	Hhon_g09877.t1	1.0	S	0.0
Salurc_EP00051_Salpingoeca_urceolata_P009442	Lampan_Lpan_1881_01	1.0	S	0.0
Salurc_EP00051_Salpingoeca_urceolata_P009442	Horcal_Hcv1.av93.c7.g243.i1	1.0	S	0.0
Salurc_EP00051_Salpingoeca_urceolata_P009442	Ctel_gnl_WGS_AMQN_CAPTEDRAFT_mRNA160748	1.0	S	0.0
Salurc_EP00051_Salpingoeca_urceolata_P009442	Xestes_maker-XT_scaffold16220-snap-gene-0.26-mRNA-1	1.0	S	0.0
Salurc_EP00051_Salpingoeca_urceolata_P009442	Rhoesc_Res_003036-T1	1.0	S	0.0
Salurc_EP00051_Salpingoeca_urceolata_P009442	Coemet_Cmet_scaffold21533_01	1.0	S	0.0
Salurc_EP00051_Salpingoeca_urceolata_P009442	Spis_XP_022790036_1	1.0	S	0.0
Salurc_EP00051_Salpingoeca_urceolata_P009442	Clacor_Ccor_scaffold6935_01	1.0	S	0.0
Salurc_EP00051_Salpingoeca_urceolata_P009442	Morvir_scaffold71.g51.t1	1.0	S	0.0
Choper_EP00045_Choanoeca_perplexa_P012992	Nvec_v1g176382	1.0	S	0.0
Choper_EP00045_Choanoeca_perplexa_P012992	Leuniv_Lniv_scaffold25658_01	1.0	S	0.0
Choper_EP00045_Choanoeca_perplexa_P012992	Mertsp_Mesp_sb576789	1.0	S	0.0
Choper_EP00045_Choanoeca_perplexa_P012992	Aaur_scaffold173.g1.t1	1.0	S	0.0
Choper_EP00045_Choanoeca_perplexa_P012992	Tcas_TC003474_001	1.0	S	0.0
Choper_EP00045_Choanoeca_perplexa_P012992	Drygla_Dgla_sb296842	1.0	S	0.0
Choper_EP00045_Choanoeca_perplexa_P012992	Gracom_Gcom_scaffold11592_01	1.0	S	0.0
Choper_EP00045_Choanoeca_perplexa_P012992	Spolac_c96288_g1_i2_m.12867c94764-g1	1.0	S	0.0
Choper_EP00045_Choanoeca_perplexa_P012992	Nemnom_g13465.t1	1.0	S	0.0
Choper_EP00045_Choanoeca_perplexa_P012992	Mertsp_Mesp_sb576784	1.0	S	0.0
Choper_EP00045_Choanoeca_perplexa_P012992	Pbac_sb2669541	1.0	S	0.0
Choper_EP00045_Choanoeca_perplexa_P012992	Aque_Aqu2.1.28599_001	1.0	S	0.0
Choper_EP00045_Choanoeca_perplexa_P012992	Pbac_sb2669544	1.0	S	0.0
Choper_EP00045_Choanoeca_perplexa_P012992	Stycar_maker-SC_scaffold4460-snap-gene-0.26-mRNA-1	1.0	S	0.0
Choper_EP00045_Choanoeca_perplexa_P012992	TrH2_TrispH2_003803-RA	1.0	S	0.0
Choper_EP00045_Choanoeca_perplexa_P012992	Opea_EP00118_Oscarella_pearsei_P013022	1.0	S	0.0
Choper_EP00045_Choanoeca_perplexa_P012992	Nvec_v1g199243	1.0	S	0.0
Choper_EP00045_Choanoeca_perplexa_P012992	Stycar_augustus_masked-SC_scaffold125987-processed-gene-0.0-mRNA-1	1.0	S	0.0
Choper_EP00045_Choanoeca_perplexa_P012992	Bolinf_Binf_sb1225476	1.0	S	0.0
Choper_EP00045_Choanoeca_perplexa_P012992	Plespi_Pspi_scaffold19735_01	1.0	S	0.0
Choper_EP00045_Choanoeca_perplexa_P012992	Adig_XM_015923890.1	1.0	S	0.0
Choper_EP00045_Choanoeca_perplexa_P012992	Emue_Em0018g793a.t1	1.0	S	0.0
Choper_EP00045_Choanoeca_perplexa_P012992	Hsap_ENST00000602795	1.0	S	0.0
Choper_EP00045_Choanoeca_perplexa_P012992	Chem_TCONS_00027827	1.0	S	0.0
Choper_EP00045_Choanoeca_perplexa_P012992	Stycar_snap_masked-SC_scaffold48179-processed-gene-0.2-mRNA-1	1.0	S	0.0
Choper_EP00045_Choanoeca_perplexa_P012992	Bolinf_Binf_sb1216478	1.0	S	0.0
Choper_EP00045_Choanoeca_perplexa_P012992	Bolinf_Binf_sb1216480	1.0	S	0.0
Choper_EP00045_Choanoeca_perplexa_P012992	Bolinf_Binf_sb1216481	1.0	S	0.0
Choper_EP00045_Choanoeca_perplexa_P012992	Scil_scict008773.1	1.0	S	0.0
Choper_EP00045_Choanoeca_perplexa_P012992	Stycar_snap_masked-SC_scaffold48179-processed-gene-0.3-mRNA-1	1.0	S	0.0
Choper_EP00045_Choanoeca_perplexa_P012992	Adig_XM_015919323.1	1.0	S	0.0
Choper_EP00045_Choanoeca_perplexa_P012992	Pbac_sb2669542	1.0	S	0.0
Choper_EP00045_Choanoeca_perplexa_P012992	Emue_Em0018g796a.t1	1.0	S	0.0
Choper_EP00045_Choanoeca_perplexa_P012992	Aque_Aqu2.1.02773_001	1.0	S	0.0
Choper_EP00045_Choanoeca_perplexa_P012992	Drygla_Dgla_sb296839	1.0	S	0.0
Choper_EP00045_Choanoeca_perplexa_P012992	Gasp_gasp1.m3.12480.m1	1.0	S	0.0
Choper_EP00045_Choanoeca_perplexa_P012992	Tadh_TriadT55545	1.0	S	0.0
Choper_EP00045_Choanoeca_perplexa_P012992	Dpul_mRNA925	1.0	S	0.0
Choper_EP00045_Choanoeca_perplexa_P012992	HoiH06_mRNA6953	1.0	S	0.0
Choper_EP00045_Choanoeca_perplexa_P012992	Spur_XM_030975295.1	1.0	S	0.0
Choper_EP00045_Choanoeca_perplexa_P012992	Mertsp_Mesp_sb576787	1.0	S	0.0
Choper_EP00045_Choanoeca_perplexa_P012992	Cgig_XM_034481919.1	1.0	S	0.0
Choper_EP00045_Choanoeca_perplexa_P012992	Exapal_XM_021042175.1	1.0	S	0.0
Choper_EP00045_Choanoeca_perplexa_P012992	Emue_Em0018g794a.t1	1.0	S	0.0
Choper_EP00045_Choanoeca_perplexa_P012992	Spolac_c94764_g1_i1_m.10520c94764-g1	1.0	S	0.0
Choper_EP00045_Choanoeca_perplexa_P012992	Pbac_sb2669546	1.0	S	0.0
Choper_EP00045_Choanoeca_perplexa_P012992	Spur_XM_030977921.1	1.0	S	0.0
Choper_EP00045_Choanoeca_perplexa_P012992	Bolinf_Binf_sb1216479	1.0	S	0.0
Choper_EP00045_Choanoeca_perplexa_P012992	Bralan_BLAG07000907_1	1.0	S	0.0
Choper_EP00045_Choanoeca_perplexa_P012992	Gfas_gfas1.m1.5290.m1	1.0	S	0.0
Choper_EP00045_Choanoeca_perplexa_P012992	Aque_Aqu2.1.14014_001	1.0	S	0.0
Choper_EP00045_Choanoeca_perplexa_P012992	HoiH04_mRNA458	1.0	S	0.0
Choper_EP00045_Choanoeca_perplexa_P012992	Drygla_Dgla_sb296841	1.0	S	0.0
Choper_EP00045_Choanoeca_perplexa_P012992	Mlei_ML0742.g4.i1	1.0	S	0.0
Choper_EP00045_Choanoeca_perplexa_P012992	Drygla_Dgla_sb296840	1.0	S	0.0
Choper_EP00045_Choanoeca_perplexa_P012992	Lcom_lcpid51879	1.0	S	0.0
Choper_EP00045_Choanoeca_perplexa_P012992	Dgig_XM_028535976.1	1.0	S	0.0
Choper_EP00045_Choanoeca_perplexa_P012992	Acagra_model.g26020.t1	1.0	S	0.0
Choper_EP00045_Choanoeca_perplexa_P012992	Sanmal_Sma_009024-T1	1.0	S	0.0
Choper_EP00045_Choanoeca_perplexa_P012992	Aque_Aqu2.1.03830_001	1.0	S	0.0
Choper_EP00045_Choanoeca_perplexa_P012992	HoiH11_mRNA2364	1.0	S	0.0
Choper_EP00045_Choanoeca_perplexa_P012992	Mertsp_Mesp_sb576788	1.0	S	0.0
Choper_EP00045_Choanoeca_perplexa_P012992	Plespi_Pspi_scaffold19736_01	1.0	S	0.0
Choper_EP00045_Choanoeca_perplexa_P012992	Pocdam_XM_027190439.1	1.0	S	0.0
Choper_EP00045_Choanoeca_perplexa_P012992	Opea_EP00118_Oscarella_pearsei_P013021	1.0	S	0.0
Choper_EP00045_Choanoeca_perplexa_P012992	Spolac_c96288_g1_i1_m.12866c94764-g1	1.0	S	0.0
Choper_EP00045_Choanoeca_perplexa_P012992	Cscu_XM_023364102.1	1.0	S	0.0
Choper_EP00045_Choanoeca_perplexa_P012992	Opea_EP00118_Oscarella_pearsei_P013023	1.0	S	0.0
Choper_EP00045_Choanoeca_perplexa_P012992	Acagra_model.g26020.t1.1.5d401061	1.0	S	0.0
Choper_EP00045_Choanoeca_perplexa_P012992	Mertsp_Mesp_sb576786	1.0	S	0.0
Choper_EP00045_Choanoeca_perplexa_P012992	Beraby_Baby_sb326426	1.0	S	0.0
Choper_EP00045_Choanoeca_perplexa_P012992	Exapal_XM_021037075.2	1.0	S	0.0
Choper_EP00045_Choanoeca_perplexa_P012992	Hvul_g12578_1	1.0	S	0.0
Choper_EP00045_Choanoeca_perplexa_P012992	Amil_Amillepora34070-RA	1.0	S	0.0
Choper_EP00045_Choanoeca_perplexa_P012992	Aque_Aqu2.1.04132_001	1.0	S	0.0
Choper_EP00045_Choanoeca_perplexa_P012992	Vmul_sbMO428230	1.0	S	0.0
Choper_EP00045_Choanoeca_perplexa_P012992	Fspp_ffun1.m4.20432.m1	1.0	S	0.0
Choper_EP00045_Choanoeca_perplexa_P012992	Tetwil_g3590.t2	1.0	S	0.0
Choper_EP00045_Choanoeca_perplexa_P012992	Aque_Aqu2.1.28600_001	1.0	S	0.0
Choper_EP00045_Choanoeca_perplexa_P012992	HoiH23_PlH23_001706-RA	1.0	S	0.0
Choper_EP00045_Choanoeca_perplexa_P012992	Mertsp_Mesp_sb576785	1.0	S	0.0
Choper_EP00045_Choanoeca_perplexa_P012992	Skow_XM_002739496.1	1.0	S	0.0
Choper_EP00045_Choanoeca_perplexa_P012992	Hhon_g09877.t1	1.0	S	0.0
Choper_EP00045_Choanoeca_perplexa_P012992	Lampan_Lpan_1881_01	1.0	S	0.0
Choper_EP00045_Choanoeca_perplexa_P012992	Horcal_Hcv1.av93.c7.g243.i1	1.0	S	0.0
Choper_EP00045_Choanoeca_perplexa_P012992	Ctel_gnl_WGS_AMQN_CAPTEDRAFT_mRNA160748	1.0	S	0.0
Choper_EP00045_Choanoeca_perplexa_P012992	Xestes_maker-XT_scaffold16220-snap-gene-0.26-mRNA-1	1.0	S	0.0
Choper_EP00045_Choanoeca_perplexa_P012992	Rhoesc_Res_003036-T1	1.0	S	0.0
Choper_EP00045_Choanoeca_perplexa_P012992	Coemet_Cmet_scaffold21533_01	1.0	S	0.0
Choper_EP00045_Choanoeca_perplexa_P012992	Spis_XP_022790036_1	1.0	S	0.0
Choper_EP00045_Choanoeca_perplexa_P012992	Clacor_Ccor_scaffold6935_01	1.0	S	0.0
Choper_EP00045_Choanoeca_perplexa_P012992	Morvir_scaffold71.g51.t1	1.0	S	0.0
Helnan_EP00037_Helgoeca_nana_P004136	Nvec_v1g176382	1.0	S	0.0
Helnan_EP00037_Helgoeca_nana_P004136	Leuniv_Lniv_scaffold25658_01	1.0	S	0.0
Helnan_EP00037_Helgoeca_nana_P004136	Mertsp_Mesp_sb576789	1.0	S	0.0
Helnan_EP00037_Helgoeca_nana_P004136	Aaur_scaffold173.g1.t1	1.0	S	0.0
Helnan_EP00037_Helgoeca_nana_P004136	Tcas_TC003474_001	1.0	S	0.0
Helnan_EP00037_Helgoeca_nana_P004136	Drygla_Dgla_sb296842	1.0	S	0.0
Helnan_EP00037_Helgoeca_nana_P004136	Gracom_Gcom_scaffold11592_01	1.0	S	0.0
Helnan_EP00037_Helgoeca_nana_P004136	Spolac_c96288_g1_i2_m.12867c94764-g1	1.0	S	0.0
Helnan_EP00037_Helgoeca_nana_P004136	Nemnom_g13465.t1	1.0	S	0.0
Helnan_EP00037_Helgoeca_nana_P004136	Mertsp_Mesp_sb576784	1.0	S	0.0
Helnan_EP00037_Helgoeca_nana_P004136	Pbac_sb2669541	1.0	S	0.0
Helnan_EP00037_Helgoeca_nana_P004136	Aque_Aqu2.1.28599_001	1.0	S	0.0
Helnan_EP00037_Helgoeca_nana_P004136	Pbac_sb2669544	1.0	S	0.0
Helnan_EP00037_Helgoeca_nana_P004136	Stycar_maker-SC_scaffold4460-snap-gene-0.26-mRNA-1	1.0	S	0.0
Helnan_EP00037_Helgoeca_nana_P004136	TrH2_TrispH2_003803-RA	1.0	S	0.0
Helnan_EP00037_Helgoeca_nana_P004136	Opea_EP00118_Oscarella_pearsei_P013022	1.0	S	0.0
Helnan_EP00037_Helgoeca_nana_P004136	Nvec_v1g199243	1.0	S	0.0
Helnan_EP00037_Helgoeca_nana_P004136	Stycar_augustus_masked-SC_scaffold125987-processed-gene-0.0-mRNA-1	1.0	S	0.0
Helnan_EP00037_Helgoeca_nana_P004136	Bolinf_Binf_sb1225476	1.0	S	0.0
Helnan_EP00037_Helgoeca_nana_P004136	Plespi_Pspi_scaffold19735_01	1.0	S	0.0
Helnan_EP00037_Helgoeca_nana_P004136	Adig_XM_015923890.1	1.0	S	0.0
Helnan_EP00037_Helgoeca_nana_P004136	Emue_Em0018g793a.t1	1.0	S	0.0
Helnan_EP00037_Helgoeca_nana_P004136	Hsap_ENST00000602795	1.0	S	0.0
Helnan_EP00037_Helgoeca_nana_P004136	Chem_TCONS_00027827	1.0	S	0.0
Helnan_EP00037_Helgoeca_nana_P004136	Stycar_snap_masked-SC_scaffold48179-processed-gene-0.2-mRNA-1	1.0	S	0.0
Helnan_EP00037_Helgoeca_nana_P004136	Bolinf_Binf_sb1216478	1.0	S	0.0
Helnan_EP00037_Helgoeca_nana_P004136	Bolinf_Binf_sb1216480	1.0	S	0.0
Helnan_EP00037_Helgoeca_nana_P004136	Bolinf_Binf_sb1216481	1.0	S	0.0
Helnan_EP00037_Helgoeca_nana_P004136	Scil_scict008773.1	1.0	S	0.0
Helnan_EP00037_Helgoeca_nana_P004136	Stycar_snap_masked-SC_scaffold48179-processed-gene-0.3-mRNA-1	1.0	S	0.0
Helnan_EP00037_Helgoeca_nana_P004136	Adig_XM_015919323.1	1.0	S	0.0
Helnan_EP00037_Helgoeca_nana_P004136	Pbac_sb2669542	1.0	S	0.0
Helnan_EP00037_Helgoeca_nana_P004136	Emue_Em0018g796a.t1	1.0	S	0.0
Helnan_EP00037_Helgoeca_nana_P004136	Aque_Aqu2.1.02773_001	1.0	S	0.0
Helnan_EP00037_Helgoeca_nana_P004136	Drygla_Dgla_sb296839	1.0	S	0.0
Helnan_EP00037_Helgoeca_nana_P004136	Gasp_gasp1.m3.12480.m1	1.0	S	0.0
Helnan_EP00037_Helgoeca_nana_P004136	Tadh_TriadT55545	1.0	S	0.0
Helnan_EP00037_Helgoeca_nana_P004136	Dpul_mRNA925	1.0	S	0.0
Helnan_EP00037_Helgoeca_nana_P004136	HoiH06_mRNA6953	1.0	S	0.0
Helnan_EP00037_Helgoeca_nana_P004136	Spur_XM_030975295.1	1.0	S	0.0
Helnan_EP00037_Helgoeca_nana_P004136	Mertsp_Mesp_sb576787	1.0	S	0.0
Helnan_EP00037_Helgoeca_nana_P004136	Cgig_XM_034481919.1	1.0	S	0.0
Helnan_EP00037_Helgoeca_nana_P004136	Exapal_XM_021042175.1	1.0	S	0.0
Helnan_EP00037_Helgoeca_nana_P004136	Emue_Em0018g794a.t1	1.0	S	0.0
Helnan_EP00037_Helgoeca_nana_P004136	Spolac_c94764_g1_i1_m.10520c94764-g1	1.0	S	0.0
Helnan_EP00037_Helgoeca_nana_P004136	Pbac_sb2669546	1.0	S	0.0
Helnan_EP00037_Helgoeca_nana_P004136	Spur_XM_030977921.1	1.0	S	0.0
Helnan_EP00037_Helgoeca_nana_P004136	Bolinf_Binf_sb1216479	1.0	S	0.0
Helnan_EP00037_Helgoeca_nana_P004136	Bralan_BLAG07000907_1	1.0	S	0.0
Helnan_EP00037_Helgoeca_nana_P004136	Gfas_gfas1.m1.5290.m1	1.0	S	0.0
Helnan_EP00037_Helgoeca_nana_P004136	Aque_Aqu2.1.14014_001	1.0	S	0.0
Helnan_EP00037_Helgoeca_nana_P004136	HoiH04_mRNA458	1.0	S	0.0
Helnan_EP00037_Helgoeca_nana_P004136	Drygla_Dgla_sb296841	1.0	S	0.0
Helnan_EP00037_Helgoeca_nana_P004136	Mlei_ML0742.g4.i1	1.0	S	0.0
Helnan_EP00037_Helgoeca_nana_P004136	Drygla_Dgla_sb296840	1.0	S	0.0
Helnan_EP00037_Helgoeca_nana_P004136	Lcom_lcpid51879	1.0	S	0.0
Helnan_EP00037_Helgoeca_nana_P004136	Dgig_XM_028535976.1	1.0	S	0.0
Helnan_EP00037_Helgoeca_nana_P004136	Acagra_model.g26020.t1	1.0	S	0.0
Helnan_EP00037_Helgoeca_nana_P004136	Sanmal_Sma_009024-T1	1.0	S	0.0
Helnan_EP00037_Helgoeca_nana_P004136	Aque_Aqu2.1.03830_001	1.0	S	0.0
Helnan_EP00037_Helgoeca_nana_P004136	HoiH11_mRNA2364	1.0	S	0.0
Helnan_EP00037_Helgoeca_nana_P004136	Mertsp_Mesp_sb576788	1.0	S	0.0
Helnan_EP00037_Helgoeca_nana_P004136	Plespi_Pspi_scaffold19736_01	1.0	S	0.0
Helnan_EP00037_Helgoeca_nana_P004136	Pocdam_XM_027190439.1	1.0	S	0.0
Helnan_EP00037_Helgoeca_nana_P004136	Opea_EP00118_Oscarella_pearsei_P013021	1.0	S	0.0
Helnan_EP00037_Helgoeca_nana_P004136	Spolac_c96288_g1_i1_m.12866c94764-g1	1.0	S	0.0
Helnan_EP00037_Helgoeca_nana_P004136	Cscu_XM_023364102.1	1.0	S	0.0
Helnan_EP00037_Helgoeca_nana_P004136	Opea_EP00118_Oscarella_pearsei_P013023	1.0	S	0.0
Helnan_EP00037_Helgoeca_nana_P004136	Acagra_model.g26020.t1.1.5d401061	1.0	S	0.0
Helnan_EP00037_Helgoeca_nana_P004136	Mertsp_Mesp_sb576786	1.0	S	0.0
Helnan_EP00037_Helgoeca_nana_P004136	Beraby_Baby_sb326426	1.0	S	0.0
Helnan_EP00037_Helgoeca_nana_P004136	Exapal_XM_021037075.2	1.0	S	0.0
Helnan_EP00037_Helgoeca_nana_P004136	Hvul_g12578_1	1.0	S	0.0
Helnan_EP00037_Helgoeca_nana_P004136	Amil_Amillepora34070-RA	1.0	S	0.0
Helnan_EP00037_Helgoeca_nana_P004136	Aque_Aqu2.1.04132_001	1.0	S	0.0
Helnan_EP00037_Helgoeca_nana_P004136	Vmul_sbMO428230	1.0	S	0.0
Helnan_EP00037_Helgoeca_nana_P004136	Fspp_ffun1.m4.20432.m1	1.0	S	0.0
Helnan_EP00037_Helgoeca_nana_P004136	Tetwil_g3590.t2	1.0	S	0.0
Helnan_EP00037_Helgoeca_nana_P004136	Aque_Aqu2.1.28600_001	1.0	S	0.0
Helnan_EP00037_Helgoeca_nana_P004136	HoiH23_PlH23_001706-RA	1.0	S	0.0
Helnan_EP00037_Helgoeca_nana_P004136	Mertsp_Mesp_sb576785	1.0	S	0.0
Helnan_EP00037_Helgoeca_nana_P004136	Skow_XM_002739496.1	1.0	S	0.0
Helnan_EP00037_Helgoeca_nana_P004136	Hhon_g09877.t1	1.0	S	0.0
Helnan_EP00037_Helgoeca_nana_P004136	Lampan_Lpan_1881_01	1.0	S	0.0
Helnan_EP00037_Helgoeca_nana_P004136	Horcal_Hcv1.av93.c7.g243.i1	1.0	S	0.0
Helnan_EP00037_Helgoeca_nana_P004136	Ctel_gnl_WGS_AMQN_CAPTEDRAFT_mRNA160748	1.0	S	0.0
Helnan_EP00037_Helgoeca_nana_P004136	Xestes_maker-XT_scaffold16220-snap-gene-0.26-mRNA-1	1.0	S	0.0
Helnan_EP00037_Helgoeca_nana_P004136	Rhoesc_Res_003036-T1	1.0	S	0.0
Helnan_EP00037_Helgoeca_nana_P004136	Coemet_Cmet_scaffold21533_01	1.0	S	0.0
Helnan_EP00037_Helgoeca_nana_P004136	Spis_XP_022790036_1	1.0	S	0.0
Helnan_EP00037_Helgoeca_nana_P004136	Clacor_Ccor_scaffold6935_01	1.0	S	0.0
Helnan_EP00037_Helgoeca_nana_P004136	Morvir_scaffold71.g51.t1	1.0	S	0.0
Didcos_EP00039_Didymoeca_costata_P013001	Nvec_v1g176382	1.0	S	0.0
Didcos_EP00039_Didymoeca_costata_P013001	Leuniv_Lniv_scaffold25658_01	1.0	S	0.0
Didcos_EP00039_Didymoeca_costata_P013001	Mertsp_Mesp_sb576789	1.0	S	0.0
Didcos_EP00039_Didymoeca_costata_P013001	Aaur_scaffold173.g1.t1	1.0	S	0.0
Didcos_EP00039_Didymoeca_costata_P013001	Tcas_TC003474_001	1.0	S	0.0
Didcos_EP00039_Didymoeca_costata_P013001	Drygla_Dgla_sb296842	1.0	S	0.0
Didcos_EP00039_Didymoeca_costata_P013001	Gracom_Gcom_scaffold11592_01	1.0	S	0.0
Didcos_EP00039_Didymoeca_costata_P013001	Spolac_c96288_g1_i2_m.12867c94764-g1	1.0	S	0.0
Didcos_EP00039_Didymoeca_costata_P013001	Nemnom_g13465.t1	1.0	S	0.0
Didcos_EP00039_Didymoeca_costata_P013001	Mertsp_Mesp_sb576784	1.0	S	0.0
Didcos_EP00039_Didymoeca_costata_P013001	Pbac_sb2669541	1.0	S	0.0
Didcos_EP00039_Didymoeca_costata_P013001	Aque_Aqu2.1.28599_001	1.0	S	0.0
Didcos_EP00039_Didymoeca_costata_P013001	Pbac_sb2669544	1.0	S	0.0
Didcos_EP00039_Didymoeca_costata_P013001	Stycar_maker-SC_scaffold4460-snap-gene-0.26-mRNA-1	1.0	S	0.0
Didcos_EP00039_Didymoeca_costata_P013001	TrH2_TrispH2_003803-RA	1.0	S	0.0
Didcos_EP00039_Didymoeca_costata_P013001	Opea_EP00118_Oscarella_pearsei_P013022	1.0	S	0.0
Didcos_EP00039_Didymoeca_costata_P013001	Nvec_v1g199243	1.0	S	0.0
Didcos_EP00039_Didymoeca_costata_P013001	Stycar_augustus_masked-SC_scaffold125987-processed-gene-0.0-mRNA-1	1.0	S	0.0
Didcos_EP00039_Didymoeca_costata_P013001	Bolinf_Binf_sb1225476	1.0	S	0.0
Didcos_EP00039_Didymoeca_costata_P013001	Plespi_Pspi_scaffold19735_01	1.0	S	0.0
Didcos_EP00039_Didymoeca_costata_P013001	Adig_XM_015923890.1	1.0	S	0.0
Didcos_EP00039_Didymoeca_costata_P013001	Emue_Em0018g793a.t1	1.0	S	0.0
Didcos_EP00039_Didymoeca_costata_P013001	Hsap_ENST00000602795	1.0	S	0.0
Didcos_EP00039_Didymoeca_costata_P013001	Chem_TCONS_00027827	1.0	S	0.0
Didcos_EP00039_Didymoeca_costata_P013001	Stycar_snap_masked-SC_scaffold48179-processed-gene-0.2-mRNA-1	1.0	S	0.0
Didcos_EP00039_Didymoeca_costata_P013001	Bolinf_Binf_sb1216478	1.0	S	0.0
Didcos_EP00039_Didymoeca_costata_P013001	Bolinf_Binf_sb1216480	1.0	S	0.0
Didcos_EP00039_Didymoeca_costata_P013001	Bolinf_Binf_sb1216481	1.0	S	0.0
Didcos_EP00039_Didymoeca_costata_P013001	Scil_scict008773.1	1.0	S	0.0
Didcos_EP00039_Didymoeca_costata_P013001	Stycar_snap_masked-SC_scaffold48179-processed-gene-0.3-mRNA-1	1.0	S	0.0
Didcos_EP00039_Didymoeca_costata_P013001	Adig_XM_015919323.1	1.0	S	0.0
Didcos_EP00039_Didymoeca_costata_P013001	Pbac_sb2669542	1.0	S	0.0
Didcos_EP00039_Didymoeca_costata_P013001	Emue_Em0018g796a.t1	1.0	S	0.0
Didcos_EP00039_Didymoeca_costata_P013001	Aque_Aqu2.1.02773_001	1.0	S	0.0
Didcos_EP00039_Didymoeca_costata_P013001	Drygla_Dgla_sb296839	1.0	S	0.0
Didcos_EP00039_Didymoeca_costata_P013001	Gasp_gasp1.m3.12480.m1	1.0	S	0.0
Didcos_EP00039_Didymoeca_costata_P013001	Tadh_TriadT55545	1.0	S	0.0
Didcos_EP00039_Didymoeca_costata_P013001	Dpul_mRNA925	1.0	S	0.0
Didcos_EP00039_Didymoeca_costata_P013001	HoiH06_mRNA6953	1.0	S	0.0
Didcos_EP00039_Didymoeca_costata_P013001	Spur_XM_030975295.1	1.0	S	0.0
Didcos_EP00039_Didymoeca_costata_P013001	Mertsp_Mesp_sb576787	1.0	S	0.0
Didcos_EP00039_Didymoeca_costata_P013001	Cgig_XM_034481919.1	1.0	S	0.0
Didcos_EP00039_Didymoeca_costata_P013001	Exapal_XM_021042175.1	1.0	S	0.0
Didcos_EP00039_Didymoeca_costata_P013001	Emue_Em0018g794a.t1	1.0	S	0.0
Didcos_EP00039_Didymoeca_costata_P013001	Spolac_c94764_g1_i1_m.10520c94764-g1	1.0	S	0.0
Didcos_EP00039_Didymoeca_costata_P013001	Pbac_sb2669546	1.0	S	0.0
Didcos_EP00039_Didymoeca_costata_P013001	Spur_XM_030977921.1	1.0	S	0.0
Didcos_EP00039_Didymoeca_costata_P013001	Bolinf_Binf_sb1216479	1.0	S	0.0
Didcos_EP00039_Didymoeca_costata_P013001	Bralan_BLAG07000907_1	1.0	S	0.0
Didcos_EP00039_Didymoeca_costata_P013001	Gfas_gfas1.m1.5290.m1	1.0	S	0.0
Didcos_EP00039_Didymoeca_costata_P013001	Aque_Aqu2.1.14014_001	1.0	S	0.0
Didcos_EP00039_Didymoeca_costata_P013001	HoiH04_mRNA458	1.0	S	0.0
Didcos_EP00039_Didymoeca_costata_P013001	Drygla_Dgla_sb296841	1.0	S	0.0
Didcos_EP00039_Didymoeca_costata_P013001	Mlei_ML0742.g4.i1	1.0	S	0.0
Didcos_EP00039_Didymoeca_costata_P013001	Drygla_Dgla_sb296840	1.0	S	0.0
Didcos_EP00039_Didymoeca_costata_P013001	Lcom_lcpid51879	1.0	S	0.0
Didcos_EP00039_Didymoeca_costata_P013001	Dgig_XM_028535976.1	1.0	S	0.0
Didcos_EP00039_Didymoeca_costata_P013001	Acagra_model.g26020.t1	1.0	S	0.0
Didcos_EP00039_Didymoeca_costata_P013001	Sanmal_Sma_009024-T1	1.0	S	0.0
Didcos_EP00039_Didymoeca_costata_P013001	Aque_Aqu2.1.03830_001	1.0	S	0.0
Didcos_EP00039_Didymoeca_costata_P013001	HoiH11_mRNA2364	1.0	S	0.0
Didcos_EP00039_Didymoeca_costata_P013001	Mertsp_Mesp_sb576788	1.0	S	0.0
Didcos_EP00039_Didymoeca_costata_P013001	Plespi_Pspi_scaffold19736_01	1.0	S	0.0
Didcos_EP00039_Didymoeca_costata_P013001	Pocdam_XM_027190439.1	1.0	S	0.0
Didcos_EP00039_Didymoeca_costata_P013001	Opea_EP00118_Oscarella_pearsei_P013021	1.0	S	0.0
Didcos_EP00039_Didymoeca_costata_P013001	Spolac_c96288_g1_i1_m.12866c94764-g1	1.0	S	0.0
Didcos_EP00039_Didymoeca_costata_P013001	Cscu_XM_023364102.1	1.0	S	0.0
Didcos_EP00039_Didymoeca_costata_P013001	Opea_EP00118_Oscarella_pearsei_P013023	1.0	S	0.0
Didcos_EP00039_Didymoeca_costata_P013001	Acagra_model.g26020.t1.1.5d401061	1.0	S	0.0
Didcos_EP00039_Didymoeca_costata_P013001	Mertsp_Mesp_sb576786	1.0	S	0.0
Didcos_EP00039_Didymoeca_costata_P013001	Beraby_Baby_sb326426	1.0	S	0.0
Didcos_EP00039_Didymoeca_costata_P013001	Exapal_XM_021037075.2	1.0	S	0.0
Didcos_EP00039_Didymoeca_costata_P013001	Hvul_g12578_1	1.0	S	0.0
Didcos_EP00039_Didymoeca_costata_P013001	Amil_Amillepora34070-RA	1.0	S	0.0
Didcos_EP00039_Didymoeca_costata_P013001	Aque_Aqu2.1.04132_001	1.0	S	0.0
Didcos_EP00039_Didymoeca_costata_P013001	Vmul_sbMO428230	1.0	S	0.0
Didcos_EP00039_Didymoeca_costata_P013001	Fspp_ffun1.m4.20432.m1	1.0	S	0.0
Didcos_EP00039_Didymoeca_costata_P013001	Tetwil_g3590.t2	1.0	S	0.0
Didcos_EP00039_Didymoeca_costata_P013001	Aque_Aqu2.1.28600_001	1.0	S	0.0
Didcos_EP00039_Didymoeca_costata_P013001	HoiH23_PlH23_001706-RA	1.0	S	0.0
Didcos_EP00039_Didymoeca_costata_P013001	Mertsp_Mesp_sb576785	1.0	S	0.0
Didcos_EP00039_Didymoeca_costata_P013001	Skow_XM_002739496.1	1.0	S	0.0
Didcos_EP00039_Didymoeca_costata_P013001	Hhon_g09877.t1	1.0	S	0.0
Didcos_EP00039_Didymoeca_costata_P013001	Lampan_Lpan_1881_01	1.0	S	0.0
Didcos_EP00039_Didymoeca_costata_P013001	Horcal_Hcv1.av93.c7.g243.i1	1.0	S	0.0
Didcos_EP00039_Didymoeca_costata_P013001	Ctel_gnl_WGS_AMQN_CAPTEDRAFT_mRNA160748	1.0	S	0.0
Didcos_EP00039_Didymoeca_costata_P013001	Xestes_maker-XT_scaffold16220-snap-gene-0.26-mRNA-1	1.0	S	0.0
Didcos_EP00039_Didymoeca_costata_P013001	Rhoesc_Res_003036-T1	1.0	S	0.0
Didcos_EP00039_Didymoeca_costata_P013001	Coemet_Cmet_scaffold21533_01	1.0	S	0.0
Didcos_EP00039_Didymoeca_costata_P013001	Spis_XP_022790036_1	1.0	S	0.0
Didcos_EP00039_Didymoeca_costata_P013001	Clacor_Ccor_scaffold6935_01	1.0	S	0.0
Didcos_EP00039_Didymoeca_costata_P013001	Morvir_scaffold71.g51.t1	1.0	S	0.0
Mylflu_EP00047_Mylnosiga_fluctuans_P007586	Nvec_v1g176382	1.0	S	0.0
Mylflu_EP00047_Mylnosiga_fluctuans_P007586	Leuniv_Lniv_scaffold25658_01	1.0	S	0.0
Mylflu_EP00047_Mylnosiga_fluctuans_P007586	Mertsp_Mesp_sb576789	1.0	S	0.0
Mylflu_EP00047_Mylnosiga_fluctuans_P007586	Aaur_scaffold173.g1.t1	1.0	S	0.0
Mylflu_EP00047_Mylnosiga_fluctuans_P007586	Tcas_TC003474_001	1.0	S	0.0
Mylflu_EP00047_Mylnosiga_fluctuans_P007586	Drygla_Dgla_sb296842	1.0	S	0.0
Mylflu_EP00047_Mylnosiga_fluctuans_P007586	Gracom_Gcom_scaffold11592_01	1.0	S	0.0
Mylflu_EP00047_Mylnosiga_fluctuans_P007586	Spolac_c96288_g1_i2_m.12867c94764-g1	1.0	S	0.0
Mylflu_EP00047_Mylnosiga_fluctuans_P007586	Nemnom_g13465.t1	1.0	S	0.0
Mylflu_EP00047_Mylnosiga_fluctuans_P007586	Mertsp_Mesp_sb576784	1.0	S	0.0
Mylflu_EP00047_Mylnosiga_fluctuans_P007586	Pbac_sb2669541	1.0	S	0.0
Mylflu_EP00047_Mylnosiga_fluctuans_P007586	Aque_Aqu2.1.28599_001	1.0	S	0.0
Mylflu_EP00047_Mylnosiga_fluctuans_P007586	Pbac_sb2669544	1.0	S	0.0
Mylflu_EP00047_Mylnosiga_fluctuans_P007586	Stycar_maker-SC_scaffold4460-snap-gene-0.26-mRNA-1	1.0	S	0.0
Mylflu_EP00047_Mylnosiga_fluctuans_P007586	TrH2_TrispH2_003803-RA	1.0	S	0.0
Mylflu_EP00047_Mylnosiga_fluctuans_P007586	Opea_EP00118_Oscarella_pearsei_P013022	1.0	S	0.0
Mylflu_EP00047_Mylnosiga_fluctuans_P007586	Nvec_v1g199243	1.0	S	0.0
Mylflu_EP00047_Mylnosiga_fluctuans_P007586	Stycar_augustus_masked-SC_scaffold125987-processed-gene-0.0-mRNA-1	1.0	S	0.0
Mylflu_EP00047_Mylnosiga_fluctuans_P007586	Bolinf_Binf_sb1225476	1.0	S	0.0
Mylflu_EP00047_Mylnosiga_fluctuans_P007586	Plespi_Pspi_scaffold19735_01	1.0	S	0.0
Mylflu_EP00047_Mylnosiga_fluctuans_P007586	Adig_XM_015923890.1	1.0	S	0.0
Mylflu_EP00047_Mylnosiga_fluctuans_P007586	Emue_Em0018g793a.t1	1.0	S	0.0
Mylflu_EP00047_Mylnosiga_fluctuans_P007586	Hsap_ENST00000602795	1.0	S	0.0
Mylflu_EP00047_Mylnosiga_fluctuans_P007586	Chem_TCONS_00027827	1.0	S	0.0
Mylflu_EP00047_Mylnosiga_fluctuans_P007586	Stycar_snap_masked-SC_scaffold48179-processed-gene-0.2-mRNA-1	1.0	S	0.0
Mylflu_EP00047_Mylnosiga_fluctuans_P007586	Bolinf_Binf_sb1216478	1.0	S	0.0
Mylflu_EP00047_Mylnosiga_fluctuans_P007586	Bolinf_Binf_sb1216480	1.0	S	0.0
Mylflu_EP00047_Mylnosiga_fluctuans_P007586	Bolinf_Binf_sb1216481	1.0	S	0.0
Mylflu_EP00047_Mylnosiga_fluctuans_P007586	Scil_scict008773.1	1.0	S	0.0
Mylflu_EP00047_Mylnosiga_fluctuans_P007586	Stycar_snap_masked-SC_scaffold48179-processed-gene-0.3-mRNA-1	1.0	S	0.0
Mylflu_EP00047_Mylnosiga_fluctuans_P007586	Adig_XM_015919323.1	1.0	S	0.0
Mylflu_EP00047_Mylnosiga_fluctuans_P007586	Pbac_sb2669542	1.0	S	0.0
Mylflu_EP00047_Mylnosiga_fluctuans_P007586	Emue_Em0018g796a.t1	1.0	S	0.0
Mylflu_EP00047_Mylnosiga_fluctuans_P007586	Aque_Aqu2.1.02773_001	1.0	S	0.0
Mylflu_EP00047_Mylnosiga_fluctuans_P007586	Drygla_Dgla_sb296839	1.0	S	0.0
Mylflu_EP00047_Mylnosiga_fluctuans_P007586	Gasp_gasp1.m3.12480.m1	1.0	S	0.0
Mylflu_EP00047_Mylnosiga_fluctuans_P007586	Tadh_TriadT55545	1.0	S	0.0
Mylflu_EP00047_Mylnosiga_fluctuans_P007586	Dpul_mRNA925	1.0	S	0.0
Mylflu_EP00047_Mylnosiga_fluctuans_P007586	HoiH06_mRNA6953	1.0	S	0.0
Mylflu_EP00047_Mylnosiga_fluctuans_P007586	Spur_XM_030975295.1	1.0	S	0.0
Mylflu_EP00047_Mylnosiga_fluctuans_P007586	Mertsp_Mesp_sb576787	1.0	S	0.0
Mylflu_EP00047_Mylnosiga_fluctuans_P007586	Cgig_XM_034481919.1	1.0	S	0.0
Mylflu_EP00047_Mylnosiga_fluctuans_P007586	Exapal_XM_021042175.1	1.0	S	0.0
Mylflu_EP00047_Mylnosiga_fluctuans_P007586	Emue_Em0018g794a.t1	1.0	S	0.0
Mylflu_EP00047_Mylnosiga_fluctuans_P007586	Spolac_c94764_g1_i1_m.10520c94764-g1	1.0	S	0.0
Mylflu_EP00047_Mylnosiga_fluctuans_P007586	Pbac_sb2669546	1.0	S	0.0
Mylflu_EP00047_Mylnosiga_fluctuans_P007586	Spur_XM_030977921.1	1.0	S	0.0
Mylflu_EP00047_Mylnosiga_fluctuans_P007586	Bolinf_Binf_sb1216479	1.0	S	0.0
Mylflu_EP00047_Mylnosiga_fluctuans_P007586	Bralan_BLAG07000907_1	1.0	S	0.0
Mylflu_EP00047_Mylnosiga_fluctuans_P007586	Gfas_gfas1.m1.5290.m1	1.0	S	0.0
Mylflu_EP00047_Mylnosiga_fluctuans_P007586	Aque_Aqu2.1.14014_001	1.0	S	0.0
Mylflu_EP00047_Mylnosiga_fluctuans_P007586	HoiH04_mRNA458	1.0	S	0.0
Mylflu_EP00047_Mylnosiga_fluctuans_P007586	Drygla_Dgla_sb296841	1.0	S	0.0
Mylflu_EP00047_Mylnosiga_fluctuans_P007586	Mlei_ML0742.g4.i1	1.0	S	0.0
Mylflu_EP00047_Mylnosiga_fluctuans_P007586	Drygla_Dgla_sb296840	1.0	S	0.0
Mylflu_EP00047_Mylnosiga_fluctuans_P007586	Lcom_lcpid51879	1.0	S	0.0
Mylflu_EP00047_Mylnosiga_fluctuans_P007586	Dgig_XM_028535976.1	1.0	S	0.0
Mylflu_EP00047_Mylnosiga_fluctuans_P007586	Acagra_model.g26020.t1	1.0	S	0.0
Mylflu_EP00047_Mylnosiga_fluctuans_P007586	Sanmal_Sma_009024-T1	1.0	S	0.0
Mylflu_EP00047_Mylnosiga_fluctuans_P007586	Aque_Aqu2.1.03830_001	1.0	S	0.0
Mylflu_EP00047_Mylnosiga_fluctuans_P007586	HoiH11_mRNA2364	1.0	S	0.0
Mylflu_EP00047_Mylnosiga_fluctuans_P007586	Mertsp_Mesp_sb576788	1.0	S	0.0
Mylflu_EP00047_Mylnosiga_fluctuans_P007586	Plespi_Pspi_scaffold19736_01	1.0	S	0.0
Mylflu_EP00047_Mylnosiga_fluctuans_P007586	Pocdam_XM_027190439.1	1.0	S	0.0
Mylflu_EP00047_Mylnosiga_fluctuans_P007586	Opea_EP00118_Oscarella_pearsei_P013021	1.0	S	0.0
Mylflu_EP00047_Mylnosiga_fluctuans_P007586	Spolac_c96288_g1_i1_m.12866c94764-g1	1.0	S	0.0
Mylflu_EP00047_Mylnosiga_fluctuans_P007586	Cscu_XM_023364102.1	1.0	S	0.0
Mylflu_EP00047_Mylnosiga_fluctuans_P007586	Opea_EP00118_Oscarella_pearsei_P013023	1.0	S	0.0
Mylflu_EP00047_Mylnosiga_fluctuans_P007586	Acagra_model.g26020.t1.1.5d401061	1.0	S	0.0
Mylflu_EP00047_Mylnosiga_fluctuans_P007586	Mertsp_Mesp_sb576786	1.0	S	0.0
Mylflu_EP00047_Mylnosiga_fluctuans_P007586	Beraby_Baby_sb326426	1.0	S	0.0
Mylflu_EP00047_Mylnosiga_fluctuans_P007586	Exapal_XM_021037075.2	1.0	S	0.0
Mylflu_EP00047_Mylnosiga_fluctuans_P007586	Hvul_g12578_1	1.0	S	0.0
Mylflu_EP00047_Mylnosiga_fluctuans_P007586	Amil_Amillepora34070-RA	1.0	S	0.0
Mylflu_EP00047_Mylnosiga_fluctuans_P007586	Aque_Aqu2.1.04132_001	1.0	S	0.0
Mylflu_EP00047_Mylnosiga_fluctuans_P007586	Vmul_sbMO428230	1.0	S	0.0
Mylflu_EP00047_Mylnosiga_fluctuans_P007586	Fspp_ffun1.m4.20432.m1	1.0	S	0.0
Mylflu_EP00047_Mylnosiga_fluctuans_P007586	Tetwil_g3590.t2	1.0	S	0.0
Mylflu_EP00047_Mylnosiga_fluctuans_P007586	Aque_Aqu2.1.28600_001	1.0	S	0.0
Mylflu_EP00047_Mylnosiga_fluctuans_P007586	HoiH23_PlH23_001706-RA	1.0	S	0.0
Mylflu_EP00047_Mylnosiga_fluctuans_P007586	Mertsp_Mesp_sb576785	1.0	S	0.0
Mylflu_EP00047_Mylnosiga_fluctuans_P007586	Skow_XM_002739496.1	1.0	S	0.0
Mylflu_EP00047_Mylnosiga_fluctuans_P007586	Hhon_g09877.t1	1.0	S	0.0
Mylflu_EP00047_Mylnosiga_fluctuans_P007586	Lampan_Lpan_1881_01	1.0	S	0.0
Mylflu_EP00047_Mylnosiga_fluctuans_P007586	Horcal_Hcv1.av93.c7.g243.i1	1.0	S	0.0
Mylflu_EP00047_Mylnosiga_fluctuans_P007586	Ctel_gnl_WGS_AMQN_CAPTEDRAFT_mRNA160748	1.0	S	0.0
Mylflu_EP00047_Mylnosiga_fluctuans_P007586	Xestes_maker-XT_scaffold16220-snap-gene-0.26-mRNA-1	1.0	S	0.0
Mylflu_EP00047_Mylnosiga_fluctuans_P007586	Rhoesc_Res_003036-T1	1.0	S	0.0
Mylflu_EP00047_Mylnosiga_fluctuans_P007586	Coemet_Cmet_scaffold21533_01	1.0	S	0.0
Mylflu_EP00047_Mylnosiga_fluctuans_P007586	Spis_XP_022790036_1	1.0	S	0.0
Mylflu_EP00047_Mylnosiga_fluctuans_P007586	Clacor_Ccor_scaffold6935_01	1.0	S	0.0
Mylflu_EP00047_Mylnosiga_fluctuans_P007586	Morvir_scaffold71.g51.t1	1.0	S	0.0
Codhol_EP00042_Codosiga_hollandica_P036993	Nvec_v1g176382	1.0	S	0.0
Codhol_EP00042_Codosiga_hollandica_P036993	Leuniv_Lniv_scaffold25658_01	1.0	S	0.0
Codhol_EP00042_Codosiga_hollandica_P036993	Mertsp_Mesp_sb576789	1.0	S	0.0
Codhol_EP00042_Codosiga_hollandica_P036993	Aaur_scaffold173.g1.t1	1.0	S	0.0
Codhol_EP00042_Codosiga_hollandica_P036993	Tcas_TC003474_001	1.0	S	0.0
Codhol_EP00042_Codosiga_hollandica_P036993	Drygla_Dgla_sb296842	1.0	S	0.0
Codhol_EP00042_Codosiga_hollandica_P036993	Gracom_Gcom_scaffold11592_01	1.0	S	0.0
Codhol_EP00042_Codosiga_hollandica_P036993	Spolac_c96288_g1_i2_m.12867c94764-g1	1.0	S	0.0
Codhol_EP00042_Codosiga_hollandica_P036993	Nemnom_g13465.t1	1.0	S	0.0
Codhol_EP00042_Codosiga_hollandica_P036993	Mertsp_Mesp_sb576784	1.0	S	0.0
Codhol_EP00042_Codosiga_hollandica_P036993	Pbac_sb2669541	1.0	S	0.0
Codhol_EP00042_Codosiga_hollandica_P036993	Aque_Aqu2.1.28599_001	1.0	S	0.0
Codhol_EP00042_Codosiga_hollandica_P036993	Pbac_sb2669544	1.0	S	0.0
Codhol_EP00042_Codosiga_hollandica_P036993	Stycar_maker-SC_scaffold4460-snap-gene-0.26-mRNA-1	1.0	S	0.0
Codhol_EP00042_Codosiga_hollandica_P036993	TrH2_TrispH2_003803-RA	1.0	S	0.0
Codhol_EP00042_Codosiga_hollandica_P036993	Opea_EP00118_Oscarella_pearsei_P013022	1.0	S	0.0
Codhol_EP00042_Codosiga_hollandica_P036993	Nvec_v1g199243	1.0	S	0.0
Codhol_EP00042_Codosiga_hollandica_P036993	Stycar_augustus_masked-SC_scaffold125987-processed-gene-0.0-mRNA-1	1.0	S	0.0
Codhol_EP00042_Codosiga_hollandica_P036993	Bolinf_Binf_sb1225476	1.0	S	0.0
Codhol_EP00042_Codosiga_hollandica_P036993	Plespi_Pspi_scaffold19735_01	1.0	S	0.0
Codhol_EP00042_Codosiga_hollandica_P036993	Adig_XM_015923890.1	1.0	S	0.0
Codhol_EP00042_Codosiga_hollandica_P036993	Emue_Em0018g793a.t1	1.0	S	0.0
Codhol_EP00042_Codosiga_hollandica_P036993	Hsap_ENST00000602795	1.0	S	0.0
Codhol_EP00042_Codosiga_hollandica_P036993	Chem_TCONS_00027827	1.0	S	0.0
Codhol_EP00042_Codosiga_hollandica_P036993	Stycar_snap_masked-SC_scaffold48179-processed-gene-0.2-mRNA-1	1.0	S	0.0
Codhol_EP00042_Codosiga_hollandica_P036993	Bolinf_Binf_sb1216478	1.0	S	0.0
Codhol_EP00042_Codosiga_hollandica_P036993	Bolinf_Binf_sb1216480	1.0	S	0.0
Codhol_EP00042_Codosiga_hollandica_P036993	Bolinf_Binf_sb1216481	1.0	S	0.0
Codhol_EP00042_Codosiga_hollandica_P036993	Scil_scict008773.1	1.0	S	0.0
Codhol_EP00042_Codosiga_hollandica_P036993	Stycar_snap_masked-SC_scaffold48179-processed-gene-0.3-mRNA-1	1.0	S	0.0
Codhol_EP00042_Codosiga_hollandica_P036993	Adig_XM_015919323.1	1.0	S	0.0
Codhol_EP00042_Codosiga_hollandica_P036993	Pbac_sb2669542	1.0	S	0.0
Codhol_EP00042_Codosiga_hollandica_P036993	Emue_Em0018g796a.t1	1.0	S	0.0
Codhol_EP00042_Codosiga_hollandica_P036993	Aque_Aqu2.1.02773_001	1.0	S	0.0
Codhol_EP00042_Codosiga_hollandica_P036993	Drygla_Dgla_sb296839	1.0	S	0.0
Codhol_EP00042_Codosiga_hollandica_P036993	Gasp_gasp1.m3.12480.m1	1.0	S	0.0
Codhol_EP00042_Codosiga_hollandica_P036993	Tadh_TriadT55545	1.0	S	0.0
Codhol_EP00042_Codosiga_hollandica_P036993	Dpul_mRNA925	1.0	S	0.0
Codhol_EP00042_Codosiga_hollandica_P036993	HoiH06_mRNA6953	1.0	S	0.0
Codhol_EP00042_Codosiga_hollandica_P036993	Spur_XM_030975295.1	1.0	S	0.0
Codhol_EP00042_Codosiga_hollandica_P036993	Mertsp_Mesp_sb576787	1.0	S	0.0
Codhol_EP00042_Codosiga_hollandica_P036993	Cgig_XM_034481919.1	1.0	S	0.0
Codhol_EP00042_Codosiga_hollandica_P036993	Exapal_XM_021042175.1	1.0	S	0.0
Codhol_EP00042_Codosiga_hollandica_P036993	Emue_Em0018g794a.t1	1.0	S	0.0
Codhol_EP00042_Codosiga_hollandica_P036993	Spolac_c94764_g1_i1_m.10520c94764-g1	1.0	S	0.0
Codhol_EP00042_Codosiga_hollandica_P036993	Pbac_sb2669546	1.0	S	0.0
Codhol_EP00042_Codosiga_hollandica_P036993	Spur_XM_030977921.1	1.0	S	0.0
Codhol_EP00042_Codosiga_hollandica_P036993	Bolinf_Binf_sb1216479	1.0	S	0.0
Codhol_EP00042_Codosiga_hollandica_P036993	Bralan_BLAG07000907_1	1.0	S	0.0
Codhol_EP00042_Codosiga_hollandica_P036993	Gfas_gfas1.m1.5290.m1	1.0	S	0.0
Codhol_EP00042_Codosiga_hollandica_P036993	Aque_Aqu2.1.14014_001	1.0	S	0.0
Codhol_EP00042_Codosiga_hollandica_P036993	HoiH04_mRNA458	1.0	S	0.0
Codhol_EP00042_Codosiga_hollandica_P036993	Drygla_Dgla_sb296841	1.0	S	0.0
Codhol_EP00042_Codosiga_hollandica_P036993	Mlei_ML0742.g4.i1	1.0	S	0.0
Codhol_EP00042_Codosiga_hollandica_P036993	Drygla_Dgla_sb296840	1.0	S	0.0
Codhol_EP00042_Codosiga_hollandica_P036993	Lcom_lcpid51879	1.0	S	0.0
Codhol_EP00042_Codosiga_hollandica_P036993	Dgig_XM_028535976.1	1.0	S	0.0
Codhol_EP00042_Codosiga_hollandica_P036993	Acagra_model.g26020.t1	1.0	S	0.0
Codhol_EP00042_Codosiga_hollandica_P036993	Sanmal_Sma_009024-T1	1.0	S	0.0
Codhol_EP00042_Codosiga_hollandica_P036993	Aque_Aqu2.1.03830_001	1.0	S	0.0
Codhol_EP00042_Codosiga_hollandica_P036993	HoiH11_mRNA2364	1.0	S	0.0
Codhol_EP00042_Codosiga_hollandica_P036993	Mertsp_Mesp_sb576788	1.0	S	0.0
Codhol_EP00042_Codosiga_hollandica_P036993	Plespi_Pspi_scaffold19736_01	1.0	S	0.0
Codhol_EP00042_Codosiga_hollandica_P036993	Pocdam_XM_027190439.1	1.0	S	0.0
Codhol_EP00042_Codosiga_hollandica_P036993	Opea_EP00118_Oscarella_pearsei_P013021	1.0	S	0.0
Codhol_EP00042_Codosiga_hollandica_P036993	Spolac_c96288_g1_i1_m.12866c94764-g1	1.0	S	0.0
Codhol_EP00042_Codosiga_hollandica_P036993	Cscu_XM_023364102.1	1.0	S	0.0
Codhol_EP00042_Codosiga_hollandica_P036993	Opea_EP00118_Oscarella_pearsei_P013023	1.0	S	0.0
Codhol_EP00042_Codosiga_hollandica_P036993	Acagra_model.g26020.t1.1.5d401061	1.0	S	0.0
Codhol_EP00042_Codosiga_hollandica_P036993	Mertsp_Mesp_sb576786	1.0	S	0.0
Codhol_EP00042_Codosiga_hollandica_P036993	Beraby_Baby_sb326426	1.0	S	0.0
Codhol_EP00042_Codosiga_hollandica_P036993	Exapal_XM_021037075.2	1.0	S	0.0
Codhol_EP00042_Codosiga_hollandica_P036993	Hvul_g12578_1	1.0	S	0.0
Codhol_EP00042_Codosiga_hollandica_P036993	Amil_Amillepora34070-RA	1.0	S	0.0
Codhol_EP00042_Codosiga_hollandica_P036993	Aque_Aqu2.1.04132_001	1.0	S	0.0
Codhol_EP00042_Codosiga_hollandica_P036993	Vmul_sbMO428230	1.0	S	0.0
Codhol_EP00042_Codosiga_hollandica_P036993	Fspp_ffun1.m4.20432.m1	1.0	S	0.0
Codhol_EP00042_Codosiga_hollandica_P036993	Tetwil_g3590.t2	1.0	S	0.0
Codhol_EP00042_Codosiga_hollandica_P036993	Aque_Aqu2.1.28600_001	1.0	S	0.0
Codhol_EP00042_Codosiga_hollandica_P036993	HoiH23_PlH23_001706-RA	1.0	S	0.0
Codhol_EP00042_Codosiga_hollandica_P036993	Mertsp_Mesp_sb576785	1.0	S	0.0
Codhol_EP00042_Codosiga_hollandica_P036993	Skow_XM_002739496.1	1.0	S	0.0
Codhol_EP00042_Codosiga_hollandica_P036993	Hhon_g09877.t1	1.0	S	0.0
Codhol_EP00042_Codosiga_hollandica_P036993	Lampan_Lpan_1881_01	1.0	S	0.0
Codhol_EP00042_Codosiga_hollandica_P036993	Horcal_Hcv1.av93.c7.g243.i1	1.0	S	0.0
Codhol_EP00042_Codosiga_hollandica_P036993	Ctel_gnl_WGS_AMQN_CAPTEDRAFT_mRNA160748	1.0	S	0.0
Codhol_EP00042_Codosiga_hollandica_P036993	Xestes_maker-XT_scaffold16220-snap-gene-0.26-mRNA-1	1.0	S	0.0
Codhol_EP00042_Codosiga_hollandica_P036993	Rhoesc_Res_003036-T1	1.0	S	0.0
Codhol_EP00042_Codosiga_hollandica_P036993	Coemet_Cmet_scaffold21533_01	1.0	S	0.0
Codhol_EP00042_Codosiga_hollandica_P036993	Spis_XP_022790036_1	1.0	S	0.0
Codhol_EP00042_Codosiga_hollandica_P036993	Clacor_Ccor_scaffold6935_01	1.0	S	0.0
Codhol_EP00042_Codosiga_hollandica_P036993	Morvir_scaffold71.g51.t1	1.0	S	0.0
Diagra_EP00040_Diaphanoeca_grandis_P031070	Nvec_v1g176382	1.0	S	0.0
Diagra_EP00040_Diaphanoeca_grandis_P031070	Leuniv_Lniv_scaffold25658_01	1.0	S	0.0
Diagra_EP00040_Diaphanoeca_grandis_P031070	Mertsp_Mesp_sb576789	1.0	S	0.0
Diagra_EP00040_Diaphanoeca_grandis_P031070	Aaur_scaffold173.g1.t1	1.0	S	0.0
Diagra_EP00040_Diaphanoeca_grandis_P031070	Tcas_TC003474_001	1.0	S	0.0
Diagra_EP00040_Diaphanoeca_grandis_P031070	Drygla_Dgla_sb296842	1.0	S	0.0
Diagra_EP00040_Diaphanoeca_grandis_P031070	Gracom_Gcom_scaffold11592_01	1.0	S	0.0
Diagra_EP00040_Diaphanoeca_grandis_P031070	Spolac_c96288_g1_i2_m.12867c94764-g1	1.0	S	0.0
Diagra_EP00040_Diaphanoeca_grandis_P031070	Nemnom_g13465.t1	1.0	S	0.0
Diagra_EP00040_Diaphanoeca_grandis_P031070	Mertsp_Mesp_sb576784	1.0	S	0.0
Diagra_EP00040_Diaphanoeca_grandis_P031070	Pbac_sb2669541	1.0	S	0.0
Diagra_EP00040_Diaphanoeca_grandis_P031070	Aque_Aqu2.1.28599_001	1.0	S	0.0
Diagra_EP00040_Diaphanoeca_grandis_P031070	Pbac_sb2669544	1.0	S	0.0
Diagra_EP00040_Diaphanoeca_grandis_P031070	Stycar_maker-SC_scaffold4460-snap-gene-0.26-mRNA-1	1.0	S	0.0
Diagra_EP00040_Diaphanoeca_grandis_P031070	TrH2_TrispH2_003803-RA	1.0	S	0.0
Diagra_EP00040_Diaphanoeca_grandis_P031070	Opea_EP00118_Oscarella_pearsei_P013022	1.0	S	0.0
Diagra_EP00040_Diaphanoeca_grandis_P031070	Nvec_v1g199243	1.0	S	0.0
Diagra_EP00040_Diaphanoeca_grandis_P031070	Stycar_augustus_masked-SC_scaffold125987-processed-gene-0.0-mRNA-1	1.0	S	0.0
Diagra_EP00040_Diaphanoeca_grandis_P031070	Bolinf_Binf_sb1225476	1.0	S	0.0
Diagra_EP00040_Diaphanoeca_grandis_P031070	Plespi_Pspi_scaffold19735_01	1.0	S	0.0
Diagra_EP00040_Diaphanoeca_grandis_P031070	Adig_XM_015923890.1	1.0	S	0.0
Diagra_EP00040_Diaphanoeca_grandis_P031070	Emue_Em0018g793a.t1	1.0	S	0.0
Diagra_EP00040_Diaphanoeca_grandis_P031070	Hsap_ENST00000602795	1.0	S	0.0
Diagra_EP00040_Diaphanoeca_grandis_P031070	Chem_TCONS_00027827	1.0	S	0.0
Diagra_EP00040_Diaphanoeca_grandis_P031070	Stycar_snap_masked-SC_scaffold48179-processed-gene-0.2-mRNA-1	1.0	S	0.0
Diagra_EP00040_Diaphanoeca_grandis_P031070	Bolinf_Binf_sb1216478	1.0	S	0.0
Diagra_EP00040_Diaphanoeca_grandis_P031070	Bolinf_Binf_sb1216480	1.0	S	0.0
Diagra_EP00040_Diaphanoeca_grandis_P031070	Bolinf_Binf_sb1216481	1.0	S	0.0
Diagra_EP00040_Diaphanoeca_grandis_P031070	Scil_scict008773.1	1.0	S	0.0
Diagra_EP00040_Diaphanoeca_grandis_P031070	Stycar_snap_masked-SC_scaffold48179-processed-gene-0.3-mRNA-1	1.0	S	0.0
Diagra_EP00040_Diaphanoeca_grandis_P031070	Adig_XM_015919323.1	1.0	S	0.0
Diagra_EP00040_Diaphanoeca_grandis_P031070	Pbac_sb2669542	1.0	S	0.0
Diagra_EP00040_Diaphanoeca_grandis_P031070	Emue_Em0018g796a.t1	1.0	S	0.0
Diagra_EP00040_Diaphanoeca_grandis_P031070	Aque_Aqu2.1.02773_001	1.0	S	0.0
Diagra_EP00040_Diaphanoeca_grandis_P031070	Drygla_Dgla_sb296839	1.0	S	0.0
Diagra_EP00040_Diaphanoeca_grandis_P031070	Gasp_gasp1.m3.12480.m1	1.0	S	0.0
Diagra_EP00040_Diaphanoeca_grandis_P031070	Tadh_TriadT55545	1.0	S	0.0
Diagra_EP00040_Diaphanoeca_grandis_P031070	Dpul_mRNA925	1.0	S	0.0
Diagra_EP00040_Diaphanoeca_grandis_P031070	HoiH06_mRNA6953	1.0	S	0.0
Diagra_EP00040_Diaphanoeca_grandis_P031070	Spur_XM_030975295.1	1.0	S	0.0
Diagra_EP00040_Diaphanoeca_grandis_P031070	Mertsp_Mesp_sb576787	1.0	S	0.0
Diagra_EP00040_Diaphanoeca_grandis_P031070	Cgig_XM_034481919.1	1.0	S	0.0
Diagra_EP00040_Diaphanoeca_grandis_P031070	Exapal_XM_021042175.1	1.0	S	0.0
Diagra_EP00040_Diaphanoeca_grandis_P031070	Emue_Em0018g794a.t1	1.0	S	0.0
Diagra_EP00040_Diaphanoeca_grandis_P031070	Spolac_c94764_g1_i1_m.10520c94764-g1	1.0	S	0.0
Diagra_EP00040_Diaphanoeca_grandis_P031070	Pbac_sb2669546	1.0	S	0.0
Diagra_EP00040_Diaphanoeca_grandis_P031070	Spur_XM_030977921.1	1.0	S	0.0
Diagra_EP00040_Diaphanoeca_grandis_P031070	Bolinf_Binf_sb1216479	1.0	S	0.0
Diagra_EP00040_Diaphanoeca_grandis_P031070	Bralan_BLAG07000907_1	1.0	S	0.0
Diagra_EP00040_Diaphanoeca_grandis_P031070	Gfas_gfas1.m1.5290.m1	1.0	S	0.0
Diagra_EP00040_Diaphanoeca_grandis_P031070	Aque_Aqu2.1.14014_001	1.0	S	0.0
Diagra_EP00040_Diaphanoeca_grandis_P031070	HoiH04_mRNA458	1.0	S	0.0
Diagra_EP00040_Diaphanoeca_grandis_P031070	Drygla_Dgla_sb296841	1.0	S	0.0
Diagra_EP00040_Diaphanoeca_grandis_P031070	Mlei_ML0742.g4.i1	1.0	S	0.0
Diagra_EP00040_Diaphanoeca_grandis_P031070	Drygla_Dgla_sb296840	1.0	S	0.0
Diagra_EP00040_Diaphanoeca_grandis_P031070	Lcom_lcpid51879	1.0	S	0.0
Diagra_EP00040_Diaphanoeca_grandis_P031070	Dgig_XM_028535976.1	1.0	S	0.0
Diagra_EP00040_Diaphanoeca_grandis_P031070	Acagra_model.g26020.t1	1.0	S	0.0
Diagra_EP00040_Diaphanoeca_grandis_P031070	Sanmal_Sma_009024-T1	1.0	S	0.0
Diagra_EP00040_Diaphanoeca_grandis_P031070	Aque_Aqu2.1.03830_001	1.0	S	0.0
Diagra_EP00040_Diaphanoeca_grandis_P031070	HoiH11_mRNA2364	1.0	S	0.0
Diagra_EP00040_Diaphanoeca_grandis_P031070	Mertsp_Mesp_sb576788	1.0	S	0.0
Diagra_EP00040_Diaphanoeca_grandis_P031070	Plespi_Pspi_scaffold19736_01	1.0	S	0.0
Diagra_EP00040_Diaphanoeca_grandis_P031070	Pocdam_XM_027190439.1	1.0	S	0.0
Diagra_EP00040_Diaphanoeca_grandis_P031070	Opea_EP00118_Oscarella_pearsei_P013021	1.0	S	0.0
Diagra_EP00040_Diaphanoeca_grandis_P031070	Spolac_c96288_g1_i1_m.12866c94764-g1	1.0	S	0.0
Diagra_EP00040_Diaphanoeca_grandis_P031070	Cscu_XM_023364102.1	1.0	S	0.0
Diagra_EP00040_Diaphanoeca_grandis_P031070	Opea_EP00118_Oscarella_pearsei_P013023	1.0	S	0.0
Diagra_EP00040_Diaphanoeca_grandis_P031070	Acagra_model.g26020.t1.1.5d401061	1.0	S	0.0
Diagra_EP00040_Diaphanoeca_grandis_P031070	Mertsp_Mesp_sb576786	1.0	S	0.0
Diagra_EP00040_Diaphanoeca_grandis_P031070	Beraby_Baby_sb326426	1.0	S	0.0
Diagra_EP00040_Diaphanoeca_grandis_P031070	Exapal_XM_021037075.2	1.0	S	0.0
Diagra_EP00040_Diaphanoeca_grandis_P031070	Hvul_g12578_1	1.0	S	0.0
Diagra_EP00040_Diaphanoeca_grandis_P031070	Amil_Amillepora34070-RA	1.0	S	0.0
Diagra_EP00040_Diaphanoeca_grandis_P031070	Aque_Aqu2.1.04132_001	1.0	S	0.0
Diagra_EP00040_Diaphanoeca_grandis_P031070	Vmul_sbMO428230	1.0	S	0.0
Diagra_EP00040_Diaphanoeca_grandis_P031070	Fspp_ffun1.m4.20432.m1	1.0	S	0.0
Diagra_EP00040_Diaphanoeca_grandis_P031070	Tetwil_g3590.t2	1.0	S	0.0
Diagra_EP00040_Diaphanoeca_grandis_P031070	Aque_Aqu2.1.28600_001	1.0	S	0.0
Diagra_EP00040_Diaphanoeca_grandis_P031070	HoiH23_PlH23_001706-RA	1.0	S	0.0
Diagra_EP00040_Diaphanoeca_grandis_P031070	Mertsp_Mesp_sb576785	1.0	S	0.0
Diagra_EP00040_Diaphanoeca_grandis_P031070	Skow_XM_002739496.1	1.0	S	0.0
Diagra_EP00040_Diaphanoeca_grandis_P031070	Hhon_g09877.t1	1.0	S	0.0
Diagra_EP00040_Diaphanoeca_grandis_P031070	Lampan_Lpan_1881_01	1.0	S	0.0
Diagra_EP00040_Diaphanoeca_grandis_P031070	Horcal_Hcv1.av93.c7.g243.i1	1.0	S	0.0
Diagra_EP00040_Diaphanoeca_grandis_P031070	Ctel_gnl_WGS_AMQN_CAPTEDRAFT_mRNA160748	1.0	S	0.0
Diagra_EP00040_Diaphanoeca_grandis_P031070	Xestes_maker-XT_scaffold16220-snap-gene-0.26-mRNA-1	1.0	S	0.0
Diagra_EP00040_Diaphanoeca_grandis_P031070	Rhoesc_Res_003036-T1	1.0	S	0.0
Diagra_EP00040_Diaphanoeca_grandis_P031070	Coemet_Cmet_scaffold21533_01	1.0	S	0.0
Diagra_EP00040_Diaphanoeca_grandis_P031070	Spis_XP_022790036_1	1.0	S	0.0
Diagra_EP00040_Diaphanoeca_grandis_P031070	Clacor_Ccor_scaffold6935_01	1.0	S	0.0
Diagra_EP00040_Diaphanoeca_grandis_P031070	Morvir_scaffold71.g51.t1	1.0	S	0.0
Stedip_EP00041_Stephanoeca_diplocostata_P029207	Nvec_v1g176382	1.0	S	0.0
Stedip_EP00041_Stephanoeca_diplocostata_P029207	Leuniv_Lniv_scaffold25658_01	1.0	S	0.0
Stedip_EP00041_Stephanoeca_diplocostata_P029207	Mertsp_Mesp_sb576789	1.0	S	0.0
Stedip_EP00041_Stephanoeca_diplocostata_P029207	Aaur_scaffold173.g1.t1	1.0	S	0.0
Stedip_EP00041_Stephanoeca_diplocostata_P029207	Tcas_TC003474_001	1.0	S	0.0
Stedip_EP00041_Stephanoeca_diplocostata_P029207	Drygla_Dgla_sb296842	1.0	S	0.0
Stedip_EP00041_Stephanoeca_diplocostata_P029207	Gracom_Gcom_scaffold11592_01	1.0	S	0.0
Stedip_EP00041_Stephanoeca_diplocostata_P029207	Spolac_c96288_g1_i2_m.12867c94764-g1	1.0	S	0.0
Stedip_EP00041_Stephanoeca_diplocostata_P029207	Nemnom_g13465.t1	1.0	S	0.0
Stedip_EP00041_Stephanoeca_diplocostata_P029207	Mertsp_Mesp_sb576784	1.0	S	0.0
Stedip_EP00041_Stephanoeca_diplocostata_P029207	Pbac_sb2669541	1.0	S	0.0
Stedip_EP00041_Stephanoeca_diplocostata_P029207	Aque_Aqu2.1.28599_001	1.0	S	0.0
Stedip_EP00041_Stephanoeca_diplocostata_P029207	Pbac_sb2669544	1.0	S	0.0
Stedip_EP00041_Stephanoeca_diplocostata_P029207	Stycar_maker-SC_scaffold4460-snap-gene-0.26-mRNA-1	1.0	S	0.0
Stedip_EP00041_Stephanoeca_diplocostata_P029207	TrH2_TrispH2_003803-RA	1.0	S	0.0
Stedip_EP00041_Stephanoeca_diplocostata_P029207	Opea_EP00118_Oscarella_pearsei_P013022	1.0	S	0.0
Stedip_EP00041_Stephanoeca_diplocostata_P029207	Nvec_v1g199243	1.0	S	0.0
Stedip_EP00041_Stephanoeca_diplocostata_P029207	Stycar_augustus_masked-SC_scaffold125987-processed-gene-0.0-mRNA-1	1.0	S	0.0
Stedip_EP00041_Stephanoeca_diplocostata_P029207	Bolinf_Binf_sb1225476	1.0	S	0.0
Stedip_EP00041_Stephanoeca_diplocostata_P029207	Plespi_Pspi_scaffold19735_01	1.0	S	0.0
Stedip_EP00041_Stephanoeca_diplocostata_P029207	Adig_XM_015923890.1	1.0	S	0.0
Stedip_EP00041_Stephanoeca_diplocostata_P029207	Emue_Em0018g793a.t1	1.0	S	0.0
Stedip_EP00041_Stephanoeca_diplocostata_P029207	Hsap_ENST00000602795	1.0	S	0.0
Stedip_EP00041_Stephanoeca_diplocostata_P029207	Chem_TCONS_00027827	1.0	S	0.0
Stedip_EP00041_Stephanoeca_diplocostata_P029207	Stycar_snap_masked-SC_scaffold48179-processed-gene-0.2-mRNA-1	1.0	S	0.0
Stedip_EP00041_Stephanoeca_diplocostata_P029207	Bolinf_Binf_sb1216478	1.0	S	0.0
Stedip_EP00041_Stephanoeca_diplocostata_P029207	Bolinf_Binf_sb1216480	1.0	S	0.0
Stedip_EP00041_Stephanoeca_diplocostata_P029207	Bolinf_Binf_sb1216481	1.0	S	0.0
Stedip_EP00041_Stephanoeca_diplocostata_P029207	Scil_scict008773.1	1.0	S	0.0
Stedip_EP00041_Stephanoeca_diplocostata_P029207	Stycar_snap_masked-SC_scaffold48179-processed-gene-0.3-mRNA-1	1.0	S	0.0
Stedip_EP00041_Stephanoeca_diplocostata_P029207	Adig_XM_015919323.1	1.0	S	0.0
Stedip_EP00041_Stephanoeca_diplocostata_P029207	Pbac_sb2669542	1.0	S	0.0
Stedip_EP00041_Stephanoeca_diplocostata_P029207	Emue_Em0018g796a.t1	1.0	S	0.0
Stedip_EP00041_Stephanoeca_diplocostata_P029207	Aque_Aqu2.1.02773_001	1.0	S	0.0
Stedip_EP00041_Stephanoeca_diplocostata_P029207	Drygla_Dgla_sb296839	1.0	S	0.0
Stedip_EP00041_Stephanoeca_diplocostata_P029207	Gasp_gasp1.m3.12480.m1	1.0	S	0.0
Stedip_EP00041_Stephanoeca_diplocostata_P029207	Tadh_TriadT55545	1.0	S	0.0
Stedip_EP00041_Stephanoeca_diplocostata_P029207	Dpul_mRNA925	1.0	S	0.0
Stedip_EP00041_Stephanoeca_diplocostata_P029207	HoiH06_mRNA6953	1.0	S	0.0
Stedip_EP00041_Stephanoeca_diplocostata_P029207	Spur_XM_030975295.1	1.0	S	0.0
Stedip_EP00041_Stephanoeca_diplocostata_P029207	Mertsp_Mesp_sb576787	1.0	S	0.0
Stedip_EP00041_Stephanoeca_diplocostata_P029207	Cgig_XM_034481919.1	1.0	S	0.0
Stedip_EP00041_Stephanoeca_diplocostata_P029207	Exapal_XM_021042175.1	1.0	S	0.0
Stedip_EP00041_Stephanoeca_diplocostata_P029207	Emue_Em0018g794a.t1	1.0	S	0.0
Stedip_EP00041_Stephanoeca_diplocostata_P029207	Spolac_c94764_g1_i1_m.10520c94764-g1	1.0	S	0.0
Stedip_EP00041_Stephanoeca_diplocostata_P029207	Pbac_sb2669546	1.0	S	0.0
Stedip_EP00041_Stephanoeca_diplocostata_P029207	Spur_XM_030977921.1	1.0	S	0.0
Stedip_EP00041_Stephanoeca_diplocostata_P029207	Bolinf_Binf_sb1216479	1.0	S	0.0
Stedip_EP00041_Stephanoeca_diplocostata_P029207	Bralan_BLAG07000907_1	1.0	S	0.0
Stedip_EP00041_Stephanoeca_diplocostata_P029207	Gfas_gfas1.m1.5290.m1	1.0	S	0.0
Stedip_EP00041_Stephanoeca_diplocostata_P029207	Aque_Aqu2.1.14014_001	1.0	S	0.0
Stedip_EP00041_Stephanoeca_diplocostata_P029207	HoiH04_mRNA458	1.0	S	0.0
Stedip_EP00041_Stephanoeca_diplocostata_P029207	Drygla_Dgla_sb296841	1.0	S	0.0
Stedip_EP00041_Stephanoeca_diplocostata_P029207	Mlei_ML0742.g4.i1	1.0	S	0.0
Stedip_EP00041_Stephanoeca_diplocostata_P029207	Drygla_Dgla_sb296840	1.0	S	0.0
Stedip_EP00041_Stephanoeca_diplocostata_P029207	Lcom_lcpid51879	1.0	S	0.0
Stedip_EP00041_Stephanoeca_diplocostata_P029207	Dgig_XM_028535976.1	1.0	S	0.0
Stedip_EP00041_Stephanoeca_diplocostata_P029207	Acagra_model.g26020.t1	1.0	S	0.0
Stedip_EP00041_Stephanoeca_diplocostata_P029207	Sanmal_Sma_009024-T1	1.0	S	0.0
Stedip_EP00041_Stephanoeca_diplocostata_P029207	Aque_Aqu2.1.03830_001	1.0	S	0.0
Stedip_EP00041_Stephanoeca_diplocostata_P029207	HoiH11_mRNA2364	1.0	S	0.0
Stedip_EP00041_Stephanoeca_diplocostata_P029207	Mertsp_Mesp_sb576788	1.0	S	0.0
Stedip_EP00041_Stephanoeca_diplocostata_P029207	Plespi_Pspi_scaffold19736_01	1.0	S	0.0
Stedip_EP00041_Stephanoeca_diplocostata_P029207	Pocdam_XM_027190439.1	1.0	S	0.0
Stedip_EP00041_Stephanoeca_diplocostata_P029207	Opea_EP00118_Oscarella_pearsei_P013021	1.0	S	0.0
Stedip_EP00041_Stephanoeca_diplocostata_P029207	Spolac_c96288_g1_i1_m.12866c94764-g1	1.0	S	0.0
Stedip_EP00041_Stephanoeca_diplocostata_P029207	Cscu_XM_023364102.1	1.0	S	0.0
Stedip_EP00041_Stephanoeca_diplocostata_P029207	Opea_EP00118_Oscarella_pearsei_P013023	1.0	S	0.0
Stedip_EP00041_Stephanoeca_diplocostata_P029207	Acagra_model.g26020.t1.1.5d401061	1.0	S	0.0
Stedip_EP00041_Stephanoeca_diplocostata_P029207	Mertsp_Mesp_sb576786	1.0	S	0.0
Stedip_EP00041_Stephanoeca_diplocostata_P029207	Beraby_Baby_sb326426	1.0	S	0.0
Stedip_EP00041_Stephanoeca_diplocostata_P029207	Exapal_XM_021037075.2	1.0	S	0.0
Stedip_EP00041_Stephanoeca_diplocostata_P029207	Hvul_g12578_1	1.0	S	0.0
Stedip_EP00041_Stephanoeca_diplocostata_P029207	Amil_Amillepora34070-RA	1.0	S	0.0
Stedip_EP00041_Stephanoeca_diplocostata_P029207	Aque_Aqu2.1.04132_001	1.0	S	0.0
Stedip_EP00041_Stephanoeca_diplocostata_P029207	Vmul_sbMO428230	1.0	S	0.0
Stedip_EP00041_Stephanoeca_diplocostata_P029207	Fspp_ffun1.m4.20432.m1	1.0	S	0.0
Stedip_EP00041_Stephanoeca_diplocostata_P029207	Tetwil_g3590.t2	1.0	S	0.0
Stedip_EP00041_Stephanoeca_diplocostata_P029207	Aque_Aqu2.1.28600_001	1.0	S	0.0
Stedip_EP00041_Stephanoeca_diplocostata_P029207	HoiH23_PlH23_001706-RA	1.0	S	0.0
Stedip_EP00041_Stephanoeca_diplocostata_P029207	Mertsp_Mesp_sb576785	1.0	S	0.0
Stedip_EP00041_Stephanoeca_diplocostata_P029207	Skow_XM_002739496.1	1.0	S	0.0
Stedip_EP00041_Stephanoeca_diplocostata_P029207	Hhon_g09877.t1	1.0	S	0.0
Stedip_EP00041_Stephanoeca_diplocostata_P029207	Lampan_Lpan_1881_01	1.0	S	0.0
Stedip_EP00041_Stephanoeca_diplocostata_P029207	Horcal_Hcv1.av93.c7.g243.i1	1.0	S	0.0
Stedip_EP00041_Stephanoeca_diplocostata_P029207	Ctel_gnl_WGS_AMQN_CAPTEDRAFT_mRNA160748	1.0	S	0.0
Stedip_EP00041_Stephanoeca_diplocostata_P029207	Xestes_maker-XT_scaffold16220-snap-gene-0.26-mRNA-1	1.0	S	0.0
Stedip_EP00041_Stephanoeca_diplocostata_P029207	Rhoesc_Res_003036-T1	1.0	S	0.0
Stedip_EP00041_Stephanoeca_diplocostata_P029207	Coemet_Cmet_scaffold21533_01	1.0	S	0.0
Stedip_EP00041_Stephanoeca_diplocostata_P029207	Spis_XP_022790036_1	1.0	S	0.0
Stedip_EP00041_Stephanoeca_diplocostata_P029207	Clacor_Ccor_scaffold6935_01	1.0	S	0.0
Stedip_EP00041_Stephanoeca_diplocostata_P029207	Morvir_scaffold71.g51.t1	1.0	S	0.0
Salkve_EP00050_Salpingoeca_kvevrii_P021971	Nvec_v1g176382	1.0	S	0.0
Salkve_EP00050_Salpingoeca_kvevrii_P021971	Leuniv_Lniv_scaffold25658_01	1.0	S	0.0
Salkve_EP00050_Salpingoeca_kvevrii_P021971	Mertsp_Mesp_sb576789	1.0	S	0.0
Salkve_EP00050_Salpingoeca_kvevrii_P021971	Aaur_scaffold173.g1.t1	1.0	S	0.0
Salkve_EP00050_Salpingoeca_kvevrii_P021971	Tcas_TC003474_001	1.0	S	0.0
Salkve_EP00050_Salpingoeca_kvevrii_P021971	Drygla_Dgla_sb296842	1.0	S	0.0
Salkve_EP00050_Salpingoeca_kvevrii_P021971	Gracom_Gcom_scaffold11592_01	1.0	S	0.0
Salkve_EP00050_Salpingoeca_kvevrii_P021971	Spolac_c96288_g1_i2_m.12867c94764-g1	1.0	S	0.0
Salkve_EP00050_Salpingoeca_kvevrii_P021971	Nemnom_g13465.t1	1.0	S	0.0
Salkve_EP00050_Salpingoeca_kvevrii_P021971	Mertsp_Mesp_sb576784	1.0	S	0.0
Salkve_EP00050_Salpingoeca_kvevrii_P021971	Pbac_sb2669541	1.0	S	0.0
Salkve_EP00050_Salpingoeca_kvevrii_P021971	Aque_Aqu2.1.28599_001	1.0	S	0.0
Salkve_EP00050_Salpingoeca_kvevrii_P021971	Pbac_sb2669544	1.0	S	0.0
Salkve_EP00050_Salpingoeca_kvevrii_P021971	Stycar_maker-SC_scaffold4460-snap-gene-0.26-mRNA-1	1.0	S	0.0
Salkve_EP00050_Salpingoeca_kvevrii_P021971	TrH2_TrispH2_003803-RA	1.0	S	0.0
Salkve_EP00050_Salpingoeca_kvevrii_P021971	Opea_EP00118_Oscarella_pearsei_P013022	1.0	S	0.0
Salkve_EP00050_Salpingoeca_kvevrii_P021971	Nvec_v1g199243	1.0	S	0.0
Salkve_EP00050_Salpingoeca_kvevrii_P021971	Stycar_augustus_masked-SC_scaffold125987-processed-gene-0.0-mRNA-1	1.0	S	0.0
Salkve_EP00050_Salpingoeca_kvevrii_P021971	Bolinf_Binf_sb1225476	1.0	S	0.0
Salkve_EP00050_Salpingoeca_kvevrii_P021971	Plespi_Pspi_scaffold19735_01	1.0	S	0.0
Salkve_EP00050_Salpingoeca_kvevrii_P021971	Adig_XM_015923890.1	1.0	S	0.0
Salkve_EP00050_Salpingoeca_kvevrii_P021971	Emue_Em0018g793a.t1	1.0	S	0.0
Salkve_EP00050_Salpingoeca_kvevrii_P021971	Hsap_ENST00000602795	1.0	S	0.0
Salkve_EP00050_Salpingoeca_kvevrii_P021971	Chem_TCONS_00027827	1.0	S	0.0
Salkve_EP00050_Salpingoeca_kvevrii_P021971	Stycar_snap_masked-SC_scaffold48179-processed-gene-0.2-mRNA-1	1.0	S	0.0
Salkve_EP00050_Salpingoeca_kvevrii_P021971	Bolinf_Binf_sb1216478	1.0	S	0.0
Salkve_EP00050_Salpingoeca_kvevrii_P021971	Bolinf_Binf_sb1216480	1.0	S	0.0
Salkve_EP00050_Salpingoeca_kvevrii_P021971	Bolinf_Binf_sb1216481	1.0	S	0.0
Salkve_EP00050_Salpingoeca_kvevrii_P021971	Scil_scict008773.1	1.0	S	0.0
Salkve_EP00050_Salpingoeca_kvevrii_P021971	Stycar_snap_masked-SC_scaffold48179-processed-gene-0.3-mRNA-1	1.0	S	0.0
Salkve_EP00050_Salpingoeca_kvevrii_P021971	Adig_XM_015919323.1	1.0	S	0.0
Salkve_EP00050_Salpingoeca_kvevrii_P021971	Pbac_sb2669542	1.0	S	0.0
Salkve_EP00050_Salpingoeca_kvevrii_P021971	Emue_Em0018g796a.t1	1.0	S	0.0
Salkve_EP00050_Salpingoeca_kvevrii_P021971	Aque_Aqu2.1.02773_001	1.0	S	0.0
Salkve_EP00050_Salpingoeca_kvevrii_P021971	Drygla_Dgla_sb296839	1.0	S	0.0
Salkve_EP00050_Salpingoeca_kvevrii_P021971	Gasp_gasp1.m3.12480.m1	1.0	S	0.0
Salkve_EP00050_Salpingoeca_kvevrii_P021971	Tadh_TriadT55545	1.0	S	0.0
Salkve_EP00050_Salpingoeca_kvevrii_P021971	Dpul_mRNA925	1.0	S	0.0
Salkve_EP00050_Salpingoeca_kvevrii_P021971	HoiH06_mRNA6953	1.0	S	0.0
Salkve_EP00050_Salpingoeca_kvevrii_P021971	Spur_XM_030975295.1	1.0	S	0.0
Salkve_EP00050_Salpingoeca_kvevrii_P021971	Mertsp_Mesp_sb576787	1.0	S	0.0
Salkve_EP00050_Salpingoeca_kvevrii_P021971	Cgig_XM_034481919.1	1.0	S	0.0
Salkve_EP00050_Salpingoeca_kvevrii_P021971	Exapal_XM_021042175.1	1.0	S	0.0
Salkve_EP00050_Salpingoeca_kvevrii_P021971	Emue_Em0018g794a.t1	1.0	S	0.0
Salkve_EP00050_Salpingoeca_kvevrii_P021971	Spolac_c94764_g1_i1_m.10520c94764-g1	1.0	S	0.0
Salkve_EP00050_Salpingoeca_kvevrii_P021971	Pbac_sb2669546	1.0	S	0.0
Salkve_EP00050_Salpingoeca_kvevrii_P021971	Spur_XM_030977921.1	1.0	S	0.0
Salkve_EP00050_Salpingoeca_kvevrii_P021971	Bolinf_Binf_sb1216479	1.0	S	0.0
Salkve_EP00050_Salpingoeca_kvevrii_P021971	Bralan_BLAG07000907_1	1.0	S	0.0
Salkve_EP00050_Salpingoeca_kvevrii_P021971	Gfas_gfas1.m1.5290.m1	1.0	S	0.0
Salkve_EP00050_Salpingoeca_kvevrii_P021971	Aque_Aqu2.1.14014_001	1.0	S	0.0
Salkve_EP00050_Salpingoeca_kvevrii_P021971	HoiH04_mRNA458	1.0	S	0.0
Salkve_EP00050_Salpingoeca_kvevrii_P021971	Drygla_Dgla_sb296841	1.0	S	0.0
Salkve_EP00050_Salpingoeca_kvevrii_P021971	Mlei_ML0742.g4.i1	1.0	S	0.0
Salkve_EP00050_Salpingoeca_kvevrii_P021971	Drygla_Dgla_sb296840	1.0	S	0.0
Salkve_EP00050_Salpingoeca_kvevrii_P021971	Lcom_lcpid51879	1.0	S	0.0
Salkve_EP00050_Salpingoeca_kvevrii_P021971	Dgig_XM_028535976.1	1.0	S	0.0
Salkve_EP00050_Salpingoeca_kvevrii_P021971	Acagra_model.g26020.t1	1.0	S	0.0
Salkve_EP00050_Salpingoeca_kvevrii_P021971	Sanmal_Sma_009024-T1	1.0	S	0.0
Salkve_EP00050_Salpingoeca_kvevrii_P021971	Aque_Aqu2.1.03830_001	1.0	S	0.0
Salkve_EP00050_Salpingoeca_kvevrii_P021971	HoiH11_mRNA2364	1.0	S	0.0
Salkve_EP00050_Salpingoeca_kvevrii_P021971	Mertsp_Mesp_sb576788	1.0	S	0.0
Salkve_EP00050_Salpingoeca_kvevrii_P021971	Plespi_Pspi_scaffold19736_01	1.0	S	0.0
Salkve_EP00050_Salpingoeca_kvevrii_P021971	Pocdam_XM_027190439.1	1.0	S	0.0
Salkve_EP00050_Salpingoeca_kvevrii_P021971	Opea_EP00118_Oscarella_pearsei_P013021	1.0	S	0.0
Salkve_EP00050_Salpingoeca_kvevrii_P021971	Spolac_c96288_g1_i1_m.12866c94764-g1	1.0	S	0.0
Salkve_EP00050_Salpingoeca_kvevrii_P021971	Cscu_XM_023364102.1	1.0	S	0.0
Salkve_EP00050_Salpingoeca_kvevrii_P021971	Opea_EP00118_Oscarella_pearsei_P013023	1.0	S	0.0
Salkve_EP00050_Salpingoeca_kvevrii_P021971	Acagra_model.g26020.t1.1.5d401061	1.0	S	0.0
Salkve_EP00050_Salpingoeca_kvevrii_P021971	Mertsp_Mesp_sb576786	1.0	S	0.0
Salkve_EP00050_Salpingoeca_kvevrii_P021971	Beraby_Baby_sb326426	1.0	S	0.0
Salkve_EP00050_Salpingoeca_kvevrii_P021971	Exapal_XM_021037075.2	1.0	S	0.0
Salkve_EP00050_Salpingoeca_kvevrii_P021971	Hvul_g12578_1	1.0	S	0.0
Salkve_EP00050_Salpingoeca_kvevrii_P021971	Amil_Amillepora34070-RA	1.0	S	0.0
Salkve_EP00050_Salpingoeca_kvevrii_P021971	Aque_Aqu2.1.04132_001	1.0	S	0.0
Salkve_EP00050_Salpingoeca_kvevrii_P021971	Vmul_sbMO428230	1.0	S	0.0
Salkve_EP00050_Salpingoeca_kvevrii_P021971	Fspp_ffun1.m4.20432.m1	1.0	S	0.0
Salkve_EP00050_Salpingoeca_kvevrii_P021971	Tetwil_g3590.t2	1.0	S	0.0
Salkve_EP00050_Salpingoeca_kvevrii_P021971	Aque_Aqu2.1.28600_001	1.0	S	0.0
Salkve_EP00050_Salpingoeca_kvevrii_P021971	HoiH23_PlH23_001706-RA	1.0	S	0.0
Salkve_EP00050_Salpingoeca_kvevrii_P021971	Mertsp_Mesp_sb576785	1.0	S	0.0
Salkve_EP00050_Salpingoeca_kvevrii_P021971	Skow_XM_002739496.1	1.0	S	0.0
Salkve_EP00050_Salpingoeca_kvevrii_P021971	Hhon_g09877.t1	1.0	S	0.0
Salkve_EP00050_Salpingoeca_kvevrii_P021971	Lampan_Lpan_1881_01	1.0	S	0.0
Salkve_EP00050_Salpingoeca_kvevrii_P021971	Horcal_Hcv1.av93.c7.g243.i1	1.0	S	0.0
Salkve_EP00050_Salpingoeca_kvevrii_P021971	Ctel_gnl_WGS_AMQN_CAPTEDRAFT_mRNA160748	1.0	S	0.0
Salkve_EP00050_Salpingoeca_kvevrii_P021971	Xestes_maker-XT_scaffold16220-snap-gene-0.26-mRNA-1	1.0	S	0.0
Salkve_EP00050_Salpingoeca_kvevrii_P021971	Rhoesc_Res_003036-T1	1.0	S	0.0
Salkve_EP00050_Salpingoeca_kvevrii_P021971	Coemet_Cmet_scaffold21533_01	1.0	S	0.0
Salkve_EP00050_Salpingoeca_kvevrii_P021971	Spis_XP_022790036_1	1.0	S	0.0
Salkve_EP00050_Salpingoeca_kvevrii_P021971	Clacor_Ccor_scaffold6935_01	1.0	S	0.0
Salkve_EP00050_Salpingoeca_kvevrii_P021971	Morvir_scaffold71.g51.t1	1.0	S	0.0
Salinf_EP00049_Salpingoeca_infusionum_P008307	Nvec_v1g176382	1.0	S	0.0
Salinf_EP00049_Salpingoeca_infusionum_P008307	Leuniv_Lniv_scaffold25658_01	1.0	S	0.0
Salinf_EP00049_Salpingoeca_infusionum_P008307	Mertsp_Mesp_sb576789	1.0	S	0.0
Salinf_EP00049_Salpingoeca_infusionum_P008307	Aaur_scaffold173.g1.t1	1.0	S	0.0
Salinf_EP00049_Salpingoeca_infusionum_P008307	Tcas_TC003474_001	1.0	S	0.0
Salinf_EP00049_Salpingoeca_infusionum_P008307	Drygla_Dgla_sb296842	1.0	S	0.0
Salinf_EP00049_Salpingoeca_infusionum_P008307	Gracom_Gcom_scaffold11592_01	1.0	S	0.0
Salinf_EP00049_Salpingoeca_infusionum_P008307	Spolac_c96288_g1_i2_m.12867c94764-g1	1.0	S	0.0
Salinf_EP00049_Salpingoeca_infusionum_P008307	Nemnom_g13465.t1	1.0	S	0.0
Salinf_EP00049_Salpingoeca_infusionum_P008307	Mertsp_Mesp_sb576784	1.0	S	0.0
Salinf_EP00049_Salpingoeca_infusionum_P008307	Pbac_sb2669541	1.0	S	0.0
Salinf_EP00049_Salpingoeca_infusionum_P008307	Aque_Aqu2.1.28599_001	1.0	S	0.0
Salinf_EP00049_Salpingoeca_infusionum_P008307	Pbac_sb2669544	1.0	S	0.0
Salinf_EP00049_Salpingoeca_infusionum_P008307	Stycar_maker-SC_scaffold4460-snap-gene-0.26-mRNA-1	1.0	S	0.0
Salinf_EP00049_Salpingoeca_infusionum_P008307	TrH2_TrispH2_003803-RA	1.0	S	0.0
Salinf_EP00049_Salpingoeca_infusionum_P008307	Opea_EP00118_Oscarella_pearsei_P013022	1.0	S	0.0
Salinf_EP00049_Salpingoeca_infusionum_P008307	Nvec_v1g199243	1.0	S	0.0
Salinf_EP00049_Salpingoeca_infusionum_P008307	Stycar_augustus_masked-SC_scaffold125987-processed-gene-0.0-mRNA-1	1.0	S	0.0
Salinf_EP00049_Salpingoeca_infusionum_P008307	Bolinf_Binf_sb1225476	1.0	S	0.0
Salinf_EP00049_Salpingoeca_infusionum_P008307	Plespi_Pspi_scaffold19735_01	1.0	S	0.0
Salinf_EP00049_Salpingoeca_infusionum_P008307	Adig_XM_015923890.1	1.0	S	0.0
Salinf_EP00049_Salpingoeca_infusionum_P008307	Emue_Em0018g793a.t1	1.0	S	0.0
Salinf_EP00049_Salpingoeca_infusionum_P008307	Hsap_ENST00000602795	1.0	S	0.0
Salinf_EP00049_Salpingoeca_infusionum_P008307	Chem_TCONS_00027827	1.0	S	0.0
Salinf_EP00049_Salpingoeca_infusionum_P008307	Stycar_snap_masked-SC_scaffold48179-processed-gene-0.2-mRNA-1	1.0	S	0.0
Salinf_EP00049_Salpingoeca_infusionum_P008307	Bolinf_Binf_sb1216478	1.0	S	0.0
Salinf_EP00049_Salpingoeca_infusionum_P008307	Bolinf_Binf_sb1216480	1.0	S	0.0
Salinf_EP00049_Salpingoeca_infusionum_P008307	Bolinf_Binf_sb1216481	1.0	S	0.0
Salinf_EP00049_Salpingoeca_infusionum_P008307	Scil_scict008773.1	1.0	S	0.0
Salinf_EP00049_Salpingoeca_infusionum_P008307	Stycar_snap_masked-SC_scaffold48179-processed-gene-0.3-mRNA-1	1.0	S	0.0
Salinf_EP00049_Salpingoeca_infusionum_P008307	Adig_XM_015919323.1	1.0	S	0.0
Salinf_EP00049_Salpingoeca_infusionum_P008307	Pbac_sb2669542	1.0	S	0.0
Salinf_EP00049_Salpingoeca_infusionum_P008307	Emue_Em0018g796a.t1	1.0	S	0.0
Salinf_EP00049_Salpingoeca_infusionum_P008307	Aque_Aqu2.1.02773_001	1.0	S	0.0
Salinf_EP00049_Salpingoeca_infusionum_P008307	Drygla_Dgla_sb296839	1.0	S	0.0
Salinf_EP00049_Salpingoeca_infusionum_P008307	Gasp_gasp1.m3.12480.m1	1.0	S	0.0
Salinf_EP00049_Salpingoeca_infusionum_P008307	Tadh_TriadT55545	1.0	S	0.0
Salinf_EP00049_Salpingoeca_infusionum_P008307	Dpul_mRNA925	1.0	S	0.0
Salinf_EP00049_Salpingoeca_infusionum_P008307	HoiH06_mRNA6953	1.0	S	0.0
Salinf_EP00049_Salpingoeca_infusionum_P008307	Spur_XM_030975295.1	1.0	S	0.0
Salinf_EP00049_Salpingoeca_infusionum_P008307	Mertsp_Mesp_sb576787	1.0	S	0.0
Salinf_EP00049_Salpingoeca_infusionum_P008307	Cgig_XM_034481919.1	1.0	S	0.0
Salinf_EP00049_Salpingoeca_infusionum_P008307	Exapal_XM_021042175.1	1.0	S	0.0
Salinf_EP00049_Salpingoeca_infusionum_P008307	Emue_Em0018g794a.t1	1.0	S	0.0
Salinf_EP00049_Salpingoeca_infusionum_P008307	Spolac_c94764_g1_i1_m.10520c94764-g1	1.0	S	0.0
Salinf_EP00049_Salpingoeca_infusionum_P008307	Pbac_sb2669546	1.0	S	0.0
Salinf_EP00049_Salpingoeca_infusionum_P008307	Spur_XM_030977921.1	1.0	S	0.0
Salinf_EP00049_Salpingoeca_infusionum_P008307	Bolinf_Binf_sb1216479	1.0	S	0.0
Salinf_EP00049_Salpingoeca_infusionum_P008307	Bralan_BLAG07000907_1	1.0	S	0.0
Salinf_EP00049_Salpingoeca_infusionum_P008307	Gfas_gfas1.m1.5290.m1	1.0	S	0.0
Salinf_EP00049_Salpingoeca_infusionum_P008307	Aque_Aqu2.1.14014_001	1.0	S	0.0
Salinf_EP00049_Salpingoeca_infusionum_P008307	HoiH04_mRNA458	1.0	S	0.0
Salinf_EP00049_Salpingoeca_infusionum_P008307	Drygla_Dgla_sb296841	1.0	S	0.0
Salinf_EP00049_Salpingoeca_infusionum_P008307	Mlei_ML0742.g4.i1	1.0	S	0.0
Salinf_EP00049_Salpingoeca_infusionum_P008307	Drygla_Dgla_sb296840	1.0	S	0.0
Salinf_EP00049_Salpingoeca_infusionum_P008307	Lcom_lcpid51879	1.0	S	0.0
Salinf_EP00049_Salpingoeca_infusionum_P008307	Dgig_XM_028535976.1	1.0	S	0.0
Salinf_EP00049_Salpingoeca_infusionum_P008307	Acagra_model.g26020.t1	1.0	S	0.0
Salinf_EP00049_Salpingoeca_infusionum_P008307	Sanmal_Sma_009024-T1	1.0	S	0.0
Salinf_EP00049_Salpingoeca_infusionum_P008307	Aque_Aqu2.1.03830_001	1.0	S	0.0
Salinf_EP00049_Salpingoeca_infusionum_P008307	HoiH11_mRNA2364	1.0	S	0.0
Salinf_EP00049_Salpingoeca_infusionum_P008307	Mertsp_Mesp_sb576788	1.0	S	0.0
Salinf_EP00049_Salpingoeca_infusionum_P008307	Plespi_Pspi_scaffold19736_01	1.0	S	0.0
Salinf_EP00049_Salpingoeca_infusionum_P008307	Pocdam_XM_027190439.1	1.0	S	0.0
Salinf_EP00049_Salpingoeca_infusionum_P008307	Opea_EP00118_Oscarella_pearsei_P013021	1.0	S	0.0
Salinf_EP00049_Salpingoeca_infusionum_P008307	Spolac_c96288_g1_i1_m.12866c94764-g1	1.0	S	0.0
Salinf_EP00049_Salpingoeca_infusionum_P008307	Cscu_XM_023364102.1	1.0	S	0.0
Salinf_EP00049_Salpingoeca_infusionum_P008307	Opea_EP00118_Oscarella_pearsei_P013023	1.0	S	0.0
Salinf_EP00049_Salpingoeca_infusionum_P008307	Acagra_model.g26020.t1.1.5d401061	1.0	S	0.0
Salinf_EP00049_Salpingoeca_infusionum_P008307	Mertsp_Mesp_sb576786	1.0	S	0.0
Salinf_EP00049_Salpingoeca_infusionum_P008307	Beraby_Baby_sb326426	1.0	S	0.0
Salinf_EP00049_Salpingoeca_infusionum_P008307	Exapal_XM_021037075.2	1.0	S	0.0
Salinf_EP00049_Salpingoeca_infusionum_P008307	Hvul_g12578_1	1.0	S	0.0
Salinf_EP00049_Salpingoeca_infusionum_P008307	Amil_Amillepora34070-RA	1.0	S	0.0
Salinf_EP00049_Salpingoeca_infusionum_P008307	Aque_Aqu2.1.04132_001	1.0	S	0.0
Salinf_EP00049_Salpingoeca_infusionum_P008307	Vmul_sbMO428230	1.0	S	0.0
Salinf_EP00049_Salpingoeca_infusionum_P008307	Fspp_ffun1.m4.20432.m1	1.0	S	0.0
Salinf_EP00049_Salpingoeca_infusionum_P008307	Tetwil_g3590.t2	1.0	S	0.0
Salinf_EP00049_Salpingoeca_infusionum_P008307	Aque_Aqu2.1.28600_001	1.0	S	0.0
Salinf_EP00049_Salpingoeca_infusionum_P008307	HoiH23_PlH23_001706-RA	1.0	S	0.0
Salinf_EP00049_Salpingoeca_infusionum_P008307	Mertsp_Mesp_sb576785	1.0	S	0.0
Salinf_EP00049_Salpingoeca_infusionum_P008307	Skow_XM_002739496.1	1.0	S	0.0
Salinf_EP00049_Salpingoeca_infusionum_P008307	Hhon_g09877.t1	1.0	S	0.0
Salinf_EP00049_Salpingoeca_infusionum_P008307	Lampan_Lpan_1881_01	1.0	S	0.0
Salinf_EP00049_Salpingoeca_infusionum_P008307	Horcal_Hcv1.av93.c7.g243.i1	1.0	S	0.0
Salinf_EP00049_Salpingoeca_infusionum_P008307	Ctel_gnl_WGS_AMQN_CAPTEDRAFT_mRNA160748	1.0	S	0.0
Salinf_EP00049_Salpingoeca_infusionum_P008307	Xestes_maker-XT_scaffold16220-snap-gene-0.26-mRNA-1	1.0	S	0.0
Salinf_EP00049_Salpingoeca_infusionum_P008307	Rhoesc_Res_003036-T1	1.0	S	0.0
Salinf_EP00049_Salpingoeca_infusionum_P008307	Coemet_Cmet_scaffold21533_01	1.0	S	0.0
Salinf_EP00049_Salpingoeca_infusionum_P008307	Spis_XP_022790036_1	1.0	S	0.0
Salinf_EP00049_Salpingoeca_infusionum_P008307	Clacor_Ccor_scaffold6935_01	1.0	S	0.0
Salinf_EP00049_Salpingoeca_infusionum_P008307	Morvir_scaffold71.g51.t1	1.0	S	0.0
Codhol_EP00042_Codosiga_hollandica_P036992	Didcos_EP00039_Didymoeca_costata_P013001	100.0	S	0.0
Codhol_EP00042_Codosiga_hollandica_P036992	Sros_EGD75386	100.0	S	0.0
Codhol_EP00042_Codosiga_hollandica_P036992	Salinf_EP00049_Salpingoeca_infusionum_P008307	100.0	S	0.0
Codhol_EP00042_Codosiga_hollandica_P036992	Chofle_EP00730_Choanoeca_flexa_P000627	100.0	S	0.0
Codhol_EP00042_Codosiga_hollandica_P036992	Mylflu_EP00047_Mylnosiga_fluctuans_P007586	100.0	S	0.0
Codhol_EP00042_Codosiga_hollandica_P036992	Salinf_EP00049_Salpingoeca_infusionum_P008305	100.0	S	0.0
Codhol_EP00042_Codosiga_hollandica_P036992	Choper_EP00045_Choanoeca_perplexa_P012992	100.0	S	0.0
Codhol_EP00042_Codosiga_hollandica_P036992	Saldol_EP00054_Salpingoeca_dolichothecata_P021433	100.0	S	0.0
Codhol_EP00042_Codosiga_hollandica_P036992	Diagra_EP00040_Diaphanoeca_grandis_P031070	100.0	S	0.0
Codhol_EP00042_Codosiga_hollandica_P036992	Microa_EP00043_Microstomoeca_roanoka_P005253	100.0	S	0.0
Codhol_EP00042_Codosiga_hollandica_P036992	Stedip_EP00041_Stephanoeca_diplocostata_P029207	100.0	S	0.0
Codhol_EP00042_Codosiga_hollandica_P036992	Salpun_EP00053_Salpingoeca_punica_P008096	100.0	S	0.0
Codhol_EP00042_Codosiga_hollandica_P036992	Salmac_EP00052_Salpingoeca_macrocollata_P006544	100.0	S	0.0
Codhol_EP00042_Codosiga_hollandica_P036992	Salurc_EP00051_Salpingoeca_urceolata_P009442	100.0	S	0.0
Codhol_EP00042_Codosiga_hollandica_P036992	Salkve_EP00050_Salpingoeca_kvevrii_P021971	100.0	S	0.0
Codhol_EP00042_Codosiga_hollandica_P036992	Acaspe_EP00035_Acanthoeca_spectabilis_P022877	100.0	S	0.0
Codhol_EP00042_Codosiga_hollandica_P036992	Helnan_EP00037_Helgoeca_nana_P004136	100.0	S	0.0
Codhol_EP00042_Codosiga_hollandica_P036993	Didcos_EP00039_Didymoeca_costata_P013001	100.0	S	0.0
Codhol_EP00042_Codosiga_hollandica_P036993	Sros_EGD75386	100.0	S	0.0
Codhol_EP00042_Codosiga_hollandica_P036993	Salinf_EP00049_Salpingoeca_infusionum_P008307	100.0	S	0.0
Codhol_EP00042_Codosiga_hollandica_P036993	Chofle_EP00730_Choanoeca_flexa_P000627	100.0	S	0.0
Codhol_EP00042_Codosiga_hollandica_P036993	Mylflu_EP00047_Mylnosiga_fluctuans_P007586	100.0	S	0.0
Codhol_EP00042_Codosiga_hollandica_P036993	Salinf_EP00049_Salpingoeca_infusionum_P008305	100.0	S	0.0
Codhol_EP00042_Codosiga_hollandica_P036993	Choper_EP00045_Choanoeca_perplexa_P012992	100.0	S	0.0
Codhol_EP00042_Codosiga_hollandica_P036993	Saldol_EP00054_Salpingoeca_dolichothecata_P021433	100.0	S	0.0
Codhol_EP00042_Codosiga_hollandica_P036993	Diagra_EP00040_Diaphanoeca_grandis_P031070	100.0	S	0.0
Codhol_EP00042_Codosiga_hollandica_P036993	Microa_EP00043_Microstomoeca_roanoka_P005253	100.0	S	0.0
Codhol_EP00042_Codosiga_hollandica_P036993	Stedip_EP00041_Stephanoeca_diplocostata_P029207	100.0	S	0.0
Codhol_EP00042_Codosiga_hollandica_P036993	Salpun_EP00053_Salpingoeca_punica_P008096	100.0	S	0.0
Codhol_EP00042_Codosiga_hollandica_P036993	Salmac_EP00052_Salpingoeca_macrocollata_P006544	100.0	S	0.0
Codhol_EP00042_Codosiga_hollandica_P036993	Salurc_EP00051_Salpingoeca_urceolata_P009442	100.0	S	0.0
Codhol_EP00042_Codosiga_hollandica_P036993	Salkve_EP00050_Salpingoeca_kvevrii_P021971	100.0	S	0.0
Codhol_EP00042_Codosiga_hollandica_P036993	Acaspe_EP00035_Acanthoeca_spectabilis_P022877	100.0	S	0.0
Codhol_EP00042_Codosiga_hollandica_P036993	Helnan_EP00037_Helgoeca_nana_P004136	100.0	S	0.0
Codhol_EP00042_Codosiga_hollandica_P036992	Codhol_EP00042_Codosiga_hollandica_P036993	100.0	D	1.0
Saldol_EP00054_Salpingoeca_dolichothecata_P021433	Didcos_EP00039_Didymoeca_costata_P013001	91.0	S	0.0
Saldol_EP00054_Salpingoeca_dolichothecata_P021433	Sros_EGD75386	91.0	S	0.0
Saldol_EP00054_Salpingoeca_dolichothecata_P021433	Salinf_EP00049_Salpingoeca_infusionum_P008307	91.0	S	0.0
Saldol_EP00054_Salpingoeca_dolichothecata_P021433	Chofle_EP00730_Choanoeca_flexa_P000627	91.0	S	0.0
Saldol_EP00054_Salpingoeca_dolichothecata_P021433	Mylflu_EP00047_Mylnosiga_fluctuans_P007586	91.0	S	0.0
Saldol_EP00054_Salpingoeca_dolichothecata_P021433	Salinf_EP00049_Salpingoeca_infusionum_P008305	91.0	S	0.0
Saldol_EP00054_Salpingoeca_dolichothecata_P021433	Choper_EP00045_Choanoeca_perplexa_P012992	91.0	S	0.0
Saldol_EP00054_Salpingoeca_dolichothecata_P021433	Diagra_EP00040_Diaphanoeca_grandis_P031070	91.0	S	0.0
Saldol_EP00054_Salpingoeca_dolichothecata_P021433	Microa_EP00043_Microstomoeca_roanoka_P005253	91.0	S	0.0
Saldol_EP00054_Salpingoeca_dolichothecata_P021433	Stedip_EP00041_Stephanoeca_diplocostata_P029207	91.0	S	0.0
Saldol_EP00054_Salpingoeca_dolichothecata_P021433	Salpun_EP00053_Salpingoeca_punica_P008096	91.0	S	0.0
Saldol_EP00054_Salpingoeca_dolichothecata_P021433	Salmac_EP00052_Salpingoeca_macrocollata_P006544	91.0	S	0.0
Saldol_EP00054_Salpingoeca_dolichothecata_P021433	Salurc_EP00051_Salpingoeca_urceolata_P009442	91.0	S	0.0
Saldol_EP00054_Salpingoeca_dolichothecata_P021433	Salkve_EP00050_Salpingoeca_kvevrii_P021971	91.0	S	0.0
Saldol_EP00054_Salpingoeca_dolichothecata_P021433	Acaspe_EP00035_Acanthoeca_spectabilis_P022877	91.0	S	0.0
Saldol_EP00054_Salpingoeca_dolichothecata_P021433	Helnan_EP00037_Helgoeca_nana_P004136	91.0	S	0.0
HoiH23_PlH23_001706-RA	Nvec_v1g176382	48.0	S	0.0
HoiH23_PlH23_001706-RA	Leuniv_Lniv_scaffold25658_01	48.0	S	0.0
HoiH23_PlH23_001706-RA	Mertsp_Mesp_sb576789	48.0	S	0.0
HoiH23_PlH23_001706-RA	Aaur_scaffold173.g1.t1	48.0	S	0.0
HoiH23_PlH23_001706-RA	Tcas_TC003474_001	48.0	S	0.0
HoiH23_PlH23_001706-RA	Drygla_Dgla_sb296842	48.0	S	0.0
HoiH23_PlH23_001706-RA	Gracom_Gcom_scaffold11592_01	48.0	S	0.0
HoiH23_PlH23_001706-RA	Spolac_c96288_g1_i2_m.12867c94764-g1	48.0	S	0.0
HoiH23_PlH23_001706-RA	Nemnom_g13465.t1	48.0	S	0.0
HoiH23_PlH23_001706-RA	Mertsp_Mesp_sb576784	48.0	S	0.0
HoiH23_PlH23_001706-RA	Pbac_sb2669541	48.0	S	0.0
HoiH23_PlH23_001706-RA	Aque_Aqu2.1.28599_001	48.0	S	0.0
HoiH23_PlH23_001706-RA	Pbac_sb2669544	48.0	S	0.0
HoiH23_PlH23_001706-RA	Stycar_maker-SC_scaffold4460-snap-gene-0.26-mRNA-1	48.0	S	0.0
HoiH23_PlH23_001706-RA	Opea_EP00118_Oscarella_pearsei_P013022	48.0	S	0.0
HoiH23_PlH23_001706-RA	Nvec_v1g199243	48.0	S	0.0
HoiH23_PlH23_001706-RA	Stycar_augustus_masked-SC_scaffold125987-processed-gene-0.0-mRNA-1	48.0	S	0.0
HoiH23_PlH23_001706-RA	Bolinf_Binf_sb1225476	48.0	S	0.0
HoiH23_PlH23_001706-RA	Plespi_Pspi_scaffold19735_01	48.0	S	0.0
HoiH23_PlH23_001706-RA	Adig_XM_015923890.1	48.0	S	0.0
HoiH23_PlH23_001706-RA	Emue_Em0018g793a.t1	48.0	S	0.0
HoiH23_PlH23_001706-RA	Hsap_ENST00000602795	48.0	S	0.0
HoiH23_PlH23_001706-RA	Chem_TCONS_00027827	48.0	S	0.0
HoiH23_PlH23_001706-RA	Stycar_snap_masked-SC_scaffold48179-processed-gene-0.2-mRNA-1	48.0	S	0.0
HoiH23_PlH23_001706-RA	Bolinf_Binf_sb1216478	48.0	S	0.0
HoiH23_PlH23_001706-RA	Bolinf_Binf_sb1216480	48.0	S	0.0
HoiH23_PlH23_001706-RA	Bolinf_Binf_sb1216481	48.0	S	0.0
HoiH23_PlH23_001706-RA	Scil_scict008773.1	48.0	S	0.0
HoiH23_PlH23_001706-RA	Stycar_snap_masked-SC_scaffold48179-processed-gene-0.3-mRNA-1	48.0	S	0.0
HoiH23_PlH23_001706-RA	Adig_XM_015919323.1	48.0	S	0.0
HoiH23_PlH23_001706-RA	Pbac_sb2669542	48.0	S	0.0
HoiH23_PlH23_001706-RA	Emue_Em0018g796a.t1	48.0	S	0.0
HoiH23_PlH23_001706-RA	Aque_Aqu2.1.02773_001	48.0	S	0.0
HoiH23_PlH23_001706-RA	Drygla_Dgla_sb296839	48.0	S	0.0
HoiH23_PlH23_001706-RA	Gasp_gasp1.m3.12480.m1	48.0	S	0.0
HoiH23_PlH23_001706-RA	Dpul_mRNA925	48.0	S	0.0
HoiH23_PlH23_001706-RA	Spur_XM_030975295.1	48.0	S	0.0
HoiH23_PlH23_001706-RA	Mertsp_Mesp_sb576787	48.0	S	0.0
HoiH23_PlH23_001706-RA	Cgig_XM_034481919.1	48.0	S	0.0
HoiH23_PlH23_001706-RA	Exapal_XM_021042175.1	48.0	S	0.0
HoiH23_PlH23_001706-RA	Emue_Em0018g794a.t1	48.0	S	0.0
HoiH23_PlH23_001706-RA	Spolac_c94764_g1_i1_m.10520c94764-g1	48.0	S	0.0
HoiH23_PlH23_001706-RA	Pbac_sb2669546	48.0	S	0.0
HoiH23_PlH23_001706-RA	Spur_XM_030977921.1	48.0	S	0.0
HoiH23_PlH23_001706-RA	Bolinf_Binf_sb1216479	48.0	S	0.0
HoiH23_PlH23_001706-RA	Bralan_BLAG07000907_1	48.0	S	0.0
HoiH23_PlH23_001706-RA	Gfas_gfas1.m1.5290.m1	48.0	S	0.0
HoiH23_PlH23_001706-RA	Aque_Aqu2.1.14014_001	48.0	S	0.0
HoiH23_PlH23_001706-RA	Drygla_Dgla_sb296841	48.0	S	0.0
HoiH23_PlH23_001706-RA	Mlei_ML0742.g4.i1	48.0	S	0.0
HoiH23_PlH23_001706-RA	Drygla_Dgla_sb296840	48.0	S	0.0
HoiH23_PlH23_001706-RA	Lcom_lcpid51879	48.0	S	0.0
HoiH23_PlH23_001706-RA	Dgig_XM_028535976.1	48.0	S	0.0
HoiH23_PlH23_001706-RA	Acagra_model.g26020.t1	48.0	S	0.0
HoiH23_PlH23_001706-RA	Sanmal_Sma_009024-T1	48.0	S	0.0
HoiH23_PlH23_001706-RA	Aque_Aqu2.1.03830_001	48.0	S	0.0
HoiH23_PlH23_001706-RA	Mertsp_Mesp_sb576788	48.0	S	0.0
HoiH23_PlH23_001706-RA	Plespi_Pspi_scaffold19736_01	48.0	S	0.0
HoiH23_PlH23_001706-RA	Pocdam_XM_027190439.1	48.0	S	0.0
HoiH23_PlH23_001706-RA	Spolac_c96288_g1_i1_m.12866c94764-g1	48.0	S	0.0
HoiH23_PlH23_001706-RA	Cscu_XM_023364102.1	48.0	S	0.0
HoiH23_PlH23_001706-RA	Opea_EP00118_Oscarella_pearsei_P013023	48.0	S	0.0
HoiH23_PlH23_001706-RA	Acagra_model.g26020.t1.1.5d401061	48.0	S	0.0
HoiH23_PlH23_001706-RA	Mertsp_Mesp_sb576786	48.0	S	0.0
HoiH23_PlH23_001706-RA	Beraby_Baby_sb326426	48.0	S	0.0
HoiH23_PlH23_001706-RA	Exapal_XM_021037075.2	48.0	S	0.0
HoiH23_PlH23_001706-RA	Hvul_g12578_1	48.0	S	0.0
HoiH23_PlH23_001706-RA	Amil_Amillepora34070-RA	48.0	S	0.0
HoiH23_PlH23_001706-RA	Aque_Aqu2.1.04132_001	48.0	S	0.0
HoiH23_PlH23_001706-RA	Vmul_sbMO428230	48.0	S	0.0
HoiH23_PlH23_001706-RA	Fspp_ffun1.m4.20432.m1	48.0	S	0.0
HoiH23_PlH23_001706-RA	Tetwil_g3590.t2	48.0	S	0.0
HoiH23_PlH23_001706-RA	Aque_Aqu2.1.28600_001	48.0	S	0.0
HoiH23_PlH23_001706-RA	Mertsp_Mesp_sb576785	48.0	S	0.0
HoiH23_PlH23_001706-RA	Skow_XM_002739496.1	48.0	S	0.0
HoiH23_PlH23_001706-RA	Lampan_Lpan_1881_01	48.0	S	0.0
HoiH23_PlH23_001706-RA	Horcal_Hcv1.av93.c7.g243.i1	48.0	S	0.0
HoiH23_PlH23_001706-RA	Ctel_gnl_WGS_AMQN_CAPTEDRAFT_mRNA160748	48.0	S	0.0
HoiH23_PlH23_001706-RA	Xestes_maker-XT_scaffold16220-snap-gene-0.26-mRNA-1	48.0	S	0.0
HoiH23_PlH23_001706-RA	Rhoesc_Res_003036-T1	48.0	S	0.0
HoiH23_PlH23_001706-RA	Coemet_Cmet_scaffold21533_01	48.0	S	0.0
HoiH23_PlH23_001706-RA	Spis_XP_022790036_1	48.0	S	0.0
HoiH23_PlH23_001706-RA	Clacor_Ccor_scaffold6935_01	48.0	S	0.0
HoiH23_PlH23_001706-RA	Morvir_scaffold71.g51.t1	48.0	S	0.0
HoiH06_mRNA6953	Nvec_v1g176382	48.0	S	0.0
HoiH06_mRNA6953	Leuniv_Lniv_scaffold25658_01	48.0	S	0.0
HoiH06_mRNA6953	Mertsp_Mesp_sb576789	48.0	S	0.0
HoiH06_mRNA6953	Aaur_scaffold173.g1.t1	48.0	S	0.0
HoiH06_mRNA6953	Tcas_TC003474_001	48.0	S	0.0
HoiH06_mRNA6953	Drygla_Dgla_sb296842	48.0	S	0.0
HoiH06_mRNA6953	Gracom_Gcom_scaffold11592_01	48.0	S	0.0
HoiH06_mRNA6953	Spolac_c96288_g1_i2_m.12867c94764-g1	48.0	S	0.0
HoiH06_mRNA6953	Nemnom_g13465.t1	48.0	S	0.0
HoiH06_mRNA6953	Mertsp_Mesp_sb576784	48.0	S	0.0
HoiH06_mRNA6953	Pbac_sb2669541	48.0	S	0.0
HoiH06_mRNA6953	Aque_Aqu2.1.28599_001	48.0	S	0.0
HoiH06_mRNA6953	Pbac_sb2669544	48.0	S	0.0
HoiH06_mRNA6953	Stycar_maker-SC_scaffold4460-snap-gene-0.26-mRNA-1	48.0	S	0.0
HoiH06_mRNA6953	Opea_EP00118_Oscarella_pearsei_P013022	48.0	S	0.0
HoiH06_mRNA6953	Nvec_v1g199243	48.0	S	0.0
HoiH06_mRNA6953	Stycar_augustus_masked-SC_scaffold125987-processed-gene-0.0-mRNA-1	48.0	S	0.0
HoiH06_mRNA6953	Bolinf_Binf_sb1225476	48.0	S	0.0
HoiH06_mRNA6953	Plespi_Pspi_scaffold19735_01	48.0	S	0.0
HoiH06_mRNA6953	Adig_XM_015923890.1	48.0	S	0.0
HoiH06_mRNA6953	Emue_Em0018g793a.t1	48.0	S	0.0
HoiH06_mRNA6953	Hsap_ENST00000602795	48.0	S	0.0
HoiH06_mRNA6953	Chem_TCONS_00027827	48.0	S	0.0
HoiH06_mRNA6953	Stycar_snap_masked-SC_scaffold48179-processed-gene-0.2-mRNA-1	48.0	S	0.0
HoiH06_mRNA6953	Bolinf_Binf_sb1216478	48.0	S	0.0
HoiH06_mRNA6953	Bolinf_Binf_sb1216480	48.0	S	0.0
HoiH06_mRNA6953	Bolinf_Binf_sb1216481	48.0	S	0.0
HoiH06_mRNA6953	Scil_scict008773.1	48.0	S	0.0
HoiH06_mRNA6953	Stycar_snap_masked-SC_scaffold48179-processed-gene-0.3-mRNA-1	48.0	S	0.0
HoiH06_mRNA6953	Adig_XM_015919323.1	48.0	S	0.0
HoiH06_mRNA6953	Pbac_sb2669542	48.0	S	0.0
HoiH06_mRNA6953	Emue_Em0018g796a.t1	48.0	S	0.0
HoiH06_mRNA6953	Aque_Aqu2.1.02773_001	48.0	S	0.0
HoiH06_mRNA6953	Drygla_Dgla_sb296839	48.0	S	0.0
HoiH06_mRNA6953	Gasp_gasp1.m3.12480.m1	48.0	S	0.0
HoiH06_mRNA6953	Dpul_mRNA925	48.0	S	0.0
HoiH06_mRNA6953	Spur_XM_030975295.1	48.0	S	0.0
HoiH06_mRNA6953	Mertsp_Mesp_sb576787	48.0	S	0.0
HoiH06_mRNA6953	Cgig_XM_034481919.1	48.0	S	0.0
HoiH06_mRNA6953	Exapal_XM_021042175.1	48.0	S	0.0
HoiH06_mRNA6953	Emue_Em0018g794a.t1	48.0	S	0.0
HoiH06_mRNA6953	Spolac_c94764_g1_i1_m.10520c94764-g1	48.0	S	0.0
HoiH06_mRNA6953	Pbac_sb2669546	48.0	S	0.0
HoiH06_mRNA6953	Spur_XM_030977921.1	48.0	S	0.0
HoiH06_mRNA6953	Bolinf_Binf_sb1216479	48.0	S	0.0
HoiH06_mRNA6953	Bralan_BLAG07000907_1	48.0	S	0.0
HoiH06_mRNA6953	Gfas_gfas1.m1.5290.m1	48.0	S	0.0
HoiH06_mRNA6953	Aque_Aqu2.1.14014_001	48.0	S	0.0
HoiH06_mRNA6953	Drygla_Dgla_sb296841	48.0	S	0.0
HoiH06_mRNA6953	Mlei_ML0742.g4.i1	48.0	S	0.0
HoiH06_mRNA6953	Drygla_Dgla_sb296840	48.0	S	0.0
HoiH06_mRNA6953	Lcom_lcpid51879	48.0	S	0.0
HoiH06_mRNA6953	Dgig_XM_028535976.1	48.0	S	0.0
HoiH06_mRNA6953	Acagra_model.g26020.t1	48.0	S	0.0
HoiH06_mRNA6953	Sanmal_Sma_009024-T1	48.0	S	0.0
HoiH06_mRNA6953	Aque_Aqu2.1.03830_001	48.0	S	0.0
HoiH06_mRNA6953	Mertsp_Mesp_sb576788	48.0	S	0.0
HoiH06_mRNA6953	Plespi_Pspi_scaffold19736_01	48.0	S	0.0
HoiH06_mRNA6953	Pocdam_XM_027190439.1	48.0	S	0.0
HoiH06_mRNA6953	Spolac_c96288_g1_i1_m.12866c94764-g1	48.0	S	0.0
HoiH06_mRNA6953	Cscu_XM_023364102.1	48.0	S	0.0
HoiH06_mRNA6953	Opea_EP00118_Oscarella_pearsei_P013023	48.0	S	0.0
HoiH06_mRNA6953	Acagra_model.g26020.t1.1.5d401061	48.0	S	0.0
HoiH06_mRNA6953	Mertsp_Mesp_sb576786	48.0	S	0.0
HoiH06_mRNA6953	Beraby_Baby_sb326426	48.0	S	0.0
HoiH06_mRNA6953	Exapal_XM_021037075.2	48.0	S	0.0
HoiH06_mRNA6953	Hvul_g12578_1	48.0	S	0.0
HoiH06_mRNA6953	Amil_Amillepora34070-RA	48.0	S	0.0
HoiH06_mRNA6953	Aque_Aqu2.1.04132_001	48.0	S	0.0
HoiH06_mRNA6953	Vmul_sbMO428230	48.0	S	0.0
HoiH06_mRNA6953	Fspp_ffun1.m4.20432.m1	48.0	S	0.0
HoiH06_mRNA6953	Tetwil_g3590.t2	48.0	S	0.0
HoiH06_mRNA6953	Aque_Aqu2.1.28600_001	48.0	S	0.0
HoiH06_mRNA6953	Mertsp_Mesp_sb576785	48.0	S	0.0
HoiH06_mRNA6953	Skow_XM_002739496.1	48.0	S	0.0
HoiH06_mRNA6953	Lampan_Lpan_1881_01	48.0	S	0.0
HoiH06_mRNA6953	Horcal_Hcv1.av93.c7.g243.i1	48.0	S	0.0
HoiH06_mRNA6953	Ctel_gnl_WGS_AMQN_CAPTEDRAFT_mRNA160748	48.0	S	0.0
HoiH06_mRNA6953	Xestes_maker-XT_scaffold16220-snap-gene-0.26-mRNA-1	48.0	S	0.0
HoiH06_mRNA6953	Rhoesc_Res_003036-T1	48.0	S	0.0
HoiH06_mRNA6953	Coemet_Cmet_scaffold21533_01	48.0	S	0.0
HoiH06_mRNA6953	Spis_XP_022790036_1	48.0	S	0.0
HoiH06_mRNA6953	Clacor_Ccor_scaffold6935_01	48.0	S	0.0
HoiH06_mRNA6953	Morvir_scaffold71.g51.t1	48.0	S	0.0
HoiH11_mRNA2364	Nvec_v1g176382	48.0	S	0.0
HoiH11_mRNA2364	Leuniv_Lniv_scaffold25658_01	48.0	S	0.0
HoiH11_mRNA2364	Mertsp_Mesp_sb576789	48.0	S	0.0
HoiH11_mRNA2364	Aaur_scaffold173.g1.t1	48.0	S	0.0
HoiH11_mRNA2364	Tcas_TC003474_001	48.0	S	0.0
HoiH11_mRNA2364	Drygla_Dgla_sb296842	48.0	S	0.0
HoiH11_mRNA2364	Gracom_Gcom_scaffold11592_01	48.0	S	0.0
HoiH11_mRNA2364	Spolac_c96288_g1_i2_m.12867c94764-g1	48.0	S	0.0
HoiH11_mRNA2364	Nemnom_g13465.t1	48.0	S	0.0
HoiH11_mRNA2364	Mertsp_Mesp_sb576784	48.0	S	0.0
HoiH11_mRNA2364	Pbac_sb2669541	48.0	S	0.0
HoiH11_mRNA2364	Aque_Aqu2.1.28599_001	48.0	S	0.0
HoiH11_mRNA2364	Pbac_sb2669544	48.0	S	0.0
HoiH11_mRNA2364	Stycar_maker-SC_scaffold4460-snap-gene-0.26-mRNA-1	48.0	S	0.0
HoiH11_mRNA2364	Opea_EP00118_Oscarella_pearsei_P013022	48.0	S	0.0
HoiH11_mRNA2364	Nvec_v1g199243	48.0	S	0.0
HoiH11_mRNA2364	Stycar_augustus_masked-SC_scaffold125987-processed-gene-0.0-mRNA-1	48.0	S	0.0
HoiH11_mRNA2364	Bolinf_Binf_sb1225476	48.0	S	0.0
HoiH11_mRNA2364	Plespi_Pspi_scaffold19735_01	48.0	S	0.0
HoiH11_mRNA2364	Adig_XM_015923890.1	48.0	S	0.0
HoiH11_mRNA2364	Emue_Em0018g793a.t1	48.0	S	0.0
HoiH11_mRNA2364	Hsap_ENST00000602795	48.0	S	0.0
HoiH11_mRNA2364	Chem_TCONS_00027827	48.0	S	0.0
HoiH11_mRNA2364	Stycar_snap_masked-SC_scaffold48179-processed-gene-0.2-mRNA-1	48.0	S	0.0
HoiH11_mRNA2364	Bolinf_Binf_sb1216478	48.0	S	0.0
HoiH11_mRNA2364	Bolinf_Binf_sb1216480	48.0	S	0.0
HoiH11_mRNA2364	Bolinf_Binf_sb1216481	48.0	S	0.0
HoiH11_mRNA2364	Scil_scict008773.1	48.0	S	0.0
HoiH11_mRNA2364	Stycar_snap_masked-SC_scaffold48179-processed-gene-0.3-mRNA-1	48.0	S	0.0
HoiH11_mRNA2364	Adig_XM_015919323.1	48.0	S	0.0
HoiH11_mRNA2364	Pbac_sb2669542	48.0	S	0.0
HoiH11_mRNA2364	Emue_Em0018g796a.t1	48.0	S	0.0
HoiH11_mRNA2364	Aque_Aqu2.1.02773_001	48.0	S	0.0
HoiH11_mRNA2364	Drygla_Dgla_sb296839	48.0	S	0.0
HoiH11_mRNA2364	Gasp_gasp1.m3.12480.m1	48.0	S	0.0
HoiH11_mRNA2364	Dpul_mRNA925	48.0	S	0.0
HoiH11_mRNA2364	Spur_XM_030975295.1	48.0	S	0.0
HoiH11_mRNA2364	Mertsp_Mesp_sb576787	48.0	S	0.0
HoiH11_mRNA2364	Cgig_XM_034481919.1	48.0	S	0.0
HoiH11_mRNA2364	Exapal_XM_021042175.1	48.0	S	0.0
HoiH11_mRNA2364	Emue_Em0018g794a.t1	48.0	S	0.0
HoiH11_mRNA2364	Spolac_c94764_g1_i1_m.10520c94764-g1	48.0	S	0.0
HoiH11_mRNA2364	Pbac_sb2669546	48.0	S	0.0
HoiH11_mRNA2364	Spur_XM_030977921.1	48.0	S	0.0
HoiH11_mRNA2364	Bolinf_Binf_sb1216479	48.0	S	0.0
HoiH11_mRNA2364	Bralan_BLAG07000907_1	48.0	S	0.0
HoiH11_mRNA2364	Gfas_gfas1.m1.5290.m1	48.0	S	0.0
HoiH11_mRNA2364	Aque_Aqu2.1.14014_001	48.0	S	0.0
HoiH11_mRNA2364	Drygla_Dgla_sb296841	48.0	S	0.0
HoiH11_mRNA2364	Mlei_ML0742.g4.i1	48.0	S	0.0
HoiH11_mRNA2364	Drygla_Dgla_sb296840	48.0	S	0.0
HoiH11_mRNA2364	Lcom_lcpid51879	48.0	S	0.0
HoiH11_mRNA2364	Dgig_XM_028535976.1	48.0	S	0.0
HoiH11_mRNA2364	Acagra_model.g26020.t1	48.0	S	0.0
HoiH11_mRNA2364	Sanmal_Sma_009024-T1	48.0	S	0.0
HoiH11_mRNA2364	Aque_Aqu2.1.03830_001	48.0	S	0.0
HoiH11_mRNA2364	Mertsp_Mesp_sb576788	48.0	S	0.0
HoiH11_mRNA2364	Plespi_Pspi_scaffold19736_01	48.0	S	0.0
HoiH11_mRNA2364	Pocdam_XM_027190439.1	48.0	S	0.0
HoiH11_mRNA2364	Spolac_c96288_g1_i1_m.12866c94764-g1	48.0	S	0.0
HoiH11_mRNA2364	Cscu_XM_023364102.1	48.0	S	0.0
HoiH11_mRNA2364	Opea_EP00118_Oscarella_pearsei_P013023	48.0	S	0.0
HoiH11_mRNA2364	Acagra_model.g26020.t1.1.5d401061	48.0	S	0.0
HoiH11_mRNA2364	Mertsp_Mesp_sb576786	48.0	S	0.0
HoiH11_mRNA2364	Beraby_Baby_sb326426	48.0	S	0.0
HoiH11_mRNA2364	Exapal_XM_021037075.2	48.0	S	0.0
HoiH11_mRNA2364	Hvul_g12578_1	48.0	S	0.0
HoiH11_mRNA2364	Amil_Amillepora34070-RA	48.0	S	0.0
HoiH11_mRNA2364	Aque_Aqu2.1.04132_001	48.0	S	0.0
HoiH11_mRNA2364	Vmul_sbMO428230	48.0	S	0.0
HoiH11_mRNA2364	Fspp_ffun1.m4.20432.m1	48.0	S	0.0
HoiH11_mRNA2364	Tetwil_g3590.t2	48.0	S	0.0
HoiH11_mRNA2364	Aque_Aqu2.1.28600_001	48.0	S	0.0
HoiH11_mRNA2364	Mertsp_Mesp_sb576785	48.0	S	0.0
HoiH11_mRNA2364	Skow_XM_002739496.1	48.0	S	0.0
HoiH11_mRNA2364	Lampan_Lpan_1881_01	48.0	S	0.0
HoiH11_mRNA2364	Horcal_Hcv1.av93.c7.g243.i1	48.0	S	0.0
HoiH11_mRNA2364	Ctel_gnl_WGS_AMQN_CAPTEDRAFT_mRNA160748	48.0	S	0.0
HoiH11_mRNA2364	Xestes_maker-XT_scaffold16220-snap-gene-0.26-mRNA-1	48.0	S	0.0
HoiH11_mRNA2364	Rhoesc_Res_003036-T1	48.0	S	0.0
HoiH11_mRNA2364	Coemet_Cmet_scaffold21533_01	48.0	S	0.0
HoiH11_mRNA2364	Spis_XP_022790036_1	48.0	S	0.0
HoiH11_mRNA2364	Clacor_Ccor_scaffold6935_01	48.0	S	0.0
HoiH11_mRNA2364	Morvir_scaffold71.g51.t1	48.0	S	0.0
HoiH04_mRNA458	Nvec_v1g176382	48.0	S	0.0
HoiH04_mRNA458	Leuniv_Lniv_scaffold25658_01	48.0	S	0.0
HoiH04_mRNA458	Mertsp_Mesp_sb576789	48.0	S	0.0
HoiH04_mRNA458	Aaur_scaffold173.g1.t1	48.0	S	0.0
HoiH04_mRNA458	Tcas_TC003474_001	48.0	S	0.0
HoiH04_mRNA458	Drygla_Dgla_sb296842	48.0	S	0.0
HoiH04_mRNA458	Gracom_Gcom_scaffold11592_01	48.0	S	0.0
HoiH04_mRNA458	Spolac_c96288_g1_i2_m.12867c94764-g1	48.0	S	0.0
HoiH04_mRNA458	Nemnom_g13465.t1	48.0	S	0.0
HoiH04_mRNA458	Mertsp_Mesp_sb576784	48.0	S	0.0
HoiH04_mRNA458	Pbac_sb2669541	48.0	S	0.0
HoiH04_mRNA458	Aque_Aqu2.1.28599_001	48.0	S	0.0
HoiH04_mRNA458	Pbac_sb2669544	48.0	S	0.0
HoiH04_mRNA458	Stycar_maker-SC_scaffold4460-snap-gene-0.26-mRNA-1	48.0	S	0.0
HoiH04_mRNA458	Opea_EP00118_Oscarella_pearsei_P013022	48.0	S	0.0
HoiH04_mRNA458	Nvec_v1g199243	48.0	S	0.0
HoiH04_mRNA458	Stycar_augustus_masked-SC_scaffold125987-processed-gene-0.0-mRNA-1	48.0	S	0.0
HoiH04_mRNA458	Bolinf_Binf_sb1225476	48.0	S	0.0
HoiH04_mRNA458	Plespi_Pspi_scaffold19735_01	48.0	S	0.0
HoiH04_mRNA458	Adig_XM_015923890.1	48.0	S	0.0
HoiH04_mRNA458	Emue_Em0018g793a.t1	48.0	S	0.0
HoiH04_mRNA458	Hsap_ENST00000602795	48.0	S	0.0
HoiH04_mRNA458	Chem_TCONS_00027827	48.0	S	0.0
HoiH04_mRNA458	Stycar_snap_masked-SC_scaffold48179-processed-gene-0.2-mRNA-1	48.0	S	0.0
HoiH04_mRNA458	Bolinf_Binf_sb1216478	48.0	S	0.0
HoiH04_mRNA458	Bolinf_Binf_sb1216480	48.0	S	0.0
HoiH04_mRNA458	Bolinf_Binf_sb1216481	48.0	S	0.0
HoiH04_mRNA458	Scil_scict008773.1	48.0	S	0.0
HoiH04_mRNA458	Stycar_snap_masked-SC_scaffold48179-processed-gene-0.3-mRNA-1	48.0	S	0.0
HoiH04_mRNA458	Adig_XM_015919323.1	48.0	S	0.0
HoiH04_mRNA458	Pbac_sb2669542	48.0	S	0.0
HoiH04_mRNA458	Emue_Em0018g796a.t1	48.0	S	0.0
HoiH04_mRNA458	Aque_Aqu2.1.02773_001	48.0	S	0.0
HoiH04_mRNA458	Drygla_Dgla_sb296839	48.0	S	0.0
HoiH04_mRNA458	Gasp_gasp1.m3.12480.m1	48.0	S	0.0
HoiH04_mRNA458	Dpul_mRNA925	48.0	S	0.0
HoiH04_mRNA458	Spur_XM_030975295.1	48.0	S	0.0
HoiH04_mRNA458	Mertsp_Mesp_sb576787	48.0	S	0.0
HoiH04_mRNA458	Cgig_XM_034481919.1	48.0	S	0.0
HoiH04_mRNA458	Exapal_XM_021042175.1	48.0	S	0.0
HoiH04_mRNA458	Emue_Em0018g794a.t1	48.0	S	0.0
HoiH04_mRNA458	Spolac_c94764_g1_i1_m.10520c94764-g1	48.0	S	0.0
HoiH04_mRNA458	Pbac_sb2669546	48.0	S	0.0
HoiH04_mRNA458	Spur_XM_030977921.1	48.0	S	0.0
HoiH04_mRNA458	Bolinf_Binf_sb1216479	48.0	S	0.0
HoiH04_mRNA458	Bralan_BLAG07000907_1	48.0	S	0.0
HoiH04_mRNA458	Gfas_gfas1.m1.5290.m1	48.0	S	0.0
HoiH04_mRNA458	Aque_Aqu2.1.14014_001	48.0	S	0.0
HoiH04_mRNA458	Drygla_Dgla_sb296841	48.0	S	0.0
HoiH04_mRNA458	Mlei_ML0742.g4.i1	48.0	S	0.0
HoiH04_mRNA458	Drygla_Dgla_sb296840	48.0	S	0.0
HoiH04_mRNA458	Lcom_lcpid51879	48.0	S	0.0
HoiH04_mRNA458	Dgig_XM_028535976.1	48.0	S	0.0
HoiH04_mRNA458	Acagra_model.g26020.t1	48.0	S	0.0
HoiH04_mRNA458	Sanmal_Sma_009024-T1	48.0	S	0.0
HoiH04_mRNA458	Aque_Aqu2.1.03830_001	48.0	S	0.0
HoiH04_mRNA458	Mertsp_Mesp_sb576788	48.0	S	0.0
HoiH04_mRNA458	Plespi_Pspi_scaffold19736_01	48.0	S	0.0
HoiH04_mRNA458	Pocdam_XM_027190439.1	48.0	S	0.0
HoiH04_mRNA458	Spolac_c96288_g1_i1_m.12866c94764-g1	48.0	S	0.0
HoiH04_mRNA458	Cscu_XM_023364102.1	48.0	S	0.0
HoiH04_mRNA458	Opea_EP00118_Oscarella_pearsei_P013023	48.0	S	0.0
HoiH04_mRNA458	Acagra_model.g26020.t1.1.5d401061	48.0	S	0.0
HoiH04_mRNA458	Mertsp_Mesp_sb576786	48.0	S	0.0
HoiH04_mRNA458	Beraby_Baby_sb326426	48.0	S	0.0
HoiH04_mRNA458	Exapal_XM_021037075.2	48.0	S	0.0
HoiH04_mRNA458	Hvul_g12578_1	48.0	S	0.0
HoiH04_mRNA458	Amil_Amillepora34070-RA	48.0	S	0.0
HoiH04_mRNA458	Aque_Aqu2.1.04132_001	48.0	S	0.0
HoiH04_mRNA458	Vmul_sbMO428230	48.0	S	0.0
HoiH04_mRNA458	Fspp_ffun1.m4.20432.m1	48.0	S	0.0
HoiH04_mRNA458	Tetwil_g3590.t2	48.0	S	0.0
HoiH04_mRNA458	Aque_Aqu2.1.28600_001	48.0	S	0.0
HoiH04_mRNA458	Mertsp_Mesp_sb576785	48.0	S	0.0
HoiH04_mRNA458	Skow_XM_002739496.1	48.0	S	0.0
HoiH04_mRNA458	Lampan_Lpan_1881_01	48.0	S	0.0
HoiH04_mRNA458	Horcal_Hcv1.av93.c7.g243.i1	48.0	S	0.0
HoiH04_mRNA458	Ctel_gnl_WGS_AMQN_CAPTEDRAFT_mRNA160748	48.0	S	0.0
HoiH04_mRNA458	Xestes_maker-XT_scaffold16220-snap-gene-0.26-mRNA-1	48.0	S	0.0
HoiH04_mRNA458	Rhoesc_Res_003036-T1	48.0	S	0.0
HoiH04_mRNA458	Coemet_Cmet_scaffold21533_01	48.0	S	0.0
HoiH04_mRNA458	Spis_XP_022790036_1	48.0	S	0.0
HoiH04_mRNA458	Clacor_Ccor_scaffold6935_01	48.0	S	0.0
HoiH04_mRNA458	Morvir_scaffold71.g51.t1	48.0	S	0.0
Tadh_TriadT55545	Nvec_v1g176382	48.0	S	0.0
Tadh_TriadT55545	Leuniv_Lniv_scaffold25658_01	48.0	S	0.0
Tadh_TriadT55545	Mertsp_Mesp_sb576789	48.0	S	0.0
Tadh_TriadT55545	Aaur_scaffold173.g1.t1	48.0	S	0.0
Tadh_TriadT55545	Tcas_TC003474_001	48.0	S	0.0
Tadh_TriadT55545	Drygla_Dgla_sb296842	48.0	S	0.0
Tadh_TriadT55545	Gracom_Gcom_scaffold11592_01	48.0	S	0.0
Tadh_TriadT55545	Spolac_c96288_g1_i2_m.12867c94764-g1	48.0	S	0.0
Tadh_TriadT55545	Nemnom_g13465.t1	48.0	S	0.0
Tadh_TriadT55545	Mertsp_Mesp_sb576784	48.0	S	0.0
Tadh_TriadT55545	Pbac_sb2669541	48.0	S	0.0
Tadh_TriadT55545	Aque_Aqu2.1.28599_001	48.0	S	0.0
Tadh_TriadT55545	Pbac_sb2669544	48.0	S	0.0
Tadh_TriadT55545	Stycar_maker-SC_scaffold4460-snap-gene-0.26-mRNA-1	48.0	S	0.0
Tadh_TriadT55545	Opea_EP00118_Oscarella_pearsei_P013022	48.0	S	0.0
Tadh_TriadT55545	Nvec_v1g199243	48.0	S	0.0
Tadh_TriadT55545	Stycar_augustus_masked-SC_scaffold125987-processed-gene-0.0-mRNA-1	48.0	S	0.0
Tadh_TriadT55545	Bolinf_Binf_sb1225476	48.0	S	0.0
Tadh_TriadT55545	Plespi_Pspi_scaffold19735_01	48.0	S	0.0
Tadh_TriadT55545	Adig_XM_015923890.1	48.0	S	0.0
Tadh_TriadT55545	Emue_Em0018g793a.t1	48.0	S	0.0
Tadh_TriadT55545	Hsap_ENST00000602795	48.0	S	0.0
Tadh_TriadT55545	Chem_TCONS_00027827	48.0	S	0.0
Tadh_TriadT55545	Stycar_snap_masked-SC_scaffold48179-processed-gene-0.2-mRNA-1	48.0	S	0.0
Tadh_TriadT55545	Bolinf_Binf_sb1216478	48.0	S	0.0
Tadh_TriadT55545	Bolinf_Binf_sb1216480	48.0	S	0.0
Tadh_TriadT55545	Bolinf_Binf_sb1216481	48.0	S	0.0
Tadh_TriadT55545	Scil_scict008773.1	48.0	S	0.0
Tadh_TriadT55545	Stycar_snap_masked-SC_scaffold48179-processed-gene-0.3-mRNA-1	48.0	S	0.0
Tadh_TriadT55545	Adig_XM_015919323.1	48.0	S	0.0
Tadh_TriadT55545	Pbac_sb2669542	48.0	S	0.0
Tadh_TriadT55545	Emue_Em0018g796a.t1	48.0	S	0.0
Tadh_TriadT55545	Aque_Aqu2.1.02773_001	48.0	S	0.0
Tadh_TriadT55545	Drygla_Dgla_sb296839	48.0	S	0.0
Tadh_TriadT55545	Gasp_gasp1.m3.12480.m1	48.0	S	0.0
Tadh_TriadT55545	Dpul_mRNA925	48.0	S	0.0
Tadh_TriadT55545	Spur_XM_030975295.1	48.0	S	0.0
Tadh_TriadT55545	Mertsp_Mesp_sb576787	48.0	S	0.0
Tadh_TriadT55545	Cgig_XM_034481919.1	48.0	S	0.0
Tadh_TriadT55545	Exapal_XM_021042175.1	48.0	S	0.0
Tadh_TriadT55545	Emue_Em0018g794a.t1	48.0	S	0.0
Tadh_TriadT55545	Spolac_c94764_g1_i1_m.10520c94764-g1	48.0	S	0.0
Tadh_TriadT55545	Pbac_sb2669546	48.0	S	0.0
Tadh_TriadT55545	Spur_XM_030977921.1	48.0	S	0.0
Tadh_TriadT55545	Bolinf_Binf_sb1216479	48.0	S	0.0
Tadh_TriadT55545	Bralan_BLAG07000907_1	48.0	S	0.0
Tadh_TriadT55545	Gfas_gfas1.m1.5290.m1	48.0	S	0.0
Tadh_TriadT55545	Aque_Aqu2.1.14014_001	48.0	S	0.0
Tadh_TriadT55545	Drygla_Dgla_sb296841	48.0	S	0.0
Tadh_TriadT55545	Mlei_ML0742.g4.i1	48.0	S	0.0
Tadh_TriadT55545	Drygla_Dgla_sb296840	48.0	S	0.0
Tadh_TriadT55545	Lcom_lcpid51879	48.0	S	0.0
Tadh_TriadT55545	Dgig_XM_028535976.1	48.0	S	0.0
Tadh_TriadT55545	Acagra_model.g26020.t1	48.0	S	0.0
Tadh_TriadT55545	Sanmal_Sma_009024-T1	48.0	S	0.0
Tadh_TriadT55545	Aque_Aqu2.1.03830_001	48.0	S	0.0
Tadh_TriadT55545	Mertsp_Mesp_sb576788	48.0	S	0.0
Tadh_TriadT55545	Plespi_Pspi_scaffold19736_01	48.0	S	0.0
Tadh_TriadT55545	Pocdam_XM_027190439.1	48.0	S	0.0
Tadh_TriadT55545	Spolac_c96288_g1_i1_m.12866c94764-g1	48.0	S	0.0
Tadh_TriadT55545	Cscu_XM_023364102.1	48.0	S	0.0
Tadh_TriadT55545	Opea_EP00118_Oscarella_pearsei_P013023	48.0	S	0.0
Tadh_TriadT55545	Acagra_model.g26020.t1.1.5d401061	48.0	S	0.0
Tadh_TriadT55545	Mertsp_Mesp_sb576786	48.0	S	0.0
Tadh_TriadT55545	Beraby_Baby_sb326426	48.0	S	0.0
Tadh_TriadT55545	Exapal_XM_021037075.2	48.0	S	0.0
Tadh_TriadT55545	Hvul_g12578_1	48.0	S	0.0
Tadh_TriadT55545	Amil_Amillepora34070-RA	48.0	S	0.0
Tadh_TriadT55545	Aque_Aqu2.1.04132_001	48.0	S	0.0
Tadh_TriadT55545	Vmul_sbMO428230	48.0	S	0.0
Tadh_TriadT55545	Fspp_ffun1.m4.20432.m1	48.0	S	0.0
Tadh_TriadT55545	Tetwil_g3590.t2	48.0	S	0.0
Tadh_TriadT55545	Aque_Aqu2.1.28600_001	48.0	S	0.0
Tadh_TriadT55545	Mertsp_Mesp_sb576785	48.0	S	0.0
Tadh_TriadT55545	Skow_XM_002739496.1	48.0	S	0.0
Tadh_TriadT55545	Lampan_Lpan_1881_01	48.0	S	0.0
Tadh_TriadT55545	Horcal_Hcv1.av93.c7.g243.i1	48.0	S	0.0
Tadh_TriadT55545	Ctel_gnl_WGS_AMQN_CAPTEDRAFT_mRNA160748	48.0	S	0.0
Tadh_TriadT55545	Xestes_maker-XT_scaffold16220-snap-gene-0.26-mRNA-1	48.0	S	0.0
Tadh_TriadT55545	Rhoesc_Res_003036-T1	48.0	S	0.0
Tadh_TriadT55545	Coemet_Cmet_scaffold21533_01	48.0	S	0.0
Tadh_TriadT55545	Spis_XP_022790036_1	48.0	S	0.0
Tadh_TriadT55545	Clacor_Ccor_scaffold6935_01	48.0	S	0.0
Tadh_TriadT55545	Morvir_scaffold71.g51.t1	48.0	S	0.0
Hhon_g09877.t1	Nvec_v1g176382	48.0	S	0.0
Hhon_g09877.t1	Leuniv_Lniv_scaffold25658_01	48.0	S	0.0
Hhon_g09877.t1	Mertsp_Mesp_sb576789	48.0	S	0.0
Hhon_g09877.t1	Aaur_scaffold173.g1.t1	48.0	S	0.0
Hhon_g09877.t1	Tcas_TC003474_001	48.0	S	0.0
Hhon_g09877.t1	Drygla_Dgla_sb296842	48.0	S	0.0
Hhon_g09877.t1	Gracom_Gcom_scaffold11592_01	48.0	S	0.0
Hhon_g09877.t1	Spolac_c96288_g1_i2_m.12867c94764-g1	48.0	S	0.0
Hhon_g09877.t1	Nemnom_g13465.t1	48.0	S	0.0
Hhon_g09877.t1	Mertsp_Mesp_sb576784	48.0	S	0.0
Hhon_g09877.t1	Pbac_sb2669541	48.0	S	0.0
Hhon_g09877.t1	Aque_Aqu2.1.28599_001	48.0	S	0.0
Hhon_g09877.t1	Pbac_sb2669544	48.0	S	0.0
Hhon_g09877.t1	Stycar_maker-SC_scaffold4460-snap-gene-0.26-mRNA-1	48.0	S	0.0
Hhon_g09877.t1	Opea_EP00118_Oscarella_pearsei_P013022	48.0	S	0.0
Hhon_g09877.t1	Nvec_v1g199243	48.0	S	0.0
Hhon_g09877.t1	Stycar_augustus_masked-SC_scaffold125987-processed-gene-0.0-mRNA-1	48.0	S	0.0
Hhon_g09877.t1	Bolinf_Binf_sb1225476	48.0	S	0.0
Hhon_g09877.t1	Plespi_Pspi_scaffold19735_01	48.0	S	0.0
Hhon_g09877.t1	Adig_XM_015923890.1	48.0	S	0.0
Hhon_g09877.t1	Emue_Em0018g793a.t1	48.0	S	0.0
Hhon_g09877.t1	Hsap_ENST00000602795	48.0	S	0.0
Hhon_g09877.t1	Chem_TCONS_00027827	48.0	S	0.0
Hhon_g09877.t1	Stycar_snap_masked-SC_scaffold48179-processed-gene-0.2-mRNA-1	48.0	S	0.0
Hhon_g09877.t1	Bolinf_Binf_sb1216478	48.0	S	0.0
Hhon_g09877.t1	Bolinf_Binf_sb1216480	48.0	S	0.0
Hhon_g09877.t1	Bolinf_Binf_sb1216481	48.0	S	0.0
Hhon_g09877.t1	Scil_scict008773.1	48.0	S	0.0
Hhon_g09877.t1	Stycar_snap_masked-SC_scaffold48179-processed-gene-0.3-mRNA-1	48.0	S	0.0
Hhon_g09877.t1	Adig_XM_015919323.1	48.0	S	0.0
Hhon_g09877.t1	Pbac_sb2669542	48.0	S	0.0
Hhon_g09877.t1	Emue_Em0018g796a.t1	48.0	S	0.0
Hhon_g09877.t1	Aque_Aqu2.1.02773_001	48.0	S	0.0
Hhon_g09877.t1	Drygla_Dgla_sb296839	48.0	S	0.0
Hhon_g09877.t1	Gasp_gasp1.m3.12480.m1	48.0	S	0.0
Hhon_g09877.t1	Dpul_mRNA925	48.0	S	0.0
Hhon_g09877.t1	Spur_XM_030975295.1	48.0	S	0.0
Hhon_g09877.t1	Mertsp_Mesp_sb576787	48.0	S	0.0
Hhon_g09877.t1	Cgig_XM_034481919.1	48.0	S	0.0
Hhon_g09877.t1	Exapal_XM_021042175.1	48.0	S	0.0
Hhon_g09877.t1	Emue_Em0018g794a.t1	48.0	S	0.0
Hhon_g09877.t1	Spolac_c94764_g1_i1_m.10520c94764-g1	48.0	S	0.0
Hhon_g09877.t1	Pbac_sb2669546	48.0	S	0.0
Hhon_g09877.t1	Spur_XM_030977921.1	48.0	S	0.0
Hhon_g09877.t1	Bolinf_Binf_sb1216479	48.0	S	0.0
Hhon_g09877.t1	Bralan_BLAG07000907_1	48.0	S	0.0
Hhon_g09877.t1	Gfas_gfas1.m1.5290.m1	48.0	S	0.0
Hhon_g09877.t1	Aque_Aqu2.1.14014_001	48.0	S	0.0
Hhon_g09877.t1	Drygla_Dgla_sb296841	48.0	S	0.0
Hhon_g09877.t1	Mlei_ML0742.g4.i1	48.0	S	0.0
Hhon_g09877.t1	Drygla_Dgla_sb296840	48.0	S	0.0
Hhon_g09877.t1	Lcom_lcpid51879	48.0	S	0.0
Hhon_g09877.t1	Dgig_XM_028535976.1	48.0	S	0.0
Hhon_g09877.t1	Acagra_model.g26020.t1	48.0	S	0.0
Hhon_g09877.t1	Sanmal_Sma_009024-T1	48.0	S	0.0
Hhon_g09877.t1	Aque_Aqu2.1.03830_001	48.0	S	0.0
Hhon_g09877.t1	Mertsp_Mesp_sb576788	48.0	S	0.0
Hhon_g09877.t1	Plespi_Pspi_scaffold19736_01	48.0	S	0.0
Hhon_g09877.t1	Pocdam_XM_027190439.1	48.0	S	0.0
Hhon_g09877.t1	Spolac_c96288_g1_i1_m.12866c94764-g1	48.0	S	0.0
Hhon_g09877.t1	Cscu_XM_023364102.1	48.0	S	0.0
Hhon_g09877.t1	Opea_EP00118_Oscarella_pearsei_P013023	48.0	S	0.0
Hhon_g09877.t1	Acagra_model.g26020.t1.1.5d401061	48.0	S	0.0
Hhon_g09877.t1	Mertsp_Mesp_sb576786	48.0	S	0.0
Hhon_g09877.t1	Beraby_Baby_sb326426	48.0	S	0.0
Hhon_g09877.t1	Exapal_XM_021037075.2	48.0	S	0.0
Hhon_g09877.t1	Hvul_g12578_1	48.0	S	0.0
Hhon_g09877.t1	Amil_Amillepora34070-RA	48.0	S	0.0
Hhon_g09877.t1	Aque_Aqu2.1.04132_001	48.0	S	0.0
Hhon_g09877.t1	Vmul_sbMO428230	48.0	S	0.0
Hhon_g09877.t1	Fspp_ffun1.m4.20432.m1	48.0	S	0.0
Hhon_g09877.t1	Tetwil_g3590.t2	48.0	S	0.0
Hhon_g09877.t1	Aque_Aqu2.1.28600_001	48.0	S	0.0
Hhon_g09877.t1	Mertsp_Mesp_sb576785	48.0	S	0.0
Hhon_g09877.t1	Skow_XM_002739496.1	48.0	S	0.0
Hhon_g09877.t1	Lampan_Lpan_1881_01	48.0	S	0.0
Hhon_g09877.t1	Horcal_Hcv1.av93.c7.g243.i1	48.0	S	0.0
Hhon_g09877.t1	Ctel_gnl_WGS_AMQN_CAPTEDRAFT_mRNA160748	48.0	S	0.0
Hhon_g09877.t1	Xestes_maker-XT_scaffold16220-snap-gene-0.26-mRNA-1	48.0	S	0.0
Hhon_g09877.t1	Rhoesc_Res_003036-T1	48.0	S	0.0
Hhon_g09877.t1	Coemet_Cmet_scaffold21533_01	48.0	S	0.0
Hhon_g09877.t1	Spis_XP_022790036_1	48.0	S	0.0
Hhon_g09877.t1	Clacor_Ccor_scaffold6935_01	48.0	S	0.0
Hhon_g09877.t1	Morvir_scaffold71.g51.t1	48.0	S	0.0
TrH2_TrispH2_003803-RA	Nvec_v1g176382	48.0	S	0.0
TrH2_TrispH2_003803-RA	Leuniv_Lniv_scaffold25658_01	48.0	S	0.0
TrH2_TrispH2_003803-RA	Mertsp_Mesp_sb576789	48.0	S	0.0
TrH2_TrispH2_003803-RA	Aaur_scaffold173.g1.t1	48.0	S	0.0
TrH2_TrispH2_003803-RA	Tcas_TC003474_001	48.0	S	0.0
TrH2_TrispH2_003803-RA	Drygla_Dgla_sb296842	48.0	S	0.0
TrH2_TrispH2_003803-RA	Gracom_Gcom_scaffold11592_01	48.0	S	0.0
TrH2_TrispH2_003803-RA	Spolac_c96288_g1_i2_m.12867c94764-g1	48.0	S	0.0
TrH2_TrispH2_003803-RA	Nemnom_g13465.t1	48.0	S	0.0
TrH2_TrispH2_003803-RA	Mertsp_Mesp_sb576784	48.0	S	0.0
TrH2_TrispH2_003803-RA	Pbac_sb2669541	48.0	S	0.0
TrH2_TrispH2_003803-RA	Aque_Aqu2.1.28599_001	48.0	S	0.0
TrH2_TrispH2_003803-RA	Pbac_sb2669544	48.0	S	0.0
TrH2_TrispH2_003803-RA	Stycar_maker-SC_scaffold4460-snap-gene-0.26-mRNA-1	48.0	S	0.0
TrH2_TrispH2_003803-RA	Opea_EP00118_Oscarella_pearsei_P013022	48.0	S	0.0
TrH2_TrispH2_003803-RA	Nvec_v1g199243	48.0	S	0.0
TrH2_TrispH2_003803-RA	Stycar_augustus_masked-SC_scaffold125987-processed-gene-0.0-mRNA-1	48.0	S	0.0
TrH2_TrispH2_003803-RA	Bolinf_Binf_sb1225476	48.0	S	0.0
TrH2_TrispH2_003803-RA	Plespi_Pspi_scaffold19735_01	48.0	S	0.0
TrH2_TrispH2_003803-RA	Adig_XM_015923890.1	48.0	S	0.0
TrH2_TrispH2_003803-RA	Emue_Em0018g793a.t1	48.0	S	0.0
TrH2_TrispH2_003803-RA	Hsap_ENST00000602795	48.0	S	0.0
TrH2_TrispH2_003803-RA	Chem_TCONS_00027827	48.0	S	0.0
TrH2_TrispH2_003803-RA	Stycar_snap_masked-SC_scaffold48179-processed-gene-0.2-mRNA-1	48.0	S	0.0
TrH2_TrispH2_003803-RA	Bolinf_Binf_sb1216478	48.0	S	0.0
TrH2_TrispH2_003803-RA	Bolinf_Binf_sb1216480	48.0	S	0.0
TrH2_TrispH2_003803-RA	Bolinf_Binf_sb1216481	48.0	S	0.0
TrH2_TrispH2_003803-RA	Scil_scict008773.1	48.0	S	0.0
TrH2_TrispH2_003803-RA	Stycar_snap_masked-SC_scaffold48179-processed-gene-0.3-mRNA-1	48.0	S	0.0
TrH2_TrispH2_003803-RA	Adig_XM_015919323.1	48.0	S	0.0
TrH2_TrispH2_003803-RA	Pbac_sb2669542	48.0	S	0.0
TrH2_TrispH2_003803-RA	Emue_Em0018g796a.t1	48.0	S	0.0
TrH2_TrispH2_003803-RA	Aque_Aqu2.1.02773_001	48.0	S	0.0
TrH2_TrispH2_003803-RA	Drygla_Dgla_sb296839	48.0	S	0.0
TrH2_TrispH2_003803-RA	Gasp_gasp1.m3.12480.m1	48.0	S	0.0
TrH2_TrispH2_003803-RA	Dpul_mRNA925	48.0	S	0.0
TrH2_TrispH2_003803-RA	Spur_XM_030975295.1	48.0	S	0.0
TrH2_TrispH2_003803-RA	Mertsp_Mesp_sb576787	48.0	S	0.0
TrH2_TrispH2_003803-RA	Cgig_XM_034481919.1	48.0	S	0.0
TrH2_TrispH2_003803-RA	Exapal_XM_021042175.1	48.0	S	0.0
TrH2_TrispH2_003803-RA	Emue_Em0018g794a.t1	48.0	S	0.0
TrH2_TrispH2_003803-RA	Spolac_c94764_g1_i1_m.10520c94764-g1	48.0	S	0.0
TrH2_TrispH2_003803-RA	Pbac_sb2669546	48.0	S	0.0
TrH2_TrispH2_003803-RA	Spur_XM_030977921.1	48.0	S	0.0
TrH2_TrispH2_003803-RA	Bolinf_Binf_sb1216479	48.0	S	0.0
TrH2_TrispH2_003803-RA	Bralan_BLAG07000907_1	48.0	S	0.0
TrH2_TrispH2_003803-RA	Gfas_gfas1.m1.5290.m1	48.0	S	0.0
TrH2_TrispH2_003803-RA	Aque_Aqu2.1.14014_001	48.0	S	0.0
TrH2_TrispH2_003803-RA	Drygla_Dgla_sb296841	48.0	S	0.0
TrH2_TrispH2_003803-RA	Mlei_ML0742.g4.i1	48.0	S	0.0
TrH2_TrispH2_003803-RA	Drygla_Dgla_sb296840	48.0	S	0.0
TrH2_TrispH2_003803-RA	Lcom_lcpid51879	48.0	S	0.0
TrH2_TrispH2_003803-RA	Dgig_XM_028535976.1	48.0	S	0.0
TrH2_TrispH2_003803-RA	Acagra_model.g26020.t1	48.0	S	0.0
TrH2_TrispH2_003803-RA	Sanmal_Sma_009024-T1	48.0	S	0.0
TrH2_TrispH2_003803-RA	Aque_Aqu2.1.03830_001	48.0	S	0.0
TrH2_TrispH2_003803-RA	Mertsp_Mesp_sb576788	48.0	S	0.0
TrH2_TrispH2_003803-RA	Plespi_Pspi_scaffold19736_01	48.0	S	0.0
TrH2_TrispH2_003803-RA	Pocdam_XM_027190439.1	48.0	S	0.0
TrH2_TrispH2_003803-RA	Spolac_c96288_g1_i1_m.12866c94764-g1	48.0	S	0.0
TrH2_TrispH2_003803-RA	Cscu_XM_023364102.1	48.0	S	0.0
TrH2_TrispH2_003803-RA	Opea_EP00118_Oscarella_pearsei_P013023	48.0	S	0.0
TrH2_TrispH2_003803-RA	Acagra_model.g26020.t1.1.5d401061	48.0	S	0.0
TrH2_TrispH2_003803-RA	Mertsp_Mesp_sb576786	48.0	S	0.0
TrH2_TrispH2_003803-RA	Beraby_Baby_sb326426	48.0	S	0.0
TrH2_TrispH2_003803-RA	Exapal_XM_021037075.2	48.0	S	0.0
TrH2_TrispH2_003803-RA	Hvul_g12578_1	48.0	S	0.0
TrH2_TrispH2_003803-RA	Amil_Amillepora34070-RA	48.0	S	0.0
TrH2_TrispH2_003803-RA	Aque_Aqu2.1.04132_001	48.0	S	0.0
TrH2_TrispH2_003803-RA	Vmul_sbMO428230	48.0	S	0.0
TrH2_TrispH2_003803-RA	Fspp_ffun1.m4.20432.m1	48.0	S	0.0
TrH2_TrispH2_003803-RA	Tetwil_g3590.t2	48.0	S	0.0
TrH2_TrispH2_003803-RA	Aque_Aqu2.1.28600_001	48.0	S	0.0
TrH2_TrispH2_003803-RA	Mertsp_Mesp_sb576785	48.0	S	0.0
TrH2_TrispH2_003803-RA	Skow_XM_002739496.1	48.0	S	0.0
TrH2_TrispH2_003803-RA	Lampan_Lpan_1881_01	48.0	S	0.0
TrH2_TrispH2_003803-RA	Horcal_Hcv1.av93.c7.g243.i1	48.0	S	0.0
TrH2_TrispH2_003803-RA	Ctel_gnl_WGS_AMQN_CAPTEDRAFT_mRNA160748	48.0	S	0.0
TrH2_TrispH2_003803-RA	Xestes_maker-XT_scaffold16220-snap-gene-0.26-mRNA-1	48.0	S	0.0
TrH2_TrispH2_003803-RA	Rhoesc_Res_003036-T1	48.0	S	0.0
TrH2_TrispH2_003803-RA	Coemet_Cmet_scaffold21533_01	48.0	S	0.0
TrH2_TrispH2_003803-RA	Spis_XP_022790036_1	48.0	S	0.0
TrH2_TrispH2_003803-RA	Clacor_Ccor_scaffold6935_01	48.0	S	0.0
TrH2_TrispH2_003803-RA	Morvir_scaffold71.g51.t1	48.0	S	0.0
Mylflu_EP00047_Mylnosiga_fluctuans_P007586	Didcos_EP00039_Didymoeca_costata_P013001	85.0	S	0.0
Mylflu_EP00047_Mylnosiga_fluctuans_P007586	Sros_EGD75386	85.0	S	0.0
Mylflu_EP00047_Mylnosiga_fluctuans_P007586	Salinf_EP00049_Salpingoeca_infusionum_P008307	85.0	S	0.0
Mylflu_EP00047_Mylnosiga_fluctuans_P007586	Chofle_EP00730_Choanoeca_flexa_P000627	85.0	S	0.0
Mylflu_EP00047_Mylnosiga_fluctuans_P007586	Salinf_EP00049_Salpingoeca_infusionum_P008305	85.0	S	0.0
Mylflu_EP00047_Mylnosiga_fluctuans_P007586	Choper_EP00045_Choanoeca_perplexa_P012992	85.0	S	0.0
Mylflu_EP00047_Mylnosiga_fluctuans_P007586	Diagra_EP00040_Diaphanoeca_grandis_P031070	85.0	S	0.0
Mylflu_EP00047_Mylnosiga_fluctuans_P007586	Microa_EP00043_Microstomoeca_roanoka_P005253	85.0	S	0.0
Mylflu_EP00047_Mylnosiga_fluctuans_P007586	Stedip_EP00041_Stephanoeca_diplocostata_P029207	85.0	S	0.0
Mylflu_EP00047_Mylnosiga_fluctuans_P007586	Salkve_EP00050_Salpingoeca_kvevrii_P021971	85.0	S	0.0
Mylflu_EP00047_Mylnosiga_fluctuans_P007586	Acaspe_EP00035_Acanthoeca_spectabilis_P022877	85.0	S	0.0
Mylflu_EP00047_Mylnosiga_fluctuans_P007586	Helnan_EP00037_Helgoeca_nana_P004136	85.0	S	0.0
Salpun_EP00053_Salpingoeca_punica_P008096	Didcos_EP00039_Didymoeca_costata_P013001	85.0	S	0.0
Salpun_EP00053_Salpingoeca_punica_P008096	Sros_EGD75386	85.0	S	0.0
Salpun_EP00053_Salpingoeca_punica_P008096	Salinf_EP00049_Salpingoeca_infusionum_P008307	85.0	S	0.0
Salpun_EP00053_Salpingoeca_punica_P008096	Chofle_EP00730_Choanoeca_flexa_P000627	85.0	S	0.0
Salpun_EP00053_Salpingoeca_punica_P008096	Salinf_EP00049_Salpingoeca_infusionum_P008305	85.0	S	0.0
Salpun_EP00053_Salpingoeca_punica_P008096	Choper_EP00045_Choanoeca_perplexa_P012992	85.0	S	0.0
Salpun_EP00053_Salpingoeca_punica_P008096	Diagra_EP00040_Diaphanoeca_grandis_P031070	85.0	S	0.0
Salpun_EP00053_Salpingoeca_punica_P008096	Microa_EP00043_Microstomoeca_roanoka_P005253	85.0	S	0.0
Salpun_EP00053_Salpingoeca_punica_P008096	Stedip_EP00041_Stephanoeca_diplocostata_P029207	85.0	S	0.0
Salpun_EP00053_Salpingoeca_punica_P008096	Salkve_EP00050_Salpingoeca_kvevrii_P021971	85.0	S	0.0
Salpun_EP00053_Salpingoeca_punica_P008096	Acaspe_EP00035_Acanthoeca_spectabilis_P022877	85.0	S	0.0
Salpun_EP00053_Salpingoeca_punica_P008096	Helnan_EP00037_Helgoeca_nana_P004136	85.0	S	0.0
Salmac_EP00052_Salpingoeca_macrocollata_P006544	Didcos_EP00039_Didymoeca_costata_P013001	85.0	S	0.0
Salmac_EP00052_Salpingoeca_macrocollata_P006544	Sros_EGD75386	85.0	S	0.0
Salmac_EP00052_Salpingoeca_macrocollata_P006544	Salinf_EP00049_Salpingoeca_infusionum_P008307	85.0	S	0.0
Salmac_EP00052_Salpingoeca_macrocollata_P006544	Chofle_EP00730_Choanoeca_flexa_P000627	85.0	S	0.0
Salmac_EP00052_Salpingoeca_macrocollata_P006544	Salinf_EP00049_Salpingoeca_infusionum_P008305	85.0	S	0.0
Salmac_EP00052_Salpingoeca_macrocollata_P006544	Choper_EP00045_Choanoeca_perplexa_P012992	85.0	S	0.0
Salmac_EP00052_Salpingoeca_macrocollata_P006544	Diagra_EP00040_Diaphanoeca_grandis_P031070	85.0	S	0.0
Salmac_EP00052_Salpingoeca_macrocollata_P006544	Microa_EP00043_Microstomoeca_roanoka_P005253	85.0	S	0.0
Salmac_EP00052_Salpingoeca_macrocollata_P006544	Stedip_EP00041_Stephanoeca_diplocostata_P029207	85.0	S	0.0
Salmac_EP00052_Salpingoeca_macrocollata_P006544	Salkve_EP00050_Salpingoeca_kvevrii_P021971	85.0	S	0.0
Salmac_EP00052_Salpingoeca_macrocollata_P006544	Acaspe_EP00035_Acanthoeca_spectabilis_P022877	85.0	S	0.0
Salmac_EP00052_Salpingoeca_macrocollata_P006544	Helnan_EP00037_Helgoeca_nana_P004136	85.0	S	0.0
Salurc_EP00051_Salpingoeca_urceolata_P009442	Didcos_EP00039_Didymoeca_costata_P013001	85.0	S	0.0
Salurc_EP00051_Salpingoeca_urceolata_P009442	Sros_EGD75386	85.0	S	0.0
Salurc_EP00051_Salpingoeca_urceolata_P009442	Salinf_EP00049_Salpingoeca_infusionum_P008307	85.0	S	0.0
Salurc_EP00051_Salpingoeca_urceolata_P009442	Chofle_EP00730_Choanoeca_flexa_P000627	85.0	S	0.0
Salurc_EP00051_Salpingoeca_urceolata_P009442	Salinf_EP00049_Salpingoeca_infusionum_P008305	85.0	S	0.0
Salurc_EP00051_Salpingoeca_urceolata_P009442	Choper_EP00045_Choanoeca_perplexa_P012992	85.0	S	0.0
Salurc_EP00051_Salpingoeca_urceolata_P009442	Diagra_EP00040_Diaphanoeca_grandis_P031070	85.0	S	0.0
Salurc_EP00051_Salpingoeca_urceolata_P009442	Microa_EP00043_Microstomoeca_roanoka_P005253	85.0	S	0.0
Salurc_EP00051_Salpingoeca_urceolata_P009442	Stedip_EP00041_Stephanoeca_diplocostata_P029207	85.0	S	0.0
Salurc_EP00051_Salpingoeca_urceolata_P009442	Salkve_EP00050_Salpingoeca_kvevrii_P021971	85.0	S	0.0
Salurc_EP00051_Salpingoeca_urceolata_P009442	Acaspe_EP00035_Acanthoeca_spectabilis_P022877	85.0	S	0.0
Salurc_EP00051_Salpingoeca_urceolata_P009442	Helnan_EP00037_Helgoeca_nana_P004136	85.0	S	0.0
Tadh_TriadT55545	HoiH23_PlH23_001706-RA	100.0	S	0.0
Tadh_TriadT55545	HoiH06_mRNA6953	100.0	S	0.0
Tadh_TriadT55545	HoiH11_mRNA2364	100.0	S	0.0
Tadh_TriadT55545	HoiH04_mRNA458	100.0	S	0.0
Tadh_TriadT55545	Hhon_g09877.t1	100.0	S	0.0
TrH2_TrispH2_003803-RA	HoiH23_PlH23_001706-RA	100.0	S	0.0
TrH2_TrispH2_003803-RA	HoiH06_mRNA6953	100.0	S	0.0
TrH2_TrispH2_003803-RA	HoiH11_mRNA2364	100.0	S	0.0
TrH2_TrispH2_003803-RA	HoiH04_mRNA458	100.0	S	0.0
TrH2_TrispH2_003803-RA	Hhon_g09877.t1	100.0	S	0.0
Gracom_Gcom_scaffold11592_01	Nvec_v1g176382	41.0	S	0.0
Gracom_Gcom_scaffold11592_01	Mertsp_Mesp_sb576789	41.0	S	0.0
Gracom_Gcom_scaffold11592_01	Aaur_scaffold173.g1.t1	41.0	S	0.0
Gracom_Gcom_scaffold11592_01	Tcas_TC003474_001	41.0	S	0.0
Gracom_Gcom_scaffold11592_01	Drygla_Dgla_sb296842	41.0	S	0.0
Gracom_Gcom_scaffold11592_01	Spolac_c96288_g1_i2_m.12867c94764-g1	41.0	S	0.0
Gracom_Gcom_scaffold11592_01	Nemnom_g13465.t1	41.0	S	0.0
Gracom_Gcom_scaffold11592_01	Mertsp_Mesp_sb576784	41.0	S	0.0
Gracom_Gcom_scaffold11592_01	Pbac_sb2669541	41.0	S	0.0
Gracom_Gcom_scaffold11592_01	Aque_Aqu2.1.28599_001	41.0	S	0.0
Gracom_Gcom_scaffold11592_01	Pbac_sb2669544	41.0	S	0.0
Gracom_Gcom_scaffold11592_01	Stycar_maker-SC_scaffold4460-snap-gene-0.26-mRNA-1	41.0	S	0.0
Gracom_Gcom_scaffold11592_01	Nvec_v1g199243	41.0	S	0.0
Gracom_Gcom_scaffold11592_01	Stycar_augustus_masked-SC_scaffold125987-processed-gene-0.0-mRNA-1	41.0	S	0.0
Gracom_Gcom_scaffold11592_01	Bolinf_Binf_sb1225476	41.0	S	0.0
Gracom_Gcom_scaffold11592_01	Plespi_Pspi_scaffold19735_01	41.0	S	0.0
Gracom_Gcom_scaffold11592_01	Adig_XM_015923890.1	41.0	S	0.0
Gracom_Gcom_scaffold11592_01	Emue_Em0018g793a.t1	41.0	S	0.0
Gracom_Gcom_scaffold11592_01	Hsap_ENST00000602795	41.0	S	0.0
Gracom_Gcom_scaffold11592_01	Chem_TCONS_00027827	41.0	S	0.0
Gracom_Gcom_scaffold11592_01	Stycar_snap_masked-SC_scaffold48179-processed-gene-0.2-mRNA-1	41.0	S	0.0
Gracom_Gcom_scaffold11592_01	Bolinf_Binf_sb1216478	41.0	S	0.0
Gracom_Gcom_scaffold11592_01	Bolinf_Binf_sb1216480	41.0	S	0.0
Gracom_Gcom_scaffold11592_01	Bolinf_Binf_sb1216481	41.0	S	0.0
Gracom_Gcom_scaffold11592_01	Stycar_snap_masked-SC_scaffold48179-processed-gene-0.3-mRNA-1	41.0	S	0.0
Gracom_Gcom_scaffold11592_01	Adig_XM_015919323.1	41.0	S	0.0
Gracom_Gcom_scaffold11592_01	Pbac_sb2669542	41.0	S	0.0
Gracom_Gcom_scaffold11592_01	Emue_Em0018g796a.t1	41.0	S	0.0
Gracom_Gcom_scaffold11592_01	Aque_Aqu2.1.02773_001	41.0	S	0.0
Gracom_Gcom_scaffold11592_01	Drygla_Dgla_sb296839	41.0	S	0.0
Gracom_Gcom_scaffold11592_01	Gasp_gasp1.m3.12480.m1	41.0	S	0.0
Gracom_Gcom_scaffold11592_01	Dpul_mRNA925	41.0	S	0.0
Gracom_Gcom_scaffold11592_01	Spur_XM_030975295.1	41.0	S	0.0
Gracom_Gcom_scaffold11592_01	Mertsp_Mesp_sb576787	41.0	S	0.0
Gracom_Gcom_scaffold11592_01	Cgig_XM_034481919.1	41.0	S	0.0
Gracom_Gcom_scaffold11592_01	Exapal_XM_021042175.1	41.0	S	0.0
Gracom_Gcom_scaffold11592_01	Emue_Em0018g794a.t1	41.0	S	0.0
Gracom_Gcom_scaffold11592_01	Spolac_c94764_g1_i1_m.10520c94764-g1	41.0	S	0.0
Gracom_Gcom_scaffold11592_01	Pbac_sb2669546	41.0	S	0.0
Gracom_Gcom_scaffold11592_01	Spur_XM_030977921.1	41.0	S	0.0
Gracom_Gcom_scaffold11592_01	Bolinf_Binf_sb1216479	41.0	S	0.0
Gracom_Gcom_scaffold11592_01	Bralan_BLAG07000907_1	41.0	S	0.0
Gracom_Gcom_scaffold11592_01	Gfas_gfas1.m1.5290.m1	41.0	S	0.0
Gracom_Gcom_scaffold11592_01	Aque_Aqu2.1.14014_001	41.0	S	0.0
Gracom_Gcom_scaffold11592_01	Drygla_Dgla_sb296841	41.0	S	0.0
Gracom_Gcom_scaffold11592_01	Mlei_ML0742.g4.i1	41.0	S	0.0
Gracom_Gcom_scaffold11592_01	Drygla_Dgla_sb296840	41.0	S	0.0
Gracom_Gcom_scaffold11592_01	Dgig_XM_028535976.1	41.0	S	0.0
Gracom_Gcom_scaffold11592_01	Acagra_model.g26020.t1	41.0	S	0.0
Gracom_Gcom_scaffold11592_01	Sanmal_Sma_009024-T1	41.0	S	0.0
Gracom_Gcom_scaffold11592_01	Aque_Aqu2.1.03830_001	41.0	S	0.0
Gracom_Gcom_scaffold11592_01	Mertsp_Mesp_sb576788	41.0	S	0.0
Gracom_Gcom_scaffold11592_01	Plespi_Pspi_scaffold19736_01	41.0	S	0.0
Gracom_Gcom_scaffold11592_01	Pocdam_XM_027190439.1	41.0	S	0.0
Gracom_Gcom_scaffold11592_01	Spolac_c96288_g1_i1_m.12866c94764-g1	41.0	S	0.0
Gracom_Gcom_scaffold11592_01	Cscu_XM_023364102.1	41.0	S	0.0
Gracom_Gcom_scaffold11592_01	Acagra_model.g26020.t1.1.5d401061	41.0	S	0.0
Gracom_Gcom_scaffold11592_01	Mertsp_Mesp_sb576786	41.0	S	0.0
Gracom_Gcom_scaffold11592_01	Beraby_Baby_sb326426	41.0	S	0.0
Gracom_Gcom_scaffold11592_01	Exapal_XM_021037075.2	41.0	S	0.0
Gracom_Gcom_scaffold11592_01	Hvul_g12578_1	41.0	S	0.0
Gracom_Gcom_scaffold11592_01	Amil_Amillepora34070-RA	41.0	S	0.0
Gracom_Gcom_scaffold11592_01	Aque_Aqu2.1.04132_001	41.0	S	0.0
Gracom_Gcom_scaffold11592_01	Vmul_sbMO428230	41.0	S	0.0
Gracom_Gcom_scaffold11592_01	Fspp_ffun1.m4.20432.m1	41.0	S	0.0
Gracom_Gcom_scaffold11592_01	Tetwil_g3590.t2	41.0	S	0.0
Gracom_Gcom_scaffold11592_01	Aque_Aqu2.1.28600_001	41.0	S	0.0
Gracom_Gcom_scaffold11592_01	Mertsp_Mesp_sb576785	41.0	S	0.0
Gracom_Gcom_scaffold11592_01	Skow_XM_002739496.1	41.0	S	0.0
Gracom_Gcom_scaffold11592_01	Lampan_Lpan_1881_01	41.0	S	0.0
Gracom_Gcom_scaffold11592_01	Horcal_Hcv1.av93.c7.g243.i1	41.0	S	0.0
Gracom_Gcom_scaffold11592_01	Ctel_gnl_WGS_AMQN_CAPTEDRAFT_mRNA160748	41.0	S	0.0
Gracom_Gcom_scaffold11592_01	Xestes_maker-XT_scaffold16220-snap-gene-0.26-mRNA-1	41.0	S	0.0
Gracom_Gcom_scaffold11592_01	Rhoesc_Res_003036-T1	41.0	S	0.0
Gracom_Gcom_scaffold11592_01	Coemet_Cmet_scaffold21533_01	41.0	S	0.0
Gracom_Gcom_scaffold11592_01	Spis_XP_022790036_1	41.0	S	0.0
Gracom_Gcom_scaffold11592_01	Morvir_scaffold71.g51.t1	41.0	S	0.0
Scil_scict008773.1	Nvec_v1g176382	41.0	S	0.0
Scil_scict008773.1	Mertsp_Mesp_sb576789	41.0	S	0.0
Scil_scict008773.1	Aaur_scaffold173.g1.t1	41.0	S	0.0
Scil_scict008773.1	Tcas_TC003474_001	41.0	S	0.0
Scil_scict008773.1	Drygla_Dgla_sb296842	41.0	S	0.0
Scil_scict008773.1	Spolac_c96288_g1_i2_m.12867c94764-g1	41.0	S	0.0
Scil_scict008773.1	Nemnom_g13465.t1	41.0	S	0.0
Scil_scict008773.1	Mertsp_Mesp_sb576784	41.0	S	0.0
Scil_scict008773.1	Pbac_sb2669541	41.0	S	0.0
Scil_scict008773.1	Aque_Aqu2.1.28599_001	41.0	S	0.0
Scil_scict008773.1	Pbac_sb2669544	41.0	S	0.0
Scil_scict008773.1	Stycar_maker-SC_scaffold4460-snap-gene-0.26-mRNA-1	41.0	S	0.0
Scil_scict008773.1	Nvec_v1g199243	41.0	S	0.0
Scil_scict008773.1	Stycar_augustus_masked-SC_scaffold125987-processed-gene-0.0-mRNA-1	41.0	S	0.0
Scil_scict008773.1	Bolinf_Binf_sb1225476	41.0	S	0.0
Scil_scict008773.1	Plespi_Pspi_scaffold19735_01	41.0	S	0.0
Scil_scict008773.1	Adig_XM_015923890.1	41.0	S	0.0
Scil_scict008773.1	Emue_Em0018g793a.t1	41.0	S	0.0
Scil_scict008773.1	Hsap_ENST00000602795	41.0	S	0.0
Scil_scict008773.1	Chem_TCONS_00027827	41.0	S	0.0
Scil_scict008773.1	Stycar_snap_masked-SC_scaffold48179-processed-gene-0.2-mRNA-1	41.0	S	0.0
Scil_scict008773.1	Bolinf_Binf_sb1216478	41.0	S	0.0
Scil_scict008773.1	Bolinf_Binf_sb1216480	41.0	S	0.0
Scil_scict008773.1	Bolinf_Binf_sb1216481	41.0	S	0.0
Scil_scict008773.1	Stycar_snap_masked-SC_scaffold48179-processed-gene-0.3-mRNA-1	41.0	S	0.0
Scil_scict008773.1	Adig_XM_015919323.1	41.0	S	0.0
Scil_scict008773.1	Pbac_sb2669542	41.0	S	0.0
Scil_scict008773.1	Emue_Em0018g796a.t1	41.0	S	0.0
Scil_scict008773.1	Aque_Aqu2.1.02773_001	41.0	S	0.0
Scil_scict008773.1	Drygla_Dgla_sb296839	41.0	S	0.0
Scil_scict008773.1	Gasp_gasp1.m3.12480.m1	41.0	S	0.0
Scil_scict008773.1	Dpul_mRNA925	41.0	S	0.0
Scil_scict008773.1	Spur_XM_030975295.1	41.0	S	0.0
Scil_scict008773.1	Mertsp_Mesp_sb576787	41.0	S	0.0
Scil_scict008773.1	Cgig_XM_034481919.1	41.0	S	0.0
Scil_scict008773.1	Exapal_XM_021042175.1	41.0	S	0.0
Scil_scict008773.1	Emue_Em0018g794a.t1	41.0	S	0.0
Scil_scict008773.1	Spolac_c94764_g1_i1_m.10520c94764-g1	41.0	S	0.0
Scil_scict008773.1	Pbac_sb2669546	41.0	S	0.0
Scil_scict008773.1	Spur_XM_030977921.1	41.0	S	0.0
Scil_scict008773.1	Bolinf_Binf_sb1216479	41.0	S	0.0
Scil_scict008773.1	Bralan_BLAG07000907_1	41.0	S	0.0
Scil_scict008773.1	Gfas_gfas1.m1.5290.m1	41.0	S	0.0
Scil_scict008773.1	Aque_Aqu2.1.14014_001	41.0	S	0.0
Scil_scict008773.1	Drygla_Dgla_sb296841	41.0	S	0.0
Scil_scict008773.1	Mlei_ML0742.g4.i1	41.0	S	0.0
Scil_scict008773.1	Drygla_Dgla_sb296840	41.0	S	0.0
Scil_scict008773.1	Dgig_XM_028535976.1	41.0	S	0.0
Scil_scict008773.1	Acagra_model.g26020.t1	41.0	S	0.0
Scil_scict008773.1	Sanmal_Sma_009024-T1	41.0	S	0.0
Scil_scict008773.1	Aque_Aqu2.1.03830_001	41.0	S	0.0
Scil_scict008773.1	Mertsp_Mesp_sb576788	41.0	S	0.0
Scil_scict008773.1	Plespi_Pspi_scaffold19736_01	41.0	S	0.0
Scil_scict008773.1	Pocdam_XM_027190439.1	41.0	S	0.0
Scil_scict008773.1	Spolac_c96288_g1_i1_m.12866c94764-g1	41.0	S	0.0
Scil_scict008773.1	Cscu_XM_023364102.1	41.0	S	0.0
Scil_scict008773.1	Acagra_model.g26020.t1.1.5d401061	41.0	S	0.0
Scil_scict008773.1	Mertsp_Mesp_sb576786	41.0	S	0.0
Scil_scict008773.1	Beraby_Baby_sb326426	41.0	S	0.0
Scil_scict008773.1	Exapal_XM_021037075.2	41.0	S	0.0
Scil_scict008773.1	Hvul_g12578_1	41.0	S	0.0
Scil_scict008773.1	Amil_Amillepora34070-RA	41.0	S	0.0
Scil_scict008773.1	Aque_Aqu2.1.04132_001	41.0	S	0.0
Scil_scict008773.1	Vmul_sbMO428230	41.0	S	0.0
Scil_scict008773.1	Fspp_ffun1.m4.20432.m1	41.0	S	0.0
Scil_scict008773.1	Tetwil_g3590.t2	41.0	S	0.0
Scil_scict008773.1	Aque_Aqu2.1.28600_001	41.0	S	0.0
Scil_scict008773.1	Mertsp_Mesp_sb576785	41.0	S	0.0
Scil_scict008773.1	Skow_XM_002739496.1	41.0	S	0.0
Scil_scict008773.1	Lampan_Lpan_1881_01	41.0	S	0.0
Scil_scict008773.1	Horcal_Hcv1.av93.c7.g243.i1	41.0	S	0.0
Scil_scict008773.1	Ctel_gnl_WGS_AMQN_CAPTEDRAFT_mRNA160748	41.0	S	0.0
Scil_scict008773.1	Xestes_maker-XT_scaffold16220-snap-gene-0.26-mRNA-1	41.0	S	0.0
Scil_scict008773.1	Rhoesc_Res_003036-T1	41.0	S	0.0
Scil_scict008773.1	Coemet_Cmet_scaffold21533_01	41.0	S	0.0
Scil_scict008773.1	Spis_XP_022790036_1	41.0	S	0.0
Scil_scict008773.1	Morvir_scaffold71.g51.t1	41.0	S	0.0
Lcom_lcpid51879	Nvec_v1g176382	41.0	S	0.0
Lcom_lcpid51879	Mertsp_Mesp_sb576789	41.0	S	0.0
Lcom_lcpid51879	Aaur_scaffold173.g1.t1	41.0	S	0.0
Lcom_lcpid51879	Tcas_TC003474_001	41.0	S	0.0
Lcom_lcpid51879	Drygla_Dgla_sb296842	41.0	S	0.0
Lcom_lcpid51879	Spolac_c96288_g1_i2_m.12867c94764-g1	41.0	S	0.0
Lcom_lcpid51879	Nemnom_g13465.t1	41.0	S	0.0
Lcom_lcpid51879	Mertsp_Mesp_sb576784	41.0	S	0.0
Lcom_lcpid51879	Pbac_sb2669541	41.0	S	0.0
Lcom_lcpid51879	Aque_Aqu2.1.28599_001	41.0	S	0.0
Lcom_lcpid51879	Pbac_sb2669544	41.0	S	0.0
Lcom_lcpid51879	Stycar_maker-SC_scaffold4460-snap-gene-0.26-mRNA-1	41.0	S	0.0
Lcom_lcpid51879	Nvec_v1g199243	41.0	S	0.0
Lcom_lcpid51879	Stycar_augustus_masked-SC_scaffold125987-processed-gene-0.0-mRNA-1	41.0	S	0.0
Lcom_lcpid51879	Bolinf_Binf_sb1225476	41.0	S	0.0
Lcom_lcpid51879	Plespi_Pspi_scaffold19735_01	41.0	S	0.0
Lcom_lcpid51879	Adig_XM_015923890.1	41.0	S	0.0
Lcom_lcpid51879	Emue_Em0018g793a.t1	41.0	S	0.0
Lcom_lcpid51879	Hsap_ENST00000602795	41.0	S	0.0
Lcom_lcpid51879	Chem_TCONS_00027827	41.0	S	0.0
Lcom_lcpid51879	Stycar_snap_masked-SC_scaffold48179-processed-gene-0.2-mRNA-1	41.0	S	0.0
Lcom_lcpid51879	Bolinf_Binf_sb1216478	41.0	S	0.0
Lcom_lcpid51879	Bolinf_Binf_sb1216480	41.0	S	0.0
Lcom_lcpid51879	Bolinf_Binf_sb1216481	41.0	S	0.0
Lcom_lcpid51879	Stycar_snap_masked-SC_scaffold48179-processed-gene-0.3-mRNA-1	41.0	S	0.0
Lcom_lcpid51879	Adig_XM_015919323.1	41.0	S	0.0
Lcom_lcpid51879	Pbac_sb2669542	41.0	S	0.0
Lcom_lcpid51879	Emue_Em0018g796a.t1	41.0	S	0.0
Lcom_lcpid51879	Aque_Aqu2.1.02773_001	41.0	S	0.0
Lcom_lcpid51879	Drygla_Dgla_sb296839	41.0	S	0.0
Lcom_lcpid51879	Gasp_gasp1.m3.12480.m1	41.0	S	0.0
Lcom_lcpid51879	Dpul_mRNA925	41.0	S	0.0
Lcom_lcpid51879	Spur_XM_030975295.1	41.0	S	0.0
Lcom_lcpid51879	Mertsp_Mesp_sb576787	41.0	S	0.0
Lcom_lcpid51879	Cgig_XM_034481919.1	41.0	S	0.0
Lcom_lcpid51879	Exapal_XM_021042175.1	41.0	S	0.0
Lcom_lcpid51879	Emue_Em0018g794a.t1	41.0	S	0.0
Lcom_lcpid51879	Spolac_c94764_g1_i1_m.10520c94764-g1	41.0	S	0.0
Lcom_lcpid51879	Pbac_sb2669546	41.0	S	0.0
Lcom_lcpid51879	Spur_XM_030977921.1	41.0	S	0.0
Lcom_lcpid51879	Bolinf_Binf_sb1216479	41.0	S	0.0
Lcom_lcpid51879	Bralan_BLAG07000907_1	41.0	S	0.0
Lcom_lcpid51879	Gfas_gfas1.m1.5290.m1	41.0	S	0.0
Lcom_lcpid51879	Aque_Aqu2.1.14014_001	41.0	S	0.0
Lcom_lcpid51879	Drygla_Dgla_sb296841	41.0	S	0.0
Lcom_lcpid51879	Mlei_ML0742.g4.i1	41.0	S	0.0
Lcom_lcpid51879	Drygla_Dgla_sb296840	41.0	S	0.0
Lcom_lcpid51879	Dgig_XM_028535976.1	41.0	S	0.0
Lcom_lcpid51879	Acagra_model.g26020.t1	41.0	S	0.0
Lcom_lcpid51879	Sanmal_Sma_009024-T1	41.0	S	0.0
Lcom_lcpid51879	Aque_Aqu2.1.03830_001	41.0	S	0.0
Lcom_lcpid51879	Mertsp_Mesp_sb576788	41.0	S	0.0
Lcom_lcpid51879	Plespi_Pspi_scaffold19736_01	41.0	S	0.0
Lcom_lcpid51879	Pocdam_XM_027190439.1	41.0	S	0.0
Lcom_lcpid51879	Spolac_c96288_g1_i1_m.12866c94764-g1	41.0	S	0.0
Lcom_lcpid51879	Cscu_XM_023364102.1	41.0	S	0.0
Lcom_lcpid51879	Acagra_model.g26020.t1.1.5d401061	41.0	S	0.0
Lcom_lcpid51879	Mertsp_Mesp_sb576786	41.0	S	0.0
Lcom_lcpid51879	Beraby_Baby_sb326426	41.0	S	0.0
Lcom_lcpid51879	Exapal_XM_021037075.2	41.0	S	0.0
Lcom_lcpid51879	Hvul_g12578_1	41.0	S	0.0
Lcom_lcpid51879	Amil_Amillepora34070-RA	41.0	S	0.0
Lcom_lcpid51879	Aque_Aqu2.1.04132_001	41.0	S	0.0
Lcom_lcpid51879	Vmul_sbMO428230	41.0	S	0.0
Lcom_lcpid51879	Fspp_ffun1.m4.20432.m1	41.0	S	0.0
Lcom_lcpid51879	Tetwil_g3590.t2	41.0	S	0.0
Lcom_lcpid51879	Aque_Aqu2.1.28600_001	41.0	S	0.0
Lcom_lcpid51879	Mertsp_Mesp_sb576785	41.0	S	0.0
Lcom_lcpid51879	Skow_XM_002739496.1	41.0	S	0.0
Lcom_lcpid51879	Lampan_Lpan_1881_01	41.0	S	0.0
Lcom_lcpid51879	Horcal_Hcv1.av93.c7.g243.i1	41.0	S	0.0
Lcom_lcpid51879	Ctel_gnl_WGS_AMQN_CAPTEDRAFT_mRNA160748	41.0	S	0.0
Lcom_lcpid51879	Xestes_maker-XT_scaffold16220-snap-gene-0.26-mRNA-1	41.0	S	0.0
Lcom_lcpid51879	Rhoesc_Res_003036-T1	41.0	S	0.0
Lcom_lcpid51879	Coemet_Cmet_scaffold21533_01	41.0	S	0.0
Lcom_lcpid51879	Spis_XP_022790036_1	41.0	S	0.0
Lcom_lcpid51879	Morvir_scaffold71.g51.t1	41.0	S	0.0
Opea_EP00118_Oscarella_pearsei_P013023	Nvec_v1g176382	41.0	S	0.0
Opea_EP00118_Oscarella_pearsei_P013023	Mertsp_Mesp_sb576789	41.0	S	0.0
Opea_EP00118_Oscarella_pearsei_P013023	Aaur_scaffold173.g1.t1	41.0	S	0.0
Opea_EP00118_Oscarella_pearsei_P013023	Tcas_TC003474_001	41.0	S	0.0
Opea_EP00118_Oscarella_pearsei_P013023	Drygla_Dgla_sb296842	41.0	S	0.0
Opea_EP00118_Oscarella_pearsei_P013023	Spolac_c96288_g1_i2_m.12867c94764-g1	41.0	S	0.0
Opea_EP00118_Oscarella_pearsei_P013023	Nemnom_g13465.t1	41.0	S	0.0
Opea_EP00118_Oscarella_pearsei_P013023	Mertsp_Mesp_sb576784	41.0	S	0.0
Opea_EP00118_Oscarella_pearsei_P013023	Pbac_sb2669541	41.0	S	0.0
Opea_EP00118_Oscarella_pearsei_P013023	Aque_Aqu2.1.28599_001	41.0	S	0.0
Opea_EP00118_Oscarella_pearsei_P013023	Pbac_sb2669544	41.0	S	0.0
Opea_EP00118_Oscarella_pearsei_P013023	Stycar_maker-SC_scaffold4460-snap-gene-0.26-mRNA-1	41.0	S	0.0
Opea_EP00118_Oscarella_pearsei_P013023	Nvec_v1g199243	41.0	S	0.0
Opea_EP00118_Oscarella_pearsei_P013023	Stycar_augustus_masked-SC_scaffold125987-processed-gene-0.0-mRNA-1	41.0	S	0.0
Opea_EP00118_Oscarella_pearsei_P013023	Bolinf_Binf_sb1225476	41.0	S	0.0
Opea_EP00118_Oscarella_pearsei_P013023	Plespi_Pspi_scaffold19735_01	41.0	S	0.0
Opea_EP00118_Oscarella_pearsei_P013023	Adig_XM_015923890.1	41.0	S	0.0
Opea_EP00118_Oscarella_pearsei_P013023	Emue_Em0018g793a.t1	41.0	S	0.0
Opea_EP00118_Oscarella_pearsei_P013023	Hsap_ENST00000602795	41.0	S	0.0
Opea_EP00118_Oscarella_pearsei_P013023	Chem_TCONS_00027827	41.0	S	0.0
Opea_EP00118_Oscarella_pearsei_P013023	Stycar_snap_masked-SC_scaffold48179-processed-gene-0.2-mRNA-1	41.0	S	0.0
Opea_EP00118_Oscarella_pearsei_P013023	Bolinf_Binf_sb1216478	41.0	S	0.0
Opea_EP00118_Oscarella_pearsei_P013023	Bolinf_Binf_sb1216480	41.0	S	0.0
Opea_EP00118_Oscarella_pearsei_P013023	Bolinf_Binf_sb1216481	41.0	S	0.0
Opea_EP00118_Oscarella_pearsei_P013023	Stycar_snap_masked-SC_scaffold48179-processed-gene-0.3-mRNA-1	41.0	S	0.0
Opea_EP00118_Oscarella_pearsei_P013023	Adig_XM_015919323.1	41.0	S	0.0
Opea_EP00118_Oscarella_pearsei_P013023	Pbac_sb2669542	41.0	S	0.0
Opea_EP00118_Oscarella_pearsei_P013023	Emue_Em0018g796a.t1	41.0	S	0.0
Opea_EP00118_Oscarella_pearsei_P013023	Aque_Aqu2.1.02773_001	41.0	S	0.0
Opea_EP00118_Oscarella_pearsei_P013023	Drygla_Dgla_sb296839	41.0	S	0.0
Opea_EP00118_Oscarella_pearsei_P013023	Gasp_gasp1.m3.12480.m1	41.0	S	0.0
Opea_EP00118_Oscarella_pearsei_P013023	Dpul_mRNA925	41.0	S	0.0
Opea_EP00118_Oscarella_pearsei_P013023	Spur_XM_030975295.1	41.0	S	0.0
Opea_EP00118_Oscarella_pearsei_P013023	Mertsp_Mesp_sb576787	41.0	S	0.0
Opea_EP00118_Oscarella_pearsei_P013023	Cgig_XM_034481919.1	41.0	S	0.0
Opea_EP00118_Oscarella_pearsei_P013023	Exapal_XM_021042175.1	41.0	S	0.0
Opea_EP00118_Oscarella_pearsei_P013023	Emue_Em0018g794a.t1	41.0	S	0.0
Opea_EP00118_Oscarella_pearsei_P013023	Spolac_c94764_g1_i1_m.10520c94764-g1	41.0	S	0.0
Opea_EP00118_Oscarella_pearsei_P013023	Pbac_sb2669546	41.0	S	0.0
Opea_EP00118_Oscarella_pearsei_P013023	Spur_XM_030977921.1	41.0	S	0.0
Opea_EP00118_Oscarella_pearsei_P013023	Bolinf_Binf_sb1216479	41.0	S	0.0
Opea_EP00118_Oscarella_pearsei_P013023	Bralan_BLAG07000907_1	41.0	S	0.0
Opea_EP00118_Oscarella_pearsei_P013023	Gfas_gfas1.m1.5290.m1	41.0	S	0.0
Opea_EP00118_Oscarella_pearsei_P013023	Aque_Aqu2.1.14014_001	41.0	S	0.0
Opea_EP00118_Oscarella_pearsei_P013023	Drygla_Dgla_sb296841	41.0	S	0.0
Opea_EP00118_Oscarella_pearsei_P013023	Mlei_ML0742.g4.i1	41.0	S	0.0
Opea_EP00118_Oscarella_pearsei_P013023	Drygla_Dgla_sb296840	41.0	S	0.0
Opea_EP00118_Oscarella_pearsei_P013023	Dgig_XM_028535976.1	41.0	S	0.0
Opea_EP00118_Oscarella_pearsei_P013023	Acagra_model.g26020.t1	41.0	S	0.0
Opea_EP00118_Oscarella_pearsei_P013023	Sanmal_Sma_009024-T1	41.0	S	0.0
Opea_EP00118_Oscarella_pearsei_P013023	Aque_Aqu2.1.03830_001	41.0	S	0.0
Opea_EP00118_Oscarella_pearsei_P013023	Mertsp_Mesp_sb576788	41.0	S	0.0
Opea_EP00118_Oscarella_pearsei_P013023	Plespi_Pspi_scaffold19736_01	41.0	S	0.0
Opea_EP00118_Oscarella_pearsei_P013023	Pocdam_XM_027190439.1	41.0	S	0.0
Opea_EP00118_Oscarella_pearsei_P013023	Spolac_c96288_g1_i1_m.12866c94764-g1	41.0	S	0.0
Opea_EP00118_Oscarella_pearsei_P013023	Cscu_XM_023364102.1	41.0	S	0.0
Opea_EP00118_Oscarella_pearsei_P013023	Acagra_model.g26020.t1.1.5d401061	41.0	S	0.0
Opea_EP00118_Oscarella_pearsei_P013023	Mertsp_Mesp_sb576786	41.0	S	0.0
Opea_EP00118_Oscarella_pearsei_P013023	Beraby_Baby_sb326426	41.0	S	0.0
Opea_EP00118_Oscarella_pearsei_P013023	Exapal_XM_021037075.2	41.0	S	0.0
Opea_EP00118_Oscarella_pearsei_P013023	Hvul_g12578_1	41.0	S	0.0
Opea_EP00118_Oscarella_pearsei_P013023	Amil_Amillepora34070-RA	41.0	S	0.0
Opea_EP00118_Oscarella_pearsei_P013023	Aque_Aqu2.1.04132_001	41.0	S	0.0
Opea_EP00118_Oscarella_pearsei_P013023	Vmul_sbMO428230	41.0	S	0.0
Opea_EP00118_Oscarella_pearsei_P013023	Fspp_ffun1.m4.20432.m1	41.0	S	0.0
Opea_EP00118_Oscarella_pearsei_P013023	Tetwil_g3590.t2	41.0	S	0.0
Opea_EP00118_Oscarella_pearsei_P013023	Aque_Aqu2.1.28600_001	41.0	S	0.0
Opea_EP00118_Oscarella_pearsei_P013023	Mertsp_Mesp_sb576785	41.0	S	0.0
Opea_EP00118_Oscarella_pearsei_P013023	Skow_XM_002739496.1	41.0	S	0.0
Opea_EP00118_Oscarella_pearsei_P013023	Lampan_Lpan_1881_01	41.0	S	0.0
Opea_EP00118_Oscarella_pearsei_P013023	Horcal_Hcv1.av93.c7.g243.i1	41.0	S	0.0
Opea_EP00118_Oscarella_pearsei_P013023	Ctel_gnl_WGS_AMQN_CAPTEDRAFT_mRNA160748	41.0	S	0.0
Opea_EP00118_Oscarella_pearsei_P013023	Xestes_maker-XT_scaffold16220-snap-gene-0.26-mRNA-1	41.0	S	0.0
Opea_EP00118_Oscarella_pearsei_P013023	Rhoesc_Res_003036-T1	41.0	S	0.0
Opea_EP00118_Oscarella_pearsei_P013023	Coemet_Cmet_scaffold21533_01	41.0	S	0.0
Opea_EP00118_Oscarella_pearsei_P013023	Spis_XP_022790036_1	41.0	S	0.0
Opea_EP00118_Oscarella_pearsei_P013023	Morvir_scaffold71.g51.t1	41.0	S	0.0
Leuniv_Lniv_scaffold25658_01	Nvec_v1g176382	41.0	S	0.0
Leuniv_Lniv_scaffold25658_01	Mertsp_Mesp_sb576789	41.0	S	0.0
Leuniv_Lniv_scaffold25658_01	Aaur_scaffold173.g1.t1	41.0	S	0.0
Leuniv_Lniv_scaffold25658_01	Tcas_TC003474_001	41.0	S	0.0
Leuniv_Lniv_scaffold25658_01	Drygla_Dgla_sb296842	41.0	S	0.0
Leuniv_Lniv_scaffold25658_01	Spolac_c96288_g1_i2_m.12867c94764-g1	41.0	S	0.0
Leuniv_Lniv_scaffold25658_01	Nemnom_g13465.t1	41.0	S	0.0
Leuniv_Lniv_scaffold25658_01	Mertsp_Mesp_sb576784	41.0	S	0.0
Leuniv_Lniv_scaffold25658_01	Pbac_sb2669541	41.0	S	0.0
Leuniv_Lniv_scaffold25658_01	Aque_Aqu2.1.28599_001	41.0	S	0.0
Leuniv_Lniv_scaffold25658_01	Pbac_sb2669544	41.0	S	0.0
Leuniv_Lniv_scaffold25658_01	Stycar_maker-SC_scaffold4460-snap-gene-0.26-mRNA-1	41.0	S	0.0
Leuniv_Lniv_scaffold25658_01	Nvec_v1g199243	41.0	S	0.0
Leuniv_Lniv_scaffold25658_01	Stycar_augustus_masked-SC_scaffold125987-processed-gene-0.0-mRNA-1	41.0	S	0.0
Leuniv_Lniv_scaffold25658_01	Bolinf_Binf_sb1225476	41.0	S	0.0
Leuniv_Lniv_scaffold25658_01	Plespi_Pspi_scaffold19735_01	41.0	S	0.0
Leuniv_Lniv_scaffold25658_01	Adig_XM_015923890.1	41.0	S	0.0
Leuniv_Lniv_scaffold25658_01	Emue_Em0018g793a.t1	41.0	S	0.0
Leuniv_Lniv_scaffold25658_01	Hsap_ENST00000602795	41.0	S	0.0
Leuniv_Lniv_scaffold25658_01	Chem_TCONS_00027827	41.0	S	0.0
Leuniv_Lniv_scaffold25658_01	Stycar_snap_masked-SC_scaffold48179-processed-gene-0.2-mRNA-1	41.0	S	0.0
Leuniv_Lniv_scaffold25658_01	Bolinf_Binf_sb1216478	41.0	S	0.0
Leuniv_Lniv_scaffold25658_01	Bolinf_Binf_sb1216480	41.0	S	0.0
Leuniv_Lniv_scaffold25658_01	Bolinf_Binf_sb1216481	41.0	S	0.0
Leuniv_Lniv_scaffold25658_01	Stycar_snap_masked-SC_scaffold48179-processed-gene-0.3-mRNA-1	41.0	S	0.0
Leuniv_Lniv_scaffold25658_01	Adig_XM_015919323.1	41.0	S	0.0
Leuniv_Lniv_scaffold25658_01	Pbac_sb2669542	41.0	S	0.0
Leuniv_Lniv_scaffold25658_01	Emue_Em0018g796a.t1	41.0	S	0.0
Leuniv_Lniv_scaffold25658_01	Aque_Aqu2.1.02773_001	41.0	S	0.0
Leuniv_Lniv_scaffold25658_01	Drygla_Dgla_sb296839	41.0	S	0.0
Leuniv_Lniv_scaffold25658_01	Gasp_gasp1.m3.12480.m1	41.0	S	0.0
Leuniv_Lniv_scaffold25658_01	Dpul_mRNA925	41.0	S	0.0
Leuniv_Lniv_scaffold25658_01	Spur_XM_030975295.1	41.0	S	0.0
Leuniv_Lniv_scaffold25658_01	Mertsp_Mesp_sb576787	41.0	S	0.0
Leuniv_Lniv_scaffold25658_01	Cgig_XM_034481919.1	41.0	S	0.0
Leuniv_Lniv_scaffold25658_01	Exapal_XM_021042175.1	41.0	S	0.0
Leuniv_Lniv_scaffold25658_01	Emue_Em0018g794a.t1	41.0	S	0.0
Leuniv_Lniv_scaffold25658_01	Spolac_c94764_g1_i1_m.10520c94764-g1	41.0	S	0.0
Leuniv_Lniv_scaffold25658_01	Pbac_sb2669546	41.0	S	0.0
Leuniv_Lniv_scaffold25658_01	Spur_XM_030977921.1	41.0	S	0.0
Leuniv_Lniv_scaffold25658_01	Bolinf_Binf_sb1216479	41.0	S	0.0
Leuniv_Lniv_scaffold25658_01	Bralan_BLAG07000907_1	41.0	S	0.0
Leuniv_Lniv_scaffold25658_01	Gfas_gfas1.m1.5290.m1	41.0	S	0.0
Leuniv_Lniv_scaffold25658_01	Aque_Aqu2.1.14014_001	41.0	S	0.0
Leuniv_Lniv_scaffold25658_01	Drygla_Dgla_sb296841	41.0	S	0.0
Leuniv_Lniv_scaffold25658_01	Mlei_ML0742.g4.i1	41.0	S	0.0
Leuniv_Lniv_scaffold25658_01	Drygla_Dgla_sb296840	41.0	S	0.0
Leuniv_Lniv_scaffold25658_01	Dgig_XM_028535976.1	41.0	S	0.0
Leuniv_Lniv_scaffold25658_01	Acagra_model.g26020.t1	41.0	S	0.0
Leuniv_Lniv_scaffold25658_01	Sanmal_Sma_009024-T1	41.0	S	0.0
Leuniv_Lniv_scaffold25658_01	Aque_Aqu2.1.03830_001	41.0	S	0.0
Leuniv_Lniv_scaffold25658_01	Mertsp_Mesp_sb576788	41.0	S	0.0
Leuniv_Lniv_scaffold25658_01	Plespi_Pspi_scaffold19736_01	41.0	S	0.0
Leuniv_Lniv_scaffold25658_01	Pocdam_XM_027190439.1	41.0	S	0.0
Leuniv_Lniv_scaffold25658_01	Spolac_c96288_g1_i1_m.12866c94764-g1	41.0	S	0.0
Leuniv_Lniv_scaffold25658_01	Cscu_XM_023364102.1	41.0	S	0.0
Leuniv_Lniv_scaffold25658_01	Acagra_model.g26020.t1.1.5d401061	41.0	S	0.0
Leuniv_Lniv_scaffold25658_01	Mertsp_Mesp_sb576786	41.0	S	0.0
Leuniv_Lniv_scaffold25658_01	Beraby_Baby_sb326426	41.0	S	0.0
Leuniv_Lniv_scaffold25658_01	Exapal_XM_021037075.2	41.0	S	0.0
Leuniv_Lniv_scaffold25658_01	Hvul_g12578_1	41.0	S	0.0
Leuniv_Lniv_scaffold25658_01	Amil_Amillepora34070-RA	41.0	S	0.0
Leuniv_Lniv_scaffold25658_01	Aque_Aqu2.1.04132_001	41.0	S	0.0
Leuniv_Lniv_scaffold25658_01	Vmul_sbMO428230	41.0	S	0.0
Leuniv_Lniv_scaffold25658_01	Fspp_ffun1.m4.20432.m1	41.0	S	0.0
Leuniv_Lniv_scaffold25658_01	Tetwil_g3590.t2	41.0	S	0.0
Leuniv_Lniv_scaffold25658_01	Aque_Aqu2.1.28600_001	41.0	S	0.0
Leuniv_Lniv_scaffold25658_01	Mertsp_Mesp_sb576785	41.0	S	0.0
Leuniv_Lniv_scaffold25658_01	Skow_XM_002739496.1	41.0	S	0.0
Leuniv_Lniv_scaffold25658_01	Lampan_Lpan_1881_01	41.0	S	0.0
Leuniv_Lniv_scaffold25658_01	Horcal_Hcv1.av93.c7.g243.i1	41.0	S	0.0
Leuniv_Lniv_scaffold25658_01	Ctel_gnl_WGS_AMQN_CAPTEDRAFT_mRNA160748	41.0	S	0.0
Leuniv_Lniv_scaffold25658_01	Xestes_maker-XT_scaffold16220-snap-gene-0.26-mRNA-1	41.0	S	0.0
Leuniv_Lniv_scaffold25658_01	Rhoesc_Res_003036-T1	41.0	S	0.0
Leuniv_Lniv_scaffold25658_01	Coemet_Cmet_scaffold21533_01	41.0	S	0.0
Leuniv_Lniv_scaffold25658_01	Spis_XP_022790036_1	41.0	S	0.0
Leuniv_Lniv_scaffold25658_01	Morvir_scaffold71.g51.t1	41.0	S	0.0
Opea_EP00118_Oscarella_pearsei_P013022	Nvec_v1g176382	41.0	S	0.0
Opea_EP00118_Oscarella_pearsei_P013022	Mertsp_Mesp_sb576789	41.0	S	0.0
Opea_EP00118_Oscarella_pearsei_P013022	Aaur_scaffold173.g1.t1	41.0	S	0.0
Opea_EP00118_Oscarella_pearsei_P013022	Tcas_TC003474_001	41.0	S	0.0
Opea_EP00118_Oscarella_pearsei_P013022	Drygla_Dgla_sb296842	41.0	S	0.0
Opea_EP00118_Oscarella_pearsei_P013022	Spolac_c96288_g1_i2_m.12867c94764-g1	41.0	S	0.0
Opea_EP00118_Oscarella_pearsei_P013022	Nemnom_g13465.t1	41.0	S	0.0
Opea_EP00118_Oscarella_pearsei_P013022	Mertsp_Mesp_sb576784	41.0	S	0.0
Opea_EP00118_Oscarella_pearsei_P013022	Pbac_sb2669541	41.0	S	0.0
Opea_EP00118_Oscarella_pearsei_P013022	Aque_Aqu2.1.28599_001	41.0	S	0.0
Opea_EP00118_Oscarella_pearsei_P013022	Pbac_sb2669544	41.0	S	0.0
Opea_EP00118_Oscarella_pearsei_P013022	Stycar_maker-SC_scaffold4460-snap-gene-0.26-mRNA-1	41.0	S	0.0
Opea_EP00118_Oscarella_pearsei_P013022	Nvec_v1g199243	41.0	S	0.0
Opea_EP00118_Oscarella_pearsei_P013022	Stycar_augustus_masked-SC_scaffold125987-processed-gene-0.0-mRNA-1	41.0	S	0.0
Opea_EP00118_Oscarella_pearsei_P013022	Bolinf_Binf_sb1225476	41.0	S	0.0
Opea_EP00118_Oscarella_pearsei_P013022	Plespi_Pspi_scaffold19735_01	41.0	S	0.0
Opea_EP00118_Oscarella_pearsei_P013022	Adig_XM_015923890.1	41.0	S	0.0
Opea_EP00118_Oscarella_pearsei_P013022	Emue_Em0018g793a.t1	41.0	S	0.0
Opea_EP00118_Oscarella_pearsei_P013022	Hsap_ENST00000602795	41.0	S	0.0
Opea_EP00118_Oscarella_pearsei_P013022	Chem_TCONS_00027827	41.0	S	0.0
Opea_EP00118_Oscarella_pearsei_P013022	Stycar_snap_masked-SC_scaffold48179-processed-gene-0.2-mRNA-1	41.0	S	0.0
Opea_EP00118_Oscarella_pearsei_P013022	Bolinf_Binf_sb1216478	41.0	S	0.0
Opea_EP00118_Oscarella_pearsei_P013022	Bolinf_Binf_sb1216480	41.0	S	0.0
Opea_EP00118_Oscarella_pearsei_P013022	Bolinf_Binf_sb1216481	41.0	S	0.0
Opea_EP00118_Oscarella_pearsei_P013022	Stycar_snap_masked-SC_scaffold48179-processed-gene-0.3-mRNA-1	41.0	S	0.0
Opea_EP00118_Oscarella_pearsei_P013022	Adig_XM_015919323.1	41.0	S	0.0
Opea_EP00118_Oscarella_pearsei_P013022	Pbac_sb2669542	41.0	S	0.0
Opea_EP00118_Oscarella_pearsei_P013022	Emue_Em0018g796a.t1	41.0	S	0.0
Opea_EP00118_Oscarella_pearsei_P013022	Aque_Aqu2.1.02773_001	41.0	S	0.0
Opea_EP00118_Oscarella_pearsei_P013022	Drygla_Dgla_sb296839	41.0	S	0.0
Opea_EP00118_Oscarella_pearsei_P013022	Gasp_gasp1.m3.12480.m1	41.0	S	0.0
Opea_EP00118_Oscarella_pearsei_P013022	Dpul_mRNA925	41.0	S	0.0
Opea_EP00118_Oscarella_pearsei_P013022	Spur_XM_030975295.1	41.0	S	0.0
Opea_EP00118_Oscarella_pearsei_P013022	Mertsp_Mesp_sb576787	41.0	S	0.0
Opea_EP00118_Oscarella_pearsei_P013022	Cgig_XM_034481919.1	41.0	S	0.0
Opea_EP00118_Oscarella_pearsei_P013022	Exapal_XM_021042175.1	41.0	S	0.0
Opea_EP00118_Oscarella_pearsei_P013022	Emue_Em0018g794a.t1	41.0	S	0.0
Opea_EP00118_Oscarella_pearsei_P013022	Spolac_c94764_g1_i1_m.10520c94764-g1	41.0	S	0.0
Opea_EP00118_Oscarella_pearsei_P013022	Pbac_sb2669546	41.0	S	0.0
Opea_EP00118_Oscarella_pearsei_P013022	Spur_XM_030977921.1	41.0	S	0.0
Opea_EP00118_Oscarella_pearsei_P013022	Bolinf_Binf_sb1216479	41.0	S	0.0
Opea_EP00118_Oscarella_pearsei_P013022	Bralan_BLAG07000907_1	41.0	S	0.0
Opea_EP00118_Oscarella_pearsei_P013022	Gfas_gfas1.m1.5290.m1	41.0	S	0.0
Opea_EP00118_Oscarella_pearsei_P013022	Aque_Aqu2.1.14014_001	41.0	S	0.0
Opea_EP00118_Oscarella_pearsei_P013022	Drygla_Dgla_sb296841	41.0	S	0.0
Opea_EP00118_Oscarella_pearsei_P013022	Mlei_ML0742.g4.i1	41.0	S	0.0
Opea_EP00118_Oscarella_pearsei_P013022	Drygla_Dgla_sb296840	41.0	S	0.0
Opea_EP00118_Oscarella_pearsei_P013022	Dgig_XM_028535976.1	41.0	S	0.0
Opea_EP00118_Oscarella_pearsei_P013022	Acagra_model.g26020.t1	41.0	S	0.0
Opea_EP00118_Oscarella_pearsei_P013022	Sanmal_Sma_009024-T1	41.0	S	0.0
Opea_EP00118_Oscarella_pearsei_P013022	Aque_Aqu2.1.03830_001	41.0	S	0.0
Opea_EP00118_Oscarella_pearsei_P013022	Mertsp_Mesp_sb576788	41.0	S	0.0
Opea_EP00118_Oscarella_pearsei_P013022	Plespi_Pspi_scaffold19736_01	41.0	S	0.0
Opea_EP00118_Oscarella_pearsei_P013022	Pocdam_XM_027190439.1	41.0	S	0.0
Opea_EP00118_Oscarella_pearsei_P013022	Spolac_c96288_g1_i1_m.12866c94764-g1	41.0	S	0.0
Opea_EP00118_Oscarella_pearsei_P013022	Cscu_XM_023364102.1	41.0	S	0.0
Opea_EP00118_Oscarella_pearsei_P013022	Acagra_model.g26020.t1.1.5d401061	41.0	S	0.0
Opea_EP00118_Oscarella_pearsei_P013022	Mertsp_Mesp_sb576786	41.0	S	0.0
Opea_EP00118_Oscarella_pearsei_P013022	Beraby_Baby_sb326426	41.0	S	0.0
Opea_EP00118_Oscarella_pearsei_P013022	Exapal_XM_021037075.2	41.0	S	0.0
Opea_EP00118_Oscarella_pearsei_P013022	Hvul_g12578_1	41.0	S	0.0
Opea_EP00118_Oscarella_pearsei_P013022	Amil_Amillepora34070-RA	41.0	S	0.0
Opea_EP00118_Oscarella_pearsei_P013022	Aque_Aqu2.1.04132_001	41.0	S	0.0
Opea_EP00118_Oscarella_pearsei_P013022	Vmul_sbMO428230	41.0	S	0.0
Opea_EP00118_Oscarella_pearsei_P013022	Fspp_ffun1.m4.20432.m1	41.0	S	0.0
Opea_EP00118_Oscarella_pearsei_P013022	Tetwil_g3590.t2	41.0	S	0.0
Opea_EP00118_Oscarella_pearsei_P013022	Aque_Aqu2.1.28600_001	41.0	S	0.0
Opea_EP00118_Oscarella_pearsei_P013022	Mertsp_Mesp_sb576785	41.0	S	0.0
Opea_EP00118_Oscarella_pearsei_P013022	Skow_XM_002739496.1	41.0	S	0.0
Opea_EP00118_Oscarella_pearsei_P013022	Lampan_Lpan_1881_01	41.0	S	0.0
Opea_EP00118_Oscarella_pearsei_P013022	Horcal_Hcv1.av93.c7.g243.i1	41.0	S	0.0
Opea_EP00118_Oscarella_pearsei_P013022	Ctel_gnl_WGS_AMQN_CAPTEDRAFT_mRNA160748	41.0	S	0.0
Opea_EP00118_Oscarella_pearsei_P013022	Xestes_maker-XT_scaffold16220-snap-gene-0.26-mRNA-1	41.0	S	0.0
Opea_EP00118_Oscarella_pearsei_P013022	Rhoesc_Res_003036-T1	41.0	S	0.0
Opea_EP00118_Oscarella_pearsei_P013022	Coemet_Cmet_scaffold21533_01	41.0	S	0.0
Opea_EP00118_Oscarella_pearsei_P013022	Spis_XP_022790036_1	41.0	S	0.0
Opea_EP00118_Oscarella_pearsei_P013022	Morvir_scaffold71.g51.t1	41.0	S	0.0
Clacor_Ccor_scaffold6935_01	Nvec_v1g176382	41.0	S	0.0
Clacor_Ccor_scaffold6935_01	Mertsp_Mesp_sb576789	41.0	S	0.0
Clacor_Ccor_scaffold6935_01	Aaur_scaffold173.g1.t1	41.0	S	0.0
Clacor_Ccor_scaffold6935_01	Tcas_TC003474_001	41.0	S	0.0
Clacor_Ccor_scaffold6935_01	Drygla_Dgla_sb296842	41.0	S	0.0
Clacor_Ccor_scaffold6935_01	Spolac_c96288_g1_i2_m.12867c94764-g1	41.0	S	0.0
Clacor_Ccor_scaffold6935_01	Nemnom_g13465.t1	41.0	S	0.0
Clacor_Ccor_scaffold6935_01	Mertsp_Mesp_sb576784	41.0	S	0.0
Clacor_Ccor_scaffold6935_01	Pbac_sb2669541	41.0	S	0.0
Clacor_Ccor_scaffold6935_01	Aque_Aqu2.1.28599_001	41.0	S	0.0
Clacor_Ccor_scaffold6935_01	Pbac_sb2669544	41.0	S	0.0
Clacor_Ccor_scaffold6935_01	Stycar_maker-SC_scaffold4460-snap-gene-0.26-mRNA-1	41.0	S	0.0
Clacor_Ccor_scaffold6935_01	Nvec_v1g199243	41.0	S	0.0
Clacor_Ccor_scaffold6935_01	Stycar_augustus_masked-SC_scaffold125987-processed-gene-0.0-mRNA-1	41.0	S	0.0
Clacor_Ccor_scaffold6935_01	Bolinf_Binf_sb1225476	41.0	S	0.0
Clacor_Ccor_scaffold6935_01	Plespi_Pspi_scaffold19735_01	41.0	S	0.0
Clacor_Ccor_scaffold6935_01	Adig_XM_015923890.1	41.0	S	0.0
Clacor_Ccor_scaffold6935_01	Emue_Em0018g793a.t1	41.0	S	0.0
Clacor_Ccor_scaffold6935_01	Hsap_ENST00000602795	41.0	S	0.0
Clacor_Ccor_scaffold6935_01	Chem_TCONS_00027827	41.0	S	0.0
Clacor_Ccor_scaffold6935_01	Stycar_snap_masked-SC_scaffold48179-processed-gene-0.2-mRNA-1	41.0	S	0.0
Clacor_Ccor_scaffold6935_01	Bolinf_Binf_sb1216478	41.0	S	0.0
Clacor_Ccor_scaffold6935_01	Bolinf_Binf_sb1216480	41.0	S	0.0
Clacor_Ccor_scaffold6935_01	Bolinf_Binf_sb1216481	41.0	S	0.0
Clacor_Ccor_scaffold6935_01	Stycar_snap_masked-SC_scaffold48179-processed-gene-0.3-mRNA-1	41.0	S	0.0
Clacor_Ccor_scaffold6935_01	Adig_XM_015919323.1	41.0	S	0.0
Clacor_Ccor_scaffold6935_01	Pbac_sb2669542	41.0	S	0.0
Clacor_Ccor_scaffold6935_01	Emue_Em0018g796a.t1	41.0	S	0.0
Clacor_Ccor_scaffold6935_01	Aque_Aqu2.1.02773_001	41.0	S	0.0
Clacor_Ccor_scaffold6935_01	Drygla_Dgla_sb296839	41.0	S	0.0
Clacor_Ccor_scaffold6935_01	Gasp_gasp1.m3.12480.m1	41.0	S	0.0
Clacor_Ccor_scaffold6935_01	Dpul_mRNA925	41.0	S	0.0
Clacor_Ccor_scaffold6935_01	Spur_XM_030975295.1	41.0	S	0.0
Clacor_Ccor_scaffold6935_01	Mertsp_Mesp_sb576787	41.0	S	0.0
Clacor_Ccor_scaffold6935_01	Cgig_XM_034481919.1	41.0	S	0.0
Clacor_Ccor_scaffold6935_01	Exapal_XM_021042175.1	41.0	S	0.0
Clacor_Ccor_scaffold6935_01	Emue_Em0018g794a.t1	41.0	S	0.0
Clacor_Ccor_scaffold6935_01	Spolac_c94764_g1_i1_m.10520c94764-g1	41.0	S	0.0
Clacor_Ccor_scaffold6935_01	Pbac_sb2669546	41.0	S	0.0
Clacor_Ccor_scaffold6935_01	Spur_XM_030977921.1	41.0	S	0.0
Clacor_Ccor_scaffold6935_01	Bolinf_Binf_sb1216479	41.0	S	0.0
Clacor_Ccor_scaffold6935_01	Bralan_BLAG07000907_1	41.0	S	0.0
Clacor_Ccor_scaffold6935_01	Gfas_gfas1.m1.5290.m1	41.0	S	0.0
Clacor_Ccor_scaffold6935_01	Aque_Aqu2.1.14014_001	41.0	S	0.0
Clacor_Ccor_scaffold6935_01	Drygla_Dgla_sb296841	41.0	S	0.0
Clacor_Ccor_scaffold6935_01	Mlei_ML0742.g4.i1	41.0	S	0.0
Clacor_Ccor_scaffold6935_01	Drygla_Dgla_sb296840	41.0	S	0.0
Clacor_Ccor_scaffold6935_01	Dgig_XM_028535976.1	41.0	S	0.0
Clacor_Ccor_scaffold6935_01	Acagra_model.g26020.t1	41.0	S	0.0
Clacor_Ccor_scaffold6935_01	Sanmal_Sma_009024-T1	41.0	S	0.0
Clacor_Ccor_scaffold6935_01	Aque_Aqu2.1.03830_001	41.0	S	0.0
Clacor_Ccor_scaffold6935_01	Mertsp_Mesp_sb576788	41.0	S	0.0
Clacor_Ccor_scaffold6935_01	Plespi_Pspi_scaffold19736_01	41.0	S	0.0
Clacor_Ccor_scaffold6935_01	Pocdam_XM_027190439.1	41.0	S	0.0
Clacor_Ccor_scaffold6935_01	Spolac_c96288_g1_i1_m.12866c94764-g1	41.0	S	0.0
Clacor_Ccor_scaffold6935_01	Cscu_XM_023364102.1	41.0	S	0.0
Clacor_Ccor_scaffold6935_01	Acagra_model.g26020.t1.1.5d401061	41.0	S	0.0
Clacor_Ccor_scaffold6935_01	Mertsp_Mesp_sb576786	41.0	S	0.0
Clacor_Ccor_scaffold6935_01	Beraby_Baby_sb326426	41.0	S	0.0
Clacor_Ccor_scaffold6935_01	Exapal_XM_021037075.2	41.0	S	0.0
Clacor_Ccor_scaffold6935_01	Hvul_g12578_1	41.0	S	0.0
Clacor_Ccor_scaffold6935_01	Amil_Amillepora34070-RA	41.0	S	0.0
Clacor_Ccor_scaffold6935_01	Aque_Aqu2.1.04132_001	41.0	S	0.0
Clacor_Ccor_scaffold6935_01	Vmul_sbMO428230	41.0	S	0.0
Clacor_Ccor_scaffold6935_01	Fspp_ffun1.m4.20432.m1	41.0	S	0.0
Clacor_Ccor_scaffold6935_01	Tetwil_g3590.t2	41.0	S	0.0
Clacor_Ccor_scaffold6935_01	Aque_Aqu2.1.28600_001	41.0	S	0.0
Clacor_Ccor_scaffold6935_01	Mertsp_Mesp_sb576785	41.0	S	0.0
Clacor_Ccor_scaffold6935_01	Skow_XM_002739496.1	41.0	S	0.0
Clacor_Ccor_scaffold6935_01	Lampan_Lpan_1881_01	41.0	S	0.0
Clacor_Ccor_scaffold6935_01	Horcal_Hcv1.av93.c7.g243.i1	41.0	S	0.0
Clacor_Ccor_scaffold6935_01	Ctel_gnl_WGS_AMQN_CAPTEDRAFT_mRNA160748	41.0	S	0.0
Clacor_Ccor_scaffold6935_01	Xestes_maker-XT_scaffold16220-snap-gene-0.26-mRNA-1	41.0	S	0.0
Clacor_Ccor_scaffold6935_01	Rhoesc_Res_003036-T1	41.0	S	0.0
Clacor_Ccor_scaffold6935_01	Coemet_Cmet_scaffold21533_01	41.0	S	0.0
Clacor_Ccor_scaffold6935_01	Spis_XP_022790036_1	41.0	S	0.0
Clacor_Ccor_scaffold6935_01	Morvir_scaffold71.g51.t1	41.0	S	0.0
Salurc_EP00051_Salpingoeca_urceolata_P009442	Salpun_EP00053_Salpingoeca_punica_P008096	66.0	S	0.0
Salurc_EP00051_Salpingoeca_urceolata_P009442	Salmac_EP00052_Salpingoeca_macrocollata_P006544	66.0	S	0.0
Salurc_EP00051_Salpingoeca_urceolata_P009442	Mylflu_EP00047_Mylnosiga_fluctuans_P007586	66.0	S	0.0
Salkve_EP00050_Salpingoeca_kvevrii_P021971	Didcos_EP00039_Didymoeca_costata_P013001	44.0	S	0.0
Salkve_EP00050_Salpingoeca_kvevrii_P021971	Sros_EGD75386	44.0	S	0.0
Salkve_EP00050_Salpingoeca_kvevrii_P021971	Salinf_EP00049_Salpingoeca_infusionum_P008307	44.0	S	0.0
Salkve_EP00050_Salpingoeca_kvevrii_P021971	Chofle_EP00730_Choanoeca_flexa_P000627	44.0	S	0.0
Salkve_EP00050_Salpingoeca_kvevrii_P021971	Salinf_EP00049_Salpingoeca_infusionum_P008305	44.0	S	0.0
Salkve_EP00050_Salpingoeca_kvevrii_P021971	Diagra_EP00040_Diaphanoeca_grandis_P031070	44.0	S	0.0
Salkve_EP00050_Salpingoeca_kvevrii_P021971	Microa_EP00043_Microstomoeca_roanoka_P005253	44.0	S	0.0
Salkve_EP00050_Salpingoeca_kvevrii_P021971	Stedip_EP00041_Stephanoeca_diplocostata_P029207	44.0	S	0.0
Salkve_EP00050_Salpingoeca_kvevrii_P021971	Choper_EP00045_Choanoeca_perplexa_P012992	44.0	S	0.0
Salkve_EP00050_Salpingoeca_kvevrii_P021971	Acaspe_EP00035_Acanthoeca_spectabilis_P022877	44.0	S	0.0
Salkve_EP00050_Salpingoeca_kvevrii_P021971	Helnan_EP00037_Helgoeca_nana_P004136	44.0	S	0.0
TrH2_TrispH2_003803-RA	Tadh_TriadT55545	100.0	S	0.0
HoiH11_mRNA2364	HoiH23_PlH23_001706-RA	99.0	S	0.0
HoiH11_mRNA2364	HoiH06_mRNA6953	99.0	S	0.0
HoiH11_mRNA2364	HoiH04_mRNA458	99.0	S	0.0
HoiH11_mRNA2364	Hhon_g09877.t1	99.0	S	0.0
Opea_EP00118_Oscarella_pearsei_P013022	Gracom_Gcom_scaffold11592_01	40.0	S	0.0
Opea_EP00118_Oscarella_pearsei_P013022	Scil_scict008773.1	40.0	S	0.0
Opea_EP00118_Oscarella_pearsei_P013022	Lcom_lcpid51879	40.0	S	0.0
Opea_EP00118_Oscarella_pearsei_P013022	Leuniv_Lniv_scaffold25658_01	40.0	S	0.0
Opea_EP00118_Oscarella_pearsei_P013022	Clacor_Ccor_scaffold6935_01	40.0	S	0.0
Opea_EP00118_Oscarella_pearsei_P013023	Gracom_Gcom_scaffold11592_01	40.0	S	0.0
Opea_EP00118_Oscarella_pearsei_P013023	Scil_scict008773.1	40.0	S	0.0
Opea_EP00118_Oscarella_pearsei_P013023	Lcom_lcpid51879	40.0	S	0.0
Opea_EP00118_Oscarella_pearsei_P013023	Leuniv_Lniv_scaffold25658_01	40.0	S	0.0
Opea_EP00118_Oscarella_pearsei_P013023	Clacor_Ccor_scaffold6935_01	40.0	S	0.0
Nvec_v1g176382	Pbac_sb2669546	43.0	S	0.0
Nvec_v1g176382	Bolinf_Binf_sb1216478	43.0	S	0.0
Nvec_v1g176382	Stycar_snap_masked-SC_scaffold48179-processed-gene-0.2-mRNA-1	43.0	S	0.0
Nvec_v1g176382	Spolac_c96288_g1_i1_m.12866c94764-g1	43.0	S	0.0
Nvec_v1g176382	Bolinf_Binf_sb1216480	43.0	S	0.0
Nvec_v1g176382	Bolinf_Binf_sb1216481	43.0	S	0.0
Nvec_v1g176382	Stycar_snap_masked-SC_scaffold48179-processed-gene-0.3-mRNA-1	43.0	S	0.0
Nvec_v1g176382	Bolinf_Binf_sb1216479	43.0	S	0.0
Nvec_v1g176382	Mertsp_Mesp_sb576789	43.0	S	0.0
Nvec_v1g176382	Pbac_sb2669542	43.0	S	0.0
Nvec_v1g176382	Mertsp_Mesp_sb576786	43.0	S	0.0
Nvec_v1g176382	Beraby_Baby_sb326426	43.0	S	0.0
Nvec_v1g176382	Drygla_Dgla_sb296842	43.0	S	0.0
Nvec_v1g176382	Emue_Em0018g796a.t1	43.0	S	0.0
Nvec_v1g176382	Aque_Aqu2.1.02773_001	43.0	S	0.0
Nvec_v1g176382	Drygla_Dgla_sb296839	43.0	S	0.0
Nvec_v1g176382	Aque_Aqu2.1.14014_001	43.0	S	0.0
Nvec_v1g176382	Aque_Aqu2.1.04132_001	43.0	S	0.0
Nvec_v1g176382	Spolac_c96288_g1_i2_m.12867c94764-g1	43.0	S	0.0
Nvec_v1g176382	Vmul_sbMO428230	43.0	S	0.0
Nvec_v1g176382	Drygla_Dgla_sb296841	43.0	S	0.0
Nvec_v1g176382	Mlei_ML0742.g4.i1	43.0	S	0.0
Nvec_v1g176382	Drygla_Dgla_sb296840	43.0	S	0.0
Nvec_v1g176382	Mertsp_Mesp_sb576784	43.0	S	0.0
Nvec_v1g176382	Pbac_sb2669541	43.0	S	0.0
Nvec_v1g176382	Tetwil_g3590.t2	43.0	S	0.0
Nvec_v1g176382	Aque_Aqu2.1.28600_001	43.0	S	0.0
Nvec_v1g176382	Mertsp_Mesp_sb576785	43.0	S	0.0
Nvec_v1g176382	Aque_Aqu2.1.28599_001	43.0	S	0.0
Nvec_v1g176382	Pbac_sb2669544	43.0	S	0.0
Nvec_v1g176382	Stycar_maker-SC_scaffold4460-snap-gene-0.26-mRNA-1	43.0	S	0.0
Nvec_v1g176382	Mertsp_Mesp_sb576787	43.0	S	0.0
Nvec_v1g176382	Lampan_Lpan_1881_01	43.0	S	0.0
Nvec_v1g176382	Horcal_Hcv1.av93.c7.g243.i1	43.0	S	0.0
Nvec_v1g176382	Xestes_maker-XT_scaffold16220-snap-gene-0.26-mRNA-1	43.0	S	0.0
Nvec_v1g176382	Stycar_augustus_masked-SC_scaffold125987-processed-gene-0.0-mRNA-1	43.0	S	0.0
Nvec_v1g176382	Emue_Em0018g793a.t1	43.0	S	0.0
Nvec_v1g176382	Plespi_Pspi_scaffold19735_01	43.0	S	0.0
Nvec_v1g176382	Aque_Aqu2.1.03830_001	43.0	S	0.0
Nvec_v1g176382	Bolinf_Binf_sb1225476	43.0	S	0.0
Nvec_v1g176382	Coemet_Cmet_scaffold21533_01	43.0	S	0.0
Nvec_v1g176382	Emue_Em0018g794a.t1	43.0	S	0.0
Nvec_v1g176382	Mertsp_Mesp_sb576788	43.0	S	0.0
Nvec_v1g176382	Plespi_Pspi_scaffold19736_01	43.0	S	0.0
Nvec_v1g176382	Spolac_c94764_g1_i1_m.10520c94764-g1	43.0	S	0.0
Cscu_XM_023364102.1	Pbac_sb2669546	43.0	S	0.0
Cscu_XM_023364102.1	Bolinf_Binf_sb1216478	43.0	S	0.0
Cscu_XM_023364102.1	Stycar_snap_masked-SC_scaffold48179-processed-gene-0.2-mRNA-1	43.0	S	0.0
Cscu_XM_023364102.1	Spolac_c96288_g1_i1_m.12866c94764-g1	43.0	S	0.0
Cscu_XM_023364102.1	Bolinf_Binf_sb1216480	43.0	S	0.0
Cscu_XM_023364102.1	Bolinf_Binf_sb1216481	43.0	S	0.0
Cscu_XM_023364102.1	Stycar_snap_masked-SC_scaffold48179-processed-gene-0.3-mRNA-1	43.0	S	0.0
Cscu_XM_023364102.1	Bolinf_Binf_sb1216479	43.0	S	0.0
Cscu_XM_023364102.1	Mertsp_Mesp_sb576789	43.0	S	0.0
Cscu_XM_023364102.1	Pbac_sb2669542	43.0	S	0.0
Cscu_XM_023364102.1	Mertsp_Mesp_sb576786	43.0	S	0.0
Cscu_XM_023364102.1	Beraby_Baby_sb326426	43.0	S	0.0
Cscu_XM_023364102.1	Drygla_Dgla_sb296842	43.0	S	0.0
Cscu_XM_023364102.1	Emue_Em0018g796a.t1	43.0	S	0.0
Cscu_XM_023364102.1	Aque_Aqu2.1.02773_001	43.0	S	0.0
Cscu_XM_023364102.1	Drygla_Dgla_sb296839	43.0	S	0.0
Cscu_XM_023364102.1	Aque_Aqu2.1.14014_001	43.0	S	0.0
Cscu_XM_023364102.1	Aque_Aqu2.1.04132_001	43.0	S	0.0
Cscu_XM_023364102.1	Spolac_c96288_g1_i2_m.12867c94764-g1	43.0	S	0.0
Cscu_XM_023364102.1	Vmul_sbMO428230	43.0	S	0.0
Cscu_XM_023364102.1	Drygla_Dgla_sb296841	43.0	S	0.0
Cscu_XM_023364102.1	Mlei_ML0742.g4.i1	43.0	S	0.0
Cscu_XM_023364102.1	Drygla_Dgla_sb296840	43.0	S	0.0
Cscu_XM_023364102.1	Mertsp_Mesp_sb576784	43.0	S	0.0
Cscu_XM_023364102.1	Pbac_sb2669541	43.0	S	0.0
Cscu_XM_023364102.1	Tetwil_g3590.t2	43.0	S	0.0
Cscu_XM_023364102.1	Aque_Aqu2.1.28600_001	43.0	S	0.0
Cscu_XM_023364102.1	Mertsp_Mesp_sb576785	43.0	S	0.0
Cscu_XM_023364102.1	Aque_Aqu2.1.28599_001	43.0	S	0.0
Cscu_XM_023364102.1	Pbac_sb2669544	43.0	S	0.0
Cscu_XM_023364102.1	Stycar_maker-SC_scaffold4460-snap-gene-0.26-mRNA-1	43.0	S	0.0
Cscu_XM_023364102.1	Mertsp_Mesp_sb576787	43.0	S	0.0
Cscu_XM_023364102.1	Lampan_Lpan_1881_01	43.0	S	0.0
Cscu_XM_023364102.1	Horcal_Hcv1.av93.c7.g243.i1	43.0	S	0.0
Cscu_XM_023364102.1	Xestes_maker-XT_scaffold16220-snap-gene-0.26-mRNA-1	43.0	S	0.0
Cscu_XM_023364102.1	Stycar_augustus_masked-SC_scaffold125987-processed-gene-0.0-mRNA-1	43.0	S	0.0
Cscu_XM_023364102.1	Emue_Em0018g793a.t1	43.0	S	0.0
Cscu_XM_023364102.1	Plespi_Pspi_scaffold19735_01	43.0	S	0.0
Cscu_XM_023364102.1	Aque_Aqu2.1.03830_001	43.0	S	0.0
Cscu_XM_023364102.1	Bolinf_Binf_sb1225476	43.0	S	0.0
Cscu_XM_023364102.1	Coemet_Cmet_scaffold21533_01	43.0	S	0.0
Cscu_XM_023364102.1	Emue_Em0018g794a.t1	43.0	S	0.0
Cscu_XM_023364102.1	Mertsp_Mesp_sb576788	43.0	S	0.0
Cscu_XM_023364102.1	Plespi_Pspi_scaffold19736_01	43.0	S	0.0
Cscu_XM_023364102.1	Spolac_c94764_g1_i1_m.10520c94764-g1	43.0	S	0.0
Adig_XM_015919323.1	Pbac_sb2669546	43.0	S	0.0
Adig_XM_015919323.1	Bolinf_Binf_sb1216478	43.0	S	0.0
Adig_XM_015919323.1	Stycar_snap_masked-SC_scaffold48179-processed-gene-0.2-mRNA-1	43.0	S	0.0
Adig_XM_015919323.1	Spolac_c96288_g1_i1_m.12866c94764-g1	43.0	S	0.0
Adig_XM_015919323.1	Bolinf_Binf_sb1216480	43.0	S	0.0
Adig_XM_015919323.1	Bolinf_Binf_sb1216481	43.0	S	0.0
Adig_XM_015919323.1	Stycar_snap_masked-SC_scaffold48179-processed-gene-0.3-mRNA-1	43.0	S	0.0
Adig_XM_015919323.1	Bolinf_Binf_sb1216479	43.0	S	0.0
Adig_XM_015919323.1	Mertsp_Mesp_sb576789	43.0	S	0.0
Adig_XM_015919323.1	Pbac_sb2669542	43.0	S	0.0
Adig_XM_015919323.1	Mertsp_Mesp_sb576786	43.0	S	0.0
Adig_XM_015919323.1	Beraby_Baby_sb326426	43.0	S	0.0
Adig_XM_015919323.1	Drygla_Dgla_sb296842	43.0	S	0.0
Adig_XM_015919323.1	Emue_Em0018g796a.t1	43.0	S	0.0
Adig_XM_015919323.1	Aque_Aqu2.1.02773_001	43.0	S	0.0
Adig_XM_015919323.1	Drygla_Dgla_sb296839	43.0	S	0.0
Adig_XM_015919323.1	Aque_Aqu2.1.14014_001	43.0	S	0.0
Adig_XM_015919323.1	Aque_Aqu2.1.04132_001	43.0	S	0.0
Adig_XM_015919323.1	Spolac_c96288_g1_i2_m.12867c94764-g1	43.0	S	0.0
Adig_XM_015919323.1	Vmul_sbMO428230	43.0	S	0.0
Adig_XM_015919323.1	Drygla_Dgla_sb296841	43.0	S	0.0
Adig_XM_015919323.1	Mlei_ML0742.g4.i1	43.0	S	0.0
Adig_XM_015919323.1	Drygla_Dgla_sb296840	43.0	S	0.0
Adig_XM_015919323.1	Mertsp_Mesp_sb576784	43.0	S	0.0
Adig_XM_015919323.1	Pbac_sb2669541	43.0	S	0.0
Adig_XM_015919323.1	Tetwil_g3590.t2	43.0	S	0.0
Adig_XM_015919323.1	Aque_Aqu2.1.28600_001	43.0	S	0.0
Adig_XM_015919323.1	Mertsp_Mesp_sb576785	43.0	S	0.0
Adig_XM_015919323.1	Aque_Aqu2.1.28599_001	43.0	S	0.0
Adig_XM_015919323.1	Pbac_sb2669544	43.0	S	0.0
Adig_XM_015919323.1	Stycar_maker-SC_scaffold4460-snap-gene-0.26-mRNA-1	43.0	S	0.0
Adig_XM_015919323.1	Mertsp_Mesp_sb576787	43.0	S	0.0
Adig_XM_015919323.1	Lampan_Lpan_1881_01	43.0	S	0.0
Adig_XM_015919323.1	Horcal_Hcv1.av93.c7.g243.i1	43.0	S	0.0
Adig_XM_015919323.1	Xestes_maker-XT_scaffold16220-snap-gene-0.26-mRNA-1	43.0	S	0.0
Adig_XM_015919323.1	Stycar_augustus_masked-SC_scaffold125987-processed-gene-0.0-mRNA-1	43.0	S	0.0
Adig_XM_015919323.1	Emue_Em0018g793a.t1	43.0	S	0.0
Adig_XM_015919323.1	Plespi_Pspi_scaffold19735_01	43.0	S	0.0
Adig_XM_015919323.1	Aque_Aqu2.1.03830_001	43.0	S	0.0
Adig_XM_015919323.1	Bolinf_Binf_sb1225476	43.0	S	0.0
Adig_XM_015919323.1	Coemet_Cmet_scaffold21533_01	43.0	S	0.0
Adig_XM_015919323.1	Emue_Em0018g794a.t1	43.0	S	0.0
Adig_XM_015919323.1	Mertsp_Mesp_sb576788	43.0	S	0.0
Adig_XM_015919323.1	Plespi_Pspi_scaffold19736_01	43.0	S	0.0
Adig_XM_015919323.1	Spolac_c94764_g1_i1_m.10520c94764-g1	43.0	S	0.0
Spur_XM_030977921.1	Pbac_sb2669546	43.0	S	0.0
Spur_XM_030977921.1	Bolinf_Binf_sb1216478	43.0	S	0.0
Spur_XM_030977921.1	Stycar_snap_masked-SC_scaffold48179-processed-gene-0.2-mRNA-1	43.0	S	0.0
Spur_XM_030977921.1	Spolac_c96288_g1_i1_m.12866c94764-g1	43.0	S	0.0
Spur_XM_030977921.1	Bolinf_Binf_sb1216480	43.0	S	0.0
Spur_XM_030977921.1	Bolinf_Binf_sb1216481	43.0	S	0.0
Spur_XM_030977921.1	Stycar_snap_masked-SC_scaffold48179-processed-gene-0.3-mRNA-1	43.0	S	0.0
Spur_XM_030977921.1	Bolinf_Binf_sb1216479	43.0	S	0.0
Spur_XM_030977921.1	Mertsp_Mesp_sb576789	43.0	S	0.0
Spur_XM_030977921.1	Pbac_sb2669542	43.0	S	0.0
Spur_XM_030977921.1	Mertsp_Mesp_sb576786	43.0	S	0.0
Spur_XM_030977921.1	Beraby_Baby_sb326426	43.0	S	0.0
Spur_XM_030977921.1	Drygla_Dgla_sb296842	43.0	S	0.0
Spur_XM_030977921.1	Emue_Em0018g796a.t1	43.0	S	0.0
Spur_XM_030977921.1	Aque_Aqu2.1.02773_001	43.0	S	0.0
Spur_XM_030977921.1	Drygla_Dgla_sb296839	43.0	S	0.0
Spur_XM_030977921.1	Aque_Aqu2.1.14014_001	43.0	S	0.0
Spur_XM_030977921.1	Aque_Aqu2.1.04132_001	43.0	S	0.0
Spur_XM_030977921.1	Spolac_c96288_g1_i2_m.12867c94764-g1	43.0	S	0.0
Spur_XM_030977921.1	Vmul_sbMO428230	43.0	S	0.0
Spur_XM_030977921.1	Drygla_Dgla_sb296841	43.0	S	0.0
Spur_XM_030977921.1	Mlei_ML0742.g4.i1	43.0	S	0.0
Spur_XM_030977921.1	Drygla_Dgla_sb296840	43.0	S	0.0
Spur_XM_030977921.1	Mertsp_Mesp_sb576784	43.0	S	0.0
Spur_XM_030977921.1	Pbac_sb2669541	43.0	S	0.0
Spur_XM_030977921.1	Tetwil_g3590.t2	43.0	S	0.0
Spur_XM_030977921.1	Aque_Aqu2.1.28600_001	43.0	S	0.0
Spur_XM_030977921.1	Mertsp_Mesp_sb576785	43.0	S	0.0
Spur_XM_030977921.1	Aque_Aqu2.1.28599_001	43.0	S	0.0
Spur_XM_030977921.1	Pbac_sb2669544	43.0	S	0.0
Spur_XM_030977921.1	Stycar_maker-SC_scaffold4460-snap-gene-0.26-mRNA-1	43.0	S	0.0
Spur_XM_030977921.1	Mertsp_Mesp_sb576787	43.0	S	0.0
Spur_XM_030977921.1	Lampan_Lpan_1881_01	43.0	S	0.0
Spur_XM_030977921.1	Horcal_Hcv1.av93.c7.g243.i1	43.0	S	0.0
Spur_XM_030977921.1	Xestes_maker-XT_scaffold16220-snap-gene-0.26-mRNA-1	43.0	S	0.0
Spur_XM_030977921.1	Stycar_augustus_masked-SC_scaffold125987-processed-gene-0.0-mRNA-1	43.0	S	0.0
Spur_XM_030977921.1	Emue_Em0018g793a.t1	43.0	S	0.0
Spur_XM_030977921.1	Plespi_Pspi_scaffold19735_01	43.0	S	0.0
Spur_XM_030977921.1	Aque_Aqu2.1.03830_001	43.0	S	0.0
Spur_XM_030977921.1	Bolinf_Binf_sb1225476	43.0	S	0.0
Spur_XM_030977921.1	Coemet_Cmet_scaffold21533_01	43.0	S	0.0
Spur_XM_030977921.1	Emue_Em0018g794a.t1	43.0	S	0.0
Spur_XM_030977921.1	Mertsp_Mesp_sb576788	43.0	S	0.0
Spur_XM_030977921.1	Plespi_Pspi_scaffold19736_01	43.0	S	0.0
Spur_XM_030977921.1	Spolac_c94764_g1_i1_m.10520c94764-g1	43.0	S	0.0
Acagra_model.g26020.t1.1.5d401061	Pbac_sb2669546	43.0	S	0.0
Acagra_model.g26020.t1.1.5d401061	Bolinf_Binf_sb1216478	43.0	S	0.0
Acagra_model.g26020.t1.1.5d401061	Stycar_snap_masked-SC_scaffold48179-processed-gene-0.2-mRNA-1	43.0	S	0.0
Acagra_model.g26020.t1.1.5d401061	Spolac_c96288_g1_i1_m.12866c94764-g1	43.0	S	0.0
Acagra_model.g26020.t1.1.5d401061	Bolinf_Binf_sb1216480	43.0	S	0.0
Acagra_model.g26020.t1.1.5d401061	Bolinf_Binf_sb1216481	43.0	S	0.0
Acagra_model.g26020.t1.1.5d401061	Stycar_snap_masked-SC_scaffold48179-processed-gene-0.3-mRNA-1	43.0	S	0.0
Acagra_model.g26020.t1.1.5d401061	Bolinf_Binf_sb1216479	43.0	S	0.0
Acagra_model.g26020.t1.1.5d401061	Mertsp_Mesp_sb576789	43.0	S	0.0
Acagra_model.g26020.t1.1.5d401061	Pbac_sb2669542	43.0	S	0.0
Acagra_model.g26020.t1.1.5d401061	Mertsp_Mesp_sb576786	43.0	S	0.0
Acagra_model.g26020.t1.1.5d401061	Beraby_Baby_sb326426	43.0	S	0.0
Acagra_model.g26020.t1.1.5d401061	Drygla_Dgla_sb296842	43.0	S	0.0
Acagra_model.g26020.t1.1.5d401061	Emue_Em0018g796a.t1	43.0	S	0.0
Acagra_model.g26020.t1.1.5d401061	Aque_Aqu2.1.02773_001	43.0	S	0.0
Acagra_model.g26020.t1.1.5d401061	Drygla_Dgla_sb296839	43.0	S	0.0
Acagra_model.g26020.t1.1.5d401061	Aque_Aqu2.1.14014_001	43.0	S	0.0
Acagra_model.g26020.t1.1.5d401061	Aque_Aqu2.1.04132_001	43.0	S	0.0
Acagra_model.g26020.t1.1.5d401061	Spolac_c96288_g1_i2_m.12867c94764-g1	43.0	S	0.0
Acagra_model.g26020.t1.1.5d401061	Vmul_sbMO428230	43.0	S	0.0
Acagra_model.g26020.t1.1.5d401061	Drygla_Dgla_sb296841	43.0	S	0.0
Acagra_model.g26020.t1.1.5d401061	Mlei_ML0742.g4.i1	43.0	S	0.0
Acagra_model.g26020.t1.1.5d401061	Drygla_Dgla_sb296840	43.0	S	0.0
Acagra_model.g26020.t1.1.5d401061	Mertsp_Mesp_sb576784	43.0	S	0.0
Acagra_model.g26020.t1.1.5d401061	Pbac_sb2669541	43.0	S	0.0
Acagra_model.g26020.t1.1.5d401061	Tetwil_g3590.t2	43.0	S	0.0
Acagra_model.g26020.t1.1.5d401061	Aque_Aqu2.1.28600_001	43.0	S	0.0
Acagra_model.g26020.t1.1.5d401061	Mertsp_Mesp_sb576785	43.0	S	0.0
Acagra_model.g26020.t1.1.5d401061	Aque_Aqu2.1.28599_001	43.0	S	0.0
Acagra_model.g26020.t1.1.5d401061	Pbac_sb2669544	43.0	S	0.0
Acagra_model.g26020.t1.1.5d401061	Stycar_maker-SC_scaffold4460-snap-gene-0.26-mRNA-1	43.0	S	0.0
Acagra_model.g26020.t1.1.5d401061	Mertsp_Mesp_sb576787	43.0	S	0.0
Acagra_model.g26020.t1.1.5d401061	Lampan_Lpan_1881_01	43.0	S	0.0
Acagra_model.g26020.t1.1.5d401061	Horcal_Hcv1.av93.c7.g243.i1	43.0	S	0.0
Acagra_model.g26020.t1.1.5d401061	Xestes_maker-XT_scaffold16220-snap-gene-0.26-mRNA-1	43.0	S	0.0
Acagra_model.g26020.t1.1.5d401061	Stycar_augustus_masked-SC_scaffold125987-processed-gene-0.0-mRNA-1	43.0	S	0.0
Acagra_model.g26020.t1.1.5d401061	Emue_Em0018g793a.t1	43.0	S	0.0
Acagra_model.g26020.t1.1.5d401061	Plespi_Pspi_scaffold19735_01	43.0	S	0.0
Acagra_model.g26020.t1.1.5d401061	Aque_Aqu2.1.03830_001	43.0	S	0.0
Acagra_model.g26020.t1.1.5d401061	Bolinf_Binf_sb1225476	43.0	S	0.0
Acagra_model.g26020.t1.1.5d401061	Coemet_Cmet_scaffold21533_01	43.0	S	0.0
Acagra_model.g26020.t1.1.5d401061	Emue_Em0018g794a.t1	43.0	S	0.0
Acagra_model.g26020.t1.1.5d401061	Mertsp_Mesp_sb576788	43.0	S	0.0
Acagra_model.g26020.t1.1.5d401061	Plespi_Pspi_scaffold19736_01	43.0	S	0.0
Acagra_model.g26020.t1.1.5d401061	Spolac_c94764_g1_i1_m.10520c94764-g1	43.0	S	0.0
Aaur_scaffold173.g1.t1	Pbac_sb2669546	43.0	S	0.0
Aaur_scaffold173.g1.t1	Bolinf_Binf_sb1216478	43.0	S	0.0
Aaur_scaffold173.g1.t1	Stycar_snap_masked-SC_scaffold48179-processed-gene-0.2-mRNA-1	43.0	S	0.0
Aaur_scaffold173.g1.t1	Spolac_c96288_g1_i1_m.12866c94764-g1	43.0	S	0.0
Aaur_scaffold173.g1.t1	Bolinf_Binf_sb1216480	43.0	S	0.0
Aaur_scaffold173.g1.t1	Bolinf_Binf_sb1216481	43.0	S	0.0
Aaur_scaffold173.g1.t1	Stycar_snap_masked-SC_scaffold48179-processed-gene-0.3-mRNA-1	43.0	S	0.0
Aaur_scaffold173.g1.t1	Bolinf_Binf_sb1216479	43.0	S	0.0
Aaur_scaffold173.g1.t1	Mertsp_Mesp_sb576789	43.0	S	0.0
Aaur_scaffold173.g1.t1	Pbac_sb2669542	43.0	S	0.0
Aaur_scaffold173.g1.t1	Mertsp_Mesp_sb576786	43.0	S	0.0
Aaur_scaffold173.g1.t1	Beraby_Baby_sb326426	43.0	S	0.0
Aaur_scaffold173.g1.t1	Drygla_Dgla_sb296842	43.0	S	0.0
Aaur_scaffold173.g1.t1	Emue_Em0018g796a.t1	43.0	S	0.0
Aaur_scaffold173.g1.t1	Aque_Aqu2.1.02773_001	43.0	S	0.0
Aaur_scaffold173.g1.t1	Drygla_Dgla_sb296839	43.0	S	0.0
Aaur_scaffold173.g1.t1	Aque_Aqu2.1.14014_001	43.0	S	0.0
Aaur_scaffold173.g1.t1	Aque_Aqu2.1.04132_001	43.0	S	0.0
Aaur_scaffold173.g1.t1	Spolac_c96288_g1_i2_m.12867c94764-g1	43.0	S	0.0
Aaur_scaffold173.g1.t1	Vmul_sbMO428230	43.0	S	0.0
Aaur_scaffold173.g1.t1	Drygla_Dgla_sb296841	43.0	S	0.0
Aaur_scaffold173.g1.t1	Mlei_ML0742.g4.i1	43.0	S	0.0
Aaur_scaffold173.g1.t1	Drygla_Dgla_sb296840	43.0	S	0.0
Aaur_scaffold173.g1.t1	Mertsp_Mesp_sb576784	43.0	S	0.0
Aaur_scaffold173.g1.t1	Pbac_sb2669541	43.0	S	0.0
Aaur_scaffold173.g1.t1	Tetwil_g3590.t2	43.0	S	0.0
Aaur_scaffold173.g1.t1	Aque_Aqu2.1.28600_001	43.0	S	0.0
Aaur_scaffold173.g1.t1	Mertsp_Mesp_sb576785	43.0	S	0.0
Aaur_scaffold173.g1.t1	Aque_Aqu2.1.28599_001	43.0	S	0.0
Aaur_scaffold173.g1.t1	Pbac_sb2669544	43.0	S	0.0
Aaur_scaffold173.g1.t1	Stycar_maker-SC_scaffold4460-snap-gene-0.26-mRNA-1	43.0	S	0.0
Aaur_scaffold173.g1.t1	Mertsp_Mesp_sb576787	43.0	S	0.0
Aaur_scaffold173.g1.t1	Lampan_Lpan_1881_01	43.0	S	0.0
Aaur_scaffold173.g1.t1	Horcal_Hcv1.av93.c7.g243.i1	43.0	S	0.0
Aaur_scaffold173.g1.t1	Xestes_maker-XT_scaffold16220-snap-gene-0.26-mRNA-1	43.0	S	0.0
Aaur_scaffold173.g1.t1	Stycar_augustus_masked-SC_scaffold125987-processed-gene-0.0-mRNA-1	43.0	S	0.0
Aaur_scaffold173.g1.t1	Emue_Em0018g793a.t1	43.0	S	0.0
Aaur_scaffold173.g1.t1	Plespi_Pspi_scaffold19735_01	43.0	S	0.0
Aaur_scaffold173.g1.t1	Aque_Aqu2.1.03830_001	43.0	S	0.0
Aaur_scaffold173.g1.t1	Bolinf_Binf_sb1225476	43.0	S	0.0
Aaur_scaffold173.g1.t1	Coemet_Cmet_scaffold21533_01	43.0	S	0.0
Aaur_scaffold173.g1.t1	Emue_Em0018g794a.t1	43.0	S	0.0
Aaur_scaffold173.g1.t1	Mertsp_Mesp_sb576788	43.0	S	0.0
Aaur_scaffold173.g1.t1	Plespi_Pspi_scaffold19736_01	43.0	S	0.0
Aaur_scaffold173.g1.t1	Spolac_c94764_g1_i1_m.10520c94764-g1	43.0	S	0.0
Bralan_BLAG07000907_1	Pbac_sb2669546	43.0	S	0.0
Bralan_BLAG07000907_1	Bolinf_Binf_sb1216478	43.0	S	0.0
Bralan_BLAG07000907_1	Stycar_snap_masked-SC_scaffold48179-processed-gene-0.2-mRNA-1	43.0	S	0.0
Bralan_BLAG07000907_1	Spolac_c96288_g1_i1_m.12866c94764-g1	43.0	S	0.0
Bralan_BLAG07000907_1	Bolinf_Binf_sb1216480	43.0	S	0.0
Bralan_BLAG07000907_1	Bolinf_Binf_sb1216481	43.0	S	0.0
Bralan_BLAG07000907_1	Stycar_snap_masked-SC_scaffold48179-processed-gene-0.3-mRNA-1	43.0	S	0.0
Bralan_BLAG07000907_1	Bolinf_Binf_sb1216479	43.0	S	0.0
Bralan_BLAG07000907_1	Mertsp_Mesp_sb576789	43.0	S	0.0
Bralan_BLAG07000907_1	Pbac_sb2669542	43.0	S	0.0
Bralan_BLAG07000907_1	Mertsp_Mesp_sb576786	43.0	S	0.0
Bralan_BLAG07000907_1	Beraby_Baby_sb326426	43.0	S	0.0
Bralan_BLAG07000907_1	Drygla_Dgla_sb296842	43.0	S	0.0
Bralan_BLAG07000907_1	Emue_Em0018g796a.t1	43.0	S	0.0
Bralan_BLAG07000907_1	Aque_Aqu2.1.02773_001	43.0	S	0.0
Bralan_BLAG07000907_1	Drygla_Dgla_sb296839	43.0	S	0.0
Bralan_BLAG07000907_1	Aque_Aqu2.1.14014_001	43.0	S	0.0
Bralan_BLAG07000907_1	Aque_Aqu2.1.04132_001	43.0	S	0.0
Bralan_BLAG07000907_1	Spolac_c96288_g1_i2_m.12867c94764-g1	43.0	S	0.0
Bralan_BLAG07000907_1	Vmul_sbMO428230	43.0	S	0.0
Bralan_BLAG07000907_1	Drygla_Dgla_sb296841	43.0	S	0.0
Bralan_BLAG07000907_1	Mlei_ML0742.g4.i1	43.0	S	0.0
Bralan_BLAG07000907_1	Drygla_Dgla_sb296840	43.0	S	0.0
Bralan_BLAG07000907_1	Mertsp_Mesp_sb576784	43.0	S	0.0
Bralan_BLAG07000907_1	Pbac_sb2669541	43.0	S	0.0
Bralan_BLAG07000907_1	Tetwil_g3590.t2	43.0	S	0.0
Bralan_BLAG07000907_1	Aque_Aqu2.1.28600_001	43.0	S	0.0
Bralan_BLAG07000907_1	Mertsp_Mesp_sb576785	43.0	S	0.0
Bralan_BLAG07000907_1	Aque_Aqu2.1.28599_001	43.0	S	0.0
Bralan_BLAG07000907_1	Pbac_sb2669544	43.0	S	0.0
Bralan_BLAG07000907_1	Stycar_maker-SC_scaffold4460-snap-gene-0.26-mRNA-1	43.0	S	0.0
Bralan_BLAG07000907_1	Mertsp_Mesp_sb576787	43.0	S	0.0
Bralan_BLAG07000907_1	Lampan_Lpan_1881_01	43.0	S	0.0
Bralan_BLAG07000907_1	Horcal_Hcv1.av93.c7.g243.i1	43.0	S	0.0
Bralan_BLAG07000907_1	Xestes_maker-XT_scaffold16220-snap-gene-0.26-mRNA-1	43.0	S	0.0
Bralan_BLAG07000907_1	Stycar_augustus_masked-SC_scaffold125987-processed-gene-0.0-mRNA-1	43.0	S	0.0
Bralan_BLAG07000907_1	Emue_Em0018g793a.t1	43.0	S	0.0
Bralan_BLAG07000907_1	Plespi_Pspi_scaffold19735_01	43.0	S	0.0
Bralan_BLAG07000907_1	Aque_Aqu2.1.03830_001	43.0	S	0.0
Bralan_BLAG07000907_1	Bolinf_Binf_sb1225476	43.0	S	0.0
Bralan_BLAG07000907_1	Coemet_Cmet_scaffold21533_01	43.0	S	0.0
Bralan_BLAG07000907_1	Emue_Em0018g794a.t1	43.0	S	0.0
Bralan_BLAG07000907_1	Mertsp_Mesp_sb576788	43.0	S	0.0
Bralan_BLAG07000907_1	Plespi_Pspi_scaffold19736_01	43.0	S	0.0
Bralan_BLAG07000907_1	Spolac_c94764_g1_i1_m.10520c94764-g1	43.0	S	0.0
Tcas_TC003474_001	Pbac_sb2669546	43.0	S	0.0
Tcas_TC003474_001	Bolinf_Binf_sb1216478	43.0	S	0.0
Tcas_TC003474_001	Stycar_snap_masked-SC_scaffold48179-processed-gene-0.2-mRNA-1	43.0	S	0.0
Tcas_TC003474_001	Spolac_c96288_g1_i1_m.12866c94764-g1	43.0	S	0.0
Tcas_TC003474_001	Bolinf_Binf_sb1216480	43.0	S	0.0
Tcas_TC003474_001	Bolinf_Binf_sb1216481	43.0	S	0.0
Tcas_TC003474_001	Stycar_snap_masked-SC_scaffold48179-processed-gene-0.3-mRNA-1	43.0	S	0.0
Tcas_TC003474_001	Bolinf_Binf_sb1216479	43.0	S	0.0
Tcas_TC003474_001	Mertsp_Mesp_sb576789	43.0	S	0.0
Tcas_TC003474_001	Pbac_sb2669542	43.0	S	0.0
Tcas_TC003474_001	Mertsp_Mesp_sb576786	43.0	S	0.0
Tcas_TC003474_001	Beraby_Baby_sb326426	43.0	S	0.0
Tcas_TC003474_001	Drygla_Dgla_sb296842	43.0	S	0.0
Tcas_TC003474_001	Emue_Em0018g796a.t1	43.0	S	0.0
Tcas_TC003474_001	Aque_Aqu2.1.02773_001	43.0	S	0.0
Tcas_TC003474_001	Drygla_Dgla_sb296839	43.0	S	0.0
Tcas_TC003474_001	Aque_Aqu2.1.14014_001	43.0	S	0.0
Tcas_TC003474_001	Aque_Aqu2.1.04132_001	43.0	S	0.0
Tcas_TC003474_001	Spolac_c96288_g1_i2_m.12867c94764-g1	43.0	S	0.0
Tcas_TC003474_001	Vmul_sbMO428230	43.0	S	0.0
Tcas_TC003474_001	Drygla_Dgla_sb296841	43.0	S	0.0
Tcas_TC003474_001	Mlei_ML0742.g4.i1	43.0	S	0.0
Tcas_TC003474_001	Drygla_Dgla_sb296840	43.0	S	0.0
Tcas_TC003474_001	Mertsp_Mesp_sb576784	43.0	S	0.0
Tcas_TC003474_001	Pbac_sb2669541	43.0	S	0.0
Tcas_TC003474_001	Tetwil_g3590.t2	43.0	S	0.0
Tcas_TC003474_001	Aque_Aqu2.1.28600_001	43.0	S	0.0
Tcas_TC003474_001	Mertsp_Mesp_sb576785	43.0	S	0.0
Tcas_TC003474_001	Aque_Aqu2.1.28599_001	43.0	S	0.0
Tcas_TC003474_001	Pbac_sb2669544	43.0	S	0.0
Tcas_TC003474_001	Stycar_maker-SC_scaffold4460-snap-gene-0.26-mRNA-1	43.0	S	0.0
Tcas_TC003474_001	Mertsp_Mesp_sb576787	43.0	S	0.0
Tcas_TC003474_001	Lampan_Lpan_1881_01	43.0	S	0.0
Tcas_TC003474_001	Horcal_Hcv1.av93.c7.g243.i1	43.0	S	0.0
Tcas_TC003474_001	Xestes_maker-XT_scaffold16220-snap-gene-0.26-mRNA-1	43.0	S	0.0
Tcas_TC003474_001	Stycar_augustus_masked-SC_scaffold125987-processed-gene-0.0-mRNA-1	43.0	S	0.0
Tcas_TC003474_001	Emue_Em0018g793a.t1	43.0	S	0.0
Tcas_TC003474_001	Plespi_Pspi_scaffold19735_01	43.0	S	0.0
Tcas_TC003474_001	Aque_Aqu2.1.03830_001	43.0	S	0.0
Tcas_TC003474_001	Bolinf_Binf_sb1225476	43.0	S	0.0
Tcas_TC003474_001	Coemet_Cmet_scaffold21533_01	43.0	S	0.0
Tcas_TC003474_001	Emue_Em0018g794a.t1	43.0	S	0.0
Tcas_TC003474_001	Mertsp_Mesp_sb576788	43.0	S	0.0
Tcas_TC003474_001	Plespi_Pspi_scaffold19736_01	43.0	S	0.0
Tcas_TC003474_001	Spolac_c94764_g1_i1_m.10520c94764-g1	43.0	S	0.0
Exapal_XM_021037075.2	Pbac_sb2669546	43.0	S	0.0
Exapal_XM_021037075.2	Bolinf_Binf_sb1216478	43.0	S	0.0
Exapal_XM_021037075.2	Stycar_snap_masked-SC_scaffold48179-processed-gene-0.2-mRNA-1	43.0	S	0.0
Exapal_XM_021037075.2	Spolac_c96288_g1_i1_m.12866c94764-g1	43.0	S	0.0
Exapal_XM_021037075.2	Bolinf_Binf_sb1216480	43.0	S	0.0
Exapal_XM_021037075.2	Bolinf_Binf_sb1216481	43.0	S	0.0
Exapal_XM_021037075.2	Stycar_snap_masked-SC_scaffold48179-processed-gene-0.3-mRNA-1	43.0	S	0.0
Exapal_XM_021037075.2	Bolinf_Binf_sb1216479	43.0	S	0.0
Exapal_XM_021037075.2	Mertsp_Mesp_sb576789	43.0	S	0.0
Exapal_XM_021037075.2	Pbac_sb2669542	43.0	S	0.0
Exapal_XM_021037075.2	Mertsp_Mesp_sb576786	43.0	S	0.0
Exapal_XM_021037075.2	Beraby_Baby_sb326426	43.0	S	0.0
Exapal_XM_021037075.2	Drygla_Dgla_sb296842	43.0	S	0.0
Exapal_XM_021037075.2	Emue_Em0018g796a.t1	43.0	S	0.0
Exapal_XM_021037075.2	Aque_Aqu2.1.02773_001	43.0	S	0.0
Exapal_XM_021037075.2	Drygla_Dgla_sb296839	43.0	S	0.0
Exapal_XM_021037075.2	Aque_Aqu2.1.14014_001	43.0	S	0.0
Exapal_XM_021037075.2	Aque_Aqu2.1.04132_001	43.0	S	0.0
Exapal_XM_021037075.2	Spolac_c96288_g1_i2_m.12867c94764-g1	43.0	S	0.0
Exapal_XM_021037075.2	Vmul_sbMO428230	43.0	S	0.0
Exapal_XM_021037075.2	Drygla_Dgla_sb296841	43.0	S	0.0
Exapal_XM_021037075.2	Mlei_ML0742.g4.i1	43.0	S	0.0
Exapal_XM_021037075.2	Drygla_Dgla_sb296840	43.0	S	0.0
Exapal_XM_021037075.2	Mertsp_Mesp_sb576784	43.0	S	0.0
Exapal_XM_021037075.2	Pbac_sb2669541	43.0	S	0.0
Exapal_XM_021037075.2	Tetwil_g3590.t2	43.0	S	0.0
Exapal_XM_021037075.2	Aque_Aqu2.1.28600_001	43.0	S	0.0
Exapal_XM_021037075.2	Mertsp_Mesp_sb576785	43.0	S	0.0
Exapal_XM_021037075.2	Aque_Aqu2.1.28599_001	43.0	S	0.0
Exapal_XM_021037075.2	Pbac_sb2669544	43.0	S	0.0
Exapal_XM_021037075.2	Stycar_maker-SC_scaffold4460-snap-gene-0.26-mRNA-1	43.0	S	0.0
Exapal_XM_021037075.2	Mertsp_Mesp_sb576787	43.0	S	0.0
Exapal_XM_021037075.2	Lampan_Lpan_1881_01	43.0	S	0.0
Exapal_XM_021037075.2	Horcal_Hcv1.av93.c7.g243.i1	43.0	S	0.0
Exapal_XM_021037075.2	Xestes_maker-XT_scaffold16220-snap-gene-0.26-mRNA-1	43.0	S	0.0
Exapal_XM_021037075.2	Stycar_augustus_masked-SC_scaffold125987-processed-gene-0.0-mRNA-1	43.0	S	0.0
Exapal_XM_021037075.2	Emue_Em0018g793a.t1	43.0	S	0.0
Exapal_XM_021037075.2	Plespi_Pspi_scaffold19735_01	43.0	S	0.0
Exapal_XM_021037075.2	Aque_Aqu2.1.03830_001	43.0	S	0.0
Exapal_XM_021037075.2	Bolinf_Binf_sb1225476	43.0	S	0.0
Exapal_XM_021037075.2	Coemet_Cmet_scaffold21533_01	43.0	S	0.0
Exapal_XM_021037075.2	Emue_Em0018g794a.t1	43.0	S	0.0
Exapal_XM_021037075.2	Mertsp_Mesp_sb576788	43.0	S	0.0
Exapal_XM_021037075.2	Plespi_Pspi_scaffold19736_01	43.0	S	0.0
Exapal_XM_021037075.2	Spolac_c94764_g1_i1_m.10520c94764-g1	43.0	S	0.0
Hvul_g12578_1	Pbac_sb2669546	43.0	S	0.0
Hvul_g12578_1	Bolinf_Binf_sb1216478	43.0	S	0.0
Hvul_g12578_1	Stycar_snap_masked-SC_scaffold48179-processed-gene-0.2-mRNA-1	43.0	S	0.0
Hvul_g12578_1	Spolac_c96288_g1_i1_m.12866c94764-g1	43.0	S	0.0
Hvul_g12578_1	Bolinf_Binf_sb1216480	43.0	S	0.0
Hvul_g12578_1	Bolinf_Binf_sb1216481	43.0	S	0.0
Hvul_g12578_1	Stycar_snap_masked-SC_scaffold48179-processed-gene-0.3-mRNA-1	43.0	S	0.0
Hvul_g12578_1	Bolinf_Binf_sb1216479	43.0	S	0.0
Hvul_g12578_1	Mertsp_Mesp_sb576789	43.0	S	0.0
Hvul_g12578_1	Pbac_sb2669542	43.0	S	0.0
Hvul_g12578_1	Mertsp_Mesp_sb576786	43.0	S	0.0
Hvul_g12578_1	Beraby_Baby_sb326426	43.0	S	0.0
Hvul_g12578_1	Drygla_Dgla_sb296842	43.0	S	0.0
Hvul_g12578_1	Emue_Em0018g796a.t1	43.0	S	0.0
Hvul_g12578_1	Aque_Aqu2.1.02773_001	43.0	S	0.0
Hvul_g12578_1	Drygla_Dgla_sb296839	43.0	S	0.0
Hvul_g12578_1	Aque_Aqu2.1.14014_001	43.0	S	0.0
Hvul_g12578_1	Aque_Aqu2.1.04132_001	43.0	S	0.0
Hvul_g12578_1	Spolac_c96288_g1_i2_m.12867c94764-g1	43.0	S	0.0
Hvul_g12578_1	Vmul_sbMO428230	43.0	S	0.0
Hvul_g12578_1	Drygla_Dgla_sb296841	43.0	S	0.0
Hvul_g12578_1	Mlei_ML0742.g4.i1	43.0	S	0.0
Hvul_g12578_1	Drygla_Dgla_sb296840	43.0	S	0.0
Hvul_g12578_1	Mertsp_Mesp_sb576784	43.0	S	0.0
Hvul_g12578_1	Pbac_sb2669541	43.0	S	0.0
Hvul_g12578_1	Tetwil_g3590.t2	43.0	S	0.0
Hvul_g12578_1	Aque_Aqu2.1.28600_001	43.0	S	0.0
Hvul_g12578_1	Mertsp_Mesp_sb576785	43.0	S	0.0
Hvul_g12578_1	Aque_Aqu2.1.28599_001	43.0	S	0.0
Hvul_g12578_1	Pbac_sb2669544	43.0	S	0.0
Hvul_g12578_1	Stycar_maker-SC_scaffold4460-snap-gene-0.26-mRNA-1	43.0	S	0.0
Hvul_g12578_1	Mertsp_Mesp_sb576787	43.0	S	0.0
Hvul_g12578_1	Lampan_Lpan_1881_01	43.0	S	0.0
Hvul_g12578_1	Horcal_Hcv1.av93.c7.g243.i1	43.0	S	0.0
Hvul_g12578_1	Xestes_maker-XT_scaffold16220-snap-gene-0.26-mRNA-1	43.0	S	0.0
Hvul_g12578_1	Stycar_augustus_masked-SC_scaffold125987-processed-gene-0.0-mRNA-1	43.0	S	0.0
Hvul_g12578_1	Emue_Em0018g793a.t1	43.0	S	0.0
Hvul_g12578_1	Plespi_Pspi_scaffold19735_01	43.0	S	0.0
Hvul_g12578_1	Aque_Aqu2.1.03830_001	43.0	S	0.0
Hvul_g12578_1	Bolinf_Binf_sb1225476	43.0	S	0.0
Hvul_g12578_1	Coemet_Cmet_scaffold21533_01	43.0	S	0.0
Hvul_g12578_1	Emue_Em0018g794a.t1	43.0	S	0.0
Hvul_g12578_1	Mertsp_Mesp_sb576788	43.0	S	0.0
Hvul_g12578_1	Plespi_Pspi_scaffold19736_01	43.0	S	0.0
Hvul_g12578_1	Spolac_c94764_g1_i1_m.10520c94764-g1	43.0	S	0.0
Amil_Amillepora34070-RA	Pbac_sb2669546	43.0	S	0.0
Amil_Amillepora34070-RA	Bolinf_Binf_sb1216478	43.0	S	0.0
Amil_Amillepora34070-RA	Stycar_snap_masked-SC_scaffold48179-processed-gene-0.2-mRNA-1	43.0	S	0.0
Amil_Amillepora34070-RA	Spolac_c96288_g1_i1_m.12866c94764-g1	43.0	S	0.0
Amil_Amillepora34070-RA	Bolinf_Binf_sb1216480	43.0	S	0.0
Amil_Amillepora34070-RA	Bolinf_Binf_sb1216481	43.0	S	0.0
Amil_Amillepora34070-RA	Stycar_snap_masked-SC_scaffold48179-processed-gene-0.3-mRNA-1	43.0	S	0.0
Amil_Amillepora34070-RA	Bolinf_Binf_sb1216479	43.0	S	0.0
Amil_Amillepora34070-RA	Mertsp_Mesp_sb576789	43.0	S	0.0
Amil_Amillepora34070-RA	Pbac_sb2669542	43.0	S	0.0
Amil_Amillepora34070-RA	Mertsp_Mesp_sb576786	43.0	S	0.0
Amil_Amillepora34070-RA	Beraby_Baby_sb326426	43.0	S	0.0
Amil_Amillepora34070-RA	Drygla_Dgla_sb296842	43.0	S	0.0
Amil_Amillepora34070-RA	Emue_Em0018g796a.t1	43.0	S	0.0
Amil_Amillepora34070-RA	Aque_Aqu2.1.02773_001	43.0	S	0.0
Amil_Amillepora34070-RA	Drygla_Dgla_sb296839	43.0	S	0.0
Amil_Amillepora34070-RA	Aque_Aqu2.1.14014_001	43.0	S	0.0
Amil_Amillepora34070-RA	Aque_Aqu2.1.04132_001	43.0	S	0.0
Amil_Amillepora34070-RA	Spolac_c96288_g1_i2_m.12867c94764-g1	43.0	S	0.0
Amil_Amillepora34070-RA	Vmul_sbMO428230	43.0	S	0.0
Amil_Amillepora34070-RA	Drygla_Dgla_sb296841	43.0	S	0.0
Amil_Amillepora34070-RA	Mlei_ML0742.g4.i1	43.0	S	0.0
Amil_Amillepora34070-RA	Drygla_Dgla_sb296840	43.0	S	0.0
Amil_Amillepora34070-RA	Mertsp_Mesp_sb576784	43.0	S	0.0
Amil_Amillepora34070-RA	Pbac_sb2669541	43.0	S	0.0
Amil_Amillepora34070-RA	Tetwil_g3590.t2	43.0	S	0.0
Amil_Amillepora34070-RA	Aque_Aqu2.1.28600_001	43.0	S	0.0
Amil_Amillepora34070-RA	Mertsp_Mesp_sb576785	43.0	S	0.0
Amil_Amillepora34070-RA	Aque_Aqu2.1.28599_001	43.0	S	0.0
Amil_Amillepora34070-RA	Pbac_sb2669544	43.0	S	0.0
Amil_Amillepora34070-RA	Stycar_maker-SC_scaffold4460-snap-gene-0.26-mRNA-1	43.0	S	0.0
Amil_Amillepora34070-RA	Mertsp_Mesp_sb576787	43.0	S	0.0
Amil_Amillepora34070-RA	Lampan_Lpan_1881_01	43.0	S	0.0
Amil_Amillepora34070-RA	Horcal_Hcv1.av93.c7.g243.i1	43.0	S	0.0
Amil_Amillepora34070-RA	Xestes_maker-XT_scaffold16220-snap-gene-0.26-mRNA-1	43.0	S	0.0
Amil_Amillepora34070-RA	Stycar_augustus_masked-SC_scaffold125987-processed-gene-0.0-mRNA-1	43.0	S	0.0
Amil_Amillepora34070-RA	Emue_Em0018g793a.t1	43.0	S	0.0
Amil_Amillepora34070-RA	Plespi_Pspi_scaffold19735_01	43.0	S	0.0
Amil_Amillepora34070-RA	Aque_Aqu2.1.03830_001	43.0	S	0.0
Amil_Amillepora34070-RA	Bolinf_Binf_sb1225476	43.0	S	0.0
Amil_Amillepora34070-RA	Coemet_Cmet_scaffold21533_01	43.0	S	0.0
Amil_Amillepora34070-RA	Emue_Em0018g794a.t1	43.0	S	0.0
Amil_Amillepora34070-RA	Mertsp_Mesp_sb576788	43.0	S	0.0
Amil_Amillepora34070-RA	Plespi_Pspi_scaffold19736_01	43.0	S	0.0
Amil_Amillepora34070-RA	Spolac_c94764_g1_i1_m.10520c94764-g1	43.0	S	0.0
Gfas_gfas1.m1.5290.m1	Pbac_sb2669546	43.0	S	0.0
Gfas_gfas1.m1.5290.m1	Bolinf_Binf_sb1216478	43.0	S	0.0
Gfas_gfas1.m1.5290.m1	Stycar_snap_masked-SC_scaffold48179-processed-gene-0.2-mRNA-1	43.0	S	0.0
Gfas_gfas1.m1.5290.m1	Spolac_c96288_g1_i1_m.12866c94764-g1	43.0	S	0.0
Gfas_gfas1.m1.5290.m1	Bolinf_Binf_sb1216480	43.0	S	0.0
Gfas_gfas1.m1.5290.m1	Bolinf_Binf_sb1216481	43.0	S	0.0
Gfas_gfas1.m1.5290.m1	Stycar_snap_masked-SC_scaffold48179-processed-gene-0.3-mRNA-1	43.0	S	0.0
Gfas_gfas1.m1.5290.m1	Bolinf_Binf_sb1216479	43.0	S	0.0
Gfas_gfas1.m1.5290.m1	Mertsp_Mesp_sb576789	43.0	S	0.0
Gfas_gfas1.m1.5290.m1	Pbac_sb2669542	43.0	S	0.0
Gfas_gfas1.m1.5290.m1	Mertsp_Mesp_sb576786	43.0	S	0.0
Gfas_gfas1.m1.5290.m1	Beraby_Baby_sb326426	43.0	S	0.0
Gfas_gfas1.m1.5290.m1	Drygla_Dgla_sb296842	43.0	S	0.0
Gfas_gfas1.m1.5290.m1	Emue_Em0018g796a.t1	43.0	S	0.0
Gfas_gfas1.m1.5290.m1	Aque_Aqu2.1.02773_001	43.0	S	0.0
Gfas_gfas1.m1.5290.m1	Drygla_Dgla_sb296839	43.0	S	0.0
Gfas_gfas1.m1.5290.m1	Aque_Aqu2.1.14014_001	43.0	S	0.0
Gfas_gfas1.m1.5290.m1	Aque_Aqu2.1.04132_001	43.0	S	0.0
Gfas_gfas1.m1.5290.m1	Spolac_c96288_g1_i2_m.12867c94764-g1	43.0	S	0.0
Gfas_gfas1.m1.5290.m1	Vmul_sbMO428230	43.0	S	0.0
Gfas_gfas1.m1.5290.m1	Drygla_Dgla_sb296841	43.0	S	0.0
Gfas_gfas1.m1.5290.m1	Mlei_ML0742.g4.i1	43.0	S	0.0
Gfas_gfas1.m1.5290.m1	Drygla_Dgla_sb296840	43.0	S	0.0
Gfas_gfas1.m1.5290.m1	Mertsp_Mesp_sb576784	43.0	S	0.0
Gfas_gfas1.m1.5290.m1	Pbac_sb2669541	43.0	S	0.0
Gfas_gfas1.m1.5290.m1	Tetwil_g3590.t2	43.0	S	0.0
Gfas_gfas1.m1.5290.m1	Aque_Aqu2.1.28600_001	43.0	S	0.0
Gfas_gfas1.m1.5290.m1	Mertsp_Mesp_sb576785	43.0	S	0.0
Gfas_gfas1.m1.5290.m1	Aque_Aqu2.1.28599_001	43.0	S	0.0
Gfas_gfas1.m1.5290.m1	Pbac_sb2669544	43.0	S	0.0
Gfas_gfas1.m1.5290.m1	Stycar_maker-SC_scaffold4460-snap-gene-0.26-mRNA-1	43.0	S	0.0
Gfas_gfas1.m1.5290.m1	Mertsp_Mesp_sb576787	43.0	S	0.0
Gfas_gfas1.m1.5290.m1	Lampan_Lpan_1881_01	43.0	S	0.0
Gfas_gfas1.m1.5290.m1	Horcal_Hcv1.av93.c7.g243.i1	43.0	S	0.0
Gfas_gfas1.m1.5290.m1	Xestes_maker-XT_scaffold16220-snap-gene-0.26-mRNA-1	43.0	S	0.0
Gfas_gfas1.m1.5290.m1	Stycar_augustus_masked-SC_scaffold125987-processed-gene-0.0-mRNA-1	43.0	S	0.0
Gfas_gfas1.m1.5290.m1	Emue_Em0018g793a.t1	43.0	S	0.0
Gfas_gfas1.m1.5290.m1	Plespi_Pspi_scaffold19735_01	43.0	S	0.0
Gfas_gfas1.m1.5290.m1	Aque_Aqu2.1.03830_001	43.0	S	0.0
Gfas_gfas1.m1.5290.m1	Bolinf_Binf_sb1225476	43.0	S	0.0
Gfas_gfas1.m1.5290.m1	Coemet_Cmet_scaffold21533_01	43.0	S	0.0
Gfas_gfas1.m1.5290.m1	Emue_Em0018g794a.t1	43.0	S	0.0
Gfas_gfas1.m1.5290.m1	Mertsp_Mesp_sb576788	43.0	S	0.0
Gfas_gfas1.m1.5290.m1	Plespi_Pspi_scaffold19736_01	43.0	S	0.0
Gfas_gfas1.m1.5290.m1	Spolac_c94764_g1_i1_m.10520c94764-g1	43.0	S	0.0
Gasp_gasp1.m3.12480.m1	Pbac_sb2669546	43.0	S	0.0
Gasp_gasp1.m3.12480.m1	Bolinf_Binf_sb1216478	43.0	S	0.0
Gasp_gasp1.m3.12480.m1	Stycar_snap_masked-SC_scaffold48179-processed-gene-0.2-mRNA-1	43.0	S	0.0
Gasp_gasp1.m3.12480.m1	Spolac_c96288_g1_i1_m.12866c94764-g1	43.0	S	0.0
Gasp_gasp1.m3.12480.m1	Bolinf_Binf_sb1216480	43.0	S	0.0
Gasp_gasp1.m3.12480.m1	Bolinf_Binf_sb1216481	43.0	S	0.0
Gasp_gasp1.m3.12480.m1	Stycar_snap_masked-SC_scaffold48179-processed-gene-0.3-mRNA-1	43.0	S	0.0
Gasp_gasp1.m3.12480.m1	Bolinf_Binf_sb1216479	43.0	S	0.0
Gasp_gasp1.m3.12480.m1	Mertsp_Mesp_sb576789	43.0	S	0.0
Gasp_gasp1.m3.12480.m1	Pbac_sb2669542	43.0	S	0.0
Gasp_gasp1.m3.12480.m1	Mertsp_Mesp_sb576786	43.0	S	0.0
Gasp_gasp1.m3.12480.m1	Beraby_Baby_sb326426	43.0	S	0.0
Gasp_gasp1.m3.12480.m1	Drygla_Dgla_sb296842	43.0	S	0.0
Gasp_gasp1.m3.12480.m1	Emue_Em0018g796a.t1	43.0	S	0.0
Gasp_gasp1.m3.12480.m1	Aque_Aqu2.1.02773_001	43.0	S	0.0
Gasp_gasp1.m3.12480.m1	Drygla_Dgla_sb296839	43.0	S	0.0
Gasp_gasp1.m3.12480.m1	Aque_Aqu2.1.14014_001	43.0	S	0.0
Gasp_gasp1.m3.12480.m1	Aque_Aqu2.1.04132_001	43.0	S	0.0
Gasp_gasp1.m3.12480.m1	Spolac_c96288_g1_i2_m.12867c94764-g1	43.0	S	0.0
Gasp_gasp1.m3.12480.m1	Vmul_sbMO428230	43.0	S	0.0
Gasp_gasp1.m3.12480.m1	Drygla_Dgla_sb296841	43.0	S	0.0
Gasp_gasp1.m3.12480.m1	Mlei_ML0742.g4.i1	43.0	S	0.0
Gasp_gasp1.m3.12480.m1	Drygla_Dgla_sb296840	43.0	S	0.0
Gasp_gasp1.m3.12480.m1	Mertsp_Mesp_sb576784	43.0	S	0.0
Gasp_gasp1.m3.12480.m1	Pbac_sb2669541	43.0	S	0.0
Gasp_gasp1.m3.12480.m1	Tetwil_g3590.t2	43.0	S	0.0
Gasp_gasp1.m3.12480.m1	Aque_Aqu2.1.28600_001	43.0	S	0.0
Gasp_gasp1.m3.12480.m1	Mertsp_Mesp_sb576785	43.0	S	0.0
Gasp_gasp1.m3.12480.m1	Aque_Aqu2.1.28599_001	43.0	S	0.0
Gasp_gasp1.m3.12480.m1	Pbac_sb2669544	43.0	S	0.0
Gasp_gasp1.m3.12480.m1	Stycar_maker-SC_scaffold4460-snap-gene-0.26-mRNA-1	43.0	S	0.0
Gasp_gasp1.m3.12480.m1	Mertsp_Mesp_sb576787	43.0	S	0.0
Gasp_gasp1.m3.12480.m1	Lampan_Lpan_1881_01	43.0	S	0.0
Gasp_gasp1.m3.12480.m1	Horcal_Hcv1.av93.c7.g243.i1	43.0	S	0.0
Gasp_gasp1.m3.12480.m1	Xestes_maker-XT_scaffold16220-snap-gene-0.26-mRNA-1	43.0	S	0.0
Gasp_gasp1.m3.12480.m1	Stycar_augustus_masked-SC_scaffold125987-processed-gene-0.0-mRNA-1	43.0	S	0.0
Gasp_gasp1.m3.12480.m1	Emue_Em0018g793a.t1	43.0	S	0.0
Gasp_gasp1.m3.12480.m1	Plespi_Pspi_scaffold19735_01	43.0	S	0.0
Gasp_gasp1.m3.12480.m1	Aque_Aqu2.1.03830_001	43.0	S	0.0
Gasp_gasp1.m3.12480.m1	Bolinf_Binf_sb1225476	43.0	S	0.0
Gasp_gasp1.m3.12480.m1	Coemet_Cmet_scaffold21533_01	43.0	S	0.0
Gasp_gasp1.m3.12480.m1	Emue_Em0018g794a.t1	43.0	S	0.0
Gasp_gasp1.m3.12480.m1	Mertsp_Mesp_sb576788	43.0	S	0.0
Gasp_gasp1.m3.12480.m1	Plespi_Pspi_scaffold19736_01	43.0	S	0.0
Gasp_gasp1.m3.12480.m1	Spolac_c94764_g1_i1_m.10520c94764-g1	43.0	S	0.0
Nemnom_g13465.t1	Pbac_sb2669546	43.0	S	0.0
Nemnom_g13465.t1	Bolinf_Binf_sb1216478	43.0	S	0.0
Nemnom_g13465.t1	Stycar_snap_masked-SC_scaffold48179-processed-gene-0.2-mRNA-1	43.0	S	0.0
Nemnom_g13465.t1	Spolac_c96288_g1_i1_m.12866c94764-g1	43.0	S	0.0
Nemnom_g13465.t1	Bolinf_Binf_sb1216480	43.0	S	0.0
Nemnom_g13465.t1	Bolinf_Binf_sb1216481	43.0	S	0.0
Nemnom_g13465.t1	Stycar_snap_masked-SC_scaffold48179-processed-gene-0.3-mRNA-1	43.0	S	0.0
Nemnom_g13465.t1	Bolinf_Binf_sb1216479	43.0	S	0.0
Nemnom_g13465.t1	Mertsp_Mesp_sb576789	43.0	S	0.0
Nemnom_g13465.t1	Pbac_sb2669542	43.0	S	0.0
Nemnom_g13465.t1	Mertsp_Mesp_sb576786	43.0	S	0.0
Nemnom_g13465.t1	Beraby_Baby_sb326426	43.0	S	0.0
Nemnom_g13465.t1	Drygla_Dgla_sb296842	43.0	S	0.0
Nemnom_g13465.t1	Emue_Em0018g796a.t1	43.0	S	0.0
Nemnom_g13465.t1	Aque_Aqu2.1.02773_001	43.0	S	0.0
Nemnom_g13465.t1	Drygla_Dgla_sb296839	43.0	S	0.0
Nemnom_g13465.t1	Aque_Aqu2.1.14014_001	43.0	S	0.0
Nemnom_g13465.t1	Aque_Aqu2.1.04132_001	43.0	S	0.0
Nemnom_g13465.t1	Spolac_c96288_g1_i2_m.12867c94764-g1	43.0	S	0.0
Nemnom_g13465.t1	Vmul_sbMO428230	43.0	S	0.0
Nemnom_g13465.t1	Drygla_Dgla_sb296841	43.0	S	0.0
Nemnom_g13465.t1	Mlei_ML0742.g4.i1	43.0	S	0.0
Nemnom_g13465.t1	Drygla_Dgla_sb296840	43.0	S	0.0
Nemnom_g13465.t1	Mertsp_Mesp_sb576784	43.0	S	0.0
Nemnom_g13465.t1	Pbac_sb2669541	43.0	S	0.0
Nemnom_g13465.t1	Tetwil_g3590.t2	43.0	S	0.0
Nemnom_g13465.t1	Aque_Aqu2.1.28600_001	43.0	S	0.0
Nemnom_g13465.t1	Mertsp_Mesp_sb576785	43.0	S	0.0
Nemnom_g13465.t1	Aque_Aqu2.1.28599_001	43.0	S	0.0
Nemnom_g13465.t1	Pbac_sb2669544	43.0	S	0.0
Nemnom_g13465.t1	Stycar_maker-SC_scaffold4460-snap-gene-0.26-mRNA-1	43.0	S	0.0
Nemnom_g13465.t1	Mertsp_Mesp_sb576787	43.0	S	0.0
Nemnom_g13465.t1	Lampan_Lpan_1881_01	43.0	S	0.0
Nemnom_g13465.t1	Horcal_Hcv1.av93.c7.g243.i1	43.0	S	0.0
Nemnom_g13465.t1	Xestes_maker-XT_scaffold16220-snap-gene-0.26-mRNA-1	43.0	S	0.0
Nemnom_g13465.t1	Stycar_augustus_masked-SC_scaffold125987-processed-gene-0.0-mRNA-1	43.0	S	0.0
Nemnom_g13465.t1	Emue_Em0018g793a.t1	43.0	S	0.0
Nemnom_g13465.t1	Plespi_Pspi_scaffold19735_01	43.0	S	0.0
Nemnom_g13465.t1	Aque_Aqu2.1.03830_001	43.0	S	0.0
Nemnom_g13465.t1	Bolinf_Binf_sb1225476	43.0	S	0.0
Nemnom_g13465.t1	Coemet_Cmet_scaffold21533_01	43.0	S	0.0
Nemnom_g13465.t1	Emue_Em0018g794a.t1	43.0	S	0.0
Nemnom_g13465.t1	Mertsp_Mesp_sb576788	43.0	S	0.0
Nemnom_g13465.t1	Plespi_Pspi_scaffold19736_01	43.0	S	0.0
Nemnom_g13465.t1	Spolac_c94764_g1_i1_m.10520c94764-g1	43.0	S	0.0
Dpul_mRNA925	Pbac_sb2669546	43.0	S	0.0
Dpul_mRNA925	Bolinf_Binf_sb1216478	43.0	S	0.0
Dpul_mRNA925	Stycar_snap_masked-SC_scaffold48179-processed-gene-0.2-mRNA-1	43.0	S	0.0
Dpul_mRNA925	Spolac_c96288_g1_i1_m.12866c94764-g1	43.0	S	0.0
Dpul_mRNA925	Bolinf_Binf_sb1216480	43.0	S	0.0
Dpul_mRNA925	Bolinf_Binf_sb1216481	43.0	S	0.0
Dpul_mRNA925	Stycar_snap_masked-SC_scaffold48179-processed-gene-0.3-mRNA-1	43.0	S	0.0
Dpul_mRNA925	Bolinf_Binf_sb1216479	43.0	S	0.0
Dpul_mRNA925	Mertsp_Mesp_sb576789	43.0	S	0.0
Dpul_mRNA925	Pbac_sb2669542	43.0	S	0.0
Dpul_mRNA925	Mertsp_Mesp_sb576786	43.0	S	0.0
Dpul_mRNA925	Beraby_Baby_sb326426	43.0	S	0.0
Dpul_mRNA925	Drygla_Dgla_sb296842	43.0	S	0.0
Dpul_mRNA925	Emue_Em0018g796a.t1	43.0	S	0.0
Dpul_mRNA925	Aque_Aqu2.1.02773_001	43.0	S	0.0
Dpul_mRNA925	Drygla_Dgla_sb296839	43.0	S	0.0
Dpul_mRNA925	Aque_Aqu2.1.14014_001	43.0	S	0.0
Dpul_mRNA925	Aque_Aqu2.1.04132_001	43.0	S	0.0
Dpul_mRNA925	Spolac_c96288_g1_i2_m.12867c94764-g1	43.0	S	0.0
Dpul_mRNA925	Vmul_sbMO428230	43.0	S	0.0
Dpul_mRNA925	Drygla_Dgla_sb296841	43.0	S	0.0
Dpul_mRNA925	Mlei_ML0742.g4.i1	43.0	S	0.0
Dpul_mRNA925	Drygla_Dgla_sb296840	43.0	S	0.0
Dpul_mRNA925	Mertsp_Mesp_sb576784	43.0	S	0.0
Dpul_mRNA925	Pbac_sb2669541	43.0	S	0.0
Dpul_mRNA925	Tetwil_g3590.t2	43.0	S	0.0
Dpul_mRNA925	Aque_Aqu2.1.28600_001	43.0	S	0.0
Dpul_mRNA925	Mertsp_Mesp_sb576785	43.0	S	0.0
Dpul_mRNA925	Aque_Aqu2.1.28599_001	43.0	S	0.0
Dpul_mRNA925	Pbac_sb2669544	43.0	S	0.0
Dpul_mRNA925	Stycar_maker-SC_scaffold4460-snap-gene-0.26-mRNA-1	43.0	S	0.0
Dpul_mRNA925	Mertsp_Mesp_sb576787	43.0	S	0.0
Dpul_mRNA925	Lampan_Lpan_1881_01	43.0	S	0.0
Dpul_mRNA925	Horcal_Hcv1.av93.c7.g243.i1	43.0	S	0.0
Dpul_mRNA925	Xestes_maker-XT_scaffold16220-snap-gene-0.26-mRNA-1	43.0	S	0.0
Dpul_mRNA925	Stycar_augustus_masked-SC_scaffold125987-processed-gene-0.0-mRNA-1	43.0	S	0.0
Dpul_mRNA925	Emue_Em0018g793a.t1	43.0	S	0.0
Dpul_mRNA925	Plespi_Pspi_scaffold19735_01	43.0	S	0.0
Dpul_mRNA925	Aque_Aqu2.1.03830_001	43.0	S	0.0
Dpul_mRNA925	Bolinf_Binf_sb1225476	43.0	S	0.0
Dpul_mRNA925	Coemet_Cmet_scaffold21533_01	43.0	S	0.0
Dpul_mRNA925	Emue_Em0018g794a.t1	43.0	S	0.0
Dpul_mRNA925	Mertsp_Mesp_sb576788	43.0	S	0.0
Dpul_mRNA925	Plespi_Pspi_scaffold19736_01	43.0	S	0.0
Dpul_mRNA925	Spolac_c94764_g1_i1_m.10520c94764-g1	43.0	S	0.0
Fspp_ffun1.m4.20432.m1	Pbac_sb2669546	43.0	S	0.0
Fspp_ffun1.m4.20432.m1	Bolinf_Binf_sb1216478	43.0	S	0.0
Fspp_ffun1.m4.20432.m1	Stycar_snap_masked-SC_scaffold48179-processed-gene-0.2-mRNA-1	43.0	S	0.0
Fspp_ffun1.m4.20432.m1	Spolac_c96288_g1_i1_m.12866c94764-g1	43.0	S	0.0
Fspp_ffun1.m4.20432.m1	Bolinf_Binf_sb1216480	43.0	S	0.0
Fspp_ffun1.m4.20432.m1	Bolinf_Binf_sb1216481	43.0	S	0.0
Fspp_ffun1.m4.20432.m1	Stycar_snap_masked-SC_scaffold48179-processed-gene-0.3-mRNA-1	43.0	S	0.0
Fspp_ffun1.m4.20432.m1	Bolinf_Binf_sb1216479	43.0	S	0.0
Fspp_ffun1.m4.20432.m1	Mertsp_Mesp_sb576789	43.0	S	0.0
Fspp_ffun1.m4.20432.m1	Pbac_sb2669542	43.0	S	0.0
Fspp_ffun1.m4.20432.m1	Mertsp_Mesp_sb576786	43.0	S	0.0
Fspp_ffun1.m4.20432.m1	Beraby_Baby_sb326426	43.0	S	0.0
Fspp_ffun1.m4.20432.m1	Drygla_Dgla_sb296842	43.0	S	0.0
Fspp_ffun1.m4.20432.m1	Emue_Em0018g796a.t1	43.0	S	0.0
Fspp_ffun1.m4.20432.m1	Aque_Aqu2.1.02773_001	43.0	S	0.0
Fspp_ffun1.m4.20432.m1	Drygla_Dgla_sb296839	43.0	S	0.0
Fspp_ffun1.m4.20432.m1	Aque_Aqu2.1.14014_001	43.0	S	0.0
Fspp_ffun1.m4.20432.m1	Aque_Aqu2.1.04132_001	43.0	S	0.0
Fspp_ffun1.m4.20432.m1	Spolac_c96288_g1_i2_m.12867c94764-g1	43.0	S	0.0
Fspp_ffun1.m4.20432.m1	Vmul_sbMO428230	43.0	S	0.0
Fspp_ffun1.m4.20432.m1	Drygla_Dgla_sb296841	43.0	S	0.0
Fspp_ffun1.m4.20432.m1	Mlei_ML0742.g4.i1	43.0	S	0.0
Fspp_ffun1.m4.20432.m1	Drygla_Dgla_sb296840	43.0	S	0.0
Fspp_ffun1.m4.20432.m1	Mertsp_Mesp_sb576784	43.0	S	0.0
Fspp_ffun1.m4.20432.m1	Pbac_sb2669541	43.0	S	0.0
Fspp_ffun1.m4.20432.m1	Tetwil_g3590.t2	43.0	S	0.0
Fspp_ffun1.m4.20432.m1	Aque_Aqu2.1.28600_001	43.0	S	0.0
Fspp_ffun1.m4.20432.m1	Mertsp_Mesp_sb576785	43.0	S	0.0
Fspp_ffun1.m4.20432.m1	Aque_Aqu2.1.28599_001	43.0	S	0.0
Fspp_ffun1.m4.20432.m1	Pbac_sb2669544	43.0	S	0.0
Fspp_ffun1.m4.20432.m1	Stycar_maker-SC_scaffold4460-snap-gene-0.26-mRNA-1	43.0	S	0.0
Fspp_ffun1.m4.20432.m1	Mertsp_Mesp_sb576787	43.0	S	0.0
Fspp_ffun1.m4.20432.m1	Lampan_Lpan_1881_01	43.0	S	0.0
Fspp_ffun1.m4.20432.m1	Horcal_Hcv1.av93.c7.g243.i1	43.0	S	0.0
Fspp_ffun1.m4.20432.m1	Xestes_maker-XT_scaffold16220-snap-gene-0.26-mRNA-1	43.0	S	0.0
Fspp_ffun1.m4.20432.m1	Stycar_augustus_masked-SC_scaffold125987-processed-gene-0.0-mRNA-1	43.0	S	0.0
Fspp_ffun1.m4.20432.m1	Emue_Em0018g793a.t1	43.0	S	0.0
Fspp_ffun1.m4.20432.m1	Plespi_Pspi_scaffold19735_01	43.0	S	0.0
Fspp_ffun1.m4.20432.m1	Aque_Aqu2.1.03830_001	43.0	S	0.0
Fspp_ffun1.m4.20432.m1	Bolinf_Binf_sb1225476	43.0	S	0.0
Fspp_ffun1.m4.20432.m1	Coemet_Cmet_scaffold21533_01	43.0	S	0.0
Fspp_ffun1.m4.20432.m1	Emue_Em0018g794a.t1	43.0	S	0.0
Fspp_ffun1.m4.20432.m1	Mertsp_Mesp_sb576788	43.0	S	0.0
Fspp_ffun1.m4.20432.m1	Plespi_Pspi_scaffold19736_01	43.0	S	0.0
Fspp_ffun1.m4.20432.m1	Spolac_c94764_g1_i1_m.10520c94764-g1	43.0	S	0.0
Spur_XM_030975295.1	Pbac_sb2669546	43.0	S	0.0
Spur_XM_030975295.1	Bolinf_Binf_sb1216478	43.0	S	0.0
Spur_XM_030975295.1	Stycar_snap_masked-SC_scaffold48179-processed-gene-0.2-mRNA-1	43.0	S	0.0
Spur_XM_030975295.1	Spolac_c96288_g1_i1_m.12866c94764-g1	43.0	S	0.0
Spur_XM_030975295.1	Bolinf_Binf_sb1216480	43.0	S	0.0
Spur_XM_030975295.1	Bolinf_Binf_sb1216481	43.0	S	0.0
Spur_XM_030975295.1	Stycar_snap_masked-SC_scaffold48179-processed-gene-0.3-mRNA-1	43.0	S	0.0
Spur_XM_030975295.1	Bolinf_Binf_sb1216479	43.0	S	0.0
Spur_XM_030975295.1	Mertsp_Mesp_sb576789	43.0	S	0.0
Spur_XM_030975295.1	Pbac_sb2669542	43.0	S	0.0
Spur_XM_030975295.1	Mertsp_Mesp_sb576786	43.0	S	0.0
Spur_XM_030975295.1	Beraby_Baby_sb326426	43.0	S	0.0
Spur_XM_030975295.1	Drygla_Dgla_sb296842	43.0	S	0.0
Spur_XM_030975295.1	Emue_Em0018g796a.t1	43.0	S	0.0
Spur_XM_030975295.1	Aque_Aqu2.1.02773_001	43.0	S	0.0
Spur_XM_030975295.1	Drygla_Dgla_sb296839	43.0	S	0.0
Spur_XM_030975295.1	Aque_Aqu2.1.14014_001	43.0	S	0.0
Spur_XM_030975295.1	Aque_Aqu2.1.04132_001	43.0	S	0.0
Spur_XM_030975295.1	Spolac_c96288_g1_i2_m.12867c94764-g1	43.0	S	0.0
Spur_XM_030975295.1	Vmul_sbMO428230	43.0	S	0.0
Spur_XM_030975295.1	Drygla_Dgla_sb296841	43.0	S	0.0
Spur_XM_030975295.1	Mlei_ML0742.g4.i1	43.0	S	0.0
Spur_XM_030975295.1	Drygla_Dgla_sb296840	43.0	S	0.0
Spur_XM_030975295.1	Mertsp_Mesp_sb576784	43.0	S	0.0
Spur_XM_030975295.1	Pbac_sb2669541	43.0	S	0.0
Spur_XM_030975295.1	Tetwil_g3590.t2	43.0	S	0.0
Spur_XM_030975295.1	Aque_Aqu2.1.28600_001	43.0	S	0.0
Spur_XM_030975295.1	Mertsp_Mesp_sb576785	43.0	S	0.0
Spur_XM_030975295.1	Aque_Aqu2.1.28599_001	43.0	S	0.0
Spur_XM_030975295.1	Pbac_sb2669544	43.0	S	0.0
Spur_XM_030975295.1	Stycar_maker-SC_scaffold4460-snap-gene-0.26-mRNA-1	43.0	S	0.0
Spur_XM_030975295.1	Mertsp_Mesp_sb576787	43.0	S	0.0
Spur_XM_030975295.1	Lampan_Lpan_1881_01	43.0	S	0.0
Spur_XM_030975295.1	Horcal_Hcv1.av93.c7.g243.i1	43.0	S	0.0
Spur_XM_030975295.1	Xestes_maker-XT_scaffold16220-snap-gene-0.26-mRNA-1	43.0	S	0.0
Spur_XM_030975295.1	Stycar_augustus_masked-SC_scaffold125987-processed-gene-0.0-mRNA-1	43.0	S	0.0
Spur_XM_030975295.1	Emue_Em0018g793a.t1	43.0	S	0.0
Spur_XM_030975295.1	Plespi_Pspi_scaffold19735_01	43.0	S	0.0
Spur_XM_030975295.1	Aque_Aqu2.1.03830_001	43.0	S	0.0
Spur_XM_030975295.1	Bolinf_Binf_sb1225476	43.0	S	0.0
Spur_XM_030975295.1	Coemet_Cmet_scaffold21533_01	43.0	S	0.0
Spur_XM_030975295.1	Emue_Em0018g794a.t1	43.0	S	0.0
Spur_XM_030975295.1	Mertsp_Mesp_sb576788	43.0	S	0.0
Spur_XM_030975295.1	Plespi_Pspi_scaffold19736_01	43.0	S	0.0
Spur_XM_030975295.1	Spolac_c94764_g1_i1_m.10520c94764-g1	43.0	S	0.0
Skow_XM_002739496.1	Pbac_sb2669546	43.0	S	0.0
Skow_XM_002739496.1	Bolinf_Binf_sb1216478	43.0	S	0.0
Skow_XM_002739496.1	Stycar_snap_masked-SC_scaffold48179-processed-gene-0.2-mRNA-1	43.0	S	0.0
Skow_XM_002739496.1	Spolac_c96288_g1_i1_m.12866c94764-g1	43.0	S	0.0
Skow_XM_002739496.1	Bolinf_Binf_sb1216480	43.0	S	0.0
Skow_XM_002739496.1	Bolinf_Binf_sb1216481	43.0	S	0.0
Skow_XM_002739496.1	Stycar_snap_masked-SC_scaffold48179-processed-gene-0.3-mRNA-1	43.0	S	0.0
Skow_XM_002739496.1	Bolinf_Binf_sb1216479	43.0	S	0.0
Skow_XM_002739496.1	Mertsp_Mesp_sb576789	43.0	S	0.0
Skow_XM_002739496.1	Pbac_sb2669542	43.0	S	0.0
Skow_XM_002739496.1	Mertsp_Mesp_sb576786	43.0	S	0.0
Skow_XM_002739496.1	Beraby_Baby_sb326426	43.0	S	0.0
Skow_XM_002739496.1	Drygla_Dgla_sb296842	43.0	S	0.0
Skow_XM_002739496.1	Emue_Em0018g796a.t1	43.0	S	0.0
Skow_XM_002739496.1	Aque_Aqu2.1.02773_001	43.0	S	0.0
Skow_XM_002739496.1	Drygla_Dgla_sb296839	43.0	S	0.0
Skow_XM_002739496.1	Aque_Aqu2.1.14014_001	43.0	S	0.0
Skow_XM_002739496.1	Aque_Aqu2.1.04132_001	43.0	S	0.0
Skow_XM_002739496.1	Spolac_c96288_g1_i2_m.12867c94764-g1	43.0	S	0.0
Skow_XM_002739496.1	Vmul_sbMO428230	43.0	S	0.0
Skow_XM_002739496.1	Drygla_Dgla_sb296841	43.0	S	0.0
Skow_XM_002739496.1	Mlei_ML0742.g4.i1	43.0	S	0.0
Skow_XM_002739496.1	Drygla_Dgla_sb296840	43.0	S	0.0
Skow_XM_002739496.1	Mertsp_Mesp_sb576784	43.0	S	0.0
Skow_XM_002739496.1	Pbac_sb2669541	43.0	S	0.0
Skow_XM_002739496.1	Tetwil_g3590.t2	43.0	S	0.0
Skow_XM_002739496.1	Aque_Aqu2.1.28600_001	43.0	S	0.0
Skow_XM_002739496.1	Mertsp_Mesp_sb576785	43.0	S	0.0
Skow_XM_002739496.1	Aque_Aqu2.1.28599_001	43.0	S	0.0
Skow_XM_002739496.1	Pbac_sb2669544	43.0	S	0.0
Skow_XM_002739496.1	Stycar_maker-SC_scaffold4460-snap-gene-0.26-mRNA-1	43.0	S	0.0
Skow_XM_002739496.1	Mertsp_Mesp_sb576787	43.0	S	0.0
Skow_XM_002739496.1	Lampan_Lpan_1881_01	43.0	S	0.0
Skow_XM_002739496.1	Horcal_Hcv1.av93.c7.g243.i1	43.0	S	0.0
Skow_XM_002739496.1	Xestes_maker-XT_scaffold16220-snap-gene-0.26-mRNA-1	43.0	S	0.0
Skow_XM_002739496.1	Stycar_augustus_masked-SC_scaffold125987-processed-gene-0.0-mRNA-1	43.0	S	0.0
Skow_XM_002739496.1	Emue_Em0018g793a.t1	43.0	S	0.0
Skow_XM_002739496.1	Plespi_Pspi_scaffold19735_01	43.0	S	0.0
Skow_XM_002739496.1	Aque_Aqu2.1.03830_001	43.0	S	0.0
Skow_XM_002739496.1	Bolinf_Binf_sb1225476	43.0	S	0.0
Skow_XM_002739496.1	Coemet_Cmet_scaffold21533_01	43.0	S	0.0
Skow_XM_002739496.1	Emue_Em0018g794a.t1	43.0	S	0.0
Skow_XM_002739496.1	Mertsp_Mesp_sb576788	43.0	S	0.0
Skow_XM_002739496.1	Plespi_Pspi_scaffold19736_01	43.0	S	0.0
Skow_XM_002739496.1	Spolac_c94764_g1_i1_m.10520c94764-g1	43.0	S	0.0
Dgig_XM_028535976.1	Pbac_sb2669546	43.0	S	0.0
Dgig_XM_028535976.1	Bolinf_Binf_sb1216478	43.0	S	0.0
Dgig_XM_028535976.1	Stycar_snap_masked-SC_scaffold48179-processed-gene-0.2-mRNA-1	43.0	S	0.0
Dgig_XM_028535976.1	Spolac_c96288_g1_i1_m.12866c94764-g1	43.0	S	0.0
Dgig_XM_028535976.1	Bolinf_Binf_sb1216480	43.0	S	0.0
Dgig_XM_028535976.1	Bolinf_Binf_sb1216481	43.0	S	0.0
Dgig_XM_028535976.1	Stycar_snap_masked-SC_scaffold48179-processed-gene-0.3-mRNA-1	43.0	S	0.0
Dgig_XM_028535976.1	Bolinf_Binf_sb1216479	43.0	S	0.0
Dgig_XM_028535976.1	Mertsp_Mesp_sb576789	43.0	S	0.0
Dgig_XM_028535976.1	Pbac_sb2669542	43.0	S	0.0
Dgig_XM_028535976.1	Mertsp_Mesp_sb576786	43.0	S	0.0
Dgig_XM_028535976.1	Beraby_Baby_sb326426	43.0	S	0.0
Dgig_XM_028535976.1	Drygla_Dgla_sb296842	43.0	S	0.0
Dgig_XM_028535976.1	Emue_Em0018g796a.t1	43.0	S	0.0
Dgig_XM_028535976.1	Aque_Aqu2.1.02773_001	43.0	S	0.0
Dgig_XM_028535976.1	Drygla_Dgla_sb296839	43.0	S	0.0
Dgig_XM_028535976.1	Aque_Aqu2.1.14014_001	43.0	S	0.0
Dgig_XM_028535976.1	Aque_Aqu2.1.04132_001	43.0	S	0.0
Dgig_XM_028535976.1	Spolac_c96288_g1_i2_m.12867c94764-g1	43.0	S	0.0
Dgig_XM_028535976.1	Vmul_sbMO428230	43.0	S	0.0
Dgig_XM_028535976.1	Drygla_Dgla_sb296841	43.0	S	0.0
Dgig_XM_028535976.1	Mlei_ML0742.g4.i1	43.0	S	0.0
Dgig_XM_028535976.1	Drygla_Dgla_sb296840	43.0	S	0.0
Dgig_XM_028535976.1	Mertsp_Mesp_sb576784	43.0	S	0.0
Dgig_XM_028535976.1	Pbac_sb2669541	43.0	S	0.0
Dgig_XM_028535976.1	Tetwil_g3590.t2	43.0	S	0.0
Dgig_XM_028535976.1	Aque_Aqu2.1.28600_001	43.0	S	0.0
Dgig_XM_028535976.1	Mertsp_Mesp_sb576785	43.0	S	0.0
Dgig_XM_028535976.1	Aque_Aqu2.1.28599_001	43.0	S	0.0
Dgig_XM_028535976.1	Pbac_sb2669544	43.0	S	0.0
Dgig_XM_028535976.1	Stycar_maker-SC_scaffold4460-snap-gene-0.26-mRNA-1	43.0	S	0.0
Dgig_XM_028535976.1	Mertsp_Mesp_sb576787	43.0	S	0.0
Dgig_XM_028535976.1	Lampan_Lpan_1881_01	43.0	S	0.0
Dgig_XM_028535976.1	Horcal_Hcv1.av93.c7.g243.i1	43.0	S	0.0
Dgig_XM_028535976.1	Xestes_maker-XT_scaffold16220-snap-gene-0.26-mRNA-1	43.0	S	0.0
Dgig_XM_028535976.1	Stycar_augustus_masked-SC_scaffold125987-processed-gene-0.0-mRNA-1	43.0	S	0.0
Dgig_XM_028535976.1	Emue_Em0018g793a.t1	43.0	S	0.0
Dgig_XM_028535976.1	Plespi_Pspi_scaffold19735_01	43.0	S	0.0
Dgig_XM_028535976.1	Aque_Aqu2.1.03830_001	43.0	S	0.0
Dgig_XM_028535976.1	Bolinf_Binf_sb1225476	43.0	S	0.0
Dgig_XM_028535976.1	Coemet_Cmet_scaffold21533_01	43.0	S	0.0
Dgig_XM_028535976.1	Emue_Em0018g794a.t1	43.0	S	0.0
Dgig_XM_028535976.1	Mertsp_Mesp_sb576788	43.0	S	0.0
Dgig_XM_028535976.1	Plespi_Pspi_scaffold19736_01	43.0	S	0.0
Dgig_XM_028535976.1	Spolac_c94764_g1_i1_m.10520c94764-g1	43.0	S	0.0
Acagra_model.g26020.t1	Pbac_sb2669546	43.0	S	0.0
Acagra_model.g26020.t1	Bolinf_Binf_sb1216478	43.0	S	0.0
Acagra_model.g26020.t1	Stycar_snap_masked-SC_scaffold48179-processed-gene-0.2-mRNA-1	43.0	S	0.0
Acagra_model.g26020.t1	Spolac_c96288_g1_i1_m.12866c94764-g1	43.0	S	0.0
Acagra_model.g26020.t1	Bolinf_Binf_sb1216480	43.0	S	0.0
Acagra_model.g26020.t1	Bolinf_Binf_sb1216481	43.0	S	0.0
Acagra_model.g26020.t1	Stycar_snap_masked-SC_scaffold48179-processed-gene-0.3-mRNA-1	43.0	S	0.0
Acagra_model.g26020.t1	Bolinf_Binf_sb1216479	43.0	S	0.0
Acagra_model.g26020.t1	Mertsp_Mesp_sb576789	43.0	S	0.0
Acagra_model.g26020.t1	Pbac_sb2669542	43.0	S	0.0
Acagra_model.g26020.t1	Mertsp_Mesp_sb576786	43.0	S	0.0
Acagra_model.g26020.t1	Beraby_Baby_sb326426	43.0	S	0.0
Acagra_model.g26020.t1	Drygla_Dgla_sb296842	43.0	S	0.0
Acagra_model.g26020.t1	Emue_Em0018g796a.t1	43.0	S	0.0
Acagra_model.g26020.t1	Aque_Aqu2.1.02773_001	43.0	S	0.0
Acagra_model.g26020.t1	Drygla_Dgla_sb296839	43.0	S	0.0
Acagra_model.g26020.t1	Aque_Aqu2.1.14014_001	43.0	S	0.0
Acagra_model.g26020.t1	Aque_Aqu2.1.04132_001	43.0	S	0.0
Acagra_model.g26020.t1	Spolac_c96288_g1_i2_m.12867c94764-g1	43.0	S	0.0
Acagra_model.g26020.t1	Vmul_sbMO428230	43.0	S	0.0
Acagra_model.g26020.t1	Drygla_Dgla_sb296841	43.0	S	0.0
Acagra_model.g26020.t1	Mlei_ML0742.g4.i1	43.0	S	0.0
Acagra_model.g26020.t1	Drygla_Dgla_sb296840	43.0	S	0.0
Acagra_model.g26020.t1	Mertsp_Mesp_sb576784	43.0	S	0.0
Acagra_model.g26020.t1	Pbac_sb2669541	43.0	S	0.0
Acagra_model.g26020.t1	Tetwil_g3590.t2	43.0	S	0.0
Acagra_model.g26020.t1	Aque_Aqu2.1.28600_001	43.0	S	0.0
Acagra_model.g26020.t1	Mertsp_Mesp_sb576785	43.0	S	0.0
Acagra_model.g26020.t1	Aque_Aqu2.1.28599_001	43.0	S	0.0
Acagra_model.g26020.t1	Pbac_sb2669544	43.0	S	0.0
Acagra_model.g26020.t1	Stycar_maker-SC_scaffold4460-snap-gene-0.26-mRNA-1	43.0	S	0.0
Acagra_model.g26020.t1	Mertsp_Mesp_sb576787	43.0	S	0.0
Acagra_model.g26020.t1	Lampan_Lpan_1881_01	43.0	S	0.0
Acagra_model.g26020.t1	Horcal_Hcv1.av93.c7.g243.i1	43.0	S	0.0
Acagra_model.g26020.t1	Xestes_maker-XT_scaffold16220-snap-gene-0.26-mRNA-1	43.0	S	0.0
Acagra_model.g26020.t1	Stycar_augustus_masked-SC_scaffold125987-processed-gene-0.0-mRNA-1	43.0	S	0.0
Acagra_model.g26020.t1	Emue_Em0018g793a.t1	43.0	S	0.0
Acagra_model.g26020.t1	Plespi_Pspi_scaffold19735_01	43.0	S	0.0
Acagra_model.g26020.t1	Aque_Aqu2.1.03830_001	43.0	S	0.0
Acagra_model.g26020.t1	Bolinf_Binf_sb1225476	43.0	S	0.0
Acagra_model.g26020.t1	Coemet_Cmet_scaffold21533_01	43.0	S	0.0
Acagra_model.g26020.t1	Emue_Em0018g794a.t1	43.0	S	0.0
Acagra_model.g26020.t1	Mertsp_Mesp_sb576788	43.0	S	0.0
Acagra_model.g26020.t1	Plespi_Pspi_scaffold19736_01	43.0	S	0.0
Acagra_model.g26020.t1	Spolac_c94764_g1_i1_m.10520c94764-g1	43.0	S	0.0
Sanmal_Sma_009024-T1	Pbac_sb2669546	43.0	S	0.0
Sanmal_Sma_009024-T1	Bolinf_Binf_sb1216478	43.0	S	0.0
Sanmal_Sma_009024-T1	Stycar_snap_masked-SC_scaffold48179-processed-gene-0.2-mRNA-1	43.0	S	0.0
Sanmal_Sma_009024-T1	Spolac_c96288_g1_i1_m.12866c94764-g1	43.0	S	0.0
Sanmal_Sma_009024-T1	Bolinf_Binf_sb1216480	43.0	S	0.0
Sanmal_Sma_009024-T1	Bolinf_Binf_sb1216481	43.0	S	0.0
Sanmal_Sma_009024-T1	Stycar_snap_masked-SC_scaffold48179-processed-gene-0.3-mRNA-1	43.0	S	0.0
Sanmal_Sma_009024-T1	Bolinf_Binf_sb1216479	43.0	S	0.0
Sanmal_Sma_009024-T1	Mertsp_Mesp_sb576789	43.0	S	0.0
Sanmal_Sma_009024-T1	Pbac_sb2669542	43.0	S	0.0
Sanmal_Sma_009024-T1	Mertsp_Mesp_sb576786	43.0	S	0.0
Sanmal_Sma_009024-T1	Beraby_Baby_sb326426	43.0	S	0.0
Sanmal_Sma_009024-T1	Drygla_Dgla_sb296842	43.0	S	0.0
Sanmal_Sma_009024-T1	Emue_Em0018g796a.t1	43.0	S	0.0
Sanmal_Sma_009024-T1	Aque_Aqu2.1.02773_001	43.0	S	0.0
Sanmal_Sma_009024-T1	Drygla_Dgla_sb296839	43.0	S	0.0
Sanmal_Sma_009024-T1	Aque_Aqu2.1.14014_001	43.0	S	0.0
Sanmal_Sma_009024-T1	Aque_Aqu2.1.04132_001	43.0	S	0.0
Sanmal_Sma_009024-T1	Spolac_c96288_g1_i2_m.12867c94764-g1	43.0	S	0.0
Sanmal_Sma_009024-T1	Vmul_sbMO428230	43.0	S	0.0
Sanmal_Sma_009024-T1	Drygla_Dgla_sb296841	43.0	S	0.0
Sanmal_Sma_009024-T1	Mlei_ML0742.g4.i1	43.0	S	0.0
Sanmal_Sma_009024-T1	Drygla_Dgla_sb296840	43.0	S	0.0
Sanmal_Sma_009024-T1	Mertsp_Mesp_sb576784	43.0	S	0.0
Sanmal_Sma_009024-T1	Pbac_sb2669541	43.0	S	0.0
Sanmal_Sma_009024-T1	Tetwil_g3590.t2	43.0	S	0.0
Sanmal_Sma_009024-T1	Aque_Aqu2.1.28600_001	43.0	S	0.0
Sanmal_Sma_009024-T1	Mertsp_Mesp_sb576785	43.0	S	0.0
Sanmal_Sma_009024-T1	Aque_Aqu2.1.28599_001	43.0	S	0.0
Sanmal_Sma_009024-T1	Pbac_sb2669544	43.0	S	0.0
Sanmal_Sma_009024-T1	Stycar_maker-SC_scaffold4460-snap-gene-0.26-mRNA-1	43.0	S	0.0
Sanmal_Sma_009024-T1	Mertsp_Mesp_sb576787	43.0	S	0.0
Sanmal_Sma_009024-T1	Lampan_Lpan_1881_01	43.0	S	0.0
Sanmal_Sma_009024-T1	Horcal_Hcv1.av93.c7.g243.i1	43.0	S	0.0
Sanmal_Sma_009024-T1	Xestes_maker-XT_scaffold16220-snap-gene-0.26-mRNA-1	43.0	S	0.0
Sanmal_Sma_009024-T1	Stycar_augustus_masked-SC_scaffold125987-processed-gene-0.0-mRNA-1	43.0	S	0.0
Sanmal_Sma_009024-T1	Emue_Em0018g793a.t1	43.0	S	0.0
Sanmal_Sma_009024-T1	Plespi_Pspi_scaffold19735_01	43.0	S	0.0
Sanmal_Sma_009024-T1	Aque_Aqu2.1.03830_001	43.0	S	0.0
Sanmal_Sma_009024-T1	Bolinf_Binf_sb1225476	43.0	S	0.0
Sanmal_Sma_009024-T1	Coemet_Cmet_scaffold21533_01	43.0	S	0.0
Sanmal_Sma_009024-T1	Emue_Em0018g794a.t1	43.0	S	0.0
Sanmal_Sma_009024-T1	Mertsp_Mesp_sb576788	43.0	S	0.0
Sanmal_Sma_009024-T1	Plespi_Pspi_scaffold19736_01	43.0	S	0.0
Sanmal_Sma_009024-T1	Spolac_c94764_g1_i1_m.10520c94764-g1	43.0	S	0.0
Nvec_v1g199243	Pbac_sb2669546	43.0	S	0.0
Nvec_v1g199243	Bolinf_Binf_sb1216478	43.0	S	0.0
Nvec_v1g199243	Stycar_snap_masked-SC_scaffold48179-processed-gene-0.2-mRNA-1	43.0	S	0.0
Nvec_v1g199243	Spolac_c96288_g1_i1_m.12866c94764-g1	43.0	S	0.0
Nvec_v1g199243	Bolinf_Binf_sb1216480	43.0	S	0.0
Nvec_v1g199243	Bolinf_Binf_sb1216481	43.0	S	0.0
Nvec_v1g199243	Stycar_snap_masked-SC_scaffold48179-processed-gene-0.3-mRNA-1	43.0	S	0.0
Nvec_v1g199243	Bolinf_Binf_sb1216479	43.0	S	0.0
Nvec_v1g199243	Mertsp_Mesp_sb576789	43.0	S	0.0
Nvec_v1g199243	Pbac_sb2669542	43.0	S	0.0
Nvec_v1g199243	Mertsp_Mesp_sb576786	43.0	S	0.0
Nvec_v1g199243	Beraby_Baby_sb326426	43.0	S	0.0
Nvec_v1g199243	Drygla_Dgla_sb296842	43.0	S	0.0
Nvec_v1g199243	Emue_Em0018g796a.t1	43.0	S	0.0
Nvec_v1g199243	Aque_Aqu2.1.02773_001	43.0	S	0.0
Nvec_v1g199243	Drygla_Dgla_sb296839	43.0	S	0.0
Nvec_v1g199243	Aque_Aqu2.1.14014_001	43.0	S	0.0
Nvec_v1g199243	Aque_Aqu2.1.04132_001	43.0	S	0.0
Nvec_v1g199243	Spolac_c96288_g1_i2_m.12867c94764-g1	43.0	S	0.0
Nvec_v1g199243	Vmul_sbMO428230	43.0	S	0.0
Nvec_v1g199243	Drygla_Dgla_sb296841	43.0	S	0.0
Nvec_v1g199243	Mlei_ML0742.g4.i1	43.0	S	0.0
Nvec_v1g199243	Drygla_Dgla_sb296840	43.0	S	0.0
Nvec_v1g199243	Mertsp_Mesp_sb576784	43.0	S	0.0
Nvec_v1g199243	Pbac_sb2669541	43.0	S	0.0
Nvec_v1g199243	Tetwil_g3590.t2	43.0	S	0.0
Nvec_v1g199243	Aque_Aqu2.1.28600_001	43.0	S	0.0
Nvec_v1g199243	Mertsp_Mesp_sb576785	43.0	S	0.0
Nvec_v1g199243	Aque_Aqu2.1.28599_001	43.0	S	0.0
Nvec_v1g199243	Pbac_sb2669544	43.0	S	0.0
Nvec_v1g199243	Stycar_maker-SC_scaffold4460-snap-gene-0.26-mRNA-1	43.0	S	0.0
Nvec_v1g199243	Mertsp_Mesp_sb576787	43.0	S	0.0
Nvec_v1g199243	Lampan_Lpan_1881_01	43.0	S	0.0
Nvec_v1g199243	Horcal_Hcv1.av93.c7.g243.i1	43.0	S	0.0
Nvec_v1g199243	Xestes_maker-XT_scaffold16220-snap-gene-0.26-mRNA-1	43.0	S	0.0
Nvec_v1g199243	Stycar_augustus_masked-SC_scaffold125987-processed-gene-0.0-mRNA-1	43.0	S	0.0
Nvec_v1g199243	Emue_Em0018g793a.t1	43.0	S	0.0
Nvec_v1g199243	Plespi_Pspi_scaffold19735_01	43.0	S	0.0
Nvec_v1g199243	Aque_Aqu2.1.03830_001	43.0	S	0.0
Nvec_v1g199243	Bolinf_Binf_sb1225476	43.0	S	0.0
Nvec_v1g199243	Coemet_Cmet_scaffold21533_01	43.0	S	0.0
Nvec_v1g199243	Emue_Em0018g794a.t1	43.0	S	0.0
Nvec_v1g199243	Mertsp_Mesp_sb576788	43.0	S	0.0
Nvec_v1g199243	Plespi_Pspi_scaffold19736_01	43.0	S	0.0
Nvec_v1g199243	Spolac_c94764_g1_i1_m.10520c94764-g1	43.0	S	0.0
Adig_XM_015923890.1	Pbac_sb2669546	43.0	S	0.0
Adig_XM_015923890.1	Bolinf_Binf_sb1216478	43.0	S	0.0
Adig_XM_015923890.1	Stycar_snap_masked-SC_scaffold48179-processed-gene-0.2-mRNA-1	43.0	S	0.0
Adig_XM_015923890.1	Spolac_c96288_g1_i1_m.12866c94764-g1	43.0	S	0.0
Adig_XM_015923890.1	Bolinf_Binf_sb1216480	43.0	S	0.0
Adig_XM_015923890.1	Bolinf_Binf_sb1216481	43.0	S	0.0
Adig_XM_015923890.1	Stycar_snap_masked-SC_scaffold48179-processed-gene-0.3-mRNA-1	43.0	S	0.0
Adig_XM_015923890.1	Bolinf_Binf_sb1216479	43.0	S	0.0
Adig_XM_015923890.1	Mertsp_Mesp_sb576789	43.0	S	0.0
Adig_XM_015923890.1	Pbac_sb2669542	43.0	S	0.0
Adig_XM_015923890.1	Mertsp_Mesp_sb576786	43.0	S	0.0
Adig_XM_015923890.1	Beraby_Baby_sb326426	43.0	S	0.0
Adig_XM_015923890.1	Drygla_Dgla_sb296842	43.0	S	0.0
Adig_XM_015923890.1	Emue_Em0018g796a.t1	43.0	S	0.0
Adig_XM_015923890.1	Aque_Aqu2.1.02773_001	43.0	S	0.0
Adig_XM_015923890.1	Drygla_Dgla_sb296839	43.0	S	0.0
Adig_XM_015923890.1	Aque_Aqu2.1.14014_001	43.0	S	0.0
Adig_XM_015923890.1	Aque_Aqu2.1.04132_001	43.0	S	0.0
Adig_XM_015923890.1	Spolac_c96288_g1_i2_m.12867c94764-g1	43.0	S	0.0
Adig_XM_015923890.1	Vmul_sbMO428230	43.0	S	0.0
Adig_XM_015923890.1	Drygla_Dgla_sb296841	43.0	S	0.0
Adig_XM_015923890.1	Mlei_ML0742.g4.i1	43.0	S	0.0
Adig_XM_015923890.1	Drygla_Dgla_sb296840	43.0	S	0.0
Adig_XM_015923890.1	Mertsp_Mesp_sb576784	43.0	S	0.0
Adig_XM_015923890.1	Pbac_sb2669541	43.0	S	0.0
Adig_XM_015923890.1	Tetwil_g3590.t2	43.0	S	0.0
Adig_XM_015923890.1	Aque_Aqu2.1.28600_001	43.0	S	0.0
Adig_XM_015923890.1	Mertsp_Mesp_sb576785	43.0	S	0.0
Adig_XM_015923890.1	Aque_Aqu2.1.28599_001	43.0	S	0.0
Adig_XM_015923890.1	Pbac_sb2669544	43.0	S	0.0
Adig_XM_015923890.1	Stycar_maker-SC_scaffold4460-snap-gene-0.26-mRNA-1	43.0	S	0.0
Adig_XM_015923890.1	Mertsp_Mesp_sb576787	43.0	S	0.0
Adig_XM_015923890.1	Lampan_Lpan_1881_01	43.0	S	0.0
Adig_XM_015923890.1	Horcal_Hcv1.av93.c7.g243.i1	43.0	S	0.0
Adig_XM_015923890.1	Xestes_maker-XT_scaffold16220-snap-gene-0.26-mRNA-1	43.0	S	0.0
Adig_XM_015923890.1	Stycar_augustus_masked-SC_scaffold125987-processed-gene-0.0-mRNA-1	43.0	S	0.0
Adig_XM_015923890.1	Emue_Em0018g793a.t1	43.0	S	0.0
Adig_XM_015923890.1	Plespi_Pspi_scaffold19735_01	43.0	S	0.0
Adig_XM_015923890.1	Aque_Aqu2.1.03830_001	43.0	S	0.0
Adig_XM_015923890.1	Bolinf_Binf_sb1225476	43.0	S	0.0
Adig_XM_015923890.1	Coemet_Cmet_scaffold21533_01	43.0	S	0.0
Adig_XM_015923890.1	Emue_Em0018g794a.t1	43.0	S	0.0
Adig_XM_015923890.1	Mertsp_Mesp_sb576788	43.0	S	0.0
Adig_XM_015923890.1	Plespi_Pspi_scaffold19736_01	43.0	S	0.0
Adig_XM_015923890.1	Spolac_c94764_g1_i1_m.10520c94764-g1	43.0	S	0.0
Ctel_gnl_WGS_AMQN_CAPTEDRAFT_mRNA160748	Pbac_sb2669546	43.0	S	0.0
Ctel_gnl_WGS_AMQN_CAPTEDRAFT_mRNA160748	Bolinf_Binf_sb1216478	43.0	S	0.0
Ctel_gnl_WGS_AMQN_CAPTEDRAFT_mRNA160748	Stycar_snap_masked-SC_scaffold48179-processed-gene-0.2-mRNA-1	43.0	S	0.0
Ctel_gnl_WGS_AMQN_CAPTEDRAFT_mRNA160748	Spolac_c96288_g1_i1_m.12866c94764-g1	43.0	S	0.0
Ctel_gnl_WGS_AMQN_CAPTEDRAFT_mRNA160748	Bolinf_Binf_sb1216480	43.0	S	0.0
Ctel_gnl_WGS_AMQN_CAPTEDRAFT_mRNA160748	Bolinf_Binf_sb1216481	43.0	S	0.0
Ctel_gnl_WGS_AMQN_CAPTEDRAFT_mRNA160748	Stycar_snap_masked-SC_scaffold48179-processed-gene-0.3-mRNA-1	43.0	S	0.0
Ctel_gnl_WGS_AMQN_CAPTEDRAFT_mRNA160748	Bolinf_Binf_sb1216479	43.0	S	0.0
Ctel_gnl_WGS_AMQN_CAPTEDRAFT_mRNA160748	Mertsp_Mesp_sb576789	43.0	S	0.0
Ctel_gnl_WGS_AMQN_CAPTEDRAFT_mRNA160748	Pbac_sb2669542	43.0	S	0.0
Ctel_gnl_WGS_AMQN_CAPTEDRAFT_mRNA160748	Mertsp_Mesp_sb576786	43.0	S	0.0
Ctel_gnl_WGS_AMQN_CAPTEDRAFT_mRNA160748	Beraby_Baby_sb326426	43.0	S	0.0
Ctel_gnl_WGS_AMQN_CAPTEDRAFT_mRNA160748	Drygla_Dgla_sb296842	43.0	S	0.0
Ctel_gnl_WGS_AMQN_CAPTEDRAFT_mRNA160748	Emue_Em0018g796a.t1	43.0	S	0.0
Ctel_gnl_WGS_AMQN_CAPTEDRAFT_mRNA160748	Aque_Aqu2.1.02773_001	43.0	S	0.0
Ctel_gnl_WGS_AMQN_CAPTEDRAFT_mRNA160748	Drygla_Dgla_sb296839	43.0	S	0.0
Ctel_gnl_WGS_AMQN_CAPTEDRAFT_mRNA160748	Aque_Aqu2.1.14014_001	43.0	S	0.0
Ctel_gnl_WGS_AMQN_CAPTEDRAFT_mRNA160748	Aque_Aqu2.1.04132_001	43.0	S	0.0
Ctel_gnl_WGS_AMQN_CAPTEDRAFT_mRNA160748	Spolac_c96288_g1_i2_m.12867c94764-g1	43.0	S	0.0
Ctel_gnl_WGS_AMQN_CAPTEDRAFT_mRNA160748	Vmul_sbMO428230	43.0	S	0.0
Ctel_gnl_WGS_AMQN_CAPTEDRAFT_mRNA160748	Drygla_Dgla_sb296841	43.0	S	0.0
Ctel_gnl_WGS_AMQN_CAPTEDRAFT_mRNA160748	Mlei_ML0742.g4.i1	43.0	S	0.0
Ctel_gnl_WGS_AMQN_CAPTEDRAFT_mRNA160748	Drygla_Dgla_sb296840	43.0	S	0.0
Ctel_gnl_WGS_AMQN_CAPTEDRAFT_mRNA160748	Mertsp_Mesp_sb576784	43.0	S	0.0
Ctel_gnl_WGS_AMQN_CAPTEDRAFT_mRNA160748	Pbac_sb2669541	43.0	S	0.0
Ctel_gnl_WGS_AMQN_CAPTEDRAFT_mRNA160748	Tetwil_g3590.t2	43.0	S	0.0
Ctel_gnl_WGS_AMQN_CAPTEDRAFT_mRNA160748	Aque_Aqu2.1.28600_001	43.0	S	0.0
Ctel_gnl_WGS_AMQN_CAPTEDRAFT_mRNA160748	Mertsp_Mesp_sb576785	43.0	S	0.0
Ctel_gnl_WGS_AMQN_CAPTEDRAFT_mRNA160748	Aque_Aqu2.1.28599_001	43.0	S	0.0
Ctel_gnl_WGS_AMQN_CAPTEDRAFT_mRNA160748	Pbac_sb2669544	43.0	S	0.0
Ctel_gnl_WGS_AMQN_CAPTEDRAFT_mRNA160748	Stycar_maker-SC_scaffold4460-snap-gene-0.26-mRNA-1	43.0	S	0.0
Ctel_gnl_WGS_AMQN_CAPTEDRAFT_mRNA160748	Mertsp_Mesp_sb576787	43.0	S	0.0
Ctel_gnl_WGS_AMQN_CAPTEDRAFT_mRNA160748	Lampan_Lpan_1881_01	43.0	S	0.0
Ctel_gnl_WGS_AMQN_CAPTEDRAFT_mRNA160748	Horcal_Hcv1.av93.c7.g243.i1	43.0	S	0.0
Ctel_gnl_WGS_AMQN_CAPTEDRAFT_mRNA160748	Xestes_maker-XT_scaffold16220-snap-gene-0.26-mRNA-1	43.0	S	0.0
Ctel_gnl_WGS_AMQN_CAPTEDRAFT_mRNA160748	Stycar_augustus_masked-SC_scaffold125987-processed-gene-0.0-mRNA-1	43.0	S	0.0
Ctel_gnl_WGS_AMQN_CAPTEDRAFT_mRNA160748	Emue_Em0018g793a.t1	43.0	S	0.0
Ctel_gnl_WGS_AMQN_CAPTEDRAFT_mRNA160748	Plespi_Pspi_scaffold19735_01	43.0	S	0.0
Ctel_gnl_WGS_AMQN_CAPTEDRAFT_mRNA160748	Aque_Aqu2.1.03830_001	43.0	S	0.0
Ctel_gnl_WGS_AMQN_CAPTEDRAFT_mRNA160748	Bolinf_Binf_sb1225476	43.0	S	0.0
Ctel_gnl_WGS_AMQN_CAPTEDRAFT_mRNA160748	Coemet_Cmet_scaffold21533_01	43.0	S	0.0
Ctel_gnl_WGS_AMQN_CAPTEDRAFT_mRNA160748	Emue_Em0018g794a.t1	43.0	S	0.0
Ctel_gnl_WGS_AMQN_CAPTEDRAFT_mRNA160748	Mertsp_Mesp_sb576788	43.0	S	0.0
Ctel_gnl_WGS_AMQN_CAPTEDRAFT_mRNA160748	Plespi_Pspi_scaffold19736_01	43.0	S	0.0
Ctel_gnl_WGS_AMQN_CAPTEDRAFT_mRNA160748	Spolac_c94764_g1_i1_m.10520c94764-g1	43.0	S	0.0
Rhoesc_Res_003036-T1	Pbac_sb2669546	43.0	S	0.0
Rhoesc_Res_003036-T1	Bolinf_Binf_sb1216478	43.0	S	0.0
Rhoesc_Res_003036-T1	Stycar_snap_masked-SC_scaffold48179-processed-gene-0.2-mRNA-1	43.0	S	0.0
Rhoesc_Res_003036-T1	Spolac_c96288_g1_i1_m.12866c94764-g1	43.0	S	0.0
Rhoesc_Res_003036-T1	Bolinf_Binf_sb1216480	43.0	S	0.0
Rhoesc_Res_003036-T1	Bolinf_Binf_sb1216481	43.0	S	0.0
Rhoesc_Res_003036-T1	Stycar_snap_masked-SC_scaffold48179-processed-gene-0.3-mRNA-1	43.0	S	0.0
Rhoesc_Res_003036-T1	Bolinf_Binf_sb1216479	43.0	S	0.0
Rhoesc_Res_003036-T1	Mertsp_Mesp_sb576789	43.0	S	0.0
Rhoesc_Res_003036-T1	Pbac_sb2669542	43.0	S	0.0
Rhoesc_Res_003036-T1	Mertsp_Mesp_sb576786	43.0	S	0.0
Rhoesc_Res_003036-T1	Beraby_Baby_sb326426	43.0	S	0.0
Rhoesc_Res_003036-T1	Drygla_Dgla_sb296842	43.0	S	0.0
Rhoesc_Res_003036-T1	Emue_Em0018g796a.t1	43.0	S	0.0
Rhoesc_Res_003036-T1	Aque_Aqu2.1.02773_001	43.0	S	0.0
Rhoesc_Res_003036-T1	Drygla_Dgla_sb296839	43.0	S	0.0
Rhoesc_Res_003036-T1	Aque_Aqu2.1.14014_001	43.0	S	0.0
Rhoesc_Res_003036-T1	Aque_Aqu2.1.04132_001	43.0	S	0.0
Rhoesc_Res_003036-T1	Spolac_c96288_g1_i2_m.12867c94764-g1	43.0	S	0.0
Rhoesc_Res_003036-T1	Vmul_sbMO428230	43.0	S	0.0
Rhoesc_Res_003036-T1	Drygla_Dgla_sb296841	43.0	S	0.0
Rhoesc_Res_003036-T1	Mlei_ML0742.g4.i1	43.0	S	0.0
Rhoesc_Res_003036-T1	Drygla_Dgla_sb296840	43.0	S	0.0
Rhoesc_Res_003036-T1	Mertsp_Mesp_sb576784	43.0	S	0.0
Rhoesc_Res_003036-T1	Pbac_sb2669541	43.0	S	0.0
Rhoesc_Res_003036-T1	Tetwil_g3590.t2	43.0	S	0.0
Rhoesc_Res_003036-T1	Aque_Aqu2.1.28600_001	43.0	S	0.0
Rhoesc_Res_003036-T1	Mertsp_Mesp_sb576785	43.0	S	0.0
Rhoesc_Res_003036-T1	Aque_Aqu2.1.28599_001	43.0	S	0.0
Rhoesc_Res_003036-T1	Pbac_sb2669544	43.0	S	0.0
Rhoesc_Res_003036-T1	Stycar_maker-SC_scaffold4460-snap-gene-0.26-mRNA-1	43.0	S	0.0
Rhoesc_Res_003036-T1	Mertsp_Mesp_sb576787	43.0	S	0.0
Rhoesc_Res_003036-T1	Lampan_Lpan_1881_01	43.0	S	0.0
Rhoesc_Res_003036-T1	Horcal_Hcv1.av93.c7.g243.i1	43.0	S	0.0
Rhoesc_Res_003036-T1	Xestes_maker-XT_scaffold16220-snap-gene-0.26-mRNA-1	43.0	S	0.0
Rhoesc_Res_003036-T1	Stycar_augustus_masked-SC_scaffold125987-processed-gene-0.0-mRNA-1	43.0	S	0.0
Rhoesc_Res_003036-T1	Emue_Em0018g793a.t1	43.0	S	0.0
Rhoesc_Res_003036-T1	Plespi_Pspi_scaffold19735_01	43.0	S	0.0
Rhoesc_Res_003036-T1	Aque_Aqu2.1.03830_001	43.0	S	0.0
Rhoesc_Res_003036-T1	Bolinf_Binf_sb1225476	43.0	S	0.0
Rhoesc_Res_003036-T1	Coemet_Cmet_scaffold21533_01	43.0	S	0.0
Rhoesc_Res_003036-T1	Emue_Em0018g794a.t1	43.0	S	0.0
Rhoesc_Res_003036-T1	Mertsp_Mesp_sb576788	43.0	S	0.0
Rhoesc_Res_003036-T1	Plespi_Pspi_scaffold19736_01	43.0	S	0.0
Rhoesc_Res_003036-T1	Spolac_c94764_g1_i1_m.10520c94764-g1	43.0	S	0.0
Hsap_ENST00000602795	Pbac_sb2669546	43.0	S	0.0
Hsap_ENST00000602795	Bolinf_Binf_sb1216478	43.0	S	0.0
Hsap_ENST00000602795	Stycar_snap_masked-SC_scaffold48179-processed-gene-0.2-mRNA-1	43.0	S	0.0
Hsap_ENST00000602795	Spolac_c96288_g1_i1_m.12866c94764-g1	43.0	S	0.0
Hsap_ENST00000602795	Bolinf_Binf_sb1216480	43.0	S	0.0
Hsap_ENST00000602795	Bolinf_Binf_sb1216481	43.0	S	0.0
Hsap_ENST00000602795	Stycar_snap_masked-SC_scaffold48179-processed-gene-0.3-mRNA-1	43.0	S	0.0
Hsap_ENST00000602795	Bolinf_Binf_sb1216479	43.0	S	0.0
Hsap_ENST00000602795	Mertsp_Mesp_sb576789	43.0	S	0.0
Hsap_ENST00000602795	Pbac_sb2669542	43.0	S	0.0
Hsap_ENST00000602795	Mertsp_Mesp_sb576786	43.0	S	0.0
Hsap_ENST00000602795	Beraby_Baby_sb326426	43.0	S	0.0
Hsap_ENST00000602795	Drygla_Dgla_sb296842	43.0	S	0.0
Hsap_ENST00000602795	Emue_Em0018g796a.t1	43.0	S	0.0
Hsap_ENST00000602795	Aque_Aqu2.1.02773_001	43.0	S	0.0
Hsap_ENST00000602795	Drygla_Dgla_sb296839	43.0	S	0.0
Hsap_ENST00000602795	Aque_Aqu2.1.14014_001	43.0	S	0.0
Hsap_ENST00000602795	Aque_Aqu2.1.04132_001	43.0	S	0.0
Hsap_ENST00000602795	Spolac_c96288_g1_i2_m.12867c94764-g1	43.0	S	0.0
Hsap_ENST00000602795	Vmul_sbMO428230	43.0	S	0.0
Hsap_ENST00000602795	Drygla_Dgla_sb296841	43.0	S	0.0
Hsap_ENST00000602795	Mlei_ML0742.g4.i1	43.0	S	0.0
Hsap_ENST00000602795	Drygla_Dgla_sb296840	43.0	S	0.0
Hsap_ENST00000602795	Mertsp_Mesp_sb576784	43.0	S	0.0
Hsap_ENST00000602795	Pbac_sb2669541	43.0	S	0.0
Hsap_ENST00000602795	Tetwil_g3590.t2	43.0	S	0.0
Hsap_ENST00000602795	Aque_Aqu2.1.28600_001	43.0	S	0.0
Hsap_ENST00000602795	Mertsp_Mesp_sb576785	43.0	S	0.0
Hsap_ENST00000602795	Aque_Aqu2.1.28599_001	43.0	S	0.0
Hsap_ENST00000602795	Pbac_sb2669544	43.0	S	0.0
Hsap_ENST00000602795	Stycar_maker-SC_scaffold4460-snap-gene-0.26-mRNA-1	43.0	S	0.0
Hsap_ENST00000602795	Mertsp_Mesp_sb576787	43.0	S	0.0
Hsap_ENST00000602795	Lampan_Lpan_1881_01	43.0	S	0.0
Hsap_ENST00000602795	Horcal_Hcv1.av93.c7.g243.i1	43.0	S	0.0
Hsap_ENST00000602795	Xestes_maker-XT_scaffold16220-snap-gene-0.26-mRNA-1	43.0	S	0.0
Hsap_ENST00000602795	Stycar_augustus_masked-SC_scaffold125987-processed-gene-0.0-mRNA-1	43.0	S	0.0
Hsap_ENST00000602795	Emue_Em0018g793a.t1	43.0	S	0.0
Hsap_ENST00000602795	Plespi_Pspi_scaffold19735_01	43.0	S	0.0
Hsap_ENST00000602795	Aque_Aqu2.1.03830_001	43.0	S	0.0
Hsap_ENST00000602795	Bolinf_Binf_sb1225476	43.0	S	0.0
Hsap_ENST00000602795	Coemet_Cmet_scaffold21533_01	43.0	S	0.0
Hsap_ENST00000602795	Emue_Em0018g794a.t1	43.0	S	0.0
Hsap_ENST00000602795	Mertsp_Mesp_sb576788	43.0	S	0.0
Hsap_ENST00000602795	Plespi_Pspi_scaffold19736_01	43.0	S	0.0
Hsap_ENST00000602795	Spolac_c94764_g1_i1_m.10520c94764-g1	43.0	S	0.0
Chem_TCONS_00027827	Pbac_sb2669546	43.0	S	0.0
Chem_TCONS_00027827	Bolinf_Binf_sb1216478	43.0	S	0.0
Chem_TCONS_00027827	Stycar_snap_masked-SC_scaffold48179-processed-gene-0.2-mRNA-1	43.0	S	0.0
Chem_TCONS_00027827	Spolac_c96288_g1_i1_m.12866c94764-g1	43.0	S	0.0
Chem_TCONS_00027827	Bolinf_Binf_sb1216480	43.0	S	0.0
Chem_TCONS_00027827	Bolinf_Binf_sb1216481	43.0	S	0.0
Chem_TCONS_00027827	Stycar_snap_masked-SC_scaffold48179-processed-gene-0.3-mRNA-1	43.0	S	0.0
Chem_TCONS_00027827	Bolinf_Binf_sb1216479	43.0	S	0.0
Chem_TCONS_00027827	Mertsp_Mesp_sb576789	43.0	S	0.0
Chem_TCONS_00027827	Pbac_sb2669542	43.0	S	0.0
Chem_TCONS_00027827	Mertsp_Mesp_sb576786	43.0	S	0.0
Chem_TCONS_00027827	Beraby_Baby_sb326426	43.0	S	0.0
Chem_TCONS_00027827	Drygla_Dgla_sb296842	43.0	S	0.0
Chem_TCONS_00027827	Emue_Em0018g796a.t1	43.0	S	0.0
Chem_TCONS_00027827	Aque_Aqu2.1.02773_001	43.0	S	0.0
Chem_TCONS_00027827	Drygla_Dgla_sb296839	43.0	S	0.0
Chem_TCONS_00027827	Aque_Aqu2.1.14014_001	43.0	S	0.0
Chem_TCONS_00027827	Aque_Aqu2.1.04132_001	43.0	S	0.0
Chem_TCONS_00027827	Spolac_c96288_g1_i2_m.12867c94764-g1	43.0	S	0.0
Chem_TCONS_00027827	Vmul_sbMO428230	43.0	S	0.0
Chem_TCONS_00027827	Drygla_Dgla_sb296841	43.0	S	0.0
Chem_TCONS_00027827	Mlei_ML0742.g4.i1	43.0	S	0.0
Chem_TCONS_00027827	Drygla_Dgla_sb296840	43.0	S	0.0
Chem_TCONS_00027827	Mertsp_Mesp_sb576784	43.0	S	0.0
Chem_TCONS_00027827	Pbac_sb2669541	43.0	S	0.0
Chem_TCONS_00027827	Tetwil_g3590.t2	43.0	S	0.0
Chem_TCONS_00027827	Aque_Aqu2.1.28600_001	43.0	S	0.0
Chem_TCONS_00027827	Mertsp_Mesp_sb576785	43.0	S	0.0
Chem_TCONS_00027827	Aque_Aqu2.1.28599_001	43.0	S	0.0
Chem_TCONS_00027827	Pbac_sb2669544	43.0	S	0.0
Chem_TCONS_00027827	Stycar_maker-SC_scaffold4460-snap-gene-0.26-mRNA-1	43.0	S	0.0
Chem_TCONS_00027827	Mertsp_Mesp_sb576787	43.0	S	0.0
Chem_TCONS_00027827	Lampan_Lpan_1881_01	43.0	S	0.0
Chem_TCONS_00027827	Horcal_Hcv1.av93.c7.g243.i1	43.0	S	0.0
Chem_TCONS_00027827	Xestes_maker-XT_scaffold16220-snap-gene-0.26-mRNA-1	43.0	S	0.0
Chem_TCONS_00027827	Stycar_augustus_masked-SC_scaffold125987-processed-gene-0.0-mRNA-1	43.0	S	0.0
Chem_TCONS_00027827	Emue_Em0018g793a.t1	43.0	S	0.0
Chem_TCONS_00027827	Plespi_Pspi_scaffold19735_01	43.0	S	0.0
Chem_TCONS_00027827	Aque_Aqu2.1.03830_001	43.0	S	0.0
Chem_TCONS_00027827	Bolinf_Binf_sb1225476	43.0	S	0.0
Chem_TCONS_00027827	Coemet_Cmet_scaffold21533_01	43.0	S	0.0
Chem_TCONS_00027827	Emue_Em0018g794a.t1	43.0	S	0.0
Chem_TCONS_00027827	Mertsp_Mesp_sb576788	43.0	S	0.0
Chem_TCONS_00027827	Plespi_Pspi_scaffold19736_01	43.0	S	0.0
Chem_TCONS_00027827	Spolac_c94764_g1_i1_m.10520c94764-g1	43.0	S	0.0
Cgig_XM_034481919.1	Pbac_sb2669546	43.0	S	0.0
Cgig_XM_034481919.1	Bolinf_Binf_sb1216478	43.0	S	0.0
Cgig_XM_034481919.1	Stycar_snap_masked-SC_scaffold48179-processed-gene-0.2-mRNA-1	43.0	S	0.0
Cgig_XM_034481919.1	Spolac_c96288_g1_i1_m.12866c94764-g1	43.0	S	0.0
Cgig_XM_034481919.1	Bolinf_Binf_sb1216480	43.0	S	0.0
Cgig_XM_034481919.1	Bolinf_Binf_sb1216481	43.0	S	0.0
Cgig_XM_034481919.1	Stycar_snap_masked-SC_scaffold48179-processed-gene-0.3-mRNA-1	43.0	S	0.0
Cgig_XM_034481919.1	Bolinf_Binf_sb1216479	43.0	S	0.0
Cgig_XM_034481919.1	Mertsp_Mesp_sb576789	43.0	S	0.0
Cgig_XM_034481919.1	Pbac_sb2669542	43.0	S	0.0
Cgig_XM_034481919.1	Mertsp_Mesp_sb576786	43.0	S	0.0
Cgig_XM_034481919.1	Beraby_Baby_sb326426	43.0	S	0.0
Cgig_XM_034481919.1	Drygla_Dgla_sb296842	43.0	S	0.0
Cgig_XM_034481919.1	Emue_Em0018g796a.t1	43.0	S	0.0
Cgig_XM_034481919.1	Aque_Aqu2.1.02773_001	43.0	S	0.0
Cgig_XM_034481919.1	Drygla_Dgla_sb296839	43.0	S	0.0
Cgig_XM_034481919.1	Aque_Aqu2.1.14014_001	43.0	S	0.0
Cgig_XM_034481919.1	Aque_Aqu2.1.04132_001	43.0	S	0.0
Cgig_XM_034481919.1	Spolac_c96288_g1_i2_m.12867c94764-g1	43.0	S	0.0
Cgig_XM_034481919.1	Vmul_sbMO428230	43.0	S	0.0
Cgig_XM_034481919.1	Drygla_Dgla_sb296841	43.0	S	0.0
Cgig_XM_034481919.1	Mlei_ML0742.g4.i1	43.0	S	0.0
Cgig_XM_034481919.1	Drygla_Dgla_sb296840	43.0	S	0.0
Cgig_XM_034481919.1	Mertsp_Mesp_sb576784	43.0	S	0.0
Cgig_XM_034481919.1	Pbac_sb2669541	43.0	S	0.0
Cgig_XM_034481919.1	Tetwil_g3590.t2	43.0	S	0.0
Cgig_XM_034481919.1	Aque_Aqu2.1.28600_001	43.0	S	0.0
Cgig_XM_034481919.1	Mertsp_Mesp_sb576785	43.0	S	0.0
Cgig_XM_034481919.1	Aque_Aqu2.1.28599_001	43.0	S	0.0
Cgig_XM_034481919.1	Pbac_sb2669544	43.0	S	0.0
Cgig_XM_034481919.1	Stycar_maker-SC_scaffold4460-snap-gene-0.26-mRNA-1	43.0	S	0.0
Cgig_XM_034481919.1	Mertsp_Mesp_sb576787	43.0	S	0.0
Cgig_XM_034481919.1	Lampan_Lpan_1881_01	43.0	S	0.0
Cgig_XM_034481919.1	Horcal_Hcv1.av93.c7.g243.i1	43.0	S	0.0
Cgig_XM_034481919.1	Xestes_maker-XT_scaffold16220-snap-gene-0.26-mRNA-1	43.0	S	0.0
Cgig_XM_034481919.1	Stycar_augustus_masked-SC_scaffold125987-processed-gene-0.0-mRNA-1	43.0	S	0.0
Cgig_XM_034481919.1	Emue_Em0018g793a.t1	43.0	S	0.0
Cgig_XM_034481919.1	Plespi_Pspi_scaffold19735_01	43.0	S	0.0
Cgig_XM_034481919.1	Aque_Aqu2.1.03830_001	43.0	S	0.0
Cgig_XM_034481919.1	Bolinf_Binf_sb1225476	43.0	S	0.0
Cgig_XM_034481919.1	Coemet_Cmet_scaffold21533_01	43.0	S	0.0
Cgig_XM_034481919.1	Emue_Em0018g794a.t1	43.0	S	0.0
Cgig_XM_034481919.1	Mertsp_Mesp_sb576788	43.0	S	0.0
Cgig_XM_034481919.1	Plespi_Pspi_scaffold19736_01	43.0	S	0.0
Cgig_XM_034481919.1	Spolac_c94764_g1_i1_m.10520c94764-g1	43.0	S	0.0
Exapal_XM_021042175.1	Pbac_sb2669546	43.0	S	0.0
Exapal_XM_021042175.1	Bolinf_Binf_sb1216478	43.0	S	0.0
Exapal_XM_021042175.1	Stycar_snap_masked-SC_scaffold48179-processed-gene-0.2-mRNA-1	43.0	S	0.0
Exapal_XM_021042175.1	Spolac_c96288_g1_i1_m.12866c94764-g1	43.0	S	0.0
Exapal_XM_021042175.1	Bolinf_Binf_sb1216480	43.0	S	0.0
Exapal_XM_021042175.1	Bolinf_Binf_sb1216481	43.0	S	0.0
Exapal_XM_021042175.1	Stycar_snap_masked-SC_scaffold48179-processed-gene-0.3-mRNA-1	43.0	S	0.0
Exapal_XM_021042175.1	Bolinf_Binf_sb1216479	43.0	S	0.0
Exapal_XM_021042175.1	Mertsp_Mesp_sb576789	43.0	S	0.0
Exapal_XM_021042175.1	Pbac_sb2669542	43.0	S	0.0
Exapal_XM_021042175.1	Mertsp_Mesp_sb576786	43.0	S	0.0
Exapal_XM_021042175.1	Beraby_Baby_sb326426	43.0	S	0.0
Exapal_XM_021042175.1	Drygla_Dgla_sb296842	43.0	S	0.0
Exapal_XM_021042175.1	Emue_Em0018g796a.t1	43.0	S	0.0
Exapal_XM_021042175.1	Aque_Aqu2.1.02773_001	43.0	S	0.0
Exapal_XM_021042175.1	Drygla_Dgla_sb296839	43.0	S	0.0
Exapal_XM_021042175.1	Aque_Aqu2.1.14014_001	43.0	S	0.0
Exapal_XM_021042175.1	Aque_Aqu2.1.04132_001	43.0	S	0.0
Exapal_XM_021042175.1	Spolac_c96288_g1_i2_m.12867c94764-g1	43.0	S	0.0
Exapal_XM_021042175.1	Vmul_sbMO428230	43.0	S	0.0
Exapal_XM_021042175.1	Drygla_Dgla_sb296841	43.0	S	0.0
Exapal_XM_021042175.1	Mlei_ML0742.g4.i1	43.0	S	0.0
Exapal_XM_021042175.1	Drygla_Dgla_sb296840	43.0	S	0.0
Exapal_XM_021042175.1	Mertsp_Mesp_sb576784	43.0	S	0.0
Exapal_XM_021042175.1	Pbac_sb2669541	43.0	S	0.0
Exapal_XM_021042175.1	Tetwil_g3590.t2	43.0	S	0.0
Exapal_XM_021042175.1	Aque_Aqu2.1.28600_001	43.0	S	0.0
Exapal_XM_021042175.1	Mertsp_Mesp_sb576785	43.0	S	0.0
Exapal_XM_021042175.1	Aque_Aqu2.1.28599_001	43.0	S	0.0
Exapal_XM_021042175.1	Pbac_sb2669544	43.0	S	0.0
Exapal_XM_021042175.1	Stycar_maker-SC_scaffold4460-snap-gene-0.26-mRNA-1	43.0	S	0.0
Exapal_XM_021042175.1	Mertsp_Mesp_sb576787	43.0	S	0.0
Exapal_XM_021042175.1	Lampan_Lpan_1881_01	43.0	S	0.0
Exapal_XM_021042175.1	Horcal_Hcv1.av93.c7.g243.i1	43.0	S	0.0
Exapal_XM_021042175.1	Xestes_maker-XT_scaffold16220-snap-gene-0.26-mRNA-1	43.0	S	0.0
Exapal_XM_021042175.1	Stycar_augustus_masked-SC_scaffold125987-processed-gene-0.0-mRNA-1	43.0	S	0.0
Exapal_XM_021042175.1	Emue_Em0018g793a.t1	43.0	S	0.0
Exapal_XM_021042175.1	Plespi_Pspi_scaffold19735_01	43.0	S	0.0
Exapal_XM_021042175.1	Aque_Aqu2.1.03830_001	43.0	S	0.0
Exapal_XM_021042175.1	Bolinf_Binf_sb1225476	43.0	S	0.0
Exapal_XM_021042175.1	Coemet_Cmet_scaffold21533_01	43.0	S	0.0
Exapal_XM_021042175.1	Emue_Em0018g794a.t1	43.0	S	0.0
Exapal_XM_021042175.1	Mertsp_Mesp_sb576788	43.0	S	0.0
Exapal_XM_021042175.1	Plespi_Pspi_scaffold19736_01	43.0	S	0.0
Exapal_XM_021042175.1	Spolac_c94764_g1_i1_m.10520c94764-g1	43.0	S	0.0
Spis_XP_022790036_1	Pbac_sb2669546	43.0	S	0.0
Spis_XP_022790036_1	Bolinf_Binf_sb1216478	43.0	S	0.0
Spis_XP_022790036_1	Stycar_snap_masked-SC_scaffold48179-processed-gene-0.2-mRNA-1	43.0	S	0.0
Spis_XP_022790036_1	Spolac_c96288_g1_i1_m.12866c94764-g1	43.0	S	0.0
Spis_XP_022790036_1	Bolinf_Binf_sb1216480	43.0	S	0.0
Spis_XP_022790036_1	Bolinf_Binf_sb1216481	43.0	S	0.0
Spis_XP_022790036_1	Stycar_snap_masked-SC_scaffold48179-processed-gene-0.3-mRNA-1	43.0	S	0.0
Spis_XP_022790036_1	Bolinf_Binf_sb1216479	43.0	S	0.0
Spis_XP_022790036_1	Mertsp_Mesp_sb576789	43.0	S	0.0
Spis_XP_022790036_1	Pbac_sb2669542	43.0	S	0.0
Spis_XP_022790036_1	Mertsp_Mesp_sb576786	43.0	S	0.0
Spis_XP_022790036_1	Beraby_Baby_sb326426	43.0	S	0.0
Spis_XP_022790036_1	Drygla_Dgla_sb296842	43.0	S	0.0
Spis_XP_022790036_1	Emue_Em0018g796a.t1	43.0	S	0.0
Spis_XP_022790036_1	Aque_Aqu2.1.02773_001	43.0	S	0.0
Spis_XP_022790036_1	Drygla_Dgla_sb296839	43.0	S	0.0
Spis_XP_022790036_1	Aque_Aqu2.1.14014_001	43.0	S	0.0
Spis_XP_022790036_1	Aque_Aqu2.1.04132_001	43.0	S	0.0
Spis_XP_022790036_1	Spolac_c96288_g1_i2_m.12867c94764-g1	43.0	S	0.0
Spis_XP_022790036_1	Vmul_sbMO428230	43.0	S	0.0
Spis_XP_022790036_1	Drygla_Dgla_sb296841	43.0	S	0.0
Spis_XP_022790036_1	Mlei_ML0742.g4.i1	43.0	S	0.0
Spis_XP_022790036_1	Drygla_Dgla_sb296840	43.0	S	0.0
Spis_XP_022790036_1	Mertsp_Mesp_sb576784	43.0	S	0.0
Spis_XP_022790036_1	Pbac_sb2669541	43.0	S	0.0
Spis_XP_022790036_1	Tetwil_g3590.t2	43.0	S	0.0
Spis_XP_022790036_1	Aque_Aqu2.1.28600_001	43.0	S	0.0
Spis_XP_022790036_1	Mertsp_Mesp_sb576785	43.0	S	0.0
Spis_XP_022790036_1	Aque_Aqu2.1.28599_001	43.0	S	0.0
Spis_XP_022790036_1	Pbac_sb2669544	43.0	S	0.0
Spis_XP_022790036_1	Stycar_maker-SC_scaffold4460-snap-gene-0.26-mRNA-1	43.0	S	0.0
Spis_XP_022790036_1	Mertsp_Mesp_sb576787	43.0	S	0.0
Spis_XP_022790036_1	Lampan_Lpan_1881_01	43.0	S	0.0
Spis_XP_022790036_1	Horcal_Hcv1.av93.c7.g243.i1	43.0	S	0.0
Spis_XP_022790036_1	Xestes_maker-XT_scaffold16220-snap-gene-0.26-mRNA-1	43.0	S	0.0
Spis_XP_022790036_1	Stycar_augustus_masked-SC_scaffold125987-processed-gene-0.0-mRNA-1	43.0	S	0.0
Spis_XP_022790036_1	Emue_Em0018g793a.t1	43.0	S	0.0
Spis_XP_022790036_1	Plespi_Pspi_scaffold19735_01	43.0	S	0.0
Spis_XP_022790036_1	Aque_Aqu2.1.03830_001	43.0	S	0.0
Spis_XP_022790036_1	Bolinf_Binf_sb1225476	43.0	S	0.0
Spis_XP_022790036_1	Coemet_Cmet_scaffold21533_01	43.0	S	0.0
Spis_XP_022790036_1	Emue_Em0018g794a.t1	43.0	S	0.0
Spis_XP_022790036_1	Mertsp_Mesp_sb576788	43.0	S	0.0
Spis_XP_022790036_1	Plespi_Pspi_scaffold19736_01	43.0	S	0.0
Spis_XP_022790036_1	Spolac_c94764_g1_i1_m.10520c94764-g1	43.0	S	0.0
Pocdam_XM_027190439.1	Pbac_sb2669546	43.0	S	0.0
Pocdam_XM_027190439.1	Bolinf_Binf_sb1216478	43.0	S	0.0
Pocdam_XM_027190439.1	Stycar_snap_masked-SC_scaffold48179-processed-gene-0.2-mRNA-1	43.0	S	0.0
Pocdam_XM_027190439.1	Spolac_c96288_g1_i1_m.12866c94764-g1	43.0	S	0.0
Pocdam_XM_027190439.1	Bolinf_Binf_sb1216480	43.0	S	0.0
Pocdam_XM_027190439.1	Bolinf_Binf_sb1216481	43.0	S	0.0
Pocdam_XM_027190439.1	Stycar_snap_masked-SC_scaffold48179-processed-gene-0.3-mRNA-1	43.0	S	0.0
Pocdam_XM_027190439.1	Bolinf_Binf_sb1216479	43.0	S	0.0
Pocdam_XM_027190439.1	Mertsp_Mesp_sb576789	43.0	S	0.0
Pocdam_XM_027190439.1	Pbac_sb2669542	43.0	S	0.0
Pocdam_XM_027190439.1	Mertsp_Mesp_sb576786	43.0	S	0.0
Pocdam_XM_027190439.1	Beraby_Baby_sb326426	43.0	S	0.0
Pocdam_XM_027190439.1	Drygla_Dgla_sb296842	43.0	S	0.0
Pocdam_XM_027190439.1	Emue_Em0018g796a.t1	43.0	S	0.0
Pocdam_XM_027190439.1	Aque_Aqu2.1.02773_001	43.0	S	0.0
Pocdam_XM_027190439.1	Drygla_Dgla_sb296839	43.0	S	0.0
Pocdam_XM_027190439.1	Aque_Aqu2.1.14014_001	43.0	S	0.0
Pocdam_XM_027190439.1	Aque_Aqu2.1.04132_001	43.0	S	0.0
Pocdam_XM_027190439.1	Spolac_c96288_g1_i2_m.12867c94764-g1	43.0	S	0.0
Pocdam_XM_027190439.1	Vmul_sbMO428230	43.0	S	0.0
Pocdam_XM_027190439.1	Drygla_Dgla_sb296841	43.0	S	0.0
Pocdam_XM_027190439.1	Mlei_ML0742.g4.i1	43.0	S	0.0
Pocdam_XM_027190439.1	Drygla_Dgla_sb296840	43.0	S	0.0
Pocdam_XM_027190439.1	Mertsp_Mesp_sb576784	43.0	S	0.0
Pocdam_XM_027190439.1	Pbac_sb2669541	43.0	S	0.0
Pocdam_XM_027190439.1	Tetwil_g3590.t2	43.0	S	0.0
Pocdam_XM_027190439.1	Aque_Aqu2.1.28600_001	43.0	S	0.0
Pocdam_XM_027190439.1	Mertsp_Mesp_sb576785	43.0	S	0.0
Pocdam_XM_027190439.1	Aque_Aqu2.1.28599_001	43.0	S	0.0
Pocdam_XM_027190439.1	Pbac_sb2669544	43.0	S	0.0
Pocdam_XM_027190439.1	Stycar_maker-SC_scaffold4460-snap-gene-0.26-mRNA-1	43.0	S	0.0
Pocdam_XM_027190439.1	Mertsp_Mesp_sb576787	43.0	S	0.0
Pocdam_XM_027190439.1	Lampan_Lpan_1881_01	43.0	S	0.0
Pocdam_XM_027190439.1	Horcal_Hcv1.av93.c7.g243.i1	43.0	S	0.0
Pocdam_XM_027190439.1	Xestes_maker-XT_scaffold16220-snap-gene-0.26-mRNA-1	43.0	S	0.0
Pocdam_XM_027190439.1	Stycar_augustus_masked-SC_scaffold125987-processed-gene-0.0-mRNA-1	43.0	S	0.0
Pocdam_XM_027190439.1	Emue_Em0018g793a.t1	43.0	S	0.0
Pocdam_XM_027190439.1	Plespi_Pspi_scaffold19735_01	43.0	S	0.0
Pocdam_XM_027190439.1	Aque_Aqu2.1.03830_001	43.0	S	0.0
Pocdam_XM_027190439.1	Bolinf_Binf_sb1225476	43.0	S	0.0
Pocdam_XM_027190439.1	Coemet_Cmet_scaffold21533_01	43.0	S	0.0
Pocdam_XM_027190439.1	Emue_Em0018g794a.t1	43.0	S	0.0
Pocdam_XM_027190439.1	Mertsp_Mesp_sb576788	43.0	S	0.0
Pocdam_XM_027190439.1	Plespi_Pspi_scaffold19736_01	43.0	S	0.0
Pocdam_XM_027190439.1	Spolac_c94764_g1_i1_m.10520c94764-g1	43.0	S	0.0
Morvir_scaffold71.g51.t1	Pbac_sb2669546	43.0	S	0.0
Morvir_scaffold71.g51.t1	Bolinf_Binf_sb1216478	43.0	S	0.0
Morvir_scaffold71.g51.t1	Stycar_snap_masked-SC_scaffold48179-processed-gene-0.2-mRNA-1	43.0	S	0.0
Morvir_scaffold71.g51.t1	Spolac_c96288_g1_i1_m.12866c94764-g1	43.0	S	0.0
Morvir_scaffold71.g51.t1	Bolinf_Binf_sb1216480	43.0	S	0.0
Morvir_scaffold71.g51.t1	Bolinf_Binf_sb1216481	43.0	S	0.0
Morvir_scaffold71.g51.t1	Stycar_snap_masked-SC_scaffold48179-processed-gene-0.3-mRNA-1	43.0	S	0.0
Morvir_scaffold71.g51.t1	Bolinf_Binf_sb1216479	43.0	S	0.0
Morvir_scaffold71.g51.t1	Mertsp_Mesp_sb576789	43.0	S	0.0
Morvir_scaffold71.g51.t1	Pbac_sb2669542	43.0	S	0.0
Morvir_scaffold71.g51.t1	Mertsp_Mesp_sb576786	43.0	S	0.0
Morvir_scaffold71.g51.t1	Beraby_Baby_sb326426	43.0	S	0.0
Morvir_scaffold71.g51.t1	Drygla_Dgla_sb296842	43.0	S	0.0
Morvir_scaffold71.g51.t1	Emue_Em0018g796a.t1	43.0	S	0.0
Morvir_scaffold71.g51.t1	Aque_Aqu2.1.02773_001	43.0	S	0.0
Morvir_scaffold71.g51.t1	Drygla_Dgla_sb296839	43.0	S	0.0
Morvir_scaffold71.g51.t1	Aque_Aqu2.1.14014_001	43.0	S	0.0
Morvir_scaffold71.g51.t1	Aque_Aqu2.1.04132_001	43.0	S	0.0
Morvir_scaffold71.g51.t1	Spolac_c96288_g1_i2_m.12867c94764-g1	43.0	S	0.0
Morvir_scaffold71.g51.t1	Vmul_sbMO428230	43.0	S	0.0
Morvir_scaffold71.g51.t1	Drygla_Dgla_sb296841	43.0	S	0.0
Morvir_scaffold71.g51.t1	Mlei_ML0742.g4.i1	43.0	S	0.0
Morvir_scaffold71.g51.t1	Drygla_Dgla_sb296840	43.0	S	0.0
Morvir_scaffold71.g51.t1	Mertsp_Mesp_sb576784	43.0	S	0.0
Morvir_scaffold71.g51.t1	Pbac_sb2669541	43.0	S	0.0
Morvir_scaffold71.g51.t1	Tetwil_g3590.t2	43.0	S	0.0
Morvir_scaffold71.g51.t1	Aque_Aqu2.1.28600_001	43.0	S	0.0
Morvir_scaffold71.g51.t1	Mertsp_Mesp_sb576785	43.0	S	0.0
Morvir_scaffold71.g51.t1	Aque_Aqu2.1.28599_001	43.0	S	0.0
Morvir_scaffold71.g51.t1	Pbac_sb2669544	43.0	S	0.0
Morvir_scaffold71.g51.t1	Stycar_maker-SC_scaffold4460-snap-gene-0.26-mRNA-1	43.0	S	0.0
Morvir_scaffold71.g51.t1	Mertsp_Mesp_sb576787	43.0	S	0.0
Morvir_scaffold71.g51.t1	Lampan_Lpan_1881_01	43.0	S	0.0
Morvir_scaffold71.g51.t1	Horcal_Hcv1.av93.c7.g243.i1	43.0	S	0.0
Morvir_scaffold71.g51.t1	Xestes_maker-XT_scaffold16220-snap-gene-0.26-mRNA-1	43.0	S	0.0
Morvir_scaffold71.g51.t1	Stycar_augustus_masked-SC_scaffold125987-processed-gene-0.0-mRNA-1	43.0	S	0.0
Morvir_scaffold71.g51.t1	Emue_Em0018g793a.t1	43.0	S	0.0
Morvir_scaffold71.g51.t1	Plespi_Pspi_scaffold19735_01	43.0	S	0.0
Morvir_scaffold71.g51.t1	Aque_Aqu2.1.03830_001	43.0	S	0.0
Morvir_scaffold71.g51.t1	Bolinf_Binf_sb1225476	43.0	S	0.0
Morvir_scaffold71.g51.t1	Coemet_Cmet_scaffold21533_01	43.0	S	0.0
Morvir_scaffold71.g51.t1	Emue_Em0018g794a.t1	43.0	S	0.0
Morvir_scaffold71.g51.t1	Mertsp_Mesp_sb576788	43.0	S	0.0
Morvir_scaffold71.g51.t1	Plespi_Pspi_scaffold19736_01	43.0	S	0.0
Morvir_scaffold71.g51.t1	Spolac_c94764_g1_i1_m.10520c94764-g1	43.0	S	0.0
Mylflu_EP00047_Mylnosiga_fluctuans_P007586	Salpun_EP00053_Salpingoeca_punica_P008096	85.0	S	0.0
Mylflu_EP00047_Mylnosiga_fluctuans_P007586	Salmac_EP00052_Salpingoeca_macrocollata_P006544	85.0	S	0.0
Didcos_EP00039_Didymoeca_costata_P013001	Sros_EGD75386	92.0	S	0.0
Didcos_EP00039_Didymoeca_costata_P013001	Chofle_EP00730_Choanoeca_flexa_P000627	92.0	S	0.0
Didcos_EP00039_Didymoeca_costata_P013001	Salinf_EP00049_Salpingoeca_infusionum_P008305	92.0	S	0.0
Didcos_EP00039_Didymoeca_costata_P013001	Microa_EP00043_Microstomoeca_roanoka_P005253	92.0	S	0.0
Didcos_EP00039_Didymoeca_costata_P013001	Choper_EP00045_Choanoeca_perplexa_P012992	92.0	S	0.0
Didcos_EP00039_Didymoeca_costata_P013001	Salinf_EP00049_Salpingoeca_infusionum_P008307	92.0	S	0.0
Diagra_EP00040_Diaphanoeca_grandis_P031070	Sros_EGD75386	92.0	S	0.0
Diagra_EP00040_Diaphanoeca_grandis_P031070	Chofle_EP00730_Choanoeca_flexa_P000627	92.0	S	0.0
Diagra_EP00040_Diaphanoeca_grandis_P031070	Salinf_EP00049_Salpingoeca_infusionum_P008305	92.0	S	0.0
Diagra_EP00040_Diaphanoeca_grandis_P031070	Microa_EP00043_Microstomoeca_roanoka_P005253	92.0	S	0.0
Diagra_EP00040_Diaphanoeca_grandis_P031070	Choper_EP00045_Choanoeca_perplexa_P012992	92.0	S	0.0
Diagra_EP00040_Diaphanoeca_grandis_P031070	Salinf_EP00049_Salpingoeca_infusionum_P008307	92.0	S	0.0
Stedip_EP00041_Stephanoeca_diplocostata_P029207	Sros_EGD75386	92.0	S	0.0
Stedip_EP00041_Stephanoeca_diplocostata_P029207	Chofle_EP00730_Choanoeca_flexa_P000627	92.0	S	0.0
Stedip_EP00041_Stephanoeca_diplocostata_P029207	Salinf_EP00049_Salpingoeca_infusionum_P008305	92.0	S	0.0
Stedip_EP00041_Stephanoeca_diplocostata_P029207	Microa_EP00043_Microstomoeca_roanoka_P005253	92.0	S	0.0
Stedip_EP00041_Stephanoeca_diplocostata_P029207	Choper_EP00045_Choanoeca_perplexa_P012992	92.0	S	0.0
Stedip_EP00041_Stephanoeca_diplocostata_P029207	Salinf_EP00049_Salpingoeca_infusionum_P008307	92.0	S	0.0
Acaspe_EP00035_Acanthoeca_spectabilis_P022877	Sros_EGD75386	92.0	S	0.0
Acaspe_EP00035_Acanthoeca_spectabilis_P022877	Chofle_EP00730_Choanoeca_flexa_P000627	92.0	S	0.0
Acaspe_EP00035_Acanthoeca_spectabilis_P022877	Salinf_EP00049_Salpingoeca_infusionum_P008305	92.0	S	0.0
Acaspe_EP00035_Acanthoeca_spectabilis_P022877	Microa_EP00043_Microstomoeca_roanoka_P005253	92.0	S	0.0
Acaspe_EP00035_Acanthoeca_spectabilis_P022877	Choper_EP00045_Choanoeca_perplexa_P012992	92.0	S	0.0
Acaspe_EP00035_Acanthoeca_spectabilis_P022877	Salinf_EP00049_Salpingoeca_infusionum_P008307	92.0	S	0.0
Helnan_EP00037_Helgoeca_nana_P004136	Sros_EGD75386	92.0	S	0.0
Helnan_EP00037_Helgoeca_nana_P004136	Chofle_EP00730_Choanoeca_flexa_P000627	92.0	S	0.0
Helnan_EP00037_Helgoeca_nana_P004136	Salinf_EP00049_Salpingoeca_infusionum_P008305	92.0	S	0.0
Helnan_EP00037_Helgoeca_nana_P004136	Microa_EP00043_Microstomoeca_roanoka_P005253	92.0	S	0.0
Helnan_EP00037_Helgoeca_nana_P004136	Choper_EP00045_Choanoeca_perplexa_P012992	92.0	S	0.0
Helnan_EP00037_Helgoeca_nana_P004136	Salinf_EP00049_Salpingoeca_infusionum_P008307	92.0	S	0.0
HoiH23_PlH23_001706-RA	HoiH04_mRNA458	98.0	S	0.0
HoiH23_PlH23_001706-RA	Hhon_g09877.t1	98.0	S	0.0
HoiH06_mRNA6953	HoiH04_mRNA458	98.0	S	0.0
HoiH06_mRNA6953	Hhon_g09877.t1	98.0	S	0.0
Opea_EP00118_Oscarella_pearsei_P013022	Opea_EP00118_Oscarella_pearsei_P013023	100.0	D	1.0
Clacor_Ccor_scaffold6935_01	Gracom_Gcom_scaffold11592_01	99.0	S	0.0
Clacor_Ccor_scaffold6935_01	Leuniv_Lniv_scaffold25658_01	99.0	S	0.0
Clacor_Ccor_scaffold6935_01	Scil_scict008773.1	99.0	S	0.0
Clacor_Ccor_scaffold6935_01	Lcom_lcpid51879	99.0	S	0.0
Dpul_mRNA925	Nvec_v1g176382	98.0	S	0.0
Dpul_mRNA925	Adig_XM_015919323.1	98.0	S	0.0
Dpul_mRNA925	Aaur_scaffold173.g1.t1	98.0	S	0.0
Dpul_mRNA925	Exapal_XM_021037075.2	98.0	S	0.0
Dpul_mRNA925	Hvul_g12578_1	98.0	S	0.0
Dpul_mRNA925	Amil_Amillepora34070-RA	98.0	S	0.0
Dpul_mRNA925	Gfas_gfas1.m1.5290.m1	98.0	S	0.0
Dpul_mRNA925	Gasp_gasp1.m3.12480.m1	98.0	S	0.0
Dpul_mRNA925	Nemnom_g13465.t1	98.0	S	0.0
Dpul_mRNA925	Fspp_ffun1.m4.20432.m1	98.0	S	0.0
Dpul_mRNA925	Dgig_XM_028535976.1	98.0	S	0.0
Dpul_mRNA925	Sanmal_Sma_009024-T1	98.0	S	0.0
Dpul_mRNA925	Nvec_v1g199243	98.0	S	0.0
Dpul_mRNA925	Adig_XM_015923890.1	98.0	S	0.0
Dpul_mRNA925	Rhoesc_Res_003036-T1	98.0	S	0.0
Dpul_mRNA925	Chem_TCONS_00027827	98.0	S	0.0
Dpul_mRNA925	Exapal_XM_021042175.1	98.0	S	0.0
Dpul_mRNA925	Spis_XP_022790036_1	98.0	S	0.0
Dpul_mRNA925	Pocdam_XM_027190439.1	98.0	S	0.0
Dpul_mRNA925	Morvir_scaffold71.g51.t1	98.0	S	0.0
Ctel_gnl_WGS_AMQN_CAPTEDRAFT_mRNA160748	Nvec_v1g176382	98.0	S	0.0
Ctel_gnl_WGS_AMQN_CAPTEDRAFT_mRNA160748	Adig_XM_015919323.1	98.0	S	0.0
Ctel_gnl_WGS_AMQN_CAPTEDRAFT_mRNA160748	Aaur_scaffold173.g1.t1	98.0	S	0.0
Ctel_gnl_WGS_AMQN_CAPTEDRAFT_mRNA160748	Exapal_XM_021037075.2	98.0	S	0.0
Ctel_gnl_WGS_AMQN_CAPTEDRAFT_mRNA160748	Hvul_g12578_1	98.0	S	0.0
Ctel_gnl_WGS_AMQN_CAPTEDRAFT_mRNA160748	Amil_Amillepora34070-RA	98.0	S	0.0
Ctel_gnl_WGS_AMQN_CAPTEDRAFT_mRNA160748	Gfas_gfas1.m1.5290.m1	98.0	S	0.0
Ctel_gnl_WGS_AMQN_CAPTEDRAFT_mRNA160748	Gasp_gasp1.m3.12480.m1	98.0	S	0.0
Ctel_gnl_WGS_AMQN_CAPTEDRAFT_mRNA160748	Nemnom_g13465.t1	98.0	S	0.0
Ctel_gnl_WGS_AMQN_CAPTEDRAFT_mRNA160748	Fspp_ffun1.m4.20432.m1	98.0	S	0.0
Ctel_gnl_WGS_AMQN_CAPTEDRAFT_mRNA160748	Dgig_XM_028535976.1	98.0	S	0.0
Ctel_gnl_WGS_AMQN_CAPTEDRAFT_mRNA160748	Sanmal_Sma_009024-T1	98.0	S	0.0
Ctel_gnl_WGS_AMQN_CAPTEDRAFT_mRNA160748	Nvec_v1g199243	98.0	S	0.0
Ctel_gnl_WGS_AMQN_CAPTEDRAFT_mRNA160748	Adig_XM_015923890.1	98.0	S	0.0
Ctel_gnl_WGS_AMQN_CAPTEDRAFT_mRNA160748	Rhoesc_Res_003036-T1	98.0	S	0.0
Ctel_gnl_WGS_AMQN_CAPTEDRAFT_mRNA160748	Chem_TCONS_00027827	98.0	S	0.0
Ctel_gnl_WGS_AMQN_CAPTEDRAFT_mRNA160748	Exapal_XM_021042175.1	98.0	S	0.0
Ctel_gnl_WGS_AMQN_CAPTEDRAFT_mRNA160748	Spis_XP_022790036_1	98.0	S	0.0
Ctel_gnl_WGS_AMQN_CAPTEDRAFT_mRNA160748	Pocdam_XM_027190439.1	98.0	S	0.0
Ctel_gnl_WGS_AMQN_CAPTEDRAFT_mRNA160748	Morvir_scaffold71.g51.t1	98.0	S	0.0
Hsap_ENST00000602795	Nvec_v1g176382	98.0	S	0.0
Hsap_ENST00000602795	Adig_XM_015919323.1	98.0	S	0.0
Hsap_ENST00000602795	Aaur_scaffold173.g1.t1	98.0	S	0.0
Hsap_ENST00000602795	Exapal_XM_021037075.2	98.0	S	0.0
Hsap_ENST00000602795	Hvul_g12578_1	98.0	S	0.0
Hsap_ENST00000602795	Amil_Amillepora34070-RA	98.0	S	0.0
Hsap_ENST00000602795	Gfas_gfas1.m1.5290.m1	98.0	S	0.0
Hsap_ENST00000602795	Gasp_gasp1.m3.12480.m1	98.0	S	0.0
Hsap_ENST00000602795	Nemnom_g13465.t1	98.0	S	0.0
Hsap_ENST00000602795	Fspp_ffun1.m4.20432.m1	98.0	S	0.0
Hsap_ENST00000602795	Dgig_XM_028535976.1	98.0	S	0.0
Hsap_ENST00000602795	Sanmal_Sma_009024-T1	98.0	S	0.0
Hsap_ENST00000602795	Nvec_v1g199243	98.0	S	0.0
Hsap_ENST00000602795	Adig_XM_015923890.1	98.0	S	0.0
Hsap_ENST00000602795	Rhoesc_Res_003036-T1	98.0	S	0.0
Hsap_ENST00000602795	Chem_TCONS_00027827	98.0	S	0.0
Hsap_ENST00000602795	Exapal_XM_021042175.1	98.0	S	0.0
Hsap_ENST00000602795	Spis_XP_022790036_1	98.0	S	0.0
Hsap_ENST00000602795	Pocdam_XM_027190439.1	98.0	S	0.0
Hsap_ENST00000602795	Morvir_scaffold71.g51.t1	98.0	S	0.0
Cscu_XM_023364102.1	Nvec_v1g176382	98.0	S	0.0
Cscu_XM_023364102.1	Adig_XM_015919323.1	98.0	S	0.0
Cscu_XM_023364102.1	Aaur_scaffold173.g1.t1	98.0	S	0.0
Cscu_XM_023364102.1	Exapal_XM_021037075.2	98.0	S	0.0
Cscu_XM_023364102.1	Hvul_g12578_1	98.0	S	0.0
Cscu_XM_023364102.1	Amil_Amillepora34070-RA	98.0	S	0.0
Cscu_XM_023364102.1	Gfas_gfas1.m1.5290.m1	98.0	S	0.0
Cscu_XM_023364102.1	Gasp_gasp1.m3.12480.m1	98.0	S	0.0
Cscu_XM_023364102.1	Nemnom_g13465.t1	98.0	S	0.0
Cscu_XM_023364102.1	Fspp_ffun1.m4.20432.m1	98.0	S	0.0
Cscu_XM_023364102.1	Dgig_XM_028535976.1	98.0	S	0.0
Cscu_XM_023364102.1	Sanmal_Sma_009024-T1	98.0	S	0.0
Cscu_XM_023364102.1	Nvec_v1g199243	98.0	S	0.0
Cscu_XM_023364102.1	Adig_XM_015923890.1	98.0	S	0.0
Cscu_XM_023364102.1	Rhoesc_Res_003036-T1	98.0	S	0.0
Cscu_XM_023364102.1	Chem_TCONS_00027827	98.0	S	0.0
Cscu_XM_023364102.1	Exapal_XM_021042175.1	98.0	S	0.0
Cscu_XM_023364102.1	Spis_XP_022790036_1	98.0	S	0.0
Cscu_XM_023364102.1	Pocdam_XM_027190439.1	98.0	S	0.0
Cscu_XM_023364102.1	Morvir_scaffold71.g51.t1	98.0	S	0.0
Spur_XM_030975295.1	Nvec_v1g176382	98.0	S	0.0
Spur_XM_030975295.1	Adig_XM_015919323.1	98.0	S	0.0
Spur_XM_030975295.1	Aaur_scaffold173.g1.t1	98.0	S	0.0
Spur_XM_030975295.1	Exapal_XM_021037075.2	98.0	S	0.0
Spur_XM_030975295.1	Hvul_g12578_1	98.0	S	0.0
Spur_XM_030975295.1	Amil_Amillepora34070-RA	98.0	S	0.0
Spur_XM_030975295.1	Gfas_gfas1.m1.5290.m1	98.0	S	0.0
Spur_XM_030975295.1	Gasp_gasp1.m3.12480.m1	98.0	S	0.0
Spur_XM_030975295.1	Nemnom_g13465.t1	98.0	S	0.0
Spur_XM_030975295.1	Fspp_ffun1.m4.20432.m1	98.0	S	0.0
Spur_XM_030975295.1	Dgig_XM_028535976.1	98.0	S	0.0
Spur_XM_030975295.1	Sanmal_Sma_009024-T1	98.0	S	0.0
Spur_XM_030975295.1	Nvec_v1g199243	98.0	S	0.0
Spur_XM_030975295.1	Adig_XM_015923890.1	98.0	S	0.0
Spur_XM_030975295.1	Rhoesc_Res_003036-T1	98.0	S	0.0
Spur_XM_030975295.1	Chem_TCONS_00027827	98.0	S	0.0
Spur_XM_030975295.1	Exapal_XM_021042175.1	98.0	S	0.0
Spur_XM_030975295.1	Spis_XP_022790036_1	98.0	S	0.0
Spur_XM_030975295.1	Pocdam_XM_027190439.1	98.0	S	0.0
Spur_XM_030975295.1	Morvir_scaffold71.g51.t1	98.0	S	0.0
Cgig_XM_034481919.1	Nvec_v1g176382	98.0	S	0.0
Cgig_XM_034481919.1	Adig_XM_015919323.1	98.0	S	0.0
Cgig_XM_034481919.1	Aaur_scaffold173.g1.t1	98.0	S	0.0
Cgig_XM_034481919.1	Exapal_XM_021037075.2	98.0	S	0.0
Cgig_XM_034481919.1	Hvul_g12578_1	98.0	S	0.0
Cgig_XM_034481919.1	Amil_Amillepora34070-RA	98.0	S	0.0
Cgig_XM_034481919.1	Gfas_gfas1.m1.5290.m1	98.0	S	0.0
Cgig_XM_034481919.1	Gasp_gasp1.m3.12480.m1	98.0	S	0.0
Cgig_XM_034481919.1	Nemnom_g13465.t1	98.0	S	0.0
Cgig_XM_034481919.1	Fspp_ffun1.m4.20432.m1	98.0	S	0.0
Cgig_XM_034481919.1	Dgig_XM_028535976.1	98.0	S	0.0
Cgig_XM_034481919.1	Sanmal_Sma_009024-T1	98.0	S	0.0
Cgig_XM_034481919.1	Nvec_v1g199243	98.0	S	0.0
Cgig_XM_034481919.1	Adig_XM_015923890.1	98.0	S	0.0
Cgig_XM_034481919.1	Rhoesc_Res_003036-T1	98.0	S	0.0
Cgig_XM_034481919.1	Chem_TCONS_00027827	98.0	S	0.0
Cgig_XM_034481919.1	Exapal_XM_021042175.1	98.0	S	0.0
Cgig_XM_034481919.1	Spis_XP_022790036_1	98.0	S	0.0
Cgig_XM_034481919.1	Pocdam_XM_027190439.1	98.0	S	0.0
Cgig_XM_034481919.1	Morvir_scaffold71.g51.t1	98.0	S	0.0
Spur_XM_030977921.1	Nvec_v1g176382	98.0	S	0.0
Spur_XM_030977921.1	Adig_XM_015919323.1	98.0	S	0.0
Spur_XM_030977921.1	Aaur_scaffold173.g1.t1	98.0	S	0.0
Spur_XM_030977921.1	Exapal_XM_021037075.2	98.0	S	0.0
Spur_XM_030977921.1	Hvul_g12578_1	98.0	S	0.0
Spur_XM_030977921.1	Amil_Amillepora34070-RA	98.0	S	0.0
Spur_XM_030977921.1	Gfas_gfas1.m1.5290.m1	98.0	S	0.0
Spur_XM_030977921.1	Gasp_gasp1.m3.12480.m1	98.0	S	0.0
Spur_XM_030977921.1	Nemnom_g13465.t1	98.0	S	0.0
Spur_XM_030977921.1	Fspp_ffun1.m4.20432.m1	98.0	S	0.0
Spur_XM_030977921.1	Dgig_XM_028535976.1	98.0	S	0.0
Spur_XM_030977921.1	Sanmal_Sma_009024-T1	98.0	S	0.0
Spur_XM_030977921.1	Nvec_v1g199243	98.0	S	0.0
Spur_XM_030977921.1	Adig_XM_015923890.1	98.0	S	0.0
Spur_XM_030977921.1	Rhoesc_Res_003036-T1	98.0	S	0.0
Spur_XM_030977921.1	Chem_TCONS_00027827	98.0	S	0.0
Spur_XM_030977921.1	Exapal_XM_021042175.1	98.0	S	0.0
Spur_XM_030977921.1	Spis_XP_022790036_1	98.0	S	0.0
Spur_XM_030977921.1	Pocdam_XM_027190439.1	98.0	S	0.0
Spur_XM_030977921.1	Morvir_scaffold71.g51.t1	98.0	S	0.0
Acagra_model.g26020.t1.1.5d401061	Nvec_v1g176382	98.0	S	0.0
Acagra_model.g26020.t1.1.5d401061	Adig_XM_015919323.1	98.0	S	0.0
Acagra_model.g26020.t1.1.5d401061	Aaur_scaffold173.g1.t1	98.0	S	0.0
Acagra_model.g26020.t1.1.5d401061	Exapal_XM_021037075.2	98.0	S	0.0
Acagra_model.g26020.t1.1.5d401061	Hvul_g12578_1	98.0	S	0.0
Acagra_model.g26020.t1.1.5d401061	Amil_Amillepora34070-RA	98.0	S	0.0
Acagra_model.g26020.t1.1.5d401061	Gfas_gfas1.m1.5290.m1	98.0	S	0.0
Acagra_model.g26020.t1.1.5d401061	Gasp_gasp1.m3.12480.m1	98.0	S	0.0
Acagra_model.g26020.t1.1.5d401061	Nemnom_g13465.t1	98.0	S	0.0
Acagra_model.g26020.t1.1.5d401061	Fspp_ffun1.m4.20432.m1	98.0	S	0.0
Acagra_model.g26020.t1.1.5d401061	Dgig_XM_028535976.1	98.0	S	0.0
Acagra_model.g26020.t1.1.5d401061	Sanmal_Sma_009024-T1	98.0	S	0.0
Acagra_model.g26020.t1.1.5d401061	Nvec_v1g199243	98.0	S	0.0
Acagra_model.g26020.t1.1.5d401061	Adig_XM_015923890.1	98.0	S	0.0
Acagra_model.g26020.t1.1.5d401061	Rhoesc_Res_003036-T1	98.0	S	0.0
Acagra_model.g26020.t1.1.5d401061	Chem_TCONS_00027827	98.0	S	0.0
Acagra_model.g26020.t1.1.5d401061	Exapal_XM_021042175.1	98.0	S	0.0
Acagra_model.g26020.t1.1.5d401061	Spis_XP_022790036_1	98.0	S	0.0
Acagra_model.g26020.t1.1.5d401061	Pocdam_XM_027190439.1	98.0	S	0.0
Acagra_model.g26020.t1.1.5d401061	Morvir_scaffold71.g51.t1	98.0	S	0.0
Skow_XM_002739496.1	Nvec_v1g176382	98.0	S	0.0
Skow_XM_002739496.1	Adig_XM_015919323.1	98.0	S	0.0
Skow_XM_002739496.1	Aaur_scaffold173.g1.t1	98.0	S	0.0
Skow_XM_002739496.1	Exapal_XM_021037075.2	98.0	S	0.0
Skow_XM_002739496.1	Hvul_g12578_1	98.0	S	0.0
Skow_XM_002739496.1	Amil_Amillepora34070-RA	98.0	S	0.0
Skow_XM_002739496.1	Gfas_gfas1.m1.5290.m1	98.0	S	0.0
Skow_XM_002739496.1	Gasp_gasp1.m3.12480.m1	98.0	S	0.0
Skow_XM_002739496.1	Nemnom_g13465.t1	98.0	S	0.0
Skow_XM_002739496.1	Fspp_ffun1.m4.20432.m1	98.0	S	0.0
Skow_XM_002739496.1	Dgig_XM_028535976.1	98.0	S	0.0
Skow_XM_002739496.1	Sanmal_Sma_009024-T1	98.0	S	0.0
Skow_XM_002739496.1	Nvec_v1g199243	98.0	S	0.0
Skow_XM_002739496.1	Adig_XM_015923890.1	98.0	S	0.0
Skow_XM_002739496.1	Rhoesc_Res_003036-T1	98.0	S	0.0
Skow_XM_002739496.1	Chem_TCONS_00027827	98.0	S	0.0
Skow_XM_002739496.1	Exapal_XM_021042175.1	98.0	S	0.0
Skow_XM_002739496.1	Spis_XP_022790036_1	98.0	S	0.0
Skow_XM_002739496.1	Pocdam_XM_027190439.1	98.0	S	0.0
Skow_XM_002739496.1	Morvir_scaffold71.g51.t1	98.0	S	0.0
Acagra_model.g26020.t1	Nvec_v1g176382	98.0	S	0.0
Acagra_model.g26020.t1	Adig_XM_015919323.1	98.0	S	0.0
Acagra_model.g26020.t1	Aaur_scaffold173.g1.t1	98.0	S	0.0
Acagra_model.g26020.t1	Exapal_XM_021037075.2	98.0	S	0.0
Acagra_model.g26020.t1	Hvul_g12578_1	98.0	S	0.0
Acagra_model.g26020.t1	Amil_Amillepora34070-RA	98.0	S	0.0
Acagra_model.g26020.t1	Gfas_gfas1.m1.5290.m1	98.0	S	0.0
Acagra_model.g26020.t1	Gasp_gasp1.m3.12480.m1	98.0	S	0.0
Acagra_model.g26020.t1	Nemnom_g13465.t1	98.0	S	0.0
Acagra_model.g26020.t1	Fspp_ffun1.m4.20432.m1	98.0	S	0.0
Acagra_model.g26020.t1	Dgig_XM_028535976.1	98.0	S	0.0
Acagra_model.g26020.t1	Sanmal_Sma_009024-T1	98.0	S	0.0
Acagra_model.g26020.t1	Nvec_v1g199243	98.0	S	0.0
Acagra_model.g26020.t1	Adig_XM_015923890.1	98.0	S	0.0
Acagra_model.g26020.t1	Rhoesc_Res_003036-T1	98.0	S	0.0
Acagra_model.g26020.t1	Chem_TCONS_00027827	98.0	S	0.0
Acagra_model.g26020.t1	Exapal_XM_021042175.1	98.0	S	0.0
Acagra_model.g26020.t1	Spis_XP_022790036_1	98.0	S	0.0
Acagra_model.g26020.t1	Pocdam_XM_027190439.1	98.0	S	0.0
Acagra_model.g26020.t1	Morvir_scaffold71.g51.t1	98.0	S	0.0
Bralan_BLAG07000907_1	Nvec_v1g176382	98.0	S	0.0
Bralan_BLAG07000907_1	Adig_XM_015919323.1	98.0	S	0.0
Bralan_BLAG07000907_1	Aaur_scaffold173.g1.t1	98.0	S	0.0
Bralan_BLAG07000907_1	Exapal_XM_021037075.2	98.0	S	0.0
Bralan_BLAG07000907_1	Hvul_g12578_1	98.0	S	0.0
Bralan_BLAG07000907_1	Amil_Amillepora34070-RA	98.0	S	0.0
Bralan_BLAG07000907_1	Gfas_gfas1.m1.5290.m1	98.0	S	0.0
Bralan_BLAG07000907_1	Gasp_gasp1.m3.12480.m1	98.0	S	0.0
Bralan_BLAG07000907_1	Nemnom_g13465.t1	98.0	S	0.0
Bralan_BLAG07000907_1	Fspp_ffun1.m4.20432.m1	98.0	S	0.0
Bralan_BLAG07000907_1	Dgig_XM_028535976.1	98.0	S	0.0
Bralan_BLAG07000907_1	Sanmal_Sma_009024-T1	98.0	S	0.0
Bralan_BLAG07000907_1	Nvec_v1g199243	98.0	S	0.0
Bralan_BLAG07000907_1	Adig_XM_015923890.1	98.0	S	0.0
Bralan_BLAG07000907_1	Rhoesc_Res_003036-T1	98.0	S	0.0
Bralan_BLAG07000907_1	Chem_TCONS_00027827	98.0	S	0.0
Bralan_BLAG07000907_1	Exapal_XM_021042175.1	98.0	S	0.0
Bralan_BLAG07000907_1	Spis_XP_022790036_1	98.0	S	0.0
Bralan_BLAG07000907_1	Pocdam_XM_027190439.1	98.0	S	0.0
Bralan_BLAG07000907_1	Morvir_scaffold71.g51.t1	98.0	S	0.0
Tcas_TC003474_001	Nvec_v1g176382	98.0	S	0.0
Tcas_TC003474_001	Adig_XM_015919323.1	98.0	S	0.0
Tcas_TC003474_001	Aaur_scaffold173.g1.t1	98.0	S	0.0
Tcas_TC003474_001	Exapal_XM_021037075.2	98.0	S	0.0
Tcas_TC003474_001	Hvul_g12578_1	98.0	S	0.0
Tcas_TC003474_001	Amil_Amillepora34070-RA	98.0	S	0.0
Tcas_TC003474_001	Gfas_gfas1.m1.5290.m1	98.0	S	0.0
Tcas_TC003474_001	Gasp_gasp1.m3.12480.m1	98.0	S	0.0
Tcas_TC003474_001	Nemnom_g13465.t1	98.0	S	0.0
Tcas_TC003474_001	Fspp_ffun1.m4.20432.m1	98.0	S	0.0
Tcas_TC003474_001	Dgig_XM_028535976.1	98.0	S	0.0
Tcas_TC003474_001	Sanmal_Sma_009024-T1	98.0	S	0.0
Tcas_TC003474_001	Nvec_v1g199243	98.0	S	0.0
Tcas_TC003474_001	Adig_XM_015923890.1	98.0	S	0.0
Tcas_TC003474_001	Rhoesc_Res_003036-T1	98.0	S	0.0
Tcas_TC003474_001	Chem_TCONS_00027827	98.0	S	0.0
Tcas_TC003474_001	Exapal_XM_021042175.1	98.0	S	0.0
Tcas_TC003474_001	Spis_XP_022790036_1	98.0	S	0.0
Tcas_TC003474_001	Pocdam_XM_027190439.1	98.0	S	0.0
Tcas_TC003474_001	Morvir_scaffold71.g51.t1	98.0	S	0.0
Stycar_snap_masked-SC_scaffold48179-processed-gene-0.2-mRNA-1	Pbac_sb2669546	52.0	S	0.0
Stycar_snap_masked-SC_scaffold48179-processed-gene-0.2-mRNA-1	Bolinf_Binf_sb1216478	52.0	S	0.0
Stycar_snap_masked-SC_scaffold48179-processed-gene-0.2-mRNA-1	Bolinf_Binf_sb1216480	52.0	S	0.0
Stycar_snap_masked-SC_scaffold48179-processed-gene-0.2-mRNA-1	Bolinf_Binf_sb1216481	52.0	S	0.0
Stycar_snap_masked-SC_scaffold48179-processed-gene-0.2-mRNA-1	Bolinf_Binf_sb1216479	52.0	S	0.0
Stycar_snap_masked-SC_scaffold48179-processed-gene-0.2-mRNA-1	Mertsp_Mesp_sb576789	52.0	S	0.0
Stycar_snap_masked-SC_scaffold48179-processed-gene-0.2-mRNA-1	Pbac_sb2669542	52.0	S	0.0
Stycar_snap_masked-SC_scaffold48179-processed-gene-0.2-mRNA-1	Mertsp_Mesp_sb576786	52.0	S	0.0
Stycar_snap_masked-SC_scaffold48179-processed-gene-0.2-mRNA-1	Beraby_Baby_sb326426	52.0	S	0.0
Stycar_snap_masked-SC_scaffold48179-processed-gene-0.2-mRNA-1	Drygla_Dgla_sb296842	52.0	S	0.0
Stycar_snap_masked-SC_scaffold48179-processed-gene-0.2-mRNA-1	Drygla_Dgla_sb296839	52.0	S	0.0
Stycar_snap_masked-SC_scaffold48179-processed-gene-0.2-mRNA-1	Vmul_sbMO428230	52.0	S	0.0
Stycar_snap_masked-SC_scaffold48179-processed-gene-0.2-mRNA-1	Drygla_Dgla_sb296841	52.0	S	0.0
Stycar_snap_masked-SC_scaffold48179-processed-gene-0.2-mRNA-1	Mlei_ML0742.g4.i1	52.0	S	0.0
Stycar_snap_masked-SC_scaffold48179-processed-gene-0.2-mRNA-1	Drygla_Dgla_sb296840	52.0	S	0.0
Stycar_snap_masked-SC_scaffold48179-processed-gene-0.2-mRNA-1	Mertsp_Mesp_sb576784	52.0	S	0.0
Stycar_snap_masked-SC_scaffold48179-processed-gene-0.2-mRNA-1	Pbac_sb2669541	52.0	S	0.0
Stycar_snap_masked-SC_scaffold48179-processed-gene-0.2-mRNA-1	Mertsp_Mesp_sb576785	52.0	S	0.0
Stycar_snap_masked-SC_scaffold48179-processed-gene-0.2-mRNA-1	Pbac_sb2669544	52.0	S	0.0
Stycar_snap_masked-SC_scaffold48179-processed-gene-0.2-mRNA-1	Lampan_Lpan_1881_01	52.0	S	0.0
Stycar_snap_masked-SC_scaffold48179-processed-gene-0.2-mRNA-1	Mertsp_Mesp_sb576787	52.0	S	0.0
Stycar_snap_masked-SC_scaffold48179-processed-gene-0.2-mRNA-1	Horcal_Hcv1.av93.c7.g243.i1	52.0	S	0.0
Stycar_snap_masked-SC_scaffold48179-processed-gene-0.2-mRNA-1	Bolinf_Binf_sb1225476	52.0	S	0.0
Stycar_snap_masked-SC_scaffold48179-processed-gene-0.2-mRNA-1	Coemet_Cmet_scaffold21533_01	52.0	S	0.0
Stycar_snap_masked-SC_scaffold48179-processed-gene-0.2-mRNA-1	Mertsp_Mesp_sb576788	52.0	S	0.0
Spolac_c96288_g1_i1_m.12866c94764-g1	Pbac_sb2669546	52.0	S	0.0
Spolac_c96288_g1_i1_m.12866c94764-g1	Bolinf_Binf_sb1216478	52.0	S	0.0
Spolac_c96288_g1_i1_m.12866c94764-g1	Bolinf_Binf_sb1216480	52.0	S	0.0
Spolac_c96288_g1_i1_m.12866c94764-g1	Bolinf_Binf_sb1216481	52.0	S	0.0
Spolac_c96288_g1_i1_m.12866c94764-g1	Bolinf_Binf_sb1216479	52.0	S	0.0
Spolac_c96288_g1_i1_m.12866c94764-g1	Mertsp_Mesp_sb576789	52.0	S	0.0
Spolac_c96288_g1_i1_m.12866c94764-g1	Pbac_sb2669542	52.0	S	0.0
Spolac_c96288_g1_i1_m.12866c94764-g1	Mertsp_Mesp_sb576786	52.0	S	0.0
Spolac_c96288_g1_i1_m.12866c94764-g1	Beraby_Baby_sb326426	52.0	S	0.0
Spolac_c96288_g1_i1_m.12866c94764-g1	Drygla_Dgla_sb296842	52.0	S	0.0
Spolac_c96288_g1_i1_m.12866c94764-g1	Drygla_Dgla_sb296839	52.0	S	0.0
Spolac_c96288_g1_i1_m.12866c94764-g1	Vmul_sbMO428230	52.0	S	0.0
Spolac_c96288_g1_i1_m.12866c94764-g1	Drygla_Dgla_sb296841	52.0	S	0.0
Spolac_c96288_g1_i1_m.12866c94764-g1	Mlei_ML0742.g4.i1	52.0	S	0.0
Spolac_c96288_g1_i1_m.12866c94764-g1	Drygla_Dgla_sb296840	52.0	S	0.0
Spolac_c96288_g1_i1_m.12866c94764-g1	Mertsp_Mesp_sb576784	52.0	S	0.0
Spolac_c96288_g1_i1_m.12866c94764-g1	Pbac_sb2669541	52.0	S	0.0
Spolac_c96288_g1_i1_m.12866c94764-g1	Mertsp_Mesp_sb576785	52.0	S	0.0
Spolac_c96288_g1_i1_m.12866c94764-g1	Pbac_sb2669544	52.0	S	0.0
Spolac_c96288_g1_i1_m.12866c94764-g1	Lampan_Lpan_1881_01	52.0	S	0.0
Spolac_c96288_g1_i1_m.12866c94764-g1	Mertsp_Mesp_sb576787	52.0	S	0.0
Spolac_c96288_g1_i1_m.12866c94764-g1	Horcal_Hcv1.av93.c7.g243.i1	52.0	S	0.0
Spolac_c96288_g1_i1_m.12866c94764-g1	Bolinf_Binf_sb1225476	52.0	S	0.0
Spolac_c96288_g1_i1_m.12866c94764-g1	Coemet_Cmet_scaffold21533_01	52.0	S	0.0
Spolac_c96288_g1_i1_m.12866c94764-g1	Mertsp_Mesp_sb576788	52.0	S	0.0
Stycar_snap_masked-SC_scaffold48179-processed-gene-0.3-mRNA-1	Pbac_sb2669546	52.0	S	0.0
Stycar_snap_masked-SC_scaffold48179-processed-gene-0.3-mRNA-1	Bolinf_Binf_sb1216478	52.0	S	0.0
Stycar_snap_masked-SC_scaffold48179-processed-gene-0.3-mRNA-1	Bolinf_Binf_sb1216480	52.0	S	0.0
Stycar_snap_masked-SC_scaffold48179-processed-gene-0.3-mRNA-1	Bolinf_Binf_sb1216481	52.0	S	0.0
Stycar_snap_masked-SC_scaffold48179-processed-gene-0.3-mRNA-1	Bolinf_Binf_sb1216479	52.0	S	0.0
Stycar_snap_masked-SC_scaffold48179-processed-gene-0.3-mRNA-1	Mertsp_Mesp_sb576789	52.0	S	0.0
Stycar_snap_masked-SC_scaffold48179-processed-gene-0.3-mRNA-1	Pbac_sb2669542	52.0	S	0.0
Stycar_snap_masked-SC_scaffold48179-processed-gene-0.3-mRNA-1	Mertsp_Mesp_sb576786	52.0	S	0.0
Stycar_snap_masked-SC_scaffold48179-processed-gene-0.3-mRNA-1	Beraby_Baby_sb326426	52.0	S	0.0
Stycar_snap_masked-SC_scaffold48179-processed-gene-0.3-mRNA-1	Drygla_Dgla_sb296842	52.0	S	0.0
Stycar_snap_masked-SC_scaffold48179-processed-gene-0.3-mRNA-1	Drygla_Dgla_sb296839	52.0	S	0.0
Stycar_snap_masked-SC_scaffold48179-processed-gene-0.3-mRNA-1	Vmul_sbMO428230	52.0	S	0.0
Stycar_snap_masked-SC_scaffold48179-processed-gene-0.3-mRNA-1	Drygla_Dgla_sb296841	52.0	S	0.0
Stycar_snap_masked-SC_scaffold48179-processed-gene-0.3-mRNA-1	Mlei_ML0742.g4.i1	52.0	S	0.0
Stycar_snap_masked-SC_scaffold48179-processed-gene-0.3-mRNA-1	Drygla_Dgla_sb296840	52.0	S	0.0
Stycar_snap_masked-SC_scaffold48179-processed-gene-0.3-mRNA-1	Mertsp_Mesp_sb576784	52.0	S	0.0
Stycar_snap_masked-SC_scaffold48179-processed-gene-0.3-mRNA-1	Pbac_sb2669541	52.0	S	0.0
Stycar_snap_masked-SC_scaffold48179-processed-gene-0.3-mRNA-1	Mertsp_Mesp_sb576785	52.0	S	0.0
Stycar_snap_masked-SC_scaffold48179-processed-gene-0.3-mRNA-1	Pbac_sb2669544	52.0	S	0.0
Stycar_snap_masked-SC_scaffold48179-processed-gene-0.3-mRNA-1	Lampan_Lpan_1881_01	52.0	S	0.0
Stycar_snap_masked-SC_scaffold48179-processed-gene-0.3-mRNA-1	Mertsp_Mesp_sb576787	52.0	S	0.0
Stycar_snap_masked-SC_scaffold48179-processed-gene-0.3-mRNA-1	Horcal_Hcv1.av93.c7.g243.i1	52.0	S	0.0
Stycar_snap_masked-SC_scaffold48179-processed-gene-0.3-mRNA-1	Bolinf_Binf_sb1225476	52.0	S	0.0
Stycar_snap_masked-SC_scaffold48179-processed-gene-0.3-mRNA-1	Coemet_Cmet_scaffold21533_01	52.0	S	0.0
Stycar_snap_masked-SC_scaffold48179-processed-gene-0.3-mRNA-1	Mertsp_Mesp_sb576788	52.0	S	0.0
Emue_Em0018g796a.t1	Pbac_sb2669546	52.0	S	0.0
Emue_Em0018g796a.t1	Bolinf_Binf_sb1216478	52.0	S	0.0
Emue_Em0018g796a.t1	Bolinf_Binf_sb1216480	52.0	S	0.0
Emue_Em0018g796a.t1	Bolinf_Binf_sb1216481	52.0	S	0.0
Emue_Em0018g796a.t1	Bolinf_Binf_sb1216479	52.0	S	0.0
Emue_Em0018g796a.t1	Mertsp_Mesp_sb576789	52.0	S	0.0
Emue_Em0018g796a.t1	Pbac_sb2669542	52.0	S	0.0
Emue_Em0018g796a.t1	Mertsp_Mesp_sb576786	52.0	S	0.0
Emue_Em0018g796a.t1	Beraby_Baby_sb326426	52.0	S	0.0
Emue_Em0018g796a.t1	Drygla_Dgla_sb296842	52.0	S	0.0
Emue_Em0018g796a.t1	Drygla_Dgla_sb296839	52.0	S	0.0
Emue_Em0018g796a.t1	Vmul_sbMO428230	52.0	S	0.0
Emue_Em0018g796a.t1	Drygla_Dgla_sb296841	52.0	S	0.0
Emue_Em0018g796a.t1	Mlei_ML0742.g4.i1	52.0	S	0.0
Emue_Em0018g796a.t1	Drygla_Dgla_sb296840	52.0	S	0.0
Emue_Em0018g796a.t1	Mertsp_Mesp_sb576784	52.0	S	0.0
Emue_Em0018g796a.t1	Pbac_sb2669541	52.0	S	0.0
Emue_Em0018g796a.t1	Mertsp_Mesp_sb576785	52.0	S	0.0
Emue_Em0018g796a.t1	Pbac_sb2669544	52.0	S	0.0
Emue_Em0018g796a.t1	Lampan_Lpan_1881_01	52.0	S	0.0
Emue_Em0018g796a.t1	Mertsp_Mesp_sb576787	52.0	S	0.0
Emue_Em0018g796a.t1	Horcal_Hcv1.av93.c7.g243.i1	52.0	S	0.0
Emue_Em0018g796a.t1	Bolinf_Binf_sb1225476	52.0	S	0.0
Emue_Em0018g796a.t1	Coemet_Cmet_scaffold21533_01	52.0	S	0.0
Emue_Em0018g796a.t1	Mertsp_Mesp_sb576788	52.0	S	0.0
Aque_Aqu2.1.02773_001	Pbac_sb2669546	52.0	S	0.0
Aque_Aqu2.1.02773_001	Bolinf_Binf_sb1216478	52.0	S	0.0
Aque_Aqu2.1.02773_001	Bolinf_Binf_sb1216480	52.0	S	0.0
Aque_Aqu2.1.02773_001	Bolinf_Binf_sb1216481	52.0	S	0.0
Aque_Aqu2.1.02773_001	Bolinf_Binf_sb1216479	52.0	S	0.0
Aque_Aqu2.1.02773_001	Mertsp_Mesp_sb576789	52.0	S	0.0
Aque_Aqu2.1.02773_001	Pbac_sb2669542	52.0	S	0.0
Aque_Aqu2.1.02773_001	Mertsp_Mesp_sb576786	52.0	S	0.0
Aque_Aqu2.1.02773_001	Beraby_Baby_sb326426	52.0	S	0.0
Aque_Aqu2.1.02773_001	Drygla_Dgla_sb296842	52.0	S	0.0
Aque_Aqu2.1.02773_001	Drygla_Dgla_sb296839	52.0	S	0.0
Aque_Aqu2.1.02773_001	Vmul_sbMO428230	52.0	S	0.0
Aque_Aqu2.1.02773_001	Drygla_Dgla_sb296841	52.0	S	0.0
Aque_Aqu2.1.02773_001	Mlei_ML0742.g4.i1	52.0	S	0.0
Aque_Aqu2.1.02773_001	Drygla_Dgla_sb296840	52.0	S	0.0
Aque_Aqu2.1.02773_001	Mertsp_Mesp_sb576784	52.0	S	0.0
Aque_Aqu2.1.02773_001	Pbac_sb2669541	52.0	S	0.0
Aque_Aqu2.1.02773_001	Mertsp_Mesp_sb576785	52.0	S	0.0
Aque_Aqu2.1.02773_001	Pbac_sb2669544	52.0	S	0.0
Aque_Aqu2.1.02773_001	Lampan_Lpan_1881_01	52.0	S	0.0
Aque_Aqu2.1.02773_001	Mertsp_Mesp_sb576787	52.0	S	0.0
Aque_Aqu2.1.02773_001	Horcal_Hcv1.av93.c7.g243.i1	52.0	S	0.0
Aque_Aqu2.1.02773_001	Bolinf_Binf_sb1225476	52.0	S	0.0
Aque_Aqu2.1.02773_001	Coemet_Cmet_scaffold21533_01	52.0	S	0.0
Aque_Aqu2.1.02773_001	Mertsp_Mesp_sb576788	52.0	S	0.0
Aque_Aqu2.1.14014_001	Pbac_sb2669546	52.0	S	0.0
Aque_Aqu2.1.14014_001	Bolinf_Binf_sb1216478	52.0	S	0.0
Aque_Aqu2.1.14014_001	Bolinf_Binf_sb1216480	52.0	S	0.0
Aque_Aqu2.1.14014_001	Bolinf_Binf_sb1216481	52.0	S	0.0
Aque_Aqu2.1.14014_001	Bolinf_Binf_sb1216479	52.0	S	0.0
Aque_Aqu2.1.14014_001	Mertsp_Mesp_sb576789	52.0	S	0.0
Aque_Aqu2.1.14014_001	Pbac_sb2669542	52.0	S	0.0
Aque_Aqu2.1.14014_001	Mertsp_Mesp_sb576786	52.0	S	0.0
Aque_Aqu2.1.14014_001	Beraby_Baby_sb326426	52.0	S	0.0
Aque_Aqu2.1.14014_001	Drygla_Dgla_sb296842	52.0	S	0.0
Aque_Aqu2.1.14014_001	Drygla_Dgla_sb296839	52.0	S	0.0
Aque_Aqu2.1.14014_001	Vmul_sbMO428230	52.0	S	0.0
Aque_Aqu2.1.14014_001	Drygla_Dgla_sb296841	52.0	S	0.0
Aque_Aqu2.1.14014_001	Mlei_ML0742.g4.i1	52.0	S	0.0
Aque_Aqu2.1.14014_001	Drygla_Dgla_sb296840	52.0	S	0.0
Aque_Aqu2.1.14014_001	Mertsp_Mesp_sb576784	52.0	S	0.0
Aque_Aqu2.1.14014_001	Pbac_sb2669541	52.0	S	0.0
Aque_Aqu2.1.14014_001	Mertsp_Mesp_sb576785	52.0	S	0.0
Aque_Aqu2.1.14014_001	Pbac_sb2669544	52.0	S	0.0
Aque_Aqu2.1.14014_001	Lampan_Lpan_1881_01	52.0	S	0.0
Aque_Aqu2.1.14014_001	Mertsp_Mesp_sb576787	52.0	S	0.0
Aque_Aqu2.1.14014_001	Horcal_Hcv1.av93.c7.g243.i1	52.0	S	0.0
Aque_Aqu2.1.14014_001	Bolinf_Binf_sb1225476	52.0	S	0.0
Aque_Aqu2.1.14014_001	Coemet_Cmet_scaffold21533_01	52.0	S	0.0
Aque_Aqu2.1.14014_001	Mertsp_Mesp_sb576788	52.0	S	0.0
Aque_Aqu2.1.04132_001	Pbac_sb2669546	52.0	S	0.0
Aque_Aqu2.1.04132_001	Bolinf_Binf_sb1216478	52.0	S	0.0
Aque_Aqu2.1.04132_001	Bolinf_Binf_sb1216480	52.0	S	0.0
Aque_Aqu2.1.04132_001	Bolinf_Binf_sb1216481	52.0	S	0.0
Aque_Aqu2.1.04132_001	Bolinf_Binf_sb1216479	52.0	S	0.0
Aque_Aqu2.1.04132_001	Mertsp_Mesp_sb576789	52.0	S	0.0
Aque_Aqu2.1.04132_001	Pbac_sb2669542	52.0	S	0.0
Aque_Aqu2.1.04132_001	Mertsp_Mesp_sb576786	52.0	S	0.0
Aque_Aqu2.1.04132_001	Beraby_Baby_sb326426	52.0	S	0.0
Aque_Aqu2.1.04132_001	Drygla_Dgla_sb296842	52.0	S	0.0
Aque_Aqu2.1.04132_001	Drygla_Dgla_sb296839	52.0	S	0.0
Aque_Aqu2.1.04132_001	Vmul_sbMO428230	52.0	S	0.0
Aque_Aqu2.1.04132_001	Drygla_Dgla_sb296841	52.0	S	0.0
Aque_Aqu2.1.04132_001	Mlei_ML0742.g4.i1	52.0	S	0.0
Aque_Aqu2.1.04132_001	Drygla_Dgla_sb296840	52.0	S	0.0
Aque_Aqu2.1.04132_001	Mertsp_Mesp_sb576784	52.0	S	0.0
Aque_Aqu2.1.04132_001	Pbac_sb2669541	52.0	S	0.0
Aque_Aqu2.1.04132_001	Mertsp_Mesp_sb576785	52.0	S	0.0
Aque_Aqu2.1.04132_001	Pbac_sb2669544	52.0	S	0.0
Aque_Aqu2.1.04132_001	Lampan_Lpan_1881_01	52.0	S	0.0
Aque_Aqu2.1.04132_001	Mertsp_Mesp_sb576787	52.0	S	0.0
Aque_Aqu2.1.04132_001	Horcal_Hcv1.av93.c7.g243.i1	52.0	S	0.0
Aque_Aqu2.1.04132_001	Bolinf_Binf_sb1225476	52.0	S	0.0
Aque_Aqu2.1.04132_001	Coemet_Cmet_scaffold21533_01	52.0	S	0.0
Aque_Aqu2.1.04132_001	Mertsp_Mesp_sb576788	52.0	S	0.0
Spolac_c96288_g1_i2_m.12867c94764-g1	Pbac_sb2669546	52.0	S	0.0
Spolac_c96288_g1_i2_m.12867c94764-g1	Bolinf_Binf_sb1216478	52.0	S	0.0
Spolac_c96288_g1_i2_m.12867c94764-g1	Bolinf_Binf_sb1216480	52.0	S	0.0
Spolac_c96288_g1_i2_m.12867c94764-g1	Bolinf_Binf_sb1216481	52.0	S	0.0
Spolac_c96288_g1_i2_m.12867c94764-g1	Bolinf_Binf_sb1216479	52.0	S	0.0
Spolac_c96288_g1_i2_m.12867c94764-g1	Mertsp_Mesp_sb576789	52.0	S	0.0
Spolac_c96288_g1_i2_m.12867c94764-g1	Pbac_sb2669542	52.0	S	0.0
Spolac_c96288_g1_i2_m.12867c94764-g1	Mertsp_Mesp_sb576786	52.0	S	0.0
Spolac_c96288_g1_i2_m.12867c94764-g1	Beraby_Baby_sb326426	52.0	S	0.0
Spolac_c96288_g1_i2_m.12867c94764-g1	Drygla_Dgla_sb296842	52.0	S	0.0
Spolac_c96288_g1_i2_m.12867c94764-g1	Drygla_Dgla_sb296839	52.0	S	0.0
Spolac_c96288_g1_i2_m.12867c94764-g1	Vmul_sbMO428230	52.0	S	0.0
Spolac_c96288_g1_i2_m.12867c94764-g1	Drygla_Dgla_sb296841	52.0	S	0.0
Spolac_c96288_g1_i2_m.12867c94764-g1	Mlei_ML0742.g4.i1	52.0	S	0.0
Spolac_c96288_g1_i2_m.12867c94764-g1	Drygla_Dgla_sb296840	52.0	S	0.0
Spolac_c96288_g1_i2_m.12867c94764-g1	Mertsp_Mesp_sb576784	52.0	S	0.0
Spolac_c96288_g1_i2_m.12867c94764-g1	Pbac_sb2669541	52.0	S	0.0
Spolac_c96288_g1_i2_m.12867c94764-g1	Mertsp_Mesp_sb576785	52.0	S	0.0
Spolac_c96288_g1_i2_m.12867c94764-g1	Pbac_sb2669544	52.0	S	0.0
Spolac_c96288_g1_i2_m.12867c94764-g1	Lampan_Lpan_1881_01	52.0	S	0.0
Spolac_c96288_g1_i2_m.12867c94764-g1	Mertsp_Mesp_sb576787	52.0	S	0.0
Spolac_c96288_g1_i2_m.12867c94764-g1	Horcal_Hcv1.av93.c7.g243.i1	52.0	S	0.0
Spolac_c96288_g1_i2_m.12867c94764-g1	Bolinf_Binf_sb1225476	52.0	S	0.0
Spolac_c96288_g1_i2_m.12867c94764-g1	Coemet_Cmet_scaffold21533_01	52.0	S	0.0
Spolac_c96288_g1_i2_m.12867c94764-g1	Mertsp_Mesp_sb576788	52.0	S	0.0
Tetwil_g3590.t2	Pbac_sb2669546	52.0	S	0.0
Tetwil_g3590.t2	Bolinf_Binf_sb1216478	52.0	S	0.0
Tetwil_g3590.t2	Bolinf_Binf_sb1216480	52.0	S	0.0
Tetwil_g3590.t2	Bolinf_Binf_sb1216481	52.0	S	0.0
Tetwil_g3590.t2	Bolinf_Binf_sb1216479	52.0	S	0.0
Tetwil_g3590.t2	Mertsp_Mesp_sb576789	52.0	S	0.0
Tetwil_g3590.t2	Pbac_sb2669542	52.0	S	0.0
Tetwil_g3590.t2	Mertsp_Mesp_sb576786	52.0	S	0.0
Tetwil_g3590.t2	Beraby_Baby_sb326426	52.0	S	0.0
Tetwil_g3590.t2	Drygla_Dgla_sb296842	52.0	S	0.0
Tetwil_g3590.t2	Drygla_Dgla_sb296839	52.0	S	0.0
Tetwil_g3590.t2	Vmul_sbMO428230	52.0	S	0.0
Tetwil_g3590.t2	Drygla_Dgla_sb296841	52.0	S	0.0
Tetwil_g3590.t2	Mlei_ML0742.g4.i1	52.0	S	0.0
Tetwil_g3590.t2	Drygla_Dgla_sb296840	52.0	S	0.0
Tetwil_g3590.t2	Mertsp_Mesp_sb576784	52.0	S	0.0
Tetwil_g3590.t2	Pbac_sb2669541	52.0	S	0.0
Tetwil_g3590.t2	Mertsp_Mesp_sb576785	52.0	S	0.0
Tetwil_g3590.t2	Pbac_sb2669544	52.0	S	0.0
Tetwil_g3590.t2	Lampan_Lpan_1881_01	52.0	S	0.0
Tetwil_g3590.t2	Mertsp_Mesp_sb576787	52.0	S	0.0
Tetwil_g3590.t2	Horcal_Hcv1.av93.c7.g243.i1	52.0	S	0.0
Tetwil_g3590.t2	Bolinf_Binf_sb1225476	52.0	S	0.0
Tetwil_g3590.t2	Coemet_Cmet_scaffold21533_01	52.0	S	0.0
Tetwil_g3590.t2	Mertsp_Mesp_sb576788	52.0	S	0.0
Aque_Aqu2.1.28600_001	Pbac_sb2669546	52.0	S	0.0
Aque_Aqu2.1.28600_001	Bolinf_Binf_sb1216478	52.0	S	0.0
Aque_Aqu2.1.28600_001	Bolinf_Binf_sb1216480	52.0	S	0.0
Aque_Aqu2.1.28600_001	Bolinf_Binf_sb1216481	52.0	S	0.0
Aque_Aqu2.1.28600_001	Bolinf_Binf_sb1216479	52.0	S	0.0
Aque_Aqu2.1.28600_001	Mertsp_Mesp_sb576789	52.0	S	0.0
Aque_Aqu2.1.28600_001	Pbac_sb2669542	52.0	S	0.0
Aque_Aqu2.1.28600_001	Mertsp_Mesp_sb576786	52.0	S	0.0
Aque_Aqu2.1.28600_001	Beraby_Baby_sb326426	52.0	S	0.0
Aque_Aqu2.1.28600_001	Drygla_Dgla_sb296842	52.0	S	0.0
Aque_Aqu2.1.28600_001	Drygla_Dgla_sb296839	52.0	S	0.0
Aque_Aqu2.1.28600_001	Vmul_sbMO428230	52.0	S	0.0
Aque_Aqu2.1.28600_001	Drygla_Dgla_sb296841	52.0	S	0.0
Aque_Aqu2.1.28600_001	Mlei_ML0742.g4.i1	52.0	S	0.0
Aque_Aqu2.1.28600_001	Drygla_Dgla_sb296840	52.0	S	0.0
Aque_Aqu2.1.28600_001	Mertsp_Mesp_sb576784	52.0	S	0.0
Aque_Aqu2.1.28600_001	Pbac_sb2669541	52.0	S	0.0
Aque_Aqu2.1.28600_001	Mertsp_Mesp_sb576785	52.0	S	0.0
Aque_Aqu2.1.28600_001	Pbac_sb2669544	52.0	S	0.0
Aque_Aqu2.1.28600_001	Lampan_Lpan_1881_01	52.0	S	0.0
Aque_Aqu2.1.28600_001	Mertsp_Mesp_sb576787	52.0	S	0.0
Aque_Aqu2.1.28600_001	Horcal_Hcv1.av93.c7.g243.i1	52.0	S	0.0
Aque_Aqu2.1.28600_001	Bolinf_Binf_sb1225476	52.0	S	0.0
Aque_Aqu2.1.28600_001	Coemet_Cmet_scaffold21533_01	52.0	S	0.0
Aque_Aqu2.1.28600_001	Mertsp_Mesp_sb576788	52.0	S	0.0
Aque_Aqu2.1.28599_001	Pbac_sb2669546	52.0	S	0.0
Aque_Aqu2.1.28599_001	Bolinf_Binf_sb1216478	52.0	S	0.0
Aque_Aqu2.1.28599_001	Bolinf_Binf_sb1216480	52.0	S	0.0
Aque_Aqu2.1.28599_001	Bolinf_Binf_sb1216481	52.0	S	0.0
Aque_Aqu2.1.28599_001	Bolinf_Binf_sb1216479	52.0	S	0.0
Aque_Aqu2.1.28599_001	Mertsp_Mesp_sb576789	52.0	S	0.0
Aque_Aqu2.1.28599_001	Pbac_sb2669542	52.0	S	0.0
Aque_Aqu2.1.28599_001	Mertsp_Mesp_sb576786	52.0	S	0.0
Aque_Aqu2.1.28599_001	Beraby_Baby_sb326426	52.0	S	0.0
Aque_Aqu2.1.28599_001	Drygla_Dgla_sb296842	52.0	S	0.0
Aque_Aqu2.1.28599_001	Drygla_Dgla_sb296839	52.0	S	0.0
Aque_Aqu2.1.28599_001	Vmul_sbMO428230	52.0	S	0.0
Aque_Aqu2.1.28599_001	Drygla_Dgla_sb296841	52.0	S	0.0
Aque_Aqu2.1.28599_001	Mlei_ML0742.g4.i1	52.0	S	0.0
Aque_Aqu2.1.28599_001	Drygla_Dgla_sb296840	52.0	S	0.0
Aque_Aqu2.1.28599_001	Mertsp_Mesp_sb576784	52.0	S	0.0
Aque_Aqu2.1.28599_001	Pbac_sb2669541	52.0	S	0.0
Aque_Aqu2.1.28599_001	Mertsp_Mesp_sb576785	52.0	S	0.0
Aque_Aqu2.1.28599_001	Pbac_sb2669544	52.0	S	0.0
Aque_Aqu2.1.28599_001	Lampan_Lpan_1881_01	52.0	S	0.0
Aque_Aqu2.1.28599_001	Mertsp_Mesp_sb576787	52.0	S	0.0
Aque_Aqu2.1.28599_001	Horcal_Hcv1.av93.c7.g243.i1	52.0	S	0.0
Aque_Aqu2.1.28599_001	Bolinf_Binf_sb1225476	52.0	S	0.0
Aque_Aqu2.1.28599_001	Coemet_Cmet_scaffold21533_01	52.0	S	0.0
Aque_Aqu2.1.28599_001	Mertsp_Mesp_sb576788	52.0	S	0.0
Stycar_maker-SC_scaffold4460-snap-gene-0.26-mRNA-1	Pbac_sb2669546	52.0	S	0.0
Stycar_maker-SC_scaffold4460-snap-gene-0.26-mRNA-1	Bolinf_Binf_sb1216478	52.0	S	0.0
Stycar_maker-SC_scaffold4460-snap-gene-0.26-mRNA-1	Bolinf_Binf_sb1216480	52.0	S	0.0
Stycar_maker-SC_scaffold4460-snap-gene-0.26-mRNA-1	Bolinf_Binf_sb1216481	52.0	S	0.0
Stycar_maker-SC_scaffold4460-snap-gene-0.26-mRNA-1	Bolinf_Binf_sb1216479	52.0	S	0.0
Stycar_maker-SC_scaffold4460-snap-gene-0.26-mRNA-1	Mertsp_Mesp_sb576789	52.0	S	0.0
Stycar_maker-SC_scaffold4460-snap-gene-0.26-mRNA-1	Pbac_sb2669542	52.0	S	0.0
Stycar_maker-SC_scaffold4460-snap-gene-0.26-mRNA-1	Mertsp_Mesp_sb576786	52.0	S	0.0
Stycar_maker-SC_scaffold4460-snap-gene-0.26-mRNA-1	Beraby_Baby_sb326426	52.0	S	0.0
Stycar_maker-SC_scaffold4460-snap-gene-0.26-mRNA-1	Drygla_Dgla_sb296842	52.0	S	0.0
Stycar_maker-SC_scaffold4460-snap-gene-0.26-mRNA-1	Drygla_Dgla_sb296839	52.0	S	0.0
Stycar_maker-SC_scaffold4460-snap-gene-0.26-mRNA-1	Vmul_sbMO428230	52.0	S	0.0
Stycar_maker-SC_scaffold4460-snap-gene-0.26-mRNA-1	Drygla_Dgla_sb296841	52.0	S	0.0
Stycar_maker-SC_scaffold4460-snap-gene-0.26-mRNA-1	Mlei_ML0742.g4.i1	52.0	S	0.0
Stycar_maker-SC_scaffold4460-snap-gene-0.26-mRNA-1	Drygla_Dgla_sb296840	52.0	S	0.0
Stycar_maker-SC_scaffold4460-snap-gene-0.26-mRNA-1	Mertsp_Mesp_sb576784	52.0	S	0.0
Stycar_maker-SC_scaffold4460-snap-gene-0.26-mRNA-1	Pbac_sb2669541	52.0	S	0.0
Stycar_maker-SC_scaffold4460-snap-gene-0.26-mRNA-1	Mertsp_Mesp_sb576785	52.0	S	0.0
Stycar_maker-SC_scaffold4460-snap-gene-0.26-mRNA-1	Pbac_sb2669544	52.0	S	0.0
Stycar_maker-SC_scaffold4460-snap-gene-0.26-mRNA-1	Lampan_Lpan_1881_01	52.0	S	0.0
Stycar_maker-SC_scaffold4460-snap-gene-0.26-mRNA-1	Mertsp_Mesp_sb576787	52.0	S	0.0
Stycar_maker-SC_scaffold4460-snap-gene-0.26-mRNA-1	Horcal_Hcv1.av93.c7.g243.i1	52.0	S	0.0
Stycar_maker-SC_scaffold4460-snap-gene-0.26-mRNA-1	Bolinf_Binf_sb1225476	52.0	S	0.0
Stycar_maker-SC_scaffold4460-snap-gene-0.26-mRNA-1	Coemet_Cmet_scaffold21533_01	52.0	S	0.0
Stycar_maker-SC_scaffold4460-snap-gene-0.26-mRNA-1	Mertsp_Mesp_sb576788	52.0	S	0.0
Xestes_maker-XT_scaffold16220-snap-gene-0.26-mRNA-1	Pbac_sb2669546	52.0	S	0.0
Xestes_maker-XT_scaffold16220-snap-gene-0.26-mRNA-1	Bolinf_Binf_sb1216478	52.0	S	0.0
Xestes_maker-XT_scaffold16220-snap-gene-0.26-mRNA-1	Bolinf_Binf_sb1216480	52.0	S	0.0
Xestes_maker-XT_scaffold16220-snap-gene-0.26-mRNA-1	Bolinf_Binf_sb1216481	52.0	S	0.0
Xestes_maker-XT_scaffold16220-snap-gene-0.26-mRNA-1	Bolinf_Binf_sb1216479	52.0	S	0.0
Xestes_maker-XT_scaffold16220-snap-gene-0.26-mRNA-1	Mertsp_Mesp_sb576789	52.0	S	0.0
Xestes_maker-XT_scaffold16220-snap-gene-0.26-mRNA-1	Pbac_sb2669542	52.0	S	0.0
Xestes_maker-XT_scaffold16220-snap-gene-0.26-mRNA-1	Mertsp_Mesp_sb576786	52.0	S	0.0
Xestes_maker-XT_scaffold16220-snap-gene-0.26-mRNA-1	Beraby_Baby_sb326426	52.0	S	0.0
Xestes_maker-XT_scaffold16220-snap-gene-0.26-mRNA-1	Drygla_Dgla_sb296842	52.0	S	0.0
Xestes_maker-XT_scaffold16220-snap-gene-0.26-mRNA-1	Drygla_Dgla_sb296839	52.0	S	0.0
Xestes_maker-XT_scaffold16220-snap-gene-0.26-mRNA-1	Vmul_sbMO428230	52.0	S	0.0
Xestes_maker-XT_scaffold16220-snap-gene-0.26-mRNA-1	Drygla_Dgla_sb296841	52.0	S	0.0
Xestes_maker-XT_scaffold16220-snap-gene-0.26-mRNA-1	Mlei_ML0742.g4.i1	52.0	S	0.0
Xestes_maker-XT_scaffold16220-snap-gene-0.26-mRNA-1	Drygla_Dgla_sb296840	52.0	S	0.0
Xestes_maker-XT_scaffold16220-snap-gene-0.26-mRNA-1	Mertsp_Mesp_sb576784	52.0	S	0.0
Xestes_maker-XT_scaffold16220-snap-gene-0.26-mRNA-1	Pbac_sb2669541	52.0	S	0.0
Xestes_maker-XT_scaffold16220-snap-gene-0.26-mRNA-1	Mertsp_Mesp_sb576785	52.0	S	0.0
Xestes_maker-XT_scaffold16220-snap-gene-0.26-mRNA-1	Pbac_sb2669544	52.0	S	0.0
Xestes_maker-XT_scaffold16220-snap-gene-0.26-mRNA-1	Lampan_Lpan_1881_01	52.0	S	0.0
Xestes_maker-XT_scaffold16220-snap-gene-0.26-mRNA-1	Mertsp_Mesp_sb576787	52.0	S	0.0
Xestes_maker-XT_scaffold16220-snap-gene-0.26-mRNA-1	Horcal_Hcv1.av93.c7.g243.i1	52.0	S	0.0
Xestes_maker-XT_scaffold16220-snap-gene-0.26-mRNA-1	Bolinf_Binf_sb1225476	52.0	S	0.0
Xestes_maker-XT_scaffold16220-snap-gene-0.26-mRNA-1	Coemet_Cmet_scaffold21533_01	52.0	S	0.0
Xestes_maker-XT_scaffold16220-snap-gene-0.26-mRNA-1	Mertsp_Mesp_sb576788	52.0	S	0.0
Stycar_augustus_masked-SC_scaffold125987-processed-gene-0.0-mRNA-1	Pbac_sb2669546	52.0	S	0.0
Stycar_augustus_masked-SC_scaffold125987-processed-gene-0.0-mRNA-1	Bolinf_Binf_sb1216478	52.0	S	0.0
Stycar_augustus_masked-SC_scaffold125987-processed-gene-0.0-mRNA-1	Bolinf_Binf_sb1216480	52.0	S	0.0
Stycar_augustus_masked-SC_scaffold125987-processed-gene-0.0-mRNA-1	Bolinf_Binf_sb1216481	52.0	S	0.0
Stycar_augustus_masked-SC_scaffold125987-processed-gene-0.0-mRNA-1	Bolinf_Binf_sb1216479	52.0	S	0.0
Stycar_augustus_masked-SC_scaffold125987-processed-gene-0.0-mRNA-1	Mertsp_Mesp_sb576789	52.0	S	0.0
Stycar_augustus_masked-SC_scaffold125987-processed-gene-0.0-mRNA-1	Pbac_sb2669542	52.0	S	0.0
Stycar_augustus_masked-SC_scaffold125987-processed-gene-0.0-mRNA-1	Mertsp_Mesp_sb576786	52.0	S	0.0
Stycar_augustus_masked-SC_scaffold125987-processed-gene-0.0-mRNA-1	Beraby_Baby_sb326426	52.0	S	0.0
Stycar_augustus_masked-SC_scaffold125987-processed-gene-0.0-mRNA-1	Drygla_Dgla_sb296842	52.0	S	0.0
Stycar_augustus_masked-SC_scaffold125987-processed-gene-0.0-mRNA-1	Drygla_Dgla_sb296839	52.0	S	0.0
Stycar_augustus_masked-SC_scaffold125987-processed-gene-0.0-mRNA-1	Vmul_sbMO428230	52.0	S	0.0
Stycar_augustus_masked-SC_scaffold125987-processed-gene-0.0-mRNA-1	Drygla_Dgla_sb296841	52.0	S	0.0
Stycar_augustus_masked-SC_scaffold125987-processed-gene-0.0-mRNA-1	Mlei_ML0742.g4.i1	52.0	S	0.0
Stycar_augustus_masked-SC_scaffold125987-processed-gene-0.0-mRNA-1	Drygla_Dgla_sb296840	52.0	S	0.0
Stycar_augustus_masked-SC_scaffold125987-processed-gene-0.0-mRNA-1	Mertsp_Mesp_sb576784	52.0	S	0.0
Stycar_augustus_masked-SC_scaffold125987-processed-gene-0.0-mRNA-1	Pbac_sb2669541	52.0	S	0.0
Stycar_augustus_masked-SC_scaffold125987-processed-gene-0.0-mRNA-1	Mertsp_Mesp_sb576785	52.0	S	0.0
Stycar_augustus_masked-SC_scaffold125987-processed-gene-0.0-mRNA-1	Pbac_sb2669544	52.0	S	0.0
Stycar_augustus_masked-SC_scaffold125987-processed-gene-0.0-mRNA-1	Lampan_Lpan_1881_01	52.0	S	0.0
Stycar_augustus_masked-SC_scaffold125987-processed-gene-0.0-mRNA-1	Mertsp_Mesp_sb576787	52.0	S	0.0
Stycar_augustus_masked-SC_scaffold125987-processed-gene-0.0-mRNA-1	Horcal_Hcv1.av93.c7.g243.i1	52.0	S	0.0
Stycar_augustus_masked-SC_scaffold125987-processed-gene-0.0-mRNA-1	Bolinf_Binf_sb1225476	52.0	S	0.0
Stycar_augustus_masked-SC_scaffold125987-processed-gene-0.0-mRNA-1	Coemet_Cmet_scaffold21533_01	52.0	S	0.0
Stycar_augustus_masked-SC_scaffold125987-processed-gene-0.0-mRNA-1	Mertsp_Mesp_sb576788	52.0	S	0.0
Emue_Em0018g793a.t1	Pbac_sb2669546	52.0	S	0.0
Emue_Em0018g793a.t1	Bolinf_Binf_sb1216478	52.0	S	0.0
Emue_Em0018g793a.t1	Bolinf_Binf_sb1216480	52.0	S	0.0
Emue_Em0018g793a.t1	Bolinf_Binf_sb1216481	52.0	S	0.0
Emue_Em0018g793a.t1	Bolinf_Binf_sb1216479	52.0	S	0.0
Emue_Em0018g793a.t1	Mertsp_Mesp_sb576789	52.0	S	0.0
Emue_Em0018g793a.t1	Pbac_sb2669542	52.0	S	0.0
Emue_Em0018g793a.t1	Mertsp_Mesp_sb576786	52.0	S	0.0
Emue_Em0018g793a.t1	Beraby_Baby_sb326426	52.0	S	0.0
Emue_Em0018g793a.t1	Drygla_Dgla_sb296842	52.0	S	0.0
Emue_Em0018g793a.t1	Drygla_Dgla_sb296839	52.0	S	0.0
Emue_Em0018g793a.t1	Vmul_sbMO428230	52.0	S	0.0
Emue_Em0018g793a.t1	Drygla_Dgla_sb296841	52.0	S	0.0
Emue_Em0018g793a.t1	Mlei_ML0742.g4.i1	52.0	S	0.0
Emue_Em0018g793a.t1	Drygla_Dgla_sb296840	52.0	S	0.0
Emue_Em0018g793a.t1	Mertsp_Mesp_sb576784	52.0	S	0.0
Emue_Em0018g793a.t1	Pbac_sb2669541	52.0	S	0.0
Emue_Em0018g793a.t1	Mertsp_Mesp_sb576785	52.0	S	0.0
Emue_Em0018g793a.t1	Pbac_sb2669544	52.0	S	0.0
Emue_Em0018g793a.t1	Lampan_Lpan_1881_01	52.0	S	0.0
Emue_Em0018g793a.t1	Mertsp_Mesp_sb576787	52.0	S	0.0
Emue_Em0018g793a.t1	Horcal_Hcv1.av93.c7.g243.i1	52.0	S	0.0
Emue_Em0018g793a.t1	Bolinf_Binf_sb1225476	52.0	S	0.0
Emue_Em0018g793a.t1	Coemet_Cmet_scaffold21533_01	52.0	S	0.0
Emue_Em0018g793a.t1	Mertsp_Mesp_sb576788	52.0	S	0.0
Plespi_Pspi_scaffold19735_01	Pbac_sb2669546	52.0	S	0.0
Plespi_Pspi_scaffold19735_01	Bolinf_Binf_sb1216478	52.0	S	0.0
Plespi_Pspi_scaffold19735_01	Bolinf_Binf_sb1216480	52.0	S	0.0
Plespi_Pspi_scaffold19735_01	Bolinf_Binf_sb1216481	52.0	S	0.0
Plespi_Pspi_scaffold19735_01	Bolinf_Binf_sb1216479	52.0	S	0.0
Plespi_Pspi_scaffold19735_01	Mertsp_Mesp_sb576789	52.0	S	0.0
Plespi_Pspi_scaffold19735_01	Pbac_sb2669542	52.0	S	0.0
Plespi_Pspi_scaffold19735_01	Mertsp_Mesp_sb576786	52.0	S	0.0
Plespi_Pspi_scaffold19735_01	Beraby_Baby_sb326426	52.0	S	0.0
Plespi_Pspi_scaffold19735_01	Drygla_Dgla_sb296842	52.0	S	0.0
Plespi_Pspi_scaffold19735_01	Drygla_Dgla_sb296839	52.0	S	0.0
Plespi_Pspi_scaffold19735_01	Vmul_sbMO428230	52.0	S	0.0
Plespi_Pspi_scaffold19735_01	Drygla_Dgla_sb296841	52.0	S	0.0
Plespi_Pspi_scaffold19735_01	Mlei_ML0742.g4.i1	52.0	S	0.0
Plespi_Pspi_scaffold19735_01	Drygla_Dgla_sb296840	52.0	S	0.0
Plespi_Pspi_scaffold19735_01	Mertsp_Mesp_sb576784	52.0	S	0.0
Plespi_Pspi_scaffold19735_01	Pbac_sb2669541	52.0	S	0.0
Plespi_Pspi_scaffold19735_01	Mertsp_Mesp_sb576785	52.0	S	0.0
Plespi_Pspi_scaffold19735_01	Pbac_sb2669544	52.0	S	0.0
Plespi_Pspi_scaffold19735_01	Lampan_Lpan_1881_01	52.0	S	0.0
Plespi_Pspi_scaffold19735_01	Mertsp_Mesp_sb576787	52.0	S	0.0
Plespi_Pspi_scaffold19735_01	Horcal_Hcv1.av93.c7.g243.i1	52.0	S	0.0
Plespi_Pspi_scaffold19735_01	Bolinf_Binf_sb1225476	52.0	S	0.0
Plespi_Pspi_scaffold19735_01	Coemet_Cmet_scaffold21533_01	52.0	S	0.0
Plespi_Pspi_scaffold19735_01	Mertsp_Mesp_sb576788	52.0	S	0.0
Aque_Aqu2.1.03830_001	Pbac_sb2669546	52.0	S	0.0
Aque_Aqu2.1.03830_001	Bolinf_Binf_sb1216478	52.0	S	0.0
Aque_Aqu2.1.03830_001	Bolinf_Binf_sb1216480	52.0	S	0.0
Aque_Aqu2.1.03830_001	Bolinf_Binf_sb1216481	52.0	S	0.0
Aque_Aqu2.1.03830_001	Bolinf_Binf_sb1216479	52.0	S	0.0
Aque_Aqu2.1.03830_001	Mertsp_Mesp_sb576789	52.0	S	0.0
Aque_Aqu2.1.03830_001	Pbac_sb2669542	52.0	S	0.0
Aque_Aqu2.1.03830_001	Mertsp_Mesp_sb576786	52.0	S	0.0
Aque_Aqu2.1.03830_001	Beraby_Baby_sb326426	52.0	S	0.0
Aque_Aqu2.1.03830_001	Drygla_Dgla_sb296842	52.0	S	0.0
Aque_Aqu2.1.03830_001	Drygla_Dgla_sb296839	52.0	S	0.0
Aque_Aqu2.1.03830_001	Vmul_sbMO428230	52.0	S	0.0
Aque_Aqu2.1.03830_001	Drygla_Dgla_sb296841	52.0	S	0.0
Aque_Aqu2.1.03830_001	Mlei_ML0742.g4.i1	52.0	S	0.0
Aque_Aqu2.1.03830_001	Drygla_Dgla_sb296840	52.0	S	0.0
Aque_Aqu2.1.03830_001	Mertsp_Mesp_sb576784	52.0	S	0.0
Aque_Aqu2.1.03830_001	Pbac_sb2669541	52.0	S	0.0
Aque_Aqu2.1.03830_001	Mertsp_Mesp_sb576785	52.0	S	0.0
Aque_Aqu2.1.03830_001	Pbac_sb2669544	52.0	S	0.0
Aque_Aqu2.1.03830_001	Lampan_Lpan_1881_01	52.0	S	0.0
Aque_Aqu2.1.03830_001	Mertsp_Mesp_sb576787	52.0	S	0.0
Aque_Aqu2.1.03830_001	Horcal_Hcv1.av93.c7.g243.i1	52.0	S	0.0
Aque_Aqu2.1.03830_001	Bolinf_Binf_sb1225476	52.0	S	0.0
Aque_Aqu2.1.03830_001	Coemet_Cmet_scaffold21533_01	52.0	S	0.0
Aque_Aqu2.1.03830_001	Mertsp_Mesp_sb576788	52.0	S	0.0
Emue_Em0018g794a.t1	Pbac_sb2669546	52.0	S	0.0
Emue_Em0018g794a.t1	Bolinf_Binf_sb1216478	52.0	S	0.0
Emue_Em0018g794a.t1	Bolinf_Binf_sb1216480	52.0	S	0.0
Emue_Em0018g794a.t1	Bolinf_Binf_sb1216481	52.0	S	0.0
Emue_Em0018g794a.t1	Bolinf_Binf_sb1216479	52.0	S	0.0
Emue_Em0018g794a.t1	Mertsp_Mesp_sb576789	52.0	S	0.0
Emue_Em0018g794a.t1	Pbac_sb2669542	52.0	S	0.0
Emue_Em0018g794a.t1	Mertsp_Mesp_sb576786	52.0	S	0.0
Emue_Em0018g794a.t1	Beraby_Baby_sb326426	52.0	S	0.0
Emue_Em0018g794a.t1	Drygla_Dgla_sb296842	52.0	S	0.0
Emue_Em0018g794a.t1	Drygla_Dgla_sb296839	52.0	S	0.0
Emue_Em0018g794a.t1	Vmul_sbMO428230	52.0	S	0.0
Emue_Em0018g794a.t1	Drygla_Dgla_sb296841	52.0	S	0.0
Emue_Em0018g794a.t1	Mlei_ML0742.g4.i1	52.0	S	0.0
Emue_Em0018g794a.t1	Drygla_Dgla_sb296840	52.0	S	0.0
Emue_Em0018g794a.t1	Mertsp_Mesp_sb576784	52.0	S	0.0
Emue_Em0018g794a.t1	Pbac_sb2669541	52.0	S	0.0
Emue_Em0018g794a.t1	Mertsp_Mesp_sb576785	52.0	S	0.0
Emue_Em0018g794a.t1	Pbac_sb2669544	52.0	S	0.0
Emue_Em0018g794a.t1	Lampan_Lpan_1881_01	52.0	S	0.0
Emue_Em0018g794a.t1	Mertsp_Mesp_sb576787	52.0	S	0.0
Emue_Em0018g794a.t1	Horcal_Hcv1.av93.c7.g243.i1	52.0	S	0.0
Emue_Em0018g794a.t1	Bolinf_Binf_sb1225476	52.0	S	0.0
Emue_Em0018g794a.t1	Coemet_Cmet_scaffold21533_01	52.0	S	0.0
Emue_Em0018g794a.t1	Mertsp_Mesp_sb576788	52.0	S	0.0
Plespi_Pspi_scaffold19736_01	Pbac_sb2669546	52.0	S	0.0
Plespi_Pspi_scaffold19736_01	Bolinf_Binf_sb1216478	52.0	S	0.0
Plespi_Pspi_scaffold19736_01	Bolinf_Binf_sb1216480	52.0	S	0.0
Plespi_Pspi_scaffold19736_01	Bolinf_Binf_sb1216481	52.0	S	0.0
Plespi_Pspi_scaffold19736_01	Bolinf_Binf_sb1216479	52.0	S	0.0
Plespi_Pspi_scaffold19736_01	Mertsp_Mesp_sb576789	52.0	S	0.0
Plespi_Pspi_scaffold19736_01	Pbac_sb2669542	52.0	S	0.0
Plespi_Pspi_scaffold19736_01	Mertsp_Mesp_sb576786	52.0	S	0.0
Plespi_Pspi_scaffold19736_01	Beraby_Baby_sb326426	52.0	S	0.0
Plespi_Pspi_scaffold19736_01	Drygla_Dgla_sb296842	52.0	S	0.0
Plespi_Pspi_scaffold19736_01	Drygla_Dgla_sb296839	52.0	S	0.0
Plespi_Pspi_scaffold19736_01	Vmul_sbMO428230	52.0	S	0.0
Plespi_Pspi_scaffold19736_01	Drygla_Dgla_sb296841	52.0	S	0.0
Plespi_Pspi_scaffold19736_01	Mlei_ML0742.g4.i1	52.0	S	0.0
Plespi_Pspi_scaffold19736_01	Drygla_Dgla_sb296840	52.0	S	0.0
Plespi_Pspi_scaffold19736_01	Mertsp_Mesp_sb576784	52.0	S	0.0
Plespi_Pspi_scaffold19736_01	Pbac_sb2669541	52.0	S	0.0
Plespi_Pspi_scaffold19736_01	Mertsp_Mesp_sb576785	52.0	S	0.0
Plespi_Pspi_scaffold19736_01	Pbac_sb2669544	52.0	S	0.0
Plespi_Pspi_scaffold19736_01	Lampan_Lpan_1881_01	52.0	S	0.0
Plespi_Pspi_scaffold19736_01	Mertsp_Mesp_sb576787	52.0	S	0.0
Plespi_Pspi_scaffold19736_01	Horcal_Hcv1.av93.c7.g243.i1	52.0	S	0.0
Plespi_Pspi_scaffold19736_01	Bolinf_Binf_sb1225476	52.0	S	0.0
Plespi_Pspi_scaffold19736_01	Coemet_Cmet_scaffold21533_01	52.0	S	0.0
Plespi_Pspi_scaffold19736_01	Mertsp_Mesp_sb576788	52.0	S	0.0
Spolac_c94764_g1_i1_m.10520c94764-g1	Pbac_sb2669546	52.0	S	0.0
Spolac_c94764_g1_i1_m.10520c94764-g1	Bolinf_Binf_sb1216478	52.0	S	0.0
Spolac_c94764_g1_i1_m.10520c94764-g1	Bolinf_Binf_sb1216480	52.0	S	0.0
Spolac_c94764_g1_i1_m.10520c94764-g1	Bolinf_Binf_sb1216481	52.0	S	0.0
Spolac_c94764_g1_i1_m.10520c94764-g1	Bolinf_Binf_sb1216479	52.0	S	0.0
Spolac_c94764_g1_i1_m.10520c94764-g1	Mertsp_Mesp_sb576789	52.0	S	0.0
Spolac_c94764_g1_i1_m.10520c94764-g1	Pbac_sb2669542	52.0	S	0.0
Spolac_c94764_g1_i1_m.10520c94764-g1	Mertsp_Mesp_sb576786	52.0	S	0.0
Spolac_c94764_g1_i1_m.10520c94764-g1	Beraby_Baby_sb326426	52.0	S	0.0
Spolac_c94764_g1_i1_m.10520c94764-g1	Drygla_Dgla_sb296842	52.0	S	0.0
Spolac_c94764_g1_i1_m.10520c94764-g1	Drygla_Dgla_sb296839	52.0	S	0.0
Spolac_c94764_g1_i1_m.10520c94764-g1	Vmul_sbMO428230	52.0	S	0.0
Spolac_c94764_g1_i1_m.10520c94764-g1	Drygla_Dgla_sb296841	52.0	S	0.0
Spolac_c94764_g1_i1_m.10520c94764-g1	Mlei_ML0742.g4.i1	52.0	S	0.0
Spolac_c94764_g1_i1_m.10520c94764-g1	Drygla_Dgla_sb296840	52.0	S	0.0
Spolac_c94764_g1_i1_m.10520c94764-g1	Mertsp_Mesp_sb576784	52.0	S	0.0
Spolac_c94764_g1_i1_m.10520c94764-g1	Pbac_sb2669541	52.0	S	0.0
Spolac_c94764_g1_i1_m.10520c94764-g1	Mertsp_Mesp_sb576785	52.0	S	0.0
Spolac_c94764_g1_i1_m.10520c94764-g1	Pbac_sb2669544	52.0	S	0.0
Spolac_c94764_g1_i1_m.10520c94764-g1	Lampan_Lpan_1881_01	52.0	S	0.0
Spolac_c94764_g1_i1_m.10520c94764-g1	Mertsp_Mesp_sb576787	52.0	S	0.0
Spolac_c94764_g1_i1_m.10520c94764-g1	Horcal_Hcv1.av93.c7.g243.i1	52.0	S	0.0
Spolac_c94764_g1_i1_m.10520c94764-g1	Bolinf_Binf_sb1225476	52.0	S	0.0
Spolac_c94764_g1_i1_m.10520c94764-g1	Coemet_Cmet_scaffold21533_01	52.0	S	0.0
Spolac_c94764_g1_i1_m.10520c94764-g1	Mertsp_Mesp_sb576788	52.0	S	0.0
Salmac_EP00052_Salpingoeca_macrocollata_P006544	Salpun_EP00053_Salpingoeca_punica_P008096	100.0	S	0.0
Didcos_EP00039_Didymoeca_costata_P013001	Acaspe_EP00035_Acanthoeca_spectabilis_P022877	96.0	S	0.0
Didcos_EP00039_Didymoeca_costata_P013001	Stedip_EP00041_Stephanoeca_diplocostata_P029207	96.0	S	0.0
Didcos_EP00039_Didymoeca_costata_P013001	Helnan_EP00037_Helgoeca_nana_P004136	96.0	S	0.0
Didcos_EP00039_Didymoeca_costata_P013001	Diagra_EP00040_Diaphanoeca_grandis_P031070	96.0	S	0.0
Salinf_EP00049_Salpingoeca_infusionum_P008305	Choper_EP00045_Choanoeca_perplexa_P012992	100.0	S	0.0
Salinf_EP00049_Salpingoeca_infusionum_P008305	Microa_EP00043_Microstomoeca_roanoka_P005253	100.0	S	0.0
Salinf_EP00049_Salpingoeca_infusionum_P008305	Sros_EGD75386	100.0	S	0.0
Salinf_EP00049_Salpingoeca_infusionum_P008305	Chofle_EP00730_Choanoeca_flexa_P000627	100.0	S	0.0
Salinf_EP00049_Salpingoeca_infusionum_P008307	Choper_EP00045_Choanoeca_perplexa_P012992	100.0	S	0.0
Salinf_EP00049_Salpingoeca_infusionum_P008307	Microa_EP00043_Microstomoeca_roanoka_P005253	100.0	S	0.0
Salinf_EP00049_Salpingoeca_infusionum_P008307	Sros_EGD75386	100.0	S	0.0
Salinf_EP00049_Salpingoeca_infusionum_P008307	Chofle_EP00730_Choanoeca_flexa_P000627	100.0	S	0.0
HoiH23_PlH23_001706-RA	HoiH06_mRNA6953	100.0	S	0.0
Hhon_g09877.t1	HoiH04_mRNA458	100.0	S	0.0
Lcom_lcpid51879	Gracom_Gcom_scaffold11592_01	100.0	S	0.0
Lcom_lcpid51879	Leuniv_Lniv_scaffold25658_01	100.0	S	0.0
Lcom_lcpid51879	Scil_scict008773.1	100.0	S	0.0
Hsap_ENST00000602795	Dpul_mRNA925	100.0	S	0.0
Hsap_ENST00000602795	Ctel_gnl_WGS_AMQN_CAPTEDRAFT_mRNA160748	100.0	S	0.0
Hsap_ENST00000602795	Cscu_XM_023364102.1	100.0	S	0.0
Hsap_ENST00000602795	Cgig_XM_034481919.1	100.0	S	0.0
Hsap_ENST00000602795	Acagra_model.g26020.t1.1.5d401061	100.0	S	0.0
Hsap_ENST00000602795	Acagra_model.g26020.t1	100.0	S	0.0
Hsap_ENST00000602795	Tcas_TC003474_001	100.0	S	0.0
Spur_XM_030975295.1	Dpul_mRNA925	100.0	S	0.0
Spur_XM_030975295.1	Ctel_gnl_WGS_AMQN_CAPTEDRAFT_mRNA160748	100.0	S	0.0
Spur_XM_030975295.1	Cscu_XM_023364102.1	100.0	S	0.0
Spur_XM_030975295.1	Cgig_XM_034481919.1	100.0	S	0.0
Spur_XM_030975295.1	Acagra_model.g26020.t1.1.5d401061	100.0	S	0.0
Spur_XM_030975295.1	Acagra_model.g26020.t1	100.0	S	0.0
Spur_XM_030975295.1	Tcas_TC003474_001	100.0	S	0.0
Spur_XM_030977921.1	Dpul_mRNA925	100.0	S	0.0
Spur_XM_030977921.1	Ctel_gnl_WGS_AMQN_CAPTEDRAFT_mRNA160748	100.0	S	0.0
Spur_XM_030977921.1	Cscu_XM_023364102.1	100.0	S	0.0
Spur_XM_030977921.1	Cgig_XM_034481919.1	100.0	S	0.0
Spur_XM_030977921.1	Acagra_model.g26020.t1.1.5d401061	100.0	S	0.0
Spur_XM_030977921.1	Acagra_model.g26020.t1	100.0	S	0.0
Spur_XM_030977921.1	Tcas_TC003474_001	100.0	S	0.0
Skow_XM_002739496.1	Dpul_mRNA925	100.0	S	0.0
Skow_XM_002739496.1	Ctel_gnl_WGS_AMQN_CAPTEDRAFT_mRNA160748	100.0	S	0.0
Skow_XM_002739496.1	Cscu_XM_023364102.1	100.0	S	0.0
Skow_XM_002739496.1	Cgig_XM_034481919.1	100.0	S	0.0
Skow_XM_002739496.1	Acagra_model.g26020.t1.1.5d401061	100.0	S	0.0
Skow_XM_002739496.1	Acagra_model.g26020.t1	100.0	S	0.0
Skow_XM_002739496.1	Tcas_TC003474_001	100.0	S	0.0
Bralan_BLAG07000907_1	Dpul_mRNA925	100.0	S	0.0
Bralan_BLAG07000907_1	Ctel_gnl_WGS_AMQN_CAPTEDRAFT_mRNA160748	100.0	S	0.0
Bralan_BLAG07000907_1	Cscu_XM_023364102.1	100.0	S	0.0
Bralan_BLAG07000907_1	Cgig_XM_034481919.1	100.0	S	0.0
Bralan_BLAG07000907_1	Acagra_model.g26020.t1.1.5d401061	100.0	S	0.0
Bralan_BLAG07000907_1	Acagra_model.g26020.t1	100.0	S	0.0
Bralan_BLAG07000907_1	Tcas_TC003474_001	100.0	S	0.0
Hvul_g12578_1	Nvec_v1g199243	97.0	S	0.0
Hvul_g12578_1	Fspp_ffun1.m4.20432.m1	97.0	S	0.0
Hvul_g12578_1	Adig_XM_015923890.1	97.0	S	0.0
Hvul_g12578_1	Amil_Amillepora34070-RA	97.0	S	0.0
Hvul_g12578_1	Gfas_gfas1.m1.5290.m1	97.0	S	0.0
Hvul_g12578_1	Nvec_v1g176382	97.0	S	0.0
Hvul_g12578_1	Gasp_gasp1.m3.12480.m1	97.0	S	0.0
Hvul_g12578_1	Adig_XM_015919323.1	97.0	S	0.0
Hvul_g12578_1	Exapal_XM_021042175.1	97.0	S	0.0
Hvul_g12578_1	Spis_XP_022790036_1	97.0	S	0.0
Hvul_g12578_1	Dgig_XM_028535976.1	97.0	S	0.0
Hvul_g12578_1	Pocdam_XM_027190439.1	97.0	S	0.0
Hvul_g12578_1	Exapal_XM_021037075.2	97.0	S	0.0
Rhoesc_Res_003036-T1	Nvec_v1g199243	97.0	S	0.0
Rhoesc_Res_003036-T1	Fspp_ffun1.m4.20432.m1	97.0	S	0.0
Rhoesc_Res_003036-T1	Adig_XM_015923890.1	97.0	S	0.0
Rhoesc_Res_003036-T1	Amil_Amillepora34070-RA	97.0	S	0.0
Rhoesc_Res_003036-T1	Gfas_gfas1.m1.5290.m1	97.0	S	0.0
Rhoesc_Res_003036-T1	Nvec_v1g176382	97.0	S	0.0
Rhoesc_Res_003036-T1	Gasp_gasp1.m3.12480.m1	97.0	S	0.0
Rhoesc_Res_003036-T1	Adig_XM_015919323.1	97.0	S	0.0
Rhoesc_Res_003036-T1	Exapal_XM_021042175.1	97.0	S	0.0
Rhoesc_Res_003036-T1	Spis_XP_022790036_1	97.0	S	0.0
Rhoesc_Res_003036-T1	Dgig_XM_028535976.1	97.0	S	0.0
Rhoesc_Res_003036-T1	Pocdam_XM_027190439.1	97.0	S	0.0
Rhoesc_Res_003036-T1	Exapal_XM_021037075.2	97.0	S	0.0
Chem_TCONS_00027827	Nvec_v1g199243	97.0	S	0.0
Chem_TCONS_00027827	Fspp_ffun1.m4.20432.m1	97.0	S	0.0
Chem_TCONS_00027827	Adig_XM_015923890.1	97.0	S	0.0
Chem_TCONS_00027827	Amil_Amillepora34070-RA	97.0	S	0.0
Chem_TCONS_00027827	Gfas_gfas1.m1.5290.m1	97.0	S	0.0
Chem_TCONS_00027827	Nvec_v1g176382	97.0	S	0.0
Chem_TCONS_00027827	Gasp_gasp1.m3.12480.m1	97.0	S	0.0
Chem_TCONS_00027827	Adig_XM_015919323.1	97.0	S	0.0
Chem_TCONS_00027827	Exapal_XM_021042175.1	97.0	S	0.0
Chem_TCONS_00027827	Spis_XP_022790036_1	97.0	S	0.0
Chem_TCONS_00027827	Dgig_XM_028535976.1	97.0	S	0.0
Chem_TCONS_00027827	Pocdam_XM_027190439.1	97.0	S	0.0
Chem_TCONS_00027827	Exapal_XM_021037075.2	97.0	S	0.0
Nemnom_g13465.t1	Nvec_v1g199243	97.0	S	0.0
Nemnom_g13465.t1	Fspp_ffun1.m4.20432.m1	97.0	S	0.0
Nemnom_g13465.t1	Adig_XM_015923890.1	97.0	S	0.0
Nemnom_g13465.t1	Amil_Amillepora34070-RA	97.0	S	0.0
Nemnom_g13465.t1	Gfas_gfas1.m1.5290.m1	97.0	S	0.0
Nemnom_g13465.t1	Nvec_v1g176382	97.0	S	0.0
Nemnom_g13465.t1	Gasp_gasp1.m3.12480.m1	97.0	S	0.0
Nemnom_g13465.t1	Adig_XM_015919323.1	97.0	S	0.0
Nemnom_g13465.t1	Exapal_XM_021042175.1	97.0	S	0.0
Nemnom_g13465.t1	Spis_XP_022790036_1	97.0	S	0.0
Nemnom_g13465.t1	Dgig_XM_028535976.1	97.0	S	0.0
Nemnom_g13465.t1	Pocdam_XM_027190439.1	97.0	S	0.0
Nemnom_g13465.t1	Exapal_XM_021037075.2	97.0	S	0.0
Aaur_scaffold173.g1.t1	Nvec_v1g199243	97.0	S	0.0
Aaur_scaffold173.g1.t1	Fspp_ffun1.m4.20432.m1	97.0	S	0.0
Aaur_scaffold173.g1.t1	Adig_XM_015923890.1	97.0	S	0.0
Aaur_scaffold173.g1.t1	Amil_Amillepora34070-RA	97.0	S	0.0
Aaur_scaffold173.g1.t1	Gfas_gfas1.m1.5290.m1	97.0	S	0.0
Aaur_scaffold173.g1.t1	Nvec_v1g176382	97.0	S	0.0
Aaur_scaffold173.g1.t1	Gasp_gasp1.m3.12480.m1	97.0	S	0.0
Aaur_scaffold173.g1.t1	Adig_XM_015919323.1	97.0	S	0.0
Aaur_scaffold173.g1.t1	Exapal_XM_021042175.1	97.0	S	0.0
Aaur_scaffold173.g1.t1	Spis_XP_022790036_1	97.0	S	0.0
Aaur_scaffold173.g1.t1	Dgig_XM_028535976.1	97.0	S	0.0
Aaur_scaffold173.g1.t1	Pocdam_XM_027190439.1	97.0	S	0.0
Aaur_scaffold173.g1.t1	Exapal_XM_021037075.2	97.0	S	0.0
Sanmal_Sma_009024-T1	Nvec_v1g199243	97.0	S	0.0
Sanmal_Sma_009024-T1	Fspp_ffun1.m4.20432.m1	97.0	S	0.0
Sanmal_Sma_009024-T1	Adig_XM_015923890.1	97.0	S	0.0
Sanmal_Sma_009024-T1	Amil_Amillepora34070-RA	97.0	S	0.0
Sanmal_Sma_009024-T1	Gfas_gfas1.m1.5290.m1	97.0	S	0.0
Sanmal_Sma_009024-T1	Nvec_v1g176382	97.0	S	0.0
Sanmal_Sma_009024-T1	Gasp_gasp1.m3.12480.m1	97.0	S	0.0
Sanmal_Sma_009024-T1	Adig_XM_015919323.1	97.0	S	0.0
Sanmal_Sma_009024-T1	Exapal_XM_021042175.1	97.0	S	0.0
Sanmal_Sma_009024-T1	Spis_XP_022790036_1	97.0	S	0.0
Sanmal_Sma_009024-T1	Dgig_XM_028535976.1	97.0	S	0.0
Sanmal_Sma_009024-T1	Pocdam_XM_027190439.1	97.0	S	0.0
Sanmal_Sma_009024-T1	Exapal_XM_021037075.2	97.0	S	0.0
Morvir_scaffold71.g51.t1	Nvec_v1g199243	97.0	S	0.0
Morvir_scaffold71.g51.t1	Fspp_ffun1.m4.20432.m1	97.0	S	0.0
Morvir_scaffold71.g51.t1	Adig_XM_015923890.1	97.0	S	0.0
Morvir_scaffold71.g51.t1	Amil_Amillepora34070-RA	97.0	S	0.0
Morvir_scaffold71.g51.t1	Gfas_gfas1.m1.5290.m1	97.0	S	0.0
Morvir_scaffold71.g51.t1	Nvec_v1g176382	97.0	S	0.0
Morvir_scaffold71.g51.t1	Gasp_gasp1.m3.12480.m1	97.0	S	0.0
Morvir_scaffold71.g51.t1	Adig_XM_015919323.1	97.0	S	0.0
Morvir_scaffold71.g51.t1	Exapal_XM_021042175.1	97.0	S	0.0
Morvir_scaffold71.g51.t1	Spis_XP_022790036_1	97.0	S	0.0
Morvir_scaffold71.g51.t1	Dgig_XM_028535976.1	97.0	S	0.0
Morvir_scaffold71.g51.t1	Pocdam_XM_027190439.1	97.0	S	0.0
Morvir_scaffold71.g51.t1	Exapal_XM_021037075.2	97.0	S	0.0
Stedip_EP00041_Stephanoeca_diplocostata_P029207	Acaspe_EP00035_Acanthoeca_spectabilis_P022877	100.0	S	0.0
Stedip_EP00041_Stephanoeca_diplocostata_P029207	Helnan_EP00037_Helgoeca_nana_P004136	100.0	S	0.0
Stedip_EP00041_Stephanoeca_diplocostata_P029207	Diagra_EP00040_Diaphanoeca_grandis_P031070	100.0	S	0.0
Salinf_EP00049_Salpingoeca_infusionum_P008305	Salinf_EP00049_Salpingoeca_infusionum_P008307	100.0	D	1.0
Microa_EP00043_Microstomoeca_roanoka_P005253	Choper_EP00045_Choanoeca_perplexa_P012992	89.0	S	0.0
Microa_EP00043_Microstomoeca_roanoka_P005253	Chofle_EP00730_Choanoeca_flexa_P000627	89.0	S	0.0
Sros_EGD75386	Choper_EP00045_Choanoeca_perplexa_P012992	89.0	S	0.0
Sros_EGD75386	Chofle_EP00730_Choanoeca_flexa_P000627	89.0	S	0.0
Leuniv_Lniv_scaffold25658_01	Gracom_Gcom_scaffold11592_01	94.0	S	0.0
Leuniv_Lniv_scaffold25658_01	Scil_scict008773.1	94.0	S	0.0
Hsap_ENST00000602795	Spur_XM_030977921.1	100.0	S	0.0
Hsap_ENST00000602795	Spur_XM_030975295.1	100.0	S	0.0
Hsap_ENST00000602795	Skow_XM_002739496.1	100.0	S	0.0
Bralan_BLAG07000907_1	Spur_XM_030977921.1	100.0	S	0.0
Bralan_BLAG07000907_1	Spur_XM_030975295.1	100.0	S	0.0
Bralan_BLAG07000907_1	Skow_XM_002739496.1	100.0	S	0.0
Dpul_mRNA925	Acagra_model.g26020.t1	100.0	S	0.0
Dpul_mRNA925	Ctel_gnl_WGS_AMQN_CAPTEDRAFT_mRNA160748	100.0	S	0.0
Dpul_mRNA925	Acagra_model.g26020.t1.1.5d401061	100.0	S	0.0
Dpul_mRNA925	Cgig_XM_034481919.1	100.0	S	0.0
Cscu_XM_023364102.1	Acagra_model.g26020.t1	100.0	S	0.0
Cscu_XM_023364102.1	Ctel_gnl_WGS_AMQN_CAPTEDRAFT_mRNA160748	100.0	S	0.0
Cscu_XM_023364102.1	Acagra_model.g26020.t1.1.5d401061	100.0	S	0.0
Cscu_XM_023364102.1	Cgig_XM_034481919.1	100.0	S	0.0
Tcas_TC003474_001	Acagra_model.g26020.t1	100.0	S	0.0
Tcas_TC003474_001	Ctel_gnl_WGS_AMQN_CAPTEDRAFT_mRNA160748	100.0	S	0.0
Tcas_TC003474_001	Acagra_model.g26020.t1.1.5d401061	100.0	S	0.0
Tcas_TC003474_001	Cgig_XM_034481919.1	100.0	S	0.0
Hvul_g12578_1	Rhoesc_Res_003036-T1	100.0	S	0.0
Hvul_g12578_1	Nemnom_g13465.t1	100.0	S	0.0
Hvul_g12578_1	Aaur_scaffold173.g1.t1	100.0	S	0.0
Hvul_g12578_1	Sanmal_Sma_009024-T1	100.0	S	0.0
Hvul_g12578_1	Morvir_scaffold71.g51.t1	100.0	S	0.0
Chem_TCONS_00027827	Rhoesc_Res_003036-T1	100.0	S	0.0
Chem_TCONS_00027827	Nemnom_g13465.t1	100.0	S	0.0
Chem_TCONS_00027827	Aaur_scaffold173.g1.t1	100.0	S	0.0
Chem_TCONS_00027827	Sanmal_Sma_009024-T1	100.0	S	0.0
Chem_TCONS_00027827	Morvir_scaffold71.g51.t1	100.0	S	0.0
Dgig_XM_028535976.1	Nvec_v1g199243	95.0	S	0.0
Dgig_XM_028535976.1	Fspp_ffun1.m4.20432.m1	95.0	S	0.0
Dgig_XM_028535976.1	Adig_XM_015923890.1	95.0	S	0.0
Dgig_XM_028535976.1	Amil_Amillepora34070-RA	95.0	S	0.0
Dgig_XM_028535976.1	Gfas_gfas1.m1.5290.m1	95.0	S	0.0
Dgig_XM_028535976.1	Nvec_v1g176382	95.0	S	0.0
Dgig_XM_028535976.1	Gasp_gasp1.m3.12480.m1	95.0	S	0.0
Dgig_XM_028535976.1	Adig_XM_015919323.1	95.0	S	0.0
Dgig_XM_028535976.1	Exapal_XM_021042175.1	95.0	S	0.0
Dgig_XM_028535976.1	Spis_XP_022790036_1	95.0	S	0.0
Dgig_XM_028535976.1	Pocdam_XM_027190439.1	95.0	S	0.0
Dgig_XM_028535976.1	Exapal_XM_021037075.2	95.0	S	0.0
Plespi_Pspi_scaffold19736_01	Tetwil_g3590.t2	96.0	S	0.0
Plespi_Pspi_scaffold19736_01	Emue_Em0018g793a.t1	96.0	S	0.0
Plespi_Pspi_scaffold19736_01	Emue_Em0018g796a.t1	96.0	S	0.0
Plespi_Pspi_scaffold19736_01	Xestes_maker-XT_scaffold16220-snap-gene-0.26-mRNA-1	96.0	S	0.0
Plespi_Pspi_scaffold19736_01	Stycar_snap_masked-SC_scaffold48179-processed-gene-0.2-mRNA-1	96.0	S	0.0
Plespi_Pspi_scaffold19736_01	Aque_Aqu2.1.03830_001	96.0	S	0.0
Plespi_Pspi_scaffold19736_01	Aque_Aqu2.1.28600_001	96.0	S	0.0
Plespi_Pspi_scaffold19736_01	Spolac_c96288_g1_i1_m.12866c94764-g1	96.0	S	0.0
Plespi_Pspi_scaffold19736_01	Aque_Aqu2.1.02773_001	96.0	S	0.0
Plespi_Pspi_scaffold19736_01	Stycar_snap_masked-SC_scaffold48179-processed-gene-0.3-mRNA-1	96.0	S	0.0
Plespi_Pspi_scaffold19736_01	Aque_Aqu2.1.14014_001	96.0	S	0.0
Plespi_Pspi_scaffold19736_01	Aque_Aqu2.1.04132_001	96.0	S	0.0
Plespi_Pspi_scaffold19736_01	Spolac_c96288_g1_i2_m.12867c94764-g1	96.0	S	0.0
Plespi_Pspi_scaffold19736_01	Aque_Aqu2.1.28599_001	96.0	S	0.0
Plespi_Pspi_scaffold19736_01	Emue_Em0018g794a.t1	96.0	S	0.0
Plespi_Pspi_scaffold19736_01	Stycar_maker-SC_scaffold4460-snap-gene-0.26-mRNA-1	96.0	S	0.0
Plespi_Pspi_scaffold19736_01	Spolac_c94764_g1_i1_m.10520c94764-g1	96.0	S	0.0
Plespi_Pspi_scaffold19735_01	Tetwil_g3590.t2	96.0	S	0.0
Plespi_Pspi_scaffold19735_01	Emue_Em0018g793a.t1	96.0	S	0.0
Plespi_Pspi_scaffold19735_01	Emue_Em0018g796a.t1	96.0	S	0.0
Plespi_Pspi_scaffold19735_01	Xestes_maker-XT_scaffold16220-snap-gene-0.26-mRNA-1	96.0	S	0.0
Plespi_Pspi_scaffold19735_01	Stycar_snap_masked-SC_scaffold48179-processed-gene-0.2-mRNA-1	96.0	S	0.0
Plespi_Pspi_scaffold19735_01	Aque_Aqu2.1.03830_001	96.0	S	0.0
Plespi_Pspi_scaffold19735_01	Aque_Aqu2.1.28600_001	96.0	S	0.0
Plespi_Pspi_scaffold19735_01	Spolac_c96288_g1_i1_m.12866c94764-g1	96.0	S	0.0
Plespi_Pspi_scaffold19735_01	Aque_Aqu2.1.02773_001	96.0	S	0.0
Plespi_Pspi_scaffold19735_01	Stycar_snap_masked-SC_scaffold48179-processed-gene-0.3-mRNA-1	96.0	S	0.0
Plespi_Pspi_scaffold19735_01	Aque_Aqu2.1.14014_001	96.0	S	0.0
Plespi_Pspi_scaffold19735_01	Aque_Aqu2.1.04132_001	96.0	S	0.0
Plespi_Pspi_scaffold19735_01	Spolac_c96288_g1_i2_m.12867c94764-g1	96.0	S	0.0
Plespi_Pspi_scaffold19735_01	Aque_Aqu2.1.28599_001	96.0	S	0.0
Plespi_Pspi_scaffold19735_01	Emue_Em0018g794a.t1	96.0	S	0.0
Plespi_Pspi_scaffold19735_01	Stycar_maker-SC_scaffold4460-snap-gene-0.26-mRNA-1	96.0	S	0.0
Plespi_Pspi_scaffold19735_01	Spolac_c94764_g1_i1_m.10520c94764-g1	96.0	S	0.0
Vmul_sbMO428230	Pbac_sb2669546	98.0	S	0.0
Vmul_sbMO428230	Bolinf_Binf_sb1216478	98.0	S	0.0
Vmul_sbMO428230	Bolinf_Binf_sb1216480	98.0	S	0.0
Vmul_sbMO428230	Bolinf_Binf_sb1216481	98.0	S	0.0
Vmul_sbMO428230	Bolinf_Binf_sb1216479	98.0	S	0.0
Vmul_sbMO428230	Mertsp_Mesp_sb576789	98.0	S	0.0
Vmul_sbMO428230	Pbac_sb2669542	98.0	S	0.0
Vmul_sbMO428230	Mertsp_Mesp_sb576786	98.0	S	0.0
Vmul_sbMO428230	Beraby_Baby_sb326426	98.0	S	0.0
Vmul_sbMO428230	Drygla_Dgla_sb296842	98.0	S	0.0
Vmul_sbMO428230	Drygla_Dgla_sb296839	98.0	S	0.0
Vmul_sbMO428230	Drygla_Dgla_sb296841	98.0	S	0.0
Vmul_sbMO428230	Mlei_ML0742.g4.i1	98.0	S	0.0
Vmul_sbMO428230	Drygla_Dgla_sb296840	98.0	S	0.0
Vmul_sbMO428230	Mertsp_Mesp_sb576784	98.0	S	0.0
Vmul_sbMO428230	Mertsp_Mesp_sb576785	98.0	S	0.0
Vmul_sbMO428230	Pbac_sb2669544	98.0	S	0.0
Vmul_sbMO428230	Lampan_Lpan_1881_01	98.0	S	0.0
Vmul_sbMO428230	Mertsp_Mesp_sb576787	98.0	S	0.0
Vmul_sbMO428230	Horcal_Hcv1.av93.c7.g243.i1	98.0	S	0.0
Vmul_sbMO428230	Bolinf_Binf_sb1225476	98.0	S	0.0
Vmul_sbMO428230	Mertsp_Mesp_sb576788	98.0	S	0.0
Coemet_Cmet_scaffold21533_01	Pbac_sb2669546	98.0	S	0.0
Coemet_Cmet_scaffold21533_01	Bolinf_Binf_sb1216478	98.0	S	0.0
Coemet_Cmet_scaffold21533_01	Bolinf_Binf_sb1216480	98.0	S	0.0
Coemet_Cmet_scaffold21533_01	Bolinf_Binf_sb1216481	98.0	S	0.0
Coemet_Cmet_scaffold21533_01	Bolinf_Binf_sb1216479	98.0	S	0.0
Coemet_Cmet_scaffold21533_01	Mertsp_Mesp_sb576789	98.0	S	0.0
Coemet_Cmet_scaffold21533_01	Pbac_sb2669542	98.0	S	0.0
Coemet_Cmet_scaffold21533_01	Mertsp_Mesp_sb576786	98.0	S	0.0
Coemet_Cmet_scaffold21533_01	Beraby_Baby_sb326426	98.0	S	0.0
Coemet_Cmet_scaffold21533_01	Drygla_Dgla_sb296842	98.0	S	0.0
Coemet_Cmet_scaffold21533_01	Drygla_Dgla_sb296839	98.0	S	0.0
Coemet_Cmet_scaffold21533_01	Drygla_Dgla_sb296841	98.0	S	0.0
Coemet_Cmet_scaffold21533_01	Mlei_ML0742.g4.i1	98.0	S	0.0
Coemet_Cmet_scaffold21533_01	Drygla_Dgla_sb296840	98.0	S	0.0
Coemet_Cmet_scaffold21533_01	Mertsp_Mesp_sb576784	98.0	S	0.0
Coemet_Cmet_scaffold21533_01	Mertsp_Mesp_sb576785	98.0	S	0.0
Coemet_Cmet_scaffold21533_01	Pbac_sb2669544	98.0	S	0.0
Coemet_Cmet_scaffold21533_01	Lampan_Lpan_1881_01	98.0	S	0.0
Coemet_Cmet_scaffold21533_01	Mertsp_Mesp_sb576787	98.0	S	0.0
Coemet_Cmet_scaffold21533_01	Horcal_Hcv1.av93.c7.g243.i1	98.0	S	0.0
Coemet_Cmet_scaffold21533_01	Bolinf_Binf_sb1225476	98.0	S	0.0
Coemet_Cmet_scaffold21533_01	Mertsp_Mesp_sb576788	98.0	S	0.0
Diagra_EP00040_Diaphanoeca_grandis_P031070	Acaspe_EP00035_Acanthoeca_spectabilis_P022877	76.0	S	0.0
Diagra_EP00040_Diaphanoeca_grandis_P031070	Helnan_EP00037_Helgoeca_nana_P004136	76.0	S	0.0
Microa_EP00043_Microstomoeca_roanoka_P005253	Sros_EGD75386	100.0	S	0.0
Chofle_EP00730_Choanoeca_flexa_P000627	Choper_EP00045_Choanoeca_perplexa_P012992	100.0	S	0.0
Gracom_Gcom_scaffold11592_01	Scil_scict008773.1	94.0	S	0.0
Bralan_BLAG07000907_1	Hsap_ENST00000602795	100.0	S	0.0
Skow_XM_002739496.1	Spur_XM_030977921.1	100.0	S	0.0
Skow_XM_002739496.1	Spur_XM_030975295.1	100.0	S	0.0
Cscu_XM_023364102.1	Dpul_mRNA925	100.0	S	0.0
Cscu_XM_023364102.1	Tcas_TC003474_001	100.0	S	0.0
Ctel_gnl_WGS_AMQN_CAPTEDRAFT_mRNA160748	Acagra_model.g26020.t1	100.0	S	0.0
Ctel_gnl_WGS_AMQN_CAPTEDRAFT_mRNA160748	Acagra_model.g26020.t1.1.5d401061	100.0	S	0.0
Ctel_gnl_WGS_AMQN_CAPTEDRAFT_mRNA160748	Cgig_XM_034481919.1	100.0	S	0.0
Chem_TCONS_00027827	Hvul_g12578_1	100.0	S	0.0
Morvir_scaffold71.g51.t1	Sanmal_Sma_009024-T1	95.0	S	0.0
Morvir_scaffold71.g51.t1	Nemnom_g13465.t1	95.0	S	0.0
Morvir_scaffold71.g51.t1	Rhoesc_Res_003036-T1	95.0	S	0.0
Morvir_scaffold71.g51.t1	Aaur_scaffold173.g1.t1	95.0	S	0.0
Exapal_XM_021037075.2	Fspp_ffun1.m4.20432.m1	100.0	S	0.0
Exapal_XM_021037075.2	Adig_XM_015923890.1	100.0	S	0.0
Exapal_XM_021037075.2	Amil_Amillepora34070-RA	100.0	S	0.0
Exapal_XM_021037075.2	Gfas_gfas1.m1.5290.m1	100.0	S	0.0
Exapal_XM_021037075.2	Gasp_gasp1.m3.12480.m1	100.0	S	0.0
Exapal_XM_021037075.2	Adig_XM_015919323.1	100.0	S	0.0
Exapal_XM_021037075.2	Spis_XP_022790036_1	100.0	S	0.0
Exapal_XM_021037075.2	Pocdam_XM_027190439.1	100.0	S	0.0
Nvec_v1g199243	Fspp_ffun1.m4.20432.m1	100.0	S	0.0
Nvec_v1g199243	Adig_XM_015923890.1	100.0	S	0.0
Nvec_v1g199243	Amil_Amillepora34070-RA	100.0	S	0.0
Nvec_v1g199243	Gfas_gfas1.m1.5290.m1	100.0	S	0.0
Nvec_v1g199243	Gasp_gasp1.m3.12480.m1	100.0	S	0.0
Nvec_v1g199243	Adig_XM_015919323.1	100.0	S	0.0
Nvec_v1g199243	Spis_XP_022790036_1	100.0	S	0.0
Nvec_v1g199243	Pocdam_XM_027190439.1	100.0	S	0.0
Nvec_v1g176382	Fspp_ffun1.m4.20432.m1	100.0	S	0.0
Nvec_v1g176382	Adig_XM_015923890.1	100.0	S	0.0
Nvec_v1g176382	Amil_Amillepora34070-RA	100.0	S	0.0
Nvec_v1g176382	Gfas_gfas1.m1.5290.m1	100.0	S	0.0
Nvec_v1g176382	Gasp_gasp1.m3.12480.m1	100.0	S	0.0
Nvec_v1g176382	Adig_XM_015919323.1	100.0	S	0.0
Nvec_v1g176382	Spis_XP_022790036_1	100.0	S	0.0
Nvec_v1g176382	Pocdam_XM_027190439.1	100.0	S	0.0
Exapal_XM_021042175.1	Fspp_ffun1.m4.20432.m1	100.0	S	0.0
Exapal_XM_021042175.1	Adig_XM_015923890.1	100.0	S	0.0
Exapal_XM_021042175.1	Amil_Amillepora34070-RA	100.0	S	0.0
Exapal_XM_021042175.1	Gfas_gfas1.m1.5290.m1	100.0	S	0.0
Exapal_XM_021042175.1	Gasp_gasp1.m3.12480.m1	100.0	S	0.0
Exapal_XM_021042175.1	Adig_XM_015919323.1	100.0	S	0.0
Exapal_XM_021042175.1	Spis_XP_022790036_1	100.0	S	0.0
Exapal_XM_021042175.1	Pocdam_XM_027190439.1	100.0	S	0.0
Plespi_Pspi_scaffold19735_01	Plespi_Pspi_scaffold19736_01	100.0	D	1.0
Xestes_maker-XT_scaffold16220-snap-gene-0.26-mRNA-1	Tetwil_g3590.t2	93.0	S	0.0
Xestes_maker-XT_scaffold16220-snap-gene-0.26-mRNA-1	Emue_Em0018g793a.t1	93.0	S	0.0
Xestes_maker-XT_scaffold16220-snap-gene-0.26-mRNA-1	Emue_Em0018g796a.t1	93.0	S	0.0
Xestes_maker-XT_scaffold16220-snap-gene-0.26-mRNA-1	Stycar_snap_masked-SC_scaffold48179-processed-gene-0.2-mRNA-1	93.0	S	0.0
Xestes_maker-XT_scaffold16220-snap-gene-0.26-mRNA-1	Spolac_c96288_g1_i1_m.12866c94764-g1	93.0	S	0.0
Xestes_maker-XT_scaffold16220-snap-gene-0.26-mRNA-1	Stycar_snap_masked-SC_scaffold48179-processed-gene-0.3-mRNA-1	93.0	S	0.0
Xestes_maker-XT_scaffold16220-snap-gene-0.26-mRNA-1	Spolac_c96288_g1_i2_m.12867c94764-g1	93.0	S	0.0
Xestes_maker-XT_scaffold16220-snap-gene-0.26-mRNA-1	Emue_Em0018g794a.t1	93.0	S	0.0
Xestes_maker-XT_scaffold16220-snap-gene-0.26-mRNA-1	Stycar_maker-SC_scaffold4460-snap-gene-0.26-mRNA-1	93.0	S	0.0
Xestes_maker-XT_scaffold16220-snap-gene-0.26-mRNA-1	Spolac_c94764_g1_i1_m.10520c94764-g1	93.0	S	0.0
Aque_Aqu2.1.03830_001	Tetwil_g3590.t2	93.0	S	0.0
Aque_Aqu2.1.03830_001	Emue_Em0018g793a.t1	93.0	S	0.0
Aque_Aqu2.1.03830_001	Emue_Em0018g796a.t1	93.0	S	0.0
Aque_Aqu2.1.03830_001	Stycar_snap_masked-SC_scaffold48179-processed-gene-0.2-mRNA-1	93.0	S	0.0
Aque_Aqu2.1.03830_001	Spolac_c96288_g1_i1_m.12866c94764-g1	93.0	S	0.0
Aque_Aqu2.1.03830_001	Stycar_snap_masked-SC_scaffold48179-processed-gene-0.3-mRNA-1	93.0	S	0.0
Aque_Aqu2.1.03830_001	Spolac_c96288_g1_i2_m.12867c94764-g1	93.0	S	0.0
Aque_Aqu2.1.03830_001	Emue_Em0018g794a.t1	93.0	S	0.0
Aque_Aqu2.1.03830_001	Stycar_maker-SC_scaffold4460-snap-gene-0.26-mRNA-1	93.0	S	0.0
Aque_Aqu2.1.03830_001	Spolac_c94764_g1_i1_m.10520c94764-g1	93.0	S	0.0
Aque_Aqu2.1.28600_001	Tetwil_g3590.t2	93.0	S	0.0
Aque_Aqu2.1.28600_001	Emue_Em0018g793a.t1	93.0	S	0.0
Aque_Aqu2.1.28600_001	Emue_Em0018g796a.t1	93.0	S	0.0
Aque_Aqu2.1.28600_001	Stycar_snap_masked-SC_scaffold48179-processed-gene-0.2-mRNA-1	93.0	S	0.0
Aque_Aqu2.1.28600_001	Spolac_c96288_g1_i1_m.12866c94764-g1	93.0	S	0.0
Aque_Aqu2.1.28600_001	Stycar_snap_masked-SC_scaffold48179-processed-gene-0.3-mRNA-1	93.0	S	0.0
Aque_Aqu2.1.28600_001	Spolac_c96288_g1_i2_m.12867c94764-g1	93.0	S	0.0
Aque_Aqu2.1.28600_001	Emue_Em0018g794a.t1	93.0	S	0.0
Aque_Aqu2.1.28600_001	Stycar_maker-SC_scaffold4460-snap-gene-0.26-mRNA-1	93.0	S	0.0
Aque_Aqu2.1.28600_001	Spolac_c94764_g1_i1_m.10520c94764-g1	93.0	S	0.0
Aque_Aqu2.1.02773_001	Tetwil_g3590.t2	93.0	S	0.0
Aque_Aqu2.1.02773_001	Emue_Em0018g793a.t1	93.0	S	0.0
Aque_Aqu2.1.02773_001	Emue_Em0018g796a.t1	93.0	S	0.0
Aque_Aqu2.1.02773_001	Stycar_snap_masked-SC_scaffold48179-processed-gene-0.2-mRNA-1	93.0	S	0.0
Aque_Aqu2.1.02773_001	Spolac_c96288_g1_i1_m.12866c94764-g1	93.0	S	0.0
Aque_Aqu2.1.02773_001	Stycar_snap_masked-SC_scaffold48179-processed-gene-0.3-mRNA-1	93.0	S	0.0
Aque_Aqu2.1.02773_001	Spolac_c96288_g1_i2_m.12867c94764-g1	93.0	S	0.0
Aque_Aqu2.1.02773_001	Emue_Em0018g794a.t1	93.0	S	0.0
Aque_Aqu2.1.02773_001	Stycar_maker-SC_scaffold4460-snap-gene-0.26-mRNA-1	93.0	S	0.0
Aque_Aqu2.1.02773_001	Spolac_c94764_g1_i1_m.10520c94764-g1	93.0	S	0.0
Aque_Aqu2.1.14014_001	Tetwil_g3590.t2	93.0	S	0.0
Aque_Aqu2.1.14014_001	Emue_Em0018g793a.t1	93.0	S	0.0
Aque_Aqu2.1.14014_001	Emue_Em0018g796a.t1	93.0	S	0.0
Aque_Aqu2.1.14014_001	Stycar_snap_masked-SC_scaffold48179-processed-gene-0.2-mRNA-1	93.0	S	0.0
Aque_Aqu2.1.14014_001	Spolac_c96288_g1_i1_m.12866c94764-g1	93.0	S	0.0
Aque_Aqu2.1.14014_001	Stycar_snap_masked-SC_scaffold48179-processed-gene-0.3-mRNA-1	93.0	S	0.0
Aque_Aqu2.1.14014_001	Spolac_c96288_g1_i2_m.12867c94764-g1	93.0	S	0.0
Aque_Aqu2.1.14014_001	Emue_Em0018g794a.t1	93.0	S	0.0
Aque_Aqu2.1.14014_001	Stycar_maker-SC_scaffold4460-snap-gene-0.26-mRNA-1	93.0	S	0.0
Aque_Aqu2.1.14014_001	Spolac_c94764_g1_i1_m.10520c94764-g1	93.0	S	0.0
Aque_Aqu2.1.04132_001	Tetwil_g3590.t2	93.0	S	0.0
Aque_Aqu2.1.04132_001	Emue_Em0018g793a.t1	93.0	S	0.0
Aque_Aqu2.1.04132_001	Emue_Em0018g796a.t1	93.0	S	0.0
Aque_Aqu2.1.04132_001	Stycar_snap_masked-SC_scaffold48179-processed-gene-0.2-mRNA-1	93.0	S	0.0
Aque_Aqu2.1.04132_001	Spolac_c96288_g1_i1_m.12866c94764-g1	93.0	S	0.0
Aque_Aqu2.1.04132_001	Stycar_snap_masked-SC_scaffold48179-processed-gene-0.3-mRNA-1	93.0	S	0.0
Aque_Aqu2.1.04132_001	Spolac_c96288_g1_i2_m.12867c94764-g1	93.0	S	0.0
Aque_Aqu2.1.04132_001	Emue_Em0018g794a.t1	93.0	S	0.0
Aque_Aqu2.1.04132_001	Stycar_maker-SC_scaffold4460-snap-gene-0.26-mRNA-1	93.0	S	0.0
Aque_Aqu2.1.04132_001	Spolac_c94764_g1_i1_m.10520c94764-g1	93.0	S	0.0
Aque_Aqu2.1.28599_001	Tetwil_g3590.t2	93.0	S	0.0
Aque_Aqu2.1.28599_001	Emue_Em0018g793a.t1	93.0	S	0.0
Aque_Aqu2.1.28599_001	Emue_Em0018g796a.t1	93.0	S	0.0
Aque_Aqu2.1.28599_001	Stycar_snap_masked-SC_scaffold48179-processed-gene-0.2-mRNA-1	93.0	S	0.0
Aque_Aqu2.1.28599_001	Spolac_c96288_g1_i1_m.12866c94764-g1	93.0	S	0.0
Aque_Aqu2.1.28599_001	Stycar_snap_masked-SC_scaffold48179-processed-gene-0.3-mRNA-1	93.0	S	0.0
Aque_Aqu2.1.28599_001	Spolac_c96288_g1_i2_m.12867c94764-g1	93.0	S	0.0
Aque_Aqu2.1.28599_001	Emue_Em0018g794a.t1	93.0	S	0.0
Aque_Aqu2.1.28599_001	Stycar_maker-SC_scaffold4460-snap-gene-0.26-mRNA-1	93.0	S	0.0
Aque_Aqu2.1.28599_001	Spolac_c94764_g1_i1_m.10520c94764-g1	93.0	S	0.0
Coemet_Cmet_scaffold21533_01	Vmul_sbMO428230	99.0	S	0.0
Lampan_Lpan_1881_01	Pbac_sb2669546	97.0	S	0.0
Lampan_Lpan_1881_01	Bolinf_Binf_sb1216478	97.0	S	0.0
Lampan_Lpan_1881_01	Bolinf_Binf_sb1216480	97.0	S	0.0
Lampan_Lpan_1881_01	Bolinf_Binf_sb1216481	97.0	S	0.0
Lampan_Lpan_1881_01	Bolinf_Binf_sb1216479	97.0	S	0.0
Lampan_Lpan_1881_01	Mertsp_Mesp_sb576789	97.0	S	0.0
Lampan_Lpan_1881_01	Pbac_sb2669542	97.0	S	0.0
Lampan_Lpan_1881_01	Mertsp_Mesp_sb576786	97.0	S	0.0
Lampan_Lpan_1881_01	Beraby_Baby_sb326426	97.0	S	0.0
Lampan_Lpan_1881_01	Drygla_Dgla_sb296842	97.0	S	0.0
Lampan_Lpan_1881_01	Drygla_Dgla_sb296839	97.0	S	0.0
Lampan_Lpan_1881_01	Drygla_Dgla_sb296841	97.0	S	0.0
Lampan_Lpan_1881_01	Mlei_ML0742.g4.i1	97.0	S	0.0
Lampan_Lpan_1881_01	Drygla_Dgla_sb296840	97.0	S	0.0
Lampan_Lpan_1881_01	Mertsp_Mesp_sb576784	97.0	S	0.0
Lampan_Lpan_1881_01	Mertsp_Mesp_sb576785	97.0	S	0.0
Lampan_Lpan_1881_01	Pbac_sb2669544	97.0	S	0.0
Lampan_Lpan_1881_01	Mertsp_Mesp_sb576787	97.0	S	0.0
Lampan_Lpan_1881_01	Horcal_Hcv1.av93.c7.g243.i1	97.0	S	0.0
Lampan_Lpan_1881_01	Bolinf_Binf_sb1225476	97.0	S	0.0
Lampan_Lpan_1881_01	Mertsp_Mesp_sb576788	97.0	S	0.0
Acaspe_EP00035_Acanthoeca_spectabilis_P022877	Helnan_EP00037_Helgoeca_nana_P004136	100.0	S	0.0
Spur_XM_030977921.1	Spur_XM_030975295.1	100.0	D	1.0
Tcas_TC003474_001	Dpul_mRNA925	100.0	S	0.0
Cgig_XM_034481919.1	Acagra_model.g26020.t1	100.0	S	0.0
Cgig_XM_034481919.1	Acagra_model.g26020.t1.1.5d401061	100.0	S	0.0
Sanmal_Sma_009024-T1	Nemnom_g13465.t1	100.0	S	0.0
Sanmal_Sma_009024-T1	Rhoesc_Res_003036-T1	100.0	S	0.0
Sanmal_Sma_009024-T1	Aaur_scaffold173.g1.t1	100.0	S	0.0
Gasp_gasp1.m3.12480.m1	Fspp_ffun1.m4.20432.m1	100.0	S	0.0
Gasp_gasp1.m3.12480.m1	Adig_XM_015923890.1	100.0	S	0.0
Gasp_gasp1.m3.12480.m1	Amil_Amillepora34070-RA	100.0	S	0.0
Gasp_gasp1.m3.12480.m1	Gfas_gfas1.m1.5290.m1	100.0	S	0.0
Gasp_gasp1.m3.12480.m1	Adig_XM_015919323.1	100.0	S	0.0
Gasp_gasp1.m3.12480.m1	Spis_XP_022790036_1	100.0	S	0.0
Gasp_gasp1.m3.12480.m1	Pocdam_XM_027190439.1	100.0	S	0.0
Xestes_maker-XT_scaffold16220-snap-gene-0.26-mRNA-1	Aque_Aqu2.1.03830_001	100.0	S	0.0
Xestes_maker-XT_scaffold16220-snap-gene-0.26-mRNA-1	Aque_Aqu2.1.28600_001	100.0	S	0.0
Xestes_maker-XT_scaffold16220-snap-gene-0.26-mRNA-1	Aque_Aqu2.1.02773_001	100.0	S	0.0
Xestes_maker-XT_scaffold16220-snap-gene-0.26-mRNA-1	Aque_Aqu2.1.14014_001	100.0	S	0.0
Xestes_maker-XT_scaffold16220-snap-gene-0.26-mRNA-1	Aque_Aqu2.1.04132_001	100.0	S	0.0
Xestes_maker-XT_scaffold16220-snap-gene-0.26-mRNA-1	Aque_Aqu2.1.28599_001	100.0	S	0.0
Stycar_maker-SC_scaffold4460-snap-gene-0.26-mRNA-1	Emue_Em0018g793a.t1	94.0	S	0.0
Stycar_maker-SC_scaffold4460-snap-gene-0.26-mRNA-1	Emue_Em0018g796a.t1	94.0	S	0.0
Stycar_maker-SC_scaffold4460-snap-gene-0.26-mRNA-1	Spolac_c96288_g1_i1_m.12866c94764-g1	94.0	S	0.0
Stycar_maker-SC_scaffold4460-snap-gene-0.26-mRNA-1	Spolac_c96288_g1_i2_m.12867c94764-g1	94.0	S	0.0
Stycar_maker-SC_scaffold4460-snap-gene-0.26-mRNA-1	Emue_Em0018g794a.t1	94.0	S	0.0
Stycar_maker-SC_scaffold4460-snap-gene-0.26-mRNA-1	Spolac_c94764_g1_i1_m.10520c94764-g1	94.0	S	0.0
Tetwil_g3590.t2	Emue_Em0018g793a.t1	94.0	S	0.0
Tetwil_g3590.t2	Emue_Em0018g796a.t1	94.0	S	0.0
Tetwil_g3590.t2	Spolac_c96288_g1_i1_m.12866c94764-g1	94.0	S	0.0
Tetwil_g3590.t2	Spolac_c96288_g1_i2_m.12867c94764-g1	94.0	S	0.0
Tetwil_g3590.t2	Emue_Em0018g794a.t1	94.0	S	0.0
Tetwil_g3590.t2	Spolac_c94764_g1_i1_m.10520c94764-g1	94.0	S	0.0
Stycar_snap_masked-SC_scaffold48179-processed-gene-0.3-mRNA-1	Emue_Em0018g793a.t1	94.0	S	0.0
Stycar_snap_masked-SC_scaffold48179-processed-gene-0.3-mRNA-1	Emue_Em0018g796a.t1	94.0	S	0.0
Stycar_snap_masked-SC_scaffold48179-processed-gene-0.3-mRNA-1	Spolac_c96288_g1_i1_m.12866c94764-g1	94.0	S	0.0
Stycar_snap_masked-SC_scaffold48179-processed-gene-0.3-mRNA-1	Spolac_c96288_g1_i2_m.12867c94764-g1	94.0	S	0.0
Stycar_snap_masked-SC_scaffold48179-processed-gene-0.3-mRNA-1	Emue_Em0018g794a.t1	94.0	S	0.0
Stycar_snap_masked-SC_scaffold48179-processed-gene-0.3-mRNA-1	Spolac_c94764_g1_i1_m.10520c94764-g1	94.0	S	0.0
Stycar_snap_masked-SC_scaffold48179-processed-gene-0.2-mRNA-1	Emue_Em0018g793a.t1	94.0	S	0.0
Stycar_snap_masked-SC_scaffold48179-processed-gene-0.2-mRNA-1	Emue_Em0018g796a.t1	94.0	S	0.0
Stycar_snap_masked-SC_scaffold48179-processed-gene-0.2-mRNA-1	Spolac_c96288_g1_i1_m.12866c94764-g1	94.0	S	0.0
Stycar_snap_masked-SC_scaffold48179-processed-gene-0.2-mRNA-1	Spolac_c96288_g1_i2_m.12867c94764-g1	94.0	S	0.0
Stycar_snap_masked-SC_scaffold48179-processed-gene-0.2-mRNA-1	Emue_Em0018g794a.t1	94.0	S	0.0
Stycar_snap_masked-SC_scaffold48179-processed-gene-0.2-mRNA-1	Spolac_c94764_g1_i1_m.10520c94764-g1	94.0	S	0.0
Acagra_model.g26020.t1	Acagra_model.g26020.t1.1.5d401061	100.0	D	1.0
Aaur_scaffold173.g1.t1	Nemnom_g13465.t1	100.0	S	0.0
Aaur_scaffold173.g1.t1	Rhoesc_Res_003036-T1	100.0	S	0.0
Fspp_ffun1.m4.20432.m1	Adig_XM_015923890.1	89.0	S	0.0
Fspp_ffun1.m4.20432.m1	Amil_Amillepora34070-RA	89.0	S	0.0
Fspp_ffun1.m4.20432.m1	Gfas_gfas1.m1.5290.m1	89.0	S	0.0
Fspp_ffun1.m4.20432.m1	Adig_XM_015919323.1	89.0	S	0.0
Fspp_ffun1.m4.20432.m1	Spis_XP_022790036_1	89.0	S	0.0
Fspp_ffun1.m4.20432.m1	Pocdam_XM_027190439.1	89.0	S	0.0
Aque_Aqu2.1.04132_001	Aque_Aqu2.1.03830_001	100.0	D	1.0
Aque_Aqu2.1.04132_001	Aque_Aqu2.1.28600_001	100.0	D	1.0
Aque_Aqu2.1.04132_001	Aque_Aqu2.1.02773_001	100.0	D	1.0
Aque_Aqu2.1.04132_001	Aque_Aqu2.1.14014_001	100.0	D	1.0
Aque_Aqu2.1.04132_001	Aque_Aqu2.1.28599_001	100.0	D	1.0
Mlei_ML0742.g4.i1	Drygla_Dgla_sb296842	71.0	S	0.0
Mlei_ML0742.g4.i1	Pbac_sb2669546	71.0	S	0.0
Mlei_ML0742.g4.i1	Drygla_Dgla_sb296839	71.0	S	0.0
Mlei_ML0742.g4.i1	Drygla_Dgla_sb296841	71.0	S	0.0
Mlei_ML0742.g4.i1	Pbac_sb2669544	71.0	S	0.0
Mlei_ML0742.g4.i1	Drygla_Dgla_sb296840	71.0	S	0.0
Mlei_ML0742.g4.i1	Pbac_sb2669542	71.0	S	0.0
Mlei_ML0742.g4.i1	Beraby_Baby_sb326426	71.0	S	0.0
Mlei_ML0742.g4.i1	Horcal_Hcv1.av93.c7.g243.i1	71.0	S	0.0
Bolinf_Binf_sb1225476	Drygla_Dgla_sb296842	71.0	S	0.0
Bolinf_Binf_sb1225476	Pbac_sb2669546	71.0	S	0.0
Bolinf_Binf_sb1225476	Drygla_Dgla_sb296839	71.0	S	0.0
Bolinf_Binf_sb1225476	Drygla_Dgla_sb296841	71.0	S	0.0
Bolinf_Binf_sb1225476	Pbac_sb2669544	71.0	S	0.0
Bolinf_Binf_sb1225476	Drygla_Dgla_sb296840	71.0	S	0.0
Bolinf_Binf_sb1225476	Pbac_sb2669542	71.0	S	0.0
Bolinf_Binf_sb1225476	Beraby_Baby_sb326426	71.0	S	0.0
Bolinf_Binf_sb1225476	Horcal_Hcv1.av93.c7.g243.i1	71.0	S	0.0
Nemnom_g13465.t1	Rhoesc_Res_003036-T1	100.0	S	0.0
Exapal_XM_021042175.1	Nvec_v1g176382	98.0	S	0.0
Spis_XP_022790036_1	Adig_XM_015919323.1	90.0	S	0.0
Spis_XP_022790036_1	Adig_XM_015923890.1	90.0	S	0.0
Spis_XP_022790036_1	Amil_Amillepora34070-RA	90.0	S	0.0
Spis_XP_022790036_1	Gfas_gfas1.m1.5290.m1	90.0	S	0.0
Pocdam_XM_027190439.1	Adig_XM_015919323.1	90.0	S	0.0
Pocdam_XM_027190439.1	Adig_XM_015923890.1	90.0	S	0.0
Pocdam_XM_027190439.1	Amil_Amillepora34070-RA	90.0	S	0.0
Pocdam_XM_027190439.1	Gfas_gfas1.m1.5290.m1	90.0	S	0.0
Aque_Aqu2.1.02773_001	Aque_Aqu2.1.28600_001	91.0	D	1.0
Aque_Aqu2.1.02773_001	Aque_Aqu2.1.28599_001	91.0	D	1.0
Aque_Aqu2.1.02773_001	Aque_Aqu2.1.14014_001	91.0	D	1.0
Aque_Aqu2.1.02773_001	Aque_Aqu2.1.03830_001	91.0	D	1.0
Tetwil_g3590.t2	Stycar_snap_masked-SC_scaffold48179-processed-gene-0.3-mRNA-1	34.0	S	0.0
Stycar_maker-SC_scaffold4460-snap-gene-0.26-mRNA-1	Stycar_snap_masked-SC_scaffold48179-processed-gene-0.2-mRNA-1	98.0	D	1.0
Emue_Em0018g794a.t1	Spolac_c94764_g1_i1_m.10520c94764-g1	100.0	S	0.0
Spolac_c96288_g1_i1_m.12866c94764-g1	Emue_Em0018g793a.t1	100.0	S	0.0
Spolac_c96288_g1_i1_m.12866c94764-g1	Emue_Em0018g796a.t1	100.0	S	0.0
Spolac_c96288_g1_i2_m.12867c94764-g1	Emue_Em0018g793a.t1	100.0	S	0.0
Spolac_c96288_g1_i2_m.12867c94764-g1	Emue_Em0018g796a.t1	100.0	S	0.0
Bolinf_Binf_sb1225476	Mlei_ML0742.g4.i1	90.0	S	0.0
Beraby_Baby_sb326426	Drygla_Dgla_sb296842	69.0	S	0.0
Beraby_Baby_sb326426	Pbac_sb2669546	69.0	S	0.0
Beraby_Baby_sb326426	Drygla_Dgla_sb296839	69.0	S	0.0
Beraby_Baby_sb326426	Drygla_Dgla_sb296841	69.0	S	0.0
Beraby_Baby_sb326426	Pbac_sb2669544	69.0	S	0.0
Beraby_Baby_sb326426	Drygla_Dgla_sb296840	69.0	S	0.0
Beraby_Baby_sb326426	Pbac_sb2669542	69.0	S	0.0
Beraby_Baby_sb326426	Horcal_Hcv1.av93.c7.g243.i1	69.0	S	0.0
Spis_XP_022790036_1	Pocdam_XM_027190439.1	100.0	S	0.0
Gfas_gfas1.m1.5290.m1	Adig_XM_015919323.1	84.0	S	0.0
Gfas_gfas1.m1.5290.m1	Adig_XM_015923890.1	84.0	S	0.0
Gfas_gfas1.m1.5290.m1	Amil_Amillepora34070-RA	84.0	S	0.0
Aque_Aqu2.1.28600_001	Aque_Aqu2.1.28599_001	35.0	D	1.0
Aque_Aqu2.1.28600_001	Aque_Aqu2.1.14014_001	35.0	D	1.0
Aque_Aqu2.1.28600_001	Aque_Aqu2.1.03830_001	35.0	D	1.0
Spolac_c96288_g1_i1_m.12866c94764-g1	Spolac_c96288_g1_i2_m.12867c94764-g1	99.0	D	1.0
Emue_Em0018g796a.t1	Emue_Em0018g793a.t1	100.0	D	1.0
Bolinf_Binf_sb1216479	Mertsp_Mesp_sb576786	47.0	S	0.0
Bolinf_Binf_sb1216479	Mertsp_Mesp_sb576785	47.0	S	0.0
Bolinf_Binf_sb1216479	Mertsp_Mesp_sb576784	47.0	S	0.0
Bolinf_Binf_sb1216480	Mertsp_Mesp_sb576787	44.0	S	0.0
Bolinf_Binf_sb1216480	Mertsp_Mesp_sb576789	44.0	S	0.0
Bolinf_Binf_sb1216480	Mertsp_Mesp_sb576788	44.0	S	0.0
Drygla_Dgla_sb296842	Pbac_sb2669544	74.0	S	0.0
Drygla_Dgla_sb296842	Pbac_sb2669542	74.0	S	0.0
Drygla_Dgla_sb296842	Pbac_sb2669546	74.0	S	0.0
Drygla_Dgla_sb296842	Horcal_Hcv1.av93.c7.g243.i1	74.0	S	0.0
Drygla_Dgla_sb296840	Pbac_sb2669544	74.0	S	0.0
Drygla_Dgla_sb296840	Pbac_sb2669542	74.0	S	0.0
Drygla_Dgla_sb296840	Pbac_sb2669546	74.0	S	0.0
Drygla_Dgla_sb296840	Horcal_Hcv1.av93.c7.g243.i1	74.0	S	0.0
Drygla_Dgla_sb296839	Pbac_sb2669544	74.0	S	0.0
Drygla_Dgla_sb296839	Pbac_sb2669542	74.0	S	0.0
Drygla_Dgla_sb296839	Pbac_sb2669546	74.0	S	0.0
Drygla_Dgla_sb296839	Horcal_Hcv1.av93.c7.g243.i1	74.0	S	0.0
Drygla_Dgla_sb296841	Pbac_sb2669544	74.0	S	0.0
Drygla_Dgla_sb296841	Pbac_sb2669542	74.0	S	0.0
Drygla_Dgla_sb296841	Pbac_sb2669546	74.0	S	0.0
Drygla_Dgla_sb296841	Horcal_Hcv1.av93.c7.g243.i1	74.0	S	0.0
Aque_Aqu2.1.03830_001	Aque_Aqu2.1.28599_001	40.0	D	1.0
Aque_Aqu2.1.03830_001	Aque_Aqu2.1.14014_001	40.0	D	1.0
Mertsp_Mesp_sb576785	Mertsp_Mesp_sb576786	86.0	D	1.0
Mertsp_Mesp_sb576785	Mertsp_Mesp_sb576784	86.0	D	1.0
Mertsp_Mesp_sb576788	Mertsp_Mesp_sb576787	97.0	D	1.0
Mertsp_Mesp_sb576788	Mertsp_Mesp_sb576789	97.0	D	1.0
Drygla_Dgla_sb296839	Drygla_Dgla_sb296842	100.0	D	1.0
Drygla_Dgla_sb296839	Drygla_Dgla_sb296840	100.0	D	1.0
Drygla_Dgla_sb296841	Drygla_Dgla_sb296842	100.0	D	1.0
Drygla_Dgla_sb296841	Drygla_Dgla_sb296840	100.0	D	1.0
Amil_Amillepora34070-RA	Adig_XM_015923890.1	77.0	S	0.0
Aque_Aqu2.1.28599_001	Aque_Aqu2.1.14014_001	39.0	D	1.0
Mertsp_Mesp_sb576784	Mertsp_Mesp_sb576786	1.0	D	1.0
Mertsp_Mesp_sb576787	Mertsp_Mesp_sb576789	1.0	D	1.0
Drygla_Dgla_sb296839	Drygla_Dgla_sb296841	88.0	D	1.0
Drygla_Dgla_sb296840	Drygla_Dgla_sb296842	99.0	D	1.0
Horcal_Hcv1.av93.c7.g243.i1	Pbac_sb2669544	91.0	S	0.0
